EventTime,EventType,Event
,AGENT_TYPE,MomentumAgent
,STARTING_CASH,10000000
2019-06-28 09:30:00,HOLDINGS_UPDATED,{'CASH': 10000000}
2019-06-28 09:31:00,BID_DEPTH,"[(99982, 146)]"
2019-06-28 09:31:00,ASK_DEPTH,"[(100000, 212)]"
2019-06-28 09:31:00,IMBALANCE,"[146, 212]"
2019-06-28 09:32:00,BID_DEPTH,"[(99981, 630)]"
2019-06-28 09:32:00,ASK_DEPTH,"[(100008, 630)]"
2019-06-28 09:32:00,IMBALANCE,"[630, 630]"
2019-06-28 09:33:00,BID_DEPTH,"[(99981, 382)]"
2019-06-28 09:33:00,ASK_DEPTH,"[(100030, 182)]"
2019-06-28 09:33:00,IMBALANCE,"[382, 182]"
2019-06-28 09:34:00,BID_DEPTH,"[(100030, 182)]"
2019-06-28 09:34:00,ASK_DEPTH,"[(100058, 182)]"
2019-06-28 09:34:00,IMBALANCE,"[182, 182]"
2019-06-28 09:35:00,BID_DEPTH,"[(100030, 430)]"
2019-06-28 09:35:00,ASK_DEPTH,"[(100032, 430)]"
2019-06-28 09:35:00,IMBALANCE,"[430, 430]"
2019-06-28 09:36:00,BID_DEPTH,"[(99981, 265)]"
2019-06-28 09:36:00,ASK_DEPTH,"[(100032, 265)]"
2019-06-28 09:36:00,IMBALANCE,"[265, 265]"
2019-06-28 09:37:00,BID_DEPTH,"[(99944, 530)]"
2019-06-28 09:37:00,ASK_DEPTH,"[(100032, 430)]"
2019-06-28 09:37:00,IMBALANCE,"[530, 430]"
2019-06-28 09:38:00,BID_DEPTH,"[(99924, 182)]"
2019-06-28 09:38:00,ASK_DEPTH,"[(99954, 182)]"
2019-06-28 09:38:00,IMBALANCE,"[182, 182]"
2019-06-28 09:39:00,BID_DEPTH,"[(99885, 265)]"
2019-06-28 09:39:00,ASK_DEPTH,"[(99954, 265)]"
2019-06-28 09:39:00,IMBALANCE,"[265, 265]"
2019-06-28 09:40:00,BID_DEPTH,"[(99885, 265)]"
2019-06-28 09:40:00,ASK_DEPTH,"[(99954, 265)]"
2019-06-28 09:40:00,IMBALANCE,"[265, 265]"
2019-06-28 09:41:00,BID_DEPTH,"[(99871, 212)]"
2019-06-28 09:41:00,ASK_DEPTH,"[(99954, 212)]"
2019-06-28 09:41:00,IMBALANCE,"[212, 212]"
2019-06-28 09:42:00,BID_DEPTH,"[(99863, 166)]"
2019-06-28 09:42:00,ASK_DEPTH,"[(99954, 166)]"
2019-06-28 09:42:00,IMBALANCE,"[166, 166]"
2019-06-28 09:43:00,BID_DEPTH,"[(99863, 182)]"
2019-06-28 09:43:00,ASK_DEPTH,"[(99954, 182)]"
2019-06-28 09:43:00,IMBALANCE,"[182, 182]"
2019-06-28 09:44:00,BID_DEPTH,"[(99863, 265)]"
2019-06-28 09:44:00,ASK_DEPTH,"[(99954, 265)]"
2019-06-28 09:44:00,IMBALANCE,"[265, 265]"
2019-06-28 09:45:00,BID_DEPTH,"[(99863, 265)]"
2019-06-28 09:45:00,ASK_DEPTH,"[(99885, 265)]"
2019-06-28 09:45:00,IMBALANCE,"[265, 265]"
2019-06-28 09:46:00,BID_DEPTH,"[(99863, 212)]"
2019-06-28 09:46:00,ASK_DEPTH,"[(99885, 212)]"
2019-06-28 09:46:00,IMBALANCE,"[212, 212]"
2019-06-28 09:47:00,BID_DEPTH,"[(99863, 166)]"
2019-06-28 09:47:00,ASK_DEPTH,"[(99885, 166)]"
2019-06-28 09:47:00,IMBALANCE,"[166, 166]"
2019-06-28 09:48:00,BID_DEPTH,"[(99863, 430)]"
2019-06-28 09:48:00,ASK_DEPTH,"[(99954, 430)]"
2019-06-28 09:48:00,IMBALANCE,"[430, 430]"
2019-06-28 09:49:00,BID_DEPTH,"[(99856, 166)]"
2019-06-28 09:49:00,ASK_DEPTH,"[(100058, 166)]"
2019-06-28 09:49:00,IMBALANCE,"[166, 166]"
2019-06-28 09:50:00,BID_DEPTH,"[(100022, 530)]"
2019-06-28 09:50:00,ASK_DEPTH,"[(100104, 430)]"
2019-06-28 09:50:00,IMBALANCE,"[530, 430]"
2019-06-28 09:51:00,BID_DEPTH,"[(100022, 312)]"
2019-06-28 09:51:00,ASK_DEPTH,"[(100116, 212)]"
2019-06-28 09:51:00,IMBALANCE,"[312, 212]"
2019-06-28 09:52:00,BID_DEPTH,"[(100104, 430)]"
2019-06-28 09:52:00,ASK_DEPTH,"[(100137, 430)]"
2019-06-28 09:52:00,IMBALANCE,"[430, 430]"
2019-06-28 09:53:00,BID_DEPTH,"[(100116, 166)]"
2019-06-28 09:53:00,ASK_DEPTH,"[(100148, 166)]"
2019-06-28 09:53:00,IMBALANCE,"[166, 166]"
2019-06-28 09:54:00,BID_DEPTH,"[(100116, 312)]"
2019-06-28 09:54:00,ASK_DEPTH,"[(100148, 212)]"
2019-06-28 09:54:00,IMBALANCE,"[312, 212]"
2019-06-28 09:55:00,BID_DEPTH,"[(100116, 282)]"
2019-06-28 09:55:00,ASK_DEPTH,"[(100148, 182)]"
2019-06-28 09:55:00,IMBALANCE,"[282, 182]"
2019-06-28 09:56:00,BID_DEPTH,"[(100116, 182)]"
2019-06-28 09:56:00,ASK_DEPTH,"[(100159, 182)]"
2019-06-28 09:56:00,IMBALANCE,"[182, 182]"
2019-06-28 09:57:00,BID_DEPTH,"[(100341, 212)]"
2019-06-28 09:57:00,ASK_DEPTH,"[(100387, 212)]"
2019-06-28 09:57:00,IMBALANCE,"[212, 212]"
2019-06-28 09:58:00,BID_DEPTH,"[(100341, 182)]"
2019-06-28 09:58:00,ASK_DEPTH,"[(100409, 182)]"
2019-06-28 09:58:00,IMBALANCE,"[182, 182]"
2019-06-28 09:59:00,BID_DEPTH,"[(100390, 166)]"
2019-06-28 09:59:00,ASK_DEPTH,"[(100409, 166)]"
2019-06-28 09:59:00,IMBALANCE,"[166, 166]"
2019-06-28 10:00:00,BID_DEPTH,"[(100117, 465)]"
2019-06-28 10:00:00,ASK_DEPTH,"[(100345, 265)]"
2019-06-28 10:00:00,IMBALANCE,"[465, 265]"
2019-06-28 10:01:00,BID_DEPTH,"[(100117, 266)]"
2019-06-28 10:01:00,ASK_DEPTH,"[(100266, 84)]"
2019-06-28 10:01:00,IMBALANCE,"[266, 84]"
2019-06-28 10:02:00,BID_DEPTH,"[(100117, 266)]"
2019-06-28 10:02:00,ASK_DEPTH,"[(100345, 166)]"
2019-06-28 10:02:00,IMBALANCE,"[266, 166]"
2019-06-28 10:03:00,BID_DEPTH,"[(100281, 212)]"
2019-06-28 10:03:00,ASK_DEPTH,"[(100575, 212)]"
2019-06-28 10:03:00,IMBALANCE,"[212, 212]"
2019-06-28 10:04:00,BID_DEPTH,"[(100379, 166)]"
2019-06-28 10:04:00,ASK_DEPTH,"[(100432, 166)]"
2019-06-28 10:04:00,IMBALANCE,"[166, 166]"
2019-06-28 10:05:00,BID_DEPTH,"[(100281, 182)]"
2019-06-28 10:05:00,ASK_DEPTH,"[(100379, 282)]"
2019-06-28 10:05:00,IMBALANCE,"[182, 282]"
2019-06-28 10:06:00,BID_DEPTH,"[(100344, 100)]"
2019-06-28 10:06:00,ASK_DEPTH,"[(100379, 182)]"
2019-06-28 10:06:00,IMBALANCE,"[100, 182]"
2019-06-28 10:07:00,BID_DEPTH,"[(100344, 230)]"
2019-06-28 10:07:00,ASK_DEPTH,"[(100432, 212)]"
2019-06-28 10:07:00,IMBALANCE,"[230, 212]"
2019-06-28 10:08:00,BID_DEPTH,"[(100344, 448)]"
2019-06-28 10:08:00,ASK_DEPTH,"[(100432, 430)]"
2019-06-28 10:08:00,IMBALANCE,"[448, 430]"
2019-06-28 10:09:00,BID_DEPTH,"[(100344, 84)]"
2019-06-28 10:09:00,ASK_DEPTH,"[(100378, 166)]"
2019-06-28 10:09:00,IMBALANCE,"[84, 166]"
2019-06-28 10:10:00,BID_DEPTH,"[(100324, 265)]"
2019-06-28 10:10:00,ASK_DEPTH,"[(100378, 265)]"
2019-06-28 10:10:00,IMBALANCE,"[265, 265]"
2019-06-28 10:11:00,BID_DEPTH,"[(100324, 182)]"
2019-06-28 10:11:00,ASK_DEPTH,"[(100339, 182)]"
2019-06-28 10:11:00,IMBALANCE,"[182, 182]"
2019-06-28 10:12:00,BID_DEPTH,"[(100281, 430)]"
2019-06-28 10:12:00,ASK_DEPTH,"[(100339, 430)]"
2019-06-28 10:12:00,IMBALANCE,"[430, 430]"
2019-06-28 10:13:00,BID_DEPTH,"[(100267, 182)]"
2019-06-28 10:13:00,ASK_DEPTH,"[(100281, 182)]"
2019-06-28 10:13:00,IMBALANCE,"[182, 182]"
2019-06-28 10:14:00,BID_DEPTH,"[(100267, 182)]"
2019-06-28 10:14:00,ASK_DEPTH,"[(100281, 282)]"
2019-06-28 10:14:00,IMBALANCE,"[182, 282]"
2019-06-28 10:15:00,BID_DEPTH,"[(100240, 430)]"
2019-06-28 10:15:00,ASK_DEPTH,"[(100281, 630)]"
2019-06-28 10:15:00,IMBALANCE,"[430, 630]"
2019-06-28 10:16:00,BID_DEPTH,"[(100117, 530)]"
2019-06-28 10:16:00,ASK_DEPTH,"[(100143, 364)]"
2019-06-28 10:16:00,IMBALANCE,"[530, 364]"
2019-06-28 10:17:00,BID_DEPTH,"[(100033, 212)]"
2019-06-28 10:17:00,ASK_DEPTH,"[(100117, 212)]"
2019-06-28 10:17:00,IMBALANCE,"[212, 212]"
2019-06-28 10:18:00,BID_DEPTH,"[(99852, 265)]"
2019-06-28 10:18:00,ASK_DEPTH,"[(100033, 183)]"
2019-06-28 10:18:00,IMBALANCE,"[265, 183]"
2019-06-28 10:19:00,BID_DEPTH,"[(99658, 265)]"
2019-06-28 10:19:00,ASK_DEPTH,"[(99852, 265)]"
2019-06-28 10:19:00,IMBALANCE,"[265, 265]"
2019-06-28 10:20:00,BID_DEPTH,"[(99752, 166)]"
2019-06-28 10:20:00,ASK_DEPTH,"[(100033, 84)]"
2019-06-28 10:20:00,IMBALANCE,"[166, 84]"
2019-06-28 10:21:00,BID_DEPTH,"[(99751, 430)]"
2019-06-28 10:21:00,ASK_DEPTH,"[(100033, 300)]"
2019-06-28 10:21:00,IMBALANCE,"[430, 300]"
2019-06-28 10:21:00,HOLDINGS_UPDATED,"{'CASH': 9699901, 'JPM': 3}"
2019-06-28 10:22:00,BID_DEPTH,"[(99946, 212)]"
2019-06-28 10:22:00,ASK_DEPTH,"[(100117, 264)]"
2019-06-28 10:22:00,IMBALANCE,"[212, 264]"
2019-06-28 10:22:00,HOLDINGS_UPDATED,"{'CASH': 9399550, 'JPM': 6}"
2019-06-28 10:23:00,BID_DEPTH,"[(100085, 430)]"
2019-06-28 10:23:00,ASK_DEPTH,"[(100275, 382)]"
2019-06-28 10:23:00,IMBALANCE,"[430, 382]"
2019-06-28 10:23:00,HOLDINGS_UPDATED,"{'CASH': 9098725, 'JPM': 9}"
2019-06-28 10:24:00,BID_DEPTH,"[(100275, 182)]"
2019-06-28 10:24:00,ASK_DEPTH,"[(100281, 234)]"
2019-06-28 10:24:00,IMBALANCE,"[182, 234]"
2019-06-28 10:24:00,HOLDINGS_UPDATED,"{'CASH': 8797882, 'JPM': 12}"
2019-06-28 10:25:00,BID_DEPTH,"[(100275, 182)]"
2019-06-28 10:25:00,ASK_DEPTH,"[(100281, 124)]"
2019-06-28 10:25:00,IMBALANCE,"[182, 124]"
2019-06-28 10:25:00,HOLDINGS_UPDATED,"{'CASH': 8497039, 'JPM': 15}"
2019-06-28 10:26:00,BID_DEPTH,"[(100275, 182)]"
2019-06-28 10:26:00,ASK_DEPTH,"[(100310, 134)]"
2019-06-28 10:26:00,IMBALANCE,"[182, 134]"
2019-06-28 10:26:00,HOLDINGS_UPDATED,"{'CASH': 8196109, 'JPM': 18}"
2019-06-28 10:27:00,BID_DEPTH,"[(100097, 182)]"
2019-06-28 10:27:00,ASK_DEPTH,"[(100339, 134)]"
2019-06-28 10:27:00,IMBALANCE,"[182, 134]"
2019-06-28 10:27:00,HOLDINGS_UPDATED,"{'CASH': 7895092, 'JPM': 21}"
2019-06-28 10:28:00,BID_DEPTH,"[(100339, 182)]"
2019-06-28 10:28:00,ASK_DEPTH,"[(100432, 134)]"
2019-06-28 10:28:00,IMBALANCE,"[182, 134]"
2019-06-28 10:28:00,HOLDINGS_UPDATED,"{'CASH': 7593796, 'JPM': 24}"
2019-06-28 10:29:00,BID_DEPTH,"[(100339, 265)]"
2019-06-28 10:29:00,ASK_DEPTH,"[(100508, 217)]"
2019-06-28 10:29:00,IMBALANCE,"[265, 217]"
2019-06-28 10:29:00,HOLDINGS_UPDATED,"{'CASH': 7292272, 'JPM': 27}"
2019-06-28 10:30:00,BID_DEPTH,"[(100339, 265)]"
2019-06-28 10:30:00,ASK_DEPTH,"[(100563, 217)]"
2019-06-28 10:30:00,IMBALANCE,"[265, 217]"
2019-06-28 10:30:00,HOLDINGS_UPDATED,"{'CASH': 6990583, 'JPM': 30}"
2019-06-28 10:31:00,BID_DEPTH,"[(100339, 212)]"
2019-06-28 10:31:00,ASK_DEPTH,"[(100405, 164)]"
2019-06-28 10:31:00,IMBALANCE,"[212, 164]"
2019-06-28 10:31:00,HOLDINGS_UPDATED,"{'CASH': 6689368, 'JPM': 33}"
2019-06-28 10:32:00,BID_DEPTH,"[(100339, 265)]"
2019-06-28 10:32:00,ASK_DEPTH,"[(100394, 217)]"
2019-06-28 10:32:00,IMBALANCE,"[265, 217]"
2019-06-28 10:32:00,HOLDINGS_UPDATED,"{'CASH': 6388186, 'JPM': 36}"
2019-06-28 10:33:00,BID_DEPTH,"[(100261, 382)]"
2019-06-28 10:33:00,ASK_DEPTH,"[(100394, 430)]"
2019-06-28 10:33:00,IMBALANCE,"[382, 430]"
2019-06-28 10:33:00,HOLDINGS_UPDATED,"{'CASH': 6688969, 'JPM': 33}"
2019-06-28 10:34:00,BID_DEPTH,"[(100085, 164)]"
2019-06-28 10:34:00,ASK_DEPTH,"[(100261, 212)]"
2019-06-28 10:34:00,IMBALANCE,"[164, 212]"
2019-06-28 10:34:00,HOLDINGS_UPDATED,"{'CASH': 6989224, 'JPM': 30}"
2019-06-28 10:35:00,BID_DEPTH,"[(99805, 118)]"
2019-06-28 10:35:00,ASK_DEPTH,"[(100085, 166)]"
2019-06-28 10:35:00,IMBALANCE,"[118, 166]"
2019-06-28 10:35:00,HOLDINGS_UPDATED,"{'CASH': 7288639, 'JPM': 27}"
2019-06-28 10:36:00,BID_DEPTH,"[(99671, 217)]"
2019-06-28 10:36:00,ASK_DEPTH,"[(99805, 265)]"
2019-06-28 10:36:00,IMBALANCE,"[217, 265]"
2019-06-28 10:36:00,HOLDINGS_UPDATED,"{'CASH': 7587652, 'JPM': 24}"
2019-06-28 10:37:00,BID_DEPTH,"[(99671, 122)]"
2019-06-28 10:37:00,ASK_DEPTH,"[(99805, 265)]"
2019-06-28 10:37:00,IMBALANCE,"[122, 265]"
2019-06-28 10:37:00,HOLDINGS_UPDATED,"{'CASH': 7886665, 'JPM': 21}"
2019-06-28 10:38:00,BID_DEPTH,"[(99371, 382)]"
2019-06-28 10:38:00,ASK_DEPTH,"[(99430, 348)]"
2019-06-28 10:38:00,IMBALANCE,"[382, 348]"
2019-06-28 10:38:00,HOLDINGS_UPDATED,"{'CASH': 8184778, 'JPM': 18}"
2019-06-28 10:39:00,BID_DEPTH,"[(99299, 118)]"
2019-06-28 10:39:00,ASK_DEPTH,"[(99371, 79)]"
2019-06-28 10:39:00,IMBALANCE,"[118, 79]"
2019-06-28 10:39:00,HOLDINGS_UPDATED,"{'CASH': 8482675, 'JPM': 15}"
2019-06-28 10:40:00,BID_DEPTH,"[(98971, 134)]"
2019-06-28 10:40:00,ASK_DEPTH,"[(99299, 95)]"
2019-06-28 10:40:00,IMBALANCE,"[134, 95]"
2019-06-28 10:40:00,HOLDINGS_UPDATED,"{'CASH': 8779588, 'JPM': 12}"
2019-06-28 10:41:00,BID_DEPTH,"[(98704, 382)]"
2019-06-28 10:41:00,ASK_DEPTH,"[(98971, 343)]"
2019-06-28 10:41:00,IMBALANCE,"[382, 343]"
2019-06-28 10:41:00,HOLDINGS_UPDATED,"{'CASH': 9075700, 'JPM': 9}"
2019-06-28 10:42:00,BID_DEPTH,"[(98299, 134)]"
2019-06-28 10:42:00,ASK_DEPTH,"[(98419, 182)]"
2019-06-28 10:42:00,IMBALANCE,"[134, 182]"
2019-06-28 10:42:00,HOLDINGS_UPDATED,"{'CASH': 9370597, 'JPM': 6}"
2019-06-28 10:43:00,BID_DEPTH,"[(98299, 164)]"
2019-06-28 10:43:00,ASK_DEPTH,"[(98419, 212)]"
2019-06-28 10:43:00,IMBALANCE,"[164, 212]"
2019-06-28 10:43:00,HOLDINGS_UPDATED,"{'CASH': 9665494, 'JPM': 3}"
2019-06-28 10:44:00,BID_DEPTH,"[(98299, 23)]"
2019-06-28 10:44:00,ASK_DEPTH,"[(98971, 79)]"
2019-06-28 10:44:00,IMBALANCE,"[23, 79]"
2019-06-28 10:44:00,HOLDINGS_UPDATED,{'CASH': 9960391}
2019-06-28 10:45:00,BID_DEPTH,"[(98647, 164)]"
2019-06-28 10:45:00,ASK_DEPTH,"[(98921, 212)]"
2019-06-28 10:45:00,IMBALANCE,"[164, 212]"
2019-06-28 10:45:00,HOLDINGS_UPDATED,"{'CASH': 10256332, 'JPM': -3}"
2019-06-28 10:46:00,BID_DEPTH,"[(98794, 217)]"
2019-06-28 10:46:00,ASK_DEPTH,"[(98921, 265)]"
2019-06-28 10:46:00,IMBALANCE,"[217, 265]"
2019-06-28 10:46:00,HOLDINGS_UPDATED,"{'CASH': 10552714, 'JPM': -6}"
2019-06-28 10:47:00,BID_DEPTH,"[(98727, 217)]"
2019-06-28 10:47:00,ASK_DEPTH,"[(98794, 194)]"
2019-06-28 10:47:00,IMBALANCE,"[217, 194]"
2019-06-28 10:47:00,HOLDINGS_UPDATED,"{'CASH': 10848895, 'JPM': -9}"
2019-06-28 10:48:00,BID_DEPTH,"[(98190, 218)]"
2019-06-28 10:48:00,ASK_DEPTH,"[(98499, 166)]"
2019-06-28 10:48:00,IMBALANCE,"[218, 166]"
2019-06-28 10:48:00,HOLDINGS_UPDATED,"{'CASH': 11143465, 'JPM': -12}"
2019-06-28 10:49:00,BID_DEPTH,"[(98190, 113)]"
2019-06-28 10:49:00,ASK_DEPTH,"[(98647, 95)]"
2019-06-28 10:49:00,IMBALANCE,"[113, 95]"
2019-06-28 10:49:00,HOLDINGS_UPDATED,"{'CASH': 11438035, 'JPM': -15}"
2019-06-28 10:50:00,BID_DEPTH,"[(98727, 287)]"
2019-06-28 10:50:00,ASK_DEPTH,"[(98757, 430)]"
2019-06-28 10:50:00,IMBALANCE,"[287, 430]"
2019-06-28 10:50:00,HOLDINGS_UPDATED,"{'CASH': 11734216, 'JPM': -18}"
2019-06-28 10:51:00,BID_DEPTH,"[(98728, 482)]"
2019-06-28 10:51:00,ASK_DEPTH,"[(98794, 359)]"
2019-06-28 10:51:00,IMBALANCE,"[482, 359]"
2019-06-28 10:51:00,HOLDINGS_UPDATED,"{'CASH': 12030400, 'JPM': -21}"
2019-06-28 10:52:00,BID_DEPTH,"[(98738, 217)]"
2019-06-28 10:52:00,ASK_DEPTH,"[(98921, 265)]"
2019-06-28 10:52:00,IMBALANCE,"[217, 265]"
2019-06-28 10:52:00,HOLDINGS_UPDATED,"{'CASH': 12326614, 'JPM': -24}"
2019-06-28 10:53:00,BID_DEPTH,"[(98901, 164)]"
2019-06-28 10:53:00,ASK_DEPTH,"[(98953, 212)]"
2019-06-28 10:53:00,IMBALANCE,"[164, 212]"
2019-06-28 10:53:00,HOLDINGS_UPDATED,"{'CASH': 12623317, 'JPM': -27}"
2019-06-28 10:54:00,BID_DEPTH,"[(98778, 134)]"
2019-06-28 10:54:00,ASK_DEPTH,"[(98953, 182)]"
2019-06-28 10:54:00,IMBALANCE,"[134, 182]"
2019-06-28 10:54:00,HOLDINGS_UPDATED,"{'CASH': 12919651, 'JPM': -30}"
2019-06-28 10:55:00,BID_DEPTH,"[(98778, 134)]"
2019-06-28 10:55:00,ASK_DEPTH,"[(98953, 182)]"
2019-06-28 10:55:00,IMBALANCE,"[134, 182]"
2019-06-28 10:55:00,HOLDINGS_UPDATED,"{'CASH': 13215985, 'JPM': -33}"
2019-06-28 10:56:00,BID_DEPTH,"[(98782, 118)]"
2019-06-28 10:56:00,ASK_DEPTH,"[(98880, 166)]"
2019-06-28 10:56:00,IMBALANCE,"[118, 166]"
2019-06-28 10:56:00,HOLDINGS_UPDATED,"{'CASH': 13512331, 'JPM': -36}"
2019-06-28 10:57:00,BID_DEPTH,"[(98818, 134)]"
2019-06-28 10:57:00,ASK_DEPTH,"[(98880, 182)]"
2019-06-28 10:57:00,IMBALANCE,"[134, 182]"
2019-06-28 10:57:00,HOLDINGS_UPDATED,"{'CASH': 13808785, 'JPM': -39}"
2019-06-28 10:58:00,BID_DEPTH,"[(98818, 134)]"
2019-06-28 10:58:00,ASK_DEPTH,"[(98880, 182)]"
2019-06-28 10:58:00,IMBALANCE,"[134, 182]"
2019-06-28 10:58:00,HOLDINGS_UPDATED,"{'CASH': 14105239, 'JPM': -42}"
2019-06-28 10:59:00,BID_DEPTH,"[(98782, 118)]"
2019-06-28 10:59:00,ASK_DEPTH,"[(98818, 94)]"
2019-06-28 10:59:00,IMBALANCE,"[118, 94]"
2019-06-28 10:59:00,HOLDINGS_UPDATED,"{'CASH': 14401585, 'JPM': -45}"
2019-06-28 11:00:00,BID_DEPTH,"[(98727, 23)]"
2019-06-28 11:00:00,ASK_DEPTH,"[(98738, 84)]"
2019-06-28 11:00:00,IMBALANCE,"[23, 84]"
2019-06-28 11:00:00,HOLDINGS_UPDATED,"{'CASH': 14697766, 'JPM': -48}"
2019-06-28 11:01:00,BID_DEPTH,"[(98614, 101)]"
2019-06-28 11:01:00,ASK_DEPTH,"[(98727, 170)]"
2019-06-28 11:01:00,IMBALANCE,"[101, 170]"
2019-06-28 11:01:00,HOLDINGS_UPDATED,"{'CASH': 14993608, 'JPM': -51}"
2019-06-28 11:02:00,BID_DEPTH,"[(98612, 217)]"
2019-06-28 11:02:00,ASK_DEPTH,"[(98738, 183)]"
2019-06-28 11:02:00,IMBALANCE,"[217, 183]"
2019-06-28 11:02:00,HOLDINGS_UPDATED,"{'CASH': 15289444, 'JPM': -54}"
2019-06-28 11:03:00,BID_DEPTH,"[(98602, 164)]"
2019-06-28 11:03:00,ASK_DEPTH,"[(98880, 212)]"
2019-06-28 11:03:00,IMBALANCE,"[164, 212]"
2019-06-28 11:03:00,HOLDINGS_UPDATED,"{'CASH': 15585250, 'JPM': -57}"
2019-06-28 11:04:00,BID_DEPTH,"[(98602, 118)]"
2019-06-28 11:04:00,ASK_DEPTH,"[(99122, 166)]"
2019-06-28 11:04:00,IMBALANCE,"[118, 166]"
2019-06-28 11:04:00,HOLDINGS_UPDATED,"{'CASH': 15881056, 'JPM': -60}"
2019-06-28 11:05:00,BID_DEPTH,"[(99146, 217)]"
2019-06-28 11:05:00,ASK_DEPTH,"[(99254, 265)]"
2019-06-28 11:05:00,IMBALANCE,"[217, 265]"
2019-06-28 11:05:00,HOLDINGS_UPDATED,"{'CASH': 16178494, 'JPM': -63}"
2019-06-28 11:06:00,BID_DEPTH,"[(99146, 134)]"
2019-06-28 11:06:00,ASK_DEPTH,"[(99328, 182)]"
2019-06-28 11:06:00,IMBALANCE,"[134, 182]"
2019-06-28 11:06:00,HOLDINGS_UPDATED,"{'CASH': 16475932, 'JPM': -66}"
2019-06-28 11:07:00,BID_DEPTH,"[(99949, 164)]"
2019-06-28 11:07:00,ASK_DEPTH,"[(99961, 212)]"
2019-06-28 11:07:00,IMBALANCE,"[164, 212]"
2019-06-28 11:07:00,HOLDINGS_UPDATED,"{'CASH': 16775779, 'JPM': -69}"
2019-06-28 11:08:00,BID_DEPTH,"[(99748, 382)]"
2019-06-28 11:08:00,ASK_DEPTH,"[(99944, 430)]"
2019-06-28 11:08:00,IMBALANCE,"[382, 430]"
2019-06-28 11:08:00,HOLDINGS_UPDATED,"{'CASH': 17075023, 'JPM': -72}"
2019-06-28 11:09:00,BID_DEPTH,"[(99748, 134)]"
2019-06-28 11:09:00,ASK_DEPTH,"[(99944, 182)]"
2019-06-28 11:09:00,IMBALANCE,"[134, 182]"
2019-06-28 11:09:00,HOLDINGS_UPDATED,"{'CASH': 17374267, 'JPM': -75}"
2019-06-28 11:10:00,BID_DEPTH,"[(99709, 217)]"
2019-06-28 11:10:00,ASK_DEPTH,"[(99748, 265)]"
2019-06-28 11:10:00,IMBALANCE,"[217, 265]"
2019-06-28 11:10:00,HOLDINGS_UPDATED,"{'CASH': 17673394, 'JPM': -78}"
2019-06-28 11:11:00,BID_DEPTH,"[(99568, 217)]"
2019-06-28 11:11:00,ASK_DEPTH,"[(99748, 265)]"
2019-06-28 11:11:00,IMBALANCE,"[217, 265]"
2019-06-28 11:11:00,HOLDINGS_UPDATED,"{'CASH': 17972098, 'JPM': -81}"
2019-06-28 11:12:00,BID_DEPTH,"[(99470, 164)]"
2019-06-28 11:12:00,ASK_DEPTH,"[(99813, 212)]"
2019-06-28 11:12:00,IMBALANCE,"[164, 212]"
2019-06-28 11:12:00,HOLDINGS_UPDATED,"{'CASH': 18270508, 'JPM': -84}"
2019-06-28 11:13:00,BID_DEPTH,"[(99777, 164)]"
2019-06-28 11:13:00,ASK_DEPTH,"[(99947, 212)]"
2019-06-28 11:13:00,IMBALANCE,"[164, 212]"
2019-06-28 11:13:00,HOLDINGS_UPDATED,"{'CASH': 18569839, 'JPM': -87}"
2019-06-28 11:14:00,BID_DEPTH,"[(99764, 164)]"
2019-06-28 11:14:00,ASK_DEPTH,"[(99947, 212)]"
2019-06-28 11:14:00,IMBALANCE,"[164, 212]"
2019-06-28 11:14:00,HOLDINGS_UPDATED,"{'CASH': 18869131, 'JPM': -90}"
2019-06-28 11:15:00,BID_DEPTH,"[(99464, 118)]"
2019-06-28 11:15:00,ASK_DEPTH,"[(99947, 166)]"
2019-06-28 11:15:00,IMBALANCE,"[118, 166]"
2019-06-28 11:15:00,HOLDINGS_UPDATED,"{'CASH': 19167523, 'JPM': -93}"
2019-06-28 11:16:00,BID_DEPTH,"[(99464, 166)]"
2019-06-28 11:16:00,ASK_DEPTH,"[(99875, 118)]"
2019-06-28 11:16:00,IMBALANCE,"[166, 118]"
2019-06-28 11:16:00,HOLDINGS_UPDATED,"{'CASH': 18867898, 'JPM': -90}"
2019-06-28 11:17:00,BID_DEPTH,"[(99875, 312)]"
2019-06-28 11:17:00,ASK_DEPTH,"[(99947, 164)]"
2019-06-28 11:17:00,IMBALANCE,"[312, 164]"
2019-06-28 11:17:00,HOLDINGS_UPDATED,"{'CASH': 18568057, 'JPM': -87}"
2019-06-28 11:18:00,BID_DEPTH,"[(99875, 365)]"
2019-06-28 11:18:00,ASK_DEPTH,"[(99947, 217)]"
2019-06-28 11:18:00,IMBALANCE,"[365, 217]"
2019-06-28 11:18:00,HOLDINGS_UPDATED,"{'CASH': 18268216, 'JPM': -84}"
2019-06-28 11:19:00,BID_DEPTH,"[(99875, 312)]"
2019-06-28 11:19:00,ASK_DEPTH,"[(99961, 164)]"
2019-06-28 11:19:00,IMBALANCE,"[312, 164]"
2019-06-28 11:19:00,HOLDINGS_UPDATED,"{'CASH': 17968333, 'JPM': -81}"
2019-06-28 11:20:00,BID_DEPTH,"[(99875, 365)]"
2019-06-28 11:20:00,ASK_DEPTH,"[(100144, 217)]"
2019-06-28 11:20:00,IMBALANCE,"[365, 217]"
2019-06-28 11:20:00,HOLDINGS_UPDATED,"{'CASH': 17667901, 'JPM': -78}"
2019-06-28 11:21:00,BID_DEPTH,"[(100258, 348)]"
2019-06-28 11:21:00,ASK_DEPTH,"[(100326, 482)]"
2019-06-28 11:21:00,IMBALANCE,"[348, 482]"
2019-06-28 11:21:00,HOLDINGS_UPDATED,"{'CASH': 17366923, 'JPM': -75}"
2019-06-28 11:22:00,BID_DEPTH,"[(100258, 183)]"
2019-06-28 11:22:00,ASK_DEPTH,"[(100330, 217)]"
2019-06-28 11:22:00,IMBALANCE,"[183, 217]"
2019-06-28 11:22:00,HOLDINGS_UPDATED,"{'CASH': 17065933, 'JPM': -72}"
2019-06-28 11:23:00,BID_DEPTH,"[(100330, 206)]"
2019-06-28 11:23:00,ASK_DEPTH,"[(100999, 118)]"
2019-06-28 11:23:00,IMBALANCE,"[206, 118]"
2019-06-28 11:23:00,HOLDINGS_UPDATED,"{'CASH': 16762936, 'JPM': -69}"
2019-06-28 11:24:00,BID_DEPTH,"[(100403, 265)]"
2019-06-28 11:24:00,ASK_DEPTH,"[(100999, 122)]"
2019-06-28 11:24:00,IMBALANCE,"[265, 122]"
2019-06-28 11:24:00,HOLDINGS_UPDATED,"{'CASH': 16459939, 'JPM': -66}"
2019-06-28 11:25:00,BID_DEPTH,"[(100219, 430)]"
2019-06-28 11:25:00,ASK_DEPTH,"[(100999, 287)]"
2019-06-28 11:25:00,IMBALANCE,"[430, 287]"
2019-06-28 11:25:00,HOLDINGS_UPDATED,"{'CASH': 16156942, 'JPM': -63}"
2019-06-28 11:26:00,BID_DEPTH,"[(100155, 166)]"
2019-06-28 11:26:00,ASK_DEPTH,"[(100339, 118)]"
2019-06-28 11:26:00,IMBALANCE,"[166, 118]"
2019-06-28 11:26:00,HOLDINGS_UPDATED,"{'CASH': 15855925, 'JPM': -60}"
2019-06-28 11:27:00,BID_DEPTH,"[(100213, 430)]"
2019-06-28 11:27:00,ASK_DEPTH,"[(100482, 382)]"
2019-06-28 11:27:00,IMBALANCE,"[430, 382]"
2019-06-28 11:27:00,HOLDINGS_UPDATED,"{'CASH': 15554479, 'JPM': -57}"
2019-06-28 11:28:00,BID_DEPTH,"[(100213, 430)]"
2019-06-28 11:28:00,ASK_DEPTH,"[(100482, 287)]"
2019-06-28 11:28:00,IMBALANCE,"[430, 287]"
2019-06-28 11:28:00,HOLDINGS_UPDATED,"{'CASH': 15253033, 'JPM': -54}"
2019-06-28 11:29:00,BID_DEPTH,"[(100213, 182)]"
2019-06-28 11:29:00,ASK_DEPTH,"[(100482, 134)]"
2019-06-28 11:29:00,IMBALANCE,"[182, 134]"
2019-06-28 11:29:00,HOLDINGS_UPDATED,"{'CASH': 14951587, 'JPM': -51}"
2019-06-28 11:30:00,BID_DEPTH,"[(100155, 430)]"
2019-06-28 11:30:00,ASK_DEPTH,"[(100482, 482)]"
2019-06-28 11:30:00,IMBALANCE,"[430, 482]"
2019-06-28 11:30:00,HOLDINGS_UPDATED,"{'CASH': 14650141, 'JPM': -48}"
2019-06-28 11:31:00,BID_DEPTH,"[(100149, 166)]"
2019-06-28 11:31:00,ASK_DEPTH,"[(100157, 118)]"
2019-06-28 11:31:00,IMBALANCE,"[166, 118]"
2019-06-28 11:31:00,HOLDINGS_UPDATED,"{'CASH': 14349670, 'JPM': -45}"
2019-06-28 11:32:00,BID_DEPTH,"[(100158, 430)]"
2019-06-28 11:32:00,ASK_DEPTH,"[(100240, 382)]"
2019-06-28 11:32:00,IMBALANCE,"[430, 382]"
2019-06-28 11:32:00,HOLDINGS_UPDATED,"{'CASH': 14048950, 'JPM': -42}"
2019-06-28 11:33:00,BID_DEPTH,"[(100157, 312)]"
2019-06-28 11:33:00,ASK_DEPTH,"[(100347, 164)]"
2019-06-28 11:33:00,IMBALANCE,"[312, 164]"
2019-06-28 11:33:00,HOLDINGS_UPDATED,"{'CASH': 13747909, 'JPM': -39}"
2019-06-28 11:34:00,BID_DEPTH,"[(100149, 265)]"
2019-06-28 11:34:00,ASK_DEPTH,"[(100347, 217)]"
2019-06-28 11:34:00,IMBALANCE,"[265, 217]"
2019-06-28 11:34:00,HOLDINGS_UPDATED,"{'CASH': 13446868, 'JPM': -36}"
2019-06-28 11:35:00,BID_DEPTH,"[(100264, 265)]"
2019-06-28 11:35:00,ASK_DEPTH,"[(100347, 217)]"
2019-06-28 11:35:00,IMBALANCE,"[265, 217]"
2019-06-28 11:35:00,HOLDINGS_UPDATED,"{'CASH': 13145827, 'JPM': -33}"
2019-06-28 11:36:00,BID_DEPTH,"[(100055, 265)]"
2019-06-28 11:36:00,ASK_DEPTH,"[(100482, 307)]"
2019-06-28 11:36:00,IMBALANCE,"[265, 307]"
2019-06-28 11:36:00,HOLDINGS_UPDATED,"{'CASH': 12844381, 'JPM': -30}"
2019-06-28 11:37:00,BID_DEPTH,"[(100050, 182)]"
2019-06-28 11:37:00,ASK_DEPTH,"[(100482, 114)]"
2019-06-28 11:37:00,IMBALANCE,"[182, 114]"
2019-06-28 11:37:00,HOLDINGS_UPDATED,"{'CASH': 12542935, 'JPM': -27}"
2019-06-28 11:38:00,BID_DEPTH,"[(100135, 265)]"
2019-06-28 11:38:00,ASK_DEPTH,"[(100482, 217)]"
2019-06-28 11:38:00,IMBALANCE,"[265, 217]"
2019-06-28 11:38:00,HOLDINGS_UPDATED,"{'CASH': 12241489, 'JPM': -24}"
2019-06-28 11:39:00,BID_DEPTH,"[(100390, 430)]"
2019-06-28 11:39:00,ASK_DEPTH,"[(100482, 382)]"
2019-06-28 11:39:00,IMBALANCE,"[430, 382]"
2019-06-28 11:39:00,HOLDINGS_UPDATED,"{'CASH': 11940043, 'JPM': -21}"
2019-06-28 11:40:00,BID_DEPTH,"[(100300, 265)]"
2019-06-28 11:40:00,ASK_DEPTH,"[(100999, 122)]"
2019-06-28 11:40:00,IMBALANCE,"[265, 122]"
2019-06-28 11:40:00,HOLDINGS_UPDATED,"{'CASH': 11637046, 'JPM': -18}"
2019-06-28 11:41:00,BID_DEPTH,"[(100300, 100)]"
2019-06-28 11:41:00,ASK_DEPTH,[]
2019-06-28 11:41:00,IMBALANCE,"[100, 0]"
2019-06-28 11:42:00,BID_DEPTH,"[(100213, 430)]"
2019-06-28 11:42:00,ASK_DEPTH,"[(100999, 482)]"
2019-06-28 11:42:00,IMBALANCE,"[430, 482]"
2019-06-28 11:42:00,HOLDINGS_UPDATED,"{'CASH': 11334049, 'JPM': -15}"
2019-06-28 11:43:00,BID_DEPTH,"[(100495, 265)]"
2019-06-28 11:43:00,ASK_DEPTH,"[(100999, 207)]"
2019-06-28 11:43:00,IMBALANCE,"[265, 207]"
2019-06-28 11:43:00,HOLDINGS_UPDATED,"{'CASH': 11031052, 'JPM': -12}"
2019-06-28 11:44:00,BID_DEPTH,"[(100999, 266)]"
2019-06-28 11:44:00,ASK_DEPTH,"[(101047, 118)]"
2019-06-28 11:44:00,IMBALANCE,"[266, 118]"
2019-06-28 11:44:00,HOLDINGS_UPDATED,"{'CASH': 10727911, 'JPM': -9}"
2019-06-28 11:45:00,BID_DEPTH,"[(101047, 95)]"
2019-06-28 11:45:00,ASK_DEPTH,"[(101195, 118)]"
2019-06-28 11:45:00,IMBALANCE,"[95, 118]"
2019-06-28 11:45:00,HOLDINGS_UPDATED,"{'CASH': 10424326, 'JPM': -6}"
2019-06-28 11:46:00,BID_DEPTH,"[(101155, 100)]"
2019-06-28 11:46:00,ASK_DEPTH,[]
2019-06-28 11:46:00,IMBALANCE,"[100, 0]"
2019-06-28 11:47:00,BID_DEPTH,"[(101155, 265)]"
2019-06-28 11:47:00,ASK_DEPTH,"[(101194, 217)]"
2019-06-28 11:47:00,IMBALANCE,"[265, 217]"
2019-06-28 11:47:00,HOLDINGS_UPDATED,"{'CASH': 10120744, 'JPM': -3}"
2019-06-28 11:48:00,BID_DEPTH,"[(101194, 370)]"
2019-06-28 11:48:00,ASK_DEPTH,"[(101415, 382)]"
2019-06-28 11:48:00,IMBALANCE,"[370, 382]"
2019-06-28 11:48:00,HOLDINGS_UPDATED,{'CASH': 9816499}
2019-06-28 11:49:00,BID_DEPTH,"[(101415, 111)]"
2019-06-28 11:49:00,ASK_DEPTH,"[(101539, 134)]"
2019-06-28 11:49:00,IMBALANCE,"[111, 134]"
2019-06-28 11:49:00,HOLDINGS_UPDATED,"{'CASH': 9511882, 'JPM': 3}"
2019-06-28 11:50:00,BID_DEPTH,"[(101415, 141)]"
2019-06-28 11:50:00,ASK_DEPTH,"[(102205, 164)]"
2019-06-28 11:50:00,IMBALANCE,"[141, 164]"
2019-06-28 11:50:00,HOLDINGS_UPDATED,"{'CASH': 9205267, 'JPM': 6}"
2019-06-28 11:51:00,BID_DEPTH,"[(101441, 430)]"
2019-06-28 11:51:00,ASK_DEPTH,"[(101900, 382)]"
2019-06-28 11:51:00,IMBALANCE,"[430, 382]"
2019-06-28 11:51:00,HOLDINGS_UPDATED,"{'CASH': 8899567, 'JPM': 9}"
2019-06-28 11:52:00,BID_DEPTH,"[(101441, 182)]"
2019-06-28 11:52:00,ASK_DEPTH,"[(101442, 134)]"
2019-06-28 11:52:00,IMBALANCE,"[182, 134]"
2019-06-28 11:52:00,HOLDINGS_UPDATED,"{'CASH': 8595241, 'JPM': 12}"
2019-06-28 11:53:00,BID_DEPTH,"[(101215, 265)]"
2019-06-28 11:53:00,ASK_DEPTH,"[(101442, 122)]"
2019-06-28 11:53:00,IMBALANCE,"[265, 122]"
2019-06-28 11:53:00,HOLDINGS_UPDATED,"{'CASH': 8290915, 'JPM': 15}"
2019-06-28 11:54:00,BID_DEPTH,"[(101047, 194)]"
2019-06-28 11:54:00,ASK_DEPTH,"[(101316, 217)]"
2019-06-28 11:54:00,IMBALANCE,"[194, 217]"
2019-06-28 11:54:00,HOLDINGS_UPDATED,"{'CASH': 7986967, 'JPM': 18}"
2019-06-28 11:55:00,BID_DEPTH,"[(101037, 182)]"
2019-06-28 11:55:00,ASK_DEPTH,"[(101184, 134)]"
2019-06-28 11:55:00,IMBALANCE,"[182, 134]"
2019-06-28 11:55:00,HOLDINGS_UPDATED,"{'CASH': 7683415, 'JPM': 21}"
2019-06-28 11:56:00,BID_DEPTH,"[(100918, 166)]"
2019-06-28 11:56:00,ASK_DEPTH,"[(101183, 118)]"
2019-06-28 11:56:00,IMBALANCE,"[166, 118]"
2019-06-28 11:56:00,HOLDINGS_UPDATED,"{'CASH': 7379866, 'JPM': 24}"
2019-06-28 11:57:00,BID_DEPTH,"[(100668, 430)]"
2019-06-28 11:57:00,ASK_DEPTH,"[(101183, 382)]"
2019-06-28 11:57:00,IMBALANCE,"[430, 382]"
2019-06-28 11:57:00,HOLDINGS_UPDATED,"{'CASH': 7076317, 'JPM': 27}"
2019-06-28 11:58:00,BID_DEPTH,"[(100668, 166)]"
2019-06-28 11:58:00,ASK_DEPTH,"[(101183, 118)]"
2019-06-28 11:58:00,IMBALANCE,"[166, 118]"
2019-06-28 11:58:00,HOLDINGS_UPDATED,"{'CASH': 6772768, 'JPM': 30}"
2019-06-28 11:59:00,BID_DEPTH,"[(100495, 182)]"
2019-06-28 11:59:00,ASK_DEPTH,"[(101184, 134)]"
2019-06-28 11:59:00,IMBALANCE,"[182, 134]"
2019-06-28 11:59:00,HOLDINGS_UPDATED,"{'CASH': 6469216, 'JPM': 33}"
2019-06-28 12:00:00,BID_DEPTH,"[(100050, 212)]"
2019-06-28 12:00:00,ASK_DEPTH,"[(101316, 164)]"
2019-06-28 12:00:00,IMBALANCE,"[212, 164]"
2019-06-28 12:00:00,HOLDINGS_UPDATED,"{'CASH': 6165268, 'JPM': 36}"
2019-06-28 12:01:00,BID_DEPTH,"[(100050, 166)]"
2019-06-28 12:01:00,ASK_DEPTH,"[(100071, 118)]"
2019-06-28 12:01:00,IMBALANCE,"[166, 118]"
2019-06-28 12:01:00,HOLDINGS_UPDATED,"{'CASH': 5865055, 'JPM': 39}"
2019-06-28 12:02:00,BID_DEPTH,"[(100050, 265)]"
2019-06-28 12:02:00,ASK_DEPTH,"[(100071, 317)]"
2019-06-28 12:02:00,IMBALANCE,"[265, 317]"
2019-06-28 12:02:00,HOLDINGS_UPDATED,"{'CASH': 5564842, 'JPM': 42}"
2019-06-28 12:03:00,BID_DEPTH,"[(100036, 182)]"
2019-06-28 12:03:00,ASK_DEPTH,"[(100071, 124)]"
2019-06-28 12:03:00,IMBALANCE,"[182, 124]"
2019-06-28 12:03:00,HOLDINGS_UPDATED,"{'CASH': 5264629, 'JPM': 45}"
2019-06-28 12:04:00,BID_DEPTH,"[(99890, 182)]"
2019-06-28 12:04:00,ASK_DEPTH,"[(100071, 134)]"
2019-06-28 12:04:00,IMBALANCE,"[182, 134]"
2019-06-28 12:04:00,HOLDINGS_UPDATED,"{'CASH': 4964416, 'JPM': 48}"
2019-06-28 12:05:00,BID_DEPTH,"[(99847, 212)]"
2019-06-28 12:05:00,ASK_DEPTH,"[(100173, 164)]"
2019-06-28 12:05:00,IMBALANCE,"[212, 164]"
2019-06-28 12:05:00,HOLDINGS_UPDATED,"{'CASH': 4663897, 'JPM': 51}"
2019-06-28 12:06:00,BID_DEPTH,"[(99847, 265)]"
2019-06-28 12:06:00,ASK_DEPTH,"[(100138, 217)]"
2019-06-28 12:06:00,IMBALANCE,"[265, 217]"
2019-06-28 12:06:00,HOLDINGS_UPDATED,"{'CASH': 4363483, 'JPM': 54}"
2019-06-28 12:07:00,BID_DEPTH,"[(99790, 265)]"
2019-06-28 12:07:00,ASK_DEPTH,"[(100235, 217)]"
2019-06-28 12:07:00,IMBALANCE,"[265, 217]"
2019-06-28 12:07:00,HOLDINGS_UPDATED,"{'CASH': 4062778, 'JPM': 57}"
2019-06-28 12:08:00,BID_DEPTH,"[(99636, 182)]"
2019-06-28 12:08:00,ASK_DEPTH,"[(101316, 134)]"
2019-06-28 12:08:00,IMBALANCE,"[182, 134]"
2019-06-28 12:08:00,HOLDINGS_UPDATED,"{'CASH': 3758830, 'JPM': 60}"
2019-06-28 12:09:00,BID_DEPTH,"[(99492, 265)]"
2019-06-28 12:09:00,ASK_DEPTH,"[(101442, 122)]"
2019-06-28 12:09:00,IMBALANCE,"[265, 122]"
2019-06-28 12:09:00,HOLDINGS_UPDATED,"{'CASH': 3454504, 'JPM': 63}"
2019-06-28 12:10:00,BID_DEPTH,"[(99492, 182)]"
2019-06-28 12:10:00,ASK_DEPTH,"[(101900, 39)]"
2019-06-28 12:10:00,IMBALANCE,"[182, 39]"
2019-06-28 12:10:00,HOLDINGS_UPDATED,"{'CASH': 3148804, 'JPM': 66}"
2019-06-28 12:11:00,BID_DEPTH,"[(101900, 67)]"
2019-06-28 12:11:00,ASK_DEPTH,"[(102205, 23)]"
2019-06-28 12:11:00,IMBALANCE,"[67, 23]"
2019-06-28 12:11:00,HOLDINGS_UPDATED,"{'CASH': 2842189, 'JPM': 69}"
2019-06-28 12:12:00,BID_DEPTH,"[(99492, 217)]"
2019-06-28 12:12:00,ASK_DEPTH,"[(101900, 252)]"
2019-06-28 12:12:00,IMBALANCE,"[217, 252]"
2019-06-28 12:12:00,HOLDINGS_UPDATED,"{'CASH': 3140665, 'JPM': 66}"
2019-06-28 12:13:00,BID_DEPTH,"[(99469, 134)]"
2019-06-28 12:13:00,ASK_DEPTH,"[(99492, 104)]"
2019-06-28 12:13:00,IMBALANCE,"[134, 104]"
2019-06-28 12:13:00,HOLDINGS_UPDATED,"{'CASH': 3439072, 'JPM': 63}"
2019-06-28 12:14:00,BID_DEPTH,"[(99100, 382)]"
2019-06-28 12:14:00,ASK_DEPTH,"[(99231, 430)]"
2019-06-28 12:14:00,IMBALANCE,"[382, 430]"
2019-06-28 12:14:00,HOLDINGS_UPDATED,"{'CASH': 3736372, 'JPM': 60}"
2019-06-28 12:15:00,BID_DEPTH,"[(99100, 39)]"
2019-06-28 12:15:00,ASK_DEPTH,"[(99189, 182)]"
2019-06-28 12:15:00,IMBALANCE,"[39, 182]"
2019-06-28 12:15:00,HOLDINGS_UPDATED,"{'CASH': 4033672, 'JPM': 57}"
2019-06-28 12:16:00,BID_DEPTH,"[(99100, 35)]"
2019-06-28 12:16:00,ASK_DEPTH,"[(99189, 166)]"
2019-06-28 12:16:00,IMBALANCE,"[35, 166]"
2019-06-28 12:16:00,HOLDINGS_UPDATED,"{'CASH': 4330972, 'JPM': 54}"
2019-06-28 12:17:00,BID_DEPTH,"[(98976, 199)]"
2019-06-28 12:17:00,ASK_DEPTH,"[(99074, 166)]"
2019-06-28 12:17:00,IMBALANCE,"[199, 166]"
2019-06-28 12:17:00,HOLDINGS_UPDATED,"{'CASH': 4627900, 'JPM': 51}"
2019-06-28 12:18:00,BID_DEPTH,"[(98976, 210)]"
2019-06-28 12:18:00,ASK_DEPTH,"[(99074, 182)]"
2019-06-28 12:18:00,IMBALANCE,"[210, 182]"
2019-06-28 12:18:00,HOLDINGS_UPDATED,"{'CASH': 4924828, 'JPM': 48}"
2019-06-28 12:19:00,BID_DEPTH,"[(98976, 135)]"
2019-06-28 12:19:00,ASK_DEPTH,"[(99100, 115)]"
2019-06-28 12:19:00,IMBALANCE,"[135, 115]"
2019-06-28 12:19:00,HOLDINGS_UPDATED,"{'CASH': 5221756, 'JPM': 45}"
2019-06-28 12:20:00,BID_DEPTH,"[(99469, 29)]"
2019-06-28 12:20:00,ASK_DEPTH,"[(99559, 166)]"
2019-06-28 12:20:00,IMBALANCE,"[29, 166]"
2019-06-28 12:20:00,HOLDINGS_UPDATED,"{'CASH': 5520163, 'JPM': 42}"
2019-06-28 12:21:00,BID_DEPTH,"[(98973, 164)]"
2019-06-28 12:21:00,ASK_DEPTH,"[(100317, 212)]"
2019-06-28 12:21:00,IMBALANCE,"[164, 212]"
2019-06-28 12:21:00,HOLDINGS_UPDATED,"{'CASH': 5817082, 'JPM': 39}"
2019-06-28 12:22:00,BID_DEPTH,"[(98974, 382)]"
2019-06-28 12:22:00,ASK_DEPTH,"[(100370, 430)]"
2019-06-28 12:22:00,IMBALANCE,"[382, 430]"
2019-06-28 12:22:00,HOLDINGS_UPDATED,"{'CASH': 6114004, 'JPM': 36}"
2019-06-28 12:23:00,BID_DEPTH,"[(100992, 118)]"
2019-06-28 12:23:00,ASK_DEPTH,"[(101174, 166)]"
2019-06-28 12:23:00,IMBALANCE,"[118, 166]"
2019-06-28 12:23:00,HOLDINGS_UPDATED,"{'CASH': 6416980, 'JPM': 33}"
2019-06-28 12:24:00,BID_DEPTH,"[(100545, 164)]"
2019-06-28 12:24:00,ASK_DEPTH,"[(100648, 212)]"
2019-06-28 12:24:00,IMBALANCE,"[164, 212]"
2019-06-28 12:24:00,HOLDINGS_UPDATED,"{'CASH': 6718615, 'JPM': 30}"
2019-06-28 12:25:00,BID_DEPTH,"[(98973, 164)]"
2019-06-28 12:25:00,ASK_DEPTH,"[(100648, 212)]"
2019-06-28 12:25:00,IMBALANCE,"[164, 212]"
2019-06-28 12:25:00,HOLDINGS_UPDATED,"{'CASH': 7015534, 'JPM': 27}"
2019-06-28 12:26:00,BID_DEPTH,"[(98973, 134)]"
2019-06-28 12:26:00,ASK_DEPTH,"[(100344, 182)]"
2019-06-28 12:26:00,IMBALANCE,"[134, 182]"
2019-06-28 12:26:00,HOLDINGS_UPDATED,"{'CASH': 7312453, 'JPM': 24}"
2019-06-28 12:27:00,BID_DEPTH,"[(100211, 134)]"
2019-06-28 12:27:00,ASK_DEPTH,"[(100648, 182)]"
2019-06-28 12:27:00,IMBALANCE,"[134, 182]"
2019-06-28 12:27:00,HOLDINGS_UPDATED,"{'CASH': 7613086, 'JPM': 21}"
2019-06-28 12:28:00,BID_DEPTH,"[(100211, 164)]"
2019-06-28 12:28:00,ASK_DEPTH,"[(100648, 212)]"
2019-06-28 12:28:00,IMBALANCE,"[164, 212]"
2019-06-28 12:28:00,HOLDINGS_UPDATED,"{'CASH': 7913719, 'JPM': 18}"
2019-06-28 12:29:00,BID_DEPTH,"[(99858, 118)]"
2019-06-28 12:29:00,ASK_DEPTH,"[(100648, 166)]"
2019-06-28 12:29:00,IMBALANCE,"[118, 166]"
2019-06-28 12:29:00,HOLDINGS_UPDATED,"{'CASH': 8213293, 'JPM': 15}"
2019-06-28 12:30:00,BID_DEPTH,"[(99997, 134)]"
2019-06-28 12:30:00,ASK_DEPTH,"[(100204, 182)]"
2019-06-28 12:30:00,IMBALANCE,"[134, 182]"
2019-06-28 12:30:00,HOLDINGS_UPDATED,"{'CASH': 8513284, 'JPM': 12}"
2019-06-28 12:31:00,BID_DEPTH,"[(99858, 217)]"
2019-06-28 12:31:00,ASK_DEPTH,"[(100204, 265)]"
2019-06-28 12:31:00,IMBALANCE,"[217, 265]"
2019-06-28 12:31:00,HOLDINGS_UPDATED,"{'CASH': 8812858, 'JPM': 9}"
2019-06-28 12:32:00,BID_DEPTH,"[(99651, 164)]"
2019-06-28 12:32:00,ASK_DEPTH,"[(99924, 212)]"
2019-06-28 12:32:00,IMBALANCE,"[164, 212]"
2019-06-28 12:32:00,HOLDINGS_UPDATED,"{'CASH': 9111811, 'JPM': 6}"
2019-06-28 12:33:00,BID_DEPTH,"[(99651, 382)]"
2019-06-28 12:33:00,ASK_DEPTH,"[(99689, 430)]"
2019-06-28 12:33:00,IMBALANCE,"[382, 430]"
2019-06-28 12:33:00,HOLDINGS_UPDATED,"{'CASH': 9410764, 'JPM': 3}"
2019-06-28 12:34:00,BID_DEPTH,"[(99650, 164)]"
2019-06-28 12:34:00,ASK_DEPTH,"[(99689, 212)]"
2019-06-28 12:34:00,IMBALANCE,"[164, 212]"
2019-06-28 12:34:00,HOLDINGS_UPDATED,{'CASH': 9709714}
2019-06-28 12:35:00,BID_DEPTH,"[(99616, 217)]"
2019-06-28 12:35:00,ASK_DEPTH,"[(99689, 265)]"
2019-06-28 12:35:00,IMBALANCE,"[217, 265]"
2019-06-28 12:35:00,HOLDINGS_UPDATED,"{'CASH': 10008562, 'JPM': -3}"
2019-06-28 12:36:00,BID_DEPTH,"[(99616, 164)]"
2019-06-28 12:36:00,ASK_DEPTH,"[(99924, 212)]"
2019-06-28 12:36:00,IMBALANCE,"[164, 212]"
2019-06-28 12:36:00,HOLDINGS_UPDATED,"{'CASH': 10307410, 'JPM': -6}"
2019-06-28 12:37:00,BID_DEPTH,"[(99360, 382)]"
2019-06-28 12:37:00,ASK_DEPTH,"[(99924, 430)]"
2019-06-28 12:37:00,IMBALANCE,"[382, 430]"
2019-06-28 12:37:00,HOLDINGS_UPDATED,"{'CASH': 10605490, 'JPM': -9}"
2019-06-28 12:38:00,BID_DEPTH,"[(99859, 134)]"
2019-06-28 12:38:00,ASK_DEPTH,"[(99924, 182)]"
2019-06-28 12:38:00,IMBALANCE,"[134, 182]"
2019-06-28 12:38:00,HOLDINGS_UPDATED,"{'CASH': 10905067, 'JPM': -12}"
2019-06-28 12:39:00,BID_DEPTH,"[(98974, 382)]"
2019-06-28 12:39:00,ASK_DEPTH,"[(100236, 430)]"
2019-06-28 12:39:00,IMBALANCE,"[382, 430]"
2019-06-28 12:39:00,HOLDINGS_UPDATED,"{'CASH': 11201989, 'JPM': -15}"
2019-06-28 12:40:00,BID_DEPTH,"[(98975, 118)]"
2019-06-28 12:40:00,ASK_DEPTH,"[(100236, 166)]"
2019-06-28 12:40:00,IMBALANCE,"[118, 166]"
2019-06-28 12:40:00,HOLDINGS_UPDATED,"{'CASH': 11498914, 'JPM': -18}"
2019-06-28 12:41:00,BID_DEPTH,"[(99515, 164)]"
2019-06-28 12:41:00,ASK_DEPTH,"[(100236, 212)]"
2019-06-28 12:41:00,IMBALANCE,"[164, 212]"
2019-06-28 12:41:00,HOLDINGS_UPDATED,"{'CASH': 11797459, 'JPM': -21}"
2019-06-28 12:42:00,BID_DEPTH,"[(100160, 118)]"
2019-06-28 12:42:00,ASK_DEPTH,"[(100168, 166)]"
2019-06-28 12:42:00,IMBALANCE,"[118, 166]"
2019-06-28 12:42:00,HOLDINGS_UPDATED,"{'CASH': 12097939, 'JPM': -24}"
2019-06-28 12:43:00,BID_DEPTH,"[(100073, 217)]"
2019-06-28 12:43:00,ASK_DEPTH,"[(100168, 265)]"
2019-06-28 12:43:00,IMBALANCE,"[217, 265]"
2019-06-28 12:43:00,HOLDINGS_UPDATED,"{'CASH': 12398158, 'JPM': -27}"
2019-06-28 12:44:00,BID_DEPTH,"[(100066, 164)]"
2019-06-28 12:44:00,ASK_DEPTH,"[(100236, 212)]"
2019-06-28 12:44:00,IMBALANCE,"[164, 212]"
2019-06-28 12:44:00,HOLDINGS_UPDATED,"{'CASH': 12698356, 'JPM': -30}"
2019-06-28 12:45:00,BID_DEPTH,"[(100066, 217)]"
2019-06-28 12:45:00,ASK_DEPTH,"[(100236, 265)]"
2019-06-28 12:45:00,IMBALANCE,"[217, 265]"
2019-06-28 12:45:00,HOLDINGS_UPDATED,"{'CASH': 12998554, 'JPM': -33}"
2019-06-28 12:46:00,BID_DEPTH,"[(100066, 118)]"
2019-06-28 12:46:00,ASK_DEPTH,"[(100341, 166)]"
2019-06-28 12:46:00,IMBALANCE,"[118, 166]"
2019-06-28 12:46:00,HOLDINGS_UPDATED,"{'CASH': 13298752, 'JPM': -36}"
2019-06-28 12:47:00,BID_DEPTH,"[(99511, 382)]"
2019-06-28 12:47:00,ASK_DEPTH,"[(100372, 430)]"
2019-06-28 12:47:00,IMBALANCE,"[382, 430]"
2019-06-28 12:47:00,HOLDINGS_UPDATED,"{'CASH': 13597285, 'JPM': -39}"
2019-06-28 12:48:00,BID_DEPTH,"[(100262, 382)]"
2019-06-28 12:48:00,ASK_DEPTH,"[(100372, 430)]"
2019-06-28 12:48:00,IMBALANCE,"[382, 430]"
2019-06-28 12:48:00,HOLDINGS_UPDATED,"{'CASH': 13898071, 'JPM': -42}"
2019-06-28 12:49:00,BID_DEPTH,"[(100262, 118)]"
2019-06-28 12:49:00,ASK_DEPTH,"[(100460, 166)]"
2019-06-28 12:49:00,IMBALANCE,"[118, 166]"
2019-06-28 12:49:00,HOLDINGS_UPDATED,"{'CASH': 14198857, 'JPM': -45}"
2019-06-28 12:50:00,BID_DEPTH,"[(100262, 218)]"
2019-06-28 12:50:00,ASK_DEPTH,"[(100563, 166)]"
2019-06-28 12:50:00,IMBALANCE,"[218, 166]"
2019-06-28 12:50:00,HOLDINGS_UPDATED,"{'CASH': 14499643, 'JPM': -48}"
2019-06-28 12:51:00,BID_DEPTH,"[(100262, 208)]"
2019-06-28 12:51:00,ASK_DEPTH,"[(100665, 166)]"
2019-06-28 12:51:00,IMBALANCE,"[208, 166]"
2019-06-28 12:51:00,HOLDINGS_UPDATED,"{'CASH': 14800429, 'JPM': -51}"
2019-06-28 12:52:00,BID_DEPTH,"[(100263, 212)]"
2019-06-28 12:52:00,ASK_DEPTH,"[(100712, 164)]"
2019-06-28 12:52:00,IMBALANCE,"[212, 164]"
2019-06-28 12:52:00,HOLDINGS_UPDATED,"{'CASH': 14498293, 'JPM': -48}"
2019-06-28 12:53:00,BID_DEPTH,"[(100263, 243)]"
2019-06-28 12:53:00,ASK_DEPTH,"[(100788, 217)]"
2019-06-28 12:53:00,IMBALANCE,"[243, 217]"
2019-06-28 12:53:00,HOLDINGS_UPDATED,"{'CASH': 14195929, 'JPM': -45}"
2019-06-28 12:54:00,BID_DEPTH,"[(100263, 190)]"
2019-06-28 12:54:00,ASK_DEPTH,"[(100594, 164)]"
2019-06-28 12:54:00,IMBALANCE,"[190, 164]"
2019-06-28 12:54:00,HOLDINGS_UPDATED,"{'CASH': 13894147, 'JPM': -42}"
2019-06-28 12:55:00,BID_DEPTH,"[(100262, 146)]"
2019-06-28 12:55:00,ASK_DEPTH,"[(100863, 118)]"
2019-06-28 12:55:00,IMBALANCE,"[146, 118]"
2019-06-28 12:55:00,HOLDINGS_UPDATED,"{'CASH': 13591558, 'JPM': -39}"
2019-06-28 12:56:00,BID_DEPTH,"[(100240, 265)]"
2019-06-28 12:56:00,ASK_DEPTH,"[(100863, 217)]"
2019-06-28 12:56:00,IMBALANCE,"[265, 217]"
2019-06-28 12:56:00,HOLDINGS_UPDATED,"{'CASH': 13288969, 'JPM': -36}"
2019-06-28 12:57:00,BID_DEPTH,"[(99033, 182)]"
2019-06-28 12:57:00,ASK_DEPTH,"[(99228, 134)]"
2019-06-28 12:57:00,IMBALANCE,"[182, 134]"
2019-06-28 12:57:00,HOLDINGS_UPDATED,"{'CASH': 12991285, 'JPM': -33}"
2019-06-28 12:58:00,BID_DEPTH,"[(99322, 265)]"
2019-06-28 12:58:00,ASK_DEPTH,"[(99361, 217)]"
2019-06-28 12:58:00,IMBALANCE,"[265, 217]"
2019-06-28 12:58:00,HOLDINGS_UPDATED,"{'CASH': 12693202, 'JPM': -30}"
2019-06-28 12:59:00,BID_DEPTH,"[(99750, 182)]"
2019-06-28 12:59:00,ASK_DEPTH,"[(100240, 134)]"
2019-06-28 12:59:00,IMBALANCE,"[182, 134]"
2019-06-28 12:59:00,HOLDINGS_UPDATED,"{'CASH': 12392482, 'JPM': -27}"
2019-06-28 13:00:00,BID_DEPTH,"[(99751, 212)]"
2019-06-28 13:00:00,ASK_DEPTH,"[(99834, 164)]"
2019-06-28 13:00:00,IMBALANCE,"[212, 164]"
2019-06-28 13:00:00,HOLDINGS_UPDATED,"{'CASH': 12092980, 'JPM': -24}"
2019-06-28 13:01:00,BID_DEPTH,"[(99840, 166)]"
2019-06-28 13:01:00,ASK_DEPTH,"[(99932, 118)]"
2019-06-28 13:01:00,IMBALANCE,"[166, 118]"
2019-06-28 13:01:00,HOLDINGS_UPDATED,"{'CASH': 11793184, 'JPM': -21}"
2019-06-28 13:02:00,BID_DEPTH,"[(100101, 166)]"
2019-06-28 13:02:00,ASK_DEPTH,"[(100304, 118)]"
2019-06-28 13:02:00,IMBALANCE,"[166, 118]"
2019-06-28 13:02:00,HOLDINGS_UPDATED,"{'CASH': 11492272, 'JPM': -18}"
2019-06-28 13:03:00,BID_DEPTH,"[(100270, 265)]"
2019-06-28 13:03:00,ASK_DEPTH,"[(100271, 217)]"
2019-06-28 13:03:00,IMBALANCE,"[265, 217]"
2019-06-28 13:03:00,HOLDINGS_UPDATED,"{'CASH': 11191459, 'JPM': -15}"
2019-06-28 13:04:00,BID_DEPTH,"[(100490, 265)]"
2019-06-28 13:04:00,ASK_DEPTH,"[(100596, 217)]"
2019-06-28 13:04:00,IMBALANCE,"[265, 217]"
2019-06-28 13:04:00,HOLDINGS_UPDATED,"{'CASH': 10889671, 'JPM': -12}"
2019-06-28 13:05:00,BID_DEPTH,"[(100490, 212)]"
2019-06-28 13:05:00,ASK_DEPTH,"[(100517, 164)]"
2019-06-28 13:05:00,IMBALANCE,"[212, 164]"
2019-06-28 13:05:00,HOLDINGS_UPDATED,"{'CASH': 10588120, 'JPM': -9}"
2019-06-28 13:06:00,BID_DEPTH,"[(100490, 182)]"
2019-06-28 13:06:00,ASK_DEPTH,"[(100588, 134)]"
2019-06-28 13:06:00,IMBALANCE,"[182, 134]"
2019-06-28 13:06:00,HOLDINGS_UPDATED,"{'CASH': 10286356, 'JPM': -6}"
2019-06-28 13:07:00,BID_DEPTH,"[(100490, 166)]"
2019-06-28 13:07:00,ASK_DEPTH,"[(100588, 118)]"
2019-06-28 13:07:00,IMBALANCE,"[166, 118]"
2019-06-28 13:07:00,HOLDINGS_UPDATED,"{'CASH': 9984592, 'JPM': -3}"
2019-06-28 13:08:00,BID_DEPTH,"[(100533, 212)]"
2019-06-28 13:08:00,ASK_DEPTH,"[(100596, 164)]"
2019-06-28 13:08:00,IMBALANCE,"[212, 164]"
2019-06-28 13:08:00,HOLDINGS_UPDATED,{'CASH': 9682804}
2019-06-28 13:09:00,BID_DEPTH,"[(100533, 166)]"
2019-06-28 13:09:00,ASK_DEPTH,"[(100733, 118)]"
2019-06-28 13:09:00,IMBALANCE,"[166, 118]"
2019-06-28 13:09:00,HOLDINGS_UPDATED,"{'CASH': 9380605, 'JPM': 3}"
2019-06-28 13:10:00,BID_DEPTH,"[(100347, 182)]"
2019-06-28 13:10:00,ASK_DEPTH,"[(100867, 134)]"
2019-06-28 13:10:00,IMBALANCE,"[182, 134]"
2019-06-28 13:10:00,HOLDINGS_UPDATED,"{'CASH': 9078004, 'JPM': 6}"
2019-06-28 13:11:00,BID_DEPTH,"[(100474, 430)]"
2019-06-28 13:11:00,ASK_DEPTH,"[(100912, 382)]"
2019-06-28 13:11:00,IMBALANCE,"[430, 382]"
2019-06-28 13:11:00,HOLDINGS_UPDATED,"{'CASH': 8775268, 'JPM': 9}"
2019-06-28 13:12:00,BID_DEPTH,"[(100356, 265)]"
2019-06-28 13:12:00,ASK_DEPTH,"[(100474, 317)]"
2019-06-28 13:12:00,IMBALANCE,"[265, 317]"
2019-06-28 13:12:00,HOLDINGS_UPDATED,"{'CASH': 8473846, 'JPM': 12}"
2019-06-28 13:13:00,BID_DEPTH,"[(100347, 265)]"
2019-06-28 13:13:00,ASK_DEPTH,"[(100474, 307)]"
2019-06-28 13:13:00,IMBALANCE,"[265, 307]"
2019-06-28 13:13:00,HOLDINGS_UPDATED,"{'CASH': 8172424, 'JPM': 15}"
2019-06-28 13:14:00,BID_DEPTH,"[(100286, 265)]"
2019-06-28 13:14:00,ASK_DEPTH,"[(100474, 197)]"
2019-06-28 13:14:00,IMBALANCE,"[265, 197]"
2019-06-28 13:14:00,HOLDINGS_UPDATED,"{'CASH': 7871002, 'JPM': 18}"
2019-06-28 13:15:00,BID_DEPTH,"[(100313, 182)]"
2019-06-28 13:15:00,ASK_DEPTH,"[(100549, 134)]"
2019-06-28 13:15:00,IMBALANCE,"[182, 134]"
2019-06-28 13:15:00,HOLDINGS_UPDATED,"{'CASH': 7569355, 'JPM': 21}"
2019-06-28 13:16:00,BID_DEPTH,"[(100313, 182)]"
2019-06-28 13:16:00,ASK_DEPTH,"[(100381, 134)]"
2019-06-28 13:16:00,IMBALANCE,"[182, 134]"
2019-06-28 13:16:00,HOLDINGS_UPDATED,"{'CASH': 7268212, 'JPM': 24}"
2019-06-28 13:17:00,BID_DEPTH,"[(100313, 265)]"
2019-06-28 13:17:00,ASK_DEPTH,"[(100549, 217)]"
2019-06-28 13:17:00,IMBALANCE,"[265, 217]"
2019-06-28 13:17:00,HOLDINGS_UPDATED,"{'CASH': 6966565, 'JPM': 27}"
2019-06-28 13:18:00,BID_DEPTH,"[(100313, 265)]"
2019-06-28 13:18:00,ASK_DEPTH,"[(101348, 217)]"
2019-06-28 13:18:00,IMBALANCE,"[265, 217]"
2019-06-28 13:18:00,HOLDINGS_UPDATED,"{'CASH': 6662521, 'JPM': 30}"
2019-06-28 13:19:00,BID_DEPTH,"[(100264, 182)]"
2019-06-28 13:19:00,ASK_DEPTH,"[(101348, 39)]"
2019-06-28 13:19:00,IMBALANCE,"[182, 39]"
2019-06-28 13:19:00,HOLDINGS_UPDATED,"{'CASH': 6358477, 'JPM': 33}"
2019-06-28 13:20:00,BID_DEPTH,"[(100264, 265)]"
2019-06-28 13:20:00,ASK_DEPTH,"[(101348, 134)]"
2019-06-28 13:20:00,IMBALANCE,"[265, 134]"
2019-06-28 13:20:00,HOLDINGS_UPDATED,"{'CASH': 6054433, 'JPM': 36}"
2019-06-28 13:21:00,BID_DEPTH,"[(100264, 265)]"
2019-06-28 13:21:00,ASK_DEPTH,"[(101348, 217)]"
2019-06-28 13:21:00,IMBALANCE,"[265, 217]"
2019-06-28 13:21:00,HOLDINGS_UPDATED,"{'CASH': 5750389, 'JPM': 39}"
2019-06-28 13:22:00,BID_DEPTH,"[(100142, 166)]"
2019-06-28 13:22:00,ASK_DEPTH,"[(101348, 118)]"
2019-06-28 13:22:00,IMBALANCE,"[166, 118]"
2019-06-28 13:22:00,HOLDINGS_UPDATED,"{'CASH': 5446345, 'JPM': 42}"
2019-06-28 13:23:00,BID_DEPTH,"[(99993, 430)]"
2019-06-28 13:23:00,ASK_DEPTH,"[(100066, 316)]"
2019-06-28 13:23:00,IMBALANCE,"[430, 316]"
2019-06-28 13:23:00,HOLDINGS_UPDATED,"{'CASH': 5146147, 'JPM': 45}"
2019-06-28 13:24:00,BID_DEPTH,"[(99983, 182)]"
2019-06-28 13:24:00,ASK_DEPTH,"[(99993, 134)]"
2019-06-28 13:24:00,IMBALANCE,"[182, 134]"
2019-06-28 13:24:00,HOLDINGS_UPDATED,"{'CASH': 4846168, 'JPM': 48}"
2019-06-28 13:25:00,BID_DEPTH,"[(99983, 265)]"
2019-06-28 13:25:00,ASK_DEPTH,"[(99993, 217)]"
2019-06-28 13:25:00,IMBALANCE,"[265, 217]"
2019-06-28 13:25:00,HOLDINGS_UPDATED,"{'CASH': 4546189, 'JPM': 51}"
2019-06-28 13:26:00,BID_DEPTH,"[(99993, 182)]"
2019-06-28 13:26:00,ASK_DEPTH,"[(101348, 134)]"
2019-06-28 13:26:00,IMBALANCE,"[182, 134]"
2019-06-28 13:26:00,HOLDINGS_UPDATED,"{'CASH': 4242145, 'JPM': 54}"
2019-06-28 13:27:00,BID_DEPTH,"[(100011, 182)]"
2019-06-28 13:27:00,ASK_DEPTH,"[(101473, 117)]"
2019-06-28 13:27:00,IMBALANCE,"[182, 117]"
2019-06-28 13:27:00,HOLDINGS_UPDATED,"{'CASH': 3937726, 'JPM': 57}"
2019-06-28 13:28:00,BID_DEPTH,"[(100105, 430)]"
2019-06-28 13:28:00,ASK_DEPTH,"[(100329, 382)]"
2019-06-28 13:28:00,IMBALANCE,"[430, 382]"
2019-06-28 13:28:00,HOLDINGS_UPDATED,"{'CASH': 3636739, 'JPM': 60}"
2019-06-28 13:29:00,BID_DEPTH,"[(100011, 430)]"
2019-06-28 13:29:00,ASK_DEPTH,"[(100429, 382)]"
2019-06-28 13:29:00,IMBALANCE,"[430, 382]"
2019-06-28 13:29:00,HOLDINGS_UPDATED,"{'CASH': 3335452, 'JPM': 63}"
2019-06-28 13:30:00,BID_DEPTH,"[(100102, 212)]"
2019-06-28 13:30:00,ASK_DEPTH,"[(100429, 164)]"
2019-06-28 13:30:00,IMBALANCE,"[212, 164]"
2019-06-28 13:30:00,HOLDINGS_UPDATED,"{'CASH': 3034165, 'JPM': 66}"
2019-06-28 13:31:00,BID_DEPTH,"[(99993, 430)]"
2019-06-28 13:31:00,ASK_DEPTH,"[(100429, 382)]"
2019-06-28 13:31:00,IMBALANCE,"[430, 382]"
2019-06-28 13:31:00,HOLDINGS_UPDATED,"{'CASH': 2732878, 'JPM': 69}"
2019-06-28 13:32:00,BID_DEPTH,"[(99983, 212)]"
2019-06-28 13:32:00,ASK_DEPTH,"[(100429, 264)]"
2019-06-28 13:32:00,IMBALANCE,"[212, 264]"
2019-06-28 13:32:00,HOLDINGS_UPDATED,"{'CASH': 2431591, 'JPM': 72}"
2019-06-28 13:33:00,BID_DEPTH,"[(99795, 430)]"
2019-06-28 13:33:00,ASK_DEPTH,"[(100429, 472)]"
2019-06-28 13:33:00,IMBALANCE,"[430, 472]"
2019-06-28 13:33:00,HOLDINGS_UPDATED,"{'CASH': 2130304, 'JPM': 75}"
2019-06-28 13:34:00,BID_DEPTH,"[(99795, 430)]"
2019-06-28 13:34:00,ASK_DEPTH,"[(100429, 562)]"
2019-06-28 13:34:00,IMBALANCE,"[430, 562]"
2019-06-28 13:34:00,HOLDINGS_UPDATED,"{'CASH': 1829017, 'JPM': 78}"
2019-06-28 13:35:00,BID_DEPTH,"[(99791, 430)]"
2019-06-28 13:35:00,ASK_DEPTH,"[(100429, 452)]"
2019-06-28 13:35:00,IMBALANCE,"[430, 452]"
2019-06-28 13:35:00,HOLDINGS_UPDATED,"{'CASH': 1527730, 'JPM': 81}"
2019-06-28 13:36:00,BID_DEPTH,"[(99750, 430)]"
2019-06-28 13:36:00,ASK_DEPTH,"[(100429, 442)]"
2019-06-28 13:36:00,IMBALANCE,"[430, 442]"
2019-06-28 13:36:00,HOLDINGS_UPDATED,"{'CASH': 1226443, 'JPM': 84}"
2019-06-28 13:37:00,BID_DEPTH,"[(99697, 430)]"
2019-06-28 13:37:00,ASK_DEPTH,"[(100428, 482)]"
2019-06-28 13:37:00,IMBALANCE,"[430, 482]"
2019-06-28 13:37:00,HOLDINGS_UPDATED,"{'CASH': 925159, 'JPM': 87}"
2019-06-28 13:38:00,BID_DEPTH,"[(99697, 134)]"
2019-06-28 13:38:00,ASK_DEPTH,"[(100428, 272)]"
2019-06-28 13:38:00,IMBALANCE,"[134, 272]"
2019-06-28 13:38:00,HOLDINGS_UPDATED,"{'CASH': 1224250, 'JPM': 84}"
2019-06-28 13:39:00,BID_DEPTH,"[(99697, 129)]"
2019-06-28 13:39:00,ASK_DEPTH,"[(100428, 433)]"
2019-06-28 13:39:00,IMBALANCE,"[129, 433]"
2019-06-28 13:39:00,HOLDINGS_UPDATED,"{'CASH': 1523341, 'JPM': 81}"
2019-06-28 13:40:00,BID_DEPTH,"[(99406, 382)]"
2019-06-28 13:40:00,ASK_DEPTH,"[(100428, 598)]"
2019-06-28 13:40:00,IMBALANCE,"[382, 598]"
2019-06-28 13:40:00,HOLDINGS_UPDATED,"{'CASH': 1821559, 'JPM': 78}"
2019-06-28 13:41:00,BID_DEPTH,"[(99373, 382)]"
2019-06-28 13:41:00,ASK_DEPTH,"[(100428, 598)]"
2019-06-28 13:41:00,IMBALANCE,"[382, 598]"
2019-06-28 13:41:00,HOLDINGS_UPDATED,"{'CASH': 2119678, 'JPM': 75}"
2019-06-28 13:42:00,BID_DEPTH,"[(99355, 118)]"
2019-06-28 13:42:00,ASK_DEPTH,"[(99373, 366)]"
2019-06-28 13:42:00,IMBALANCE,"[118, 366]"
2019-06-28 13:42:00,HOLDINGS_UPDATED,"{'CASH': 2417743, 'JPM': 72}"
2019-06-28 13:43:00,BID_DEPTH,"[(99239, 134)]"
2019-06-28 13:43:00,ASK_DEPTH,"[(99267, 116)]"
2019-06-28 13:43:00,IMBALANCE,"[134, 116]"
2019-06-28 13:43:00,HOLDINGS_UPDATED,"{'CASH': 2715460, 'JPM': 69}"
2019-06-28 13:44:00,BID_DEPTH,"[(99110, 118)]"
2019-06-28 13:44:00,ASK_DEPTH,"[(99239, 79)]"
2019-06-28 13:44:00,IMBALANCE,"[118, 79]"
2019-06-28 13:44:00,HOLDINGS_UPDATED,"{'CASH': 3012790, 'JPM': 66}"
2019-06-28 13:45:00,BID_DEPTH,"[(99239, 164)]"
2019-06-28 13:45:00,ASK_DEPTH,"[(99373, 312)]"
2019-06-28 13:45:00,IMBALANCE,"[164, 312]"
2019-06-28 13:45:00,HOLDINGS_UPDATED,"{'CASH': 3310507, 'JPM': 63}"
2019-06-28 13:46:00,BID_DEPTH,"[(99239, 287)]"
2019-06-28 13:46:00,ASK_DEPTH,"[(99373, 530)]"
2019-06-28 13:46:00,IMBALANCE,"[287, 530]"
2019-06-28 13:46:00,HOLDINGS_UPDATED,"{'CASH': 3608224, 'JPM': 60}"
2019-06-28 13:47:00,BID_DEPTH,"[(99239, 39)]"
2019-06-28 13:47:00,ASK_DEPTH,"[(99373, 282)]"
2019-06-28 13:47:00,IMBALANCE,"[39, 282]"
2019-06-28 13:47:00,HOLDINGS_UPDATED,"{'CASH': 3905941, 'JPM': 57}"
2019-06-28 13:48:00,BID_DEPTH,"[(99111, 217)]"
2019-06-28 13:48:00,ASK_DEPTH,"[(99239, 83)]"
2019-06-28 13:48:00,IMBALANCE,"[217, 83]"
2019-06-28 13:48:00,HOLDINGS_UPDATED,"{'CASH': 4203274, 'JPM': 54}"
2019-06-28 13:49:00,BID_DEPTH,"[(99111, 342)]"
2019-06-28 13:49:00,ASK_DEPTH,"[(99239, 113)]"
2019-06-28 13:49:00,IMBALANCE,"[342, 113]"
2019-06-28 13:49:00,HOLDINGS_UPDATED,"{'CASH': 4500607, 'JPM': 51}"
2019-06-28 13:50:00,BID_DEPTH,"[(99111, 291)]"
2019-06-28 13:50:00,ASK_DEPTH,"[(99373, 166)]"
2019-06-28 13:50:00,IMBALANCE,"[291, 166]"
2019-06-28 13:50:00,HOLDINGS_UPDATED,"{'CASH': 4797940, 'JPM': 48}"
2019-06-28 13:51:00,BID_DEPTH,"[(99111, 285)]"
2019-06-28 13:51:00,ASK_DEPTH,"[(99373, 265)]"
2019-06-28 13:51:00,IMBALANCE,"[285, 265]"
2019-06-28 13:51:00,HOLDINGS_UPDATED,"{'CASH': 5095273, 'JPM': 45}"
2019-06-28 13:52:00,BID_DEPTH,"[(99302, 217)]"
2019-06-28 13:52:00,ASK_DEPTH,"[(99373, 265)]"
2019-06-28 13:52:00,IMBALANCE,"[217, 265]"
2019-06-28 13:52:00,HOLDINGS_UPDATED,"{'CASH': 5393179, 'JPM': 42}"
2019-06-28 13:53:00,BID_DEPTH,"[(99302, 134)]"
2019-06-28 13:53:00,ASK_DEPTH,"[(99733, 182)]"
2019-06-28 13:53:00,IMBALANCE,"[134, 182]"
2019-06-28 13:53:00,HOLDINGS_UPDATED,"{'CASH': 5691085, 'JPM': 39}"
2019-06-28 13:54:00,BID_DEPTH,"[(99136, 382)]"
2019-06-28 13:54:00,ASK_DEPTH,"[(99881, 430)]"
2019-06-28 13:54:00,IMBALANCE,"[382, 430]"
2019-06-28 13:54:00,HOLDINGS_UPDATED,"{'CASH': 5988493, 'JPM': 36}"
2019-06-28 13:55:00,BID_DEPTH,"[(99136, 218)]"
2019-06-28 13:55:00,ASK_DEPTH,"[(99881, 166)]"
2019-06-28 13:55:00,IMBALANCE,"[218, 166]"
2019-06-28 13:55:00,HOLDINGS_UPDATED,"{'CASH': 6285901, 'JPM': 33}"
2019-06-28 13:56:00,BID_DEPTH,"[(99682, 382)]"
2019-06-28 13:56:00,ASK_DEPTH,"[(99881, 430)]"
2019-06-28 13:56:00,IMBALANCE,"[382, 430]"
2019-06-28 13:56:00,HOLDINGS_UPDATED,"{'CASH': 6584947, 'JPM': 30}"
2019-06-28 13:57:00,BID_DEPTH,"[(99774, 164)]"
2019-06-28 13:57:00,ASK_DEPTH,"[(99801, 212)]"
2019-06-28 13:57:00,IMBALANCE,"[164, 212]"
2019-06-28 13:57:00,HOLDINGS_UPDATED,"{'CASH': 6884269, 'JPM': 27}"
2019-06-28 13:58:00,BID_DEPTH,"[(99774, 317)]"
2019-06-28 13:58:00,ASK_DEPTH,"[(99809, 265)]"
2019-06-28 13:58:00,IMBALANCE,"[317, 265]"
2019-06-28 13:58:00,HOLDINGS_UPDATED,"{'CASH': 7183591, 'JPM': 24}"
2019-06-28 13:59:00,BID_DEPTH,"[(99775, 118)]"
2019-06-28 13:59:00,ASK_DEPTH,"[(99872, 166)]"
2019-06-28 13:59:00,IMBALANCE,"[118, 166]"
2019-06-28 13:59:00,HOLDINGS_UPDATED,"{'CASH': 7482916, 'JPM': 21}"
2019-06-28 14:00:00,BID_DEPTH,"[(99774, 124)]"
2019-06-28 14:00:00,ASK_DEPTH,"[(99775, 182)]"
2019-06-28 14:00:00,IMBALANCE,"[124, 182]"
2019-06-28 14:00:00,HOLDINGS_UPDATED,"{'CASH': 7782238, 'JPM': 18}"
2019-06-28 14:01:00,BID_DEPTH,"[(99136, 224)]"
2019-06-28 14:01:00,ASK_DEPTH,"[(99774, 182)]"
2019-06-28 14:01:00,IMBALANCE,"[224, 182]"
2019-06-28 14:01:00,HOLDINGS_UPDATED,"{'CASH': 8079646, 'JPM': 15}"
2019-06-28 14:02:00,BID_DEPTH,"[(99478, 217)]"
2019-06-28 14:02:00,ASK_DEPTH,"[(99774, 265)]"
2019-06-28 14:02:00,IMBALANCE,"[217, 265]"
2019-06-28 14:02:00,HOLDINGS_UPDATED,"{'CASH': 8378080, 'JPM': 12}"
2019-06-28 14:03:00,BID_DEPTH,"[(99136, 198)]"
2019-06-28 14:03:00,ASK_DEPTH,"[(99478, 266)]"
2019-06-28 14:03:00,IMBALANCE,"[198, 266]"
2019-06-28 14:03:00,HOLDINGS_UPDATED,"{'CASH': 8675488, 'JPM': 9}"
2019-06-28 14:04:00,BID_DEPTH,"[(99136, 287)]"
2019-06-28 14:04:00,ASK_DEPTH,"[(99567, 265)]"
2019-06-28 14:04:00,IMBALANCE,"[287, 265]"
2019-06-28 14:04:00,HOLDINGS_UPDATED,"{'CASH': 8972896, 'JPM': 6}"
2019-06-28 14:05:00,BID_DEPTH,"[(99136, 124)]"
2019-06-28 14:05:00,ASK_DEPTH,"[(99872, 212)]"
2019-06-28 14:05:00,IMBALANCE,"[124, 212]"
2019-06-28 14:05:00,HOLDINGS_UPDATED,"{'CASH': 9270304, 'JPM': 3}"
2019-06-28 14:06:00,BID_DEPTH,"[(99121, 382)]"
2019-06-28 14:06:00,ASK_DEPTH,"[(99881, 430)]"
2019-06-28 14:06:00,IMBALANCE,"[382, 430]"
2019-06-28 14:06:00,HOLDINGS_UPDATED,{'CASH': 9567667}
2019-06-28 14:07:00,BID_DEPTH,"[(99469, 134)]"
2019-06-28 14:07:00,ASK_DEPTH,"[(99881, 182)]"
2019-06-28 14:07:00,IMBALANCE,"[134, 182]"
2019-06-28 14:07:00,HOLDINGS_UPDATED,"{'CASH': 9866074, 'JPM': -3}"
2019-06-28 14:08:00,BID_DEPTH,"[(99121, 317)]"
2019-06-28 14:08:00,ASK_DEPTH,"[(99881, 265)]"
2019-06-28 14:08:00,IMBALANCE,"[317, 265]"
2019-06-28 14:08:00,HOLDINGS_UPDATED,"{'CASH': 10163437, 'JPM': -6}"
2019-06-28 14:09:00,BID_DEPTH,"[(99668, 382)]"
2019-06-28 14:09:00,ASK_DEPTH,"[(99786, 430)]"
2019-06-28 14:09:00,IMBALANCE,"[382, 430]"
2019-06-28 14:09:00,HOLDINGS_UPDATED,"{'CASH': 10462441, 'JPM': -9}"
2019-06-28 14:10:00,BID_DEPTH,"[(99664, 118)]"
2019-06-28 14:10:00,ASK_DEPTH,"[(99803, 166)]"
2019-06-28 14:10:00,IMBALANCE,"[118, 166]"
2019-06-28 14:10:00,HOLDINGS_UPDATED,"{'CASH': 10761433, 'JPM': -12}"
2019-06-28 14:11:00,BID_DEPTH,"[(99656, 164)]"
2019-06-28 14:11:00,ASK_DEPTH,"[(99803, 212)]"
2019-06-28 14:11:00,IMBALANCE,"[164, 212]"
2019-06-28 14:11:00,HOLDINGS_UPDATED,"{'CASH': 11060401, 'JPM': -15}"
2019-06-28 14:12:00,BID_DEPTH,"[(99634, 217)]"
2019-06-28 14:12:00,ASK_DEPTH,"[(99803, 265)]"
2019-06-28 14:12:00,IMBALANCE,"[217, 265]"
2019-06-28 14:12:00,HOLDINGS_UPDATED,"{'CASH': 11359303, 'JPM': -18}"
2019-06-28 14:13:00,BID_DEPTH,"[(99529, 382)]"
2019-06-28 14:13:00,ASK_DEPTH,"[(99701, 430)]"
2019-06-28 14:13:00,IMBALANCE,"[382, 430]"
2019-06-28 14:13:00,HOLDINGS_UPDATED,"{'CASH': 11657890, 'JPM': -21}"
2019-06-28 14:14:00,BID_DEPTH,"[(99529, 164)]"
2019-06-28 14:14:00,ASK_DEPTH,"[(99701, 212)]"
2019-06-28 14:14:00,IMBALANCE,"[164, 212]"
2019-06-28 14:14:00,HOLDINGS_UPDATED,"{'CASH': 11956477, 'JPM': -24}"
2019-06-28 14:15:00,BID_DEPTH,"[(99701, 122)]"
2019-06-28 14:15:00,ASK_DEPTH,"[(99804, 182)]"
2019-06-28 14:15:00,IMBALANCE,"[122, 182]"
2019-06-28 14:15:00,HOLDINGS_UPDATED,"{'CASH': 12255580, 'JPM': -27}"
2019-06-28 14:16:00,BID_DEPTH,"[(99804, 118)]"
2019-06-28 14:16:00,ASK_DEPTH,"[(99881, 166)]"
2019-06-28 14:16:00,IMBALANCE,"[118, 166]"
2019-06-28 14:16:00,HOLDINGS_UPDATED,"{'CASH': 12554992, 'JPM': -30}"
2019-06-28 14:17:00,BID_DEPTH,"[(99804, 134)]"
2019-06-28 14:17:00,ASK_DEPTH,"[(99894, 182)]"
2019-06-28 14:17:00,IMBALANCE,"[134, 182]"
2019-06-28 14:17:00,HOLDINGS_UPDATED,"{'CASH': 12854404, 'JPM': -33}"
2019-06-28 14:18:00,BID_DEPTH,"[(99529, 118)]"
2019-06-28 14:18:00,ASK_DEPTH,"[(99926, 166)]"
2019-06-28 14:18:00,IMBALANCE,"[118, 166]"
2019-06-28 14:18:00,HOLDINGS_UPDATED,"{'CASH': 13152991, 'JPM': -36}"
2019-06-28 14:19:00,BID_DEPTH,"[(100086, 118)]"
2019-06-28 14:19:00,ASK_DEPTH,"[(100114, 166)]"
2019-06-28 14:19:00,IMBALANCE,"[118, 166]"
2019-06-28 14:19:00,HOLDINGS_UPDATED,"{'CASH': 13453249, 'JPM': -39}"
2019-06-28 14:20:00,BID_DEPTH,"[(100086, 164)]"
2019-06-28 14:20:00,ASK_DEPTH,"[(100150, 212)]"
2019-06-28 14:20:00,IMBALANCE,"[164, 212]"
2019-06-28 14:20:00,HOLDINGS_UPDATED,"{'CASH': 13753507, 'JPM': -42}"
2019-06-28 14:21:00,BID_DEPTH,"[(100086, 94)]"
2019-06-28 14:21:00,ASK_DEPTH,"[(100209, 134)]"
2019-06-28 14:21:00,IMBALANCE,"[94, 134]"
2019-06-28 14:21:00,HOLDINGS_UPDATED,"{'CASH': 13452880, 'JPM': -39}"
2019-06-28 14:22:00,BID_DEPTH,"[(100086, 94)]"
2019-06-28 14:22:00,ASK_DEPTH,"[(100197, 134)]"
2019-06-28 14:22:00,IMBALANCE,"[94, 134]"
2019-06-28 14:22:00,HOLDINGS_UPDATED,"{'CASH': 13152289, 'JPM': -36}"
2019-06-28 14:23:00,BID_DEPTH,"[(100209, 178)]"
2019-06-28 14:23:00,ASK_DEPTH,"[(100289, 217)]"
2019-06-28 14:23:00,IMBALANCE,"[178, 217]"
2019-06-28 14:23:00,HOLDINGS_UPDATED,"{'CASH': 12851422, 'JPM': -33}"
2019-06-28 14:24:00,BID_DEPTH,"[(100289, 125)]"
2019-06-28 14:24:00,ASK_DEPTH,"[(100366, 164)]"
2019-06-28 14:24:00,IMBALANCE,"[125, 164]"
2019-06-28 14:24:00,HOLDINGS_UPDATED,"{'CASH': 12550324, 'JPM': -30}"
2019-06-28 14:25:00,BID_DEPTH,"[(100289, 125)]"
2019-06-28 14:25:00,ASK_DEPTH,"[(100396, 164)]"
2019-06-28 14:25:00,IMBALANCE,"[125, 164]"
2019-06-28 14:25:00,HOLDINGS_UPDATED,"{'CASH': 12249136, 'JPM': -27}"
2019-06-28 14:26:00,BID_DEPTH,"[(100396, 430)]"
2019-06-28 14:26:00,ASK_DEPTH,"[(100530, 382)]"
2019-06-28 14:26:00,IMBALANCE,"[430, 382]"
2019-06-28 14:26:00,HOLDINGS_UPDATED,"{'CASH': 11947546, 'JPM': -24}"
2019-06-28 14:27:00,BID_DEPTH,"[(100412, 182)]"
2019-06-28 14:27:00,ASK_DEPTH,"[(100538, 134)]"
2019-06-28 14:27:00,IMBALANCE,"[182, 134]"
2019-06-28 14:27:00,HOLDINGS_UPDATED,"{'CASH': 11645932, 'JPM': -21}"
2019-06-28 14:28:00,BID_DEPTH,"[(100396, 182)]"
2019-06-28 14:28:00,ASK_DEPTH,"[(100538, 139)]"
2019-06-28 14:28:00,IMBALANCE,"[182, 139]"
2019-06-28 14:28:00,HOLDINGS_UPDATED,"{'CASH': 11344318, 'JPM': -18}"
2019-06-28 14:29:00,BID_DEPTH,"[(100373, 430)]"
2019-06-28 14:29:00,ASK_DEPTH,"[(100538, 287)]"
2019-06-28 14:29:00,IMBALANCE,"[430, 287]"
2019-06-28 14:29:00,HOLDINGS_UPDATED,"{'CASH': 11042704, 'JPM': -15}"
2019-06-28 14:30:00,BID_DEPTH,"[(100538, 359)]"
2019-06-28 14:30:00,ASK_DEPTH,"[(100586, 382)]"
2019-06-28 14:30:00,IMBALANCE,"[359, 382]"
2019-06-28 14:30:00,HOLDINGS_UPDATED,"{'CASH': 10740946, 'JPM': -12}"
2019-06-28 14:31:00,BID_DEPTH,"[(100373, 265)]"
2019-06-28 14:31:00,ASK_DEPTH,"[(100586, 122)]"
2019-06-28 14:31:00,IMBALANCE,"[265, 122]"
2019-06-28 14:31:00,HOLDINGS_UPDATED,"{'CASH': 10439188, 'JPM': -9}"
2019-06-28 14:32:00,BID_DEPTH,"[(100373, 265)]"
2019-06-28 14:32:00,ASK_DEPTH,"[(100586, 222)]"
2019-06-28 14:32:00,IMBALANCE,"[265, 222]"
2019-06-28 14:32:00,HOLDINGS_UPDATED,"{'CASH': 10137430, 'JPM': -6}"
2019-06-28 14:33:00,BID_DEPTH,"[(100373, 430)]"
2019-06-28 14:33:00,ASK_DEPTH,"[(100586, 287)]"
2019-06-28 14:33:00,IMBALANCE,"[430, 287]"
2019-06-28 14:33:00,HOLDINGS_UPDATED,"{'CASH': 9835672, 'JPM': -3}"
2019-06-28 14:34:00,BID_DEPTH,"[(100209, 178)]"
2019-06-28 14:34:00,ASK_DEPTH,"[(100586, 122)]"
2019-06-28 14:34:00,IMBALANCE,"[178, 122]"
2019-06-28 14:34:00,HOLDINGS_UPDATED,{'CASH': 9533914}
2019-06-28 14:35:00,BID_DEPTH,"[(100197, 266)]"
2019-06-28 14:35:00,ASK_DEPTH,"[(100628, 118)]"
2019-06-28 14:35:00,IMBALANCE,"[266, 118]"
2019-06-28 14:35:00,HOLDINGS_UPDATED,"{'CASH': 9232030, 'JPM': 3}"
2019-06-28 14:36:00,BID_DEPTH,"[(100160, 265)]"
2019-06-28 14:36:00,ASK_DEPTH,"[(100643, 217)]"
2019-06-28 14:36:00,IMBALANCE,"[265, 217]"
2019-06-28 14:36:00,HOLDINGS_UPDATED,"{'CASH': 8930101, 'JPM': 6}"
2019-06-28 14:37:00,BID_DEPTH,"[(100086, 342)]"
2019-06-28 14:37:00,ASK_DEPTH,"[(100647, 382)]"
2019-06-28 14:37:00,IMBALANCE,"[342, 382]"
2019-06-28 14:37:00,HOLDINGS_UPDATED,"{'CASH': 8628160, 'JPM': 9}"
2019-06-28 14:38:00,BID_DEPTH,"[(100459, 166)]"
2019-06-28 14:38:00,ASK_DEPTH,"[(100578, 118)]"
2019-06-28 14:38:00,IMBALANCE,"[166, 118]"
2019-06-28 14:38:00,HOLDINGS_UPDATED,"{'CASH': 8326426, 'JPM': 12}"
2019-06-28 14:39:00,BID_DEPTH,"[(100459, 182)]"
2019-06-28 14:39:00,ASK_DEPTH,"[(100578, 134)]"
2019-06-28 14:39:00,IMBALANCE,"[182, 134]"
2019-06-28 14:39:00,HOLDINGS_UPDATED,"{'CASH': 8024692, 'JPM': 15}"
2019-06-28 14:40:00,BID_DEPTH,"[(100459, 430)]"
2019-06-28 14:40:00,ASK_DEPTH,"[(100682, 382)]"
2019-06-28 14:40:00,IMBALANCE,"[430, 382]"
2019-06-28 14:40:00,HOLDINGS_UPDATED,"{'CASH': 7722646, 'JPM': 18}"
2019-06-28 14:41:00,BID_DEPTH,"[(100682, 265)]"
2019-06-28 14:41:00,ASK_DEPTH,"[(100926, 217)]"
2019-06-28 14:41:00,IMBALANCE,"[265, 217]"
2019-06-28 14:41:00,HOLDINGS_UPDATED,"{'CASH': 7419868, 'JPM': 21}"
2019-06-28 14:42:00,BID_DEPTH,"[(100682, 430)]"
2019-06-28 14:42:00,ASK_DEPTH,"[(100926, 287)]"
2019-06-28 14:42:00,IMBALANCE,"[430, 287]"
2019-06-28 14:42:00,HOLDINGS_UPDATED,"{'CASH': 7117090, 'JPM': 24}"
2019-06-28 14:43:00,BID_DEPTH,"[(100682, 182)]"
2019-06-28 14:43:00,ASK_DEPTH,"[(100926, 39)]"
2019-06-28 14:43:00,IMBALANCE,"[182, 39]"
2019-06-28 14:43:00,HOLDINGS_UPDATED,"{'CASH': 6814312, 'JPM': 27}"
2019-06-28 14:44:00,BID_DEPTH,"[(101112, 265)]"
2019-06-28 14:44:00,ASK_DEPTH,"[(101201, 217)]"
2019-06-28 14:44:00,IMBALANCE,"[265, 217]"
2019-06-28 14:44:00,HOLDINGS_UPDATED,"{'CASH': 6510709, 'JPM': 30}"
2019-06-28 14:45:00,BID_DEPTH,"[(101655, 265)]"
2019-06-28 14:45:00,ASK_DEPTH,"[(102112, 217)]"
2019-06-28 14:45:00,IMBALANCE,"[265, 217]"
2019-06-28 14:45:00,HOLDINGS_UPDATED,"{'CASH': 6204373, 'JPM': 33}"
2019-06-28 14:46:00,BID_DEPTH,"[(102073, 430)]"
2019-06-28 14:46:00,ASK_DEPTH,"[(102112, 287)]"
2019-06-28 14:46:00,IMBALANCE,"[430, 287]"
2019-06-28 14:46:00,HOLDINGS_UPDATED,"{'CASH': 5898037, 'JPM': 36}"
2019-06-28 14:47:00,BID_DEPTH,"[(102073, 182)]"
2019-06-28 14:47:00,ASK_DEPTH,"[(102112, 39)]"
2019-06-28 14:47:00,IMBALANCE,"[182, 39]"
2019-06-28 14:47:00,HOLDINGS_UPDATED,"{'CASH': 5591701, 'JPM': 39}"
2019-06-28 14:48:00,BID_DEPTH,"[(102112, 113)]"
2019-06-28 14:48:00,ASK_DEPTH,"[(102173, 247)]"
2019-06-28 14:48:00,IMBALANCE,"[113, 247]"
2019-06-28 14:48:00,HOLDINGS_UPDATED,"{'CASH': 5285182, 'JPM': 42}"
2019-06-28 14:49:00,BID_DEPTH,"[(102008, 212)]"
2019-06-28 14:49:00,ASK_DEPTH,"[(102173, 142)]"
2019-06-28 14:49:00,IMBALANCE,"[212, 142]"
2019-06-28 14:49:00,HOLDINGS_UPDATED,"{'CASH': 4978663, 'JPM': 45}"
2019-06-28 14:50:00,BID_DEPTH,"[(101822, 265)]"
2019-06-28 14:50:00,ASK_DEPTH,"[(102173, 122)]"
2019-06-28 14:50:00,IMBALANCE,"[265, 122]"
2019-06-28 14:50:00,HOLDINGS_UPDATED,"{'CASH': 4672144, 'JPM': 48}"
2019-06-28 14:51:00,BID_DEPTH,"[(101822, 166)]"
2019-06-28 14:51:00,ASK_DEPTH,"[(102173, 23)]"
2019-06-28 14:51:00,IMBALANCE,"[166, 23]"
2019-06-28 14:51:00,HOLDINGS_UPDATED,"{'CASH': 4365625, 'JPM': 51}"
2019-06-28 14:52:00,BID_DEPTH,"[(101822, 265)]"
2019-06-28 14:52:00,ASK_DEPTH,"[(102173, 145)]"
2019-06-28 14:52:00,IMBALANCE,"[265, 145]"
2019-06-28 14:52:00,HOLDINGS_UPDATED,"{'CASH': 4059106, 'JPM': 54}"
2019-06-28 14:53:00,BID_DEPTH,"[(101822, 182)]"
2019-06-28 14:53:00,ASK_DEPTH,"[(102173, 39)]"
2019-06-28 14:53:00,IMBALANCE,"[182, 39]"
2019-06-28 14:53:00,HOLDINGS_UPDATED,"{'CASH': 3752587, 'JPM': 57}"
2019-06-28 14:54:00,BID_DEPTH,"[(101201, 141)]"
2019-06-28 14:54:00,ASK_DEPTH,"[(102172, 164)]"
2019-06-28 14:54:00,IMBALANCE,"[141, 164]"
2019-06-28 14:54:00,HOLDINGS_UPDATED,"{'CASH': 3446071, 'JPM': 60}"
2019-06-28 14:55:00,BID_DEPTH,"[(100926, 83)]"
2019-06-28 14:55:00,ASK_DEPTH,"[(102171, 134)]"
2019-06-28 14:55:00,IMBALANCE,"[83, 134]"
2019-06-28 14:55:00,HOLDINGS_UPDATED,"{'CASH': 3139558, 'JPM': 63}"
2019-06-28 14:56:00,BID_DEPTH,"[(100926, 331)]"
2019-06-28 14:56:00,ASK_DEPTH,"[(102171, 382)]"
2019-06-28 14:56:00,IMBALANCE,"[331, 382]"
2019-06-28 14:56:00,HOLDINGS_UPDATED,"{'CASH': 2833045, 'JPM': 66}"
2019-06-28 14:57:00,BID_DEPTH,"[(100364, 212)]"
2019-06-28 14:57:00,ASK_DEPTH,"[(100926, 97)]"
2019-06-28 14:57:00,IMBALANCE,"[212, 97]"
2019-06-28 14:57:00,HOLDINGS_UPDATED,"{'CASH': 2530267, 'JPM': 69}"
2019-06-28 14:58:00,BID_DEPTH,"[(100171, 265)]"
2019-06-28 14:58:00,ASK_DEPTH,"[(100926, 217)]"
2019-06-28 14:58:00,IMBALANCE,"[265, 217]"
2019-06-28 14:58:00,HOLDINGS_UPDATED,"{'CASH': 2227489, 'JPM': 72}"
2019-06-28 14:59:00,BID_DEPTH,"[(100155, 265)]"
2019-06-28 14:59:00,ASK_DEPTH,"[(102171, 317)]"
2019-06-28 14:59:00,IMBALANCE,"[265, 317]"
2019-06-28 14:59:00,HOLDINGS_UPDATED,"{'CASH': 1920976, 'JPM': 75}"
2019-06-28 15:00:00,BID_DEPTH,"[(100155, 265)]"
2019-06-28 15:00:00,ASK_DEPTH,"[(102171, 207)]"
2019-06-28 15:00:00,IMBALANCE,"[265, 207]"
2019-06-28 15:00:00,HOLDINGS_UPDATED,"{'CASH': 1614463, 'JPM': 78}"
2019-06-28 15:01:00,BID_DEPTH,"[(99825, 265)]"
2019-06-28 15:01:00,ASK_DEPTH,"[(102171, 217)]"
2019-06-28 15:01:00,IMBALANCE,"[265, 217]"
2019-06-28 15:01:00,HOLDINGS_UPDATED,"{'CASH': 1307950, 'JPM': 81}"
2019-06-28 15:02:00,BID_DEPTH,"[(99657, 430)]"
2019-06-28 15:02:00,ASK_DEPTH,"[(99879, 382)]"
2019-06-28 15:02:00,IMBALANCE,"[430, 382]"
2019-06-28 15:02:00,HOLDINGS_UPDATED,"{'CASH': 1008313, 'JPM': 84}"
2019-06-28 15:03:00,BID_DEPTH,"[(99657, 430)]"
2019-06-28 15:03:00,ASK_DEPTH,"[(99879, 482)]"
2019-06-28 15:03:00,IMBALANCE,"[430, 482]"
2019-06-28 15:03:00,HOLDINGS_UPDATED,"{'CASH': 708676, 'JPM': 87}"
2019-06-28 15:04:00,BID_DEPTH,"[(99891, 430)]"
2019-06-28 15:04:00,ASK_DEPTH,"[(99911, 382)]"
2019-06-28 15:04:00,IMBALANCE,"[430, 382]"
2019-06-28 15:04:00,HOLDINGS_UPDATED,"{'CASH': 408943, 'JPM': 90}"
2019-06-28 15:05:00,BID_DEPTH,"[(99911, 182)]"
2019-06-28 15:05:00,ASK_DEPTH,"[(100983, 134)]"
2019-06-28 15:05:00,IMBALANCE,"[182, 134]"
2019-06-28 15:05:00,HOLDINGS_UPDATED,"{'CASH': 105994, 'JPM': 93}"
2019-06-28 15:06:00,BID_DEPTH,"[(100983, 365)]"
2019-06-28 15:06:00,ASK_DEPTH,"[(101397, 217)]"
2019-06-28 15:06:00,IMBALANCE,"[365, 217]"
2019-06-28 15:06:00,HOLDINGS_UPDATED,"{'CASH': -198197, 'JPM': 96}"
2019-06-28 15:07:00,BID_DEPTH,"[(101429, 212)]"
2019-06-28 15:07:00,ASK_DEPTH,"[(101471, 164)]"
2019-06-28 15:07:00,IMBALANCE,"[212, 164]"
2019-06-28 15:07:00,HOLDINGS_UPDATED,"{'CASH': -502610, 'JPM': 99}"
2019-06-28 15:08:00,BID_DEPTH,"[(101579, 430)]"
2019-06-28 15:08:00,ASK_DEPTH,"[(101685, 382)]"
2019-06-28 15:08:00,IMBALANCE,"[430, 382]"
2019-06-28 15:08:00,HOLDINGS_UPDATED,"{'CASH': -807665, 'JPM': 102}"
2019-06-28 15:09:00,BID_DEPTH,"[(101287, 265)]"
2019-06-28 15:09:00,ASK_DEPTH,"[(101685, 317)]"
2019-06-28 15:09:00,IMBALANCE,"[265, 317]"
2019-06-28 15:09:00,HOLDINGS_UPDATED,"{'CASH': -1112720, 'JPM': 105}"
2019-06-28 15:10:00,BID_DEPTH,"[(100983, 265)]"
2019-06-28 15:10:00,ASK_DEPTH,"[(101685, 207)]"
2019-06-28 15:10:00,IMBALANCE,"[265, 207]"
2019-06-28 15:10:00,HOLDINGS_UPDATED,"{'CASH': -1417775, 'JPM': 108}"
2019-06-28 15:11:00,BID_DEPTH,"[(101210, 182)]"
2019-06-28 15:11:00,ASK_DEPTH,"[(102171, 134)]"
2019-06-28 15:11:00,IMBALANCE,"[182, 134]"
2019-06-28 15:11:00,HOLDINGS_UPDATED,"{'CASH': -1724288, 'JPM': 111}"
2019-06-28 15:12:00,BID_DEPTH,"[(101210, 212)]"
2019-06-28 15:12:00,ASK_DEPTH,"[(101449, 164)]"
2019-06-28 15:12:00,IMBALANCE,"[212, 164]"
2019-06-28 15:12:00,HOLDINGS_UPDATED,"{'CASH': -2028635, 'JPM': 114}"
2019-06-28 15:13:00,BID_DEPTH,"[(100983, 212)]"
2019-06-28 15:13:00,ASK_DEPTH,"[(101688, 164)]"
2019-06-28 15:13:00,IMBALANCE,"[212, 164]"
2019-06-28 15:13:00,HOLDINGS_UPDATED,"{'CASH': -2333699, 'JPM': 117}"
2019-06-28 15:14:00,BID_DEPTH,"[(101338, 217)]"
2019-06-28 15:14:00,ASK_DEPTH,"[(101541, 265)]"
2019-06-28 15:14:00,IMBALANCE,"[217, 265]"
2019-06-28 15:14:00,HOLDINGS_UPDATED,"{'CASH': -2029685, 'JPM': 114}"
2019-06-28 15:15:00,BID_DEPTH,"[(101078, 164)]"
2019-06-28 15:15:00,ASK_DEPTH,"[(101264, 212)]"
2019-06-28 15:15:00,IMBALANCE,"[164, 212]"
2019-06-28 15:15:00,HOLDINGS_UPDATED,"{'CASH': -1726451, 'JPM': 111}"
2019-06-28 15:16:00,BID_DEPTH,"[(100983, 382)]"
2019-06-28 15:16:00,ASK_DEPTH,"[(101264, 430)]"
2019-06-28 15:16:00,IMBALANCE,"[382, 430]"
2019-06-28 15:16:00,HOLDINGS_UPDATED,"{'CASH': -1423502, 'JPM': 108}"
2019-06-28 15:17:00,BID_DEPTH,"[(99911, 134)]"
2019-06-28 15:17:00,ASK_DEPTH,"[(100139, 182)]"
2019-06-28 15:17:00,IMBALANCE,"[134, 182]"
2019-06-28 15:17:00,HOLDINGS_UPDATED,"{'CASH': -1123769, 'JPM': 105}"
2019-06-28 15:18:00,BID_DEPTH,"[(99657, 164)]"
2019-06-28 15:18:00,ASK_DEPTH,"[(100139, 212)]"
2019-06-28 15:18:00,IMBALANCE,"[164, 212]"
2019-06-28 15:18:00,HOLDINGS_UPDATED,"{'CASH': -824798, 'JPM': 102}"
2019-06-28 15:19:00,BID_DEPTH,"[(99395, 164)]"
2019-06-28 15:19:00,ASK_DEPTH,"[(99657, 242)]"
2019-06-28 15:19:00,IMBALANCE,"[164, 242]"
2019-06-28 15:19:00,HOLDINGS_UPDATED,"{'CASH': -526613, 'JPM': 99}"
2019-06-28 15:20:00,BID_DEPTH,"[(99395, 222)]"
2019-06-28 15:20:00,ASK_DEPTH,"[(99657, 295)]"
2019-06-28 15:20:00,IMBALANCE,"[222, 295]"
2019-06-28 15:20:00,HOLDINGS_UPDATED,"{'CASH': -228428, 'JPM': 96}"
2019-06-28 15:21:00,BID_DEPTH,"[(99395, 239)]"
2019-06-28 15:21:00,ASK_DEPTH,"[(99657, 112)]"
2019-06-28 15:21:00,IMBALANCE,"[239, 112]"
2019-06-28 15:21:00,HOLDINGS_UPDATED,"{'CASH': 69757, 'JPM': 93}"
2019-06-28 15:22:00,BID_DEPTH,"[(99396, 134)]"
2019-06-28 15:22:00,ASK_DEPTH,"[(100139, 182)]"
2019-06-28 15:22:00,IMBALANCE,"[134, 182]"
2019-06-28 15:22:00,HOLDINGS_UPDATED,"{'CASH': 367945, 'JPM': 90}"
2019-06-28 15:23:00,BID_DEPTH,"[(100111, 118)]"
2019-06-28 15:23:00,ASK_DEPTH,"[(100713, 166)]"
2019-06-28 15:23:00,IMBALANCE,"[118, 166]"
2019-06-28 15:23:00,HOLDINGS_UPDATED,"{'CASH': 668278, 'JPM': 87}"
2019-06-28 15:24:00,BID_DEPTH,"[(99396, 69)]"
2019-06-28 15:24:00,ASK_DEPTH,"[(100601, 212)]"
2019-06-28 15:24:00,IMBALANCE,"[69, 212]"
2019-06-28 15:24:00,HOLDINGS_UPDATED,"{'CASH': 966466, 'JPM': 84}"
2019-06-28 15:25:00,BID_DEPTH,"[(99396, 334)]"
2019-06-28 15:25:00,ASK_DEPTH,"[(99842, 182)]"
2019-06-28 15:25:00,IMBALANCE,"[334, 182]"
2019-06-28 15:25:00,HOLDINGS_UPDATED,"{'CASH': 1264654, 'JPM': 81}"
2019-06-28 15:26:00,BID_DEPTH,"[(99396, 512)]"
2019-06-28 15:26:00,ASK_DEPTH,"[(99842, 265)]"
2019-06-28 15:26:00,IMBALANCE,"[512, 265]"
2019-06-28 15:26:00,HOLDINGS_UPDATED,"{'CASH': 1562842, 'JPM': 78}"
2019-06-28 15:27:00,BID_DEPTH,"[(99397, 164)]"
2019-06-28 15:27:00,ASK_DEPTH,"[(100279, 212)]"
2019-06-28 15:27:00,IMBALANCE,"[164, 212]"
2019-06-28 15:27:00,HOLDINGS_UPDATED,"{'CASH': 1861033, 'JPM': 75}"
2019-06-28 15:28:00,BID_DEPTH,"[(99397, 134)]"
2019-06-28 15:28:00,ASK_DEPTH,"[(100004, 182)]"
2019-06-28 15:28:00,IMBALANCE,"[134, 182]"
2019-06-28 15:28:00,HOLDINGS_UPDATED,"{'CASH': 2159224, 'JPM': 72}"
2019-06-28 15:29:00,BID_DEPTH,"[(99396, 424)]"
2019-06-28 15:29:00,ASK_DEPTH,"[(100219, 182)]"
2019-06-28 15:29:00,IMBALANCE,"[424, 182]"
2019-06-28 15:29:00,HOLDINGS_UPDATED,"{'CASH': 2457412, 'JPM': 69}"
2019-06-28 15:30:00,BID_DEPTH,"[(99396, 397)]"
2019-06-28 15:30:00,ASK_DEPTH,"[(100279, 265)]"
2019-06-28 15:30:00,IMBALANCE,"[397, 265]"
2019-06-28 15:30:00,HOLDINGS_UPDATED,"{'CASH': 2755600, 'JPM': 66}"
2019-06-28 15:31:00,BID_DEPTH,"[(99396, 452)]"
2019-06-28 15:31:00,ASK_DEPTH,"[(100402, 430)]"
2019-06-28 15:31:00,IMBALANCE,"[452, 430]"
2019-06-28 15:31:00,HOLDINGS_UPDATED,"{'CASH': 3053788, 'JPM': 63}"
2019-06-28 15:32:00,BID_DEPTH,"[(99397, 382)]"
2019-06-28 15:32:00,ASK_DEPTH,"[(99959, 430)]"
2019-06-28 15:32:00,IMBALANCE,"[382, 430]"
2019-06-28 15:32:00,HOLDINGS_UPDATED,"{'CASH': 3351979, 'JPM': 60}"
2019-06-28 15:33:00,BID_DEPTH,"[(99397, 118)]"
2019-06-28 15:33:00,ASK_DEPTH,"[(99948, 166)]"
2019-06-28 15:33:00,IMBALANCE,"[118, 166]"
2019-06-28 15:33:00,HOLDINGS_UPDATED,"{'CASH': 3650170, 'JPM': 57}"
2019-06-28 15:34:00,BID_DEPTH,"[(99689, 382)]"
2019-06-28 15:34:00,ASK_DEPTH,"[(99959, 430)]"
2019-06-28 15:34:00,IMBALANCE,"[382, 430]"
2019-06-28 15:34:00,HOLDINGS_UPDATED,"{'CASH': 3949237, 'JPM': 54}"
2019-06-28 15:35:00,BID_DEPTH,"[(99395, 217)]"
2019-06-28 15:35:00,ASK_DEPTH,"[(99959, 265)]"
2019-06-28 15:35:00,IMBALANCE,"[217, 265]"
2019-06-28 15:35:00,HOLDINGS_UPDATED,"{'CASH': 4247422, 'JPM': 51}"
2019-06-28 15:36:00,BID_DEPTH,"[(99395, 217)]"
2019-06-28 15:36:00,ASK_DEPTH,"[(99959, 265)]"
2019-06-28 15:36:00,IMBALANCE,"[217, 265]"
2019-06-28 15:36:00,HOLDINGS_UPDATED,"{'CASH': 4545607, 'JPM': 48}"
2019-06-28 15:37:00,BID_DEPTH,"[(99395, 482)]"
2019-06-28 15:37:00,ASK_DEPTH,"[(99854, 430)]"
2019-06-28 15:37:00,IMBALANCE,"[482, 430]"
2019-06-28 15:37:00,HOLDINGS_UPDATED,"{'CASH': 4843792, 'JPM': 45}"
2019-06-28 15:38:00,BID_DEPTH,"[(99495, 164)]"
2019-06-28 15:38:00,ASK_DEPTH,"[(99821, 212)]"
2019-06-28 15:38:00,IMBALANCE,"[164, 212]"
2019-06-28 15:38:00,HOLDINGS_UPDATED,"{'CASH': 5142277, 'JPM': 42}"
2019-06-28 15:39:00,BID_DEPTH,"[(99395, 154)]"
2019-06-28 15:39:00,ASK_DEPTH,"[(99603, 212)]"
2019-06-28 15:39:00,IMBALANCE,"[154, 212]"
2019-06-28 15:39:00,HOLDINGS_UPDATED,"{'CASH': 5440462, 'JPM': 39}"
2019-06-28 15:40:00,BID_DEPTH,"[(99418, 217)]"
2019-06-28 15:40:00,ASK_DEPTH,"[(99594, 265)]"
2019-06-28 15:40:00,IMBALANCE,"[217, 265]"
2019-06-28 15:40:00,HOLDINGS_UPDATED,"{'CASH': 5738716, 'JPM': 36}"
2019-06-28 15:41:00,BID_DEPTH,"[(99418, 217)]"
2019-06-28 15:41:00,ASK_DEPTH,"[(99746, 265)]"
2019-06-28 15:41:00,IMBALANCE,"[217, 265]"
2019-06-28 15:41:00,HOLDINGS_UPDATED,"{'CASH': 6036970, 'JPM': 33}"
2019-06-28 15:42:00,BID_DEPTH,"[(99414, 382)]"
2019-06-28 15:42:00,ASK_DEPTH,"[(99746, 430)]"
2019-06-28 15:42:00,IMBALANCE,"[382, 430]"
2019-06-28 15:42:00,HOLDINGS_UPDATED,"{'CASH': 6335212, 'JPM': 30}"
2019-06-28 15:43:00,BID_DEPTH,"[(99450, 382)]"
2019-06-28 15:43:00,ASK_DEPTH,"[(99624, 430)]"
2019-06-28 15:43:00,IMBALANCE,"[382, 430]"
2019-06-28 15:43:00,HOLDINGS_UPDATED,"{'CASH': 6633562, 'JPM': 27}"
2019-06-28 15:44:00,BID_DEPTH,"[(99450, 134)]"
2019-06-28 15:44:00,ASK_DEPTH,"[(99746, 182)]"
2019-06-28 15:44:00,IMBALANCE,"[134, 182]"
2019-06-28 15:44:00,HOLDINGS_UPDATED,"{'CASH': 6931912, 'JPM': 24}"
2019-06-28 15:45:00,BID_DEPTH,"[(99450, 217)]"
2019-06-28 15:45:00,ASK_DEPTH,"[(99570, 265)]"
2019-06-28 15:45:00,IMBALANCE,"[217, 265]"
2019-06-28 15:45:00,HOLDINGS_UPDATED,"{'CASH': 7230262, 'JPM': 21}"
2019-06-28 15:46:00,BID_DEPTH,"[(99445, 382)]"
2019-06-28 15:46:00,ASK_DEPTH,"[(99582, 430)]"
2019-06-28 15:46:00,IMBALANCE,"[382, 430]"
2019-06-28 15:46:00,HOLDINGS_UPDATED,"{'CASH': 7528597, 'JPM': 18}"
2019-06-28 15:47:00,BID_DEPTH,"[(99156, 164)]"
2019-06-28 15:47:00,ASK_DEPTH,"[(99445, 212)]"
2019-06-28 15:47:00,IMBALANCE,"[164, 212]"
2019-06-28 15:47:00,HOLDINGS_UPDATED,"{'CASH': 7826065, 'JPM': 15}"
2019-06-28 15:48:00,BID_DEPTH,"[(98950, 69)]"
2019-06-28 15:48:00,ASK_DEPTH,"[(99110, 125)]"
2019-06-28 15:48:00,IMBALANCE,"[69, 125]"
2019-06-28 15:48:00,HOLDINGS_UPDATED,"{'CASH': 8122915, 'JPM': 12}"
2019-06-28 15:49:00,BID_DEPTH,"[(98808, 382)]"
2019-06-28 15:49:00,ASK_DEPTH,"[(98950, 423)]"
2019-06-28 15:49:00,IMBALANCE,"[382, 423]"
2019-06-28 15:49:00,HOLDINGS_UPDATED,"{'CASH': 8419339, 'JPM': 9}"
2019-06-28 15:50:00,BID_DEPTH,"[(98808, 69)]"
2019-06-28 15:50:00,ASK_DEPTH,"[(99110, 125)]"
2019-06-28 15:50:00,IMBALANCE,"[69, 125]"
2019-06-28 15:50:00,HOLDINGS_UPDATED,"{'CASH': 8715763, 'JPM': 6}"
2019-06-28 15:51:00,BID_DEPTH,"[(98687, 217)]"
2019-06-28 15:51:00,ASK_DEPTH,"[(99445, 265)]"
2019-06-28 15:51:00,IMBALANCE,"[217, 265]"
2019-06-28 15:51:00,HOLDINGS_UPDATED,"{'CASH': 9011824, 'JPM': 3}"
2019-06-28 15:52:00,BID_DEPTH,"[(98685, 164)]"
2019-06-28 15:52:00,ASK_DEPTH,"[(99582, 212)]"
2019-06-28 15:52:00,IMBALANCE,"[164, 212]"
2019-06-28 15:52:00,HOLDINGS_UPDATED,{'CASH': 9307879}
2019-06-28 15:53:00,BID_DEPTH,"[(98685, 264)]"
2019-06-28 15:53:00,ASK_DEPTH,"[(99582, 212)]"
2019-06-28 15:53:00,IMBALANCE,"[264, 212]"
2019-06-28 15:53:00,HOLDINGS_UPDATED,"{'CASH': 9603934, 'JPM': -3}"
2019-06-28 15:54:00,BID_DEPTH,"[(98685, 124)]"
2019-06-28 15:54:00,ASK_DEPTH,"[(99599, 182)]"
2019-06-28 15:54:00,IMBALANCE,"[124, 182]"
2019-06-28 15:54:00,HOLDINGS_UPDATED,"{'CASH': 9899989, 'JPM': -6}"
2019-06-28 15:55:00,BID_DEPTH,"[(98685, 417)]"
2019-06-28 15:55:00,ASK_DEPTH,"[(99599, 265)]"
2019-06-28 15:55:00,IMBALANCE,"[417, 265]"
2019-06-28 15:55:00,HOLDINGS_UPDATED,"{'CASH': 10196044, 'JPM': -9}"
2019-06-28 15:56:00,BID_DEPTH,"[(98685, 208)]"
2019-06-28 15:56:00,ASK_DEPTH,"[(99933, 166)]"
2019-06-28 15:56:00,IMBALANCE,"[208, 166]"
2019-06-28 15:56:00,HOLDINGS_UPDATED,"{'CASH': 10492099, 'JPM': -12}"
2019-06-28 15:57:00,BID_DEPTH,"[(98685, 144)]"
2019-06-28 15:57:00,ASK_DEPTH,"[(99933, 212)]"
2019-06-28 15:57:00,IMBALANCE,"[144, 212]"
2019-06-28 15:57:00,HOLDINGS_UPDATED,"{'CASH': 10788154, 'JPM': -15}"
2019-06-28 15:58:00,BID_DEPTH,"[(98685, 134)]"
2019-06-28 15:58:00,ASK_DEPTH,"[(99933, 182)]"
2019-06-28 15:58:00,IMBALANCE,"[134, 182]"
2019-06-28 15:58:00,HOLDINGS_UPDATED,"{'CASH': 11084209, 'JPM': -18}"
2019-06-28 15:59:00,BID_DEPTH,"[(98515, 382)]"
2019-06-28 15:59:00,ASK_DEPTH,"[(100017, 430)]"
2019-06-28 15:59:00,IMBALANCE,"[382, 430]"
2019-06-28 15:59:00,HOLDINGS_UPDATED,"{'CASH': 11379754, 'JPM': -21}"
2019-06-28 16:00:00,BID_DEPTH,"[(98515, 134)]"
2019-06-28 16:00:00,ASK_DEPTH,"[(100018, 182)]"
2019-06-28 16:00:00,IMBALANCE,"[134, 182]"
2019-06-28 16:00:00,HOLDINGS_UPDATED,"{'CASH': 11675299, 'JPM': -24}"
2019-06-28 16:01:00,BID_DEPTH,"[(98515, 72)]"
2019-06-28 16:01:00,ASK_DEPTH,"[(100018, 182)]"
2019-06-28 16:01:00,IMBALANCE,"[72, 182]"
2019-06-28 16:01:00,MKT_CLOSED,
2019-06-28 16:01:00,FINAL_HOLDINGS,"{ JPM: -24, CASH: 11675299 }"
2019-06-28 16:01:00,FINAL_CASH_POSITION,11675299
2019-06-28 16:01:00,MARK_TO_MARKET,-24 JPM @ 98515 == -2364360
2019-06-28 16:01:00,MARKED_TO_MARKET,9310939
2019-06-28 16:01:00,ENDING_CASH,9310939
