EventTime,EventType,Event
,AGENT_TYPE,MomentumAgent
,STARTING_CASH,10000000
2019-06-28 09:30:00,HOLDINGS_UPDATED,{'CASH': 10000000}
2019-06-28 09:31:00,BID_DEPTH,"[(99994, 302)]"
2019-06-28 09:31:00,ASK_DEPTH,"[(100027, 202)]"
2019-06-28 09:31:00,IMBALANCE,"[302, 202]"
2019-06-28 09:32:00,BID_DEPTH,"[(99994, 302)]"
2019-06-28 09:32:00,ASK_DEPTH,"[(100031, 202)]"
2019-06-28 09:32:00,IMBALANCE,"[302, 202]"
2019-06-28 09:33:00,BID_DEPTH,"[(99994, 238)]"
2019-06-28 09:33:00,ASK_DEPTH,"[(100031, 238)]"
2019-06-28 09:33:00,IMBALANCE,"[238, 238]"
2019-06-28 09:34:00,BID_DEPTH,"[(99987, 506)]"
2019-06-28 09:34:00,ASK_DEPTH,"[(100031, 506)]"
2019-06-28 09:34:00,IMBALANCE,"[506, 506]"
2019-06-28 09:35:00,BID_DEPTH,"[(99978, 506)]"
2019-06-28 09:35:00,ASK_DEPTH,"[(99988, 506)]"
2019-06-28 09:35:00,IMBALANCE,"[506, 506]"
2019-06-28 09:36:00,BID_DEPTH,"[(99964, 202)]"
2019-06-28 09:36:00,ASK_DEPTH,"[(99988, 302)]"
2019-06-28 09:36:00,IMBALANCE,"[202, 302]"
2019-06-28 09:37:00,BID_DEPTH,"[(99948, 303)]"
2019-06-28 09:37:00,ASK_DEPTH,"[(99988, 403)]"
2019-06-28 09:37:00,IMBALANCE,"[303, 403]"
2019-06-28 09:38:00,BID_DEPTH,"[(99942, 506)]"
2019-06-28 09:38:00,ASK_DEPTH,"[(99955, 506)]"
2019-06-28 09:38:00,IMBALANCE,"[506, 506]"
2019-06-28 09:39:00,BID_DEPTH,"[(99935, 506)]"
2019-06-28 09:39:00,ASK_DEPTH,"[(99955, 606)]"
2019-06-28 09:39:00,IMBALANCE,"[506, 606]"
2019-06-28 09:40:00,BID_DEPTH,"[(99922, 238)]"
2019-06-28 09:40:00,ASK_DEPTH,"[(99955, 338)]"
2019-06-28 09:40:00,IMBALANCE,"[238, 338]"
2019-06-28 09:41:00,BID_DEPTH,"[(99922, 303)]"
2019-06-28 09:41:00,ASK_DEPTH,"[(99932, 403)]"
2019-06-28 09:41:00,IMBALANCE,"[303, 403]"
2019-06-28 09:42:00,BID_DEPTH,"[(99897, 238)]"
2019-06-28 09:42:00,ASK_DEPTH,"[(99932, 338)]"
2019-06-28 09:42:00,IMBALANCE,"[238, 338]"
2019-06-28 09:43:00,BID_DEPTH,"[(99897, 202)]"
2019-06-28 09:43:00,ASK_DEPTH,"[(99932, 202)]"
2019-06-28 09:43:00,IMBALANCE,"[202, 202]"
2019-06-28 09:44:00,BID_DEPTH,"[(99886, 238)]"
2019-06-28 09:44:00,ASK_DEPTH,"[(99916, 238)]"
2019-06-28 09:44:00,IMBALANCE,"[238, 238]"
2019-06-28 09:45:00,BID_DEPTH,"[(99884, 181)]"
2019-06-28 09:45:00,ASK_DEPTH,"[(99916, 181)]"
2019-06-28 09:45:00,IMBALANCE,"[181, 181]"
2019-06-28 09:46:00,BID_DEPTH,"[(99884, 202)]"
2019-06-28 09:46:00,ASK_DEPTH,"[(99916, 202)]"
2019-06-28 09:46:00,IMBALANCE,"[202, 202]"
2019-06-28 09:47:00,BID_DEPTH,"[(99884, 303)]"
2019-06-28 09:47:00,ASK_DEPTH,"[(99897, 303)]"
2019-06-28 09:47:00,IMBALANCE,"[303, 303]"
2019-06-28 09:48:00,BID_DEPTH,"[(99884, 181)]"
2019-06-28 09:48:00,ASK_DEPTH,"[(99897, 281)]"
2019-06-28 09:48:00,IMBALANCE,"[181, 281]"
2019-06-28 09:49:00,BID_DEPTH,"[(99878, 238)]"
2019-06-28 09:49:00,ASK_DEPTH,"[(99897, 338)]"
2019-06-28 09:49:00,IMBALANCE,"[238, 338]"
2019-06-28 09:50:00,BID_DEPTH,"[(99701, 181)]"
2019-06-28 09:50:00,ASK_DEPTH,"[(99897, 281)]"
2019-06-28 09:50:00,IMBALANCE,"[181, 281]"
2019-06-28 09:51:00,BID_DEPTH,"[(99537, 303)]"
2019-06-28 09:51:00,ASK_DEPTH,"[(99897, 403)]"
2019-06-28 09:51:00,IMBALANCE,"[303, 403]"
2019-06-28 09:52:00,BID_DEPTH,"[(99528, 238)]"
2019-06-28 09:52:00,ASK_DEPTH,"[(99746, 238)]"
2019-06-28 09:52:00,IMBALANCE,"[238, 238]"
2019-06-28 09:53:00,BID_DEPTH,"[(99539, 202)]"
2019-06-28 09:53:00,ASK_DEPTH,"[(99746, 202)]"
2019-06-28 09:53:00,IMBALANCE,"[202, 202]"
2019-06-28 09:54:00,BID_DEPTH,"[(99539, 202)]"
2019-06-28 09:54:00,ASK_DEPTH,"[(99746, 202)]"
2019-06-28 09:54:00,IMBALANCE,"[202, 202]"
2019-06-28 09:55:00,BID_DEPTH,"[(99539, 281)]"
2019-06-28 09:55:00,ASK_DEPTH,"[(99746, 181)]"
2019-06-28 09:55:00,IMBALANCE,"[281, 181]"
2019-06-28 09:56:00,BID_DEPTH,"[(99539, 338)]"
2019-06-28 09:56:00,ASK_DEPTH,"[(99746, 238)]"
2019-06-28 09:56:00,IMBALANCE,"[338, 238]"
2019-06-28 09:57:00,BID_DEPTH,"[(99539, 402)]"
2019-06-28 09:57:00,ASK_DEPTH,"[(99746, 202)]"
2019-06-28 09:57:00,IMBALANCE,"[402, 202]"
2019-06-28 09:58:00,BID_DEPTH,"[(99539, 502)]"
2019-06-28 09:58:00,ASK_DEPTH,"[(99746, 202)]"
2019-06-28 09:58:00,IMBALANCE,"[502, 202]"
2019-06-28 09:59:00,BID_DEPTH,"[(99539, 602)]"
2019-06-28 09:59:00,ASK_DEPTH,"[(99746, 202)]"
2019-06-28 09:59:00,IMBALANCE,"[602, 202]"
2019-06-28 10:00:00,BID_DEPTH,"[(99539, 581)]"
2019-06-28 10:00:00,ASK_DEPTH,"[(99897, 181)]"
2019-06-28 10:00:00,IMBALANCE,"[581, 181]"
2019-06-28 10:01:00,BID_DEPTH,"[(99897, 238)]"
2019-06-28 10:01:00,ASK_DEPTH,"[(99960, 238)]"
2019-06-28 10:01:00,IMBALANCE,"[238, 238]"
2019-06-28 10:02:00,BID_DEPTH,"[(99960, 506)]"
2019-06-28 10:02:00,ASK_DEPTH,"[(100153, 506)]"
2019-06-28 10:02:00,IMBALANCE,"[506, 506]"
2019-06-28 10:03:00,BID_DEPTH,"[(99990, 181)]"
2019-06-28 10:03:00,ASK_DEPTH,"[(100153, 181)]"
2019-06-28 10:03:00,IMBALANCE,"[181, 181]"
2019-06-28 10:04:00,BID_DEPTH,"[(99960, 238)]"
2019-06-28 10:04:00,ASK_DEPTH,"[(100153, 238)]"
2019-06-28 10:04:00,IMBALANCE,"[238, 238]"
2019-06-28 10:05:00,BID_DEPTH,"[(99900, 238)]"
2019-06-28 10:05:00,ASK_DEPTH,"[(99990, 238)]"
2019-06-28 10:05:00,IMBALANCE,"[238, 238]"
2019-06-28 10:06:00,BID_DEPTH,"[(99900, 506)]"
2019-06-28 10:06:00,ASK_DEPTH,"[(99955, 506)]"
2019-06-28 10:06:00,IMBALANCE,"[506, 506]"
2019-06-28 10:07:00,BID_DEPTH,"[(99561, 202)]"
2019-06-28 10:07:00,ASK_DEPTH,"[(99899, 202)]"
2019-06-28 10:07:00,IMBALANCE,"[202, 202]"
2019-06-28 10:08:00,BID_DEPTH,"[(99870, 303)]"
2019-06-28 10:08:00,ASK_DEPTH,"[(99899, 303)]"
2019-06-28 10:08:00,IMBALANCE,"[303, 303]"
2019-06-28 10:09:00,BID_DEPTH,"[(99870, 506)]"
2019-06-28 10:09:00,ASK_DEPTH,"[(99899, 506)]"
2019-06-28 10:09:00,IMBALANCE,"[506, 506]"
2019-06-28 10:10:00,BID_DEPTH,"[(99561, 238)]"
2019-06-28 10:10:00,ASK_DEPTH,"[(99897, 238)]"
2019-06-28 10:10:00,IMBALANCE,"[238, 238]"
2019-06-28 10:11:00,BID_DEPTH,"[(99561, 303)]"
2019-06-28 10:11:00,ASK_DEPTH,"[(99870, 303)]"
2019-06-28 10:11:00,IMBALANCE,"[303, 303]"
2019-06-28 10:12:00,BID_DEPTH,"[(99538, 181)]"
2019-06-28 10:12:00,ASK_DEPTH,"[(99676, 181)]"
2019-06-28 10:12:00,IMBALANCE,"[181, 181]"
2019-06-28 10:13:00,BID_DEPTH,"[(99461, 202)]"
2019-06-28 10:13:00,ASK_DEPTH,"[(99697, 202)]"
2019-06-28 10:13:00,IMBALANCE,"[202, 202]"
2019-06-28 10:14:00,BID_DEPTH,"[(99461, 202)]"
2019-06-28 10:14:00,ASK_DEPTH,"[(99697, 202)]"
2019-06-28 10:14:00,IMBALANCE,"[202, 202]"
2019-06-28 10:15:00,BID_DEPTH,"[(99460, 181)]"
2019-06-28 10:15:00,ASK_DEPTH,"[(99539, 181)]"
2019-06-28 10:15:00,IMBALANCE,"[181, 181]"
2019-06-28 10:16:00,BID_DEPTH,"[(99460, 181)]"
2019-06-28 10:16:00,ASK_DEPTH,"[(99538, 281)]"
2019-06-28 10:16:00,IMBALANCE,"[181, 281]"
2019-06-28 10:17:00,BID_DEPTH,"[(99383, 181)]"
2019-06-28 10:17:00,ASK_DEPTH,"[(99460, 181)]"
2019-06-28 10:17:00,IMBALANCE,"[181, 181]"
2019-06-28 10:18:00,BID_DEPTH,"[(99382, 506)]"
2019-06-28 10:18:00,ASK_DEPTH,"[(99460, 506)]"
2019-06-28 10:18:00,IMBALANCE,"[506, 506]"
2019-06-28 10:19:00,BID_DEPTH,"[(99348, 238)]"
2019-06-28 10:19:00,ASK_DEPTH,"[(99460, 238)]"
2019-06-28 10:19:00,IMBALANCE,"[238, 238]"
2019-06-28 10:20:00,BID_DEPTH,"[(99345, 238)]"
2019-06-28 10:20:00,ASK_DEPTH,"[(99460, 238)]"
2019-06-28 10:20:00,IMBALANCE,"[238, 238]"
2019-06-28 10:21:00,BID_DEPTH,"[(99233, 127)]"
2019-06-28 10:21:00,ASK_DEPTH,"[(99278, 181)]"
2019-06-28 10:21:00,IMBALANCE,"[127, 181]"
2019-06-28 10:21:00,HOLDINGS_UPDATED,"{'CASH': 10694631, 'JPM': -7}"
2019-06-28 10:22:00,BID_DEPTH,"[(99181, 184)]"
2019-06-28 10:22:00,ASK_DEPTH,"[(99233, 387)]"
2019-06-28 10:22:00,IMBALANCE,"[184, 387]"
2019-06-28 10:22:00,HOLDINGS_UPDATED,"{'CASH': 11388898, 'JPM': -14}"
2019-06-28 10:23:00,BID_DEPTH,"[(99181, 55)]"
2019-06-28 10:23:00,ASK_DEPTH,"[(99233, 251)]"
2019-06-28 10:23:00,IMBALANCE,"[55, 251]"
2019-06-28 10:23:00,HOLDINGS_UPDATED,"{'CASH': 12083165, 'JPM': -21}"
2019-06-28 10:24:00,BID_DEPTH,"[(99181, 247)]"
2019-06-28 10:24:00,ASK_DEPTH,"[(99538, 303)]"
2019-06-28 10:24:00,IMBALANCE,"[247, 303]"
2019-06-28 10:24:00,HOLDINGS_UPDATED,"{'CASH': 12777432, 'JPM': -28}"
2019-06-28 10:25:00,BID_DEPTH,"[(99451, 127)]"
2019-06-28 10:25:00,ASK_DEPTH,"[(99524, 181)]"
2019-06-28 10:25:00,IMBALANCE,"[127, 181]"
2019-06-28 10:25:00,HOLDINGS_UPDATED,"{'CASH': 13473589, 'JPM': -35}"
2019-06-28 10:26:00,BID_DEPTH,"[(99443, 452)]"
2019-06-28 10:26:00,ASK_DEPTH,"[(99524, 506)]"
2019-06-28 10:26:00,IMBALANCE,"[452, 506]"
2019-06-28 10:26:00,HOLDINGS_UPDATED,"{'CASH': 14169690, 'JPM': -42}"
2019-06-28 10:27:00,BID_DEPTH,"[(99478, 184)]"
2019-06-28 10:27:00,ASK_DEPTH,"[(99535, 238)]"
2019-06-28 10:27:00,IMBALANCE,"[184, 238]"
2019-06-28 10:27:00,HOLDINGS_UPDATED,"{'CASH': 14866036, 'JPM': -49}"
2019-06-28 10:28:00,BID_DEPTH,"[(99536, 184)]"
2019-06-28 10:28:00,ASK_DEPTH,"[(99538, 238)]"
2019-06-28 10:28:00,IMBALANCE,"[184, 238]"
2019-06-28 10:28:00,HOLDINGS_UPDATED,"{'CASH': 15562788, 'JPM': -56}"
2019-06-28 10:29:00,BID_DEPTH,"[(99537, 184)]"
2019-06-28 10:29:00,ASK_DEPTH,"[(99547, 238)]"
2019-06-28 10:29:00,IMBALANCE,"[184, 238]"
2019-06-28 10:29:00,HOLDINGS_UPDATED,"{'CASH': 16259547, 'JPM': -63}"
2019-06-28 10:30:00,BID_DEPTH,"[(99536, 249)]"
2019-06-28 10:30:00,ASK_DEPTH,"[(99547, 303)]"
2019-06-28 10:30:00,IMBALANCE,"[249, 303]"
2019-06-28 10:30:00,HOLDINGS_UPDATED,"{'CASH': 16956299, 'JPM': -70}"
2019-06-28 10:31:00,BID_DEPTH,"[(99536, 127)]"
2019-06-28 10:31:00,ASK_DEPTH,"[(99547, 181)]"
2019-06-28 10:31:00,IMBALANCE,"[127, 181]"
2019-06-28 10:31:00,HOLDINGS_UPDATED,"{'CASH': 17653051, 'JPM': -77}"
2019-06-28 10:32:00,BID_DEPTH,"[(99513, 452)]"
2019-06-28 10:32:00,ASK_DEPTH,"[(99693, 506)]"
2019-06-28 10:32:00,IMBALANCE,"[452, 506]"
2019-06-28 10:32:00,HOLDINGS_UPDATED,"{'CASH': 18349642, 'JPM': -84}"
2019-06-28 10:33:00,BID_DEPTH,"[(99513, 249)]"
2019-06-28 10:33:00,ASK_DEPTH,"[(99726, 303)]"
2019-06-28 10:33:00,IMBALANCE,"[249, 303]"
2019-06-28 10:33:00,HOLDINGS_UPDATED,"{'CASH': 19046233, 'JPM': -91}"
2019-06-28 10:34:00,BID_DEPTH,"[(99478, 184)]"
2019-06-28 10:34:00,ASK_DEPTH,"[(99750, 238)]"
2019-06-28 10:34:00,IMBALANCE,"[184, 238]"
2019-06-28 10:34:00,HOLDINGS_UPDATED,"{'CASH': 19742579, 'JPM': -98}"
2019-06-28 10:35:00,BID_DEPTH,"[(99473, 249)]"
2019-06-28 10:35:00,ASK_DEPTH,"[(99780, 303)]"
2019-06-28 10:35:00,IMBALANCE,"[249, 303]"
2019-06-28 10:35:00,HOLDINGS_UPDATED,"{'CASH': 20438890, 'JPM': -105}"
2019-06-28 10:36:00,BID_DEPTH,"[(99458, 249)]"
2019-06-28 10:36:00,ASK_DEPTH,"[(99611, 303)]"
2019-06-28 10:36:00,IMBALANCE,"[249, 303]"
2019-06-28 10:36:00,HOLDINGS_UPDATED,"{'CASH': 21135096, 'JPM': -112}"
2019-06-28 10:37:00,BID_DEPTH,"[(99098, 249)]"
2019-06-28 10:37:00,ASK_DEPTH,"[(99181, 215)]"
2019-06-28 10:37:00,IMBALANCE,"[249, 215]"
2019-06-28 10:37:00,HOLDINGS_UPDATED,"{'CASH': 21828782, 'JPM': -119}"
2019-06-28 10:38:00,BID_DEPTH,"[(99098, 359)]"
2019-06-28 10:38:00,ASK_DEPTH,"[(99520, 506)]"
2019-06-28 10:38:00,IMBALANCE,"[359, 506]"
2019-06-28 10:38:00,HOLDINGS_UPDATED,"{'CASH': 22522468, 'JPM': -126}"
2019-06-28 10:39:00,BID_DEPTH,"[(99486, 249)]"
2019-06-28 10:39:00,ASK_DEPTH,"[(99500, 303)]"
2019-06-28 10:39:00,IMBALANCE,"[249, 303]"
2019-06-28 10:39:00,HOLDINGS_UPDATED,"{'CASH': 23218870, 'JPM': -133}"
2019-06-28 10:40:00,BID_DEPTH,"[(99180, 452)]"
2019-06-28 10:40:00,ASK_DEPTH,"[(99500, 506)]"
2019-06-28 10:40:00,IMBALANCE,"[452, 506]"
2019-06-28 10:40:00,HOLDINGS_UPDATED,"{'CASH': 23913130, 'JPM': -140}"
2019-06-28 10:41:00,BID_DEPTH,"[(99160, 452)]"
2019-06-28 10:41:00,ASK_DEPTH,"[(99500, 506)]"
2019-06-28 10:41:00,IMBALANCE,"[452, 506]"
2019-06-28 10:41:00,HOLDINGS_UPDATED,"{'CASH': 24607250, 'JPM': -147}"
2019-06-28 10:42:00,BID_DEPTH,"[(99073, 156)]"
2019-06-28 10:42:00,ASK_DEPTH,"[(99500, 303)]"
2019-06-28 10:42:00,IMBALANCE,"[156, 303]"
2019-06-28 10:42:00,HOLDINGS_UPDATED,"{'CASH': 25300761, 'JPM': -154}"
2019-06-28 10:43:00,BID_DEPTH,"[(98612, 452)]"
2019-06-28 10:43:00,ASK_DEPTH,"[(99073, 433)]"
2019-06-28 10:43:00,IMBALANCE,"[452, 433]"
2019-06-28 10:43:00,HOLDINGS_UPDATED,"{'CASH': 25991045, 'JPM': -161}"
2019-06-28 10:44:00,BID_DEPTH,"[(98612, 55)]"
2019-06-28 10:44:00,ASK_DEPTH,"[(99073, 129)]"
2019-06-28 10:44:00,IMBALANCE,"[55, 129]"
2019-06-28 10:44:00,HOLDINGS_UPDATED,"{'CASH': 26681329, 'JPM': -168}"
2019-06-28 10:45:00,BID_DEPTH,"[(98603, 129)]"
2019-06-28 10:45:00,ASK_DEPTH,"[(98612, 104)]"
2019-06-28 10:45:00,IMBALANCE,"[129, 104]"
2019-06-28 10:45:00,HOLDINGS_UPDATED,"{'CASH': 27371550, 'JPM': -175}"
2019-06-28 10:46:00,BID_DEPTH,"[(98603, 55)]"
2019-06-28 10:46:00,ASK_DEPTH,"[(98845, 202)]"
2019-06-28 10:46:00,IMBALANCE,"[55, 202]"
2019-06-28 10:46:00,HOLDINGS_UPDATED,"{'CASH': 28061771, 'JPM': -182}"
2019-06-28 10:47:00,BID_DEPTH,"[(98405, 184)]"
2019-06-28 10:47:00,ASK_DEPTH,"[(98603, 140)]"
2019-06-28 10:47:00,IMBALANCE,"[184, 140]"
2019-06-28 10:47:00,HOLDINGS_UPDATED,"{'CASH': 28750606, 'JPM': -189}"
2019-06-28 10:48:00,BID_DEPTH,"[(97985, 148)]"
2019-06-28 10:48:00,ASK_DEPTH,"[(98081, 164)]"
2019-06-28 10:48:00,IMBALANCE,"[148, 164]"
2019-06-28 10:48:00,HOLDINGS_UPDATED,"{'CASH': 29436501, 'JPM': -196}"
2019-06-28 10:49:00,BID_DEPTH,"[(97985, 459)]"
2019-06-28 10:49:00,ASK_DEPTH,"[(98081, 468)]"
2019-06-28 10:49:00,IMBALANCE,"[459, 468]"
2019-06-28 10:49:00,HOLDINGS_UPDATED,"{'CASH': 30122396, 'JPM': -203}"
2019-06-28 10:50:00,BID_DEPTH,"[(97985, 34)]"
2019-06-28 10:50:00,ASK_DEPTH,"[(98405, 171)]"
2019-06-28 10:50:00,IMBALANCE,"[34, 171]"
2019-06-28 10:50:00,HOLDINGS_UPDATED,"{'CASH': 30808291, 'JPM': -210}"
2019-06-28 10:51:00,BID_DEPTH,"[(98603, 44)]"
2019-06-28 10:51:00,ASK_DEPTH,"[(98845, 181)]"
2019-06-28 10:51:00,IMBALANCE,"[44, 181]"
2019-06-28 10:51:00,HOLDINGS_UPDATED,"{'CASH': 31498512, 'JPM': -217}"
2019-06-28 10:52:00,BID_DEPTH,"[(97985, 313)]"
2019-06-28 10:52:00,ASK_DEPTH,"[(98845, 303)]"
2019-06-28 10:52:00,IMBALANCE,"[313, 303]"
2019-06-28 10:52:00,HOLDINGS_UPDATED,"{'CASH': 31792467, 'JPM': -220}"
2019-06-28 10:52:00,HOLDINGS_UPDATED,"{'CASH': 32184407, 'JPM': -224}"
2019-06-28 10:53:00,BID_DEPTH,"[(97986, 127)]"
2019-06-28 10:53:00,ASK_DEPTH,"[(98964, 181)]"
2019-06-28 10:53:00,IMBALANCE,"[127, 181]"
2019-06-28 10:53:00,HOLDINGS_UPDATED,"{'CASH': 32870309, 'JPM': -231}"
2019-06-28 10:54:00,BID_DEPTH,"[(97986, 55)]"
2019-06-28 10:54:00,ASK_DEPTH,"[(99073, 129)]"
2019-06-28 10:54:00,IMBALANCE,"[55, 129]"
2019-06-28 10:54:00,HOLDINGS_UPDATED,"{'CASH': 33556211, 'JPM': -238}"
2019-06-28 10:55:00,BID_DEPTH,"[(97986, 65)]"
2019-06-28 10:55:00,ASK_DEPTH,"[(99282, 202)]"
2019-06-28 10:55:00,IMBALANCE,"[65, 202]"
2019-06-28 10:55:00,HOLDINGS_UPDATED,"{'CASH': 34242113, 'JPM': -245}"
2019-06-28 10:56:00,BID_DEPTH,"[(97985, 192)]"
2019-06-28 10:56:00,ASK_DEPTH,"[(97986, 142)]"
2019-06-28 10:56:00,IMBALANCE,"[192, 142]"
2019-06-28 10:56:00,HOLDINGS_UPDATED,"{'CASH': 34928008, 'JPM': -252}"
2019-06-28 10:57:00,BID_DEPTH,"[(97985, 156)]"
2019-06-28 10:57:00,ASK_DEPTH,"[(99375, 303)]"
2019-06-28 10:57:00,IMBALANCE,"[156, 303]"
2019-06-28 10:57:00,HOLDINGS_UPDATED,"{'CASH': 35613903, 'JPM': -259}"
2019-06-28 10:58:00,BID_DEPTH,"[(97985, 148)]"
2019-06-28 10:58:00,ASK_DEPTH,"[(99408, 202)]"
2019-06-28 10:58:00,IMBALANCE,"[148, 202]"
2019-06-28 10:58:00,HOLDINGS_UPDATED,"{'CASH': 36299798, 'JPM': -266}"
2019-06-28 10:59:00,BID_DEPTH,"[(97985, 249)]"
2019-06-28 10:59:00,ASK_DEPTH,"[(99408, 303)]"
2019-06-28 10:59:00,IMBALANCE,"[249, 303]"
2019-06-28 10:59:00,HOLDINGS_UPDATED,"{'CASH': 36985693, 'JPM': -273}"
2019-06-28 11:00:00,BID_DEPTH,"[(97920, 211)]"
2019-06-28 11:00:00,ASK_DEPTH,"[(99408, 303)]"
2019-06-28 11:00:00,IMBALANCE,"[211, 303]"
2019-06-28 11:00:00,HOLDINGS_UPDATED,"{'CASH': 37083613, 'JPM': -274}"
2019-06-28 11:00:00,HOLDINGS_UPDATED,"{'CASH': 37671133, 'JPM': -280}"
2019-06-28 11:01:00,BID_DEPTH,"[(99192, 148)]"
2019-06-28 11:01:00,ASK_DEPTH,"[(99422, 202)]"
2019-06-28 11:01:00,IMBALANCE,"[148, 202]"
2019-06-28 11:01:00,HOLDINGS_UPDATED,"{'CASH': 38365477, 'JPM': -287}"
2019-06-28 11:02:00,BID_DEPTH,[]
2019-06-28 11:02:00,ASK_DEPTH,"[(99256, 100)]"
2019-06-28 11:02:00,IMBALANCE,"[0, 100]"
2019-06-28 11:03:00,BID_DEPTH,[]
2019-06-28 11:03:00,ASK_DEPTH,"[(99256, 100)]"
2019-06-28 11:03:00,IMBALANCE,"[0, 100]"
2019-06-28 11:04:00,BID_DEPTH,"[(99123, 184)]"
2019-06-28 11:04:00,ASK_DEPTH,"[(99256, 238)]"
2019-06-28 11:04:00,IMBALANCE,"[184, 238]"
2019-06-28 11:04:00,HOLDINGS_UPDATED,"{'CASH': 39059338, 'JPM': -294}"
2019-06-28 11:05:00,BID_DEPTH,[]
2019-06-28 11:05:00,ASK_DEPTH,"[(99256, 100)]"
2019-06-28 11:05:00,IMBALANCE,"[0, 100]"
2019-06-28 11:06:00,BID_DEPTH,[]
2019-06-28 11:06:00,ASK_DEPTH,"[(99256, 100)]"
2019-06-28 11:06:00,IMBALANCE,"[0, 100]"
2019-06-28 11:07:00,BID_DEPTH,"[(99256, 452)]"
2019-06-28 11:07:00,ASK_DEPTH,"[(99422, 506)]"
2019-06-28 11:07:00,IMBALANCE,"[452, 506]"
2019-06-28 11:07:00,HOLDINGS_UPDATED,"{'CASH': 39754130, 'JPM': -301}"
2019-06-28 11:08:00,BID_DEPTH,"[(99256, 452)]"
2019-06-28 11:08:00,ASK_DEPTH,"[(99289, 506)]"
2019-06-28 11:08:00,IMBALANCE,"[452, 506]"
2019-06-28 11:08:00,HOLDINGS_UPDATED,"{'CASH': 40448922, 'JPM': -308}"
2019-06-28 11:09:00,BID_DEPTH,"[(99123, 148)]"
2019-06-28 11:09:00,ASK_DEPTH,"[(99289, 202)]"
2019-06-28 11:09:00,IMBALANCE,"[148, 202]"
2019-06-28 11:09:00,HOLDINGS_UPDATED,"{'CASH': 41142783, 'JPM': -315}"
2019-06-28 11:10:00,BID_DEPTH,"[(99258, 452)]"
2019-06-28 11:10:00,ASK_DEPTH,"[(99289, 506)]"
2019-06-28 11:10:00,IMBALANCE,"[452, 506]"
2019-06-28 11:10:00,HOLDINGS_UPDATED,"{'CASH': 41837589, 'JPM': -322}"
2019-06-28 11:11:00,BID_DEPTH,"[(99258, 127)]"
2019-06-28 11:11:00,ASK_DEPTH,"[(99289, 181)]"
2019-06-28 11:11:00,IMBALANCE,"[127, 181]"
2019-06-28 11:11:00,HOLDINGS_UPDATED,"{'CASH': 42532395, 'JPM': -329}"
2019-06-28 11:12:00,BID_DEPTH,"[(99235, 452)]"
2019-06-28 11:12:00,ASK_DEPTH,"[(99566, 506)]"
2019-06-28 11:12:00,IMBALANCE,"[452, 506]"
2019-06-28 11:12:00,HOLDINGS_UPDATED,"{'CASH': 43227040, 'JPM': -336}"
2019-06-28 11:13:00,BID_DEPTH,"[(99235, 148)]"
2019-06-28 11:13:00,ASK_DEPTH,"[(99546, 202)]"
2019-06-28 11:13:00,IMBALANCE,"[148, 202]"
2019-06-28 11:13:00,HOLDINGS_UPDATED,"{'CASH': 43921685, 'JPM': -343}"
2019-06-28 11:14:00,BID_DEPTH,"[(99196, 127)]"
2019-06-28 11:14:00,ASK_DEPTH,"[(99235, 116)]"
2019-06-28 11:14:00,IMBALANCE,"[127, 116]"
2019-06-28 11:14:00,HOLDINGS_UPDATED,"{'CASH': 44616057, 'JPM': -350}"
2019-06-28 11:15:00,BID_DEPTH,"[(99234, 127)]"
2019-06-28 11:15:00,ASK_DEPTH,"[(99235, 116)]"
2019-06-28 11:15:00,IMBALANCE,"[127, 116]"
2019-06-28 11:15:00,HOLDINGS_UPDATED,"{'CASH': 45310695, 'JPM': -357}"
2019-06-28 11:16:00,BID_DEPTH,"[(99104, 148)]"
2019-06-28 11:16:00,ASK_DEPTH,"[(99244, 202)]"
2019-06-28 11:16:00,IMBALANCE,"[148, 202]"
2019-06-28 11:16:00,HOLDINGS_UPDATED,"{'CASH': 46004423, 'JPM': -364}"
2019-06-28 11:17:00,BID_DEPTH,"[(99079, 184)]"
2019-06-28 11:17:00,ASK_DEPTH,"[(99566, 238)]"
2019-06-28 11:17:00,IMBALANCE,"[184, 238]"
2019-06-28 11:17:00,HOLDINGS_UPDATED,"{'CASH': 46697976, 'JPM': -371}"
2019-06-28 11:18:00,BID_DEPTH,"[(98808, 249)]"
2019-06-28 11:18:00,ASK_DEPTH,"[(99609, 303)]"
2019-06-28 11:18:00,IMBALANCE,"[249, 303]"
2019-06-28 11:18:00,HOLDINGS_UPDATED,"{'CASH': 47389632, 'JPM': -378}"
2019-06-28 11:19:00,BID_DEPTH,"[(99632, 202)]"
2019-06-28 11:19:00,ASK_DEPTH,"[(99642, 148)]"
2019-06-28 11:19:00,IMBALANCE,"[202, 148]"
2019-06-28 11:19:00,HOLDINGS_UPDATED,"{'CASH': 46692138, 'JPM': -371}"
2019-06-28 11:20:00,BID_DEPTH,"[(99632, 506)]"
2019-06-28 11:20:00,ASK_DEPTH,"[(99680, 452)]"
2019-06-28 11:20:00,IMBALANCE,"[506, 452]"
2019-06-28 11:20:00,HOLDINGS_UPDATED,"{'CASH': 45994378, 'JPM': -364}"
2019-06-28 11:21:00,BID_DEPTH,"[(99680, 338)]"
2019-06-28 11:21:00,ASK_DEPTH,"[(99697, 184)]"
2019-06-28 11:21:00,IMBALANCE,"[338, 184]"
2019-06-28 11:21:00,HOLDINGS_UPDATED,"{'CASH': 45296499, 'JPM': -357}"
2019-06-28 11:22:00,BID_DEPTH,"[(99680, 281)]"
2019-06-28 11:22:00,ASK_DEPTH,"[(99926, 127)]"
2019-06-28 11:22:00,IMBALANCE,"[281, 127]"
2019-06-28 11:22:00,HOLDINGS_UPDATED,"{'CASH': 44597017, 'JPM': -350}"
2019-06-28 11:23:00,BID_DEPTH,"[(99680, 281)]"
2019-06-28 11:23:00,ASK_DEPTH,"[(100277, 127)]"
2019-06-28 11:23:00,IMBALANCE,"[281, 127]"
2019-06-28 11:23:00,HOLDINGS_UPDATED,"{'CASH': 43895078, 'JPM': -343}"
2019-06-28 11:24:00,BID_DEPTH,"[(100331, 506)]"
2019-06-28 11:24:00,ASK_DEPTH,"[(100694, 452)]"
2019-06-28 11:24:00,IMBALANCE,"[506, 452]"
2019-06-28 11:24:00,HOLDINGS_UPDATED,"{'CASH': 43190220, 'JPM': -336}"
2019-06-28 11:25:00,BID_DEPTH,"[(100331, 238)]"
2019-06-28 11:25:00,ASK_DEPTH,"[(100527, 184)]"
2019-06-28 11:25:00,IMBALANCE,"[238, 184]"
2019-06-28 11:25:00,HOLDINGS_UPDATED,"{'CASH': 42486531, 'JPM': -329}"
2019-06-28 11:26:00,BID_DEPTH,"[(100277, 172)]"
2019-06-28 11:26:00,ASK_DEPTH,"[(100527, 134)]"
2019-06-28 11:26:00,IMBALANCE,"[172, 134]"
2019-06-28 11:26:00,HOLDINGS_UPDATED,"{'CASH': 41782842, 'JPM': -322}"
2019-06-28 11:27:00,BID_DEPTH,"[(99942, 181)]"
2019-06-28 11:27:00,ASK_DEPTH,"[(100527, 134)]"
2019-06-28 11:27:00,IMBALANCE,"[181, 134]"
2019-06-28 11:27:00,HOLDINGS_UPDATED,"{'CASH': 41079153, 'JPM': -315}"
2019-06-28 11:28:00,BID_DEPTH,"[(99942, 181)]"
2019-06-28 11:28:00,ASK_DEPTH,"[(100527, 34)]"
2019-06-28 11:28:00,IMBALANCE,"[181, 34]"
2019-06-28 11:28:00,HOLDINGS_UPDATED,"{'CASH': 40375464, 'JPM': -308}"
2019-06-28 11:29:00,BID_DEPTH,"[(99857, 238)]"
2019-06-28 11:29:00,ASK_DEPTH,"[(100527, 180)]"
2019-06-28 11:29:00,IMBALANCE,"[238, 180]"
2019-06-28 11:29:00,HOLDINGS_UPDATED,"{'CASH': 39671775, 'JPM': -301}"
2019-06-28 11:30:00,BID_DEPTH,"[(99680, 403)]"
2019-06-28 11:30:00,ASK_DEPTH,"[(100527, 156)]"
2019-06-28 11:30:00,IMBALANCE,"[403, 156]"
2019-06-28 11:30:00,HOLDINGS_UPDATED,"{'CASH': 38968086, 'JPM': -294}"
2019-06-28 11:31:00,BID_DEPTH,"[(99680, 202)]"
2019-06-28 11:31:00,ASK_DEPTH,"[(100542, 55)]"
2019-06-28 11:31:00,IMBALANCE,"[202, 55]"
2019-06-28 11:31:00,HOLDINGS_UPDATED,"{'CASH': 38264292, 'JPM': -287}"
2019-06-28 11:32:00,BID_DEPTH,"[(99632, 202)]"
2019-06-28 11:32:00,ASK_DEPTH,"[(100542, 148)]"
2019-06-28 11:32:00,IMBALANCE,"[202, 148]"
2019-06-28 11:32:00,HOLDINGS_UPDATED,"{'CASH': 37560498, 'JPM': -280}"
2019-06-28 11:33:00,BID_DEPTH,"[(99609, 418)]"
2019-06-28 11:33:00,ASK_DEPTH,"[(100694, 359)]"
2019-06-28 11:33:00,IMBALANCE,"[418, 359]"
2019-06-28 11:33:00,HOLDINGS_UPDATED,"{'CASH': 36855640, 'JPM': -273}"
2019-06-28 11:34:00,BID_DEPTH,"[(99554, 202)]"
2019-06-28 11:34:00,ASK_DEPTH,"[(100837, 148)]"
2019-06-28 11:34:00,IMBALANCE,"[202, 148]"
2019-06-28 11:34:00,HOLDINGS_UPDATED,"{'CASH': 36149781, 'JPM': -266}"
2019-06-28 11:35:00,BID_DEPTH,"[(99055, 202)]"
2019-06-28 11:35:00,ASK_DEPTH,"[(99825, 148)]"
2019-06-28 11:35:00,IMBALANCE,"[202, 148]"
2019-06-28 11:35:00,HOLDINGS_UPDATED,"{'CASH': 35451006, 'JPM': -259}"
2019-06-28 11:36:00,BID_DEPTH,"[(100203, 181)]"
2019-06-28 11:36:00,ASK_DEPTH,"[(100369, 127)]"
2019-06-28 11:36:00,IMBALANCE,"[181, 127]"
2019-06-28 11:36:00,HOLDINGS_UPDATED,"{'CASH': 34748423, 'JPM': -252}"
2019-06-28 11:37:00,BID_DEPTH,"[(100203, 303)]"
2019-06-28 11:37:00,ASK_DEPTH,"[(100279, 249)]"
2019-06-28 11:37:00,IMBALANCE,"[303, 249]"
2019-06-28 11:37:00,HOLDINGS_UPDATED,"{'CASH': 34046470, 'JPM': -245}"
2019-06-28 11:38:00,BID_DEPTH,"[(100203, 303)]"
2019-06-28 11:38:00,ASK_DEPTH,"[(100420, 249)]"
2019-06-28 11:38:00,IMBALANCE,"[303, 249]"
2019-06-28 11:38:00,HOLDINGS_UPDATED,"{'CASH': 33343530, 'JPM': -238}"
2019-06-28 11:39:00,BID_DEPTH,"[(100380, 202)]"
2019-06-28 11:39:00,ASK_DEPTH,"[(100431, 148)]"
2019-06-28 11:39:00,IMBALANCE,"[202, 148]"
2019-06-28 11:39:00,HOLDINGS_UPDATED,"{'CASH': 32640513, 'JPM': -231}"
2019-06-28 11:40:00,BID_DEPTH,"[(100380, 506)]"
2019-06-28 11:40:00,ASK_DEPTH,"[(100837, 452)]"
2019-06-28 11:40:00,IMBALANCE,"[506, 452]"
2019-06-28 11:40:00,HOLDINGS_UPDATED,"{'CASH': 31934654, 'JPM': -224}"
2019-06-28 11:41:00,BID_DEPTH,"[(100837, 706)]"
2019-06-28 11:41:00,ASK_DEPTH,"[(101105, 452)]"
2019-06-28 11:41:00,IMBALANCE,"[706, 452]"
2019-06-28 11:41:00,HOLDINGS_UPDATED,"{'CASH': 31226919, 'JPM': -217}"
2019-06-28 11:42:00,BID_DEPTH,"[(100946, 506)]"
2019-06-28 11:42:00,ASK_DEPTH,"[(101200, 452)]"
2019-06-28 11:42:00,IMBALANCE,"[506, 452]"
2019-06-28 11:42:00,HOLDINGS_UPDATED,"{'CASH': 30518519, 'JPM': -210}"
2019-06-28 11:43:00,BID_DEPTH,"[(100946, 202)]"
2019-06-28 11:43:00,ASK_DEPTH,"[(101200, 55)]"
2019-06-28 11:43:00,IMBALANCE,"[202, 55]"
2019-06-28 11:43:00,HOLDINGS_UPDATED,"{'CASH': 29810119, 'JPM': -203}"
2019-06-28 11:44:00,BID_DEPTH,"[(101065, 238)]"
2019-06-28 11:44:00,ASK_DEPTH,"[(101232, 165)]"
2019-06-28 11:44:00,IMBALANCE,"[238, 165]"
2019-06-28 11:44:00,HOLDINGS_UPDATED,"{'CASH': 29101495, 'JPM': -196}"
2019-06-28 11:45:00,BID_DEPTH,"[(100837, 381)]"
2019-06-28 11:45:00,ASK_DEPTH,"[(101035, 127)]"
2019-06-28 11:45:00,IMBALANCE,"[381, 127]"
2019-06-28 11:45:00,HOLDINGS_UPDATED,"{'CASH': 28394250, 'JPM': -189}"
2019-06-28 11:46:00,BID_DEPTH,"[(101077, 303)]"
2019-06-28 11:46:00,ASK_DEPTH,"[(101171, 249)]"
2019-06-28 11:46:00,IMBALANCE,"[303, 249]"
2019-06-28 11:46:00,HOLDINGS_UPDATED,"{'CASH': 27686053, 'JPM': -182}"
2019-06-28 11:47:00,BID_DEPTH,"[(101077, 506)]"
2019-06-28 11:47:00,ASK_DEPTH,"[(101171, 559)]"
2019-06-28 11:47:00,IMBALANCE,"[506, 559]"
2019-06-28 11:47:00,HOLDINGS_UPDATED,"{'CASH': 26977856, 'JPM': -175}"
2019-06-28 11:48:00,BID_DEPTH,"[(100837, 303)]"
2019-06-28 11:48:00,ASK_DEPTH,"[(101171, 326)]"
2019-06-28 11:48:00,IMBALANCE,"[303, 326]"
2019-06-28 11:48:00,HOLDINGS_UPDATED,"{'CASH': 26269659, 'JPM': -168}"
2019-06-28 11:49:00,BID_DEPTH,"[(100730, 181)]"
2019-06-28 11:49:00,ASK_DEPTH,"[(101171, 327)]"
2019-06-28 11:49:00,IMBALANCE,"[181, 327]"
2019-06-28 11:49:00,HOLDINGS_UPDATED,"{'CASH': 25561462, 'JPM': -161}"
2019-06-28 11:50:00,BID_DEPTH,"[(100730, 238)]"
2019-06-28 11:50:00,ASK_DEPTH,"[(101171, 247)]"
2019-06-28 11:50:00,IMBALANCE,"[238, 247]"
2019-06-28 11:50:00,HOLDINGS_UPDATED,"{'CASH': 24853265, 'JPM': -154}"
2019-06-28 11:51:00,BID_DEPTH,"[(100730, 181)]"
2019-06-28 11:51:00,ASK_DEPTH,"[(100802, 127)]"
2019-06-28 11:51:00,IMBALANCE,"[181, 127]"
2019-06-28 11:51:00,HOLDINGS_UPDATED,"{'CASH': 24147651, 'JPM': -147}"
2019-06-28 11:52:00,BID_DEPTH,"[(100723, 303)]"
2019-06-28 11:52:00,ASK_DEPTH,"[(100801, 249)]"
2019-06-28 11:52:00,IMBALANCE,"[303, 249]"
2019-06-28 11:52:00,HOLDINGS_UPDATED,"{'CASH': 23442044, 'JPM': -140}"
2019-06-28 11:53:00,BID_DEPTH,"[(100572, 238)]"
2019-06-28 11:53:00,ASK_DEPTH,"[(100801, 184)]"
2019-06-28 11:53:00,IMBALANCE,"[238, 184]"
2019-06-28 11:53:00,HOLDINGS_UPDATED,"{'CASH': 22736437, 'JPM': -133}"
2019-06-28 11:54:00,BID_DEPTH,"[(100276, 303)]"
2019-06-28 11:54:00,ASK_DEPTH,"[(100903, 249)]"
2019-06-28 11:54:00,IMBALANCE,"[303, 249]"
2019-06-28 11:54:00,HOLDINGS_UPDATED,"{'CASH': 22030116, 'JPM': -126}"
2019-06-28 11:55:00,BID_DEPTH,"[(100276, 181)]"
2019-06-28 11:55:00,ASK_DEPTH,"[(100990, 127)]"
2019-06-28 11:55:00,IMBALANCE,"[181, 127]"
2019-06-28 11:55:00,HOLDINGS_UPDATED,"{'CASH': 21323186, 'JPM': -119}"
2019-06-28 11:56:00,BID_DEPTH,"[(100774, 181)]"
2019-06-28 11:56:00,ASK_DEPTH,"[(101073, 127)]"
2019-06-28 11:56:00,IMBALANCE,"[181, 127]"
2019-06-28 11:56:00,HOLDINGS_UPDATED,"{'CASH': 20615675, 'JPM': -112}"
2019-06-28 11:57:00,BID_DEPTH,"[(100774, 181)]"
2019-06-28 11:57:00,ASK_DEPTH,"[(101119, 127)]"
2019-06-28 11:57:00,IMBALANCE,"[181, 127]"
2019-06-28 11:57:00,HOLDINGS_UPDATED,"{'CASH': 19907842, 'JPM': -105}"
2019-06-28 11:58:00,BID_DEPTH,"[(100774, 303)]"
2019-06-28 11:58:00,ASK_DEPTH,"[(101119, 249)]"
2019-06-28 11:58:00,IMBALANCE,"[303, 249]"
2019-06-28 11:58:00,HOLDINGS_UPDATED,"{'CASH': 19200009, 'JPM': -98}"
2019-06-28 11:59:00,BID_DEPTH,"[(100521, 181)]"
2019-06-28 11:59:00,ASK_DEPTH,"[(101119, 127)]"
2019-06-28 11:59:00,IMBALANCE,"[181, 127]"
2019-06-28 11:59:00,HOLDINGS_UPDATED,"{'CASH': 18492176, 'JPM': -91}"
2019-06-28 12:00:00,BID_DEPTH,"[(100181, 238)]"
2019-06-28 12:00:00,ASK_DEPTH,"[(101119, 184)]"
2019-06-28 12:00:00,IMBALANCE,"[238, 184]"
2019-06-28 12:00:00,HOLDINGS_UPDATED,"{'CASH': 17784343, 'JPM': -84}"
2019-06-28 12:01:00,BID_DEPTH,"[(100181, 202)]"
2019-06-28 12:01:00,ASK_DEPTH,"[(101171, 148)]"
2019-06-28 12:01:00,IMBALANCE,"[202, 148]"
2019-06-28 12:01:00,HOLDINGS_UPDATED,"{'CASH': 17076146, 'JPM': -77}"
2019-06-28 12:02:00,BID_DEPTH,"[(100181, 303)]"
2019-06-28 12:02:00,ASK_DEPTH,"[(101171, 249)]"
2019-06-28 12:02:00,IMBALANCE,"[303, 249]"
2019-06-28 12:02:00,HOLDINGS_UPDATED,"{'CASH': 16367949, 'JPM': -70}"
2019-06-28 12:03:00,BID_DEPTH,"[(100132, 181)]"
2019-06-28 12:03:00,ASK_DEPTH,"[(100176, 127)]"
2019-06-28 12:03:00,IMBALANCE,"[181, 127]"
2019-06-28 12:03:00,HOLDINGS_UPDATED,"{'CASH': 15666717, 'JPM': -63}"
2019-06-28 12:04:00,BID_DEPTH,"[(100121, 506)]"
2019-06-28 12:04:00,ASK_DEPTH,"[(100498, 452)]"
2019-06-28 12:04:00,IMBALANCE,"[506, 452]"
2019-06-28 12:04:00,HOLDINGS_UPDATED,"{'CASH': 14963231, 'JPM': -56}"
2019-06-28 12:05:00,BID_DEPTH,"[(100122, 202)]"
2019-06-28 12:05:00,ASK_DEPTH,"[(100497, 148)]"
2019-06-28 12:05:00,IMBALANCE,"[202, 148]"
2019-06-28 12:05:00,HOLDINGS_UPDATED,"{'CASH': 14259752, 'JPM': -49}"
2019-06-28 12:06:00,BID_DEPTH,"[(100025, 238)]"
2019-06-28 12:06:00,ASK_DEPTH,"[(100497, 184)]"
2019-06-28 12:06:00,IMBALANCE,"[238, 184]"
2019-06-28 12:06:00,HOLDINGS_UPDATED,"{'CASH': 13556273, 'JPM': -42}"
2019-06-28 12:07:00,BID_DEPTH,"[(100025, 238)]"
2019-06-28 12:07:00,ASK_DEPTH,"[(100211, 184)]"
2019-06-28 12:07:00,IMBALANCE,"[238, 184]"
2019-06-28 12:07:00,HOLDINGS_UPDATED,"{'CASH': 12854796, 'JPM': -35}"
2019-06-28 12:08:00,BID_DEPTH,"[(100330, 202)]"
2019-06-28 12:08:00,ASK_DEPTH,"[(100497, 148)]"
2019-06-28 12:08:00,IMBALANCE,"[202, 148]"
2019-06-28 12:08:00,HOLDINGS_UPDATED,"{'CASH': 12151317, 'JPM': -28}"
2019-06-28 12:09:00,BID_DEPTH,"[(100211, 403)]"
2019-06-28 12:09:00,ASK_DEPTH,"[(100443, 249)]"
2019-06-28 12:09:00,IMBALANCE,"[403, 249]"
2019-06-28 12:09:00,HOLDINGS_UPDATED,"{'CASH': 11448216, 'JPM': -21}"
2019-06-28 12:10:00,BID_DEPTH,"[(100025, 181)]"
2019-06-28 12:10:00,ASK_DEPTH,"[(100442, 127)]"
2019-06-28 12:10:00,IMBALANCE,"[181, 127]"
2019-06-28 12:10:00,HOLDINGS_UPDATED,"{'CASH': 10745122, 'JPM': -14}"
2019-06-28 12:11:00,BID_DEPTH,"[(100025, 181)]"
2019-06-28 12:11:00,ASK_DEPTH,"[(100202, 127)]"
2019-06-28 12:11:00,IMBALANCE,"[181, 127]"
2019-06-28 12:11:00,HOLDINGS_UPDATED,"{'CASH': 10043708, 'JPM': -7}"
2019-06-28 12:12:00,BID_DEPTH,"[(100025, 249)]"
2019-06-28 12:12:00,ASK_DEPTH,"[(100202, 303)]"
2019-06-28 12:12:00,IMBALANCE,"[249, 303]"
2019-06-28 12:12:00,HOLDINGS_UPDATED,"{'CASH': 10743883, 'JPM': -14}"
2019-06-28 12:13:00,BID_DEPTH,"[(100007, 452)]"
2019-06-28 12:13:00,ASK_DEPTH,"[(100443, 606)]"
2019-06-28 12:13:00,IMBALANCE,"[452, 606]"
2019-06-28 12:13:00,HOLDINGS_UPDATED,"{'CASH': 11443932, 'JPM': -21}"
2019-06-28 12:14:00,BID_DEPTH,"[(100361, 249)]"
2019-06-28 12:14:00,ASK_DEPTH,"[(100424, 303)]"
2019-06-28 12:14:00,IMBALANCE,"[249, 303]"
2019-06-28 12:14:00,HOLDINGS_UPDATED,"{'CASH': 12146459, 'JPM': -28}"
2019-06-28 12:15:00,BID_DEPTH,"[(100361, 452)]"
2019-06-28 12:15:00,ASK_DEPTH,"[(100443, 606)]"
2019-06-28 12:15:00,IMBALANCE,"[452, 606]"
2019-06-28 12:15:00,HOLDINGS_UPDATED,"{'CASH': 12848986, 'JPM': -35}"
2019-06-28 12:16:00,BID_DEPTH,"[(100288, 452)]"
2019-06-28 12:16:00,ASK_DEPTH,"[(100443, 606)]"
2019-06-28 12:16:00,IMBALANCE,"[452, 606]"
2019-06-28 12:16:00,HOLDINGS_UPDATED,"{'CASH': 13551002, 'JPM': -42}"
2019-06-28 12:17:00,BID_DEPTH,"[(100257, 227)]"
2019-06-28 12:17:00,ASK_DEPTH,"[(100457, 181)]"
2019-06-28 12:17:00,IMBALANCE,"[227, 181]"
2019-06-28 12:17:00,HOLDINGS_UPDATED,"{'CASH': 14252801, 'JPM': -49}"
2019-06-28 12:18:00,BID_DEPTH,"[(100257, 147)]"
2019-06-28 12:18:00,ASK_DEPTH,"[(100498, 238)]"
2019-06-28 12:18:00,IMBALANCE,"[147, 238]"
2019-06-28 12:18:00,HOLDINGS_UPDATED,"{'CASH': 14954600, 'JPM': -56}"
2019-06-28 12:19:00,BID_DEPTH,"[(100407, 127)]"
2019-06-28 12:19:00,ASK_DEPTH,"[(100498, 181)]"
2019-06-28 12:19:00,IMBALANCE,"[127, 181]"
2019-06-28 12:19:00,HOLDINGS_UPDATED,"{'CASH': 15657449, 'JPM': -63}"
2019-06-28 12:20:00,BID_DEPTH,"[(100350, 184)]"
2019-06-28 12:20:00,ASK_DEPTH,"[(100498, 238)]"
2019-06-28 12:20:00,IMBALANCE,"[184, 238]"
2019-06-28 12:20:00,HOLDINGS_UPDATED,"{'CASH': 16359899, 'JPM': -70}"
2019-06-28 12:21:00,BID_DEPTH,"[(99958, 127)]"
2019-06-28 12:21:00,ASK_DEPTH,"[(100460, 181)]"
2019-06-28 12:21:00,IMBALANCE,"[127, 181]"
2019-06-28 12:21:00,HOLDINGS_UPDATED,"{'CASH': 17059605, 'JPM': -77}"
2019-06-28 12:22:00,BID_DEPTH,"[(100364, 249)]"
2019-06-28 12:22:00,ASK_DEPTH,"[(100517, 303)]"
2019-06-28 12:22:00,IMBALANCE,"[249, 303]"
2019-06-28 12:22:00,HOLDINGS_UPDATED,"{'CASH': 17762153, 'JPM': -84}"
2019-06-28 12:23:00,BID_DEPTH,"[(100338, 148)]"
2019-06-28 12:23:00,ASK_DEPTH,"[(100517, 202)]"
2019-06-28 12:23:00,IMBALANCE,"[148, 202]"
2019-06-28 12:23:00,HOLDINGS_UPDATED,"{'CASH': 18464519, 'JPM': -91}"
2019-06-28 12:24:00,BID_DEPTH,"[(100282, 148)]"
2019-06-28 12:24:00,ASK_DEPTH,"[(100538, 202)]"
2019-06-28 12:24:00,IMBALANCE,"[148, 202]"
2019-06-28 12:24:00,HOLDINGS_UPDATED,"{'CASH': 19166493, 'JPM': -98}"
2019-06-28 12:25:00,BID_DEPTH,"[(100493, 184)]"
2019-06-28 12:25:00,ASK_DEPTH,"[(100538, 238)]"
2019-06-28 12:25:00,IMBALANCE,"[184, 238]"
2019-06-28 12:25:00,HOLDINGS_UPDATED,"{'CASH': 19869944, 'JPM': -105}"
2019-06-28 12:26:00,BID_DEPTH,"[(100294, 184)]"
2019-06-28 12:26:00,ASK_DEPTH,"[(100538, 238)]"
2019-06-28 12:26:00,IMBALANCE,"[184, 238]"
2019-06-28 12:26:00,HOLDINGS_UPDATED,"{'CASH': 20572002, 'JPM': -112}"
2019-06-28 12:27:00,BID_DEPTH,"[(100252, 184)]"
2019-06-28 12:27:00,ASK_DEPTH,"[(100429, 238)]"
2019-06-28 12:27:00,IMBALANCE,"[184, 238]"
2019-06-28 12:27:00,HOLDINGS_UPDATED,"{'CASH': 21273766, 'JPM': -119}"
2019-06-28 12:28:00,BID_DEPTH,"[(100493, 148)]"
2019-06-28 12:28:00,ASK_DEPTH,"[(100538, 202)]"
2019-06-28 12:28:00,IMBALANCE,"[148, 202]"
2019-06-28 12:28:00,HOLDINGS_UPDATED,"{'CASH': 21977217, 'JPM': -126}"
2019-06-28 12:29:00,BID_DEPTH,"[(100365, 184)]"
2019-06-28 12:29:00,ASK_DEPTH,"[(100493, 238)]"
2019-06-28 12:29:00,IMBALANCE,"[184, 238]"
2019-06-28 12:29:00,HOLDINGS_UPDATED,"{'CASH': 22679772, 'JPM': -133}"
2019-06-28 12:30:00,BID_DEPTH,"[(100219, 148)]"
2019-06-28 12:30:00,ASK_DEPTH,"[(100365, 202)]"
2019-06-28 12:30:00,IMBALANCE,"[148, 202]"
2019-06-28 12:30:00,HOLDINGS_UPDATED,"{'CASH': 23381305, 'JPM': -140}"
2019-06-28 12:31:00,BID_DEPTH,"[(100101, 184)]"
2019-06-28 12:31:00,ASK_DEPTH,"[(100186, 238)]"
2019-06-28 12:31:00,IMBALANCE,"[184, 238]"
2019-06-28 12:31:00,HOLDINGS_UPDATED,"{'CASH': 24082012, 'JPM': -147}"
2019-06-28 12:32:00,BID_DEPTH,"[(99897, 249)]"
2019-06-28 12:32:00,ASK_DEPTH,"[(100101, 303)]"
2019-06-28 12:32:00,IMBALANCE,"[249, 303]"
2019-06-28 12:32:00,HOLDINGS_UPDATED,"{'CASH': 24781291, 'JPM': -154}"
2019-06-28 12:33:00,BID_DEPTH,"[(99881, 127)]"
2019-06-28 12:33:00,ASK_DEPTH,"[(100101, 181)]"
2019-06-28 12:33:00,IMBALANCE,"[127, 181]"
2019-06-28 12:33:00,HOLDINGS_UPDATED,"{'CASH': 25480458, 'JPM': -161}"
2019-06-28 12:34:00,BID_DEPTH,"[(99839, 184)]"
2019-06-28 12:34:00,ASK_DEPTH,"[(99881, 238)]"
2019-06-28 12:34:00,IMBALANCE,"[184, 238]"
2019-06-28 12:34:00,HOLDINGS_UPDATED,"{'CASH': 26179331, 'JPM': -168}"
2019-06-28 12:35:00,BID_DEPTH,"[(99831, 184)]"
2019-06-28 12:35:00,ASK_DEPTH,"[(99839, 193)]"
2019-06-28 12:35:00,IMBALANCE,"[184, 193]"
2019-06-28 12:35:00,HOLDINGS_UPDATED,"{'CASH': 26878148, 'JPM': -175}"
2019-06-28 12:36:00,BID_DEPTH,"[(99815, 249)]"
2019-06-28 12:36:00,ASK_DEPTH,"[(99831, 294)]"
2019-06-28 12:36:00,IMBALANCE,"[249, 294]"
2019-06-28 12:36:00,HOLDINGS_UPDATED,"{'CASH': 27576853, 'JPM': -182}"
2019-06-28 12:37:00,BID_DEPTH,"[(99203, 127)]"
2019-06-28 12:37:00,ASK_DEPTH,"[(99831, 172)]"
2019-06-28 12:37:00,IMBALANCE,"[127, 172]"
2019-06-28 12:37:00,HOLDINGS_UPDATED,"{'CASH': 28271274, 'JPM': -189}"
2019-06-28 12:38:00,BID_DEPTH,"[(99203, 134)]"
2019-06-28 12:38:00,ASK_DEPTH,"[(99831, 172)]"
2019-06-28 12:38:00,IMBALANCE,"[134, 172]"
2019-06-28 12:38:00,HOLDINGS_UPDATED,"{'CASH': 28965695, 'JPM': -196}"
2019-06-28 12:39:00,BID_DEPTH,"[(99077, 249)]"
2019-06-28 12:39:00,ASK_DEPTH,"[(99203, 245)]"
2019-06-28 12:39:00,IMBALANCE,"[249, 245]"
2019-06-28 12:39:00,HOLDINGS_UPDATED,"{'CASH': 29659234, 'JPM': -203}"
2019-06-28 12:40:00,BID_DEPTH,"[(98152, 184)]"
2019-06-28 12:40:00,ASK_DEPTH,"[(99077, 150)]"
2019-06-28 12:40:00,IMBALANCE,"[184, 150]"
2019-06-28 12:40:00,HOLDINGS_UPDATED,"{'CASH': 30346298, 'JPM': -210}"
2019-06-28 12:41:00,BID_DEPTH,"[(98937, 452)]"
2019-06-28 12:41:00,ASK_DEPTH,"[(99203, 448)]"
2019-06-28 12:41:00,IMBALANCE,"[452, 448]"
2019-06-28 12:41:00,HOLDINGS_UPDATED,"{'CASH': 31038857, 'JPM': -217}"
2019-06-28 12:42:00,BID_DEPTH,"[(98937, 156)]"
2019-06-28 12:42:00,ASK_DEPTH,"[(99831, 294)]"
2019-06-28 12:42:00,IMBALANCE,"[156, 294]"
2019-06-28 12:42:00,HOLDINGS_UPDATED,"{'CASH': 31731416, 'JPM': -224}"
2019-06-28 12:43:00,BID_DEPTH,"[(99475, 127)]"
2019-06-28 12:43:00,ASK_DEPTH,"[(99744, 181)]"
2019-06-28 12:43:00,IMBALANCE,"[127, 181]"
2019-06-28 12:43:00,HOLDINGS_UPDATED,"{'CASH': 32427741, 'JPM': -231}"
2019-06-28 12:44:00,BID_DEPTH,"[(98937, 291)]"
2019-06-28 12:44:00,ASK_DEPTH,"[(99118, 238)]"
2019-06-28 12:44:00,IMBALANCE,"[291, 238]"
2019-06-28 12:44:00,HOLDINGS_UPDATED,"{'CASH': 33120300, 'JPM': -238}"
2019-06-28 12:45:00,BID_DEPTH,"[(98937, 125)]"
2019-06-28 12:45:00,ASK_DEPTH,"[(98999, 202)]"
2019-06-28 12:45:00,IMBALANCE,"[125, 202]"
2019-06-28 12:45:00,HOLDINGS_UPDATED,"{'CASH': 33812859, 'JPM': -245}"
2019-06-28 12:46:00,BID_DEPTH,"[(98795, 184)]"
2019-06-28 12:46:00,ASK_DEPTH,"[(98937, 189)]"
2019-06-28 12:46:00,IMBALANCE,"[184, 189]"
2019-06-28 12:46:00,HOLDINGS_UPDATED,"{'CASH': 34504424, 'JPM': -252}"
2019-06-28 12:47:00,BID_DEPTH,"[(98937, 216)]"
2019-06-28 12:47:00,ASK_DEPTH,"[(98999, 202)]"
2019-06-28 12:47:00,IMBALANCE,"[216, 202]"
2019-06-28 12:47:00,HOLDINGS_UPDATED,"{'CASH': 35196983, 'JPM': -259}"
2019-06-28 12:48:00,BID_DEPTH,"[(98938, 148)]"
2019-06-28 12:48:00,ASK_DEPTH,"[(98971, 202)]"
2019-06-28 12:48:00,IMBALANCE,"[148, 202]"
2019-06-28 12:48:00,HOLDINGS_UPDATED,"{'CASH': 35889549, 'JPM': -266}"
2019-06-28 12:49:00,BID_DEPTH,"[(98939, 284)]"
2019-06-28 12:49:00,ASK_DEPTH,"[(99065, 238)]"
2019-06-28 12:49:00,IMBALANCE,"[284, 238]"
2019-06-28 12:49:00,HOLDINGS_UPDATED,"{'CASH': 36582122, 'JPM': -273}"
2019-06-28 12:50:00,BID_DEPTH,"[(99065, 148)]"
2019-06-28 12:50:00,ASK_DEPTH,"[(99164, 202)]"
2019-06-28 12:50:00,IMBALANCE,"[148, 202]"
2019-06-28 12:50:00,HOLDINGS_UPDATED,"{'CASH': 37275577, 'JPM': -280}"
2019-06-28 12:51:00,BID_DEPTH,"[(99065, 127)]"
2019-06-28 12:51:00,ASK_DEPTH,"[(99253, 181)]"
2019-06-28 12:51:00,IMBALANCE,"[127, 181]"
2019-06-28 12:51:00,HOLDINGS_UPDATED,"{'CASH': 37969032, 'JPM': -287}"
2019-06-28 12:52:00,BID_DEPTH,"[(98956, 148)]"
2019-06-28 12:52:00,ASK_DEPTH,"[(99058, 202)]"
2019-06-28 12:52:00,IMBALANCE,"[148, 202]"
2019-06-28 12:52:00,HOLDINGS_UPDATED,"{'CASH': 38661724, 'JPM': -294}"
2019-06-28 12:53:00,BID_DEPTH,"[(98939, 154)]"
2019-06-28 12:53:00,ASK_DEPTH,"[(99058, 238)]"
2019-06-28 12:53:00,IMBALANCE,"[154, 238]"
2019-06-28 12:53:00,HOLDINGS_UPDATED,"{'CASH': 39354297, 'JPM': -301}"
2019-06-28 12:54:00,BID_DEPTH,"[(99081, 148)]"
2019-06-28 12:54:00,ASK_DEPTH,"[(99443, 202)]"
2019-06-28 12:54:00,IMBALANCE,"[148, 202]"
2019-06-28 12:54:00,HOLDINGS_UPDATED,"{'CASH': 40047864, 'JPM': -308}"
2019-06-28 12:55:00,BID_DEPTH,"[(98938, 34)]"
2019-06-28 12:55:00,ASK_DEPTH,"[(99475, 181)]"
2019-06-28 12:55:00,IMBALANCE,"[34, 181]"
2019-06-28 12:55:00,HOLDINGS_UPDATED,"{'CASH': 40740430, 'JPM': -315}"
2019-06-28 12:56:00,BID_DEPTH,"[(98923, 249)]"
2019-06-28 12:56:00,ASK_DEPTH,"[(99732, 303)]"
2019-06-28 12:56:00,IMBALANCE,"[249, 303]"
2019-06-28 12:56:00,HOLDINGS_UPDATED,"{'CASH': 41432891, 'JPM': -322}"
2019-06-28 12:57:00,BID_DEPTH,"[(98874, 249)]"
2019-06-28 12:57:00,ASK_DEPTH,"[(99831, 294)]"
2019-06-28 12:57:00,IMBALANCE,"[249, 294]"
2019-06-28 12:57:00,HOLDINGS_UPDATED,"{'CASH': 42125009, 'JPM': -329}"
2019-06-28 12:58:00,BID_DEPTH,"[(98874, 452)]"
2019-06-28 12:58:00,ASK_DEPTH,"[(99922, 506)]"
2019-06-28 12:58:00,IMBALANCE,"[452, 506]"
2019-06-28 12:58:00,HOLDINGS_UPDATED,"{'CASH': 42817127, 'JPM': -336}"
2019-06-28 12:59:00,BID_DEPTH,"[(99847, 184)]"
2019-06-28 12:59:00,ASK_DEPTH,"[(99922, 238)]"
2019-06-28 12:59:00,IMBALANCE,"[184, 238]"
2019-06-28 12:59:00,HOLDINGS_UPDATED,"{'CASH': 43516056, 'JPM': -343}"
2019-06-28 13:00:00,BID_DEPTH,"[(99847, 449)]"
2019-06-28 13:00:00,ASK_DEPTH,"[(100199, 303)]"
2019-06-28 13:00:00,IMBALANCE,"[449, 303]"
2019-06-28 13:00:00,HOLDINGS_UPDATED,"{'CASH': 44214985, 'JPM': -350}"
2019-06-28 13:01:00,BID_DEPTH,"[(99847, 312)]"
2019-06-28 13:01:00,ASK_DEPTH,"[(100538, 303)]"
2019-06-28 13:01:00,IMBALANCE,"[312, 303]"
2019-06-28 13:01:00,HOLDINGS_UPDATED,"{'CASH': 44913914, 'JPM': -357}"
2019-06-28 13:02:00,BID_DEPTH,"[(99847, 175)]"
2019-06-28 13:02:00,ASK_DEPTH,"[(100846, 303)]"
2019-06-28 13:02:00,IMBALANCE,"[175, 303]"
2019-06-28 13:02:00,HOLDINGS_UPDATED,"{'CASH': 45612843, 'JPM': -364}"
2019-06-28 13:03:00,BID_DEPTH,"[(100493, 127)]"
2019-06-28 13:03:00,ASK_DEPTH,"[(100635, 181)]"
2019-06-28 13:03:00,IMBALANCE,"[127, 181]"
2019-06-28 13:03:00,HOLDINGS_UPDATED,"{'CASH': 46316294, 'JPM': -371}"
2019-06-28 13:04:00,BID_DEPTH,"[(100463, 127)]"
2019-06-28 13:04:00,ASK_DEPTH,"[(100635, 181)]"
2019-06-28 13:04:00,IMBALANCE,"[127, 181]"
2019-06-28 13:04:00,HOLDINGS_UPDATED,"{'CASH': 47019535, 'JPM': -378}"
2019-06-28 13:05:00,BID_DEPTH,"[(99739, 184)]"
2019-06-28 13:05:00,ASK_DEPTH,"[(100463, 238)]"
2019-06-28 13:05:00,IMBALANCE,"[184, 238]"
2019-06-28 13:05:00,HOLDINGS_UPDATED,"{'CASH': 47717708, 'JPM': -385}"
2019-06-28 13:06:00,BID_DEPTH,"[(99519, 452)]"
2019-06-28 13:06:00,ASK_DEPTH,"[(100463, 506)]"
2019-06-28 13:06:00,IMBALANCE,"[452, 506]"
2019-06-28 13:06:00,HOLDINGS_UPDATED,"{'CASH': 48414341, 'JPM': -392}"
2019-06-28 13:07:00,BID_DEPTH,"[(99466, 184)]"
2019-06-28 13:07:00,ASK_DEPTH,"[(99519, 238)]"
2019-06-28 13:07:00,IMBALANCE,"[184, 238]"
2019-06-28 13:07:00,HOLDINGS_UPDATED,"{'CASH': 49110603, 'JPM': -399}"
2019-06-28 13:08:00,BID_DEPTH,"[(99569, 148)]"
2019-06-28 13:08:00,ASK_DEPTH,"[(100635, 202)]"
2019-06-28 13:08:00,IMBALANCE,"[148, 202]"
2019-06-28 13:08:00,HOLDINGS_UPDATED,"{'CASH': 49807586, 'JPM': -406}"
2019-06-28 13:09:00,BID_DEPTH,"[(99795, 184)]"
2019-06-28 13:09:00,ASK_DEPTH,"[(100129, 238)]"
2019-06-28 13:09:00,IMBALANCE,"[184, 238]"
2019-06-28 13:09:00,HOLDINGS_UPDATED,"{'CASH': 50506151, 'JPM': -413}"
2019-06-28 13:10:00,BID_DEPTH,"[(99774, 238)]"
2019-06-28 13:10:00,ASK_DEPTH,"[(99795, 184)]"
2019-06-28 13:10:00,IMBALANCE,"[238, 184]"
2019-06-28 13:10:00,HOLDINGS_UPDATED,"{'CASH': 49807586, 'JPM': -406}"
2019-06-28 13:11:00,BID_DEPTH,"[(99917, 202)]"
2019-06-28 13:11:00,ASK_DEPTH,"[(100129, 148)]"
2019-06-28 13:11:00,IMBALANCE,"[202, 148]"
2019-06-28 13:11:00,HOLDINGS_UPDATED,"{'CASH': 49106683, 'JPM': -399}"
2019-06-28 13:12:00,BID_DEPTH,"[(100129, 238)]"
2019-06-28 13:12:00,ASK_DEPTH,"[(100635, 249)]"
2019-06-28 13:12:00,IMBALANCE,"[238, 249]"
2019-06-28 13:12:00,HOLDINGS_UPDATED,"{'CASH': 48402238, 'JPM': -392}"
2019-06-28 13:13:00,BID_DEPTH,"[(100129, 441)]"
2019-06-28 13:13:00,ASK_DEPTH,"[(100846, 452)]"
2019-06-28 13:13:00,IMBALANCE,"[441, 452]"
2019-06-28 13:13:00,HOLDINGS_UPDATED,"{'CASH': 47696316, 'JPM': -385}"
2019-06-28 13:14:00,BID_DEPTH,"[(100760, 202)]"
2019-06-28 13:14:00,ASK_DEPTH,"[(100938, 148)]"
2019-06-28 13:14:00,IMBALANCE,"[202, 148]"
2019-06-28 13:14:00,HOLDINGS_UPDATED,"{'CASH': 46989750, 'JPM': -378}"
2019-06-28 13:15:00,BID_DEPTH,"[(100760, 506)]"
2019-06-28 13:15:00,ASK_DEPTH,"[(101232, 359)]"
2019-06-28 13:15:00,IMBALANCE,"[506, 359]"
2019-06-28 13:15:00,HOLDINGS_UPDATED,"{'CASH': 46281126, 'JPM': -371}"
2019-06-28 13:16:00,BID_DEPTH,"[(100129, 238)]"
2019-06-28 13:16:00,ASK_DEPTH,"[(101232, 156)]"
2019-06-28 13:16:00,IMBALANCE,"[238, 156]"
2019-06-28 13:16:00,HOLDINGS_UPDATED,"{'CASH': 45572502, 'JPM': -364}"
2019-06-28 13:17:00,BID_DEPTH,"[(100970, 303)]"
2019-06-28 13:17:00,ASK_DEPTH,"[(101074, 249)]"
2019-06-28 13:17:00,IMBALANCE,"[303, 249]"
2019-06-28 13:17:00,HOLDINGS_UPDATED,"{'CASH': 44864984, 'JPM': -357}"
2019-06-28 13:18:00,BID_DEPTH,"[(100970, 303)]"
2019-06-28 13:18:00,ASK_DEPTH,"[(101073, 249)]"
2019-06-28 13:18:00,IMBALANCE,"[303, 249]"
2019-06-28 13:18:00,HOLDINGS_UPDATED,"{'CASH': 44157473, 'JPM': -350}"
2019-06-28 13:19:00,BID_DEPTH,"[(100970, 238)]"
2019-06-28 13:19:00,ASK_DEPTH,"[(101073, 91)]"
2019-06-28 13:19:00,IMBALANCE,"[238, 91]"
2019-06-28 13:19:00,HOLDINGS_UPDATED,"{'CASH': 43449962, 'JPM': -343}"
2019-06-28 13:20:00,BID_DEPTH,"[(101074, 202)]"
2019-06-28 13:20:00,ASK_DEPTH,"[(101106, 148)]"
2019-06-28 13:20:00,IMBALANCE,"[202, 148]"
2019-06-28 13:20:00,HOLDINGS_UPDATED,"{'CASH': 42742220, 'JPM': -336}"
2019-06-28 13:21:00,BID_DEPTH,"[(101073, 172)]"
2019-06-28 13:21:00,ASK_DEPTH,"[(101106, 34)]"
2019-06-28 13:21:00,IMBALANCE,"[172, 34]"
2019-06-28 13:21:00,HOLDINGS_UPDATED,"{'CASH': 42034478, 'JPM': -329}"
2019-06-28 13:22:00,BID_DEPTH,"[(101073, 193)]"
2019-06-28 13:22:00,ASK_DEPTH,"[(101106, 63)]"
2019-06-28 13:22:00,IMBALANCE,"[193, 63]"
2019-06-28 13:22:00,HOLDINGS_UPDATED,"{'CASH': 41326736, 'JPM': -322}"
2019-06-28 13:23:00,BID_DEPTH,"[(101106, 209)]"
2019-06-28 13:23:00,ASK_DEPTH,"[(101122, 249)]"
2019-06-28 13:23:00,IMBALANCE,"[209, 249]"
2019-06-28 13:23:00,HOLDINGS_UPDATED,"{'CASH': 40618882, 'JPM': -315}"
2019-06-28 13:24:00,BID_DEPTH,"[(101106, 209)]"
2019-06-28 13:24:00,ASK_DEPTH,"[(101122, 156)]"
2019-06-28 13:24:00,IMBALANCE,"[209, 156]"
2019-06-28 13:24:00,HOLDINGS_UPDATED,"{'CASH': 39911028, 'JPM': -308}"
2019-06-28 13:25:00,BID_DEPTH,"[(101073, 229)]"
2019-06-28 13:25:00,ASK_DEPTH,"[(101175, 184)]"
2019-06-28 13:25:00,IMBALANCE,"[229, 184]"
2019-06-28 13:25:00,HOLDINGS_UPDATED,"{'CASH': 39202803, 'JPM': -301}"
2019-06-28 13:26:00,BID_DEPTH,"[(101141, 181)]"
2019-06-28 13:26:00,ASK_DEPTH,"[(101175, 134)]"
2019-06-28 13:26:00,IMBALANCE,"[181, 134]"
2019-06-28 13:26:00,HOLDINGS_UPDATED,"{'CASH': 38494578, 'JPM': -294}"
2019-06-28 13:27:00,BID_DEPTH,"[(101141, 181)]"
2019-06-28 13:27:00,ASK_DEPTH,"[(101175, 127)]"
2019-06-28 13:27:00,IMBALANCE,"[181, 127]"
2019-06-28 13:27:00,HOLDINGS_UPDATED,"{'CASH': 37786353, 'JPM': -287}"
2019-06-28 13:28:00,BID_DEPTH,"[(101073, 193)]"
2019-06-28 13:28:00,ASK_DEPTH,"[(101199, 148)]"
2019-06-28 13:28:00,IMBALANCE,"[193, 148]"
2019-06-28 13:28:00,HOLDINGS_UPDATED,"{'CASH': 37077960, 'JPM': -280}"
2019-06-28 13:29:00,BID_DEPTH,"[(101073, 172)]"
2019-06-28 13:29:00,ASK_DEPTH,"[(101229, 127)]"
2019-06-28 13:29:00,IMBALANCE,"[172, 127]"
2019-06-28 13:29:00,HOLDINGS_UPDATED,"{'CASH': 36369357, 'JPM': -273}"
2019-06-28 13:30:00,BID_DEPTH,"[(101024, 303)]"
2019-06-28 13:30:00,ASK_DEPTH,"[(101232, 218)]"
2019-06-28 13:30:00,IMBALANCE,"[303, 218]"
2019-06-28 13:30:00,HOLDINGS_UPDATED,"{'CASH': 35660733, 'JPM': -266}"
2019-06-28 13:31:00,BID_DEPTH,"[(100977, 238)]"
2019-06-28 13:31:00,ASK_DEPTH,"[(101232, 184)]"
2019-06-28 13:31:00,IMBALANCE,"[238, 184]"
2019-06-28 13:31:00,HOLDINGS_UPDATED,"{'CASH': 34952109, 'JPM': -259}"
2019-06-28 13:32:00,BID_DEPTH,"[(100977, 303)]"
2019-06-28 13:32:00,ASK_DEPTH,"[(101232, 249)]"
2019-06-28 13:32:00,IMBALANCE,"[303, 249]"
2019-06-28 13:32:00,HOLDINGS_UPDATED,"{'CASH': 34243485, 'JPM': -252}"
2019-06-28 13:33:00,BID_DEPTH,"[(100970, 506)]"
2019-06-28 13:33:00,ASK_DEPTH,"[(101297, 452)]"
2019-06-28 13:33:00,IMBALANCE,"[506, 452]"
2019-06-28 13:33:00,HOLDINGS_UPDATED,"{'CASH': 33534406, 'JPM': -245}"
2019-06-28 13:34:00,BID_DEPTH,"[(100952, 181)]"
2019-06-28 13:34:00,ASK_DEPTH,"[(101336, 127)]"
2019-06-28 13:34:00,IMBALANCE,"[181, 127]"
2019-06-28 13:34:00,HOLDINGS_UPDATED,"{'CASH': 32825054, 'JPM': -238}"
2019-06-28 13:35:00,BID_DEPTH,"[(100836, 181)]"
2019-06-28 13:35:00,ASK_DEPTH,"[(100952, 127)]"
2019-06-28 13:35:00,IMBALANCE,"[181, 127]"
2019-06-28 13:35:00,HOLDINGS_UPDATED,"{'CASH': 32118390, 'JPM': -231}"
2019-06-28 13:36:00,BID_DEPTH,"[(100593, 181)]"
2019-06-28 13:36:00,ASK_DEPTH,"[(100952, 127)]"
2019-06-28 13:36:00,IMBALANCE,"[181, 127]"
2019-06-28 13:36:00,HOLDINGS_UPDATED,"{'CASH': 31411726, 'JPM': -224}"
2019-06-28 13:37:00,BID_DEPTH,"[(100593, 506)]"
2019-06-28 13:37:00,ASK_DEPTH,"[(101336, 452)]"
2019-06-28 13:37:00,IMBALANCE,"[506, 452]"
2019-06-28 13:37:00,HOLDINGS_UPDATED,"{'CASH': 30702374, 'JPM': -217}"
2019-06-28 13:38:00,BID_DEPTH,"[(100542, 238)]"
2019-06-28 13:38:00,ASK_DEPTH,"[(101335, 284)]"
2019-06-28 13:38:00,IMBALANCE,"[238, 284]"
2019-06-28 13:38:00,HOLDINGS_UPDATED,"{'CASH': 29993029, 'JPM': -210}"
2019-06-28 13:39:00,BID_DEPTH,"[(99602, 181)]"
2019-06-28 13:39:00,ASK_DEPTH,"[(101335, 190)]"
2019-06-28 13:39:00,IMBALANCE,"[181, 190]"
2019-06-28 13:39:00,HOLDINGS_UPDATED,"{'CASH': 29283684, 'JPM': -203}"
2019-06-28 13:40:00,BID_DEPTH,"[(99599, 181)]"
2019-06-28 13:40:00,ASK_DEPTH,"[(101335, 53)]"
2019-06-28 13:40:00,IMBALANCE,"[181, 53]"
2019-06-28 13:40:00,HOLDINGS_UPDATED,"{'CASH': 28574339, 'JPM': -196}"
2019-06-28 13:41:00,BID_DEPTH,"[(99557, 181)]"
2019-06-28 13:41:00,ASK_DEPTH,"[(99808, 127)]"
2019-06-28 13:41:00,IMBALANCE,"[181, 127]"
2019-06-28 13:41:00,HOLDINGS_UPDATED,"{'CASH': 27875683, 'JPM': -189}"
2019-06-28 13:42:00,BID_DEPTH,"[(99490, 238)]"
2019-06-28 13:42:00,ASK_DEPTH,"[(99913, 184)]"
2019-06-28 13:42:00,IMBALANCE,"[238, 184]"
2019-06-28 13:42:00,HOLDINGS_UPDATED,"{'CASH': 27176292, 'JPM': -182}"
2019-06-28 13:43:00,BID_DEPTH,"[(99491, 506)]"
2019-06-28 13:43:00,ASK_DEPTH,"[(101336, 426)]"
2019-06-28 13:43:00,IMBALANCE,"[506, 426]"
2019-06-28 13:43:00,HOLDINGS_UPDATED,"{'CASH': 26466940, 'JPM': -175}"
2019-06-28 13:44:00,BID_DEPTH,"[(99475, 202)]"
2019-06-28 13:44:00,ASK_DEPTH,"[(99542, 148)]"
2019-06-28 13:44:00,IMBALANCE,"[202, 148]"
2019-06-28 13:44:00,HOLDINGS_UPDATED,"{'CASH': 25770146, 'JPM': -168}"
2019-06-28 13:45:00,BID_DEPTH,"[(99474, 303)]"
2019-06-28 13:45:00,ASK_DEPTH,"[(99542, 249)]"
2019-06-28 13:45:00,IMBALANCE,"[303, 249]"
2019-06-28 13:45:00,HOLDINGS_UPDATED,"{'CASH': 25073352, 'JPM': -161}"
2019-06-28 13:46:00,BID_DEPTH,"[(99704, 506)]"
2019-06-28 13:46:00,ASK_DEPTH,"[(99718, 452)]"
2019-06-28 13:46:00,IMBALANCE,"[506, 452]"
2019-06-28 13:46:00,HOLDINGS_UPDATED,"{'CASH': 24375326, 'JPM': -154}"
2019-06-28 13:47:00,BID_DEPTH,"[(99389, 127)]"
2019-06-28 13:47:00,ASK_DEPTH,"[(99717, 181)]"
2019-06-28 13:47:00,IMBALANCE,"[127, 181]"
2019-06-28 13:47:00,HOLDINGS_UPDATED,"{'CASH': 25071049, 'JPM': -161}"
2019-06-28 13:48:00,BID_DEPTH,"[(99669, 127)]"
2019-06-28 13:48:00,ASK_DEPTH,"[(99717, 148)]"
2019-06-28 13:48:00,IMBALANCE,"[127, 148]"
2019-06-28 13:48:00,HOLDINGS_UPDATED,"{'CASH': 25768732, 'JPM': -168}"
2019-06-28 13:49:00,BID_DEPTH,"[(99479, 249)]"
2019-06-28 13:49:00,ASK_DEPTH,"[(99718, 303)]"
2019-06-28 13:49:00,IMBALANCE,"[249, 303]"
2019-06-28 13:49:00,HOLDINGS_UPDATED,"{'CASH': 26465085, 'JPM': -175}"
2019-06-28 13:50:00,BID_DEPTH,"[(99341, 127)]"
2019-06-28 13:50:00,ASK_DEPTH,"[(99479, 93)]"
2019-06-28 13:50:00,IMBALANCE,"[127, 93]"
2019-06-28 13:50:00,HOLDINGS_UPDATED,"{'CASH': 27160472, 'JPM': -182}"
2019-06-28 13:51:00,BID_DEPTH,"[(99341, 91)]"
2019-06-28 13:51:00,ASK_DEPTH,"[(99414, 238)]"
2019-06-28 13:51:00,IMBALANCE,"[91, 238]"
2019-06-28 13:51:00,HOLDINGS_UPDATED,"{'CASH': 27855859, 'JPM': -189}"
2019-06-28 13:52:00,BID_DEPTH,"[(99341, 155)]"
2019-06-28 13:52:00,ASK_DEPTH,"[(99413, 202)]"
2019-06-28 13:52:00,IMBALANCE,"[155, 202]"
2019-06-28 13:52:00,HOLDINGS_UPDATED,"{'CASH': 28551246, 'JPM': -196}"
2019-06-28 13:53:00,BID_DEPTH,"[(99322, 184)]"
2019-06-28 13:53:00,ASK_DEPTH,"[(99413, 238)]"
2019-06-28 13:53:00,IMBALANCE,"[184, 238]"
2019-06-28 13:53:00,HOLDINGS_UPDATED,"{'CASH': 29246500, 'JPM': -203}"
2019-06-28 13:54:00,BID_DEPTH,"[(99324, 249)]"
2019-06-28 13:54:00,ASK_DEPTH,"[(99479, 215)]"
2019-06-28 13:54:00,IMBALANCE,"[249, 215]"
2019-06-28 13:54:00,HOLDINGS_UPDATED,"{'CASH': 29941768, 'JPM': -210}"
2019-06-28 13:55:00,BID_DEPTH,"[(99325, 148)]"
2019-06-28 13:55:00,ASK_DEPTH,"[(99516, 202)]"
2019-06-28 13:55:00,IMBALANCE,"[148, 202]"
2019-06-28 13:55:00,HOLDINGS_UPDATED,"{'CASH': 30637043, 'JPM': -217}"
2019-06-28 13:56:00,BID_DEPTH,"[(99496, 452)]"
2019-06-28 13:56:00,ASK_DEPTH,"[(99718, 506)]"
2019-06-28 13:56:00,IMBALANCE,"[452, 506]"
2019-06-28 13:56:00,HOLDINGS_UPDATED,"{'CASH': 31333515, 'JPM': -224}"
2019-06-28 13:57:00,BID_DEPTH,"[(99325, 452)]"
2019-06-28 13:57:00,ASK_DEPTH,"[(99518, 506)]"
2019-06-28 13:57:00,IMBALANCE,"[452, 506]"
2019-06-28 13:57:00,HOLDINGS_UPDATED,"{'CASH': 32028790, 'JPM': -231}"
2019-06-28 13:58:00,BID_DEPTH,"[(99324, 34)]"
2019-06-28 13:58:00,ASK_DEPTH,"[(99325, 181)]"
2019-06-28 13:58:00,IMBALANCE,"[34, 181]"
2019-06-28 13:58:00,HOLDINGS_UPDATED,"{'CASH': 32724058, 'JPM': -238}"
2019-06-28 13:59:00,BID_DEPTH,"[(99284, 452)]"
2019-06-28 13:59:00,ASK_DEPTH,"[(99295, 606)]"
2019-06-28 13:59:00,IMBALANCE,"[452, 606]"
2019-06-28 13:59:00,HOLDINGS_UPDATED,"{'CASH': 33419046, 'JPM': -245}"
2019-06-28 14:00:00,BID_DEPTH,"[(99214, 184)]"
2019-06-28 14:00:00,ASK_DEPTH,"[(99295, 338)]"
2019-06-28 14:00:00,IMBALANCE,"[184, 338]"
2019-06-28 14:00:00,HOLDINGS_UPDATED,"{'CASH': 34113544, 'JPM': -252}"
2019-06-28 14:01:00,BID_DEPTH,"[(99180, 148)]"
2019-06-28 14:01:00,ASK_DEPTH,"[(99295, 302)]"
2019-06-28 14:01:00,IMBALANCE,"[148, 302]"
2019-06-28 14:01:00,HOLDINGS_UPDATED,"{'CASH': 34807804, 'JPM': -259}"
2019-06-28 14:02:00,BID_DEPTH,"[(99102, 249)]"
2019-06-28 14:02:00,ASK_DEPTH,"[(99180, 238)]"
2019-06-28 14:02:00,IMBALANCE,"[249, 238]"
2019-06-28 14:02:00,HOLDINGS_UPDATED,"{'CASH': 35501518, 'JPM': -266}"
2019-06-28 14:03:00,BID_DEPTH,"[(99102, 34)]"
2019-06-28 14:03:00,ASK_DEPTH,"[(99180, 116)]"
2019-06-28 14:03:00,IMBALANCE,"[34, 116]"
2019-06-28 14:03:00,HOLDINGS_UPDATED,"{'CASH': 36195232, 'JPM': -273}"
2019-06-28 14:04:00,BID_DEPTH,"[(99102, 180)]"
2019-06-28 14:04:00,ASK_DEPTH,"[(99295, 238)]"
2019-06-28 14:04:00,IMBALANCE,"[180, 238]"
2019-06-28 14:04:00,HOLDINGS_UPDATED,"{'CASH': 36888946, 'JPM': -280}"
2019-06-28 14:05:00,BID_DEPTH,"[(99102, 452)]"
2019-06-28 14:05:00,ASK_DEPTH,"[(99295, 506)]"
2019-06-28 14:05:00,IMBALANCE,"[452, 506]"
2019-06-28 14:05:00,HOLDINGS_UPDATED,"{'CASH': 37582660, 'JPM': -287}"
2019-06-28 14:06:00,BID_DEPTH,"[(99324, 367)]"
2019-06-28 14:06:00,ASK_DEPTH,"[(99325, 506)]"
2019-06-28 14:06:00,IMBALANCE,"[367, 506]"
2019-06-28 14:06:00,HOLDINGS_UPDATED,"{'CASH': 38277928, 'JPM': -294}"
2019-06-28 14:07:00,BID_DEPTH,"[(99091, 552)]"
2019-06-28 14:07:00,ASK_DEPTH,"[(99697, 506)]"
2019-06-28 14:07:00,IMBALANCE,"[552, 506]"
2019-06-28 14:07:00,HOLDINGS_UPDATED,"{'CASH': 38971565, 'JPM': -301}"
2019-06-28 14:08:00,BID_DEPTH,"[(99601, 184)]"
2019-06-28 14:08:00,ASK_DEPTH,"[(99735, 238)]"
2019-06-28 14:08:00,IMBALANCE,"[184, 238]"
2019-06-28 14:08:00,HOLDINGS_UPDATED,"{'CASH': 39668772, 'JPM': -308}"
2019-06-28 14:09:00,BID_DEPTH,"[(99556, 249)]"
2019-06-28 14:09:00,ASK_DEPTH,"[(99735, 303)]"
2019-06-28 14:09:00,IMBALANCE,"[249, 303]"
2019-06-28 14:09:00,HOLDINGS_UPDATED,"{'CASH': 40365664, 'JPM': -315}"
2019-06-28 14:10:00,BID_DEPTH,"[(99356, 452)]"
2019-06-28 14:10:00,ASK_DEPTH,"[(99857, 506)]"
2019-06-28 14:10:00,IMBALANCE,"[452, 506]"
2019-06-28 14:10:00,HOLDINGS_UPDATED,"{'CASH': 41061156, 'JPM': -322}"
2019-06-28 14:11:00,BID_DEPTH,"[(99167, 184)]"
2019-06-28 14:11:00,ASK_DEPTH,"[(99922, 238)]"
2019-06-28 14:11:00,IMBALANCE,"[184, 238]"
2019-06-28 14:11:00,HOLDINGS_UPDATED,"{'CASH': 41755325, 'JPM': -329}"
2019-06-28 14:12:00,BID_DEPTH,"[(99091, 111)]"
2019-06-28 14:12:00,ASK_DEPTH,"[(99956, 202)]"
2019-06-28 14:12:00,IMBALANCE,"[111, 202]"
2019-06-28 14:12:00,HOLDINGS_UPDATED,"{'CASH': 42448962, 'JPM': -336}"
2019-06-28 14:13:00,BID_DEPTH,"[(99918, 249)]"
2019-06-28 14:13:00,ASK_DEPTH,"[(100215, 303)]"
2019-06-28 14:13:00,IMBALANCE,"[249, 303]"
2019-06-28 14:13:00,HOLDINGS_UPDATED,"{'CASH': 43148388, 'JPM': -343}"
2019-06-28 14:14:00,BID_DEPTH,"[(100060, 249)]"
2019-06-28 14:14:00,ASK_DEPTH,"[(100215, 303)]"
2019-06-28 14:14:00,IMBALANCE,"[249, 303]"
2019-06-28 14:14:00,HOLDINGS_UPDATED,"{'CASH': 43848808, 'JPM': -350}"
2019-06-28 14:15:00,BID_DEPTH,"[(99979, 249)]"
2019-06-28 14:15:00,ASK_DEPTH,"[(100216, 303)]"
2019-06-28 14:15:00,IMBALANCE,"[249, 303]"
2019-06-28 14:15:00,HOLDINGS_UPDATED,"{'CASH': 44548661, 'JPM': -357}"
2019-06-28 14:16:00,BID_DEPTH,"[(99957, 127)]"
2019-06-28 14:16:00,ASK_DEPTH,"[(99979, 181)]"
2019-06-28 14:16:00,IMBALANCE,"[127, 181]"
2019-06-28 14:16:00,HOLDINGS_UPDATED,"{'CASH': 45248360, 'JPM': -364}"
2019-06-28 14:17:00,BID_DEPTH,"[(99941, 127)]"
2019-06-28 14:17:00,ASK_DEPTH,"[(99979, 181)]"
2019-06-28 14:17:00,IMBALANCE,"[127, 181]"
2019-06-28 14:17:00,HOLDINGS_UPDATED,"{'CASH': 45947947, 'JPM': -371}"
2019-06-28 14:18:00,BID_DEPTH,"[(99918, 249)]"
2019-06-28 14:18:00,ASK_DEPTH,"[(99979, 303)]"
2019-06-28 14:18:00,IMBALANCE,"[249, 303]"
2019-06-28 14:18:00,HOLDINGS_UPDATED,"{'CASH': 46647373, 'JPM': -378}"
2019-06-28 14:19:00,BID_DEPTH,"[(99105, 452)]"
2019-06-28 14:19:00,ASK_DEPTH,"[(100035, 506)]"
2019-06-28 14:19:00,IMBALANCE,"[452, 506]"
2019-06-28 14:19:00,HOLDINGS_UPDATED,"{'CASH': 47341108, 'JPM': -385}"
2019-06-28 14:20:00,BID_DEPTH,"[(99090, 414)]"
2019-06-28 14:20:00,ASK_DEPTH,"[(100035, 506)]"
2019-06-28 14:20:00,IMBALANCE,"[414, 506]"
2019-06-28 14:20:00,HOLDINGS_UPDATED,"{'CASH': 47440198, 'JPM': -386}"
2019-06-28 14:20:00,HOLDINGS_UPDATED,"{'CASH': 48034738, 'JPM': -392}"
2019-06-28 14:21:00,BID_DEPTH,"[(100035, 249)]"
2019-06-28 14:21:00,ASK_DEPTH,"[(100231, 303)]"
2019-06-28 14:21:00,IMBALANCE,"[249, 303]"
2019-06-28 14:21:00,HOLDINGS_UPDATED,"{'CASH': 48734983, 'JPM': -399}"
2019-06-28 14:22:00,BID_DEPTH,"[(100231, 148)]"
2019-06-28 14:22:00,ASK_DEPTH,"[(100412, 202)]"
2019-06-28 14:22:00,IMBALANCE,"[148, 202]"
2019-06-28 14:22:00,HOLDINGS_UPDATED,"{'CASH': 49436600, 'JPM': -406}"
2019-06-28 14:23:00,BID_DEPTH,"[(100263, 249)]"
2019-06-28 14:23:00,ASK_DEPTH,"[(100475, 303)]"
2019-06-28 14:23:00,IMBALANCE,"[249, 303]"
2019-06-28 14:23:00,HOLDINGS_UPDATED,"{'CASH': 50138441, 'JPM': -413}"
2019-06-28 14:24:00,BID_DEPTH,"[(100231, 181)]"
2019-06-28 14:24:00,ASK_DEPTH,"[(100475, 127)]"
2019-06-28 14:24:00,IMBALANCE,"[181, 127]"
2019-06-28 14:24:00,HOLDINGS_UPDATED,"{'CASH': 49435116, 'JPM': -406}"
2019-06-28 14:25:00,BID_DEPTH,"[(99754, 181)]"
2019-06-28 14:25:00,ASK_DEPTH,"[(100570, 127)]"
2019-06-28 14:25:00,IMBALANCE,"[181, 127]"
2019-06-28 14:25:00,HOLDINGS_UPDATED,"{'CASH': 48731126, 'JPM': -399}"
2019-06-28 14:26:00,BID_DEPTH,"[(99834, 181)]"
2019-06-28 14:26:00,ASK_DEPTH,"[(100214, 127)]"
2019-06-28 14:26:00,IMBALANCE,"[181, 127]"
2019-06-28 14:26:00,HOLDINGS_UPDATED,"{'CASH': 48029628, 'JPM': -392}"
2019-06-28 14:27:00,BID_DEPTH,"[(100145, 506)]"
2019-06-28 14:27:00,ASK_DEPTH,"[(100320, 452)]"
2019-06-28 14:27:00,IMBALANCE,"[506, 452]"
2019-06-28 14:27:00,HOLDINGS_UPDATED,"{'CASH': 47327388, 'JPM': -385}"
2019-06-28 14:28:00,BID_DEPTH,"[(100320, 503)]"
2019-06-28 14:28:00,ASK_DEPTH,"[(100620, 249)]"
2019-06-28 14:28:00,IMBALANCE,"[503, 249]"
2019-06-28 14:28:00,HOLDINGS_UPDATED,"{'CASH': 46623048, 'JPM': -378}"
2019-06-28 14:29:00,BID_DEPTH,"[(100536, 238)]"
2019-06-28 14:29:00,ASK_DEPTH,"[(100620, 191)]"
2019-06-28 14:29:00,IMBALANCE,"[238, 191]"
2019-06-28 14:29:00,HOLDINGS_UPDATED,"{'CASH': 45918708, 'JPM': -371}"
2019-06-28 14:30:00,BID_DEPTH,"[(100620, 238)]"
2019-06-28 14:30:00,ASK_DEPTH,"[(100738, 184)]"
2019-06-28 14:30:00,IMBALANCE,"[238, 184]"
2019-06-28 14:30:00,HOLDINGS_UPDATED,"{'CASH': 45213542, 'JPM': -364}"
2019-06-28 14:31:00,BID_DEPTH,"[(100536, 181)]"
2019-06-28 14:31:00,ASK_DEPTH,"[(100620, 46)]"
2019-06-28 14:31:00,IMBALANCE,"[181, 46]"
2019-06-28 14:31:00,HOLDINGS_UPDATED,"{'CASH': 44509202, 'JPM': -357}"
2019-06-28 14:32:00,BID_DEPTH,"[(100620, 206)]"
2019-06-28 14:32:00,ASK_DEPTH,"[(100738, 156)]"
2019-06-28 14:32:00,IMBALANCE,"[206, 156]"
2019-06-28 14:32:00,HOLDINGS_UPDATED,"{'CASH': 43804036, 'JPM': -350}"
2019-06-28 14:33:00,BID_DEPTH,"[(100536, 202)]"
2019-06-28 14:33:00,ASK_DEPTH,"[(100741, 148)]"
2019-06-28 14:33:00,IMBALANCE,"[202, 148]"
2019-06-28 14:33:00,HOLDINGS_UPDATED,"{'CASH': 43098849, 'JPM': -343}"
2019-06-28 14:34:00,BID_DEPTH,"[(100536, 181)]"
2019-06-28 14:34:00,ASK_DEPTH,"[(100741, 34)]"
2019-06-28 14:34:00,IMBALANCE,"[181, 34]"
2019-06-28 14:34:00,HOLDINGS_UPDATED,"{'CASH': 42393662, 'JPM': -336}"
2019-06-28 14:35:00,BID_DEPTH,"[(100741, 106)]"
2019-06-28 14:35:00,ASK_DEPTH,"[(100847, 148)]"
2019-06-28 14:35:00,IMBALANCE,"[106, 148]"
2019-06-28 14:35:00,HOLDINGS_UPDATED,"{'CASH': 41687733, 'JPM': -329}"
2019-06-28 14:36:00,BID_DEPTH,"[(100847, 294)]"
2019-06-28 14:36:00,ASK_DEPTH,"[(100880, 249)]"
2019-06-28 14:36:00,IMBALANCE,"[294, 249]"
2019-06-28 14:36:00,HOLDINGS_UPDATED,"{'CASH': 40981573, 'JPM': -322}"
2019-06-28 14:37:00,BID_DEPTH,"[(100847, 172)]"
2019-06-28 14:37:00,ASK_DEPTH,"[(100880, 34)]"
2019-06-28 14:37:00,IMBALANCE,"[172, 34]"
2019-06-28 14:37:00,HOLDINGS_UPDATED,"{'CASH': 40275413, 'JPM': -315}"
2019-06-28 14:38:00,BID_DEPTH,"[(100848, 303)]"
2019-06-28 14:38:00,ASK_DEPTH,"[(100880, 245)]"
2019-06-28 14:38:00,IMBALANCE,"[303, 245]"
2019-06-28 14:38:00,HOLDINGS_UPDATED,"{'CASH': 39569253, 'JPM': -308}"
2019-06-28 14:39:00,BID_DEPTH,"[(100741, 142)]"
2019-06-28 14:39:00,ASK_DEPTH,"[(100879, 184)]"
2019-06-28 14:39:00,IMBALANCE,"[142, 184]"
2019-06-28 14:39:00,HOLDINGS_UPDATED,"{'CASH': 38863100, 'JPM': -301}"
2019-06-28 14:40:00,BID_DEPTH,"[(100784, 506)]"
2019-06-28 14:40:00,ASK_DEPTH,"[(100879, 359)]"
2019-06-28 14:40:00,IMBALANCE,"[506, 359]"
2019-06-28 14:40:00,HOLDINGS_UPDATED,"{'CASH': 38156947, 'JPM': -294}"
2019-06-28 14:41:00,BID_DEPTH,"[(100741, 207)]"
2019-06-28 14:41:00,ASK_DEPTH,"[(100870, 249)]"
2019-06-28 14:41:00,IMBALANCE,"[207, 249]"
2019-06-28 14:41:00,HOLDINGS_UPDATED,"{'CASH': 37450857, 'JPM': -287}"
2019-06-28 14:42:00,BID_DEPTH,"[(100870, 202)]"
2019-06-28 14:42:00,ASK_DEPTH,"[(100879, 55)]"
2019-06-28 14:42:00,IMBALANCE,"[202, 55]"
2019-06-28 14:42:00,HOLDINGS_UPDATED,"{'CASH': 36744704, 'JPM': -280}"
2019-06-28 14:43:00,BID_DEPTH,"[(100741, 207)]"
2019-06-28 14:43:00,ASK_DEPTH,"[(100879, 247)]"
2019-06-28 14:43:00,IMBALANCE,"[207, 247]"
2019-06-28 14:43:00,HOLDINGS_UPDATED,"{'CASH': 36038551, 'JPM': -273}"
2019-06-28 14:44:00,BID_DEPTH,"[(100879, 303)]"
2019-06-28 14:44:00,ASK_DEPTH,"[(100880, 249)]"
2019-06-28 14:44:00,IMBALANCE,"[303, 249]"
2019-06-28 14:44:00,HOLDINGS_UPDATED,"{'CASH': 35332391, 'JPM': -266}"
2019-06-28 14:45:00,BID_DEPTH,"[(100880, 503)]"
2019-06-28 14:45:00,ASK_DEPTH,"[(100953, 249)]"
2019-06-28 14:45:00,IMBALANCE,"[503, 249]"
2019-06-28 14:45:00,HOLDINGS_UPDATED,"{'CASH': 34625720, 'JPM': -259}"
2019-06-28 14:46:00,BID_DEPTH,"[(100880, 706)]"
2019-06-28 14:46:00,ASK_DEPTH,"[(100974, 452)]"
2019-06-28 14:46:00,IMBALANCE,"[706, 452]"
2019-06-28 14:46:00,HOLDINGS_UPDATED,"{'CASH': 33918902, 'JPM': -252}"
2019-06-28 14:47:00,BID_DEPTH,"[(100974, 506)]"
2019-06-28 14:47:00,ASK_DEPTH,"[(101080, 452)]"
2019-06-28 14:47:00,IMBALANCE,"[506, 452]"
2019-06-28 14:47:00,HOLDINGS_UPDATED,"{'CASH': 33211342, 'JPM': -245}"
2019-06-28 14:48:00,BID_DEPTH,"[(100974, 506)]"
2019-06-28 14:48:00,ASK_DEPTH,"[(101326, 452)]"
2019-06-28 14:48:00,IMBALANCE,"[506, 452]"
2019-06-28 14:48:00,HOLDINGS_UPDATED,"{'CASH': 32502060, 'JPM': -238}"
2019-06-28 14:49:00,BID_DEPTH,"[(101229, 506)]"
2019-06-28 14:49:00,ASK_DEPTH,"[(101326, 359)]"
2019-06-28 14:49:00,IMBALANCE,"[506, 359]"
2019-06-28 14:49:00,HOLDINGS_UPDATED,"{'CASH': 31792778, 'JPM': -231}"
2019-06-28 14:50:00,BID_DEPTH,"[(101229, 303)]"
2019-06-28 14:50:00,ASK_DEPTH,"[(101326, 356)]"
2019-06-28 14:50:00,IMBALANCE,"[303, 356]"
2019-06-28 14:50:00,HOLDINGS_UPDATED,"{'CASH': 31083496, 'JPM': -224}"
2019-06-28 14:51:00,BID_DEPTH,"[(101229, 181)]"
2019-06-28 14:51:00,ASK_DEPTH,"[(101326, 104)]"
2019-06-28 14:51:00,IMBALANCE,"[181, 104]"
2019-06-28 14:51:00,HOLDINGS_UPDATED,"{'CASH': 30374214, 'JPM': -217}"
2019-06-28 14:52:00,BID_DEPTH,"[(101229, 506)]"
2019-06-28 14:52:00,ASK_DEPTH,"[(101326, 359)]"
2019-06-28 14:52:00,IMBALANCE,"[506, 359]"
2019-06-28 14:52:00,HOLDINGS_UPDATED,"{'CASH': 29664932, 'JPM': -210}"
2019-06-28 14:53:00,BID_DEPTH,"[(101339, 303)]"
2019-06-28 14:53:00,ASK_DEPTH,"[(101556, 249)]"
2019-06-28 14:53:00,IMBALANCE,"[303, 249]"
2019-06-28 14:53:00,HOLDINGS_UPDATED,"{'CASH': 28954040, 'JPM': -203}"
2019-06-28 14:54:00,BID_DEPTH,"[(101405, 506)]"
2019-06-28 14:54:00,ASK_DEPTH,"[(101503, 452)]"
2019-06-28 14:54:00,IMBALANCE,"[506, 452]"
2019-06-28 14:54:00,HOLDINGS_UPDATED,"{'CASH': 28243519, 'JPM': -196}"
2019-06-28 14:55:00,BID_DEPTH,"[(101327, 506)]"
2019-06-28 14:55:00,ASK_DEPTH,"[(101433, 452)]"
2019-06-28 14:55:00,IMBALANCE,"[506, 452]"
2019-06-28 14:55:00,HOLDINGS_UPDATED,"{'CASH': 27533488, 'JPM': -189}"
2019-06-28 14:56:00,BID_DEPTH,"[(101319, 506)]"
2019-06-28 14:56:00,ASK_DEPTH,"[(101515, 452)]"
2019-06-28 14:56:00,IMBALANCE,"[506, 452]"
2019-06-28 14:56:00,HOLDINGS_UPDATED,"{'CASH': 26822883, 'JPM': -182}"
2019-06-28 14:57:00,BID_DEPTH,"[(101229, 303)]"
2019-06-28 14:57:00,ASK_DEPTH,"[(101253, 249)]"
2019-06-28 14:57:00,IMBALANCE,"[303, 249]"
2019-06-28 14:57:00,HOLDINGS_UPDATED,"{'CASH': 26114112, 'JPM': -175}"
2019-06-28 14:58:00,BID_DEPTH,"[(101151, 506)]"
2019-06-28 14:58:00,ASK_DEPTH,"[(101252, 552)]"
2019-06-28 14:58:00,IMBALANCE,"[506, 552]"
2019-06-28 14:58:00,HOLDINGS_UPDATED,"{'CASH': 25405348, 'JPM': -168}"
2019-06-28 14:59:00,BID_DEPTH,"[(101151, 202)]"
2019-06-28 14:59:00,ASK_DEPTH,"[(101252, 311)]"
2019-06-28 14:59:00,IMBALANCE,"[202, 311]"
2019-06-28 14:59:00,HOLDINGS_UPDATED,"{'CASH': 24696584, 'JPM': -161}"
2019-06-28 15:00:00,BID_DEPTH,"[(100880, 402)]"
2019-06-28 15:00:00,ASK_DEPTH,"[(101252, 174)]"
2019-06-28 15:00:00,IMBALANCE,"[402, 174]"
2019-06-28 15:00:00,HOLDINGS_UPDATED,"{'CASH': 23987820, 'JPM': -154}"
2019-06-28 15:01:00,BID_DEPTH,"[(100880, 606)]"
2019-06-28 15:01:00,ASK_DEPTH,"[(101253, 452)]"
2019-06-28 15:01:00,IMBALANCE,"[606, 452]"
2019-06-28 15:01:00,HOLDINGS_UPDATED,"{'CASH': 23279049, 'JPM': -147}"
2019-06-28 15:02:00,BID_DEPTH,"[(100880, 181)]"
2019-06-28 15:02:00,ASK_DEPTH,"[(101515, 134)]"
2019-06-28 15:02:00,IMBALANCE,"[181, 134]"
2019-06-28 15:02:00,HOLDINGS_UPDATED,"{'CASH': 22568444, 'JPM': -140}"
2019-06-28 15:03:00,BID_DEPTH,"[(100878, 303)]"
2019-06-28 15:03:00,ASK_DEPTH,"[(101536, 249)]"
2019-06-28 15:03:00,IMBALANCE,"[303, 249]"
2019-06-28 15:03:00,HOLDINGS_UPDATED,"{'CASH': 21857692, 'JPM': -133}"
2019-06-28 15:04:00,BID_DEPTH,"[(100741, 106)]"
2019-06-28 15:04:00,ASK_DEPTH,"[(101536, 148)]"
2019-06-28 15:04:00,IMBALANCE,"[106, 148]"
2019-06-28 15:04:00,HOLDINGS_UPDATED,"{'CASH': 21146940, 'JPM': -126}"
2019-06-28 15:05:00,BID_DEPTH,"[(100723, 303)]"
2019-06-28 15:05:00,ASK_DEPTH,"[(100910, 249)]"
2019-06-28 15:05:00,IMBALANCE,"[303, 249]"
2019-06-28 15:05:00,HOLDINGS_UPDATED,"{'CASH': 20440570, 'JPM': -119}"
2019-06-28 15:06:00,BID_DEPTH,"[(100723, 506)]"
2019-06-28 15:06:00,ASK_DEPTH,"[(100826, 452)]"
2019-06-28 15:06:00,IMBALANCE,"[506, 452]"
2019-06-28 15:06:00,HOLDINGS_UPDATED,"{'CASH': 19734788, 'JPM': -112}"
2019-06-28 15:07:00,BID_DEPTH,"[(100723, 303)]"
2019-06-28 15:07:00,ASK_DEPTH,"[(100826, 249)]"
2019-06-28 15:07:00,IMBALANCE,"[303, 249]"
2019-06-28 15:07:00,HOLDINGS_UPDATED,"{'CASH': 19029006, 'JPM': -105}"
2019-06-28 15:08:00,BID_DEPTH,"[(100665, 202)]"
2019-06-28 15:08:00,ASK_DEPTH,"[(100857, 148)]"
2019-06-28 15:08:00,IMBALANCE,"[202, 148]"
2019-06-28 15:08:00,HOLDINGS_UPDATED,"{'CASH': 18323007, 'JPM': -98}"
2019-06-28 15:09:00,BID_DEPTH,"[(100646, 181)]"
2019-06-28 15:09:00,ASK_DEPTH,"[(100857, 127)]"
2019-06-28 15:09:00,IMBALANCE,"[181, 127]"
2019-06-28 15:09:00,HOLDINGS_UPDATED,"{'CASH': 17617008, 'JPM': -91}"
2019-06-28 15:10:00,BID_DEPTH,"[(100646, 238)]"
2019-06-28 15:10:00,ASK_DEPTH,"[(100857, 184)]"
2019-06-28 15:10:00,IMBALANCE,"[238, 184]"
2019-06-28 15:10:00,HOLDINGS_UPDATED,"{'CASH': 16911009, 'JPM': -84}"
2019-06-28 15:11:00,BID_DEPTH,"[(100563, 506)]"
2019-06-28 15:11:00,ASK_DEPTH,"[(100646, 452)]"
2019-06-28 15:11:00,IMBALANCE,"[506, 452]"
2019-06-28 15:11:00,HOLDINGS_UPDATED,"{'CASH': 16206487, 'JPM': -77}"
2019-06-28 15:12:00,BID_DEPTH,"[(100320, 303)]"
2019-06-28 15:12:00,ASK_DEPTH,"[(100646, 349)]"
2019-06-28 15:12:00,IMBALANCE,"[303, 349]"
2019-06-28 15:12:00,HOLDINGS_UPDATED,"{'CASH': 15501965, 'JPM': -70}"
2019-06-28 15:13:00,BID_DEPTH,"[(100249, 506)]"
2019-06-28 15:13:00,ASK_DEPTH,"[(100645, 452)]"
2019-06-28 15:13:00,IMBALANCE,"[506, 452]"
2019-06-28 15:13:00,HOLDINGS_UPDATED,"{'CASH': 14797450, 'JPM': -63}"
2019-06-28 15:14:00,BID_DEPTH,"[(99960, 303)]"
2019-06-28 15:14:00,ASK_DEPTH,"[(100857, 249)]"
2019-06-28 15:14:00,IMBALANCE,"[303, 249]"
2019-06-28 15:14:00,HOLDINGS_UPDATED,"{'CASH': 14091451, 'JPM': -56}"
2019-06-28 15:15:00,BID_DEPTH,"[(99174, 148)]"
2019-06-28 15:15:00,ASK_DEPTH,"[(100910, 302)]"
2019-06-28 15:15:00,IMBALANCE,"[148, 302]"
2019-06-28 15:15:00,HOLDINGS_UPDATED,"{'CASH': 14785669, 'JPM': -63}"
2019-06-28 15:16:00,BID_DEPTH,"[(98692, 452)]"
2019-06-28 15:16:00,ASK_DEPTH,"[(99173, 506)]"
2019-06-28 15:16:00,IMBALANCE,"[452, 506]"
2019-06-28 15:16:00,HOLDINGS_UPDATED,"{'CASH': 15476513, 'JPM': -70}"
2019-06-28 15:17:00,BID_DEPTH,"[(98564, 452)]"
2019-06-28 15:17:00,ASK_DEPTH,"[(98692, 461)]"
2019-06-28 15:17:00,IMBALANCE,"[452, 461]"
2019-06-28 15:17:00,HOLDINGS_UPDATED,"{'CASH': 16166461, 'JPM': -77}"
2019-06-28 15:18:00,BID_DEPTH,"[(98564, 191)]"
2019-06-28 15:18:00,ASK_DEPTH,"[(98599, 238)]"
2019-06-28 15:18:00,IMBALANCE,"[191, 238]"
2019-06-28 15:18:00,HOLDINGS_UPDATED,"{'CASH': 16856409, 'JPM': -84}"
2019-06-28 15:19:00,BID_DEPTH,"[(98565, 452)]"
2019-06-28 15:19:00,ASK_DEPTH,"[(98717, 506)]"
2019-06-28 15:19:00,IMBALANCE,"[452, 506]"
2019-06-28 15:19:00,HOLDINGS_UPDATED,"{'CASH': 17546364, 'JPM': -91}"
2019-06-28 15:20:00,BID_DEPTH,"[(98565, 55)]"
2019-06-28 15:20:00,ASK_DEPTH,"[(98717, 202)]"
2019-06-28 15:20:00,IMBALANCE,"[55, 202]"
2019-06-28 15:20:00,HOLDINGS_UPDATED,"{'CASH': 18236319, 'JPM': -98}"
2019-06-28 15:21:00,BID_DEPTH,"[(98565, 447)]"
2019-06-28 15:21:00,ASK_DEPTH,"[(98837, 303)]"
2019-06-28 15:21:00,IMBALANCE,"[447, 303]"
2019-06-28 15:21:00,HOLDINGS_UPDATED,"{'CASH': 18926274, 'JPM': -105}"
2019-06-28 15:22:00,BID_DEPTH,"[(98565, 420)]"
2019-06-28 15:22:00,ASK_DEPTH,"[(98837, 506)]"
2019-06-28 15:22:00,IMBALANCE,"[420, 506]"
2019-06-28 15:22:00,HOLDINGS_UPDATED,"{'CASH': 19616229, 'JPM': -112}"
2019-06-28 15:23:00,BID_DEPTH,"[(98565, 249)]"
2019-06-28 15:23:00,ASK_DEPTH,"[(98837, 303)]"
2019-06-28 15:23:00,IMBALANCE,"[249, 303]"
2019-06-28 15:23:00,HOLDINGS_UPDATED,"{'CASH': 20306184, 'JPM': -119}"
2019-06-28 15:24:00,BID_DEPTH,"[(98564, 55)]"
2019-06-28 15:24:00,ASK_DEPTH,"[(98565, 214)]"
2019-06-28 15:24:00,IMBALANCE,"[55, 214]"
2019-06-28 15:24:00,HOLDINGS_UPDATED,"{'CASH': 20996132, 'JPM': -126}"
2019-06-28 15:25:00,BID_DEPTH,"[(98421, 230)]"
2019-06-28 15:25:00,ASK_DEPTH,"[(98495, 303)]"
2019-06-28 15:25:00,IMBALANCE,"[230, 303]"
2019-06-28 15:25:00,HOLDINGS_UPDATED,"{'CASH': 21685079, 'JPM': -133}"
2019-06-28 15:26:00,BID_DEPTH,"[(98421, 55)]"
2019-06-28 15:26:00,ASK_DEPTH,"[(98495, 202)]"
2019-06-28 15:26:00,IMBALANCE,"[55, 202]"
2019-06-28 15:26:00,HOLDINGS_UPDATED,"{'CASH': 22374026, 'JPM': -140}"
2019-06-28 15:27:00,BID_DEPTH,"[(98360, 127)]"
2019-06-28 15:27:00,ASK_DEPTH,"[(98421, 83)]"
2019-06-28 15:27:00,IMBALANCE,"[127, 83]"
2019-06-28 15:27:00,HOLDINGS_UPDATED,"{'CASH': 23062546, 'JPM': -147}"
2019-06-28 15:28:00,BID_DEPTH,"[(97619, 249)]"
2019-06-28 15:28:00,ASK_DEPTH,"[(98152, 358)]"
2019-06-28 15:28:00,IMBALANCE,"[249, 358]"
2019-06-28 15:28:00,HOLDINGS_UPDATED,"{'CASH': 23745879, 'JPM': -154}"
2019-06-28 15:29:00,BID_DEPTH,"[(97777, 452)]"
2019-06-28 15:29:00,ASK_DEPTH,"[(98152, 506)]"
2019-06-28 15:29:00,IMBALANCE,"[452, 506]"
2019-06-28 15:29:00,HOLDINGS_UPDATED,"{'CASH': 24430318, 'JPM': -161}"
2019-06-28 15:30:00,BID_DEPTH,"[(97777, 91)]"
2019-06-28 15:30:00,ASK_DEPTH,"[(98421, 140)]"
2019-06-28 15:30:00,IMBALANCE,"[91, 140]"
2019-06-28 15:30:00,HOLDINGS_UPDATED,"{'CASH': 25114757, 'JPM': -168}"
2019-06-28 15:31:00,BID_DEPTH,"[(97777, 55)]"
2019-06-28 15:31:00,ASK_DEPTH,"[(98421, 104)]"
2019-06-28 15:31:00,IMBALANCE,"[55, 104]"
2019-06-28 15:31:00,HOLDINGS_UPDATED,"{'CASH': 25799196, 'JPM': -175}"
2019-06-28 15:32:00,BID_DEPTH,"[(98421, 249)]"
2019-06-28 15:32:00,ASK_DEPTH,"[(98495, 303)]"
2019-06-28 15:32:00,IMBALANCE,"[249, 303]"
2019-06-28 15:32:00,HOLDINGS_UPDATED,"{'CASH': 26488143, 'JPM': -182}"
2019-06-28 15:33:00,BID_DEPTH,"[(97777, 450)]"
2019-06-28 15:33:00,ASK_DEPTH,"[(98564, 408)]"
2019-06-28 15:33:00,IMBALANCE,"[450, 408]"
2019-06-28 15:33:00,HOLDINGS_UPDATED,"{'CASH': 27172582, 'JPM': -189}"
2019-06-28 15:34:00,BID_DEPTH,"[(98564, 65)]"
2019-06-28 15:34:00,ASK_DEPTH,"[(98573, 202)]"
2019-06-28 15:34:00,IMBALANCE,"[65, 202]"
2019-06-28 15:34:00,HOLDINGS_UPDATED,"{'CASH': 27862530, 'JPM': -196}"
2019-06-28 15:35:00,BID_DEPTH,"[(98562, 249)]"
2019-06-28 15:35:00,ASK_DEPTH,"[(98728, 303)]"
2019-06-28 15:35:00,IMBALANCE,"[249, 303]"
2019-06-28 15:35:00,HOLDINGS_UPDATED,"{'CASH': 28552464, 'JPM': -203}"
2019-06-28 15:36:00,BID_DEPTH,"[(98561, 235)]"
2019-06-28 15:36:00,ASK_DEPTH,"[(98943, 303)]"
2019-06-28 15:36:00,IMBALANCE,"[235, 303]"
2019-06-28 15:36:00,HOLDINGS_UPDATED,"{'CASH': 29242391, 'JPM': -210}"
2019-06-28 15:37:00,BID_DEPTH,"[(97703, 34)]"
2019-06-28 15:37:00,ASK_DEPTH,"[(98943, 181)]"
2019-06-28 15:37:00,IMBALANCE,"[34, 181]"
2019-06-28 15:37:00,HOLDINGS_UPDATED,"{'CASH': 29926312, 'JPM': -217}"
2019-06-28 15:38:00,BID_DEPTH,"[(97703, 63)]"
2019-06-28 15:38:00,ASK_DEPTH,"[(98943, 202)]"
2019-06-28 15:38:00,IMBALANCE,"[63, 202]"
2019-06-28 15:38:00,HOLDINGS_UPDATED,"{'CASH': 30610233, 'JPM': -224}"
2019-06-28 15:39:00,BID_DEPTH,"[(97603, 182)]"
2019-06-28 15:39:00,ASK_DEPTH,"[(98716, 181)]"
2019-06-28 15:39:00,IMBALANCE,"[182, 181]"
2019-06-28 15:39:00,HOLDINGS_UPDATED,"{'CASH': 31293454, 'JPM': -231}"
2019-06-28 15:40:00,BID_DEPTH,"[(97603, 102)]"
2019-06-28 15:40:00,ASK_DEPTH,"[(98855, 238)]"
2019-06-28 15:40:00,IMBALANCE,"[102, 238]"
2019-06-28 15:40:00,HOLDINGS_UPDATED,"{'CASH': 31976675, 'JPM': -238}"
2019-06-28 15:41:00,BID_DEPTH,"[(98257, 452)]"
2019-06-28 15:41:00,ASK_DEPTH,"[(98498, 506)]"
2019-06-28 15:41:00,IMBALANCE,"[452, 506]"
2019-06-28 15:41:00,HOLDINGS_UPDATED,"{'CASH': 32664474, 'JPM': -245}"
2019-06-28 15:42:00,BID_DEPTH,"[(98309, 249)]"
2019-06-28 15:42:00,ASK_DEPTH,"[(98403, 303)]"
2019-06-28 15:42:00,IMBALANCE,"[249, 303]"
2019-06-28 15:42:00,HOLDINGS_UPDATED,"{'CASH': 33352637, 'JPM': -252}"
2019-06-28 15:43:00,BID_DEPTH,"[(98782, 452)]"
2019-06-28 15:43:00,ASK_DEPTH,"[(98802, 506)]"
2019-06-28 15:43:00,IMBALANCE,"[452, 506]"
2019-06-28 15:43:00,HOLDINGS_UPDATED,"{'CASH': 34044111, 'JPM': -259}"
2019-06-28 15:44:00,BID_DEPTH,"[(98659, 127)]"
2019-06-28 15:44:00,ASK_DEPTH,"[(98782, 281)]"
2019-06-28 15:44:00,IMBALANCE,"[127, 281]"
2019-06-28 15:44:00,HOLDINGS_UPDATED,"{'CASH': 34734724, 'JPM': -266}"
2019-06-28 15:45:00,BID_DEPTH,"[(98647, 184)]"
2019-06-28 15:45:00,ASK_DEPTH,"[(98802, 238)]"
2019-06-28 15:45:00,IMBALANCE,"[184, 238]"
2019-06-28 15:45:00,HOLDINGS_UPDATED,"{'CASH': 35425253, 'JPM': -273}"
2019-06-28 15:46:00,BID_DEPTH,"[(98772, 249)]"
2019-06-28 15:46:00,ASK_DEPTH,"[(98849, 303)]"
2019-06-28 15:46:00,IMBALANCE,"[249, 303]"
2019-06-28 15:46:00,HOLDINGS_UPDATED,"{'CASH': 36116657, 'JPM': -280}"
2019-06-28 15:47:00,BID_DEPTH,"[(98772, 127)]"
2019-06-28 15:47:00,ASK_DEPTH,"[(98849, 181)]"
2019-06-28 15:47:00,IMBALANCE,"[127, 181]"
2019-06-28 15:47:00,HOLDINGS_UPDATED,"{'CASH': 36808061, 'JPM': -287}"
2019-06-28 15:48:00,BID_DEPTH,"[(97962, 249)]"
2019-06-28 15:48:00,ASK_DEPTH,"[(98884, 303)]"
2019-06-28 15:48:00,IMBALANCE,"[249, 303]"
2019-06-28 15:48:00,HOLDINGS_UPDATED,"{'CASH': 37493795, 'JPM': -294}"
2019-06-28 15:49:00,BID_DEPTH,"[(97603, 349)]"
2019-06-28 15:49:00,ASK_DEPTH,"[(99017, 303)]"
2019-06-28 15:49:00,IMBALANCE,"[349, 303]"
2019-06-28 15:49:00,HOLDINGS_UPDATED,"{'CASH': 38177016, 'JPM': -301}"
2019-06-28 15:50:00,BID_DEPTH,"[(97603, 312)]"
2019-06-28 15:50:00,ASK_DEPTH,"[(99017, 303)]"
2019-06-28 15:50:00,IMBALANCE,"[312, 303]"
2019-06-28 15:50:00,HOLDINGS_UPDATED,"{'CASH': 38860237, 'JPM': -308}"
2019-06-28 15:51:00,BID_DEPTH,"[(97603, 53)]"
2019-06-28 15:51:00,ASK_DEPTH,"[(99132, 181)]"
2019-06-28 15:51:00,IMBALANCE,"[53, 181]"
2019-06-28 15:51:00,HOLDINGS_UPDATED,"{'CASH': 39543458, 'JPM': -315}"
2019-06-28 15:52:00,BID_DEPTH,"[(97603, 144)]"
2019-06-28 15:52:00,ASK_DEPTH,"[(99258, 202)]"
2019-06-28 15:52:00,IMBALANCE,"[144, 202]"
2019-06-28 15:52:00,HOLDINGS_UPDATED,"{'CASH': 40226679, 'JPM': -322}"
2019-06-28 15:53:00,BID_DEPTH,[]
2019-06-28 15:53:00,ASK_DEPTH,"[(99436, 100)]"
2019-06-28 15:53:00,IMBALANCE,"[0, 100]"
2019-06-28 15:54:00,BID_DEPTH,"[(99258, 248)]"
2019-06-28 15:54:00,ASK_DEPTH,"[(99628, 202)]"
2019-06-28 15:54:00,IMBALANCE,"[248, 202]"
2019-06-28 15:54:00,HOLDINGS_UPDATED,"{'CASH': 40921485, 'JPM': -329}"
2019-06-28 15:55:00,BID_DEPTH,"[(99258, 111)]"
2019-06-28 15:55:00,ASK_DEPTH,"[(99655, 202)]"
2019-06-28 15:55:00,IMBALANCE,"[111, 202]"
2019-06-28 15:55:00,HOLDINGS_UPDATED,"{'CASH': 41616291, 'JPM': -336}"
2019-06-28 15:56:00,BID_DEPTH,"[(99259, 184)]"
2019-06-28 15:56:00,ASK_DEPTH,"[(99654, 238)]"
2019-06-28 15:56:00,IMBALANCE,"[184, 238]"
2019-06-28 15:56:00,HOLDINGS_UPDATED,"{'CASH': 42311104, 'JPM': -343}"
2019-06-28 15:57:00,BID_DEPTH,"[(98900, 148)]"
2019-06-28 15:57:00,ASK_DEPTH,"[(99654, 202)]"
2019-06-28 15:57:00,IMBALANCE,"[148, 202]"
2019-06-28 15:57:00,HOLDINGS_UPDATED,"{'CASH': 43003404, 'JPM': -350}"
2019-06-28 15:58:00,BID_DEPTH,"[(98758, 184)]"
2019-06-28 15:58:00,ASK_DEPTH,"[(98877, 238)]"
2019-06-28 15:58:00,IMBALANCE,"[184, 238]"
2019-06-28 15:58:00,HOLDINGS_UPDATED,"{'CASH': 43694710, 'JPM': -357}"
2019-06-28 15:59:00,BID_DEPTH,"[(98691, 127)]"
2019-06-28 15:59:00,ASK_DEPTH,"[(98758, 181)]"
2019-06-28 15:59:00,IMBALANCE,"[127, 181]"
2019-06-28 15:59:00,HOLDINGS_UPDATED,"{'CASH': 44385547, 'JPM': -364}"
2019-06-28 16:00:00,BID_DEPTH,"[(98477, 148)]"
2019-06-28 16:00:00,ASK_DEPTH,"[(98691, 202)]"
2019-06-28 16:00:00,IMBALANCE,"[148, 202]"
2019-06-28 16:00:00,HOLDINGS_UPDATED,"{'CASH': 45074886, 'JPM': -371}"
2019-06-28 16:01:00,BID_DEPTH,"[(98477, 65)]"
2019-06-28 16:01:00,ASK_DEPTH,"[(98691, 202)]"
2019-06-28 16:01:00,IMBALANCE,"[65, 202]"
2019-06-28 16:01:00,MKT_CLOSED,
2019-06-28 16:01:00,FINAL_HOLDINGS,"{ JPM: -371, CASH: 45074886 }"
2019-06-28 16:01:00,FINAL_CASH_POSITION,45074886
2019-06-28 16:01:00,MARK_TO_MARKET,-371 JPM @ 98477 == -36534967
2019-06-28 16:01:00,MARKED_TO_MARKET,8539919
2019-06-28 16:01:00,ENDING_CASH,8539919
