EventTime,EventType,Event
,AGENT_TYPE,MomentumAgent
,STARTING_CASH,10000000
2019-06-28 09:30:00,HOLDINGS_UPDATED,{'CASH': 10000000}
2019-06-28 09:31:00,BID_DEPTH,"[(99958, 358)]"
2019-06-28 09:31:00,ASK_DEPTH,"[(100007, 558)]"
2019-06-28 09:31:00,IMBALANCE,"[358, 558]"
2019-06-28 09:32:00,BID_DEPTH,"[(99958, 193)]"
2019-06-28 09:32:00,ASK_DEPTH,"[(100001, 193)]"
2019-06-28 09:32:00,IMBALANCE,"[193, 193]"
2019-06-28 09:33:00,BID_DEPTH,"[(99952, 493)]"
2019-06-28 09:33:00,ASK_DEPTH,"[(100001, 193)]"
2019-06-28 09:33:00,IMBALANCE,"[493, 193]"
2019-06-28 09:34:00,BID_DEPTH,"[(99952, 558)]"
2019-06-28 09:34:00,ASK_DEPTH,"[(100001, 258)]"
2019-06-28 09:34:00,IMBALANCE,"[558, 258]"
2019-06-28 09:35:00,BID_DEPTH,"[(99952, 358)]"
2019-06-28 09:35:00,ASK_DEPTH,"[(100001, 258)]"
2019-06-28 09:35:00,IMBALANCE,"[358, 258]"
2019-06-28 09:36:00,BID_DEPTH,"[(99943, 332)]"
2019-06-28 09:36:00,ASK_DEPTH,"[(100001, 332)]"
2019-06-28 09:36:00,IMBALANCE,"[332, 332]"
2019-06-28 09:37:00,BID_DEPTH,"[(99943, 564)]"
2019-06-28 09:37:00,ASK_DEPTH,"[(99952, 564)]"
2019-06-28 09:37:00,IMBALANCE,"[564, 564]"
2019-06-28 09:38:00,BID_DEPTH,"[(99943, 332)]"
2019-06-28 09:38:00,ASK_DEPTH,"[(99952, 532)]"
2019-06-28 09:38:00,IMBALANCE,"[332, 532]"
2019-06-28 09:39:00,BID_DEPTH,"[(99932, 258)]"
2019-06-28 09:39:00,ASK_DEPTH,"[(99952, 458)]"
2019-06-28 09:39:00,IMBALANCE,"[258, 458]"
2019-06-28 09:40:00,BID_DEPTH,"[(99921, 564)]"
2019-06-28 09:40:00,ASK_DEPTH,"[(99952, 764)]"
2019-06-28 09:40:00,IMBALANCE,"[564, 764]"
2019-06-28 09:41:00,BID_DEPTH,"[(99921, 193)]"
2019-06-28 09:41:00,ASK_DEPTH,"[(99932, 193)]"
2019-06-28 09:41:00,IMBALANCE,"[193, 193]"
2019-06-28 09:42:00,BID_DEPTH,"[(99906, 216)]"
2019-06-28 09:42:00,ASK_DEPTH,"[(99923, 216)]"
2019-06-28 09:42:00,IMBALANCE,"[216, 216]"
2019-06-28 09:43:00,BID_DEPTH,"[(99922, 664)]"
2019-06-28 09:43:00,ASK_DEPTH,"[(99932, 564)]"
2019-06-28 09:43:00,IMBALANCE,"[664, 564]"
2019-06-28 09:44:00,BID_DEPTH,"[(99922, 432)]"
2019-06-28 09:44:00,ASK_DEPTH,"[(99952, 332)]"
2019-06-28 09:44:00,IMBALANCE,"[432, 332]"
2019-06-28 09:45:00,BID_DEPTH,"[(99922, 564)]"
2019-06-28 09:45:00,ASK_DEPTH,"[(99931, 564)]"
2019-06-28 09:45:00,IMBALANCE,"[564, 564]"
2019-06-28 09:46:00,BID_DEPTH,"[(99906, 258)]"
2019-06-28 09:46:00,ASK_DEPTH,"[(99931, 258)]"
2019-06-28 09:46:00,IMBALANCE,"[258, 258]"
2019-06-28 09:47:00,BID_DEPTH,"[(99902, 664)]"
2019-06-28 09:47:00,ASK_DEPTH,"[(99923, 664)]"
2019-06-28 09:47:00,IMBALANCE,"[664, 664]"
2019-06-28 09:48:00,BID_DEPTH,"[(99902, 258)]"
2019-06-28 09:48:00,ASK_DEPTH,"[(99923, 358)]"
2019-06-28 09:48:00,IMBALANCE,"[258, 358]"
2019-06-28 09:49:00,BID_DEPTH,"[(99899, 258)]"
2019-06-28 09:49:00,ASK_DEPTH,"[(99923, 358)]"
2019-06-28 09:49:00,IMBALANCE,"[258, 358]"
2019-06-28 09:50:00,BID_DEPTH,"[(99878, 193)]"
2019-06-28 09:50:00,ASK_DEPTH,"[(99902, 193)]"
2019-06-28 09:50:00,IMBALANCE,"[193, 193]"
2019-06-28 09:51:00,BID_DEPTH,"[(99852, 193)]"
2019-06-28 09:51:00,ASK_DEPTH,"[(99879, 493)]"
2019-06-28 09:51:00,IMBALANCE,"[193, 493]"
2019-06-28 09:52:00,BID_DEPTH,"[(99844, 216)]"
2019-06-28 09:52:00,ASK_DEPTH,"[(99879, 516)]"
2019-06-28 09:52:00,IMBALANCE,"[216, 516]"
2019-06-28 09:53:00,BID_DEPTH,"[(99805, 332)]"
2019-06-28 09:53:00,ASK_DEPTH,"[(99844, 239)]"
2019-06-28 09:53:00,IMBALANCE,"[332, 239]"
2019-06-28 09:54:00,BID_DEPTH,"[(99411, 564)]"
2019-06-28 09:54:00,ASK_DEPTH,"[(99843, 564)]"
2019-06-28 09:54:00,IMBALANCE,"[564, 564]"
2019-06-28 09:55:00,BID_DEPTH,"[(99376, 664)]"
2019-06-28 09:55:00,ASK_DEPTH,"[(99455, 564)]"
2019-06-28 09:55:00,IMBALANCE,"[664, 564]"
2019-06-28 09:56:00,BID_DEPTH,"[(99376, 316)]"
2019-06-28 09:56:00,ASK_DEPTH,"[(99455, 216)]"
2019-06-28 09:56:00,IMBALANCE,"[316, 216]"
2019-06-28 09:57:00,BID_DEPTH,"[(99223, 564)]"
2019-06-28 09:57:00,ASK_DEPTH,"[(99455, 564)]"
2019-06-28 09:57:00,IMBALANCE,"[564, 564]"
2019-06-28 09:58:00,BID_DEPTH,"[(99146, 258)]"
2019-06-28 09:58:00,ASK_DEPTH,"[(99455, 258)]"
2019-06-28 09:58:00,IMBALANCE,"[258, 258]"
2019-06-28 09:59:00,BID_DEPTH,"[(99723, 193)]"
2019-06-28 09:59:00,ASK_DEPTH,"[(99843, 193)]"
2019-06-28 09:59:00,IMBALANCE,"[193, 193]"
2019-06-28 10:00:00,BID_DEPTH,"[(99723, 216)]"
2019-06-28 10:00:00,ASK_DEPTH,"[(99843, 216)]"
2019-06-28 10:00:00,IMBALANCE,"[216, 216]"
2019-06-28 10:01:00,BID_DEPTH,"[(99360, 258)]"
2019-06-28 10:01:00,ASK_DEPTH,"[(99577, 258)]"
2019-06-28 10:01:00,IMBALANCE,"[258, 258]"
2019-06-28 10:02:00,BID_DEPTH,"[(99360, 216)]"
2019-06-28 10:02:00,ASK_DEPTH,"[(99577, 216)]"
2019-06-28 10:02:00,IMBALANCE,"[216, 216]"
2019-06-28 10:03:00,BID_DEPTH,"[(99248, 193)]"
2019-06-28 10:03:00,ASK_DEPTH,"[(99360, 193)]"
2019-06-28 10:03:00,IMBALANCE,"[193, 193]"
2019-06-28 10:04:00,BID_DEPTH,"[(99109, 193)]"
2019-06-28 10:04:00,ASK_DEPTH,"[(99248, 193)]"
2019-06-28 10:04:00,IMBALANCE,"[193, 193]"
2019-06-28 10:05:00,BID_DEPTH,"[(99109, 193)]"
2019-06-28 10:05:00,ASK_DEPTH,"[(99248, 293)]"
2019-06-28 10:05:00,IMBALANCE,"[193, 293]"
2019-06-28 10:06:00,BID_DEPTH,"[(99085, 216)]"
2019-06-28 10:06:00,ASK_DEPTH,"[(99144, 216)]"
2019-06-28 10:06:00,IMBALANCE,"[216, 216]"
2019-06-28 10:07:00,BID_DEPTH,"[(99056, 193)]"
2019-06-28 10:07:00,ASK_DEPTH,"[(99122, 193)]"
2019-06-28 10:07:00,IMBALANCE,"[193, 193]"
2019-06-28 10:08:00,BID_DEPTH,"[(99066, 332)]"
2019-06-28 10:08:00,ASK_DEPTH,"[(99122, 332)]"
2019-06-28 10:08:00,IMBALANCE,"[332, 332]"
2019-06-28 10:09:00,BID_DEPTH,"[(99144, 193)]"
2019-06-28 10:09:00,ASK_DEPTH,"[(99168, 193)]"
2019-06-28 10:09:00,IMBALANCE,"[193, 193]"
2019-06-28 10:10:00,BID_DEPTH,"[(99144, 258)]"
2019-06-28 10:10:00,ASK_DEPTH,"[(99227, 258)]"
2019-06-28 10:10:00,IMBALANCE,"[258, 258]"
2019-06-28 10:11:00,BID_DEPTH,"[(99144, 216)]"
2019-06-28 10:11:00,ASK_DEPTH,"[(99181, 216)]"
2019-06-28 10:11:00,IMBALANCE,"[216, 216]"
2019-06-28 10:12:00,BID_DEPTH,"[(98913, 258)]"
2019-06-28 10:12:00,ASK_DEPTH,"[(99167, 258)]"
2019-06-28 10:12:00,IMBALANCE,"[258, 258]"
2019-06-28 10:13:00,BID_DEPTH,"[(98834, 258)]"
2019-06-28 10:13:00,ASK_DEPTH,"[(99066, 258)]"
2019-06-28 10:13:00,IMBALANCE,"[258, 258]"
2019-06-28 10:14:00,BID_DEPTH,"[(98834, 216)]"
2019-06-28 10:14:00,ASK_DEPTH,"[(98886, 216)]"
2019-06-28 10:14:00,IMBALANCE,"[216, 216]"
2019-06-28 10:15:00,BID_DEPTH,"[(98679, 216)]"
2019-06-28 10:15:00,ASK_DEPTH,"[(98886, 216)]"
2019-06-28 10:15:00,IMBALANCE,"[216, 216]"
2019-06-28 10:16:00,BID_DEPTH,"[(98770, 258)]"
2019-06-28 10:16:00,ASK_DEPTH,"[(98834, 258)]"
2019-06-28 10:16:00,IMBALANCE,"[258, 258]"
2019-06-28 10:17:00,BID_DEPTH,"[(98742, 193)]"
2019-06-28 10:17:00,ASK_DEPTH,"[(98834, 293)]"
2019-06-28 10:17:00,IMBALANCE,"[193, 293]"
2019-06-28 10:18:00,BID_DEPTH,"[(98809, 358)]"
2019-06-28 10:18:00,ASK_DEPTH,"[(98834, 258)]"
2019-06-28 10:18:00,IMBALANCE,"[358, 258]"
2019-06-28 10:19:00,BID_DEPTH,"[(98809, 258)]"
2019-06-28 10:19:00,ASK_DEPTH,"[(98892, 258)]"
2019-06-28 10:19:00,IMBALANCE,"[258, 258]"
2019-06-28 10:20:00,BID_DEPTH,"[(98808, 216)]"
2019-06-28 10:20:00,ASK_DEPTH,"[(98910, 216)]"
2019-06-28 10:20:00,IMBALANCE,"[216, 216]"
2019-06-28 10:21:00,BID_DEPTH,"[(98810, 469)]"
2019-06-28 10:21:00,ASK_DEPTH,"[(98910, 564)]"
2019-06-28 10:21:00,IMBALANCE,"[469, 564]"
2019-06-28 10:21:00,HOLDINGS_UPDATED,"{'CASH': 10494050, 'JPM': -5}"
2019-06-28 10:21:00,HOLDINGS_UPDATED,"{'CASH': 10889290, 'JPM': -9}"
2019-06-28 10:22:00,BID_DEPTH,"[(98808, 237)]"
2019-06-28 10:22:00,ASK_DEPTH,"[(98913, 332)]"
2019-06-28 10:22:00,IMBALANCE,"[237, 332]"
2019-06-28 10:22:00,HOLDINGS_UPDATED,"{'CASH': 11383330, 'JPM': -14}"
2019-06-28 10:22:00,HOLDINGS_UPDATED,"{'CASH': 11778562, 'JPM': -18}"
2019-06-28 10:23:00,BID_DEPTH,"[(98742, 98)]"
2019-06-28 10:23:00,ASK_DEPTH,"[(98972, 193)]"
2019-06-28 10:23:00,IMBALANCE,"[98, 193]"
2019-06-28 10:23:00,HOLDINGS_UPDATED,"{'CASH': 12272272, 'JPM': -23}"
2019-06-28 10:23:00,HOLDINGS_UPDATED,"{'CASH': 12667240, 'JPM': -27}"
2019-06-28 10:24:00,BID_DEPTH,"[(98972, 298)]"
2019-06-28 10:24:00,ASK_DEPTH,"[(99167, 193)]"
2019-06-28 10:24:00,IMBALANCE,"[298, 193]"
2019-06-28 10:24:00,HOLDINGS_UPDATED,"{'CASH': 13162100, 'JPM': -32}"
2019-06-28 10:24:00,HOLDINGS_UPDATED,"{'CASH': 13557988, 'JPM': -36}"
2019-06-28 10:25:00,BID_DEPTH,"[(98972, 557)]"
2019-06-28 10:25:00,ASK_DEPTH,"[(99248, 564)]"
2019-06-28 10:25:00,IMBALANCE,"[557, 564]"
2019-06-28 10:25:00,HOLDINGS_UPDATED,"{'CASH': 14448736, 'JPM': -45}"
2019-06-28 10:26:00,BID_DEPTH,"[(98972, 174)]"
2019-06-28 10:26:00,ASK_DEPTH,"[(99369, 193)]"
2019-06-28 10:26:00,IMBALANCE,"[174, 193]"
2019-06-28 10:26:00,HOLDINGS_UPDATED,"{'CASH': 15339484, 'JPM': -54}"
2019-06-28 10:27:00,BID_DEPTH,"[(98972, 127)]"
2019-06-28 10:27:00,ASK_DEPTH,"[(99511, 258)]"
2019-06-28 10:27:00,IMBALANCE,"[127, 258]"
2019-06-28 10:27:00,HOLDINGS_UPDATED,"{'CASH': 16230232, 'JPM': -63}"
2019-06-28 10:28:00,BID_DEPTH,"[(98679, 237)]"
2019-06-28 10:28:00,ASK_DEPTH,"[(99511, 332)]"
2019-06-28 10:28:00,IMBALANCE,"[237, 332]"
2019-06-28 10:28:00,HOLDINGS_UPDATED,"{'CASH': 16723627, 'JPM': -68}"
2019-06-28 10:28:00,HOLDINGS_UPDATED,"{'CASH': 17118343, 'JPM': -72}"
2019-06-28 10:29:00,BID_DEPTH,"[(98639, 237)]"
2019-06-28 10:29:00,ASK_DEPTH,"[(99765, 332)]"
2019-06-28 10:29:00,IMBALANCE,"[237, 332]"
2019-06-28 10:29:00,HOLDINGS_UPDATED,"{'CASH': 17611538, 'JPM': -77}"
2019-06-28 10:29:00,HOLDINGS_UPDATED,"{'CASH': 18006094, 'JPM': -81}"
2019-06-28 10:30:00,BID_DEPTH,"[(98639, 121)]"
2019-06-28 10:30:00,ASK_DEPTH,"[(99879, 216)]"
2019-06-28 10:30:00,IMBALANCE,"[121, 216]"
2019-06-28 10:30:00,HOLDINGS_UPDATED,"{'CASH': 18499289, 'JPM': -86}"
2019-06-28 10:30:00,HOLDINGS_UPDATED,"{'CASH': 18893845, 'JPM': -90}"
2019-06-28 10:31:00,BID_DEPTH,"[(98639, 337)]"
2019-06-28 10:31:00,ASK_DEPTH,"[(100086, 332)]"
2019-06-28 10:31:00,IMBALANCE,"[337, 332]"
2019-06-28 10:31:00,HOLDINGS_UPDATED,"{'CASH': 19387040, 'JPM': -95}"
2019-06-28 10:31:00,HOLDINGS_UPDATED,"{'CASH': 19781596, 'JPM': -99}"
2019-06-28 10:32:00,BID_DEPTH,"[(98639, 557)]"
2019-06-28 10:32:00,ASK_DEPTH,"[(99980, 564)]"
2019-06-28 10:32:00,IMBALANCE,"[557, 564]"
2019-06-28 10:32:00,HOLDINGS_UPDATED,"{'CASH': 20669347, 'JPM': -108}"
2019-06-28 10:33:00,BID_DEPTH,"[(99630, 163)]"
2019-06-28 10:33:00,ASK_DEPTH,"[(99726, 258)]"
2019-06-28 10:33:00,IMBALANCE,"[163, 258]"
2019-06-28 10:33:00,HOLDINGS_UPDATED,"{'CASH': 21167497, 'JPM': -113}"
2019-06-28 10:33:00,HOLDINGS_UPDATED,"{'CASH': 21566017, 'JPM': -117}"
2019-06-28 10:34:00,BID_DEPTH,"[(99435, 121)]"
2019-06-28 10:34:00,ASK_DEPTH,"[(99980, 216)]"
2019-06-28 10:34:00,IMBALANCE,"[121, 216]"
2019-06-28 10:34:00,HOLDINGS_UPDATED,"{'CASH': 22063192, 'JPM': -122}"
2019-06-28 10:34:00,HOLDINGS_UPDATED,"{'CASH': 22460932, 'JPM': -126}"
2019-06-28 10:35:00,BID_DEPTH,"[(99786, 469)]"
2019-06-28 10:35:00,ASK_DEPTH,"[(99787, 564)]"
2019-06-28 10:35:00,IMBALANCE,"[469, 564]"
2019-06-28 10:35:00,HOLDINGS_UPDATED,"{'CASH': 22959862, 'JPM': -131}"
2019-06-28 10:35:00,HOLDINGS_UPDATED,"{'CASH': 23359006, 'JPM': -135}"
2019-06-28 10:36:00,BID_DEPTH,"[(99282, 469)]"
2019-06-28 10:36:00,ASK_DEPTH,"[(99786, 564)]"
2019-06-28 10:36:00,IMBALANCE,"[469, 564]"
2019-06-28 10:36:00,HOLDINGS_UPDATED,"{'CASH': 23855416, 'JPM': -140}"
2019-06-28 10:36:00,HOLDINGS_UPDATED,"{'CASH': 24252544, 'JPM': -144}"
2019-06-28 10:37:00,BID_DEPTH,"[(99367, 163)]"
2019-06-28 10:37:00,ASK_DEPTH,"[(99512, 258)]"
2019-06-28 10:37:00,IMBALANCE,"[163, 258]"
2019-06-28 10:37:00,HOLDINGS_UPDATED,"{'CASH': 24749379, 'JPM': -149}"
2019-06-28 10:37:00,HOLDINGS_UPDATED,"{'CASH': 25146847, 'JPM': -153}"
2019-06-28 10:38:00,BID_DEPTH,"[(99282, 237)]"
2019-06-28 10:38:00,ASK_DEPTH,"[(99512, 332)]"
2019-06-28 10:38:00,IMBALANCE,"[237, 332]"
2019-06-28 10:38:00,HOLDINGS_UPDATED,"{'CASH': 25643257, 'JPM': -158}"
2019-06-28 10:38:00,HOLDINGS_UPDATED,"{'CASH': 26040385, 'JPM': -162}"
2019-06-28 10:39:00,BID_DEPTH,"[(99179, 121)]"
2019-06-28 10:39:00,ASK_DEPTH,"[(99282, 216)]"
2019-06-28 10:39:00,IMBALANCE,"[121, 216]"
2019-06-28 10:39:00,HOLDINGS_UPDATED,"{'CASH': 26536280, 'JPM': -167}"
2019-06-28 10:39:00,HOLDINGS_UPDATED,"{'CASH': 26932996, 'JPM': -171}"
2019-06-28 10:40:00,BID_DEPTH,"[(98663, 564)]"
2019-06-28 10:40:00,ASK_DEPTH,"[(99573, 469)]"
2019-06-28 10:40:00,IMBALANCE,"[564, 469]"
2019-06-28 10:40:00,HOLDINGS_UPDATED,"{'CASH': 26435131, 'JPM': -166}"
2019-06-28 10:40:00,HOLDINGS_UPDATED,"{'CASH': 26036839, 'JPM': -162}"
2019-06-28 10:41:00,BID_DEPTH,"[(99573, 193)]"
2019-06-28 10:41:00,ASK_DEPTH,"[(99787, 98)]"
2019-06-28 10:41:00,IMBALANCE,"[193, 98]"
2019-06-28 10:41:00,HOLDINGS_UPDATED,"{'CASH': 25537904, 'JPM': -157}"
2019-06-28 10:41:00,HOLDINGS_UPDATED,"{'CASH': 25138756, 'JPM': -153}"
2019-06-28 10:42:00,BID_DEPTH,"[(99876, 165)]"
2019-06-28 10:42:00,ASK_DEPTH,"[(99965, 163)]"
2019-06-28 10:42:00,IMBALANCE,"[165, 163]"
2019-06-28 10:42:00,HOLDINGS_UPDATED,"{'CASH': 24638931, 'JPM': -148}"
2019-06-28 10:42:00,HOLDINGS_UPDATED,"{'CASH': 24239071, 'JPM': -144}"
2019-06-28 10:43:00,BID_DEPTH,"[(99965, 258)]"
2019-06-28 10:43:00,ASK_DEPTH,"[(100007, 163)]"
2019-06-28 10:43:00,IMBALANCE,"[258, 163]"
2019-06-28 10:43:00,HOLDINGS_UPDATED,"{'CASH': 23739036, 'JPM': -139}"
2019-06-28 10:43:00,HOLDINGS_UPDATED,"{'CASH': 23339008, 'JPM': -135}"
2019-06-28 10:44:00,BID_DEPTH,"[(99787, 216)]"
2019-06-28 10:44:00,ASK_DEPTH,"[(100029, 121)]"
2019-06-28 10:44:00,IMBALANCE,"[216, 121]"
2019-06-28 10:44:00,HOLDINGS_UPDATED,"{'CASH': 22838863, 'JPM': -130}"
2019-06-28 10:44:00,HOLDINGS_UPDATED,"{'CASH': 22438747, 'JPM': -126}"
2019-06-28 10:45:00,BID_DEPTH,"[(99635, 332)]"
2019-06-28 10:45:00,ASK_DEPTH,"[(100138, 237)]"
2019-06-28 10:45:00,IMBALANCE,"[332, 237]"
2019-06-28 10:45:00,HOLDINGS_UPDATED,"{'CASH': 21938057, 'JPM': -121}"
2019-06-28 10:45:00,HOLDINGS_UPDATED,"{'CASH': 21537505, 'JPM': -117}"
2019-06-28 10:46:00,BID_DEPTH,"[(99573, 193)]"
2019-06-28 10:46:00,ASK_DEPTH,"[(100169, 98)]"
2019-06-28 10:46:00,IMBALANCE,"[193, 98]"
2019-06-28 10:46:00,HOLDINGS_UPDATED,"{'CASH': 21036660, 'JPM': -112}"
2019-06-28 10:46:00,HOLDINGS_UPDATED,"{'CASH': 20635984, 'JPM': -108}"
2019-06-28 10:47:00,BID_DEPTH,"[(99016, 258)]"
2019-06-28 10:47:00,ASK_DEPTH,"[(99049, 163)]"
2019-06-28 10:47:00,IMBALANCE,"[258, 163]"
2019-06-28 10:47:00,HOLDINGS_UPDATED,"{'CASH': 20140739, 'JPM': -103}"
2019-06-28 10:47:00,HOLDINGS_UPDATED,"{'CASH': 19744543, 'JPM': -99}"
2019-06-28 10:48:00,BID_DEPTH,"[(99049, 332)]"
2019-06-28 10:48:00,ASK_DEPTH,"[(99081, 237)]"
2019-06-28 10:48:00,IMBALANCE,"[332, 237]"
2019-06-28 10:48:00,HOLDINGS_UPDATED,"{'CASH': 19249138, 'JPM': -94}"
2019-06-28 10:48:00,HOLDINGS_UPDATED,"{'CASH': 18852814, 'JPM': -90}"
2019-06-28 10:49:00,BID_DEPTH,"[(99016, 193)]"
2019-06-28 10:49:00,ASK_DEPTH,"[(99102, 98)]"
2019-06-28 10:49:00,IMBALANCE,"[193, 98]"
2019-06-28 10:49:00,HOLDINGS_UPDATED,"{'CASH': 18357304, 'JPM': -85}"
2019-06-28 10:49:00,HOLDINGS_UPDATED,"{'CASH': 17960896, 'JPM': -81}"
2019-06-28 10:50:00,BID_DEPTH,"[(98812, 216)]"
2019-06-28 10:50:00,ASK_DEPTH,"[(99043, 121)]"
2019-06-28 10:50:00,IMBALANCE,"[216, 121]"
2019-06-28 10:50:00,HOLDINGS_UPDATED,"{'CASH': 17465681, 'JPM': -76}"
2019-06-28 10:50:00,HOLDINGS_UPDATED,"{'CASH': 17069509, 'JPM': -72}"
2019-06-28 10:51:00,BID_DEPTH,"[(98813, 216)]"
2019-06-28 10:51:00,ASK_DEPTH,"[(99102, 121)]"
2019-06-28 10:51:00,IMBALANCE,"[216, 121]"
2019-06-28 10:51:00,HOLDINGS_UPDATED,"{'CASH': 16573999, 'JPM': -67}"
2019-06-28 10:51:00,HOLDINGS_UPDATED,"{'CASH': 16177591, 'JPM': -63}"
2019-06-28 10:52:00,BID_DEPTH,"[(98623, 332)]"
2019-06-28 10:52:00,ASK_DEPTH,"[(98663, 244)]"
2019-06-28 10:52:00,IMBALANCE,"[332, 244]"
2019-06-28 10:52:00,HOLDINGS_UPDATED,"{'CASH': 15289624, 'JPM': -54}"
2019-06-28 10:53:00,BID_DEPTH,"[(98184, 216)]"
2019-06-28 10:53:00,ASK_DEPTH,"[(100187, 121)]"
2019-06-28 10:53:00,IMBALANCE,"[216, 121]"
2019-06-28 10:53:00,HOLDINGS_UPDATED,"{'CASH': 14788689, 'JPM': -49}"
2019-06-28 10:53:00,HOLDINGS_UPDATED,"{'CASH': 14387941, 'JPM': -45}"
2019-06-28 10:54:00,BID_DEPTH,"[(98184, 216)]"
2019-06-28 10:54:00,ASK_DEPTH,"[(98292, 121)]"
2019-06-28 10:54:00,IMBALANCE,"[216, 121]"
2019-06-28 10:54:00,HOLDINGS_UPDATED,"{'CASH': 13896481, 'JPM': -40}"
2019-06-28 10:54:00,HOLDINGS_UPDATED,"{'CASH': 13503313, 'JPM': -36}"
2019-06-28 10:55:00,BID_DEPTH,"[(98184, 258)]"
2019-06-28 10:55:00,ASK_DEPTH,"[(98292, 263)]"
2019-06-28 10:55:00,IMBALANCE,"[258, 263]"
2019-06-28 10:55:00,HOLDINGS_UPDATED,"{'CASH': 13011853, 'JPM': -31}"
2019-06-28 10:55:00,HOLDINGS_UPDATED,"{'CASH': 12618685, 'JPM': -27}"
2019-06-28 10:56:00,BID_DEPTH,"[(98184, 332)]"
2019-06-28 10:56:00,ASK_DEPTH,"[(98292, 225)]"
2019-06-28 10:56:00,IMBALANCE,"[332, 225]"
2019-06-28 10:56:00,HOLDINGS_UPDATED,"{'CASH': 11734057, 'JPM': -18}"
2019-06-28 10:57:00,BID_DEPTH,"[(98292, 358)]"
2019-06-28 10:57:00,ASK_DEPTH,"[(98351, 163)]"
2019-06-28 10:57:00,IMBALANCE,"[358, 163]"
2019-06-28 10:57:00,HOLDINGS_UPDATED,"{'CASH': 11242302, 'JPM': -13}"
2019-06-28 10:57:00,HOLDINGS_UPDATED,"{'CASH': 10848898, 'JPM': -9}"
2019-06-28 10:58:00,BID_DEPTH,"[(98292, 263)]"
2019-06-28 10:58:00,ASK_DEPTH,"[(99015, 258)]"
2019-06-28 10:58:00,IMBALANCE,"[263, 258]"
2019-06-28 10:58:00,HOLDINGS_UPDATED,"{'CASH': 11340358, 'JPM': -14}"
2019-06-28 10:58:00,HOLDINGS_UPDATED,"{'CASH': 11733526, 'JPM': -18}"
2019-06-28 10:59:00,BID_DEPTH,"[(98437, 469)]"
2019-06-28 10:59:00,ASK_DEPTH,"[(98677, 564)]"
2019-06-28 10:59:00,IMBALANCE,"[469, 564]"
2019-06-28 10:59:00,HOLDINGS_UPDATED,"{'CASH': 12225711, 'JPM': -23}"
2019-06-28 10:59:00,HOLDINGS_UPDATED,"{'CASH': 12619459, 'JPM': -27}"
2019-06-28 11:00:00,BID_DEPTH,"[(98437, 163)]"
2019-06-28 11:00:00,ASK_DEPTH,"[(98677, 258)]"
2019-06-28 11:00:00,IMBALANCE,"[163, 258]"
2019-06-28 11:00:00,HOLDINGS_UPDATED,"{'CASH': 13111644, 'JPM': -32}"
2019-06-28 11:00:00,HOLDINGS_UPDATED,"{'CASH': 13505392, 'JPM': -36}"
2019-06-28 11:01:00,BID_DEPTH,"[(98437, 337)]"
2019-06-28 11:01:00,ASK_DEPTH,"[(98677, 332)]"
2019-06-28 11:01:00,IMBALANCE,"[337, 332]"
2019-06-28 11:01:00,HOLDINGS_UPDATED,"{'CASH': 13997577, 'JPM': -41}"
2019-06-28 11:01:00,HOLDINGS_UPDATED,"{'CASH': 14391325, 'JPM': -45}"
2019-06-28 11:02:00,BID_DEPTH,"[(98437, 325)]"
2019-06-28 11:02:00,ASK_DEPTH,"[(98757, 332)]"
2019-06-28 11:02:00,IMBALANCE,"[325, 332]"
2019-06-28 11:02:00,HOLDINGS_UPDATED,"{'CASH': 15277258, 'JPM': -54}"
2019-06-28 11:03:00,BID_DEPTH,"[(98437, 445)]"
2019-06-28 11:03:00,ASK_DEPTH,"[(98758, 564)]"
2019-06-28 11:03:00,IMBALANCE,"[445, 564]"
2019-06-28 11:03:00,HOLDINGS_UPDATED,"{'CASH': 16163191, 'JPM': -63}"
2019-06-28 11:04:00,BID_DEPTH,"[(98437, 163)]"
2019-06-28 11:04:00,ASK_DEPTH,"[(98879, 258)]"
2019-06-28 11:04:00,IMBALANCE,"[163, 258]"
2019-06-28 11:04:00,HOLDINGS_UPDATED,"{'CASH': 16655376, 'JPM': -68}"
2019-06-28 11:04:00,HOLDINGS_UPDATED,"{'CASH': 17049124, 'JPM': -72}"
2019-06-28 11:05:00,BID_DEPTH,"[(98184, 121)]"
2019-06-28 11:05:00,ASK_DEPTH,"[(98879, 216)]"
2019-06-28 11:05:00,IMBALANCE,"[121, 216]"
2019-06-28 11:05:00,HOLDINGS_UPDATED,"{'CASH': 17540044, 'JPM': -77}"
2019-06-28 11:05:00,HOLDINGS_UPDATED,"{'CASH': 17932780, 'JPM': -81}"
2019-06-28 11:06:00,BID_DEPTH,"[(98505, 469)]"
2019-06-28 11:06:00,ASK_DEPTH,"[(98878, 564)]"
2019-06-28 11:06:00,IMBALANCE,"[469, 564]"
2019-06-28 11:06:00,HOLDINGS_UPDATED,"{'CASH': 18425305, 'JPM': -86}"
2019-06-28 11:06:00,HOLDINGS_UPDATED,"{'CASH': 18819325, 'JPM': -90}"
2019-06-28 11:07:00,BID_DEPTH,"[(98697, 469)]"
2019-06-28 11:07:00,ASK_DEPTH,"[(98878, 564)]"
2019-06-28 11:07:00,IMBALANCE,"[469, 564]"
2019-06-28 11:07:00,HOLDINGS_UPDATED,"{'CASH': 19312810, 'JPM': -95}"
2019-06-28 11:07:00,HOLDINGS_UPDATED,"{'CASH': 19707598, 'JPM': -99}"
2019-06-28 11:08:00,BID_DEPTH,"[(98653, 121)]"
2019-06-28 11:08:00,ASK_DEPTH,"[(98759, 216)]"
2019-06-28 11:08:00,IMBALANCE,"[121, 216]"
2019-06-28 11:08:00,HOLDINGS_UPDATED,"{'CASH': 20200863, 'JPM': -104}"
2019-06-28 11:08:00,HOLDINGS_UPDATED,"{'CASH': 20595475, 'JPM': -108}"
2019-06-28 11:09:00,BID_DEPTH,"[(98636, 121)]"
2019-06-28 11:09:00,ASK_DEPTH,"[(98878, 216)]"
2019-06-28 11:09:00,IMBALANCE,"[121, 216]"
2019-06-28 11:09:00,HOLDINGS_UPDATED,"{'CASH': 21088655, 'JPM': -113}"
2019-06-28 11:09:00,HOLDINGS_UPDATED,"{'CASH': 21483199, 'JPM': -117}"
2019-06-28 11:10:00,BID_DEPTH,"[(98489, 98)]"
2019-06-28 11:10:00,ASK_DEPTH,"[(98856, 193)]"
2019-06-28 11:10:00,IMBALANCE,"[98, 193]"
2019-06-28 11:10:00,HOLDINGS_UPDATED,"{'CASH': 21975644, 'JPM': -122}"
2019-06-28 11:10:00,HOLDINGS_UPDATED,"{'CASH': 22369600, 'JPM': -126}"
2019-06-28 11:11:00,BID_DEPTH,"[(98489, 121)]"
2019-06-28 11:11:00,ASK_DEPTH,"[(98856, 216)]"
2019-06-28 11:11:00,IMBALANCE,"[121, 216]"
2019-06-28 11:11:00,HOLDINGS_UPDATED,"{'CASH': 22862045, 'JPM': -131}"
2019-06-28 11:11:00,HOLDINGS_UPDATED,"{'CASH': 23256001, 'JPM': -135}"
2019-06-28 11:12:00,BID_DEPTH,"[(98856, 24)]"
2019-06-28 11:12:00,ASK_DEPTH,"[(98900, 216)]"
2019-06-28 11:12:00,IMBALANCE,"[24, 216]"
2019-06-28 11:12:00,HOLDINGS_UPDATED,"{'CASH': 24145705, 'JPM': -144}"
2019-06-28 11:13:00,BID_DEPTH,"[(98901, 121)]"
2019-06-28 11:13:00,ASK_DEPTH,"[(99025, 216)]"
2019-06-28 11:13:00,IMBALANCE,"[121, 216]"
2019-06-28 11:13:00,HOLDINGS_UPDATED,"{'CASH': 24640210, 'JPM': -149}"
2019-06-28 11:13:00,HOLDINGS_UPDATED,"{'CASH': 25035814, 'JPM': -153}"
2019-06-28 11:14:00,BID_DEPTH,"[(99025, 469)]"
2019-06-28 11:14:00,ASK_DEPTH,"[(99112, 564)]"
2019-06-28 11:14:00,IMBALANCE,"[469, 564]"
2019-06-28 11:14:00,HOLDINGS_UPDATED,"{'CASH': 25530939, 'JPM': -158}"
2019-06-28 11:14:00,HOLDINGS_UPDATED,"{'CASH': 25927039, 'JPM': -162}"
2019-06-28 11:15:00,BID_DEPTH,"[(99025, 237)]"
2019-06-28 11:15:00,ASK_DEPTH,"[(99112, 329)]"
2019-06-28 11:15:00,IMBALANCE,"[237, 329]"
2019-06-28 11:15:00,HOLDINGS_UPDATED,"{'CASH': 26422164, 'JPM': -167}"
2019-06-28 11:15:00,HOLDINGS_UPDATED,"{'CASH': 26818264, 'JPM': -171}"
2019-06-28 11:16:00,BID_DEPTH,"[(98900, 24)]"
2019-06-28 11:16:00,ASK_DEPTH,"[(99396, 216)]"
2019-06-28 11:16:00,IMBALANCE,"[24, 216]"
2019-06-28 11:16:00,HOLDINGS_UPDATED,"{'CASH': 27708364, 'JPM': -180}"
2019-06-28 11:17:00,BID_DEPTH,"[(99396, 66)]"
2019-06-28 11:17:00,ASK_DEPTH,"[(99449, 258)]"
2019-06-28 11:17:00,IMBALANCE,"[66, 258]"
2019-06-28 11:17:00,HOLDINGS_UPDATED,"{'CASH': 28602928, 'JPM': -189}"
2019-06-28 11:18:00,BID_DEPTH,"[(99396, 121)]"
2019-06-28 11:18:00,ASK_DEPTH,"[(99448, 216)]"
2019-06-28 11:18:00,IMBALANCE,"[121, 216]"
2019-06-28 11:18:00,HOLDINGS_UPDATED,"{'CASH': 29099908, 'JPM': -194}"
2019-06-28 11:18:00,HOLDINGS_UPDATED,"{'CASH': 29497492, 'JPM': -198}"
2019-06-28 11:19:00,BID_DEPTH,"[(99368, 121)]"
2019-06-28 11:19:00,ASK_DEPTH,"[(99531, 216)]"
2019-06-28 11:19:00,IMBALANCE,"[121, 216]"
2019-06-28 11:19:00,HOLDINGS_UPDATED,"{'CASH': 29994332, 'JPM': -203}"
2019-06-28 11:19:00,HOLDINGS_UPDATED,"{'CASH': 30391804, 'JPM': -207}"
2019-06-28 11:20:00,BID_DEPTH,"[(99374, 163)]"
2019-06-28 11:20:00,ASK_DEPTH,"[(99426, 258)]"
2019-06-28 11:20:00,IMBALANCE,"[163, 258]"
2019-06-28 11:20:00,HOLDINGS_UPDATED,"{'CASH': 30888674, 'JPM': -212}"
2019-06-28 11:20:00,HOLDINGS_UPDATED,"{'CASH': 31286170, 'JPM': -216}"
2019-06-28 11:21:00,BID_DEPTH,"[(99374, 469)]"
2019-06-28 11:21:00,ASK_DEPTH,"[(99426, 564)]"
2019-06-28 11:21:00,IMBALANCE,"[469, 564]"
2019-06-28 11:21:00,HOLDINGS_UPDATED,"{'CASH': 31783040, 'JPM': -221}"
2019-06-28 11:21:00,HOLDINGS_UPDATED,"{'CASH': 32180536, 'JPM': -225}"
2019-06-28 11:22:00,BID_DEPTH,"[(99375, 121)]"
2019-06-28 11:22:00,ASK_DEPTH,"[(99561, 216)]"
2019-06-28 11:22:00,IMBALANCE,"[121, 216]"
2019-06-28 11:22:00,HOLDINGS_UPDATED,"{'CASH': 32677411, 'JPM': -230}"
2019-06-28 11:22:00,HOLDINGS_UPDATED,"{'CASH': 33074911, 'JPM': -234}"
2019-06-28 11:23:00,BID_DEPTH,"[(99374, 198)]"
2019-06-28 11:23:00,ASK_DEPTH,"[(99561, 193)]"
2019-06-28 11:23:00,IMBALANCE,"[198, 193]"
2019-06-28 11:23:00,HOLDINGS_UPDATED,"{'CASH': 33571781, 'JPM': -239}"
2019-06-28 11:23:00,HOLDINGS_UPDATED,"{'CASH': 33969277, 'JPM': -243}"
2019-06-28 11:24:00,BID_DEPTH,"[(98296, 163)]"
2019-06-28 11:24:00,ASK_DEPTH,"[(99561, 258)]"
2019-06-28 11:24:00,IMBALANCE,"[163, 258]"
2019-06-28 11:24:00,HOLDINGS_UPDATED,"{'CASH': 34460757, 'JPM': -248}"
2019-06-28 11:24:00,HOLDINGS_UPDATED,"{'CASH': 34853941, 'JPM': -252}"
2019-06-28 11:25:00,BID_DEPTH,"[(98303, 258)]"
2019-06-28 11:25:00,ASK_DEPTH,"[(98605, 163)]"
2019-06-28 11:25:00,IMBALANCE,"[258, 163]"
2019-06-28 11:25:00,HOLDINGS_UPDATED,"{'CASH': 34360916, 'JPM': -247}"
2019-06-28 11:25:00,HOLDINGS_UPDATED,"{'CASH': 33966496, 'JPM': -243}"
2019-06-28 11:26:00,BID_DEPTH,"[(98599, 258)]"
2019-06-28 11:26:00,ASK_DEPTH,"[(99143, 163)]"
2019-06-28 11:26:00,IMBALANCE,"[258, 163]"
2019-06-28 11:26:00,HOLDINGS_UPDATED,"{'CASH': 33470781, 'JPM': -238}"
2019-06-28 11:26:00,HOLDINGS_UPDATED,"{'CASH': 33074209, 'JPM': -234}"
2019-06-28 11:27:00,BID_DEPTH,"[(98599, 564)]"
2019-06-28 11:27:00,ASK_DEPTH,"[(99185, 469)]"
2019-06-28 11:27:00,IMBALANCE,"[564, 469]"
2019-06-28 11:27:00,HOLDINGS_UPDATED,"{'CASH': 32578284, 'JPM': -229}"
2019-06-28 11:27:00,HOLDINGS_UPDATED,"{'CASH': 32181544, 'JPM': -225}"
2019-06-28 11:28:00,BID_DEPTH,"[(98599, 564)]"
2019-06-28 11:28:00,ASK_DEPTH,"[(99185, 469)]"
2019-06-28 11:28:00,IMBALANCE,"[564, 469]"
2019-06-28 11:28:00,HOLDINGS_UPDATED,"{'CASH': 31685619, 'JPM': -220}"
2019-06-28 11:28:00,HOLDINGS_UPDATED,"{'CASH': 31288879, 'JPM': -216}"
2019-06-28 11:29:00,BID_DEPTH,"[(98386, 193)]"
2019-06-28 11:29:00,ASK_DEPTH,"[(99185, 98)]"
2019-06-28 11:29:00,IMBALANCE,"[193, 98]"
2019-06-28 11:29:00,HOLDINGS_UPDATED,"{'CASH': 30792954, 'JPM': -211}"
2019-06-28 11:29:00,HOLDINGS_UPDATED,"{'CASH': 30396214, 'JPM': -207}"
2019-06-28 11:30:00,BID_DEPTH,"[(97838, 193)]"
2019-06-28 11:30:00,ASK_DEPTH,"[(98183, 98)]"
2019-06-28 11:30:00,IMBALANCE,"[193, 98]"
2019-06-28 11:30:00,HOLDINGS_UPDATED,"{'CASH': 29905299, 'JPM': -202}"
2019-06-28 11:30:00,HOLDINGS_UPDATED,"{'CASH': 29512567, 'JPM': -198}"
2019-06-28 11:31:00,BID_DEPTH,"[(98057, 216)]"
2019-06-28 11:31:00,ASK_DEPTH,"[(98115, 121)]"
2019-06-28 11:31:00,IMBALANCE,"[216, 121]"
2019-06-28 11:31:00,HOLDINGS_UPDATED,"{'CASH': 29021992, 'JPM': -193}"
2019-06-28 11:31:00,HOLDINGS_UPDATED,"{'CASH': 28629532, 'JPM': -189}"
2019-06-28 11:32:00,BID_DEPTH,"[(98057, 216)]"
2019-06-28 11:32:00,ASK_DEPTH,"[(99185, 121)]"
2019-06-28 11:32:00,IMBALANCE,"[216, 121]"
2019-06-28 11:32:00,HOLDINGS_UPDATED,"{'CASH': 28133607, 'JPM': -184}"
2019-06-28 11:32:00,HOLDINGS_UPDATED,"{'CASH': 27736867, 'JPM': -180}"
2019-06-28 11:33:00,BID_DEPTH,"[(98198, 216)]"
2019-06-28 11:33:00,ASK_DEPTH,"[(99185, 121)]"
2019-06-28 11:33:00,IMBALANCE,"[216, 121]"
2019-06-28 11:33:00,HOLDINGS_UPDATED,"{'CASH': 27240942, 'JPM': -175}"
2019-06-28 11:33:00,HOLDINGS_UPDATED,"{'CASH': 26844202, 'JPM': -171}"
2019-06-28 11:34:00,BID_DEPTH,"[(98236, 332)]"
2019-06-28 11:34:00,ASK_DEPTH,"[(98280, 237)]"
2019-06-28 11:34:00,IMBALANCE,"[332, 237]"
2019-06-28 11:34:00,HOLDINGS_UPDATED,"{'CASH': 26352802, 'JPM': -166}"
2019-06-28 11:34:00,HOLDINGS_UPDATED,"{'CASH': 25959682, 'JPM': -162}"
2019-06-28 11:35:00,BID_DEPTH,"[(98203, 332)]"
2019-06-28 11:35:00,ASK_DEPTH,"[(98299, 237)]"
2019-06-28 11:35:00,IMBALANCE,"[332, 237]"
2019-06-28 11:35:00,HOLDINGS_UPDATED,"{'CASH': 25468187, 'JPM': -157}"
2019-06-28 11:35:00,HOLDINGS_UPDATED,"{'CASH': 25074991, 'JPM': -153}"
2019-06-28 11:36:00,BID_DEPTH,"[(98203, 258)]"
2019-06-28 11:36:00,ASK_DEPTH,"[(98299, 163)]"
2019-06-28 11:36:00,IMBALANCE,"[258, 163]"
2019-06-28 11:36:00,HOLDINGS_UPDATED,"{'CASH': 24583496, 'JPM': -148}"
2019-06-28 11:36:00,HOLDINGS_UPDATED,"{'CASH': 24190300, 'JPM': -144}"
2019-06-28 11:37:00,BID_DEPTH,"[(98491, 100)]"
2019-06-28 11:37:00,ASK_DEPTH,"[(98676, 98)]"
2019-06-28 11:37:00,IMBALANCE,"[100, 98]"
2019-06-28 11:37:00,HOLDINGS_UPDATED,"{'CASH': 23696920, 'JPM': -139}"
2019-06-28 11:37:00,HOLDINGS_UPDATED,"{'CASH': 23302216, 'JPM': -135}"
2019-06-28 11:38:00,BID_DEPTH,"[(98491, 100)]"
2019-06-28 11:38:00,ASK_DEPTH,"[(99561, 98)]"
2019-06-28 11:38:00,IMBALANCE,"[100, 98]"
2019-06-28 11:38:00,HOLDINGS_UPDATED,"{'CASH': 22804411, 'JPM': -130}"
2019-06-28 11:38:00,HOLDINGS_UPDATED,"{'CASH': 22406167, 'JPM': -126}"
2019-06-28 11:39:00,BID_DEPTH,"[(99170, 332)]"
2019-06-28 11:39:00,ASK_DEPTH,"[(99364, 237)]"
2019-06-28 11:39:00,IMBALANCE,"[332, 237]"
2019-06-28 11:39:00,HOLDINGS_UPDATED,"{'CASH': 21909347, 'JPM': -121}"
2019-06-28 11:39:00,HOLDINGS_UPDATED,"{'CASH': 21511891, 'JPM': -117}"
2019-06-28 11:40:00,BID_DEPTH,"[(99364, 98)]"
2019-06-28 11:40:00,ASK_DEPTH,"[(99417, 193)]"
2019-06-28 11:40:00,IMBALANCE,"[98, 193]"
2019-06-28 11:40:00,HOLDINGS_UPDATED,"{'CASH': 22008711, 'JPM': -122}"
2019-06-28 11:40:00,HOLDINGS_UPDATED,"{'CASH': 22406167, 'JPM': -126}"
2019-06-28 11:41:00,BID_DEPTH,"[(99390, 163)]"
2019-06-28 11:41:00,ASK_DEPTH,"[(99416, 258)]"
2019-06-28 11:41:00,IMBALANCE,"[163, 258]"
2019-06-28 11:41:00,HOLDINGS_UPDATED,"{'CASH': 22903117, 'JPM': -131}"
2019-06-28 11:41:00,HOLDINGS_UPDATED,"{'CASH': 23300677, 'JPM': -135}"
2019-06-28 11:42:00,BID_DEPTH,"[(99303, 469)]"
2019-06-28 11:42:00,ASK_DEPTH,"[(99416, 564)]"
2019-06-28 11:42:00,IMBALANCE,"[469, 564]"
2019-06-28 11:42:00,HOLDINGS_UPDATED,"{'CASH': 23797192, 'JPM': -140}"
2019-06-28 11:42:00,HOLDINGS_UPDATED,"{'CASH': 24194404, 'JPM': -144}"
2019-06-28 11:43:00,BID_DEPTH,"[(99439, 237)]"
2019-06-28 11:43:00,ASK_DEPTH,"[(99529, 332)]"
2019-06-28 11:43:00,IMBALANCE,"[237, 332]"
2019-06-28 11:43:00,HOLDINGS_UPDATED,"{'CASH': 24691599, 'JPM': -149}"
2019-06-28 11:43:00,HOLDINGS_UPDATED,"{'CASH': 25089355, 'JPM': -153}"
2019-06-28 11:44:00,BID_DEPTH,"[(99170, 163)]"
2019-06-28 11:44:00,ASK_DEPTH,"[(99329, 258)]"
2019-06-28 11:44:00,IMBALANCE,"[163, 258]"
2019-06-28 11:44:00,HOLDINGS_UPDATED,"{'CASH': 25585205, 'JPM': -158}"
2019-06-28 11:44:00,HOLDINGS_UPDATED,"{'CASH': 25981885, 'JPM': -162}"
2019-06-28 11:45:00,BID_DEPTH,"[(99329, 121)]"
2019-06-28 11:45:00,ASK_DEPTH,"[(99480, 216)]"
2019-06-28 11:45:00,IMBALANCE,"[121, 216]"
2019-06-28 11:45:00,HOLDINGS_UPDATED,"{'CASH': 26478530, 'JPM': -167}"
2019-06-28 11:45:00,HOLDINGS_UPDATED,"{'CASH': 26875846, 'JPM': -171}"
2019-06-28 11:46:00,BID_DEPTH,"[(99471, 163)]"
2019-06-28 11:46:00,ASK_DEPTH,"[(99605, 258)]"
2019-06-28 11:46:00,IMBALANCE,"[163, 258]"
2019-06-28 11:46:00,HOLDINGS_UPDATED,"{'CASH': 27373201, 'JPM': -176}"
2019-06-28 11:46:00,HOLDINGS_UPDATED,"{'CASH': 27771085, 'JPM': -180}"
2019-06-28 11:47:00,BID_DEPTH,"[(99329, 237)]"
2019-06-28 11:47:00,ASK_DEPTH,"[(99713, 332)]"
2019-06-28 11:47:00,IMBALANCE,"[237, 332]"
2019-06-28 11:47:00,HOLDINGS_UPDATED,"{'CASH': 28267730, 'JPM': -185}"
2019-06-28 11:47:00,HOLDINGS_UPDATED,"{'CASH': 28665046, 'JPM': -189}"
2019-06-28 11:48:00,BID_DEPTH,"[(99330, 332)]"
2019-06-28 11:48:00,ASK_DEPTH,"[(99724, 237)]"
2019-06-28 11:48:00,IMBALANCE,"[332, 237]"
2019-06-28 11:48:00,HOLDINGS_UPDATED,"{'CASH': 28166426, 'JPM': -184}"
2019-06-28 11:48:00,HOLDINGS_UPDATED,"{'CASH': 27767530, 'JPM': -180}"
2019-06-28 11:49:00,BID_DEPTH,"[(99330, 255)]"
2019-06-28 11:49:00,ASK_DEPTH,"[(99754, 163)]"
2019-06-28 11:49:00,IMBALANCE,"[255, 163]"
2019-06-28 11:49:00,HOLDINGS_UPDATED,"{'CASH': 27268760, 'JPM': -175}"
2019-06-28 11:49:00,HOLDINGS_UPDATED,"{'CASH': 26869744, 'JPM': -171}"
2019-06-28 11:50:00,BID_DEPTH,"[(99330, 252)]"
2019-06-28 11:50:00,ASK_DEPTH,"[(99705, 163)]"
2019-06-28 11:50:00,IMBALANCE,"[252, 163]"
2019-06-28 11:50:00,HOLDINGS_UPDATED,"{'CASH': 26371219, 'JPM': -166}"
2019-06-28 11:50:00,HOLDINGS_UPDATED,"{'CASH': 25972399, 'JPM': -162}"
2019-06-28 11:51:00,BID_DEPTH,"[(99457, 332)]"
2019-06-28 11:51:00,ASK_DEPTH,"[(99838, 237)]"
2019-06-28 11:51:00,IMBALANCE,"[332, 237]"
2019-06-28 11:51:00,HOLDINGS_UPDATED,"{'CASH': 25473209, 'JPM': -157}"
2019-06-28 11:51:00,HOLDINGS_UPDATED,"{'CASH': 25073857, 'JPM': -153}"
2019-06-28 11:52:00,BID_DEPTH,"[(99457, 255)]"
2019-06-28 11:52:00,ASK_DEPTH,"[(99748, 163)]"
2019-06-28 11:52:00,IMBALANCE,"[255, 163]"
2019-06-28 11:52:00,HOLDINGS_UPDATED,"{'CASH': 24575117, 'JPM': -148}"
2019-06-28 11:52:00,HOLDINGS_UPDATED,"{'CASH': 24176125, 'JPM': -144}"
2019-06-28 11:53:00,BID_DEPTH,"[(99461, 258)]"
2019-06-28 11:53:00,ASK_DEPTH,"[(99650, 163)]"
2019-06-28 11:53:00,IMBALANCE,"[258, 163]"
2019-06-28 11:53:00,HOLDINGS_UPDATED,"{'CASH': 23677875, 'JPM': -139}"
2019-06-28 11:53:00,HOLDINGS_UPDATED,"{'CASH': 23279275, 'JPM': -135}"
2019-06-28 11:54:00,BID_DEPTH,"[(99461, 213)]"
2019-06-28 11:54:00,ASK_DEPTH,"[(99650, 121)]"
2019-06-28 11:54:00,IMBALANCE,"[213, 121]"
2019-06-28 11:54:00,HOLDINGS_UPDATED,"{'CASH': 22781025, 'JPM': -130}"
2019-06-28 11:54:00,HOLDINGS_UPDATED,"{'CASH': 22382425, 'JPM': -126}"
2019-06-28 11:55:00,BID_DEPTH,"[(99372, 332)]"
2019-06-28 11:55:00,ASK_DEPTH,"[(99457, 337)]"
2019-06-28 11:55:00,IMBALANCE,"[332, 337]"
2019-06-28 11:55:00,HOLDINGS_UPDATED,"{'CASH': 21885140, 'JPM': -121}"
2019-06-28 11:55:00,HOLDINGS_UPDATED,"{'CASH': 21487312, 'JPM': -117}"
2019-06-28 11:56:00,BID_DEPTH,"[(99372, 258)]"
2019-06-28 11:56:00,ASK_DEPTH,"[(99798, 163)]"
2019-06-28 11:56:00,IMBALANCE,"[258, 163]"
2019-06-28 11:56:00,HOLDINGS_UPDATED,"{'CASH': 20988322, 'JPM': -112}"
2019-06-28 11:56:00,HOLDINGS_UPDATED,"{'CASH': 20589130, 'JPM': -108}"
2019-06-28 11:57:00,BID_DEPTH,"[(99411, 193)]"
2019-06-28 11:57:00,ASK_DEPTH,"[(99452, 98)]"
2019-06-28 11:57:00,IMBALANCE,"[193, 98]"
2019-06-28 11:57:00,HOLDINGS_UPDATED,"{'CASH': 20091870, 'JPM': -103}"
2019-06-28 11:57:00,HOLDINGS_UPDATED,"{'CASH': 19694062, 'JPM': -99}"
2019-06-28 11:58:00,BID_DEPTH,"[(99411, 216)]"
2019-06-28 11:58:00,ASK_DEPTH,"[(99467, 121)]"
2019-06-28 11:58:00,IMBALANCE,"[216, 121]"
2019-06-28 11:58:00,HOLDINGS_UPDATED,"{'CASH': 19196727, 'JPM': -94}"
2019-06-28 11:58:00,HOLDINGS_UPDATED,"{'CASH': 18798859, 'JPM': -90}"
2019-06-28 11:59:00,BID_DEPTH,"[(99372, 332)]"
2019-06-28 11:59:00,ASK_DEPTH,"[(99647, 237)]"
2019-06-28 11:59:00,IMBALANCE,"[332, 237]"
2019-06-28 11:59:00,HOLDINGS_UPDATED,"{'CASH': 18300624, 'JPM': -85}"
2019-06-28 11:59:00,HOLDINGS_UPDATED,"{'CASH': 17902036, 'JPM': -81}"
2019-06-28 12:00:00,BID_DEPTH,"[(99372, 216)]"
2019-06-28 12:00:00,ASK_DEPTH,"[(99798, 121)]"
2019-06-28 12:00:00,IMBALANCE,"[216, 121]"
2019-06-28 12:00:00,HOLDINGS_UPDATED,"{'CASH': 17403046, 'JPM': -76}"
2019-06-28 12:00:00,HOLDINGS_UPDATED,"{'CASH': 17003854, 'JPM': -72}"
2019-06-28 12:01:00,BID_DEPTH,"[(99372, 332)]"
2019-06-28 12:01:00,ASK_DEPTH,"[(99798, 237)]"
2019-06-28 12:01:00,IMBALANCE,"[332, 237]"
2019-06-28 12:01:00,HOLDINGS_UPDATED,"{'CASH': 16504864, 'JPM': -67}"
2019-06-28 12:01:00,HOLDINGS_UPDATED,"{'CASH': 16105672, 'JPM': -63}"
2019-06-28 12:02:00,BID_DEPTH,"[(99628, 258)]"
2019-06-28 12:02:00,ASK_DEPTH,"[(99798, 163)]"
2019-06-28 12:02:00,IMBALANCE,"[258, 163]"
2019-06-28 12:02:00,HOLDINGS_UPDATED,"{'CASH': 15606682, 'JPM': -58}"
2019-06-28 12:02:00,HOLDINGS_UPDATED,"{'CASH': 15207490, 'JPM': -54}"
2019-06-28 12:03:00,BID_DEPTH,"[(99629, 664)]"
2019-06-28 12:03:00,ASK_DEPTH,"[(100029, 469)]"
2019-06-28 12:03:00,IMBALANCE,"[664, 469]"
2019-06-28 12:03:00,HOLDINGS_UPDATED,"{'CASH': 14707345, 'JPM': -49}"
2019-06-28 12:03:00,HOLDINGS_UPDATED,"{'CASH': 14307229, 'JPM': -45}"
2019-06-28 12:04:00,BID_DEPTH,"[(99697, 193)]"
2019-06-28 12:04:00,ASK_DEPTH,"[(100000, 98)]"
2019-06-28 12:04:00,IMBALANCE,"[193, 98]"
2019-06-28 12:04:00,HOLDINGS_UPDATED,"{'CASH': 13807229, 'JPM': -40}"
2019-06-28 12:04:00,HOLDINGS_UPDATED,"{'CASH': 13407229, 'JPM': -36}"
2019-06-28 12:05:00,BID_DEPTH,"[(100000, 332)]"
2019-06-28 12:05:00,ASK_DEPTH,"[(100419, 237)]"
2019-06-28 12:05:00,IMBALANCE,"[332, 237]"
2019-06-28 12:05:00,HOLDINGS_UPDATED,"{'CASH': 12905134, 'JPM': -31}"
2019-06-28 12:05:00,HOLDINGS_UPDATED,"{'CASH': 12503458, 'JPM': -27}"
2019-06-28 12:06:00,BID_DEPTH,"[(100000, 100)]"
2019-06-28 12:06:00,ASK_DEPTH,[]
2019-06-28 12:06:00,IMBALANCE,"[100, 0]"
2019-06-28 12:07:00,BID_DEPTH,"[(100155, 564)]"
2019-06-28 12:07:00,ASK_DEPTH,"[(100168, 469)]"
2019-06-28 12:07:00,IMBALANCE,"[564, 469]"
2019-06-28 12:07:00,HOLDINGS_UPDATED,"{'CASH': 12002618, 'JPM': -22}"
2019-06-28 12:07:00,HOLDINGS_UPDATED,"{'CASH': 11601946, 'JPM': -18}"
2019-06-28 12:08:00,BID_DEPTH,"[(100000, 258)]"
2019-06-28 12:08:00,ASK_DEPTH,"[(100592, 163)]"
2019-06-28 12:08:00,IMBALANCE,"[258, 163]"
2019-06-28 12:08:00,HOLDINGS_UPDATED,"{'CASH': 11098986, 'JPM': -13}"
2019-06-28 12:08:00,HOLDINGS_UPDATED,"{'CASH': 10696618, 'JPM': -9}"
2019-06-28 12:09:00,BID_DEPTH,"[(100187, 332)]"
2019-06-28 12:09:00,ASK_DEPTH,"[(100441, 237)]"
2019-06-28 12:09:00,IMBALANCE,"[332, 237]"
2019-06-28 12:09:00,HOLDINGS_UPDATED,"{'CASH': 10194413, 'JPM': -4}"
2019-06-28 12:09:00,HOLDINGS_UPDATED,{'CASH': 9792649}
2019-06-28 12:10:00,BID_DEPTH,"[(100187, 216)]"
2019-06-28 12:10:00,ASK_DEPTH,"[(100592, 221)]"
2019-06-28 12:10:00,IMBALANCE,"[216, 221]"
2019-06-28 12:10:00,HOLDINGS_UPDATED,"{'CASH': 9289689, 'JPM': 5}"
2019-06-28 12:10:00,HOLDINGS_UPDATED,"{'CASH': 8887321, 'JPM': 9}"
2019-06-28 12:11:00,BID_DEPTH,"[(100066, 216)]"
2019-06-28 12:11:00,ASK_DEPTH,"[(100179, 121)]"
2019-06-28 12:11:00,IMBALANCE,"[216, 121]"
2019-06-28 12:11:00,HOLDINGS_UPDATED,"{'CASH': 8386426, 'JPM': 14}"
2019-06-28 12:11:00,HOLDINGS_UPDATED,"{'CASH': 7985710, 'JPM': 18}"
2019-06-28 12:12:00,BID_DEPTH,"[(100025, 564)]"
2019-06-28 12:12:00,ASK_DEPTH,"[(100179, 469)]"
2019-06-28 12:12:00,IMBALANCE,"[564, 469]"
2019-06-28 12:12:00,HOLDINGS_UPDATED,"{'CASH': 7484815, 'JPM': 23}"
2019-06-28 12:12:00,HOLDINGS_UPDATED,"{'CASH': 7084099, 'JPM': 27}"
2019-06-28 12:13:00,BID_DEPTH,"[(100000, 332)]"
2019-06-28 12:13:00,ASK_DEPTH,"[(100179, 337)]"
2019-06-28 12:13:00,IMBALANCE,"[332, 337]"
2019-06-28 12:13:00,HOLDINGS_UPDATED,"{'CASH': 6583204, 'JPM': 32}"
2019-06-28 12:13:00,HOLDINGS_UPDATED,"{'CASH': 6182488, 'JPM': 36}"
2019-06-28 12:14:00,BID_DEPTH,"[(100084, 193)]"
2019-06-28 12:14:00,ASK_DEPTH,"[(100179, 86)]"
2019-06-28 12:14:00,IMBALANCE,"[193, 86]"
2019-06-28 12:14:00,HOLDINGS_UPDATED,"{'CASH': 5280877, 'JPM': 45}"
2019-06-28 12:15:00,BID_DEPTH,"[(100000, 193)]"
2019-06-28 12:15:00,ASK_DEPTH,"[(100187, 98)]"
2019-06-28 12:15:00,IMBALANCE,"[193, 98]"
2019-06-28 12:15:00,HOLDINGS_UPDATED,"{'CASH': 4779942, 'JPM': 50}"
2019-06-28 12:15:00,HOLDINGS_UPDATED,"{'CASH': 4379194, 'JPM': 54}"
2019-06-28 12:16:00,BID_DEPTH,"[(100170, 258)]"
2019-06-28 12:16:00,ASK_DEPTH,"[(100187, 163)]"
2019-06-28 12:16:00,IMBALANCE,"[258, 163]"
2019-06-28 12:16:00,HOLDINGS_UPDATED,"{'CASH': 3878259, 'JPM': 59}"
2019-06-28 12:16:00,HOLDINGS_UPDATED,"{'CASH': 3477511, 'JPM': 63}"
2019-06-28 12:17:00,BID_DEPTH,"[(100170, 216)]"
2019-06-28 12:17:00,ASK_DEPTH,"[(100441, 121)]"
2019-06-28 12:17:00,IMBALANCE,"[216, 121]"
2019-06-28 12:17:00,HOLDINGS_UPDATED,"{'CASH': 2975306, 'JPM': 68}"
2019-06-28 12:17:00,HOLDINGS_UPDATED,"{'CASH': 2573542, 'JPM': 72}"
2019-06-28 12:18:00,BID_DEPTH,"[(100170, 258)]"
2019-06-28 12:18:00,ASK_DEPTH,"[(100607, 163)]"
2019-06-28 12:18:00,IMBALANCE,"[258, 163]"
2019-06-28 12:18:00,HOLDINGS_UPDATED,"{'CASH': 2070507, 'JPM': 77}"
2019-06-28 12:18:00,HOLDINGS_UPDATED,"{'CASH': 1668079, 'JPM': 81}"
2019-06-28 12:19:00,BID_DEPTH,"[(100608, 664)]"
2019-06-28 12:19:00,ASK_DEPTH,"[(101477, 469)]"
2019-06-28 12:19:00,IMBALANCE,"[664, 469]"
2019-06-28 12:19:00,HOLDINGS_UPDATED,"{'CASH': 1160694, 'JPM': 86}"
2019-06-28 12:19:00,HOLDINGS_UPDATED,"{'CASH': 754786, 'JPM': 90}"
2019-06-28 12:20:00,BID_DEPTH,"[(101047, 193)]"
2019-06-28 12:20:00,ASK_DEPTH,"[(101481, 98)]"
2019-06-28 12:20:00,IMBALANCE,"[193, 98]"
2019-06-28 12:20:00,HOLDINGS_UPDATED,"{'CASH': 247381, 'JPM': 95}"
2019-06-28 12:20:00,HOLDINGS_UPDATED,"{'CASH': -158543, 'JPM': 99}"
2019-06-28 12:21:00,BID_DEPTH,"[(100854, 216)]"
2019-06-28 12:21:00,ASK_DEPTH,"[(100899, 121)]"
2019-06-28 12:21:00,IMBALANCE,"[216, 121]"
2019-06-28 12:21:00,HOLDINGS_UPDATED,"{'CASH': -663038, 'JPM': 104}"
2019-06-28 12:21:00,HOLDINGS_UPDATED,"{'CASH': -1066634, 'JPM': 108}"
2019-06-28 12:22:00,BID_DEPTH,"[(100805, 332)]"
2019-06-28 12:22:00,ASK_DEPTH,"[(101481, 237)]"
2019-06-28 12:22:00,IMBALANCE,"[332, 237]"
2019-06-28 12:22:00,HOLDINGS_UPDATED,"{'CASH': -1574039, 'JPM': 113}"
2019-06-28 12:22:00,HOLDINGS_UPDATED,"{'CASH': -1979963, 'JPM': 117}"
2019-06-28 12:23:00,BID_DEPTH,"[(101016, 216)]"
2019-06-28 12:23:00,ASK_DEPTH,"[(101019, 121)]"
2019-06-28 12:23:00,IMBALANCE,"[216, 121]"
2019-06-28 12:23:00,HOLDINGS_UPDATED,"{'CASH': -2485058, 'JPM': 122}"
2019-06-28 12:23:00,HOLDINGS_UPDATED,"{'CASH': -2889134, 'JPM': 126}"
2019-06-28 12:24:00,BID_DEPTH,"[(101019, 193)]"
2019-06-28 12:24:00,ASK_DEPTH,"[(101481, 98)]"
2019-06-28 12:24:00,IMBALANCE,"[193, 98]"
2019-06-28 12:24:00,HOLDINGS_UPDATED,"{'CASH': -3396539, 'JPM': 131}"
2019-06-28 12:24:00,HOLDINGS_UPDATED,"{'CASH': -3802463, 'JPM': 135}"
2019-06-28 12:25:00,BID_DEPTH,"[(101614, 193)]"
2019-06-28 12:25:00,ASK_DEPTH,"[(101870, 98)]"
2019-06-28 12:25:00,IMBALANCE,"[193, 98]"
2019-06-28 12:25:00,HOLDINGS_UPDATED,"{'CASH': -4311813, 'JPM': 140}"
2019-06-28 12:25:00,HOLDINGS_UPDATED,"{'CASH': -4719293, 'JPM': 144}"
2019-06-28 12:26:00,BID_DEPTH,"[(101613, 332)]"
2019-06-28 12:26:00,ASK_DEPTH,"[(101717, 237)]"
2019-06-28 12:26:00,IMBALANCE,"[332, 237]"
2019-06-28 12:26:00,HOLDINGS_UPDATED,"{'CASH': -5227878, 'JPM': 149}"
2019-06-28 12:26:00,HOLDINGS_UPDATED,"{'CASH': -5634746, 'JPM': 153}"
2019-06-28 12:27:00,BID_DEPTH,"[(101016, 193)]"
2019-06-28 12:27:00,ASK_DEPTH,"[(101718, 98)]"
2019-06-28 12:27:00,IMBALANCE,"[193, 98]"
2019-06-28 12:27:00,HOLDINGS_UPDATED,"{'CASH': -6143336, 'JPM': 158}"
2019-06-28 12:27:00,HOLDINGS_UPDATED,"{'CASH': -6550208, 'JPM': 162}"
2019-06-28 12:28:00,BID_DEPTH,"[(100805, 564)]"
2019-06-28 12:28:00,ASK_DEPTH,"[(101870, 450)]"
2019-06-28 12:28:00,IMBALANCE,"[564, 450]"
2019-06-28 12:28:00,HOLDINGS_UPDATED,"{'CASH': -7467038, 'JPM': 171}"
2019-06-28 12:29:00,BID_DEPTH,"[(100763, 193)]"
2019-06-28 12:29:00,ASK_DEPTH,"[(101870, 98)]"
2019-06-28 12:29:00,IMBALANCE,"[193, 98]"
2019-06-28 12:29:00,HOLDINGS_UPDATED,"{'CASH': -7976388, 'JPM': 176}"
2019-06-28 12:29:00,HOLDINGS_UPDATED,"{'CASH': -8383868, 'JPM': 180}"
2019-06-28 12:30:00,BID_DEPTH,"[(100608, 100)]"
2019-06-28 12:30:00,ASK_DEPTH,[]
2019-06-28 12:30:00,IMBALANCE,"[100, 0]"
2019-06-28 12:31:00,BID_DEPTH,"[(100554, 100)]"
2019-06-28 12:31:00,ASK_DEPTH,[]
2019-06-28 12:31:00,IMBALANCE,"[100, 0]"
2019-06-28 12:32:00,BID_DEPTH,"[(99697, 100)]"
2019-06-28 12:32:00,ASK_DEPTH,[]
2019-06-28 12:32:00,IMBALANCE,"[100, 0]"
2019-06-28 12:33:00,BID_DEPTH,"[(99697, 100)]"
2019-06-28 12:33:00,ASK_DEPTH,[]
2019-06-28 12:33:00,IMBALANCE,"[100, 0]"
2019-06-28 12:34:00,BID_DEPTH,"[(99460, 216)]"
2019-06-28 12:34:00,ASK_DEPTH,"[(99573, 121)]"
2019-06-28 12:34:00,IMBALANCE,"[216, 121]"
2019-06-28 12:34:00,HOLDINGS_UPDATED,"{'CASH': -8881733, 'JPM': 185}"
2019-06-28 12:34:00,HOLDINGS_UPDATED,"{'CASH': -9280025, 'JPM': 189}"
2019-06-28 12:35:00,BID_DEPTH,"[(99460, 332)]"
2019-06-28 12:35:00,ASK_DEPTH,"[(99573, 237)]"
2019-06-28 12:35:00,IMBALANCE,"[332, 237]"
2019-06-28 12:35:00,HOLDINGS_UPDATED,"{'CASH': -9777890, 'JPM': 194}"
2019-06-28 12:35:00,HOLDINGS_UPDATED,"{'CASH': -10176182, 'JPM': 198}"
2019-06-28 12:36:00,BID_DEPTH,"[(99460, 100)]"
2019-06-28 12:36:00,ASK_DEPTH,[]
2019-06-28 12:36:00,IMBALANCE,"[100, 0]"
2019-06-28 12:37:00,BID_DEPTH,"[(99463, 100)]"
2019-06-28 12:37:00,ASK_DEPTH,[]
2019-06-28 12:37:00,IMBALANCE,"[100, 0]"
2019-06-28 12:38:00,BID_DEPTH,"[(99463, 100)]"
2019-06-28 12:38:00,ASK_DEPTH,[]
2019-06-28 12:38:00,IMBALANCE,"[100, 0]"
2019-06-28 12:39:00,BID_DEPTH,"[(99440, 193)]"
2019-06-28 12:39:00,ASK_DEPTH,"[(99573, 98)]"
2019-06-28 12:39:00,IMBALANCE,"[193, 98]"
2019-06-28 12:39:00,HOLDINGS_UPDATED,"{'CASH': -10674047, 'JPM': 203}"
2019-06-28 12:39:00,HOLDINGS_UPDATED,"{'CASH': -11072339, 'JPM': 207}"
2019-06-28 12:40:00,BID_DEPTH,"[(99424, 216)]"
2019-06-28 12:40:00,ASK_DEPTH,"[(99633, 121)]"
2019-06-28 12:40:00,IMBALANCE,"[216, 121]"
2019-06-28 12:40:00,HOLDINGS_UPDATED,"{'CASH': -11570504, 'JPM': 212}"
2019-06-28 12:40:00,HOLDINGS_UPDATED,"{'CASH': -11969036, 'JPM': 216}"
2019-06-28 12:41:00,BID_DEPTH,"[(99231, 216)]"
2019-06-28 12:41:00,ASK_DEPTH,"[(99424, 121)]"
2019-06-28 12:41:00,IMBALANCE,"[216, 121]"
2019-06-28 12:41:00,HOLDINGS_UPDATED,"{'CASH': -12466156, 'JPM': 221}"
2019-06-28 12:41:00,HOLDINGS_UPDATED,"{'CASH': -12863852, 'JPM': 225}"
2019-06-28 12:42:00,BID_DEPTH,"[(99231, 193)]"
2019-06-28 12:42:00,ASK_DEPTH,"[(99240, 98)]"
2019-06-28 12:42:00,IMBALANCE,"[193, 98]"
2019-06-28 12:42:00,HOLDINGS_UPDATED,"{'CASH': -13360052, 'JPM': 230}"
2019-06-28 12:42:00,HOLDINGS_UPDATED,"{'CASH': -13757012, 'JPM': 234}"
2019-06-28 12:43:00,BID_DEPTH,"[(99240, 438)]"
2019-06-28 12:43:00,ASK_DEPTH,"[(99386, 121)]"
2019-06-28 12:43:00,IMBALANCE,"[438, 121]"
2019-06-28 12:43:00,HOLDINGS_UPDATED,"{'CASH': -14253942, 'JPM': 239}"
2019-06-28 12:43:00,HOLDINGS_UPDATED,"{'CASH': -14651486, 'JPM': 243}"
2019-06-28 12:44:00,BID_DEPTH,"[(99240, 554)]"
2019-06-28 12:44:00,ASK_DEPTH,"[(99386, 237)]"
2019-06-28 12:44:00,IMBALANCE,"[554, 237]"
2019-06-28 12:44:00,HOLDINGS_UPDATED,"{'CASH': -15148416, 'JPM': 248}"
2019-06-28 12:44:00,HOLDINGS_UPDATED,"{'CASH': -15545960, 'JPM': 252}"
2019-06-28 12:45:00,BID_DEPTH,"[(99240, 393)]"
2019-06-28 12:45:00,ASK_DEPTH,"[(99751, 98)]"
2019-06-28 12:45:00,IMBALANCE,"[393, 98]"
2019-06-28 12:45:00,HOLDINGS_UPDATED,"{'CASH': -16044715, 'JPM': 257}"
2019-06-28 12:45:00,HOLDINGS_UPDATED,"{'CASH': -16443719, 'JPM': 261}"
2019-06-28 12:46:00,BID_DEPTH,"[(99651, 258)]"
2019-06-28 12:46:00,ASK_DEPTH,"[(99792, 163)]"
2019-06-28 12:46:00,IMBALANCE,"[258, 163]"
2019-06-28 12:46:00,HOLDINGS_UPDATED,"{'CASH': -16942679, 'JPM': 266}"
2019-06-28 12:46:00,HOLDINGS_UPDATED,"{'CASH': -17341847, 'JPM': 270}"
2019-06-28 12:47:00,BID_DEPTH,"[(99686, 100)]"
2019-06-28 12:47:00,ASK_DEPTH,[]
2019-06-28 12:47:00,IMBALANCE,"[100, 0]"
2019-06-28 12:48:00,BID_DEPTH,"[(99792, 664)]"
2019-06-28 12:48:00,ASK_DEPTH,"[(100000, 469)]"
2019-06-28 12:48:00,IMBALANCE,"[664, 469]"
2019-06-28 12:48:00,HOLDINGS_UPDATED,"{'CASH': -17841847, 'JPM': 275}"
2019-06-28 12:48:00,HOLDINGS_UPDATED,"{'CASH': -18241847, 'JPM': 279}"
2019-06-28 12:49:00,BID_DEPTH,"[(99820, 193)]"
2019-06-28 12:49:00,ASK_DEPTH,"[(100040, 98)]"
2019-06-28 12:49:00,IMBALANCE,"[193, 98]"
2019-06-28 12:49:00,HOLDINGS_UPDATED,"{'CASH': -18742047, 'JPM': 284}"
2019-06-28 12:49:00,HOLDINGS_UPDATED,"{'CASH': -19142207, 'JPM': 288}"
2019-06-28 12:50:00,BID_DEPTH,"[(99856, 258)]"
2019-06-28 12:50:00,ASK_DEPTH,"[(99873, 163)]"
2019-06-28 12:50:00,IMBALANCE,"[258, 163]"
2019-06-28 12:50:00,HOLDINGS_UPDATED,"{'CASH': -19641572, 'JPM': 293}"
2019-06-28 12:50:00,HOLDINGS_UPDATED,"{'CASH': -20041064, 'JPM': 297}"
2019-06-28 12:51:00,BID_DEPTH,"[(99857, 564)]"
2019-06-28 12:51:00,ASK_DEPTH,"[(99875, 469)]"
2019-06-28 12:51:00,IMBALANCE,"[564, 469]"
2019-06-28 12:51:00,HOLDINGS_UPDATED,"{'CASH': -20540439, 'JPM': 302}"
2019-06-28 12:51:00,HOLDINGS_UPDATED,"{'CASH': -20939939, 'JPM': 306}"
2019-06-28 12:52:00,BID_DEPTH,"[(99857, 466)]"
2019-06-28 12:52:00,ASK_DEPTH,"[(99892, 564)]"
2019-06-28 12:52:00,IMBALANCE,"[466, 564]"
2019-06-28 12:52:00,HOLDINGS_UPDATED,"{'CASH': -20740225, 'JPM': 304}"
2019-06-28 12:52:00,HOLDINGS_UPDATED,"{'CASH': -20041226, 'JPM': 297}"
2019-06-28 12:53:00,BID_DEPTH,"[(99826, 163)]"
2019-06-28 12:53:00,ASK_DEPTH,"[(99922, 258)]"
2019-06-28 12:53:00,IMBALANCE,"[163, 258]"
2019-06-28 12:53:00,HOLDINGS_UPDATED,"{'CASH': -19542096, 'JPM': 292}"
2019-06-28 12:53:00,HOLDINGS_UPDATED,"{'CASH': -19142792, 'JPM': 288}"
2019-06-28 12:54:00,BID_DEPTH,"[(99686, 98)]"
2019-06-28 12:54:00,ASK_DEPTH,"[(99826, 250)]"
2019-06-28 12:54:00,IMBALANCE,"[98, 250]"
2019-06-28 12:54:00,HOLDINGS_UPDATED,"{'CASH': -18644362, 'JPM': 283}"
2019-06-28 12:54:00,HOLDINGS_UPDATED,"{'CASH': -18245618, 'JPM': 279}"
2019-06-28 12:55:00,BID_DEPTH,"[(99651, 469)]"
2019-06-28 12:55:00,ASK_DEPTH,"[(99826, 621)]"
2019-06-28 12:55:00,IMBALANCE,"[469, 621]"
2019-06-28 12:55:00,HOLDINGS_UPDATED,"{'CASH': -17747363, 'JPM': 274}"
2019-06-28 12:55:00,HOLDINGS_UPDATED,"{'CASH': -17348759, 'JPM': 270}"
2019-06-28 12:56:00,BID_DEPTH,"[(99530, 237)]"
2019-06-28 12:56:00,ASK_DEPTH,"[(99651, 332)]"
2019-06-28 12:56:00,IMBALANCE,"[237, 332]"
2019-06-28 12:56:00,HOLDINGS_UPDATED,"{'CASH': -16851109, 'JPM': 265}"
2019-06-28 12:56:00,HOLDINGS_UPDATED,"{'CASH': -16452989, 'JPM': 261}"
2019-06-28 12:57:00,BID_DEPTH,"[(99320, 469)]"
2019-06-28 12:57:00,ASK_DEPTH,"[(99422, 564)]"
2019-06-28 12:57:00,IMBALANCE,"[469, 564]"
2019-06-28 12:57:00,HOLDINGS_UPDATED,"{'CASH': -15956389, 'JPM': 256}"
2019-06-28 12:57:00,HOLDINGS_UPDATED,"{'CASH': -15559109, 'JPM': 252}"
2019-06-28 12:58:00,BID_DEPTH,"[(99299, 121)]"
2019-06-28 12:58:00,ASK_DEPTH,"[(99547, 216)]"
2019-06-28 12:58:00,IMBALANCE,"[121, 216]"
2019-06-28 12:58:00,HOLDINGS_UPDATED,"{'CASH': -15062614, 'JPM': 247}"
2019-06-28 12:58:00,HOLDINGS_UPDATED,"{'CASH': -14665418, 'JPM': 243}"
2019-06-28 12:59:00,BID_DEPTH,"[(99241, 163)]"
2019-06-28 12:59:00,ASK_DEPTH,"[(99547, 255)]"
2019-06-28 12:59:00,IMBALANCE,"[163, 255]"
2019-06-28 12:59:00,HOLDINGS_UPDATED,"{'CASH': -14169213, 'JPM': 238}"
2019-06-28 12:59:00,HOLDINGS_UPDATED,"{'CASH': -13772249, 'JPM': 234}"
2019-06-28 13:00:00,BID_DEPTH,"[(99105, 469)]"
2019-06-28 13:00:00,ASK_DEPTH,"[(99547, 658)]"
2019-06-28 13:00:00,IMBALANCE,"[469, 658]"
2019-06-28 13:00:00,HOLDINGS_UPDATED,"{'CASH': -13276724, 'JPM': 229}"
2019-06-28 13:00:00,HOLDINGS_UPDATED,"{'CASH': -12880304, 'JPM': 225}"
2019-06-28 13:01:00,BID_DEPTH,"[(99105, 163)]"
2019-06-28 13:01:00,ASK_DEPTH,"[(99510, 258)]"
2019-06-28 13:01:00,IMBALANCE,"[163, 258]"
2019-06-28 13:01:00,HOLDINGS_UPDATED,"{'CASH': -12384779, 'JPM': 220}"
2019-06-28 13:01:00,HOLDINGS_UPDATED,"{'CASH': -11988359, 'JPM': 216}"
2019-06-28 13:02:00,BID_DEPTH,"[(99494, 121)]"
2019-06-28 13:02:00,ASK_DEPTH,"[(99547, 307)]"
2019-06-28 13:02:00,IMBALANCE,"[121, 307]"
2019-06-28 13:02:00,HOLDINGS_UPDATED,"{'CASH': -11490889, 'JPM': 211}"
2019-06-28 13:02:00,HOLDINGS_UPDATED,"{'CASH': -11092913, 'JPM': 207}"
2019-06-28 13:03:00,BID_DEPTH,"[(99105, 237)]"
2019-06-28 13:03:00,ASK_DEPTH,"[(99594, 332)]"
2019-06-28 13:03:00,IMBALANCE,"[237, 332]"
2019-06-28 13:03:00,HOLDINGS_UPDATED,"{'CASH': -10597388, 'JPM': 202}"
2019-06-28 13:03:00,HOLDINGS_UPDATED,"{'CASH': -10200968, 'JPM': 198}"
2019-06-28 13:04:00,BID_DEPTH,"[(99296, 98)]"
2019-06-28 13:04:00,ASK_DEPTH,"[(99517, 193)]"
2019-06-28 13:04:00,IMBALANCE,"[98, 193]"
2019-06-28 13:04:00,HOLDINGS_UPDATED,"{'CASH': -9704488, 'JPM': 193}"
2019-06-28 13:04:00,HOLDINGS_UPDATED,"{'CASH': -9307304, 'JPM': 189}"
2019-06-28 13:05:00,BID_DEPTH,"[(99296, 163)]"
2019-06-28 13:05:00,ASK_DEPTH,"[(99517, 255)]"
2019-06-28 13:05:00,IMBALANCE,"[163, 255]"
2019-06-28 13:05:00,HOLDINGS_UPDATED,"{'CASH': -8810824, 'JPM': 184}"
2019-06-28 13:05:00,HOLDINGS_UPDATED,"{'CASH': -8413640, 'JPM': 180}"
2019-06-28 13:06:00,BID_DEPTH,"[(99014, 469)]"
2019-06-28 13:06:00,ASK_DEPTH,"[(99296, 564)]"
2019-06-28 13:06:00,IMBALANCE,"[469, 564]"
2019-06-28 13:06:00,HOLDINGS_UPDATED,"{'CASH': -7918570, 'JPM': 175}"
2019-06-28 13:06:00,HOLDINGS_UPDATED,"{'CASH': -7522514, 'JPM': 171}"
2019-06-28 13:07:00,BID_DEPTH,"[(98953, 163)]"
2019-06-28 13:07:00,ASK_DEPTH,"[(99417, 258)]"
2019-06-28 13:07:00,IMBALANCE,"[163, 258]"
2019-06-28 13:07:00,HOLDINGS_UPDATED,"{'CASH': -7027749, 'JPM': 166}"
2019-06-28 13:07:00,HOLDINGS_UPDATED,"{'CASH': -6631937, 'JPM': 162}"
2019-06-28 13:08:00,BID_DEPTH,"[(99369, 469)]"
2019-06-28 13:08:00,ASK_DEPTH,"[(99417, 661)]"
2019-06-28 13:08:00,IMBALANCE,"[469, 661]"
2019-06-28 13:08:00,HOLDINGS_UPDATED,"{'CASH': -6135092, 'JPM': 157}"
2019-06-28 13:08:00,HOLDINGS_UPDATED,"{'CASH': -5737616, 'JPM': 153}"
2019-06-28 13:09:00,BID_DEPTH,"[(98905, 237)]"
2019-06-28 13:09:00,ASK_DEPTH,"[(99417, 326)]"
2019-06-28 13:09:00,IMBALANCE,"[237, 326]"
2019-06-28 13:09:00,HOLDINGS_UPDATED,"{'CASH': -5243091, 'JPM': 148}"
2019-06-28 13:09:00,HOLDINGS_UPDATED,"{'CASH': -4847471, 'JPM': 144}"
2019-06-28 13:10:00,BID_DEPTH,"[(98860, 163)]"
2019-06-28 13:10:00,ASK_DEPTH,"[(99417, 249)]"
2019-06-28 13:10:00,IMBALANCE,"[163, 249]"
2019-06-28 13:10:00,HOLDINGS_UPDATED,"{'CASH': -4353171, 'JPM': 139}"
2019-06-28 13:10:00,HOLDINGS_UPDATED,"{'CASH': -3957731, 'JPM': 135}"
2019-06-28 13:11:00,BID_DEPTH,"[(99417, 453)]"
2019-06-28 13:11:00,ASK_DEPTH,"[(99517, 558)]"
2019-06-28 13:11:00,IMBALANCE,"[453, 558]"
2019-06-28 13:11:00,HOLDINGS_UPDATED,"{'CASH': -3062978, 'JPM': 126}"
2019-06-28 13:12:00,BID_DEPTH,"[(99417, 237)]"
2019-06-28 13:12:00,ASK_DEPTH,"[(99517, 323)]"
2019-06-28 13:12:00,IMBALANCE,"[237, 323]"
2019-06-28 13:12:00,HOLDINGS_UPDATED,"{'CASH': -2565893, 'JPM': 121}"
2019-06-28 13:12:00,HOLDINGS_UPDATED,"{'CASH': -2168225, 'JPM': 117}"
2019-06-28 13:13:00,BID_DEPTH,"[(99594, 221)]"
2019-06-28 13:13:00,ASK_DEPTH,"[(99716, 216)]"
2019-06-28 13:13:00,IMBALANCE,"[221, 216]"
2019-06-28 13:13:00,HOLDINGS_UPDATED,"{'CASH': -1670255, 'JPM': 112}"
2019-06-28 13:13:00,HOLDINGS_UPDATED,"{'CASH': -1271879, 'JPM': 108}"
2019-06-28 13:14:00,BID_DEPTH,"[(99594, 457)]"
2019-06-28 13:14:00,ASK_DEPTH,"[(99736, 564)]"
2019-06-28 13:14:00,IMBALANCE,"[457, 564]"
2019-06-28 13:14:00,HOLDINGS_UPDATED,"{'CASH': -375533, 'JPM': 99}"
2019-06-28 13:15:00,BID_DEPTH,"[(98860, 163)]"
2019-06-28 13:15:00,ASK_DEPTH,"[(99736, 255)]"
2019-06-28 13:15:00,IMBALANCE,"[163, 255]"
2019-06-28 13:15:00,HOLDINGS_UPDATED,"{'CASH': 118767, 'JPM': 94}"
2019-06-28 13:15:00,HOLDINGS_UPDATED,"{'CASH': 514207, 'JPM': 90}"
2019-06-28 13:16:00,BID_DEPTH,"[(98493, 469)]"
2019-06-28 13:16:00,ASK_DEPTH,"[(99747, 564)]"
2019-06-28 13:16:00,IMBALANCE,"[469, 564]"
2019-06-28 13:16:00,HOLDINGS_UPDATED,"{'CASH': 1006672, 'JPM': 85}"
2019-06-28 13:16:00,HOLDINGS_UPDATED,"{'CASH': 1400644, 'JPM': 81}"
2019-06-28 13:17:00,BID_DEPTH,"[(98493, 121)]"
2019-06-28 13:17:00,ASK_DEPTH,"[(99747, 213)]"
2019-06-28 13:17:00,IMBALANCE,"[121, 213]"
2019-06-28 13:17:00,HOLDINGS_UPDATED,"{'CASH': 1893109, 'JPM': 76}"
2019-06-28 13:17:00,HOLDINGS_UPDATED,"{'CASH': 2287081, 'JPM': 72}"
2019-06-28 13:18:00,BID_DEPTH,"[(98493, 98)]"
2019-06-28 13:18:00,ASK_DEPTH,"[(99807, 193)]"
2019-06-28 13:18:00,IMBALANCE,"[98, 193]"
2019-06-28 13:18:00,HOLDINGS_UPDATED,"{'CASH': 2779546, 'JPM': 67}"
2019-06-28 13:18:00,HOLDINGS_UPDATED,"{'CASH': 3173518, 'JPM': 63}"
2019-06-28 13:19:00,BID_DEPTH,"[(99807, 66)]"
2019-06-28 13:19:00,ASK_DEPTH,"[(99849, 258)]"
2019-06-28 13:19:00,IMBALANCE,"[66, 258]"
2019-06-28 13:19:00,HOLDINGS_UPDATED,"{'CASH': 4071781, 'JPM': 54}"
2019-06-28 13:20:00,BID_DEPTH,"[(99807, 221)]"
2019-06-28 13:20:00,ASK_DEPTH,"[(99849, 313)]"
2019-06-28 13:20:00,IMBALANCE,"[221, 313]"
2019-06-28 13:20:00,HOLDINGS_UPDATED,"{'CASH': 4570816, 'JPM': 49}"
2019-06-28 13:20:00,HOLDINGS_UPDATED,"{'CASH': 4970044, 'JPM': 45}"
2019-06-28 13:21:00,BID_DEPTH,"[(99807, 86)]"
2019-06-28 13:21:00,ASK_DEPTH,"[(99849, 287)]"
2019-06-28 13:21:00,IMBALANCE,"[86, 287]"
2019-06-28 13:21:00,HOLDINGS_UPDATED,"{'CASH': 5868307, 'JPM': 36}"
2019-06-28 13:22:00,BID_DEPTH,"[(99815, 469)]"
2019-06-28 13:22:00,ASK_DEPTH,"[(99849, 558)]"
2019-06-28 13:22:00,IMBALANCE,"[469, 558]"
2019-06-28 13:22:00,HOLDINGS_UPDATED,"{'CASH': 6367382, 'JPM': 31}"
2019-06-28 13:22:00,HOLDINGS_UPDATED,"{'CASH': 6766642, 'JPM': 27}"
2019-06-28 13:23:00,BID_DEPTH,"[(99807, 98)]"
2019-06-28 13:23:00,ASK_DEPTH,"[(99921, 193)]"
2019-06-28 13:23:00,IMBALANCE,"[98, 193]"
2019-06-28 13:23:00,HOLDINGS_UPDATED,"{'CASH': 7265677, 'JPM': 22}"
2019-06-28 13:23:00,HOLDINGS_UPDATED,"{'CASH': 7664905, 'JPM': 18}"
2019-06-28 13:24:00,BID_DEPTH,"[(99807, 163)]"
2019-06-28 13:24:00,ASK_DEPTH,"[(99916, 258)]"
2019-06-28 13:24:00,IMBALANCE,"[163, 258]"
2019-06-28 13:24:00,HOLDINGS_UPDATED,"{'CASH': 8163940, 'JPM': 13}"
2019-06-28 13:24:00,HOLDINGS_UPDATED,"{'CASH': 8563168, 'JPM': 9}"
2019-06-28 13:25:00,BID_DEPTH,"[(99746, 121)]"
2019-06-28 13:25:00,ASK_DEPTH,"[(99916, 216)]"
2019-06-28 13:25:00,IMBALANCE,"[121, 216]"
2019-06-28 13:25:00,HOLDINGS_UPDATED,"{'CASH': 9061898, 'JPM': 4}"
2019-06-28 13:25:00,HOLDINGS_UPDATED,{'CASH': 9460882}
2019-06-28 13:26:00,BID_DEPTH,"[(99247, 121)]"
2019-06-28 13:26:00,ASK_DEPTH,"[(99687, 216)]"
2019-06-28 13:26:00,IMBALANCE,"[121, 216]"
2019-06-28 13:26:00,HOLDINGS_UPDATED,"{'CASH': 9957117, 'JPM': -5}"
2019-06-28 13:26:00,HOLDINGS_UPDATED,"{'CASH': 10354105, 'JPM': -9}"
2019-06-28 13:27:00,BID_DEPTH,"[(99247, 337)]"
2019-06-28 13:27:00,ASK_DEPTH,"[(99687, 332)]"
2019-06-28 13:27:00,IMBALANCE,"[337, 332]"
2019-06-28 13:27:00,HOLDINGS_UPDATED,"{'CASH': 10850340, 'JPM': -14}"
2019-06-28 13:27:00,HOLDINGS_UPDATED,"{'CASH': 11247328, 'JPM': -18}"
2019-06-28 13:28:00,BID_DEPTH,"[(99247, 246)]"
2019-06-28 13:28:00,ASK_DEPTH,"[(99687, 160)]"
2019-06-28 13:28:00,IMBALANCE,"[246, 160]"
2019-06-28 13:28:00,HOLDINGS_UPDATED,"{'CASH': 11047954, 'JPM': -16}"
2019-06-28 13:28:00,HOLDINGS_UPDATED,"{'CASH': 10350145, 'JPM': -9}"
2019-06-28 13:29:00,BID_DEPTH,"[(99713, 100)]"
2019-06-28 13:29:00,ASK_DEPTH,"[(99885, 98)]"
2019-06-28 13:29:00,IMBALANCE,"[100, 98]"
2019-06-28 13:29:00,HOLDINGS_UPDATED,"{'CASH': 9850720, 'JPM': -4}"
2019-06-28 13:29:00,HOLDINGS_UPDATED,{'CASH': 9451180}
2019-06-28 13:30:00,BID_DEPTH,"[(99713, 162)]"
2019-06-28 13:30:00,ASK_DEPTH,"[(99921, 163)]"
2019-06-28 13:30:00,IMBALANCE,"[162, 163]"
2019-06-28 13:30:00,HOLDINGS_UPDATED,"{'CASH': 8951575, 'JPM': 5}"
2019-06-28 13:30:00,HOLDINGS_UPDATED,"{'CASH': 8551891, 'JPM': 9}"
2019-06-28 13:31:00,BID_DEPTH,"[(99978, 123)]"
2019-06-28 13:31:00,ASK_DEPTH,"[(100379, 121)]"
2019-06-28 13:31:00,IMBALANCE,"[123, 121]"
2019-06-28 13:31:00,HOLDINGS_UPDATED,"{'CASH': 8049996, 'JPM': 14}"
2019-06-28 13:31:00,HOLDINGS_UPDATED,"{'CASH': 7648480, 'JPM': 18}"
2019-06-28 13:32:00,BID_DEPTH,"[(99978, 468)]"
2019-06-28 13:32:00,ASK_DEPTH,"[(101093, 469)]"
2019-06-28 13:32:00,IMBALANCE,"[468, 469]"
2019-06-28 13:32:00,HOLDINGS_UPDATED,"{'CASH': 7143015, 'JPM': 23}"
2019-06-28 13:32:00,HOLDINGS_UPDATED,"{'CASH': 6738643, 'JPM': 27}"
2019-06-28 13:33:00,BID_DEPTH,"[(99978, 259)]"
2019-06-28 13:33:00,ASK_DEPTH,"[(101946, 163)]"
2019-06-28 13:33:00,IMBALANCE,"[259, 163]"
2019-06-28 13:33:00,HOLDINGS_UPDATED,"{'CASH': 6228913, 'JPM': 32}"
2019-06-28 13:33:00,HOLDINGS_UPDATED,"{'CASH': 5821129, 'JPM': 36}"
2019-06-28 13:34:00,BID_DEPTH,"[(101205, 564)]"
2019-06-28 13:34:00,ASK_DEPTH,"[(101595, 469)]"
2019-06-28 13:34:00,IMBALANCE,"[564, 469]"
2019-06-28 13:34:00,HOLDINGS_UPDATED,"{'CASH': 5313154, 'JPM': 41}"
2019-06-28 13:34:00,HOLDINGS_UPDATED,"{'CASH': 4906774, 'JPM': 45}"
2019-06-28 13:35:00,BID_DEPTH,"[(101581, 258)]"
2019-06-28 13:35:00,ASK_DEPTH,"[(101595, 363)]"
2019-06-28 13:35:00,IMBALANCE,"[258, 363]"
2019-06-28 13:35:00,HOLDINGS_UPDATED,"{'CASH': 4398799, 'JPM': 50}"
2019-06-28 13:35:00,HOLDINGS_UPDATED,"{'CASH': 3992419, 'JPM': 54}"
2019-06-28 13:36:00,BID_DEPTH,"[(101327, 193)]"
2019-06-28 13:36:00,ASK_DEPTH,"[(101581, 98)]"
2019-06-28 13:36:00,IMBALANCE,"[193, 98]"
2019-06-28 13:36:00,HOLDINGS_UPDATED,"{'CASH': 3484514, 'JPM': 59}"
2019-06-28 13:36:00,HOLDINGS_UPDATED,"{'CASH': 3078190, 'JPM': 63}"
2019-06-28 13:37:00,BID_DEPTH,"[(101327, 213)]"
2019-06-28 13:37:00,ASK_DEPTH,"[(101581, 221)]"
2019-06-28 13:37:00,IMBALANCE,"[213, 221]"
2019-06-28 13:37:00,HOLDINGS_UPDATED,"{'CASH': 2570285, 'JPM': 68}"
2019-06-28 13:37:00,HOLDINGS_UPDATED,"{'CASH': 2163961, 'JPM': 72}"
2019-06-28 13:38:00,BID_DEPTH,"[(101240, 564)]"
2019-06-28 13:38:00,ASK_DEPTH,"[(101587, 469)]"
2019-06-28 13:38:00,IMBALANCE,"[564, 469]"
2019-06-28 13:38:00,HOLDINGS_UPDATED,"{'CASH': 1656026, 'JPM': 77}"
2019-06-28 13:38:00,HOLDINGS_UPDATED,"{'CASH': 1249678, 'JPM': 81}"
2019-06-28 13:39:00,BID_DEPTH,"[(101283, 332)]"
2019-06-28 13:39:00,ASK_DEPTH,"[(101587, 337)]"
2019-06-28 13:39:00,IMBALANCE,"[332, 337]"
2019-06-28 13:39:00,HOLDINGS_UPDATED,"{'CASH': 741743, 'JPM': 86}"
2019-06-28 13:39:00,HOLDINGS_UPDATED,"{'CASH': 335395, 'JPM': 90}"
2019-06-28 13:40:00,BID_DEPTH,"[(101586, 193)]"
2019-06-28 13:40:00,ASK_DEPTH,"[(101587, 86)]"
2019-06-28 13:40:00,IMBALANCE,"[193, 86]"
2019-06-28 13:40:00,HOLDINGS_UPDATED,"{'CASH': -578888, 'JPM': 99}"
2019-06-28 13:41:00,BID_DEPTH,"[(101586, 255)]"
2019-06-28 13:41:00,ASK_DEPTH,"[(101657, 163)]"
2019-06-28 13:41:00,IMBALANCE,"[255, 163]"
2019-06-28 13:41:00,HOLDINGS_UPDATED,"{'CASH': -1087173, 'JPM': 104}"
2019-06-28 13:41:00,HOLDINGS_UPDATED,"{'CASH': -1493801, 'JPM': 108}"
2019-06-28 13:42:00,BID_DEPTH,"[(101517, 564)]"
2019-06-28 13:42:00,ASK_DEPTH,"[(101731, 469)]"
2019-06-28 13:42:00,IMBALANCE,"[564, 469]"
2019-06-28 13:42:00,HOLDINGS_UPDATED,"{'CASH': -2002456, 'JPM': 113}"
2019-06-28 13:42:00,HOLDINGS_UPDATED,"{'CASH': -2409380, 'JPM': 117}"
2019-06-28 13:43:00,BID_DEPTH,"[(101517, 213)]"
2019-06-28 13:43:00,ASK_DEPTH,"[(101599, 121)]"
2019-06-28 13:43:00,IMBALANCE,"[213, 121]"
2019-06-28 13:43:00,HOLDINGS_UPDATED,"{'CASH': -2917375, 'JPM': 122}"
2019-06-28 13:43:00,HOLDINGS_UPDATED,"{'CASH': -3323771, 'JPM': 126}"
2019-06-28 13:44:00,BID_DEPTH,"[(101517, 426)]"
2019-06-28 13:44:00,ASK_DEPTH,"[(101963, 237)]"
2019-06-28 13:44:00,IMBALANCE,"[426, 237]"
2019-06-28 13:44:00,HOLDINGS_UPDATED,"{'CASH': -3833586, 'JPM': 131}"
2019-06-28 13:44:00,HOLDINGS_UPDATED,"{'CASH': -4241438, 'JPM': 135}"
2019-06-28 13:45:00,BID_DEPTH,"[(101517, 307)]"
2019-06-28 13:45:00,ASK_DEPTH,"[(101697, 121)]"
2019-06-28 13:45:00,IMBALANCE,"[307, 121]"
2019-06-28 13:45:00,HOLDINGS_UPDATED,"{'CASH': -4749923, 'JPM': 140}"
2019-06-28 13:45:00,HOLDINGS_UPDATED,"{'CASH': -5156711, 'JPM': 144}"
2019-06-28 13:46:00,BID_DEPTH,"[(101517, 652)]"
2019-06-28 13:46:00,ASK_DEPTH,"[(101697, 469)]"
2019-06-28 13:46:00,IMBALANCE,"[652, 469]"
2019-06-28 13:46:00,HOLDINGS_UPDATED,"{'CASH': -5665196, 'JPM': 149}"
2019-06-28 13:46:00,HOLDINGS_UPDATED,"{'CASH': -6071984, 'JPM': 153}"
2019-06-28 13:47:00,BID_DEPTH,"[(101426, 193)]"
2019-06-28 13:47:00,ASK_DEPTH,"[(101708, 98)]"
2019-06-28 13:47:00,IMBALANCE,"[193, 98]"
2019-06-28 13:47:00,HOLDINGS_UPDATED,"{'CASH': -6580524, 'JPM': 158}"
2019-06-28 13:47:00,HOLDINGS_UPDATED,"{'CASH': -6987356, 'JPM': 162}"
2019-06-28 13:48:00,BID_DEPTH,"[(101246, 258)]"
2019-06-28 13:48:00,ASK_DEPTH,"[(101853, 163)]"
2019-06-28 13:48:00,IMBALANCE,"[258, 163]"
2019-06-28 13:48:00,HOLDINGS_UPDATED,"{'CASH': -7496621, 'JPM': 167}"
2019-06-28 13:48:00,HOLDINGS_UPDATED,"{'CASH': -7904033, 'JPM': 171}"
2019-06-28 13:49:00,BID_DEPTH,"[(101240, 390)]"
2019-06-28 13:49:00,ASK_DEPTH,"[(101246, 98)]"
2019-06-28 13:49:00,IMBALANCE,"[390, 98]"
2019-06-28 13:49:00,HOLDINGS_UPDATED,"{'CASH': -8410263, 'JPM': 176}"
2019-06-28 13:49:00,HOLDINGS_UPDATED,"{'CASH': -8815247, 'JPM': 180}"
2019-06-28 13:50:00,BID_DEPTH,"[(101240, 526)]"
2019-06-28 13:50:00,ASK_DEPTH,"[(101246, 237)]"
2019-06-28 13:50:00,IMBALANCE,"[526, 237]"
2019-06-28 13:50:00,HOLDINGS_UPDATED,"{'CASH': -9321477, 'JPM': 185}"
2019-06-28 13:50:00,HOLDINGS_UPDATED,"{'CASH': -9726461, 'JPM': 189}"
2019-06-28 13:51:00,BID_DEPTH,"[(101240, 407)]"
2019-06-28 13:51:00,ASK_DEPTH,"[(101246, 121)]"
2019-06-28 13:51:00,IMBALANCE,"[407, 121]"
2019-06-28 13:51:00,HOLDINGS_UPDATED,"{'CASH': -10232691, 'JPM': 194}"
2019-06-28 13:51:00,HOLDINGS_UPDATED,"{'CASH': -10637675, 'JPM': 198}"
2019-06-28 13:52:00,BID_DEPTH,"[(101240, 381)]"
2019-06-28 13:52:00,ASK_DEPTH,"[(101719, 98)]"
2019-06-28 13:52:00,IMBALANCE,"[381, 98]"
2019-06-28 13:52:00,HOLDINGS_UPDATED,"{'CASH': -11146270, 'JPM': 203}"
2019-06-28 13:52:00,HOLDINGS_UPDATED,"{'CASH': -11553146, 'JPM': 207}"
2019-06-28 13:53:00,BID_DEPTH,"[(101397, 100)]"
2019-06-28 13:53:00,ASK_DEPTH,[]
2019-06-28 13:53:00,IMBALANCE,"[100, 0]"
2019-06-28 13:54:00,BID_DEPTH,"[(101240, 281)]"
2019-06-28 13:54:00,ASK_DEPTH,"[(101436, 98)]"
2019-06-28 13:54:00,IMBALANCE,"[281, 98]"
2019-06-28 13:54:00,HOLDINGS_UPDATED,"{'CASH': -12060326, 'JPM': 212}"
2019-06-28 13:54:00,HOLDINGS_UPDATED,"{'CASH': -12466070, 'JPM': 216}"
2019-06-28 13:55:00,BID_DEPTH,"[(101436, 100)]"
2019-06-28 13:55:00,ASK_DEPTH,[]
2019-06-28 13:55:00,IMBALANCE,"[100, 0]"
2019-06-28 13:56:00,BID_DEPTH,"[(102687, 100)]"
2019-06-28 13:56:00,ASK_DEPTH,[]
2019-06-28 13:56:00,IMBALANCE,"[100, 0]"
2019-06-28 13:57:00,BID_DEPTH,"[(102048, 100)]"
2019-06-28 13:57:00,ASK_DEPTH,[]
2019-06-28 13:57:00,IMBALANCE,"[100, 0]"
2019-06-28 13:58:00,BID_DEPTH,"[(102048, 564)]"
2019-06-28 13:58:00,ASK_DEPTH,"[(102687, 469)]"
2019-06-28 13:58:00,IMBALANCE,"[564, 469]"
2019-06-28 13:58:00,HOLDINGS_UPDATED,"{'CASH': -12979505, 'JPM': 221}"
2019-06-28 13:58:00,HOLDINGS_UPDATED,"{'CASH': -13390253, 'JPM': 225}"
2019-06-28 13:59:00,BID_DEPTH,"[(102771, 332)]"
2019-06-28 13:59:00,ASK_DEPTH,"[(103185, 237)]"
2019-06-28 13:59:00,IMBALANCE,"[332, 237]"
2019-06-28 13:59:00,HOLDINGS_UPDATED,"{'CASH': -13906178, 'JPM': 230}"
2019-06-28 13:59:00,HOLDINGS_UPDATED,"{'CASH': -14318918, 'JPM': 234}"
2019-06-28 14:00:00,BID_DEPTH,"[(102048, 564)]"
2019-06-28 14:00:00,ASK_DEPTH,"[(102840, 469)]"
2019-06-28 14:00:00,IMBALANCE,"[564, 469]"
2019-06-28 14:00:00,HOLDINGS_UPDATED,"{'CASH': -14833118, 'JPM': 239}"
2019-06-28 14:00:00,HOLDINGS_UPDATED,"{'CASH': -15244478, 'JPM': 243}"
2019-06-28 14:01:00,BID_DEPTH,"[(102334, 193)]"
2019-06-28 14:01:00,ASK_DEPTH,"[(102840, 98)]"
2019-06-28 14:01:00,IMBALANCE,"[193, 98]"
2019-06-28 14:01:00,HOLDINGS_UPDATED,"{'CASH': -15758678, 'JPM': 248}"
2019-06-28 14:01:00,HOLDINGS_UPDATED,"{'CASH': -16170038, 'JPM': 252}"
2019-06-28 14:02:00,BID_DEPTH,"[(102595, 216)]"
2019-06-28 14:02:00,ASK_DEPTH,"[(103037, 121)]"
2019-06-28 14:02:00,IMBALANCE,"[216, 121]"
2019-06-28 14:02:00,HOLDINGS_UPDATED,"{'CASH': -16685223, 'JPM': 257}"
2019-06-28 14:02:00,HOLDINGS_UPDATED,"{'CASH': -17097371, 'JPM': 261}"
2019-06-28 14:03:00,BID_DEPTH,"[(102595, 332)]"
2019-06-28 14:03:00,ASK_DEPTH,"[(103037, 237)]"
2019-06-28 14:03:00,IMBALANCE,"[332, 237]"
2019-06-28 14:03:00,HOLDINGS_UPDATED,"{'CASH': -17612556, 'JPM': 266}"
2019-06-28 14:03:00,HOLDINGS_UPDATED,"{'CASH': -18024704, 'JPM': 270}"
2019-06-28 14:04:00,BID_DEPTH,"[(102334, 193)]"
2019-06-28 14:04:00,ASK_DEPTH,"[(103037, 98)]"
2019-06-28 14:04:00,IMBALANCE,"[193, 98]"
2019-06-28 14:04:00,HOLDINGS_UPDATED,"{'CASH': -18539889, 'JPM': 275}"
2019-06-28 14:04:00,HOLDINGS_UPDATED,"{'CASH': -18952037, 'JPM': 279}"
2019-06-28 14:05:00,BID_DEPTH,"[(102048, 258)]"
2019-06-28 14:05:00,ASK_DEPTH,"[(102073, 163)]"
2019-06-28 14:05:00,IMBALANCE,"[258, 163]"
2019-06-28 14:05:00,HOLDINGS_UPDATED,"{'CASH': -19462402, 'JPM': 284}"
2019-06-28 14:05:00,HOLDINGS_UPDATED,"{'CASH': -19870694, 'JPM': 288}"
2019-06-28 14:06:00,BID_DEPTH,"[(101859, 332)]"
2019-06-28 14:06:00,ASK_DEPTH,"[(102285, 237)]"
2019-06-28 14:06:00,IMBALANCE,"[332, 237]"
2019-06-28 14:06:00,HOLDINGS_UPDATED,"{'CASH': -20382119, 'JPM': 293}"
2019-06-28 14:06:00,HOLDINGS_UPDATED,"{'CASH': -20791259, 'JPM': 297}"
2019-06-28 14:07:00,BID_DEPTH,"[(101917, 332)]"
2019-06-28 14:07:00,ASK_DEPTH,"[(103041, 237)]"
2019-06-28 14:07:00,IMBALANCE,"[332, 237]"
2019-06-28 14:07:00,HOLDINGS_UPDATED,"{'CASH': -21306464, 'JPM': 302}"
2019-06-28 14:07:00,HOLDINGS_UPDATED,"{'CASH': -21718628, 'JPM': 306}"
2019-06-28 14:08:00,BID_DEPTH,"[(101436, 258)]"
2019-06-28 14:08:00,ASK_DEPTH,"[(101556, 163)]"
2019-06-28 14:08:00,IMBALANCE,"[258, 163]"
2019-06-28 14:08:00,HOLDINGS_UPDATED,"{'CASH': -22226408, 'JPM': 311}"
2019-06-28 14:08:00,HOLDINGS_UPDATED,"{'CASH': -22632632, 'JPM': 315}"
2019-06-28 14:09:00,BID_DEPTH,"[(101436, 564)]"
2019-06-28 14:09:00,ASK_DEPTH,"[(103497, 469)]"
2019-06-28 14:09:00,IMBALANCE,"[564, 469]"
2019-06-28 14:09:00,HOLDINGS_UPDATED,"{'CASH': -23150117, 'JPM': 320}"
2019-06-28 14:09:00,HOLDINGS_UPDATED,"{'CASH': -23564105, 'JPM': 324}"
2019-06-28 14:10:00,BID_DEPTH,"[(101436, 258)]"
2019-06-28 14:10:00,ASK_DEPTH,"[(101935, 163)]"
2019-06-28 14:10:00,IMBALANCE,"[258, 163]"
2019-06-28 14:10:00,HOLDINGS_UPDATED,"{'CASH': -24073780, 'JPM': 329}"
2019-06-28 14:10:00,HOLDINGS_UPDATED,"{'CASH': -24481520, 'JPM': 333}"
2019-06-28 14:11:00,BID_DEPTH,"[(101436, 216)]"
2019-06-28 14:11:00,ASK_DEPTH,"[(101753, 121)]"
2019-06-28 14:11:00,IMBALANCE,"[216, 121]"
2019-06-28 14:11:00,HOLDINGS_UPDATED,"{'CASH': -24990285, 'JPM': 338}"
2019-06-28 14:11:00,HOLDINGS_UPDATED,"{'CASH': -25397297, 'JPM': 342}"
2019-06-28 14:12:00,BID_DEPTH,"[(101436, 216)]"
2019-06-28 14:12:00,ASK_DEPTH,"[(101934, 121)]"
2019-06-28 14:12:00,IMBALANCE,"[216, 121]"
2019-06-28 14:12:00,HOLDINGS_UPDATED,"{'CASH': -25906967, 'JPM': 347}"
2019-06-28 14:12:00,HOLDINGS_UPDATED,"{'CASH': -26314703, 'JPM': 351}"
2019-06-28 14:13:00,BID_DEPTH,"[(101436, 258)]"
2019-06-28 14:13:00,ASK_DEPTH,"[(101463, 163)]"
2019-06-28 14:13:00,IMBALANCE,"[258, 163]"
2019-06-28 14:13:00,HOLDINGS_UPDATED,"{'CASH': -26822018, 'JPM': 356}"
2019-06-28 14:13:00,HOLDINGS_UPDATED,"{'CASH': -27227870, 'JPM': 360}"
2019-06-28 14:14:00,BID_DEPTH,"[(101436, 216)]"
2019-06-28 14:14:00,ASK_DEPTH,"[(103497, 121)]"
2019-06-28 14:14:00,IMBALANCE,"[216, 121]"
2019-06-28 14:14:00,HOLDINGS_UPDATED,"{'CASH': -27745355, 'JPM': 365}"
2019-06-28 14:14:00,HOLDINGS_UPDATED,"{'CASH': -28159343, 'JPM': 369}"
2019-06-28 14:15:00,BID_DEPTH,"[(101931, 216)]"
2019-06-28 14:15:00,ASK_DEPTH,"[(102080, 121)]"
2019-06-28 14:15:00,IMBALANCE,"[216, 121]"
2019-06-28 14:15:00,HOLDINGS_UPDATED,"{'CASH': -28669743, 'JPM': 374}"
2019-06-28 14:15:00,HOLDINGS_UPDATED,"{'CASH': -29078063, 'JPM': 378}"
2019-06-28 14:16:00,BID_DEPTH,"[(101931, 216)]"
2019-06-28 14:16:00,ASK_DEPTH,"[(102080, 121)]"
2019-06-28 14:16:00,IMBALANCE,"[216, 121]"
2019-06-28 14:16:00,HOLDINGS_UPDATED,"{'CASH': -29588463, 'JPM': 383}"
2019-06-28 14:16:00,HOLDINGS_UPDATED,"{'CASH': -29996783, 'JPM': 387}"
2019-06-28 14:17:00,BID_DEPTH,"[(101931, 332)]"
2019-06-28 14:17:00,ASK_DEPTH,"[(103497, 337)]"
2019-06-28 14:17:00,IMBALANCE,"[332, 337]"
2019-06-28 14:17:00,HOLDINGS_UPDATED,"{'CASH': -30514268, 'JPM': 392}"
2019-06-28 14:17:00,HOLDINGS_UPDATED,"{'CASH': -30928256, 'JPM': 396}"
2019-06-28 14:18:00,BID_DEPTH,"[(101625, 193)]"
2019-06-28 14:18:00,ASK_DEPTH,"[(103497, 186)]"
2019-06-28 14:18:00,IMBALANCE,"[193, 186]"
2019-06-28 14:18:00,HOLDINGS_UPDATED,"{'CASH': -31859729, 'JPM': 405}"
2019-06-28 14:19:00,BID_DEPTH,"[(101625, 216)]"
2019-06-28 14:19:00,ASK_DEPTH,"[(103497, 97)]"
2019-06-28 14:19:00,IMBALANCE,"[216, 97]"
2019-06-28 14:19:00,HOLDINGS_UPDATED,"{'CASH': -32791202, 'JPM': 414}"
2019-06-28 14:20:00,BID_DEPTH,"[(101436, 332)]"
2019-06-28 14:20:00,ASK_DEPTH,"[(103497, 337)]"
2019-06-28 14:20:00,IMBALANCE,"[332, 337]"
2019-06-28 14:20:00,HOLDINGS_UPDATED,"{'CASH': -33308687, 'JPM': 419}"
2019-06-28 14:20:00,HOLDINGS_UPDATED,"{'CASH': -33722675, 'JPM': 423}"
2019-06-28 14:21:00,BID_DEPTH,"[(101389, 564)]"
2019-06-28 14:21:00,ASK_DEPTH,"[(103497, 457)]"
2019-06-28 14:21:00,IMBALANCE,"[564, 457]"
2019-06-28 14:21:00,HOLDINGS_UPDATED,"{'CASH': -34654148, 'JPM': 432}"
2019-06-28 14:22:00,BID_DEPTH,"[(101368, 564)]"
2019-06-28 14:22:00,ASK_DEPTH,"[(103497, 569)]"
2019-06-28 14:22:00,IMBALANCE,"[564, 569]"
2019-06-28 14:22:00,HOLDINGS_UPDATED,"{'CASH': -35171633, 'JPM': 437}"
2019-06-28 14:22:00,HOLDINGS_UPDATED,"{'CASH': -35585621, 'JPM': 441}"
2019-06-28 14:23:00,BID_DEPTH,"[(101368, 193)]"
2019-06-28 14:23:00,ASK_DEPTH,"[(103497, 186)]"
2019-06-28 14:23:00,IMBALANCE,"[193, 186]"
2019-06-28 14:23:00,HOLDINGS_UPDATED,"{'CASH': -36517094, 'JPM': 450}"
2019-06-28 14:24:00,BID_DEPTH,"[(101368, 564)]"
2019-06-28 14:24:00,ASK_DEPTH,"[(103497, 545)]"
2019-06-28 14:24:00,IMBALANCE,"[564, 545]"
2019-06-28 14:24:00,HOLDINGS_UPDATED,"{'CASH': -37448567, 'JPM': 459}"
2019-06-28 14:25:00,BID_DEPTH,"[(101368, 100)]"
2019-06-28 14:25:00,ASK_DEPTH,[]
2019-06-28 14:25:00,IMBALANCE,"[100, 0]"
2019-06-28 14:26:00,BID_DEPTH,"[(101368, 564)]"
2019-06-28 14:26:00,ASK_DEPTH,"[(103497, 469)]"
2019-06-28 14:26:00,IMBALANCE,"[564, 469]"
2019-06-28 14:26:00,HOLDINGS_UPDATED,"{'CASH': -37966052, 'JPM': 464}"
2019-06-28 14:26:00,HOLDINGS_UPDATED,"{'CASH': -38380040, 'JPM': 468}"
2019-06-28 14:27:00,BID_DEPTH,"[(101312, 332)]"
2019-06-28 14:27:00,ASK_DEPTH,"[(103497, 237)]"
2019-06-28 14:27:00,IMBALANCE,"[332, 237]"
2019-06-28 14:27:00,HOLDINGS_UPDATED,"{'CASH': -38897525, 'JPM': 473}"
2019-06-28 14:27:00,HOLDINGS_UPDATED,"{'CASH': -39311513, 'JPM': 477}"
2019-06-28 14:28:00,BID_DEPTH,"[(101240, 88)]"
2019-06-28 14:28:00,ASK_DEPTH,[]
2019-06-28 14:28:00,IMBALANCE,"[88, 0]"
2019-06-28 14:29:00,BID_DEPTH,"[(100958, 258)]"
2019-06-28 14:29:00,ASK_DEPTH,"[(101240, 75)]"
2019-06-28 14:29:00,IMBALANCE,"[258, 75]"
2019-06-28 14:29:00,HOLDINGS_UPDATED,"{'CASH': -40222673, 'JPM': 486}"
2019-06-28 14:30:00,BID_DEPTH,"[(100958, 216)]"
2019-06-28 14:30:00,ASK_DEPTH,"[(101240, 221)]"
2019-06-28 14:30:00,IMBALANCE,"[216, 221]"
2019-06-28 14:30:00,HOLDINGS_UPDATED,"{'CASH': -40728873, 'JPM': 491}"
2019-06-28 14:30:00,HOLDINGS_UPDATED,"{'CASH': -41133833, 'JPM': 495}"
2019-06-28 14:31:00,BID_DEPTH,"[(100735, 332)]"
2019-06-28 14:31:00,ASK_DEPTH,"[(101240, 225)]"
2019-06-28 14:31:00,IMBALANCE,"[332, 225]"
2019-06-28 14:31:00,HOLDINGS_UPDATED,"{'CASH': -42044993, 'JPM': 504}"
2019-06-28 14:32:00,BID_DEPTH,"[(100361, 100)]"
2019-06-28 14:32:00,ASK_DEPTH,[]
2019-06-28 14:32:00,IMBALANCE,"[100, 0]"
2019-06-28 14:33:00,BID_DEPTH,"[(100194, 100)]"
2019-06-28 14:33:00,ASK_DEPTH,[]
2019-06-28 14:33:00,IMBALANCE,"[100, 0]"
2019-06-28 14:34:00,BID_DEPTH,"[(100194, 100)]"
2019-06-28 14:34:00,ASK_DEPTH,[]
2019-06-28 14:34:00,IMBALANCE,"[100, 0]"
2019-06-28 14:35:00,BID_DEPTH,"[(99918, 216)]"
2019-06-28 14:35:00,ASK_DEPTH,"[(100357, 121)]"
2019-06-28 14:35:00,IMBALANCE,"[216, 121]"
2019-06-28 14:35:00,HOLDINGS_UPDATED,"{'CASH': -42546778, 'JPM': 509}"
2019-06-28 14:35:00,HOLDINGS_UPDATED,"{'CASH': -42948206, 'JPM': 513}"
2019-06-28 14:36:00,BID_DEPTH,"[(100016, 216)]"
2019-06-28 14:36:00,ASK_DEPTH,"[(100490, 121)]"
2019-06-28 14:36:00,IMBALANCE,"[216, 121]"
2019-06-28 14:36:00,HOLDINGS_UPDATED,"{'CASH': -43450656, 'JPM': 518}"
2019-06-28 14:36:00,HOLDINGS_UPDATED,"{'CASH': -43852616, 'JPM': 522}"
2019-06-28 14:37:00,BID_DEPTH,"[(100016, 98)]"
2019-06-28 14:37:00,ASK_DEPTH,"[(100418, 193)]"
2019-06-28 14:37:00,IMBALANCE,"[98, 193]"
2019-06-28 14:37:00,HOLDINGS_UPDATED,"{'CASH': -43352536, 'JPM': 517}"
2019-06-28 14:37:00,HOLDINGS_UPDATED,"{'CASH': -42952472, 'JPM': 513}"
2019-06-28 14:38:00,BID_DEPTH,"[(99954, 469)]"
2019-06-28 14:38:00,ASK_DEPTH,"[(100312, 564)]"
2019-06-28 14:38:00,IMBALANCE,"[469, 564]"
2019-06-28 14:38:00,HOLDINGS_UPDATED,"{'CASH': -42452702, 'JPM': 508}"
2019-06-28 14:38:00,HOLDINGS_UPDATED,"{'CASH': -42052886, 'JPM': 504}"
2019-06-28 14:39:00,BID_DEPTH,"[(100242, 121)]"
2019-06-28 14:39:00,ASK_DEPTH,"[(100312, 213)]"
2019-06-28 14:39:00,IMBALANCE,"[121, 213]"
2019-06-28 14:39:00,HOLDINGS_UPDATED,"{'CASH': -41551676, 'JPM': 499}"
2019-06-28 14:39:00,HOLDINGS_UPDATED,"{'CASH': -41150708, 'JPM': 495}"
2019-06-28 14:40:00,BID_DEPTH,"[(99837, 469)]"
2019-06-28 14:40:00,ASK_DEPTH,"[(100312, 558)]"
2019-06-28 14:40:00,IMBALANCE,"[469, 558]"
2019-06-28 14:40:00,HOLDINGS_UPDATED,"{'CASH': -40651523, 'JPM': 490}"
2019-06-28 14:40:00,HOLDINGS_UPDATED,"{'CASH': -40252175, 'JPM': 486}"
2019-06-28 14:41:00,BID_DEPTH,"[(99572, 98)]"
2019-06-28 14:41:00,ASK_DEPTH,"[(99736, 193)]"
2019-06-28 14:41:00,IMBALANCE,"[98, 193]"
2019-06-28 14:41:00,HOLDINGS_UPDATED,"{'CASH': -39754315, 'JPM': 481}"
2019-06-28 14:41:00,HOLDINGS_UPDATED,"{'CASH': -39356027, 'JPM': 477}"
2019-06-28 14:42:00,BID_DEPTH,"[(99413, 469)]"
2019-06-28 14:42:00,ASK_DEPTH,"[(99736, 761)]"
2019-06-28 14:42:00,IMBALANCE,"[469, 761]"
2019-06-28 14:42:00,HOLDINGS_UPDATED,"{'CASH': -38858962, 'JPM': 472}"
2019-06-28 14:42:00,HOLDINGS_UPDATED,"{'CASH': -38461310, 'JPM': 468}"
2019-06-28 14:43:00,BID_DEPTH,"[(99334, 98)]"
2019-06-28 14:43:00,ASK_DEPTH,"[(99736, 487)]"
2019-06-28 14:43:00,IMBALANCE,"[98, 487]"
2019-06-28 14:43:00,HOLDINGS_UPDATED,"{'CASH': -37964640, 'JPM': 463}"
2019-06-28 14:43:00,HOLDINGS_UPDATED,"{'CASH': -37567304, 'JPM': 459}"
2019-06-28 14:44:00,BID_DEPTH,"[(99325, 163)]"
2019-06-28 14:44:00,ASK_DEPTH,"[(99540, 258)]"
2019-06-28 14:44:00,IMBALANCE,"[163, 258]"
2019-06-28 14:44:00,HOLDINGS_UPDATED,"{'CASH': -37070679, 'JPM': 454}"
2019-06-28 14:44:00,HOLDINGS_UPDATED,"{'CASH': -36673379, 'JPM': 450}"
2019-06-28 14:45:00,BID_DEPTH,"[(99332, 469)]"
2019-06-28 14:45:00,ASK_DEPTH,"[(99525, 564)]"
2019-06-28 14:45:00,IMBALANCE,"[469, 564]"
2019-06-28 14:45:00,HOLDINGS_UPDATED,"{'CASH': -36176719, 'JPM': 445}"
2019-06-28 14:45:00,HOLDINGS_UPDATED,"{'CASH': -35779391, 'JPM': 441}"
2019-06-28 14:46:00,BID_DEPTH,"[(99473, 237)]"
2019-06-28 14:46:00,ASK_DEPTH,"[(99690, 332)]"
2019-06-28 14:46:00,IMBALANCE,"[237, 332]"
2019-06-28 14:46:00,HOLDINGS_UPDATED,"{'CASH': -35282026, 'JPM': 436}"
2019-06-28 14:46:00,HOLDINGS_UPDATED,"{'CASH': -34884134, 'JPM': 432}"
2019-06-28 14:47:00,BID_DEPTH,"[(99690, 237)]"
2019-06-28 14:47:00,ASK_DEPTH,"[(99696, 332)]"
2019-06-28 14:47:00,IMBALANCE,"[237, 332]"
2019-06-28 14:47:00,HOLDINGS_UPDATED,"{'CASH': -34385684, 'JPM': 427}"
2019-06-28 14:47:00,HOLDINGS_UPDATED,"{'CASH': -33986924, 'JPM': 423}"
2019-06-28 14:48:00,BID_DEPTH,"[(99690, 163)]"
2019-06-28 14:48:00,ASK_DEPTH,"[(99736, 449)]"
2019-06-28 14:48:00,IMBALANCE,"[163, 449]"
2019-06-28 14:48:00,HOLDINGS_UPDATED,"{'CASH': -33488474, 'JPM': 418}"
2019-06-28 14:48:00,HOLDINGS_UPDATED,"{'CASH': -33089714, 'JPM': 414}"
2019-06-28 14:49:00,BID_DEPTH,"[(99690, 237)]"
2019-06-28 14:49:00,ASK_DEPTH,"[(99736, 520)]"
2019-06-28 14:49:00,IMBALANCE,"[237, 520]"
2019-06-28 14:49:00,HOLDINGS_UPDATED,"{'CASH': -32591264, 'JPM': 409}"
2019-06-28 14:49:00,HOLDINGS_UPDATED,"{'CASH': -32192504, 'JPM': 405}"
2019-06-28 14:50:00,BID_DEPTH,"[(99323, 469)]"
2019-06-28 14:50:00,ASK_DEPTH,"[(99736, 649)]"
2019-06-28 14:50:00,IMBALANCE,"[469, 649]"
2019-06-28 14:50:00,HOLDINGS_UPDATED,"{'CASH': -31695889, 'JPM': 400}"
2019-06-28 14:50:00,HOLDINGS_UPDATED,"{'CASH': -31298597, 'JPM': 396}"
2019-06-28 14:51:00,BID_DEPTH,"[(99228, 469)]"
2019-06-28 14:51:00,ASK_DEPTH,"[(99716, 564)]"
2019-06-28 14:51:00,IMBALANCE,"[469, 564]"
2019-06-28 14:51:00,HOLDINGS_UPDATED,"{'CASH': -30802457, 'JPM': 391}"
2019-06-28 14:51:00,HOLDINGS_UPDATED,"{'CASH': -30405545, 'JPM': 387}"
2019-06-28 14:52:00,BID_DEPTH,"[(99432, 469)]"
2019-06-28 14:52:00,ASK_DEPTH,"[(99716, 561)]"
2019-06-28 14:52:00,IMBALANCE,"[469, 561]"
2019-06-28 14:52:00,HOLDINGS_UPDATED,"{'CASH': -29908385, 'JPM': 382}"
2019-06-28 14:52:00,HOLDINGS_UPDATED,"{'CASH': -29510657, 'JPM': 378}"
2019-06-28 14:53:00,BID_DEPTH,"[(99432, 121)]"
2019-06-28 14:53:00,ASK_DEPTH,"[(99736, 298)]"
2019-06-28 14:53:00,IMBALANCE,"[121, 298]"
2019-06-28 14:53:00,HOLDINGS_UPDATED,"{'CASH': -29013497, 'JPM': 373}"
2019-06-28 14:53:00,HOLDINGS_UPDATED,"{'CASH': -28615769, 'JPM': 369}"
2019-06-28 14:54:00,BID_DEPTH,"[(99736, 91)]"
2019-06-28 14:54:00,ASK_DEPTH,"[(99809, 258)]"
2019-06-28 14:54:00,IMBALANCE,"[91, 258]"
2019-06-28 14:54:00,HOLDINGS_UPDATED,"{'CASH': -27718145, 'JPM': 360}"
2019-06-28 14:55:00,BID_DEPTH,"[(99375, 98)]"
2019-06-28 14:55:00,ASK_DEPTH,"[(99810, 193)]"
2019-06-28 14:55:00,IMBALANCE,"[98, 193]"
2019-06-28 14:55:00,HOLDINGS_UPDATED,"{'CASH': -27221270, 'JPM': 355}"
2019-06-28 14:55:00,HOLDINGS_UPDATED,"{'CASH': -26823770, 'JPM': 351}"
2019-06-28 14:56:00,BID_DEPTH,"[(99375, 163)]"
2019-06-28 14:56:00,ASK_DEPTH,"[(99863, 258)]"
2019-06-28 14:56:00,IMBALANCE,"[163, 258]"
2019-06-28 14:56:00,HOLDINGS_UPDATED,"{'CASH': -26326895, 'JPM': 346}"
2019-06-28 14:56:00,HOLDINGS_UPDATED,"{'CASH': -25929395, 'JPM': 342}"
2019-06-28 14:57:00,BID_DEPTH,"[(99375, 337)]"
2019-06-28 14:57:00,ASK_DEPTH,"[(99863, 329)]"
2019-06-28 14:57:00,IMBALANCE,"[337, 329]"
2019-06-28 14:57:00,HOLDINGS_UPDATED,"{'CASH': -25432520, 'JPM': 337}"
2019-06-28 14:57:00,HOLDINGS_UPDATED,"{'CASH': -25035020, 'JPM': 333}"
2019-06-28 14:58:00,BID_DEPTH,"[(99375, 225)]"
2019-06-28 14:58:00,ASK_DEPTH,"[(100053, 332)]"
2019-06-28 14:58:00,IMBALANCE,"[225, 332]"
2019-06-28 14:58:00,HOLDINGS_UPDATED,"{'CASH': -24140645, 'JPM': 324}"
2019-06-28 14:59:00,BID_DEPTH,"[(100053, 337)]"
2019-06-28 14:59:00,ASK_DEPTH,"[(100312, 323)]"
2019-06-28 14:59:00,IMBALANCE,"[337, 323]"
2019-06-28 14:59:00,HOLDINGS_UPDATED,"{'CASH': -23640380, 'JPM': 319}"
2019-06-28 14:59:00,HOLDINGS_UPDATED,"{'CASH': -23240168, 'JPM': 315}"
2019-06-28 15:00:00,BID_DEPTH,"[(100053, 151)]"
2019-06-28 15:00:00,ASK_DEPTH,"[(100418, 255)]"
2019-06-28 15:00:00,IMBALANCE,"[151, 255]"
2019-06-28 15:00:00,HOLDINGS_UPDATED,"{'CASH': -22339691, 'JPM': 306}"
2019-06-28 15:01:00,BID_DEPTH,"[(100443, 237)]"
2019-06-28 15:01:00,ASK_DEPTH,"[(100482, 332)]"
2019-06-28 15:01:00,IMBALANCE,"[237, 332]"
2019-06-28 15:01:00,HOLDINGS_UPDATED,"{'CASH': -21837476, 'JPM': 301}"
2019-06-28 15:01:00,HOLDINGS_UPDATED,"{'CASH': -21435704, 'JPM': 297}"
2019-06-28 15:02:00,BID_DEPTH,"[(100096, 163)]"
2019-06-28 15:02:00,ASK_DEPTH,"[(100482, 255)]"
2019-06-28 15:02:00,IMBALANCE,"[163, 255]"
2019-06-28 15:02:00,HOLDINGS_UPDATED,"{'CASH': -20935224, 'JPM': 292}"
2019-06-28 15:02:00,HOLDINGS_UPDATED,"{'CASH': -20534840, 'JPM': 288}"
2019-06-28 15:03:00,BID_DEPTH,"[(99356, 237)]"
2019-06-28 15:03:00,ASK_DEPTH,"[(100509, 332)]"
2019-06-28 15:03:00,IMBALANCE,"[237, 332]"
2019-06-28 15:03:00,HOLDINGS_UPDATED,"{'CASH': -20038060, 'JPM': 283}"
2019-06-28 15:03:00,HOLDINGS_UPDATED,"{'CASH': -19640636, 'JPM': 279}"
2019-06-28 15:04:00,BID_DEPTH,"[(99046, 163)]"
2019-06-28 15:04:00,ASK_DEPTH,"[(100546, 258)]"
2019-06-28 15:04:00,IMBALANCE,"[163, 258]"
2019-06-28 15:04:00,HOLDINGS_UPDATED,"{'CASH': -19145406, 'JPM': 274}"
2019-06-28 15:04:00,HOLDINGS_UPDATED,"{'CASH': -18749222, 'JPM': 270}"
2019-06-28 15:05:00,BID_DEPTH,"[(99046, 569)]"
2019-06-28 15:05:00,ASK_DEPTH,"[(100539, 564)]"
2019-06-28 15:05:00,IMBALANCE,"[569, 564]"
2019-06-28 15:05:00,HOLDINGS_UPDATED,"{'CASH': -18253992, 'JPM': 265}"
2019-06-28 15:05:00,HOLDINGS_UPDATED,"{'CASH': -17857808, 'JPM': 261}"
2019-06-28 15:06:00,BID_DEPTH,"[(100539, 221)]"
2019-06-28 15:06:00,ASK_DEPTH,"[(100565, 216)]"
2019-06-28 15:06:00,IMBALANCE,"[221, 216]"
2019-06-28 15:06:00,HOLDINGS_UPDATED,"{'CASH': -17355113, 'JPM': 256}"
2019-06-28 15:06:00,HOLDINGS_UPDATED,"{'CASH': -16952957, 'JPM': 252}"
2019-06-28 15:07:00,BID_DEPTH,"[(100558, 121)]"
2019-06-28 15:07:00,ASK_DEPTH,"[(100565, 313)]"
2019-06-28 15:07:00,IMBALANCE,"[121, 313]"
2019-06-28 15:07:00,HOLDINGS_UPDATED,"{'CASH': -16450167, 'JPM': 247}"
2019-06-28 15:07:00,HOLDINGS_UPDATED,"{'CASH': -16047935, 'JPM': 243}"
2019-06-28 15:08:00,BID_DEPTH,"[(100539, 209)]"
2019-06-28 15:08:00,ASK_DEPTH,"[(100565, 310)]"
2019-06-28 15:08:00,IMBALANCE,"[209, 310]"
2019-06-28 15:08:00,HOLDINGS_UPDATED,"{'CASH': -15143084, 'JPM': 234}"
2019-06-28 15:09:00,BID_DEPTH,"[(100539, 97)]"
2019-06-28 15:09:00,ASK_DEPTH,"[(100565, 310)]"
2019-06-28 15:09:00,IMBALANCE,"[97, 310]"
2019-06-28 15:09:00,HOLDINGS_UPDATED,"{'CASH': -14238233, 'JPM': 225}"
2019-06-28 15:10:00,BID_DEPTH,"[(100237, 469)]"
2019-06-28 15:10:00,ASK_DEPTH,"[(100565, 558)]"
2019-06-28 15:10:00,IMBALANCE,"[469, 558]"
2019-06-28 15:10:00,HOLDINGS_UPDATED,"{'CASH': -13737048, 'JPM': 220}"
2019-06-28 15:10:00,HOLDINGS_UPDATED,"{'CASH': -13336100, 'JPM': 216}"
2019-06-28 15:11:00,BID_DEPTH,"[(100127, 121)]"
2019-06-28 15:11:00,ASK_DEPTH,"[(100313, 216)]"
2019-06-28 15:11:00,IMBALANCE,"[121, 216]"
2019-06-28 15:11:00,HOLDINGS_UPDATED,"{'CASH': -12835465, 'JPM': 211}"
2019-06-28 15:11:00,HOLDINGS_UPDATED,"{'CASH': -12434957, 'JPM': 207}"
2019-06-28 15:12:00,BID_DEPTH,"[(100127, 669)]"
2019-06-28 15:12:00,ASK_DEPTH,"[(100313, 564)]"
2019-06-28 15:12:00,IMBALANCE,"[669, 564]"
2019-06-28 15:12:00,HOLDINGS_UPDATED,"{'CASH': -11934322, 'JPM': 202}"
2019-06-28 15:12:00,HOLDINGS_UPDATED,"{'CASH': -11533814, 'JPM': 198}"
2019-06-28 15:13:00,BID_DEPTH,"[(100314, 469)]"
2019-06-28 15:13:00,ASK_DEPTH,"[(100638, 564)]"
2019-06-28 15:13:00,IMBALANCE,"[469, 564]"
2019-06-28 15:13:00,HOLDINGS_UPDATED,"{'CASH': -11032244, 'JPM': 193}"
2019-06-28 15:13:00,HOLDINGS_UPDATED,"{'CASH': -10630988, 'JPM': 189}"
2019-06-28 15:14:00,BID_DEPTH,"[(100313, 98)]"
2019-06-28 15:14:00,ASK_DEPTH,"[(100314, 193)]"
2019-06-28 15:14:00,IMBALANCE,"[98, 193]"
2019-06-28 15:14:00,HOLDINGS_UPDATED,"{'CASH': -10129423, 'JPM': 184}"
2019-06-28 15:14:00,HOLDINGS_UPDATED,"{'CASH': -9728171, 'JPM': 180}"
2019-06-28 15:15:00,BID_DEPTH,"[(100148, 469)]"
2019-06-28 15:15:00,ASK_DEPTH,"[(100313, 583)]"
2019-06-28 15:15:00,IMBALANCE,"[469, 583]"
2019-06-28 15:15:00,HOLDINGS_UPDATED,"{'CASH': -9227431, 'JPM': 175}"
2019-06-28 15:15:00,HOLDINGS_UPDATED,"{'CASH': -8826839, 'JPM': 171}"
2019-06-28 15:16:00,BID_DEPTH,"[(100127, 251)]"
2019-06-28 15:16:00,ASK_DEPTH,"[(100313, 277)]"
2019-06-28 15:16:00,IMBALANCE,"[251, 277]"
2019-06-28 15:16:00,HOLDINGS_UPDATED,"{'CASH': -7925696, 'JPM': 162}"
2019-06-28 15:17:00,BID_DEPTH,"[(99563, 237)]"
2019-06-28 15:17:00,ASK_DEPTH,"[(100313, 351)]"
2019-06-28 15:17:00,IMBALANCE,"[237, 351]"
2019-06-28 15:17:00,HOLDINGS_UPDATED,"{'CASH': -7427881, 'JPM': 157}"
2019-06-28 15:17:00,HOLDINGS_UPDATED,"{'CASH': -7029629, 'JPM': 153}"
2019-06-28 15:18:00,BID_DEPTH,"[(99476, 332)]"
2019-06-28 15:18:00,ASK_DEPTH,"[(99563, 437)]"
2019-06-28 15:18:00,IMBALANCE,"[332, 437]"
2019-06-28 15:18:00,HOLDINGS_UPDATED,"{'CASH': -7527444, 'JPM': 158}"
2019-06-28 15:18:00,HOLDINGS_UPDATED,"{'CASH': -7925696, 'JPM': 162}"
2019-06-28 15:19:00,BID_DEPTH,"[(99436, 564)]"
2019-06-28 15:19:00,ASK_DEPTH,"[(99563, 569)]"
2019-06-28 15:19:00,IMBALANCE,"[564, 569]"
2019-06-28 15:19:00,HOLDINGS_UPDATED,"{'CASH': -8423511, 'JPM': 167}"
2019-06-28 15:19:00,HOLDINGS_UPDATED,"{'CASH': -8821763, 'JPM': 171}"
2019-06-28 15:20:00,BID_DEPTH,"[(99352, 193)]"
2019-06-28 15:20:00,ASK_DEPTH,"[(99563, 286)]"
2019-06-28 15:20:00,IMBALANCE,"[193, 286]"
2019-06-28 15:20:00,HOLDINGS_UPDATED,"{'CASH': -9717830, 'JPM': 180}"
2019-06-28 15:21:00,BID_DEPTH,"[(99352, 564)]"
2019-06-28 15:21:00,ASK_DEPTH,"[(99563, 545)]"
2019-06-28 15:21:00,IMBALANCE,"[564, 545]"
2019-06-28 15:21:00,HOLDINGS_UPDATED,"{'CASH': -10613897, 'JPM': 189}"
2019-06-28 15:22:00,BID_DEPTH,"[(99318, 193)]"
2019-06-28 15:22:00,ASK_DEPTH,"[(99563, 62)]"
2019-06-28 15:22:00,IMBALANCE,"[193, 62]"
2019-06-28 15:22:00,HOLDINGS_UPDATED,"{'CASH': -11509964, 'JPM': 198}"
2019-06-28 15:23:00,BID_DEPTH,"[(99249, 193)]"
2019-06-28 15:23:00,ASK_DEPTH,"[(99318, 98)]"
2019-06-28 15:23:00,IMBALANCE,"[193, 98]"
2019-06-28 15:23:00,HOLDINGS_UPDATED,"{'CASH': -12006554, 'JPM': 203}"
2019-06-28 15:23:00,HOLDINGS_UPDATED,"{'CASH': -12403826, 'JPM': 207}"
2019-06-28 15:24:00,BID_DEPTH,"[(99286, 258)]"
2019-06-28 15:24:00,ASK_DEPTH,"[(99549, 163)]"
2019-06-28 15:24:00,IMBALANCE,"[258, 163]"
2019-06-28 15:24:00,HOLDINGS_UPDATED,"{'CASH': -12901571, 'JPM': 212}"
2019-06-28 15:24:00,HOLDINGS_UPDATED,"{'CASH': -13299767, 'JPM': 216}"
2019-06-28 15:25:00,BID_DEPTH,"[(99056, 193)]"
2019-06-28 15:25:00,ASK_DEPTH,"[(99106, 5)]"
2019-06-28 15:25:00,IMBALANCE,"[193, 5]"
2019-06-28 15:25:00,HOLDINGS_UPDATED,"{'CASH': -13795297, 'JPM': 221}"
2019-06-28 15:26:00,BID_DEPTH,"[(99106, 97)]"
2019-06-28 15:26:00,ASK_DEPTH,"[(99357, 98)]"
2019-06-28 15:26:00,IMBALANCE,"[97, 98]"
2019-06-28 15:26:00,HOLDINGS_UPDATED,"{'CASH': -14292082, 'JPM': 226}"
2019-06-28 15:26:00,HOLDINGS_UPDATED,"{'CASH': -14689510, 'JPM': 230}"
2019-06-28 15:27:00,BID_DEPTH,"[(99357, 351)]"
2019-06-28 15:27:00,ASK_DEPTH,"[(99549, 229)]"
2019-06-28 15:27:00,IMBALANCE,"[351, 229]"
2019-06-28 15:27:00,HOLDINGS_UPDATED,"{'CASH': -15585451, 'JPM': 239}"
2019-06-28 15:28:00,BID_DEPTH,"[(100251, 237)]"
2019-06-28 15:28:00,ASK_DEPTH,"[(100313, 251)]"
2019-06-28 15:28:00,IMBALANCE,"[237, 251]"
2019-06-28 15:28:00,HOLDINGS_UPDATED,"{'CASH': -15084196, 'JPM': 234}"
2019-06-28 15:28:00,HOLDINGS_UPDATED,"{'CASH': -14683192, 'JPM': 230}"
2019-06-28 15:29:00,BID_DEPTH,"[(100167, 163)]"
2019-06-28 15:29:00,ASK_DEPTH,"[(100312, 258)]"
2019-06-28 15:29:00,IMBALANCE,"[163, 258]"
2019-06-28 15:29:00,HOLDINGS_UPDATED,"{'CASH': -14182357, 'JPM': 225}"
2019-06-28 15:29:00,HOLDINGS_UPDATED,"{'CASH': -13781689, 'JPM': 221}"
2019-06-28 15:30:00,BID_DEPTH,"[(100003, 98)]"
2019-06-28 15:30:00,ASK_DEPTH,"[(100134, 193)]"
2019-06-28 15:30:00,IMBALANCE,"[98, 193]"
2019-06-28 15:30:00,HOLDINGS_UPDATED,"{'CASH': -13281674, 'JPM': 216}"
2019-06-28 15:30:00,HOLDINGS_UPDATED,"{'CASH': -12881662, 'JPM': 212}"
2019-06-28 15:31:00,BID_DEPTH,"[(99400, 469)]"
2019-06-28 15:31:00,ASK_DEPTH,"[(99817, 564)]"
2019-06-28 15:31:00,IMBALANCE,"[469, 564]"
2019-06-28 15:31:00,HOLDINGS_UPDATED,"{'CASH': -12384662, 'JPM': 207}"
2019-06-28 15:31:00,HOLDINGS_UPDATED,"{'CASH': -11987062, 'JPM': 203}"
2019-06-28 15:32:00,BID_DEPTH,"[(99427, 237)]"
2019-06-28 15:32:00,ASK_DEPTH,"[(99651, 332)]"
2019-06-28 15:32:00,IMBALANCE,"[237, 332]"
2019-06-28 15:32:00,HOLDINGS_UPDATED,"{'CASH': -11489927, 'JPM': 198}"
2019-06-28 15:32:00,HOLDINGS_UPDATED,"{'CASH': -11092219, 'JPM': 194}"
2019-06-28 15:33:00,BID_DEPTH,"[(99357, 117)]"
2019-06-28 15:33:00,ASK_DEPTH,"[(99394, 193)]"
2019-06-28 15:33:00,IMBALANCE,"[117, 193]"
2019-06-28 15:33:00,HOLDINGS_UPDATED,"{'CASH': -10198006, 'JPM': 185}"
2019-06-28 15:34:00,BID_DEPTH,"[(99297, 163)]"
2019-06-28 15:34:00,ASK_DEPTH,"[(99465, 258)]"
2019-06-28 15:34:00,IMBALANCE,"[163, 258]"
2019-06-28 15:34:00,HOLDINGS_UPDATED,"{'CASH': -9701521, 'JPM': 180}"
2019-06-28 15:34:00,HOLDINGS_UPDATED,"{'CASH': -9304333, 'JPM': 176}"
2019-06-28 15:35:00,BID_DEPTH,"[(99297, 163)]"
2019-06-28 15:35:00,ASK_DEPTH,"[(99464, 258)]"
2019-06-28 15:35:00,IMBALANCE,"[163, 258]"
2019-06-28 15:35:00,HOLDINGS_UPDATED,"{'CASH': -8807848, 'JPM': 171}"
2019-06-28 15:35:00,HOLDINGS_UPDATED,"{'CASH': -8410660, 'JPM': 167}"
2019-06-28 15:36:00,BID_DEPTH,"[(99133, 121)]"
2019-06-28 15:36:00,ASK_DEPTH,"[(99478, 216)]"
2019-06-28 15:36:00,IMBALANCE,"[121, 216]"
2019-06-28 15:36:00,HOLDINGS_UPDATED,"{'CASH': -7914995, 'JPM': 162}"
2019-06-28 15:36:00,HOLDINGS_UPDATED,"{'CASH': -7518463, 'JPM': 158}"
2019-06-28 15:37:00,HOLDINGS_UPDATED,"{'CASH': -7914887, 'JPM': 162}"
2019-06-28 15:37:00,BID_DEPTH,"[(99106, 67)]"
2019-06-28 15:37:00,ASK_DEPTH,"[(99478, 258)]"
2019-06-28 15:37:00,IMBALANCE,"[67, 258]"
2019-06-28 15:37:00,HOLDINGS_UPDATED,"{'CASH': -7022933, 'JPM': 153}"
2019-06-28 15:38:00,BID_DEPTH,"[(99107, 237)]"
2019-06-28 15:38:00,ASK_DEPTH,"[(99932, 332)]"
2019-06-28 15:38:00,IMBALANCE,"[237, 332]"
2019-06-28 15:38:00,HOLDINGS_UPDATED,"{'CASH': -6527398, 'JPM': 148}"
2019-06-28 15:38:00,HOLDINGS_UPDATED,"{'CASH': -6130970, 'JPM': 144}"
2019-06-28 15:39:00,BID_DEPTH,"[(99004, 237)]"
2019-06-28 15:39:00,ASK_DEPTH,"[(99932, 332)]"
2019-06-28 15:39:00,IMBALANCE,"[237, 332]"
2019-06-28 15:39:00,HOLDINGS_UPDATED,"{'CASH': -5635950, 'JPM': 139}"
2019-06-28 15:39:00,HOLDINGS_UPDATED,"{'CASH': -5239934, 'JPM': 135}"
2019-06-28 15:40:00,BID_DEPTH,"[(98970, 163)]"
2019-06-28 15:40:00,ASK_DEPTH,"[(100003, 277)]"
2019-06-28 15:40:00,IMBALANCE,"[163, 277]"
2019-06-28 15:40:00,HOLDINGS_UPDATED,"{'CASH': -4745084, 'JPM': 130}"
2019-06-28 15:40:00,HOLDINGS_UPDATED,"{'CASH': -4349204, 'JPM': 126}"
2019-06-28 15:41:00,BID_DEPTH,"[(98943, 98)]"
2019-06-28 15:41:00,ASK_DEPTH,"[(100003, 212)]"
2019-06-28 15:41:00,IMBALANCE,"[98, 212]"
2019-06-28 15:41:00,HOLDINGS_UPDATED,"{'CASH': -3854489, 'JPM': 121}"
2019-06-28 15:41:00,HOLDINGS_UPDATED,"{'CASH': -3458717, 'JPM': 117}"
2019-06-28 15:42:00,BID_DEPTH,"[(99465, 237)]"
2019-06-28 15:42:00,ASK_DEPTH,"[(99830, 332)]"
2019-06-28 15:42:00,IMBALANCE,"[237, 332]"
2019-06-28 15:42:00,HOLDINGS_UPDATED,"{'CASH': -2961392, 'JPM': 112}"
2019-06-28 15:42:00,HOLDINGS_UPDATED,"{'CASH': -2563532, 'JPM': 108}"
2019-06-28 15:43:00,BID_DEPTH,"[(99466, 237)]"
2019-06-28 15:43:00,ASK_DEPTH,"[(99639, 332)]"
2019-06-28 15:43:00,IMBALANCE,"[237, 332]"
2019-06-28 15:43:00,HOLDINGS_UPDATED,"{'CASH': -2066202, 'JPM': 103}"
2019-06-28 15:43:00,HOLDINGS_UPDATED,"{'CASH': -1668338, 'JPM': 99}"
2019-06-28 15:44:00,BID_DEPTH,"[(99465, 98)]"
2019-06-28 15:44:00,ASK_DEPTH,"[(99477, 193)]"
2019-06-28 15:44:00,IMBALANCE,"[98, 193]"
2019-06-28 15:44:00,HOLDINGS_UPDATED,"{'CASH': -1171013, 'JPM': 94}"
2019-06-28 15:44:00,HOLDINGS_UPDATED,"{'CASH': -773153, 'JPM': 90}"
2019-06-28 15:45:00,BID_DEPTH,"[(99457, 98)]"
2019-06-28 15:45:00,ASK_DEPTH,"[(99477, 193)]"
2019-06-28 15:45:00,IMBALANCE,"[98, 193]"
2019-06-28 15:45:00,HOLDINGS_UPDATED,"{'CASH': -275868, 'JPM': 85}"
2019-06-28 15:45:00,HOLDINGS_UPDATED,"{'CASH': 121960, 'JPM': 81}"
2019-06-28 15:46:00,BID_DEPTH,"[(99424, 237)]"
2019-06-28 15:46:00,ASK_DEPTH,"[(99477, 332)]"
2019-06-28 15:46:00,IMBALANCE,"[237, 332]"
2019-06-28 15:46:00,HOLDINGS_UPDATED,"{'CASH': 619080, 'JPM': 76}"
2019-06-28 15:46:00,HOLDINGS_UPDATED,"{'CASH': 1016776, 'JPM': 72}"
2019-06-28 15:47:00,BID_DEPTH,"[(99299, 98)]"
2019-06-28 15:47:00,ASK_DEPTH,"[(99424, 193)]"
2019-06-28 15:47:00,IMBALANCE,"[98, 193]"
2019-06-28 15:47:00,HOLDINGS_UPDATED,"{'CASH': 1513271, 'JPM': 67}"
2019-06-28 15:47:00,HOLDINGS_UPDATED,"{'CASH': 1910467, 'JPM': 63}"
2019-06-28 15:48:00,BID_DEPTH,"[(99117, 469)]"
2019-06-28 15:48:00,ASK_DEPTH,"[(99424, 564)]"
2019-06-28 15:48:00,IMBALANCE,"[469, 564]"
2019-06-28 15:48:00,HOLDINGS_UPDATED,"{'CASH': 2406052, 'JPM': 58}"
2019-06-28 15:48:00,HOLDINGS_UPDATED,"{'CASH': 2802520, 'JPM': 54}"
2019-06-28 15:49:00,BID_DEPTH,"[(98912, 98)]"
2019-06-28 15:49:00,ASK_DEPTH,"[(99117, 293)]"
2019-06-28 15:49:00,IMBALANCE,"[98, 293]"
2019-06-28 15:49:00,HOLDINGS_UPDATED,"{'CASH': 3297080, 'JPM': 49}"
2019-06-28 15:49:00,HOLDINGS_UPDATED,"{'CASH': 3692728, 'JPM': 45}"
2019-06-28 15:50:00,BID_DEPTH,"[(98672, 163)]"
2019-06-28 15:50:00,ASK_DEPTH,"[(99117, 358)]"
2019-06-28 15:50:00,IMBALANCE,"[163, 358]"
2019-06-28 15:50:00,HOLDINGS_UPDATED,"{'CASH': 4186088, 'JPM': 40}"
2019-06-28 15:50:00,HOLDINGS_UPDATED,"{'CASH': 4580776, 'JPM': 36}"
2019-06-28 15:51:00,BID_DEPTH,"[(98963, 121)]"
2019-06-28 15:51:00,ASK_DEPTH,"[(99117, 316)]"
2019-06-28 15:51:00,IMBALANCE,"[121, 316]"
2019-06-28 15:51:00,HOLDINGS_UPDATED,"{'CASH': 5075591, 'JPM': 31}"
2019-06-28 15:51:00,HOLDINGS_UPDATED,"{'CASH': 5471443, 'JPM': 27}"
2019-06-28 15:52:00,BID_DEPTH,"[(98916, 98)]"
2019-06-28 15:52:00,ASK_DEPTH,"[(99117, 193)]"
2019-06-28 15:52:00,IMBALANCE,"[98, 193]"
2019-06-28 15:52:00,HOLDINGS_UPDATED,"{'CASH': 5966023, 'JPM': 22}"
2019-06-28 15:52:00,HOLDINGS_UPDATED,"{'CASH': 6361687, 'JPM': 18}"
2019-06-28 15:53:00,BID_DEPTH,"[(98916, 160)]"
2019-06-28 15:53:00,ASK_DEPTH,"[(98987, 332)]"
2019-06-28 15:53:00,IMBALANCE,"[160, 332]"
2019-06-28 15:53:00,HOLDINGS_UPDATED,"{'CASH': 7251931, 'JPM': 9}"
2019-06-28 15:54:00,BID_DEPTH,"[(98770, 98)]"
2019-06-28 15:54:00,ASK_DEPTH,"[(98783, 193)]"
2019-06-28 15:54:00,IMBALANCE,"[98, 193]"
2019-06-28 15:54:00,HOLDINGS_UPDATED,"{'CASH': 7745781, 'JPM': 4}"
2019-06-28 15:54:00,HOLDINGS_UPDATED,{'CASH': 8140861}
2019-06-28 15:55:00,BID_DEPTH,"[(98783, 469)]"
2019-06-28 15:55:00,ASK_DEPTH,"[(98987, 564)]"
2019-06-28 15:55:00,IMBALANCE,"[469, 564]"
2019-06-28 15:55:00,HOLDINGS_UPDATED,"{'CASH': 8634776, 'JPM': -5}"
2019-06-28 15:55:00,HOLDINGS_UPDATED,"{'CASH': 9029908, 'JPM': -9}"
2019-06-28 15:56:00,BID_DEPTH,"[(98783, 263)]"
2019-06-28 15:56:00,ASK_DEPTH,"[(98987, 258)]"
2019-06-28 15:56:00,IMBALANCE,"[263, 258]"
2019-06-28 15:56:00,HOLDINGS_UPDATED,"{'CASH': 9523823, 'JPM': -14}"
2019-06-28 15:56:00,HOLDINGS_UPDATED,"{'CASH': 9918955, 'JPM': -18}"
2019-06-28 15:57:00,BID_DEPTH,"[(98783, 86)]"
2019-06-28 15:57:00,ASK_DEPTH,"[(98987, 193)]"
2019-06-28 15:57:00,IMBALANCE,"[86, 193]"
2019-06-28 15:57:00,HOLDINGS_UPDATED,"{'CASH': 10808002, 'JPM': -27}"
2019-06-28 15:58:00,BID_DEPTH,"[(98783, 469)]"
2019-06-28 15:58:00,ASK_DEPTH,"[(98987, 564)]"
2019-06-28 15:58:00,IMBALANCE,"[469, 564]"
2019-06-28 15:58:00,HOLDINGS_UPDATED,"{'CASH': 11301917, 'JPM': -32}"
2019-06-28 15:58:00,HOLDINGS_UPDATED,"{'CASH': 11697049, 'JPM': -36}"
2019-06-28 15:59:00,BID_DEPTH,"[(98783, 121)]"
2019-06-28 15:59:00,ASK_DEPTH,"[(98987, 216)]"
2019-06-28 15:59:00,IMBALANCE,"[121, 216]"
2019-06-28 15:59:00,HOLDINGS_UPDATED,"{'CASH': 12190964, 'JPM': -41}"
2019-06-28 15:59:00,HOLDINGS_UPDATED,"{'CASH': 12586096, 'JPM': -45}"
2019-06-28 16:00:00,BID_DEPTH,"[(98976, 469)]"
2019-06-28 16:00:00,ASK_DEPTH,"[(99007, 564)]"
2019-06-28 16:00:00,IMBALANCE,"[469, 564]"
2019-06-28 16:00:00,HOLDINGS_UPDATED,"{'CASH': 13080976, 'JPM': -50}"
2019-06-28 16:00:00,HOLDINGS_UPDATED,"{'CASH': 13476880, 'JPM': -54}"
2019-06-28 16:01:00,BID_DEPTH,"[(98976, 452)]"
2019-06-28 16:01:00,ASK_DEPTH,"[(99007, 564)]"
2019-06-28 16:01:00,IMBALANCE,"[452, 564]"
2019-06-28 16:01:00,MKT_CLOSED,
2019-06-28 16:01:00,FINAL_HOLDINGS,"{ JPM: -54, CASH: 13476880 }"
2019-06-28 16:01:00,FINAL_CASH_POSITION,13476880
2019-06-28 16:01:00,MARK_TO_MARKET,-54 JPM @ 98976 == -5344704
2019-06-28 16:01:00,MARKED_TO_MARKET,8132176
2019-06-28 16:01:00,ENDING_CASH,8132176
