EventTime,EventType,Event
,AGENT_TYPE,AgentUnderTest
,STARTING_CASH,10000000
2019-06-28 09:30:00.000000000,HOLDINGS_UPDATED,{'CASH': 10000000}
2019-06-28 09:31:00.000000000,BID_DEPTH,"[(100028, 364)]"
2019-06-28 09:31:00.000000000,ASK_DEPTH,"[(100033, 264)]"
2019-06-28 09:31:00.000000000,IMBALANCE,"[364, 264]"
2019-06-28 09:32:00.000000000,BID_DEPTH,"[(100029, 264)]"
2019-06-28 09:32:00.000000000,ASK_DEPTH,"[(100051, 264)]"
2019-06-28 09:32:00.000000000,IMBALANCE,"[264, 264]"
2019-06-28 09:33:00.000000000,BID_DEPTH,"[(100051, 264)]"
2019-06-28 09:33:00.000000000,ASK_DEPTH,"[(100096, 264)]"
2019-06-28 09:33:00.000000000,IMBALANCE,"[264, 264]"
2019-06-28 09:34:00.000000000,BID_DEPTH,"[(100051, 220)]"
2019-06-28 09:34:00.000000000,ASK_DEPTH,"[(100096, 220)]"
2019-06-28 09:34:00.000000000,IMBALANCE,"[220, 220]"
2019-06-28 09:35:00.000000000,BID_DEPTH,"[(100051, 582)]"
2019-06-28 09:35:00.000000000,ASK_DEPTH,"[(100133, 582)]"
2019-06-28 09:35:00.000000000,IMBALANCE,"[582, 582]"
2019-06-28 09:36:00.000000000,BID_DEPTH,"[(100061, 264)]"
2019-06-28 09:36:00.000000000,ASK_DEPTH,"[(100133, 264)]"
2019-06-28 09:36:00.000000000,IMBALANCE,"[264, 264]"
2019-06-28 09:37:00.000000000,BID_DEPTH,"[(100061, 882)]"
2019-06-28 09:37:00.000000000,ASK_DEPTH,"[(100133, 582)]"
2019-06-28 09:37:00.000000000,IMBALANCE,"[882, 582]"
2019-06-28 09:38:00.000000000,BID_DEPTH,"[(100061, 1082)]"
2019-06-28 09:38:00.000000000,ASK_DEPTH,"[(100168, 582)]"
2019-06-28 09:38:00.000000000,IMBALANCE,"[1082, 582]"
2019-06-28 09:39:00.000000000,BID_DEPTH,"[(100076, 341)]"
2019-06-28 09:39:00.000000000,ASK_DEPTH,"[(100168, 341)]"
2019-06-28 09:39:00.000000000,IMBALANCE,"[341, 341]"
2019-06-28 09:40:00.000000000,BID_DEPTH,"[(100061, 564)]"
2019-06-28 09:40:00.000000000,ASK_DEPTH,"[(100076, 264)]"
2019-06-28 09:40:00.000000000,IMBALANCE,"[564, 264]"
2019-06-28 09:41:00.000000000,BID_DEPTH,"[(100061, 641)]"
2019-06-28 09:41:00.000000000,ASK_DEPTH,"[(100076, 341)]"
2019-06-28 09:41:00.000000000,IMBALANCE,"[641, 341]"
2019-06-28 09:42:00.000000000,BID_DEPTH,"[(100168, 124)]"
2019-06-28 09:42:00.000000000,ASK_DEPTH,"[(100189, 220)]"
2019-06-28 09:42:00.000000000,IMBALANCE,"[124, 220]"
2019-06-28 09:43:00.000000000,BID_DEPTH,"[(100168, 168)]"
2019-06-28 09:43:00.000000000,ASK_DEPTH,"[(100189, 264)]"
2019-06-28 09:43:00.000000000,IMBALANCE,"[168, 264]"
2019-06-28 09:44:00.000000000,BID_DEPTH,"[(100155, 341)]"
2019-06-28 09:44:00.000000000,ASK_DEPTH,"[(100189, 341)]"
2019-06-28 09:44:00.000000000,IMBALANCE,"[341, 341]"
2019-06-28 09:45:00.000000000,BID_DEPTH,"[(100155, 220)]"
2019-06-28 09:45:00.000000000,ASK_DEPTH,"[(100189, 220)]"
2019-06-28 09:45:00.000000000,IMBALANCE,"[220, 220]"
2019-06-28 09:46:00.000000000,BID_DEPTH,"[(100155, 341)]"
2019-06-28 09:46:00.000000000,ASK_DEPTH,"[(100168, 341)]"
2019-06-28 09:46:00.000000000,IMBALANCE,"[341, 341]"
2019-06-28 09:47:00.000000000,BID_DEPTH,"[(100062, 220)]"
2019-06-28 09:47:00.000000000,ASK_DEPTH,"[(100168, 320)]"
2019-06-28 09:47:00.000000000,IMBALANCE,"[220, 320]"
2019-06-28 09:48:00.000000000,BID_DEPTH,"[(100062, 341)]"
2019-06-28 09:48:00.000000000,ASK_DEPTH,"[(100168, 441)]"
2019-06-28 09:48:00.000000000,IMBALANCE,"[341, 441]"
2019-06-28 09:49:00.000000000,BID_DEPTH,"[(100062, 220)]"
2019-06-28 09:49:00.000000000,ASK_DEPTH,"[(100168, 320)]"
2019-06-28 09:49:00.000000000,IMBALANCE,"[220, 320]"
2019-06-28 09:50:00.000000000,BID_DEPTH,"[(100063, 196)]"
2019-06-28 09:50:00.000000000,ASK_DEPTH,"[(100168, 196)]"
2019-06-28 09:50:00.000000000,IMBALANCE,"[196, 196]"
2019-06-28 09:51:00.000000000,BID_DEPTH,"[(100062, 341)]"
2019-06-28 09:51:00.000000000,ASK_DEPTH,"[(100156, 341)]"
2019-06-28 09:51:00.000000000,IMBALANCE,"[341, 341]"
2019-06-28 09:52:00.000000000,BID_DEPTH,"[(100061, 264)]"
2019-06-28 09:52:00.000000000,ASK_DEPTH,"[(100156, 264)]"
2019-06-28 09:52:00.000000000,IMBALANCE,"[264, 264]"
2019-06-28 09:53:00.000000000,BID_DEPTH,"[(100028, 341)]"
2019-06-28 09:53:00.000000000,ASK_DEPTH,"[(100061, 341)]"
2019-06-28 09:53:00.000000000,IMBALANCE,"[341, 341]"
2019-06-28 09:54:00.000000000,BID_DEPTH,"[(99999, 264)]"
2019-06-28 09:54:00.000000000,ASK_DEPTH,"[(100061, 264)]"
2019-06-28 09:54:00.000000000,IMBALANCE,"[264, 264]"
2019-06-28 09:55:00.000000000,BID_DEPTH,"[(99963, 196)]"
2019-06-28 09:55:00.000000000,ASK_DEPTH,"[(100061, 196)]"
2019-06-28 09:55:00.000000000,IMBALANCE,"[196, 196]"
2019-06-28 09:56:00.000000000,BID_DEPTH,"[(100014, 682)]"
2019-06-28 09:56:00.000000000,ASK_DEPTH,"[(100168, 582)]"
2019-06-28 09:56:00.000000000,IMBALANCE,"[682, 582]"
2019-06-28 09:57:00.000000000,BID_DEPTH,"[(99963, 196)]"
2019-06-28 09:57:00.000000000,ASK_DEPTH,"[(100168, 196)]"
2019-06-28 09:57:00.000000000,IMBALANCE,"[196, 196]"
2019-06-28 09:58:00.000000000,BID_DEPTH,"[(99946, 582)]"
2019-06-28 09:58:00.000000000,ASK_DEPTH,"[(100168, 582)]"
2019-06-28 09:58:00.000000000,IMBALANCE,"[582, 582]"
2019-06-28 09:59:00.000000000,BID_DEPTH,"[(99868, 582)]"
2019-06-28 09:59:00.000000000,ASK_DEPTH,"[(100168, 582)]"
2019-06-28 09:59:00.000000000,IMBALANCE,"[582, 582]"
2019-06-28 10:00:00.000000000,BID_DEPTH,"[(99869, 220)]"
2019-06-28 10:00:00.000000000,ASK_DEPTH,"[(99925, 220)]"
2019-06-28 10:00:00.000000000,IMBALANCE,"[220, 220]"
2019-06-28 10:01:00.000000000,BID_DEPTH,"[(99977, 220)]"
2019-06-28 10:01:00.000000000,ASK_DEPTH,"[(100059, 220)]"
2019-06-28 10:01:00.000000000,IMBALANCE,"[220, 220]"
2019-06-28 10:02:00.000000000,BID_DEPTH,"[(99870, 364)]"
2019-06-28 10:02:00.000000000,ASK_DEPTH,"[(100127, 264)]"
2019-06-28 10:02:00.000000000,IMBALANCE,"[364, 264]"
2019-06-28 10:03:00.000000000,BID_DEPTH,"[(99870, 296)]"
2019-06-28 10:03:00.000000000,ASK_DEPTH,"[(100127, 196)]"
2019-06-28 10:03:00.000000000,IMBALANCE,"[296, 196]"
2019-06-28 10:04:00.000000000,BID_DEPTH,"[(100020, 196)]"
2019-06-28 10:04:00.000000000,ASK_DEPTH,"[(100168, 196)]"
2019-06-28 10:04:00.000000000,IMBALANCE,"[196, 196]"
2019-06-28 10:05:00.000000000,BID_DEPTH,"[(100127, 341)]"
2019-06-28 10:05:00.000000000,ASK_DEPTH,"[(100216, 341)]"
2019-06-28 10:05:00.000000000,IMBALANCE,"[341, 341]"
2019-06-28 10:06:00.000000000,BID_DEPTH,"[(100168, 582)]"
2019-06-28 10:06:00.000000000,ASK_DEPTH,"[(100242, 582)]"
2019-06-28 10:06:00.000000000,IMBALANCE,"[582, 582]"
2019-06-28 10:07:00.000000000,BID_DEPTH,"[(100168, 582)]"
2019-06-28 10:07:00.000000000,ASK_DEPTH,"[(100354, 582)]"
2019-06-28 10:07:00.000000000,IMBALANCE,"[582, 582]"
2019-06-28 10:08:00.000000000,BID_DEPTH,"[(100168, 196)]"
2019-06-28 10:08:00.000000000,ASK_DEPTH,"[(100353, 196)]"
2019-06-28 10:08:00.000000000,IMBALANCE,"[196, 196]"
2019-06-28 10:09:00.000000000,BID_DEPTH,"[(100168, 220)]"
2019-06-28 10:09:00.000000000,ASK_DEPTH,"[(100353, 220)]"
2019-06-28 10:09:00.000000000,IMBALANCE,"[220, 220]"
2019-06-28 10:10:00.000000000,BID_DEPTH,"[(100020, 196)]"
2019-06-28 10:10:00.000000000,ASK_DEPTH,"[(100353, 196)]"
2019-06-28 10:10:00.000000000,IMBALANCE,"[196, 196]"
2019-06-28 10:11:00.000000000,BID_DEPTH,"[(100020, 341)]"
2019-06-28 10:11:00.000000000,ASK_DEPTH,"[(100353, 341)]"
2019-06-28 10:11:00.000000000,IMBALANCE,"[341, 341]"
2019-06-28 10:12:00.000000000,BID_DEPTH,"[(99977, 364)]"
2019-06-28 10:12:00.000000000,ASK_DEPTH,"[(100353, 264)]"
2019-06-28 10:12:00.000000000,IMBALANCE,"[364, 264]"
2019-06-28 10:13:00.000000000,BID_DEPTH,"[(99844, 220)]"
2019-06-28 10:13:00.000000000,ASK_DEPTH,"[(99867, 220)]"
2019-06-28 10:13:00.000000000,IMBALANCE,"[220, 220]"
2019-06-28 10:14:00.000000000,BID_DEPTH,"[(99828, 341)]"
2019-06-28 10:14:00.000000000,ASK_DEPTH,"[(99867, 341)]"
2019-06-28 10:14:00.000000000,IMBALANCE,"[341, 341]"
2019-06-28 10:15:00.000000000,BID_DEPTH,"[(99686, 220)]"
2019-06-28 10:15:00.000000000,ASK_DEPTH,"[(99867, 220)]"
2019-06-28 10:15:00.000000000,IMBALANCE,"[220, 220]"
2019-06-28 10:16:00.000000000,BID_DEPTH,"[(99661, 341)]"
2019-06-28 10:16:00.000000000,ASK_DEPTH,"[(99828, 341)]"
2019-06-28 10:16:00.000000000,IMBALANCE,"[341, 341]"
2019-06-28 10:17:00.000000000,BID_DEPTH,"[(99726, 582)]"
2019-06-28 10:17:00.000000000,ASK_DEPTH,"[(99828, 582)]"
2019-06-28 10:17:00.000000000,IMBALANCE,"[582, 582]"
2019-06-28 10:18:00.000000000,BID_DEPTH,"[(99980, 196)]"
2019-06-28 10:18:00.000000000,ASK_DEPTH,"[(100081, 196)]"
2019-06-28 10:18:00.000000000,IMBALANCE,"[196, 196]"
2019-06-28 10:19:00.000000000,BID_DEPTH,"[(99908, 341)]"
2019-06-28 10:19:00.000000000,ASK_DEPTH,"[(100081, 341)]"
2019-06-28 10:19:00.000000000,IMBALANCE,"[341, 341]"
2019-06-28 10:20:00.000000000,BID_DEPTH,"[(99908, 220)]"
2019-06-28 10:20:00.000000000,ASK_DEPTH,"[(100281, 220)]"
2019-06-28 10:20:00.000000000,IMBALANCE,"[220, 220]"
2019-06-28 10:21:00.000000000,BID_DEPTH,"[(100261, 79)]"
2019-06-28 10:21:00.000000000,ASK_DEPTH,"[(100714, 196)]"
2019-06-28 10:21:00.000000000,IMBALANCE,"[79, 196]"
2019-06-28 10:21:00.000000000,HOLDINGS_UPDATED,"{'CASH': 10902349, 'JPM': -9}"
2019-06-28 10:22:00.000000000,BID_DEPTH,"[(100081, 341)]"
2019-06-28 10:22:00.000000000,ASK_DEPTH,"[(100714, 224)]"
2019-06-28 10:22:00.000000000,IMBALANCE,"[341, 224]"
2019-06-28 10:22:20.245226673,HOLDINGS_UPDATED,"{'CASH': 11808775, 'JPM': -18}"
2019-06-28 10:23:00.000000000,BID_DEPTH,"[(100081, 196)]"
2019-06-28 10:23:00.000000000,ASK_DEPTH,"[(100795, 79)]"
2019-06-28 10:23:00.000000000,IMBALANCE,"[196, 79]"
2019-06-28 10:23:04.368436988,HOLDINGS_UPDATED,"{'CASH': 12715930, 'JPM': -27}"
2019-06-28 10:24:00.000000000,BID_DEPTH,"[(100795, 108)]"
2019-06-28 10:24:00.000000000,ASK_DEPTH,"[(101385, 79)]"
2019-06-28 10:24:00.000000000,IMBALANCE,"[108, 79]"
2019-06-28 10:24:04.407994899,HOLDINGS_UPDATED,"{'CASH': 13628395, 'JPM': -36}"
2019-06-28 10:25:00.000000000,BID_DEPTH,"[(101655, 196)]"
2019-06-28 10:25:00.000000000,ASK_DEPTH,"[(101791, 79)]"
2019-06-28 10:25:00.000000000,IMBALANCE,"[196, 79]"
2019-06-28 10:26:00.000000000,BID_DEPTH,"[(101385, 494)]"
2019-06-28 10:26:00.000000000,ASK_DEPTH,"[(101655, 465)]"
2019-06-28 10:26:00.000000000,IMBALANCE,"[494, 465]"
2019-06-28 10:27:00.000000000,BID_DEPTH,"[(101212, 220)]"
2019-06-28 10:27:00.000000000,ASK_DEPTH,"[(101654, 103)]"
2019-06-28 10:27:00.000000000,IMBALANCE,"[220, 103]"
2019-06-28 10:28:00.000000000,HOLDINGS_UPDATED,"{'CASH': 14441627, 'JPM': -44}"
2019-06-28 10:28:00.000000000,HOLDINGS_UPDATED,"{'CASH': 14543281, 'JPM': -45}"
2019-06-28 10:28:00.000000000,BID_DEPTH,"[(101212, 220)]"
2019-06-28 10:28:00.000000000,ASK_DEPTH,"[(101654, 112)]"
2019-06-28 10:28:00.000000000,IMBALANCE,"[220, 112]"
2019-06-28 10:29:00.000000000,BID_DEPTH,"[(100970, 341)]"
2019-06-28 10:29:00.000000000,ASK_DEPTH,"[(101653, 224)]"
2019-06-28 10:29:00.000000000,IMBALANCE,"[341, 224]"
2019-06-28 10:30:00.000000000,HOLDINGS_UPDATED,"{'CASH': 15356505, 'JPM': -53}"
2019-06-28 10:30:00.000000000,HOLDINGS_UPDATED,"{'CASH': 15458158, 'JPM': -54}"
2019-06-28 10:30:00.000000000,BID_DEPTH,"[(100970, 220)]"
2019-06-28 10:30:00.000000000,ASK_DEPTH,"[(101653, 112)]"
2019-06-28 10:30:00.000000000,IMBALANCE,"[220, 112]"
2019-06-28 10:31:00.000000000,BID_DEPTH,"[(100795, 132)]"
2019-06-28 10:31:00.000000000,ASK_DEPTH,"[(101652, 103)]"
2019-06-28 10:31:00.000000000,IMBALANCE,"[132, 103]"
2019-06-28 10:32:00.000000000,BID_DEPTH,"[(100308, 196)]"
2019-06-28 10:32:00.000000000,ASK_DEPTH,"[(101651, 79)]"
2019-06-28 10:32:00.000000000,IMBALANCE,"[196, 79]"
2019-06-28 10:33:00.000000000,BID_DEPTH,"[(100308, 264)]"
2019-06-28 10:33:00.000000000,ASK_DEPTH,"[(100344, 147)]"
2019-06-28 10:33:00.000000000,IMBALANCE,"[264, 147]"
2019-06-28 10:34:00.000000000,BID_DEPTH,"[(100388, 682)]"
2019-06-28 10:34:00.000000000,ASK_DEPTH,"[(100522, 465)]"
2019-06-28 10:34:00.000000000,IMBALANCE,"[682, 465]"
2019-06-28 10:35:00.000000000,BID_DEPTH,"[(100423, 196)]"
2019-06-28 10:35:00.000000000,ASK_DEPTH,"[(100447, 79)]"
2019-06-28 10:35:00.000000000,IMBALANCE,"[196, 79]"
2019-06-28 10:36:00.000000000,BID_DEPTH,"[(100388, 682)]"
2019-06-28 10:36:00.000000000,ASK_DEPTH,"[(100447, 465)]"
2019-06-28 10:36:00.000000000,IMBALANCE,"[682, 465]"
2019-06-28 10:37:00.000000000,BID_DEPTH,"[(100388, 341)]"
2019-06-28 10:37:00.000000000,ASK_DEPTH,"[(100484, 224)]"
2019-06-28 10:37:00.000000000,IMBALANCE,"[341, 224]"
2019-06-28 10:38:00.000000000,BID_DEPTH,"[(100485, 582)]"
2019-06-28 10:38:00.000000000,ASK_DEPTH,"[(100561, 565)]"
2019-06-28 10:38:00.000000000,IMBALANCE,"[582, 565]"
2019-06-28 10:39:00.000000000,BID_DEPTH,"[(100485, 196)]"
2019-06-28 10:39:00.000000000,ASK_DEPTH,"[(100561, 62)]"
2019-06-28 10:39:00.000000000,IMBALANCE,"[196, 62]"
2019-06-28 10:40:00.000000000,BID_DEPTH,"[(100710, 264)]"
2019-06-28 10:40:00.000000000,ASK_DEPTH,"[(100739, 147)]"
2019-06-28 10:40:00.000000000,IMBALANCE,"[264, 147]"
2019-06-28 10:41:00.000000000,BID_DEPTH,"[(100789, 264)]"
2019-06-28 10:41:00.000000000,ASK_DEPTH,"[(100917, 147)]"
2019-06-28 10:41:00.000000000,IMBALANCE,"[264, 147]"
2019-06-28 10:42:00.000000000,BID_DEPTH,"[(100788, 486)]"
2019-06-28 10:42:00.000000000,ASK_DEPTH,"[(101128, 465)]"
2019-06-28 10:42:00.000000000,IMBALANCE,"[486, 465]"
2019-06-28 10:43:00.000000000,BID_DEPTH,"[(100710, 341)]"
2019-06-28 10:43:00.000000000,ASK_DEPTH,"[(101128, 224)]"
2019-06-28 10:43:00.000000000,IMBALANCE,"[341, 224]"
2019-06-28 10:44:00.000000000,HOLDINGS_UPDATED,"{'CASH': 16271374, 'JPM': -62}"
2019-06-28 10:44:00.000000000,HOLDINGS_UPDATED,"{'CASH': 16373026, 'JPM': -63}"
2019-06-28 10:44:00.000000000,HOLDINGS_UPDATED,"{'CASH': 16881291, 'JPM': -68}"
2019-06-28 10:44:00.000000000,HOLDINGS_UPDATED,"{'CASH': 17084597, 'JPM': -70}"
2019-06-28 10:44:00.000000000,HOLDINGS_UPDATED,"{'CASH': 17287903, 'JPM': -72}"
2019-06-28 10:44:00.000000000,BID_DEPTH,"[(101652, 1)]"
2019-06-28 10:44:00.000000000,ASK_DEPTH,"[(101653, 94)]"
2019-06-28 10:44:00.000000000,IMBALANCE,"[1, 94]"
2019-06-28 10:45:00.000000000,HOLDINGS_UPDATED,"{'CASH': 18101127, 'JPM': -80}"
2019-06-28 10:45:00.000000000,HOLDINGS_UPDATED,"{'CASH': 18202780, 'JPM': -81}"
2019-06-28 10:45:00.000000000,BID_DEPTH,"[(101652, 483)]"
2019-06-28 10:45:00.000000000,ASK_DEPTH,"[(101653, 374)]"
2019-06-28 10:45:00.000000000,IMBALANCE,"[483, 374]"
2019-06-28 10:46:00.000000000,BID_DEPTH,"[(100388, 264)]"
2019-06-28 10:46:00.000000000,ASK_DEPTH,"[(101652, 50)]"
2019-06-28 10:46:00.000000000,IMBALANCE,"[264, 50]"
2019-06-28 10:47:00.000000000,HOLDINGS_UPDATED,"{'CASH': 19016004, 'JPM': -89}"
2019-06-28 10:47:00.000000000,HOLDINGS_UPDATED,"{'CASH': 19117657, 'JPM': -90}"
2019-06-28 10:47:00.000000000,BID_DEPTH,"[(100388, 341)]"
2019-06-28 10:47:00.000000000,ASK_DEPTH,"[(101653, 233)]"
2019-06-28 10:47:00.000000000,IMBALANCE,"[341, 233]"
2019-06-28 10:48:00.000000000,BID_DEPTH,"[(100388, 220)]"
2019-06-28 10:48:00.000000000,ASK_DEPTH,"[(101653, 203)]"
2019-06-28 10:48:00.000000000,IMBALANCE,"[220, 203]"
2019-06-28 10:49:00.000000000,BID_DEPTH,"[(100012, 264)]"
2019-06-28 10:49:00.000000000,ASK_DEPTH,"[(101653, 330)]"
2019-06-28 10:49:00.000000000,IMBALANCE,"[264, 330]"
2019-06-28 10:50:00.000000000,BID_DEPTH,"[(99930, 341)]"
2019-06-28 10:50:00.000000000,ASK_DEPTH,"[(101653, 290)]"
2019-06-28 10:50:00.000000000,IMBALANCE,"[341, 290]"
2019-06-28 10:51:00.000000000,BID_DEPTH,"[(100004, 264)]"
2019-06-28 10:51:00.000000000,ASK_DEPTH,"[(101652, 147)]"
2019-06-28 10:51:00.000000000,IMBALANCE,"[264, 147]"
2019-06-28 10:52:00.000000000,BID_DEPTH,"[(99918, 196)]"
2019-06-28 10:52:00.000000000,ASK_DEPTH,"[(100004, 79)]"
2019-06-28 10:52:00.000000000,IMBALANCE,"[196, 79]"
2019-06-28 10:53:00.000000000,BID_DEPTH,"[(99904, 196)]"
2019-06-28 10:53:00.000000000,ASK_DEPTH,"[(100003, 79)]"
2019-06-28 10:53:00.000000000,IMBALANCE,"[196, 79]"
2019-06-28 10:54:00.000000000,BID_DEPTH,"[(99831, 264)]"
2019-06-28 10:54:00.000000000,ASK_DEPTH,"[(99904, 147)]"
2019-06-28 10:54:00.000000000,IMBALANCE,"[264, 147]"
2019-06-28 10:55:00.000000000,BID_DEPTH,"[(99800, 264)]"
2019-06-28 10:55:00.000000000,ASK_DEPTH,"[(99904, 147)]"
2019-06-28 10:55:00.000000000,IMBALANCE,"[264, 147]"
2019-06-28 10:56:00.000000000,BID_DEPTH,"[(99795, 196)]"
2019-06-28 10:56:00.000000000,ASK_DEPTH,"[(100003, 179)]"
2019-06-28 10:56:00.000000000,IMBALANCE,"[196, 179]"
2019-06-28 10:57:00.000000000,BID_DEPTH,"[(99781, 341)]"
2019-06-28 10:57:00.000000000,ASK_DEPTH,"[(100003, 207)]"
2019-06-28 10:57:00.000000000,IMBALANCE,"[341, 207]"
2019-06-28 10:58:00.000000000,BID_DEPTH,"[(99663, 582)]"
2019-06-28 10:58:00.000000000,ASK_DEPTH,"[(100003, 465)]"
2019-06-28 10:58:00.000000000,IMBALANCE,"[582, 465]"
2019-06-28 10:59:00.000000000,BID_DEPTH,"[(99663, 196)]"
2019-06-28 10:59:00.000000000,ASK_DEPTH,"[(100004, 79)]"
2019-06-28 10:59:00.000000000,IMBALANCE,"[196, 79]"
2019-06-28 11:00:00.000000000,BID_DEPTH,"[(99238, 147)]"
2019-06-28 11:00:00.000000000,ASK_DEPTH,"[(100004, 264)]"
2019-06-28 11:00:00.000000000,IMBALANCE,"[147, 264]"
2019-06-28 11:00:18.916505756,HOLDINGS_UPDATED,"{'CASH': 18224515, 'JPM': -81}"
2019-06-28 11:01:00.000000000,BID_DEPTH,"[(99084, 103)]"
2019-06-28 11:01:00.000000000,ASK_DEPTH,"[(100004, 220)]"
2019-06-28 11:01:00.000000000,IMBALANCE,"[103, 220]"
2019-06-28 11:02:00.000000000,HOLDINGS_UPDATED,"{'CASH': 17431843, 'JPM': -73}"
2019-06-28 11:02:00.000000000,HOLDINGS_UPDATED,"{'CASH': 17332759, 'JPM': -72}"
2019-06-28 11:02:00.000000000,BID_DEPTH,"[(99033, 185)]"
2019-06-28 11:02:00.000000000,ASK_DEPTH,"[(99084, 1)]"
2019-06-28 11:02:00.000000000,IMBALANCE,"[185, 1]"
2019-06-28 11:02:57.211223778,HOLDINGS_UPDATED,"{'CASH': 16441462, 'JPM': -63}"
2019-06-28 11:03:00.000000000,BID_DEPTH,"[(99017, 79)]"
2019-06-28 11:03:00.000000000,ASK_DEPTH,"[(99063, 196)]"
2019-06-28 11:03:00.000000000,IMBALANCE,"[79, 196]"
2019-06-28 11:04:00.000000000,HOLDINGS_UPDATED,"{'CASH': 15649326, 'JPM': -55}"
2019-06-28 11:04:00.000000000,HOLDINGS_UPDATED,"{'CASH': 15550309, 'JPM': -54}"
2019-06-28 11:04:00.000000000,BID_DEPTH,"[(99017, 312)]"
2019-06-28 11:04:00.000000000,ASK_DEPTH,"[(99063, 220)]"
2019-06-28 11:04:00.000000000,IMBALANCE,"[312, 220]"
2019-06-28 11:05:00.000000000,HOLDINGS_UPDATED,"{'CASH': 15154241, 'JPM': -50}"
2019-06-28 11:05:00.000000000,HOLDINGS_UPDATED,"{'CASH': 14659156, 'JPM': -45}"
2019-06-28 11:05:00.000000000,BID_DEPTH,"[(99017, 180)]"
2019-06-28 11:05:00.000000000,ASK_DEPTH,"[(99063, 196)]"
2019-06-28 11:05:00.000000000,IMBALANCE,"[180, 196]"
2019-06-28 11:06:00.000000000,HOLDINGS_UPDATED,"{'CASH': 14461122, 'JPM': -43}"
2019-06-28 11:06:00.000000000,HOLDINGS_UPDATED,"{'CASH': 13966037, 'JPM': -38}"
2019-06-28 11:06:00.000000000,HOLDINGS_UPDATED,"{'CASH': 13768003, 'JPM': -36}"
2019-06-28 11:06:00.000000000,BID_DEPTH,"[(99017, 96)]"
2019-06-28 11:06:00.000000000,ASK_DEPTH,"[(99063, 220)]"
2019-06-28 11:06:00.000000000,IMBALANCE,"[96, 220]"
2019-06-28 11:06:18.342552419,HOLDINGS_UPDATED,"{'CASH': 12876850, 'JPM': -27}"
2019-06-28 11:07:00.000000000,BID_DEPTH,"[(98885, 147)]"
2019-06-28 11:07:00.000000000,ASK_DEPTH,"[(99063, 264)]"
2019-06-28 11:07:00.000000000,IMBALANCE,"[147, 264]"
2019-06-28 11:07:34.988010197,HOLDINGS_UPDATED,"{'CASH': 11986885, 'JPM': -18}"
2019-06-28 11:08:00.000000000,BID_DEPTH,"[(98885, 374)]"
2019-06-28 11:08:00.000000000,ASK_DEPTH,"[(99063, 582)]"
2019-06-28 11:08:00.000000000,IMBALANCE,"[374, 582]"
2019-06-28 11:09:00.000000000,HOLDINGS_UPDATED,"{'CASH': 11195805, 'JPM': -10}"
2019-06-28 11:09:00.000000000,HOLDINGS_UPDATED,"{'CASH': 11096920, 'JPM': -9}"
2019-06-28 11:09:00.000000000,BID_DEPTH,"[(98885, 88)]"
2019-06-28 11:09:00.000000000,ASK_DEPTH,"[(99063, 196)]"
2019-06-28 11:09:00.000000000,IMBALANCE,"[88, 196]"
2019-06-28 11:10:00.000000000,HOLDINGS_UPDATED,"{'CASH': 10305840, 'JPM': -1}"
2019-06-28 11:10:00.000000000,HOLDINGS_UPDATED,{'CASH': 10206955}
2019-06-28 11:10:00.000000000,BID_DEPTH,"[(98885, 212)]"
2019-06-28 11:10:00.000000000,ASK_DEPTH,"[(99084, 121)]"
2019-06-28 11:10:00.000000000,IMBALANCE,"[212, 121]"
2019-06-28 11:11:00.000000000,BID_DEPTH,"[(99084, 368)]"
2019-06-28 11:11:00.000000000,ASK_DEPTH,"[(99268, 582)]"
2019-06-28 11:11:00.000000000,IMBALANCE,"[368, 582]"
2019-06-28 11:12:00.000000000,BID_DEPTH,"[(99200, 103)]"
2019-06-28 11:12:00.000000000,ASK_DEPTH,"[(99268, 220)]"
2019-06-28 11:12:00.000000000,IMBALANCE,"[103, 220]"
2019-06-28 11:13:00.000000000,BID_DEPTH,"[(98994, 147)]"
2019-06-28 11:13:00.000000000,ASK_DEPTH,"[(99546, 264)]"
2019-06-28 11:13:00.000000000,IMBALANCE,"[147, 264]"
2019-06-28 11:14:00.000000000,BID_DEPTH,"[(98994, 179)]"
2019-06-28 11:14:00.000000000,ASK_DEPTH,"[(99546, 196)]"
2019-06-28 11:14:00.000000000,IMBALANCE,"[179, 196]"
2019-06-28 11:15:00.000000000,HOLDINGS_UPDATED,"{'CASH': 9415875, 'JPM': 8}"
2019-06-28 11:15:00.000000000,HOLDINGS_UPDATED,"{'CASH': 9316990, 'JPM': 9}"
2019-06-28 11:15:00.000000000,BID_DEPTH,"[(98885, 56)]"
2019-06-28 11:15:00.000000000,ASK_DEPTH,"[(98927, 168)]"
2019-06-28 11:15:00.000000000,IMBALANCE,"[56, 168]"
2019-06-28 11:16:00.000000000,BID_DEPTH,"[(98885, 224)]"
2019-06-28 11:16:00.000000000,ASK_DEPTH,"[(98963, 341)]"
2019-06-28 11:16:00.000000000,IMBALANCE,"[224, 341]"
2019-06-28 11:17:00.000000000,BID_DEPTH,"[(98959, 79)]"
2019-06-28 11:17:00.000000000,ASK_DEPTH,"[(98963, 196)]"
2019-06-28 11:17:00.000000000,IMBALANCE,"[79, 196]"
2019-06-28 11:18:00.000000000,BID_DEPTH,"[(98959, 79)]"
2019-06-28 11:18:00.000000000,ASK_DEPTH,"[(99171, 196)]"
2019-06-28 11:18:00.000000000,IMBALANCE,"[79, 196]"
2019-06-28 11:19:00.000000000,BID_DEPTH,"[(98960, 79)]"
2019-06-28 11:19:00.000000000,ASK_DEPTH,"[(99216, 196)]"
2019-06-28 11:19:00.000000000,IMBALANCE,"[79, 196]"
2019-06-28 11:20:00.000000000,BID_DEPTH,"[(98960, 103)]"
2019-06-28 11:20:00.000000000,ASK_DEPTH,"[(99668, 220)]"
2019-06-28 11:20:00.000000000,IMBALANCE,"[103, 220]"
2019-06-28 11:21:00.000000000,BID_DEPTH,"[(99606, 465)]"
2019-06-28 11:21:00.000000000,ASK_DEPTH,"[(99799, 582)]"
2019-06-28 11:21:00.000000000,IMBALANCE,"[465, 582]"
2019-06-28 11:22:00.000000000,BID_DEPTH,"[(98959, 465)]"
2019-06-28 11:22:00.000000000,ASK_DEPTH,"[(99799, 582)]"
2019-06-28 11:22:00.000000000,IMBALANCE,"[465, 582]"
2019-06-28 11:23:00.000000000,BID_DEPTH,"[(99612, 103)]"
2019-06-28 11:23:00.000000000,ASK_DEPTH,"[(99990, 220)]"
2019-06-28 11:23:00.000000000,IMBALANCE,"[103, 220]"
2019-06-28 11:24:00.000000000,BID_DEPTH,"[(99785, 79)]"
2019-06-28 11:24:00.000000000,ASK_DEPTH,"[(99990, 196)]"
2019-06-28 11:24:00.000000000,IMBALANCE,"[79, 196]"
2019-06-28 11:25:00.000000000,BID_DEPTH,"[(99980, 224)]"
2019-06-28 11:25:00.000000000,ASK_DEPTH,"[(99990, 341)]"
2019-06-28 11:25:00.000000000,IMBALANCE,"[224, 341]"
2019-06-28 11:26:00.000000000,BID_DEPTH,"[(99912, 103)]"
2019-06-28 11:26:00.000000000,ASK_DEPTH,"[(99990, 220)]"
2019-06-28 11:26:00.000000000,IMBALANCE,"[103, 220]"
2019-06-28 11:27:00.000000000,BID_DEPTH,"[(99612, 147)]"
2019-06-28 11:27:00.000000000,ASK_DEPTH,"[(100041, 264)]"
2019-06-28 11:27:00.000000000,IMBALANCE,"[147, 264]"
2019-06-28 11:28:00.000000000,BID_DEPTH,"[(98850, 79)]"
2019-06-28 11:28:00.000000000,ASK_DEPTH,"[(100122, 196)]"
2019-06-28 11:28:00.000000000,IMBALANCE,"[79, 196]"
2019-06-28 11:29:00.000000000,BID_DEPTH,"[(100007, 147)]"
2019-06-28 11:29:00.000000000,ASK_DEPTH,"[(100150, 264)]"
2019-06-28 11:29:00.000000000,IMBALANCE,"[147, 264]"
2019-06-28 11:30:00.000000000,BID_DEPTH,"[(100007, 147)]"
2019-06-28 11:30:00.000000000,ASK_DEPTH,"[(100360, 264)]"
2019-06-28 11:30:00.000000000,IMBALANCE,"[147, 264]"
2019-06-28 11:31:00.000000000,BID_DEPTH,"[(100815, 79)]"
2019-06-28 11:31:00.000000000,ASK_DEPTH,"[(101322, 196)]"
2019-06-28 11:31:00.000000000,IMBALANCE,"[79, 196]"
2019-06-28 11:31:00.000000000,HOLDINGS_UPDATED,{'CASH': 10224325}
2019-06-28 11:32:00.000000000,BID_DEPTH,"[(100896, 147)]"
2019-06-28 11:32:00.000000000,ASK_DEPTH,"[(100959, 264)]"
2019-06-28 11:32:00.000000000,IMBALANCE,"[147, 264]"
2019-06-28 11:33:00.000000000,BID_DEPTH,"[(100896, 79)]"
2019-06-28 11:33:00.000000000,ASK_DEPTH,"[(101060, 196)]"
2019-06-28 11:33:00.000000000,IMBALANCE,"[79, 196]"
2019-06-28 11:34:00.000000000,BID_DEPTH,"[(100897, 582)]"
2019-06-28 11:34:00.000000000,ASK_DEPTH,"[(101275, 465)]"
2019-06-28 11:34:00.000000000,IMBALANCE,"[582, 465]"
2019-06-28 11:35:00.000000000,HOLDINGS_UPDATED,"{'CASH': 11034525, 'JPM': -8}"
2019-06-28 11:35:00.000000000,HOLDINGS_UPDATED,"{'CASH': 11135800, 'JPM': -9}"
2019-06-28 11:35:00.000000000,BID_DEPTH,"[(101209, 264)]"
2019-06-28 11:35:00.000000000,ASK_DEPTH,"[(101275, 56)]"
2019-06-28 11:35:00.000000000,IMBALANCE,"[264, 56]"
2019-06-28 11:35:27.964265101,HOLDINGS_UPDATED,"{'CASH': 12047275, 'JPM': -18}"
2019-06-28 11:36:00.000000000,BID_DEPTH,"[(101087, 196)]"
2019-06-28 11:36:00.000000000,ASK_DEPTH,"[(101322, 79)]"
2019-06-28 11:36:00.000000000,IMBALANCE,"[196, 79]"
2019-06-28 11:37:00.000000000,HOLDINGS_UPDATED,"{'CASH': 12857851, 'JPM': -26}"
2019-06-28 11:37:00.000000000,HOLDINGS_UPDATED,"{'CASH': 12959173, 'JPM': -27}"
2019-06-28 11:37:00.000000000,BID_DEPTH,"[(101046, 220)]"
2019-06-28 11:37:00.000000000,ASK_DEPTH,"[(101322, 112)]"
2019-06-28 11:37:00.000000000,IMBALANCE,"[220, 112]"
2019-06-28 11:38:00.000000000,HOLDINGS_UPDATED,"{'CASH': 13769749, 'JPM': -35}"
2019-06-28 11:38:00.000000000,HOLDINGS_UPDATED,"{'CASH': 13871071, 'JPM': -36}"
2019-06-28 11:38:00.000000000,BID_DEPTH,"[(101016, 582)]"
2019-06-28 11:38:00.000000000,ASK_DEPTH,"[(101322, 374)]"
2019-06-28 11:38:00.000000000,IMBALANCE,"[582, 374]"
2019-06-28 11:39:00.000000000,BID_DEPTH,"[(100924, 264)]"
2019-06-28 11:39:00.000000000,ASK_DEPTH,"[(101321, 147)]"
2019-06-28 11:39:00.000000000,IMBALANCE,"[264, 147]"
2019-06-28 11:40:00.000000000,HOLDINGS_UPDATED,"{'CASH': 14681639, 'JPM': -44}"
2019-06-28 11:40:00.000000000,HOLDINGS_UPDATED,"{'CASH': 14782960, 'JPM': -45}"
2019-06-28 11:40:00.000000000,BID_DEPTH,"[(100897, 582)]"
2019-06-28 11:40:00.000000000,ASK_DEPTH,"[(101321, 374)]"
2019-06-28 11:40:00.000000000,IMBALANCE,"[582, 374]"
2019-06-28 11:41:00.000000000,BID_DEPTH,"[(100896, 264)]"
2019-06-28 11:41:00.000000000,ASK_DEPTH,"[(101320, 147)]"
2019-06-28 11:41:00.000000000,IMBALANCE,"[264, 147]"
2019-06-28 11:42:00.000000000,HOLDINGS_UPDATED,"{'CASH': 15593520, 'JPM': -53}"
2019-06-28 11:42:00.000000000,HOLDINGS_UPDATED,"{'CASH': 15694840, 'JPM': -54}"
2019-06-28 11:42:00.000000000,BID_DEPTH,"[(100844, 220)]"
2019-06-28 11:42:00.000000000,ASK_DEPTH,"[(101320, 112)]"
2019-06-28 11:42:00.000000000,IMBALANCE,"[220, 112]"
2019-06-28 11:43:00.000000000,HOLDINGS_UPDATED,"{'CASH': 16505400, 'JPM': -62}"
2019-06-28 11:43:00.000000000,HOLDINGS_UPDATED,"{'CASH': 16606720, 'JPM': -63}"
2019-06-28 11:43:00.000000000,BID_DEPTH,"[(100843, 264)]"
2019-06-28 11:43:00.000000000,ASK_DEPTH,"[(101320, 156)]"
2019-06-28 11:43:00.000000000,IMBALANCE,"[264, 156]"
2019-06-28 11:44:00.000000000,HOLDINGS_UPDATED,"{'CASH': 17417288, 'JPM': -71}"
2019-06-28 11:44:00.000000000,HOLDINGS_UPDATED,"{'CASH': 17518609, 'JPM': -72}"
2019-06-28 11:44:00.000000000,BID_DEPTH,"[(100544, 582)]"
2019-06-28 11:44:00.000000000,ASK_DEPTH,"[(101321, 474)]"
2019-06-28 11:44:00.000000000,IMBALANCE,"[582, 474]"
2019-06-28 11:45:00.000000000,BID_DEPTH,"[(100542, 220)]"
2019-06-28 11:45:00.000000000,ASK_DEPTH,"[(101321, 103)]"
2019-06-28 11:45:00.000000000,IMBALANCE,"[220, 103]"
2019-06-28 11:46:00.000000000,BID_DEPTH,"[(100452, 341)]"
2019-06-28 11:46:00.000000000,ASK_DEPTH,"[(101321, 224)]"
2019-06-28 11:46:00.000000000,IMBALANCE,"[341, 224]"
2019-06-28 11:47:00.000000000,BID_DEPTH,"[(99939, 220)]"
2019-06-28 11:47:00.000000000,ASK_DEPTH,"[(100452, 103)]"
2019-06-28 11:47:00.000000000,IMBALANCE,"[220, 103]"
2019-06-28 11:48:00.000000000,BID_DEPTH,"[(99882, 220)]"
2019-06-28 11:48:00.000000000,ASK_DEPTH,"[(99999, 103)]"
2019-06-28 11:48:00.000000000,IMBALANCE,"[220, 103]"
2019-06-28 11:49:00.000000000,BID_DEPTH,"[(99899, 582)]"
2019-06-28 11:49:00.000000000,ASK_DEPTH,"[(100080, 465)]"
2019-06-28 11:49:00.000000000,IMBALANCE,"[582, 465]"
2019-06-28 11:50:00.000000000,BID_DEPTH,"[(99899, 220)]"
2019-06-28 11:50:00.000000000,ASK_DEPTH,"[(99992, 103)]"
2019-06-28 11:50:00.000000000,IMBALANCE,"[220, 103]"
2019-06-28 11:51:00.000000000,BID_DEPTH,"[(99899, 196)]"
2019-06-28 11:51:00.000000000,ASK_DEPTH,"[(100452, 79)]"
2019-06-28 11:51:00.000000000,IMBALANCE,"[196, 79]"
2019-06-28 11:52:00.000000000,BID_DEPTH,"[(100320, 582)]"
2019-06-28 11:52:00.000000000,ASK_DEPTH,"[(100431, 465)]"
2019-06-28 11:52:00.000000000,IMBALANCE,"[582, 465]"
2019-06-28 11:53:00.000000000,HOLDINGS_UPDATED,"{'CASH': 18329185, 'JPM': -80}"
2019-06-28 11:53:00.000000000,HOLDINGS_UPDATED,"{'CASH': 18430507, 'JPM': -81}"
2019-06-28 11:53:00.000000000,BID_DEPTH,"[(100841, 582)]"
2019-06-28 11:53:00.000000000,ASK_DEPTH,"[(101322, 374)]"
2019-06-28 11:53:00.000000000,IMBALANCE,"[582, 374]"
2019-06-28 11:54:00.000000000,BID_DEPTH,"[(100808, 582)]"
2019-06-28 11:54:00.000000000,ASK_DEPTH,"[(101370, 465)]"
2019-06-28 11:54:00.000000000,IMBALANCE,"[582, 465]"
2019-06-28 11:55:00.000000000,BID_DEPTH,"[(100808, 196)]"
2019-06-28 11:55:00.000000000,ASK_DEPTH,"[(101222, 79)]"
2019-06-28 11:55:00.000000000,IMBALANCE,"[196, 79]"
2019-06-28 11:56:00.000000000,BID_DEPTH,"[(100808, 341)]"
2019-06-28 11:56:00.000000000,ASK_DEPTH,"[(101370, 224)]"
2019-06-28 11:56:00.000000000,IMBALANCE,"[341, 224]"
2019-06-28 11:57:00.000000000,HOLDINGS_UPDATED,"{'CASH': 19243739, 'JPM': -89}"
2019-06-28 11:57:00.000000000,HOLDINGS_UPDATED,"{'CASH': 19345393, 'JPM': -90}"
2019-06-28 11:57:00.000000000,HOLDINGS_UPDATED,"{'CASH': 19853668, 'JPM': -95}"
2019-06-28 11:57:00.000000000,HOLDINGS_UPDATED,"{'CASH': 20056978, 'JPM': -97}"
2019-06-28 11:57:00.000000000,HOLDINGS_UPDATED,"{'CASH': 20260288, 'JPM': -99}"
2019-06-28 11:57:00.000000000,BID_DEPTH,"[(101654, 1)]"
2019-06-28 11:57:00.000000000,ASK_DEPTH,"[(101655, 94)]"
2019-06-28 11:57:00.000000000,IMBALANCE,"[1, 94]"
2019-06-28 11:58:00.000000000,HOLDINGS_UPDATED,"{'CASH': 21073528, 'JPM': -107}"
2019-06-28 11:58:00.000000000,HOLDINGS_UPDATED,"{'CASH': 21175183, 'JPM': -108}"
2019-06-28 11:58:00.000000000,BID_DEPTH,"[(101654, 242)]"
2019-06-28 11:58:00.000000000,ASK_DEPTH,"[(101655, 133)]"
2019-06-28 11:58:00.000000000,IMBALANCE,"[242, 133]"
2019-06-28 11:59:00.000000000,HOLDINGS_UPDATED,"{'CASH': 21988423, 'JPM': -116}"
2019-06-28 11:59:00.000000000,HOLDINGS_UPDATED,"{'CASH': 22090078, 'JPM': -117}"
2019-06-28 11:59:00.000000000,BID_DEPTH,"[(100320, 264)]"
2019-06-28 11:59:00.000000000,ASK_DEPTH,"[(101655, 56)]"
2019-06-28 11:59:00.000000000,IMBALANCE,"[264, 56]"
2019-06-28 12:00:00.000000000,BID_DEPTH,"[(99899, 582)]"
2019-06-28 12:00:00.000000000,ASK_DEPTH,"[(101655, 465)]"
2019-06-28 12:00:00.000000000,IMBALANCE,"[582, 465]"
2019-06-28 12:01:00.000000000,BID_DEPTH,"[(99896, 582)]"
2019-06-28 12:01:00.000000000,ASK_DEPTH,"[(101655, 465)]"
2019-06-28 12:01:00.000000000,IMBALANCE,"[582, 465]"
2019-06-28 12:02:00.000000000,BID_DEPTH,"[(99896, 196)]"
2019-06-28 12:02:00.000000000,ASK_DEPTH,"[(101655, 179)]"
2019-06-28 12:02:00.000000000,IMBALANCE,"[196, 179]"
2019-06-28 12:03:00.000000000,BID_DEPTH,"[(99907, 341)]"
2019-06-28 12:03:00.000000000,ASK_DEPTH,"[(101655, 207)]"
2019-06-28 12:03:00.000000000,IMBALANCE,"[341, 207]"
2019-06-28 12:04:00.000000000,BID_DEPTH,"[(99951, 220)]"
2019-06-28 12:04:00.000000000,ASK_DEPTH,"[(101659, 103)]"
2019-06-28 12:04:00.000000000,IMBALANCE,"[220, 103]"
2019-06-28 12:05:00.000000000,BID_DEPTH,"[(99951, 341)]"
2019-06-28 12:05:00.000000000,ASK_DEPTH,"[(100654, 224)]"
2019-06-28 12:05:00.000000000,IMBALANCE,"[341, 224]"
2019-06-28 12:06:00.000000000,BID_DEPTH,"[(100564, 264)]"
2019-06-28 12:06:00.000000000,ASK_DEPTH,"[(100654, 147)]"
2019-06-28 12:06:00.000000000,IMBALANCE,"[264, 147]"
2019-06-28 12:07:00.000000000,BID_DEPTH,"[(100564, 341)]"
2019-06-28 12:07:00.000000000,ASK_DEPTH,"[(100654, 324)]"
2019-06-28 12:07:00.000000000,IMBALANCE,"[341, 324]"
2019-06-28 12:08:00.000000000,BID_DEPTH,"[(100521, 582)]"
2019-06-28 12:08:00.000000000,ASK_DEPTH,"[(100654, 548)]"
2019-06-28 12:08:00.000000000,IMBALANCE,"[582, 548]"
2019-06-28 12:09:00.000000000,BID_DEPTH,"[(100245, 582)]"
2019-06-28 12:09:00.000000000,ASK_DEPTH,"[(100654, 431)]"
2019-06-28 12:09:00.000000000,IMBALANCE,"[582, 431]"
2019-06-28 12:10:00.000000000,BID_DEPTH,"[(100226, 582)]"
2019-06-28 12:10:00.000000000,ASK_DEPTH,"[(100245, 465)]"
2019-06-28 12:10:00.000000000,IMBALANCE,"[582, 465]"
2019-06-28 12:11:00.000000000,BID_DEPTH,"[(100245, 264)]"
2019-06-28 12:11:00.000000000,ASK_DEPTH,"[(100284, 147)]"
2019-06-28 12:11:00.000000000,IMBALANCE,"[264, 147]"
2019-06-28 12:12:00.000000000,BID_DEPTH,"[(100245, 196)]"
2019-06-28 12:12:00.000000000,ASK_DEPTH,"[(100306, 79)]"
2019-06-28 12:12:00.000000000,IMBALANCE,"[196, 79]"
2019-06-28 12:13:00.000000000,BID_DEPTH,"[(100275, 196)]"
2019-06-28 12:13:00.000000000,ASK_DEPTH,"[(100356, 79)]"
2019-06-28 12:13:00.000000000,IMBALANCE,"[196, 79]"
2019-06-28 12:14:00.000000000,BID_DEPTH,"[(100245, 196)]"
2019-06-28 12:14:00.000000000,ASK_DEPTH,"[(100369, 79)]"
2019-06-28 12:14:00.000000000,IMBALANCE,"[196, 79]"
2019-06-28 12:15:00.000000000,BID_DEPTH,"[(100245, 103)]"
2019-06-28 12:15:00.000000000,ASK_DEPTH,"[(100369, 220)]"
2019-06-28 12:15:00.000000000,IMBALANCE,"[103, 220]"
2019-06-28 12:16:00.000000000,BID_DEPTH,"[(100369, 224)]"
2019-06-28 12:16:00.000000000,ASK_DEPTH,"[(100538, 341)]"
2019-06-28 12:16:00.000000000,IMBALANCE,"[224, 341]"
2019-06-28 12:17:00.000000000,BID_DEPTH,"[(100496, 224)]"
2019-06-28 12:17:00.000000000,ASK_DEPTH,"[(100842, 341)]"
2019-06-28 12:17:00.000000000,IMBALANCE,"[224, 341]"
2019-06-28 12:18:00.000000000,BID_DEPTH,"[(100246, 103)]"
2019-06-28 12:18:00.000000000,ASK_DEPTH,"[(100557, 220)]"
2019-06-28 12:18:00.000000000,IMBALANCE,"[103, 220]"
2019-06-28 12:19:00.000000000,BID_DEPTH,"[(100221, 147)]"
2019-06-28 12:19:00.000000000,ASK_DEPTH,"[(100336, 264)]"
2019-06-28 12:19:00.000000000,IMBALANCE,"[147, 264]"
2019-06-28 12:20:00.000000000,BID_DEPTH,"[(100158, 103)]"
2019-06-28 12:20:00.000000000,ASK_DEPTH,"[(100336, 220)]"
2019-06-28 12:20:00.000000000,IMBALANCE,"[103, 220]"
2019-06-28 12:21:00.000000000,BID_DEPTH,"[(99985, 465)]"
2019-06-28 12:21:00.000000000,ASK_DEPTH,"[(100254, 582)]"
2019-06-28 12:21:00.000000000,IMBALANCE,"[465, 582]"
2019-06-28 12:22:00.000000000,BID_DEPTH,"[(99897, 79)]"
2019-06-28 12:22:00.000000000,ASK_DEPTH,"[(100254, 196)]"
2019-06-28 12:22:00.000000000,IMBALANCE,"[79, 196]"
2019-06-28 12:23:00.000000000,BID_DEPTH,"[(99694, 103)]"
2019-06-28 12:23:00.000000000,ASK_DEPTH,"[(99896, 420)]"
2019-06-28 12:23:00.000000000,IMBALANCE,"[103, 420]"
2019-06-28 12:24:00.000000000,HOLDINGS_UPDATED,"{'CASH': 21292526, 'JPM': -109}"
2019-06-28 12:24:00.000000000,HOLDINGS_UPDATED,"{'CASH': 21192832, 'JPM': -108}"
2019-06-28 12:24:00.000000000,BID_DEPTH,"[(99694, 374)]"
2019-06-28 12:24:00.000000000,ASK_DEPTH,"[(99875, 582)]"
2019-06-28 12:24:00.000000000,IMBALANCE,"[374, 582]"
2019-06-28 12:24:15.738181253,HOLDINGS_UPDATED,"{'CASH': 20295586, 'JPM': -99}"
2019-06-28 12:25:00.000000000,BID_DEPTH,"[(99691, 147)]"
2019-06-28 12:25:00.000000000,ASK_DEPTH,"[(99875, 264)]"
2019-06-28 12:25:00.000000000,IMBALANCE,"[147, 264]"
2019-06-28 12:26:00.000000000,BID_DEPTH,"[(99733, 79)]"
2019-06-28 12:26:00.000000000,ASK_DEPTH,"[(99748, 196)]"
2019-06-28 12:26:00.000000000,IMBALANCE,"[79, 196]"
2019-06-28 12:26:40.637632338,HOLDINGS_UPDATED,"{'CASH': 19397989, 'JPM': -90}"
2019-06-28 12:27:00.000000000,HOLDINGS_UPDATED,"{'CASH': 18600461, 'JPM': -82}"
2019-06-28 12:27:00.000000000,HOLDINGS_UPDATED,"{'CASH': 18500770, 'JPM': -81}"
2019-06-28 12:27:00.000000000,BID_DEPTH,"[(99691, 88)]"
2019-06-28 12:27:00.000000000,ASK_DEPTH,"[(99733, 167)]"
2019-06-28 12:27:00.000000000,IMBALANCE,"[88, 167]"
2019-06-28 12:28:00.000000000,BID_DEPTH,"[(99875, 103)]"
2019-06-28 12:28:00.000000000,ASK_DEPTH,"[(100029, 220)]"
2019-06-28 12:28:00.000000000,IMBALANCE,"[103, 220]"
2019-06-28 12:29:00.000000000,BID_DEPTH,"[(99925, 465)]"
2019-06-28 12:29:00.000000000,ASK_DEPTH,"[(100029, 582)]"
2019-06-28 12:29:00.000000000,IMBALANCE,"[465, 582]"
2019-06-28 12:30:00.000000000,BID_DEPTH,"[(99925, 179)]"
2019-06-28 12:30:00.000000000,ASK_DEPTH,"[(100029, 196)]"
2019-06-28 12:30:00.000000000,IMBALANCE,"[179, 196]"
2019-06-28 12:31:00.000000000,BID_DEPTH,"[(99925, 86)]"
2019-06-28 12:31:00.000000000,ASK_DEPTH,"[(100012, 220)]"
2019-06-28 12:31:00.000000000,IMBALANCE,"[86, 220]"
2019-06-28 12:32:00.000000000,BID_DEPTH,"[(99993, 103)]"
2019-06-28 12:32:00.000000000,ASK_DEPTH,"[(100012, 220)]"
2019-06-28 12:32:00.000000000,IMBALANCE,"[103, 220]"
2019-06-28 12:33:00.000000000,BID_DEPTH,"[(99875, 103)]"
2019-06-28 12:33:00.000000000,ASK_DEPTH,"[(100012, 220)]"
2019-06-28 12:33:00.000000000,IMBALANCE,"[103, 220]"
2019-06-28 12:34:00.000000000,BID_DEPTH,"[(99866, 224)]"
2019-06-28 12:34:00.000000000,ASK_DEPTH,"[(99875, 441)]"
2019-06-28 12:34:00.000000000,IMBALANCE,"[224, 441]"
2019-06-28 12:35:00.000000000,BID_DEPTH,"[(99841, 465)]"
2019-06-28 12:35:00.000000000,ASK_DEPTH,"[(99875, 682)]"
2019-06-28 12:35:00.000000000,IMBALANCE,"[465, 682]"
2019-06-28 12:36:00.000000000,BID_DEPTH,"[(99798, 224)]"
2019-06-28 12:36:00.000000000,ASK_DEPTH,"[(100069, 341)]"
2019-06-28 12:36:00.000000000,IMBALANCE,"[224, 341]"
2019-06-28 12:37:00.000000000,BID_DEPTH,"[(99713, 79)]"
2019-06-28 12:37:00.000000000,ASK_DEPTH,"[(100069, 196)]"
2019-06-28 12:37:00.000000000,IMBALANCE,"[79, 196]"
2019-06-28 12:38:00.000000000,HOLDINGS_UPDATED,"{'CASH': 17703242, 'JPM': -73}"
2019-06-28 12:38:00.000000000,HOLDINGS_UPDATED,"{'CASH': 17603551, 'JPM': -72}"
2019-06-28 12:38:00.000000000,BID_DEPTH,"[(99691, 12)]"
2019-06-28 12:38:00.000000000,ASK_DEPTH,"[(100189, 220)]"
2019-06-28 12:38:00.000000000,IMBALANCE,"[12, 220]"
2019-06-28 12:39:00.000000000,BID_DEPTH,"[(99691, 465)]"
2019-06-28 12:39:00.000000000,ASK_DEPTH,"[(100189, 582)]"
2019-06-28 12:39:00.000000000,IMBALANCE,"[465, 582]"
2019-06-28 12:40:00.000000000,BID_DEPTH,"[(99691, 179)]"
2019-06-28 12:40:00.000000000,ASK_DEPTH,"[(100207, 196)]"
2019-06-28 12:40:00.000000000,IMBALANCE,"[179, 196]"
2019-06-28 12:41:00.000000000,BID_DEPTH,"[(99691, 130)]"
2019-06-28 12:41:00.000000000,ASK_DEPTH,"[(100336, 264)]"
2019-06-28 12:41:00.000000000,IMBALANCE,"[130, 264]"
2019-06-28 12:42:00.000000000,BID_DEPTH,"[(99644, 103)]"
2019-06-28 12:42:00.000000000,ASK_DEPTH,"[(100789, 220)]"
2019-06-28 12:42:00.000000000,IMBALANCE,"[103, 220]"
2019-06-28 12:43:00.000000000,BID_DEPTH,"[(100501, 103)]"
2019-06-28 12:43:00.000000000,ASK_DEPTH,"[(100704, 220)]"
2019-06-28 12:43:00.000000000,IMBALANCE,"[103, 220]"
2019-06-28 12:44:00.000000000,BID_DEPTH,"[(99614, 465)]"
2019-06-28 12:44:00.000000000,ASK_DEPTH,"[(100703, 582)]"
2019-06-28 12:44:00.000000000,IMBALANCE,"[465, 582]"
2019-06-28 12:45:00.000000000,BID_DEPTH,"[(100101, 224)]"
2019-06-28 12:45:00.000000000,ASK_DEPTH,"[(100707, 341)]"
2019-06-28 12:45:00.000000000,IMBALANCE,"[224, 341]"
2019-06-28 12:46:00.000000000,BID_DEPTH,"[(100079, 79)]"
2019-06-28 12:46:00.000000000,ASK_DEPTH,"[(100280, 196)]"
2019-06-28 12:46:00.000000000,IMBALANCE,"[79, 196]"
2019-06-28 12:47:00.000000000,BID_DEPTH,"[(100079, 465)]"
2019-06-28 12:47:00.000000000,ASK_DEPTH,"[(100194, 582)]"
2019-06-28 12:47:00.000000000,IMBALANCE,"[465, 582]"
2019-06-28 12:48:00.000000000,BID_DEPTH,"[(100060, 147)]"
2019-06-28 12:48:00.000000000,ASK_DEPTH,"[(100079, 264)]"
2019-06-28 12:48:00.000000000,IMBALANCE,"[147, 264]"
2019-06-28 12:49:00.000000000,BID_DEPTH,"[(100060, 203)]"
2019-06-28 12:49:00.000000000,ASK_DEPTH,"[(100079, 220)]"
2019-06-28 12:49:00.000000000,IMBALANCE,"[203, 220]"
2019-06-28 12:50:00.000000000,BID_DEPTH,"[(99952, 147)]"
2019-06-28 12:50:00.000000000,ASK_DEPTH,"[(100078, 264)]"
2019-06-28 12:50:00.000000000,IMBALANCE,"[147, 264]"
2019-06-28 12:51:00.000000000,BID_DEPTH,"[(99928, 147)]"
2019-06-28 12:51:00.000000000,ASK_DEPTH,"[(99952, 264)]"
2019-06-28 12:51:00.000000000,IMBALANCE,"[147, 264]"
2019-06-28 12:52:00.000000000,BID_DEPTH,"[(99893, 79)]"
2019-06-28 12:52:00.000000000,ASK_DEPTH,"[(99952, 196)]"
2019-06-28 12:52:00.000000000,IMBALANCE,"[79, 196]"
2019-06-28 12:53:00.000000000,BID_DEPTH,"[(99893, 79)]"
2019-06-28 12:53:00.000000000,ASK_DEPTH,"[(99952, 196)]"
2019-06-28 12:53:00.000000000,IMBALANCE,"[79, 196]"
2019-06-28 12:54:00.000000000,BID_DEPTH,"[(99893, 465)]"
2019-06-28 12:54:00.000000000,ASK_DEPTH,"[(99987, 582)]"
2019-06-28 12:54:00.000000000,IMBALANCE,"[465, 582]"
2019-06-28 12:55:00.000000000,BID_DEPTH,"[(99948, 103)]"
2019-06-28 12:55:00.000000000,ASK_DEPTH,"[(99990, 220)]"
2019-06-28 12:55:00.000000000,IMBALANCE,"[103, 220]"
2019-06-28 12:56:00.000000000,BID_DEPTH,"[(99883, 79)]"
2019-06-28 12:56:00.000000000,ASK_DEPTH,"[(99990, 196)]"
2019-06-28 12:56:00.000000000,IMBALANCE,"[79, 196]"
2019-06-28 12:57:00.000000000,BID_DEPTH,"[(99735, 147)]"
2019-06-28 12:57:00.000000000,ASK_DEPTH,"[(99990, 264)]"
2019-06-28 12:57:00.000000000,IMBALANCE,"[147, 264]"
2019-06-28 12:58:00.000000000,BID_DEPTH,"[(99716, 224)]"
2019-06-28 12:58:00.000000000,ASK_DEPTH,"[(100098, 341)]"
2019-06-28 12:58:00.000000000,IMBALANCE,"[224, 341]"
2019-06-28 12:59:00.000000000,BID_DEPTH,"[(99716, 103)]"
2019-06-28 12:59:00.000000000,ASK_DEPTH,"[(100234, 220)]"
2019-06-28 12:59:00.000000000,IMBALANCE,"[103, 220]"
2019-06-28 13:00:00.000000000,BID_DEPTH,"[(99716, 320)]"
2019-06-28 13:00:00.000000000,ASK_DEPTH,"[(100234, 103)]"
2019-06-28 13:00:00.000000000,IMBALANCE,"[320, 103]"
2019-06-28 13:01:00.000000000,BID_DEPTH,"[(100234, 396)]"
2019-06-28 13:01:00.000000000,ASK_DEPTH,"[(100366, 79)]"
2019-06-28 13:01:00.000000000,IMBALANCE,"[396, 79]"
2019-06-28 13:02:00.000000000,BID_DEPTH,"[(100455, 264)]"
2019-06-28 13:02:00.000000000,ASK_DEPTH,"[(100530, 147)]"
2019-06-28 13:02:00.000000000,IMBALANCE,"[264, 147]"
2019-06-28 13:03:00.000000000,HOLDINGS_UPDATED,"{'CASH': 18407791, 'JPM': -80}"
2019-06-28 13:03:00.000000000,HOLDINGS_UPDATED,"{'CASH': 18508321, 'JPM': -81}"
2019-06-28 13:03:00.000000000,BID_DEPTH,"[(100530, 1)]"
2019-06-28 13:03:00.000000000,ASK_DEPTH,"[(100572, 185)]"
2019-06-28 13:03:00.000000000,IMBALANCE,"[1, 185]"
2019-06-28 13:03:38.339185318,HOLDINGS_UPDATED,"{'CASH': 19413469, 'JPM': -90}"
2019-06-28 13:04:00.000000000,BID_DEPTH,"[(100530, 242)]"
2019-06-28 13:04:00.000000000,ASK_DEPTH,"[(100579, 224)]"
2019-06-28 13:04:00.000000000,IMBALANCE,"[242, 224]"
2019-06-28 13:04:50.093485498,HOLDINGS_UPDATED,"{'CASH': 20318680, 'JPM': -99}"
2019-06-28 13:05:00.000000000,BID_DEPTH,"[(100530, 97)]"
2019-06-28 13:05:00.000000000,ASK_DEPTH,"[(100607, 79)]"
2019-06-28 13:05:00.000000000,IMBALANCE,"[97, 79]"
2019-06-28 13:06:00.000000000,BID_DEPTH,"[(100367, 264)]"
2019-06-28 13:06:00.000000000,ASK_DEPTH,"[(100530, 50)]"
2019-06-28 13:06:00.000000000,IMBALANCE,"[264, 50]"
2019-06-28 13:07:00.000000000,BID_DEPTH,"[(100234, 420)]"
2019-06-28 13:07:00.000000000,ASK_DEPTH,"[(100530, 103)]"
2019-06-28 13:07:00.000000000,IMBALANCE,"[420, 103]"
2019-06-28 13:08:00.000000000,BID_DEPTH,"[(99805, 341)]"
2019-06-28 13:08:00.000000000,ASK_DEPTH,"[(100303, 224)]"
2019-06-28 13:08:00.000000000,IMBALANCE,"[341, 224]"
2019-06-28 13:09:00.000000000,BID_DEPTH,"[(100303, 341)]"
2019-06-28 13:09:00.000000000,ASK_DEPTH,"[(100324, 224)]"
2019-06-28 13:09:00.000000000,IMBALANCE,"[341, 224]"
2019-06-28 13:10:00.000000000,BID_DEPTH,"[(100303, 196)]"
2019-06-28 13:10:00.000000000,ASK_DEPTH,"[(100375, 79)]"
2019-06-28 13:10:00.000000000,IMBALANCE,"[196, 79]"
2019-06-28 13:11:00.000000000,BID_DEPTH,"[(100375, 117)]"
2019-06-28 13:11:00.000000000,ASK_DEPTH,"[(100487, 79)]"
2019-06-28 13:11:00.000000000,IMBALANCE,"[117, 79]"
2019-06-28 13:12:00.000000000,HOLDINGS_UPDATED,"{'CASH': 21123536, 'JPM': -107}"
2019-06-28 13:12:00.000000000,HOLDINGS_UPDATED,"{'CASH': 21224143, 'JPM': -108}"
2019-06-28 13:12:00.000000000,BID_DEPTH,"[(100513, 264)]"
2019-06-28 13:12:00.000000000,ASK_DEPTH,"[(100607, 56)]"
2019-06-28 13:12:00.000000000,IMBALANCE,"[264, 56]"
2019-06-28 13:12:09.457090133,HOLDINGS_UPDATED,"{'CASH': 22129606, 'JPM': -117}"
2019-06-28 13:13:00.000000000,BID_DEPTH,"[(100607, 517)]"
2019-06-28 13:13:00.000000000,ASK_DEPTH,"[(100648, 465)]"
2019-06-28 13:13:00.000000000,IMBALANCE,"[517, 465]"
2019-06-28 13:14:00.000000000,BID_DEPTH,"[(100513, 341)]"
2019-06-28 13:14:00.000000000,ASK_DEPTH,"[(100607, 169)]"
2019-06-28 13:14:00.000000000,IMBALANCE,"[341, 169]"
2019-06-28 13:15:00.000000000,HOLDINGS_UPDATED,"{'CASH': 22934462, 'JPM': -125}"
2019-06-28 13:15:00.000000000,HOLDINGS_UPDATED,"{'CASH': 23035069, 'JPM': -126}"
2019-06-28 13:15:00.000000000,BID_DEPTH,"[(100383, 264)]"
2019-06-28 13:15:00.000000000,ASK_DEPTH,"[(100607, 56)]"
2019-06-28 13:15:00.000000000,IMBALANCE,"[264, 56]"
2019-06-28 13:16:00.000000000,BID_DEPTH,"[(100375, 582)]"
2019-06-28 13:16:00.000000000,ASK_DEPTH,"[(100607, 465)]"
2019-06-28 13:16:00.000000000,IMBALANCE,"[582, 465]"
2019-06-28 13:17:00.000000000,BID_DEPTH,"[(100356, 196)]"
2019-06-28 13:17:00.000000000,ASK_DEPTH,"[(100607, 79)]"
2019-06-28 13:17:00.000000000,IMBALANCE,"[196, 79]"
2019-06-28 13:18:00.000000000,BID_DEPTH,"[(100295, 341)]"
2019-06-28 13:18:00.000000000,ASK_DEPTH,"[(100607, 224)]"
2019-06-28 13:18:00.000000000,IMBALANCE,"[341, 224]"
2019-06-28 13:19:00.000000000,HOLDINGS_UPDATED,"{'CASH': 23840253, 'JPM': -134}"
2019-06-28 13:19:00.000000000,HOLDINGS_UPDATED,"{'CASH': 23940901, 'JPM': -135}"
2019-06-28 13:19:00.000000000,BID_DEPTH,"[(100295, 582)]"
2019-06-28 13:19:00.000000000,ASK_DEPTH,"[(100648, 374)]"
2019-06-28 13:19:00.000000000,IMBALANCE,"[582, 374]"
2019-06-28 13:20:00.000000000,BID_DEPTH,"[(100162, 196)]"
2019-06-28 13:20:00.000000000,ASK_DEPTH,"[(100648, 279)]"
2019-06-28 13:20:00.000000000,IMBALANCE,"[196, 279]"
2019-06-28 13:21:00.000000000,BID_DEPTH,"[(100001, 264)]"
2019-06-28 13:21:00.000000000,ASK_DEPTH,"[(100162, 147)]"
2019-06-28 13:21:00.000000000,IMBALANCE,"[264, 147]"
2019-06-28 13:22:00.000000000,BID_DEPTH,"[(99810, 341)]"
2019-06-28 13:22:00.000000000,ASK_DEPTH,"[(100001, 224)]"
2019-06-28 13:22:00.000000000,IMBALANCE,"[341, 224]"
2019-06-28 13:23:00.000000000,BID_DEPTH,"[(99763, 220)]"
2019-06-28 13:23:00.000000000,ASK_DEPTH,"[(100648, 186)]"
2019-06-28 13:23:00.000000000,IMBALANCE,"[220, 186]"
2019-06-28 13:24:00.000000000,BID_DEPTH,"[(99617, 582)]"
2019-06-28 13:24:00.000000000,ASK_DEPTH,"[(99763, 369)]"
2019-06-28 13:24:00.000000000,IMBALANCE,"[582, 369]"
2019-06-28 13:24:00.000000000,HOLDINGS_UPDATED,"{'CASH': 23043034, 'JPM': -126}"
2019-06-28 13:25:00.000000000,BID_DEPTH,"[(99609, 196)]"
2019-06-28 13:25:00.000000000,ASK_DEPTH,"[(99763, 79)]"
2019-06-28 13:25:00.000000000,IMBALANCE,"[196, 79]"
2019-06-28 13:25:00.000000000,HOLDINGS_UPDATED,"{'CASH': 22145167, 'JPM': -117}"
2019-06-28 13:26:00.000000000,BID_DEPTH,"[(100305, 341)]"
2019-06-28 13:26:00.000000000,ASK_DEPTH,"[(100647, 224)]"
2019-06-28 13:26:00.000000000,IMBALANCE,"[341, 224]"
2019-06-28 13:27:00.000000000,BID_DEPTH,"[(99831, 582)]"
2019-06-28 13:27:00.000000000,ASK_DEPTH,"[(100648, 431)]"
2019-06-28 13:27:00.000000000,IMBALANCE,"[582, 431]"
2019-06-28 13:28:00.000000000,BID_DEPTH,"[(99785, 196)]"
2019-06-28 13:28:00.000000000,ASK_DEPTH,"[(100005, 79)]"
2019-06-28 13:28:00.000000000,IMBALANCE,"[196, 79]"
2019-06-28 13:29:00.000000000,BID_DEPTH,"[(99766, 220)]"
2019-06-28 13:29:00.000000000,ASK_DEPTH,"[(100012, 103)]"
2019-06-28 13:29:00.000000000,IMBALANCE,"[220, 103]"
2019-06-28 13:30:00.000000000,BID_DEPTH,"[(99767, 220)]"
2019-06-28 13:30:00.000000000,ASK_DEPTH,"[(99901, 103)]"
2019-06-28 13:30:00.000000000,IMBALANCE,"[220, 103]"
2019-06-28 13:31:00.000000000,BID_DEPTH,"[(99747, 196)]"
2019-06-28 13:31:00.000000000,ASK_DEPTH,"[(99901, 79)]"
2019-06-28 13:31:00.000000000,IMBALANCE,"[196, 79]"
2019-06-28 13:32:00.000000000,BID_DEPTH,"[(99747, 103)]"
2019-06-28 13:32:00.000000000,ASK_DEPTH,"[(99901, 320)]"
2019-06-28 13:32:00.000000000,IMBALANCE,"[103, 320]"
2019-06-28 13:33:00.000000000,BID_DEPTH,"[(99728, 103)]"
2019-06-28 13:33:00.000000000,ASK_DEPTH,"[(99901, 220)]"
2019-06-28 13:33:00.000000000,IMBALANCE,"[103, 220]"
2019-06-28 13:34:00.000000000,BID_DEPTH,"[(99607, 147)]"
2019-06-28 13:34:00.000000000,ASK_DEPTH,"[(99901, 264)]"
2019-06-28 13:34:00.000000000,IMBALANCE,"[147, 264]"
2019-06-28 13:35:00.000000000,BID_DEPTH,"[(99594, 465)]"
2019-06-28 13:35:00.000000000,ASK_DEPTH,"[(99607, 582)]"
2019-06-28 13:35:00.000000000,IMBALANCE,"[465, 582]"
2019-06-28 13:35:53.214017399,HOLDINGS_UPDATED,"{'CASH': 21248821, 'JPM': -108}"
2019-06-28 13:36:00.000000000,BID_DEPTH,"[(99576, 103)]"
2019-06-28 13:36:00.000000000,ASK_DEPTH,"[(99607, 220)]"
2019-06-28 13:36:00.000000000,IMBALANCE,"[103, 220]"
2019-06-28 13:36:35.083404873,HOLDINGS_UPDATED,"{'CASH': 20352637, 'JPM': -99}"
2019-06-28 13:37:00.000000000,BID_DEPTH,"[(99531, 224)]"
2019-06-28 13:37:00.000000000,ASK_DEPTH,"[(99607, 341)]"
2019-06-28 13:37:00.000000000,IMBALANCE,"[224, 341]"
2019-06-28 13:37:52.336765157,HOLDINGS_UPDATED,"{'CASH': 19456858, 'JPM': -90}"
2019-06-28 13:38:00.000000000,BID_DEPTH,"[(99518, 79)]"
2019-06-28 13:38:00.000000000,ASK_DEPTH,"[(99607, 196)]"
2019-06-28 13:38:00.000000000,IMBALANCE,"[79, 196]"
2019-06-28 13:38:22.546329941,HOLDINGS_UPDATED,"{'CASH': 18561196, 'JPM': -81}"
2019-06-28 13:39:00.000000000,BID_DEPTH,"[(99505, 147)]"
2019-06-28 13:39:00.000000000,ASK_DEPTH,"[(99607, 264)]"
2019-06-28 13:39:00.000000000,IMBALANCE,"[147, 264]"
2019-06-28 13:40:00.000000000,HOLDINGS_UPDATED,"{'CASH': 17765156, 'JPM': -73}"
2019-06-28 13:40:00.000000000,HOLDINGS_UPDATED,"{'CASH': 17665651, 'JPM': -72}"
2019-06-28 13:40:00.000000000,BID_DEPTH,"[(99505, 374)]"
2019-06-28 13:40:00.000000000,ASK_DEPTH,"[(99607, 582)]"
2019-06-28 13:40:00.000000000,IMBALANCE,"[374, 582]"
2019-06-28 13:41:00.000000000,BID_DEPTH,"[(99507, 79)]"
2019-06-28 13:41:00.000000000,ASK_DEPTH,"[(99607, 196)]"
2019-06-28 13:41:00.000000000,IMBALANCE,"[79, 196]"
2019-06-28 13:41:41.965245408,HOLDINGS_UPDATED,"{'CASH': 16770088, 'JPM': -63}"
2019-06-28 13:42:00.000000000,HOLDINGS_UPDATED,"{'CASH': 15974048, 'JPM': -55}"
2019-06-28 13:42:00.000000000,HOLDINGS_UPDATED,"{'CASH': 15874543, 'JPM': -54}"
2019-06-28 13:42:00.000000000,BID_DEPTH,"[(99505, 56)]"
2019-06-28 13:42:00.000000000,ASK_DEPTH,"[(99507, 235)]"
2019-06-28 13:42:00.000000000,IMBALANCE,"[56, 235]"
2019-06-28 13:42:35.400579249,HOLDINGS_UPDATED,"{'CASH': 14978998, 'JPM': -45}"
2019-06-28 13:43:00.000000000,BID_DEPTH,"[(99377, 79)]"
2019-06-28 13:43:00.000000000,ASK_DEPTH,"[(99507, 167)]"
2019-06-28 13:43:00.000000000,IMBALANCE,"[79, 167]"
2019-06-28 13:43:21.570818852,HOLDINGS_UPDATED,"{'CASH': 14084605, 'JPM': -36}"
2019-06-28 13:44:00.000000000,BID_DEPTH,"[(99057, 147)]"
2019-06-28 13:44:00.000000000,ASK_DEPTH,"[(99377, 191)]"
2019-06-28 13:44:00.000000000,IMBALANCE,"[147, 191]"
2019-06-28 13:45:00.000000000,BID_DEPTH,"[(99137, 224)]"
2019-06-28 13:45:00.000000000,ASK_DEPTH,"[(99377, 268)]"
2019-06-28 13:45:00.000000000,IMBALANCE,"[224, 268]"
2019-06-28 13:46:00.000000000,BID_DEPTH,"[(99267, 103)]"
2019-06-28 13:46:00.000000000,ASK_DEPTH,"[(99507, 191)]"
2019-06-28 13:46:00.000000000,IMBALANCE,"[103, 191]"
2019-06-28 13:47:00.000000000,HOLDINGS_UPDATED,"{'CASH': 13290469, 'JPM': -28}"
2019-06-28 13:47:00.000000000,HOLDINGS_UPDATED,"{'CASH': 13191202, 'JPM': -27}"
2019-06-28 13:47:00.000000000,BID_DEPTH,"[(99267, 112)]"
2019-06-28 13:47:00.000000000,ASK_DEPTH,"[(99607, 220)]"
2019-06-28 13:47:00.000000000,IMBALANCE,"[112, 220]"
2019-06-28 13:48:00.000000000,BID_DEPTH,"[(99607, 465)]"
2019-06-28 13:48:00.000000000,ASK_DEPTH,"[(101791, 491)]"
2019-06-28 13:48:00.000000000,IMBALANCE,"[465, 491]"
2019-06-28 13:48:00.000000000,HOLDINGS_UPDATED,"{'CASH': 14087665, 'JPM': -36}"
2019-06-28 13:49:00.000000000,HOLDINGS_UPDATED,"{'CASH': 13294569, 'JPM': -28}"
2019-06-28 13:49:00.000000000,HOLDINGS_UPDATED,"{'CASH': 13195432, 'JPM': -27}"
2019-06-28 13:49:00.000000000,BID_DEPTH,"[(99137, 12)]"
2019-06-28 13:49:00.000000000,ASK_DEPTH,"[(101791, 129)]"
2019-06-28 13:49:00.000000000,IMBALANCE,"[12, 129]"
2019-06-28 13:50:00.000000000,BID_DEPTH,"[(101517, 224)]"
2019-06-28 13:50:00.000000000,ASK_DEPTH,"[(101791, 250)]"
2019-06-28 13:50:00.000000000,IMBALANCE,"[224, 250]"
2019-06-28 13:50:00.000000000,HOLDINGS_UPDATED,"{'CASH': 14109085, 'JPM': -36}"
2019-06-28 13:51:00.000000000,HOLDINGS_UPDATED,"{'CASH': 13316629, 'JPM': -28}"
2019-06-28 13:51:00.000000000,HOLDINGS_UPDATED,"{'CASH': 13217572, 'JPM': -27}"
2019-06-28 13:51:00.000000000,BID_DEPTH,"[(99006, 185)]"
2019-06-28 13:51:00.000000000,ASK_DEPTH,"[(99057, 1)]"
2019-06-28 13:51:00.000000000,IMBALANCE,"[185, 1]"
2019-06-28 13:52:00.000000000,BID_DEPTH,"[(99057, 50)]"
2019-06-28 13:52:00.000000000,ASK_DEPTH,"[(100545, 264)]"
2019-06-28 13:52:00.000000000,IMBALANCE,"[50, 264]"
2019-06-28 13:53:00.000000000,BID_DEPTH,"[(100417, 147)]"
2019-06-28 13:53:00.000000000,ASK_DEPTH,"[(100545, 264)]"
2019-06-28 13:53:00.000000000,IMBALANCE,"[147, 264]"
2019-06-28 13:54:00.000000000,BID_DEPTH,"[(100303, 147)]"
2019-06-28 13:54:00.000000000,ASK_DEPTH,"[(100545, 264)]"
2019-06-28 13:54:00.000000000,IMBALANCE,"[147, 264]"
2019-06-28 13:55:00.000000000,BID_DEPTH,"[(99057, 247)]"
2019-06-28 13:55:00.000000000,ASK_DEPTH,"[(99912, 264)]"
2019-06-28 13:55:00.000000000,IMBALANCE,"[247, 264]"
2019-06-28 13:56:00.000000000,BID_DEPTH,"[(100158, 103)]"
2019-06-28 13:56:00.000000000,ASK_DEPTH,"[(100413, 220)]"
2019-06-28 13:56:00.000000000,IMBALANCE,"[103, 220]"
2019-06-28 13:57:00.000000000,BID_DEPTH,"[(100158, 103)]"
2019-06-28 13:57:00.000000000,ASK_DEPTH,"[(100545, 220)]"
2019-06-28 13:57:00.000000000,IMBALANCE,"[103, 220]"
2019-06-28 13:58:00.000000000,BID_DEPTH,"[(99057, 86)]"
2019-06-28 13:58:00.000000000,ASK_DEPTH,"[(100490, 220)]"
2019-06-28 13:58:00.000000000,IMBALANCE,"[86, 220]"
2019-06-28 13:59:00.000000000,BID_DEPTH,"[(99057, 247)]"
2019-06-28 13:59:00.000000000,ASK_DEPTH,"[(100490, 264)]"
2019-06-28 13:59:00.000000000,IMBALANCE,"[247, 264]"
2019-06-28 14:00:00.000000000,BID_DEPTH,"[(99057, 162)]"
2019-06-28 14:00:00.000000000,ASK_DEPTH,"[(100572, 196)]"
2019-06-28 14:00:00.000000000,IMBALANCE,"[162, 196]"
2019-06-28 14:01:00.000000000,BID_DEPTH,"[(100555, 103)]"
2019-06-28 14:01:00.000000000,ASK_DEPTH,"[(100594, 220)]"
2019-06-28 14:01:00.000000000,IMBALANCE,"[103, 220]"
2019-06-28 14:02:00.000000000,BID_DEPTH,"[(100259, 196)]"
2019-06-28 14:02:00.000000000,ASK_DEPTH,"[(100555, 179)]"
2019-06-28 14:02:00.000000000,IMBALANCE,"[196, 179]"
2019-06-28 14:03:00.000000000,BID_DEPTH,"[(100259, 582)]"
2019-06-28 14:03:00.000000000,ASK_DEPTH,"[(100555, 448)]"
2019-06-28 14:03:00.000000000,IMBALANCE,"[582, 448]"
2019-06-28 14:04:00.000000000,BID_DEPTH,"[(100259, 582)]"
2019-06-28 14:04:00.000000000,ASK_DEPTH,"[(100594, 465)]"
2019-06-28 14:04:00.000000000,IMBALANCE,"[582, 465]"
2019-06-28 14:05:00.000000000,BID_DEPTH,"[(100353, 341)]"
2019-06-28 14:05:00.000000000,ASK_DEPTH,"[(100712, 224)]"
2019-06-28 14:05:00.000000000,IMBALANCE,"[341, 224]"
2019-06-28 14:06:00.000000000,BID_DEPTH,"[(99891, 341)]"
2019-06-28 14:06:00.000000000,ASK_DEPTH,"[(100744, 224)]"
2019-06-28 14:06:00.000000000,IMBALANCE,"[341, 224]"
2019-06-28 14:07:00.000000000,BID_DEPTH,"[(99891, 196)]"
2019-06-28 14:07:00.000000000,ASK_DEPTH,"[(100048, 79)]"
2019-06-28 14:07:00.000000000,IMBALANCE,"[196, 79]"
2019-06-28 14:08:00.000000000,BID_DEPTH,"[(100048, 296)]"
2019-06-28 14:08:00.000000000,ASK_DEPTH,"[(100220, 79)]"
2019-06-28 14:08:00.000000000,IMBALANCE,"[296, 79]"
2019-06-28 14:09:00.000000000,BID_DEPTH,"[(100049, 264)]"
2019-06-28 14:09:00.000000000,ASK_DEPTH,"[(100220, 147)]"
2019-06-28 14:09:00.000000000,IMBALANCE,"[264, 147]"
2019-06-28 14:10:00.000000000,BID_DEPTH,"[(100089, 582)]"
2019-06-28 14:10:00.000000000,ASK_DEPTH,"[(100232, 465)]"
2019-06-28 14:10:00.000000000,IMBALANCE,"[582, 465]"
2019-06-28 14:11:00.000000000,BID_DEPTH,"[(100089, 196)]"
2019-06-28 14:11:00.000000000,ASK_DEPTH,"[(100326, 79)]"
2019-06-28 14:11:00.000000000,IMBALANCE,"[196, 79]"
2019-06-28 14:12:00.000000000,BID_DEPTH,"[(100048, 264)]"
2019-06-28 14:12:00.000000000,ASK_DEPTH,"[(100049, 147)]"
2019-06-28 14:12:00.000000000,IMBALANCE,"[264, 147]"
2019-06-28 14:13:00.000000000,BID_DEPTH,"[(99970, 582)]"
2019-06-28 14:13:00.000000000,ASK_DEPTH,"[(100326, 565)]"
2019-06-28 14:13:00.000000000,IMBALANCE,"[582, 565]"
2019-06-28 14:14:00.000000000,BID_DEPTH,"[(99889, 264)]"
2019-06-28 14:14:00.000000000,ASK_DEPTH,"[(100326, 130)]"
2019-06-28 14:14:00.000000000,IMBALANCE,"[264, 130]"
2019-06-28 14:15:00.000000000,BID_DEPTH,"[(99806, 264)]"
2019-06-28 14:15:00.000000000,ASK_DEPTH,"[(100370, 147)]"
2019-06-28 14:15:00.000000000,IMBALANCE,"[264, 147]"
2019-06-28 14:16:00.000000000,BID_DEPTH,"[(99197, 582)]"
2019-06-28 14:16:00.000000000,ASK_DEPTH,"[(100813, 465)]"
2019-06-28 14:16:00.000000000,IMBALANCE,"[582, 465]"
2019-06-28 14:17:00.000000000,BID_DEPTH,"[(99197, 220)]"
2019-06-28 14:17:00.000000000,ASK_DEPTH,"[(99219, 103)]"
2019-06-28 14:17:00.000000000,IMBALANCE,"[220, 103]"
2019-06-28 14:17:00.000000000,HOLDINGS_UPDATED,"{'CASH': 12324601, 'JPM': -18}"
2019-06-28 14:18:00.000000000,BID_DEPTH,"[(99197, 582)]"
2019-06-28 14:18:00.000000000,ASK_DEPTH,"[(99493, 465)]"
2019-06-28 14:18:00.000000000,IMBALANCE,"[582, 465]"
2019-06-28 14:19:00.000000000,BID_DEPTH,"[(99148, 264)]"
2019-06-28 14:19:00.000000000,ASK_DEPTH,"[(100876, 147)]"
2019-06-28 14:19:00.000000000,IMBALANCE,"[264, 147]"
2019-06-28 14:20:00.000000000,BID_DEPTH,"[(99058, 582)]"
2019-06-28 14:20:00.000000000,ASK_DEPTH,"[(100876, 465)]"
2019-06-28 14:20:00.000000000,IMBALANCE,"[582, 465]"
2019-06-28 14:21:00.000000000,HOLDINGS_UPDATED,"{'CASH': 13138929, 'JPM': -26}"
2019-06-28 14:21:00.000000000,HOLDINGS_UPDATED,"{'CASH': 13240720, 'JPM': -27}"
2019-06-28 14:21:00.000000000,BID_DEPTH,"[(101791, 1)]"
2019-06-28 14:21:00.000000000,ASK_DEPTH,"[(101792, 85)]"
2019-06-28 14:21:00.000000000,IMBALANCE,"[1, 85]"
2019-06-28 14:22:00.000000000,BID_DEPTH,"[(99006, 105)]"
2019-06-28 14:22:00.000000000,ASK_DEPTH,"[(101791, 79)]"
2019-06-28 14:22:00.000000000,IMBALANCE,"[105, 79]"
2019-06-28 14:22:39.693159739,HOLDINGS_UPDATED,"{'CASH': 12349666, 'JPM': -18}"
2019-06-28 14:23:00.000000000,HOLDINGS_UPDATED,"{'CASH': 13164002, 'JPM': -26}"
2019-06-28 14:23:00.000000000,HOLDINGS_UPDATED,"{'CASH': 13265794, 'JPM': -27}"
2019-06-28 14:23:00.000000000,BID_DEPTH,"[(98938, 341)]"
2019-06-28 14:23:00.000000000,ASK_DEPTH,"[(101792, 133)]"
2019-06-28 14:23:00.000000000,IMBALANCE,"[341, 133]"
2019-06-28 14:24:00.000000000,BID_DEPTH,"[(98849, 100)]"
2019-06-28 14:24:00.000000000,ASK_DEPTH,[]
2019-06-28 14:24:00.000000000,IMBALANCE,"[100, 0]"
2019-06-28 14:25:00.000000000,BID_DEPTH,"[(98705, 264)]"
2019-06-28 14:25:00.000000000,ASK_DEPTH,"[(98708, 147)]"
2019-06-28 14:25:00.000000000,IMBALANCE,"[264, 147]"
2019-06-28 14:25:00.000000000,HOLDINGS_UPDATED,"{'CASH': 12377422, 'JPM': -18}"
2019-06-28 14:26:00.000000000,BID_DEPTH,"[(98935, 90)]"
2019-06-28 14:26:00.000000000,ASK_DEPTH,"[(99194, 185)]"
2019-06-28 14:26:00.000000000,IMBALANCE,"[90, 185]"
2019-06-28 14:26:00.000000000,HOLDINGS_UPDATED,"{'CASH': 11484676, 'JPM': -9}"
2019-06-28 14:27:00.000000000,BID_DEPTH,"[(98902, 465)]"
2019-06-28 14:27:00.000000000,ASK_DEPTH,"[(99194, 662)]"
2019-06-28 14:27:00.000000000,IMBALANCE,"[465, 662]"
2019-06-28 14:28:00.000000000,BID_DEPTH,"[(98902, 147)]"
2019-06-28 14:28:00.000000000,ASK_DEPTH,"[(99194, 344)]"
2019-06-28 14:28:00.000000000,IMBALANCE,"[147, 344]"
2019-06-28 14:29:00.000000000,BID_DEPTH,"[(98708, 79)]"
2019-06-28 14:29:00.000000000,ASK_DEPTH,"[(98902, 196)]"
2019-06-28 14:29:00.000000000,IMBALANCE,"[79, 196]"
2019-06-28 14:30:00.000000000,HOLDINGS_UPDATED,"{'CASH': 10695012, 'JPM': -1}"
2019-06-28 14:30:00.000000000,HOLDINGS_UPDATED,{'CASH': 10596304}
2019-06-28 14:30:00.000000000,BID_DEPTH,"[(98708, 156)]"
2019-06-28 14:30:00.000000000,ASK_DEPTH,"[(99131, 264)]"
2019-06-28 14:30:00.000000000,IMBALANCE,"[156, 264]"
2019-06-28 14:31:00.000000000,BID_DEPTH,"[(98775, 465)]"
2019-06-28 14:31:00.000000000,ASK_DEPTH,"[(99069, 582)]"
2019-06-28 14:31:00.000000000,IMBALANCE,"[465, 582]"
2019-06-28 14:32:00.000000000,BID_DEPTH,"[(99069, 160)]"
2019-06-28 14:32:00.000000000,ASK_DEPTH,"[(99194, 321)]"
2019-06-28 14:32:00.000000000,IMBALANCE,"[160, 321]"
2019-06-28 14:33:00.000000000,BID_DEPTH,"[(99434, 147)]"
2019-06-28 14:33:00.000000000,ASK_DEPTH,"[(99442, 264)]"
2019-06-28 14:33:00.000000000,IMBALANCE,"[147, 264]"
2019-06-28 14:34:00.000000000,BID_DEPTH,"[(99398, 147)]"
2019-06-28 14:34:00.000000000,ASK_DEPTH,"[(99442, 264)]"
2019-06-28 14:34:00.000000000,IMBALANCE,"[147, 264]"
2019-06-28 14:35:00.000000000,BID_DEPTH,"[(99398, 147)]"
2019-06-28 14:35:00.000000000,ASK_DEPTH,"[(99622, 264)]"
2019-06-28 14:35:00.000000000,IMBALANCE,"[147, 264]"
2019-06-28 14:36:00.000000000,BID_DEPTH,"[(99658, 147)]"
2019-06-28 14:36:00.000000000,ASK_DEPTH,"[(99721, 264)]"
2019-06-28 14:36:00.000000000,IMBALANCE,"[147, 264]"
2019-06-28 14:37:00.000000000,BID_DEPTH,"[(99622, 465)]"
2019-06-28 14:37:00.000000000,ASK_DEPTH,"[(99721, 582)]"
2019-06-28 14:37:00.000000000,IMBALANCE,"[465, 582]"
2019-06-28 14:38:00.000000000,BID_DEPTH,"[(99520, 100)]"
2019-06-28 14:38:00.000000000,ASK_DEPTH,[]
2019-06-28 14:38:00.000000000,IMBALANCE,"[100, 0]"
2019-06-28 14:39:00.000000000,BID_DEPTH,"[(99520, 103)]"
2019-06-28 14:39:00.000000000,ASK_DEPTH,"[(100253, 220)]"
2019-06-28 14:39:00.000000000,IMBALANCE,"[103, 220]"
2019-06-28 14:40:00.000000000,BID_DEPTH,"[(100602, 100)]"
2019-06-28 14:40:00.000000000,ASK_DEPTH,[]
2019-06-28 14:40:00.000000000,IMBALANCE,"[100, 0]"
2019-06-28 14:41:00.000000000,BID_DEPTH,"[(100770, 100)]"
2019-06-28 14:41:00.000000000,ASK_DEPTH,[]
2019-06-28 14:41:00.000000000,IMBALANCE,"[100, 0]"
2019-06-28 14:42:00.000000000,BID_DEPTH,"[(100770, 465)]"
2019-06-28 14:42:00.000000000,ASK_DEPTH,"[(101032, 582)]"
2019-06-28 14:42:00.000000000,IMBALANCE,"[465, 582]"
2019-06-28 14:43:00.000000000,BID_DEPTH,"[(100796, 103)]"
2019-06-28 14:43:00.000000000,ASK_DEPTH,"[(100975, 220)]"
2019-06-28 14:43:00.000000000,IMBALANCE,"[103, 220]"
2019-06-28 14:44:00.000000000,BID_DEPTH,"[(100967, 224)]"
2019-06-28 14:44:00.000000000,ASK_DEPTH,"[(100975, 341)]"
2019-06-28 14:44:00.000000000,IMBALANCE,"[224, 341]"
2019-06-28 14:44:00.000000000,HOLDINGS_UPDATED,"{'CASH': 11505007, 'JPM': -9}"
2019-06-28 14:45:00.000000000,BID_DEPTH,"[(100832, 147)]"
2019-06-28 14:45:00.000000000,ASK_DEPTH,"[(100975, 264)]"
2019-06-28 14:45:00.000000000,IMBALANCE,"[147, 264]"
2019-06-28 14:46:00.000000000,BID_DEPTH,"[(100602, 465)]"
2019-06-28 14:46:00.000000000,ASK_DEPTH,"[(100796, 486)]"
2019-06-28 14:46:00.000000000,IMBALANCE,"[465, 486]"
2019-06-28 14:47:00.000000000,BID_DEPTH,"[(99943, 465)]"
2019-06-28 14:47:00.000000000,ASK_DEPTH,"[(100796, 486)]"
2019-06-28 14:47:00.000000000,IMBALANCE,"[465, 486]"
2019-06-28 14:48:00.000000000,BID_DEPTH,"[(99557, 103)]"
2019-06-28 14:48:00.000000000,ASK_DEPTH,"[(100796, 124)]"
2019-06-28 14:48:00.000000000,IMBALANCE,"[103, 124]"
2019-06-28 14:49:00.000000000,BID_DEPTH,"[(99307, 147)]"
2019-06-28 14:49:00.000000000,ASK_DEPTH,"[(99557, 264)]"
2019-06-28 14:49:00.000000000,IMBALANCE,"[147, 264]"
2019-06-28 14:50:00.000000000,BID_DEPTH,"[(99399, 79)]"
2019-06-28 14:50:00.000000000,ASK_DEPTH,"[(99557, 196)]"
2019-06-28 14:50:00.000000000,IMBALANCE,"[79, 196]"
2019-06-28 14:51:00.000000000,BID_DEPTH,"[(99309, 103)]"
2019-06-28 14:51:00.000000000,ASK_DEPTH,"[(99399, 241)]"
2019-06-28 14:51:00.000000000,IMBALANCE,"[103, 241]"
2019-06-28 14:52:00.000000000,BID_DEPTH,"[(99309, 147)]"
2019-06-28 14:52:00.000000000,ASK_DEPTH,"[(99399, 285)]"
2019-06-28 14:52:00.000000000,IMBALANCE,"[147, 285]"
2019-06-28 14:53:00.000000000,BID_DEPTH,"[(99288, 465)]"
2019-06-28 14:53:00.000000000,ASK_DEPTH,"[(99557, 582)]"
2019-06-28 14:53:00.000000000,IMBALANCE,"[465, 582]"
2019-06-28 14:54:00.000000000,BID_DEPTH,"[(99106, 185)]"
2019-06-28 14:54:00.000000000,ASK_DEPTH,"[(99557, 90)]"
2019-06-28 14:54:00.000000000,IMBALANCE,"[185, 90]"
2019-06-28 14:55:00.000000000,BID_DEPTH,"[(99106, 253)]"
2019-06-28 14:55:00.000000000,ASK_DEPTH,"[(99707, 147)]"
2019-06-28 14:55:00.000000000,IMBALANCE,"[253, 147]"
2019-06-28 14:56:00.000000000,BID_DEPTH,"[(99106, 253)]"
2019-06-28 14:56:00.000000000,ASK_DEPTH,"[(99709, 147)]"
2019-06-28 14:56:00.000000000,IMBALANCE,"[253, 147]"
2019-06-28 14:57:00.000000000,BID_DEPTH,"[(99106, 185)]"
2019-06-28 14:57:00.000000000,ASK_DEPTH,"[(99741, 79)]"
2019-06-28 14:57:00.000000000,IMBALANCE,"[185, 79]"
2019-06-28 14:58:00.000000000,BID_DEPTH,"[(99106, 571)]"
2019-06-28 14:58:00.000000000,ASK_DEPTH,"[(100408, 465)]"
2019-06-28 14:58:00.000000000,IMBALANCE,"[571, 465]"
2019-06-28 14:59:00.000000000,BID_DEPTH,"[(100408, 582)]"
2019-06-28 14:59:00.000000000,ASK_DEPTH,"[(100519, 465)]"
2019-06-28 14:59:00.000000000,IMBALANCE,"[582, 465]"
2019-06-28 15:00:00.000000000,BID_DEPTH,"[(99106, 253)]"
2019-06-28 15:00:00.000000000,ASK_DEPTH,"[(100518, 147)]"
2019-06-28 15:00:00.000000000,IMBALANCE,"[253, 147]"
2019-06-28 15:01:00.000000000,BID_DEPTH,"[(99980, 341)]"
2019-06-28 15:01:00.000000000,ASK_DEPTH,"[(100349, 224)]"
2019-06-28 15:01:00.000000000,IMBALANCE,"[341, 224]"
2019-06-28 15:02:00.000000000,BID_DEPTH,"[(99980, 341)]"
2019-06-28 15:02:00.000000000,ASK_DEPTH,"[(100510, 224)]"
2019-06-28 15:02:00.000000000,IMBALANCE,"[341, 224]"
2019-06-28 15:03:00.000000000,BID_DEPTH,"[(99980, 341)]"
2019-06-28 15:03:00.000000000,ASK_DEPTH,"[(100519, 224)]"
2019-06-28 15:03:00.000000000,IMBALANCE,"[341, 224]"
2019-06-28 15:04:00.000000000,BID_DEPTH,"[(99837, 196)]"
2019-06-28 15:04:00.000000000,ASK_DEPTH,"[(100742, 79)]"
2019-06-28 15:04:00.000000000,IMBALANCE,"[196, 79]"
2019-06-28 15:05:00.000000000,BID_DEPTH,"[(99837, 582)]"
2019-06-28 15:05:00.000000000,ASK_DEPTH,"[(100742, 465)]"
2019-06-28 15:05:00.000000000,IMBALANCE,"[582, 465]"
2019-06-28 15:06:00.000000000,BID_DEPTH,"[(99648, 309)]"
2019-06-28 15:06:00.000000000,ASK_DEPTH,"[(99837, 114)]"
2019-06-28 15:06:00.000000000,IMBALANCE,"[309, 114]"
2019-06-28 15:07:00.000000000,BID_DEPTH,"[(99619, 209)]"
2019-06-28 15:07:00.000000000,ASK_DEPTH,"[(100802, 114)]"
2019-06-28 15:07:00.000000000,IMBALANCE,"[209, 114]"
2019-06-28 15:08:00.000000000,BID_DEPTH,"[(99400, 571)]"
2019-06-28 15:08:00.000000000,ASK_DEPTH,"[(101032, 476)]"
2019-06-28 15:08:00.000000000,IMBALANCE,"[571, 476]"
2019-06-28 15:09:00.000000000,BID_DEPTH,"[(99123, 582)]"
2019-06-28 15:09:00.000000000,ASK_DEPTH,"[(101079, 465)]"
2019-06-28 15:09:00.000000000,IMBALANCE,"[582, 465]"
2019-06-28 15:10:00.000000000,BID_DEPTH,"[(99318, 264)]"
2019-06-28 15:10:00.000000000,ASK_DEPTH,"[(101079, 147)]"
2019-06-28 15:10:00.000000000,IMBALANCE,"[264, 147]"
2019-06-28 15:11:00.000000000,BID_DEPTH,"[(99318, 341)]"
2019-06-28 15:11:00.000000000,ASK_DEPTH,"[(99604, 224)]"
2019-06-28 15:11:00.000000000,IMBALANCE,"[341, 224]"
2019-06-28 15:12:00.000000000,BID_DEPTH,"[(99318, 341)]"
2019-06-28 15:12:00.000000000,ASK_DEPTH,"[(99976, 224)]"
2019-06-28 15:12:00.000000000,IMBALANCE,"[341, 224]"
2019-06-28 15:13:00.000000000,BID_DEPTH,"[(100084, 220)]"
2019-06-28 15:13:00.000000000,ASK_DEPTH,"[(100361, 103)]"
2019-06-28 15:13:00.000000000,IMBALANCE,"[220, 103]"
2019-06-28 15:14:00.000000000,BID_DEPTH,"[(100292, 341)]"
2019-06-28 15:14:00.000000000,ASK_DEPTH,"[(100361, 224)]"
2019-06-28 15:14:00.000000000,IMBALANCE,"[341, 224]"
2019-06-28 15:15:00.000000000,BID_DEPTH,"[(100084, 341)]"
2019-06-28 15:15:00.000000000,ASK_DEPTH,"[(100397, 224)]"
2019-06-28 15:15:00.000000000,IMBALANCE,"[341, 224]"
2019-06-28 15:16:00.000000000,BID_DEPTH,"[(99976, 196)]"
2019-06-28 15:16:00.000000000,ASK_DEPTH,"[(100416, 79)]"
2019-06-28 15:16:00.000000000,IMBALANCE,"[196, 79]"
2019-06-28 15:17:00.000000000,BID_DEPTH,"[(99951, 582)]"
2019-06-28 15:17:00.000000000,ASK_DEPTH,"[(100679, 465)]"
2019-06-28 15:17:00.000000000,IMBALANCE,"[582, 465]"
2019-06-28 15:18:00.000000000,BID_DEPTH,"[(99951, 220)]"
2019-06-28 15:18:00.000000000,ASK_DEPTH,"[(100679, 203)]"
2019-06-28 15:18:00.000000000,IMBALANCE,"[220, 203]"
2019-06-28 15:19:00.000000000,BID_DEPTH,"[(99951, 582)]"
2019-06-28 15:19:00.000000000,ASK_DEPTH,"[(100679, 548)]"
2019-06-28 15:19:00.000000000,IMBALANCE,"[582, 548]"
2019-06-28 15:20:00.000000000,BID_DEPTH,"[(99951, 196)]"
2019-06-28 15:20:00.000000000,ASK_DEPTH,"[(100679, 45)]"
2019-06-28 15:20:00.000000000,IMBALANCE,"[196, 45]"
2019-06-28 15:21:00.000000000,BID_DEPTH,"[(99293, 100)]"
2019-06-28 15:21:00.000000000,ASK_DEPTH,[]
2019-06-28 15:21:00.000000000,IMBALANCE,"[100, 0]"
2019-06-28 15:22:00.000000000,BID_DEPTH,"[(99293, 341)]"
2019-06-28 15:22:00.000000000,ASK_DEPTH,"[(99451, 224)]"
2019-06-28 15:22:00.000000000,IMBALANCE,"[341, 224]"
2019-06-28 15:23:00.000000000,BID_DEPTH,"[(99293, 341)]"
2019-06-28 15:23:00.000000000,ASK_DEPTH,"[(99752, 224)]"
2019-06-28 15:23:00.000000000,IMBALANCE,"[341, 224]"
2019-06-28 15:24:00.000000000,BID_DEPTH,"[(99223, 100)]"
2019-06-28 15:24:00.000000000,ASK_DEPTH,[]
2019-06-28 15:24:00.000000000,IMBALANCE,"[100, 0]"
2019-06-28 15:25:00.000000000,BID_DEPTH,"[(99223, 100)]"
2019-06-28 15:25:00.000000000,ASK_DEPTH,[]
2019-06-28 15:25:00.000000000,IMBALANCE,"[100, 0]"
2019-06-28 15:26:00.000000000,BID_DEPTH,"[(99171, 100)]"
2019-06-28 15:26:00.000000000,ASK_DEPTH,[]
2019-06-28 15:26:00.000000000,IMBALANCE,"[100, 0]"
2019-06-28 15:27:00.000000000,BID_DEPTH,"[(99171, 582)]"
2019-06-28 15:27:00.000000000,ASK_DEPTH,"[(99270, 565)]"
2019-06-28 15:27:00.000000000,IMBALANCE,"[582, 565]"
2019-06-28 15:28:00.000000000,BID_DEPTH,"[(98945, 264)]"
2019-06-28 15:28:00.000000000,ASK_DEPTH,"[(99270, 130)]"
2019-06-28 15:28:00.000000000,IMBALANCE,"[264, 130]"
2019-06-28 15:28:00.000000000,HOLDINGS_UPDATED,{'CASH': 10611577}
2019-06-28 15:29:00.000000000,BID_DEPTH,"[(98937, 103)]"
2019-06-28 15:29:00.000000000,ASK_DEPTH,"[(99270, 220)]"
2019-06-28 15:29:00.000000000,IMBALANCE,"[103, 220]"
2019-06-28 15:29:36.650095595,HOLDINGS_UPDATED,"{'CASH': 9721144, 'JPM': 9}"
2019-06-28 15:30:00.000000000,BID_DEPTH,"[(98833, 465)]"
2019-06-28 15:30:00.000000000,ASK_DEPTH,"[(99270, 582)]"
2019-06-28 15:30:00.000000000,IMBALANCE,"[465, 582]"
2019-06-28 15:30:10.481800310,HOLDINGS_UPDATED,"{'CASH': 8831647, 'JPM': 18}"
2019-06-28 15:31:00.000000000,BID_DEPTH,"[(98831, 465)]"
2019-06-28 15:31:00.000000000,ASK_DEPTH,"[(99270, 582)]"
2019-06-28 15:31:00.000000000,IMBALANCE,"[465, 582]"
2019-06-28 15:32:00.000000000,HOLDINGS_UPDATED,"{'CASH': 8040999, 'JPM': 26}"
2019-06-28 15:32:00.000000000,HOLDINGS_UPDATED,"{'CASH': 7942168, 'JPM': 27}"
2019-06-28 15:32:00.000000000,BID_DEPTH,"[(98804, 185)]"
2019-06-28 15:32:00.000000000,ASK_DEPTH,"[(98831, 1)]"
2019-06-28 15:32:00.000000000,IMBALANCE,"[185, 1]"
2019-06-28 15:32:54.344635157,HOLDINGS_UPDATED,"{'CASH': 7052932, 'JPM': 36}"
2019-06-28 15:33:00.000000000,HOLDINGS_UPDATED,"{'CASH': 6263268, 'JPM': 44}"
2019-06-28 15:33:00.000000000,HOLDINGS_UPDATED,"{'CASH': 6164560, 'JPM': 45}"
2019-06-28 15:33:00.000000000,BID_DEPTH,"[(98696, 185)]"
2019-06-28 15:33:00.000000000,ASK_DEPTH,"[(98708, 1)]"
2019-06-28 15:33:00.000000000,IMBALANCE,"[185, 1]"
2019-06-28 15:34:00.000000000,HOLDINGS_UPDATED,"{'CASH': 5967168, 'JPM': 47}"
2019-06-28 15:34:00.000000000,HOLDINGS_UPDATED,"{'CASH': 5473688, 'JPM': 52}"
2019-06-28 15:34:00.000000000,HOLDINGS_UPDATED,"{'CASH': 5276296, 'JPM': 54}"
2019-06-28 15:34:00.000000000,BID_DEPTH,"[(98696, 245)]"
2019-06-28 15:34:00.000000000,ASK_DEPTH,"[(98708, 165)]"
2019-06-28 15:34:00.000000000,IMBALANCE,"[245, 165]"
2019-06-28 15:35:00.000000000,BID_DEPTH,"[(98697, 465)]"
2019-06-28 15:35:00.000000000,ASK_DEPTH,"[(99006, 582)]"
2019-06-28 15:35:00.000000000,IMBALANCE,"[465, 582]"
2019-06-28 15:36:00.000000000,HOLDINGS_UPDATED,"{'CASH': 4486720, 'JPM': 62}"
2019-06-28 15:36:00.000000000,HOLDINGS_UPDATED,"{'CASH': 4388023, 'JPM': 63}"
2019-06-28 15:36:00.000000000,BID_DEPTH,"[(98697, 333)]"
2019-06-28 15:36:00.000000000,ASK_DEPTH,"[(99006, 341)]"
2019-06-28 15:36:00.000000000,IMBALANCE,"[333, 341]"
2019-06-28 15:37:00.000000000,BID_DEPTH,"[(98698, 324)]"
2019-06-28 15:37:00.000000000,ASK_DEPTH,"[(99235, 341)]"
2019-06-28 15:37:00.000000000,IMBALANCE,"[324, 341]"
2019-06-28 15:38:00.000000000,BID_DEPTH,"[(99162, 224)]"
2019-06-28 15:38:00.000000000,ASK_DEPTH,"[(99270, 341)]"
2019-06-28 15:38:00.000000000,IMBALANCE,"[224, 341]"
2019-06-28 15:39:00.000000000,BID_DEPTH,"[(99200, 224)]"
2019-06-28 15:39:00.000000000,ASK_DEPTH,"[(99270, 341)]"
2019-06-28 15:39:00.000000000,IMBALANCE,"[224, 341]"
2019-06-28 15:40:00.000000000,BID_DEPTH,"[(99162, 379)]"
2019-06-28 15:40:00.000000000,ASK_DEPTH,"[(99270, 196)]"
2019-06-28 15:40:00.000000000,IMBALANCE,"[379, 196]"
2019-06-28 15:41:00.000000000,BID_DEPTH,"[(98971, 103)]"
2019-06-28 15:41:00.000000000,ASK_DEPTH,"[(99270, 220)]"
2019-06-28 15:41:00.000000000,IMBALANCE,"[103, 220]"
2019-06-28 15:42:00.000000000,BID_DEPTH,"[(99189, 147)]"
2019-06-28 15:42:00.000000000,ASK_DEPTH,"[(99908, 264)]"
2019-06-28 15:42:00.000000000,IMBALANCE,"[147, 264]"
2019-06-28 15:43:00.000000000,BID_DEPTH,"[(99338, 103)]"
2019-06-28 15:43:00.000000000,ASK_DEPTH,"[(99908, 220)]"
2019-06-28 15:43:00.000000000,IMBALANCE,"[103, 220]"
2019-06-28 15:44:00.000000000,BID_DEPTH,"[(99489, 147)]"
2019-06-28 15:44:00.000000000,ASK_DEPTH,"[(99729, 264)]"
2019-06-28 15:44:00.000000000,IMBALANCE,"[147, 264]"
2019-06-28 15:45:00.000000000,BID_DEPTH,"[(99489, 103)]"
2019-06-28 15:45:00.000000000,ASK_DEPTH,"[(99729, 220)]"
2019-06-28 15:45:00.000000000,IMBALANCE,"[103, 220]"
2019-06-28 15:46:00.000000000,BID_DEPTH,"[(99350, 224)]"
2019-06-28 15:46:00.000000000,ASK_DEPTH,"[(99489, 441)]"
2019-06-28 15:46:00.000000000,IMBALANCE,"[224, 441]"
2019-06-28 15:47:00.000000000,BID_DEPTH,"[(99258, 147)]"
2019-06-28 15:47:00.000000000,ASK_DEPTH,"[(99489, 364)]"
2019-06-28 15:47:00.000000000,IMBALANCE,"[147, 364]"
2019-06-28 15:48:00.000000000,BID_DEPTH,"[(98989, 465)]"
2019-06-28 15:48:00.000000000,ASK_DEPTH,"[(99106, 582)]"
2019-06-28 15:48:00.000000000,IMBALANCE,"[465, 582]"
2019-06-28 15:49:00.000000000,BID_DEPTH,"[(98965, 465)]"
2019-06-28 15:49:00.000000000,ASK_DEPTH,"[(98989, 582)]"
2019-06-28 15:49:00.000000000,IMBALANCE,"[465, 582]"
2019-06-28 15:50:00.000000000,BID_DEPTH,"[(98908, 79)]"
2019-06-28 15:50:00.000000000,ASK_DEPTH,"[(99258, 196)]"
2019-06-28 15:50:00.000000000,IMBALANCE,"[79, 196]"
2019-06-28 15:51:00.000000000,BID_DEPTH,"[(98908, 324)]"
2019-06-28 15:51:00.000000000,ASK_DEPTH,"[(99384, 341)]"
2019-06-28 15:51:00.000000000,IMBALANCE,"[324, 341]"
2019-06-28 15:52:00.000000000,BID_DEPTH,"[(98909, 147)]"
2019-06-28 15:52:00.000000000,ASK_DEPTH,"[(99489, 364)]"
2019-06-28 15:52:00.000000000,IMBALANCE,"[147, 364]"
2019-06-28 15:53:00.000000000,BID_DEPTH,"[(98908, 62)]"
2019-06-28 15:53:00.000000000,ASK_DEPTH,"[(99752, 196)]"
2019-06-28 15:53:00.000000000,IMBALANCE,"[62, 196]"
2019-06-28 15:54:00.000000000,BID_DEPTH,"[(99403, 103)]"
2019-06-28 15:54:00.000000000,ASK_DEPTH,"[(99796, 220)]"
2019-06-28 15:54:00.000000000,IMBALANCE,"[103, 220]"
2019-06-28 15:55:00.000000000,BID_DEPTH,"[(99786, 224)]"
2019-06-28 15:55:00.000000000,ASK_DEPTH,"[(99806, 341)]"
2019-06-28 15:55:00.000000000,IMBALANCE,"[224, 341]"
2019-06-28 15:55:00.000000000,HOLDINGS_UPDATED,{'CASH': 10674541}
2019-06-28 15:56:00.000000000,BID_DEPTH,"[(99676, 147)]"
2019-06-28 15:56:00.000000000,ASK_DEPTH,"[(99806, 264)]"
2019-06-28 15:56:00.000000000,IMBALANCE,"[147, 264]"
2019-06-28 15:57:00.000000000,BID_DEPTH,"[(98790, 224)]"
2019-06-28 15:57:00.000000000,ASK_DEPTH,"[(99183, 341)]"
2019-06-28 15:57:00.000000000,IMBALANCE,"[224, 341]"
2019-06-28 15:58:00.000000000,BID_DEPTH,"[(99188, 79)]"
2019-06-28 15:58:00.000000000,ASK_DEPTH,"[(99494, 196)]"
2019-06-28 15:58:00.000000000,IMBALANCE,"[79, 196]"
2019-06-28 15:59:00.000000000,BID_DEPTH,"[(99266, 79)]"
2019-06-28 15:59:00.000000000,ASK_DEPTH,"[(99494, 196)]"
2019-06-28 15:59:00.000000000,IMBALANCE,"[79, 196]"
2019-06-28 16:00:00.000000000,BID_DEPTH,"[(99150, 224)]"
2019-06-28 16:00:00.000000000,ASK_DEPTH,"[(99494, 341)]"
2019-06-28 16:00:00.000000000,IMBALANCE,"[224, 341]"
2019-06-28 16:01:00.000000000,BID_DEPTH,"[(99150, 224)]"
2019-06-28 16:01:00.000000000,ASK_DEPTH,"[(99494, 341)]"
2019-06-28 16:01:00.000000000,IMBALANCE,"[224, 341]"
2019-06-28 16:01:00.000000000,FINAL_HOLDINGS,{ CASH: 10674541 }
2019-06-28 16:01:00.000000000,FINAL_CASH_POSITION,10674541
2019-06-28 16:01:00.000000000,MARKED_TO_MARKET,10674541
2019-06-28 16:01:00.000000000,ENDING_CASH,10674541
