EventTime,EventType,Event
,AGENT_TYPE,MomentumAgent
,STARTING_CASH,10000000
2019-06-28 09:30:00,HOLDINGS_UPDATED,{'CASH': 10000000}
2019-06-28 09:31:00,BID_DEPTH,"[(99981, 192)]"
2019-06-28 09:31:00,ASK_DEPTH,"[(99995, 292)]"
2019-06-28 09:31:00,IMBALANCE,"[192, 292]"
2019-06-28 09:32:00,BID_DEPTH,"[(99981, 256)]"
2019-06-28 09:32:00,ASK_DEPTH,"[(99995, 256)]"
2019-06-28 09:32:00,IMBALANCE,"[256, 256]"
2019-06-28 09:33:00,BID_DEPTH,"[(99981, 558)]"
2019-06-28 09:33:00,ASK_DEPTH,"[(99995, 558)]"
2019-06-28 09:33:00,IMBALANCE,"[558, 558]"
2019-06-28 09:34:00,BID_DEPTH,"[(99969, 329)]"
2019-06-28 09:34:00,ASK_DEPTH,"[(99995, 329)]"
2019-06-28 09:34:00,IMBALANCE,"[329, 329]"
2019-06-28 09:35:00,BID_DEPTH,"[(99956, 329)]"
2019-06-28 09:35:00,ASK_DEPTH,"[(99995, 329)]"
2019-06-28 09:35:00,IMBALANCE,"[329, 329]"
2019-06-28 09:36:00,BID_DEPTH,"[(99980, 558)]"
2019-06-28 09:36:00,ASK_DEPTH,"[(100004, 558)]"
2019-06-28 09:36:00,IMBALANCE,"[558, 558]"
2019-06-28 09:37:00,BID_DEPTH,"[(99995, 329)]"
2019-06-28 09:37:00,ASK_DEPTH,"[(100004, 329)]"
2019-06-28 09:37:00,IMBALANCE,"[329, 329]"
2019-06-28 09:38:00,BID_DEPTH,"[(100004, 256)]"
2019-06-28 09:38:00,ASK_DEPTH,"[(100037, 256)]"
2019-06-28 09:38:00,IMBALANCE,"[256, 256]"
2019-06-28 09:39:00,BID_DEPTH,"[(99995, 214)]"
2019-06-28 09:39:00,ASK_DEPTH,"[(100042, 214)]"
2019-06-28 09:39:00,IMBALANCE,"[214, 214]"
2019-06-28 09:40:00,BID_DEPTH,"[(99995, 329)]"
2019-06-28 09:40:00,ASK_DEPTH,"[(100049, 329)]"
2019-06-28 09:40:00,IMBALANCE,"[329, 329]"
2019-06-28 09:41:00,BID_DEPTH,"[(99980, 329)]"
2019-06-28 09:41:00,ASK_DEPTH,"[(100000, 329)]"
2019-06-28 09:41:00,IMBALANCE,"[329, 329]"
2019-06-28 09:42:00,BID_DEPTH,"[(99980, 214)]"
2019-06-28 09:42:00,ASK_DEPTH,"[(100000, 214)]"
2019-06-28 09:42:00,IMBALANCE,"[214, 214]"
2019-06-28 09:43:00,BID_DEPTH,"[(99980, 329)]"
2019-06-28 09:43:00,ASK_DEPTH,"[(100000, 329)]"
2019-06-28 09:43:00,IMBALANCE,"[329, 329]"
2019-06-28 09:44:00,BID_DEPTH,"[(99996, 329)]"
2019-06-28 09:44:00,ASK_DEPTH,"[(100000, 329)]"
2019-06-28 09:44:00,IMBALANCE,"[329, 329]"
2019-06-28 09:45:00,BID_DEPTH,"[(99996, 429)]"
2019-06-28 09:45:00,ASK_DEPTH,"[(100049, 329)]"
2019-06-28 09:45:00,IMBALANCE,"[429, 329]"
2019-06-28 09:46:00,BID_DEPTH,"[(99996, 292)]"
2019-06-28 09:46:00,ASK_DEPTH,"[(100084, 192)]"
2019-06-28 09:46:00,IMBALANCE,"[292, 192]"
2019-06-28 09:47:00,BID_DEPTH,"[(100074, 214)]"
2019-06-28 09:47:00,ASK_DEPTH,"[(100135, 214)]"
2019-06-28 09:47:00,IMBALANCE,"[214, 214]"
2019-06-28 09:48:00,BID_DEPTH,"[(100243, 214)]"
2019-06-28 09:48:00,ASK_DEPTH,"[(100350, 214)]"
2019-06-28 09:48:00,IMBALANCE,"[214, 214]"
2019-06-28 09:49:00,BID_DEPTH,"[(100243, 192)]"
2019-06-28 09:49:00,ASK_DEPTH,"[(100477, 192)]"
2019-06-28 09:49:00,IMBALANCE,"[192, 192]"
2019-06-28 09:50:00,BID_DEPTH,"[(100534, 256)]"
2019-06-28 09:50:00,ASK_DEPTH,"[(100549, 256)]"
2019-06-28 09:50:00,IMBALANCE,"[256, 256]"
2019-06-28 09:51:00,BID_DEPTH,"[(100534, 214)]"
2019-06-28 09:51:00,ASK_DEPTH,"[(100549, 214)]"
2019-06-28 09:51:00,IMBALANCE,"[214, 214]"
2019-06-28 09:52:00,BID_DEPTH,"[(100534, 192)]"
2019-06-28 09:52:00,ASK_DEPTH,"[(100675, 192)]"
2019-06-28 09:52:00,IMBALANCE,"[192, 192]"
2019-06-28 09:53:00,BID_DEPTH,"[(100534, 558)]"
2019-06-28 09:53:00,ASK_DEPTH,"[(100732, 558)]"
2019-06-28 09:53:00,IMBALANCE,"[558, 558]"
2019-06-28 09:54:00,BID_DEPTH,"[(100693, 100)]"
2019-06-28 09:54:00,ASK_DEPTH,[]
2019-06-28 09:54:00,IMBALANCE,"[100, 0]"
2019-06-28 09:55:00,BID_DEPTH,"[(101529, 192)]"
2019-06-28 09:55:00,ASK_DEPTH,"[(102311, 192)]"
2019-06-28 09:55:00,IMBALANCE,"[192, 192]"
2019-06-28 09:56:00,BID_DEPTH,"[(101643, 558)]"
2019-06-28 09:56:00,ASK_DEPTH,"[(101680, 558)]"
2019-06-28 09:56:00,IMBALANCE,"[558, 558]"
2019-06-28 09:57:00,BID_DEPTH,"[(101089, 214)]"
2019-06-28 09:57:00,ASK_DEPTH,"[(101643, 214)]"
2019-06-28 09:57:00,IMBALANCE,"[214, 214]"
2019-06-28 09:58:00,BID_DEPTH,"[(100732, 214)]"
2019-06-28 09:58:00,ASK_DEPTH,"[(101089, 214)]"
2019-06-28 09:58:00,IMBALANCE,"[214, 214]"
2019-06-28 09:59:00,BID_DEPTH,"[(100693, 329)]"
2019-06-28 09:59:00,ASK_DEPTH,"[(100788, 329)]"
2019-06-28 09:59:00,IMBALANCE,"[329, 329]"
2019-06-28 10:00:00,BID_DEPTH,"[(100664, 329)]"
2019-06-28 10:00:00,ASK_DEPTH,"[(100788, 329)]"
2019-06-28 10:00:00,IMBALANCE,"[329, 329]"
2019-06-28 10:01:00,BID_DEPTH,"[(100664, 329)]"
2019-06-28 10:01:00,ASK_DEPTH,"[(100675, 429)]"
2019-06-28 10:01:00,IMBALANCE,"[329, 429]"
2019-06-28 10:02:00,BID_DEPTH,"[(100534, 558)]"
2019-06-28 10:02:00,ASK_DEPTH,"[(100675, 658)]"
2019-06-28 10:02:00,IMBALANCE,"[558, 658]"
2019-06-28 10:03:00,BID_DEPTH,"[(100534, 214)]"
2019-06-28 10:03:00,ASK_DEPTH,"[(100664, 314)]"
2019-06-28 10:03:00,IMBALANCE,"[214, 314]"
2019-06-28 10:04:00,BID_DEPTH,"[(100244, 256)]"
2019-06-28 10:04:00,ASK_DEPTH,"[(100664, 356)]"
2019-06-28 10:04:00,IMBALANCE,"[256, 356]"
2019-06-28 10:05:00,BID_DEPTH,"[(100322, 256)]"
2019-06-28 10:05:00,ASK_DEPTH,"[(100664, 356)]"
2019-06-28 10:05:00,IMBALANCE,"[256, 356]"
2019-06-28 10:06:00,BID_DEPTH,"[(100244, 558)]"
2019-06-28 10:06:00,ASK_DEPTH,"[(100521, 558)]"
2019-06-28 10:06:00,IMBALANCE,"[558, 558]"
2019-06-28 10:07:00,BID_DEPTH,"[(100136, 329)]"
2019-06-28 10:07:00,ASK_DEPTH,"[(100520, 329)]"
2019-06-28 10:07:00,IMBALANCE,"[329, 329]"
2019-06-28 10:08:00,BID_DEPTH,"[(100029, 192)]"
2019-06-28 10:08:00,ASK_DEPTH,"[(100136, 192)]"
2019-06-28 10:08:00,IMBALANCE,"[192, 192]"
2019-06-28 10:09:00,BID_DEPTH,"[(99996, 329)]"
2019-06-28 10:09:00,ASK_DEPTH,"[(100136, 329)]"
2019-06-28 10:09:00,IMBALANCE,"[329, 329]"
2019-06-28 10:10:00,BID_DEPTH,"[(99915, 329)]"
2019-06-28 10:10:00,ASK_DEPTH,"[(99979, 329)]"
2019-06-28 10:10:00,IMBALANCE,"[329, 329]"
2019-06-28 10:11:00,BID_DEPTH,"[(99908, 192)]"
2019-06-28 10:11:00,ASK_DEPTH,"[(99914, 192)]"
2019-06-28 10:11:00,IMBALANCE,"[192, 192]"
2019-06-28 10:12:00,BID_DEPTH,"[(99896, 329)]"
2019-06-28 10:12:00,ASK_DEPTH,"[(99914, 329)]"
2019-06-28 10:12:00,IMBALANCE,"[329, 329]"
2019-06-28 10:13:00,BID_DEPTH,"[(99863, 329)]"
2019-06-28 10:13:00,ASK_DEPTH,"[(99914, 329)]"
2019-06-28 10:13:00,IMBALANCE,"[329, 329]"
2019-06-28 10:14:00,BID_DEPTH,"[(99851, 192)]"
2019-06-28 10:14:00,ASK_DEPTH,"[(99914, 192)]"
2019-06-28 10:14:00,IMBALANCE,"[192, 192]"
2019-06-28 10:15:00,BID_DEPTH,"[(99682, 214)]"
2019-06-28 10:15:00,ASK_DEPTH,"[(99683, 122)]"
2019-06-28 10:15:00,IMBALANCE,"[214, 122]"
2019-06-28 10:16:00,BID_DEPTH,"[(99394, 192)]"
2019-06-28 10:16:00,ASK_DEPTH,"[(99683, 100)]"
2019-06-28 10:16:00,IMBALANCE,"[192, 100]"
2019-06-28 10:17:00,BID_DEPTH,"[(99294, 256)]"
2019-06-28 10:17:00,ASK_DEPTH,"[(99683, 164)]"
2019-06-28 10:17:00,IMBALANCE,"[256, 164]"
2019-06-28 10:18:00,BID_DEPTH,"[(99456, 329)]"
2019-06-28 10:18:00,ASK_DEPTH,"[(99617, 329)]"
2019-06-28 10:18:00,IMBALANCE,"[329, 329]"
2019-06-28 10:19:00,BID_DEPTH,"[(99456, 329)]"
2019-06-28 10:19:00,ASK_DEPTH,"[(99617, 329)]"
2019-06-28 10:19:00,IMBALANCE,"[329, 329]"
2019-06-28 10:20:00,BID_DEPTH,"[(99294, 558)]"
2019-06-28 10:20:00,ASK_DEPTH,"[(99456, 758)]"
2019-06-28 10:20:00,IMBALANCE,"[558, 758]"
2019-06-28 10:21:00,BID_DEPTH,"[(99294, 329)]"
2019-06-28 10:21:00,ASK_DEPTH,"[(99455, 329)]"
2019-06-28 10:21:00,IMBALANCE,"[329, 329]"
2019-06-28 10:22:00,BID_DEPTH,"[(99294, 464)]"
2019-06-28 10:22:00,ASK_DEPTH,"[(99373, 558)]"
2019-06-28 10:22:00,IMBALANCE,"[464, 558]"
2019-06-28 10:22:00,HOLDINGS_UPDATED,"{'CASH': 10198588, 'JPM': -2}"
2019-06-28 10:23:00,BID_DEPTH,"[(99040, 120)]"
2019-06-28 10:23:00,ASK_DEPTH,"[(99373, 214)]"
2019-06-28 10:23:00,IMBALANCE,"[120, 214]"
2019-06-28 10:23:00,HOLDINGS_UPDATED,"{'CASH': 10396668, 'JPM': -4}"
2019-06-28 10:24:00,BID_DEPTH,"[(99313, 120)]"
2019-06-28 10:24:00,ASK_DEPTH,"[(99373, 214)]"
2019-06-28 10:24:00,IMBALANCE,"[120, 214]"
2019-06-28 10:24:00,HOLDINGS_UPDATED,"{'CASH': 10595294, 'JPM': -6}"
2019-06-28 10:25:00,BID_DEPTH,"[(99022, 120)]"
2019-06-28 10:25:00,ASK_DEPTH,"[(99456, 314)]"
2019-06-28 10:25:00,IMBALANCE,"[120, 314]"
2019-06-28 10:25:00,HOLDINGS_UPDATED,"{'CASH': 10793338, 'JPM': -8}"
2019-06-28 10:26:00,BID_DEPTH,"[(98996, 162)]"
2019-06-28 10:26:00,ASK_DEPTH,"[(99456, 356)]"
2019-06-28 10:26:00,IMBALANCE,"[162, 356]"
2019-06-28 10:26:00,HOLDINGS_UPDATED,"{'CASH': 10991330, 'JPM': -10}"
2019-06-28 10:27:00,BID_DEPTH,"[(99309, 98)]"
2019-06-28 10:27:00,ASK_DEPTH,"[(99456, 292)]"
2019-06-28 10:27:00,IMBALANCE,"[98, 292]"
2019-06-28 10:27:00,HOLDINGS_UPDATED,"{'CASH': 11189948, 'JPM': -12}"
2019-06-28 10:28:00,BID_DEPTH,"[(99236, 98)]"
2019-06-28 10:28:00,ASK_DEPTH,"[(99309, 192)]"
2019-06-28 10:28:00,IMBALANCE,"[98, 192]"
2019-06-28 10:28:00,HOLDINGS_UPDATED,"{'CASH': 11388420, 'JPM': -14}"
2019-06-28 10:29:00,BID_DEPTH,"[(99127, 120)]"
2019-06-28 10:29:00,ASK_DEPTH,"[(99289, 214)]"
2019-06-28 10:29:00,IMBALANCE,"[120, 214]"
2019-06-28 10:29:00,HOLDINGS_UPDATED,"{'CASH': 11586674, 'JPM': -16}"
2019-06-28 10:30:00,BID_DEPTH,"[(99080, 120)]"
2019-06-28 10:30:00,ASK_DEPTH,"[(99127, 214)]"
2019-06-28 10:30:00,IMBALANCE,"[120, 214]"
2019-06-28 10:30:00,HOLDINGS_UPDATED,"{'CASH': 11784834, 'JPM': -18}"
2019-06-28 10:31:00,BID_DEPTH,"[(98964, 162)]"
2019-06-28 10:31:00,ASK_DEPTH,"[(99065, 256)]"
2019-06-28 10:31:00,IMBALANCE,"[162, 256]"
2019-06-28 10:31:00,HOLDINGS_UPDATED,"{'CASH': 11982762, 'JPM': -20}"
2019-06-28 10:32:00,BID_DEPTH,"[(98860, 235)]"
2019-06-28 10:32:00,ASK_DEPTH,"[(99065, 329)]"
2019-06-28 10:32:00,IMBALANCE,"[235, 329]"
2019-06-28 10:32:00,HOLDINGS_UPDATED,"{'CASH': 12180482, 'JPM': -22}"
2019-06-28 10:33:00,BID_DEPTH,"[(98634, 98)]"
2019-06-28 10:33:00,ASK_DEPTH,"[(99065, 192)]"
2019-06-28 10:33:00,IMBALANCE,"[98, 192]"
2019-06-28 10:33:00,HOLDINGS_UPDATED,"{'CASH': 12377750, 'JPM': -24}"
2019-06-28 10:34:00,BID_DEPTH,"[(98943, 120)]"
2019-06-28 10:34:00,ASK_DEPTH,"[(99065, 214)]"
2019-06-28 10:34:00,IMBALANCE,"[120, 214]"
2019-06-28 10:34:00,HOLDINGS_UPDATED,"{'CASH': 12575636, 'JPM': -26}"
2019-06-28 10:35:00,BID_DEPTH,"[(98590, 464)]"
2019-06-28 10:35:00,ASK_DEPTH,"[(99127, 558)]"
2019-06-28 10:35:00,IMBALANCE,"[464, 558]"
2019-06-28 10:35:00,HOLDINGS_UPDATED,"{'CASH': 12772816, 'JPM': -28}"
2019-06-28 10:36:00,BID_DEPTH,"[(99127, 235)]"
2019-06-28 10:36:00,ASK_DEPTH,"[(99361, 329)]"
2019-06-28 10:36:00,IMBALANCE,"[235, 329]"
2019-06-28 10:36:00,HOLDINGS_UPDATED,"{'CASH': 12971070, 'JPM': -30}"
2019-06-28 10:37:00,BID_DEPTH,"[(99127, 162)]"
2019-06-28 10:37:00,ASK_DEPTH,"[(99361, 256)]"
2019-06-28 10:37:00,IMBALANCE,"[162, 256]"
2019-06-28 10:37:00,HOLDINGS_UPDATED,"{'CASH': 13169324, 'JPM': -32}"
2019-06-28 10:38:00,BID_DEPTH,"[(99274, 162)]"
2019-06-28 10:38:00,ASK_DEPTH,"[(99456, 356)]"
2019-06-28 10:38:00,IMBALANCE,"[162, 356]"
2019-06-28 10:38:00,HOLDINGS_UPDATED,"{'CASH': 13367872, 'JPM': -34}"
2019-06-28 10:39:00,BID_DEPTH,"[(99274, 220)]"
2019-06-28 10:39:00,ASK_DEPTH,"[(99492, 214)]"
2019-06-28 10:39:00,IMBALANCE,"[220, 214]"
2019-06-28 10:39:00,HOLDINGS_UPDATED,"{'CASH': 13566420, 'JPM': -36}"
2019-06-28 10:40:00,BID_DEPTH,"[(99274, 212)]"
2019-06-28 10:40:00,ASK_DEPTH,"[(99526, 329)]"
2019-06-28 10:40:00,IMBALANCE,"[212, 329]"
2019-06-28 10:40:00,HOLDINGS_UPDATED,"{'CASH': 13764968, 'JPM': -38}"
2019-06-28 10:41:00,BID_DEPTH,"[(99127, 235)]"
2019-06-28 10:41:00,ASK_DEPTH,"[(99617, 329)]"
2019-06-28 10:41:00,IMBALANCE,"[235, 329]"
2019-06-28 10:41:00,HOLDINGS_UPDATED,"{'CASH': 13963222, 'JPM': -40}"
2019-06-28 10:42:00,BID_DEPTH,"[(99127, 98)]"
2019-06-28 10:42:00,ASK_DEPTH,"[(99627, 192)]"
2019-06-28 10:42:00,IMBALANCE,"[98, 192]"
2019-06-28 10:42:00,HOLDINGS_UPDATED,"{'CASH': 14161476, 'JPM': -42}"
2019-06-28 10:43:00,BID_DEPTH,"[(99127, 464)]"
2019-06-28 10:43:00,ASK_DEPTH,"[(99627, 558)]"
2019-06-28 10:43:00,IMBALANCE,"[464, 558]"
2019-06-28 10:43:00,HOLDINGS_UPDATED,"{'CASH': 14359730, 'JPM': -44}"
2019-06-28 10:44:00,BID_DEPTH,"[(98569, 162)]"
2019-06-28 10:44:00,ASK_DEPTH,"[(99634, 256)]"
2019-06-28 10:44:00,IMBALANCE,"[162, 256]"
2019-06-28 10:44:00,HOLDINGS_UPDATED,"{'CASH': 14556868, 'JPM': -46}"
2019-06-28 10:45:00,BID_DEPTH,[]
2019-06-28 10:45:00,ASK_DEPTH,"[(99679, 100)]"
2019-06-28 10:45:00,IMBALANCE,"[0, 100]"
2019-06-28 10:46:00,BID_DEPTH,"[(99634, 162)]"
2019-06-28 10:46:00,ASK_DEPTH,"[(99679, 256)]"
2019-06-28 10:46:00,IMBALANCE,"[162, 256]"
2019-06-28 10:46:00,HOLDINGS_UPDATED,"{'CASH': 14756136, 'JPM': -48}"
2019-06-28 10:47:00,BID_DEPTH,"[(99634, 198)]"
2019-06-28 10:47:00,ASK_DEPTH,"[(99679, 192)]"
2019-06-28 10:47:00,IMBALANCE,"[198, 192]"
2019-06-28 10:47:00,HOLDINGS_UPDATED,"{'CASH': 14955404, 'JPM': -50}"
2019-06-28 10:48:00,BID_DEPTH,"[(99679, 120)]"
2019-06-28 10:48:00,ASK_DEPTH,"[(99759, 214)]"
2019-06-28 10:48:00,IMBALANCE,"[120, 214]"
2019-06-28 10:48:00,HOLDINGS_UPDATED,"{'CASH': 15154762, 'JPM': -52}"
2019-06-28 10:49:00,BID_DEPTH,"[(99759, 120)]"
2019-06-28 10:49:00,ASK_DEPTH,"[(99885, 214)]"
2019-06-28 10:49:00,IMBALANCE,"[120, 214]"
2019-06-28 10:49:00,HOLDINGS_UPDATED,"{'CASH': 15354280, 'JPM': -54}"
2019-06-28 10:50:00,BID_DEPTH,"[(99634, 175)]"
2019-06-28 10:50:00,ASK_DEPTH,"[(99885, 192)]"
2019-06-28 10:50:00,IMBALANCE,"[175, 192]"
2019-06-28 10:50:00,HOLDINGS_UPDATED,"{'CASH': 15553548, 'JPM': -56}"
2019-06-28 10:51:00,BID_DEPTH,"[(99634, 618)]"
2019-06-28 10:51:00,ASK_DEPTH,"[(99991, 558)]"
2019-06-28 10:51:00,IMBALANCE,"[618, 558]"
2019-06-28 10:51:00,HOLDINGS_UPDATED,"{'CASH': 15752816, 'JPM': -58}"
2019-06-28 10:52:00,BID_DEPTH,"[(99634, 151)]"
2019-06-28 10:52:00,ASK_DEPTH,"[(100095, 214)]"
2019-06-28 10:52:00,IMBALANCE,"[151, 214]"
2019-06-28 10:52:00,HOLDINGS_UPDATED,"{'CASH': 15952084, 'JPM': -60}"
2019-06-28 10:53:00,BID_DEPTH,"[(99634, 372)]"
2019-06-28 10:53:00,ASK_DEPTH,"[(100367, 558)]"
2019-06-28 10:53:00,IMBALANCE,"[372, 558]"
2019-06-28 10:53:00,HOLDINGS_UPDATED,"{'CASH': 16151352, 'JPM': -62}"
2019-06-28 10:54:00,BID_DEPTH,"[(100367, 98)]"
2019-06-28 10:54:00,ASK_DEPTH,"[(100591, 192)]"
2019-06-28 10:54:00,IMBALANCE,"[98, 192]"
2019-06-28 10:54:00,HOLDINGS_UPDATED,"{'CASH': 16352086, 'JPM': -64}"
2019-06-28 10:55:00,BID_DEPTH,"[(99634, 256)]"
2019-06-28 10:55:00,ASK_DEPTH,"[(100556, 162)]"
2019-06-28 10:55:00,IMBALANCE,"[256, 162]"
2019-06-28 10:55:00,HOLDINGS_UPDATED,"{'CASH': 16150974, 'JPM': -62}"
2019-06-28 10:56:00,BID_DEPTH,"[(100037, 192)]"
2019-06-28 10:56:00,ASK_DEPTH,"[(100172, 98)]"
2019-06-28 10:56:00,IMBALANCE,"[192, 98]"
2019-06-28 10:56:00,HOLDINGS_UPDATED,"{'CASH': 15950630, 'JPM': -60}"
2019-06-28 10:57:00,BID_DEPTH,"[(100062, 256)]"
2019-06-28 10:57:00,ASK_DEPTH,"[(100227, 162)]"
2019-06-28 10:57:00,IMBALANCE,"[256, 162]"
2019-06-28 10:57:00,HOLDINGS_UPDATED,"{'CASH': 15750176, 'JPM': -58}"
2019-06-28 10:58:00,BID_DEPTH,"[(100062, 558)]"
2019-06-28 10:58:00,ASK_DEPTH,"[(100303, 464)]"
2019-06-28 10:58:00,IMBALANCE,"[558, 464]"
2019-06-28 10:58:00,HOLDINGS_UPDATED,"{'CASH': 15549570, 'JPM': -56}"
2019-06-28 10:59:00,BID_DEPTH,"[(100027, 558)]"
2019-06-28 10:59:00,ASK_DEPTH,"[(100062, 464)]"
2019-06-28 10:59:00,IMBALANCE,"[558, 464]"
2019-06-28 10:59:00,HOLDINGS_UPDATED,"{'CASH': 15349446, 'JPM': -54}"
2019-06-28 11:00:00,BID_DEPTH,"[(99808, 214)]"
2019-06-28 11:00:00,ASK_DEPTH,"[(100062, 120)]"
2019-06-28 11:00:00,IMBALANCE,"[214, 120]"
2019-06-28 11:00:00,HOLDINGS_UPDATED,"{'CASH': 15149322, 'JPM': -52}"
2019-06-28 11:01:00,BID_DEPTH,"[(99634, 192)]"
2019-06-28 11:01:00,ASK_DEPTH,"[(100351, 98)]"
2019-06-28 11:01:00,IMBALANCE,"[192, 98]"
2019-06-28 11:01:00,HOLDINGS_UPDATED,"{'CASH': 14948620, 'JPM': -50}"
2019-06-28 11:02:00,BID_DEPTH,"[(99634, 192)]"
2019-06-28 11:02:00,ASK_DEPTH,"[(99686, 98)]"
2019-06-28 11:02:00,IMBALANCE,"[192, 98]"
2019-06-28 11:02:00,HOLDINGS_UPDATED,"{'CASH': 14749248, 'JPM': -48}"
2019-06-28 11:03:00,BID_DEPTH,"[(99422, 329)]"
2019-06-28 11:03:00,ASK_DEPTH,"[(99428, 235)]"
2019-06-28 11:03:00,IMBALANCE,"[329, 235]"
2019-06-28 11:03:00,HOLDINGS_UPDATED,"{'CASH': 14550392, 'JPM': -46}"
2019-06-28 11:04:00,BID_DEPTH,"[(99428, 192)]"
2019-06-28 11:04:00,ASK_DEPTH,"[(99476, 98)]"
2019-06-28 11:04:00,IMBALANCE,"[192, 98]"
2019-06-28 11:04:00,HOLDINGS_UPDATED,"{'CASH': 14351440, 'JPM': -44}"
2019-06-28 11:05:00,BID_DEPTH,"[(99428, 329)]"
2019-06-28 11:05:00,ASK_DEPTH,"[(99784, 235)]"
2019-06-28 11:05:00,IMBALANCE,"[329, 235]"
2019-06-28 11:05:00,HOLDINGS_UPDATED,"{'CASH': 14151872, 'JPM': -42}"
2019-06-28 11:06:00,BID_DEPTH,"[(99422, 558)]"
2019-06-28 11:06:00,ASK_DEPTH,"[(99784, 564)]"
2019-06-28 11:06:00,IMBALANCE,"[558, 564]"
2019-06-28 11:06:00,HOLDINGS_UPDATED,"{'CASH': 13952304, 'JPM': -40}"
2019-06-28 11:07:00,BID_DEPTH,"[(99053, 558)]"
2019-06-28 11:07:00,ASK_DEPTH,"[(99263, 464)]"
2019-06-28 11:07:00,IMBALANCE,"[558, 464]"
2019-06-28 11:07:00,HOLDINGS_UPDATED,"{'CASH': 13753778, 'JPM': -38}"
2019-06-28 11:08:00,BID_DEPTH,"[(99263, 214)]"
2019-06-28 11:08:00,ASK_DEPTH,"[(99264, 28)]"
2019-06-28 11:08:00,IMBALANCE,"[214, 28]"
2019-06-28 11:08:00,HOLDINGS_UPDATED,"{'CASH': 13555250, 'JPM': -36}"
2019-06-28 11:09:00,BID_DEPTH,"[(99264, 115)]"
2019-06-28 11:09:00,ASK_DEPTH,"[(99385, 120)]"
2019-06-28 11:09:00,IMBALANCE,"[115, 120]"
2019-06-28 11:09:00,HOLDINGS_UPDATED,"{'CASH': 13356480, 'JPM': -34}"
2019-06-28 11:10:00,BID_DEPTH,"[(99387, 529)]"
2019-06-28 11:10:00,ASK_DEPTH,"[(100408, 235)]"
2019-06-28 11:10:00,IMBALANCE,"[529, 235]"
2019-06-28 11:10:00,HOLDINGS_UPDATED,"{'CASH': 13155664, 'JPM': -32}"
2019-06-28 11:11:00,BID_DEPTH,"[(99387, 314)]"
2019-06-28 11:11:00,ASK_DEPTH,"[(100307, 120)]"
2019-06-28 11:11:00,IMBALANCE,"[314, 120]"
2019-06-28 11:11:00,HOLDINGS_UPDATED,"{'CASH': 12955050, 'JPM': -30}"
2019-06-28 11:12:00,BID_DEPTH,"[(99387, 292)]"
2019-06-28 11:12:00,ASK_DEPTH,"[(100392, 98)]"
2019-06-28 11:12:00,IMBALANCE,"[292, 98]"
2019-06-28 11:12:00,HOLDINGS_UPDATED,"{'CASH': 12754266, 'JPM': -28}"
2019-06-28 11:13:00,BID_DEPTH,"[(99800, 558)]"
2019-06-28 11:13:00,ASK_DEPTH,"[(100400, 464)]"
2019-06-28 11:13:00,IMBALANCE,"[558, 464]"
2019-06-28 11:13:00,HOLDINGS_UPDATED,"{'CASH': 12553466, 'JPM': -26}"
2019-06-28 11:14:00,BID_DEPTH,"[(99800, 558)]"
2019-06-28 11:14:00,ASK_DEPTH,"[(100400, 564)]"
2019-06-28 11:14:00,IMBALANCE,"[558, 564]"
2019-06-28 11:14:00,HOLDINGS_UPDATED,"{'CASH': 12352666, 'JPM': -24}"
2019-06-28 11:15:00,BID_DEPTH,"[(99385, 192)]"
2019-06-28 11:15:00,ASK_DEPTH,"[(99800, 6)]"
2019-06-28 11:15:00,IMBALANCE,"[192, 6]"
2019-06-28 11:15:00,HOLDINGS_UPDATED,"{'CASH': 12153066, 'JPM': -22}"
2019-06-28 11:16:00,BID_DEPTH,"[(99385, 558)]"
2019-06-28 11:16:00,ASK_DEPTH,"[(100400, 423)]"
2019-06-28 11:16:00,IMBALANCE,"[558, 423]"
2019-06-28 11:16:00,HOLDINGS_UPDATED,"{'CASH': 11952266, 'JPM': -20}"
2019-06-28 11:17:00,BID_DEPTH,"[(99626, 192)]"
2019-06-28 11:17:00,ASK_DEPTH,"[(100421, 98)]"
2019-06-28 11:17:00,IMBALANCE,"[192, 98]"
2019-06-28 11:17:00,HOLDINGS_UPDATED,"{'CASH': 11751424, 'JPM': -18}"
2019-06-28 11:18:00,BID_DEPTH,"[(100421, 689)]"
2019-06-28 11:18:00,ASK_DEPTH,"[(100782, 464)]"
2019-06-28 11:18:00,IMBALANCE,"[689, 464]"
2019-06-28 11:18:00,HOLDINGS_UPDATED,"{'CASH': 11549860, 'JPM': -16}"
2019-06-28 11:19:00,BID_DEPTH,"[(100660, 192)]"
2019-06-28 11:19:00,ASK_DEPTH,"[(100812, 98)]"
2019-06-28 11:19:00,IMBALANCE,"[192, 98]"
2019-06-28 11:19:00,HOLDINGS_UPDATED,"{'CASH': 11348236, 'JPM': -14}"
2019-06-28 11:20:00,BID_DEPTH,"[(100660, 192)]"
2019-06-28 11:20:00,ASK_DEPTH,"[(100814, 98)]"
2019-06-28 11:20:00,IMBALANCE,"[192, 98]"
2019-06-28 11:20:00,HOLDINGS_UPDATED,"{'CASH': 11146608, 'JPM': -12}"
2019-06-28 11:21:00,BID_DEPTH,"[(100655, 192)]"
2019-06-28 11:21:00,ASK_DEPTH,"[(100683, 98)]"
2019-06-28 11:21:00,IMBALANCE,"[192, 98]"
2019-06-28 11:21:00,HOLDINGS_UPDATED,"{'CASH': 10945242, 'JPM': -10}"
2019-06-28 11:22:00,BID_DEPTH,"[(100605, 214)]"
2019-06-28 11:22:00,ASK_DEPTH,"[(100683, 120)]"
2019-06-28 11:22:00,IMBALANCE,"[214, 120]"
2019-06-28 11:22:00,HOLDINGS_UPDATED,"{'CASH': 10743876, 'JPM': -8}"
2019-06-28 11:23:00,BID_DEPTH,"[(100605, 558)]"
2019-06-28 11:23:00,ASK_DEPTH,"[(100684, 464)]"
2019-06-28 11:23:00,IMBALANCE,"[558, 464]"
2019-06-28 11:23:00,HOLDINGS_UPDATED,"{'CASH': 10542508, 'JPM': -6}"
2019-06-28 11:24:00,BID_DEPTH,"[(100684, 558)]"
2019-06-28 11:24:00,ASK_DEPTH,"[(100795, 464)]"
2019-06-28 11:24:00,IMBALANCE,"[558, 464]"
2019-06-28 11:24:00,HOLDINGS_UPDATED,"{'CASH': 10340918, 'JPM': -4}"
2019-06-28 11:25:00,BID_DEPTH,"[(100684, 214)]"
2019-06-28 11:25:00,ASK_DEPTH,"[(100796, 120)]"
2019-06-28 11:25:00,IMBALANCE,"[214, 120]"
2019-06-28 11:25:00,HOLDINGS_UPDATED,"{'CASH': 10139326, 'JPM': -2}"
2019-06-28 11:26:00,BID_DEPTH,"[(100684, 192)]"
2019-06-28 11:26:00,ASK_DEPTH,"[(100796, 98)]"
2019-06-28 11:26:00,IMBALANCE,"[192, 98]"
2019-06-28 11:26:00,HOLDINGS_UPDATED,{'CASH': 9937734}
2019-06-28 11:27:00,BID_DEPTH,"[(100684, 329)]"
2019-06-28 11:27:00,ASK_DEPTH,"[(100929, 235)]"
2019-06-28 11:27:00,IMBALANCE,"[329, 235]"
2019-06-28 11:27:00,HOLDINGS_UPDATED,"{'CASH': 9735876, 'JPM': 2}"
2019-06-28 11:28:00,BID_DEPTH,"[(100684, 558)]"
2019-06-28 11:28:00,ASK_DEPTH,"[(101050, 464)]"
2019-06-28 11:28:00,IMBALANCE,"[558, 464]"
2019-06-28 11:28:00,HOLDINGS_UPDATED,"{'CASH': 9533776, 'JPM': 4}"
2019-06-28 11:29:00,BID_DEPTH,"[(100914, 558)]"
2019-06-28 11:29:00,ASK_DEPTH,"[(101050, 464)]"
2019-06-28 11:29:00,IMBALANCE,"[558, 464]"
2019-06-28 11:29:00,HOLDINGS_UPDATED,"{'CASH': 9331676, 'JPM': 6}"
2019-06-28 11:30:00,BID_DEPTH,"[(100914, 192)]"
2019-06-28 11:30:00,ASK_DEPTH,"[(100926, 98)]"
2019-06-28 11:30:00,IMBALANCE,"[192, 98]"
2019-06-28 11:30:00,HOLDINGS_UPDATED,"{'CASH': 9129824, 'JPM': 8}"
2019-06-28 11:31:00,BID_DEPTH,"[(100684, 329)]"
2019-06-28 11:31:00,ASK_DEPTH,"[(100926, 235)]"
2019-06-28 11:31:00,IMBALANCE,"[329, 235]"
2019-06-28 11:31:00,HOLDINGS_UPDATED,"{'CASH': 8927972, 'JPM': 10}"
2019-06-28 11:32:00,BID_DEPTH,"[(100611, 329)]"
2019-06-28 11:32:00,ASK_DEPTH,"[(100926, 435)]"
2019-06-28 11:32:00,IMBALANCE,"[329, 435]"
2019-06-28 11:32:00,HOLDINGS_UPDATED,"{'CASH': 8726120, 'JPM': 12}"
2019-06-28 11:33:00,BID_DEPTH,"[(100424, 192)]"
2019-06-28 11:33:00,ASK_DEPTH,"[(100561, 6)]"
2019-06-28 11:33:00,IMBALANCE,"[192, 6]"
2019-06-28 11:33:00,HOLDINGS_UPDATED,"{'CASH': 8524998, 'JPM': 14}"
2019-06-28 11:34:00,BID_DEPTH,"[(100294, 329)]"
2019-06-28 11:34:00,ASK_DEPTH,"[(100924, 235)]"
2019-06-28 11:34:00,IMBALANCE,"[329, 235]"
2019-06-28 11:34:00,HOLDINGS_UPDATED,"{'CASH': 8323150, 'JPM': 16}"
2019-06-28 11:35:00,BID_DEPTH,"[(99973, 214)]"
2019-06-28 11:35:00,ASK_DEPTH,"[(100925, 202)]"
2019-06-28 11:35:00,IMBALANCE,"[214, 202]"
2019-06-28 11:35:00,HOLDINGS_UPDATED,"{'CASH': 8121300, 'JPM': 18}"
2019-06-28 11:36:00,BID_DEPTH,"[(99865, 558)]"
2019-06-28 11:36:00,ASK_DEPTH,"[(100117, 464)]"
2019-06-28 11:36:00,IMBALANCE,"[558, 464]"
2019-06-28 11:36:00,HOLDINGS_UPDATED,"{'CASH': 7921066, 'JPM': 20}"
2019-06-28 11:37:00,BID_DEPTH,"[(100081, 329)]"
2019-06-28 11:37:00,ASK_DEPTH,"[(100161, 235)]"
2019-06-28 11:37:00,IMBALANCE,"[329, 235]"
2019-06-28 11:37:00,HOLDINGS_UPDATED,"{'CASH': 7720744, 'JPM': 22}"
2019-06-28 11:38:00,BID_DEPTH,"[(99936, 329)]"
2019-06-28 11:38:00,ASK_DEPTH,"[(100093, 235)]"
2019-06-28 11:38:00,IMBALANCE,"[329, 235]"
2019-06-28 11:38:00,HOLDINGS_UPDATED,"{'CASH': 7520558, 'JPM': 24}"
2019-06-28 11:39:00,BID_DEPTH,"[(99835, 329)]"
2019-06-28 11:39:00,ASK_DEPTH,"[(100161, 235)]"
2019-06-28 11:39:00,IMBALANCE,"[329, 235]"
2019-06-28 11:39:00,HOLDINGS_UPDATED,"{'CASH': 7320236, 'JPM': 26}"
2019-06-28 11:40:00,BID_DEPTH,"[(99795, 256)]"
2019-06-28 11:40:00,ASK_DEPTH,"[(100225, 162)]"
2019-06-28 11:40:00,IMBALANCE,"[256, 162]"
2019-06-28 11:40:00,HOLDINGS_UPDATED,"{'CASH': 7119786, 'JPM': 28}"
2019-06-28 11:41:00,BID_DEPTH,"[(99596, 214)]"
2019-06-28 11:41:00,ASK_DEPTH,"[(100225, 120)]"
2019-06-28 11:41:00,IMBALANCE,"[214, 120]"
2019-06-28 11:41:00,HOLDINGS_UPDATED,"{'CASH': 6919336, 'JPM': 30}"
2019-06-28 11:42:00,BID_DEPTH,"[(99264, 157)]"
2019-06-28 11:42:00,ASK_DEPTH,"[(100925, 121)]"
2019-06-28 11:42:00,IMBALANCE,"[157, 121]"
2019-06-28 11:42:00,HOLDINGS_UPDATED,"{'CASH': 6717486, 'JPM': 32}"
2019-06-28 11:43:00,BID_DEPTH,"[(99460, 192)]"
2019-06-28 11:43:00,ASK_DEPTH,"[(99483, 98)]"
2019-06-28 11:43:00,IMBALANCE,"[192, 98]"
2019-06-28 11:43:00,HOLDINGS_UPDATED,"{'CASH': 6518520, 'JPM': 34}"
2019-06-28 11:44:00,BID_DEPTH,"[(99460, 558)]"
2019-06-28 11:44:00,ASK_DEPTH,"[(99611, 464)]"
2019-06-28 11:44:00,IMBALANCE,"[558, 464]"
2019-06-28 11:44:00,HOLDINGS_UPDATED,"{'CASH': 6319298, 'JPM': 36}"
2019-06-28 11:45:00,BID_DEPTH,"[(99460, 558)]"
2019-06-28 11:45:00,ASK_DEPTH,"[(99631, 464)]"
2019-06-28 11:45:00,IMBALANCE,"[558, 464]"
2019-06-28 11:45:00,HOLDINGS_UPDATED,"{'CASH': 6120036, 'JPM': 38}"
2019-06-28 11:46:00,BID_DEPTH,"[(99460, 214)]"
2019-06-28 11:46:00,ASK_DEPTH,"[(99711, 120)]"
2019-06-28 11:46:00,IMBALANCE,"[214, 120]"
2019-06-28 11:46:00,HOLDINGS_UPDATED,"{'CASH': 5920614, 'JPM': 40}"
2019-06-28 11:47:00,BID_DEPTH,"[(99460, 192)]"
2019-06-28 11:47:00,ASK_DEPTH,"[(99711, 98)]"
2019-06-28 11:47:00,IMBALANCE,"[192, 98]"
2019-06-28 11:47:00,HOLDINGS_UPDATED,"{'CASH': 5721192, 'JPM': 42}"
2019-06-28 11:48:00,BID_DEPTH,"[(99384, 256)]"
2019-06-28 11:48:00,ASK_DEPTH,"[(99460, 70)]"
2019-06-28 11:48:00,IMBALANCE,"[256, 70]"
2019-06-28 11:48:00,HOLDINGS_UPDATED,"{'CASH': 5522272, 'JPM': 44}"
2019-06-28 11:49:00,BID_DEPTH,"[(99394, 120)]"
2019-06-28 11:49:00,ASK_DEPTH,"[(99711, 214)]"
2019-06-28 11:49:00,IMBALANCE,"[120, 214]"
2019-06-28 11:49:00,HOLDINGS_UPDATED,"{'CASH': 5721060, 'JPM': 42}"
2019-06-28 11:50:00,BID_DEPTH,"[(99394, 464)]"
2019-06-28 11:50:00,ASK_DEPTH,"[(99711, 551)]"
2019-06-28 11:50:00,IMBALANCE,"[464, 551]"
2019-06-28 11:50:00,HOLDINGS_UPDATED,"{'CASH': 5919848, 'JPM': 40}"
2019-06-28 11:51:00,BID_DEPTH,"[(99649, 98)]"
2019-06-28 11:51:00,ASK_DEPTH,"[(99711, 278)]"
2019-06-28 11:51:00,IMBALANCE,"[98, 278]"
2019-06-28 11:51:00,HOLDINGS_UPDATED,"{'CASH': 6119146, 'JPM': 38}"
2019-06-28 11:52:00,BID_DEPTH,"[(99621, 235)]"
2019-06-28 11:52:00,ASK_DEPTH,"[(99711, 308)]"
2019-06-28 11:52:00,IMBALANCE,"[235, 308]"
2019-06-28 11:52:00,HOLDINGS_UPDATED,"{'CASH': 6318388, 'JPM': 36}"
2019-06-28 11:53:00,BID_DEPTH,"[(99462, 98)]"
2019-06-28 11:53:00,ASK_DEPTH,"[(99711, 164)]"
2019-06-28 11:53:00,IMBALANCE,"[98, 164]"
2019-06-28 11:53:00,HOLDINGS_UPDATED,"{'CASH': 6517312, 'JPM': 34}"
2019-06-28 11:54:00,BID_DEPTH,"[(99462, 235)]"
2019-06-28 11:54:00,ASK_DEPTH,"[(99581, 329)]"
2019-06-28 11:54:00,IMBALANCE,"[235, 329]"
2019-06-28 11:54:00,HOLDINGS_UPDATED,"{'CASH': 6716236, 'JPM': 32}"
2019-06-28 11:55:00,BID_DEPTH,"[(99404, 98)]"
2019-06-28 11:55:00,ASK_DEPTH,"[(100925, 192)]"
2019-06-28 11:55:00,IMBALANCE,"[98, 192]"
2019-06-28 11:55:00,HOLDINGS_UPDATED,"{'CASH': 6915044, 'JPM': 30}"
2019-06-28 11:56:00,BID_DEPTH,"[(99384, 464)]"
2019-06-28 11:56:00,ASK_DEPTH,"[(99566, 558)]"
2019-06-28 11:56:00,IMBALANCE,"[464, 558]"
2019-06-28 11:56:00,HOLDINGS_UPDATED,"{'CASH': 7113812, 'JPM': 28}"
2019-06-28 11:57:00,BID_DEPTH,"[(99384, 235)]"
2019-06-28 11:57:00,ASK_DEPTH,"[(100925, 329)]"
2019-06-28 11:57:00,IMBALANCE,"[235, 329]"
2019-06-28 11:57:00,HOLDINGS_UPDATED,"{'CASH': 7312580, 'JPM': 26}"
2019-06-28 11:58:00,BID_DEPTH,"[(100536, 464)]"
2019-06-28 11:58:00,ASK_DEPTH,"[(100805, 558)]"
2019-06-28 11:58:00,IMBALANCE,"[464, 558]"
2019-06-28 11:58:00,HOLDINGS_UPDATED,"{'CASH': 7513652, 'JPM': 24}"
2019-06-28 11:59:00,BID_DEPTH,"[(100762, 98)]"
2019-06-28 11:59:00,ASK_DEPTH,"[(100805, 192)]"
2019-06-28 11:59:00,IMBALANCE,"[98, 192]"
2019-06-28 11:59:00,HOLDINGS_UPDATED,"{'CASH': 7715176, 'JPM': 22}"
2019-06-28 12:00:00,BID_DEPTH,"[(100407, 162)]"
2019-06-28 12:00:00,ASK_DEPTH,"[(100925, 256)]"
2019-06-28 12:00:00,IMBALANCE,"[162, 256]"
2019-06-28 12:00:00,HOLDINGS_UPDATED,"{'CASH': 7915990, 'JPM': 20}"
2019-06-28 12:01:00,BID_DEPTH,"[(101070, 464)]"
2019-06-28 12:01:00,ASK_DEPTH,"[(101673, 558)]"
2019-06-28 12:01:00,IMBALANCE,"[464, 558]"
2019-06-28 12:01:00,HOLDINGS_UPDATED,"{'CASH': 8118130, 'JPM': 18}"
2019-06-28 12:02:00,BID_DEPTH,"[(100922, 120)]"
2019-06-28 12:02:00,ASK_DEPTH,"[(101070, 214)]"
2019-06-28 12:02:00,IMBALANCE,"[120, 214]"
2019-06-28 12:02:00,HOLDINGS_UPDATED,"{'CASH': 8319974, 'JPM': 16}"
2019-06-28 12:03:00,BID_DEPTH,"[(100922, 120)]"
2019-06-28 12:03:00,ASK_DEPTH,"[(101070, 214)]"
2019-06-28 12:03:00,IMBALANCE,"[120, 214]"
2019-06-28 12:03:00,HOLDINGS_UPDATED,"{'CASH': 8521818, 'JPM': 14}"
2019-06-28 12:04:00,BID_DEPTH,"[(101196, 464)]"
2019-06-28 12:04:00,ASK_DEPTH,"[(101230, 558)]"
2019-06-28 12:04:00,IMBALANCE,"[464, 558]"
2019-06-28 12:04:00,HOLDINGS_UPDATED,"{'CASH': 8724210, 'JPM': 12}"
2019-06-28 12:05:00,BID_DEPTH,"[(100923, 162)]"
2019-06-28 12:05:00,ASK_DEPTH,"[(101673, 256)]"
2019-06-28 12:05:00,IMBALANCE,"[162, 256]"
2019-06-28 12:05:00,HOLDINGS_UPDATED,"{'CASH': 8926056, 'JPM': 10}"
2019-06-28 12:06:00,BID_DEPTH,"[(101514, 464)]"
2019-06-28 12:06:00,ASK_DEPTH,"[(101673, 558)]"
2019-06-28 12:06:00,IMBALANCE,"[464, 558]"
2019-06-28 12:06:00,HOLDINGS_UPDATED,"{'CASH': 9129084, 'JPM': 8}"
2019-06-28 12:07:00,BID_DEPTH,"[(100923, 100)]"
2019-06-28 12:07:00,ASK_DEPTH,[]
2019-06-28 12:07:00,IMBALANCE,"[100, 0]"
2019-06-28 12:08:00,BID_DEPTH,"[(101745, 192)]"
2019-06-28 12:08:00,ASK_DEPTH,"[(102099, 98)]"
2019-06-28 12:08:00,IMBALANCE,"[192, 98]"
2019-06-28 12:08:00,HOLDINGS_UPDATED,"{'CASH': 8924886, 'JPM': 10}"
2019-06-28 12:09:00,BID_DEPTH,"[(101745, 307)]"
2019-06-28 12:09:00,ASK_DEPTH,"[(102099, 120)]"
2019-06-28 12:09:00,IMBALANCE,"[307, 120]"
2019-06-28 12:09:00,HOLDINGS_UPDATED,"{'CASH': 8720688, 'JPM': 12}"
2019-06-28 12:10:00,BID_DEPTH,"[(101185, 100)]"
2019-06-28 12:10:00,ASK_DEPTH,[]
2019-06-28 12:10:00,IMBALANCE,"[100, 0]"
2019-06-28 12:11:00,BID_DEPTH,"[(101185, 329)]"
2019-06-28 12:11:00,ASK_DEPTH,"[(101366, 235)]"
2019-06-28 12:11:00,IMBALANCE,"[329, 235]"
2019-06-28 12:11:00,HOLDINGS_UPDATED,"{'CASH': 8517956, 'JPM': 14}"
2019-06-28 12:12:00,BID_DEPTH,"[(101185, 249)]"
2019-06-28 12:12:00,ASK_DEPTH,"[(101367, 162)]"
2019-06-28 12:12:00,IMBALANCE,"[249, 162]"
2019-06-28 12:12:00,HOLDINGS_UPDATED,"{'CASH': 8315222, 'JPM': 16}"
2019-06-28 12:13:00,BID_DEPTH,"[(101158, 256)]"
2019-06-28 12:13:00,ASK_DEPTH,"[(101377, 162)]"
2019-06-28 12:13:00,IMBALANCE,"[256, 162]"
2019-06-28 12:13:00,HOLDINGS_UPDATED,"{'CASH': 8112468, 'JPM': 18}"
2019-06-28 12:14:00,BID_DEPTH,"[(101158, 551)]"
2019-06-28 12:14:00,ASK_DEPTH,"[(101541, 464)]"
2019-06-28 12:14:00,IMBALANCE,"[551, 464]"
2019-06-28 12:14:00,HOLDINGS_UPDATED,"{'CASH': 7909386, 'JPM': 20}"
2019-06-28 12:15:00,BID_DEPTH,"[(101107, 214)]"
2019-06-28 12:15:00,ASK_DEPTH,"[(101541, 120)]"
2019-06-28 12:15:00,IMBALANCE,"[214, 120]"
2019-06-28 12:15:00,HOLDINGS_UPDATED,"{'CASH': 7706304, 'JPM': 22}"
2019-06-28 12:16:00,BID_DEPTH,"[(101053, 192)]"
2019-06-28 12:16:00,ASK_DEPTH,"[(101541, 198)]"
2019-06-28 12:16:00,IMBALANCE,"[192, 198]"
2019-06-28 12:16:00,HOLDINGS_UPDATED,"{'CASH': 7503222, 'JPM': 24}"
2019-06-28 12:17:00,BID_DEPTH,"[(100944, 214)]"
2019-06-28 12:17:00,ASK_DEPTH,"[(101541, 97)]"
2019-06-28 12:17:00,IMBALANCE,"[214, 97]"
2019-06-28 12:17:00,HOLDINGS_UPDATED,"{'CASH': 7300140, 'JPM': 26}"
2019-06-28 12:18:00,BID_DEPTH,"[(100944, 256)]"
2019-06-28 12:18:00,ASK_DEPTH,"[(101541, 162)]"
2019-06-28 12:18:00,IMBALANCE,"[256, 162]"
2019-06-28 12:18:00,HOLDINGS_UPDATED,"{'CASH': 7097058, 'JPM': 28}"
2019-06-28 12:19:00,BID_DEPTH,"[(100923, 214)]"
2019-06-28 12:19:00,ASK_DEPTH,"[(101745, 120)]"
2019-06-28 12:19:00,IMBALANCE,"[214, 120]"
2019-06-28 12:19:00,HOLDINGS_UPDATED,"{'CASH': 6893568, 'JPM': 30}"
2019-06-28 12:20:00,BID_DEPTH,"[(100798, 329)]"
2019-06-28 12:20:00,ASK_DEPTH,"[(100916, 235)]"
2019-06-28 12:20:00,IMBALANCE,"[329, 235]"
2019-06-28 12:20:00,HOLDINGS_UPDATED,"{'CASH': 6691736, 'JPM': 32}"
2019-06-28 12:21:00,BID_DEPTH,"[(100530, 214)]"
2019-06-28 12:21:00,ASK_DEPTH,"[(100835, 120)]"
2019-06-28 12:21:00,IMBALANCE,"[214, 120]"
2019-06-28 12:21:00,HOLDINGS_UPDATED,"{'CASH': 6490066, 'JPM': 34}"
2019-06-28 12:22:00,BID_DEPTH,"[(100581, 214)]"
2019-06-28 12:22:00,ASK_DEPTH,"[(100614, 120)]"
2019-06-28 12:22:00,IMBALANCE,"[214, 120]"
2019-06-28 12:22:00,HOLDINGS_UPDATED,"{'CASH': 6288838, 'JPM': 36}"
2019-06-28 12:23:00,BID_DEPTH,"[(100614, 658)]"
2019-06-28 12:23:00,ASK_DEPTH,"[(100661, 464)]"
2019-06-28 12:23:00,IMBALANCE,"[658, 464]"
2019-06-28 12:23:00,HOLDINGS_UPDATED,"{'CASH': 6087516, 'JPM': 38}"
2019-06-28 12:24:00,BID_DEPTH,"[(100614, 200)]"
2019-06-28 12:24:00,ASK_DEPTH,[]
2019-06-28 12:24:00,IMBALANCE,"[200, 0]"
2019-06-28 12:25:00,BID_DEPTH,"[(100742, 558)]"
2019-06-28 12:25:00,ASK_DEPTH,"[(100836, 464)]"
2019-06-28 12:25:00,IMBALANCE,"[558, 464]"
2019-06-28 12:25:00,HOLDINGS_UPDATED,"{'CASH': 5885844, 'JPM': 40}"
2019-06-28 12:26:00,BID_DEPTH,"[(100614, 192)]"
2019-06-28 12:26:00,ASK_DEPTH,"[(100902, 98)]"
2019-06-28 12:26:00,IMBALANCE,"[192, 98]"
2019-06-28 12:26:00,HOLDINGS_UPDATED,"{'CASH': 5684040, 'JPM': 42}"
2019-06-28 12:27:00,BID_DEPTH,"[(100530, 558)]"
2019-06-28 12:27:00,ASK_DEPTH,"[(100614, 464)]"
2019-06-28 12:27:00,IMBALANCE,"[558, 464]"
2019-06-28 12:27:00,HOLDINGS_UPDATED,"{'CASH': 5482812, 'JPM': 44}"
2019-06-28 12:28:00,BID_DEPTH,"[(100193, 100)]"
2019-06-28 12:28:00,ASK_DEPTH,[]
2019-06-28 12:28:00,IMBALANCE,"[100, 0]"
2019-06-28 12:29:00,BID_DEPTH,"[(100017, 558)]"
2019-06-28 12:29:00,ASK_DEPTH,"[(100492, 464)]"
2019-06-28 12:29:00,IMBALANCE,"[558, 464]"
2019-06-28 12:29:00,HOLDINGS_UPDATED,"{'CASH': 5281828, 'JPM': 46}"
2019-06-28 12:30:00,BID_DEPTH,"[(99823, 214)]"
2019-06-28 12:30:00,ASK_DEPTH,"[(99979, 120)]"
2019-06-28 12:30:00,IMBALANCE,"[214, 120]"
2019-06-28 12:30:00,HOLDINGS_UPDATED,"{'CASH': 5081870, 'JPM': 48}"
2019-06-28 12:31:00,BID_DEPTH,"[(99823, 329)]"
2019-06-28 12:31:00,ASK_DEPTH,"[(99979, 235)]"
2019-06-28 12:31:00,IMBALANCE,"[329, 235]"
2019-06-28 12:31:00,HOLDINGS_UPDATED,"{'CASH': 4881912, 'JPM': 50}"
2019-06-28 12:32:00,BID_DEPTH,"[(100229, 214)]"
2019-06-28 12:32:00,ASK_DEPTH,"[(100319, 120)]"
2019-06-28 12:32:00,IMBALANCE,"[214, 120]"
2019-06-28 12:32:00,HOLDINGS_UPDATED,"{'CASH': 4681274, 'JPM': 52}"
2019-06-28 12:33:00,BID_DEPTH,"[(100136, 214)]"
2019-06-28 12:33:00,ASK_DEPTH,"[(100530, 120)]"
2019-06-28 12:33:00,IMBALANCE,"[214, 120]"
2019-06-28 12:33:00,HOLDINGS_UPDATED,"{'CASH': 4480214, 'JPM': 54}"
2019-06-28 12:34:00,BID_DEPTH,"[(100136, 658)]"
2019-06-28 12:34:00,ASK_DEPTH,"[(100529, 464)]"
2019-06-28 12:34:00,IMBALANCE,"[658, 464]"
2019-06-28 12:34:00,HOLDINGS_UPDATED,"{'CASH': 4279156, 'JPM': 56}"
2019-06-28 12:35:00,BID_DEPTH,"[(100136, 658)]"
2019-06-28 12:35:00,ASK_DEPTH,"[(100530, 464)]"
2019-06-28 12:35:00,IMBALANCE,"[658, 464]"
2019-06-28 12:35:00,HOLDINGS_UPDATED,"{'CASH': 4078096, 'JPM': 58}"
2019-06-28 12:36:00,BID_DEPTH,"[(100136, 429)]"
2019-06-28 12:36:00,ASK_DEPTH,"[(100530, 235)]"
2019-06-28 12:36:00,IMBALANCE,"[429, 235]"
2019-06-28 12:36:00,HOLDINGS_UPDATED,"{'CASH': 3877036, 'JPM': 60}"
2019-06-28 12:37:00,BID_DEPTH,"[(100435, 192)]"
2019-06-28 12:37:00,ASK_DEPTH,"[(100530, 98)]"
2019-06-28 12:37:00,IMBALANCE,"[192, 98]"
2019-06-28 12:37:00,HOLDINGS_UPDATED,"{'CASH': 3675976, 'JPM': 62}"
2019-06-28 12:38:00,BID_DEPTH,"[(100530, 192)]"
2019-06-28 12:38:00,ASK_DEPTH,"[(100783, 98)]"
2019-06-28 12:38:00,IMBALANCE,"[192, 98]"
2019-06-28 12:38:00,HOLDINGS_UPDATED,"{'CASH': 3474410, 'JPM': 64}"
2019-06-28 12:39:00,BID_DEPTH,"[(100618, 464)]"
2019-06-28 12:39:00,ASK_DEPTH,"[(100832, 558)]"
2019-06-28 12:39:00,IMBALANCE,"[464, 558]"
2019-06-28 12:39:00,HOLDINGS_UPDATED,"{'CASH': 3675646, 'JPM': 62}"
2019-06-28 12:40:00,BID_DEPTH,"[(100497, 464)]"
2019-06-28 12:40:00,ASK_DEPTH,"[(100618, 658)]"
2019-06-28 12:40:00,IMBALANCE,"[464, 658]"
2019-06-28 12:40:00,HOLDINGS_UPDATED,"{'CASH': 3876640, 'JPM': 60}"
2019-06-28 12:41:00,BID_DEPTH,"[(100435, 120)]"
2019-06-28 12:41:00,ASK_DEPTH,"[(100618, 314)]"
2019-06-28 12:41:00,IMBALANCE,"[120, 314]"
2019-06-28 12:41:00,HOLDINGS_UPDATED,"{'CASH': 4077510, 'JPM': 58}"
2019-06-28 12:42:00,BID_DEPTH,"[(100399, 120)]"
2019-06-28 12:42:00,ASK_DEPTH,"[(100618, 314)]"
2019-06-28 12:42:00,IMBALANCE,"[120, 314]"
2019-06-28 12:42:00,HOLDINGS_UPDATED,"{'CASH': 4278308, 'JPM': 56}"
2019-06-28 12:43:00,BID_DEPTH,"[(100106, 120)]"
2019-06-28 12:43:00,ASK_DEPTH,"[(100399, 214)]"
2019-06-28 12:43:00,IMBALANCE,"[120, 214]"
2019-06-28 12:43:00,HOLDINGS_UPDATED,"{'CASH': 4478520, 'JPM': 54}"
2019-06-28 12:44:00,BID_DEPTH,"[(100097, 162)]"
2019-06-28 12:44:00,ASK_DEPTH,"[(100106, 272)]"
2019-06-28 12:44:00,IMBALANCE,"[162, 272]"
2019-06-28 12:44:00,HOLDINGS_UPDATED,"{'CASH': 4678714, 'JPM': 52}"
2019-06-28 12:45:00,BID_DEPTH,"[(100011, 464)]"
2019-06-28 12:45:00,ASK_DEPTH,"[(100106, 667)]"
2019-06-28 12:45:00,IMBALANCE,"[464, 667]"
2019-06-28 12:45:00,HOLDINGS_UPDATED,"{'CASH': 4878736, 'JPM': 50}"
2019-06-28 12:46:00,BID_DEPTH,"[(99888, 120)]"
2019-06-28 12:46:00,ASK_DEPTH,"[(100106, 416)]"
2019-06-28 12:46:00,IMBALANCE,"[120, 416]"
2019-06-28 12:46:00,HOLDINGS_UPDATED,"{'CASH': 5078512, 'JPM': 48}"
2019-06-28 12:47:00,BID_DEPTH,"[(99444, 162)]"
2019-06-28 12:47:00,ASK_DEPTH,"[(99823, 256)]"
2019-06-28 12:47:00,IMBALANCE,"[162, 256]"
2019-06-28 12:47:00,HOLDINGS_UPDATED,"{'CASH': 5277400, 'JPM': 46}"
2019-06-28 12:48:00,BID_DEPTH,"[(99273, 120)]"
2019-06-28 12:48:00,ASK_DEPTH,"[(99823, 207)]"
2019-06-28 12:48:00,IMBALANCE,"[120, 207]"
2019-06-28 12:48:00,HOLDINGS_UPDATED,"{'CASH': 5475946, 'JPM': 44}"
2019-06-28 12:49:00,BID_DEPTH,"[(99273, 162)]"
2019-06-28 12:49:00,ASK_DEPTH,"[(99823, 442)]"
2019-06-28 12:49:00,IMBALANCE,"[162, 442]"
2019-06-28 12:49:00,HOLDINGS_UPDATED,"{'CASH': 5674492, 'JPM': 42}"
2019-06-28 12:50:00,BID_DEPTH,"[(99264, 365)]"
2019-06-28 12:50:00,ASK_DEPTH,"[(99395, 558)]"
2019-06-28 12:50:00,IMBALANCE,"[365, 558]"
2019-06-28 12:50:00,HOLDINGS_UPDATED,"{'CASH': 5873020, 'JPM': 40}"
2019-06-28 12:51:00,BID_DEPTH,"[(99089, 120)]"
2019-06-28 12:51:00,ASK_DEPTH,"[(99802, 214)]"
2019-06-28 12:51:00,IMBALANCE,"[120, 214]"
2019-06-28 12:51:00,HOLDINGS_UPDATED,"{'CASH': 6071198, 'JPM': 38}"
2019-06-28 12:52:00,BID_DEPTH,"[(99708, 98)]"
2019-06-28 12:52:00,ASK_DEPTH,"[(99802, 285)]"
2019-06-28 12:52:00,IMBALANCE,"[98, 285]"
2019-06-28 12:52:00,HOLDINGS_UPDATED,"{'CASH': 6270614, 'JPM': 36}"
2019-06-28 12:53:00,BID_DEPTH,"[(99037, 98)]"
2019-06-28 12:53:00,ASK_DEPTH,"[(99802, 378)]"
2019-06-28 12:53:00,IMBALANCE,"[98, 378]"
2019-06-28 12:53:00,HOLDINGS_UPDATED,"{'CASH': 6468688, 'JPM': 34}"
2019-06-28 12:54:00,BID_DEPTH,"[(99037, 220)]"
2019-06-28 12:54:00,ASK_DEPTH,"[(99802, 493)]"
2019-06-28 12:54:00,IMBALANCE,"[220, 493]"
2019-06-28 12:54:00,HOLDINGS_UPDATED,"{'CASH': 6666762, 'JPM': 32}"
2019-06-28 12:55:00,BID_DEPTH,"[(99037, 75)]"
2019-06-28 12:55:00,ASK_DEPTH,"[(99251, 192)]"
2019-06-28 12:55:00,IMBALANCE,"[75, 192]"
2019-06-28 12:55:00,HOLDINGS_UPDATED,"{'CASH': 6864836, 'JPM': 30}"
2019-06-28 12:56:00,BID_DEPTH,"[(99004, 235)]"
2019-06-28 12:56:00,ASK_DEPTH,"[(99585, 329)]"
2019-06-28 12:56:00,IMBALANCE,"[235, 329]"
2019-06-28 12:56:00,HOLDINGS_UPDATED,"{'CASH': 7062844, 'JPM': 28}"
2019-06-28 12:57:00,BID_DEPTH,"[(99662, 162)]"
2019-06-28 12:57:00,ASK_DEPTH,"[(99706, 256)]"
2019-06-28 12:57:00,IMBALANCE,"[162, 256]"
2019-06-28 12:57:00,HOLDINGS_UPDATED,"{'CASH': 7262168, 'JPM': 26}"
2019-06-28 12:58:00,BID_DEPTH,"[(99380, 464)]"
2019-06-28 12:58:00,ASK_DEPTH,"[(99662, 558)]"
2019-06-28 12:58:00,IMBALANCE,"[464, 558]"
2019-06-28 12:58:00,HOLDINGS_UPDATED,"{'CASH': 7460928, 'JPM': 24}"
2019-06-28 12:59:00,BID_DEPTH,"[(99340, 120)]"
2019-06-28 12:59:00,ASK_DEPTH,"[(99356, 214)]"
2019-06-28 12:59:00,IMBALANCE,"[120, 214]"
2019-06-28 12:59:00,HOLDINGS_UPDATED,"{'CASH': 7659608, 'JPM': 22}"
2019-06-28 13:00:00,BID_DEPTH,"[(99320, 235)]"
2019-06-28 13:00:00,ASK_DEPTH,"[(99485, 329)]"
2019-06-28 13:00:00,IMBALANCE,"[235, 329]"
2019-06-28 13:00:00,HOLDINGS_UPDATED,"{'CASH': 7858248, 'JPM': 20}"
2019-06-28 13:01:00,BID_DEPTH,"[(99485, 84)]"
2019-06-28 13:01:00,ASK_DEPTH,"[(99662, 192)]"
2019-06-28 13:01:00,IMBALANCE,"[84, 192]"
2019-06-28 13:01:00,HOLDINGS_UPDATED,"{'CASH': 8057218, 'JPM': 18}"
2019-06-28 13:02:00,BID_DEPTH,"[(98361, 235)]"
2019-06-28 13:02:00,ASK_DEPTH,"[(99554, 329)]"
2019-06-28 13:02:00,IMBALANCE,"[235, 329]"
2019-06-28 13:02:00,HOLDINGS_UPDATED,"{'CASH': 8253940, 'JPM': 16}"
2019-06-28 13:03:00,BID_DEPTH,"[(98925, 464)]"
2019-06-28 13:03:00,ASK_DEPTH,"[(99554, 558)]"
2019-06-28 13:03:00,IMBALANCE,"[464, 558]"
2019-06-28 13:03:00,HOLDINGS_UPDATED,"{'CASH': 8451790, 'JPM': 14}"
2019-06-28 13:04:00,BID_DEPTH,"[(99083, 120)]"
2019-06-28 13:04:00,ASK_DEPTH,"[(99310, 214)]"
2019-06-28 13:04:00,IMBALANCE,"[120, 214]"
2019-06-28 13:04:00,HOLDINGS_UPDATED,"{'CASH': 8649956, 'JPM': 12}"
2019-06-28 13:05:00,BID_DEPTH,"[(98361, 120)]"
2019-06-28 13:05:00,ASK_DEPTH,"[(99310, 214)]"
2019-06-28 13:05:00,IMBALANCE,"[120, 214]"
2019-06-28 13:05:00,HOLDINGS_UPDATED,"{'CASH': 8846678, 'JPM': 10}"
2019-06-28 13:06:00,BID_DEPTH,"[(98328, 235)]"
2019-06-28 13:06:00,ASK_DEPTH,"[(99310, 329)]"
2019-06-28 13:06:00,IMBALANCE,"[235, 329]"
2019-06-28 13:06:00,HOLDINGS_UPDATED,"{'CASH': 9043334, 'JPM': 8}"
2019-06-28 13:07:00,BID_DEPTH,[]
2019-06-28 13:07:00,ASK_DEPTH,"[(99529, 100)]"
2019-06-28 13:07:00,IMBALANCE,"[0, 100]"
2019-06-28 13:08:00,BID_DEPTH,[]
2019-06-28 13:08:00,ASK_DEPTH,"[(99662, 100)]"
2019-06-28 13:08:00,IMBALANCE,"[0, 100]"
2019-06-28 13:09:00,BID_DEPTH,"[(99706, 162)]"
2019-06-28 13:09:00,ASK_DEPTH,"[(99802, 256)]"
2019-06-28 13:09:00,IMBALANCE,"[162, 256]"
2019-06-28 13:09:00,HOLDINGS_UPDATED,"{'CASH': 9242746, 'JPM': 6}"
2019-06-28 13:10:00,BID_DEPTH,"[(99707, 464)]"
2019-06-28 13:10:00,ASK_DEPTH,"[(99857, 558)]"
2019-06-28 13:10:00,IMBALANCE,"[464, 558]"
2019-06-28 13:10:00,HOLDINGS_UPDATED,"{'CASH': 9442160, 'JPM': 4}"
2019-06-28 13:11:00,BID_DEPTH,"[(99707, 235)]"
2019-06-28 13:11:00,ASK_DEPTH,"[(99889, 329)]"
2019-06-28 13:11:00,IMBALANCE,"[235, 329]"
2019-06-28 13:11:00,HOLDINGS_UPDATED,"{'CASH': 9641574, 'JPM': 2}"
2019-06-28 13:12:00,BID_DEPTH,"[(99706, 298)]"
2019-06-28 13:12:00,ASK_DEPTH,"[(100035, 192)]"
2019-06-28 13:12:00,IMBALANCE,"[298, 192]"
2019-06-28 13:12:00,HOLDINGS_UPDATED,{'CASH': 9840986}
2019-06-28 13:13:00,BID_DEPTH,"[(99706, 441)]"
2019-06-28 13:13:00,ASK_DEPTH,"[(100035, 558)]"
2019-06-28 13:13:00,IMBALANCE,"[441, 558]"
2019-06-28 13:13:00,HOLDINGS_UPDATED,"{'CASH': 10040398, 'JPM': -2}"
2019-06-28 13:14:00,BID_DEPTH,[]
2019-06-28 13:14:00,ASK_DEPTH,"[(100035, 100)]"
2019-06-28 13:14:00,IMBALANCE,"[0, 100]"
2019-06-28 13:15:00,BID_DEPTH,"[(99346, 120)]"
2019-06-28 13:15:00,ASK_DEPTH,"[(99464, 214)]"
2019-06-28 13:15:00,IMBALANCE,"[120, 214]"
2019-06-28 13:15:00,HOLDINGS_UPDATED,"{'CASH': 10239090, 'JPM': -4}"
2019-06-28 13:16:00,BID_DEPTH,"[(99346, 235)]"
2019-06-28 13:16:00,ASK_DEPTH,"[(100035, 329)]"
2019-06-28 13:16:00,IMBALANCE,"[235, 329]"
2019-06-28 13:16:00,HOLDINGS_UPDATED,"{'CASH': 10437782, 'JPM': -6}"
2019-06-28 13:17:00,BID_DEPTH,"[(100106, 98)]"
2019-06-28 13:17:00,ASK_DEPTH,"[(100115, 192)]"
2019-06-28 13:17:00,IMBALANCE,"[98, 192]"
2019-06-28 13:17:00,HOLDINGS_UPDATED,"{'CASH': 10637994, 'JPM': -8}"
2019-06-28 13:18:00,BID_DEPTH,"[(100106, 120)]"
2019-06-28 13:18:00,ASK_DEPTH,"[(100175, 214)]"
2019-06-28 13:18:00,IMBALANCE,"[120, 214]"
2019-06-28 13:18:00,HOLDINGS_UPDATED,"{'CASH': 10838206, 'JPM': -10}"
2019-06-28 13:19:00,BID_DEPTH,"[(100106, 162)]"
2019-06-28 13:19:00,ASK_DEPTH,"[(100175, 256)]"
2019-06-28 13:19:00,IMBALANCE,"[162, 256]"
2019-06-28 13:19:00,HOLDINGS_UPDATED,"{'CASH': 11038418, 'JPM': -12}"
2019-06-28 13:20:00,BID_DEPTH,"[(100106, 162)]"
2019-06-28 13:20:00,ASK_DEPTH,"[(100267, 256)]"
2019-06-28 13:20:00,IMBALANCE,"[162, 256]"
2019-06-28 13:20:00,HOLDINGS_UPDATED,"{'CASH': 11238630, 'JPM': -14}"
2019-06-28 13:21:00,BID_DEPTH,"[(100106, 335)]"
2019-06-28 13:21:00,ASK_DEPTH,"[(100333, 329)]"
2019-06-28 13:21:00,IMBALANCE,"[335, 329]"
2019-06-28 13:21:00,HOLDINGS_UPDATED,"{'CASH': 11438842, 'JPM': -16}"
2019-06-28 13:22:00,BID_DEPTH,"[(98433, 98)]"
2019-06-28 13:22:00,ASK_DEPTH,"[(100333, 192)]"
2019-06-28 13:22:00,IMBALANCE,"[98, 192]"
2019-06-28 13:22:00,HOLDINGS_UPDATED,"{'CASH': 11635708, 'JPM': -18}"
2019-06-28 13:23:00,BID_DEPTH,[]
2019-06-28 13:23:00,ASK_DEPTH,"[(100333, 193)]"
2019-06-28 13:23:00,IMBALANCE,"[0, 193]"
2019-06-28 13:24:00,BID_DEPTH,"[(98958, 162)]"
2019-06-28 13:24:00,ASK_DEPTH,"[(100333, 349)]"
2019-06-28 13:24:00,IMBALANCE,"[162, 349]"
2019-06-28 13:24:00,HOLDINGS_UPDATED,"{'CASH': 11833624, 'JPM': -20}"
2019-06-28 13:25:00,BID_DEPTH,"[(98846, 464)]"
2019-06-28 13:25:00,ASK_DEPTH,"[(98946, 558)]"
2019-06-28 13:25:00,IMBALANCE,"[464, 558]"
2019-06-28 13:25:00,HOLDINGS_UPDATED,"{'CASH': 12031316, 'JPM': -22}"
2019-06-28 13:26:00,BID_DEPTH,"[(98732, 235)]"
2019-06-28 13:26:00,ASK_DEPTH,"[(98946, 329)]"
2019-06-28 13:26:00,IMBALANCE,"[235, 329]"
2019-06-28 13:26:00,HOLDINGS_UPDATED,"{'CASH': 12228780, 'JPM': -24}"
2019-06-28 13:27:00,BID_DEPTH,"[(98732, 98)]"
2019-06-28 13:27:00,ASK_DEPTH,"[(98946, 192)]"
2019-06-28 13:27:00,IMBALANCE,"[98, 192]"
2019-06-28 13:27:00,HOLDINGS_UPDATED,"{'CASH': 12426244, 'JPM': -26}"
2019-06-28 13:28:00,BID_DEPTH,"[(98723, 235)]"
2019-06-28 13:28:00,ASK_DEPTH,"[(98946, 329)]"
2019-06-28 13:28:00,IMBALANCE,"[235, 329]"
2019-06-28 13:28:00,HOLDINGS_UPDATED,"{'CASH': 12623690, 'JPM': -28}"
2019-06-28 13:29:00,BID_DEPTH,"[(98340, 120)]"
2019-06-28 13:29:00,ASK_DEPTH,"[(98508, 214)]"
2019-06-28 13:29:00,IMBALANCE,"[120, 214]"
2019-06-28 13:29:00,HOLDINGS_UPDATED,"{'CASH': 12820370, 'JPM': -30}"
2019-06-28 13:30:00,BID_DEPTH,"[(98324, 120)]"
2019-06-28 13:30:00,ASK_DEPTH,"[(98340, 223)]"
2019-06-28 13:30:00,IMBALANCE,"[120, 223]"
2019-06-28 13:30:00,HOLDINGS_UPDATED,"{'CASH': 13017018, 'JPM': -32}"
2019-06-28 13:31:00,BID_DEPTH,"[(98261, 464)]"
2019-06-28 13:31:00,ASK_DEPTH,"[(98324, 558)]"
2019-06-28 13:31:00,IMBALANCE,"[464, 558]"
2019-06-28 13:31:00,HOLDINGS_UPDATED,"{'CASH': 13213540, 'JPM': -34}"
2019-06-28 13:32:00,BID_DEPTH,"[(98077, 98)]"
2019-06-28 13:32:00,ASK_DEPTH,"[(98239, 192)]"
2019-06-28 13:32:00,IMBALANCE,"[98, 192]"
2019-06-28 13:32:00,HOLDINGS_UPDATED,"{'CASH': 13409694, 'JPM': -36}"
2019-06-28 13:33:00,BID_DEPTH,"[(98030, 120)]"
2019-06-28 13:33:00,ASK_DEPTH,"[(98239, 214)]"
2019-06-28 13:33:00,IMBALANCE,"[120, 214]"
2019-06-28 13:33:00,HOLDINGS_UPDATED,"{'CASH': 13605754, 'JPM': -38}"
2019-06-28 13:34:00,BID_DEPTH,"[(97897, 235)]"
2019-06-28 13:34:00,ASK_DEPTH,"[(98340, 338)]"
2019-06-28 13:34:00,IMBALANCE,"[235, 338]"
2019-06-28 13:34:00,HOLDINGS_UPDATED,"{'CASH': 13801548, 'JPM': -40}"
2019-06-28 13:35:00,BID_DEPTH,[]
2019-06-28 13:35:00,ASK_DEPTH,"[(98340, 9)]"
2019-06-28 13:35:00,IMBALANCE,"[0, 9]"
2019-06-28 13:36:00,BID_DEPTH,"[(98340, 153)]"
2019-06-28 13:36:00,ASK_DEPTH,"[(98384, 256)]"
2019-06-28 13:36:00,IMBALANCE,"[153, 256]"
2019-06-28 13:36:00,HOLDINGS_UPDATED,"{'CASH': 13998228, 'JPM': -42}"
2019-06-28 13:37:00,BID_DEPTH,"[(98340, 162)]"
2019-06-28 13:37:00,ASK_DEPTH,"[(98647, 256)]"
2019-06-28 13:37:00,IMBALANCE,"[162, 256]"
2019-06-28 13:37:00,HOLDINGS_UPDATED,"{'CASH': 14194908, 'JPM': -44}"
2019-06-28 13:38:00,BID_DEPTH,"[(98340, 198)]"
2019-06-28 13:38:00,ASK_DEPTH,"[(98647, 192)]"
2019-06-28 13:38:00,IMBALANCE,"[198, 192]"
2019-06-28 13:38:00,HOLDINGS_UPDATED,"{'CASH': 14391588, 'JPM': -46}"
2019-06-28 13:39:00,BID_DEPTH,"[(98340, 175)]"
2019-06-28 13:39:00,ASK_DEPTH,"[(98723, 192)]"
2019-06-28 13:39:00,IMBALANCE,"[175, 192]"
2019-06-28 13:39:00,HOLDINGS_UPDATED,"{'CASH': 14588268, 'JPM': -48}"
2019-06-28 13:40:00,BID_DEPTH,"[(98723, 408)]"
2019-06-28 13:40:00,ASK_DEPTH,"[(98851, 558)]"
2019-06-28 13:40:00,IMBALANCE,"[408, 558]"
2019-06-28 13:40:00,HOLDINGS_UPDATED,"{'CASH': 14785714, 'JPM': -50}"
2019-06-28 13:41:00,BID_DEPTH,"[(98723, 162)]"
2019-06-28 13:41:00,ASK_DEPTH,"[(98851, 256)]"
2019-06-28 13:41:00,IMBALANCE,"[162, 256]"
2019-06-28 13:41:00,HOLDINGS_UPDATED,"{'CASH': 14983160, 'JPM': -52}"
2019-06-28 13:42:00,BID_DEPTH,"[(98723, 162)]"
2019-06-28 13:42:00,ASK_DEPTH,"[(99149, 256)]"
2019-06-28 13:42:00,IMBALANCE,"[162, 256]"
2019-06-28 13:42:00,HOLDINGS_UPDATED,"{'CASH': 15180606, 'JPM': -54}"
2019-06-28 13:43:00,BID_DEPTH,"[(98340, 418)]"
2019-06-28 13:43:00,ASK_DEPTH,"[(99350, 558)]"
2019-06-28 13:43:00,IMBALANCE,"[418, 558]"
2019-06-28 13:43:00,HOLDINGS_UPDATED,"{'CASH': 15377286, 'JPM': -56}"
2019-06-28 13:44:00,BID_DEPTH,"[(98340, 235)]"
2019-06-28 13:44:00,ASK_DEPTH,"[(99493, 329)]"
2019-06-28 13:44:00,IMBALANCE,"[235, 329]"
2019-06-28 13:44:00,HOLDINGS_UPDATED,"{'CASH': 15573966, 'JPM': -58}"
2019-06-28 13:45:00,BID_DEPTH,[]
2019-06-28 13:45:00,ASK_DEPTH,"[(99702, 100)]"
2019-06-28 13:45:00,IMBALANCE,"[0, 100]"
2019-06-28 13:46:00,BID_DEPTH,"[(99860, 235)]"
2019-06-28 13:46:00,ASK_DEPTH,"[(99878, 329)]"
2019-06-28 13:46:00,IMBALANCE,"[235, 329]"
2019-06-28 13:46:00,HOLDINGS_UPDATED,"{'CASH': 15773686, 'JPM': -60}"
2019-06-28 13:47:00,BID_DEPTH,"[(99916, 120)]"
2019-06-28 13:47:00,ASK_DEPTH,"[(99990, 214)]"
2019-06-28 13:47:00,IMBALANCE,"[120, 214]"
2019-06-28 13:47:00,HOLDINGS_UPDATED,"{'CASH': 15973518, 'JPM': -62}"
2019-06-28 13:48:00,BID_DEPTH,"[(99860, 98)]"
2019-06-28 13:48:00,ASK_DEPTH,"[(99990, 192)]"
2019-06-28 13:48:00,IMBALANCE,"[98, 192]"
2019-06-28 13:48:00,HOLDINGS_UPDATED,"{'CASH': 16173238, 'JPM': -64}"
2019-06-28 13:49:00,BID_DEPTH,"[(99570, 464)]"
2019-06-28 13:49:00,ASK_DEPTH,"[(99860, 596)]"
2019-06-28 13:49:00,IMBALANCE,"[464, 596]"
2019-06-28 13:49:00,HOLDINGS_UPDATED,"{'CASH': 16372378, 'JPM': -66}"
2019-06-28 13:50:00,BID_DEPTH,"[(99245, 98)]"
2019-06-28 13:50:00,ASK_DEPTH,"[(99489, 192)]"
2019-06-28 13:50:00,IMBALANCE,"[98, 192]"
2019-06-28 13:50:00,HOLDINGS_UPDATED,"{'CASH': 16570868, 'JPM': -68}"
2019-06-28 13:51:00,BID_DEPTH,"[(99562, 120)]"
2019-06-28 13:51:00,ASK_DEPTH,"[(99577, 214)]"
2019-06-28 13:51:00,IMBALANCE,"[120, 214]"
2019-06-28 13:51:00,HOLDINGS_UPDATED,"{'CASH': 16769992, 'JPM': -70}"
2019-06-28 13:52:00,BID_DEPTH,"[(99524, 162)]"
2019-06-28 13:52:00,ASK_DEPTH,"[(99584, 256)]"
2019-06-28 13:52:00,IMBALANCE,"[162, 256]"
2019-06-28 13:52:00,HOLDINGS_UPDATED,"{'CASH': 16969040, 'JPM': -72}"
2019-06-28 13:53:00,BID_DEPTH,"[(99489, 220)]"
2019-06-28 13:53:00,ASK_DEPTH,"[(99509, 214)]"
2019-06-28 13:53:00,IMBALANCE,"[220, 214]"
2019-06-28 13:53:00,HOLDINGS_UPDATED,"{'CASH': 17168018, 'JPM': -74}"
2019-06-28 13:54:00,BID_DEPTH,"[(99489, 312)]"
2019-06-28 13:54:00,ASK_DEPTH,"[(99509, 329)]"
2019-06-28 13:54:00,IMBALANCE,"[312, 329]"
2019-06-28 13:54:00,HOLDINGS_UPDATED,"{'CASH': 17366996, 'JPM': -76}"
2019-06-28 13:55:00,BID_DEPTH,"[(99020, 98)]"
2019-06-28 13:55:00,ASK_DEPTH,"[(99509, 192)]"
2019-06-28 13:55:00,IMBALANCE,"[98, 192]"
2019-06-28 13:55:00,HOLDINGS_UPDATED,"{'CASH': 17565036, 'JPM': -78}"
2019-06-28 13:56:00,BID_DEPTH,"[(98968, 464)]"
2019-06-28 13:56:00,ASK_DEPTH,"[(98991, 558)]"
2019-06-28 13:56:00,IMBALANCE,"[464, 558]"
2019-06-28 13:56:00,HOLDINGS_UPDATED,"{'CASH': 17762972, 'JPM': -80}"
2019-06-28 13:57:00,BID_DEPTH,"[(98968, 120)]"
2019-06-28 13:57:00,ASK_DEPTH,"[(99020, 214)]"
2019-06-28 13:57:00,IMBALANCE,"[120, 214]"
2019-06-28 13:57:00,HOLDINGS_UPDATED,"{'CASH': 17960908, 'JPM': -82}"
2019-06-28 13:58:00,BID_DEPTH,[]
2019-06-28 13:58:00,ASK_DEPTH,"[(99020, 100)]"
2019-06-28 13:58:00,IMBALANCE,"[0, 100]"
2019-06-28 13:59:00,BID_DEPTH,"[(99325, 214)]"
2019-06-28 13:59:00,ASK_DEPTH,"[(99509, 120)]"
2019-06-28 13:59:00,IMBALANCE,"[214, 120]"
2019-06-28 13:59:00,HOLDINGS_UPDATED,"{'CASH': 17761890, 'JPM': -80}"
2019-06-28 14:00:00,BID_DEPTH,"[(99509, 429)]"
2019-06-28 14:00:00,ASK_DEPTH,"[(99570, 235)]"
2019-06-28 14:00:00,IMBALANCE,"[429, 235]"
2019-06-28 14:00:00,HOLDINGS_UPDATED,"{'CASH': 17562750, 'JPM': -78}"
2019-06-28 14:01:00,BID_DEPTH,"[(99509, 356)]"
2019-06-28 14:01:00,ASK_DEPTH,"[(99691, 162)]"
2019-06-28 14:01:00,IMBALANCE,"[356, 162]"
2019-06-28 14:01:00,HOLDINGS_UPDATED,"{'CASH': 17363368, 'JPM': -76}"
2019-06-28 14:02:00,BID_DEPTH,"[(99509, 292)]"
2019-06-28 14:02:00,ASK_DEPTH,"[(99756, 98)]"
2019-06-28 14:02:00,IMBALANCE,"[292, 98]"
2019-06-28 14:02:00,HOLDINGS_UPDATED,"{'CASH': 17163856, 'JPM': -74}"
2019-06-28 14:03:00,BID_DEPTH,"[(99756, 192)]"
2019-06-28 14:03:00,ASK_DEPTH,"[(99860, 136)]"
2019-06-28 14:03:00,IMBALANCE,"[192, 136]"
2019-06-28 14:03:00,HOLDINGS_UPDATED,"{'CASH': 16964136, 'JPM': -72}"
2019-06-28 14:04:00,BID_DEPTH,"[(99756, 249)]"
2019-06-28 14:04:00,ASK_DEPTH,"[(99860, 77)]"
2019-06-28 14:04:00,IMBALANCE,"[249, 77]"
2019-06-28 14:04:00,HOLDINGS_UPDATED,"{'CASH': 16764416, 'JPM': -70}"
2019-06-28 14:05:00,BID_DEPTH,"[(99652, 558)]"
2019-06-28 14:05:00,ASK_DEPTH,"[(99896, 464)]"
2019-06-28 14:05:00,IMBALANCE,"[558, 464]"
2019-06-28 14:05:00,HOLDINGS_UPDATED,"{'CASH': 16564624, 'JPM': -68}"
2019-06-28 14:06:00,BID_DEPTH,"[(99652, 349)]"
2019-06-28 14:06:00,ASK_DEPTH,"[(99868, 162)]"
2019-06-28 14:06:00,IMBALANCE,"[349, 162]"
2019-06-28 14:06:00,HOLDINGS_UPDATED,"{'CASH': 16364888, 'JPM': -66}"
2019-06-28 14:07:00,BID_DEPTH,"[(99937, 192)]"
2019-06-28 14:07:00,ASK_DEPTH,"[(99992, 98)]"
2019-06-28 14:07:00,IMBALANCE,"[192, 98]"
2019-06-28 14:07:00,HOLDINGS_UPDATED,"{'CASH': 16164904, 'JPM': -64}"
2019-06-28 14:08:00,BID_DEPTH,"[(99937, 522)]"
2019-06-28 14:08:00,ASK_DEPTH,"[(100061, 235)]"
2019-06-28 14:08:00,IMBALANCE,"[522, 235]"
2019-06-28 14:08:00,HOLDINGS_UPDATED,"{'CASH': 15964782, 'JPM': -62}"
2019-06-28 14:09:00,BID_DEPTH,"[(99937, 400)]"
2019-06-28 14:09:00,ASK_DEPTH,"[(100113, 120)]"
2019-06-28 14:09:00,IMBALANCE,"[400, 120]"
2019-06-28 14:09:00,HOLDINGS_UPDATED,"{'CASH': 15764556, 'JPM': -60}"
2019-06-28 14:10:00,BID_DEPTH,"[(99937, 737)]"
2019-06-28 14:10:00,ASK_DEPTH,"[(100356, 464)]"
2019-06-28 14:10:00,IMBALANCE,"[737, 464]"
2019-06-28 14:10:00,HOLDINGS_UPDATED,"{'CASH': 15563844, 'JPM': -58}"
2019-06-28 14:11:00,BID_DEPTH,"[(99937, 428)]"
2019-06-28 14:11:00,ASK_DEPTH,"[(100093, 162)]"
2019-06-28 14:11:00,IMBALANCE,"[428, 162]"
2019-06-28 14:11:00,HOLDINGS_UPDATED,"{'CASH': 15363658, 'JPM': -56}"
2019-06-28 14:12:00,BID_DEPTH,"[(99937, 294)]"
2019-06-28 14:12:00,ASK_DEPTH,"[(100109, 235)]"
2019-06-28 14:12:00,IMBALANCE,"[294, 235]"
2019-06-28 14:12:00,HOLDINGS_UPDATED,"{'CASH': 15163440, 'JPM': -54}"
2019-06-28 14:13:00,BID_DEPTH,"[(99937, 516)]"
2019-06-28 14:13:00,ASK_DEPTH,"[(100109, 464)]"
2019-06-28 14:13:00,IMBALANCE,"[516, 464]"
2019-06-28 14:13:00,HOLDINGS_UPDATED,"{'CASH': 14963222, 'JPM': -52}"
2019-06-28 14:14:00,BID_DEPTH,"[(99600, 192)]"
2019-06-28 14:14:00,ASK_DEPTH,"[(99937, 47)]"
2019-06-28 14:14:00,IMBALANCE,"[192, 47]"
2019-06-28 14:14:00,HOLDINGS_UPDATED,"{'CASH': 14763348, 'JPM': -50}"
2019-06-28 14:15:00,BID_DEPTH,"[(99509, 192)]"
2019-06-28 14:15:00,ASK_DEPTH,"[(99600, 5)]"
2019-06-28 14:15:00,IMBALANCE,"[192, 5]"
2019-06-28 14:15:00,HOLDINGS_UPDATED,"{'CASH': 14564148, 'JPM': -48}"
2019-06-28 14:16:00,BID_DEPTH,"[(99600, 7)]"
2019-06-28 14:16:00,ASK_DEPTH,[]
2019-06-28 14:16:00,IMBALANCE,"[7, 0]"
2019-06-28 14:17:00,BID_DEPTH,"[(99600, 121)]"
2019-06-28 14:17:00,ASK_DEPTH,"[(100008, 120)]"
2019-06-28 14:17:00,IMBALANCE,"[121, 120]"
2019-06-28 14:17:00,HOLDINGS_UPDATED,"{'CASH': 14364132, 'JPM': -46}"
2019-06-28 14:18:00,BID_DEPTH,"[(99818, 256)]"
2019-06-28 14:18:00,ASK_DEPTH,"[(100069, 162)]"
2019-06-28 14:18:00,IMBALANCE,"[256, 162]"
2019-06-28 14:18:00,HOLDINGS_UPDATED,"{'CASH': 14163994, 'JPM': -44}"
2019-06-28 14:19:00,BID_DEPTH,"[(100049, 192)]"
2019-06-28 14:19:00,ASK_DEPTH,"[(100091, 98)]"
2019-06-28 14:19:00,IMBALANCE,"[192, 98]"
2019-06-28 14:19:00,HOLDINGS_UPDATED,"{'CASH': 13963812, 'JPM': -42}"
2019-06-28 14:20:00,BID_DEPTH,"[(100091, 192)]"
2019-06-28 14:20:00,ASK_DEPTH,"[(100115, 98)]"
2019-06-28 14:20:00,IMBALANCE,"[192, 98]"
2019-06-28 14:20:00,HOLDINGS_UPDATED,"{'CASH': 13763582, 'JPM': -40}"
2019-06-28 14:21:00,BID_DEPTH,"[(100091, 558)]"
2019-06-28 14:21:00,ASK_DEPTH,"[(100188, 464)]"
2019-06-28 14:21:00,IMBALANCE,"[558, 464]"
2019-06-28 14:21:00,HOLDINGS_UPDATED,"{'CASH': 13563206, 'JPM': -38}"
2019-06-28 14:22:00,BID_DEPTH,"[(100188, 214)]"
2019-06-28 14:22:00,ASK_DEPTH,"[(100284, 120)]"
2019-06-28 14:22:00,IMBALANCE,"[214, 120]"
2019-06-28 14:22:00,HOLDINGS_UPDATED,"{'CASH': 13362638, 'JPM': -36}"
2019-06-28 14:23:00,BID_DEPTH,"[(100284, 109)]"
2019-06-28 14:23:00,ASK_DEPTH,[]
2019-06-28 14:23:00,IMBALANCE,"[109, 0]"
2019-06-28 14:24:00,BID_DEPTH,"[(101551, 329)]"
2019-06-28 14:24:00,ASK_DEPTH,"[(101917, 235)]"
2019-06-28 14:24:00,IMBALANCE,"[329, 235]"
2019-06-28 14:24:00,HOLDINGS_UPDATED,"{'CASH': 13158804, 'JPM': -34}"
2019-06-28 14:25:00,BID_DEPTH,"[(101551, 214)]"
2019-06-28 14:25:00,ASK_DEPTH,"[(101818, 120)]"
2019-06-28 14:25:00,IMBALANCE,"[214, 120]"
2019-06-28 14:25:00,HOLDINGS_UPDATED,"{'CASH': 12955168, 'JPM': -32}"
2019-06-28 14:26:00,BID_DEPTH,"[(101509, 256)]"
2019-06-28 14:26:00,ASK_DEPTH,"[(101818, 262)]"
2019-06-28 14:26:00,IMBALANCE,"[256, 262]"
2019-06-28 14:26:00,HOLDINGS_UPDATED,"{'CASH': 12751532, 'JPM': -30}"
2019-06-28 14:27:00,BID_DEPTH,"[(101215, 192)]"
2019-06-28 14:27:00,ASK_DEPTH,"[(101306, 98)]"
2019-06-28 14:27:00,IMBALANCE,"[192, 98]"
2019-06-28 14:27:00,HOLDINGS_UPDATED,"{'CASH': 12548920, 'JPM': -28}"
2019-06-28 14:28:00,BID_DEPTH,"[(101215, 558)]"
2019-06-28 14:28:00,ASK_DEPTH,"[(101448, 464)]"
2019-06-28 14:28:00,IMBALANCE,"[558, 464]"
2019-06-28 14:28:00,HOLDINGS_UPDATED,"{'CASH': 12346024, 'JPM': -26}"
2019-06-28 14:29:00,BID_DEPTH,"[(101216, 558)]"
2019-06-28 14:29:00,ASK_DEPTH,"[(101672, 464)]"
2019-06-28 14:29:00,IMBALANCE,"[558, 464]"
2019-06-28 14:29:00,HOLDINGS_UPDATED,"{'CASH': 12142680, 'JPM': -24}"
2019-06-28 14:30:00,BID_DEPTH,"[(101216, 214)]"
2019-06-28 14:30:00,ASK_DEPTH,"[(101297, 120)]"
2019-06-28 14:30:00,IMBALANCE,"[214, 120]"
2019-06-28 14:30:00,HOLDINGS_UPDATED,"{'CASH': 11940086, 'JPM': -22}"
2019-06-28 14:31:00,BID_DEPTH,"[(101153, 192)]"
2019-06-28 14:31:00,ASK_DEPTH,"[(101672, 98)]"
2019-06-28 14:31:00,IMBALANCE,"[192, 98]"
2019-06-28 14:31:00,HOLDINGS_UPDATED,"{'CASH': 11736742, 'JPM': -20}"
2019-06-28 14:32:00,BID_DEPTH,"[(101116, 192)]"
2019-06-28 14:32:00,ASK_DEPTH,"[(101858, 98)]"
2019-06-28 14:32:00,IMBALANCE,"[192, 98]"
2019-06-28 14:32:00,HOLDINGS_UPDATED,"{'CASH': 11533026, 'JPM': -18}"
2019-06-28 14:33:00,BID_DEPTH,"[(100839, 558)]"
2019-06-28 14:33:00,ASK_DEPTH,"[(101894, 464)]"
2019-06-28 14:33:00,IMBALANCE,"[558, 464]"
2019-06-28 14:33:00,HOLDINGS_UPDATED,"{'CASH': 11329238, 'JPM': -16}"
2019-06-28 14:34:00,BID_DEPTH,"[(101134, 558)]"
2019-06-28 14:34:00,ASK_DEPTH,"[(101320, 464)]"
2019-06-28 14:34:00,IMBALANCE,"[558, 464]"
2019-06-28 14:34:00,HOLDINGS_UPDATED,"{'CASH': 11126598, 'JPM': -14}"
2019-06-28 14:35:00,BID_DEPTH,"[(101134, 214)]"
2019-06-28 14:35:00,ASK_DEPTH,"[(101451, 120)]"
2019-06-28 14:35:00,IMBALANCE,"[214, 120]"
2019-06-28 14:35:00,HOLDINGS_UPDATED,"{'CASH': 10923696, 'JPM': -12}"
2019-06-28 14:36:00,BID_DEPTH,"[(101026, 214)]"
2019-06-28 14:36:00,ASK_DEPTH,"[(101451, 120)]"
2019-06-28 14:36:00,IMBALANCE,"[214, 120]"
2019-06-28 14:36:00,HOLDINGS_UPDATED,"{'CASH': 10720794, 'JPM': -10}"
2019-06-28 14:37:00,BID_DEPTH,"[(101224, 256)]"
2019-06-28 14:37:00,ASK_DEPTH,"[(101361, 162)]"
2019-06-28 14:37:00,IMBALANCE,"[256, 162]"
2019-06-28 14:37:00,HOLDINGS_UPDATED,"{'CASH': 10518072, 'JPM': -8}"
2019-06-28 14:38:00,BID_DEPTH,"[(101026, 192)]"
2019-06-28 14:38:00,ASK_DEPTH,"[(101917, 98)]"
2019-06-28 14:38:00,IMBALANCE,"[192, 98]"
2019-06-28 14:38:00,HOLDINGS_UPDATED,"{'CASH': 10314238, 'JPM': -6}"
2019-06-28 14:39:00,BID_DEPTH,"[(100924, 214)]"
2019-06-28 14:39:00,ASK_DEPTH,"[(101026, 220)]"
2019-06-28 14:39:00,IMBALANCE,"[214, 220]"
2019-06-28 14:39:00,HOLDINGS_UPDATED,"{'CASH': 10112186, 'JPM': -4}"
2019-06-28 14:40:00,BID_DEPTH,"[(100924, 214)]"
2019-06-28 14:40:00,ASK_DEPTH,"[(101026, 97)]"
2019-06-28 14:40:00,IMBALANCE,"[214, 97]"
2019-06-28 14:40:00,HOLDINGS_UPDATED,"{'CASH': 9910134, 'JPM': -2}"
2019-06-28 14:41:00,BID_DEPTH,"[(100768, 558)]"
2019-06-28 14:41:00,ASK_DEPTH,"[(100924, 464)]"
2019-06-28 14:41:00,IMBALANCE,"[558, 464]"
2019-06-28 14:41:00,HOLDINGS_UPDATED,{'CASH': 9708286}
2019-06-28 14:42:00,BID_DEPTH,"[(100379, 214)]"
2019-06-28 14:42:00,ASK_DEPTH,"[(100768, 120)]"
2019-06-28 14:42:00,IMBALANCE,"[214, 120]"
2019-06-28 14:42:00,HOLDINGS_UPDATED,"{'CASH': 9506750, 'JPM': 2}"
2019-06-28 14:43:00,BID_DEPTH,"[(100379, 100)]"
2019-06-28 14:43:00,ASK_DEPTH,[]
2019-06-28 14:43:00,IMBALANCE,"[100, 0]"
2019-06-28 14:44:00,BID_DEPTH,"[(100324, 100)]"
2019-06-28 14:44:00,ASK_DEPTH,[]
2019-06-28 14:44:00,IMBALANCE,"[100, 0]"
2019-06-28 14:45:00,BID_DEPTH,"[(100324, 558)]"
2019-06-28 14:45:00,ASK_DEPTH,"[(100768, 564)]"
2019-06-28 14:45:00,IMBALANCE,"[558, 564]"
2019-06-28 14:45:00,HOLDINGS_UPDATED,"{'CASH': 9305214, 'JPM': 4}"
2019-06-28 14:46:00,BID_DEPTH,"[(100324, 192)]"
2019-06-28 14:46:00,ASK_DEPTH,"[(100768, 75)]"
2019-06-28 14:46:00,IMBALANCE,"[192, 75]"
2019-06-28 14:46:00,HOLDINGS_UPDATED,"{'CASH': 9103678, 'JPM': 6}"
2019-06-28 14:47:00,BID_DEPTH,"[(100286, 558)]"
2019-06-28 14:47:00,ASK_DEPTH,"[(100768, 464)]"
2019-06-28 14:47:00,IMBALANCE,"[558, 464]"
2019-06-28 14:47:00,HOLDINGS_UPDATED,"{'CASH': 8902142, 'JPM': 8}"
2019-06-28 14:48:00,BID_DEPTH,"[(99935, 256)]"
2019-06-28 14:48:00,ASK_DEPTH,"[(100070, 70)]"
2019-06-28 14:48:00,IMBALANCE,"[256, 70]"
2019-06-28 14:48:00,HOLDINGS_UPDATED,"{'CASH': 8702002, 'JPM': 10}"
2019-06-28 14:49:00,BID_DEPTH,"[(99935, 256)]"
2019-06-28 14:49:00,ASK_DEPTH,"[(99971, 162)]"
2019-06-28 14:49:00,IMBALANCE,"[256, 162]"
2019-06-28 14:49:00,HOLDINGS_UPDATED,"{'CASH': 8502060, 'JPM': 12}"
2019-06-28 14:50:00,BID_DEPTH,"[(99971, 214)]"
2019-06-28 14:50:00,ASK_DEPTH,"[(100123, 120)]"
2019-06-28 14:50:00,IMBALANCE,"[214, 120]"
2019-06-28 14:50:00,HOLDINGS_UPDATED,"{'CASH': 8301814, 'JPM': 14}"
2019-06-28 14:51:00,BID_DEPTH,"[(100146, 214)]"
2019-06-28 14:51:00,ASK_DEPTH,"[(100331, 120)]"
2019-06-28 14:51:00,IMBALANCE,"[214, 120]"
2019-06-28 14:51:00,HOLDINGS_UPDATED,"{'CASH': 8101152, 'JPM': 16}"
2019-06-28 14:52:00,BID_DEPTH,"[(99971, 256)]"
2019-06-28 14:52:00,ASK_DEPTH,"[(100768, 162)]"
2019-06-28 14:52:00,IMBALANCE,"[256, 162]"
2019-06-28 14:52:00,HOLDINGS_UPDATED,"{'CASH': 7899616, 'JPM': 18}"
2019-06-28 14:53:00,BID_DEPTH,"[(99925, 214)]"
2019-06-28 14:53:00,ASK_DEPTH,"[(100101, 120)]"
2019-06-28 14:53:00,IMBALANCE,"[214, 120]"
2019-06-28 14:53:00,HOLDINGS_UPDATED,"{'CASH': 7699414, 'JPM': 20}"
2019-06-28 14:54:00,BID_DEPTH,"[(99843, 558)]"
2019-06-28 14:54:00,ASK_DEPTH,"[(100020, 464)]"
2019-06-28 14:54:00,IMBALANCE,"[558, 464]"
2019-06-28 14:54:00,HOLDINGS_UPDATED,"{'CASH': 7499374, 'JPM': 22}"
2019-06-28 14:55:00,BID_DEPTH,"[(99795, 192)]"
2019-06-28 14:55:00,ASK_DEPTH,"[(100768, 98)]"
2019-06-28 14:55:00,IMBALANCE,"[192, 98]"
2019-06-28 14:55:00,HOLDINGS_UPDATED,"{'CASH': 7297838, 'JPM': 24}"
2019-06-28 14:56:00,BID_DEPTH,"[(99781, 100)]"
2019-06-28 14:56:00,ASK_DEPTH,[]
2019-06-28 14:56:00,IMBALANCE,"[100, 0]"
2019-06-28 14:57:00,BID_DEPTH,"[(99781, 192)]"
2019-06-28 14:57:00,ASK_DEPTH,"[(100768, 98)]"
2019-06-28 14:57:00,IMBALANCE,"[192, 98]"
2019-06-28 14:57:00,HOLDINGS_UPDATED,"{'CASH': 7096302, 'JPM': 26}"
2019-06-28 14:58:00,BID_DEPTH,"[(99397, 235)]"
2019-06-28 14:58:00,ASK_DEPTH,"[(100768, 329)]"
2019-06-28 14:58:00,IMBALANCE,"[235, 329]"
2019-06-28 14:58:00,HOLDINGS_UPDATED,"{'CASH': 7295096, 'JPM': 24}"
2019-06-28 14:59:00,BID_DEPTH,"[(98539, 100)]"
2019-06-28 14:59:00,ASK_DEPTH,[]
2019-06-28 14:59:00,IMBALANCE,"[100, 0]"
2019-06-28 15:00:00,BID_DEPTH,"[(98413, 162)]"
2019-06-28 15:00:00,ASK_DEPTH,"[(99238, 256)]"
2019-06-28 15:00:00,IMBALANCE,"[162, 256]"
2019-06-28 15:00:00,HOLDINGS_UPDATED,"{'CASH': 7491922, 'JPM': 22}"
2019-06-28 15:01:00,BID_DEPTH,"[(98344, 162)]"
2019-06-28 15:01:00,ASK_DEPTH,"[(98474, 256)]"
2019-06-28 15:01:00,IMBALANCE,"[162, 256]"
2019-06-28 15:01:00,HOLDINGS_UPDATED,"{'CASH': 7688610, 'JPM': 20}"
2019-06-28 15:02:00,BID_DEPTH,"[(98346, 464)]"
2019-06-28 15:02:00,ASK_DEPTH,"[(99238, 551)]"
2019-06-28 15:02:00,IMBALANCE,"[464, 551]"
2019-06-28 15:02:00,HOLDINGS_UPDATED,"{'CASH': 7885302, 'JPM': 18}"
2019-06-28 15:03:00,BID_DEPTH,"[(98251, 464)]"
2019-06-28 15:03:00,ASK_DEPTH,"[(98319, 558)]"
2019-06-28 15:03:00,IMBALANCE,"[464, 558]"
2019-06-28 15:03:00,HOLDINGS_UPDATED,"{'CASH': 8081804, 'JPM': 16}"
2019-06-28 15:04:00,BID_DEPTH,"[(98251, 220)]"
2019-06-28 15:04:00,ASK_DEPTH,"[(98306, 214)]"
2019-06-28 15:04:00,IMBALANCE,"[220, 214]"
2019-06-28 15:04:00,HOLDINGS_UPDATED,"{'CASH': 8278306, 'JPM': 14}"
2019-06-28 15:05:00,BID_DEPTH,"[(98251, 212)]"
2019-06-28 15:05:00,ASK_DEPTH,"[(98319, 422)]"
2019-06-28 15:05:00,IMBALANCE,"[212, 422]"
2019-06-28 15:05:00,HOLDINGS_UPDATED,"{'CASH': 8474808, 'JPM': 12}"
2019-06-28 15:06:00,BID_DEPTH,"[(98213, 235)]"
2019-06-28 15:06:00,ASK_DEPTH,"[(98319, 315)]"
2019-06-28 15:06:00,IMBALANCE,"[235, 315]"
2019-06-28 15:06:00,HOLDINGS_UPDATED,"{'CASH': 8671234, 'JPM': 10}"
2019-06-28 15:07:00,BID_DEPTH,"[(98319, 220)]"
2019-06-28 15:07:00,ASK_DEPTH,"[(98494, 214)]"
2019-06-28 15:07:00,IMBALANCE,"[220, 214]"
2019-06-28 15:07:00,HOLDINGS_UPDATED,"{'CASH': 8867872, 'JPM': 8}"
2019-06-28 15:08:00,BID_DEPTH,"[(98319, 139)]"
2019-06-28 15:08:00,ASK_DEPTH,"[(98807, 256)]"
2019-06-28 15:08:00,IMBALANCE,"[139, 256]"
2019-06-28 15:08:00,HOLDINGS_UPDATED,"{'CASH': 9064510, 'JPM': 6}"
2019-06-28 15:09:00,BID_DEPTH,"[(98319, 235)]"
2019-06-28 15:09:00,ASK_DEPTH,"[(98807, 322)]"
2019-06-28 15:09:00,IMBALANCE,"[235, 322]"
2019-06-28 15:09:00,HOLDINGS_UPDATED,"{'CASH': 9261148, 'JPM': 4}"
2019-06-28 15:10:00,BID_DEPTH,"[(98319, 162)]"
2019-06-28 15:10:00,ASK_DEPTH,"[(98807, 242)]"
2019-06-28 15:10:00,IMBALANCE,"[162, 242]"
2019-06-28 15:10:00,HOLDINGS_UPDATED,"{'CASH': 9457786, 'JPM': 2}"
2019-06-28 15:11:00,BID_DEPTH,"[(98203, 98)]"
2019-06-28 15:11:00,ASK_DEPTH,"[(98807, 171)]"
2019-06-28 15:11:00,IMBALANCE,"[98, 171]"
2019-06-28 15:11:00,HOLDINGS_UPDATED,{'CASH': 9654192}
2019-06-28 15:12:00,BID_DEPTH,"[(98814, 98)]"
2019-06-28 15:12:00,ASK_DEPTH,"[(98896, 192)]"
2019-06-28 15:12:00,IMBALANCE,"[98, 192]"
2019-06-28 15:12:00,HOLDINGS_UPDATED,"{'CASH': 9851820, 'JPM': -2}"
2019-06-28 15:13:00,BID_DEPTH,"[(98184, 120)]"
2019-06-28 15:13:00,ASK_DEPTH,"[(98909, 214)]"
2019-06-28 15:13:00,IMBALANCE,"[120, 214]"
2019-06-28 15:13:00,HOLDINGS_UPDATED,"{'CASH': 10048188, 'JPM': -4}"
2019-06-28 15:14:00,BID_DEPTH,"[(98184, 162)]"
2019-06-28 15:14:00,ASK_DEPTH,"[(98909, 256)]"
2019-06-28 15:14:00,IMBALANCE,"[162, 256]"
2019-06-28 15:14:00,HOLDINGS_UPDATED,"{'CASH': 10244556, 'JPM': -6}"
2019-06-28 15:15:00,BID_DEPTH,"[(98115, 162)]"
2019-06-28 15:15:00,ASK_DEPTH,"[(98909, 256)]"
2019-06-28 15:15:00,IMBALANCE,"[162, 256]"
2019-06-28 15:15:00,HOLDINGS_UPDATED,"{'CASH': 10440786, 'JPM': -8}"
2019-06-28 15:16:00,BID_DEPTH,"[(98115, 162)]"
2019-06-28 15:16:00,ASK_DEPTH,"[(99159, 256)]"
2019-06-28 15:16:00,IMBALANCE,"[162, 256]"
2019-06-28 15:16:00,HOLDINGS_UPDATED,"{'CASH': 10637016, 'JPM': -10}"
2019-06-28 15:17:00,BID_DEPTH,"[(97966, 162)]"
2019-06-28 15:17:00,ASK_DEPTH,"[(99096, 256)]"
2019-06-28 15:17:00,IMBALANCE,"[162, 256]"
2019-06-28 15:17:00,HOLDINGS_UPDATED,"{'CASH': 10832948, 'JPM': -12}"
2019-06-28 15:18:00,BID_DEPTH,"[(97966, 120)]"
2019-06-28 15:18:00,ASK_DEPTH,"[(99096, 214)]"
2019-06-28 15:18:00,IMBALANCE,"[120, 214]"
2019-06-28 15:18:00,HOLDINGS_UPDATED,"{'CASH': 11028880, 'JPM': -14}"
2019-06-28 15:19:00,BID_DEPTH,"[(98895, 464)]"
2019-06-28 15:19:00,ASK_DEPTH,"[(99004, 558)]"
2019-06-28 15:19:00,IMBALANCE,"[464, 558]"
2019-06-28 15:19:00,HOLDINGS_UPDATED,"{'CASH': 11226670, 'JPM': -16}"
2019-06-28 15:20:00,BID_DEPTH,[]
2019-06-28 15:20:00,ASK_DEPTH,"[(98278, 100)]"
2019-06-28 15:20:00,IMBALANCE,"[0, 100]"
2019-06-28 15:21:00,BID_DEPTH,[]
2019-06-28 15:21:00,ASK_DEPTH,"[(98566, 100)]"
2019-06-28 15:21:00,IMBALANCE,"[0, 100]"
2019-06-28 15:22:00,BID_DEPTH,"[(98278, 120)]"
2019-06-28 15:22:00,ASK_DEPTH,"[(98398, 214)]"
2019-06-28 15:22:00,IMBALANCE,"[120, 214]"
2019-06-28 15:22:00,HOLDINGS_UPDATED,"{'CASH': 11423226, 'JPM': -18}"
2019-06-28 15:23:00,BID_DEPTH,[]
2019-06-28 15:23:00,ASK_DEPTH,"[(98398, 100)]"
2019-06-28 15:23:00,IMBALANCE,"[0, 100]"
2019-06-28 15:24:00,BID_DEPTH,"[(98278, 235)]"
2019-06-28 15:24:00,ASK_DEPTH,"[(98398, 329)]"
2019-06-28 15:24:00,IMBALANCE,"[235, 329]"
2019-06-28 15:24:00,HOLDINGS_UPDATED,"{'CASH': 11619782, 'JPM': -20}"
2019-06-28 15:25:00,BID_DEPTH,"[(98339, 464)]"
2019-06-28 15:25:00,ASK_DEPTH,"[(98398, 558)]"
2019-06-28 15:25:00,IMBALANCE,"[464, 558]"
2019-06-28 15:25:00,HOLDINGS_UPDATED,"{'CASH': 11816460, 'JPM': -22}"
2019-06-28 15:26:00,BID_DEPTH,"[(98339, 464)]"
2019-06-28 15:26:00,ASK_DEPTH,"[(98398, 558)]"
2019-06-28 15:26:00,IMBALANCE,"[464, 558]"
2019-06-28 15:26:00,HOLDINGS_UPDATED,"{'CASH': 12013138, 'JPM': -24}"
2019-06-28 15:27:00,BID_DEPTH,"[(98278, 162)]"
2019-06-28 15:27:00,ASK_DEPTH,"[(98398, 256)]"
2019-06-28 15:27:00,IMBALANCE,"[162, 256]"
2019-06-28 15:27:00,HOLDINGS_UPDATED,"{'CASH': 12209694, 'JPM': -26}"
2019-06-28 15:28:00,BID_DEPTH,"[(98278, 335)]"
2019-06-28 15:28:00,ASK_DEPTH,"[(98398, 329)]"
2019-06-28 15:28:00,IMBALANCE,"[335, 329]"
2019-06-28 15:28:00,HOLDINGS_UPDATED,"{'CASH': 12406250, 'JPM': -28}"
2019-06-28 15:29:00,BID_DEPTH,"[(98398, 106)]"
2019-06-28 15:29:00,ASK_DEPTH,"[(98726, 256)]"
2019-06-28 15:29:00,IMBALANCE,"[106, 256]"
2019-06-28 15:29:00,HOLDINGS_UPDATED,"{'CASH': 12603046, 'JPM': -30}"
2019-06-28 15:30:00,BID_DEPTH,"[(98399, 235)]"
2019-06-28 15:30:00,ASK_DEPTH,"[(98750, 329)]"
2019-06-28 15:30:00,IMBALANCE,"[235, 329]"
2019-06-28 15:30:00,HOLDINGS_UPDATED,"{'CASH': 12799844, 'JPM': -32}"
2019-06-28 15:31:00,BID_DEPTH,"[(98399, 235)]"
2019-06-28 15:31:00,ASK_DEPTH,"[(98871, 329)]"
2019-06-28 15:31:00,IMBALANCE,"[235, 329]"
2019-06-28 15:31:00,HOLDINGS_UPDATED,"{'CASH': 12996642, 'JPM': -34}"
2019-06-28 15:32:00,BID_DEPTH,"[(98871, 262)]"
2019-06-28 15:32:00,ASK_DEPTH,"[(98976, 256)]"
2019-06-28 15:32:00,IMBALANCE,"[262, 256]"
2019-06-28 15:32:00,HOLDINGS_UPDATED,"{'CASH': 13194384, 'JPM': -36}"
2019-06-28 15:33:00,BID_DEPTH,"[(98871, 212)]"
2019-06-28 15:33:00,ASK_DEPTH,"[(99004, 329)]"
2019-06-28 15:33:00,IMBALANCE,"[212, 329]"
2019-06-28 15:33:00,HOLDINGS_UPDATED,"{'CASH': 13392126, 'JPM': -38}"
2019-06-28 15:34:00,BID_DEPTH,"[(98399, 335)]"
2019-06-28 15:34:00,ASK_DEPTH,"[(99130, 329)]"
2019-06-28 15:34:00,IMBALANCE,"[335, 329]"
2019-06-28 15:34:00,HOLDINGS_UPDATED,"{'CASH': 13588924, 'JPM': -40}"
2019-06-28 15:35:00,BID_DEPTH,"[(98399, 641)]"
2019-06-28 15:35:00,ASK_DEPTH,"[(99130, 558)]"
2019-06-28 15:35:00,IMBALANCE,"[641, 558]"
2019-06-28 15:35:00,HOLDINGS_UPDATED,"{'CASH': 13785722, 'JPM': -42}"
2019-06-28 15:36:00,BID_DEPTH,"[(98857, 120)]"
2019-06-28 15:36:00,ASK_DEPTH,"[(99130, 214)]"
2019-06-28 15:36:00,IMBALANCE,"[120, 214]"
2019-06-28 15:36:00,HOLDINGS_UPDATED,"{'CASH': 13983436, 'JPM': -44}"
2019-06-28 15:37:00,BID_DEPTH,"[(98399, 216)]"
2019-06-28 15:37:00,ASK_DEPTH,"[(98857, 256)]"
2019-06-28 15:37:00,IMBALANCE,"[216, 256]"
2019-06-28 15:37:00,HOLDINGS_UPDATED,"{'CASH': 14180234, 'JPM': -46}"
2019-06-28 15:38:00,BID_DEPTH,"[(98278, 212)]"
2019-06-28 15:38:00,ASK_DEPTH,"[(98459, 329)]"
2019-06-28 15:38:00,IMBALANCE,"[212, 329]"
2019-06-28 15:38:00,HOLDINGS_UPDATED,"{'CASH': 14376790, 'JPM': -48}"
2019-06-28 15:39:00,BID_DEPTH,[]
2019-06-28 15:39:00,ASK_DEPTH,"[(98857, 100)]"
2019-06-28 15:39:00,IMBALANCE,"[0, 100]"
2019-06-28 15:40:00,BID_DEPTH,[]
2019-06-28 15:40:00,ASK_DEPTH,"[(99130, 100)]"
2019-06-28 15:40:00,IMBALANCE,"[0, 100]"
2019-06-28 15:41:00,BID_DEPTH,[]
2019-06-28 15:41:00,ASK_DEPTH,"[(98524, 100)]"
2019-06-28 15:41:00,IMBALANCE,"[0, 100]"
2019-06-28 15:42:00,BID_DEPTH,"[(98283, 98)]"
2019-06-28 15:42:00,ASK_DEPTH,"[(98524, 192)]"
2019-06-28 15:42:00,IMBALANCE,"[98, 192]"
2019-06-28 15:42:00,HOLDINGS_UPDATED,"{'CASH': 14573356, 'JPM': -50}"
2019-06-28 15:43:00,BID_DEPTH,"[(97945, 235)]"
2019-06-28 15:43:00,ASK_DEPTH,"[(98304, 329)]"
2019-06-28 15:43:00,IMBALANCE,"[235, 329]"
2019-06-28 15:43:00,HOLDINGS_UPDATED,"{'CASH': 14769246, 'JPM': -52}"
2019-06-28 15:44:00,BID_DEPTH,"[(98082, 162)]"
2019-06-28 15:44:00,ASK_DEPTH,"[(98524, 256)]"
2019-06-28 15:44:00,IMBALANCE,"[162, 256]"
2019-06-28 15:44:00,HOLDINGS_UPDATED,"{'CASH': 14965410, 'JPM': -54}"
2019-06-28 15:45:00,BID_DEPTH,"[(98377, 235)]"
2019-06-28 15:45:00,ASK_DEPTH,"[(98524, 329)]"
2019-06-28 15:45:00,IMBALANCE,"[235, 329]"
2019-06-28 15:45:00,HOLDINGS_UPDATED,"{'CASH': 15162164, 'JPM': -56}"
2019-06-28 15:46:00,BID_DEPTH,"[(98377, 464)]"
2019-06-28 15:46:00,ASK_DEPTH,"[(98524, 558)]"
2019-06-28 15:46:00,IMBALANCE,"[464, 558]"
2019-06-28 15:46:00,HOLDINGS_UPDATED,"{'CASH': 15358918, 'JPM': -58}"
2019-06-28 15:47:00,BID_DEPTH,"[(99021, 120)]"
2019-06-28 15:47:00,ASK_DEPTH,"[(99130, 314)]"
2019-06-28 15:47:00,IMBALANCE,"[120, 314]"
2019-06-28 15:47:00,HOLDINGS_UPDATED,"{'CASH': 15556960, 'JPM': -60}"
2019-06-28 15:48:00,BID_DEPTH,"[(98974, 98)]"
2019-06-28 15:48:00,ASK_DEPTH,"[(99130, 292)]"
2019-06-28 15:48:00,IMBALANCE,"[98, 292]"
2019-06-28 15:48:00,HOLDINGS_UPDATED,"{'CASH': 15754908, 'JPM': -62}"
2019-06-28 15:49:00,BID_DEPTH,"[(98844, 98)]"
2019-06-28 15:49:00,ASK_DEPTH,"[(99065, 192)]"
2019-06-28 15:49:00,IMBALANCE,"[98, 192]"
2019-06-28 15:49:00,HOLDINGS_UPDATED,"{'CASH': 15952596, 'JPM': -64}"
2019-06-28 15:50:00,BID_DEPTH,"[(99034, 120)]"
2019-06-28 15:50:00,ASK_DEPTH,"[(99065, 214)]"
2019-06-28 15:50:00,IMBALANCE,"[120, 214]"
2019-06-28 15:50:00,HOLDINGS_UPDATED,"{'CASH': 16150664, 'JPM': -66}"
2019-06-28 15:51:00,BID_DEPTH,"[(98844, 262)]"
2019-06-28 15:51:00,ASK_DEPTH,"[(99034, 165)]"
2019-06-28 15:51:00,IMBALANCE,"[262, 165]"
2019-06-28 15:51:00,HOLDINGS_UPDATED,"{'CASH': 16348352, 'JPM': -68}"
2019-06-28 15:52:00,BID_DEPTH,"[(98073, 192)]"
2019-06-28 15:52:00,ASK_DEPTH,"[(98266, 98)]"
2019-06-28 15:52:00,IMBALANCE,"[192, 98]"
2019-06-28 15:52:00,HOLDINGS_UPDATED,"{'CASH': 16151820, 'JPM': -66}"
2019-06-28 15:53:00,BID_DEPTH,"[(98453, 256)]"
2019-06-28 15:53:00,ASK_DEPTH,"[(98495, 162)]"
2019-06-28 15:53:00,IMBALANCE,"[256, 162]"
2019-06-28 15:53:00,HOLDINGS_UPDATED,"{'CASH': 15954830, 'JPM': -64}"
2019-06-28 15:54:00,BID_DEPTH,"[(98073, 329)]"
2019-06-28 15:54:00,ASK_DEPTH,"[(98297, 235)]"
2019-06-28 15:54:00,IMBALANCE,"[329, 235]"
2019-06-28 15:54:00,HOLDINGS_UPDATED,"{'CASH': 15758236, 'JPM': -62}"
2019-06-28 15:55:00,BID_DEPTH,"[(98073, 329)]"
2019-06-28 15:55:00,ASK_DEPTH,"[(98395, 235)]"
2019-06-28 15:55:00,IMBALANCE,"[329, 235]"
2019-06-28 15:55:00,HOLDINGS_UPDATED,"{'CASH': 15561446, 'JPM': -60}"
2019-06-28 15:56:00,BID_DEPTH,"[(98073, 329)]"
2019-06-28 15:56:00,ASK_DEPTH,"[(98852, 235)]"
2019-06-28 15:56:00,IMBALANCE,"[329, 235]"
2019-06-28 15:56:00,HOLDINGS_UPDATED,"{'CASH': 15363742, 'JPM': -58}"
2019-06-28 15:57:00,BID_DEPTH,"[(98073, 192)]"
2019-06-28 15:57:00,ASK_DEPTH,"[(98933, 98)]"
2019-06-28 15:57:00,IMBALANCE,"[192, 98]"
2019-06-28 15:57:00,HOLDINGS_UPDATED,"{'CASH': 15165876, 'JPM': -56}"
2019-06-28 15:58:00,BID_DEPTH,"[(98073, 214)]"
2019-06-28 15:58:00,ASK_DEPTH,"[(98933, 120)]"
2019-06-28 15:58:00,IMBALANCE,"[214, 120]"
2019-06-28 15:58:00,HOLDINGS_UPDATED,"{'CASH': 14968010, 'JPM': -54}"
2019-06-28 15:59:00,BID_DEPTH,"[(98073, 464)]"
2019-06-28 15:59:00,ASK_DEPTH,"[(98933, 658)]"
2019-06-28 15:59:00,IMBALANCE,"[464, 658]"
2019-06-28 15:59:00,HOLDINGS_UPDATED,"{'CASH': 15164156, 'JPM': -56}"
2019-06-28 16:00:00,BID_DEPTH,"[(98442, 120)]"
2019-06-28 16:00:00,ASK_DEPTH,"[(98627, 214)]"
2019-06-28 16:00:00,IMBALANCE,"[120, 214]"
2019-06-28 16:00:00,HOLDINGS_UPDATED,"{'CASH': 15361040, 'JPM': -58}"
2019-06-28 16:01:00,BID_DEPTH,"[(98442, 91)]"
2019-06-28 16:01:00,ASK_DEPTH,"[(98627, 214)]"
2019-06-28 16:01:00,IMBALANCE,"[91, 214]"
2019-06-28 16:01:00,MKT_CLOSED,
2019-06-28 16:01:00,FINAL_HOLDINGS,"{ JPM: -58, CASH: 15361040 }"
2019-06-28 16:01:00,FINAL_CASH_POSITION,15361040
2019-06-28 16:01:00,MARK_TO_MARKET,-58 JPM @ 98442 == -5709636
2019-06-28 16:01:00,MARKED_TO_MARKET,9651404
2019-06-28 16:01:00,ENDING_CASH,9651404
