EventTime,EventType,Event
,AGENT_TYPE,MarketMakerAgent
,STARTING_CASH,10000000
2019-06-28 09:30:00.000000000,HOLDINGS_UPDATED,{'CASH': 10000000}
2019-06-28 09:30:10.000000000,BID_DEPTH,"[(99994, 100), (99988, 100), (99975, 100), (99972, 100), (99967, 100)]"
2019-06-28 09:30:10.000000000,ASK_DEPTH,"[(100005, 300), (100006, 100), (100008, 100), (100029, 100), (100043, 100)]"
2019-06-28 09:30:10.000000000,IMBALANCE,"[500, 700]"
2019-06-28 09:30:20.000000000,BID_DEPTH,"[(99994, 100), (99988, 100), (99975, 100), (99972, 100), (99967, 100)]"
2019-06-28 09:30:20.000000000,ASK_DEPTH,"[(100005, 300), (100006, 100), (100008, 100), (100029, 100), (100043, 100)]"
2019-06-28 09:30:20.000000000,IMBALANCE,"[500, 700]"
2019-06-28 09:30:30.000000000,BID_DEPTH,"[(99994, 100), (99988, 100), (99975, 100), (99972, 100), (99967, 100)]"
2019-06-28 09:30:30.000000000,ASK_DEPTH,"[(100005, 200), (100006, 100), (100008, 100), (100029, 100), (100043, 100)]"
2019-06-28 09:30:30.000000000,IMBALANCE,"[500, 600]"
2019-06-28 09:30:40.000000000,BID_DEPTH,"[(99994, 100), (99988, 100), (99975, 100), (99972, 100), (99967, 100)]"
2019-06-28 09:30:40.000000000,ASK_DEPTH,"[(100005, 200), (100006, 100), (100008, 100), (100029, 100), (100043, 100)]"
2019-06-28 09:30:40.000000000,IMBALANCE,"[500, 600]"
2019-06-28 09:30:50.000000000,BID_DEPTH,"[(99994, 100), (99988, 100), (99975, 100), (99972, 100), (99967, 100)]"
2019-06-28 09:30:50.000000000,ASK_DEPTH,"[(100005, 200), (100006, 100), (100008, 100), (100029, 100), (100043, 100)]"
2019-06-28 09:30:50.000000000,IMBALANCE,"[500, 600]"
2019-06-28 09:31:00.000000000,BID_DEPTH,"[(99994, 100), (99988, 100), (99975, 100), (99972, 100), (99967, 100)]"
2019-06-28 09:31:00.000000000,ASK_DEPTH,"[(100005, 200), (100006, 100), (100008, 100), (100029, 100), (100043, 100)]"
2019-06-28 09:31:00.000000000,IMBALANCE,"[500, 600]"
2019-06-28 09:31:10.000000000,BID_DEPTH,"[(99994, 100), (99988, 100), (99975, 100), (99972, 100), (99967, 100)]"
2019-06-28 09:31:10.000000000,ASK_DEPTH,"[(100005, 200), (100006, 100), (100008, 100), (100029, 100), (100043, 100)]"
2019-06-28 09:31:10.000000000,IMBALANCE,"[500, 600]"
2019-06-28 09:31:20.000000000,BID_DEPTH,"[(99994, 100), (99988, 100), (99975, 100), (99972, 100), (99967, 100)]"
2019-06-28 09:31:20.000000000,ASK_DEPTH,"[(100005, 200), (100006, 100), (100008, 100), (100029, 100), (100043, 100)]"
2019-06-28 09:31:20.000000000,IMBALANCE,"[500, 600]"
2019-06-28 09:31:30.000000000,BID_DEPTH,"[(99994, 100), (99988, 100), (99975, 100), (99972, 100), (99967, 100)]"
2019-06-28 09:31:30.000000000,ASK_DEPTH,"[(100005, 200), (100006, 100), (100008, 100), (100029, 100), (100043, 100)]"
2019-06-28 09:31:30.000000000,IMBALANCE,"[500, 600]"
2019-06-28 09:31:40.000000000,BID_DEPTH,"[(99994, 100), (99988, 100), (99975, 100), (99972, 100), (99959, 100)]"
2019-06-28 09:31:40.000000000,ASK_DEPTH,"[(100005, 100), (100006, 100), (100008, 100), (100029, 100), (100043, 100)]"
2019-06-28 09:31:40.000000000,IMBALANCE,"[500, 500]"
2019-06-28 09:31:50.000000000,BID_DEPTH,"[(99994, 100), (99988, 100), (99975, 100), (99972, 100), (99959, 100)]"
2019-06-28 09:31:50.000000000,ASK_DEPTH,"[(100005, 100), (100006, 100), (100008, 100), (100029, 100), (100043, 100)]"
2019-06-28 09:31:50.000000000,IMBALANCE,"[500, 500]"
2019-06-28 09:32:00.000000000,BID_DEPTH,"[(99994, 100), (99988, 100), (99975, 100), (99972, 100), (99959, 100)]"
2019-06-28 09:32:00.000000000,ASK_DEPTH,"[(100005, 100), (100006, 100), (100008, 100), (100029, 100), (100043, 100)]"
2019-06-28 09:32:00.000000000,IMBALANCE,"[500, 500]"
2019-06-28 09:32:10.000000000,BID_DEPTH,"[(99994, 100), (99988, 100), (99975, 100), (99972, 100), (99959, 100)]"
2019-06-28 09:32:10.000000000,ASK_DEPTH,"[(100005, 100), (100006, 100), (100008, 100), (100029, 100), (100043, 100)]"
2019-06-28 09:32:10.000000000,IMBALANCE,"[500, 500]"
2019-06-28 09:32:20.000000000,BID_DEPTH,"[(99994, 100), (99988, 100), (99975, 100), (99972, 100), (99959, 100)]"
2019-06-28 09:32:20.000000000,ASK_DEPTH,"[(100005, 100), (100006, 100), (100008, 100), (100029, 100), (100043, 100)]"
2019-06-28 09:32:20.000000000,IMBALANCE,"[500, 500]"
2019-06-28 09:32:30.000000000,BID_DEPTH,"[(99994, 100), (99988, 100), (99975, 100), (99972, 100), (99959, 100)]"
2019-06-28 09:32:30.000000000,ASK_DEPTH,"[(100005, 100), (100006, 100), (100008, 100), (100029, 100), (100043, 100)]"
2019-06-28 09:32:30.000000000,IMBALANCE,"[500, 500]"
2019-06-28 09:32:40.000000000,BID_DEPTH,"[(99994, 100), (99988, 100), (99975, 100), (99972, 100), (99959, 100)]"
2019-06-28 09:32:40.000000000,ASK_DEPTH,"[(100005, 100), (100006, 100), (100008, 100), (100029, 100), (100043, 100)]"
2019-06-28 09:32:40.000000000,IMBALANCE,"[500, 500]"
2019-06-28 09:32:50.000000000,BID_DEPTH,"[(99994, 100), (99988, 100), (99975, 100), (99972, 100), (99959, 100)]"
2019-06-28 09:32:50.000000000,ASK_DEPTH,"[(100006, 100), (100008, 100), (100029, 100), (100043, 100), (100048, 100)]"
2019-06-28 09:32:50.000000000,IMBALANCE,"[500, 500]"
2019-06-28 09:33:00.000000000,BID_DEPTH,"[(99994, 100), (99988, 100), (99975, 100), (99972, 100), (99959, 100)]"
2019-06-28 09:33:00.000000000,ASK_DEPTH,"[(100006, 100), (100008, 100), (100029, 100), (100043, 100), (100048, 100)]"
2019-06-28 09:33:00.000000000,IMBALANCE,"[500, 500]"
2019-06-28 09:33:10.000000000,BID_DEPTH,"[(100005, 100), (99994, 100), (99992, 100), (99988, 100), (99975, 100)]"
2019-06-28 09:33:10.000000000,ASK_DEPTH,"[(100006, 100), (100008, 100), (100029, 100), (100043, 100), (100048, 100)]"
2019-06-28 09:33:10.000000000,IMBALANCE,"[500, 500]"
2019-06-28 09:33:20.000000000,BID_DEPTH,"[(100005, 100), (99994, 100), (99992, 100), (99988, 100), (99975, 100)]"
2019-06-28 09:33:20.000000000,ASK_DEPTH,"[(100006, 100), (100008, 100), (100029, 100), (100043, 100), (100048, 100)]"
2019-06-28 09:33:20.000000000,IMBALANCE,"[500, 500]"
2019-06-28 09:33:30.000000000,BID_DEPTH,"[(100005, 100), (99994, 100), (99992, 100), (99988, 100), (99975, 100)]"
2019-06-28 09:33:30.000000000,ASK_DEPTH,"[(100006, 100), (100008, 100), (100029, 100), (100043, 100), (100048, 100)]"
2019-06-28 09:33:30.000000000,IMBALANCE,"[500, 500]"
2019-06-28 09:33:40.000000000,BID_DEPTH,"[(100005, 100), (99994, 100), (99992, 100), (99988, 100), (99975, 100)]"
2019-06-28 09:33:40.000000000,ASK_DEPTH,"[(100008, 100), (100029, 100), (100043, 100), (100048, 100), (100061, 100)]"
2019-06-28 09:33:40.000000000,IMBALANCE,"[500, 500]"
2019-06-28 09:33:50.000000000,BID_DEPTH,"[(100005, 100), (99994, 100), (99992, 100), (99988, 100), (99975, 100)]"
2019-06-28 09:33:50.000000000,ASK_DEPTH,"[(100008, 100), (100029, 100), (100043, 100), (100048, 100), (100061, 100)]"
2019-06-28 09:33:50.000000000,IMBALANCE,"[500, 500]"
2019-06-28 09:34:00.000000000,BID_DEPTH,"[(100005, 100), (99994, 100), (99992, 100), (99988, 100), (99975, 100)]"
2019-06-28 09:34:00.000000000,ASK_DEPTH,"[(100008, 100), (100029, 100), (100043, 100), (100048, 100), (100061, 100)]"
2019-06-28 09:34:00.000000000,IMBALANCE,"[500, 500]"
2019-06-28 09:34:10.000000000,BID_DEPTH,"[(100005, 100), (99994, 100), (99992, 100), (99988, 100), (99975, 100)]"
2019-06-28 09:34:10.000000000,ASK_DEPTH,"[(100008, 100), (100029, 100), (100043, 100), (100048, 100), (100061, 100)]"
2019-06-28 09:34:10.000000000,IMBALANCE,"[500, 500]"
2019-06-28 09:34:20.000000000,BID_DEPTH,"[(100005, 100), (99994, 100), (99992, 100), (99988, 100), (99975, 100)]"
2019-06-28 09:34:20.000000000,ASK_DEPTH,"[(100008, 100), (100029, 100), (100043, 100), (100048, 100), (100061, 100)]"
2019-06-28 09:34:20.000000000,IMBALANCE,"[500, 500]"
2019-06-28 09:34:30.000000000,BID_DEPTH,"[(100005, 100), (99994, 100), (99992, 100), (99988, 100), (99975, 100)]"
2019-06-28 09:34:30.000000000,ASK_DEPTH,"[(100008, 100), (100029, 100), (100043, 100), (100048, 100), (100061, 100)]"
2019-06-28 09:34:30.000000000,IMBALANCE,"[500, 500]"
2019-06-28 09:34:40.000000000,BID_DEPTH,"[(100005, 100), (99994, 100), (99992, 100), (99988, 100), (99975, 100)]"
2019-06-28 09:34:40.000000000,ASK_DEPTH,"[(100008, 100), (100029, 100), (100043, 100), (100048, 100), (100061, 100)]"
2019-06-28 09:34:40.000000000,IMBALANCE,"[500, 500]"
2019-06-28 09:34:50.000000000,BID_DEPTH,"[(99994, 100), (99992, 100), (99988, 100), (99975, 100), (99972, 100)]"
2019-06-28 09:34:50.000000000,ASK_DEPTH,"[(100029, 100), (100048, 100), (100061, 100), (100067, 100), (100091, 100)]"
2019-06-28 09:34:50.000000000,IMBALANCE,"[500, 500]"
2019-06-28 09:35:00.000000000,BID_DEPTH,"[(99994, 100), (99992, 100), (99988, 100), (99975, 100), (99972, 100)]"
2019-06-28 09:35:00.000000000,ASK_DEPTH,"[(100029, 100), (100048, 100), (100061, 100), (100067, 100), (100091, 100)]"
2019-06-28 09:35:00.000000000,IMBALANCE,"[500, 500]"
2019-06-28 09:35:10.000000000,BID_DEPTH,"[(99994, 100), (99992, 100), (99988, 100), (99975, 100), (99972, 100)]"
2019-06-28 09:35:10.000000000,ASK_DEPTH,"[(100029, 100), (100048, 100), (100061, 100), (100067, 100), (100091, 100)]"
2019-06-28 09:35:10.000000000,IMBALANCE,"[500, 500]"
2019-06-28 09:35:20.000000000,BID_DEPTH,"[(99994, 100), (99992, 100), (99988, 100), (99975, 100), (99972, 100)]"
2019-06-28 09:35:20.000000000,ASK_DEPTH,"[(100029, 100), (100048, 100), (100061, 100), (100067, 100), (100091, 100)]"
2019-06-28 09:35:20.000000000,IMBALANCE,"[500, 500]"
2019-06-28 09:35:30.000000000,BID_DEPTH,"[(99994, 100), (99992, 100), (99988, 100), (99975, 100), (99972, 100)]"
2019-06-28 09:35:30.000000000,ASK_DEPTH,"[(100029, 100), (100048, 100), (100067, 100), (100091, 100), (100092, 100)]"
2019-06-28 09:35:30.000000000,IMBALANCE,"[500, 500]"
2019-06-28 09:35:40.000000000,BID_DEPTH,"[(99994, 100), (99992, 100), (99988, 100), (99975, 100), (99972, 100)]"
2019-06-28 09:35:40.000000000,ASK_DEPTH,"[(100029, 100), (100048, 100), (100067, 100), (100091, 100), (100092, 100)]"
2019-06-28 09:35:40.000000000,IMBALANCE,"[500, 500]"
2019-06-28 09:35:50.000000000,BID_DEPTH,"[(99994, 100), (99992, 100), (99988, 100), (99975, 100), (99972, 100)]"
2019-06-28 09:35:50.000000000,ASK_DEPTH,"[(100029, 100), (100048, 100), (100067, 100), (100091, 100), (100092, 100)]"
2019-06-28 09:35:50.000000000,IMBALANCE,"[500, 500]"
2019-06-28 09:36:00.000000000,BID_DEPTH,"[(99994, 100), (99992, 100), (99988, 100), (99975, 100), (99972, 100)]"
2019-06-28 09:36:00.000000000,ASK_DEPTH,"[(100007, 200), (100029, 100), (100048, 100), (100067, 100), (100091, 100)]"
2019-06-28 09:36:00.000000000,IMBALANCE,"[500, 600]"
2019-06-28 09:36:10.000000000,BID_DEPTH,"[(99994, 100), (99992, 100), (99988, 100), (99975, 100), (99972, 100)]"
2019-06-28 09:36:10.000000000,ASK_DEPTH,"[(100007, 300), (100029, 100), (100048, 100), (100067, 100), (100091, 100)]"
2019-06-28 09:36:10.000000000,IMBALANCE,"[500, 700]"
2019-06-28 09:36:20.000000000,BID_DEPTH,"[(99994, 100), (99992, 100), (99988, 100), (99975, 100), (99972, 100)]"
2019-06-28 09:36:20.000000000,ASK_DEPTH,"[(100007, 300), (100029, 100), (100048, 100), (100067, 100), (100091, 100)]"
2019-06-28 09:36:20.000000000,IMBALANCE,"[500, 700]"
2019-06-28 09:36:30.000000000,BID_DEPTH,"[(99994, 100), (99992, 100), (99988, 100), (99975, 100), (99972, 100)]"
2019-06-28 09:36:30.000000000,ASK_DEPTH,"[(100007, 300), (100029, 100), (100048, 100), (100067, 100), (100091, 100)]"
2019-06-28 09:36:30.000000000,IMBALANCE,"[500, 700]"
2019-06-28 09:36:40.000000000,BID_DEPTH,"[(99992, 100), (99988, 100), (99975, 100), (99972, 100), (99958, 100)]"
2019-06-28 09:36:40.000000000,ASK_DEPTH,"[(100005, 100), (100007, 200), (100029, 100), (100048, 100), (100067, 100)]"
2019-06-28 09:36:40.000000000,IMBALANCE,"[500, 600]"
2019-06-28 09:36:50.000000000,BID_DEPTH,"[(99992, 100), (99988, 100), (99975, 100), (99972, 100), (99958, 100)]"
2019-06-28 09:36:50.000000000,ASK_DEPTH,"[(100005, 100), (100007, 200), (100029, 100), (100048, 100), (100067, 100)]"
2019-06-28 09:36:50.000000000,IMBALANCE,"[500, 600]"
2019-06-28 09:37:00.000000000,BID_DEPTH,"[(99992, 100), (99988, 100), (99975, 100), (99972, 100), (99958, 100)]"
2019-06-28 09:37:00.000000000,ASK_DEPTH,"[(100005, 100), (100007, 200), (100029, 100), (100048, 100), (100067, 100)]"
2019-06-28 09:37:00.000000000,IMBALANCE,"[500, 600]"
2019-06-28 09:37:10.000000000,BID_DEPTH,"[(99992, 100), (99988, 100), (99975, 100), (99972, 100), (99958, 100)]"
2019-06-28 09:37:10.000000000,ASK_DEPTH,"[(100005, 100), (100007, 200), (100029, 100), (100048, 100), (100067, 100)]"
2019-06-28 09:37:10.000000000,IMBALANCE,"[500, 600]"
2019-06-28 09:37:20.000000000,BID_DEPTH,"[(99992, 100), (99988, 100), (99975, 100), (99972, 100), (99958, 100)]"
2019-06-28 09:37:20.000000000,ASK_DEPTH,"[(100005, 100), (100007, 200), (100029, 100), (100048, 100), (100067, 100)]"
2019-06-28 09:37:20.000000000,IMBALANCE,"[500, 600]"
2019-06-28 09:37:30.000000000,BID_DEPTH,"[(99992, 100), (99988, 100), (99975, 100), (99972, 100), (99958, 100)]"
2019-06-28 09:37:30.000000000,ASK_DEPTH,"[(100005, 100), (100007, 200), (100029, 100), (100048, 100), (100067, 100)]"
2019-06-28 09:37:30.000000000,IMBALANCE,"[500, 600]"
2019-06-28 09:37:40.000000000,BID_DEPTH,"[(99992, 100), (99988, 100), (99975, 100), (99972, 100), (99958, 100)]"
2019-06-28 09:37:40.000000000,ASK_DEPTH,"[(100005, 100), (100007, 200), (100029, 100), (100048, 100), (100067, 100)]"
2019-06-28 09:37:40.000000000,IMBALANCE,"[500, 600]"
2019-06-28 09:37:50.000000000,BID_DEPTH,"[(99992, 100), (99988, 100), (99975, 100), (99972, 100), (99958, 100)]"
2019-06-28 09:37:50.000000000,ASK_DEPTH,"[(100005, 100), (100007, 200), (100029, 100), (100048, 100), (100067, 100)]"
2019-06-28 09:37:50.000000000,IMBALANCE,"[500, 600]"
2019-06-28 09:38:00.000000000,BID_DEPTH,"[(99992, 100), (99988, 100), (99975, 100), (99972, 100), (99958, 100)]"
2019-06-28 09:38:00.000000000,ASK_DEPTH,"[(100005, 100), (100007, 200), (100029, 100), (100048, 100), (100067, 100)]"
2019-06-28 09:38:00.000000000,IMBALANCE,"[500, 600]"
2019-06-28 09:38:10.000000000,BID_DEPTH,"[(99992, 100), (99988, 100), (99975, 100), (99972, 100), (99958, 100)]"
2019-06-28 09:38:10.000000000,ASK_DEPTH,"[(100005, 100), (100007, 200), (100029, 100), (100048, 100), (100067, 100)]"
2019-06-28 09:38:10.000000000,IMBALANCE,"[500, 600]"
2019-06-28 09:38:20.000000000,BID_DEPTH,"[(99992, 100), (99988, 100), (99975, 100), (99972, 100), (99958, 100)]"
2019-06-28 09:38:20.000000000,ASK_DEPTH,"[(100005, 100), (100007, 200), (100029, 100), (100048, 100), (100067, 100)]"
2019-06-28 09:38:20.000000000,IMBALANCE,"[500, 600]"
2019-06-28 09:38:30.000000000,BID_DEPTH,"[(99992, 100), (99988, 100), (99975, 100), (99972, 100), (99958, 100)]"
2019-06-28 09:38:30.000000000,ASK_DEPTH,"[(100005, 100), (100007, 200), (100029, 100), (100048, 100), (100067, 100)]"
2019-06-28 09:38:30.000000000,IMBALANCE,"[500, 600]"
2019-06-28 09:38:40.000000000,BID_DEPTH,"[(99995, 200), (99992, 100), (99988, 100), (99975, 100), (99972, 100)]"
2019-06-28 09:38:40.000000000,ASK_DEPTH,"[(100005, 100), (100007, 200), (100029, 100), (100048, 100), (100067, 100)]"
2019-06-28 09:38:40.000000000,IMBALANCE,"[600, 600]"
2019-06-28 09:38:50.000000000,BID_DEPTH,"[(99995, 200), (99992, 100), (99988, 100), (99975, 100), (99972, 100)]"
2019-06-28 09:38:50.000000000,ASK_DEPTH,"[(100005, 100), (100007, 200), (100029, 100), (100048, 100), (100067, 100)]"
2019-06-28 09:38:50.000000000,IMBALANCE,"[600, 600]"
2019-06-28 09:39:00.000000000,BID_DEPTH,"[(99995, 200), (99992, 100), (99988, 100), (99975, 100), (99972, 100)]"
2019-06-28 09:39:00.000000000,ASK_DEPTH,"[(100005, 100), (100007, 200), (100029, 100), (100048, 100), (100067, 100)]"
2019-06-28 09:39:00.000000000,IMBALANCE,"[600, 600]"
2019-06-28 09:39:10.000000000,BID_DEPTH,"[(99995, 300), (99992, 100), (99988, 100), (99975, 100), (99972, 100)]"
2019-06-28 09:39:10.000000000,ASK_DEPTH,"[(100005, 200), (100007, 100), (100029, 100), (100048, 100), (100067, 100)]"
2019-06-28 09:39:10.000000000,IMBALANCE,"[700, 600]"
2019-06-28 09:39:20.000000000,BID_DEPTH,"[(99995, 300), (99992, 100), (99988, 100), (99975, 100), (99972, 100)]"
2019-06-28 09:39:20.000000000,ASK_DEPTH,"[(100005, 200), (100007, 100), (100029, 100), (100048, 100), (100067, 100)]"
2019-06-28 09:39:20.000000000,IMBALANCE,"[700, 600]"
2019-06-28 09:39:30.000000000,BID_DEPTH,"[(99995, 300), (99992, 100), (99988, 100), (99975, 100), (99972, 100)]"
2019-06-28 09:39:30.000000000,ASK_DEPTH,"[(100005, 200), (100007, 100), (100029, 100), (100048, 100), (100067, 100)]"
2019-06-28 09:39:30.000000000,IMBALANCE,"[700, 600]"
2019-06-28 09:39:40.000000000,BID_DEPTH,"[(99995, 300), (99992, 100), (99988, 100), (99975, 100), (99972, 100)]"
2019-06-28 09:39:40.000000000,ASK_DEPTH,"[(100005, 200), (100007, 100), (100029, 100), (100048, 100), (100067, 100)]"
2019-06-28 09:39:40.000000000,IMBALANCE,"[700, 600]"
2019-06-28 09:39:50.000000000,BID_DEPTH,"[(99995, 300), (99992, 100), (99988, 100), (99975, 100), (99972, 100)]"
2019-06-28 09:39:50.000000000,ASK_DEPTH,"[(100005, 200), (100007, 100), (100029, 100), (100048, 100), (100067, 100)]"
2019-06-28 09:39:50.000000000,IMBALANCE,"[700, 600]"
2019-06-28 09:40:00.000000000,BID_DEPTH,"[(99995, 300), (99992, 100), (99988, 100), (99975, 100), (99972, 100)]"
2019-06-28 09:40:00.000000000,ASK_DEPTH,"[(100005, 200), (100007, 100), (100029, 100), (100048, 100), (100067, 100)]"
2019-06-28 09:40:00.000000000,IMBALANCE,"[700, 600]"
2019-06-28 09:40:10.000000000,BID_DEPTH,"[(99995, 300), (99992, 100), (99988, 100), (99975, 100), (99972, 100)]"
2019-06-28 09:40:10.000000000,ASK_DEPTH,"[(100005, 200), (100007, 100), (100029, 100), (100048, 100), (100067, 100)]"
2019-06-28 09:40:10.000000000,IMBALANCE,"[700, 600]"
2019-06-28 09:40:20.000000000,BID_DEPTH,"[(99995, 300), (99992, 100), (99988, 100), (99975, 100), (99972, 100)]"
2019-06-28 09:40:20.000000000,ASK_DEPTH,"[(100005, 200), (100007, 100), (100029, 100), (100048, 100), (100067, 100)]"
2019-06-28 09:40:20.000000000,IMBALANCE,"[700, 600]"
2019-06-28 09:40:30.000000000,BID_DEPTH,"[(99995, 300), (99992, 100), (99988, 100), (99975, 100), (99972, 100)]"
2019-06-28 09:40:30.000000000,ASK_DEPTH,"[(100005, 200), (100007, 100), (100029, 100), (100048, 100), (100067, 100)]"
2019-06-28 09:40:30.000000000,IMBALANCE,"[700, 600]"
2019-06-28 09:40:40.000000000,BID_DEPTH,"[(99995, 300), (99992, 100), (99988, 100), (99975, 100), (99972, 100)]"
2019-06-28 09:40:40.000000000,ASK_DEPTH,"[(100005, 200), (100007, 100), (100029, 100), (100048, 100), (100067, 100)]"
2019-06-28 09:40:40.000000000,IMBALANCE,"[700, 600]"
2019-06-28 09:40:50.000000000,BID_DEPTH,"[(99995, 300), (99992, 100), (99988, 100), (99975, 100), (99972, 100)]"
2019-06-28 09:40:50.000000000,ASK_DEPTH,"[(100005, 200), (100007, 100), (100029, 100), (100048, 100), (100067, 100)]"
2019-06-28 09:40:50.000000000,IMBALANCE,"[700, 600]"
2019-06-28 09:41:00.000000000,BID_DEPTH,"[(99995, 300), (99992, 100), (99988, 100), (99975, 100), (99972, 100)]"
2019-06-28 09:41:00.000000000,ASK_DEPTH,"[(100005, 200), (100007, 100), (100029, 100), (100048, 100), (100067, 100)]"
2019-06-28 09:41:00.000000000,IMBALANCE,"[700, 600]"
2019-06-28 09:41:10.000000000,BID_DEPTH,"[(99995, 300), (99992, 100), (99988, 100), (99975, 100), (99972, 100)]"
2019-06-28 09:41:10.000000000,ASK_DEPTH,"[(100005, 200), (100007, 100), (100029, 100), (100048, 100), (100067, 100)]"
2019-06-28 09:41:10.000000000,IMBALANCE,"[700, 600]"
2019-06-28 09:41:20.000000000,BID_DEPTH,"[(99995, 300), (99992, 100), (99988, 100), (99975, 100), (99972, 100)]"
2019-06-28 09:41:20.000000000,ASK_DEPTH,"[(100005, 200), (100007, 100), (100029, 100), (100048, 100), (100067, 100)]"
2019-06-28 09:41:20.000000000,IMBALANCE,"[700, 600]"
2019-06-28 09:41:30.000000000,BID_DEPTH,"[(99995, 300), (99992, 100), (99988, 100), (99975, 100), (99972, 100)]"
2019-06-28 09:41:30.000000000,ASK_DEPTH,"[(100005, 200), (100007, 100), (100029, 100), (100048, 100), (100067, 100)]"
2019-06-28 09:41:30.000000000,IMBALANCE,"[700, 600]"
2019-06-28 09:41:40.000000000,BID_DEPTH,"[(99995, 300), (99992, 100), (99988, 100), (99975, 100), (99972, 100)]"
2019-06-28 09:41:40.000000000,ASK_DEPTH,"[(100005, 200), (100007, 100), (100029, 100), (100048, 100), (100067, 100)]"
2019-06-28 09:41:40.000000000,IMBALANCE,"[700, 600]"
2019-06-28 09:41:50.000000000,BID_DEPTH,"[(99995, 300), (99992, 100), (99988, 100), (99975, 100), (99972, 100)]"
2019-06-28 09:41:50.000000000,ASK_DEPTH,"[(100005, 200), (100007, 100), (100029, 100), (100048, 100), (100067, 100)]"
2019-06-28 09:41:50.000000000,IMBALANCE,"[700, 600]"
2019-06-28 09:42:00.000000000,BID_DEPTH,"[(99995, 300), (99992, 100), (99988, 100), (99975, 100), (99972, 100)]"
2019-06-28 09:42:00.000000000,ASK_DEPTH,"[(100005, 200), (100007, 100), (100029, 100), (100048, 100), (100067, 100)]"
2019-06-28 09:42:00.000000000,IMBALANCE,"[700, 600]"
2019-06-28 09:42:10.000000000,BID_DEPTH,"[(99995, 300), (99992, 100), (99988, 100), (99975, 100), (99972, 100)]"
2019-06-28 09:42:10.000000000,ASK_DEPTH,"[(100005, 100), (100007, 100), (100029, 100), (100048, 100), (100067, 100)]"
2019-06-28 09:42:10.000000000,IMBALANCE,"[700, 500]"
2019-06-28 09:42:20.000000000,BID_DEPTH,"[(99995, 300), (99992, 100), (99988, 100), (99975, 100), (99972, 100)]"
2019-06-28 09:42:20.000000000,ASK_DEPTH,"[(100007, 100), (100029, 100), (100048, 100), (100067, 100), (100091, 100)]"
2019-06-28 09:42:20.000000000,IMBALANCE,"[700, 500]"
2019-06-28 09:42:30.000000000,BID_DEPTH,"[(99995, 300), (99992, 100), (99988, 100), (99975, 100), (99972, 100)]"
2019-06-28 09:42:30.000000000,ASK_DEPTH,"[(100029, 100), (100048, 100), (100067, 100), (100091, 100), (100094, 100)]"
2019-06-28 09:42:30.000000000,IMBALANCE,"[700, 500]"
2019-06-28 09:42:40.000000000,BID_DEPTH,"[(99995, 300), (99992, 100), (99988, 100), (99975, 100), (99972, 100)]"
2019-06-28 09:42:40.000000000,ASK_DEPTH,"[(100048, 100), (100067, 100), (100091, 100), (100094, 100), (100096, 100)]"
2019-06-28 09:42:40.000000000,IMBALANCE,"[700, 500]"
2019-06-28 09:42:50.000000000,BID_DEPTH,"[(99995, 300), (99992, 100), (99988, 100), (99975, 100), (99972, 100)]"
2019-06-28 09:42:50.000000000,ASK_DEPTH,"[(100048, 100), (100067, 100), (100091, 100), (100094, 100), (100096, 100)]"
2019-06-28 09:42:50.000000000,IMBALANCE,"[700, 500]"
2019-06-28 09:43:00.000000000,BID_DEPTH,"[(99995, 300), (99992, 100), (99988, 100), (99975, 100), (99972, 100)]"
2019-06-28 09:43:00.000000000,ASK_DEPTH,"[(100067, 100), (100091, 100), (100094, 100), (100096, 100), (100100, 100)]"
2019-06-28 09:43:00.000000000,IMBALANCE,"[700, 500]"
2019-06-28 09:43:10.000000000,BID_DEPTH,"[(99995, 300), (99992, 100), (99988, 100), (99975, 100), (99972, 100)]"
2019-06-28 09:43:10.000000000,ASK_DEPTH,"[(100067, 100), (100091, 100), (100094, 100), (100096, 100), (100100, 100)]"
2019-06-28 09:43:10.000000000,IMBALANCE,"[700, 500]"
2019-06-28 09:43:20.000000000,BID_DEPTH,"[(99995, 300), (99992, 100), (99988, 100), (99975, 100), (99972, 100)]"
2019-06-28 09:43:20.000000000,ASK_DEPTH,"[(100067, 100), (100091, 100), (100096, 100), (100100, 100), (100101, 100)]"
2019-06-28 09:43:20.000000000,IMBALANCE,"[700, 500]"
2019-06-28 09:43:30.000000000,BID_DEPTH,"[(99995, 300), (99992, 100), (99988, 100), (99975, 100), (99972, 100)]"
2019-06-28 09:43:30.000000000,ASK_DEPTH,"[(100067, 100), (100091, 100), (100096, 100), (100100, 100), (100101, 100)]"
2019-06-28 09:43:30.000000000,IMBALANCE,"[700, 500]"
2019-06-28 09:43:40.000000000,BID_DEPTH,"[(99995, 300), (99992, 100), (99988, 100), (99975, 100), (99972, 100)]"
2019-06-28 09:43:40.000000000,ASK_DEPTH,"[(100091, 100), (100096, 100), (100100, 100), (100101, 100), (100115, 100)]"
2019-06-28 09:43:40.000000000,IMBALANCE,"[700, 500]"
2019-06-28 09:43:50.000000000,BID_DEPTH,"[(99995, 300), (99992, 100), (99988, 100), (99975, 100), (99972, 100)]"
2019-06-28 09:43:50.000000000,ASK_DEPTH,"[(100091, 100), (100096, 100), (100100, 100), (100101, 100), (100115, 100)]"
2019-06-28 09:43:50.000000000,IMBALANCE,"[700, 500]"
2019-06-28 09:44:00.000000000,BID_DEPTH,"[(100029, 100), (99995, 300), (99992, 100), (99988, 100), (99975, 100)]"
2019-06-28 09:44:00.000000000,ASK_DEPTH,"[(100091, 100), (100096, 100), (100100, 100), (100101, 100), (100115, 100)]"
2019-06-28 09:44:00.000000000,IMBALANCE,"[700, 500]"
2019-06-28 09:44:10.000000000,BID_DEPTH,"[(100029, 100), (99995, 300), (99992, 100), (99988, 100), (99975, 100)]"
2019-06-28 09:44:10.000000000,ASK_DEPTH,"[(100091, 100), (100096, 100), (100100, 100), (100101, 100), (100115, 100)]"
2019-06-28 09:44:10.000000000,IMBALANCE,"[700, 500]"
2019-06-28 09:44:20.000000000,BID_DEPTH,"[(100029, 100), (99995, 300), (99992, 100), (99988, 100), (99975, 100)]"
2019-06-28 09:44:20.000000000,ASK_DEPTH,"[(100096, 100), (100101, 100), (100115, 100), (100125, 100), (100155, 100)]"
2019-06-28 09:44:20.000000000,IMBALANCE,"[700, 500]"
2019-06-28 09:44:30.000000000,BID_DEPTH,"[(100029, 100), (99995, 300), (99992, 100), (99988, 100), (99975, 100)]"
2019-06-28 09:44:30.000000000,ASK_DEPTH,"[(100096, 100), (100101, 100), (100115, 100), (100125, 100), (100155, 100)]"
2019-06-28 09:44:30.000000000,IMBALANCE,"[700, 500]"
2019-06-28 09:44:40.000000000,BID_DEPTH,"[(100029, 100), (99995, 300), (99992, 100), (99988, 100), (99975, 100)]"
2019-06-28 09:44:40.000000000,ASK_DEPTH,"[(100101, 100), (100115, 100), (100155, 100), (100170, 100), (100174, 100)]"
2019-06-28 09:44:40.000000000,IMBALANCE,"[700, 500]"
2019-06-28 09:44:50.000000000,BID_DEPTH,"[(100029, 100), (99995, 300), (99992, 100), (99988, 100), (99975, 100)]"
2019-06-28 09:44:50.000000000,ASK_DEPTH,"[(100101, 100), (100115, 100), (100155, 100), (100170, 100), (100174, 100)]"
2019-06-28 09:44:50.000000000,IMBALANCE,"[700, 500]"
2019-06-28 09:45:00.000000000,BID_DEPTH,"[(100029, 100), (99995, 300), (99992, 100), (99988, 100), (99975, 100)]"
2019-06-28 09:45:00.000000000,ASK_DEPTH,"[(100101, 100), (100115, 100), (100155, 100), (100170, 100), (100174, 100)]"
2019-06-28 09:45:00.000000000,IMBALANCE,"[700, 500]"
2019-06-28 09:45:10.000000000,BID_DEPTH,"[(100029, 100), (99995, 300), (99992, 100), (99988, 100), (99975, 100)]"
2019-06-28 09:45:10.000000000,ASK_DEPTH,"[(100101, 100), (100115, 100), (100155, 100), (100170, 100), (100174, 100)]"
2019-06-28 09:45:10.000000000,IMBALANCE,"[700, 500]"
2019-06-28 09:45:20.000000000,BID_DEPTH,"[(100029, 100), (99995, 300), (99992, 100), (99988, 100), (99911, 100)]"
2019-06-28 09:45:20.000000000,ASK_DEPTH,"[(100101, 100), (100115, 100), (100155, 100), (100170, 100), (100174, 100)]"
2019-06-28 09:45:20.000000000,IMBALANCE,"[700, 500]"
2019-06-28 09:45:30.000000000,BID_DEPTH,"[(100029, 100), (99995, 300), (99992, 100), (99988, 100), (99911, 100)]"
2019-06-28 09:45:30.000000000,ASK_DEPTH,"[(100101, 100), (100115, 100), (100155, 100), (100170, 100), (100174, 100)]"
2019-06-28 09:45:30.000000000,IMBALANCE,"[700, 500]"
2019-06-28 09:45:40.000000000,BID_DEPTH,"[(100029, 100), (99995, 300), (99992, 100), (99988, 100), (99911, 100)]"
2019-06-28 09:45:40.000000000,ASK_DEPTH,"[(100115, 100), (100155, 100), (100170, 100), (100174, 100), (100271, 100)]"
2019-06-28 09:45:40.000000000,IMBALANCE,"[700, 500]"
2019-06-28 09:45:50.000000000,BID_DEPTH,"[(100029, 100), (99995, 300), (99992, 100), (99988, 100), (99911, 100)]"
2019-06-28 09:45:50.000000000,ASK_DEPTH,"[(100115, 100), (100155, 100), (100170, 100), (100174, 100), (100271, 100)]"
2019-06-28 09:45:50.000000000,IMBALANCE,"[700, 500]"
2019-06-28 09:45:51.952070351,HOLDINGS_UPDATED,"{'CASH': 20011500, 'JPM': -100}"
2019-06-28 09:46:00.000000000,BID_DEPTH,"[(100029, 100), (99995, 300), (99992, 100), (99988, 100), (99911, 100)]"
2019-06-28 09:46:00.000000000,ASK_DEPTH,"[(100155, 100), (100170, 100), (100174, 100), (100271, 100), (100341, 100)]"
2019-06-28 09:46:00.000000000,IMBALANCE,"[700, 500]"
2019-06-28 09:46:10.000000000,BID_DEPTH,"[(100029, 100), (99995, 300), (99992, 100), (99988, 100), (99911, 100)]"
2019-06-28 09:46:10.000000000,ASK_DEPTH,"[(100155, 100), (100170, 100), (100174, 100), (100271, 100), (100341, 100)]"
2019-06-28 09:46:10.000000000,IMBALANCE,"[700, 500]"
2019-06-28 09:46:20.000000000,BID_DEPTH,"[(100029, 100), (99995, 300), (99992, 100), (99988, 100), (99911, 100)]"
2019-06-28 09:46:20.000000000,ASK_DEPTH,"[(100155, 100), (100170, 100), (100174, 100), (100271, 100), (100341, 100)]"
2019-06-28 09:46:20.000000000,IMBALANCE,"[700, 500]"
2019-06-28 09:46:30.000000000,BID_DEPTH,"[(100101, 100), (100029, 100), (99995, 300), (99992, 100), (99988, 100)]"
2019-06-28 09:46:30.000000000,ASK_DEPTH,"[(100155, 100), (100170, 100), (100174, 100), (100271, 100), (100341, 100)]"
2019-06-28 09:46:30.000000000,IMBALANCE,"[700, 500]"
2019-06-28 09:46:40.000000000,BID_DEPTH,"[(100101, 100), (100029, 100), (99995, 300), (99992, 100), (99988, 100)]"
2019-06-28 09:46:40.000000000,ASK_DEPTH,"[(100155, 100), (100170, 100), (100174, 100), (100271, 100), (100341, 100)]"
2019-06-28 09:46:40.000000000,IMBALANCE,"[700, 500]"
2019-06-28 09:46:50.000000000,BID_DEPTH,"[(100101, 100), (100029, 100), (99995, 300), (99992, 100), (99988, 100)]"
2019-06-28 09:46:50.000000000,ASK_DEPTH,"[(100155, 100), (100170, 100), (100174, 100), (100271, 100), (100341, 100)]"
2019-06-28 09:46:50.000000000,IMBALANCE,"[700, 500]"
2019-06-28 09:47:00.000000000,BID_DEPTH,"[(100101, 100), (100029, 100), (99995, 300), (99992, 100), (99911, 100)]"
2019-06-28 09:47:00.000000000,ASK_DEPTH,"[(100170, 100), (100174, 100), (100271, 100), (100341, 100), (100478, 100)]"
2019-06-28 09:47:00.000000000,IMBALANCE,"[700, 500]"
2019-06-28 09:47:10.000000000,BID_DEPTH,"[(100101, 100), (100029, 100), (99995, 300), (99992, 100), (99911, 100)]"
2019-06-28 09:47:10.000000000,ASK_DEPTH,"[(100170, 100), (100174, 100), (100271, 100), (100341, 100), (100478, 100)]"
2019-06-28 09:47:10.000000000,IMBALANCE,"[700, 500]"
2019-06-28 09:47:20.000000000,BID_DEPTH,"[(100101, 100), (100029, 100), (99995, 300), (99992, 100), (99911, 100)]"
2019-06-28 09:47:20.000000000,ASK_DEPTH,"[(100170, 100), (100174, 100), (100271, 100), (100341, 100), (100478, 100)]"
2019-06-28 09:47:20.000000000,IMBALANCE,"[700, 500]"
2019-06-28 09:47:30.000000000,BID_DEPTH,"[(100101, 100), (100029, 100), (99995, 300), (99992, 100), (99911, 100)]"
2019-06-28 09:47:30.000000000,ASK_DEPTH,"[(100170, 100), (100174, 100), (100271, 100), (100341, 100), (100478, 100)]"
2019-06-28 09:47:30.000000000,IMBALANCE,"[700, 500]"
2019-06-28 09:47:40.000000000,BID_DEPTH,"[(100115, 100), (100101, 100), (100029, 100), (99995, 300), (99992, 100)]"
2019-06-28 09:47:40.000000000,ASK_DEPTH,"[(100170, 100), (100174, 100), (100271, 100), (100341, 100), (100478, 100)]"
2019-06-28 09:47:40.000000000,IMBALANCE,"[700, 500]"
2019-06-28 09:47:50.000000000,BID_DEPTH,"[(100115, 100), (100101, 100), (100029, 100), (99995, 300), (99992, 100)]"
2019-06-28 09:47:50.000000000,ASK_DEPTH,"[(100170, 100), (100174, 100), (100271, 100), (100341, 100), (100478, 100)]"
2019-06-28 09:47:50.000000000,IMBALANCE,"[700, 500]"
2019-06-28 09:48:00.000000000,BID_DEPTH,"[(100115, 100), (100101, 100), (100029, 100), (99995, 300), (99992, 100)]"
2019-06-28 09:48:00.000000000,ASK_DEPTH,"[(100170, 100), (100174, 100), (100271, 100), (100341, 100), (100478, 100)]"
2019-06-28 09:48:00.000000000,IMBALANCE,"[700, 500]"
2019-06-28 09:48:10.000000000,BID_DEPTH,"[(100115, 200), (100101, 100), (100029, 100), (99995, 300), (99992, 100)]"
2019-06-28 09:48:10.000000000,ASK_DEPTH,"[(100170, 100), (100174, 100), (100271, 100), (100341, 100), (100478, 100)]"
2019-06-28 09:48:10.000000000,IMBALANCE,"[800, 500]"
2019-06-28 09:48:20.000000000,BID_DEPTH,"[(100115, 200), (100101, 100), (100029, 100), (99995, 300), (99992, 100)]"
2019-06-28 09:48:20.000000000,ASK_DEPTH,"[(100170, 100), (100174, 100), (100271, 100), (100341, 100), (100478, 100)]"
2019-06-28 09:48:20.000000000,IMBALANCE,"[800, 500]"
2019-06-28 09:48:30.000000000,BID_DEPTH,"[(100115, 300), (100101, 100), (100029, 100), (99995, 300), (99992, 100)]"
2019-06-28 09:48:30.000000000,ASK_DEPTH,"[(100170, 100), (100174, 100), (100271, 100), (100341, 100), (100478, 100)]"
2019-06-28 09:48:30.000000000,IMBALANCE,"[900, 500]"
2019-06-28 09:48:40.000000000,BID_DEPTH,"[(100115, 300), (100101, 100), (100029, 100), (99995, 300), (99992, 100)]"
2019-06-28 09:48:40.000000000,ASK_DEPTH,"[(100170, 100), (100174, 100), (100271, 100), (100341, 100), (100478, 100)]"
2019-06-28 09:48:40.000000000,IMBALANCE,"[900, 500]"
2019-06-28 09:48:50.000000000,BID_DEPTH,"[(100115, 300), (100101, 100), (100029, 100), (99995, 300), (99992, 100)]"
2019-06-28 09:48:50.000000000,ASK_DEPTH,"[(100170, 100), (100174, 100), (100271, 100), (100341, 100), (100478, 100)]"
2019-06-28 09:48:50.000000000,IMBALANCE,"[900, 500]"
2019-06-28 09:49:00.000000000,BID_DEPTH,"[(100115, 400), (100101, 100), (100029, 100), (99995, 200), (99992, 100)]"
2019-06-28 09:49:00.000000000,ASK_DEPTH,"[(100170, 100), (100174, 100), (100271, 100), (100341, 100), (100478, 100)]"
2019-06-28 09:49:00.000000000,IMBALANCE,"[900, 500]"
2019-06-28 09:49:10.000000000,BID_DEPTH,"[(100115, 400), (100101, 100), (100029, 100), (99995, 200), (99992, 100)]"
2019-06-28 09:49:10.000000000,ASK_DEPTH,"[(100170, 100), (100174, 100), (100271, 100), (100341, 100), (100478, 100)]"
2019-06-28 09:49:10.000000000,IMBALANCE,"[900, 500]"
2019-06-28 09:49:20.000000000,BID_DEPTH,"[(100155, 100), (100115, 400), (100101, 100), (100029, 100), (99995, 200)]"
2019-06-28 09:49:20.000000000,ASK_DEPTH,"[(100174, 100), (100271, 100), (100341, 100), (100478, 100), (100650, 100)]"
2019-06-28 09:49:20.000000000,IMBALANCE,"[900, 500]"
2019-06-28 09:49:30.000000000,BID_DEPTH,"[(100155, 100), (100115, 400), (100101, 100), (100029, 100), (99995, 200)]"
2019-06-28 09:49:30.000000000,ASK_DEPTH,"[(100174, 100), (100271, 100), (100341, 100), (100478, 100), (100650, 100)]"
2019-06-28 09:49:30.000000000,IMBALANCE,"[900, 500]"
2019-06-28 09:49:40.000000000,BID_DEPTH,"[(100155, 100), (100115, 400), (100101, 100), (100029, 100), (99995, 200)]"
2019-06-28 09:49:40.000000000,ASK_DEPTH,"[(100174, 100), (100271, 100), (100341, 100), (100478, 100), (100650, 100)]"
2019-06-28 09:49:40.000000000,IMBALANCE,"[900, 500]"
2019-06-28 09:49:50.000000000,BID_DEPTH,"[(100155, 200), (100115, 400), (100101, 100), (100029, 100), (99995, 100)]"
2019-06-28 09:49:50.000000000,ASK_DEPTH,"[(100174, 100), (100271, 100), (100341, 100), (100478, 100), (100650, 100)]"
2019-06-28 09:49:50.000000000,IMBALANCE,"[900, 500]"
2019-06-28 09:50:00.000000000,BID_DEPTH,"[(100155, 200), (100115, 400), (100101, 100), (100029, 100), (99995, 100)]"
2019-06-28 09:50:00.000000000,ASK_DEPTH,"[(100271, 100), (100341, 100), (100478, 100), (100650, 100), (100791, 100)]"
2019-06-28 09:50:00.000000000,IMBALANCE,"[900, 500]"
2019-06-28 09:50:10.000000000,BID_DEPTH,"[(100155, 200), (100115, 400), (100101, 100), (100029, 100), (99995, 100)]"
2019-06-28 09:50:10.000000000,ASK_DEPTH,"[(100271, 100), (100341, 100), (100478, 100), (100528, 100), (100650, 100)]"
2019-06-28 09:50:10.000000000,IMBALANCE,"[900, 500]"
2019-06-28 09:50:20.000000000,BID_DEPTH,"[(100155, 200), (100115, 400), (100101, 100), (100029, 100), (99995, 100)]"
2019-06-28 09:50:20.000000000,ASK_DEPTH,"[(100271, 100), (100341, 100), (100478, 100), (100528, 100), (100650, 100)]"
2019-06-28 09:50:20.000000000,IMBALANCE,"[900, 500]"
2019-06-28 09:50:30.000000000,BID_DEPTH,"[(100155, 200), (100115, 400), (100101, 100), (100029, 100), (99995, 100)]"
2019-06-28 09:50:30.000000000,ASK_DEPTH,"[(100271, 100), (100341, 100), (100478, 100), (100528, 100), (100650, 100)]"
2019-06-28 09:50:30.000000000,IMBALANCE,"[900, 500]"
2019-06-28 09:50:40.000000000,BID_DEPTH,"[(100155, 200), (100115, 400), (100101, 100), (100029, 100), (99995, 100)]"
2019-06-28 09:50:40.000000000,ASK_DEPTH,"[(100271, 100), (100341, 100), (100478, 100), (100528, 100), (100650, 100)]"
2019-06-28 09:50:40.000000000,IMBALANCE,"[900, 500]"
2019-06-28 09:50:50.000000000,BID_DEPTH,"[(100155, 200), (100115, 400), (100101, 100), (100029, 100), (99995, 100)]"
2019-06-28 09:50:50.000000000,ASK_DEPTH,"[(100271, 100), (100341, 100), (100478, 100), (100528, 100), (100650, 100)]"
2019-06-28 09:50:50.000000000,IMBALANCE,"[900, 500]"
2019-06-28 09:51:00.000000000,BID_DEPTH,"[(100170, 100), (100155, 200), (100115, 400), (100101, 100), (100029, 100)]"
2019-06-28 09:51:00.000000000,ASK_DEPTH,"[(100271, 100), (100341, 100), (100478, 100), (100528, 100), (100650, 100)]"
2019-06-28 09:51:00.000000000,IMBALANCE,"[900, 500]"
2019-06-28 09:51:10.000000000,BID_DEPTH,"[(100170, 100), (100155, 200), (100115, 400), (100101, 100), (100029, 100)]"
2019-06-28 09:51:10.000000000,ASK_DEPTH,"[(100271, 100), (100341, 100), (100478, 100), (100528, 100), (100650, 100)]"
2019-06-28 09:51:10.000000000,IMBALANCE,"[900, 500]"
2019-06-28 09:51:12.920772313,HOLDINGS_UPDATED,"{'CASH': 30038600, 'JPM': -200}"
2019-06-28 09:51:20.000000000,BID_DEPTH,"[(100170, 200), (100155, 200), (100115, 400), (100101, 100), (100029, 100)]"
2019-06-28 09:51:20.000000000,ASK_DEPTH,"[(100478, 100), (100650, 100), (100763, 100), (100791, 100), (100817, 100)]"
2019-06-28 09:51:20.000000000,IMBALANCE,"[1000, 500]"
2019-06-28 09:51:30.000000000,BID_DEPTH,"[(100271, 100), (100170, 100), (100155, 200), (100115, 400), (100101, 100)]"
2019-06-28 09:51:30.000000000,ASK_DEPTH,"[(100478, 100), (100650, 100), (100763, 100), (100791, 100), (100817, 100)]"
2019-06-28 09:51:30.000000000,IMBALANCE,"[900, 500]"
2019-06-28 09:51:40.000000000,BID_DEPTH,"[(100271, 100), (100170, 100), (100155, 200), (100115, 400), (100101, 100)]"
2019-06-28 09:51:40.000000000,ASK_DEPTH,"[(100478, 100), (100650, 100), (100738, 100), (100763, 100), (100791, 100)]"
2019-06-28 09:51:40.000000000,IMBALANCE,"[900, 500]"
2019-06-28 09:51:50.000000000,BID_DEPTH,"[(100271, 100), (100170, 100), (100155, 200), (100115, 400), (100101, 100)]"
2019-06-28 09:51:50.000000000,ASK_DEPTH,"[(100478, 100), (100650, 100), (100738, 100), (100763, 100), (100791, 100)]"
2019-06-28 09:51:50.000000000,IMBALANCE,"[900, 500]"
2019-06-28 09:52:00.000000000,BID_DEPTH,"[(100271, 100), (100170, 100), (100155, 200), (100115, 400), (100101, 100)]"
2019-06-28 09:52:00.000000000,ASK_DEPTH,"[(100478, 100), (100650, 100), (100738, 100), (100763, 100), (100791, 100)]"
2019-06-28 09:52:00.000000000,IMBALANCE,"[900, 500]"
2019-06-28 09:52:10.000000000,BID_DEPTH,"[(100271, 100), (100170, 100), (100155, 200), (100115, 400), (100101, 100)]"
2019-06-28 09:52:10.000000000,ASK_DEPTH,"[(100478, 100), (100650, 100), (100738, 100), (100763, 100), (100791, 100)]"
2019-06-28 09:52:10.000000000,IMBALANCE,"[900, 500]"
2019-06-28 09:52:20.000000000,BID_DEPTH,"[(100271, 100), (100170, 100), (100155, 200), (100115, 400), (100101, 100)]"
2019-06-28 09:52:20.000000000,ASK_DEPTH,"[(100478, 100), (100650, 100), (100738, 100), (100763, 100), (100791, 100)]"
2019-06-28 09:52:20.000000000,IMBALANCE,"[900, 500]"
2019-06-28 09:52:30.000000000,BID_DEPTH,"[(100271, 100), (100170, 100), (100155, 200), (100115, 400), (100101, 100)]"
2019-06-28 09:52:30.000000000,ASK_DEPTH,"[(100478, 100), (100650, 100), (100738, 100), (100763, 100), (100791, 100)]"
2019-06-28 09:52:30.000000000,IMBALANCE,"[900, 500]"
2019-06-28 09:52:40.000000000,BID_DEPTH,"[(100271, 300), (100170, 100), (100155, 200), (100115, 400), (100101, 100)]"
2019-06-28 09:52:40.000000000,ASK_DEPTH,"[(100478, 100), (100650, 100), (100738, 100), (100763, 100), (100791, 100)]"
2019-06-28 09:52:40.000000000,IMBALANCE,"[1100, 500]"
2019-06-28 09:52:50.000000000,BID_DEPTH,"[(100271, 400), (100170, 100), (100155, 200), (100115, 400), (100101, 100)]"
2019-06-28 09:52:50.000000000,ASK_DEPTH,"[(100478, 100), (100650, 100), (100738, 100), (100763, 100), (100791, 100)]"
2019-06-28 09:52:50.000000000,IMBALANCE,"[1200, 500]"
2019-06-28 09:53:00.000000000,BID_DEPTH,"[(100271, 400), (100170, 100), (100155, 200), (100115, 400), (100101, 100)]"
2019-06-28 09:53:00.000000000,ASK_DEPTH,"[(100478, 100), (100650, 100), (100738, 100), (100763, 100), (100791, 100)]"
2019-06-28 09:53:00.000000000,IMBALANCE,"[1200, 500]"
2019-06-28 09:53:10.000000000,BID_DEPTH,"[(100272, 100), (100271, 400), (100170, 100), (100155, 200), (100115, 400)]"
2019-06-28 09:53:10.000000000,ASK_DEPTH,"[(100478, 100), (100650, 100), (100738, 100), (100763, 100), (100791, 100)]"
2019-06-28 09:53:10.000000000,IMBALANCE,"[1200, 500]"
2019-06-28 09:53:20.000000000,BID_DEPTH,"[(100271, 400), (100170, 100), (100155, 200), (100115, 400), (100101, 100)]"
2019-06-28 09:53:20.000000000,ASK_DEPTH,"[(100478, 100), (100650, 100), (100738, 100), (100763, 100), (100791, 100)]"
2019-06-28 09:53:20.000000000,IMBALANCE,"[1200, 500]"
2019-06-28 09:53:30.000000000,BID_DEPTH,"[(100271, 400), (100170, 100), (100155, 200), (100115, 400), (100101, 100)]"
2019-06-28 09:53:30.000000000,ASK_DEPTH,"[(100478, 100), (100650, 100), (100738, 100), (100763, 100), (100791, 100)]"
2019-06-28 09:53:30.000000000,IMBALANCE,"[1200, 500]"
2019-06-28 09:53:40.000000000,BID_DEPTH,"[(100271, 400), (100170, 100), (100155, 200), (100115, 300), (100101, 100)]"
2019-06-28 09:53:40.000000000,ASK_DEPTH,"[(100478, 100), (100650, 100), (100738, 100), (100763, 100), (100791, 100)]"
2019-06-28 09:53:40.000000000,IMBALANCE,"[1100, 500]"
2019-06-28 09:53:50.000000000,BID_DEPTH,"[(100271, 300), (100170, 100), (100155, 200), (100115, 300), (100101, 100)]"
2019-06-28 09:53:50.000000000,ASK_DEPTH,"[(100478, 100), (100650, 100), (100738, 100), (100763, 100), (100791, 100)]"
2019-06-28 09:53:50.000000000,IMBALANCE,"[1000, 500]"
2019-06-28 09:54:00.000000000,BID_DEPTH,"[(100271, 300), (100170, 100), (100155, 200), (100115, 300), (100101, 100)]"
2019-06-28 09:54:00.000000000,ASK_DEPTH,"[(100478, 100), (100650, 100), (100738, 100), (100763, 100), (100791, 100)]"
2019-06-28 09:54:00.000000000,IMBALANCE,"[1000, 500]"
2019-06-28 09:54:10.000000000,BID_DEPTH,"[(100271, 300), (100170, 100), (100155, 200), (100115, 300), (100101, 100)]"
2019-06-28 09:54:10.000000000,ASK_DEPTH,"[(100478, 100), (100650, 100), (100738, 100), (100763, 100), (100791, 100)]"
2019-06-28 09:54:10.000000000,IMBALANCE,"[1000, 500]"
2019-06-28 09:54:20.000000000,BID_DEPTH,"[(100271, 300), (100170, 100), (100155, 200), (100115, 300), (100101, 100)]"
2019-06-28 09:54:20.000000000,ASK_DEPTH,"[(100272, 100), (100478, 100), (100650, 100), (100738, 100), (100763, 100)]"
2019-06-28 09:54:20.000000000,IMBALANCE,"[1000, 500]"
2019-06-28 09:54:30.000000000,BID_DEPTH,"[(100271, 300), (100170, 100), (100155, 200), (100115, 300), (100101, 100)]"
2019-06-28 09:54:30.000000000,ASK_DEPTH,"[(100272, 100), (100478, 100), (100650, 100), (100738, 100), (100763, 100)]"
2019-06-28 09:54:30.000000000,IMBALANCE,"[1000, 500]"
2019-06-28 09:54:40.000000000,BID_DEPTH,"[(100271, 200), (100170, 100), (100155, 200), (100115, 300), (100101, 100)]"
2019-06-28 09:54:40.000000000,ASK_DEPTH,"[(100272, 100), (100478, 100), (100650, 100), (100738, 100), (100763, 100)]"
2019-06-28 09:54:40.000000000,IMBALANCE,"[900, 500]"
2019-06-28 09:54:50.000000000,BID_DEPTH,"[(100271, 200), (100170, 100), (100155, 200), (100115, 300), (100101, 100)]"
2019-06-28 09:54:50.000000000,ASK_DEPTH,"[(100272, 100), (100478, 100), (100650, 100), (100738, 100), (100763, 100)]"
2019-06-28 09:54:50.000000000,IMBALANCE,"[900, 500]"
2019-06-28 09:55:00.000000000,BID_DEPTH,"[(100271, 200), (100170, 100), (100155, 200), (100115, 300), (100101, 100)]"
2019-06-28 09:55:00.000000000,ASK_DEPTH,"[(100272, 100), (100478, 100), (100650, 100), (100738, 100), (100763, 100)]"
2019-06-28 09:55:00.000000000,IMBALANCE,"[900, 500]"
2019-06-28 09:55:10.000000000,BID_DEPTH,"[(100271, 200), (100170, 100), (100155, 200), (100115, 300), (100101, 100)]"
2019-06-28 09:55:10.000000000,ASK_DEPTH,"[(100272, 100), (100478, 100), (100650, 100), (100738, 100), (100763, 100)]"
2019-06-28 09:55:10.000000000,IMBALANCE,"[900, 500]"
2019-06-28 09:55:20.000000000,BID_DEPTH,"[(100271, 200), (100170, 100), (100155, 200), (100115, 300), (100101, 100)]"
2019-06-28 09:55:20.000000000,ASK_DEPTH,"[(100272, 100), (100478, 100), (100650, 100), (100738, 100), (100763, 100)]"
2019-06-28 09:55:20.000000000,IMBALANCE,"[900, 500]"
2019-06-28 09:55:30.000000000,BID_DEPTH,"[(100271, 200), (100170, 100), (100155, 200), (100115, 300), (100101, 100)]"
2019-06-28 09:55:30.000000000,ASK_DEPTH,"[(100272, 100), (100478, 100), (100650, 100), (100738, 100), (100763, 100)]"
2019-06-28 09:55:30.000000000,IMBALANCE,"[900, 500]"
2019-06-28 09:55:39.615122662,HOLDINGS_UPDATED,"{'CASH': 40065800, 'JPM': -300}"
2019-06-28 09:55:40.000000000,BID_DEPTH,"[(100271, 200), (100170, 100), (100155, 200), (100115, 300), (100101, 100)]"
2019-06-28 09:55:40.000000000,ASK_DEPTH,"[(100478, 100), (100738, 100), (100763, 100), (100791, 100), (100799, 100)]"
2019-06-28 09:55:40.000000000,IMBALANCE,"[900, 500]"
2019-06-28 09:55:50.000000000,BID_DEPTH,"[(100271, 200), (100170, 100), (100155, 200), (100115, 300), (100101, 100)]"
2019-06-28 09:55:50.000000000,ASK_DEPTH,"[(100478, 100), (100738, 100), (100763, 100), (100791, 100), (100799, 100)]"
2019-06-28 09:55:50.000000000,IMBALANCE,"[900, 500]"
2019-06-28 09:56:00.000000000,BID_DEPTH,"[(100271, 200), (100170, 100), (100155, 200), (100115, 300), (100101, 100)]"
2019-06-28 09:56:00.000000000,ASK_DEPTH,"[(100478, 100), (100738, 100), (100763, 100), (100791, 100), (100799, 100)]"
2019-06-28 09:56:00.000000000,IMBALANCE,"[900, 500]"
2019-06-28 09:56:10.000000000,BID_DEPTH,"[(100271, 200), (100170, 100), (100155, 200), (100115, 300), (100101, 100)]"
2019-06-28 09:56:10.000000000,ASK_DEPTH,"[(100478, 100), (100738, 100), (100763, 100), (100791, 100), (100799, 100)]"
2019-06-28 09:56:10.000000000,IMBALANCE,"[900, 500]"
2019-06-28 09:56:20.000000000,BID_DEPTH,"[(100271, 200), (100170, 100), (100155, 200), (100115, 300), (100101, 100)]"
2019-06-28 09:56:20.000000000,ASK_DEPTH,"[(100478, 100), (100738, 100), (100763, 100), (100791, 100), (100799, 100)]"
2019-06-28 09:56:20.000000000,IMBALANCE,"[900, 500]"
2019-06-28 09:56:30.000000000,BID_DEPTH,"[(100271, 200), (100170, 100), (100155, 200), (100115, 300), (100101, 100)]"
2019-06-28 09:56:30.000000000,ASK_DEPTH,"[(100738, 100), (100763, 100), (100791, 100), (100799, 100), (100803, 100)]"
2019-06-28 09:56:30.000000000,IMBALANCE,"[900, 500]"
2019-06-28 09:56:40.000000000,BID_DEPTH,"[(100478, 100), (100271, 200), (100170, 100), (100155, 200), (100115, 300)]"
2019-06-28 09:56:40.000000000,ASK_DEPTH,"[(100763, 100), (100791, 100), (100799, 100), (100803, 100), (100817, 100)]"
2019-06-28 09:56:40.000000000,IMBALANCE,"[900, 500]"
2019-06-28 09:56:50.000000000,BID_DEPTH,"[(100478, 100), (100271, 200), (100170, 100), (100155, 200), (100115, 300)]"
2019-06-28 09:56:50.000000000,ASK_DEPTH,"[(100763, 100), (100791, 100), (100799, 100), (100803, 100), (100817, 100)]"
2019-06-28 09:56:50.000000000,IMBALANCE,"[900, 500]"
2019-06-28 09:57:00.000000000,BID_DEPTH,"[(100478, 100), (100271, 200), (100170, 100), (100155, 200), (100115, 300)]"
2019-06-28 09:57:00.000000000,ASK_DEPTH,"[(100791, 100), (100799, 100), (100803, 100), (100817, 100), (100831, 100)]"
2019-06-28 09:57:00.000000000,IMBALANCE,"[900, 500]"
2019-06-28 09:57:10.000000000,BID_DEPTH,"[(100478, 100), (100271, 200), (100170, 100), (100155, 200), (100115, 300)]"
2019-06-28 09:57:10.000000000,ASK_DEPTH,"[(100791, 100), (100799, 100), (100803, 100), (100817, 100), (100831, 100)]"
2019-06-28 09:57:10.000000000,IMBALANCE,"[900, 500]"
2019-06-28 09:57:20.000000000,BID_DEPTH,"[(100478, 100), (100271, 200), (100170, 100), (100155, 200), (100115, 300)]"
2019-06-28 09:57:20.000000000,ASK_DEPTH,"[(100791, 100), (100799, 100), (100803, 100), (100817, 100), (100831, 100)]"
2019-06-28 09:57:20.000000000,IMBALANCE,"[900, 500]"
2019-06-28 09:57:30.000000000,BID_DEPTH,"[(100478, 100), (100271, 200), (100170, 100), (100155, 200), (100115, 300)]"
2019-06-28 09:57:30.000000000,ASK_DEPTH,"[(100791, 100), (100799, 100), (100803, 100), (100817, 100), (100831, 100)]"
2019-06-28 09:57:30.000000000,IMBALANCE,"[900, 500]"
2019-06-28 09:57:40.000000000,BID_DEPTH,"[(100478, 100), (100271, 200), (100170, 100), (100155, 200), (100115, 300)]"
2019-06-28 09:57:40.000000000,ASK_DEPTH,"[(100791, 100), (100799, 100), (100803, 100), (100817, 100), (100831, 100)]"
2019-06-28 09:57:40.000000000,IMBALANCE,"[900, 500]"
2019-06-28 09:57:50.000000000,BID_DEPTH,"[(100271, 200), (100170, 100), (100155, 200), (100115, 300), (100101, 100)]"
2019-06-28 09:57:50.000000000,ASK_DEPTH,"[(100791, 100), (100799, 100), (100803, 100), (100817, 100), (100831, 100)]"
2019-06-28 09:57:50.000000000,IMBALANCE,"[900, 500]"
2019-06-28 09:58:00.000000000,BID_DEPTH,"[(100271, 200), (100170, 100), (100155, 200), (100115, 300), (100101, 100)]"
2019-06-28 09:58:00.000000000,ASK_DEPTH,"[(100791, 100), (100799, 100), (100803, 100), (100817, 100), (100831, 100)]"
2019-06-28 09:58:00.000000000,IMBALANCE,"[900, 500]"
2019-06-28 09:58:10.000000000,BID_DEPTH,"[(100271, 200), (100170, 100), (100155, 200), (100115, 300), (100101, 100)]"
2019-06-28 09:58:10.000000000,ASK_DEPTH,"[(100762, 100), (100791, 100), (100799, 100), (100803, 100), (100817, 100)]"
2019-06-28 09:58:10.000000000,IMBALANCE,"[900, 500]"
2019-06-28 09:58:20.000000000,BID_DEPTH,"[(100271, 200), (100170, 100), (100155, 200), (100115, 300), (100101, 100)]"
2019-06-28 09:58:20.000000000,ASK_DEPTH,"[(100762, 100), (100791, 100), (100799, 100), (100803, 100), (100817, 100)]"
2019-06-28 09:58:20.000000000,IMBALANCE,"[900, 500]"
2019-06-28 09:58:30.000000000,BID_DEPTH,"[(100271, 200), (100170, 100), (100155, 200), (100115, 300), (100101, 100)]"
2019-06-28 09:58:30.000000000,ASK_DEPTH,"[(100762, 100), (100791, 100), (100799, 100), (100803, 100), (100817, 100)]"
2019-06-28 09:58:30.000000000,IMBALANCE,"[900, 500]"
2019-06-28 09:58:40.000000000,BID_DEPTH,"[(100271, 200), (100170, 100), (100155, 200), (100115, 300), (100101, 100)]"
2019-06-28 09:58:40.000000000,ASK_DEPTH,"[(100762, 100), (100791, 100), (100799, 100), (100803, 100), (100817, 100)]"
2019-06-28 09:58:40.000000000,IMBALANCE,"[900, 500]"
2019-06-28 09:58:50.000000000,BID_DEPTH,"[(100302, 100), (100271, 200), (100170, 100), (100155, 200), (100115, 300)]"
2019-06-28 09:58:50.000000000,ASK_DEPTH,"[(100762, 100), (100791, 100), (100799, 100), (100803, 100), (100817, 100)]"
2019-06-28 09:58:50.000000000,IMBALANCE,"[900, 500]"
2019-06-28 09:59:00.000000000,BID_DEPTH,"[(100302, 100), (100271, 200), (100170, 100), (100155, 200), (100115, 300)]"
2019-06-28 09:59:00.000000000,ASK_DEPTH,"[(100762, 100), (100791, 100), (100799, 100), (100803, 100), (100817, 100)]"
2019-06-28 09:59:00.000000000,IMBALANCE,"[900, 500]"
2019-06-28 09:59:10.000000000,BID_DEPTH,"[(100302, 100), (100271, 200), (100170, 100), (100155, 200), (100115, 300)]"
2019-06-28 09:59:10.000000000,ASK_DEPTH,"[(100313, 100), (100762, 100), (100791, 100), (100799, 100), (100803, 100)]"
2019-06-28 09:59:10.000000000,IMBALANCE,"[900, 500]"
2019-06-28 09:59:20.000000000,BID_DEPTH,"[(100302, 100), (100271, 200), (100170, 100), (100155, 200), (100115, 300)]"
2019-06-28 09:59:20.000000000,ASK_DEPTH,"[(100313, 100), (100762, 100), (100791, 100), (100799, 100), (100803, 100)]"
2019-06-28 09:59:20.000000000,IMBALANCE,"[900, 500]"
2019-06-28 09:59:30.000000000,BID_DEPTH,"[(100302, 100), (100271, 200), (100170, 100), (100155, 200), (100115, 200)]"
2019-06-28 09:59:30.000000000,ASK_DEPTH,"[(100313, 100), (100762, 200), (100791, 100), (100799, 100), (100803, 100)]"
2019-06-28 09:59:30.000000000,IMBALANCE,"[800, 600]"
2019-06-28 09:59:40.000000000,BID_DEPTH,"[(100302, 100), (100271, 200), (100170, 100), (100155, 200), (100115, 200)]"
2019-06-28 09:59:40.000000000,ASK_DEPTH,"[(100313, 100), (100762, 200), (100791, 100), (100799, 100), (100803, 100)]"
2019-06-28 09:59:40.000000000,IMBALANCE,"[800, 600]"
2019-06-28 09:59:50.000000000,BID_DEPTH,"[(100271, 200), (100170, 100), (100155, 200), (100115, 200), (100101, 100)]"
2019-06-28 09:59:50.000000000,ASK_DEPTH,"[(100313, 100), (100762, 200), (100791, 100), (100799, 100), (100803, 100)]"
2019-06-28 09:59:50.000000000,IMBALANCE,"[800, 600]"
2019-06-28 10:00:00.000000000,BID_DEPTH,"[(100271, 100), (100170, 100), (100155, 200), (100115, 200), (100101, 100)]"
2019-06-28 10:00:00.000000000,ASK_DEPTH,"[(100313, 100), (100762, 200), (100791, 100), (100799, 100), (100803, 100)]"
2019-06-28 10:00:00.000000000,IMBALANCE,"[700, 600]"
2019-06-28 10:00:10.000000000,BID_DEPTH,"[(100271, 100), (100170, 100), (100155, 200), (100115, 200), (100101, 100)]"
2019-06-28 10:00:10.000000000,ASK_DEPTH,"[(100313, 100), (100762, 200), (100791, 100), (100799, 100), (100803, 100)]"
2019-06-28 10:00:10.000000000,IMBALANCE,"[700, 600]"
2019-06-28 10:00:20.000000000,BID_DEPTH,"[(100271, 100), (100170, 100), (100155, 200), (100115, 200), (100101, 100)]"
2019-06-28 10:00:20.000000000,ASK_DEPTH,"[(100313, 100), (100762, 200), (100791, 100), (100799, 100), (100803, 100)]"
2019-06-28 10:00:20.000000000,IMBALANCE,"[700, 600]"
2019-06-28 10:00:30.000000000,BID_DEPTH,"[(100271, 100), (100170, 100), (100155, 200), (100115, 200), (100101, 100)]"
2019-06-28 10:00:30.000000000,ASK_DEPTH,"[(100313, 100), (100762, 200), (100791, 100), (100799, 100), (100803, 100)]"
2019-06-28 10:00:30.000000000,IMBALANCE,"[700, 600]"
2019-06-28 10:00:40.000000000,BID_DEPTH,"[(100271, 100), (100170, 100), (100155, 200), (100115, 200), (100101, 100)]"
2019-06-28 10:00:40.000000000,ASK_DEPTH,"[(100313, 100), (100762, 200), (100791, 100), (100799, 100), (100803, 100)]"
2019-06-28 10:00:40.000000000,IMBALANCE,"[700, 600]"
2019-06-28 10:00:50.000000000,BID_DEPTH,"[(100271, 100), (100170, 100), (100155, 100), (100115, 200), (100101, 100)]"
2019-06-28 10:00:50.000000000,ASK_DEPTH,"[(100313, 100), (100762, 200), (100791, 100), (100799, 100), (100803, 100)]"
2019-06-28 10:00:50.000000000,IMBALANCE,"[600, 600]"
2019-06-28 10:01:00.000000000,BID_DEPTH,"[(100271, 100), (100170, 100), (100155, 100), (100115, 200), (100101, 100)]"
2019-06-28 10:01:00.000000000,ASK_DEPTH,"[(100313, 100), (100762, 200), (100791, 100), (100799, 100), (100803, 100)]"
2019-06-28 10:01:00.000000000,IMBALANCE,"[600, 600]"
2019-06-28 10:01:10.000000000,BID_DEPTH,"[(100271, 100), (100170, 100), (100155, 100), (100115, 200), (100101, 100)]"
2019-06-28 10:01:10.000000000,ASK_DEPTH,"[(100313, 100), (100762, 200), (100791, 100), (100799, 100), (100803, 100)]"
2019-06-28 10:01:10.000000000,IMBALANCE,"[600, 600]"
2019-06-28 10:01:20.000000000,BID_DEPTH,"[(100271, 100), (100170, 100), (100155, 100), (100115, 200), (100101, 100)]"
2019-06-28 10:01:20.000000000,ASK_DEPTH,"[(100313, 100), (100762, 200), (100791, 100), (100799, 100), (100803, 100)]"
2019-06-28 10:01:20.000000000,IMBALANCE,"[600, 600]"
2019-06-28 10:01:30.000000000,BID_DEPTH,"[(100271, 100), (100170, 100), (100155, 100), (100129, 100), (100115, 200)]"
2019-06-28 10:01:30.000000000,ASK_DEPTH,"[(100313, 100), (100762, 200), (100799, 100), (100803, 100), (100817, 100)]"
2019-06-28 10:01:30.000000000,IMBALANCE,"[600, 600]"
2019-06-28 10:01:40.000000000,BID_DEPTH,"[(100271, 100), (100170, 100), (100155, 100), (100129, 100), (100115, 200)]"
2019-06-28 10:01:40.000000000,ASK_DEPTH,"[(100313, 100), (100762, 200), (100799, 100), (100803, 100), (100817, 100)]"
2019-06-28 10:01:40.000000000,IMBALANCE,"[600, 600]"
2019-06-28 10:01:50.000000000,BID_DEPTH,"[(100271, 100), (100170, 100), (100155, 100), (100129, 100), (100115, 200)]"
2019-06-28 10:01:50.000000000,ASK_DEPTH,"[(100302, 100), (100313, 100), (100762, 200), (100799, 100), (100803, 100)]"
2019-06-28 10:01:50.000000000,IMBALANCE,"[600, 600]"
2019-06-28 10:01:58.101748795,HOLDINGS_UPDATED,"{'CASH': 30038700, 'JPM': -200}"
2019-06-28 10:02:00.000000000,BID_DEPTH,"[(100170, 100), (100155, 100), (100129, 100), (100115, 200), (100101, 100)]"
2019-06-28 10:02:00.000000000,ASK_DEPTH,"[(100302, 100), (100313, 100), (100762, 200), (100799, 100), (100803, 100)]"
2019-06-28 10:02:00.000000000,IMBALANCE,"[600, 600]"
2019-06-28 10:02:10.000000000,BID_DEPTH,"[(100170, 100), (100155, 100), (100129, 100), (100115, 200), (100101, 100)]"
2019-06-28 10:02:10.000000000,ASK_DEPTH,"[(100302, 100), (100313, 100), (100762, 200), (100799, 100), (100803, 100)]"
2019-06-28 10:02:10.000000000,IMBALANCE,"[600, 600]"
2019-06-28 10:02:20.000000000,BID_DEPTH,"[(100170, 100), (100155, 100), (100129, 100), (100115, 200), (100101, 100)]"
2019-06-28 10:02:20.000000000,ASK_DEPTH,"[(100302, 100), (100313, 100), (100762, 200), (100799, 100), (100803, 100)]"
2019-06-28 10:02:20.000000000,IMBALANCE,"[600, 600]"
2019-06-28 10:02:30.000000000,BID_DEPTH,"[(100170, 100), (100155, 100), (100115, 200), (100101, 100), (100022, 100)]"
2019-06-28 10:02:30.000000000,ASK_DEPTH,"[(100302, 100), (100313, 100), (100762, 200), (100799, 100), (100803, 100)]"
2019-06-28 10:02:30.000000000,IMBALANCE,"[600, 600]"
2019-06-28 10:02:40.000000000,BID_DEPTH,"[(100170, 100), (100155, 100), (100115, 200), (100101, 100), (100022, 100)]"
2019-06-28 10:02:40.000000000,ASK_DEPTH,"[(100302, 100), (100313, 100), (100762, 200), (100799, 100), (100803, 100)]"
2019-06-28 10:02:40.000000000,IMBALANCE,"[600, 600]"
2019-06-28 10:02:50.000000000,BID_DEPTH,"[(100155, 100), (100115, 200), (100101, 100), (100022, 100), (100019, 100)]"
2019-06-28 10:02:50.000000000,ASK_DEPTH,"[(100302, 100), (100313, 100), (100762, 200), (100799, 100), (100803, 100)]"
2019-06-28 10:02:50.000000000,IMBALANCE,"[600, 600]"
2019-06-28 10:03:00.000000000,BID_DEPTH,"[(100155, 100), (100115, 200), (100101, 100), (100022, 100), (100019, 100)]"
2019-06-28 10:03:00.000000000,ASK_DEPTH,"[(100302, 100), (100313, 100), (100762, 200), (100799, 100), (100803, 100)]"
2019-06-28 10:03:00.000000000,IMBALANCE,"[600, 600]"
2019-06-28 10:03:10.000000000,BID_DEPTH,"[(100115, 200), (100101, 100), (100022, 100), (100019, 100), (99992, 100)]"
2019-06-28 10:03:10.000000000,ASK_DEPTH,"[(100302, 100), (100313, 100), (100762, 200), (100799, 100), (100803, 100)]"
2019-06-28 10:03:10.000000000,IMBALANCE,"[600, 600]"
2019-06-28 10:03:20.000000000,BID_DEPTH,"[(100115, 200), (100101, 100), (100022, 100), (100019, 100), (99992, 100)]"
2019-06-28 10:03:20.000000000,ASK_DEPTH,"[(100302, 100), (100313, 100), (100762, 200), (100799, 100), (100803, 100)]"
2019-06-28 10:03:20.000000000,IMBALANCE,"[600, 600]"
2019-06-28 10:03:30.000000000,BID_DEPTH,"[(100115, 200), (100101, 100), (100022, 100), (100019, 100), (99992, 100)]"
2019-06-28 10:03:30.000000000,ASK_DEPTH,"[(100302, 100), (100313, 100), (100762, 200), (100799, 100), (100803, 100)]"
2019-06-28 10:03:30.000000000,IMBALANCE,"[600, 600]"
2019-06-28 10:03:40.000000000,BID_DEPTH,"[(100115, 200), (100101, 100), (100022, 100), (100019, 100), (99992, 100)]"
2019-06-28 10:03:40.000000000,ASK_DEPTH,"[(100170, 100), (100302, 100), (100313, 100), (100762, 200), (100799, 100)]"
2019-06-28 10:03:40.000000000,IMBALANCE,"[600, 600]"
2019-06-28 10:03:50.000000000,BID_DEPTH,"[(100115, 200), (100101, 100), (100022, 100), (100019, 100), (99992, 100)]"
2019-06-28 10:03:50.000000000,ASK_DEPTH,"[(100170, 100), (100302, 100), (100313, 100), (100762, 200), (100799, 100)]"
2019-06-28 10:03:50.000000000,IMBALANCE,"[600, 600]"
2019-06-28 10:04:00.000000000,BID_DEPTH,"[(100115, 200), (100101, 100), (100022, 100), (100019, 100), (99992, 100)]"
2019-06-28 10:04:00.000000000,ASK_DEPTH,"[(100170, 100), (100302, 100), (100313, 100), (100762, 200), (100799, 100)]"
2019-06-28 10:04:00.000000000,IMBALANCE,"[600, 600]"
2019-06-28 10:04:10.000000000,BID_DEPTH,"[(100115, 200), (100101, 100), (100022, 100), (100019, 100), (99992, 100)]"
2019-06-28 10:04:10.000000000,ASK_DEPTH,"[(100170, 100), (100302, 100), (100313, 100), (100762, 200), (100799, 100)]"
2019-06-28 10:04:10.000000000,IMBALANCE,"[600, 600]"
2019-06-28 10:04:20.000000000,BID_DEPTH,"[(100115, 200), (100101, 100), (100022, 100), (100019, 100), (99992, 100)]"
2019-06-28 10:04:20.000000000,ASK_DEPTH,"[(100170, 100), (100302, 100), (100313, 100), (100762, 200), (100799, 100)]"
2019-06-28 10:04:20.000000000,IMBALANCE,"[600, 600]"
2019-06-28 10:04:30.000000000,BID_DEPTH,"[(100115, 200), (100101, 100), (100022, 100), (100019, 100), (99992, 100)]"
2019-06-28 10:04:30.000000000,ASK_DEPTH,"[(100170, 100), (100302, 100), (100313, 100), (100762, 200), (100799, 100)]"
2019-06-28 10:04:30.000000000,IMBALANCE,"[600, 600]"
2019-06-28 10:04:40.000000000,BID_DEPTH,"[(100115, 200), (100101, 100), (100022, 100), (100019, 100), (99992, 100)]"
2019-06-28 10:04:40.000000000,ASK_DEPTH,"[(100170, 100), (100302, 100), (100313, 100), (100762, 200), (100799, 100)]"
2019-06-28 10:04:40.000000000,IMBALANCE,"[600, 600]"
2019-06-28 10:04:50.000000000,BID_DEPTH,"[(100115, 100), (100101, 100), (100022, 100), (100019, 100), (99992, 100)]"
2019-06-28 10:04:50.000000000,ASK_DEPTH,"[(100170, 100), (100302, 100), (100313, 100), (100762, 200), (100799, 100)]"
2019-06-28 10:04:50.000000000,IMBALANCE,"[500, 600]"
2019-06-28 10:05:00.000000000,BID_DEPTH,"[(100115, 100), (100101, 100), (100022, 100), (100019, 100), (99992, 100)]"
2019-06-28 10:05:00.000000000,ASK_DEPTH,"[(100170, 100), (100302, 100), (100313, 100), (100762, 200), (100799, 100)]"
2019-06-28 10:05:00.000000000,IMBALANCE,"[500, 600]"
2019-06-28 10:05:10.000000000,BID_DEPTH,"[(100115, 100), (100101, 100), (100022, 100), (100019, 100), (99992, 100)]"
2019-06-28 10:05:10.000000000,ASK_DEPTH,"[(100170, 100), (100302, 100), (100313, 100), (100762, 200), (100799, 100)]"
2019-06-28 10:05:10.000000000,IMBALANCE,"[500, 600]"
2019-06-28 10:05:20.000000000,BID_DEPTH,"[(100101, 100), (100022, 100), (100019, 100), (99992, 100), (99911, 100)]"
2019-06-28 10:05:20.000000000,ASK_DEPTH,"[(100170, 100), (100302, 100), (100313, 100), (100762, 200), (100799, 100)]"
2019-06-28 10:05:20.000000000,IMBALANCE,"[500, 600]"
2019-06-28 10:05:30.000000000,BID_DEPTH,"[(100101, 100), (100022, 100), (100019, 100), (99992, 100), (99911, 100)]"
2019-06-28 10:05:30.000000000,ASK_DEPTH,"[(100170, 100), (100302, 100), (100313, 100), (100762, 200), (100799, 100)]"
2019-06-28 10:05:30.000000000,IMBALANCE,"[500, 600]"
2019-06-28 10:05:40.000000000,BID_DEPTH,"[(100101, 100), (100022, 100), (100019, 100), (99992, 100), (99911, 100)]"
2019-06-28 10:05:40.000000000,ASK_DEPTH,"[(100170, 100), (100302, 100), (100313, 100), (100762, 200), (100799, 100)]"
2019-06-28 10:05:40.000000000,IMBALANCE,"[500, 600]"
2019-06-28 10:05:50.000000000,BID_DEPTH,"[(100101, 100), (100022, 100), (100019, 100), (99992, 100), (99911, 100)]"
2019-06-28 10:05:50.000000000,ASK_DEPTH,"[(100170, 100), (100302, 100), (100313, 100), (100762, 200), (100799, 100)]"
2019-06-28 10:05:50.000000000,IMBALANCE,"[500, 600]"
2019-06-28 10:06:00.000000000,BID_DEPTH,"[(100101, 100), (100022, 100), (100019, 100), (99992, 100), (99911, 100)]"
2019-06-28 10:06:00.000000000,ASK_DEPTH,"[(100170, 100), (100302, 100), (100313, 100), (100762, 200), (100799, 100)]"
2019-06-28 10:06:00.000000000,IMBALANCE,"[500, 600]"
2019-06-28 10:06:10.000000000,BID_DEPTH,"[(100022, 100), (100019, 100), (99992, 100), (99911, 100), (99904, 100)]"
2019-06-28 10:06:10.000000000,ASK_DEPTH,"[(100170, 100), (100302, 100), (100313, 100), (100762, 200), (100799, 100)]"
2019-06-28 10:06:10.000000000,IMBALANCE,"[500, 600]"
2019-06-28 10:06:20.000000000,BID_DEPTH,"[(100022, 100), (100019, 100), (99992, 100), (99911, 100), (99904, 100)]"
2019-06-28 10:06:20.000000000,ASK_DEPTH,"[(100170, 100), (100302, 100), (100313, 100), (100762, 200), (100799, 100)]"
2019-06-28 10:06:20.000000000,IMBALANCE,"[500, 600]"
2019-06-28 10:06:30.000000000,BID_DEPTH,"[(100019, 100), (99992, 100), (99911, 100), (99904, 100), (99893, 100)]"
2019-06-28 10:06:30.000000000,ASK_DEPTH,"[(100170, 100), (100302, 100), (100313, 100), (100762, 200), (100799, 100)]"
2019-06-28 10:06:30.000000000,IMBALANCE,"[500, 600]"
2019-06-28 10:06:40.000000000,BID_DEPTH,"[(100019, 100), (99992, 100), (99911, 100), (99904, 100), (99893, 100)]"
2019-06-28 10:06:40.000000000,ASK_DEPTH,"[(100170, 100), (100302, 100), (100313, 100), (100762, 200), (100799, 100)]"
2019-06-28 10:06:40.000000000,IMBALANCE,"[500, 600]"
2019-06-28 10:06:50.000000000,BID_DEPTH,"[(100019, 100), (99992, 100), (99911, 100), (99904, 100), (99893, 100)]"
2019-06-28 10:06:50.000000000,ASK_DEPTH,"[(100170, 100), (100302, 100), (100313, 100), (100762, 200), (100799, 100)]"
2019-06-28 10:06:50.000000000,IMBALANCE,"[500, 600]"
2019-06-28 10:07:00.000000000,BID_DEPTH,"[(99992, 100), (99911, 100), (99904, 100), (99893, 100), (99836, 100)]"
2019-06-28 10:07:00.000000000,ASK_DEPTH,"[(100170, 100), (100302, 100), (100313, 100), (100762, 200), (100799, 100)]"
2019-06-28 10:07:00.000000000,IMBALANCE,"[500, 600]"
2019-06-28 10:07:10.000000000,BID_DEPTH,"[(99992, 100), (99911, 100), (99904, 100), (99893, 100), (99836, 100)]"
2019-06-28 10:07:10.000000000,ASK_DEPTH,"[(100170, 100), (100302, 100), (100313, 100), (100762, 200), (100799, 100)]"
2019-06-28 10:07:10.000000000,IMBALANCE,"[500, 600]"
2019-06-28 10:07:20.000000000,BID_DEPTH,"[(99992, 100), (99911, 100), (99904, 100), (99893, 100), (99836, 100)]"
2019-06-28 10:07:20.000000000,ASK_DEPTH,"[(100170, 100), (100302, 100), (100313, 100), (100762, 200), (100799, 100)]"
2019-06-28 10:07:20.000000000,IMBALANCE,"[500, 600]"
2019-06-28 10:07:30.000000000,BID_DEPTH,"[(99992, 100), (99911, 100), (99904, 100), (99893, 100), (99836, 100)]"
2019-06-28 10:07:30.000000000,ASK_DEPTH,"[(100022, 100), (100170, 100), (100302, 100), (100313, 100), (100762, 200)]"
2019-06-28 10:07:30.000000000,IMBALANCE,"[500, 600]"
2019-06-28 10:07:40.000000000,BID_DEPTH,"[(99911, 100), (99904, 100), (99893, 100), (99836, 100), (99801, 100)]"
2019-06-28 10:07:40.000000000,ASK_DEPTH,"[(100022, 200), (100170, 100), (100302, 100), (100313, 100), (100762, 200)]"
2019-06-28 10:07:40.000000000,IMBALANCE,"[500, 700]"
2019-06-28 10:07:50.000000000,BID_DEPTH,"[(99904, 100), (99893, 100), (99836, 100), (99801, 100), (99745, 100)]"
2019-06-28 10:07:50.000000000,ASK_DEPTH,"[(100022, 200), (100170, 100), (100302, 100), (100313, 100), (100762, 200)]"
2019-06-28 10:07:50.000000000,IMBALANCE,"[500, 700]"
2019-06-28 10:08:00.000000000,BID_DEPTH,"[(99904, 100), (99893, 100), (99836, 100), (99801, 100), (99745, 100)]"
2019-06-28 10:08:00.000000000,ASK_DEPTH,"[(100022, 200), (100170, 100), (100302, 100), (100313, 100), (100762, 200)]"
2019-06-28 10:08:00.000000000,IMBALANCE,"[500, 700]"
2019-06-28 10:08:10.000000000,BID_DEPTH,"[(99904, 100), (99893, 100), (99867, 100), (99836, 100), (99801, 100)]"
2019-06-28 10:08:10.000000000,ASK_DEPTH,"[(100022, 100), (100170, 100), (100302, 100), (100313, 100), (100762, 200)]"
2019-06-28 10:08:10.000000000,IMBALANCE,"[500, 600]"
2019-06-28 10:08:20.000000000,BID_DEPTH,"[(99904, 100), (99893, 100), (99867, 100), (99836, 100), (99801, 100)]"
2019-06-28 10:08:20.000000000,ASK_DEPTH,"[(100022, 100), (100170, 100), (100302, 100), (100313, 100), (100762, 200)]"
2019-06-28 10:08:20.000000000,IMBALANCE,"[500, 600]"
2019-06-28 10:08:30.000000000,BID_DEPTH,"[(99904, 100), (99893, 100), (99867, 100), (99836, 100), (99801, 100)]"
2019-06-28 10:08:30.000000000,ASK_DEPTH,"[(100022, 100), (100170, 100), (100302, 100), (100313, 100), (100762, 200)]"
2019-06-28 10:08:30.000000000,IMBALANCE,"[500, 600]"
2019-06-28 10:08:40.000000000,BID_DEPTH,"[(99904, 100), (99893, 100), (99867, 100), (99836, 100), (99801, 100)]"
2019-06-28 10:08:40.000000000,ASK_DEPTH,"[(100170, 100), (100302, 100), (100313, 100), (100762, 200), (100799, 100)]"
2019-06-28 10:08:40.000000000,IMBALANCE,"[500, 600]"
2019-06-28 10:08:50.000000000,BID_DEPTH,"[(99904, 100), (99893, 100), (99867, 100), (99836, 100), (99801, 100)]"
2019-06-28 10:08:50.000000000,ASK_DEPTH,"[(100302, 100), (100313, 100), (100762, 200), (100799, 100), (100831, 100)]"
2019-06-28 10:08:50.000000000,IMBALANCE,"[500, 600]"
2019-06-28 10:09:00.000000000,BID_DEPTH,"[(99904, 100), (99893, 100), (99867, 100), (99836, 100), (99801, 100)]"
2019-06-28 10:09:00.000000000,ASK_DEPTH,"[(100302, 100), (100313, 100), (100706, 100), (100762, 200), (100831, 100)]"
2019-06-28 10:09:00.000000000,IMBALANCE,"[500, 600]"
2019-06-28 10:09:10.000000000,BID_DEPTH,"[(99904, 100), (99893, 100), (99867, 100), (99801, 100), (99745, 100)]"
2019-06-28 10:09:10.000000000,ASK_DEPTH,"[(100302, 100), (100313, 100), (100698, 100), (100706, 100), (100762, 200)]"
2019-06-28 10:09:10.000000000,IMBALANCE,"[500, 600]"
2019-06-28 10:09:20.000000000,BID_DEPTH,"[(99904, 100), (99893, 100), (99867, 100), (99801, 100), (99745, 100)]"
2019-06-28 10:09:20.000000000,ASK_DEPTH,"[(100302, 100), (100313, 100), (100698, 100), (100706, 100), (100762, 200)]"
2019-06-28 10:09:20.000000000,IMBALANCE,"[500, 600]"
2019-06-28 10:09:30.000000000,BID_DEPTH,"[(100170, 100), (99904, 100), (99893, 100), (99867, 100), (99801, 100)]"
2019-06-28 10:09:30.000000000,ASK_DEPTH,"[(100313, 100), (100698, 100), (100706, 100), (100762, 200), (100831, 100)]"
2019-06-28 10:09:30.000000000,IMBALANCE,"[500, 600]"
2019-06-28 10:09:40.000000000,BID_DEPTH,"[(100170, 100), (99904, 100), (99893, 100), (99867, 100), (99801, 100)]"
2019-06-28 10:09:40.000000000,ASK_DEPTH,"[(100313, 100), (100698, 100), (100706, 100), (100762, 200), (100831, 100)]"
2019-06-28 10:09:40.000000000,IMBALANCE,"[500, 600]"
2019-06-28 10:09:50.000000000,BID_DEPTH,"[(100170, 100), (99904, 100), (99893, 100), (99867, 100), (99801, 100)]"
2019-06-28 10:09:50.000000000,ASK_DEPTH,"[(100313, 100), (100698, 100), (100706, 100), (100762, 200), (100831, 100)]"
2019-06-28 10:09:50.000000000,IMBALANCE,"[500, 600]"
2019-06-28 10:10:00.000000000,BID_DEPTH,"[(100170, 100), (99904, 100), (99893, 100), (99867, 100), (99801, 100)]"
2019-06-28 10:10:00.000000000,ASK_DEPTH,"[(100313, 100), (100698, 100), (100706, 100), (100762, 200), (100831, 100)]"
2019-06-28 10:10:00.000000000,IMBALANCE,"[500, 600]"
2019-06-28 10:10:10.000000000,BID_DEPTH,"[(100170, 100), (99904, 100), (99893, 100), (99867, 100), (99801, 100)]"
2019-06-28 10:10:10.000000000,ASK_DEPTH,"[(100698, 100), (100706, 100), (100762, 200), (100789, 100), (100831, 100)]"
2019-06-28 10:10:10.000000000,IMBALANCE,"[500, 600]"
2019-06-28 10:10:20.000000000,BID_DEPTH,"[(100170, 100), (99904, 100), (99893, 100), (99867, 100), (99801, 100)]"
2019-06-28 10:10:20.000000000,ASK_DEPTH,"[(100698, 100), (100706, 100), (100762, 200), (100789, 100), (100831, 100)]"
2019-06-28 10:10:20.000000000,IMBALANCE,"[500, 600]"
2019-06-28 10:10:30.000000000,BID_DEPTH,"[(100309, 100), (100170, 100), (99904, 100), (99893, 100), (99867, 100)]"
2019-06-28 10:10:30.000000000,ASK_DEPTH,"[(100512, 100), (100698, 100), (100706, 100), (100762, 200), (100789, 100)]"
2019-06-28 10:10:30.000000000,IMBALANCE,"[500, 600]"
2019-06-28 10:10:40.000000000,BID_DEPTH,"[(100322, 100), (100309, 100), (100170, 100), (99904, 100), (99893, 100)]"
2019-06-28 10:10:40.000000000,ASK_DEPTH,"[(100512, 100), (100698, 100), (100706, 100), (100762, 200), (100789, 100)]"
2019-06-28 10:10:40.000000000,IMBALANCE,"[500, 600]"
2019-06-28 10:10:50.000000000,BID_DEPTH,"[(100322, 100), (100309, 100), (100170, 100), (99904, 100), (99893, 100)]"
2019-06-28 10:10:50.000000000,ASK_DEPTH,"[(100512, 100), (100698, 100), (100706, 100), (100762, 200), (100789, 100)]"
2019-06-28 10:10:50.000000000,IMBALANCE,"[500, 600]"
2019-06-28 10:11:00.000000000,BID_DEPTH,"[(100322, 100), (100309, 100), (100170, 100), (100154, 100), (99904, 100)]"
2019-06-28 10:11:00.000000000,ASK_DEPTH,"[(100512, 100), (100698, 100), (100706, 100), (100762, 200), (100789, 100)]"
2019-06-28 10:11:00.000000000,IMBALANCE,"[500, 600]"
2019-06-28 10:11:10.000000000,BID_DEPTH,"[(100388, 100), (100322, 100), (100309, 100), (100170, 100), (100154, 100)]"
2019-06-28 10:11:10.000000000,ASK_DEPTH,"[(100512, 100), (100698, 100), (100706, 100), (100762, 200), (100789, 100)]"
2019-06-28 10:11:10.000000000,IMBALANCE,"[500, 600]"
2019-06-28 10:11:16.265814615,HOLDINGS_UPDATED,"{'CASH': 19999900, 'JPM': -100}"
2019-06-28 10:11:20.000000000,BID_DEPTH,"[(100322, 100), (100309, 100), (100170, 100), (100154, 100), (99972, 100)]"
2019-06-28 10:11:20.000000000,ASK_DEPTH,"[(100698, 100), (100706, 100), (100762, 200), (100789, 100), (100831, 100)]"
2019-06-28 10:11:20.000000000,IMBALANCE,"[500, 600]"
2019-06-28 10:11:30.000000000,BID_DEPTH,"[(100322, 100), (100309, 100), (100170, 100), (100154, 100), (99972, 100)]"
2019-06-28 10:11:30.000000000,ASK_DEPTH,"[(100698, 100), (100706, 100), (100762, 200), (100789, 100), (100831, 100)]"
2019-06-28 10:11:30.000000000,IMBALANCE,"[500, 600]"
2019-06-28 10:11:40.000000000,BID_DEPTH,"[(100322, 100), (100309, 100), (100170, 100), (100154, 100), (99972, 100)]"
2019-06-28 10:11:40.000000000,ASK_DEPTH,"[(100698, 100), (100706, 100), (100762, 200), (100789, 100), (100831, 100)]"
2019-06-28 10:11:40.000000000,IMBALANCE,"[500, 600]"
2019-06-28 10:11:50.000000000,BID_DEPTH,"[(100309, 100), (100170, 100), (100154, 100), (100120, 100), (99972, 100)]"
2019-06-28 10:11:50.000000000,ASK_DEPTH,"[(100698, 100), (100706, 100), (100762, 200), (100789, 100), (100831, 100)]"
2019-06-28 10:11:50.000000000,IMBALANCE,"[500, 600]"
2019-06-28 10:12:00.000000000,BID_DEPTH,"[(100309, 100), (100170, 100), (100154, 100), (100120, 100), (99972, 100)]"
2019-06-28 10:12:00.000000000,ASK_DEPTH,"[(100698, 100), (100706, 100), (100762, 200), (100789, 100), (100831, 100)]"
2019-06-28 10:12:00.000000000,IMBALANCE,"[500, 600]"
2019-06-28 10:12:10.000000000,BID_DEPTH,"[(100309, 100), (100170, 100), (100154, 100), (100120, 100), (99972, 100)]"
2019-06-28 10:12:10.000000000,ASK_DEPTH,"[(100698, 100), (100706, 100), (100762, 200), (100789, 100), (100831, 100)]"
2019-06-28 10:12:10.000000000,IMBALANCE,"[500, 600]"
2019-06-28 10:12:20.000000000,BID_DEPTH,"[(100309, 100), (100283, 100), (100170, 100), (100154, 100), (100120, 100)]"
2019-06-28 10:12:20.000000000,ASK_DEPTH,"[(100310, 100), (100698, 100), (100706, 100), (100762, 200), (100789, 100)]"
2019-06-28 10:12:20.000000000,IMBALANCE,"[500, 600]"
2019-06-28 10:12:30.000000000,BID_DEPTH,"[(100309, 100), (100283, 100), (100235, 100), (100170, 100), (100164, 100)]"
2019-06-28 10:12:30.000000000,ASK_DEPTH,"[(100310, 100), (100698, 100), (100706, 100), (100762, 200), (100789, 100)]"
2019-06-28 10:12:30.000000000,IMBALANCE,"[500, 600]"
2019-06-28 10:12:40.000000000,BID_DEPTH,"[(100309, 100), (100283, 100), (100235, 100), (100170, 100), (100164, 100)]"
2019-06-28 10:12:40.000000000,ASK_DEPTH,"[(100310, 100), (100698, 100), (100706, 100), (100762, 200), (100789, 100)]"
2019-06-28 10:12:40.000000000,IMBALANCE,"[500, 600]"
2019-06-28 10:12:50.000000000,BID_DEPTH,"[(100309, 100), (100283, 100), (100235, 100), (100170, 100), (100164, 100)]"
2019-06-28 10:12:50.000000000,ASK_DEPTH,"[(100310, 100), (100698, 100), (100706, 100), (100762, 200), (100789, 100)]"
2019-06-28 10:12:50.000000000,IMBALANCE,"[500, 600]"
2019-06-28 10:13:00.000000000,BID_DEPTH,"[(100283, 100), (100235, 100), (100170, 100), (100164, 100), (100154, 100)]"
2019-06-28 10:13:00.000000000,ASK_DEPTH,"[(100310, 100), (100698, 100), (100706, 100), (100762, 200), (100789, 100)]"
2019-06-28 10:13:00.000000000,IMBALANCE,"[500, 600]"
2019-06-28 10:13:10.000000000,BID_DEPTH,"[(100283, 100), (100235, 100), (100170, 100), (100164, 100), (100154, 100)]"
2019-06-28 10:13:10.000000000,ASK_DEPTH,"[(100307, 100), (100310, 100), (100698, 100), (100706, 100), (100762, 200)]"
2019-06-28 10:13:10.000000000,IMBALANCE,"[500, 600]"
2019-06-28 10:13:20.000000000,BID_DEPTH,"[(100283, 100), (100235, 100), (100170, 100), (100164, 100), (100154, 100)]"
2019-06-28 10:13:20.000000000,ASK_DEPTH,"[(100307, 100), (100310, 100), (100698, 100), (100706, 100), (100762, 200)]"
2019-06-28 10:13:20.000000000,IMBALANCE,"[500, 600]"
2019-06-28 10:13:30.000000000,BID_DEPTH,"[(100283, 100), (100235, 100), (100170, 100), (100164, 100), (100154, 100)]"
2019-06-28 10:13:30.000000000,ASK_DEPTH,"[(100307, 100), (100310, 100), (100698, 100), (100706, 100), (100762, 200)]"
2019-06-28 10:13:30.000000000,IMBALANCE,"[500, 600]"
2019-06-28 10:13:40.000000000,BID_DEPTH,"[(100283, 100), (100235, 100), (100170, 100), (100164, 100), (100154, 100)]"
2019-06-28 10:13:40.000000000,ASK_DEPTH,"[(100307, 100), (100310, 100), (100698, 100), (100706, 100), (100762, 200)]"
2019-06-28 10:13:40.000000000,IMBALANCE,"[500, 600]"
2019-06-28 10:13:50.000000000,BID_DEPTH,"[(100235, 100), (100170, 100), (100164, 100), (100154, 100), (100120, 100)]"
2019-06-28 10:13:50.000000000,ASK_DEPTH,"[(100307, 100), (100310, 100), (100698, 100), (100706, 100), (100762, 200)]"
2019-06-28 10:13:50.000000000,IMBALANCE,"[500, 600]"
2019-06-28 10:14:00.000000000,BID_DEPTH,"[(100170, 100), (100164, 100), (100154, 100), (100120, 100), (99904, 100)]"
2019-06-28 10:14:00.000000000,ASK_DEPTH,"[(100307, 100), (100310, 100), (100698, 100), (100706, 100), (100762, 200)]"
2019-06-28 10:14:00.000000000,IMBALANCE,"[500, 600]"
2019-06-28 10:14:10.000000000,BID_DEPTH,"[(100170, 100), (100164, 100), (100154, 100), (100120, 100), (99904, 100)]"
2019-06-28 10:14:10.000000000,ASK_DEPTH,"[(100307, 100), (100310, 100), (100698, 100), (100706, 100), (100762, 200)]"
2019-06-28 10:14:10.000000000,IMBALANCE,"[500, 600]"
2019-06-28 10:14:20.000000000,BID_DEPTH,"[(100170, 100), (100164, 100), (100154, 100), (100120, 100), (99904, 100)]"
2019-06-28 10:14:20.000000000,ASK_DEPTH,"[(100307, 100), (100310, 100), (100698, 100), (100706, 100), (100762, 200)]"
2019-06-28 10:14:20.000000000,IMBALANCE,"[500, 600]"
2019-06-28 10:14:30.000000000,BID_DEPTH,"[(100170, 100), (100164, 100), (100154, 100), (100120, 100), (99904, 100)]"
2019-06-28 10:14:30.000000000,ASK_DEPTH,"[(100283, 100), (100307, 100), (100310, 100), (100698, 100), (100706, 100)]"
2019-06-28 10:14:30.000000000,IMBALANCE,"[500, 500]"
2019-06-28 10:14:40.000000000,BID_DEPTH,"[(100170, 100), (100164, 100), (100154, 100), (100120, 100), (99904, 100)]"
2019-06-28 10:14:40.000000000,ASK_DEPTH,"[(100283, 200), (100307, 100), (100310, 100), (100698, 100), (100706, 100)]"
2019-06-28 10:14:40.000000000,IMBALANCE,"[500, 600]"
2019-06-28 10:14:50.000000000,BID_DEPTH,"[(100170, 100), (100164, 100), (100154, 100), (100120, 100), (100011, 100)]"
2019-06-28 10:14:50.000000000,ASK_DEPTH,"[(100283, 200), (100307, 100), (100310, 100), (100698, 100), (100706, 100)]"
2019-06-28 10:14:50.000000000,IMBALANCE,"[500, 600]"
2019-06-28 10:15:00.000000000,BID_DEPTH,"[(100164, 100), (100154, 100), (100120, 100), (100011, 100), (99904, 100)]"
2019-06-28 10:15:00.000000000,ASK_DEPTH,"[(100283, 200), (100307, 100), (100310, 100), (100698, 100), (100706, 100)]"
2019-06-28 10:15:00.000000000,IMBALANCE,"[500, 600]"
2019-06-28 10:15:10.000000000,BID_DEPTH,"[(100164, 100), (100154, 100), (100120, 100), (100011, 100), (99904, 100)]"
2019-06-28 10:15:10.000000000,ASK_DEPTH,"[(100283, 200), (100307, 100), (100310, 100), (100698, 100), (100706, 100)]"
2019-06-28 10:15:10.000000000,IMBALANCE,"[500, 600]"
2019-06-28 10:15:20.000000000,BID_DEPTH,"[(100164, 100), (100120, 100), (100011, 100), (99932, 100), (99904, 100)]"
2019-06-28 10:15:20.000000000,ASK_DEPTH,"[(100283, 200), (100307, 100), (100310, 100), (100698, 100), (100706, 100)]"
2019-06-28 10:15:20.000000000,IMBALANCE,"[500, 600]"
2019-06-28 10:15:30.000000000,BID_DEPTH,"[(100164, 100), (100120, 100), (100058, 100), (100011, 100), (99932, 100)]"
2019-06-28 10:15:30.000000000,ASK_DEPTH,"[(100283, 200), (100307, 100), (100310, 100), (100698, 100), (100706, 100)]"
2019-06-28 10:15:30.000000000,IMBALANCE,"[500, 600]"
2019-06-28 10:15:40.000000000,BID_DEPTH,"[(100164, 100), (100120, 100), (100058, 100), (100011, 100), (99932, 100)]"
2019-06-28 10:15:40.000000000,ASK_DEPTH,"[(100283, 200), (100307, 100), (100310, 100), (100698, 100), (100706, 100)]"
2019-06-28 10:15:40.000000000,IMBALANCE,"[500, 600]"
2019-06-28 10:15:50.000000000,BID_DEPTH,"[(100164, 100), (100120, 100), (100058, 100), (100011, 100), (99932, 100)]"
2019-06-28 10:15:50.000000000,ASK_DEPTH,"[(100283, 200), (100307, 100), (100310, 100), (100698, 100), (100706, 100)]"
2019-06-28 10:15:50.000000000,IMBALANCE,"[500, 600]"
2019-06-28 10:16:00.000000000,BID_DEPTH,"[(100120, 100), (100058, 100), (100011, 100), (99932, 100), (99904, 100)]"
2019-06-28 10:16:00.000000000,ASK_DEPTH,"[(100283, 200), (100307, 100), (100310, 100), (100706, 100), (100762, 100)]"
2019-06-28 10:16:00.000000000,IMBALANCE,"[500, 600]"
2019-06-28 10:16:10.000000000,BID_DEPTH,"[(100120, 100), (100058, 100), (100011, 100), (99932, 100), (99904, 100)]"
2019-06-28 10:16:10.000000000,ASK_DEPTH,"[(100283, 200), (100307, 100), (100310, 100), (100706, 100), (100762, 100)]"
2019-06-28 10:16:10.000000000,IMBALANCE,"[500, 600]"
2019-06-28 10:16:20.000000000,BID_DEPTH,"[(100120, 100), (100058, 100), (100011, 100), (99932, 100), (99904, 100)]"
2019-06-28 10:16:20.000000000,ASK_DEPTH,"[(100170, 100), (100283, 200), (100307, 100), (100310, 100), (100706, 100)]"
2019-06-28 10:16:20.000000000,IMBALANCE,"[500, 600]"
2019-06-28 10:16:30.000000000,BID_DEPTH,"[(100120, 100), (100058, 100), (100011, 100), (99932, 100), (99904, 100)]"
2019-06-28 10:16:30.000000000,ASK_DEPTH,"[(100170, 100), (100283, 200), (100310, 100), (100706, 100), (100762, 100)]"
2019-06-28 10:16:30.000000000,IMBALANCE,"[500, 600]"
2019-06-28 10:16:40.000000000,BID_DEPTH,"[(100120, 100), (100058, 100), (100011, 100), (99932, 100), (99904, 100)]"
2019-06-28 10:16:40.000000000,ASK_DEPTH,"[(100170, 100), (100283, 200), (100310, 100), (100706, 100), (100762, 100)]"
2019-06-28 10:16:40.000000000,IMBALANCE,"[500, 600]"
2019-06-28 10:16:50.000000000,BID_DEPTH,"[(100120, 100), (100058, 100), (100011, 100), (99932, 100), (99904, 100)]"
2019-06-28 10:16:50.000000000,ASK_DEPTH,"[(100170, 100), (100283, 200), (100310, 100), (100706, 100), (100762, 100)]"
2019-06-28 10:16:50.000000000,IMBALANCE,"[500, 600]"
2019-06-28 10:17:00.000000000,BID_DEPTH,"[(100120, 100), (100058, 100), (100011, 100), (99932, 100), (99904, 100)]"
2019-06-28 10:17:00.000000000,ASK_DEPTH,"[(100170, 100), (100283, 200), (100310, 100), (100706, 100), (100762, 100)]"
2019-06-28 10:17:00.000000000,IMBALANCE,"[500, 600]"
2019-06-28 10:17:10.000000000,BID_DEPTH,"[(100120, 100), (100058, 100), (100011, 100), (99932, 100), (99904, 100)]"
2019-06-28 10:17:10.000000000,ASK_DEPTH,"[(100170, 100), (100283, 200), (100310, 100), (100706, 100), (100762, 100)]"
2019-06-28 10:17:10.000000000,IMBALANCE,"[500, 600]"
2019-06-28 10:17:20.000000000,BID_DEPTH,"[(100120, 100), (100058, 100), (99932, 100), (99904, 100), (99893, 100)]"
2019-06-28 10:17:20.000000000,ASK_DEPTH,"[(100170, 300), (100283, 100), (100310, 100), (100706, 100), (100762, 100)]"
2019-06-28 10:17:20.000000000,IMBALANCE,"[500, 700]"
2019-06-28 10:17:30.000000000,BID_DEPTH,"[(100120, 100), (100058, 100), (99932, 100), (99904, 100), (99893, 100)]"
2019-06-28 10:17:30.000000000,ASK_DEPTH,"[(100170, 500), (100283, 100), (100310, 100), (100706, 100), (100762, 100)]"
2019-06-28 10:17:30.000000000,IMBALANCE,"[500, 900]"
2019-06-28 10:17:40.000000000,BID_DEPTH,"[(100120, 100), (100058, 100), (99932, 100), (99904, 100), (99893, 100)]"
2019-06-28 10:17:40.000000000,ASK_DEPTH,"[(100170, 500), (100283, 100), (100310, 100), (100706, 100), (100762, 100)]"
2019-06-28 10:17:40.000000000,IMBALANCE,"[500, 900]"
2019-06-28 10:17:50.000000000,BID_DEPTH,"[(100120, 100), (100058, 100), (99932, 100), (99904, 100), (99893, 100)]"
2019-06-28 10:17:50.000000000,ASK_DEPTH,"[(100170, 500), (100283, 100), (100310, 100), (100706, 100), (100762, 100)]"
2019-06-28 10:17:50.000000000,IMBALANCE,"[500, 900]"
2019-06-28 10:18:00.000000000,BID_DEPTH,"[(100120, 100), (100058, 100), (99932, 100), (99904, 100), (99893, 100)]"
2019-06-28 10:18:00.000000000,ASK_DEPTH,"[(100170, 500), (100283, 100), (100310, 100), (100706, 100), (100762, 100)]"
2019-06-28 10:18:00.000000000,IMBALANCE,"[500, 900]"
2019-06-28 10:18:10.000000000,BID_DEPTH,"[(100120, 100), (100058, 100), (99932, 100), (99904, 100), (99893, 100)]"
2019-06-28 10:18:10.000000000,ASK_DEPTH,"[(100170, 500), (100283, 100), (100310, 100), (100706, 100), (100762, 100)]"
2019-06-28 10:18:10.000000000,IMBALANCE,"[500, 900]"
2019-06-28 10:18:20.000000000,BID_DEPTH,"[(100120, 100), (100058, 100), (99932, 100), (99904, 100), (99893, 100)]"
2019-06-28 10:18:20.000000000,ASK_DEPTH,"[(100170, 500), (100283, 100), (100310, 100), (100706, 100), (100762, 100)]"
2019-06-28 10:18:20.000000000,IMBALANCE,"[500, 900]"
2019-06-28 10:18:30.000000000,BID_DEPTH,"[(100120, 100), (100058, 100), (99932, 100), (99904, 100), (99893, 100)]"
2019-06-28 10:18:30.000000000,ASK_DEPTH,"[(100170, 500), (100283, 100), (100310, 100), (100706, 100), (100762, 100)]"
2019-06-28 10:18:30.000000000,IMBALANCE,"[500, 900]"
2019-06-28 10:18:40.000000000,BID_DEPTH,"[(100120, 100), (100058, 100), (99932, 100), (99904, 100), (99893, 100)]"
2019-06-28 10:18:40.000000000,ASK_DEPTH,"[(100170, 500), (100283, 100), (100310, 100), (100706, 100), (100762, 100)]"
2019-06-28 10:18:40.000000000,IMBALANCE,"[500, 900]"
2019-06-28 10:18:50.000000000,BID_DEPTH,"[(100058, 100), (99932, 100), (99904, 100), (99893, 100), (99867, 100)]"
2019-06-28 10:18:50.000000000,ASK_DEPTH,"[(100170, 500), (100283, 100), (100310, 100), (100706, 100), (100762, 100)]"
2019-06-28 10:18:50.000000000,IMBALANCE,"[500, 900]"
2019-06-28 10:19:00.000000000,BID_DEPTH,"[(100058, 100), (99932, 100), (99904, 100), (99893, 100), (99867, 100)]"
2019-06-28 10:19:00.000000000,ASK_DEPTH,"[(100170, 500), (100283, 100), (100310, 100), (100706, 100), (100762, 100)]"
2019-06-28 10:19:00.000000000,IMBALANCE,"[500, 900]"
2019-06-28 10:19:10.000000000,BID_DEPTH,"[(99932, 100), (99904, 100), (99893, 100), (99867, 100), (99846, 100)]"
2019-06-28 10:19:10.000000000,ASK_DEPTH,"[(100170, 500), (100283, 100), (100310, 100), (100706, 100), (100762, 100)]"
2019-06-28 10:19:10.000000000,IMBALANCE,"[500, 900]"
2019-06-28 10:19:20.000000000,BID_DEPTH,"[(99904, 100), (99893, 100), (99867, 100), (99846, 100), (99801, 100)]"
2019-06-28 10:19:20.000000000,ASK_DEPTH,"[(100170, 500), (100283, 100), (100310, 100), (100706, 100), (100762, 100)]"
2019-06-28 10:19:20.000000000,IMBALANCE,"[500, 900]"
2019-06-28 10:19:30.000000000,BID_DEPTH,"[(99904, 100), (99893, 100), (99867, 100), (99846, 100), (99801, 100)]"
2019-06-28 10:19:30.000000000,ASK_DEPTH,"[(100170, 500), (100283, 100), (100310, 100), (100706, 100), (100762, 100)]"
2019-06-28 10:19:30.000000000,IMBALANCE,"[500, 900]"
2019-06-28 10:19:40.000000000,BID_DEPTH,"[(99904, 100), (99893, 100), (99867, 100), (99846, 100), (99801, 100)]"
2019-06-28 10:19:40.000000000,ASK_DEPTH,"[(100170, 500), (100283, 100), (100310, 100), (100706, 100), (100762, 100)]"
2019-06-28 10:19:40.000000000,IMBALANCE,"[500, 900]"
2019-06-28 10:19:50.000000000,BID_DEPTH,"[(99904, 100), (99893, 100), (99867, 100), (99846, 100), (99801, 100)]"
2019-06-28 10:19:50.000000000,ASK_DEPTH,"[(100170, 500), (100283, 100), (100310, 100), (100706, 100), (100762, 100)]"
2019-06-28 10:19:50.000000000,IMBALANCE,"[500, 900]"
2019-06-28 10:20:00.000000000,BID_DEPTH,"[(99904, 100), (99893, 100), (99867, 100), (99846, 100), (99801, 100)]"
2019-06-28 10:20:00.000000000,ASK_DEPTH,"[(100170, 500), (100283, 100), (100310, 100), (100762, 100), (100789, 100)]"
2019-06-28 10:20:00.000000000,IMBALANCE,"[500, 900]"
2019-06-28 10:20:10.000000000,BID_DEPTH,"[(99904, 100), (99893, 100), (99867, 100), (99846, 100), (99756, 100)]"
2019-06-28 10:20:10.000000000,ASK_DEPTH,"[(100170, 500), (100283, 100), (100310, 100), (100762, 100), (100789, 100)]"
2019-06-28 10:20:10.000000000,IMBALANCE,"[500, 900]"
2019-06-28 10:20:20.000000000,BID_DEPTH,"[(99904, 100), (99893, 100), (99867, 100), (99846, 100), (99756, 100)]"
2019-06-28 10:20:20.000000000,ASK_DEPTH,"[(100170, 500), (100283, 100), (100310, 100), (100762, 100), (100789, 100)]"
2019-06-28 10:20:20.000000000,IMBALANCE,"[500, 900]"
2019-06-28 10:20:30.000000000,BID_DEPTH,"[(99904, 100), (99893, 100), (99867, 100), (99846, 100), (99756, 100)]"
2019-06-28 10:20:30.000000000,ASK_DEPTH,"[(100170, 500), (100283, 100), (100310, 100), (100762, 100), (100789, 100)]"
2019-06-28 10:20:30.000000000,IMBALANCE,"[500, 900]"
2019-06-28 10:20:40.000000000,BID_DEPTH,"[(99960, 100), (99904, 100), (99893, 100), (99867, 100), (99756, 100)]"
2019-06-28 10:20:40.000000000,ASK_DEPTH,"[(100170, 500), (100283, 100), (100310, 100), (100762, 100), (100789, 100)]"
2019-06-28 10:20:40.000000000,IMBALANCE,"[500, 900]"
2019-06-28 10:20:50.000000000,BID_DEPTH,"[(99960, 100), (99933, 100), (99904, 100), (99893, 100), (99867, 100)]"
2019-06-28 10:20:50.000000000,ASK_DEPTH,"[(100170, 500), (100283, 100), (100310, 100), (100762, 100), (100789, 100)]"
2019-06-28 10:20:50.000000000,IMBALANCE,"[500, 900]"
2019-06-28 10:21:00.000000000,BID_DEPTH,"[(99960, 100), (99933, 100), (99904, 100), (99893, 100), (99867, 100)]"
2019-06-28 10:21:00.000000000,ASK_DEPTH,"[(100170, 500), (100283, 100), (100310, 100), (100762, 100), (100789, 100)]"
2019-06-28 10:21:00.000000000,IMBALANCE,"[500, 900]"
2019-06-28 10:21:10.000000000,BID_DEPTH,"[(99960, 100), (99933, 100), (99904, 100), (99893, 100), (99867, 100)]"
2019-06-28 10:21:10.000000000,ASK_DEPTH,"[(100170, 373), (100283, 100), (100310, 100), (100762, 100), (100789, 100)]"
2019-06-28 10:21:10.000000000,IMBALANCE,"[500, 773]"
2019-06-28 10:21:20.000000000,BID_DEPTH,"[(99960, 100), (99933, 100), (99904, 100), (99893, 100), (99867, 100)]"
2019-06-28 10:21:20.000000000,ASK_DEPTH,"[(100170, 473), (100283, 100), (100310, 100), (100325, 100), (100762, 100)]"
2019-06-28 10:21:20.000000000,IMBALANCE,"[500, 873]"
2019-06-28 10:21:30.000000000,BID_DEPTH,"[(99996, 100), (99960, 100), (99933, 100), (99904, 100), (99893, 100)]"
2019-06-28 10:21:30.000000000,ASK_DEPTH,"[(100170, 473), (100283, 100), (100310, 100), (100325, 100), (100762, 100)]"
2019-06-28 10:21:30.000000000,IMBALANCE,"[500, 873]"
2019-06-28 10:21:40.000000000,BID_DEPTH,"[(99996, 100), (99960, 100), (99933, 100), (99904, 100), (99893, 100)]"
2019-06-28 10:21:40.000000000,ASK_DEPTH,"[(100170, 473), (100283, 100), (100310, 100), (100325, 100), (100762, 100)]"
2019-06-28 10:21:40.000000000,IMBALANCE,"[500, 873]"
2019-06-28 10:21:50.000000000,BID_DEPTH,"[(99996, 100), (99960, 100), (99933, 100), (99904, 100), (99893, 100)]"
2019-06-28 10:21:50.000000000,ASK_DEPTH,"[(100170, 473), (100283, 100), (100310, 100), (100325, 100), (100762, 100)]"
2019-06-28 10:21:50.000000000,IMBALANCE,"[500, 873]"
2019-06-28 10:22:00.000000000,BID_DEPTH,"[(99996, 100), (99960, 100), (99938, 100), (99933, 100), (99904, 100)]"
2019-06-28 10:22:00.000000000,ASK_DEPTH,"[(100170, 473), (100283, 100), (100310, 100), (100325, 100), (100762, 100)]"
2019-06-28 10:22:00.000000000,IMBALANCE,"[500, 873]"
2019-06-28 10:22:00.000000000,HOLDINGS_UPDATED,"{'CASH': 19299928, 'JPM': -93}"
2019-06-28 10:22:00.000000000,HOLDINGS_UPDATED,"{'CASH': 18399964, 'JPM': -84}"
2019-06-28 10:22:00.000000000,HOLDINGS_UPDATED,"{'CASH': 17599996, 'JPM': -76}"
2019-06-28 10:22:00.000000000,HOLDINGS_UPDATED,"{'CASH': 17300008, 'JPM': -73}"
2019-06-28 10:22:10.000000000,BID_DEPTH,"[(99960, 100), (99938, 100), (99933, 100), (99904, 100), (99893, 100)]"
2019-06-28 10:22:10.000000000,ASK_DEPTH,"[(100170, 473), (100283, 100), (100310, 100), (100325, 100), (100762, 100)]"
2019-06-28 10:22:10.000000000,IMBALANCE,"[500, 873]"
2019-06-28 10:22:20.000000000,BID_DEPTH,"[(99938, 100), (99933, 100), (99904, 100), (99893, 100), (99756, 100)]"
2019-06-28 10:22:20.000000000,ASK_DEPTH,"[(100170, 473), (100283, 100), (100310, 100), (100325, 100), (100762, 100)]"
2019-06-28 10:22:20.000000000,IMBALANCE,"[500, 873]"
2019-06-28 10:22:30.000000000,BID_DEPTH,"[(99938, 100), (99933, 100), (99904, 100), (99893, 100), (99756, 100)]"
2019-06-28 10:22:30.000000000,ASK_DEPTH,"[(99996, 100), (100170, 473), (100283, 100), (100310, 100), (100325, 100)]"
2019-06-28 10:22:30.000000000,IMBALANCE,"[500, 873]"
2019-06-28 10:22:40.000000000,BID_DEPTH,"[(99933, 100), (99904, 100), (99893, 100), (99756, 100), (99729, 100)]"
2019-06-28 10:22:40.000000000,ASK_DEPTH,"[(99996, 100), (100170, 473), (100310, 100), (100325, 100), (100762, 100)]"
2019-06-28 10:22:40.000000000,IMBALANCE,"[500, 873]"
2019-06-28 10:22:50.000000000,BID_DEPTH,"[(99904, 100), (99893, 100), (99756, 100), (99729, 100), (99705, 100)]"
2019-06-28 10:22:50.000000000,ASK_DEPTH,"[(99996, 100), (100170, 473), (100310, 100), (100325, 100), (100762, 100)]"
2019-06-28 10:22:50.000000000,IMBALANCE,"[500, 873]"
2019-06-28 10:23:00.000000000,BID_DEPTH,"[(99904, 100), (99893, 100), (99756, 100), (99729, 100), (99705, 100)]"
2019-06-28 10:23:00.000000000,ASK_DEPTH,"[(99996, 100), (100170, 473), (100310, 100), (100325, 100), (100762, 100)]"
2019-06-28 10:23:00.000000000,IMBALANCE,"[500, 873]"
2019-06-28 10:23:00.000000000,HOLDINGS_UPDATED,"{'CASH': 16600680, 'JPM': -66}"
2019-06-28 10:23:00.000000000,HOLDINGS_UPDATED,"{'CASH': 15701544, 'JPM': -57}"
2019-06-28 10:23:00.000000000,HOLDINGS_UPDATED,"{'CASH': 14902312, 'JPM': -49}"
2019-06-28 10:23:00.000000000,HOLDINGS_UPDATED,"{'CASH': 14602600, 'JPM': -46}"
2019-06-28 10:23:10.000000000,BID_DEPTH,"[(99893, 100), (99756, 100), (99729, 100), (99705, 100), (99624, 100)]"
2019-06-28 10:23:10.000000000,ASK_DEPTH,"[(99996, 100), (100170, 473), (100310, 100), (100325, 100), (100762, 100)]"
2019-06-28 10:23:10.000000000,IMBALANCE,"[500, 873]"
2019-06-28 10:23:20.000000000,BID_DEPTH,"[(99893, 100), (99756, 100), (99729, 100), (99705, 100), (99624, 100)]"
2019-06-28 10:23:20.000000000,ASK_DEPTH,"[(99996, 100), (100170, 473), (100310, 100), (100325, 100), (100762, 100)]"
2019-06-28 10:23:20.000000000,IMBALANCE,"[500, 873]"
2019-06-28 10:23:30.000000000,BID_DEPTH,"[(99756, 100), (99729, 100), (99705, 100), (99624, 100), (99615, 100)]"
2019-06-28 10:23:30.000000000,ASK_DEPTH,"[(99996, 100), (100170, 473), (100310, 100), (100325, 100), (100762, 100)]"
2019-06-28 10:23:30.000000000,IMBALANCE,"[500, 873]"
2019-06-28 10:23:40.000000000,BID_DEPTH,"[(99756, 100), (99729, 100), (99705, 100), (99624, 100), (99615, 100)]"
2019-06-28 10:23:40.000000000,ASK_DEPTH,"[(99904, 100), (99996, 100), (100170, 473), (100310, 100), (100325, 100)]"
2019-06-28 10:23:40.000000000,IMBALANCE,"[500, 873]"
2019-06-28 10:23:50.000000000,BID_DEPTH,"[(99756, 100), (99729, 100), (99705, 100), (99624, 100), (99615, 100)]"
2019-06-28 10:23:50.000000000,ASK_DEPTH,"[(99904, 100), (99996, 100), (100170, 473), (100310, 100), (100325, 100)]"
2019-06-28 10:23:50.000000000,IMBALANCE,"[500, 873]"
2019-06-28 10:24:00.000000000,BID_DEPTH,"[(99729, 100), (99705, 100), (99624, 100), (99615, 100), (99608, 100)]"
2019-06-28 10:24:00.000000000,ASK_DEPTH,"[(99904, 100), (99996, 100), (100170, 473), (100310, 100), (100325, 100)]"
2019-06-28 10:24:00.000000000,IMBALANCE,"[500, 873]"
2019-06-28 10:24:00.000000000,HOLDINGS_UPDATED,"{'CASH': 13904497, 'JPM': -39}"
2019-06-28 10:24:00.000000000,HOLDINGS_UPDATED,"{'CASH': 13006936, 'JPM': -30}"
2019-06-28 10:24:00.000000000,HOLDINGS_UPDATED,"{'CASH': 12209104, 'JPM': -22}"
2019-06-28 10:24:00.000000000,HOLDINGS_UPDATED,"{'CASH': 11909917, 'JPM': -19}"
2019-06-28 10:24:10.000000000,BID_DEPTH,"[(99729, 3), (99705, 100), (99624, 100), (99615, 100), (99608, 100)]"
2019-06-28 10:24:10.000000000,ASK_DEPTH,"[(99904, 100), (99996, 100), (100170, 473), (100310, 100), (100325, 100)]"
2019-06-28 10:24:10.000000000,IMBALANCE,"[403, 873]"
2019-06-28 10:24:20.000000000,BID_DEPTH,"[(99729, 3), (99705, 100), (99624, 100), (99615, 100), (99608, 100)]"
2019-06-28 10:24:20.000000000,ASK_DEPTH,"[(99904, 100), (99996, 100), (100170, 473), (100310, 100), (100325, 100)]"
2019-06-28 10:24:20.000000000,IMBALANCE,"[403, 873]"
2019-06-28 10:24:20.989651910,HOLDINGS_UPDATED,"{'CASH': 3532681, 'JPM': 65}"
2019-06-28 10:24:30.000000000,BID_DEPTH,"[(99705, 100), (99624, 100), (99615, 100), (99608, 100), (99602, 100)]"
2019-06-28 10:24:30.000000000,ASK_DEPTH,"[(99729, 13), (99904, 100), (99996, 100), (100170, 473), (100310, 100)]"
2019-06-28 10:24:30.000000000,IMBALANCE,"[500, 786]"
2019-06-28 10:24:40.000000000,BID_DEPTH,"[(99705, 100), (99624, 100), (99615, 100), (99608, 100), (99602, 100)]"
2019-06-28 10:24:40.000000000,ASK_DEPTH,"[(99729, 13), (99904, 100), (99996, 100), (100170, 473), (100310, 100)]"
2019-06-28 10:24:40.000000000,IMBALANCE,"[500, 786]"
2019-06-28 10:24:50.000000000,BID_DEPTH,"[(99705, 100), (99624, 100), (99615, 100), (99608, 100), (99602, 100)]"
2019-06-28 10:24:50.000000000,ASK_DEPTH,"[(99729, 13), (99904, 100), (99996, 100), (100170, 473), (100310, 100)]"
2019-06-28 10:24:50.000000000,IMBALANCE,"[500, 786]"
2019-06-28 10:25:00.000000000,BID_DEPTH,"[(99705, 100), (99624, 100), (99615, 100), (99608, 100), (99602, 100)]"
2019-06-28 10:25:00.000000000,ASK_DEPTH,"[(99729, 13), (99904, 100), (99996, 100), (100170, 473), (100310, 100)]"
2019-06-28 10:25:00.000000000,IMBALANCE,"[500, 786]"
2019-06-28 10:25:00.000000000,HOLDINGS_UPDATED,"{'CASH': 2834746, 'JPM': 72}"
2019-06-28 10:25:00.000000000,HOLDINGS_UPDATED,"{'CASH': 1937401, 'JPM': 81}"
2019-06-28 10:25:00.000000000,HOLDINGS_UPDATED,"{'CASH': 1139761, 'JPM': 89}"
2019-06-28 10:25:00.000000000,HOLDINGS_UPDATED,"{'CASH': 840646, 'JPM': 92}"
2019-06-28 10:25:10.000000000,BID_DEPTH,"[(99705, 3), (99624, 100), (99615, 100), (99608, 100), (99602, 100)]"
2019-06-28 10:25:10.000000000,ASK_DEPTH,"[(99729, 13), (99904, 100), (99996, 100), (100170, 473), (100310, 100)]"
2019-06-28 10:25:10.000000000,IMBALANCE,"[403, 786]"
2019-06-28 10:25:18.641816509,HOLDINGS_UPDATED,"{'CASH': -8830739, 'JPM': 189}"
2019-06-28 10:25:20.000000000,BID_DEPTH,"[(99624, 100), (99615, 100), (99608, 100), (99602, 100), (99534, 100)]"
2019-06-28 10:25:20.000000000,ASK_DEPTH,"[(99729, 13), (99904, 100), (99996, 100), (100170, 473), (100310, 100)]"
2019-06-28 10:25:20.000000000,IMBALANCE,"[500, 786]"
2019-06-28 10:25:30.000000000,BID_DEPTH,"[(99624, 100), (99615, 100), (99608, 100), (99602, 100), (99534, 100)]"
2019-06-28 10:25:30.000000000,ASK_DEPTH,"[(99729, 13), (99904, 100), (99996, 100), (100170, 473), (100310, 100)]"
2019-06-28 10:25:30.000000000,IMBALANCE,"[500, 786]"
2019-06-28 10:25:40.000000000,BID_DEPTH,"[(99624, 100), (99615, 100), (99608, 100), (99602, 100), (99534, 100)]"
2019-06-28 10:25:40.000000000,ASK_DEPTH,"[(99705, 100), (99729, 13), (99904, 100), (99996, 100), (100170, 473)]"
2019-06-28 10:25:40.000000000,IMBALANCE,"[500, 786]"
2019-06-28 10:25:50.000000000,BID_DEPTH,"[(99615, 100), (99608, 100), (99602, 100), (99534, 100), (99459, 100)]"
2019-06-28 10:25:50.000000000,ASK_DEPTH,"[(99705, 100), (99729, 13), (99904, 100), (99996, 100), (100170, 473)]"
2019-06-28 10:25:50.000000000,IMBALANCE,"[500, 786]"
2019-06-28 10:26:00.000000000,BID_DEPTH,"[(99608, 100), (99602, 100), (99534, 100), (99459, 100), (99082, 100)]"
2019-06-28 10:26:00.000000000,ASK_DEPTH,"[(99705, 100), (99729, 13), (99904, 100), (99996, 100), (100170, 473)]"
2019-06-28 10:26:00.000000000,IMBALANCE,"[500, 786]"
2019-06-28 10:26:00.000000000,HOLDINGS_UPDATED,"{'CASH': -9527995, 'JPM': 196}"
2019-06-28 10:26:00.000000000,HOLDINGS_UPDATED,"{'CASH': -10424467, 'JPM': 205}"
2019-06-28 10:26:00.000000000,HOLDINGS_UPDATED,"{'CASH': -11221331, 'JPM': 213}"
2019-06-28 10:26:00.000000000,HOLDINGS_UPDATED,"{'CASH': -11520155, 'JPM': 216}"
2019-06-28 10:26:10.000000000,BID_DEPTH,"[(99608, 3), (99602, 100), (99534, 100), (99459, 100), (99082, 100)]"
2019-06-28 10:26:10.000000000,ASK_DEPTH,"[(99705, 100), (99729, 13), (99904, 100), (99996, 100), (100170, 473)]"
2019-06-28 10:26:10.000000000,IMBALANCE,"[403, 786]"
2019-06-28 10:26:20.000000000,BID_DEPTH,"[(99608, 3), (99602, 100), (99534, 100), (99459, 100), (99082, 100)]"
2019-06-28 10:26:20.000000000,ASK_DEPTH,"[(99705, 100), (99729, 13), (99904, 100), (99996, 100), (100170, 473)]"
2019-06-28 10:26:20.000000000,IMBALANCE,"[403, 786]"
2019-06-28 10:26:30.000000000,BID_DEPTH,"[(99608, 3), (99602, 100), (99534, 100), (99459, 100), (99082, 100)]"
2019-06-28 10:26:30.000000000,ASK_DEPTH,"[(99705, 100), (99729, 13), (99904, 100), (99996, 100), (100170, 473)]"
2019-06-28 10:26:30.000000000,IMBALANCE,"[403, 786]"
2019-06-28 10:26:40.000000000,BID_DEPTH,"[(99608, 3), (99602, 100), (99534, 100), (99459, 100), (99082, 100)]"
2019-06-28 10:26:40.000000000,ASK_DEPTH,"[(99705, 100), (99729, 13), (99904, 100), (99996, 100), (100170, 473)]"
2019-06-28 10:26:40.000000000,IMBALANCE,"[403, 786]"
2019-06-28 10:26:40.446221213,HOLDINGS_UPDATED,"{'CASH': -21182131, 'JPM': 313}"
2019-06-28 10:26:50.000000000,BID_DEPTH,"[(99602, 100), (99534, 100), (99459, 100), (99082, 100)]"
2019-06-28 10:26:50.000000000,ASK_DEPTH,"[(99705, 100), (99729, 13), (99904, 100), (99996, 100), (100170, 373)]"
2019-06-28 10:26:50.000000000,IMBALANCE,"[400, 686]"
2019-06-28 10:27:00.000000000,BID_DEPTH,"[(99602, 100), (99534, 100), (99459, 100), (99082, 100)]"
2019-06-28 10:27:00.000000000,ASK_DEPTH,"[(99705, 100), (99729, 13), (99904, 100), (99996, 100), (100170, 373)]"
2019-06-28 10:27:00.000000000,IMBALANCE,"[400, 686]"
2019-06-28 10:27:00.000000000,HOLDINGS_UPDATED,"{'CASH': -21879345, 'JPM': 320}"
2019-06-28 10:27:00.000000000,HOLDINGS_UPDATED,"{'CASH': -22775763, 'JPM': 329}"
2019-06-28 10:27:00.000000000,HOLDINGS_UPDATED,"{'CASH': -23572579, 'JPM': 337}"
2019-06-28 10:27:00.000000000,HOLDINGS_UPDATED,"{'CASH': -23871385, 'JPM': 340}"
2019-06-28 10:27:08.748923864,HOLDINGS_UPDATED,"{'CASH': -33831585, 'JPM': 440}"
2019-06-28 10:27:08.989322511,HOLDINGS_UPDATED,"{'CASH': -35325615, 'JPM': 455}"
2019-06-28 10:27:10.000000000,BID_DEPTH,"[(99534, 100), (99459, 100), (99082, 100)]"
2019-06-28 10:27:10.000000000,ASK_DEPTH,"[(99602, 82), (99705, 100), (99729, 13), (99904, 100), (99996, 100)]"
2019-06-28 10:27:10.000000000,IMBALANCE,"[300, 395]"
2019-06-28 10:27:20.000000000,BID_DEPTH,"[(99534, 100), (99459, 100), (99082, 100)]"
2019-06-28 10:27:20.000000000,ASK_DEPTH,"[(99602, 82), (99705, 100), (99729, 13), (99904, 100), (99996, 100)]"
2019-06-28 10:27:20.000000000,IMBALANCE,"[300, 395]"
2019-06-28 10:27:30.000000000,BID_DEPTH,"[(99459, 100), (99082, 100)]"
2019-06-28 10:27:30.000000000,ASK_DEPTH,"[(99602, 82), (99705, 100), (99729, 13), (99904, 100), (99996, 100)]"
2019-06-28 10:27:30.000000000,IMBALANCE,"[200, 395]"
2019-06-28 10:27:40.000000000,BID_DEPTH,"[(99459, 100), (99082, 100), (98788, 100)]"
2019-06-28 10:27:40.000000000,ASK_DEPTH,"[(99602, 82), (99705, 100), (99729, 13), (99904, 100), (99996, 100)]"
2019-06-28 10:27:40.000000000,IMBALANCE,"[300, 395]"
2019-06-28 10:27:50.000000000,BID_DEPTH,"[(99459, 100), (99082, 100), (98788, 100)]"
2019-06-28 10:27:50.000000000,ASK_DEPTH,"[(99602, 82), (99705, 100), (99729, 13), (99904, 100), (99996, 100)]"
2019-06-28 10:27:50.000000000,IMBALANCE,"[300, 395]"
2019-06-28 10:28:00.000000000,BID_DEPTH,"[(99459, 100), (99082, 100), (98788, 100)]"
2019-06-28 10:28:00.000000000,ASK_DEPTH,"[(99602, 82), (99705, 100), (99729, 13), (99904, 100), (99996, 100)]"
2019-06-28 10:28:00.000000000,IMBALANCE,"[300, 395]"
2019-06-28 10:28:00.000000000,HOLDINGS_UPDATED,"{'CASH': -36021828, 'JPM': 462}"
2019-06-28 10:28:00.000000000,HOLDINGS_UPDATED,"{'CASH': -36916959, 'JPM': 471}"
2019-06-28 10:28:00.000000000,HOLDINGS_UPDATED,"{'CASH': -37712631, 'JPM': 479}"
2019-06-28 10:28:00.000000000,HOLDINGS_UPDATED,"{'CASH': -38011008, 'JPM': 482}"
2019-06-28 10:28:08.562601121,HOLDINGS_UPDATED,"{'CASH': -45768810, 'JPM': 560}"
2019-06-28 10:28:10.000000000,BID_DEPTH,"[(99228, 100), (99082, 100), (98788, 100)]"
2019-06-28 10:28:10.000000000,ASK_DEPTH,"[(99459, 19), (99602, 82), (99705, 100), (99729, 13), (99904, 100)]"
2019-06-28 10:28:10.000000000,IMBALANCE,"[300, 314]"
2019-06-28 10:28:20.000000000,BID_DEPTH,"[(99228, 100), (99082, 100), (98788, 100)]"
2019-06-28 10:28:20.000000000,ASK_DEPTH,"[(99459, 19), (99602, 82), (99705, 100), (99729, 13), (99904, 100)]"
2019-06-28 10:28:20.000000000,IMBALANCE,"[300, 314]"
2019-06-28 10:28:30.000000000,BID_DEPTH,"[(99228, 100), (99082, 100), (98788, 100)]"
2019-06-28 10:28:30.000000000,ASK_DEPTH,"[(99459, 19), (99602, 82), (99705, 100), (99729, 13), (99904, 100)]"
2019-06-28 10:28:30.000000000,IMBALANCE,"[300, 314]"
2019-06-28 10:28:40.000000000,BID_DEPTH,"[(99228, 100), (99082, 100), (98788, 100)]"
2019-06-28 10:28:40.000000000,ASK_DEPTH,"[(99459, 19), (99602, 82), (99705, 100), (99729, 13), (99904, 100)]"
2019-06-28 10:28:40.000000000,IMBALANCE,"[300, 314]"
2019-06-28 10:28:50.000000000,BID_DEPTH,"[(99228, 100), (99082, 100), (98788, 100)]"
2019-06-28 10:28:50.000000000,ASK_DEPTH,"[(99459, 19), (99602, 82), (99705, 100), (99729, 13), (99904, 100)]"
2019-06-28 10:28:50.000000000,IMBALANCE,"[300, 314]"
2019-06-28 10:29:00.000000000,BID_DEPTH,"[(99228, 100), (99082, 100), (98788, 100)]"
2019-06-28 10:29:00.000000000,ASK_DEPTH,"[(99459, 19), (99602, 82), (99705, 100), (99729, 13), (99904, 100)]"
2019-06-28 10:29:00.000000000,IMBALANCE,"[300, 314]"
2019-06-28 10:29:00.000000000,HOLDINGS_UPDATED,"{'CASH': -46463406, 'JPM': 567}"
2019-06-28 10:29:00.000000000,HOLDINGS_UPDATED,"{'CASH': -47356458, 'JPM': 576}"
2019-06-28 10:29:00.000000000,HOLDINGS_UPDATED,"{'CASH': -48150282, 'JPM': 584}"
2019-06-28 10:29:00.000000000,HOLDINGS_UPDATED,"{'CASH': -48447966, 'JPM': 587}"
2019-06-28 10:29:10.000000000,BID_DEPTH,"[(99228, 3), (99082, 100), (98788, 100)]"
2019-06-28 10:29:10.000000000,ASK_DEPTH,"[(99459, 19), (99602, 82), (99705, 100), (99729, 13), (99904, 100)]"
2019-06-28 10:29:10.000000000,IMBALANCE,"[203, 314]"
2019-06-28 10:29:20.000000000,BID_DEPTH,"[(99228, 3), (99082, 100), (98788, 100)]"
2019-06-28 10:29:20.000000000,ASK_DEPTH,"[(99459, 19), (99602, 82), (99705, 100), (99729, 13), (99904, 100)]"
2019-06-28 10:29:20.000000000,IMBALANCE,"[203, 314]"
2019-06-28 10:29:27.133752373,HOLDINGS_UPDATED,"{'CASH': -40391787, 'JPM': 506}"
2019-06-28 10:29:30.000000000,BID_DEPTH,"[(99326, 100), (99228, 3), (99082, 100), (98788, 100)]"
2019-06-28 10:29:30.000000000,ASK_DEPTH,"[(99602, 82), (99705, 100), (99729, 13), (99904, 100), (99996, 100)]"
2019-06-28 10:29:30.000000000,IMBALANCE,"[303, 395]"
2019-06-28 10:29:40.000000000,BID_DEPTH,"[(99326, 100), (99228, 3), (99082, 100), (98788, 100)]"
2019-06-28 10:29:40.000000000,ASK_DEPTH,"[(99602, 82), (99705, 100), (99729, 13), (99904, 100), (99996, 100)]"
2019-06-28 10:29:40.000000000,IMBALANCE,"[303, 395]"
2019-06-28 10:29:50.000000000,BID_DEPTH,"[(99326, 100), (99228, 3), (99082, 100), (98788, 100)]"
2019-06-28 10:29:50.000000000,ASK_DEPTH,"[(99512, 100), (99602, 82), (99705, 100), (99729, 13), (99904, 100)]"
2019-06-28 10:29:50.000000000,IMBALANCE,"[303, 395]"
2019-06-28 10:30:00.000000000,BID_DEPTH,"[(99326, 100), (99323, 100), (99228, 3), (99082, 100), (98788, 100)]"
2019-06-28 10:30:00.000000000,ASK_DEPTH,"[(99512, 100), (99602, 82), (99705, 100), (99729, 13), (99904, 100)]"
2019-06-28 10:30:00.000000000,IMBALANCE,"[403, 395]"
2019-06-28 10:30:00.000000000,HOLDINGS_UPDATED,"{'CASH': -41087069, 'JPM': 513}"
2019-06-28 10:30:00.000000000,HOLDINGS_UPDATED,"{'CASH': -41981003, 'JPM': 522}"
2019-06-28 10:30:00.000000000,HOLDINGS_UPDATED,"{'CASH': -42775611, 'JPM': 530}"
2019-06-28 10:30:00.000000000,HOLDINGS_UPDATED,"{'CASH': -43073589, 'JPM': 533}"
2019-06-28 10:30:10.000000000,BID_DEPTH,"[(99326, 3), (99323, 100), (99228, 3), (99082, 100), (98977, 100)]"
2019-06-28 10:30:10.000000000,ASK_DEPTH,"[(99512, 100), (99602, 82), (99705, 100), (99729, 13), (99904, 100)]"
2019-06-28 10:30:10.000000000,IMBALANCE,"[306, 395]"
2019-06-28 10:30:20.000000000,BID_DEPTH,"[(99326, 3), (99323, 100), (99228, 3), (99082, 100), (98977, 100)]"
2019-06-28 10:30:20.000000000,ASK_DEPTH,"[(99512, 100), (99602, 82), (99705, 100), (99729, 13), (99904, 100)]"
2019-06-28 10:30:20.000000000,IMBALANCE,"[306, 395]"
2019-06-28 10:30:30.000000000,BID_DEPTH,"[(99326, 3), (99323, 100), (99228, 3), (99098, 200), (99082, 100)]"
2019-06-28 10:30:30.000000000,ASK_DEPTH,"[(99512, 100), (99602, 82), (99705, 100), (99729, 13), (99904, 100)]"
2019-06-28 10:30:30.000000000,IMBALANCE,"[406, 395]"
2019-06-28 10:30:40.000000000,BID_DEPTH,"[(99326, 3), (99323, 100), (99228, 3), (99098, 200), (99082, 100)]"
2019-06-28 10:30:40.000000000,ASK_DEPTH,"[(99512, 100), (99602, 82), (99705, 100), (99729, 13), (99904, 100)]"
2019-06-28 10:30:40.000000000,IMBALANCE,"[406, 395]"
2019-06-28 10:30:50.000000000,BID_DEPTH,"[(99326, 3), (99323, 100), (99228, 3), (99098, 200), (99082, 100)]"
2019-06-28 10:30:50.000000000,ASK_DEPTH,"[(99512, 100), (99602, 82), (99705, 100), (99729, 13), (99904, 100)]"
2019-06-28 10:30:50.000000000,IMBALANCE,"[406, 395]"
2019-06-28 10:31:00.000000000,BID_DEPTH,"[(99326, 103), (99323, 100), (99228, 3), (99098, 200), (99082, 100)]"
2019-06-28 10:31:00.000000000,ASK_DEPTH,"[(99512, 100), (99565, 100), (99602, 82), (99705, 100), (99729, 13)]"
2019-06-28 10:31:00.000000000,IMBALANCE,"[506, 395]"
2019-06-28 10:31:00.000000000,HOLDINGS_UPDATED,"{'CASH': -43470893, 'JPM': 537}"
2019-06-28 10:31:00.000000000,HOLDINGS_UPDATED,"{'CASH': -44364827, 'JPM': 546}"
2019-06-28 10:31:00.000000000,HOLDINGS_UPDATED,"{'CASH': -45159435, 'JPM': 554}"
2019-06-28 10:31:00.000000000,HOLDINGS_UPDATED,"{'CASH': -45457413, 'JPM': 557}"
2019-06-28 10:31:10.000000000,BID_DEPTH,"[(99326, 3), (99323, 100), (99228, 3), (99098, 200), (99082, 100)]"
2019-06-28 10:31:10.000000000,ASK_DEPTH,"[(99512, 100), (99565, 100), (99602, 82), (99705, 100), (99904, 100)]"
2019-06-28 10:31:10.000000000,IMBALANCE,"[406, 482]"
2019-06-28 10:31:20.000000000,BID_DEPTH,"[(99326, 3), (99323, 100), (99228, 3), (99098, 200), (99082, 100)]"
2019-06-28 10:31:20.000000000,ASK_DEPTH,"[(99512, 100), (99565, 100), (99602, 82), (99705, 100), (99904, 100)]"
2019-06-28 10:31:20.000000000,IMBALANCE,"[406, 482]"
2019-06-28 10:31:30.000000000,BID_DEPTH,"[(99326, 3), (99323, 100), (99228, 3), (99098, 200), (99082, 100)]"
2019-06-28 10:31:30.000000000,ASK_DEPTH,"[(99565, 100), (99602, 82), (99705, 100), (99904, 100), (99996, 100)]"
2019-06-28 10:31:30.000000000,IMBALANCE,"[406, 482]"
2019-06-28 10:31:40.000000000,BID_DEPTH,"[(99326, 3), (99323, 100), (99228, 3), (99098, 200), (99082, 100)]"
2019-06-28 10:31:40.000000000,ASK_DEPTH,"[(99565, 100), (99602, 82), (99705, 100), (99904, 100), (99996, 100)]"
2019-06-28 10:31:40.000000000,IMBALANCE,"[406, 482]"
2019-06-28 10:31:50.000000000,BID_DEPTH,"[(99326, 3), (99323, 100), (99228, 3), (99098, 200), (99082, 100)]"
2019-06-28 10:31:50.000000000,ASK_DEPTH,"[(99565, 100), (99602, 82), (99705, 100), (99728, 100), (99904, 100)]"
2019-06-28 10:31:50.000000000,IMBALANCE,"[406, 482]"
2019-06-28 10:32:00.000000000,BID_DEPTH,"[(99326, 3), (99323, 100), (99228, 3), (99098, 200), (99082, 100)]"
2019-06-28 10:32:00.000000000,ASK_DEPTH,"[(99565, 100), (99602, 82), (99705, 100), (99728, 100), (99904, 100)]"
2019-06-28 10:32:00.000000000,IMBALANCE,"[406, 482]"
2019-06-28 10:32:00.000000000,HOLDINGS_UPDATED,"{'CASH': -46053369, 'JPM': 563}"
2019-06-28 10:32:00.000000000,HOLDINGS_UPDATED,"{'CASH': -46549999, 'JPM': 568}"
2019-06-28 10:32:00.000000000,HOLDINGS_UPDATED,"{'CASH': -46847977, 'JPM': 571}"
2019-06-28 10:32:00.000000000,HOLDINGS_UPDATED,"{'CASH': -47642585, 'JPM': 579}"
2019-06-28 10:32:00.000000000,HOLDINGS_UPDATED,"{'CASH': -47940563, 'JPM': 582}"
2019-06-28 10:32:00.000000000,HOLDINGS_UPDATED,"{'CASH': -48536519, 'JPM': 588}"
2019-06-28 10:32:00.000000000,HOLDINGS_UPDATED,"{'CASH': -49331127, 'JPM': 596}"
2019-06-28 10:32:00.000000000,HOLDINGS_UPDATED,"{'CASH': -49430453, 'JPM': 597}"
2019-06-28 10:32:00.000000000,HOLDINGS_UPDATED,"{'CASH': -49529779, 'JPM': 598}"
2019-06-28 10:32:00.000000000,HOLDINGS_UPDATED,"{'CASH': -50026409, 'JPM': 603}"
2019-06-28 10:32:00.000000000,HOLDINGS_UPDATED,"{'CASH': -50125735, 'JPM': 604}"
2019-06-28 10:32:00.000000000,HOLDINGS_UPDATED,"{'CASH': -50324387, 'JPM': 606}"
2019-06-28 10:32:00.000000000,HOLDINGS_UPDATED,"{'CASH': -50821017, 'JPM': 611}"
2019-06-28 10:32:00.000000000,HOLDINGS_UPDATED,"{'CASH': -51714951, 'JPM': 620}"
2019-06-28 10:32:00.000000000,HOLDINGS_UPDATED,"{'CASH': -52608885, 'JPM': 629}"
2019-06-28 10:32:00.000000000,HOLDINGS_UPDATED,"{'CASH': -53403493, 'JPM': 637}"
2019-06-28 10:32:00.000000000,HOLDINGS_UPDATED,"{'CASH': -53800797, 'JPM': 641}"
2019-06-28 10:32:00.000000000,HOLDINGS_UPDATED,"{'CASH': -54297427, 'JPM': 646}"
2019-06-28 10:32:00.000000000,HOLDINGS_UPDATED,"{'CASH': -54992709, 'JPM': 653}"
2019-06-28 10:32:00.000000000,HOLDINGS_UPDATED,"{'CASH': -55787317, 'JPM': 661}"
2019-06-28 10:32:00.000000000,HOLDINGS_UPDATED,"{'CASH': -55886643, 'JPM': 662}"
2019-06-28 10:32:10.000000000,BID_DEPTH,"[(99323, 92), (99228, 3), (99098, 200), (99082, 100), (98977, 100)]"
2019-06-28 10:32:10.000000000,ASK_DEPTH,"[(99326, 8), (99565, 100), (99602, 82), (99705, 100), (99728, 100)]"
2019-06-28 10:32:10.000000000,IMBALANCE,"[495, 390]"
2019-06-28 10:32:13.725390886,HOLDINGS_UPDATED,"{'CASH': -56681227, 'JPM': 670}"
2019-06-28 10:32:20.000000000,BID_DEPTH,"[(99228, 3), (99098, 200), (99082, 100), (98977, 100), (98788, 100)]"
2019-06-28 10:32:20.000000000,ASK_DEPTH,"[(99326, 8), (99565, 100), (99602, 82), (99705, 100), (99728, 100)]"
2019-06-28 10:32:20.000000000,IMBALANCE,"[503, 390]"
2019-06-28 10:32:30.000000000,BID_DEPTH,"[(99228, 3), (99098, 200), (99082, 100), (98977, 100), (98788, 100)]"
2019-06-28 10:32:30.000000000,ASK_DEPTH,"[(99326, 8), (99565, 100), (99602, 82), (99705, 100), (99728, 100)]"
2019-06-28 10:32:30.000000000,IMBALANCE,"[503, 390]"
2019-06-28 10:32:34.154760347,HOLDINGS_UPDATED,"{'CASH': -48337843, 'JPM': 586}"
2019-06-28 10:32:40.000000000,BID_DEPTH,"[(99326, 8), (99228, 3), (99098, 200), (99082, 100), (98977, 100)]"
2019-06-28 10:32:40.000000000,ASK_DEPTH,"[(99565, 100), (99602, 82), (99705, 100), (99728, 100), (99904, 100)]"
2019-06-28 10:32:40.000000000,IMBALANCE,"[411, 482]"
2019-06-28 10:32:43.177692185,HOLDINGS_UPDATED,"{'CASH': -57475835, 'JPM': 678}"
2019-06-28 10:32:50.000000000,BID_DEPTH,"[(99228, 3), (99098, 200), (99082, 100), (98788, 100)]"
2019-06-28 10:32:50.000000000,ASK_DEPTH,"[(99468, 100), (99565, 100), (99602, 82), (99705, 100), (99728, 100)]"
2019-06-28 10:32:50.000000000,IMBALANCE,"[403, 482]"
2019-06-28 10:33:00.000000000,BID_DEPTH,"[(99228, 3), (99098, 200), (99082, 100), (98788, 100)]"
2019-06-28 10:33:00.000000000,ASK_DEPTH,"[(99468, 100), (99565, 100), (99602, 82), (99705, 100), (99728, 100)]"
2019-06-28 10:33:00.000000000,IMBALANCE,"[403, 482]"
2019-06-28 10:33:00.000000000,HOLDINGS_UPDATED,"{'CASH': -58071203, 'JPM': 684}"
2019-06-28 10:33:00.000000000,HOLDINGS_UPDATED,"{'CASH': -58567343, 'JPM': 689}"
2019-06-28 10:33:00.000000000,HOLDINGS_UPDATED,"{'CASH': -58865027, 'JPM': 692}"
2019-06-28 10:33:00.000000000,HOLDINGS_UPDATED,"{'CASH': -59658851, 'JPM': 700}"
2019-06-28 10:33:00.000000000,HOLDINGS_UPDATED,"{'CASH': -59956535, 'JPM': 703}"
2019-06-28 10:33:00.000000000,HOLDINGS_UPDATED,"{'CASH': -60551903, 'JPM': 709}"
2019-06-28 10:33:00.000000000,HOLDINGS_UPDATED,"{'CASH': -61345727, 'JPM': 717}"
2019-06-28 10:33:00.000000000,HOLDINGS_UPDATED,"{'CASH': -61444955, 'JPM': 718}"
2019-06-28 10:33:00.000000000,HOLDINGS_UPDATED,"{'CASH': -61544183, 'JPM': 719}"
2019-06-28 10:33:00.000000000,HOLDINGS_UPDATED,"{'CASH': -62040323, 'JPM': 724}"
2019-06-28 10:33:00.000000000,HOLDINGS_UPDATED,"{'CASH': -62139551, 'JPM': 725}"
2019-06-28 10:33:00.000000000,HOLDINGS_UPDATED,"{'CASH': -62338007, 'JPM': 727}"
2019-06-28 10:33:00.000000000,HOLDINGS_UPDATED,"{'CASH': -62834147, 'JPM': 732}"
2019-06-28 10:33:00.000000000,HOLDINGS_UPDATED,"{'CASH': -63727199, 'JPM': 741}"
2019-06-28 10:33:00.000000000,HOLDINGS_UPDATED,"{'CASH': -64620251, 'JPM': 750}"
2019-06-28 10:33:00.000000000,HOLDINGS_UPDATED,"{'CASH': -65414075, 'JPM': 758}"
2019-06-28 10:33:00.000000000,HOLDINGS_UPDATED,"{'CASH': -65810987, 'JPM': 762}"
2019-06-28 10:33:10.000000000,BID_DEPTH,"[(99098, 163), (99082, 100), (98788, 100)]"
2019-06-28 10:33:10.000000000,ASK_DEPTH,"[(99468, 100), (99565, 100), (99602, 82), (99705, 100), (99728, 100)]"
2019-06-28 10:33:10.000000000,IMBALANCE,"[363, 482]"
2019-06-28 10:33:20.000000000,BID_DEPTH,"[(99098, 163), (99082, 100), (98788, 100)]"
2019-06-28 10:33:20.000000000,ASK_DEPTH,"[(99468, 100), (99565, 100), (99602, 82), (99705, 100), (99728, 100)]"
2019-06-28 10:33:20.000000000,IMBALANCE,"[363, 482]"
2019-06-28 10:33:20.255351377,HOLDINGS_UPDATED,"{'CASH': -69477613, 'JPM': 799}"
2019-06-28 10:33:30.000000000,BID_DEPTH,"[(99082, 100), (98788, 100)]"
2019-06-28 10:33:30.000000000,ASK_DEPTH,"[(99468, 100), (99565, 100), (99602, 82), (99705, 100), (99728, 100)]"
2019-06-28 10:33:30.000000000,IMBALANCE,"[200, 482]"
2019-06-28 10:33:40.000000000,BID_DEPTH,"[(99082, 100), (98788, 100)]"
2019-06-28 10:33:40.000000000,ASK_DEPTH,"[(99297, 100), (99468, 100), (99565, 100), (99602, 82), (99705, 100)]"
2019-06-28 10:33:40.000000000,IMBALANCE,"[200, 482]"
2019-06-28 10:33:50.000000000,BID_DEPTH,"[(99082, 100), (98788, 100)]"
2019-06-28 10:33:50.000000000,ASK_DEPTH,"[(99297, 100), (99468, 100), (99565, 100), (99602, 82), (99705, 100)]"
2019-06-28 10:33:50.000000000,IMBALANCE,"[200, 482]"
2019-06-28 10:34:00.000000000,BID_DEPTH,"[(99082, 100), (98788, 100)]"
2019-06-28 10:34:00.000000000,ASK_DEPTH,"[(99098, 100), (99297, 100), (99468, 100), (99565, 100), (99602, 82)]"
2019-06-28 10:34:00.000000000,IMBALANCE,"[200, 482]"
2019-06-28 10:34:00.000000000,HOLDINGS_UPDATED,"{'CASH': -70171187, 'JPM': 806}"
2019-06-28 10:34:00.000000000,HOLDINGS_UPDATED,"{'CASH': -71062925, 'JPM': 815}"
2019-06-28 10:34:00.000000000,HOLDINGS_UPDATED,"{'CASH': -71855581, 'JPM': 823}"
2019-06-28 10:34:00.000000000,HOLDINGS_UPDATED,"{'CASH': -72152827, 'JPM': 826}"
2019-06-28 10:34:10.000000000,BID_DEPTH,"[(99082, 3), (98788, 100)]"
2019-06-28 10:34:10.000000000,ASK_DEPTH,"[(99098, 100), (99297, 100), (99468, 100), (99565, 100), (99602, 82)]"
2019-06-28 10:34:10.000000000,IMBALANCE,"[103, 482]"
2019-06-28 10:34:16.469169105,HOLDINGS_UPDATED,"{'CASH': -81763781, 'JPM': 923}"
2019-06-28 10:34:20.000000000,BID_DEPTH,"[(98788, 100)]"
2019-06-28 10:34:20.000000000,ASK_DEPTH,"[(99098, 100), (99297, 100), (99468, 100), (99565, 100), (99602, 82)]"
2019-06-28 10:34:20.000000000,IMBALANCE,"[100, 482]"
2019-06-28 10:34:30.000000000,BID_DEPTH,"[(98788, 100)]"
2019-06-28 10:34:30.000000000,ASK_DEPTH,"[(99098, 100), (99297, 100), (99468, 100), (99565, 100), (99602, 82)]"
2019-06-28 10:34:30.000000000,IMBALANCE,"[100, 482]"
2019-06-28 10:34:40.000000000,BID_DEPTH,"[(98788, 100)]"
2019-06-28 10:34:40.000000000,ASK_DEPTH,"[(99098, 100), (99297, 100), (99468, 100), (99565, 100), (99602, 82)]"
2019-06-28 10:34:40.000000000,IMBALANCE,"[100, 482]"
2019-06-28 10:34:50.000000000,BID_DEPTH,"[(98788, 100)]"
2019-06-28 10:34:50.000000000,ASK_DEPTH,"[(99098, 100), (99297, 100), (99468, 100), (99565, 100), (99602, 82)]"
2019-06-28 10:34:50.000000000,IMBALANCE,"[100, 482]"
2019-06-28 10:35:00.000000000,BID_DEPTH,"[(98788, 100)]"
2019-06-28 10:35:00.000000000,ASK_DEPTH,"[(99082, 100), (99098, 100), (99297, 100), (99468, 100), (99565, 100)]"
2019-06-28 10:35:00.000000000,IMBALANCE,"[100, 500]"
2019-06-28 10:35:00.000000000,HOLDINGS_UPDATED,"{'CASH': -82455297, 'JPM': 930}"
2019-06-28 10:35:00.000000000,HOLDINGS_UPDATED,"{'CASH': -83344389, 'JPM': 939}"
2019-06-28 10:35:00.000000000,HOLDINGS_UPDATED,"{'CASH': -84134693, 'JPM': 947}"
2019-06-28 10:35:00.000000000,HOLDINGS_UPDATED,"{'CASH': -84431057, 'JPM': 950}"
2019-06-28 10:35:10.000000000,BID_DEPTH,"[(98880, 100), (98788, 3)]"
2019-06-28 10:35:10.000000000,ASK_DEPTH,"[(99082, 100), (99098, 100), (99297, 100), (99468, 100), (99565, 100)]"
2019-06-28 10:35:10.000000000,IMBALANCE,"[103, 500]"
2019-06-28 10:35:20.000000000,BID_DEPTH,"[(98788, 3)]"
2019-06-28 10:35:20.000000000,ASK_DEPTH,"[(99082, 100), (99098, 100), (99297, 100), (99468, 100), (99565, 100)]"
2019-06-28 10:35:20.000000000,IMBALANCE,"[3, 500]"
2019-06-28 10:35:30.000000000,BID_DEPTH,"[(98788, 3)]"
2019-06-28 10:35:30.000000000,ASK_DEPTH,"[(99082, 100), (99098, 100), (99297, 100), (99468, 100), (99565, 100)]"
2019-06-28 10:35:30.000000000,IMBALANCE,"[3, 500]"
2019-06-28 10:35:40.000000000,BID_DEPTH,"[(98788, 3)]"
2019-06-28 10:35:40.000000000,ASK_DEPTH,"[(99082, 100), (99098, 100), (99297, 100), (99446, 100), (99468, 100)]"
2019-06-28 10:35:40.000000000,IMBALANCE,"[3, 500]"
2019-06-28 10:35:50.000000000,BID_DEPTH,"[(98788, 3)]"
2019-06-28 10:35:50.000000000,ASK_DEPTH,"[(99098, 100), (99297, 100), (99446, 100), (99468, 100), (99565, 100)]"
2019-06-28 10:35:50.000000000,IMBALANCE,"[3, 500]"
2019-06-28 10:36:00.000000000,BID_DEPTH,"[(98788, 3)]"
2019-06-28 10:36:00.000000000,ASK_DEPTH,"[(99098, 100), (99297, 100), (99446, 100), (99468, 100), (99565, 100)]"
2019-06-28 10:36:00.000000000,IMBALANCE,"[3, 500]"
2019-06-28 10:36:00.000000000,HOLDINGS_UPDATED,"{'CASH': -85023785, 'JPM': 956}"
2019-06-28 10:36:00.000000000,HOLDINGS_UPDATED,"{'CASH': -85517725, 'JPM': 961}"
2019-06-28 10:36:00.000000000,HOLDINGS_UPDATED,"{'CASH': -85814089, 'JPM': 964}"
2019-06-28 10:36:00.000000000,HOLDINGS_UPDATED,"{'CASH': -86604393, 'JPM': 972}"
2019-06-28 10:36:00.000000000,HOLDINGS_UPDATED,"{'CASH': -86900757, 'JPM': 975}"
2019-06-28 10:36:00.000000000,HOLDINGS_UPDATED,"{'CASH': -87493485, 'JPM': 981}"
2019-06-28 10:36:00.000000000,HOLDINGS_UPDATED,"{'CASH': -88283789, 'JPM': 989}"
2019-06-28 10:36:00.000000000,HOLDINGS_UPDATED,"{'CASH': -88382577, 'JPM': 990}"
2019-06-28 10:36:00.000000000,HOLDINGS_UPDATED,"{'CASH': -88481365, 'JPM': 991}"
2019-06-28 10:36:00.000000000,HOLDINGS_UPDATED,"{'CASH': -88975305, 'JPM': 996}"
2019-06-28 10:36:00.000000000,HOLDINGS_UPDATED,"{'CASH': -89074093, 'JPM': 997}"
2019-06-28 10:36:00.000000000,HOLDINGS_UPDATED,"{'CASH': -89271669, 'JPM': 999}"
2019-06-28 10:36:00.000000000,HOLDINGS_UPDATED,"{'CASH': -89765609, 'JPM': 1004}"
2019-06-28 10:36:00.000000000,HOLDINGS_UPDATED,"{'CASH': -90654701, 'JPM': 1013}"
2019-06-28 10:36:00.000000000,HOLDINGS_UPDATED,"{'CASH': -91543793, 'JPM': 1022}"
2019-06-28 10:36:00.000000000,HOLDINGS_UPDATED,"{'CASH': -92334097, 'JPM': 1030}"
2019-06-28 10:36:00.000000000,HOLDINGS_UPDATED,"{'CASH': -92729249, 'JPM': 1034}"
2019-06-28 10:36:00.000000000,HOLDINGS_UPDATED,"{'CASH': -93223189, 'JPM': 1039}"
2019-06-28 10:36:00.000000000,HOLDINGS_UPDATED,"{'CASH': -93914705, 'JPM': 1046}"
2019-06-28 10:36:00.000000000,HOLDINGS_UPDATED,"{'CASH': -94705009, 'JPM': 1054}"
2019-06-28 10:36:00.000000000,HOLDINGS_UPDATED,"{'CASH': -95594101, 'JPM': 1063}"
2019-06-28 10:36:00.000000000,HOLDINGS_UPDATED,"{'CASH': -96384405, 'JPM': 1071}"
2019-06-28 10:36:00.000000000,HOLDINGS_UPDATED,"{'CASH': -96680769, 'JPM': 1074}"
2019-06-28 10:36:10.000000000,BID_DEPTH,"[(98788, 3)]"
2019-06-28 10:36:10.000000000,ASK_DEPTH,"[(99098, 100), (99297, 100), (99446, 100), (99468, 100), (99565, 100)]"
2019-06-28 10:36:10.000000000,IMBALANCE,"[3, 500]"
2019-06-28 10:36:20.000000000,BID_DEPTH,"[(98788, 3)]"
2019-06-28 10:36:20.000000000,ASK_DEPTH,"[(99098, 100), (99297, 100), (99446, 100), (99468, 100), (99557, 100)]"
2019-06-28 10:36:20.000000000,IMBALANCE,"[3, 500]"
2019-06-28 10:36:30.000000000,BID_DEPTH,"[(98788, 3)]"
2019-06-28 10:36:30.000000000,ASK_DEPTH,"[(99098, 100), (99297, 100), (99446, 100), (99468, 100), (99557, 100)]"
2019-06-28 10:36:30.000000000,IMBALANCE,"[3, 500]"
2019-06-28 10:36:40.000000000,BID_DEPTH,"[(98788, 3)]"
2019-06-28 10:36:40.000000000,ASK_DEPTH,"[(99098, 100), (99297, 100), (99446, 100), (99468, 100), (99557, 100)]"
2019-06-28 10:36:40.000000000,IMBALANCE,"[3, 500]"
2019-06-28 10:36:50.000000000,BID_DEPTH,"[(98788, 3)]"
2019-06-28 10:36:50.000000000,ASK_DEPTH,"[(99098, 100), (99297, 100), (99446, 100), (99468, 100), (99557, 100)]"
2019-06-28 10:36:50.000000000,IMBALANCE,"[3, 500]"
2019-06-28 10:37:00.000000000,BID_DEPTH,"[(98788, 103)]"
2019-06-28 10:37:00.000000000,ASK_DEPTH,"[(99098, 100), (99297, 100), (99446, 100), (99468, 100), (99557, 100)]"
2019-06-28 10:37:00.000000000,IMBALANCE,"[103, 500]"
2019-06-28 10:37:00.000000000,HOLDINGS_UPDATED,"{'CASH': -97075921, 'JPM': 1078}"
2019-06-28 10:37:00.000000000,HOLDINGS_UPDATED,"{'CASH': -97965013, 'JPM': 1087}"
2019-06-28 10:37:00.000000000,HOLDINGS_UPDATED,"{'CASH': -98755317, 'JPM': 1095}"
2019-06-28 10:37:00.000000000,HOLDINGS_UPDATED,"{'CASH': -99051681, 'JPM': 1098}"
2019-06-28 10:37:10.000000000,BID_DEPTH,"[(98788, 3)]"
2019-06-28 10:37:10.000000000,ASK_DEPTH,"[(99098, 100), (99297, 100), (99446, 100), (99468, 100), (99557, 100)]"
2019-06-28 10:37:10.000000000,IMBALANCE,"[3, 500]"
2019-06-28 10:37:20.000000000,BID_DEPTH,"[(98788, 3)]"
2019-06-28 10:37:20.000000000,ASK_DEPTH,"[(99098, 100), (99297, 100), (99446, 100), (99468, 100), (99557, 100)]"
2019-06-28 10:37:20.000000000,IMBALANCE,"[3, 500]"
2019-06-28 10:37:30.000000000,BID_DEPTH,"[(98788, 3)]"
2019-06-28 10:37:30.000000000,ASK_DEPTH,"[(99098, 100), (99297, 100), (99446, 100), (99468, 100), (99557, 100)]"
2019-06-28 10:37:30.000000000,IMBALANCE,"[3, 500]"
2019-06-28 10:37:33.293958451,HOLDINGS_UPDATED,"{'CASH': -89141881, 'JPM': 998}"
2019-06-28 10:37:40.000000000,BID_DEPTH,"[(98788, 3)]"
2019-06-28 10:37:40.000000000,ASK_DEPTH,"[(99297, 100), (99446, 100), (99468, 100), (99557, 100), (99565, 100)]"
2019-06-28 10:37:40.000000000,IMBALANCE,"[3, 500]"
2019-06-28 10:37:50.000000000,BID_DEPTH,"[(98788, 3)]"
2019-06-28 10:37:50.000000000,ASK_DEPTH,"[(99297, 100), (99446, 100), (99468, 100), (99557, 100), (99565, 100)]"
2019-06-28 10:37:50.000000000,IMBALANCE,"[3, 500]"
2019-06-28 10:38:00.000000000,BID_DEPTH,"[(98788, 3)]"
2019-06-28 10:38:00.000000000,ASK_DEPTH,"[(99297, 100), (99446, 100), (99468, 100), (99557, 100), (99565, 100)]"
2019-06-28 10:38:00.000000000,IMBALANCE,"[3, 500]"
2019-06-28 10:38:00.000000000,HOLDINGS_UPDATED,"{'CASH': -89734609, 'JPM': 1004}"
2019-06-28 10:38:00.000000000,HOLDINGS_UPDATED,"{'CASH': -90228549, 'JPM': 1009}"
2019-06-28 10:38:00.000000000,HOLDINGS_UPDATED,"{'CASH': -90524913, 'JPM': 1012}"
2019-06-28 10:38:00.000000000,HOLDINGS_UPDATED,"{'CASH': -91315217, 'JPM': 1020}"
2019-06-28 10:38:00.000000000,HOLDINGS_UPDATED,"{'CASH': -91611581, 'JPM': 1023}"
2019-06-28 10:38:00.000000000,HOLDINGS_UPDATED,"{'CASH': -92204309, 'JPM': 1029}"
2019-06-28 10:38:00.000000000,HOLDINGS_UPDATED,"{'CASH': -92994613, 'JPM': 1037}"
2019-06-28 10:38:00.000000000,HOLDINGS_UPDATED,"{'CASH': -93093401, 'JPM': 1038}"
2019-06-28 10:38:00.000000000,HOLDINGS_UPDATED,"{'CASH': -93192189, 'JPM': 1039}"
2019-06-28 10:38:00.000000000,HOLDINGS_UPDATED,"{'CASH': -93686129, 'JPM': 1044}"
2019-06-28 10:38:00.000000000,HOLDINGS_UPDATED,"{'CASH': -93784917, 'JPM': 1045}"
2019-06-28 10:38:00.000000000,HOLDINGS_UPDATED,"{'CASH': -93982493, 'JPM': 1047}"
2019-06-28 10:38:00.000000000,HOLDINGS_UPDATED,"{'CASH': -94476433, 'JPM': 1052}"
2019-06-28 10:38:00.000000000,HOLDINGS_UPDATED,"{'CASH': -95365525, 'JPM': 1061}"
2019-06-28 10:38:00.000000000,HOLDINGS_UPDATED,"{'CASH': -96254617, 'JPM': 1070}"
2019-06-28 10:38:00.000000000,HOLDINGS_UPDATED,"{'CASH': -97044921, 'JPM': 1078}"
2019-06-28 10:38:00.000000000,HOLDINGS_UPDATED,"{'CASH': -97440073, 'JPM': 1082}"
2019-06-28 10:38:00.000000000,HOLDINGS_UPDATED,"{'CASH': -97934013, 'JPM': 1087}"
2019-06-28 10:38:00.000000000,HOLDINGS_UPDATED,"{'CASH': -98625529, 'JPM': 1094}"
2019-06-28 10:38:00.000000000,HOLDINGS_UPDATED,"{'CASH': -99415833, 'JPM': 1102}"
2019-06-28 10:38:00.000000000,HOLDINGS_UPDATED,"{'CASH': -99514621, 'JPM': 1103}"
2019-06-28 10:38:00.000000000,HOLDINGS_UPDATED,"{'CASH': -100304917, 'JPM': 1111}"
2019-06-28 10:38:00.000000000,HOLDINGS_UPDATED,"{'CASH': -100601278, 'JPM': 1114}"
2019-06-28 10:38:10.000000000,BID_DEPTH,"[(98788, 92), (98787, 3)]"
2019-06-28 10:38:10.000000000,ASK_DEPTH,"[(99297, 100), (99446, 100), (99468, 100), (99557, 100), (99565, 100)]"
2019-06-28 10:38:10.000000000,IMBALANCE,"[95, 500]"
2019-06-28 10:38:20.000000000,BID_DEPTH,"[(98788, 92), (98787, 3)]"
2019-06-28 10:38:20.000000000,ASK_DEPTH,"[(99446, 100), (99468, 100), (99557, 100), (99565, 100), (99602, 82)]"
2019-06-28 10:38:20.000000000,IMBALANCE,"[95, 482]"
2019-06-28 10:38:30.000000000,BID_DEPTH,"[(98788, 92), (98787, 3)]"
2019-06-28 10:38:30.000000000,ASK_DEPTH,"[(99468, 100), (99557, 100), (99565, 100), (99602, 82), (99705, 100)]"
2019-06-28 10:38:30.000000000,IMBALANCE,"[95, 482]"
2019-06-28 10:38:40.000000000,BID_DEPTH,"[(98788, 92), (98787, 3)]"
2019-06-28 10:38:40.000000000,ASK_DEPTH,"[(99557, 100), (99565, 100), (99602, 82), (99705, 100), (99728, 100)]"
2019-06-28 10:38:40.000000000,IMBALANCE,"[95, 482]"
2019-06-28 10:38:50.000000000,BID_DEPTH,"[(98788, 92), (98787, 3)]"
2019-06-28 10:38:50.000000000,ASK_DEPTH,"[(99557, 100), (99565, 100), (99602, 82), (99705, 100), (99728, 100)]"
2019-06-28 10:38:50.000000000,IMBALANCE,"[95, 482]"
2019-06-28 10:39:00.000000000,BID_DEPTH,"[(98788, 92), (98787, 3)]"
2019-06-28 10:39:00.000000000,ASK_DEPTH,"[(99557, 100), (99565, 100), (99602, 82), (99705, 100), (99728, 100)]"
2019-06-28 10:39:00.000000000,IMBALANCE,"[95, 482]"
2019-06-28 10:39:00.000000000,HOLDINGS_UPDATED,"{'CASH': -101292794, 'JPM': 1121}"
2019-06-28 10:39:00.000000000,HOLDINGS_UPDATED,"{'CASH': -102083098, 'JPM': 1129}"
2019-06-28 10:39:00.000000000,HOLDINGS_UPDATED,"{'CASH': -102972190, 'JPM': 1138}"
2019-06-28 10:39:00.000000000,HOLDINGS_UPDATED,"{'CASH': -103762494, 'JPM': 1146}"
2019-06-28 10:39:00.000000000,HOLDINGS_UPDATED,"{'CASH': -104058858, 'JPM': 1149}"
2019-06-28 10:39:10.000000000,BID_DEPTH,"[(98788, 3), (98787, 3)]"
2019-06-28 10:39:10.000000000,ASK_DEPTH,"[(99557, 100), (99565, 100), (99602, 82), (99705, 100), (99728, 100)]"
2019-06-28 10:39:10.000000000,IMBALANCE,"[6, 482]"
2019-06-28 10:39:20.000000000,BID_DEPTH,"[(98788, 3), (98787, 3)]"
2019-06-28 10:39:20.000000000,ASK_DEPTH,"[(99557, 100), (99565, 100), (99602, 82), (99705, 100), (99728, 100)]"
2019-06-28 10:39:20.000000000,IMBALANCE,"[6, 482]"
2019-06-28 10:39:30.000000000,BID_DEPTH,"[(98788, 3), (98787, 3)]"
2019-06-28 10:39:30.000000000,ASK_DEPTH,"[(99557, 100), (99565, 100), (99602, 82), (99705, 100), (99728, 100)]"
2019-06-28 10:39:30.000000000,IMBALANCE,"[6, 482]"
2019-06-28 10:39:40.000000000,BID_DEPTH,"[(98788, 3), (98787, 3)]"
2019-06-28 10:39:40.000000000,ASK_DEPTH,"[(99565, 100), (99602, 82), (99705, 100), (99728, 100), (99869, 100)]"
2019-06-28 10:39:40.000000000,IMBALANCE,"[6, 482]"
2019-06-28 10:39:50.000000000,BID_DEPTH,"[(98788, 3), (98787, 3)]"
2019-06-28 10:39:50.000000000,ASK_DEPTH,"[(99602, 82), (99705, 100), (99728, 100), (99996, 100), (100018, 100)]"
2019-06-28 10:39:50.000000000,IMBALANCE,"[6, 482]"
2019-06-28 10:39:58.361529548,HOLDINGS_UPDATED,"{'CASH': -102266022, 'JPM': 1131}"
2019-06-28 10:40:00.000000000,BID_DEPTH,"[(98788, 3), (98787, 3)]"
2019-06-28 10:40:00.000000000,ASK_DEPTH,"[(99705, 100), (99996, 100), (100018, 100), (100170, 100), (100224, 100)]"
2019-06-28 10:40:00.000000000,IMBALANCE,"[6, 500]"
2019-06-28 10:40:00.000000000,HOLDINGS_UPDATED,"{'CASH': -102858750, 'JPM': 1137}"
2019-06-28 10:40:00.000000000,HOLDINGS_UPDATED,"{'CASH': -103352690, 'JPM': 1142}"
2019-06-28 10:40:00.000000000,HOLDINGS_UPDATED,"{'CASH': -103649054, 'JPM': 1145}"
2019-06-28 10:40:00.000000000,HOLDINGS_UPDATED,"{'CASH': -104439358, 'JPM': 1153}"
2019-06-28 10:40:00.000000000,HOLDINGS_UPDATED,"{'CASH': -104735722, 'JPM': 1156}"
2019-06-28 10:40:00.000000000,HOLDINGS_UPDATED,"{'CASH': -105328450, 'JPM': 1162}"
2019-06-28 10:40:00.000000000,HOLDINGS_UPDATED,"{'CASH': -106118754, 'JPM': 1170}"
2019-06-28 10:40:00.000000000,HOLDINGS_UPDATED,"{'CASH': -106217542, 'JPM': 1171}"
2019-06-28 10:40:00.000000000,HOLDINGS_UPDATED,"{'CASH': -106316330, 'JPM': 1172}"
2019-06-28 10:40:00.000000000,HOLDINGS_UPDATED,"{'CASH': -106810270, 'JPM': 1177}"
2019-06-28 10:40:00.000000000,HOLDINGS_UPDATED,"{'CASH': -106909058, 'JPM': 1178}"
2019-06-28 10:40:00.000000000,HOLDINGS_UPDATED,"{'CASH': -107106634, 'JPM': 1180}"
2019-06-28 10:40:00.000000000,HOLDINGS_UPDATED,"{'CASH': -107600574, 'JPM': 1185}"
2019-06-28 10:40:00.000000000,HOLDINGS_UPDATED,"{'CASH': -108489666, 'JPM': 1194}"
2019-06-28 10:40:00.000000000,HOLDINGS_UPDATED,"{'CASH': -109378758, 'JPM': 1203}"
2019-06-28 10:40:00.000000000,HOLDINGS_UPDATED,"{'CASH': -110169062, 'JPM': 1211}"
2019-06-28 10:40:00.000000000,HOLDINGS_UPDATED,"{'CASH': -110564214, 'JPM': 1215}"
2019-06-28 10:40:00.000000000,HOLDINGS_UPDATED,"{'CASH': -111058154, 'JPM': 1220}"
2019-06-28 10:40:00.000000000,HOLDINGS_UPDATED,"{'CASH': -111749670, 'JPM': 1227}"
2019-06-28 10:40:00.000000000,HOLDINGS_UPDATED,"{'CASH': -112539974, 'JPM': 1235}"
2019-06-28 10:40:00.000000000,HOLDINGS_UPDATED,"{'CASH': -113429066, 'JPM': 1244}"
2019-06-28 10:40:00.000000000,HOLDINGS_UPDATED,"{'CASH': -114219370, 'JPM': 1252}"
2019-06-28 10:40:00.000000000,HOLDINGS_UPDATED,"{'CASH': -114515734, 'JPM': 1255}"
2019-06-28 10:40:10.000000000,BID_DEPTH,"[(98787, 3)]"
2019-06-28 10:40:10.000000000,ASK_DEPTH,"[(99705, 100), (99996, 100), (100018, 100), (100170, 100), (100224, 100)]"
2019-06-28 10:40:10.000000000,IMBALANCE,"[3, 500]"
2019-06-28 10:40:20.000000000,BID_DEPTH,"[(98787, 3)]"
2019-06-28 10:40:20.000000000,ASK_DEPTH,"[(99705, 100), (99996, 100), (100018, 100), (100170, 100), (100224, 100)]"
2019-06-28 10:40:20.000000000,IMBALANCE,"[3, 500]"
2019-06-28 10:40:30.000000000,BID_DEPTH,"[(98787, 3)]"
2019-06-28 10:40:30.000000000,ASK_DEPTH,"[(99705, 100), (99996, 100), (100018, 100), (100170, 100), (100224, 100)]"
2019-06-28 10:40:30.000000000,IMBALANCE,"[3, 500]"
2019-06-28 10:40:40.000000000,BID_DEPTH,"[(98787, 3)]"
2019-06-28 10:40:40.000000000,ASK_DEPTH,"[(99705, 100), (99996, 100), (100018, 100), (100170, 100), (100224, 100)]"
2019-06-28 10:40:40.000000000,IMBALANCE,"[3, 500]"
2019-06-28 10:40:50.000000000,BID_DEPTH,"[(98787, 3)]"
2019-06-28 10:40:50.000000000,ASK_DEPTH,"[(99705, 100), (99996, 100), (100018, 100), (100170, 100), (100224, 100)]"
2019-06-28 10:40:50.000000000,IMBALANCE,"[3, 500]"
2019-06-28 10:41:00.000000000,BID_DEPTH,"[(98787, 3)]"
2019-06-28 10:41:00.000000000,ASK_DEPTH,"[(99705, 100), (99996, 100), (100018, 100), (100170, 100), (100224, 100)]"
2019-06-28 10:41:00.000000000,IMBALANCE,"[3, 500]"
2019-06-28 10:41:00.000000000,HOLDINGS_UPDATED,"{'CASH': -115108456, 'JPM': 1261}"
2019-06-28 10:41:00.000000000,HOLDINGS_UPDATED,"{'CASH': -115602391, 'JPM': 1266}"
2019-06-28 10:41:00.000000000,HOLDINGS_UPDATED,"{'CASH': -115898752, 'JPM': 1269}"
2019-06-28 10:41:00.000000000,HOLDINGS_UPDATED,"{'CASH': -116689048, 'JPM': 1277}"
2019-06-28 10:41:00.000000000,HOLDINGS_UPDATED,"{'CASH': -116985409, 'JPM': 1280}"
2019-06-28 10:41:00.000000000,HOLDINGS_UPDATED,"{'CASH': -117578131, 'JPM': 1286}"
2019-06-28 10:41:00.000000000,HOLDINGS_UPDATED,"{'CASH': -118368427, 'JPM': 1294}"
2019-06-28 10:41:00.000000000,HOLDINGS_UPDATED,"{'CASH': -118467214, 'JPM': 1295}"
2019-06-28 10:41:00.000000000,HOLDINGS_UPDATED,"{'CASH': -118566001, 'JPM': 1296}"
2019-06-28 10:41:00.000000000,HOLDINGS_UPDATED,"{'CASH': -119059936, 'JPM': 1301}"
2019-06-28 10:41:00.000000000,HOLDINGS_UPDATED,"{'CASH': -119158723, 'JPM': 1302}"
2019-06-28 10:41:00.000000000,HOLDINGS_UPDATED,"{'CASH': -119356297, 'JPM': 1304}"
2019-06-28 10:41:00.000000000,HOLDINGS_UPDATED,"{'CASH': -119850232, 'JPM': 1309}"
2019-06-28 10:41:00.000000000,HOLDINGS_UPDATED,"{'CASH': -120739315, 'JPM': 1318}"
2019-06-28 10:41:00.000000000,HOLDINGS_UPDATED,"{'CASH': -121628398, 'JPM': 1327}"
2019-06-28 10:41:00.000000000,HOLDINGS_UPDATED,"{'CASH': -122418694, 'JPM': 1335}"
2019-06-28 10:41:00.000000000,HOLDINGS_UPDATED,"{'CASH': -122813842, 'JPM': 1339}"
2019-06-28 10:41:00.000000000,HOLDINGS_UPDATED,"{'CASH': -123307772, 'JPM': 1344}"
2019-06-28 10:41:00.000000000,HOLDINGS_UPDATED,"{'CASH': -123999274, 'JPM': 1351}"
2019-06-28 10:41:00.000000000,HOLDINGS_UPDATED,"{'CASH': -124789562, 'JPM': 1359}"
2019-06-28 10:41:00.000000000,HOLDINGS_UPDATED,"{'CASH': -125678636, 'JPM': 1368}"
2019-06-28 10:41:00.000000000,HOLDINGS_UPDATED,"{'CASH': -126468924, 'JPM': 1376}"
2019-06-28 10:41:00.000000000,HOLDINGS_UPDATED,"{'CASH': -126765282, 'JPM': 1379}"
2019-06-28 10:41:10.000000000,BID_DEPTH,[]
2019-06-28 10:41:10.000000000,ASK_DEPTH,"[(99705, 100), (99996, 100), (100018, 100), (100170, 100), (100224, 100)]"
2019-06-28 10:41:10.000000000,IMBALANCE,"[0, 500]"
2019-06-28 10:41:20.000000000,BID_DEPTH,[]
2019-06-28 10:41:20.000000000,ASK_DEPTH,"[(99705, 100), (99766, 100), (99996, 100), (100018, 100), (100170, 100)]"
2019-06-28 10:41:20.000000000,IMBALANCE,"[0, 500]"
2019-06-28 10:41:30.000000000,BID_DEPTH,[]
2019-06-28 10:41:30.000000000,ASK_DEPTH,"[(99705, 100), (99766, 100), (99996, 100), (100018, 100), (100170, 100)]"
2019-06-28 10:41:30.000000000,IMBALANCE,"[0, 500]"
2019-06-28 10:41:40.000000000,BID_DEPTH,[]
2019-06-28 10:41:40.000000000,ASK_DEPTH,"[(99705, 100), (99766, 100), (99996, 100), (100018, 100), (100170, 100)]"
2019-06-28 10:41:40.000000000,IMBALANCE,"[0, 500]"
2019-06-28 10:41:50.000000000,BID_DEPTH,"[(99263, 100), (99109, 100)]"
2019-06-28 10:41:50.000000000,ASK_DEPTH,"[(99705, 100), (99766, 100), (99996, 100), (100018, 100), (100170, 100)]"
2019-06-28 10:41:50.000000000,IMBALANCE,"[200, 500]"
2019-06-28 10:42:00.000000000,BID_DEPTH,"[(99263, 100), (99109, 100)]"
2019-06-28 10:42:00.000000000,ASK_DEPTH,"[(99705, 100), (99766, 100), (99996, 100), (100018, 100), (100170, 100)]"
2019-06-28 10:42:00.000000000,IMBALANCE,"[200, 500]"
2019-06-28 10:42:00.000000000,HOLDINGS_UPDATED,"{'CASH': -127460123, 'JPM': 1386}"
2019-06-28 10:42:00.000000000,HOLDINGS_UPDATED,"{'CASH': -128353490, 'JPM': 1395}"
2019-06-28 10:42:00.000000000,HOLDINGS_UPDATED,"{'CASH': -129147594, 'JPM': 1403}"
2019-06-28 10:42:00.000000000,HOLDINGS_UPDATED,"{'CASH': -129445383, 'JPM': 1406}"
2019-06-28 10:42:10.000000000,BID_DEPTH,"[(99109, 100)]"
2019-06-28 10:42:10.000000000,ASK_DEPTH,"[(99705, 100), (99766, 100), (99996, 100), (100018, 100), (100170, 100)]"
2019-06-28 10:42:10.000000000,IMBALANCE,"[100, 500]"
2019-06-28 10:42:20.000000000,BID_DEPTH,"[(99263, 100), (99109, 100)]"
2019-06-28 10:42:20.000000000,ASK_DEPTH,"[(99705, 100), (99766, 100), (99996, 100), (100018, 100), (100170, 100)]"
2019-06-28 10:42:20.000000000,IMBALANCE,"[200, 500]"
2019-06-28 10:42:30.000000000,BID_DEPTH,"[(99263, 100), (99109, 100)]"
2019-06-28 10:42:30.000000000,ASK_DEPTH,"[(99705, 100), (99766, 100), (99996, 100), (100018, 100), (100170, 100)]"
2019-06-28 10:42:30.000000000,IMBALANCE,"[200, 500]"
2019-06-28 10:42:40.000000000,BID_DEPTH,"[(99511, 100), (99263, 100), (99109, 100)]"
2019-06-28 10:42:40.000000000,ASK_DEPTH,"[(99705, 100), (99766, 100), (99996, 100), (100170, 100), (100224, 100)]"
2019-06-28 10:42:40.000000000,IMBALANCE,"[300, 500]"
2019-06-28 10:42:50.000000000,BID_DEPTH,"[(99511, 100), (99263, 100), (99109, 100)]"
2019-06-28 10:42:50.000000000,ASK_DEPTH,"[(99705, 100), (99766, 100), (99996, 100), (100170, 100), (100224, 100)]"
2019-06-28 10:42:50.000000000,IMBALANCE,"[300, 500]"
2019-06-28 10:43:00.000000000,BID_DEPTH,"[(99511, 100), (99263, 100), (99109, 100)]"
2019-06-28 10:43:00.000000000,ASK_DEPTH,"[(99705, 100), (99766, 100), (99996, 100), (100170, 100), (100224, 100)]"
2019-06-28 10:43:00.000000000,IMBALANCE,"[300, 500]"
2019-06-28 10:43:00.000000000,HOLDINGS_UPDATED,"{'CASH': -130141960, 'JPM': 1413}"
2019-06-28 10:43:00.000000000,HOLDINGS_UPDATED,"{'CASH': -131037559, 'JPM': 1422}"
2019-06-28 10:43:00.000000000,HOLDINGS_UPDATED,"{'CASH': -131833647, 'JPM': 1430}"
2019-06-28 10:43:00.000000000,HOLDINGS_UPDATED,"{'CASH': -132132180, 'JPM': 1433}"
2019-06-28 10:43:10.000000000,BID_DEPTH,"[(99263, 100), (99109, 100)]"
2019-06-28 10:43:10.000000000,ASK_DEPTH,"[(99705, 100), (99766, 100), (99996, 100), (100170, 100), (100224, 100)]"
2019-06-28 10:43:10.000000000,IMBALANCE,"[200, 500]"
2019-06-28 10:43:20.000000000,BID_DEPTH,"[(99263, 100), (99109, 100)]"
2019-06-28 10:43:20.000000000,ASK_DEPTH,"[(99705, 100), (99766, 100), (99996, 100), (100170, 100), (100224, 100)]"
2019-06-28 10:43:20.000000000,IMBALANCE,"[200, 500]"
2019-06-28 10:43:30.000000000,BID_DEPTH,"[(99263, 100), (99171, 100), (99109, 100)]"
2019-06-28 10:43:30.000000000,ASK_DEPTH,"[(99705, 100), (99766, 100), (99996, 100), (100170, 100), (100224, 100)]"
2019-06-28 10:43:30.000000000,IMBALANCE,"[300, 500]"
2019-06-28 10:43:40.000000000,BID_DEPTH,"[(99263, 100), (99171, 100), (99109, 100)]"
2019-06-28 10:43:40.000000000,ASK_DEPTH,"[(99705, 100), (99766, 100), (99996, 100), (100224, 100), (100246, 100)]"
2019-06-28 10:43:40.000000000,IMBALANCE,"[300, 500]"
2019-06-28 10:43:50.000000000,BID_DEPTH,"[(99263, 100), (99171, 100), (99109, 100)]"
2019-06-28 10:43:50.000000000,ASK_DEPTH,"[(99496, 100), (99511, 100), (99705, 100), (99766, 100), (99996, 100)]"
2019-06-28 10:43:50.000000000,IMBALANCE,"[300, 500]"
2019-06-28 10:44:00.000000000,BID_DEPTH,"[(99263, 100), (99171, 100), (99109, 100)]"
2019-06-28 10:44:00.000000000,ASK_DEPTH,"[(99496, 100), (99511, 100), (99543, 100), (99705, 100), (99766, 100)]"
2019-06-28 10:44:00.000000000,IMBALANCE,"[300, 500]"
2019-06-28 10:44:00.000000000,HOLDINGS_UPDATED,"{'CASH': -132827021, 'JPM': 1440}"
2019-06-28 10:44:00.000000000,HOLDINGS_UPDATED,"{'CASH': -133720388, 'JPM': 1449}"
2019-06-28 10:44:00.000000000,HOLDINGS_UPDATED,"{'CASH': -134514492, 'JPM': 1457}"
2019-06-28 10:44:00.000000000,HOLDINGS_UPDATED,"{'CASH': -134812281, 'JPM': 1460}"
2019-06-28 10:44:10.000000000,BID_DEPTH,"[(99171, 100), (99109, 100)]"
2019-06-28 10:44:10.000000000,ASK_DEPTH,"[(99485, 100), (99496, 100), (99511, 100), (99705, 100), (99766, 100)]"
2019-06-28 10:44:10.000000000,IMBALANCE,"[200, 500]"
2019-06-28 10:44:20.000000000,BID_DEPTH,"[(99171, 100), (99109, 100)]"
2019-06-28 10:44:20.000000000,ASK_DEPTH,"[(99380, 100), (99485, 100), (99496, 100), (99511, 100), (99705, 100)]"
2019-06-28 10:44:20.000000000,IMBALANCE,"[200, 500]"
2019-06-28 10:44:30.000000000,BID_DEPTH,"[(99171, 100), (99109, 100)]"
2019-06-28 10:44:30.000000000,ASK_DEPTH,"[(99380, 100), (99485, 100), (99496, 100), (99511, 100), (99645, 100)]"
2019-06-28 10:44:30.000000000,IMBALANCE,"[200, 500]"
2019-06-28 10:44:40.000000000,BID_DEPTH,"[(99171, 100), (99109, 100)]"
2019-06-28 10:44:40.000000000,ASK_DEPTH,"[(99380, 100), (99485, 100), (99496, 100), (99511, 100), (99645, 100)]"
2019-06-28 10:44:40.000000000,IMBALANCE,"[200, 500]"
2019-06-28 10:44:50.000000000,BID_DEPTH,"[(99171, 100), (99109, 100)]"
2019-06-28 10:44:50.000000000,ASK_DEPTH,"[(99380, 100), (99485, 100), (99496, 100), (99511, 200), (99645, 100)]"
2019-06-28 10:44:50.000000000,IMBALANCE,"[200, 600]"
2019-06-28 10:45:00.000000000,BID_DEPTH,"[(99171, 100), (99109, 100)]"
2019-06-28 10:45:00.000000000,ASK_DEPTH,"[(99380, 100), (99485, 100), (99496, 100), (99511, 200), (99645, 100)]"
2019-06-28 10:45:00.000000000,IMBALANCE,"[200, 600]"
2019-06-28 10:45:00.000000000,HOLDINGS_UPDATED,"{'CASH': -135506478, 'JPM': 1467}"
2019-06-28 10:45:00.000000000,HOLDINGS_UPDATED,"{'CASH': -136399017, 'JPM': 1476}"
2019-06-28 10:45:00.000000000,HOLDINGS_UPDATED,"{'CASH': -137192385, 'JPM': 1484}"
2019-06-28 10:45:00.000000000,HOLDINGS_UPDATED,"{'CASH': -137489898, 'JPM': 1487}"
2019-06-28 10:45:10.000000000,BID_DEPTH,"[(99109, 100)]"
2019-06-28 10:45:10.000000000,ASK_DEPTH,"[(99485, 100), (99496, 100), (99511, 200), (99645, 100), (99705, 100)]"
2019-06-28 10:45:10.000000000,IMBALANCE,"[100, 600]"
2019-06-28 10:45:20.000000000,BID_DEPTH,"[(99109, 100)]"
2019-06-28 10:45:20.000000000,ASK_DEPTH,"[(99496, 100), (99511, 200), (99645, 100), (99705, 100), (99766, 100)]"
2019-06-28 10:45:20.000000000,IMBALANCE,"[100, 600]"
2019-06-28 10:45:30.000000000,BID_DEPTH,"[(99109, 100)]"
2019-06-28 10:45:30.000000000,ASK_DEPTH,"[(99496, 100), (99511, 200), (99645, 100), (99705, 100), (99766, 100)]"
2019-06-28 10:45:30.000000000,IMBALANCE,"[100, 600]"
2019-06-28 10:45:40.000000000,BID_DEPTH,"[(99380, 100), (99109, 100)]"
2019-06-28 10:45:40.000000000,ASK_DEPTH,"[(99496, 100), (99511, 200), (99645, 100), (99705, 100), (99766, 100)]"
2019-06-28 10:45:40.000000000,IMBALANCE,"[200, 600]"
2019-06-28 10:45:50.000000000,BID_DEPTH,"[(99380, 100), (99109, 100)]"
2019-06-28 10:45:50.000000000,ASK_DEPTH,"[(99496, 100), (99511, 200), (99645, 100), (99705, 100), (99766, 100)]"
2019-06-28 10:45:50.000000000,IMBALANCE,"[200, 600]"
2019-06-28 10:46:00.000000000,BID_DEPTH,"[(99380, 100), (99109, 100)]"
2019-06-28 10:46:00.000000000,ASK_DEPTH,"[(99496, 100), (99511, 200), (99645, 100), (99705, 100), (99766, 100)]"
2019-06-28 10:46:00.000000000,IMBALANCE,"[200, 600]"
2019-06-28 10:46:00.000000000,HOLDINGS_UPDATED,"{'CASH': -138185558, 'JPM': 1494}"
2019-06-28 10:46:00.000000000,HOLDINGS_UPDATED,"{'CASH': -139079978, 'JPM': 1503}"
2019-06-28 10:46:00.000000000,HOLDINGS_UPDATED,"{'CASH': -139875018, 'JPM': 1511}"
2019-06-28 10:46:00.000000000,HOLDINGS_UPDATED,"{'CASH': -140173158, 'JPM': 1514}"
2019-06-28 10:46:10.000000000,BID_DEPTH,"[(99109, 100)]"
2019-06-28 10:46:10.000000000,ASK_DEPTH,"[(99496, 100), (99511, 200), (99645, 100), (99705, 100), (99766, 100)]"
2019-06-28 10:46:10.000000000,IMBALANCE,"[100, 600]"
2019-06-28 10:46:20.000000000,BID_DEPTH,"[(99380, 100), (99109, 100)]"
2019-06-28 10:46:20.000000000,ASK_DEPTH,"[(99511, 200), (99645, 100), (99705, 100), (99766, 100), (99936, 100)]"
2019-06-28 10:46:20.000000000,IMBALANCE,"[200, 600]"
2019-06-28 10:46:30.000000000,BID_DEPTH,"[(99380, 100), (99109, 100)]"
2019-06-28 10:46:30.000000000,ASK_DEPTH,"[(99511, 200), (99645, 100), (99705, 100), (99766, 100), (99936, 100)]"
2019-06-28 10:46:30.000000000,IMBALANCE,"[200, 600]"
2019-06-28 10:46:40.000000000,BID_DEPTH,"[(99380, 100), (99109, 100)]"
2019-06-28 10:46:40.000000000,ASK_DEPTH,"[(99511, 200), (99645, 100), (99705, 100), (99766, 100), (99936, 100)]"
2019-06-28 10:46:40.000000000,IMBALANCE,"[200, 600]"
2019-06-28 10:46:50.000000000,BID_DEPTH,"[(99380, 100), (99109, 100)]"
2019-06-28 10:46:50.000000000,ASK_DEPTH,"[(99511, 200), (99645, 100), (99705, 100), (99766, 100), (99936, 100)]"
2019-06-28 10:46:50.000000000,IMBALANCE,"[200, 600]"
2019-06-28 10:47:00.000000000,BID_DEPTH,"[(99380, 100), (99109, 100)]"
2019-06-28 10:47:00.000000000,ASK_DEPTH,"[(99511, 100), (99645, 100), (99705, 100), (99936, 100), (99996, 100)]"
2019-06-28 10:47:00.000000000,IMBALANCE,"[200, 500]"
2019-06-28 10:47:00.000000000,HOLDINGS_UPDATED,"{'CASH': -140868818, 'JPM': 1521}"
2019-06-28 10:47:00.000000000,HOLDINGS_UPDATED,"{'CASH': -141763238, 'JPM': 1530}"
2019-06-28 10:47:00.000000000,HOLDINGS_UPDATED,"{'CASH': -142558278, 'JPM': 1538}"
2019-06-28 10:47:00.000000000,HOLDINGS_UPDATED,"{'CASH': -142856418, 'JPM': 1541}"
2019-06-28 10:47:06.951702270,HOLDINGS_UPDATED,"{'CASH': -132905318, 'JPM': 1441}"
2019-06-28 10:47:10.000000000,BID_DEPTH,"[(99109, 100)]"
2019-06-28 10:47:10.000000000,ASK_DEPTH,"[(99645, 100), (99705, 100), (99936, 100), (99996, 100), (100152, 100)]"
2019-06-28 10:47:10.000000000,IMBALANCE,"[100, 500]"
2019-06-28 10:47:20.000000000,BID_DEPTH,"[(99511, 100), (99109, 100)]"
2019-06-28 10:47:20.000000000,ASK_DEPTH,"[(99645, 100), (99705, 100), (99936, 100), (99996, 100), (100152, 100)]"
2019-06-28 10:47:20.000000000,IMBALANCE,"[200, 500]"
2019-06-28 10:47:30.000000000,BID_DEPTH,"[(99511, 100), (99109, 100)]"
2019-06-28 10:47:30.000000000,ASK_DEPTH,"[(99645, 100), (99705, 100), (99936, 100), (99996, 100), (100152, 100)]"
2019-06-28 10:47:30.000000000,IMBALANCE,"[200, 500]"
2019-06-28 10:47:40.000000000,BID_DEPTH,"[(99511, 100), (99109, 100)]"
2019-06-28 10:47:40.000000000,ASK_DEPTH,"[(99645, 100), (99705, 100), (99936, 100), (99996, 100), (100152, 100)]"
2019-06-28 10:47:40.000000000,IMBALANCE,"[200, 500]"
2019-06-28 10:47:50.000000000,BID_DEPTH,"[(99511, 100), (99109, 100)]"
2019-06-28 10:47:50.000000000,ASK_DEPTH,"[(99645, 100), (99705, 100), (99936, 100), (99996, 100), (100104, 100)]"
2019-06-28 10:47:50.000000000,IMBALANCE,"[200, 500]"
2019-06-28 10:48:00.000000000,BID_DEPTH,"[(99511, 100), (99109, 100)]"
2019-06-28 10:48:00.000000000,ASK_DEPTH,"[(99705, 100), (99874, 100), (99936, 100), (99996, 100), (100104, 100)]"
2019-06-28 10:48:00.000000000,IMBALANCE,"[200, 500]"
2019-06-28 10:48:00.000000000,HOLDINGS_UPDATED,"{'CASH': -133601895, 'JPM': 1448}"
2019-06-28 10:48:00.000000000,HOLDINGS_UPDATED,"{'CASH': -134497494, 'JPM': 1457}"
2019-06-28 10:48:00.000000000,HOLDINGS_UPDATED,"{'CASH': -135293582, 'JPM': 1465}"
2019-06-28 10:48:00.000000000,HOLDINGS_UPDATED,"{'CASH': -135592115, 'JPM': 1468}"
2019-06-28 10:48:10.000000000,BID_DEPTH,"[(99511, 100), (99109, 100)]"
2019-06-28 10:48:10.000000000,ASK_DEPTH,"[(99705, 100), (99874, 100), (99936, 100), (99996, 100), (100104, 100)]"
2019-06-28 10:48:10.000000000,IMBALANCE,"[200, 500]"
2019-06-28 10:48:20.000000000,BID_DEPTH,"[(99511, 100), (99109, 100)]"
2019-06-28 10:48:20.000000000,ASK_DEPTH,"[(99874, 100), (99936, 100), (99996, 100), (100104, 100), (100152, 100)]"
2019-06-28 10:48:20.000000000,IMBALANCE,"[200, 500]"
2019-06-28 10:48:30.000000000,BID_DEPTH,"[(99511, 100), (99109, 100)]"
2019-06-28 10:48:30.000000000,ASK_DEPTH,"[(99874, 100), (99936, 100), (99996, 100), (100104, 100), (100152, 100)]"
2019-06-28 10:48:30.000000000,IMBALANCE,"[200, 500]"
2019-06-28 10:48:40.000000000,BID_DEPTH,"[(99511, 100), (99109, 100)]"
2019-06-28 10:48:40.000000000,ASK_DEPTH,"[(99874, 100), (99936, 100), (99996, 100), (100104, 100), (100152, 100)]"
2019-06-28 10:48:40.000000000,IMBALANCE,"[200, 500]"
2019-06-28 10:48:50.000000000,BID_DEPTH,"[(99511, 100), (99109, 100)]"
2019-06-28 10:48:50.000000000,ASK_DEPTH,"[(99936, 100), (99996, 100), (100104, 100), (100152, 100), (100224, 100)]"
2019-06-28 10:48:50.000000000,IMBALANCE,"[200, 500]"
2019-06-28 10:49:00.000000000,BID_DEPTH,"[(99705, 100), (99511, 100), (99109, 100)]"
2019-06-28 10:49:00.000000000,ASK_DEPTH,"[(99936, 100), (99996, 100), (100104, 100), (100152, 100), (100224, 100)]"
2019-06-28 10:49:00.000000000,IMBALANCE,"[300, 500]"
2019-06-28 10:49:00.000000000,HOLDINGS_UPDATED,"{'CASH': -136290050, 'JPM': 1475}"
2019-06-28 10:49:00.000000000,HOLDINGS_UPDATED,"{'CASH': -137187395, 'JPM': 1484}"
2019-06-28 10:49:00.000000000,HOLDINGS_UPDATED,"{'CASH': -137985035, 'JPM': 1492}"
2019-06-28 10:49:00.000000000,HOLDINGS_UPDATED,"{'CASH': -138284150, 'JPM': 1495}"
2019-06-28 10:49:10.000000000,BID_DEPTH,"[(99511, 100), (99109, 100)]"
2019-06-28 10:49:10.000000000,ASK_DEPTH,"[(99936, 100), (99996, 100), (100104, 100), (100152, 100), (100224, 100)]"
2019-06-28 10:49:10.000000000,IMBALANCE,"[200, 500]"
2019-06-28 10:49:20.000000000,BID_DEPTH,"[(99511, 100), (99109, 100)]"
2019-06-28 10:49:20.000000000,ASK_DEPTH,"[(99936, 100), (99996, 100), (100104, 100), (100152, 100), (100224, 100)]"
2019-06-28 10:49:20.000000000,IMBALANCE,"[200, 500]"
2019-06-28 10:49:30.000000000,BID_DEPTH,"[(99511, 100), (99109, 100)]"
2019-06-28 10:49:30.000000000,ASK_DEPTH,"[(99936, 100), (99996, 100), (100104, 100), (100152, 100), (100224, 100)]"
2019-06-28 10:49:30.000000000,IMBALANCE,"[200, 500]"
2019-06-28 10:49:40.000000000,BID_DEPTH,"[(99511, 100), (99109, 100)]"
2019-06-28 10:49:40.000000000,ASK_DEPTH,"[(99936, 100), (99996, 100), (100104, 100), (100152, 100), (100224, 100)]"
2019-06-28 10:49:40.000000000,IMBALANCE,"[200, 500]"
2019-06-28 10:49:50.000000000,BID_DEPTH,"[(99511, 100), (99109, 100)]"
2019-06-28 10:49:50.000000000,ASK_DEPTH,"[(99936, 100), (99996, 100), (100104, 100), (100152, 100), (100224, 100)]"
2019-06-28 10:49:50.000000000,IMBALANCE,"[200, 500]"
2019-06-28 10:50:00.000000000,BID_DEPTH,"[(99705, 100), (99511, 100), (99109, 100)]"
2019-06-28 10:50:00.000000000,ASK_DEPTH,"[(99936, 100), (99996, 100), (100104, 100), (100152, 100), (100224, 100)]"
2019-06-28 10:50:00.000000000,IMBALANCE,"[300, 500]"
2019-06-28 10:50:00.000000000,HOLDINGS_UPDATED,"{'CASH': -138982085, 'JPM': 1502}"
2019-06-28 10:50:00.000000000,HOLDINGS_UPDATED,"{'CASH': -139879430, 'JPM': 1511}"
2019-06-28 10:50:00.000000000,HOLDINGS_UPDATED,"{'CASH': -140677070, 'JPM': 1519}"
2019-06-28 10:50:00.000000000,HOLDINGS_UPDATED,"{'CASH': -140976185, 'JPM': 1522}"
2019-06-28 10:50:10.000000000,BID_DEPTH,"[(99511, 100), (99109, 100)]"
2019-06-28 10:50:10.000000000,ASK_DEPTH,"[(99936, 100), (99996, 100), (100104, 100), (100152, 100), (100224, 100)]"
2019-06-28 10:50:10.000000000,IMBALANCE,"[200, 500]"
2019-06-28 10:50:20.000000000,BID_DEPTH,"[(99705, 100), (99511, 100), (99109, 100)]"
2019-06-28 10:50:20.000000000,ASK_DEPTH,"[(99936, 100), (99996, 100), (100104, 100), (100152, 100), (100224, 100)]"
2019-06-28 10:50:20.000000000,IMBALANCE,"[300, 500]"
2019-06-28 10:50:30.000000000,BID_DEPTH,"[(99705, 100), (99511, 100), (99109, 100)]"
2019-06-28 10:50:30.000000000,ASK_DEPTH,"[(99936, 100), (99996, 100), (100104, 100), (100152, 100), (100224, 100)]"
2019-06-28 10:50:30.000000000,IMBALANCE,"[300, 500]"
2019-06-28 10:50:40.000000000,BID_DEPTH,"[(99705, 100), (99511, 100), (99109, 100)]"
2019-06-28 10:50:40.000000000,ASK_DEPTH,"[(99936, 100), (99996, 100), (100104, 100), (100152, 100), (100224, 100)]"
2019-06-28 10:50:40.000000000,IMBALANCE,"[300, 500]"
2019-06-28 10:50:50.000000000,BID_DEPTH,"[(99705, 100), (99511, 100), (99109, 100)]"
2019-06-28 10:50:50.000000000,ASK_DEPTH,"[(99936, 100), (99996, 100), (100104, 100), (100152, 100), (100224, 100)]"
2019-06-28 10:50:50.000000000,IMBALANCE,"[300, 500]"
2019-06-28 10:51:00.000000000,BID_DEPTH,"[(99705, 100), (99511, 100), (99109, 100)]"
2019-06-28 10:51:00.000000000,ASK_DEPTH,"[(99936, 100), (99996, 100), (100104, 100), (100152, 100), (100224, 100)]"
2019-06-28 10:51:00.000000000,IMBALANCE,"[300, 500]"
2019-06-28 10:51:00.000000000,HOLDINGS_UPDATED,"{'CASH': -141674120, 'JPM': 1529}"
2019-06-28 10:51:00.000000000,HOLDINGS_UPDATED,"{'CASH': -142571465, 'JPM': 1538}"
2019-06-28 10:51:00.000000000,HOLDINGS_UPDATED,"{'CASH': -143369105, 'JPM': 1546}"
2019-06-28 10:51:00.000000000,HOLDINGS_UPDATED,"{'CASH': -143668220, 'JPM': 1549}"
2019-06-28 10:51:10.000000000,BID_DEPTH,"[(99511, 100), (99109, 100)]"
2019-06-28 10:51:10.000000000,ASK_DEPTH,"[(99936, 100), (99996, 100), (100104, 100), (100152, 100), (100224, 100)]"
2019-06-28 10:51:10.000000000,IMBALANCE,"[200, 500]"
2019-06-28 10:51:20.000000000,BID_DEPTH,"[(99698, 100), (99511, 100), (99109, 100)]"
2019-06-28 10:51:20.000000000,ASK_DEPTH,"[(99936, 100), (99996, 100), (100104, 100), (100152, 100), (100224, 100)]"
2019-06-28 10:51:20.000000000,IMBALANCE,"[300, 500]"
2019-06-28 10:51:30.000000000,BID_DEPTH,"[(99698, 100), (99511, 100), (99109, 100)]"
2019-06-28 10:51:30.000000000,ASK_DEPTH,"[(99936, 100), (99996, 100), (100104, 100), (100152, 100), (100224, 100)]"
2019-06-28 10:51:30.000000000,IMBALANCE,"[300, 500]"
2019-06-28 10:51:40.000000000,BID_DEPTH,"[(99698, 100), (99511, 100), (99109, 100)]"
2019-06-28 10:51:40.000000000,ASK_DEPTH,"[(99936, 100), (99996, 100), (100104, 100), (100152, 100), (100224, 100)]"
2019-06-28 10:51:40.000000000,IMBALANCE,"[300, 500]"
2019-06-28 10:51:50.000000000,BID_DEPTH,"[(99698, 100), (99511, 100), (99109, 100)]"
2019-06-28 10:51:50.000000000,ASK_DEPTH,"[(99936, 100), (99996, 100), (100104, 100), (100152, 100), (100224, 100)]"
2019-06-28 10:51:50.000000000,IMBALANCE,"[300, 500]"
2019-06-28 10:52:00.000000000,BID_DEPTH,"[(99698, 100), (99511, 100), (99109, 100)]"
2019-06-28 10:52:00.000000000,ASK_DEPTH,"[(99877, 100), (99936, 100), (99996, 100), (100016, 100), (100104, 100)]"
2019-06-28 10:52:00.000000000,IMBALANCE,"[300, 500]"
2019-06-28 10:52:00.000000000,HOLDINGS_UPDATED,"{'CASH': -144366106, 'JPM': 1556}"
2019-06-28 10:52:00.000000000,HOLDINGS_UPDATED,"{'CASH': -145263388, 'JPM': 1565}"
2019-06-28 10:52:00.000000000,HOLDINGS_UPDATED,"{'CASH': -146060972, 'JPM': 1573}"
2019-06-28 10:52:00.000000000,HOLDINGS_UPDATED,"{'CASH': -146360066, 'JPM': 1576}"
2019-06-28 10:52:10.000000000,BID_DEPTH,"[(99511, 100), (99109, 100)]"
2019-06-28 10:52:10.000000000,ASK_DEPTH,"[(99877, 100), (99936, 100), (99996, 100), (100016, 100), (100104, 100)]"
2019-06-28 10:52:10.000000000,IMBALANCE,"[200, 500]"
2019-06-28 10:52:20.000000000,BID_DEPTH,"[(99511, 100), (99109, 100)]"
2019-06-28 10:52:20.000000000,ASK_DEPTH,"[(99877, 100), (99936, 100), (99996, 100), (100016, 100), (100104, 100)]"
2019-06-28 10:52:20.000000000,IMBALANCE,"[200, 500]"
2019-06-28 10:52:30.000000000,BID_DEPTH,"[(99511, 100), (99109, 100)]"
2019-06-28 10:52:30.000000000,ASK_DEPTH,"[(99877, 100), (99936, 100), (99996, 100), (100016, 100), (100104, 100)]"
2019-06-28 10:52:30.000000000,IMBALANCE,"[200, 500]"
2019-06-28 10:52:40.000000000,BID_DEPTH,"[(99511, 100), (99109, 100)]"
2019-06-28 10:52:40.000000000,ASK_DEPTH,"[(99877, 100), (99936, 100), (99996, 100), (100016, 100), (100104, 100)]"
2019-06-28 10:52:40.000000000,IMBALANCE,"[200, 500]"
2019-06-28 10:52:50.000000000,BID_DEPTH,"[(99511, 100), (99109, 100)]"
2019-06-28 10:52:50.000000000,ASK_DEPTH,"[(99877, 100), (99936, 100), (99996, 100), (100016, 100), (100104, 100)]"
2019-06-28 10:52:50.000000000,IMBALANCE,"[200, 500]"
2019-06-28 10:53:00.000000000,BID_DEPTH,"[(99511, 100), (99109, 100)]"
2019-06-28 10:53:00.000000000,ASK_DEPTH,"[(99877, 100), (99936, 100), (99996, 100), (100016, 100), (100104, 100)]"
2019-06-28 10:53:00.000000000,IMBALANCE,"[200, 500]"
2019-06-28 10:53:00.000000000,HOLDINGS_UPDATED,"{'CASH': -147056643, 'JPM': 1583}"
2019-06-28 10:53:00.000000000,HOLDINGS_UPDATED,"{'CASH': -147952242, 'JPM': 1592}"
2019-06-28 10:53:00.000000000,HOLDINGS_UPDATED,"{'CASH': -148748330, 'JPM': 1600}"
2019-06-28 10:53:00.000000000,HOLDINGS_UPDATED,"{'CASH': -149046863, 'JPM': 1603}"
2019-06-28 10:53:10.000000000,BID_DEPTH,"[(99109, 100)]"
2019-06-28 10:53:10.000000000,ASK_DEPTH,"[(99784, 100), (99877, 100), (99936, 100), (99996, 100), (100016, 100)]"
2019-06-28 10:53:10.000000000,IMBALANCE,"[100, 500]"
2019-06-28 10:53:20.000000000,BID_DEPTH,"[(99109, 100)]"
2019-06-28 10:53:20.000000000,ASK_DEPTH,"[(99784, 100), (99877, 100), (99936, 100), (99996, 100), (100016, 100)]"
2019-06-28 10:53:20.000000000,IMBALANCE,"[100, 500]"
2019-06-28 10:53:30.000000000,BID_DEPTH,"[(99109, 100)]"
2019-06-28 10:53:30.000000000,ASK_DEPTH,"[(99784, 100), (99877, 100), (99936, 100), (99996, 100), (100016, 100)]"
2019-06-28 10:53:30.000000000,IMBALANCE,"[100, 500]"
2019-06-28 10:53:40.000000000,BID_DEPTH,"[(99109, 100)]"
2019-06-28 10:53:40.000000000,ASK_DEPTH,"[(99784, 100), (99877, 100), (99936, 100), (99996, 100), (100016, 100)]"
2019-06-28 10:53:40.000000000,IMBALANCE,"[100, 500]"
2019-06-28 10:53:50.000000000,BID_DEPTH,"[(99109, 100)]"
2019-06-28 10:53:50.000000000,ASK_DEPTH,"[(99784, 100), (99877, 100), (99936, 100), (99996, 100), (100016, 100)]"
2019-06-28 10:53:50.000000000,IMBALANCE,"[100, 500]"
2019-06-28 10:54:00.000000000,BID_DEPTH,"[(99109, 100)]"
2019-06-28 10:54:00.000000000,ASK_DEPTH,"[(99784, 100), (99877, 100), (99936, 100), (99996, 100), (100016, 100)]"
2019-06-28 10:54:00.000000000,IMBALANCE,"[100, 500]"
2019-06-28 10:54:00.000000000,HOLDINGS_UPDATED,"{'CASH': -149740626, 'JPM': 1610}"
2019-06-28 10:54:00.000000000,HOLDINGS_UPDATED,"{'CASH': -150632607, 'JPM': 1619}"
2019-06-28 10:54:00.000000000,HOLDINGS_UPDATED,"{'CASH': -151425479, 'JPM': 1627}"
2019-06-28 10:54:00.000000000,HOLDINGS_UPDATED,"{'CASH': -151722806, 'JPM': 1630}"
2019-06-28 10:54:10.000000000,BID_DEPTH,[]
2019-06-28 10:54:10.000000000,ASK_DEPTH,"[(99784, 100), (99877, 100), (99936, 100), (99996, 100), (100016, 100)]"
2019-06-28 10:54:10.000000000,IMBALANCE,"[0, 500]"
2019-06-28 10:54:20.000000000,BID_DEPTH,"[(98935, 100)]"
2019-06-28 10:54:20.000000000,ASK_DEPTH,"[(99784, 100), (99877, 100), (99936, 100), (99996, 100), (100016, 100)]"
2019-06-28 10:54:20.000000000,IMBALANCE,"[100, 500]"
2019-06-28 10:54:30.000000000,BID_DEPTH,"[(98935, 100)]"
2019-06-28 10:54:30.000000000,ASK_DEPTH,"[(99784, 100), (99877, 100), (99936, 100), (99996, 100), (100016, 100)]"
2019-06-28 10:54:30.000000000,IMBALANCE,"[100, 500]"
2019-06-28 10:54:40.000000000,BID_DEPTH,"[(98935, 100)]"
2019-06-28 10:54:40.000000000,ASK_DEPTH,"[(99784, 100), (99877, 100), (99936, 100), (99996, 100), (100016, 100)]"
2019-06-28 10:54:40.000000000,IMBALANCE,"[100, 500]"
2019-06-28 10:54:50.000000000,BID_DEPTH,"[(98935, 100)]"
2019-06-28 10:54:50.000000000,ASK_DEPTH,"[(98973, 100), (99784, 100), (99877, 100), (99936, 100), (99996, 100)]"
2019-06-28 10:54:50.000000000,IMBALANCE,"[100, 500]"
2019-06-28 10:55:00.000000000,BID_DEPTH,"[(98935, 100)]"
2019-06-28 10:55:00.000000000,ASK_DEPTH,"[(98973, 100), (98997, 100), (99784, 100), (99877, 100), (99936, 100)]"
2019-06-28 10:55:00.000000000,IMBALANCE,"[100, 500]"
2019-06-28 10:55:00.000000000,HOLDINGS_UPDATED,"{'CASH': -152415351, 'JPM': 1637}"
2019-06-28 10:55:00.000000000,HOLDINGS_UPDATED,"{'CASH': -153305766, 'JPM': 1646}"
2019-06-28 10:55:00.000000000,HOLDINGS_UPDATED,"{'CASH': -154097246, 'JPM': 1654}"
2019-06-28 10:55:00.000000000,HOLDINGS_UPDATED,"{'CASH': -154394051, 'JPM': 1657}"
2019-06-28 10:55:10.000000000,BID_DEPTH,"[(98935, 3)]"
2019-06-28 10:55:10.000000000,ASK_DEPTH,"[(98973, 100), (98997, 100), (99784, 100), (99877, 100), (99936, 100)]"
2019-06-28 10:55:10.000000000,IMBALANCE,"[3, 500]"
2019-06-28 10:55:20.000000000,BID_DEPTH,"[(98935, 3)]"
2019-06-28 10:55:20.000000000,ASK_DEPTH,"[(98973, 100), (98997, 100), (99784, 100), (99877, 100), (99936, 100)]"
2019-06-28 10:55:20.000000000,IMBALANCE,"[3, 500]"
2019-06-28 10:55:30.000000000,BID_DEPTH,"[(98935, 3)]"
2019-06-28 10:55:30.000000000,ASK_DEPTH,"[(98973, 100), (98997, 100), (99784, 100), (99877, 100), (99936, 100)]"
2019-06-28 10:55:30.000000000,IMBALANCE,"[3, 500]"
2019-06-28 10:55:40.000000000,BID_DEPTH,"[(98935, 3), (98909, 100), (98838, 100)]"
2019-06-28 10:55:40.000000000,ASK_DEPTH,"[(98973, 100), (98997, 100), (99784, 100), (99877, 100), (99936, 100)]"
2019-06-28 10:55:40.000000000,IMBALANCE,"[203, 500]"
2019-06-28 10:55:50.000000000,BID_DEPTH,"[(98935, 3), (98909, 100), (98838, 100)]"
2019-06-28 10:55:50.000000000,ASK_DEPTH,"[(99784, 100), (99877, 100), (99936, 100), (99996, 100), (100016, 100)]"
2019-06-28 10:55:50.000000000,IMBALANCE,"[203, 500]"
2019-06-28 10:56:00.000000000,BID_DEPTH,"[(98935, 3), (98909, 100), (98838, 100)]"
2019-06-28 10:56:00.000000000,ASK_DEPTH,"[(99784, 100), (99877, 100), (99936, 100), (99996, 100), (100016, 100)]"
2019-06-28 10:56:00.000000000,IMBALANCE,"[203, 500]"
2019-06-28 10:56:00.000000000,HOLDINGS_UPDATED,"{'CASH': -154987661, 'JPM': 1663}"
2019-06-28 10:56:00.000000000,HOLDINGS_UPDATED,"{'CASH': -155482336, 'JPM': 1668}"
2019-06-28 10:56:00.000000000,HOLDINGS_UPDATED,"{'CASH': -155779141, 'JPM': 1671}"
2019-06-28 10:56:00.000000000,HOLDINGS_UPDATED,"{'CASH': -156570621, 'JPM': 1679}"
2019-06-28 10:56:00.000000000,HOLDINGS_UPDATED,"{'CASH': -156867426, 'JPM': 1682}"
2019-06-28 10:56:00.000000000,HOLDINGS_UPDATED,"{'CASH': -157461036, 'JPM': 1688}"
2019-06-28 10:56:00.000000000,HOLDINGS_UPDATED,"{'CASH': -158252516, 'JPM': 1696}"
2019-06-28 10:56:00.000000000,HOLDINGS_UPDATED,"{'CASH': -158351451, 'JPM': 1697}"
2019-06-28 10:56:00.000000000,HOLDINGS_UPDATED,"{'CASH': -158450386, 'JPM': 1698}"
2019-06-28 10:56:00.000000000,HOLDINGS_UPDATED,"{'CASH': -158945061, 'JPM': 1703}"
2019-06-28 10:56:00.000000000,HOLDINGS_UPDATED,"{'CASH': -159043996, 'JPM': 1704}"
2019-06-28 10:56:00.000000000,HOLDINGS_UPDATED,"{'CASH': -159241866, 'JPM': 1706}"
2019-06-28 10:56:00.000000000,HOLDINGS_UPDATED,"{'CASH': -159736541, 'JPM': 1711}"
2019-06-28 10:56:00.000000000,HOLDINGS_UPDATED,"{'CASH': -160626956, 'JPM': 1720}"
2019-06-28 10:56:00.000000000,HOLDINGS_UPDATED,"{'CASH': -161517371, 'JPM': 1729}"
2019-06-28 10:56:00.000000000,HOLDINGS_UPDATED,"{'CASH': -162308851, 'JPM': 1737}"
2019-06-28 10:56:00.000000000,HOLDINGS_UPDATED,"{'CASH': -162704591, 'JPM': 1741}"
2019-06-28 10:56:00.000000000,HOLDINGS_UPDATED,"{'CASH': -163199266, 'JPM': 1746}"
2019-06-28 10:56:00.000000000,HOLDINGS_UPDATED,"{'CASH': -163891811, 'JPM': 1753}"
2019-06-28 10:56:00.000000000,HOLDINGS_UPDATED,"{'CASH': -164683291, 'JPM': 1761}"
2019-06-28 10:56:00.000000000,HOLDINGS_UPDATED,"{'CASH': -165573706, 'JPM': 1770}"
2019-06-28 10:56:00.000000000,HOLDINGS_UPDATED,"{'CASH': -166365186, 'JPM': 1778}"
2019-06-28 10:56:00.000000000,HOLDINGS_UPDATED,"{'CASH': -166661991, 'JPM': 1781}"
2019-06-28 10:56:10.000000000,BID_DEPTH,"[(98935, 100), (98909, 100), (98838, 100)]"
2019-06-28 10:56:10.000000000,ASK_DEPTH,"[(99784, 100), (99877, 100), (99936, 100), (99996, 100), (100016, 100)]"
2019-06-28 10:56:10.000000000,IMBALANCE,"[300, 500]"
2019-06-28 10:56:20.000000000,BID_DEPTH,"[(99518, 100), (98935, 100), (98909, 100), (98838, 100)]"
2019-06-28 10:56:20.000000000,ASK_DEPTH,"[(99784, 100), (99877, 100), (99936, 100), (99996, 100), (100016, 100)]"
2019-06-28 10:56:20.000000000,IMBALANCE,"[400, 500]"
2019-06-28 10:56:30.000000000,BID_DEPTH,"[(99518, 100), (99409, 100), (98935, 100), (98909, 100), (98838, 100)]"
2019-06-28 10:56:30.000000000,ASK_DEPTH,"[(99784, 100), (99877, 100), (99936, 100), (99996, 100), (100016, 100)]"
2019-06-28 10:56:30.000000000,IMBALANCE,"[500, 500]"
2019-06-28 10:56:40.000000000,BID_DEPTH,"[(99518, 100), (99409, 100), (98935, 100), (98909, 100), (98838, 100)]"
2019-06-28 10:56:40.000000000,ASK_DEPTH,"[(99739, 100), (99784, 100), (99877, 100), (99936, 100), (99996, 100)]"
2019-06-28 10:56:40.000000000,IMBALANCE,"[500, 500]"
2019-06-28 10:56:50.000000000,BID_DEPTH,"[(99518, 100), (99409, 100), (98935, 100), (98909, 100), (98838, 100)]"
2019-06-28 10:56:50.000000000,ASK_DEPTH,"[(99739, 100), (99784, 100), (99877, 100), (99936, 100), (99996, 100)]"
2019-06-28 10:56:50.000000000,IMBALANCE,"[500, 500]"
2019-06-28 10:57:00.000000000,BID_DEPTH,"[(99518, 100), (99409, 100), (98935, 100), (98909, 100), (98838, 100)]"
2019-06-28 10:57:00.000000000,ASK_DEPTH,"[(99739, 100), (99784, 100), (99877, 100), (99936, 100), (99996, 100)]"
2019-06-28 10:57:00.000000000,IMBALANCE,"[500, 500]"
2019-06-28 10:57:00.000000000,HOLDINGS_UPDATED,"{'CASH': -167358617, 'JPM': 1788}"
2019-06-28 10:57:00.000000000,HOLDINGS_UPDATED,"{'CASH': -168254279, 'JPM': 1797}"
2019-06-28 10:57:00.000000000,HOLDINGS_UPDATED,"{'CASH': -169050423, 'JPM': 1805}"
2019-06-28 10:57:00.000000000,HOLDINGS_UPDATED,"{'CASH': -169348977, 'JPM': 1808}"
2019-06-28 10:57:10.000000000,BID_DEPTH,"[(99409, 100), (98935, 100), (98909, 100), (98838, 100)]"
2019-06-28 10:57:10.000000000,ASK_DEPTH,"[(99739, 100), (99784, 100), (99877, 100), (99936, 100), (99996, 100)]"
2019-06-28 10:57:10.000000000,IMBALANCE,"[400, 500]"
2019-06-28 10:57:20.000000000,BID_DEPTH,"[(99409, 100), (99219, 100), (98935, 100), (98909, 100), (98838, 100)]"
2019-06-28 10:57:20.000000000,ASK_DEPTH,"[(99739, 100), (99784, 100), (99877, 100), (99936, 100), (99996, 100)]"
2019-06-28 10:57:20.000000000,IMBALANCE,"[500, 500]"
2019-06-28 10:57:30.000000000,BID_DEPTH,"[(99409, 100), (99219, 100), (98935, 100), (98909, 100), (98838, 100)]"
2019-06-28 10:57:30.000000000,ASK_DEPTH,"[(99518, 100), (99739, 100), (99784, 100), (99877, 100), (99936, 100)]"
2019-06-28 10:57:30.000000000,IMBALANCE,"[500, 500]"
2019-06-28 10:57:40.000000000,BID_DEPTH,"[(99485, 100), (99409, 100), (99219, 100), (98935, 100), (98909, 100)]"
2019-06-28 10:57:40.000000000,ASK_DEPTH,"[(99518, 100), (99739, 100), (99784, 100), (99877, 100), (99936, 100)]"
2019-06-28 10:57:40.000000000,IMBALANCE,"[500, 500]"
2019-06-28 10:57:50.000000000,BID_DEPTH,"[(99485, 100), (99409, 100), (99304, 100), (99219, 100), (98935, 100)]"
2019-06-28 10:57:50.000000000,ASK_DEPTH,"[(99518, 100), (99739, 100), (99784, 100), (99877, 100), (99936, 100)]"
2019-06-28 10:57:50.000000000,IMBALANCE,"[500, 500]"
2019-06-28 10:58:00.000000000,BID_DEPTH,"[(99485, 100), (99409, 100), (99398, 100), (99304, 100), (99219, 100)]"
2019-06-28 10:58:00.000000000,ASK_DEPTH,"[(99518, 100), (99739, 100), (99784, 100), (99877, 100), (99936, 100)]"
2019-06-28 10:58:00.000000000,IMBALANCE,"[500, 500]"
2019-06-28 10:58:00.000000000,HOLDINGS_UPDATED,"{'CASH': -170045372, 'JPM': 1815}"
2019-06-28 10:58:00.000000000,HOLDINGS_UPDATED,"{'CASH': -170940737, 'JPM': 1824}"
2019-06-28 10:58:00.000000000,HOLDINGS_UPDATED,"{'CASH': -171736617, 'JPM': 1832}"
2019-06-28 10:58:00.000000000,HOLDINGS_UPDATED,"{'CASH': -172035072, 'JPM': 1835}"
2019-06-28 10:58:10.000000000,BID_DEPTH,"[(99409, 100), (99398, 100), (99304, 100), (99219, 100), (98935, 100)]"
2019-06-28 10:58:10.000000000,ASK_DEPTH,"[(99518, 100), (99739, 100), (99784, 100), (99877, 100), (99936, 100)]"
2019-06-28 10:58:10.000000000,IMBALANCE,"[500, 500]"
2019-06-28 10:58:20.000000000,BID_DEPTH,"[(99398, 100), (99304, 100), (99219, 100), (98935, 100), (98909, 100)]"
2019-06-28 10:58:20.000000000,ASK_DEPTH,"[(99518, 100), (99739, 100), (99784, 100), (99877, 100), (99936, 100)]"
2019-06-28 10:58:20.000000000,IMBALANCE,"[500, 500]"
2019-06-28 10:58:30.000000000,BID_DEPTH,"[(99304, 100), (99301, 100), (99219, 100), (98935, 100), (98909, 100)]"
2019-06-28 10:58:30.000000000,ASK_DEPTH,"[(99518, 100), (99739, 100), (99784, 100), (99877, 100), (99936, 100)]"
2019-06-28 10:58:30.000000000,IMBALANCE,"[500, 500]"
2019-06-28 10:58:40.000000000,BID_DEPTH,"[(99386, 100), (99304, 100), (99301, 100), (99219, 100), (98935, 100)]"
2019-06-28 10:58:40.000000000,ASK_DEPTH,"[(99518, 100), (99739, 100), (99784, 100), (99877, 100), (99936, 100)]"
2019-06-28 10:58:40.000000000,IMBALANCE,"[500, 500]"
2019-06-28 10:58:50.000000000,BID_DEPTH,"[(99386, 100), (99304, 100), (99301, 100), (99219, 100), (98935, 100)]"
2019-06-28 10:58:50.000000000,ASK_DEPTH,"[(99518, 100), (99739, 100), (99784, 100), (99877, 100), (99936, 100)]"
2019-06-28 10:58:50.000000000,IMBALANCE,"[500, 500]"
2019-06-28 10:59:00.000000000,BID_DEPTH,"[(99386, 100), (99304, 100), (99301, 100), (99219, 100), (98935, 100)]"
2019-06-28 10:59:00.000000000,ASK_DEPTH,"[(99518, 100), (99739, 100), (99784, 100), (99877, 100), (99936, 100)]"
2019-06-28 10:59:00.000000000,IMBALANCE,"[500, 500]"
2019-06-28 10:59:00.000000000,HOLDINGS_UPDATED,"{'CASH': -172730774, 'JPM': 1842}"
2019-06-28 10:59:00.000000000,HOLDINGS_UPDATED,"{'CASH': -173625248, 'JPM': 1851}"
2019-06-28 10:59:00.000000000,HOLDINGS_UPDATED,"{'CASH': -174420336, 'JPM': 1859}"
2019-06-28 10:59:00.000000000,HOLDINGS_UPDATED,"{'CASH': -174718494, 'JPM': 1862}"
2019-06-28 10:59:03.815056205,HOLDINGS_UPDATED,"{'CASH': -184657094, 'JPM': 1962}"
2019-06-28 10:59:09.094204033,HOLDINGS_UPDATED,"{'CASH': -192906132, 'JPM': 2045}"
2019-06-28 10:59:10.000000000,BID_DEPTH,"[(99304, 100), (99301, 100), (99242, 100), (98935, 100), (98915, 100)]"
2019-06-28 10:59:10.000000000,ASK_DEPTH,"[(99386, 17), (99518, 100), (99739, 100), (99784, 100), (99877, 100)]"
2019-06-28 10:59:10.000000000,IMBALANCE,"[500, 417]"
2019-06-28 10:59:20.000000000,BID_DEPTH,"[(99304, 100), (99301, 100), (99242, 100), (98935, 100), (98915, 100)]"
2019-06-28 10:59:20.000000000,ASK_DEPTH,"[(99386, 17), (99518, 100), (99739, 100), (99784, 100), (99877, 100)]"
2019-06-28 10:59:20.000000000,IMBALANCE,"[500, 417]"
2019-06-28 10:59:30.000000000,BID_DEPTH,"[(99304, 100), (99301, 100), (99242, 100), (98935, 100), (98915, 100)]"
2019-06-28 10:59:30.000000000,ASK_DEPTH,"[(99386, 17), (99518, 100), (99739, 100), (99784, 100), (99877, 100)]"
2019-06-28 10:59:30.000000000,IMBALANCE,"[500, 417]"
2019-06-28 10:59:40.000000000,BID_DEPTH,"[(99304, 100), (99301, 100), (99242, 100), (98935, 100), (98915, 100)]"
2019-06-28 10:59:40.000000000,ASK_DEPTH,"[(99386, 17), (99518, 100), (99739, 100), (99784, 100), (99877, 100)]"
2019-06-28 10:59:40.000000000,IMBALANCE,"[500, 417]"
2019-06-28 10:59:50.000000000,BID_DEPTH,"[(99304, 100), (99301, 100), (99242, 100), (98935, 100), (98915, 100)]"
2019-06-28 10:59:50.000000000,ASK_DEPTH,"[(99386, 17), (99518, 100), (99739, 100), (99784, 100), (99877, 100)]"
2019-06-28 10:59:50.000000000,IMBALANCE,"[500, 417]"
2019-06-28 11:00:00.000000000,BID_DEPTH,"[(99304, 100), (99301, 100), (99242, 100), (98935, 100), (98915, 100)]"
2019-06-28 11:00:00.000000000,ASK_DEPTH,"[(99386, 17), (99518, 100), (99739, 100), (99784, 100), (99877, 100)]"
2019-06-28 11:00:00.000000000,IMBALANCE,"[500, 417]"
2019-06-28 11:00:00.000000000,HOLDINGS_UPDATED,"{'CASH': -193601260, 'JPM': 2052}"
2019-06-28 11:00:00.000000000,HOLDINGS_UPDATED,"{'CASH': -194494996, 'JPM': 2061}"
2019-06-28 11:00:00.000000000,HOLDINGS_UPDATED,"{'CASH': -195289428, 'JPM': 2069}"
2019-06-28 11:00:00.000000000,HOLDINGS_UPDATED,"{'CASH': -195587340, 'JPM': 2072}"
2019-06-28 11:00:10.000000000,BID_DEPTH,"[(99301, 100), (99242, 100), (98935, 100), (98915, 100), (98909, 100)]"
2019-06-28 11:00:10.000000000,ASK_DEPTH,"[(99386, 17), (99518, 100), (99739, 100), (99784, 100), (99877, 100)]"
2019-06-28 11:00:10.000000000,IMBALANCE,"[500, 417]"
2019-06-28 11:00:20.000000000,BID_DEPTH,"[(99301, 100), (99242, 100), (98971, 100), (98935, 100), (98915, 100)]"
2019-06-28 11:00:20.000000000,ASK_DEPTH,"[(99386, 17), (99518, 100), (99739, 100), (99784, 100), (99877, 100)]"
2019-06-28 11:00:20.000000000,IMBALANCE,"[500, 417]"
2019-06-28 11:00:30.000000000,BID_DEPTH,"[(99242, 100), (98971, 100), (98935, 100), (98915, 100), (98909, 100)]"
2019-06-28 11:00:30.000000000,ASK_DEPTH,"[(99386, 17), (99518, 100), (99739, 100), (99784, 100), (99877, 100)]"
2019-06-28 11:00:30.000000000,IMBALANCE,"[500, 417]"
2019-06-28 11:00:40.000000000,BID_DEPTH,"[(99242, 100), (98971, 100), (98935, 100), (98915, 100), (98909, 100)]"
2019-06-28 11:00:40.000000000,ASK_DEPTH,"[(99386, 17), (99518, 100), (99739, 100), (99784, 100), (99877, 100)]"
2019-06-28 11:00:40.000000000,IMBALANCE,"[500, 417]"
2019-06-28 11:00:50.000000000,BID_DEPTH,"[(99242, 100), (98971, 100), (98935, 100), (98915, 100), (98909, 100)]"
2019-06-28 11:00:50.000000000,ASK_DEPTH,"[(99386, 17), (99518, 100), (99739, 100), (99784, 100), (99877, 100)]"
2019-06-28 11:00:50.000000000,IMBALANCE,"[500, 417]"
2019-06-28 11:01:00.000000000,BID_DEPTH,"[(99242, 100), (98971, 100), (98935, 100), (98928, 100), (98915, 100)]"
2019-06-28 11:01:00.000000000,ASK_DEPTH,"[(99386, 17), (99518, 100), (99739, 100), (99784, 100), (99877, 100)]"
2019-06-28 11:01:00.000000000,IMBALANCE,"[500, 417]"
2019-06-28 11:01:00.000000000,HOLDINGS_UPDATED,"{'CASH': -196282034, 'JPM': 2079}"
2019-06-28 11:01:00.000000000,HOLDINGS_UPDATED,"{'CASH': -197175212, 'JPM': 2088}"
2019-06-28 11:01:00.000000000,HOLDINGS_UPDATED,"{'CASH': -197969148, 'JPM': 2096}"
2019-06-28 11:01:00.000000000,HOLDINGS_UPDATED,"{'CASH': -198266874, 'JPM': 2099}"
2019-06-28 11:01:02.243496392,HOLDINGS_UPDATED,"{'CASH': -208191074, 'JPM': 2199}"
2019-06-28 11:01:10.000000000,BID_DEPTH,"[(98971, 100), (98935, 100), (98928, 100), (98909, 100), (98838, 100)]"
2019-06-28 11:01:10.000000000,ASK_DEPTH,"[(99386, 17), (99518, 100), (99739, 100), (99784, 100), (99877, 100)]"
2019-06-28 11:01:10.000000000,IMBALANCE,"[500, 417]"
2019-06-28 11:01:20.000000000,BID_DEPTH,"[(98971, 100), (98935, 100), (98928, 100), (98909, 100), (98838, 100)]"
2019-06-28 11:01:20.000000000,ASK_DEPTH,"[(99386, 17), (99518, 100), (99739, 100), (99784, 100), (99877, 100)]"
2019-06-28 11:01:20.000000000,IMBALANCE,"[500, 417]"
2019-06-28 11:01:30.000000000,BID_DEPTH,"[(98971, 100), (98935, 100), (98928, 100), (98909, 100), (98838, 100)]"
2019-06-28 11:01:30.000000000,ASK_DEPTH,"[(99386, 17), (99518, 100), (99739, 100), (99760, 100), (99784, 100)]"
2019-06-28 11:01:30.000000000,IMBALANCE,"[500, 417]"
2019-06-28 11:01:32.462089214,HOLDINGS_UPDATED,"{'CASH': -199942036, 'JPM': 2116}"
2019-06-28 11:01:40.000000000,BID_DEPTH,"[(98935, 100), (98928, 100), (98909, 100), (98838, 100), (98776, 100)]"
2019-06-28 11:01:40.000000000,ASK_DEPTH,"[(99518, 100), (99739, 100), (99760, 100), (99784, 100), (99877, 100)]"
2019-06-28 11:01:40.000000000,IMBALANCE,"[500, 500]"
2019-06-28 11:01:50.000000000,BID_DEPTH,"[(98935, 100), (98928, 100), (98909, 100), (98838, 100), (98776, 100)]"
2019-06-28 11:01:50.000000000,ASK_DEPTH,"[(99739, 100), (99760, 100), (99784, 100), (99877, 100), (99936, 100)]"
2019-06-28 11:01:50.000000000,IMBALANCE,"[500, 500]"
2019-06-28 11:02:00.000000000,BID_DEPTH,"[(98935, 100), (98928, 100), (98909, 100), (98838, 100), (98776, 100)]"
2019-06-28 11:02:00.000000000,ASK_DEPTH,"[(99739, 100), (99760, 100), (99784, 100), (99877, 100), (99936, 100)]"
2019-06-28 11:02:00.000000000,IMBALANCE,"[500, 500]"
2019-06-28 11:02:00.000000000,HOLDINGS_UPDATED,"{'CASH': -200634581, 'JPM': 2123}"
2019-06-28 11:02:00.000000000,HOLDINGS_UPDATED,"{'CASH': -201524996, 'JPM': 2132}"
2019-06-28 11:02:00.000000000,HOLDINGS_UPDATED,"{'CASH': -202316476, 'JPM': 2140}"
2019-06-28 11:02:00.000000000,HOLDINGS_UPDATED,"{'CASH': -202613281, 'JPM': 2143}"
2019-06-28 11:02:10.000000000,BID_DEPTH,"[(98935, 100), (98928, 100), (98909, 100), (98838, 100), (98776, 100)]"
2019-06-28 11:02:10.000000000,ASK_DEPTH,"[(99739, 100), (99765, 100), (99784, 100), (99877, 100), (99936, 100)]"
2019-06-28 11:02:10.000000000,IMBALANCE,"[500, 500]"
2019-06-28 11:02:20.000000000,BID_DEPTH,"[(98935, 100), (98928, 100), (98909, 100), (98838, 100), (98776, 100)]"
2019-06-28 11:02:20.000000000,ASK_DEPTH,"[(99739, 100), (99765, 100), (99784, 100), (99877, 100), (99936, 100)]"
2019-06-28 11:02:20.000000000,IMBALANCE,"[500, 500]"
2019-06-28 11:02:30.000000000,BID_DEPTH,"[(98935, 100), (98928, 100), (98909, 100), (98838, 100), (98776, 100)]"
2019-06-28 11:02:30.000000000,ASK_DEPTH,"[(99739, 100), (99765, 100), (99784, 100), (99877, 100), (99936, 100)]"
2019-06-28 11:02:30.000000000,IMBALANCE,"[500, 500]"
2019-06-28 11:02:40.000000000,BID_DEPTH,"[(98935, 100), (98928, 100), (98909, 100), (98838, 100), (98776, 100)]"
2019-06-28 11:02:40.000000000,ASK_DEPTH,"[(99739, 100), (99765, 100), (99784, 100), (99877, 100), (99936, 100)]"
2019-06-28 11:02:40.000000000,IMBALANCE,"[500, 500]"
2019-06-28 11:02:50.000000000,BID_DEPTH,"[(98935, 100), (98928, 100), (98909, 100), (98838, 100), (98776, 100)]"
2019-06-28 11:02:50.000000000,ASK_DEPTH,"[(99739, 100), (99765, 100), (99784, 100), (99877, 100), (99936, 100)]"
2019-06-28 11:02:50.000000000,IMBALANCE,"[500, 500]"
2019-06-28 11:03:00.000000000,BID_DEPTH,"[(98935, 100), (98928, 100), (98909, 100), (98838, 100), (98776, 100)]"
2019-06-28 11:03:00.000000000,ASK_DEPTH,"[(99739, 100), (99765, 100), (99784, 100), (99877, 100), (99936, 100)]"
2019-06-28 11:03:00.000000000,IMBALANCE,"[500, 500]"
2019-06-28 11:03:00.000000000,HOLDINGS_UPDATED,"{'CASH': -203305826, 'JPM': 2150}"
2019-06-28 11:03:00.000000000,HOLDINGS_UPDATED,"{'CASH': -204196241, 'JPM': 2159}"
2019-06-28 11:03:00.000000000,HOLDINGS_UPDATED,"{'CASH': -204987721, 'JPM': 2167}"
2019-06-28 11:03:00.000000000,HOLDINGS_UPDATED,"{'CASH': -205284526, 'JPM': 2170}"
2019-06-28 11:03:10.000000000,BID_DEPTH,"[(98928, 100), (98909, 100), (98838, 100), (98776, 100)]"
2019-06-28 11:03:10.000000000,ASK_DEPTH,"[(99765, 100), (99784, 100), (99877, 100), (99936, 100), (99996, 100)]"
2019-06-28 11:03:10.000000000,IMBALANCE,"[400, 500]"
2019-06-28 11:03:20.000000000,BID_DEPTH,"[(99640, 100), (98935, 100), (98928, 100), (98909, 100), (98838, 100)]"
2019-06-28 11:03:20.000000000,ASK_DEPTH,"[(99765, 100), (99784, 100), (99877, 100), (99936, 100), (99996, 100)]"
2019-06-28 11:03:20.000000000,IMBALANCE,"[500, 500]"
2019-06-28 11:03:30.000000000,BID_DEPTH,"[(99640, 100), (98935, 100), (98928, 100), (98909, 100), (98838, 100)]"
2019-06-28 11:03:30.000000000,ASK_DEPTH,"[(99765, 100), (99784, 100), (99877, 100), (99936, 100), (99996, 100)]"
2019-06-28 11:03:30.000000000,IMBALANCE,"[500, 500]"
2019-06-28 11:03:40.000000000,BID_DEPTH,"[(99640, 100), (98935, 100), (98928, 100), (98909, 100), (98838, 100)]"
2019-06-28 11:03:40.000000000,ASK_DEPTH,"[(99784, 100), (99877, 100), (99936, 100), (99996, 100), (100104, 100)]"
2019-06-28 11:03:40.000000000,IMBALANCE,"[500, 500]"
2019-06-28 11:03:50.000000000,BID_DEPTH,"[(99640, 100), (98935, 100), (98928, 100), (98909, 100), (98838, 100)]"
2019-06-28 11:03:50.000000000,ASK_DEPTH,"[(99877, 100), (99936, 100), (99996, 100), (100104, 100), (100224, 100)]"
2019-06-28 11:03:50.000000000,IMBALANCE,"[500, 500]"
2019-06-28 11:04:00.000000000,BID_DEPTH,"[(99800, 100), (99640, 100), (98935, 100), (98928, 100), (98909, 100)]"
2019-06-28 11:04:00.000000000,ASK_DEPTH,"[(99877, 100), (99936, 100), (99996, 100), (100104, 100), (100224, 100)]"
2019-06-28 11:04:00.000000000,IMBALANCE,"[500, 500]"
2019-06-28 11:04:00.000000000,HOLDINGS_UPDATED,"{'CASH': -205983126, 'JPM': 2177}"
2019-06-28 11:04:00.000000000,HOLDINGS_UPDATED,"{'CASH': -206881326, 'JPM': 2186}"
2019-06-28 11:04:00.000000000,HOLDINGS_UPDATED,"{'CASH': -207679726, 'JPM': 2194}"
2019-06-28 11:04:00.000000000,HOLDINGS_UPDATED,"{'CASH': -207979126, 'JPM': 2197}"
2019-06-28 11:04:10.000000000,BID_DEPTH,"[(99870, 100), (99640, 100), (98935, 100), (98928, 100), (98909, 100)]"
2019-06-28 11:04:10.000000000,ASK_DEPTH,"[(99877, 100), (99936, 100), (99996, 100), (100104, 100), (100224, 100)]"
2019-06-28 11:04:10.000000000,IMBALANCE,"[500, 500]"
2019-06-28 11:04:20.000000000,BID_DEPTH,"[(99870, 100), (99640, 100), (98935, 100), (98928, 100), (98909, 100)]"
2019-06-28 11:04:20.000000000,ASK_DEPTH,"[(99877, 100), (99936, 100), (99996, 100), (100104, 100), (100224, 100)]"
2019-06-28 11:04:20.000000000,IMBALANCE,"[500, 500]"
2019-06-28 11:04:30.000000000,BID_DEPTH,"[(99870, 100), (99640, 100), (98935, 100), (98928, 100), (98909, 100)]"
2019-06-28 11:04:30.000000000,ASK_DEPTH,"[(99877, 100), (99936, 100), (99996, 100), (100104, 100), (100224, 100)]"
2019-06-28 11:04:30.000000000,IMBALANCE,"[500, 500]"
2019-06-28 11:04:40.000000000,BID_DEPTH,"[(99870, 100), (99640, 100), (98935, 100), (98928, 100), (98909, 100)]"
2019-06-28 11:04:40.000000000,ASK_DEPTH,"[(99877, 100), (99936, 100), (99996, 100), (100104, 100), (100224, 100)]"
2019-06-28 11:04:40.000000000,IMBALANCE,"[500, 500]"
2019-06-28 11:04:50.000000000,BID_DEPTH,"[(99870, 100), (99640, 100), (98935, 100), (98928, 100), (98909, 100)]"
2019-06-28 11:04:50.000000000,ASK_DEPTH,"[(99936, 100), (99996, 100), (100104, 100), (100224, 100), (100338, 100)]"
2019-06-28 11:04:50.000000000,IMBALANCE,"[500, 500]"
2019-06-28 11:05:00.000000000,BID_DEPTH,"[(99870, 100), (99640, 100), (98935, 100), (98928, 100), (98909, 100)]"
2019-06-28 11:05:00.000000000,ASK_DEPTH,"[(99936, 100), (99996, 100), (100104, 100), (100224, 100), (100338, 100)]"
2019-06-28 11:05:00.000000000,IMBALANCE,"[500, 500]"
2019-06-28 11:05:00.000000000,HOLDINGS_UPDATED,"{'CASH': -208678216, 'JPM': 2204}"
2019-06-28 11:05:00.000000000,HOLDINGS_UPDATED,"{'CASH': -209577046, 'JPM': 2213}"
2019-06-28 11:05:10.000000000,BID_DEPTH,"[(99640, 100), (98935, 100), (98928, 100), (98909, 100), (98838, 100)]"
2019-06-28 11:05:10.000000000,ASK_DEPTH,"[(99936, 89), (99996, 100), (100104, 100), (100224, 100), (100338, 100)]"
2019-06-28 11:05:10.000000000,IMBALANCE,"[500, 489]"
2019-06-28 11:05:20.000000000,BID_DEPTH,"[(99640, 100), (98935, 100), (98928, 100), (98909, 100), (98838, 100)]"
2019-06-28 11:05:20.000000000,ASK_DEPTH,"[(99936, 89), (99996, 100), (100104, 100), (100224, 100), (100338, 100)]"
2019-06-28 11:05:20.000000000,IMBALANCE,"[500, 489]"
2019-06-28 11:05:30.000000000,BID_DEPTH,"[(99640, 100), (98935, 100), (98928, 100), (98909, 100), (98838, 100)]"
2019-06-28 11:05:30.000000000,ASK_DEPTH,"[(99936, 89), (99996, 100), (100104, 100), (100196, 100), (100224, 100)]"
2019-06-28 11:05:30.000000000,IMBALANCE,"[500, 489]"
2019-06-28 11:05:40.000000000,BID_DEPTH,"[(99618, 100), (98935, 100), (98928, 100), (98909, 100), (98838, 100)]"
2019-06-28 11:05:40.000000000,ASK_DEPTH,"[(99936, 89), (99996, 100), (100104, 100), (100106, 100), (100196, 100)]"
2019-06-28 11:05:40.000000000,IMBALANCE,"[500, 489]"
2019-06-28 11:05:50.000000000,BID_DEPTH,"[(99618, 100), (98935, 100), (98928, 100), (98909, 100), (98838, 100)]"
2019-06-28 11:05:50.000000000,ASK_DEPTH,"[(99936, 89), (99996, 100), (100104, 100), (100106, 100), (100196, 100)]"
2019-06-28 11:05:50.000000000,IMBALANCE,"[500, 489]"
2019-06-28 11:06:00.000000000,BID_DEPTH,"[(99618, 100), (98935, 100), (98928, 100), (98909, 100), (98838, 100)]"
2019-06-28 11:06:00.000000000,ASK_DEPTH,"[(99936, 89), (99996, 100), (100104, 100), (100106, 100), (100196, 100)]"
2019-06-28 11:06:00.000000000,IMBALANCE,"[500, 489]"
2019-06-28 11:06:00.000000000,HOLDINGS_UPDATED,"{'CASH': -209277238, 'JPM': 2210}"
2019-06-28 11:06:00.000000000,HOLDINGS_UPDATED,"{'CASH': -208577686, 'JPM': 2203}"
2019-06-28 11:06:00.000000000,HOLDINGS_UPDATED,"{'CASH': -207778198, 'JPM': 2195}"
2019-06-28 11:06:00.000000000,HOLDINGS_UPDATED,"{'CASH': -206878774, 'JPM': 2186}"
2019-06-28 11:06:00.000000000,HOLDINGS_UPDATED,"{'CASH': -206079286, 'JPM': 2178}"
2019-06-28 11:06:00.000000000,HOLDINGS_UPDATED,"{'CASH': -205779478, 'JPM': 2175}"
2019-06-28 11:06:10.000000000,BID_DEPTH,"[(99618, 100), (98935, 100), (98928, 100), (98909, 100), (98838, 100)]"
2019-06-28 11:06:10.000000000,ASK_DEPTH,"[(99996, 100), (100104, 100), (100106, 100), (100196, 100), (100224, 100)]"
2019-06-28 11:06:10.000000000,IMBALANCE,"[500, 500]"
2019-06-28 11:06:20.000000000,BID_DEPTH,"[(99618, 100), (98935, 100), (98928, 100), (98909, 100), (98838, 100)]"
2019-06-28 11:06:20.000000000,ASK_DEPTH,"[(99996, 100), (100104, 100), (100106, 100), (100196, 100), (100224, 100)]"
2019-06-28 11:06:20.000000000,IMBALANCE,"[500, 500]"
2019-06-28 11:06:30.000000000,BID_DEPTH,"[(99787, 100), (99618, 100), (98935, 100), (98928, 100), (98909, 100)]"
2019-06-28 11:06:30.000000000,ASK_DEPTH,"[(99936, 100), (99996, 100), (100104, 100), (100106, 100), (100196, 100)]"
2019-06-28 11:06:30.000000000,IMBALANCE,"[500, 500]"
2019-06-28 11:06:40.000000000,BID_DEPTH,"[(99787, 100), (99618, 100), (98935, 100), (98928, 100), (98909, 100)]"
2019-06-28 11:06:40.000000000,ASK_DEPTH,"[(99936, 100), (99996, 100), (100104, 100), (100106, 100), (100196, 100)]"
2019-06-28 11:06:40.000000000,IMBALANCE,"[500, 500]"
2019-06-28 11:06:50.000000000,BID_DEPTH,"[(99787, 100), (99618, 100), (98935, 100), (98928, 100), (98909, 100)]"
2019-06-28 11:06:50.000000000,ASK_DEPTH,"[(99936, 100), (99996, 100), (100104, 100), (100106, 100), (100196, 100)]"
2019-06-28 11:06:50.000000000,IMBALANCE,"[500, 500]"
2019-06-28 11:07:00.000000000,BID_DEPTH,"[(99787, 100), (99618, 100), (98935, 100), (98928, 100), (98909, 100)]"
2019-06-28 11:07:00.000000000,ASK_DEPTH,"[(99936, 100), (99996, 100), (100104, 100), (100106, 100), (100196, 100)]"
2019-06-28 11:07:00.000000000,IMBALANCE,"[500, 500]"
2019-06-28 11:07:00.000000000,HOLDINGS_UPDATED,"{'CASH': -205079926, 'JPM': 2168}"
2019-06-28 11:07:00.000000000,HOLDINGS_UPDATED,"{'CASH': -204180502, 'JPM': 2159}"
2019-06-28 11:07:00.000000000,HOLDINGS_UPDATED,"{'CASH': -203381014, 'JPM': 2151}"
2019-06-28 11:07:00.000000000,HOLDINGS_UPDATED,"{'CASH': -203081206, 'JPM': 2148}"
2019-06-28 11:07:10.000000000,BID_DEPTH,"[(99787, 100), (99618, 100), (98935, 100), (98928, 100), (98909, 100)]"
2019-06-28 11:07:10.000000000,ASK_DEPTH,"[(99996, 100), (100104, 100), (100106, 100), (100196, 100), (100224, 100)]"
2019-06-28 11:07:10.000000000,IMBALANCE,"[500, 500]"
2019-06-28 11:07:20.000000000,BID_DEPTH,"[(99787, 100), (99618, 100), (98935, 100), (98928, 100), (98909, 100)]"
2019-06-28 11:07:20.000000000,ASK_DEPTH,"[(99996, 100), (100104, 100), (100106, 100), (100196, 100), (100224, 100)]"
2019-06-28 11:07:20.000000000,IMBALANCE,"[500, 500]"
2019-06-28 11:07:30.000000000,BID_DEPTH,"[(99787, 100), (99685, 100), (99618, 100), (98935, 100), (98928, 100)]"
2019-06-28 11:07:30.000000000,ASK_DEPTH,"[(99996, 100), (100104, 100), (100106, 100), (100196, 100), (100224, 100)]"
2019-06-28 11:07:30.000000000,IMBALANCE,"[500, 500]"
2019-06-28 11:07:40.000000000,BID_DEPTH,"[(99787, 100), (99685, 100), (99618, 100), (98935, 100), (98928, 100)]"
2019-06-28 11:07:40.000000000,ASK_DEPTH,"[(99996, 100), (100104, 100), (100106, 100), (100196, 100), (100224, 100)]"
2019-06-28 11:07:40.000000000,IMBALANCE,"[500, 500]"
2019-06-28 11:07:50.000000000,BID_DEPTH,"[(99787, 100), (99685, 100), (99658, 100), (99618, 100), (98935, 100)]"
2019-06-28 11:07:50.000000000,ASK_DEPTH,"[(99996, 100), (100104, 100), (100106, 100), (100196, 100), (100224, 100)]"
2019-06-28 11:07:50.000000000,IMBALANCE,"[500, 500]"
2019-06-28 11:08:00.000000000,BID_DEPTH,"[(99787, 100), (99685, 100), (99658, 100), (99618, 100), (98935, 100)]"
2019-06-28 11:08:00.000000000,ASK_DEPTH,"[(99996, 100), (100098, 100), (100104, 100), (100106, 100), (100196, 100)]"
2019-06-28 11:08:00.000000000,IMBALANCE,"[500, 500]"
2019-06-28 11:08:00.000000000,HOLDINGS_UPDATED,"{'CASH': -202381234, 'JPM': 2141}"
2019-06-28 11:08:00.000000000,HOLDINGS_UPDATED,"{'CASH': -201481270, 'JPM': 2132}"
2019-06-28 11:08:00.000000000,HOLDINGS_UPDATED,"{'CASH': -200681302, 'JPM': 2124}"
2019-06-28 11:08:00.000000000,HOLDINGS_UPDATED,"{'CASH': -200381314, 'JPM': 2121}"
2019-06-28 11:08:10.000000000,BID_DEPTH,"[(99787, 100), (99685, 100), (99658, 100), (99618, 100), (98935, 100)]"
2019-06-28 11:08:10.000000000,ASK_DEPTH,"[(100098, 100), (100104, 100), (100106, 100), (100196, 100), (100224, 100)]"
2019-06-28 11:08:10.000000000,IMBALANCE,"[500, 500]"
2019-06-28 11:08:20.000000000,BID_DEPTH,"[(99787, 100), (99685, 100), (99658, 100), (99618, 100), (98935, 100)]"
2019-06-28 11:08:20.000000000,ASK_DEPTH,"[(100098, 100), (100104, 100), (100106, 100), (100196, 100), (100224, 100)]"
2019-06-28 11:08:20.000000000,IMBALANCE,"[500, 500]"
2019-06-28 11:08:30.000000000,BID_DEPTH,"[(99685, 100), (99658, 100), (99618, 100), (98935, 100), (98928, 100)]"
2019-06-28 11:08:30.000000000,ASK_DEPTH,"[(100098, 100), (100104, 100), (100196, 100), (100224, 100), (100338, 100)]"
2019-06-28 11:08:30.000000000,IMBALANCE,"[500, 500]"
2019-06-28 11:08:40.000000000,BID_DEPTH,"[(99685, 100), (99658, 100), (99618, 100), (98935, 100), (98928, 100)]"
2019-06-28 11:08:40.000000000,ASK_DEPTH,"[(100098, 100), (100104, 100), (100196, 100), (100224, 100), (100338, 100)]"
2019-06-28 11:08:40.000000000,IMBALANCE,"[500, 500]"
2019-06-28 11:08:50.000000000,BID_DEPTH,"[(99685, 100), (99658, 100), (99618, 100), (98935, 100), (98928, 100)]"
2019-06-28 11:08:50.000000000,ASK_DEPTH,"[(100098, 100), (100104, 100), (100196, 100), (100224, 100), (100338, 100)]"
2019-06-28 11:08:50.000000000,IMBALANCE,"[500, 500]"
2019-06-28 11:09:00.000000000,BID_DEPTH,"[(99685, 100), (99658, 100), (99618, 100), (98935, 100), (98928, 100)]"
2019-06-28 11:09:00.000000000,ASK_DEPTH,"[(100098, 100), (100104, 100), (100196, 100), (100224, 100), (100338, 100)]"
2019-06-28 11:09:00.000000000,IMBALANCE,"[500, 500]"
2019-06-28 11:09:00.000000000,HOLDINGS_UPDATED,"{'CASH': -199680628, 'JPM': 2114}"
2019-06-28 11:09:00.000000000,HOLDINGS_UPDATED,"{'CASH': -198779746, 'JPM': 2105}"
2019-06-28 11:09:00.000000000,HOLDINGS_UPDATED,"{'CASH': -197978962, 'JPM': 2097}"
2019-06-28 11:09:00.000000000,HOLDINGS_UPDATED,"{'CASH': -197678668, 'JPM': 2094}"
2019-06-28 11:09:10.000000000,BID_DEPTH,"[(99618, 100), (98935, 100), (98928, 100), (98909, 100), (98838, 100)]"
2019-06-28 11:09:10.000000000,ASK_DEPTH,"[(100104, 100), (100196, 100), (100224, 100), (100338, 100), (100468, 100)]"
2019-06-28 11:09:10.000000000,IMBALANCE,"[500, 500]"
2019-06-28 11:09:20.000000000,BID_DEPTH,"[(98935, 100), (98928, 100), (98909, 100), (98838, 100), (98776, 100)]"
2019-06-28 11:09:20.000000000,ASK_DEPTH,"[(100104, 100), (100196, 100), (100224, 100), (100338, 100), (100468, 100)]"
2019-06-28 11:09:20.000000000,IMBALANCE,"[500, 500]"
2019-06-28 11:09:30.000000000,BID_DEPTH,"[(98935, 100), (98928, 100), (98909, 100), (98838, 100), (98776, 100)]"
2019-06-28 11:09:30.000000000,ASK_DEPTH,"[(100104, 100), (100196, 100), (100224, 100), (100338, 100), (100468, 100)]"
2019-06-28 11:09:30.000000000,IMBALANCE,"[500, 500]"
2019-06-28 11:09:40.000000000,BID_DEPTH,"[(98935, 100), (98928, 100), (98909, 100), (98838, 100), (98776, 100)]"
2019-06-28 11:09:40.000000000,ASK_DEPTH,"[(100104, 100), (100196, 100), (100224, 100), (100338, 100), (100468, 100)]"
2019-06-28 11:09:40.000000000,IMBALANCE,"[500, 500]"
2019-06-28 11:09:50.000000000,BID_DEPTH,"[(98935, 100), (98928, 100), (98909, 100), (98838, 100), (98776, 100)]"
2019-06-28 11:09:50.000000000,ASK_DEPTH,"[(99179, 100), (100104, 100), (100196, 100), (100224, 100), (100338, 100)]"
2019-06-28 11:09:50.000000000,IMBALANCE,"[500, 500]"
2019-06-28 11:10:00.000000000,BID_DEPTH,"[(98935, 100), (98928, 100), (98909, 100), (98838, 100), (98776, 100)]"
2019-06-28 11:10:00.000000000,ASK_DEPTH,"[(99179, 100), (100104, 100), (100196, 100), (100224, 100), (100338, 100)]"
2019-06-28 11:10:00.000000000,IMBALANCE,"[500, 500]"
2019-06-28 11:10:00.000000000,HOLDINGS_UPDATED,"{'CASH': -196984415, 'JPM': 2087}"
2019-06-28 11:10:00.000000000,HOLDINGS_UPDATED,"{'CASH': -196091804, 'JPM': 2078}"
2019-06-28 11:10:00.000000000,HOLDINGS_UPDATED,"{'CASH': -195298372, 'JPM': 2070}"
2019-06-28 11:10:00.000000000,HOLDINGS_UPDATED,"{'CASH': -195000835, 'JPM': 2067}"
2019-06-28 11:10:10.000000000,BID_DEPTH,"[(98935, 100), (98928, 100), (98838, 100), (98776, 100)]"
2019-06-28 11:10:10.000000000,ASK_DEPTH,"[(100104, 100), (100196, 100), (100224, 100), (100338, 100), (100468, 100)]"
2019-06-28 11:10:10.000000000,IMBALANCE,"[400, 500]"
2019-06-28 11:10:20.000000000,BID_DEPTH,"[(98935, 100), (98928, 100), (98838, 100), (98776, 100)]"
2019-06-28 11:10:20.000000000,ASK_DEPTH,"[(98961, 100), (99179, 100), (100104, 100), (100196, 100), (100224, 100)]"
2019-06-28 11:10:20.000000000,IMBALANCE,"[400, 500]"
2019-06-28 11:10:30.000000000,BID_DEPTH,"[(98935, 100), (98928, 100), (98838, 100), (98776, 100)]"
2019-06-28 11:10:30.000000000,ASK_DEPTH,"[(98961, 100), (99179, 100), (100104, 100), (100196, 100), (100224, 100)]"
2019-06-28 11:10:30.000000000,IMBALANCE,"[400, 500]"
2019-06-28 11:10:40.000000000,BID_DEPTH,"[(98935, 100), (98928, 100), (98838, 100), (98776, 100)]"
2019-06-28 11:10:40.000000000,ASK_DEPTH,"[(98961, 100), (99179, 100), (100104, 100), (100196, 100), (100224, 100)]"
2019-06-28 11:10:40.000000000,IMBALANCE,"[400, 500]"
2019-06-28 11:10:50.000000000,BID_DEPTH,"[(98935, 100), (98928, 100), (98838, 100), (98776, 100)]"
2019-06-28 11:10:50.000000000,ASK_DEPTH,"[(98961, 100), (99179, 100), (100104, 100), (100196, 100), (100224, 100)]"
2019-06-28 11:10:50.000000000,IMBALANCE,"[400, 500]"
2019-06-28 11:11:00.000000000,BID_DEPTH,"[(98935, 100), (98928, 100), (98838, 100), (98776, 100)]"
2019-06-28 11:11:00.000000000,ASK_DEPTH,"[(98961, 100), (99179, 100), (99432, 100), (100104, 100), (100196, 100)]"
2019-06-28 11:11:00.000000000,IMBALANCE,"[400, 500]"
2019-06-28 11:11:00.000000000,HOLDINGS_UPDATED,"{'CASH': -194308108, 'JPM': 2060}"
2019-06-28 11:11:00.000000000,HOLDINGS_UPDATED,"{'CASH': -193417459, 'JPM': 2051}"
2019-06-28 11:11:00.000000000,HOLDINGS_UPDATED,"{'CASH': -192625771, 'JPM': 2043}"
2019-06-28 11:11:00.000000000,HOLDINGS_UPDATED,"{'CASH': -192328888, 'JPM': 2040}"
2019-06-28 11:11:00.000000000,HOLDINGS_UPDATED,"{'CASH': -192032005, 'JPM': 2037}"
2019-06-28 11:11:10.000000000,BID_DEPTH,"[(98935, 100), (98928, 100), (98838, 100), (98776, 100)]"
2019-06-28 11:11:10.000000000,ASK_DEPTH,"[(99179, 100), (99432, 100), (100104, 100), (100196, 100), (100224, 100)]"
2019-06-28 11:11:10.000000000,IMBALANCE,"[400, 500]"
2019-06-28 11:11:20.000000000,BID_DEPTH,"[(98961, 100), (98935, 100), (98928, 100), (98838, 100), (98776, 100)]"
2019-06-28 11:11:20.000000000,ASK_DEPTH,"[(99179, 100), (99432, 100), (100104, 100), (100196, 100), (100224, 100)]"
2019-06-28 11:11:20.000000000,IMBALANCE,"[500, 500]"
2019-06-28 11:11:30.000000000,BID_DEPTH,"[(98961, 100), (98935, 100), (98928, 100), (98838, 100), (98776, 100)]"
2019-06-28 11:11:30.000000000,ASK_DEPTH,"[(99179, 100), (99432, 100), (100104, 100), (100196, 100), (100224, 100)]"
2019-06-28 11:11:30.000000000,IMBALANCE,"[500, 500]"
2019-06-28 11:11:40.000000000,BID_DEPTH,"[(98961, 100), (98935, 100), (98928, 100), (98838, 100), (98776, 100)]"
2019-06-28 11:11:40.000000000,ASK_DEPTH,"[(99179, 100), (99432, 100), (100104, 100), (100196, 100), (100224, 100)]"
2019-06-28 11:11:40.000000000,IMBALANCE,"[500, 500]"
2019-06-28 11:11:50.000000000,BID_DEPTH,"[(98961, 100), (98935, 100), (98928, 100), (98838, 100), (98776, 100)]"
2019-06-28 11:11:50.000000000,ASK_DEPTH,"[(99179, 100), (99432, 100), (100104, 100), (100196, 100), (100224, 100)]"
2019-06-28 11:11:50.000000000,IMBALANCE,"[500, 500]"
2019-06-28 11:12:00.000000000,BID_DEPTH,"[(98961, 100), (98935, 100), (98928, 100), (98838, 100), (98776, 100)]"
2019-06-28 11:12:00.000000000,ASK_DEPTH,"[(99179, 100), (99432, 100), (100104, 100), (100196, 100), (100224, 100)]"
2019-06-28 11:12:00.000000000,IMBALANCE,"[500, 500]"
2019-06-28 11:12:00.000000000,HOLDINGS_UPDATED,"{'CASH': -191337752, 'JPM': 2030}"
2019-06-28 11:12:00.000000000,HOLDINGS_UPDATED,"{'CASH': -190445141, 'JPM': 2021}"
2019-06-28 11:12:00.000000000,HOLDINGS_UPDATED,"{'CASH': -189651709, 'JPM': 2013}"
2019-06-28 11:12:00.000000000,HOLDINGS_UPDATED,"{'CASH': -189354172, 'JPM': 2010}"
2019-06-28 11:12:04.231204674,HOLDINGS_UPDATED,"{'CASH': -179436272, 'JPM': 1910}"
2019-06-28 11:12:10.000000000,BID_DEPTH,"[(98961, 100), (98935, 100), (98928, 100), (98838, 100), (98776, 100)]"
2019-06-28 11:12:10.000000000,ASK_DEPTH,"[(99432, 100), (99923, 100), (100104, 100), (100196, 100), (100224, 100)]"
2019-06-28 11:12:10.000000000,IMBALANCE,"[500, 500]"
2019-06-28 11:12:20.000000000,BID_DEPTH,"[(98961, 100), (98935, 100), (98928, 100), (98838, 100), (98776, 100)]"
2019-06-28 11:12:20.000000000,ASK_DEPTH,"[(99432, 100), (99923, 100), (100104, 100), (100196, 100), (100224, 100)]"
2019-06-28 11:12:20.000000000,IMBALANCE,"[500, 500]"
2019-06-28 11:12:30.000000000,BID_DEPTH,"[(98961, 100), (98935, 100), (98928, 100), (98838, 100), (98776, 100)]"
2019-06-28 11:12:30.000000000,ASK_DEPTH,"[(99432, 100), (99923, 100), (100104, 100), (100196, 100), (100224, 100)]"
2019-06-28 11:12:30.000000000,IMBALANCE,"[500, 500]"
2019-06-28 11:12:40.000000000,BID_DEPTH,"[(98961, 100), (98935, 100), (98928, 100), (98838, 100), (98776, 100)]"
2019-06-28 11:12:40.000000000,ASK_DEPTH,"[(99432, 100), (99604, 100), (99635, 100), (99923, 100), (100104, 100)]"
2019-06-28 11:12:40.000000000,IMBALANCE,"[500, 500]"
2019-06-28 11:12:50.000000000,BID_DEPTH,"[(98961, 100), (98935, 100), (98928, 100), (98838, 100), (98776, 100)]"
2019-06-28 11:12:50.000000000,ASK_DEPTH,"[(99432, 100), (99604, 100), (99635, 100), (99923, 100), (100104, 100)]"
2019-06-28 11:12:50.000000000,IMBALANCE,"[500, 500]"
2019-06-28 11:13:00.000000000,BID_DEPTH,"[(98961, 100), (98935, 100), (98928, 100), (98838, 100), (98776, 100)]"
2019-06-28 11:13:00.000000000,ASK_DEPTH,"[(99432, 100), (99604, 100), (99635, 100), (99923, 100), (100104, 100)]"
2019-06-28 11:13:00.000000000,IMBALANCE,"[500, 500]"
2019-06-28 11:13:00.000000000,HOLDINGS_UPDATED,"{'CASH': -178740248, 'JPM': 1903}"
2019-06-28 11:13:00.000000000,HOLDINGS_UPDATED,"{'CASH': -177845360, 'JPM': 1894}"
2019-06-28 11:13:00.000000000,HOLDINGS_UPDATED,"{'CASH': -177049904, 'JPM': 1886}"
2019-06-28 11:13:00.000000000,HOLDINGS_UPDATED,"{'CASH': -176751608, 'JPM': 1883}"
2019-06-28 11:13:10.000000000,BID_DEPTH,"[(98961, 100), (98935, 100), (98928, 100), (98838, 100), (98776, 100)]"
2019-06-28 11:13:10.000000000,ASK_DEPTH,"[(99604, 100), (99635, 100), (99923, 100), (100104, 100), (100196, 100)]"
2019-06-28 11:13:10.000000000,IMBALANCE,"[500, 500]"
2019-06-28 11:13:20.000000000,BID_DEPTH,"[(98961, 100), (98935, 100), (98928, 100), (98838, 100), (98776, 100)]"
2019-06-28 11:13:20.000000000,ASK_DEPTH,"[(99604, 100), (99635, 100), (99923, 100), (100104, 100), (100196, 100)]"
2019-06-28 11:13:20.000000000,IMBALANCE,"[500, 500]"
2019-06-28 11:13:30.000000000,BID_DEPTH,"[(98961, 100), (98935, 100), (98928, 100), (98838, 100), (98776, 100)]"
2019-06-28 11:13:30.000000000,ASK_DEPTH,"[(99604, 100), (99635, 100), (99923, 100), (100104, 100), (100196, 100)]"
2019-06-28 11:13:30.000000000,IMBALANCE,"[500, 500]"
2019-06-28 11:13:40.000000000,BID_DEPTH,"[(98961, 100), (98935, 100), (98928, 100), (98838, 100), (98776, 100)]"
2019-06-28 11:13:40.000000000,ASK_DEPTH,"[(99604, 100), (99635, 100), (99923, 100), (100104, 100), (100196, 100)]"
2019-06-28 11:13:40.000000000,IMBALANCE,"[500, 500]"
2019-06-28 11:13:50.000000000,BID_DEPTH,"[(98961, 100), (98935, 100), (98928, 100), (98838, 100), (98776, 100)]"
2019-06-28 11:13:50.000000000,ASK_DEPTH,"[(99604, 100), (99635, 100), (99923, 100), (100104, 100), (100196, 100)]"
2019-06-28 11:13:50.000000000,IMBALANCE,"[500, 500]"
2019-06-28 11:14:00.000000000,BID_DEPTH,"[(98961, 100), (98935, 100), (98928, 100), (98838, 100), (98776, 100)]"
2019-06-28 11:14:00.000000000,ASK_DEPTH,"[(99604, 100), (99635, 100), (99923, 100), (100104, 100), (100196, 100)]"
2019-06-28 11:14:00.000000000,IMBALANCE,"[500, 500]"
2019-06-28 11:14:00.000000000,HOLDINGS_UPDATED,"{'CASH': -176054380, 'JPM': 1876}"
2019-06-28 11:14:00.000000000,HOLDINGS_UPDATED,"{'CASH': -175157944, 'JPM': 1867}"
2019-06-28 11:14:00.000000000,HOLDINGS_UPDATED,"{'CASH': -174361112, 'JPM': 1859}"
2019-06-28 11:14:00.000000000,HOLDINGS_UPDATED,"{'CASH': -174062300, 'JPM': 1856}"
2019-06-28 11:14:10.000000000,BID_DEPTH,"[(98961, 100), (98935, 100), (98928, 100), (98838, 100), (98776, 100)]"
2019-06-28 11:14:10.000000000,ASK_DEPTH,"[(99635, 100), (99923, 100), (100035, 100), (100104, 100), (100196, 100)]"
2019-06-28 11:14:10.000000000,IMBALANCE,"[500, 500]"
2019-06-28 11:14:20.000000000,BID_DEPTH,"[(98961, 100), (98935, 100), (98928, 100), (98838, 100), (98776, 100)]"
2019-06-28 11:14:20.000000000,ASK_DEPTH,"[(99635, 100), (99923, 100), (100035, 100), (100104, 100), (100196, 100)]"
2019-06-28 11:14:20.000000000,IMBALANCE,"[500, 500]"
2019-06-28 11:14:30.000000000,BID_DEPTH,"[(98961, 100), (98935, 100), (98928, 100), (98838, 100), (98776, 100)]"
2019-06-28 11:14:30.000000000,ASK_DEPTH,"[(99635, 100), (99923, 100), (100035, 100), (100104, 100), (100196, 100)]"
2019-06-28 11:14:30.000000000,IMBALANCE,"[500, 500]"
2019-06-28 11:14:40.000000000,BID_DEPTH,"[(98961, 100), (98935, 100), (98928, 100), (98838, 100), (98776, 100)]"
2019-06-28 11:14:40.000000000,ASK_DEPTH,"[(99635, 100), (99665, 100), (99923, 100), (100035, 100), (100104, 100)]"
2019-06-28 11:14:40.000000000,IMBALANCE,"[500, 500]"
2019-06-28 11:14:50.000000000,BID_DEPTH,"[(99522, 100), (98961, 100), (98935, 100), (98928, 100), (98838, 100)]"
2019-06-28 11:14:50.000000000,ASK_DEPTH,"[(99538, 100), (99635, 100), (99665, 100), (99923, 100), (100035, 100)]"
2019-06-28 11:14:50.000000000,IMBALANCE,"[500, 500]"
2019-06-28 11:15:00.000000000,BID_DEPTH,"[(99522, 100), (98961, 100), (98935, 100), (98928, 100), (98838, 100)]"
2019-06-28 11:15:00.000000000,ASK_DEPTH,"[(99538, 100), (99635, 100), (99665, 100), (99923, 100), (100035, 100)]"
2019-06-28 11:15:00.000000000,IMBALANCE,"[500, 500]"
2019-06-28 11:15:00.000000000,HOLDINGS_UPDATED,"{'CASH': -173365534, 'JPM': 1849}"
2019-06-28 11:15:00.000000000,HOLDINGS_UPDATED,"{'CASH': -172469692, 'JPM': 1840}"
2019-06-28 11:15:00.000000000,HOLDINGS_UPDATED,"{'CASH': -171673388, 'JPM': 1832}"
2019-06-28 11:15:00.000000000,HOLDINGS_UPDATED,"{'CASH': -171374774, 'JPM': 1829}"
2019-06-28 11:15:10.000000000,BID_DEPTH,"[(99522, 100), (99246, 100), (98961, 100), (98935, 100), (98928, 100)]"
2019-06-28 11:15:10.000000000,ASK_DEPTH,"[(99635, 100), (99665, 100), (99739, 100), (99923, 100), (100035, 100)]"
2019-06-28 11:15:10.000000000,IMBALANCE,"[500, 500]"
2019-06-28 11:15:20.000000000,BID_DEPTH,"[(99522, 100), (99246, 100), (98961, 100), (98935, 100), (98928, 100)]"
2019-06-28 11:15:20.000000000,ASK_DEPTH,"[(99635, 100), (99665, 100), (99739, 100), (99923, 100), (100035, 100)]"
2019-06-28 11:15:20.000000000,IMBALANCE,"[500, 500]"
2019-06-28 11:15:30.000000000,BID_DEPTH,"[(99522, 100), (99246, 100), (98961, 100), (98935, 100), (98928, 100)]"
2019-06-28 11:15:30.000000000,ASK_DEPTH,"[(99635, 100), (99665, 100), (99739, 100), (99923, 100), (100035, 100)]"
2019-06-28 11:15:30.000000000,IMBALANCE,"[500, 500]"
2019-06-28 11:15:40.000000000,BID_DEPTH,"[(99246, 100), (98961, 100), (98935, 100), (98928, 100), (98838, 100)]"
2019-06-28 11:15:40.000000000,ASK_DEPTH,"[(99635, 100), (99665, 100), (99739, 100), (100035, 100), (100104, 100)]"
2019-06-28 11:15:40.000000000,IMBALANCE,"[500, 500]"
2019-06-28 11:15:50.000000000,BID_DEPTH,"[(99464, 100), (99246, 100), (98961, 100), (98935, 100), (98928, 100)]"
2019-06-28 11:15:50.000000000,ASK_DEPTH,"[(99635, 100), (99665, 100), (99739, 100), (100035, 100), (100104, 100)]"
2019-06-28 11:15:50.000000000,IMBALANCE,"[500, 500]"
2019-06-28 11:16:00.000000000,BID_DEPTH,"[(99464, 100), (99246, 100), (98961, 100), (98935, 100), (98928, 100)]"
2019-06-28 11:16:00.000000000,ASK_DEPTH,"[(99538, 100), (99635, 100), (99665, 100), (99739, 100), (100035, 100)]"
2019-06-28 11:16:00.000000000,IMBALANCE,"[500, 500]"
2019-06-28 11:16:00.000000000,HOLDINGS_UPDATED,"{'CASH': -170678008, 'JPM': 1822}"
2019-06-28 11:16:00.000000000,HOLDINGS_UPDATED,"{'CASH': -169782166, 'JPM': 1813}"
2019-06-28 11:16:00.000000000,HOLDINGS_UPDATED,"{'CASH': -168985862, 'JPM': 1805}"
2019-06-28 11:16:00.000000000,HOLDINGS_UPDATED,"{'CASH': -168687248, 'JPM': 1802}"
2019-06-28 11:16:05.387012340,HOLDINGS_UPDATED,"{'CASH': -177042224, 'JPM': 1886}"
2019-06-28 11:16:10.000000000,BID_DEPTH,"[(99246, 100), (99215, 100), (98961, 100), (98935, 100), (98928, 100)]"
2019-06-28 11:16:10.000000000,ASK_DEPTH,"[(99464, 16), (99635, 100), (99665, 100), (99739, 100), (100035, 100)]"
2019-06-28 11:16:10.000000000,IMBALANCE,"[500, 416]"
2019-06-28 11:16:20.000000000,BID_DEPTH,"[(99246, 100), (99215, 100), (98961, 100), (98935, 100), (98928, 100)]"
2019-06-28 11:16:20.000000000,ASK_DEPTH,"[(99464, 16), (99538, 100), (99635, 100), (99665, 100), (99739, 100)]"
2019-06-28 11:16:20.000000000,IMBALANCE,"[500, 416]"
2019-06-28 11:16:30.000000000,BID_DEPTH,"[(99246, 100), (99215, 100), (98961, 100), (98935, 100), (98928, 100)]"
2019-06-28 11:16:30.000000000,ASK_DEPTH,"[(99464, 16), (99538, 100), (99635, 100), (99665, 100), (99739, 100)]"
2019-06-28 11:16:30.000000000,IMBALANCE,"[500, 416]"
2019-06-28 11:16:40.000000000,BID_DEPTH,"[(99215, 100), (98961, 100), (98935, 100), (98928, 100), (98838, 100)]"
2019-06-28 11:16:40.000000000,ASK_DEPTH,"[(99464, 16), (99538, 100), (99635, 100), (99665, 100), (99739, 100)]"
2019-06-28 11:16:40.000000000,IMBALANCE,"[500, 416]"
2019-06-28 11:16:50.000000000,BID_DEPTH,"[(99215, 100), (98961, 100), (98935, 100), (98928, 100), (98838, 100)]"
2019-06-28 11:16:50.000000000,ASK_DEPTH,"[(99464, 16), (99538, 100), (99635, 100), (99665, 100), (99739, 100)]"
2019-06-28 11:16:50.000000000,IMBALANCE,"[500, 416]"
2019-06-28 11:17:00.000000000,BID_DEPTH,"[(98961, 100), (98935, 100), (98928, 100), (98838, 100), (98776, 100)]"
2019-06-28 11:17:00.000000000,ASK_DEPTH,"[(99464, 16), (99538, 100), (99635, 100), (99665, 100), (99739, 100)]"
2019-06-28 11:17:00.000000000,IMBALANCE,"[500, 416]"
2019-06-28 11:17:00.000000000,HOLDINGS_UPDATED,"{'CASH': -176942760, 'JPM': 1885}"
2019-06-28 11:17:00.000000000,HOLDINGS_UPDATED,"{'CASH': -176147048, 'JPM': 1877}"
2019-06-28 11:17:00.000000000,HOLDINGS_UPDATED,"{'CASH': -175848656, 'JPM': 1874}"
2019-06-28 11:17:00.000000000,HOLDINGS_UPDATED,"{'CASH': -175251872, 'JPM': 1868}"
2019-06-28 11:17:00.000000000,HOLDINGS_UPDATED,"{'CASH': -174456160, 'JPM': 1860}"
2019-06-28 11:17:00.000000000,HOLDINGS_UPDATED,"{'CASH': -174356696, 'JPM': 1859}"
2019-06-28 11:17:00.000000000,HOLDINGS_UPDATED,"{'CASH': -174257232, 'JPM': 1858}"
2019-06-28 11:17:00.000000000,HOLDINGS_UPDATED,"{'CASH': -173759912, 'JPM': 1853}"
2019-06-28 11:17:00.000000000,HOLDINGS_UPDATED,"{'CASH': -173660448, 'JPM': 1852}"
2019-06-28 11:17:00.000000000,HOLDINGS_UPDATED,"{'CASH': -173461520, 'JPM': 1850}"
2019-06-28 11:17:00.000000000,HOLDINGS_UPDATED,"{'CASH': -172964200, 'JPM': 1845}"
2019-06-28 11:17:00.000000000,HOLDINGS_UPDATED,"{'CASH': -172069024, 'JPM': 1836}"
2019-06-28 11:17:00.000000000,HOLDINGS_UPDATED,"{'CASH': -171173848, 'JPM': 1827}"
2019-06-28 11:17:00.000000000,HOLDINGS_UPDATED,"{'CASH': -170378136, 'JPM': 1819}"
2019-06-28 11:17:00.000000000,HOLDINGS_UPDATED,"{'CASH': -169980280, 'JPM': 1815}"
2019-06-28 11:17:00.000000000,HOLDINGS_UPDATED,"{'CASH': -169482960, 'JPM': 1810}"
2019-06-28 11:17:00.000000000,HOLDINGS_UPDATED,"{'CASH': -168786712, 'JPM': 1803}"
2019-06-28 11:17:00.000000000,HOLDINGS_UPDATED,"{'CASH': -167991000, 'JPM': 1795}"
2019-06-28 11:17:00.000000000,HOLDINGS_UPDATED,"{'CASH': -167095824, 'JPM': 1786}"
2019-06-28 11:17:00.000000000,HOLDINGS_UPDATED,"{'CASH': -166300112, 'JPM': 1778}"
2019-06-28 11:17:00.000000000,HOLDINGS_UPDATED,"{'CASH': -166001720, 'JPM': 1775}"
2019-06-28 11:17:10.000000000,BID_DEPTH,"[(98961, 100), (98935, 100), (98928, 100), (98838, 100), (98776, 100)]"
2019-06-28 11:17:10.000000000,ASK_DEPTH,"[(99538, 100), (99635, 100), (99665, 100), (99739, 100), (100035, 100)]"
2019-06-28 11:17:10.000000000,IMBALANCE,"[500, 500]"
2019-06-28 11:17:20.000000000,BID_DEPTH,"[(98961, 100), (98928, 100), (98838, 100), (98776, 100)]"
2019-06-28 11:17:20.000000000,ASK_DEPTH,"[(99464, 100), (99538, 100), (99635, 100), (99665, 100), (99739, 100)]"
2019-06-28 11:17:20.000000000,IMBALANCE,"[400, 500]"
2019-06-28 11:17:29.137084211,HOLDINGS_UPDATED,"{'CASH': -175897820, 'JPM': 1875}"
2019-06-28 11:17:30.000000000,BID_DEPTH,"[(98928, 100), (98838, 100), (98776, 100)]"
2019-06-28 11:17:30.000000000,ASK_DEPTH,"[(99464, 100), (99538, 100), (99635, 100), (99665, 100), (99739, 100)]"
2019-06-28 11:17:30.000000000,IMBALANCE,"[300, 500]"
2019-06-28 11:17:40.000000000,BID_DEPTH,"[(98928, 100), (98838, 100), (98776, 100)]"
2019-06-28 11:17:40.000000000,ASK_DEPTH,"[(99464, 100), (99538, 100), (99635, 100), (99665, 100), (99739, 100)]"
2019-06-28 11:17:40.000000000,IMBALANCE,"[300, 500]"
2019-06-28 11:17:50.000000000,BID_DEPTH,"[(98928, 100), (98838, 100), (98776, 100)]"
2019-06-28 11:17:50.000000000,ASK_DEPTH,"[(99464, 100), (99538, 100), (99635, 100), (99665, 100), (99739, 100)]"
2019-06-28 11:17:50.000000000,IMBALANCE,"[300, 500]"
2019-06-28 11:18:00.000000000,BID_DEPTH,"[(98928, 100), (98838, 100), (98776, 100)]"
2019-06-28 11:18:00.000000000,ASK_DEPTH,"[(99464, 100), (99538, 100), (99635, 100), (99665, 100), (99739, 100)]"
2019-06-28 11:18:00.000000000,IMBALANCE,"[300, 500]"
2019-06-28 11:18:00.000000000,HOLDINGS_UPDATED,"{'CASH': -175201572, 'JPM': 1868}"
2019-06-28 11:18:00.000000000,HOLDINGS_UPDATED,"{'CASH': -174306396, 'JPM': 1859}"
2019-06-28 11:18:00.000000000,HOLDINGS_UPDATED,"{'CASH': -173510684, 'JPM': 1851}"
2019-06-28 11:18:00.000000000,HOLDINGS_UPDATED,"{'CASH': -173212292, 'JPM': 1848}"
2019-06-28 11:18:10.000000000,BID_DEPTH,"[(98928, 100), (98838, 100), (98776, 100)]"
2019-06-28 11:18:10.000000000,ASK_DEPTH,"[(99538, 100), (99635, 100), (99665, 100), (99739, 100), (100035, 100)]"
2019-06-28 11:18:10.000000000,IMBALANCE,"[300, 500]"
2019-06-28 11:18:12.232268330,HOLDINGS_UPDATED,"{'CASH': -183105092, 'JPM': 1948}"
2019-06-28 11:18:12.562620043,HOLDINGS_UPDATED,"{'CASH': -192997892, 'JPM': 2048}"
2019-06-28 11:18:20.000000000,BID_DEPTH,"[(98776, 100)]"
2019-06-28 11:18:20.000000000,ASK_DEPTH,"[(99538, 100), (99635, 100), (99665, 100), (99739, 100), (100035, 100)]"
2019-06-28 11:18:20.000000000,IMBALANCE,"[100, 500]"
2019-06-28 11:18:30.000000000,BID_DEPTH,"[(98776, 100)]"
2019-06-28 11:18:30.000000000,ASK_DEPTH,"[(98928, 100), (99538, 100), (99635, 100), (99665, 100), (99739, 100)]"
2019-06-28 11:18:30.000000000,IMBALANCE,"[100, 500]"
2019-06-28 11:18:40.000000000,BID_DEPTH,[]
2019-06-28 11:18:40.000000000,ASK_DEPTH,"[(98928, 100), (99538, 100), (99635, 100), (99665, 100), (99739, 100)]"
2019-06-28 11:18:40.000000000,IMBALANCE,"[0, 500]"
2019-06-28 11:18:50.000000000,BID_DEPTH,[]
2019-06-28 11:18:50.000000000,ASK_DEPTH,"[(98928, 100), (99538, 100), (99635, 100), (99665, 100), (99739, 100)]"
2019-06-28 11:18:50.000000000,IMBALANCE,"[0, 500]"
2019-06-28 11:19:00.000000000,BID_DEPTH,[]
2019-06-28 11:19:00.000000000,ASK_DEPTH,"[(98928, 100), (99538, 100), (99635, 100), (99665, 100), (99739, 100)]"
2019-06-28 11:19:00.000000000,IMBALANCE,"[0, 500]"
2019-06-28 11:19:10.000000000,BID_DEPTH,[]
2019-06-28 11:19:10.000000000,ASK_DEPTH,"[(97996, 100), (98928, 100), (99538, 100), (99635, 100), (99665, 100)]"
2019-06-28 11:19:10.000000000,IMBALANCE,"[0, 500]"
2019-06-28 11:19:20.000000000,BID_DEPTH,"[(98238, 100)]"
2019-06-28 11:19:20.000000000,ASK_DEPTH,"[(98928, 100), (99538, 100), (99635, 100), (99665, 100), (99739, 100)]"
2019-06-28 11:19:20.000000000,IMBALANCE,"[100, 500]"
2019-06-28 11:19:30.000000000,BID_DEPTH,"[(98238, 100), (98071, 100)]"
2019-06-28 11:19:30.000000000,ASK_DEPTH,"[(98928, 100), (99538, 100), (99635, 100), (99665, 100), (99739, 100)]"
2019-06-28 11:19:30.000000000,IMBALANCE,"[200, 500]"
2019-06-28 11:19:40.000000000,BID_DEPTH,"[(98238, 100), (98071, 100), (97996, 100)]"
2019-06-28 11:19:40.000000000,ASK_DEPTH,"[(99538, 100), (99635, 100), (99665, 100), (99739, 100), (100035, 100)]"
2019-06-28 11:19:40.000000000,IMBALANCE,"[300, 500]"
2019-06-28 11:19:50.000000000,BID_DEPTH,"[(98239, 100), (98084, 100), (98071, 100), (97996, 100)]"
2019-06-28 11:19:50.000000000,ASK_DEPTH,"[(99538, 100), (99635, 100), (99665, 100), (99739, 100), (100035, 100)]"
2019-06-28 11:19:50.000000000,IMBALANCE,"[400, 500]"
2019-06-28 11:20:00.000000000,BID_DEPTH,"[(98239, 100), (98084, 100), (98071, 100), (97996, 100)]"
2019-06-28 11:20:00.000000000,ASK_DEPTH,"[(99538, 100), (99635, 100), (99665, 100), (99739, 100), (100035, 100)]"
2019-06-28 11:20:00.000000000,IMBALANCE,"[400, 500]"
2019-06-28 11:20:00.000000000,HOLDINGS_UPDATED,"{'CASH': -192301126, 'JPM': 2041}"
2019-06-28 11:20:00.000000000,HOLDINGS_UPDATED,"{'CASH': -191405284, 'JPM': 2032}"
2019-06-28 11:20:00.000000000,HOLDINGS_UPDATED,"{'CASH': -190608980, 'JPM': 2024}"
2019-06-28 11:20:00.000000000,HOLDINGS_UPDATED,"{'CASH': -190310366, 'JPM': 2021}"
2019-06-28 11:20:00.000000000,HOLDINGS_UPDATED,"{'CASH': -190011752, 'JPM': 2018}"
2019-06-28 11:20:10.000000000,BID_DEPTH,"[(98351, 100), (98239, 100), (98084, 100), (98071, 100), (97996, 100)]"
2019-06-28 11:20:10.000000000,ASK_DEPTH,"[(99538, 100), (99635, 100), (99665, 100), (99739, 100), (100035, 100)]"
2019-06-28 11:20:10.000000000,IMBALANCE,"[500, 500]"
2019-06-28 11:20:20.000000000,BID_DEPTH,"[(98239, 100), (98084, 100), (98071, 100), (97996, 100)]"
2019-06-28 11:20:20.000000000,ASK_DEPTH,"[(99538, 100), (99635, 100), (99665, 100), (99739, 100), (100035, 100)]"
2019-06-28 11:20:20.000000000,IMBALANCE,"[400, 500]"
2019-06-28 11:20:30.000000000,BID_DEPTH,"[(98239, 100), (98084, 100), (98071, 100), (97996, 100)]"
2019-06-28 11:20:30.000000000,ASK_DEPTH,"[(99538, 100), (99635, 100), (99665, 100), (99739, 100), (100035, 100)]"
2019-06-28 11:20:30.000000000,IMBALANCE,"[400, 500]"
2019-06-28 11:20:40.000000000,BID_DEPTH,"[(98239, 100), (98084, 100), (98071, 100), (97996, 100)]"
2019-06-28 11:20:40.000000000,ASK_DEPTH,"[(99538, 100), (99635, 100), (99665, 100), (99739, 100), (100035, 100)]"
2019-06-28 11:20:40.000000000,IMBALANCE,"[400, 500]"
2019-06-28 11:20:50.000000000,BID_DEPTH,"[(98239, 100), (98084, 100), (98071, 100), (97996, 100)]"
2019-06-28 11:20:50.000000000,ASK_DEPTH,"[(98865, 100), (99538, 100), (99635, 100), (99665, 100), (99739, 100)]"
2019-06-28 11:20:50.000000000,IMBALANCE,"[400, 500]"
2019-06-28 11:21:00.000000000,BID_DEPTH,"[(98239, 100), (98084, 100), (98071, 100), (97996, 100)]"
2019-06-28 11:21:00.000000000,ASK_DEPTH,"[(98669, 100), (99538, 100), (99635, 100), (99665, 100), (99739, 100)]"
2019-06-28 11:21:00.000000000,IMBALANCE,"[400, 500]"
2019-06-28 11:21:00.000000000,HOLDINGS_UPDATED,"{'CASH': -190699425, 'JPM': 2025}"
2019-06-28 11:21:00.000000000,HOLDINGS_UPDATED,"{'CASH': -191583576, 'JPM': 2034}"
2019-06-28 11:21:00.000000000,HOLDINGS_UPDATED,"{'CASH': -192369488, 'JPM': 2042}"
2019-06-28 11:21:00.000000000,HOLDINGS_UPDATED,"{'CASH': -192664205, 'JPM': 2045}"
2019-06-28 11:21:10.000000000,BID_DEPTH,"[(98239, 3), (98084, 100), (98071, 100), (97996, 100)]"
2019-06-28 11:21:10.000000000,ASK_DEPTH,"[(98705, 100), (99538, 100), (99635, 100), (99665, 100), (99739, 100)]"
2019-06-28 11:21:10.000000000,IMBALANCE,"[303, 500]"
2019-06-28 11:21:20.000000000,BID_DEPTH,"[(98594, 100), (98239, 3), (98084, 100), (98071, 100), (97996, 100)]"
2019-06-28 11:21:20.000000000,ASK_DEPTH,"[(98705, 100), (99538, 100), (99635, 100), (99665, 100), (99739, 100)]"
2019-06-28 11:21:20.000000000,IMBALANCE,"[403, 500]"
2019-06-28 11:21:30.000000000,BID_DEPTH,"[(98594, 100), (98239, 3), (98071, 100), (97996, 100)]"
2019-06-28 11:21:30.000000000,ASK_DEPTH,"[(98733, 100), (99538, 100), (99635, 100), (99665, 100), (99739, 100)]"
2019-06-28 11:21:30.000000000,IMBALANCE,"[303, 500]"
2019-06-28 11:21:40.000000000,BID_DEPTH,"[(98594, 100), (98239, 3), (98071, 100), (97996, 100)]"
2019-06-28 11:21:40.000000000,ASK_DEPTH,"[(98733, 100), (99538, 100), (99635, 100), (99665, 100), (99739, 100)]"
2019-06-28 11:21:40.000000000,IMBALANCE,"[303, 500]"
2019-06-28 11:21:50.000000000,BID_DEPTH,"[(98594, 100), (98239, 3), (98071, 100), (97996, 100)]"
2019-06-28 11:21:50.000000000,ASK_DEPTH,"[(98733, 100), (99538, 100), (99635, 100), (99665, 100), (99739, 100)]"
2019-06-28 11:21:50.000000000,IMBALANCE,"[303, 500]"
2019-06-28 11:22:00.000000000,BID_DEPTH,"[(98594, 100), (98239, 3), (98071, 100), (97996, 100)]"
2019-06-28 11:22:00.000000000,ASK_DEPTH,"[(98733, 100), (99538, 100), (99635, 100), (99665, 100), (99739, 100)]"
2019-06-28 11:22:00.000000000,IMBALANCE,"[303, 500]"
2019-06-28 11:22:00.000000000,HOLDINGS_UPDATED,"{'CASH': -193354363, 'JPM': 2052}"
2019-06-28 11:22:00.000000000,HOLDINGS_UPDATED,"{'CASH': -194241709, 'JPM': 2061}"
2019-06-28 11:22:00.000000000,HOLDINGS_UPDATED,"{'CASH': -195030461, 'JPM': 2069}"
2019-06-28 11:22:00.000000000,HOLDINGS_UPDATED,"{'CASH': -195326243, 'JPM': 2072}"
2019-06-28 11:22:00.552851953,HOLDINGS_UPDATED,"{'CASH': -205185643, 'JPM': 2172}"
2019-06-28 11:22:10.000000000,BID_DEPTH,"[(98594, 3), (98239, 3), (98071, 100), (97996, 100)]"
2019-06-28 11:22:10.000000000,ASK_DEPTH,"[(98733, 100), (99538, 100), (99635, 100), (99665, 100), (99739, 100)]"
2019-06-28 11:22:10.000000000,IMBALANCE,"[206, 500]"
2019-06-28 11:22:14.591306482,HOLDINGS_UPDATED,"{'CASH': -213467539, 'JPM': 2256}"
2019-06-28 11:22:20.000000000,BID_DEPTH,"[(98239, 3), (98071, 100), (97996, 100)]"
2019-06-28 11:22:20.000000000,ASK_DEPTH,"[(98594, 13), (98733, 100), (99538, 100), (99635, 100), (99665, 100)]"
2019-06-28 11:22:20.000000000,IMBALANCE,"[203, 413]"
2019-06-28 11:22:30.000000000,BID_DEPTH,"[(98239, 3), (98071, 100), (97996, 100)]"
2019-06-28 11:22:30.000000000,ASK_DEPTH,"[(98594, 13), (98733, 100), (99538, 100), (99635, 100), (99665, 100)]"
2019-06-28 11:22:30.000000000,IMBALANCE,"[203, 413]"
2019-06-28 11:22:40.000000000,BID_DEPTH,"[(98239, 3), (98071, 100), (97996, 100)]"
2019-06-28 11:22:40.000000000,ASK_DEPTH,"[(98594, 13), (98733, 100), (99538, 100), (99635, 100), (99665, 100)]"
2019-06-28 11:22:40.000000000,IMBALANCE,"[203, 413]"
2019-06-28 11:22:42.280377149,HOLDINGS_UPDATED,"{'CASH': -204889861, 'JPM': 2169}"
2019-06-28 11:22:50.000000000,BID_DEPTH,"[(98239, 3), (98071, 100), (97996, 100)]"
2019-06-28 11:22:50.000000000,ASK_DEPTH,"[(98733, 100), (99538, 100), (99635, 100), (99665, 100), (99739, 100)]"
2019-06-28 11:22:50.000000000,IMBALANCE,"[203, 500]"
2019-06-28 11:23:00.000000000,BID_DEPTH,"[(98594, 100), (98239, 3), (98071, 100), (97996, 100)]"
2019-06-28 11:23:00.000000000,ASK_DEPTH,"[(98733, 100), (99538, 100), (99635, 100), (99665, 100), (99739, 100)]"
2019-06-28 11:23:00.000000000,IMBALANCE,"[303, 500]"
2019-06-28 11:23:00.000000000,HOLDINGS_UPDATED,"{'CASH': -205580019, 'JPM': 2176}"
2019-06-28 11:23:00.000000000,HOLDINGS_UPDATED,"{'CASH': -206467365, 'JPM': 2185}"
2019-06-28 11:23:00.000000000,HOLDINGS_UPDATED,"{'CASH': -207256117, 'JPM': 2193}"
2019-06-28 11:23:00.000000000,HOLDINGS_UPDATED,"{'CASH': -207551899, 'JPM': 2196}"
2019-06-28 11:23:10.000000000,BID_DEPTH,"[(98594, 3), (98239, 3), (98071, 100), (97996, 100)]"
2019-06-28 11:23:10.000000000,ASK_DEPTH,"[(98733, 100), (99538, 100), (99635, 100), (99665, 100), (99739, 100)]"
2019-06-28 11:23:10.000000000,IMBALANCE,"[206, 500]"
2019-06-28 11:23:20.000000000,BID_DEPTH,"[(98594, 3), (98239, 3), (98071, 100), (97996, 100)]"
2019-06-28 11:23:20.000000000,ASK_DEPTH,"[(98733, 100), (99538, 100), (99635, 100), (99665, 100), (99739, 100)]"
2019-06-28 11:23:20.000000000,IMBALANCE,"[206, 500]"
2019-06-28 11:23:30.000000000,BID_DEPTH,"[(98594, 3), (98239, 3), (98071, 100), (97996, 100)]"
2019-06-28 11:23:30.000000000,ASK_DEPTH,"[(98733, 100), (99538, 100), (99635, 100), (99646, 100), (99665, 100)]"
2019-06-28 11:23:30.000000000,IMBALANCE,"[206, 500]"
2019-06-28 11:23:40.000000000,BID_DEPTH,"[(98594, 3), (98239, 3), (98071, 100), (97996, 100)]"
2019-06-28 11:23:40.000000000,ASK_DEPTH,"[(98733, 100), (99538, 100), (99635, 100), (99646, 100), (99665, 100)]"
2019-06-28 11:23:40.000000000,IMBALANCE,"[206, 500]"
2019-06-28 11:23:50.000000000,BID_DEPTH,"[(98594, 3), (98239, 3), (98071, 100), (97996, 100)]"
2019-06-28 11:23:50.000000000,ASK_DEPTH,"[(99538, 100), (99635, 100), (99646, 100), (99665, 100), (99739, 100)]"
2019-06-28 11:23:50.000000000,IMBALANCE,"[206, 500]"
2019-06-28 11:24:00.000000000,BID_DEPTH,"[(98594, 3), (98239, 3), (98071, 100), (97996, 100)]"
2019-06-28 11:24:00.000000000,ASK_DEPTH,"[(99538, 100), (99635, 100), (99646, 100), (99665, 100), (99739, 100)]"
2019-06-28 11:24:00.000000000,IMBALANCE,"[206, 500]"
2019-06-28 11:24:00.000000000,HOLDINGS_UPDATED,"{'CASH': -208143463, 'JPM': 2202}"
2019-06-28 11:24:00.000000000,HOLDINGS_UPDATED,"{'CASH': -208636433, 'JPM': 2207}"
2019-06-28 11:24:00.000000000,HOLDINGS_UPDATED,"{'CASH': -208932215, 'JPM': 2210}"
2019-06-28 11:24:00.000000000,HOLDINGS_UPDATED,"{'CASH': -209720967, 'JPM': 2218}"
2019-06-28 11:24:00.000000000,HOLDINGS_UPDATED,"{'CASH': -210016749, 'JPM': 2221}"
2019-06-28 11:24:00.000000000,HOLDINGS_UPDATED,"{'CASH': -210608313, 'JPM': 2227}"
2019-06-28 11:24:00.000000000,HOLDINGS_UPDATED,"{'CASH': -211397065, 'JPM': 2235}"
2019-06-28 11:24:00.000000000,HOLDINGS_UPDATED,"{'CASH': -211495659, 'JPM': 2236}"
2019-06-28 11:24:00.000000000,HOLDINGS_UPDATED,"{'CASH': -211594253, 'JPM': 2237}"
2019-06-28 11:24:00.000000000,HOLDINGS_UPDATED,"{'CASH': -212087223, 'JPM': 2242}"
2019-06-28 11:24:00.000000000,HOLDINGS_UPDATED,"{'CASH': -212185817, 'JPM': 2243}"
2019-06-28 11:24:00.000000000,HOLDINGS_UPDATED,"{'CASH': -212383005, 'JPM': 2245}"
2019-06-28 11:24:00.000000000,HOLDINGS_UPDATED,"{'CASH': -212875975, 'JPM': 2250}"
2019-06-28 11:24:00.000000000,HOLDINGS_UPDATED,"{'CASH': -213763321, 'JPM': 2259}"
2019-06-28 11:24:00.000000000,HOLDINGS_UPDATED,"{'CASH': -214650667, 'JPM': 2268}"
2019-06-28 11:24:00.000000000,HOLDINGS_UPDATED,"{'CASH': -215439419, 'JPM': 2276}"
2019-06-28 11:24:00.000000000,HOLDINGS_UPDATED,"{'CASH': -215833795, 'JPM': 2280}"
2019-06-28 11:24:00.000000000,HOLDINGS_UPDATED,"{'CASH': -216326765, 'JPM': 2285}"
2019-06-28 11:24:00.000000000,HOLDINGS_UPDATED,"{'CASH': -217016923, 'JPM': 2292}"
2019-06-28 11:24:00.000000000,HOLDINGS_UPDATED,"{'CASH': -217805675, 'JPM': 2300}"
2019-06-28 11:24:00.000000000,HOLDINGS_UPDATED,"{'CASH': -218693021, 'JPM': 2309}"
2019-06-28 11:24:00.000000000,HOLDINGS_UPDATED,"{'CASH': -219481773, 'JPM': 2317}"
2019-06-28 11:24:00.000000000,HOLDINGS_UPDATED,"{'CASH': -219777555, 'JPM': 2320}"
2019-06-28 11:24:10.000000000,BID_DEPTH,"[(99452, 100), (98594, 100), (98239, 3), (98071, 100), (97996, 100)]"
2019-06-28 11:24:10.000000000,ASK_DEPTH,"[(99538, 100), (99635, 100), (99646, 100), (99665, 100), (99739, 100)]"
2019-06-28 11:24:10.000000000,IMBALANCE,"[403, 500]"
2019-06-28 11:24:20.000000000,BID_DEPTH,"[(99509, 100), (99452, 100), (98595, 100), (98594, 100), (98239, 3)]"
2019-06-28 11:24:20.000000000,ASK_DEPTH,"[(99635, 100), (99646, 100), (99665, 100), (99739, 100), (100035, 100)]"
2019-06-28 11:24:20.000000000,IMBALANCE,"[403, 500]"
2019-06-28 11:24:30.000000000,BID_DEPTH,"[(99509, 100), (99452, 100), (98595, 100), (98594, 100), (98239, 3)]"
2019-06-28 11:24:30.000000000,ASK_DEPTH,"[(99635, 100), (99646, 100), (99665, 100), (99739, 100), (100035, 100)]"
2019-06-28 11:24:30.000000000,IMBALANCE,"[403, 500]"
2019-06-28 11:24:40.000000000,BID_DEPTH,"[(99452, 100), (98595, 100), (98594, 100), (98239, 3), (98071, 100)]"
2019-06-28 11:24:40.000000000,ASK_DEPTH,"[(99635, 100), (99646, 100), (99665, 100), (99739, 100), (100035, 100)]"
2019-06-28 11:24:40.000000000,IMBALANCE,"[403, 500]"
2019-06-28 11:24:50.000000000,BID_DEPTH,"[(99481, 100), (99452, 100), (98595, 100), (98594, 100), (98239, 3)]"
2019-06-28 11:24:50.000000000,ASK_DEPTH,"[(99635, 100), (99646, 100), (99665, 100), (99739, 100), (100035, 100)]"
2019-06-28 11:24:50.000000000,IMBALANCE,"[403, 500]"
2019-06-28 11:25:00.000000000,BID_DEPTH,"[(99481, 100), (99452, 100), (98595, 100), (98594, 100), (98239, 3)]"
2019-06-28 11:25:00.000000000,ASK_DEPTH,"[(99635, 100), (99646, 100), (99665, 100), (99739, 100), (100035, 100)]"
2019-06-28 11:25:00.000000000,IMBALANCE,"[403, 500]"
2019-06-28 11:25:00.000000000,HOLDINGS_UPDATED,"{'CASH': -220473922, 'JPM': 2327}"
2019-06-28 11:25:00.000000000,HOLDINGS_UPDATED,"{'CASH': -221369251, 'JPM': 2336}"
2019-06-28 11:25:00.000000000,HOLDINGS_UPDATED,"{'CASH': -222165099, 'JPM': 2344}"
2019-06-28 11:25:00.000000000,HOLDINGS_UPDATED,"{'CASH': -222463542, 'JPM': 2347}"
2019-06-28 11:25:10.000000000,BID_DEPTH,"[(99452, 100), (98595, 100), (98594, 100), (98239, 3), (98071, 100)]"
2019-06-28 11:25:10.000000000,ASK_DEPTH,"[(99635, 100), (99646, 100), (99665, 100), (99691, 100), (99739, 100)]"
2019-06-28 11:25:10.000000000,IMBALANCE,"[403, 500]"
2019-06-28 11:25:20.000000000,BID_DEPTH,"[(99452, 100), (98595, 100), (98594, 100), (98239, 3), (98071, 100)]"
2019-06-28 11:25:20.000000000,ASK_DEPTH,"[(99564, 100), (99635, 100), (99646, 100), (99665, 100), (99691, 100)]"
2019-06-28 11:25:20.000000000,IMBALANCE,"[403, 500]"
2019-06-28 11:25:30.000000000,BID_DEPTH,"[(98595, 100), (98594, 100), (98239, 3), (98071, 100), (97996, 100)]"
2019-06-28 11:25:30.000000000,ASK_DEPTH,"[(99564, 100), (99635, 100), (99646, 100), (99665, 100), (99691, 100)]"
2019-06-28 11:25:30.000000000,IMBALANCE,"[403, 500]"
2019-06-28 11:25:40.000000000,BID_DEPTH,"[(99233, 100), (98595, 100), (98594, 100), (98239, 3), (98071, 100)]"
2019-06-28 11:25:40.000000000,ASK_DEPTH,"[(99564, 100), (99635, 100), (99646, 100), (99665, 100), (99691, 100)]"
2019-06-28 11:25:40.000000000,IMBALANCE,"[403, 500]"
2019-06-28 11:25:50.000000000,BID_DEPTH,"[(98595, 100), (98594, 100), (98239, 3), (98071, 100), (97996, 100)]"
2019-06-28 11:25:50.000000000,ASK_DEPTH,"[(99564, 100), (99583, 100), (99635, 100), (99646, 100), (99665, 100)]"
2019-06-28 11:25:50.000000000,IMBALANCE,"[403, 500]"
2019-06-28 11:26:00.000000000,BID_DEPTH,"[(98595, 100), (98594, 100), (98239, 3), (98071, 100), (97996, 100)]"
2019-06-28 11:26:00.000000000,ASK_DEPTH,"[(99564, 100), (99583, 100), (99613, 100), (99635, 100), (99646, 100)]"
2019-06-28 11:26:00.000000000,IMBALANCE,"[403, 500]"
2019-06-28 11:26:00.000000000,HOLDINGS_UPDATED,"{'CASH': -223153707, 'JPM': 2354}"
2019-06-28 11:26:00.000000000,HOLDINGS_UPDATED,"{'CASH': -224041062, 'JPM': 2363}"
2019-06-28 11:26:00.000000000,HOLDINGS_UPDATED,"{'CASH': -224829822, 'JPM': 2371}"
2019-06-28 11:26:00.000000000,HOLDINGS_UPDATED,"{'CASH': -225125607, 'JPM': 2374}"
2019-06-28 11:26:10.000000000,BID_DEPTH,"[(99378, 100), (98594, 100), (98239, 3), (98071, 100), (97996, 100)]"
2019-06-28 11:26:10.000000000,ASK_DEPTH,"[(99502, 100), (99564, 100), (99583, 100), (99613, 100), (99635, 100)]"
2019-06-28 11:26:10.000000000,IMBALANCE,"[403, 500]"
2019-06-28 11:26:20.000000000,BID_DEPTH,"[(99286, 100), (98594, 100), (98239, 3), (98071, 100), (97996, 100)]"
2019-06-28 11:26:20.000000000,ASK_DEPTH,"[(99502, 100), (99564, 100), (99583, 100), (99613, 100), (99635, 100)]"
2019-06-28 11:26:20.000000000,IMBALANCE,"[403, 500]"
2019-06-28 11:26:30.000000000,BID_DEPTH,"[(99427, 100), (99286, 100), (99190, 100), (98594, 100), (98239, 3)]"
2019-06-28 11:26:30.000000000,ASK_DEPTH,"[(99502, 100), (99549, 100), (99564, 100), (99583, 100), (99600, 100)]"
2019-06-28 11:26:30.000000000,IMBALANCE,"[403, 500]"
2019-06-28 11:26:40.000000000,BID_DEPTH,"[(99427, 100), (99286, 100), (99190, 100), (98595, 100), (98594, 100)]"
2019-06-28 11:26:40.000000000,ASK_DEPTH,"[(99502, 100), (99549, 100), (99564, 100), (99583, 100), (99600, 100)]"
2019-06-28 11:26:40.000000000,IMBALANCE,"[500, 500]"
2019-06-28 11:26:50.000000000,BID_DEPTH,"[(99457, 100), (99427, 100), (99286, 100), (99233, 100), (99190, 100)]"
2019-06-28 11:26:50.000000000,ASK_DEPTH,"[(99502, 100), (99549, 100), (99564, 100), (99583, 100), (99600, 100)]"
2019-06-28 11:26:50.000000000,IMBALANCE,"[500, 500]"
2019-06-28 11:27:00.000000000,BID_DEPTH,"[(99457, 100), (99427, 100), (99286, 100), (99233, 100), (99190, 100)]"
2019-06-28 11:27:00.000000000,ASK_DEPTH,"[(99502, 100), (99549, 100), (99564, 100), (99583, 100), (99600, 100)]"
2019-06-28 11:27:00.000000000,IMBALANCE,"[500, 500]"
2019-06-28 11:27:00.000000000,HOLDINGS_UPDATED,"{'CASH': -225821806, 'JPM': 2381}"
2019-06-28 11:27:00.000000000,HOLDINGS_UPDATED,"{'CASH': -226716919, 'JPM': 2390}"
2019-06-28 11:27:00.000000000,HOLDINGS_UPDATED,"{'CASH': -227512575, 'JPM': 2398}"
2019-06-28 11:27:00.000000000,HOLDINGS_UPDATED,"{'CASH': -227810946, 'JPM': 2401}"
2019-06-28 11:27:03.863092817,HOLDINGS_UPDATED,"{'CASH': -237756646, 'JPM': 2501}"
2019-06-28 11:27:10.000000000,BID_DEPTH,"[(99427, 100), (99286, 100), (99233, 100), (99190, 100), (98595, 100)]"
2019-06-28 11:27:10.000000000,ASK_DEPTH,"[(99502, 100), (99549, 100), (99564, 100), (99583, 100), (99600, 100)]"
2019-06-28 11:27:10.000000000,IMBALANCE,"[500, 500]"
2019-06-28 11:27:20.000000000,BID_DEPTH,"[(99429, 100), (99286, 100), (99233, 100), (99190, 100), (98595, 100)]"
2019-06-28 11:27:20.000000000,ASK_DEPTH,"[(99502, 100), (99549, 100), (99564, 100), (99583, 100), (99600, 100)]"
2019-06-28 11:27:20.000000000,IMBALANCE,"[500, 500]"
2019-06-28 11:27:30.000000000,BID_DEPTH,"[(99430, 100), (99286, 100), (99233, 100), (99190, 100), (98595, 100)]"
2019-06-28 11:27:30.000000000,ASK_DEPTH,"[(99502, 100), (99549, 100), (99564, 100), (99583, 100), (99600, 100)]"
2019-06-28 11:27:30.000000000,IMBALANCE,"[500, 500]"
2019-06-28 11:27:40.000000000,BID_DEPTH,"[(99430, 100), (99286, 100), (99233, 100), (99190, 100), (98595, 100)]"
2019-06-28 11:27:40.000000000,ASK_DEPTH,"[(99502, 100), (99549, 100), (99564, 100), (99583, 100), (99600, 100)]"
2019-06-28 11:27:40.000000000,IMBALANCE,"[500, 500]"
2019-06-28 11:27:50.000000000,BID_DEPTH,"[(99430, 100), (99286, 100), (99233, 100), (99190, 100), (98595, 100)]"
2019-06-28 11:27:50.000000000,ASK_DEPTH,"[(99502, 100), (99549, 100), (99564, 100), (99583, 100), (99600, 100)]"
2019-06-28 11:27:50.000000000,IMBALANCE,"[500, 500]"
2019-06-28 11:28:00.000000000,BID_DEPTH,"[(99430, 100), (99286, 100), (99233, 100), (99190, 100), (98595, 100)]"
2019-06-28 11:28:00.000000000,ASK_DEPTH,"[(99457, 100), (99502, 100), (99549, 100), (99564, 100), (99583, 100)]"
2019-06-28 11:28:00.000000000,IMBALANCE,"[500, 500]"
2019-06-28 11:28:00.000000000,HOLDINGS_UPDATED,"{'CASH': -238452656, 'JPM': 2508}"
2019-06-28 11:28:00.000000000,HOLDINGS_UPDATED,"{'CASH': -239347526, 'JPM': 2517}"
2019-06-28 11:28:00.000000000,HOLDINGS_UPDATED,"{'CASH': -240142966, 'JPM': 2525}"
2019-06-28 11:28:00.000000000,HOLDINGS_UPDATED,"{'CASH': -240441256, 'JPM': 2528}"
2019-06-28 11:28:00.696157807,HOLDINGS_UPDATED,"{'CASH': -250384256, 'JPM': 2628}"
2019-06-28 11:28:10.000000000,BID_DEPTH,"[(99286, 100), (99233, 100), (99190, 100), (98595, 100), (98594, 100)]"
2019-06-28 11:28:10.000000000,ASK_DEPTH,"[(99457, 100), (99502, 100), (99549, 100), (99564, 100), (99583, 100)]"
2019-06-28 11:28:10.000000000,IMBALANCE,"[500, 500]"
2019-06-28 11:28:20.000000000,BID_DEPTH,"[(99286, 100), (99233, 100), (99190, 100), (98595, 100), (98594, 100)]"
2019-06-28 11:28:20.000000000,ASK_DEPTH,"[(99457, 100), (99502, 100), (99549, 100), (99564, 100), (99583, 100)]"
2019-06-28 11:28:20.000000000,IMBALANCE,"[500, 500]"
2019-06-28 11:28:30.000000000,BID_DEPTH,"[(99286, 100), (99233, 100), (99190, 100), (98595, 100), (98594, 100)]"
2019-06-28 11:28:30.000000000,ASK_DEPTH,"[(99433, 100), (99457, 100), (99502, 100), (99549, 100), (99564, 100)]"
2019-06-28 11:28:30.000000000,IMBALANCE,"[500, 500]"
2019-06-28 11:28:40.000000000,BID_DEPTH,"[(99286, 100), (99233, 100), (99190, 100), (98595, 100), (98594, 100)]"
2019-06-28 11:28:40.000000000,ASK_DEPTH,"[(99433, 100), (99457, 100), (99502, 100), (99549, 100), (99564, 100)]"
2019-06-28 11:28:40.000000000,IMBALANCE,"[500, 500]"
2019-06-28 11:28:50.000000000,BID_DEPTH,"[(99286, 100), (99233, 100), (99190, 100), (98595, 100), (98594, 100)]"
2019-06-28 11:28:50.000000000,ASK_DEPTH,"[(99433, 100), (99457, 100), (99502, 100), (99549, 100), (99564, 100)]"
2019-06-28 11:28:50.000000000,IMBALANCE,"[500, 500]"
2019-06-28 11:29:00.000000000,BID_DEPTH,"[(99430, 100), (99286, 100), (99233, 100), (99190, 100), (98595, 100)]"
2019-06-28 11:29:00.000000000,ASK_DEPTH,"[(99432, 100), (99457, 100), (99502, 100), (99549, 100), (99564, 100)]"
2019-06-28 11:29:00.000000000,IMBALANCE,"[500, 500]"
2019-06-28 11:29:00.000000000,HOLDINGS_UPDATED,"{'CASH': -251080266, 'JPM': 2635}"
2019-06-28 11:29:00.000000000,HOLDINGS_UPDATED,"{'CASH': -251975136, 'JPM': 2644}"
2019-06-28 11:29:00.000000000,HOLDINGS_UPDATED,"{'CASH': -252770576, 'JPM': 2652}"
2019-06-28 11:29:00.000000000,HOLDINGS_UPDATED,"{'CASH': -253068866, 'JPM': 2655}"
2019-06-28 11:29:10.000000000,BID_DEPTH,"[(99286, 100), (99233, 100), (99190, 100), (98595, 100), (98594, 100)]"
2019-06-28 11:29:10.000000000,ASK_DEPTH,"[(99432, 100), (99457, 100), (99502, 100), (99549, 100), (99564, 100)]"
2019-06-28 11:29:10.000000000,IMBALANCE,"[500, 500]"
2019-06-28 11:29:20.000000000,BID_DEPTH,"[(99286, 100), (99233, 100), (99190, 100), (98595, 100), (98594, 100)]"
2019-06-28 11:29:20.000000000,ASK_DEPTH,"[(99432, 100), (99457, 100), (99502, 100), (99549, 100), (99564, 100)]"
2019-06-28 11:29:20.000000000,IMBALANCE,"[500, 500]"
2019-06-28 11:29:30.000000000,BID_DEPTH,"[(99286, 100), (99233, 100), (99190, 100), (98595, 100), (98594, 100)]"
2019-06-28 11:29:30.000000000,ASK_DEPTH,"[(99457, 100), (99502, 100), (99549, 100), (99564, 100), (99583, 100)]"
2019-06-28 11:29:30.000000000,IMBALANCE,"[500, 500]"
2019-06-28 11:29:40.000000000,BID_DEPTH,"[(99286, 100), (99233, 100), (99190, 100), (98595, 100), (98594, 100)]"
2019-06-28 11:29:40.000000000,ASK_DEPTH,"[(99405, 100), (99457, 100), (99502, 100), (99549, 100), (99564, 100)]"
2019-06-28 11:29:40.000000000,IMBALANCE,"[500, 500]"
2019-06-28 11:29:50.000000000,BID_DEPTH,"[(99286, 100), (99233, 100), (99190, 100), (98595, 100), (98594, 100)]"
2019-06-28 11:29:50.000000000,ASK_DEPTH,"[(99405, 100), (99457, 100), (99502, 100), (99549, 100), (99564, 100)]"
2019-06-28 11:29:50.000000000,IMBALANCE,"[500, 500]"
2019-06-28 11:30:00.000000000,BID_DEPTH,"[(99286, 100), (99233, 100), (99190, 100), (98595, 100), (98594, 100)]"
2019-06-28 11:30:00.000000000,ASK_DEPTH,"[(99405, 100), (99457, 100), (99502, 100), (99549, 100), (99564, 100)]"
2019-06-28 11:30:00.000000000,IMBALANCE,"[500, 500]"
2019-06-28 11:30:00.000000000,HOLDINGS_UPDATED,"{'CASH': -253763868, 'JPM': 2662}"
2019-06-28 11:30:00.000000000,HOLDINGS_UPDATED,"{'CASH': -254657442, 'JPM': 2671}"
2019-06-28 11:30:00.000000000,HOLDINGS_UPDATED,"{'CASH': -255451730, 'JPM': 2679}"
2019-06-28 11:30:00.000000000,HOLDINGS_UPDATED,"{'CASH': -255749588, 'JPM': 2682}"
2019-06-28 11:30:10.000000000,BID_DEPTH,"[(99233, 100), (99190, 100), (98595, 100), (98594, 100), (98239, 3)]"
2019-06-28 11:30:10.000000000,ASK_DEPTH,"[(99405, 100), (99457, 100), (99502, 100), (99549, 100), (99564, 100)]"
2019-06-28 11:30:10.000000000,IMBALANCE,"[403, 500]"
2019-06-28 11:30:20.000000000,BID_DEPTH,"[(99233, 100), (99190, 100), (98595, 100), (98594, 100), (98239, 3)]"
2019-06-28 11:30:20.000000000,ASK_DEPTH,"[(99405, 100), (99502, 100), (99549, 100), (99564, 100), (99583, 100)]"
2019-06-28 11:30:20.000000000,IMBALANCE,"[403, 500]"
2019-06-28 11:30:30.000000000,BID_DEPTH,"[(99233, 100), (99190, 100), (98595, 100), (98594, 100), (98239, 3)]"
2019-06-28 11:30:30.000000000,ASK_DEPTH,"[(99405, 100), (99502, 100), (99549, 100), (99564, 100), (99583, 100)]"
2019-06-28 11:30:30.000000000,IMBALANCE,"[403, 500]"
2019-06-28 11:30:38.364048250,HOLDINGS_UPDATED,"{'CASH': -247399568, 'JPM': 2598}"
2019-06-28 11:30:40.000000000,BID_DEPTH,"[(99405, 16), (99233, 100), (99190, 100), (98595, 100), (98594, 100)]"
2019-06-28 11:30:40.000000000,ASK_DEPTH,"[(99502, 100), (99549, 100), (99564, 100), (99583, 100), (99600, 100)]"
2019-06-28 11:30:40.000000000,IMBALANCE,"[416, 500]"
2019-06-28 11:30:42.723405877,HOLDINGS_UPDATED,"{'CASH': -239041400, 'JPM': 2514}"
2019-06-28 11:30:50.000000000,BID_DEPTH,"[(99502, 16), (99405, 16), (99233, 100), (99190, 100), (98595, 100)]"
2019-06-28 11:30:50.000000000,ASK_DEPTH,"[(99549, 100), (99564, 100), (99583, 100), (99600, 100), (99613, 100)]"
2019-06-28 11:30:50.000000000,IMBALANCE,"[332, 500]"
2019-06-28 11:31:00.000000000,BID_DEPTH,"[(99502, 16), (99405, 16), (99233, 100), (99190, 100), (98595, 100)]"
2019-06-28 11:31:00.000000000,ASK_DEPTH,"[(99549, 100), (99564, 100), (99583, 100), (99600, 100), (99613, 100)]"
2019-06-28 11:31:00.000000000,IMBALANCE,"[332, 500]"
2019-06-28 11:31:00.000000000,HOLDINGS_UPDATED,"{'CASH': -239140902, 'JPM': 2515}"
2019-06-28 11:31:00.000000000,HOLDINGS_UPDATED,"{'CASH': -239936918, 'JPM': 2523}"
2019-06-28 11:31:00.000000000,HOLDINGS_UPDATED,"{'CASH': -240235424, 'JPM': 2526}"
2019-06-28 11:31:00.000000000,HOLDINGS_UPDATED,"{'CASH': -240832436, 'JPM': 2532}"
2019-06-28 11:31:00.000000000,HOLDINGS_UPDATED,"{'CASH': -241628452, 'JPM': 2540}"
2019-06-28 11:31:00.000000000,HOLDINGS_UPDATED,"{'CASH': -241727954, 'JPM': 2541}"
2019-06-28 11:31:00.000000000,HOLDINGS_UPDATED,"{'CASH': -241827456, 'JPM': 2542}"
2019-06-28 11:31:00.000000000,HOLDINGS_UPDATED,"{'CASH': -242324966, 'JPM': 2547}"
2019-06-28 11:31:00.000000000,HOLDINGS_UPDATED,"{'CASH': -242424468, 'JPM': 2548}"
2019-06-28 11:31:00.000000000,HOLDINGS_UPDATED,"{'CASH': -242623472, 'JPM': 2550}"
2019-06-28 11:31:00.000000000,HOLDINGS_UPDATED,"{'CASH': -243120982, 'JPM': 2555}"
2019-06-28 11:31:00.000000000,HOLDINGS_UPDATED,"{'CASH': -244016500, 'JPM': 2564}"
2019-06-28 11:31:00.000000000,HOLDINGS_UPDATED,"{'CASH': -244912018, 'JPM': 2573}"
2019-06-28 11:31:00.000000000,HOLDINGS_UPDATED,"{'CASH': -245708034, 'JPM': 2581}"
2019-06-28 11:31:00.000000000,HOLDINGS_UPDATED,"{'CASH': -246106042, 'JPM': 2585}"
2019-06-28 11:31:00.000000000,HOLDINGS_UPDATED,"{'CASH': -246603552, 'JPM': 2590}"
2019-06-28 11:31:00.000000000,HOLDINGS_UPDATED,"{'CASH': -247300066, 'JPM': 2597}"
2019-06-28 11:31:00.000000000,HOLDINGS_UPDATED,"{'CASH': -247399568, 'JPM': 2598}"
2019-06-28 11:31:00.000000000,HOLDINGS_UPDATED,"{'CASH': -247498973, 'JPM': 2599}"
2019-06-28 11:31:00.000000000,HOLDINGS_UPDATED,"{'CASH': -247797188, 'JPM': 2602}"
2019-06-28 11:31:10.000000000,BID_DEPTH,"[(99502, 93), (99233, 100), (99190, 100), (98595, 100), (98594, 100)]"
2019-06-28 11:31:10.000000000,ASK_DEPTH,"[(99549, 100), (99564, 100), (99600, 100), (99613, 100), (99646, 100)]"
2019-06-28 11:31:10.000000000,IMBALANCE,"[493, 500]"
2019-06-28 11:31:20.000000000,BID_DEPTH,"[(99502, 93), (99233, 100), (99190, 100), (98595, 100), (98594, 100)]"
2019-06-28 11:31:20.000000000,ASK_DEPTH,"[(99564, 100), (99600, 100), (99613, 100), (99646, 100), (99696, 100)]"
2019-06-28 11:31:20.000000000,IMBALANCE,"[493, 500]"
2019-06-28 11:31:30.000000000,BID_DEPTH,"[(99502, 93), (99233, 100), (99190, 100), (98595, 100), (98594, 100)]"
2019-06-28 11:31:30.000000000,ASK_DEPTH,"[(99564, 100), (99600, 100), (99613, 100), (99646, 100), (99696, 100)]"
2019-06-28 11:31:30.000000000,IMBALANCE,"[493, 500]"
2019-06-28 11:31:40.000000000,BID_DEPTH,"[(99502, 93), (99233, 100), (99190, 100), (98595, 100), (98594, 100)]"
2019-06-28 11:31:40.000000000,ASK_DEPTH,"[(99564, 100), (99600, 100), (99613, 100), (99646, 100), (99696, 100)]"
2019-06-28 11:31:40.000000000,IMBALANCE,"[493, 500]"
2019-06-28 11:31:50.000000000,BID_DEPTH,"[(99502, 93), (99233, 100), (99190, 100), (98595, 100), (98594, 100)]"
2019-06-28 11:31:50.000000000,ASK_DEPTH,"[(99564, 100), (99600, 100), (99613, 100), (99646, 100), (99696, 100)]"
2019-06-28 11:31:50.000000000,IMBALANCE,"[493, 500]"
2019-06-28 11:31:54.338962032,HOLDINGS_UPDATED,"{'CASH': -237840788, 'JPM': 2502}"
2019-06-28 11:32:00.000000000,BID_DEPTH,"[(99502, 93), (99233, 100), (99190, 100), (98595, 100), (98594, 100)]"
2019-06-28 11:32:00.000000000,ASK_DEPTH,"[(99600, 100), (99613, 100), (99646, 100), (99696, 100), (99719, 100)]"
2019-06-28 11:32:00.000000000,IMBALANCE,"[493, 500]"
2019-06-28 11:32:00.000000000,HOLDINGS_UPDATED,"{'CASH': -238437800, 'JPM': 2508}"
2019-06-28 11:32:00.000000000,HOLDINGS_UPDATED,"{'CASH': -239233816, 'JPM': 2516}"
2019-06-28 11:32:00.000000000,HOLDINGS_UPDATED,"{'CASH': -240129334, 'JPM': 2525}"
2019-06-28 11:32:00.000000000,HOLDINGS_UPDATED,"{'CASH': -240925350, 'JPM': 2533}"
2019-06-28 11:32:00.000000000,HOLDINGS_UPDATED,"{'CASH': -241223856, 'JPM': 2536}"
2019-06-28 11:32:10.000000000,BID_DEPTH,"[(99233, 100), (99190, 100), (98595, 100), (98594, 100), (98239, 3)]"
2019-06-28 11:32:10.000000000,ASK_DEPTH,"[(99600, 100), (99613, 100), (99646, 100), (99696, 100), (99719, 100)]"
2019-06-28 11:32:10.000000000,IMBALANCE,"[403, 500]"
2019-06-28 11:32:20.000000000,BID_DEPTH,"[(99233, 100), (99190, 100), (98595, 100), (98594, 100), (98239, 3)]"
2019-06-28 11:32:20.000000000,ASK_DEPTH,"[(99600, 100), (99613, 100), (99646, 100), (99696, 100), (99719, 100)]"
2019-06-28 11:32:20.000000000,IMBALANCE,"[403, 500]"
2019-06-28 11:32:30.000000000,BID_DEPTH,"[(99233, 100), (99190, 100), (98595, 100), (98594, 100), (98239, 3)]"
2019-06-28 11:32:30.000000000,ASK_DEPTH,"[(99600, 100), (99613, 100), (99646, 100), (99696, 100), (99719, 100)]"
2019-06-28 11:32:30.000000000,IMBALANCE,"[403, 500]"
2019-06-28 11:32:40.000000000,BID_DEPTH,"[(99233, 100), (99190, 100), (98595, 100), (98594, 100), (98239, 3)]"
2019-06-28 11:32:40.000000000,ASK_DEPTH,"[(99600, 100), (99613, 100), (99646, 100), (99696, 100), (99719, 100)]"
2019-06-28 11:32:40.000000000,IMBALANCE,"[403, 500]"
2019-06-28 11:32:50.000000000,BID_DEPTH,"[(99233, 100), (99190, 100), (98595, 100), (98594, 100), (98239, 3)]"
2019-06-28 11:32:50.000000000,ASK_DEPTH,"[(99600, 100), (99613, 100), (99646, 100), (99696, 100), (99719, 100)]"
2019-06-28 11:32:50.000000000,IMBALANCE,"[403, 500]"
2019-06-28 11:33:00.000000000,BID_DEPTH,"[(99233, 100), (99190, 100), (98595, 100), (98594, 100), (98239, 3)]"
2019-06-28 11:33:00.000000000,ASK_DEPTH,"[(99578, 100), (99600, 100), (99613, 100), (99646, 100), (99696, 100)]"
2019-06-28 11:33:00.000000000,IMBALANCE,"[403, 500]"
2019-06-28 11:33:00.000000000,HOLDINGS_UPDATED,"{'CASH': -241918487, 'JPM': 2543}"
2019-06-28 11:33:00.000000000,HOLDINGS_UPDATED,"{'CASH': -242811584, 'JPM': 2552}"
2019-06-28 11:33:00.000000000,HOLDINGS_UPDATED,"{'CASH': -243605448, 'JPM': 2560}"
2019-06-28 11:33:00.000000000,HOLDINGS_UPDATED,"{'CASH': -243903147, 'JPM': 2563}"
2019-06-28 11:33:10.000000000,BID_DEPTH,"[(99190, 100), (98595, 100), (98594, 100), (98239, 3)]"
2019-06-28 11:33:10.000000000,ASK_DEPTH,"[(99578, 100), (99600, 100), (99613, 100), (99646, 100), (99696, 100)]"
2019-06-28 11:33:10.000000000,IMBALANCE,"[303, 500]"
2019-06-28 11:33:20.000000000,BID_DEPTH,"[(99190, 100), (98595, 100), (98594, 100), (98239, 3)]"
2019-06-28 11:33:20.000000000,ASK_DEPTH,"[(99578, 100), (99600, 100), (99613, 100), (99646, 100), (99696, 100)]"
2019-06-28 11:33:20.000000000,IMBALANCE,"[303, 500]"
2019-06-28 11:33:30.000000000,BID_DEPTH,"[(99190, 100), (98595, 100), (98594, 100), (98239, 3)]"
2019-06-28 11:33:30.000000000,ASK_DEPTH,"[(99449, 100), (99578, 100), (99600, 100), (99613, 100), (99646, 100)]"
2019-06-28 11:33:30.000000000,IMBALANCE,"[303, 500]"
2019-06-28 11:33:40.000000000,BID_DEPTH,"[(99190, 100), (98595, 100), (98594, 100), (98239, 3)]"
2019-06-28 11:33:40.000000000,ASK_DEPTH,"[(99430, 100), (99449, 100), (99578, 100), (99600, 100), (99613, 100)]"
2019-06-28 11:33:40.000000000,IMBALANCE,"[303, 500]"
2019-06-28 11:33:48.906301988,HOLDINGS_UPDATED,"{'CASH': -233960147, 'JPM': 2463}"
2019-06-28 11:33:50.000000000,BID_DEPTH,"[(99190, 100), (98595, 100), (98594, 100), (98239, 3)]"
2019-06-28 11:33:50.000000000,ASK_DEPTH,"[(99449, 100), (99578, 100), (99600, 100), (99613, 100), (99646, 100)]"
2019-06-28 11:33:50.000000000,IMBALANCE,"[303, 500]"
2019-06-28 11:34:00.000000000,BID_DEPTH,"[(99190, 100), (98595, 100), (98594, 100), (98239, 3)]"
2019-06-28 11:34:00.000000000,ASK_DEPTH,"[(99449, 100), (99578, 100), (99600, 100), (99613, 100), (99646, 100)]"
2019-06-28 11:34:00.000000000,IMBALANCE,"[303, 500]"
2019-06-28 11:34:00.000000000,HOLDINGS_UPDATED,"{'CASH': -234654477, 'JPM': 2470}"
2019-06-28 11:34:00.000000000,HOLDINGS_UPDATED,"{'CASH': -235547187, 'JPM': 2479}"
2019-06-28 11:34:00.000000000,HOLDINGS_UPDATED,"{'CASH': -236340707, 'JPM': 2487}"
2019-06-28 11:34:00.000000000,HOLDINGS_UPDATED,"{'CASH': -236638277, 'JPM': 2490}"
2019-06-28 11:34:10.000000000,BID_DEPTH,"[(98595, 100), (98594, 100), (98239, 3)]"
2019-06-28 11:34:10.000000000,ASK_DEPTH,"[(99449, 100), (99578, 100), (99600, 100), (99613, 100), (99646, 100)]"
2019-06-28 11:34:10.000000000,IMBALANCE,"[203, 500]"
2019-06-28 11:34:20.000000000,BID_DEPTH,"[(98595, 100), (98594, 100), (98239, 3)]"
2019-06-28 11:34:20.000000000,ASK_DEPTH,"[(99449, 100), (99578, 100), (99600, 100), (99613, 100), (99646, 100)]"
2019-06-28 11:34:20.000000000,IMBALANCE,"[203, 500]"
2019-06-28 11:34:30.000000000,BID_DEPTH,"[(98595, 100), (98594, 100), (98239, 3)]"
2019-06-28 11:34:30.000000000,ASK_DEPTH,"[(99449, 100), (99578, 100), (99600, 100), (99613, 100), (99646, 100)]"
2019-06-28 11:34:30.000000000,IMBALANCE,"[203, 500]"
2019-06-28 11:34:40.000000000,BID_DEPTH,"[(98595, 100), (98594, 100), (98239, 3)]"
2019-06-28 11:34:40.000000000,ASK_DEPTH,"[(99449, 100), (99578, 100), (99600, 100), (99613, 100), (99646, 100)]"
2019-06-28 11:34:40.000000000,IMBALANCE,"[203, 500]"
2019-06-28 11:34:50.000000000,BID_DEPTH,"[(99086, 100), (98595, 100), (98594, 100), (98239, 3)]"
2019-06-28 11:34:50.000000000,ASK_DEPTH,"[(99449, 100), (99578, 100), (99600, 100), (99613, 100), (99646, 100)]"
2019-06-28 11:34:50.000000000,IMBALANCE,"[303, 500]"
2019-06-28 11:35:00.000000000,BID_DEPTH,"[(99086, 100), (98595, 100), (98594, 100), (98239, 3)]"
2019-06-28 11:35:00.000000000,ASK_DEPTH,"[(99101, 100), (99190, 100), (99449, 100), (99578, 100), (99600, 100)]"
2019-06-28 11:35:00.000000000,IMBALANCE,"[303, 500]"
2019-06-28 11:35:00.000000000,HOLDINGS_UPDATED,"{'CASH': -237331879, 'JPM': 2497}"
2019-06-28 11:35:00.000000000,HOLDINGS_UPDATED,"{'CASH': -238223653, 'JPM': 2506}"
2019-06-28 11:35:00.000000000,HOLDINGS_UPDATED,"{'CASH': -239016341, 'JPM': 2514}"
2019-06-28 11:35:00.000000000,HOLDINGS_UPDATED,"{'CASH': -239313599, 'JPM': 2517}"
2019-06-28 11:35:10.000000000,BID_DEPTH,"[(98595, 100), (98594, 100), (98239, 3)]"
2019-06-28 11:35:10.000000000,ASK_DEPTH,"[(99101, 100), (99190, 100), (99449, 100), (99578, 100), (99600, 100)]"
2019-06-28 11:35:10.000000000,IMBALANCE,"[203, 500]"
2019-06-28 11:35:20.000000000,BID_DEPTH,"[(98984, 100), (98595, 100), (98594, 100), (98239, 3)]"
2019-06-28 11:35:20.000000000,ASK_DEPTH,"[(99190, 100), (99449, 100), (99578, 100), (99600, 100), (99613, 100)]"
2019-06-28 11:35:20.000000000,IMBALANCE,"[303, 500]"
2019-06-28 11:35:30.000000000,BID_DEPTH,"[(98984, 100), (98595, 100), (98594, 100), (98239, 3)]"
2019-06-28 11:35:30.000000000,ASK_DEPTH,"[(99449, 100), (99578, 100), (99600, 100), (99613, 100), (99646, 100)]"
2019-06-28 11:35:30.000000000,IMBALANCE,"[303, 500]"
2019-06-28 11:35:40.000000000,BID_DEPTH,"[(98984, 100), (98595, 100), (98594, 100), (98239, 3)]"
2019-06-28 11:35:40.000000000,ASK_DEPTH,"[(99449, 100), (99578, 100), (99600, 100), (99613, 100), (99646, 100)]"
2019-06-28 11:35:40.000000000,IMBALANCE,"[303, 500]"
2019-06-28 11:35:50.000000000,BID_DEPTH,"[(98984, 100), (98595, 100), (98594, 100), (98239, 3)]"
2019-06-28 11:35:50.000000000,ASK_DEPTH,"[(99449, 100), (99578, 100), (99600, 100), (99613, 100), (99646, 100)]"
2019-06-28 11:35:50.000000000,IMBALANCE,"[303, 500]"
2019-06-28 11:36:00.000000000,BID_DEPTH,"[(98984, 100), (98595, 100), (98594, 100), (98239, 3)]"
2019-06-28 11:36:00.000000000,ASK_DEPTH,"[(99449, 100), (99578, 100), (99600, 100), (99613, 100), (99646, 100)]"
2019-06-28 11:36:00.000000000,IMBALANCE,"[303, 500]"
2019-06-28 11:36:00.000000000,HOLDINGS_UPDATED,"{'CASH': -240006487, 'JPM': 2524}"
2019-06-28 11:36:00.000000000,HOLDINGS_UPDATED,"{'CASH': -240897343, 'JPM': 2533}"
2019-06-28 11:36:00.000000000,HOLDINGS_UPDATED,"{'CASH': -241689215, 'JPM': 2541}"
2019-06-28 11:36:00.000000000,HOLDINGS_UPDATED,"{'CASH': -241986167, 'JPM': 2544}"
2019-06-28 11:36:10.000000000,BID_DEPTH,"[(98825, 100), (98595, 100), (98594, 100), (98239, 3)]"
2019-06-28 11:36:10.000000000,ASK_DEPTH,"[(99449, 100), (99578, 100), (99600, 100), (99613, 100), (99646, 100)]"
2019-06-28 11:36:10.000000000,IMBALANCE,"[303, 500]"
2019-06-28 11:36:20.000000000,BID_DEPTH,"[(98825, 100), (98595, 100), (98594, 100), (98239, 3)]"
2019-06-28 11:36:20.000000000,ASK_DEPTH,"[(99449, 100), (99578, 100), (99600, 100), (99613, 100), (99646, 100)]"
2019-06-28 11:36:20.000000000,IMBALANCE,"[303, 500]"
2019-06-28 11:36:30.000000000,BID_DEPTH,"[(98825, 100), (98595, 100), (98594, 100), (98239, 3)]"
2019-06-28 11:36:30.000000000,ASK_DEPTH,"[(99449, 100), (99578, 100), (99600, 100), (99613, 100), (99646, 100)]"
2019-06-28 11:36:30.000000000,IMBALANCE,"[303, 500]"
2019-06-28 11:36:40.000000000,BID_DEPTH,"[(98825, 100), (98595, 100), (98594, 100), (98239, 3)]"
2019-06-28 11:36:40.000000000,ASK_DEPTH,"[(99090, 100), (99449, 100), (99578, 100), (99600, 100), (99613, 100)]"
2019-06-28 11:36:40.000000000,IMBALANCE,"[303, 500]"
2019-06-28 11:36:50.000000000,BID_DEPTH,"[(98825, 100), (98595, 100), (98594, 100), (98239, 3)]"
2019-06-28 11:36:50.000000000,ASK_DEPTH,"[(99090, 100), (99326, 100), (99449, 100), (99578, 100), (99600, 100)]"
2019-06-28 11:36:50.000000000,IMBALANCE,"[303, 500]"
2019-06-28 11:37:00.000000000,BID_DEPTH,"[(98825, 100), (98595, 100), (98594, 100), (98239, 3)]"
2019-06-28 11:37:00.000000000,ASK_DEPTH,"[(99090, 100), (99326, 100), (99449, 100), (99578, 100), (99600, 100)]"
2019-06-28 11:37:00.000000000,IMBALANCE,"[303, 500]"
2019-06-28 11:37:00.000000000,HOLDINGS_UPDATED,"{'CASH': -242677942, 'JPM': 2551}"
2019-06-28 11:37:00.000000000,HOLDINGS_UPDATED,"{'CASH': -243567367, 'JPM': 2560}"
2019-06-28 11:37:00.000000000,HOLDINGS_UPDATED,"{'CASH': -244357967, 'JPM': 2568}"
2019-06-28 11:37:00.000000000,HOLDINGS_UPDATED,"{'CASH': -244654442, 'JPM': 2571}"
2019-06-28 11:37:10.000000000,BID_DEPTH,"[(98595, 100), (98594, 100), (98239, 3)]"
2019-06-28 11:37:10.000000000,ASK_DEPTH,"[(99090, 100), (99326, 100), (99449, 100), (99578, 100), (99600, 100)]"
2019-06-28 11:37:10.000000000,IMBALANCE,"[203, 500]"
2019-06-28 11:37:20.000000000,BID_DEPTH,"[(98595, 100), (98594, 100), (98239, 3)]"
2019-06-28 11:37:20.000000000,ASK_DEPTH,"[(99326, 100), (99449, 100), (99578, 100), (99600, 100), (99613, 100)]"
2019-06-28 11:37:20.000000000,IMBALANCE,"[203, 500]"
2019-06-28 11:37:30.000000000,BID_DEPTH,"[(99019, 100), (98595, 100), (98594, 100), (98239, 3)]"
2019-06-28 11:37:30.000000000,ASK_DEPTH,"[(99326, 100), (99334, 100), (99449, 100), (99578, 100), (99600, 100)]"
2019-06-28 11:37:30.000000000,IMBALANCE,"[303, 500]"
2019-06-28 11:37:40.000000000,BID_DEPTH,"[(99058, 100), (99019, 100), (98595, 100), (98594, 100), (98239, 3)]"
2019-06-28 11:37:40.000000000,ASK_DEPTH,"[(99326, 100), (99334, 100), (99449, 100), (99455, 100), (99578, 100)]"
2019-06-28 11:37:40.000000000,IMBALANCE,"[403, 500]"
2019-06-28 11:37:50.000000000,BID_DEPTH,"[(99162, 100), (99058, 100), (99019, 100), (98595, 100), (98594, 100)]"
2019-06-28 11:37:50.000000000,ASK_DEPTH,"[(99326, 100), (99334, 100), (99449, 100), (99455, 100), (99578, 100)]"
2019-06-28 11:37:50.000000000,IMBALANCE,"[500, 500]"
2019-06-28 11:38:00.000000000,BID_DEPTH,"[(99162, 100), (99058, 100), (99023, 100), (99019, 100), (98595, 100)]"
2019-06-28 11:38:00.000000000,ASK_DEPTH,"[(99326, 100), (99334, 100), (99449, 100), (99455, 100), (99578, 100)]"
2019-06-28 11:38:00.000000000,IMBALANCE,"[500, 500]"
2019-06-28 11:38:00.000000000,HOLDINGS_UPDATED,"{'CASH': -245348576, 'JPM': 2578}"
2019-06-28 11:38:00.000000000,HOLDINGS_UPDATED,"{'CASH': -246241034, 'JPM': 2587}"
2019-06-28 11:38:00.000000000,HOLDINGS_UPDATED,"{'CASH': -247034330, 'JPM': 2595}"
2019-06-28 11:38:00.000000000,HOLDINGS_UPDATED,"{'CASH': -247331816, 'JPM': 2598}"
2019-06-28 11:38:10.000000000,BID_DEPTH,"[(99058, 100), (99023, 100), (99019, 100), (98595, 100), (98594, 100)]"
2019-06-28 11:38:10.000000000,ASK_DEPTH,"[(99326, 100), (99334, 100), (99449, 100), (99455, 100), (99578, 100)]"
2019-06-28 11:38:10.000000000,IMBALANCE,"[500, 500]"
2019-06-28 11:38:20.000000000,BID_DEPTH,"[(99058, 100), (99023, 100), (99019, 100), (98595, 100), (98594, 100)]"
2019-06-28 11:38:20.000000000,ASK_DEPTH,"[(99326, 100), (99334, 100), (99449, 100), (99455, 100), (99578, 100)]"
2019-06-28 11:38:20.000000000,IMBALANCE,"[500, 500]"
2019-06-28 11:38:30.000000000,BID_DEPTH,"[(99058, 100), (99023, 100), (99019, 100), (98595, 100), (98594, 100)]"
2019-06-28 11:38:30.000000000,ASK_DEPTH,"[(99326, 100), (99334, 100), (99449, 100), (99455, 100), (99578, 100)]"
2019-06-28 11:38:30.000000000,IMBALANCE,"[500, 500]"
2019-06-28 11:38:40.000000000,BID_DEPTH,"[(99058, 100), (99023, 100), (99019, 100), (98595, 100), (98594, 100)]"
2019-06-28 11:38:40.000000000,ASK_DEPTH,"[(99326, 100), (99334, 100), (99404, 100), (99449, 100), (99455, 100)]"
2019-06-28 11:38:40.000000000,IMBALANCE,"[500, 500]"
2019-06-28 11:38:50.000000000,BID_DEPTH,"[(99058, 100), (99023, 100), (99019, 100), (98595, 100), (98594, 100)]"
2019-06-28 11:38:50.000000000,ASK_DEPTH,"[(99326, 100), (99334, 100), (99404, 100), (99449, 100), (99455, 100)]"
2019-06-28 11:38:50.000000000,IMBALANCE,"[500, 500]"
2019-06-28 11:39:00.000000000,BID_DEPTH,"[(99058, 100), (99023, 100), (99019, 100), (98595, 100), (98594, 100)]"
2019-06-28 11:39:00.000000000,ASK_DEPTH,"[(99326, 100), (99334, 100), (99404, 100), (99449, 100), (99455, 100)]"
2019-06-28 11:39:00.000000000,IMBALANCE,"[500, 500]"
2019-06-28 11:39:00.000000000,HOLDINGS_UPDATED,"{'CASH': -248025222, 'JPM': 2605}"
2019-06-28 11:39:00.000000000,HOLDINGS_UPDATED,"{'CASH': -248916744, 'JPM': 2614}"
2019-06-28 11:39:00.000000000,HOLDINGS_UPDATED,"{'CASH': -249709208, 'JPM': 2622}"
2019-06-28 11:39:00.000000000,HOLDINGS_UPDATED,"{'CASH': -250006382, 'JPM': 2625}"
2019-06-28 11:39:10.000000000,BID_DEPTH,"[(99023, 100), (99019, 100), (98595, 100), (98594, 100), (98239, 3)]"
2019-06-28 11:39:10.000000000,ASK_DEPTH,"[(99326, 100), (99334, 100), (99404, 100), (99449, 100), (99455, 100)]"
2019-06-28 11:39:10.000000000,IMBALANCE,"[403, 500]"
2019-06-28 11:39:20.000000000,BID_DEPTH,"[(99270, 100), (99023, 100), (99019, 100), (98595, 100), (98594, 100)]"
2019-06-28 11:39:20.000000000,ASK_DEPTH,"[(99326, 100), (99334, 100), (99404, 100), (99449, 100), (99455, 100)]"
2019-06-28 11:39:20.000000000,IMBALANCE,"[500, 500]"
2019-06-28 11:39:30.000000000,BID_DEPTH,"[(99270, 100), (99023, 100), (99019, 100), (98595, 100), (98594, 100)]"
2019-06-28 11:39:30.000000000,ASK_DEPTH,"[(99326, 100), (99334, 100), (99404, 100), (99449, 100), (99455, 100)]"
2019-06-28 11:39:30.000000000,IMBALANCE,"[500, 500]"
2019-06-28 11:39:40.000000000,BID_DEPTH,"[(99270, 100), (99023, 100), (99019, 100), (98595, 100), (98594, 100)]"
2019-06-28 11:39:40.000000000,ASK_DEPTH,"[(99326, 100), (99334, 100), (99404, 100), (99449, 100), (99455, 100)]"
2019-06-28 11:39:40.000000000,IMBALANCE,"[500, 500]"
2019-06-28 11:39:47.803215378,HOLDINGS_UPDATED,"{'CASH': -259933382, 'JPM': 2725}"
2019-06-28 11:39:50.000000000,BID_DEPTH,"[(99093, 100), (99023, 100), (99019, 100), (98595, 100), (98594, 100)]"
2019-06-28 11:39:50.000000000,ASK_DEPTH,"[(99326, 100), (99334, 100), (99404, 100), (99449, 100), (99455, 100)]"
2019-06-28 11:39:50.000000000,IMBALANCE,"[500, 500]"
2019-06-28 11:40:00.000000000,BID_DEPTH,"[(99093, 100), (99023, 100), (99019, 100), (98595, 100), (98594, 100)]"
2019-06-28 11:40:00.000000000,ASK_DEPTH,"[(99326, 100), (99334, 100), (99404, 100), (99449, 100), (99455, 100)]"
2019-06-28 11:40:00.000000000,IMBALANCE,"[500, 500]"
2019-06-28 11:40:00.000000000,HOLDINGS_UPDATED,"{'CASH': -260627033, 'JPM': 2732}"
2019-06-28 11:40:00.000000000,HOLDINGS_UPDATED,"{'CASH': -261518870, 'JPM': 2741}"
2019-06-28 11:40:00.000000000,HOLDINGS_UPDATED,"{'CASH': -262311614, 'JPM': 2749}"
2019-06-28 11:40:00.000000000,HOLDINGS_UPDATED,"{'CASH': -262608893, 'JPM': 2752}"
2019-06-28 11:40:10.000000000,BID_DEPTH,"[(99023, 100), (99019, 100), (98595, 100), (98594, 100), (98239, 3)]"
2019-06-28 11:40:10.000000000,ASK_DEPTH,"[(99326, 100), (99334, 100), (99404, 100), (99449, 100), (99455, 100)]"
2019-06-28 11:40:10.000000000,IMBALANCE,"[403, 500]"
2019-06-28 11:40:20.000000000,BID_DEPTH,"[(99023, 100), (99019, 100), (98595, 100), (98594, 100), (98239, 3)]"
2019-06-28 11:40:20.000000000,ASK_DEPTH,"[(99093, 100), (99158, 100), (99326, 100), (99334, 100), (99404, 100)]"
2019-06-28 11:40:20.000000000,IMBALANCE,"[403, 500]"
2019-06-28 11:40:30.000000000,BID_DEPTH,"[(99023, 100), (99019, 100), (98595, 100), (98594, 100), (98239, 3)]"
2019-06-28 11:40:30.000000000,ASK_DEPTH,"[(99093, 100), (99158, 100), (99326, 100), (99334, 100), (99404, 100)]"
2019-06-28 11:40:30.000000000,IMBALANCE,"[403, 500]"
2019-06-28 11:40:40.000000000,BID_DEPTH,"[(99023, 100), (99019, 100), (98988, 100), (98595, 100), (98594, 100)]"
2019-06-28 11:40:40.000000000,ASK_DEPTH,"[(99093, 100), (99158, 100), (99326, 100), (99334, 100), (99404, 100)]"
2019-06-28 11:40:40.000000000,IMBALANCE,"[500, 500]"
2019-06-28 11:40:50.000000000,BID_DEPTH,"[(99023, 100), (99019, 100), (98988, 100), (98595, 100), (98594, 100)]"
2019-06-28 11:40:50.000000000,ASK_DEPTH,"[(99093, 100), (99158, 100), (99326, 100), (99334, 100), (99404, 100)]"
2019-06-28 11:40:50.000000000,IMBALANCE,"[500, 500]"
2019-06-28 11:41:00.000000000,BID_DEPTH,"[(99023, 100), (99019, 100), (98988, 100), (98595, 100), (98594, 100)]"
2019-06-28 11:41:00.000000000,ASK_DEPTH,"[(99093, 100), (99158, 100), (99326, 100), (99334, 100), (99404, 100)]"
2019-06-28 11:41:00.000000000,IMBALANCE,"[500, 500]"
2019-06-28 11:41:00.000000000,HOLDINGS_UPDATED,"{'CASH': -263302054, 'JPM': 2759}"
2019-06-28 11:41:00.000000000,HOLDINGS_UPDATED,"{'CASH': -264193261, 'JPM': 2768}"
2019-06-28 11:41:00.000000000,HOLDINGS_UPDATED,"{'CASH': -264985445, 'JPM': 2776}"
2019-06-28 11:41:00.000000000,HOLDINGS_UPDATED,"{'CASH': -265282514, 'JPM': 2779}"
2019-06-28 11:41:01.400847638,HOLDINGS_UPDATED,"{'CASH': -275184814, 'JPM': 2879}"
2019-06-28 11:41:10.000000000,BID_DEPTH,"[(99019, 100), (98988, 100), (98595, 100), (98594, 100), (98239, 3)]"
2019-06-28 11:41:10.000000000,ASK_DEPTH,"[(99093, 100), (99158, 100), (99326, 100), (99334, 100), (99404, 100)]"
2019-06-28 11:41:10.000000000,IMBALANCE,"[403, 500]"
2019-06-28 11:41:20.000000000,BID_DEPTH,"[(99019, 100), (98988, 100), (98595, 100), (98594, 100), (98239, 3)]"
2019-06-28 11:41:20.000000000,ASK_DEPTH,"[(99093, 100), (99158, 100), (99326, 100), (99334, 100), (99404, 100)]"
2019-06-28 11:41:20.000000000,IMBALANCE,"[403, 500]"
2019-06-28 11:41:30.000000000,BID_DEPTH,"[(99019, 100), (98988, 100), (98595, 100), (98594, 100), (98239, 3)]"
2019-06-28 11:41:30.000000000,ASK_DEPTH,"[(99093, 100), (99158, 100), (99326, 100), (99334, 100), (99404, 100)]"
2019-06-28 11:41:30.000000000,IMBALANCE,"[403, 500]"
2019-06-28 11:41:40.000000000,BID_DEPTH,"[(99019, 100), (98595, 100), (98594, 100), (98239, 3)]"
2019-06-28 11:41:40.000000000,ASK_DEPTH,"[(99093, 100), (99158, 100), (99189, 100), (99232, 100), (99326, 100)]"
2019-06-28 11:41:40.000000000,IMBALANCE,"[303, 500]"
2019-06-28 11:41:50.000000000,BID_DEPTH,"[(99023, 100), (99019, 100), (98595, 100), (98594, 100), (98239, 3)]"
2019-06-28 11:41:50.000000000,ASK_DEPTH,"[(99093, 100), (99158, 100), (99189, 100), (99232, 100), (99326, 100)]"
2019-06-28 11:41:50.000000000,IMBALANCE,"[403, 500]"
2019-06-28 11:42:00.000000000,BID_DEPTH,"[(99023, 100), (99019, 100), (98595, 100), (98594, 100), (98239, 3)]"
2019-06-28 11:42:00.000000000,ASK_DEPTH,"[(99093, 100), (99158, 100), (99161, 100), (99189, 100), (99232, 100)]"
2019-06-28 11:42:00.000000000,IMBALANCE,"[403, 500]"
2019-06-28 11:42:00.000000000,HOLDINGS_UPDATED,"{'CASH': -275877975, 'JPM': 2886}"
2019-06-28 11:42:00.000000000,HOLDINGS_UPDATED,"{'CASH': -276769182, 'JPM': 2895}"
2019-06-28 11:42:00.000000000,HOLDINGS_UPDATED,"{'CASH': -277561366, 'JPM': 2903}"
2019-06-28 11:42:00.000000000,HOLDINGS_UPDATED,"{'CASH': -277858435, 'JPM': 2906}"
2019-06-28 11:42:10.000000000,BID_DEPTH,"[(99019, 100), (98595, 100), (98594, 100), (98239, 3)]"
2019-06-28 11:42:10.000000000,ASK_DEPTH,"[(99093, 100), (99158, 100), (99161, 100), (99189, 100), (99232, 100)]"
2019-06-28 11:42:10.000000000,IMBALANCE,"[303, 500]"
2019-06-28 11:42:20.000000000,BID_DEPTH,"[(99019, 100), (98595, 100), (98594, 100), (98239, 3)]"
2019-06-28 11:42:20.000000000,ASK_DEPTH,"[(99093, 100), (99158, 100), (99161, 100), (99189, 100), (99232, 100)]"
2019-06-28 11:42:20.000000000,IMBALANCE,"[303, 500]"
2019-06-28 11:42:30.000000000,BID_DEPTH,"[(99019, 100), (98595, 100), (98594, 100), (98239, 3)]"
2019-06-28 11:42:30.000000000,ASK_DEPTH,"[(99093, 100), (99158, 100), (99161, 100), (99189, 100), (99232, 100)]"
2019-06-28 11:42:30.000000000,IMBALANCE,"[303, 500]"
2019-06-28 11:42:40.000000000,BID_DEPTH,"[(99019, 100), (98595, 100), (98594, 100), (98239, 3)]"
2019-06-28 11:42:40.000000000,ASK_DEPTH,"[(99093, 100), (99158, 100), (99161, 100), (99189, 100), (99232, 100)]"
2019-06-28 11:42:40.000000000,IMBALANCE,"[303, 500]"
2019-06-28 11:42:50.000000000,BID_DEPTH,"[(99019, 100), (98595, 100), (98594, 100), (98239, 3)]"
2019-06-28 11:42:50.000000000,ASK_DEPTH,"[(99093, 100), (99158, 100), (99161, 100), (99189, 100), (99232, 100)]"
2019-06-28 11:42:50.000000000,IMBALANCE,"[303, 500]"
2019-06-28 11:43:00.000000000,BID_DEPTH,"[(99019, 100), (98595, 100), (98594, 100), (98239, 3)]"
2019-06-28 11:43:00.000000000,ASK_DEPTH,"[(99093, 100), (99158, 100), (99161, 100), (99189, 100), (99232, 100)]"
2019-06-28 11:43:00.000000000,IMBALANCE,"[303, 500]"
2019-06-28 11:43:00.000000000,HOLDINGS_UPDATED,"{'CASH': -278551568, 'JPM': 2913}"
2019-06-28 11:43:00.000000000,HOLDINGS_UPDATED,"{'CASH': -279442739, 'JPM': 2922}"
2019-06-28 11:43:00.000000000,HOLDINGS_UPDATED,"{'CASH': -280234891, 'JPM': 2930}"
2019-06-28 11:43:00.000000000,HOLDINGS_UPDATED,"{'CASH': -280531948, 'JPM': 2933}"
2019-06-28 11:43:10.000000000,BID_DEPTH,"[(98595, 100), (98594, 100), (98239, 3)]"
2019-06-28 11:43:10.000000000,ASK_DEPTH,"[(99093, 100), (99158, 100), (99161, 100), (99189, 100), (99232, 100)]"
2019-06-28 11:43:10.000000000,IMBALANCE,"[203, 500]"
2019-06-28 11:43:20.000000000,BID_DEPTH,"[(98595, 100), (98594, 100), (98239, 3)]"
2019-06-28 11:43:20.000000000,ASK_DEPTH,"[(99093, 100), (99158, 100), (99161, 100), (99189, 100), (99232, 100)]"
2019-06-28 11:43:20.000000000,IMBALANCE,"[203, 500]"
2019-06-28 11:43:30.000000000,BID_DEPTH,"[(98595, 100), (98594, 100), (98239, 3)]"
2019-06-28 11:43:30.000000000,ASK_DEPTH,"[(99093, 100), (99158, 100), (99161, 100), (99189, 100), (99232, 100)]"
2019-06-28 11:43:30.000000000,IMBALANCE,"[203, 500]"
2019-06-28 11:43:40.000000000,BID_DEPTH,"[(98595, 100), (98594, 100), (98239, 3)]"
2019-06-28 11:43:40.000000000,ASK_DEPTH,"[(99093, 100), (99158, 100), (99161, 100), (99189, 100), (99232, 100)]"
2019-06-28 11:43:40.000000000,IMBALANCE,"[203, 500]"
2019-06-28 11:43:50.000000000,BID_DEPTH,"[(98595, 100), (98594, 100), (98239, 3)]"
2019-06-28 11:43:50.000000000,ASK_DEPTH,"[(99093, 100), (99158, 100), (99161, 100), (99189, 100), (99232, 100)]"
2019-06-28 11:43:50.000000000,IMBALANCE,"[203, 500]"
2019-06-28 11:44:00.000000000,BID_DEPTH,"[(98595, 100), (98594, 100), (98239, 3)]"
2019-06-28 11:44:00.000000000,ASK_DEPTH,"[(99093, 100), (99158, 100), (99161, 100), (99189, 100), (99232, 100)]"
2019-06-28 11:44:00.000000000,IMBALANCE,"[203, 500]"
2019-06-28 11:44:00.000000000,HOLDINGS_UPDATED,"{'CASH': -281222113, 'JPM': 2940}"
2019-06-28 11:44:00.000000000,HOLDINGS_UPDATED,"{'CASH': -282109468, 'JPM': 2949}"
2019-06-28 11:44:00.000000000,HOLDINGS_UPDATED,"{'CASH': -282898228, 'JPM': 2957}"
2019-06-28 11:44:00.000000000,HOLDINGS_UPDATED,"{'CASH': -283194013, 'JPM': 2960}"
2019-06-28 11:44:10.000000000,BID_DEPTH,"[(98594, 100), (98239, 3)]"
2019-06-28 11:44:10.000000000,ASK_DEPTH,"[(99093, 100), (99158, 100), (99161, 100), (99189, 100), (99232, 100)]"
2019-06-28 11:44:10.000000000,IMBALANCE,"[103, 500]"
2019-06-28 11:44:20.000000000,BID_DEPTH,"[(98594, 100), (98239, 3)]"
2019-06-28 11:44:20.000000000,ASK_DEPTH,"[(99158, 100), (99161, 100), (99189, 100), (99232, 100), (99326, 100)]"
2019-06-28 11:44:20.000000000,IMBALANCE,"[103, 500]"
2019-06-28 11:44:30.000000000,BID_DEPTH,"[(98594, 100), (98239, 3)]"
2019-06-28 11:44:30.000000000,ASK_DEPTH,"[(99158, 100), (99161, 100), (99189, 100), (99232, 100), (99326, 100)]"
2019-06-28 11:44:30.000000000,IMBALANCE,"[103, 500]"
2019-06-28 11:44:40.000000000,BID_DEPTH,"[(98594, 100), (98239, 3)]"
2019-06-28 11:44:40.000000000,ASK_DEPTH,"[(99161, 100), (99189, 100), (99232, 100), (99326, 100), (99449, 100)]"
2019-06-28 11:44:40.000000000,IMBALANCE,"[103, 500]"
2019-06-28 11:44:50.000000000,BID_DEPTH,"[(98594, 100), (98239, 3)]"
2019-06-28 11:44:50.000000000,ASK_DEPTH,"[(99161, 100), (99189, 100), (99232, 100), (99326, 100), (99449, 100)]"
2019-06-28 11:44:50.000000000,IMBALANCE,"[103, 500]"
2019-06-28 11:45:00.000000000,BID_DEPTH,"[(98594, 100), (98239, 3)]"
2019-06-28 11:45:00.000000000,ASK_DEPTH,"[(99189, 100), (99232, 100), (99326, 100), (99449, 100), (99455, 100)]"
2019-06-28 11:45:00.000000000,IMBALANCE,"[103, 500]"
2019-06-28 11:45:00.000000000,HOLDINGS_UPDATED,"{'CASH': -283884171, 'JPM': 2967}"
2019-06-28 11:45:00.000000000,HOLDINGS_UPDATED,"{'CASH': -284771517, 'JPM': 2976}"
2019-06-28 11:45:00.000000000,HOLDINGS_UPDATED,"{'CASH': -285560269, 'JPM': 2984}"
2019-06-28 11:45:00.000000000,HOLDINGS_UPDATED,"{'CASH': -285856051, 'JPM': 2987}"
2019-06-28 11:45:10.000000000,BID_DEPTH,"[(98239, 3)]"
2019-06-28 11:45:10.000000000,ASK_DEPTH,"[(99189, 100), (99232, 100), (99326, 100), (99449, 100), (99455, 100)]"
2019-06-28 11:45:10.000000000,IMBALANCE,"[3, 500]"
2019-06-28 11:45:20.000000000,BID_DEPTH,"[(98239, 3)]"
2019-06-28 11:45:20.000000000,ASK_DEPTH,"[(99189, 100), (99232, 100), (99326, 100), (99449, 100), (99455, 100)]"
2019-06-28 11:45:20.000000000,IMBALANCE,"[3, 500]"
2019-06-28 11:45:30.000000000,BID_DEPTH,"[(98239, 3)]"
2019-06-28 11:45:30.000000000,ASK_DEPTH,"[(99189, 100), (99232, 100), (99326, 100), (99449, 100), (99455, 100)]"
2019-06-28 11:45:30.000000000,IMBALANCE,"[3, 500]"
2019-06-28 11:45:40.000000000,BID_DEPTH,"[(98239, 3)]"
2019-06-28 11:45:40.000000000,ASK_DEPTH,"[(99189, 100), (99232, 100), (99326, 100), (99449, 100), (99455, 100)]"
2019-06-28 11:45:40.000000000,IMBALANCE,"[3, 500]"
2019-06-28 11:45:50.000000000,BID_DEPTH,"[(98239, 3)]"
2019-06-28 11:45:50.000000000,ASK_DEPTH,"[(99232, 100), (99326, 100), (99449, 100), (99455, 100), (99462, 100)]"
2019-06-28 11:45:50.000000000,IMBALANCE,"[3, 500]"
2019-06-28 11:46:00.000000000,BID_DEPTH,"[(98239, 3)]"
2019-06-28 11:46:00.000000000,ASK_DEPTH,"[(99326, 100), (99449, 100), (99455, 100), (99462, 100), (99507, 100)]"
2019-06-28 11:46:00.000000000,IMBALANCE,"[3, 500]"
2019-06-28 11:46:00.000000000,HOLDINGS_UPDATED,"{'CASH': -286445485, 'JPM': 2993}"
2019-06-28 11:46:00.000000000,HOLDINGS_UPDATED,"{'CASH': -286936680, 'JPM': 2998}"
2019-06-28 11:46:00.000000000,HOLDINGS_UPDATED,"{'CASH': -287231397, 'JPM': 3001}"
2019-06-28 11:46:00.000000000,HOLDINGS_UPDATED,"{'CASH': -288017309, 'JPM': 3009}"
2019-06-28 11:46:00.000000000,HOLDINGS_UPDATED,"{'CASH': -288312026, 'JPM': 3012}"
2019-06-28 11:46:00.000000000,HOLDINGS_UPDATED,"{'CASH': -288901460, 'JPM': 3018}"
2019-06-28 11:46:00.000000000,HOLDINGS_UPDATED,"{'CASH': -289687372, 'JPM': 3026}"
2019-06-28 11:46:00.000000000,HOLDINGS_UPDATED,"{'CASH': -289785611, 'JPM': 3027}"
2019-06-28 11:46:00.000000000,HOLDINGS_UPDATED,"{'CASH': -289883850, 'JPM': 3028}"
2019-06-28 11:46:00.000000000,HOLDINGS_UPDATED,"{'CASH': -290375045, 'JPM': 3033}"
2019-06-28 11:46:00.000000000,HOLDINGS_UPDATED,"{'CASH': -290473284, 'JPM': 3034}"
2019-06-28 11:46:00.000000000,HOLDINGS_UPDATED,"{'CASH': -290669762, 'JPM': 3036}"
2019-06-28 11:46:00.000000000,HOLDINGS_UPDATED,"{'CASH': -291160957, 'JPM': 3041}"
2019-06-28 11:46:00.000000000,HOLDINGS_UPDATED,"{'CASH': -292045108, 'JPM': 3050}"
2019-06-28 11:46:00.000000000,HOLDINGS_UPDATED,"{'CASH': -292929259, 'JPM': 3059}"
2019-06-28 11:46:00.000000000,HOLDINGS_UPDATED,"{'CASH': -293715171, 'JPM': 3067}"
2019-06-28 11:46:00.000000000,HOLDINGS_UPDATED,"{'CASH': -294108127, 'JPM': 3071}"
2019-06-28 11:46:00.000000000,HOLDINGS_UPDATED,"{'CASH': -294599317, 'JPM': 3076}"
2019-06-28 11:46:00.000000000,HOLDINGS_UPDATED,"{'CASH': -295286983, 'JPM': 3083}"
2019-06-28 11:46:00.000000000,HOLDINGS_UPDATED,"{'CASH': -296072887, 'JPM': 3091}"
2019-06-28 11:46:00.000000000,HOLDINGS_UPDATED,"{'CASH': -296957029, 'JPM': 3100}"
2019-06-28 11:46:00.000000000,HOLDINGS_UPDATED,"{'CASH': -297742933, 'JPM': 3108}"
2019-06-28 11:46:00.000000000,HOLDINGS_UPDATED,"{'CASH': -298037647, 'JPM': 3111}"
2019-06-28 11:46:10.000000000,BID_DEPTH,[]
2019-06-28 11:46:10.000000000,ASK_DEPTH,"[(99326, 100), (99449, 100), (99455, 100), (99462, 100), (99507, 100)]"
2019-06-28 11:46:10.000000000,IMBALANCE,"[0, 500]"
2019-06-28 11:46:20.000000000,BID_DEPTH,[]
2019-06-28 11:46:20.000000000,ASK_DEPTH,"[(99326, 100), (99449, 100), (99455, 100), (99462, 100), (99507, 100)]"
2019-06-28 11:46:20.000000000,IMBALANCE,"[0, 500]"
2019-06-28 11:46:30.000000000,BID_DEPTH,[]
2019-06-28 11:46:30.000000000,ASK_DEPTH,"[(99326, 100), (99449, 100), (99455, 100), (99462, 100), (99507, 100)]"
2019-06-28 11:46:30.000000000,IMBALANCE,"[0, 500]"
2019-06-28 11:46:40.000000000,BID_DEPTH,[]
2019-06-28 11:46:40.000000000,ASK_DEPTH,"[(99326, 100), (99449, 100), (99455, 100), (99462, 100), (99507, 100)]"
2019-06-28 11:46:40.000000000,IMBALANCE,"[0, 500]"
2019-06-28 11:46:50.000000000,BID_DEPTH,[]
2019-06-28 11:46:50.000000000,ASK_DEPTH,"[(99326, 100), (99449, 100), (99455, 100), (99462, 100), (99507, 100)]"
2019-06-28 11:46:50.000000000,IMBALANCE,"[0, 500]"
2019-06-28 11:47:00.000000000,BID_DEPTH,[]
2019-06-28 11:47:00.000000000,ASK_DEPTH,"[(99326, 100), (99449, 100), (99455, 100), (99462, 100), (99507, 100)]"
2019-06-28 11:47:00.000000000,IMBALANCE,"[0, 500]"
2019-06-28 11:47:10.000000000,BID_DEPTH,[]
2019-06-28 11:47:10.000000000,ASK_DEPTH,"[(99326, 100), (99449, 100), (99455, 100), (99462, 100), (99507, 100)]"
2019-06-28 11:47:10.000000000,IMBALANCE,"[0, 500]"
2019-06-28 11:47:20.000000000,BID_DEPTH,"[(98238, 100)]"
2019-06-28 11:47:20.000000000,ASK_DEPTH,"[(99326, 100), (99449, 100), (99455, 100), (99462, 100), (99507, 100)]"
2019-06-28 11:47:20.000000000,IMBALANCE,"[100, 500]"
2019-06-28 11:47:30.000000000,BID_DEPTH,"[(98238, 100)]"
2019-06-28 11:47:30.000000000,ASK_DEPTH,"[(99449, 100), (99455, 100), (99462, 100), (99507, 100), (99578, 100)]"
2019-06-28 11:47:30.000000000,IMBALANCE,"[100, 500]"
2019-06-28 11:47:40.000000000,BID_DEPTH,"[(98238, 100)]"
2019-06-28 11:47:40.000000000,ASK_DEPTH,"[(99449, 100), (99455, 100), (99462, 100), (99507, 100), (99578, 100)]"
2019-06-28 11:47:40.000000000,IMBALANCE,"[100, 500]"
2019-06-28 11:47:50.000000000,BID_DEPTH,"[(98238, 100)]"
2019-06-28 11:47:50.000000000,ASK_DEPTH,"[(99449, 100), (99455, 100), (99462, 100), (99507, 100), (99578, 100)]"
2019-06-28 11:47:50.000000000,IMBALANCE,"[100, 500]"
2019-06-28 11:48:00.000000000,BID_DEPTH,"[(98238, 100)]"
2019-06-28 11:48:00.000000000,ASK_DEPTH,"[(99449, 100), (99455, 100), (99462, 100), (99507, 100), (99578, 100)]"
2019-06-28 11:48:00.000000000,IMBALANCE,"[100, 500]"
2019-06-28 11:48:00.000000000,HOLDINGS_UPDATED,"{'CASH': -298725313, 'JPM': 3118}"
2019-06-28 11:48:00.000000000,HOLDINGS_UPDATED,"{'CASH': -299609455, 'JPM': 3127}"
2019-06-28 11:48:00.000000000,HOLDINGS_UPDATED,"{'CASH': -300395359, 'JPM': 3135}"
2019-06-28 11:48:00.000000000,HOLDINGS_UPDATED,"{'CASH': -300690073, 'JPM': 3138}"
2019-06-28 11:48:10.000000000,BID_DEPTH,"[(98238, 100)]"
2019-06-28 11:48:10.000000000,ASK_DEPTH,"[(99449, 100), (99455, 100), (99462, 100), (99507, 100), (99578, 100)]"
2019-06-28 11:48:10.000000000,IMBALANCE,"[100, 500]"
2019-06-28 11:48:20.000000000,BID_DEPTH,"[(98238, 100)]"
2019-06-28 11:48:20.000000000,ASK_DEPTH,"[(99455, 100), (99462, 100), (99507, 100), (99578, 100), (99613, 100)]"
2019-06-28 11:48:20.000000000,IMBALANCE,"[100, 500]"
2019-06-28 11:48:30.000000000,BID_DEPTH,"[(98238, 100)]"
2019-06-28 11:48:30.000000000,ASK_DEPTH,"[(99455, 100), (99462, 100), (99507, 100), (99578, 100), (99613, 100)]"
2019-06-28 11:48:30.000000000,IMBALANCE,"[100, 500]"
2019-06-28 11:48:40.000000000,BID_DEPTH,"[(98238, 100)]"
2019-06-28 11:48:40.000000000,ASK_DEPTH,"[(99462, 100), (99507, 100), (99613, 100), (99712, 100), (99747, 100)]"
2019-06-28 11:48:40.000000000,IMBALANCE,"[100, 500]"
2019-06-28 11:48:50.000000000,BID_DEPTH,"[(99449, 100), (98238, 100)]"
2019-06-28 11:48:50.000000000,ASK_DEPTH,"[(99462, 100), (99507, 100), (99613, 100), (99712, 100), (99747, 100)]"
2019-06-28 11:48:50.000000000,IMBALANCE,"[200, 500]"
2019-06-28 11:49:00.000000000,BID_DEPTH,"[(99449, 100), (98238, 100)]"
2019-06-28 11:49:00.000000000,ASK_DEPTH,"[(99462, 100), (99507, 100), (99613, 100), (99712, 100), (99747, 100)]"
2019-06-28 11:49:00.000000000,IMBALANCE,"[200, 500]"
2019-06-28 11:49:00.000000000,HOLDINGS_UPDATED,"{'CASH': -301386216, 'JPM': 3145}"
2019-06-28 11:49:00.000000000,HOLDINGS_UPDATED,"{'CASH': -302281257, 'JPM': 3154}"
2019-06-28 11:49:00.000000000,HOLDINGS_UPDATED,"{'CASH': -303076849, 'JPM': 3162}"
2019-06-28 11:49:00.000000000,HOLDINGS_UPDATED,"{'CASH': -303375196, 'JPM': 3165}"
2019-06-28 11:49:10.000000000,BID_DEPTH,"[(98238, 100)]"
2019-06-28 11:49:10.000000000,ASK_DEPTH,"[(99507, 100), (99613, 100), (99712, 100), (99747, 100), (99757, 100)]"
2019-06-28 11:49:10.000000000,IMBALANCE,"[100, 500]"
2019-06-28 11:49:20.000000000,BID_DEPTH,"[(98238, 100)]"
2019-06-28 11:49:20.000000000,ASK_DEPTH,"[(99507, 100), (99613, 100), (99712, 100), (99747, 100), (99757, 100)]"
2019-06-28 11:49:20.000000000,IMBALANCE,"[100, 500]"
2019-06-28 11:49:30.000000000,BID_DEPTH,"[(98238, 100)]"
2019-06-28 11:49:30.000000000,ASK_DEPTH,"[(99507, 100), (99613, 100), (99712, 100), (99747, 100), (99757, 100)]"
2019-06-28 11:49:30.000000000,IMBALANCE,"[100, 500]"
2019-06-28 11:49:40.000000000,BID_DEPTH,"[(98238, 100)]"
2019-06-28 11:49:40.000000000,ASK_DEPTH,"[(99507, 100), (99613, 100), (99712, 100), (99747, 100), (99757, 100)]"
2019-06-28 11:49:40.000000000,IMBALANCE,"[100, 500]"
2019-06-28 11:49:50.000000000,BID_DEPTH,"[(98238, 100)]"
2019-06-28 11:49:50.000000000,ASK_DEPTH,"[(99507, 100), (99613, 100), (99712, 100), (99747, 100), (99757, 100)]"
2019-06-28 11:49:50.000000000,IMBALANCE,"[100, 500]"
2019-06-28 11:50:00.000000000,BID_DEPTH,"[(98238, 100)]"
2019-06-28 11:50:00.000000000,ASK_DEPTH,"[(99507, 100), (99613, 100), (99712, 100), (99747, 100), (99757, 100)]"
2019-06-28 11:50:00.000000000,IMBALANCE,"[100, 500]"
2019-06-28 11:50:00.000000000,HOLDINGS_UPDATED,"{'CASH': -304062862, 'JPM': 3172}"
2019-06-28 11:50:00.000000000,HOLDINGS_UPDATED,"{'CASH': -304947004, 'JPM': 3181}"
2019-06-28 11:50:00.000000000,HOLDINGS_UPDATED,"{'CASH': -305732908, 'JPM': 3189}"
2019-06-28 11:50:00.000000000,HOLDINGS_UPDATED,"{'CASH': -306027622, 'JPM': 3192}"
2019-06-28 11:50:10.000000000,BID_DEPTH,[]
2019-06-28 11:50:10.000000000,ASK_DEPTH,"[(99613, 100), (99712, 100), (99747, 100), (99992, 100), (100035, 100)]"
2019-06-28 11:50:10.000000000,IMBALANCE,"[0, 500]"
2019-06-28 11:50:20.000000000,BID_DEPTH,"[(98238, 100)]"
2019-06-28 11:50:20.000000000,ASK_DEPTH,"[(99613, 100), (99712, 100), (99747, 100), (99992, 100), (100035, 100)]"
2019-06-28 11:50:20.000000000,IMBALANCE,"[100, 500]"
2019-06-28 11:50:30.000000000,BID_DEPTH,"[(98238, 100)]"
2019-06-28 11:50:30.000000000,ASK_DEPTH,"[(99613, 100), (99712, 100), (99747, 100), (99992, 100), (100035, 100)]"
2019-06-28 11:50:30.000000000,IMBALANCE,"[100, 500]"
2019-06-28 11:50:40.000000000,BID_DEPTH,"[(98238, 100)]"
2019-06-28 11:50:40.000000000,ASK_DEPTH,"[(99613, 100), (99712, 100), (99747, 100), (99992, 100), (100035, 100)]"
2019-06-28 11:50:40.000000000,IMBALANCE,"[100, 500]"
2019-06-28 11:50:50.000000000,BID_DEPTH,"[(98238, 200)]"
2019-06-28 11:50:50.000000000,ASK_DEPTH,"[(99613, 100), (99712, 100), (99747, 100), (99992, 100), (100035, 100)]"
2019-06-28 11:50:50.000000000,IMBALANCE,"[200, 500]"
2019-06-28 11:51:00.000000000,BID_DEPTH,"[(98238, 200)]"
2019-06-28 11:51:00.000000000,ASK_DEPTH,"[(99613, 100), (99712, 100), (99747, 100), (99992, 100), (100035, 100)]"
2019-06-28 11:51:00.000000000,IMBALANCE,"[200, 500]"
2019-06-28 11:51:10.000000000,BID_DEPTH,"[(98238, 73)]"
2019-06-28 11:51:10.000000000,ASK_DEPTH,"[(99712, 100), (99747, 100), (99992, 100), (100035, 100), (100417, 100)]"
2019-06-28 11:51:10.000000000,IMBALANCE,"[73, 500]"
2019-06-28 11:51:20.000000000,BID_DEPTH,"[(98238, 73)]"
2019-06-28 11:51:20.000000000,ASK_DEPTH,"[(99712, 100), (99747, 100), (99992, 100), (100035, 100), (100417, 100)]"
2019-06-28 11:51:20.000000000,IMBALANCE,"[73, 500]"
2019-06-28 11:51:30.000000000,BID_DEPTH,"[(98238, 73)]"
2019-06-28 11:51:30.000000000,ASK_DEPTH,"[(99712, 100), (99747, 100), (99992, 100), (100035, 100), (100417, 100)]"
2019-06-28 11:51:30.000000000,IMBALANCE,"[73, 500]"
2019-06-28 11:51:40.000000000,BID_DEPTH,"[(98238, 73)]"
2019-06-28 11:51:40.000000000,ASK_DEPTH,"[(99712, 100), (99747, 100), (99992, 100), (100035, 100), (100417, 100)]"
2019-06-28 11:51:40.000000000,IMBALANCE,"[73, 500]"
2019-06-28 11:51:50.000000000,BID_DEPTH,"[(98238, 73)]"
2019-06-28 11:51:50.000000000,ASK_DEPTH,"[(99712, 100), (99747, 100), (99992, 100), (100035, 100), (100417, 100)]"
2019-06-28 11:51:50.000000000,IMBALANCE,"[73, 500]"
2019-06-28 11:52:00.000000000,BID_DEPTH,"[(98238, 73)]"
2019-06-28 11:52:00.000000000,ASK_DEPTH,"[(99712, 100), (99747, 100), (99992, 100), (100035, 100), (100417, 100)]"
2019-06-28 11:52:00.000000000,IMBALANCE,"[73, 500]"
2019-06-28 11:52:00.000000000,HOLDINGS_UPDATED,"{'CASH': -306224098, 'JPM': 3194}"
2019-06-28 11:52:00.000000000,HOLDINGS_UPDATED,"{'CASH': -307010002, 'JPM': 3202}"
2019-06-28 11:52:00.000000000,HOLDINGS_UPDATED,"{'CASH': -307402954, 'JPM': 3206}"
2019-06-28 11:52:00.000000000,HOLDINGS_UPDATED,"{'CASH': -307894144, 'JPM': 3211}"
2019-06-28 11:52:00.000000000,HOLDINGS_UPDATED,"{'CASH': -308581810, 'JPM': 3218}"
2019-06-28 11:52:00.000000000,HOLDINGS_UPDATED,"{'CASH': -309367714, 'JPM': 3226}"
2019-06-28 11:52:00.000000000,HOLDINGS_UPDATED,"{'CASH': -310251856, 'JPM': 3235}"
2019-06-28 11:52:00.000000000,HOLDINGS_UPDATED,"{'CASH': -311037760, 'JPM': 3243}"
2019-06-28 11:52:00.000000000,HOLDINGS_UPDATED,"{'CASH': -311332474, 'JPM': 3246}"
2019-06-28 11:52:10.000000000,BID_DEPTH,[]
2019-06-28 11:52:10.000000000,ASK_DEPTH,"[(99712, 100), (99747, 100), (99992, 100), (100035, 100), (100417, 100)]"
2019-06-28 11:52:10.000000000,IMBALANCE,"[0, 500]"
2019-06-28 11:52:20.000000000,BID_DEPTH,"[(98238, 100)]"
2019-06-28 11:52:20.000000000,ASK_DEPTH,"[(99712, 100), (99747, 100), (99992, 100), (100035, 100), (100417, 100)]"
2019-06-28 11:52:20.000000000,IMBALANCE,"[100, 500]"
2019-06-28 11:52:30.000000000,BID_DEPTH,"[(98238, 100)]"
2019-06-28 11:52:30.000000000,ASK_DEPTH,"[(99747, 100), (99992, 100), (100035, 100), (100417, 100), (100527, 100)]"
2019-06-28 11:52:30.000000000,IMBALANCE,"[100, 500]"
2019-06-28 11:52:40.000000000,BID_DEPTH,"[(98238, 100)]"
2019-06-28 11:52:40.000000000,ASK_DEPTH,"[(99747, 100), (99992, 100), (100035, 100), (100417, 100), (100527, 100)]"
2019-06-28 11:52:40.000000000,IMBALANCE,"[100, 500]"
2019-06-28 11:52:50.000000000,BID_DEPTH,"[(98239, 100), (98238, 100)]"
2019-06-28 11:52:50.000000000,ASK_DEPTH,"[(99747, 100), (99992, 100), (100035, 100), (100417, 100), (100527, 100)]"
2019-06-28 11:52:50.000000000,IMBALANCE,"[200, 500]"
2019-06-28 11:53:00.000000000,BID_DEPTH,"[(98239, 100), (98238, 100)]"
2019-06-28 11:53:00.000000000,ASK_DEPTH,"[(99747, 100), (99992, 100), (100035, 100), (100417, 100), (100527, 100)]"
2019-06-28 11:53:00.000000000,IMBALANCE,"[200, 500]"
2019-06-28 11:53:00.000000000,HOLDINGS_UPDATED,"{'CASH': -312020147, 'JPM': 3253}"
2019-06-28 11:53:00.000000000,HOLDINGS_UPDATED,"{'CASH': -312904298, 'JPM': 3262}"
2019-06-28 11:53:00.000000000,HOLDINGS_UPDATED,"{'CASH': -313690210, 'JPM': 3270}"
2019-06-28 11:53:00.000000000,HOLDINGS_UPDATED,"{'CASH': -313984927, 'JPM': 3273}"
2019-06-28 11:53:10.000000000,BID_DEPTH,"[(98239, 200), (98238, 100)]"
2019-06-28 11:53:10.000000000,ASK_DEPTH,"[(99747, 100), (99992, 100), (100035, 100), (100417, 100), (100527, 100)]"
2019-06-28 11:53:10.000000000,IMBALANCE,"[300, 500]"
2019-06-28 11:53:20.000000000,BID_DEPTH,"[(98239, 300), (98238, 100)]"
2019-06-28 11:53:20.000000000,ASK_DEPTH,"[(99747, 100), (99992, 100), (100035, 100), (100417, 100), (100527, 100)]"
2019-06-28 11:53:20.000000000,IMBALANCE,"[400, 500]"
2019-06-28 11:53:30.000000000,BID_DEPTH,"[(98239, 300), (98238, 100)]"
2019-06-28 11:53:30.000000000,ASK_DEPTH,"[(99747, 100), (99992, 100), (100035, 100), (100417, 100), (100527, 100)]"
2019-06-28 11:53:30.000000000,IMBALANCE,"[400, 500]"
2019-06-28 11:53:40.000000000,BID_DEPTH,"[(98239, 300), (98238, 100)]"
2019-06-28 11:53:40.000000000,ASK_DEPTH,"[(99747, 100), (99992, 100), (100035, 100), (100417, 100), (100527, 100)]"
2019-06-28 11:53:40.000000000,IMBALANCE,"[400, 500]"
2019-06-28 11:53:50.000000000,BID_DEPTH,"[(98239, 300), (98238, 100)]"
2019-06-28 11:53:50.000000000,ASK_DEPTH,"[(99992, 100), (100035, 100), (100417, 100), (100527, 100), (100663, 200)]"
2019-06-28 11:53:50.000000000,IMBALANCE,"[400, 600]"
2019-06-28 11:54:00.000000000,BID_DEPTH,"[(98239, 300), (98238, 100)]"
2019-06-28 11:54:00.000000000,ASK_DEPTH,"[(99992, 100), (100035, 100), (100417, 100), (100527, 100), (100663, 200)]"
2019-06-28 11:54:00.000000000,IMBALANCE,"[400, 600]"
2019-06-28 11:54:10.000000000,BID_DEPTH,"[(98239, 173), (98238, 100)]"
2019-06-28 11:54:10.000000000,ASK_DEPTH,"[(99992, 100), (100035, 100), (100417, 100), (100527, 100), (100663, 200)]"
2019-06-28 11:54:10.000000000,IMBALANCE,"[273, 600]"
2019-06-28 11:54:20.000000000,BID_DEPTH,"[(98239, 273), (98238, 100)]"
2019-06-28 11:54:20.000000000,ASK_DEPTH,"[(99992, 100), (100035, 100), (100417, 100), (100527, 100), (100663, 200)]"
2019-06-28 11:54:20.000000000,IMBALANCE,"[373, 600]"
2019-06-28 11:54:30.000000000,BID_DEPTH,"[(98239, 273), (98238, 100)]"
2019-06-28 11:54:30.000000000,ASK_DEPTH,"[(99992, 100), (100035, 100), (100417, 100), (100527, 100), (100663, 200)]"
2019-06-28 11:54:30.000000000,IMBALANCE,"[373, 600]"
2019-06-28 11:54:40.000000000,BID_DEPTH,"[(98239, 273), (98238, 100)]"
2019-06-28 11:54:40.000000000,ASK_DEPTH,"[(99992, 100), (100035, 100), (100417, 100), (100527, 100), (100663, 200)]"
2019-06-28 11:54:40.000000000,IMBALANCE,"[373, 600]"
2019-06-28 11:54:50.000000000,BID_DEPTH,"[(98239, 273), (98238, 100)]"
2019-06-28 11:54:50.000000000,ASK_DEPTH,"[(100035, 100), (100417, 100), (100527, 100), (100663, 200), (100843, 100)]"
2019-06-28 11:54:50.000000000,IMBALANCE,"[373, 600]"
2019-06-28 11:55:00.000000000,BID_DEPTH,"[(98240, 100), (98239, 273), (98238, 100)]"
2019-06-28 11:55:00.000000000,ASK_DEPTH,"[(100035, 100), (100417, 100), (100527, 100), (100663, 200), (100843, 100)]"
2019-06-28 11:55:00.000000000,IMBALANCE,"[473, 600]"
2019-06-28 11:55:00.000000000,HOLDINGS_UPDATED,"{'CASH': -314672607, 'JPM': 3280}"
2019-06-28 11:55:00.000000000,HOLDINGS_UPDATED,"{'CASH': -315556767, 'JPM': 3289}"
2019-06-28 11:55:00.000000000,HOLDINGS_UPDATED,"{'CASH': -316342687, 'JPM': 3297}"
2019-06-28 11:55:00.000000000,HOLDINGS_UPDATED,"{'CASH': -316637407, 'JPM': 3300}"
2019-06-28 11:55:10.000000000,BID_DEPTH,"[(98239, 273), (98238, 100)]"
2019-06-28 11:55:10.000000000,ASK_DEPTH,"[(100035, 100), (100417, 100), (100527, 100), (100663, 200), (100843, 100)]"
2019-06-28 11:55:10.000000000,IMBALANCE,"[373, 600]"
2019-06-28 11:55:20.000000000,BID_DEPTH,"[(98239, 273), (98238, 100)]"
2019-06-28 11:55:20.000000000,ASK_DEPTH,"[(100417, 100), (100527, 100), (100663, 200), (100843, 100), (100859, 100)]"
2019-06-28 11:55:20.000000000,IMBALANCE,"[373, 600]"
2019-06-28 11:55:30.000000000,BID_DEPTH,"[(98239, 273), (98238, 100)]"
2019-06-28 11:55:30.000000000,ASK_DEPTH,"[(100417, 100), (100527, 100), (100663, 200), (100843, 100), (100859, 100)]"
2019-06-28 11:55:30.000000000,IMBALANCE,"[373, 600]"
2019-06-28 11:55:40.000000000,BID_DEPTH,"[(98239, 273), (98238, 100)]"
2019-06-28 11:55:40.000000000,ASK_DEPTH,"[(100417, 100), (100527, 100), (100663, 200), (100843, 100), (100859, 100)]"
2019-06-28 11:55:40.000000000,IMBALANCE,"[373, 600]"
2019-06-28 11:55:50.000000000,BID_DEPTH,"[(98239, 273), (98238, 100)]"
2019-06-28 11:55:50.000000000,ASK_DEPTH,"[(100527, 100), (100663, 200), (100843, 100), (100859, 100), (100861, 100)]"
2019-06-28 11:55:50.000000000,IMBALANCE,"[373, 600]"
2019-06-28 11:56:00.000000000,BID_DEPTH,"[(98239, 273), (98238, 100)]"
2019-06-28 11:56:00.000000000,ASK_DEPTH,"[(100527, 100), (100663, 200), (100843, 100), (100859, 100), (100861, 100)]"
2019-06-28 11:56:00.000000000,IMBALANCE,"[373, 600]"
2019-06-28 11:56:10.000000000,BID_DEPTH,"[(98239, 146), (98238, 100)]"
2019-06-28 11:56:10.000000000,ASK_DEPTH,"[(100527, 100), (100663, 200), (100843, 100), (100859, 100), (100861, 100)]"
2019-06-28 11:56:10.000000000,IMBALANCE,"[246, 600]"
2019-06-28 11:56:20.000000000,BID_DEPTH,"[(98239, 146), (98238, 100)]"
2019-06-28 11:56:20.000000000,ASK_DEPTH,"[(100527, 100), (100663, 200), (100843, 100), (100859, 100), (100861, 100)]"
2019-06-28 11:56:20.000000000,IMBALANCE,"[246, 600]"
2019-06-28 11:56:30.000000000,BID_DEPTH,"[(98239, 146), (98238, 100)]"
2019-06-28 11:56:30.000000000,ASK_DEPTH,"[(100527, 100), (100663, 200), (100843, 100), (100859, 100), (100861, 100)]"
2019-06-28 11:56:30.000000000,IMBALANCE,"[246, 600]"
2019-06-28 11:56:40.000000000,BID_DEPTH,"[(98239, 146), (98238, 100)]"
2019-06-28 11:56:40.000000000,ASK_DEPTH,"[(100527, 100), (100663, 200), (100843, 100), (100859, 100), (100861, 100)]"
2019-06-28 11:56:40.000000000,IMBALANCE,"[246, 600]"
2019-06-28 11:56:50.000000000,BID_DEPTH,"[(98239, 146), (98238, 100)]"
2019-06-28 11:56:50.000000000,ASK_DEPTH,"[(100663, 200), (100843, 100), (100859, 100), (100861, 100), (101108, 100)]"
2019-06-28 11:56:50.000000000,IMBALANCE,"[246, 600]"
2019-06-28 11:57:00.000000000,BID_DEPTH,"[(98239, 146), (98238, 100)]"
2019-06-28 11:57:00.000000000,ASK_DEPTH,"[(100663, 100), (100843, 100), (100859, 100), (100861, 100), (101108, 100)]"
2019-06-28 11:57:00.000000000,IMBALANCE,"[246, 500]"
2019-06-28 11:57:10.000000000,BID_DEPTH,"[(98239, 19), (98238, 100)]"
2019-06-28 11:57:10.000000000,ASK_DEPTH,"[(100663, 100), (100843, 100), (100859, 100), (100861, 100), (101108, 100)]"
2019-06-28 11:57:10.000000000,IMBALANCE,"[119, 500]"
2019-06-28 11:57:20.000000000,BID_DEPTH,"[(98239, 19), (98238, 100)]"
2019-06-28 11:57:20.000000000,ASK_DEPTH,"[(100663, 100), (100843, 100), (100859, 100), (100861, 100), (101108, 100)]"
2019-06-28 11:57:20.000000000,IMBALANCE,"[119, 500]"
2019-06-28 11:57:30.000000000,BID_DEPTH,"[(98239, 19), (98238, 100)]"
2019-06-28 11:57:30.000000000,ASK_DEPTH,"[(100663, 100), (100843, 100), (100859, 100), (100861, 100), (101108, 100)]"
2019-06-28 11:57:30.000000000,IMBALANCE,"[119, 500]"
2019-06-28 11:57:40.000000000,BID_DEPTH,"[(98239, 19), (98238, 100)]"
2019-06-28 11:57:40.000000000,ASK_DEPTH,"[(100843, 100), (100859, 100), (100861, 100), (101108, 100), (101191, 100)]"
2019-06-28 11:57:40.000000000,IMBALANCE,"[119, 500]"
2019-06-28 11:57:50.000000000,BID_DEPTH,"[(98239, 19), (98238, 100)]"
2019-06-28 11:57:50.000000000,ASK_DEPTH,"[(100843, 100), (100859, 100), (100861, 100), (101108, 100), (101191, 100)]"
2019-06-28 11:57:50.000000000,IMBALANCE,"[119, 500]"
2019-06-28 11:58:00.000000000,BID_DEPTH,"[(98239, 19), (98238, 100)]"
2019-06-28 11:58:00.000000000,ASK_DEPTH,"[(100843, 100), (100859, 100), (100861, 100), (101108, 100), (101191, 100)]"
2019-06-28 11:58:00.000000000,IMBALANCE,"[119, 500]"
2019-06-28 11:58:00.000000000,HOLDINGS_UPDATED,"{'CASH': -317226841, 'JPM': 3306}"
2019-06-28 11:58:00.000000000,HOLDINGS_UPDATED,"{'CASH': -317521558, 'JPM': 3309}"
2019-06-28 11:58:00.000000000,HOLDINGS_UPDATED,"{'CASH': -318110992, 'JPM': 3315}"
2019-06-28 11:58:00.000000000,HOLDINGS_UPDATED,"{'CASH': -318896904, 'JPM': 3323}"
2019-06-28 11:58:00.000000000,HOLDINGS_UPDATED,"{'CASH': -318995143, 'JPM': 3324}"
2019-06-28 11:58:00.000000000,HOLDINGS_UPDATED,"{'CASH': -319093382, 'JPM': 3325}"
2019-06-28 11:58:00.000000000,HOLDINGS_UPDATED,"{'CASH': -319584577, 'JPM': 3330}"
2019-06-28 11:58:00.000000000,HOLDINGS_UPDATED,"{'CASH': -319682816, 'JPM': 3331}"
2019-06-28 11:58:00.000000000,HOLDINGS_UPDATED,"{'CASH': -319879294, 'JPM': 3333}"
2019-06-28 11:58:00.000000000,HOLDINGS_UPDATED,"{'CASH': -320370489, 'JPM': 3338}"
2019-06-28 11:58:00.000000000,HOLDINGS_UPDATED,"{'CASH': -321254640, 'JPM': 3347}"
2019-06-28 11:58:00.000000000,HOLDINGS_UPDATED,"{'CASH': -322138791, 'JPM': 3356}"
2019-06-28 11:58:00.000000000,HOLDINGS_UPDATED,"{'CASH': -322924703, 'JPM': 3364}"
2019-06-28 11:58:00.000000000,HOLDINGS_UPDATED,"{'CASH': -323317659, 'JPM': 3368}"
2019-06-28 11:58:00.000000000,HOLDINGS_UPDATED,"{'CASH': -323808854, 'JPM': 3373}"
2019-06-28 11:58:00.000000000,HOLDINGS_UPDATED,"{'CASH': -324496527, 'JPM': 3380}"
2019-06-28 11:58:00.000000000,HOLDINGS_UPDATED,"{'CASH': -325282439, 'JPM': 3388}"
2019-06-28 11:58:00.000000000,HOLDINGS_UPDATED,"{'CASH': -326166590, 'JPM': 3397}"
2019-06-28 11:58:00.000000000,HOLDINGS_UPDATED,"{'CASH': -326952502, 'JPM': 3405}"
2019-06-28 11:58:00.000000000,HOLDINGS_UPDATED,"{'CASH': -327247219, 'JPM': 3408}"
2019-06-28 11:58:10.000000000,BID_DEPTH,"[(98238, 100)]"
2019-06-28 11:58:10.000000000,ASK_DEPTH,"[(100843, 100), (100859, 100), (100861, 100), (101031, 100), (101108, 100)]"
2019-06-28 11:58:10.000000000,IMBALANCE,"[100, 500]"
2019-06-28 11:58:20.000000000,BID_DEPTH,"[(98238, 100)]"
2019-06-28 11:58:20.000000000,ASK_DEPTH,"[(100843, 100), (100859, 100), (100861, 100), (101031, 100), (101108, 100)]"
2019-06-28 11:58:20.000000000,IMBALANCE,"[100, 500]"
2019-06-28 11:58:30.000000000,BID_DEPTH,"[(98238, 100)]"
2019-06-28 11:58:30.000000000,ASK_DEPTH,"[(100859, 100), (100861, 100), (101031, 100), (101108, 100), (101182, 100)]"
2019-06-28 11:58:30.000000000,IMBALANCE,"[100, 500]"
2019-06-28 11:58:40.000000000,BID_DEPTH,"[(98238, 100)]"
2019-06-28 11:58:40.000000000,ASK_DEPTH,"[(100859, 100), (100861, 100), (101031, 100), (101108, 100), (101182, 100)]"
2019-06-28 11:58:40.000000000,IMBALANCE,"[100, 500]"
2019-06-28 11:58:50.000000000,BID_DEPTH,"[(98238, 100)]"
2019-06-28 11:58:50.000000000,ASK_DEPTH,"[(100859, 100), (100861, 100), (101031, 100), (101108, 100), (101182, 100)]"
2019-06-28 11:58:50.000000000,IMBALANCE,"[100, 500]"
2019-06-28 11:59:00.000000000,BID_DEPTH,"[(98238, 100)]"
2019-06-28 11:59:00.000000000,ASK_DEPTH,"[(100859, 100), (100861, 100), (101031, 100), (101108, 100), (101182, 100)]"
2019-06-28 11:59:00.000000000,IMBALANCE,"[100, 500]"
2019-06-28 11:59:00.000000000,HOLDINGS_UPDATED,"{'CASH': -327934885, 'JPM': 3415}"
2019-06-28 11:59:00.000000000,HOLDINGS_UPDATED,"{'CASH': -328819027, 'JPM': 3424}"
2019-06-28 11:59:00.000000000,HOLDINGS_UPDATED,"{'CASH': -329604931, 'JPM': 3432}"
2019-06-28 11:59:00.000000000,HOLDINGS_UPDATED,"{'CASH': -329899645, 'JPM': 3435}"
2019-06-28 11:59:10.000000000,BID_DEPTH,[]
2019-06-28 11:59:10.000000000,ASK_DEPTH,"[(100859, 100), (100861, 100), (101031, 100), (101108, 100), (101122, 100)]"
2019-06-28 11:59:10.000000000,IMBALANCE,"[0, 500]"
2019-06-28 11:59:20.000000000,BID_DEPTH,[]
2019-06-28 11:59:20.000000000,ASK_DEPTH,"[(100859, 100), (100861, 100), (101031, 100), (101108, 100), (101122, 100)]"
2019-06-28 11:59:20.000000000,IMBALANCE,"[0, 500]"
2019-06-28 11:59:30.000000000,BID_DEPTH,[]
2019-06-28 11:59:30.000000000,ASK_DEPTH,"[(100859, 100), (100861, 100), (101031, 100), (101108, 100), (101122, 100)]"
2019-06-28 11:59:30.000000000,IMBALANCE,"[0, 500]"
2019-06-28 11:59:40.000000000,BID_DEPTH,[]
2019-06-28 11:59:40.000000000,ASK_DEPTH,"[(100861, 100), (101031, 100), (101108, 100), (101122, 100), (101182, 100)]"
2019-06-28 11:59:40.000000000,IMBALANCE,"[0, 500]"
2019-06-28 11:59:50.000000000,BID_DEPTH,[]
2019-06-28 11:59:50.000000000,ASK_DEPTH,"[(101031, 100), (101108, 100), (101122, 100), (101182, 100), (101191, 100)]"
2019-06-28 11:59:50.000000000,IMBALANCE,"[0, 500]"
2019-06-28 12:00:00.000000000,BID_DEPTH,[]
2019-06-28 12:00:00.000000000,ASK_DEPTH,"[(101031, 100), (101072, 100), (101108, 100), (101122, 100), (101182, 100)]"
2019-06-28 12:00:00.000000000,IMBALANCE,"[0, 500]"
2019-06-28 12:00:10.000000000,BID_DEPTH,[]
2019-06-28 12:00:10.000000000,ASK_DEPTH,"[(101031, 100), (101072, 100), (101108, 100), (101122, 100), (101182, 100)]"
2019-06-28 12:00:10.000000000,IMBALANCE,"[0, 500]"
2019-06-28 12:00:20.000000000,BID_DEPTH,[]
2019-06-28 12:00:20.000000000,ASK_DEPTH,"[(101031, 100), (101072, 100), (101108, 100), (101122, 100), (101182, 100)]"
2019-06-28 12:00:20.000000000,IMBALANCE,"[0, 500]"
2019-06-28 12:00:30.000000000,BID_DEPTH,[]
2019-06-28 12:00:30.000000000,ASK_DEPTH,"[(101031, 100), (101072, 100), (101108, 100), (101122, 100), (101182, 100)]"
2019-06-28 12:00:30.000000000,IMBALANCE,"[0, 500]"
2019-06-28 12:00:40.000000000,BID_DEPTH,[]
2019-06-28 12:00:40.000000000,ASK_DEPTH,"[(101031, 100), (101072, 100), (101108, 100), (101122, 100), (101182, 100)]"
2019-06-28 12:00:40.000000000,IMBALANCE,"[0, 500]"
2019-06-28 12:00:50.000000000,BID_DEPTH,"[(100861, 100)]"
2019-06-28 12:00:50.000000000,ASK_DEPTH,"[(101031, 100), (101072, 100), (101108, 100), (101122, 100), (101182, 100)]"
2019-06-28 12:00:50.000000000,IMBALANCE,"[100, 500]"
2019-06-28 12:01:00.000000000,BID_DEPTH,"[(100861, 200)]"
2019-06-28 12:01:00.000000000,ASK_DEPTH,"[(101031, 100), (101072, 100), (101108, 100), (101122, 100), (101182, 100)]"
2019-06-28 12:01:00.000000000,IMBALANCE,"[200, 500]"
2019-06-28 12:01:10.000000000,BID_DEPTH,"[(100861, 70)]"
2019-06-28 12:01:10.000000000,ASK_DEPTH,"[(101031, 100), (101072, 100), (101108, 100), (101122, 100), (101182, 100)]"
2019-06-28 12:01:10.000000000,IMBALANCE,"[70, 500]"
2019-06-28 12:01:20.000000000,BID_DEPTH,"[(100861, 70)]"
2019-06-28 12:01:20.000000000,ASK_DEPTH,"[(101031, 100), (101072, 100), (101108, 100), (101122, 100), (101182, 100)]"
2019-06-28 12:01:20.000000000,IMBALANCE,"[70, 500]"
2019-06-28 12:01:30.000000000,BID_DEPTH,"[(100862, 100), (100861, 70)]"
2019-06-28 12:01:30.000000000,ASK_DEPTH,"[(101072, 100), (101108, 100), (101122, 100), (101182, 100), (101191, 100)]"
2019-06-28 12:01:30.000000000,IMBALANCE,"[170, 500]"
2019-06-28 12:01:40.000000000,BID_DEPTH,"[(100862, 100), (100861, 70)]"
2019-06-28 12:01:40.000000000,ASK_DEPTH,"[(101072, 100), (101108, 100), (101122, 100), (101182, 100), (101191, 100)]"
2019-06-28 12:01:40.000000000,IMBALANCE,"[170, 500]"
2019-06-28 12:01:50.000000000,BID_DEPTH,"[(100862, 100), (100861, 70)]"
2019-06-28 12:01:50.000000000,ASK_DEPTH,"[(101108, 100), (101122, 100), (101182, 100), (101191, 100), (101302, 100)]"
2019-06-28 12:01:50.000000000,IMBALANCE,"[170, 500]"
2019-06-28 12:02:00.000000000,BID_DEPTH,"[(100862, 100), (100861, 70)]"
2019-06-28 12:02:00.000000000,ASK_DEPTH,"[(101108, 100), (101122, 100), (101182, 100), (101191, 100), (101302, 100)]"
2019-06-28 12:02:00.000000000,IMBALANCE,"[170, 500]"
2019-06-28 12:02:00.000000000,HOLDINGS_UPDATED,"{'CASH': -329191889, 'JPM': 3428}"
2019-06-28 12:02:00.000000000,HOLDINGS_UPDATED,"{'CASH': -328281917, 'JPM': 3419}"
2019-06-28 12:02:00.000000000,HOLDINGS_UPDATED,"{'CASH': -327473053, 'JPM': 3411}"
2019-06-28 12:02:00.000000000,HOLDINGS_UPDATED,"{'CASH': -327169729, 'JPM': 3408}"
2019-06-28 12:02:10.000000000,BID_DEPTH,"[(100862, 100), (100861, 70)]"
2019-06-28 12:02:10.000000000,ASK_DEPTH,"[(101108, 3), (101122, 100), (101182, 100), (101191, 100), (101302, 100)]"
2019-06-28 12:02:10.000000000,IMBALANCE,"[170, 403]"
2019-06-28 12:02:15.645322038,HOLDINGS_UPDATED,"{'CASH': -317362253, 'JPM': 3311}"
2019-06-28 12:02:20.000000000,BID_DEPTH,"[(100862, 100), (100861, 70)]"
2019-06-28 12:02:20.000000000,ASK_DEPTH,"[(101122, 100), (101182, 100), (101191, 100), (101302, 100), (101337, 100)]"
2019-06-28 12:02:20.000000000,IMBALANCE,"[170, 500]"
2019-06-28 12:02:30.000000000,BID_DEPTH,"[(100862, 100), (100861, 70)]"
2019-06-28 12:02:30.000000000,ASK_DEPTH,"[(101122, 100), (101182, 100), (101191, 100), (101302, 100), (101337, 100)]"
2019-06-28 12:02:30.000000000,IMBALANCE,"[170, 500]"
2019-06-28 12:02:40.000000000,BID_DEPTH,"[(100862, 100), (100861, 70)]"
2019-06-28 12:02:40.000000000,ASK_DEPTH,"[(101122, 100), (101182, 100), (101191, 100), (101302, 100), (101337, 100)]"
2019-06-28 12:02:40.000000000,IMBALANCE,"[170, 500]"
2019-06-28 12:02:50.000000000,BID_DEPTH,"[(101108, 100), (100862, 100), (100861, 70)]"
2019-06-28 12:02:50.000000000,ASK_DEPTH,"[(101122, 100), (101182, 100), (101191, 100), (101302, 100), (101337, 100)]"
2019-06-28 12:02:50.000000000,IMBALANCE,"[270, 500]"
2019-06-28 12:03:00.000000000,BID_DEPTH,"[(101108, 100), (100862, 100), (100861, 70)]"
2019-06-28 12:03:00.000000000,ASK_DEPTH,"[(101122, 100), (101182, 100), (101191, 100), (101302, 100), (101337, 100)]"
2019-06-28 12:03:00.000000000,IMBALANCE,"[270, 500]"
2019-06-28 12:03:00.000000000,HOLDINGS_UPDATED,"{'CASH': -316654399, 'JPM': 3304}"
2019-06-28 12:03:00.000000000,HOLDINGS_UPDATED,"{'CASH': -315744301, 'JPM': 3295}"
2019-06-28 12:03:00.000000000,HOLDINGS_UPDATED,"{'CASH': -314935325, 'JPM': 3287}"
2019-06-28 12:03:00.000000000,HOLDINGS_UPDATED,"{'CASH': -314631959, 'JPM': 3284}"
2019-06-28 12:03:10.000000000,BID_DEPTH,"[(101108, 100), (100862, 100), (100861, 70)]"
2019-06-28 12:03:10.000000000,ASK_DEPTH,"[(101122, 3), (101182, 100), (101191, 100), (101302, 100), (101337, 100)]"
2019-06-28 12:03:10.000000000,IMBALANCE,"[270, 403]"
2019-06-28 12:03:15.047142175,HOLDINGS_UPDATED,"{'CASH': -306137711, 'JPM': 3200}"
2019-06-28 12:03:20.000000000,BID_DEPTH,"[(101122, 13), (101108, 100), (100862, 100), (100861, 70)]"
2019-06-28 12:03:20.000000000,ASK_DEPTH,"[(101182, 100), (101191, 100), (101302, 100), (101337, 100), (101341, 100)]"
2019-06-28 12:03:20.000000000,IMBALANCE,"[283, 500]"
2019-06-28 12:03:30.000000000,BID_DEPTH,"[(101122, 13), (101108, 100), (100862, 100), (100861, 70)]"
2019-06-28 12:03:30.000000000,ASK_DEPTH,"[(101182, 100), (101191, 100), (101302, 100), (101337, 100), (101341, 100)]"
2019-06-28 12:03:30.000000000,IMBALANCE,"[283, 500]"
2019-06-28 12:03:40.000000000,BID_DEPTH,"[(101122, 13), (101108, 100), (100862, 100), (100861, 70)]"
2019-06-28 12:03:40.000000000,ASK_DEPTH,"[(101182, 100), (101191, 100), (101302, 100), (101337, 100), (101341, 100)]"
2019-06-28 12:03:40.000000000,IMBALANCE,"[283, 500]"
2019-06-28 12:03:50.000000000,BID_DEPTH,"[(101122, 13), (101108, 100), (100862, 100), (100861, 70)]"
2019-06-28 12:03:50.000000000,ASK_DEPTH,"[(101182, 100), (101191, 100), (101302, 100), (101337, 100), (101341, 100)]"
2019-06-28 12:03:50.000000000,IMBALANCE,"[283, 500]"
2019-06-28 12:04:00.000000000,BID_DEPTH,"[(101122, 13), (101108, 100), (100862, 100), (100861, 70)]"
2019-06-28 12:04:00.000000000,ASK_DEPTH,"[(101182, 100), (101191, 100), (101302, 100), (101337, 100), (101341, 100)]"
2019-06-28 12:04:00.000000000,IMBALANCE,"[283, 500]"
2019-06-28 12:04:00.000000000,HOLDINGS_UPDATED,"{'CASH': -305429437, 'JPM': 3193}"
2019-06-28 12:04:00.000000000,HOLDINGS_UPDATED,"{'CASH': -304518799, 'JPM': 3184}"
2019-06-28 12:04:00.000000000,HOLDINGS_UPDATED,"{'CASH': -303709343, 'JPM': 3176}"
2019-06-28 12:04:00.000000000,HOLDINGS_UPDATED,"{'CASH': -303405797, 'JPM': 3173}"
2019-06-28 12:04:10.000000000,BID_DEPTH,"[(101122, 13), (101108, 100), (100862, 100), (100861, 70)]"
2019-06-28 12:04:10.000000000,ASK_DEPTH,"[(101182, 3), (101191, 100), (101302, 100), (101337, 100), (101341, 100)]"
2019-06-28 12:04:10.000000000,IMBALANCE,"[283, 403]"
2019-06-28 12:04:15.401396695,HOLDINGS_UPDATED,"{'CASH': -293591143, 'JPM': 3076}"
2019-06-28 12:04:20.000000000,BID_DEPTH,"[(101122, 13), (101108, 100), (100862, 100), (100861, 70)]"
2019-06-28 12:04:20.000000000,ASK_DEPTH,"[(101191, 100), (101302, 100), (101337, 100), (101341, 100), (101423, 100)]"
2019-06-28 12:04:20.000000000,IMBALANCE,"[283, 500]"
2019-06-28 12:04:30.000000000,BID_DEPTH,"[(101182, 100), (101122, 13), (101108, 100), (100862, 100), (100861, 70)]"
2019-06-28 12:04:30.000000000,ASK_DEPTH,"[(101191, 100), (101302, 100), (101337, 100), (101341, 100), (101423, 100)]"
2019-06-28 12:04:30.000000000,IMBALANCE,"[383, 500]"
2019-06-28 12:04:40.000000000,BID_DEPTH,"[(101182, 100), (101122, 13), (101108, 100), (100862, 100), (100861, 70)]"
2019-06-28 12:04:40.000000000,ASK_DEPTH,"[(101191, 100), (101302, 100), (101337, 100), (101341, 100), (101423, 100)]"
2019-06-28 12:04:40.000000000,IMBALANCE,"[383, 500]"
2019-06-28 12:04:50.000000000,BID_DEPTH,"[(101182, 100), (101122, 13), (101108, 100), (100862, 100), (100861, 70)]"
2019-06-28 12:04:50.000000000,ASK_DEPTH,"[(101191, 100), (101302, 100), (101337, 100), (101341, 100), (101423, 100)]"
2019-06-28 12:04:50.000000000,IMBALANCE,"[383, 500]"
2019-06-28 12:05:00.000000000,BID_DEPTH,"[(101182, 100), (101122, 13), (101108, 100), (100862, 100), (100861, 70)]"
2019-06-28 12:05:00.000000000,ASK_DEPTH,"[(101191, 100), (101302, 100), (101337, 100), (101341, 100), (101423, 100)]"
2019-06-28 12:05:00.000000000,IMBALANCE,"[383, 500]"
2019-06-28 12:05:00.000000000,HOLDINGS_UPDATED,"{'CASH': -292882806, 'JPM': 3069}"
2019-06-28 12:05:00.000000000,HOLDINGS_UPDATED,"{'CASH': -291972087, 'JPM': 3060}"
2019-06-28 12:05:00.000000000,HOLDINGS_UPDATED,"{'CASH': -291162559, 'JPM': 3052}"
2019-06-28 12:05:00.000000000,HOLDINGS_UPDATED,"{'CASH': -290858986, 'JPM': 3049}"
2019-06-28 12:05:10.000000000,BID_DEPTH,"[(101182, 100), (101122, 13), (101108, 100), (100862, 100), (100861, 70)]"
2019-06-28 12:05:10.000000000,ASK_DEPTH,"[(101191, 3), (101302, 100), (101337, 100), (101341, 100), (101423, 100)]"
2019-06-28 12:05:10.000000000,IMBALANCE,"[383, 403]"
2019-06-28 12:05:20.000000000,BID_DEPTH,"[(101182, 100), (101122, 13), (101108, 100), (100862, 100), (100861, 70)]"
2019-06-28 12:05:20.000000000,ASK_DEPTH,"[(101191, 3), (101302, 100), (101337, 100), (101341, 100), (101423, 100)]"
2019-06-28 12:05:20.000000000,IMBALANCE,"[383, 403]"
2019-06-28 12:05:21.858674664,HOLDINGS_UPDATED,"{'CASH': -282358942, 'JPM': 2965}"
2019-06-28 12:05:30.000000000,BID_DEPTH,"[(101191, 13), (101182, 100), (101122, 13), (101108, 100), (100862, 100)]"
2019-06-28 12:05:30.000000000,ASK_DEPTH,"[(101302, 100), (101337, 100), (101341, 100), (101423, 100), (101460, 100)]"
2019-06-28 12:05:30.000000000,IMBALANCE,"[326, 500]"
2019-06-28 12:05:40.000000000,BID_DEPTH,"[(101191, 13), (101182, 100), (101122, 13), (101108, 100), (100862, 100)]"
2019-06-28 12:05:40.000000000,ASK_DEPTH,"[(101302, 100), (101337, 100), (101341, 100), (101423, 100), (101460, 100)]"
2019-06-28 12:05:40.000000000,IMBALANCE,"[326, 500]"
2019-06-28 12:05:50.000000000,BID_DEPTH,"[(101191, 113), (101122, 13), (101108, 100), (100862, 100), (100861, 70)]"
2019-06-28 12:05:50.000000000,ASK_DEPTH,"[(101302, 100), (101341, 100), (101423, 100), (101460, 100), (101587, 100)]"
2019-06-28 12:05:50.000000000,IMBALANCE,"[396, 500]"
2019-06-28 12:06:00.000000000,BID_DEPTH,"[(101191, 113), (101122, 13), (101108, 100), (100862, 100), (100861, 70)]"
2019-06-28 12:06:00.000000000,ASK_DEPTH,"[(101302, 100), (101341, 100), (101423, 100), (101460, 100), (101587, 100)]"
2019-06-28 12:06:00.000000000,IMBALANCE,"[396, 500]"
2019-06-28 12:06:00.000000000,HOLDINGS_UPDATED,"{'CASH': -281649828, 'JPM': 2958}"
2019-06-28 12:06:00.000000000,HOLDINGS_UPDATED,"{'CASH': -280738110, 'JPM': 2949}"
2019-06-28 12:06:00.000000000,HOLDINGS_UPDATED,"{'CASH': -279927694, 'JPM': 2941}"
2019-06-28 12:06:00.000000000,HOLDINGS_UPDATED,"{'CASH': -279623788, 'JPM': 2938}"
2019-06-28 12:06:10.000000000,BID_DEPTH,"[(101191, 113), (101122, 13), (101108, 100), (100862, 100), (100861, 70)]"
2019-06-28 12:06:10.000000000,ASK_DEPTH,"[(101302, 3), (101341, 100), (101423, 100), (101460, 100), (101587, 100)]"
2019-06-28 12:06:10.000000000,IMBALANCE,"[396, 403]"
2019-06-28 12:06:20.000000000,BID_DEPTH,"[(101191, 113), (101122, 13), (101108, 100), (100862, 100), (100861, 70)]"
2019-06-28 12:06:20.000000000,ASK_DEPTH,"[(101302, 3), (101341, 100), (101423, 100), (101460, 100), (101587, 100)]"
2019-06-28 12:06:20.000000000,IMBALANCE,"[396, 403]"
2019-06-28 12:06:24.055546378,HOLDINGS_UPDATED,"{'CASH': -269797494, 'JPM': 2841}"
2019-06-28 12:06:27.189842241,HOLDINGS_UPDATED,"{'CASH': -268987078, 'JPM': 2833}"
2019-06-28 12:06:30.000000000,BID_DEPTH,"[(101302, 92), (101191, 113), (101122, 13), (101108, 100), (100862, 100)]"
2019-06-28 12:06:30.000000000,ASK_DEPTH,"[(101423, 100), (101460, 100), (101587, 100), (101589, 100), (101652, 100)]"
2019-06-28 12:06:30.000000000,IMBALANCE,"[418, 500]"
2019-06-28 12:06:40.000000000,BID_DEPTH,"[(101302, 92), (101191, 113), (101122, 13), (100862, 100), (100861, 70)]"
2019-06-28 12:06:40.000000000,ASK_DEPTH,"[(101423, 100), (101460, 100), (101587, 100), (101589, 100), (101652, 100)]"
2019-06-28 12:06:40.000000000,IMBALANCE,"[388, 500]"
2019-06-28 12:06:50.000000000,BID_DEPTH,"[(101302, 92), (101191, 113), (101122, 13), (100862, 100), (100861, 70)]"
2019-06-28 12:06:50.000000000,ASK_DEPTH,"[(101423, 100), (101460, 100), (101587, 100), (101589, 100), (101652, 100)]"
2019-06-28 12:06:50.000000000,IMBALANCE,"[388, 500]"
2019-06-28 12:07:00.000000000,BID_DEPTH,"[(101302, 92), (101191, 113), (101122, 13), (100862, 100), (100861, 70)]"
2019-06-28 12:07:00.000000000,ASK_DEPTH,"[(101423, 100), (101460, 100), (101587, 100), (101589, 100), (101652, 100)]"
2019-06-28 12:07:00.000000000,IMBALANCE,"[388, 500]"
2019-06-28 12:07:00.000000000,HOLDINGS_UPDATED,"{'CASH': -268277117, 'JPM': 2826}"
2019-06-28 12:07:00.000000000,HOLDINGS_UPDATED,"{'CASH': -267364310, 'JPM': 2817}"
2019-06-28 12:07:00.000000000,HOLDINGS_UPDATED,"{'CASH': -266552926, 'JPM': 2809}"
2019-06-28 12:07:00.000000000,HOLDINGS_UPDATED,"{'CASH': -266248657, 'JPM': 2806}"
2019-06-28 12:07:04.963394614,HOLDINGS_UPDATED,"{'CASH': -256106357, 'JPM': 2706}"
2019-06-28 12:07:10.000000000,BID_DEPTH,"[(101302, 92), (101191, 113), (101122, 13), (100862, 100), (100861, 70)]"
2019-06-28 12:07:10.000000000,ASK_DEPTH,"[(101423, 3), (101460, 100), (101587, 100), (101589, 100), (101652, 100)]"
2019-06-28 12:07:10.000000000,IMBALANCE,"[388, 403]"
2019-06-28 12:07:11.610306862,HOLDINGS_UPDATED,"{'CASH': -247586825, 'JPM': 2622}"
2019-06-28 12:07:20.000000000,BID_DEPTH,"[(101423, 13), (101302, 92), (101191, 113), (101122, 13), (100862, 100)]"
2019-06-28 12:07:20.000000000,ASK_DEPTH,"[(101587, 100), (101589, 100), (101652, 100), (101654, 100), (101655, 100)]"
2019-06-28 12:07:20.000000000,IMBALANCE,"[331, 500]"
2019-06-28 12:07:29.521747928,HOLDINGS_UPDATED,"{'CASH': -237428125, 'JPM': 2522}"
2019-06-28 12:07:30.000000000,BID_DEPTH,"[(101423, 13), (101191, 113), (101122, 13), (100862, 100), (100861, 70)]"
2019-06-28 12:07:30.000000000,ASK_DEPTH,"[(101589, 100), (101652, 100), (101654, 100), (101655, 100), (101674, 100)]"
2019-06-28 12:07:30.000000000,IMBALANCE,"[309, 500]"
2019-06-28 12:07:40.000000000,BID_DEPTH,"[(101423, 13), (101191, 113), (101122, 13), (100862, 100), (100861, 70)]"
2019-06-28 12:07:40.000000000,ASK_DEPTH,"[(101589, 100), (101652, 100), (101654, 100), (101655, 100), (101674, 100)]"
2019-06-28 12:07:40.000000000,IMBALANCE,"[309, 500]"
2019-06-28 12:07:50.000000000,BID_DEPTH,"[(101423, 13), (101191, 113), (101122, 13), (100862, 100), (100861, 70)]"
2019-06-28 12:07:50.000000000,ASK_DEPTH,"[(101589, 100), (101652, 100), (101654, 100), (101655, 100), (101674, 100)]"
2019-06-28 12:07:50.000000000,IMBALANCE,"[309, 500]"
2019-06-28 12:08:00.000000000,BID_DEPTH,"[(101423, 13), (101191, 113), (101122, 13), (100862, 100), (100861, 70)]"
2019-06-28 12:08:00.000000000,ASK_DEPTH,"[(101589, 100), (101652, 100), (101654, 100), (101655, 100), (101674, 100)]"
2019-06-28 12:08:00.000000000,IMBALANCE,"[309, 500]"
2019-06-28 12:08:00.000000000,HOLDINGS_UPDATED,"{'CASH': -236717002, 'JPM': 2515}"
2019-06-28 12:08:00.000000000,HOLDINGS_UPDATED,"{'CASH': -235802701, 'JPM': 2506}"
2019-06-28 12:08:00.000000000,HOLDINGS_UPDATED,"{'CASH': -234989989, 'JPM': 2498}"
2019-06-28 12:08:00.000000000,HOLDINGS_UPDATED,"{'CASH': -234685222, 'JPM': 2495}"
2019-06-28 12:08:10.000000000,BID_DEPTH,"[(101423, 13), (101191, 113), (101122, 13), (100862, 100), (100861, 70)]"
2019-06-28 12:08:10.000000000,ASK_DEPTH,"[(101589, 3), (101652, 100), (101654, 100), (101655, 100), (101674, 100)]"
2019-06-28 12:08:10.000000000,IMBALANCE,"[309, 403]"
2019-06-28 12:08:20.000000000,BID_DEPTH,"[(101423, 13), (101191, 113), (101122, 13), (100862, 100), (100861, 70)]"
2019-06-28 12:08:20.000000000,ASK_DEPTH,"[(101589, 3), (101652, 100), (101654, 100), (101655, 100), (101674, 100)]"
2019-06-28 12:08:20.000000000,IMBALANCE,"[309, 403]"
2019-06-28 12:08:30.000000000,BID_DEPTH,"[(101423, 13), (101191, 113), (101122, 13), (100862, 100), (100861, 70)]"
2019-06-28 12:08:30.000000000,ASK_DEPTH,"[(101589, 3), (101652, 100), (101654, 100), (101655, 100), (101674, 100)]"
2019-06-28 12:08:30.000000000,IMBALANCE,"[309, 403]"
2019-06-28 12:08:40.000000000,BID_DEPTH,"[(101423, 13), (101204, 100), (101191, 113), (100862, 100), (100861, 70)]"
2019-06-28 12:08:40.000000000,ASK_DEPTH,"[(101589, 103), (101652, 100), (101654, 100), (101655, 100), (101674, 100)]"
2019-06-28 12:08:40.000000000,IMBALANCE,"[396, 503]"
2019-06-28 12:08:49.608067773,HOLDINGS_UPDATED,"{'CASH': -243204754, 'JPM': 2579}"
2019-06-28 12:08:50.000000000,BID_DEPTH,"[(101204, 100), (101191, 113), (100862, 100), (100861, 70)]"
2019-06-28 12:08:50.000000000,ASK_DEPTH,"[(101423, 3), (101589, 103), (101652, 100), (101654, 100), (101655, 100)]"
2019-06-28 12:08:50.000000000,IMBALANCE,"[383, 406]"
2019-06-28 12:09:00.000000000,BID_DEPTH,"[(101204, 100), (101191, 113), (100862, 100), (100861, 70)]"
2019-06-28 12:09:00.000000000,ASK_DEPTH,"[(101423, 3), (101589, 103), (101652, 100), (101654, 100), (101655, 100)]"
2019-06-28 12:09:00.000000000,IMBALANCE,"[383, 406]"
2019-06-28 12:09:00.000000000,HOLDINGS_UPDATED,"{'CASH': -242596216, 'JPM': 2573}"
2019-06-28 12:09:00.000000000,HOLDINGS_UPDATED,"{'CASH': -242089101, 'JPM': 2568}"
2019-06-28 12:09:00.000000000,HOLDINGS_UPDATED,"{'CASH': -241784832, 'JPM': 2565}"
2019-06-28 12:09:00.000000000,HOLDINGS_UPDATED,"{'CASH': -240973448, 'JPM': 2557}"
2019-06-28 12:09:00.000000000,HOLDINGS_UPDATED,"{'CASH': -240669179, 'JPM': 2554}"
2019-06-28 12:09:00.000000000,HOLDINGS_UPDATED,"{'CASH': -240060641, 'JPM': 2548}"
2019-06-28 12:09:00.000000000,HOLDINGS_UPDATED,"{'CASH': -239249257, 'JPM': 2540}"
2019-06-28 12:09:00.000000000,HOLDINGS_UPDATED,"{'CASH': -239147834, 'JPM': 2539}"
2019-06-28 12:09:00.000000000,HOLDINGS_UPDATED,"{'CASH': -239046411, 'JPM': 2538}"
2019-06-28 12:09:00.000000000,HOLDINGS_UPDATED,"{'CASH': -238539296, 'JPM': 2533}"
2019-06-28 12:09:00.000000000,HOLDINGS_UPDATED,"{'CASH': -238437873, 'JPM': 2532}"
2019-06-28 12:09:00.000000000,HOLDINGS_UPDATED,"{'CASH': -238235027, 'JPM': 2530}"
2019-06-28 12:09:00.000000000,HOLDINGS_UPDATED,"{'CASH': -237727912, 'JPM': 2525}"
2019-06-28 12:09:00.000000000,HOLDINGS_UPDATED,"{'CASH': -236815105, 'JPM': 2516}"
2019-06-28 12:09:00.000000000,HOLDINGS_UPDATED,"{'CASH': -235902298, 'JPM': 2507}"
2019-06-28 12:09:00.000000000,HOLDINGS_UPDATED,"{'CASH': -235090914, 'JPM': 2499}"
2019-06-28 12:09:00.000000000,HOLDINGS_UPDATED,"{'CASH': -234685222, 'JPM': 2495}"
2019-06-28 12:09:00.000000000,HOLDINGS_UPDATED,"{'CASH': -234178107, 'JPM': 2490}"
2019-06-28 12:09:00.000000000,HOLDINGS_UPDATED,"{'CASH': -233468146, 'JPM': 2483}"
2019-06-28 12:09:00.000000000,HOLDINGS_UPDATED,"{'CASH': -232656762, 'JPM': 2475}"
2019-06-28 12:09:00.000000000,HOLDINGS_UPDATED,"{'CASH': -231743955, 'JPM': 2466}"
2019-06-28 12:09:00.000000000,HOLDINGS_UPDATED,"{'CASH': -230932571, 'JPM': 2458}"
2019-06-28 12:09:00.000000000,HOLDINGS_UPDATED,"{'CASH': -230628302, 'JPM': 2455}"
2019-06-28 12:09:10.000000000,BID_DEPTH,"[(101204, 100), (101191, 113), (100862, 100), (100861, 70)]"
2019-06-28 12:09:10.000000000,ASK_DEPTH,"[(101256, 100), (101423, 3), (101589, 103), (101652, 100), (101654, 100)]"
2019-06-28 12:09:10.000000000,IMBALANCE,"[383, 406]"
2019-06-28 12:09:20.000000000,BID_DEPTH,"[(101204, 100), (101191, 113), (100862, 100), (100861, 70)]"
2019-06-28 12:09:20.000000000,ASK_DEPTH,"[(101256, 100), (101423, 3), (101589, 103), (101635, 100), (101652, 100)]"
2019-06-28 12:09:20.000000000,IMBALANCE,"[383, 406]"
2019-06-28 12:09:30.000000000,BID_DEPTH,"[(101204, 100), (101191, 113), (100862, 100), (100861, 70)]"
2019-06-28 12:09:30.000000000,ASK_DEPTH,"[(101256, 100), (101423, 3), (101589, 103), (101635, 100), (101652, 100)]"
2019-06-28 12:09:30.000000000,IMBALANCE,"[383, 406]"
2019-06-28 12:09:40.000000000,BID_DEPTH,"[(101204, 100), (101191, 113), (100862, 100), (100861, 70)]"
2019-06-28 12:09:40.000000000,ASK_DEPTH,"[(101256, 100), (101423, 3), (101589, 103), (101635, 100), (101652, 100)]"
2019-06-28 12:09:40.000000000,IMBALANCE,"[383, 406]"
2019-06-28 12:09:50.000000000,BID_DEPTH,"[(101204, 100), (101191, 113), (100862, 100), (100861, 70)]"
2019-06-28 12:09:50.000000000,ASK_DEPTH,"[(101256, 100), (101423, 3), (101588, 100), (101589, 103), (101635, 100)]"
2019-06-28 12:09:50.000000000,IMBALANCE,"[383, 406]"
2019-06-28 12:10:00.000000000,BID_DEPTH,"[(101204, 100), (101191, 113), (100862, 100), (100861, 70)]"
2019-06-28 12:10:00.000000000,ASK_DEPTH,"[(101256, 100), (101423, 3), (101588, 100), (101589, 103), (101635, 100)]"
2019-06-28 12:10:00.000000000,IMBALANCE,"[383, 406]"
2019-06-28 12:10:00.000000000,HOLDINGS_UPDATED,"{'CASH': -229919510, 'JPM': 2448}"
2019-06-28 12:10:00.000000000,HOLDINGS_UPDATED,"{'CASH': -229008206, 'JPM': 2439}"
2019-06-28 12:10:00.000000000,HOLDINGS_UPDATED,"{'CASH': -228198158, 'JPM': 2431}"
2019-06-28 12:10:00.000000000,HOLDINGS_UPDATED,"{'CASH': -227894390, 'JPM': 2428}"
2019-06-28 12:10:10.000000000,BID_DEPTH,"[(101204, 100), (101191, 113), (100862, 100), (100861, 70)]"
2019-06-28 12:10:10.000000000,ASK_DEPTH,"[(101256, 3), (101423, 3), (101588, 100), (101589, 103), (101635, 100)]"
2019-06-28 12:10:10.000000000,IMBALANCE,"[383, 309]"
2019-06-28 12:10:13.046369051,HOLDINGS_UPDATED,"{'CASH': -218072558, 'JPM': 2331}"
2019-06-28 12:10:20.000000000,BID_DEPTH,"[(101204, 100), (101191, 113), (100862, 100), (100861, 70)]"
2019-06-28 12:10:20.000000000,ASK_DEPTH,"[(101423, 3), (101588, 100), (101589, 203), (101635, 100), (101652, 100)]"
2019-06-28 12:10:20.000000000,IMBALANCE,"[383, 506]"
2019-06-28 12:10:30.000000000,BID_DEPTH,"[(101204, 100), (101191, 113), (100862, 100), (100861, 70)]"
2019-06-28 12:10:30.000000000,ASK_DEPTH,"[(101423, 3), (101588, 100), (101589, 203), (101635, 100), (101652, 100)]"
2019-06-28 12:10:30.000000000,IMBALANCE,"[383, 506]"
2019-06-28 12:10:40.000000000,BID_DEPTH,"[(101204, 100), (101191, 113), (100862, 100), (100861, 70)]"
2019-06-28 12:10:40.000000000,ASK_DEPTH,"[(101423, 3), (101588, 100), (101589, 203), (101635, 100), (101652, 100)]"
2019-06-28 12:10:40.000000000,IMBALANCE,"[383, 506]"
2019-06-28 12:10:50.000000000,BID_DEPTH,"[(101395, 100), (101204, 100), (101191, 13), (100862, 100), (100861, 70)]"
2019-06-28 12:10:50.000000000,ASK_DEPTH,"[(101423, 3), (101588, 100), (101589, 203), (101635, 100), (101652, 100)]"
2019-06-28 12:10:50.000000000,IMBALANCE,"[383, 506]"
2019-06-28 12:11:00.000000000,BID_DEPTH,"[(101395, 100), (101204, 100), (101191, 13), (100862, 100), (100861, 70)]"
2019-06-28 12:11:00.000000000,ASK_DEPTH,"[(101423, 3), (101588, 100), (101589, 203), (101635, 100), (101652, 100)]"
2019-06-28 12:11:00.000000000,IMBALANCE,"[383, 506]"
2019-06-28 12:11:00.000000000,HOLDINGS_UPDATED,"{'CASH': -217464020, 'JPM': 2325}"
2019-06-28 12:11:00.000000000,HOLDINGS_UPDATED,"{'CASH': -216956905, 'JPM': 2320}"
2019-06-28 12:11:00.000000000,HOLDINGS_UPDATED,"{'CASH': -216652636, 'JPM': 2317}"
2019-06-28 12:11:00.000000000,HOLDINGS_UPDATED,"{'CASH': -215841252, 'JPM': 2309}"
2019-06-28 12:11:00.000000000,HOLDINGS_UPDATED,"{'CASH': -215536983, 'JPM': 2306}"
2019-06-28 12:11:00.000000000,HOLDINGS_UPDATED,"{'CASH': -214928445, 'JPM': 2300}"
2019-06-28 12:11:00.000000000,HOLDINGS_UPDATED,"{'CASH': -214117061, 'JPM': 2292}"
2019-06-28 12:11:00.000000000,HOLDINGS_UPDATED,"{'CASH': -214015638, 'JPM': 2291}"
2019-06-28 12:11:00.000000000,HOLDINGS_UPDATED,"{'CASH': -213914215, 'JPM': 2290}"
2019-06-28 12:11:00.000000000,HOLDINGS_UPDATED,"{'CASH': -213407100, 'JPM': 2285}"
2019-06-28 12:11:00.000000000,HOLDINGS_UPDATED,"{'CASH': -213305677, 'JPM': 2284}"
2019-06-28 12:11:00.000000000,HOLDINGS_UPDATED,"{'CASH': -213102831, 'JPM': 2282}"
2019-06-28 12:11:00.000000000,HOLDINGS_UPDATED,"{'CASH': -212595716, 'JPM': 2277}"
2019-06-28 12:11:00.000000000,HOLDINGS_UPDATED,"{'CASH': -211682909, 'JPM': 2268}"
2019-06-28 12:11:00.000000000,HOLDINGS_UPDATED,"{'CASH': -210770102, 'JPM': 2259}"
2019-06-28 12:11:00.000000000,HOLDINGS_UPDATED,"{'CASH': -209958718, 'JPM': 2251}"
2019-06-28 12:11:00.000000000,HOLDINGS_UPDATED,"{'CASH': -209553026, 'JPM': 2247}"
2019-06-28 12:11:00.000000000,HOLDINGS_UPDATED,"{'CASH': -209045911, 'JPM': 2242}"
2019-06-28 12:11:00.000000000,HOLDINGS_UPDATED,"{'CASH': -208335950, 'JPM': 2235}"
2019-06-28 12:11:00.000000000,HOLDINGS_UPDATED,"{'CASH': -207524566, 'JPM': 2227}"
2019-06-28 12:11:00.000000000,HOLDINGS_UPDATED,"{'CASH': -206611759, 'JPM': 2218}"
2019-06-28 12:11:00.000000000,HOLDINGS_UPDATED,"{'CASH': -205800375, 'JPM': 2210}"
2019-06-28 12:11:00.000000000,HOLDINGS_UPDATED,"{'CASH': -205496106, 'JPM': 2207}"
2019-06-28 12:11:10.000000000,BID_DEPTH,"[(101395, 100), (101204, 100), (101191, 13), (100862, 100), (100861, 70)]"
2019-06-28 12:11:10.000000000,ASK_DEPTH,"[(101423, 3), (101588, 100), (101589, 203), (101635, 100), (101652, 100)]"
2019-06-28 12:11:10.000000000,IMBALANCE,"[383, 506]"
2019-06-28 12:11:20.000000000,BID_DEPTH,"[(101395, 100), (101204, 100), (101191, 13), (100862, 100), (100861, 70)]"
2019-06-28 12:11:20.000000000,ASK_DEPTH,"[(101423, 3), (101588, 100), (101589, 203), (101635, 100), (101652, 100)]"
2019-06-28 12:11:20.000000000,IMBALANCE,"[383, 506]"
2019-06-28 12:11:30.000000000,BID_DEPTH,"[(101395, 100), (101204, 100), (101191, 13), (100862, 100), (100861, 70)]"
2019-06-28 12:11:30.000000000,ASK_DEPTH,"[(101423, 3), (101588, 100), (101589, 203), (101635, 100), (101652, 100)]"
2019-06-28 12:11:30.000000000,IMBALANCE,"[383, 506]"
2019-06-28 12:11:40.000000000,BID_DEPTH,"[(101395, 100), (101204, 100), (101191, 13), (100862, 100), (100861, 70)]"
2019-06-28 12:11:40.000000000,ASK_DEPTH,"[(101423, 103), (101588, 100), (101589, 203), (101635, 100), (101652, 100)]"
2019-06-28 12:11:40.000000000,IMBALANCE,"[383, 606]"
2019-06-28 12:11:50.000000000,BID_DEPTH,"[(101395, 100), (101204, 100), (101191, 13), (100862, 100), (100861, 70)]"
2019-06-28 12:11:50.000000000,ASK_DEPTH,"[(101423, 103), (101588, 100), (101589, 203), (101635, 100), (101652, 100)]"
2019-06-28 12:11:50.000000000,IMBALANCE,"[383, 606]"
2019-06-28 12:12:00.000000000,BID_DEPTH,"[(101395, 100), (101204, 100), (101191, 13), (100862, 100), (100861, 70)]"
2019-06-28 12:12:00.000000000,ASK_DEPTH,"[(101423, 103), (101588, 100), (101589, 203), (101635, 100), (101652, 100)]"
2019-06-28 12:12:00.000000000,IMBALANCE,"[383, 606]"
2019-06-28 12:12:00.000000000,HOLDINGS_UPDATED,"{'CASH': -205090414, 'JPM': 2203}"
2019-06-28 12:12:00.000000000,HOLDINGS_UPDATED,"{'CASH': -204177607, 'JPM': 2194}"
2019-06-28 12:12:00.000000000,HOLDINGS_UPDATED,"{'CASH': -203366223, 'JPM': 2186}"
2019-06-28 12:12:00.000000000,HOLDINGS_UPDATED,"{'CASH': -203061954, 'JPM': 2183}"
2019-06-28 12:12:10.000000000,BID_DEPTH,"[(101395, 100), (101204, 100), (101191, 13), (100862, 100), (100861, 70)]"
2019-06-28 12:12:10.000000000,ASK_DEPTH,"[(101423, 103), (101588, 100), (101589, 203), (101635, 100), (101652, 100)]"
2019-06-28 12:12:10.000000000,IMBALANCE,"[383, 606]"
2019-06-28 12:12:20.000000000,BID_DEPTH,"[(101395, 100), (101204, 100), (101191, 13), (100862, 100), (100861, 70)]"
2019-06-28 12:12:20.000000000,ASK_DEPTH,"[(101423, 103), (101588, 100), (101589, 203), (101635, 100), (101652, 100)]"
2019-06-28 12:12:20.000000000,IMBALANCE,"[383, 606]"
2019-06-28 12:12:30.000000000,BID_DEPTH,"[(101395, 100), (101204, 100), (101191, 13), (100862, 100), (100861, 70)]"
2019-06-28 12:12:30.000000000,ASK_DEPTH,"[(101423, 103), (101588, 100), (101589, 203), (101635, 100), (101652, 100)]"
2019-06-28 12:12:30.000000000,IMBALANCE,"[383, 606]"
2019-06-28 12:12:40.000000000,BID_DEPTH,"[(101395, 100), (101204, 100), (101191, 13), (100862, 100), (100861, 70)]"
2019-06-28 12:12:40.000000000,ASK_DEPTH,"[(101423, 203), (101588, 100), (101589, 203), (101635, 100), (101652, 100)]"
2019-06-28 12:12:40.000000000,IMBALANCE,"[383, 706]"
2019-06-28 12:12:50.000000000,BID_DEPTH,"[(101395, 100), (101204, 100), (101191, 13), (100862, 100), (100861, 70)]"
2019-06-28 12:12:50.000000000,ASK_DEPTH,"[(101423, 203), (101588, 100), (101589, 203), (101635, 100), (101652, 100)]"
2019-06-28 12:12:50.000000000,IMBALANCE,"[383, 706]"
2019-06-28 12:13:00.000000000,BID_DEPTH,"[(101395, 100), (101204, 100), (101191, 13), (101031, 100), (100862, 100)]"
2019-06-28 12:13:00.000000000,ASK_DEPTH,"[(101423, 203), (101588, 100), (101589, 203), (101635, 100), (101652, 100)]"
2019-06-28 12:13:00.000000000,IMBALANCE,"[413, 706]"
2019-06-28 12:13:10.000000000,BID_DEPTH,"[(101395, 100), (101204, 100), (101191, 13), (101031, 100), (100862, 100)]"
2019-06-28 12:13:10.000000000,ASK_DEPTH,"[(101423, 179), (101588, 100), (101589, 203), (101635, 100), (101652, 100)]"
2019-06-28 12:13:10.000000000,IMBALANCE,"[413, 682]"
2019-06-28 12:13:20.000000000,BID_DEPTH,"[(101395, 100), (101204, 100), (101191, 13), (101031, 100), (100862, 100)]"
2019-06-28 12:13:20.000000000,ASK_DEPTH,"[(101423, 179), (101588, 100), (101589, 203), (101635, 100), (101652, 100)]"
2019-06-28 12:13:20.000000000,IMBALANCE,"[413, 682]"
2019-06-28 12:13:30.000000000,BID_DEPTH,"[(101395, 100), (101204, 100), (101191, 13), (101031, 100), (100862, 100)]"
2019-06-28 12:13:30.000000000,ASK_DEPTH,"[(101423, 179), (101588, 100), (101589, 203), (101635, 100), (101652, 100)]"
2019-06-28 12:13:30.000000000,IMBALANCE,"[413, 682]"
2019-06-28 12:13:40.000000000,BID_DEPTH,"[(101395, 100), (101204, 100), (101191, 13), (101031, 100), (100862, 100)]"
2019-06-28 12:13:40.000000000,ASK_DEPTH,"[(101423, 179), (101588, 100), (101589, 203), (101635, 100), (101652, 100)]"
2019-06-28 12:13:40.000000000,IMBALANCE,"[413, 682]"
2019-06-28 12:13:50.000000000,BID_DEPTH,"[(101204, 100), (101191, 13), (101031, 100), (100862, 100), (100861, 70)]"
2019-06-28 12:13:50.000000000,ASK_DEPTH,"[(101423, 179), (101588, 100), (101589, 203), (101635, 100), (101652, 100)]"
2019-06-28 12:13:50.000000000,IMBALANCE,"[383, 682]"
2019-06-28 12:14:00.000000000,BID_DEPTH,"[(101204, 100), (101191, 13), (101031, 100), (100862, 100), (100861, 70)]"
2019-06-28 12:14:00.000000000,ASK_DEPTH,"[(101423, 179), (101588, 100), (101589, 203), (101635, 100), (101652, 100)]"
2019-06-28 12:14:00.000000000,IMBALANCE,"[383, 682]"
2019-06-28 12:14:10.000000000,BID_DEPTH,"[(101204, 100), (101191, 13), (101031, 100), (100862, 100), (100861, 70)]"
2019-06-28 12:14:10.000000000,ASK_DEPTH,"[(101423, 55), (101588, 100), (101589, 203), (101635, 100), (101652, 100)]"
2019-06-28 12:14:10.000000000,IMBALANCE,"[383, 558]"
2019-06-28 12:14:20.000000000,BID_DEPTH,"[(101191, 13), (101031, 100), (100862, 100), (100861, 70), (100839, 100)]"
2019-06-28 12:14:20.000000000,ASK_DEPTH,"[(101423, 55), (101588, 100), (101589, 203), (101635, 100), (101652, 100)]"
2019-06-28 12:14:20.000000000,IMBALANCE,"[383, 558]"
2019-06-28 12:14:30.000000000,BID_DEPTH,"[(101191, 13), (101031, 100), (100862, 100), (100861, 70), (100839, 100)]"
2019-06-28 12:14:30.000000000,ASK_DEPTH,"[(101422, 100), (101423, 55), (101588, 100), (101589, 203), (101635, 100)]"
2019-06-28 12:14:30.000000000,IMBALANCE,"[383, 558]"
2019-06-28 12:14:40.000000000,BID_DEPTH,"[(101191, 13), (101031, 100), (100862, 100), (100861, 70), (100839, 100)]"
2019-06-28 12:14:40.000000000,ASK_DEPTH,"[(101422, 100), (101423, 55), (101588, 100), (101589, 203), (101635, 100)]"
2019-06-28 12:14:40.000000000,IMBALANCE,"[383, 558]"
2019-06-28 12:14:50.000000000,BID_DEPTH,"[(101191, 13), (101031, 100), (100862, 100), (100861, 70), (100839, 100)]"
2019-06-28 12:14:50.000000000,ASK_DEPTH,"[(101422, 100), (101423, 3), (101588, 100), (101589, 203), (101635, 100)]"
2019-06-28 12:14:50.000000000,IMBALANCE,"[383, 506]"
2019-06-28 12:15:00.000000000,BID_DEPTH,"[(101191, 13), (101031, 100), (100862, 100), (100861, 70), (100839, 100)]"
2019-06-28 12:15:00.000000000,ASK_DEPTH,"[(101422, 100), (101423, 3), (101588, 100), (101589, 203), (101635, 100)]"
2019-06-28 12:15:00.000000000,IMBALANCE,"[383, 506]"
2019-06-28 12:15:00.000000000,HOLDINGS_UPDATED,"{'CASH': -202352000, 'JPM': 2176}"
2019-06-28 12:15:00.000000000,HOLDINGS_UPDATED,"{'CASH': -201439202, 'JPM': 2167}"
2019-06-28 12:15:00.000000000,HOLDINGS_UPDATED,"{'CASH': -200627826, 'JPM': 2159}"
2019-06-28 12:15:00.000000000,HOLDINGS_UPDATED,"{'CASH': -200323560, 'JPM': 2156}"
2019-06-28 12:15:10.000000000,BID_DEPTH,"[(101191, 13), (101031, 100), (100862, 100), (100861, 70), (100839, 100)]"
2019-06-28 12:15:10.000000000,ASK_DEPTH,"[(101422, 3), (101423, 3), (101588, 100), (101589, 203), (101635, 100)]"
2019-06-28 12:15:10.000000000,IMBALANCE,"[383, 409]"
2019-06-28 12:15:19.051565247,HOLDINGS_UPDATED,"{'CASH': -208823604, 'JPM': 2240}"
2019-06-28 12:15:20.000000000,BID_DEPTH,"[(101031, 100), (100862, 100), (100861, 70), (100839, 100)]"
2019-06-28 12:15:20.000000000,ASK_DEPTH,"[(101191, 3), (101422, 103), (101423, 3), (101588, 100), (101589, 203)]"
2019-06-28 12:15:20.000000000,IMBALANCE,"[370, 412]"
2019-06-28 12:15:30.000000000,BID_DEPTH,"[(101031, 100), (100862, 100), (100861, 70), (100839, 100)]"
2019-06-28 12:15:30.000000000,ASK_DEPTH,"[(101191, 3), (101421, 100), (101422, 103), (101423, 3), (101588, 100)]"
2019-06-28 12:15:30.000000000,IMBALANCE,"[370, 309]"
2019-06-28 12:15:40.000000000,BID_DEPTH,"[(101031, 100), (100862, 100), (100861, 70), (100839, 100)]"
2019-06-28 12:15:40.000000000,ASK_DEPTH,"[(101191, 3), (101421, 100), (101422, 103), (101423, 3), (101588, 100)]"
2019-06-28 12:15:40.000000000,IMBALANCE,"[370, 309]"
2019-06-28 12:15:50.000000000,BID_DEPTH,"[(101031, 100), (100862, 100), (100861, 70), (100839, 100)]"
2019-06-28 12:15:50.000000000,ASK_DEPTH,"[(101191, 3), (101421, 100), (101422, 103), (101423, 3), (101588, 100)]"
2019-06-28 12:15:50.000000000,IMBALANCE,"[370, 309]"
2019-06-28 12:16:00.000000000,BID_DEPTH,"[(101031, 100), (100862, 100), (100861, 70), (100839, 100)]"
2019-06-28 12:16:00.000000000,ASK_DEPTH,"[(101191, 3), (101421, 100), (101422, 103), (101423, 3), (101588, 100)]"
2019-06-28 12:16:00.000000000,IMBALANCE,"[370, 309]"
2019-06-28 12:16:00.000000000,HOLDINGS_UPDATED,"{'CASH': -208216458, 'JPM': 2234}"
2019-06-28 12:16:00.000000000,HOLDINGS_UPDATED,"{'CASH': -207710503, 'JPM': 2229}"
2019-06-28 12:16:00.000000000,HOLDINGS_UPDATED,"{'CASH': -207406930, 'JPM': 2226}"
2019-06-28 12:16:00.000000000,HOLDINGS_UPDATED,"{'CASH': -206597402, 'JPM': 2218}"
2019-06-28 12:16:00.000000000,HOLDINGS_UPDATED,"{'CASH': -206293829, 'JPM': 2215}"
2019-06-28 12:16:00.000000000,HOLDINGS_UPDATED,"{'CASH': -205686683, 'JPM': 2209}"
2019-06-28 12:16:00.000000000,HOLDINGS_UPDATED,"{'CASH': -204877155, 'JPM': 2201}"
2019-06-28 12:16:00.000000000,HOLDINGS_UPDATED,"{'CASH': -204775964, 'JPM': 2200}"
2019-06-28 12:16:00.000000000,HOLDINGS_UPDATED,"{'CASH': -204674773, 'JPM': 2199}"
2019-06-28 12:16:00.000000000,HOLDINGS_UPDATED,"{'CASH': -204168818, 'JPM': 2194}"
2019-06-28 12:16:00.000000000,HOLDINGS_UPDATED,"{'CASH': -204067627, 'JPM': 2193}"
2019-06-28 12:16:00.000000000,HOLDINGS_UPDATED,"{'CASH': -203865245, 'JPM': 2191}"
2019-06-28 12:16:00.000000000,HOLDINGS_UPDATED,"{'CASH': -203359290, 'JPM': 2186}"
2019-06-28 12:16:00.000000000,HOLDINGS_UPDATED,"{'CASH': -202448571, 'JPM': 2177}"
2019-06-28 12:16:00.000000000,HOLDINGS_UPDATED,"{'CASH': -201537852, 'JPM': 2168}"
2019-06-28 12:16:00.000000000,HOLDINGS_UPDATED,"{'CASH': -200728324, 'JPM': 2160}"
2019-06-28 12:16:00.000000000,HOLDINGS_UPDATED,"{'CASH': -200323560, 'JPM': 2156}"
2019-06-28 12:16:00.000000000,HOLDINGS_UPDATED,"{'CASH': -199817605, 'JPM': 2151}"
2019-06-28 12:16:00.000000000,HOLDINGS_UPDATED,"{'CASH': -199109268, 'JPM': 2144}"
2019-06-28 12:16:00.000000000,HOLDINGS_UPDATED,"{'CASH': -198299740, 'JPM': 2136}"
2019-06-28 12:16:00.000000000,HOLDINGS_UPDATED,"{'CASH': -198198549, 'JPM': 2135}"
2019-06-28 12:16:10.000000000,BID_DEPTH,"[(101191, 8), (101031, 100), (100862, 100), (100861, 70), (100839, 100)]"
2019-06-28 12:16:10.000000000,ASK_DEPTH,"[(101421, 89), (101422, 103), (101423, 3), (101588, 100), (101589, 203)]"
2019-06-28 12:16:10.000000000,IMBALANCE,"[378, 498]"
2019-06-28 12:16:20.000000000,BID_DEPTH,"[(101191, 8), (101031, 100), (100862, 100), (100861, 70), (100839, 100)]"
2019-06-28 12:16:20.000000000,ASK_DEPTH,"[(101421, 89), (101422, 103), (101423, 3), (101588, 100), (101589, 203)]"
2019-06-28 12:16:20.000000000,IMBALANCE,"[378, 498]"
2019-06-28 12:16:30.000000000,BID_DEPTH,"[(101191, 8), (101031, 100), (100862, 100), (100861, 70), (100839, 100)]"
2019-06-28 12:16:30.000000000,ASK_DEPTH,"[(101421, 89), (101422, 103), (101423, 3), (101588, 100), (101589, 203)]"
2019-06-28 12:16:30.000000000,IMBALANCE,"[378, 498]"
2019-06-28 12:16:40.000000000,BID_DEPTH,"[(101191, 8), (101031, 100), (100862, 100), (100861, 70), (100839, 100)]"
2019-06-28 12:16:40.000000000,ASK_DEPTH,"[(101421, 89), (101422, 103), (101423, 3), (101588, 100), (101589, 203)]"
2019-06-28 12:16:40.000000000,IMBALANCE,"[378, 498]"
2019-06-28 12:16:50.000000000,BID_DEPTH,"[(101191, 8), (101031, 100), (100862, 100), (100861, 70), (100839, 100)]"
2019-06-28 12:16:50.000000000,ASK_DEPTH,"[(101421, 89), (101422, 103), (101423, 3), (101588, 100), (101589, 203)]"
2019-06-28 12:16:50.000000000,IMBALANCE,"[378, 498]"
2019-06-28 12:16:52.150241623,HOLDINGS_UPDATED,"{'CASH': -207508121, 'JPM': 2227}"
2019-06-28 12:16:57.003733287,HOLDINGS_UPDATED,"{'CASH': -212567671, 'JPM': 2277}"
2019-06-28 12:17:00.000000000,BID_DEPTH,"[(101031, 100), (100862, 100), (100861, 70), (100839, 100)]"
2019-06-28 12:17:00.000000000,ASK_DEPTH,"[(101191, 50), (101421, 89), (101422, 103), (101423, 3), (101588, 100)]"
2019-06-28 12:17:00.000000000,IMBALANCE,"[370, 345]"
2019-06-28 12:17:00.000000000,HOLDINGS_UPDATED,"{'CASH': -212365289, 'JPM': 2275}"
2019-06-28 12:17:00.000000000,HOLDINGS_UPDATED,"{'CASH': -211859334, 'JPM': 2270}"
2019-06-28 12:17:00.000000000,HOLDINGS_UPDATED,"{'CASH': -210948615, 'JPM': 2261}"
2019-06-28 12:17:00.000000000,HOLDINGS_UPDATED,"{'CASH': -210037896, 'JPM': 2252}"
2019-06-28 12:17:00.000000000,HOLDINGS_UPDATED,"{'CASH': -209228368, 'JPM': 2244}"
2019-06-28 12:17:00.000000000,HOLDINGS_UPDATED,"{'CASH': -208823604, 'JPM': 2240}"
2019-06-28 12:17:00.000000000,HOLDINGS_UPDATED,"{'CASH': -208317649, 'JPM': 2235}"
2019-06-28 12:17:00.000000000,HOLDINGS_UPDATED,"{'CASH': -207609312, 'JPM': 2228}"
2019-06-28 12:17:00.000000000,HOLDINGS_UPDATED,"{'CASH': -206799784, 'JPM': 2220}"
2019-06-28 12:17:00.000000000,HOLDINGS_UPDATED,"{'CASH': -205889065, 'JPM': 2211}"
2019-06-28 12:17:00.000000000,HOLDINGS_UPDATED,"{'CASH': -205079537, 'JPM': 2203}"
2019-06-28 12:17:00.000000000,HOLDINGS_UPDATED,"{'CASH': -204775964, 'JPM': 2200}"
2019-06-28 12:17:10.000000000,BID_DEPTH,"[(101031, 100), (100862, 100), (100861, 70), (100839, 100)]"
2019-06-28 12:17:10.000000000,ASK_DEPTH,"[(101421, 89), (101422, 103), (101423, 3), (101588, 100), (101589, 203)]"
2019-06-28 12:17:10.000000000,IMBALANCE,"[370, 498]"
2019-06-28 12:17:20.000000000,BID_DEPTH,"[(101031, 100), (100862, 100), (100861, 70), (100839, 100)]"
2019-06-28 12:17:20.000000000,ASK_DEPTH,"[(101421, 89), (101422, 103), (101423, 3), (101588, 100), (101589, 203)]"
2019-06-28 12:17:20.000000000,IMBALANCE,"[370, 498]"
2019-06-28 12:17:30.000000000,BID_DEPTH,"[(101031, 100), (100862, 100), (100861, 70), (100839, 100)]"
2019-06-28 12:17:30.000000000,ASK_DEPTH,"[(101421, 89), (101422, 103), (101423, 3), (101588, 100), (101589, 203)]"
2019-06-28 12:17:30.000000000,IMBALANCE,"[370, 498]"
2019-06-28 12:17:40.000000000,BID_DEPTH,"[(100862, 100), (100861, 70), (100839, 100)]"
2019-06-28 12:17:40.000000000,ASK_DEPTH,"[(101191, 100), (101421, 89), (101422, 103), (101423, 3), (101588, 100)]"
2019-06-28 12:17:40.000000000,IMBALANCE,"[270, 395]"
2019-06-28 12:17:50.000000000,BID_DEPTH,"[(100862, 100), (100861, 70), (100839, 100)]"
2019-06-28 12:17:50.000000000,ASK_DEPTH,"[(101191, 100), (101421, 89), (101422, 103), (101423, 3), (101588, 100)]"
2019-06-28 12:17:50.000000000,IMBALANCE,"[270, 395]"
2019-06-28 12:18:00.000000000,BID_DEPTH,"[(100861, 70), (100839, 100), (99827, 100)]"
2019-06-28 12:18:00.000000000,ASK_DEPTH,"[(101191, 100), (101421, 89), (101422, 103), (101423, 3), (101588, 100)]"
2019-06-28 12:18:00.000000000,IMBALANCE,"[270, 395]"
2019-06-28 12:18:00.000000000,HOLDINGS_UPDATED,"{'CASH': -204067627, 'JPM': 2193}"
2019-06-28 12:18:00.000000000,HOLDINGS_UPDATED,"{'CASH': -203156908, 'JPM': 2184}"
2019-06-28 12:18:00.000000000,HOLDINGS_UPDATED,"{'CASH': -202347380, 'JPM': 2176}"
2019-06-28 12:18:00.000000000,HOLDINGS_UPDATED,"{'CASH': -202043807, 'JPM': 2173}"
2019-06-28 12:18:06.593578121,HOLDINGS_UPDATED,"{'CASH': -205069637, 'JPM': 2203}"
2019-06-28 12:18:10.000000000,BID_DEPTH,"[(100839, 100), (100019, 100), (99827, 100)]"
2019-06-28 12:18:10.000000000,ASK_DEPTH,"[(101421, 89), (101422, 103), (101423, 3), (101588, 100), (101589, 203)]"
2019-06-28 12:18:10.000000000,IMBALANCE,"[300, 498]"
2019-06-28 12:18:20.000000000,BID_DEPTH,"[(100839, 100), (100019, 100), (99827, 100)]"
2019-06-28 12:18:20.000000000,ASK_DEPTH,"[(101421, 89), (101422, 103), (101423, 3), (101588, 100), (101589, 203)]"
2019-06-28 12:18:20.000000000,IMBALANCE,"[300, 498]"
2019-06-28 12:18:30.000000000,BID_DEPTH,"[(100019, 100), (99937, 100), (99827, 100)]"
2019-06-28 12:18:30.000000000,ASK_DEPTH,"[(101421, 89), (101422, 103), (101423, 3), (101588, 100), (101589, 203)]"
2019-06-28 12:18:30.000000000,IMBALANCE,"[300, 498]"
2019-06-28 12:18:40.000000000,BID_DEPTH,"[(100019, 100), (99937, 100), (99827, 100)]"
2019-06-28 12:18:40.000000000,ASK_DEPTH,"[(101421, 89), (101422, 103), (101423, 3), (101588, 100), (101589, 203)]"
2019-06-28 12:18:40.000000000,IMBALANCE,"[300, 498]"
2019-06-28 12:18:50.000000000,BID_DEPTH,"[(100019, 100), (99937, 100), (99827, 100)]"
2019-06-28 12:18:50.000000000,ASK_DEPTH,"[(101421, 89), (101422, 103), (101423, 3), (101588, 100), (101589, 203)]"
2019-06-28 12:18:50.000000000,IMBALANCE,"[300, 498]"
2019-06-28 12:19:00.000000000,BID_DEPTH,"[(100019, 100), (99937, 100), (99827, 100)]"
2019-06-28 12:19:00.000000000,ASK_DEPTH,"[(101421, 89), (101422, 103), (101423, 3), (101588, 100), (101589, 203)]"
2019-06-28 12:19:00.000000000,IMBALANCE,"[300, 498]"
2019-06-28 12:19:00.000000000,HOLDINGS_UPDATED,"{'CASH': -204765374, 'JPM': 2200}"
2019-06-28 12:19:00.000000000,HOLDINGS_UPDATED,"{'CASH': -204055427, 'JPM': 2193}"
2019-06-28 12:19:00.000000000,HOLDINGS_UPDATED,"{'CASH': -203244059, 'JPM': 2185}"
2019-06-28 12:19:00.000000000,HOLDINGS_UPDATED,"{'CASH': -202331270, 'JPM': 2176}"
2019-06-28 12:19:00.000000000,HOLDINGS_UPDATED,"{'CASH': -201519902, 'JPM': 2168}"
2019-06-28 12:19:00.000000000,HOLDINGS_UPDATED,"{'CASH': -201215639, 'JPM': 2165}"
2019-06-28 12:19:10.000000000,BID_DEPTH,"[(100019, 100), (99937, 100), (99886, 100), (99827, 100)]"
2019-06-28 12:19:10.000000000,ASK_DEPTH,"[(101422, 103), (101423, 3), (101588, 100), (101589, 203), (101635, 100)]"
2019-06-28 12:19:10.000000000,IMBALANCE,"[400, 509]"
2019-06-28 12:19:20.000000000,BID_DEPTH,"[(100019, 100), (99937, 100), (99886, 100), (99827, 100)]"
2019-06-28 12:19:20.000000000,ASK_DEPTH,"[(101422, 103), (101423, 3), (101588, 100), (101589, 203), (101635, 100)]"
2019-06-28 12:19:20.000000000,IMBALANCE,"[400, 509]"
2019-06-28 12:19:30.000000000,BID_DEPTH,"[(100019, 100), (99937, 100), (99886, 100), (99827, 100)]"
2019-06-28 12:19:30.000000000,ASK_DEPTH,"[(101422, 103), (101423, 3), (101588, 100), (101589, 203), (101635, 100)]"
2019-06-28 12:19:30.000000000,IMBALANCE,"[400, 509]"
2019-06-28 12:19:40.000000000,BID_DEPTH,"[(100019, 100), (99937, 100), (99886, 100), (99827, 100), (99365, 100)]"
2019-06-28 12:19:40.000000000,ASK_DEPTH,"[(101422, 103), (101423, 3), (101588, 100), (101589, 203), (101635, 100)]"
2019-06-28 12:19:40.000000000,IMBALANCE,"[500, 509]"
2019-06-28 12:19:50.000000000,BID_DEPTH,"[(100019, 100), (99937, 100), (99886, 100), (99827, 100), (99365, 100)]"
2019-06-28 12:19:50.000000000,ASK_DEPTH,"[(101422, 103), (101423, 3), (101588, 100), (101589, 203), (101635, 100)]"
2019-06-28 12:19:50.000000000,IMBALANCE,"[500, 509]"
2019-06-28 12:20:00.000000000,BID_DEPTH,"[(99886, 100), (99827, 100), (99427, 100), (99365, 100)]"
2019-06-28 12:20:00.000000000,ASK_DEPTH,"[(101422, 103), (101423, 3), (101588, 100), (101589, 203), (101635, 100)]"
2019-06-28 12:20:00.000000000,IMBALANCE,"[400, 509]"
2019-06-28 12:20:00.000000000,HOLDINGS_UPDATED,"{'CASH': -200809951, 'JPM': 2161}"
2019-06-28 12:20:00.000000000,HOLDINGS_UPDATED,"{'CASH': -199897153, 'JPM': 2152}"
2019-06-28 12:20:00.000000000,HOLDINGS_UPDATED,"{'CASH': -199085777, 'JPM': 2144}"
2019-06-28 12:20:00.000000000,HOLDINGS_UPDATED,"{'CASH': -198781511, 'JPM': 2141}"
2019-06-28 12:20:10.000000000,BID_DEPTH,"[(99886, 100), (99827, 100), (99427, 100), (99365, 100), (99243, 100)]"
2019-06-28 12:20:10.000000000,ASK_DEPTH,"[(101423, 3), (101588, 100), (101589, 203), (101635, 100), (101654, 100)]"
2019-06-28 12:20:10.000000000,IMBALANCE,"[500, 506]"
2019-06-28 12:20:20.000000000,BID_DEPTH,"[(99827, 100), (99427, 100), (99365, 100), (99342, 100), (99243, 100)]"
2019-06-28 12:20:20.000000000,ASK_DEPTH,"[(101423, 3), (101588, 100), (101589, 203), (101635, 100), (101654, 100)]"
2019-06-28 12:20:20.000000000,IMBALANCE,"[500, 506]"
2019-06-28 12:20:30.000000000,BID_DEPTH,"[(99827, 100), (99427, 100), (99365, 100), (99342, 100), (99243, 100)]"
2019-06-28 12:20:30.000000000,ASK_DEPTH,"[(101423, 3), (101588, 100), (101589, 203), (101635, 100), (101654, 100)]"
2019-06-28 12:20:30.000000000,IMBALANCE,"[500, 506]"
2019-06-28 12:20:40.000000000,BID_DEPTH,"[(99475, 100), (99427, 100), (99365, 100), (99342, 100), (99243, 100)]"
2019-06-28 12:20:40.000000000,ASK_DEPTH,"[(101422, 100), (101423, 3), (101588, 100), (101589, 203), (101635, 100)]"
2019-06-28 12:20:40.000000000,IMBALANCE,"[500, 506]"
2019-06-28 12:20:50.000000000,BID_DEPTH,"[(99427, 100), (99365, 100), (99342, 100), (99297, 100), (99243, 100)]"
2019-06-28 12:20:50.000000000,ASK_DEPTH,"[(101422, 100), (101423, 3), (101588, 100), (101589, 203), (101635, 100)]"
2019-06-28 12:20:50.000000000,IMBALANCE,"[500, 506]"
2019-06-28 12:21:00.000000000,BID_DEPTH,"[(99427, 100), (99365, 100), (99342, 100), (99297, 100), (99243, 100)]"
2019-06-28 12:21:00.000000000,ASK_DEPTH,"[(101422, 100), (101423, 3), (101588, 100), (101589, 203), (101635, 100)]"
2019-06-28 12:21:00.000000000,IMBALANCE,"[500, 506]"
2019-06-28 12:21:00.000000000,HOLDINGS_UPDATED,"{'CASH': -198071557, 'JPM': 2134}"
2019-06-28 12:21:00.000000000,HOLDINGS_UPDATED,"{'CASH': -197158759, 'JPM': 2125}"
2019-06-28 12:21:00.000000000,HOLDINGS_UPDATED,"{'CASH': -196347383, 'JPM': 2117}"
2019-06-28 12:21:00.000000000,HOLDINGS_UPDATED,"{'CASH': -196043117, 'JPM': 2114}"
2019-06-28 12:21:10.000000000,BID_DEPTH,"[(99427, 100), (99365, 100), (99342, 100), (99297, 100), (99243, 100)]"
2019-06-28 12:21:10.000000000,ASK_DEPTH,"[(101423, 3), (101588, 100), (101589, 203), (101635, 100), (101654, 100)]"
2019-06-28 12:21:10.000000000,IMBALANCE,"[500, 506]"
2019-06-28 12:21:12.452207225,HOLDINGS_UPDATED,"{'CASH': -205985817, 'JPM': 2214}"
2019-06-28 12:21:18.268732289,HOLDINGS_UPDATED,"{'CASH': -210161751, 'JPM': 2256}"
2019-06-28 12:21:20.000000000,BID_DEPTH,"[(99365, 100), (99342, 100), (99297, 100), (99243, 100), (99208, 100)]"
2019-06-28 12:21:20.000000000,ASK_DEPTH,"[(99427, 58), (101423, 3), (101588, 100), (101589, 203), (101635, 100)]"
2019-06-28 12:21:20.000000000,IMBALANCE,"[500, 464]"
2019-06-28 12:21:30.000000000,BID_DEPTH,"[(99365, 100), (99342, 100), (99297, 100), (99243, 100), (99208, 100)]"
2019-06-28 12:21:30.000000000,ASK_DEPTH,"[(99427, 58), (101423, 3), (101588, 100), (101589, 203), (101635, 100)]"
2019-06-28 12:21:30.000000000,IMBALANCE,"[500, 464]"
2019-06-28 12:21:40.000000000,BID_DEPTH,"[(99365, 100), (99342, 100), (99297, 100), (99243, 100), (99208, 100)]"
2019-06-28 12:21:40.000000000,ASK_DEPTH,"[(99427, 58), (101423, 3), (101588, 100), (101589, 203), (101635, 100)]"
2019-06-28 12:21:40.000000000,IMBALANCE,"[500, 464]"
2019-06-28 12:21:50.000000000,BID_DEPTH,"[(99365, 100), (99342, 100), (99297, 100), (99243, 100), (99208, 100)]"
2019-06-28 12:21:50.000000000,ASK_DEPTH,"[(99427, 58), (101423, 3), (101588, 100), (101589, 203), (101635, 100)]"
2019-06-28 12:21:50.000000000,IMBALANCE,"[500, 464]"
2019-06-28 12:22:00.000000000,BID_DEPTH,"[(99365, 100), (99342, 100), (99297, 100), (99243, 100), (99208, 100)]"
2019-06-28 12:22:00.000000000,ASK_DEPTH,"[(99427, 58), (101423, 3), (101588, 100), (101589, 203), (101635, 100)]"
2019-06-28 12:22:00.000000000,IMBALANCE,"[500, 464]"
2019-06-28 12:22:00.000000000,HOLDINGS_UPDATED,"{'CASH': -209366335, 'JPM': 2248}"
2019-06-28 12:22:00.000000000,HOLDINGS_UPDATED,"{'CASH': -208471492, 'JPM': 2239}"
2019-06-28 12:22:00.000000000,HOLDINGS_UPDATED,"{'CASH': -207676076, 'JPM': 2231}"
2019-06-28 12:22:00.000000000,HOLDINGS_UPDATED,"{'CASH': -207278368, 'JPM': 2227}"
2019-06-28 12:22:00.000000000,HOLDINGS_UPDATED,"{'CASH': -206781233, 'JPM': 2222}"
2019-06-28 12:22:00.000000000,HOLDINGS_UPDATED,"{'CASH': -206085244, 'JPM': 2215}"
2019-06-28 12:22:00.000000000,HOLDINGS_UPDATED,"{'CASH': -205289828, 'JPM': 2207}"
2019-06-28 12:22:00.000000000,HOLDINGS_UPDATED,"{'CASH': -204394985, 'JPM': 2198}"
2019-06-28 12:22:00.000000000,HOLDINGS_UPDATED,"{'CASH': -203599569, 'JPM': 2190}"
2019-06-28 12:22:00.000000000,HOLDINGS_UPDATED,"{'CASH': -203301288, 'JPM': 2187}"
2019-06-28 12:22:10.000000000,BID_DEPTH,"[(99365, 100), (99342, 100), (99297, 100), (99243, 100), (99208, 100)]"
2019-06-28 12:22:10.000000000,ASK_DEPTH,"[(101423, 3), (101588, 100), (101589, 203), (101635, 100), (101654, 100)]"
2019-06-28 12:22:10.000000000,IMBALANCE,"[500, 506]"
2019-06-28 12:22:20.000000000,BID_DEPTH,"[(99365, 100), (99342, 100), (99297, 100), (99243, 100), (99208, 100)]"
2019-06-28 12:22:20.000000000,ASK_DEPTH,"[(101423, 3), (101588, 100), (101589, 203), (101635, 100), (101654, 100)]"
2019-06-28 12:22:20.000000000,IMBALANCE,"[500, 506]"
2019-06-28 12:22:30.000000000,BID_DEPTH,"[(99556, 100), (99365, 100), (99297, 100), (99243, 100), (99208, 100)]"
2019-06-28 12:22:30.000000000,ASK_DEPTH,"[(101423, 3), (101588, 100), (101589, 203), (101635, 100), (101654, 100)]"
2019-06-28 12:22:30.000000000,IMBALANCE,"[500, 506]"
2019-06-28 12:22:40.000000000,BID_DEPTH,"[(99897, 100), (99556, 100), (99365, 100), (99243, 100), (99208, 100)]"
2019-06-28 12:22:40.000000000,ASK_DEPTH,"[(101423, 3), (101588, 100), (101589, 203), (101635, 100), (101654, 100)]"
2019-06-28 12:22:40.000000000,IMBALANCE,"[500, 506]"
2019-06-28 12:22:50.000000000,BID_DEPTH,"[(99897, 100), (99590, 100), (99556, 100), (99365, 100), (99243, 100)]"
2019-06-28 12:22:50.000000000,ASK_DEPTH,"[(101423, 3), (101588, 100), (101589, 203), (101635, 100), (101654, 100)]"
2019-06-28 12:22:50.000000000,IMBALANCE,"[500, 506]"
2019-06-28 12:23:00.000000000,BID_DEPTH,"[(99897, 100), (99590, 100), (99556, 100), (99365, 100), (99243, 100)]"
2019-06-28 12:23:00.000000000,ASK_DEPTH,"[(101423, 3), (101588, 100), (101589, 203), (101635, 100), (101654, 100)]"
2019-06-28 12:23:00.000000000,IMBALANCE,"[500, 506]"
2019-06-28 12:23:00.000000000,HOLDINGS_UPDATED,"{'CASH': -202692750, 'JPM': 2181}"
2019-06-28 12:23:00.000000000,HOLDINGS_UPDATED,"{'CASH': -202185635, 'JPM': 2176}"
2019-06-28 12:23:00.000000000,HOLDINGS_UPDATED,"{'CASH': -201881366, 'JPM': 2173}"
2019-06-28 12:23:00.000000000,HOLDINGS_UPDATED,"{'CASH': -201069982, 'JPM': 2165}"
2019-06-28 12:23:00.000000000,HOLDINGS_UPDATED,"{'CASH': -200765713, 'JPM': 2162}"
2019-06-28 12:23:00.000000000,HOLDINGS_UPDATED,"{'CASH': -200157175, 'JPM': 2156}"
2019-06-28 12:23:00.000000000,HOLDINGS_UPDATED,"{'CASH': -199345791, 'JPM': 2148}"
2019-06-28 12:23:00.000000000,HOLDINGS_UPDATED,"{'CASH': -199244368, 'JPM': 2147}"
2019-06-28 12:23:00.000000000,HOLDINGS_UPDATED,"{'CASH': -199142945, 'JPM': 2146}"
2019-06-28 12:23:00.000000000,HOLDINGS_UPDATED,"{'CASH': -198635830, 'JPM': 2141}"
2019-06-28 12:23:00.000000000,HOLDINGS_UPDATED,"{'CASH': -198534407, 'JPM': 2140}"
2019-06-28 12:23:00.000000000,HOLDINGS_UPDATED,"{'CASH': -198331561, 'JPM': 2138}"
2019-06-28 12:23:00.000000000,HOLDINGS_UPDATED,"{'CASH': -197824446, 'JPM': 2133}"
2019-06-28 12:23:00.000000000,HOLDINGS_UPDATED,"{'CASH': -196911639, 'JPM': 2124}"
2019-06-28 12:23:00.000000000,HOLDINGS_UPDATED,"{'CASH': -195998832, 'JPM': 2115}"
2019-06-28 12:23:00.000000000,HOLDINGS_UPDATED,"{'CASH': -195187448, 'JPM': 2107}"
2019-06-28 12:23:00.000000000,HOLDINGS_UPDATED,"{'CASH': -194781756, 'JPM': 2103}"
2019-06-28 12:23:10.000000000,BID_DEPTH,"[(99796, 100), (99590, 100), (99556, 100), (99365, 100), (99243, 100)]"
2019-06-28 12:23:10.000000000,ASK_DEPTH,"[(101588, 60), (101589, 203), (101635, 100), (101654, 100), (101655, 100)]"
2019-06-28 12:23:10.000000000,IMBALANCE,"[500, 563]"
2019-06-28 12:23:20.000000000,BID_DEPTH,"[(99796, 100), (99590, 100), (99556, 100), (99365, 100), (99243, 100)]"
2019-06-28 12:23:20.000000000,ASK_DEPTH,"[(101588, 60), (101589, 203), (101635, 100), (101654, 100), (101655, 100)]"
2019-06-28 12:23:20.000000000,IMBALANCE,"[500, 563]"
2019-06-28 12:23:30.000000000,BID_DEPTH,"[(99796, 100), (99590, 100), (99556, 100), (99365, 100), (99243, 100)]"
2019-06-28 12:23:30.000000000,ASK_DEPTH,"[(99831, 100), (101588, 60), (101589, 203), (101635, 100), (101654, 100)]"
2019-06-28 12:23:30.000000000,IMBALANCE,"[500, 563]"
2019-06-28 12:23:40.000000000,BID_DEPTH,"[(99796, 100), (99590, 100), (99556, 100), (99365, 100), (99243, 100)]"
2019-06-28 12:23:40.000000000,ASK_DEPTH,"[(101588, 60), (101589, 203), (101635, 100), (101654, 100), (101655, 100)]"
2019-06-28 12:23:40.000000000,IMBALANCE,"[500, 563]"
2019-06-28 12:23:50.000000000,BID_DEPTH,"[(99796, 100), (99590, 100), (99556, 100), (99365, 100), (99243, 100)]"
2019-06-28 12:23:50.000000000,ASK_DEPTH,"[(101588, 60), (101589, 203), (101635, 100), (101654, 100), (101655, 100)]"
2019-06-28 12:23:50.000000000,IMBALANCE,"[500, 563]"
2019-06-28 12:24:00.000000000,BID_DEPTH,"[(99831, 100), (99796, 100), (99662, 100), (99590, 100), (99556, 100)]"
2019-06-28 12:24:00.000000000,ASK_DEPTH,"[(100177, 100), (100245, 100), (101588, 60), (101589, 203), (101635, 100)]"
2019-06-28 12:24:00.000000000,IMBALANCE,"[500, 563]"
2019-06-28 12:24:00.000000000,HOLDINGS_UPDATED,"{'CASH': -194080517, 'JPM': 2096}"
2019-06-28 12:24:00.000000000,HOLDINGS_UPDATED,"{'CASH': -193178924, 'JPM': 2087}"
2019-06-28 12:24:00.000000000,HOLDINGS_UPDATED,"{'CASH': -192377508, 'JPM': 2079}"
2019-06-28 12:24:00.000000000,HOLDINGS_UPDATED,"{'CASH': -192076977, 'JPM': 2076}"
2019-06-28 12:24:10.000000000,BID_DEPTH,"[(99831, 100), (99796, 100), (99662, 100), (99590, 100), (99556, 100)]"
2019-06-28 12:24:10.000000000,ASK_DEPTH,"[(100245, 100), (101588, 60), (101589, 203), (101635, 100), (101654, 100)]"
2019-06-28 12:24:10.000000000,IMBALANCE,"[500, 563]"
2019-06-28 12:24:20.000000000,BID_DEPTH,"[(100163, 100), (99831, 100), (99796, 100), (99662, 100), (99590, 100)]"
2019-06-28 12:24:20.000000000,ASK_DEPTH,"[(100245, 100), (101588, 60), (101589, 203), (101635, 100), (101654, 100)]"
2019-06-28 12:24:20.000000000,IMBALANCE,"[500, 563]"
2019-06-28 12:24:30.000000000,BID_DEPTH,"[(100163, 100), (99831, 100), (99796, 100), (99662, 100), (99590, 100)]"
2019-06-28 12:24:30.000000000,ASK_DEPTH,"[(100245, 100), (101588, 60), (101589, 203), (101635, 100), (101654, 100)]"
2019-06-28 12:24:30.000000000,IMBALANCE,"[500, 563]"
2019-06-28 12:24:40.000000000,BID_DEPTH,"[(100163, 100), (99831, 100), (99796, 100), (99662, 100), (99590, 100)]"
2019-06-28 12:24:40.000000000,ASK_DEPTH,"[(100245, 100), (101588, 60), (101589, 203), (101635, 100), (101654, 100)]"
2019-06-28 12:24:40.000000000,IMBALANCE,"[500, 563]"
2019-06-28 12:24:50.000000000,BID_DEPTH,"[(100163, 100), (99831, 100), (99796, 100), (99662, 100), (99590, 100)]"
2019-06-28 12:24:50.000000000,ASK_DEPTH,"[(100245, 100), (100256, 100), (101588, 60), (101589, 203), (101635, 100)]"
2019-06-28 12:24:50.000000000,IMBALANCE,"[500, 563]"
2019-06-28 12:25:00.000000000,BID_DEPTH,"[(100163, 100), (99831, 100), (99796, 100), (99662, 100), (99590, 100)]"
2019-06-28 12:25:00.000000000,ASK_DEPTH,"[(100245, 100), (100256, 100), (101588, 60), (101589, 203), (101635, 100)]"
2019-06-28 12:25:00.000000000,IMBALANCE,"[500, 563]"
2019-06-28 12:25:00.000000000,HOLDINGS_UPDATED,"{'CASH': -191375262, 'JPM': 2069}"
2019-06-28 12:25:00.000000000,HOLDINGS_UPDATED,"{'CASH': -190473057, 'JPM': 2060}"
2019-06-28 12:25:00.000000000,HOLDINGS_UPDATED,"{'CASH': -189671097, 'JPM': 2052}"
2019-06-28 12:25:00.000000000,HOLDINGS_UPDATED,"{'CASH': -189370362, 'JPM': 2049}"
2019-06-28 12:25:10.000000000,BID_DEPTH,"[(100163, 100), (99831, 100), (99796, 100), (99662, 100), (99590, 100)]"
2019-06-28 12:25:10.000000000,ASK_DEPTH,"[(100213, 100), (100256, 100), (101588, 60), (101589, 203), (101635, 100)]"
2019-06-28 12:25:10.000000000,IMBALANCE,"[500, 563]"
2019-06-28 12:25:20.000000000,BID_DEPTH,"[(100163, 100), (100149, 100), (99831, 100), (99796, 100), (99662, 100)]"
2019-06-28 12:25:20.000000000,ASK_DEPTH,"[(100213, 100), (100256, 100), (101588, 60), (101589, 203), (101635, 100)]"
2019-06-28 12:25:20.000000000,IMBALANCE,"[500, 563]"
2019-06-28 12:25:30.000000000,BID_DEPTH,"[(100163, 100), (100149, 100), (99831, 100), (99796, 100), (99662, 100)]"
2019-06-28 12:25:30.000000000,ASK_DEPTH,"[(100213, 100), (100256, 100), (101588, 60), (101589, 203), (101635, 100)]"
2019-06-28 12:25:30.000000000,IMBALANCE,"[500, 563]"
2019-06-28 12:25:40.000000000,BID_DEPTH,"[(100163, 100), (100149, 100), (99831, 100), (99796, 100), (99662, 100)]"
2019-06-28 12:25:40.000000000,ASK_DEPTH,"[(100213, 100), (100256, 100), (101588, 60), (101589, 203), (101635, 100)]"
2019-06-28 12:25:40.000000000,IMBALANCE,"[500, 563]"
2019-06-28 12:25:50.000000000,BID_DEPTH,"[(100149, 100), (99866, 100), (99831, 100), (99796, 100), (99590, 100)]"
2019-06-28 12:25:50.000000000,ASK_DEPTH,"[(100213, 100), (100256, 100), (101588, 60), (101589, 203), (101635, 100)]"
2019-06-28 12:25:50.000000000,IMBALANCE,"[500, 563]"
2019-06-28 12:26:00.000000000,BID_DEPTH,"[(100149, 100), (99866, 100), (99831, 100), (99796, 100), (99590, 100)]"
2019-06-28 12:26:00.000000000,ASK_DEPTH,"[(100213, 100), (100256, 100), (101588, 60), (101589, 203), (101635, 100)]"
2019-06-28 12:26:00.000000000,IMBALANCE,"[500, 563]"
2019-06-28 12:26:00.000000000,HOLDINGS_UPDATED,"{'CASH': -188668871, 'JPM': 2042}"
2019-06-28 12:26:00.000000000,HOLDINGS_UPDATED,"{'CASH': -187766954, 'JPM': 2033}"
2019-06-28 12:26:00.000000000,HOLDINGS_UPDATED,"{'CASH': -186965250, 'JPM': 2025}"
2019-06-28 12:26:00.000000000,HOLDINGS_UPDATED,"{'CASH': -186664611, 'JPM': 2022}"
2019-06-28 12:26:10.000000000,BID_DEPTH,"[(100149, 100), (99866, 100), (99831, 100), (99796, 100), (99590, 100)]"
2019-06-28 12:26:10.000000000,ASK_DEPTH,"[(100256, 100), (101588, 60), (101589, 203), (101635, 100), (101654, 100)]"
2019-06-28 12:26:10.000000000,IMBALANCE,"[500, 563]"
2019-06-28 12:26:20.000000000,BID_DEPTH,"[(100149, 100), (99866, 100), (99831, 100), (99796, 100), (99590, 100)]"
2019-06-28 12:26:20.000000000,ASK_DEPTH,"[(100213, 100), (100253, 100), (100256, 100), (101588, 60), (101589, 203)]"
2019-06-28 12:26:20.000000000,IMBALANCE,"[500, 563]"
2019-06-28 12:26:30.000000000,BID_DEPTH,"[(100149, 100), (99939, 100), (99866, 100), (99831, 100), (99796, 100)]"
2019-06-28 12:26:30.000000000,ASK_DEPTH,"[(100213, 100), (100253, 100), (100256, 100), (100294, 100), (101588, 60)]"
2019-06-28 12:26:30.000000000,IMBALANCE,"[500, 460]"
2019-06-28 12:26:40.000000000,BID_DEPTH,"[(100149, 100), (99939, 100), (99866, 100), (99831, 100), (99796, 100)]"
2019-06-28 12:26:40.000000000,ASK_DEPTH,"[(100213, 100), (100253, 100), (100256, 100), (100294, 100), (101588, 60)]"
2019-06-28 12:26:40.000000000,IMBALANCE,"[500, 460]"
2019-06-28 12:26:47.852465247,HOLDINGS_UPDATED,"{'CASH': -196679511, 'JPM': 2122}"
2019-06-28 12:26:47.952207108,HOLDINGS_UPDATED,"{'CASH': -200885769, 'JPM': 2164}"
2019-06-28 12:26:50.000000000,BID_DEPTH,"[(99939, 100), (99866, 100), (99831, 100), (99796, 100), (99590, 100)]"
2019-06-28 12:26:50.000000000,ASK_DEPTH,"[(100149, 58), (100213, 100), (100253, 100), (100256, 100), (100294, 100)]"
2019-06-28 12:26:50.000000000,IMBALANCE,"[500, 458]"
2019-06-28 12:27:00.000000000,BID_DEPTH,"[(99866, 100), (99831, 100), (99796, 100), (99590, 100), (99243, 100)]"
2019-06-28 12:27:00.000000000,ASK_DEPTH,"[(100149, 58), (100213, 100), (100253, 100), (100256, 100), (100294, 100)]"
2019-06-28 12:27:00.000000000,IMBALANCE,"[500, 458]"
2019-06-28 12:27:00.000000000,HOLDINGS_UPDATED,"{'CASH': -200084577, 'JPM': 2156}"
2019-06-28 12:27:00.000000000,HOLDINGS_UPDATED,"{'CASH': -199183236, 'JPM': 2147}"
2019-06-28 12:27:00.000000000,HOLDINGS_UPDATED,"{'CASH': -198382044, 'JPM': 2139}"
2019-06-28 12:27:00.000000000,HOLDINGS_UPDATED,"{'CASH': -197981448, 'JPM': 2135}"
2019-06-28 12:27:00.000000000,HOLDINGS_UPDATED,"{'CASH': -197480703, 'JPM': 2130}"
2019-06-28 12:27:00.000000000,HOLDINGS_UPDATED,"{'CASH': -196779660, 'JPM': 2123}"
2019-06-28 12:27:00.000000000,HOLDINGS_UPDATED,"{'CASH': -195978468, 'JPM': 2115}"
2019-06-28 12:27:00.000000000,HOLDINGS_UPDATED,"{'CASH': -195077127, 'JPM': 2106}"
2019-06-28 12:27:00.000000000,HOLDINGS_UPDATED,"{'CASH': -194275935, 'JPM': 2098}"
2019-06-28 12:27:00.000000000,HOLDINGS_UPDATED,"{'CASH': -193975488, 'JPM': 2095}"
2019-06-28 12:27:10.000000000,BID_DEPTH,"[(99866, 100), (99831, 100), (99796, 100), (99590, 100), (99243, 100)]"
2019-06-28 12:27:10.000000000,ASK_DEPTH,"[(100213, 100), (100253, 100), (100256, 100), (100294, 100), (101588, 60)]"
2019-06-28 12:27:10.000000000,IMBALANCE,"[500, 460]"
2019-06-28 12:27:20.000000000,BID_DEPTH,"[(99866, 100), (99831, 100), (99796, 100), (99590, 100), (99243, 100)]"
2019-06-28 12:27:20.000000000,ASK_DEPTH,"[(100213, 100), (100253, 100), (100256, 100), (100294, 100), (101588, 60)]"
2019-06-28 12:27:20.000000000,IMBALANCE,"[500, 460]"
2019-06-28 12:27:30.000000000,BID_DEPTH,"[(99866, 100), (99796, 100), (99590, 100), (99366, 100), (99243, 100)]"
2019-06-28 12:27:30.000000000,ASK_DEPTH,"[(100149, 100), (100213, 100), (100253, 100), (100256, 100), (100294, 100)]"
2019-06-28 12:27:30.000000000,IMBALANCE,"[500, 500]"
2019-06-28 12:27:40.000000000,BID_DEPTH,"[(99866, 100), (99796, 100), (99590, 100), (99366, 100), (99243, 100)]"
2019-06-28 12:27:40.000000000,ASK_DEPTH,"[(100149, 100), (100213, 100), (100253, 100), (100256, 100), (100294, 100)]"
2019-06-28 12:27:40.000000000,IMBALANCE,"[500, 500]"
2019-06-28 12:27:50.000000000,BID_DEPTH,"[(99796, 100), (99590, 100), (99366, 100), (99243, 100), (99208, 100)]"
2019-06-28 12:27:50.000000000,ASK_DEPTH,"[(100148, 100), (100149, 100), (100253, 100), (100256, 100), (100294, 100)]"
2019-06-28 12:27:50.000000000,IMBALANCE,"[500, 500]"
2019-06-28 12:28:00.000000000,BID_DEPTH,"[(99796, 100), (99590, 100), (99366, 100), (99243, 100), (99208, 100)]"
2019-06-28 12:28:00.000000000,ASK_DEPTH,"[(100148, 100), (100149, 100), (100253, 100), (100256, 100), (100294, 100)]"
2019-06-28 12:28:00.000000000,IMBALANCE,"[500, 500]"
2019-06-28 12:28:00.000000000,HOLDINGS_UPDATED,"{'CASH': -193274452, 'JPM': 2088}"
2019-06-28 12:28:00.000000000,HOLDINGS_UPDATED,"{'CASH': -192373120, 'JPM': 2079}"
2019-06-28 12:28:00.000000000,HOLDINGS_UPDATED,"{'CASH': -191571936, 'JPM': 2071}"
2019-06-28 12:28:00.000000000,HOLDINGS_UPDATED,"{'CASH': -191271492, 'JPM': 2068}"
2019-06-28 12:28:10.000000000,BID_DEPTH,"[(99796, 100), (99590, 100), (99366, 100), (99243, 100), (99208, 100)]"
2019-06-28 12:28:10.000000000,ASK_DEPTH,"[(100149, 100), (100253, 100), (100256, 100), (100294, 100), (101588, 60)]"
2019-06-28 12:28:10.000000000,IMBALANCE,"[500, 460]"
2019-06-28 12:28:20.000000000,BID_DEPTH,"[(99796, 100), (99590, 100), (99366, 100), (99243, 100), (99208, 100)]"
2019-06-28 12:28:20.000000000,ASK_DEPTH,"[(100149, 100), (100253, 100), (100256, 100), (100294, 100), (101588, 60)]"
2019-06-28 12:28:20.000000000,IMBALANCE,"[500, 460]"
2019-06-28 12:28:30.000000000,BID_DEPTH,"[(99796, 100), (99590, 100), (99366, 100), (99243, 100), (99208, 100)]"
2019-06-28 12:28:30.000000000,ASK_DEPTH,"[(100149, 100), (100253, 100), (100256, 100), (100294, 100), (101588, 60)]"
2019-06-28 12:28:30.000000000,IMBALANCE,"[500, 460]"
2019-06-28 12:28:40.000000000,BID_DEPTH,"[(99796, 100), (99729, 100), (99590, 100), (99366, 100), (99243, 100)]"
2019-06-28 12:28:40.000000000,ASK_DEPTH,"[(100149, 100), (100253, 100), (100256, 100), (100294, 100), (101588, 60)]"
2019-06-28 12:28:40.000000000,IMBALANCE,"[500, 460]"
2019-06-28 12:28:50.000000000,BID_DEPTH,"[(99729, 100), (99590, 100), (99366, 100), (99243, 100), (99208, 100)]"
2019-06-28 12:28:50.000000000,ASK_DEPTH,"[(100149, 100), (100253, 100), (100256, 100), (100294, 100), (101588, 60)]"
2019-06-28 12:28:50.000000000,IMBALANCE,"[500, 460]"
2019-06-28 12:29:00.000000000,BID_DEPTH,"[(99729, 100), (99626, 100), (99590, 100), (99514, 100), (99366, 100)]"
2019-06-28 12:29:00.000000000,ASK_DEPTH,"[(100149, 100), (100253, 100), (100256, 100), (100294, 100), (101588, 60)]"
2019-06-28 12:29:00.000000000,IMBALANCE,"[500, 460]"
2019-06-28 12:29:00.000000000,HOLDINGS_UPDATED,"{'CASH': -190570449, 'JPM': 2061}"
2019-06-28 12:29:00.000000000,HOLDINGS_UPDATED,"{'CASH': -189669108, 'JPM': 2052}"
2019-06-28 12:29:00.000000000,HOLDINGS_UPDATED,"{'CASH': -188867916, 'JPM': 2044}"
2019-06-28 12:29:00.000000000,HOLDINGS_UPDATED,"{'CASH': -188567469, 'JPM': 2041}"
2019-06-28 12:29:10.000000000,BID_DEPTH,"[(99729, 100), (99626, 100), (99590, 100), (99529, 100), (99514, 100)]"
2019-06-28 12:29:10.000000000,ASK_DEPTH,"[(100253, 100), (100256, 100), (100294, 100), (101588, 60), (101589, 203)]"
2019-06-28 12:29:10.000000000,IMBALANCE,"[500, 563]"
2019-06-28 12:29:20.000000000,BID_DEPTH,"[(99626, 100), (99590, 100), (99529, 100), (99514, 100), (99366, 100)]"
2019-06-28 12:29:20.000000000,ASK_DEPTH,"[(100253, 100), (100256, 100), (100294, 100), (101588, 60), (101589, 203)]"
2019-06-28 12:29:20.000000000,IMBALANCE,"[500, 563]"
2019-06-28 12:29:30.000000000,BID_DEPTH,"[(99590, 100), (99529, 100), (99514, 100), (99366, 100), (99243, 100)]"
2019-06-28 12:29:30.000000000,ASK_DEPTH,"[(100253, 100), (100256, 100), (100294, 100), (101588, 60), (101589, 203)]"
2019-06-28 12:29:30.000000000,IMBALANCE,"[500, 563]"
2019-06-28 12:29:40.000000000,BID_DEPTH,"[(99590, 100), (99529, 100), (99514, 100), (99366, 100), (99243, 100)]"
2019-06-28 12:29:40.000000000,ASK_DEPTH,"[(100253, 100), (100256, 100), (100294, 100), (101588, 60), (101589, 203)]"
2019-06-28 12:29:40.000000000,IMBALANCE,"[500, 563]"
2019-06-28 12:29:50.000000000,BID_DEPTH,"[(99590, 100), (99529, 100), (99514, 100), (99366, 100), (99243, 100)]"
2019-06-28 12:29:50.000000000,ASK_DEPTH,"[(100253, 100), (100256, 100), (100294, 100), (101588, 60), (101589, 203)]"
2019-06-28 12:29:50.000000000,IMBALANCE,"[500, 563]"
2019-06-28 12:30:00.000000000,BID_DEPTH,"[(100027, 100), (99590, 100), (99529, 100), (99514, 100), (99366, 100)]"
2019-06-28 12:30:00.000000000,ASK_DEPTH,"[(100253, 100), (100256, 100), (100294, 100), (101588, 60), (101589, 203)]"
2019-06-28 12:30:00.000000000,IMBALANCE,"[500, 563]"
2019-06-28 12:30:00.000000000,HOLDINGS_UPDATED,"{'CASH': -187865698, 'JPM': 2034}"
2019-06-28 12:30:00.000000000,HOLDINGS_UPDATED,"{'CASH': -186963421, 'JPM': 2025}"
2019-06-28 12:30:00.000000000,HOLDINGS_UPDATED,"{'CASH': -186161397, 'JPM': 2017}"
2019-06-28 12:30:00.000000000,HOLDINGS_UPDATED,"{'CASH': -185860638, 'JPM': 2014}"
2019-06-28 12:30:10.000000000,BID_DEPTH,"[(99590, 100), (99529, 100), (99514, 100), (99366, 100), (99208, 100)]"
2019-06-28 12:30:10.000000000,ASK_DEPTH,"[(100256, 100), (100294, 100), (101588, 60), (101589, 203), (101635, 100)]"
2019-06-28 12:30:10.000000000,IMBALANCE,"[500, 563]"
2019-06-28 12:30:20.000000000,BID_DEPTH,"[(99590, 100), (99529, 100), (99514, 100), (99366, 100), (99208, 100)]"
2019-06-28 12:30:20.000000000,ASK_DEPTH,"[(99946, 100), (100256, 100), (100294, 100), (101589, 203), (101635, 100)]"
2019-06-28 12:30:20.000000000,IMBALANCE,"[500, 603]"
2019-06-28 12:30:30.000000000,BID_DEPTH,"[(99590, 100), (99529, 100), (99514, 100), (99366, 100), (99208, 100)]"
2019-06-28 12:30:30.000000000,ASK_DEPTH,"[(99946, 100), (100253, 100), (100256, 100), (100294, 100), (101589, 203)]"
2019-06-28 12:30:30.000000000,IMBALANCE,"[500, 603]"
2019-06-28 12:30:40.000000000,BID_DEPTH,"[(99906, 100), (99590, 100), (99529, 100), (99514, 100), (99366, 100)]"
2019-06-28 12:30:40.000000000,ASK_DEPTH,"[(99946, 100), (100253, 100), (100256, 100), (100294, 100), (101589, 203)]"
2019-06-28 12:30:40.000000000,IMBALANCE,"[500, 603]"
2019-06-28 12:30:50.000000000,BID_DEPTH,"[(99906, 100), (99590, 100), (99529, 100), (99514, 100), (99366, 100)]"
2019-06-28 12:30:50.000000000,ASK_DEPTH,"[(99946, 100), (100253, 100), (100256, 100), (100294, 100), (101589, 203)]"
2019-06-28 12:30:50.000000000,IMBALANCE,"[500, 603]"
2019-06-28 12:31:00.000000000,BID_DEPTH,"[(99906, 100), (99590, 100), (99529, 100), (99514, 100), (99366, 100)]"
2019-06-28 12:31:00.000000000,ASK_DEPTH,"[(100253, 100), (100256, 100), (100294, 100), (100378, 100), (101589, 203)]"
2019-06-28 12:31:00.000000000,IMBALANCE,"[500, 603]"
2019-06-28 12:31:00.000000000,HOLDINGS_UPDATED,"{'CASH': -185158867, 'JPM': 2007}"
2019-06-28 12:31:00.000000000,HOLDINGS_UPDATED,"{'CASH': -184256590, 'JPM': 1998}"
2019-06-28 12:31:00.000000000,HOLDINGS_UPDATED,"{'CASH': -183454566, 'JPM': 1990}"
2019-06-28 12:31:00.000000000,HOLDINGS_UPDATED,"{'CASH': -183153807, 'JPM': 1987}"
2019-06-28 12:31:10.000000000,BID_DEPTH,"[(99906, 100), (99590, 100), (99529, 100), (99514, 100), (99366, 100)]"
2019-06-28 12:31:10.000000000,ASK_DEPTH,"[(100256, 100), (100294, 100), (100378, 100), (101589, 203), (101655, 100)]"
2019-06-28 12:31:10.000000000,IMBALANCE,"[500, 603]"
2019-06-28 12:31:20.000000000,BID_DEPTH,"[(99906, 100), (99590, 100), (99529, 100), (99514, 100), (99366, 100)]"
2019-06-28 12:31:20.000000000,ASK_DEPTH,"[(100256, 100), (100294, 100), (100378, 100), (101589, 203), (101655, 100)]"
2019-06-28 12:31:20.000000000,IMBALANCE,"[500, 603]"
2019-06-28 12:31:30.000000000,BID_DEPTH,"[(99906, 100), (99720, 100), (99590, 100), (99529, 100), (99514, 100)]"
2019-06-28 12:31:30.000000000,ASK_DEPTH,"[(100256, 100), (100294, 100), (100378, 100), (101589, 203), (101655, 100)]"
2019-06-28 12:31:30.000000000,IMBALANCE,"[500, 603]"
2019-06-28 12:31:40.000000000,BID_DEPTH,"[(99752, 100), (99590, 100), (99529, 100), (99514, 100), (99366, 100)]"
2019-06-28 12:31:40.000000000,ASK_DEPTH,"[(100256, 100), (100294, 100), (100378, 100), (101589, 103), (101655, 100)]"
2019-06-28 12:31:40.000000000,IMBALANCE,"[500, 503]"
2019-06-28 12:31:50.000000000,BID_DEPTH,"[(99752, 100), (99590, 100), (99529, 100), (99514, 100), (99463, 100)]"
2019-06-28 12:31:50.000000000,ASK_DEPTH,"[(100256, 100), (100294, 100), (100378, 100), (101589, 103), (101655, 100)]"
2019-06-28 12:31:50.000000000,IMBALANCE,"[500, 503]"
2019-06-28 12:32:00.000000000,BID_DEPTH,"[(99590, 100), (99529, 100), (99514, 100), (99463, 100), (99366, 100)]"
2019-06-28 12:32:00.000000000,ASK_DEPTH,"[(100256, 100), (100294, 100), (100378, 100), (101589, 103), (101655, 100)]"
2019-06-28 12:32:00.000000000,IMBALANCE,"[500, 503]"
2019-06-28 12:32:00.000000000,HOLDINGS_UPDATED,"{'CASH': -182452015, 'JPM': 1980}"
2019-06-28 12:32:00.000000000,HOLDINGS_UPDATED,"{'CASH': -181549711, 'JPM': 1971}"
2019-06-28 12:32:00.000000000,HOLDINGS_UPDATED,"{'CASH': -180747663, 'JPM': 1963}"
2019-06-28 12:32:00.000000000,HOLDINGS_UPDATED,"{'CASH': -180446895, 'JPM': 1960}"
2019-06-28 12:32:10.000000000,BID_DEPTH,"[(99590, 100), (99529, 100), (99514, 100), (99463, 100), (99366, 100)]"
2019-06-28 12:32:10.000000000,ASK_DEPTH,"[(100294, 100), (100378, 100), (101589, 103), (101655, 100), (101674, 100)]"
2019-06-28 12:32:10.000000000,IMBALANCE,"[500, 503]"
2019-06-28 12:32:12.115718420,HOLDINGS_UPDATED,"{'CASH': -188812455, 'JPM': 2044}"
2019-06-28 12:32:20.000000000,BID_DEPTH,"[(99529, 100), (99514, 100), (99463, 100), (99366, 100), (99208, 100)]"
2019-06-28 12:32:20.000000000,ASK_DEPTH,"[(99590, 16), (99648, 100), (100294, 100), (100378, 100), (101589, 103)]"
2019-06-28 12:32:20.000000000,IMBALANCE,"[500, 419]"
2019-06-28 12:32:30.000000000,BID_DEPTH,"[(99529, 100), (99514, 100), (99463, 100), (99208, 100)]"
2019-06-28 12:32:30.000000000,ASK_DEPTH,"[(99590, 16), (99648, 100), (99702, 100), (100294, 100), (100378, 100)]"
2019-06-28 12:32:30.000000000,IMBALANCE,"[400, 416]"
2019-06-28 12:32:32.492511144,HOLDINGS_UPDATED,"{'CASH': -180446895, 'JPM': 1960}"
2019-06-28 12:32:40.000000000,BID_DEPTH,"[(99529, 100), (99514, 100), (99463, 100), (99208, 100)]"
2019-06-28 12:32:40.000000000,ASK_DEPTH,"[(99648, 100), (99702, 100), (100294, 100), (100378, 100), (101589, 103)]"
2019-06-28 12:32:40.000000000,IMBALANCE,"[400, 503]"
2019-06-28 12:32:50.000000000,BID_DEPTH,"[(99529, 100), (99514, 100), (99463, 100), (99208, 100)]"
2019-06-28 12:32:50.000000000,ASK_DEPTH,"[(99648, 100), (99702, 100), (100294, 100), (100378, 100), (101589, 103)]"
2019-06-28 12:32:50.000000000,IMBALANCE,"[400, 503]"
2019-06-28 12:33:00.000000000,BID_DEPTH,"[(99529, 100), (99514, 100), (99463, 100), (99208, 100)]"
2019-06-28 12:33:00.000000000,ASK_DEPTH,"[(99648, 100), (99702, 100), (100294, 100), (100378, 100), (101589, 103)]"
2019-06-28 12:33:00.000000000,IMBALANCE,"[400, 503]"
2019-06-28 12:33:00.000000000,HOLDINGS_UPDATED,"{'CASH': -179749359, 'JPM': 1953}"
2019-06-28 12:33:00.000000000,HOLDINGS_UPDATED,"{'CASH': -178852527, 'JPM': 1944}"
2019-06-28 12:33:00.000000000,HOLDINGS_UPDATED,"{'CASH': -178055343, 'JPM': 1936}"
2019-06-28 12:33:00.000000000,HOLDINGS_UPDATED,"{'CASH': -177756399, 'JPM': 1933}"
2019-06-28 12:33:10.000000000,BID_DEPTH,"[(99529, 100), (99514, 100), (99463, 100), (99208, 100)]"
2019-06-28 12:33:10.000000000,ASK_DEPTH,"[(99702, 100), (100294, 100), (100378, 100), (101589, 103), (101655, 100)]"
2019-06-28 12:33:10.000000000,IMBALANCE,"[400, 503]"
2019-06-28 12:33:20.000000000,BID_DEPTH,"[(99529, 100), (99514, 100), (99463, 100), (99208, 100)]"
2019-06-28 12:33:20.000000000,ASK_DEPTH,"[(99702, 100), (100294, 100), (100378, 100), (101589, 103), (101655, 100)]"
2019-06-28 12:33:20.000000000,IMBALANCE,"[400, 503]"
2019-06-28 12:33:30.000000000,BID_DEPTH,"[(99529, 100), (99514, 100), (99463, 100), (99208, 100)]"
2019-06-28 12:33:30.000000000,ASK_DEPTH,"[(99702, 100), (100294, 100), (100378, 100), (101589, 103), (101655, 100)]"
2019-06-28 12:33:30.000000000,IMBALANCE,"[400, 503]"
2019-06-28 12:33:40.000000000,BID_DEPTH,"[(99529, 100), (99514, 100), (99463, 100), (99208, 100)]"
2019-06-28 12:33:40.000000000,ASK_DEPTH,"[(100294, 100), (100378, 100), (100923, 100), (101589, 103), (101655, 100)]"
2019-06-28 12:33:40.000000000,IMBALANCE,"[400, 503]"
2019-06-28 12:33:50.000000000,BID_DEPTH,"[(99529, 100), (99514, 100), (99463, 100), (99208, 100)]"
2019-06-28 12:33:50.000000000,ASK_DEPTH,"[(100294, 100), (100378, 100), (100923, 100), (101589, 103), (101655, 100)]"
2019-06-28 12:33:50.000000000,IMBALANCE,"[400, 503]"
2019-06-28 12:34:00.000000000,BID_DEPTH,"[(99529, 100), (99514, 100), (99463, 100), (99208, 100)]"
2019-06-28 12:34:00.000000000,ASK_DEPTH,"[(100294, 100), (100378, 100), (100923, 100), (101589, 103), (101655, 100)]"
2019-06-28 12:34:00.000000000,IMBALANCE,"[400, 503]"
2019-06-28 12:34:00.000000000,HOLDINGS_UPDATED,"{'CASH': -177054341, 'JPM': 1926}"
2019-06-28 12:34:00.000000000,HOLDINGS_UPDATED,"{'CASH': -176151695, 'JPM': 1917}"
2019-06-28 12:34:00.000000000,HOLDINGS_UPDATED,"{'CASH': -175349343, 'JPM': 1909}"
2019-06-28 12:34:00.000000000,HOLDINGS_UPDATED,"{'CASH': -175048461, 'JPM': 1906}"
2019-06-28 12:34:03.369182408,HOLDINGS_UPDATED,"{'CASH': -165019061, 'JPM': 1806}"
2019-06-28 12:34:10.000000000,BID_DEPTH,"[(99529, 100), (99514, 100), (99463, 100), (99208, 100)]"
2019-06-28 12:34:10.000000000,ASK_DEPTH,"[(100378, 100), (100923, 100), (101589, 103), (101655, 100), (101704, 100)]"
2019-06-28 12:34:10.000000000,IMBALANCE,"[400, 503]"
2019-06-28 12:34:20.000000000,BID_DEPTH,"[(99529, 100), (99514, 100), (99208, 100)]"
2019-06-28 12:34:20.000000000,ASK_DEPTH,"[(100378, 100), (100923, 100), (101249, 100), (101256, 100), (101589, 103)]"
2019-06-28 12:34:20.000000000,IMBALANCE,"[300, 503]"
2019-06-28 12:34:30.000000000,BID_DEPTH,"[(99529, 100), (99514, 100), (99208, 100)]"
2019-06-28 12:34:30.000000000,ASK_DEPTH,"[(100378, 100), (100923, 100), (101249, 100), (101256, 100), (101589, 103)]"
2019-06-28 12:34:30.000000000,IMBALANCE,"[300, 503]"
2019-06-28 12:34:40.000000000,BID_DEPTH,"[(99529, 100), (99514, 100), (99208, 100)]"
2019-06-28 12:34:40.000000000,ASK_DEPTH,"[(100378, 100), (100923, 100), (101174, 100), (101249, 100), (101589, 103)]"
2019-06-28 12:34:40.000000000,IMBALANCE,"[300, 503]"
2019-06-28 12:34:50.000000000,BID_DEPTH,"[(99529, 100), (99514, 100), (99208, 100)]"
2019-06-28 12:34:50.000000000,ASK_DEPTH,"[(100378, 100), (100923, 100), (101174, 100), (101249, 100), (101589, 103)]"
2019-06-28 12:34:50.000000000,IMBALANCE,"[300, 503]"
2019-06-28 12:35:00.000000000,BID_DEPTH,"[(99529, 100), (99514, 100), (99208, 100)]"
2019-06-28 12:35:00.000000000,ASK_DEPTH,"[(100923, 100), (101174, 100), (101249, 100), (101589, 103), (101655, 100)]"
2019-06-28 12:35:00.000000000,IMBALANCE,"[300, 503]"
2019-06-28 12:35:00.000000000,HOLDINGS_UPDATED,"{'CASH': -164312600, 'JPM': 1799}"
2019-06-28 12:35:00.000000000,HOLDINGS_UPDATED,"{'CASH': -163404293, 'JPM': 1790}"
2019-06-28 12:35:00.000000000,HOLDINGS_UPDATED,"{'CASH': -162596909, 'JPM': 1782}"
2019-06-28 12:35:00.000000000,HOLDINGS_UPDATED,"{'CASH': -162294140, 'JPM': 1779}"
2019-06-28 12:35:10.000000000,BID_DEPTH,"[(99529, 100), (99514, 100), (99208, 100)]"
2019-06-28 12:35:10.000000000,ASK_DEPTH,"[(101174, 100), (101249, 100), (101589, 103), (101655, 100), (101704, 100)]"
2019-06-28 12:35:10.000000000,IMBALANCE,"[300, 503]"
2019-06-28 12:35:20.000000000,BID_DEPTH,"[(101137, 100), (99529, 100), (99514, 100), (99208, 100)]"
2019-06-28 12:35:20.000000000,ASK_DEPTH,"[(101174, 100), (101249, 100), (101589, 103), (101655, 100), (101704, 100)]"
2019-06-28 12:35:20.000000000,IMBALANCE,"[400, 503]"
2019-06-28 12:35:30.000000000,BID_DEPTH,"[(101137, 100), (99529, 100), (99514, 100), (99208, 100)]"
2019-06-28 12:35:30.000000000,ASK_DEPTH,"[(101174, 100), (101249, 100), (101589, 103), (101655, 100), (101704, 100)]"
2019-06-28 12:35:30.000000000,IMBALANCE,"[400, 503]"
2019-06-28 12:35:40.000000000,BID_DEPTH,"[(101137, 100), (99529, 100), (99514, 100), (99208, 100)]"
2019-06-28 12:35:40.000000000,ASK_DEPTH,"[(101174, 100), (101249, 100), (101403, 100), (101589, 103), (101655, 100)]"
2019-06-28 12:35:40.000000000,IMBALANCE,"[400, 503]"
2019-06-28 12:35:50.000000000,BID_DEPTH,"[(101137, 100), (99529, 100), (99514, 100), (99208, 100)]"
2019-06-28 12:35:50.000000000,ASK_DEPTH,"[(101174, 100), (101249, 100), (101403, 100), (101589, 103), (101655, 100)]"
2019-06-28 12:35:50.000000000,IMBALANCE,"[400, 503]"
2019-06-28 12:36:00.000000000,BID_DEPTH,"[(101137, 100), (99529, 100), (99514, 100), (99208, 100)]"
2019-06-28 12:36:00.000000000,ASK_DEPTH,"[(101174, 100), (101249, 100), (101403, 100), (101550, 100), (101589, 103)]"
2019-06-28 12:36:00.000000000,IMBALANCE,"[400, 503]"
2019-06-28 12:36:00.000000000,HOLDINGS_UPDATED,"{'CASH': -161585922, 'JPM': 1772}"
2019-06-28 12:36:00.000000000,HOLDINGS_UPDATED,"{'CASH': -160675356, 'JPM': 1763}"
2019-06-28 12:36:06.400817810,HOLDINGS_UPDATED,"{'CASH': -150557956, 'JPM': 1663}"
2019-06-28 12:36:10.000000000,BID_DEPTH,"[(101137, 89), (99529, 100), (99514, 100), (99208, 100)]"
2019-06-28 12:36:10.000000000,ASK_DEPTH,"[(101249, 100), (101403, 100), (101550, 100), (101589, 3), (101655, 100)]"
2019-06-28 12:36:10.000000000,IMBALANCE,"[389, 403]"
2019-06-28 12:36:20.000000000,BID_DEPTH,"[(101137, 89), (99529, 100), (99514, 100), (99208, 100)]"
2019-06-28 12:36:20.000000000,ASK_DEPTH,"[(101249, 100), (101403, 100), (101550, 100), (101589, 3), (101655, 100)]"
2019-06-28 12:36:20.000000000,IMBALANCE,"[389, 403]"
2019-06-28 12:36:30.000000000,BID_DEPTH,"[(101137, 89), (99529, 100), (99514, 100), (99208, 100)]"
2019-06-28 12:36:30.000000000,ASK_DEPTH,"[(101249, 100), (101403, 100), (101550, 100), (101589, 3), (101655, 100)]"
2019-06-28 12:36:30.000000000,IMBALANCE,"[389, 403]"
2019-06-28 12:36:40.000000000,BID_DEPTH,"[(101137, 89), (99529, 100), (99514, 100), (99208, 100)]"
2019-06-28 12:36:40.000000000,ASK_DEPTH,"[(101249, 100), (101403, 100), (101550, 100), (101589, 3), (101655, 100)]"
2019-06-28 12:36:40.000000000,IMBALANCE,"[389, 403]"
2019-06-28 12:36:50.000000000,BID_DEPTH,"[(101137, 89), (99529, 100), (99514, 100), (99208, 100)]"
2019-06-28 12:36:50.000000000,ASK_DEPTH,"[(101249, 100), (101403, 100), (101550, 100), (101589, 3), (101655, 100)]"
2019-06-28 12:36:50.000000000,IMBALANCE,"[389, 403]"
2019-06-28 12:36:59.945607049,HOLDINGS_UPDATED,"{'CASH': -151670463, 'JPM': 1674}"
2019-06-28 12:37:00.000000000,BID_DEPTH,"[(99529, 100), (99514, 100), (99208, 100)]"
2019-06-28 12:37:00.000000000,ASK_DEPTH,"[(101249, 100), (101403, 100), (101550, 100), (101589, 3), (101655, 100)]"
2019-06-28 12:37:00.000000000,IMBALANCE,"[300, 403]"
2019-06-28 12:37:00.000000000,HOLDINGS_UPDATED,"{'CASH': -152367166, 'JPM': 1681}"
2019-06-28 12:37:00.000000000,HOLDINGS_UPDATED,"{'CASH': -153262927, 'JPM': 1690}"
2019-06-28 12:37:00.000000000,HOLDINGS_UPDATED,"{'CASH': -154059159, 'JPM': 1698}"
2019-06-28 12:37:00.000000000,HOLDINGS_UPDATED,"{'CASH': -154357746, 'JPM': 1701}"
2019-06-28 12:37:10.000000000,BID_DEPTH,"[(99514, 100), (99208, 100)]"
2019-06-28 12:37:10.000000000,ASK_DEPTH,"[(101249, 100), (101403, 100), (101550, 100), (101589, 3), (101655, 100)]"
2019-06-28 12:37:10.000000000,IMBALANCE,"[200, 403]"
2019-06-28 12:37:20.000000000,BID_DEPTH,"[(99514, 100), (99208, 100)]"
2019-06-28 12:37:20.000000000,ASK_DEPTH,"[(100582, 100), (101249, 100), (101403, 100), (101550, 100), (101589, 3)]"
2019-06-28 12:37:20.000000000,IMBALANCE,"[200, 403]"
2019-06-28 12:37:30.000000000,BID_DEPTH,"[(100287, 100), (99514, 100), (99208, 100)]"
2019-06-28 12:37:30.000000000,ASK_DEPTH,"[(100582, 100), (101249, 100), (101403, 100), (101550, 100), (101589, 3)]"
2019-06-28 12:37:30.000000000,IMBALANCE,"[300, 403]"
2019-06-28 12:37:40.000000000,BID_DEPTH,"[(100380, 100), (100287, 100), (99514, 100), (99208, 100)]"
2019-06-28 12:37:40.000000000,ASK_DEPTH,"[(100582, 100), (101249, 100), (101403, 100), (101550, 100), (101589, 3)]"
2019-06-28 12:37:40.000000000,IMBALANCE,"[400, 403]"
2019-06-28 12:37:50.000000000,BID_DEPTH,"[(100380, 100), (100287, 100), (99514, 100), (99208, 100)]"
2019-06-28 12:37:50.000000000,ASK_DEPTH,"[(100582, 100), (101249, 100), (101403, 100), (101550, 100), (101589, 3)]"
2019-06-28 12:37:50.000000000,IMBALANCE,"[400, 403]"
2019-06-28 12:38:00.000000000,BID_DEPTH,"[(100380, 100), (100287, 100), (99514, 100), (99208, 100)]"
2019-06-28 12:38:00.000000000,ASK_DEPTH,"[(100582, 100), (101249, 100), (101403, 100), (101550, 100), (101589, 3)]"
2019-06-28 12:38:00.000000000,IMBALANCE,"[400, 403]"
2019-06-28 12:38:00.000000000,HOLDINGS_UPDATED,"{'CASH': -155060406, 'JPM': 1708}"
2019-06-28 12:38:00.000000000,HOLDINGS_UPDATED,"{'CASH': -155963826, 'JPM': 1717}"
2019-06-28 12:38:00.000000000,HOLDINGS_UPDATED,"{'CASH': -156766866, 'JPM': 1725}"
2019-06-28 12:38:00.000000000,HOLDINGS_UPDATED,"{'CASH': -157068006, 'JPM': 1728}"
2019-06-28 12:38:10.000000000,BID_DEPTH,"[(100287, 100), (99514, 100), (99208, 100)]"
2019-06-28 12:38:10.000000000,ASK_DEPTH,"[(100582, 100), (101249, 100), (101403, 100), (101550, 100), (101589, 3)]"
2019-06-28 12:38:10.000000000,IMBALANCE,"[300, 403]"
2019-06-28 12:38:20.000000000,BID_DEPTH,"[(100287, 100), (99514, 100), (99208, 100)]"
2019-06-28 12:38:20.000000000,ASK_DEPTH,"[(100582, 100), (101249, 100), (101403, 100), (101550, 100), (101589, 3)]"
2019-06-28 12:38:20.000000000,IMBALANCE,"[300, 403]"
2019-06-28 12:38:30.000000000,BID_DEPTH,"[(100287, 100), (99514, 100), (99208, 100)]"
2019-06-28 12:38:30.000000000,ASK_DEPTH,"[(100582, 100), (101249, 100), (101403, 100), (101550, 100), (101589, 3)]"
2019-06-28 12:38:30.000000000,IMBALANCE,"[300, 403]"
2019-06-28 12:38:40.000000000,BID_DEPTH,"[(100287, 100), (99514, 100), (99208, 100)]"
2019-06-28 12:38:40.000000000,ASK_DEPTH,"[(100531, 100), (100582, 100), (101249, 100), (101403, 100), (101550, 100)]"
2019-06-28 12:38:40.000000000,IMBALANCE,"[300, 500]"
2019-06-28 12:38:50.000000000,BID_DEPTH,"[(100287, 100), (99514, 100), (99208, 100)]"
2019-06-28 12:38:50.000000000,ASK_DEPTH,"[(100531, 100), (100582, 100), (101249, 100), (101403, 100), (101550, 100)]"
2019-06-28 12:38:50.000000000,IMBALANCE,"[300, 500]"
2019-06-28 12:39:00.000000000,BID_DEPTH,"[(100287, 100), (99514, 100), (99208, 100)]"
2019-06-28 12:39:00.000000000,ASK_DEPTH,"[(100531, 100), (100582, 100), (101249, 100), (101403, 100), (101550, 100)]"
2019-06-28 12:39:00.000000000,IMBALANCE,"[300, 500]"
2019-06-28 12:39:00.000000000,HOLDINGS_UPDATED,"{'CASH': -157770015, 'JPM': 1735}"
2019-06-28 12:39:00.000000000,HOLDINGS_UPDATED,"{'CASH': -158672598, 'JPM': 1744}"
2019-06-28 12:39:00.000000000,HOLDINGS_UPDATED,"{'CASH': -159474894, 'JPM': 1752}"
2019-06-28 12:39:00.000000000,HOLDINGS_UPDATED,"{'CASH': -159775755, 'JPM': 1755}"
2019-06-28 12:39:10.000000000,BID_DEPTH,"[(99514, 100), (99208, 100)]"
2019-06-28 12:39:10.000000000,ASK_DEPTH,"[(100582, 100), (101249, 100), (101403, 100), (101550, 100), (101589, 3)]"
2019-06-28 12:39:10.000000000,IMBALANCE,"[200, 403]"
2019-06-28 12:39:20.000000000,BID_DEPTH,"[(99514, 100), (99208, 100)]"
2019-06-28 12:39:20.000000000,ASK_DEPTH,"[(100582, 100), (101249, 100), (101403, 100), (101550, 100), (101589, 3)]"
2019-06-28 12:39:20.000000000,IMBALANCE,"[200, 403]"
2019-06-28 12:39:30.000000000,BID_DEPTH,"[(99514, 100), (99208, 100)]"
2019-06-28 12:39:30.000000000,ASK_DEPTH,"[(100582, 100), (101249, 100), (101403, 100), (101550, 100), (101589, 3)]"
2019-06-28 12:39:30.000000000,IMBALANCE,"[200, 403]"
2019-06-28 12:39:40.000000000,BID_DEPTH,"[(99514, 100), (99208, 100)]"
2019-06-28 12:39:40.000000000,ASK_DEPTH,"[(100582, 100), (101249, 100), (101403, 100), (101550, 100), (101589, 3)]"
2019-06-28 12:39:40.000000000,IMBALANCE,"[200, 403]"
2019-06-28 12:39:50.000000000,BID_DEPTH,"[(99514, 100), (99208, 100)]"
2019-06-28 12:39:50.000000000,ASK_DEPTH,"[(100582, 100), (101249, 100), (101403, 100), (101550, 100), (101589, 3)]"
2019-06-28 12:39:50.000000000,IMBALANCE,"[200, 403]"
2019-06-28 12:40:00.000000000,BID_DEPTH,"[(99514, 100), (99208, 100)]"
2019-06-28 12:40:00.000000000,ASK_DEPTH,"[(100582, 100), (101249, 100), (101403, 100), (101550, 100), (101589, 3)]"
2019-06-28 12:40:00.000000000,IMBALANCE,"[200, 403]"
2019-06-28 12:40:00.000000000,HOLDINGS_UPDATED,"{'CASH': -160472353, 'JPM': 1762}"
2019-06-28 12:40:00.000000000,HOLDINGS_UPDATED,"{'CASH': -161367979, 'JPM': 1771}"
2019-06-28 12:40:00.000000000,HOLDINGS_UPDATED,"{'CASH': -162164091, 'JPM': 1779}"
2019-06-28 12:40:00.000000000,HOLDINGS_UPDATED,"{'CASH': -162462633, 'JPM': 1782}"
2019-06-28 12:40:10.000000000,BID_DEPTH,"[(99208, 100)]"
2019-06-28 12:40:10.000000000,ASK_DEPTH,"[(100582, 100), (101249, 100), (101403, 100), (101550, 100), (101589, 3)]"
2019-06-28 12:40:10.000000000,IMBALANCE,"[100, 403]"
2019-06-28 12:40:20.000000000,BID_DEPTH,"[(99208, 100)]"
2019-06-28 12:40:20.000000000,ASK_DEPTH,"[(100582, 100), (101249, 100), (101403, 100), (101550, 100), (101589, 3)]"
2019-06-28 12:40:20.000000000,IMBALANCE,"[100, 403]"
2019-06-28 12:40:30.000000000,BID_DEPTH,"[(99208, 100)]"
2019-06-28 12:40:30.000000000,ASK_DEPTH,"[(100582, 100), (100909, 100), (101249, 100), (101403, 100), (101550, 100)]"
2019-06-28 12:40:30.000000000,IMBALANCE,"[100, 500]"
2019-06-28 12:40:40.000000000,BID_DEPTH,"[(99208, 100)]"
2019-06-28 12:40:40.000000000,ASK_DEPTH,"[(100582, 100), (100909, 100), (101237, 100), (101249, 100), (101403, 100)]"
2019-06-28 12:40:40.000000000,IMBALANCE,"[100, 500]"
2019-06-28 12:40:50.000000000,BID_DEPTH,"[(99208, 100)]"
2019-06-28 12:40:50.000000000,ASK_DEPTH,"[(100582, 100), (100909, 100), (101237, 100), (101249, 100), (101403, 100)]"
2019-06-28 12:40:50.000000000,IMBALANCE,"[100, 500]"
2019-06-28 12:41:00.000000000,BID_DEPTH,"[(99208, 100)]"
2019-06-28 12:41:00.000000000,ASK_DEPTH,"[(100582, 100), (100909, 100), (100946, 100), (101237, 100), (101249, 100)]"
2019-06-28 12:41:00.000000000,IMBALANCE,"[100, 500]"
2019-06-28 12:41:00.000000000,HOLDINGS_UPDATED,"{'CASH': -163157089, 'JPM': 1789}"
2019-06-28 12:41:00.000000000,HOLDINGS_UPDATED,"{'CASH': -164049961, 'JPM': 1798}"
2019-06-28 12:41:00.000000000,HOLDINGS_UPDATED,"{'CASH': -164843625, 'JPM': 1806}"
2019-06-28 12:41:00.000000000,HOLDINGS_UPDATED,"{'CASH': -165141249, 'JPM': 1809}"
2019-06-28 12:41:10.000000000,BID_DEPTH,[]
2019-06-28 12:41:10.000000000,ASK_DEPTH,"[(100582, 100), (100909, 100), (100946, 100), (101019, 100), (101237, 100)]"
2019-06-28 12:41:10.000000000,IMBALANCE,"[0, 500]"
2019-06-28 12:41:20.000000000,BID_DEPTH,[]
2019-06-28 12:41:20.000000000,ASK_DEPTH,"[(100582, 100), (100909, 100), (100946, 100), (101019, 100), (101123, 100)]"
2019-06-28 12:41:20.000000000,IMBALANCE,"[0, 500]"
2019-06-28 12:41:30.000000000,BID_DEPTH,[]
2019-06-28 12:41:30.000000000,ASK_DEPTH,"[(100582, 100), (100909, 100), (100946, 100), (101019, 100), (101123, 100)]"
2019-06-28 12:41:30.000000000,IMBALANCE,"[0, 500]"
2019-06-28 12:41:40.000000000,BID_DEPTH,[]
2019-06-28 12:41:40.000000000,ASK_DEPTH,"[(100582, 100), (100909, 100), (100946, 100), (101019, 100), (101123, 100)]"
2019-06-28 12:41:40.000000000,IMBALANCE,"[0, 500]"
2019-06-28 12:41:50.000000000,BID_DEPTH,[]
2019-06-28 12:41:50.000000000,ASK_DEPTH,"[(100582, 100), (100909, 100), (100946, 100), (101019, 100), (101123, 100)]"
2019-06-28 12:41:50.000000000,IMBALANCE,"[0, 500]"
2019-06-28 12:42:00.000000000,BID_DEPTH,"[(100412, 100), (99208, 100)]"
2019-06-28 12:42:00.000000000,ASK_DEPTH,"[(100582, 100), (100909, 100), (100946, 100), (101019, 100), (101123, 100)]"
2019-06-28 12:42:00.000000000,IMBALANCE,"[200, 500]"
2019-06-28 12:42:00.000000000,HOLDINGS_UPDATED,"{'CASH': -165844133, 'JPM': 1816}"
2019-06-28 12:42:00.000000000,HOLDINGS_UPDATED,"{'CASH': -166747841, 'JPM': 1825}"
2019-06-28 12:42:00.000000000,HOLDINGS_UPDATED,"{'CASH': -167551137, 'JPM': 1833}"
2019-06-28 12:42:00.000000000,HOLDINGS_UPDATED,"{'CASH': -167852373, 'JPM': 1836}"
2019-06-28 12:42:10.000000000,BID_DEPTH,"[(99208, 100)]"
2019-06-28 12:42:10.000000000,ASK_DEPTH,"[(100582, 100), (100909, 100), (100946, 100), (101019, 100), (101123, 100)]"
2019-06-28 12:42:10.000000000,IMBALANCE,"[100, 500]"
2019-06-28 12:42:20.000000000,BID_DEPTH,"[(99208, 100)]"
2019-06-28 12:42:20.000000000,ASK_DEPTH,"[(100582, 100), (100737, 100), (100909, 100), (100946, 100), (101019, 100)]"
2019-06-28 12:42:20.000000000,IMBALANCE,"[100, 500]"
2019-06-28 12:42:30.000000000,BID_DEPTH,"[(100412, 100)]"
2019-06-28 12:42:30.000000000,ASK_DEPTH,"[(100582, 100), (100675, 100), (100737, 100), (100909, 100), (100946, 100)]"
2019-06-28 12:42:30.000000000,IMBALANCE,"[100, 500]"
2019-06-28 12:42:40.000000000,BID_DEPTH,"[(100412, 100)]"
2019-06-28 12:42:40.000000000,ASK_DEPTH,"[(100582, 100), (100675, 100), (100737, 100), (100909, 100), (100946, 100)]"
2019-06-28 12:42:40.000000000,IMBALANCE,"[100, 500]"
2019-06-28 12:42:50.000000000,BID_DEPTH,"[(100412, 100)]"
2019-06-28 12:42:50.000000000,ASK_DEPTH,"[(100675, 100), (100737, 100), (100909, 100), (100946, 100), (101123, 100)]"
2019-06-28 12:42:50.000000000,IMBALANCE,"[100, 500]"
2019-06-28 12:43:00.000000000,BID_DEPTH,"[(100412, 100)]"
2019-06-28 12:43:00.000000000,ASK_DEPTH,"[(100581, 200), (100653, 100), (100675, 100), (100737, 100), (100909, 100)]"
2019-06-28 12:43:00.000000000,IMBALANCE,"[100, 600]"
2019-06-28 12:43:00.000000000,HOLDINGS_UPDATED,"{'CASH': -168555257, 'JPM': 1843}"
2019-06-28 12:43:00.000000000,HOLDINGS_UPDATED,"{'CASH': -169458965, 'JPM': 1852}"
2019-06-28 12:43:00.000000000,HOLDINGS_UPDATED,"{'CASH': -170262261, 'JPM': 1860}"
2019-06-28 12:43:00.000000000,HOLDINGS_UPDATED,"{'CASH': -170563497, 'JPM': 1863}"
2019-06-28 12:43:10.000000000,BID_DEPTH,[]
2019-06-28 12:43:10.000000000,ASK_DEPTH,"[(100581, 200), (100653, 100), (100675, 100), (100737, 100), (100909, 100)]"
2019-06-28 12:43:10.000000000,IMBALANCE,"[0, 600]"
2019-06-28 12:43:20.000000000,BID_DEPTH,[]
2019-06-28 12:43:20.000000000,ASK_DEPTH,"[(100581, 200), (100653, 100), (100675, 100), (100737, 100), (100909, 100)]"
2019-06-28 12:43:20.000000000,IMBALANCE,"[0, 600]"
2019-06-28 12:43:30.000000000,BID_DEPTH,[]
2019-06-28 12:43:30.000000000,ASK_DEPTH,"[(100581, 200), (100653, 100), (100675, 100), (100737, 100), (100909, 100)]"
2019-06-28 12:43:30.000000000,IMBALANCE,"[0, 600]"
2019-06-28 12:43:40.000000000,BID_DEPTH,[]
2019-06-28 12:43:40.000000000,ASK_DEPTH,"[(100581, 200), (100653, 100), (100675, 100), (100737, 100), (100909, 100)]"
2019-06-28 12:43:40.000000000,IMBALANCE,"[0, 600]"
2019-06-28 12:43:50.000000000,BID_DEPTH,[]
2019-06-28 12:43:50.000000000,ASK_DEPTH,"[(100581, 100), (100653, 100), (100675, 100), (100737, 100), (100909, 100)]"
2019-06-28 12:43:50.000000000,IMBALANCE,"[0, 500]"
2019-06-28 12:44:00.000000000,BID_DEPTH,[]
2019-06-28 12:44:00.000000000,ASK_DEPTH,"[(100581, 100), (100653, 100), (100675, 100), (100737, 100), (100909, 100)]"
2019-06-28 12:44:00.000000000,IMBALANCE,"[0, 500]"
2019-06-28 12:44:10.000000000,BID_DEPTH,[]
2019-06-28 12:44:10.000000000,ASK_DEPTH,"[(100581, 100), (100653, 100), (100675, 100), (100737, 100), (100909, 100)]"
2019-06-28 12:44:10.000000000,IMBALANCE,"[0, 500]"
2019-06-28 12:44:20.000000000,BID_DEPTH,[]
2019-06-28 12:44:20.000000000,ASK_DEPTH,"[(100581, 100), (100653, 100), (100675, 100), (100737, 100), (100909, 100)]"
2019-06-28 12:44:20.000000000,IMBALANCE,"[0, 500]"
2019-06-28 12:44:30.000000000,BID_DEPTH,[]
2019-06-28 12:44:30.000000000,ASK_DEPTH,"[(100581, 100), (100653, 100), (100675, 100), (100737, 100), (100909, 100)]"
2019-06-28 12:44:30.000000000,IMBALANCE,"[0, 500]"
2019-06-28 12:44:40.000000000,BID_DEPTH,[]
2019-06-28 12:44:40.000000000,ASK_DEPTH,"[(100653, 100), (100675, 100), (100737, 100), (100909, 100), (100946, 100)]"
2019-06-28 12:44:40.000000000,IMBALANCE,"[0, 500]"
2019-06-28 12:44:50.000000000,BID_DEPTH,[]
2019-06-28 12:44:50.000000000,ASK_DEPTH,"[(100653, 100), (100675, 100), (100737, 100), (100909, 100), (100946, 100)]"
2019-06-28 12:44:50.000000000,IMBALANCE,"[0, 500]"
2019-06-28 12:45:00.000000000,BID_DEPTH,[]
2019-06-28 12:45:00.000000000,ASK_DEPTH,"[(100653, 100), (100675, 100), (100737, 100), (100909, 100), (100946, 100)]"
2019-06-28 12:45:00.000000000,IMBALANCE,"[0, 500]"
2019-06-28 12:45:10.000000000,BID_DEPTH,[]
2019-06-28 12:45:10.000000000,ASK_DEPTH,"[(100653, 100), (100675, 100), (100737, 100), (100909, 100), (100946, 100)]"
2019-06-28 12:45:10.000000000,IMBALANCE,"[0, 500]"
2019-06-28 12:45:20.000000000,BID_DEPTH,[]
2019-06-28 12:45:20.000000000,ASK_DEPTH,"[(100653, 100), (100675, 100), (100737, 100), (100909, 100), (100946, 100)]"
2019-06-28 12:45:20.000000000,IMBALANCE,"[0, 500]"
2019-06-28 12:45:30.000000000,BID_DEPTH,[]
2019-06-28 12:45:30.000000000,ASK_DEPTH,"[(100653, 100), (100675, 100), (100737, 100), (100909, 100), (100946, 100)]"
2019-06-28 12:45:30.000000000,IMBALANCE,"[0, 500]"
2019-06-28 12:45:40.000000000,BID_DEPTH,[]
2019-06-28 12:45:40.000000000,ASK_DEPTH,"[(100653, 100), (100675, 100), (100737, 100), (100909, 100), (100946, 100)]"
2019-06-28 12:45:40.000000000,IMBALANCE,"[0, 500]"
2019-06-28 12:45:50.000000000,BID_DEPTH,"[(100480, 100)]"
2019-06-28 12:45:50.000000000,ASK_DEPTH,"[(100653, 100), (100675, 100), (100737, 100), (100909, 100), (100946, 100)]"
2019-06-28 12:45:50.000000000,IMBALANCE,"[100, 500]"
2019-06-28 12:46:00.000000000,BID_DEPTH,"[(100581, 100), (100480, 100)]"
2019-06-28 12:46:00.000000000,ASK_DEPTH,"[(100653, 100), (100675, 100), (100737, 100), (100909, 100), (100946, 100)]"
2019-06-28 12:46:00.000000000,IMBALANCE,"[200, 500]"
2019-06-28 12:46:00.000000000,HOLDINGS_UPDATED,"{'CASH': -171267564, 'JPM': 1870}"
2019-06-28 12:46:00.000000000,HOLDINGS_UPDATED,"{'CASH': -172172793, 'JPM': 1879}"
2019-06-28 12:46:00.000000000,HOLDINGS_UPDATED,"{'CASH': -172977441, 'JPM': 1887}"
2019-06-28 12:46:00.000000000,HOLDINGS_UPDATED,"{'CASH': -173279184, 'JPM': 1890}"
2019-06-28 12:46:10.000000000,BID_DEPTH,"[(100480, 100)]"
2019-06-28 12:46:10.000000000,ASK_DEPTH,"[(100653, 100), (100675, 100), (100737, 100), (100909, 100), (100946, 100)]"
2019-06-28 12:46:10.000000000,IMBALANCE,"[100, 500]"
2019-06-28 12:46:20.000000000,BID_DEPTH,"[(100480, 100)]"
2019-06-28 12:46:20.000000000,ASK_DEPTH,"[(100653, 100), (100675, 100), (100737, 100), (100787, 100), (100909, 100)]"
2019-06-28 12:46:20.000000000,IMBALANCE,"[100, 500]"
2019-06-28 12:46:30.000000000,BID_DEPTH,"[(100480, 100)]"
2019-06-28 12:46:30.000000000,ASK_DEPTH,"[(100653, 100), (100675, 100), (100737, 100), (100787, 100), (100909, 100)]"
2019-06-28 12:46:30.000000000,IMBALANCE,"[100, 500]"
2019-06-28 12:46:40.000000000,BID_DEPTH,"[(100480, 100)]"
2019-06-28 12:46:40.000000000,ASK_DEPTH,"[(100653, 100), (100675, 100), (100737, 100), (100787, 100), (100909, 100)]"
2019-06-28 12:46:40.000000000,IMBALANCE,"[100, 500]"
2019-06-28 12:46:50.000000000,BID_DEPTH,"[(100480, 100)]"
2019-06-28 12:46:50.000000000,ASK_DEPTH,"[(100653, 100), (100665, 100), (100675, 100), (100737, 100), (100787, 100)]"
2019-06-28 12:46:50.000000000,IMBALANCE,"[100, 500]"
2019-06-28 12:47:00.000000000,BID_DEPTH,"[(100480, 100)]"
2019-06-28 12:47:00.000000000,ASK_DEPTH,"[(100653, 100), (100665, 100), (100675, 100), (100737, 100), (100787, 100)]"
2019-06-28 12:47:00.000000000,IMBALANCE,"[100, 500]"
2019-06-28 12:47:00.000000000,HOLDINGS_UPDATED,"{'CASH': -173982544, 'JPM': 1897}"
2019-06-28 12:47:00.000000000,HOLDINGS_UPDATED,"{'CASH': -174886864, 'JPM': 1906}"
2019-06-28 12:47:00.000000000,HOLDINGS_UPDATED,"{'CASH': -175690704, 'JPM': 1914}"
2019-06-28 12:47:00.000000000,HOLDINGS_UPDATED,"{'CASH': -175992144, 'JPM': 1917}"
2019-06-28 12:47:10.000000000,BID_DEPTH,"[(100480, 100)]"
2019-06-28 12:47:10.000000000,ASK_DEPTH,"[(100653, 100), (100665, 100), (100675, 100), (100737, 100), (100787, 100)]"
2019-06-28 12:47:10.000000000,IMBALANCE,"[100, 500]"
2019-06-28 12:47:20.000000000,BID_DEPTH,"[(100480, 100)]"
2019-06-28 12:47:20.000000000,ASK_DEPTH,"[(100653, 100), (100665, 100), (100675, 100), (100737, 100), (100787, 100)]"
2019-06-28 12:47:20.000000000,IMBALANCE,"[100, 500]"
2019-06-28 12:47:30.000000000,BID_DEPTH,"[(100480, 300), (100077, 100)]"
2019-06-28 12:47:30.000000000,ASK_DEPTH,"[(100653, 100), (100665, 100), (100675, 100), (100737, 100), (100787, 100)]"
2019-06-28 12:47:30.000000000,IMBALANCE,"[400, 500]"
2019-06-28 12:47:40.000000000,BID_DEPTH,"[(100480, 300), (100077, 100)]"
2019-06-28 12:47:40.000000000,ASK_DEPTH,"[(100653, 100), (100665, 100), (100675, 100), (100737, 100), (100787, 100)]"
2019-06-28 12:47:40.000000000,IMBALANCE,"[400, 500]"
2019-06-28 12:47:50.000000000,BID_DEPTH,"[(100480, 300), (100077, 100)]"
2019-06-28 12:47:50.000000000,ASK_DEPTH,"[(100653, 100), (100665, 100), (100675, 100), (100737, 100), (100787, 100)]"
2019-06-28 12:47:50.000000000,IMBALANCE,"[400, 500]"
2019-06-28 12:48:00.000000000,BID_DEPTH,"[(100480, 300), (100077, 100)]"
2019-06-28 12:48:00.000000000,ASK_DEPTH,"[(100653, 100), (100665, 100), (100675, 100), (100737, 100), (100787, 100)]"
2019-06-28 12:48:00.000000000,IMBALANCE,"[400, 500]"
2019-06-28 12:48:10.000000000,BID_DEPTH,"[(100480, 173), (100077, 100)]"
2019-06-28 12:48:10.000000000,ASK_DEPTH,"[(100653, 100), (100665, 100), (100675, 100), (100737, 100), (100787, 100)]"
2019-06-28 12:48:10.000000000,IMBALANCE,"[273, 500]"
2019-06-28 12:48:20.000000000,BID_DEPTH,"[(100480, 173), (100077, 100)]"
2019-06-28 12:48:20.000000000,ASK_DEPTH,"[(100653, 100), (100665, 100), (100675, 100), (100737, 100), (100787, 100)]"
2019-06-28 12:48:20.000000000,IMBALANCE,"[273, 500]"
2019-06-28 12:48:30.000000000,BID_DEPTH,"[(100480, 73), (100434, 100), (100077, 100)]"
2019-06-28 12:48:30.000000000,ASK_DEPTH,"[(100653, 100), (100665, 100), (100675, 100), (100787, 100), (100793, 100)]"
2019-06-28 12:48:30.000000000,IMBALANCE,"[273, 500]"
2019-06-28 12:48:40.000000000,BID_DEPTH,"[(100480, 73), (100434, 100), (100077, 100)]"
2019-06-28 12:48:40.000000000,ASK_DEPTH,"[(100653, 100), (100665, 100), (100675, 100), (100787, 100), (100793, 100)]"
2019-06-28 12:48:40.000000000,IMBALANCE,"[273, 500]"
2019-06-28 12:48:50.000000000,BID_DEPTH,"[(100480, 73), (100434, 100), (100077, 100)]"
2019-06-28 12:48:50.000000000,ASK_DEPTH,"[(100653, 100), (100665, 100), (100675, 100), (100787, 100), (100793, 100)]"
2019-06-28 12:48:50.000000000,IMBALANCE,"[273, 500]"
2019-06-28 12:49:00.000000000,BID_DEPTH,"[(100480, 73), (100434, 100), (100077, 100)]"
2019-06-28 12:49:00.000000000,ASK_DEPTH,"[(100653, 100), (100665, 100), (100675, 100), (100787, 100), (100793, 100)]"
2019-06-28 12:49:00.000000000,IMBALANCE,"[273, 500]"
2019-06-28 12:49:00.000000000,HOLDINGS_UPDATED,"{'CASH': -176193104, 'JPM': 1919}"
2019-06-28 12:49:00.000000000,HOLDINGS_UPDATED,"{'CASH': -176996944, 'JPM': 1927}"
2019-06-28 12:49:00.000000000,HOLDINGS_UPDATED,"{'CASH': -177398864, 'JPM': 1931}"
2019-06-28 12:49:00.000000000,HOLDINGS_UPDATED,"{'CASH': -177901264, 'JPM': 1936}"
2019-06-28 12:49:00.000000000,HOLDINGS_UPDATED,"{'CASH': -178604624, 'JPM': 1943}"
2019-06-28 12:49:00.000000000,HOLDINGS_UPDATED,"{'CASH': -179408464, 'JPM': 1951}"
2019-06-28 12:49:00.000000000,HOLDINGS_UPDATED,"{'CASH': -180312784, 'JPM': 1960}"
2019-06-28 12:49:00.000000000,HOLDINGS_UPDATED,"{'CASH': -181116624, 'JPM': 1968}"
2019-06-28 12:49:00.000000000,HOLDINGS_UPDATED,"{'CASH': -181418064, 'JPM': 1971}"
2019-06-28 12:49:10.000000000,BID_DEPTH,"[(100434, 100), (100077, 100)]"
2019-06-28 12:49:10.000000000,ASK_DEPTH,"[(100653, 100), (100665, 100), (100675, 100), (100787, 100), (100793, 100)]"
2019-06-28 12:49:10.000000000,IMBALANCE,"[200, 500]"
2019-06-28 12:49:20.000000000,BID_DEPTH,"[(100636, 100), (100434, 100), (100077, 100)]"
2019-06-28 12:49:20.000000000,ASK_DEPTH,"[(100653, 100), (100675, 100), (100773, 100), (100787, 100), (100793, 100)]"
2019-06-28 12:49:20.000000000,IMBALANCE,"[300, 500]"
2019-06-28 12:49:30.000000000,BID_DEPTH,"[(100434, 100), (100077, 100)]"
2019-06-28 12:49:30.000000000,ASK_DEPTH,"[(100653, 100), (100675, 100), (100773, 100), (100787, 100), (100793, 100)]"
2019-06-28 12:49:30.000000000,IMBALANCE,"[200, 500]"
2019-06-28 12:49:40.000000000,BID_DEPTH,"[(100434, 100), (100077, 100)]"
2019-06-28 12:49:40.000000000,ASK_DEPTH,"[(100653, 100), (100675, 100), (100773, 100), (100787, 100), (100793, 100)]"
2019-06-28 12:49:40.000000000,IMBALANCE,"[200, 500]"
2019-06-28 12:49:50.000000000,BID_DEPTH,"[(100434, 100), (100077, 100)]"
2019-06-28 12:49:50.000000000,ASK_DEPTH,"[(100653, 100), (100675, 100), (100773, 100), (100787, 100), (100793, 100)]"
2019-06-28 12:49:50.000000000,IMBALANCE,"[200, 500]"
2019-06-28 12:50:00.000000000,BID_DEPTH,"[(100434, 100), (100077, 100), (99975, 100)]"
2019-06-28 12:50:00.000000000,ASK_DEPTH,"[(100636, 100), (100653, 100), (100773, 100), (100787, 100), (100793, 100)]"
2019-06-28 12:50:00.000000000,IMBALANCE,"[300, 500]"
2019-06-28 12:50:00.000000000,HOLDINGS_UPDATED,"{'CASH': -182121102, 'JPM': 1978}"
2019-06-28 12:50:00.000000000,HOLDINGS_UPDATED,"{'CASH': -183025008, 'JPM': 1987}"
2019-06-28 12:50:00.000000000,HOLDINGS_UPDATED,"{'CASH': -183828480, 'JPM': 1995}"
2019-06-28 12:50:00.000000000,HOLDINGS_UPDATED,"{'CASH': -184129782, 'JPM': 1998}"
2019-06-28 12:50:10.000000000,BID_DEPTH,"[(100077, 100), (99975, 100)]"
2019-06-28 12:50:10.000000000,ASK_DEPTH,"[(100636, 100), (100653, 100), (100773, 100), (100787, 100), (100793, 100)]"
2019-06-28 12:50:10.000000000,IMBALANCE,"[200, 500]"
2019-06-28 12:50:20.000000000,BID_DEPTH,"[(100077, 100), (99975, 100)]"
2019-06-28 12:50:20.000000000,ASK_DEPTH,"[(100636, 100), (100653, 100), (100773, 100), (100787, 100), (100793, 100)]"
2019-06-28 12:50:20.000000000,IMBALANCE,"[200, 500]"
2019-06-28 12:50:30.000000000,BID_DEPTH,"[(100077, 100), (100011, 100), (99975, 100)]"
2019-06-28 12:50:30.000000000,ASK_DEPTH,"[(100636, 100), (100653, 100), (100773, 100), (100787, 100), (100793, 100)]"
2019-06-28 12:50:30.000000000,IMBALANCE,"[300, 500]"
2019-06-28 12:50:40.000000000,BID_DEPTH,"[(100077, 100), (100011, 100), (99975, 100)]"
2019-06-28 12:50:40.000000000,ASK_DEPTH,"[(100636, 100), (100653, 100), (100773, 100), (100787, 100), (100793, 100)]"
2019-06-28 12:50:40.000000000,IMBALANCE,"[300, 500]"
2019-06-28 12:50:50.000000000,BID_DEPTH,"[(100077, 100), (100011, 100), (99975, 100)]"
2019-06-28 12:50:50.000000000,ASK_DEPTH,"[(100636, 100), (100653, 100), (100773, 100), (100787, 100), (100793, 100)]"
2019-06-28 12:50:50.000000000,IMBALANCE,"[300, 500]"
2019-06-28 12:51:00.000000000,BID_DEPTH,"[(100077, 100), (100011, 100), (99975, 100)]"
2019-06-28 12:51:00.000000000,ASK_DEPTH,"[(100636, 100), (100653, 100), (100773, 100), (100787, 100), (100793, 100)]"
2019-06-28 12:51:00.000000000,IMBALANCE,"[300, 500]"
2019-06-28 12:51:00.000000000,HOLDINGS_UPDATED,"{'CASH': -184830321, 'JPM': 2005}"
2019-06-28 12:51:00.000000000,HOLDINGS_UPDATED,"{'CASH': -185731014, 'JPM': 2014}"
2019-06-28 12:51:00.000000000,HOLDINGS_UPDATED,"{'CASH': -186531630, 'JPM': 2022}"
2019-06-28 12:51:00.000000000,HOLDINGS_UPDATED,"{'CASH': -186831861, 'JPM': 2025}"
2019-06-28 12:51:10.000000000,BID_DEPTH,"[(100011, 100), (99975, 100)]"
2019-06-28 12:51:10.000000000,ASK_DEPTH,"[(100636, 100), (100653, 100), (100773, 100), (100787, 100), (100793, 100)]"
2019-06-28 12:51:10.000000000,IMBALANCE,"[200, 500]"
2019-06-28 12:51:20.000000000,BID_DEPTH,"[(100011, 100), (99975, 100)]"
2019-06-28 12:51:20.000000000,ASK_DEPTH,"[(100636, 100), (100653, 100), (100773, 100), (100787, 100), (100793, 100)]"
2019-06-28 12:51:20.000000000,IMBALANCE,"[200, 500]"
2019-06-28 12:51:30.000000000,BID_DEPTH,"[(100011, 100), (99975, 100)]"
2019-06-28 12:51:30.000000000,ASK_DEPTH,"[(100636, 100), (100653, 100), (100773, 100), (100787, 100), (100793, 100)]"
2019-06-28 12:51:30.000000000,IMBALANCE,"[200, 500]"
2019-06-28 12:51:40.000000000,BID_DEPTH,"[(100011, 100), (99996, 100), (99975, 100)]"
2019-06-28 12:51:40.000000000,ASK_DEPTH,"[(100636, 100), (100653, 100), (100773, 100), (100787, 100), (100793, 100)]"
2019-06-28 12:51:40.000000000,IMBALANCE,"[300, 500]"
2019-06-28 12:51:50.000000000,BID_DEPTH,"[(100077, 100), (100011, 100), (99996, 100), (99975, 100)]"
2019-06-28 12:51:50.000000000,ASK_DEPTH,"[(100636, 100), (100653, 100), (100773, 100), (100787, 100), (100793, 100)]"
2019-06-28 12:51:50.000000000,IMBALANCE,"[400, 500]"
2019-06-28 12:52:00.000000000,BID_DEPTH,"[(100011, 100), (99996, 100), (99975, 100)]"
2019-06-28 12:52:00.000000000,ASK_DEPTH,"[(100636, 100), (100653, 100), (100773, 100), (100787, 100), (100793, 100)]"
2019-06-28 12:52:00.000000000,IMBALANCE,"[300, 500]"
2019-06-28 12:52:00.000000000,HOLDINGS_UPDATED,"{'CASH': -187531938, 'JPM': 2032}"
2019-06-28 12:52:00.000000000,HOLDINGS_UPDATED,"{'CASH': -188432037, 'JPM': 2041}"
2019-06-28 12:52:00.000000000,HOLDINGS_UPDATED,"{'CASH': -189232125, 'JPM': 2049}"
2019-06-28 12:52:00.000000000,HOLDINGS_UPDATED,"{'CASH': -189532158, 'JPM': 2052}"
2019-06-28 12:52:10.000000000,BID_DEPTH,"[(99996, 100), (99975, 100), (99594, 100)]"
2019-06-28 12:52:10.000000000,ASK_DEPTH,"[(100636, 100), (100653, 100), (100773, 100), (100787, 100), (100793, 100)]"
2019-06-28 12:52:10.000000000,IMBALANCE,"[300, 500]"
2019-06-28 12:52:20.000000000,BID_DEPTH,"[(99996, 100), (99975, 100), (99594, 100)]"
2019-06-28 12:52:20.000000000,ASK_DEPTH,"[(100636, 100), (100653, 100), (100773, 100), (100787, 100), (100793, 100)]"
2019-06-28 12:52:20.000000000,IMBALANCE,"[300, 500]"
2019-06-28 12:52:30.000000000,BID_DEPTH,"[(99996, 100), (99975, 100), (99594, 100)]"
2019-06-28 12:52:30.000000000,ASK_DEPTH,"[(100636, 100), (100653, 100), (100773, 100), (100787, 100), (100793, 100)]"
2019-06-28 12:52:30.000000000,IMBALANCE,"[300, 500]"
2019-06-28 12:52:40.000000000,BID_DEPTH,"[(100233, 100), (99996, 100), (99975, 100), (99594, 100)]"
2019-06-28 12:52:40.000000000,ASK_DEPTH,"[(100636, 100), (100653, 100), (100773, 100), (100787, 100), (100793, 100)]"
2019-06-28 12:52:40.000000000,IMBALANCE,"[400, 500]"
2019-06-28 12:52:50.000000000,BID_DEPTH,"[(100233, 100), (99996, 100), (99975, 100), (99594, 100)]"
2019-06-28 12:52:50.000000000,ASK_DEPTH,"[(100636, 100), (100653, 100), (100773, 100), (100787, 100), (100793, 100)]"
2019-06-28 12:52:50.000000000,IMBALANCE,"[400, 500]"
2019-06-28 12:53:00.000000000,BID_DEPTH,"[(100233, 100), (100011, 100), (99996, 100), (99975, 100), (99594, 100)]"
2019-06-28 12:53:00.000000000,ASK_DEPTH,"[(100636, 100), (100653, 100), (100773, 100), (100787, 100), (100793, 100)]"
2019-06-28 12:53:00.000000000,IMBALANCE,"[500, 500]"
2019-06-28 12:53:00.000000000,HOLDINGS_UPDATED,"{'CASH': -190233789, 'JPM': 2059}"
2019-06-28 12:53:00.000000000,HOLDINGS_UPDATED,"{'CASH': -191135886, 'JPM': 2068}"
2019-06-28 12:53:00.000000000,HOLDINGS_UPDATED,"{'CASH': -191937750, 'JPM': 2076}"
2019-06-28 12:53:00.000000000,HOLDINGS_UPDATED,"{'CASH': -192238449, 'JPM': 2079}"
2019-06-28 12:53:10.000000000,BID_DEPTH,"[(100011, 100), (99996, 100), (99975, 100), (99594, 100)]"
2019-06-28 12:53:10.000000000,ASK_DEPTH,"[(100636, 100), (100653, 100), (100684, 100), (100773, 100), (100787, 100)]"
2019-06-28 12:53:10.000000000,IMBALANCE,"[400, 500]"
2019-06-28 12:53:20.000000000,BID_DEPTH,"[(100011, 100), (99996, 100), (99975, 100), (99594, 100)]"
2019-06-28 12:53:20.000000000,ASK_DEPTH,"[(100636, 100), (100653, 100), (100684, 100), (100773, 100), (100787, 100)]"
2019-06-28 12:53:20.000000000,IMBALANCE,"[400, 500]"
2019-06-28 12:53:30.000000000,BID_DEPTH,"[(100011, 100), (99996, 100), (99975, 100), (99594, 100)]"
2019-06-28 12:53:30.000000000,ASK_DEPTH,"[(100636, 100), (100653, 100), (100684, 100), (100773, 100), (100787, 100)]"
2019-06-28 12:53:30.000000000,IMBALANCE,"[400, 500]"
2019-06-28 12:53:40.000000000,BID_DEPTH,"[(100011, 100), (99996, 100), (99975, 100), (99594, 100)]"
2019-06-28 12:53:40.000000000,ASK_DEPTH,"[(100636, 100), (100653, 100), (100684, 100), (100773, 100), (100787, 100)]"
2019-06-28 12:53:40.000000000,IMBALANCE,"[400, 500]"
2019-06-28 12:53:50.000000000,BID_DEPTH,"[(100011, 100), (99996, 100), (99975, 100), (99594, 100)]"
2019-06-28 12:53:50.000000000,ASK_DEPTH,"[(100636, 100), (100653, 100), (100684, 100), (100773, 100), (100787, 100)]"
2019-06-28 12:53:50.000000000,IMBALANCE,"[400, 500]"
2019-06-28 12:54:00.000000000,BID_DEPTH,"[(100011, 100), (99996, 100), (99975, 100), (99594, 100)]"
2019-06-28 12:54:00.000000000,ASK_DEPTH,"[(100636, 100), (100653, 100), (100684, 100), (100773, 100), (100787, 100)]"
2019-06-28 12:54:00.000000000,IMBALANCE,"[400, 500]"
2019-06-28 12:54:00.000000000,HOLDINGS_UPDATED,"{'CASH': -192938526, 'JPM': 2086}"
2019-06-28 12:54:00.000000000,HOLDINGS_UPDATED,"{'CASH': -193838625, 'JPM': 2095}"
2019-06-28 12:54:00.000000000,HOLDINGS_UPDATED,"{'CASH': -194638713, 'JPM': 2103}"
2019-06-28 12:54:00.000000000,HOLDINGS_UPDATED,"{'CASH': -194938746, 'JPM': 2106}"
2019-06-28 12:54:10.000000000,BID_DEPTH,"[(99996, 100), (99975, 100), (99594, 100)]"
2019-06-28 12:54:10.000000000,ASK_DEPTH,"[(100636, 100), (100653, 100), (100684, 100), (100773, 100), (100787, 100)]"
2019-06-28 12:54:10.000000000,IMBALANCE,"[300, 500]"
2019-06-28 12:54:20.000000000,BID_DEPTH,"[(100011, 100), (99996, 100), (99975, 100), (99594, 100)]"
2019-06-28 12:54:20.000000000,ASK_DEPTH,"[(100653, 100), (100684, 100), (100773, 100), (100787, 100), (100793, 100)]"
2019-06-28 12:54:20.000000000,IMBALANCE,"[400, 500]"
2019-06-28 12:54:30.000000000,BID_DEPTH,"[(100011, 100), (99996, 100), (99975, 100), (99594, 100)]"
2019-06-28 12:54:30.000000000,ASK_DEPTH,"[(100653, 100), (100684, 100), (100773, 100), (100787, 100), (100793, 100)]"
2019-06-28 12:54:30.000000000,IMBALANCE,"[400, 500]"
2019-06-28 12:54:40.000000000,BID_DEPTH,"[(100011, 100), (99996, 100), (99975, 100), (99594, 100)]"
2019-06-28 12:54:40.000000000,ASK_DEPTH,"[(100653, 100), (100684, 100), (100773, 100), (100787, 100), (100793, 100)]"
2019-06-28 12:54:40.000000000,IMBALANCE,"[400, 500]"
2019-06-28 12:54:50.000000000,BID_DEPTH,"[(100011, 200), (99996, 100), (99975, 100), (99594, 100)]"
2019-06-28 12:54:50.000000000,ASK_DEPTH,"[(100653, 100), (100684, 100), (100773, 100), (100787, 100), (100793, 100)]"
2019-06-28 12:54:50.000000000,IMBALANCE,"[500, 500]"
2019-06-28 12:55:00.000000000,BID_DEPTH,"[(100456, 100), (100381, 100), (100011, 200), (99996, 100), (99975, 100)]"
2019-06-28 12:55:00.000000000,ASK_DEPTH,"[(100653, 100), (100684, 100), (100773, 100), (100787, 100), (100793, 100)]"
2019-06-28 12:55:00.000000000,IMBALANCE,"[600, 500]"
2019-06-28 12:55:00.000000000,HOLDINGS_UPDATED,"{'CASH': -195641938, 'JPM': 2113}"
2019-06-28 12:55:00.000000000,HOLDINGS_UPDATED,"{'CASH': -196546042, 'JPM': 2122}"
2019-06-28 12:55:00.000000000,HOLDINGS_UPDATED,"{'CASH': -197349690, 'JPM': 2130}"
2019-06-28 12:55:00.000000000,HOLDINGS_UPDATED,"{'CASH': -197651058, 'JPM': 2133}"
2019-06-28 12:55:10.000000000,BID_DEPTH,"[(100381, 100), (100011, 200), (99996, 100), (99975, 100), (99594, 100)]"
2019-06-28 12:55:10.000000000,ASK_DEPTH,"[(100653, 100), (100684, 100), (100738, 100), (100773, 100), (100787, 100)]"
2019-06-28 12:55:10.000000000,IMBALANCE,"[600, 500]"
2019-06-28 12:55:20.000000000,BID_DEPTH,"[(100381, 100), (100011, 200), (99996, 100), (99975, 100), (99594, 100)]"
2019-06-28 12:55:20.000000000,ASK_DEPTH,"[(100653, 100), (100684, 100), (100738, 100), (100773, 100), (100787, 100)]"
2019-06-28 12:55:20.000000000,IMBALANCE,"[600, 500]"
2019-06-28 12:55:30.000000000,BID_DEPTH,"[(100381, 100), (100011, 200), (99996, 100), (99975, 100), (99594, 100)]"
2019-06-28 12:55:30.000000000,ASK_DEPTH,"[(100653, 100), (100684, 100), (100738, 100), (100773, 100), (100787, 100)]"
2019-06-28 12:55:30.000000000,IMBALANCE,"[600, 500]"
2019-06-28 12:55:40.000000000,BID_DEPTH,"[(100381, 100), (100011, 200), (99996, 100), (99975, 100), (99594, 100)]"
2019-06-28 12:55:40.000000000,ASK_DEPTH,"[(100653, 100), (100684, 100), (100738, 100), (100773, 100), (100787, 100)]"
2019-06-28 12:55:40.000000000,IMBALANCE,"[600, 500]"
2019-06-28 12:55:50.000000000,BID_DEPTH,"[(100381, 100), (100011, 200), (99996, 100), (99975, 100), (99594, 100)]"
2019-06-28 12:55:50.000000000,ASK_DEPTH,"[(100456, 100), (100653, 100), (100684, 100), (100738, 100), (100773, 100)]"
2019-06-28 12:55:50.000000000,IMBALANCE,"[600, 500]"
2019-06-28 12:56:00.000000000,BID_DEPTH,"[(100162, 100), (100011, 200), (99996, 100), (99975, 100), (99594, 100)]"
2019-06-28 12:56:00.000000000,ASK_DEPTH,"[(100456, 100), (100653, 100), (100684, 100), (100738, 100), (100773, 100)]"
2019-06-28 12:56:00.000000000,IMBALANCE,"[600, 500]"
2019-06-28 12:56:00.000000000,HOLDINGS_UPDATED,"{'CASH': -198352192, 'JPM': 2140}"
2019-06-28 12:56:00.000000000,HOLDINGS_UPDATED,"{'CASH': -199253650, 'JPM': 2149}"
2019-06-28 12:56:00.000000000,HOLDINGS_UPDATED,"{'CASH': -200054946, 'JPM': 2157}"
2019-06-28 12:56:00.000000000,HOLDINGS_UPDATED,"{'CASH': -200355432, 'JPM': 2160}"
2019-06-28 12:56:10.000000000,BID_DEPTH,"[(100011, 200), (99996, 100), (99975, 100), (99594, 100)]"
2019-06-28 12:56:10.000000000,ASK_DEPTH,"[(100456, 100), (100653, 100), (100684, 100), (100738, 100), (100773, 100)]"
2019-06-28 12:56:10.000000000,IMBALANCE,"[500, 500]"
2019-06-28 12:56:20.000000000,BID_DEPTH,"[(100011, 200), (99996, 100), (99975, 100), (99594, 100)]"
2019-06-28 12:56:20.000000000,ASK_DEPTH,"[(100293, 100), (100456, 100), (100653, 100), (100684, 100), (100738, 100)]"
2019-06-28 12:56:20.000000000,IMBALANCE,"[500, 500]"
2019-06-28 12:56:30.000000000,BID_DEPTH,"[(100011, 200), (99996, 100), (99975, 100), (99594, 100)]"
2019-06-28 12:56:30.000000000,ASK_DEPTH,"[(100293, 100), (100456, 100), (100458, 100), (100653, 100), (100684, 100)]"
2019-06-28 12:56:30.000000000,IMBALANCE,"[500, 500]"
2019-06-28 12:56:40.000000000,BID_DEPTH,"[(100011, 200), (99996, 100), (99975, 100), (99594, 100)]"
2019-06-28 12:56:40.000000000,ASK_DEPTH,"[(100293, 100), (100456, 100), (100458, 100), (100653, 100), (100684, 100)]"
2019-06-28 12:56:40.000000000,IMBALANCE,"[500, 500]"
2019-06-28 12:56:50.000000000,BID_DEPTH,"[(100011, 200), (99996, 100), (99975, 100), (99594, 100)]"
2019-06-28 12:56:50.000000000,ASK_DEPTH,"[(100293, 100), (100456, 100), (100458, 100), (100653, 100), (100684, 100)]"
2019-06-28 12:56:50.000000000,IMBALANCE,"[500, 500]"
2019-06-28 12:57:00.000000000,BID_DEPTH,"[(100215, 100), (99996, 100), (99975, 100), (99594, 100)]"
2019-06-28 12:57:00.000000000,ASK_DEPTH,"[(100293, 100), (100456, 100), (100458, 100), (100653, 100), (100684, 100)]"
2019-06-28 12:57:00.000000000,IMBALANCE,"[400, 500]"
2019-06-28 12:57:00.000000000,HOLDINGS_UPDATED,"{'CASH': -201056937, 'JPM': 2167}"
2019-06-28 12:57:00.000000000,HOLDINGS_UPDATED,"{'CASH': -201958872, 'JPM': 2176}"
2019-06-28 12:57:00.000000000,HOLDINGS_UPDATED,"{'CASH': -202760592, 'JPM': 2184}"
2019-06-28 12:57:00.000000000,HOLDINGS_UPDATED,"{'CASH': -203061237, 'JPM': 2187}"
2019-06-28 12:57:10.000000000,BID_DEPTH,"[(99996, 100), (99975, 100), (99594, 100)]"
2019-06-28 12:57:10.000000000,ASK_DEPTH,"[(100293, 100), (100456, 100), (100458, 100), (100653, 100), (100684, 100)]"
2019-06-28 12:57:10.000000000,IMBALANCE,"[300, 500]"
2019-06-28 12:57:20.000000000,BID_DEPTH,"[(99996, 100), (99975, 100), (99594, 100)]"
2019-06-28 12:57:20.000000000,ASK_DEPTH,"[(100293, 100), (100456, 100), (100458, 100), (100653, 100), (100684, 100)]"
2019-06-28 12:57:20.000000000,IMBALANCE,"[300, 500]"
2019-06-28 12:57:30.000000000,BID_DEPTH,"[(99996, 100), (99975, 100), (99594, 100)]"
2019-06-28 12:57:30.000000000,ASK_DEPTH,"[(100293, 100), (100456, 100), (100458, 100), (100653, 100), (100684, 100)]"
2019-06-28 12:57:30.000000000,IMBALANCE,"[300, 500]"
2019-06-28 12:57:40.000000000,BID_DEPTH,"[(99996, 100), (99975, 100), (99594, 100)]"
2019-06-28 12:57:40.000000000,ASK_DEPTH,"[(100293, 100), (100456, 100), (100458, 100), (100653, 100), (100684, 100)]"
2019-06-28 12:57:40.000000000,IMBALANCE,"[300, 500]"
2019-06-28 12:57:50.000000000,BID_DEPTH,"[(99996, 100), (99975, 100), (99594, 100)]"
2019-06-28 12:57:50.000000000,ASK_DEPTH,"[(100293, 100), (100456, 100), (100458, 100), (100653, 100), (100684, 100)]"
2019-06-28 12:57:50.000000000,IMBALANCE,"[300, 500]"
2019-06-28 12:58:00.000000000,BID_DEPTH,"[(99996, 100), (99975, 100), (99594, 100)]"
2019-06-28 12:58:00.000000000,ASK_DEPTH,"[(100293, 100), (100456, 100), (100458, 100), (100653, 100), (100684, 100)]"
2019-06-28 12:58:00.000000000,IMBALANCE,"[300, 500]"
2019-06-28 12:58:00.000000000,HOLDINGS_UPDATED,"{'CASH': -203761209, 'JPM': 2194}"
2019-06-28 12:58:00.000000000,HOLDINGS_UPDATED,"{'CASH': -204661173, 'JPM': 2203}"
2019-06-28 12:58:00.000000000,HOLDINGS_UPDATED,"{'CASH': -205461141, 'JPM': 2211}"
2019-06-28 12:58:00.000000000,HOLDINGS_UPDATED,"{'CASH': -205761129, 'JPM': 2214}"
2019-06-28 12:58:10.000000000,BID_DEPTH,"[(99975, 100), (99594, 100)]"
2019-06-28 12:58:10.000000000,ASK_DEPTH,"[(100293, 100), (100456, 100), (100458, 100), (100653, 100), (100684, 100)]"
2019-06-28 12:58:10.000000000,IMBALANCE,"[200, 500]"
2019-06-28 12:58:20.000000000,BID_DEPTH,"[(99975, 100), (99594, 100)]"
2019-06-28 12:58:20.000000000,ASK_DEPTH,"[(100293, 100), (100456, 100), (100458, 100), (100653, 100), (100684, 100)]"
2019-06-28 12:58:20.000000000,IMBALANCE,"[200, 500]"
2019-06-28 12:58:30.000000000,BID_DEPTH,"[(99975, 100), (99594, 100)]"
2019-06-28 12:58:30.000000000,ASK_DEPTH,"[(100293, 100), (100456, 100), (100458, 100), (100653, 100), (100684, 100)]"
2019-06-28 12:58:30.000000000,IMBALANCE,"[200, 500]"
2019-06-28 12:58:40.000000000,BID_DEPTH,"[(99975, 100), (99594, 100)]"
2019-06-28 12:58:40.000000000,ASK_DEPTH,"[(100293, 100), (100456, 100), (100458, 100), (100653, 100), (100684, 100)]"
2019-06-28 12:58:40.000000000,IMBALANCE,"[200, 500]"
2019-06-28 12:58:50.000000000,BID_DEPTH,"[(99975, 100), (99594, 100)]"
2019-06-28 12:58:50.000000000,ASK_DEPTH,"[(100293, 100), (100456, 100), (100458, 100), (100653, 100), (100684, 100)]"
2019-06-28 12:58:50.000000000,IMBALANCE,"[200, 500]"
2019-06-28 12:59:00.000000000,BID_DEPTH,"[(99975, 100), (99594, 100)]"
2019-06-28 12:59:00.000000000,ASK_DEPTH,"[(100293, 100), (100427, 100), (100456, 100), (100458, 100), (100653, 100)]"
2019-06-28 12:59:00.000000000,IMBALANCE,"[200, 500]"
2019-06-28 12:59:00.000000000,HOLDINGS_UPDATED,"{'CASH': -206460954, 'JPM': 2221}"
2019-06-28 12:59:00.000000000,HOLDINGS_UPDATED,"{'CASH': -207360729, 'JPM': 2230}"
2019-06-28 12:59:00.000000000,HOLDINGS_UPDATED,"{'CASH': -208160529, 'JPM': 2238}"
2019-06-28 12:59:00.000000000,HOLDINGS_UPDATED,"{'CASH': -208460454, 'JPM': 2241}"
2019-06-28 12:59:10.000000000,BID_DEPTH,"[(99594, 100)]"
2019-06-28 12:59:10.000000000,ASK_DEPTH,"[(100293, 100), (100427, 100), (100456, 100), (100458, 100), (100653, 100)]"
2019-06-28 12:59:10.000000000,IMBALANCE,"[100, 500]"
2019-06-28 12:59:20.000000000,BID_DEPTH,"[(99594, 100)]"
2019-06-28 12:59:20.000000000,ASK_DEPTH,"[(100293, 100), (100427, 100), (100456, 100), (100458, 100), (100653, 100)]"
2019-06-28 12:59:20.000000000,IMBALANCE,"[100, 500]"
2019-06-28 12:59:30.000000000,BID_DEPTH,"[(99594, 100)]"
2019-06-28 12:59:30.000000000,ASK_DEPTH,"[(100293, 100), (100427, 100), (100456, 100), (100458, 100), (100653, 100)]"
2019-06-28 12:59:30.000000000,IMBALANCE,"[100, 500]"
2019-06-28 12:59:40.000000000,BID_DEPTH,"[(99594, 100)]"
2019-06-28 12:59:40.000000000,ASK_DEPTH,"[(100293, 100), (100427, 100), (100456, 100), (100458, 100), (100653, 100)]"
2019-06-28 12:59:40.000000000,IMBALANCE,"[100, 500]"
2019-06-28 12:59:50.000000000,BID_DEPTH,"[(99975, 100), (99594, 100)]"
2019-06-28 12:59:50.000000000,ASK_DEPTH,"[(100293, 100), (100427, 100), (100456, 100), (100458, 100), (100653, 100)]"
2019-06-28 12:59:50.000000000,IMBALANCE,"[200, 500]"
2019-06-28 13:00:00.000000000,BID_DEPTH,"[(99975, 100), (99594, 100)]"
2019-06-28 13:00:00.000000000,ASK_DEPTH,"[(100293, 100), (100427, 100), (100456, 100), (100458, 100), (100653, 100)]"
2019-06-28 13:00:00.000000000,IMBALANCE,"[200, 500]"
2019-06-28 13:00:00.000000000,HOLDINGS_UPDATED,"{'CASH': -209160279, 'JPM': 2248}"
2019-06-28 13:00:00.000000000,HOLDINGS_UPDATED,"{'CASH': -210060054, 'JPM': 2257}"
2019-06-28 13:00:00.000000000,HOLDINGS_UPDATED,"{'CASH': -210859854, 'JPM': 2265}"
2019-06-28 13:00:00.000000000,HOLDINGS_UPDATED,"{'CASH': -211159779, 'JPM': 2268}"
2019-06-28 13:00:10.000000000,BID_DEPTH,"[(99594, 100)]"
2019-06-28 13:00:10.000000000,ASK_DEPTH,"[(100427, 100), (100456, 100), (100458, 100), (100653, 100), (100684, 100)]"
2019-06-28 13:00:10.000000000,IMBALANCE,"[100, 500]"
2019-06-28 13:00:20.000000000,BID_DEPTH,"[(99594, 100)]"
2019-06-28 13:00:20.000000000,ASK_DEPTH,"[(100427, 100), (100456, 100), (100458, 100), (100653, 100), (100684, 100)]"
2019-06-28 13:00:20.000000000,IMBALANCE,"[100, 500]"
2019-06-28 13:00:30.000000000,BID_DEPTH,"[(99594, 100)]"
2019-06-28 13:00:30.000000000,ASK_DEPTH,"[(100427, 100), (100456, 100), (100458, 100), (100630, 100), (100653, 100)]"
2019-06-28 13:00:30.000000000,IMBALANCE,"[100, 500]"
2019-06-28 13:00:40.000000000,BID_DEPTH,"[(99594, 100)]"
2019-06-28 13:00:40.000000000,ASK_DEPTH,"[(100427, 100), (100456, 100), (100458, 100), (100630, 100), (100653, 100)]"
2019-06-28 13:00:40.000000000,IMBALANCE,"[100, 500]"
2019-06-28 13:00:50.000000000,BID_DEPTH,"[(99594, 100)]"
2019-06-28 13:00:50.000000000,ASK_DEPTH,"[(100456, 100), (100458, 100), (100630, 100), (100653, 100), (100773, 100)]"
2019-06-28 13:00:50.000000000,IMBALANCE,"[100, 500]"
2019-06-28 13:01:00.000000000,BID_DEPTH,"[(100395, 100), (99594, 100)]"
2019-06-28 13:01:00.000000000,ASK_DEPTH,"[(100456, 100), (100458, 100), (100630, 100), (100653, 100), (100773, 100)]"
2019-06-28 13:01:00.000000000,IMBALANCE,"[200, 500]"
2019-06-28 13:01:00.000000000,HOLDINGS_UPDATED,"{'CASH': -211862544, 'JPM': 2275}"
2019-06-28 13:01:00.000000000,HOLDINGS_UPDATED,"{'CASH': -212766099, 'JPM': 2284}"
2019-06-28 13:01:00.000000000,HOLDINGS_UPDATED,"{'CASH': -213569259, 'JPM': 2292}"
2019-06-28 13:01:00.000000000,HOLDINGS_UPDATED,"{'CASH': -213870444, 'JPM': 2295}"
2019-06-28 13:01:10.000000000,BID_DEPTH,"[(99594, 100)]"
2019-06-28 13:01:10.000000000,ASK_DEPTH,"[(100458, 100), (100630, 100), (100653, 100), (100773, 100), (100793, 100)]"
2019-06-28 13:01:10.000000000,IMBALANCE,"[100, 500]"
2019-06-28 13:01:20.000000000,BID_DEPTH,"[(100176, 100), (99594, 100)]"
2019-06-28 13:01:20.000000000,ASK_DEPTH,"[(100342, 100), (100458, 100), (100630, 100), (100653, 100), (100773, 100)]"
2019-06-28 13:01:20.000000000,IMBALANCE,"[200, 500]"
2019-06-28 13:01:30.000000000,BID_DEPTH,"[(100176, 100), (99594, 100)]"
2019-06-28 13:01:30.000000000,ASK_DEPTH,"[(100342, 100), (100458, 100), (100630, 100), (100653, 100), (100773, 100)]"
2019-06-28 13:01:30.000000000,IMBALANCE,"[200, 500]"
2019-06-28 13:01:40.000000000,BID_DEPTH,"[(100176, 100), (99594, 100)]"
2019-06-28 13:01:40.000000000,ASK_DEPTH,"[(100342, 100), (100458, 100), (100630, 100), (100653, 100), (100773, 100)]"
2019-06-28 13:01:40.000000000,IMBALANCE,"[200, 500]"
2019-06-28 13:01:50.000000000,BID_DEPTH,"[(100176, 100), (99594, 100)]"
2019-06-28 13:01:50.000000000,ASK_DEPTH,"[(100456, 100), (100458, 100), (100630, 100), (100653, 100), (100773, 100)]"
2019-06-28 13:01:50.000000000,IMBALANCE,"[200, 500]"
2019-06-28 13:02:00.000000000,BID_DEPTH,"[(100176, 100), (99594, 100)]"
2019-06-28 13:02:00.000000000,ASK_DEPTH,"[(100456, 100), (100458, 100), (100630, 100), (100653, 100), (100773, 100)]"
2019-06-28 13:02:00.000000000,IMBALANCE,"[200, 500]"
2019-06-28 13:02:00.000000000,HOLDINGS_UPDATED,"{'CASH': -214571676, 'JPM': 2302}"
2019-06-28 13:02:00.000000000,HOLDINGS_UPDATED,"{'CASH': -215473260, 'JPM': 2311}"
2019-06-28 13:02:00.000000000,HOLDINGS_UPDATED,"{'CASH': -216274668, 'JPM': 2319}"
2019-06-28 13:02:00.000000000,HOLDINGS_UPDATED,"{'CASH': -216575196, 'JPM': 2322}"
2019-06-28 13:02:10.000000000,BID_DEPTH,"[(100176, 100), (99594, 100)]"
2019-06-28 13:02:10.000000000,ASK_DEPTH,"[(100456, 100), (100458, 100), (100630, 100), (100653, 100), (100773, 100)]"
2019-06-28 13:02:10.000000000,IMBALANCE,"[200, 500]"
2019-06-28 13:02:20.000000000,BID_DEPTH,"[(100176, 100), (99594, 100)]"
2019-06-28 13:02:20.000000000,ASK_DEPTH,"[(100456, 100), (100458, 100), (100630, 100), (100653, 100), (100773, 100)]"
2019-06-28 13:02:20.000000000,IMBALANCE,"[200, 500]"
2019-06-28 13:02:30.000000000,BID_DEPTH,"[(100176, 100), (99594, 100)]"
2019-06-28 13:02:30.000000000,ASK_DEPTH,"[(100456, 100), (100458, 100), (100630, 100), (100653, 100), (100773, 100)]"
2019-06-28 13:02:30.000000000,IMBALANCE,"[200, 500]"
2019-06-28 13:02:40.000000000,BID_DEPTH,"[(100176, 100), (99594, 100)]"
2019-06-28 13:02:40.000000000,ASK_DEPTH,"[(100456, 100), (100458, 100), (100630, 100), (100653, 100), (100773, 100)]"
2019-06-28 13:02:40.000000000,IMBALANCE,"[200, 500]"
2019-06-28 13:02:50.000000000,BID_DEPTH,"[(100176, 100), (99594, 100)]"
2019-06-28 13:02:50.000000000,ASK_DEPTH,"[(100456, 100), (100458, 100), (100492, 100), (100630, 100), (100773, 100)]"
2019-06-28 13:02:50.000000000,IMBALANCE,"[200, 500]"
2019-06-28 13:03:00.000000000,BID_DEPTH,"[(100176, 100), (99594, 100)]"
2019-06-28 13:03:00.000000000,ASK_DEPTH,"[(100456, 100), (100458, 100), (100492, 100), (100630, 100), (100773, 100)]"
2019-06-28 13:03:00.000000000,IMBALANCE,"[200, 500]"
2019-06-28 13:03:00.000000000,HOLDINGS_UPDATED,"{'CASH': -217276428, 'JPM': 2329}"
2019-06-28 13:03:00.000000000,HOLDINGS_UPDATED,"{'CASH': -218178012, 'JPM': 2338}"
2019-06-28 13:03:00.000000000,HOLDINGS_UPDATED,"{'CASH': -218979420, 'JPM': 2346}"
2019-06-28 13:03:00.000000000,HOLDINGS_UPDATED,"{'CASH': -219279948, 'JPM': 2349}"
2019-06-28 13:03:10.000000000,BID_DEPTH,"[(99594, 100)]"
2019-06-28 13:03:10.000000000,ASK_DEPTH,"[(100456, 100), (100458, 100), (100492, 100), (100630, 100), (100773, 100)]"
2019-06-28 13:03:10.000000000,IMBALANCE,"[100, 500]"
2019-06-28 13:03:20.000000000,BID_DEPTH,"[(99594, 100)]"
2019-06-28 13:03:20.000000000,ASK_DEPTH,"[(100456, 100), (100458, 100), (100492, 100), (100630, 100), (100773, 100)]"
2019-06-28 13:03:20.000000000,IMBALANCE,"[100, 500]"
2019-06-28 13:03:30.000000000,BID_DEPTH,"[(100023, 100), (99844, 100), (99594, 100)]"
2019-06-28 13:03:30.000000000,ASK_DEPTH,"[(100456, 100), (100458, 100), (100492, 100), (100630, 100), (100773, 100)]"
2019-06-28 13:03:30.000000000,IMBALANCE,"[300, 500]"
2019-06-28 13:03:40.000000000,BID_DEPTH,"[(100023, 100), (99844, 100), (99594, 100)]"
2019-06-28 13:03:40.000000000,ASK_DEPTH,"[(100456, 100), (100458, 100), (100492, 100), (100630, 100), (100773, 100)]"
2019-06-28 13:03:40.000000000,IMBALANCE,"[300, 500]"
2019-06-28 13:03:50.000000000,BID_DEPTH,"[(100023, 100), (99865, 100), (99845, 100), (99844, 100), (99594, 100)]"
2019-06-28 13:03:50.000000000,ASK_DEPTH,"[(100456, 100), (100458, 100), (100492, 100), (100630, 100), (100793, 100)]"
2019-06-28 13:03:50.000000000,IMBALANCE,"[500, 500]"
2019-06-28 13:04:00.000000000,BID_DEPTH,"[(100023, 100), (99865, 100), (99845, 100), (99844, 100), (99594, 100)]"
2019-06-28 13:04:00.000000000,ASK_DEPTH,"[(100456, 100), (100458, 100), (100492, 100), (100630, 100), (100793, 100)]"
2019-06-28 13:04:00.000000000,IMBALANCE,"[500, 500]"
2019-06-28 13:04:00.000000000,HOLDINGS_UPDATED,"{'CASH': -219980109, 'JPM': 2356}"
2019-06-28 13:04:00.000000000,HOLDINGS_UPDATED,"{'CASH': -220880316, 'JPM': 2365}"
2019-06-28 13:04:00.000000000,HOLDINGS_UPDATED,"{'CASH': -221680500, 'JPM': 2373}"
2019-06-28 13:04:00.000000000,HOLDINGS_UPDATED,"{'CASH': -221980569, 'JPM': 2376}"
2019-06-28 13:04:10.000000000,BID_DEPTH,"[(99865, 100), (99845, 100), (99844, 100), (99594, 100)]"
2019-06-28 13:04:10.000000000,ASK_DEPTH,"[(100456, 100), (100458, 100), (100492, 100), (100630, 100), (100793, 100)]"
2019-06-28 13:04:10.000000000,IMBALANCE,"[400, 500]"
2019-06-28 13:04:20.000000000,BID_DEPTH,"[(99865, 100), (99845, 100), (99844, 100), (99594, 100)]"
2019-06-28 13:04:20.000000000,ASK_DEPTH,"[(100456, 100), (100458, 100), (100492, 100), (100630, 100), (100793, 100)]"
2019-06-28 13:04:20.000000000,IMBALANCE,"[400, 500]"
2019-06-28 13:04:30.000000000,BID_DEPTH,"[(99865, 100), (99845, 100), (99844, 100), (99594, 100)]"
2019-06-28 13:04:30.000000000,ASK_DEPTH,"[(100456, 100), (100458, 100), (100492, 100), (100630, 100), (100793, 100)]"
2019-06-28 13:04:30.000000000,IMBALANCE,"[400, 500]"
2019-06-28 13:04:40.000000000,BID_DEPTH,"[(99865, 100), (99845, 100), (99844, 100), (99594, 100)]"
2019-06-28 13:04:40.000000000,ASK_DEPTH,"[(100456, 100), (100458, 100), (100492, 100), (100630, 100), (100793, 100)]"
2019-06-28 13:04:40.000000000,IMBALANCE,"[400, 500]"
2019-06-28 13:04:50.000000000,BID_DEPTH,"[(99865, 100), (99845, 100), (99844, 100), (99594, 100)]"
2019-06-28 13:04:50.000000000,ASK_DEPTH,"[(100456, 100), (100458, 100), (100492, 100), (100630, 100), (100793, 100)]"
2019-06-28 13:04:50.000000000,IMBALANCE,"[400, 500]"
2019-06-28 13:05:00.000000000,BID_DEPTH,"[(99845, 100), (99844, 100), (99594, 100)]"
2019-06-28 13:05:00.000000000,ASK_DEPTH,"[(100456, 100), (100458, 100), (100492, 100), (100630, 100), (100793, 100)]"
2019-06-28 13:05:00.000000000,IMBALANCE,"[300, 500]"
2019-06-28 13:05:00.000000000,HOLDINGS_UPDATED,"{'CASH': -222679484, 'JPM': 2383}"
2019-06-28 13:05:00.000000000,HOLDINGS_UPDATED,"{'CASH': -223578089, 'JPM': 2392}"
2019-06-28 13:05:00.000000000,HOLDINGS_UPDATED,"{'CASH': -224376849, 'JPM': 2400}"
2019-06-28 13:05:00.000000000,HOLDINGS_UPDATED,"{'CASH': -224676384, 'JPM': 2403}"
2019-06-28 13:05:04.223712140,HOLDINGS_UPDATED,"{'CASH': -230367549, 'JPM': 2460}"
2019-06-28 13:05:10.000000000,BID_DEPTH,"[(99844, 100), (99594, 100)]"
2019-06-28 13:05:10.000000000,ASK_DEPTH,"[(99845, 43), (100456, 100), (100458, 100), (100492, 100), (100630, 100)]"
2019-06-28 13:05:10.000000000,IMBALANCE,"[200, 443]"
2019-06-28 13:05:20.000000000,BID_DEPTH,"[(99844, 100), (99594, 100)]"
2019-06-28 13:05:20.000000000,ASK_DEPTH,"[(99845, 43), (100456, 100), (100458, 100), (100492, 100), (100630, 100)]"
2019-06-28 13:05:20.000000000,IMBALANCE,"[200, 443]"
2019-06-28 13:05:30.000000000,BID_DEPTH,"[(99844, 100), (99594, 100)]"
2019-06-28 13:05:30.000000000,ASK_DEPTH,"[(99845, 43), (100456, 100), (100458, 100), (100492, 100), (100630, 100)]"
2019-06-28 13:05:30.000000000,IMBALANCE,"[200, 443]"
2019-06-28 13:05:40.000000000,BID_DEPTH,"[(99844, 100), (99594, 100)]"
2019-06-28 13:05:40.000000000,ASK_DEPTH,"[(99845, 143), (100456, 100), (100458, 100), (100492, 100), (100630, 100)]"
2019-06-28 13:05:40.000000000,IMBALANCE,"[200, 543]"
2019-06-28 13:05:50.000000000,BID_DEPTH,"[(99594, 100)]"
2019-06-28 13:05:50.000000000,ASK_DEPTH,"[(99845, 143), (100456, 100), (100458, 100), (100492, 100), (100630, 100)]"
2019-06-28 13:05:50.000000000,IMBALANCE,"[100, 543]"
2019-06-28 13:06:00.000000000,BID_DEPTH,"[(99594, 100)]"
2019-06-28 13:06:00.000000000,ASK_DEPTH,"[(99699, 100), (99845, 143), (100456, 100), (100458, 100), (100492, 100)]"
2019-06-28 13:06:00.000000000,IMBALANCE,"[100, 543]"
2019-06-28 13:06:00.000000000,HOLDINGS_UPDATED,"{'CASH': -231064707, 'JPM': 2467}"
2019-06-28 13:06:00.000000000,HOLDINGS_UPDATED,"{'CASH': -231961053, 'JPM': 2476}"
2019-06-28 13:06:00.000000000,HOLDINGS_UPDATED,"{'CASH': -232757805, 'JPM': 2484}"
2019-06-28 13:06:00.000000000,HOLDINGS_UPDATED,"{'CASH': -233056587, 'JPM': 2487}"
2019-06-28 13:06:10.000000000,BID_DEPTH,"[(99594, 103)]"
2019-06-28 13:06:10.000000000,ASK_DEPTH,"[(99699, 100), (99845, 143), (100456, 100), (100458, 100), (100492, 100)]"
2019-06-28 13:06:10.000000000,IMBALANCE,"[103, 543]"
2019-06-28 13:06:20.000000000,BID_DEPTH,"[(99594, 103)]"
2019-06-28 13:06:20.000000000,ASK_DEPTH,"[(99699, 100), (99845, 143), (100456, 100), (100458, 100), (100492, 100)]"
2019-06-28 13:06:20.000000000,IMBALANCE,"[103, 543]"
2019-06-28 13:06:30.000000000,BID_DEPTH,"[(99594, 203)]"
2019-06-28 13:06:30.000000000,ASK_DEPTH,"[(99699, 100), (99845, 143), (100456, 100), (100458, 100), (100492, 100)]"
2019-06-28 13:06:30.000000000,IMBALANCE,"[203, 543]"
2019-06-28 13:06:40.000000000,BID_DEPTH,"[(99594, 303)]"
2019-06-28 13:06:40.000000000,ASK_DEPTH,"[(99699, 100), (99845, 143), (100456, 100), (100458, 100), (100492, 100)]"
2019-06-28 13:06:40.000000000,IMBALANCE,"[303, 543]"
2019-06-28 13:06:50.000000000,BID_DEPTH,"[(99594, 303)]"
2019-06-28 13:06:50.000000000,ASK_DEPTH,"[(99699, 100), (99845, 143), (100456, 100), (100458, 100), (100492, 100)]"
2019-06-28 13:06:50.000000000,IMBALANCE,"[303, 543]"
2019-06-28 13:07:00.000000000,BID_DEPTH,"[(99594, 203)]"
2019-06-28 13:07:00.000000000,ASK_DEPTH,"[(99699, 100), (99845, 143), (100456, 100), (100458, 100), (100492, 100)]"
2019-06-28 13:07:00.000000000,IMBALANCE,"[203, 543]"
2019-06-28 13:07:10.000000000,BID_DEPTH,"[(99594, 79)]"
2019-06-28 13:07:10.000000000,ASK_DEPTH,"[(99845, 143), (100456, 100), (100458, 100), (100492, 100), (100630, 100)]"
2019-06-28 13:07:10.000000000,IMBALANCE,"[79, 543]"
2019-06-28 13:07:20.000000000,BID_DEPTH,"[(99594, 79)]"
2019-06-28 13:07:20.000000000,ASK_DEPTH,"[(99845, 143), (100355, 100), (100456, 100), (100458, 100), (100492, 100)]"
2019-06-28 13:07:20.000000000,IMBALANCE,"[79, 543]"
2019-06-28 13:07:30.000000000,BID_DEPTH,"[(99594, 79)]"
2019-06-28 13:07:30.000000000,ASK_DEPTH,"[(99845, 143), (100355, 100), (100456, 100), (100458, 100), (100492, 100)]"
2019-06-28 13:07:30.000000000,IMBALANCE,"[79, 543]"
2019-06-28 13:07:40.000000000,BID_DEPTH,"[(99594, 79)]"
2019-06-28 13:07:40.000000000,ASK_DEPTH,"[(99845, 143), (99911, 100), (100355, 100), (100456, 100), (100458, 100)]"
2019-06-28 13:07:40.000000000,IMBALANCE,"[79, 543]"
2019-06-28 13:07:50.000000000,BID_DEPTH,"[(99594, 79)]"
2019-06-28 13:07:50.000000000,ASK_DEPTH,"[(99845, 143), (99911, 100), (100355, 100), (100456, 100), (100458, 100)]"
2019-06-28 13:07:50.000000000,IMBALANCE,"[79, 543]"
2019-06-28 13:08:00.000000000,BID_DEPTH,"[(99594, 79)]"
2019-06-28 13:08:00.000000000,ASK_DEPTH,"[(99845, 43), (99911, 100), (100355, 100), (100456, 100), (100458, 100)]"
2019-06-28 13:08:00.000000000,IMBALANCE,"[79, 443]"
2019-06-28 13:08:00.000000000,HOLDINGS_UPDATED,"{'CASH': -233454963, 'JPM': 2491}"
2019-06-28 13:08:00.000000000,HOLDINGS_UPDATED,"{'CASH': -233853339, 'JPM': 2495}"
2019-06-28 13:08:00.000000000,HOLDINGS_UPDATED,"{'CASH': -234351309, 'JPM': 2500}"
2019-06-28 13:08:00.000000000,HOLDINGS_UPDATED,"{'CASH': -235048467, 'JPM': 2507}"
2019-06-28 13:08:00.000000000,HOLDINGS_UPDATED,"{'CASH': -235845219, 'JPM': 2515}"
2019-06-28 13:08:00.000000000,HOLDINGS_UPDATED,"{'CASH': -236741565, 'JPM': 2524}"
2019-06-28 13:08:00.000000000,HOLDINGS_UPDATED,"{'CASH': -237538317, 'JPM': 2532}"
2019-06-28 13:08:00.000000000,HOLDINGS_UPDATED,"{'CASH': -237837099, 'JPM': 2535}"
2019-06-28 13:08:05.399372551,HOLDINGS_UPDATED,"{'CASH': -232145934, 'JPM': 2478}"
2019-06-28 13:08:10.000000000,BID_DEPTH,"[(99594, 3)]"
2019-06-28 13:08:10.000000000,ASK_DEPTH,"[(99911, 100), (100355, 100), (100456, 100), (100458, 100), (100492, 100)]"
2019-06-28 13:08:10.000000000,IMBALANCE,"[3, 500]"
2019-06-28 13:08:20.000000000,BID_DEPTH,"[(99595, 100), (99594, 3)]"
2019-06-28 13:08:20.000000000,ASK_DEPTH,"[(99911, 100), (100355, 100), (100456, 100), (100458, 100), (100492, 100)]"
2019-06-28 13:08:20.000000000,IMBALANCE,"[103, 500]"
2019-06-28 13:08:30.000000000,BID_DEPTH,"[(99595, 100), (99594, 3)]"
2019-06-28 13:08:30.000000000,ASK_DEPTH,"[(99911, 100), (100355, 100), (100456, 100), (100458, 100), (100492, 100)]"
2019-06-28 13:08:30.000000000,IMBALANCE,"[103, 500]"
2019-06-28 13:08:40.000000000,BID_DEPTH,"[(99595, 100), (99594, 3)]"
2019-06-28 13:08:40.000000000,ASK_DEPTH,"[(99911, 100), (100355, 100), (100456, 100), (100458, 100), (100492, 100)]"
2019-06-28 13:08:40.000000000,IMBALANCE,"[103, 500]"
2019-06-28 13:08:50.000000000,BID_DEPTH,"[(99595, 100), (99594, 3)]"
2019-06-28 13:08:50.000000000,ASK_DEPTH,"[(99911, 100), (100355, 100), (100456, 100), (100458, 100), (100492, 100)]"
2019-06-28 13:08:50.000000000,IMBALANCE,"[103, 500]"
2019-06-28 13:09:00.000000000,BID_DEPTH,"[(99595, 100), (99594, 3)]"
2019-06-28 13:09:00.000000000,ASK_DEPTH,"[(99911, 100), (100355, 100), (100456, 100), (100458, 100), (100492, 100)]"
2019-06-28 13:09:00.000000000,IMBALANCE,"[103, 500]"
2019-06-28 13:09:00.000000000,HOLDINGS_UPDATED,"{'CASH': -232843099, 'JPM': 2485}"
2019-06-28 13:09:00.000000000,HOLDINGS_UPDATED,"{'CASH': -233739454, 'JPM': 2494}"
2019-06-28 13:09:00.000000000,HOLDINGS_UPDATED,"{'CASH': -234536214, 'JPM': 2502}"
2019-06-28 13:09:00.000000000,HOLDINGS_UPDATED,"{'CASH': -234834999, 'JPM': 2505}"
2019-06-28 13:09:01.889056101,HOLDINGS_UPDATED,"{'CASH': -240511914, 'JPM': 2562}"
2019-06-28 13:09:10.000000000,BID_DEPTH,"[(99594, 3)]"
2019-06-28 13:09:10.000000000,ASK_DEPTH,"[(99595, 43), (99911, 100), (100355, 100), (100456, 100), (100458, 100)]"
2019-06-28 13:09:10.000000000,IMBALANCE,"[3, 443]"
2019-06-28 13:09:15.482797818,HOLDINGS_UPDATED,"{'CASH': -250172532, 'JPM': 2659}"
2019-06-28 13:09:20.000000000,BID_DEPTH,[]
2019-06-28 13:09:20.000000000,ASK_DEPTH,"[(99595, 43), (99911, 100), (100355, 100), (100456, 100), (100458, 100)]"
2019-06-28 13:09:20.000000000,IMBALANCE,"[0, 443]"
2019-06-28 13:09:30.000000000,BID_DEPTH,[]
2019-06-28 13:09:30.000000000,ASK_DEPTH,"[(99594, 100), (99595, 43), (99911, 100), (100355, 100), (100456, 100)]"
2019-06-28 13:09:30.000000000,IMBALANCE,"[0, 443]"
2019-06-28 13:09:40.000000000,BID_DEPTH,[]
2019-06-28 13:09:40.000000000,ASK_DEPTH,"[(99594, 100), (99595, 43), (99911, 100), (100355, 100), (100456, 100)]"
2019-06-28 13:09:40.000000000,IMBALANCE,"[0, 443]"
2019-06-28 13:09:50.000000000,BID_DEPTH,[]
2019-06-28 13:09:50.000000000,ASK_DEPTH,"[(99594, 200), (99595, 43), (99911, 100), (100355, 100), (100456, 100)]"
2019-06-28 13:09:50.000000000,IMBALANCE,"[0, 543]"
2019-06-28 13:10:00.000000000,BID_DEPTH,[]
2019-06-28 13:10:00.000000000,ASK_DEPTH,"[(99594, 200), (99595, 43), (99911, 100), (100355, 100), (100456, 100)]"
2019-06-28 13:10:00.000000000,IMBALANCE,"[0, 543]"
2019-06-28 13:10:10.000000000,BID_DEPTH,[]
2019-06-28 13:10:10.000000000,ASK_DEPTH,"[(99594, 200), (99595, 43), (99844, 100), (99911, 100), (100355, 100)]"
2019-06-28 13:10:10.000000000,IMBALANCE,"[0, 543]"
2019-06-28 13:10:20.000000000,BID_DEPTH,[]
2019-06-28 13:10:20.000000000,ASK_DEPTH,"[(99594, 200), (99595, 43), (99844, 100), (99911, 100), (100355, 100)]"
2019-06-28 13:10:20.000000000,IMBALANCE,"[0, 543]"
2019-06-28 13:10:30.000000000,BID_DEPTH,[]
2019-06-28 13:10:30.000000000,ASK_DEPTH,"[(99594, 200), (99595, 43), (99844, 100), (99911, 100), (100355, 100)]"
2019-06-28 13:10:30.000000000,IMBALANCE,"[0, 543]"
2019-06-28 13:10:40.000000000,BID_DEPTH,[]
2019-06-28 13:10:40.000000000,ASK_DEPTH,"[(99442, 100), (99594, 200), (99595, 43), (99844, 100), (99911, 100)]"
2019-06-28 13:10:40.000000000,IMBALANCE,"[0, 543]"
2019-06-28 13:10:50.000000000,BID_DEPTH,[]
2019-06-28 13:10:50.000000000,ASK_DEPTH,"[(99442, 100), (99594, 200), (99595, 43), (99844, 100), (99911, 100)]"
2019-06-28 13:10:50.000000000,IMBALANCE,"[0, 543]"
2019-06-28 13:11:00.000000000,BID_DEPTH,[]
2019-06-28 13:11:00.000000000,ASK_DEPTH,"[(99442, 100), (99594, 200), (99595, 43), (99844, 100), (99911, 100)]"
2019-06-28 13:11:00.000000000,IMBALANCE,"[0, 543]"
2019-06-28 13:11:10.000000000,BID_DEPTH,[]
2019-06-28 13:11:10.000000000,ASK_DEPTH,"[(99442, 100), (99594, 200), (99595, 43), (99844, 100), (99911, 100)]"
2019-06-28 13:11:10.000000000,IMBALANCE,"[0, 543]"
2019-06-28 13:11:20.000000000,BID_DEPTH,[]
2019-06-28 13:11:20.000000000,ASK_DEPTH,"[(99442, 100), (99594, 200), (99595, 43), (99844, 100), (99911, 100)]"
2019-06-28 13:11:20.000000000,IMBALANCE,"[0, 543]"
2019-06-28 13:11:30.000000000,BID_DEPTH,[]
2019-06-28 13:11:30.000000000,ASK_DEPTH,"[(99442, 100), (99594, 200), (99595, 43), (99844, 100), (99911, 100)]"
2019-06-28 13:11:30.000000000,IMBALANCE,"[0, 543]"
2019-06-28 13:11:40.000000000,BID_DEPTH,[]
2019-06-28 13:11:40.000000000,ASK_DEPTH,"[(99442, 100), (99594, 200), (99595, 43), (99844, 100), (99911, 100)]"
2019-06-28 13:11:40.000000000,IMBALANCE,"[0, 543]"
2019-06-28 13:11:50.000000000,BID_DEPTH,[]
2019-06-28 13:11:50.000000000,ASK_DEPTH,"[(99442, 100), (99594, 200), (99595, 43), (99844, 100), (99911, 100)]"
2019-06-28 13:11:50.000000000,IMBALANCE,"[0, 543]"
2019-06-28 13:12:00.000000000,BID_DEPTH,[]
2019-06-28 13:12:00.000000000,ASK_DEPTH,"[(99442, 100), (99594, 200), (99595, 43), (99844, 100), (99911, 100)]"
2019-06-28 13:12:00.000000000,IMBALANCE,"[0, 543]"
2019-06-28 13:12:10.000000000,BID_DEPTH,"[(98411, 100)]"
2019-06-28 13:12:10.000000000,ASK_DEPTH,"[(99442, 100), (99594, 200), (99595, 43), (99844, 100), (99911, 100)]"
2019-06-28 13:12:10.000000000,IMBALANCE,"[100, 543]"
2019-06-28 13:12:20.000000000,BID_DEPTH,"[(98411, 100)]"
2019-06-28 13:12:20.000000000,ASK_DEPTH,"[(99442, 100), (99594, 300), (99595, 43), (99844, 100), (99911, 100)]"
2019-06-28 13:12:20.000000000,IMBALANCE,"[100, 643]"
2019-06-28 13:12:30.000000000,BID_DEPTH,"[(98411, 100)]"
2019-06-28 13:12:30.000000000,ASK_DEPTH,"[(98611, 100), (99442, 100), (99594, 300), (99595, 43), (99844, 100)]"
2019-06-28 13:12:30.000000000,IMBALANCE,"[100, 643]"
2019-06-28 13:12:40.000000000,BID_DEPTH,"[(98411, 100)]"
2019-06-28 13:12:40.000000000,ASK_DEPTH,"[(99442, 100), (99594, 300), (99595, 43), (99844, 100), (99911, 100)]"
2019-06-28 13:12:40.000000000,IMBALANCE,"[100, 643]"
2019-06-28 13:12:50.000000000,BID_DEPTH,"[(98772, 100), (98411, 100)]"
2019-06-28 13:12:50.000000000,ASK_DEPTH,"[(98937, 100), (99442, 100), (99594, 300), (99595, 43), (99844, 100)]"
2019-06-28 13:12:50.000000000,IMBALANCE,"[200, 643]"
2019-06-28 13:13:00.000000000,BID_DEPTH,"[(98772, 100), (98698, 100), (98411, 100)]"
2019-06-28 13:13:00.000000000,ASK_DEPTH,"[(98937, 100), (99442, 100), (99594, 300), (99595, 43), (99844, 100)]"
2019-06-28 13:13:00.000000000,IMBALANCE,"[300, 643]"
2019-06-28 13:13:00.000000000,HOLDINGS_UPDATED,"{'CASH': -250863936, 'JPM': 2666}"
2019-06-28 13:13:00.000000000,HOLDINGS_UPDATED,"{'CASH': -251752884, 'JPM': 2675}"
2019-06-28 13:13:00.000000000,HOLDINGS_UPDATED,"{'CASH': -252543060, 'JPM': 2683}"
2019-06-28 13:13:00.000000000,HOLDINGS_UPDATED,"{'CASH': -252839376, 'JPM': 2686}"
2019-06-28 13:13:01.979427815,HOLDINGS_UPDATED,"{'CASH': -262716576, 'JPM': 2786}"
2019-06-28 13:13:10.000000000,BID_DEPTH,"[(98772, 3), (98723, 100), (98698, 100), (98411, 100)]"
2019-06-28 13:13:10.000000000,ASK_DEPTH,"[(98937, 100), (99442, 100), (99594, 300), (99595, 43), (99844, 100)]"
2019-06-28 13:13:10.000000000,IMBALANCE,"[303, 643]"
2019-06-28 13:13:20.000000000,BID_DEPTH,"[(98772, 3), (98698, 100), (98411, 100)]"
2019-06-28 13:13:20.000000000,ASK_DEPTH,"[(98932, 100), (98937, 100), (99442, 100), (99594, 300), (99595, 43)]"
2019-06-28 13:13:20.000000000,IMBALANCE,"[203, 643]"
2019-06-28 13:13:30.000000000,BID_DEPTH,"[(98772, 3), (98698, 100), (98411, 100)]"
2019-06-28 13:13:30.000000000,ASK_DEPTH,"[(98932, 100), (98937, 100), (98973, 100), (99442, 100), (99594, 300)]"
2019-06-28 13:13:30.000000000,IMBALANCE,"[203, 700]"
2019-06-28 13:13:31.959024524,HOLDINGS_UPDATED,"{'CASH': -272297460, 'JPM': 2883}"
2019-06-28 13:13:40.000000000,BID_DEPTH,"[(98846, 100), (98698, 100), (98411, 100)]"
2019-06-28 13:13:40.000000000,ASK_DEPTH,"[(98932, 100), (98937, 100), (98973, 100), (99117, 100), (99442, 100)]"
2019-06-28 13:13:40.000000000,IMBALANCE,"[300, 500]"
2019-06-28 13:13:50.000000000,BID_DEPTH,"[(98846, 100), (98698, 100), (98693, 100), (98411, 100)]"
2019-06-28 13:13:50.000000000,ASK_DEPTH,"[(98932, 100), (98937, 100), (98973, 100), (99117, 100), (99442, 100)]"
2019-06-28 13:13:50.000000000,IMBALANCE,"[400, 500]"
2019-06-28 13:14:00.000000000,BID_DEPTH,"[(98846, 100), (98698, 100), (98693, 100), (98411, 100)]"
2019-06-28 13:14:00.000000000,ASK_DEPTH,"[(98932, 100), (98937, 100), (98973, 100), (99117, 100), (99442, 100)]"
2019-06-28 13:14:00.000000000,IMBALANCE,"[400, 500]"
2019-06-28 13:14:00.000000000,HOLDINGS_UPDATED,"{'CASH': -272989382, 'JPM': 2890}"
2019-06-28 13:14:00.000000000,HOLDINGS_UPDATED,"{'CASH': -273878996, 'JPM': 2899}"
2019-06-28 13:14:00.000000000,HOLDINGS_UPDATED,"{'CASH': -274669764, 'JPM': 2907}"
2019-06-28 13:14:00.000000000,HOLDINGS_UPDATED,"{'CASH': -274966302, 'JPM': 2910}"
2019-06-28 13:14:10.000000000,BID_DEPTH,"[(98846, 3), (98698, 100), (98693, 100), (98411, 100)]"
2019-06-28 13:14:10.000000000,ASK_DEPTH,"[(98932, 100), (98937, 100), (98973, 100), (99117, 100), (99442, 100)]"
2019-06-28 13:14:10.000000000,IMBALANCE,"[303, 500]"
2019-06-28 13:14:20.000000000,BID_DEPTH,"[(98846, 3), (98698, 100), (98693, 100), (98411, 100)]"
2019-06-28 13:14:20.000000000,ASK_DEPTH,"[(98932, 100), (98937, 100), (98973, 100), (99117, 100), (99442, 100)]"
2019-06-28 13:14:20.000000000,IMBALANCE,"[303, 500]"
2019-06-28 13:14:30.000000000,BID_DEPTH,"[(98846, 103), (98698, 100), (98693, 100), (98411, 100)]"
2019-06-28 13:14:30.000000000,ASK_DEPTH,"[(98932, 100), (98937, 100), (98973, 100), (99117, 100), (99339, 100)]"
2019-06-28 13:14:30.000000000,IMBALANCE,"[403, 500]"
2019-06-28 13:14:40.000000000,BID_DEPTH,"[(98846, 103), (98698, 100), (98693, 100), (98411, 100)]"
2019-06-28 13:14:40.000000000,ASK_DEPTH,"[(98937, 100), (98973, 100), (99117, 100), (99339, 100), (99594, 300)]"
2019-06-28 13:14:40.000000000,IMBALANCE,"[403, 700]"
2019-06-28 13:14:50.000000000,BID_DEPTH,"[(98847, 100), (98846, 103), (98698, 100), (98693, 100), (98411, 100)]"
2019-06-28 13:14:50.000000000,ASK_DEPTH,"[(98937, 100), (98973, 100), (99117, 100), (99339, 100), (99594, 300)]"
2019-06-28 13:14:50.000000000,IMBALANCE,"[503, 700]"
2019-06-28 13:15:00.000000000,BID_DEPTH,"[(98847, 100), (98846, 103), (98698, 100), (98693, 100), (98411, 100)]"
2019-06-28 13:15:00.000000000,ASK_DEPTH,"[(98937, 100), (98973, 100), (99117, 100), (99339, 100), (99594, 300)]"
2019-06-28 13:15:00.000000000,IMBALANCE,"[503, 700]"
2019-06-28 13:15:00.000000000,HOLDINGS_UPDATED,"{'CASH': -275658231, 'JPM': 2917}"
2019-06-28 13:15:00.000000000,HOLDINGS_UPDATED,"{'CASH': -276547854, 'JPM': 2926}"
2019-06-28 13:15:00.000000000,HOLDINGS_UPDATED,"{'CASH': -277338630, 'JPM': 2934}"
2019-06-28 13:15:00.000000000,HOLDINGS_UPDATED,"{'CASH': -277635171, 'JPM': 2937}"
2019-06-28 13:15:10.000000000,BID_DEPTH,"[(98847, 3), (98846, 103), (98698, 100), (98693, 100), (98411, 100)]"
2019-06-28 13:15:10.000000000,ASK_DEPTH,"[(98937, 100), (98973, 100), (99117, 100), (99339, 100), (99594, 300)]"
2019-06-28 13:15:10.000000000,IMBALANCE,"[406, 700]"
2019-06-28 13:15:20.000000000,BID_DEPTH,"[(98847, 3), (98846, 103), (98698, 100), (98693, 100), (98411, 100)]"
2019-06-28 13:15:20.000000000,ASK_DEPTH,"[(98937, 100), (98973, 100), (99117, 100), (99339, 100), (99594, 300)]"
2019-06-28 13:15:20.000000000,IMBALANCE,"[406, 700]"
2019-06-28 13:15:30.000000000,BID_DEPTH,"[(98847, 3), (98846, 103), (98698, 100), (98693, 100), (98411, 100)]"
2019-06-28 13:15:30.000000000,ASK_DEPTH,"[(98937, 100), (98973, 100), (99117, 100), (99339, 100), (99594, 300)]"
2019-06-28 13:15:30.000000000,IMBALANCE,"[406, 700]"
2019-06-28 13:15:40.000000000,BID_DEPTH,"[(98847, 3), (98846, 103), (98698, 100), (98693, 100), (98651, 100)]"
2019-06-28 13:15:40.000000000,ASK_DEPTH,"[(98937, 100), (98973, 100), (99117, 100), (99339, 100), (99594, 300)]"
2019-06-28 13:15:40.000000000,IMBALANCE,"[406, 700]"
2019-06-28 13:15:50.000000000,BID_DEPTH,"[(98847, 3), (98846, 103), (98698, 100), (98693, 100), (98651, 100)]"
2019-06-28 13:15:50.000000000,ASK_DEPTH,"[(98937, 100), (98973, 100), (99117, 100), (99339, 100), (99594, 300)]"
2019-06-28 13:15:50.000000000,IMBALANCE,"[406, 700]"
2019-06-28 13:15:54.463159471,HOLDINGS_UPDATED,"{'CASH': -287223330, 'JPM': 3034}"
2019-06-28 13:16:00.000000000,BID_DEPTH,"[(98846, 103), (98698, 100), (98693, 100), (98651, 100), (98411, 100)]"
2019-06-28 13:16:00.000000000,ASK_DEPTH,"[(98937, 100), (98973, 100), (99117, 100), (99339, 100), (99594, 300)]"
2019-06-28 13:16:00.000000000,IMBALANCE,"[503, 700]"
2019-06-28 13:16:00.000000000,HOLDINGS_UPDATED,"{'CASH': -287618714, 'JPM': 3038}"
2019-06-28 13:16:00.000000000,HOLDINGS_UPDATED,"{'CASH': -288508328, 'JPM': 3047}"
2019-06-28 13:16:00.000000000,HOLDINGS_UPDATED,"{'CASH': -289299096, 'JPM': 3055}"
2019-06-28 13:16:00.000000000,HOLDINGS_UPDATED,"{'CASH': -289595634, 'JPM': 3058}"
2019-06-28 13:16:10.000000000,BID_DEPTH,"[(98846, 3), (98698, 100), (98693, 100), (98651, 100), (98411, 100)]"
2019-06-28 13:16:10.000000000,ASK_DEPTH,"[(98937, 100), (98973, 100), (99117, 100), (99339, 100), (99594, 300)]"
2019-06-28 13:16:10.000000000,IMBALANCE,"[403, 700]"
2019-06-28 13:16:20.000000000,BID_DEPTH,"[(98846, 3), (98698, 100), (98693, 100), (98651, 100), (98411, 100)]"
2019-06-28 13:16:20.000000000,ASK_DEPTH,"[(98937, 100), (98973, 100), (99117, 100), (99339, 100), (99594, 300)]"
2019-06-28 13:16:20.000000000,IMBALANCE,"[403, 700]"
2019-06-28 13:16:30.000000000,BID_DEPTH,"[(98846, 3), (98698, 100), (98693, 100), (98651, 100), (98411, 100)]"
2019-06-28 13:16:30.000000000,ASK_DEPTH,"[(98937, 100), (98973, 100), (99117, 100), (99339, 100), (99594, 300)]"
2019-06-28 13:16:30.000000000,IMBALANCE,"[403, 700]"
2019-06-28 13:16:40.000000000,BID_DEPTH,"[(98846, 3), (98698, 100), (98693, 100), (98651, 100), (98411, 100)]"
2019-06-28 13:16:40.000000000,ASK_DEPTH,"[(98937, 100), (98973, 100), (99117, 100), (99339, 100), (99594, 300)]"
2019-06-28 13:16:40.000000000,IMBALANCE,"[403, 700]"
2019-06-28 13:16:47.676130827,HOLDINGS_UPDATED,"{'CASH': -299183696, 'JPM': 3155}"
2019-06-28 13:16:50.000000000,BID_DEPTH,"[(98698, 100), (98693, 100), (98651, 100), (98411, 100), (98206, 100)]"
2019-06-28 13:16:50.000000000,ASK_DEPTH,"[(98937, 100), (98973, 100), (99117, 100), (99339, 100), (99594, 300)]"
2019-06-28 13:16:50.000000000,IMBALANCE,"[500, 700]"
2019-06-28 13:17:00.000000000,BID_DEPTH,"[(98698, 100), (98693, 100), (98651, 100), (98575, 100), (98411, 100)]"
2019-06-28 13:17:00.000000000,ASK_DEPTH,"[(98937, 100), (98973, 100), (99117, 100), (99339, 100), (99594, 300)]"
2019-06-28 13:17:00.000000000,IMBALANCE,"[500, 700]"
2019-06-28 13:17:00.000000000,HOLDINGS_UPDATED,"{'CASH': -299874582, 'JPM': 3162}"
2019-06-28 13:17:00.000000000,HOLDINGS_UPDATED,"{'CASH': -300762864, 'JPM': 3171}"
2019-06-28 13:17:00.000000000,HOLDINGS_UPDATED,"{'CASH': -301552448, 'JPM': 3179}"
2019-06-28 13:17:00.000000000,HOLDINGS_UPDATED,"{'CASH': -301848542, 'JPM': 3182}"
2019-06-28 13:17:10.000000000,BID_DEPTH,"[(98698, 3), (98693, 100), (98651, 100), (98575, 100), (98411, 100)]"
2019-06-28 13:17:10.000000000,ASK_DEPTH,"[(98937, 100), (98973, 100), (99117, 100), (99339, 100), (99594, 300)]"
2019-06-28 13:17:10.000000000,IMBALANCE,"[403, 700]"
2019-06-28 13:17:20.000000000,BID_DEPTH,"[(98698, 3), (98693, 100), (98651, 100), (98641, 100), (98575, 100)]"
2019-06-28 13:17:20.000000000,ASK_DEPTH,"[(98937, 100), (98973, 100), (99339, 100), (99594, 300), (99595, 43)]"
2019-06-28 13:17:20.000000000,IMBALANCE,"[403, 643]"
2019-06-28 13:17:30.000000000,BID_DEPTH,"[(98698, 3), (98693, 100), (98651, 100), (98641, 100), (98575, 100)]"
2019-06-28 13:17:30.000000000,ASK_DEPTH,"[(98937, 100), (98973, 100), (99339, 100), (99594, 300), (99595, 43)]"
2019-06-28 13:17:30.000000000,IMBALANCE,"[403, 643]"
2019-06-28 13:17:40.000000000,BID_DEPTH,"[(98698, 3), (98693, 100), (98651, 100), (98641, 100), (98575, 100)]"
2019-06-28 13:17:40.000000000,ASK_DEPTH,"[(98937, 100), (98973, 100), (99339, 100), (99594, 300), (99595, 43)]"
2019-06-28 13:17:40.000000000,IMBALANCE,"[403, 643]"
2019-06-28 13:17:50.000000000,BID_DEPTH,"[(98698, 3), (98693, 100), (98651, 100), (98641, 100), (98620, 100)]"
2019-06-28 13:17:50.000000000,ASK_DEPTH,"[(98937, 100), (98973, 100), (99339, 100), (99594, 300), (99595, 43)]"
2019-06-28 13:17:50.000000000,IMBALANCE,"[403, 643]"
2019-06-28 13:18:00.000000000,BID_DEPTH,"[(98698, 3), (98693, 100), (98651, 100), (98641, 100), (98620, 100)]"
2019-06-28 13:18:00.000000000,ASK_DEPTH,"[(98937, 100), (98973, 100), (99339, 100), (99594, 300), (99595, 43)]"
2019-06-28 13:18:00.000000000,IMBALANCE,"[403, 643]"
2019-06-28 13:18:00.000000000,HOLDINGS_UPDATED,"{'CASH': -302440730, 'JPM': 3188}"
2019-06-28 13:18:00.000000000,HOLDINGS_UPDATED,"{'CASH': -302934220, 'JPM': 3193}"
2019-06-28 13:18:00.000000000,HOLDINGS_UPDATED,"{'CASH': -303230314, 'JPM': 3196}"
2019-06-28 13:18:00.000000000,HOLDINGS_UPDATED,"{'CASH': -304019898, 'JPM': 3204}"
2019-06-28 13:18:00.000000000,HOLDINGS_UPDATED,"{'CASH': -304315992, 'JPM': 3207}"
2019-06-28 13:18:00.000000000,HOLDINGS_UPDATED,"{'CASH': -304908180, 'JPM': 3213}"
2019-06-28 13:18:00.000000000,HOLDINGS_UPDATED,"{'CASH': -305697764, 'JPM': 3221}"
2019-06-28 13:18:00.000000000,HOLDINGS_UPDATED,"{'CASH': -305796462, 'JPM': 3222}"
2019-06-28 13:18:00.000000000,HOLDINGS_UPDATED,"{'CASH': -305895160, 'JPM': 3223}"
2019-06-28 13:18:00.000000000,HOLDINGS_UPDATED,"{'CASH': -306388650, 'JPM': 3228}"
2019-06-28 13:18:00.000000000,HOLDINGS_UPDATED,"{'CASH': -306487348, 'JPM': 3229}"
2019-06-28 13:18:00.000000000,HOLDINGS_UPDATED,"{'CASH': -306684744, 'JPM': 3231}"
2019-06-28 13:18:00.000000000,HOLDINGS_UPDATED,"{'CASH': -307178234, 'JPM': 3236}"
2019-06-28 13:18:00.000000000,HOLDINGS_UPDATED,"{'CASH': -308066516, 'JPM': 3245}"
2019-06-28 13:18:00.000000000,HOLDINGS_UPDATED,"{'CASH': -308954798, 'JPM': 3254}"
2019-06-28 13:18:00.000000000,HOLDINGS_UPDATED,"{'CASH': -309744382, 'JPM': 3262}"
2019-06-28 13:18:00.000000000,HOLDINGS_UPDATED,"{'CASH': -310139174, 'JPM': 3266}"
2019-06-28 13:18:00.000000000,HOLDINGS_UPDATED,"{'CASH': -310632664, 'JPM': 3271}"
2019-06-28 13:18:00.000000000,HOLDINGS_UPDATED,"{'CASH': -311323550, 'JPM': 3278}"
2019-06-28 13:18:00.000000000,HOLDINGS_UPDATED,"{'CASH': -312113134, 'JPM': 3286}"
2019-06-28 13:18:00.000000000,HOLDINGS_UPDATED,"{'CASH': -313001416, 'JPM': 3295}"
2019-06-28 13:18:00.000000000,HOLDINGS_UPDATED,"{'CASH': -313791000, 'JPM': 3303}"
2019-06-28 13:18:00.000000000,HOLDINGS_UPDATED,"{'CASH': -314087094, 'JPM': 3306}"
2019-06-28 13:18:10.000000000,BID_DEPTH,"[(98698, 3), (98693, 100), (98651, 100), (98641, 100), (98620, 100)]"
2019-06-28 13:18:10.000000000,ASK_DEPTH,"[(98937, 100), (98973, 100), (99339, 100), (99594, 300), (99595, 43)]"
2019-06-28 13:18:10.000000000,IMBALANCE,"[403, 643]"
2019-06-28 13:18:20.000000000,BID_DEPTH,"[(98698, 3), (98693, 100), (98651, 100), (98641, 100), (98620, 100)]"
2019-06-28 13:18:20.000000000,ASK_DEPTH,"[(98937, 100), (98973, 100), (99339, 100), (99594, 300), (99595, 43)]"
2019-06-28 13:18:20.000000000,IMBALANCE,"[403, 643]"
2019-06-28 13:18:30.000000000,BID_DEPTH,"[(98698, 3), (98693, 100), (98651, 100), (98641, 100), (98620, 100)]"
2019-06-28 13:18:30.000000000,ASK_DEPTH,"[(98937, 100), (98973, 100), (99339, 100), (99594, 300), (99844, 100)]"
2019-06-28 13:18:30.000000000,IMBALANCE,"[403, 700]"
2019-06-28 13:18:40.000000000,BID_DEPTH,"[(98698, 3), (98693, 100), (98651, 100), (98641, 100), (98620, 100)]"
2019-06-28 13:18:40.000000000,ASK_DEPTH,"[(98937, 100), (98973, 100), (99339, 100), (99594, 300), (99844, 100)]"
2019-06-28 13:18:40.000000000,IMBALANCE,"[403, 700]"
2019-06-28 13:18:43.943909239,HOLDINGS_UPDATED,"{'CASH': -323660800, 'JPM': 3403}"
2019-06-28 13:18:50.000000000,BID_DEPTH,"[(98693, 100), (98651, 100), (98641, 100), (98620, 100), (98576, 100)]"
2019-06-28 13:18:50.000000000,ASK_DEPTH,"[(98937, 100), (98973, 100), (99339, 100), (99594, 300), (99844, 100)]"
2019-06-28 13:18:50.000000000,IMBALANCE,"[500, 700]"
2019-06-28 13:19:00.000000000,BID_DEPTH,"[(98693, 100), (98651, 100), (98641, 100), (98620, 100), (98576, 100)]"
2019-06-28 13:19:00.000000000,ASK_DEPTH,"[(98937, 100), (98973, 100), (99339, 100), (99594, 300), (99844, 100)]"
2019-06-28 13:19:00.000000000,IMBALANCE,"[500, 700]"
2019-06-28 13:19:00.000000000,HOLDINGS_UPDATED,"{'CASH': -324351651, 'JPM': 3410}"
2019-06-28 13:19:00.000000000,HOLDINGS_UPDATED,"{'CASH': -325239888, 'JPM': 3419}"
2019-06-28 13:19:00.000000000,HOLDINGS_UPDATED,"{'CASH': -326029432, 'JPM': 3427}"
2019-06-28 13:19:00.000000000,HOLDINGS_UPDATED,"{'CASH': -326325511, 'JPM': 3430}"
2019-06-28 13:19:10.000000000,BID_DEPTH,"[(98693, 3), (98651, 100), (98641, 100), (98620, 100), (98576, 100)]"
2019-06-28 13:19:10.000000000,ASK_DEPTH,"[(98937, 100), (98973, 100), (99339, 100), (99594, 300), (99844, 100)]"
2019-06-28 13:19:10.000000000,IMBALANCE,"[403, 700]"
2019-06-28 13:19:20.000000000,BID_DEPTH,"[(98693, 3), (98651, 100), (98641, 100), (98620, 100), (98576, 100)]"
2019-06-28 13:19:20.000000000,ASK_DEPTH,"[(98937, 100), (98973, 100), (99339, 100), (99594, 300), (99844, 100)]"
2019-06-28 13:19:20.000000000,IMBALANCE,"[403, 700]"
2019-06-28 13:19:30.000000000,BID_DEPTH,"[(98693, 3), (98651, 100), (98641, 100), (98620, 100), (98576, 100)]"
2019-06-28 13:19:30.000000000,ASK_DEPTH,"[(98973, 100), (99339, 100), (99594, 300), (99844, 100), (99911, 100)]"
2019-06-28 13:19:30.000000000,IMBALANCE,"[403, 700]"
2019-06-28 13:19:40.000000000,BID_DEPTH,"[(98693, 3), (98651, 100), (98641, 100), (98620, 100), (98576, 100)]"
2019-06-28 13:19:40.000000000,ASK_DEPTH,"[(98973, 100), (99339, 100), (99594, 300), (99844, 100), (99911, 100)]"
2019-06-28 13:19:40.000000000,IMBALANCE,"[403, 700]"
2019-06-28 13:19:50.000000000,BID_DEPTH,"[(98693, 3), (98651, 100), (98641, 100), (98576, 100), (98411, 100)]"
2019-06-28 13:19:50.000000000,ASK_DEPTH,"[(98973, 100), (99339, 100), (99355, 100), (99594, 300), (99844, 100)]"
2019-06-28 13:19:50.000000000,IMBALANCE,"[403, 700]"
2019-06-28 13:20:00.000000000,BID_DEPTH,"[(98693, 3), (98651, 100), (98641, 100), (98576, 100), (98411, 100)]"
2019-06-28 13:20:00.000000000,ASK_DEPTH,"[(98973, 100), (99339, 100), (99355, 100), (99594, 300), (99844, 100)]"
2019-06-28 13:20:00.000000000,IMBALANCE,"[403, 700]"
2019-06-28 13:20:00.000000000,HOLDINGS_UPDATED,"{'CASH': -326917669, 'JPM': 3436}"
2019-06-28 13:20:00.000000000,HOLDINGS_UPDATED,"{'CASH': -327411134, 'JPM': 3441}"
2019-06-28 13:20:00.000000000,HOLDINGS_UPDATED,"{'CASH': -327707213, 'JPM': 3444}"
2019-06-28 13:20:00.000000000,HOLDINGS_UPDATED,"{'CASH': -328496757, 'JPM': 3452}"
2019-06-28 13:20:00.000000000,HOLDINGS_UPDATED,"{'CASH': -328792836, 'JPM': 3455}"
2019-06-28 13:20:00.000000000,HOLDINGS_UPDATED,"{'CASH': -329384994, 'JPM': 3461}"
2019-06-28 13:20:00.000000000,HOLDINGS_UPDATED,"{'CASH': -330174538, 'JPM': 3469}"
2019-06-28 13:20:00.000000000,HOLDINGS_UPDATED,"{'CASH': -330273231, 'JPM': 3470}"
2019-06-28 13:20:00.000000000,HOLDINGS_UPDATED,"{'CASH': -330371924, 'JPM': 3471}"
2019-06-28 13:20:00.000000000,HOLDINGS_UPDATED,"{'CASH': -330865389, 'JPM': 3476}"
2019-06-28 13:20:00.000000000,HOLDINGS_UPDATED,"{'CASH': -330964082, 'JPM': 3477}"
2019-06-28 13:20:00.000000000,HOLDINGS_UPDATED,"{'CASH': -331161468, 'JPM': 3479}"
2019-06-28 13:20:00.000000000,HOLDINGS_UPDATED,"{'CASH': -331654933, 'JPM': 3484}"
2019-06-28 13:20:00.000000000,HOLDINGS_UPDATED,"{'CASH': -332543170, 'JPM': 3493}"
2019-06-28 13:20:00.000000000,HOLDINGS_UPDATED,"{'CASH': -333431407, 'JPM': 3502}"
2019-06-28 13:20:00.000000000,HOLDINGS_UPDATED,"{'CASH': -334220951, 'JPM': 3510}"
2019-06-28 13:20:00.000000000,HOLDINGS_UPDATED,"{'CASH': -334615723, 'JPM': 3514}"
2019-06-28 13:20:10.000000000,BID_DEPTH,"[(98651, 63), (98641, 100), (98576, 100), (98411, 100), (98206, 100)]"
2019-06-28 13:20:10.000000000,ASK_DEPTH,"[(98973, 100), (99339, 100), (99355, 100), (99594, 300), (99844, 100)]"
2019-06-28 13:20:10.000000000,IMBALANCE,"[463, 700]"
2019-06-28 13:20:20.000000000,BID_DEPTH,"[(98651, 63), (98641, 100), (98576, 100), (98411, 100), (98206, 100)]"
2019-06-28 13:20:20.000000000,ASK_DEPTH,"[(98973, 100), (99339, 100), (99355, 100), (99594, 300), (99844, 100)]"
2019-06-28 13:20:20.000000000,IMBALANCE,"[463, 700]"
2019-06-28 13:20:30.000000000,BID_DEPTH,"[(98651, 63), (98641, 100), (98576, 100), (98411, 100), (98206, 100)]"
2019-06-28 13:20:30.000000000,ASK_DEPTH,"[(99339, 100), (99355, 100), (99594, 300), (99844, 100), (99911, 100)]"
2019-06-28 13:20:30.000000000,IMBALANCE,"[463, 700]"
2019-06-28 13:20:40.000000000,BID_DEPTH,"[(98651, 63), (98641, 100), (98576, 100), (98411, 100), (98141, 100)]"
2019-06-28 13:20:40.000000000,ASK_DEPTH,"[(99062, 100), (99339, 100), (99355, 100), (99594, 300), (99844, 100)]"
2019-06-28 13:20:40.000000000,IMBALANCE,"[463, 700]"
2019-06-28 13:20:50.000000000,BID_DEPTH,"[(98651, 63), (98641, 100), (98576, 100), (98411, 100), (98141, 100)]"
2019-06-28 13:20:50.000000000,ASK_DEPTH,"[(99062, 100), (99339, 100), (99355, 100), (99594, 300), (99844, 100)]"
2019-06-28 13:20:50.000000000,IMBALANCE,"[463, 700]"
2019-06-28 13:21:00.000000000,BID_DEPTH,"[(98651, 63), (98641, 100), (98576, 100), (98411, 100), (98141, 100)]"
2019-06-28 13:21:00.000000000,ASK_DEPTH,"[(99062, 100), (99339, 100), (99355, 100), (99594, 300), (99844, 100)]"
2019-06-28 13:21:00.000000000,IMBALANCE,"[463, 700]"
2019-06-28 13:21:00.000000000,HOLDINGS_UPDATED,"{'CASH': -334911676, 'JPM': 3517}"
2019-06-28 13:21:00.000000000,HOLDINGS_UPDATED,"{'CASH': -335799535, 'JPM': 3526}"
2019-06-28 13:21:00.000000000,HOLDINGS_UPDATED,"{'CASH': -336588743, 'JPM': 3534}"
2019-06-28 13:21:00.000000000,HOLDINGS_UPDATED,"{'CASH': -336983347, 'JPM': 3538}"
2019-06-28 13:21:00.000000000,HOLDINGS_UPDATED,"{'CASH': -337476602, 'JPM': 3543}"
2019-06-28 13:21:00.000000000,HOLDINGS_UPDATED,"{'CASH': -338167159, 'JPM': 3550}"
2019-06-28 13:21:00.000000000,HOLDINGS_UPDATED,"{'CASH': -338956367, 'JPM': 3558}"
2019-06-28 13:21:00.000000000,HOLDINGS_UPDATED,"{'CASH': -339844226, 'JPM': 3567}"
2019-06-28 13:21:00.000000000,HOLDINGS_UPDATED,"{'CASH': -340633434, 'JPM': 3575}"
2019-06-28 13:21:00.000000000,HOLDINGS_UPDATED,"{'CASH': -340929387, 'JPM': 3578}"
2019-06-28 13:21:10.000000000,BID_DEPTH,"[(98651, 3), (98641, 100), (98576, 100), (98411, 100), (98141, 100)]"
2019-06-28 13:21:10.000000000,ASK_DEPTH,"[(99062, 100), (99339, 100), (99355, 100), (99594, 300), (99844, 100)]"
2019-06-28 13:21:10.000000000,IMBALANCE,"[403, 700]"
2019-06-28 13:21:20.000000000,BID_DEPTH,"[(98651, 3), (98641, 100), (98576, 100), (98411, 100), (98141, 100)]"
2019-06-28 13:21:20.000000000,ASK_DEPTH,"[(99062, 100), (99339, 100), (99355, 100), (99594, 300), (99844, 100)]"
2019-06-28 13:21:20.000000000,IMBALANCE,"[403, 700]"
2019-06-28 13:21:30.000000000,BID_DEPTH,"[(98651, 3), (98641, 100), (98576, 100), (98411, 100), (98141, 100)]"
2019-06-28 13:21:30.000000000,ASK_DEPTH,"[(99062, 100), (99339, 100), (99355, 100), (99594, 300), (99844, 100)]"
2019-06-28 13:21:30.000000000,IMBALANCE,"[403, 700]"
2019-06-28 13:21:33.209555517,HOLDINGS_UPDATED,"{'CASH': -350498534, 'JPM': 3675}"
2019-06-28 13:21:40.000000000,BID_DEPTH,"[(98641, 100), (98576, 100), (98411, 100), (98141, 100)]"
2019-06-28 13:21:40.000000000,ASK_DEPTH,"[(99062, 100), (99339, 100), (99355, 100), (99594, 300), (99844, 100)]"
2019-06-28 13:21:40.000000000,IMBALANCE,"[400, 700]"
2019-06-28 13:21:50.000000000,BID_DEPTH,"[(98646, 100), (98641, 100), (98576, 100), (98411, 100), (98141, 100)]"
2019-06-28 13:21:50.000000000,ASK_DEPTH,"[(98651, 100), (99062, 100), (99339, 100), (99355, 100), (99594, 300)]"
2019-06-28 13:21:50.000000000,IMBALANCE,"[500, 700]"
2019-06-28 13:22:00.000000000,BID_DEPTH,"[(98646, 100), (98641, 100), (98576, 100), (98411, 100), (98141, 100)]"
2019-06-28 13:22:00.000000000,ASK_DEPTH,"[(98651, 100), (99062, 100), (99339, 100), (99355, 100), (99594, 300)]"
2019-06-28 13:22:00.000000000,IMBALANCE,"[500, 700]"
2019-06-28 13:22:00.000000000,HOLDINGS_UPDATED,"{'CASH': -351189056, 'JPM': 3682}"
2019-06-28 13:22:00.000000000,HOLDINGS_UPDATED,"{'CASH': -352076870, 'JPM': 3691}"
2019-06-28 13:22:00.000000000,HOLDINGS_UPDATED,"{'CASH': -352866038, 'JPM': 3699}"
2019-06-28 13:22:00.000000000,HOLDINGS_UPDATED,"{'CASH': -353161976, 'JPM': 3702}"
2019-06-28 13:22:10.000000000,BID_DEPTH,"[(98646, 3), (98641, 100), (98576, 100), (98411, 100), (98141, 100)]"
2019-06-28 13:22:10.000000000,ASK_DEPTH,"[(98651, 100), (99062, 100), (99339, 100), (99355, 100), (99594, 300)]"
2019-06-28 13:22:10.000000000,IMBALANCE,"[403, 700]"
2019-06-28 13:22:20.000000000,BID_DEPTH,"[(98646, 3), (98641, 100), (98576, 100), (98411, 100), (98141, 100)]"
2019-06-28 13:22:20.000000000,ASK_DEPTH,"[(98651, 100), (99062, 100), (99339, 100), (99355, 100), (99594, 300)]"
2019-06-28 13:22:20.000000000,IMBALANCE,"[403, 700]"
2019-06-28 13:22:30.000000000,BID_DEPTH,"[(98646, 3), (98641, 100), (98576, 100), (98411, 100), (98141, 100)]"
2019-06-28 13:22:30.000000000,ASK_DEPTH,"[(98651, 100), (99062, 100), (99339, 100), (99355, 100), (99594, 300)]"
2019-06-28 13:22:30.000000000,IMBALANCE,"[403, 700]"
2019-06-28 13:22:40.000000000,BID_DEPTH,"[(98646, 3), (98641, 100), (98576, 100), (98411, 100), (98141, 100)]"
2019-06-28 13:22:40.000000000,ASK_DEPTH,"[(98651, 100), (99062, 100), (99339, 100), (99355, 100), (99594, 300)]"
2019-06-28 13:22:40.000000000,IMBALANCE,"[403, 700]"
2019-06-28 13:22:50.000000000,BID_DEPTH,"[(98646, 3), (98641, 100), (98576, 100), (98411, 100), (98141, 100)]"
2019-06-28 13:22:50.000000000,ASK_DEPTH,"[(98651, 100), (99062, 100), (99339, 100), (99355, 100), (99594, 300)]"
2019-06-28 13:22:50.000000000,IMBALANCE,"[403, 700]"
2019-06-28 13:23:00.000000000,BID_DEPTH,"[(98646, 103), (98641, 100), (98576, 100), (98411, 100), (98141, 100)]"
2019-06-28 13:23:00.000000000,ASK_DEPTH,"[(98651, 100), (99062, 100), (99339, 100), (99355, 100), (99594, 300)]"
2019-06-28 13:23:00.000000000,IMBALANCE,"[503, 700]"
2019-06-28 13:23:00.000000000,HOLDINGS_UPDATED,"{'CASH': -353556560, 'JPM': 3706}"
2019-06-28 13:23:00.000000000,HOLDINGS_UPDATED,"{'CASH': -354444374, 'JPM': 3715}"
2019-06-28 13:23:00.000000000,HOLDINGS_UPDATED,"{'CASH': -355233542, 'JPM': 3723}"
2019-06-28 13:23:00.000000000,HOLDINGS_UPDATED,"{'CASH': -355529480, 'JPM': 3726}"
2019-06-28 13:23:10.000000000,BID_DEPTH,"[(98646, 3), (98641, 100), (98576, 100), (98411, 100), (98141, 100)]"
2019-06-28 13:23:10.000000000,ASK_DEPTH,"[(98651, 100), (99062, 100), (99339, 100), (99355, 100), (99594, 300)]"
2019-06-28 13:23:10.000000000,IMBALANCE,"[403, 700]"
2019-06-28 13:23:18.176034636,HOLDINGS_UPDATED,"{'CASH': -363815744, 'JPM': 3810}"
2019-06-28 13:23:20.000000000,BID_DEPTH,"[(98641, 100), (98576, 100), (98411, 100), (98141, 100)]"
2019-06-28 13:23:20.000000000,ASK_DEPTH,"[(98646, 13), (98651, 100), (99062, 100), (99339, 100), (99355, 100)]"
2019-06-28 13:23:20.000000000,IMBALANCE,"[400, 413]"
2019-06-28 13:23:30.000000000,BID_DEPTH,"[(98641, 100), (98576, 100), (98411, 100), (98141, 100)]"
2019-06-28 13:23:30.000000000,ASK_DEPTH,"[(98646, 13), (98651, 100), (99062, 100), (99339, 100), (99355, 100)]"
2019-06-28 13:23:30.000000000,IMBALANCE,"[400, 413]"
2019-06-28 13:23:40.000000000,BID_DEPTH,"[(98641, 100), (98576, 100), (98411, 100), (98141, 100)]"
2019-06-28 13:23:40.000000000,ASK_DEPTH,"[(98646, 113), (99062, 100), (99339, 100), (99355, 100), (99594, 300)]"
2019-06-28 13:23:40.000000000,IMBALANCE,"[400, 713]"
2019-06-28 13:23:48.521789753,HOLDINGS_UPDATED,"{'CASH': -373679844, 'JPM': 3910}"
2019-06-28 13:23:50.000000000,BID_DEPTH,"[(98576, 100), (98411, 100), (98141, 100)]"
2019-06-28 13:23:50.000000000,ASK_DEPTH,"[(98646, 113), (98782, 100), (99062, 100), (99339, 100), (99355, 100)]"
2019-06-28 13:23:50.000000000,IMBALANCE,"[300, 513]"
2019-06-28 13:24:00.000000000,BID_DEPTH,"[(98576, 100), (98411, 100), (98141, 100)]"
2019-06-28 13:24:00.000000000,ASK_DEPTH,"[(98646, 113), (98782, 100), (99062, 100), (99339, 100), (99355, 100)]"
2019-06-28 13:24:00.000000000,IMBALANCE,"[300, 513]"
2019-06-28 13:24:00.000000000,HOLDINGS_UPDATED,"{'CASH': -374369876, 'JPM': 3917}"
2019-06-28 13:24:00.000000000,HOLDINGS_UPDATED,"{'CASH': -375257060, 'JPM': 3926}"
2019-06-28 13:24:00.000000000,HOLDINGS_UPDATED,"{'CASH': -376045668, 'JPM': 3934}"
2019-06-28 13:24:00.000000000,HOLDINGS_UPDATED,"{'CASH': -376341396, 'JPM': 3937}"
2019-06-28 13:24:01.411134622,HOLDINGS_UPDATED,"{'CASH': -386198996, 'JPM': 4037}"
2019-06-28 13:24:10.000000000,BID_DEPTH,"[(98576, 3), (98411, 100), (98141, 100)]"
2019-06-28 13:24:10.000000000,ASK_DEPTH,"[(98646, 113), (98782, 100), (99062, 100), (99339, 100), (99355, 100)]"
2019-06-28 13:24:10.000000000,IMBALANCE,"[203, 513]"
2019-06-28 13:24:20.000000000,BID_DEPTH,"[(98576, 3), (98478, 100), (98432, 100), (98411, 100), (98141, 100)]"
2019-06-28 13:24:20.000000000,ASK_DEPTH,"[(98646, 113), (98782, 100), (99062, 100), (99339, 100), (99355, 100)]"
2019-06-28 13:24:20.000000000,IMBALANCE,"[403, 513]"
2019-06-28 13:24:23.987027449,HOLDINGS_UPDATED,"{'CASH': -395760868, 'JPM': 4134}"
2019-06-28 13:24:24.680594404,HOLDINGS_UPDATED,"{'CASH': -396549476, 'JPM': 4142}"
2019-06-28 13:24:30.000000000,BID_DEPTH,"[(98478, 100), (98432, 100), (98411, 100), (98141, 100)]"
2019-06-28 13:24:30.000000000,ASK_DEPTH,"[(98576, 92), (98646, 113), (98782, 100), (99062, 100), (99339, 100)]"
2019-06-28 13:24:30.000000000,IMBALANCE,"[400, 505]"
2019-06-28 13:24:40.000000000,BID_DEPTH,"[(98478, 100), (98411, 100), (98141, 100)]"
2019-06-28 13:24:40.000000000,ASK_DEPTH,"[(98560, 100), (98576, 92), (98646, 113), (98782, 100), (99062, 100)]"
2019-06-28 13:24:40.000000000,IMBALANCE,"[300, 505]"
2019-06-28 13:24:50.000000000,BID_DEPTH,"[(98480, 100), (98478, 100), (98411, 100), (98141, 100)]"
2019-06-28 13:24:50.000000000,ASK_DEPTH,"[(98560, 100), (98576, 92), (98646, 113), (98782, 100), (99062, 100)]"
2019-06-28 13:24:50.000000000,IMBALANCE,"[400, 505]"
2019-06-28 13:25:00.000000000,BID_DEPTH,"[(98480, 100), (98478, 100), (98411, 100), (98141, 100)]"
2019-06-28 13:25:00.000000000,ASK_DEPTH,"[(98560, 100), (98576, 192), (98646, 113), (98782, 100), (99062, 100)]"
2019-06-28 13:25:00.000000000,IMBALANCE,"[400, 605]"
2019-06-28 13:25:00.000000000,HOLDINGS_UPDATED,"{'CASH': -397238836, 'JPM': 4149}"
2019-06-28 13:25:00.000000000,HOLDINGS_UPDATED,"{'CASH': -398125156, 'JPM': 4158}"
2019-06-28 13:25:00.000000000,HOLDINGS_UPDATED,"{'CASH': -398912996, 'JPM': 4166}"
2019-06-28 13:25:00.000000000,HOLDINGS_UPDATED,"{'CASH': -399208436, 'JPM': 4169}"
2019-06-28 13:25:10.000000000,BID_DEPTH,"[(98480, 3), (98478, 100), (98411, 100), (98141, 100)]"
2019-06-28 13:25:10.000000000,ASK_DEPTH,"[(98560, 100), (98576, 192), (98646, 113), (98782, 100), (99062, 100)]"
2019-06-28 13:25:10.000000000,IMBALANCE,"[303, 605]"
2019-06-28 13:25:20.000000000,BID_DEPTH,"[(98480, 3), (98478, 100), (98411, 100), (98141, 100)]"
2019-06-28 13:25:20.000000000,ASK_DEPTH,"[(98560, 100), (98576, 192), (98646, 113), (98782, 100), (99062, 100)]"
2019-06-28 13:25:20.000000000,IMBALANCE,"[303, 605]"
2019-06-28 13:25:30.000000000,BID_DEPTH,"[(98480, 3), (98478, 100), (98411, 100), (98141, 100)]"
2019-06-28 13:25:30.000000000,ASK_DEPTH,"[(98560, 100), (98576, 192), (98646, 113), (98782, 100), (99062, 100)]"
2019-06-28 13:25:30.000000000,IMBALANCE,"[303, 605]"
2019-06-28 13:25:32.504430293,HOLDINGS_UPDATED,"{'CASH': -407480756, 'JPM': 4253}"
2019-06-28 13:25:40.000000000,BID_DEPTH,"[(98478, 100), (98411, 100), (98141, 100)]"
2019-06-28 13:25:40.000000000,ASK_DEPTH,"[(98480, 13), (98560, 100), (98576, 192), (98646, 113), (98782, 100)]"
2019-06-28 13:25:40.000000000,IMBALANCE,"[300, 518]"
2019-06-28 13:25:50.000000000,BID_DEPTH,"[(98478, 100), (98411, 100), (98141, 100)]"
2019-06-28 13:25:50.000000000,ASK_DEPTH,"[(98480, 13), (98560, 100), (98576, 192), (98646, 113), (98782, 100)]"
2019-06-28 13:25:50.000000000,IMBALANCE,"[300, 518]"
2019-06-28 13:26:00.000000000,BID_DEPTH,"[(98478, 100), (98411, 100), (98141, 100)]"
2019-06-28 13:26:00.000000000,ASK_DEPTH,"[(98480, 13), (98560, 100), (98576, 192), (98646, 113), (98782, 100)]"
2019-06-28 13:26:00.000000000,IMBALANCE,"[300, 518]"
2019-06-28 13:26:00.000000000,HOLDINGS_UPDATED,"{'CASH': -408170102, 'JPM': 4260}"
2019-06-28 13:26:00.000000000,HOLDINGS_UPDATED,"{'CASH': -409056404, 'JPM': 4269}"
2019-06-28 13:26:00.000000000,HOLDINGS_UPDATED,"{'CASH': -409844228, 'JPM': 4277}"
2019-06-28 13:26:00.000000000,HOLDINGS_UPDATED,"{'CASH': -410139662, 'JPM': 4280}"
2019-06-28 13:26:10.000000000,BID_DEPTH,"[(98478, 3), (98411, 100), (98141, 100), (97997, 100)]"
2019-06-28 13:26:10.000000000,ASK_DEPTH,"[(98480, 13), (98560, 100), (98576, 192), (98646, 113), (98782, 100)]"
2019-06-28 13:26:10.000000000,IMBALANCE,"[303, 518]"
2019-06-28 13:26:20.000000000,BID_DEPTH,"[(98478, 3), (98411, 100), (98141, 100), (97997, 100)]"
2019-06-28 13:26:20.000000000,ASK_DEPTH,"[(98480, 13), (98560, 100), (98576, 192), (98646, 113), (98782, 100)]"
2019-06-28 13:26:20.000000000,IMBALANCE,"[303, 518]"
2019-06-28 13:26:30.000000000,BID_DEPTH,"[(98478, 3), (98411, 100), (98141, 100), (97997, 100)]"
2019-06-28 13:26:30.000000000,ASK_DEPTH,"[(98480, 13), (98560, 100), (98576, 192), (98646, 113), (98782, 100)]"
2019-06-28 13:26:30.000000000,IMBALANCE,"[303, 518]"
2019-06-28 13:26:40.000000000,BID_DEPTH,"[(98478, 3), (98411, 100), (98141, 100), (97997, 100)]"
2019-06-28 13:26:40.000000000,ASK_DEPTH,"[(98480, 13), (98560, 100), (98576, 192), (98646, 113), (98782, 100)]"
2019-06-28 13:26:40.000000000,IMBALANCE,"[303, 518]"
2019-06-28 13:26:50.000000000,BID_DEPTH,"[(98478, 3), (98411, 100), (97997, 100)]"
2019-06-28 13:26:50.000000000,ASK_DEPTH,"[(98480, 13), (98560, 100), (98576, 192), (98646, 113), (98688, 100)]"
2019-06-28 13:26:50.000000000,IMBALANCE,"[203, 518]"
2019-06-28 13:27:00.000000000,BID_DEPTH,"[(98478, 3), (98411, 100), (97997, 100)]"
2019-06-28 13:27:00.000000000,ASK_DEPTH,"[(98480, 13), (98560, 100), (98576, 192), (98646, 113), (98688, 100)]"
2019-06-28 13:27:00.000000000,IMBALANCE,"[203, 518]"
2019-06-28 13:27:00.000000000,HOLDINGS_UPDATED,"{'CASH': -410730530, 'JPM': 4286}"
2019-06-28 13:27:00.000000000,HOLDINGS_UPDATED,"{'CASH': -411222920, 'JPM': 4291}"
2019-06-28 13:27:00.000000000,HOLDINGS_UPDATED,"{'CASH': -411518354, 'JPM': 4294}"
2019-06-28 13:27:00.000000000,HOLDINGS_UPDATED,"{'CASH': -412306178, 'JPM': 4302}"
2019-06-28 13:27:00.000000000,HOLDINGS_UPDATED,"{'CASH': -412601612, 'JPM': 4305}"
2019-06-28 13:27:00.000000000,HOLDINGS_UPDATED,"{'CASH': -413192480, 'JPM': 4311}"
2019-06-28 13:27:00.000000000,HOLDINGS_UPDATED,"{'CASH': -413980304, 'JPM': 4319}"
2019-06-28 13:27:00.000000000,HOLDINGS_UPDATED,"{'CASH': -414078782, 'JPM': 4320}"
2019-06-28 13:27:00.000000000,HOLDINGS_UPDATED,"{'CASH': -414177260, 'JPM': 4321}"
2019-06-28 13:27:00.000000000,HOLDINGS_UPDATED,"{'CASH': -414669650, 'JPM': 4326}"
2019-06-28 13:27:00.000000000,HOLDINGS_UPDATED,"{'CASH': -414768128, 'JPM': 4327}"
2019-06-28 13:27:00.000000000,HOLDINGS_UPDATED,"{'CASH': -414965084, 'JPM': 4329}"
2019-06-28 13:27:00.000000000,HOLDINGS_UPDATED,"{'CASH': -415457474, 'JPM': 4334}"
2019-06-28 13:27:00.000000000,HOLDINGS_UPDATED,"{'CASH': -416343776, 'JPM': 4343}"
2019-06-28 13:27:00.000000000,HOLDINGS_UPDATED,"{'CASH': -417230078, 'JPM': 4352}"
2019-06-28 13:27:00.000000000,HOLDINGS_UPDATED,"{'CASH': -418017902, 'JPM': 4360}"
2019-06-28 13:27:00.000000000,HOLDINGS_UPDATED,"{'CASH': -418411814, 'JPM': 4364}"
2019-06-28 13:27:10.000000000,BID_DEPTH,"[(98411, 63), (97997, 100)]"
2019-06-28 13:27:10.000000000,ASK_DEPTH,"[(98480, 13), (98509, 100), (98560, 100), (98576, 192), (98646, 113)]"
2019-06-28 13:27:10.000000000,IMBALANCE,"[163, 518]"
2019-06-28 13:27:20.000000000,BID_DEPTH,"[(98411, 63), (97997, 100)]"
2019-06-28 13:27:20.000000000,ASK_DEPTH,"[(98480, 13), (98509, 100), (98560, 100), (98576, 192), (98646, 113)]"
2019-06-28 13:27:20.000000000,IMBALANCE,"[163, 518]"
2019-06-28 13:27:30.000000000,BID_DEPTH,"[(98411, 63), (97997, 100)]"
2019-06-28 13:27:30.000000000,ASK_DEPTH,"[(98480, 13), (98509, 100), (98560, 100), (98576, 192), (98646, 113)]"
2019-06-28 13:27:30.000000000,IMBALANCE,"[163, 518]"
2019-06-28 13:27:40.000000000,BID_DEPTH,"[(98411, 63), (97997, 100)]"
2019-06-28 13:27:40.000000000,ASK_DEPTH,"[(98480, 13), (98509, 100), (98560, 100), (98576, 192), (98646, 113)]"
2019-06-28 13:27:40.000000000,IMBALANCE,"[163, 518]"
2019-06-28 13:27:50.000000000,BID_DEPTH,"[(98411, 63), (97997, 100)]"
2019-06-28 13:27:50.000000000,ASK_DEPTH,"[(98480, 13), (98509, 100), (98560, 100), (98576, 192), (98646, 113)]"
2019-06-28 13:27:50.000000000,IMBALANCE,"[163, 518]"
2019-06-28 13:28:00.000000000,BID_DEPTH,"[(98411, 63), (97997, 100)]"
2019-06-28 13:28:00.000000000,ASK_DEPTH,"[(98480, 13), (98509, 100), (98560, 100), (98576, 192), (98646, 113)]"
2019-06-28 13:28:00.000000000,IMBALANCE,"[163, 518]"
2019-06-28 13:28:00.000000000,HOLDINGS_UPDATED,"{'CASH': -418707047, 'JPM': 4367}"
2019-06-28 13:28:00.000000000,HOLDINGS_UPDATED,"{'CASH': -419592746, 'JPM': 4376}"
2019-06-28 13:28:00.000000000,HOLDINGS_UPDATED,"{'CASH': -420380034, 'JPM': 4384}"
2019-06-28 13:28:00.000000000,HOLDINGS_UPDATED,"{'CASH': -420773678, 'JPM': 4388}"
2019-06-28 13:28:00.000000000,HOLDINGS_UPDATED,"{'CASH': -421265733, 'JPM': 4393}"
2019-06-28 13:28:00.000000000,HOLDINGS_UPDATED,"{'CASH': -421954610, 'JPM': 4400}"
2019-06-28 13:28:00.000000000,HOLDINGS_UPDATED,"{'CASH': -422741898, 'JPM': 4408}"
2019-06-28 13:28:00.000000000,HOLDINGS_UPDATED,"{'CASH': -423627597, 'JPM': 4417}"
2019-06-28 13:28:00.000000000,HOLDINGS_UPDATED,"{'CASH': -424414885, 'JPM': 4425}"
2019-06-28 13:28:00.000000000,HOLDINGS_UPDATED,"{'CASH': -424710118, 'JPM': 4428}"
2019-06-28 13:28:10.000000000,BID_DEPTH,"[(98411, 3), (97997, 100)]"
2019-06-28 13:28:10.000000000,ASK_DEPTH,"[(98480, 13), (98509, 100), (98560, 100), (98576, 192), (98646, 113)]"
2019-06-28 13:28:10.000000000,IMBALANCE,"[103, 518]"
2019-06-28 13:28:20.000000000,BID_DEPTH,"[(98411, 3), (97997, 100)]"
2019-06-28 13:28:20.000000000,ASK_DEPTH,"[(98480, 13), (98509, 100), (98560, 100), (98576, 192), (98646, 113)]"
2019-06-28 13:28:20.000000000,IMBALANCE,"[103, 518]"
2019-06-28 13:28:30.000000000,BID_DEPTH,"[(98411, 103), (97997, 100)]"
2019-06-28 13:28:30.000000000,ASK_DEPTH,"[(98480, 13), (98509, 100), (98560, 100), (98576, 192), (98646, 113)]"
2019-06-28 13:28:30.000000000,IMBALANCE,"[203, 518]"
2019-06-28 13:28:40.000000000,BID_DEPTH,"[(98411, 3), (97997, 100)]"
2019-06-28 13:28:40.000000000,ASK_DEPTH,"[(98480, 13), (98509, 100), (98560, 100), (98576, 192), (98646, 113)]"
2019-06-28 13:28:40.000000000,IMBALANCE,"[103, 518]"
2019-06-28 13:28:50.000000000,BID_DEPTH,"[(98411, 3), (98299, 100), (97997, 100)]"
2019-06-28 13:28:50.000000000,ASK_DEPTH,"[(98480, 13), (98509, 100), (98560, 100), (98576, 192), (98646, 113)]"
2019-06-28 13:28:50.000000000,IMBALANCE,"[203, 518]"
2019-06-28 13:29:00.000000000,BID_DEPTH,"[(98411, 3), (98299, 100), (97997, 100)]"
2019-06-28 13:29:00.000000000,ASK_DEPTH,"[(98480, 13), (98509, 100), (98560, 100), (98573, 100), (98576, 192)]"
2019-06-28 13:29:00.000000000,IMBALANCE,"[203, 505]"
2019-06-28 13:29:00.000000000,HOLDINGS_UPDATED,"{'CASH': -425300584, 'JPM': 4434}"
2019-06-28 13:29:00.000000000,HOLDINGS_UPDATED,"{'CASH': -425792639, 'JPM': 4439}"
2019-06-28 13:29:00.000000000,HOLDINGS_UPDATED,"{'CASH': -426087872, 'JPM': 4442}"
2019-06-28 13:29:00.000000000,HOLDINGS_UPDATED,"{'CASH': -426875160, 'JPM': 4450}"
2019-06-28 13:29:00.000000000,HOLDINGS_UPDATED,"{'CASH': -427170393, 'JPM': 4453}"
2019-06-28 13:29:00.000000000,HOLDINGS_UPDATED,"{'CASH': -427760859, 'JPM': 4459}"
2019-06-28 13:29:00.000000000,HOLDINGS_UPDATED,"{'CASH': -428548147, 'JPM': 4467}"
2019-06-28 13:29:00.000000000,HOLDINGS_UPDATED,"{'CASH': -428646558, 'JPM': 4468}"
2019-06-28 13:29:00.000000000,HOLDINGS_UPDATED,"{'CASH': -428744969, 'JPM': 4469}"
2019-06-28 13:29:00.000000000,HOLDINGS_UPDATED,"{'CASH': -429237024, 'JPM': 4474}"
2019-06-28 13:29:00.000000000,HOLDINGS_UPDATED,"{'CASH': -429335435, 'JPM': 4475}"
2019-06-28 13:29:00.000000000,HOLDINGS_UPDATED,"{'CASH': -429532257, 'JPM': 4477}"
2019-06-28 13:29:00.000000000,HOLDINGS_UPDATED,"{'CASH': -430024312, 'JPM': 4482}"
2019-06-28 13:29:00.000000000,HOLDINGS_UPDATED,"{'CASH': -430910011, 'JPM': 4491}"
2019-06-28 13:29:00.000000000,HOLDINGS_UPDATED,"{'CASH': -431795710, 'JPM': 4500}"
2019-06-28 13:29:00.000000000,HOLDINGS_UPDATED,"{'CASH': -432582998, 'JPM': 4508}"
2019-06-28 13:29:00.000000000,HOLDINGS_UPDATED,"{'CASH': -432976642, 'JPM': 4512}"
2019-06-28 13:29:10.000000000,BID_DEPTH,"[(98299, 103), (98288, 100), (98159, 100), (97997, 100)]"
2019-06-28 13:29:10.000000000,ASK_DEPTH,"[(98480, 13), (98509, 100), (98560, 100), (98573, 100), (98576, 192)]"
2019-06-28 13:29:10.000000000,IMBALANCE,"[403, 505]"
2019-06-28 13:29:20.000000000,BID_DEPTH,"[(98299, 203), (98288, 100), (98159, 100), (97997, 100)]"
2019-06-28 13:29:20.000000000,ASK_DEPTH,"[(98480, 13), (98509, 100), (98560, 100), (98573, 100), (98576, 192)]"
2019-06-28 13:29:20.000000000,IMBALANCE,"[503, 505]"
2019-06-28 13:29:30.000000000,BID_DEPTH,"[(98357, 100), (98299, 203), (98288, 100), (98159, 100), (97997, 100)]"
2019-06-28 13:29:30.000000000,ASK_DEPTH,"[(98480, 13), (98509, 100), (98560, 100), (98573, 100), (98576, 192)]"
2019-06-28 13:29:30.000000000,IMBALANCE,"[603, 505]"
2019-06-28 13:29:40.000000000,BID_DEPTH,"[(98357, 100), (98299, 203), (98288, 100), (98159, 100), (97997, 100)]"
2019-06-28 13:29:40.000000000,ASK_DEPTH,"[(98480, 13), (98509, 100), (98560, 100), (98573, 100), (98576, 192)]"
2019-06-28 13:29:40.000000000,IMBALANCE,"[603, 505]"
2019-06-28 13:29:45.751199509,HOLDINGS_UPDATED,"{'CASH': -442812342, 'JPM': 4612}"
2019-06-28 13:29:50.000000000,BID_DEPTH,"[(98299, 303), (98288, 100), (98159, 100), (97997, 100), (97964, 100)]"
2019-06-28 13:29:50.000000000,ASK_DEPTH,"[(98480, 13), (98509, 100), (98560, 100), (98573, 100), (98576, 192)]"
2019-06-28 13:29:50.000000000,IMBALANCE,"[703, 505]"
2019-06-28 13:30:00.000000000,BID_DEPTH,"[(98299, 303), (98288, 100), (98159, 100), (97997, 100), (97964, 100)]"
2019-06-28 13:30:00.000000000,ASK_DEPTH,"[(98480, 13), (98509, 100), (98560, 100), (98573, 100), (98576, 192)]"
2019-06-28 13:30:00.000000000,IMBALANCE,"[703, 505]"
2019-06-28 13:30:10.000000000,BID_DEPTH,"[(98299, 179), (98288, 100), (98159, 100), (97997, 100), (97964, 100)]"
2019-06-28 13:30:10.000000000,ASK_DEPTH,"[(98480, 13), (98509, 100), (98560, 100), (98573, 100), (98576, 192)]"
2019-06-28 13:30:10.000000000,IMBALANCE,"[579, 505]"
2019-06-28 13:30:20.000000000,BID_DEPTH,"[(98299, 103), (98288, 100), (98159, 100), (97997, 100), (97978, 100)]"
2019-06-28 13:30:20.000000000,ASK_DEPTH,"[(98480, 13), (98509, 100), (98560, 100), (98573, 100), (98576, 192)]"
2019-06-28 13:30:20.000000000,IMBALANCE,"[503, 505]"
2019-06-28 13:30:30.000000000,BID_DEPTH,"[(98299, 103), (98288, 100), (98159, 100), (97997, 100), (97978, 100)]"
2019-06-28 13:30:30.000000000,ASK_DEPTH,"[(98480, 13), (98509, 100), (98560, 100), (98573, 100), (98576, 192)]"
2019-06-28 13:30:30.000000000,IMBALANCE,"[503, 505]"
2019-06-28 13:30:40.000000000,BID_DEPTH,"[(98299, 203), (98288, 100), (98159, 100), (97997, 100), (97978, 100)]"
2019-06-28 13:30:40.000000000,ASK_DEPTH,"[(98480, 13), (98509, 100), (98560, 100), (98573, 100), (98576, 192)]"
2019-06-28 13:30:40.000000000,IMBALANCE,"[603, 505]"
2019-06-28 13:30:42.738345461,HOLDINGS_UPDATED,"{'CASH': -434540022, 'JPM': 4528}"
2019-06-28 13:30:50.000000000,BID_DEPTH,"[(98480, 3), (98300, 100), (98299, 203), (98288, 100), (98159, 100)]"
2019-06-28 13:30:50.000000000,ASK_DEPTH,"[(98509, 100), (98560, 100), (98573, 100), (98576, 192), (98646, 113)]"
2019-06-28 13:30:50.000000000,IMBALANCE,"[506, 605]"
2019-06-28 13:31:00.000000000,BID_DEPTH,"[(98480, 3), (98300, 100), (98299, 203), (98288, 100), (98159, 100)]"
2019-06-28 13:31:00.000000000,ASK_DEPTH,"[(98509, 100), (98560, 100), (98573, 100), (98576, 192), (98646, 113)]"
2019-06-28 13:31:00.000000000,IMBALANCE,"[506, 605]"
2019-06-28 13:31:00.000000000,HOLDINGS_UPDATED,"{'CASH': -435130902, 'JPM': 4534}"
2019-06-28 13:31:00.000000000,HOLDINGS_UPDATED,"{'CASH': -435623302, 'JPM': 4539}"
2019-06-28 13:31:00.000000000,HOLDINGS_UPDATED,"{'CASH': -435918742, 'JPM': 4542}"
2019-06-28 13:31:00.000000000,HOLDINGS_UPDATED,"{'CASH': -436706582, 'JPM': 4550}"
2019-06-28 13:31:00.000000000,HOLDINGS_UPDATED,"{'CASH': -437002022, 'JPM': 4553}"
2019-06-28 13:31:00.000000000,HOLDINGS_UPDATED,"{'CASH': -437592902, 'JPM': 4559}"
2019-06-28 13:31:00.000000000,HOLDINGS_UPDATED,"{'CASH': -438380742, 'JPM': 4567}"
2019-06-28 13:31:00.000000000,HOLDINGS_UPDATED,"{'CASH': -438479222, 'JPM': 4568}"
2019-06-28 13:31:00.000000000,HOLDINGS_UPDATED,"{'CASH': -438577702, 'JPM': 4569}"
2019-06-28 13:31:00.000000000,HOLDINGS_UPDATED,"{'CASH': -439070102, 'JPM': 4574}"
2019-06-28 13:31:00.000000000,HOLDINGS_UPDATED,"{'CASH': -439168582, 'JPM': 4575}"
2019-06-28 13:31:00.000000000,HOLDINGS_UPDATED,"{'CASH': -439365542, 'JPM': 4577}"
2019-06-28 13:31:00.000000000,HOLDINGS_UPDATED,"{'CASH': -439857942, 'JPM': 4582}"
2019-06-28 13:31:00.000000000,HOLDINGS_UPDATED,"{'CASH': -440744262, 'JPM': 4591}"
2019-06-28 13:31:00.000000000,HOLDINGS_UPDATED,"{'CASH': -441630582, 'JPM': 4600}"
2019-06-28 13:31:00.000000000,HOLDINGS_UPDATED,"{'CASH': -442418422, 'JPM': 4608}"
2019-06-28 13:31:00.000000000,HOLDINGS_UPDATED,"{'CASH': -442812342, 'JPM': 4612}"
2019-06-28 13:31:00.000000000,HOLDINGS_UPDATED,"{'CASH': -443304742, 'JPM': 4617}"
2019-06-28 13:31:00.000000000,HOLDINGS_UPDATED,"{'CASH': -443994102, 'JPM': 4624}"
2019-06-28 13:31:00.000000000,HOLDINGS_UPDATED,"{'CASH': -444781942, 'JPM': 4632}"
2019-06-28 13:31:00.000000000,HOLDINGS_UPDATED,"{'CASH': -445668262, 'JPM': 4641}"
2019-06-28 13:31:00.000000000,HOLDINGS_UPDATED,"{'CASH': -446456102, 'JPM': 4649}"
2019-06-28 13:31:00.000000000,HOLDINGS_UPDATED,"{'CASH': -446751542, 'JPM': 4652}"
2019-06-28 13:31:08.388023480,HOLDINGS_UPDATED,"{'CASH': -455220822, 'JPM': 4738}"
2019-06-28 13:31:10.000000000,BID_DEPTH,"[(98300, 100), (98299, 203), (98288, 100), (98159, 100), (97997, 100)]"
2019-06-28 13:31:10.000000000,ASK_DEPTH,"[(98480, 14), (98509, 100), (98560, 100), (98573, 100), (98576, 192)]"
2019-06-28 13:31:10.000000000,IMBALANCE,"[603, 506]"
2019-06-28 13:31:20.000000000,BID_DEPTH,"[(98300, 100), (98299, 203), (98288, 100), (98159, 100), (97997, 100)]"
2019-06-28 13:31:20.000000000,ASK_DEPTH,"[(98480, 14), (98509, 100), (98560, 100), (98573, 100), (98576, 192)]"
2019-06-28 13:31:20.000000000,IMBALANCE,"[603, 506]"
2019-06-28 13:31:30.000000000,BID_DEPTH,"[(98300, 100), (98299, 203), (98288, 100), (98159, 100), (97997, 100)]"
2019-06-28 13:31:30.000000000,ASK_DEPTH,"[(98448, 100), (98480, 14), (98509, 100), (98560, 100), (98573, 100)]"
2019-06-28 13:31:30.000000000,IMBALANCE,"[603, 414]"
2019-06-28 13:31:40.000000000,BID_DEPTH,"[(98300, 100), (98299, 203), (98288, 100), (98159, 100), (97997, 100)]"
2019-06-28 13:31:40.000000000,ASK_DEPTH,"[(98448, 100), (98480, 14), (98509, 100), (98560, 100), (98573, 100)]"
2019-06-28 13:31:40.000000000,IMBALANCE,"[603, 414]"
2019-06-28 13:31:50.000000000,BID_DEPTH,"[(98380, 100), (98300, 100), (98299, 203), (98288, 100), (98159, 100)]"
2019-06-28 13:31:50.000000000,ASK_DEPTH,"[(98448, 100), (98480, 114), (98509, 100), (98519, 100), (98560, 100)]"
2019-06-28 13:31:50.000000000,IMBALANCE,"[603, 514]"
2019-06-28 13:32:00.000000000,BID_DEPTH,"[(98380, 100), (98300, 100), (98299, 203), (98288, 100), (98159, 100)]"
2019-06-28 13:32:00.000000000,ASK_DEPTH,"[(98448, 100), (98480, 114), (98509, 100), (98519, 100), (98560, 100)]"
2019-06-28 13:32:00.000000000,IMBALANCE,"[603, 514]"
2019-06-28 13:32:00.000000000,HOLDINGS_UPDATED,"{'CASH': -455909482, 'JPM': 4745}"
2019-06-28 13:32:00.000000000,HOLDINGS_UPDATED,"{'CASH': -456794902, 'JPM': 4754}"
2019-06-28 13:32:00.000000000,HOLDINGS_UPDATED,"{'CASH': -457581942, 'JPM': 4762}"
2019-06-28 13:32:00.000000000,HOLDINGS_UPDATED,"{'CASH': -457877082, 'JPM': 4765}"
2019-06-28 13:32:10.000000000,BID_DEPTH,"[(98300, 100), (98299, 203), (98288, 100), (98159, 100), (97997, 100)]"
2019-06-28 13:32:10.000000000,ASK_DEPTH,"[(98448, 100), (98480, 114), (98509, 100), (98519, 100), (98560, 100)]"
2019-06-28 13:32:10.000000000,IMBALANCE,"[603, 514]"
2019-06-28 13:32:20.000000000,BID_DEPTH,"[(98300, 100), (98299, 203), (98288, 100), (98159, 100), (97997, 100)]"
2019-06-28 13:32:20.000000000,ASK_DEPTH,"[(98448, 100), (98480, 114), (98509, 100), (98519, 100), (98536, 100)]"
2019-06-28 13:32:20.000000000,IMBALANCE,"[603, 514]"
2019-06-28 13:32:30.000000000,BID_DEPTH,"[(98300, 100), (98299, 203), (98159, 100), (98009, 100), (97997, 100)]"
2019-06-28 13:32:30.000000000,ASK_DEPTH,"[(98448, 100), (98480, 114), (98509, 100), (98519, 100), (98536, 100)]"
2019-06-28 13:32:30.000000000,IMBALANCE,"[603, 514]"
2019-06-28 13:32:40.000000000,BID_DEPTH,"[(98300, 100), (98299, 203), (98159, 100), (98009, 100), (97997, 100)]"
2019-06-28 13:32:40.000000000,ASK_DEPTH,"[(98448, 100), (98480, 114), (98509, 100), (98519, 100), (98536, 100)]"
2019-06-28 13:32:40.000000000,IMBALANCE,"[603, 514]"
2019-06-28 13:32:50.000000000,BID_DEPTH,"[(98351, 100), (98300, 100), (98299, 203), (98159, 100), (98106, 100)]"
2019-06-28 13:32:50.000000000,ASK_DEPTH,"[(98380, 200), (98448, 100), (98480, 114), (98509, 100), (98519, 100)]"
2019-06-28 13:32:50.000000000,IMBALANCE,"[603, 614]"
2019-06-28 13:33:00.000000000,BID_DEPTH,"[(98351, 100), (98300, 100), (98299, 203), (98159, 100), (98106, 100)]"
2019-06-28 13:33:00.000000000,ASK_DEPTH,"[(98380, 200), (98448, 100), (98480, 114), (98509, 100), (98519, 100)]"
2019-06-28 13:33:00.000000000,IMBALANCE,"[603, 614]"
2019-06-28 13:33:00.000000000,HOLDINGS_UPDATED,"{'CASH': -458565539, 'JPM': 4772}"
2019-06-28 13:33:00.000000000,HOLDINGS_UPDATED,"{'CASH': -459450698, 'JPM': 4781}"
2019-06-28 13:33:00.000000000,HOLDINGS_UPDATED,"{'CASH': -460237506, 'JPM': 4789}"
2019-06-28 13:33:00.000000000,HOLDINGS_UPDATED,"{'CASH': -460532559, 'JPM': 4792}"
2019-06-28 13:33:04.403937257,HOLDINGS_UPDATED,"{'CASH': -470367659, 'JPM': 4892}"
2019-06-28 13:33:10.000000000,BID_DEPTH,"[(98300, 100), (98299, 203), (98159, 100), (98106, 100), (98009, 100)]"
2019-06-28 13:33:10.000000000,ASK_DEPTH,"[(98380, 200), (98448, 100), (98480, 114), (98509, 100), (98519, 100)]"
2019-06-28 13:33:10.000000000,IMBALANCE,"[603, 614]"
2019-06-28 13:33:20.000000000,BID_DEPTH,"[(98300, 100), (98299, 203), (98159, 100), (98106, 100), (98009, 100)]"
2019-06-28 13:33:20.000000000,ASK_DEPTH,"[(98380, 200), (98448, 100), (98480, 114), (98509, 100), (98519, 100)]"
2019-06-28 13:33:20.000000000,IMBALANCE,"[603, 614]"
2019-06-28 13:33:30.000000000,BID_DEPTH,"[(98300, 100), (98299, 203), (98159, 100), (98106, 100), (98009, 100)]"
2019-06-28 13:33:30.000000000,ASK_DEPTH,"[(98380, 200), (98417, 100), (98448, 100), (98480, 114), (98509, 100)]"
2019-06-28 13:33:30.000000000,IMBALANCE,"[603, 614]"
2019-06-28 13:33:40.000000000,BID_DEPTH,"[(98300, 100), (98299, 203), (98159, 100), (98106, 100), (98009, 100)]"
2019-06-28 13:33:40.000000000,ASK_DEPTH,"[(98380, 200), (98417, 100), (98448, 100), (98480, 114), (98509, 100)]"
2019-06-28 13:33:40.000000000,IMBALANCE,"[603, 614]"
2019-06-28 13:33:50.000000000,BID_DEPTH,"[(98299, 203), (98159, 100), (98106, 100), (98085, 100), (98009, 100)]"
2019-06-28 13:33:50.000000000,ASK_DEPTH,"[(98380, 200), (98417, 100), (98448, 100), (98480, 114), (98509, 100)]"
2019-06-28 13:33:50.000000000,IMBALANCE,"[603, 614]"
2019-06-28 13:34:00.000000000,BID_DEPTH,"[(98299, 203), (98227, 100), (98159, 100), (98106, 100), (98085, 100)]"
2019-06-28 13:34:00.000000000,ASK_DEPTH,"[(98351, 100), (98380, 200), (98417, 100), (98448, 100), (98480, 114)]"
2019-06-28 13:34:00.000000000,IMBALANCE,"[603, 614]"
2019-06-28 13:34:10.000000000,BID_DEPTH,"[(98299, 76), (98227, 100), (98159, 100), (98106, 100), (98085, 100)]"
2019-06-28 13:34:10.000000000,ASK_DEPTH,"[(98351, 100), (98380, 200), (98417, 100), (98448, 100), (98480, 114)]"
2019-06-28 13:34:10.000000000,IMBALANCE,"[476, 614]"
2019-06-28 13:34:20.000000000,BID_DEPTH,"[(98299, 76), (98227, 100), (98159, 100), (98106, 100), (98085, 100)]"
2019-06-28 13:34:20.000000000,ASK_DEPTH,"[(98351, 100), (98380, 200), (98417, 100), (98448, 100), (98480, 114)]"
2019-06-28 13:34:20.000000000,IMBALANCE,"[476, 614]"
2019-06-28 13:34:30.000000000,BID_DEPTH,"[(98299, 76), (98227, 100), (98159, 100), (98106, 100), (98085, 100)]"
2019-06-28 13:34:30.000000000,ASK_DEPTH,"[(98351, 100), (98380, 200), (98417, 100), (98448, 100), (98480, 114)]"
2019-06-28 13:34:30.000000000,IMBALANCE,"[476, 614]"
2019-06-28 13:34:40.000000000,BID_DEPTH,"[(98299, 76), (98227, 100), (98159, 100), (98106, 100), (98085, 100)]"
2019-06-28 13:34:40.000000000,ASK_DEPTH,"[(98351, 100), (98380, 200), (98417, 100), (98448, 100), (98480, 114)]"
2019-06-28 13:34:40.000000000,IMBALANCE,"[476, 614]"
2019-06-28 13:34:50.000000000,BID_DEPTH,"[(98299, 76), (98227, 100), (98159, 100), (98106, 100), (98085, 100)]"
2019-06-28 13:34:50.000000000,ASK_DEPTH,"[(98351, 100), (98380, 200), (98448, 100), (98480, 114), (98509, 100)]"
2019-06-28 13:34:50.000000000,IMBALANCE,"[476, 614]"
2019-06-28 13:35:00.000000000,BID_DEPTH,"[(98299, 76), (98227, 100), (98159, 100), (98106, 100), (98085, 100)]"
2019-06-28 13:35:00.000000000,ASK_DEPTH,"[(98380, 200), (98448, 100), (98480, 114), (98509, 100), (98519, 100)]"
2019-06-28 13:35:00.000000000,IMBALANCE,"[476, 614]"
2019-06-28 13:35:00.000000000,HOLDINGS_UPDATED,"{'CASH': -471055752, 'JPM': 4899}"
2019-06-28 13:35:00.000000000,HOLDINGS_UPDATED,"{'CASH': -471448948, 'JPM': 4903}"
2019-06-28 13:35:00.000000000,HOLDINGS_UPDATED,"{'CASH': -471940443, 'JPM': 4908}"
2019-06-28 13:35:00.000000000,HOLDINGS_UPDATED,"{'CASH': -472628536, 'JPM': 4915}"
2019-06-28 13:35:00.000000000,HOLDINGS_UPDATED,"{'CASH': -473414928, 'JPM': 4923}"
2019-06-28 13:35:00.000000000,HOLDINGS_UPDATED,"{'CASH': -474299619, 'JPM': 4932}"
2019-06-28 13:35:00.000000000,HOLDINGS_UPDATED,"{'CASH': -475086011, 'JPM': 4940}"
2019-06-28 13:35:00.000000000,HOLDINGS_UPDATED,"{'CASH': -475380908, 'JPM': 4943}"
2019-06-28 13:35:10.000000000,BID_DEPTH,"[(98227, 100), (98159, 100), (98106, 100), (98085, 100), (98009, 100)]"
2019-06-28 13:35:10.000000000,ASK_DEPTH,"[(98380, 200), (98448, 100), (98480, 114), (98509, 100), (98519, 100)]"
2019-06-28 13:35:10.000000000,IMBALANCE,"[500, 614]"
2019-06-28 13:35:20.000000000,BID_DEPTH,"[(98299, 100), (98227, 100), (98159, 100), (98106, 100), (98085, 100)]"
2019-06-28 13:35:20.000000000,ASK_DEPTH,"[(98380, 200), (98448, 100), (98480, 114), (98509, 100), (98519, 100)]"
2019-06-28 13:35:20.000000000,IMBALANCE,"[500, 614]"
2019-06-28 13:35:30.000000000,BID_DEPTH,"[(98299, 100), (98227, 100), (98159, 100), (98106, 100), (98085, 100)]"
2019-06-28 13:35:30.000000000,ASK_DEPTH,"[(98380, 200), (98448, 100), (98480, 114), (98509, 100), (98519, 100)]"
2019-06-28 13:35:30.000000000,IMBALANCE,"[500, 614]"
2019-06-28 13:35:40.000000000,BID_DEPTH,"[(98299, 100), (98227, 100), (98159, 100), (98106, 100), (98085, 100)]"
2019-06-28 13:35:40.000000000,ASK_DEPTH,"[(98380, 100), (98448, 100), (98480, 114), (98509, 100), (98519, 100)]"
2019-06-28 13:35:40.000000000,IMBALANCE,"[500, 514]"
2019-06-28 13:35:50.000000000,BID_DEPTH,"[(98299, 100), (98227, 100), (98159, 100), (98106, 100), (98085, 100)]"
2019-06-28 13:35:50.000000000,ASK_DEPTH,"[(98380, 100), (98448, 100), (98480, 114), (98509, 100), (98519, 100)]"
2019-06-28 13:35:50.000000000,IMBALANCE,"[500, 514]"
2019-06-28 13:36:00.000000000,BID_DEPTH,"[(98299, 100), (98227, 100), (98159, 100), (98106, 100), (98085, 100)]"
2019-06-28 13:36:00.000000000,ASK_DEPTH,"[(98380, 100), (98448, 100), (98480, 114), (98509, 100), (98519, 100)]"
2019-06-28 13:36:00.000000000,IMBALANCE,"[500, 514]"
2019-06-28 13:36:00.000000000,HOLDINGS_UPDATED,"{'CASH': -476069001, 'JPM': 4950}"
2019-06-28 13:36:00.000000000,HOLDINGS_UPDATED,"{'CASH': -476953692, 'JPM': 4959}"
2019-06-28 13:36:00.000000000,HOLDINGS_UPDATED,"{'CASH': -477740084, 'JPM': 4967}"
2019-06-28 13:36:00.000000000,HOLDINGS_UPDATED,"{'CASH': -478034981, 'JPM': 4970}"
2019-06-28 13:36:10.000000000,BID_DEPTH,"[(98227, 100), (98159, 100), (98106, 100), (98085, 100), (98009, 100)]"
2019-06-28 13:36:10.000000000,ASK_DEPTH,"[(98380, 100), (98448, 100), (98480, 114), (98509, 100), (98519, 100)]"
2019-06-28 13:36:10.000000000,IMBALANCE,"[500, 514]"
2019-06-28 13:36:20.000000000,BID_DEPTH,"[(98227, 100), (98159, 100), (98106, 100), (98085, 100), (98009, 100)]"
2019-06-28 13:36:20.000000000,ASK_DEPTH,"[(98380, 100), (98448, 100), (98480, 114), (98509, 100), (98519, 100)]"
2019-06-28 13:36:20.000000000,IMBALANCE,"[500, 514]"
2019-06-28 13:36:30.000000000,BID_DEPTH,"[(98227, 100), (98159, 100), (98106, 100), (98085, 100), (98009, 100)]"
2019-06-28 13:36:30.000000000,ASK_DEPTH,"[(98380, 100), (98448, 100), (98480, 114), (98509, 100), (98519, 100)]"
2019-06-28 13:36:30.000000000,IMBALANCE,"[500, 514]"
2019-06-28 13:36:40.000000000,BID_DEPTH,"[(98227, 100), (98159, 100), (98106, 100), (98085, 100), (98009, 100)]"
2019-06-28 13:36:40.000000000,ASK_DEPTH,"[(98380, 100), (98448, 100), (98480, 114), (98509, 100), (98519, 100)]"
2019-06-28 13:36:40.000000000,IMBALANCE,"[500, 514]"
2019-06-28 13:36:50.000000000,BID_DEPTH,"[(98227, 100), (98159, 100), (98106, 100), (98085, 100), (98009, 100)]"
2019-06-28 13:36:50.000000000,ASK_DEPTH,"[(98380, 100), (98448, 100), (98480, 114), (98509, 100), (98519, 100)]"
2019-06-28 13:36:50.000000000,IMBALANCE,"[500, 514]"
2019-06-28 13:37:00.000000000,BID_DEPTH,"[(98227, 100), (98159, 100), (98106, 100), (98085, 100), (98009, 100)]"
2019-06-28 13:37:00.000000000,ASK_DEPTH,"[(98448, 100), (98480, 114), (98509, 100), (98519, 100), (98573, 100)]"
2019-06-28 13:37:00.000000000,IMBALANCE,"[500, 514]"
2019-06-28 13:37:00.000000000,HOLDINGS_UPDATED,"{'CASH': -478722570, 'JPM': 4977}"
2019-06-28 13:37:00.000000000,HOLDINGS_UPDATED,"{'CASH': -479606613, 'JPM': 4986}"
2019-06-28 13:37:00.000000000,HOLDINGS_UPDATED,"{'CASH': -480392429, 'JPM': 4994}"
2019-06-28 13:37:00.000000000,HOLDINGS_UPDATED,"{'CASH': -480687110, 'JPM': 4997}"
2019-06-28 13:37:10.000000000,BID_DEPTH,"[(98159, 100), (98106, 100), (98085, 100), (98009, 100), (97997, 100)]"
2019-06-28 13:37:10.000000000,ASK_DEPTH,"[(98448, 100), (98480, 114), (98509, 100), (98519, 100), (98573, 100)]"
2019-06-28 13:37:10.000000000,IMBALANCE,"[500, 514]"
2019-06-28 13:37:20.000000000,BID_DEPTH,"[(98159, 100), (98106, 100), (98085, 100), (98009, 100), (97997, 100)]"
2019-06-28 13:37:20.000000000,ASK_DEPTH,"[(98448, 100), (98480, 114), (98509, 100), (98519, 100), (98573, 100)]"
2019-06-28 13:37:20.000000000,IMBALANCE,"[500, 514]"
2019-06-28 13:37:30.000000000,BID_DEPTH,"[(98159, 100), (98106, 100), (98085, 100), (98009, 100), (97997, 100)]"
2019-06-28 13:37:30.000000000,ASK_DEPTH,"[(98448, 100), (98480, 114), (98509, 100), (98519, 100), (98573, 100)]"
2019-06-28 13:37:30.000000000,IMBALANCE,"[500, 514]"
2019-06-28 13:37:40.000000000,BID_DEPTH,"[(98159, 100), (98106, 100), (98085, 100), (98009, 100), (97997, 100)]"
2019-06-28 13:37:40.000000000,ASK_DEPTH,"[(98448, 100), (98480, 114), (98509, 100), (98519, 100), (98573, 100)]"
2019-06-28 13:37:40.000000000,IMBALANCE,"[500, 514]"
2019-06-28 13:37:50.000000000,BID_DEPTH,"[(98159, 100), (98106, 100), (98085, 100), (98009, 100), (97997, 100)]"
2019-06-28 13:37:50.000000000,ASK_DEPTH,"[(98448, 100), (98480, 114), (98509, 100), (98519, 100), (98573, 100)]"
2019-06-28 13:37:50.000000000,IMBALANCE,"[500, 514]"
2019-06-28 13:38:00.000000000,BID_DEPTH,"[(98159, 100), (98106, 100), (98085, 100), (98009, 100), (97997, 100)]"
2019-06-28 13:38:00.000000000,ASK_DEPTH,"[(98448, 100), (98480, 114), (98509, 100), (98519, 100), (98573, 100)]"
2019-06-28 13:38:00.000000000,IMBALANCE,"[500, 514]"
2019-06-28 13:38:00.000000000,HOLDINGS_UPDATED,"{'CASH': -481374223, 'JPM': 5004}"
2019-06-28 13:38:00.000000000,HOLDINGS_UPDATED,"{'CASH': -482257654, 'JPM': 5013}"
2019-06-28 13:38:00.000000000,HOLDINGS_UPDATED,"{'CASH': -483042926, 'JPM': 5021}"
2019-06-28 13:38:00.000000000,HOLDINGS_UPDATED,"{'CASH': -483337403, 'JPM': 5024}"
2019-06-28 13:38:10.000000000,BID_DEPTH,"[(98159, 200), (98106, 100), (98085, 100), (98009, 100), (97997, 100)]"
2019-06-28 13:38:10.000000000,ASK_DEPTH,"[(98448, 100), (98480, 114), (98509, 100), (98519, 100), (98573, 100)]"
2019-06-28 13:38:10.000000000,IMBALANCE,"[600, 514]"
2019-06-28 13:38:20.000000000,BID_DEPTH,"[(98159, 200), (98106, 100), (98085, 100), (98009, 100), (97997, 100)]"
2019-06-28 13:38:20.000000000,ASK_DEPTH,"[(98448, 100), (98480, 114), (98509, 100), (98519, 100), (98573, 100)]"
2019-06-28 13:38:20.000000000,IMBALANCE,"[600, 514]"
2019-06-28 13:38:30.000000000,BID_DEPTH,"[(98159, 200), (98106, 100), (98085, 100), (98009, 100), (97997, 100)]"
2019-06-28 13:38:30.000000000,ASK_DEPTH,"[(98448, 100), (98480, 114), (98509, 100), (98519, 100), (98573, 100)]"
2019-06-28 13:38:30.000000000,IMBALANCE,"[600, 514]"
2019-06-28 13:38:40.000000000,BID_DEPTH,"[(98159, 200), (98106, 100), (98085, 100), (98009, 100), (97997, 100)]"
2019-06-28 13:38:40.000000000,ASK_DEPTH,"[(98448, 100), (98480, 114), (98509, 100), (98519, 100), (98573, 100)]"
2019-06-28 13:38:40.000000000,IMBALANCE,"[600, 514]"
2019-06-28 13:38:50.000000000,BID_DEPTH,"[(98159, 200), (98106, 100), (98085, 100), (98009, 100), (97997, 100)]"
2019-06-28 13:38:50.000000000,ASK_DEPTH,"[(98448, 100), (98480, 114), (98509, 100), (98519, 100), (98573, 100)]"
2019-06-28 13:38:50.000000000,IMBALANCE,"[600, 514]"
2019-06-28 13:39:00.000000000,BID_DEPTH,"[(98159, 300), (98106, 100), (98085, 100), (98009, 100), (97997, 100)]"
2019-06-28 13:39:00.000000000,ASK_DEPTH,"[(98448, 100), (98480, 114), (98509, 100), (98519, 100), (98573, 100)]"
2019-06-28 13:39:00.000000000,IMBALANCE,"[700, 514]"
2019-06-28 13:39:10.000000000,BID_DEPTH,"[(98159, 173), (98106, 100), (98085, 100), (98009, 100), (97997, 100)]"
2019-06-28 13:39:10.000000000,ASK_DEPTH,"[(98448, 100), (98480, 114), (98509, 100), (98519, 100), (98573, 100)]"
2019-06-28 13:39:10.000000000,IMBALANCE,"[573, 514]"
2019-06-28 13:39:20.000000000,BID_DEPTH,"[(98159, 173), (98106, 100), (98085, 100), (98009, 100), (97997, 100)]"
2019-06-28 13:39:20.000000000,ASK_DEPTH,"[(98448, 100), (98480, 114), (98509, 100), (98519, 100), (98573, 100)]"
2019-06-28 13:39:20.000000000,IMBALANCE,"[573, 514]"
2019-06-28 13:39:30.000000000,BID_DEPTH,"[(98159, 173), (98106, 100), (98085, 100), (98009, 100), (97997, 100)]"
2019-06-28 13:39:30.000000000,ASK_DEPTH,"[(98480, 114), (98509, 100), (98519, 100), (98573, 100), (98576, 92)]"
2019-06-28 13:39:30.000000000,IMBALANCE,"[573, 506]"
2019-06-28 13:39:40.000000000,BID_DEPTH,"[(98159, 173), (98106, 100), (98085, 100), (98009, 100), (97997, 100)]"
2019-06-28 13:39:40.000000000,ASK_DEPTH,"[(98480, 114), (98509, 100), (98519, 100), (98573, 100), (98576, 92)]"
2019-06-28 13:39:40.000000000,IMBALANCE,"[573, 506]"
2019-06-28 13:39:50.000000000,BID_DEPTH,"[(98159, 173), (98106, 100), (98085, 100), (98009, 100), (97997, 100)]"
2019-06-28 13:39:50.000000000,ASK_DEPTH,"[(98480, 114), (98509, 100), (98519, 100), (98573, 100), (98576, 92)]"
2019-06-28 13:39:50.000000000,IMBALANCE,"[573, 506]"
2019-06-28 13:40:00.000000000,BID_DEPTH,"[(98159, 173), (98106, 100), (98085, 100), (98009, 100), (97997, 100)]"
2019-06-28 13:40:00.000000000,ASK_DEPTH,"[(98480, 114), (98509, 100), (98519, 100), (98573, 100), (98576, 92)]"
2019-06-28 13:40:00.000000000,IMBALANCE,"[573, 506]"
2019-06-28 13:40:10.000000000,BID_DEPTH,"[(98159, 46), (98106, 100), (98085, 100), (98009, 100), (97997, 100)]"
2019-06-28 13:40:10.000000000,ASK_DEPTH,"[(98480, 114), (98509, 100), (98519, 100), (98573, 100), (98576, 92)]"
2019-06-28 13:40:10.000000000,IMBALANCE,"[446, 506]"
2019-06-28 13:40:20.000000000,BID_DEPTH,"[(98159, 46), (98106, 100), (98085, 100), (98009, 100), (97997, 100)]"
2019-06-28 13:40:20.000000000,ASK_DEPTH,"[(98480, 114), (98509, 100), (98519, 100), (98573, 100), (98576, 92)]"
2019-06-28 13:40:20.000000000,IMBALANCE,"[446, 506]"
2019-06-28 13:40:30.000000000,BID_DEPTH,"[(98159, 46), (98106, 100), (98085, 100), (98009, 100), (97997, 100)]"
2019-06-28 13:40:30.000000000,ASK_DEPTH,"[(98480, 114), (98509, 100), (98519, 100), (98573, 100), (98576, 92)]"
2019-06-28 13:40:30.000000000,IMBALANCE,"[446, 506]"
2019-06-28 13:40:40.000000000,BID_DEPTH,"[(98159, 46), (98106, 100), (98085, 100), (98009, 100), (97997, 100)]"
2019-06-28 13:40:40.000000000,ASK_DEPTH,"[(98480, 114), (98509, 100), (98519, 100), (98573, 100), (98576, 92)]"
2019-06-28 13:40:40.000000000,IMBALANCE,"[446, 506]"
2019-06-28 13:40:50.000000000,BID_DEPTH,"[(98159, 46), (98106, 100), (98085, 100), (98009, 100), (97997, 100)]"
2019-06-28 13:40:50.000000000,ASK_DEPTH,"[(98480, 114), (98509, 100), (98519, 100), (98573, 100), (98576, 92)]"
2019-06-28 13:40:50.000000000,IMBALANCE,"[446, 506]"
2019-06-28 13:41:00.000000000,BID_DEPTH,"[(98159, 46), (98106, 100), (98085, 100), (98009, 100), (97997, 100)]"
2019-06-28 13:41:00.000000000,ASK_DEPTH,"[(98480, 114), (98509, 100), (98519, 100), (98573, 100), (98576, 92)]"
2019-06-28 13:41:00.000000000,IMBALANCE,"[446, 506]"
2019-06-28 13:41:00.000000000,HOLDINGS_UPDATED,"{'CASH': -483631880, 'JPM': 5027}"
2019-06-28 13:41:00.000000000,HOLDINGS_UPDATED,"{'CASH': -483730039, 'JPM': 5028}"
2019-06-28 13:41:00.000000000,HOLDINGS_UPDATED,"{'CASH': -483926357, 'JPM': 5030}"
2019-06-28 13:41:00.000000000,HOLDINGS_UPDATED,"{'CASH': -484417152, 'JPM': 5035}"
2019-06-28 13:41:00.000000000,HOLDINGS_UPDATED,"{'CASH': -485300583, 'JPM': 5044}"
2019-06-28 13:41:00.000000000,HOLDINGS_UPDATED,"{'CASH': -486184014, 'JPM': 5053}"
2019-06-28 13:41:00.000000000,HOLDINGS_UPDATED,"{'CASH': -486969286, 'JPM': 5061}"
2019-06-28 13:41:00.000000000,HOLDINGS_UPDATED,"{'CASH': -487361922, 'JPM': 5065}"
2019-06-28 13:41:00.000000000,HOLDINGS_UPDATED,"{'CASH': -487852717, 'JPM': 5070}"
2019-06-28 13:41:00.000000000,HOLDINGS_UPDATED,"{'CASH': -488539830, 'JPM': 5077}"
2019-06-28 13:41:00.000000000,HOLDINGS_UPDATED,"{'CASH': -489325102, 'JPM': 5085}"
2019-06-28 13:41:00.000000000,HOLDINGS_UPDATED,"{'CASH': -490208533, 'JPM': 5094}"
2019-06-28 13:41:00.000000000,HOLDINGS_UPDATED,"{'CASH': -490993805, 'JPM': 5102}"
2019-06-28 13:41:00.000000000,HOLDINGS_UPDATED,"{'CASH': -491288282, 'JPM': 5105}"
2019-06-28 13:41:10.000000000,BID_DEPTH,"[(98106, 100), (98085, 100), (98009, 100), (97997, 100), (97964, 100)]"
2019-06-28 13:41:10.000000000,ASK_DEPTH,"[(98480, 114), (98509, 100), (98519, 100), (98573, 100), (98576, 92)]"
2019-06-28 13:41:10.000000000,IMBALANCE,"[500, 506]"
2019-06-28 13:41:20.000000000,BID_DEPTH,"[(98106, 100), (98085, 100), (98009, 100), (97997, 100), (97964, 100)]"
2019-06-28 13:41:20.000000000,ASK_DEPTH,"[(98480, 114), (98509, 100), (98519, 100), (98573, 100), (98576, 92)]"
2019-06-28 13:41:20.000000000,IMBALANCE,"[500, 506]"
2019-06-28 13:41:30.000000000,BID_DEPTH,"[(98106, 100), (98085, 100), (98009, 100), (97997, 100), (97964, 100)]"
2019-06-28 13:41:30.000000000,ASK_DEPTH,"[(98301, 100), (98480, 114), (98509, 100), (98518, 100), (98519, 100)]"
2019-06-28 13:41:30.000000000,IMBALANCE,"[500, 514]"
2019-06-28 13:41:40.000000000,BID_DEPTH,"[(98106, 100), (98085, 100), (98009, 100), (97997, 100), (97964, 100)]"
2019-06-28 13:41:40.000000000,ASK_DEPTH,"[(98301, 100), (98480, 114), (98509, 100), (98518, 100), (98519, 100)]"
2019-06-28 13:41:40.000000000,IMBALANCE,"[500, 514]"
2019-06-28 13:41:50.000000000,BID_DEPTH,"[(98106, 100), (98085, 100), (98009, 100), (97997, 100), (97964, 100)]"
2019-06-28 13:41:50.000000000,ASK_DEPTH,"[(98480, 114), (98509, 100), (98518, 100), (98519, 100), (98573, 100)]"
2019-06-28 13:41:50.000000000,IMBALANCE,"[500, 514]"
2019-06-28 13:42:00.000000000,BID_DEPTH,"[(98106, 100), (98085, 100), (98009, 100), (97997, 100), (97964, 100)]"
2019-06-28 13:42:00.000000000,ASK_DEPTH,"[(98480, 114), (98509, 100), (98518, 100), (98519, 100), (98573, 100)]"
2019-06-28 13:42:00.000000000,IMBALANCE,"[500, 514]"
2019-06-28 13:42:00.000000000,HOLDINGS_UPDATED,"{'CASH': -491975024, 'JPM': 5112}"
2019-06-28 13:42:00.000000000,HOLDINGS_UPDATED,"{'CASH': -492857978, 'JPM': 5121}"
2019-06-28 13:42:00.000000000,HOLDINGS_UPDATED,"{'CASH': -493642826, 'JPM': 5129}"
2019-06-28 13:42:00.000000000,HOLDINGS_UPDATED,"{'CASH': -493937144, 'JPM': 5132}"
2019-06-28 13:42:10.000000000,BID_DEPTH,"[(98106, 100), (98085, 100), (98009, 100), (97997, 100), (97964, 100)]"
2019-06-28 13:42:10.000000000,ASK_DEPTH,"[(98480, 114), (98509, 100), (98518, 100), (98519, 100), (98573, 100)]"
2019-06-28 13:42:10.000000000,IMBALANCE,"[500, 514]"
2019-06-28 13:42:20.000000000,BID_DEPTH,"[(98106, 200), (98085, 100), (98009, 100), (97997, 100), (97964, 100)]"
2019-06-28 13:42:20.000000000,ASK_DEPTH,"[(98480, 114), (98509, 100), (98518, 100), (98519, 100), (98573, 100)]"
2019-06-28 13:42:20.000000000,IMBALANCE,"[600, 514]"
2019-06-28 13:42:30.000000000,BID_DEPTH,"[(98106, 200), (98085, 100), (98009, 100), (97997, 100), (97964, 100)]"
2019-06-28 13:42:30.000000000,ASK_DEPTH,"[(98480, 114), (98509, 100), (98518, 100), (98519, 100), (98573, 100)]"
2019-06-28 13:42:30.000000000,IMBALANCE,"[600, 514]"
2019-06-28 13:42:40.000000000,BID_DEPTH,"[(98106, 200), (98085, 100), (98009, 100), (97997, 100), (97964, 100)]"
2019-06-28 13:42:40.000000000,ASK_DEPTH,"[(98480, 14), (98509, 100), (98518, 100), (98519, 100), (98573, 100)]"
2019-06-28 13:42:40.000000000,IMBALANCE,"[600, 414]"
2019-06-28 13:42:50.000000000,BID_DEPTH,"[(98106, 200), (98085, 100), (98009, 100), (97997, 100), (97964, 100)]"
2019-06-28 13:42:50.000000000,ASK_DEPTH,"[(98480, 14), (98509, 100), (98518, 100), (98519, 100), (98573, 100)]"
2019-06-28 13:42:50.000000000,IMBALANCE,"[600, 414]"
2019-06-28 13:43:00.000000000,BID_DEPTH,"[(98106, 200), (98085, 100), (98009, 100), (97997, 100), (97964, 100)]"
2019-06-28 13:43:00.000000000,ASK_DEPTH,"[(98480, 14), (98509, 100), (98518, 100), (98519, 100), (98573, 100)]"
2019-06-28 13:43:00.000000000,IMBALANCE,"[600, 414]"
2019-06-28 13:43:10.000000000,BID_DEPTH,"[(98106, 173), (98085, 100), (98009, 100), (97997, 100), (97964, 100)]"
2019-06-28 13:43:10.000000000,ASK_DEPTH,"[(98480, 14), (98509, 100), (98518, 100), (98519, 100), (98573, 100)]"
2019-06-28 13:43:10.000000000,IMBALANCE,"[573, 414]"
2019-06-28 13:43:14.259016576,HOLDINGS_UPDATED,"{'CASH': -485664824, 'JPM': 5048}"
2019-06-28 13:43:20.000000000,BID_DEPTH,"[(98480, 2), (98106, 173), (98085, 100), (98009, 100), (97997, 100)]"
2019-06-28 13:43:20.000000000,ASK_DEPTH,"[(98509, 100), (98518, 100), (98519, 100), (98573, 100), (98576, 92)]"
2019-06-28 13:43:20.000000000,IMBALANCE,"[475, 492]"
2019-06-28 13:43:30.000000000,BID_DEPTH,"[(98480, 2), (98106, 173), (98085, 100), (98009, 100), (97997, 100)]"
2019-06-28 13:43:30.000000000,ASK_DEPTH,"[(98509, 100), (98518, 100), (98519, 100), (98573, 100), (98576, 92)]"
2019-06-28 13:43:30.000000000,IMBALANCE,"[475, 492]"
2019-06-28 13:43:40.000000000,BID_DEPTH,"[(98480, 2), (98106, 173), (98085, 100), (98009, 100), (97997, 100)]"
2019-06-28 13:43:40.000000000,ASK_DEPTH,"[(98518, 100), (98519, 100), (98573, 100), (98576, 92), (98646, 13)]"
2019-06-28 13:43:40.000000000,IMBALANCE,"[475, 405]"
2019-06-28 13:43:50.000000000,BID_DEPTH,"[(98480, 2), (98106, 173), (98085, 100), (98009, 100), (97997, 100)]"
2019-06-28 13:43:50.000000000,ASK_DEPTH,"[(98519, 100), (98573, 100), (98576, 92), (98646, 13), (98688, 100)]"
2019-06-28 13:43:50.000000000,IMBALANCE,"[475, 405]"
2019-06-28 13:44:00.000000000,BID_DEPTH,"[(98480, 2), (98106, 173), (98085, 100), (98009, 100), (97997, 100)]"
2019-06-28 13:44:00.000000000,ASK_DEPTH,"[(98573, 100), (98576, 92), (98646, 13), (98688, 100), (98756, 100)]"
2019-06-28 13:44:00.000000000,IMBALANCE,"[475, 405]"
2019-06-28 13:44:00.000000000,HOLDINGS_UPDATED,"{'CASH': -485763304, 'JPM': 5049}"
2019-06-28 13:44:00.000000000,HOLDINGS_UPDATED,"{'CASH': -486354184, 'JPM': 5055}"
2019-06-28 13:44:00.000000000,HOLDINGS_UPDATED,"{'CASH': -486846584, 'JPM': 5060}"
2019-06-28 13:44:00.000000000,HOLDINGS_UPDATED,"{'CASH': -487142024, 'JPM': 5063}"
2019-06-28 13:44:00.000000000,HOLDINGS_UPDATED,"{'CASH': -487929864, 'JPM': 5071}"
2019-06-28 13:44:00.000000000,HOLDINGS_UPDATED,"{'CASH': -488225304, 'JPM': 5074}"
2019-06-28 13:44:00.000000000,HOLDINGS_UPDATED,"{'CASH': -488816184, 'JPM': 5080}"
2019-06-28 13:44:00.000000000,HOLDINGS_UPDATED,"{'CASH': -489604024, 'JPM': 5088}"
2019-06-28 13:44:00.000000000,HOLDINGS_UPDATED,"{'CASH': -489702504, 'JPM': 5089}"
2019-06-28 13:44:00.000000000,HOLDINGS_UPDATED,"{'CASH': -489800984, 'JPM': 5090}"
2019-06-28 13:44:00.000000000,HOLDINGS_UPDATED,"{'CASH': -490293384, 'JPM': 5095}"
2019-06-28 13:44:00.000000000,HOLDINGS_UPDATED,"{'CASH': -490391864, 'JPM': 5096}"
2019-06-28 13:44:00.000000000,HOLDINGS_UPDATED,"{'CASH': -490588824, 'JPM': 5098}"
2019-06-28 13:44:00.000000000,HOLDINGS_UPDATED,"{'CASH': -491081224, 'JPM': 5103}"
2019-06-28 13:44:00.000000000,HOLDINGS_UPDATED,"{'CASH': -491967544, 'JPM': 5112}"
2019-06-28 13:44:00.000000000,HOLDINGS_UPDATED,"{'CASH': -492853864, 'JPM': 5121}"
2019-06-28 13:44:00.000000000,HOLDINGS_UPDATED,"{'CASH': -493641704, 'JPM': 5129}"
2019-06-28 13:44:00.000000000,HOLDINGS_UPDATED,"{'CASH': -494035624, 'JPM': 5133}"
2019-06-28 13:44:00.000000000,HOLDINGS_UPDATED,"{'CASH': -494528024, 'JPM': 5138}"
2019-06-28 13:44:00.000000000,HOLDINGS_UPDATED,"{'CASH': -495217384, 'JPM': 5145}"
2019-06-28 13:44:00.000000000,HOLDINGS_UPDATED,"{'CASH': -496005224, 'JPM': 5153}"
2019-06-28 13:44:10.000000000,BID_DEPTH,"[(98106, 153), (98085, 100), (98009, 100), (97997, 100), (97964, 100)]"
2019-06-28 13:44:10.000000000,ASK_DEPTH,"[(98573, 100), (98576, 92), (98646, 13), (98688, 100), (98756, 100)]"
2019-06-28 13:44:10.000000000,IMBALANCE,"[553, 405]"
2019-06-28 13:44:20.000000000,BID_DEPTH,"[(98106, 153), (98085, 100), (98009, 100), (97997, 100), (97964, 100)]"
2019-06-28 13:44:20.000000000,ASK_DEPTH,"[(98573, 100), (98576, 92), (98646, 13), (98688, 100), (98756, 100)]"
2019-06-28 13:44:20.000000000,IMBALANCE,"[553, 405]"
2019-06-28 13:44:30.000000000,BID_DEPTH,"[(98106, 153), (98085, 100), (98009, 100), (97997, 100), (97964, 100)]"
2019-06-28 13:44:30.000000000,ASK_DEPTH,"[(98573, 100), (98576, 92), (98646, 13), (98688, 100), (98756, 100)]"
2019-06-28 13:44:30.000000000,IMBALANCE,"[553, 405]"
2019-06-28 13:44:40.000000000,BID_DEPTH,"[(98106, 153), (98085, 100), (98009, 100), (97997, 100), (97964, 100)]"
2019-06-28 13:44:40.000000000,ASK_DEPTH,"[(98576, 92), (98646, 13), (98688, 100), (98756, 100), (98782, 100)]"
2019-06-28 13:44:40.000000000,IMBALANCE,"[553, 405]"
2019-06-28 13:44:50.000000000,BID_DEPTH,"[(98106, 153), (98085, 100), (98009, 100), (97997, 100), (97964, 100)]"
2019-06-28 13:44:50.000000000,ASK_DEPTH,"[(98576, 92), (98646, 13), (98688, 100), (98756, 100), (98782, 100)]"
2019-06-28 13:44:50.000000000,IMBALANCE,"[553, 405]"
2019-06-28 13:45:00.000000000,BID_DEPTH,"[(98106, 153), (98085, 100), (98009, 100), (97997, 100), (97964, 100)]"
2019-06-28 13:45:00.000000000,ASK_DEPTH,"[(98576, 92), (98646, 13), (98688, 100), (98756, 100), (98782, 100)]"
2019-06-28 13:45:00.000000000,IMBALANCE,"[553, 405]"
2019-06-28 13:45:10.000000000,BID_DEPTH,"[(98106, 26), (98085, 100), (98009, 100), (97997, 100), (97964, 100)]"
2019-06-28 13:45:10.000000000,ASK_DEPTH,"[(98576, 92), (98646, 13), (98688, 100), (98756, 100), (98782, 100)]"
2019-06-28 13:45:10.000000000,IMBALANCE,"[426, 405]"
2019-06-28 13:45:20.000000000,BID_DEPTH,"[(98106, 26), (98085, 100), (98009, 100), (97997, 100), (97964, 100)]"
2019-06-28 13:45:20.000000000,ASK_DEPTH,"[(98576, 92), (98646, 13), (98688, 100), (98756, 100), (98782, 100)]"
2019-06-28 13:45:20.000000000,IMBALANCE,"[426, 405]"
2019-06-28 13:45:30.000000000,BID_DEPTH,"[(98106, 226), (98085, 100), (98009, 100), (97997, 100), (97964, 100)]"
2019-06-28 13:45:30.000000000,ASK_DEPTH,"[(98576, 92), (98646, 13), (98688, 100), (98756, 100), (98782, 100)]"
2019-06-28 13:45:30.000000000,IMBALANCE,"[626, 405]"
2019-06-28 13:45:40.000000000,BID_DEPTH,"[(98106, 226), (98085, 100), (98009, 100), (97997, 100), (97964, 100)]"
2019-06-28 13:45:40.000000000,ASK_DEPTH,"[(98576, 92), (98646, 13), (98688, 100), (98756, 100), (98782, 100)]"
2019-06-28 13:45:40.000000000,IMBALANCE,"[626, 405]"
2019-06-28 13:45:50.000000000,BID_DEPTH,"[(98106, 226), (98085, 100), (98009, 100), (97997, 100), (97964, 100)]"
2019-06-28 13:45:50.000000000,ASK_DEPTH,"[(98576, 92), (98646, 13), (98688, 100), (98756, 100), (98782, 100)]"
2019-06-28 13:45:50.000000000,IMBALANCE,"[626, 405]"
2019-06-28 13:46:00.000000000,BID_DEPTH,"[(98106, 326), (98085, 100), (98009, 100), (97997, 100), (97964, 100)]"
2019-06-28 13:46:00.000000000,ASK_DEPTH,"[(98576, 92), (98646, 13), (98688, 100), (98756, 100), (98782, 100)]"
2019-06-28 13:46:00.000000000,IMBALANCE,"[726, 405]"
2019-06-28 13:46:05.076148767,HOLDINGS_UPDATED,"{'CASH': -495216616, 'JPM': 5145}"
2019-06-28 13:46:10.000000000,BID_DEPTH,"[(98106, 199), (98085, 100), (98009, 100), (97997, 100), (97964, 100)]"
2019-06-28 13:46:10.000000000,ASK_DEPTH,"[(98646, 13), (98688, 100), (98756, 100), (98782, 100), (98922, 100)]"
2019-06-28 13:46:10.000000000,IMBALANCE,"[599, 413]"
2019-06-28 13:46:20.000000000,BID_DEPTH,"[(98106, 199), (98085, 100), (98009, 100), (97997, 100), (97964, 100)]"
2019-06-28 13:46:20.000000000,ASK_DEPTH,"[(98646, 13), (98688, 100), (98756, 100), (98782, 100), (98922, 100)]"
2019-06-28 13:46:20.000000000,IMBALANCE,"[599, 413]"
2019-06-28 13:46:30.000000000,BID_DEPTH,"[(98106, 199), (98085, 100), (98009, 100), (97997, 100), (97964, 100)]"
2019-06-28 13:46:30.000000000,ASK_DEPTH,"[(98646, 13), (98688, 100), (98756, 100), (98782, 100), (98922, 100)]"
2019-06-28 13:46:30.000000000,IMBALANCE,"[599, 413]"
2019-06-28 13:46:40.000000000,BID_DEPTH,"[(98106, 199), (98085, 100), (98009, 100), (97997, 100), (97964, 100)]"
2019-06-28 13:46:40.000000000,ASK_DEPTH,"[(98646, 13), (98688, 100), (98756, 100), (98782, 100), (98922, 100)]"
2019-06-28 13:46:40.000000000,IMBALANCE,"[599, 413]"
2019-06-28 13:46:50.000000000,BID_DEPTH,"[(98106, 199), (98085, 100), (98009, 100), (97997, 100), (97964, 100)]"
2019-06-28 13:46:50.000000000,ASK_DEPTH,"[(98646, 13), (98688, 100), (98756, 100), (98782, 100), (98922, 100)]"
2019-06-28 13:46:50.000000000,IMBALANCE,"[599, 413]"
2019-06-28 13:46:55.766544547,HOLDINGS_UPDATED,"{'CASH': -486930352, 'JPM': 5061}"
2019-06-28 13:47:00.000000000,BID_DEPTH,"[(98646, 3), (98106, 199), (98085, 100), (98009, 100), (97997, 100)]"
2019-06-28 13:47:00.000000000,ASK_DEPTH,"[(98688, 100), (98756, 100), (98782, 100), (98922, 100), (98932, 100)]"
2019-06-28 13:47:00.000000000,IMBALANCE,"[502, 500]"
2019-06-28 13:47:00.000000000,HOLDINGS_UPDATED,"{'CASH': -487522228, 'JPM': 5067}"
2019-06-28 13:47:00.000000000,HOLDINGS_UPDATED,"{'CASH': -488015458, 'JPM': 5072}"
2019-06-28 13:47:00.000000000,HOLDINGS_UPDATED,"{'CASH': -488311396, 'JPM': 5075}"
2019-06-28 13:47:00.000000000,HOLDINGS_UPDATED,"{'CASH': -489100564, 'JPM': 5083}"
2019-06-28 13:47:00.000000000,HOLDINGS_UPDATED,"{'CASH': -489396502, 'JPM': 5086}"
2019-06-28 13:47:00.000000000,HOLDINGS_UPDATED,"{'CASH': -489988378, 'JPM': 5092}"
2019-06-28 13:47:00.000000000,HOLDINGS_UPDATED,"{'CASH': -490777546, 'JPM': 5100}"
2019-06-28 13:47:00.000000000,HOLDINGS_UPDATED,"{'CASH': -490876192, 'JPM': 5101}"
2019-06-28 13:47:00.000000000,HOLDINGS_UPDATED,"{'CASH': -490974838, 'JPM': 5102}"
2019-06-28 13:47:00.000000000,HOLDINGS_UPDATED,"{'CASH': -491468068, 'JPM': 5107}"
2019-06-28 13:47:00.000000000,HOLDINGS_UPDATED,"{'CASH': -491566714, 'JPM': 5108}"
2019-06-28 13:47:00.000000000,HOLDINGS_UPDATED,"{'CASH': -491764006, 'JPM': 5110}"
2019-06-28 13:47:00.000000000,HOLDINGS_UPDATED,"{'CASH': -492257236, 'JPM': 5115}"
2019-06-28 13:47:00.000000000,HOLDINGS_UPDATED,"{'CASH': -493145050, 'JPM': 5124}"
2019-06-28 13:47:00.000000000,HOLDINGS_UPDATED,"{'CASH': -494032864, 'JPM': 5133}"
2019-06-28 13:47:00.000000000,HOLDINGS_UPDATED,"{'CASH': -494822032, 'JPM': 5141}"
2019-06-28 13:47:00.000000000,HOLDINGS_UPDATED,"{'CASH': -495216616, 'JPM': 5145}"
2019-06-28 13:47:00.000000000,HOLDINGS_UPDATED,"{'CASH': -495709846, 'JPM': 5150}"
2019-06-28 13:47:00.000000000,HOLDINGS_UPDATED,"{'CASH': -496400368, 'JPM': 5157}"
2019-06-28 13:47:00.000000000,HOLDINGS_UPDATED,"{'CASH': -497189536, 'JPM': 5165}"
2019-06-28 13:47:00.000000000,HOLDINGS_UPDATED,"{'CASH': -498077350, 'JPM': 5174}"
2019-06-28 13:47:00.000000000,HOLDINGS_UPDATED,"{'CASH': -498866518, 'JPM': 5182}"
2019-06-28 13:47:00.000000000,HOLDINGS_UPDATED,"{'CASH': -499162456, 'JPM': 5185}"
2019-06-28 13:47:10.000000000,BID_DEPTH,"[(98106, 199), (98085, 100), (98009, 100), (97997, 100), (97964, 100)]"
2019-06-28 13:47:10.000000000,ASK_DEPTH,"[(98688, 100), (98756, 100), (98782, 100), (98922, 100), (98932, 100)]"
2019-06-28 13:47:10.000000000,IMBALANCE,"[599, 500]"
2019-06-28 13:47:20.000000000,BID_DEPTH,"[(98106, 199), (98085, 100), (98009, 100), (97997, 100), (97964, 100)]"
2019-06-28 13:47:20.000000000,ASK_DEPTH,"[(98688, 100), (98756, 100), (98782, 100), (98922, 100), (98932, 100)]"
2019-06-28 13:47:20.000000000,IMBALANCE,"[599, 500]"
2019-06-28 13:47:30.000000000,BID_DEPTH,"[(98646, 100), (98106, 199), (98085, 100), (98009, 100), (97997, 100)]"
2019-06-28 13:47:30.000000000,ASK_DEPTH,"[(98688, 100), (98756, 100), (98782, 100), (98922, 100), (98932, 100)]"
2019-06-28 13:47:30.000000000,IMBALANCE,"[599, 500]"
2019-06-28 13:47:40.000000000,BID_DEPTH,"[(98646, 100), (98106, 199), (98085, 100), (98009, 100), (97997, 100)]"
2019-06-28 13:47:40.000000000,ASK_DEPTH,"[(98688, 100), (98756, 100), (98782, 100), (98922, 100), (98932, 100)]"
2019-06-28 13:47:40.000000000,IMBALANCE,"[599, 500]"
2019-06-28 13:47:50.000000000,BID_DEPTH,"[(98646, 100), (98106, 199), (98085, 100), (98009, 100), (97997, 100)]"
2019-06-28 13:47:50.000000000,ASK_DEPTH,"[(98756, 100), (98782, 100), (98922, 100), (98932, 100), (99044, 100)]"
2019-06-28 13:47:50.000000000,IMBALANCE,"[599, 500]"
2019-06-28 13:48:00.000000000,BID_DEPTH,"[(98646, 100), (98106, 199), (98085, 100), (98009, 100), (97997, 100)]"
2019-06-28 13:48:00.000000000,ASK_DEPTH,"[(98782, 100), (98922, 100), (98932, 100), (99044, 100), (99064, 100)]"
2019-06-28 13:48:00.000000000,IMBALANCE,"[599, 500]"
2019-06-28 13:48:00.000000000,HOLDINGS_UPDATED,"{'CASH': -499852978, 'JPM': 5192}"
2019-06-28 13:48:00.000000000,HOLDINGS_UPDATED,"{'CASH': -500740792, 'JPM': 5201}"
2019-06-28 13:48:00.000000000,HOLDINGS_UPDATED,"{'CASH': -501529960, 'JPM': 5209}"
2019-06-28 13:48:00.000000000,HOLDINGS_UPDATED,"{'CASH': -501825898, 'JPM': 5212}"
2019-06-28 13:48:10.000000000,BID_DEPTH,"[(98106, 199), (98085, 100), (98009, 100), (97997, 100), (97964, 100)]"
2019-06-28 13:48:10.000000000,ASK_DEPTH,"[(98782, 100), (98922, 100), (98932, 100), (99044, 100), (99064, 100)]"
2019-06-28 13:48:10.000000000,IMBALANCE,"[599, 500]"
2019-06-28 13:48:20.000000000,BID_DEPTH,"[(98106, 199), (98085, 100), (98009, 100), (97997, 100), (97964, 100)]"
2019-06-28 13:48:20.000000000,ASK_DEPTH,"[(98922, 100), (98932, 100), (99044, 100), (99064, 100), (99070, 100)]"
2019-06-28 13:48:20.000000000,IMBALANCE,"[599, 500]"
2019-06-28 13:48:30.000000000,BID_DEPTH,"[(98106, 199), (98085, 100), (98009, 100), (97997, 100), (97964, 100)]"
2019-06-28 13:48:30.000000000,ASK_DEPTH,"[(98922, 100), (98932, 100), (99044, 100), (99064, 100), (99070, 100)]"
2019-06-28 13:48:30.000000000,IMBALANCE,"[599, 500]"
2019-06-28 13:48:40.000000000,BID_DEPTH,"[(98106, 199), (98085, 100), (98009, 100), (97997, 100), (97964, 100)]"
2019-06-28 13:48:40.000000000,ASK_DEPTH,"[(98922, 100), (98932, 100), (99044, 100), (99064, 100), (99070, 100)]"
2019-06-28 13:48:40.000000000,IMBALANCE,"[599, 500]"
2019-06-28 13:48:50.000000000,BID_DEPTH,"[(98646, 100), (98106, 199), (98085, 100), (98009, 100), (97997, 100)]"
2019-06-28 13:48:50.000000000,ASK_DEPTH,"[(98922, 100), (98932, 100), (99044, 100), (99070, 100), (99147, 100)]"
2019-06-28 13:48:50.000000000,IMBALANCE,"[599, 500]"
2019-06-28 13:49:00.000000000,BID_DEPTH,"[(98914, 100), (98890, 100), (98646, 100), (98106, 199), (98085, 100)]"
2019-06-28 13:49:00.000000000,ASK_DEPTH,"[(98932, 100), (99044, 100), (99147, 100), (99149, 100), (99164, 100)]"
2019-06-28 13:49:00.000000000,IMBALANCE,"[599, 500]"
2019-06-28 13:49:00.000000000,HOLDINGS_UPDATED,"{'CASH': -502518296, 'JPM': 5219}"
2019-06-28 13:49:00.000000000,HOLDINGS_UPDATED,"{'CASH': -503408522, 'JPM': 5228}"
2019-06-28 13:49:00.000000000,HOLDINGS_UPDATED,"{'CASH': -504199834, 'JPM': 5236}"
2019-06-28 13:49:00.000000000,HOLDINGS_UPDATED,"{'CASH': -504496576, 'JPM': 5239}"
2019-06-28 13:49:10.000000000,BID_DEPTH,"[(98890, 100), (98646, 100), (98106, 199), (98085, 100), (98009, 100)]"
2019-06-28 13:49:10.000000000,ASK_DEPTH,"[(98932, 100), (99044, 100), (99147, 100), (99149, 100), (99164, 100)]"
2019-06-28 13:49:10.000000000,IMBALANCE,"[599, 500]"
2019-06-28 13:49:20.000000000,BID_DEPTH,"[(98890, 100), (98646, 100), (98106, 199), (98085, 100), (98009, 100)]"
2019-06-28 13:49:20.000000000,ASK_DEPTH,"[(98932, 100), (99044, 100), (99147, 100), (99149, 100), (99164, 100)]"
2019-06-28 13:49:20.000000000,IMBALANCE,"[599, 500]"
2019-06-28 13:49:30.000000000,BID_DEPTH,"[(98890, 100), (98646, 100), (98106, 199), (98085, 100), (98009, 100)]"
2019-06-28 13:49:30.000000000,ASK_DEPTH,"[(98932, 100), (99044, 100), (99147, 100), (99149, 100), (99164, 100)]"
2019-06-28 13:49:30.000000000,IMBALANCE,"[599, 500]"
2019-06-28 13:49:40.000000000,BID_DEPTH,"[(98890, 100), (98646, 100), (98106, 199), (98085, 100), (98009, 100)]"
2019-06-28 13:49:40.000000000,ASK_DEPTH,"[(98932, 100), (99044, 100), (99147, 100), (99149, 100), (99164, 100)]"
2019-06-28 13:49:40.000000000,IMBALANCE,"[599, 500]"
2019-06-28 13:49:50.000000000,BID_DEPTH,"[(98890, 100), (98646, 100), (98106, 199), (98085, 100), (98009, 100)]"
2019-06-28 13:49:50.000000000,ASK_DEPTH,"[(98932, 100), (99044, 100), (99147, 100), (99149, 100), (99164, 100)]"
2019-06-28 13:49:50.000000000,IMBALANCE,"[599, 500]"
2019-06-28 13:50:00.000000000,BID_DEPTH,"[(98890, 100), (98646, 100), (98106, 199), (98085, 100), (98009, 100)]"
2019-06-28 13:50:00.000000000,ASK_DEPTH,"[(99044, 100), (99147, 100), (99149, 100), (99164, 100), (99176, 100)]"
2019-06-28 13:50:00.000000000,IMBALANCE,"[599, 500]"
2019-06-28 13:50:00.000000000,HOLDINGS_UPDATED,"{'CASH': -505188806, 'JPM': 5246}"
2019-06-28 13:50:00.000000000,HOLDINGS_UPDATED,"{'CASH': -506078816, 'JPM': 5255}"
2019-06-28 13:50:00.000000000,HOLDINGS_UPDATED,"{'CASH': -506869936, 'JPM': 5263}"
2019-06-28 13:50:00.000000000,HOLDINGS_UPDATED,"{'CASH': -507166606, 'JPM': 5266}"
2019-06-28 13:50:10.000000000,BID_DEPTH,"[(98646, 100), (98106, 199), (98085, 100), (98009, 100), (97997, 100)]"
2019-06-28 13:50:10.000000000,ASK_DEPTH,"[(99044, 100), (99147, 100), (99149, 100), (99164, 100), (99176, 100)]"
2019-06-28 13:50:10.000000000,IMBALANCE,"[599, 500]"
2019-06-28 13:50:20.000000000,BID_DEPTH,"[(98646, 100), (98106, 199), (98085, 100), (98009, 100), (97997, 100)]"
2019-06-28 13:50:20.000000000,ASK_DEPTH,"[(99044, 100), (99147, 100), (99149, 100), (99164, 100), (99176, 100)]"
2019-06-28 13:50:20.000000000,IMBALANCE,"[599, 500]"
2019-06-28 13:50:30.000000000,BID_DEPTH,"[(98646, 100), (98106, 199), (98085, 100), (98009, 100), (97997, 100)]"
2019-06-28 13:50:30.000000000,ASK_DEPTH,"[(99044, 100), (99147, 100), (99149, 100), (99164, 100), (99176, 100)]"
2019-06-28 13:50:30.000000000,IMBALANCE,"[599, 500]"
2019-06-28 13:50:40.000000000,BID_DEPTH,"[(98646, 100), (98106, 199), (98085, 100), (98009, 100), (97997, 100)]"
2019-06-28 13:50:40.000000000,ASK_DEPTH,"[(99044, 100), (99147, 100), (99149, 100), (99164, 100), (99176, 100)]"
2019-06-28 13:50:40.000000000,IMBALANCE,"[599, 500]"
2019-06-28 13:50:50.000000000,BID_DEPTH,"[(98646, 100), (98106, 199), (98085, 100), (98009, 100), (97997, 100)]"
2019-06-28 13:50:50.000000000,ASK_DEPTH,"[(99044, 100), (99147, 100), (99149, 100), (99164, 100), (99176, 100)]"
2019-06-28 13:50:50.000000000,IMBALANCE,"[599, 500]"
2019-06-28 13:51:00.000000000,BID_DEPTH,"[(98646, 100), (98106, 199), (98085, 100), (98009, 100), (97997, 100)]"
2019-06-28 13:51:00.000000000,ASK_DEPTH,"[(99044, 100), (99147, 100), (99164, 100), (99176, 100), (99184, 100)]"
2019-06-28 13:51:00.000000000,IMBALANCE,"[599, 500]"
2019-06-28 13:51:00.000000000,HOLDINGS_UPDATED,"{'CASH': -507857128, 'JPM': 5273}"
2019-06-28 13:51:00.000000000,HOLDINGS_UPDATED,"{'CASH': -508744942, 'JPM': 5282}"
2019-06-28 13:51:00.000000000,HOLDINGS_UPDATED,"{'CASH': -509534110, 'JPM': 5290}"
2019-06-28 13:51:00.000000000,HOLDINGS_UPDATED,"{'CASH': -509830048, 'JPM': 5293}"
2019-06-28 13:51:10.000000000,BID_DEPTH,"[(98106, 199), (98085, 100), (98009, 100), (97997, 100)]"
2019-06-28 13:51:10.000000000,ASK_DEPTH,"[(99044, 100), (99147, 100), (99164, 100), (99176, 100), (99184, 100)]"
2019-06-28 13:51:10.000000000,IMBALANCE,"[499, 500]"
2019-06-28 13:51:20.000000000,BID_DEPTH,"[(98106, 199), (98085, 100), (98009, 100), (97997, 100)]"
2019-06-28 13:51:20.000000000,ASK_DEPTH,"[(99044, 100), (99147, 100), (99164, 100), (99176, 100), (99184, 100)]"
2019-06-28 13:51:20.000000000,IMBALANCE,"[499, 500]"
2019-06-28 13:51:30.000000000,BID_DEPTH,"[(98106, 199), (98085, 100), (98009, 100), (97997, 100)]"
2019-06-28 13:51:30.000000000,ASK_DEPTH,"[(99044, 100), (99147, 100), (99164, 100), (99176, 100), (99184, 100)]"
2019-06-28 13:51:30.000000000,IMBALANCE,"[499, 500]"
2019-06-28 13:51:40.000000000,BID_DEPTH,"[(98106, 199), (98085, 100), (98009, 100), (97997, 100)]"
2019-06-28 13:51:40.000000000,ASK_DEPTH,"[(99147, 100), (99164, 100), (99176, 100), (99184, 100), (99191, 100)]"
2019-06-28 13:51:40.000000000,IMBALANCE,"[499, 500]"
2019-06-28 13:51:50.000000000,BID_DEPTH,"[(98106, 199), (98085, 100), (98009, 100), (97997, 100)]"
2019-06-28 13:51:50.000000000,ASK_DEPTH,"[(99147, 100), (99164, 100), (99176, 100), (99184, 100), (99191, 100)]"
2019-06-28 13:51:50.000000000,IMBALANCE,"[499, 500]"
2019-06-28 13:52:00.000000000,BID_DEPTH,"[(98646, 100), (98106, 199), (98085, 100), (98009, 100), (97997, 100)]"
2019-06-28 13:52:00.000000000,ASK_DEPTH,"[(99147, 100), (99164, 100), (99176, 100), (99184, 100), (99191, 100)]"
2019-06-28 13:52:00.000000000,IMBALANCE,"[599, 500]"
2019-06-28 13:52:00.000000000,HOLDINGS_UPDATED,"{'CASH': -510520570, 'JPM': 5300}"
2019-06-28 13:52:00.000000000,HOLDINGS_UPDATED,"{'CASH': -511408384, 'JPM': 5309}"
2019-06-28 13:52:00.000000000,HOLDINGS_UPDATED,"{'CASH': -512197552, 'JPM': 5317}"
2019-06-28 13:52:00.000000000,HOLDINGS_UPDATED,"{'CASH': -512493490, 'JPM': 5320}"
2019-06-28 13:52:10.000000000,BID_DEPTH,"[(98106, 199), (98085, 100), (98009, 100), (97997, 100)]"
2019-06-28 13:52:10.000000000,ASK_DEPTH,"[(99147, 100), (99176, 100), (99184, 100), (99191, 100), (99204, 100)]"
2019-06-28 13:52:10.000000000,IMBALANCE,"[499, 500]"
2019-06-28 13:52:20.000000000,BID_DEPTH,"[(98106, 199), (98085, 100), (98009, 100), (97997, 100)]"
2019-06-28 13:52:20.000000000,ASK_DEPTH,"[(99147, 100), (99176, 100), (99184, 100), (99191, 100), (99204, 100)]"
2019-06-28 13:52:20.000000000,IMBALANCE,"[499, 500]"
2019-06-28 13:52:30.000000000,BID_DEPTH,"[(98106, 199), (98085, 100), (98009, 100), (97997, 100)]"
2019-06-28 13:52:30.000000000,ASK_DEPTH,"[(99147, 100), (99176, 100), (99184, 100), (99191, 100), (99204, 100)]"
2019-06-28 13:52:30.000000000,IMBALANCE,"[499, 500]"
2019-06-28 13:52:40.000000000,BID_DEPTH,"[(98106, 199), (98085, 100), (98009, 100), (97997, 100)]"
2019-06-28 13:52:40.000000000,ASK_DEPTH,"[(99147, 100), (99176, 100), (99184, 100), (99191, 100), (99204, 100)]"
2019-06-28 13:52:40.000000000,IMBALANCE,"[499, 500]"
2019-06-28 13:52:50.000000000,BID_DEPTH,"[(98106, 199), (98085, 100), (98009, 100), (97997, 100)]"
2019-06-28 13:52:50.000000000,ASK_DEPTH,"[(99147, 100), (99176, 100), (99184, 100), (99191, 100), (99204, 100)]"
2019-06-28 13:52:50.000000000,IMBALANCE,"[499, 500]"
2019-06-28 13:53:00.000000000,BID_DEPTH,"[(98106, 199), (98085, 100), (98009, 100), (97997, 100)]"
2019-06-28 13:53:00.000000000,ASK_DEPTH,"[(99147, 100), (99176, 100), (99184, 100), (99191, 100), (99204, 100)]"
2019-06-28 13:53:00.000000000,IMBALANCE,"[499, 500]"
2019-06-28 13:53:10.000000000,BID_DEPTH,"[(98106, 72), (98085, 100), (98009, 100), (97997, 100)]"
2019-06-28 13:53:10.000000000,ASK_DEPTH,"[(99176, 100), (99184, 100), (99191, 100), (99204, 100), (99229, 100)]"
2019-06-28 13:53:10.000000000,IMBALANCE,"[372, 500]"
2019-06-28 13:53:20.000000000,BID_DEPTH,"[(98106, 72), (98085, 100), (98009, 100), (97997, 100)]"
2019-06-28 13:53:20.000000000,ASK_DEPTH,"[(99176, 100), (99184, 100), (99191, 100), (99204, 100), (99229, 100)]"
2019-06-28 13:53:20.000000000,IMBALANCE,"[372, 500]"
2019-06-28 13:53:30.000000000,BID_DEPTH,"[(98106, 72), (98085, 100), (98009, 100), (97997, 100)]"
2019-06-28 13:53:30.000000000,ASK_DEPTH,"[(99176, 100), (99184, 100), (99191, 100), (99204, 100), (99229, 100)]"
2019-06-28 13:53:30.000000000,IMBALANCE,"[372, 500]"
2019-06-28 13:53:40.000000000,BID_DEPTH,"[(98106, 72), (98085, 100), (98009, 100), (97997, 100)]"
2019-06-28 13:53:40.000000000,ASK_DEPTH,"[(99176, 100), (99184, 100), (99191, 100), (99204, 100), (99229, 100)]"
2019-06-28 13:53:40.000000000,IMBALANCE,"[372, 500]"
2019-06-28 13:53:50.000000000,BID_DEPTH,"[(98106, 72), (98009, 100), (97997, 100)]"
2019-06-28 13:53:50.000000000,ASK_DEPTH,"[(99184, 100), (99191, 100), (99204, 100), (99229, 100), (99290, 100)]"
2019-06-28 13:53:50.000000000,IMBALANCE,"[272, 500]"
2019-06-28 13:54:00.000000000,BID_DEPTH,"[(98106, 72), (98009, 100), (97997, 100)]"
2019-06-28 13:54:00.000000000,ASK_DEPTH,"[(99191, 100), (99204, 100), (99229, 100), (99290, 100), (99294, 100)]"
2019-06-28 13:54:00.000000000,IMBALANCE,"[272, 500]"
2019-06-28 13:54:00.000000000,HOLDINGS_UPDATED,"{'CASH': -512787808, 'JPM': 5323}"
2019-06-28 13:54:00.000000000,HOLDINGS_UPDATED,"{'CASH': -513572656, 'JPM': 5331}"
2019-06-28 13:54:00.000000000,HOLDINGS_UPDATED,"{'CASH': -513965080, 'JPM': 5335}"
2019-06-28 13:54:00.000000000,HOLDINGS_UPDATED,"{'CASH': -514455610, 'JPM': 5340}"
2019-06-28 13:54:00.000000000,HOLDINGS_UPDATED,"{'CASH': -515142352, 'JPM': 5347}"
2019-06-28 13:54:00.000000000,HOLDINGS_UPDATED,"{'CASH': -515927200, 'JPM': 5355}"
2019-06-28 13:54:00.000000000,HOLDINGS_UPDATED,"{'CASH': -516810154, 'JPM': 5364}"
2019-06-28 13:54:00.000000000,HOLDINGS_UPDATED,"{'CASH': -517595002, 'JPM': 5372}"
2019-06-28 13:54:00.000000000,HOLDINGS_UPDATED,"{'CASH': -517889320, 'JPM': 5375}"
2019-06-28 13:54:10.000000000,BID_DEPTH,"[(98009, 100), (97997, 100)]"
2019-06-28 13:54:10.000000000,ASK_DEPTH,"[(99191, 100), (99204, 100), (99229, 100), (99290, 100), (99294, 100)]"
2019-06-28 13:54:10.000000000,IMBALANCE,"[200, 500]"
2019-06-28 13:54:20.000000000,BID_DEPTH,"[(98009, 100), (97997, 100)]"
2019-06-28 13:54:20.000000000,ASK_DEPTH,"[(99191, 100), (99204, 100), (99229, 100), (99290, 100), (99294, 100)]"
2019-06-28 13:54:20.000000000,IMBALANCE,"[200, 500]"
2019-06-28 13:54:30.000000000,BID_DEPTH,"[(98009, 100), (97997, 100)]"
2019-06-28 13:54:30.000000000,ASK_DEPTH,"[(99191, 100), (99204, 100), (99229, 100), (99290, 100), (99294, 100)]"
2019-06-28 13:54:30.000000000,IMBALANCE,"[200, 500]"
2019-06-28 13:54:40.000000000,BID_DEPTH,"[(98009, 100), (97997, 100)]"
2019-06-28 13:54:40.000000000,ASK_DEPTH,"[(99191, 100), (99204, 100), (99229, 100), (99290, 100), (99294, 100)]"
2019-06-28 13:54:40.000000000,IMBALANCE,"[200, 500]"
2019-06-28 13:54:50.000000000,BID_DEPTH,"[(98009, 100), (97997, 100)]"
2019-06-28 13:54:50.000000000,ASK_DEPTH,"[(99191, 100), (99204, 100), (99229, 100), (99290, 100), (99294, 100)]"
2019-06-28 13:54:50.000000000,IMBALANCE,"[200, 500]"
2019-06-28 13:55:00.000000000,BID_DEPTH,"[(98009, 100), (97997, 100)]"
2019-06-28 13:55:00.000000000,ASK_DEPTH,"[(99191, 100), (99204, 100), (99229, 100), (99290, 100), (99294, 100)]"
2019-06-28 13:55:00.000000000,IMBALANCE,"[200, 500]"
2019-06-28 13:55:00.000000000,HOLDINGS_UPDATED,"{'CASH': -518575383, 'JPM': 5382}"
2019-06-28 13:55:00.000000000,HOLDINGS_UPDATED,"{'CASH': -519457464, 'JPM': 5391}"
2019-06-28 13:55:00.000000000,HOLDINGS_UPDATED,"{'CASH': -520241536, 'JPM': 5399}"
2019-06-28 13:55:00.000000000,HOLDINGS_UPDATED,"{'CASH': -520535563, 'JPM': 5402}"
2019-06-28 13:55:10.000000000,BID_DEPTH,"[(97997, 100)]"
2019-06-28 13:55:10.000000000,ASK_DEPTH,"[(99191, 100), (99204, 100), (99229, 100), (99290, 100), (99294, 100)]"
2019-06-28 13:55:10.000000000,IMBALANCE,"[100, 500]"
2019-06-28 13:55:20.000000000,BID_DEPTH,"[(97997, 100)]"
2019-06-28 13:55:20.000000000,ASK_DEPTH,"[(99191, 100), (99204, 100), (99229, 100), (99290, 100), (99294, 100)]"
2019-06-28 13:55:20.000000000,IMBALANCE,"[100, 500]"
2019-06-28 13:55:30.000000000,BID_DEPTH,"[(97997, 100)]"
2019-06-28 13:55:30.000000000,ASK_DEPTH,"[(99191, 100), (99204, 100), (99229, 100), (99290, 100), (99294, 100)]"
2019-06-28 13:55:30.000000000,IMBALANCE,"[100, 500]"
2019-06-28 13:55:40.000000000,BID_DEPTH,"[(98009, 100), (97997, 100)]"
2019-06-28 13:55:40.000000000,ASK_DEPTH,"[(99191, 100), (99204, 100), (99229, 100), (99290, 100), (99294, 100)]"
2019-06-28 13:55:40.000000000,IMBALANCE,"[200, 500]"
2019-06-28 13:55:50.000000000,BID_DEPTH,"[(98009, 100), (97997, 100)]"
2019-06-28 13:55:50.000000000,ASK_DEPTH,"[(99191, 100), (99204, 100), (99229, 100), (99290, 100), (99294, 100)]"
2019-06-28 13:55:50.000000000,IMBALANCE,"[200, 500]"
2019-06-28 13:56:00.000000000,BID_DEPTH,"[(98009, 100), (97997, 100)]"
2019-06-28 13:56:00.000000000,ASK_DEPTH,"[(99191, 100), (99204, 100), (99229, 100), (99290, 100), (99294, 100)]"
2019-06-28 13:56:00.000000000,IMBALANCE,"[200, 500]"
2019-06-28 13:56:00.000000000,HOLDINGS_UPDATED,"{'CASH': -521221626, 'JPM': 5409}"
2019-06-28 13:56:00.000000000,HOLDINGS_UPDATED,"{'CASH': -522103707, 'JPM': 5418}"
2019-06-28 13:56:00.000000000,HOLDINGS_UPDATED,"{'CASH': -522887779, 'JPM': 5426}"
2019-06-28 13:56:00.000000000,HOLDINGS_UPDATED,"{'CASH': -523181806, 'JPM': 5429}"
2019-06-28 13:56:10.000000000,BID_DEPTH,"[(97997, 100)]"
2019-06-28 13:56:10.000000000,ASK_DEPTH,"[(99191, 100), (99204, 100), (99229, 100), (99290, 100), (99294, 100)]"
2019-06-28 13:56:10.000000000,IMBALANCE,"[100, 500]"
2019-06-28 13:56:20.000000000,BID_DEPTH,"[(97997, 100)]"
2019-06-28 13:56:20.000000000,ASK_DEPTH,"[(99191, 100), (99204, 100), (99229, 100), (99290, 100), (99294, 100)]"
2019-06-28 13:56:20.000000000,IMBALANCE,"[100, 500]"
2019-06-28 13:56:30.000000000,BID_DEPTH,"[(97997, 100)]"
2019-06-28 13:56:30.000000000,ASK_DEPTH,"[(99191, 100), (99204, 100), (99229, 100), (99290, 100), (99294, 100)]"
2019-06-28 13:56:30.000000000,IMBALANCE,"[100, 500]"
2019-06-28 13:56:40.000000000,BID_DEPTH,"[(97997, 100)]"
2019-06-28 13:56:40.000000000,ASK_DEPTH,"[(99191, 100), (99204, 100), (99229, 100), (99290, 100), (99294, 100)]"
2019-06-28 13:56:40.000000000,IMBALANCE,"[100, 500]"
2019-06-28 13:56:50.000000000,BID_DEPTH,"[(97997, 100)]"
2019-06-28 13:56:50.000000000,ASK_DEPTH,"[(99191, 100), (99204, 100), (99229, 100), (99290, 100), (99294, 100)]"
2019-06-28 13:56:50.000000000,IMBALANCE,"[100, 500]"
2019-06-28 13:57:00.000000000,BID_DEPTH,"[(98009, 100), (97997, 100)]"
2019-06-28 13:57:00.000000000,ASK_DEPTH,"[(99191, 100), (99204, 100), (99229, 100), (99290, 100), (99294, 100)]"
2019-06-28 13:57:00.000000000,IMBALANCE,"[200, 500]"
2019-06-28 13:57:00.000000000,HOLDINGS_UPDATED,"{'CASH': -523867869, 'JPM': 5436}"
2019-06-28 13:57:00.000000000,HOLDINGS_UPDATED,"{'CASH': -524749950, 'JPM': 5445}"
2019-06-28 13:57:00.000000000,HOLDINGS_UPDATED,"{'CASH': -525534022, 'JPM': 5453}"
2019-06-28 13:57:00.000000000,HOLDINGS_UPDATED,"{'CASH': -525828049, 'JPM': 5456}"
2019-06-28 13:57:10.000000000,BID_DEPTH,"[(97997, 100)]"
2019-06-28 13:57:10.000000000,ASK_DEPTH,"[(99191, 100), (99204, 100), (99229, 100), (99290, 100), (99294, 100)]"
2019-06-28 13:57:10.000000000,IMBALANCE,"[100, 500]"
2019-06-28 13:57:20.000000000,BID_DEPTH,"[(97997, 100)]"
2019-06-28 13:57:20.000000000,ASK_DEPTH,"[(99191, 100), (99204, 100), (99229, 100), (99290, 100), (99294, 100)]"
2019-06-28 13:57:20.000000000,IMBALANCE,"[100, 500]"
2019-06-28 13:57:30.000000000,BID_DEPTH,"[(97997, 100)]"
2019-06-28 13:57:30.000000000,ASK_DEPTH,"[(99191, 100), (99204, 100), (99229, 100), (99290, 100), (99294, 100)]"
2019-06-28 13:57:30.000000000,IMBALANCE,"[100, 500]"
2019-06-28 13:57:40.000000000,BID_DEPTH,"[(97997, 100)]"
2019-06-28 13:57:40.000000000,ASK_DEPTH,"[(99191, 100), (99204, 100), (99229, 100), (99290, 100), (99294, 100)]"
2019-06-28 13:57:40.000000000,IMBALANCE,"[100, 500]"
2019-06-28 13:57:50.000000000,BID_DEPTH,"[(97997, 100)]"
2019-06-28 13:57:50.000000000,ASK_DEPTH,"[(99191, 100), (99204, 100), (99229, 100), (99290, 100), (99294, 100)]"
2019-06-28 13:57:50.000000000,IMBALANCE,"[100, 500]"
2019-06-28 13:57:53.250988347,HOLDINGS_UPDATED,"{'CASH': -517496005, 'JPM': 5372}"
2019-06-28 13:58:00.000000000,BID_DEPTH,"[(99191, 16), (97997, 100)]"
2019-06-28 13:58:00.000000000,ASK_DEPTH,"[(99204, 100), (99229, 100), (99290, 100), (99294, 100), (99452, 100)]"
2019-06-28 13:58:00.000000000,IMBALANCE,"[116, 500]"
2019-06-28 13:58:00.000000000,HOLDINGS_UPDATED,"{'CASH': -517595196, 'JPM': 5373}"
2019-06-28 13:58:00.000000000,HOLDINGS_UPDATED,"{'CASH': -518388724, 'JPM': 5381}"
2019-06-28 13:58:00.000000000,HOLDINGS_UPDATED,"{'CASH': -518686297, 'JPM': 5384}"
2019-06-28 13:58:00.000000000,HOLDINGS_UPDATED,"{'CASH': -519281443, 'JPM': 5390}"
2019-06-28 13:58:00.000000000,HOLDINGS_UPDATED,"{'CASH': -520074971, 'JPM': 5398}"
2019-06-28 13:58:00.000000000,HOLDINGS_UPDATED,"{'CASH': -520174162, 'JPM': 5399}"
2019-06-28 13:58:00.000000000,HOLDINGS_UPDATED,"{'CASH': -520273353, 'JPM': 5400}"
2019-06-28 13:58:00.000000000,HOLDINGS_UPDATED,"{'CASH': -520769308, 'JPM': 5405}"
2019-06-28 13:58:00.000000000,HOLDINGS_UPDATED,"{'CASH': -520868499, 'JPM': 5406}"
2019-06-28 13:58:00.000000000,HOLDINGS_UPDATED,"{'CASH': -521066881, 'JPM': 5408}"
2019-06-28 13:58:00.000000000,HOLDINGS_UPDATED,"{'CASH': -521562836, 'JPM': 5413}"
2019-06-28 13:58:00.000000000,HOLDINGS_UPDATED,"{'CASH': -522455555, 'JPM': 5422}"
2019-06-28 13:58:00.000000000,HOLDINGS_UPDATED,"{'CASH': -523348274, 'JPM': 5431}"
2019-06-28 13:58:00.000000000,HOLDINGS_UPDATED,"{'CASH': -524141802, 'JPM': 5439}"
2019-06-28 13:58:00.000000000,HOLDINGS_UPDATED,"{'CASH': -524538566, 'JPM': 5443}"
2019-06-28 13:58:00.000000000,HOLDINGS_UPDATED,"{'CASH': -525034521, 'JPM': 5448}"
2019-06-28 13:58:00.000000000,HOLDINGS_UPDATED,"{'CASH': -525728858, 'JPM': 5455}"
2019-06-28 13:58:00.000000000,HOLDINGS_UPDATED,"{'CASH': -526522386, 'JPM': 5463}"
2019-06-28 13:58:00.000000000,HOLDINGS_UPDATED,"{'CASH': -527415105, 'JPM': 5472}"
2019-06-28 13:58:00.000000000,HOLDINGS_UPDATED,"{'CASH': -528208633, 'JPM': 5480}"
2019-06-28 13:58:00.000000000,HOLDINGS_UPDATED,"{'CASH': -528506206, 'JPM': 5483}"
2019-06-28 13:58:10.000000000,BID_DEPTH,"[(97997, 100)]"
2019-06-28 13:58:10.000000000,ASK_DEPTH,"[(99204, 100), (99229, 100), (99290, 100), (99294, 100), (99452, 100)]"
2019-06-28 13:58:10.000000000,IMBALANCE,"[100, 500]"
2019-06-28 13:58:20.000000000,BID_DEPTH,"[(99191, 100), (97997, 100)]"
2019-06-28 13:58:20.000000000,ASK_DEPTH,"[(99204, 100), (99229, 100), (99290, 100), (99294, 100), (99452, 100)]"
2019-06-28 13:58:20.000000000,IMBALANCE,"[200, 500]"
2019-06-28 13:58:30.000000000,BID_DEPTH,"[(99191, 100), (97997, 100)]"
2019-06-28 13:58:30.000000000,ASK_DEPTH,"[(99204, 100), (99229, 100), (99290, 100), (99294, 100), (99452, 100)]"
2019-06-28 13:58:30.000000000,IMBALANCE,"[200, 500]"
2019-06-28 13:58:40.000000000,BID_DEPTH,"[(99191, 200), (97997, 100)]"
2019-06-28 13:58:40.000000000,ASK_DEPTH,"[(99229, 100), (99290, 100), (99294, 100), (99452, 100), (99559, 100)]"
2019-06-28 13:58:40.000000000,IMBALANCE,"[300, 500]"
2019-06-28 13:58:50.000000000,BID_DEPTH,"[(99191, 200), (97997, 100)]"
2019-06-28 13:58:50.000000000,ASK_DEPTH,"[(99229, 100), (99290, 100), (99294, 100), (99452, 100), (99559, 100)]"
2019-06-28 13:58:50.000000000,IMBALANCE,"[300, 500]"
2019-06-28 13:59:00.000000000,BID_DEPTH,"[(99191, 200), (97997, 100)]"
2019-06-28 13:59:00.000000000,ASK_DEPTH,"[(99229, 100), (99290, 100), (99294, 100), (99452, 100), (99559, 100)]"
2019-06-28 13:59:00.000000000,IMBALANCE,"[300, 500]"
2019-06-28 13:59:10.000000000,BID_DEPTH,"[(99191, 70), (97997, 100)]"
2019-06-28 13:59:10.000000000,ASK_DEPTH,"[(99229, 100), (99290, 100), (99294, 100), (99452, 100), (99559, 100)]"
2019-06-28 13:59:10.000000000,IMBALANCE,"[170, 500]"
2019-06-28 13:59:20.000000000,BID_DEPTH,"[(99191, 70), (97997, 100)]"
2019-06-28 13:59:20.000000000,ASK_DEPTH,"[(99229, 100), (99290, 100), (99294, 100), (99452, 100), (99559, 100)]"
2019-06-28 13:59:20.000000000,IMBALANCE,"[170, 500]"
2019-06-28 13:59:30.000000000,BID_DEPTH,"[(99191, 70), (97997, 100)]"
2019-06-28 13:59:30.000000000,ASK_DEPTH,"[(99229, 100), (99290, 100), (99294, 100), (99452, 100), (99559, 100)]"
2019-06-28 13:59:30.000000000,IMBALANCE,"[170, 500]"
2019-06-28 13:59:40.000000000,BID_DEPTH,"[(99191, 170), (97997, 100)]"
2019-06-28 13:59:40.000000000,ASK_DEPTH,"[(99229, 100), (99290, 100), (99294, 100), (99452, 100), (99559, 100)]"
2019-06-28 13:59:40.000000000,IMBALANCE,"[270, 500]"
2019-06-28 13:59:50.000000000,BID_DEPTH,"[(99191, 170), (97997, 100)]"
2019-06-28 13:59:50.000000000,ASK_DEPTH,"[(99229, 100), (99290, 100), (99294, 100), (99452, 100), (99559, 100)]"
2019-06-28 13:59:50.000000000,IMBALANCE,"[270, 500]"
2019-06-28 14:00:00.000000000,BID_DEPTH,"[(99191, 170), (97997, 100)]"
2019-06-28 14:00:00.000000000,ASK_DEPTH,"[(99229, 100), (99290, 100), (99294, 100), (99452, 100), (99559, 100)]"
2019-06-28 14:00:00.000000000,IMBALANCE,"[270, 500]"
2019-06-28 14:00:00.000000000,HOLDINGS_UPDATED,"{'CASH': -527811603, 'JPM': 5476}"
2019-06-28 14:00:00.000000000,HOLDINGS_UPDATED,"{'CASH': -526918542, 'JPM': 5467}"
2019-06-28 14:00:00.000000000,HOLDINGS_UPDATED,"{'CASH': -526124710, 'JPM': 5459}"
2019-06-28 14:00:00.000000000,HOLDINGS_UPDATED,"{'CASH': -525827023, 'JPM': 5456}"
2019-06-28 14:00:10.000000000,BID_DEPTH,"[(99191, 70), (97997, 100)]"
2019-06-28 14:00:10.000000000,ASK_DEPTH,"[(99229, 3), (99294, 100), (99452, 100), (99559, 100), (99619, 100)]"
2019-06-28 14:00:10.000000000,IMBALANCE,"[170, 403]"
2019-06-28 14:00:20.000000000,BID_DEPTH,"[(99191, 70), (97997, 100)]"
2019-06-28 14:00:20.000000000,ASK_DEPTH,"[(99229, 3), (99294, 100), (99452, 100), (99559, 100), (99619, 100)]"
2019-06-28 14:00:20.000000000,IMBALANCE,"[170, 403]"
2019-06-28 14:00:30.000000000,BID_DEPTH,"[(99191, 70), (97997, 100)]"
2019-06-28 14:00:30.000000000,ASK_DEPTH,"[(99229, 3), (99294, 100), (99452, 100), (99559, 100), (99619, 100)]"
2019-06-28 14:00:30.000000000,IMBALANCE,"[170, 403]"
2019-06-28 14:00:40.000000000,BID_DEPTH,"[(99191, 70), (97997, 100)]"
2019-06-28 14:00:40.000000000,ASK_DEPTH,"[(99229, 3), (99294, 100), (99452, 100), (99559, 100), (99619, 100)]"
2019-06-28 14:00:40.000000000,IMBALANCE,"[170, 403]"
2019-06-28 14:00:50.000000000,BID_DEPTH,"[(99191, 70), (97997, 100)]"
2019-06-28 14:00:50.000000000,ASK_DEPTH,"[(99229, 3), (99294, 100), (99452, 100), (99559, 100), (99619, 100)]"
2019-06-28 14:00:50.000000000,IMBALANCE,"[170, 403]"
2019-06-28 14:00:58.714618930,HOLDINGS_UPDATED,"{'CASH': -516201810, 'JPM': 5359}"
2019-06-28 14:01:00.000000000,BID_DEPTH,"[(99191, 70)]"
2019-06-28 14:01:00.000000000,ASK_DEPTH,"[(99294, 100), (99452, 100), (99559, 100), (99619, 100), (99789, 100)]"
2019-06-28 14:01:00.000000000,IMBALANCE,"[70, 500]"
2019-06-28 14:01:00.000000000,HOLDINGS_UPDATED,"{'CASH': -515506752, 'JPM': 5352}"
2019-06-28 14:01:00.000000000,HOLDINGS_UPDATED,"{'CASH': -514613106, 'JPM': 5343}"
2019-06-28 14:01:00.000000000,HOLDINGS_UPDATED,"{'CASH': -513818754, 'JPM': 5335}"
2019-06-28 14:01:00.000000000,HOLDINGS_UPDATED,"{'CASH': -513520872, 'JPM': 5332}"
2019-06-28 14:01:10.000000000,BID_DEPTH,"[(99191, 70)]"
2019-06-28 14:01:10.000000000,ASK_DEPTH,"[(99294, 3), (99452, 100), (99559, 100), (99619, 100), (99789, 100)]"
2019-06-28 14:01:10.000000000,IMBALANCE,"[70, 403]"
2019-06-28 14:01:18.258661281,HOLDINGS_UPDATED,"{'CASH': -503889354, 'JPM': 5235}"
2019-06-28 14:01:20.000000000,BID_DEPTH,"[(99191, 70)]"
2019-06-28 14:01:20.000000000,ASK_DEPTH,"[(99452, 100), (99559, 100), (99619, 100), (99789, 100), (99889, 100)]"
2019-06-28 14:01:20.000000000,IMBALANCE,"[70, 500]"
2019-06-28 14:01:30.000000000,BID_DEPTH,"[(99191, 70)]"
2019-06-28 14:01:30.000000000,ASK_DEPTH,"[(99559, 100), (99619, 100), (99789, 100), (99889, 100), (100024, 100)]"
2019-06-28 14:01:30.000000000,IMBALANCE,"[70, 500]"
2019-06-28 14:01:40.000000000,BID_DEPTH,"[(99191, 70)]"
2019-06-28 14:01:40.000000000,ASK_DEPTH,"[(99559, 100), (99619, 100), (99789, 100), (99889, 100), (100024, 100)]"
2019-06-28 14:01:40.000000000,IMBALANCE,"[70, 500]"
2019-06-28 14:01:50.000000000,BID_DEPTH,"[(99294, 100)]"
2019-06-28 14:01:50.000000000,ASK_DEPTH,"[(99559, 100), (99619, 100), (99789, 100), (99889, 100), (100024, 100)]"
2019-06-28 14:01:50.000000000,IMBALANCE,"[100, 500]"
2019-06-28 14:02:00.000000000,BID_DEPTH,"[(99294, 100)]"
2019-06-28 14:02:00.000000000,ASK_DEPTH,"[(99559, 100), (99619, 100), (99789, 100), (99889, 100), (100024, 100)]"
2019-06-28 14:02:00.000000000,IMBALANCE,"[100, 500]"
2019-06-28 14:02:00.000000000,HOLDINGS_UPDATED,"{'CASH': -503192441, 'JPM': 5228}"
2019-06-28 14:02:00.000000000,HOLDINGS_UPDATED,"{'CASH': -502296410, 'JPM': 5219}"
2019-06-28 14:02:00.000000000,HOLDINGS_UPDATED,"{'CASH': -501499938, 'JPM': 5211}"
2019-06-28 14:02:00.000000000,HOLDINGS_UPDATED,"{'CASH': -501201261, 'JPM': 5208}"
2019-06-28 14:02:10.000000000,BID_DEPTH,"[(99294, 100)]"
2019-06-28 14:02:10.000000000,ASK_DEPTH,"[(99559, 3), (99619, 100), (99789, 100), (99889, 100), (100024, 100)]"
2019-06-28 14:02:10.000000000,IMBALANCE,"[100, 403]"
2019-06-28 14:02:20.000000000,BID_DEPTH,"[(99294, 100)]"
2019-06-28 14:02:20.000000000,ASK_DEPTH,"[(99559, 3), (99619, 100), (99789, 100), (99889, 100), (100024, 100)]"
2019-06-28 14:02:20.000000000,IMBALANCE,"[100, 403]"
2019-06-28 14:02:30.000000000,BID_DEPTH,"[(99294, 100)]"
2019-06-28 14:02:30.000000000,ASK_DEPTH,"[(99559, 3), (99619, 100), (99789, 100), (99889, 100), (100024, 100)]"
2019-06-28 14:02:30.000000000,IMBALANCE,"[100, 403]"
2019-06-28 14:02:40.000000000,BID_DEPTH,"[(99294, 100)]"
2019-06-28 14:02:40.000000000,ASK_DEPTH,"[(99559, 3), (99619, 100), (99789, 100), (99889, 100), (100024, 100)]"
2019-06-28 14:02:40.000000000,IMBALANCE,"[100, 403]"
2019-06-28 14:02:43.311521608,HOLDINGS_UPDATED,"{'CASH': -491544038, 'JPM': 5111}"
2019-06-28 14:02:50.000000000,BID_DEPTH,"[(99294, 100)]"
2019-06-28 14:02:50.000000000,ASK_DEPTH,"[(99619, 100), (99789, 100), (99889, 100), (100024, 100), (100072, 100)]"
2019-06-28 14:02:50.000000000,IMBALANCE,"[100, 500]"
2019-06-28 14:03:00.000000000,BID_DEPTH,"[(99559, 100), (99294, 100)]"
2019-06-28 14:03:00.000000000,ASK_DEPTH,"[(99619, 100), (99789, 100), (99889, 100), (100024, 100), (100072, 100)]"
2019-06-28 14:03:00.000000000,IMBALANCE,"[200, 500]"
2019-06-28 14:03:00.000000000,HOLDINGS_UPDATED,"{'CASH': -490846705, 'JPM': 5104}"
2019-06-28 14:03:00.000000000,HOLDINGS_UPDATED,"{'CASH': -489950134, 'JPM': 5095}"
2019-06-28 14:03:00.000000000,HOLDINGS_UPDATED,"{'CASH': -489153182, 'JPM': 5087}"
2019-06-28 14:03:00.000000000,HOLDINGS_UPDATED,"{'CASH': -488854325, 'JPM': 5084}"
2019-06-28 14:03:00.190203115,HOLDINGS_UPDATED,"{'CASH': -478892425, 'JPM': 4984}"
2019-06-28 14:03:10.000000000,BID_DEPTH,"[(99559, 100), (99294, 100)]"
2019-06-28 14:03:10.000000000,ASK_DEPTH,"[(99619, 3), (99789, 100), (99889, 100), (100024, 100), (100072, 100)]"
2019-06-28 14:03:10.000000000,IMBALANCE,"[200, 403]"
2019-06-28 14:03:20.000000000,BID_DEPTH,"[(99559, 100), (99294, 100)]"
2019-06-28 14:03:20.000000000,ASK_DEPTH,"[(99619, 3), (99789, 100), (99889, 100), (100024, 100), (100072, 100)]"
2019-06-28 14:03:20.000000000,IMBALANCE,"[200, 403]"
2019-06-28 14:03:28.450062474,HOLDINGS_UPDATED,"{'CASH': -469229382, 'JPM': 4887}"
2019-06-28 14:03:30.000000000,BID_DEPTH,"[(99559, 100), (99294, 100)]"
2019-06-28 14:03:30.000000000,ASK_DEPTH,"[(99789, 100), (99889, 100), (100024, 100), (100072, 100), (101113, 100)]"
2019-06-28 14:03:30.000000000,IMBALANCE,"[200, 500]"
2019-06-28 14:03:40.000000000,BID_DEPTH,"[(99559, 100), (99294, 100)]"
2019-06-28 14:03:40.000000000,ASK_DEPTH,"[(99789, 100), (99889, 100), (100024, 100), (100072, 100), (101113, 100)]"
2019-06-28 14:03:40.000000000,IMBALANCE,"[200, 500]"
2019-06-28 14:03:50.000000000,BID_DEPTH,"[(99559, 100), (99294, 100)]"
2019-06-28 14:03:50.000000000,ASK_DEPTH,"[(99889, 100), (100024, 100), (100072, 100), (101113, 100), (101577, 100)]"
2019-06-28 14:03:50.000000000,IMBALANCE,"[200, 500]"
2019-06-28 14:04:00.000000000,BID_DEPTH,"[(99559, 100), (99294, 100)]"
2019-06-28 14:04:00.000000000,ASK_DEPTH,"[(99889, 100), (100024, 100), (100072, 100), (101113, 100), (101577, 100)]"
2019-06-28 14:04:00.000000000,IMBALANCE,"[200, 500]"
2019-06-28 14:04:00.000000000,HOLDINGS_UPDATED,"{'CASH': -468530159, 'JPM': 4880}"
2019-06-28 14:04:00.000000000,HOLDINGS_UPDATED,"{'CASH': -467631158, 'JPM': 4871}"
2019-06-28 14:04:00.000000000,HOLDINGS_UPDATED,"{'CASH': -466832046, 'JPM': 4863}"
2019-06-28 14:04:00.000000000,HOLDINGS_UPDATED,"{'CASH': -466532379, 'JPM': 4860}"
2019-06-28 14:04:10.000000000,BID_DEPTH,"[(99559, 100), (99294, 100)]"
2019-06-28 14:04:10.000000000,ASK_DEPTH,"[(99889, 3), (100024, 100), (100072, 100), (101113, 100), (101577, 100)]"
2019-06-28 14:04:10.000000000,IMBALANCE,"[200, 403]"
2019-06-28 14:04:20.000000000,BID_DEPTH,"[(99559, 100), (99294, 100)]"
2019-06-28 14:04:20.000000000,ASK_DEPTH,"[(99889, 3), (100024, 100), (100072, 100), (101113, 100), (101577, 100)]"
2019-06-28 14:04:20.000000000,IMBALANCE,"[200, 403]"
2019-06-28 14:04:30.000000000,BID_DEPTH,"[(99559, 100), (99294, 100)]"
2019-06-28 14:04:30.000000000,ASK_DEPTH,"[(99889, 3), (100024, 100), (100072, 100), (101113, 100), (101577, 100)]"
2019-06-28 14:04:30.000000000,IMBALANCE,"[200, 403]"
2019-06-28 14:04:40.000000000,BID_DEPTH,"[(99559, 100), (99294, 100)]"
2019-06-28 14:04:40.000000000,ASK_DEPTH,"[(99889, 3), (100024, 100), (100072, 100), (101113, 100), (101577, 100)]"
2019-06-28 14:04:40.000000000,IMBALANCE,"[200, 403]"
2019-06-28 14:04:50.000000000,BID_DEPTH,"[(99559, 100), (99294, 100)]"
2019-06-28 14:04:50.000000000,ASK_DEPTH,"[(99889, 3), (100024, 100), (100072, 100), (101113, 100), (101577, 100)]"
2019-06-28 14:04:50.000000000,IMBALANCE,"[200, 403]"
2019-06-28 14:05:00.000000000,BID_DEPTH,"[(99559, 100), (99294, 100)]"
2019-06-28 14:05:00.000000000,ASK_DEPTH,"[(99889, 3), (100024, 100), (100072, 100), (101113, 100), (101577, 100)]"
2019-06-28 14:05:00.000000000,IMBALANCE,"[200, 403]"
2019-06-28 14:05:00.000000000,HOLDINGS_UPDATED,"{'CASH': -465933045, 'JPM': 4854}"
2019-06-28 14:05:00.000000000,HOLDINGS_UPDATED,"{'CASH': -465433600, 'JPM': 4849}"
2019-06-28 14:05:00.000000000,HOLDINGS_UPDATED,"{'CASH': -465133933, 'JPM': 4846}"
2019-06-28 14:05:00.000000000,HOLDINGS_UPDATED,"{'CASH': -464334821, 'JPM': 4838}"
2019-06-28 14:05:00.000000000,HOLDINGS_UPDATED,"{'CASH': -464035154, 'JPM': 4835}"
2019-06-28 14:05:00.000000000,HOLDINGS_UPDATED,"{'CASH': -463435820, 'JPM': 4829}"
2019-06-28 14:05:00.000000000,HOLDINGS_UPDATED,"{'CASH': -462636708, 'JPM': 4821}"
2019-06-28 14:05:00.000000000,HOLDINGS_UPDATED,"{'CASH': -462536819, 'JPM': 4820}"
2019-06-28 14:05:00.000000000,HOLDINGS_UPDATED,"{'CASH': -462436930, 'JPM': 4819}"
2019-06-28 14:05:00.000000000,HOLDINGS_UPDATED,"{'CASH': -461937485, 'JPM': 4814}"
2019-06-28 14:05:00.000000000,HOLDINGS_UPDATED,"{'CASH': -461837596, 'JPM': 4813}"
2019-06-28 14:05:00.000000000,HOLDINGS_UPDATED,"{'CASH': -461637818, 'JPM': 4811}"
2019-06-28 14:05:00.000000000,HOLDINGS_UPDATED,"{'CASH': -461138373, 'JPM': 4806}"
2019-06-28 14:05:00.000000000,HOLDINGS_UPDATED,"{'CASH': -460239372, 'JPM': 4797}"
2019-06-28 14:05:00.000000000,HOLDINGS_UPDATED,"{'CASH': -459340371, 'JPM': 4788}"
2019-06-28 14:05:00.000000000,HOLDINGS_UPDATED,"{'CASH': -458541259, 'JPM': 4780}"
2019-06-28 14:05:00.000000000,HOLDINGS_UPDATED,"{'CASH': -458141703, 'JPM': 4776}"
2019-06-28 14:05:00.000000000,HOLDINGS_UPDATED,"{'CASH': -457642258, 'JPM': 4771}"
2019-06-28 14:05:00.000000000,HOLDINGS_UPDATED,"{'CASH': -456943035, 'JPM': 4764}"
2019-06-28 14:05:00.000000000,HOLDINGS_UPDATED,"{'CASH': -456143923, 'JPM': 4756}"
2019-06-28 14:05:00.000000000,HOLDINGS_UPDATED,"{'CASH': -455244922, 'JPM': 4747}"
2019-06-28 14:05:00.000000000,HOLDINGS_UPDATED,"{'CASH': -454445810, 'JPM': 4739}"
2019-06-28 14:05:00.000000000,HOLDINGS_UPDATED,"{'CASH': -454146143, 'JPM': 4736}"
2019-06-28 14:05:10.000000000,BID_DEPTH,"[(99559, 100), (99294, 100)]"
2019-06-28 14:05:10.000000000,ASK_DEPTH,"[(99889, 3), (100024, 100), (100072, 100), (101113, 100), (101577, 100)]"
2019-06-28 14:05:10.000000000,IMBALANCE,"[200, 403]"
2019-06-28 14:05:20.000000000,BID_DEPTH,"[(99559, 100), (99294, 100)]"
2019-06-28 14:05:20.000000000,ASK_DEPTH,"[(99889, 3), (100024, 100), (100072, 100), (101113, 100), (101577, 100)]"
2019-06-28 14:05:20.000000000,IMBALANCE,"[200, 403]"
2019-06-28 14:05:30.000000000,BID_DEPTH,"[(99559, 100), (99294, 100)]"
2019-06-28 14:05:30.000000000,ASK_DEPTH,"[(99889, 3), (100024, 100), (100072, 100), (101113, 100), (101577, 100)]"
2019-06-28 14:05:30.000000000,IMBALANCE,"[200, 403]"
2019-06-28 14:05:38.959088230,HOLDINGS_UPDATED,"{'CASH': -444456910, 'JPM': 4639}"
2019-06-28 14:05:40.000000000,BID_DEPTH,"[(99559, 100), (99294, 100)]"
2019-06-28 14:05:40.000000000,ASK_DEPTH,"[(100024, 100), (100072, 100), (101113, 100), (101577, 100), (101589, 3)]"
2019-06-28 14:05:40.000000000,IMBALANCE,"[200, 403]"
2019-06-28 14:05:50.000000000,BID_DEPTH,"[(99559, 100), (99294, 100)]"
2019-06-28 14:05:50.000000000,ASK_DEPTH,"[(100024, 100), (100072, 100), (101113, 100), (101577, 100), (101589, 3)]"
2019-06-28 14:05:50.000000000,IMBALANCE,"[200, 403]"
2019-06-28 14:06:00.000000000,BID_DEPTH,"[(99559, 100), (99294, 100)]"
2019-06-28 14:06:00.000000000,ASK_DEPTH,"[(100072, 100), (101113, 100), (101577, 100), (101589, 3), (101766, 100)]"
2019-06-28 14:06:00.000000000,IMBALANCE,"[200, 403]"
2019-06-28 14:06:00.000000000,HOLDINGS_UPDATED,"{'CASH': -443756406, 'JPM': 4632}"
2019-06-28 14:06:00.000000000,HOLDINGS_UPDATED,"{'CASH': -442855758, 'JPM': 4623}"
2019-06-28 14:06:00.000000000,HOLDINGS_UPDATED,"{'CASH': -442055182, 'JPM': 4615}"
2019-06-28 14:06:00.000000000,HOLDINGS_UPDATED,"{'CASH': -441754966, 'JPM': 4612}"
2019-06-28 14:06:08.592951820,HOLDINGS_UPDATED,"{'CASH': -433949350, 'JPM': 4534}"
2019-06-28 14:06:10.000000000,BID_DEPTH,"[(100072, 19), (99559, 100), (99294, 100)]"
2019-06-28 14:06:10.000000000,ASK_DEPTH,"[(101113, 100), (101577, 100), (101589, 3), (101766, 100), (102067, 100)]"
2019-06-28 14:06:10.000000000,IMBALANCE,"[219, 403]"
2019-06-28 14:06:20.000000000,BID_DEPTH,"[(100072, 19), (99559, 100), (99294, 100)]"
2019-06-28 14:06:20.000000000,ASK_DEPTH,"[(101113, 100), (101577, 100), (101589, 3), (101766, 100), (102067, 100)]"
2019-06-28 14:06:20.000000000,IMBALANCE,"[219, 403]"
2019-06-28 14:06:30.000000000,BID_DEPTH,"[(100072, 119), (99294, 100)]"
2019-06-28 14:06:30.000000000,ASK_DEPTH,"[(101113, 100), (101577, 100), (101589, 3), (101766, 100), (102067, 100)]"
2019-06-28 14:06:30.000000000,IMBALANCE,"[219, 403]"
2019-06-28 14:06:40.000000000,BID_DEPTH,"[(100072, 119), (99294, 100)]"
2019-06-28 14:06:40.000000000,ASK_DEPTH,"[(101113, 100), (101577, 100), (101589, 3), (101766, 100), (102067, 100)]"
2019-06-28 14:06:40.000000000,IMBALANCE,"[219, 403]"
2019-06-28 14:06:50.000000000,BID_DEPTH,"[(100072, 119), (99294, 100)]"
2019-06-28 14:06:50.000000000,ASK_DEPTH,"[(101113, 100), (101577, 100), (101589, 3), (101766, 100), (102067, 100)]"
2019-06-28 14:06:50.000000000,IMBALANCE,"[219, 403]"
2019-06-28 14:07:00.000000000,BID_DEPTH,"[(100072, 219), (99294, 100)]"
2019-06-28 14:07:00.000000000,ASK_DEPTH,"[(101113, 100), (101577, 100), (101589, 3), (101766, 100), (102067, 100)]"
2019-06-28 14:07:00.000000000,IMBALANCE,"[319, 403]"
2019-06-28 14:07:00.000000000,HOLDINGS_UPDATED,"{'CASH': -433241559, 'JPM': 4527}"
2019-06-28 14:07:00.000000000,HOLDINGS_UPDATED,"{'CASH': -432331542, 'JPM': 4518}"
2019-06-28 14:07:00.000000000,HOLDINGS_UPDATED,"{'CASH': -431522638, 'JPM': 4510}"
2019-06-28 14:07:00.000000000,HOLDINGS_UPDATED,"{'CASH': -431219299, 'JPM': 4507}"
2019-06-28 14:07:07.645050412,HOLDINGS_UPDATED,"{'CASH': -421107999, 'JPM': 4407}"
2019-06-28 14:07:10.000000000,BID_DEPTH,"[(100072, 219), (99294, 100)]"
2019-06-28 14:07:10.000000000,ASK_DEPTH,"[(101113, 3), (101577, 100), (101589, 3), (101766, 100), (102067, 100)]"
2019-06-28 14:07:10.000000000,IMBALANCE,"[319, 306]"
2019-06-28 14:07:20.000000000,BID_DEPTH,"[(100072, 219), (99294, 100)]"
2019-06-28 14:07:20.000000000,ASK_DEPTH,"[(101113, 3), (101577, 100), (101589, 3), (101766, 100), (102067, 100)]"
2019-06-28 14:07:20.000000000,IMBALANCE,"[319, 306]"
2019-06-28 14:07:30.000000000,BID_DEPTH,"[(100072, 219), (99294, 100)]"
2019-06-28 14:07:30.000000000,ASK_DEPTH,"[(101113, 3), (101577, 100), (101589, 3), (101766, 100), (102067, 100)]"
2019-06-28 14:07:30.000000000,IMBALANCE,"[319, 306]"
2019-06-28 14:07:40.000000000,BID_DEPTH,"[(100072, 219), (99294, 100)]"
2019-06-28 14:07:40.000000000,ASK_DEPTH,"[(101113, 3), (101490, 100), (101577, 100), (101589, 3), (101766, 100)]"
2019-06-28 14:07:40.000000000,IMBALANCE,"[319, 306]"
2019-06-28 14:07:50.000000000,BID_DEPTH,"[(100072, 219), (99294, 100)]"
2019-06-28 14:07:50.000000000,ASK_DEPTH,"[(101113, 3), (101577, 100), (101589, 3), (101682, 100), (101766, 100)]"
2019-06-28 14:07:50.000000000,IMBALANCE,"[319, 306]"
2019-06-28 14:07:57.314761168,HOLDINGS_UPDATED,"{'CASH': -411300038, 'JPM': 4310}"
2019-06-28 14:08:00.000000000,BID_DEPTH,"[(100072, 219), (99294, 100)]"
2019-06-28 14:08:00.000000000,ASK_DEPTH,"[(101577, 100), (101589, 3), (101682, 100), (101766, 100), (102067, 100)]"
2019-06-28 14:08:00.000000000,IMBALANCE,"[319, 403]"
2019-06-28 14:08:00.000000000,HOLDINGS_UPDATED,"{'CASH': -410588999, 'JPM': 4303}"
2019-06-28 14:08:00.000000000,HOLDINGS_UPDATED,"{'CASH': -409674806, 'JPM': 4294}"
2019-06-28 14:08:00.000000000,HOLDINGS_UPDATED,"{'CASH': -408862190, 'JPM': 4286}"
2019-06-28 14:08:00.000000000,HOLDINGS_UPDATED,"{'CASH': -408557459, 'JPM': 4283}"
2019-06-28 14:08:10.000000000,BID_DEPTH,"[(100072, 219), (99294, 100)]"
2019-06-28 14:08:10.000000000,ASK_DEPTH,"[(101577, 3), (101589, 3), (101682, 100), (101766, 100), (102067, 100)]"
2019-06-28 14:08:10.000000000,IMBALANCE,"[319, 306]"
2019-06-28 14:08:20.000000000,BID_DEPTH,"[(100072, 219), (99294, 100)]"
2019-06-28 14:08:20.000000000,ASK_DEPTH,"[(101577, 3), (101589, 3), (101682, 100), (101766, 100), (102067, 100)]"
2019-06-28 14:08:20.000000000,IMBALANCE,"[319, 306]"
2019-06-28 14:08:30.000000000,BID_DEPTH,"[(100072, 219), (99294, 100)]"
2019-06-28 14:08:30.000000000,ASK_DEPTH,"[(101577, 3), (101589, 3), (101682, 100), (101766, 100), (102067, 100)]"
2019-06-28 14:08:30.000000000,IMBALANCE,"[319, 306]"
2019-06-28 14:08:40.000000000,BID_DEPTH,"[(100072, 219), (99294, 100)]"
2019-06-28 14:08:40.000000000,ASK_DEPTH,"[(101577, 203), (101589, 3), (101682, 100), (101766, 100), (102067, 100)]"
2019-06-28 14:08:40.000000000,IMBALANCE,"[319, 506]"
2019-06-28 14:08:50.000000000,BID_DEPTH,"[(100072, 219), (99294, 100)]"
2019-06-28 14:08:50.000000000,ASK_DEPTH,"[(101577, 303), (101589, 3), (101682, 100), (101766, 100), (102067, 100)]"
2019-06-28 14:08:50.000000000,IMBALANCE,"[319, 606]"
2019-06-28 14:09:00.000000000,BID_DEPTH,"[(100072, 219), (99294, 100)]"
2019-06-28 14:09:00.000000000,ASK_DEPTH,"[(101577, 303), (101589, 3), (101682, 100), (101766, 100), (102067, 100)]"
2019-06-28 14:09:00.000000000,IMBALANCE,"[319, 606]"
2019-06-28 14:09:10.000000000,BID_DEPTH,"[(100072, 219), (99294, 100)]"
2019-06-28 14:09:10.000000000,ASK_DEPTH,"[(100991, 100), (101577, 279), (101589, 3), (101682, 100), (101766, 100)]"
2019-06-28 14:09:10.000000000,IMBALANCE,"[319, 582]"
2019-06-28 14:09:20.000000000,BID_DEPTH,"[(100072, 219), (99294, 100)]"
2019-06-28 14:09:20.000000000,ASK_DEPTH,"[(100991, 100), (101577, 279), (101589, 3), (101682, 100), (101766, 100)]"
2019-06-28 14:09:20.000000000,IMBALANCE,"[319, 582]"
2019-06-28 14:09:30.000000000,BID_DEPTH,"[(100072, 219), (99294, 100)]"
2019-06-28 14:09:30.000000000,ASK_DEPTH,"[(100991, 100), (101577, 279), (101589, 3), (101682, 100), (101766, 100)]"
2019-06-28 14:09:30.000000000,IMBALANCE,"[319, 582]"
2019-06-28 14:09:40.000000000,BID_DEPTH,"[(100072, 219), (99294, 100)]"
2019-06-28 14:09:40.000000000,ASK_DEPTH,"[(100991, 100), (101577, 279), (101589, 3), (101682, 100), (101766, 100)]"
2019-06-28 14:09:40.000000000,IMBALANCE,"[319, 582]"
2019-06-28 14:09:50.000000000,BID_DEPTH,"[(100072, 219), (99294, 100)]"
2019-06-28 14:09:50.000000000,ASK_DEPTH,"[(101577, 279), (101589, 3), (101682, 100), (101766, 100), (102067, 100)]"
2019-06-28 14:09:50.000000000,IMBALANCE,"[319, 582]"
2019-06-28 14:10:00.000000000,BID_DEPTH,"[(100072, 219), (99294, 100)]"
2019-06-28 14:10:00.000000000,ASK_DEPTH,"[(101577, 279), (101589, 3), (101682, 100), (101766, 100), (102067, 100)]"
2019-06-28 14:10:00.000000000,IMBALANCE,"[319, 582]"
2019-06-28 14:10:10.000000000,BID_DEPTH,"[(100072, 219), (99294, 100)]"
2019-06-28 14:10:10.000000000,ASK_DEPTH,"[(101577, 155), (101589, 3), (101682, 100), (101766, 100), (102067, 100)]"
2019-06-28 14:10:10.000000000,IMBALANCE,"[319, 458]"
2019-06-28 14:10:20.000000000,BID_DEPTH,"[(100072, 219), (99294, 100)]"
2019-06-28 14:10:20.000000000,ASK_DEPTH,"[(101577, 155), (101589, 3), (101682, 100), (101766, 100), (102067, 100)]"
2019-06-28 14:10:20.000000000,IMBALANCE,"[319, 458]"
2019-06-28 14:10:30.000000000,BID_DEPTH,"[(100072, 219), (99294, 100)]"
2019-06-28 14:10:30.000000000,ASK_DEPTH,"[(101577, 255), (101589, 3), (101682, 100), (101766, 100), (102067, 100)]"
2019-06-28 14:10:30.000000000,IMBALANCE,"[319, 558]"
2019-06-28 14:10:40.000000000,BID_DEPTH,"[(100072, 219), (99294, 100)]"
2019-06-28 14:10:40.000000000,ASK_DEPTH,"[(101577, 255), (101589, 3), (101682, 100), (101766, 100), (102067, 100)]"
2019-06-28 14:10:40.000000000,IMBALANCE,"[319, 558]"
2019-06-28 14:10:50.000000000,BID_DEPTH,"[(100072, 219), (99294, 100)]"
2019-06-28 14:10:50.000000000,ASK_DEPTH,"[(101577, 255), (101589, 3), (101682, 100), (101766, 100), (102067, 100)]"
2019-06-28 14:10:50.000000000,IMBALANCE,"[319, 558]"
2019-06-28 14:11:00.000000000,BID_DEPTH,"[(100072, 219), (99294, 100)]"
2019-06-28 14:11:00.000000000,ASK_DEPTH,"[(101577, 255), (101589, 3), (101682, 100), (101766, 100), (102067, 100)]"
2019-06-28 14:11:00.000000000,IMBALANCE,"[319, 558]"
2019-06-28 14:11:10.000000000,BID_DEPTH,"[(100339, 100), (100072, 219), (99294, 100)]"
2019-06-28 14:11:10.000000000,ASK_DEPTH,"[(100767, 100), (101577, 131), (101589, 3), (101682, 100), (101766, 100)]"
2019-06-28 14:11:10.000000000,IMBALANCE,"[419, 434]"
2019-06-28 14:11:20.000000000,BID_DEPTH,"[(100339, 100), (100072, 219), (99294, 100)]"
2019-06-28 14:11:20.000000000,ASK_DEPTH,"[(100569, 100), (100767, 100), (101577, 131), (101589, 3), (101682, 100)]"
2019-06-28 14:11:20.000000000,IMBALANCE,"[419, 434]"
2019-06-28 14:11:30.000000000,BID_DEPTH,"[(100339, 100), (100072, 219), (99294, 100)]"
2019-06-28 14:11:30.000000000,ASK_DEPTH,"[(100569, 100), (100767, 100), (101577, 131), (101589, 3), (101682, 100)]"
2019-06-28 14:11:30.000000000,IMBALANCE,"[419, 434]"
2019-06-28 14:11:40.000000000,BID_DEPTH,"[(100339, 100), (100280, 100), (100072, 219), (99294, 100)]"
2019-06-28 14:11:40.000000000,ASK_DEPTH,"[(100569, 100), (100767, 100), (101577, 131), (101589, 3), (101682, 100)]"
2019-06-28 14:11:40.000000000,IMBALANCE,"[519, 434]"
2019-06-28 14:11:50.000000000,BID_DEPTH,"[(100339, 100), (100280, 100), (100072, 219), (99294, 100)]"
2019-06-28 14:11:50.000000000,ASK_DEPTH,"[(100569, 100), (100767, 100), (101577, 131), (101589, 3), (101682, 100)]"
2019-06-28 14:11:50.000000000,IMBALANCE,"[519, 434]"
2019-06-28 14:12:00.000000000,BID_DEPTH,"[(100280, 100), (100072, 219), (99294, 100)]"
2019-06-28 14:12:00.000000000,ASK_DEPTH,"[(100569, 100), (100767, 100), (101577, 231), (101589, 3), (101682, 100)]"
2019-06-28 14:12:00.000000000,IMBALANCE,"[419, 534]"
2019-06-28 14:12:00.000000000,HOLDINGS_UPDATED,"{'CASH': -407853476, 'JPM': 4276}"
2019-06-28 14:12:00.000000000,HOLDINGS_UPDATED,"{'CASH': -406948355, 'JPM': 4267}"
2019-06-28 14:12:00.000000000,HOLDINGS_UPDATED,"{'CASH': -406143803, 'JPM': 4259}"
2019-06-28 14:12:00.000000000,HOLDINGS_UPDATED,"{'CASH': -405842096, 'JPM': 4256}"
2019-06-28 14:12:10.000000000,BID_DEPTH,"[(100280, 100), (100072, 219), (99294, 100)]"
2019-06-28 14:12:10.000000000,ASK_DEPTH,"[(100569, 3), (100767, 100), (101577, 231), (101589, 3), (101682, 100)]"
2019-06-28 14:12:10.000000000,IMBALANCE,"[419, 437]"
2019-06-28 14:12:20.000000000,BID_DEPTH,"[(100280, 100), (100072, 219), (99294, 100)]"
2019-06-28 14:12:20.000000000,ASK_DEPTH,"[(100569, 3), (100767, 100), (101577, 231), (101589, 3), (101682, 100)]"
2019-06-28 14:12:20.000000000,IMBALANCE,"[419, 437]"
2019-06-28 14:12:30.000000000,BID_DEPTH,"[(100072, 219), (99294, 100)]"
2019-06-28 14:12:30.000000000,ASK_DEPTH,"[(100569, 3), (100767, 100), (101577, 231), (101589, 3), (101682, 100)]"
2019-06-28 14:12:30.000000000,IMBALANCE,"[319, 437]"
2019-06-28 14:12:40.000000000,BID_DEPTH,"[(100072, 219), (99294, 100)]"
2019-06-28 14:12:40.000000000,ASK_DEPTH,"[(100569, 3), (100767, 100), (101577, 231), (101589, 3), (101682, 100)]"
2019-06-28 14:12:40.000000000,IMBALANCE,"[319, 437]"
2019-06-28 14:12:50.000000000,BID_DEPTH,"[(100072, 219), (99294, 100)]"
2019-06-28 14:12:50.000000000,ASK_DEPTH,"[(100569, 3), (100767, 100), (101577, 231), (101589, 3), (101682, 100)]"
2019-06-28 14:12:50.000000000,IMBALANCE,"[319, 437]"
2019-06-28 14:13:00.000000000,BID_DEPTH,"[(100072, 219), (99294, 100)]"
2019-06-28 14:13:00.000000000,ASK_DEPTH,"[(100569, 3), (100767, 100), (101577, 231), (101589, 3), (101682, 100)]"
2019-06-28 14:13:00.000000000,IMBALANCE,"[319, 437]"
2019-06-28 14:13:00.000000000,HOLDINGS_UPDATED,"{'CASH': -405238682, 'JPM': 4250}"
2019-06-28 14:13:00.000000000,HOLDINGS_UPDATED,"{'CASH': -404735837, 'JPM': 4245}"
2019-06-28 14:13:00.000000000,HOLDINGS_UPDATED,"{'CASH': -404434130, 'JPM': 4242}"
2019-06-28 14:13:00.000000000,HOLDINGS_UPDATED,"{'CASH': -403629578, 'JPM': 4234}"
2019-06-28 14:13:00.000000000,HOLDINGS_UPDATED,"{'CASH': -403327871, 'JPM': 4231}"
2019-06-28 14:13:00.000000000,HOLDINGS_UPDATED,"{'CASH': -402724457, 'JPM': 4225}"
2019-06-28 14:13:00.000000000,HOLDINGS_UPDATED,"{'CASH': -401919905, 'JPM': 4217}"
2019-06-28 14:13:00.000000000,HOLDINGS_UPDATED,"{'CASH': -401819336, 'JPM': 4216}"
2019-06-28 14:13:00.000000000,HOLDINGS_UPDATED,"{'CASH': -401718767, 'JPM': 4215}"
2019-06-28 14:13:00.000000000,HOLDINGS_UPDATED,"{'CASH': -401215922, 'JPM': 4210}"
2019-06-28 14:13:00.000000000,HOLDINGS_UPDATED,"{'CASH': -401115353, 'JPM': 4209}"
2019-06-28 14:13:00.000000000,HOLDINGS_UPDATED,"{'CASH': -400914215, 'JPM': 4207}"
2019-06-28 14:13:00.000000000,HOLDINGS_UPDATED,"{'CASH': -400411370, 'JPM': 4202}"
2019-06-28 14:13:00.000000000,HOLDINGS_UPDATED,"{'CASH': -399506249, 'JPM': 4193}"
2019-06-28 14:13:00.000000000,HOLDINGS_UPDATED,"{'CASH': -398601128, 'JPM': 4184}"
2019-06-28 14:13:00.000000000,HOLDINGS_UPDATED,"{'CASH': -397796576, 'JPM': 4176}"
2019-06-28 14:13:00.000000000,HOLDINGS_UPDATED,"{'CASH': -397394300, 'JPM': 4172}"
2019-06-28 14:13:00.000000000,HOLDINGS_UPDATED,"{'CASH': -396891455, 'JPM': 4167}"
2019-06-28 14:13:00.000000000,HOLDINGS_UPDATED,"{'CASH': -396187472, 'JPM': 4160}"
2019-06-28 14:13:00.000000000,HOLDINGS_UPDATED,"{'CASH': -395382920, 'JPM': 4152}"
2019-06-28 14:13:00.000000000,HOLDINGS_UPDATED,"{'CASH': -394477799, 'JPM': 4143}"
2019-06-28 14:13:00.000000000,HOLDINGS_UPDATED,"{'CASH': -393673247, 'JPM': 4135}"
2019-06-28 14:13:00.000000000,HOLDINGS_UPDATED,"{'CASH': -393371540, 'JPM': 4132}"
2019-06-28 14:13:10.000000000,BID_DEPTH,"[(100163, 100), (100072, 219), (99928, 100), (99294, 100)]"
2019-06-28 14:13:10.000000000,ASK_DEPTH,"[(100569, 3), (100767, 100), (101577, 231), (101589, 3), (101682, 100)]"
2019-06-28 14:13:10.000000000,IMBALANCE,"[519, 437]"
2019-06-28 14:13:20.000000000,BID_DEPTH,"[(100163, 100), (100072, 219), (99928, 100), (99294, 100)]"
2019-06-28 14:13:20.000000000,ASK_DEPTH,"[(100569, 3), (100767, 100), (101577, 231), (101589, 3), (101682, 100)]"
2019-06-28 14:13:20.000000000,IMBALANCE,"[519, 437]"
2019-06-28 14:13:30.000000000,BID_DEPTH,"[(100163, 100), (100072, 219), (99928, 100), (99294, 100)]"
2019-06-28 14:13:30.000000000,ASK_DEPTH,"[(100569, 3), (100767, 100), (101577, 231), (101589, 3), (101682, 100)]"
2019-06-28 14:13:30.000000000,IMBALANCE,"[519, 437]"
2019-06-28 14:13:40.000000000,BID_DEPTH,"[(100163, 100), (100072, 219), (99928, 100), (99294, 100)]"
2019-06-28 14:13:40.000000000,ASK_DEPTH,"[(100569, 3), (100767, 100), (101577, 231), (101589, 3), (101682, 100)]"
2019-06-28 14:13:40.000000000,IMBALANCE,"[519, 437]"
2019-06-28 14:13:50.000000000,BID_DEPTH,"[(100410, 100), (100163, 100), (100072, 219), (99928, 100), (99294, 100)]"
2019-06-28 14:13:50.000000000,ASK_DEPTH,"[(100569, 103), (100767, 100), (101577, 231), (101589, 3), (101682, 100)]"
2019-06-28 14:13:50.000000000,IMBALANCE,"[619, 537]"
2019-06-28 14:14:00.000000000,BID_DEPTH,"[(100410, 100), (100163, 100), (100072, 219), (99928, 100), (99294, 100)]"
2019-06-28 14:14:00.000000000,ASK_DEPTH,"[(100569, 103), (100767, 100), (101577, 231), (101589, 3), (101682, 100)]"
2019-06-28 14:14:00.000000000,IMBALANCE,"[619, 537]"
2019-06-28 14:14:00.000000000,HOLDINGS_UPDATED,"{'CASH': -392969264, 'JPM': 4128}"
2019-06-28 14:14:00.000000000,HOLDINGS_UPDATED,"{'CASH': -392064143, 'JPM': 4119}"
2019-06-28 14:14:00.000000000,HOLDINGS_UPDATED,"{'CASH': -391259591, 'JPM': 4111}"
2019-06-28 14:14:00.000000000,HOLDINGS_UPDATED,"{'CASH': -390957884, 'JPM': 4108}"
2019-06-28 14:14:10.000000000,BID_DEPTH,"[(100538, 100), (100410, 100), (100163, 100), (100072, 219), (99928, 100)]"
2019-06-28 14:14:10.000000000,ASK_DEPTH,"[(100569, 3), (100767, 100), (101577, 231), (101589, 3), (101682, 100)]"
2019-06-28 14:14:10.000000000,IMBALANCE,"[619, 437]"
2019-06-28 14:14:20.000000000,BID_DEPTH,"[(100538, 100), (100410, 100), (100163, 100), (100072, 219), (99928, 100)]"
2019-06-28 14:14:20.000000000,ASK_DEPTH,"[(100569, 3), (100767, 100), (101577, 231), (101589, 3), (101682, 100)]"
2019-06-28 14:14:20.000000000,IMBALANCE,"[619, 437]"
2019-06-28 14:14:26.216035824,HOLDINGS_UPDATED,"{'CASH': -381202691, 'JPM': 4011}"
2019-06-28 14:14:30.000000000,BID_DEPTH,"[(100538, 100), (100410, 100), (100163, 100), (100072, 219), (99928, 100)]"
2019-06-28 14:14:30.000000000,ASK_DEPTH,"[(100767, 100), (101577, 231), (101589, 3), (101682, 100), (101766, 100)]"
2019-06-28 14:14:30.000000000,IMBALANCE,"[619, 534]"
2019-06-28 14:14:40.000000000,BID_DEPTH,"[(100538, 100), (100410, 100), (100163, 100), (100072, 219), (99928, 100)]"
2019-06-28 14:14:40.000000000,ASK_DEPTH,"[(100767, 100), (101577, 131), (101589, 3), (101682, 100), (101766, 100)]"
2019-06-28 14:14:40.000000000,IMBALANCE,"[619, 434]"
2019-06-28 14:14:50.000000000,BID_DEPTH,"[(100538, 100), (100410, 100), (100396, 100), (100163, 100), (100072, 219)]"
2019-06-28 14:14:50.000000000,ASK_DEPTH,"[(100767, 100), (101577, 131), (101589, 3), (101682, 100), (101766, 100)]"
2019-06-28 14:14:50.000000000,IMBALANCE,"[619, 434]"
2019-06-28 14:15:00.000000000,BID_DEPTH,"[(100538, 100), (100410, 100), (100396, 100), (100163, 100), (100072, 219)]"
2019-06-28 14:15:00.000000000,ASK_DEPTH,"[(100767, 100), (101577, 131), (101589, 3), (101682, 100), (101766, 100)]"
2019-06-28 14:15:00.000000000,IMBALANCE,"[619, 434]"
2019-06-28 14:15:00.000000000,HOLDINGS_UPDATED,"{'CASH': -380497322, 'JPM': 4004}"
2019-06-28 14:15:00.000000000,HOLDINGS_UPDATED,"{'CASH': -379590419, 'JPM': 3995}"
2019-06-28 14:15:00.000000000,HOLDINGS_UPDATED,"{'CASH': -378784283, 'JPM': 3987}"
2019-06-28 14:15:00.000000000,HOLDINGS_UPDATED,"{'CASH': -378481982, 'JPM': 3984}"
2019-06-28 14:15:10.000000000,BID_DEPTH,"[(100538, 100), (100410, 100), (100396, 100), (100163, 100), (100072, 219)]"
2019-06-28 14:15:10.000000000,ASK_DEPTH,"[(100767, 3), (101577, 131), (101589, 3), (101682, 100), (101766, 100)]"
2019-06-28 14:15:10.000000000,IMBALANCE,"[619, 337]"
2019-06-28 14:15:20.000000000,BID_DEPTH,"[(100538, 100), (100410, 100), (100396, 100), (100163, 100), (100072, 219)]"
2019-06-28 14:15:20.000000000,ASK_DEPTH,"[(100684, 100), (100767, 3), (101577, 131), (101589, 3), (101682, 100)]"
2019-06-28 14:15:20.000000000,IMBALANCE,"[619, 337]"
2019-06-28 14:15:30.000000000,BID_DEPTH,"[(100538, 100), (100410, 100), (100396, 100), (100163, 100), (100072, 219)]"
2019-06-28 14:15:30.000000000,ASK_DEPTH,"[(100684, 100), (100767, 3), (101577, 131), (101589, 3), (101682, 100)]"
2019-06-28 14:15:30.000000000,IMBALANCE,"[619, 337]"
2019-06-28 14:15:40.000000000,BID_DEPTH,"[(100538, 100), (100396, 100), (100163, 100), (100072, 219), (99928, 100)]"
2019-06-28 14:15:40.000000000,ASK_DEPTH,"[(100767, 3), (101577, 131), (101589, 3), (101682, 100), (101766, 100)]"
2019-06-28 14:15:40.000000000,IMBALANCE,"[619, 337]"
2019-06-28 14:15:50.000000000,BID_DEPTH,"[(100626, 100), (100538, 100), (100396, 100), (100163, 100), (100072, 219)]"
2019-06-28 14:15:50.000000000,ASK_DEPTH,"[(100767, 3), (101577, 131), (101589, 3), (101682, 100), (101766, 100)]"
2019-06-28 14:15:50.000000000,IMBALANCE,"[619, 337]"
2019-06-28 14:16:00.000000000,BID_DEPTH,"[(100626, 100), (100605, 100), (100538, 100), (100396, 100), (100163, 100)]"
2019-06-28 14:16:00.000000000,ASK_DEPTH,"[(100767, 3), (101577, 131), (101589, 3), (101682, 100), (101766, 100)]"
2019-06-28 14:16:00.000000000,IMBALANCE,"[500, 337]"
2019-06-28 14:16:00.000000000,HOLDINGS_UPDATED,"{'CASH': -377877380, 'JPM': 3978}"
2019-06-28 14:16:00.000000000,HOLDINGS_UPDATED,"{'CASH': -377373545, 'JPM': 3973}"
2019-06-28 14:16:00.000000000,HOLDINGS_UPDATED,"{'CASH': -377071244, 'JPM': 3970}"
2019-06-28 14:16:00.000000000,HOLDINGS_UPDATED,"{'CASH': -376265108, 'JPM': 3962}"
2019-06-28 14:16:00.000000000,HOLDINGS_UPDATED,"{'CASH': -375962807, 'JPM': 3959}"
2019-06-28 14:16:00.000000000,HOLDINGS_UPDATED,"{'CASH': -375358205, 'JPM': 3953}"
2019-06-28 14:16:00.000000000,HOLDINGS_UPDATED,"{'CASH': -374552069, 'JPM': 3945}"
2019-06-28 14:16:00.000000000,HOLDINGS_UPDATED,"{'CASH': -374451302, 'JPM': 3944}"
2019-06-28 14:16:00.000000000,HOLDINGS_UPDATED,"{'CASH': -374350535, 'JPM': 3943}"
2019-06-28 14:16:00.000000000,HOLDINGS_UPDATED,"{'CASH': -373846700, 'JPM': 3938}"
2019-06-28 14:16:00.000000000,HOLDINGS_UPDATED,"{'CASH': -373745933, 'JPM': 3937}"
2019-06-28 14:16:00.000000000,HOLDINGS_UPDATED,"{'CASH': -373544399, 'JPM': 3935}"
2019-06-28 14:16:00.000000000,HOLDINGS_UPDATED,"{'CASH': -373040564, 'JPM': 3930}"
2019-06-28 14:16:00.000000000,HOLDINGS_UPDATED,"{'CASH': -372133661, 'JPM': 3921}"
2019-06-28 14:16:00.000000000,HOLDINGS_UPDATED,"{'CASH': -371226758, 'JPM': 3912}"
2019-06-28 14:16:00.000000000,HOLDINGS_UPDATED,"{'CASH': -370420622, 'JPM': 3904}"
2019-06-28 14:16:00.000000000,HOLDINGS_UPDATED,"{'CASH': -370017554, 'JPM': 3900}"
2019-06-28 14:16:00.000000000,HOLDINGS_UPDATED,"{'CASH': -369513719, 'JPM': 3895}"
2019-06-28 14:16:00.000000000,HOLDINGS_UPDATED,"{'CASH': -368808350, 'JPM': 3888}"
2019-06-28 14:16:00.000000000,HOLDINGS_UPDATED,"{'CASH': -368002214, 'JPM': 3880}"
2019-06-28 14:16:00.000000000,HOLDINGS_UPDATED,"{'CASH': -367095311, 'JPM': 3871}"
2019-06-28 14:16:00.000000000,HOLDINGS_UPDATED,"{'CASH': -366289175, 'JPM': 3863}"
2019-06-28 14:16:00.000000000,HOLDINGS_UPDATED,"{'CASH': -365986874, 'JPM': 3860}"
2019-06-28 14:16:10.000000000,BID_DEPTH,"[(100626, 100), (100605, 100), (100538, 100), (100396, 100), (100163, 100)]"
2019-06-28 14:16:10.000000000,ASK_DEPTH,"[(100735, 100), (100767, 3), (101577, 131), (101589, 3), (101682, 100)]"
2019-06-28 14:16:10.000000000,IMBALANCE,"[500, 337]"
2019-06-28 14:16:20.000000000,BID_DEPTH,"[(100626, 100), (100605, 100), (100538, 100), (100396, 100), (100163, 100)]"
2019-06-28 14:16:20.000000000,ASK_DEPTH,"[(100735, 100), (100767, 3), (101193, 100), (101577, 131), (101589, 3)]"
2019-06-28 14:16:20.000000000,IMBALANCE,"[500, 337]"
2019-06-28 14:16:30.000000000,BID_DEPTH,"[(100626, 100), (100605, 100), (100538, 100), (100396, 100), (100163, 100)]"
2019-06-28 14:16:30.000000000,ASK_DEPTH,"[(100735, 100), (100767, 3), (101193, 100), (101577, 131), (101589, 3)]"
2019-06-28 14:16:30.000000000,IMBALANCE,"[500, 337]"
2019-06-28 14:16:40.000000000,BID_DEPTH,"[(100699, 100), (100626, 100), (100605, 100), (100538, 100), (100396, 100)]"
2019-06-28 14:16:40.000000000,ASK_DEPTH,"[(100735, 100), (100767, 3), (101193, 100), (101577, 131), (101589, 3)]"
2019-06-28 14:16:40.000000000,IMBALANCE,"[500, 337]"
2019-06-28 14:16:50.000000000,BID_DEPTH,"[(100699, 100), (100626, 100), (100605, 100), (100538, 100), (100396, 100)]"
2019-06-28 14:16:50.000000000,ASK_DEPTH,"[(100767, 3), (101193, 100), (101577, 131), (101589, 3), (101682, 100)]"
2019-06-28 14:16:50.000000000,IMBALANCE,"[500, 337]"
2019-06-28 14:16:50.000375659,HOLDINGS_UPDATED,"{'CASH': -356212475, 'JPM': 3763}"
2019-06-28 14:17:00.000000000,BID_DEPTH,"[(100699, 100), (100626, 100), (100605, 100), (100538, 100), (100396, 100)]"
2019-06-28 14:17:00.000000000,ASK_DEPTH,"[(101193, 100), (101577, 131), (101589, 3), (101682, 100), (101766, 100)]"
2019-06-28 14:17:00.000000000,IMBALANCE,"[500, 434]"
2019-06-28 14:17:00.000000000,HOLDINGS_UPDATED,"{'CASH': -355504124, 'JPM': 3756}"
2019-06-28 14:17:00.000000000,HOLDINGS_UPDATED,"{'CASH': -354593387, 'JPM': 3747}"
2019-06-28 14:17:00.000000000,HOLDINGS_UPDATED,"{'CASH': -353783843, 'JPM': 3739}"
2019-06-28 14:17:00.000000000,HOLDINGS_UPDATED,"{'CASH': -353480264, 'JPM': 3736}"
2019-06-28 14:17:10.000000000,BID_DEPTH,"[(100699, 100), (100626, 100), (100605, 100), (100538, 100), (100396, 100)]"
2019-06-28 14:17:10.000000000,ASK_DEPTH,"[(101193, 3), (101577, 131), (101589, 3), (101682, 100), (101766, 100)]"
2019-06-28 14:17:10.000000000,IMBALANCE,"[500, 337]"
2019-06-28 14:17:20.000000000,BID_DEPTH,"[(100699, 100), (100626, 100), (100605, 100), (100538, 100), (100396, 100)]"
2019-06-28 14:17:20.000000000,ASK_DEPTH,"[(100956, 100), (101193, 3), (101577, 131), (101589, 3), (101682, 100)]"
2019-06-28 14:17:20.000000000,IMBALANCE,"[500, 337]"
2019-06-28 14:17:30.000000000,BID_DEPTH,"[(100699, 100), (100626, 100), (100605, 100), (100538, 100), (100396, 100)]"
2019-06-28 14:17:30.000000000,ASK_DEPTH,"[(100956, 100), (101193, 3), (101577, 131), (101589, 3), (101682, 100)]"
2019-06-28 14:17:30.000000000,IMBALANCE,"[500, 337]"
2019-06-28 14:17:40.000000000,BID_DEPTH,"[(100699, 100), (100626, 100), (100605, 100), (100538, 100), (100396, 100)]"
2019-06-28 14:17:40.000000000,ASK_DEPTH,"[(100956, 100), (101193, 3), (101577, 131), (101589, 3), (101682, 100)]"
2019-06-28 14:17:40.000000000,IMBALANCE,"[500, 337]"
2019-06-28 14:17:50.000000000,BID_DEPTH,"[(100699, 100), (100626, 100), (100605, 100), (100538, 100), (100396, 100)]"
2019-06-28 14:17:50.000000000,ASK_DEPTH,"[(100956, 100), (101193, 3), (101577, 131), (101589, 3), (101682, 100)]"
2019-06-28 14:17:50.000000000,IMBALANCE,"[500, 337]"
2019-06-28 14:18:00.000000000,BID_DEPTH,"[(100699, 100), (100626, 100), (100605, 100), (100538, 100), (100396, 100)]"
2019-06-28 14:18:00.000000000,ASK_DEPTH,"[(100956, 100), (101193, 3), (101260, 100), (101577, 131), (101589, 3)]"
2019-06-28 14:18:00.000000000,IMBALANCE,"[500, 337]"
2019-06-28 14:18:00.000000000,HOLDINGS_UPDATED,"{'CASH': -352773572, 'JPM': 3729}"
2019-06-28 14:18:00.000000000,HOLDINGS_UPDATED,"{'CASH': -351864968, 'JPM': 3720}"
2019-06-28 14:18:00.000000000,HOLDINGS_UPDATED,"{'CASH': -351057320, 'JPM': 3712}"
2019-06-28 14:18:00.000000000,HOLDINGS_UPDATED,"{'CASH': -350754452, 'JPM': 3709}"
2019-06-28 14:18:10.000000000,BID_DEPTH,"[(100929, 100), (100864, 100), (100699, 100), (100626, 100), (100605, 100)]"
2019-06-28 14:18:10.000000000,ASK_DEPTH,"[(100956, 3), (101193, 3), (101260, 100), (101577, 131), (101589, 3)]"
2019-06-28 14:18:10.000000000,IMBALANCE,"[500, 240]"
2019-06-28 14:18:20.000000000,BID_DEPTH,"[(100929, 100), (100864, 100), (100699, 100), (100626, 100), (100605, 100)]"
2019-06-28 14:18:20.000000000,ASK_DEPTH,"[(100956, 3), (101193, 3), (101260, 100), (101577, 131), (101589, 3)]"
2019-06-28 14:18:20.000000000,IMBALANCE,"[500, 240]"
2019-06-28 14:18:30.000000000,BID_DEPTH,"[(100929, 100), (100864, 100), (100699, 100), (100626, 100), (100605, 100)]"
2019-06-28 14:18:30.000000000,ASK_DEPTH,"[(100956, 3), (101193, 3), (101260, 100), (101577, 131), (101589, 3)]"
2019-06-28 14:18:30.000000000,IMBALANCE,"[500, 240]"
2019-06-28 14:18:40.000000000,BID_DEPTH,"[(100929, 100), (100864, 100), (100699, 100), (100626, 100), (100605, 100)]"
2019-06-28 14:18:40.000000000,ASK_DEPTH,"[(100956, 3), (100969, 100), (101193, 3), (101260, 100), (101577, 131)]"
2019-06-28 14:18:40.000000000,IMBALANCE,"[500, 337]"
2019-06-28 14:18:50.000000000,BID_DEPTH,"[(100929, 100), (100864, 100), (100699, 100), (100626, 100), (100605, 100)]"
2019-06-28 14:18:50.000000000,ASK_DEPTH,"[(100956, 3), (100969, 100), (101193, 3), (101260, 100), (101577, 131)]"
2019-06-28 14:18:50.000000000,IMBALANCE,"[500, 337]"
2019-06-28 14:19:00.000000000,BID_DEPTH,"[(100929, 100), (100864, 100), (100699, 100), (100626, 100), (100605, 100)]"
2019-06-28 14:19:00.000000000,ASK_DEPTH,"[(100956, 3), (100969, 100), (101193, 3), (101260, 100), (101577, 131)]"
2019-06-28 14:19:00.000000000,IMBALANCE,"[500, 337]"
2019-06-28 14:19:00.000000000,HOLDINGS_UPDATED,"{'CASH': -350148716, 'JPM': 3703}"
2019-06-28 14:19:00.000000000,HOLDINGS_UPDATED,"{'CASH': -349643936, 'JPM': 3698}"
2019-06-28 14:19:00.000000000,HOLDINGS_UPDATED,"{'CASH': -349341068, 'JPM': 3695}"
2019-06-28 14:19:00.000000000,HOLDINGS_UPDATED,"{'CASH': -348533420, 'JPM': 3687}"
2019-06-28 14:19:00.000000000,HOLDINGS_UPDATED,"{'CASH': -348230552, 'JPM': 3684}"
2019-06-28 14:19:00.000000000,HOLDINGS_UPDATED,"{'CASH': -347624816, 'JPM': 3678}"
2019-06-28 14:19:00.000000000,HOLDINGS_UPDATED,"{'CASH': -346817168, 'JPM': 3670}"
2019-06-28 14:19:00.000000000,HOLDINGS_UPDATED,"{'CASH': -346716212, 'JPM': 3669}"
2019-06-28 14:19:00.000000000,HOLDINGS_UPDATED,"{'CASH': -346615256, 'JPM': 3668}"
2019-06-28 14:19:00.000000000,HOLDINGS_UPDATED,"{'CASH': -346110476, 'JPM': 3663}"
2019-06-28 14:19:00.000000000,HOLDINGS_UPDATED,"{'CASH': -346009520, 'JPM': 3662}"
2019-06-28 14:19:00.000000000,HOLDINGS_UPDATED,"{'CASH': -345807608, 'JPM': 3660}"
2019-06-28 14:19:00.000000000,HOLDINGS_UPDATED,"{'CASH': -345302828, 'JPM': 3655}"
2019-06-28 14:19:00.000000000,HOLDINGS_UPDATED,"{'CASH': -344394224, 'JPM': 3646}"
2019-06-28 14:19:00.000000000,HOLDINGS_UPDATED,"{'CASH': -343485620, 'JPM': 3637}"
2019-06-28 14:19:00.000000000,HOLDINGS_UPDATED,"{'CASH': -342677972, 'JPM': 3629}"
2019-06-28 14:19:00.000000000,HOLDINGS_UPDATED,"{'CASH': -342274148, 'JPM': 3625}"
2019-06-28 14:19:00.000000000,HOLDINGS_UPDATED,"{'CASH': -341769368, 'JPM': 3620}"
2019-06-28 14:19:00.000000000,HOLDINGS_UPDATED,"{'CASH': -341062676, 'JPM': 3613}"
2019-06-28 14:19:00.000000000,HOLDINGS_UPDATED,"{'CASH': -340255028, 'JPM': 3605}"
2019-06-28 14:19:00.000000000,HOLDINGS_UPDATED,"{'CASH': -340154072, 'JPM': 3604}"
2019-06-28 14:19:10.000000000,BID_DEPTH,"[(100956, 8), (100929, 100), (100864, 100), (100699, 100), (100626, 100)]"
2019-06-28 14:19:10.000000000,ASK_DEPTH,"[(100969, 92), (101193, 3), (101260, 100), (101577, 131), (101589, 3)]"
2019-06-28 14:19:10.000000000,IMBALANCE,"[408, 329]"
2019-06-28 14:19:20.000000000,BID_DEPTH,"[(100956, 8), (100929, 100), (100864, 100), (100699, 100), (100626, 100)]"
2019-06-28 14:19:20.000000000,ASK_DEPTH,"[(100969, 92), (101193, 3), (101260, 100), (101577, 131), (101589, 3)]"
2019-06-28 14:19:20.000000000,IMBALANCE,"[408, 329]"
2019-06-28 14:19:29.986645184,HOLDINGS_UPDATED,"{'CASH': -348634376, 'JPM': 3688}"
2019-06-28 14:19:30.000000000,BID_DEPTH,"[(100929, 100), (100864, 100), (100699, 100), (100626, 100), (100605, 100)]"
2019-06-28 14:19:30.000000000,ASK_DEPTH,"[(100956, 8), (100969, 92), (101193, 3), (101260, 100), (101577, 131)]"
2019-06-28 14:19:30.000000000,IMBALANCE,"[500, 334]"
2019-06-28 14:19:40.000000000,BID_DEPTH,"[(100929, 100), (100864, 100), (100699, 100), (100626, 100), (100605, 100)]"
2019-06-28 14:19:40.000000000,ASK_DEPTH,"[(100956, 8), (100968, 100), (100969, 92), (101193, 3), (101260, 100)]"
2019-06-28 14:19:40.000000000,IMBALANCE,"[500, 303]"
2019-06-28 14:19:50.000000000,BID_DEPTH,"[(100929, 100), (100864, 100), (100699, 100), (100626, 100), (100605, 100)]"
2019-06-28 14:19:50.000000000,ASK_DEPTH,"[(100956, 8), (100968, 100), (100969, 92), (101193, 3), (101260, 100)]"
2019-06-28 14:19:50.000000000,IMBALANCE,"[500, 303]"
2019-06-28 14:20:00.000000000,BID_DEPTH,"[(100864, 100), (100699, 100), (100626, 100), (100605, 100), (100538, 100)]"
2019-06-28 14:20:00.000000000,ASK_DEPTH,"[(100956, 8), (100968, 100), (100969, 92), (101193, 3), (101260, 100)]"
2019-06-28 14:20:00.000000000,IMBALANCE,"[500, 303]"
2019-06-28 14:20:00.000000000,HOLDINGS_UPDATED,"{'CASH': -348533420, 'JPM': 3687}"
2019-06-28 14:20:00.000000000,HOLDINGS_UPDATED,"{'CASH': -348028640, 'JPM': 3682}"
2019-06-28 14:20:00.000000000,HOLDINGS_UPDATED,"{'CASH': -347725772, 'JPM': 3679}"
2019-06-28 14:20:00.000000000,HOLDINGS_UPDATED,"{'CASH': -346918124, 'JPM': 3671}"
2019-06-28 14:20:00.000000000,HOLDINGS_UPDATED,"{'CASH': -346615256, 'JPM': 3668}"
2019-06-28 14:20:00.000000000,HOLDINGS_UPDATED,"{'CASH': -346009520, 'JPM': 3662}"
2019-06-28 14:20:00.000000000,HOLDINGS_UPDATED,"{'CASH': -345201872, 'JPM': 3654}"
2019-06-28 14:20:00.000000000,HOLDINGS_UPDATED,"{'CASH': -345100916, 'JPM': 3653}"
2019-06-28 14:20:00.000000000,HOLDINGS_UPDATED,"{'CASH': -344999960, 'JPM': 3652}"
2019-06-28 14:20:00.000000000,HOLDINGS_UPDATED,"{'CASH': -344495180, 'JPM': 3647}"
2019-06-28 14:20:00.000000000,HOLDINGS_UPDATED,"{'CASH': -344394224, 'JPM': 3646}"
2019-06-28 14:20:00.000000000,HOLDINGS_UPDATED,"{'CASH': -344192312, 'JPM': 3644}"
2019-06-28 14:20:00.000000000,HOLDINGS_UPDATED,"{'CASH': -343687532, 'JPM': 3639}"
2019-06-28 14:20:00.000000000,HOLDINGS_UPDATED,"{'CASH': -342778928, 'JPM': 3630}"
2019-06-28 14:20:00.000000000,HOLDINGS_UPDATED,"{'CASH': -341870324, 'JPM': 3621}"
2019-06-28 14:20:00.000000000,HOLDINGS_UPDATED,"{'CASH': -341062676, 'JPM': 3613}"
2019-06-28 14:20:00.000000000,HOLDINGS_UPDATED,"{'CASH': -340658852, 'JPM': 3609}"
2019-06-28 14:20:00.000000000,HOLDINGS_UPDATED,"{'CASH': -340154072, 'JPM': 3604}"
2019-06-28 14:20:00.000000000,HOLDINGS_UPDATED,"{'CASH': -339447380, 'JPM': 3597}"
2019-06-28 14:20:00.000000000,HOLDINGS_UPDATED,"{'CASH': -338639732, 'JPM': 3589}"
2019-06-28 14:20:00.000000000,HOLDINGS_UPDATED,"{'CASH': -337731128, 'JPM': 3580}"
2019-06-28 14:20:00.000000000,HOLDINGS_UPDATED,"{'CASH': -336923480, 'JPM': 3572}"
2019-06-28 14:20:00.000000000,HOLDINGS_UPDATED,"{'CASH': -336620612, 'JPM': 3569}"
2019-06-28 14:20:10.000000000,BID_DEPTH,"[(100864, 100), (100699, 100), (100626, 100), (100605, 100), (100538, 100)]"
2019-06-28 14:20:10.000000000,ASK_DEPTH,"[(100956, 3), (100968, 100), (100969, 92), (101193, 3), (101260, 100)]"
2019-06-28 14:20:10.000000000,IMBALANCE,"[500, 298]"
2019-06-28 14:20:20.000000000,BID_DEPTH,"[(100699, 100), (100626, 100), (100605, 100), (100538, 100), (100224, 100)]"
2019-06-28 14:20:20.000000000,ASK_DEPTH,"[(100956, 3), (100968, 100), (100969, 92), (101193, 3), (101260, 100)]"
2019-06-28 14:20:20.000000000,IMBALANCE,"[500, 298]"
2019-06-28 14:20:30.000000000,BID_DEPTH,"[(100699, 100), (100626, 100), (100605, 100), (100538, 100), (100224, 100)]"
2019-06-28 14:20:30.000000000,ASK_DEPTH,"[(100956, 3), (100968, 100), (100969, 92), (101193, 3), (101260, 100)]"
2019-06-28 14:20:30.000000000,IMBALANCE,"[500, 298]"
2019-06-28 14:20:40.000000000,BID_DEPTH,"[(100699, 100), (100626, 100), (100605, 100), (100538, 100), (100224, 100)]"
2019-06-28 14:20:40.000000000,ASK_DEPTH,"[(100956, 3), (100968, 100), (100969, 92), (101193, 3), (101260, 100)]"
2019-06-28 14:20:40.000000000,IMBALANCE,"[500, 298]"
2019-06-28 14:20:50.000000000,BID_DEPTH,"[(100699, 100), (100626, 100), (100605, 100), (100538, 100), (100224, 100)]"
2019-06-28 14:20:50.000000000,ASK_DEPTH,"[(100956, 3), (100968, 100), (100969, 92), (101193, 3), (101260, 100)]"
2019-06-28 14:20:50.000000000,IMBALANCE,"[500, 298]"
2019-06-28 14:21:00.000000000,BID_DEPTH,"[(100699, 100), (100626, 100), (100605, 100), (100538, 100), (100224, 100)]"
2019-06-28 14:21:00.000000000,ASK_DEPTH,"[(100709, 100), (100813, 100), (100956, 3), (100968, 100), (100969, 92)]"
2019-06-28 14:21:00.000000000,IMBALANCE,"[500, 395]"
2019-06-28 14:21:00.000000000,HOLDINGS_UPDATED,"{'CASH': -335915649, 'JPM': 3562}"
2019-06-28 14:21:00.000000000,HOLDINGS_UPDATED,"{'CASH': -335009268, 'JPM': 3553}"
2019-06-28 14:21:00.000000000,HOLDINGS_UPDATED,"{'CASH': -334203596, 'JPM': 3545}"
2019-06-28 14:21:00.000000000,HOLDINGS_UPDATED,"{'CASH': -333901469, 'JPM': 3542}"
2019-06-28 14:21:10.000000000,BID_DEPTH,"[(100699, 100), (100626, 100), (100605, 100), (100538, 100), (100224, 100)]"
2019-06-28 14:21:10.000000000,ASK_DEPTH,"[(100813, 100), (100956, 3), (100968, 100), (100969, 92), (101193, 3)]"
2019-06-28 14:21:10.000000000,IMBALANCE,"[500, 298]"
2019-06-28 14:21:20.000000000,BID_DEPTH,"[(100699, 100), (100626, 100), (100605, 100), (100538, 100), (100224, 100)]"
2019-06-28 14:21:20.000000000,ASK_DEPTH,"[(100813, 100), (100956, 3), (100968, 100), (100969, 92), (101193, 3)]"
2019-06-28 14:21:20.000000000,IMBALANCE,"[500, 298]"
2019-06-28 14:21:30.000000000,BID_DEPTH,"[(100699, 100), (100626, 100), (100605, 100), (100538, 100), (100224, 100)]"
2019-06-28 14:21:30.000000000,ASK_DEPTH,"[(100813, 100), (100956, 3), (100968, 100), (100969, 92), (101193, 3)]"
2019-06-28 14:21:30.000000000,IMBALANCE,"[500, 298]"
2019-06-28 14:21:40.000000000,BID_DEPTH,"[(100699, 100), (100626, 100), (100605, 100), (100538, 100), (100224, 100)]"
2019-06-28 14:21:40.000000000,ASK_DEPTH,"[(100813, 100), (100956, 3), (100968, 100), (100969, 92), (101193, 3)]"
2019-06-28 14:21:40.000000000,IMBALANCE,"[500, 298]"
2019-06-28 14:21:50.000000000,BID_DEPTH,"[(100699, 100), (100626, 100), (100605, 100), (100538, 100), (100341, 100)]"
2019-06-28 14:21:50.000000000,ASK_DEPTH,"[(100709, 100), (100813, 100), (100956, 3), (100968, 100), (100969, 92)]"
2019-06-28 14:21:50.000000000,IMBALANCE,"[500, 395]"
2019-06-28 14:22:00.000000000,BID_DEPTH,"[(100699, 100), (100626, 100), (100605, 100), (100538, 100), (100341, 100)]"
2019-06-28 14:22:00.000000000,ASK_DEPTH,"[(100709, 100), (100813, 100), (100956, 3), (100968, 100), (100969, 92)]"
2019-06-28 14:22:00.000000000,IMBALANCE,"[500, 395]"
2019-06-28 14:22:00.000000000,HOLDINGS_UPDATED,"{'CASH': -333196506, 'JPM': 3535}"
2019-06-28 14:22:00.000000000,HOLDINGS_UPDATED,"{'CASH': -332290125, 'JPM': 3526}"
2019-06-28 14:22:00.000000000,HOLDINGS_UPDATED,"{'CASH': -331484453, 'JPM': 3518}"
2019-06-28 14:22:00.000000000,HOLDINGS_UPDATED,"{'CASH': -331182326, 'JPM': 3515}"
2019-06-28 14:22:10.000000000,BID_DEPTH,"[(100699, 100), (100626, 100), (100605, 100), (100538, 100), (100341, 100)]"
2019-06-28 14:22:10.000000000,ASK_DEPTH,"[(100813, 100), (100956, 3), (100968, 100), (100969, 92), (101193, 3)]"
2019-06-28 14:22:10.000000000,IMBALANCE,"[500, 298]"
2019-06-28 14:22:20.000000000,BID_DEPTH,"[(100626, 100), (100605, 100), (100538, 100), (100224, 100), (100163, 100)]"
2019-06-28 14:22:20.000000000,ASK_DEPTH,"[(100813, 100), (100956, 3), (100968, 100), (100969, 92), (101193, 3)]"
2019-06-28 14:22:20.000000000,IMBALANCE,"[500, 298]"
2019-06-28 14:22:30.000000000,BID_DEPTH,"[(100626, 100), (100605, 100), (100538, 100), (100224, 100), (100163, 100)]"
2019-06-28 14:22:30.000000000,ASK_DEPTH,"[(100709, 100), (100813, 100), (100956, 3), (100968, 100), (100969, 92)]"
2019-06-28 14:22:30.000000000,IMBALANCE,"[500, 395]"
2019-06-28 14:22:40.000000000,BID_DEPTH,"[(100700, 100), (100626, 100), (100605, 100), (100538, 100), (100224, 100)]"
2019-06-28 14:22:40.000000000,ASK_DEPTH,"[(100709, 100), (100813, 100), (100956, 3), (100968, 100), (100969, 92)]"
2019-06-28 14:22:40.000000000,IMBALANCE,"[500, 395]"
2019-06-28 14:22:50.000000000,BID_DEPTH,"[(100700, 100), (100626, 100), (100605, 100), (100538, 100), (100224, 100)]"
2019-06-28 14:22:50.000000000,ASK_DEPTH,"[(100709, 100), (100813, 100), (100956, 3), (100968, 100), (100969, 92)]"
2019-06-28 14:22:50.000000000,IMBALANCE,"[500, 395]"
2019-06-28 14:23:00.000000000,BID_DEPTH,"[(100700, 100), (100626, 100), (100605, 100), (100538, 100), (100224, 100)]"
2019-06-28 14:23:00.000000000,ASK_DEPTH,"[(100709, 100), (100813, 100), (100956, 3), (100968, 100), (100969, 92)]"
2019-06-28 14:23:00.000000000,IMBALANCE,"[500, 395]"
2019-06-28 14:23:00.000000000,HOLDINGS_UPDATED,"{'CASH': -330477363, 'JPM': 3508}"
2019-06-28 14:23:00.000000000,HOLDINGS_UPDATED,"{'CASH': -329570982, 'JPM': 3499}"
2019-06-28 14:23:00.000000000,HOLDINGS_UPDATED,"{'CASH': -328765310, 'JPM': 3491}"
2019-06-28 14:23:00.000000000,HOLDINGS_UPDATED,"{'CASH': -328463183, 'JPM': 3488}"
2019-06-28 14:23:10.000000000,BID_DEPTH,"[(100700, 100), (100626, 100), (100605, 100), (100538, 100), (100224, 100)]"
2019-06-28 14:23:10.000000000,ASK_DEPTH,"[(100813, 100), (100956, 3), (100968, 100), (100969, 92), (101193, 3)]"
2019-06-28 14:23:10.000000000,IMBALANCE,"[500, 298]"
2019-06-28 14:23:20.000000000,BID_DEPTH,"[(100700, 100), (100626, 100), (100605, 100), (100538, 100), (100224, 100)]"
2019-06-28 14:23:20.000000000,ASK_DEPTH,"[(100813, 100), (100956, 3), (100968, 100), (100969, 92), (101193, 3)]"
2019-06-28 14:23:20.000000000,IMBALANCE,"[500, 298]"
2019-06-28 14:23:30.000000000,BID_DEPTH,"[(100700, 100), (100626, 100), (100605, 100), (100538, 100), (100224, 100)]"
2019-06-28 14:23:30.000000000,ASK_DEPTH,"[(100956, 3), (100968, 100), (100969, 92), (101193, 3), (101260, 100)]"
2019-06-28 14:23:30.000000000,IMBALANCE,"[500, 298]"
2019-06-28 14:23:40.000000000,BID_DEPTH,"[(100700, 100), (100626, 100), (100605, 100), (100538, 100), (100224, 100)]"
2019-06-28 14:23:40.000000000,ASK_DEPTH,"[(100956, 3), (100968, 100), (100969, 92), (101193, 3), (101260, 100)]"
2019-06-28 14:23:40.000000000,IMBALANCE,"[500, 298]"
2019-06-28 14:23:50.000000000,BID_DEPTH,"[(100700, 100), (100626, 100), (100605, 100), (100538, 100), (100224, 100)]"
2019-06-28 14:23:50.000000000,ASK_DEPTH,"[(100956, 3), (100968, 100), (100969, 92), (101193, 3), (101260, 100)]"
2019-06-28 14:23:50.000000000,IMBALANCE,"[500, 298]"
2019-06-28 14:24:00.000000000,BID_DEPTH,"[(100700, 100), (100626, 100), (100605, 100), (100538, 100), (100224, 100)]"
2019-06-28 14:24:00.000000000,ASK_DEPTH,"[(100956, 3), (100968, 100), (100969, 92), (101193, 3), (101260, 100)]"
2019-06-28 14:24:00.000000000,IMBALANCE,"[500, 298]"
2019-06-28 14:24:00.000000000,HOLDINGS_UPDATED,"{'CASH': -327857447, 'JPM': 3482}"
2019-06-28 14:24:00.000000000,HOLDINGS_UPDATED,"{'CASH': -327352667, 'JPM': 3477}"
2019-06-28 14:24:00.000000000,HOLDINGS_UPDATED,"{'CASH': -327049799, 'JPM': 3474}"
2019-06-28 14:24:00.000000000,HOLDINGS_UPDATED,"{'CASH': -326242151, 'JPM': 3466}"
2019-06-28 14:24:00.000000000,HOLDINGS_UPDATED,"{'CASH': -325939283, 'JPM': 3463}"
2019-06-28 14:24:00.000000000,HOLDINGS_UPDATED,"{'CASH': -325333547, 'JPM': 3457}"
2019-06-28 14:24:00.000000000,HOLDINGS_UPDATED,"{'CASH': -324525899, 'JPM': 3449}"
2019-06-28 14:24:00.000000000,HOLDINGS_UPDATED,"{'CASH': -324424943, 'JPM': 3448}"
2019-06-28 14:24:00.000000000,HOLDINGS_UPDATED,"{'CASH': -324323987, 'JPM': 3447}"
2019-06-28 14:24:00.000000000,HOLDINGS_UPDATED,"{'CASH': -323819207, 'JPM': 3442}"
2019-06-28 14:24:00.000000000,HOLDINGS_UPDATED,"{'CASH': -323718251, 'JPM': 3441}"
2019-06-28 14:24:00.000000000,HOLDINGS_UPDATED,"{'CASH': -323516339, 'JPM': 3439}"
2019-06-28 14:24:00.000000000,HOLDINGS_UPDATED,"{'CASH': -323011559, 'JPM': 3434}"
2019-06-28 14:24:00.000000000,HOLDINGS_UPDATED,"{'CASH': -322102955, 'JPM': 3425}"
2019-06-28 14:24:00.000000000,HOLDINGS_UPDATED,"{'CASH': -321194351, 'JPM': 3416}"
2019-06-28 14:24:00.000000000,HOLDINGS_UPDATED,"{'CASH': -320386703, 'JPM': 3408}"
2019-06-28 14:24:00.000000000,HOLDINGS_UPDATED,"{'CASH': -319982879, 'JPM': 3404}"
2019-06-28 14:24:05.036891058,HOLDINGS_UPDATED,"{'CASH': -315944159, 'JPM': 3364}"
2019-06-28 14:24:09.809668200,HOLDINGS_UPDATED,"{'CASH': -311501567, 'JPM': 3320}"
2019-06-28 14:24:10.000000000,BID_DEPTH,"[(100968, 56), (100700, 100), (100605, 100), (100538, 100), (100224, 100)]"
2019-06-28 14:24:10.000000000,ASK_DEPTH,"[(100969, 92), (101193, 3), (101260, 100), (101577, 106), (101589, 3)]"
2019-06-28 14:24:10.000000000,IMBALANCE,"[456, 304]"
2019-06-28 14:24:20.000000000,BID_DEPTH,"[(100968, 56), (100700, 100), (100605, 100), (100538, 100), (100224, 100)]"
2019-06-28 14:24:20.000000000,ASK_DEPTH,"[(100969, 92), (101193, 3), (101260, 100), (101577, 106), (101589, 3)]"
2019-06-28 14:24:20.000000000,IMBALANCE,"[456, 304]"
2019-06-28 14:24:25.844910538,HOLDINGS_UPDATED,"{'CASH': -310693815, 'JPM': 3312}"
2019-06-28 14:24:30.000000000,BID_DEPTH,"[(100968, 56), (100700, 100), (100605, 100), (100538, 100), (100224, 100)]"
2019-06-28 14:24:30.000000000,ASK_DEPTH,"[(101193, 3), (101260, 100), (101577, 106), (101589, 3), (101682, 100)]"
2019-06-28 14:24:30.000000000,IMBALANCE,"[456, 312]"
2019-06-28 14:24:40.000000000,BID_DEPTH,"[(100968, 56), (100700, 100), (100605, 100), (100538, 100), (100224, 100)]"
2019-06-28 14:24:40.000000000,ASK_DEPTH,"[(101193, 3), (101260, 100), (101577, 106), (101589, 3), (101682, 100)]"
2019-06-28 14:24:40.000000000,IMBALANCE,"[456, 312]"
2019-06-28 14:24:50.000000000,BID_DEPTH,"[(100968, 56), (100700, 100), (100605, 100), (100538, 100), (100224, 100)]"
2019-06-28 14:24:50.000000000,ASK_DEPTH,"[(101193, 3), (101260, 100), (101577, 106), (101589, 3), (101682, 100)]"
2019-06-28 14:24:50.000000000,IMBALANCE,"[456, 312]"
2019-06-28 14:25:00.000000000,BID_DEPTH,"[(100968, 56), (100700, 100), (100605, 100), (100538, 100), (100224, 100)]"
2019-06-28 14:25:00.000000000,ASK_DEPTH,"[(101193, 3), (101260, 100), (101577, 106), (101589, 3), (101682, 100)]"
2019-06-28 14:25:00.000000000,IMBALANCE,"[456, 312]"
2019-06-28 14:25:00.000000000,HOLDINGS_UPDATED,"{'CASH': -310086657, 'JPM': 3306}"
2019-06-28 14:25:00.000000000,HOLDINGS_UPDATED,"{'CASH': -309580692, 'JPM': 3301}"
2019-06-28 14:25:00.000000000,HOLDINGS_UPDATED,"{'CASH': -309277113, 'JPM': 3298}"
2019-06-28 14:25:00.000000000,HOLDINGS_UPDATED,"{'CASH': -308467569, 'JPM': 3290}"
2019-06-28 14:25:00.000000000,HOLDINGS_UPDATED,"{'CASH': -308163990, 'JPM': 3287}"
2019-06-28 14:25:00.000000000,HOLDINGS_UPDATED,"{'CASH': -307556832, 'JPM': 3281}"
2019-06-28 14:25:00.000000000,HOLDINGS_UPDATED,"{'CASH': -306747288, 'JPM': 3273}"
2019-06-28 14:25:00.000000000,HOLDINGS_UPDATED,"{'CASH': -306646095, 'JPM': 3272}"
2019-06-28 14:25:00.000000000,HOLDINGS_UPDATED,"{'CASH': -306544902, 'JPM': 3271}"
2019-06-28 14:25:00.000000000,HOLDINGS_UPDATED,"{'CASH': -306038937, 'JPM': 3266}"
2019-06-28 14:25:00.000000000,HOLDINGS_UPDATED,"{'CASH': -305937744, 'JPM': 3265}"
2019-06-28 14:25:00.000000000,HOLDINGS_UPDATED,"{'CASH': -305735358, 'JPM': 3263}"
2019-06-28 14:25:00.000000000,HOLDINGS_UPDATED,"{'CASH': -305229393, 'JPM': 3258}"
2019-06-28 14:25:00.000000000,HOLDINGS_UPDATED,"{'CASH': -304318656, 'JPM': 3249}"
2019-06-28 14:25:00.000000000,HOLDINGS_UPDATED,"{'CASH': -303407919, 'JPM': 3240}"
2019-06-28 14:25:00.000000000,HOLDINGS_UPDATED,"{'CASH': -302598375, 'JPM': 3232}"
2019-06-28 14:25:00.000000000,HOLDINGS_UPDATED,"{'CASH': -302193603, 'JPM': 3228}"
2019-06-28 14:25:00.000000000,HOLDINGS_UPDATED,"{'CASH': -301687638, 'JPM': 3223}"
2019-06-28 14:25:00.000000000,HOLDINGS_UPDATED,"{'CASH': -300979287, 'JPM': 3216}"
2019-06-28 14:25:00.000000000,HOLDINGS_UPDATED,"{'CASH': -300169743, 'JPM': 3208}"
2019-06-28 14:25:00.000000000,HOLDINGS_UPDATED,"{'CASH': -299259006, 'JPM': 3199}"
2019-06-28 14:25:00.000000000,HOLDINGS_UPDATED,"{'CASH': -298449462, 'JPM': 3191}"
2019-06-28 14:25:00.000000000,HOLDINGS_UPDATED,"{'CASH': -298145883, 'JPM': 3188}"
2019-06-28 14:25:10.000000000,BID_DEPTH,"[(100968, 56), (100700, 100), (100605, 100), (100538, 100), (100224, 100)]"
2019-06-28 14:25:10.000000000,ASK_DEPTH,"[(101024, 100), (101260, 100), (101577, 106), (101589, 3), (101682, 100)]"
2019-06-28 14:25:10.000000000,IMBALANCE,"[456, 409]"
2019-06-28 14:25:20.000000000,BID_DEPTH,"[(100968, 56), (100700, 100), (100605, 100), (100538, 100), (100224, 100)]"
2019-06-28 14:25:20.000000000,ASK_DEPTH,"[(101024, 100), (101260, 100), (101577, 106), (101589, 3), (101682, 100)]"
2019-06-28 14:25:20.000000000,IMBALANCE,"[456, 409]"
2019-06-28 14:25:30.000000000,BID_DEPTH,"[(100968, 56), (100700, 100), (100605, 100), (100538, 100), (100224, 100)]"
2019-06-28 14:25:30.000000000,ASK_DEPTH,"[(101024, 100), (101193, 100), (101260, 100), (101577, 106), (101589, 3)]"
2019-06-28 14:25:30.000000000,IMBALANCE,"[456, 409]"
2019-06-28 14:25:40.000000000,BID_DEPTH,"[(100968, 56), (100700, 100), (100605, 100), (100538, 100), (100224, 100)]"
2019-06-28 14:25:40.000000000,ASK_DEPTH,"[(101024, 100), (101193, 100), (101260, 100), (101577, 106), (101589, 3)]"
2019-06-28 14:25:40.000000000,IMBALANCE,"[456, 409]"
2019-06-28 14:25:50.000000000,BID_DEPTH,"[(100968, 56), (100700, 100), (100605, 100), (100538, 100), (100224, 100)]"
2019-06-28 14:25:50.000000000,ASK_DEPTH,"[(101024, 100), (101193, 100), (101260, 100), (101577, 106), (101589, 3)]"
2019-06-28 14:25:50.000000000,IMBALANCE,"[456, 409]"
2019-06-28 14:26:00.000000000,BID_DEPTH,"[(100968, 56), (100700, 100), (100605, 100), (100538, 100), (100224, 100)]"
2019-06-28 14:26:00.000000000,ASK_DEPTH,"[(101193, 200), (101260, 100), (101577, 106), (101589, 3), (102067, 100)]"
2019-06-28 14:26:00.000000000,IMBALANCE,"[456, 509]"
2019-06-28 14:26:10.000000000,BID_DEPTH,"[(100968, 56), (100700, 100), (100605, 100), (100538, 100), (100224, 100)]"
2019-06-28 14:26:10.000000000,ASK_DEPTH,"[(101193, 73), (101197, 100), (101260, 100), (101577, 106), (101589, 3)]"
2019-06-28 14:26:10.000000000,IMBALANCE,"[456, 382]"
2019-06-28 14:26:14.443732957,HOLDINGS_UPDATED,"{'CASH': -295413672, 'JPM': 3161}"
2019-06-28 14:26:20.000000000,BID_DEPTH,"[(101023, 100), (100968, 56), (100700, 100), (100605, 100), (100538, 100)]"
2019-06-28 14:26:20.000000000,ASK_DEPTH,"[(101197, 100), (101260, 100), (101577, 106), (101589, 3), (102067, 100)]"
2019-06-28 14:26:20.000000000,IMBALANCE,"[456, 409]"
2019-06-28 14:26:30.000000000,BID_DEPTH,"[(101023, 100), (100968, 56), (100700, 100), (100605, 100), (100538, 100)]"
2019-06-28 14:26:30.000000000,ASK_DEPTH,"[(101197, 100), (101260, 100), (101577, 106), (101589, 3), (102067, 100)]"
2019-06-28 14:26:30.000000000,IMBALANCE,"[456, 409]"
2019-06-28 14:26:40.000000000,BID_DEPTH,"[(101023, 100), (100968, 56), (100700, 100), (100605, 100), (100538, 100)]"
2019-06-28 14:26:40.000000000,ASK_DEPTH,"[(101197, 100), (101260, 100), (101577, 106), (101589, 3), (102067, 100)]"
2019-06-28 14:26:40.000000000,IMBALANCE,"[456, 409]"
2019-06-28 14:26:50.000000000,BID_DEPTH,"[(101023, 100), (100968, 56), (100700, 100), (100605, 100), (100538, 100)]"
2019-06-28 14:26:50.000000000,ASK_DEPTH,"[(101197, 100), (101260, 100), (101577, 106), (101589, 3), (102067, 100)]"
2019-06-28 14:26:50.000000000,IMBALANCE,"[456, 409]"
2019-06-28 14:27:00.000000000,BID_DEPTH,"[(101023, 100), (100968, 56), (100879, 100), (100700, 100), (100605, 100)]"
2019-06-28 14:27:00.000000000,ASK_DEPTH,"[(101197, 100), (101260, 100), (101577, 106), (101589, 3), (102067, 100)]"
2019-06-28 14:27:00.000000000,IMBALANCE,"[456, 409]"
2019-06-28 14:27:00.000000000,HOLDINGS_UPDATED,"{'CASH': -294705293, 'JPM': 3154}"
2019-06-28 14:27:00.000000000,HOLDINGS_UPDATED,"{'CASH': -293794520, 'JPM': 3145}"
2019-06-28 14:27:00.000000000,HOLDINGS_UPDATED,"{'CASH': -292984944, 'JPM': 3137}"
2019-06-28 14:27:00.000000000,HOLDINGS_UPDATED,"{'CASH': -292681353, 'JPM': 3134}"
2019-06-28 14:27:06.713523677,HOLDINGS_UPDATED,"{'CASH': -301167285, 'JPM': 3218}"
2019-06-28 14:27:10.000000000,BID_DEPTH,"[(100968, 56), (100879, 100), (100700, 100), (100605, 100), (100538, 100)]"
2019-06-28 14:27:10.000000000,ASK_DEPTH,"[(101023, 16), (101260, 100), (101577, 106), (101589, 3), (102067, 100)]"
2019-06-28 14:27:10.000000000,IMBALANCE,"[456, 325]"
2019-06-28 14:27:20.000000000,BID_DEPTH,"[(100968, 56), (100879, 100), (100843, 100), (100700, 100), (100605, 100)]"
2019-06-28 14:27:20.000000000,ASK_DEPTH,"[(101023, 16), (101197, 100), (101260, 100), (101577, 106), (101589, 3)]"
2019-06-28 14:27:20.000000000,IMBALANCE,"[456, 325]"
2019-06-28 14:27:30.000000000,BID_DEPTH,"[(100968, 56), (100879, 100), (100843, 100), (100700, 100), (100605, 100)]"
2019-06-28 14:27:30.000000000,ASK_DEPTH,"[(101023, 16), (101197, 100), (101260, 100), (101577, 106), (101589, 3)]"
2019-06-28 14:27:30.000000000,IMBALANCE,"[456, 325]"
2019-06-28 14:27:40.000000000,BID_DEPTH,"[(100968, 56), (100879, 100), (100843, 100), (100700, 100), (100605, 100)]"
2019-06-28 14:27:40.000000000,ASK_DEPTH,"[(101023, 16), (101197, 100), (101260, 100), (101577, 106), (101589, 3)]"
2019-06-28 14:27:40.000000000,IMBALANCE,"[456, 325]"
2019-06-28 14:27:50.000000000,BID_DEPTH,"[(100968, 56), (100879, 100), (100843, 100), (100700, 100), (100605, 100)]"
2019-06-28 14:27:50.000000000,ASK_DEPTH,"[(101023, 16), (101197, 100), (101260, 100), (101577, 106), (101589, 3)]"
2019-06-28 14:27:50.000000000,IMBALANCE,"[456, 325]"
2019-06-28 14:28:00.000000000,BID_DEPTH,"[(100968, 56), (100879, 100), (100843, 100), (100700, 100), (100605, 100)]"
2019-06-28 14:28:00.000000000,ASK_DEPTH,"[(101023, 16), (101197, 100), (101260, 100), (101577, 106), (101589, 3)]"
2019-06-28 14:28:00.000000000,IMBALANCE,"[456, 325]"
2019-06-28 14:28:00.000000000,HOLDINGS_UPDATED,"{'CASH': -301066262, 'JPM': 3217}"
2019-06-28 14:28:00.000000000,HOLDINGS_UPDATED,"{'CASH': -300258078, 'JPM': 3209}"
2019-06-28 14:28:00.000000000,HOLDINGS_UPDATED,"{'CASH': -299955009, 'JPM': 3206}"
2019-06-28 14:28:00.000000000,HOLDINGS_UPDATED,"{'CASH': -299348871, 'JPM': 3200}"
2019-06-28 14:28:00.000000000,HOLDINGS_UPDATED,"{'CASH': -298540687, 'JPM': 3192}"
2019-06-28 14:28:00.000000000,HOLDINGS_UPDATED,"{'CASH': -298439664, 'JPM': 3191}"
2019-06-28 14:28:00.000000000,HOLDINGS_UPDATED,"{'CASH': -298338641, 'JPM': 3190}"
2019-06-28 14:28:00.000000000,HOLDINGS_UPDATED,"{'CASH': -297833526, 'JPM': 3185}"
2019-06-28 14:28:00.000000000,HOLDINGS_UPDATED,"{'CASH': -297732503, 'JPM': 3184}"
2019-06-28 14:28:00.000000000,HOLDINGS_UPDATED,"{'CASH': -297530457, 'JPM': 3182}"
2019-06-28 14:28:00.000000000,HOLDINGS_UPDATED,"{'CASH': -297025342, 'JPM': 3177}"
2019-06-28 14:28:00.000000000,HOLDINGS_UPDATED,"{'CASH': -296116135, 'JPM': 3168}"
2019-06-28 14:28:00.000000000,HOLDINGS_UPDATED,"{'CASH': -295206928, 'JPM': 3159}"
2019-06-28 14:28:00.000000000,HOLDINGS_UPDATED,"{'CASH': -294398744, 'JPM': 3151}"
2019-06-28 14:28:00.000000000,HOLDINGS_UPDATED,"{'CASH': -293994652, 'JPM': 3147}"
2019-06-28 14:28:00.000000000,HOLDINGS_UPDATED,"{'CASH': -293489537, 'JPM': 3142}"
2019-06-28 14:28:00.000000000,HOLDINGS_UPDATED,"{'CASH': -292782376, 'JPM': 3135}"
2019-06-28 14:28:00.000000000,HOLDINGS_UPDATED,"{'CASH': -291974192, 'JPM': 3127}"
2019-06-28 14:28:00.000000000,HOLDINGS_UPDATED,"{'CASH': -291064985, 'JPM': 3118}"
2019-06-28 14:28:00.000000000,HOLDINGS_UPDATED,"{'CASH': -290256801, 'JPM': 3110}"
2019-06-28 14:28:00.000000000,HOLDINGS_UPDATED,"{'CASH': -289953732, 'JPM': 3107}"
2019-06-28 14:28:10.000000000,BID_DEPTH,"[(100968, 56), (100879, 100), (100843, 100), (100700, 100), (100605, 100)]"
2019-06-28 14:28:10.000000000,ASK_DEPTH,"[(101023, 100), (101197, 100), (101260, 100), (101577, 106), (101589, 3)]"
2019-06-28 14:28:10.000000000,IMBALANCE,"[456, 409]"
2019-06-28 14:28:20.000000000,BID_DEPTH,"[(100968, 56), (100879, 100), (100843, 100), (100700, 100), (100605, 100)]"
2019-06-28 14:28:20.000000000,ASK_DEPTH,"[(101023, 100), (101197, 100), (101260, 100), (101577, 106), (101589, 3)]"
2019-06-28 14:28:20.000000000,IMBALANCE,"[456, 409]"
2019-06-28 14:28:30.000000000,BID_DEPTH,"[(100968, 56), (100879, 100), (100843, 100), (100700, 100), (100605, 100)]"
2019-06-28 14:28:30.000000000,ASK_DEPTH,"[(101023, 100), (101197, 100), (101260, 100), (101577, 106), (101589, 3)]"
2019-06-28 14:28:30.000000000,IMBALANCE,"[456, 409]"
2019-06-28 14:28:40.000000000,BID_DEPTH,"[(100968, 56), (100879, 100), (100843, 100), (100700, 100), (100605, 100)]"
2019-06-28 14:28:40.000000000,ASK_DEPTH,"[(101197, 100), (101577, 106), (101589, 3), (102067, 100), (102411, 100)]"
2019-06-28 14:28:40.000000000,IMBALANCE,"[456, 409]"
2019-06-28 14:28:50.000000000,BID_DEPTH,"[(101162, 100), (100968, 56), (100879, 100), (100843, 100), (100700, 100)]"
2019-06-28 14:28:50.000000000,ASK_DEPTH,"[(101197, 100), (101577, 106), (101589, 3), (102067, 100), (102411, 100)]"
2019-06-28 14:28:50.000000000,IMBALANCE,"[456, 409]"
2019-06-28 14:29:00.000000000,BID_DEPTH,"[(101162, 100), (100968, 56), (100879, 100), (100843, 100), (100700, 100)]"
2019-06-28 14:29:00.000000000,ASK_DEPTH,"[(101197, 100), (101577, 106), (101589, 3), (102067, 100), (102411, 100)]"
2019-06-28 14:29:00.000000000,IMBALANCE,"[456, 409]"
2019-06-28 14:29:00.000000000,HOLDINGS_UPDATED,"{'CASH': -289245353, 'JPM': 3100}"
2019-06-28 14:29:00.000000000,HOLDINGS_UPDATED,"{'CASH': -288334580, 'JPM': 3091}"
2019-06-28 14:29:00.000000000,HOLDINGS_UPDATED,"{'CASH': -287525004, 'JPM': 3083}"
2019-06-28 14:29:00.000000000,HOLDINGS_UPDATED,"{'CASH': -287221413, 'JPM': 3080}"
2019-06-28 14:29:10.000000000,BID_DEPTH,"[(100968, 56), (100879, 100), (100843, 100), (100700, 100), (100605, 100)]"
2019-06-28 14:29:10.000000000,ASK_DEPTH,"[(101577, 106), (101589, 3), (102067, 100), (102411, 100), (102479, 100)]"
2019-06-28 14:29:10.000000000,IMBALANCE,"[456, 409]"
2019-06-28 14:29:20.000000000,BID_DEPTH,"[(100968, 56), (100879, 100), (100843, 100), (100700, 100), (100605, 100)]"
2019-06-28 14:29:20.000000000,ASK_DEPTH,"[(101197, 100), (101577, 106), (101589, 3), (102067, 100), (102411, 100)]"
2019-06-28 14:29:20.000000000,IMBALANCE,"[456, 409]"
2019-06-28 14:29:28.849527733,HOLDINGS_UPDATED,"{'CASH': -297318213, 'JPM': 3180}"
2019-06-28 14:29:30.000000000,BID_DEPTH,"[(100879, 100), (100843, 100), (100700, 100), (100605, 100), (100538, 100)]"
2019-06-28 14:29:30.000000000,ASK_DEPTH,"[(101197, 100), (101577, 106), (101589, 3), (102067, 100), (102411, 100)]"
2019-06-28 14:29:30.000000000,IMBALANCE,"[500, 409]"
2019-06-28 14:29:40.000000000,BID_DEPTH,"[(100879, 100), (100843, 100), (100700, 100), (100605, 100), (100538, 100)]"
2019-06-28 14:29:40.000000000,ASK_DEPTH,"[(101197, 100), (101577, 106), (101589, 3), (102067, 100), (102411, 100)]"
2019-06-28 14:29:40.000000000,IMBALANCE,"[500, 409]"
2019-06-28 14:29:50.000000000,BID_DEPTH,"[(100917, 100), (100879, 100), (100843, 100), (100700, 100), (100605, 100)]"
2019-06-28 14:29:50.000000000,ASK_DEPTH,"[(101197, 100), (101577, 106), (101589, 3), (102067, 100), (102411, 100)]"
2019-06-28 14:29:50.000000000,IMBALANCE,"[500, 409]"
2019-06-28 14:30:00.000000000,BID_DEPTH,"[(100917, 100), (100879, 100), (100843, 100), (100700, 100), (100605, 100)]"
2019-06-28 14:30:00.000000000,ASK_DEPTH,"[(101197, 100), (101577, 106), (101589, 3), (102067, 100), (102411, 100)]"
2019-06-28 14:30:00.000000000,IMBALANCE,"[500, 409]"
2019-06-28 14:30:00.000000000,HOLDINGS_UPDATED,"{'CASH': -296609834, 'JPM': 3173}"
2019-06-28 14:30:00.000000000,HOLDINGS_UPDATED,"{'CASH': -295699061, 'JPM': 3164}"
2019-06-28 14:30:00.000000000,HOLDINGS_UPDATED,"{'CASH': -294889485, 'JPM': 3156}"
2019-06-28 14:30:00.000000000,HOLDINGS_UPDATED,"{'CASH': -294585894, 'JPM': 3153}"
2019-06-28 14:30:10.000000000,BID_DEPTH,"[(100879, 100), (100843, 100), (100700, 100), (100654, 100), (100605, 100)]"
2019-06-28 14:30:10.000000000,ASK_DEPTH,"[(101577, 106), (101589, 3), (102067, 100), (102411, 100), (102479, 100)]"
2019-06-28 14:30:10.000000000,IMBALANCE,"[500, 409]"
2019-06-28 14:30:20.000000000,BID_DEPTH,"[(100879, 100), (100843, 100), (100700, 100), (100654, 100), (100605, 100)]"
2019-06-28 14:30:20.000000000,ASK_DEPTH,"[(101577, 106), (101589, 3), (102067, 100), (102411, 100), (102479, 100)]"
2019-06-28 14:30:20.000000000,IMBALANCE,"[500, 409]"
2019-06-28 14:30:30.000000000,BID_DEPTH,"[(100879, 100), (100843, 100), (100700, 100), (100658, 100), (100654, 100)]"
2019-06-28 14:30:30.000000000,ASK_DEPTH,"[(100895, 100), (101577, 106), (101589, 3), (102067, 100), (102411, 100)]"
2019-06-28 14:30:30.000000000,IMBALANCE,"[500, 409]"
2019-06-28 14:30:40.000000000,BID_DEPTH,"[(100879, 100), (100843, 100), (100700, 100), (100658, 100), (100654, 100)]"
2019-06-28 14:30:40.000000000,ASK_DEPTH,"[(100895, 100), (101577, 106), (101589, 3), (102067, 100), (102411, 100)]"
2019-06-28 14:30:40.000000000,IMBALANCE,"[500, 409]"
2019-06-28 14:30:50.000000000,BID_DEPTH,"[(100879, 100), (100843, 100), (100700, 100), (100658, 100), (100654, 100)]"
2019-06-28 14:30:50.000000000,ASK_DEPTH,"[(100895, 100), (100942, 100), (101577, 106), (101589, 3), (102067, 100)]"
2019-06-28 14:30:50.000000000,IMBALANCE,"[500, 409]"
2019-06-28 14:31:00.000000000,BID_DEPTH,"[(100879, 100), (100843, 100), (100700, 100), (100658, 100), (100654, 100)]"
2019-06-28 14:31:00.000000000,ASK_DEPTH,"[(100895, 100), (100942, 100), (101577, 106), (101589, 3), (102067, 100)]"
2019-06-28 14:31:00.000000000,IMBALANCE,"[500, 409]"
2019-06-28 14:31:00.000000000,HOLDINGS_UPDATED,"{'CASH': -293879629, 'JPM': 3146}"
2019-06-28 14:31:00.000000000,HOLDINGS_UPDATED,"{'CASH': -292971574, 'JPM': 3137}"
2019-06-28 14:31:00.000000000,HOLDINGS_UPDATED,"{'CASH': -292164414, 'JPM': 3129}"
2019-06-28 14:31:00.000000000,HOLDINGS_UPDATED,"{'CASH': -291861729, 'JPM': 3126}"
2019-06-28 14:31:10.000000000,BID_DEPTH,"[(100843, 100), (100700, 100), (100658, 100), (100654, 100), (100605, 100)]"
2019-06-28 14:31:10.000000000,ASK_DEPTH,"[(100942, 100), (101577, 106), (101589, 3), (102067, 100), (102411, 100)]"
2019-06-28 14:31:10.000000000,IMBALANCE,"[500, 409]"
2019-06-28 14:31:20.000000000,BID_DEPTH,"[(100843, 100), (100700, 100), (100658, 100), (100654, 100), (100605, 100)]"
2019-06-28 14:31:20.000000000,ASK_DEPTH,"[(100942, 100), (101577, 106), (101589, 3), (102067, 100), (102411, 100)]"
2019-06-28 14:31:20.000000000,IMBALANCE,"[500, 409]"
2019-06-28 14:31:30.000000000,BID_DEPTH,"[(100843, 100), (100700, 100), (100658, 100), (100654, 100), (100605, 100)]"
2019-06-28 14:31:30.000000000,ASK_DEPTH,"[(100942, 100), (101577, 106), (101589, 3), (102067, 100), (102411, 100)]"
2019-06-28 14:31:30.000000000,IMBALANCE,"[500, 409]"
2019-06-28 14:31:40.000000000,BID_DEPTH,"[(100843, 100), (100700, 100), (100658, 100), (100654, 100), (100605, 100)]"
2019-06-28 14:31:40.000000000,ASK_DEPTH,"[(100895, 100), (100942, 100), (101577, 106), (101589, 3), (102067, 100)]"
2019-06-28 14:31:40.000000000,IMBALANCE,"[500, 409]"
2019-06-28 14:31:50.000000000,BID_DEPTH,"[(100843, 100), (100700, 100), (100654, 100), (100605, 100), (100538, 100)]"
2019-06-28 14:31:50.000000000,ASK_DEPTH,"[(100895, 100), (100942, 100), (101577, 106), (101589, 3), (102067, 100)]"
2019-06-28 14:31:50.000000000,IMBALANCE,"[500, 409]"
2019-06-28 14:32:00.000000000,BID_DEPTH,"[(100700, 100), (100654, 100), (100605, 100), (100538, 100), (100474, 100)]"
2019-06-28 14:32:00.000000000,ASK_DEPTH,"[(100895, 100), (100942, 100), (101028, 100), (101577, 106), (101589, 3)]"
2019-06-28 14:32:00.000000000,IMBALANCE,"[500, 409]"
2019-06-28 14:32:00.000000000,HOLDINGS_UPDATED,"{'CASH': -291155464, 'JPM': 3119}"
2019-06-28 14:32:00.000000000,HOLDINGS_UPDATED,"{'CASH': -290247409, 'JPM': 3110}"
2019-06-28 14:32:00.000000000,HOLDINGS_UPDATED,"{'CASH': -289440249, 'JPM': 3102}"
2019-06-28 14:32:00.000000000,HOLDINGS_UPDATED,"{'CASH': -289137564, 'JPM': 3099}"
2019-06-28 14:32:10.000000000,BID_DEPTH,"[(100700, 100), (100654, 100), (100605, 100), (100538, 100), (100474, 100)]"
2019-06-28 14:32:10.000000000,ASK_DEPTH,"[(100895, 100), (100942, 100), (101028, 100), (101577, 106), (101589, 3)]"
2019-06-28 14:32:10.000000000,IMBALANCE,"[500, 409]"
2019-06-28 14:32:20.000000000,BID_DEPTH,"[(100700, 100), (100654, 100), (100605, 100), (100538, 100), (100474, 100)]"
2019-06-28 14:32:20.000000000,ASK_DEPTH,"[(100895, 100), (100942, 100), (101028, 100), (101577, 106), (101589, 3)]"
2019-06-28 14:32:20.000000000,IMBALANCE,"[500, 409]"
2019-06-28 14:32:30.000000000,BID_DEPTH,"[(100700, 100), (100654, 100), (100605, 100), (100538, 100), (100474, 100)]"
2019-06-28 14:32:30.000000000,ASK_DEPTH,"[(100942, 100), (101028, 100), (101577, 106), (101589, 3), (102067, 100)]"
2019-06-28 14:32:30.000000000,IMBALANCE,"[500, 409]"
2019-06-28 14:32:40.000000000,BID_DEPTH,"[(100700, 100), (100654, 100), (100605, 100), (100538, 100), (100474, 100)]"
2019-06-28 14:32:40.000000000,ASK_DEPTH,"[(101028, 100), (101577, 106), (101589, 3), (102067, 100), (102411, 100)]"
2019-06-28 14:32:40.000000000,IMBALANCE,"[500, 409]"
2019-06-28 14:32:50.000000000,BID_DEPTH,"[(100700, 100), (100654, 100), (100605, 100), (100538, 100), (100474, 100)]"
2019-06-28 14:32:50.000000000,ASK_DEPTH,"[(101028, 100), (101577, 106), (101589, 3), (102067, 100), (102411, 100)]"
2019-06-28 14:32:50.000000000,IMBALANCE,"[500, 409]"
2019-06-28 14:33:00.000000000,BID_DEPTH,"[(100700, 100), (100654, 100), (100605, 100), (100538, 100), (100474, 100)]"
2019-06-28 14:33:00.000000000,ASK_DEPTH,"[(101028, 100), (101577, 106), (101589, 3), (102067, 100), (102411, 100)]"
2019-06-28 14:33:00.000000000,IMBALANCE,"[500, 409]"
2019-06-28 14:33:00.000000000,HOLDINGS_UPDATED,"{'CASH': -288430368, 'JPM': 3092}"
2019-06-28 14:33:00.000000000,HOLDINGS_UPDATED,"{'CASH': -287521116, 'JPM': 3083}"
2019-06-28 14:33:00.000000000,HOLDINGS_UPDATED,"{'CASH': -286712892, 'JPM': 3075}"
2019-06-28 14:33:00.000000000,HOLDINGS_UPDATED,"{'CASH': -286409808, 'JPM': 3072}"
2019-06-28 14:33:10.000000000,BID_DEPTH,"[(100700, 100), (100654, 100), (100605, 100), (100538, 100), (100474, 100)]"
2019-06-28 14:33:10.000000000,ASK_DEPTH,"[(101577, 106), (101589, 3), (102067, 100), (102411, 100), (102479, 100)]"
2019-06-28 14:33:10.000000000,IMBALANCE,"[500, 409]"
2019-06-28 14:33:20.000000000,BID_DEPTH,"[(100700, 100), (100654, 100), (100605, 100), (100538, 100), (100474, 100)]"
2019-06-28 14:33:20.000000000,ASK_DEPTH,"[(101577, 106), (101589, 3), (102067, 100), (102411, 100), (102479, 100)]"
2019-06-28 14:33:20.000000000,IMBALANCE,"[500, 409]"
2019-06-28 14:33:30.000000000,BID_DEPTH,"[(100700, 100), (100654, 100), (100605, 100), (100538, 100), (100474, 100)]"
2019-06-28 14:33:30.000000000,ASK_DEPTH,"[(101577, 106), (101589, 3), (102067, 100), (102411, 100), (102479, 100)]"
2019-06-28 14:33:30.000000000,IMBALANCE,"[500, 409]"
2019-06-28 14:33:40.000000000,BID_DEPTH,"[(101207, 100), (100700, 100), (100654, 100), (100605, 100), (100538, 100)]"
2019-06-28 14:33:40.000000000,ASK_DEPTH,"[(101577, 106), (101589, 3), (102067, 100), (102411, 100), (102479, 100)]"
2019-06-28 14:33:40.000000000,IMBALANCE,"[500, 409]"
2019-06-28 14:33:50.000000000,BID_DEPTH,"[(101207, 100), (100700, 100), (100654, 100), (100605, 100), (100538, 100)]"
2019-06-28 14:33:50.000000000,ASK_DEPTH,"[(101577, 106), (101589, 3), (102067, 100), (102411, 100), (102479, 100)]"
2019-06-28 14:33:50.000000000,IMBALANCE,"[500, 409]"
2019-06-28 14:34:00.000000000,BID_DEPTH,"[(101207, 100), (101028, 200), (100700, 100), (100654, 100), (100605, 100)]"
2019-06-28 14:34:00.000000000,ASK_DEPTH,"[(101577, 106), (101589, 3), (102067, 100), (102411, 100), (102479, 100)]"
2019-06-28 14:34:00.000000000,IMBALANCE,"[600, 409]"
2019-06-28 14:34:00.000000000,HOLDINGS_UPDATED,"{'CASH': -286308231, 'JPM': 3071}"
2019-06-28 14:34:00.000000000,HOLDINGS_UPDATED,"{'CASH': -285394038, 'JPM': 3062}"
2019-06-28 14:34:00.000000000,HOLDINGS_UPDATED,"{'CASH': -284581422, 'JPM': 3054}"
2019-06-28 14:34:00.000000000,HOLDINGS_UPDATED,"{'CASH': -284276691, 'JPM': 3051}"
2019-06-28 14:34:10.000000000,BID_DEPTH,"[(101207, 100), (101028, 200), (100700, 100), (100654, 100), (100605, 100)]"
2019-06-28 14:34:10.000000000,ASK_DEPTH,"[(101420, 100), (101589, 3), (102067, 100), (102411, 100), (102479, 100)]"
2019-06-28 14:34:10.000000000,IMBALANCE,"[600, 403]"
2019-06-28 14:34:20.000000000,BID_DEPTH,"[(101207, 100), (101028, 200), (100700, 100), (100654, 100), (100605, 100)]"
2019-06-28 14:34:20.000000000,ASK_DEPTH,"[(101420, 100), (101589, 3), (102067, 100), (102411, 100), (102479, 100)]"
2019-06-28 14:34:20.000000000,IMBALANCE,"[600, 403]"
2019-06-28 14:34:30.000000000,BID_DEPTH,"[(101265, 100), (101207, 100), (101028, 200), (100700, 100), (100654, 100)]"
2019-06-28 14:34:30.000000000,ASK_DEPTH,"[(101420, 100), (101589, 3), (102067, 100), (102411, 100), (102479, 100)]"
2019-06-28 14:34:30.000000000,IMBALANCE,"[600, 403]"
2019-06-28 14:34:40.000000000,BID_DEPTH,"[(101265, 100), (101207, 100), (101028, 200), (100700, 100), (100654, 100)]"
2019-06-28 14:34:40.000000000,ASK_DEPTH,"[(101420, 100), (101589, 3), (102067, 100), (102411, 100), (102479, 100)]"
2019-06-28 14:34:40.000000000,IMBALANCE,"[600, 403]"
2019-06-28 14:34:50.000000000,BID_DEPTH,"[(101265, 100), (101207, 100), (101028, 200), (100700, 100), (100654, 100)]"
2019-06-28 14:34:50.000000000,ASK_DEPTH,"[(101420, 100), (101589, 3), (101766, 100), (102067, 100), (102411, 100)]"
2019-06-28 14:34:50.000000000,IMBALANCE,"[600, 403]"
2019-06-28 14:35:00.000000000,BID_DEPTH,"[(101265, 100), (101207, 100), (101028, 200), (100700, 100), (100654, 100)]"
2019-06-28 14:35:00.000000000,ASK_DEPTH,"[(101420, 100), (101589, 3), (101766, 100), (102067, 100), (102411, 100)]"
2019-06-28 14:35:00.000000000,IMBALANCE,"[600, 403]"
2019-06-28 14:35:00.000000000,HOLDINGS_UPDATED,"{'CASH': -283566751, 'JPM': 3044}"
2019-06-28 14:35:00.000000000,HOLDINGS_UPDATED,"{'CASH': -282653971, 'JPM': 3035}"
2019-06-28 14:35:00.000000000,HOLDINGS_UPDATED,"{'CASH': -281842611, 'JPM': 3027}"
2019-06-28 14:35:00.000000000,HOLDINGS_UPDATED,"{'CASH': -281538351, 'JPM': 3024}"
2019-06-28 14:35:04.214324730,HOLDINGS_UPDATED,"{'CASH': -271396351, 'JPM': 2924}"
2019-06-28 14:35:07.211181024,HOLDINGS_UPDATED,"{'CASH': -262978491, 'JPM': 2841}"
2019-06-28 14:35:10.000000000,BID_DEPTH,"[(101420, 17), (101265, 100), (101207, 100), (101028, 200), (100700, 100)]"
2019-06-28 14:35:10.000000000,ASK_DEPTH,"[(101589, 3), (101766, 100), (102067, 100), (102411, 100), (102479, 100)]"
2019-06-28 14:35:10.000000000,IMBALANCE,"[517, 403]"
2019-06-28 14:35:20.000000000,BID_DEPTH,"[(101420, 17), (101265, 100), (101207, 100), (101028, 200), (100700, 100)]"
2019-06-28 14:35:20.000000000,ASK_DEPTH,"[(101589, 3), (101766, 100), (102067, 100), (102411, 100), (102479, 100)]"
2019-06-28 14:35:20.000000000,IMBALANCE,"[517, 403]"
2019-06-28 14:35:30.000000000,BID_DEPTH,"[(101420, 17), (101265, 100), (101207, 100), (101028, 200), (100700, 100)]"
2019-06-28 14:35:30.000000000,ASK_DEPTH,"[(101589, 3), (101766, 100), (102067, 100), (102411, 100), (102479, 100)]"
2019-06-28 14:35:30.000000000,IMBALANCE,"[517, 403]"
2019-06-28 14:35:40.000000000,BID_DEPTH,"[(101420, 17), (101265, 100), (101207, 100), (101028, 200), (100700, 100)]"
2019-06-28 14:35:40.000000000,ASK_DEPTH,"[(101589, 3), (101766, 100), (101870, 100), (102067, 100), (102411, 100)]"
2019-06-28 14:35:40.000000000,IMBALANCE,"[517, 403]"
2019-06-28 14:35:50.000000000,BID_DEPTH,"[(101420, 17), (101325, 100), (101265, 100), (101207, 100), (101028, 200)]"
2019-06-28 14:35:50.000000000,ASK_DEPTH,"[(101589, 3), (101766, 100), (101870, 100), (102067, 100), (102411, 100)]"
2019-06-28 14:35:50.000000000,IMBALANCE,"[517, 403]"
2019-06-28 14:36:00.000000000,BID_DEPTH,"[(101420, 17), (101325, 100), (101265, 100), (101207, 100), (101028, 200)]"
2019-06-28 14:36:00.000000000,ASK_DEPTH,"[(101589, 3), (101766, 100), (101870, 100), (102067, 100), (102411, 100)]"
2019-06-28 14:36:00.000000000,IMBALANCE,"[517, 403]"
2019-06-28 14:36:00.000000000,HOLDINGS_UPDATED,"{'CASH': -262368957, 'JPM': 2835}"
2019-06-28 14:36:00.000000000,HOLDINGS_UPDATED,"{'CASH': -261861012, 'JPM': 2830}"
2019-06-28 14:36:00.000000000,HOLDINGS_UPDATED,"{'CASH': -261556245, 'JPM': 2827}"
2019-06-28 14:36:00.000000000,HOLDINGS_UPDATED,"{'CASH': -260743533, 'JPM': 2819}"
2019-06-28 14:36:00.000000000,HOLDINGS_UPDATED,"{'CASH': -260438766, 'JPM': 2816}"
2019-06-28 14:36:00.000000000,HOLDINGS_UPDATED,"{'CASH': -259829232, 'JPM': 2810}"
2019-06-28 14:36:00.000000000,HOLDINGS_UPDATED,"{'CASH': -259016520, 'JPM': 2802}"
2019-06-28 14:36:00.000000000,HOLDINGS_UPDATED,"{'CASH': -258914931, 'JPM': 2801}"
2019-06-28 14:36:00.000000000,HOLDINGS_UPDATED,"{'CASH': -258813342, 'JPM': 2800}"
2019-06-28 14:36:00.000000000,HOLDINGS_UPDATED,"{'CASH': -258305397, 'JPM': 2795}"
2019-06-28 14:36:00.000000000,HOLDINGS_UPDATED,"{'CASH': -258203808, 'JPM': 2794}"
2019-06-28 14:36:00.000000000,HOLDINGS_UPDATED,"{'CASH': -258000630, 'JPM': 2792}"
2019-06-28 14:36:00.000000000,HOLDINGS_UPDATED,"{'CASH': -257492685, 'JPM': 2787}"
2019-06-28 14:36:00.000000000,HOLDINGS_UPDATED,"{'CASH': -256578384, 'JPM': 2778}"
2019-06-28 14:36:00.000000000,HOLDINGS_UPDATED,"{'CASH': -255664083, 'JPM': 2769}"
2019-06-28 14:36:00.000000000,HOLDINGS_UPDATED,"{'CASH': -254851371, 'JPM': 2761}"
2019-06-28 14:36:00.000000000,HOLDINGS_UPDATED,"{'CASH': -254445015, 'JPM': 2757}"
2019-06-28 14:36:00.000000000,HOLDINGS_UPDATED,"{'CASH': -253937070, 'JPM': 2752}"
2019-06-28 14:36:00.000000000,HOLDINGS_UPDATED,"{'CASH': -253225947, 'JPM': 2745}"
2019-06-28 14:36:00.000000000,HOLDINGS_UPDATED,"{'CASH': -252413235, 'JPM': 2737}"
2019-06-28 14:36:00.000000000,HOLDINGS_UPDATED,"{'CASH': -251498934, 'JPM': 2728}"
2019-06-28 14:36:00.000000000,HOLDINGS_UPDATED,"{'CASH': -250686222, 'JPM': 2720}"
2019-06-28 14:36:00.000000000,HOLDINGS_UPDATED,"{'CASH': -250381455, 'JPM': 2717}"
2019-06-28 14:36:10.000000000,BID_DEPTH,"[(101420, 17), (101325, 100), (101265, 100), (101207, 100), (101028, 200)]"
2019-06-28 14:36:10.000000000,ASK_DEPTH,"[(101766, 100), (101870, 100), (102067, 100), (102411, 100), (102479, 100)]"
2019-06-28 14:36:10.000000000,IMBALANCE,"[517, 500]"
2019-06-28 14:36:18.819366779,HOLDINGS_UPDATED,"{'CASH': -258799315, 'JPM': 2800}"
2019-06-28 14:36:20.000000000,BID_DEPTH,"[(101325, 100), (101265, 100), (101207, 100), (101028, 200), (100700, 100)]"
2019-06-28 14:36:20.000000000,ASK_DEPTH,"[(101766, 100), (101870, 100), (102067, 100), (102411, 100), (102479, 100)]"
2019-06-28 14:36:20.000000000,IMBALANCE,"[600, 500]"
2019-06-28 14:36:30.000000000,BID_DEPTH,"[(101325, 100), (101265, 100), (101207, 100), (101028, 200), (100700, 100)]"
2019-06-28 14:36:30.000000000,ASK_DEPTH,"[(101766, 100), (101870, 100), (102067, 100), (102411, 100), (102479, 100)]"
2019-06-28 14:36:30.000000000,IMBALANCE,"[600, 500]"
2019-06-28 14:36:40.000000000,BID_DEPTH,"[(101325, 100), (101265, 100), (101207, 100), (101028, 200), (100700, 100)]"
2019-06-28 14:36:40.000000000,ASK_DEPTH,"[(101766, 100), (101870, 100), (102067, 100), (102411, 100), (102479, 100)]"
2019-06-28 14:36:40.000000000,IMBALANCE,"[600, 500]"
2019-06-28 14:36:50.000000000,BID_DEPTH,"[(101325, 100), (101265, 100), (101207, 100), (101028, 200), (100700, 100)]"
2019-06-28 14:36:50.000000000,ASK_DEPTH,"[(101766, 100), (101870, 100), (102067, 100), (102411, 100), (102479, 100)]"
2019-06-28 14:36:50.000000000,IMBALANCE,"[600, 500]"
2019-06-28 14:37:00.000000000,BID_DEPTH,"[(101265, 100), (101207, 100), (101028, 200), (100700, 100), (100654, 100)]"
2019-06-28 14:37:00.000000000,ASK_DEPTH,"[(101766, 100), (101870, 100), (102067, 100), (102411, 100), (102479, 100)]"
2019-06-28 14:37:00.000000000,IMBALANCE,"[600, 500]"
2019-06-28 14:37:00.000000000,HOLDINGS_UPDATED,"{'CASH': -258086953, 'JPM': 2793}"
2019-06-28 14:37:00.000000000,HOLDINGS_UPDATED,"{'CASH': -257171059, 'JPM': 2784}"
2019-06-28 14:37:00.000000000,HOLDINGS_UPDATED,"{'CASH': -256356931, 'JPM': 2776}"
2019-06-28 14:37:00.000000000,HOLDINGS_UPDATED,"{'CASH': -256051633, 'JPM': 2773}"
2019-06-28 14:37:10.000000000,BID_DEPTH,"[(101265, 100), (101207, 100), (101028, 200), (100700, 100), (100654, 100)]"
2019-06-28 14:37:10.000000000,ASK_DEPTH,"[(101870, 100), (102067, 100), (102411, 100), (102479, 100), (102893, 100)]"
2019-06-28 14:37:10.000000000,IMBALANCE,"[600, 500]"
2019-06-28 14:37:20.000000000,BID_DEPTH,"[(101265, 100), (101207, 100), (101028, 200), (100700, 100), (100654, 100)]"
2019-06-28 14:37:20.000000000,ASK_DEPTH,"[(101870, 100), (102067, 100), (102411, 100), (102479, 100), (102893, 100)]"
2019-06-28 14:37:20.000000000,IMBALANCE,"[600, 500]"
2019-06-28 14:37:30.000000000,BID_DEPTH,"[(101265, 100), (101207, 100), (101028, 200), (100700, 100), (100654, 100)]"
2019-06-28 14:37:30.000000000,ASK_DEPTH,"[(101870, 100), (102067, 100), (102411, 100), (102479, 100), (102893, 100)]"
2019-06-28 14:37:30.000000000,IMBALANCE,"[600, 500]"
2019-06-28 14:37:40.000000000,BID_DEPTH,"[(101265, 100), (101207, 100), (101028, 200), (100700, 100), (100654, 100)]"
2019-06-28 14:37:40.000000000,ASK_DEPTH,"[(101870, 100), (102067, 100), (102411, 100), (102479, 100), (102893, 100)]"
2019-06-28 14:37:40.000000000,IMBALANCE,"[600, 500]"
2019-06-28 14:37:50.000000000,BID_DEPTH,"[(101265, 100), (101207, 100), (101028, 200), (100700, 100), (100654, 100)]"
2019-06-28 14:37:50.000000000,ASK_DEPTH,"[(101870, 100), (102067, 100), (102411, 100), (102479, 100), (102893, 100)]"
2019-06-28 14:37:50.000000000,IMBALANCE,"[600, 500]"
2019-06-28 14:38:00.000000000,BID_DEPTH,"[(101265, 100), (101207, 100), (101028, 200), (100700, 100), (100654, 100)]"
2019-06-28 14:38:00.000000000,ASK_DEPTH,"[(101754, 100), (101870, 100), (102067, 100), (102411, 100), (102479, 100)]"
2019-06-28 14:38:00.000000000,IMBALANCE,"[600, 500]"
2019-06-28 14:38:00.000000000,HOLDINGS_UPDATED,"{'CASH': -255339355, 'JPM': 2766}"
2019-06-28 14:38:00.000000000,HOLDINGS_UPDATED,"{'CASH': -254423569, 'JPM': 2757}"
2019-06-28 14:38:00.000000000,HOLDINGS_UPDATED,"{'CASH': -253609537, 'JPM': 2749}"
2019-06-28 14:38:00.000000000,HOLDINGS_UPDATED,"{'CASH': -253304275, 'JPM': 2746}"
2019-06-28 14:38:06.215138821,HOLDINGS_UPDATED,"{'CASH': -245367463, 'JPM': 2668}"
2019-06-28 14:38:10.000000000,BID_DEPTH,"[(101754, 22), (101265, 100), (101207, 100), (101028, 200), (100700, 100)]"
2019-06-28 14:38:10.000000000,ASK_DEPTH,"[(101870, 100), (102067, 100), (102411, 100), (102479, 100), (102893, 100)]"
2019-06-28 14:38:10.000000000,IMBALANCE,"[522, 500]"
2019-06-28 14:38:20.000000000,BID_DEPTH,"[(101754, 22), (101265, 100), (101207, 100), (101028, 200), (100700, 100)]"
2019-06-28 14:38:20.000000000,ASK_DEPTH,"[(101870, 100), (102067, 100), (102411, 100), (102479, 100), (102893, 100)]"
2019-06-28 14:38:20.000000000,IMBALANCE,"[522, 500]"
2019-06-28 14:38:30.000000000,BID_DEPTH,"[(101754, 22), (101271, 100), (101265, 100), (101207, 100), (101028, 200)]"
2019-06-28 14:38:30.000000000,ASK_DEPTH,"[(101870, 100), (102067, 100), (102411, 100), (102479, 100), (102893, 100)]"
2019-06-28 14:38:30.000000000,IMBALANCE,"[522, 500]"
2019-06-28 14:38:40.000000000,BID_DEPTH,"[(101754, 22), (101271, 100), (101265, 100), (101207, 100), (101028, 200)]"
2019-06-28 14:38:40.000000000,ASK_DEPTH,"[(101870, 100), (102067, 100), (102411, 100), (102479, 100), (102893, 100)]"
2019-06-28 14:38:40.000000000,IMBALANCE,"[522, 500]"
2019-06-28 14:38:50.000000000,BID_DEPTH,"[(101754, 22), (101271, 100), (101265, 100), (101207, 100), (101028, 200)]"
2019-06-28 14:38:50.000000000,ASK_DEPTH,"[(101870, 100), (102067, 100), (102411, 100), (102479, 100), (102893, 100)]"
2019-06-28 14:38:50.000000000,IMBALANCE,"[522, 500]"
2019-06-28 14:38:52.266966989,HOLDINGS_UPDATED,"{'CASH': -253304275, 'JPM': 2746}"
2019-06-28 14:39:00.000000000,BID_DEPTH,"[(101271, 100), (101265, 100), (101207, 100), (101028, 200), (100700, 100)]"
2019-06-28 14:39:00.000000000,ASK_DEPTH,"[(101870, 100), (102067, 100), (102411, 100), (102479, 100), (102893, 100)]"
2019-06-28 14:39:00.000000000,IMBALANCE,"[600, 500]"
2019-06-28 14:39:00.000000000,HOLDINGS_UPDATED,"{'CASH': -252591185, 'JPM': 2739}"
2019-06-28 14:39:00.000000000,HOLDINGS_UPDATED,"{'CASH': -251674355, 'JPM': 2730}"
2019-06-28 14:39:00.000000000,HOLDINGS_UPDATED,"{'CASH': -250859395, 'JPM': 2722}"
2019-06-28 14:39:00.000000000,HOLDINGS_UPDATED,"{'CASH': -250553785, 'JPM': 2719}"
2019-06-28 14:39:10.000000000,BID_DEPTH,"[(101271, 100), (101265, 100), (101207, 100), (101028, 200), (100700, 100)]"
2019-06-28 14:39:10.000000000,ASK_DEPTH,"[(102067, 100), (102411, 100), (102479, 100), (102893, 100)]"
2019-06-28 14:39:10.000000000,IMBALANCE,"[600, 400]"
2019-06-28 14:39:20.000000000,BID_DEPTH,"[(101378, 100), (101271, 100), (101265, 100), (101207, 100), (101028, 200)]"
2019-06-28 14:39:20.000000000,ASK_DEPTH,"[(102067, 100), (102411, 100), (102479, 100), (102893, 100)]"
2019-06-28 14:39:20.000000000,IMBALANCE,"[600, 400]"
2019-06-28 14:39:30.000000000,BID_DEPTH,"[(101271, 100), (101265, 100), (101207, 100), (101028, 200), (100700, 100)]"
2019-06-28 14:39:30.000000000,ASK_DEPTH,"[(102067, 100), (102411, 100), (102479, 100), (102893, 100)]"
2019-06-28 14:39:30.000000000,IMBALANCE,"[600, 400]"
2019-06-28 14:39:40.000000000,BID_DEPTH,"[(101271, 100), (101265, 100), (101207, 100), (101028, 200), (100700, 100)]"
2019-06-28 14:39:40.000000000,ASK_DEPTH,"[(102067, 100), (102411, 100), (102479, 100), (102893, 100)]"
2019-06-28 14:39:40.000000000,IMBALANCE,"[600, 400]"
2019-06-28 14:39:50.000000000,BID_DEPTH,"[(101271, 100), (101265, 100), (101207, 100), (101028, 200), (100700, 100)]"
2019-06-28 14:39:50.000000000,ASK_DEPTH,"[(102067, 100), (102411, 100), (102479, 100), (102893, 100)]"
2019-06-28 14:39:50.000000000,IMBALANCE,"[600, 400]"
2019-06-28 14:40:00.000000000,BID_DEPTH,"[(101827, 100), (101271, 100), (101265, 100), (101207, 100), (101028, 200)]"
2019-06-28 14:40:00.000000000,ASK_DEPTH,"[(102067, 100), (102092, 100), (102411, 100), (102479, 100), (102893, 100)]"
2019-06-28 14:40:00.000000000,IMBALANCE,"[600, 500]"
2019-06-28 14:40:00.000000000,HOLDINGS_UPDATED,"{'CASH': -249839316, 'JPM': 2712}"
2019-06-28 14:40:00.000000000,HOLDINGS_UPDATED,"{'CASH': -248920713, 'JPM': 2703}"
2019-06-28 14:40:00.000000000,HOLDINGS_UPDATED,"{'CASH': -248104177, 'JPM': 2695}"
2019-06-28 14:40:00.000000000,HOLDINGS_UPDATED,"{'CASH': -247797976, 'JPM': 2692}"
2019-06-28 14:40:10.000000000,BID_DEPTH,"[(101827, 100), (101271, 100), (101265, 100), (101207, 100), (101028, 200)]"
2019-06-28 14:40:10.000000000,ASK_DEPTH,"[(101884, 100), (102067, 3), (102092, 100), (102411, 100), (102479, 100)]"
2019-06-28 14:40:10.000000000,IMBALANCE,"[600, 403]"
2019-06-28 14:40:20.000000000,BID_DEPTH,"[(101827, 100), (101271, 100), (101265, 100), (101207, 100), (101028, 200)]"
2019-06-28 14:40:20.000000000,ASK_DEPTH,"[(101884, 100), (102067, 3), (102092, 100), (102411, 100), (102479, 100)]"
2019-06-28 14:40:20.000000000,IMBALANCE,"[600, 403]"
2019-06-28 14:40:30.000000000,BID_DEPTH,"[(101827, 100), (101271, 100), (101265, 100), (101207, 100), (101028, 200)]"
2019-06-28 14:40:30.000000000,ASK_DEPTH,"[(101884, 100), (102067, 3), (102092, 100), (102411, 100), (102479, 100)]"
2019-06-28 14:40:30.000000000,IMBALANCE,"[600, 403]"
2019-06-28 14:40:40.000000000,BID_DEPTH,"[(101827, 100), (101271, 100), (101265, 100), (101207, 100), (101028, 200)]"
2019-06-28 14:40:40.000000000,ASK_DEPTH,"[(101884, 100), (102067, 3), (102092, 100), (102411, 100), (102479, 100)]"
2019-06-28 14:40:40.000000000,IMBALANCE,"[600, 403]"
2019-06-28 14:40:50.000000000,BID_DEPTH,"[(101827, 100), (101271, 100), (101265, 100), (101207, 100), (101028, 200)]"
2019-06-28 14:40:50.000000000,ASK_DEPTH,"[(101884, 100), (102067, 3), (102092, 100), (102411, 100), (102479, 100)]"
2019-06-28 14:40:50.000000000,IMBALANCE,"[600, 403]"
2019-06-28 14:41:00.000000000,BID_DEPTH,"[(101827, 100), (101271, 100), (101265, 100), (101207, 100), (101028, 200)]"
2019-06-28 14:41:00.000000000,ASK_DEPTH,"[(101884, 100), (101990, 100), (102067, 3), (102411, 100), (102479, 100)]"
2019-06-28 14:41:00.000000000,IMBALANCE,"[600, 403]"
2019-06-28 14:41:00.000000000,HOLDINGS_UPDATED,"{'CASH': -247084788, 'JPM': 2685}"
2019-06-28 14:41:00.000000000,HOLDINGS_UPDATED,"{'CASH': -246167832, 'JPM': 2676}"
2019-06-28 14:41:00.000000000,HOLDINGS_UPDATED,"{'CASH': -245352760, 'JPM': 2668}"
2019-06-28 14:41:00.000000000,HOLDINGS_UPDATED,"{'CASH': -245047108, 'JPM': 2665}"
2019-06-28 14:41:10.000000000,BID_DEPTH,"[(101827, 100), (101271, 100), (101265, 100), (101207, 100), (101028, 200)]"
2019-06-28 14:41:10.000000000,ASK_DEPTH,"[(101990, 100), (102067, 3), (102411, 100), (102479, 100)]"
2019-06-28 14:41:10.000000000,IMBALANCE,"[600, 303]"
2019-06-28 14:41:20.000000000,BID_DEPTH,"[(101827, 100), (101271, 100), (101265, 100), (101207, 100), (101028, 200)]"
2019-06-28 14:41:20.000000000,ASK_DEPTH,"[(101990, 100), (102067, 3), (102411, 100), (102479, 100)]"
2019-06-28 14:41:20.000000000,IMBALANCE,"[600, 303]"
2019-06-28 14:41:30.000000000,BID_DEPTH,"[(101271, 100), (101265, 100), (101207, 100), (101028, 200), (100700, 100)]"
2019-06-28 14:41:30.000000000,ASK_DEPTH,"[(101884, 100), (101990, 100), (102067, 3), (102411, 100), (102479, 100)]"
2019-06-28 14:41:30.000000000,IMBALANCE,"[600, 403]"
2019-06-28 14:41:40.000000000,BID_DEPTH,"[(101271, 100), (101265, 100), (101207, 100), (101028, 200), (100700, 100)]"
2019-06-28 14:41:40.000000000,ASK_DEPTH,"[(101404, 100), (101884, 100), (101990, 100), (102067, 3), (102411, 100)]"
2019-06-28 14:41:40.000000000,IMBALANCE,"[600, 403]"
2019-06-28 14:41:50.000000000,BID_DEPTH,"[(101271, 100), (101265, 100), (101207, 100), (101028, 200), (100700, 100)]"
2019-06-28 14:41:50.000000000,ASK_DEPTH,"[(101404, 100), (101884, 100), (101990, 100), (102067, 3), (102411, 100)]"
2019-06-28 14:41:50.000000000,IMBALANCE,"[600, 403]"
2019-06-28 14:42:00.000000000,BID_DEPTH,"[(101271, 100), (101265, 100), (101207, 100), (101028, 200), (100700, 100)]"
2019-06-28 14:42:00.000000000,ASK_DEPTH,"[(101404, 100), (101884, 100), (101990, 100), (102067, 3), (102411, 100)]"
2019-06-28 14:42:00.000000000,IMBALANCE,"[600, 403]"
2019-06-28 14:42:00.000000000,HOLDINGS_UPDATED,"{'CASH': -244337280, 'JPM': 2658}"
2019-06-28 14:42:00.000000000,HOLDINGS_UPDATED,"{'CASH': -243424644, 'JPM': 2649}"
2019-06-28 14:42:00.000000000,HOLDINGS_UPDATED,"{'CASH': -242613412, 'JPM': 2641}"
2019-06-28 14:42:00.000000000,HOLDINGS_UPDATED,"{'CASH': -242309200, 'JPM': 2638}"
2019-06-28 14:42:10.000000000,BID_DEPTH,"[(101271, 100), (101265, 100), (101259, 100), (101207, 100), (101028, 200)]"
2019-06-28 14:42:10.000000000,ASK_DEPTH,"[(101884, 100), (101990, 100), (102067, 3), (102411, 100), (102479, 100)]"
2019-06-28 14:42:10.000000000,IMBALANCE,"[600, 403]"
2019-06-28 14:42:20.000000000,BID_DEPTH,"[(101271, 100), (101265, 100), (101259, 100), (101207, 100), (101028, 200)]"
2019-06-28 14:42:20.000000000,ASK_DEPTH,"[(101884, 100), (101990, 100), (102067, 3), (102411, 100), (102479, 100)]"
2019-06-28 14:42:20.000000000,IMBALANCE,"[600, 403]"
2019-06-28 14:42:30.000000000,BID_DEPTH,"[(101271, 100), (101265, 100), (101259, 100), (101207, 100), (101028, 200)]"
2019-06-28 14:42:30.000000000,ASK_DEPTH,"[(101884, 100), (101990, 100), (102067, 3), (102411, 100), (102479, 100)]"
2019-06-28 14:42:30.000000000,IMBALANCE,"[600, 403]"
2019-06-28 14:42:40.000000000,BID_DEPTH,"[(101489, 100), (101271, 100), (101265, 100), (101259, 100), (101207, 100)]"
2019-06-28 14:42:40.000000000,ASK_DEPTH,"[(101884, 100), (101990, 100), (102067, 3), (102411, 100), (102479, 100)]"
2019-06-28 14:42:40.000000000,IMBALANCE,"[500, 403]"
2019-06-28 14:42:50.000000000,BID_DEPTH,"[(101489, 100), (101271, 100), (101265, 100), (101259, 100), (101207, 100)]"
2019-06-28 14:42:50.000000000,ASK_DEPTH,"[(101884, 100), (101990, 100), (102067, 3), (102411, 100), (102479, 100)]"
2019-06-28 14:42:50.000000000,IMBALANCE,"[500, 403]"
2019-06-28 14:43:00.000000000,BID_DEPTH,"[(101489, 100), (101271, 100), (101265, 100), (101259, 100), (101207, 100)]"
2019-06-28 14:43:00.000000000,ASK_DEPTH,"[(101884, 100), (101990, 100), (102067, 3), (102411, 100), (102479, 100)]"
2019-06-28 14:43:00.000000000,IMBALANCE,"[500, 403]"
2019-06-28 14:43:00.000000000,HOLDINGS_UPDATED,"{'CASH': -241596012, 'JPM': 2631}"
2019-06-28 14:43:00.000000000,HOLDINGS_UPDATED,"{'CASH': -240679056, 'JPM': 2622}"
2019-06-28 14:43:00.000000000,HOLDINGS_UPDATED,"{'CASH': -239863984, 'JPM': 2614}"
2019-06-28 14:43:00.000000000,HOLDINGS_UPDATED,"{'CASH': -239558332, 'JPM': 2611}"
2019-06-28 14:43:10.000000000,BID_DEPTH,"[(101489, 100), (101271, 100), (101265, 100), (101259, 100), (101207, 100)]"
2019-06-28 14:43:10.000000000,ASK_DEPTH,"[(101990, 100), (102067, 3), (102411, 100), (102479, 100)]"
2019-06-28 14:43:10.000000000,IMBALANCE,"[500, 303]"
2019-06-28 14:43:20.000000000,BID_DEPTH,"[(101265, 100), (101259, 100), (101207, 100), (101028, 200), (100887, 100)]"
2019-06-28 14:43:20.000000000,ASK_DEPTH,"[(101990, 100), (102067, 3), (102411, 100), (102479, 100)]"
2019-06-28 14:43:20.000000000,IMBALANCE,"[600, 303]"
2019-06-28 14:43:30.000000000,BID_DEPTH,"[(101265, 100), (101259, 100), (101207, 100), (101028, 200), (100887, 100)]"
2019-06-28 14:43:30.000000000,ASK_DEPTH,"[(101884, 100), (101990, 100), (102067, 3), (102411, 100), (102479, 100)]"
2019-06-28 14:43:30.000000000,IMBALANCE,"[600, 403]"
2019-06-28 14:43:40.000000000,BID_DEPTH,"[(101265, 100), (101259, 100), (101207, 100), (101028, 200), (100887, 100)]"
2019-06-28 14:43:40.000000000,ASK_DEPTH,"[(101884, 100), (101990, 100), (102067, 3), (102411, 100), (102479, 100)]"
2019-06-28 14:43:40.000000000,IMBALANCE,"[600, 403]"
2019-06-28 14:43:50.000000000,BID_DEPTH,"[(101265, 100), (101259, 100), (101207, 100), (101028, 200), (100887, 100)]"
2019-06-28 14:43:50.000000000,ASK_DEPTH,"[(101315, 100), (101884, 100), (101990, 100), (102067, 3), (102411, 100)]"
2019-06-28 14:43:50.000000000,IMBALANCE,"[600, 403]"
2019-06-28 14:44:00.000000000,BID_DEPTH,"[(101265, 100), (101259, 100), (101207, 100), (101155, 100), (101028, 200)]"
2019-06-28 14:44:00.000000000,ASK_DEPTH,"[(101315, 100), (101884, 100), (101990, 100), (102067, 3), (102411, 100)]"
2019-06-28 14:44:00.000000000,IMBALANCE,"[600, 403]"
2019-06-28 14:44:00.000000000,HOLDINGS_UPDATED,"{'CASH': -238849127, 'JPM': 2604}"
2019-06-28 14:44:00.000000000,HOLDINGS_UPDATED,"{'CASH': -237937292, 'JPM': 2595}"
2019-06-28 14:44:00.000000000,HOLDINGS_UPDATED,"{'CASH': -237126772, 'JPM': 2587}"
2019-06-28 14:44:00.000000000,HOLDINGS_UPDATED,"{'CASH': -236822827, 'JPM': 2584}"
2019-06-28 14:44:10.000000000,BID_DEPTH,"[(101265, 100), (101259, 100), (101207, 100), (101155, 100), (101095, 100)]"
2019-06-28 14:44:10.000000000,ASK_DEPTH,"[(101884, 100), (101990, 100), (102067, 3), (102411, 100)]"
2019-06-28 14:44:10.000000000,IMBALANCE,"[500, 303]"
2019-06-28 14:44:20.000000000,BID_DEPTH,"[(101265, 100), (101259, 100), (101207, 100), (101155, 100), (101095, 100)]"
2019-06-28 14:44:20.000000000,ASK_DEPTH,"[(101884, 100), (101990, 100), (102067, 3), (102411, 100)]"
2019-06-28 14:44:20.000000000,IMBALANCE,"[500, 303]"
2019-06-28 14:44:28.360142501,HOLDINGS_UPDATED,"{'CASH': -246949327, 'JPM': 2684}"
2019-06-28 14:44:30.000000000,BID_DEPTH,"[(101259, 100), (101207, 100), (101155, 100), (101095, 100), (101028, 200)]"
2019-06-28 14:44:30.000000000,ASK_DEPTH,"[(101884, 100), (101990, 100), (102067, 3), (102411, 100)]"
2019-06-28 14:44:30.000000000,IMBALANCE,"[600, 303]"
2019-06-28 14:44:40.000000000,BID_DEPTH,"[(101259, 100), (101207, 100), (101155, 100), (101095, 100), (101028, 200)]"
2019-06-28 14:44:40.000000000,ASK_DEPTH,"[(101884, 100), (101990, 100), (102067, 3), (102411, 100)]"
2019-06-28 14:44:40.000000000,IMBALANCE,"[600, 303]"
2019-06-28 14:44:50.000000000,BID_DEPTH,"[(101259, 100), (101207, 100), (101155, 100), (101095, 100), (101028, 200)]"
2019-06-28 14:44:50.000000000,ASK_DEPTH,"[(101884, 100), (101990, 100), (102067, 3), (102411, 100)]"
2019-06-28 14:44:50.000000000,IMBALANCE,"[600, 303]"
2019-06-28 14:45:00.000000000,BID_DEPTH,"[(101259, 100), (101207, 100), (101155, 100), (101095, 100), (101028, 200)]"
2019-06-28 14:45:00.000000000,ASK_DEPTH,"[(101884, 100), (101990, 100), (102067, 3), (102411, 100)]"
2019-06-28 14:45:00.000000000,IMBALANCE,"[600, 303]"
2019-06-28 14:45:00.000000000,HOLDINGS_UPDATED,"{'CASH': -246236139, 'JPM': 2677}"
2019-06-28 14:45:00.000000000,HOLDINGS_UPDATED,"{'CASH': -245319183, 'JPM': 2668}"
2019-06-28 14:45:00.000000000,HOLDINGS_UPDATED,"{'CASH': -244504111, 'JPM': 2660}"
2019-06-28 14:45:00.000000000,HOLDINGS_UPDATED,"{'CASH': -244198459, 'JPM': 2657}"
2019-06-28 14:45:10.000000000,BID_DEPTH,"[(101207, 100), (101155, 100), (101095, 100), (101028, 200), (100887, 100)]"
2019-06-28 14:45:10.000000000,ASK_DEPTH,"[(101990, 100), (102067, 3), (102411, 100)]"
2019-06-28 14:45:10.000000000,IMBALANCE,"[600, 203]"
2019-06-28 14:45:20.000000000,BID_DEPTH,"[(101207, 100), (101155, 100), (101095, 100), (101028, 200), (100887, 100)]"
2019-06-28 14:45:20.000000000,ASK_DEPTH,"[(101884, 100), (101990, 100), (102067, 3), (102411, 100)]"
2019-06-28 14:45:20.000000000,IMBALANCE,"[600, 303]"
2019-06-28 14:45:30.000000000,BID_DEPTH,"[(101207, 100), (101155, 100), (101095, 100), (101028, 200), (100887, 100)]"
2019-06-28 14:45:30.000000000,ASK_DEPTH,"[(101884, 100), (101990, 100), (102067, 3), (102411, 100)]"
2019-06-28 14:45:30.000000000,IMBALANCE,"[600, 303]"
2019-06-28 14:45:40.000000000,BID_DEPTH,"[(101207, 100), (101155, 100), (101095, 100), (101028, 200), (100887, 100)]"
2019-06-28 14:45:40.000000000,ASK_DEPTH,"[(101884, 200), (101990, 100), (102067, 3), (102411, 100)]"
2019-06-28 14:45:40.000000000,IMBALANCE,"[600, 403]"
2019-06-28 14:45:50.000000000,BID_DEPTH,"[(101207, 100), (101155, 100), (101095, 100), (101028, 200), (100887, 100)]"
2019-06-28 14:45:50.000000000,ASK_DEPTH,"[(101884, 200), (101990, 100), (102067, 3), (102411, 100)]"
2019-06-28 14:45:50.000000000,IMBALANCE,"[600, 403]"
2019-06-28 14:46:00.000000000,BID_DEPTH,"[(101207, 100), (101155, 100), (101095, 100), (101028, 200), (100887, 100)]"
2019-06-28 14:46:00.000000000,ASK_DEPTH,"[(101884, 200), (101990, 100), (102067, 3), (102411, 100)]"
2019-06-28 14:46:00.000000000,IMBALANCE,"[600, 403]"
2019-06-28 14:46:10.000000000,BID_DEPTH,"[(101155, 100), (101095, 100), (101028, 200), (100887, 100), (100723, 100)]"
2019-06-28 14:46:10.000000000,ASK_DEPTH,"[(101884, 73), (101990, 100), (102067, 3), (102411, 100)]"
2019-06-28 14:46:10.000000000,IMBALANCE,"[600, 276]"
2019-06-28 14:46:20.000000000,BID_DEPTH,"[(101155, 100), (101095, 100), (101028, 200), (100887, 100), (100723, 100)]"
2019-06-28 14:46:20.000000000,ASK_DEPTH,"[(101884, 73), (101990, 100), (102067, 3), (102411, 100)]"
2019-06-28 14:46:20.000000000,IMBALANCE,"[600, 276]"
2019-06-28 14:46:30.000000000,BID_DEPTH,"[(101155, 100), (101095, 100), (101028, 200), (100887, 100), (100723, 100)]"
2019-06-28 14:46:30.000000000,ASK_DEPTH,"[(101884, 73), (101990, 100), (102067, 3), (102411, 100)]"
2019-06-28 14:46:30.000000000,IMBALANCE,"[600, 276]"
2019-06-28 14:46:40.000000000,BID_DEPTH,"[(101155, 100), (101095, 100), (101028, 200), (100887, 100), (100723, 100)]"
2019-06-28 14:46:40.000000000,ASK_DEPTH,"[(101884, 73), (101990, 100), (102067, 3), (102411, 100)]"
2019-06-28 14:46:40.000000000,IMBALANCE,"[600, 276]"
2019-06-28 14:46:50.000000000,BID_DEPTH,"[(101155, 100), (101095, 100), (101028, 200), (100887, 100), (100723, 100)]"
2019-06-28 14:46:50.000000000,ASK_DEPTH,"[(101884, 73), (101990, 100), (102067, 3), (102411, 100)]"
2019-06-28 14:46:50.000000000,IMBALANCE,"[600, 276]"
2019-06-28 14:47:00.000000000,BID_DEPTH,"[(101095, 100), (101028, 200), (100887, 100), (100723, 100), (100654, 100)]"
2019-06-28 14:47:00.000000000,ASK_DEPTH,"[(101884, 73), (101990, 100), (102067, 3), (102411, 100)]"
2019-06-28 14:47:00.000000000,IMBALANCE,"[600, 276]"
2019-06-28 14:47:00.000000000,HOLDINGS_UPDATED,"{'CASH': -243994691, 'JPM': 2655}"
2019-06-28 14:47:00.000000000,HOLDINGS_UPDATED,"{'CASH': -243179619, 'JPM': 2647}"
2019-06-28 14:47:00.000000000,HOLDINGS_UPDATED,"{'CASH': -242772083, 'JPM': 2643}"
2019-06-28 14:47:00.000000000,HOLDINGS_UPDATED,"{'CASH': -242262663, 'JPM': 2638}"
2019-06-28 14:47:00.000000000,HOLDINGS_UPDATED,"{'CASH': -241549475, 'JPM': 2631}"
2019-06-28 14:47:00.000000000,HOLDINGS_UPDATED,"{'CASH': -240734403, 'JPM': 2623}"
2019-06-28 14:47:00.000000000,HOLDINGS_UPDATED,"{'CASH': -239817447, 'JPM': 2614}"
2019-06-28 14:47:00.000000000,HOLDINGS_UPDATED,"{'CASH': -239002375, 'JPM': 2606}"
2019-06-28 14:47:00.000000000,HOLDINGS_UPDATED,"{'CASH': -238696723, 'JPM': 2603}"
2019-06-28 14:47:10.000000000,BID_DEPTH,"[(101095, 100), (101028, 200), (100887, 100), (100723, 100), (100654, 100)]"
2019-06-28 14:47:10.000000000,ASK_DEPTH,"[(101990, 100), (102067, 3), (102411, 100)]"
2019-06-28 14:47:10.000000000,IMBALANCE,"[600, 203]"
2019-06-28 14:47:20.000000000,BID_DEPTH,"[(101095, 100), (101028, 200), (100887, 100), (100723, 100), (100654, 100)]"
2019-06-28 14:47:20.000000000,ASK_DEPTH,"[(101990, 100), (102067, 3), (102411, 100)]"
2019-06-28 14:47:20.000000000,IMBALANCE,"[600, 203]"
2019-06-28 14:47:30.000000000,BID_DEPTH,"[(101095, 100), (101028, 200), (100887, 100), (100723, 100), (100654, 100)]"
2019-06-28 14:47:30.000000000,ASK_DEPTH,"[(101990, 100), (102067, 3), (102411, 100)]"
2019-06-28 14:47:30.000000000,IMBALANCE,"[600, 203]"
2019-06-28 14:47:40.000000000,BID_DEPTH,"[(101095, 100), (101028, 200), (100887, 100), (100759, 100), (100723, 100)]"
2019-06-28 14:47:40.000000000,ASK_DEPTH,"[(101990, 100), (102067, 3), (102411, 100)]"
2019-06-28 14:47:40.000000000,IMBALANCE,"[600, 203]"
2019-06-28 14:47:50.000000000,BID_DEPTH,"[(101095, 100), (101028, 200), (100887, 100), (100759, 100), (100723, 100)]"
2019-06-28 14:47:50.000000000,ASK_DEPTH,"[(101990, 100), (102067, 3), (102411, 100)]"
2019-06-28 14:47:50.000000000,IMBALANCE,"[600, 203]"
2019-06-28 14:48:00.000000000,BID_DEPTH,"[(101095, 100), (101028, 200), (100887, 100), (100759, 100), (100723, 100)]"
2019-06-28 14:48:00.000000000,ASK_DEPTH,"[(101990, 100), (102067, 3), (102411, 100)]"
2019-06-28 14:48:00.000000000,IMBALANCE,"[600, 203]"
2019-06-28 14:48:00.000000000,HOLDINGS_UPDATED,"{'CASH': -237982793, 'JPM': 2596}"
2019-06-28 14:48:00.000000000,HOLDINGS_UPDATED,"{'CASH': -237064883, 'JPM': 2587}"
2019-06-28 14:48:00.000000000,HOLDINGS_UPDATED,"{'CASH': -236248963, 'JPM': 2579}"
2019-06-28 14:48:00.000000000,HOLDINGS_UPDATED,"{'CASH': -235942993, 'JPM': 2576}"
2019-06-28 14:48:10.000000000,BID_DEPTH,"[(101095, 100), (101028, 200), (100887, 100), (100759, 100), (100723, 100)]"
2019-06-28 14:48:10.000000000,ASK_DEPTH,"[(102067, 3), (102411, 100)]"
2019-06-28 14:48:10.000000000,IMBALANCE,"[600, 103]"
2019-06-28 14:48:20.000000000,BID_DEPTH,"[(101028, 200), (100887, 100), (100759, 100), (100723, 100), (100654, 100)]"
2019-06-28 14:48:20.000000000,ASK_DEPTH,"[(102067, 3), (102411, 100)]"
2019-06-28 14:48:20.000000000,IMBALANCE,"[600, 103]"
2019-06-28 14:48:30.000000000,BID_DEPTH,"[(101028, 200), (100887, 100), (100759, 100), (100723, 100), (100654, 100)]"
2019-06-28 14:48:30.000000000,ASK_DEPTH,"[(102067, 3), (102411, 100)]"
2019-06-28 14:48:30.000000000,IMBALANCE,"[600, 103]"
2019-06-28 14:48:40.000000000,BID_DEPTH,"[(101028, 200), (100887, 100), (100759, 100), (100723, 100), (100654, 100)]"
2019-06-28 14:48:40.000000000,ASK_DEPTH,"[(102067, 3), (102411, 100)]"
2019-06-28 14:48:40.000000000,IMBALANCE,"[600, 103]"
2019-06-28 14:48:50.000000000,BID_DEPTH,"[(101028, 200), (100887, 100), (100759, 100), (100723, 100), (100654, 100)]"
2019-06-28 14:48:50.000000000,ASK_DEPTH,"[(101990, 100), (102067, 3), (102411, 100)]"
2019-06-28 14:48:50.000000000,IMBALANCE,"[600, 203]"
2019-06-28 14:49:00.000000000,BID_DEPTH,"[(101028, 200), (100887, 100), (100759, 100), (100723, 100), (100654, 100)]"
2019-06-28 14:49:00.000000000,ASK_DEPTH,"[(101990, 100), (102067, 3), (102411, 100)]"
2019-06-28 14:49:00.000000000,IMBALANCE,"[600, 203]"
2019-06-28 14:49:00.000000000,HOLDINGS_UPDATED,"{'CASH': -235229063, 'JPM': 2569}"
2019-06-28 14:49:00.000000000,HOLDINGS_UPDATED,"{'CASH': -234311153, 'JPM': 2560}"
2019-06-28 14:49:00.000000000,HOLDINGS_UPDATED,"{'CASH': -233495233, 'JPM': 2552}"
2019-06-28 14:49:00.000000000,HOLDINGS_UPDATED,"{'CASH': -233189263, 'JPM': 2549}"
2019-06-28 14:49:10.000000000,BID_DEPTH,"[(101028, 100), (100887, 100), (100759, 100), (100723, 100), (100654, 100)]"
2019-06-28 14:49:10.000000000,ASK_DEPTH,"[(102067, 3), (102411, 100)]"
2019-06-28 14:49:10.000000000,IMBALANCE,"[500, 103]"
2019-06-28 14:49:13.154119908,HOLDINGS_UPDATED,"{'CASH': -243292063, 'JPM': 2649}"
2019-06-28 14:49:20.000000000,BID_DEPTH,"[(100887, 100), (100759, 100), (100723, 100), (100654, 100), (100538, 100)]"
2019-06-28 14:49:20.000000000,ASK_DEPTH,"[(102067, 3), (102411, 100)]"
2019-06-28 14:49:20.000000000,IMBALANCE,"[500, 103]"
2019-06-28 14:49:30.000000000,BID_DEPTH,"[(100887, 100), (100759, 100), (100723, 100), (100654, 100), (100538, 100)]"
2019-06-28 14:49:30.000000000,ASK_DEPTH,"[(102067, 3), (102411, 100)]"
2019-06-28 14:49:30.000000000,IMBALANCE,"[500, 103]"
2019-06-28 14:49:40.000000000,BID_DEPTH,"[(100887, 100), (100759, 100), (100723, 100), (100654, 100), (100538, 100)]"
2019-06-28 14:49:40.000000000,ASK_DEPTH,"[(102067, 3), (102411, 100)]"
2019-06-28 14:49:40.000000000,IMBALANCE,"[500, 103]"
2019-06-28 14:49:50.000000000,BID_DEPTH,"[(100887, 100), (100759, 100), (100723, 100), (100654, 100), (100538, 100)]"
2019-06-28 14:49:50.000000000,ASK_DEPTH,"[(102067, 3), (102411, 100)]"
2019-06-28 14:49:50.000000000,IMBALANCE,"[500, 103]"
2019-06-28 14:50:00.000000000,BID_DEPTH,"[(100887, 100), (100759, 100), (100723, 100), (100654, 100), (100538, 100)]"
2019-06-28 14:50:00.000000000,ASK_DEPTH,"[(102067, 3), (102411, 100)]"
2019-06-28 14:50:00.000000000,IMBALANCE,"[500, 103]"
2019-06-28 14:50:00.000000000,HOLDINGS_UPDATED,"{'CASH': -242679661, 'JPM': 2643}"
2019-06-28 14:50:00.000000000,HOLDINGS_UPDATED,"{'CASH': -242169326, 'JPM': 2638}"
2019-06-28 14:50:00.000000000,HOLDINGS_UPDATED,"{'CASH': -241863125, 'JPM': 2635}"
2019-06-28 14:50:00.000000000,HOLDINGS_UPDATED,"{'CASH': -241046589, 'JPM': 2627}"
2019-06-28 14:50:00.000000000,HOLDINGS_UPDATED,"{'CASH': -240740388, 'JPM': 2624}"
2019-06-28 14:50:00.000000000,HOLDINGS_UPDATED,"{'CASH': -240127986, 'JPM': 2618}"
2019-06-28 14:50:00.000000000,HOLDINGS_UPDATED,"{'CASH': -239311450, 'JPM': 2610}"
2019-06-28 14:50:00.000000000,HOLDINGS_UPDATED,"{'CASH': -239209383, 'JPM': 2609}"
2019-06-28 14:50:00.000000000,HOLDINGS_UPDATED,"{'CASH': -239107316, 'JPM': 2608}"
2019-06-28 14:50:00.000000000,HOLDINGS_UPDATED,"{'CASH': -238596981, 'JPM': 2603}"
2019-06-28 14:50:00.000000000,HOLDINGS_UPDATED,"{'CASH': -238494914, 'JPM': 2602}"
2019-06-28 14:50:00.000000000,HOLDINGS_UPDATED,"{'CASH': -238290780, 'JPM': 2600}"
2019-06-28 14:50:00.000000000,HOLDINGS_UPDATED,"{'CASH': -237780445, 'JPM': 2595}"
2019-06-28 14:50:00.000000000,HOLDINGS_UPDATED,"{'CASH': -236861842, 'JPM': 2586}"
2019-06-28 14:50:00.000000000,HOLDINGS_UPDATED,"{'CASH': -235943239, 'JPM': 2577}"
2019-06-28 14:50:00.000000000,HOLDINGS_UPDATED,"{'CASH': -235126703, 'JPM': 2569}"
2019-06-28 14:50:00.000000000,HOLDINGS_UPDATED,"{'CASH': -234718435, 'JPM': 2565}"
2019-06-28 14:50:00.000000000,HOLDINGS_UPDATED,"{'CASH': -234208100, 'JPM': 2560}"
2019-06-28 14:50:00.000000000,HOLDINGS_UPDATED,"{'CASH': -233493631, 'JPM': 2553}"
2019-06-28 14:50:00.000000000,HOLDINGS_UPDATED,"{'CASH': -232677095, 'JPM': 2545}"
2019-06-28 14:50:00.000000000,HOLDINGS_UPDATED,"{'CASH': -232575028, 'JPM': 2544}"
2019-06-28 14:50:10.000000000,BID_DEPTH,"[(102067, 8), (100887, 100), (100759, 100), (100723, 100), (100654, 100)]"
2019-06-28 14:50:10.000000000,ASK_DEPTH,"[(102411, 92)]"
2019-06-28 14:50:10.000000000,IMBALANCE,"[408, 92]"
2019-06-28 14:50:20.000000000,BID_DEPTH,"[(102067, 8), (100887, 100), (100759, 100), (100723, 100), (100654, 100)]"
2019-06-28 14:50:20.000000000,ASK_DEPTH,"[(102411, 92)]"
2019-06-28 14:50:20.000000000,IMBALANCE,"[408, 92]"
2019-06-28 14:50:25.129672210,HOLDINGS_UPDATED,"{'CASH': -241148656, 'JPM': 2628}"
2019-06-28 14:50:30.000000000,BID_DEPTH,"[(100887, 100), (100759, 100), (100723, 100), (100654, 100), (100538, 100)]"
2019-06-28 14:50:30.000000000,ASK_DEPTH,"[(102067, 8), (102411, 92)]"
2019-06-28 14:50:30.000000000,IMBALANCE,"[500, 100]"
2019-06-28 14:50:40.000000000,BID_DEPTH,"[(100887, 100), (100759, 100), (100723, 100), (100654, 100), (100538, 100)]"
2019-06-28 14:50:40.000000000,ASK_DEPTH,"[(102067, 8), (102411, 92)]"
2019-06-28 14:50:40.000000000,IMBALANCE,"[500, 100]"
2019-06-28 14:50:50.000000000,BID_DEPTH,"[(100887, 100), (100759, 100), (100723, 100), (100678, 100), (100654, 100)]"
2019-06-28 14:50:50.000000000,ASK_DEPTH,"[(102067, 8), (102411, 92)]"
2019-06-28 14:50:50.000000000,IMBALANCE,"[500, 100]"
2019-06-28 14:51:00.000000000,BID_DEPTH,"[(100887, 100), (100759, 100), (100723, 100), (100678, 100), (100654, 100)]"
2019-06-28 14:51:00.000000000,ASK_DEPTH,"[(102067, 8), (102411, 92)]"
2019-06-28 14:51:00.000000000,IMBALANCE,"[500, 100]"
2019-06-28 14:51:00.000000000,HOLDINGS_UPDATED,"{'CASH': -241046589, 'JPM': 2627}"
2019-06-28 14:51:00.000000000,HOLDINGS_UPDATED,"{'CASH': -240536254, 'JPM': 2622}"
2019-06-28 14:51:00.000000000,HOLDINGS_UPDATED,"{'CASH': -240230053, 'JPM': 2619}"
2019-06-28 14:51:00.000000000,HOLDINGS_UPDATED,"{'CASH': -239413517, 'JPM': 2611}"
2019-06-28 14:51:00.000000000,HOLDINGS_UPDATED,"{'CASH': -239107316, 'JPM': 2608}"
2019-06-28 14:51:00.000000000,HOLDINGS_UPDATED,"{'CASH': -238494914, 'JPM': 2602}"
2019-06-28 14:51:00.000000000,HOLDINGS_UPDATED,"{'CASH': -237678378, 'JPM': 2594}"
2019-06-28 14:51:00.000000000,HOLDINGS_UPDATED,"{'CASH': -237576311, 'JPM': 2593}"
2019-06-28 14:51:00.000000000,HOLDINGS_UPDATED,"{'CASH': -237474244, 'JPM': 2592}"
2019-06-28 14:51:00.000000000,HOLDINGS_UPDATED,"{'CASH': -236963909, 'JPM': 2587}"
2019-06-28 14:51:00.000000000,HOLDINGS_UPDATED,"{'CASH': -236861842, 'JPM': 2586}"
2019-06-28 14:51:00.000000000,HOLDINGS_UPDATED,"{'CASH': -236657708, 'JPM': 2584}"
2019-06-28 14:51:00.000000000,HOLDINGS_UPDATED,"{'CASH': -236147373, 'JPM': 2579}"
2019-06-28 14:51:00.000000000,HOLDINGS_UPDATED,"{'CASH': -235228770, 'JPM': 2570}"
2019-06-28 14:51:00.000000000,HOLDINGS_UPDATED,"{'CASH': -234310167, 'JPM': 2561}"
2019-06-28 14:51:00.000000000,HOLDINGS_UPDATED,"{'CASH': -233493631, 'JPM': 2553}"
2019-06-28 14:51:00.000000000,HOLDINGS_UPDATED,"{'CASH': -233085363, 'JPM': 2549}"
2019-06-28 14:51:00.000000000,HOLDINGS_UPDATED,"{'CASH': -232575028, 'JPM': 2544}"
2019-06-28 14:51:00.000000000,HOLDINGS_UPDATED,"{'CASH': -231860559, 'JPM': 2537}"
2019-06-28 14:51:00.000000000,HOLDINGS_UPDATED,"{'CASH': -231044023, 'JPM': 2529}"
2019-06-28 14:51:00.000000000,HOLDINGS_UPDATED,"{'CASH': -230125420, 'JPM': 2520}"
2019-06-28 14:51:00.000000000,HOLDINGS_UPDATED,"{'CASH': -229308884, 'JPM': 2512}"
2019-06-28 14:51:00.000000000,HOLDINGS_UPDATED,"{'CASH': -229002683, 'JPM': 2509}"
2019-06-28 14:51:10.000000000,BID_DEPTH,"[(100759, 100), (100723, 100), (100678, 100), (100654, 100), (100538, 100)]"
2019-06-28 14:51:10.000000000,ASK_DEPTH,"[(102067, 100), (102411, 92)]"
2019-06-28 14:51:10.000000000,IMBALANCE,"[500, 192]"
2019-06-28 14:51:20.000000000,BID_DEPTH,"[(100759, 100), (100723, 100), (100678, 100), (100654, 100), (100538, 100)]"
2019-06-28 14:51:20.000000000,ASK_DEPTH,"[(102067, 100), (102411, 92)]"
2019-06-28 14:51:20.000000000,IMBALANCE,"[500, 192]"
2019-06-28 14:51:30.000000000,BID_DEPTH,"[(100759, 100), (100723, 100), (100678, 100), (100654, 100), (100538, 100)]"
2019-06-28 14:51:30.000000000,ASK_DEPTH,"[(102067, 100), (102411, 92)]"
2019-06-28 14:51:30.000000000,IMBALANCE,"[500, 192]"
2019-06-28 14:51:40.000000000,BID_DEPTH,"[(100723, 100), (100678, 100), (100654, 100), (100538, 100), (100387, 100)]"
2019-06-28 14:51:40.000000000,ASK_DEPTH,"[(102067, 100), (102411, 92)]"
2019-06-28 14:51:40.000000000,IMBALANCE,"[500, 192]"
2019-06-28 14:51:50.000000000,BID_DEPTH,"[(100678, 100), (100654, 100), (100538, 100), (100387, 100), (100382, 100)]"
2019-06-28 14:51:50.000000000,ASK_DEPTH,"[(102067, 100), (102411, 92)]"
2019-06-28 14:51:50.000000000,IMBALANCE,"[500, 192]"
2019-06-28 14:52:00.000000000,BID_DEPTH,"[(100678, 100), (100654, 100), (100538, 100), (100387, 100), (100382, 100)]"
2019-06-28 14:52:00.000000000,ASK_DEPTH,"[(102067, 100), (102411, 92)]"
2019-06-28 14:52:00.000000000,IMBALANCE,"[500, 192]"
2019-06-28 14:52:00.000000000,HOLDINGS_UPDATED,"{'CASH': -228288214, 'JPM': 2502}"
2019-06-28 14:52:00.000000000,HOLDINGS_UPDATED,"{'CASH': -227369611, 'JPM': 2493}"
2019-06-28 14:52:00.000000000,HOLDINGS_UPDATED,"{'CASH': -226553075, 'JPM': 2485}"
2019-06-28 14:52:00.000000000,HOLDINGS_UPDATED,"{'CASH': -226246874, 'JPM': 2482}"
2019-06-28 14:52:10.000000000,BID_DEPTH,"[(100678, 100), (100654, 100), (100538, 100), (100387, 100), (100382, 100)]"
2019-06-28 14:52:10.000000000,ASK_DEPTH,"[(102411, 92)]"
2019-06-28 14:52:10.000000000,IMBALANCE,"[500, 92]"
2019-06-28 14:52:20.000000000,BID_DEPTH,"[(100678, 100), (100654, 100), (100538, 100), (100387, 100), (100382, 100)]"
2019-06-28 14:52:20.000000000,ASK_DEPTH,"[(102411, 92)]"
2019-06-28 14:52:20.000000000,IMBALANCE,"[500, 92]"
2019-06-28 14:52:30.000000000,BID_DEPTH,"[(100678, 100), (100654, 100), (100538, 100), (100387, 100), (100382, 100)]"
2019-06-28 14:52:30.000000000,ASK_DEPTH,"[(102411, 92)]"
2019-06-28 14:52:30.000000000,IMBALANCE,"[500, 92]"
2019-06-28 14:52:40.000000000,BID_DEPTH,"[(100654, 100), (100538, 100), (100387, 100), (100382, 100), (100363, 100)]"
2019-06-28 14:52:40.000000000,ASK_DEPTH,"[(102067, 100), (102411, 92)]"
2019-06-28 14:52:40.000000000,IMBALANCE,"[500, 192]"
2019-06-28 14:52:50.000000000,BID_DEPTH,"[(100654, 100), (100538, 100), (100387, 100), (100382, 100), (100363, 100)]"
2019-06-28 14:52:50.000000000,ASK_DEPTH,"[(102067, 100), (102411, 92)]"
2019-06-28 14:52:50.000000000,IMBALANCE,"[500, 192]"
2019-06-28 14:53:00.000000000,BID_DEPTH,"[(100654, 100), (100538, 100), (100387, 100), (100382, 100), (100363, 100)]"
2019-06-28 14:53:00.000000000,ASK_DEPTH,"[(102067, 100), (102411, 92)]"
2019-06-28 14:53:00.000000000,IMBALANCE,"[500, 192]"
2019-06-28 14:53:00.000000000,HOLDINGS_UPDATED,"{'CASH': -225532405, 'JPM': 2475}"
2019-06-28 14:53:00.000000000,HOLDINGS_UPDATED,"{'CASH': -224613802, 'JPM': 2466}"
2019-06-28 14:53:00.000000000,HOLDINGS_UPDATED,"{'CASH': -223797266, 'JPM': 2458}"
2019-06-28 14:53:00.000000000,HOLDINGS_UPDATED,"{'CASH': -223491065, 'JPM': 2455}"
2019-06-28 14:53:10.000000000,BID_DEPTH,"[(100654, 100), (100538, 100), (100387, 100), (100382, 100), (100363, 100)]"
2019-06-28 14:53:10.000000000,ASK_DEPTH,"[(102411, 92)]"
2019-06-28 14:53:10.000000000,IMBALANCE,"[500, 92]"
2019-06-28 14:53:18.876309538,HOLDINGS_UPDATED,"{'CASH': -233556465, 'JPM': 2555}"
2019-06-28 14:53:20.000000000,BID_DEPTH,"[(100538, 100), (100387, 100), (100382, 100), (100363, 100), (100170, 100)]"
2019-06-28 14:53:20.000000000,ASK_DEPTH,"[(102411, 92)]"
2019-06-28 14:53:20.000000000,IMBALANCE,"[500, 92]"
2019-06-28 14:53:30.000000000,BID_DEPTH,"[(100538, 100), (100387, 100), (100382, 100), (100363, 100), (100170, 100)]"
2019-06-28 14:53:30.000000000,ASK_DEPTH,"[(100654, 200), (102411, 92)]"
2019-06-28 14:53:30.000000000,IMBALANCE,"[500, 292]"
2019-06-28 14:53:40.000000000,BID_DEPTH,"[(100538, 100), (100387, 100), (100382, 100), (100363, 100), (100170, 100)]"
2019-06-28 14:53:40.000000000,ASK_DEPTH,"[(100654, 200), (102411, 92)]"
2019-06-28 14:53:40.000000000,IMBALANCE,"[500, 292]"
2019-06-28 14:53:50.000000000,BID_DEPTH,"[(100538, 100), (100387, 100), (100382, 100), (100363, 100), (100170, 100)]"
2019-06-28 14:53:50.000000000,ASK_DEPTH,"[(100654, 200), (102411, 92)]"
2019-06-28 14:53:50.000000000,IMBALANCE,"[500, 292]"
2019-06-28 14:54:00.000000000,BID_DEPTH,"[(100538, 100), (100387, 100), (100382, 100), (100363, 100), (100170, 100)]"
2019-06-28 14:54:00.000000000,ASK_DEPTH,"[(100654, 200), (102411, 92)]"
2019-06-28 14:54:00.000000000,IMBALANCE,"[500, 292]"
2019-06-28 14:54:10.000000000,BID_DEPTH,"[(100538, 100), (100387, 100), (100382, 100), (100363, 100), (100170, 100)]"
2019-06-28 14:54:10.000000000,ASK_DEPTH,"[(100654, 73), (102411, 92)]"
2019-06-28 14:54:10.000000000,IMBALANCE,"[500, 165]"
2019-06-28 14:54:20.000000000,BID_DEPTH,"[(100538, 100), (100387, 100), (100382, 100), (100363, 100), (100170, 100)]"
2019-06-28 14:54:20.000000000,ASK_DEPTH,"[(100654, 73), (102411, 92)]"
2019-06-28 14:54:20.000000000,IMBALANCE,"[500, 165]"
2019-06-28 14:54:30.000000000,BID_DEPTH,"[(100387, 100), (100382, 100), (100170, 100), (99954, 100), (99859, 100)]"
2019-06-28 14:54:30.000000000,ASK_DEPTH,"[(100653, 100), (100654, 73), (102411, 92)]"
2019-06-28 14:54:30.000000000,IMBALANCE,"[500, 265]"
2019-06-28 14:54:40.000000000,BID_DEPTH,"[(100382, 100), (100170, 100), (99954, 100), (99859, 100), (99674, 100)]"
2019-06-28 14:54:40.000000000,ASK_DEPTH,"[(100653, 100), (100654, 73), (102411, 92)]"
2019-06-28 14:54:40.000000000,IMBALANCE,"[500, 265]"
2019-06-28 14:54:50.000000000,BID_DEPTH,"[(100382, 100), (100170, 100), (99954, 100), (99859, 100), (99674, 100)]"
2019-06-28 14:54:50.000000000,ASK_DEPTH,"[(100653, 100), (100654, 73), (102411, 92)]"
2019-06-28 14:54:50.000000000,IMBALANCE,"[500, 265]"
2019-06-28 14:55:00.000000000,BID_DEPTH,"[(100382, 100), (100170, 100), (99954, 100), (99859, 100), (99674, 100)]"
2019-06-28 14:55:00.000000000,ASK_DEPTH,"[(100653, 100), (100654, 73), (102411, 92)]"
2019-06-28 14:55:00.000000000,IMBALANCE,"[500, 265]"
2019-06-28 14:55:00.000000000,HOLDINGS_UPDATED,"{'CASH': -232851894, 'JPM': 2548}"
2019-06-28 14:55:00.000000000,HOLDINGS_UPDATED,"{'CASH': -231946017, 'JPM': 2539}"
2019-06-28 14:55:00.000000000,HOLDINGS_UPDATED,"{'CASH': -231140793, 'JPM': 2531}"
2019-06-28 14:55:00.000000000,HOLDINGS_UPDATED,"{'CASH': -230838834, 'JPM': 2528}"
2019-06-28 14:55:10.000000000,BID_DEPTH,"[(100382, 100), (100170, 100), (99954, 100), (99859, 100), (99674, 100)]"
2019-06-28 14:55:10.000000000,ASK_DEPTH,"[(100654, 73), (102411, 92)]"
2019-06-28 14:55:10.000000000,IMBALANCE,"[500, 165]"
2019-06-28 14:55:20.000000000,BID_DEPTH,"[(100382, 100), (100170, 100), (99954, 100), (99859, 100), (99674, 100)]"
2019-06-28 14:55:20.000000000,ASK_DEPTH,"[(100654, 73), (102411, 92)]"
2019-06-28 14:55:20.000000000,IMBALANCE,"[500, 165]"
2019-06-28 14:55:30.000000000,BID_DEPTH,"[(100382, 100), (100170, 100), (99859, 100), (99674, 100), (99632, 100)]"
2019-06-28 14:55:30.000000000,ASK_DEPTH,"[(100654, 73), (102411, 92)]"
2019-06-28 14:55:30.000000000,IMBALANCE,"[500, 165]"
2019-06-28 14:55:40.000000000,BID_DEPTH,"[(100382, 100), (100170, 100), (99859, 100), (99674, 100), (99632, 100)]"
2019-06-28 14:55:40.000000000,ASK_DEPTH,"[(100654, 73), (102411, 92)]"
2019-06-28 14:55:40.000000000,IMBALANCE,"[500, 165]"
2019-06-28 14:55:50.000000000,BID_DEPTH,"[(100382, 100), (100170, 100), (100128, 100), (99989, 100), (99859, 100)]"
2019-06-28 14:55:50.000000000,ASK_DEPTH,"[(100654, 73), (102411, 92)]"
2019-06-28 14:55:50.000000000,IMBALANCE,"[500, 165]"
2019-06-28 14:56:00.000000000,BID_DEPTH,"[(100382, 100), (100250, 100), (100170, 100), (100128, 100), (99989, 100)]"
2019-06-28 14:56:00.000000000,ASK_DEPTH,"[(100653, 100), (100654, 73), (102411, 92)]"
2019-06-28 14:56:00.000000000,IMBALANCE,"[500, 265]"
2019-06-28 14:56:00.000000000,HOLDINGS_UPDATED,"{'CASH': -230134263, 'JPM': 2521}"
2019-06-28 14:56:00.000000000,HOLDINGS_UPDATED,"{'CASH': -229228386, 'JPM': 2512}"
2019-06-28 14:56:00.000000000,HOLDINGS_UPDATED,"{'CASH': -228423162, 'JPM': 2504}"
2019-06-28 14:56:00.000000000,HOLDINGS_UPDATED,"{'CASH': -228121203, 'JPM': 2501}"
2019-06-28 14:56:10.000000000,BID_DEPTH,"[(100382, 100), (100250, 100), (100170, 100), (100128, 100), (99989, 100)]"
2019-06-28 14:56:10.000000000,ASK_DEPTH,"[(100654, 73), (102411, 92)]"
2019-06-28 14:56:10.000000000,IMBALANCE,"[500, 165]"
2019-06-28 14:56:20.000000000,BID_DEPTH,"[(100382, 100), (100250, 100), (100170, 100), (100128, 100), (99989, 100)]"
2019-06-28 14:56:20.000000000,ASK_DEPTH,"[(100654, 73), (102411, 92)]"
2019-06-28 14:56:20.000000000,IMBALANCE,"[500, 165]"
2019-06-28 14:56:30.000000000,BID_DEPTH,"[(100250, 100), (100170, 100), (100128, 100), (99989, 100), (99859, 100)]"
2019-06-28 14:56:30.000000000,ASK_DEPTH,"[(100653, 100), (100654, 73), (102411, 92)]"
2019-06-28 14:56:30.000000000,IMBALANCE,"[500, 265]"
2019-06-28 14:56:40.000000000,BID_DEPTH,"[(100170, 100), (100128, 100), (99989, 100), (99859, 100), (99805, 100)]"
2019-06-28 14:56:40.000000000,ASK_DEPTH,"[(100653, 100), (100654, 73), (102411, 92)]"
2019-06-28 14:56:40.000000000,IMBALANCE,"[500, 265]"
2019-06-28 14:56:50.000000000,BID_DEPTH,"[(100170, 100), (100128, 100), (99989, 100), (99859, 100), (99805, 100)]"
2019-06-28 14:56:50.000000000,ASK_DEPTH,"[(100653, 100), (100654, 73), (102411, 92)]"
2019-06-28 14:56:50.000000000,IMBALANCE,"[500, 265]"
2019-06-28 14:57:00.000000000,BID_DEPTH,"[(100128, 100), (99989, 100), (99859, 100), (99674, 100), (99632, 100)]"
2019-06-28 14:57:00.000000000,ASK_DEPTH,"[(100653, 100), (100654, 73), (102411, 92)]"
2019-06-28 14:57:00.000000000,IMBALANCE,"[500, 265]"
2019-06-28 14:57:00.000000000,HOLDINGS_UPDATED,"{'CASH': -227416632, 'JPM': 2494}"
2019-06-28 14:57:00.000000000,HOLDINGS_UPDATED,"{'CASH': -226510755, 'JPM': 2485}"
2019-06-28 14:57:00.000000000,HOLDINGS_UPDATED,"{'CASH': -225705531, 'JPM': 2477}"
2019-06-28 14:57:00.000000000,HOLDINGS_UPDATED,"{'CASH': -225403572, 'JPM': 2474}"
2019-06-28 14:57:00.000000000,HOLDINGS_UPDATED,"{'CASH': -225101613, 'JPM': 2471}"
2019-06-28 14:57:10.000000000,BID_DEPTH,"[(99989, 100), (99859, 100), (99674, 100), (99632, 100), (99411, 100)]"
2019-06-28 14:57:10.000000000,ASK_DEPTH,"[(100654, 73), (102411, 92)]"
2019-06-28 14:57:10.000000000,IMBALANCE,"[500, 165]"
2019-06-28 14:57:20.000000000,BID_DEPTH,"[(99989, 100), (99859, 100), (99674, 100), (99632, 100), (99411, 100)]"
2019-06-28 14:57:20.000000000,ASK_DEPTH,"[(100654, 73), (102411, 92)]"
2019-06-28 14:57:20.000000000,IMBALANCE,"[500, 165]"
2019-06-28 14:57:30.000000000,BID_DEPTH,"[(99989, 100), (99859, 100), (99674, 100), (99632, 100), (99411, 100)]"
2019-06-28 14:57:30.000000000,ASK_DEPTH,"[(100654, 73), (102411, 92)]"
2019-06-28 14:57:30.000000000,IMBALANCE,"[500, 165]"
2019-06-28 14:57:40.000000000,BID_DEPTH,"[(99989, 100), (99859, 100), (99674, 100), (99632, 100), (99411, 100)]"
2019-06-28 14:57:40.000000000,ASK_DEPTH,"[(100654, 73), (102411, 92)]"
2019-06-28 14:57:40.000000000,IMBALANCE,"[500, 165]"
2019-06-28 14:57:50.000000000,BID_DEPTH,"[(99989, 100), (99859, 100), (99674, 100), (99632, 100), (99411, 100)]"
2019-06-28 14:57:50.000000000,ASK_DEPTH,"[(100654, 73), (102411, 92)]"
2019-06-28 14:57:50.000000000,IMBALANCE,"[500, 165]"
2019-06-28 14:58:00.000000000,BID_DEPTH,"[(99989, 100), (99859, 100), (99674, 100), (99632, 100), (99411, 100)]"
2019-06-28 14:58:00.000000000,ASK_DEPTH,"[(100653, 100), (100654, 73), (102411, 92)]"
2019-06-28 14:58:00.000000000,IMBALANCE,"[500, 265]"
2019-06-28 14:58:00.000000000,HOLDINGS_UPDATED,"{'CASH': -224397042, 'JPM': 2464}"
2019-06-28 14:58:00.000000000,HOLDINGS_UPDATED,"{'CASH': -223491165, 'JPM': 2455}"
2019-06-28 14:58:00.000000000,HOLDINGS_UPDATED,"{'CASH': -222685941, 'JPM': 2447}"
2019-06-28 14:58:00.000000000,HOLDINGS_UPDATED,"{'CASH': -222383982, 'JPM': 2444}"
2019-06-28 14:58:00.000000000,HOLDINGS_UPDATED,"{'CASH': -222082023, 'JPM': 2441}"
2019-06-28 14:58:10.000000000,BID_DEPTH,"[(99859, 100), (99674, 100), (99632, 100), (99411, 100), (99294, 100)]"
2019-06-28 14:58:10.000000000,ASK_DEPTH,"[(100654, 73), (102411, 92)]"
2019-06-28 14:58:10.000000000,IMBALANCE,"[500, 165]"
2019-06-28 14:58:20.000000000,BID_DEPTH,"[(99859, 100), (99674, 100), (99632, 100), (99411, 100), (99294, 100)]"
2019-06-28 14:58:20.000000000,ASK_DEPTH,"[(100654, 73), (102411, 92)]"
2019-06-28 14:58:20.000000000,IMBALANCE,"[500, 165]"
2019-06-28 14:58:30.000000000,BID_DEPTH,"[(99932, 100), (99859, 100), (99674, 100), (99632, 100), (99411, 100)]"
2019-06-28 14:58:30.000000000,ASK_DEPTH,"[(100654, 73), (102411, 92)]"
2019-06-28 14:58:30.000000000,IMBALANCE,"[500, 165]"
2019-06-28 14:58:40.000000000,BID_DEPTH,"[(99932, 100), (99859, 100), (99674, 100), (99632, 100), (99411, 100)]"
2019-06-28 14:58:40.000000000,ASK_DEPTH,"[(100654, 73), (102411, 92)]"
2019-06-28 14:58:40.000000000,IMBALANCE,"[500, 165]"
2019-06-28 14:58:50.000000000,BID_DEPTH,"[(99932, 100), (99859, 100), (99674, 100), (99632, 100), (99411, 100)]"
2019-06-28 14:58:50.000000000,ASK_DEPTH,"[(100654, 73), (102411, 92)]"
2019-06-28 14:58:50.000000000,IMBALANCE,"[500, 165]"
2019-06-28 14:59:00.000000000,BID_DEPTH,"[(99932, 100), (99859, 100), (99674, 100), (99632, 100), (99411, 100)]"
2019-06-28 14:59:00.000000000,ASK_DEPTH,"[(100654, 73), (102411, 92)]"
2019-06-28 14:59:00.000000000,IMBALANCE,"[500, 165]"
2019-06-28 14:59:00.000000000,HOLDINGS_UPDATED,"{'CASH': -221880715, 'JPM': 2439}"
2019-06-28 14:59:00.000000000,HOLDINGS_UPDATED,"{'CASH': -221075483, 'JPM': 2431}"
2019-06-28 14:59:00.000000000,HOLDINGS_UPDATED,"{'CASH': -220672867, 'JPM': 2427}"
2019-06-28 14:59:00.000000000,HOLDINGS_UPDATED,"{'CASH': -220169597, 'JPM': 2422}"
2019-06-28 14:59:00.000000000,HOLDINGS_UPDATED,"{'CASH': -219465019, 'JPM': 2415}"
2019-06-28 14:59:00.000000000,HOLDINGS_UPDATED,"{'CASH': -218659787, 'JPM': 2407}"
2019-06-28 14:59:00.000000000,HOLDINGS_UPDATED,"{'CASH': -217753901, 'JPM': 2398}"
2019-06-28 14:59:00.000000000,HOLDINGS_UPDATED,"{'CASH': -216948669, 'JPM': 2390}"
2019-06-28 14:59:00.000000000,HOLDINGS_UPDATED,"{'CASH': -216646707, 'JPM': 2387}"
2019-06-28 14:59:00.000000000,HOLDINGS_UPDATED,"{'CASH': -216344745, 'JPM': 2384}"
2019-06-28 14:59:10.000000000,BID_DEPTH,"[(99971, 100), (99932, 100), (99859, 100), (99674, 100), (99632, 100)]"
2019-06-28 14:59:10.000000000,ASK_DEPTH,"[(102411, 92)]"
2019-06-28 14:59:10.000000000,IMBALANCE,"[500, 92]"
2019-06-28 14:59:20.000000000,BID_DEPTH,"[(99971, 100), (99932, 100), (99859, 100), (99674, 100), (99632, 100)]"
2019-06-28 14:59:20.000000000,ASK_DEPTH,"[(102411, 92)]"
2019-06-28 14:59:20.000000000,IMBALANCE,"[500, 92]"
2019-06-28 14:59:30.000000000,BID_DEPTH,"[(99971, 100), (99932, 100), (99859, 100), (99674, 100), (99632, 100)]"
2019-06-28 14:59:30.000000000,ASK_DEPTH,"[(100654, 100), (102411, 92)]"
2019-06-28 14:59:30.000000000,IMBALANCE,"[500, 192]"
2019-06-28 14:59:40.000000000,BID_DEPTH,"[(99971, 100), (99932, 100), (99859, 100), (99674, 100), (99632, 100)]"
2019-06-28 14:59:40.000000000,ASK_DEPTH,"[(100654, 100), (102411, 92)]"
2019-06-28 14:59:40.000000000,IMBALANCE,"[500, 192]"
2019-06-28 14:59:50.000000000,BID_DEPTH,"[(99971, 100), (99932, 100), (99859, 100), (99674, 100), (99632, 100)]"
2019-06-28 14:59:50.000000000,ASK_DEPTH,"[(100654, 100), (102411, 92)]"
2019-06-28 14:59:50.000000000,IMBALANCE,"[500, 192]"
2019-06-28 15:00:00.000000000,BID_DEPTH,"[(100251, 100), (99932, 100), (99859, 100), (99674, 100), (99632, 100)]"
2019-06-28 15:00:00.000000000,ASK_DEPTH,"[(100654, 100), (102411, 92)]"
2019-06-28 15:00:00.000000000,IMBALANCE,"[500, 192]"
2019-06-28 15:00:00.000000000,HOLDINGS_UPDATED,"{'CASH': -215640167, 'JPM': 2377}"
2019-06-28 15:00:00.000000000,HOLDINGS_UPDATED,"{'CASH': -214734281, 'JPM': 2368}"
2019-06-28 15:00:00.000000000,HOLDINGS_UPDATED,"{'CASH': -213929049, 'JPM': 2360}"
2019-06-28 15:00:00.000000000,HOLDINGS_UPDATED,"{'CASH': -213627087, 'JPM': 2357}"
2019-06-28 15:00:10.000000000,BID_DEPTH,"[(100251, 100), (99932, 100), (99859, 100), (99674, 100), (99632, 100)]"
2019-06-28 15:00:10.000000000,ASK_DEPTH,"[(102411, 92)]"
2019-06-28 15:00:10.000000000,IMBALANCE,"[500, 92]"
2019-06-28 15:00:20.000000000,BID_DEPTH,"[(100251, 100), (100192, 100), (99932, 100), (99859, 100), (99674, 100)]"
2019-06-28 15:00:20.000000000,ASK_DEPTH,"[(102411, 92)]"
2019-06-28 15:00:20.000000000,IMBALANCE,"[500, 92]"
2019-06-28 15:00:30.000000000,BID_DEPTH,"[(100251, 100), (100192, 100), (99932, 100), (99859, 100), (99674, 100)]"
2019-06-28 15:00:30.000000000,ASK_DEPTH,"[(100654, 100), (102411, 92)]"
2019-06-28 15:00:30.000000000,IMBALANCE,"[500, 192]"
2019-06-28 15:00:40.000000000,BID_DEPTH,"[(100251, 100), (100192, 100), (99932, 100), (99859, 100), (99674, 100)]"
2019-06-28 15:00:40.000000000,ASK_DEPTH,"[(100654, 100), (102411, 92)]"
2019-06-28 15:00:40.000000000,IMBALANCE,"[500, 192]"
2019-06-28 15:00:50.000000000,BID_DEPTH,"[(100251, 100), (100192, 100), (99932, 100), (99859, 100), (99674, 100)]"
2019-06-28 15:00:50.000000000,ASK_DEPTH,"[(100654, 100), (102411, 92)]"
2019-06-28 15:00:50.000000000,IMBALANCE,"[500, 192]"
2019-06-28 15:01:00.000000000,BID_DEPTH,"[(100251, 100), (100192, 100), (99932, 100), (99859, 100), (99674, 100)]"
2019-06-28 15:01:00.000000000,ASK_DEPTH,"[(100654, 100), (102411, 92)]"
2019-06-28 15:01:00.000000000,IMBALANCE,"[500, 192]"
2019-06-28 15:01:00.000000000,HOLDINGS_UPDATED,"{'CASH': -212922509, 'JPM': 2350}"
2019-06-28 15:01:00.000000000,HOLDINGS_UPDATED,"{'CASH': -212016623, 'JPM': 2341}"
2019-06-28 15:01:00.000000000,HOLDINGS_UPDATED,"{'CASH': -211211391, 'JPM': 2333}"
2019-06-28 15:01:00.000000000,HOLDINGS_UPDATED,"{'CASH': -210909429, 'JPM': 2330}"
2019-06-28 15:01:10.000000000,BID_DEPTH,"[(100251, 100), (100192, 100), (99932, 100), (99859, 100), (99674, 100)]"
2019-06-28 15:01:10.000000000,ASK_DEPTH,"[(102411, 92)]"
2019-06-28 15:01:10.000000000,IMBALANCE,"[500, 92]"
2019-06-28 15:01:20.000000000,BID_DEPTH,"[(100472, 100), (100251, 100), (100192, 100), (99932, 100), (99859, 100)]"
2019-06-28 15:01:20.000000000,ASK_DEPTH,"[(100654, 100), (102411, 92)]"
2019-06-28 15:01:20.000000000,IMBALANCE,"[500, 192]"
2019-06-28 15:01:30.000000000,BID_DEPTH,"[(100472, 100), (100251, 100), (100192, 100), (99932, 100), (99859, 100)]"
2019-06-28 15:01:30.000000000,ASK_DEPTH,"[(100654, 100), (102411, 92)]"
2019-06-28 15:01:30.000000000,IMBALANCE,"[500, 192]"
2019-06-28 15:01:40.000000000,BID_DEPTH,"[(100472, 100), (100251, 100), (100192, 100), (99932, 100), (99859, 100)]"
2019-06-28 15:01:40.000000000,ASK_DEPTH,"[(100654, 100), (102411, 92)]"
2019-06-28 15:01:40.000000000,IMBALANCE,"[500, 192]"
2019-06-28 15:01:50.000000000,BID_DEPTH,"[(100251, 100), (100192, 100), (99932, 100), (99859, 100), (99674, 100)]"
2019-06-28 15:01:50.000000000,ASK_DEPTH,"[(100654, 100), (102411, 92)]"
2019-06-28 15:01:50.000000000,IMBALANCE,"[500, 192]"
2019-06-28 15:02:00.000000000,BID_DEPTH,"[(100251, 100), (100192, 100), (99932, 100), (99859, 100), (99674, 100)]"
2019-06-28 15:02:00.000000000,ASK_DEPTH,"[(100654, 100), (102411, 92)]"
2019-06-28 15:02:00.000000000,IMBALANCE,"[500, 192]"
2019-06-28 15:02:00.000000000,HOLDINGS_UPDATED,"{'CASH': -211611186, 'JPM': 2337}"
2019-06-28 15:02:00.000000000,HOLDINGS_UPDATED,"{'CASH': -212513445, 'JPM': 2346}"
2019-06-28 15:02:00.000000000,HOLDINGS_UPDATED,"{'CASH': -213315453, 'JPM': 2354}"
2019-06-28 15:02:00.000000000,HOLDINGS_UPDATED,"{'CASH': -213616206, 'JPM': 2357}"
2019-06-28 15:02:10.000000000,BID_DEPTH,"[(100192, 100), (99932, 100), (99859, 100), (99674, 100), (99632, 100)]"
2019-06-28 15:02:10.000000000,ASK_DEPTH,"[(100654, 100), (102411, 92)]"
2019-06-28 15:02:10.000000000,IMBALANCE,"[500, 192]"
2019-06-28 15:02:20.000000000,BID_DEPTH,"[(100192, 100), (99932, 100), (99859, 100), (99674, 100), (99632, 100)]"
2019-06-28 15:02:20.000000000,ASK_DEPTH,"[(100251, 100), (100654, 100), (102411, 92)]"
2019-06-28 15:02:20.000000000,IMBALANCE,"[500, 292]"
2019-06-28 15:02:30.000000000,BID_DEPTH,"[(100192, 100), (99932, 100), (99859, 100), (99674, 100), (99632, 100)]"
2019-06-28 15:02:30.000000000,ASK_DEPTH,"[(100251, 100), (100654, 100), (102411, 92)]"
2019-06-28 15:02:30.000000000,IMBALANCE,"[500, 292]"
2019-06-28 15:02:40.000000000,BID_DEPTH,"[(100192, 100), (99932, 100), (99859, 100), (99674, 100), (99632, 100)]"
2019-06-28 15:02:40.000000000,ASK_DEPTH,"[(100251, 100), (100654, 100), (102411, 92)]"
2019-06-28 15:02:40.000000000,IMBALANCE,"[500, 292]"
2019-06-28 15:02:43.184447200,HOLDINGS_UPDATED,"{'CASH': -205195122, 'JPM': 2273}"
2019-06-28 15:02:50.000000000,BID_DEPTH,"[(100251, 16), (100192, 100), (99932, 100), (99859, 100), (99674, 100)]"
2019-06-28 15:02:50.000000000,ASK_DEPTH,"[(100654, 100), (102411, 92)]"
2019-06-28 15:02:50.000000000,IMBALANCE,"[416, 192]"
2019-06-28 15:03:00.000000000,BID_DEPTH,"[(100251, 116), (100192, 100), (99932, 100), (99859, 100), (99674, 100)]"
2019-06-28 15:03:00.000000000,ASK_DEPTH,"[(100654, 100), (102411, 92)]"
2019-06-28 15:03:00.000000000,IMBALANCE,"[516, 192]"
2019-06-28 15:03:00.000000000,HOLDINGS_UPDATED,"{'CASH': -205997130, 'JPM': 2281}"
2019-06-28 15:03:00.000000000,HOLDINGS_UPDATED,"{'CASH': -206297883, 'JPM': 2284}"
2019-06-28 15:03:10.000000000,BID_DEPTH,"[(100192, 100), (99859, 100), (99674, 100), (99632, 100), (99411, 100)]"
2019-06-28 15:03:10.000000000,ASK_DEPTH,"[(100654, 100), (100674, 100), (102411, 92)]"
2019-06-28 15:03:10.000000000,IMBALANCE,"[500, 292]"
2019-06-28 15:03:20.000000000,BID_DEPTH,"[(100280, 100), (100192, 100), (99859, 100), (99674, 100), (99632, 100)]"
2019-06-28 15:03:20.000000000,ASK_DEPTH,"[(100654, 100), (100674, 100), (102411, 92)]"
2019-06-28 15:03:20.000000000,IMBALANCE,"[500, 292]"
2019-06-28 15:03:30.000000000,BID_DEPTH,"[(100280, 100), (100251, 100), (100192, 100), (99859, 100), (99674, 100)]"
2019-06-28 15:03:30.000000000,ASK_DEPTH,"[(100654, 100), (100674, 100), (102411, 92)]"
2019-06-28 15:03:30.000000000,IMBALANCE,"[500, 292]"
2019-06-28 15:03:40.000000000,BID_DEPTH,"[(100280, 100), (100251, 100), (100192, 100), (99859, 100), (99674, 100)]"
2019-06-28 15:03:40.000000000,ASK_DEPTH,"[(100654, 100), (100674, 100), (102411, 92)]"
2019-06-28 15:03:40.000000000,IMBALANCE,"[500, 292]"
2019-06-28 15:03:50.000000000,BID_DEPTH,"[(100280, 100), (100251, 100), (100192, 100), (99859, 100), (99674, 100)]"
2019-06-28 15:03:50.000000000,ASK_DEPTH,"[(100654, 100), (100674, 100), (102411, 92)]"
2019-06-28 15:03:50.000000000,IMBALANCE,"[500, 292]"
2019-06-28 15:04:00.000000000,BID_DEPTH,"[(100280, 100), (100251, 100), (100192, 100), (99859, 100), (99674, 100)]"
2019-06-28 15:04:00.000000000,ASK_DEPTH,"[(100654, 100), (100674, 100), (102411, 92)]"
2019-06-28 15:04:00.000000000,IMBALANCE,"[500, 292]"
2019-06-28 15:04:00.000000000,HOLDINGS_UPDATED,"{'CASH': -206999843, 'JPM': 2291}"
2019-06-28 15:04:00.000000000,HOLDINGS_UPDATED,"{'CASH': -207902363, 'JPM': 2300}"
2019-06-28 15:04:00.000000000,HOLDINGS_UPDATED,"{'CASH': -208704603, 'JPM': 2308}"
2019-06-28 15:04:00.000000000,HOLDINGS_UPDATED,"{'CASH': -209005443, 'JPM': 2311}"
2019-06-28 15:04:10.000000000,BID_DEPTH,"[(100251, 100), (100192, 100), (99948, 100), (99859, 100), (99674, 100)]"
2019-06-28 15:04:10.000000000,ASK_DEPTH,"[(100282, 100), (100654, 100), (100674, 100), (102411, 92)]"
2019-06-28 15:04:10.000000000,IMBALANCE,"[500, 392]"
2019-06-28 15:04:20.000000000,BID_DEPTH,"[(100251, 100), (100192, 100), (99948, 100), (99859, 100), (99674, 100)]"
2019-06-28 15:04:20.000000000,ASK_DEPTH,"[(100282, 100), (100654, 100), (100674, 100), (102411, 92)]"
2019-06-28 15:04:20.000000000,IMBALANCE,"[500, 392]"
2019-06-28 15:04:30.000000000,BID_DEPTH,"[(100192, 100), (99948, 100), (99859, 100), (99674, 100), (99632, 100)]"
2019-06-28 15:04:30.000000000,ASK_DEPTH,"[(100282, 100), (100654, 100), (100674, 100), (102411, 92)]"
2019-06-28 15:04:30.000000000,IMBALANCE,"[500, 392]"
2019-06-28 15:04:40.000000000,BID_DEPTH,"[(100192, 100), (99948, 100), (99859, 100), (99674, 100), (99632, 100)]"
2019-06-28 15:04:40.000000000,ASK_DEPTH,"[(100282, 100), (100654, 100), (100674, 100), (102411, 92)]"
2019-06-28 15:04:40.000000000,IMBALANCE,"[500, 392]"
2019-06-28 15:04:50.000000000,BID_DEPTH,"[(100192, 100), (99948, 100), (99859, 100), (99674, 100), (99632, 100)]"
2019-06-28 15:04:50.000000000,ASK_DEPTH,"[(100282, 100), (100654, 100), (100674, 100), (102411, 92)]"
2019-06-28 15:04:50.000000000,IMBALANCE,"[500, 392]"
2019-06-28 15:05:00.000000000,BID_DEPTH,"[(100192, 100), (99948, 100), (99859, 100), (99674, 100), (99632, 100)]"
2019-06-28 15:05:00.000000000,ASK_DEPTH,"[(100282, 100), (100654, 100), (100674, 100), (102411, 92)]"
2019-06-28 15:05:00.000000000,IMBALANCE,"[500, 392]"
2019-06-28 15:05:00.000000000,HOLDINGS_UPDATED,"{'CASH': -209706787, 'JPM': 2318}"
2019-06-28 15:05:00.000000000,HOLDINGS_UPDATED,"{'CASH': -210608515, 'JPM': 2327}"
2019-06-28 15:05:00.000000000,HOLDINGS_UPDATED,"{'CASH': -211410051, 'JPM': 2335}"
2019-06-28 15:05:00.000000000,HOLDINGS_UPDATED,"{'CASH': -211710627, 'JPM': 2338}"
2019-06-28 15:05:10.000000000,BID_DEPTH,"[(100192, 3), (99948, 100), (99859, 100), (99674, 100), (99632, 100)]"
2019-06-28 15:05:10.000000000,ASK_DEPTH,"[(100282, 100), (100654, 100), (100674, 100), (102411, 92)]"
2019-06-28 15:05:10.000000000,IMBALANCE,"[403, 392]"
2019-06-28 15:05:18.711906422,HOLDINGS_UPDATED,"{'CASH': -220126755, 'JPM': 2422}"
2019-06-28 15:05:20.000000000,BID_DEPTH,"[(99948, 100), (99859, 100), (99674, 100), (99632, 100), (99411, 100)]"
2019-06-28 15:05:20.000000000,ASK_DEPTH,"[(100192, 13), (100282, 100), (100654, 100), (100674, 100), (102411, 92)]"
2019-06-28 15:05:20.000000000,IMBALANCE,"[500, 405]"
2019-06-28 15:05:22.814318762,HOLDINGS_UPDATED,"{'CASH': -211710627, 'JPM': 2338}"
2019-06-28 15:05:30.000000000,BID_DEPTH,"[(99948, 100), (99859, 100), (99674, 100), (99632, 100), (99411, 100)]"
2019-06-28 15:05:30.000000000,ASK_DEPTH,"[(100192, 97), (100282, 100), (100654, 100), (100674, 100), (102411, 92)]"
2019-06-28 15:05:30.000000000,IMBALANCE,"[500, 489]"
2019-06-28 15:05:40.000000000,BID_DEPTH,"[(99948, 100), (99859, 100), (99674, 100), (99632, 100), (99411, 100)]"
2019-06-28 15:05:40.000000000,ASK_DEPTH,"[(100192, 97), (100282, 100), (100654, 100), (100674, 100), (102411, 92)]"
2019-06-28 15:05:40.000000000,IMBALANCE,"[500, 489]"
2019-06-28 15:05:50.000000000,BID_DEPTH,"[(99948, 100), (99859, 100), (99674, 100), (99632, 100), (99411, 100)]"
2019-06-28 15:05:50.000000000,ASK_DEPTH,"[(100192, 97), (100282, 100), (100654, 100), (100674, 100), (102411, 92)]"
2019-06-28 15:05:50.000000000,IMBALANCE,"[500, 489]"
2019-06-28 15:06:00.000000000,BID_DEPTH,"[(99948, 100), (99859, 100), (99674, 100), (99632, 100), (99411, 100)]"
2019-06-28 15:06:00.000000000,ASK_DEPTH,"[(100192, 97), (100282, 100), (100614, 100), (100654, 100), (100674, 100)]"
2019-06-28 15:06:00.000000000,IMBALANCE,"[500, 497]"
2019-06-28 15:06:00.000000000,HOLDINGS_UPDATED,"{'CASH': -212410263, 'JPM': 2345}"
2019-06-28 15:06:00.000000000,HOLDINGS_UPDATED,"{'CASH': -213309795, 'JPM': 2354}"
2019-06-28 15:06:00.000000000,HOLDINGS_UPDATED,"{'CASH': -214109379, 'JPM': 2362}"
2019-06-28 15:06:00.000000000,HOLDINGS_UPDATED,"{'CASH': -214409223, 'JPM': 2365}"
2019-06-28 15:06:10.000000000,BID_DEPTH,"[(99948, 3), (99859, 100), (99674, 100), (99632, 100), (99411, 100)]"
2019-06-28 15:06:10.000000000,ASK_DEPTH,"[(100192, 97), (100282, 100), (100344, 100), (100544, 100), (100614, 100)]"
2019-06-28 15:06:10.000000000,IMBALANCE,"[403, 497]"
2019-06-28 15:06:20.000000000,BID_DEPTH,"[(99948, 3), (99859, 100), (99674, 100), (99632, 100), (99411, 100)]"
2019-06-28 15:06:20.000000000,ASK_DEPTH,"[(100192, 97), (100282, 100), (100344, 100), (100544, 100), (100614, 100)]"
2019-06-28 15:06:20.000000000,IMBALANCE,"[403, 497]"
2019-06-28 15:06:30.000000000,BID_DEPTH,"[(99948, 3), (99859, 100), (99674, 100), (99632, 100), (99411, 100)]"
2019-06-28 15:06:30.000000000,ASK_DEPTH,"[(100192, 97), (100282, 100), (100344, 100), (100544, 100), (100614, 100)]"
2019-06-28 15:06:30.000000000,IMBALANCE,"[403, 497]"
2019-06-28 15:06:32.936149848,HOLDINGS_UPDATED,"{'CASH': -214108647, 'JPM': 2362}"
2019-06-28 15:06:40.000000000,BID_DEPTH,"[(99948, 3), (99859, 100), (99674, 100), (99632, 100), (99411, 100)]"
2019-06-28 15:06:40.000000000,ASK_DEPTH,"[(100282, 100), (100344, 100), (100544, 100), (100614, 100), (100654, 100)]"
2019-06-28 15:06:40.000000000,IMBALANCE,"[403, 500]"
2019-06-28 15:06:50.000000000,BID_DEPTH,"[(100100, 100), (99948, 3), (99859, 100), (99674, 100), (99632, 100)]"
2019-06-28 15:06:50.000000000,ASK_DEPTH,"[(100282, 100), (100344, 100), (100544, 100), (100614, 100), (100654, 100)]"
2019-06-28 15:06:50.000000000,IMBALANCE,"[403, 500]"
2019-06-28 15:07:00.000000000,BID_DEPTH,"[(100100, 100), (99949, 100), (99948, 3), (99859, 100), (99674, 100)]"
2019-06-28 15:07:00.000000000,ASK_DEPTH,"[(100282, 100), (100344, 100), (100544, 100), (100614, 100), (100654, 100)]"
2019-06-28 15:07:00.000000000,IMBALANCE,"[403, 500]"
2019-06-28 15:07:00.000000000,HOLDINGS_UPDATED,"{'CASH': -214809347, 'JPM': 2369}"
2019-06-28 15:07:00.000000000,HOLDINGS_UPDATED,"{'CASH': -215710247, 'JPM': 2378}"
2019-06-28 15:07:00.000000000,HOLDINGS_UPDATED,"{'CASH': -216511047, 'JPM': 2386}"
2019-06-28 15:07:00.000000000,HOLDINGS_UPDATED,"{'CASH': -216811347, 'JPM': 2389}"
2019-06-28 15:07:07.871558632,HOLDINGS_UPDATED,"{'CASH': -226821347, 'JPM': 2489}"
2019-06-28 15:07:10.000000000,BID_DEPTH,"[(100100, 3), (99949, 100), (99948, 3), (99859, 100), (99674, 100)]"
2019-06-28 15:07:10.000000000,ASK_DEPTH,"[(100282, 100), (100344, 100), (100544, 100), (100614, 100), (100654, 100)]"
2019-06-28 15:07:10.000000000,IMBALANCE,"[306, 500]"
2019-06-28 15:07:20.000000000,BID_DEPTH,"[(100100, 3), (99949, 100), (99948, 3), (99859, 100), (99674, 100)]"
2019-06-28 15:07:20.000000000,ASK_DEPTH,"[(100282, 100), (100344, 100), (100544, 100), (100614, 100), (100654, 100)]"
2019-06-28 15:07:20.000000000,IMBALANCE,"[306, 500]"
2019-06-28 15:07:30.000000000,BID_DEPTH,"[(100100, 3), (100019, 100), (99949, 100), (99948, 3), (99859, 100)]"
2019-06-28 15:07:30.000000000,ASK_DEPTH,"[(100282, 100), (100344, 100), (100544, 100), (100614, 100), (100654, 100)]"
2019-06-28 15:07:30.000000000,IMBALANCE,"[306, 500]"
2019-06-28 15:07:40.000000000,BID_DEPTH,"[(100100, 3), (100019, 100), (99949, 100), (99948, 3), (99859, 100)]"
2019-06-28 15:07:40.000000000,ASK_DEPTH,"[(100282, 100), (100344, 100), (100544, 100), (100614, 100), (100654, 100)]"
2019-06-28 15:07:40.000000000,IMBALANCE,"[306, 500]"
2019-06-28 15:07:50.000000000,BID_DEPTH,"[(100100, 3), (100019, 100), (99949, 100), (99948, 3), (99859, 100)]"
2019-06-28 15:07:50.000000000,ASK_DEPTH,"[(100282, 100), (100344, 100), (100544, 100), (100614, 100), (100654, 100)]"
2019-06-28 15:07:50.000000000,IMBALANCE,"[306, 500]"
2019-06-28 15:07:57.073478121,HOLDINGS_UPDATED,"{'CASH': -236531047, 'JPM': 2586}"
2019-06-28 15:08:00.000000000,BID_DEPTH,"[(100019, 100), (99949, 100), (99948, 3), (99859, 100), (99674, 100)]"
2019-06-28 15:08:00.000000000,ASK_DEPTH,"[(100282, 100), (100344, 100), (100544, 100), (100654, 100), (102411, 92)]"
2019-06-28 15:08:00.000000000,IMBALANCE,"[403, 492]"
2019-06-28 15:08:00.000000000,HOLDINGS_UPDATED,"{'CASH': -237231180, 'JPM': 2593}"
2019-06-28 15:08:00.000000000,HOLDINGS_UPDATED,"{'CASH': -238131351, 'JPM': 2602}"
2019-06-28 15:08:00.000000000,HOLDINGS_UPDATED,"{'CASH': -238931503, 'JPM': 2610}"
2019-06-28 15:08:00.000000000,HOLDINGS_UPDATED,"{'CASH': -239231560, 'JPM': 2613}"
2019-06-28 15:08:10.000000000,BID_DEPTH,"[(100019, 3), (99949, 100), (99948, 3), (99859, 100), (99674, 100)]"
2019-06-28 15:08:10.000000000,ASK_DEPTH,"[(100282, 100), (100344, 100), (100544, 100), (100654, 100), (102411, 92)]"
2019-06-28 15:08:10.000000000,IMBALANCE,"[306, 492]"
2019-06-28 15:08:20.000000000,BID_DEPTH,"[(100019, 3), (99949, 100), (99948, 3), (99859, 100), (99674, 100)]"
2019-06-28 15:08:20.000000000,ASK_DEPTH,"[(100282, 100), (100344, 100), (100544, 100), (100654, 100), (102411, 92)]"
2019-06-28 15:08:20.000000000,IMBALANCE,"[306, 492]"
2019-06-28 15:08:30.000000000,BID_DEPTH,"[(100019, 103), (99949, 100), (99948, 3), (99859, 100), (99674, 100)]"
2019-06-28 15:08:30.000000000,ASK_DEPTH,"[(100282, 100), (100344, 100), (100544, 100), (100654, 100), (102411, 92)]"
2019-06-28 15:08:30.000000000,IMBALANCE,"[406, 492]"
2019-06-28 15:08:40.000000000,BID_DEPTH,"[(100019, 103), (99949, 100), (99948, 3), (99859, 100), (99674, 100)]"
2019-06-28 15:08:40.000000000,ASK_DEPTH,"[(100044, 100), (100282, 100), (100344, 100), (100544, 100), (100654, 100)]"
2019-06-28 15:08:40.000000000,IMBALANCE,"[406, 500]"
2019-06-28 15:08:50.000000000,BID_DEPTH,"[(100019, 103), (99949, 100), (99948, 3), (99859, 100), (99674, 100)]"
2019-06-28 15:08:50.000000000,ASK_DEPTH,"[(100044, 100), (100282, 100), (100344, 100), (100544, 100), (100654, 100)]"
2019-06-28 15:08:50.000000000,IMBALANCE,"[406, 500]"
2019-06-28 15:09:00.000000000,BID_DEPTH,"[(100019, 103), (99949, 100), (99948, 3), (99859, 100), (99674, 100)]"
2019-06-28 15:09:00.000000000,ASK_DEPTH,"[(100041, 100), (100044, 100), (100282, 100), (100344, 100), (100544, 100)]"
2019-06-28 15:09:00.000000000,IMBALANCE,"[406, 500]"
2019-06-28 15:09:00.000000000,HOLDINGS_UPDATED,"{'CASH': -239631636, 'JPM': 2617}"
2019-06-28 15:09:00.000000000,HOLDINGS_UPDATED,"{'CASH': -240531807, 'JPM': 2626}"
2019-06-28 15:09:00.000000000,HOLDINGS_UPDATED,"{'CASH': -241331959, 'JPM': 2634}"
2019-06-28 15:09:00.000000000,HOLDINGS_UPDATED,"{'CASH': -241632016, 'JPM': 2637}"
2019-06-28 15:09:10.000000000,BID_DEPTH,"[(100019, 3), (99949, 100), (99948, 3), (99859, 100), (99674, 100)]"
2019-06-28 15:09:10.000000000,ASK_DEPTH,"[(100041, 100), (100044, 100), (100282, 100), (100344, 100), (100544, 100)]"
2019-06-28 15:09:10.000000000,IMBALANCE,"[306, 500]"
2019-06-28 15:09:20.000000000,BID_DEPTH,"[(100019, 3), (99949, 100), (99948, 3), (99859, 100), (99674, 100)]"
2019-06-28 15:09:20.000000000,ASK_DEPTH,"[(100041, 100), (100044, 100), (100282, 100), (100344, 100), (100544, 100)]"
2019-06-28 15:09:20.000000000,IMBALANCE,"[306, 500]"
2019-06-28 15:09:30.000000000,BID_DEPTH,"[(100019, 3), (99949, 100), (99948, 3), (99859, 100), (99674, 100)]"
2019-06-28 15:09:30.000000000,ASK_DEPTH,"[(100044, 100), (100282, 100), (100344, 100), (100544, 100), (100654, 100)]"
2019-06-28 15:09:30.000000000,IMBALANCE,"[306, 500]"
2019-06-28 15:09:40.000000000,BID_DEPTH,"[(100019, 3), (99949, 100), (99948, 3), (99859, 100), (99674, 100)]"
2019-06-28 15:09:40.000000000,ASK_DEPTH,"[(100044, 100), (100282, 100), (100344, 100), (100544, 100), (100654, 100)]"
2019-06-28 15:09:40.000000000,IMBALANCE,"[306, 500]"
2019-06-28 15:09:50.000000000,BID_DEPTH,"[(100019, 3), (99949, 100), (99948, 3), (99859, 100), (99674, 100)]"
2019-06-28 15:09:50.000000000,ASK_DEPTH,"[(100044, 100), (100282, 100), (100286, 100), (100344, 100), (100544, 100)]"
2019-06-28 15:09:50.000000000,IMBALANCE,"[306, 500]"
2019-06-28 15:10:00.000000000,BID_DEPTH,"[(100019, 3), (99949, 100), (99948, 3), (99859, 100), (99674, 100)]"
2019-06-28 15:10:00.000000000,ASK_DEPTH,"[(100044, 100), (100282, 100), (100286, 100), (100344, 100), (100544, 100)]"
2019-06-28 15:10:00.000000000,IMBALANCE,"[306, 500]"
2019-06-28 15:10:00.000000000,HOLDINGS_UPDATED,"{'CASH': -242232130, 'JPM': 2643}"
2019-06-28 15:10:00.000000000,HOLDINGS_UPDATED,"{'CASH': -242732225, 'JPM': 2648}"
2019-06-28 15:10:00.000000000,HOLDINGS_UPDATED,"{'CASH': -243032282, 'JPM': 2651}"
2019-06-28 15:10:00.000000000,HOLDINGS_UPDATED,"{'CASH': -243832434, 'JPM': 2659}"
2019-06-28 15:10:00.000000000,HOLDINGS_UPDATED,"{'CASH': -244132491, 'JPM': 2662}"
2019-06-28 15:10:00.000000000,HOLDINGS_UPDATED,"{'CASH': -244732605, 'JPM': 2668}"
2019-06-28 15:10:00.000000000,HOLDINGS_UPDATED,"{'CASH': -245532757, 'JPM': 2676}"
2019-06-28 15:10:00.000000000,HOLDINGS_UPDATED,"{'CASH': -245632776, 'JPM': 2677}"
2019-06-28 15:10:00.000000000,HOLDINGS_UPDATED,"{'CASH': -245732795, 'JPM': 2678}"
2019-06-28 15:10:00.000000000,HOLDINGS_UPDATED,"{'CASH': -246232890, 'JPM': 2683}"
2019-06-28 15:10:00.000000000,HOLDINGS_UPDATED,"{'CASH': -246332909, 'JPM': 2684}"
2019-06-28 15:10:00.000000000,HOLDINGS_UPDATED,"{'CASH': -246532947, 'JPM': 2686}"
2019-06-28 15:10:00.000000000,HOLDINGS_UPDATED,"{'CASH': -247033042, 'JPM': 2691}"
2019-06-28 15:10:00.000000000,HOLDINGS_UPDATED,"{'CASH': -247933213, 'JPM': 2700}"
2019-06-28 15:10:00.000000000,HOLDINGS_UPDATED,"{'CASH': -248833384, 'JPM': 2709}"
2019-06-28 15:10:00.000000000,HOLDINGS_UPDATED,"{'CASH': -249633536, 'JPM': 2717}"
2019-06-28 15:10:00.000000000,HOLDINGS_UPDATED,"{'CASH': -250033612, 'JPM': 2721}"
2019-06-28 15:10:07.485808738,HOLDINGS_UPDATED,"{'CASH': -241629916, 'JPM': 2637}"
2019-06-28 15:10:10.000000000,BID_DEPTH,"[(100044, 16), (99949, 63), (99948, 3), (99859, 100), (99674, 100)]"
2019-06-28 15:10:10.000000000,ASK_DEPTH,"[(100049, 100), (100082, 100), (100282, 100), (100286, 100), (100344, 100)]"
2019-06-28 15:10:10.000000000,IMBALANCE,"[282, 500]"
2019-06-28 15:10:20.000000000,BID_DEPTH,"[(100044, 16), (99949, 63), (99948, 3), (99859, 100), (99674, 100)]"
2019-06-28 15:10:20.000000000,ASK_DEPTH,"[(100049, 100), (100082, 100), (100282, 100), (100286, 100), (100344, 100)]"
2019-06-28 15:10:20.000000000,IMBALANCE,"[282, 500]"
2019-06-28 15:10:30.000000000,BID_DEPTH,"[(100044, 16), (99949, 63), (99948, 3), (99859, 100), (99674, 100)]"
2019-06-28 15:10:30.000000000,ASK_DEPTH,"[(100049, 100), (100082, 100), (100243, 100), (100282, 100), (100286, 100)]"
2019-06-28 15:10:30.000000000,IMBALANCE,"[282, 500]"
2019-06-28 15:10:40.000000000,BID_DEPTH,"[(100044, 16), (99949, 63), (99948, 3), (99859, 100), (99674, 100)]"
2019-06-28 15:10:40.000000000,ASK_DEPTH,"[(100049, 100), (100222, 100), (100243, 100), (100282, 100), (100286, 100)]"
2019-06-28 15:10:40.000000000,IMBALANCE,"[282, 500]"
2019-06-28 15:10:50.000000000,BID_DEPTH,"[(100044, 16), (99949, 63), (99948, 3), (99859, 100), (99674, 100)]"
2019-06-28 15:10:50.000000000,ASK_DEPTH,"[(100049, 100), (100222, 100), (100243, 100), (100282, 100), (100286, 100)]"
2019-06-28 15:10:50.000000000,IMBALANCE,"[282, 500]"
2019-06-28 15:11:00.000000000,BID_DEPTH,"[(100044, 16), (99949, 63), (99948, 3), (99859, 100), (99674, 100)]"
2019-06-28 15:11:00.000000000,ASK_DEPTH,"[(100049, 100), (100222, 100), (100243, 100), (100282, 100), (100286, 100)]"
2019-06-28 15:11:00.000000000,IMBALANCE,"[282, 500]"
2019-06-28 15:11:00.000000000,HOLDINGS_UPDATED,"{'CASH': -241729960, 'JPM': 2638}"
2019-06-28 15:11:00.000000000,HOLDINGS_UPDATED,"{'CASH': -242530312, 'JPM': 2646}"
2019-06-28 15:11:00.000000000,HOLDINGS_UPDATED,"{'CASH': -242830444, 'JPM': 2649}"
2019-06-28 15:11:00.000000000,HOLDINGS_UPDATED,"{'CASH': -243430708, 'JPM': 2655}"
2019-06-28 15:11:00.000000000,HOLDINGS_UPDATED,"{'CASH': -244231060, 'JPM': 2663}"
2019-06-28 15:11:00.000000000,HOLDINGS_UPDATED,"{'CASH': -244331104, 'JPM': 2664}"
2019-06-28 15:11:00.000000000,HOLDINGS_UPDATED,"{'CASH': -244431148, 'JPM': 2665}"
2019-06-28 15:11:00.000000000,HOLDINGS_UPDATED,"{'CASH': -244931368, 'JPM': 2670}"
2019-06-28 15:11:00.000000000,HOLDINGS_UPDATED,"{'CASH': -245031412, 'JPM': 2671}"
2019-06-28 15:11:00.000000000,HOLDINGS_UPDATED,"{'CASH': -245231500, 'JPM': 2673}"
2019-06-28 15:11:00.000000000,HOLDINGS_UPDATED,"{'CASH': -245731720, 'JPM': 2678}"
2019-06-28 15:11:00.000000000,HOLDINGS_UPDATED,"{'CASH': -246632116, 'JPM': 2687}"
2019-06-28 15:11:00.000000000,HOLDINGS_UPDATED,"{'CASH': -247532512, 'JPM': 2696}"
2019-06-28 15:11:00.000000000,HOLDINGS_UPDATED,"{'CASH': -248332864, 'JPM': 2704}"
2019-06-28 15:11:00.000000000,HOLDINGS_UPDATED,"{'CASH': -248733040, 'JPM': 2708}"
2019-06-28 15:11:00.000000000,HOLDINGS_UPDATED,"{'CASH': -249233260, 'JPM': 2713}"
2019-06-28 15:11:00.000000000,HOLDINGS_UPDATED,"{'CASH': -249933568, 'JPM': 2720}"
2019-06-28 15:11:00.000000000,HOLDINGS_UPDATED,"{'CASH': -250733920, 'JPM': 2728}"
2019-06-28 15:11:00.000000000,HOLDINGS_UPDATED,"{'CASH': -251634316, 'JPM': 2737}"
2019-06-28 15:11:00.000000000,HOLDINGS_UPDATED,"{'CASH': -252134536, 'JPM': 2742}"
2019-06-28 15:11:10.000000000,BID_DEPTH,"[(100044, 97), (99949, 63), (99948, 3), (99859, 100), (99674, 100)]"
2019-06-28 15:11:10.000000000,ASK_DEPTH,"[(100049, 100), (100222, 100), (100243, 100), (100282, 100), (100286, 100)]"
2019-06-28 15:11:10.000000000,IMBALANCE,"[363, 500]"
2019-06-28 15:11:20.000000000,BID_DEPTH,"[(100044, 97), (99949, 63), (99948, 3), (99859, 100), (99674, 100)]"
2019-06-28 15:11:20.000000000,ASK_DEPTH,"[(100049, 100), (100222, 100), (100243, 100), (100282, 100), (100286, 100)]"
2019-06-28 15:11:20.000000000,IMBALANCE,"[363, 500]"
2019-06-28 15:11:30.000000000,BID_DEPTH,"[(100044, 97), (99949, 63), (99948, 3), (99859, 100), (99674, 100)]"
2019-06-28 15:11:30.000000000,ASK_DEPTH,"[(100049, 100), (100222, 100), (100243, 100), (100282, 100), (100286, 100)]"
2019-06-28 15:11:30.000000000,IMBALANCE,"[363, 500]"
2019-06-28 15:11:40.000000000,BID_DEPTH,"[(100044, 97), (99949, 63), (99948, 3), (99859, 100), (99674, 100)]"
2019-06-28 15:11:40.000000000,ASK_DEPTH,"[(100222, 100), (100243, 100), (100282, 100), (100286, 100), (100344, 100)]"
2019-06-28 15:11:40.000000000,IMBALANCE,"[363, 500]"
2019-06-28 15:11:50.000000000,BID_DEPTH,"[(100044, 97), (99949, 63), (99948, 3), (99859, 100), (99674, 100)]"
2019-06-28 15:11:50.000000000,ASK_DEPTH,"[(100164, 100), (100222, 100), (100243, 100), (100282, 100), (100286, 100)]"
2019-06-28 15:11:50.000000000,IMBALANCE,"[363, 500]"
2019-06-28 15:12:00.000000000,BID_DEPTH,"[(100044, 97), (99949, 63), (99948, 3), (99859, 100), (99674, 100)]"
2019-06-28 15:12:00.000000000,ASK_DEPTH,"[(100048, 100), (100164, 100), (100222, 100), (100243, 100), (100282, 100)]"
2019-06-28 15:12:00.000000000,IMBALANCE,"[363, 500]"
2019-06-28 15:12:00.000000000,HOLDINGS_UPDATED,"{'CASH': -252334624, 'JPM': 2744}"
2019-06-28 15:12:00.000000000,HOLDINGS_UPDATED,"{'CASH': -253134976, 'JPM': 2752}"
2019-06-28 15:12:00.000000000,HOLDINGS_UPDATED,"{'CASH': -254035372, 'JPM': 2761}"
2019-06-28 15:12:00.000000000,HOLDINGS_UPDATED,"{'CASH': -254835724, 'JPM': 2769}"
2019-06-28 15:12:00.000000000,HOLDINGS_UPDATED,"{'CASH': -255135856, 'JPM': 2772}"
2019-06-28 15:12:10.000000000,BID_DEPTH,"[(100044, 3), (99949, 63), (99948, 3), (99674, 100), (99639, 100)]"
2019-06-28 15:12:10.000000000,ASK_DEPTH,"[(100164, 100), (100222, 100), (100243, 100), (100282, 100), (100286, 100)]"
2019-06-28 15:12:10.000000000,IMBALANCE,"[269, 500]"
2019-06-28 15:12:20.000000000,BID_DEPTH,"[(100044, 3), (99949, 63), (99948, 3), (99674, 100), (99639, 100)]"
2019-06-28 15:12:20.000000000,ASK_DEPTH,"[(100164, 100), (100222, 100), (100243, 100), (100282, 100), (100286, 100)]"
2019-06-28 15:12:20.000000000,IMBALANCE,"[269, 500]"
2019-06-28 15:12:23.766922365,HOLDINGS_UPDATED,"{'CASH': -264840124, 'JPM': 2869}"
2019-06-28 15:12:30.000000000,BID_DEPTH,"[(99949, 63), (99948, 3), (99674, 100), (99639, 100), (99632, 100)]"
2019-06-28 15:12:30.000000000,ASK_DEPTH,"[(100164, 100), (100222, 100), (100243, 100), (100282, 100), (100286, 100)]"
2019-06-28 15:12:30.000000000,IMBALANCE,"[366, 500]"
2019-06-28 15:12:37.471645926,HOLDINGS_UPDATED,"{'CASH': -268538237, 'JPM': 2906}"
2019-06-28 15:12:40.000000000,BID_DEPTH,"[(99948, 3), (99699, 100), (99674, 100), (99639, 100), (99632, 100)]"
2019-06-28 15:12:40.000000000,ASK_DEPTH,"[(100164, 100), (100222, 100), (100243, 100), (100282, 100), (100286, 100)]"
2019-06-28 15:12:40.000000000,IMBALANCE,"[403, 500]"
2019-06-28 15:12:50.000000000,BID_DEPTH,"[(99948, 3), (99699, 100), (99674, 100), (99639, 100), (99632, 100)]"
2019-06-28 15:12:50.000000000,ASK_DEPTH,"[(100164, 100), (100222, 100), (100243, 100), (100282, 100), (100286, 100)]"
2019-06-28 15:12:50.000000000,IMBALANCE,"[403, 500]"
2019-06-28 15:13:00.000000000,BID_DEPTH,"[(99948, 3), (99699, 100), (99674, 100), (99639, 100), (99632, 100)]"
2019-06-28 15:13:00.000000000,ASK_DEPTH,"[(100164, 100), (100222, 100), (100243, 100), (100282, 100), (100286, 100)]"
2019-06-28 15:13:00.000000000,IMBALANCE,"[403, 500]"
2019-06-28 15:13:00.000000000,HOLDINGS_UPDATED,"{'CASH': -269137925, 'JPM': 2912}"
2019-06-28 15:13:00.000000000,HOLDINGS_UPDATED,"{'CASH': -269637665, 'JPM': 2917}"
2019-06-28 15:13:00.000000000,HOLDINGS_UPDATED,"{'CASH': -269937509, 'JPM': 2920}"
2019-06-28 15:13:00.000000000,HOLDINGS_UPDATED,"{'CASH': -270737093, 'JPM': 2928}"
2019-06-28 15:13:00.000000000,HOLDINGS_UPDATED,"{'CASH': -271036937, 'JPM': 2931}"
2019-06-28 15:13:00.000000000,HOLDINGS_UPDATED,"{'CASH': -271636625, 'JPM': 2937}"
2019-06-28 15:13:00.000000000,HOLDINGS_UPDATED,"{'CASH': -272436209, 'JPM': 2945}"
2019-06-28 15:13:00.000000000,HOLDINGS_UPDATED,"{'CASH': -272536157, 'JPM': 2946}"
2019-06-28 15:13:00.000000000,HOLDINGS_UPDATED,"{'CASH': -272636105, 'JPM': 2947}"
2019-06-28 15:13:00.000000000,HOLDINGS_UPDATED,"{'CASH': -273135845, 'JPM': 2952}"
2019-06-28 15:13:00.000000000,HOLDINGS_UPDATED,"{'CASH': -273235793, 'JPM': 2953}"
2019-06-28 15:13:00.000000000,HOLDINGS_UPDATED,"{'CASH': -273435689, 'JPM': 2955}"
2019-06-28 15:13:00.000000000,HOLDINGS_UPDATED,"{'CASH': -273935429, 'JPM': 2960}"
2019-06-28 15:13:00.000000000,HOLDINGS_UPDATED,"{'CASH': -274834961, 'JPM': 2969}"
2019-06-28 15:13:00.000000000,HOLDINGS_UPDATED,"{'CASH': -275734493, 'JPM': 2978}"
2019-06-28 15:13:00.000000000,HOLDINGS_UPDATED,"{'CASH': -276534077, 'JPM': 2986}"
2019-06-28 15:13:00.000000000,HOLDINGS_UPDATED,"{'CASH': -276933869, 'JPM': 2990}"
2019-06-28 15:13:00.000000000,HOLDINGS_UPDATED,"{'CASH': -277433609, 'JPM': 2995}"
2019-06-28 15:13:00.000000000,HOLDINGS_UPDATED,"{'CASH': -278133245, 'JPM': 3002}"
2019-06-28 15:13:00.000000000,HOLDINGS_UPDATED,"{'CASH': -278932829, 'JPM': 3010}"
2019-06-28 15:13:00.000000000,HOLDINGS_UPDATED,"{'CASH': -279832361, 'JPM': 3019}"
2019-06-28 15:13:00.000000000,HOLDINGS_UPDATED,"{'CASH': -280631945, 'JPM': 3027}"
2019-06-28 15:13:00.000000000,HOLDINGS_UPDATED,"{'CASH': -280931789, 'JPM': 3030}"
2019-06-28 15:13:10.000000000,BID_DEPTH,"[(99699, 100), (99674, 100), (99639, 100), (99632, 100), (99294, 100)]"
2019-06-28 15:13:10.000000000,ASK_DEPTH,"[(100164, 100), (100222, 100), (100243, 100), (100282, 100), (100286, 100)]"
2019-06-28 15:13:10.000000000,IMBALANCE,"[500, 500]"
2019-06-28 15:13:20.000000000,BID_DEPTH,"[(99699, 100), (99674, 100), (99639, 100), (99632, 100), (99294, 100)]"
2019-06-28 15:13:20.000000000,ASK_DEPTH,"[(99948, 200), (100164, 100), (100222, 100), (100243, 100), (100282, 100)]"
2019-06-28 15:13:20.000000000,IMBALANCE,"[500, 600]"
2019-06-28 15:13:30.000000000,BID_DEPTH,"[(99699, 100), (99674, 100), (99639, 100), (99632, 100), (99294, 100)]"
2019-06-28 15:13:30.000000000,ASK_DEPTH,"[(99948, 200), (100164, 100), (100222, 100), (100243, 100), (100282, 100)]"
2019-06-28 15:13:30.000000000,IMBALANCE,"[500, 600]"
2019-06-28 15:13:40.000000000,BID_DEPTH,"[(99699, 100), (99674, 100), (99639, 100), (99632, 100), (99294, 100)]"
2019-06-28 15:13:40.000000000,ASK_DEPTH,"[(99948, 200), (100164, 100), (100222, 100), (100243, 100), (100282, 100)]"
2019-06-28 15:13:40.000000000,IMBALANCE,"[500, 600]"
2019-06-28 15:13:50.000000000,BID_DEPTH,"[(99699, 100), (99674, 100), (99639, 100), (99632, 100), (99294, 100)]"
2019-06-28 15:13:50.000000000,ASK_DEPTH,"[(99948, 200), (100164, 100), (100222, 100), (100243, 100), (100282, 100)]"
2019-06-28 15:13:50.000000000,IMBALANCE,"[500, 600]"
2019-06-28 15:14:00.000000000,BID_DEPTH,"[(99699, 100), (99674, 100), (99639, 100), (99632, 100), (99294, 100)]"
2019-06-28 15:14:00.000000000,ASK_DEPTH,"[(99948, 200), (100164, 100), (100222, 100), (100243, 100), (100282, 100)]"
2019-06-28 15:14:00.000000000,IMBALANCE,"[500, 600]"
2019-06-28 15:14:00.000000000,HOLDINGS_UPDATED,"{'CASH': -281629682, 'JPM': 3037}"
2019-06-28 15:14:00.000000000,HOLDINGS_UPDATED,"{'CASH': -282526973, 'JPM': 3046}"
2019-06-28 15:14:00.000000000,HOLDINGS_UPDATED,"{'CASH': -283324565, 'JPM': 3054}"
2019-06-28 15:14:00.000000000,HOLDINGS_UPDATED,"{'CASH': -283623662, 'JPM': 3057}"
2019-06-28 15:14:08.155878826,HOLDINGS_UPDATED,"{'CASH': -293593562, 'JPM': 3157}"
2019-06-28 15:14:10.000000000,BID_DEPTH,"[(99699, 3), (99674, 100), (99639, 100), (99632, 100), (99294, 100)]"
2019-06-28 15:14:10.000000000,ASK_DEPTH,"[(99948, 200), (100164, 100), (100222, 100), (100243, 100), (100282, 100)]"
2019-06-28 15:14:10.000000000,IMBALANCE,"[403, 600]"
2019-06-28 15:14:20.000000000,BID_DEPTH,"[(99699, 3), (99674, 100), (99639, 100), (99632, 100), (99362, 100)]"
2019-06-28 15:14:20.000000000,ASK_DEPTH,"[(99948, 200), (100164, 100), (100222, 100), (100243, 100), (100282, 100)]"
2019-06-28 15:14:20.000000000,IMBALANCE,"[403, 600]"
2019-06-28 15:14:28.263800798,HOLDINGS_UPDATED,"{'CASH': -303264365, 'JPM': 3254}"
2019-06-28 15:14:30.000000000,BID_DEPTH,"[(99674, 100), (99639, 100), (99632, 100), (99362, 100), (99294, 100)]"
2019-06-28 15:14:30.000000000,ASK_DEPTH,"[(99948, 200), (100164, 100), (100222, 100), (100243, 100), (100282, 100)]"
2019-06-28 15:14:30.000000000,IMBALANCE,"[500, 600]"
2019-06-28 15:14:40.000000000,BID_DEPTH,"[(99674, 100), (99639, 100), (99632, 100), (99362, 100), (99294, 100)]"
2019-06-28 15:14:40.000000000,ASK_DEPTH,"[(99948, 200), (100164, 100), (100222, 100), (100243, 100), (100282, 100)]"
2019-06-28 15:14:40.000000000,IMBALANCE,"[500, 600]"
2019-06-28 15:14:50.000000000,BID_DEPTH,"[(99674, 100), (99639, 100), (99632, 100), (99362, 100), (99294, 100)]"
2019-06-28 15:14:50.000000000,ASK_DEPTH,"[(99948, 200), (100164, 100), (100222, 100), (100243, 100), (100282, 100)]"
2019-06-28 15:14:50.000000000,IMBALANCE,"[500, 600]"
2019-06-28 15:15:00.000000000,BID_DEPTH,"[(99674, 100), (99639, 100), (99632, 100), (99362, 100), (99294, 100)]"
2019-06-28 15:15:00.000000000,ASK_DEPTH,"[(99948, 200), (100164, 100), (100222, 100), (100243, 100), (100282, 100)]"
2019-06-28 15:15:00.000000000,IMBALANCE,"[500, 600]"
2019-06-28 15:15:00.000000000,HOLDINGS_UPDATED,"{'CASH': -303962083, 'JPM': 3261}"
2019-06-28 15:15:00.000000000,HOLDINGS_UPDATED,"{'CASH': -304859149, 'JPM': 3270}"
2019-06-28 15:15:00.000000000,HOLDINGS_UPDATED,"{'CASH': -305656541, 'JPM': 3278}"
2019-06-28 15:15:00.000000000,HOLDINGS_UPDATED,"{'CASH': -305955563, 'JPM': 3281}"
2019-06-28 15:15:10.000000000,BID_DEPTH,"[(99674, 3), (99639, 100), (99632, 100), (99362, 100), (99294, 100)]"
2019-06-28 15:15:10.000000000,ASK_DEPTH,"[(99948, 200), (100222, 100), (100282, 100), (100544, 100), (100654, 100)]"
2019-06-28 15:15:10.000000000,IMBALANCE,"[403, 600]"
2019-06-28 15:15:16.927684961,HOLDINGS_UPDATED,"{'CASH': -315623941, 'JPM': 3378}"
2019-06-28 15:15:20.000000000,BID_DEPTH,"[(99639, 100), (99632, 100), (99362, 100), (99294, 100), (99265, 100)]"
2019-06-28 15:15:20.000000000,ASK_DEPTH,"[(99948, 200), (100222, 100), (100282, 100), (100544, 100), (100654, 100)]"
2019-06-28 15:15:20.000000000,IMBALANCE,"[500, 600]"
2019-06-28 15:15:30.000000000,BID_DEPTH,"[(99632, 100), (99362, 100), (99294, 100), (99265, 100), (99213, 100)]"
2019-06-28 15:15:30.000000000,ASK_DEPTH,"[(99948, 200), (100222, 100), (100282, 100), (100544, 100), (100654, 100)]"
2019-06-28 15:15:30.000000000,IMBALANCE,"[500, 600]"
2019-06-28 15:15:40.000000000,BID_DEPTH,"[(99362, 100), (99294, 100), (99265, 100), (99213, 100), (99185, 100)]"
2019-06-28 15:15:40.000000000,ASK_DEPTH,"[(99948, 200), (100222, 100), (100282, 100), (100544, 100), (100654, 100)]"
2019-06-28 15:15:40.000000000,IMBALANCE,"[500, 600]"
2019-06-28 15:15:50.000000000,BID_DEPTH,"[(99362, 100), (99294, 100), (99265, 100), (99213, 100), (99185, 100)]"
2019-06-28 15:15:50.000000000,ASK_DEPTH,"[(99948, 200), (100222, 100), (100282, 100), (100544, 100), (100654, 100)]"
2019-06-28 15:15:50.000000000,IMBALANCE,"[500, 600]"
2019-06-28 15:16:00.000000000,BID_DEPTH,"[(99362, 100), (99294, 100), (99265, 100), (99213, 100), (99185, 100)]"
2019-06-28 15:16:00.000000000,ASK_DEPTH,"[(99948, 200), (100222, 100), (100282, 100), (100544, 100), (100654, 100)]"
2019-06-28 15:16:00.000000000,IMBALANCE,"[500, 600]"
2019-06-28 15:16:00.000000000,HOLDINGS_UPDATED,"{'CASH': -316319475, 'JPM': 3385}"
2019-06-28 15:16:00.000000000,HOLDINGS_UPDATED,"{'CASH': -317213733, 'JPM': 3394}"
2019-06-28 15:16:00.000000000,HOLDINGS_UPDATED,"{'CASH': -318008629, 'JPM': 3402}"
2019-06-28 15:16:00.000000000,HOLDINGS_UPDATED,"{'CASH': -318306715, 'JPM': 3405}"
2019-06-28 15:16:10.000000000,BID_DEPTH,"[(99362, 3), (99294, 100), (99265, 100), (99213, 100), (99185, 100)]"
2019-06-28 15:16:10.000000000,ASK_DEPTH,"[(99948, 200), (100222, 100), (100282, 100), (100544, 100), (100654, 100)]"
2019-06-28 15:16:10.000000000,IMBALANCE,"[403, 600]"
2019-06-28 15:16:16.133692824,HOLDINGS_UPDATED,"{'CASH': -326653123, 'JPM': 3489}"
2019-06-28 15:16:20.000000000,BID_DEPTH,"[(99294, 100), (99265, 100), (99213, 100), (99185, 100), (99181, 100)]"
2019-06-28 15:16:20.000000000,ASK_DEPTH,"[(99362, 13), (99948, 200), (100222, 100), (100282, 100), (100544, 100)]"
2019-06-28 15:16:20.000000000,IMBALANCE,"[500, 513]"
2019-06-28 15:16:30.000000000,BID_DEPTH,"[(99325, 100), (99294, 100), (99265, 100), (99213, 100), (99185, 100)]"
2019-06-28 15:16:30.000000000,ASK_DEPTH,"[(99362, 13), (99948, 200), (100222, 100), (100282, 100), (100544, 100)]"
2019-06-28 15:16:30.000000000,IMBALANCE,"[500, 513]"
2019-06-28 15:16:40.000000000,BID_DEPTH,"[(99325, 100), (99294, 100), (99265, 100), (99213, 100), (99185, 100)]"
2019-06-28 15:16:40.000000000,ASK_DEPTH,"[(99362, 13), (99948, 200), (100222, 100), (100282, 100), (100544, 100)]"
2019-06-28 15:16:40.000000000,IMBALANCE,"[500, 513]"
2019-06-28 15:16:50.000000000,BID_DEPTH,"[(99325, 100), (99294, 100), (99265, 100), (99213, 100), (99185, 100)]"
2019-06-28 15:16:50.000000000,ASK_DEPTH,"[(99362, 13), (99948, 200), (100222, 100), (100282, 100), (100544, 100)]"
2019-06-28 15:16:50.000000000,IMBALANCE,"[500, 513]"
2019-06-28 15:17:00.000000000,BID_DEPTH,"[(99325, 100), (99294, 100), (99265, 100), (99213, 100), (99185, 100)]"
2019-06-28 15:17:00.000000000,ASK_DEPTH,"[(99362, 13), (99948, 200), (100222, 100), (100282, 100), (100544, 100)]"
2019-06-28 15:17:00.000000000,IMBALANCE,"[500, 513]"
2019-06-28 15:17:00.000000000,HOLDINGS_UPDATED,"{'CASH': -327348398, 'JPM': 3496}"
2019-06-28 15:17:00.000000000,HOLDINGS_UPDATED,"{'CASH': -328242323, 'JPM': 3505}"
2019-06-28 15:17:00.000000000,HOLDINGS_UPDATED,"{'CASH': -329036923, 'JPM': 3513}"
2019-06-28 15:17:00.000000000,HOLDINGS_UPDATED,"{'CASH': -329334898, 'JPM': 3516}"
2019-06-28 15:17:10.000000000,BID_DEPTH,"[(99325, 3), (99294, 100), (99265, 100), (99213, 100), (99185, 100)]"
2019-06-28 15:17:10.000000000,ASK_DEPTH,"[(99362, 13), (99948, 200), (100222, 100), (100282, 100), (100544, 100)]"
2019-06-28 15:17:10.000000000,IMBALANCE,"[403, 513]"
2019-06-28 15:17:15.584792152,HOLDINGS_UPDATED,"{'CASH': -337678198, 'JPM': 3600}"
2019-06-28 15:17:20.000000000,BID_DEPTH,"[(99294, 100), (99265, 100), (99213, 100), (99185, 100), (99181, 100)]"
2019-06-28 15:17:20.000000000,ASK_DEPTH,"[(99325, 13), (99362, 13), (99948, 200), (100222, 100), (100282, 100)]"
2019-06-28 15:17:20.000000000,IMBALANCE,"[500, 426]"
2019-06-28 15:17:30.000000000,BID_DEPTH,"[(99294, 100), (99265, 100), (99213, 100), (99185, 100), (99181, 100)]"
2019-06-28 15:17:30.000000000,ASK_DEPTH,"[(99325, 113), (99362, 13), (99948, 200), (100222, 100), (100282, 100)]"
2019-06-28 15:17:30.000000000,IMBALANCE,"[500, 526]"
2019-06-28 15:17:40.000000000,BID_DEPTH,"[(99265, 100), (99213, 100), (99185, 100), (99181, 100), (99178, 100)]"
2019-06-28 15:17:40.000000000,ASK_DEPTH,"[(99325, 13), (99362, 13), (99948, 200), (100222, 100), (100282, 100)]"
2019-06-28 15:17:40.000000000,IMBALANCE,"[500, 426]"
2019-06-28 15:17:50.000000000,BID_DEPTH,"[(99213, 100), (99185, 100), (99181, 100), (99178, 100), (99123, 100)]"
2019-06-28 15:17:50.000000000,ASK_DEPTH,"[(99325, 13), (99362, 13), (99948, 200), (100222, 100), (100282, 100)]"
2019-06-28 15:17:50.000000000,IMBALANCE,"[500, 426]"
2019-06-28 15:18:00.000000000,BID_DEPTH,"[(99213, 100), (99185, 100), (99181, 100), (99178, 100), (99123, 100)]"
2019-06-28 15:18:00.000000000,ASK_DEPTH,"[(99325, 13), (99362, 13), (99948, 200), (100222, 100), (100282, 100)]"
2019-06-28 15:18:00.000000000,IMBALANCE,"[500, 426]"
2019-06-28 15:18:00.000000000,HOLDINGS_UPDATED,"{'CASH': -338372689, 'JPM': 3607}"
2019-06-28 15:18:00.000000000,HOLDINGS_UPDATED,"{'CASH': -339265606, 'JPM': 3616}"
2019-06-28 15:18:00.000000000,HOLDINGS_UPDATED,"{'CASH': -340059310, 'JPM': 3624}"
2019-06-28 15:18:00.000000000,HOLDINGS_UPDATED,"{'CASH': -340356949, 'JPM': 3627}"
2019-06-28 15:18:10.000000000,BID_DEPTH,"[(99213, 3), (99185, 100), (99181, 100), (99178, 100), (99123, 100)]"
2019-06-28 15:18:10.000000000,ASK_DEPTH,"[(99325, 13), (99362, 13), (99948, 200), (100222, 100), (100282, 100)]"
2019-06-28 15:18:10.000000000,IMBALANCE,"[403, 426]"
2019-06-28 15:18:20.000000000,BID_DEPTH,"[(99213, 3), (99185, 100), (99181, 100), (99178, 100), (99123, 100)]"
2019-06-28 15:18:20.000000000,ASK_DEPTH,"[(99325, 13), (99362, 13), (99948, 200), (100222, 100), (100282, 100)]"
2019-06-28 15:18:20.000000000,IMBALANCE,"[403, 426]"
2019-06-28 15:18:30.000000000,BID_DEPTH,"[(99213, 3), (99185, 100), (99181, 100), (99178, 100), (99123, 100)]"
2019-06-28 15:18:30.000000000,ASK_DEPTH,"[(99325, 13), (99721, 100), (99948, 200), (100222, 100), (100282, 100)]"
2019-06-28 15:18:30.000000000,IMBALANCE,"[403, 513]"
2019-06-28 15:18:40.000000000,BID_DEPTH,"[(99213, 3), (99185, 100), (99181, 100), (99178, 100), (99123, 100)]"
2019-06-28 15:18:40.000000000,ASK_DEPTH,"[(99325, 13), (99721, 100), (99948, 200), (100222, 100), (100282, 100)]"
2019-06-28 15:18:40.000000000,IMBALANCE,"[403, 513]"
2019-06-28 15:18:47.721074809,HOLDINGS_UPDATED,"{'CASH': -332013649, 'JPM': 3543}"
2019-06-28 15:18:50.000000000,BID_DEPTH,"[(99325, 3), (99213, 3), (99185, 100), (99178, 100), (99123, 100)]"
2019-06-28 15:18:50.000000000,ASK_DEPTH,"[(99721, 100), (99948, 200), (100222, 100), (100282, 100), (100544, 100)]"
2019-06-28 15:18:50.000000000,IMBALANCE,"[306, 600]"
2019-06-28 15:19:00.000000000,BID_DEPTH,"[(99325, 3), (99213, 3), (99185, 100), (99178, 100), (99123, 100)]"
2019-06-28 15:19:00.000000000,ASK_DEPTH,"[(99721, 100), (99948, 200), (100222, 100), (100282, 100), (100544, 100)]"
2019-06-28 15:19:00.000000000,IMBALANCE,"[306, 600]"
2019-06-28 15:19:00.000000000,HOLDINGS_UPDATED,"{'CASH': -332609599, 'JPM': 3549}"
2019-06-28 15:19:00.000000000,HOLDINGS_UPDATED,"{'CASH': -333106224, 'JPM': 3554}"
2019-06-28 15:19:00.000000000,HOLDINGS_UPDATED,"{'CASH': -333404199, 'JPM': 3557}"
2019-06-28 15:19:00.000000000,HOLDINGS_UPDATED,"{'CASH': -334198799, 'JPM': 3565}"
2019-06-28 15:19:00.000000000,HOLDINGS_UPDATED,"{'CASH': -334496774, 'JPM': 3568}"
2019-06-28 15:19:00.000000000,HOLDINGS_UPDATED,"{'CASH': -335092724, 'JPM': 3574}"
2019-06-28 15:19:00.000000000,HOLDINGS_UPDATED,"{'CASH': -335887324, 'JPM': 3582}"
2019-06-28 15:19:00.000000000,HOLDINGS_UPDATED,"{'CASH': -335986649, 'JPM': 3583}"
2019-06-28 15:19:00.000000000,HOLDINGS_UPDATED,"{'CASH': -336085974, 'JPM': 3584}"
2019-06-28 15:19:00.000000000,HOLDINGS_UPDATED,"{'CASH': -336582599, 'JPM': 3589}"
2019-06-28 15:19:00.000000000,HOLDINGS_UPDATED,"{'CASH': -336681924, 'JPM': 3590}"
2019-06-28 15:19:00.000000000,HOLDINGS_UPDATED,"{'CASH': -336880574, 'JPM': 3592}"
2019-06-28 15:19:00.000000000,HOLDINGS_UPDATED,"{'CASH': -337377199, 'JPM': 3597}"
2019-06-28 15:19:00.000000000,HOLDINGS_UPDATED,"{'CASH': -338271124, 'JPM': 3606}"
2019-06-28 15:19:00.000000000,HOLDINGS_UPDATED,"{'CASH': -339165049, 'JPM': 3615}"
2019-06-28 15:19:00.000000000,HOLDINGS_UPDATED,"{'CASH': -339959649, 'JPM': 3623}"
2019-06-28 15:19:00.000000000,HOLDINGS_UPDATED,"{'CASH': -340356949, 'JPM': 3627}"
2019-06-28 15:19:00.000000000,HOLDINGS_UPDATED,"{'CASH': -340853574, 'JPM': 3632}"
2019-06-28 15:19:00.000000000,HOLDINGS_UPDATED,"{'CASH': -341548849, 'JPM': 3639}"
2019-06-28 15:19:00.000000000,HOLDINGS_UPDATED,"{'CASH': -342343449, 'JPM': 3647}"
2019-06-28 15:19:00.000000000,HOLDINGS_UPDATED,"{'CASH': -343237374, 'JPM': 3656}"
2019-06-28 15:19:00.000000000,HOLDINGS_UPDATED,"{'CASH': -344031974, 'JPM': 3664}"
2019-06-28 15:19:00.000000000,HOLDINGS_UPDATED,"{'CASH': -344329949, 'JPM': 3667}"
2019-06-28 15:19:10.000000000,BID_DEPTH,"[(99325, 103), (99213, 3), (99185, 100), (99178, 100), (99123, 100)]"
2019-06-28 15:19:10.000000000,ASK_DEPTH,"[(99721, 100), (99948, 100), (100222, 100), (100282, 100), (100544, 100)]"
2019-06-28 15:19:10.000000000,IMBALANCE,"[406, 500]"
2019-06-28 15:19:20.000000000,BID_DEPTH,"[(99325, 103), (99213, 3), (99185, 100), (99178, 100), (99123, 100)]"
2019-06-28 15:19:20.000000000,ASK_DEPTH,"[(99721, 100), (99948, 100), (100222, 100), (100282, 100), (100544, 100)]"
2019-06-28 15:19:20.000000000,IMBALANCE,"[406, 500]"
2019-06-28 15:19:30.000000000,BID_DEPTH,"[(99325, 103), (99213, 3), (99185, 100), (99178, 100), (99123, 100)]"
2019-06-28 15:19:30.000000000,ASK_DEPTH,"[(99721, 100), (99948, 100), (100222, 100), (100282, 100), (100544, 100)]"
2019-06-28 15:19:30.000000000,IMBALANCE,"[406, 500]"
2019-06-28 15:19:40.000000000,BID_DEPTH,"[(99325, 103), (99213, 3), (99185, 100), (99178, 100), (99123, 100)]"
2019-06-28 15:19:40.000000000,ASK_DEPTH,"[(99721, 100), (99948, 100), (100222, 100), (100282, 100), (100544, 100)]"
2019-06-28 15:19:40.000000000,IMBALANCE,"[406, 500]"
2019-06-28 15:19:50.000000000,BID_DEPTH,"[(99325, 103), (99213, 3), (99185, 100), (99178, 100), (99123, 100)]"
2019-06-28 15:19:50.000000000,ASK_DEPTH,"[(99721, 100), (99948, 100), (100222, 100), (100282, 100), (100544, 100)]"
2019-06-28 15:19:50.000000000,IMBALANCE,"[406, 500]"
2019-06-28 15:20:00.000000000,BID_DEPTH,"[(99325, 103), (99213, 3), (99185, 100), (99178, 100), (99123, 100)]"
2019-06-28 15:20:00.000000000,ASK_DEPTH,"[(99721, 100), (99948, 100), (100222, 100), (100282, 100), (100544, 100)]"
2019-06-28 15:20:00.000000000,IMBALANCE,"[406, 500]"
2019-06-28 15:20:00.000000000,HOLDINGS_UPDATED,"{'CASH': -344727249, 'JPM': 3671}"
2019-06-28 15:20:00.000000000,HOLDINGS_UPDATED,"{'CASH': -345621174, 'JPM': 3680}"
2019-06-28 15:20:00.000000000,HOLDINGS_UPDATED,"{'CASH': -346415774, 'JPM': 3688}"
2019-06-28 15:20:00.000000000,HOLDINGS_UPDATED,"{'CASH': -346713749, 'JPM': 3691}"
2019-06-28 15:20:10.000000000,BID_DEPTH,"[(99325, 3), (99213, 3), (99185, 100), (99178, 100), (99123, 100)]"
2019-06-28 15:20:10.000000000,ASK_DEPTH,"[(99721, 100), (99948, 100), (100222, 100), (100282, 100), (100544, 100)]"
2019-06-28 15:20:10.000000000,IMBALANCE,"[306, 500]"
2019-06-28 15:20:20.000000000,BID_DEPTH,"[(99325, 3), (99213, 3), (99185, 100), (99178, 100), (99123, 100)]"
2019-06-28 15:20:20.000000000,ASK_DEPTH,"[(99721, 100), (99948, 100), (100222, 100), (100282, 100), (100544, 100)]"
2019-06-28 15:20:20.000000000,IMBALANCE,"[306, 500]"
2019-06-28 15:20:30.000000000,BID_DEPTH,"[(99325, 3), (99213, 3), (99185, 100), (99178, 100), (99123, 100)]"
2019-06-28 15:20:30.000000000,ASK_DEPTH,"[(99721, 100), (99948, 100), (100222, 100), (100244, 100), (100544, 100)]"
2019-06-28 15:20:30.000000000,IMBALANCE,"[306, 500]"
2019-06-28 15:20:40.000000000,BID_DEPTH,"[(99325, 3), (99213, 3), (99185, 100), (99178, 100), (99123, 100)]"
2019-06-28 15:20:40.000000000,ASK_DEPTH,"[(99721, 100), (99948, 100), (100222, 100), (100244, 100), (100544, 100)]"
2019-06-28 15:20:40.000000000,IMBALANCE,"[306, 500]"
2019-06-28 15:20:50.000000000,BID_DEPTH,"[(99325, 3), (99213, 3), (99185, 100), (99178, 100), (99123, 100)]"
2019-06-28 15:20:50.000000000,ASK_DEPTH,"[(99721, 100), (99948, 100), (100222, 100), (100244, 100), (100544, 100)]"
2019-06-28 15:20:50.000000000,IMBALANCE,"[306, 500]"
2019-06-28 15:21:00.000000000,BID_DEPTH,"[(99325, 3), (99213, 3), (99185, 100), (99178, 100), (99123, 100)]"
2019-06-28 15:21:00.000000000,ASK_DEPTH,"[(99721, 100), (99948, 100), (100222, 100), (100244, 100), (100544, 100)]"
2019-06-28 15:21:00.000000000,IMBALANCE,"[306, 500]"
2019-06-28 15:21:00.000000000,HOLDINGS_UPDATED,"{'CASH': -347309699, 'JPM': 3697}"
2019-06-28 15:21:00.000000000,HOLDINGS_UPDATED,"{'CASH': -347806324, 'JPM': 3702}"
2019-06-28 15:21:00.000000000,HOLDINGS_UPDATED,"{'CASH': -348104299, 'JPM': 3705}"
2019-06-28 15:21:00.000000000,HOLDINGS_UPDATED,"{'CASH': -348898899, 'JPM': 3713}"
2019-06-28 15:21:00.000000000,HOLDINGS_UPDATED,"{'CASH': -349196874, 'JPM': 3716}"
2019-06-28 15:21:00.000000000,HOLDINGS_UPDATED,"{'CASH': -349792824, 'JPM': 3722}"
2019-06-28 15:21:00.000000000,HOLDINGS_UPDATED,"{'CASH': -350587424, 'JPM': 3730}"
2019-06-28 15:21:00.000000000,HOLDINGS_UPDATED,"{'CASH': -350686749, 'JPM': 3731}"
2019-06-28 15:21:00.000000000,HOLDINGS_UPDATED,"{'CASH': -350786074, 'JPM': 3732}"
2019-06-28 15:21:00.000000000,HOLDINGS_UPDATED,"{'CASH': -351282699, 'JPM': 3737}"
2019-06-28 15:21:00.000000000,HOLDINGS_UPDATED,"{'CASH': -351382024, 'JPM': 3738}"
2019-06-28 15:21:00.000000000,HOLDINGS_UPDATED,"{'CASH': -351580674, 'JPM': 3740}"
2019-06-28 15:21:00.000000000,HOLDINGS_UPDATED,"{'CASH': -352077299, 'JPM': 3745}"
2019-06-28 15:21:00.000000000,HOLDINGS_UPDATED,"{'CASH': -352971224, 'JPM': 3754}"
2019-06-28 15:21:00.000000000,HOLDINGS_UPDATED,"{'CASH': -353865149, 'JPM': 3763}"
2019-06-28 15:21:00.000000000,HOLDINGS_UPDATED,"{'CASH': -354659749, 'JPM': 3771}"
2019-06-28 15:21:00.000000000,HOLDINGS_UPDATED,"{'CASH': -355057049, 'JPM': 3775}"
2019-06-28 15:21:00.000000000,HOLDINGS_UPDATED,"{'CASH': -355553674, 'JPM': 3780}"
2019-06-28 15:21:00.000000000,HOLDINGS_UPDATED,"{'CASH': -356248949, 'JPM': 3787}"
2019-06-28 15:21:00.000000000,HOLDINGS_UPDATED,"{'CASH': -357043549, 'JPM': 3795}"
2019-06-28 15:21:00.000000000,HOLDINGS_UPDATED,"{'CASH': -357937474, 'JPM': 3804}"
2019-06-28 15:21:00.000000000,HOLDINGS_UPDATED,"{'CASH': -358732074, 'JPM': 3812}"
2019-06-28 15:21:00.000000000,HOLDINGS_UPDATED,"{'CASH': -359030049, 'JPM': 3815}"
2019-06-28 15:21:10.000000000,BID_DEPTH,"[(99213, 3), (99185, 100), (99178, 100), (99123, 100), (98985, 100)]"
2019-06-28 15:21:10.000000000,ASK_DEPTH,"[(99721, 100), (99891, 100), (99948, 100), (100222, 100), (100244, 100)]"
2019-06-28 15:21:10.000000000,IMBALANCE,"[403, 500]"
2019-06-28 15:21:20.000000000,BID_DEPTH,"[(99213, 3), (99185, 100), (99178, 100), (99123, 100), (98985, 100)]"
2019-06-28 15:21:20.000000000,ASK_DEPTH,"[(99721, 100), (99891, 100), (99948, 100), (100222, 100), (100244, 100)]"
2019-06-28 15:21:20.000000000,IMBALANCE,"[403, 500]"
2019-06-28 15:21:30.000000000,BID_DEPTH,"[(99213, 3), (99185, 100), (99178, 100), (99123, 100), (98985, 100)]"
2019-06-28 15:21:30.000000000,ASK_DEPTH,"[(99721, 100), (99891, 100), (99948, 100), (100222, 100), (100244, 100)]"
2019-06-28 15:21:30.000000000,IMBALANCE,"[403, 500]"
2019-06-28 15:21:40.000000000,BID_DEPTH,"[(99213, 3), (99185, 100), (99178, 100), (99123, 100), (98985, 100)]"
2019-06-28 15:21:40.000000000,ASK_DEPTH,"[(99721, 100), (99891, 100), (99948, 100), (100222, 100), (100244, 100)]"
2019-06-28 15:21:40.000000000,IMBALANCE,"[403, 500]"
2019-06-28 15:21:50.000000000,BID_DEPTH,"[(99213, 3), (99185, 100), (99178, 100), (99123, 100), (98985, 100)]"
2019-06-28 15:21:50.000000000,ASK_DEPTH,"[(99721, 100), (99891, 100), (99948, 100), (100222, 100), (100244, 100)]"
2019-06-28 15:21:50.000000000,IMBALANCE,"[403, 500]"
2019-06-28 15:22:00.000000000,BID_DEPTH,"[(99213, 3), (99185, 100), (99178, 100), (99123, 100), (98985, 100)]"
2019-06-28 15:22:00.000000000,ASK_DEPTH,"[(99721, 100), (99891, 100), (99948, 100), (100222, 100), (100244, 100)]"
2019-06-28 15:22:00.000000000,IMBALANCE,"[403, 500]"
2019-06-28 15:22:00.000000000,HOLDINGS_UPDATED,"{'CASH': -359625327, 'JPM': 3821}"
2019-06-28 15:22:00.000000000,HOLDINGS_UPDATED,"{'CASH': -360121392, 'JPM': 3826}"
2019-06-28 15:22:00.000000000,HOLDINGS_UPDATED,"{'CASH': -360419031, 'JPM': 3829}"
2019-06-28 15:22:00.000000000,HOLDINGS_UPDATED,"{'CASH': -361212735, 'JPM': 3837}"
2019-06-28 15:22:00.000000000,HOLDINGS_UPDATED,"{'CASH': -361510374, 'JPM': 3840}"
2019-06-28 15:22:00.000000000,HOLDINGS_UPDATED,"{'CASH': -362105652, 'JPM': 3846}"
2019-06-28 15:22:00.000000000,HOLDINGS_UPDATED,"{'CASH': -362899356, 'JPM': 3854}"
2019-06-28 15:22:00.000000000,HOLDINGS_UPDATED,"{'CASH': -362998569, 'JPM': 3855}"
2019-06-28 15:22:00.000000000,HOLDINGS_UPDATED,"{'CASH': -363097782, 'JPM': 3856}"
2019-06-28 15:22:00.000000000,HOLDINGS_UPDATED,"{'CASH': -363593847, 'JPM': 3861}"
2019-06-28 15:22:00.000000000,HOLDINGS_UPDATED,"{'CASH': -363693060, 'JPM': 3862}"
2019-06-28 15:22:00.000000000,HOLDINGS_UPDATED,"{'CASH': -363891486, 'JPM': 3864}"
2019-06-28 15:22:00.000000000,HOLDINGS_UPDATED,"{'CASH': -364387551, 'JPM': 3869}"
2019-06-28 15:22:00.000000000,HOLDINGS_UPDATED,"{'CASH': -365280468, 'JPM': 3878}"
2019-06-28 15:22:00.000000000,HOLDINGS_UPDATED,"{'CASH': -366173385, 'JPM': 3887}"
2019-06-28 15:22:00.000000000,HOLDINGS_UPDATED,"{'CASH': -366967089, 'JPM': 3895}"
2019-06-28 15:22:00.000000000,HOLDINGS_UPDATED,"{'CASH': -367363941, 'JPM': 3899}"
2019-06-28 15:22:00.000000000,HOLDINGS_UPDATED,"{'CASH': -367860006, 'JPM': 3904}"
2019-06-28 15:22:00.000000000,HOLDINGS_UPDATED,"{'CASH': -368554497, 'JPM': 3911}"
2019-06-28 15:22:00.000000000,HOLDINGS_UPDATED,"{'CASH': -369348201, 'JPM': 3919}"
2019-06-28 15:22:00.000000000,HOLDINGS_UPDATED,"{'CASH': -370241118, 'JPM': 3928}"
2019-06-28 15:22:00.000000000,HOLDINGS_UPDATED,"{'CASH': -371034822, 'JPM': 3936}"
2019-06-28 15:22:00.000000000,HOLDINGS_UPDATED,"{'CASH': -371332461, 'JPM': 3939}"
2019-06-28 15:22:10.000000000,BID_DEPTH,"[(99213, 100), (99185, 100), (99123, 100), (98985, 100)]"
2019-06-28 15:22:10.000000000,ASK_DEPTH,"[(99891, 100), (99948, 100), (100222, 100), (100244, 100), (100439, 100)]"
2019-06-28 15:22:10.000000000,IMBALANCE,"[400, 500]"
2019-06-28 15:22:20.000000000,BID_DEPTH,"[(99213, 100), (99185, 100), (99123, 100), (98985, 100)]"
2019-06-28 15:22:20.000000000,ASK_DEPTH,"[(99891, 100), (99948, 100), (100222, 100), (100244, 100), (100439, 100)]"
2019-06-28 15:22:20.000000000,IMBALANCE,"[400, 500]"
2019-06-28 15:22:30.000000000,BID_DEPTH,"[(99213, 100), (99185, 100), (99123, 100), (98985, 100)]"
2019-06-28 15:22:30.000000000,ASK_DEPTH,"[(99891, 100), (99948, 100), (100222, 100), (100244, 100), (100439, 100)]"
2019-06-28 15:22:30.000000000,IMBALANCE,"[400, 500]"
2019-06-28 15:22:40.000000000,BID_DEPTH,"[(99213, 200), (99185, 100), (99123, 100), (98985, 100)]"
2019-06-28 15:22:40.000000000,ASK_DEPTH,"[(99891, 100), (99948, 100), (100222, 100), (100244, 100), (100439, 100)]"
2019-06-28 15:22:40.000000000,IMBALANCE,"[500, 500]"
2019-06-28 15:22:50.000000000,BID_DEPTH,"[(99213, 200), (99185, 100), (99123, 100), (98985, 100)]"
2019-06-28 15:22:50.000000000,ASK_DEPTH,"[(99891, 100), (99948, 100), (100222, 100), (100244, 100), (100439, 100)]"
2019-06-28 15:22:50.000000000,IMBALANCE,"[500, 500]"
2019-06-28 15:23:00.000000000,BID_DEPTH,"[(99213, 200), (99185, 100), (99123, 100), (98985, 100)]"
2019-06-28 15:23:00.000000000,ASK_DEPTH,"[(99891, 100), (99948, 100), (100222, 100), (100244, 100), (100439, 100)]"
2019-06-28 15:23:00.000000000,IMBALANCE,"[500, 500]"
2019-06-28 15:23:10.000000000,BID_DEPTH,"[(99213, 73), (99185, 100), (99123, 100), (98985, 100)]"
2019-06-28 15:23:10.000000000,ASK_DEPTH,"[(99891, 100), (99948, 100), (100222, 100), (100244, 100), (100439, 100)]"
2019-06-28 15:23:10.000000000,IMBALANCE,"[373, 500]"
2019-06-28 15:23:20.000000000,BID_DEPTH,"[(99213, 73), (99185, 100), (99123, 100), (98985, 100)]"
2019-06-28 15:23:20.000000000,ASK_DEPTH,"[(99891, 100), (99948, 100), (100222, 100), (100244, 100), (100434, 100)]"
2019-06-28 15:23:20.000000000,IMBALANCE,"[373, 500]"
2019-06-28 15:23:30.000000000,BID_DEPTH,"[(99213, 73), (99185, 100), (99123, 100), (98985, 100)]"
2019-06-28 15:23:30.000000000,ASK_DEPTH,"[(99891, 100), (99948, 100), (100222, 100), (100244, 100), (100434, 100)]"
2019-06-28 15:23:30.000000000,IMBALANCE,"[373, 500]"
2019-06-28 15:23:40.000000000,BID_DEPTH,"[(99213, 73), (99185, 100), (99123, 100), (98985, 100)]"
2019-06-28 15:23:40.000000000,ASK_DEPTH,"[(99891, 100), (99948, 100), (100222, 100), (100244, 100), (100280, 100)]"
2019-06-28 15:23:40.000000000,IMBALANCE,"[373, 500]"
2019-06-28 15:23:50.000000000,BID_DEPTH,"[(99213, 73), (99185, 100), (99123, 100), (98985, 100)]"
2019-06-28 15:23:50.000000000,ASK_DEPTH,"[(99948, 100), (100222, 100), (100244, 100), (100280, 100), (100350, 100)]"
2019-06-28 15:23:50.000000000,IMBALANCE,"[373, 500]"
2019-06-28 15:24:00.000000000,BID_DEPTH,"[(99213, 73), (99185, 100), (99123, 100), (98985, 100)]"
2019-06-28 15:24:00.000000000,ASK_DEPTH,"[(99948, 100), (100222, 100), (100244, 100), (100280, 100), (100350, 100)]"
2019-06-28 15:24:00.000000000,IMBALANCE,"[373, 500]"
2019-06-28 15:24:00.000000000,HOLDINGS_UPDATED,"{'CASH': -371530887, 'JPM': 3941}"
2019-06-28 15:24:00.000000000,HOLDINGS_UPDATED,"{'CASH': -372324591, 'JPM': 3949}"
2019-06-28 15:24:00.000000000,HOLDINGS_UPDATED,"{'CASH': -372721443, 'JPM': 3953}"
2019-06-28 15:24:00.000000000,HOLDINGS_UPDATED,"{'CASH': -373217508, 'JPM': 3958}"
2019-06-28 15:24:00.000000000,HOLDINGS_UPDATED,"{'CASH': -373911999, 'JPM': 3965}"
2019-06-28 15:24:00.000000000,HOLDINGS_UPDATED,"{'CASH': -374705703, 'JPM': 3973}"
2019-06-28 15:24:00.000000000,HOLDINGS_UPDATED,"{'CASH': -375598620, 'JPM': 3982}"
2019-06-28 15:24:00.000000000,HOLDINGS_UPDATED,"{'CASH': -376392324, 'JPM': 3990}"
2019-06-28 15:24:00.000000000,HOLDINGS_UPDATED,"{'CASH': -376689963, 'JPM': 3993}"
2019-06-28 15:24:10.000000000,BID_DEPTH,"[(99213, 100), (99185, 100), (99123, 100), (98985, 100)]"
2019-06-28 15:24:10.000000000,ASK_DEPTH,"[(99948, 100), (100222, 100), (100244, 100), (100280, 100), (100350, 100)]"
2019-06-28 15:24:10.000000000,IMBALANCE,"[400, 500]"
2019-06-28 15:24:20.000000000,BID_DEPTH,"[(99213, 100), (99185, 100), (99123, 100), (98985, 100)]"
2019-06-28 15:24:20.000000000,ASK_DEPTH,"[(99948, 100), (100222, 100), (100244, 100), (100280, 100), (100350, 100)]"
2019-06-28 15:24:20.000000000,IMBALANCE,"[400, 500]"
2019-06-28 15:24:30.000000000,BID_DEPTH,"[(99213, 100), (99185, 100), (99123, 100), (98985, 100)]"
2019-06-28 15:24:30.000000000,ASK_DEPTH,"[(99948, 100), (100182, 100), (100222, 100), (100244, 100), (100280, 100)]"
2019-06-28 15:24:30.000000000,IMBALANCE,"[400, 500]"
2019-06-28 15:24:40.000000000,BID_DEPTH,"[(99213, 100), (99185, 100), (99123, 100), (98985, 100)]"
2019-06-28 15:24:40.000000000,ASK_DEPTH,"[(99948, 100), (100182, 100), (100222, 100), (100244, 100), (100280, 100)]"
2019-06-28 15:24:40.000000000,IMBALANCE,"[400, 500]"
2019-06-28 15:24:50.000000000,BID_DEPTH,"[(99213, 100), (99185, 100), (99123, 100), (98985, 100)]"
2019-06-28 15:24:50.000000000,ASK_DEPTH,"[(100182, 100), (100222, 100), (100244, 100), (100280, 100), (100350, 100)]"
2019-06-28 15:24:50.000000000,IMBALANCE,"[400, 500]"
2019-06-28 15:25:00.000000000,BID_DEPTH,"[(99213, 100), (99185, 100), (99123, 100), (98985, 100)]"
2019-06-28 15:25:00.000000000,ASK_DEPTH,"[(100182, 100), (100222, 100), (100244, 100), (100280, 100), (100350, 100)]"
2019-06-28 15:25:00.000000000,IMBALANCE,"[400, 500]"
2019-06-28 15:25:00.000000000,HOLDINGS_UPDATED,"{'CASH': -377384454, 'JPM': 4000}"
2019-06-28 15:25:00.000000000,HOLDINGS_UPDATED,"{'CASH': -378277371, 'JPM': 4009}"
2019-06-28 15:25:00.000000000,HOLDINGS_UPDATED,"{'CASH': -379071075, 'JPM': 4017}"
2019-06-28 15:25:00.000000000,HOLDINGS_UPDATED,"{'CASH': -379368714, 'JPM': 4020}"
2019-06-28 15:25:10.000000000,BID_DEPTH,"[(99185, 100), (99123, 100), (98985, 100)]"
2019-06-28 15:25:10.000000000,ASK_DEPTH,"[(100182, 100), (100222, 100), (100244, 100), (100280, 100), (100350, 100)]"
2019-06-28 15:25:10.000000000,IMBALANCE,"[300, 500]"
2019-06-28 15:25:20.000000000,BID_DEPTH,"[(99213, 100), (99185, 100), (99123, 100), (98985, 100)]"
2019-06-28 15:25:20.000000000,ASK_DEPTH,"[(100182, 100), (100222, 100), (100244, 100), (100280, 100), (100350, 100)]"
2019-06-28 15:25:20.000000000,IMBALANCE,"[400, 500]"
2019-06-28 15:25:26.493870705,HOLDINGS_UPDATED,"{'CASH': -369350514, 'JPM': 3920}"
2019-06-28 15:25:30.000000000,BID_DEPTH,"[(99213, 100), (99123, 100), (98985, 100)]"
2019-06-28 15:25:30.000000000,ASK_DEPTH,"[(100222, 100), (100244, 100), (100280, 100), (100350, 100), (100434, 100)]"
2019-06-28 15:25:30.000000000,IMBALANCE,"[300, 500]"
2019-06-28 15:25:40.000000000,BID_DEPTH,"[(99213, 100), (99123, 100), (98985, 100)]"
2019-06-28 15:25:40.000000000,ASK_DEPTH,"[(100222, 100), (100244, 100), (100280, 100), (100350, 100), (100434, 100)]"
2019-06-28 15:25:40.000000000,IMBALANCE,"[300, 500]"
2019-06-28 15:25:50.000000000,BID_DEPTH,"[(99213, 100), (99123, 100), (98985, 100)]"
2019-06-28 15:25:50.000000000,ASK_DEPTH,"[(100222, 100), (100244, 100), (100280, 100), (100350, 100), (100434, 100)]"
2019-06-28 15:25:50.000000000,IMBALANCE,"[300, 500]"
2019-06-28 15:26:00.000000000,BID_DEPTH,"[(99213, 100), (99123, 100), (98985, 100)]"
2019-06-28 15:26:00.000000000,ASK_DEPTH,"[(100222, 100), (100244, 100), (100280, 100), (100350, 100), (100434, 100)]"
2019-06-28 15:26:00.000000000,IMBALANCE,"[300, 500]"
2019-06-28 15:26:00.000000000,HOLDINGS_UPDATED,"{'CASH': -370045005, 'JPM': 3927}"
2019-06-28 15:26:00.000000000,HOLDINGS_UPDATED,"{'CASH': -370937922, 'JPM': 3936}"
2019-06-28 15:26:00.000000000,HOLDINGS_UPDATED,"{'CASH': -371731626, 'JPM': 3944}"
2019-06-28 15:26:00.000000000,HOLDINGS_UPDATED,"{'CASH': -372029265, 'JPM': 3947}"
2019-06-28 15:26:10.000000000,BID_DEPTH,"[(99123, 100), (98985, 100)]"
2019-06-28 15:26:10.000000000,ASK_DEPTH,"[(100222, 100), (100244, 100), (100280, 100), (100350, 100), (100434, 100)]"
2019-06-28 15:26:10.000000000,IMBALANCE,"[200, 500]"
2019-06-28 15:26:20.000000000,BID_DEPTH,"[(99123, 100), (98985, 100)]"
2019-06-28 15:26:20.000000000,ASK_DEPTH,"[(100244, 100), (100280, 100), (100350, 100), (100434, 100), (100439, 100)]"
2019-06-28 15:26:20.000000000,IMBALANCE,"[200, 500]"
2019-06-28 15:26:30.000000000,BID_DEPTH,"[(99123, 100), (98985, 100)]"
2019-06-28 15:26:30.000000000,ASK_DEPTH,"[(100244, 100), (100280, 100), (100350, 100), (100434, 100), (100439, 100)]"
2019-06-28 15:26:30.000000000,IMBALANCE,"[200, 500]"
2019-06-28 15:26:40.000000000,BID_DEPTH,"[(99123, 100), (98985, 100)]"
2019-06-28 15:26:40.000000000,ASK_DEPTH,"[(100244, 100), (100280, 100), (100350, 100), (100434, 100), (100439, 100)]"
2019-06-28 15:26:40.000000000,IMBALANCE,"[200, 500]"
2019-06-28 15:26:50.000000000,BID_DEPTH,"[(99123, 100), (98985, 100)]"
2019-06-28 15:26:50.000000000,ASK_DEPTH,"[(100244, 100), (100280, 100), (100350, 100), (100434, 100), (100439, 100)]"
2019-06-28 15:26:50.000000000,IMBALANCE,"[200, 500]"
2019-06-28 15:27:00.000000000,BID_DEPTH,"[(99123, 100), (98985, 100)]"
2019-06-28 15:27:00.000000000,ASK_DEPTH,"[(100244, 100), (100280, 100), (100350, 100), (100434, 100), (100439, 100)]"
2019-06-28 15:27:00.000000000,IMBALANCE,"[200, 500]"
2019-06-28 15:27:00.000000000,HOLDINGS_UPDATED,"{'CASH': -372723126, 'JPM': 3954}"
2019-06-28 15:27:00.000000000,HOLDINGS_UPDATED,"{'CASH': -373615233, 'JPM': 3963}"
2019-06-28 15:27:00.000000000,HOLDINGS_UPDATED,"{'CASH': -374408217, 'JPM': 3971}"
2019-06-28 15:27:00.000000000,HOLDINGS_UPDATED,"{'CASH': -374705586, 'JPM': 3974}"
2019-06-28 15:27:10.000000000,BID_DEPTH,"[(98985, 100)]"
2019-06-28 15:27:10.000000000,ASK_DEPTH,"[(100244, 100), (100280, 100), (100350, 100), (100434, 100), (100439, 100)]"
2019-06-28 15:27:10.000000000,IMBALANCE,"[100, 500]"
2019-06-28 15:27:20.000000000,BID_DEPTH,"[(98985, 100)]"
2019-06-28 15:27:20.000000000,ASK_DEPTH,"[(100280, 100), (100350, 100), (100434, 100), (100456, 100), (100529, 100)]"
2019-06-28 15:27:20.000000000,IMBALANCE,"[100, 500]"
2019-06-28 15:27:30.000000000,BID_DEPTH,"[(98985, 100)]"
2019-06-28 15:27:30.000000000,ASK_DEPTH,"[(100280, 100), (100350, 100), (100434, 100), (100456, 100), (100529, 100)]"
2019-06-28 15:27:30.000000000,IMBALANCE,"[100, 500]"
2019-06-28 15:27:40.000000000,BID_DEPTH,"[(98985, 100)]"
2019-06-28 15:27:40.000000000,ASK_DEPTH,"[(100280, 100), (100350, 100), (100434, 100), (100456, 100), (100529, 100)]"
2019-06-28 15:27:40.000000000,IMBALANCE,"[100, 500]"
2019-06-28 15:27:50.000000000,BID_DEPTH,"[(98985, 100)]"
2019-06-28 15:27:50.000000000,ASK_DEPTH,"[(100280, 100), (100350, 100), (100434, 100), (100456, 100), (100529, 100)]"
2019-06-28 15:27:50.000000000,IMBALANCE,"[100, 500]"
2019-06-28 15:28:00.000000000,BID_DEPTH,"[(99123, 100), (98985, 100)]"
2019-06-28 15:28:00.000000000,ASK_DEPTH,"[(100280, 100), (100350, 100), (100434, 100), (100456, 100), (100529, 100)]"
2019-06-28 15:28:00.000000000,IMBALANCE,"[200, 500]"
2019-06-28 15:28:00.000000000,HOLDINGS_UPDATED,"{'CASH': -375399447, 'JPM': 3981}"
2019-06-28 15:28:00.000000000,HOLDINGS_UPDATED,"{'CASH': -376291554, 'JPM': 3990}"
2019-06-28 15:28:00.000000000,HOLDINGS_UPDATED,"{'CASH': -377084538, 'JPM': 3998}"
2019-06-28 15:28:00.000000000,HOLDINGS_UPDATED,"{'CASH': -377381907, 'JPM': 4001}"
2019-06-28 15:28:10.000000000,BID_DEPTH,"[(98985, 100)]"
2019-06-28 15:28:10.000000000,ASK_DEPTH,"[(100280, 100), (100350, 100), (100434, 100), (100456, 100), (100529, 100)]"
2019-06-28 15:28:10.000000000,IMBALANCE,"[100, 500]"
2019-06-28 15:28:20.000000000,BID_DEPTH,"[(99123, 100), (98985, 100)]"
2019-06-28 15:28:20.000000000,ASK_DEPTH,"[(100280, 100), (100350, 100), (100434, 100), (100456, 100), (100529, 100)]"
2019-06-28 15:28:20.000000000,IMBALANCE,"[200, 500]"
2019-06-28 15:28:30.000000000,BID_DEPTH,"[(99123, 100), (98985, 100)]"
2019-06-28 15:28:30.000000000,ASK_DEPTH,"[(100280, 100), (100350, 100), (100434, 100), (100456, 100), (100529, 100)]"
2019-06-28 15:28:30.000000000,IMBALANCE,"[200, 500]"
2019-06-28 15:28:40.000000000,BID_DEPTH,"[(99123, 100), (98985, 100)]"
2019-06-28 15:28:40.000000000,ASK_DEPTH,"[(100280, 100), (100350, 100), (100434, 100), (100456, 100), (100529, 100)]"
2019-06-28 15:28:40.000000000,IMBALANCE,"[200, 500]"
2019-06-28 15:28:50.000000000,BID_DEPTH,"[(99123, 100), (98985, 100)]"
2019-06-28 15:28:50.000000000,ASK_DEPTH,"[(100280, 100), (100350, 100), (100434, 100), (100456, 100), (100529, 100)]"
2019-06-28 15:28:50.000000000,IMBALANCE,"[200, 500]"
2019-06-28 15:29:00.000000000,BID_DEPTH,"[(99123, 100), (98985, 100)]"
2019-06-28 15:29:00.000000000,ASK_DEPTH,"[(100350, 100), (100434, 100), (100456, 100), (100529, 100), (100544, 100)]"
2019-06-28 15:29:00.000000000,IMBALANCE,"[200, 500]"
2019-06-28 15:29:00.000000000,HOLDINGS_UPDATED,"{'CASH': -378075768, 'JPM': 4008}"
2019-06-28 15:29:00.000000000,HOLDINGS_UPDATED,"{'CASH': -378967875, 'JPM': 4017}"
2019-06-28 15:29:00.000000000,HOLDINGS_UPDATED,"{'CASH': -379760859, 'JPM': 4025}"
2019-06-28 15:29:00.000000000,HOLDINGS_UPDATED,"{'CASH': -380058228, 'JPM': 4028}"
2019-06-28 15:29:10.000000000,BID_DEPTH,"[(98985, 100)]"
2019-06-28 15:29:10.000000000,ASK_DEPTH,"[(100350, 100), (100434, 100), (100456, 100), (100529, 100), (100544, 100)]"
2019-06-28 15:29:10.000000000,IMBALANCE,"[100, 500]"
2019-06-28 15:29:20.000000000,BID_DEPTH,"[(98985, 100)]"
2019-06-28 15:29:20.000000000,ASK_DEPTH,"[(100434, 100), (100456, 100), (100529, 100), (100544, 100), (100577, 100)]"
2019-06-28 15:29:20.000000000,IMBALANCE,"[100, 500]"
2019-06-28 15:29:30.000000000,BID_DEPTH,"[(98985, 100)]"
2019-06-28 15:29:30.000000000,ASK_DEPTH,"[(100434, 100), (100456, 100), (100529, 100), (100544, 100), (100577, 100)]"
2019-06-28 15:29:30.000000000,IMBALANCE,"[100, 500]"
2019-06-28 15:29:40.000000000,BID_DEPTH,"[(98985, 100)]"
2019-06-28 15:29:40.000000000,ASK_DEPTH,"[(100456, 100), (100529, 100), (100544, 100), (100577, 100), (100654, 100)]"
2019-06-28 15:29:40.000000000,IMBALANCE,"[100, 500]"
2019-06-28 15:29:50.000000000,BID_DEPTH,"[(98985, 100)]"
2019-06-28 15:29:50.000000000,ASK_DEPTH,"[(100456, 100), (100529, 100), (100544, 100), (100577, 100), (100654, 100)]"
2019-06-28 15:29:50.000000000,IMBALANCE,"[100, 500]"
2019-06-28 15:30:00.000000000,BID_DEPTH,"[(100350, 100), (98985, 100)]"
2019-06-28 15:30:00.000000000,ASK_DEPTH,"[(100456, 100), (100529, 100), (100544, 100), (100577, 100), (100654, 100)]"
2019-06-28 15:30:00.000000000,IMBALANCE,"[200, 500]"
2019-06-28 15:30:00.000000000,HOLDINGS_UPDATED,"{'CASH': -380760678, 'JPM': 4035}"
2019-06-28 15:30:00.000000000,HOLDINGS_UPDATED,"{'CASH': -381663828, 'JPM': 4044}"
2019-06-28 15:30:00.000000000,HOLDINGS_UPDATED,"{'CASH': -382466628, 'JPM': 4052}"
2019-06-28 15:30:00.000000000,HOLDINGS_UPDATED,"{'CASH': -382767678, 'JPM': 4055}"
2019-06-28 15:30:10.000000000,BID_DEPTH,"[(100350, 100), (98985, 100)]"
2019-06-28 15:30:10.000000000,ASK_DEPTH,"[(100456, 100), (100529, 100), (100544, 100), (100577, 100), (100654, 100)]"
2019-06-28 15:30:10.000000000,IMBALANCE,"[200, 500]"
2019-06-28 15:30:20.000000000,BID_DEPTH,"[(100350, 100), (98985, 100)]"
2019-06-28 15:30:20.000000000,ASK_DEPTH,"[(100456, 100), (100529, 100), (100544, 100), (100577, 100), (100654, 100)]"
2019-06-28 15:30:20.000000000,IMBALANCE,"[200, 500]"
2019-06-28 15:30:30.000000000,BID_DEPTH,"[(100350, 100), (98985, 100)]"
2019-06-28 15:30:30.000000000,ASK_DEPTH,"[(100456, 100), (100529, 100), (100544, 100), (100577, 100), (100654, 100)]"
2019-06-28 15:30:30.000000000,IMBALANCE,"[200, 500]"
2019-06-28 15:30:40.000000000,BID_DEPTH,"[(100350, 100), (98985, 100)]"
2019-06-28 15:30:40.000000000,ASK_DEPTH,"[(100456, 100), (100529, 100), (100544, 100), (100577, 100), (100654, 100)]"
2019-06-28 15:30:40.000000000,IMBALANCE,"[200, 500]"
2019-06-28 15:30:50.000000000,BID_DEPTH,"[(100350, 100), (98985, 100)]"
2019-06-28 15:30:50.000000000,ASK_DEPTH,"[(100456, 100), (100529, 100), (100544, 100), (100577, 100), (100654, 100)]"
2019-06-28 15:30:50.000000000,IMBALANCE,"[200, 500]"
2019-06-28 15:31:00.000000000,BID_DEPTH,"[(100420, 100), (100350, 100), (98985, 100)]"
2019-06-28 15:31:00.000000000,ASK_DEPTH,"[(100456, 100), (100529, 100), (100544, 100), (100577, 100), (100654, 100)]"
2019-06-28 15:31:00.000000000,IMBALANCE,"[300, 500]"
2019-06-28 15:31:00.000000000,HOLDINGS_UPDATED,"{'CASH': -383470618, 'JPM': 4062}"
2019-06-28 15:31:00.000000000,HOLDINGS_UPDATED,"{'CASH': -384374398, 'JPM': 4071}"
2019-06-28 15:31:00.000000000,HOLDINGS_UPDATED,"{'CASH': -385177758, 'JPM': 4079}"
2019-06-28 15:31:00.000000000,HOLDINGS_UPDATED,"{'CASH': -385479018, 'JPM': 4082}"
2019-06-28 15:31:10.000000000,BID_DEPTH,"[(100350, 100), (98985, 100)]"
2019-06-28 15:31:10.000000000,ASK_DEPTH,"[(100456, 100), (100529, 100), (100544, 100), (100577, 100), (100654, 100)]"
2019-06-28 15:31:10.000000000,IMBALANCE,"[200, 500]"
2019-06-28 15:31:20.000000000,BID_DEPTH,"[(100350, 100), (98985, 100)]"
2019-06-28 15:31:20.000000000,ASK_DEPTH,"[(100456, 100), (100529, 100), (100544, 100), (100577, 100), (100654, 100)]"
2019-06-28 15:31:20.000000000,IMBALANCE,"[200, 500]"
2019-06-28 15:31:30.000000000,BID_DEPTH,"[(100350, 100), (98985, 100)]"
2019-06-28 15:31:30.000000000,ASK_DEPTH,"[(100456, 100), (100529, 100), (100544, 100), (100577, 100), (100654, 100)]"
2019-06-28 15:31:30.000000000,IMBALANCE,"[200, 500]"
2019-06-28 15:31:31.263324932,HOLDINGS_UPDATED,"{'CASH': -395514018, 'JPM': 4182}"
2019-06-28 15:31:40.000000000,BID_DEPTH,"[(99986, 100), (98985, 100)]"
2019-06-28 15:31:40.000000000,ASK_DEPTH,"[(100456, 100), (100529, 100), (100544, 100), (100577, 100), (100654, 100)]"
2019-06-28 15:31:40.000000000,IMBALANCE,"[200, 500]"
2019-06-28 15:31:50.000000000,BID_DEPTH,"[(100242, 100), (99986, 100), (98985, 100)]"
2019-06-28 15:31:50.000000000,ASK_DEPTH,"[(100456, 100), (100529, 100), (100577, 100), (100654, 100), (100693, 100)]"
2019-06-28 15:31:50.000000000,IMBALANCE,"[300, 500]"
2019-06-28 15:32:00.000000000,BID_DEPTH,"[(100242, 100), (99986, 100), (98985, 100)]"
2019-06-28 15:32:00.000000000,ASK_DEPTH,"[(100456, 100), (100529, 100), (100577, 100), (100654, 100), (100693, 100)]"
2019-06-28 15:32:00.000000000,IMBALANCE,"[300, 500]"
2019-06-28 15:32:00.000000000,HOLDINGS_UPDATED,"{'CASH': -396215712, 'JPM': 4189}"
2019-06-28 15:32:00.000000000,HOLDINGS_UPDATED,"{'CASH': -397117890, 'JPM': 4198}"
2019-06-28 15:32:00.000000000,HOLDINGS_UPDATED,"{'CASH': -397919826, 'JPM': 4206}"
2019-06-28 15:32:00.000000000,HOLDINGS_UPDATED,"{'CASH': -398220552, 'JPM': 4209}"
2019-06-28 15:32:10.000000000,BID_DEPTH,"[(99986, 100), (98985, 100)]"
2019-06-28 15:32:10.000000000,ASK_DEPTH,"[(100456, 100), (100529, 100), (100577, 100), (100654, 100), (100693, 100)]"
2019-06-28 15:32:10.000000000,IMBALANCE,"[200, 500]"
2019-06-28 15:32:20.000000000,BID_DEPTH,"[(99970, 100), (99827, 100), (98985, 100)]"
2019-06-28 15:32:20.000000000,ASK_DEPTH,"[(100456, 100), (100529, 100), (100577, 100), (100654, 100), (100693, 100)]"
2019-06-28 15:32:20.000000000,IMBALANCE,"[300, 500]"
2019-06-28 15:32:30.000000000,BID_DEPTH,"[(99838, 100), (99827, 100), (98985, 100)]"
2019-06-28 15:32:30.000000000,ASK_DEPTH,"[(100227, 100), (100456, 100), (100529, 100), (100577, 100), (100654, 100)]"
2019-06-28 15:32:30.000000000,IMBALANCE,"[300, 500]"
2019-06-28 15:32:40.000000000,BID_DEPTH,"[(99838, 100), (99827, 100), (98985, 100)]"
2019-06-28 15:32:40.000000000,ASK_DEPTH,"[(99973, 100), (100227, 100), (100456, 100), (100529, 100), (100577, 100)]"
2019-06-28 15:32:40.000000000,IMBALANCE,"[300, 500]"
2019-06-28 15:32:50.000000000,BID_DEPTH,"[(99838, 100), (99827, 100), (99764, 100), (98985, 100)]"
2019-06-28 15:32:50.000000000,ASK_DEPTH,"[(99973, 100), (100227, 100), (100529, 100), (100577, 100), (100654, 100)]"
2019-06-28 15:32:50.000000000,IMBALANCE,"[400, 500]"
2019-06-28 15:33:00.000000000,BID_DEPTH,"[(99838, 100), (99827, 100), (99764, 100), (98985, 100)]"
2019-06-28 15:33:00.000000000,ASK_DEPTH,"[(99973, 100), (100227, 100), (100242, 100), (100529, 100), (100577, 100)]"
2019-06-28 15:33:00.000000000,IMBALANCE,"[400, 500]"
2019-06-28 15:33:00.000000000,HOLDINGS_UPDATED,"{'CASH': -398919418, 'JPM': 4216}"
2019-06-28 15:33:00.000000000,HOLDINGS_UPDATED,"{'CASH': -399817960, 'JPM': 4225}"
2019-06-28 15:33:00.000000000,HOLDINGS_UPDATED,"{'CASH': -400616664, 'JPM': 4233}"
2019-06-28 15:33:00.000000000,HOLDINGS_UPDATED,"{'CASH': -400916178, 'JPM': 4236}"
2019-06-28 15:33:10.000000000,BID_DEPTH,"[(99827, 100), (99764, 100), (98985, 100)]"
2019-06-28 15:33:10.000000000,ASK_DEPTH,"[(99973, 100), (100227, 100), (100242, 100), (100529, 100), (100577, 100)]"
2019-06-28 15:33:10.000000000,IMBALANCE,"[300, 500]"
2019-06-28 15:33:20.000000000,BID_DEPTH,"[(99827, 100), (99764, 100), (99700, 100), (98985, 100)]"
2019-06-28 15:33:20.000000000,ASK_DEPTH,"[(99973, 100), (100227, 100), (100242, 100), (100529, 100), (100577, 100)]"
2019-06-28 15:33:20.000000000,IMBALANCE,"[400, 500]"
2019-06-28 15:33:30.000000000,BID_DEPTH,"[(99827, 100), (99764, 100), (99700, 100), (98985, 100)]"
2019-06-28 15:33:30.000000000,ASK_DEPTH,"[(99973, 100), (100227, 100), (100242, 100), (100529, 100), (100577, 100)]"
2019-06-28 15:33:30.000000000,IMBALANCE,"[400, 500]"
2019-06-28 15:33:40.000000000,BID_DEPTH,"[(99827, 100), (99764, 100), (99700, 100), (98985, 100)]"
2019-06-28 15:33:40.000000000,ASK_DEPTH,"[(99973, 100), (100227, 100), (100242, 100), (100529, 100), (100577, 100)]"
2019-06-28 15:33:40.000000000,IMBALANCE,"[400, 500]"
2019-06-28 15:33:50.000000000,BID_DEPTH,"[(99827, 100), (99764, 100), (99700, 100), (98985, 100)]"
2019-06-28 15:33:50.000000000,ASK_DEPTH,"[(99973, 100), (100227, 100), (100242, 100), (100529, 100), (100577, 100)]"
2019-06-28 15:33:50.000000000,IMBALANCE,"[400, 500]"
2019-06-28 15:34:00.000000000,BID_DEPTH,"[(99827, 100), (99764, 100), (99700, 100), (98985, 100)]"
2019-06-28 15:34:00.000000000,ASK_DEPTH,"[(99973, 100), (100227, 100), (100242, 100), (100529, 100), (100577, 100)]"
2019-06-28 15:34:00.000000000,IMBALANCE,"[400, 500]"
2019-06-28 15:34:00.000000000,HOLDINGS_UPDATED,"{'CASH': -401614967, 'JPM': 4243}"
2019-06-28 15:34:00.000000000,HOLDINGS_UPDATED,"{'CASH': -402513410, 'JPM': 4252}"
2019-06-28 15:34:00.000000000,HOLDINGS_UPDATED,"{'CASH': -403312026, 'JPM': 4260}"
2019-06-28 15:34:00.000000000,HOLDINGS_UPDATED,"{'CASH': -403611507, 'JPM': 4263}"
2019-06-28 15:34:10.000000000,BID_DEPTH,"[(99764, 100), (99700, 100), (98985, 100)]"
2019-06-28 15:34:10.000000000,ASK_DEPTH,"[(99973, 100), (100227, 100), (100242, 100), (100529, 100), (100577, 100)]"
2019-06-28 15:34:10.000000000,IMBALANCE,"[300, 500]"
2019-06-28 15:34:20.000000000,BID_DEPTH,"[(99764, 100), (99700, 100), (98985, 100)]"
2019-06-28 15:34:20.000000000,ASK_DEPTH,"[(99973, 100), (100227, 100), (100242, 100), (100529, 100), (100577, 100)]"
2019-06-28 15:34:20.000000000,IMBALANCE,"[300, 500]"
2019-06-28 15:34:30.000000000,BID_DEPTH,"[(99764, 100), (99700, 100), (98985, 100)]"
2019-06-28 15:34:30.000000000,ASK_DEPTH,"[(99973, 100), (100227, 100), (100242, 100), (100529, 100), (100577, 100)]"
2019-06-28 15:34:30.000000000,IMBALANCE,"[300, 500]"
2019-06-28 15:34:40.000000000,BID_DEPTH,"[(99827, 100), (99764, 100), (99700, 100), (98985, 100)]"
2019-06-28 15:34:40.000000000,ASK_DEPTH,"[(99973, 100), (100227, 100), (100242, 100), (100529, 100), (100577, 100)]"
2019-06-28 15:34:40.000000000,IMBALANCE,"[400, 500]"
2019-06-28 15:34:50.000000000,BID_DEPTH,"[(99827, 200), (99764, 100), (99700, 100), (98985, 100)]"
2019-06-28 15:34:50.000000000,ASK_DEPTH,"[(99973, 100), (100227, 100), (100242, 100), (100529, 100), (100577, 100)]"
2019-06-28 15:34:50.000000000,IMBALANCE,"[500, 500]"
2019-06-28 15:35:00.000000000,BID_DEPTH,"[(99827, 300), (99764, 100), (99700, 100), (98985, 100)]"
2019-06-28 15:35:00.000000000,ASK_DEPTH,"[(99973, 100), (100227, 100), (100242, 100), (100529, 100), (100577, 100)]"
2019-06-28 15:35:00.000000000,IMBALANCE,"[600, 500]"
2019-06-28 15:35:10.000000000,BID_DEPTH,"[(99827, 173), (99764, 100), (98985, 100)]"
2019-06-28 15:35:10.000000000,ASK_DEPTH,"[(100227, 100), (100242, 100), (100529, 100), (100577, 100), (100629, 100)]"
2019-06-28 15:35:10.000000000,IMBALANCE,"[373, 500]"
2019-06-28 15:35:20.000000000,BID_DEPTH,"[(99827, 173), (99764, 100), (98985, 100)]"
2019-06-28 15:35:20.000000000,ASK_DEPTH,"[(100165, 100), (100242, 100), (100529, 100), (100577, 100), (100629, 100)]"
2019-06-28 15:35:20.000000000,IMBALANCE,"[373, 500]"
2019-06-28 15:35:29.760405397,HOLDINGS_UPDATED,"{'CASH': -393595007, 'JPM': 4163}"
2019-06-28 15:35:30.000000000,BID_DEPTH,"[(99827, 173), (99764, 100)]"
2019-06-28 15:35:30.000000000,ASK_DEPTH,"[(100242, 100), (100529, 100), (100577, 100), (100629, 100), (100654, 100)]"
2019-06-28 15:35:30.000000000,IMBALANCE,"[273, 500]"
2019-06-28 15:35:40.000000000,BID_DEPTH,"[(99827, 173), (99764, 100)]"
2019-06-28 15:35:40.000000000,ASK_DEPTH,"[(100242, 100), (100529, 100), (100577, 100), (100629, 100), (100654, 100)]"
2019-06-28 15:35:40.000000000,IMBALANCE,"[273, 500]"
2019-06-28 15:35:50.000000000,BID_DEPTH,"[(99827, 173), (99764, 100)]"
2019-06-28 15:35:50.000000000,ASK_DEPTH,"[(100242, 100), (100529, 100), (100577, 100), (100629, 100), (100654, 100)]"
2019-06-28 15:35:50.000000000,IMBALANCE,"[273, 500]"
2019-06-28 15:36:00.000000000,BID_DEPTH,"[(99827, 173), (99764, 100)]"
2019-06-28 15:36:00.000000000,ASK_DEPTH,"[(99982, 100), (100242, 100), (100529, 100), (100577, 100), (100629, 100)]"
2019-06-28 15:36:00.000000000,IMBALANCE,"[273, 500]"
2019-06-28 15:36:10.000000000,BID_DEPTH,"[(99827, 46), (99764, 100)]"
2019-06-28 15:36:10.000000000,ASK_DEPTH,"[(99982, 100), (100242, 100), (100529, 100), (100577, 100), (100629, 100)]"
2019-06-28 15:36:10.000000000,IMBALANCE,"[146, 500]"
2019-06-28 15:36:20.000000000,BID_DEPTH,"[(99827, 46), (99826, 100), (99790, 100)]"
2019-06-28 15:36:20.000000000,ASK_DEPTH,"[(99982, 100), (100242, 100), (100529, 100), (100577, 100), (100629, 100)]"
2019-06-28 15:36:20.000000000,IMBALANCE,"[246, 500]"
2019-06-28 15:36:30.000000000,BID_DEPTH,"[(99827, 46), (99826, 100), (99790, 100)]"
2019-06-28 15:36:30.000000000,ASK_DEPTH,"[(99982, 100), (100242, 100), (100529, 100), (100577, 100), (100629, 100)]"
2019-06-28 15:36:30.000000000,IMBALANCE,"[246, 500]"
2019-06-28 15:36:40.000000000,BID_DEPTH,"[(99827, 46), (99826, 100), (99790, 100)]"
2019-06-28 15:36:40.000000000,ASK_DEPTH,"[(99982, 100), (100242, 100), (100529, 100), (100577, 100), (100629, 100)]"
2019-06-28 15:36:40.000000000,IMBALANCE,"[246, 500]"
2019-06-28 15:36:50.000000000,BID_DEPTH,"[(99827, 46), (99826, 100), (99790, 100)]"
2019-06-28 15:36:50.000000000,ASK_DEPTH,"[(100242, 100), (100529, 100), (100577, 100), (100629, 100), (100654, 100)]"
2019-06-28 15:36:50.000000000,IMBALANCE,"[246, 500]"
2019-06-28 15:37:00.000000000,BID_DEPTH,"[(100202, 100), (99827, 46), (99826, 100), (99790, 100)]"
2019-06-28 15:37:00.000000000,ASK_DEPTH,"[(100242, 100), (100295, 100), (100529, 100), (100577, 100), (100629, 100)]"
2019-06-28 15:37:00.000000000,IMBALANCE,"[346, 500]"
2019-06-28 15:37:00.000000000,HOLDINGS_UPDATED,"{'CASH': -394296421, 'JPM': 4170}"
2019-06-28 15:37:00.000000000,HOLDINGS_UPDATED,"{'CASH': -395198239, 'JPM': 4179}"
2019-06-28 15:37:00.000000000,HOLDINGS_UPDATED,"{'CASH': -395999855, 'JPM': 4187}"
2019-06-28 15:37:00.000000000,HOLDINGS_UPDATED,"{'CASH': -396300461, 'JPM': 4190}"
2019-06-28 15:37:03.708580052,HOLDINGS_UPDATED,"{'CASH': -402011975, 'JPM': 4247}"
2019-06-28 15:37:10.000000000,BID_DEPTH,"[(99827, 46), (99826, 100), (99790, 100)]"
2019-06-28 15:37:10.000000000,ASK_DEPTH,"[(100202, 43), (100242, 100), (100295, 100), (100529, 100), (100577, 100)]"
2019-06-28 15:37:10.000000000,IMBALANCE,"[246, 443]"
2019-06-28 15:37:15.400978393,HOLDINGS_UPDATED,"{'CASH': -396300461, 'JPM': 4190}"
2019-06-28 15:37:20.000000000,BID_DEPTH,"[(99827, 46), (99826, 100), (99790, 100)]"
2019-06-28 15:37:20.000000000,ASK_DEPTH,"[(100242, 100), (100295, 100), (100529, 100), (100577, 100), (100629, 100)]"
2019-06-28 15:37:20.000000000,IMBALANCE,"[246, 500]"
2019-06-28 15:37:30.000000000,BID_DEPTH,"[(99827, 46), (99826, 100), (99790, 100)]"
2019-06-28 15:37:30.000000000,ASK_DEPTH,"[(100242, 100), (100295, 100), (100529, 100), (100577, 100), (100629, 100)]"
2019-06-28 15:37:30.000000000,IMBALANCE,"[246, 500]"
2019-06-28 15:37:40.000000000,BID_DEPTH,"[(99827, 46), (99826, 100), (99790, 100)]"
2019-06-28 15:37:40.000000000,ASK_DEPTH,"[(100242, 100), (100295, 100), (100529, 100), (100577, 100), (100629, 100)]"
2019-06-28 15:37:40.000000000,IMBALANCE,"[246, 500]"
2019-06-28 15:37:50.000000000,BID_DEPTH,"[(99827, 46), (99826, 100), (99790, 100)]"
2019-06-28 15:37:50.000000000,ASK_DEPTH,"[(100242, 100), (100295, 100), (100529, 100), (100577, 100), (100629, 100)]"
2019-06-28 15:37:50.000000000,IMBALANCE,"[246, 500]"
2019-06-28 15:38:00.000000000,BID_DEPTH,"[(99827, 46), (99826, 100), (99790, 100)]"
2019-06-28 15:38:00.000000000,ASK_DEPTH,"[(100242, 100), (100295, 100), (100529, 100), (100577, 100), (100629, 100)]"
2019-06-28 15:38:00.000000000,IMBALANCE,"[246, 500]"
2019-06-28 15:38:00.000000000,HOLDINGS_UPDATED,"{'CASH': -396599942, 'JPM': 4193}"
2019-06-28 15:38:00.000000000,HOLDINGS_UPDATED,"{'CASH': -396699769, 'JPM': 4194}"
2019-06-28 15:38:00.000000000,HOLDINGS_UPDATED,"{'CASH': -396899423, 'JPM': 4196}"
2019-06-28 15:38:00.000000000,HOLDINGS_UPDATED,"{'CASH': -397398558, 'JPM': 4201}"
2019-06-28 15:38:00.000000000,HOLDINGS_UPDATED,"{'CASH': -398297001, 'JPM': 4210}"
2019-06-28 15:38:00.000000000,HOLDINGS_UPDATED,"{'CASH': -399195444, 'JPM': 4219}"
2019-06-28 15:38:00.000000000,HOLDINGS_UPDATED,"{'CASH': -399994060, 'JPM': 4227}"
2019-06-28 15:38:00.000000000,HOLDINGS_UPDATED,"{'CASH': -400393368, 'JPM': 4231}"
2019-06-28 15:38:00.000000000,HOLDINGS_UPDATED,"{'CASH': -400892503, 'JPM': 4236}"
2019-06-28 15:38:00.000000000,HOLDINGS_UPDATED,"{'CASH': -401591292, 'JPM': 4243}"
2019-06-28 15:38:00.000000000,HOLDINGS_UPDATED,"{'CASH': -402389908, 'JPM': 4251}"
2019-06-28 15:38:00.000000000,HOLDINGS_UPDATED,"{'CASH': -403288351, 'JPM': 4260}"
2019-06-28 15:38:00.000000000,HOLDINGS_UPDATED,"{'CASH': -404086967, 'JPM': 4268}"
2019-06-28 15:38:00.000000000,HOLDINGS_UPDATED,"{'CASH': -404386448, 'JPM': 4271}"
2019-06-28 15:38:10.000000000,BID_DEPTH,"[(99826, 100), (99790, 100)]"
2019-06-28 15:38:10.000000000,ASK_DEPTH,"[(100242, 100), (100295, 100), (100529, 100), (100577, 100), (100629, 100)]"
2019-06-28 15:38:10.000000000,IMBALANCE,"[200, 500]"
2019-06-28 15:38:20.000000000,BID_DEPTH,"[(99826, 100), (99790, 100)]"
2019-06-28 15:38:20.000000000,ASK_DEPTH,"[(100242, 100), (100295, 100), (100529, 100), (100577, 100), (100629, 100)]"
2019-06-28 15:38:20.000000000,IMBALANCE,"[200, 500]"
2019-06-28 15:38:30.000000000,BID_DEPTH,"[(99826, 100), (99790, 100)]"
2019-06-28 15:38:30.000000000,ASK_DEPTH,"[(100242, 100), (100295, 100), (100529, 100), (100577, 100), (100629, 100)]"
2019-06-28 15:38:30.000000000,IMBALANCE,"[200, 500]"
2019-06-28 15:38:40.000000000,BID_DEPTH,"[(99826, 100), (99790, 100)]"
2019-06-28 15:38:40.000000000,ASK_DEPTH,"[(100242, 100), (100295, 100), (100529, 100), (100577, 100), (100629, 100)]"
2019-06-28 15:38:40.000000000,IMBALANCE,"[200, 500]"
2019-06-28 15:38:50.000000000,BID_DEPTH,"[(99826, 100), (99790, 100)]"
2019-06-28 15:38:50.000000000,ASK_DEPTH,"[(100242, 100), (100295, 100), (100529, 100), (100577, 100), (100629, 100)]"
2019-06-28 15:38:50.000000000,IMBALANCE,"[200, 500]"
2019-06-28 15:39:00.000000000,BID_DEPTH,"[(99826, 100), (99790, 100)]"
2019-06-28 15:39:00.000000000,ASK_DEPTH,"[(100242, 100), (100295, 100), (100529, 100), (100577, 100), (100629, 100)]"
2019-06-28 15:39:00.000000000,IMBALANCE,"[200, 500]"
2019-06-28 15:39:00.000000000,HOLDINGS_UPDATED,"{'CASH': -405085230, 'JPM': 4278}"
2019-06-28 15:39:00.000000000,HOLDINGS_UPDATED,"{'CASH': -405983664, 'JPM': 4287}"
2019-06-28 15:39:00.000000000,HOLDINGS_UPDATED,"{'CASH': -406782272, 'JPM': 4295}"
2019-06-28 15:39:00.000000000,HOLDINGS_UPDATED,"{'CASH': -407081750, 'JPM': 4298}"
2019-06-28 15:39:10.000000000,BID_DEPTH,"[(99790, 100)]"
2019-06-28 15:39:10.000000000,ASK_DEPTH,"[(100242, 100), (100295, 100), (100529, 100), (100577, 100), (100629, 100)]"
2019-06-28 15:39:10.000000000,IMBALANCE,"[100, 500]"
2019-06-28 15:39:20.000000000,BID_DEPTH,"[(99790, 100)]"
2019-06-28 15:39:20.000000000,ASK_DEPTH,"[(100242, 100), (100295, 100), (100529, 100), (100577, 100), (100629, 100)]"
2019-06-28 15:39:20.000000000,IMBALANCE,"[100, 500]"
2019-06-28 15:39:30.000000000,BID_DEPTH,"[(99826, 100), (99790, 100)]"
2019-06-28 15:39:30.000000000,ASK_DEPTH,"[(100295, 100), (100529, 100), (100577, 100), (100629, 100), (100654, 100)]"
2019-06-28 15:39:30.000000000,IMBALANCE,"[200, 500]"
2019-06-28 15:39:40.000000000,BID_DEPTH,"[(99826, 100), (99790, 100)]"
2019-06-28 15:39:40.000000000,ASK_DEPTH,"[(100295, 100), (100529, 100), (100577, 100), (100629, 100), (100654, 100)]"
2019-06-28 15:39:40.000000000,IMBALANCE,"[200, 500]"
2019-06-28 15:39:50.000000000,BID_DEPTH,"[(99826, 100), (99790, 100)]"
2019-06-28 15:39:50.000000000,ASK_DEPTH,"[(100529, 100), (100577, 100), (100629, 100), (100654, 100), (100693, 100)]"
2019-06-28 15:39:50.000000000,IMBALANCE,"[200, 500]"
2019-06-28 15:40:00.000000000,BID_DEPTH,"[(99826, 100), (99790, 100)]"
2019-06-28 15:40:00.000000000,ASK_DEPTH,"[(100529, 100), (100577, 100), (100629, 100), (100654, 100), (100693, 100)]"
2019-06-28 15:40:00.000000000,IMBALANCE,"[200, 500]"
2019-06-28 15:40:00.000000000,HOLDINGS_UPDATED,"{'CASH': -407780532, 'JPM': 4305}"
2019-06-28 15:40:00.000000000,HOLDINGS_UPDATED,"{'CASH': -408678966, 'JPM': 4314}"
2019-06-28 15:40:00.000000000,HOLDINGS_UPDATED,"{'CASH': -409477574, 'JPM': 4322}"
2019-06-28 15:40:00.000000000,HOLDINGS_UPDATED,"{'CASH': -409777052, 'JPM': 4325}"
2019-06-28 15:40:10.000000000,BID_DEPTH,"[(99790, 100)]"
2019-06-28 15:40:10.000000000,ASK_DEPTH,"[(100529, 100), (100577, 100), (100629, 100), (100654, 100), (100693, 100)]"
2019-06-28 15:40:10.000000000,IMBALANCE,"[100, 500]"
2019-06-28 15:40:20.000000000,BID_DEPTH,"[(99826, 100), (99790, 100)]"
2019-06-28 15:40:20.000000000,ASK_DEPTH,"[(100529, 100), (100577, 100), (100629, 100), (100654, 100), (100693, 100)]"
2019-06-28 15:40:20.000000000,IMBALANCE,"[200, 500]"
2019-06-28 15:40:30.000000000,BID_DEPTH,"[(99826, 200), (99790, 100)]"
2019-06-28 15:40:30.000000000,ASK_DEPTH,"[(100577, 100), (100629, 100), (100654, 100), (100693, 100), (100820, 100)]"
2019-06-28 15:40:30.000000000,IMBALANCE,"[300, 500]"
2019-06-28 15:40:40.000000000,BID_DEPTH,"[(99826, 200), (99790, 100)]"
2019-06-28 15:40:40.000000000,ASK_DEPTH,"[(100577, 100), (100629, 100), (100654, 100), (100693, 100), (100820, 100)]"
2019-06-28 15:40:40.000000000,IMBALANCE,"[300, 500]"
2019-06-28 15:40:50.000000000,BID_DEPTH,"[(99826, 200), (99790, 100)]"
2019-06-28 15:40:50.000000000,ASK_DEPTH,"[(100577, 100), (100629, 100), (100654, 100), (100693, 100), (100820, 100)]"
2019-06-28 15:40:50.000000000,IMBALANCE,"[300, 500]"
2019-06-28 15:41:00.000000000,BID_DEPTH,"[(99826, 200), (99790, 100)]"
2019-06-28 15:41:00.000000000,ASK_DEPTH,"[(100577, 100), (100629, 100), (100654, 100), (100693, 100), (100820, 100)]"
2019-06-28 15:41:00.000000000,IMBALANCE,"[300, 500]"
2019-06-28 15:41:10.000000000,BID_DEPTH,"[(99826, 173), (99790, 100)]"
2019-06-28 15:41:10.000000000,ASK_DEPTH,"[(100629, 100), (100654, 100), (100693, 100), (100820, 100), (101034, 100)]"
2019-06-28 15:41:10.000000000,IMBALANCE,"[273, 500]"
2019-06-28 15:41:20.000000000,BID_DEPTH,"[(99826, 73), (99790, 100)]"
2019-06-28 15:41:20.000000000,ASK_DEPTH,"[(100654, 100), (100693, 100), (100820, 100), (101034, 100), (101135, 100)]"
2019-06-28 15:41:20.000000000,IMBALANCE,"[173, 500]"
2019-06-28 15:41:30.000000000,BID_DEPTH,"[(99826, 73), (99790, 100)]"
2019-06-28 15:41:30.000000000,ASK_DEPTH,"[(100693, 100), (100820, 100), (101034, 100), (101135, 100), (101169, 100)]"
2019-06-28 15:41:30.000000000,IMBALANCE,"[173, 500]"
2019-06-28 15:41:40.000000000,BID_DEPTH,"[(100629, 100), (99826, 73), (99790, 100)]"
2019-06-28 15:41:40.000000000,ASK_DEPTH,"[(100693, 100), (100820, 100), (101034, 100), (101135, 100), (101169, 100)]"
2019-06-28 15:41:40.000000000,IMBALANCE,"[273, 500]"
2019-06-28 15:41:50.000000000,BID_DEPTH,"[(100629, 100), (99826, 73), (99790, 100)]"
2019-06-28 15:41:50.000000000,ASK_DEPTH,"[(100693, 100), (100820, 100), (101034, 100), (101135, 100), (101169, 100)]"
2019-06-28 15:41:50.000000000,IMBALANCE,"[273, 500]"
2019-06-28 15:42:00.000000000,BID_DEPTH,"[(100629, 100), (99826, 73), (99790, 100)]"
2019-06-28 15:42:00.000000000,ASK_DEPTH,"[(100693, 100), (100820, 100), (101034, 100), (101135, 100), (101169, 100)]"
2019-06-28 15:42:00.000000000,IMBALANCE,"[273, 500]"
2019-06-28 15:42:00.000000000,HOLDINGS_UPDATED,"{'CASH': -410481455, 'JPM': 4332}"
2019-06-28 15:42:00.000000000,HOLDINGS_UPDATED,"{'CASH': -411387116, 'JPM': 4341}"
2019-06-28 15:42:00.000000000,HOLDINGS_UPDATED,"{'CASH': -412192148, 'JPM': 4349}"
2019-06-28 15:42:00.000000000,HOLDINGS_UPDATED,"{'CASH': -412494035, 'JPM': 4352}"
2019-06-28 15:42:10.000000000,BID_DEPTH,"[(99826, 73), (99790, 100)]"
2019-06-28 15:42:10.000000000,ASK_DEPTH,"[(100693, 100), (100820, 100), (101034, 100), (101135, 100), (101169, 100)]"
2019-06-28 15:42:10.000000000,IMBALANCE,"[173, 500]"
2019-06-28 15:42:20.000000000,BID_DEPTH,"[(99826, 73), (99790, 100)]"
2019-06-28 15:42:20.000000000,ASK_DEPTH,"[(100693, 100), (100820, 100), (101034, 100), (101135, 100), (101169, 100)]"
2019-06-28 15:42:20.000000000,IMBALANCE,"[173, 500]"
2019-06-28 15:42:30.000000000,BID_DEPTH,"[(99826, 73), (99790, 100)]"
2019-06-28 15:42:30.000000000,ASK_DEPTH,"[(100820, 100), (101034, 100), (101135, 100), (101169, 100), (101370, 100)]"
2019-06-28 15:42:30.000000000,IMBALANCE,"[173, 500]"
2019-06-28 15:42:40.000000000,BID_DEPTH,"[(100629, 100), (99826, 73), (99790, 100)]"
2019-06-28 15:42:40.000000000,ASK_DEPTH,"[(100820, 100), (101034, 100), (101135, 100), (101169, 100), (101370, 100)]"
2019-06-28 15:42:40.000000000,IMBALANCE,"[273, 500]"
2019-06-28 15:42:50.000000000,BID_DEPTH,"[(100629, 100), (99826, 73), (99790, 100)]"
2019-06-28 15:42:50.000000000,ASK_DEPTH,"[(101034, 100), (101135, 100), (101169, 100), (101370, 100), (101427, 100)]"
2019-06-28 15:42:50.000000000,IMBALANCE,"[273, 500]"
2019-06-28 15:43:00.000000000,BID_DEPTH,"[(100629, 100), (99826, 73), (99790, 100)]"
2019-06-28 15:43:00.000000000,ASK_DEPTH,"[(101135, 100), (101169, 100), (101370, 100), (101427, 100), (101445, 100)]"
2019-06-28 15:43:00.000000000,IMBALANCE,"[273, 500]"
2019-06-28 15:43:00.000000000,HOLDINGS_UPDATED,"{'CASH': -411786090, 'JPM': 4345}"
2019-06-28 15:43:00.000000000,HOLDINGS_UPDATED,"{'CASH': -410875875, 'JPM': 4336}"
2019-06-28 15:43:00.000000000,HOLDINGS_UPDATED,"{'CASH': -410066795, 'JPM': 4328}"
2019-06-28 15:43:00.000000000,HOLDINGS_UPDATED,"{'CASH': -409763390, 'JPM': 4325}"
2019-06-28 15:43:01.154485205,HOLDINGS_UPDATED,"{'CASH': -401874860, 'JPM': 4247}"
2019-06-28 15:43:10.000000000,BID_DEPTH,"[(101135, 19), (100629, 100), (99826, 73), (99790, 100)]"
2019-06-28 15:43:10.000000000,ASK_DEPTH,"[(101169, 100), (101370, 100), (101427, 100), (101445, 100), (101692, 100)]"
2019-06-28 15:43:10.000000000,IMBALANCE,"[292, 500]"
2019-06-28 15:43:20.000000000,BID_DEPTH,"[(101135, 19), (100629, 100), (99826, 73), (99790, 100)]"
2019-06-28 15:43:20.000000000,ASK_DEPTH,"[(101169, 100), (101370, 100), (101427, 100), (101445, 100), (101692, 100)]"
2019-06-28 15:43:20.000000000,IMBALANCE,"[292, 500]"
2019-06-28 15:43:30.000000000,BID_DEPTH,"[(101135, 19), (100629, 100), (99826, 73), (99790, 100)]"
2019-06-28 15:43:30.000000000,ASK_DEPTH,"[(101169, 100), (101370, 100), (101427, 100), (101445, 100), (101692, 100)]"
2019-06-28 15:43:30.000000000,IMBALANCE,"[292, 500]"
2019-06-28 15:43:40.000000000,BID_DEPTH,"[(101135, 19), (100629, 100), (99826, 73), (99790, 100)]"
2019-06-28 15:43:40.000000000,ASK_DEPTH,"[(101169, 100), (101370, 100), (101427, 100), (101445, 100), (101692, 100)]"
2019-06-28 15:43:40.000000000,IMBALANCE,"[292, 500]"
2019-06-28 15:43:50.000000000,BID_DEPTH,"[(101135, 19), (100629, 100), (99826, 73), (99790, 100)]"
2019-06-28 15:43:50.000000000,ASK_DEPTH,"[(101169, 100), (101370, 100), (101427, 100), (101445, 100), (101692, 100)]"
2019-06-28 15:43:50.000000000,IMBALANCE,"[292, 500]"
2019-06-28 15:44:00.000000000,BID_DEPTH,"[(101135, 19), (100629, 100), (99826, 73), (99790, 100)]"
2019-06-28 15:44:00.000000000,ASK_DEPTH,"[(101169, 100), (101370, 100), (101427, 100), (101445, 100), (101692, 100)]"
2019-06-28 15:44:00.000000000,IMBALANCE,"[292, 500]"
2019-06-28 15:44:00.000000000,HOLDINGS_UPDATED,"{'CASH': -401166677, 'JPM': 4240}"
2019-06-28 15:44:00.000000000,HOLDINGS_UPDATED,"{'CASH': -400256156, 'JPM': 4231}"
2019-06-28 15:44:00.000000000,HOLDINGS_UPDATED,"{'CASH': -399446804, 'JPM': 4223}"
2019-06-28 15:44:00.000000000,HOLDINGS_UPDATED,"{'CASH': -399143297, 'JPM': 4220}"
2019-06-28 15:44:02.408247619,HOLDINGS_UPDATED,"{'CASH': -407335232, 'JPM': 4301}"
2019-06-28 15:44:10.000000000,BID_DEPTH,"[(100629, 100), (99826, 73), (99790, 100)]"
2019-06-28 15:44:10.000000000,ASK_DEPTH,"[(101169, 3), (101370, 100), (101427, 100), (101445, 100), (101692, 100)]"
2019-06-28 15:44:10.000000000,IMBALANCE,"[273, 403]"
2019-06-28 15:44:20.000000000,BID_DEPTH,"[(100629, 100), (99826, 73), (99790, 100)]"
2019-06-28 15:44:20.000000000,ASK_DEPTH,"[(101169, 3), (101370, 100), (101427, 100), (101445, 100), (101692, 100)]"
2019-06-28 15:44:20.000000000,IMBALANCE,"[273, 403]"
2019-06-28 15:44:30.000000000,BID_DEPTH,"[(100629, 100), (99826, 73), (99790, 100)]"
2019-06-28 15:44:30.000000000,ASK_DEPTH,"[(101169, 3), (101370, 100), (101427, 100), (101445, 100), (101692, 100)]"
2019-06-28 15:44:30.000000000,IMBALANCE,"[273, 403]"
2019-06-28 15:44:40.000000000,BID_DEPTH,"[(100629, 100), (99826, 73), (99790, 100)]"
2019-06-28 15:44:40.000000000,ASK_DEPTH,"[(101169, 3), (101370, 100), (101427, 100), (101445, 100), (101692, 100)]"
2019-06-28 15:44:40.000000000,IMBALANCE,"[273, 403]"
2019-06-28 15:44:50.000000000,BID_DEPTH,"[(100629, 100), (99826, 73), (99790, 100)]"
2019-06-28 15:44:50.000000000,ASK_DEPTH,"[(101169, 3), (101370, 100), (101427, 100), (101445, 100), (101692, 100)]"
2019-06-28 15:44:50.000000000,IMBALANCE,"[273, 403]"
2019-06-28 15:45:00.000000000,BID_DEPTH,"[(100629, 100), (99826, 73), (99790, 100)]"
2019-06-28 15:45:00.000000000,ASK_DEPTH,"[(101168, 100), (101169, 3), (101370, 100), (101427, 100), (101445, 100)]"
2019-06-28 15:45:00.000000000,IMBALANCE,"[273, 403]"
2019-06-28 15:45:00.000000000,HOLDINGS_UPDATED,"{'CASH': -406627056, 'JPM': 4294}"
2019-06-28 15:45:00.000000000,HOLDINGS_UPDATED,"{'CASH': -405716544, 'JPM': 4285}"
2019-06-28 15:45:00.000000000,HOLDINGS_UPDATED,"{'CASH': -404907200, 'JPM': 4277}"
2019-06-28 15:45:00.000000000,HOLDINGS_UPDATED,"{'CASH': -404603696, 'JPM': 4274}"
2019-06-28 15:45:10.000000000,BID_DEPTH,"[(100629, 100), (100220, 100), (99826, 73), (99790, 100)]"
2019-06-28 15:45:10.000000000,ASK_DEPTH,"[(101168, 3), (101169, 3), (101370, 100), (101427, 100), (101445, 100)]"
2019-06-28 15:45:10.000000000,IMBALANCE,"[373, 306]"
2019-06-28 15:45:20.000000000,BID_DEPTH,"[(100220, 100), (99826, 73), (99790, 100)]"
2019-06-28 15:45:20.000000000,ASK_DEPTH,"[(101168, 3), (101169, 3), (101370, 100), (101427, 100), (101445, 100)]"
2019-06-28 15:45:20.000000000,IMBALANCE,"[273, 306]"
2019-06-28 15:45:30.000000000,BID_DEPTH,"[(100220, 100), (99826, 73), (99790, 100)]"
2019-06-28 15:45:30.000000000,ASK_DEPTH,"[(101168, 3), (101169, 3), (101370, 100), (101427, 100), (101445, 100)]"
2019-06-28 15:45:30.000000000,IMBALANCE,"[273, 306]"
2019-06-28 15:45:40.000000000,BID_DEPTH,"[(100220, 100), (99826, 73), (99790, 100)]"
2019-06-28 15:45:40.000000000,ASK_DEPTH,"[(101168, 3), (101169, 3), (101370, 100), (101427, 100), (101445, 100)]"
2019-06-28 15:45:40.000000000,IMBALANCE,"[273, 306]"
2019-06-28 15:45:50.000000000,BID_DEPTH,"[(100220, 100), (99826, 73), (99790, 100)]"
2019-06-28 15:45:50.000000000,ASK_DEPTH,"[(101168, 3), (101169, 3), (101370, 100), (101427, 100), (101445, 100)]"
2019-06-28 15:45:50.000000000,IMBALANCE,"[273, 306]"
2019-06-28 15:46:00.000000000,BID_DEPTH,"[(100220, 100), (99826, 73), (99790, 100)]"
2019-06-28 15:46:00.000000000,ASK_DEPTH,"[(101168, 3), (101169, 3), (101370, 100), (101427, 100), (101445, 100)]"
2019-06-28 15:46:00.000000000,IMBALANCE,"[273, 306]"
2019-06-28 15:46:00.000000000,HOLDINGS_UPDATED,"{'CASH': -403996688, 'JPM': 4268}"
2019-06-28 15:46:00.000000000,HOLDINGS_UPDATED,"{'CASH': -403490848, 'JPM': 4263}"
2019-06-28 15:46:00.000000000,HOLDINGS_UPDATED,"{'CASH': -403187344, 'JPM': 4260}"
2019-06-28 15:46:00.000000000,HOLDINGS_UPDATED,"{'CASH': -402378000, 'JPM': 4252}"
2019-06-28 15:46:00.000000000,HOLDINGS_UPDATED,"{'CASH': -402074496, 'JPM': 4249}"
2019-06-28 15:46:00.000000000,HOLDINGS_UPDATED,"{'CASH': -401467488, 'JPM': 4243}"
2019-06-28 15:46:00.000000000,HOLDINGS_UPDATED,"{'CASH': -400658144, 'JPM': 4235}"
2019-06-28 15:46:00.000000000,HOLDINGS_UPDATED,"{'CASH': -400556976, 'JPM': 4234}"
2019-06-28 15:46:00.000000000,HOLDINGS_UPDATED,"{'CASH': -400455808, 'JPM': 4233}"
2019-06-28 15:46:00.000000000,HOLDINGS_UPDATED,"{'CASH': -399949968, 'JPM': 4228}"
2019-06-28 15:46:00.000000000,HOLDINGS_UPDATED,"{'CASH': -399848800, 'JPM': 4227}"
2019-06-28 15:46:00.000000000,HOLDINGS_UPDATED,"{'CASH': -399646464, 'JPM': 4225}"
2019-06-28 15:46:00.000000000,HOLDINGS_UPDATED,"{'CASH': -399140624, 'JPM': 4220}"
2019-06-28 15:46:00.000000000,HOLDINGS_UPDATED,"{'CASH': -398230112, 'JPM': 4211}"
2019-06-28 15:46:00.000000000,HOLDINGS_UPDATED,"{'CASH': -397319600, 'JPM': 4202}"
2019-06-28 15:46:00.000000000,HOLDINGS_UPDATED,"{'CASH': -396510256, 'JPM': 4194}"
2019-06-28 15:46:00.000000000,HOLDINGS_UPDATED,"{'CASH': -396105584, 'JPM': 4190}"
2019-06-28 15:46:00.000000000,HOLDINGS_UPDATED,"{'CASH': -395599744, 'JPM': 4185}"
2019-06-28 15:46:00.000000000,HOLDINGS_UPDATED,"{'CASH': -394891568, 'JPM': 4178}"
2019-06-28 15:46:00.000000000,HOLDINGS_UPDATED,"{'CASH': -394082224, 'JPM': 4170}"
2019-06-28 15:46:00.000000000,HOLDINGS_UPDATED,"{'CASH': -393171712, 'JPM': 4161}"
2019-06-28 15:46:00.000000000,HOLDINGS_UPDATED,"{'CASH': -392362368, 'JPM': 4153}"
2019-06-28 15:46:00.000000000,HOLDINGS_UPDATED,"{'CASH': -392058864, 'JPM': 4150}"
2019-06-28 15:46:10.000000000,BID_DEPTH,"[(100220, 100), (99826, 73), (99790, 100)]"
2019-06-28 15:46:10.000000000,ASK_DEPTH,"[(101169, 3), (101370, 100), (101427, 100), (101445, 100), (101692, 100)]"
2019-06-28 15:46:10.000000000,IMBALANCE,"[273, 403]"
2019-06-28 15:46:20.000000000,BID_DEPTH,"[(100220, 100), (99826, 73), (99790, 100)]"
2019-06-28 15:46:20.000000000,ASK_DEPTH,"[(101169, 3), (101370, 100), (101427, 100), (101445, 100), (101692, 100)]"
2019-06-28 15:46:20.000000000,IMBALANCE,"[273, 403]"
2019-06-28 15:46:30.000000000,BID_DEPTH,"[(100220, 100), (99826, 73), (99790, 100)]"
2019-06-28 15:46:30.000000000,ASK_DEPTH,"[(101169, 3), (101370, 100), (101427, 100), (101445, 100), (101692, 100)]"
2019-06-28 15:46:30.000000000,IMBALANCE,"[273, 403]"
2019-06-28 15:46:40.000000000,BID_DEPTH,"[(99826, 73), (99790, 100)]"
2019-06-28 15:46:40.000000000,ASK_DEPTH,"[(101169, 3), (101370, 100), (101427, 100), (101445, 100), (101692, 100)]"
2019-06-28 15:46:40.000000000,IMBALANCE,"[173, 403]"
2019-06-28 15:46:50.000000000,BID_DEPTH,"[(99826, 73), (99790, 100)]"
2019-06-28 15:46:50.000000000,ASK_DEPTH,"[(101169, 3), (101370, 100), (101427, 100), (101445, 100), (101692, 100)]"
2019-06-28 15:46:50.000000000,IMBALANCE,"[173, 403]"
2019-06-28 15:47:00.000000000,BID_DEPTH,"[(100221, 100), (99826, 73), (99790, 100)]"
2019-06-28 15:47:00.000000000,ASK_DEPTH,"[(101169, 3), (101370, 100), (101427, 100), (101445, 100), (101692, 100)]"
2019-06-28 15:47:00.000000000,IMBALANCE,"[273, 403]"
2019-06-28 15:47:00.000000000,HOLDINGS_UPDATED,"{'CASH': -391451850, 'JPM': 4144}"
2019-06-28 15:47:00.000000000,HOLDINGS_UPDATED,"{'CASH': -390946005, 'JPM': 4139}"
2019-06-28 15:47:00.000000000,HOLDINGS_UPDATED,"{'CASH': -390642498, 'JPM': 4136}"
2019-06-28 15:47:00.000000000,HOLDINGS_UPDATED,"{'CASH': -389833146, 'JPM': 4128}"
2019-06-28 15:47:00.000000000,HOLDINGS_UPDATED,"{'CASH': -389529639, 'JPM': 4125}"
2019-06-28 15:47:00.000000000,HOLDINGS_UPDATED,"{'CASH': -388922625, 'JPM': 4119}"
2019-06-28 15:47:00.000000000,HOLDINGS_UPDATED,"{'CASH': -388113273, 'JPM': 4111}"
2019-06-28 15:47:00.000000000,HOLDINGS_UPDATED,"{'CASH': -388012104, 'JPM': 4110}"
2019-06-28 15:47:00.000000000,HOLDINGS_UPDATED,"{'CASH': -387910935, 'JPM': 4109}"
2019-06-28 15:47:00.000000000,HOLDINGS_UPDATED,"{'CASH': -387405090, 'JPM': 4104}"
2019-06-28 15:47:00.000000000,HOLDINGS_UPDATED,"{'CASH': -387303921, 'JPM': 4103}"
2019-06-28 15:47:00.000000000,HOLDINGS_UPDATED,"{'CASH': -387101583, 'JPM': 4101}"
2019-06-28 15:47:00.000000000,HOLDINGS_UPDATED,"{'CASH': -386595738, 'JPM': 4096}"
2019-06-28 15:47:00.000000000,HOLDINGS_UPDATED,"{'CASH': -385685217, 'JPM': 4087}"
2019-06-28 15:47:00.000000000,HOLDINGS_UPDATED,"{'CASH': -384774696, 'JPM': 4078}"
2019-06-28 15:47:00.000000000,HOLDINGS_UPDATED,"{'CASH': -383965344, 'JPM': 4070}"
2019-06-28 15:47:00.000000000,HOLDINGS_UPDATED,"{'CASH': -383560668, 'JPM': 4066}"
2019-06-28 15:47:00.000000000,HOLDINGS_UPDATED,"{'CASH': -383054823, 'JPM': 4061}"
2019-06-28 15:47:00.000000000,HOLDINGS_UPDATED,"{'CASH': -382346640, 'JPM': 4054}"
2019-06-28 15:47:00.000000000,HOLDINGS_UPDATED,"{'CASH': -381537288, 'JPM': 4046}"
2019-06-28 15:47:00.000000000,HOLDINGS_UPDATED,"{'CASH': -380626767, 'JPM': 4037}"
2019-06-28 15:47:00.000000000,HOLDINGS_UPDATED,"{'CASH': -379817415, 'JPM': 4029}"
2019-06-28 15:47:00.000000000,HOLDINGS_UPDATED,"{'CASH': -379513908, 'JPM': 4026}"
2019-06-28 15:47:10.000000000,BID_DEPTH,"[(100221, 100), (99826, 73), (99790, 100)]"
2019-06-28 15:47:10.000000000,ASK_DEPTH,"[(101370, 100), (101427, 100), (101445, 100), (101692, 100), (102226, 100)]"
2019-06-28 15:47:10.000000000,IMBALANCE,"[273, 500]"
2019-06-28 15:47:20.000000000,BID_DEPTH,"[(100221, 100), (99826, 73), (99790, 100)]"
2019-06-28 15:47:20.000000000,ASK_DEPTH,"[(100630, 100), (101370, 100), (101427, 100), (101445, 100), (101692, 100)]"
2019-06-28 15:47:20.000000000,IMBALANCE,"[273, 500]"
2019-06-28 15:47:30.000000000,BID_DEPTH,"[(100221, 100), (99826, 73), (99790, 100)]"
2019-06-28 15:47:30.000000000,ASK_DEPTH,"[(100630, 100), (101370, 100), (101427, 100), (101445, 100), (101692, 100)]"
2019-06-28 15:47:30.000000000,IMBALANCE,"[273, 500]"
2019-06-28 15:47:40.000000000,BID_DEPTH,"[(100221, 100), (99826, 73), (99790, 100)]"
2019-06-28 15:47:40.000000000,ASK_DEPTH,"[(100630, 100), (101370, 100), (101427, 100), (101445, 100), (101692, 100)]"
2019-06-28 15:47:40.000000000,IMBALANCE,"[273, 500]"
2019-06-28 15:47:50.000000000,BID_DEPTH,"[(100221, 100), (99826, 73), (99790, 100)]"
2019-06-28 15:47:50.000000000,ASK_DEPTH,"[(100630, 100), (101370, 100), (101427, 100), (101445, 100), (101692, 100)]"
2019-06-28 15:47:50.000000000,IMBALANCE,"[273, 500]"
2019-06-28 15:48:00.000000000,BID_DEPTH,"[(100221, 100), (99826, 73), (99790, 100)]"
2019-06-28 15:48:00.000000000,ASK_DEPTH,"[(100630, 100), (101169, 100), (101370, 100), (101427, 100), (101445, 100)]"
2019-06-28 15:48:00.000000000,IMBALANCE,"[273, 500]"
2019-06-28 15:48:00.000000000,HOLDINGS_UPDATED,"{'CASH': -378809498, 'JPM': 4019}"
2019-06-28 15:48:00.000000000,HOLDINGS_UPDATED,"{'CASH': -377903828, 'JPM': 4010}"
2019-06-28 15:48:00.000000000,HOLDINGS_UPDATED,"{'CASH': -377098788, 'JPM': 4002}"
2019-06-28 15:48:00.000000000,HOLDINGS_UPDATED,"{'CASH': -376796898, 'JPM': 3999}"
2019-06-28 15:48:10.000000000,BID_DEPTH,"[(100221, 100), (99826, 73), (99790, 100)]"
2019-06-28 15:48:10.000000000,ASK_DEPTH,"[(101169, 100), (101370, 100), (101427, 100), (101445, 100), (101692, 100)]"
2019-06-28 15:48:10.000000000,IMBALANCE,"[273, 500]"
2019-06-28 15:48:20.000000000,BID_DEPTH,"[(100221, 100), (99926, 100), (99826, 73), (99797, 100), (99790, 100)]"
2019-06-28 15:48:20.000000000,ASK_DEPTH,"[(101169, 100), (101370, 100), (101427, 100), (101445, 100), (101692, 100)]"
2019-06-28 15:48:20.000000000,IMBALANCE,"[473, 500]"
2019-06-28 15:48:30.000000000,BID_DEPTH,"[(100221, 100), (99926, 100), (99826, 73), (99797, 100), (99790, 100)]"
2019-06-28 15:48:30.000000000,ASK_DEPTH,"[(101169, 100), (101370, 100), (101427, 100), (101445, 100), (101692, 100)]"
2019-06-28 15:48:30.000000000,IMBALANCE,"[473, 500]"
2019-06-28 15:48:40.000000000,BID_DEPTH,"[(100221, 100), (99926, 100), (99826, 73), (99797, 100), (99790, 100)]"
2019-06-28 15:48:40.000000000,ASK_DEPTH,"[(101169, 100), (101370, 100), (101427, 100), (101445, 100), (102226, 100)]"
2019-06-28 15:48:40.000000000,IMBALANCE,"[473, 500]"
2019-06-28 15:48:50.000000000,BID_DEPTH,"[(100221, 100), (99926, 100), (99826, 73), (99797, 100), (99790, 100)]"
2019-06-28 15:48:50.000000000,ASK_DEPTH,"[(101169, 100), (101370, 100), (101427, 100), (101445, 100), (102226, 100)]"
2019-06-28 15:48:50.000000000,IMBALANCE,"[473, 500]"
2019-06-28 15:49:00.000000000,BID_DEPTH,"[(100221, 100), (99926, 100), (99826, 73), (99797, 100), (99790, 100)]"
2019-06-28 15:49:00.000000000,ASK_DEPTH,"[(101169, 100), (101370, 100), (101427, 100), (101445, 100), (102226, 100)]"
2019-06-28 15:49:00.000000000,IMBALANCE,"[473, 500]"
2019-06-28 15:49:00.000000000,HOLDINGS_UPDATED,"{'CASH': -376088715, 'JPM': 3992}"
2019-06-28 15:49:00.000000000,HOLDINGS_UPDATED,"{'CASH': -375178194, 'JPM': 3983}"
2019-06-28 15:49:00.000000000,HOLDINGS_UPDATED,"{'CASH': -374368842, 'JPM': 3975}"
2019-06-28 15:49:00.000000000,HOLDINGS_UPDATED,"{'CASH': -374065335, 'JPM': 3972}"
2019-06-28 15:49:10.000000000,BID_DEPTH,"[(100221, 100), (99926, 100), (99826, 73), (99797, 100), (99790, 100)]"
2019-06-28 15:49:10.000000000,ASK_DEPTH,"[(101370, 100), (101427, 100), (101445, 100), (102226, 100), (102411, 3)]"
2019-06-28 15:49:10.000000000,IMBALANCE,"[473, 403]"
2019-06-28 15:49:20.000000000,BID_DEPTH,"[(100221, 100), (99926, 100), (99826, 73), (99797, 100), (99790, 100)]"
2019-06-28 15:49:20.000000000,ASK_DEPTH,"[(101370, 100), (101427, 100), (101445, 100), (102226, 100), (102411, 3)]"
2019-06-28 15:49:20.000000000,IMBALANCE,"[473, 403]"
2019-06-28 15:49:30.000000000,BID_DEPTH,"[(100221, 100), (99926, 100), (99826, 73), (99797, 100), (99790, 100)]"
2019-06-28 15:49:30.000000000,ASK_DEPTH,"[(101370, 100), (101427, 100), (101445, 100), (102226, 100), (102411, 3)]"
2019-06-28 15:49:30.000000000,IMBALANCE,"[473, 403]"
2019-06-28 15:49:40.000000000,BID_DEPTH,"[(100221, 100), (99926, 100), (99826, 73), (99797, 100), (99790, 100)]"
2019-06-28 15:49:40.000000000,ASK_DEPTH,"[(101370, 100), (101427, 100), (101445, 100), (102226, 100), (102411, 3)]"
2019-06-28 15:49:40.000000000,IMBALANCE,"[473, 403]"
2019-06-28 15:49:50.000000000,BID_DEPTH,"[(99926, 100), (99826, 73), (99797, 100), (99790, 100), (99720, 100)]"
2019-06-28 15:49:50.000000000,ASK_DEPTH,"[(101370, 100), (101427, 100), (101445, 100), (102226, 100), (102411, 3)]"
2019-06-28 15:49:50.000000000,IMBALANCE,"[473, 403]"
2019-06-28 15:50:00.000000000,BID_DEPTH,"[(99926, 100), (99826, 73), (99797, 100), (99790, 100), (99720, 100)]"
2019-06-28 15:50:00.000000000,ASK_DEPTH,"[(101370, 100), (101427, 100), (101445, 100), (102226, 100), (102411, 3)]"
2019-06-28 15:50:00.000000000,IMBALANCE,"[473, 403]"
2019-06-28 15:50:00.000000000,HOLDINGS_UPDATED,"{'CASH': -373355745, 'JPM': 3965}"
2019-06-28 15:50:00.000000000,HOLDINGS_UPDATED,"{'CASH': -372443415, 'JPM': 3956}"
2019-06-28 15:50:00.000000000,HOLDINGS_UPDATED,"{'CASH': -371632455, 'JPM': 3948}"
2019-06-28 15:50:00.000000000,HOLDINGS_UPDATED,"{'CASH': -371328345, 'JPM': 3945}"
2019-06-28 15:50:10.000000000,BID_DEPTH,"[(99926, 100), (99826, 73), (99797, 100), (99790, 100), (99720, 100)]"
2019-06-28 15:50:10.000000000,ASK_DEPTH,"[(101427, 100), (101445, 100), (102226, 100), (102411, 3)]"
2019-06-28 15:50:10.000000000,IMBALANCE,"[473, 303]"
2019-06-28 15:50:20.000000000,BID_DEPTH,"[(99926, 100), (99826, 73), (99797, 100), (99790, 100), (99720, 100)]"
2019-06-28 15:50:20.000000000,ASK_DEPTH,"[(101427, 100), (101445, 100), (102226, 100), (102411, 3)]"
2019-06-28 15:50:20.000000000,IMBALANCE,"[473, 303]"
2019-06-28 15:50:30.000000000,BID_DEPTH,"[(99926, 100), (99826, 73), (99797, 100), (99790, 100), (99720, 100)]"
2019-06-28 15:50:30.000000000,ASK_DEPTH,"[(101370, 200), (101427, 100), (101445, 100), (102226, 100), (102411, 3)]"
2019-06-28 15:50:30.000000000,IMBALANCE,"[473, 503]"
2019-06-28 15:50:40.000000000,BID_DEPTH,"[(99926, 100), (99826, 73), (99797, 100), (99790, 100), (99720, 100)]"
2019-06-28 15:50:40.000000000,ASK_DEPTH,"[(101370, 200), (101427, 100), (101445, 100), (102226, 100), (102411, 3)]"
2019-06-28 15:50:40.000000000,IMBALANCE,"[473, 503]"
2019-06-28 15:50:50.000000000,BID_DEPTH,"[(99826, 73), (99797, 100), (99790, 100), (99720, 100), (99657, 100)]"
2019-06-28 15:50:50.000000000,ASK_DEPTH,"[(101370, 200), (101427, 100), (101445, 100), (102226, 100), (102411, 3)]"
2019-06-28 15:50:50.000000000,IMBALANCE,"[473, 503]"
2019-06-28 15:51:00.000000000,BID_DEPTH,"[(99826, 73), (99797, 100), (99790, 100), (99720, 100), (99657, 100)]"
2019-06-28 15:51:00.000000000,ASK_DEPTH,"[(101370, 200), (101427, 100), (101445, 100), (102226, 100), (102411, 3)]"
2019-06-28 15:51:00.000000000,IMBALANCE,"[473, 503]"
2019-06-28 15:51:10.000000000,BID_DEPTH,"[(99826, 73), (99797, 100), (99790, 100), (99720, 100), (99657, 100)]"
2019-06-28 15:51:10.000000000,ASK_DEPTH,"[(101370, 73), (101427, 100), (101445, 100), (102226, 100), (102411, 3)]"
2019-06-28 15:51:10.000000000,IMBALANCE,"[473, 376]"
2019-06-28 15:51:18.661769083,HOLDINGS_UPDATED,"{'CASH': -374023647, 'JPM': 3972}"
2019-06-28 15:51:20.000000000,BID_DEPTH,"[(99797, 100), (99790, 100), (99720, 100), (99657, 100), (99507, 100)]"
2019-06-28 15:51:20.000000000,ASK_DEPTH,"[(101370, 73), (101427, 100), (101445, 100), (102226, 100), (102411, 3)]"
2019-06-28 15:51:20.000000000,IMBALANCE,"[500, 376]"
2019-06-28 15:51:30.000000000,BID_DEPTH,"[(99790, 100), (99720, 100), (99657, 100), (99507, 100), (99494, 100)]"
2019-06-28 15:51:30.000000000,ASK_DEPTH,"[(101370, 73), (101427, 100), (101445, 100), (102226, 100), (102411, 3)]"
2019-06-28 15:51:30.000000000,IMBALANCE,"[500, 376]"
2019-06-28 15:51:40.000000000,BID_DEPTH,"[(99790, 100), (99720, 100), (99657, 100), (99507, 100), (99494, 100)]"
2019-06-28 15:51:40.000000000,ASK_DEPTH,"[(99826, 100), (101370, 73), (101427, 100), (101445, 100), (102226, 100)]"
2019-06-28 15:51:40.000000000,IMBALANCE,"[500, 473]"
2019-06-28 15:51:50.000000000,BID_DEPTH,"[(99720, 100), (99657, 100), (99507, 100), (99494, 100), (99387, 100)]"
2019-06-28 15:51:50.000000000,ASK_DEPTH,"[(99826, 100), (101370, 73), (101427, 100), (101445, 100), (102226, 100)]"
2019-06-28 15:51:50.000000000,IMBALANCE,"[500, 473]"
2019-06-28 15:52:00.000000000,BID_DEPTH,"[(99720, 100), (99657, 100), (99507, 100), (99494, 100), (99387, 100)]"
2019-06-28 15:52:00.000000000,ASK_DEPTH,"[(99826, 100), (101370, 73), (101427, 100), (101445, 100), (102226, 100)]"
2019-06-28 15:52:00.000000000,IMBALANCE,"[500, 473]"
2019-06-28 15:52:00.000000000,HOLDINGS_UPDATED,"{'CASH': -373324865, 'JPM': 3965}"
2019-06-28 15:52:00.000000000,HOLDINGS_UPDATED,"{'CASH': -372426431, 'JPM': 3956}"
2019-06-28 15:52:00.000000000,HOLDINGS_UPDATED,"{'CASH': -371627823, 'JPM': 3948}"
2019-06-28 15:52:00.000000000,HOLDINGS_UPDATED,"{'CASH': -371328345, 'JPM': 3945}"
2019-06-28 15:52:10.000000000,BID_DEPTH,"[(99720, 100), (99657, 100), (99507, 100), (99494, 100), (99387, 100)]"
2019-06-28 15:52:10.000000000,ASK_DEPTH,"[(99826, 100), (101370, 73), (101427, 100), (101445, 100), (102226, 100)]"
2019-06-28 15:52:10.000000000,IMBALANCE,"[500, 473]"
2019-06-28 15:52:20.000000000,BID_DEPTH,"[(99720, 100), (99657, 100), (99507, 100), (99494, 100), (99387, 100)]"
2019-06-28 15:52:20.000000000,ASK_DEPTH,"[(99826, 100), (101370, 73), (101427, 100), (101445, 100), (102226, 100)]"
2019-06-28 15:52:20.000000000,IMBALANCE,"[500, 473]"
2019-06-28 15:52:30.000000000,BID_DEPTH,"[(99720, 100), (99657, 100), (99507, 100), (99494, 100), (99387, 100)]"
2019-06-28 15:52:30.000000000,ASK_DEPTH,"[(99826, 100), (101370, 73), (101427, 100), (101445, 100), (102226, 100)]"
2019-06-28 15:52:30.000000000,IMBALANCE,"[500, 473]"
2019-06-28 15:52:40.000000000,BID_DEPTH,"[(99657, 100), (99507, 100), (99494, 100), (99387, 100), (99351, 100)]"
2019-06-28 15:52:40.000000000,ASK_DEPTH,"[(99826, 100), (101370, 73), (101427, 100), (101445, 100), (102226, 100)]"
2019-06-28 15:52:40.000000000,IMBALANCE,"[500, 473]"
2019-06-28 15:52:50.000000000,BID_DEPTH,"[(99657, 100), (99507, 100), (99494, 100), (99387, 100), (99351, 100)]"
2019-06-28 15:52:50.000000000,ASK_DEPTH,"[(99826, 100), (101370, 73), (101427, 100), (101445, 100), (102226, 100)]"
2019-06-28 15:52:50.000000000,IMBALANCE,"[500, 473]"
2019-06-28 15:53:00.000000000,BID_DEPTH,"[(99657, 100), (99507, 100), (99494, 100), (99387, 100), (99351, 100)]"
2019-06-28 15:53:00.000000000,ASK_DEPTH,"[(99826, 100), (101370, 73), (101427, 100), (101445, 100), (102226, 100)]"
2019-06-28 15:53:00.000000000,IMBALANCE,"[500, 473]"
2019-06-28 15:53:00.000000000,HOLDINGS_UPDATED,"{'CASH': -370629563, 'JPM': 3938}"
2019-06-28 15:53:00.000000000,HOLDINGS_UPDATED,"{'CASH': -369731129, 'JPM': 3929}"
2019-06-28 15:53:00.000000000,HOLDINGS_UPDATED,"{'CASH': -368932521, 'JPM': 3921}"
2019-06-28 15:53:00.000000000,HOLDINGS_UPDATED,"{'CASH': -368633043, 'JPM': 3918}"
2019-06-28 15:53:10.000000000,BID_DEPTH,"[(99657, 100), (99507, 100), (99494, 100), (99387, 100), (99351, 100)]"
2019-06-28 15:53:10.000000000,ASK_DEPTH,"[(101370, 73), (101427, 100), (101445, 100), (102226, 100), (102411, 3)]"
2019-06-28 15:53:10.000000000,IMBALANCE,"[500, 376]"
2019-06-28 15:53:20.000000000,BID_DEPTH,"[(99507, 100), (99494, 100), (99387, 100), (99293, 100), (99211, 100)]"
2019-06-28 15:53:20.000000000,ASK_DEPTH,"[(101370, 73), (101427, 100), (101445, 100), (102226, 100), (102411, 3)]"
2019-06-28 15:53:20.000000000,IMBALANCE,"[500, 376]"
2019-06-28 15:53:30.000000000,BID_DEPTH,"[(99507, 100), (99494, 100), (99387, 100), (99293, 100), (99211, 100)]"
2019-06-28 15:53:30.000000000,ASK_DEPTH,"[(101370, 73), (101427, 100), (101445, 100), (102226, 100), (102411, 3)]"
2019-06-28 15:53:30.000000000,IMBALANCE,"[500, 376]"
2019-06-28 15:53:40.000000000,BID_DEPTH,"[(99507, 100), (99494, 100), (99387, 100), (99293, 100), (99211, 100)]"
2019-06-28 15:53:40.000000000,ASK_DEPTH,"[(99826, 100), (101370, 73), (101427, 100), (101445, 100), (102226, 100)]"
2019-06-28 15:53:40.000000000,IMBALANCE,"[500, 473]"
2019-06-28 15:53:50.000000000,BID_DEPTH,"[(99507, 100), (99494, 100), (99387, 100), (99293, 100), (99211, 100)]"
2019-06-28 15:53:50.000000000,ASK_DEPTH,"[(99826, 100), (101370, 73), (101427, 100), (101445, 100), (102226, 100)]"
2019-06-28 15:53:50.000000000,IMBALANCE,"[500, 473]"
2019-06-28 15:54:00.000000000,BID_DEPTH,"[(99494, 100), (99293, 100), (99211, 100), (98941, 100), (98928, 100)]"
2019-06-28 15:54:00.000000000,ASK_DEPTH,"[(99657, 100), (99826, 100), (101370, 73), (101427, 100), (101445, 100)]"
2019-06-28 15:54:00.000000000,IMBALANCE,"[500, 473]"
2019-06-28 15:54:00.000000000,HOLDINGS_UPDATED,"{'CASH': -367935444, 'JPM': 3911}"
2019-06-28 15:54:00.000000000,HOLDINGS_UPDATED,"{'CASH': -367038531, 'JPM': 3902}"
2019-06-28 15:54:00.000000000,HOLDINGS_UPDATED,"{'CASH': -366241275, 'JPM': 3894}"
2019-06-28 15:54:00.000000000,HOLDINGS_UPDATED,"{'CASH': -365942304, 'JPM': 3891}"
2019-06-28 15:54:10.000000000,BID_DEPTH,"[(99494, 100), (99293, 100), (99211, 100), (98941, 100), (98928, 100)]"
2019-06-28 15:54:10.000000000,ASK_DEPTH,"[(99826, 100), (101370, 73), (101427, 100), (101445, 100), (102226, 100)]"
2019-06-28 15:54:10.000000000,IMBALANCE,"[500, 473]"
2019-06-28 15:54:20.000000000,BID_DEPTH,"[(99494, 100), (99293, 100), (99211, 100), (98941, 100), (98928, 100)]"
2019-06-28 15:54:20.000000000,ASK_DEPTH,"[(99826, 100), (101370, 73), (101427, 100), (101445, 100), (102226, 100)]"
2019-06-28 15:54:20.000000000,IMBALANCE,"[500, 473]"
2019-06-28 15:54:30.000000000,BID_DEPTH,"[(99494, 100), (99293, 100), (99211, 100), (98941, 100), (98928, 100)]"
2019-06-28 15:54:30.000000000,ASK_DEPTH,"[(99826, 100), (101370, 73), (101427, 100), (101445, 100), (102226, 100)]"
2019-06-28 15:54:30.000000000,IMBALANCE,"[500, 473]"
2019-06-28 15:54:40.000000000,BID_DEPTH,"[(99494, 100), (99293, 100), (99211, 100), (98941, 100), (98928, 100)]"
2019-06-28 15:54:40.000000000,ASK_DEPTH,"[(99826, 100), (101370, 73), (101427, 100), (101445, 100), (102226, 100)]"
2019-06-28 15:54:40.000000000,IMBALANCE,"[500, 473]"
2019-06-28 15:54:50.000000000,BID_DEPTH,"[(99494, 100), (99293, 100), (99211, 100), (98941, 100), (98928, 100)]"
2019-06-28 15:54:50.000000000,ASK_DEPTH,"[(99826, 100), (101370, 73), (101427, 100), (101445, 100), (102226, 100)]"
2019-06-28 15:54:50.000000000,IMBALANCE,"[500, 473]"
2019-06-28 15:55:00.000000000,BID_DEPTH,"[(99293, 100), (99211, 100), (98941, 100), (98928, 100), (98880, 100)]"
2019-06-28 15:55:00.000000000,ASK_DEPTH,"[(99826, 100), (101370, 73), (101427, 100), (101445, 100), (102226, 100)]"
2019-06-28 15:55:00.000000000,IMBALANCE,"[500, 473]"
2019-06-28 15:55:00.000000000,HOLDINGS_UPDATED,"{'CASH': -365243522, 'JPM': 3884}"
2019-06-28 15:55:00.000000000,HOLDINGS_UPDATED,"{'CASH': -364345088, 'JPM': 3875}"
2019-06-28 15:55:00.000000000,HOLDINGS_UPDATED,"{'CASH': -363546480, 'JPM': 3867}"
2019-06-28 15:55:00.000000000,HOLDINGS_UPDATED,"{'CASH': -363247002, 'JPM': 3864}"
2019-06-28 15:55:10.000000000,BID_DEPTH,"[(99211, 100), (98941, 100), (98928, 100), (98880, 100), (98245, 100)]"
2019-06-28 15:55:10.000000000,ASK_DEPTH,"[(99826, 60), (101370, 73), (101427, 100), (102226, 100), (102411, 3)]"
2019-06-28 15:55:10.000000000,IMBALANCE,"[500, 336]"
2019-06-28 15:55:20.000000000,BID_DEPTH,"[(99211, 100), (98941, 100), (98928, 100), (98880, 100), (98245, 100)]"
2019-06-28 15:55:20.000000000,ASK_DEPTH,"[(99353, 100), (99826, 60), (101370, 73), (101427, 100), (102226, 100)]"
2019-06-28 15:55:20.000000000,IMBALANCE,"[500, 433]"
2019-06-28 15:55:30.000000000,BID_DEPTH,"[(99334, 100), (99278, 100), (99211, 100), (99166, 100), (98941, 100)]"
2019-06-28 15:55:30.000000000,ASK_DEPTH,"[(99353, 100), (99406, 100), (99826, 60), (101370, 73), (101427, 100)]"
2019-06-28 15:55:30.000000000,IMBALANCE,"[500, 433]"
2019-06-28 15:55:40.000000000,BID_DEPTH,"[(99334, 100), (99278, 100), (99211, 100), (99166, 100), (98941, 100)]"
2019-06-28 15:55:40.000000000,ASK_DEPTH,"[(99353, 100), (99406, 100), (99826, 60), (101370, 73), (101427, 100)]"
2019-06-28 15:55:40.000000000,IMBALANCE,"[500, 433]"
2019-06-28 15:55:50.000000000,BID_DEPTH,"[(99334, 100), (99278, 100), (99211, 100), (99166, 100), (98941, 100)]"
2019-06-28 15:55:50.000000000,ASK_DEPTH,"[(99353, 100), (99406, 100), (99826, 60), (101370, 73), (101427, 100)]"
2019-06-28 15:55:50.000000000,IMBALANCE,"[500, 433]"
2019-06-28 15:56:00.000000000,BID_DEPTH,"[(99334, 100), (99278, 100), (99211, 100), (99166, 100), (98941, 100)]"
2019-06-28 15:56:00.000000000,ASK_DEPTH,"[(99353, 100), (99406, 100), (99826, 60), (101370, 73), (101427, 100)]"
2019-06-28 15:56:00.000000000,IMBALANCE,"[500, 433]"
2019-06-28 15:56:00.000000000,HOLDINGS_UPDATED,"{'CASH': -362551531, 'JPM': 3857}"
2019-06-28 15:56:00.000000000,HOLDINGS_UPDATED,"{'CASH': -361657354, 'JPM': 3848}"
2019-06-28 15:56:00.000000000,HOLDINGS_UPDATED,"{'CASH': -360862530, 'JPM': 3840}"
2019-06-28 15:56:00.000000000,HOLDINGS_UPDATED,"{'CASH': -360564471, 'JPM': 3837}"
2019-06-28 15:56:10.000000000,BID_DEPTH,"[(99278, 100), (99211, 100), (99166, 100), (98941, 100), (98880, 100)]"
2019-06-28 15:56:10.000000000,ASK_DEPTH,"[(99352, 100), (99353, 60), (99406, 100), (99826, 60), (101370, 73)]"
2019-06-28 15:56:10.000000000,IMBALANCE,"[500, 393]"
2019-06-28 15:56:12.366909520,HOLDINGS_UPDATED,"{'CASH': -370492271, 'JPM': 3937}"
2019-06-28 15:56:15.755368010,HOLDINGS_UPDATED,"{'CASH': -370988661, 'JPM': 3942}"
2019-06-28 15:56:20.000000000,BID_DEPTH,"[(99211, 100), (99166, 100), (98976, 100), (98941, 100), (98880, 100)]"
2019-06-28 15:56:20.000000000,ASK_DEPTH,"[(99278, 95), (99352, 100), (99353, 60), (99406, 100), (99826, 60)]"
2019-06-28 15:56:20.000000000,IMBALANCE,"[500, 415]"
2019-06-28 15:56:30.000000000,BID_DEPTH,"[(99211, 100), (99166, 100), (98976, 100), (98941, 100), (98880, 100)]"
2019-06-28 15:56:30.000000000,ASK_DEPTH,"[(99278, 295), (99352, 100), (99353, 60), (99406, 100), (99826, 60)]"
2019-06-28 15:56:30.000000000,IMBALANCE,"[500, 615]"
2019-06-28 15:56:40.000000000,BID_DEPTH,"[(99211, 100), (99166, 100), (98976, 100), (98941, 100), (98880, 100)]"
2019-06-28 15:56:40.000000000,ASK_DEPTH,"[(99278, 295), (99352, 100), (99353, 60), (99406, 100), (99826, 60)]"
2019-06-28 15:56:40.000000000,IMBALANCE,"[500, 615]"
2019-06-28 15:56:50.000000000,BID_DEPTH,"[(99211, 100), (99166, 100), (98976, 100), (98941, 100), (98880, 100)]"
2019-06-28 15:56:50.000000000,ASK_DEPTH,"[(99278, 295), (99352, 100), (99353, 60), (99406, 100), (99826, 60)]"
2019-06-28 15:56:50.000000000,IMBALANCE,"[500, 615]"
2019-06-28 15:57:00.000000000,BID_DEPTH,"[(99211, 100), (99166, 100), (98976, 100), (98941, 100), (98880, 100)]"
2019-06-28 15:57:00.000000000,ASK_DEPTH,"[(99278, 295), (99352, 100), (99353, 60), (99406, 100), (99826, 60)]"
2019-06-28 15:57:00.000000000,IMBALANCE,"[500, 615]"
2019-06-28 15:57:10.000000000,BID_DEPTH,"[(99211, 100), (99166, 100), (98976, 100), (98941, 100), (98880, 100)]"
2019-06-28 15:57:10.000000000,ASK_DEPTH,"[(99278, 228), (99352, 100), (99353, 60), (99406, 100), (99440, 100)]"
2019-06-28 15:57:10.000000000,IMBALANCE,"[500, 588]"
2019-06-28 15:57:20.000000000,BID_DEPTH,"[(99211, 100), (99166, 100), (98976, 100), (98941, 100), (98880, 100)]"
2019-06-28 15:57:20.000000000,ASK_DEPTH,"[(99278, 228), (99352, 100), (99353, 60), (99406, 100), (99416, 100)]"
2019-06-28 15:57:20.000000000,IMBALANCE,"[500, 588]"
2019-06-28 15:57:30.000000000,BID_DEPTH,"[(99211, 100), (99166, 100), (98976, 100), (98941, 100), (98880, 100)]"
2019-06-28 15:57:30.000000000,ASK_DEPTH,"[(99278, 228), (99352, 100), (99353, 60), (99406, 100), (99416, 100)]"
2019-06-28 15:57:30.000000000,IMBALANCE,"[500, 588]"
2019-06-28 15:57:40.000000000,BID_DEPTH,"[(99211, 100), (99166, 100), (98976, 100), (98941, 100), (98880, 100)]"
2019-06-28 15:57:40.000000000,ASK_DEPTH,"[(99278, 128), (99352, 100), (99353, 60), (99406, 100), (99416, 100)]"
2019-06-28 15:57:40.000000000,IMBALANCE,"[500, 488]"
2019-06-28 15:57:50.000000000,BID_DEPTH,"[(99211, 100), (99166, 100), (98976, 100), (98941, 100), (98880, 100)]"
2019-06-28 15:57:50.000000000,ASK_DEPTH,"[(99278, 128), (99352, 100), (99353, 60), (99406, 100), (99416, 100)]"
2019-06-28 15:57:50.000000000,IMBALANCE,"[500, 488]"
2019-06-28 15:58:00.000000000,BID_DEPTH,"[(99211, 100), (99166, 100), (98976, 100), (98941, 100), (98880, 100)]"
2019-06-28 15:58:00.000000000,ASK_DEPTH,"[(99278, 128), (99352, 100), (99353, 60), (99406, 100), (99416, 100)]"
2019-06-28 15:58:00.000000000,IMBALANCE,"[500, 488]"
2019-06-28 15:58:10.000000000,BID_DEPTH,"[(99211, 100), (99166, 100), (98976, 100), (98941, 100), (98880, 100)]"
2019-06-28 15:58:10.000000000,ASK_DEPTH,"[(99278, 2), (99352, 100), (99353, 60), (99416, 100), (99440, 100)]"
2019-06-28 15:58:10.000000000,IMBALANCE,"[500, 362]"
2019-06-28 15:58:20.000000000,BID_DEPTH,"[(99211, 100), (99166, 100), (98976, 100), (98941, 100), (98880, 100)]"
2019-06-28 15:58:20.000000000,ASK_DEPTH,"[(99278, 2), (99352, 100), (99353, 60), (99416, 100), (99440, 100)]"
2019-06-28 15:58:20.000000000,IMBALANCE,"[500, 362]"
2019-06-28 15:58:30.000000000,BID_DEPTH,"[(99211, 100), (99166, 100), (98976, 100), (98941, 100), (98880, 100)]"
2019-06-28 15:58:30.000000000,ASK_DEPTH,"[(99278, 2), (99352, 100), (99353, 60), (99416, 100), (99440, 100)]"
2019-06-28 15:58:30.000000000,IMBALANCE,"[500, 362]"
2019-06-28 15:58:40.000000000,BID_DEPTH,"[(99211, 100), (99166, 100), (98976, 100), (98941, 100), (98880, 100)]"
2019-06-28 15:58:40.000000000,ASK_DEPTH,"[(99278, 2), (99352, 100), (99353, 60), (99416, 100), (99440, 100)]"
2019-06-28 15:58:40.000000000,IMBALANCE,"[500, 362]"
2019-06-28 15:58:50.000000000,BID_DEPTH,"[(99211, 100), (99166, 100), (98976, 100), (98941, 100), (98880, 100)]"
2019-06-28 15:58:50.000000000,ASK_DEPTH,"[(99278, 2), (99352, 100), (99353, 60), (99416, 100), (99440, 100)]"
2019-06-28 15:58:50.000000000,IMBALANCE,"[500, 362]"
2019-06-28 15:59:00.000000000,BID_DEPTH,"[(99211, 100), (99166, 100), (98976, 100), (98941, 100), (98880, 100)]"
2019-06-28 15:59:00.000000000,ASK_DEPTH,"[(99278, 2), (99352, 100), (99353, 60), (99416, 100), (99440, 100)]"
2019-06-28 15:59:00.000000000,IMBALANCE,"[500, 362]"
2019-06-28 15:59:00.000000000,HOLDINGS_UPDATED,"{'CASH': -370889383, 'JPM': 3941}"
2019-06-28 15:59:00.000000000,HOLDINGS_UPDATED,"{'CASH': -370293715, 'JPM': 3935}"
2019-06-28 15:59:00.000000000,HOLDINGS_UPDATED,"{'CASH': -369797325, 'JPM': 3930}"
2019-06-28 15:59:00.000000000,HOLDINGS_UPDATED,"{'CASH': -369499491, 'JPM': 3927}"
2019-06-28 15:59:00.000000000,HOLDINGS_UPDATED,"{'CASH': -368705267, 'JPM': 3919}"
2019-06-28 15:59:00.000000000,HOLDINGS_UPDATED,"{'CASH': -368407433, 'JPM': 3916}"
2019-06-28 15:59:00.000000000,HOLDINGS_UPDATED,"{'CASH': -367811765, 'JPM': 3910}"
2019-06-28 15:59:00.000000000,HOLDINGS_UPDATED,"{'CASH': -367017541, 'JPM': 3902}"
2019-06-28 15:59:00.000000000,HOLDINGS_UPDATED,"{'CASH': -366918263, 'JPM': 3901}"
2019-06-28 15:59:00.000000000,HOLDINGS_UPDATED,"{'CASH': -366818985, 'JPM': 3900}"
2019-06-28 15:59:00.000000000,HOLDINGS_UPDATED,"{'CASH': -366322595, 'JPM': 3895}"
2019-06-28 15:59:00.000000000,HOLDINGS_UPDATED,"{'CASH': -366223317, 'JPM': 3894}"
2019-06-28 15:59:00.000000000,HOLDINGS_UPDATED,"{'CASH': -366024761, 'JPM': 3892}"
2019-06-28 15:59:00.000000000,HOLDINGS_UPDATED,"{'CASH': -365528371, 'JPM': 3887}"
2019-06-28 15:59:00.000000000,HOLDINGS_UPDATED,"{'CASH': -364634869, 'JPM': 3878}"
2019-06-28 15:59:00.000000000,HOLDINGS_UPDATED,"{'CASH': -363741367, 'JPM': 3869}"
2019-06-28 15:59:00.000000000,HOLDINGS_UPDATED,"{'CASH': -362947143, 'JPM': 3861}"
2019-06-28 15:59:00.000000000,HOLDINGS_UPDATED,"{'CASH': -362550031, 'JPM': 3857}"
2019-06-28 15:59:00.000000000,HOLDINGS_UPDATED,"{'CASH': -362053641, 'JPM': 3852}"
2019-06-28 15:59:00.000000000,HOLDINGS_UPDATED,"{'CASH': -361358695, 'JPM': 3845}"
2019-06-28 15:59:00.000000000,HOLDINGS_UPDATED,"{'CASH': -360564471, 'JPM': 3837}"
2019-06-28 15:59:00.000000000,HOLDINGS_UPDATED,"{'CASH': -359670969, 'JPM': 3828}"
2019-06-28 15:59:00.000000000,HOLDINGS_UPDATED,"{'CASH': -358876745, 'JPM': 3820}"
2019-06-28 15:59:00.000000000,HOLDINGS_UPDATED,"{'CASH': -358578911, 'JPM': 3817}"
2019-06-28 15:59:10.000000000,BID_DEPTH,"[(99211, 100), (99166, 100), (98976, 100), (98941, 100), (98880, 100)]"
2019-06-28 15:59:10.000000000,ASK_DEPTH,"[(99352, 100), (99353, 60), (99416, 100), (99440, 100), (99806, 100)]"
2019-06-28 15:59:10.000000000,IMBALANCE,"[500, 460]"
2019-06-28 15:59:20.000000000,BID_DEPTH,"[(99211, 100), (99166, 100), (99056, 100), (98976, 100), (98941, 100)]"
2019-06-28 15:59:20.000000000,ASK_DEPTH,"[(99352, 100), (99353, 60), (99416, 100), (99440, 100), (99806, 100)]"
2019-06-28 15:59:20.000000000,IMBALANCE,"[500, 460]"
2019-06-28 15:59:30.000000000,BID_DEPTH,"[(99211, 100), (99166, 100), (99091, 100), (99056, 100), (98976, 100)]"
2019-06-28 15:59:30.000000000,ASK_DEPTH,"[(99352, 100), (99353, 60), (99416, 100), (99440, 100), (99806, 100)]"
2019-06-28 15:59:30.000000000,IMBALANCE,"[500, 460]"
2019-06-28 15:59:40.000000000,BID_DEPTH,"[(99211, 100), (99166, 100), (99091, 100), (99056, 100), (98976, 100)]"
2019-06-28 15:59:40.000000000,ASK_DEPTH,"[(99352, 100), (99353, 60), (99416, 100), (99440, 100), (99806, 100)]"
2019-06-28 15:59:40.000000000,IMBALANCE,"[500, 460]"
2019-06-28 15:59:50.000000000,BID_DEPTH,"[(99166, 100), (99091, 100), (99056, 100), (98976, 100), (98941, 100)]"
2019-06-28 15:59:50.000000000,ASK_DEPTH,"[(99278, 100), (99352, 100), (99353, 60), (99416, 100), (99440, 100)]"
2019-06-28 15:59:50.000000000,IMBALANCE,"[500, 460]"
2019-06-28 16:00:00.000000000,BID_DEPTH,"[(99166, 100), (99091, 100), (99056, 100), (98976, 100), (98941, 100)]"
2019-06-28 16:00:00.000000000,ASK_DEPTH,"[(99278, 100), (99352, 100), (99353, 60), (99416, 100), (99440, 100)]"
2019-06-28 16:00:00.000000000,IMBALANCE,"[500, 460]"
2019-06-28 16:00:00.000000000,HOLDINGS_UPDATED,"{'CASH': -357883965, 'JPM': 3810}"
2019-06-28 16:00:00.000000000,HOLDINGS_UPDATED,"{'CASH': -356990463, 'JPM': 3801}"
2019-06-28 16:00:00.000000000,HOLDINGS_UPDATED,"{'CASH': -356196239, 'JPM': 3793}"
2019-06-28 16:00:00.000000000,HOLDINGS_UPDATED,"{'CASH': -355898405, 'JPM': 3790}"
2019-06-28 16:00:10.000000000,MKT_CLOSED,
2019-06-28 16:00:10.000000000,MKT_CLOSED,
2019-06-28 16:00:10.000000000,BID_DEPTH,"[(99166, 519), (99091, 100), (99056, 100), (98976, 100), (98941, 100)]"
2019-06-28 16:00:10.000000000,ASK_DEPTH,"[(99278, 392), (99352, 100), (99353, 60), (99416, 100), (99440, 100)]"
2019-06-28 16:00:10.000000000,IMBALANCE,"[919, 752]"
2019-06-28 16:00:10.000000000,MKT_CLOSED,
2019-06-28 16:00:10.000000000,MKT_CLOSED,
2019-06-28 16:00:10.000000000,MKT_CLOSED,
2019-06-28 16:00:10.000000000,MKT_CLOSED,
2019-06-28 16:00:10.000000000,MKT_CLOSED,
2019-06-28 16:00:10.000000000,MKT_CLOSED,
2019-06-28 16:00:10.000000000,MKT_CLOSED,
2019-06-28 16:00:10.000000000,MKT_CLOSED,
2019-06-28 16:00:20.000000000,FINAL_HOLDINGS,"{ JPM: 3790, CASH: -355898405 }"
2019-06-28 16:00:20.000000000,FINAL_CASH_POSITION,-355898405
2019-06-28 16:00:20.000000000,MARK_TO_MARKET,3790 JPM @ 99278 == 376263620
2019-06-28 16:00:20.000000000,MARKED_TO_MARKET,20365215
2019-06-28 16:00:20.000000000,ENDING_CASH,20365215
