EventTime,EventType,Event
,AGENT_TYPE,AgentUnderTest
,STARTING_CASH,10000000
2019-06-28 09:30:00.000000000,HOLDINGS_UPDATED,{'CASH': 10000000}
2019-06-28 09:31:00.000000000,BID_DEPTH,"[(99995, 195)]"
2019-06-28 09:31:00.000000000,ASK_DEPTH,"[(99999, 195)]"
2019-06-28 09:31:00.000000000,IMBALANCE,"[195, 195]"
2019-06-28 09:32:00.000000000,BID_DEPTH,"[(99995, 575)]"
2019-06-28 09:32:00.000000000,ASK_DEPTH,"[(100011, 775)]"
2019-06-28 09:32:00.000000000,IMBALANCE,"[575, 775]"
2019-06-28 09:33:00.000000000,BID_DEPTH,"[(99995, 219)]"
2019-06-28 09:33:00.000000000,ASK_DEPTH,"[(100012, 219)]"
2019-06-28 09:33:00.000000000,IMBALANCE,"[219, 219]"
2019-06-28 09:34:00.000000000,BID_DEPTH,"[(99995, 219)]"
2019-06-28 09:34:00.000000000,ASK_DEPTH,"[(100012, 219)]"
2019-06-28 09:34:00.000000000,IMBALANCE,"[219, 219]"
2019-06-28 09:35:00.000000000,BID_DEPTH,"[(100011, 295)]"
2019-06-28 09:35:00.000000000,ASK_DEPTH,"[(100015, 195)]"
2019-06-28 09:35:00.000000000,IMBALANCE,"[295, 195]"
2019-06-28 09:36:00.000000000,BID_DEPTH,"[(100012, 575)]"
2019-06-28 09:36:00.000000000,ASK_DEPTH,"[(100026, 575)]"
2019-06-28 09:36:00.000000000,IMBALANCE,"[575, 575]"
2019-06-28 09:37:00.000000000,BID_DEPTH,"[(100015, 262)]"
2019-06-28 09:37:00.000000000,ASK_DEPTH,"[(100026, 262)]"
2019-06-28 09:37:00.000000000,IMBALANCE,"[262, 262]"
2019-06-28 09:38:00.000000000,BID_DEPTH,"[(100015, 219)]"
2019-06-28 09:38:00.000000000,ASK_DEPTH,"[(100026, 219)]"
2019-06-28 09:38:00.000000000,IMBALANCE,"[219, 219]"
2019-06-28 09:39:00.000000000,BID_DEPTH,"[(100015, 262)]"
2019-06-28 09:39:00.000000000,ASK_DEPTH,"[(100030, 262)]"
2019-06-28 09:39:00.000000000,IMBALANCE,"[262, 262]"
2019-06-28 09:40:00.000000000,BID_DEPTH,"[(100027, 338)]"
2019-06-28 09:40:00.000000000,ASK_DEPTH,"[(100031, 338)]"
2019-06-28 09:40:00.000000000,IMBALANCE,"[338, 338]"
2019-06-28 09:41:00.000000000,BID_DEPTH,"[(100027, 395)]"
2019-06-28 09:41:00.000000000,ASK_DEPTH,"[(100029, 195)]"
2019-06-28 09:41:00.000000000,IMBALANCE,"[395, 195]"
2019-06-28 09:42:00.000000000,BID_DEPTH,"[(100033, 438)]"
2019-06-28 09:42:00.000000000,ASK_DEPTH,"[(100055, 338)]"
2019-06-28 09:42:00.000000000,IMBALANCE,"[438, 338]"
2019-06-28 09:43:00.000000000,BID_DEPTH,"[(100079, 100)]"
2019-06-28 09:43:00.000000000,ASK_DEPTH,"[(100091, 195)]"
2019-06-28 09:43:00.000000000,IMBALANCE,"[100, 195]"
2019-06-28 09:44:00.000000000,BID_DEPTH,"[(100080, 195)]"
2019-06-28 09:44:00.000000000,ASK_DEPTH,"[(100094, 195)]"
2019-06-28 09:44:00.000000000,IMBALANCE,"[195, 195]"
2019-06-28 09:45:00.000000000,BID_DEPTH,"[(100091, 219)]"
2019-06-28 09:45:00.000000000,ASK_DEPTH,"[(100106, 219)]"
2019-06-28 09:45:00.000000000,IMBALANCE,"[219, 219]"
2019-06-28 09:46:00.000000000,BID_DEPTH,"[(100055, 262)]"
2019-06-28 09:46:00.000000000,ASK_DEPTH,"[(100106, 262)]"
2019-06-28 09:46:00.000000000,IMBALANCE,"[262, 262]"
2019-06-28 09:47:00.000000000,BID_DEPTH,"[(100055, 219)]"
2019-06-28 09:47:00.000000000,ASK_DEPTH,"[(100106, 219)]"
2019-06-28 09:47:00.000000000,IMBALANCE,"[219, 219]"
2019-06-28 09:48:00.000000000,BID_DEPTH,"[(100055, 575)]"
2019-06-28 09:48:00.000000000,ASK_DEPTH,"[(100127, 575)]"
2019-06-28 09:48:00.000000000,IMBALANCE,"[575, 575]"
2019-06-28 09:49:00.000000000,BID_DEPTH,"[(100055, 338)]"
2019-06-28 09:49:00.000000000,ASK_DEPTH,"[(100355, 338)]"
2019-06-28 09:49:00.000000000,IMBALANCE,"[338, 338]"
2019-06-28 09:50:00.000000000,BID_DEPTH,"[(100279, 195)]"
2019-06-28 09:50:00.000000000,ASK_DEPTH,"[(100355, 195)]"
2019-06-28 09:50:00.000000000,IMBALANCE,"[195, 195]"
2019-06-28 09:51:00.000000000,BID_DEPTH,"[(100355, 338)]"
2019-06-28 09:51:00.000000000,ASK_DEPTH,"[(100504, 338)]"
2019-06-28 09:51:00.000000000,IMBALANCE,"[338, 338]"
2019-06-28 09:52:00.000000000,BID_DEPTH,"[(100355, 575)]"
2019-06-28 09:52:00.000000000,ASK_DEPTH,"[(100615, 575)]"
2019-06-28 09:52:00.000000000,IMBALANCE,"[575, 575]"
2019-06-28 09:53:00.000000000,BID_DEPTH,"[(100615, 219)]"
2019-06-28 09:53:00.000000000,ASK_DEPTH,"[(100769, 219)]"
2019-06-28 09:53:00.000000000,IMBALANCE,"[219, 219]"
2019-06-28 09:54:00.000000000,BID_DEPTH,"[(100708, 195)]"
2019-06-28 09:54:00.000000000,ASK_DEPTH,"[(100774, 295)]"
2019-06-28 09:54:00.000000000,IMBALANCE,"[195, 295]"
2019-06-28 09:55:00.000000000,BID_DEPTH,"[(100769, 438)]"
2019-06-28 09:55:00.000000000,ASK_DEPTH,"[(100774, 338)]"
2019-06-28 09:55:00.000000000,IMBALANCE,"[438, 338]"
2019-06-28 09:56:00.000000000,BID_DEPTH,"[(100769, 462)]"
2019-06-28 09:56:00.000000000,ASK_DEPTH,"[(100774, 262)]"
2019-06-28 09:56:00.000000000,IMBALANCE,"[462, 262]"
2019-06-28 09:57:00.000000000,BID_DEPTH,"[(100708, 575)]"
2019-06-28 09:57:00.000000000,ASK_DEPTH,"[(100774, 575)]"
2019-06-28 09:57:00.000000000,IMBALANCE,"[575, 575]"
2019-06-28 09:58:00.000000000,BID_DEPTH,"[(100651, 575)]"
2019-06-28 09:58:00.000000000,ASK_DEPTH,"[(100774, 575)]"
2019-06-28 09:58:00.000000000,IMBALANCE,"[575, 575]"
2019-06-28 09:59:00.000000000,BID_DEPTH,"[(100505, 338)]"
2019-06-28 09:59:00.000000000,ASK_DEPTH,"[(100774, 338)]"
2019-06-28 09:59:00.000000000,IMBALANCE,"[338, 338]"
2019-06-28 10:00:00.000000000,BID_DEPTH,"[(100370, 219)]"
2019-06-28 10:00:00.000000000,ASK_DEPTH,"[(100615, 219)]"
2019-06-28 10:00:00.000000000,IMBALANCE,"[219, 219]"
2019-06-28 10:01:00.000000000,BID_DEPTH,"[(100370, 575)]"
2019-06-28 10:01:00.000000000,ASK_DEPTH,"[(100615, 575)]"
2019-06-28 10:01:00.000000000,IMBALANCE,"[575, 575]"
2019-06-28 10:02:00.000000000,BID_DEPTH,"[(100355, 195)]"
2019-06-28 10:02:00.000000000,ASK_DEPTH,"[(100505, 295)]"
2019-06-28 10:02:00.000000000,IMBALANCE,"[195, 295]"
2019-06-28 10:03:00.000000000,BID_DEPTH,"[(100355, 262)]"
2019-06-28 10:03:00.000000000,ASK_DEPTH,"[(100399, 262)]"
2019-06-28 10:03:00.000000000,IMBALANCE,"[262, 262]"
2019-06-28 10:04:00.000000000,BID_DEPTH,"[(100355, 575)]"
2019-06-28 10:04:00.000000000,ASK_DEPTH,"[(100399, 575)]"
2019-06-28 10:04:00.000000000,IMBALANCE,"[575, 575]"
2019-06-28 10:05:00.000000000,BID_DEPTH,"[(100184, 338)]"
2019-06-28 10:05:00.000000000,ASK_DEPTH,"[(100298, 243)]"
2019-06-28 10:05:00.000000000,IMBALANCE,"[338, 243]"
2019-06-28 10:06:00.000000000,BID_DEPTH,"[(99991, 575)]"
2019-06-28 10:06:00.000000000,ASK_DEPTH,"[(100027, 580)]"
2019-06-28 10:06:00.000000000,IMBALANCE,"[575, 580]"
2019-06-28 10:07:00.000000000,BID_DEPTH,"[(99991, 219)]"
2019-06-28 10:07:00.000000000,ASK_DEPTH,"[(100027, 224)]"
2019-06-28 10:07:00.000000000,IMBALANCE,"[219, 224]"
2019-06-28 10:08:00.000000000,BID_DEPTH,"[(100015, 195)]"
2019-06-28 10:08:00.000000000,ASK_DEPTH,"[(100027, 200)]"
2019-06-28 10:08:00.000000000,IMBALANCE,"[195, 200]"
2019-06-28 10:09:00.000000000,BID_DEPTH,"[(99991, 262)]"
2019-06-28 10:09:00.000000000,ASK_DEPTH,"[(100027, 267)]"
2019-06-28 10:09:00.000000000,IMBALANCE,"[262, 267]"
2019-06-28 10:10:00.000000000,BID_DEPTH,"[(99961, 262)]"
2019-06-28 10:10:00.000000000,ASK_DEPTH,"[(100027, 267)]"
2019-06-28 10:10:00.000000000,IMBALANCE,"[262, 267]"
2019-06-28 10:11:00.000000000,BID_DEPTH,"[(99908, 219)]"
2019-06-28 10:11:00.000000000,ASK_DEPTH,"[(99991, 319)]"
2019-06-28 10:11:00.000000000,IMBALANCE,"[219, 319]"
2019-06-28 10:12:00.000000000,BID_DEPTH,"[(99226, 575)]"
2019-06-28 10:12:00.000000000,ASK_DEPTH,"[(99908, 575)]"
2019-06-28 10:12:00.000000000,IMBALANCE,"[575, 575]"
2019-06-28 10:13:00.000000000,BID_DEPTH,"[(99226, 219)]"
2019-06-28 10:13:00.000000000,ASK_DEPTH,"[(99416, 219)]"
2019-06-28 10:13:00.000000000,IMBALANCE,"[219, 219]"
2019-06-28 10:14:00.000000000,BID_DEPTH,"[(99313, 219)]"
2019-06-28 10:14:00.000000000,ASK_DEPTH,"[(99416, 219)]"
2019-06-28 10:14:00.000000000,IMBALANCE,"[219, 219]"
2019-06-28 10:15:00.000000000,BID_DEPTH,"[(99242, 262)]"
2019-06-28 10:15:00.000000000,ASK_DEPTH,"[(99416, 262)]"
2019-06-28 10:15:00.000000000,IMBALANCE,"[262, 262]"
2019-06-28 10:16:00.000000000,BID_DEPTH,"[(99242, 338)]"
2019-06-28 10:16:00.000000000,ASK_DEPTH,"[(99756, 638)]"
2019-06-28 10:16:00.000000000,IMBALANCE,"[338, 638]"
2019-06-28 10:17:00.000000000,BID_DEPTH,"[(99242, 338)]"
2019-06-28 10:17:00.000000000,ASK_DEPTH,"[(99756, 338)]"
2019-06-28 10:17:00.000000000,IMBALANCE,"[338, 338]"
2019-06-28 10:18:00.000000000,BID_DEPTH,"[(99242, 195)]"
2019-06-28 10:18:00.000000000,ASK_DEPTH,"[(99991, 195)]"
2019-06-28 10:18:00.000000000,IMBALANCE,"[195, 195]"
2019-06-28 10:19:00.000000000,BID_DEPTH,"[(99242, 575)]"
2019-06-28 10:19:00.000000000,ASK_DEPTH,"[(100027, 575)]"
2019-06-28 10:19:00.000000000,IMBALANCE,"[575, 575]"
2019-06-28 10:20:00.000000000,BID_DEPTH,"[(99908, 195)]"
2019-06-28 10:20:00.000000000,ASK_DEPTH,"[(100472, 195)]"
2019-06-28 10:20:00.000000000,IMBALANCE,"[195, 195]"
2019-06-28 10:21:00.000000000,BID_DEPTH,"[(99991, 109)]"
2019-06-28 10:21:00.000000000,ASK_DEPTH,"[(100157, 219)]"
2019-06-28 10:21:00.000000000,IMBALANCE,"[109, 219]"
2019-06-28 10:22:00.000000000,BID_DEPTH,"[(99908, 85)]"
2019-06-28 10:22:00.000000000,ASK_DEPTH,"[(100349, 100)]"
2019-06-28 10:22:00.000000000,IMBALANCE,"[85, 100]"
2019-06-28 10:23:00.000000000,BID_DEPTH,"[(99985, 85)]"
2019-06-28 10:23:00.000000000,ASK_DEPTH,"[(100088, 195)]"
2019-06-28 10:23:00.000000000,IMBALANCE,"[85, 195]"
2019-06-28 10:24:00.000000000,BID_DEPTH,"[(99985, 152)]"
2019-06-28 10:24:00.000000000,ASK_DEPTH,"[(100088, 262)]"
2019-06-28 10:24:00.000000000,IMBALANCE,"[152, 262]"
2019-06-28 10:25:00.000000000,BID_DEPTH,"[(99924, 85)]"
2019-06-28 10:25:00.000000000,ASK_DEPTH,"[(100088, 195)]"
2019-06-28 10:25:00.000000000,IMBALANCE,"[85, 195]"
2019-06-28 10:26:00.000000000,BID_DEPTH,"[(99472, 109)]"
2019-06-28 10:26:00.000000000,ASK_DEPTH,"[(99849, 219)]"
2019-06-28 10:26:00.000000000,IMBALANCE,"[109, 219]"
2019-06-28 10:27:00.000000000,BID_DEPTH,"[(99242, 109)]"
2019-06-28 10:27:00.000000000,ASK_DEPTH,"[(99849, 219)]"
2019-06-28 10:27:00.000000000,IMBALANCE,"[109, 219]"
2019-06-28 10:28:00.000000000,BID_DEPTH,"[(99417, 85)]"
2019-06-28 10:28:00.000000000,ASK_DEPTH,"[(99621, 195)]"
2019-06-28 10:28:00.000000000,IMBALANCE,"[85, 195]"
2019-06-28 10:29:00.000000000,BID_DEPTH,"[(99371, 109)]"
2019-06-28 10:29:00.000000000,ASK_DEPTH,"[(99621, 219)]"
2019-06-28 10:29:00.000000000,IMBALANCE,"[109, 219]"
2019-06-28 10:30:00.000000000,BID_DEPTH,"[(99242, 252)]"
2019-06-28 10:30:00.000000000,ASK_DEPTH,"[(99912, 262)]"
2019-06-28 10:30:00.000000000,IMBALANCE,"[252, 262]"
2019-06-28 10:31:00.000000000,BID_DEPTH,"[(99242, 455)]"
2019-06-28 10:31:00.000000000,ASK_DEPTH,"[(100053, 575)]"
2019-06-28 10:31:00.000000000,IMBALANCE,"[455, 575]"
2019-06-28 10:32:00.000000000,BID_DEPTH,"[(99226, 85)]"
2019-06-28 10:32:00.000000000,ASK_DEPTH,"[(100064, 195)]"
2019-06-28 10:32:00.000000000,IMBALANCE,"[85, 195]"
2019-06-28 10:33:00.000000000,BID_DEPTH,"[(100064, 152)]"
2019-06-28 10:33:00.000000000,ASK_DEPTH,"[(100167, 262)]"
2019-06-28 10:33:00.000000000,IMBALANCE,"[152, 262]"
2019-06-28 10:34:00.000000000,BID_DEPTH,"[(100064, 152)]"
2019-06-28 10:34:00.000000000,ASK_DEPTH,"[(100349, 167)]"
2019-06-28 10:34:00.000000000,IMBALANCE,"[152, 167]"
2019-06-28 10:35:00.000000000,BID_DEPTH,"[(99226, 328)]"
2019-06-28 10:35:00.000000000,ASK_DEPTH,"[(100505, 338)]"
2019-06-28 10:35:00.000000000,IMBALANCE,"[328, 338]"
2019-06-28 10:36:00.000000000,BID_DEPTH,"[(99226, 218)]"
2019-06-28 10:36:00.000000000,ASK_DEPTH,"[(100505, 338)]"
2019-06-28 10:36:00.000000000,IMBALANCE,"[218, 338]"
2019-06-28 10:37:00.000000000,BID_DEPTH,"[(99211, 152)]"
2019-06-28 10:37:00.000000000,ASK_DEPTH,"[(99225, 262)]"
2019-06-28 10:37:00.000000000,IMBALANCE,"[152, 262]"
2019-06-28 10:38:00.000000000,HOLDINGS_UPDATED,"{'CASH': 9900789, 'JPM': 1}"
2019-06-28 10:38:00.000000000,BID_DEPTH,"[(99211, 10)]"
2019-06-28 10:38:00.000000000,ASK_DEPTH,"[(99226, 219)]"
2019-06-28 10:38:00.000000000,IMBALANCE,"[10, 219]"
2019-06-28 10:39:00.000000000,HOLDINGS_UPDATED,"{'CASH': 9801578, 'JPM': 2}"
2019-06-28 10:39:00.000000000,BID_DEPTH,"[(99211, 53)]"
2019-06-28 10:39:00.000000000,ASK_DEPTH,"[(99226, 262)]"
2019-06-28 10:39:00.000000000,IMBALANCE,"[53, 262]"
2019-06-28 10:40:00.000000000,HOLDINGS_UPDATED,"{'CASH': 9702367, 'JPM': 3}"
2019-06-28 10:40:00.000000000,BID_DEPTH,"[(99211, 53)]"
2019-06-28 10:40:00.000000000,ASK_DEPTH,"[(99508, 262)]"
2019-06-28 10:40:00.000000000,IMBALANCE,"[53, 262]"
2019-06-28 10:41:00.000000000,BID_DEPTH,"[(99211, 465)]"
2019-06-28 10:41:00.000000000,ASK_DEPTH,"[(99547, 575)]"
2019-06-28 10:41:00.000000000,IMBALANCE,"[465, 575]"
2019-06-28 10:42:00.000000000,BID_DEPTH,"[(98998, 109)]"
2019-06-28 10:42:00.000000000,ASK_DEPTH,"[(99669, 219)]"
2019-06-28 10:42:00.000000000,IMBALANCE,"[109, 219]"
2019-06-28 10:43:00.000000000,BID_DEPTH,[]
2019-06-28 10:43:00.000000000,ASK_DEPTH,"[(100401, 100)]"
2019-06-28 10:43:00.000000000,IMBALANCE,"[0, 100]"
2019-06-28 10:44:00.000000000,BID_DEPTH,"[(99884, 465)]"
2019-06-28 10:44:00.000000000,ASK_DEPTH,"[(100012, 575)]"
2019-06-28 10:44:00.000000000,IMBALANCE,"[465, 575]"
2019-06-28 10:45:00.000000000,BID_DEPTH,"[(100012, 228)]"
2019-06-28 10:45:00.000000000,ASK_DEPTH,"[(100401, 338)]"
2019-06-28 10:45:00.000000000,IMBALANCE,"[228, 338]"
2019-06-28 10:46:00.000000000,BID_DEPTH,"[(100012, 109)]"
2019-06-28 10:46:00.000000000,ASK_DEPTH,"[(100120, 219)]"
2019-06-28 10:46:00.000000000,IMBALANCE,"[109, 219]"
2019-06-28 10:47:00.000000000,BID_DEPTH,"[(99982, 228)]"
2019-06-28 10:47:00.000000000,ASK_DEPTH,"[(100012, 438)]"
2019-06-28 10:47:00.000000000,IMBALANCE,"[228, 438]"
2019-06-28 10:48:00.000000000,BID_DEPTH,"[(99924, 109)]"
2019-06-28 10:48:00.000000000,ASK_DEPTH,"[(100012, 219)]"
2019-06-28 10:48:00.000000000,IMBALANCE,"[109, 219]"
2019-06-28 10:49:00.000000000,BID_DEPTH,"[(99791, 85)]"
2019-06-28 10:49:00.000000000,ASK_DEPTH,"[(99924, 195)]"
2019-06-28 10:49:00.000000000,IMBALANCE,"[85, 195]"
2019-06-28 10:50:00.000000000,BID_DEPTH,"[(99924, 66)]"
2019-06-28 10:50:00.000000000,ASK_DEPTH,"[(100012, 195)]"
2019-06-28 10:50:00.000000000,IMBALANCE,"[66, 195]"
2019-06-28 10:51:00.000000000,BID_DEPTH,"[(99924, 252)]"
2019-06-28 10:51:00.000000000,ASK_DEPTH,"[(100118, 262)]"
2019-06-28 10:51:00.000000000,IMBALANCE,"[252, 262]"
2019-06-28 10:52:00.000000000,BID_DEPTH,"[(99925, 228)]"
2019-06-28 10:52:00.000000000,ASK_DEPTH,"[(100170, 338)]"
2019-06-28 10:52:00.000000000,IMBALANCE,"[228, 338]"
2019-06-28 10:53:00.000000000,BID_DEPTH,"[(99925, 185)]"
2019-06-28 10:53:00.000000000,ASK_DEPTH,"[(100170, 195)]"
2019-06-28 10:53:00.000000000,IMBALANCE,"[185, 195]"
2019-06-28 10:54:00.000000000,BID_DEPTH,"[(99925, 455)]"
2019-06-28 10:54:00.000000000,ASK_DEPTH,"[(100197, 575)]"
2019-06-28 10:54:00.000000000,IMBALANCE,"[455, 575]"
2019-06-28 10:55:00.000000000,BID_DEPTH,"[(99924, 455)]"
2019-06-28 10:55:00.000000000,ASK_DEPTH,"[(100049, 575)]"
2019-06-28 10:55:00.000000000,IMBALANCE,"[455, 575]"
2019-06-28 10:56:00.000000000,BID_DEPTH,"[(99986, 262)]"
2019-06-28 10:56:00.000000000,ASK_DEPTH,"[(100047, 152)]"
2019-06-28 10:56:00.000000000,IMBALANCE,"[262, 152]"
2019-06-28 10:57:00.000000000,BID_DEPTH,"[(99986, 219)]"
2019-06-28 10:57:00.000000000,ASK_DEPTH,"[(100049, 109)]"
2019-06-28 10:57:00.000000000,IMBALANCE,"[219, 109]"
2019-06-28 10:58:00.000000000,BID_DEPTH,"[(99986, 262)]"
2019-06-28 10:58:00.000000000,ASK_DEPTH,"[(100118, 152)]"
2019-06-28 10:58:00.000000000,IMBALANCE,"[262, 152]"
2019-06-28 10:59:00.000000000,BID_DEPTH,"[(99924, 219)]"
2019-06-28 10:59:00.000000000,ASK_DEPTH,"[(100290, 109)]"
2019-06-28 10:59:00.000000000,IMBALANCE,"[219, 109]"
2019-06-28 11:00:00.000000000,BID_DEPTH,"[(99924, 219)]"
2019-06-28 11:00:00.000000000,ASK_DEPTH,"[(100401, 209)]"
2019-06-28 11:00:00.000000000,IMBALANCE,"[219, 209]"
2019-06-28 11:01:00.000000000,BID_DEPTH,"[(99924, 262)]"
2019-06-28 11:01:00.000000000,ASK_DEPTH,"[(100401, 242)]"
2019-06-28 11:01:00.000000000,IMBALANCE,"[262, 242]"
2019-06-28 11:02:00.000000000,BID_DEPTH,"[(99924, 195)]"
2019-06-28 11:02:00.000000000,ASK_DEPTH,"[(100401, 65)]"
2019-06-28 11:02:00.000000000,IMBALANCE,"[195, 65]"
2019-06-28 11:03:00.000000000,BID_DEPTH,"[(99680, 575)]"
2019-06-28 11:03:00.000000000,ASK_DEPTH,"[(100478, 465)]"
2019-06-28 11:03:00.000000000,IMBALANCE,"[575, 465]"
2019-06-28 11:04:00.000000000,BID_DEPTH,"[(99680, 338)]"
2019-06-28 11:04:00.000000000,ASK_DEPTH,"[(100254, 228)]"
2019-06-28 11:04:00.000000000,IMBALANCE,"[338, 228]"
2019-06-28 11:05:00.000000000,BID_DEPTH,"[(100400, 319)]"
2019-06-28 11:05:00.000000000,ASK_DEPTH,"[(100478, 109)]"
2019-06-28 11:05:00.000000000,IMBALANCE,"[319, 109]"
2019-06-28 11:06:00.000000000,HOLDINGS_UPDATED,"{'CASH': 9802845, 'JPM': 2}"
2019-06-28 11:06:00.000000000,BID_DEPTH,"[(100400, 362)]"
2019-06-28 11:06:00.000000000,ASK_DEPTH,"[(100478, 53)]"
2019-06-28 11:06:00.000000000,IMBALANCE,"[362, 53]"
2019-06-28 11:06:25.974033864,HOLDINGS_UPDATED,"{'CASH': 9903323, 'JPM': 1}"
2019-06-28 11:07:00.000000000,BID_DEPTH,"[(100400, 219)]"
2019-06-28 11:07:00.000000000,ASK_DEPTH,"[(100505, 109)]"
2019-06-28 11:07:00.000000000,IMBALANCE,"[219, 109]"
2019-06-28 11:08:00.000000000,HOLDINGS_UPDATED,{'CASH': 10003828}
2019-06-28 11:08:00.000000000,BID_DEPTH,"[(100399, 338)]"
2019-06-28 11:08:00.000000000,ASK_DEPTH,"[(100505, 129)]"
2019-06-28 11:08:00.000000000,IMBALANCE,"[338, 129]"
2019-06-28 11:09:00.000000000,BID_DEPTH,"[(99966, 219)]"
2019-06-28 11:09:00.000000000,ASK_DEPTH,"[(100328, 109)]"
2019-06-28 11:09:00.000000000,IMBALANCE,"[219, 109]"
2019-06-28 11:10:00.000000000,BID_DEPTH,"[(100226, 338)]"
2019-06-28 11:10:00.000000000,ASK_DEPTH,"[(100328, 228)]"
2019-06-28 11:10:00.000000000,IMBALANCE,"[338, 228]"
2019-06-28 11:11:00.000000000,BID_DEPTH,"[(100226, 262)]"
2019-06-28 11:11:00.000000000,ASK_DEPTH,"[(100328, 152)]"
2019-06-28 11:11:00.000000000,IMBALANCE,"[262, 152]"
2019-06-28 11:12:00.000000000,BID_DEPTH,"[(100314, 219)]"
2019-06-28 11:12:00.000000000,ASK_DEPTH,"[(100397, 109)]"
2019-06-28 11:12:00.000000000,IMBALANCE,"[219, 109]"
2019-06-28 11:12:39.936123031,HOLDINGS_UPDATED,"{'CASH': 10104333, 'JPM': -1}"
2019-06-28 11:13:00.000000000,BID_DEPTH,"[(100505, 5)]"
2019-06-28 11:13:00.000000000,ASK_DEPTH,"[(100572, 186)]"
2019-06-28 11:13:00.000000000,IMBALANCE,"[5, 186]"
2019-06-28 11:13:37.196726926,HOLDINGS_UPDATED,"{'CASH': 10204905, 'JPM': -2}"
2019-06-28 11:14:00.000000000,BID_DEPTH,"[(100572, 113)]"
2019-06-28 11:14:00.000000000,ASK_DEPTH,[]
2019-06-28 11:14:00.000000000,IMBALANCE,"[113, 0]"
2019-06-28 11:15:00.000000000,BID_DEPTH,"[(100842, 219)]"
2019-06-28 11:15:00.000000000,ASK_DEPTH,"[(100912, 109)]"
2019-06-28 11:15:00.000000000,IMBALANCE,"[219, 109]"
2019-06-28 11:16:00.000000000,HOLDINGS_UPDATED,"{'CASH': 10305817, 'JPM': -3}"
2019-06-28 11:16:00.000000000,BID_DEPTH,"[(100842, 338)]"
2019-06-28 11:16:00.000000000,ASK_DEPTH,"[(100912, 229)]"
2019-06-28 11:16:00.000000000,IMBALANCE,"[338, 229]"
2019-06-28 11:17:00.000000000,HOLDINGS_UPDATED,"{'CASH': 10406729, 'JPM': -4}"
2019-06-28 11:17:00.000000000,BID_DEPTH,"[(100842, 338)]"
2019-06-28 11:17:00.000000000,ASK_DEPTH,"[(100912, 129)]"
2019-06-28 11:17:00.000000000,IMBALANCE,"[338, 129]"
2019-06-28 11:18:00.000000000,HOLDINGS_UPDATED,"{'CASH': 10507641, 'JPM': -5}"
2019-06-28 11:18:00.000000000,BID_DEPTH,"[(100912, 5)]"
2019-06-28 11:18:00.000000000,ASK_DEPTH,"[(100937, 186)]"
2019-06-28 11:18:00.000000000,IMBALANCE,"[5, 186]"
2019-06-28 11:19:00.000000000,BID_DEPTH,"[(100676, 575)]"
2019-06-28 11:19:00.000000000,ASK_DEPTH,"[(100912, 560)]"
2019-06-28 11:19:00.000000000,IMBALANCE,"[575, 560]"
2019-06-28 11:20:00.000000000,BID_DEPTH,"[(100505, 480)]"
2019-06-28 11:20:00.000000000,ASK_DEPTH,"[(100549, 403)]"
2019-06-28 11:20:00.000000000,IMBALANCE,"[480, 403]"
2019-06-28 11:21:00.000000000,HOLDINGS_UPDATED,"{'CASH': 10608553, 'JPM': -6}"
2019-06-28 11:21:00.000000000,BID_DEPTH,"[(100397, 195)]"
2019-06-28 11:21:00.000000000,ASK_DEPTH,"[(100912, 71)]"
2019-06-28 11:21:00.000000000,IMBALANCE,"[195, 71]"
2019-06-28 11:22:00.000000000,BID_DEPTH,"[(100397, 219)]"
2019-06-28 11:22:00.000000000,ASK_DEPTH,"[(100912, 109)]"
2019-06-28 11:22:00.000000000,IMBALANCE,"[219, 109]"
2019-06-28 11:23:00.000000000,BID_DEPTH,"[(100397, 575)]"
2019-06-28 11:23:00.000000000,ASK_DEPTH,"[(100912, 465)]"
2019-06-28 11:23:00.000000000,IMBALANCE,"[575, 465]"
2019-06-28 11:24:00.000000000,BID_DEPTH,"[(100314, 195)]"
2019-06-28 11:24:00.000000000,ASK_DEPTH,"[(100912, 185)]"
2019-06-28 11:24:00.000000000,IMBALANCE,"[195, 185]"
2019-06-28 11:25:00.000000000,BID_DEPTH,"[(100150, 195)]"
2019-06-28 11:25:00.000000000,ASK_DEPTH,"[(100314, 85)]"
2019-06-28 11:25:00.000000000,IMBALANCE,"[195, 85]"
2019-06-28 11:26:00.000000000,BID_DEPTH,"[(99959, 338)]"
2019-06-28 11:26:00.000000000,ASK_DEPTH,"[(100028, 228)]"
2019-06-28 11:26:00.000000000,IMBALANCE,"[338, 228]"
2019-06-28 11:27:00.000000000,BID_DEPTH,"[(99959, 219)]"
2019-06-28 11:27:00.000000000,ASK_DEPTH,"[(100028, 109)]"
2019-06-28 11:27:00.000000000,IMBALANCE,"[219, 109]"
2019-06-28 11:27:52.270429888,HOLDINGS_UPDATED,"{'CASH': 10709490, 'JPM': -7}"
2019-06-28 11:28:00.000000000,BID_DEPTH,"[(100931, 100)]"
2019-06-28 11:28:00.000000000,ASK_DEPTH,[]
2019-06-28 11:28:00.000000000,IMBALANCE,"[100, 0]"
2019-06-28 11:29:00.000000000,BID_DEPTH,"[(100931, 219)]"
2019-06-28 11:29:00.000000000,ASK_DEPTH,"[(100936, 109)]"
2019-06-28 11:29:00.000000000,IMBALANCE,"[219, 109]"
2019-06-28 11:30:00.000000000,HOLDINGS_UPDATED,"{'CASH': 10810426, 'JPM': -8}"
2019-06-28 11:30:00.000000000,BID_DEPTH,"[(100931, 195)]"
2019-06-28 11:30:00.000000000,ASK_DEPTH,"[(100936, 86)]"
2019-06-28 11:30:00.000000000,IMBALANCE,"[195, 86]"
2019-06-28 11:31:00.000000000,HOLDINGS_UPDATED,"{'CASH': 10911362, 'JPM': -9}"
2019-06-28 11:31:00.000000000,BID_DEPTH,"[(100837, 575)]"
2019-06-28 11:31:00.000000000,ASK_DEPTH,"[(100936, 466)]"
2019-06-28 11:31:00.000000000,IMBALANCE,"[575, 466]"
2019-06-28 11:32:00.000000000,HOLDINGS_UPDATED,"{'CASH': 11012298, 'JPM': -10}"
2019-06-28 11:32:00.000000000,BID_DEPTH,"[(100822, 575)]"
2019-06-28 11:32:00.000000000,ASK_DEPTH,"[(100936, 366)]"
2019-06-28 11:32:00.000000000,IMBALANCE,"[575, 366]"
2019-06-28 11:33:00.000000000,BID_DEPTH,"[(99932, 575)]"
2019-06-28 11:33:00.000000000,ASK_DEPTH,"[(100699, 465)]"
2019-06-28 11:33:00.000000000,IMBALANCE,"[575, 465]"
2019-06-28 11:34:00.000000000,BID_DEPTH,"[(99939, 575)]"
2019-06-28 11:34:00.000000000,ASK_DEPTH,"[(100699, 465)]"
2019-06-28 11:34:00.000000000,IMBALANCE,"[575, 465]"
2019-06-28 11:35:00.000000000,BID_DEPTH,"[(100173, 262)]"
2019-06-28 11:35:00.000000000,ASK_DEPTH,"[(100328, 152)]"
2019-06-28 11:35:00.000000000,IMBALANCE,"[262, 152]"
2019-06-28 11:36:00.000000000,BID_DEPTH,"[(100243, 195)]"
2019-06-28 11:36:00.000000000,ASK_DEPTH,"[(100936, 85)]"
2019-06-28 11:36:00.000000000,IMBALANCE,"[195, 85]"
2019-06-28 11:37:00.000000000,BID_DEPTH,"[(100243, 338)]"
2019-06-28 11:37:00.000000000,ASK_DEPTH,"[(100348, 228)]"
2019-06-28 11:37:00.000000000,IMBALANCE,"[338, 228]"
2019-06-28 11:38:00.000000000,BID_DEPTH,"[(100243, 575)]"
2019-06-28 11:38:00.000000000,ASK_DEPTH,"[(100533, 465)]"
2019-06-28 11:38:00.000000000,IMBALANCE,"[575, 465]"
2019-06-28 11:39:00.000000000,BID_DEPTH,"[(100243, 338)]"
2019-06-28 11:39:00.000000000,ASK_DEPTH,"[(100609, 228)]"
2019-06-28 11:39:00.000000000,IMBALANCE,"[338, 228]"
2019-06-28 11:40:00.000000000,BID_DEPTH,"[(100713, 338)]"
2019-06-28 11:40:00.000000000,ASK_DEPTH,"[(100753, 228)]"
2019-06-28 11:40:00.000000000,IMBALANCE,"[338, 228]"
2019-06-28 11:41:00.000000000,BID_DEPTH,"[(100753, 219)]"
2019-06-28 11:41:00.000000000,ASK_DEPTH,"[(100936, 109)]"
2019-06-28 11:41:00.000000000,IMBALANCE,"[219, 109]"
2019-06-28 11:42:00.000000000,BID_DEPTH,"[(100753, 262)]"
2019-06-28 11:42:00.000000000,ASK_DEPTH,"[(100999, 152)]"
2019-06-28 11:42:00.000000000,IMBALANCE,"[262, 152]"
2019-06-28 11:43:00.000000000,BID_DEPTH,"[(100713, 195)]"
2019-06-28 11:43:00.000000000,ASK_DEPTH,"[(101087, 85)]"
2019-06-28 11:43:00.000000000,IMBALANCE,"[195, 85]"
2019-06-28 11:44:00.000000000,BID_DEPTH,"[(100247, 338)]"
2019-06-28 11:44:00.000000000,ASK_DEPTH,"[(100339, 228)]"
2019-06-28 11:44:00.000000000,IMBALANCE,"[338, 228]"
2019-06-28 11:45:00.000000000,BID_DEPTH,"[(100301, 262)]"
2019-06-28 11:45:00.000000000,ASK_DEPTH,"[(100339, 152)]"
2019-06-28 11:45:00.000000000,IMBALANCE,"[262, 152]"
2019-06-28 11:46:00.000000000,BID_DEPTH,"[(100247, 338)]"
2019-06-28 11:46:00.000000000,ASK_DEPTH,"[(100339, 228)]"
2019-06-28 11:46:00.000000000,IMBALANCE,"[338, 228]"
2019-06-28 11:47:00.000000000,BID_DEPTH,"[(100247, 219)]"
2019-06-28 11:47:00.000000000,ASK_DEPTH,"[(100627, 109)]"
2019-06-28 11:47:00.000000000,IMBALANCE,"[219, 109]"
2019-06-28 11:48:00.000000000,BID_DEPTH,"[(100238, 100)]"
2019-06-28 11:48:00.000000000,ASK_DEPTH,[]
2019-06-28 11:48:00.000000000,IMBALANCE,"[100, 0]"
2019-06-28 11:49:00.000000000,BID_DEPTH,"[(100238, 195)]"
2019-06-28 11:49:00.000000000,ASK_DEPTH,"[(100247, 185)]"
2019-06-28 11:49:00.000000000,IMBALANCE,"[195, 185]"
2019-06-28 11:50:00.000000000,BID_DEPTH,"[(100175, 195)]"
2019-06-28 11:50:00.000000000,ASK_DEPTH,"[(100246, 85)]"
2019-06-28 11:50:00.000000000,IMBALANCE,"[195, 85]"
2019-06-28 11:51:00.000000000,BID_DEPTH,"[(99926, 219)]"
2019-06-28 11:51:00.000000000,ASK_DEPTH,"[(100175, 109)]"
2019-06-28 11:51:00.000000000,IMBALANCE,"[219, 109]"
2019-06-28 11:52:00.000000000,BID_DEPTH,"[(99827, 465)]"
2019-06-28 11:52:00.000000000,ASK_DEPTH,"[(100175, 575)]"
2019-06-28 11:52:00.000000000,IMBALANCE,"[465, 575]"
2019-06-28 11:52:28.551576705,HOLDINGS_UPDATED,"{'CASH': 10912471, 'JPM': -9}"
2019-06-28 11:53:00.000000000,BID_DEPTH,"[(99747, 152)]"
2019-06-28 11:53:00.000000000,ASK_DEPTH,"[(100175, 262)]"
2019-06-28 11:53:00.000000000,IMBALANCE,"[152, 262]"
2019-06-28 11:54:00.000000000,HOLDINGS_UPDATED,"{'CASH': 10812724, 'JPM': -8}"
2019-06-28 11:54:00.000000000,BID_DEPTH,"[(99747, 229)]"
2019-06-28 11:54:00.000000000,ASK_DEPTH,"[(99800, 338)]"
2019-06-28 11:54:00.000000000,IMBALANCE,"[229, 338]"
2019-06-28 11:55:00.000000000,HOLDINGS_UPDATED,"{'CASH': 10712977, 'JPM': -7}"
2019-06-28 11:55:00.000000000,BID_DEPTH,"[(99747, 86)]"
2019-06-28 11:55:00.000000000,ASK_DEPTH,"[(99818, 195)]"
2019-06-28 11:55:00.000000000,IMBALANCE,"[86, 195]"
2019-06-28 11:56:00.000000000,HOLDINGS_UPDATED,"{'CASH': 10613230, 'JPM': -6}"
2019-06-28 11:56:00.000000000,BID_DEPTH,"[(99747, 210)]"
2019-06-28 11:56:00.000000000,ASK_DEPTH,"[(99818, 219)]"
2019-06-28 11:56:00.000000000,IMBALANCE,"[210, 219]"
2019-06-28 11:57:00.000000000,BID_DEPTH,"[(99748, 465)]"
2019-06-28 11:57:00.000000000,ASK_DEPTH,"[(100247, 575)]"
2019-06-28 11:57:00.000000000,IMBALANCE,"[465, 575]"
2019-06-28 11:58:00.000000000,HOLDINGS_UPDATED,"{'CASH': 10513483, 'JPM': -5}"
2019-06-28 11:58:00.000000000,BID_DEPTH,"[(99747, 53)]"
2019-06-28 11:58:00.000000000,ASK_DEPTH,"[(101029, 262)]"
2019-06-28 11:58:00.000000000,IMBALANCE,"[53, 262]"
2019-06-28 11:59:00.000000000,BID_DEPTH,"[(99747, 85)]"
2019-06-28 11:59:00.000000000,ASK_DEPTH,"[(101355, 195)]"
2019-06-28 11:59:00.000000000,IMBALANCE,"[85, 195]"
2019-06-28 12:00:00.000000000,BID_DEPTH,"[(99747, 465)]"
2019-06-28 12:00:00.000000000,ASK_DEPTH,"[(101384, 575)]"
2019-06-28 12:00:00.000000000,IMBALANCE,"[465, 575]"
2019-06-28 12:01:00.000000000,BID_DEPTH,"[(99744, 152)]"
2019-06-28 12:01:00.000000000,ASK_DEPTH,"[(101475, 262)]"
2019-06-28 12:01:00.000000000,IMBALANCE,"[152, 262]"
2019-06-28 12:02:00.000000000,BID_DEPTH,"[(99628, 465)]"
2019-06-28 12:02:00.000000000,ASK_DEPTH,"[(101698, 575)]"
2019-06-28 12:02:00.000000000,IMBALANCE,"[465, 575]"
2019-06-28 12:03:00.000000000,BID_DEPTH,"[(99532, 465)]"
2019-06-28 12:03:00.000000000,ASK_DEPTH,"[(102227, 575)]"
2019-06-28 12:03:00.000000000,IMBALANCE,"[465, 575]"
2019-06-28 12:04:00.000000000,BID_DEPTH,"[(101962, 152)]"
2019-06-28 12:04:00.000000000,ASK_DEPTH,"[(102227, 262)]"
2019-06-28 12:04:00.000000000,IMBALANCE,"[152, 262]"
2019-06-28 12:04:00.000000000,HOLDINGS_UPDATED,"{'CASH': 10615445, 'JPM': -6}"
2019-06-28 12:05:00.000000000,BID_DEPTH,"[(102128, 85)]"
2019-06-28 12:05:00.000000000,ASK_DEPTH,"[(102227, 195)]"
2019-06-28 12:05:00.000000000,IMBALANCE,"[85, 195]"
2019-06-28 12:05:00.000000000,HOLDINGS_UPDATED,"{'CASH': 10717573, 'JPM': -7}"
2019-06-28 12:06:00.000000000,BID_DEPTH,"[(101903, 109)]"
2019-06-28 12:06:00.000000000,ASK_DEPTH,"[(102227, 219)]"
2019-06-28 12:06:00.000000000,IMBALANCE,"[109, 219]"
2019-06-28 12:06:00.000000000,HOLDINGS_UPDATED,"{'CASH': 10819476, 'JPM': -8}"
2019-06-28 12:07:00.000000000,BID_DEPTH,"[(99532, 328)]"
2019-06-28 12:07:00.000000000,ASK_DEPTH,"[(102269, 338)]"
2019-06-28 12:07:00.000000000,IMBALANCE,"[328, 338]"
2019-06-28 12:08:00.000000000,BID_DEPTH,"[(99532, 428)]"
2019-06-28 12:08:00.000000000,ASK_DEPTH,"[(102037, 228)]"
2019-06-28 12:08:00.000000000,IMBALANCE,"[428, 228]"
2019-06-28 12:09:00.000000000,BID_DEPTH,"[(102091, 219)]"
2019-06-28 12:09:00.000000000,ASK_DEPTH,"[(102269, 109)]"
2019-06-28 12:09:00.000000000,IMBALANCE,"[219, 109]"
2019-06-28 12:10:00.000000000,HOLDINGS_UPDATED,"{'CASH': 10921745, 'JPM': -9}"
2019-06-28 12:10:00.000000000,BID_DEPTH,"[(101598, 262)]"
2019-06-28 12:10:00.000000000,ASK_DEPTH,"[(102269, 153)]"
2019-06-28 12:10:00.000000000,IMBALANCE,"[262, 153]"
2019-06-28 12:11:00.000000000,HOLDINGS_UPDATED,"{'CASH': 11024014, 'JPM': -10}"
2019-06-28 12:11:00.000000000,BID_DEPTH,"[(101402, 219)]"
2019-06-28 12:11:00.000000000,ASK_DEPTH,"[(102269, 10)]"
2019-06-28 12:11:00.000000000,IMBALANCE,"[219, 10]"
2019-06-28 12:12:00.000000000,BID_DEPTH,"[(101402, 338)]"
2019-06-28 12:12:00.000000000,ASK_DEPTH,"[(102268, 228)]"
2019-06-28 12:12:00.000000000,IMBALANCE,"[338, 228]"
2019-06-28 12:13:00.000000000,BID_DEPTH,"[(101366, 575)]"
2019-06-28 12:13:00.000000000,ASK_DEPTH,"[(101408, 465)]"
2019-06-28 12:13:00.000000000,IMBALANCE,"[575, 465]"
2019-06-28 12:14:00.000000000,HOLDINGS_UPDATED,"{'CASH': 11126282, 'JPM': -11}"
2019-06-28 12:14:00.000000000,BID_DEPTH,"[(101335, 338)]"
2019-06-28 12:14:00.000000000,ASK_DEPTH,"[(102268, 229)]"
2019-06-28 12:14:00.000000000,IMBALANCE,"[338, 229]"
2019-06-28 12:15:00.000000000,BID_DEPTH,"[(101221, 575)]"
2019-06-28 12:15:00.000000000,ASK_DEPTH,"[(101523, 465)]"
2019-06-28 12:15:00.000000000,IMBALANCE,"[575, 465]"
2019-06-28 12:16:00.000000000,HOLDINGS_UPDATED,"{'CASH': 11228550, 'JPM': -12}"
2019-06-28 12:16:00.000000000,BID_DEPTH,"[(101098, 262)]"
2019-06-28 12:16:00.000000000,ASK_DEPTH,"[(102268, 253)]"
2019-06-28 12:16:00.000000000,IMBALANCE,"[262, 253]"
2019-06-28 12:17:00.000000000,BID_DEPTH,"[(101098, 195)]"
2019-06-28 12:17:00.000000000,ASK_DEPTH,"[(102268, 76)]"
2019-06-28 12:17:00.000000000,IMBALANCE,"[195, 76]"
2019-06-28 12:18:00.000000000,HOLDINGS_UPDATED,"{'CASH': 11330819, 'JPM': -13}"
2019-06-28 12:18:00.000000000,BID_DEPTH,"[(100949, 262)]"
2019-06-28 12:18:00.000000000,ASK_DEPTH,"[(102269, 53)]"
2019-06-28 12:18:00.000000000,IMBALANCE,"[262, 53]"
2019-06-28 12:19:00.000000000,BID_DEPTH,"[(99532, 195)]"
2019-06-28 12:19:00.000000000,ASK_DEPTH,"[(102279, 85)]"
2019-06-28 12:19:00.000000000,IMBALANCE,"[195, 85]"
2019-06-28 12:20:00.000000000,BID_DEPTH,"[(99235, 195)]"
2019-06-28 12:20:00.000000000,ASK_DEPTH,"[(102279, 85)]"
2019-06-28 12:20:00.000000000,IMBALANCE,"[195, 85]"
2019-06-28 12:21:00.000000000,BID_DEPTH,"[(98831, 195)]"
2019-06-28 12:21:00.000000000,ASK_DEPTH,"[(98867, 85)]"
2019-06-28 12:21:00.000000000,IMBALANCE,"[195, 85]"
2019-06-28 12:21:00.000000000,HOLDINGS_UPDATED,"{'CASH': 11231952, 'JPM': -12}"
2019-06-28 12:22:00.000000000,BID_DEPTH,"[(99023, 338)]"
2019-06-28 12:22:00.000000000,ASK_DEPTH,"[(99182, 228)]"
2019-06-28 12:22:00.000000000,IMBALANCE,"[338, 228]"
2019-06-28 12:22:00.000000000,HOLDINGS_UPDATED,"{'CASH': 11132770, 'JPM': -11}"
2019-06-28 12:23:00.000000000,BID_DEPTH,"[(99023, 575)]"
2019-06-28 12:23:00.000000000,ASK_DEPTH,"[(102279, 465)]"
2019-06-28 12:23:00.000000000,IMBALANCE,"[575, 465]"
2019-06-28 12:24:00.000000000,BID_DEPTH,"[(98831, 575)]"
2019-06-28 12:24:00.000000000,ASK_DEPTH,"[(98895, 465)]"
2019-06-28 12:24:00.000000000,IMBALANCE,"[575, 465]"
2019-06-28 12:24:00.000000000,HOLDINGS_UPDATED,"{'CASH': 11033875, 'JPM': -10}"
2019-06-28 12:25:00.000000000,BID_DEPTH,"[(98375, 575)]"
2019-06-28 12:25:00.000000000,ASK_DEPTH,"[(102321, 465)]"
2019-06-28 12:25:00.000000000,IMBALANCE,"[575, 465]"
2019-06-28 12:26:00.000000000,BID_DEPTH,[]
2019-06-28 12:26:00.000000000,ASK_DEPTH,"[(98378, 100)]"
2019-06-28 12:26:00.000000000,IMBALANCE,"[0, 100]"
2019-06-28 12:27:00.000000000,BID_DEPTH,"[(98095, 195)]"
2019-06-28 12:27:00.000000000,ASK_DEPTH,"[(98207, 85)]"
2019-06-28 12:27:00.000000000,IMBALANCE,"[195, 85]"
2019-06-28 12:27:00.000000000,HOLDINGS_UPDATED,"{'CASH': 10935668, 'JPM': -9}"
2019-06-28 12:28:00.000000000,BID_DEPTH,"[(98207, 362)]"
2019-06-28 12:28:00.000000000,ASK_DEPTH,"[(98522, 152)]"
2019-06-28 12:28:00.000000000,IMBALANCE,"[362, 152]"
2019-06-28 12:28:00.000000000,HOLDINGS_UPDATED,"{'CASH': 10837146, 'JPM': -8}"
2019-06-28 12:29:00.000000000,BID_DEPTH,"[(98095, 575)]"
2019-06-28 12:29:00.000000000,ASK_DEPTH,"[(98192, 465)]"
2019-06-28 12:29:00.000000000,IMBALANCE,"[575, 465]"
2019-06-28 12:29:00.000000000,HOLDINGS_UPDATED,"{'CASH': 10738954, 'JPM': -7}"
2019-06-28 12:30:00.000000000,BID_DEPTH,"[(98709, 109)]"
2019-06-28 12:30:00.000000000,ASK_DEPTH,"[(98772, 219)]"
2019-06-28 12:30:00.000000000,IMBALANCE,"[109, 219]"
2019-06-28 12:31:00.000000000,BID_DEPTH,"[(98730, 85)]"
2019-06-28 12:31:00.000000000,ASK_DEPTH,"[(99089, 195)]"
2019-06-28 12:31:00.000000000,IMBALANCE,"[85, 195]"
2019-06-28 12:32:00.000000000,BID_DEPTH,"[(98729, 228)]"
2019-06-28 12:32:00.000000000,ASK_DEPTH,"[(98876, 338)]"
2019-06-28 12:32:00.000000000,IMBALANCE,"[228, 338]"
2019-06-28 12:33:00.000000000,HOLDINGS_UPDATED,"{'CASH': 10640225, 'JPM': -6}"
2019-06-28 12:33:00.000000000,BID_DEPTH,"[(98729, 229)]"
2019-06-28 12:33:00.000000000,ASK_DEPTH,"[(98876, 338)]"
2019-06-28 12:33:00.000000000,IMBALANCE,"[229, 338]"
2019-06-28 12:34:00.000000000,BID_DEPTH,"[(98876, 228)]"
2019-06-28 12:34:00.000000000,ASK_DEPTH,"[(99151, 338)]"
2019-06-28 12:34:00.000000000,IMBALANCE,"[228, 338]"
2019-06-28 12:35:00.000000000,HOLDINGS_UPDATED,"{'CASH': 10541516, 'JPM': -5}"
2019-06-28 12:35:00.000000000,BID_DEPTH,"[(98709, 153)]"
2019-06-28 12:35:00.000000000,ASK_DEPTH,"[(99664, 262)]"
2019-06-28 12:35:00.000000000,IMBALANCE,"[153, 262]"
2019-06-28 12:36:00.000000000,BID_DEPTH,"[(98709, 85)]"
2019-06-28 12:36:00.000000000,ASK_DEPTH,"[(99666, 195)]"
2019-06-28 12:36:00.000000000,IMBALANCE,"[85, 195]"
2019-06-28 12:37:00.000000000,BID_DEPTH,"[(99533, 152)]"
2019-06-28 12:37:00.000000000,ASK_DEPTH,"[(99666, 262)]"
2019-06-28 12:37:00.000000000,IMBALANCE,"[152, 262]"
2019-06-28 12:38:00.000000000,BID_DEPTH,"[(99407, 109)]"
2019-06-28 12:38:00.000000000,ASK_DEPTH,"[(99666, 219)]"
2019-06-28 12:38:00.000000000,IMBALANCE,"[109, 219]"
2019-06-28 12:39:00.000000000,BID_DEPTH,"[(99060, 228)]"
2019-06-28 12:39:00.000000000,ASK_DEPTH,"[(99492, 338)]"
2019-06-28 12:39:00.000000000,IMBALANCE,"[228, 338]"
2019-06-28 12:40:00.000000000,BID_DEPTH,"[(98710, 228)]"
2019-06-28 12:40:00.000000000,ASK_DEPTH,"[(98826, 338)]"
2019-06-28 12:40:00.000000000,IMBALANCE,"[228, 338]"
2019-06-28 12:41:00.000000000,BID_DEPTH,"[(98710, 152)]"
2019-06-28 12:41:00.000000000,ASK_DEPTH,"[(98826, 262)]"
2019-06-28 12:41:00.000000000,IMBALANCE,"[152, 262]"
2019-06-28 12:42:00.000000000,BID_DEPTH,"[(98709, 465)]"
2019-06-28 12:42:00.000000000,ASK_DEPTH,"[(98826, 575)]"
2019-06-28 12:42:00.000000000,IMBALANCE,"[465, 575]"
2019-06-28 12:43:00.000000000,BID_DEPTH,"[(99286, 85)]"
2019-06-28 12:43:00.000000000,ASK_DEPTH,"[(99492, 195)]"
2019-06-28 12:43:00.000000000,IMBALANCE,"[85, 195]"
2019-06-28 12:44:00.000000000,BID_DEPTH,"[(99193, 465)]"
2019-06-28 12:44:00.000000000,ASK_DEPTH,"[(99286, 575)]"
2019-06-28 12:44:00.000000000,IMBALANCE,"[465, 575]"
2019-06-28 12:45:00.000000000,BID_DEPTH,"[(98709, 209)]"
2019-06-28 12:45:00.000000000,ASK_DEPTH,"[(99286, 219)]"
2019-06-28 12:45:00.000000000,IMBALANCE,"[209, 219]"
2019-06-28 12:46:00.000000000,BID_DEPTH,"[(99081, 152)]"
2019-06-28 12:46:00.000000000,ASK_DEPTH,"[(99286, 262)]"
2019-06-28 12:46:00.000000000,IMBALANCE,"[152, 262]"
2019-06-28 12:47:00.000000000,BID_DEPTH,"[(98984, 109)]"
2019-06-28 12:47:00.000000000,ASK_DEPTH,"[(99020, 219)]"
2019-06-28 12:47:00.000000000,IMBALANCE,"[109, 219]"
2019-06-28 12:48:00.000000000,BID_DEPTH,"[(98800, 85)]"
2019-06-28 12:48:00.000000000,ASK_DEPTH,"[(98984, 195)]"
2019-06-28 12:48:00.000000000,IMBALANCE,"[85, 195]"
2019-06-28 12:49:00.000000000,BID_DEPTH,"[(98709, 218)]"
2019-06-28 12:49:00.000000000,ASK_DEPTH,"[(98984, 338)]"
2019-06-28 12:49:00.000000000,IMBALANCE,"[218, 338]"
2019-06-28 12:50:00.000000000,BID_DEPTH,"[(98083, 152)]"
2019-06-28 12:50:00.000000000,ASK_DEPTH,"[(98157, 262)]"
2019-06-28 12:50:00.000000000,IMBALANCE,"[152, 262]"
2019-06-28 12:51:00.000000000,BID_DEPTH,"[(98226, 85)]"
2019-06-28 12:51:00.000000000,ASK_DEPTH,"[(98601, 195)]"
2019-06-28 12:51:00.000000000,IMBALANCE,"[85, 195]"
2019-06-28 12:52:00.000000000,BID_DEPTH,"[(98357, 109)]"
2019-06-28 12:52:00.000000000,ASK_DEPTH,"[(98601, 219)]"
2019-06-28 12:52:00.000000000,IMBALANCE,"[109, 219]"
2019-06-28 12:53:00.000000000,BID_DEPTH,"[(98601, 228)]"
2019-06-28 12:53:00.000000000,ASK_DEPTH,"[(98709, 320)]"
2019-06-28 12:53:00.000000000,IMBALANCE,"[228, 320]"
2019-06-28 12:54:00.000000000,BID_DEPTH,"[(98357, 152)]"
2019-06-28 12:54:00.000000000,ASK_DEPTH,"[(98471, 262)]"
2019-06-28 12:54:00.000000000,IMBALANCE,"[152, 262]"
2019-06-28 12:55:00.000000000,BID_DEPTH,"[(98225, 228)]"
2019-06-28 12:55:00.000000000,ASK_DEPTH,"[(98709, 320)]"
2019-06-28 12:55:00.000000000,IMBALANCE,"[228, 320]"
2019-06-28 12:56:00.000000000,BID_DEPTH,"[(98369, 228)]"
2019-06-28 12:56:00.000000000,ASK_DEPTH,"[(98666, 338)]"
2019-06-28 12:56:00.000000000,IMBALANCE,"[228, 338]"
2019-06-28 12:57:00.000000000,BID_DEPTH,"[(98614, 465)]"
2019-06-28 12:57:00.000000000,ASK_DEPTH,"[(98666, 575)]"
2019-06-28 12:57:00.000000000,IMBALANCE,"[465, 575]"
2019-06-28 12:58:00.000000000,BID_DEPTH,"[(98526, 228)]"
2019-06-28 12:58:00.000000000,ASK_DEPTH,"[(98609, 338)]"
2019-06-28 12:58:00.000000000,IMBALANCE,"[228, 338]"
2019-06-28 12:59:00.000000000,BID_DEPTH,"[(98526, 228)]"
2019-06-28 12:59:00.000000000,ASK_DEPTH,"[(98666, 338)]"
2019-06-28 12:59:00.000000000,IMBALANCE,"[228, 338]"
2019-06-28 13:00:00.000000000,BID_DEPTH,"[(98392, 228)]"
2019-06-28 13:00:00.000000000,ASK_DEPTH,"[(98709, 320)]"
2019-06-28 13:00:00.000000000,IMBALANCE,"[228, 320]"
2019-06-28 13:01:00.000000000,BID_DEPTH,"[(98615, 152)]"
2019-06-28 13:01:00.000000000,ASK_DEPTH,"[(98709, 244)]"
2019-06-28 13:01:00.000000000,IMBALANCE,"[152, 244]"
2019-06-28 13:02:00.000000000,BID_DEPTH,"[(98369, 85)]"
2019-06-28 13:02:00.000000000,ASK_DEPTH,"[(98615, 195)]"
2019-06-28 13:02:00.000000000,IMBALANCE,"[85, 195]"
2019-06-28 13:03:00.000000000,BID_DEPTH,"[(98217, 85)]"
2019-06-28 13:03:00.000000000,ASK_DEPTH,"[(98615, 195)]"
2019-06-28 13:03:00.000000000,IMBALANCE,"[85, 195]"
2019-06-28 13:04:00.000000000,BID_DEPTH,"[(98217, 465)]"
2019-06-28 13:04:00.000000000,ASK_DEPTH,"[(98634, 575)]"
2019-06-28 13:04:00.000000000,IMBALANCE,"[465, 575]"
2019-06-28 13:05:00.000000000,BID_DEPTH,[]
2019-06-28 13:05:00.000000000,ASK_DEPTH,"[(98709, 82)]"
2019-06-28 13:05:00.000000000,IMBALANCE,"[0, 82]"
2019-06-28 13:06:00.000000000,BID_DEPTH,"[(98634, 465)]"
2019-06-28 13:06:00.000000000,ASK_DEPTH,"[(98826, 575)]"
2019-06-28 13:06:00.000000000,IMBALANCE,"[465, 575]"
2019-06-28 13:07:00.000000000,BID_DEPTH,"[(98634, 285)]"
2019-06-28 13:07:00.000000000,ASK_DEPTH,"[(98826, 195)]"
2019-06-28 13:07:00.000000000,IMBALANCE,"[285, 195]"
2019-06-28 13:08:00.000000000,BID_DEPTH,"[(98634, 418)]"
2019-06-28 13:08:00.000000000,ASK_DEPTH,"[(99551, 338)]"
2019-06-28 13:08:00.000000000,IMBALANCE,"[418, 338]"
2019-06-28 13:09:00.000000000,BID_DEPTH,"[(98634, 232)]"
2019-06-28 13:09:00.000000000,ASK_DEPTH,"[(99591, 262)]"
2019-06-28 13:09:00.000000000,IMBALANCE,"[232, 262]"
2019-06-28 13:10:00.000000000,BID_DEPTH,"[(98634, 435)]"
2019-06-28 13:10:00.000000000,ASK_DEPTH,"[(99855, 575)]"
2019-06-28 13:10:00.000000000,IMBALANCE,"[435, 575]"
2019-06-28 13:11:00.000000000,BID_DEPTH,[]
2019-06-28 13:11:00.000000000,ASK_DEPTH,"[(99968, 100)]"
2019-06-28 13:11:00.000000000,IMBALANCE,"[0, 100]"
2019-06-28 13:12:00.000000000,BID_DEPTH,"[(99571, 85)]"
2019-06-28 13:12:00.000000000,ASK_DEPTH,"[(99843, 195)]"
2019-06-28 13:12:00.000000000,IMBALANCE,"[85, 195]"
2019-06-28 13:13:00.000000000,BID_DEPTH,[]
2019-06-28 13:13:00.000000000,ASK_DEPTH,"[(99843, 100)]"
2019-06-28 13:13:00.000000000,IMBALANCE,"[0, 100]"
2019-06-28 13:14:00.000000000,BID_DEPTH,"[(98761, 228)]"
2019-06-28 13:14:00.000000000,ASK_DEPTH,"[(99231, 338)]"
2019-06-28 13:14:00.000000000,IMBALANCE,"[228, 338]"
2019-06-28 13:15:00.000000000,BID_DEPTH,"[(98761, 152)]"
2019-06-28 13:15:00.000000000,ASK_DEPTH,"[(99231, 262)]"
2019-06-28 13:15:00.000000000,IMBALANCE,"[152, 262]"
2019-06-28 13:16:00.000000000,BID_DEPTH,[]
2019-06-28 13:16:00.000000000,ASK_DEPTH,"[(99554, 100)]"
2019-06-28 13:16:00.000000000,IMBALANCE,"[0, 100]"
2019-06-28 13:17:00.000000000,BID_DEPTH,[]
2019-06-28 13:17:00.000000000,ASK_DEPTH,"[(99571, 100)]"
2019-06-28 13:17:00.000000000,IMBALANCE,"[0, 100]"
2019-06-28 13:18:00.000000000,BID_DEPTH,"[(99324, 228)]"
2019-06-28 13:18:00.000000000,ASK_DEPTH,"[(99571, 338)]"
2019-06-28 13:18:00.000000000,IMBALANCE,"[228, 338]"
2019-06-28 13:19:00.000000000,BID_DEPTH,"[(99445, 85)]"
2019-06-28 13:19:00.000000000,ASK_DEPTH,"[(99571, 195)]"
2019-06-28 13:19:00.000000000,IMBALANCE,"[85, 195]"
2019-06-28 13:20:00.000000000,BID_DEPTH,[]
2019-06-28 13:20:00.000000000,ASK_DEPTH,"[(99701, 100)]"
2019-06-28 13:20:00.000000000,IMBALANCE,"[0, 100]"
2019-06-28 13:21:00.000000000,BID_DEPTH,"[(99571, 262)]"
2019-06-28 13:21:00.000000000,ASK_DEPTH,"[(99701, 152)]"
2019-06-28 13:21:00.000000000,IMBALANCE,"[262, 152]"
2019-06-28 13:21:11.225803193,HOLDINGS_UPDATED,"{'CASH': 10641217, 'JPM': -6}"
2019-06-28 13:22:00.000000000,BID_DEPTH,"[(99571, 195)]"
2019-06-28 13:22:00.000000000,ASK_DEPTH,"[(99843, 85)]"
2019-06-28 13:22:00.000000000,IMBALANCE,"[195, 85]"
2019-06-28 13:22:06.737671797,HOLDINGS_UPDATED,"{'CASH': 10741060, 'JPM': -7}"
2019-06-28 13:23:00.000000000,BID_DEPTH,"[(99843, 133)]"
2019-06-28 13:23:00.000000000,ASK_DEPTH,"[(100057, 109)]"
2019-06-28 13:23:00.000000000,IMBALANCE,"[133, 109]"
2019-06-28 13:24:00.000000000,HOLDINGS_UPDATED,"{'CASH': 10841117, 'JPM': -8}"
2019-06-28 13:24:00.000000000,BID_DEPTH,"[(99843, 252)]"
2019-06-28 13:24:00.000000000,ASK_DEPTH,"[(100057, 129)]"
2019-06-28 13:24:00.000000000,IMBALANCE,"[252, 129]"
2019-06-28 13:25:00.000000000,HOLDINGS_UPDATED,"{'CASH': 10941174, 'JPM': -9}"
2019-06-28 13:25:00.000000000,BID_DEPTH,"[(99843, 176)]"
2019-06-28 13:25:00.000000000,ASK_DEPTH,"[(100057, 53)]"
2019-06-28 13:25:00.000000000,IMBALANCE,"[176, 53]"
2019-06-28 13:25:17.161274426,HOLDINGS_UPDATED,"{'CASH': 11041231, 'JPM': -10}"
2019-06-28 13:26:00.000000000,BID_DEPTH,"[(99843, 109)]"
2019-06-28 13:26:00.000000000,ASK_DEPTH,"[(100085, 85)]"
2019-06-28 13:26:00.000000000,IMBALANCE,"[109, 85]"
2019-06-28 13:26:17.887163143,HOLDINGS_UPDATED,"{'CASH': 11141316, 'JPM': -11}"
2019-06-28 13:27:00.000000000,BID_DEPTH,"[(99843, 109)]"
2019-06-28 13:27:00.000000000,ASK_DEPTH,"[(100116, 85)]"
2019-06-28 13:27:00.000000000,IMBALANCE,"[109, 85]"
2019-06-28 13:27:21.532743249,HOLDINGS_UPDATED,"{'CASH': 11241432, 'JPM': -12}"
2019-06-28 13:28:00.000000000,BID_DEPTH,"[(99843, 109)]"
2019-06-28 13:28:00.000000000,ASK_DEPTH,"[(100178, 85)]"
2019-06-28 13:28:00.000000000,IMBALANCE,"[109, 85]"
2019-06-28 13:28:42.311298440,HOLDINGS_UPDATED,"{'CASH': 11341610, 'JPM': -13}"
2019-06-28 13:29:00.000000000,BID_DEPTH,"[(100204, 262)]"
2019-06-28 13:29:00.000000000,ASK_DEPTH,"[(100235, 152)]"
2019-06-28 13:29:00.000000000,IMBALANCE,"[262, 152]"
2019-06-28 13:30:00.000000000,HOLDINGS_UPDATED,"{'CASH': 11441845, 'JPM': -14}"
2019-06-28 13:30:00.000000000,BID_DEPTH,"[(100204, 262)]"
2019-06-28 13:30:00.000000000,ASK_DEPTH,"[(100235, 53)]"
2019-06-28 13:30:00.000000000,IMBALANCE,"[262, 53]"
2019-06-28 13:30:18.140705302,HOLDINGS_UPDATED,"{'CASH': 11542080, 'JPM': -15}"
2019-06-28 13:31:00.000000000,BID_DEPTH,"[(100204, 575)]"
2019-06-28 13:31:00.000000000,ASK_DEPTH,"[(100235, 465)]"
2019-06-28 13:31:00.000000000,IMBALANCE,"[575, 465]"
2019-06-28 13:31:43.627623107,HOLDINGS_UPDATED,"{'CASH': 11642315, 'JPM': -16}"
2019-06-28 13:32:00.000000000,BID_DEPTH,"[(100204, 262)]"
2019-06-28 13:32:00.000000000,ASK_DEPTH,"[(100252, 152)]"
2019-06-28 13:32:00.000000000,IMBALANCE,"[262, 152]"
2019-06-28 13:32:26.107760679,HOLDINGS_UPDATED,"{'CASH': 11742567, 'JPM': -17}"
2019-06-28 13:33:00.000000000,BID_DEPTH,"[(100204, 338)]"
2019-06-28 13:33:00.000000000,ASK_DEPTH,"[(100318, 228)]"
2019-06-28 13:33:00.000000000,IMBALANCE,"[338, 228]"
2019-06-28 13:33:43.636364817,HOLDINGS_UPDATED,"{'CASH': 11842885, 'JPM': -18}"
2019-06-28 13:34:00.000000000,BID_DEPTH,"[(100204, 195)]"
2019-06-28 13:34:00.000000000,ASK_DEPTH,"[(100321, 85)]"
2019-06-28 13:34:00.000000000,IMBALANCE,"[195, 85]"
2019-06-28 13:35:00.000000000,BID_DEPTH,"[(100178, 338)]"
2019-06-28 13:35:00.000000000,ASK_DEPTH,"[(100300, 228)]"
2019-06-28 13:35:00.000000000,IMBALANCE,"[338, 228]"
2019-06-28 13:36:00.000000000,HOLDINGS_UPDATED,"{'CASH': 11943185, 'JPM': -19}"
2019-06-28 13:36:00.000000000,BID_DEPTH,"[(100178, 575)]"
2019-06-28 13:36:00.000000000,ASK_DEPTH,"[(100300, 366)]"
2019-06-28 13:36:00.000000000,IMBALANCE,"[575, 366]"
2019-06-28 13:37:00.000000000,BID_DEPTH,"[(99843, 176)]"
2019-06-28 13:37:00.000000000,ASK_DEPTH,"[(100299, 252)]"
2019-06-28 13:37:00.000000000,IMBALANCE,"[176, 252]"
2019-06-28 13:38:00.000000000,BID_DEPTH,"[(99828, 219)]"
2019-06-28 13:38:00.000000000,ASK_DEPTH,"[(100299, 199)]"
2019-06-28 13:38:00.000000000,IMBALANCE,"[219, 199]"
2019-06-28 13:39:00.000000000,BID_DEPTH,"[(99668, 195)]"
2019-06-28 13:39:00.000000000,ASK_DEPTH,"[(99919, 85)]"
2019-06-28 13:39:00.000000000,IMBALANCE,"[195, 85]"
2019-06-28 13:40:00.000000000,BID_DEPTH,"[(99571, 338)]"
2019-06-28 13:40:00.000000000,ASK_DEPTH,"[(99919, 328)]"
2019-06-28 13:40:00.000000000,IMBALANCE,"[338, 328]"
2019-06-28 13:41:00.000000000,BID_DEPTH,"[(99571, 575)]"
2019-06-28 13:41:00.000000000,ASK_DEPTH,"[(100077, 465)]"
2019-06-28 13:41:00.000000000,IMBALANCE,"[575, 465]"
2019-06-28 13:42:00.000000000,BID_DEPTH,"[(100077, 338)]"
2019-06-28 13:42:00.000000000,ASK_DEPTH,"[(100079, 228)]"
2019-06-28 13:42:00.000000000,IMBALANCE,"[338, 228]"
2019-06-28 13:43:00.000000000,BID_DEPTH,"[(100077, 575)]"
2019-06-28 13:43:00.000000000,ASK_DEPTH,"[(100132, 465)]"
2019-06-28 13:43:00.000000000,IMBALANCE,"[575, 465]"
2019-06-28 13:44:00.000000000,BID_DEPTH,"[(100077, 195)]"
2019-06-28 13:44:00.000000000,ASK_DEPTH,"[(100183, 85)]"
2019-06-28 13:44:00.000000000,IMBALANCE,"[195, 85]"
2019-06-28 13:45:00.000000000,BID_DEPTH,"[(99966, 262)]"
2019-06-28 13:45:00.000000000,ASK_DEPTH,"[(100195, 152)]"
2019-06-28 13:45:00.000000000,IMBALANCE,"[262, 152]"
2019-06-28 13:46:00.000000000,BID_DEPTH,"[(100107, 575)]"
2019-06-28 13:46:00.000000000,ASK_DEPTH,"[(100299, 545)]"
2019-06-28 13:46:00.000000000,IMBALANCE,"[575, 545]"
2019-06-28 13:47:00.000000000,BID_DEPTH,"[(99966, 219)]"
2019-06-28 13:47:00.000000000,ASK_DEPTH,"[(100220, 109)]"
2019-06-28 13:47:00.000000000,IMBALANCE,"[219, 109]"
2019-06-28 13:48:00.000000000,BID_DEPTH,"[(100144, 575)]"
2019-06-28 13:48:00.000000000,ASK_DEPTH,"[(100299, 435)]"
2019-06-28 13:48:00.000000000,IMBALANCE,"[575, 435]"
2019-06-28 13:49:00.000000000,HOLDINGS_UPDATED,"{'CASH': 12043485, 'JPM': -20}"
2019-06-28 13:49:00.000000000,BID_DEPTH,"[(100109, 219)]"
2019-06-28 13:49:00.000000000,ASK_DEPTH,"[(100300, 10)]"
2019-06-28 13:49:00.000000000,IMBALANCE,"[219, 10]"
2019-06-28 13:50:00.000000000,HOLDINGS_UPDATED,"{'CASH': 12143806, 'JPM': -21}"
2019-06-28 13:50:00.000000000,BID_DEPTH,"[(100321, 5)]"
2019-06-28 13:50:00.000000000,ASK_DEPTH,"[(100333, 186)]"
2019-06-28 13:50:00.000000000,IMBALANCE,"[5, 186]"
2019-06-28 13:51:00.000000000,BID_DEPTH,"[(100321, 480)]"
2019-06-28 13:51:00.000000000,ASK_DEPTH,"[(100354, 465)]"
2019-06-28 13:51:00.000000000,IMBALANCE,"[480, 465]"
2019-06-28 13:52:00.000000000,BID_DEPTH,"[(100321, 100)]"
2019-06-28 13:52:00.000000000,ASK_DEPTH,"[(100354, 85)]"
2019-06-28 13:52:00.000000000,IMBALANCE,"[100, 85]"
2019-06-28 13:53:00.000000000,BID_DEPTH,"[(100052, 575)]"
2019-06-28 13:53:00.000000000,ASK_DEPTH,"[(100109, 370)]"
2019-06-28 13:53:00.000000000,IMBALANCE,"[575, 370]"
2019-06-28 13:54:00.000000000,BID_DEPTH,"[(100052, 338)]"
2019-06-28 13:54:00.000000000,ASK_DEPTH,"[(100109, 228)]"
2019-06-28 13:54:00.000000000,IMBALANCE,"[338, 228]"
2019-06-28 13:55:00.000000000,BID_DEPTH,"[(99966, 219)]"
2019-06-28 13:55:00.000000000,ASK_DEPTH,"[(100001, 109)]"
2019-06-28 13:55:00.000000000,IMBALANCE,"[219, 109]"
2019-06-28 13:56:00.000000000,BID_DEPTH,"[(99868, 262)]"
2019-06-28 13:56:00.000000000,ASK_DEPTH,"[(100283, 152)]"
2019-06-28 13:56:00.000000000,IMBALANCE,"[262, 152]"
2019-06-28 13:57:00.000000000,BID_DEPTH,"[(99868, 575)]"
2019-06-28 13:57:00.000000000,ASK_DEPTH,"[(100227, 465)]"
2019-06-28 13:57:00.000000000,IMBALANCE,"[575, 465]"
2019-06-28 13:58:00.000000000,BID_DEPTH,"[(99997, 262)]"
2019-06-28 13:58:00.000000000,ASK_DEPTH,"[(100227, 152)]"
2019-06-28 13:58:00.000000000,IMBALANCE,"[262, 152]"
2019-06-28 13:59:00.000000000,BID_DEPTH,"[(99782, 338)]"
2019-06-28 13:59:00.000000000,ASK_DEPTH,"[(99997, 228)]"
2019-06-28 13:59:00.000000000,IMBALANCE,"[338, 228]"
2019-06-28 14:00:00.000000000,BID_DEPTH,"[(99622, 338)]"
2019-06-28 14:00:00.000000000,ASK_DEPTH,"[(99831, 228)]"
2019-06-28 14:00:00.000000000,IMBALANCE,"[338, 228]"
2019-06-28 14:01:00.000000000,BID_DEPTH,"[(99622, 262)]"
2019-06-28 14:01:00.000000000,ASK_DEPTH,"[(99825, 152)]"
2019-06-28 14:01:00.000000000,IMBALANCE,"[262, 152]"
2019-06-28 14:02:00.000000000,BID_DEPTH,"[(99713, 195)]"
2019-06-28 14:02:00.000000000,ASK_DEPTH,"[(99828, 85)]"
2019-06-28 14:02:00.000000000,IMBALANCE,"[195, 85]"
2019-06-28 14:03:00.000000000,BID_DEPTH,"[(99622, 338)]"
2019-06-28 14:03:00.000000000,ASK_DEPTH,"[(99989, 228)]"
2019-06-28 14:03:00.000000000,IMBALANCE,"[338, 228]"
2019-06-28 14:04:00.000000000,BID_DEPTH,"[(99622, 262)]"
2019-06-28 14:04:00.000000000,ASK_DEPTH,"[(100227, 152)]"
2019-06-28 14:04:00.000000000,IMBALANCE,"[262, 152]"
2019-06-28 14:05:00.000000000,BID_DEPTH,"[(99595, 195)]"
2019-06-28 14:05:00.000000000,ASK_DEPTH,"[(100227, 85)]"
2019-06-28 14:05:00.000000000,IMBALANCE,"[195, 85]"
2019-06-28 14:06:00.000000000,BID_DEPTH,"[(99371, 195)]"
2019-06-28 14:06:00.000000000,ASK_DEPTH,"[(100354, 85)]"
2019-06-28 14:06:00.000000000,IMBALANCE,"[195, 85]"
2019-06-28 14:07:00.000000000,BID_DEPTH,"[(99464, 219)]"
2019-06-28 14:07:00.000000000,ASK_DEPTH,"[(100354, 309)]"
2019-06-28 14:07:00.000000000,IMBALANCE,"[219, 309]"
2019-06-28 14:08:00.000000000,BID_DEPTH,"[(99372, 109)]"
2019-06-28 14:08:00.000000000,ASK_DEPTH,"[(100353, 219)]"
2019-06-28 14:08:00.000000000,IMBALANCE,"[109, 219]"
2019-06-28 14:09:00.000000000,BID_DEPTH,"[(99604, 152)]"
2019-06-28 14:09:00.000000000,ASK_DEPTH,"[(100354, 352)]"
2019-06-28 14:09:00.000000000,IMBALANCE,"[152, 352]"
2019-06-28 14:10:00.000000000,BID_DEPTH,"[(99604, 109)]"
2019-06-28 14:10:00.000000000,ASK_DEPTH,"[(100335, 219)]"
2019-06-28 14:10:00.000000000,IMBALANCE,"[109, 219]"
2019-06-28 14:11:00.000000000,BID_DEPTH,"[(99372, 186)]"
2019-06-28 14:11:00.000000000,ASK_DEPTH,"[(100335, 1)]"
2019-06-28 14:11:00.000000000,IMBALANCE,"[186, 1]"
2019-06-28 14:12:00.000000000,BID_DEPTH,"[(99372, 456)]"
2019-06-28 14:12:00.000000000,ASK_DEPTH,"[(100364, 575)]"
2019-06-28 14:12:00.000000000,IMBALANCE,"[456, 575]"
2019-06-28 14:13:00.000000000,BID_DEPTH,"[(99372, 152)]"
2019-06-28 14:13:00.000000000,ASK_DEPTH,"[(100364, 262)]"
2019-06-28 14:13:00.000000000,IMBALANCE,"[152, 262]"
2019-06-28 14:14:00.000000000,BID_DEPTH,"[(99327, 109)]"
2019-06-28 14:14:00.000000000,ASK_DEPTH,"[(100711, 219)]"
2019-06-28 14:14:00.000000000,IMBALANCE,"[109, 219]"
2019-06-28 14:15:00.000000000,BID_DEPTH,"[(100711, 209)]"
2019-06-28 14:15:00.000000000,ASK_DEPTH,"[(100739, 338)]"
2019-06-28 14:15:00.000000000,IMBALANCE,"[209, 338]"
2019-06-28 14:15:00.000000000,HOLDINGS_UPDATED,"{'CASH': 12244517, 'JPM': -22}"
2019-06-28 14:16:00.000000000,BID_DEPTH,"[(100711, 152)]"
2019-06-28 14:16:00.000000000,ASK_DEPTH,"[(100805, 262)]"
2019-06-28 14:16:00.000000000,IMBALANCE,"[152, 262]"
2019-06-28 14:16:00.000000000,HOLDINGS_UPDATED,"{'CASH': 12345228, 'JPM': -23}"
2019-06-28 14:17:00.000000000,BID_DEPTH,"[(100711, 465)]"
2019-06-28 14:17:00.000000000,ASK_DEPTH,"[(100938, 575)]"
2019-06-28 14:17:00.000000000,IMBALANCE,"[465, 575]"
2019-06-28 14:17:00.000000000,HOLDINGS_UPDATED,"{'CASH': 12445939, 'JPM': -24}"
2019-06-28 14:18:00.000000000,BID_DEPTH,"[(100711, 85)]"
2019-06-28 14:18:00.000000000,ASK_DEPTH,"[(100938, 195)]"
2019-06-28 14:18:00.000000000,IMBALANCE,"[85, 195]"
2019-06-28 14:18:00.000000000,HOLDINGS_UPDATED,"{'CASH': 12546650, 'JPM': -25}"
2019-06-28 14:19:00.000000000,BID_DEPTH,"[(100711, 666)]"
2019-06-28 14:19:00.000000000,ASK_DEPTH,"[(101048, 474)]"
2019-06-28 14:19:00.000000000,IMBALANCE,"[666, 474]"
2019-06-28 14:19:00.000000000,HOLDINGS_UPDATED,"{'CASH': 12647361, 'JPM': -26}"
2019-06-28 14:20:00.000000000,BID_DEPTH,"[(100711, 528)]"
2019-06-28 14:20:00.000000000,ASK_DEPTH,"[(101467, 228)]"
2019-06-28 14:20:00.000000000,IMBALANCE,"[528, 228]"
2019-06-28 14:20:42.722741553,HOLDINGS_UPDATED,"{'CASH': 12748828, 'JPM': -27}"
2019-06-28 14:21:00.000000000,BID_DEPTH,"[(101230, 262)]"
2019-06-28 14:21:00.000000000,ASK_DEPTH,"[(101466, 152)]"
2019-06-28 14:21:00.000000000,IMBALANCE,"[262, 152]"
2019-06-28 14:21:50.112236502,HOLDINGS_UPDATED,"{'CASH': 12850294, 'JPM': -28}"
2019-06-28 14:22:00.000000000,BID_DEPTH,"[(101466, 242)]"
2019-06-28 14:22:00.000000000,ASK_DEPTH,"[(101496, 228)]"
2019-06-28 14:22:00.000000000,IMBALANCE,"[242, 228]"
2019-06-28 14:23:00.000000000,HOLDINGS_UPDATED,"{'CASH': 12951790, 'JPM': -29}"
2019-06-28 14:23:00.000000000,BID_DEPTH,"[(101414, 575)]"
2019-06-28 14:23:00.000000000,ASK_DEPTH,"[(101496, 366)]"
2019-06-28 14:23:00.000000000,IMBALANCE,"[575, 366]"
2019-06-28 14:24:00.000000000,BID_DEPTH,"[(101414, 262)]"
2019-06-28 14:24:00.000000000,ASK_DEPTH,"[(101466, 152)]"
2019-06-28 14:24:00.000000000,IMBALANCE,"[262, 152]"
2019-06-28 14:25:00.000000000,HOLDINGS_UPDATED,"{'CASH': 13053256, 'JPM': -30}"
2019-06-28 14:25:00.000000000,HOLDINGS_UPDATED,"{'CASH': 13154752, 'JPM': -31}"
2019-06-28 14:25:00.000000000,BID_DEPTH,"[(101466, 5)]"
2019-06-28 14:25:00.000000000,ASK_DEPTH,"[(101496, 187)]"
2019-06-28 14:25:00.000000000,IMBALANCE,"[5, 187]"
2019-06-28 14:26:00.000000000,HOLDINGS_UPDATED,"{'CASH': 13256248, 'JPM': -32}"
2019-06-28 14:26:00.000000000,BID_DEPTH,"[(101466, 480)]"
2019-06-28 14:26:00.000000000,ASK_DEPTH,"[(101496, 558)]"
2019-06-28 14:26:00.000000000,IMBALANCE,"[480, 558]"
2019-06-28 14:27:00.000000000,BID_DEPTH,"[(101342, 575)]"
2019-06-28 14:27:00.000000000,ASK_DEPTH,"[(101495, 565)]"
2019-06-28 14:27:00.000000000,IMBALANCE,"[575, 565]"
2019-06-28 14:28:00.000000000,BID_DEPTH,"[(101218, 295)]"
2019-06-28 14:28:00.000000000,ASK_DEPTH,"[(101478, 85)]"
2019-06-28 14:28:00.000000000,IMBALANCE,"[295, 85]"
2019-06-28 14:29:00.000000000,HOLDINGS_UPDATED,"{'CASH': 13357726, 'JPM': -33}"
2019-06-28 14:29:00.000000000,BID_DEPTH,"[(101218, 295)]"
2019-06-28 14:29:00.000000000,ASK_DEPTH,"[(101478, 86)]"
2019-06-28 14:29:00.000000000,IMBALANCE,"[295, 86]"
2019-06-28 14:30:00.000000000,HOLDINGS_UPDATED,"{'CASH': 13459204, 'JPM': -34}"
2019-06-28 14:30:00.000000000,BID_DEPTH,"[(101188, 575)]"
2019-06-28 14:30:00.000000000,ASK_DEPTH,"[(101478, 466)]"
2019-06-28 14:30:00.000000000,IMBALANCE,"[575, 466]"
2019-06-28 14:31:00.000000000,BID_DEPTH,"[(101001, 338)]"
2019-06-28 14:31:00.000000000,ASK_DEPTH,"[(101477, 228)]"
2019-06-28 14:31:00.000000000,IMBALANCE,"[338, 228]"
2019-06-28 14:32:00.000000000,BID_DEPTH,"[(101001, 219)]"
2019-06-28 14:32:00.000000000,ASK_DEPTH,"[(101010, 109)]"
2019-06-28 14:32:00.000000000,IMBALANCE,"[219, 109]"
2019-06-28 14:33:00.000000000,BID_DEPTH,"[(101190, 219)]"
2019-06-28 14:33:00.000000000,ASK_DEPTH,"[(101303, 109)]"
2019-06-28 14:33:00.000000000,IMBALANCE,"[219, 109]"
2019-06-28 14:34:00.000000000,HOLDINGS_UPDATED,"{'CASH': 13560682, 'JPM': -35}"
2019-06-28 14:34:00.000000000,BID_DEPTH,"[(101001, 575)]"
2019-06-28 14:34:00.000000000,ASK_DEPTH,"[(101478, 366)]"
2019-06-28 14:34:00.000000000,IMBALANCE,"[575, 366]"
2019-06-28 14:35:00.000000000,BID_DEPTH,"[(101001, 195)]"
2019-06-28 14:35:00.000000000,ASK_DEPTH,"[(101179, 85)]"
2019-06-28 14:35:00.000000000,IMBALANCE,"[195, 85]"
2019-06-28 14:36:00.000000000,BID_DEPTH,"[(100994, 575)]"
2019-06-28 14:36:00.000000000,ASK_DEPTH,"[(101478, 565)]"
2019-06-28 14:36:00.000000000,IMBALANCE,"[575, 565]"
2019-06-28 14:37:00.000000000,BID_DEPTH,"[(101079, 195)]"
2019-06-28 14:37:00.000000000,ASK_DEPTH,"[(101478, 75)]"
2019-06-28 14:37:00.000000000,IMBALANCE,"[195, 75]"
2019-06-28 14:38:00.000000000,BID_DEPTH,"[(100994, 575)]"
2019-06-28 14:38:00.000000000,ASK_DEPTH,"[(101477, 565)]"
2019-06-28 14:38:00.000000000,IMBALANCE,"[575, 565]"
2019-06-28 14:39:00.000000000,BID_DEPTH,"[(100868, 262)]"
2019-06-28 14:39:00.000000000,ASK_DEPTH,"[(101477, 142)]"
2019-06-28 14:39:00.000000000,IMBALANCE,"[262, 142]"
2019-06-28 14:40:00.000000000,BID_DEPTH,"[(100868, 338)]"
2019-06-28 14:40:00.000000000,ASK_DEPTH,"[(101478, 228)]"
2019-06-28 14:40:00.000000000,IMBALANCE,"[338, 228]"
2019-06-28 14:41:00.000000000,HOLDINGS_UPDATED,"{'CASH': 13662177, 'JPM': -36}"
2019-06-28 14:41:00.000000000,BID_DEPTH,"[(100868, 219)]"
2019-06-28 14:41:00.000000000,ASK_DEPTH,"[(101495, 10)]"
2019-06-28 14:41:00.000000000,IMBALANCE,"[219, 10]"
2019-06-28 14:42:00.000000000,BID_DEPTH,"[(100808, 195)]"
2019-06-28 14:42:00.000000000,ASK_DEPTH,"[(101495, 185)]"
2019-06-28 14:42:00.000000000,IMBALANCE,"[195, 185]"
2019-06-28 14:43:00.000000000,BID_DEPTH,"[(100701, 195)]"
2019-06-28 14:43:00.000000000,ASK_DEPTH,"[(101495, 75)]"
2019-06-28 14:43:00.000000000,IMBALANCE,"[195, 75]"
2019-06-28 14:44:00.000000000,BID_DEPTH,"[(100517, 195)]"
2019-06-28 14:44:00.000000000,ASK_DEPTH,"[(101495, 85)]"
2019-06-28 14:44:00.000000000,IMBALANCE,"[195, 85]"
2019-06-28 14:45:00.000000000,BID_DEPTH,"[(100163, 338)]"
2019-06-28 14:45:00.000000000,ASK_DEPTH,"[(100533, 228)]"
2019-06-28 14:45:00.000000000,IMBALANCE,"[338, 228]"
2019-06-28 14:46:00.000000000,BID_DEPTH,"[(100163, 262)]"
2019-06-28 14:46:00.000000000,ASK_DEPTH,"[(100465, 152)]"
2019-06-28 14:46:00.000000000,IMBALANCE,"[262, 152]"
2019-06-28 14:47:00.000000000,BID_DEPTH,"[(100465, 575)]"
2019-06-28 14:47:00.000000000,ASK_DEPTH,"[(100510, 465)]"
2019-06-28 14:47:00.000000000,IMBALANCE,"[575, 465]"
2019-06-28 14:48:00.000000000,BID_DEPTH,"[(100231, 219)]"
2019-06-28 14:48:00.000000000,ASK_DEPTH,"[(100510, 109)]"
2019-06-28 14:48:00.000000000,IMBALANCE,"[219, 109]"
2019-06-28 14:49:00.000000000,BID_DEPTH,"[(100231, 575)]"
2019-06-28 14:49:00.000000000,ASK_DEPTH,"[(100449, 465)]"
2019-06-28 14:49:00.000000000,IMBALANCE,"[575, 465]"
2019-06-28 14:50:00.000000000,BID_DEPTH,"[(100449, 195)]"
2019-06-28 14:50:00.000000000,ASK_DEPTH,"[(100578, 85)]"
2019-06-28 14:50:00.000000000,IMBALANCE,"[195, 85]"
2019-06-28 14:51:00.000000000,BID_DEPTH,"[(100231, 219)]"
2019-06-28 14:51:00.000000000,ASK_DEPTH,"[(100424, 109)]"
2019-06-28 14:51:00.000000000,IMBALANCE,"[219, 109]"
2019-06-28 14:52:00.000000000,BID_DEPTH,"[(100424, 338)]"
2019-06-28 14:52:00.000000000,ASK_DEPTH,"[(100528, 228)]"
2019-06-28 14:52:00.000000000,IMBALANCE,"[338, 228]"
2019-06-28 14:53:00.000000000,BID_DEPTH,"[(100424, 575)]"
2019-06-28 14:53:00.000000000,ASK_DEPTH,"[(100762, 465)]"
2019-06-28 14:53:00.000000000,IMBALANCE,"[575, 465]"
2019-06-28 14:54:00.000000000,BID_DEPTH,"[(100825, 219)]"
2019-06-28 14:54:00.000000000,ASK_DEPTH,"[(101495, 109)]"
2019-06-28 14:54:00.000000000,IMBALANCE,"[219, 109]"
2019-06-28 14:55:00.000000000,HOLDINGS_UPDATED,"{'CASH': 13763673, 'JPM': -37}"
2019-06-28 14:55:00.000000000,BID_DEPTH,"[(100825, 575)]"
2019-06-28 14:55:00.000000000,ASK_DEPTH,"[(101496, 366)]"
2019-06-28 14:55:00.000000000,IMBALANCE,"[575, 366]"
2019-06-28 14:56:00.000000000,BID_DEPTH,"[(100825, 109)]"
2019-06-28 14:56:00.000000000,ASK_DEPTH,"[(101542, 219)]"
2019-06-28 14:56:00.000000000,IMBALANCE,"[109, 219]"
2019-06-28 14:57:00.000000000,BID_DEPTH,"[(100721, 152)]"
2019-06-28 14:57:00.000000000,ASK_DEPTH,"[(100825, 262)]"
2019-06-28 14:57:00.000000000,IMBALANCE,"[152, 262]"
2019-06-28 14:58:00.000000000,BID_DEPTH,"[(100602, 85)]"
2019-06-28 14:58:00.000000000,ASK_DEPTH,"[(100744, 195)]"
2019-06-28 14:58:00.000000000,IMBALANCE,"[85, 195]"
2019-06-28 14:59:00.000000000,BID_DEPTH,"[(100602, 109)]"
2019-06-28 14:59:00.000000000,ASK_DEPTH,"[(100930, 219)]"
2019-06-28 14:59:00.000000000,IMBALANCE,"[109, 219]"
2019-06-28 15:00:00.000000000,BID_DEPTH,"[(100930, 228)]"
2019-06-28 15:00:00.000000000,ASK_DEPTH,"[(101542, 338)]"
2019-06-28 15:00:00.000000000,IMBALANCE,"[228, 338]"
2019-06-28 15:01:00.000000000,BID_DEPTH,"[(100930, 109)]"
2019-06-28 15:01:00.000000000,ASK_DEPTH,"[(101542, 219)]"
2019-06-28 15:01:00.000000000,IMBALANCE,"[109, 219]"
2019-06-28 15:02:00.000000000,BID_DEPTH,"[(100717, 152)]"
2019-06-28 15:02:00.000000000,ASK_DEPTH,"[(100828, 262)]"
2019-06-28 15:02:00.000000000,IMBALANCE,"[152, 262]"
2019-06-28 15:03:00.000000000,BID_DEPTH,"[(100789, 109)]"
2019-06-28 15:03:00.000000000,ASK_DEPTH,"[(100929, 219)]"
2019-06-28 15:03:00.000000000,IMBALANCE,"[109, 219]"
2019-06-28 15:04:00.000000000,BID_DEPTH,"[(100717, 465)]"
2019-06-28 15:04:00.000000000,ASK_DEPTH,"[(100929, 575)]"
2019-06-28 15:04:00.000000000,IMBALANCE,"[465, 575]"
2019-06-28 15:05:00.000000000,BID_DEPTH,"[(100825, 85)]"
2019-06-28 15:05:00.000000000,ASK_DEPTH,"[(100929, 195)]"
2019-06-28 15:05:00.000000000,IMBALANCE,"[85, 195]"
2019-06-28 15:06:00.000000000,BID_DEPTH,"[(100807, 109)]"
2019-06-28 15:06:00.000000000,ASK_DEPTH,"[(100929, 219)]"
2019-06-28 15:06:00.000000000,IMBALANCE,"[109, 219]"
2019-06-28 15:07:00.000000000,BID_DEPTH,"[(100807, 252)]"
2019-06-28 15:07:00.000000000,ASK_DEPTH,"[(100930, 262)]"
2019-06-28 15:07:00.000000000,IMBALANCE,"[252, 262]"
2019-06-28 15:08:00.000000000,BID_DEPTH,"[(100807, 242)]"
2019-06-28 15:08:00.000000000,ASK_DEPTH,"[(100934, 262)]"
2019-06-28 15:08:00.000000000,IMBALANCE,"[242, 262]"
2019-06-28 15:09:00.000000000,BID_DEPTH,"[(100807, 65)]"
2019-06-28 15:09:00.000000000,ASK_DEPTH,"[(100956, 195)]"
2019-06-28 15:09:00.000000000,IMBALANCE,"[65, 195]"
2019-06-28 15:10:00.000000000,BID_DEPTH,"[(100807, 109)]"
2019-06-28 15:10:00.000000000,ASK_DEPTH,"[(101009, 219)]"
2019-06-28 15:10:00.000000000,IMBALANCE,"[109, 219]"
2019-06-28 15:11:00.000000000,BID_DEPTH,"[(101006, 465)]"
2019-06-28 15:11:00.000000000,ASK_DEPTH,"[(101038, 575)]"
2019-06-28 15:11:00.000000000,IMBALANCE,"[465, 575]"
2019-06-28 15:12:00.000000000,BID_DEPTH,"[(100807, 152)]"
2019-06-28 15:12:00.000000000,ASK_DEPTH,"[(101006, 262)]"
2019-06-28 15:12:00.000000000,IMBALANCE,"[152, 262]"
2019-06-28 15:13:00.000000000,BID_DEPTH,"[(100572, 152)]"
2019-06-28 15:13:00.000000000,ASK_DEPTH,"[(100806, 262)]"
2019-06-28 15:13:00.000000000,IMBALANCE,"[152, 262]"
2019-06-28 15:14:00.000000000,BID_DEPTH,"[(100152, 228)]"
2019-06-28 15:14:00.000000000,ASK_DEPTH,"[(100806, 338)]"
2019-06-28 15:14:00.000000000,IMBALANCE,"[228, 338]"
2019-06-28 15:15:00.000000000,BID_DEPTH,"[(100069, 228)]"
2019-06-28 15:15:00.000000000,ASK_DEPTH,"[(100152, 338)]"
2019-06-28 15:15:00.000000000,IMBALANCE,"[228, 338]"
2019-06-28 15:15:10.927483874,HOLDINGS_UPDATED,"{'CASH': 13663604, 'JPM': -36}"
2019-06-28 15:16:00.000000000,BID_DEPTH,"[(99908, 152)]"
2019-06-28 15:16:00.000000000,ASK_DEPTH,"[(100152, 262)]"
2019-06-28 15:16:00.000000000,IMBALANCE,"[152, 262]"
2019-06-28 15:16:27.241481179,HOLDINGS_UPDATED,"{'CASH': 13563696, 'JPM': -35}"
2019-06-28 15:17:00.000000000,BID_DEPTH,"[(99768, 109)]"
2019-06-28 15:17:00.000000000,ASK_DEPTH,"[(100152, 219)]"
2019-06-28 15:17:00.000000000,IMBALANCE,"[109, 219]"
2019-06-28 15:17:59.668009198,HOLDINGS_UPDATED,"{'CASH': 13463928, 'JPM': -34}"
2019-06-28 15:18:00.000000000,BID_DEPTH,"[(99739, 186)]"
2019-06-28 15:18:00.000000000,ASK_DEPTH,"[(99768, 5)]"
2019-06-28 15:18:00.000000000,IMBALANCE,"[186, 5]"
2019-06-28 15:18:32.556569892,HOLDINGS_UPDATED,"{'CASH': 13364189, 'JPM': -33}"
2019-06-28 15:19:00.000000000,BID_DEPTH,"[(99691, 465)]"
2019-06-28 15:19:00.000000000,ASK_DEPTH,"[(99768, 480)]"
2019-06-28 15:19:00.000000000,IMBALANCE,"[465, 480]"
2019-06-28 15:19:48.105646507,HOLDINGS_UPDATED,"{'CASH': 13264498, 'JPM': -32}"
2019-06-28 15:20:00.000000000,BID_DEPTH,"[(99562, 152)]"
2019-06-28 15:20:00.000000000,ASK_DEPTH,"[(99691, 166)]"
2019-06-28 15:20:00.000000000,IMBALANCE,"[152, 166]"
2019-06-28 15:20:18.907476614,HOLDINGS_UPDATED,"{'CASH': 13164936, 'JPM': -31}"
2019-06-28 15:21:00.000000000,BID_DEPTH,"[(99302, 152)]"
2019-06-28 15:21:00.000000000,ASK_DEPTH,"[(99561, 262)]"
2019-06-28 15:21:00.000000000,IMBALANCE,"[152, 262]"
2019-06-28 15:22:00.000000000,HOLDINGS_UPDATED,"{'CASH': 13065634, 'JPM': -30}"
2019-06-28 15:22:00.000000000,BID_DEPTH,"[(99302, 366)]"
2019-06-28 15:22:00.000000000,ASK_DEPTH,"[(99561, 575)]"
2019-06-28 15:22:00.000000000,IMBALANCE,"[366, 575]"
2019-06-28 15:23:00.000000000,HOLDINGS_UPDATED,"{'CASH': 12966332, 'JPM': -29}"
2019-06-28 15:23:00.000000000,BID_DEPTH,"[(99302, 53)]"
2019-06-28 15:23:00.000000000,ASK_DEPTH,"[(99403, 262)]"
2019-06-28 15:23:00.000000000,IMBALANCE,"[53, 262]"
2019-06-28 15:23:21.729529573,HOLDINGS_UPDATED,"{'CASH': 12867030, 'JPM': -28}"
2019-06-28 15:24:00.000000000,BID_DEPTH,"[(99288, 85)]"
2019-06-28 15:24:00.000000000,ASK_DEPTH,"[(99302, 199)]"
2019-06-28 15:24:00.000000000,IMBALANCE,"[85, 199]"
2019-06-28 15:25:00.000000000,HOLDINGS_UPDATED,"{'CASH': 12767742, 'JPM': -27}"
2019-06-28 15:25:00.000000000,BID_DEPTH,"[(99288, 87)]"
2019-06-28 15:25:00.000000000,ASK_DEPTH,"[(99302, 5)]"
2019-06-28 15:25:00.000000000,IMBALANCE,"[87, 5]"
2019-06-28 15:26:00.000000000,BID_DEPTH,"[(99302, 147)]"
2019-06-28 15:26:00.000000000,ASK_DEPTH,"[(99403, 262)]"
2019-06-28 15:26:00.000000000,IMBALANCE,"[147, 262]"
2019-06-28 15:27:00.000000000,HOLDINGS_UPDATED,"{'CASH': 12668440, 'JPM': -26}"
2019-06-28 15:27:00.000000000,HOLDINGS_UPDATED,"{'CASH': 12569152, 'JPM': -25}"
2019-06-28 15:27:00.000000000,BID_DEPTH,"[(99288, 87)]"
2019-06-28 15:27:00.000000000,ASK_DEPTH,"[(99302, 5)]"
2019-06-28 15:27:00.000000000,IMBALANCE,"[87, 5]"
2019-06-28 15:28:00.000000000,HOLDINGS_UPDATED,"{'CASH': 12469864, 'JPM': -24}"
2019-06-28 15:28:00.000000000,BID_DEPTH,"[(99288, 229)]"
2019-06-28 15:28:00.000000000,ASK_DEPTH,"[(99302, 243)]"
2019-06-28 15:28:00.000000000,IMBALANCE,"[229, 243]"
2019-06-28 15:29:00.000000000,HOLDINGS_UPDATED,"{'CASH': 12370576, 'JPM': -23}"
2019-06-28 15:29:00.000000000,BID_DEPTH,"[(99288, 210)]"
2019-06-28 15:29:00.000000000,ASK_DEPTH,"[(99562, 219)]"
2019-06-28 15:29:00.000000000,IMBALANCE,"[210, 219]"
2019-06-28 15:30:00.000000000,HOLDINGS_UPDATED,"{'CASH': 12271288, 'JPM': -22}"
2019-06-28 15:30:00.000000000,BID_DEPTH,"[(99288, 144)]"
2019-06-28 15:30:00.000000000,ASK_DEPTH,"[(99691, 166)]"
2019-06-28 15:30:00.000000000,IMBALANCE,"[144, 166]"
2019-06-28 15:31:00.000000000,BID_DEPTH,"[(99288, 152)]"
2019-06-28 15:31:00.000000000,ASK_DEPTH,"[(100087, 262)]"
2019-06-28 15:31:00.000000000,IMBALANCE,"[152, 262]"
2019-06-28 15:32:00.000000000,BID_DEPTH,"[(99283, 228)]"
2019-06-28 15:32:00.000000000,ASK_DEPTH,"[(100154, 338)]"
2019-06-28 15:32:00.000000000,IMBALANCE,"[228, 338]"
2019-06-28 15:33:00.000000000,BID_DEPTH,"[(100065, 109)]"
2019-06-28 15:33:00.000000000,ASK_DEPTH,"[(100154, 219)]"
2019-06-28 15:33:00.000000000,IMBALANCE,"[109, 219]"
2019-06-28 15:34:00.000000000,BID_DEPTH,"[(99283, 85)]"
2019-06-28 15:34:00.000000000,ASK_DEPTH,"[(100154, 195)]"
2019-06-28 15:34:00.000000000,IMBALANCE,"[85, 195]"
2019-06-28 15:35:00.000000000,BID_DEPTH,"[(99283, 85)]"
2019-06-28 15:35:00.000000000,ASK_DEPTH,"[(99657, 195)]"
2019-06-28 15:35:00.000000000,IMBALANCE,"[85, 195]"
2019-06-28 15:36:00.000000000,BID_DEPTH,"[(99271, 85)]"
2019-06-28 15:36:00.000000000,ASK_DEPTH,"[(100154, 195)]"
2019-06-28 15:36:00.000000000,IMBALANCE,"[85, 195]"
2019-06-28 15:37:00.000000000,BID_DEPTH,"[(99211, 109)]"
2019-06-28 15:37:00.000000000,ASK_DEPTH,"[(100154, 219)]"
2019-06-28 15:37:00.000000000,IMBALANCE,"[109, 219]"
2019-06-28 15:38:00.000000000,BID_DEPTH,"[(99389, 85)]"
2019-06-28 15:38:00.000000000,ASK_DEPTH,"[(99799, 195)]"
2019-06-28 15:38:00.000000000,IMBALANCE,"[85, 195]"
2019-06-28 15:39:00.000000000,BID_DEPTH,"[(99335, 465)]"
2019-06-28 15:39:00.000000000,ASK_DEPTH,"[(99799, 575)]"
2019-06-28 15:39:00.000000000,IMBALANCE,"[465, 575]"
2019-06-28 15:40:00.000000000,BID_DEPTH,"[(99211, 428)]"
2019-06-28 15:40:00.000000000,ASK_DEPTH,"[(99687, 338)]"
2019-06-28 15:40:00.000000000,IMBALANCE,"[428, 338]"
2019-06-28 15:41:00.000000000,BID_DEPTH,"[(99211, 199)]"
2019-06-28 15:41:00.000000000,ASK_DEPTH,"[(99799, 219)]"
2019-06-28 15:41:00.000000000,IMBALANCE,"[199, 219]"
2019-06-28 15:42:00.000000000,BID_DEPTH,"[(99211, 508)]"
2019-06-28 15:42:00.000000000,ASK_DEPTH,"[(99814, 338)]"
2019-06-28 15:42:00.000000000,IMBALANCE,"[508, 338]"
2019-06-28 15:43:00.000000000,BID_DEPTH,"[(99211, 735)]"
2019-06-28 15:43:00.000000000,ASK_DEPTH,"[(99814, 575)]"
2019-06-28 15:43:00.000000000,IMBALANCE,"[735, 575]"
2019-06-28 15:44:00.000000000,BID_DEPTH,"[(99772, 465)]"
2019-06-28 15:44:00.000000000,ASK_DEPTH,"[(100106, 575)]"
2019-06-28 15:44:00.000000000,IMBALANCE,"[465, 575]"
2019-06-28 15:45:00.000000000,BID_DEPTH,"[(100072, 465)]"
2019-06-28 15:45:00.000000000,ASK_DEPTH,"[(100106, 575)]"
2019-06-28 15:45:00.000000000,IMBALANCE,"[465, 575]"
2019-06-28 15:46:00.000000000,BID_DEPTH,"[(100073, 85)]"
2019-06-28 15:46:00.000000000,ASK_DEPTH,"[(100186, 195)]"
2019-06-28 15:46:00.000000000,IMBALANCE,"[85, 195]"
2019-06-28 15:47:00.000000000,BID_DEPTH,"[(100072, 228)]"
2019-06-28 15:47:00.000000000,ASK_DEPTH,"[(100186, 338)]"
2019-06-28 15:47:00.000000000,IMBALANCE,"[228, 338]"
2019-06-28 15:48:00.000000000,BID_DEPTH,"[(100072, 85)]"
2019-06-28 15:48:00.000000000,ASK_DEPTH,"[(100263, 195)]"
2019-06-28 15:48:00.000000000,IMBALANCE,"[85, 195]"
2019-06-28 15:49:00.000000000,BID_DEPTH,"[(100256, 152)]"
2019-06-28 15:49:00.000000000,ASK_DEPTH,"[(100263, 262)]"
2019-06-28 15:49:00.000000000,IMBALANCE,"[152, 262]"
2019-06-28 15:50:00.000000000,BID_DEPTH,"[(100023, 228)]"
2019-06-28 15:50:00.000000000,ASK_DEPTH,"[(100256, 438)]"
2019-06-28 15:50:00.000000000,IMBALANCE,"[228, 438]"
2019-06-28 15:51:00.000000000,BID_DEPTH,"[(99932, 109)]"
2019-06-28 15:51:00.000000000,ASK_DEPTH,"[(100058, 219)]"
2019-06-28 15:51:00.000000000,IMBALANCE,"[109, 219]"
2019-06-28 15:52:00.000000000,BID_DEPTH,"[(99683, 465)]"
2019-06-28 15:52:00.000000000,ASK_DEPTH,"[(99897, 575)]"
2019-06-28 15:52:00.000000000,IMBALANCE,"[465, 575]"
2019-06-28 15:53:00.000000000,BID_DEPTH,"[(99700, 228)]"
2019-06-28 15:53:00.000000000,ASK_DEPTH,"[(99809, 338)]"
2019-06-28 15:53:00.000000000,IMBALANCE,"[228, 338]"
2019-06-28 15:54:00.000000000,BID_DEPTH,"[(99211, 665)]"
2019-06-28 15:54:00.000000000,ASK_DEPTH,"[(99540, 575)]"
2019-06-28 15:54:00.000000000,IMBALANCE,"[665, 575]"
2019-06-28 15:55:00.000000000,BID_DEPTH,"[(99211, 455)]"
2019-06-28 15:55:00.000000000,ASK_DEPTH,"[(99540, 575)]"
2019-06-28 15:55:00.000000000,IMBALANCE,"[455, 575]"
2019-06-28 15:56:00.000000000,BID_DEPTH,"[(98996, 465)]"
2019-06-28 15:56:00.000000000,ASK_DEPTH,"[(99211, 675)]"
2019-06-28 15:56:00.000000000,IMBALANCE,"[465, 675]"
2019-06-28 15:57:00.000000000,BID_DEPTH,"[(99148, 85)]"
2019-06-28 15:57:00.000000000,ASK_DEPTH,"[(99211, 195)]"
2019-06-28 15:57:00.000000000,IMBALANCE,"[85, 195]"
2019-06-28 15:58:00.000000000,BID_DEPTH,"[(99210, 85)]"
2019-06-28 15:58:00.000000000,ASK_DEPTH,"[(99540, 195)]"
2019-06-28 15:58:00.000000000,IMBALANCE,"[85, 195]"
2019-06-28 15:59:00.000000000,BID_DEPTH,"[(99211, 85)]"
2019-06-28 15:59:00.000000000,ASK_DEPTH,"[(99678, 195)]"
2019-06-28 15:59:00.000000000,IMBALANCE,"[85, 195]"
2019-06-28 16:00:00.000000000,BID_DEPTH,"[(99413, 85)]"
2019-06-28 16:00:00.000000000,ASK_DEPTH,"[(99439, 195)]"
2019-06-28 16:00:00.000000000,IMBALANCE,"[85, 195]"
2019-06-28 16:01:00.000000000,BID_DEPTH,"[(99413, 85)]"
2019-06-28 16:01:00.000000000,ASK_DEPTH,"[(99439, 195)]"
2019-06-28 16:01:00.000000000,IMBALANCE,"[85, 195]"
2019-06-28 16:01:00.000000000,FINAL_HOLDINGS,"{ JPM: -22, CASH: 12271288 }"
2019-06-28 16:01:00.000000000,FINAL_CASH_POSITION,12271288
2019-06-28 16:01:00.000000000,MARK_TO_MARKET,-22 JPM @ 99413 == -2187086
2019-06-28 16:01:00.000000000,MARKED_TO_MARKET,10084202
2019-06-28 16:01:00.000000000,ENDING_CASH,10084202
