EventTime,EventType,Event
,AGENT_TYPE,MomentumAgent
,STARTING_CASH,10000000
2019-06-28 09:30:00,HOLDINGS_UPDATED,{'CASH': 10000000}
2019-06-28 09:31:00,BID_DEPTH,"[(99996, 447)]"
2019-06-28 09:31:00,ASK_DEPTH,"[(100000, 347)]"
2019-06-28 09:31:00,IMBALANCE,"[447, 347]"
2019-06-28 09:32:00,BID_DEPTH,"[(99996, 199)]"
2019-06-28 09:32:00,ASK_DEPTH,"[(100003, 199)]"
2019-06-28 09:32:00,IMBALANCE,"[199, 199]"
2019-06-28 09:33:00,BID_DEPTH,"[(100003, 224)]"
2019-06-28 09:33:00,ASK_DEPTH,"[(100026, 224)]"
2019-06-28 09:33:00,IMBALANCE,"[224, 224]"
2019-06-28 09:34:00,BID_DEPTH,"[(100004, 199)]"
2019-06-28 09:34:00,ASK_DEPTH,"[(100044, 199)]"
2019-06-28 09:34:00,IMBALANCE,"[199, 199]"
2019-06-28 09:35:00,BID_DEPTH,"[(100004, 224)]"
2019-06-28 09:35:00,ASK_DEPTH,"[(100044, 224)]"
2019-06-28 09:35:00,IMBALANCE,"[224, 224]"
2019-06-28 09:36:00,BID_DEPTH,"[(99997, 224)]"
2019-06-28 09:36:00,ASK_DEPTH,"[(100043, 224)]"
2019-06-28 09:36:00,IMBALANCE,"[224, 224]"
2019-06-28 09:37:00,BID_DEPTH,"[(99997, 224)]"
2019-06-28 09:37:00,ASK_DEPTH,"[(100043, 224)]"
2019-06-28 09:37:00,IMBALANCE,"[224, 224]"
2019-06-28 09:38:00,BID_DEPTH,"[(99996, 224)]"
2019-06-28 09:38:00,ASK_DEPTH,"[(100043, 224)]"
2019-06-28 09:38:00,IMBALANCE,"[224, 224]"
2019-06-28 09:39:00,BID_DEPTH,"[(99998, 447)]"
2019-06-28 09:39:00,ASK_DEPTH,"[(100043, 347)]"
2019-06-28 09:39:00,IMBALANCE,"[447, 347]"
2019-06-28 09:40:00,BID_DEPTH,"[(99998, 224)]"
2019-06-28 09:40:00,ASK_DEPTH,"[(100040, 224)]"
2019-06-28 09:40:00,IMBALANCE,"[224, 224]"
2019-06-28 09:41:00,BID_DEPTH,"[(99996, 594)]"
2019-06-28 09:41:00,ASK_DEPTH,"[(100040, 694)]"
2019-06-28 09:41:00,IMBALANCE,"[594, 694]"
2019-06-28 09:42:00,BID_DEPTH,"[(99996, 199)]"
2019-06-28 09:42:00,ASK_DEPTH,"[(100039, 299)]"
2019-06-28 09:42:00,IMBALANCE,"[199, 299]"
2019-06-28 09:43:00,BID_DEPTH,"[(99988, 199)]"
2019-06-28 09:43:00,ASK_DEPTH,"[(99998, 199)]"
2019-06-28 09:43:00,IMBALANCE,"[199, 199]"
2019-06-28 09:44:00,BID_DEPTH,"[(99953, 199)]"
2019-06-28 09:44:00,ASK_DEPTH,"[(99998, 199)]"
2019-06-28 09:44:00,IMBALANCE,"[199, 199]"
2019-06-28 09:45:00,BID_DEPTH,"[(99948, 347)]"
2019-06-28 09:45:00,ASK_DEPTH,"[(99998, 347)]"
2019-06-28 09:45:00,IMBALANCE,"[347, 347]"
2019-06-28 09:46:00,BID_DEPTH,"[(99869, 199)]"
2019-06-28 09:46:00,ASK_DEPTH,"[(99998, 199)]"
2019-06-28 09:46:00,IMBALANCE,"[199, 199]"
2019-06-28 09:47:00,BID_DEPTH,"[(99869, 594)]"
2019-06-28 09:47:00,ASK_DEPTH,"[(99940, 594)]"
2019-06-28 09:47:00,IMBALANCE,"[594, 594]"
2019-06-28 09:48:00,BID_DEPTH,"[(99855, 594)]"
2019-06-28 09:48:00,ASK_DEPTH,"[(99940, 594)]"
2019-06-28 09:48:00,IMBALANCE,"[594, 594]"
2019-06-28 09:49:00,BID_DEPTH,"[(99847, 268)]"
2019-06-28 09:49:00,ASK_DEPTH,"[(99869, 368)]"
2019-06-28 09:49:00,IMBALANCE,"[268, 368]"
2019-06-28 09:50:00,BID_DEPTH,"[(99847, 224)]"
2019-06-28 09:50:00,ASK_DEPTH,"[(99869, 224)]"
2019-06-28 09:50:00,IMBALANCE,"[224, 224]"
2019-06-28 09:51:00,BID_DEPTH,"[(99847, 268)]"
2019-06-28 09:51:00,ASK_DEPTH,"[(99940, 268)]"
2019-06-28 09:51:00,IMBALANCE,"[268, 268]"
2019-06-28 09:52:00,BID_DEPTH,"[(99847, 199)]"
2019-06-28 09:52:00,ASK_DEPTH,"[(99997, 199)]"
2019-06-28 09:52:00,IMBALANCE,"[199, 199]"
2019-06-28 09:53:00,BID_DEPTH,"[(99940, 347)]"
2019-06-28 09:53:00,ASK_DEPTH,"[(100044, 347)]"
2019-06-28 09:53:00,IMBALANCE,"[347, 347]"
2019-06-28 09:54:00,BID_DEPTH,"[(100039, 199)]"
2019-06-28 09:54:00,ASK_DEPTH,"[(100056, 199)]"
2019-06-28 09:54:00,IMBALANCE,"[199, 199]"
2019-06-28 09:55:00,BID_DEPTH,"[(100039, 199)]"
2019-06-28 09:55:00,ASK_DEPTH,"[(100056, 199)]"
2019-06-28 09:55:00,IMBALANCE,"[199, 199]"
2019-06-28 09:56:00,BID_DEPTH,"[(100039, 199)]"
2019-06-28 09:56:00,ASK_DEPTH,"[(100078, 199)]"
2019-06-28 09:56:00,IMBALANCE,"[199, 199]"
2019-06-28 09:57:00,BID_DEPTH,"[(100039, 594)]"
2019-06-28 09:57:00,ASK_DEPTH,"[(100144, 594)]"
2019-06-28 09:57:00,IMBALANCE,"[594, 594]"
2019-06-28 09:58:00,BID_DEPTH,"[(100039, 347)]"
2019-06-28 09:58:00,ASK_DEPTH,"[(100148, 347)]"
2019-06-28 09:58:00,IMBALANCE,"[347, 347]"
2019-06-28 09:59:00,BID_DEPTH,"[(100039, 347)]"
2019-06-28 09:59:00,ASK_DEPTH,"[(100447, 347)]"
2019-06-28 09:59:00,IMBALANCE,"[347, 347]"
2019-06-28 10:00:00,BID_DEPTH,"[(100148, 224)]"
2019-06-28 10:00:00,ASK_DEPTH,"[(100447, 224)]"
2019-06-28 10:00:00,IMBALANCE,"[224, 224]"
2019-06-28 10:01:00,BID_DEPTH,"[(100148, 324)]"
2019-06-28 10:01:00,ASK_DEPTH,"[(100458, 224)]"
2019-06-28 10:01:00,IMBALANCE,"[324, 224]"
2019-06-28 10:02:00,BID_DEPTH,"[(100458, 268)]"
2019-06-28 10:02:00,ASK_DEPTH,"[(100746, 268)]"
2019-06-28 10:02:00,IMBALANCE,"[268, 268]"
2019-06-28 10:03:00,BID_DEPTH,"[(100986, 268)]"
2019-06-28 10:03:00,ASK_DEPTH,"[(101080, 268)]"
2019-06-28 10:03:00,IMBALANCE,"[268, 268]"
2019-06-28 10:04:00,BID_DEPTH,"[(101017, 594)]"
2019-06-28 10:04:00,ASK_DEPTH,"[(101080, 594)]"
2019-06-28 10:04:00,IMBALANCE,"[594, 594]"
2019-06-28 10:05:00,BID_DEPTH,"[(100986, 594)]"
2019-06-28 10:05:00,ASK_DEPTH,"[(101223, 594)]"
2019-06-28 10:05:00,IMBALANCE,"[594, 594]"
2019-06-28 10:06:00,BID_DEPTH,"[(100862, 199)]"
2019-06-28 10:06:00,ASK_DEPTH,"[(101079, 199)]"
2019-06-28 10:06:00,IMBALANCE,"[199, 199]"
2019-06-28 10:07:00,BID_DEPTH,"[(100698, 224)]"
2019-06-28 10:07:00,ASK_DEPTH,"[(101079, 224)]"
2019-06-28 10:07:00,IMBALANCE,"[224, 224]"
2019-06-28 10:08:00,BID_DEPTH,"[(100698, 199)]"
2019-06-28 10:08:00,ASK_DEPTH,"[(101063, 199)]"
2019-06-28 10:08:00,IMBALANCE,"[199, 199]"
2019-06-28 10:09:00,BID_DEPTH,"[(100698, 199)]"
2019-06-28 10:09:00,ASK_DEPTH,"[(101063, 199)]"
2019-06-28 10:09:00,IMBALANCE,"[199, 199]"
2019-06-28 10:10:00,BID_DEPTH,"[(100519, 347)]"
2019-06-28 10:10:00,ASK_DEPTH,"[(101063, 347)]"
2019-06-28 10:10:00,IMBALANCE,"[347, 347]"
2019-06-28 10:11:00,BID_DEPTH,"[(100628, 199)]"
2019-06-28 10:11:00,ASK_DEPTH,"[(100698, 399)]"
2019-06-28 10:11:00,IMBALANCE,"[199, 399]"
2019-06-28 10:12:00,BID_DEPTH,"[(100628, 594)]"
2019-06-28 10:12:00,ASK_DEPTH,"[(100697, 594)]"
2019-06-28 10:12:00,IMBALANCE,"[594, 594]"
2019-06-28 10:13:00,BID_DEPTH,"[(100519, 268)]"
2019-06-28 10:13:00,ASK_DEPTH,"[(100697, 368)]"
2019-06-28 10:13:00,IMBALANCE,"[268, 368]"
2019-06-28 10:14:00,BID_DEPTH,"[(100486, 268)]"
2019-06-28 10:14:00,ASK_DEPTH,"[(100697, 368)]"
2019-06-28 10:14:00,IMBALANCE,"[268, 368]"
2019-06-28 10:15:00,BID_DEPTH,"[(100390, 347)]"
2019-06-28 10:15:00,ASK_DEPTH,"[(100614, 347)]"
2019-06-28 10:15:00,IMBALANCE,"[347, 347]"
2019-06-28 10:16:00,BID_DEPTH,"[(100274, 347)]"
2019-06-28 10:16:00,ASK_DEPTH,"[(100486, 347)]"
2019-06-28 10:16:00,IMBALANCE,"[347, 347]"
2019-06-28 10:17:00,BID_DEPTH,"[(100191, 594)]"
2019-06-28 10:17:00,ASK_DEPTH,"[(100486, 594)]"
2019-06-28 10:17:00,IMBALANCE,"[594, 594]"
2019-06-28 10:18:00,BID_DEPTH,"[(100191, 594)]"
2019-06-28 10:18:00,ASK_DEPTH,"[(100274, 594)]"
2019-06-28 10:18:00,IMBALANCE,"[594, 594]"
2019-06-28 10:19:00,BID_DEPTH,"[(99979, 224)]"
2019-06-28 10:19:00,ASK_DEPTH,"[(100274, 224)]"
2019-06-28 10:19:00,IMBALANCE,"[224, 224]"
2019-06-28 10:20:00,BID_DEPTH,"[(99940, 199)]"
2019-06-28 10:20:00,ASK_DEPTH,"[(100191, 199)]"
2019-06-28 10:20:00,IMBALANCE,"[199, 199]"
2019-06-28 10:21:00,BID_DEPTH,"[(99893, 594)]"
2019-06-28 10:21:00,ASK_DEPTH,"[(100191, 532)]"
2019-06-28 10:21:00,IMBALANCE,"[594, 532]"
2019-06-28 10:21:00,HOLDINGS_UPDATED,"{'CASH': 9098281, 'JPM': 9}"
2019-06-28 10:22:00,BID_DEPTH,"[(99814, 199)]"
2019-06-28 10:22:00,ASK_DEPTH,"[(99944, 137)]"
2019-06-28 10:22:00,IMBALANCE,"[199, 137]"
2019-06-28 10:22:00,HOLDINGS_UPDATED,"{'CASH': 8198785, 'JPM': 18}"
2019-06-28 10:23:00,BID_DEPTH,"[(99944, 468)]"
2019-06-28 10:23:00,ASK_DEPTH,"[(99964, 206)]"
2019-06-28 10:23:00,IMBALANCE,"[468, 206]"
2019-06-28 10:23:00,HOLDINGS_UPDATED,"{'CASH': 7299109, 'JPM': 27}"
2019-06-28 10:24:00,BID_DEPTH,"[(99964, 594)]"
2019-06-28 10:24:00,ASK_DEPTH,"[(100406, 532)]"
2019-06-28 10:24:00,IMBALANCE,"[594, 532]"
2019-06-28 10:24:00,HOLDINGS_UPDATED,"{'CASH': 6395455, 'JPM': 36}"
2019-06-28 10:25:00,BID_DEPTH,"[(100406, 594)]"
2019-06-28 10:25:00,ASK_DEPTH,"[(100486, 532)]"
2019-06-28 10:25:00,IMBALANCE,"[594, 532]"
2019-06-28 10:25:00,HOLDINGS_UPDATED,"{'CASH': 5491081, 'JPM': 45}"
2019-06-28 10:26:00,BID_DEPTH,"[(99964, 224)]"
2019-06-28 10:26:00,ASK_DEPTH,"[(100515, 162)]"
2019-06-28 10:26:00,IMBALANCE,"[224, 162]"
2019-06-28 10:26:00,HOLDINGS_UPDATED,"{'CASH': 4586446, 'JPM': 54}"
2019-06-28 10:27:00,BID_DEPTH,"[(99944, 424)]"
2019-06-28 10:27:00,ASK_DEPTH,"[(100515, 262)]"
2019-06-28 10:27:00,IMBALANCE,"[424, 262]"
2019-06-28 10:27:00,HOLDINGS_UPDATED,"{'CASH': 3681811, 'JPM': 63}"
2019-06-28 10:28:00,BID_DEPTH,"[(100320, 347)]"
2019-06-28 10:28:00,ASK_DEPTH,"[(100390, 285)]"
2019-06-28 10:28:00,IMBALANCE,"[347, 285]"
2019-06-28 10:28:00,HOLDINGS_UPDATED,"{'CASH': 2778301, 'JPM': 72}"
2019-06-28 10:29:00,BID_DEPTH,"[(100097, 199)]"
2019-06-28 10:29:00,ASK_DEPTH,"[(100342, 137)]"
2019-06-28 10:29:00,IMBALANCE,"[199, 137]"
2019-06-28 10:29:00,HOLDINGS_UPDATED,"{'CASH': 1875223, 'JPM': 81}"
2019-06-28 10:30:00,BID_DEPTH,"[(100097, 224)]"
2019-06-28 10:30:00,ASK_DEPTH,"[(100342, 162)]"
2019-06-28 10:30:00,IMBALANCE,"[224, 162]"
2019-06-28 10:30:00,HOLDINGS_UPDATED,"{'CASH': 972145, 'JPM': 90}"
2019-06-28 10:31:00,BID_DEPTH,"[(100097, 162)]"
2019-06-28 10:31:00,ASK_DEPTH,"[(100345, 224)]"
2019-06-28 10:31:00,IMBALANCE,"[162, 224]"
2019-06-28 10:31:00,HOLDINGS_UPDATED,"{'CASH': 1873018, 'JPM': 81}"
2019-06-28 10:32:00,BID_DEPTH,"[(99990, 137)]"
2019-06-28 10:32:00,ASK_DEPTH,"[(100345, 199)]"
2019-06-28 10:32:00,IMBALANCE,"[137, 199]"
2019-06-28 10:32:00,HOLDINGS_UPDATED,"{'CASH': 2772928, 'JPM': 72}"
2019-06-28 10:33:00,BID_DEPTH,"[(100236, 285)]"
2019-06-28 10:33:00,ASK_DEPTH,"[(100434, 347)]"
2019-06-28 10:33:00,IMBALANCE,"[285, 347]"
2019-06-28 10:33:00,HOLDINGS_UPDATED,"{'CASH': 3675052, 'JPM': 63}"
2019-06-28 10:34:00,BID_DEPTH,"[(99945, 532)]"
2019-06-28 10:34:00,ASK_DEPTH,"[(100434, 594)]"
2019-06-28 10:34:00,IMBALANCE,"[532, 594]"
2019-06-28 10:34:00,HOLDINGS_UPDATED,"{'CASH': 4574557, 'JPM': 54}"
2019-06-28 10:35:00,BID_DEPTH,"[(99901, 162)]"
2019-06-28 10:35:00,ASK_DEPTH,"[(100434, 224)]"
2019-06-28 10:35:00,IMBALANCE,"[162, 224]"
2019-06-28 10:35:00,HOLDINGS_UPDATED,"{'CASH': 5473666, 'JPM': 45}"
2019-06-28 10:36:00,BID_DEPTH,"[(100434, 237)]"
2019-06-28 10:36:00,ASK_DEPTH,"[(100515, 169)]"
2019-06-28 10:36:00,IMBALANCE,"[237, 169]"
2019-06-28 10:36:00,HOLDINGS_UPDATED,"{'CASH': 6377572, 'JPM': 36}"
2019-06-28 10:37:00,BID_DEPTH,"[(100434, 255)]"
2019-06-28 10:37:00,ASK_DEPTH,"[(100515, 317)]"
2019-06-28 10:37:00,IMBALANCE,"[255, 317]"
2019-06-28 10:37:00,HOLDINGS_UPDATED,"{'CASH': 7181044, 'JPM': 28}"
2019-06-28 10:37:00,HOLDINGS_UPDATED,"{'CASH': 7281478, 'JPM': 27}"
2019-06-28 10:38:00,BID_DEPTH,"[(100406, 206)]"
2019-06-28 10:38:00,ASK_DEPTH,"[(100515, 238)]"
2019-06-28 10:38:00,IMBALANCE,"[206, 238]"
2019-06-28 10:38:00,HOLDINGS_UPDATED,"{'CASH': 8185132, 'JPM': 18}"
2019-06-28 10:39:00,BID_DEPTH,"[(100564, 532)]"
2019-06-28 10:39:00,ASK_DEPTH,"[(100697, 594)]"
2019-06-28 10:39:00,IMBALANCE,"[532, 594]"
2019-06-28 10:39:00,HOLDINGS_UPDATED,"{'CASH': 9090208, 'JPM': 9}"
2019-06-28 10:40:00,BID_DEPTH,"[(99901, 306)]"
2019-06-28 10:40:00,ASK_DEPTH,"[(100321, 268)]"
2019-06-28 10:40:00,IMBALANCE,"[306, 268]"
2019-06-28 10:40:00,HOLDINGS_UPDATED,{'CASH': 9989317}
2019-06-28 10:41:00,BID_DEPTH,"[(99901, 132)]"
2019-06-28 10:41:00,ASK_DEPTH,"[(100089, 224)]"
2019-06-28 10:41:00,IMBALANCE,"[132, 224]"
2019-06-28 10:41:00,HOLDINGS_UPDATED,"{'CASH': 10788525, 'JPM': -8}"
2019-06-28 10:41:00,HOLDINGS_UPDATED,"{'CASH': 10888426, 'JPM': -9}"
2019-06-28 10:42:00,BID_DEPTH,"[(100012, 137)]"
2019-06-28 10:42:00,ASK_DEPTH,"[(100089, 199)]"
2019-06-28 10:42:00,IMBALANCE,"[137, 199]"
2019-06-28 10:42:00,HOLDINGS_UPDATED,"{'CASH': 11788534, 'JPM': -18}"
2019-06-28 10:43:00,BID_DEPTH,"[(100093, 206)]"
2019-06-28 10:43:00,ASK_DEPTH,"[(100096, 268)]"
2019-06-28 10:43:00,IMBALANCE,"[206, 268]"
2019-06-28 10:43:00,HOLDINGS_UPDATED,"{'CASH': 12689371, 'JPM': -27}"
2019-06-28 10:44:00,BID_DEPTH,"[(100046, 162)]"
2019-06-28 10:44:00,ASK_DEPTH,"[(100162, 224)]"
2019-06-28 10:44:00,IMBALANCE,"[162, 224]"
2019-06-28 10:44:00,HOLDINGS_UPDATED,"{'CASH': 13589785, 'JPM': -36}"
2019-06-28 10:45:00,BID_DEPTH,"[(99818, 285)]"
2019-06-28 10:45:00,ASK_DEPTH,"[(100162, 347)]"
2019-06-28 10:45:00,IMBALANCE,"[285, 347]"
2019-06-28 10:45:00,HOLDINGS_UPDATED,"{'CASH': 14488147, 'JPM': -45}"
2019-06-28 10:46:00,BID_DEPTH,"[(99769, 285)]"
2019-06-28 10:46:00,ASK_DEPTH,"[(100162, 347)]"
2019-06-28 10:46:00,IMBALANCE,"[285, 347]"
2019-06-28 10:46:00,HOLDINGS_UPDATED,"{'CASH': 15386068, 'JPM': -54}"
2019-06-28 10:47:00,BID_DEPTH,"[(99737, 532)]"
2019-06-28 10:47:00,ASK_DEPTH,"[(99940, 594)]"
2019-06-28 10:47:00,IMBALANCE,"[532, 594]"
2019-06-28 10:47:00,HOLDINGS_UPDATED,"{'CASH': 16283701, 'JPM': -63}"
2019-06-28 10:48:00,BID_DEPTH,"[(99716, 162)]"
2019-06-28 10:48:00,ASK_DEPTH,"[(99782, 224)]"
2019-06-28 10:48:00,IMBALANCE,"[162, 224]"
2019-06-28 10:48:00,HOLDINGS_UPDATED,"{'CASH': 17181145, 'JPM': -72}"
2019-06-28 10:49:00,BID_DEPTH,"[(99716, 433)]"
2019-06-28 10:49:00,ASK_DEPTH,"[(99782, 594)]"
2019-06-28 10:49:00,IMBALANCE,"[433, 594]"
2019-06-28 10:49:00,HOLDINGS_UPDATED,"{'CASH': 18078589, 'JPM': -81}"
2019-06-28 10:50:00,BID_DEPTH,"[(99716, 113)]"
2019-06-28 10:50:00,ASK_DEPTH,"[(99782, 268)]"
2019-06-28 10:50:00,IMBALANCE,"[113, 268]"
2019-06-28 10:50:00,HOLDINGS_UPDATED,"{'CASH': 18976033, 'JPM': -90}"
2019-06-28 10:51:00,BID_DEPTH,"[(98759, 162)]"
2019-06-28 10:51:00,ASK_DEPTH,"[(99715, 224)]"
2019-06-28 10:51:00,IMBALANCE,"[162, 224]"
2019-06-28 10:51:00,HOLDINGS_UPDATED,"{'CASH': 19864864, 'JPM': -99}"
2019-06-28 10:52:00,BID_DEPTH,"[(98678, 206)]"
2019-06-28 10:52:00,ASK_DEPTH,"[(99715, 268)]"
2019-06-28 10:52:00,IMBALANCE,"[206, 268]"
2019-06-28 10:52:00,HOLDINGS_UPDATED,"{'CASH': 20752966, 'JPM': -108}"
2019-06-28 10:53:00,BID_DEPTH,"[(98678, 69)]"
2019-06-28 10:53:00,ASK_DEPTH,"[(99715, 224)]"
2019-06-28 10:53:00,IMBALANCE,"[69, 224]"
2019-06-28 10:53:00,HOLDINGS_UPDATED,"{'CASH': 21641068, 'JPM': -117}"
2019-06-28 10:54:00,BID_DEPTH,"[(98471, 206)]"
2019-06-28 10:54:00,ASK_DEPTH,"[(98678, 368)]"
2019-06-28 10:54:00,IMBALANCE,"[206, 368]"
2019-06-28 10:54:00,HOLDINGS_UPDATED,"{'CASH': 22527307, 'JPM': -126}"
2019-06-28 10:55:00,BID_DEPTH,"[(98660, 137)]"
2019-06-28 10:55:00,ASK_DEPTH,"[(99716, 147)]"
2019-06-28 10:55:00,IMBALANCE,"[137, 147]"
2019-06-28 10:55:00,HOLDINGS_UPDATED,"{'CASH': 23415247, 'JPM': -135}"
2019-06-28 10:56:00,BID_DEPTH,"[(98472, 306)]"
2019-06-28 10:56:00,ASK_DEPTH,"[(98660, 293)]"
2019-06-28 10:56:00,IMBALANCE,"[306, 293]"
2019-06-28 10:56:00,HOLDINGS_UPDATED,"{'CASH': 24301495, 'JPM': -144}"
2019-06-28 10:57:00,BID_DEPTH,"[(98472, 262)]"
2019-06-28 10:57:00,ASK_DEPTH,"[(98557, 347)]"
2019-06-28 10:57:00,IMBALANCE,"[262, 347]"
2019-06-28 10:57:00,HOLDINGS_UPDATED,"{'CASH': 25089271, 'JPM': -152}"
2019-06-28 10:57:00,HOLDINGS_UPDATED,"{'CASH': 25187743, 'JPM': -153}"
2019-06-28 10:58:00,BID_DEPTH,"[(98478, 162)]"
2019-06-28 10:58:00,ASK_DEPTH,"[(98660, 249)]"
2019-06-28 10:58:00,IMBALANCE,"[162, 249]"
2019-06-28 10:58:00,HOLDINGS_UPDATED,"{'CASH': 26074045, 'JPM': -162}"
2019-06-28 10:59:00,BID_DEPTH,"[(98479, 385)]"
2019-06-28 10:59:00,ASK_DEPTH,"[(98699, 347)]"
2019-06-28 10:59:00,IMBALANCE,"[385, 347]"
2019-06-28 10:59:00,HOLDINGS_UPDATED,"{'CASH': 26960356, 'JPM': -171}"
2019-06-28 11:00:00,BID_DEPTH,"[(98479, 183)]"
2019-06-28 11:00:00,ASK_DEPTH,"[(98732, 268)]"
2019-06-28 11:00:00,IMBALANCE,"[183, 268]"
2019-06-28 11:00:00,HOLDINGS_UPDATED,"{'CASH': 27748188, 'JPM': -179}"
2019-06-28 11:00:00,HOLDINGS_UPDATED,"{'CASH': 27846667, 'JPM': -180}"
2019-06-28 11:01:00,BID_DEPTH,"[(98965, 137)]"
2019-06-28 11:01:00,ASK_DEPTH,"[(99802, 199)]"
2019-06-28 11:01:00,IMBALANCE,"[137, 199]"
2019-06-28 11:01:00,HOLDINGS_UPDATED,"{'CASH': 28737352, 'JPM': -189}"
2019-06-28 11:02:00,BID_DEPTH,"[(98479, 439)]"
2019-06-28 11:02:00,ASK_DEPTH,"[(99802, 594)]"
2019-06-28 11:02:00,IMBALANCE,"[439, 594]"
2019-06-28 11:02:00,HOLDINGS_UPDATED,"{'CASH': 29623663, 'JPM': -198}"
2019-06-28 11:03:00,BID_DEPTH,"[(98479, 137)]"
2019-06-28 11:03:00,ASK_DEPTH,"[(99884, 199)]"
2019-06-28 11:03:00,IMBALANCE,"[137, 199]"
2019-06-28 11:03:00,HOLDINGS_UPDATED,"{'CASH': 30509974, 'JPM': -207}"
2019-06-28 11:04:00,BID_DEPTH,"[(100276, 137)]"
2019-06-28 11:04:00,ASK_DEPTH,"[(100285, 199)]"
2019-06-28 11:04:00,IMBALANCE,"[137, 199]"
2019-06-28 11:04:00,HOLDINGS_UPDATED,"{'CASH': 31412458, 'JPM': -216}"
2019-06-28 11:05:00,BID_DEPTH,"[(99681, 206)]"
2019-06-28 11:05:00,ASK_DEPTH,"[(99717, 268)]"
2019-06-28 11:05:00,IMBALANCE,"[206, 268]"
2019-06-28 11:05:00,HOLDINGS_UPDATED,"{'CASH': 32309587, 'JPM': -225}"
2019-06-28 11:06:00,BID_DEPTH,"[(98479, 532)]"
2019-06-28 11:06:00,ASK_DEPTH,"[(99853, 594)]"
2019-06-28 11:06:00,IMBALANCE,"[532, 594]"
2019-06-28 11:06:00,HOLDINGS_UPDATED,"{'CASH': 33195898, 'JPM': -234}"
2019-06-28 11:07:00,BID_DEPTH,"[(98478, 69)]"
2019-06-28 11:07:00,ASK_DEPTH,"[(99832, 224)]"
2019-06-28 11:07:00,IMBALANCE,"[69, 224]"
2019-06-28 11:07:00,HOLDINGS_UPDATED,"{'CASH': 34082200, 'JPM': -243}"
2019-06-28 11:08:00,BID_DEPTH,"[(98472, 44)]"
2019-06-28 11:08:00,ASK_DEPTH,"[(99832, 199)]"
2019-06-28 11:08:00,IMBALANCE,"[44, 199]"
2019-06-28 11:08:00,HOLDINGS_UPDATED,"{'CASH': 34968448, 'JPM': -252}"
2019-06-28 11:09:00,BID_DEPTH,"[(98471, 313)]"
2019-06-28 11:09:00,ASK_DEPTH,"[(99832, 268)]"
2019-06-28 11:09:00,IMBALANCE,"[313, 268]"
2019-06-28 11:09:00,HOLDINGS_UPDATED,"{'CASH': 35854687, 'JPM': -261}"
2019-06-28 11:10:00,BID_DEPTH,"[(98471, 183)]"
2019-06-28 11:10:00,ASK_DEPTH,"[(99853, 268)]"
2019-06-28 11:10:00,IMBALANCE,"[183, 268]"
2019-06-28 11:10:00,HOLDINGS_UPDATED,"{'CASH': 36740926, 'JPM': -270}"
2019-06-28 11:11:00,BID_DEPTH,"[(98472, 285)]"
2019-06-28 11:11:00,ASK_DEPTH,"[(100078, 347)]"
2019-06-28 11:11:00,IMBALANCE,"[285, 347]"
2019-06-28 11:11:00,HOLDINGS_UPDATED,"{'CASH': 37627174, 'JPM': -279}"
2019-06-28 11:12:00,BID_DEPTH,"[(98472, 285)]"
2019-06-28 11:12:00,ASK_DEPTH,"[(100091, 347)]"
2019-06-28 11:12:00,IMBALANCE,"[285, 347]"
2019-06-28 11:12:00,HOLDINGS_UPDATED,"{'CASH': 38513422, 'JPM': -288}"
2019-06-28 11:13:00,BID_DEPTH,"[(98471, 162)]"
2019-06-28 11:13:00,ASK_DEPTH,"[(100276, 224)]"
2019-06-28 11:13:00,IMBALANCE,"[162, 224]"
2019-06-28 11:13:00,HOLDINGS_UPDATED,"{'CASH': 39399661, 'JPM': -297}"
2019-06-28 11:14:00,BID_DEPTH,"[(97549, 137)]"
2019-06-28 11:14:00,ASK_DEPTH,"[(100314, 199)]"
2019-06-28 11:14:00,IMBALANCE,"[137, 199]"
2019-06-28 11:14:00,HOLDINGS_UPDATED,"{'CASH': 40277602, 'JPM': -306}"
2019-06-28 11:15:00,BID_DEPTH,[]
2019-06-28 11:15:00,ASK_DEPTH,"[(100431, 100)]"
2019-06-28 11:15:00,IMBALANCE,"[0, 100]"
2019-06-28 11:16:00,BID_DEPTH,[]
2019-06-28 11:16:00,ASK_DEPTH,"[(100504, 100)]"
2019-06-28 11:16:00,IMBALANCE,"[0, 100]"
2019-06-28 11:17:00,BID_DEPTH,"[(100495, 206)]"
2019-06-28 11:17:00,ASK_DEPTH,"[(100631, 268)]"
2019-06-28 11:17:00,IMBALANCE,"[206, 268]"
2019-06-28 11:17:00,HOLDINGS_UPDATED,"{'CASH': 41182057, 'JPM': -315}"
2019-06-28 11:18:00,BID_DEPTH,[]
2019-06-28 11:18:00,ASK_DEPTH,"[(100709, 100)]"
2019-06-28 11:18:00,IMBALANCE,"[0, 100]"
2019-06-28 11:19:00,BID_DEPTH,[]
2019-06-28 11:19:00,ASK_DEPTH,"[(100875, 100)]"
2019-06-28 11:19:00,IMBALANCE,"[0, 100]"
2019-06-28 11:20:00,BID_DEPTH,"[(100875, 137)]"
2019-06-28 11:20:00,ASK_DEPTH,"[(101280, 199)]"
2019-06-28 11:20:00,IMBALANCE,"[137, 199]"
2019-06-28 11:20:00,HOLDINGS_UPDATED,"{'CASH': 42089932, 'JPM': -324}"
2019-06-28 11:21:00,BID_DEPTH,"[(100346, 532)]"
2019-06-28 11:21:00,ASK_DEPTH,"[(101280, 594)]"
2019-06-28 11:21:00,IMBALANCE,"[532, 594]"
2019-06-28 11:21:00,HOLDINGS_UPDATED,"{'CASH': 42993046, 'JPM': -333}"
2019-06-28 11:22:00,BID_DEPTH,"[(100291, 532)]"
2019-06-28 11:22:00,ASK_DEPTH,"[(100819, 594)]"
2019-06-28 11:22:00,IMBALANCE,"[532, 594]"
2019-06-28 11:22:00,HOLDINGS_UPDATED,"{'CASH': 43895665, 'JPM': -342}"
2019-06-28 11:23:00,BID_DEPTH,"[(100291, 285)]"
2019-06-28 11:23:00,ASK_DEPTH,"[(100819, 347)]"
2019-06-28 11:23:00,IMBALANCE,"[285, 347]"
2019-06-28 11:23:00,HOLDINGS_UPDATED,"{'CASH': 44798284, 'JPM': -351}"
2019-06-28 11:24:00,BID_DEPTH,[]
2019-06-28 11:24:00,ASK_DEPTH,"[(100971, 100)]"
2019-06-28 11:24:00,IMBALANCE,"[0, 100]"
2019-06-28 11:25:00,BID_DEPTH,"[(100819, 594)]"
2019-06-28 11:25:00,ASK_DEPTH,"[(101280, 532)]"
2019-06-28 11:25:00,IMBALANCE,"[594, 532]"
2019-06-28 11:25:00,HOLDINGS_UPDATED,"{'CASH': 43886764, 'JPM': -342}"
2019-06-28 11:26:00,BID_DEPTH,"[(101211, 199)]"
2019-06-28 11:26:00,ASK_DEPTH,"[(101296, 137)]"
2019-06-28 11:26:00,IMBALANCE,"[199, 137]"
2019-06-28 11:26:00,HOLDINGS_UPDATED,"{'CASH': 42975100, 'JPM': -333}"
2019-06-28 11:27:00,BID_DEPTH,"[(101288, 224)]"
2019-06-28 11:27:00,ASK_DEPTH,"[(101374, 162)]"
2019-06-28 11:27:00,IMBALANCE,"[224, 162]"
2019-06-28 11:27:00,HOLDINGS_UPDATED,"{'CASH': 42062734, 'JPM': -324}"
2019-06-28 11:28:00,BID_DEPTH,"[(101288, 347)]"
2019-06-28 11:28:00,ASK_DEPTH,"[(101374, 286)]"
2019-06-28 11:28:00,IMBALANCE,"[347, 286]"
2019-06-28 11:28:00,HOLDINGS_UPDATED,"{'CASH': 41150368, 'JPM': -315}"
2019-06-28 11:29:00,BID_DEPTH,"[(101248, 268)]"
2019-06-28 11:29:00,ASK_DEPTH,"[(101374, 213)]"
2019-06-28 11:29:00,IMBALANCE,"[268, 213]"
2019-06-28 11:29:00,HOLDINGS_UPDATED,"{'CASH': 40238002, 'JPM': -306}"
2019-06-28 11:30:00,BID_DEPTH,"[(101123, 347)]"
2019-06-28 11:30:00,ASK_DEPTH,"[(101374, 192)]"
2019-06-28 11:30:00,IMBALANCE,"[347, 192]"
2019-06-28 11:30:00,HOLDINGS_UPDATED,"{'CASH': 39325636, 'JPM': -297}"
2019-06-28 11:31:00,BID_DEPTH,"[(101208, 199)]"
2019-06-28 11:31:00,ASK_DEPTH,"[(101374, 44)]"
2019-06-28 11:31:00,IMBALANCE,"[199, 44]"
2019-06-28 11:31:00,HOLDINGS_UPDATED,"{'CASH': 38413270, 'JPM': -288}"
2019-06-28 11:32:00,BID_DEPTH,"[(101120, 268)]"
2019-06-28 11:32:00,ASK_DEPTH,"[(101373, 206)]"
2019-06-28 11:32:00,IMBALANCE,"[268, 206]"
2019-06-28 11:32:00,HOLDINGS_UPDATED,"{'CASH': 37500913, 'JPM': -279}"
2019-06-28 11:33:00,BID_DEPTH,"[(101120, 594)]"
2019-06-28 11:33:00,ASK_DEPTH,"[(101374, 529)]"
2019-06-28 11:33:00,IMBALANCE,"[594, 529]"
2019-06-28 11:33:00,HOLDINGS_UPDATED,"{'CASH': 36588547, 'JPM': -270}"
2019-06-28 11:34:00,BID_DEPTH,"[(101213, 594)]"
2019-06-28 11:34:00,ASK_DEPTH,"[(101353, 532)]"
2019-06-28 11:34:00,IMBALANCE,"[594, 532]"
2019-06-28 11:34:00,HOLDINGS_UPDATED,"{'CASH': 35676370, 'JPM': -261}"
2019-06-28 11:35:00,BID_DEPTH,"[(101213, 347)]"
2019-06-28 11:35:00,ASK_DEPTH,"[(101353, 392)]"
2019-06-28 11:35:00,IMBALANCE,"[347, 392]"
2019-06-28 11:35:00,HOLDINGS_UPDATED,"{'CASH': 34764193, 'JPM': -252}"
2019-06-28 11:36:00,BID_DEPTH,"[(101213, 594)]"
2019-06-28 11:36:00,ASK_DEPTH,"[(101385, 518)]"
2019-06-28 11:36:00,IMBALANCE,"[594, 518]"
2019-06-28 11:36:00,HOLDINGS_UPDATED,"{'CASH': 33851728, 'JPM': -243}"
2019-06-28 11:37:00,BID_DEPTH,"[(101385, 594)]"
2019-06-28 11:37:00,ASK_DEPTH,"[(102106, 532)]"
2019-06-28 11:37:00,IMBALANCE,"[594, 532]"
2019-06-28 11:37:00,HOLDINGS_UPDATED,"{'CASH': 32932774, 'JPM': -234}"
2019-06-28 11:38:00,BID_DEPTH,"[(102068, 268)]"
2019-06-28 11:38:00,ASK_DEPTH,"[(102363, 206)]"
2019-06-28 11:38:00,IMBALANCE,"[268, 206]"
2019-06-28 11:38:00,HOLDINGS_UPDATED,"{'CASH': 32011507, 'JPM': -225}"
2019-06-28 11:39:00,BID_DEPTH,"[(102068, 594)]"
2019-06-28 11:39:00,ASK_DEPTH,"[(102363, 439)]"
2019-06-28 11:39:00,IMBALANCE,"[594, 439]"
2019-06-28 11:39:00,HOLDINGS_UPDATED,"{'CASH': 31090240, 'JPM': -216}"
2019-06-28 11:40:00,BID_DEPTH,"[(102068, 199)]"
2019-06-28 11:40:00,ASK_DEPTH,"[(102363, 144)]"
2019-06-28 11:40:00,IMBALANCE,"[199, 144]"
2019-06-28 11:40:00,HOLDINGS_UPDATED,"{'CASH': 30168973, 'JPM': -207}"
2019-06-28 11:41:00,BID_DEPTH,"[(102126, 594)]"
2019-06-28 11:41:00,ASK_DEPTH,"[(102412, 532)]"
2019-06-28 11:41:00,IMBALANCE,"[594, 532]"
2019-06-28 11:41:00,HOLDINGS_UPDATED,"{'CASH': 29247265, 'JPM': -198}"
2019-06-28 11:42:00,BID_DEPTH,"[(102068, 594)]"
2019-06-28 11:42:00,ASK_DEPTH,"[(102412, 439)]"
2019-06-28 11:42:00,IMBALANCE,"[594, 439]"
2019-06-28 11:42:00,HOLDINGS_UPDATED,"{'CASH': 28325557, 'JPM': -189}"
2019-06-28 11:43:00,BID_DEPTH,"[(101213, 268)]"
2019-06-28 11:43:00,ASK_DEPTH,"[(102411, 206)]"
2019-06-28 11:43:00,IMBALANCE,"[268, 206]"
2019-06-28 11:43:00,HOLDINGS_UPDATED,"{'CASH': 27403858, 'JPM': -180}"
2019-06-28 11:44:00,BID_DEPTH,"[(100980, 268)]"
2019-06-28 11:44:00,ASK_DEPTH,"[(102411, 206)]"
2019-06-28 11:44:00,IMBALANCE,"[268, 206]"
2019-06-28 11:44:00,HOLDINGS_UPDATED,"{'CASH': 26482159, 'JPM': -171}"
2019-06-28 11:45:00,BID_DEPTH,"[(100767, 347)]"
2019-06-28 11:45:00,ASK_DEPTH,"[(102412, 292)]"
2019-06-28 11:45:00,IMBALANCE,"[347, 292]"
2019-06-28 11:45:00,HOLDINGS_UPDATED,"{'CASH': 25560451, 'JPM': -162}"
2019-06-28 11:46:00,BID_DEPTH,"[(100767, 224)]"
2019-06-28 11:46:00,ASK_DEPTH,"[(102412, 162)]"
2019-06-28 11:46:00,IMBALANCE,"[224, 162]"
2019-06-28 11:46:00,HOLDINGS_UPDATED,"{'CASH': 24638743, 'JPM': -153}"
2019-06-28 11:47:00,BID_DEPTH,"[(100703, 594)]"
2019-06-28 11:47:00,ASK_DEPTH,"[(102630, 532)]"
2019-06-28 11:47:00,IMBALANCE,"[594, 532]"
2019-06-28 11:47:00,HOLDINGS_UPDATED,"{'CASH': 23715073, 'JPM': -144}"
2019-06-28 11:48:00,BID_DEPTH,"[(100008, 100)]"
2019-06-28 11:48:00,ASK_DEPTH,[]
2019-06-28 11:48:00,IMBALANCE,"[100, 0]"
2019-06-28 11:49:00,BID_DEPTH,"[(100099, 299)]"
2019-06-28 11:49:00,ASK_DEPTH,"[(100703, 237)]"
2019-06-28 11:49:00,IMBALANCE,"[299, 237]"
2019-06-28 11:49:00,HOLDINGS_UPDATED,"{'CASH': 22808746, 'JPM': -135}"
2019-06-28 11:50:00,BID_DEPTH,"[(100432, 199)]"
2019-06-28 11:50:00,ASK_DEPTH,"[(100532, 137)]"
2019-06-28 11:50:00,IMBALANCE,"[199, 137]"
2019-06-28 11:50:00,HOLDINGS_UPDATED,"{'CASH': 21903958, 'JPM': -126}"
2019-06-28 11:51:00,BID_DEPTH,"[(100099, 694)]"
2019-06-28 11:51:00,ASK_DEPTH,"[(100287, 532)]"
2019-06-28 11:51:00,IMBALANCE,"[694, 532]"
2019-06-28 11:51:00,HOLDINGS_UPDATED,"{'CASH': 21001375, 'JPM': -117}"
2019-06-28 11:52:00,BID_DEPTH,"[(100387, 347)]"
2019-06-28 11:52:00,ASK_DEPTH,"[(100684, 285)]"
2019-06-28 11:52:00,IMBALANCE,"[347, 285]"
2019-06-28 11:52:00,HOLDINGS_UPDATED,"{'CASH': 20095219, 'JPM': -108}"
2019-06-28 11:53:00,BID_DEPTH,"[(100387, 347)]"
2019-06-28 11:53:00,ASK_DEPTH,"[(100599, 285)]"
2019-06-28 11:53:00,IMBALANCE,"[347, 285]"
2019-06-28 11:53:00,HOLDINGS_UPDATED,"{'CASH': 19189828, 'JPM': -99}"
2019-06-28 11:54:00,BID_DEPTH,"[(100381, 594)]"
2019-06-28 11:54:00,ASK_DEPTH,"[(100648, 532)]"
2019-06-28 11:54:00,IMBALANCE,"[594, 532]"
2019-06-28 11:54:00,HOLDINGS_UPDATED,"{'CASH': 18283996, 'JPM': -90}"
2019-06-28 11:55:00,BID_DEPTH,"[(100381, 594)]"
2019-06-28 11:55:00,ASK_DEPTH,"[(100685, 632)]"
2019-06-28 11:55:00,IMBALANCE,"[594, 632]"
2019-06-28 11:55:00,HOLDINGS_UPDATED,"{'CASH': 17377831, 'JPM': -81}"
2019-06-28 11:56:00,BID_DEPTH,"[(100406, 199)]"
2019-06-28 11:56:00,ASK_DEPTH,"[(100685, 207)]"
2019-06-28 11:56:00,IMBALANCE,"[199, 207]"
2019-06-28 11:56:00,HOLDINGS_UPDATED,"{'CASH': 16572351, 'JPM': -73}"
2019-06-28 11:56:00,HOLDINGS_UPDATED,"{'CASH': 16471666, 'JPM': -72}"
2019-06-28 11:57:00,BID_DEPTH,"[(100540, 224)]"
2019-06-28 11:57:00,ASK_DEPTH,"[(100616, 162)]"
2019-06-28 11:57:00,IMBALANCE,"[224, 162]"
2019-06-28 11:57:00,HOLDINGS_UPDATED,"{'CASH': 15566122, 'JPM': -63}"
2019-06-28 11:58:00,BID_DEPTH,"[(100476, 594)]"
2019-06-28 11:58:00,ASK_DEPTH,"[(100685, 632)]"
2019-06-28 11:58:00,IMBALANCE,"[594, 632]"
2019-06-28 11:58:00,HOLDINGS_UPDATED,"{'CASH': 14659957, 'JPM': -54}"
2019-06-28 11:59:00,BID_DEPTH,"[(100477, 324)]"
2019-06-28 11:59:00,ASK_DEPTH,"[(100685, 132)]"
2019-06-28 11:59:00,IMBALANCE,"[324, 132]"
2019-06-28 11:59:00,HOLDINGS_UPDATED,"{'CASH': 13854477, 'JPM': -46}"
2019-06-28 11:59:00,HOLDINGS_UPDATED,"{'CASH': 13753792, 'JPM': -45}"
2019-06-28 12:00:00,BID_DEPTH,"[(100406, 224)]"
2019-06-28 12:00:00,ASK_DEPTH,"[(100707, 162)]"
2019-06-28 12:00:00,IMBALANCE,"[224, 162]"
2019-06-28 12:00:00,HOLDINGS_UPDATED,"{'CASH': 12847429, 'JPM': -36}"
2019-06-28 12:01:00,BID_DEPTH,"[(100345, 347)]"
2019-06-28 12:01:00,ASK_DEPTH,"[(100813, 285)]"
2019-06-28 12:01:00,IMBALANCE,"[347, 285]"
2019-06-28 12:01:00,HOLDINGS_UPDATED,"{'CASH': 11940112, 'JPM': -27}"
2019-06-28 12:02:00,BID_DEPTH,"[(100345, 268)]"
2019-06-28 12:02:00,ASK_DEPTH,"[(100371, 206)]"
2019-06-28 12:02:00,IMBALANCE,"[268, 206]"
2019-06-28 12:02:00,HOLDINGS_UPDATED,"{'CASH': 11036773, 'JPM': -18}"
2019-06-28 12:03:00,BID_DEPTH,"[(100345, 100)]"
2019-06-28 12:03:00,ASK_DEPTH,[]
2019-06-28 12:03:00,IMBALANCE,"[100, 0]"
2019-06-28 12:04:00,BID_DEPTH,"[(100729, 100)]"
2019-06-28 12:04:00,ASK_DEPTH,[]
2019-06-28 12:04:00,IMBALANCE,"[100, 0]"
2019-06-28 12:05:00,BID_DEPTH,"[(100729, 285)]"
2019-06-28 12:05:00,ASK_DEPTH,"[(100894, 347)]"
2019-06-28 12:05:00,IMBALANCE,"[285, 347]"
2019-06-28 12:05:00,HOLDINGS_UPDATED,"{'CASH': 11943334, 'JPM': -27}"
2019-06-28 12:06:00,BID_DEPTH,"[(100470, 206)]"
2019-06-28 12:06:00,ASK_DEPTH,"[(100894, 268)]"
2019-06-28 12:06:00,IMBALANCE,"[206, 268]"
2019-06-28 12:06:00,HOLDINGS_UPDATED,"{'CASH': 12847564, 'JPM': -36}"
2019-06-28 12:07:00,BID_DEPTH,"[(100471, 285)]"
2019-06-28 12:07:00,ASK_DEPTH,"[(100591, 347)]"
2019-06-28 12:07:00,IMBALANCE,"[285, 347]"
2019-06-28 12:07:00,HOLDINGS_UPDATED,"{'CASH': 13751803, 'JPM': -45}"
2019-06-28 12:08:00,BID_DEPTH,"[(100591, 137)]"
2019-06-28 12:08:00,ASK_DEPTH,"[(100617, 199)]"
2019-06-28 12:08:00,IMBALANCE,"[137, 199]"
2019-06-28 12:08:00,HOLDINGS_UPDATED,"{'CASH': 14657122, 'JPM': -54}"
2019-06-28 12:09:00,BID_DEPTH,"[(100478, 285)]"
2019-06-28 12:09:00,ASK_DEPTH,"[(100617, 347)]"
2019-06-28 12:09:00,IMBALANCE,"[285, 347]"
2019-06-28 12:09:00,HOLDINGS_UPDATED,"{'CASH': 15561424, 'JPM': -63}"
2019-06-28 12:10:00,BID_DEPTH,"[(100508, 137)]"
2019-06-28 12:10:00,ASK_DEPTH,"[(100617, 199)]"
2019-06-28 12:10:00,IMBALANCE,"[137, 199]"
2019-06-28 12:10:00,HOLDINGS_UPDATED,"{'CASH': 16465996, 'JPM': -72}"
2019-06-28 12:11:00,BID_DEPTH,"[(100470, 137)]"
2019-06-28 12:11:00,ASK_DEPTH,"[(100736, 199)]"
2019-06-28 12:11:00,IMBALANCE,"[137, 199]"
2019-06-28 12:11:00,HOLDINGS_UPDATED,"{'CASH': 17370226, 'JPM': -81}"
2019-06-28 12:12:00,BID_DEPTH,"[(100206, 285)]"
2019-06-28 12:12:00,ASK_DEPTH,"[(100876, 347)]"
2019-06-28 12:12:00,IMBALANCE,"[285, 347]"
2019-06-28 12:12:00,HOLDINGS_UPDATED,"{'CASH': 18272080, 'JPM': -90}"
2019-06-28 12:13:00,BID_DEPTH,"[(100148, 162)]"
2019-06-28 12:13:00,ASK_DEPTH,"[(100876, 224)]"
2019-06-28 12:13:00,IMBALANCE,"[162, 224]"
2019-06-28 12:13:00,HOLDINGS_UPDATED,"{'CASH': 19173412, 'JPM': -99}"
2019-06-28 12:14:00,BID_DEPTH,"[(100248, 285)]"
2019-06-28 12:14:00,ASK_DEPTH,"[(100278, 347)]"
2019-06-28 12:14:00,IMBALANCE,"[285, 347]"
2019-06-28 12:14:00,HOLDINGS_UPDATED,"{'CASH': 20075644, 'JPM': -108}"
2019-06-28 12:15:00,BID_DEPTH,"[(100248, 137)]"
2019-06-28 12:15:00,ASK_DEPTH,"[(100444, 199)]"
2019-06-28 12:15:00,IMBALANCE,"[137, 199]"
2019-06-28 12:15:00,HOLDINGS_UPDATED,"{'CASH': 20977876, 'JPM': -117}"
2019-06-28 12:16:00,BID_DEPTH,"[(100094, 137)]"
2019-06-28 12:16:00,ASK_DEPTH,"[(100444, 199)]"
2019-06-28 12:16:00,IMBALANCE,"[137, 199]"
2019-06-28 12:16:00,HOLDINGS_UPDATED,"{'CASH': 21878722, 'JPM': -126}"
2019-06-28 12:17:00,BID_DEPTH,[]
2019-06-28 12:17:00,ASK_DEPTH,"[(100444, 100)]"
2019-06-28 12:17:00,IMBALANCE,"[0, 100]"
2019-06-28 12:18:00,BID_DEPTH,"[(100094, 262)]"
2019-06-28 12:18:00,ASK_DEPTH,"[(100444, 224)]"
2019-06-28 12:18:00,IMBALANCE,"[262, 224]"
2019-06-28 12:18:00,HOLDINGS_UPDATED,"{'CASH': 22779568, 'JPM': -135}"
2019-06-28 12:19:00,BID_DEPTH,"[(99335, 137)]"
2019-06-28 12:19:00,ASK_DEPTH,"[(100444, 199)]"
2019-06-28 12:19:00,IMBALANCE,"[137, 199]"
2019-06-28 12:19:00,HOLDINGS_UPDATED,"{'CASH': 23673583, 'JPM': -144}"
2019-06-28 12:20:00,BID_DEPTH,"[(99233, 206)]"
2019-06-28 12:20:00,ASK_DEPTH,"[(99335, 237)]"
2019-06-28 12:20:00,IMBALANCE,"[206, 237]"
2019-06-28 12:20:00,HOLDINGS_UPDATED,"{'CASH': 24566680, 'JPM': -153}"
2019-06-28 12:21:00,BID_DEPTH,"[(99143, 137)]"
2019-06-28 12:21:00,ASK_DEPTH,"[(99324, 199)]"
2019-06-28 12:21:00,IMBALANCE,"[137, 199]"
2019-06-28 12:21:00,HOLDINGS_UPDATED,"{'CASH': 25458967, 'JPM': -162}"
2019-06-28 12:22:00,BID_DEPTH,"[(99143, 113)]"
2019-06-28 12:22:00,ASK_DEPTH,"[(99324, 268)]"
2019-06-28 12:22:00,IMBALANCE,"[113, 268]"
2019-06-28 12:22:00,HOLDINGS_UPDATED,"{'CASH': 26351254, 'JPM': -171}"
2019-06-28 12:23:00,BID_DEPTH,"[(99143, 192)]"
2019-06-28 12:23:00,ASK_DEPTH,"[(99482, 347)]"
2019-06-28 12:23:00,IMBALANCE,"[192, 347]"
2019-06-28 12:23:00,HOLDINGS_UPDATED,"{'CASH': 27243541, 'JPM': -180}"
2019-06-28 12:24:00,BID_DEPTH,"[(99315, 137)]"
2019-06-28 12:24:00,ASK_DEPTH,"[(99530, 199)]"
2019-06-28 12:24:00,IMBALANCE,"[137, 199]"
2019-06-28 12:24:00,HOLDINGS_UPDATED,"{'CASH': 28137376, 'JPM': -189}"
2019-06-28 12:25:00,BID_DEPTH,"[(99392, 532)]"
2019-06-28 12:25:00,ASK_DEPTH,"[(99530, 594)]"
2019-06-28 12:25:00,IMBALANCE,"[532, 594]"
2019-06-28 12:25:00,HOLDINGS_UPDATED,"{'CASH': 29031904, 'JPM': -198}"
2019-06-28 12:26:00,BID_DEPTH,"[(99414, 285)]"
2019-06-28 12:26:00,ASK_DEPTH,"[(99530, 347)]"
2019-06-28 12:26:00,IMBALANCE,"[285, 347]"
2019-06-28 12:26:00,HOLDINGS_UPDATED,"{'CASH': 29926630, 'JPM': -207}"
2019-06-28 12:27:00,BID_DEPTH,"[(99315, 69)]"
2019-06-28 12:27:00,ASK_DEPTH,"[(99414, 224)]"
2019-06-28 12:27:00,IMBALANCE,"[69, 224]"
2019-06-28 12:27:00,HOLDINGS_UPDATED,"{'CASH': 30820465, 'JPM': -216}"
2019-06-28 12:28:00,BID_DEPTH,"[(99204, 285)]"
2019-06-28 12:28:00,ASK_DEPTH,"[(99315, 539)]"
2019-06-28 12:28:00,IMBALANCE,"[285, 539]"
2019-06-28 12:28:00,HOLDINGS_UPDATED,"{'CASH': 31713301, 'JPM': -225}"
2019-06-28 12:29:00,BID_DEPTH,"[(99155, 162)]"
2019-06-28 12:29:00,ASK_DEPTH,"[(99328, 224)]"
2019-06-28 12:29:00,IMBALANCE,"[162, 224]"
2019-06-28 12:29:00,HOLDINGS_UPDATED,"{'CASH': 32605696, 'JPM': -234}"
2019-06-28 12:30:00,BID_DEPTH,"[(99155, 539)]"
2019-06-28 12:30:00,ASK_DEPTH,"[(99196, 594)]"
2019-06-28 12:30:00,IMBALANCE,"[539, 594]"
2019-06-28 12:30:00,HOLDINGS_UPDATED,"{'CASH': 33498091, 'JPM': -243}"
2019-06-28 12:31:00,BID_DEPTH,"[(99143, 192)]"
2019-06-28 12:31:00,ASK_DEPTH,"[(99196, 347)]"
2019-06-28 12:31:00,IMBALANCE,"[192, 347]"
2019-06-28 12:31:00,HOLDINGS_UPDATED,"{'CASH': 34390378, 'JPM': -252}"
2019-06-28 12:32:00,BID_DEPTH,"[(99110, 137)]"
2019-06-28 12:32:00,ASK_DEPTH,"[(99143, 199)]"
2019-06-28 12:32:00,IMBALANCE,"[137, 199]"
2019-06-28 12:32:00,HOLDINGS_UPDATED,"{'CASH': 35282368, 'JPM': -261}"
2019-06-28 12:33:00,BID_DEPTH,"[(99095, 162)]"
2019-06-28 12:33:00,ASK_DEPTH,"[(99143, 324)]"
2019-06-28 12:33:00,IMBALANCE,"[162, 324]"
2019-06-28 12:33:00,HOLDINGS_UPDATED,"{'CASH': 36174223, 'JPM': -270}"
2019-06-28 12:34:00,BID_DEPTH,"[(98999, 532)]"
2019-06-28 12:34:00,ASK_DEPTH,"[(99095, 600)]"
2019-06-28 12:34:00,IMBALANCE,"[532, 600]"
2019-06-28 12:34:00,HOLDINGS_UPDATED,"{'CASH': 37065214, 'JPM': -279}"
2019-06-28 12:35:00,BID_DEPTH,"[(98822, 162)]"
2019-06-28 12:35:00,ASK_DEPTH,"[(99095, 230)]"
2019-06-28 12:35:00,IMBALANCE,"[162, 230]"
2019-06-28 12:35:00,HOLDINGS_UPDATED,"{'CASH': 37954612, 'JPM': -288}"
2019-06-28 12:36:00,BID_DEPTH,"[(98743, 206)]"
2019-06-28 12:36:00,ASK_DEPTH,"[(98965, 268)]"
2019-06-28 12:36:00,IMBALANCE,"[206, 268]"
2019-06-28 12:36:00,HOLDINGS_UPDATED,"{'CASH': 38843299, 'JPM': -297}"
2019-06-28 12:37:00,BID_DEPTH,"[(98864, 532)]"
2019-06-28 12:37:00,ASK_DEPTH,"[(98953, 594)]"
2019-06-28 12:37:00,IMBALANCE,"[532, 594]"
2019-06-28 12:37:00,HOLDINGS_UPDATED,"{'CASH': 39733075, 'JPM': -306}"
2019-06-28 12:38:00,BID_DEPTH,"[(98965, 285)]"
2019-06-28 12:38:00,ASK_DEPTH,"[(99095, 253)]"
2019-06-28 12:38:00,IMBALANCE,"[285, 253]"
2019-06-28 12:38:00,HOLDINGS_UPDATED,"{'CASH': 40623760, 'JPM': -315}"
2019-06-28 12:39:00,BID_DEPTH,"[(99095, 532)]"
2019-06-28 12:39:00,ASK_DEPTH,"[(99196, 594)]"
2019-06-28 12:39:00,IMBALANCE,"[532, 594]"
2019-06-28 12:39:00,HOLDINGS_UPDATED,"{'CASH': 41515615, 'JPM': -324}"
2019-06-28 12:40:00,BID_DEPTH,"[(99095, 532)]"
2019-06-28 12:40:00,ASK_DEPTH,"[(99421, 594)]"
2019-06-28 12:40:00,IMBALANCE,"[532, 594]"
2019-06-28 12:40:00,HOLDINGS_UPDATED,"{'CASH': 42407470, 'JPM': -333}"
2019-06-28 12:41:00,BID_DEPTH,"[(99478, 162)]"
2019-06-28 12:41:00,ASK_DEPTH,"[(99552, 224)]"
2019-06-28 12:41:00,IMBALANCE,"[162, 224]"
2019-06-28 12:41:00,HOLDINGS_UPDATED,"{'CASH': 43302772, 'JPM': -342}"
2019-06-28 12:42:00,BID_DEPTH,"[(99095, 206)]"
2019-06-28 12:42:00,ASK_DEPTH,"[(99552, 268)]"
2019-06-28 12:42:00,IMBALANCE,"[206, 268]"
2019-06-28 12:42:00,HOLDINGS_UPDATED,"{'CASH': 44194627, 'JPM': -351}"
2019-06-28 12:43:00,BID_DEPTH,"[(98864, 44)]"
2019-06-28 12:43:00,ASK_DEPTH,"[(99614, 199)]"
2019-06-28 12:43:00,IMBALANCE,"[44, 199]"
2019-06-28 12:43:00,HOLDINGS_UPDATED,"{'CASH': 45084403, 'JPM': -360}"
2019-06-28 12:44:00,BID_DEPTH,"[(98864, 134)]"
2019-06-28 12:44:00,ASK_DEPTH,"[(99668, 199)]"
2019-06-28 12:44:00,IMBALANCE,"[134, 199]"
2019-06-28 12:44:00,HOLDINGS_UPDATED,"{'CASH': 45974179, 'JPM': -369}"
2019-06-28 12:45:00,BID_DEPTH,"[(98865, 532)]"
2019-06-28 12:45:00,ASK_DEPTH,"[(99706, 594)]"
2019-06-28 12:45:00,IMBALANCE,"[532, 594]"
2019-06-28 12:45:00,HOLDINGS_UPDATED,"{'CASH': 46863964, 'JPM': -378}"
2019-06-28 12:46:00,BID_DEPTH,"[(98864, 632)]"
2019-06-28 12:46:00,ASK_DEPTH,"[(99800, 594)]"
2019-06-28 12:46:00,IMBALANCE,"[632, 594]"
2019-06-28 12:46:00,HOLDINGS_UPDATED,"{'CASH': 47753740, 'JPM': -387}"
2019-06-28 12:47:00,BID_DEPTH,"[(99835, 206)]"
2019-06-28 12:47:00,ASK_DEPTH,"[(100363, 268)]"
2019-06-28 12:47:00,IMBALANCE,"[206, 268]"
2019-06-28 12:47:00,HOLDINGS_UPDATED,"{'CASH': 48652255, 'JPM': -396}"
2019-06-28 12:48:00,BID_DEPTH,"[(98864, 276)]"
2019-06-28 12:48:00,ASK_DEPTH,"[(100044, 268)]"
2019-06-28 12:48:00,IMBALANCE,"[276, 268]"
2019-06-28 12:48:00,HOLDINGS_UPDATED,"{'CASH': 49443167, 'JPM': -404}"
2019-06-28 12:48:00,HOLDINGS_UPDATED,"{'CASH': 49542031, 'JPM': -405}"
2019-06-28 12:49:00,BID_DEPTH,"[(98864, 302)]"
2019-06-28 12:49:00,ASK_DEPTH,"[(100182, 224)]"
2019-06-28 12:49:00,IMBALANCE,"[302, 224]"
2019-06-28 12:49:00,HOLDINGS_UPDATED,"{'CASH': 50431807, 'JPM': -414}"
2019-06-28 12:50:00,BID_DEPTH,"[(98864, 147)]"
2019-06-28 12:50:00,ASK_DEPTH,"[(100436, 199)]"
2019-06-28 12:50:00,IMBALANCE,"[147, 199]"
2019-06-28 12:50:00,HOLDINGS_UPDATED,"{'CASH': 51321583, 'JPM': -423}"
2019-06-28 12:51:00,BID_DEPTH,"[(98864, 137)]"
2019-06-28 12:51:00,ASK_DEPTH,"[(100436, 199)]"
2019-06-28 12:51:00,IMBALANCE,"[137, 199]"
2019-06-28 12:51:00,HOLDINGS_UPDATED,"{'CASH': 52211359, 'JPM': -432}"
2019-06-28 12:52:00,BID_DEPTH,"[(100240, 137)]"
2019-06-28 12:52:00,ASK_DEPTH,"[(100436, 199)]"
2019-06-28 12:52:00,IMBALANCE,"[137, 199]"
2019-06-28 12:52:00,HOLDINGS_UPDATED,"{'CASH': 53113519, 'JPM': -441}"
2019-06-28 12:53:00,BID_DEPTH,"[(100120, 285)]"
2019-06-28 12:53:00,ASK_DEPTH,"[(100436, 347)]"
2019-06-28 12:53:00,IMBALANCE,"[285, 347]"
2019-06-28 12:53:00,HOLDINGS_UPDATED,"{'CASH': 54014599, 'JPM': -450}"
2019-06-28 12:54:00,BID_DEPTH,"[(100034, 162)]"
2019-06-28 12:54:00,ASK_DEPTH,"[(100157, 224)]"
2019-06-28 12:54:00,IMBALANCE,"[162, 224]"
2019-06-28 12:54:00,HOLDINGS_UPDATED,"{'CASH': 54914905, 'JPM': -459}"
2019-06-28 12:55:00,BID_DEPTH,"[(98864, 262)]"
2019-06-28 12:55:00,ASK_DEPTH,"[(100022, 125)]"
2019-06-28 12:55:00,IMBALANCE,"[262, 125]"
2019-06-28 12:55:00,HOLDINGS_UPDATED,"{'CASH': 55804681, 'JPM': -468}"
2019-06-28 12:56:00,BID_DEPTH,"[(99523, 285)]"
2019-06-28 12:56:00,ASK_DEPTH,"[(99624, 347)]"
2019-06-28 12:56:00,IMBALANCE,"[285, 347]"
2019-06-28 12:56:00,HOLDINGS_UPDATED,"{'CASH': 56700388, 'JPM': -477}"
2019-06-28 12:57:00,BID_DEPTH,"[(98864, 355)]"
2019-06-28 12:57:00,ASK_DEPTH,"[(99624, 347)]"
2019-06-28 12:57:00,IMBALANCE,"[355, 347]"
2019-06-28 12:57:00,HOLDINGS_UPDATED,"{'CASH': 57491300, 'JPM': -485}"
2019-06-28 12:57:00,HOLDINGS_UPDATED,"{'CASH': 57590164, 'JPM': -486}"
2019-06-28 12:58:00,BID_DEPTH,"[(99459, 206)]"
2019-06-28 12:58:00,ASK_DEPTH,"[(99570, 268)]"
2019-06-28 12:58:00,IMBALANCE,"[206, 268]"
2019-06-28 12:58:00,HOLDINGS_UPDATED,"{'CASH': 58485295, 'JPM': -495}"
2019-06-28 12:59:00,BID_DEPTH,"[(99459, 137)]"
2019-06-28 12:59:00,ASK_DEPTH,"[(99570, 199)]"
2019-06-28 12:59:00,IMBALANCE,"[137, 199]"
2019-06-28 12:59:00,HOLDINGS_UPDATED,"{'CASH': 59380426, 'JPM': -504}"
2019-06-28 13:00:00,BID_DEPTH,"[(98864, 694)]"
2019-06-28 13:00:00,ASK_DEPTH,"[(99570, 532)]"
2019-06-28 13:00:00,IMBALANCE,"[694, 532]"
2019-06-28 13:00:00,HOLDINGS_UPDATED,"{'CASH': 58484296, 'JPM': -495}"
2019-06-28 13:01:00,BID_DEPTH,"[(98864, 594)]"
2019-06-28 13:01:00,ASK_DEPTH,"[(99656, 532)]"
2019-06-28 13:01:00,IMBALANCE,"[594, 532]"
2019-06-28 13:01:00,HOLDINGS_UPDATED,"{'CASH': 57587392, 'JPM': -486}"
2019-06-28 13:02:00,BID_DEPTH,"[(98743, 131)]"
2019-06-28 13:02:00,ASK_DEPTH,"[(99656, 162)]"
2019-06-28 13:02:00,IMBALANCE,"[131, 162]"
2019-06-28 13:02:00,HOLDINGS_UPDATED,"{'CASH': 56690488, 'JPM': -477}"
2019-06-28 13:03:00,BID_DEPTH,"[(98733, 224)]"
2019-06-28 13:03:00,ASK_DEPTH,"[(99759, 162)]"
2019-06-28 13:03:00,IMBALANCE,"[224, 162]"
2019-06-28 13:03:00,HOLDINGS_UPDATED,"{'CASH': 55792657, 'JPM': -468}"
2019-06-28 13:04:00,BID_DEPTH,"[(98640, 347)]"
2019-06-28 13:04:00,ASK_DEPTH,"[(98654, 285)]"
2019-06-28 13:04:00,IMBALANCE,"[347, 285]"
2019-06-28 13:04:00,HOLDINGS_UPDATED,"{'CASH': 54904771, 'JPM': -459}"
2019-06-28 13:05:00,BID_DEPTH,"[(98641, 347)]"
2019-06-28 13:05:00,ASK_DEPTH,"[(98712, 285)]"
2019-06-28 13:05:00,IMBALANCE,"[347, 285]"
2019-06-28 13:05:00,HOLDINGS_UPDATED,"{'CASH': 54016363, 'JPM': -450}"
2019-06-28 13:06:00,BID_DEPTH,"[(98876, 224)]"
2019-06-28 13:06:00,ASK_DEPTH,"[(98909, 162)]"
2019-06-28 13:06:00,IMBALANCE,"[224, 162]"
2019-06-28 13:06:00,HOLDINGS_UPDATED,"{'CASH': 53126182, 'JPM': -441}"
2019-06-28 13:07:00,BID_DEPTH,"[(98637, 199)]"
2019-06-28 13:07:00,ASK_DEPTH,"[(99759, 137)]"
2019-06-28 13:07:00,IMBALANCE,"[199, 137]"
2019-06-28 13:07:00,HOLDINGS_UPDATED,"{'CASH': 52228351, 'JPM': -432}"
2019-06-28 13:08:00,BID_DEPTH,"[(98394, 199)]"
2019-06-28 13:08:00,ASK_DEPTH,"[(99759, 137)]"
2019-06-28 13:08:00,IMBALANCE,"[199, 137]"
2019-06-28 13:08:00,HOLDINGS_UPDATED,"{'CASH': 51330520, 'JPM': -423}"
2019-06-28 13:09:00,BID_DEPTH,"[(98394, 199)]"
2019-06-28 13:09:00,ASK_DEPTH,"[(99759, 137)]"
2019-06-28 13:09:00,IMBALANCE,"[199, 137]"
2019-06-28 13:09:00,HOLDINGS_UPDATED,"{'CASH': 50432689, 'JPM': -414}"
2019-06-28 13:10:00,BID_DEPTH,"[(98707, 594)]"
2019-06-28 13:10:00,ASK_DEPTH,"[(98903, 532)]"
2019-06-28 13:10:00,IMBALANCE,"[594, 532]"
2019-06-28 13:10:00,HOLDINGS_UPDATED,"{'CASH': 49542562, 'JPM': -405}"
2019-06-28 13:11:00,BID_DEPTH,"[(98707, 268)]"
2019-06-28 13:11:00,ASK_DEPTH,"[(99226, 206)]"
2019-06-28 13:11:00,IMBALANCE,"[268, 206]"
2019-06-28 13:11:00,HOLDINGS_UPDATED,"{'CASH': 48649528, 'JPM': -396}"
2019-06-28 13:12:00,BID_DEPTH,"[(98647, 137)]"
2019-06-28 13:12:00,ASK_DEPTH,"[(99759, 199)]"
2019-06-28 13:12:00,IMBALANCE,"[137, 199]"
2019-06-28 13:12:00,HOLDINGS_UPDATED,"{'CASH': 49537351, 'JPM': -405}"
2019-06-28 13:13:00,BID_DEPTH,"[(98394, 162)]"
2019-06-28 13:13:00,ASK_DEPTH,"[(98979, 224)]"
2019-06-28 13:13:00,IMBALANCE,"[162, 224]"
2019-06-28 13:13:00,HOLDINGS_UPDATED,"{'CASH': 50422897, 'JPM': -414}"
2019-06-28 13:14:00,BID_DEPTH,"[(98394, 192)]"
2019-06-28 13:14:00,ASK_DEPTH,"[(98979, 347)]"
2019-06-28 13:14:00,IMBALANCE,"[192, 347]"
2019-06-28 13:14:00,HOLDINGS_UPDATED,"{'CASH': 51308443, 'JPM': -423}"
2019-06-28 13:15:00,BID_DEPTH,"[(98394, 44)]"
2019-06-28 13:15:00,ASK_DEPTH,"[(98971, 199)]"
2019-06-28 13:15:00,IMBALANCE,"[44, 199]"
2019-06-28 13:15:00,HOLDINGS_UPDATED,"{'CASH': 52193989, 'JPM': -432}"
2019-06-28 13:16:00,BID_DEPTH,"[(98321, 206)]"
2019-06-28 13:16:00,ASK_DEPTH,"[(98452, 268)]"
2019-06-28 13:16:00,IMBALANCE,"[206, 268]"
2019-06-28 13:16:00,HOLDINGS_UPDATED,"{'CASH': 53078878, 'JPM': -441}"
2019-06-28 13:17:00,BID_DEPTH,"[(98321, 439)]"
2019-06-28 13:17:00,ASK_DEPTH,"[(98452, 594)]"
2019-06-28 13:17:00,IMBALANCE,"[439, 594]"
2019-06-28 13:17:00,HOLDINGS_UPDATED,"{'CASH': 53963767, 'JPM': -450}"
2019-06-28 13:18:00,BID_DEPTH,"[(98321, 69)]"
2019-06-28 13:18:00,ASK_DEPTH,"[(98452, 224)]"
2019-06-28 13:18:00,IMBALANCE,"[69, 224]"
2019-06-28 13:18:00,HOLDINGS_UPDATED,"{'CASH': 54848656, 'JPM': -459}"
2019-06-28 13:19:00,BID_DEPTH,"[(98322, 137)]"
2019-06-28 13:19:00,ASK_DEPTH,"[(98490, 199)]"
2019-06-28 13:19:00,IMBALANCE,"[137, 199]"
2019-06-28 13:19:00,HOLDINGS_UPDATED,"{'CASH': 55733554, 'JPM': -468}"
2019-06-28 13:20:00,BID_DEPTH,"[(98322, 539)]"
2019-06-28 13:20:00,ASK_DEPTH,"[(98490, 594)]"
2019-06-28 13:20:00,IMBALANCE,"[539, 594]"
2019-06-28 13:20:00,HOLDINGS_UPDATED,"{'CASH': 56618452, 'JPM': -477}"
2019-06-28 13:21:00,BID_DEPTH,"[(98323, 285)]"
2019-06-28 13:21:00,ASK_DEPTH,"[(98538, 347)]"
2019-06-28 13:21:00,IMBALANCE,"[285, 347]"
2019-06-28 13:21:00,HOLDINGS_UPDATED,"{'CASH': 57503359, 'JPM': -486}"
2019-06-28 13:22:00,BID_DEPTH,"[(98323, 485)]"
2019-06-28 13:22:00,ASK_DEPTH,"[(98538, 347)]"
2019-06-28 13:22:00,IMBALANCE,"[485, 347]"
2019-06-28 13:22:00,HOLDINGS_UPDATED,"{'CASH': 58388266, 'JPM': -495}"
2019-06-28 13:23:00,BID_DEPTH,"[(98324, 206)]"
2019-06-28 13:23:00,ASK_DEPTH,"[(98640, 268)]"
2019-06-28 13:23:00,IMBALANCE,"[206, 268]"
2019-06-28 13:23:00,HOLDINGS_UPDATED,"{'CASH': 59273182, 'JPM': -504}"
2019-06-28 13:24:00,BID_DEPTH,"[(98323, 355)]"
2019-06-28 13:24:00,ASK_DEPTH,"[(98640, 347)]"
2019-06-28 13:24:00,IMBALANCE,"[355, 347]"
2019-06-28 13:24:00,HOLDINGS_UPDATED,"{'CASH': 60059766, 'JPM': -512}"
2019-06-28 13:24:00,HOLDINGS_UPDATED,"{'CASH': 60158089, 'JPM': -513}"
2019-06-28 13:25:00,BID_DEPTH,"[(98323, 277)]"
2019-06-28 13:25:00,ASK_DEPTH,"[(98563, 199)]"
2019-06-28 13:25:00,IMBALANCE,"[277, 199]"
2019-06-28 13:25:00,HOLDINGS_UPDATED,"{'CASH': 61042996, 'JPM': -522}"
2019-06-28 13:26:00,BID_DEPTH,"[(98323, 216)]"
2019-06-28 13:26:00,ASK_DEPTH,"[(98563, 268)]"
2019-06-28 13:26:00,IMBALANCE,"[216, 268]"
2019-06-28 13:26:00,HOLDINGS_UPDATED,"{'CASH': 61927903, 'JPM': -531}"
2019-06-28 13:27:00,BID_DEPTH,"[(98322, 192)]"
2019-06-28 13:27:00,ASK_DEPTH,"[(98640, 347)]"
2019-06-28 13:27:00,IMBALANCE,"[192, 347]"
2019-06-28 13:27:00,HOLDINGS_UPDATED,"{'CASH': 62812801, 'JPM': -540}"
2019-06-28 13:28:00,BID_DEPTH,"[(98640, 433)]"
2019-06-28 13:28:00,ASK_DEPTH,"[(98827, 594)]"
2019-06-28 13:28:00,IMBALANCE,"[433, 594]"
2019-06-28 13:28:00,HOLDINGS_UPDATED,"{'CASH': 63700561, 'JPM': -549}"
2019-06-28 13:29:00,BID_DEPTH,"[(98321, 113)]"
2019-06-28 13:29:00,ASK_DEPTH,"[(99018, 268)]"
2019-06-28 13:29:00,IMBALANCE,"[113, 268]"
2019-06-28 13:29:00,HOLDINGS_UPDATED,"{'CASH': 64585450, 'JPM': -558}"
2019-06-28 13:30:00,BID_DEPTH,"[(98301, 271)]"
2019-06-28 13:30:00,ASK_DEPTH,"[(99661, 347)]"
2019-06-28 13:30:00,IMBALANCE,"[271, 347]"
2019-06-28 13:30:00,HOLDINGS_UPDATED,"{'CASH': 65470159, 'JPM': -567}"
2019-06-28 13:31:00,BID_DEPTH,"[(99661, 532)]"
2019-06-28 13:31:00,ASK_DEPTH,"[(100250, 594)]"
2019-06-28 13:31:00,IMBALANCE,"[532, 594]"
2019-06-28 13:31:00,HOLDINGS_UPDATED,"{'CASH': 66367108, 'JPM': -576}"
2019-06-28 13:32:00,BID_DEPTH,"[(99661, 137)]"
2019-06-28 13:32:00,ASK_DEPTH,"[(100639, 199)]"
2019-06-28 13:32:00,IMBALANCE,"[137, 199]"
2019-06-28 13:32:00,HOLDINGS_UPDATED,"{'CASH': 67264057, 'JPM': -585}"
2019-06-28 13:33:00,BID_DEPTH,"[(98275, 162)]"
2019-06-28 13:33:00,ASK_DEPTH,"[(100838, 224)]"
2019-06-28 13:33:00,IMBALANCE,"[162, 224]"
2019-06-28 13:33:00,HOLDINGS_UPDATED,"{'CASH': 68148532, 'JPM': -594}"
2019-06-28 13:34:00,BID_DEPTH,"[(98275, 162)]"
2019-06-28 13:34:00,ASK_DEPTH,"[(101221, 224)]"
2019-06-28 13:34:00,IMBALANCE,"[162, 224]"
2019-06-28 13:34:00,HOLDINGS_UPDATED,"{'CASH': 69033007, 'JPM': -603}"
2019-06-28 13:35:00,BID_DEPTH,"[(98275, 306)]"
2019-06-28 13:35:00,ASK_DEPTH,"[(101256, 268)]"
2019-06-28 13:35:00,IMBALANCE,"[306, 268]"
2019-06-28 13:35:00,HOLDINGS_UPDATED,"{'CASH': 69917482, 'JPM': -612}"
2019-06-28 13:36:00,BID_DEPTH,"[(98275, 502)]"
2019-06-28 13:36:00,ASK_DEPTH,"[(101330, 594)]"
2019-06-28 13:36:00,IMBALANCE,"[502, 594]"
2019-06-28 13:36:00,HOLDINGS_UPDATED,"{'CASH': 70703682, 'JPM': -620}"
2019-06-28 13:36:00,HOLDINGS_UPDATED,"{'CASH': 70801957, 'JPM': -621}"
2019-06-28 13:37:00,BID_DEPTH,"[(101222, 532)]"
2019-06-28 13:37:00,ASK_DEPTH,"[(101406, 594)]"
2019-06-28 13:37:00,IMBALANCE,"[532, 594]"
2019-06-28 13:37:00,HOLDINGS_UPDATED,"{'CASH': 71712955, 'JPM': -630}"
2019-06-28 13:38:00,BID_DEPTH,"[(98275, 237)]"
2019-06-28 13:38:00,ASK_DEPTH,"[(101321, 199)]"
2019-06-28 13:38:00,IMBALANCE,"[237, 199]"
2019-06-28 13:38:00,HOLDINGS_UPDATED,"{'CASH': 72597430, 'JPM': -639}"
2019-06-28 13:39:00,BID_DEPTH,"[(101132, 199)]"
2019-06-28 13:39:00,ASK_DEPTH,"[(101262, 137)]"
2019-06-28 13:39:00,IMBALANCE,"[199, 137]"
2019-06-28 13:39:00,HOLDINGS_UPDATED,"{'CASH': 71686072, 'JPM': -630}"
2019-06-28 13:40:00,BID_DEPTH,"[(100758, 347)]"
2019-06-28 13:40:00,ASK_DEPTH,"[(101262, 292)]"
2019-06-28 13:40:00,IMBALANCE,"[347, 292]"
2019-06-28 13:40:00,HOLDINGS_UPDATED,"{'CASH': 70774714, 'JPM': -621}"
2019-06-28 13:41:00,BID_DEPTH,"[(98275, 294)]"
2019-06-28 13:41:00,ASK_DEPTH,"[(100192, 162)]"
2019-06-28 13:41:00,IMBALANCE,"[294, 162]"
2019-06-28 13:41:00,HOLDINGS_UPDATED,"{'CASH': 69872986, 'JPM': -612}"
2019-06-28 13:42:00,BID_DEPTH,"[(100389, 594)]"
2019-06-28 13:42:00,ASK_DEPTH,"[(100464, 532)]"
2019-06-28 13:42:00,IMBALANCE,"[594, 532]"
2019-06-28 13:42:00,HOLDINGS_UPDATED,"{'CASH': 68968810, 'JPM': -603}"
2019-06-28 13:43:00,BID_DEPTH,"[(100423, 594)]"
2019-06-28 13:43:00,ASK_DEPTH,"[(100464, 439)]"
2019-06-28 13:43:00,IMBALANCE,"[594, 439]"
2019-06-28 13:43:00,HOLDINGS_UPDATED,"{'CASH': 68064634, 'JPM': -594}"
2019-06-28 13:44:00,BID_DEPTH,"[(100423, 268)]"
2019-06-28 13:44:00,ASK_DEPTH,"[(100464, 113)]"
2019-06-28 13:44:00,IMBALANCE,"[268, 113]"
2019-06-28 13:44:00,HOLDINGS_UPDATED,"{'CASH': 67160458, 'JPM': -585}"
2019-06-28 13:45:00,BID_DEPTH,"[(100192, 105)]"
2019-06-28 13:45:00,ASK_DEPTH,"[(100464, 44)]"
2019-06-28 13:45:00,IMBALANCE,"[105, 44]"
2019-06-28 13:45:00,HOLDINGS_UPDATED,"{'CASH': 66256282, 'JPM': -576}"
2019-06-28 13:46:00,BID_DEPTH,"[(100148, 268)]"
2019-06-28 13:46:00,ASK_DEPTH,"[(100463, 206)]"
2019-06-28 13:46:00,IMBALANCE,"[268, 206]"
2019-06-28 13:46:00,HOLDINGS_UPDATED,"{'CASH': 65352115, 'JPM': -567}"
2019-06-28 13:47:00,BID_DEPTH,"[(99967, 224)]"
2019-06-28 13:47:00,ASK_DEPTH,"[(100463, 162)]"
2019-06-28 13:47:00,IMBALANCE,"[224, 162]"
2019-06-28 13:47:00,HOLDINGS_UPDATED,"{'CASH': 64447948, 'JPM': -558}"
2019-06-28 13:48:00,BID_DEPTH,"[(99208, 199)]"
2019-06-28 13:48:00,ASK_DEPTH,"[(99967, 137)]"
2019-06-28 13:48:00,IMBALANCE,"[199, 137]"
2019-06-28 13:48:00,HOLDINGS_UPDATED,"{'CASH': 63548245, 'JPM': -549}"
2019-06-28 13:49:00,BID_DEPTH,"[(99415, 594)]"
2019-06-28 13:49:00,ASK_DEPTH,"[(99967, 532)]"
2019-06-28 13:49:00,IMBALANCE,"[594, 532]"
2019-06-28 13:49:00,HOLDINGS_UPDATED,"{'CASH': 62648542, 'JPM': -540}"
2019-06-28 13:50:00,BID_DEPTH,"[(99296, 224)]"
2019-06-28 13:50:00,ASK_DEPTH,"[(100464, 135)]"
2019-06-28 13:50:00,IMBALANCE,"[224, 135]"
2019-06-28 13:50:00,HOLDINGS_UPDATED,"{'CASH': 61744366, 'JPM': -531}"
2019-06-28 13:51:00,BID_DEPTH,"[(99208, 347)]"
2019-06-28 13:51:00,ASK_DEPTH,"[(100541, 192)]"
2019-06-28 13:51:00,IMBALANCE,"[347, 192]"
2019-06-28 13:51:00,HOLDINGS_UPDATED,"{'CASH': 60839497, 'JPM': -522}"
2019-06-28 13:52:00,BID_DEPTH,"[(99200, 347)]"
2019-06-28 13:52:00,ASK_DEPTH,"[(99269, 285)]"
2019-06-28 13:52:00,IMBALANCE,"[347, 285]"
2019-06-28 13:52:00,HOLDINGS_UPDATED,"{'CASH': 59946076, 'JPM': -513}"
2019-06-28 13:53:00,BID_DEPTH,"[(99147, 268)]"
2019-06-28 13:53:00,ASK_DEPTH,"[(99206, 206)]"
2019-06-28 13:53:00,IMBALANCE,"[268, 206]"
2019-06-28 13:53:00,HOLDINGS_UPDATED,"{'CASH': 59053222, 'JPM': -504}"
2019-06-28 13:54:00,BID_DEPTH,"[(99147, 347)]"
2019-06-28 13:54:00,ASK_DEPTH,"[(99206, 285)]"
2019-06-28 13:54:00,IMBALANCE,"[347, 285]"
2019-06-28 13:54:00,HOLDINGS_UPDATED,"{'CASH': 58160368, 'JPM': -495}"
2019-06-28 13:55:00,BID_DEPTH,"[(99128, 594)]"
2019-06-28 13:55:00,ASK_DEPTH,"[(99267, 532)]"
2019-06-28 13:55:00,IMBALANCE,"[594, 532]"
2019-06-28 13:55:00,HOLDINGS_UPDATED,"{'CASH': 57266965, 'JPM': -486}"
2019-06-28 13:56:00,BID_DEPTH,"[(98975, 268)]"
2019-06-28 13:56:00,ASK_DEPTH,"[(99267, 306)]"
2019-06-28 13:56:00,IMBALANCE,"[268, 306]"
2019-06-28 13:56:00,HOLDINGS_UPDATED,"{'CASH': 56373562, 'JPM': -477}"
2019-06-28 13:57:00,BID_DEPTH,"[(98892, 347)]"
2019-06-28 13:57:00,ASK_DEPTH,"[(99267, 255)]"
2019-06-28 13:57:00,IMBALANCE,"[347, 255]"
2019-06-28 13:57:00,HOLDINGS_UPDATED,"{'CASH': 55579426, 'JPM': -469}"
2019-06-28 13:57:00,HOLDINGS_UPDATED,"{'CASH': 55480159, 'JPM': -468}"
2019-06-28 13:58:00,BID_DEPTH,"[(98804, 594)]"
2019-06-28 13:58:00,ASK_DEPTH,"[(100541, 532)]"
2019-06-28 13:58:00,IMBALANCE,"[594, 532]"
2019-06-28 13:58:00,HOLDINGS_UPDATED,"{'CASH': 54575290, 'JPM': -459}"
2019-06-28 13:59:00,BID_DEPTH,"[(98190, 347)]"
2019-06-28 13:59:00,ASK_DEPTH,"[(101262, 192)]"
2019-06-28 13:59:00,IMBALANCE,"[347, 192]"
2019-06-28 13:59:00,HOLDINGS_UPDATED,"{'CASH': 53663932, 'JPM': -450}"
2019-06-28 14:00:00,BID_DEPTH,"[(97884, 224)]"
2019-06-28 14:00:00,ASK_DEPTH,"[(101262, 162)]"
2019-06-28 14:00:00,IMBALANCE,"[224, 162]"
2019-06-28 14:00:00,HOLDINGS_UPDATED,"{'CASH': 52752574, 'JPM': -441}"
2019-06-28 14:01:00,BID_DEPTH,"[(97886, 594)]"
2019-06-28 14:01:00,ASK_DEPTH,"[(101262, 532)]"
2019-06-28 14:01:00,IMBALANCE,"[594, 532]"
2019-06-28 14:01:00,HOLDINGS_UPDATED,"{'CASH': 51841216, 'JPM': -432}"
2019-06-28 14:02:00,BID_DEPTH,"[(97886, 268)]"
2019-06-28 14:02:00,ASK_DEPTH,"[(97913, 206)]"
2019-06-28 14:02:00,IMBALANCE,"[268, 206]"
2019-06-28 14:02:00,HOLDINGS_UPDATED,"{'CASH': 50959999, 'JPM': -423}"
2019-06-28 14:03:00,BID_DEPTH,"[(97913, 447)]"
2019-06-28 14:03:00,ASK_DEPTH,"[(97997, 285)]"
2019-06-28 14:03:00,IMBALANCE,"[447, 285]"
2019-06-28 14:03:00,HOLDINGS_UPDATED,"{'CASH': 50078026, 'JPM': -414}"
2019-06-28 14:04:00,BID_DEPTH,"[(97997, 368)]"
2019-06-28 14:04:00,ASK_DEPTH,"[(98314, 206)]"
2019-06-28 14:04:00,IMBALANCE,"[368, 206]"
2019-06-28 14:04:00,HOLDINGS_UPDATED,"{'CASH': 49193200, 'JPM': -405}"
2019-06-28 14:05:00,BID_DEPTH,"[(97997, 262)]"
2019-06-28 14:05:00,ASK_DEPTH,"[(98336, 224)]"
2019-06-28 14:05:00,IMBALANCE,"[262, 224]"
2019-06-28 14:05:00,HOLDINGS_UPDATED,"{'CASH': 50075173, 'JPM': -414}"
2019-06-28 14:06:00,BID_DEPTH,"[(97997, 107)]"
2019-06-28 14:06:00,ASK_DEPTH,"[(98446, 199)]"
2019-06-28 14:06:00,IMBALANCE,"[107, 199]"
2019-06-28 14:06:00,HOLDINGS_UPDATED,"{'CASH': 50859149, 'JPM': -422}"
2019-06-28 14:06:00,HOLDINGS_UPDATED,"{'CASH': 50957146, 'JPM': -423}"
2019-06-28 14:07:00,BID_DEPTH,"[(97997, 206)]"
2019-06-28 14:07:00,ASK_DEPTH,"[(98452, 268)]"
2019-06-28 14:07:00,IMBALANCE,"[206, 268]"
2019-06-28 14:07:00,HOLDINGS_UPDATED,"{'CASH': 51839119, 'JPM': -432}"
2019-06-28 14:08:00,BID_DEPTH,"[(97997, 206)]"
2019-06-28 14:08:00,ASK_DEPTH,"[(98452, 268)]"
2019-06-28 14:08:00,IMBALANCE,"[206, 268]"
2019-06-28 14:08:00,HOLDINGS_UPDATED,"{'CASH': 52721092, 'JPM': -441}"
2019-06-28 14:09:00,BID_DEPTH,"[(99232, 532)]"
2019-06-28 14:09:00,ASK_DEPTH,"[(99276, 594)]"
2019-06-28 14:09:00,IMBALANCE,"[532, 594]"
2019-06-28 14:09:00,HOLDINGS_UPDATED,"{'CASH': 53614180, 'JPM': -450}"
2019-06-28 14:10:00,BID_DEPTH,"[(98865, 186)]"
2019-06-28 14:10:00,ASK_DEPTH,"[(99381, 347)]"
2019-06-28 14:10:00,IMBALANCE,"[186, 347]"
2019-06-28 14:10:00,HOLDINGS_UPDATED,"{'CASH': 54503965, 'JPM': -459}"
2019-06-28 14:11:00,BID_DEPTH,"[(99451, 285)]"
2019-06-28 14:11:00,ASK_DEPTH,"[(99566, 347)]"
2019-06-28 14:11:00,IMBALANCE,"[285, 347]"
2019-06-28 14:11:00,HOLDINGS_UPDATED,"{'CASH': 55399024, 'JPM': -468}"
2019-06-28 14:12:00,BID_DEPTH,"[(99439, 137)]"
2019-06-28 14:12:00,ASK_DEPTH,"[(99451, 299)]"
2019-06-28 14:12:00,IMBALANCE,"[137, 299]"
2019-06-28 14:12:00,HOLDINGS_UPDATED,"{'CASH': 56293975, 'JPM': -477}"
2019-06-28 14:13:00,BID_DEPTH,"[(99439, 162)]"
2019-06-28 14:13:00,ASK_DEPTH,"[(99451, 224)]"
2019-06-28 14:13:00,IMBALANCE,"[162, 224]"
2019-06-28 14:13:00,HOLDINGS_UPDATED,"{'CASH': 57188926, 'JPM': -486}"
2019-06-28 14:14:00,BID_DEPTH,"[(98884, 206)]"
2019-06-28 14:14:00,ASK_DEPTH,"[(99451, 268)]"
2019-06-28 14:14:00,IMBALANCE,"[206, 268]"
2019-06-28 14:14:00,HOLDINGS_UPDATED,"{'CASH': 58078882, 'JPM': -495}"
2019-06-28 14:15:00,BID_DEPTH,"[(98818, 206)]"
2019-06-28 14:15:00,ASK_DEPTH,"[(98884, 268)]"
2019-06-28 14:15:00,IMBALANCE,"[206, 268]"
2019-06-28 14:15:00,HOLDINGS_UPDATED,"{'CASH': 58968244, 'JPM': -504}"
2019-06-28 14:16:00,BID_DEPTH,"[(98323, 532)]"
2019-06-28 14:16:00,ASK_DEPTH,"[(98818, 594)]"
2019-06-28 14:16:00,IMBALANCE,"[532, 594]"
2019-06-28 14:16:00,HOLDINGS_UPDATED,"{'CASH': 59853151, 'JPM': -513}"
2019-06-28 14:17:00,BID_DEPTH,"[(98493, 285)]"
2019-06-28 14:17:00,ASK_DEPTH,"[(98603, 347)]"
2019-06-28 14:17:00,IMBALANCE,"[285, 347]"
2019-06-28 14:17:00,HOLDINGS_UPDATED,"{'CASH': 60739588, 'JPM': -522}"
2019-06-28 14:18:00,BID_DEPTH,"[(98465, 206)]"
2019-06-28 14:18:00,ASK_DEPTH,"[(98603, 268)]"
2019-06-28 14:18:00,IMBALANCE,"[206, 268]"
2019-06-28 14:18:00,HOLDINGS_UPDATED,"{'CASH': 61625773, 'JPM': -531}"
2019-06-28 14:19:00,BID_DEPTH,"[(98323, 285)]"
2019-06-28 14:19:00,ASK_DEPTH,"[(98437, 347)]"
2019-06-28 14:19:00,IMBALANCE,"[285, 347]"
2019-06-28 14:19:00,HOLDINGS_UPDATED,"{'CASH': 62510680, 'JPM': -540}"
2019-06-28 14:20:00,BID_DEPTH,"[(98602, 285)]"
2019-06-28 14:20:00,ASK_DEPTH,"[(98603, 347)]"
2019-06-28 14:20:00,IMBALANCE,"[285, 347]"
2019-06-28 14:20:00,HOLDINGS_UPDATED,"{'CASH': 63398098, 'JPM': -549}"
2019-06-28 14:21:00,BID_DEPTH,"[(98323, 137)]"
2019-06-28 14:21:00,ASK_DEPTH,"[(98683, 199)]"
2019-06-28 14:21:00,IMBALANCE,"[137, 199]"
2019-06-28 14:21:00,HOLDINGS_UPDATED,"{'CASH': 64283005, 'JPM': -558}"
2019-06-28 14:22:00,BID_DEPTH,"[(98323, 532)]"
2019-06-28 14:22:00,ASK_DEPTH,"[(98665, 594)]"
2019-06-28 14:22:00,IMBALANCE,"[532, 594]"
2019-06-28 14:22:00,HOLDINGS_UPDATED,"{'CASH': 65167912, 'JPM': -567}"
2019-06-28 14:23:00,BID_DEPTH,"[(98310, 285)]"
2019-06-28 14:23:00,ASK_DEPTH,"[(98683, 347)]"
2019-06-28 14:23:00,IMBALANCE,"[285, 347]"
2019-06-28 14:23:00,HOLDINGS_UPDATED,"{'CASH': 66052702, 'JPM': -576}"
2019-06-28 14:24:00,BID_DEPTH,"[(97913, 532)]"
2019-06-28 14:24:00,ASK_DEPTH,"[(98695, 594)]"
2019-06-28 14:24:00,IMBALANCE,"[532, 594]"
2019-06-28 14:24:00,HOLDINGS_UPDATED,"{'CASH': 66933919, 'JPM': -585}"
2019-06-28 14:25:00,BID_DEPTH,"[(97913, 162)]"
2019-06-28 14:25:00,ASK_DEPTH,"[(98775, 224)]"
2019-06-28 14:25:00,IMBALANCE,"[162, 224]"
2019-06-28 14:25:00,HOLDINGS_UPDATED,"{'CASH': 67815136, 'JPM': -594}"
2019-06-28 14:26:00,BID_DEPTH,"[(97884, 162)]"
2019-06-28 14:26:00,ASK_DEPTH,"[(98763, 224)]"
2019-06-28 14:26:00,IMBALANCE,"[162, 224]"
2019-06-28 14:26:00,HOLDINGS_UPDATED,"{'CASH': 68696092, 'JPM': -603}"
2019-06-28 14:27:00,BID_DEPTH,"[(98648, 162)]"
2019-06-28 14:27:00,ASK_DEPTH,"[(98792, 224)]"
2019-06-28 14:27:00,IMBALANCE,"[162, 224]"
2019-06-28 14:27:00,HOLDINGS_UPDATED,"{'CASH': 69583924, 'JPM': -612}"
2019-06-28 14:28:00,BID_DEPTH,"[(97884, 262)]"
2019-06-28 14:28:00,ASK_DEPTH,"[(98876, 224)]"
2019-06-28 14:28:00,IMBALANCE,"[262, 224]"
2019-06-28 14:28:00,HOLDINGS_UPDATED,"{'CASH': 70464880, 'JPM': -621}"
2019-06-28 14:29:00,BID_DEPTH,"[(97884, 132)]"
2019-06-28 14:29:00,ASK_DEPTH,"[(98876, 224)]"
2019-06-28 14:29:00,IMBALANCE,"[132, 224]"
2019-06-28 14:29:00,HOLDINGS_UPDATED,"{'CASH': 71247952, 'JPM': -629}"
2019-06-28 14:29:00,HOLDINGS_UPDATED,"{'CASH': 71345836, 'JPM': -630}"
2019-06-28 14:30:00,BID_DEPTH,"[(98448, 285)]"
2019-06-28 14:30:00,ASK_DEPTH,"[(98953, 347)]"
2019-06-28 14:30:00,IMBALANCE,"[285, 347]"
2019-06-28 14:30:00,HOLDINGS_UPDATED,"{'CASH': 72231868, 'JPM': -639}"
2019-06-28 14:31:00,BID_DEPTH,"[(98448, 137)]"
2019-06-28 14:31:00,ASK_DEPTH,"[(98960, 199)]"
2019-06-28 14:31:00,IMBALANCE,"[137, 199]"
2019-06-28 14:31:00,HOLDINGS_UPDATED,"{'CASH': 73117900, 'JPM': -648}"
2019-06-28 14:32:00,BID_DEPTH,"[(98448, 732)]"
2019-06-28 14:32:00,ASK_DEPTH,"[(98960, 594)]"
2019-06-28 14:32:00,IMBALANCE,"[732, 594]"
2019-06-28 14:32:00,HOLDINGS_UPDATED,"{'CASH': 74003932, 'JPM': -657}"
2019-06-28 14:33:00,BID_DEPTH,"[(98448, 332)]"
2019-06-28 14:33:00,ASK_DEPTH,"[(98997, 224)]"
2019-06-28 14:33:00,IMBALANCE,"[332, 224]"
2019-06-28 14:33:00,HOLDINGS_UPDATED,"{'CASH': 74791516, 'JPM': -665}"
2019-06-28 14:33:00,HOLDINGS_UPDATED,"{'CASH': 74889964, 'JPM': -666}"
2019-06-28 14:34:00,BID_DEPTH,"[(98449, 306)]"
2019-06-28 14:34:00,ASK_DEPTH,"[(99022, 268)]"
2019-06-28 14:34:00,IMBALANCE,"[306, 268]"
2019-06-28 14:34:00,HOLDINGS_UPDATED,"{'CASH': 75776005, 'JPM': -675}"
2019-06-28 14:35:00,BID_DEPTH,"[(98450, 206)]"
2019-06-28 14:35:00,ASK_DEPTH,"[(98697, 268)]"
2019-06-28 14:35:00,IMBALANCE,"[206, 268]"
2019-06-28 14:35:00,HOLDINGS_UPDATED,"{'CASH': 76662055, 'JPM': -684}"
2019-06-28 14:36:00,BID_DEPTH,"[(98661, 532)]"
2019-06-28 14:36:00,ASK_DEPTH,"[(98717, 594)]"
2019-06-28 14:36:00,IMBALANCE,"[532, 594]"
2019-06-28 14:36:00,HOLDINGS_UPDATED,"{'CASH': 77550004, 'JPM': -693}"
2019-06-28 14:37:00,BID_DEPTH,"[(98465, 162)]"
2019-06-28 14:37:00,ASK_DEPTH,"[(98661, 424)]"
2019-06-28 14:37:00,IMBALANCE,"[162, 424]"
2019-06-28 14:37:00,HOLDINGS_UPDATED,"{'CASH': 78436189, 'JPM': -702}"
2019-06-28 14:38:00,BID_DEPTH,"[(98459, 137)]"
2019-06-28 14:38:00,ASK_DEPTH,"[(98661, 199)]"
2019-06-28 14:38:00,IMBALANCE,"[137, 199]"
2019-06-28 14:38:00,HOLDINGS_UPDATED,"{'CASH': 79322320, 'JPM': -711}"
2019-06-28 14:39:00,BID_DEPTH,"[(98449, 176)]"
2019-06-28 14:39:00,ASK_DEPTH,"[(98831, 268)]"
2019-06-28 14:39:00,IMBALANCE,"[176, 268]"
2019-06-28 14:39:00,HOLDINGS_UPDATED,"{'CASH': 80109912, 'JPM': -719}"
2019-06-28 14:39:00,HOLDINGS_UPDATED,"{'CASH': 80208361, 'JPM': -720}"
2019-06-28 14:40:00,BID_DEPTH,"[(98448, 572)]"
2019-06-28 14:40:00,ASK_DEPTH,"[(99002, 594)]"
2019-06-28 14:40:00,IMBALANCE,"[572, 594]"
2019-06-28 14:40:00,HOLDINGS_UPDATED,"{'CASH': 81094393, 'JPM': -729}"
2019-06-28 14:41:00,BID_DEPTH,"[(98448, 542)]"
2019-06-28 14:41:00,ASK_DEPTH,"[(99010, 594)]"
2019-06-28 14:41:00,IMBALANCE,"[542, 594]"
2019-06-28 14:41:00,HOLDINGS_UPDATED,"{'CASH': 81980425, 'JPM': -738}"
2019-06-28 14:42:00,BID_DEPTH,"[(98448, 306)]"
2019-06-28 14:42:00,ASK_DEPTH,"[(99010, 268)]"
2019-06-28 14:42:00,IMBALANCE,"[306, 268]"
2019-06-28 14:42:00,HOLDINGS_UPDATED,"{'CASH': 82866457, 'JPM': -747}"
2019-06-28 14:43:00,BID_DEPTH,"[(98448, 602)]"
2019-06-28 14:43:00,ASK_DEPTH,"[(99103, 594)]"
2019-06-28 14:43:00,IMBALANCE,"[602, 594]"
2019-06-28 14:43:00,HOLDINGS_UPDATED,"{'CASH': 83654041, 'JPM': -755}"
2019-06-28 14:43:00,HOLDINGS_UPDATED,"{'CASH': 83752489, 'JPM': -756}"
2019-06-28 14:44:00,BID_DEPTH,"[(99089, 137)]"
2019-06-28 14:44:00,ASK_DEPTH,"[(99269, 199)]"
2019-06-28 14:44:00,IMBALANCE,"[137, 199]"
2019-06-28 14:44:00,HOLDINGS_UPDATED,"{'CASH': 84644290, 'JPM': -765}"
2019-06-28 14:45:00,BID_DEPTH,"[(98944, 162)]"
2019-06-28 14:45:00,ASK_DEPTH,"[(99461, 224)]"
2019-06-28 14:45:00,IMBALANCE,"[162, 224]"
2019-06-28 14:45:00,HOLDINGS_UPDATED,"{'CASH': 85534786, 'JPM': -774}"
2019-06-28 14:46:00,BID_DEPTH,"[(98944, 285)]"
2019-06-28 14:46:00,ASK_DEPTH,"[(99461, 347)]"
2019-06-28 14:46:00,IMBALANCE,"[285, 347]"
2019-06-28 14:46:00,HOLDINGS_UPDATED,"{'CASH': 86425282, 'JPM': -783}"
2019-06-28 14:47:00,BID_DEPTH,"[(99560, 199)]"
2019-06-28 14:47:00,ASK_DEPTH,"[(99609, 137)]"
2019-06-28 14:47:00,IMBALANCE,"[199, 137]"
2019-06-28 14:47:00,HOLDINGS_UPDATED,"{'CASH': 85528801, 'JPM': -774}"
2019-06-28 14:48:00,BID_DEPTH,"[(99560, 347)]"
2019-06-28 14:48:00,ASK_DEPTH,"[(99778, 285)]"
2019-06-28 14:48:00,IMBALANCE,"[347, 285]"
2019-06-28 14:48:00,HOLDINGS_UPDATED,"{'CASH': 84630799, 'JPM': -765}"
2019-06-28 14:49:00,BID_DEPTH,"[(99560, 224)]"
2019-06-28 14:49:00,ASK_DEPTH,"[(99770, 162)]"
2019-06-28 14:49:00,IMBALANCE,"[224, 162]"
2019-06-28 14:49:00,HOLDINGS_UPDATED,"{'CASH': 83732869, 'JPM': -756}"
2019-06-28 14:50:00,BID_DEPTH,"[(99484, 347)]"
2019-06-28 14:50:00,ASK_DEPTH,"[(99669, 285)]"
2019-06-28 14:50:00,IMBALANCE,"[347, 285]"
2019-06-28 14:50:00,HOLDINGS_UPDATED,"{'CASH': 82835848, 'JPM': -747}"
2019-06-28 14:51:00,BID_DEPTH,"[(99498, 594)]"
2019-06-28 14:51:00,ASK_DEPTH,"[(99669, 439)]"
2019-06-28 14:51:00,IMBALANCE,"[594, 439]"
2019-06-28 14:51:00,HOLDINGS_UPDATED,"{'CASH': 81938827, 'JPM': -738}"
2019-06-28 14:52:00,BID_DEPTH,"[(99704, 224)]"
2019-06-28 14:52:00,ASK_DEPTH,"[(99770, 69)]"
2019-06-28 14:52:00,IMBALANCE,"[224, 69]"
2019-06-28 14:52:00,HOLDINGS_UPDATED,"{'CASH': 81040897, 'JPM': -729}"
2019-06-28 14:53:00,BID_DEPTH,"[(99484, 224)]"
2019-06-28 14:53:00,ASK_DEPTH,"[(99770, 369)]"
2019-06-28 14:53:00,IMBALANCE,"[224, 369]"
2019-06-28 14:53:00,HOLDINGS_UPDATED,"{'CASH': 80142967, 'JPM': -720}"
2019-06-28 14:54:00,BID_DEPTH,"[(99436, 347)]"
2019-06-28 14:54:00,ASK_DEPTH,"[(99770, 369)]"
2019-06-28 14:54:00,IMBALANCE,"[347, 369]"
2019-06-28 14:54:00,HOLDINGS_UPDATED,"{'CASH': 79245037, 'JPM': -711}"
2019-06-28 14:55:00,BID_DEPTH,"[(99283, 347)]"
2019-06-28 14:55:00,ASK_DEPTH,"[(99770, 246)]"
2019-06-28 14:55:00,IMBALANCE,"[347, 246]"
2019-06-28 14:55:00,HOLDINGS_UPDATED,"{'CASH': 78347107, 'JPM': -702}"
2019-06-28 14:56:00,BID_DEPTH,"[(99533, 268)]"
2019-06-28 14:56:00,ASK_DEPTH,"[(99699, 206)]"
2019-06-28 14:56:00,IMBALANCE,"[268, 206]"
2019-06-28 14:56:00,HOLDINGS_UPDATED,"{'CASH': 77449816, 'JPM': -693}"
2019-06-28 14:57:00,BID_DEPTH,"[(99533, 199)]"
2019-06-28 14:57:00,ASK_DEPTH,"[(99816, 137)]"
2019-06-28 14:57:00,IMBALANCE,"[199, 137]"
2019-06-28 14:57:00,HOLDINGS_UPDATED,"{'CASH': 76551472, 'JPM': -684}"
2019-06-28 14:58:00,BID_DEPTH,"[(99533, 199)]"
2019-06-28 14:58:00,ASK_DEPTH,"[(100039, 137)]"
2019-06-28 14:58:00,IMBALANCE,"[199, 137]"
2019-06-28 14:58:00,HOLDINGS_UPDATED,"{'CASH': 75651121, 'JPM': -675}"
2019-06-28 14:59:00,BID_DEPTH,"[(99533, 268)]"
2019-06-28 14:59:00,ASK_DEPTH,"[(100049, 206)]"
2019-06-28 14:59:00,IMBALANCE,"[268, 206]"
2019-06-28 14:59:00,HOLDINGS_UPDATED,"{'CASH': 74750680, 'JPM': -666}"
2019-06-28 15:00:00,BID_DEPTH,"[(99879, 224)]"
2019-06-28 15:00:00,ASK_DEPTH,"[(100135, 162)]"
2019-06-28 15:00:00,IMBALANCE,"[224, 162]"
2019-06-28 15:00:00,HOLDINGS_UPDATED,"{'CASH': 73849465, 'JPM': -657}"
2019-06-28 15:01:00,BID_DEPTH,"[(99879, 594)]"
2019-06-28 15:01:00,ASK_DEPTH,"[(100135, 539)]"
2019-06-28 15:01:00,IMBALANCE,"[594, 539]"
2019-06-28 15:01:00,HOLDINGS_UPDATED,"{'CASH': 72948250, 'JPM': -648}"
2019-06-28 15:02:00,BID_DEPTH,"[(100135, 694)]"
2019-06-28 15:02:00,ASK_DEPTH,"[(100143, 532)]"
2019-06-28 15:02:00,IMBALANCE,"[694, 532]"
2019-06-28 15:02:00,HOLDINGS_UPDATED,"{'CASH': 72046963, 'JPM': -639}"
2019-06-28 15:03:00,BID_DEPTH,"[(100143, 468)]"
2019-06-28 15:03:00,ASK_DEPTH,"[(100153, 206)]"
2019-06-28 15:03:00,IMBALANCE,"[468, 206]"
2019-06-28 15:03:00,HOLDINGS_UPDATED,"{'CASH': 71145586, 'JPM': -630}"
2019-06-28 15:04:00,BID_DEPTH,"[(100143, 794)]"
2019-06-28 15:04:00,ASK_DEPTH,"[(100174, 532)]"
2019-06-28 15:04:00,IMBALANCE,"[794, 532]"
2019-06-28 15:04:00,HOLDINGS_UPDATED,"{'CASH': 70244020, 'JPM': -621}"
2019-06-28 15:05:00,BID_DEPTH,"[(100143, 794)]"
2019-06-28 15:05:00,ASK_DEPTH,"[(100174, 439)]"
2019-06-28 15:05:00,IMBALANCE,"[794, 439]"
2019-06-28 15:05:00,HOLDINGS_UPDATED,"{'CASH': 69342454, 'JPM': -612}"
2019-06-28 15:06:00,BID_DEPTH,"[(100144, 224)]"
2019-06-28 15:06:00,ASK_DEPTH,"[(100148, 162)]"
2019-06-28 15:06:00,IMBALANCE,"[224, 162]"
2019-06-28 15:06:00,HOLDINGS_UPDATED,"{'CASH': 68441122, 'JPM': -603}"
2019-06-28 15:07:00,BID_DEPTH,"[(100144, 224)]"
2019-06-28 15:07:00,ASK_DEPTH,"[(100227, 162)]"
2019-06-28 15:07:00,IMBALANCE,"[224, 162]"
2019-06-28 15:07:00,HOLDINGS_UPDATED,"{'CASH': 67539079, 'JPM': -594}"
2019-06-28 15:08:00,BID_DEPTH,"[(100163, 199)]"
2019-06-28 15:08:00,ASK_DEPTH,"[(100254, 137)]"
2019-06-28 15:08:00,IMBALANCE,"[199, 137]"
2019-06-28 15:08:00,HOLDINGS_UPDATED,"{'CASH': 66636793, 'JPM': -585}"
2019-06-28 15:09:00,BID_DEPTH,"[(100163, 199)]"
2019-06-28 15:09:00,ASK_DEPTH,"[(100309, 137)]"
2019-06-28 15:09:00,IMBALANCE,"[199, 137]"
2019-06-28 15:09:00,HOLDINGS_UPDATED,"{'CASH': 65734012, 'JPM': -576}"
2019-06-28 15:10:00,BID_DEPTH,"[(100191, 594)]"
2019-06-28 15:10:00,ASK_DEPTH,"[(100357, 532)]"
2019-06-28 15:10:00,IMBALANCE,"[594, 532]"
2019-06-28 15:10:00,HOLDINGS_UPDATED,"{'CASH': 64830799, 'JPM': -567}"
2019-06-28 15:11:00,BID_DEPTH,"[(100165, 347)]"
2019-06-28 15:11:00,ASK_DEPTH,"[(100356, 285)]"
2019-06-28 15:11:00,IMBALANCE,"[347, 285]"
2019-06-28 15:11:00,HOLDINGS_UPDATED,"{'CASH': 63927595, 'JPM': -558}"
2019-06-28 15:12:00,BID_DEPTH,"[(100344, 224)]"
2019-06-28 15:12:00,ASK_DEPTH,"[(100405, 162)]"
2019-06-28 15:12:00,IMBALANCE,"[224, 162]"
2019-06-28 15:12:00,HOLDINGS_UPDATED,"{'CASH': 63023950, 'JPM': -549}"
2019-06-28 15:13:00,BID_DEPTH,"[(100344, 224)]"
2019-06-28 15:13:00,ASK_DEPTH,"[(100405, 69)]"
2019-06-28 15:13:00,IMBALANCE,"[224, 69]"
2019-06-28 15:13:00,HOLDINGS_UPDATED,"{'CASH': 62120305, 'JPM': -540}"
2019-06-28 15:14:00,BID_DEPTH,"[(100165, 594)]"
2019-06-28 15:14:00,ASK_DEPTH,"[(100475, 532)]"
2019-06-28 15:14:00,IMBALANCE,"[594, 532]"
2019-06-28 15:14:00,HOLDINGS_UPDATED,"{'CASH': 61216030, 'JPM': -531}"
2019-06-28 15:15:00,BID_DEPTH,"[(100143, 224)]"
2019-06-28 15:15:00,ASK_DEPTH,"[(100501, 162)]"
2019-06-28 15:15:00,IMBALANCE,"[224, 162]"
2019-06-28 15:15:00,HOLDINGS_UPDATED,"{'CASH': 60311521, 'JPM': -522}"
2019-06-28 15:16:00,BID_DEPTH,"[(100143, 594)]"
2019-06-28 15:16:00,ASK_DEPTH,"[(100501, 532)]"
2019-06-28 15:16:00,IMBALANCE,"[594, 532]"
2019-06-28 15:16:00,HOLDINGS_UPDATED,"{'CASH': 59407012, 'JPM': -513}"
2019-06-28 15:17:00,BID_DEPTH,"[(100086, 268)]"
2019-06-28 15:17:00,ASK_DEPTH,"[(100508, 206)]"
2019-06-28 15:17:00,IMBALANCE,"[268, 206]"
2019-06-28 15:17:00,HOLDINGS_UPDATED,"{'CASH': 58502440, 'JPM': -504}"
2019-06-28 15:18:00,BID_DEPTH,"[(99879, 224)]"
2019-06-28 15:18:00,ASK_DEPTH,"[(100583, 162)]"
2019-06-28 15:18:00,IMBALANCE,"[224, 162]"
2019-06-28 15:18:00,HOLDINGS_UPDATED,"{'CASH': 57597193, 'JPM': -495}"
2019-06-28 15:19:00,BID_DEPTH,"[(99792, 594)]"
2019-06-28 15:19:00,ASK_DEPTH,"[(100585, 532)]"
2019-06-28 15:19:00,IMBALANCE,"[594, 532]"
2019-06-28 15:19:00,HOLDINGS_UPDATED,"{'CASH': 56691928, 'JPM': -486}"
2019-06-28 15:20:00,BID_DEPTH,"[(99530, 268)]"
2019-06-28 15:20:00,ASK_DEPTH,"[(99604, 206)]"
2019-06-28 15:20:00,IMBALANCE,"[268, 206]"
2019-06-28 15:20:00,HOLDINGS_UPDATED,"{'CASH': 55795492, 'JPM': -477}"
2019-06-28 15:21:00,BID_DEPTH,"[(99530, 594)]"
2019-06-28 15:21:00,ASK_DEPTH,"[(99602, 532)]"
2019-06-28 15:21:00,IMBALANCE,"[594, 532]"
2019-06-28 15:21:00,HOLDINGS_UPDATED,"{'CASH': 54899074, 'JPM': -468}"
2019-06-28 15:22:00,BID_DEPTH,"[(99516, 594)]"
2019-06-28 15:22:00,ASK_DEPTH,"[(99602, 532)]"
2019-06-28 15:22:00,IMBALANCE,"[594, 532]"
2019-06-28 15:22:00,HOLDINGS_UPDATED,"{'CASH': 54002656, 'JPM': -459}"
2019-06-28 15:23:00,BID_DEPTH,"[(99512, 594)]"
2019-06-28 15:23:00,ASK_DEPTH,"[(99604, 532)]"
2019-06-28 15:23:00,IMBALANCE,"[594, 532]"
2019-06-28 15:23:00,HOLDINGS_UPDATED,"{'CASH': 53106220, 'JPM': -450}"
2019-06-28 15:24:00,BID_DEPTH,"[(99494, 100)]"
2019-06-28 15:24:00,ASK_DEPTH,[]
2019-06-28 15:24:00,IMBALANCE,"[100, 0]"
2019-06-28 15:25:00,BID_DEPTH,"[(99494, 199)]"
2019-06-28 15:25:00,ASK_DEPTH,"[(99766, 137)]"
2019-06-28 15:25:00,IMBALANCE,"[199, 137]"
2019-06-28 15:25:00,HOLDINGS_UPDATED,"{'CASH': 52208326, 'JPM': -441}"
2019-06-28 15:26:00,BID_DEPTH,"[(99766, 100)]"
2019-06-28 15:26:00,ASK_DEPTH,[]
2019-06-28 15:26:00,IMBALANCE,"[100, 0]"
2019-06-28 15:27:00,BID_DEPTH,"[(99766, 268)]"
2019-06-28 15:27:00,ASK_DEPTH,"[(99968, 206)]"
2019-06-28 15:27:00,IMBALANCE,"[268, 206]"
2019-06-28 15:27:00,HOLDINGS_UPDATED,"{'CASH': 51308614, 'JPM': -432}"
2019-06-28 15:28:00,BID_DEPTH,"[(99766, 100)]"
2019-06-28 15:28:00,ASK_DEPTH,[]
2019-06-28 15:28:00,IMBALANCE,"[100, 0]"
2019-06-28 15:29:00,BID_DEPTH,"[(99806, 594)]"
2019-06-28 15:29:00,ASK_DEPTH,"[(99968, 732)]"
2019-06-28 15:29:00,IMBALANCE,"[594, 732]"
2019-06-28 15:29:00,HOLDINGS_UPDATED,"{'CASH': 50408902, 'JPM': -423}"
2019-06-28 15:30:00,BID_DEPTH,"[(100951, 347)]"
2019-06-28 15:30:00,ASK_DEPTH,"[(101012, 285)]"
2019-06-28 15:30:00,IMBALANCE,"[347, 285]"
2019-06-28 15:30:00,HOLDINGS_UPDATED,"{'CASH': 49499794, 'JPM': -414}"
2019-06-28 15:31:00,BID_DEPTH,"[(100936, 199)]"
2019-06-28 15:31:00,ASK_DEPTH,"[(100988, 137)]"
2019-06-28 15:31:00,IMBALANCE,"[199, 137]"
2019-06-28 15:31:00,HOLDINGS_UPDATED,"{'CASH': 48590902, 'JPM': -405}"
2019-06-28 15:32:00,BID_DEPTH,"[(100656, 268)]"
2019-06-28 15:32:00,ASK_DEPTH,"[(100988, 113)]"
2019-06-28 15:32:00,IMBALANCE,"[268, 113]"
2019-06-28 15:32:00,HOLDINGS_UPDATED,"{'CASH': 47682010, 'JPM': -396}"
2019-06-28 15:33:00,BID_DEPTH,"[(100656, 268)]"
2019-06-28 15:33:00,ASK_DEPTH,"[(100988, 213)]"
2019-06-28 15:33:00,IMBALANCE,"[268, 213]"
2019-06-28 15:33:00,HOLDINGS_UPDATED,"{'CASH': 46773118, 'JPM': -387}"
2019-06-28 15:34:00,BID_DEPTH,"[(100656, 347)]"
2019-06-28 15:34:00,ASK_DEPTH,"[(100988, 292)]"
2019-06-28 15:34:00,IMBALANCE,"[347, 292]"
2019-06-28 15:34:00,HOLDINGS_UPDATED,"{'CASH': 45864226, 'JPM': -378}"
2019-06-28 15:35:00,BID_DEPTH,"[(100692, 347)]"
2019-06-28 15:35:00,ASK_DEPTH,"[(100777, 285)]"
2019-06-28 15:35:00,IMBALANCE,"[347, 285]"
2019-06-28 15:35:00,HOLDINGS_UPDATED,"{'CASH': 44957233, 'JPM': -369}"
2019-06-28 15:36:00,BID_DEPTH,"[(100692, 268)]"
2019-06-28 15:36:00,ASK_DEPTH,"[(100777, 113)]"
2019-06-28 15:36:00,IMBALANCE,"[268, 113]"
2019-06-28 15:36:00,HOLDINGS_UPDATED,"{'CASH': 44050240, 'JPM': -360}"
2019-06-28 15:37:00,BID_DEPTH,"[(100692, 199)]"
2019-06-28 15:37:00,ASK_DEPTH,"[(100847, 137)]"
2019-06-28 15:37:00,IMBALANCE,"[199, 137]"
2019-06-28 15:37:00,HOLDINGS_UPDATED,"{'CASH': 43142617, 'JPM': -351}"
2019-06-28 15:38:00,BID_DEPTH,"[(100692, 199)]"
2019-06-28 15:38:00,ASK_DEPTH,"[(100847, 244)]"
2019-06-28 15:38:00,IMBALANCE,"[199, 244]"
2019-06-28 15:38:00,HOLDINGS_UPDATED,"{'CASH': 42234994, 'JPM': -342}"
2019-06-28 15:39:00,BID_DEPTH,"[(100693, 347)]"
2019-06-28 15:39:00,ASK_DEPTH,"[(100847, 269)]"
2019-06-28 15:39:00,IMBALANCE,"[347, 269]"
2019-06-28 15:39:00,HOLDINGS_UPDATED,"{'CASH': 41327371, 'JPM': -333}"
2019-06-28 15:40:00,BID_DEPTH,"[(100847, 347)]"
2019-06-28 15:40:00,ASK_DEPTH,"[(100988, 192)]"
2019-06-28 15:40:00,IMBALANCE,"[347, 192]"
2019-06-28 15:40:00,HOLDINGS_UPDATED,"{'CASH': 40418479, 'JPM': -324}"
2019-06-28 15:41:00,BID_DEPTH,"[(100847, 347)]"
2019-06-28 15:41:00,ASK_DEPTH,"[(100988, 192)]"
2019-06-28 15:41:00,IMBALANCE,"[347, 192]"
2019-06-28 15:41:00,HOLDINGS_UPDATED,"{'CASH': 39509587, 'JPM': -315}"
2019-06-28 15:42:00,BID_DEPTH,"[(100693, 268)]"
2019-06-28 15:42:00,ASK_DEPTH,"[(100988, 113)]"
2019-06-28 15:42:00,IMBALANCE,"[268, 113]"
2019-06-28 15:42:00,HOLDINGS_UPDATED,"{'CASH': 38600695, 'JPM': -306}"
2019-06-28 15:43:00,BID_DEPTH,"[(100658, 347)]"
2019-06-28 15:43:00,ASK_DEPTH,"[(100693, 285)]"
2019-06-28 15:43:00,IMBALANCE,"[347, 285]"
2019-06-28 15:43:00,HOLDINGS_UPDATED,"{'CASH': 37694458, 'JPM': -297}"
2019-06-28 15:44:00,BID_DEPTH,"[(100577, 199)]"
2019-06-28 15:44:00,ASK_DEPTH,"[(100693, 237)]"
2019-06-28 15:44:00,IMBALANCE,"[199, 237]"
2019-06-28 15:44:00,HOLDINGS_UPDATED,"{'CASH': 36788221, 'JPM': -288}"
2019-06-28 15:45:00,BID_DEPTH,"[(99813, 347)]"
2019-06-28 15:45:00,ASK_DEPTH,"[(100693, 255)]"
2019-06-28 15:45:00,IMBALANCE,"[347, 255]"
2019-06-28 15:45:00,HOLDINGS_UPDATED,"{'CASH': 35982677, 'JPM': -280}"
2019-06-28 15:45:00,HOLDINGS_UPDATED,"{'CASH': 35881984, 'JPM': -279}"
2019-06-28 15:46:00,BID_DEPTH,"[(99622, 347)]"
2019-06-28 15:46:00,ASK_DEPTH,"[(101012, 192)]"
2019-06-28 15:46:00,IMBALANCE,"[347, 192]"
2019-06-28 15:46:00,HOLDINGS_UPDATED,"{'CASH': 34972876, 'JPM': -270}"
2019-06-28 15:47:00,BID_DEPTH,"[(99622, 100)]"
2019-06-28 15:47:00,ASK_DEPTH,[]
2019-06-28 15:47:00,IMBALANCE,"[100, 0]"
2019-06-28 15:48:00,BID_DEPTH,"[(99619, 268)]"
2019-06-28 15:48:00,ASK_DEPTH,"[(101012, 206)]"
2019-06-28 15:48:00,IMBALANCE,"[268, 206]"
2019-06-28 15:48:00,HOLDINGS_UPDATED,"{'CASH': 34063768, 'JPM': -261}"
2019-06-28 15:49:00,BID_DEPTH,"[(99576, 268)]"
2019-06-28 15:49:00,ASK_DEPTH,"[(101012, 206)]"
2019-06-28 15:49:00,IMBALANCE,"[268, 206]"
2019-06-28 15:49:00,HOLDINGS_UPDATED,"{'CASH': 33154660, 'JPM': -252}"
2019-06-28 15:50:00,BID_DEPTH,"[(99889, 224)]"
2019-06-28 15:50:00,ASK_DEPTH,"[(101011, 162)]"
2019-06-28 15:50:00,IMBALANCE,"[224, 162]"
2019-06-28 15:50:00,HOLDINGS_UPDATED,"{'CASH': 32245561, 'JPM': -243}"
2019-06-28 15:51:00,BID_DEPTH,"[(99990, 224)]"
2019-06-28 15:51:00,ASK_DEPTH,"[(100035, 162)]"
2019-06-28 15:51:00,IMBALANCE,"[224, 162]"
2019-06-28 15:51:00,HOLDINGS_UPDATED,"{'CASH': 31345246, 'JPM': -234}"
2019-06-28 15:52:00,BID_DEPTH,"[(99889, 100)]"
2019-06-28 15:52:00,ASK_DEPTH,[]
2019-06-28 15:52:00,IMBALANCE,"[100, 0]"
2019-06-28 15:53:00,BID_DEPTH,"[(99889, 100)]"
2019-06-28 15:53:00,ASK_DEPTH,[]
2019-06-28 15:53:00,IMBALANCE,"[100, 0]"
2019-06-28 15:54:00,BID_DEPTH,"[(99889, 594)]"
2019-06-28 15:54:00,ASK_DEPTH,"[(100035, 632)]"
2019-06-28 15:54:00,IMBALANCE,"[594, 632]"
2019-06-28 15:54:00,HOLDINGS_UPDATED,"{'CASH': 30444931, 'JPM': -225}"
2019-06-28 15:55:00,BID_DEPTH,"[(99788, 594)]"
2019-06-28 15:55:00,ASK_DEPTH,"[(100035, 502)]"
2019-06-28 15:55:00,IMBALANCE,"[594, 502]"
2019-06-28 15:55:00,HOLDINGS_UPDATED,"{'CASH': 29644651, 'JPM': -217}"
2019-06-28 15:55:00,HOLDINGS_UPDATED,"{'CASH': 29544616, 'JPM': -216}"
2019-06-28 15:56:00,BID_DEPTH,"[(99788, 100)]"
2019-06-28 15:56:00,ASK_DEPTH,[]
2019-06-28 15:56:00,IMBALANCE,"[100, 0]"
2019-06-28 15:57:00,BID_DEPTH,"[(99733, 199)]"
2019-06-28 15:57:00,ASK_DEPTH,"[(99908, 137)]"
2019-06-28 15:57:00,IMBALANCE,"[199, 137]"
2019-06-28 15:57:00,HOLDINGS_UPDATED,"{'CASH': 28645444, 'JPM': -207}"
2019-06-28 15:58:00,BID_DEPTH,"[(99658, 199)]"
2019-06-28 15:58:00,ASK_DEPTH,"[(100040, 137)]"
2019-06-28 15:58:00,IMBALANCE,"[199, 137]"
2019-06-28 15:58:00,HOLDINGS_UPDATED,"{'CASH': 27745084, 'JPM': -198}"
2019-06-28 15:59:00,BID_DEPTH,"[(99658, 268)]"
2019-06-28 15:59:00,ASK_DEPTH,"[(99969, 206)]"
2019-06-28 15:59:00,IMBALANCE,"[268, 206]"
2019-06-28 15:59:00,HOLDINGS_UPDATED,"{'CASH': 26845363, 'JPM': -189}"
2019-06-28 16:00:00,BID_DEPTH,"[(99658, 199)]"
2019-06-28 16:00:00,ASK_DEPTH,"[(100060, 137)]"
2019-06-28 16:00:00,IMBALANCE,"[199, 137]"
2019-06-28 16:00:00,HOLDINGS_UPDATED,"{'CASH': 25944823, 'JPM': -180}"
2019-06-28 16:01:00,BID_DEPTH,"[(99658, 199)]"
2019-06-28 16:01:00,ASK_DEPTH,"[(100060, 69)]"
2019-06-28 16:01:00,IMBALANCE,"[199, 69]"
2019-06-28 16:01:00,MKT_CLOSED,
2019-06-28 16:01:00,FINAL_HOLDINGS,"{ JPM: -180, CASH: 25944823 }"
2019-06-28 16:01:00,FINAL_CASH_POSITION,25944823
2019-06-28 16:01:00,MARK_TO_MARKET,-180 JPM @ 100060 == -18010800
2019-06-28 16:01:00,MARKED_TO_MARKET,7934023
2019-06-28 16:01:00,ENDING_CASH,7934023
