EventTime,EventType,Event
,AGENT_TYPE,MomentumAgent
,STARTING_CASH,10000000
2019-06-28 09:30:00,HOLDINGS_UPDATED,{'CASH': 10000000}
2019-06-28 09:31:00,BID_DEPTH,"[(99998, 234)]"
2019-06-28 09:31:00,ASK_DEPTH,"[(100022, 234)]"
2019-06-28 09:31:00,IMBALANCE,"[234, 234]"
2019-06-28 09:32:00,BID_DEPTH,"[(99978, 794)]"
2019-06-28 09:32:00,ASK_DEPTH,"[(100015, 494)]"
2019-06-28 09:32:00,IMBALANCE,"[794, 494]"
2019-06-28 09:33:00,BID_DEPTH,"[(99978, 497)]"
2019-06-28 09:33:00,ASK_DEPTH,"[(99998, 297)]"
2019-06-28 09:33:00,IMBALANCE,"[497, 297]"
2019-06-28 09:34:00,BID_DEPTH,"[(99970, 494)]"
2019-06-28 09:34:00,ASK_DEPTH,"[(100015, 494)]"
2019-06-28 09:34:00,IMBALANCE,"[494, 494]"
2019-06-28 09:35:00,BID_DEPTH,"[(99966, 234)]"
2019-06-28 09:35:00,ASK_DEPTH,"[(99978, 234)]"
2019-06-28 09:35:00,IMBALANCE,"[234, 234]"
2019-06-28 09:36:00,BID_DEPTH,"[(99918, 297)]"
2019-06-28 09:36:00,ASK_DEPTH,"[(99966, 297)]"
2019-06-28 09:36:00,IMBALANCE,"[297, 297]"
2019-06-28 09:37:00,BID_DEPTH,"[(99909, 494)]"
2019-06-28 09:37:00,ASK_DEPTH,"[(99966, 494)]"
2019-06-28 09:37:00,IMBALANCE,"[494, 494]"
2019-06-28 09:38:00,BID_DEPTH,"[(99909, 198)]"
2019-06-28 09:38:00,ASK_DEPTH,"[(99963, 198)]"
2019-06-28 09:38:00,IMBALANCE,"[198, 198]"
2019-06-28 09:39:00,BID_DEPTH,"[(99890, 179)]"
2019-06-28 09:39:00,ASK_DEPTH,"[(99909, 179)]"
2019-06-28 09:39:00,IMBALANCE,"[179, 179]"
2019-06-28 09:40:00,BID_DEPTH,"[(99890, 234)]"
2019-06-28 09:40:00,ASK_DEPTH,"[(99909, 234)]"
2019-06-28 09:40:00,IMBALANCE,"[234, 234]"
2019-06-28 09:41:00,BID_DEPTH,"[(99885, 334)]"
2019-06-28 09:41:00,ASK_DEPTH,"[(99909, 234)]"
2019-06-28 09:41:00,IMBALANCE,"[334, 234]"
2019-06-28 09:42:00,BID_DEPTH,"[(99865, 494)]"
2019-06-28 09:42:00,ASK_DEPTH,"[(99885, 494)]"
2019-06-28 09:42:00,IMBALANCE,"[494, 494]"
2019-06-28 09:43:00,BID_DEPTH,"[(99865, 234)]"
2019-06-28 09:43:00,ASK_DEPTH,"[(99884, 334)]"
2019-06-28 09:43:00,IMBALANCE,"[234, 334]"
2019-06-28 09:44:00,BID_DEPTH,"[(99814, 297)]"
2019-06-28 09:44:00,ASK_DEPTH,"[(99884, 497)]"
2019-06-28 09:44:00,IMBALANCE,"[297, 497]"
2019-06-28 09:45:00,BID_DEPTH,"[(99814, 297)]"
2019-06-28 09:45:00,ASK_DEPTH,"[(99876, 297)]"
2019-06-28 09:45:00,IMBALANCE,"[297, 297]"
2019-06-28 09:46:00,BID_DEPTH,"[(99810, 198)]"
2019-06-28 09:46:00,ASK_DEPTH,"[(99876, 198)]"
2019-06-28 09:46:00,IMBALANCE,"[198, 198]"
2019-06-28 09:47:00,BID_DEPTH,"[(99810, 198)]"
2019-06-28 09:47:00,ASK_DEPTH,"[(99876, 198)]"
2019-06-28 09:47:00,IMBALANCE,"[198, 198]"
2019-06-28 09:48:00,BID_DEPTH,"[(99810, 494)]"
2019-06-28 09:48:00,ASK_DEPTH,"[(99876, 494)]"
2019-06-28 09:48:00,IMBALANCE,"[494, 494]"
2019-06-28 09:49:00,BID_DEPTH,"[(99718, 234)]"
2019-06-28 09:49:00,ASK_DEPTH,"[(99752, 234)]"
2019-06-28 09:49:00,IMBALANCE,"[234, 234]"
2019-06-28 09:50:00,BID_DEPTH,"[(99718, 179)]"
2019-06-28 09:50:00,ASK_DEPTH,"[(99752, 279)]"
2019-06-28 09:50:00,IMBALANCE,"[179, 279]"
2019-06-28 09:51:00,BID_DEPTH,"[(99612, 198)]"
2019-06-28 09:51:00,ASK_DEPTH,"[(99718, 198)]"
2019-06-28 09:51:00,IMBALANCE,"[198, 198]"
2019-06-28 09:52:00,BID_DEPTH,"[(99610, 494)]"
2019-06-28 09:52:00,ASK_DEPTH,"[(99708, 494)]"
2019-06-28 09:52:00,IMBALANCE,"[494, 494]"
2019-06-28 09:53:00,BID_DEPTH,"[(99446, 179)]"
2019-06-28 09:53:00,ASK_DEPTH,"[(99708, 179)]"
2019-06-28 09:53:00,IMBALANCE,"[179, 179]"
2019-06-28 09:54:00,BID_DEPTH,"[(99275, 234)]"
2019-06-28 09:54:00,ASK_DEPTH,"[(99600, 234)]"
2019-06-28 09:54:00,IMBALANCE,"[234, 234]"
2019-06-28 09:55:00,BID_DEPTH,"[(99275, 494)]"
2019-06-28 09:55:00,ASK_DEPTH,"[(99600, 494)]"
2019-06-28 09:55:00,IMBALANCE,"[494, 494]"
2019-06-28 09:56:00,BID_DEPTH,"[(99584, 494)]"
2019-06-28 09:56:00,ASK_DEPTH,"[(99600, 494)]"
2019-06-28 09:56:00,IMBALANCE,"[494, 494]"
2019-06-28 09:57:00,BID_DEPTH,"[(99275, 494)]"
2019-06-28 09:57:00,ASK_DEPTH,"[(99708, 494)]"
2019-06-28 09:57:00,IMBALANCE,"[494, 494]"
2019-06-28 09:58:00,BID_DEPTH,"[(99481, 179)]"
2019-06-28 09:58:00,ASK_DEPTH,"[(99708, 179)]"
2019-06-28 09:58:00,IMBALANCE,"[179, 179]"
2019-06-28 09:59:00,BID_DEPTH,"[(99600, 198)]"
2019-06-28 09:59:00,ASK_DEPTH,"[(99708, 198)]"
2019-06-28 09:59:00,IMBALANCE,"[198, 198]"
2019-06-28 10:00:00,BID_DEPTH,"[(99600, 234)]"
2019-06-28 10:00:00,ASK_DEPTH,"[(99634, 234)]"
2019-06-28 10:00:00,IMBALANCE,"[234, 234]"
2019-06-28 10:01:00,BID_DEPTH,"[(99481, 297)]"
2019-06-28 10:01:00,ASK_DEPTH,"[(99501, 297)]"
2019-06-28 10:01:00,IMBALANCE,"[297, 297]"
2019-06-28 10:02:00,BID_DEPTH,"[(99481, 494)]"
2019-06-28 10:02:00,ASK_DEPTH,"[(99633, 494)]"
2019-06-28 10:02:00,IMBALANCE,"[494, 494]"
2019-06-28 10:03:00,BID_DEPTH,"[(99481, 494)]"
2019-06-28 10:03:00,ASK_DEPTH,"[(99633, 494)]"
2019-06-28 10:03:00,IMBALANCE,"[494, 494]"
2019-06-28 10:04:00,BID_DEPTH,"[(99616, 198)]"
2019-06-28 10:04:00,ASK_DEPTH,"[(99634, 198)]"
2019-06-28 10:04:00,IMBALANCE,"[198, 198]"
2019-06-28 10:05:00,BID_DEPTH,"[(99634, 234)]"
2019-06-28 10:05:00,ASK_DEPTH,"[(99718, 234)]"
2019-06-28 10:05:00,IMBALANCE,"[234, 234]"
2019-06-28 10:06:00,BID_DEPTH,"[(99663, 397)]"
2019-06-28 10:06:00,ASK_DEPTH,"[(99748, 297)]"
2019-06-28 10:06:00,IMBALANCE,"[397, 297]"
2019-06-28 10:07:00,BID_DEPTH,"[(99718, 179)]"
2019-06-28 10:07:00,ASK_DEPTH,"[(99863, 179)]"
2019-06-28 10:07:00,IMBALANCE,"[179, 179]"
2019-06-28 10:08:00,BID_DEPTH,"[(99718, 297)]"
2019-06-28 10:08:00,ASK_DEPTH,"[(99863, 297)]"
2019-06-28 10:08:00,IMBALANCE,"[297, 297]"
2019-06-28 10:09:00,BID_DEPTH,"[(99718, 494)]"
2019-06-28 10:09:00,ASK_DEPTH,"[(99884, 494)]"
2019-06-28 10:09:00,IMBALANCE,"[494, 494]"
2019-06-28 10:10:00,BID_DEPTH,"[(99876, 697)]"
2019-06-28 10:10:00,ASK_DEPTH,"[(100019, 297)]"
2019-06-28 10:10:00,IMBALANCE,"[697, 297]"
2019-06-28 10:11:00,BID_DEPTH,"[(99876, 579)]"
2019-06-28 10:11:00,ASK_DEPTH,"[(100057, 179)]"
2019-06-28 10:11:00,IMBALANCE,"[579, 179]"
2019-06-28 10:12:00,BID_DEPTH,"[(100019, 179)]"
2019-06-28 10:12:00,ASK_DEPTH,"[(100180, 179)]"
2019-06-28 10:12:00,IMBALANCE,"[179, 179]"
2019-06-28 10:13:00,BID_DEPTH,"[(100153, 297)]"
2019-06-28 10:13:00,ASK_DEPTH,"[(100375, 297)]"
2019-06-28 10:13:00,IMBALANCE,"[297, 297]"
2019-06-28 10:14:00,BID_DEPTH,"[(100375, 234)]"
2019-06-28 10:14:00,ASK_DEPTH,"[(100432, 234)]"
2019-06-28 10:14:00,IMBALANCE,"[234, 234]"
2019-06-28 10:15:00,BID_DEPTH,"[(100375, 234)]"
2019-06-28 10:15:00,ASK_DEPTH,"[(100449, 234)]"
2019-06-28 10:15:00,IMBALANCE,"[234, 234]"
2019-06-28 10:16:00,BID_DEPTH,"[(100019, 494)]"
2019-06-28 10:16:00,ASK_DEPTH,"[(100449, 494)]"
2019-06-28 10:16:00,IMBALANCE,"[494, 494]"
2019-06-28 10:17:00,BID_DEPTH,"[(99942, 494)]"
2019-06-28 10:17:00,ASK_DEPTH,"[(100087, 494)]"
2019-06-28 10:17:00,IMBALANCE,"[494, 494]"
2019-06-28 10:18:00,BID_DEPTH,"[(99876, 497)]"
2019-06-28 10:18:00,ASK_DEPTH,"[(100087, 297)]"
2019-06-28 10:18:00,IMBALANCE,"[497, 297]"
2019-06-28 10:19:00,BID_DEPTH,"[(99876, 594)]"
2019-06-28 10:19:00,ASK_DEPTH,"[(100087, 494)]"
2019-06-28 10:19:00,IMBALANCE,"[594, 494]"
2019-06-28 10:20:00,BID_DEPTH,"[(99876, 494)]"
2019-06-28 10:20:00,ASK_DEPTH,"[(99942, 494)]"
2019-06-28 10:20:00,IMBALANCE,"[494, 494]"
2019-06-28 10:21:00,BID_DEPTH,"[(99475, 297)]"
2019-06-28 10:21:00,ASK_DEPTH,"[(99536, 267)]"
2019-06-28 10:21:00,IMBALANCE,"[297, 267]"
2019-06-28 10:21:00,HOLDINGS_UPDATED,"{'CASH': 9203712, 'JPM': 8}"
2019-06-28 10:22:00,BID_DEPTH,"[(99475, 179)]"
2019-06-28 10:22:00,ASK_DEPTH,"[(99867, 149)]"
2019-06-28 10:22:00,IMBALANCE,"[179, 149]"
2019-06-28 10:22:00,HOLDINGS_UPDATED,"{'CASH': 8404776, 'JPM': 16}"
2019-06-28 10:23:00,BID_DEPTH,"[(99867, 279)]"
2019-06-28 10:23:00,ASK_DEPTH,"[(99876, 149)]"
2019-06-28 10:23:00,IMBALANCE,"[279, 149]"
2019-06-28 10:23:00,HOLDINGS_UPDATED,"{'CASH': 7605768, 'JPM': 24}"
2019-06-28 10:24:00,BID_DEPTH,"[(99867, 279)]"
2019-06-28 10:24:00,ASK_DEPTH,"[(99942, 149)]"
2019-06-28 10:24:00,IMBALANCE,"[279, 149]"
2019-06-28 10:24:00,HOLDINGS_UPDATED,"{'CASH': 6806232, 'JPM': 32}"
2019-06-28 10:25:00,BID_DEPTH,"[(99867, 594)]"
2019-06-28 10:25:00,ASK_DEPTH,"[(100019, 464)]"
2019-06-28 10:25:00,IMBALANCE,"[594, 464]"
2019-06-28 10:25:00,HOLDINGS_UPDATED,"{'CASH': 6006080, 'JPM': 40}"
2019-06-28 10:26:00,BID_DEPTH,"[(99867, 179)]"
2019-06-28 10:26:00,ASK_DEPTH,"[(100019, 149)]"
2019-06-28 10:26:00,IMBALANCE,"[179, 149]"
2019-06-28 10:26:00,HOLDINGS_UPDATED,"{'CASH': 5205928, 'JPM': 48}"
2019-06-28 10:27:00,BID_DEPTH,"[(99867, 297)]"
2019-06-28 10:27:00,ASK_DEPTH,"[(100231, 267)]"
2019-06-28 10:27:00,IMBALANCE,"[297, 267]"
2019-06-28 10:27:00,HOLDINGS_UPDATED,"{'CASH': 4404080, 'JPM': 56}"
2019-06-28 10:28:00,BID_DEPTH,"[(100135, 494)]"
2019-06-28 10:28:00,ASK_DEPTH,"[(100241, 464)]"
2019-06-28 10:28:00,IMBALANCE,"[494, 464]"
2019-06-28 10:28:00,HOLDINGS_UPDATED,"{'CASH': 3602152, 'JPM': 64}"
2019-06-28 10:29:00,BID_DEPTH,"[(100320, 179)]"
2019-06-28 10:29:00,ASK_DEPTH,"[(100449, 149)]"
2019-06-28 10:29:00,IMBALANCE,"[179, 149]"
2019-06-28 10:29:00,HOLDINGS_UPDATED,"{'CASH': 2798560, 'JPM': 72}"
2019-06-28 10:30:00,BID_DEPTH,"[(100505, 198)]"
2019-06-28 10:30:00,ASK_DEPTH,"[(100670, 168)]"
2019-06-28 10:30:00,IMBALANCE,"[198, 168]"
2019-06-28 10:30:00,HOLDINGS_UPDATED,"{'CASH': 1993200, 'JPM': 80}"
2019-06-28 10:31:00,BID_DEPTH,"[(100505, 234)]"
2019-06-28 10:31:00,ASK_DEPTH,"[(100786, 204)]"
2019-06-28 10:31:00,IMBALANCE,"[234, 204]"
2019-06-28 10:31:00,HOLDINGS_UPDATED,"{'CASH': 1186912, 'JPM': 88}"
2019-06-28 10:32:00,BID_DEPTH,"[(100547, 297)]"
2019-06-28 10:32:00,ASK_DEPTH,"[(100890, 267)]"
2019-06-28 10:32:00,IMBALANCE,"[297, 267]"
2019-06-28 10:32:00,HOLDINGS_UPDATED,"{'CASH': 379792, 'JPM': 96}"
2019-06-28 10:33:00,BID_DEPTH,"[(100563, 198)]"
2019-06-28 10:33:00,ASK_DEPTH,"[(100736, 168)]"
2019-06-28 10:33:00,IMBALANCE,"[198, 168]"
2019-06-28 10:33:00,HOLDINGS_UPDATED,"{'CASH': -426096, 'JPM': 104}"
2019-06-28 10:34:00,BID_DEPTH,"[(100563, 234)]"
2019-06-28 10:34:00,ASK_DEPTH,"[(100890, 304)]"
2019-06-28 10:34:00,IMBALANCE,"[234, 304]"
2019-06-28 10:34:00,HOLDINGS_UPDATED,"{'CASH': -1233216, 'JPM': 112}"
2019-06-28 10:35:00,BID_DEPTH,"[(100890, 494)]"
2019-06-28 10:35:00,ASK_DEPTH,"[(101139, 464)]"
2019-06-28 10:35:00,IMBALANCE,"[494, 464]"
2019-06-28 10:35:00,HOLDINGS_UPDATED,"{'CASH': -2042328, 'JPM': 120}"
2019-06-28 10:36:00,BID_DEPTH,"[(100890, 179)]"
2019-06-28 10:36:00,ASK_DEPTH,"[(101289, 149)]"
2019-06-28 10:36:00,IMBALANCE,"[179, 149]"
2019-06-28 10:36:00,HOLDINGS_UPDATED,"{'CASH': -2852640, 'JPM': 128}"
2019-06-28 10:37:00,BID_DEPTH,"[(101289, 270)]"
2019-06-28 10:37:00,ASK_DEPTH,[]
2019-06-28 10:37:00,IMBALANCE,"[270, 0]"
2019-06-28 10:38:00,BID_DEPTH,"[(101689, 234)]"
2019-06-28 10:38:00,ASK_DEPTH,"[(101692, 204)]"
2019-06-28 10:38:00,IMBALANCE,"[234, 204]"
2019-06-28 10:38:00,HOLDINGS_UPDATED,"{'CASH': -3666176, 'JPM': 136}"
2019-06-28 10:39:00,BID_DEPTH,"[(101689, 198)]"
2019-06-28 10:39:00,ASK_DEPTH,"[(101692, 268)]"
2019-06-28 10:39:00,IMBALANCE,"[198, 268]"
2019-06-28 10:39:00,HOLDINGS_UPDATED,"{'CASH': -4479712, 'JPM': 144}"
2019-06-28 10:40:00,BID_DEPTH,"[(101689, 179)]"
2019-06-28 10:40:00,ASK_DEPTH,"[(101692, 100)]"
2019-06-28 10:40:00,IMBALANCE,"[179, 100]"
2019-06-28 10:40:00,HOLDINGS_UPDATED,"{'CASH': -5293248, 'JPM': 152}"
2019-06-28 10:41:00,BID_DEPTH,"[(101689, 297)]"
2019-06-28 10:41:00,ASK_DEPTH,"[(101705, 250)]"
2019-06-28 10:41:00,IMBALANCE,"[297, 250]"
2019-06-28 10:41:00,HOLDINGS_UPDATED,"{'CASH': -6106888, 'JPM': 160}"
2019-06-28 10:42:00,BID_DEPTH,"[(101689, 494)]"
2019-06-28 10:42:00,ASK_DEPTH,"[(101715, 464)]"
2019-06-28 10:42:00,IMBALANCE,"[494, 464]"
2019-06-28 10:42:00,HOLDINGS_UPDATED,"{'CASH': -6920608, 'JPM': 168}"
2019-06-28 10:43:00,BID_DEPTH,"[(101340, 494)]"
2019-06-28 10:43:00,ASK_DEPTH,"[(101799, 464)]"
2019-06-28 10:43:00,IMBALANCE,"[494, 464]"
2019-06-28 10:43:00,HOLDINGS_UPDATED,"{'CASH': -7735000, 'JPM': 176}"
2019-06-28 10:44:00,BID_DEPTH,"[(101340, 179)]"
2019-06-28 10:44:00,ASK_DEPTH,"[(101799, 149)]"
2019-06-28 10:44:00,IMBALANCE,"[179, 149]"
2019-06-28 10:44:00,HOLDINGS_UPDATED,"{'CASH': -8549392, 'JPM': 184}"
2019-06-28 10:45:00,BID_DEPTH,"[(101340, 179)]"
2019-06-28 10:45:00,ASK_DEPTH,"[(101799, 249)]"
2019-06-28 10:45:00,IMBALANCE,"[179, 249]"
2019-06-28 10:45:00,HOLDINGS_UPDATED,"{'CASH': -9363784, 'JPM': 192}"
2019-06-28 10:46:00,BID_DEPTH,"[(101289, 564)]"
2019-06-28 10:46:00,ASK_DEPTH,"[(101799, 415)]"
2019-06-28 10:46:00,IMBALANCE,"[564, 415]"
2019-06-28 10:46:00,HOLDINGS_UPDATED,"{'CASH': -10178176, 'JPM': 200}"
2019-06-28 10:47:00,BID_DEPTH,"[(100968, 198)]"
2019-06-28 10:47:00,ASK_DEPTH,"[(102035, 168)]"
2019-06-28 10:47:00,IMBALANCE,"[198, 168]"
2019-06-28 10:47:00,HOLDINGS_UPDATED,"{'CASH': -10994456, 'JPM': 208}"
2019-06-28 10:48:00,BID_DEPTH,"[(100890, 198)]"
2019-06-28 10:48:00,ASK_DEPTH,"[(102035, 168)]"
2019-06-28 10:48:00,IMBALANCE,"[198, 168]"
2019-06-28 10:48:00,HOLDINGS_UPDATED,"{'CASH': -11810736, 'JPM': 216}"
2019-06-28 10:49:00,BID_DEPTH,"[(100890, 100)]"
2019-06-28 10:49:00,ASK_DEPTH,[]
2019-06-28 10:49:00,IMBALANCE,"[100, 0]"
2019-06-28 10:50:00,BID_DEPTH,"[(100486, 179)]"
2019-06-28 10:50:00,ASK_DEPTH,"[(102035, 149)]"
2019-06-28 10:50:00,IMBALANCE,"[179, 149]"
2019-06-28 10:50:00,HOLDINGS_UPDATED,"{'CASH': -12627016, 'JPM': 224}"
2019-06-28 10:51:00,BID_DEPTH,"[(100696, 179)]"
2019-06-28 10:51:00,ASK_DEPTH,"[(100746, 149)]"
2019-06-28 10:51:00,IMBALANCE,"[179, 149]"
2019-06-28 10:51:00,HOLDINGS_UPDATED,"{'CASH': -13432984, 'JPM': 232}"
2019-06-28 10:52:00,BID_DEPTH,"[(100696, 297)]"
2019-06-28 10:52:00,ASK_DEPTH,"[(100849, 267)]"
2019-06-28 10:52:00,IMBALANCE,"[297, 267]"
2019-06-28 10:52:00,HOLDINGS_UPDATED,"{'CASH': -14239776, 'JPM': 240}"
2019-06-28 10:53:00,BID_DEPTH,"[(100849, 494)]"
2019-06-28 10:53:00,ASK_DEPTH,"[(101222, 464)]"
2019-06-28 10:53:00,IMBALANCE,"[494, 464]"
2019-06-28 10:53:00,HOLDINGS_UPDATED,"{'CASH': -15049552, 'JPM': 248}"
2019-06-28 10:54:00,BID_DEPTH,"[(101176, 297)]"
2019-06-28 10:54:00,ASK_DEPTH,"[(101332, 267)]"
2019-06-28 10:54:00,IMBALANCE,"[297, 267]"
2019-06-28 10:54:00,HOLDINGS_UPDATED,"{'CASH': -15860208, 'JPM': 256}"
2019-06-28 10:55:00,BID_DEPTH,"[(100849, 234)]"
2019-06-28 10:55:00,ASK_DEPTH,"[(101332, 204)]"
2019-06-28 10:55:00,IMBALANCE,"[234, 204]"
2019-06-28 10:55:00,HOLDINGS_UPDATED,"{'CASH': -16670864, 'JPM': 264}"
2019-06-28 10:56:00,BID_DEPTH,"[(101321, 234)]"
2019-06-28 10:56:00,ASK_DEPTH,"[(101645, 204)]"
2019-06-28 10:56:00,IMBALANCE,"[234, 204]"
2019-06-28 10:56:00,HOLDINGS_UPDATED,"{'CASH': -17484024, 'JPM': 272}"
2019-06-28 10:57:00,BID_DEPTH,"[(100969, 234)]"
2019-06-28 10:57:00,ASK_DEPTH,"[(101033, 204)]"
2019-06-28 10:57:00,IMBALANCE,"[234, 204]"
2019-06-28 10:57:00,HOLDINGS_UPDATED,"{'CASH': -18292288, 'JPM': 280}"
2019-06-28 10:58:00,BID_DEPTH,"[(101033, 94)]"
2019-06-28 10:58:00,ASK_DEPTH,"[(101431, 149)]"
2019-06-28 10:58:00,IMBALANCE,"[94, 149]"
2019-06-28 10:58:00,HOLDINGS_UPDATED,"{'CASH': -19103736, 'JPM': 288}"
2019-06-28 10:59:00,BID_DEPTH,"[(101058, 179)]"
2019-06-28 10:59:00,ASK_DEPTH,"[(101068, 149)]"
2019-06-28 10:59:00,IMBALANCE,"[179, 149]"
2019-06-28 10:59:00,HOLDINGS_UPDATED,"{'CASH': -19912280, 'JPM': 296}"
2019-06-28 11:00:00,BID_DEPTH,"[(101068, 367)]"
2019-06-28 11:00:00,ASK_DEPTH,"[(101080, 267)]"
2019-06-28 11:00:00,IMBALANCE,"[367, 267]"
2019-06-28 11:00:00,HOLDINGS_UPDATED,"{'CASH': -20720920, 'JPM': 304}"
2019-06-28 11:01:00,BID_DEPTH,"[(101068, 304)]"
2019-06-28 11:01:00,ASK_DEPTH,"[(101250, 204)]"
2019-06-28 11:01:00,IMBALANCE,"[304, 204]"
2019-06-28 11:01:00,HOLDINGS_UPDATED,"{'CASH': -21530920, 'JPM': 312}"
2019-06-28 11:02:00,BID_DEPTH,"[(101068, 249)]"
2019-06-28 11:02:00,ASK_DEPTH,"[(101250, 149)]"
2019-06-28 11:02:00,IMBALANCE,"[249, 149]"
2019-06-28 11:02:00,HOLDINGS_UPDATED,"{'CASH': -22340920, 'JPM': 320}"
2019-06-28 11:03:00,BID_DEPTH,"[(101049, 179)]"
2019-06-28 11:03:00,ASK_DEPTH,"[(101068, 149)]"
2019-06-28 11:03:00,IMBALANCE,"[179, 149]"
2019-06-28 11:03:00,HOLDINGS_UPDATED,"{'CASH': -23149464, 'JPM': 328}"
2019-06-28 11:04:00,BID_DEPTH,"[(101049, 234)]"
2019-06-28 11:04:00,ASK_DEPTH,"[(101110, 204)]"
2019-06-28 11:04:00,IMBALANCE,"[234, 204]"
2019-06-28 11:04:00,HOLDINGS_UPDATED,"{'CASH': -23958344, 'JPM': 336}"
2019-06-28 11:05:00,BID_DEPTH,"[(100849, 198)]"
2019-06-28 11:05:00,ASK_DEPTH,"[(101250, 168)]"
2019-06-28 11:05:00,IMBALANCE,"[198, 168]"
2019-06-28 11:05:00,HOLDINGS_UPDATED,"{'CASH': -24768344, 'JPM': 344}"
2019-06-28 11:06:00,BID_DEPTH,"[(100849, 100)]"
2019-06-28 11:06:00,ASK_DEPTH,[]
2019-06-28 11:06:00,IMBALANCE,"[100, 0]"
2019-06-28 11:07:00,BID_DEPTH,"[(100408, 100)]"
2019-06-28 11:07:00,ASK_DEPTH,[]
2019-06-28 11:07:00,IMBALANCE,"[100, 0]"
2019-06-28 11:08:00,BID_DEPTH,"[(100408, 179)]"
2019-06-28 11:08:00,ASK_DEPTH,"[(100496, 149)]"
2019-06-28 11:08:00,IMBALANCE,"[179, 149]"
2019-06-28 11:08:00,HOLDINGS_UPDATED,"{'CASH': -25572312, 'JPM': 352}"
2019-06-28 11:09:00,BID_DEPTH,"[(100496, 494)]"
2019-06-28 11:09:00,ASK_DEPTH,"[(100666, 464)]"
2019-06-28 11:09:00,IMBALANCE,"[494, 464]"
2019-06-28 11:09:00,HOLDINGS_UPDATED,"{'CASH': -26377640, 'JPM': 360}"
2019-06-28 11:10:00,BID_DEPTH,"[(100496, 297)]"
2019-06-28 11:10:00,ASK_DEPTH,"[(100678, 267)]"
2019-06-28 11:10:00,IMBALANCE,"[297, 267]"
2019-06-28 11:10:00,HOLDINGS_UPDATED,"{'CASH': -27183064, 'JPM': 368}"
2019-06-28 11:11:00,BID_DEPTH,"[(100511, 179)]"
2019-06-28 11:11:00,ASK_DEPTH,"[(100735, 149)]"
2019-06-28 11:11:00,IMBALANCE,"[179, 149]"
2019-06-28 11:11:00,HOLDINGS_UPDATED,"{'CASH': -27988944, 'JPM': 376}"
2019-06-28 11:12:00,BID_DEPTH,"[(100511, 297)]"
2019-06-28 11:12:00,ASK_DEPTH,"[(100735, 267)]"
2019-06-28 11:12:00,IMBALANCE,"[297, 267]"
2019-06-28 11:12:00,HOLDINGS_UPDATED,"{'CASH': -28794824, 'JPM': 384}"
2019-06-28 11:13:00,BID_DEPTH,"[(100397, 234)]"
2019-06-28 11:13:00,ASK_DEPTH,"[(100516, 204)]"
2019-06-28 11:13:00,IMBALANCE,"[234, 204]"
2019-06-28 11:13:00,HOLDINGS_UPDATED,"{'CASH': -29598952, 'JPM': 392}"
2019-06-28 11:14:00,BID_DEPTH,"[(100516, 179)]"
2019-06-28 11:14:00,ASK_DEPTH,"[(100735, 149)]"
2019-06-28 11:14:00,IMBALANCE,"[179, 149]"
2019-06-28 11:14:00,HOLDINGS_UPDATED,"{'CASH': -30404832, 'JPM': 400}"
2019-06-28 11:15:00,BID_DEPTH,"[(100296, 179)]"
2019-06-28 11:15:00,ASK_DEPTH,"[(100849, 149)]"
2019-06-28 11:15:00,IMBALANCE,"[179, 149]"
2019-06-28 11:15:00,HOLDINGS_UPDATED,"{'CASH': -31211624, 'JPM': 408}"
2019-06-28 11:16:00,BID_DEPTH,"[(100323, 464)]"
2019-06-28 11:16:00,ASK_DEPTH,"[(100849, 494)]"
2019-06-28 11:16:00,IMBALANCE,"[464, 494]"
2019-06-28 11:16:00,HOLDINGS_UPDATED,"{'CASH': -30409040, 'JPM': 400}"
2019-06-28 11:17:00,BID_DEPTH,"[(100243, 464)]"
2019-06-28 11:17:00,ASK_DEPTH,"[(100848, 494)]"
2019-06-28 11:17:00,IMBALANCE,"[464, 494]"
2019-06-28 11:17:00,HOLDINGS_UPDATED,"{'CASH': -29607096, 'JPM': 392}"
2019-06-28 11:18:00,BID_DEPTH,"[(100186, 204)]"
2019-06-28 11:18:00,ASK_DEPTH,"[(100848, 230)]"
2019-06-28 11:18:00,IMBALANCE,"[204, 230]"
2019-06-28 11:18:00,HOLDINGS_UPDATED,"{'CASH': -28805608, 'JPM': 384}"
2019-06-28 11:19:00,BID_DEPTH,"[(100120, 168)]"
2019-06-28 11:19:00,ASK_DEPTH,"[(100213, 198)]"
2019-06-28 11:19:00,IMBALANCE,"[168, 198]"
2019-06-28 11:19:00,HOLDINGS_UPDATED,"{'CASH': -28004648, 'JPM': 376}"
2019-06-28 11:20:00,BID_DEPTH,"[(100115, 168)]"
2019-06-28 11:20:00,ASK_DEPTH,"[(100213, 194)]"
2019-06-28 11:20:00,IMBALANCE,"[168, 194]"
2019-06-28 11:20:00,HOLDINGS_UPDATED,"{'CASH': -27203728, 'JPM': 368}"
2019-06-28 11:21:00,BID_DEPTH,"[(100106, 464)]"
2019-06-28 11:21:00,ASK_DEPTH,"[(100213, 486)]"
2019-06-28 11:21:00,IMBALANCE,"[464, 486]"
2019-06-28 11:21:00,HOLDINGS_UPDATED,"{'CASH': -26402880, 'JPM': 360}"
2019-06-28 11:22:00,BID_DEPTH,"[(100213, 267)]"
2019-06-28 11:22:00,ASK_DEPTH,"[(100847, 297)]"
2019-06-28 11:22:00,IMBALANCE,"[267, 297]"
2019-06-28 11:22:00,HOLDINGS_UPDATED,"{'CASH': -25601176, 'JPM': 352}"
2019-06-28 11:23:00,BID_DEPTH,"[(100847, 168)]"
2019-06-28 11:23:00,ASK_DEPTH,"[(100848, 190)]"
2019-06-28 11:23:00,IMBALANCE,"[168, 190]"
2019-06-28 11:23:00,HOLDINGS_UPDATED,"{'CASH': -24794400, 'JPM': 344}"
2019-06-28 11:24:00,BID_DEPTH,"[(99950, 149)]"
2019-06-28 11:24:00,ASK_DEPTH,"[(101283, 179)]"
2019-06-28 11:24:00,IMBALANCE,"[149, 179]"
2019-06-28 11:24:00,HOLDINGS_UPDATED,"{'CASH': -23994800, 'JPM': 336}"
2019-06-28 11:25:00,BID_DEPTH,"[(99950, 367)]"
2019-06-28 11:25:00,ASK_DEPTH,"[(101283, 293)]"
2019-06-28 11:25:00,IMBALANCE,"[367, 293]"
2019-06-28 11:25:00,HOLDINGS_UPDATED,"{'CASH': -23195200, 'JPM': 328}"
2019-06-28 11:26:00,BID_DEPTH,"[(101477, 168)]"
2019-06-28 11:26:00,ASK_DEPTH,"[(101590, 198)]"
2019-06-28 11:26:00,IMBALANCE,"[168, 198]"
2019-06-28 11:26:00,HOLDINGS_UPDATED,"{'CASH': -22383384, 'JPM': 320}"
2019-06-28 11:27:00,BID_DEPTH,"[(101337, 204)]"
2019-06-28 11:27:00,ASK_DEPTH,"[(101543, 234)]"
2019-06-28 11:27:00,IMBALANCE,"[204, 234]"
2019-06-28 11:27:00,HOLDINGS_UPDATED,"{'CASH': -21572688, 'JPM': 312}"
2019-06-28 11:28:00,BID_DEPTH,"[(99950, 155)]"
2019-06-28 11:28:00,ASK_DEPTH,"[(101543, 234)]"
2019-06-28 11:28:00,IMBALANCE,"[155, 234]"
2019-06-28 11:28:00,HOLDINGS_UPDATED,"{'CASH': -20773088, 'JPM': 304}"
2019-06-28 11:29:00,BID_DEPTH,"[(99950, 168)]"
2019-06-28 11:29:00,ASK_DEPTH,"[(101543, 198)]"
2019-06-28 11:29:00,IMBALANCE,"[168, 198]"
2019-06-28 11:29:00,HOLDINGS_UPDATED,"{'CASH': -19973488, 'JPM': 296}"
2019-06-28 11:30:00,BID_DEPTH,"[(101559, 464)]"
2019-06-28 11:30:00,ASK_DEPTH,"[(101655, 494)]"
2019-06-28 11:30:00,IMBALANCE,"[464, 494]"
2019-06-28 11:30:00,HOLDINGS_UPDATED,"{'CASH': -19161016, 'JPM': 288}"
2019-06-28 11:31:00,BID_DEPTH,"[(101543, 89)]"
2019-06-28 11:31:00,ASK_DEPTH,"[(101655, 198)]"
2019-06-28 11:31:00,IMBALANCE,"[89, 198]"
2019-06-28 11:31:00,HOLDINGS_UPDATED,"{'CASH': -18348672, 'JPM': 280}"
2019-06-28 11:32:00,BID_DEPTH,"[(101299, 149)]"
2019-06-28 11:32:00,ASK_DEPTH,"[(101391, 82)]"
2019-06-28 11:32:00,IMBALANCE,"[149, 82]"
2019-06-28 11:32:00,HOLDINGS_UPDATED,"{'CASH': -17538280, 'JPM': 272}"
2019-06-28 11:33:00,BID_DEPTH,"[(99797, 267)]"
2019-06-28 11:33:00,ASK_DEPTH,"[(101299, 271)]"
2019-06-28 11:33:00,IMBALANCE,"[267, 271]"
2019-06-28 11:33:00,HOLDINGS_UPDATED,"{'CASH': -16739904, 'JPM': 264}"
2019-06-28 11:34:00,BID_DEPTH,"[(100713, 464)]"
2019-06-28 11:34:00,ASK_DEPTH,"[(101299, 468)]"
2019-06-28 11:34:00,IMBALANCE,"[464, 468]"
2019-06-28 11:34:00,HOLDINGS_UPDATED,"{'CASH': -15934200, 'JPM': 256}"
2019-06-28 11:35:00,BID_DEPTH,"[(100636, 168)]"
2019-06-28 11:35:00,ASK_DEPTH,"[(100713, 198)]"
2019-06-28 11:35:00,IMBALANCE,"[168, 198]"
2019-06-28 11:35:00,HOLDINGS_UPDATED,"{'CASH': -15129112, 'JPM': 248}"
2019-06-28 11:36:00,BID_DEPTH,"[(100333, 464)]"
2019-06-28 11:36:00,ASK_DEPTH,"[(100635, 494)]"
2019-06-28 11:36:00,IMBALANCE,"[464, 494]"
2019-06-28 11:36:00,HOLDINGS_UPDATED,"{'CASH': -14326448, 'JPM': 240}"
2019-06-28 11:37:00,BID_DEPTH,"[(99620, 267)]"
2019-06-28 11:37:00,ASK_DEPTH,"[(100462, 297)]"
2019-06-28 11:37:00,IMBALANCE,"[267, 297]"
2019-06-28 11:37:00,HOLDINGS_UPDATED,"{'CASH': -13529488, 'JPM': 232}"
2019-06-28 11:38:00,BID_DEPTH,"[(99620, 304)]"
2019-06-28 11:38:00,ASK_DEPTH,"[(100462, 230)]"
2019-06-28 11:38:00,IMBALANCE,"[304, 230]"
2019-06-28 11:38:00,HOLDINGS_UPDATED,"{'CASH': -12732528, 'JPM': 224}"
2019-06-28 11:39:00,BID_DEPTH,"[(99620, 100)]"
2019-06-28 11:39:00,ASK_DEPTH,"[(100636, 179)]"
2019-06-28 11:39:00,IMBALANCE,"[100, 179]"
2019-06-28 11:39:00,HOLDINGS_UPDATED,"{'CASH': -11935568, 'JPM': 216}"
2019-06-28 11:40:00,BID_DEPTH,"[(99620, 366)]"
2019-06-28 11:40:00,ASK_DEPTH,"[(100636, 494)]"
2019-06-28 11:40:00,IMBALANCE,"[366, 494]"
2019-06-28 11:40:00,HOLDINGS_UPDATED,"{'CASH': -11138608, 'JPM': 208}"
2019-06-28 11:41:00,BID_DEPTH,"[(100636, 149)]"
2019-06-28 11:41:00,ASK_DEPTH,"[(100713, 179)]"
2019-06-28 11:41:00,IMBALANCE,"[149, 179]"
2019-06-28 11:41:00,HOLDINGS_UPDATED,"{'CASH': -10333520, 'JPM': 200}"
2019-06-28 11:42:00,BID_DEPTH,"[(100636, 204)]"
2019-06-28 11:42:00,ASK_DEPTH,"[(100713, 230)]"
2019-06-28 11:42:00,IMBALANCE,"[204, 230]"
2019-06-28 11:42:00,HOLDINGS_UPDATED,"{'CASH': -9528432, 'JPM': 192}"
2019-06-28 11:43:00,BID_DEPTH,"[(99620, 168)]"
2019-06-28 11:43:00,ASK_DEPTH,"[(100904, 198)]"
2019-06-28 11:43:00,IMBALANCE,"[168, 198]"
2019-06-28 11:43:00,HOLDINGS_UPDATED,"{'CASH': -8731472, 'JPM': 184}"
2019-06-28 11:44:00,BID_DEPTH,"[(99620, 204)]"
2019-06-28 11:44:00,ASK_DEPTH,"[(100904, 230)]"
2019-06-28 11:44:00,IMBALANCE,"[204, 230]"
2019-06-28 11:44:00,HOLDINGS_UPDATED,"{'CASH': -7934512, 'JPM': 176}"
2019-06-28 11:45:00,BID_DEPTH,"[(99620, 464)]"
2019-06-28 11:45:00,ASK_DEPTH,"[(100904, 486)]"
2019-06-28 11:45:00,IMBALANCE,"[464, 486]"
2019-06-28 11:45:00,HOLDINGS_UPDATED,"{'CASH': -7137552, 'JPM': 168}"
2019-06-28 11:46:00,BID_DEPTH,"[(99620, 564)]"
2019-06-28 11:46:00,ASK_DEPTH,"[(100904, 482)]"
2019-06-28 11:46:00,IMBALANCE,"[564, 482]"
2019-06-28 11:46:00,HOLDINGS_UPDATED,"{'CASH': -6340592, 'JPM': 160}"
2019-06-28 11:47:00,BID_DEPTH,"[(100830, 204)]"
2019-06-28 11:47:00,ASK_DEPTH,"[(100849, 234)]"
2019-06-28 11:47:00,IMBALANCE,"[204, 234]"
2019-06-28 11:47:00,HOLDINGS_UPDATED,"{'CASH': -5533952, 'JPM': 152}"
2019-06-28 11:48:00,BID_DEPTH,"[(99620, 219)]"
2019-06-28 11:48:00,ASK_DEPTH,"[(100860, 198)]"
2019-06-28 11:48:00,IMBALANCE,"[219, 198]"
2019-06-28 11:48:00,HOLDINGS_UPDATED,"{'CASH': -4736992, 'JPM': 144}"
2019-06-28 11:49:00,BID_DEPTH,"[(100860, 149)]"
2019-06-28 11:49:00,ASK_DEPTH,"[(100948, 179)]"
2019-06-28 11:49:00,IMBALANCE,"[149, 179]"
2019-06-28 11:49:00,HOLDINGS_UPDATED,"{'CASH': -3930112, 'JPM': 136}"
2019-06-28 11:50:00,BID_DEPTH,"[(100948, 149)]"
2019-06-28 11:50:00,ASK_DEPTH,"[(101102, 179)]"
2019-06-28 11:50:00,IMBALANCE,"[149, 179]"
2019-06-28 11:50:00,HOLDINGS_UPDATED,"{'CASH': -3122528, 'JPM': 128}"
2019-06-28 11:51:00,BID_DEPTH,"[(100948, 464)]"
2019-06-28 11:51:00,ASK_DEPTH,"[(101252, 494)]"
2019-06-28 11:51:00,IMBALANCE,"[464, 494]"
2019-06-28 11:51:00,HOLDINGS_UPDATED,"{'CASH': -2314944, 'JPM': 120}"
2019-06-28 11:52:00,BID_DEPTH,"[(100830, 149)]"
2019-06-28 11:52:00,ASK_DEPTH,"[(101262, 179)]"
2019-06-28 11:52:00,IMBALANCE,"[149, 179]"
2019-06-28 11:52:00,HOLDINGS_UPDATED,"{'CASH': -1508304, 'JPM': 112}"
2019-06-28 11:53:00,BID_DEPTH,"[(100830, 204)]"
2019-06-28 11:53:00,ASK_DEPTH,"[(101262, 234)]"
2019-06-28 11:53:00,IMBALANCE,"[204, 234]"
2019-06-28 11:53:00,HOLDINGS_UPDATED,"{'CASH': -701664, 'JPM': 104}"
2019-06-28 11:54:00,BID_DEPTH,"[(99620, 51)]"
2019-06-28 11:54:00,ASK_DEPTH,"[(101299, 179)]"
2019-06-28 11:54:00,IMBALANCE,"[51, 179]"
2019-06-28 11:54:00,HOLDINGS_UPDATED,"{'CASH': 95296, 'JPM': 96}"
2019-06-28 11:55:00,BID_DEPTH,"[(99620, 204)]"
2019-06-28 11:55:00,ASK_DEPTH,"[(101436, 234)]"
2019-06-28 11:55:00,IMBALANCE,"[204, 234]"
2019-06-28 11:55:00,HOLDINGS_UPDATED,"{'CASH': 892256, 'JPM': 88}"
2019-06-28 11:56:00,BID_DEPTH,"[(99288, 464)]"
2019-06-28 11:56:00,ASK_DEPTH,"[(101543, 399)]"
2019-06-28 11:56:00,IMBALANCE,"[464, 399]"
2019-06-28 11:56:00,HOLDINGS_UPDATED,"{'CASH': 1686560, 'JPM': 80}"
2019-06-28 11:57:00,BID_DEPTH,"[(99288, 204)]"
2019-06-28 11:57:00,ASK_DEPTH,"[(101543, 135)]"
2019-06-28 11:57:00,IMBALANCE,"[204, 135]"
2019-06-28 11:57:00,HOLDINGS_UPDATED,"{'CASH': 2480864, 'JPM': 72}"
2019-06-28 11:58:00,BID_DEPTH,"[(101555, 464)]"
2019-06-28 11:58:00,ASK_DEPTH,"[(101646, 494)]"
2019-06-28 11:58:00,IMBALANCE,"[464, 494]"
2019-06-28 11:58:00,HOLDINGS_UPDATED,"{'CASH': 3293304, 'JPM': 64}"
2019-06-28 11:59:00,BID_DEPTH,[]
2019-06-28 11:59:00,ASK_DEPTH,"[(101511, 100)]"
2019-06-28 11:59:00,IMBALANCE,"[0, 100]"
2019-06-28 12:00:00,BID_DEPTH,[]
2019-06-28 12:00:00,ASK_DEPTH,"[(101511, 100)]"
2019-06-28 12:00:00,IMBALANCE,"[0, 100]"
2019-06-28 12:01:00,BID_DEPTH,"[(100824, 464)]"
2019-06-28 12:01:00,ASK_DEPTH,"[(101511, 494)]"
2019-06-28 12:01:00,IMBALANCE,"[464, 494]"
2019-06-28 12:01:00,HOLDINGS_UPDATED,"{'CASH': 4099896, 'JPM': 56}"
2019-06-28 12:02:00,BID_DEPTH,"[(100639, 234)]"
2019-06-28 12:02:00,ASK_DEPTH,"[(101511, 204)]"
2019-06-28 12:02:00,IMBALANCE,"[234, 204]"
2019-06-28 12:02:00,HOLDINGS_UPDATED,"{'CASH': 3287808, 'JPM': 64}"
2019-06-28 12:03:00,BID_DEPTH,"[(100223, 198)]"
2019-06-28 12:03:00,ASK_DEPTH,"[(101646, 168)]"
2019-06-28 12:03:00,IMBALANCE,"[198, 168]"
2019-06-28 12:03:00,HOLDINGS_UPDATED,"{'CASH': 2474640, 'JPM': 72}"
2019-06-28 12:04:00,BID_DEPTH,"[(100223, 393)]"
2019-06-28 12:04:00,ASK_DEPTH,"[(101089, 267)]"
2019-06-28 12:04:00,IMBALANCE,"[393, 267]"
2019-06-28 12:04:00,HOLDINGS_UPDATED,"{'CASH': 1665928, 'JPM': 80}"
2019-06-28 12:05:00,BID_DEPTH,"[(100223, 271)]"
2019-06-28 12:05:00,ASK_DEPTH,"[(101089, 149)]"
2019-06-28 12:05:00,IMBALANCE,"[271, 149]"
2019-06-28 12:05:00,HOLDINGS_UPDATED,"{'CASH': 857216, 'JPM': 88}"
2019-06-28 12:06:00,BID_DEPTH,"[(101032, 297)]"
2019-06-28 12:06:00,ASK_DEPTH,"[(101272, 267)]"
2019-06-28 12:06:00,IMBALANCE,"[297, 267]"
2019-06-28 12:06:00,HOLDINGS_UPDATED,"{'CASH': 47040, 'JPM': 96}"
2019-06-28 12:07:00,BID_DEPTH,"[(101032, 490)]"
2019-06-28 12:07:00,ASK_DEPTH,"[(101216, 464)]"
2019-06-28 12:07:00,IMBALANCE,"[490, 464]"
2019-06-28 12:07:00,HOLDINGS_UPDATED,"{'CASH': -762688, 'JPM': 104}"
2019-06-28 12:08:00,BID_DEPTH,"[(101032, 289)]"
2019-06-28 12:08:00,ASK_DEPTH,"[(101285, 267)]"
2019-06-28 12:08:00,IMBALANCE,"[289, 267]"
2019-06-28 12:08:00,HOLDINGS_UPDATED,"{'CASH': -1572968, 'JPM': 112}"
2019-06-28 12:09:00,BID_DEPTH,"[(100223, 386)]"
2019-06-28 12:09:00,ASK_DEPTH,"[(100604, 168)]"
2019-06-28 12:09:00,IMBALANCE,"[386, 168]"
2019-06-28 12:09:00,HOLDINGS_UPDATED,"{'CASH': -2377800, 'JPM': 120}"
2019-06-28 12:10:00,BID_DEPTH,"[(100432, 198)]"
2019-06-28 12:10:00,ASK_DEPTH,"[(101162, 168)]"
2019-06-28 12:10:00,IMBALANCE,"[198, 168]"
2019-06-28 12:10:00,HOLDINGS_UPDATED,"{'CASH': -3187096, 'JPM': 128}"
2019-06-28 12:11:00,BID_DEPTH,"[(100510, 179)]"
2019-06-28 12:11:00,ASK_DEPTH,"[(100871, 149)]"
2019-06-28 12:11:00,IMBALANCE,"[179, 149]"
2019-06-28 12:11:00,HOLDINGS_UPDATED,"{'CASH': -3994064, 'JPM': 136}"
2019-06-28 12:12:00,BID_DEPTH,"[(100510, 393)]"
2019-06-28 12:12:00,ASK_DEPTH,"[(100695, 267)]"
2019-06-28 12:12:00,IMBALANCE,"[393, 267]"
2019-06-28 12:12:00,HOLDINGS_UPDATED,"{'CASH': -4799624, 'JPM': 144}"
2019-06-28 12:13:00,BID_DEPTH,"[(100623, 179)]"
2019-06-28 12:13:00,ASK_DEPTH,"[(100871, 149)]"
2019-06-28 12:13:00,IMBALANCE,"[179, 149]"
2019-06-28 12:13:00,HOLDINGS_UPDATED,"{'CASH': -5606592, 'JPM': 152}"
2019-06-28 12:14:00,BID_DEPTH,"[(100871, 249)]"
2019-06-28 12:14:00,ASK_DEPTH,"[(100926, 149)]"
2019-06-28 12:14:00,IMBALANCE,"[249, 149]"
2019-06-28 12:14:00,HOLDINGS_UPDATED,"{'CASH': -6414000, 'JPM': 160}"
2019-06-28 12:15:00,BID_DEPTH,"[(100871, 204)]"
2019-06-28 12:15:00,ASK_DEPTH,"[(101090, 204)]"
2019-06-28 12:15:00,IMBALANCE,"[204, 204]"
2019-06-28 12:15:00,HOLDINGS_UPDATED,"{'CASH': -7222720, 'JPM': 168}"
2019-06-28 12:16:00,BID_DEPTH,"[(100871, 149)]"
2019-06-28 12:16:00,ASK_DEPTH,"[(101103, 149)]"
2019-06-28 12:16:00,IMBALANCE,"[149, 149]"
2019-06-28 12:16:00,HOLDINGS_UPDATED,"{'CASH': -8031544, 'JPM': 176}"
2019-06-28 12:17:00,BID_DEPTH,"[(100736, 198)]"
2019-06-28 12:17:00,ASK_DEPTH,"[(101162, 168)]"
2019-06-28 12:17:00,IMBALANCE,"[198, 168]"
2019-06-28 12:17:00,HOLDINGS_UPDATED,"{'CASH': -8840840, 'JPM': 184}"
2019-06-28 12:18:00,BID_DEPTH,"[(100736, 494)]"
2019-06-28 12:18:00,ASK_DEPTH,"[(101162, 464)]"
2019-06-28 12:18:00,IMBALANCE,"[494, 464]"
2019-06-28 12:18:00,HOLDINGS_UPDATED,"{'CASH': -9650136, 'JPM': 192}"
2019-06-28 12:19:00,BID_DEPTH,"[(100736, 198)]"
2019-06-28 12:19:00,ASK_DEPTH,"[(101298, 168)]"
2019-06-28 12:19:00,IMBALANCE,"[198, 168]"
2019-06-28 12:19:00,HOLDINGS_UPDATED,"{'CASH': -10460520, 'JPM': 200}"
2019-06-28 12:20:00,BID_DEPTH,"[(100623, 234)]"
2019-06-28 12:20:00,ASK_DEPTH,"[(101335, 204)]"
2019-06-28 12:20:00,IMBALANCE,"[234, 204]"
2019-06-28 12:20:00,HOLDINGS_UPDATED,"{'CASH': -11271200, 'JPM': 208}"
2019-06-28 12:21:00,BID_DEPTH,"[(100623, 494)]"
2019-06-28 12:21:00,ASK_DEPTH,"[(101335, 464)]"
2019-06-28 12:21:00,IMBALANCE,"[494, 464]"
2019-06-28 12:21:00,HOLDINGS_UPDATED,"{'CASH': -12081880, 'JPM': 216}"
2019-06-28 12:22:00,BID_DEPTH,"[(100510, 426)]"
2019-06-28 12:22:00,ASK_DEPTH,"[(101665, 204)]"
2019-06-28 12:22:00,IMBALANCE,"[426, 204]"
2019-06-28 12:22:00,HOLDINGS_UPDATED,"{'CASH': -12895200, 'JPM': 224}"
2019-06-28 12:23:00,BID_DEPTH,"[(100223, 200)]"
2019-06-28 12:23:00,ASK_DEPTH,[]
2019-06-28 12:23:00,IMBALANCE,"[200, 0]"
2019-06-28 12:24:00,BID_DEPTH,"[(99586, 100)]"
2019-06-28 12:24:00,ASK_DEPTH,[]
2019-06-28 12:24:00,IMBALANCE,"[100, 0]"
2019-06-28 12:25:00,BID_DEPTH,"[(99248, 179)]"
2019-06-28 12:25:00,ASK_DEPTH,"[(99419, 149)]"
2019-06-28 12:25:00,IMBALANCE,"[179, 149]"
2019-06-28 12:25:00,HOLDINGS_UPDATED,"{'CASH': -13690552, 'JPM': 232}"
2019-06-28 12:26:00,BID_DEPTH,"[(99230, 494)]"
2019-06-28 12:26:00,ASK_DEPTH,"[(99419, 464)]"
2019-06-28 12:26:00,IMBALANCE,"[494, 464]"
2019-06-28 12:26:00,HOLDINGS_UPDATED,"{'CASH': -14485904, 'JPM': 240}"
2019-06-28 12:27:00,BID_DEPTH,"[(99576, 198)]"
2019-06-28 12:27:00,ASK_DEPTH,"[(99737, 168)]"
2019-06-28 12:27:00,IMBALANCE,"[198, 168]"
2019-06-28 12:27:00,HOLDINGS_UPDATED,"{'CASH': -15283800, 'JPM': 248}"
2019-06-28 12:28:00,BID_DEPTH,"[(99419, 204)]"
2019-06-28 12:28:00,ASK_DEPTH,"[(99705, 234)]"
2019-06-28 12:28:00,IMBALANCE,"[204, 234]"
2019-06-28 12:28:00,HOLDINGS_UPDATED,"{'CASH': -14488448, 'JPM': 240}"
2019-06-28 12:29:00,BID_DEPTH,"[(99419, 182)]"
2019-06-28 12:29:00,ASK_DEPTH,"[(99705, 329)]"
2019-06-28 12:29:00,IMBALANCE,"[182, 329]"
2019-06-28 12:29:00,HOLDINGS_UPDATED,"{'CASH': -13693096, 'JPM': 232}"
2019-06-28 12:30:00,BID_DEPTH,"[(99424, 149)]"
2019-06-28 12:30:00,ASK_DEPTH,"[(99705, 207)]"
2019-06-28 12:30:00,IMBALANCE,"[149, 207]"
2019-06-28 12:30:00,HOLDINGS_UPDATED,"{'CASH': -12897704, 'JPM': 224}"
2019-06-28 12:31:00,BID_DEPTH,"[(99418, 168)]"
2019-06-28 12:31:00,ASK_DEPTH,"[(99705, 122)]"
2019-06-28 12:31:00,IMBALANCE,"[168, 122]"
2019-06-28 12:31:00,HOLDINGS_UPDATED,"{'CASH': -12102360, 'JPM': 216}"
2019-06-28 12:32:00,BID_DEPTH,"[(99813, 267)]"
2019-06-28 12:32:00,ASK_DEPTH,"[(99910, 297)]"
2019-06-28 12:32:00,IMBALANCE,"[267, 297]"
2019-06-28 12:32:00,HOLDINGS_UPDATED,"{'CASH': -11303856, 'JPM': 208}"
2019-06-28 12:33:00,BID_DEPTH,"[(99692, 464)]"
2019-06-28 12:33:00,ASK_DEPTH,"[(99910, 490)]"
2019-06-28 12:33:00,IMBALANCE,"[464, 490]"
2019-06-28 12:33:00,HOLDINGS_UPDATED,"{'CASH': -10506320, 'JPM': 200}"
2019-06-28 12:34:00,BID_DEPTH,"[(99235, 149)]"
2019-06-28 12:34:00,ASK_DEPTH,"[(99329, 179)]"
2019-06-28 12:34:00,IMBALANCE,"[149, 179]"
2019-06-28 12:34:00,HOLDINGS_UPDATED,"{'CASH': -9712440, 'JPM': 192}"
2019-06-28 12:35:00,BID_DEPTH,"[(99176, 168)]"
2019-06-28 12:35:00,ASK_DEPTH,"[(99329, 294)]"
2019-06-28 12:35:00,IMBALANCE,"[168, 294]"
2019-06-28 12:35:00,HOLDINGS_UPDATED,"{'CASH': -8919032, 'JPM': 184}"
2019-06-28 12:36:00,BID_DEPTH,"[(99018, 267)]"
2019-06-28 12:36:00,ASK_DEPTH,"[(99079, 297)]"
2019-06-28 12:36:00,IMBALANCE,"[267, 297]"
2019-06-28 12:36:00,HOLDINGS_UPDATED,"{'CASH': -8126888, 'JPM': 176}"
2019-06-28 12:37:00,BID_DEPTH,"[(98567, 464)]"
2019-06-28 12:37:00,ASK_DEPTH,"[(99079, 490)]"
2019-06-28 12:37:00,IMBALANCE,"[464, 490]"
2019-06-28 12:37:00,HOLDINGS_UPDATED,"{'CASH': -7338352, 'JPM': 168}"
2019-06-28 12:38:00,BID_DEPTH,"[(99019, 204)]"
2019-06-28 12:38:00,ASK_DEPTH,"[(99121, 234)]"
2019-06-28 12:38:00,IMBALANCE,"[204, 234]"
2019-06-28 12:38:00,HOLDINGS_UPDATED,"{'CASH': -6546200, 'JPM': 160}"
2019-06-28 12:39:00,BID_DEPTH,"[(99019, 204)]"
2019-06-28 12:39:00,ASK_DEPTH,"[(99176, 185)]"
2019-06-28 12:39:00,IMBALANCE,"[204, 185]"
2019-06-28 12:39:00,HOLDINGS_UPDATED,"{'CASH': -5754048, 'JPM': 152}"
2019-06-28 12:40:00,BID_DEPTH,"[(99019, 267)]"
2019-06-28 12:40:00,ASK_DEPTH,"[(99176, 244)]"
2019-06-28 12:40:00,IMBALANCE,"[267, 244]"
2019-06-28 12:40:00,HOLDINGS_UPDATED,"{'CASH': -4961896, 'JPM': 144}"
2019-06-28 12:41:00,BID_DEPTH,"[(99019, 149)]"
2019-06-28 12:41:00,ASK_DEPTH,"[(99329, 171)]"
2019-06-28 12:41:00,IMBALANCE,"[149, 171]"
2019-06-28 12:41:00,HOLDINGS_UPDATED,"{'CASH': -4169744, 'JPM': 136}"
2019-06-28 12:42:00,BID_DEPTH,"[(99019, 268)]"
2019-06-28 12:42:00,ASK_DEPTH,"[(99329, 186)]"
2019-06-28 12:42:00,IMBALANCE,"[268, 186]"
2019-06-28 12:42:00,HOLDINGS_UPDATED,"{'CASH': -3377592, 'JPM': 128}"
2019-06-28 12:43:00,BID_DEPTH,"[(99329, 204)]"
2019-06-28 12:43:00,ASK_DEPTH,"[(99466, 234)]"
2019-06-28 12:43:00,IMBALANCE,"[204, 234]"
2019-06-28 12:43:00,HOLDINGS_UPDATED,"{'CASH': -2582960, 'JPM': 120}"
2019-06-28 12:44:00,BID_DEPTH,"[(99019, 100)]"
2019-06-28 12:44:00,ASK_DEPTH,"[(99910, 171)]"
2019-06-28 12:44:00,IMBALANCE,"[100, 171]"
2019-06-28 12:44:00,HOLDINGS_UPDATED,"{'CASH': -1790808, 'JPM': 112}"
2019-06-28 12:45:00,BID_DEPTH,"[(99019, 70)]"
2019-06-28 12:45:00,ASK_DEPTH,"[(100101, 198)]"
2019-06-28 12:45:00,IMBALANCE,"[70, 198]"
2019-06-28 12:45:00,HOLDINGS_UPDATED,"{'CASH': -998656, 'JPM': 104}"
2019-06-28 12:46:00,BID_DEPTH,"[(99019, 464)]"
2019-06-28 12:46:00,ASK_DEPTH,"[(100652, 494)]"
2019-06-28 12:46:00,IMBALANCE,"[464, 494]"
2019-06-28 12:46:00,HOLDINGS_UPDATED,"{'CASH': -206504, 'JPM': 96}"
2019-06-28 12:47:00,BID_DEPTH,"[(98538, 505)]"
2019-06-28 12:47:00,ASK_DEPTH,"[(100652, 490)]"
2019-06-28 12:47:00,IMBALANCE,"[505, 490]"
2019-06-28 12:47:00,HOLDINGS_UPDATED,"{'CASH': 581800, 'JPM': 88}"
2019-06-28 12:48:00,BID_DEPTH,"[(100883, 267)]"
2019-06-28 12:48:00,ASK_DEPTH,"[(101077, 297)]"
2019-06-28 12:48:00,IMBALANCE,"[267, 297]"
2019-06-28 12:48:00,HOLDINGS_UPDATED,"{'CASH': 1388864, 'JPM': 80}"
2019-06-28 12:49:00,BID_DEPTH,"[(100652, 464)]"
2019-06-28 12:49:00,ASK_DEPTH,"[(101217, 494)]"
2019-06-28 12:49:00,IMBALANCE,"[464, 494]"
2019-06-28 12:49:00,HOLDINGS_UPDATED,"{'CASH': 2194080, 'JPM': 72}"
2019-06-28 12:50:00,BID_DEPTH,"[(100652, 149)]"
2019-06-28 12:50:00,ASK_DEPTH,"[(100957, 179)]"
2019-06-28 12:50:00,IMBALANCE,"[149, 179]"
2019-06-28 12:50:00,HOLDINGS_UPDATED,"{'CASH': 2999296, 'JPM': 64}"
2019-06-28 12:51:00,BID_DEPTH,"[(100652, 149)]"
2019-06-28 12:51:00,ASK_DEPTH,"[(101346, 179)]"
2019-06-28 12:51:00,IMBALANCE,"[149, 179]"
2019-06-28 12:51:00,HOLDINGS_UPDATED,"{'CASH': 3804512, 'JPM': 56}"
2019-06-28 12:52:00,BID_DEPTH,"[(100982, 168)]"
2019-06-28 12:52:00,ASK_DEPTH,"[(101280, 198)]"
2019-06-28 12:52:00,IMBALANCE,"[168, 198]"
2019-06-28 12:52:00,HOLDINGS_UPDATED,"{'CASH': 4612368, 'JPM': 48}"
2019-06-28 12:53:00,BID_DEPTH,"[(100728, 464)]"
2019-06-28 12:53:00,ASK_DEPTH,"[(101346, 494)]"
2019-06-28 12:53:00,IMBALANCE,"[464, 494]"
2019-06-28 12:53:00,HOLDINGS_UPDATED,"{'CASH': 5418192, 'JPM': 40}"
2019-06-28 12:54:00,BID_DEPTH,"[(101392, 70)]"
2019-06-28 12:54:00,ASK_DEPTH,"[(101540, 198)]"
2019-06-28 12:54:00,IMBALANCE,"[70, 198]"
2019-06-28 12:54:00,HOLDINGS_UPDATED,"{'CASH': 6229328, 'JPM': 32}"
2019-06-28 12:55:00,BID_DEPTH,"[(101360, 267)]"
2019-06-28 12:55:00,ASK_DEPTH,"[(101392, 204)]"
2019-06-28 12:55:00,IMBALANCE,"[267, 204]"
2019-06-28 12:55:00,HOLDINGS_UPDATED,"{'CASH': 7040208, 'JPM': 24}"
2019-06-28 12:56:00,BID_DEPTH,"[(101434, 149)]"
2019-06-28 12:56:00,ASK_DEPTH,"[(102061, 179)]"
2019-06-28 12:56:00,IMBALANCE,"[149, 179]"
2019-06-28 12:56:00,HOLDINGS_UPDATED,"{'CASH': 7851680, 'JPM': 16}"
2019-06-28 12:57:00,BID_DEPTH,"[(101362, 234)]"
2019-06-28 12:57:00,ASK_DEPTH,"[(101633, 204)]"
2019-06-28 12:57:00,IMBALANCE,"[234, 204]"
2019-06-28 12:57:00,HOLDINGS_UPDATED,"{'CASH': 7038616, 'JPM': 24}"
2019-06-28 12:58:00,BID_DEPTH,"[(101360, 494)]"
2019-06-28 12:58:00,ASK_DEPTH,"[(101570, 464)]"
2019-06-28 12:58:00,IMBALANCE,"[494, 464]"
2019-06-28 12:58:00,HOLDINGS_UPDATED,"{'CASH': 6226056, 'JPM': 32}"
2019-06-28 12:59:00,BID_DEPTH,"[(98216, 397)]"
2019-06-28 12:59:00,ASK_DEPTH,"[(101575, 267)]"
2019-06-28 12:59:00,IMBALANCE,"[397, 267]"
2019-06-28 12:59:00,HOLDINGS_UPDATED,"{'CASH': 5413456, 'JPM': 40}"
2019-06-28 13:00:00,BID_DEPTH,"[(101293, 198)]"
2019-06-28 13:00:00,ASK_DEPTH,"[(101809, 168)]"
2019-06-28 13:00:00,IMBALANCE,"[198, 168]"
2019-06-28 13:00:00,HOLDINGS_UPDATED,"{'CASH': 4598984, 'JPM': 48}"
2019-06-28 13:01:00,BID_DEPTH,"[(100700, 198)]"
2019-06-28 13:01:00,ASK_DEPTH,"[(100865, 168)]"
2019-06-28 13:01:00,IMBALANCE,"[198, 168]"
2019-06-28 13:01:00,HOLDINGS_UPDATED,"{'CASH': 3792064, 'JPM': 56}"
2019-06-28 13:02:00,BID_DEPTH,"[(100700, 294)]"
2019-06-28 13:02:00,ASK_DEPTH,"[(101293, 268)]"
2019-06-28 13:02:00,IMBALANCE,"[294, 268]"
2019-06-28 13:02:00,HOLDINGS_UPDATED,"{'CASH': 2981720, 'JPM': 64}"
2019-06-28 13:03:00,BID_DEPTH,"[(100208, 494)]"
2019-06-28 13:03:00,ASK_DEPTH,"[(101293, 415)]"
2019-06-28 13:03:00,IMBALANCE,"[494, 415]"
2019-06-28 13:03:00,HOLDINGS_UPDATED,"{'CASH': 2171376, 'JPM': 72}"
2019-06-28 13:04:00,BID_DEPTH,"[(100563, 297)]"
2019-06-28 13:04:00,ASK_DEPTH,"[(100787, 267)]"
2019-06-28 13:04:00,IMBALANCE,"[297, 267]"
2019-06-28 13:04:00,HOLDINGS_UPDATED,"{'CASH': 1365080, 'JPM': 80}"
2019-06-28 13:05:00,BID_DEPTH,"[(100382, 234)]"
2019-06-28 13:05:00,ASK_DEPTH,"[(100424, 204)]"
2019-06-28 13:05:00,IMBALANCE,"[234, 204]"
2019-06-28 13:05:00,HOLDINGS_UPDATED,"{'CASH': 561688, 'JPM': 88}"
2019-06-28 13:06:00,BID_DEPTH,"[(100208, 194)]"
2019-06-28 13:06:00,ASK_DEPTH,"[(100277, 168)]"
2019-06-28 13:06:00,IMBALANCE,"[194, 168]"
2019-06-28 13:06:00,HOLDINGS_UPDATED,"{'CASH': -240528, 'JPM': 96}"
2019-06-28 13:07:00,BID_DEPTH,"[(100166, 198)]"
2019-06-28 13:07:00,ASK_DEPTH,"[(100382, 75)]"
2019-06-28 13:07:00,IMBALANCE,"[198, 75]"
2019-06-28 13:07:00,HOLDINGS_UPDATED,"{'CASH': -1043584, 'JPM': 104}"
2019-06-28 13:08:00,BID_DEPTH,"[(100382, 413)]"
2019-06-28 13:08:00,ASK_DEPTH,"[(100563, 422)]"
2019-06-28 13:08:00,IMBALANCE,"[413, 422]"
2019-06-28 13:08:00,HOLDINGS_UPDATED,"{'CASH': -1848088, 'JPM': 112}"
2019-06-28 13:09:00,BID_DEPTH,"[(100505, 179)]"
2019-06-28 13:09:00,ASK_DEPTH,"[(100916, 149)]"
2019-06-28 13:09:00,IMBALANCE,"[179, 149]"
2019-06-28 13:09:00,HOLDINGS_UPDATED,"{'CASH': -2655416, 'JPM': 120}"
2019-06-28 13:10:00,BID_DEPTH,"[(100505, 230)]"
2019-06-28 13:10:00,ASK_DEPTH,"[(100656, 204)]"
2019-06-28 13:10:00,IMBALANCE,"[230, 204]"
2019-06-28 13:10:00,HOLDINGS_UPDATED,"{'CASH': -3460664, 'JPM': 128}"
2019-06-28 13:11:00,BID_DEPTH,"[(100215, 234)]"
2019-06-28 13:11:00,ASK_DEPTH,"[(100382, 191)]"
2019-06-28 13:11:00,IMBALANCE,"[234, 191]"
2019-06-28 13:11:00,HOLDINGS_UPDATED,"{'CASH': -4263720, 'JPM': 136}"
2019-06-28 13:12:00,BID_DEPTH,"[(100139, 100)]"
2019-06-28 13:12:00,ASK_DEPTH,[]
2019-06-28 13:12:00,IMBALANCE,"[100, 0]"
2019-06-28 13:13:00,BID_DEPTH,"[(100470, 234)]"
2019-06-28 13:13:00,ASK_DEPTH,"[(100959, 204)]"
2019-06-28 13:13:00,IMBALANCE,"[234, 204]"
2019-06-28 13:13:00,HOLDINGS_UPDATED,"{'CASH': -5071392, 'JPM': 144}"
2019-06-28 13:14:00,BID_DEPTH,"[(100643, 494)]"
2019-06-28 13:14:00,ASK_DEPTH,"[(100959, 664)]"
2019-06-28 13:14:00,IMBALANCE,"[494, 664]"
2019-06-28 13:14:00,HOLDINGS_UPDATED,"{'CASH': -5879064, 'JPM': 152}"
2019-06-28 13:15:00,BID_DEPTH,"[(100643, 297)]"
2019-06-28 13:15:00,ASK_DEPTH,"[(100665, 267)]"
2019-06-28 13:15:00,IMBALANCE,"[297, 267]"
2019-06-28 13:15:00,HOLDINGS_UPDATED,"{'CASH': -6684384, 'JPM': 160}"
2019-06-28 13:16:00,BID_DEPTH,"[(100666, 297)]"
2019-06-28 13:16:00,ASK_DEPTH,"[(100959, 318)]"
2019-06-28 13:16:00,IMBALANCE,"[297, 318]"
2019-06-28 13:16:00,HOLDINGS_UPDATED,"{'CASH': -7492056, 'JPM': 168}"
2019-06-28 13:17:00,BID_DEPTH,"[(100665, 494)]"
2019-06-28 13:17:00,ASK_DEPTH,"[(100959, 366)]"
2019-06-28 13:17:00,IMBALANCE,"[494, 366]"
2019-06-28 13:17:00,HOLDINGS_UPDATED,"{'CASH': -8299728, 'JPM': 176}"
2019-06-28 13:18:00,BID_DEPTH,"[(100561, 234)]"
2019-06-28 13:18:00,ASK_DEPTH,"[(101064, 204)]"
2019-06-28 13:18:00,IMBALANCE,"[234, 204]"
2019-06-28 13:18:00,HOLDINGS_UPDATED,"{'CASH': -9108240, 'JPM': 184}"
2019-06-28 13:19:00,BID_DEPTH,"[(100313, 198)]"
2019-06-28 13:19:00,ASK_DEPTH,"[(100470, 72)]"
2019-06-28 13:19:00,IMBALANCE,"[198, 72]"
2019-06-28 13:19:00,HOLDINGS_UPDATED,"{'CASH': -9912000, 'JPM': 192}"
2019-06-28 13:20:00,BID_DEPTH,"[(100470, 5)]"
2019-06-28 13:20:00,ASK_DEPTH,[]
2019-06-28 13:20:00,IMBALANCE,"[5, 0]"
2019-06-28 13:21:00,BID_DEPTH,"[(100746, 494)]"
2019-06-28 13:21:00,ASK_DEPTH,"[(100836, 464)]"
2019-06-28 13:21:00,IMBALANCE,"[494, 464]"
2019-06-28 13:21:00,HOLDINGS_UPDATED,"{'CASH': -10718688, 'JPM': 200}"
2019-06-28 13:22:00,BID_DEPTH,"[(100489, 494)]"
2019-06-28 13:22:00,ASK_DEPTH,"[(100747, 464)]"
2019-06-28 13:22:00,IMBALANCE,"[494, 464]"
2019-06-28 13:22:00,HOLDINGS_UPDATED,"{'CASH': -11524664, 'JPM': 208}"
2019-06-28 13:23:00,BID_DEPTH,"[(100490, 494)]"
2019-06-28 13:23:00,ASK_DEPTH,"[(100999, 464)]"
2019-06-28 13:23:00,IMBALANCE,"[494, 464]"
2019-06-28 13:23:00,HOLDINGS_UPDATED,"{'CASH': -12332656, 'JPM': 216}"
2019-06-28 13:24:00,BID_DEPTH,"[(100470, 84)]"
2019-06-28 13:24:00,ASK_DEPTH,"[(100670, 149)]"
2019-06-28 13:24:00,IMBALANCE,"[84, 149]"
2019-06-28 13:24:00,HOLDINGS_UPDATED,"{'CASH': -13138016, 'JPM': 224}"
2019-06-28 13:25:00,BID_DEPTH,"[(100670, 234)]"
2019-06-28 13:25:00,ASK_DEPTH,"[(100742, 204)]"
2019-06-28 13:25:00,IMBALANCE,"[234, 204]"
2019-06-28 13:25:00,HOLDINGS_UPDATED,"{'CASH': -13943952, 'JPM': 232}"
2019-06-28 13:26:00,BID_DEPTH,"[(100742, 198)]"
2019-06-28 13:26:00,ASK_DEPTH,"[(100797, 168)]"
2019-06-28 13:26:00,IMBALANCE,"[198, 168]"
2019-06-28 13:26:00,HOLDINGS_UPDATED,"{'CASH': -14750328, 'JPM': 240}"
2019-06-28 13:27:00,BID_DEPTH,"[(100670, 198)]"
2019-06-28 13:27:00,ASK_DEPTH,"[(100853, 168)]"
2019-06-28 13:27:00,IMBALANCE,"[198, 168]"
2019-06-28 13:27:00,HOLDINGS_UPDATED,"{'CASH': -15557152, 'JPM': 248}"
2019-06-28 13:28:00,BID_DEPTH,"[(100829, 494)]"
2019-06-28 13:28:00,ASK_DEPTH,"[(100853, 464)]"
2019-06-28 13:28:00,IMBALANCE,"[494, 464]"
2019-06-28 13:28:00,HOLDINGS_UPDATED,"{'CASH': -16363976, 'JPM': 256}"
2019-06-28 13:29:00,BID_DEPTH,"[(100943, 234)]"
2019-06-28 13:29:00,ASK_DEPTH,"[(100963, 204)]"
2019-06-28 13:29:00,IMBALANCE,"[234, 204]"
2019-06-28 13:29:00,HOLDINGS_UPDATED,"{'CASH': -17171680, 'JPM': 264}"
2019-06-28 13:30:00,BID_DEPTH,"[(100853, 198)]"
2019-06-28 13:30:00,ASK_DEPTH,"[(100998, 168)]"
2019-06-28 13:30:00,IMBALANCE,"[198, 168]"
2019-06-28 13:30:00,HOLDINGS_UPDATED,"{'CASH': -17979664, 'JPM': 272}"
2019-06-28 13:31:00,BID_DEPTH,"[(100853, 198)]"
2019-06-28 13:31:00,ASK_DEPTH,"[(100952, 168)]"
2019-06-28 13:31:00,IMBALANCE,"[198, 168]"
2019-06-28 13:31:00,HOLDINGS_UPDATED,"{'CASH': -18787280, 'JPM': 280}"
2019-06-28 13:32:00,BID_DEPTH,"[(100820, 297)]"
2019-06-28 13:32:00,ASK_DEPTH,"[(100836, 267)]"
2019-06-28 13:32:00,IMBALANCE,"[297, 267]"
2019-06-28 13:32:00,HOLDINGS_UPDATED,"{'CASH': -19593968, 'JPM': 288}"
2019-06-28 13:33:00,BID_DEPTH,"[(101114, 100)]"
2019-06-28 13:33:00,ASK_DEPTH,"[(101139, 149)]"
2019-06-28 13:33:00,IMBALANCE,"[100, 149]"
2019-06-28 13:33:00,HOLDINGS_UPDATED,"{'CASH': -20403080, 'JPM': 296}"
2019-06-28 13:34:00,BID_DEPTH,"[(101349, 198)]"
2019-06-28 13:34:00,ASK_DEPTH,"[(102110, 168)]"
2019-06-28 13:34:00,IMBALANCE,"[198, 168]"
2019-06-28 13:34:00,HOLDINGS_UPDATED,"{'CASH': -21219960, 'JPM': 304}"
2019-06-28 13:35:00,BID_DEPTH,"[(102088, 234)]"
2019-06-28 13:35:00,ASK_DEPTH,"[(102180, 204)]"
2019-06-28 13:35:00,IMBALANCE,"[234, 204]"
2019-06-28 13:35:00,HOLDINGS_UPDATED,"{'CASH': -22037400, 'JPM': 312}"
2019-06-28 13:36:00,BID_DEPTH,"[(102088, 297)]"
2019-06-28 13:36:00,ASK_DEPTH,"[(102156, 267)]"
2019-06-28 13:36:00,IMBALANCE,"[297, 267]"
2019-06-28 13:36:00,HOLDINGS_UPDATED,"{'CASH': -22854648, 'JPM': 320}"
2019-06-28 13:37:00,BID_DEPTH,"[(102088, 494)]"
2019-06-28 13:37:00,ASK_DEPTH,"[(102159, 464)]"
2019-06-28 13:37:00,IMBALANCE,"[494, 464]"
2019-06-28 13:37:00,HOLDINGS_UPDATED,"{'CASH': -23671920, 'JPM': 328}"
2019-06-28 13:38:00,BID_DEPTH,"[(101651, 234)]"
2019-06-28 13:38:00,ASK_DEPTH,"[(102180, 204)]"
2019-06-28 13:38:00,IMBALANCE,"[234, 204]"
2019-06-28 13:38:00,HOLDINGS_UPDATED,"{'CASH': -24489360, 'JPM': 336}"
2019-06-28 13:39:00,BID_DEPTH,"[(101917, 494)]"
2019-06-28 13:39:00,ASK_DEPTH,"[(102180, 664)]"
2019-06-28 13:39:00,IMBALANCE,"[494, 664]"
2019-06-28 13:39:00,HOLDINGS_UPDATED,"{'CASH': -25306800, 'JPM': 344}"
2019-06-28 13:40:00,BID_DEPTH,"[(101651, 297)]"
2019-06-28 13:40:00,ASK_DEPTH,"[(101706, 267)]"
2019-06-28 13:40:00,IMBALANCE,"[297, 267]"
2019-06-28 13:40:00,HOLDINGS_UPDATED,"{'CASH': -26120448, 'JPM': 352}"
2019-06-28 13:41:00,BID_DEPTH,"[(101585, 297)]"
2019-06-28 13:41:00,ASK_DEPTH,"[(101706, 267)]"
2019-06-28 13:41:00,IMBALANCE,"[297, 267]"
2019-06-28 13:41:00,HOLDINGS_UPDATED,"{'CASH': -26934096, 'JPM': 360}"
2019-06-28 13:42:00,BID_DEPTH,"[(101349, 234)]"
2019-06-28 13:42:00,ASK_DEPTH,"[(101706, 304)]"
2019-06-28 13:42:00,IMBALANCE,"[234, 304]"
2019-06-28 13:42:00,HOLDINGS_UPDATED,"{'CASH': -27747744, 'JPM': 368}"
2019-06-28 13:43:00,BID_DEPTH,"[(101349, 297)]"
2019-06-28 13:43:00,ASK_DEPTH,"[(101804, 267)]"
2019-06-28 13:43:00,IMBALANCE,"[297, 267]"
2019-06-28 13:43:00,HOLDINGS_UPDATED,"{'CASH': -28562176, 'JPM': 376}"
2019-06-28 13:44:00,BID_DEPTH,"[(101467, 297)]"
2019-06-28 13:44:00,ASK_DEPTH,"[(101620, 267)]"
2019-06-28 13:44:00,IMBALANCE,"[297, 267]"
2019-06-28 13:44:00,HOLDINGS_UPDATED,"{'CASH': -29375136, 'JPM': 384}"
2019-06-28 13:45:00,BID_DEPTH,"[(101467, 234)]"
2019-06-28 13:45:00,ASK_DEPTH,"[(101739, 204)]"
2019-06-28 13:45:00,IMBALANCE,"[234, 204]"
2019-06-28 13:45:00,HOLDINGS_UPDATED,"{'CASH': -30189048, 'JPM': 392}"
2019-06-28 13:46:00,BID_DEPTH,"[(101140, 234)]"
2019-06-28 13:46:00,ASK_DEPTH,"[(101739, 204)]"
2019-06-28 13:46:00,IMBALANCE,"[234, 204]"
2019-06-28 13:46:00,HOLDINGS_UPDATED,"{'CASH': -31002960, 'JPM': 400}"
2019-06-28 13:47:00,BID_DEPTH,"[(101646, 297)]"
2019-06-28 13:47:00,ASK_DEPTH,"[(101739, 267)]"
2019-06-28 13:47:00,IMBALANCE,"[297, 267]"
2019-06-28 13:47:00,HOLDINGS_UPDATED,"{'CASH': -31816872, 'JPM': 408}"
2019-06-28 13:48:00,BID_DEPTH,"[(101241, 297)]"
2019-06-28 13:48:00,ASK_DEPTH,"[(101646, 188)]"
2019-06-28 13:48:00,IMBALANCE,"[297, 188]"
2019-06-28 13:48:00,HOLDINGS_UPDATED,"{'CASH': -32630040, 'JPM': 416}"
2019-06-28 13:49:00,BID_DEPTH,"[(101140, 198)]"
2019-06-28 13:49:00,ASK_DEPTH,"[(101287, 168)]"
2019-06-28 13:49:00,IMBALANCE,"[198, 168]"
2019-06-28 13:49:00,HOLDINGS_UPDATED,"{'CASH': -33440336, 'JPM': 424}"
2019-06-28 13:50:00,BID_DEPTH,"[(101055, 234)]"
2019-06-28 13:50:00,ASK_DEPTH,"[(101140, 206)]"
2019-06-28 13:50:00,IMBALANCE,"[234, 206]"
2019-06-28 13:50:00,HOLDINGS_UPDATED,"{'CASH': -34249456, 'JPM': 432}"
2019-06-28 13:51:00,BID_DEPTH,"[(101031, 234)]"
2019-06-28 13:51:00,ASK_DEPTH,"[(101739, 204)]"
2019-06-28 13:51:00,IMBALANCE,"[234, 204]"
2019-06-28 13:51:00,HOLDINGS_UPDATED,"{'CASH': -35063368, 'JPM': 440}"
2019-06-28 13:52:00,BID_DEPTH,"[(101031, 179)]"
2019-06-28 13:52:00,ASK_DEPTH,"[(101739, 149)]"
2019-06-28 13:52:00,IMBALANCE,"[179, 149]"
2019-06-28 13:52:00,HOLDINGS_UPDATED,"{'CASH': -35877280, 'JPM': 448}"
2019-06-28 13:53:00,BID_DEPTH,"[(101031, 297)]"
2019-06-28 13:53:00,ASK_DEPTH,"[(101868, 267)]"
2019-06-28 13:53:00,IMBALANCE,"[297, 267]"
2019-06-28 13:53:00,HOLDINGS_UPDATED,"{'CASH': -36692224, 'JPM': 456}"
2019-06-28 13:54:00,BID_DEPTH,"[(100874, 297)]"
2019-06-28 13:54:00,ASK_DEPTH,"[(101867, 267)]"
2019-06-28 13:54:00,IMBALANCE,"[297, 267]"
2019-06-28 13:54:00,HOLDINGS_UPDATED,"{'CASH': -37507160, 'JPM': 464}"
2019-06-28 13:55:00,BID_DEPTH,"[(100699, 297)]"
2019-06-28 13:55:00,ASK_DEPTH,"[(101867, 267)]"
2019-06-28 13:55:00,IMBALANCE,"[297, 267]"
2019-06-28 13:55:00,HOLDINGS_UPDATED,"{'CASH': -38322096, 'JPM': 472}"
2019-06-28 13:56:00,BID_DEPTH,"[(100699, 234)]"
2019-06-28 13:56:00,ASK_DEPTH,"[(101867, 304)]"
2019-06-28 13:56:00,IMBALANCE,"[234, 304]"
2019-06-28 13:56:00,HOLDINGS_UPDATED,"{'CASH': -39137032, 'JPM': 480}"
2019-06-28 13:57:00,BID_DEPTH,"[(100699, 198)]"
2019-06-28 13:57:00,ASK_DEPTH,"[(101867, 119)]"
2019-06-28 13:57:00,IMBALANCE,"[198, 119]"
2019-06-28 13:57:00,HOLDINGS_UPDATED,"{'CASH': -39951968, 'JPM': 488}"
2019-06-28 13:58:00,BID_DEPTH,"[(100470, 202)]"
2019-06-28 13:58:00,ASK_DEPTH,"[(101868, 367)]"
2019-06-28 13:58:00,IMBALANCE,"[202, 367]"
2019-06-28 13:58:00,HOLDINGS_UPDATED,"{'CASH': -40766912, 'JPM': 496}"
2019-06-28 13:59:00,BID_DEPTH,"[(100463, 198)]"
2019-06-28 13:59:00,ASK_DEPTH,"[(101868, 219)]"
2019-06-28 13:59:00,IMBALANCE,"[198, 219]"
2019-06-28 13:59:00,HOLDINGS_UPDATED,"{'CASH': -41581856, 'JPM': 504}"
2019-06-28 14:00:00,BID_DEPTH,"[(99925, 179)]"
2019-06-28 14:00:00,ASK_DEPTH,"[(101868, 51)]"
2019-06-28 14:00:00,IMBALANCE,"[179, 51]"
2019-06-28 14:00:00,HOLDINGS_UPDATED,"{'CASH': -42396800, 'JPM': 512}"
2019-06-28 14:01:00,BID_DEPTH,"[(99795, 494)]"
2019-06-28 14:01:00,ASK_DEPTH,"[(100014, 464)]"
2019-06-28 14:01:00,IMBALANCE,"[494, 464]"
2019-06-28 14:01:00,HOLDINGS_UPDATED,"{'CASH': -43196912, 'JPM': 520}"
2019-06-28 14:02:00,BID_DEPTH,"[(99795, 297)]"
2019-06-28 14:02:00,ASK_DEPTH,"[(100048, 267)]"
2019-06-28 14:02:00,IMBALANCE,"[297, 267]"
2019-06-28 14:02:00,HOLDINGS_UPDATED,"{'CASH': -43997296, 'JPM': 528}"
2019-06-28 14:03:00,BID_DEPTH,"[(99795, 204)]"
2019-06-28 14:03:00,ASK_DEPTH,"[(99927, 234)]"
2019-06-28 14:03:00,IMBALANCE,"[204, 234]"
2019-06-28 14:03:00,HOLDINGS_UPDATED,"{'CASH': -43198936, 'JPM': 520}"
2019-06-28 14:04:00,BID_DEPTH,"[(99774, 149)]"
2019-06-28 14:04:00,ASK_DEPTH,"[(99795, 100)]"
2019-06-28 14:04:00,IMBALANCE,"[149, 100]"
2019-06-28 14:04:00,HOLDINGS_UPDATED,"{'CASH': -42400744, 'JPM': 512}"
2019-06-28 14:05:00,BID_DEPTH,"[(99633, 204)]"
2019-06-28 14:05:00,ASK_DEPTH,"[(99734, 234)]"
2019-06-28 14:05:00,IMBALANCE,"[204, 234]"
2019-06-28 14:05:00,HOLDINGS_UPDATED,"{'CASH': -41603680, 'JPM': 504}"
2019-06-28 14:06:00,BID_DEPTH,"[(99582, 204)]"
2019-06-28 14:06:00,ASK_DEPTH,"[(99870, 234)]"
2019-06-28 14:06:00,IMBALANCE,"[204, 234]"
2019-06-28 14:06:00,HOLDINGS_UPDATED,"{'CASH': -40807024, 'JPM': 496}"
2019-06-28 14:07:00,BID_DEPTH,"[(99811, 267)]"
2019-06-28 14:07:00,ASK_DEPTH,"[(99927, 229)]"
2019-06-28 14:07:00,IMBALANCE,"[267, 229]"
2019-06-28 14:07:00,HOLDINGS_UPDATED,"{'CASH': -40008536, 'JPM': 488}"
2019-06-28 14:08:00,BID_DEPTH,"[(99057, 168)]"
2019-06-28 14:08:00,ASK_DEPTH,"[(99823, 198)]"
2019-06-28 14:08:00,IMBALANCE,"[168, 198]"
2019-06-28 14:08:00,HOLDINGS_UPDATED,"{'CASH': -39216080, 'JPM': 480}"
2019-06-28 14:09:00,BID_DEPTH,"[(99676, 149)]"
2019-06-28 14:09:00,ASK_DEPTH,"[(99823, 275)]"
2019-06-28 14:09:00,IMBALANCE,"[149, 275]"
2019-06-28 14:09:00,HOLDINGS_UPDATED,"{'CASH': -38418672, 'JPM': 472}"
2019-06-28 14:10:00,BID_DEPTH,"[(99676, 168)]"
2019-06-28 14:10:00,ASK_DEPTH,"[(99823, 190)]"
2019-06-28 14:10:00,IMBALANCE,"[168, 190]"
2019-06-28 14:10:00,HOLDINGS_UPDATED,"{'CASH': -37621264, 'JPM': 464}"
2019-06-28 14:11:00,BID_DEPTH,"[(99676, 267)]"
2019-06-28 14:11:00,ASK_DEPTH,"[(99823, 285)]"
2019-06-28 14:11:00,IMBALANCE,"[267, 285]"
2019-06-28 14:11:00,HOLDINGS_UPDATED,"{'CASH': -36823856, 'JPM': 456}"
2019-06-28 14:12:00,BID_DEPTH,"[(99823, 464)]"
2019-06-28 14:12:00,ASK_DEPTH,"[(99927, 494)]"
2019-06-28 14:12:00,IMBALANCE,"[464, 494]"
2019-06-28 14:12:00,HOLDINGS_UPDATED,"{'CASH': -36025272, 'JPM': 448}"
2019-06-28 14:13:00,BID_DEPTH,"[(99676, 464)]"
2019-06-28 14:13:00,ASK_DEPTH,"[(99948, 494)]"
2019-06-28 14:13:00,IMBALANCE,"[464, 494]"
2019-06-28 14:13:00,HOLDINGS_UPDATED,"{'CASH': -35227864, 'JPM': 440}"
2019-06-28 14:14:00,BID_DEPTH,"[(99057, 204)]"
2019-06-28 14:14:00,ASK_DEPTH,"[(100026, 334)]"
2019-06-28 14:14:00,IMBALANCE,"[204, 334]"
2019-06-28 14:14:00,HOLDINGS_UPDATED,"{'CASH': -34435408, 'JPM': 432}"
2019-06-28 14:15:00,BID_DEPTH,"[(99057, 149)]"
2019-06-28 14:15:00,ASK_DEPTH,"[(100043, 179)]"
2019-06-28 14:15:00,IMBALANCE,"[149, 179]"
2019-06-28 14:15:00,HOLDINGS_UPDATED,"{'CASH': -33642952, 'JPM': 424}"
2019-06-28 14:16:00,BID_DEPTH,"[(100046, 168)]"
2019-06-28 14:16:00,ASK_DEPTH,"[(100110, 198)]"
2019-06-28 14:16:00,IMBALANCE,"[168, 198]"
2019-06-28 14:16:00,HOLDINGS_UPDATED,"{'CASH': -32842584, 'JPM': 416}"
2019-06-28 14:17:00,BID_DEPTH,"[(100046, 268)]"
2019-06-28 14:17:00,ASK_DEPTH,"[(100167, 198)]"
2019-06-28 14:17:00,IMBALANCE,"[268, 198]"
2019-06-28 14:17:00,HOLDINGS_UPDATED,"{'CASH': -32042216, 'JPM': 408}"
2019-06-28 14:18:00,BID_DEPTH,"[(100046, 415)]"
2019-06-28 14:18:00,ASK_DEPTH,"[(100179, 494)]"
2019-06-28 14:18:00,IMBALANCE,"[415, 494]"
2019-06-28 14:18:00,HOLDINGS_UPDATED,"{'CASH': -31241848, 'JPM': 400}"
2019-06-28 14:19:00,BID_DEPTH,"[(100179, 93)]"
2019-06-28 14:19:00,ASK_DEPTH,"[(100218, 198)]"
2019-06-28 14:19:00,IMBALANCE,"[93, 198]"
2019-06-28 14:19:00,HOLDINGS_UPDATED,"{'CASH': -30440416, 'JPM': 392}"
2019-06-28 14:20:00,BID_DEPTH,"[(100046, 124)]"
2019-06-28 14:20:00,ASK_DEPTH,"[(100218, 179)]"
2019-06-28 14:20:00,IMBALANCE,"[124, 179]"
2019-06-28 14:20:00,HOLDINGS_UPDATED,"{'CASH': -29640048, 'JPM': 384}"
2019-06-28 14:21:00,BID_DEPTH,"[(99524, 149)]"
2019-06-28 14:21:00,ASK_DEPTH,"[(100218, 175)]"
2019-06-28 14:21:00,IMBALANCE,"[149, 175]"
2019-06-28 14:21:00,HOLDINGS_UPDATED,"{'CASH': -28843856, 'JPM': 376}"
2019-06-28 14:22:00,BID_DEPTH,"[(99373, 267)]"
2019-06-28 14:22:00,ASK_DEPTH,"[(99609, 297)]"
2019-06-28 14:22:00,IMBALANCE,"[267, 297]"
2019-06-28 14:22:00,HOLDINGS_UPDATED,"{'CASH': -28048872, 'JPM': 368}"
2019-06-28 14:23:00,BID_DEPTH,"[(99314, 464)]"
2019-06-28 14:23:00,ASK_DEPTH,"[(99609, 490)]"
2019-06-28 14:23:00,IMBALANCE,"[464, 490]"
2019-06-28 14:23:00,HOLDINGS_UPDATED,"{'CASH': -27254360, 'JPM': 360}"
2019-06-28 14:24:00,BID_DEPTH,"[(99314, 267)]"
2019-06-28 14:24:00,ASK_DEPTH,"[(99609, 289)]"
2019-06-28 14:24:00,IMBALANCE,"[267, 289]"
2019-06-28 14:24:00,HOLDINGS_UPDATED,"{'CASH': -26459848, 'JPM': 352}"
2019-06-28 14:25:00,BID_DEPTH,"[(99260, 464)]"
2019-06-28 14:25:00,ASK_DEPTH,"[(99632, 494)]"
2019-06-28 14:25:00,IMBALANCE,"[464, 494]"
2019-06-28 14:25:00,HOLDINGS_UPDATED,"{'CASH': -25665768, 'JPM': 344}"
2019-06-28 14:26:00,BID_DEPTH,"[(99211, 168)]"
2019-06-28 14:26:00,ASK_DEPTH,"[(99217, 119)]"
2019-06-28 14:26:00,IMBALANCE,"[168, 119]"
2019-06-28 14:26:00,HOLDINGS_UPDATED,"{'CASH': -24872080, 'JPM': 336}"
2019-06-28 14:27:00,BID_DEPTH,"[(99346, 204)]"
2019-06-28 14:27:00,ASK_DEPTH,"[(99364, 234)]"
2019-06-28 14:27:00,IMBALANCE,"[204, 234]"
2019-06-28 14:27:00,HOLDINGS_UPDATED,"{'CASH': -24077312, 'JPM': 328}"
2019-06-28 14:28:00,BID_DEPTH,"[(99206, 464)]"
2019-06-28 14:28:00,ASK_DEPTH,"[(99233, 494)]"
2019-06-28 14:28:00,IMBALANCE,"[464, 494]"
2019-06-28 14:28:00,HOLDINGS_UPDATED,"{'CASH': -23283664, 'JPM': 320}"
2019-06-28 14:29:00,BID_DEPTH,"[(99206, 204)]"
2019-06-28 14:29:00,ASK_DEPTH,"[(99233, 234)]"
2019-06-28 14:29:00,IMBALANCE,"[204, 234]"
2019-06-28 14:29:00,HOLDINGS_UPDATED,"{'CASH': -22490016, 'JPM': 312}"
2019-06-28 14:30:00,BID_DEPTH,"[(99192, 168)]"
2019-06-28 14:30:00,ASK_DEPTH,"[(99233, 198)]"
2019-06-28 14:30:00,IMBALANCE,"[168, 198]"
2019-06-28 14:30:00,HOLDINGS_UPDATED,"{'CASH': -21696480, 'JPM': 304}"
2019-06-28 14:31:00,BID_DEPTH,"[(98946, 168)]"
2019-06-28 14:31:00,ASK_DEPTH,"[(99631, 198)]"
2019-06-28 14:31:00,IMBALANCE,"[168, 198]"
2019-06-28 14:31:00,HOLDINGS_UPDATED,"{'CASH': -20904912, 'JPM': 296}"
2019-06-28 14:32:00,BID_DEPTH,"[(98833, 464)]"
2019-06-28 14:32:00,ASK_DEPTH,"[(100041, 494)]"
2019-06-28 14:32:00,IMBALANCE,"[464, 494]"
2019-06-28 14:32:00,HOLDINGS_UPDATED,"{'CASH': -20114248, 'JPM': 288}"
2019-06-28 14:33:00,BID_DEPTH,"[(99868, 168)]"
2019-06-28 14:33:00,ASK_DEPTH,"[(100041, 198)]"
2019-06-28 14:33:00,IMBALANCE,"[168, 198]"
2019-06-28 14:33:00,HOLDINGS_UPDATED,"{'CASH': -19315304, 'JPM': 280}"
2019-06-28 14:34:00,BID_DEPTH,"[(98833, 168)]"
2019-06-28 14:34:00,ASK_DEPTH,"[(99580, 198)]"
2019-06-28 14:34:00,IMBALANCE,"[168, 198]"
2019-06-28 14:34:00,HOLDINGS_UPDATED,"{'CASH': -18524640, 'JPM': 272}"
2019-06-28 14:35:00,BID_DEPTH,"[(99439, 267)]"
2019-06-28 14:35:00,ASK_DEPTH,"[(99535, 297)]"
2019-06-28 14:35:00,IMBALANCE,"[267, 297]"
2019-06-28 14:35:00,HOLDINGS_UPDATED,"{'CASH': -17729128, 'JPM': 264}"
2019-06-28 14:36:00,BID_DEPTH,"[(99216, 168)]"
2019-06-28 14:36:00,ASK_DEPTH,"[(99439, 298)]"
2019-06-28 14:36:00,IMBALANCE,"[168, 298]"
2019-06-28 14:36:00,HOLDINGS_UPDATED,"{'CASH': -16935400, 'JPM': 256}"
2019-06-28 14:37:00,BID_DEPTH,"[(99019, 149)]"
2019-06-28 14:37:00,ASK_DEPTH,"[(99216, 230)]"
2019-06-28 14:37:00,IMBALANCE,"[149, 230]"
2019-06-28 14:37:00,HOLDINGS_UPDATED,"{'CASH': -16143248, 'JPM': 248}"
2019-06-28 14:38:00,BID_DEPTH,"[(98816, 149)]"
2019-06-28 14:38:00,ASK_DEPTH,"[(99019, 349)]"
2019-06-28 14:38:00,IMBALANCE,"[149, 349]"
2019-06-28 14:38:00,HOLDINGS_UPDATED,"{'CASH': -15352720, 'JPM': 240}"
2019-06-28 14:39:00,BID_DEPTH,"[(98558, 267)]"
2019-06-28 14:39:00,ASK_DEPTH,"[(99019, 367)]"
2019-06-28 14:39:00,IMBALANCE,"[267, 367]"
2019-06-28 14:39:00,HOLDINGS_UPDATED,"{'CASH': -14564256, 'JPM': 232}"
2019-06-28 14:40:00,BID_DEPTH,"[(98509, 267)]"
2019-06-28 14:40:00,ASK_DEPTH,"[(99019, 267)]"
2019-06-28 14:40:00,IMBALANCE,"[267, 267]"
2019-06-28 14:40:00,HOLDINGS_UPDATED,"{'CASH': -13776184, 'JPM': 224}"
2019-06-28 14:41:00,BID_DEPTH,[]
2019-06-28 14:41:00,ASK_DEPTH,"[(99098, 100)]"
2019-06-28 14:41:00,IMBALANCE,"[0, 100]"
2019-06-28 14:42:00,BID_DEPTH,[]
2019-06-28 14:42:00,ASK_DEPTH,"[(99325, 100)]"
2019-06-28 14:42:00,IMBALANCE,"[0, 100]"
2019-06-28 14:43:00,BID_DEPTH,"[(99222, 204)]"
2019-06-28 14:43:00,ASK_DEPTH,"[(99439, 234)]"
2019-06-28 14:43:00,IMBALANCE,"[204, 234]"
2019-06-28 14:43:00,HOLDINGS_UPDATED,"{'CASH': -12982408, 'JPM': 216}"
2019-06-28 14:44:00,BID_DEPTH,"[(99216, 267)]"
2019-06-28 14:44:00,ASK_DEPTH,"[(99439, 297)]"
2019-06-28 14:44:00,IMBALANCE,"[267, 297]"
2019-06-28 14:44:00,HOLDINGS_UPDATED,"{'CASH': -12188680, 'JPM': 208}"
2019-06-28 14:45:00,BID_DEPTH,"[(99126, 464)]"
2019-06-28 14:45:00,ASK_DEPTH,"[(99439, 494)]"
2019-06-28 14:45:00,IMBALANCE,"[464, 494]"
2019-06-28 14:45:00,HOLDINGS_UPDATED,"{'CASH': -11395672, 'JPM': 200}"
2019-06-28 14:46:00,BID_DEPTH,"[(99379, 267)]"
2019-06-28 14:46:00,ASK_DEPTH,"[(99468, 297)]"
2019-06-28 14:46:00,IMBALANCE,"[267, 297]"
2019-06-28 14:46:00,HOLDINGS_UPDATED,"{'CASH': -10600640, 'JPM': 192}"
2019-06-28 14:47:00,BID_DEPTH,"[(99103, 464)]"
2019-06-28 14:47:00,ASK_DEPTH,"[(99504, 494)]"
2019-06-28 14:47:00,IMBALANCE,"[464, 494]"
2019-06-28 14:47:00,HOLDINGS_UPDATED,"{'CASH': -9807816, 'JPM': 184}"
2019-06-28 14:48:00,BID_DEPTH,[]
2019-06-28 14:48:00,ASK_DEPTH,"[(99535, 100)]"
2019-06-28 14:48:00,IMBALANCE,"[0, 100]"
2019-06-28 14:49:00,BID_DEPTH,[]
2019-06-28 14:49:00,ASK_DEPTH,"[(99604, 100)]"
2019-06-28 14:49:00,IMBALANCE,"[0, 100]"
2019-06-28 14:50:00,BID_DEPTH,[]
2019-06-28 14:50:00,ASK_DEPTH,"[(99632, 100)]"
2019-06-28 14:50:00,IMBALANCE,"[0, 100]"
2019-06-28 14:51:00,BID_DEPTH,[]
2019-06-28 14:51:00,ASK_DEPTH,"[(99632, 100)]"
2019-06-28 14:51:00,IMBALANCE,"[0, 100]"
2019-06-28 14:52:00,BID_DEPTH,"[(99570, 168)]"
2019-06-28 14:52:00,ASK_DEPTH,"[(99632, 198)]"
2019-06-28 14:52:00,IMBALANCE,"[168, 198]"
2019-06-28 14:52:00,HOLDINGS_UPDATED,"{'CASH': -9011256, 'JPM': 176}"
2019-06-28 14:53:00,BID_DEPTH,"[(99570, 204)]"
2019-06-28 14:53:00,ASK_DEPTH,"[(99754, 234)]"
2019-06-28 14:53:00,IMBALANCE,"[204, 234]"
2019-06-28 14:53:00,HOLDINGS_UPDATED,"{'CASH': -8214696, 'JPM': 168}"
2019-06-28 14:54:00,BID_DEPTH,[]
2019-06-28 14:54:00,ASK_DEPTH,"[(99868, 151)]"
2019-06-28 14:54:00,IMBALANCE,"[0, 151]"
2019-06-28 14:55:00,BID_DEPTH,"[(99846, 168)]"
2019-06-28 14:55:00,ASK_DEPTH,"[(99868, 149)]"
2019-06-28 14:55:00,IMBALANCE,"[168, 149]"
2019-06-28 14:55:00,HOLDINGS_UPDATED,"{'CASH': -7415928, 'JPM': 160}"
2019-06-28 14:56:00,BID_DEPTH,[]
2019-06-28 14:56:00,ASK_DEPTH,"[(99498, 100)]"
2019-06-28 14:56:00,IMBALANCE,"[0, 100]"
2019-06-28 14:57:00,BID_DEPTH,"[(99775, 366)]"
2019-06-28 14:57:00,ASK_DEPTH,"[(100009, 494)]"
2019-06-28 14:57:00,IMBALANCE,"[366, 494]"
2019-06-28 14:57:00,HOLDINGS_UPDATED,"{'CASH': -6617728, 'JPM': 152}"
2019-06-28 14:58:00,BID_DEPTH,"[(99876, 464)]"
2019-06-28 14:58:00,ASK_DEPTH,"[(100012, 494)]"
2019-06-28 14:58:00,IMBALANCE,"[464, 494]"
2019-06-28 14:58:00,HOLDINGS_UPDATED,"{'CASH': -5818720, 'JPM': 144}"
2019-06-28 14:59:00,BID_DEPTH,"[(99717, 267)]"
2019-06-28 14:59:00,ASK_DEPTH,"[(99982, 297)]"
2019-06-28 14:59:00,IMBALANCE,"[267, 297]"
2019-06-28 14:59:00,HOLDINGS_UPDATED,"{'CASH': -5020984, 'JPM': 136}"
2019-06-28 15:00:00,BID_DEPTH,"[(99717, 268)]"
2019-06-28 15:00:00,ASK_DEPTH,"[(99982, 198)]"
2019-06-28 15:00:00,IMBALANCE,"[268, 198]"
2019-06-28 15:00:00,HOLDINGS_UPDATED,"{'CASH': -4223248, 'JPM': 128}"
2019-06-28 15:01:00,BID_DEPTH,"[(99552, 267)]"
2019-06-28 15:01:00,ASK_DEPTH,"[(99716, 297)]"
2019-06-28 15:01:00,IMBALANCE,"[267, 297]"
2019-06-28 15:01:00,HOLDINGS_UPDATED,"{'CASH': -3426832, 'JPM': 120}"
2019-06-28 15:02:00,BID_DEPTH,"[(99377, 168)]"
2019-06-28 15:02:00,ASK_DEPTH,"[(99644, 198)]"
2019-06-28 15:02:00,IMBALANCE,"[168, 198]"
2019-06-28 15:02:00,HOLDINGS_UPDATED,"{'CASH': -2631816, 'JPM': 112}"
2019-06-28 15:03:00,BID_DEPTH,"[(99372, 464)]"
2019-06-28 15:03:00,ASK_DEPTH,"[(99604, 494)]"
2019-06-28 15:03:00,IMBALANCE,"[464, 494]"
2019-06-28 15:03:00,HOLDINGS_UPDATED,"{'CASH': -1836840, 'JPM': 104}"
2019-06-28 15:04:00,BID_DEPTH,"[(99029, 204)]"
2019-06-28 15:04:00,ASK_DEPTH,"[(99604, 234)]"
2019-06-28 15:04:00,IMBALANCE,"[204, 234]"
2019-06-28 15:04:00,HOLDINGS_UPDATED,"{'CASH': -1044608, 'JPM': 96}"
2019-06-28 15:05:00,BID_DEPTH,"[(98986, 149)]"
2019-06-28 15:05:00,ASK_DEPTH,"[(99604, 179)]"
2019-06-28 15:05:00,IMBALANCE,"[149, 179]"
2019-06-28 15:05:00,HOLDINGS_UPDATED,"{'CASH': -252720, 'JPM': 88}"
2019-06-28 15:06:00,BID_DEPTH,"[(99325, 149)]"
2019-06-28 15:06:00,ASK_DEPTH,"[(99675, 179)]"
2019-06-28 15:06:00,IMBALANCE,"[149, 179]"
2019-06-28 15:06:00,HOLDINGS_UPDATED,"{'CASH': 541880, 'JPM': 80}"
2019-06-28 15:07:00,BID_DEPTH,"[(99226, 149)]"
2019-06-28 15:07:00,ASK_DEPTH,"[(99245, 179)]"
2019-06-28 15:07:00,IMBALANCE,"[149, 179]"
2019-06-28 15:07:00,HOLDINGS_UPDATED,"{'CASH': 1335688, 'JPM': 72}"
2019-06-28 15:08:00,BID_DEPTH,"[(99226, 179)]"
2019-06-28 15:08:00,ASK_DEPTH,"[(99245, 149)]"
2019-06-28 15:08:00,IMBALANCE,"[179, 149]"
2019-06-28 15:08:00,HOLDINGS_UPDATED,"{'CASH': 541728, 'JPM': 80}"
2019-06-28 15:09:00,BID_DEPTH,"[(99245, 179)]"
2019-06-28 15:09:00,ASK_DEPTH,"[(99329, 149)]"
2019-06-28 15:09:00,IMBALANCE,"[179, 149]"
2019-06-28 15:09:00,HOLDINGS_UPDATED,"{'CASH': -252904, 'JPM': 88}"
2019-06-28 15:10:00,BID_DEPTH,"[(99226, 234)]"
2019-06-28 15:10:00,ASK_DEPTH,"[(99328, 204)]"
2019-06-28 15:10:00,IMBALANCE,"[234, 204]"
2019-06-28 15:10:00,HOLDINGS_UPDATED,"{'CASH': -1047528, 'JPM': 96}"
2019-06-28 15:11:00,BID_DEPTH,"[(99202, 198)]"
2019-06-28 15:11:00,ASK_DEPTH,"[(99203, 168)]"
2019-06-28 15:11:00,IMBALANCE,"[198, 168]"
2019-06-28 15:11:00,HOLDINGS_UPDATED,"{'CASH': -1841152, 'JPM': 104}"
2019-06-28 15:12:00,BID_DEPTH,"[(99141, 234)]"
2019-06-28 15:12:00,ASK_DEPTH,"[(99328, 204)]"
2019-06-28 15:12:00,IMBALANCE,"[234, 204]"
2019-06-28 15:12:00,HOLDINGS_UPDATED,"{'CASH': -2635776, 'JPM': 112}"
2019-06-28 15:13:00,BID_DEPTH,"[(99328, 297)]"
2019-06-28 15:13:00,ASK_DEPTH,"[(99675, 267)]"
2019-06-28 15:13:00,IMBALANCE,"[297, 267]"
2019-06-28 15:13:00,HOLDINGS_UPDATED,"{'CASH': -3433176, 'JPM': 120}"
2019-06-28 15:14:00,BID_DEPTH,"[(99609, 297)]"
2019-06-28 15:14:00,ASK_DEPTH,"[(99675, 215)]"
2019-06-28 15:14:00,IMBALANCE,"[297, 215]"
2019-06-28 15:14:00,HOLDINGS_UPDATED,"{'CASH': -4230576, 'JPM': 128}"
2019-06-28 15:15:00,BID_DEPTH,"[(99609, 297)]"
2019-06-28 15:15:00,ASK_DEPTH,"[(99675, 367)]"
2019-06-28 15:15:00,IMBALANCE,"[297, 367]"
2019-06-28 15:15:00,HOLDINGS_UPDATED,"{'CASH': -5027976, 'JPM': 136}"
2019-06-28 15:16:00,BID_DEPTH,"[(99552, 179)]"
2019-06-28 15:16:00,ASK_DEPTH,"[(99671, 149)]"
2019-06-28 15:16:00,IMBALANCE,"[179, 149]"
2019-06-28 15:16:00,HOLDINGS_UPDATED,"{'CASH': -5825344, 'JPM': 144}"
2019-06-28 15:17:00,BID_DEPTH,"[(99443, 297)]"
2019-06-28 15:17:00,ASK_DEPTH,"[(99552, 188)]"
2019-06-28 15:17:00,IMBALANCE,"[297, 188]"
2019-06-28 15:17:00,HOLDINGS_UPDATED,"{'CASH': -6621760, 'JPM': 152}"
2019-06-28 15:18:00,BID_DEPTH,"[(99552, 297)]"
2019-06-28 15:18:00,ASK_DEPTH,"[(99666, 267)]"
2019-06-28 15:18:00,IMBALANCE,"[297, 267]"
2019-06-28 15:18:00,HOLDINGS_UPDATED,"{'CASH': -7419088, 'JPM': 160}"
2019-06-28 15:19:00,BID_DEPTH,"[(99666, 234)]"
2019-06-28 15:19:00,ASK_DEPTH,"[(99726, 204)]"
2019-06-28 15:19:00,IMBALANCE,"[234, 204]"
2019-06-28 15:19:00,HOLDINGS_UPDATED,"{'CASH': -8216896, 'JPM': 168}"
2019-06-28 15:20:00,BID_DEPTH,"[(99726, 194)]"
2019-06-28 15:20:00,ASK_DEPTH,"[(99982, 149)]"
2019-06-28 15:20:00,IMBALANCE,"[194, 149]"
2019-06-28 15:20:00,HOLDINGS_UPDATED,"{'CASH': -9016752, 'JPM': 176}"
2019-06-28 15:21:00,BID_DEPTH,"[(99797, 198)]"
2019-06-28 15:21:00,ASK_DEPTH,"[(99982, 100)]"
2019-06-28 15:21:00,IMBALANCE,"[198, 100]"
2019-06-28 15:21:00,HOLDINGS_UPDATED,"{'CASH': -9216716, 'JPM': 178}"
2019-06-28 15:21:00,HOLDINGS_UPDATED,"{'CASH': -9816608, 'JPM': 184}"
2019-06-28 15:22:00,BID_DEPTH,"[(99726, 212)]"
2019-06-28 15:22:00,ASK_DEPTH,"[(99982, 265)]"
2019-06-28 15:22:00,IMBALANCE,"[212, 265]"
2019-06-28 15:22:00,HOLDINGS_UPDATED,"{'CASH': -10616464, 'JPM': 192}"
2019-06-28 15:23:00,BID_DEPTH,"[(99689, 494)]"
2019-06-28 15:23:00,ASK_DEPTH,"[(99982, 464)]"
2019-06-28 15:23:00,IMBALANCE,"[494, 464]"
2019-06-28 15:23:00,HOLDINGS_UPDATED,"{'CASH': -11416320, 'JPM': 200}"
2019-06-28 15:24:00,BID_DEPTH,"[(99689, 297)]"
2019-06-28 15:24:00,ASK_DEPTH,"[(99982, 267)]"
2019-06-28 15:24:00,IMBALANCE,"[297, 267]"
2019-06-28 15:24:00,HOLDINGS_UPDATED,"{'CASH': -12216176, 'JPM': 208}"
2019-06-28 15:25:00,BID_DEPTH,"[(99748, 234)]"
2019-06-28 15:25:00,ASK_DEPTH,"[(100050, 187)]"
2019-06-28 15:25:00,IMBALANCE,"[234, 187]"
2019-06-28 15:25:00,HOLDINGS_UPDATED,"{'CASH': -13016576, 'JPM': 216}"
2019-06-28 15:26:00,BID_DEPTH,"[(99679, 234)]"
2019-06-28 15:26:00,ASK_DEPTH,"[(100148, 204)]"
2019-06-28 15:26:00,IMBALANCE,"[234, 204]"
2019-06-28 15:26:00,HOLDINGS_UPDATED,"{'CASH': -13817760, 'JPM': 224}"
2019-06-28 15:27:00,BID_DEPTH,"[(99679, 590)]"
2019-06-28 15:27:00,ASK_DEPTH,"[(100201, 464)]"
2019-06-28 15:27:00,IMBALANCE,"[590, 464]"
2019-06-28 15:27:00,HOLDINGS_UPDATED,"{'CASH': -14619368, 'JPM': 232}"
2019-06-28 15:28:00,BID_DEPTH,"[(99679, 426)]"
2019-06-28 15:28:00,ASK_DEPTH,"[(100234, 204)]"
2019-06-28 15:28:00,IMBALANCE,"[426, 204]"
2019-06-28 15:28:00,HOLDINGS_UPDATED,"{'CASH': -15421240, 'JPM': 240}"
2019-06-28 15:29:00,BID_DEPTH,"[(99679, 485)]"
2019-06-28 15:29:00,ASK_DEPTH,"[(100234, 267)]"
2019-06-28 15:29:00,IMBALANCE,"[485, 267]"
2019-06-28 15:29:00,HOLDINGS_UPDATED,"{'CASH': -16223112, 'JPM': 248}"
2019-06-28 15:30:00,BID_DEPTH,"[(100197, 198)]"
2019-06-28 15:30:00,ASK_DEPTH,"[(100363, 168)]"
2019-06-28 15:30:00,IMBALANCE,"[198, 168]"
2019-06-28 15:30:00,HOLDINGS_UPDATED,"{'CASH': -17026016, 'JPM': 256}"
2019-06-28 15:31:00,BID_DEPTH,"[(100449, 179)]"
2019-06-28 15:31:00,ASK_DEPTH,"[(100474, 149)]"
2019-06-28 15:31:00,IMBALANCE,"[179, 149]"
2019-06-28 15:31:00,HOLDINGS_UPDATED,"{'CASH': -17829808, 'JPM': 264}"
2019-06-28 15:32:00,BID_DEPTH,"[(100449, 175)]"
2019-06-28 15:32:00,ASK_DEPTH,"[(100497, 149)]"
2019-06-28 15:32:00,IMBALANCE,"[175, 149]"
2019-06-28 15:32:00,HOLDINGS_UPDATED,"{'CASH': -18633784, 'JPM': 272}"
2019-06-28 15:33:00,BID_DEPTH,"[(100435, 234)]"
2019-06-28 15:33:00,ASK_DEPTH,"[(100510, 204)]"
2019-06-28 15:33:00,IMBALANCE,"[234, 204]"
2019-06-28 15:33:00,HOLDINGS_UPDATED,"{'CASH': -19437864, 'JPM': 280}"
2019-06-28 15:34:00,BID_DEPTH,"[(100197, 490)]"
2019-06-28 15:34:00,ASK_DEPTH,"[(100372, 464)]"
2019-06-28 15:34:00,IMBALANCE,"[490, 464]"
2019-06-28 15:34:00,HOLDINGS_UPDATED,"{'CASH': -20240840, 'JPM': 288}"
2019-06-28 15:35:00,BID_DEPTH,"[(100075, 494)]"
2019-06-28 15:35:00,ASK_DEPTH,"[(100197, 464)]"
2019-06-28 15:35:00,IMBALANCE,"[494, 464]"
2019-06-28 15:35:00,HOLDINGS_UPDATED,"{'CASH': -21042416, 'JPM': 296}"
2019-06-28 15:36:00,BID_DEPTH,"[(100177, 234)]"
2019-06-28 15:36:00,ASK_DEPTH,"[(100243, 204)]"
2019-06-28 15:36:00,IMBALANCE,"[234, 204]"
2019-06-28 15:36:00,HOLDINGS_UPDATED,"{'CASH': -21844360, 'JPM': 304}"
2019-06-28 15:37:00,BID_DEPTH,"[(100227, 234)]"
2019-06-28 15:37:00,ASK_DEPTH,"[(100371, 204)]"
2019-06-28 15:37:00,IMBALANCE,"[234, 204]"
2019-06-28 15:37:00,HOLDINGS_UPDATED,"{'CASH': -22647328, 'JPM': 312}"
2019-06-28 15:38:00,BID_DEPTH,"[(100227, 293)]"
2019-06-28 15:38:00,ASK_DEPTH,"[(100233, 267)]"
2019-06-28 15:38:00,IMBALANCE,"[293, 267]"
2019-06-28 15:38:00,HOLDINGS_UPDATED,"{'CASH': -23449192, 'JPM': 320}"
2019-06-28 15:39:00,BID_DEPTH,"[(100228, 379)]"
2019-06-28 15:39:00,ASK_DEPTH,"[(100519, 149)]"
2019-06-28 15:39:00,IMBALANCE,"[379, 149]"
2019-06-28 15:39:00,HOLDINGS_UPDATED,"{'CASH': -24253344, 'JPM': 328}"
2019-06-28 15:40:00,BID_DEPTH,"[(100229, 297)]"
2019-06-28 15:40:00,ASK_DEPTH,"[(100573, 267)]"
2019-06-28 15:40:00,IMBALANCE,"[297, 267]"
2019-06-28 15:40:00,HOLDINGS_UPDATED,"{'CASH': -25057928, 'JPM': 336}"
2019-06-28 15:41:00,BID_DEPTH,"[(100230, 198)]"
2019-06-28 15:41:00,ASK_DEPTH,"[(100763, 168)]"
2019-06-28 15:41:00,IMBALANCE,"[198, 168]"
2019-06-28 15:41:00,HOLDINGS_UPDATED,"{'CASH': -25864032, 'JPM': 344}"
2019-06-28 15:42:00,BID_DEPTH,"[(100887, 297)]"
2019-06-28 15:42:00,ASK_DEPTH,"[(100991, 267)]"
2019-06-28 15:42:00,IMBALANCE,"[297, 267]"
2019-06-28 15:42:00,HOLDINGS_UPDATED,"{'CASH': -26671960, 'JPM': 352}"
2019-06-28 15:43:00,BID_DEPTH,"[(100467, 234)]"
2019-06-28 15:43:00,ASK_DEPTH,"[(101082, 204)]"
2019-06-28 15:43:00,IMBALANCE,"[234, 204]"
2019-06-28 15:43:00,HOLDINGS_UPDATED,"{'CASH': -27480616, 'JPM': 360}"
2019-06-28 15:44:00,BID_DEPTH,"[(100602, 494)]"
2019-06-28 15:44:00,ASK_DEPTH,"[(100841, 464)]"
2019-06-28 15:44:00,IMBALANCE,"[494, 464]"
2019-06-28 15:44:00,HOLDINGS_UPDATED,"{'CASH': -28287344, 'JPM': 368}"
2019-06-28 15:45:00,BID_DEPTH,"[(100467, 230)]"
2019-06-28 15:45:00,ASK_DEPTH,"[(100668, 204)]"
2019-06-28 15:45:00,IMBALANCE,"[230, 204]"
2019-06-28 15:45:00,HOLDINGS_UPDATED,"{'CASH': -29092688, 'JPM': 376}"
2019-06-28 15:46:00,BID_DEPTH,"[(100467, 190)]"
2019-06-28 15:46:00,ASK_DEPTH,"[(100841, 168)]"
2019-06-28 15:46:00,IMBALANCE,"[190, 168]"
2019-06-28 15:46:00,HOLDINGS_UPDATED,"{'CASH': -29899416, 'JPM': 384}"
2019-06-28 15:47:00,BID_DEPTH,"[(100782, 494)]"
2019-06-28 15:47:00,ASK_DEPTH,"[(101104, 464)]"
2019-06-28 15:47:00,IMBALANCE,"[494, 464]"
2019-06-28 15:47:00,HOLDINGS_UPDATED,"{'CASH': -30708248, 'JPM': 392}"
2019-06-28 15:48:00,BID_DEPTH,"[(100809, 179)]"
2019-06-28 15:48:00,ASK_DEPTH,"[(101176, 149)]"
2019-06-28 15:48:00,IMBALANCE,"[179, 149]"
2019-06-28 15:48:00,HOLDINGS_UPDATED,"{'CASH': -31517656, 'JPM': 400}"
2019-06-28 15:49:00,BID_DEPTH,"[(100809, 230)]"
2019-06-28 15:49:00,ASK_DEPTH,"[(101140, 204)]"
2019-06-28 15:49:00,IMBALANCE,"[230, 204]"
2019-06-28 15:49:00,HOLDINGS_UPDATED,"{'CASH': -32326776, 'JPM': 408}"
2019-06-28 15:50:00,BID_DEPTH,"[(101072, 198)]"
2019-06-28 15:50:00,ASK_DEPTH,"[(101202, 168)]"
2019-06-28 15:50:00,IMBALANCE,"[198, 168]"
2019-06-28 15:50:00,HOLDINGS_UPDATED,"{'CASH': -33136392, 'JPM': 416}"
2019-06-28 15:51:00,BID_DEPTH,"[(100809, 171)]"
2019-06-28 15:51:00,ASK_DEPTH,"[(101072, 149)]"
2019-06-28 15:51:00,IMBALANCE,"[171, 149]"
2019-06-28 15:51:00,HOLDINGS_UPDATED,"{'CASH': -33944968, 'JPM': 424}"
2019-06-28 15:52:00,BID_DEPTH,"[(100722, 198)]"
2019-06-28 15:52:00,ASK_DEPTH,"[(101072, 168)]"
2019-06-28 15:52:00,IMBALANCE,"[198, 168]"
2019-06-28 15:52:00,HOLDINGS_UPDATED,"{'CASH': -34753544, 'JPM': 432}"
2019-06-28 15:53:00,BID_DEPTH,"[(100467, 167)]"
2019-06-28 15:53:00,ASK_DEPTH,"[(101213, 149)]"
2019-06-28 15:53:00,IMBALANCE,"[167, 149]"
2019-06-28 15:53:00,HOLDINGS_UPDATED,"{'CASH': -35563248, 'JPM': 440}"
2019-06-28 15:54:00,BID_DEPTH,"[(100453, 198)]"
2019-06-28 15:54:00,ASK_DEPTH,"[(101309, 168)]"
2019-06-28 15:54:00,IMBALANCE,"[198, 168]"
2019-06-28 15:54:00,HOLDINGS_UPDATED,"{'CASH': -36373720, 'JPM': 448}"
2019-06-28 15:55:00,BID_DEPTH,"[(100421, 198)]"
2019-06-28 15:55:00,ASK_DEPTH,"[(100485, 168)]"
2019-06-28 15:55:00,IMBALANCE,"[198, 168]"
2019-06-28 15:55:00,HOLDINGS_UPDATED,"{'CASH': -37177600, 'JPM': 456}"
2019-06-28 15:56:00,BID_DEPTH,"[(100299, 494)]"
2019-06-28 15:56:00,ASK_DEPTH,"[(100571, 464)]"
2019-06-28 15:56:00,IMBALANCE,"[494, 464]"
2019-06-28 15:56:00,HOLDINGS_UPDATED,"{'CASH': -37982168, 'JPM': 464}"
2019-06-28 15:57:00,BID_DEPTH,"[(100274, 179)]"
2019-06-28 15:57:00,ASK_DEPTH,"[(100571, 149)]"
2019-06-28 15:57:00,IMBALANCE,"[179, 149]"
2019-06-28 15:57:00,HOLDINGS_UPDATED,"{'CASH': -38786736, 'JPM': 472}"
2019-06-28 15:58:00,BID_DEPTH,"[(100722, 297)]"
2019-06-28 15:58:00,ASK_DEPTH,"[(101309, 267)]"
2019-06-28 15:58:00,IMBALANCE,"[297, 267]"
2019-06-28 15:58:00,HOLDINGS_UPDATED,"{'CASH': -39597208, 'JPM': 480}"
2019-06-28 15:59:00,BID_DEPTH,"[(100722, 100)]"
2019-06-28 15:59:00,ASK_DEPTH,[]
2019-06-28 15:59:00,IMBALANCE,"[100, 0]"
2019-06-28 16:00:00,BID_DEPTH,"[(101232, 100)]"
2019-06-28 16:00:00,ASK_DEPTH,[]
2019-06-28 16:00:00,IMBALANCE,"[100, 0]"
2019-06-28 16:01:00,BID_DEPTH,"[(101232, 100)]"
2019-06-28 16:01:00,ASK_DEPTH,[]
2019-06-28 16:01:00,IMBALANCE,"[100, 0]"
2019-06-28 16:01:00,FINAL_HOLDINGS,"{ JPM: 480, CASH: -39597208 }"
2019-06-28 16:01:00,FINAL_CASH_POSITION,-39597208
2019-06-28 16:01:00,MARK_TO_MARKET,480 JPM @ 101309 == 48628320
2019-06-28 16:01:00,MARKED_TO_MARKET,9031112
2019-06-28 16:01:00,ENDING_CASH,9031112
