EventTime,EventType,Event
,AGENT_TYPE,MomentumAgent
,STARTING_CASH,10000000
2019-06-28 09:30:00,HOLDINGS_UPDATED,{'CASH': 10000000}
2019-06-28 09:31:00,BID_DEPTH,"[(100000, 360)]"
2019-06-28 09:31:00,ASK_DEPTH,"[(100008, 360)]"
2019-06-28 09:31:00,IMBALANCE,"[360, 360]"
2019-06-28 09:32:00,BID_DEPTH,"[(99980, 265)]"
2019-06-28 09:32:00,ASK_DEPTH,"[(100007, 165)]"
2019-06-28 09:32:00,IMBALANCE,"[265, 165]"
2019-06-28 09:33:00,BID_DEPTH,"[(99978, 430)]"
2019-06-28 09:33:00,ASK_DEPTH,"[(99980, 230)]"
2019-06-28 09:33:00,IMBALANCE,"[430, 230]"
2019-06-28 09:34:00,BID_DEPTH,"[(99978, 388)]"
2019-06-28 09:34:00,ASK_DEPTH,"[(99980, 188)]"
2019-06-28 09:34:00,IMBALANCE,"[388, 188]"
2019-06-28 09:35:00,BID_DEPTH,"[(99978, 360)]"
2019-06-28 09:35:00,ASK_DEPTH,"[(99980, 360)]"
2019-06-28 09:35:00,IMBALANCE,"[360, 360]"
2019-06-28 09:36:00,BID_DEPTH,"[(99963, 360)]"
2019-06-28 09:36:00,ASK_DEPTH,"[(99978, 360)]"
2019-06-28 09:36:00,IMBALANCE,"[360, 360]"
2019-06-28 09:37:00,BID_DEPTH,"[(99932, 152)]"
2019-06-28 09:37:00,ASK_DEPTH,"[(99977, 252)]"
2019-06-28 09:37:00,IMBALANCE,"[152, 252]"
2019-06-28 09:38:00,BID_DEPTH,"[(99930, 188)]"
2019-06-28 09:38:00,ASK_DEPTH,"[(99947, 188)]"
2019-06-28 09:38:00,IMBALANCE,"[188, 188]"
2019-06-28 09:39:00,BID_DEPTH,"[(99898, 152)]"
2019-06-28 09:39:00,ASK_DEPTH,"[(99947, 152)]"
2019-06-28 09:39:00,IMBALANCE,"[152, 152]"
2019-06-28 09:40:00,BID_DEPTH,"[(99697, 230)]"
2019-06-28 09:40:00,ASK_DEPTH,"[(99726, 230)]"
2019-06-28 09:40:00,IMBALANCE,"[230, 230]"
2019-06-28 09:41:00,BID_DEPTH,"[(99697, 152)]"
2019-06-28 09:41:00,ASK_DEPTH,"[(99726, 152)]"
2019-06-28 09:41:00,IMBALANCE,"[152, 152]"
2019-06-28 09:42:00,BID_DEPTH,"[(99065, 152)]"
2019-06-28 09:42:00,ASK_DEPTH,"[(99088, 152)]"
2019-06-28 09:42:00,IMBALANCE,"[152, 152]"
2019-06-28 09:43:00,BID_DEPTH,"[(99065, 165)]"
2019-06-28 09:43:00,ASK_DEPTH,"[(99274, 165)]"
2019-06-28 09:43:00,IMBALANCE,"[165, 165]"
2019-06-28 09:44:00,BID_DEPTH,"[(99065, 188)]"
2019-06-28 09:44:00,ASK_DEPTH,"[(99087, 188)]"
2019-06-28 09:44:00,IMBALANCE,"[188, 188]"
2019-06-28 09:45:00,BID_DEPTH,"[(99065, 165)]"
2019-06-28 09:45:00,ASK_DEPTH,"[(99087, 365)]"
2019-06-28 09:45:00,IMBALANCE,"[165, 365]"
2019-06-28 09:46:00,BID_DEPTH,"[(99008, 165)]"
2019-06-28 09:46:00,ASK_DEPTH,"[(99071, 165)]"
2019-06-28 09:46:00,IMBALANCE,"[165, 165]"
2019-06-28 09:47:00,BID_DEPTH,"[(99008, 152)]"
2019-06-28 09:47:00,ASK_DEPTH,"[(99071, 152)]"
2019-06-28 09:47:00,IMBALANCE,"[152, 152]"
2019-06-28 09:48:00,BID_DEPTH,"[(99008, 360)]"
2019-06-28 09:48:00,ASK_DEPTH,"[(99071, 360)]"
2019-06-28 09:48:00,IMBALANCE,"[360, 360]"
2019-06-28 09:49:00,BID_DEPTH,"[(98894, 152)]"
2019-06-28 09:49:00,ASK_DEPTH,"[(99071, 152)]"
2019-06-28 09:49:00,IMBALANCE,"[152, 152]"
2019-06-28 09:50:00,BID_DEPTH,"[(98988, 152)]"
2019-06-28 09:50:00,ASK_DEPTH,"[(99071, 152)]"
2019-06-28 09:50:00,IMBALANCE,"[152, 152]"
2019-06-28 09:51:00,BID_DEPTH,"[(98906, 152)]"
2019-06-28 09:51:00,ASK_DEPTH,"[(99071, 152)]"
2019-06-28 09:51:00,IMBALANCE,"[152, 152]"
2019-06-28 09:52:00,BID_DEPTH,"[(98989, 152)]"
2019-06-28 09:52:00,ASK_DEPTH,"[(99071, 152)]"
2019-06-28 09:52:00,IMBALANCE,"[152, 152]"
2019-06-28 09:53:00,BID_DEPTH,"[(98989, 265)]"
2019-06-28 09:53:00,ASK_DEPTH,"[(99087, 365)]"
2019-06-28 09:53:00,IMBALANCE,"[265, 365]"
2019-06-28 09:54:00,BID_DEPTH,"[(98989, 330)]"
2019-06-28 09:54:00,ASK_DEPTH,"[(99087, 330)]"
2019-06-28 09:54:00,IMBALANCE,"[330, 330]"
2019-06-28 09:55:00,BID_DEPTH,"[(99087, 77)]"
2019-06-28 09:55:00,ASK_DEPTH,"[(99466, 165)]"
2019-06-28 09:55:00,IMBALANCE,"[77, 165]"
2019-06-28 09:56:00,BID_DEPTH,"[(99433, 230)]"
2019-06-28 09:56:00,ASK_DEPTH,"[(99471, 230)]"
2019-06-28 09:56:00,IMBALANCE,"[230, 230]"
2019-06-28 09:57:00,BID_DEPTH,"[(99471, 178)]"
2019-06-28 09:57:00,ASK_DEPTH,"[(99571, 230)]"
2019-06-28 09:57:00,IMBALANCE,"[178, 230]"
2019-06-28 09:58:00,BID_DEPTH,"[(99395, 360)]"
2019-06-28 09:58:00,ASK_DEPTH,"[(99571, 360)]"
2019-06-28 09:58:00,IMBALANCE,"[360, 360]"
2019-06-28 09:59:00,BID_DEPTH,"[(99076, 360)]"
2019-06-28 09:59:00,ASK_DEPTH,"[(99110, 360)]"
2019-06-28 09:59:00,IMBALANCE,"[360, 360]"
2019-06-28 10:00:00,BID_DEPTH,"[(99076, 165)]"
2019-06-28 10:00:00,ASK_DEPTH,"[(99110, 165)]"
2019-06-28 10:00:00,IMBALANCE,"[165, 165]"
2019-06-28 10:01:00,BID_DEPTH,"[(98989, 188)]"
2019-06-28 10:01:00,ASK_DEPTH,"[(99076, 188)]"
2019-06-28 10:01:00,IMBALANCE,"[188, 188]"
2019-06-28 10:02:00,BID_DEPTH,"[(98923, 152)]"
2019-06-28 10:02:00,ASK_DEPTH,"[(99076, 152)]"
2019-06-28 10:02:00,IMBALANCE,"[152, 152]"
2019-06-28 10:03:00,BID_DEPTH,"[(98890, 188)]"
2019-06-28 10:03:00,ASK_DEPTH,"[(98923, 188)]"
2019-06-28 10:03:00,IMBALANCE,"[188, 188]"
2019-06-28 10:04:00,BID_DEPTH,"[(98890, 230)]"
2019-06-28 10:04:00,ASK_DEPTH,"[(99110, 230)]"
2019-06-28 10:04:00,IMBALANCE,"[230, 230]"
2019-06-28 10:05:00,BID_DEPTH,"[(98923, 165)]"
2019-06-28 10:05:00,ASK_DEPTH,"[(99123, 165)]"
2019-06-28 10:05:00,IMBALANCE,"[165, 165]"
2019-06-28 10:06:00,BID_DEPTH,"[(98923, 165)]"
2019-06-28 10:06:00,ASK_DEPTH,"[(99263, 165)]"
2019-06-28 10:06:00,IMBALANCE,"[165, 165]"
2019-06-28 10:07:00,BID_DEPTH,"[(99110, 330)]"
2019-06-28 10:07:00,ASK_DEPTH,"[(99263, 230)]"
2019-06-28 10:07:00,IMBALANCE,"[330, 230]"
2019-06-28 10:08:00,BID_DEPTH,"[(99110, 230)]"
2019-06-28 10:08:00,ASK_DEPTH,"[(99228, 230)]"
2019-06-28 10:08:00,IMBALANCE,"[230, 230]"
2019-06-28 10:09:00,BID_DEPTH,"[(98923, 360)]"
2019-06-28 10:09:00,ASK_DEPTH,"[(99228, 360)]"
2019-06-28 10:09:00,IMBALANCE,"[360, 360]"
2019-06-28 10:10:00,BID_DEPTH,"[(99031, 188)]"
2019-06-28 10:10:00,ASK_DEPTH,"[(99228, 188)]"
2019-06-28 10:10:00,IMBALANCE,"[188, 188]"
2019-06-28 10:11:00,BID_DEPTH,"[(98890, 360)]"
2019-06-28 10:11:00,ASK_DEPTH,"[(99110, 560)]"
2019-06-28 10:11:00,IMBALANCE,"[360, 560]"
2019-06-28 10:12:00,BID_DEPTH,"[(99094, 165)]"
2019-06-28 10:12:00,ASK_DEPTH,"[(99100, 165)]"
2019-06-28 10:12:00,IMBALANCE,"[165, 165]"
2019-06-28 10:13:00,BID_DEPTH,"[(98890, 360)]"
2019-06-28 10:13:00,ASK_DEPTH,"[(99094, 308)]"
2019-06-28 10:13:00,IMBALANCE,"[360, 308]"
2019-06-28 10:14:00,BID_DEPTH,"[(98890, 165)]"
2019-06-28 10:14:00,ASK_DEPTH,"[(99094, 113)]"
2019-06-28 10:14:00,IMBALANCE,"[165, 113]"
2019-06-28 10:15:00,BID_DEPTH,"[(98801, 188)]"
2019-06-28 10:15:00,ASK_DEPTH,"[(99093, 188)]"
2019-06-28 10:15:00,IMBALANCE,"[188, 188]"
2019-06-28 10:16:00,BID_DEPTH,"[(98794, 165)]"
2019-06-28 10:16:00,ASK_DEPTH,"[(98796, 77)]"
2019-06-28 10:16:00,IMBALANCE,"[165, 77]"
2019-06-28 10:17:00,BID_DEPTH,"[(98664, 230)]"
2019-06-28 10:17:00,ASK_DEPTH,"[(98795, 330)]"
2019-06-28 10:17:00,IMBALANCE,"[230, 330]"
2019-06-28 10:18:00,BID_DEPTH,"[(98541, 188)]"
2019-06-28 10:18:00,ASK_DEPTH,"[(98784, 188)]"
2019-06-28 10:18:00,IMBALANCE,"[188, 188]"
2019-06-28 10:19:00,BID_DEPTH,"[(98775, 152)]"
2019-06-28 10:19:00,ASK_DEPTH,"[(98795, 252)]"
2019-06-28 10:19:00,IMBALANCE,"[152, 252]"
2019-06-28 10:20:00,BID_DEPTH,"[(98775, 152)]"
2019-06-28 10:20:00,ASK_DEPTH,"[(98784, 152)]"
2019-06-28 10:20:00,IMBALANCE,"[152, 152]"
2019-06-28 10:21:00,BID_DEPTH,"[(98784, 110)]"
2019-06-28 10:21:00,ASK_DEPTH,"[(98795, 152)]"
2019-06-28 10:21:00,IMBALANCE,"[110, 152]"
2019-06-28 10:21:00,HOLDINGS_UPDATED,"{'CASH': 10691488, 'JPM': -7}"
2019-06-28 10:22:00,BID_DEPTH,"[(98796, 46)]"
2019-06-28 10:22:00,ASK_DEPTH,"[(98801, 100)]"
2019-06-28 10:22:00,IMBALANCE,"[46, 100]"
2019-06-28 10:22:00,HOLDINGS_UPDATED,"{'CASH': 11383060, 'JPM': -14}"
2019-06-28 10:23:00,BID_DEPTH,"[(98784, 400)]"
2019-06-28 10:23:00,ASK_DEPTH,"[(98801, 295)]"
2019-06-28 10:23:00,IMBALANCE,"[400, 295]"
2019-06-28 10:23:00,HOLDINGS_UPDATED,"{'CASH': 12074548, 'JPM': -21}"
2019-06-28 10:24:00,BID_DEPTH,"[(98784, 186)]"
2019-06-28 10:24:00,ASK_DEPTH,"[(98808, 152)]"
2019-06-28 10:24:00,IMBALANCE,"[186, 152]"
2019-06-28 10:24:00,HOLDINGS_UPDATED,"{'CASH': 12766036, 'JPM': -28}"
2019-06-28 10:25:00,BID_DEPTH,"[(98784, 258)]"
2019-06-28 10:25:00,ASK_DEPTH,"[(98881, 230)]"
2019-06-28 10:25:00,IMBALANCE,"[258, 230]"
2019-06-28 10:25:00,HOLDINGS_UPDATED,"{'CASH': 13457524, 'JPM': -35}"
2019-06-28 10:26:00,BID_DEPTH,"[(98784, 110)]"
2019-06-28 10:26:00,ASK_DEPTH,"[(98881, 188)]"
2019-06-28 10:26:00,IMBALANCE,"[110, 188]"
2019-06-28 10:26:00,HOLDINGS_UPDATED,"{'CASH': 14149012, 'JPM': -42}"
2019-06-28 10:27:00,BID_DEPTH,"[(98775, 146)]"
2019-06-28 10:27:00,ASK_DEPTH,"[(98886, 188)]"
2019-06-28 10:27:00,IMBALANCE,"[146, 188]"
2019-06-28 10:27:00,HOLDINGS_UPDATED,"{'CASH': 14840437, 'JPM': -49}"
2019-06-28 10:28:00,BID_DEPTH,"[(98767, 188)]"
2019-06-28 10:28:00,ASK_DEPTH,"[(98890, 230)]"
2019-06-28 10:28:00,IMBALANCE,"[188, 230]"
2019-06-28 10:28:00,HOLDINGS_UPDATED,"{'CASH': 15531806, 'JPM': -56}"
2019-06-28 10:29:00,BID_DEPTH,"[(98742, 123)]"
2019-06-28 10:29:00,ASK_DEPTH,"[(99099, 165)]"
2019-06-28 10:29:00,IMBALANCE,"[123, 165]"
2019-06-28 10:29:00,HOLDINGS_UPDATED,"{'CASH': 16223000, 'JPM': -63}"
2019-06-28 10:30:00,BID_DEPTH,"[(98716, 123)]"
2019-06-28 10:30:00,ASK_DEPTH,"[(99099, 165)]"
2019-06-28 10:30:00,IMBALANCE,"[123, 165]"
2019-06-28 10:30:00,HOLDINGS_UPDATED,"{'CASH': 16914012, 'JPM': -70}"
2019-06-28 10:31:00,BID_DEPTH,"[(98484, 110)]"
2019-06-28 10:31:00,ASK_DEPTH,"[(99186, 152)]"
2019-06-28 10:31:00,IMBALANCE,"[110, 152]"
2019-06-28 10:31:00,HOLDINGS_UPDATED,"{'CASH': 17603400, 'JPM': -77}"
2019-06-28 10:32:00,BID_DEPTH,"[(99186, 318)]"
2019-06-28 10:32:00,ASK_DEPTH,"[(99443, 360)]"
2019-06-28 10:32:00,IMBALANCE,"[318, 360]"
2019-06-28 10:32:00,HOLDINGS_UPDATED,"{'CASH': 18297702, 'JPM': -84}"
2019-06-28 10:33:00,BID_DEPTH,"[(99443, 100)]"
2019-06-28 10:33:00,ASK_DEPTH,"[(99752, 230)]"
2019-06-28 10:33:00,IMBALANCE,"[100, 230]"
2019-06-28 10:33:00,HOLDINGS_UPDATED,"{'CASH': 18993803, 'JPM': -91}"
2019-06-28 10:34:00,BID_DEPTH,"[(98244, 110)]"
2019-06-28 10:34:00,ASK_DEPTH,"[(99752, 152)]"
2019-06-28 10:34:00,IMBALANCE,"[110, 152]"
2019-06-28 10:34:00,HOLDINGS_UPDATED,"{'CASH': 19681511, 'JPM': -98}"
2019-06-28 10:35:00,BID_DEPTH,"[(98244, 110)]"
2019-06-28 10:35:00,ASK_DEPTH,"[(99752, 152)]"
2019-06-28 10:35:00,IMBALANCE,"[110, 152]"
2019-06-28 10:35:00,HOLDINGS_UPDATED,"{'CASH': 20369219, 'JPM': -105}"
2019-06-28 10:36:00,BID_DEPTH,"[(98244, 110)]"
2019-06-28 10:36:00,ASK_DEPTH,"[(99775, 152)]"
2019-06-28 10:36:00,IMBALANCE,"[110, 152]"
2019-06-28 10:36:00,HOLDINGS_UPDATED,"{'CASH': 21056927, 'JPM': -112}"
2019-06-28 10:37:00,BID_DEPTH,"[(98244, 123)]"
2019-06-28 10:37:00,ASK_DEPTH,"[(99775, 165)]"
2019-06-28 10:37:00,IMBALANCE,"[123, 165]"
2019-06-28 10:37:00,HOLDINGS_UPDATED,"{'CASH': 21744635, 'JPM': -119}"
2019-06-28 10:38:00,BID_DEPTH,"[(98244, 418)]"
2019-06-28 10:38:00,ASK_DEPTH,"[(99902, 360)]"
2019-06-28 10:38:00,IMBALANCE,"[418, 360]"
2019-06-28 10:38:00,HOLDINGS_UPDATED,"{'CASH': 22432343, 'JPM': -126}"
2019-06-28 10:39:00,BID_DEPTH,"[(98244, 312)]"
2019-06-28 10:39:00,ASK_DEPTH,"[(99902, 360)]"
2019-06-28 10:39:00,IMBALANCE,"[312, 360]"
2019-06-28 10:39:00,HOLDINGS_UPDATED,"{'CASH': 23120051, 'JPM': -133}"
2019-06-28 10:40:00,BID_DEPTH,"[(98244, 146)]"
2019-06-28 10:40:00,ASK_DEPTH,"[(99650, 188)]"
2019-06-28 10:40:00,IMBALANCE,"[146, 188]"
2019-06-28 10:40:00,HOLDINGS_UPDATED,"{'CASH': 23807759, 'JPM': -140}"
2019-06-28 10:41:00,BID_DEPTH,"[(99436, 146)]"
2019-06-28 10:41:00,ASK_DEPTH,"[(99650, 188)]"
2019-06-28 10:41:00,IMBALANCE,"[146, 188]"
2019-06-28 10:41:00,HOLDINGS_UPDATED,"{'CASH': 24503811, 'JPM': -147}"
2019-06-28 10:42:00,BID_DEPTH,"[(99497, 360)]"
2019-06-28 10:42:00,ASK_DEPTH,"[(99650, 318)]"
2019-06-28 10:42:00,IMBALANCE,"[360, 318]"
2019-06-28 10:42:00,HOLDINGS_UPDATED,"{'CASH': 23806261, 'JPM': -140}"
2019-06-28 10:43:00,BID_DEPTH,"[(99497, 188)]"
2019-06-28 10:43:00,ASK_DEPTH,"[(99665, 146)]"
2019-06-28 10:43:00,IMBALANCE,"[188, 146]"
2019-06-28 10:43:00,HOLDINGS_UPDATED,"{'CASH': 23108606, 'JPM': -133}"
2019-06-28 10:44:00,BID_DEPTH,"[(99060, 165)]"
2019-06-28 10:44:00,ASK_DEPTH,"[(99665, 128)]"
2019-06-28 10:44:00,IMBALANCE,"[165, 128]"
2019-06-28 10:44:00,HOLDINGS_UPDATED,"{'CASH': 22410951, 'JPM': -126}"
2019-06-28 10:45:00,BID_DEPTH,"[(99060, 152)]"
2019-06-28 10:45:00,ASK_DEPTH,"[(99665, 110)]"
2019-06-28 10:45:00,IMBALANCE,"[152, 110]"
2019-06-28 10:45:00,HOLDINGS_UPDATED,"{'CASH': 21713296, 'JPM': -119}"
2019-06-28 10:46:00,BID_DEPTH,"[(99060, 152)]"
2019-06-28 10:46:00,ASK_DEPTH,"[(99115, 110)]"
2019-06-28 10:46:00,IMBALANCE,"[152, 110]"
2019-06-28 10:46:00,HOLDINGS_UPDATED,"{'CASH': 21019491, 'JPM': -112}"
2019-06-28 10:47:00,BID_DEPTH,"[(99115, 306)]"
2019-06-28 10:47:00,ASK_DEPTH,"[(99322, 110)]"
2019-06-28 10:47:00,IMBALANCE,"[306, 110]"
2019-06-28 10:47:00,HOLDINGS_UPDATED,"{'CASH': 20324237, 'JPM': -105}"
2019-06-28 10:48:00,BID_DEPTH,"[(99749, 188)]"
2019-06-28 10:48:00,ASK_DEPTH,"[(99902, 146)]"
2019-06-28 10:48:00,IMBALANCE,"[188, 146]"
2019-06-28 10:48:00,HOLDINGS_UPDATED,"{'CASH': 19624923, 'JPM': -98}"
2019-06-28 10:49:00,BID_DEPTH,"[(99902, 178)]"
2019-06-28 10:49:00,ASK_DEPTH,"[(100007, 123)]"
2019-06-28 10:49:00,IMBALANCE,"[178, 123]"
2019-06-28 10:49:00,HOLDINGS_UPDATED,"{'CASH': 18924874, 'JPM': -91}"
2019-06-28 10:50:00,BID_DEPTH,"[(100007, 124)]"
2019-06-28 10:50:00,ASK_DEPTH,"[(100033, 146)]"
2019-06-28 10:50:00,IMBALANCE,"[124, 146]"
2019-06-28 10:50:00,HOLDINGS_UPDATED,"{'CASH': 18224643, 'JPM': -84}"
2019-06-28 10:51:00,BID_DEPTH,"[(100007, 124)]"
2019-06-28 10:51:00,ASK_DEPTH,"[(100104, 146)]"
2019-06-28 10:51:00,IMBALANCE,"[124, 146]"
2019-06-28 10:51:00,HOLDINGS_UPDATED,"{'CASH': 17523915, 'JPM': -77}"
2019-06-28 10:52:00,BID_DEPTH,"[(100104, 101)]"
2019-06-28 10:52:00,ASK_DEPTH,"[(100156, 146)]"
2019-06-28 10:52:00,IMBALANCE,"[101, 146]"
2019-06-28 10:52:00,HOLDINGS_UPDATED,"{'CASH': 16822823, 'JPM': -70}"
2019-06-28 10:53:00,BID_DEPTH,"[(100156, 303)]"
2019-06-28 10:53:00,ASK_DEPTH,"[(100201, 318)]"
2019-06-28 10:53:00,IMBALANCE,"[303, 318]"
2019-06-28 10:53:00,HOLDINGS_UPDATED,"{'CASH': 16121416, 'JPM': -63}"
2019-06-28 10:54:00,BID_DEPTH,"[(100156, 108)]"
2019-06-28 10:54:00,ASK_DEPTH,"[(100201, 28)]"
2019-06-28 10:54:00,IMBALANCE,"[108, 28]"
2019-06-28 10:54:00,HOLDINGS_UPDATED,"{'CASH': 15420009, 'JPM': -56}"
2019-06-28 10:55:00,BID_DEPTH,"[(100201, 67)]"
2019-06-28 10:55:00,ASK_DEPTH,"[(100273, 94)]"
2019-06-28 10:55:00,IMBALANCE,"[67, 94]"
2019-06-28 10:55:00,HOLDINGS_UPDATED,"{'CASH': 14718098, 'JPM': -49}"
2019-06-28 10:56:00,BID_DEPTH,"[(100273, 360)]"
2019-06-28 10:56:00,ASK_DEPTH,"[(100357, 318)]"
2019-06-28 10:56:00,IMBALANCE,"[360, 318]"
2019-06-28 10:56:00,HOLDINGS_UPDATED,"{'CASH': 14015599, 'JPM': -42}"
2019-06-28 10:57:00,BID_DEPTH,"[(100357, 95)]"
2019-06-28 10:57:00,ASK_DEPTH,"[(100370, 146)]"
2019-06-28 10:57:00,IMBALANCE,"[95, 146]"
2019-06-28 10:57:00,HOLDINGS_UPDATED,"{'CASH': 13313009, 'JPM': -35}"
2019-06-28 10:58:00,BID_DEPTH,"[(100273, 152)]"
2019-06-28 10:58:00,ASK_DEPTH,"[(100356, 110)]"
2019-06-28 10:58:00,IMBALANCE,"[152, 110]"
2019-06-28 10:58:00,HOLDINGS_UPDATED,"{'CASH': 12610517, 'JPM': -28}"
2019-06-28 10:59:00,BID_DEPTH,"[(99902, 152)]"
2019-06-28 10:59:00,ASK_DEPTH,"[(100201, 56)]"
2019-06-28 10:59:00,IMBALANCE,"[152, 56]"
2019-06-28 10:59:00,HOLDINGS_UPDATED,"{'CASH': 12209713, 'JPM': -24}"
2019-06-28 10:59:00,HOLDINGS_UPDATED,"{'CASH': 11909110, 'JPM': -21}"
2019-06-28 11:00:00,BID_DEPTH,"[(100147, 165)]"
2019-06-28 11:00:00,ASK_DEPTH,"[(100219, 123)]"
2019-06-28 11:00:00,IMBALANCE,"[165, 123]"
2019-06-28 11:00:00,HOLDINGS_UPDATED,"{'CASH': 11207577, 'JPM': -14}"
2019-06-28 11:01:00,BID_DEPTH,"[(100147, 188)]"
2019-06-28 11:01:00,ASK_DEPTH,"[(100148, 146)]"
2019-06-28 11:01:00,IMBALANCE,"[188, 146]"
2019-06-28 11:01:00,HOLDINGS_UPDATED,"{'CASH': 10506541, 'JPM': -7}"
2019-06-28 11:02:00,BID_DEPTH,"[(100147, 360)]"
2019-06-28 11:02:00,ASK_DEPTH,"[(100152, 318)]"
2019-06-28 11:02:00,IMBALANCE,"[360, 318]"
2019-06-28 11:02:00,HOLDINGS_UPDATED,{'CASH': 9805477}
2019-06-28 11:03:00,BID_DEPTH,"[(100047, 152)]"
2019-06-28 11:03:00,ASK_DEPTH,"[(100180, 110)]"
2019-06-28 11:03:00,IMBALANCE,"[152, 110]"
2019-06-28 11:03:00,HOLDINGS_UPDATED,"{'CASH': 9104217, 'JPM': 7}"
2019-06-28 11:04:00,BID_DEPTH,"[(100047, 152)]"
2019-06-28 11:04:00,ASK_DEPTH,"[(100219, 115)]"
2019-06-28 11:04:00,IMBALANCE,"[152, 115]"
2019-06-28 11:04:00,HOLDINGS_UPDATED,"{'CASH': 8402684, 'JPM': 14}"
2019-06-28 11:05:00,BID_DEPTH,"[(99902, 360)]"
2019-06-28 11:05:00,ASK_DEPTH,"[(100223, 318)]"
2019-06-28 11:05:00,IMBALANCE,"[360, 318]"
2019-06-28 11:05:00,HOLDINGS_UPDATED,"{'CASH': 7701123, 'JPM': 21}"
2019-06-28 11:06:00,BID_DEPTH,"[(99754, 188)]"
2019-06-28 11:06:00,ASK_DEPTH,"[(100273, 86)]"
2019-06-28 11:06:00,IMBALANCE,"[188, 86]"
2019-06-28 11:06:00,HOLDINGS_UPDATED,"{'CASH': 6999212, 'JPM': 28}"
2019-06-28 11:07:00,BID_DEPTH,"[(99749, 360)]"
2019-06-28 11:07:00,ASK_DEPTH,"[(100273, 318)]"
2019-06-28 11:07:00,IMBALANCE,"[360, 318]"
2019-06-28 11:07:00,HOLDINGS_UPDATED,"{'CASH': 6297301, 'JPM': 35}"
2019-06-28 11:08:00,BID_DEPTH,"[(99749, 360)]"
2019-06-28 11:08:00,ASK_DEPTH,"[(100356, 223)]"
2019-06-28 11:08:00,IMBALANCE,"[360, 223]"
2019-06-28 11:08:00,HOLDINGS_UPDATED,"{'CASH': 5594809, 'JPM': 42}"
2019-06-28 11:09:00,BID_DEPTH,"[(99643, 360)]"
2019-06-28 11:09:00,ASK_DEPTH,"[(100356, 318)]"
2019-06-28 11:09:00,IMBALANCE,"[360, 318]"
2019-06-28 11:09:00,HOLDINGS_UPDATED,"{'CASH': 4892317, 'JPM': 49}"
2019-06-28 11:10:00,BID_DEPTH,"[(99465, 152)]"
2019-06-28 11:10:00,ASK_DEPTH,"[(99673, 210)]"
2019-06-28 11:10:00,IMBALANCE,"[152, 210]"
2019-06-28 11:10:00,HOLDINGS_UPDATED,"{'CASH': 4194606, 'JPM': 56}"
2019-06-28 11:11:00,BID_DEPTH,"[(99465, 152)]"
2019-06-28 11:11:00,ASK_DEPTH,"[(100357, 15)]"
2019-06-28 11:11:00,IMBALANCE,"[152, 15]"
2019-06-28 11:11:00,HOLDINGS_UPDATED,"{'CASH': 3492107, 'JPM': 63}"
2019-06-28 11:12:00,BID_DEPTH,"[(99465, 188)]"
2019-06-28 11:12:00,ASK_DEPTH,"[(100182, 146)]"
2019-06-28 11:12:00,IMBALANCE,"[188, 146]"
2019-06-28 11:12:00,HOLDINGS_UPDATED,"{'CASH': 2790833, 'JPM': 70}"
2019-06-28 11:13:00,BID_DEPTH,"[(99807, 230)]"
2019-06-28 11:13:00,ASK_DEPTH,"[(100128, 188)]"
2019-06-28 11:13:00,IMBALANCE,"[230, 188]"
2019-06-28 11:13:00,HOLDINGS_UPDATED,"{'CASH': 2089937, 'JPM': 77}"
2019-06-28 11:14:00,BID_DEPTH,"[(99821, 152)]"
2019-06-28 11:14:00,ASK_DEPTH,"[(100128, 110)]"
2019-06-28 11:14:00,IMBALANCE,"[152, 110]"
2019-06-28 11:14:00,HOLDINGS_UPDATED,"{'CASH': 1389041, 'JPM': 84}"
2019-06-28 11:15:00,BID_DEPTH,"[(99821, 165)]"
2019-06-28 11:15:00,ASK_DEPTH,"[(99914, 123)]"
2019-06-28 11:15:00,IMBALANCE,"[165, 123]"
2019-06-28 11:15:00,HOLDINGS_UPDATED,"{'CASH': 689643, 'JPM': 91}"
2019-06-28 11:16:00,BID_DEPTH,"[(99897, 165)]"
2019-06-28 11:16:00,ASK_DEPTH,"[(100123, 123)]"
2019-06-28 11:16:00,IMBALANCE,"[165, 123]"
2019-06-28 11:16:00,HOLDINGS_UPDATED,"{'CASH': -11218, 'JPM': 98}"
2019-06-28 11:17:00,BID_DEPTH,"[(99807, 165)]"
2019-06-28 11:17:00,ASK_DEPTH,"[(100123, 223)]"
2019-06-28 11:17:00,IMBALANCE,"[165, 223]"
2019-06-28 11:17:00,HOLDINGS_UPDATED,"{'CASH': -712079, 'JPM': 105}"
2019-06-28 11:18:00,BID_DEPTH,"[(99807, 152)]"
2019-06-28 11:18:00,ASK_DEPTH,"[(100123, 104)]"
2019-06-28 11:18:00,IMBALANCE,"[152, 104]"
2019-06-28 11:18:00,HOLDINGS_UPDATED,"{'CASH': -1412940, 'JPM': 112}"
2019-06-28 11:19:00,BID_DEPTH,"[(99807, 152)]"
2019-06-28 11:19:00,ASK_DEPTH,"[(100182, 110)]"
2019-06-28 11:19:00,IMBALANCE,"[152, 110]"
2019-06-28 11:19:00,HOLDINGS_UPDATED,"{'CASH': -2114214, 'JPM': 119}"
2019-06-28 11:20:00,BID_DEPTH,"[(99490, 360)]"
2019-06-28 11:20:00,ASK_DEPTH,"[(100465, 318)]"
2019-06-28 11:20:00,IMBALANCE,"[360, 318]"
2019-06-28 11:20:00,HOLDINGS_UPDATED,"{'CASH': -2817469, 'JPM': 126}"
2019-06-28 11:21:00,BID_DEPTH,"[(99767, 188)]"
2019-06-28 11:21:00,ASK_DEPTH,"[(100039, 146)]"
2019-06-28 11:21:00,IMBALANCE,"[188, 146]"
2019-06-28 11:21:00,HOLDINGS_UPDATED,"{'CASH': -3517742, 'JPM': 133}"
2019-06-28 11:22:00,BID_DEPTH,"[(99767, 165)]"
2019-06-28 11:22:00,ASK_DEPTH,"[(99780, 123)]"
2019-06-28 11:22:00,IMBALANCE,"[165, 123]"
2019-06-28 11:22:00,HOLDINGS_UPDATED,"{'CASH': -4216202, 'JPM': 140}"
2019-06-28 11:23:00,BID_DEPTH,"[(99767, 360)]"
2019-06-28 11:23:00,ASK_DEPTH,"[(99780, 318)]"
2019-06-28 11:23:00,IMBALANCE,"[360, 318]"
2019-06-28 11:23:00,HOLDINGS_UPDATED,"{'CASH': -4914662, 'JPM': 147}"
2019-06-28 11:24:00,BID_DEPTH,"[(99908, 360)]"
2019-06-28 11:24:00,ASK_DEPTH,"[(101534, 318)]"
2019-06-28 11:24:00,IMBALANCE,"[360, 318]"
2019-06-28 11:24:00,HOLDINGS_UPDATED,"{'CASH': -5625400, 'JPM': 154}"
2019-06-28 11:25:00,BID_DEPTH,"[(99908, 152)]"
2019-06-28 11:25:00,ASK_DEPTH,"[(100087, 110)]"
2019-06-28 11:25:00,IMBALANCE,"[152, 110]"
2019-06-28 11:25:00,HOLDINGS_UPDATED,"{'CASH': -6326009, 'JPM': 161}"
2019-06-28 11:26:00,BID_DEPTH,"[(99901, 165)]"
2019-06-28 11:26:00,ASK_DEPTH,"[(100087, 123)]"
2019-06-28 11:26:00,IMBALANCE,"[165, 123]"
2019-06-28 11:26:00,HOLDINGS_UPDATED,"{'CASH': -7026618, 'JPM': 168}"
2019-06-28 11:27:00,BID_DEPTH,"[(99901, 230)]"
2019-06-28 11:27:00,ASK_DEPTH,"[(100087, 288)]"
2019-06-28 11:27:00,IMBALANCE,"[230, 288]"
2019-06-28 11:27:00,HOLDINGS_UPDATED,"{'CASH': -7727227, 'JPM': 175}"
2019-06-28 11:28:00,BID_DEPTH,"[(99832, 165)]"
2019-06-28 11:28:00,ASK_DEPTH,"[(100087, 117)]"
2019-06-28 11:28:00,IMBALANCE,"[165, 117]"
2019-06-28 11:28:00,HOLDINGS_UPDATED,"{'CASH': -8427836, 'JPM': 182}"
2019-06-28 11:29:00,BID_DEPTH,"[(99767, 188)]"
2019-06-28 11:29:00,ASK_DEPTH,"[(99934, 146)]"
2019-06-28 11:29:00,IMBALANCE,"[188, 146]"
2019-06-28 11:29:00,HOLDINGS_UPDATED,"{'CASH': -9127374, 'JPM': 189}"
2019-06-28 11:30:00,BID_DEPTH,"[(99817, 188)]"
2019-06-28 11:30:00,ASK_DEPTH,"[(99934, 146)]"
2019-06-28 11:30:00,IMBALANCE,"[188, 146]"
2019-06-28 11:30:00,HOLDINGS_UPDATED,"{'CASH': -9826912, 'JPM': 196}"
2019-06-28 11:31:00,BID_DEPTH,"[(99975, 165)]"
2019-06-28 11:31:00,ASK_DEPTH,"[(99986, 123)]"
2019-06-28 11:31:00,IMBALANCE,"[165, 123]"
2019-06-28 11:31:00,HOLDINGS_UPDATED,"{'CASH': -10526814, 'JPM': 203}"
2019-06-28 11:32:00,BID_DEPTH,"[(99845, 230)]"
2019-06-28 11:32:00,ASK_DEPTH,"[(99995, 188)]"
2019-06-28 11:32:00,IMBALANCE,"[230, 188]"
2019-06-28 11:32:00,HOLDINGS_UPDATED,"{'CASH': -11226779, 'JPM': 210}"
2019-06-28 11:33:00,BID_DEPTH,"[(99845, 188)]"
2019-06-28 11:33:00,ASK_DEPTH,"[(99995, 146)]"
2019-06-28 11:33:00,IMBALANCE,"[188, 146]"
2019-06-28 11:33:00,HOLDINGS_UPDATED,"{'CASH': -11926744, 'JPM': 217}"
2019-06-28 11:34:00,BID_DEPTH,"[(99800, 318)]"
2019-06-28 11:34:00,ASK_DEPTH,"[(99995, 301)]"
2019-06-28 11:34:00,IMBALANCE,"[318, 301]"
2019-06-28 11:34:00,HOLDINGS_UPDATED,"{'CASH': -11228144, 'JPM': 210}"
2019-06-28 11:35:00,BID_DEPTH,"[(99757, 110)]"
2019-06-28 11:35:00,ASK_DEPTH,"[(99995, 93)]"
2019-06-28 11:35:00,IMBALANCE,"[110, 93]"
2019-06-28 11:35:00,HOLDINGS_UPDATED,"{'CASH': -10529845, 'JPM': 203}"
2019-06-28 11:36:00,BID_DEPTH,"[(99748, 110)]"
2019-06-28 11:36:00,ASK_DEPTH,"[(99759, 64)]"
2019-06-28 11:36:00,IMBALANCE,"[110, 64]"
2019-06-28 11:36:00,HOLDINGS_UPDATED,"{'CASH': -9831609, 'JPM': 196}"
2019-06-28 11:37:00,BID_DEPTH,"[(99759, 82)]"
2019-06-28 11:37:00,ASK_DEPTH,"[(99761, 188)]"
2019-06-28 11:37:00,IMBALANCE,"[82, 188]"
2019-06-28 11:37:00,HOLDINGS_UPDATED,"{'CASH': -9133296, 'JPM': 189}"
2019-06-28 11:38:00,BID_DEPTH,"[(99766, 58)]"
2019-06-28 11:38:00,ASK_DEPTH,"[(99995, 93)]"
2019-06-28 11:38:00,IMBALANCE,"[58, 93]"
2019-06-28 11:38:00,HOLDINGS_UPDATED,"{'CASH': -8534700, 'JPM': 183}"
2019-06-28 11:38:00,HOLDINGS_UPDATED,"{'CASH': -8434934, 'JPM': 182}"
2019-06-28 11:39:00,BID_DEPTH,"[(99986, 188)]"
2019-06-28 11:39:00,ASK_DEPTH,"[(100126, 230)]"
2019-06-28 11:39:00,IMBALANCE,"[188, 230]"
2019-06-28 11:39:00,HOLDINGS_UPDATED,"{'CASH': -7735032, 'JPM': 175}"
2019-06-28 11:40:00,BID_DEPTH,"[(99766, 182)]"
2019-06-28 11:40:00,ASK_DEPTH,"[(99936, 242)]"
2019-06-28 11:40:00,IMBALANCE,"[182, 242]"
2019-06-28 11:40:00,HOLDINGS_UPDATED,"{'CASH': -7036670, 'JPM': 168}"
2019-06-28 11:41:00,BID_DEPTH,"[(99755, 188)]"
2019-06-28 11:41:00,ASK_DEPTH,"[(99766, 230)]"
2019-06-28 11:41:00,IMBALANCE,"[188, 230]"
2019-06-28 11:41:00,HOLDINGS_UPDATED,"{'CASH': -6338385, 'JPM': 161}"
2019-06-28 11:42:00,BID_DEPTH,"[(99701, 123)]"
2019-06-28 11:42:00,ASK_DEPTH,"[(99723, 413)]"
2019-06-28 11:42:00,IMBALANCE,"[123, 413]"
2019-06-28 11:42:00,HOLDINGS_UPDATED,"{'CASH': -5640478, 'JPM': 154}"
2019-06-28 11:43:00,BID_DEPTH,"[(99688, 110)]"
2019-06-28 11:43:00,ASK_DEPTH,"[(99701, 93)]"
2019-06-28 11:43:00,IMBALANCE,"[110, 93]"
2019-06-28 11:43:00,HOLDINGS_UPDATED,"{'CASH': -4942662, 'JPM': 147}"
2019-06-28 11:44:00,BID_DEPTH,"[(99627, 188)]"
2019-06-28 11:44:00,ASK_DEPTH,"[(99701, 171)]"
2019-06-28 11:44:00,IMBALANCE,"[188, 171]"
2019-06-28 11:44:00,HOLDINGS_UPDATED,"{'CASH': -4245273, 'JPM': 140}"
2019-06-28 11:45:00,BID_DEPTH,"[(99627, 28)]"
2019-06-28 11:45:00,ASK_DEPTH,"[(99701, 106)]"
2019-06-28 11:45:00,IMBALANCE,"[28, 106]"
2019-06-28 11:45:00,HOLDINGS_UPDATED,"{'CASH': -3547884, 'JPM': 133}"
2019-06-28 11:46:00,BID_DEPTH,"[(99404, 110)]"
2019-06-28 11:46:00,ASK_DEPTH,"[(99627, 54)]"
2019-06-28 11:46:00,IMBALANCE,"[110, 54]"
2019-06-28 11:46:00,HOLDINGS_UPDATED,"{'CASH': -2852056, 'JPM': 126}"
2019-06-28 11:47:00,BID_DEPTH,"[(99320, 146)]"
2019-06-28 11:47:00,ASK_DEPTH,"[(99404, 288)]"
2019-06-28 11:47:00,IMBALANCE,"[146, 288]"
2019-06-28 11:47:00,HOLDINGS_UPDATED,"{'CASH': -2156816, 'JPM': 119}"
2019-06-28 11:48:00,BID_DEPTH,"[(98968, 188)]"
2019-06-28 11:48:00,ASK_DEPTH,"[(99300, 230)]"
2019-06-28 11:48:00,IMBALANCE,"[188, 230]"
2019-06-28 11:48:00,HOLDINGS_UPDATED,"{'CASH': -1464040, 'JPM': 112}"
2019-06-28 11:49:00,BID_DEPTH,"[(97181, 146)]"
2019-06-28 11:49:00,ASK_DEPTH,"[(97631, 188)]"
2019-06-28 11:49:00,IMBALANCE,"[146, 188]"
2019-06-28 11:49:00,HOLDINGS_UPDATED,"{'CASH': -783773, 'JPM': 105}"
2019-06-28 11:50:00,BID_DEPTH,"[(97534, 146)]"
2019-06-28 11:50:00,ASK_DEPTH,"[(97631, 188)]"
2019-06-28 11:50:00,IMBALANCE,"[146, 188]"
2019-06-28 11:50:00,HOLDINGS_UPDATED,"{'CASH': -101035, 'JPM': 98}"
2019-06-28 11:51:00,BID_DEPTH,"[(97535, 110)]"
2019-06-28 11:51:00,ASK_DEPTH,"[(97631, 152)]"
2019-06-28 11:51:00,IMBALANCE,"[110, 152]"
2019-06-28 11:51:00,HOLDINGS_UPDATED,"{'CASH': 581710, 'JPM': 91}"
2019-06-28 11:52:00,BID_DEPTH,"[(97535, 115)]"
2019-06-28 11:52:00,ASK_DEPTH,"[(97867, 152)]"
2019-06-28 11:52:00,IMBALANCE,"[115, 152]"
2019-06-28 11:52:00,HOLDINGS_UPDATED,"{'CASH': 1264455, 'JPM': 84}"
2019-06-28 11:53:00,BID_DEPTH,"[(97535, 51)]"
2019-06-28 11:53:00,ASK_DEPTH,"[(98968, 188)]"
2019-06-28 11:53:00,IMBALANCE,"[51, 188]"
2019-06-28 11:53:00,HOLDINGS_UPDATED,"{'CASH': 1947200, 'JPM': 77}"
2019-06-28 11:54:00,BID_DEPTH,"[(97181, 223)]"
2019-06-28 11:54:00,ASK_DEPTH,"[(97535, 68)]"
2019-06-28 11:54:00,IMBALANCE,"[223, 68]"
2019-06-28 11:54:00,HOLDINGS_UPDATED,"{'CASH': 2627467, 'JPM': 70}"
2019-06-28 11:55:00,BID_DEPTH,"[(97535, 133)]"
2019-06-28 11:55:00,ASK_DEPTH,"[(98625, 230)]"
2019-06-28 11:55:00,IMBALANCE,"[133, 230]"
2019-06-28 11:55:00,HOLDINGS_UPDATED,"{'CASH': 2920072, 'JPM': 67}"
2019-06-28 11:55:00,HOLDINGS_UPDATED,"{'CASH': 3310212, 'JPM': 63}"
2019-06-28 11:56:00,BID_DEPTH,"[(98477, 318)]"
2019-06-28 11:56:00,ASK_DEPTH,"[(98625, 360)]"
2019-06-28 11:56:00,IMBALANCE,"[318, 360]"
2019-06-28 11:56:00,HOLDINGS_UPDATED,"{'CASH': 3999551, 'JPM': 56}"
2019-06-28 11:57:00,BID_DEPTH,"[(98477, 146)]"
2019-06-28 11:57:00,ASK_DEPTH,"[(98567, 188)]"
2019-06-28 11:57:00,IMBALANCE,"[146, 188]"
2019-06-28 11:57:00,HOLDINGS_UPDATED,"{'CASH': 4688890, 'JPM': 49}"
2019-06-28 11:58:00,BID_DEPTH,"[(98228, 123)]"
2019-06-28 11:58:00,ASK_DEPTH,"[(98625, 165)]"
2019-06-28 11:58:00,IMBALANCE,"[123, 165]"
2019-06-28 11:58:00,HOLDINGS_UPDATED,"{'CASH': 5376486, 'JPM': 42}"
2019-06-28 11:59:00,BID_DEPTH,"[(98228, 110)]"
2019-06-28 11:59:00,ASK_DEPTH,"[(98673, 152)]"
2019-06-28 11:59:00,IMBALANCE,"[110, 152]"
2019-06-28 11:59:00,HOLDINGS_UPDATED,"{'CASH': 6064082, 'JPM': 35}"
2019-06-28 12:00:00,BID_DEPTH,"[(98229, 146)]"
2019-06-28 12:00:00,ASK_DEPTH,"[(98968, 188)]"
2019-06-28 12:00:00,IMBALANCE,"[146, 188]"
2019-06-28 12:00:00,HOLDINGS_UPDATED,"{'CASH': 6751685, 'JPM': 28}"
2019-06-28 12:01:00,BID_DEPTH,"[(98229, 188)]"
2019-06-28 12:01:00,ASK_DEPTH,"[(98968, 230)]"
2019-06-28 12:01:00,IMBALANCE,"[188, 230]"
2019-06-28 12:01:00,HOLDINGS_UPDATED,"{'CASH': 7439288, 'JPM': 21}"
2019-06-28 12:02:00,BID_DEPTH,"[(97535, 28)]"
2019-06-28 12:02:00,ASK_DEPTH,"[(98995, 165)]"
2019-06-28 12:02:00,IMBALANCE,"[28, 165]"
2019-06-28 12:02:00,HOLDINGS_UPDATED,"{'CASH': 8122033, 'JPM': 14}"
2019-06-28 12:03:00,BID_DEPTH,"[(97535, 186)]"
2019-06-28 12:03:00,ASK_DEPTH,"[(98995, 230)]"
2019-06-28 12:03:00,IMBALANCE,"[186, 230]"
2019-06-28 12:03:00,HOLDINGS_UPDATED,"{'CASH': 8804778, 'JPM': 7}"
2019-06-28 12:04:00,BID_DEPTH,"[(97535, 110)]"
2019-06-28 12:04:00,ASK_DEPTH,"[(98995, 152)]"
2019-06-28 12:04:00,IMBALANCE,"[110, 152]"
2019-06-28 12:04:00,HOLDINGS_UPDATED,{'CASH': 9487523}
2019-06-28 12:05:00,BID_DEPTH,"[(98995, 123)]"
2019-06-28 12:05:00,ASK_DEPTH,"[(99316, 165)]"
2019-06-28 12:05:00,IMBALANCE,"[123, 165]"
2019-06-28 12:05:00,HOLDINGS_UPDATED,"{'CASH': 10180488, 'JPM': -7}"
2019-06-28 12:06:00,BID_DEPTH,"[(98995, 123)]"
2019-06-28 12:06:00,ASK_DEPTH,"[(99316, 165)]"
2019-06-28 12:06:00,IMBALANCE,"[123, 165]"
2019-06-28 12:06:00,HOLDINGS_UPDATED,"{'CASH': 10873453, 'JPM': -14}"
2019-06-28 12:07:00,BID_DEPTH,"[(98996, 123)]"
2019-06-28 12:07:00,ASK_DEPTH,"[(99404, 165)]"
2019-06-28 12:07:00,IMBALANCE,"[123, 165]"
2019-06-28 12:07:00,HOLDINGS_UPDATED,"{'CASH': 11566425, 'JPM': -21}"
2019-06-28 12:08:00,BID_DEPTH,"[(98996, 123)]"
2019-06-28 12:08:00,ASK_DEPTH,"[(99404, 165)]"
2019-06-28 12:08:00,IMBALANCE,"[123, 165]"
2019-06-28 12:08:00,HOLDINGS_UPDATED,"{'CASH': 12259397, 'JPM': -28}"
2019-06-28 12:09:00,BID_DEPTH,"[(99404, 318)]"
2019-06-28 12:09:00,ASK_DEPTH,"[(99627, 262)]"
2019-06-28 12:09:00,IMBALANCE,"[318, 262]"
2019-06-28 12:09:00,HOLDINGS_UPDATED,"{'CASH': 12955225, 'JPM': -35}"
2019-06-28 12:10:00,BID_DEPTH,"[(99627, 43)]"
2019-06-28 12:10:00,ASK_DEPTH,"[(99723, 152)]"
2019-06-28 12:10:00,IMBALANCE,"[43, 152]"
2019-06-28 12:10:00,HOLDINGS_UPDATED,"{'CASH': 13652614, 'JPM': -42}"
2019-06-28 12:11:00,BID_DEPTH,"[(99627, 207)]"
2019-06-28 12:11:00,ASK_DEPTH,"[(99766, 152)]"
2019-06-28 12:11:00,IMBALANCE,"[207, 152]"
2019-06-28 12:11:00,HOLDINGS_UPDATED,"{'CASH': 14350003, 'JPM': -49}"
2019-06-28 12:12:00,BID_DEPTH,"[(99627, 137)]"
2019-06-28 12:12:00,ASK_DEPTH,"[(99766, 188)]"
2019-06-28 12:12:00,IMBALANCE,"[137, 188]"
2019-06-28 12:12:00,HOLDINGS_UPDATED,"{'CASH': 15047392, 'JPM': -56}"
2019-06-28 12:13:00,BID_DEPTH,"[(99405, 92)]"
2019-06-28 12:13:00,ASK_DEPTH,"[(100147, 152)]"
2019-06-28 12:13:00,IMBALANCE,"[92, 152]"
2019-06-28 12:13:00,HOLDINGS_UPDATED,"{'CASH': 15743227, 'JPM': -63}"
2019-06-28 12:14:00,BID_DEPTH,"[(99803, 110)]"
2019-06-28 12:14:00,ASK_DEPTH,"[(99989, 152)]"
2019-06-28 12:14:00,IMBALANCE,"[110, 152]"
2019-06-28 12:14:00,HOLDINGS_UPDATED,"{'CASH': 16441848, 'JPM': -70}"
2019-06-28 12:15:00,BID_DEPTH,"[(99404, 146)]"
2019-06-28 12:15:00,ASK_DEPTH,"[(99989, 188)]"
2019-06-28 12:15:00,IMBALANCE,"[146, 188]"
2019-06-28 12:15:00,HOLDINGS_UPDATED,"{'CASH': 17137676, 'JPM': -77}"
2019-06-28 12:16:00,BID_DEPTH,"[(97535, 146)]"
2019-06-28 12:16:00,ASK_DEPTH,"[(99184, 188)]"
2019-06-28 12:16:00,IMBALANCE,"[146, 188]"
2019-06-28 12:16:00,HOLDINGS_UPDATED,"{'CASH': 17820421, 'JPM': -84}"
2019-06-28 12:17:00,BID_DEPTH,"[(97182, 223)]"
2019-06-28 12:17:00,ASK_DEPTH,"[(99184, 360)]"
2019-06-28 12:17:00,IMBALANCE,"[223, 360]"
2019-06-28 12:17:00,HOLDINGS_UPDATED,"{'CASH': 18500695, 'JPM': -91}"
2019-06-28 12:18:00,BID_DEPTH,"[(99130, 123)]"
2019-06-28 12:18:00,ASK_DEPTH,"[(99404, 265)]"
2019-06-28 12:18:00,IMBALANCE,"[123, 265]"
2019-06-28 12:18:00,HOLDINGS_UPDATED,"{'CASH': 19194605, 'JPM': -98}"
2019-06-28 12:19:00,BID_DEPTH,"[(97181, 56)]"
2019-06-28 12:19:00,ASK_DEPTH,"[(99404, 288)]"
2019-06-28 12:19:00,IMBALANCE,"[56, 288]"
2019-06-28 12:19:00,HOLDINGS_UPDATED,"{'CASH': 19874872, 'JPM': -105}"
2019-06-28 12:20:00,BID_DEPTH,[]
2019-06-28 12:20:00,ASK_DEPTH,"[(99404, 100)]"
2019-06-28 12:20:00,IMBALANCE,"[0, 100]"
2019-06-28 12:21:00,BID_DEPTH,"[(97180, 418)]"
2019-06-28 12:21:00,ASK_DEPTH,"[(99404, 360)]"
2019-06-28 12:21:00,IMBALANCE,"[418, 360]"
2019-06-28 12:21:00,HOLDINGS_UPDATED,"{'CASH': 20555132, 'JPM': -112}"
2019-06-28 12:22:00,BID_DEPTH,"[(97180, 104)]"
2019-06-28 12:22:00,ASK_DEPTH,"[(99404, 152)]"
2019-06-28 12:22:00,IMBALANCE,"[104, 152]"
2019-06-28 12:22:00,HOLDINGS_UPDATED,"{'CASH': 21235392, 'JPM': -119}"
2019-06-28 12:23:00,BID_DEPTH,[]
2019-06-28 12:23:00,ASK_DEPTH,"[(98442, 100)]"
2019-06-28 12:23:00,IMBALANCE,"[0, 100]"
2019-06-28 12:24:00,BID_DEPTH,[]
2019-06-28 12:24:00,ASK_DEPTH,"[(98611, 100)]"
2019-06-28 12:24:00,IMBALANCE,"[0, 100]"
2019-06-28 12:25:00,BID_DEPTH,"[(97180, 188)]"
2019-06-28 12:25:00,ASK_DEPTH,"[(98518, 146)]"
2019-06-28 12:25:00,IMBALANCE,"[188, 146]"
2019-06-28 12:25:00,HOLDINGS_UPDATED,"{'CASH': 20545766, 'JPM': -112}"
2019-06-28 12:26:00,BID_DEPTH,"[(98518, 188)]"
2019-06-28 12:26:00,ASK_DEPTH,"[(98971, 146)]"
2019-06-28 12:26:00,IMBALANCE,"[188, 146]"
2019-06-28 12:26:00,HOLDINGS_UPDATED,"{'CASH': 19852969, 'JPM': -105}"
2019-06-28 12:27:00,BID_DEPTH,"[(99195, 360)]"
2019-06-28 12:27:00,ASK_DEPTH,"[(99469, 318)]"
2019-06-28 12:27:00,IMBALANCE,"[360, 318]"
2019-06-28 12:27:00,HOLDINGS_UPDATED,"{'CASH': 19156686, 'JPM': -98}"
2019-06-28 12:28:00,BID_DEPTH,"[(99067, 360)]"
2019-06-28 12:28:00,ASK_DEPTH,"[(99434, 318)]"
2019-06-28 12:28:00,IMBALANCE,"[360, 318]"
2019-06-28 12:28:00,HOLDINGS_UPDATED,"{'CASH': 18460648, 'JPM': -91}"
2019-06-28 12:29:00,BID_DEPTH,"[(99067, 165)]"
2019-06-28 12:29:00,ASK_DEPTH,"[(99193, 123)]"
2019-06-28 12:29:00,IMBALANCE,"[165, 123]"
2019-06-28 12:29:00,HOLDINGS_UPDATED,"{'CASH': 17766297, 'JPM': -84}"
2019-06-28 12:30:00,BID_DEPTH,"[(99193, 165)]"
2019-06-28 12:30:00,ASK_DEPTH,"[(99795, 123)]"
2019-06-28 12:30:00,IMBALANCE,"[165, 123]"
2019-06-28 12:30:00,HOLDINGS_UPDATED,"{'CASH': 17067732, 'JPM': -77}"
2019-06-28 12:31:00,BID_DEPTH,"[(99795, 152)]"
2019-06-28 12:31:00,ASK_DEPTH,"[(99812, 110)]"
2019-06-28 12:31:00,IMBALANCE,"[152, 110]"
2019-06-28 12:31:00,HOLDINGS_UPDATED,"{'CASH': 16369048, 'JPM': -70}"
2019-06-28 12:32:00,BID_DEPTH,"[(99795, 230)]"
2019-06-28 12:32:00,ASK_DEPTH,"[(99853, 188)]"
2019-06-28 12:32:00,IMBALANCE,"[230, 188]"
2019-06-28 12:32:00,HOLDINGS_UPDATED,"{'CASH': 15670077, 'JPM': -63}"
2019-06-28 12:33:00,BID_DEPTH,"[(99731, 188)]"
2019-06-28 12:33:00,ASK_DEPTH,"[(99856, 146)]"
2019-06-28 12:33:00,IMBALANCE,"[188, 146]"
2019-06-28 12:33:00,HOLDINGS_UPDATED,"{'CASH': 14971085, 'JPM': -56}"
2019-06-28 12:34:00,BID_DEPTH,"[(99731, 230)]"
2019-06-28 12:34:00,ASK_DEPTH,"[(99856, 288)]"
2019-06-28 12:34:00,IMBALANCE,"[230, 288]"
2019-06-28 12:34:00,HOLDINGS_UPDATED,"{'CASH': 14272093, 'JPM': -49}"
2019-06-28 12:35:00,BID_DEPTH,"[(99731, 152)]"
2019-06-28 12:35:00,ASK_DEPTH,"[(99895, 110)]"
2019-06-28 12:35:00,IMBALANCE,"[152, 110]"
2019-06-28 12:35:00,HOLDINGS_UPDATED,"{'CASH': 13572828, 'JPM': -42}"
2019-06-28 12:36:00,BID_DEPTH,"[(99786, 152)]"
2019-06-28 12:36:00,ASK_DEPTH,"[(99895, 110)]"
2019-06-28 12:36:00,IMBALANCE,"[152, 110]"
2019-06-28 12:36:00,HOLDINGS_UPDATED,"{'CASH': 12873563, 'JPM': -35}"
2019-06-28 12:37:00,BID_DEPTH,"[(99895, 284)]"
2019-06-28 12:37:00,ASK_DEPTH,"[(99903, 188)]"
2019-06-28 12:37:00,IMBALANCE,"[284, 188]"
2019-06-28 12:37:00,HOLDINGS_UPDATED,"{'CASH': 12174242, 'JPM': -28}"
2019-06-28 12:38:00,BID_DEPTH,"[(99903, 188)]"
2019-06-28 12:38:00,ASK_DEPTH,"[(99941, 146)]"
2019-06-28 12:38:00,IMBALANCE,"[188, 146]"
2019-06-28 12:38:00,HOLDINGS_UPDATED,"{'CASH': 11474655, 'JPM': -21}"
2019-06-28 12:39:00,BID_DEPTH,"[(99942, 360)]"
2019-06-28 12:39:00,ASK_DEPTH,"[(99957, 318)]"
2019-06-28 12:39:00,IMBALANCE,"[360, 318]"
2019-06-28 12:39:00,HOLDINGS_UPDATED,"{'CASH': 10774956, 'JPM': -14}"
2019-06-28 12:40:00,BID_DEPTH,"[(99941, 378)]"
2019-06-28 12:40:00,ASK_DEPTH,"[(99976, 318)]"
2019-06-28 12:40:00,IMBALANCE,"[378, 318]"
2019-06-28 12:40:00,HOLDINGS_UPDATED,"{'CASH': 10075124, 'JPM': -7}"
2019-06-28 12:41:00,BID_DEPTH,"[(99941, 248)]"
2019-06-28 12:41:00,ASK_DEPTH,"[(99986, 188)]"
2019-06-28 12:41:00,IMBALANCE,"[248, 188]"
2019-06-28 12:41:00,HOLDINGS_UPDATED,{'CASH': 9375222}
2019-06-28 12:42:00,BID_DEPTH,"[(99941, 183)]"
2019-06-28 12:42:00,ASK_DEPTH,"[(100051, 123)]"
2019-06-28 12:42:00,IMBALANCE,"[183, 123]"
2019-06-28 12:42:00,HOLDINGS_UPDATED,"{'CASH': 8674865, 'JPM': 7}"
2019-06-28 12:43:00,BID_DEPTH,"[(99941, 183)]"
2019-06-28 12:43:00,ASK_DEPTH,"[(100050, 123)]"
2019-06-28 12:43:00,IMBALANCE,"[183, 123]"
2019-06-28 12:43:00,HOLDINGS_UPDATED,"{'CASH': 7974515, 'JPM': 14}"
2019-06-28 12:44:00,BID_DEPTH,"[(100036, 188)]"
2019-06-28 12:44:00,ASK_DEPTH,"[(100050, 146)]"
2019-06-28 12:44:00,IMBALANCE,"[188, 146]"
2019-06-28 12:44:00,HOLDINGS_UPDATED,"{'CASH': 7274165, 'JPM': 21}"
2019-06-28 12:45:00,BID_DEPTH,"[(99941, 278)]"
2019-06-28 12:45:00,ASK_DEPTH,"[(100036, 318)]"
2019-06-28 12:45:00,IMBALANCE,"[278, 318]"
2019-06-28 12:45:00,HOLDINGS_UPDATED,"{'CASH': 6573913, 'JPM': 28}"
2019-06-28 12:46:00,BID_DEPTH,"[(99895, 165)]"
2019-06-28 12:46:00,ASK_DEPTH,"[(100035, 123)]"
2019-06-28 12:46:00,IMBALANCE,"[165, 123]"
2019-06-28 12:46:00,HOLDINGS_UPDATED,"{'CASH': 5873668, 'JPM': 35}"
2019-06-28 12:47:00,BID_DEPTH,"[(99895, 360)]"
2019-06-28 12:47:00,ASK_DEPTH,"[(100036, 318)]"
2019-06-28 12:47:00,IMBALANCE,"[360, 318]"
2019-06-28 12:47:00,HOLDINGS_UPDATED,"{'CASH': 5173416, 'JPM': 42}"
2019-06-28 12:48:00,BID_DEPTH,"[(99786, 360)]"
2019-06-28 12:48:00,ASK_DEPTH,"[(100069, 318)]"
2019-06-28 12:48:00,IMBALANCE,"[360, 318]"
2019-06-28 12:48:00,HOLDINGS_UPDATED,"{'CASH': 4472933, 'JPM': 49}"
2019-06-28 12:49:00,BID_DEPTH,"[(100015, 165)]"
2019-06-28 12:49:00,ASK_DEPTH,"[(100174, 123)]"
2019-06-28 12:49:00,IMBALANCE,"[165, 123]"
2019-06-28 12:49:00,HOLDINGS_UPDATED,"{'CASH': 3771715, 'JPM': 56}"
2019-06-28 12:50:00,BID_DEPTH,"[(99941, 230)]"
2019-06-28 12:50:00,ASK_DEPTH,"[(100174, 188)]"
2019-06-28 12:50:00,IMBALANCE,"[230, 188]"
2019-06-28 12:50:00,HOLDINGS_UPDATED,"{'CASH': 3070497, 'JPM': 63}"
2019-06-28 12:51:00,BID_DEPTH,"[(99891, 360)]"
2019-06-28 12:51:00,ASK_DEPTH,"[(99996, 318)]"
2019-06-28 12:51:00,IMBALANCE,"[360, 318]"
2019-06-28 12:51:00,HOLDINGS_UPDATED,"{'CASH': 2370525, 'JPM': 70}"
2019-06-28 12:52:00,BID_DEPTH,"[(99884, 165)]"
2019-06-28 12:52:00,ASK_DEPTH,"[(100174, 123)]"
2019-06-28 12:52:00,IMBALANCE,"[165, 123]"
2019-06-28 12:52:00,HOLDINGS_UPDATED,"{'CASH': 1669307, 'JPM': 77}"
2019-06-28 12:53:00,BID_DEPTH,"[(100116, 152)]"
2019-06-28 12:53:00,ASK_DEPTH,"[(100174, 110)]"
2019-06-28 12:53:00,IMBALANCE,"[152, 110]"
2019-06-28 12:53:00,HOLDINGS_UPDATED,"{'CASH': 968089, 'JPM': 84}"
2019-06-28 12:54:00,BID_DEPTH,"[(100175, 360)]"
2019-06-28 12:54:00,ASK_DEPTH,"[(100242, 318)]"
2019-06-28 12:54:00,IMBALANCE,"[360, 318]"
2019-06-28 12:54:00,HOLDINGS_UPDATED,"{'CASH': 266395, 'JPM': 91}"
2019-06-28 12:55:00,BID_DEPTH,"[(100175, 152)]"
2019-06-28 12:55:00,ASK_DEPTH,"[(100227, 110)]"
2019-06-28 12:55:00,IMBALANCE,"[152, 110]"
2019-06-28 12:55:00,HOLDINGS_UPDATED,"{'CASH': -435194, 'JPM': 98}"
2019-06-28 12:56:00,BID_DEPTH,"[(100175, 152)]"
2019-06-28 12:56:00,ASK_DEPTH,"[(100227, 110)]"
2019-06-28 12:56:00,IMBALANCE,"[152, 110]"
2019-06-28 12:56:00,HOLDINGS_UPDATED,"{'CASH': -1136783, 'JPM': 105}"
2019-06-28 12:57:00,BID_DEPTH,"[(99884, 360)]"
2019-06-28 12:57:00,ASK_DEPTH,"[(100227, 318)]"
2019-06-28 12:57:00,IMBALANCE,"[360, 318]"
2019-06-28 12:57:00,HOLDINGS_UPDATED,"{'CASH': -1838372, 'JPM': 112}"
2019-06-28 12:58:00,BID_DEPTH,"[(99884, 188)]"
2019-06-28 12:58:00,ASK_DEPTH,"[(100227, 246)]"
2019-06-28 12:58:00,IMBALANCE,"[188, 246]"
2019-06-28 12:58:00,HOLDINGS_UPDATED,"{'CASH': -2539961, 'JPM': 119}"
2019-06-28 12:59:00,BID_DEPTH,"[(99786, 230)]"
2019-06-28 12:59:00,ASK_DEPTH,"[(99884, 188)]"
2019-06-28 12:59:00,IMBALANCE,"[230, 188]"
2019-06-28 12:59:00,HOLDINGS_UPDATED,"{'CASH': -3239149, 'JPM': 126}"
2019-06-28 13:00:00,BID_DEPTH,"[(99693, 188)]"
2019-06-28 13:00:00,ASK_DEPTH,"[(100227, 140)]"
2019-06-28 13:00:00,IMBALANCE,"[188, 140]"
2019-06-28 13:00:00,HOLDINGS_UPDATED,"{'CASH': -3940738, 'JPM': 133}"
2019-06-28 13:01:00,BID_DEPTH,"[(99349, 360)]"
2019-06-28 13:01:00,ASK_DEPTH,"[(100249, 318)]"
2019-06-28 13:01:00,IMBALANCE,"[360, 318]"
2019-06-28 13:01:00,HOLDINGS_UPDATED,"{'CASH': -4642481, 'JPM': 140}"
2019-06-28 13:02:00,BID_DEPTH,"[(99193, 152)]"
2019-06-28 13:02:00,ASK_DEPTH,"[(100298, 110)]"
2019-06-28 13:02:00,IMBALANCE,"[152, 110]"
2019-06-28 13:02:00,HOLDINGS_UPDATED,"{'CASH': -5344567, 'JPM': 147}"
2019-06-28 13:03:00,BID_DEPTH,"[(98719, 188)]"
2019-06-28 13:03:00,ASK_DEPTH,"[(99060, 146)]"
2019-06-28 13:03:00,IMBALANCE,"[188, 146]"
2019-06-28 13:03:00,HOLDINGS_UPDATED,"{'CASH': -6037987, 'JPM': 154}"
2019-06-28 13:04:00,BID_DEPTH,"[(99002, 188)]"
2019-06-28 13:04:00,ASK_DEPTH,"[(99131, 146)]"
2019-06-28 13:04:00,IMBALANCE,"[188, 146]"
2019-06-28 13:04:00,HOLDINGS_UPDATED,"{'CASH': -6731904, 'JPM': 161}"
2019-06-28 13:05:00,BID_DEPTH,"[(99002, 188)]"
2019-06-28 13:05:00,ASK_DEPTH,"[(99131, 146)]"
2019-06-28 13:05:00,IMBALANCE,"[188, 146]"
2019-06-28 13:05:00,HOLDINGS_UPDATED,"{'CASH': -7425821, 'JPM': 168}"
2019-06-28 13:06:00,BID_DEPTH,"[(98954, 188)]"
2019-06-28 13:06:00,ASK_DEPTH,"[(99130, 146)]"
2019-06-28 13:06:00,IMBALANCE,"[188, 146]"
2019-06-28 13:06:00,HOLDINGS_UPDATED,"{'CASH': -8119731, 'JPM': 175}"
2019-06-28 13:07:00,BID_DEPTH,"[(98762, 360)]"
2019-06-28 13:07:00,ASK_DEPTH,"[(98868, 318)]"
2019-06-28 13:07:00,IMBALANCE,"[360, 318]"
2019-06-28 13:07:00,HOLDINGS_UPDATED,"{'CASH': -8811807, 'JPM': 182}"
2019-06-28 13:08:00,BID_DEPTH,"[(98762, 360)]"
2019-06-28 13:08:00,ASK_DEPTH,"[(98954, 318)]"
2019-06-28 13:08:00,IMBALANCE,"[360, 318]"
2019-06-28 13:08:00,HOLDINGS_UPDATED,"{'CASH': -9504485, 'JPM': 189}"
2019-06-28 13:09:00,BID_DEPTH,"[(98616, 360)]"
2019-06-28 13:09:00,ASK_DEPTH,"[(98762, 230)]"
2019-06-28 13:09:00,IMBALANCE,"[360, 230]"
2019-06-28 13:09:00,HOLDINGS_UPDATED,"{'CASH': -10195819, 'JPM': 196}"
2019-06-28 13:10:00,BID_DEPTH,"[(98616, 188)]"
2019-06-28 13:10:00,ASK_DEPTH,"[(99130, 146)]"
2019-06-28 13:10:00,IMBALANCE,"[188, 146]"
2019-06-28 13:10:00,HOLDINGS_UPDATED,"{'CASH': -10889729, 'JPM': 203}"
2019-06-28 13:11:00,BID_DEPTH,"[(98034, 318)]"
2019-06-28 13:11:00,ASK_DEPTH,"[(99131, 360)]"
2019-06-28 13:11:00,IMBALANCE,"[318, 360]"
2019-06-28 13:11:00,HOLDINGS_UPDATED,"{'CASH': -10203491, 'JPM': 196}"
2019-06-28 13:12:00,BID_DEPTH,"[(98217, 188)]"
2019-06-28 13:12:00,ASK_DEPTH,"[(98376, 230)]"
2019-06-28 13:12:00,IMBALANCE,"[188, 230]"
2019-06-28 13:12:00,HOLDINGS_UPDATED,"{'CASH': -9515972, 'JPM': 189}"
2019-06-28 13:13:00,BID_DEPTH,"[(98217, 193)]"
2019-06-28 13:13:00,ASK_DEPTH,"[(98376, 230)]"
2019-06-28 13:13:00,IMBALANCE,"[193, 230]"
2019-06-28 13:13:00,HOLDINGS_UPDATED,"{'CASH': -8828453, 'JPM': 182}"
2019-06-28 13:14:00,BID_DEPTH,"[(98393, 318)]"
2019-06-28 13:14:00,ASK_DEPTH,"[(98401, 360)]"
2019-06-28 13:14:00,IMBALANCE,"[318, 360]"
2019-06-28 13:14:00,HOLDINGS_UPDATED,"{'CASH': -8139702, 'JPM': 175}"
2019-06-28 13:15:00,BID_DEPTH,"[(98394, 15)]"
2019-06-28 13:15:00,ASK_DEPTH,"[(98401, 152)]"
2019-06-28 13:15:00,IMBALANCE,"[15, 152]"
2019-06-28 13:15:00,HOLDINGS_UPDATED,"{'CASH': -7450944, 'JPM': 168}"
2019-06-28 13:16:00,BID_DEPTH,"[(98264, 104)]"
2019-06-28 13:16:00,ASK_DEPTH,"[(98401, 188)]"
2019-06-28 13:16:00,IMBALANCE,"[104, 188]"
2019-06-28 13:16:00,HOLDINGS_UPDATED,"{'CASH': -6763096, 'JPM': 161}"
2019-06-28 13:17:00,BID_DEPTH,"[(98264, 223)]"
2019-06-28 13:17:00,ASK_DEPTH,"[(98401, 360)]"
2019-06-28 13:17:00,IMBALANCE,"[223, 360]"
2019-06-28 13:17:00,HOLDINGS_UPDATED,"{'CASH': -6075248, 'JPM': 154}"
2019-06-28 13:18:00,BID_DEPTH,"[(98264, 93)]"
2019-06-28 13:18:00,ASK_DEPTH,"[(98401, 230)]"
2019-06-28 13:18:00,IMBALANCE,"[93, 230]"
2019-06-28 13:18:00,HOLDINGS_UPDATED,"{'CASH': -5387400, 'JPM': 147}"
2019-06-28 13:19:00,BID_DEPTH,"[(98265, 123)]"
2019-06-28 13:19:00,ASK_DEPTH,"[(98456, 165)]"
2019-06-28 13:19:00,IMBALANCE,"[123, 165]"
2019-06-28 13:19:00,HOLDINGS_UPDATED,"{'CASH': -4699545, 'JPM': 140}"
2019-06-28 13:20:00,BID_DEPTH,"[(98265, 223)]"
2019-06-28 13:20:00,ASK_DEPTH,"[(98456, 360)]"
2019-06-28 13:20:00,IMBALANCE,"[223, 360]"
2019-06-28 13:20:00,HOLDINGS_UPDATED,"{'CASH': -4011690, 'JPM': 133}"
2019-06-28 13:21:00,BID_DEPTH,"[(98266, 146)]"
2019-06-28 13:21:00,ASK_DEPTH,"[(98516, 188)]"
2019-06-28 13:21:00,IMBALANCE,"[146, 188]"
2019-06-28 13:21:00,HOLDINGS_UPDATED,"{'CASH': -3323828, 'JPM': 126}"
2019-06-28 13:22:00,BID_DEPTH,"[(98516, 158)]"
2019-06-28 13:22:00,ASK_DEPTH,"[(98709, 188)]"
2019-06-28 13:22:00,IMBALANCE,"[158, 188]"
2019-06-28 13:22:00,HOLDINGS_UPDATED,"{'CASH': -2634216, 'JPM': 119}"
2019-06-28 13:23:00,BID_DEPTH,"[(98516, 29)]"
2019-06-28 13:23:00,ASK_DEPTH,"[(98727, 165)]"
2019-06-28 13:23:00,IMBALANCE,"[29, 165]"
2019-06-28 13:23:00,HOLDINGS_UPDATED,"{'CASH': -1944604, 'JPM': 112}"
2019-06-28 13:24:00,BID_DEPTH,"[(98265, 223)]"
2019-06-28 13:24:00,ASK_DEPTH,"[(98821, 360)]"
2019-06-28 13:24:00,IMBALANCE,"[223, 360]"
2019-06-28 13:24:00,HOLDINGS_UPDATED,"{'CASH': -1256749, 'JPM': 105}"
2019-06-28 13:25:00,BID_DEPTH,"[(98264, 51)]"
2019-06-28 13:25:00,ASK_DEPTH,"[(99043, 188)]"
2019-06-28 13:25:00,IMBALANCE,"[51, 188]"
2019-06-28 13:25:00,HOLDINGS_UPDATED,"{'CASH': -568901, 'JPM': 98}"
2019-06-28 13:26:00,BID_DEPTH,"[(98600, 110)]"
2019-06-28 13:26:00,ASK_DEPTH,"[(98721, 152)]"
2019-06-28 13:26:00,IMBALANCE,"[110, 152]"
2019-06-28 13:26:00,HOLDINGS_UPDATED,"{'CASH': 121299, 'JPM': 91}"
2019-06-28 13:27:00,BID_DEPTH,"[(98527, 123)]"
2019-06-28 13:27:00,ASK_DEPTH,"[(98721, 165)]"
2019-06-28 13:27:00,IMBALANCE,"[123, 165]"
2019-06-28 13:27:00,HOLDINGS_UPDATED,"{'CASH': 810988, 'JPM': 84}"
2019-06-28 13:28:00,BID_DEPTH,"[(98421, 123)]"
2019-06-28 13:28:00,ASK_DEPTH,"[(98464, 165)]"
2019-06-28 13:28:00,IMBALANCE,"[123, 165]"
2019-06-28 13:28:00,HOLDINGS_UPDATED,"{'CASH': 1499935, 'JPM': 77}"
2019-06-28 13:29:00,BID_DEPTH,"[(98354, 123)]"
2019-06-28 13:29:00,ASK_DEPTH,"[(98527, 265)]"
2019-06-28 13:29:00,IMBALANCE,"[123, 265]"
2019-06-28 13:29:00,HOLDINGS_UPDATED,"{'CASH': 2188413, 'JPM': 70}"
2019-06-28 13:30:00,BID_DEPTH,"[(98277, 188)]"
2019-06-28 13:30:00,ASK_DEPTH,"[(98527, 330)]"
2019-06-28 13:30:00,IMBALANCE,"[188, 330]"
2019-06-28 13:30:00,HOLDINGS_UPDATED,"{'CASH': 2876352, 'JPM': 63}"
2019-06-28 13:31:00,BID_DEPTH,"[(98306, 146)]"
2019-06-28 13:31:00,ASK_DEPTH,"[(98527, 288)]"
2019-06-28 13:31:00,IMBALANCE,"[146, 288]"
2019-06-28 13:31:00,HOLDINGS_UPDATED,"{'CASH': 3564494, 'JPM': 56}"
2019-06-28 13:32:00,BID_DEPTH,"[(98217, 118)]"
2019-06-28 13:32:00,ASK_DEPTH,"[(98306, 165)]"
2019-06-28 13:32:00,IMBALANCE,"[118, 165]"
2019-06-28 13:32:00,HOLDINGS_UPDATED,"{'CASH': 4252013, 'JPM': 49}"
2019-06-28 13:33:00,BID_DEPTH,"[(98159, 188)]"
2019-06-28 13:33:00,ASK_DEPTH,"[(98212, 230)]"
2019-06-28 13:33:00,IMBALANCE,"[188, 230]"
2019-06-28 13:33:00,HOLDINGS_UPDATED,"{'CASH': 4939126, 'JPM': 42}"
2019-06-28 13:34:00,BID_DEPTH,"[(98144, 188)]"
2019-06-28 13:34:00,ASK_DEPTH,"[(98212, 230)]"
2019-06-28 13:34:00,IMBALANCE,"[188, 230]"
2019-06-28 13:34:00,HOLDINGS_UPDATED,"{'CASH': 5626134, 'JPM': 35}"
2019-06-28 13:35:00,BID_DEPTH,"[(98177, 123)]"
2019-06-28 13:35:00,ASK_DEPTH,"[(98212, 165)]"
2019-06-28 13:35:00,IMBALANCE,"[123, 165]"
2019-06-28 13:35:00,HOLDINGS_UPDATED,"{'CASH': 6313373, 'JPM': 28}"
2019-06-28 13:36:00,BID_DEPTH,"[(98212, 58)]"
2019-06-28 13:36:00,ASK_DEPTH,"[(98306, 165)]"
2019-06-28 13:36:00,IMBALANCE,"[58, 165]"
2019-06-28 13:36:00,HOLDINGS_UPDATED,"{'CASH': 7000857, 'JPM': 21}"
2019-06-28 13:37:00,BID_DEPTH,"[(98212, 88)]"
2019-06-28 13:37:00,ASK_DEPTH,"[(98306, 188)]"
2019-06-28 13:37:00,IMBALANCE,"[88, 188]"
2019-06-28 13:37:00,HOLDINGS_UPDATED,"{'CASH': 7688341, 'JPM': 14}"
2019-06-28 13:38:00,BID_DEPTH,"[(98306, 188)]"
2019-06-28 13:38:00,ASK_DEPTH,"[(98482, 230)]"
2019-06-28 13:38:00,IMBALANCE,"[188, 230]"
2019-06-28 13:38:00,HOLDINGS_UPDATED,"{'CASH': 8376483, 'JPM': 7}"
2019-06-28 13:39:00,BID_DEPTH,"[(98391, 123)]"
2019-06-28 13:39:00,ASK_DEPTH,"[(98621, 165)]"
2019-06-28 13:39:00,IMBALANCE,"[123, 165]"
2019-06-28 13:39:00,HOLDINGS_UPDATED,{'CASH': 9065220}
2019-06-28 13:40:00,BID_DEPTH,"[(98391, 318)]"
2019-06-28 13:40:00,ASK_DEPTH,"[(98629, 360)]"
2019-06-28 13:40:00,IMBALANCE,"[318, 360]"
2019-06-28 13:40:00,HOLDINGS_UPDATED,"{'CASH': 9753957, 'JPM': -7}"
2019-06-28 13:41:00,BID_DEPTH,"[(98391, 188)]"
2019-06-28 13:41:00,ASK_DEPTH,"[(98629, 230)]"
2019-06-28 13:41:00,IMBALANCE,"[188, 230]"
2019-06-28 13:41:00,HOLDINGS_UPDATED,"{'CASH': 10442694, 'JPM': -14}"
2019-06-28 13:42:00,BID_DEPTH,"[(98306, 110)]"
2019-06-28 13:42:00,ASK_DEPTH,"[(98672, 152)]"
2019-06-28 13:42:00,IMBALANCE,"[110, 152]"
2019-06-28 13:42:00,HOLDINGS_UPDATED,"{'CASH': 11130836, 'JPM': -21}"
2019-06-28 13:43:00,BID_DEPTH,"[(98307, 188)]"
2019-06-28 13:43:00,ASK_DEPTH,"[(98912, 230)]"
2019-06-28 13:43:00,IMBALANCE,"[188, 230]"
2019-06-28 13:43:00,HOLDINGS_UPDATED,"{'CASH': 11818985, 'JPM': -28}"
2019-06-28 13:44:00,BID_DEPTH,"[(98306, 123)]"
2019-06-28 13:44:00,ASK_DEPTH,"[(99146, 165)]"
2019-06-28 13:44:00,IMBALANCE,"[123, 165]"
2019-06-28 13:44:00,HOLDINGS_UPDATED,"{'CASH': 12507127, 'JPM': -35}"
2019-06-28 13:45:00,BID_DEPTH,"[(98306, 146)]"
2019-06-28 13:45:00,ASK_DEPTH,"[(99161, 188)]"
2019-06-28 13:45:00,IMBALANCE,"[146, 188]"
2019-06-28 13:45:00,HOLDINGS_UPDATED,"{'CASH': 13195269, 'JPM': -42}"
2019-06-28 13:46:00,BID_DEPTH,"[(99161, 100)]"
2019-06-28 13:46:00,ASK_DEPTH,"[(99597, 230)]"
2019-06-28 13:46:00,IMBALANCE,"[100, 230]"
2019-06-28 13:46:00,HOLDINGS_UPDATED,"{'CASH': 13889396, 'JPM': -49}"
2019-06-28 13:47:00,BID_DEPTH,"[(99909, 318)]"
2019-06-28 13:47:00,ASK_DEPTH,"[(100334, 360)]"
2019-06-28 13:47:00,IMBALANCE,"[318, 360]"
2019-06-28 13:47:00,HOLDINGS_UPDATED,"{'CASH': 14588759, 'JPM': -56}"
2019-06-28 13:48:00,BID_DEPTH,"[(99909, 223)]"
2019-06-28 13:48:00,ASK_DEPTH,"[(100870, 165)]"
2019-06-28 13:48:00,IMBALANCE,"[223, 165]"
2019-06-28 13:48:00,HOLDINGS_UPDATED,"{'CASH': 15288122, 'JPM': -63}"
2019-06-28 13:49:00,BID_DEPTH,"[(101059, 360)]"
2019-06-28 13:49:00,ASK_DEPTH,"[(101085, 318)]"
2019-06-28 13:49:00,IMBALANCE,"[360, 318]"
2019-06-28 13:49:00,HOLDINGS_UPDATED,"{'CASH': 14580527, 'JPM': -56}"
2019-06-28 13:50:00,BID_DEPTH,"[(101059, 360)]"
2019-06-28 13:50:00,ASK_DEPTH,"[(101283, 318)]"
2019-06-28 13:50:00,IMBALANCE,"[360, 318]"
2019-06-28 13:50:00,HOLDINGS_UPDATED,"{'CASH': 13871546, 'JPM': -49}"
2019-06-28 13:51:00,BID_DEPTH,"[(101059, 152)]"
2019-06-28 13:51:00,ASK_DEPTH,"[(101158, 110)]"
2019-06-28 13:51:00,IMBALANCE,"[152, 110]"
2019-06-28 13:51:00,HOLDINGS_UPDATED,"{'CASH': 13163440, 'JPM': -42}"
2019-06-28 13:52:00,BID_DEPTH,"[(101059, 188)]"
2019-06-28 13:52:00,ASK_DEPTH,"[(101158, 151)]"
2019-06-28 13:52:00,IMBALANCE,"[188, 151]"
2019-06-28 13:52:00,HOLDINGS_UPDATED,"{'CASH': 12455334, 'JPM': -35}"
2019-06-28 13:53:00,BID_DEPTH,"[(100869, 360)]"
2019-06-28 13:53:00,ASK_DEPTH,"[(100964, 318)]"
2019-06-28 13:53:00,IMBALANCE,"[360, 318]"
2019-06-28 13:53:00,HOLDINGS_UPDATED,"{'CASH': 11748586, 'JPM': -28}"
2019-06-28 13:54:00,BID_DEPTH,"[(100899, 165)]"
2019-06-28 13:54:00,ASK_DEPTH,"[(100964, 128)]"
2019-06-28 13:54:00,IMBALANCE,"[165, 128]"
2019-06-28 13:54:00,HOLDINGS_UPDATED,"{'CASH': 11041838, 'JPM': -21}"
2019-06-28 13:55:00,BID_DEPTH,"[(100869, 360)]"
2019-06-28 13:55:00,ASK_DEPTH,"[(100908, 318)]"
2019-06-28 13:55:00,IMBALANCE,"[360, 318]"
2019-06-28 13:55:00,HOLDINGS_UPDATED,"{'CASH': 10335482, 'JPM': -14}"
2019-06-28 13:56:00,BID_DEPTH,"[(100869, 152)]"
2019-06-28 13:56:00,ASK_DEPTH,"[(100908, 210)]"
2019-06-28 13:56:00,IMBALANCE,"[152, 210]"
2019-06-28 13:56:00,HOLDINGS_UPDATED,"{'CASH': 9629126, 'JPM': -7}"
2019-06-28 13:57:00,BID_DEPTH,"[(100869, 152)]"
2019-06-28 13:57:00,ASK_DEPTH,"[(100908, 109)]"
2019-06-28 13:57:00,IMBALANCE,"[152, 109]"
2019-06-28 13:57:00,HOLDINGS_UPDATED,{'CASH': 8922770}
2019-06-28 13:58:00,BID_DEPTH,"[(100801, 165)]"
2019-06-28 13:58:00,ASK_DEPTH,"[(100908, 128)]"
2019-06-28 13:58:00,IMBALANCE,"[165, 128]"
2019-06-28 13:58:00,HOLDINGS_UPDATED,"{'CASH': 8216414, 'JPM': 7}"
2019-06-28 13:59:00,BID_DEPTH,"[(100235, 360)]"
2019-06-28 13:59:00,ASK_DEPTH,"[(100908, 223)]"
2019-06-28 13:59:00,IMBALANCE,"[360, 223]"
2019-06-28 13:59:00,HOLDINGS_UPDATED,"{'CASH': 7510058, 'JPM': 14}"
2019-06-28 14:00:00,BID_DEPTH,"[(100235, 152)]"
2019-06-28 14:00:00,ASK_DEPTH,"[(100908, 110)]"
2019-06-28 14:00:00,IMBALANCE,"[152, 110]"
2019-06-28 14:00:00,HOLDINGS_UPDATED,"{'CASH': 6803702, 'JPM': 21}"
2019-06-28 14:01:00,BID_DEPTH,"[(100176, 152)]"
2019-06-28 14:01:00,ASK_DEPTH,"[(100908, 110)]"
2019-06-28 14:01:00,IMBALANCE,"[152, 110]"
2019-06-28 14:01:00,HOLDINGS_UPDATED,"{'CASH': 6097346, 'JPM': 28}"
2019-06-28 14:02:00,BID_DEPTH,"[(100176, 188)]"
2019-06-28 14:02:00,ASK_DEPTH,"[(100909, 146)]"
2019-06-28 14:02:00,IMBALANCE,"[188, 146]"
2019-06-28 14:02:00,HOLDINGS_UPDATED,"{'CASH': 5390983, 'JPM': 35}"
2019-06-28 14:03:00,BID_DEPTH,"[(100266, 152)]"
2019-06-28 14:03:00,ASK_DEPTH,"[(100909, 110)]"
2019-06-28 14:03:00,IMBALANCE,"[152, 110]"
2019-06-28 14:03:00,HOLDINGS_UPDATED,"{'CASH': 4684620, 'JPM': 42}"
2019-06-28 14:04:00,BID_DEPTH,"[(100176, 230)]"
2019-06-28 14:04:00,ASK_DEPTH,"[(100909, 188)]"
2019-06-28 14:04:00,IMBALANCE,"[230, 188]"
2019-06-28 14:04:00,HOLDINGS_UPDATED,"{'CASH': 3978257, 'JPM': 49}"
2019-06-28 14:05:00,BID_DEPTH,"[(100176, 230)]"
2019-06-28 14:05:00,ASK_DEPTH,"[(100701, 188)]"
2019-06-28 14:05:00,IMBALANCE,"[230, 188]"
2019-06-28 14:05:00,HOLDINGS_UPDATED,"{'CASH': 3273350, 'JPM': 56}"
2019-06-28 14:06:00,BID_DEPTH,"[(100176, 230)]"
2019-06-28 14:06:00,ASK_DEPTH,"[(100206, 188)]"
2019-06-28 14:06:00,IMBALANCE,"[230, 188]"
2019-06-28 14:06:00,HOLDINGS_UPDATED,"{'CASH': 2571908, 'JPM': 63}"
2019-06-28 14:07:00,BID_DEPTH,"[(100116, 152)]"
2019-06-28 14:07:00,ASK_DEPTH,"[(100180, 110)]"
2019-06-28 14:07:00,IMBALANCE,"[152, 110]"
2019-06-28 14:07:00,HOLDINGS_UPDATED,"{'CASH': 1870648, 'JPM': 70}"
2019-06-28 14:08:00,BID_DEPTH,"[(100116, 152)]"
2019-06-28 14:08:00,ASK_DEPTH,"[(100143, 110)]"
2019-06-28 14:08:00,IMBALANCE,"[152, 110]"
2019-06-28 14:08:00,HOLDINGS_UPDATED,"{'CASH': 1169647, 'JPM': 77}"
2019-06-28 14:09:00,BID_DEPTH,"[(100000, 230)]"
2019-06-28 14:09:00,ASK_DEPTH,"[(100051, 188)]"
2019-06-28 14:09:00,IMBALANCE,"[230, 188]"
2019-06-28 14:09:00,HOLDINGS_UPDATED,"{'CASH': 469290, 'JPM': 84}"
2019-06-28 14:10:00,BID_DEPTH,"[(100000, 230)]"
2019-06-28 14:10:00,ASK_DEPTH,"[(100009, 188)]"
2019-06-28 14:10:00,IMBALANCE,"[230, 188]"
2019-06-28 14:10:00,HOLDINGS_UPDATED,"{'CASH': -230773, 'JPM': 91}"
2019-06-28 14:11:00,BID_DEPTH,"[(100001, 188)]"
2019-06-28 14:11:00,ASK_DEPTH,"[(100142, 146)]"
2019-06-28 14:11:00,IMBALANCE,"[188, 146]"
2019-06-28 14:11:00,HOLDINGS_UPDATED,"{'CASH': -931767, 'JPM': 98}"
2019-06-28 14:12:00,BID_DEPTH,"[(100001, 230)]"
2019-06-28 14:12:00,ASK_DEPTH,"[(100176, 188)]"
2019-06-28 14:12:00,IMBALANCE,"[230, 188]"
2019-06-28 14:12:00,HOLDINGS_UPDATED,"{'CASH': -1632999, 'JPM': 105}"
2019-06-28 14:13:00,BID_DEPTH,"[(100001, 152)]"
2019-06-28 14:13:00,ASK_DEPTH,"[(100180, 104)]"
2019-06-28 14:13:00,IMBALANCE,"[152, 104]"
2019-06-28 14:13:00,HOLDINGS_UPDATED,"{'CASH': -2334259, 'JPM': 112}"
2019-06-28 14:14:00,BID_DEPTH,"[(100186, 188)]"
2019-06-28 14:14:00,ASK_DEPTH,"[(100287, 146)]"
2019-06-28 14:14:00,IMBALANCE,"[188, 146]"
2019-06-28 14:14:00,HOLDINGS_UPDATED,"{'CASH': -3036268, 'JPM': 119}"
2019-06-28 14:15:00,BID_DEPTH,"[(100287, 188)]"
2019-06-28 14:15:00,ASK_DEPTH,"[(100329, 146)]"
2019-06-28 14:15:00,IMBALANCE,"[188, 146]"
2019-06-28 14:15:00,HOLDINGS_UPDATED,"{'CASH': -3738571, 'JPM': 126}"
2019-06-28 14:16:00,BID_DEPTH,"[(100329, 360)]"
2019-06-28 14:16:00,ASK_DEPTH,"[(100361, 318)]"
2019-06-28 14:16:00,IMBALANCE,"[360, 318]"
2019-06-28 14:16:00,HOLDINGS_UPDATED,"{'CASH': -4441098, 'JPM': 133}"
2019-06-28 14:17:00,BID_DEPTH,"[(100361, 230)]"
2019-06-28 14:17:00,ASK_DEPTH,"[(100451, 188)]"
2019-06-28 14:17:00,IMBALANCE,"[230, 188]"
2019-06-28 14:17:00,HOLDINGS_UPDATED,"{'CASH': -5144255, 'JPM': 140}"
2019-06-28 14:18:00,BID_DEPTH,"[(100451, 360)]"
2019-06-28 14:18:00,ASK_DEPTH,"[(100471, 318)]"
2019-06-28 14:18:00,IMBALANCE,"[360, 318]"
2019-06-28 14:18:00,HOLDINGS_UPDATED,"{'CASH': -5847552, 'JPM': 147}"
2019-06-28 14:19:00,BID_DEPTH,"[(100451, 188)]"
2019-06-28 14:19:00,ASK_DEPTH,"[(100481, 146)]"
2019-06-28 14:19:00,IMBALANCE,"[188, 146]"
2019-06-28 14:19:00,HOLDINGS_UPDATED,"{'CASH': -6550919, 'JPM': 154}"
2019-06-28 14:20:00,BID_DEPTH,"[(100481, 365)]"
2019-06-28 14:20:00,ASK_DEPTH,"[(100509, 123)]"
2019-06-28 14:20:00,IMBALANCE,"[365, 123]"
2019-06-28 14:20:00,HOLDINGS_UPDATED,"{'CASH': -7254482, 'JPM': 161}"
2019-06-28 14:21:00,BID_DEPTH,"[(100481, 365)]"
2019-06-28 14:21:00,ASK_DEPTH,"[(100803, 123)]"
2019-06-28 14:21:00,IMBALANCE,"[365, 123]"
2019-06-28 14:21:00,HOLDINGS_UPDATED,"{'CASH': -7960103, 'JPM': 168}"
2019-06-28 14:22:00,BID_DEPTH,"[(100964, 160)]"
2019-06-28 14:22:00,ASK_DEPTH,"[(101258, 188)]"
2019-06-28 14:22:00,IMBALANCE,"[160, 188]"
2019-06-28 14:22:00,HOLDINGS_UPDATED,"{'CASH': -8668909, 'JPM': 175}"
2019-06-28 14:23:00,BID_DEPTH,"[(101258, 306)]"
2019-06-28 14:23:00,ASK_DEPTH,"[(101283, 93)]"
2019-06-28 14:23:00,IMBALANCE,"[306, 93]"
2019-06-28 14:23:00,HOLDINGS_UPDATED,"{'CASH': -9377890, 'JPM': 182}"
2019-06-28 14:24:00,BID_DEPTH,"[(101258, 306)]"
2019-06-28 14:24:00,ASK_DEPTH,"[(101526, 188)]"
2019-06-28 14:24:00,IMBALANCE,"[306, 188]"
2019-06-28 14:24:00,HOLDINGS_UPDATED,"{'CASH': -10088572, 'JPM': 189}"
2019-06-28 14:25:00,BID_DEPTH,"[(101258, 306)]"
2019-06-28 14:25:00,ASK_DEPTH,"[(101534, 93)]"
2019-06-28 14:25:00,IMBALANCE,"[306, 93]"
2019-06-28 14:25:00,HOLDINGS_UPDATED,"{'CASH': -10799310, 'JPM': 196}"
2019-06-28 14:26:00,BID_DEPTH,"[(100692, 165)]"
2019-06-28 14:26:00,ASK_DEPTH,"[(100964, 28)]"
2019-06-28 14:26:00,IMBALANCE,"[165, 28]"
2019-06-28 14:26:00,HOLDINGS_UPDATED,"{'CASH': -11506058, 'JPM': 203}"
2019-06-28 14:27:00,BID_DEPTH,"[(100964, 54)]"
2019-06-28 14:27:00,ASK_DEPTH,"[(101203, 224)]"
2019-06-28 14:27:00,IMBALANCE,"[54, 224]"
2019-06-28 14:27:00,HOLDINGS_UPDATED,"{'CASH': -12214479, 'JPM': 210}"
2019-06-28 14:28:00,BID_DEPTH,"[(100964, 67)]"
2019-06-28 14:28:00,ASK_DEPTH,"[(101203, 131)]"
2019-06-28 14:28:00,IMBALANCE,"[67, 131]"
2019-06-28 14:28:00,HOLDINGS_UPDATED,"{'CASH': -12922900, 'JPM': 217}"
2019-06-28 14:29:00,BID_DEPTH,"[(100918, 165)]"
2019-06-28 14:29:00,ASK_DEPTH,"[(100964, 56)]"
2019-06-28 14:29:00,IMBALANCE,"[165, 56]"
2019-06-28 14:29:00,HOLDINGS_UPDATED,"{'CASH': -13629648, 'JPM': 224}"
2019-06-28 14:30:00,BID_DEPTH,"[(100692, 230)]"
2019-06-28 14:30:00,ASK_DEPTH,"[(101203, 188)]"
2019-06-28 14:30:00,IMBALANCE,"[230, 188]"
2019-06-28 14:30:00,HOLDINGS_UPDATED,"{'CASH': -14338069, 'JPM': 231}"
2019-06-28 14:31:00,BID_DEPTH,"[(100481, 560)]"
2019-06-28 14:31:00,ASK_DEPTH,"[(100692, 266)]"
2019-06-28 14:31:00,IMBALANCE,"[560, 266]"
2019-06-28 14:31:00,HOLDINGS_UPDATED,"{'CASH': -14942221, 'JPM': 237}"
2019-06-28 14:31:00,HOLDINGS_UPDATED,"{'CASH': -15042913, 'JPM': 238}"
2019-06-28 14:32:00,BID_DEPTH,"[(100481, 388)]"
2019-06-28 14:32:00,ASK_DEPTH,"[(100692, 146)]"
2019-06-28 14:32:00,IMBALANCE,"[388, 146]"
2019-06-28 14:32:00,HOLDINGS_UPDATED,"{'CASH': -15747757, 'JPM': 245}"
2019-06-28 14:33:00,BID_DEPTH,"[(100481, 152)]"
2019-06-28 14:33:00,ASK_DEPTH,"[(100692, 110)]"
2019-06-28 14:33:00,IMBALANCE,"[152, 110]"
2019-06-28 14:33:00,HOLDINGS_UPDATED,"{'CASH': -16452601, 'JPM': 252}"
2019-06-28 14:34:00,BID_DEPTH,"[(100458, 165)]"
2019-06-28 14:34:00,ASK_DEPTH,"[(100691, 123)]"
2019-06-28 14:34:00,IMBALANCE,"[165, 123]"
2019-06-28 14:34:00,HOLDINGS_UPDATED,"{'CASH': -17157438, 'JPM': 259}"
2019-06-28 14:35:00,BID_DEPTH,"[(100458, 230)]"
2019-06-28 14:35:00,ASK_DEPTH,"[(100691, 188)]"
2019-06-28 14:35:00,IMBALANCE,"[230, 188]"
2019-06-28 14:35:00,HOLDINGS_UPDATED,"{'CASH': -17862275, 'JPM': 266}"
2019-06-28 14:36:00,BID_DEPTH,"[(100180, 188)]"
2019-06-28 14:36:00,ASK_DEPTH,"[(100692, 146)]"
2019-06-28 14:36:00,IMBALANCE,"[188, 146]"
2019-06-28 14:36:00,HOLDINGS_UPDATED,"{'CASH': -18567119, 'JPM': 273}"
2019-06-28 14:37:00,BID_DEPTH,"[(100002, 165)]"
2019-06-28 14:37:00,ASK_DEPTH,"[(100692, 123)]"
2019-06-28 14:37:00,IMBALANCE,"[165, 123]"
2019-06-28 14:37:00,HOLDINGS_UPDATED,"{'CASH': -19271963, 'JPM': 280}"
2019-06-28 14:38:00,BID_DEPTH,"[(99943, 230)]"
2019-06-28 14:38:00,ASK_DEPTH,"[(101203, 188)]"
2019-06-28 14:38:00,IMBALANCE,"[230, 188]"
2019-06-28 14:38:00,HOLDINGS_UPDATED,"{'CASH': -19980384, 'JPM': 287}"
2019-06-28 14:39:00,BID_DEPTH,"[(99904, 188)]"
2019-06-28 14:39:00,ASK_DEPTH,"[(101203, 146)]"
2019-06-28 14:39:00,IMBALANCE,"[188, 146]"
2019-06-28 14:39:00,HOLDINGS_UPDATED,"{'CASH': -20688805, 'JPM': 294}"
2019-06-28 14:40:00,BID_DEPTH,"[(99810, 152)]"
2019-06-28 14:40:00,ASK_DEPTH,"[(101534, 110)]"
2019-06-28 14:40:00,IMBALANCE,"[152, 110]"
2019-06-28 14:40:00,HOLDINGS_UPDATED,"{'CASH': -21399543, 'JPM': 301}"
2019-06-28 14:41:00,BID_DEPTH,"[(99695, 100)]"
2019-06-28 14:41:00,ASK_DEPTH,[]
2019-06-28 14:41:00,IMBALANCE,"[100, 0]"
2019-06-28 14:42:00,BID_DEPTH,"[(99087, 165)]"
2019-06-28 14:42:00,ASK_DEPTH,"[(99570, 123)]"
2019-06-28 14:42:00,IMBALANCE,"[165, 123]"
2019-06-28 14:42:00,HOLDINGS_UPDATED,"{'CASH': -22096533, 'JPM': 308}"
2019-06-28 14:43:00,BID_DEPTH,"[(99087, 188)]"
2019-06-28 14:43:00,ASK_DEPTH,"[(99369, 146)]"
2019-06-28 14:43:00,IMBALANCE,"[188, 146]"
2019-06-28 14:43:00,HOLDINGS_UPDATED,"{'CASH': -22792116, 'JPM': 315}"
2019-06-28 14:44:00,BID_DEPTH,"[(99369, 152)]"
2019-06-28 14:44:00,ASK_DEPTH,"[(99384, 110)]"
2019-06-28 14:44:00,IMBALANCE,"[152, 110]"
2019-06-28 14:44:00,HOLDINGS_UPDATED,"{'CASH': -23487804, 'JPM': 322}"
2019-06-28 14:45:00,BID_DEPTH,"[(99087, 123)]"
2019-06-28 14:45:00,ASK_DEPTH,"[(99497, 165)]"
2019-06-28 14:45:00,IMBALANCE,"[123, 165]"
2019-06-28 14:45:00,HOLDINGS_UPDATED,"{'CASH': -22794195, 'JPM': 315}"
2019-06-28 14:46:00,BID_DEPTH,"[(98918, 318)]"
2019-06-28 14:46:00,ASK_DEPTH,"[(99103, 360)]"
2019-06-28 14:46:00,IMBALANCE,"[318, 360]"
2019-06-28 14:46:00,HOLDINGS_UPDATED,"{'CASH': -22101769, 'JPM': 308}"
2019-06-28 14:47:00,BID_DEPTH,"[(98918, 223)]"
2019-06-28 14:47:00,ASK_DEPTH,"[(99103, 360)]"
2019-06-28 14:47:00,IMBALANCE,"[223, 360]"
2019-06-28 14:47:00,HOLDINGS_UPDATED,"{'CASH': -21409343, 'JPM': 301}"
2019-06-28 14:48:00,BID_DEPTH,"[(98905, 110)]"
2019-06-28 14:48:00,ASK_DEPTH,"[(98918, 82)]"
2019-06-28 14:48:00,IMBALANCE,"[110, 82]"
2019-06-28 14:48:00,HOLDINGS_UPDATED,"{'CASH': -20717008, 'JPM': 294}"
2019-06-28 14:49:00,BID_DEPTH,"[(98899, 146)]"
2019-06-28 14:49:00,ASK_DEPTH,"[(98905, 118)]"
2019-06-28 14:49:00,IMBALANCE,"[146, 118]"
2019-06-28 14:49:00,HOLDINGS_UPDATED,"{'CASH': -20024715, 'JPM': 287}"
2019-06-28 14:50:00,BID_DEPTH,"[(98905, 28)]"
2019-06-28 14:50:00,ASK_DEPTH,"[(98918, 82)]"
2019-06-28 14:50:00,IMBALANCE,"[28, 82]"
2019-06-28 14:50:00,HOLDINGS_UPDATED,"{'CASH': -19332380, 'JPM': 280}"
2019-06-28 14:51:00,BID_DEPTH,"[(98905, 98)]"
2019-06-28 14:51:00,ASK_DEPTH,"[(98918, 160)]"
2019-06-28 14:51:00,IMBALANCE,"[98, 160]"
2019-06-28 14:51:00,HOLDINGS_UPDATED,"{'CASH': -18640045, 'JPM': 273}"
2019-06-28 14:52:00,BID_DEPTH,"[(98905, 93)]"
2019-06-28 14:52:00,ASK_DEPTH,"[(99215, 230)]"
2019-06-28 14:52:00,IMBALANCE,"[93, 230]"
2019-06-28 14:52:00,HOLDINGS_UPDATED,"{'CASH': -17947710, 'JPM': 266}"
2019-06-28 14:53:00,BID_DEPTH,"[(98905, 151)]"
2019-06-28 14:53:00,ASK_DEPTH,"[(99324, 188)]"
2019-06-28 14:53:00,IMBALANCE,"[151, 188]"
2019-06-28 14:53:00,HOLDINGS_UPDATED,"{'CASH': -17255375, 'JPM': 259}"
2019-06-28 14:54:00,BID_DEPTH,"[(99257, 188)]"
2019-06-28 14:54:00,ASK_DEPTH,"[(99324, 230)]"
2019-06-28 14:54:00,IMBALANCE,"[188, 230]"
2019-06-28 14:54:00,HOLDINGS_UPDATED,"{'CASH': -16560576, 'JPM': 252}"
2019-06-28 14:55:00,BID_DEPTH,"[(99257, 146)]"
2019-06-28 14:55:00,ASK_DEPTH,"[(99367, 188)]"
2019-06-28 14:55:00,IMBALANCE,"[146, 188]"
2019-06-28 14:55:00,HOLDINGS_UPDATED,"{'CASH': -15865777, 'JPM': 245}"
2019-06-28 14:56:00,BID_DEPTH,"[(99091, 318)]"
2019-06-28 14:56:00,ASK_DEPTH,"[(99224, 360)]"
2019-06-28 14:56:00,IMBALANCE,"[318, 360]"
2019-06-28 14:56:00,HOLDINGS_UPDATED,"{'CASH': -15172140, 'JPM': 238}"
2019-06-28 14:57:00,BID_DEPTH,"[(98905, 28)]"
2019-06-28 14:57:00,ASK_DEPTH,"[(99024, 113)]"
2019-06-28 14:57:00,IMBALANCE,"[28, 113]"
2019-06-28 14:57:00,HOLDINGS_UPDATED,"{'CASH': -14479805, 'JPM': 231}"
2019-06-28 14:58:00,BID_DEPTH,"[(98740, 188)]"
2019-06-28 14:58:00,ASK_DEPTH,"[(98870, 230)]"
2019-06-28 14:58:00,IMBALANCE,"[188, 230]"
2019-06-28 14:58:00,HOLDINGS_UPDATED,"{'CASH': -13788625, 'JPM': 224}"
2019-06-28 14:59:00,BID_DEPTH,"[(98740, 28)]"
2019-06-28 14:59:00,ASK_DEPTH,"[(98870, 165)]"
2019-06-28 14:59:00,IMBALANCE,"[28, 165]"
2019-06-28 14:59:00,HOLDINGS_UPDATED,"{'CASH': -13097445, 'JPM': 217}"
2019-06-28 15:00:00,BID_DEPTH,"[(98607, 317)]"
2019-06-28 15:00:00,ASK_DEPTH,"[(98740, 90)]"
2019-06-28 15:00:00,IMBALANCE,"[317, 90]"
2019-06-28 15:00:00,HOLDINGS_UPDATED,"{'CASH': -12407196, 'JPM': 210}"
2019-06-28 15:01:00,BID_DEPTH,"[(98608, 123)]"
2019-06-28 15:01:00,ASK_DEPTH,"[(98740, 67)]"
2019-06-28 15:01:00,IMBALANCE,"[123, 67]"
2019-06-28 15:01:00,HOLDINGS_UPDATED,"{'CASH': -11716940, 'JPM': 203}"
2019-06-28 15:02:00,BID_DEPTH,"[(98608, 93)]"
2019-06-28 15:02:00,ASK_DEPTH,"[(98764, 230)]"
2019-06-28 15:02:00,IMBALANCE,"[93, 230]"
2019-06-28 15:02:00,HOLDINGS_UPDATED,"{'CASH': -11026684, 'JPM': 196}"
2019-06-28 15:03:00,BID_DEPTH,"[(98608, 210)]"
2019-06-28 15:03:00,ASK_DEPTH,"[(98870, 152)]"
2019-06-28 15:03:00,IMBALANCE,"[210, 152]"
2019-06-28 15:03:00,HOLDINGS_UPDATED,"{'CASH': -10336428, 'JPM': 189}"
2019-06-28 15:04:00,BID_DEPTH,"[(98608, 282)]"
2019-06-28 15:04:00,ASK_DEPTH,"[(98905, 132)]"
2019-06-28 15:04:00,IMBALANCE,"[282, 132]"
2019-06-28 15:04:00,HOLDINGS_UPDATED,"{'CASH': -9646172, 'JPM': 182}"
2019-06-28 15:05:00,BID_DEPTH,"[(98905, 123)]"
2019-06-28 15:05:00,ASK_DEPTH,"[(99053, 165)]"
2019-06-28 15:05:00,IMBALANCE,"[123, 165]"
2019-06-28 15:05:00,HOLDINGS_UPDATED,"{'CASH': -8953837, 'JPM': 175}"
2019-06-28 15:06:00,BID_DEPTH,"[(99053, 253)]"
2019-06-28 15:06:00,ASK_DEPTH,"[(99135, 360)]"
2019-06-28 15:06:00,IMBALANCE,"[253, 360]"
2019-06-28 15:06:00,HOLDINGS_UPDATED,"{'CASH': -8260466, 'JPM': 168}"
2019-06-28 15:07:00,BID_DEPTH,"[(99053, 246)]"
2019-06-28 15:07:00,ASK_DEPTH,"[(99367, 188)]"
2019-06-28 15:07:00,IMBALANCE,"[246, 188]"
2019-06-28 15:07:00,HOLDINGS_UPDATED,"{'CASH': -7567095, 'JPM': 161}"
2019-06-28 15:08:00,BID_DEPTH,"[(99053, 240)]"
2019-06-28 15:08:00,ASK_DEPTH,"[(99367, 188)]"
2019-06-28 15:08:00,IMBALANCE,"[240, 188]"
2019-06-28 15:08:00,HOLDINGS_UPDATED,"{'CASH': -6873724, 'JPM': 154}"
2019-06-28 15:09:00,BID_DEPTH,"[(99053, 311)]"
2019-06-28 15:09:00,ASK_DEPTH,"[(99367, 165)]"
2019-06-28 15:09:00,IMBALANCE,"[311, 165]"
2019-06-28 15:09:00,HOLDINGS_UPDATED,"{'CASH': -6180353, 'JPM': 147}"
2019-06-28 15:10:00,BID_DEPTH,"[(99053, 292)]"
2019-06-28 15:10:00,ASK_DEPTH,"[(99371, 152)]"
2019-06-28 15:10:00,IMBALANCE,"[292, 152]"
2019-06-28 15:10:00,HOLDINGS_UPDATED,"{'CASH': -5486982, 'JPM': 140}"
2019-06-28 15:11:00,BID_DEPTH,"[(99053, 122)]"
2019-06-28 15:11:00,ASK_DEPTH,"[(99371, 188)]"
2019-06-28 15:11:00,IMBALANCE,"[122, 188]"
2019-06-28 15:11:00,HOLDINGS_UPDATED,"{'CASH': -4793611, 'JPM': 133}"
2019-06-28 15:12:00,BID_DEPTH,"[(98919, 146)]"
2019-06-28 15:12:00,ASK_DEPTH,"[(99420, 188)]"
2019-06-28 15:12:00,IMBALANCE,"[146, 188]"
2019-06-28 15:12:00,HOLDINGS_UPDATED,"{'CASH': -4101178, 'JPM': 126}"
2019-06-28 15:13:00,BID_DEPTH,"[(98608, 110)]"
2019-06-28 15:13:00,ASK_DEPTH,"[(99420, 152)]"
2019-06-28 15:13:00,IMBALANCE,"[110, 152]"
2019-06-28 15:13:00,HOLDINGS_UPDATED,"{'CASH': -3410922, 'JPM': 119}"
2019-06-28 15:14:00,BID_DEPTH,"[(99092, 318)]"
2019-06-28 15:14:00,ASK_DEPTH,"[(99420, 360)]"
2019-06-28 15:14:00,IMBALANCE,"[318, 360]"
2019-06-28 15:14:00,HOLDINGS_UPDATED,"{'CASH': -2717278, 'JPM': 112}"
2019-06-28 15:15:00,BID_DEPTH,"[(98608, 418)]"
2019-06-28 15:15:00,ASK_DEPTH,"[(99051, 360)]"
2019-06-28 15:15:00,IMBALANCE,"[418, 360]"
2019-06-28 15:15:00,HOLDINGS_UPDATED,"{'CASH': -2027022, 'JPM': 105}"
2019-06-28 15:16:00,BID_DEPTH,"[(98608, 217)]"
2019-06-28 15:16:00,ASK_DEPTH,"[(99051, 165)]"
2019-06-28 15:16:00,IMBALANCE,"[217, 165]"
2019-06-28 15:16:00,HOLDINGS_UPDATED,"{'CASH': -1336766, 'JPM': 98}"
2019-06-28 15:17:00,BID_DEPTH,"[(98608, 98)]"
2019-06-28 15:17:00,ASK_DEPTH,"[(99513, 152)]"
2019-06-28 15:17:00,IMBALANCE,"[98, 152]"
2019-06-28 15:17:00,HOLDINGS_UPDATED,"{'CASH': -646510, 'JPM': 91}"
2019-06-28 15:18:00,BID_DEPTH,"[(98607, 223)]"
2019-06-28 15:18:00,ASK_DEPTH,"[(99523, 360)]"
2019-06-28 15:18:00,IMBALANCE,"[223, 360]"
2019-06-28 15:18:00,HOLDINGS_UPDATED,"{'CASH': 43739, 'JPM': 84}"
2019-06-28 15:19:00,BID_DEPTH,"[(98608, 318)]"
2019-06-28 15:19:00,ASK_DEPTH,"[(99576, 360)]"
2019-06-28 15:19:00,IMBALANCE,"[318, 360]"
2019-06-28 15:19:00,HOLDINGS_UPDATED,"{'CASH': 733995, 'JPM': 77}"
2019-06-28 15:20:00,BID_DEPTH,"[(98607, 110)]"
2019-06-28 15:20:00,ASK_DEPTH,"[(99602, 152)]"
2019-06-28 15:20:00,IMBALANCE,"[110, 152]"
2019-06-28 15:20:00,HOLDINGS_UPDATED,"{'CASH': 1424244, 'JPM': 70}"
2019-06-28 15:21:00,BID_DEPTH,"[(99602, 418)]"
2019-06-28 15:21:00,ASK_DEPTH,"[(99818, 360)]"
2019-06-28 15:21:00,IMBALANCE,"[418, 360]"
2019-06-28 15:21:00,HOLDINGS_UPDATED,"{'CASH': 2121458, 'JPM': 63}"
2019-06-28 15:22:00,BID_DEPTH,"[(99602, 282)]"
2019-06-28 15:22:00,ASK_DEPTH,"[(99859, 230)]"
2019-06-28 15:22:00,IMBALANCE,"[282, 230]"
2019-06-28 15:22:00,HOLDINGS_UPDATED,"{'CASH': 2818672, 'JPM': 56}"
2019-06-28 15:23:00,BID_DEPTH,"[(99602, 98)]"
2019-06-28 15:23:00,ASK_DEPTH,"[(99796, 152)]"
2019-06-28 15:23:00,IMBALANCE,"[98, 152]"
2019-06-28 15:23:00,HOLDINGS_UPDATED,"{'CASH': 3515886, 'JPM': 49}"
2019-06-28 15:24:00,BID_DEPTH,"[(99743, 110)]"
2019-06-28 15:24:00,ASK_DEPTH,"[(99796, 152)]"
2019-06-28 15:24:00,IMBALANCE,"[110, 152]"
2019-06-28 15:24:00,HOLDINGS_UPDATED,"{'CASH': 4214087, 'JPM': 42}"
2019-06-28 15:25:00,BID_DEPTH,"[(99603, 188)]"
2019-06-28 15:25:00,ASK_DEPTH,"[(100035, 230)]"
2019-06-28 15:25:00,IMBALANCE,"[188, 230]"
2019-06-28 15:25:00,HOLDINGS_UPDATED,"{'CASH': 4911308, 'JPM': 35}"
2019-06-28 15:26:00,BID_DEPTH,"[(99925, 230)]"
2019-06-28 15:26:00,ASK_DEPTH,"[(100035, 188)]"
2019-06-28 15:26:00,IMBALANCE,"[230, 188]"
2019-06-28 15:26:00,HOLDINGS_UPDATED,"{'CASH': 4211063, 'JPM': 42}"
2019-06-28 15:27:00,BID_DEPTH,"[(99432, 152)]"
2019-06-28 15:27:00,ASK_DEPTH,"[(100011, 110)]"
2019-06-28 15:27:00,IMBALANCE,"[152, 110]"
2019-06-28 15:27:00,HOLDINGS_UPDATED,"{'CASH': 3510986, 'JPM': 49}"
2019-06-28 15:28:00,BID_DEPTH,"[(99432, 152)]"
2019-06-28 15:28:00,ASK_DEPTH,"[(99987, 110)]"
2019-06-28 15:28:00,IMBALANCE,"[152, 110]"
2019-06-28 15:28:00,HOLDINGS_UPDATED,"{'CASH': 2811077, 'JPM': 56}"
2019-06-28 15:29:00,BID_DEPTH,"[(99577, 230)]"
2019-06-28 15:29:00,ASK_DEPTH,"[(99775, 188)]"
2019-06-28 15:29:00,IMBALANCE,"[230, 188]"
2019-06-28 15:29:00,HOLDINGS_UPDATED,"{'CASH': 2112652, 'JPM': 63}"
2019-06-28 15:30:00,BID_DEPTH,"[(99577, 152)]"
2019-06-28 15:30:00,ASK_DEPTH,"[(99987, 110)]"
2019-06-28 15:30:00,IMBALANCE,"[152, 110]"
2019-06-28 15:30:00,HOLDINGS_UPDATED,"{'CASH': 1412743, 'JPM': 70}"
2019-06-28 15:31:00,BID_DEPTH,"[(99561, 230)]"
2019-06-28 15:31:00,ASK_DEPTH,"[(99760, 188)]"
2019-06-28 15:31:00,IMBALANCE,"[230, 188]"
2019-06-28 15:31:00,HOLDINGS_UPDATED,"{'CASH': 714423, 'JPM': 77}"
2019-06-28 15:32:00,BID_DEPTH,"[(99499, 152)]"
2019-06-28 15:32:00,ASK_DEPTH,"[(99760, 110)]"
2019-06-28 15:32:00,IMBALANCE,"[152, 110]"
2019-06-28 15:32:00,HOLDINGS_UPDATED,"{'CASH': 16103, 'JPM': 84}"
2019-06-28 15:33:00,BID_DEPTH,"[(99499, 230)]"
2019-06-28 15:33:00,ASK_DEPTH,"[(99987, 188)]"
2019-06-28 15:33:00,IMBALANCE,"[230, 188]"
2019-06-28 15:33:00,HOLDINGS_UPDATED,"{'CASH': -683806, 'JPM': 91}"
2019-06-28 15:34:00,BID_DEPTH,"[(99499, 165)]"
2019-06-28 15:34:00,ASK_DEPTH,"[(99987, 123)]"
2019-06-28 15:34:00,IMBALANCE,"[165, 123]"
2019-06-28 15:34:00,HOLDINGS_UPDATED,"{'CASH': -1383715, 'JPM': 98}"
2019-06-28 15:35:00,BID_DEPTH,"[(99499, 230)]"
2019-06-28 15:35:00,ASK_DEPTH,"[(99987, 188)]"
2019-06-28 15:35:00,IMBALANCE,"[230, 188]"
2019-06-28 15:35:00,HOLDINGS_UPDATED,"{'CASH': -2083624, 'JPM': 105}"
2019-06-28 15:36:00,BID_DEPTH,"[(99350, 152)]"
2019-06-28 15:36:00,ASK_DEPTH,"[(99987, 210)]"
2019-06-28 15:36:00,IMBALANCE,"[152, 210]"
2019-06-28 15:36:00,HOLDINGS_UPDATED,"{'CASH': -2783533, 'JPM': 112}"
2019-06-28 15:37:00,BID_DEPTH,"[(99211, 188)]"
2019-06-28 15:37:00,ASK_DEPTH,"[(99250, 58)]"
2019-06-28 15:37:00,IMBALANCE,"[188, 58]"
2019-06-28 15:37:00,HOLDINGS_UPDATED,"{'CASH': -3478283, 'JPM': 119}"
2019-06-28 15:38:00,BID_DEPTH,"[(99211, 165)]"
2019-06-28 15:38:00,ASK_DEPTH,"[(99987, 117)]"
2019-06-28 15:38:00,IMBALANCE,"[165, 117]"
2019-06-28 15:38:00,HOLDINGS_UPDATED,"{'CASH': -4178192, 'JPM': 126}"
2019-06-28 15:39:00,BID_DEPTH,"[(98877, 360)]"
2019-06-28 15:39:00,ASK_DEPTH,"[(100025, 318)]"
2019-06-28 15:39:00,IMBALANCE,"[360, 318]"
2019-06-28 15:39:00,HOLDINGS_UPDATED,"{'CASH': -4878367, 'JPM': 133}"
2019-06-28 15:40:00,BID_DEPTH,"[(100012, 165)]"
2019-06-28 15:40:00,ASK_DEPTH,"[(100209, 123)]"
2019-06-28 15:40:00,IMBALANCE,"[165, 123]"
2019-06-28 15:40:00,HOLDINGS_UPDATED,"{'CASH': -5579830, 'JPM': 140}"
2019-06-28 15:41:00,BID_DEPTH,"[(100012, 188)]"
2019-06-28 15:41:00,ASK_DEPTH,"[(100209, 51)]"
2019-06-28 15:41:00,IMBALANCE,"[188, 51]"
2019-06-28 15:41:00,HOLDINGS_UPDATED,"{'CASH': -6281293, 'JPM': 147}"
2019-06-28 15:42:00,BID_DEPTH,"[(100012, 230)]"
2019-06-28 15:42:00,ASK_DEPTH,"[(100209, 185)]"
2019-06-28 15:42:00,IMBALANCE,"[230, 185]"
2019-06-28 15:42:00,HOLDINGS_UPDATED,"{'CASH': -6982756, 'JPM': 154}"
2019-06-28 15:43:00,BID_DEPTH,"[(100060, 230)]"
2019-06-28 15:43:00,ASK_DEPTH,"[(100209, 93)]"
2019-06-28 15:43:00,IMBALANCE,"[230, 93]"
2019-06-28 15:43:00,HOLDINGS_UPDATED,"{'CASH': -7684219, 'JPM': 161}"
2019-06-28 15:44:00,BID_DEPTH,"[(100060, 165)]"
2019-06-28 15:44:00,ASK_DEPTH,"[(100209, 28)]"
2019-06-28 15:44:00,IMBALANCE,"[165, 28]"
2019-06-28 15:44:00,HOLDINGS_UPDATED,"{'CASH': -8385682, 'JPM': 168}"
2019-06-28 15:45:00,BID_DEPTH,"[(100209, 67)]"
2019-06-28 15:45:00,ASK_DEPTH,"[(100320, 123)]"
2019-06-28 15:45:00,IMBALANCE,"[67, 123]"
2019-06-28 15:45:00,HOLDINGS_UPDATED,"{'CASH': -9087922, 'JPM': 175}"
2019-06-28 15:46:00,BID_DEPTH,"[(100320, 165)]"
2019-06-28 15:46:00,ASK_DEPTH,"[(100334, 123)]"
2019-06-28 15:46:00,IMBALANCE,"[165, 123]"
2019-06-28 15:46:00,HOLDINGS_UPDATED,"{'CASH': -9790260, 'JPM': 182}"
2019-06-28 15:47:00,BID_DEPTH,"[(100320, 230)]"
2019-06-28 15:47:00,ASK_DEPTH,"[(100375, 188)]"
2019-06-28 15:47:00,IMBALANCE,"[230, 188]"
2019-06-28 15:47:00,HOLDINGS_UPDATED,"{'CASH': -10492885, 'JPM': 189}"
2019-06-28 15:48:00,BID_DEPTH,"[(100209, 132)]"
2019-06-28 15:48:00,ASK_DEPTH,"[(100375, 93)]"
2019-06-28 15:48:00,IMBALANCE,"[132, 93]"
2019-06-28 15:48:00,HOLDINGS_UPDATED,"{'CASH': -11195510, 'JPM': 196}"
2019-06-28 15:49:00,BID_DEPTH,"[(100209, 67)]"
2019-06-28 15:49:00,ASK_DEPTH,"[(100375, 28)]"
2019-06-28 15:49:00,IMBALANCE,"[67, 28]"
2019-06-28 15:49:00,HOLDINGS_UPDATED,"{'CASH': -11898135, 'JPM': 203}"
2019-06-28 15:50:00,BID_DEPTH,"[(100492, 152)]"
2019-06-28 15:50:00,ASK_DEPTH,"[(100496, 110)]"
2019-06-28 15:50:00,IMBALANCE,"[152, 110]"
2019-06-28 15:50:00,HOLDINGS_UPDATED,"{'CASH': -12601607, 'JPM': 210}"
2019-06-28 15:51:00,BID_DEPTH,"[(100496, 114)]"
2019-06-28 15:51:00,ASK_DEPTH,"[(100529, 28)]"
2019-06-28 15:51:00,IMBALANCE,"[114, 28]"
2019-06-28 15:51:00,HOLDINGS_UPDATED,"{'CASH': -13305310, 'JPM': 217}"
2019-06-28 15:52:00,BID_DEPTH,"[(100492, 165)]"
2019-06-28 15:52:00,ASK_DEPTH,"[(100528, 123)]"
2019-06-28 15:52:00,IMBALANCE,"[165, 123]"
2019-06-28 15:52:00,HOLDINGS_UPDATED,"{'CASH': -14009006, 'JPM': 224}"
2019-06-28 15:53:00,BID_DEPTH,"[(100375, 262)]"
2019-06-28 15:53:00,ASK_DEPTH,"[(100528, 323)]"
2019-06-28 15:53:00,IMBALANCE,"[262, 323]"
2019-06-28 15:53:00,HOLDINGS_UPDATED,"{'CASH': -14712702, 'JPM': 231}"
2019-06-28 15:54:00,BID_DEPTH,"[(100209, 262)]"
2019-06-28 15:54:00,ASK_DEPTH,"[(100527, 318)]"
2019-06-28 15:54:00,IMBALANCE,"[262, 318]"
2019-06-28 15:54:00,HOLDINGS_UPDATED,"{'CASH': -15416391, 'JPM': 238}"
2019-06-28 15:55:00,BID_DEPTH,"[(100189, 360)]"
2019-06-28 15:55:00,ASK_DEPTH,"[(100209, 228)]"
2019-06-28 15:55:00,IMBALANCE,"[360, 228]"
2019-06-28 15:55:00,HOLDINGS_UPDATED,"{'CASH': -16117854, 'JPM': 245}"
2019-06-28 15:56:00,BID_DEPTH,"[(100189, 188)]"
2019-06-28 15:56:00,ASK_DEPTH,"[(100527, 146)]"
2019-06-28 15:56:00,IMBALANCE,"[188, 146]"
2019-06-28 15:56:00,HOLDINGS_UPDATED,"{'CASH': -16821543, 'JPM': 252}"
2019-06-28 15:57:00,BID_DEPTH,"[(100012, 360)]"
2019-06-28 15:57:00,ASK_DEPTH,"[(100189, 230)]"
2019-06-28 15:57:00,IMBALANCE,"[360, 230]"
2019-06-28 15:57:00,HOLDINGS_UPDATED,"{'CASH': -17522866, 'JPM': 259}"
2019-06-28 15:58:00,BID_DEPTH,"[(99881, 188)]"
2019-06-28 15:58:00,ASK_DEPTH,"[(100528, 51)]"
2019-06-28 15:58:00,IMBALANCE,"[188, 51]"
2019-06-28 15:58:00,HOLDINGS_UPDATED,"{'CASH': -18226562, 'JPM': 266}"
2019-06-28 15:59:00,BID_DEPTH,"[(99881, 230)]"
2019-06-28 15:59:00,ASK_DEPTH,"[(100528, 155)]"
2019-06-28 15:59:00,IMBALANCE,"[230, 155]"
2019-06-28 15:59:00,HOLDINGS_UPDATED,"{'CASH': -18930258, 'JPM': 273}"
2019-06-28 16:00:00,BID_DEPTH,"[(99845, 230)]"
2019-06-28 16:00:00,ASK_DEPTH,"[(100529, 124)]"
2019-06-28 16:00:00,IMBALANCE,"[230, 124]"
2019-06-28 16:00:00,HOLDINGS_UPDATED,"{'CASH': -19633961, 'JPM': 280}"
2019-06-28 16:01:00,BID_DEPTH,"[(99845, 230)]"
2019-06-28 16:01:00,ASK_DEPTH,"[(100529, 60)]"
2019-06-28 16:01:00,IMBALANCE,"[230, 60]"
2019-06-28 16:01:00,MKT_CLOSED,
2019-06-28 16:01:00,FINAL_HOLDINGS,"{ JPM: 280, CASH: -19633961 }"
2019-06-28 16:01:00,FINAL_CASH_POSITION,-19633961
2019-06-28 16:01:00,MARK_TO_MARKET,280 JPM @ 100529 == 28148120
2019-06-28 16:01:00,MARKED_TO_MARKET,8514159
2019-06-28 16:01:00,ENDING_CASH,8514159
