EventTime,EventType,Event
,AGENT_TYPE,AgentUnderTest
,STARTING_CASH,10000000
2019-06-28 09:30:00.000000000,HOLDINGS_UPDATED,{'CASH': 10000000}
2019-06-28 09:31:00.000000000,BID_DEPTH,"[(99980, 423)]"
2019-06-28 09:31:00.000000000,ASK_DEPTH,"[(100000, 423)]"
2019-06-28 09:31:00.000000000,IMBALANCE,"[423, 423]"
2019-06-28 09:32:00.000000000,BID_DEPTH,"[(99980, 692)]"
2019-06-28 09:32:00.000000000,ASK_DEPTH,"[(100000, 792)]"
2019-06-28 09:32:00.000000000,IMBALANCE,"[692, 792]"
2019-06-28 09:33:00.000000000,BID_DEPTH,"[(99918, 267)]"
2019-06-28 09:33:00.000000000,ASK_DEPTH,"[(99940, 267)]"
2019-06-28 09:33:00.000000000,IMBALANCE,"[267, 267]"
2019-06-28 09:34:00.000000000,BID_DEPTH,"[(99913, 198)]"
2019-06-28 09:34:00.000000000,ASK_DEPTH,"[(99940, 298)]"
2019-06-28 09:34:00.000000000,IMBALANCE,"[198, 298]"
2019-06-28 09:35:00.000000000,BID_DEPTH,"[(99907, 267)]"
2019-06-28 09:35:00.000000000,ASK_DEPTH,"[(99940, 367)]"
2019-06-28 09:35:00.000000000,IMBALANCE,"[267, 367]"
2019-06-28 09:36:00.000000000,BID_DEPTH,"[(99919, 198)]"
2019-06-28 09:36:00.000000000,ASK_DEPTH,"[(99940, 298)]"
2019-06-28 09:36:00.000000000,IMBALANCE,"[198, 298]"
2019-06-28 09:37:00.000000000,BID_DEPTH,"[(99907, 223)]"
2019-06-28 09:37:00.000000000,ASK_DEPTH,"[(99940, 323)]"
2019-06-28 09:37:00.000000000,IMBALANCE,"[223, 323]"
2019-06-28 09:38:00.000000000,BID_DEPTH,"[(99902, 198)]"
2019-06-28 09:38:00.000000000,ASK_DEPTH,"[(99919, 198)]"
2019-06-28 09:38:00.000000000,IMBALANCE,"[198, 198]"
2019-06-28 09:39:00.000000000,BID_DEPTH,"[(99897, 223)]"
2019-06-28 09:39:00.000000000,ASK_DEPTH,"[(99919, 223)]"
2019-06-28 09:39:00.000000000,IMBALANCE,"[223, 223]"
2019-06-28 09:40:00.000000000,BID_DEPTH,"[(99892, 267)]"
2019-06-28 09:40:00.000000000,ASK_DEPTH,"[(99919, 267)]"
2019-06-28 09:40:00.000000000,IMBALANCE,"[267, 267]"
2019-06-28 09:41:00.000000000,BID_DEPTH,"[(99898, 223)]"
2019-06-28 09:41:00.000000000,ASK_DEPTH,"[(99940, 223)]"
2019-06-28 09:41:00.000000000,IMBALANCE,"[223, 223]"
2019-06-28 09:42:00.000000000,BID_DEPTH,"[(99899, 267)]"
2019-06-28 09:42:00.000000000,ASK_DEPTH,"[(100000, 367)]"
2019-06-28 09:42:00.000000000,IMBALANCE,"[267, 367]"
2019-06-28 09:43:00.000000000,BID_DEPTH,"[(99899, 267)]"
2019-06-28 09:43:00.000000000,ASK_DEPTH,"[(100000, 267)]"
2019-06-28 09:43:00.000000000,IMBALANCE,"[267, 267]"
2019-06-28 09:44:00.000000000,BID_DEPTH,"[(99899, 346)]"
2019-06-28 09:44:00.000000000,ASK_DEPTH,"[(100003, 346)]"
2019-06-28 09:44:00.000000000,IMBALANCE,"[346, 346]"
2019-06-28 09:45:00.000000000,BID_DEPTH,"[(100000, 198)]"
2019-06-28 09:45:00.000000000,ASK_DEPTH,"[(100003, 198)]"
2019-06-28 09:45:00.000000000,IMBALANCE,"[198, 198]"
2019-06-28 09:46:00.000000000,BID_DEPTH,"[(99971, 267)]"
2019-06-28 09:46:00.000000000,ASK_DEPTH,"[(100002, 267)]"
2019-06-28 09:46:00.000000000,IMBALANCE,"[267, 267]"
2019-06-28 09:47:00.000000000,BID_DEPTH,"[(99971, 223)]"
2019-06-28 09:47:00.000000000,ASK_DEPTH,"[(100002, 223)]"
2019-06-28 09:47:00.000000000,IMBALANCE,"[223, 223]"
2019-06-28 09:48:00.000000000,BID_DEPTH,"[(99983, 346)]"
2019-06-28 09:48:00.000000000,ASK_DEPTH,"[(100017, 346)]"
2019-06-28 09:48:00.000000000,IMBALANCE,"[346, 346]"
2019-06-28 09:49:00.000000000,BID_DEPTH,"[(99971, 267)]"
2019-06-28 09:49:00.000000000,ASK_DEPTH,"[(100017, 267)]"
2019-06-28 09:49:00.000000000,IMBALANCE,"[267, 267]"
2019-06-28 09:50:00.000000000,BID_DEPTH,"[(99892, 346)]"
2019-06-28 09:50:00.000000000,ASK_DEPTH,"[(99983, 346)]"
2019-06-28 09:50:00.000000000,IMBALANCE,"[346, 346]"
2019-06-28 09:51:00.000000000,BID_DEPTH,"[(99892, 198)]"
2019-06-28 09:51:00.000000000,ASK_DEPTH,"[(99983, 198)]"
2019-06-28 09:51:00.000000000,IMBALANCE,"[198, 198]"
2019-06-28 09:52:00.000000000,BID_DEPTH,"[(99855, 267)]"
2019-06-28 09:52:00.000000000,ASK_DEPTH,"[(99999, 267)]"
2019-06-28 09:52:00.000000000,IMBALANCE,"[267, 267]"
2019-06-28 09:53:00.000000000,BID_DEPTH,"[(99853, 267)]"
2019-06-28 09:53:00.000000000,ASK_DEPTH,"[(99999, 267)]"
2019-06-28 09:53:00.000000000,IMBALANCE,"[267, 267]"
2019-06-28 09:54:00.000000000,BID_DEPTH,"[(99731, 267)]"
2019-06-28 09:54:00.000000000,ASK_DEPTH,"[(99999, 267)]"
2019-06-28 09:54:00.000000000,IMBALANCE,"[267, 267]"
2019-06-28 09:55:00.000000000,BID_DEPTH,"[(99731, 223)]"
2019-06-28 09:55:00.000000000,ASK_DEPTH,"[(99999, 223)]"
2019-06-28 09:55:00.000000000,IMBALANCE,"[223, 223]"
2019-06-28 09:56:00.000000000,BID_DEPTH,"[(99731, 592)]"
2019-06-28 09:56:00.000000000,ASK_DEPTH,"[(99999, 592)]"
2019-06-28 09:56:00.000000000,IMBALANCE,"[592, 592]"
2019-06-28 09:57:00.000000000,BID_DEPTH,"[(99722, 267)]"
2019-06-28 09:57:00.000000000,ASK_DEPTH,"[(99999, 267)]"
2019-06-28 09:57:00.000000000,IMBALANCE,"[267, 267]"
2019-06-28 09:58:00.000000000,BID_DEPTH,"[(99706, 592)]"
2019-06-28 09:58:00.000000000,ASK_DEPTH,"[(99731, 592)]"
2019-06-28 09:58:00.000000000,IMBALANCE,"[592, 592]"
2019-06-28 09:59:00.000000000,BID_DEPTH,"[(99679, 267)]"
2019-06-28 09:59:00.000000000,ASK_DEPTH,"[(99722, 267)]"
2019-06-28 09:59:00.000000000,IMBALANCE,"[267, 267]"
2019-06-28 10:00:00.000000000,BID_DEPTH,"[(99672, 267)]"
2019-06-28 10:00:00.000000000,ASK_DEPTH,"[(99731, 267)]"
2019-06-28 10:00:00.000000000,IMBALANCE,"[267, 267]"
2019-06-28 10:01:00.000000000,BID_DEPTH,"[(99627, 223)]"
2019-06-28 10:01:00.000000000,ASK_DEPTH,"[(99731, 223)]"
2019-06-28 10:01:00.000000000,IMBALANCE,"[223, 223]"
2019-06-28 10:02:00.000000000,BID_DEPTH,"[(99627, 346)]"
2019-06-28 10:02:00.000000000,ASK_DEPTH,"[(100100, 346)]"
2019-06-28 10:02:00.000000000,IMBALANCE,"[346, 346]"
2019-06-28 10:03:00.000000000,BID_DEPTH,"[(99627, 592)]"
2019-06-28 10:03:00.000000000,ASK_DEPTH,"[(100107, 592)]"
2019-06-28 10:03:00.000000000,IMBALANCE,"[592, 592]"
2019-06-28 10:04:00.000000000,BID_DEPTH,"[(99999, 692)]"
2019-06-28 10:04:00.000000000,ASK_DEPTH,"[(100110, 592)]"
2019-06-28 10:04:00.000000000,IMBALANCE,"[692, 592]"
2019-06-28 10:05:00.000000000,BID_DEPTH,"[(99999, 367)]"
2019-06-28 10:05:00.000000000,ASK_DEPTH,"[(100110, 267)]"
2019-06-28 10:05:00.000000000,IMBALANCE,"[367, 267]"
2019-06-28 10:06:00.000000000,BID_DEPTH,"[(99627, 198)]"
2019-06-28 10:06:00.000000000,ASK_DEPTH,"[(100099, 198)]"
2019-06-28 10:06:00.000000000,IMBALANCE,"[198, 198]"
2019-06-28 10:07:00.000000000,BID_DEPTH,"[(99650, 198)]"
2019-06-28 10:07:00.000000000,ASK_DEPTH,"[(99999, 198)]"
2019-06-28 10:07:00.000000000,IMBALANCE,"[198, 198]"
2019-06-28 10:08:00.000000000,BID_DEPTH,"[(99823, 592)]"
2019-06-28 10:08:00.000000000,ASK_DEPTH,"[(99999, 592)]"
2019-06-28 10:08:00.000000000,IMBALANCE,"[592, 592]"
2019-06-28 10:09:00.000000000,BID_DEPTH,"[(99654, 267)]"
2019-06-28 10:09:00.000000000,ASK_DEPTH,"[(99999, 267)]"
2019-06-28 10:09:00.000000000,IMBALANCE,"[267, 267]"
2019-06-28 10:10:00.000000000,BID_DEPTH,"[(100110, 267)]"
2019-06-28 10:10:00.000000000,ASK_DEPTH,"[(100377, 267)]"
2019-06-28 10:10:00.000000000,IMBALANCE,"[267, 267]"
2019-06-28 10:11:00.000000000,BID_DEPTH,"[(100110, 223)]"
2019-06-28 10:11:00.000000000,ASK_DEPTH,"[(100116, 223)]"
2019-06-28 10:11:00.000000000,IMBALANCE,"[223, 223]"
2019-06-28 10:12:00.000000000,BID_DEPTH,"[(100094, 223)]"
2019-06-28 10:12:00.000000000,ASK_DEPTH,"[(100110, 223)]"
2019-06-28 10:12:00.000000000,IMBALANCE,"[223, 223]"
2019-06-28 10:13:00.000000000,BID_DEPTH,"[(100094, 592)]"
2019-06-28 10:13:00.000000000,ASK_DEPTH,"[(100115, 592)]"
2019-06-28 10:13:00.000000000,IMBALANCE,"[592, 592]"
2019-06-28 10:14:00.000000000,BID_DEPTH,"[(100094, 223)]"
2019-06-28 10:14:00.000000000,ASK_DEPTH,"[(100115, 223)]"
2019-06-28 10:14:00.000000000,IMBALANCE,"[223, 223]"
2019-06-28 10:15:00.000000000,BID_DEPTH,"[(100048, 592)]"
2019-06-28 10:15:00.000000000,ASK_DEPTH,"[(100134, 592)]"
2019-06-28 10:15:00.000000000,IMBALANCE,"[592, 592]"
2019-06-28 10:16:00.000000000,BID_DEPTH,"[(100048, 198)]"
2019-06-28 10:16:00.000000000,ASK_DEPTH,"[(100173, 198)]"
2019-06-28 10:16:00.000000000,IMBALANCE,"[198, 198]"
2019-06-28 10:17:00.000000000,BID_DEPTH,"[(100095, 446)]"
2019-06-28 10:17:00.000000000,ASK_DEPTH,"[(100287, 346)]"
2019-06-28 10:17:00.000000000,IMBALANCE,"[446, 346]"
2019-06-28 10:18:00.000000000,BID_DEPTH,"[(100095, 367)]"
2019-06-28 10:18:00.000000000,ASK_DEPTH,"[(100359, 267)]"
2019-06-28 10:18:00.000000000,IMBALANCE,"[367, 267]"
2019-06-28 10:19:00.000000000,BID_DEPTH,"[(100338, 346)]"
2019-06-28 10:19:00.000000000,ASK_DEPTH,"[(100359, 346)]"
2019-06-28 10:19:00.000000000,IMBALANCE,"[346, 346]"
2019-06-28 10:20:00.000000000,BID_DEPTH,"[(100407, 223)]"
2019-06-28 10:20:00.000000000,ASK_DEPTH,"[(100426, 223)]"
2019-06-28 10:20:00.000000000,IMBALANCE,"[223, 223]"
2019-06-28 10:21:00.000000000,BID_DEPTH,"[(100408, 367)]"
2019-06-28 10:21:00.000000000,ASK_DEPTH,"[(100800, 130)]"
2019-06-28 10:21:00.000000000,IMBALANCE,"[367, 130]"
2019-06-28 10:21:22.072405224,HOLDINGS_UPDATED,"{'CASH': 10201600, 'JPM': -2}"
2019-06-28 10:22:00.000000000,BID_DEPTH,"[(100729, 267)]"
2019-06-28 10:22:00.000000000,ASK_DEPTH,"[(100819, 130)]"
2019-06-28 10:22:00.000000000,IMBALANCE,"[267, 130]"
2019-06-28 10:23:00.000000000,BID_DEPTH,"[(100729, 223)]"
2019-06-28 10:23:00.000000000,ASK_DEPTH,"[(100783, 86)]"
2019-06-28 10:23:00.000000000,IMBALANCE,"[223, 86]"
2019-06-28 10:24:00.000000000,HOLDINGS_UPDATED,"{'CASH': 10403166, 'JPM': -4}"
2019-06-28 10:24:00.000000000,BID_DEPTH,"[(100407, 592)]"
2019-06-28 10:24:00.000000000,ASK_DEPTH,"[(100783, 357)]"
2019-06-28 10:24:00.000000000,IMBALANCE,"[592, 357]"
2019-06-28 10:25:00.000000000,HOLDINGS_UPDATED,"{'CASH': 10604732, 'JPM': -6}"
2019-06-28 10:25:00.000000000,BID_DEPTH,"[(100377, 267)]"
2019-06-28 10:25:00.000000000,ASK_DEPTH,"[(100783, 232)]"
2019-06-28 10:25:00.000000000,IMBALANCE,"[267, 232]"
2019-06-28 10:26:00.000000000,HOLDINGS_UPDATED,"{'CASH': 10705515, 'JPM': -7}"
2019-06-28 10:26:00.000000000,HOLDINGS_UPDATED,"{'CASH': 10806298, 'JPM': -8}"
2019-06-28 10:26:00.000000000,BID_DEPTH,"[(100377, 592)]"
2019-06-28 10:26:00.000000000,ASK_DEPTH,"[(100783, 422)]"
2019-06-28 10:26:00.000000000,IMBALANCE,"[592, 422]"
2019-06-28 10:27:00.000000000,HOLDINGS_UPDATED,"{'CASH': 11007864, 'JPM': -10}"
2019-06-28 10:27:00.000000000,BID_DEPTH,"[(100377, 198)]"
2019-06-28 10:27:00.000000000,ASK_DEPTH,"[(100783, 163)]"
2019-06-28 10:27:00.000000000,IMBALANCE,"[198, 163]"
2019-06-28 10:28:00.000000000,HOLDINGS_UPDATED,"{'CASH': 11108647, 'JPM': -11}"
2019-06-28 10:28:00.000000000,HOLDINGS_UPDATED,"{'CASH': 11209430, 'JPM': -12}"
2019-06-28 10:28:00.000000000,BID_DEPTH,"[(100377, 267)]"
2019-06-28 10:28:00.000000000,ASK_DEPTH,"[(100783, 97)]"
2019-06-28 10:28:00.000000000,IMBALANCE,"[267, 97]"
2019-06-28 10:29:00.000000000,BID_DEPTH,"[(100339, 346)]"
2019-06-28 10:29:00.000000000,ASK_DEPTH,"[(100377, 209)]"
2019-06-28 10:29:00.000000000,IMBALANCE,"[346, 209]"
2019-06-28 10:30:00.000000000,BID_DEPTH,"[(100335, 223)]"
2019-06-28 10:30:00.000000000,ASK_DEPTH,"[(100377, 86)]"
2019-06-28 10:30:00.000000000,IMBALANCE,"[223, 86]"
2019-06-28 10:31:00.000000000,BID_DEPTH,"[(100133, 346)]"
2019-06-28 10:31:00.000000000,ASK_DEPTH,"[(100377, 209)]"
2019-06-28 10:31:00.000000000,IMBALANCE,"[346, 209]"
2019-06-28 10:32:00.000000000,BID_DEPTH,"[(100095, 198)]"
2019-06-28 10:32:00.000000000,ASK_DEPTH,"[(100151, 61)]"
2019-06-28 10:32:00.000000000,IMBALANCE,"[198, 61]"
2019-06-28 10:33:00.000000000,BID_DEPTH,"[(100151, 531)]"
2019-06-28 10:33:00.000000000,ASK_DEPTH,"[(100250, 455)]"
2019-06-28 10:33:00.000000000,IMBALANCE,"[531, 455]"
2019-06-28 10:34:00.000000000,BID_DEPTH,"[(100107, 223)]"
2019-06-28 10:34:00.000000000,ASK_DEPTH,"[(100180, 86)]"
2019-06-28 10:34:00.000000000,IMBALANCE,"[223, 86]"
2019-06-28 10:35:00.000000000,BID_DEPTH,"[(100095, 346)]"
2019-06-28 10:35:00.000000000,ASK_DEPTH,"[(100107, 186)]"
2019-06-28 10:35:00.000000000,IMBALANCE,"[346, 186]"
2019-06-28 10:36:00.000000000,BID_DEPTH,"[(100028, 346)]"
2019-06-28 10:36:00.000000000,ASK_DEPTH,"[(100107, 209)]"
2019-06-28 10:36:00.000000000,IMBALANCE,"[346, 209]"
2019-06-28 10:37:00.000000000,BID_DEPTH,"[(100028, 223)]"
2019-06-28 10:37:00.000000000,ASK_DEPTH,"[(100208, 86)]"
2019-06-28 10:37:00.000000000,IMBALANCE,"[223, 86]"
2019-06-28 10:38:00.000000000,BID_DEPTH,"[(100022, 267)]"
2019-06-28 10:38:00.000000000,ASK_DEPTH,"[(100081, 130)]"
2019-06-28 10:38:00.000000000,IMBALANCE,"[267, 130]"
2019-06-28 10:39:00.000000000,BID_DEPTH,"[(100219, 198)]"
2019-06-28 10:39:00.000000000,ASK_DEPTH,"[(100235, 61)]"
2019-06-28 10:39:00.000000000,IMBALANCE,"[198, 61]"
2019-06-28 10:40:00.000000000,BID_DEPTH,"[(100219, 198)]"
2019-06-28 10:40:00.000000000,ASK_DEPTH,"[(100250, 61)]"
2019-06-28 10:40:00.000000000,IMBALANCE,"[198, 61]"
2019-06-28 10:41:00.000000000,BID_DEPTH,"[(100022, 267)]"
2019-06-28 10:41:00.000000000,ASK_DEPTH,"[(100250, 130)]"
2019-06-28 10:41:00.000000000,IMBALANCE,"[267, 130]"
2019-06-28 10:42:00.000000000,BID_DEPTH,"[(100022, 223)]"
2019-06-28 10:42:00.000000000,ASK_DEPTH,"[(100254, 86)]"
2019-06-28 10:42:00.000000000,IMBALANCE,"[223, 86]"
2019-06-28 10:43:00.000000000,BID_DEPTH,"[(100022, 198)]"
2019-06-28 10:43:00.000000000,ASK_DEPTH,"[(100450, 61)]"
2019-06-28 10:43:00.000000000,IMBALANCE,"[198, 61]"
2019-06-28 10:44:00.000000000,BID_DEPTH,"[(100016, 346)]"
2019-06-28 10:44:00.000000000,ASK_DEPTH,"[(100405, 209)]"
2019-06-28 10:44:00.000000000,IMBALANCE,"[346, 209]"
2019-06-28 10:45:00.000000000,BID_DEPTH,"[(100085, 592)]"
2019-06-28 10:45:00.000000000,ASK_DEPTH,"[(100288, 455)]"
2019-06-28 10:45:00.000000000,IMBALANCE,"[592, 455]"
2019-06-28 10:46:00.000000000,BID_DEPTH,"[(100321, 223)]"
2019-06-28 10:46:00.000000000,ASK_DEPTH,"[(100433, 86)]"
2019-06-28 10:46:00.000000000,IMBALANCE,"[223, 86]"
2019-06-28 10:47:00.000000000,BID_DEPTH,"[(100137, 267)]"
2019-06-28 10:47:00.000000000,ASK_DEPTH,"[(100193, 130)]"
2019-06-28 10:47:00.000000000,IMBALANCE,"[267, 130]"
2019-06-28 10:48:00.000000000,BID_DEPTH,"[(100335, 223)]"
2019-06-28 10:48:00.000000000,ASK_DEPTH,"[(100433, 86)]"
2019-06-28 10:48:00.000000000,IMBALANCE,"[223, 86]"
2019-06-28 10:49:00.000000000,HOLDINGS_UPDATED,"{'CASH': 11410996, 'JPM': -14}"
2019-06-28 10:49:00.000000000,BID_DEPTH,"[(100335, 267)]"
2019-06-28 10:49:00.000000000,ASK_DEPTH,"[(100783, 32)]"
2019-06-28 10:49:00.000000000,IMBALANCE,"[267, 32]"
2019-06-28 10:50:00.000000000,BID_DEPTH,"[(100442, 223)]"
2019-06-28 10:50:00.000000000,ASK_DEPTH,"[(100783, 86)]"
2019-06-28 10:50:00.000000000,IMBALANCE,"[223, 86]"
2019-06-28 10:51:00.000000000,BID_DEPTH,"[(100192, 86)]"
2019-06-28 10:51:00.000000000,ASK_DEPTH,"[(100783, 225)]"
2019-06-28 10:51:00.000000000,IMBALANCE,"[86, 225]"
2019-06-28 10:52:00.000000000,BID_DEPTH,"[(100146, 86)]"
2019-06-28 10:52:00.000000000,ASK_DEPTH,"[(100259, 223)]"
2019-06-28 10:52:00.000000000,IMBALANCE,"[86, 223]"
2019-06-28 10:53:00.000000000,BID_DEPTH,"[(100146, 455)]"
2019-06-28 10:53:00.000000000,ASK_DEPTH,"[(100388, 592)]"
2019-06-28 10:53:00.000000000,IMBALANCE,"[455, 592]"
2019-06-28 10:54:00.000000000,BID_DEPTH,"[(100096, 130)]"
2019-06-28 10:54:00.000000000,ASK_DEPTH,"[(100388, 267)]"
2019-06-28 10:54:00.000000000,IMBALANCE,"[130, 267]"
2019-06-28 10:55:00.000000000,BID_DEPTH,"[(100030, 61)]"
2019-06-28 10:55:00.000000000,ASK_DEPTH,"[(100096, 198)]"
2019-06-28 10:55:00.000000000,IMBALANCE,"[61, 198]"
2019-06-28 10:56:00.000000000,BID_DEPTH,"[(100016, 86)]"
2019-06-28 10:56:00.000000000,ASK_DEPTH,"[(100055, 223)]"
2019-06-28 10:56:00.000000000,IMBALANCE,"[86, 223]"
2019-06-28 10:57:00.000000000,BID_DEPTH,"[(100016, 409)]"
2019-06-28 10:57:00.000000000,ASK_DEPTH,"[(100045, 346)]"
2019-06-28 10:57:00.000000000,IMBALANCE,"[409, 346]"
2019-06-28 10:58:00.000000000,BID_DEPTH,"[(100016, 272)]"
2019-06-28 10:58:00.000000000,ASK_DEPTH,"[(100096, 346)]"
2019-06-28 10:58:00.000000000,IMBALANCE,"[272, 346]"
2019-06-28 10:59:00.000000000,BID_DEPTH,"[(99932, 455)]"
2019-06-28 10:59:00.000000000,ASK_DEPTH,"[(100016, 592)]"
2019-06-28 10:59:00.000000000,IMBALANCE,"[455, 592]"
2019-06-28 11:00:00.000000000,BID_DEPTH,"[(99844, 209)]"
2019-06-28 11:00:00.000000000,ASK_DEPTH,"[(99932, 346)]"
2019-06-28 11:00:00.000000000,IMBALANCE,"[209, 346]"
2019-06-28 11:00:11.954641385,HOLDINGS_UPDATED,"{'CASH': 11211308, 'JPM': -12}"
2019-06-28 11:01:00.000000000,BID_DEPTH,"[(99720, 455)]"
2019-06-28 11:01:00.000000000,ASK_DEPTH,"[(99932, 592)]"
2019-06-28 11:01:00.000000000,IMBALANCE,"[455, 592]"
2019-06-28 11:02:00.000000000,BID_DEPTH,"[(99721, 455)]"
2019-06-28 11:02:00.000000000,ASK_DEPTH,"[(100388, 592)]"
2019-06-28 11:02:00.000000000,IMBALANCE,"[455, 592]"
2019-06-28 11:03:00.000000000,BID_DEPTH,"[(99722, 309)]"
2019-06-28 11:03:00.000000000,ASK_DEPTH,"[(100398, 346)]"
2019-06-28 11:03:00.000000000,IMBALANCE,"[309, 346]"
2019-06-28 11:04:00.000000000,BID_DEPTH,"[(99722, 518)]"
2019-06-28 11:04:00.000000000,ASK_DEPTH,"[(100597, 592)]"
2019-06-28 11:04:00.000000000,IMBALANCE,"[518, 592]"
2019-06-28 11:05:00.000000000,BID_DEPTH,"[(99722, 135)]"
2019-06-28 11:05:00.000000000,ASK_DEPTH,"[(100597, 346)]"
2019-06-28 11:05:00.000000000,IMBALANCE,"[135, 346]"
2019-06-28 11:06:00.000000000,BID_DEPTH,"[(100583, 130)]"
2019-06-28 11:06:00.000000000,ASK_DEPTH,"[(100783, 169)]"
2019-06-28 11:06:00.000000000,IMBALANCE,"[130, 169]"
2019-06-28 11:06:00.000000000,HOLDINGS_UPDATED,"{'CASH': 11412474, 'JPM': -14}"
2019-06-28 11:07:00.000000000,BID_DEPTH,"[(100491, 209)]"
2019-06-28 11:07:00.000000000,ASK_DEPTH,"[(100583, 346)]"
2019-06-28 11:07:00.000000000,IMBALANCE,"[209, 346]"
2019-06-28 11:08:00.000000000,BID_DEPTH,"[(100384, 209)]"
2019-06-28 11:08:00.000000000,ASK_DEPTH,"[(100491, 346)]"
2019-06-28 11:08:00.000000000,IMBALANCE,"[209, 346]"
2019-06-28 11:09:00.000000000,BID_DEPTH,"[(100225, 130)]"
2019-06-28 11:09:00.000000000,ASK_DEPTH,"[(100292, 267)]"
2019-06-28 11:09:00.000000000,IMBALANCE,"[130, 267]"
2019-06-28 11:10:00.000000000,BID_DEPTH,"[(100052, 209)]"
2019-06-28 11:10:00.000000000,ASK_DEPTH,"[(100309, 346)]"
2019-06-28 11:10:00.000000000,IMBALANCE,"[209, 346]"
2019-06-28 11:11:00.000000000,BID_DEPTH,"[(99721, 209)]"
2019-06-28 11:11:00.000000000,ASK_DEPTH,"[(100066, 346)]"
2019-06-28 11:11:00.000000000,IMBALANCE,"[209, 346]"
2019-06-28 11:12:00.000000000,BID_DEPTH,"[(99787, 209)]"
2019-06-28 11:12:00.000000000,ASK_DEPTH,"[(100066, 346)]"
2019-06-28 11:12:00.000000000,IMBALANCE,"[209, 346]"
2019-06-28 11:13:00.000000000,BID_DEPTH,"[(99787, 61)]"
2019-06-28 11:13:00.000000000,ASK_DEPTH,"[(100066, 198)]"
2019-06-28 11:13:00.000000000,IMBALANCE,"[61, 198]"
2019-06-28 11:13:50.877457478,HOLDINGS_UPDATED,"{'CASH': 11213032, 'JPM': -12}"
2019-06-28 11:14:00.000000000,HOLDINGS_UPDATED,"{'CASH': 11013592, 'JPM': -10}"
2019-06-28 11:14:00.000000000,BID_DEPTH,"[(99689, 217)]"
2019-06-28 11:14:00.000000000,ASK_DEPTH,"[(99720, 6)]"
2019-06-28 11:14:00.000000000,IMBALANCE,"[217, 6]"
2019-06-28 11:15:00.000000000,HOLDINGS_UPDATED,"{'CASH': 10814214, 'JPM': -8}"
2019-06-28 11:15:00.000000000,BID_DEPTH,"[(99689, 57)]"
2019-06-28 11:15:00.000000000,ASK_DEPTH,"[(99904, 198)]"
2019-06-28 11:15:00.000000000,IMBALANCE,"[57, 198]"
2019-06-28 11:15:04.498690299,HOLDINGS_UPDATED,"{'CASH': 10614836, 'JPM': -6}"
2019-06-28 11:16:00.000000000,BID_DEPTH,"[(99723, 209)]"
2019-06-28 11:16:00.000000000,ASK_DEPTH,"[(99859, 346)]"
2019-06-28 11:16:00.000000000,IMBALANCE,"[209, 346]"
2019-06-28 11:17:00.000000000,BID_DEPTH,"[(99837, 86)]"
2019-06-28 11:17:00.000000000,ASK_DEPTH,"[(100066, 223)]"
2019-06-28 11:17:00.000000000,IMBALANCE,"[86, 223]"
2019-06-28 11:18:00.000000000,HOLDINGS_UPDATED,"{'CASH': 10415390, 'JPM': -4}"
2019-06-28 11:18:00.000000000,BID_DEPTH,"[(99723, 88)]"
2019-06-28 11:18:00.000000000,ASK_DEPTH,"[(100292, 223)]"
2019-06-28 11:18:00.000000000,IMBALANCE,"[88, 223]"
2019-06-28 11:19:00.000000000,BID_DEPTH,"[(99630, 209)]"
2019-06-28 11:19:00.000000000,ASK_DEPTH,"[(100468, 346)]"
2019-06-28 11:19:00.000000000,IMBALANCE,"[209, 346]"
2019-06-28 11:20:00.000000000,BID_DEPTH,"[(99630, 86)]"
2019-06-28 11:20:00.000000000,ASK_DEPTH,"[(100583, 223)]"
2019-06-28 11:20:00.000000000,IMBALANCE,"[86, 223]"
2019-06-28 11:21:00.000000000,BID_DEPTH,"[(99470, 61)]"
2019-06-28 11:21:00.000000000,ASK_DEPTH,"[(100392, 198)]"
2019-06-28 11:21:00.000000000,IMBALANCE,"[61, 198]"
2019-06-28 11:22:00.000000000,BID_DEPTH,"[(99470, 230)]"
2019-06-28 11:22:00.000000000,ASK_DEPTH,"[(100646, 267)]"
2019-06-28 11:22:00.000000000,IMBALANCE,"[230, 267]"
2019-06-28 11:23:00.000000000,BID_DEPTH,"[(99470, 518)]"
2019-06-28 11:23:00.000000000,ASK_DEPTH,"[(100695, 592)]"
2019-06-28 11:23:00.000000000,IMBALANCE,"[518, 592]"
2019-06-28 11:24:00.000000000,BID_DEPTH,"[(100550, 61)]"
2019-06-28 11:24:00.000000000,ASK_DEPTH,"[(100690, 198)]"
2019-06-28 11:24:00.000000000,IMBALANCE,"[61, 198]"
2019-06-28 11:24:00.000000000,HOLDINGS_UPDATED,"{'CASH': 10616490, 'JPM': -6}"
2019-06-28 11:25:00.000000000,BID_DEPTH,"[(99457, 455)]"
2019-06-28 11:25:00.000000000,ASK_DEPTH,"[(100691, 592)]"
2019-06-28 11:25:00.000000000,IMBALANCE,"[455, 592]"
2019-06-28 11:26:00.000000000,BID_DEPTH,"[(100691, 130)]"
2019-06-28 11:26:00.000000000,ASK_DEPTH,"[(100775, 267)]"
2019-06-28 11:26:00.000000000,IMBALANCE,"[130, 267]"
2019-06-28 11:26:00.000000000,HOLDINGS_UPDATED,"{'CASH': 10817872, 'JPM': -8}"
2019-06-28 11:27:00.000000000,BID_DEPTH,[]
2019-06-28 11:27:00.000000000,ASK_DEPTH,"[(100783, 2)]"
2019-06-28 11:27:00.000000000,IMBALANCE,"[0, 2]"
2019-06-28 11:28:00.000000000,BID_DEPTH,[]
2019-06-28 11:28:00.000000000,ASK_DEPTH,"[(100783, 2)]"
2019-06-28 11:28:00.000000000,IMBALANCE,"[0, 2]"
2019-06-28 11:29:00.000000000,BID_DEPTH,[]
2019-06-28 11:29:00.000000000,ASK_DEPTH,"[(100493, 100)]"
2019-06-28 11:29:00.000000000,IMBALANCE,"[0, 100]"
2019-06-28 11:30:00.000000000,BID_DEPTH,"[(100157, 61)]"
2019-06-28 11:30:00.000000000,ASK_DEPTH,"[(100493, 198)]"
2019-06-28 11:30:00.000000000,IMBALANCE,"[61, 198]"
2019-06-28 11:31:00.000000000,BID_DEPTH,"[(100145, 130)]"
2019-06-28 11:31:00.000000000,ASK_DEPTH,"[(100493, 267)]"
2019-06-28 11:31:00.000000000,IMBALANCE,"[130, 267]"
2019-06-28 11:32:00.000000000,BID_DEPTH,"[(100220, 455)]"
2019-06-28 11:32:00.000000000,ASK_DEPTH,"[(100395, 592)]"
2019-06-28 11:32:00.000000000,IMBALANCE,"[455, 592]"
2019-06-28 11:33:00.000000000,BID_DEPTH,"[(100145, 130)]"
2019-06-28 11:33:00.000000000,ASK_DEPTH,"[(100395, 267)]"
2019-06-28 11:33:00.000000000,IMBALANCE,"[130, 267]"
2019-06-28 11:34:00.000000000,BID_DEPTH,"[(100352, 209)]"
2019-06-28 11:34:00.000000000,ASK_DEPTH,"[(100395, 346)]"
2019-06-28 11:34:00.000000000,IMBALANCE,"[209, 346]"
2019-06-28 11:35:00.000000000,BID_DEPTH,"[(100392, 61)]"
2019-06-28 11:35:00.000000000,ASK_DEPTH,"[(100394, 198)]"
2019-06-28 11:35:00.000000000,IMBALANCE,"[61, 198]"
2019-06-28 11:36:00.000000000,BID_DEPTH,"[(100383, 86)]"
2019-06-28 11:36:00.000000000,ASK_DEPTH,"[(100395, 223)]"
2019-06-28 11:36:00.000000000,IMBALANCE,"[86, 223]"
2019-06-28 11:37:00.000000000,BID_DEPTH,"[(100328, 592)]"
2019-06-28 11:37:00.000000000,ASK_DEPTH,"[(100395, 455)]"
2019-06-28 11:37:00.000000000,IMBALANCE,"[592, 455]"
2019-06-28 11:38:00.000000000,BID_DEPTH,"[(100288, 592)]"
2019-06-28 11:38:00.000000000,ASK_DEPTH,"[(100500, 455)]"
2019-06-28 11:38:00.000000000,IMBALANCE,"[592, 455]"
2019-06-28 11:39:00.000000000,BID_DEPTH,"[(100465, 198)]"
2019-06-28 11:39:00.000000000,ASK_DEPTH,"[(100684, 61)]"
2019-06-28 11:39:00.000000000,IMBALANCE,"[198, 61]"
2019-06-28 11:40:00.000000000,BID_DEPTH,"[(100465, 592)]"
2019-06-28 11:40:00.000000000,ASK_DEPTH,"[(100506, 455)]"
2019-06-28 11:40:00.000000000,IMBALANCE,"[592, 455]"
2019-06-28 11:41:00.000000000,BID_DEPTH,"[(100288, 223)]"
2019-06-28 11:41:00.000000000,ASK_DEPTH,"[(100505, 86)]"
2019-06-28 11:41:00.000000000,IMBALANCE,"[223, 86]"
2019-06-28 11:42:00.000000000,BID_DEPTH,"[(100145, 298)]"
2019-06-28 11:42:00.000000000,ASK_DEPTH,"[(100505, 61)]"
2019-06-28 11:42:00.000000000,IMBALANCE,"[298, 61]"
2019-06-28 11:43:00.000000000,BID_DEPTH,"[(100126, 346)]"
2019-06-28 11:43:00.000000000,ASK_DEPTH,"[(100506, 309)]"
2019-06-28 11:43:00.000000000,IMBALANCE,"[346, 309]"
2019-06-28 11:44:00.000000000,BID_DEPTH,"[(100126, 592)]"
2019-06-28 11:44:00.000000000,ASK_DEPTH,"[(100312, 455)]"
2019-06-28 11:44:00.000000000,IMBALANCE,"[592, 455]"
2019-06-28 11:45:00.000000000,BID_DEPTH,"[(99677, 223)]"
2019-06-28 11:45:00.000000000,ASK_DEPTH,"[(100086, 86)]"
2019-06-28 11:45:00.000000000,IMBALANCE,"[223, 86]"
2019-06-28 11:46:00.000000000,BID_DEPTH,"[(99677, 346)]"
2019-06-28 11:46:00.000000000,ASK_DEPTH,"[(100158, 209)]"
2019-06-28 11:46:00.000000000,IMBALANCE,"[346, 209]"
2019-06-28 11:47:00.000000000,BID_DEPTH,"[(99431, 267)]"
2019-06-28 11:47:00.000000000,ASK_DEPTH,"[(100172, 130)]"
2019-06-28 11:47:00.000000000,IMBALANCE,"[267, 130]"
2019-06-28 11:48:00.000000000,BID_DEPTH,"[(99431, 223)]"
2019-06-28 11:48:00.000000000,ASK_DEPTH,"[(100172, 86)]"
2019-06-28 11:48:00.000000000,IMBALANCE,"[223, 86]"
2019-06-28 11:49:00.000000000,BID_DEPTH,"[(99882, 592)]"
2019-06-28 11:49:00.000000000,ASK_DEPTH,"[(99990, 455)]"
2019-06-28 11:49:00.000000000,IMBALANCE,"[592, 455]"
2019-06-28 11:50:00.000000000,BID_DEPTH,"[(99582, 198)]"
2019-06-28 11:50:00.000000000,ASK_DEPTH,"[(99882, 61)]"
2019-06-28 11:50:00.000000000,IMBALANCE,"[198, 61]"
2019-06-28 11:50:00.000000000,HOLDINGS_UPDATED,"{'CASH': 10618108, 'JPM': -6}"
2019-06-28 11:51:00.000000000,BID_DEPTH,"[(99789, 223)]"
2019-06-28 11:51:00.000000000,ASK_DEPTH,"[(100005, 86)]"
2019-06-28 11:51:00.000000000,IMBALANCE,"[223, 86]"
2019-06-28 11:52:00.000000000,BID_DEPTH,"[(99790, 592)]"
2019-06-28 11:52:00.000000000,ASK_DEPTH,"[(99863, 455)]"
2019-06-28 11:52:00.000000000,IMBALANCE,"[592, 455]"
2019-06-28 11:53:00.000000000,BID_DEPTH,"[(99790, 346)]"
2019-06-28 11:53:00.000000000,ASK_DEPTH,"[(100005, 209)]"
2019-06-28 11:53:00.000000000,IMBALANCE,"[346, 209]"
2019-06-28 11:54:00.000000000,BID_DEPTH,"[(99790, 61)]"
2019-06-28 11:54:00.000000000,ASK_DEPTH,"[(100071, 198)]"
2019-06-28 11:54:00.000000000,IMBALANCE,"[61, 198]"
2019-06-28 11:55:00.000000000,BID_DEPTH,"[(99721, 209)]"
2019-06-28 11:55:00.000000000,ASK_DEPTH,"[(100071, 346)]"
2019-06-28 11:55:00.000000000,IMBALANCE,"[209, 346]"
2019-06-28 11:56:00.000000000,BID_DEPTH,"[(99721, 209)]"
2019-06-28 11:56:00.000000000,ASK_DEPTH,"[(100173, 346)]"
2019-06-28 11:56:00.000000000,IMBALANCE,"[209, 346]"
2019-06-28 11:57:00.000000000,BID_DEPTH,"[(99721, 130)]"
2019-06-28 11:57:00.000000000,ASK_DEPTH,"[(100173, 267)]"
2019-06-28 11:57:00.000000000,IMBALANCE,"[130, 267]"
2019-06-28 11:58:00.000000000,BID_DEPTH,"[(99582, 130)]"
2019-06-28 11:58:00.000000000,ASK_DEPTH,"[(99988, 267)]"
2019-06-28 11:58:00.000000000,IMBALANCE,"[130, 267]"
2019-06-28 11:59:00.000000000,BID_DEPTH,"[(99549, 61)]"
2019-06-28 11:59:00.000000000,ASK_DEPTH,"[(100037, 198)]"
2019-06-28 11:59:00.000000000,IMBALANCE,"[61, 198]"
2019-06-28 12:00:00.000000000,BID_DEPTH,"[(99549, 61)]"
2019-06-28 12:00:00.000000000,ASK_DEPTH,"[(100127, 198)]"
2019-06-28 12:00:00.000000000,IMBALANCE,"[61, 198]"
2019-06-28 12:01:00.000000000,BID_DEPTH,"[(99549, 161)]"
2019-06-28 12:01:00.000000000,ASK_DEPTH,"[(100172, 198)]"
2019-06-28 12:01:00.000000000,IMBALANCE,"[161, 198]"
2019-06-28 12:02:00.000000000,BID_DEPTH,"[(99549, 49)]"
2019-06-28 12:02:00.000000000,ASK_DEPTH,"[(100194, 223)]"
2019-06-28 12:02:00.000000000,IMBALANCE,"[49, 223]"
2019-06-28 12:03:00.000000000,BID_DEPTH,"[(100195, 161)]"
2019-06-28 12:03:00.000000000,ASK_DEPTH,"[(100289, 198)]"
2019-06-28 12:03:00.000000000,IMBALANCE,"[161, 198]"
2019-06-28 12:04:00.000000000,BID_DEPTH,"[(100195, 149)]"
2019-06-28 12:04:00.000000000,ASK_DEPTH,"[(100294, 223)]"
2019-06-28 12:04:00.000000000,IMBALANCE,"[149, 223]"
2019-06-28 12:05:00.000000000,BID_DEPTH,"[(100195, 412)]"
2019-06-28 12:05:00.000000000,ASK_DEPTH,"[(100294, 223)]"
2019-06-28 12:05:00.000000000,IMBALANCE,"[412, 223]"
2019-06-28 12:06:00.000000000,BID_DEPTH,"[(100195, 219)]"
2019-06-28 12:06:00.000000000,ASK_DEPTH,"[(100294, 267)]"
2019-06-28 12:06:00.000000000,IMBALANCE,"[219, 267]"
2019-06-28 12:07:00.000000000,BID_DEPTH,"[(100195, 261)]"
2019-06-28 12:07:00.000000000,ASK_DEPTH,"[(100492, 346)]"
2019-06-28 12:07:00.000000000,IMBALANCE,"[261, 346]"
2019-06-28 12:08:00.000000000,BID_DEPTH,"[(100195, 470)]"
2019-06-28 12:08:00.000000000,ASK_DEPTH,"[(100492, 592)]"
2019-06-28 12:08:00.000000000,IMBALANCE,"[470, 592]"
2019-06-28 12:09:00.000000000,BID_DEPTH,"[(100492, 455)]"
2019-06-28 12:09:00.000000000,ASK_DEPTH,"[(100597, 592)]"
2019-06-28 12:09:00.000000000,IMBALANCE,"[455, 592]"
2019-06-28 12:09:00.000000000,HOLDINGS_UPDATED,"{'CASH': 10819092, 'JPM': -8}"
2019-06-28 12:10:00.000000000,BID_DEPTH,"[(100492, 86)]"
2019-06-28 12:10:00.000000000,ASK_DEPTH,"[(100680, 223)]"
2019-06-28 12:10:00.000000000,IMBALANCE,"[86, 223]"
2019-06-28 12:10:00.000000000,HOLDINGS_UPDATED,"{'CASH': 11020076, 'JPM': -10}"
2019-06-28 12:10:36.910325627,HOLDINGS_UPDATED,"{'CASH': 11221444, 'JPM': -12}"
2019-06-28 12:11:00.000000000,BID_DEPTH,"[(100493, 186)]"
2019-06-28 12:11:00.000000000,ASK_DEPTH,"[(100691, 223)]"
2019-06-28 12:11:00.000000000,IMBALANCE,"[186, 223]"
2019-06-28 12:11:00.000000000,HOLDINGS_UPDATED,"{'CASH': 11422430, 'JPM': -14}"
2019-06-28 12:12:00.000000000,BID_DEPTH,"[(100493, 416)]"
2019-06-28 12:12:00.000000000,ASK_DEPTH,"[(100783, 494)]"
2019-06-28 12:12:00.000000000,IMBALANCE,"[416, 494]"
2019-06-28 12:12:00.000000000,HOLDINGS_UPDATED,"{'CASH': 11623416, 'JPM': -16}"
2019-06-28 12:13:00.000000000,BID_DEPTH,"[(100620, 209)]"
2019-06-28 12:13:00.000000000,ASK_DEPTH,"[(100783, 248)]"
2019-06-28 12:13:00.000000000,IMBALANCE,"[209, 248]"
2019-06-28 12:13:00.000000000,HOLDINGS_UPDATED,"{'CASH': 11824656, 'JPM': -18}"
2019-06-28 12:14:00.000000000,HOLDINGS_UPDATED,"{'CASH': 12026222, 'JPM': -20}"
2019-06-28 12:14:00.000000000,BID_DEPTH,"[(100492, 592)]"
2019-06-28 12:14:00.000000000,ASK_DEPTH,"[(100783, 357)]"
2019-06-28 12:14:00.000000000,IMBALANCE,"[592, 357]"
2019-06-28 12:15:00.000000000,BID_DEPTH,"[(100235, 346)]"
2019-06-28 12:15:00.000000000,ASK_DEPTH,"[(100618, 209)]"
2019-06-28 12:15:00.000000000,IMBALANCE,"[346, 209]"
2019-06-28 12:16:00.000000000,HOLDINGS_UPDATED,"{'CASH': 12227860, 'JPM': -22}"
2019-06-28 12:16:00.000000000,BID_DEPTH,"[(100819, 5)]"
2019-06-28 12:16:00.000000000,ASK_DEPTH,"[(100855, 166)]"
2019-06-28 12:16:00.000000000,IMBALANCE,"[5, 166]"
2019-06-28 12:17:00.000000000,BID_DEPTH,"[(100790, 346)]"
2019-06-28 12:17:00.000000000,ASK_DEPTH,"[(100819, 137)]"
2019-06-28 12:17:00.000000000,IMBALANCE,"[346, 137]"
2019-06-28 12:18:00.000000000,HOLDINGS_UPDATED,"{'CASH': 12429498, 'JPM': -24}"
2019-06-28 12:18:00.000000000,BID_DEPTH,"[(100100, 592)]"
2019-06-28 12:18:00.000000000,ASK_DEPTH,"[(100819, 357)]"
2019-06-28 12:18:00.000000000,IMBALANCE,"[592, 357]"
2019-06-28 12:19:00.000000000,BID_DEPTH,"[(100158, 346)]"
2019-06-28 12:19:00.000000000,ASK_DEPTH,"[(100201, 209)]"
2019-06-28 12:19:00.000000000,IMBALANCE,"[346, 209]"
2019-06-28 12:20:00.000000000,BID_DEPTH,"[(100100, 346)]"
2019-06-28 12:20:00.000000000,ASK_DEPTH,"[(100158, 111)]"
2019-06-28 12:20:00.000000000,IMBALANCE,"[346, 111]"
2019-06-28 12:21:00.000000000,BID_DEPTH,"[(99522, 346)]"
2019-06-28 12:21:00.000000000,ASK_DEPTH,"[(100200, 209)]"
2019-06-28 12:21:00.000000000,IMBALANCE,"[346, 209]"
2019-06-28 12:22:00.000000000,BID_DEPTH,"[(99788, 346)]"
2019-06-28 12:22:00.000000000,ASK_DEPTH,"[(99894, 209)]"
2019-06-28 12:22:00.000000000,IMBALANCE,"[346, 209]"
2019-06-28 12:23:00.000000000,BID_DEPTH,"[(99788, 223)]"
2019-06-28 12:23:00.000000000,ASK_DEPTH,"[(99898, 86)]"
2019-06-28 12:23:00.000000000,IMBALANCE,"[223, 86]"
2019-06-28 12:24:00.000000000,BID_DEPTH,"[(99706, 267)]"
2019-06-28 12:24:00.000000000,ASK_DEPTH,"[(99898, 330)]"
2019-06-28 12:24:00.000000000,IMBALANCE,"[267, 330]"
2019-06-28 12:25:00.000000000,BID_DEPTH,"[(99401, 592)]"
2019-06-28 12:25:00.000000000,ASK_DEPTH,"[(99706, 455)]"
2019-06-28 12:25:00.000000000,IMBALANCE,"[592, 455]"
2019-06-28 12:25:00.000000000,HOLDINGS_UPDATED,"{'CASH': 12230086, 'JPM': -22}"
2019-06-28 12:26:00.000000000,BID_DEPTH,"[(99269, 198)]"
2019-06-28 12:26:00.000000000,ASK_DEPTH,"[(99706, 61)]"
2019-06-28 12:26:00.000000000,IMBALANCE,"[198, 61]"
2019-06-28 12:26:00.000000000,HOLDINGS_UPDATED,"{'CASH': 12030674, 'JPM': -20}"
2019-06-28 12:27:00.000000000,BID_DEPTH,"[(99269, 6)]"
2019-06-28 12:27:00.000000000,ASK_DEPTH,"[(99706, 417)]"
2019-06-28 12:27:00.000000000,IMBALANCE,"[6, 417]"
2019-06-28 12:27:00.000000000,HOLDINGS_UPDATED,"{'CASH': 11831262, 'JPM': -18}"
2019-06-28 12:28:00.000000000,BID_DEPTH,"[(99195, 592)]"
2019-06-28 12:28:00.000000000,ASK_DEPTH,"[(99269, 449)]"
2019-06-28 12:28:00.000000000,IMBALANCE,"[592, 449]"
2019-06-28 12:28:00.000000000,HOLDINGS_UPDATED,"{'CASH': 11632724, 'JPM': -16}"
2019-06-28 12:29:00.000000000,BID_DEPTH,"[(99100, 198)]"
2019-06-28 12:29:00.000000000,ASK_DEPTH,"[(99706, 253)]"
2019-06-28 12:29:00.000000000,IMBALANCE,"[198, 253]"
2019-06-28 12:29:00.000000000,HOLDINGS_UPDATED,"{'CASH': 11433312, 'JPM': -14}"
2019-06-28 12:30:00.000000000,BID_DEPTH,"[(99185, 487)]"
2019-06-28 12:30:00.000000000,ASK_DEPTH,"[(99706, 713)]"
2019-06-28 12:30:00.000000000,IMBALANCE,"[487, 713]"
2019-06-28 12:30:00.000000000,HOLDINGS_UPDATED,"{'CASH': 11233900, 'JPM': -12}"
2019-06-28 12:31:00.000000000,BID_DEPTH,"[(99100, 209)]"
2019-06-28 12:31:00.000000000,ASK_DEPTH,"[(99706, 465)]"
2019-06-28 12:31:00.000000000,IMBALANCE,"[209, 465]"
2019-06-28 12:31:20.071233841,HOLDINGS_UPDATED,"{'CASH': 11035700, 'JPM': -10}"
2019-06-28 12:32:00.000000000,BID_DEPTH,"[(99046, 209)]"
2019-06-28 12:32:00.000000000,ASK_DEPTH,"[(99706, 465)]"
2019-06-28 12:32:00.000000000,IMBALANCE,"[209, 465]"
2019-06-28 12:33:00.000000000,HOLDINGS_UPDATED,"{'CASH': 10837608, 'JPM': -8}"
2019-06-28 12:33:00.000000000,BID_DEPTH,"[(99046, 88)]"
2019-06-28 12:33:00.000000000,ASK_DEPTH,"[(99093, 223)]"
2019-06-28 12:33:00.000000000,IMBALANCE,"[88, 223]"
2019-06-28 12:34:00.000000000,HOLDINGS_UPDATED,"{'CASH': 10639516, 'JPM': -6}"
2019-06-28 12:34:00.000000000,BID_DEPTH,"[(99046, 132)]"
2019-06-28 12:34:00.000000000,ASK_DEPTH,"[(99210, 267)]"
2019-06-28 12:34:00.000000000,IMBALANCE,"[132, 267]"
2019-06-28 12:34:16.816960660,HOLDINGS_UPDATED,"{'CASH': 10441424, 'JPM': -4}"
2019-06-28 12:35:00.000000000,BID_DEPTH,"[(98998, 86)]"
2019-06-28 12:35:00.000000000,ASK_DEPTH,"[(99024, 223)]"
2019-06-28 12:35:00.000000000,IMBALANCE,"[86, 223]"
2019-06-28 12:36:00.000000000,HOLDINGS_UPDATED,"{'CASH': 10243428, 'JPM': -2}"
2019-06-28 12:36:00.000000000,BID_DEPTH,"[(98966, 217)]"
2019-06-28 12:36:00.000000000,ASK_DEPTH,"[(98998, 6)]"
2019-06-28 12:36:00.000000000,IMBALANCE,"[217, 6]"
2019-06-28 12:37:00.000000000,BID_DEPTH,"[(98998, 113)]"
2019-06-28 12:37:00.000000000,ASK_DEPTH,"[(99046, 323)]"
2019-06-28 12:37:00.000000000,IMBALANCE,"[113, 323]"
2019-06-28 12:38:00.000000000,HOLDINGS_UPDATED,{'CASH': 10045432}
2019-06-28 12:38:00.000000000,BID_DEPTH,"[(98966, 313)]"
2019-06-28 12:38:00.000000000,ASK_DEPTH,"[(98998, 6)]"
2019-06-28 12:38:00.000000000,IMBALANCE,"[313, 6]"
2019-06-28 12:39:00.000000000,HOLDINGS_UPDATED,"{'CASH': 9847500, 'JPM': 2}"
2019-06-28 12:39:00.000000000,BID_DEPTH,"[(98966, 647)]"
2019-06-28 12:39:00.000000000,ASK_DEPTH,"[(99285, 592)]"
2019-06-28 12:39:00.000000000,IMBALANCE,"[647, 592]"
2019-06-28 12:40:00.000000000,HOLDINGS_UPDATED,"{'CASH': 9649568, 'JPM': 4}"
2019-06-28 12:40:00.000000000,BID_DEPTH,"[(98966, 610)]"
2019-06-28 12:40:00.000000000,ASK_DEPTH,"[(99401, 592)]"
2019-06-28 12:40:00.000000000,IMBALANCE,"[610, 592]"
2019-06-28 12:41:00.000000000,BID_DEPTH,"[(98966, 127)]"
2019-06-28 12:41:00.000000000,ASK_DEPTH,"[(99470, 346)]"
2019-06-28 12:41:00.000000000,IMBALANCE,"[127, 346]"
2019-06-28 12:42:00.000000000,BID_DEPTH,"[(99382, 209)]"
2019-06-28 12:42:00.000000000,ASK_DEPTH,"[(99542, 346)]"
2019-06-28 12:42:00.000000000,IMBALANCE,"[209, 346]"
2019-06-28 12:43:00.000000000,BID_DEPTH,"[(99515, 209)]"
2019-06-28 12:43:00.000000000,ASK_DEPTH,"[(99542, 346)]"
2019-06-28 12:43:00.000000000,IMBALANCE,"[209, 346]"
2019-06-28 12:44:00.000000000,BID_DEPTH,"[(99515, 161)]"
2019-06-28 12:44:00.000000000,ASK_DEPTH,"[(99542, 198)]"
2019-06-28 12:44:00.000000000,IMBALANCE,"[161, 198]"
2019-06-28 12:45:00.000000000,BID_DEPTH,"[(99515, 418)]"
2019-06-28 12:45:00.000000000,ASK_DEPTH,"[(99661, 592)]"
2019-06-28 12:45:00.000000000,IMBALANCE,"[418, 592]"
2019-06-28 12:46:00.000000000,BID_DEPTH,"[(99515, 209)]"
2019-06-28 12:46:00.000000000,ASK_DEPTH,"[(99661, 346)]"
2019-06-28 12:46:00.000000000,IMBALANCE,"[209, 346]"
2019-06-28 12:47:00.000000000,BID_DEPTH,"[(98930, 130)]"
2019-06-28 12:47:00.000000000,ASK_DEPTH,"[(99768, 267)]"
2019-06-28 12:47:00.000000000,IMBALANCE,"[130, 267]"
2019-06-28 12:48:00.000000000,BID_DEPTH,"[(98930, 86)]"
2019-06-28 12:48:00.000000000,ASK_DEPTH,"[(100200, 223)]"
2019-06-28 12:48:00.000000000,IMBALANCE,"[86, 223]"
2019-06-28 12:49:00.000000000,BID_DEPTH,"[(100200, 130)]"
2019-06-28 12:49:00.000000000,ASK_DEPTH,"[(100435, 267)]"
2019-06-28 12:49:00.000000000,IMBALANCE,"[130, 267]"
2019-06-28 12:50:00.000000000,BID_DEPTH,"[(99498, 209)]"
2019-06-28 12:50:00.000000000,ASK_DEPTH,"[(99754, 346)]"
2019-06-28 12:50:00.000000000,IMBALANCE,"[209, 346]"
2019-06-28 12:51:00.000000000,BID_DEPTH,"[(98845, 61)]"
2019-06-28 12:51:00.000000000,ASK_DEPTH,"[(99371, 198)]"
2019-06-28 12:51:00.000000000,IMBALANCE,"[61, 198]"
2019-06-28 12:52:00.000000000,BID_DEPTH,"[(98844, 130)]"
2019-06-28 12:52:00.000000000,ASK_DEPTH,"[(99370, 267)]"
2019-06-28 12:52:00.000000000,IMBALANCE,"[130, 267]"
2019-06-28 12:53:00.000000000,BID_DEPTH,[]
2019-06-28 12:53:00.000000000,ASK_DEPTH,"[(99642, 100)]"
2019-06-28 12:53:00.000000000,IMBALANCE,"[0, 100]"
2019-06-28 12:54:00.000000000,BID_DEPTH,"[(99506, 209)]"
2019-06-28 12:54:00.000000000,ASK_DEPTH,"[(99551, 346)]"
2019-06-28 12:54:00.000000000,IMBALANCE,"[209, 346]"
2019-06-28 12:55:00.000000000,BID_DEPTH,"[(99314, 130)]"
2019-06-28 12:55:00.000000000,ASK_DEPTH,"[(99551, 267)]"
2019-06-28 12:55:00.000000000,IMBALANCE,"[130, 267]"
2019-06-28 12:56:00.000000000,BID_DEPTH,"[(98844, 86)]"
2019-06-28 12:56:00.000000000,ASK_DEPTH,"[(99754, 223)]"
2019-06-28 12:56:00.000000000,IMBALANCE,"[86, 223]"
2019-06-28 12:57:00.000000000,BID_DEPTH,[]
2019-06-28 12:57:00.000000000,ASK_DEPTH,"[(100021, 100)]"
2019-06-28 12:57:00.000000000,IMBALANCE,"[0, 100]"
2019-06-28 12:58:00.000000000,BID_DEPTH,[]
2019-06-28 12:58:00.000000000,ASK_DEPTH,"[(100021, 100)]"
2019-06-28 12:58:00.000000000,IMBALANCE,"[0, 100]"
2019-06-28 12:59:00.000000000,BID_DEPTH,"[(99957, 455)]"
2019-06-28 12:59:00.000000000,ASK_DEPTH,"[(99991, 592)]"
2019-06-28 12:59:00.000000000,IMBALANCE,"[455, 592]"
2019-06-28 13:00:00.000000000,BID_DEPTH,"[(99890, 86)]"
2019-06-28 13:00:00.000000000,ASK_DEPTH,"[(99919, 223)]"
2019-06-28 13:00:00.000000000,IMBALANCE,"[86, 223]"
2019-06-28 13:01:00.000000000,BID_DEPTH,"[(99746, 130)]"
2019-06-28 13:01:00.000000000,ASK_DEPTH,"[(99919, 267)]"
2019-06-28 13:01:00.000000000,IMBALANCE,"[130, 267]"
2019-06-28 13:02:00.000000000,BID_DEPTH,"[(99718, 209)]"
2019-06-28 13:02:00.000000000,ASK_DEPTH,"[(99919, 346)]"
2019-06-28 13:02:00.000000000,IMBALANCE,"[209, 346]"
2019-06-28 13:03:00.000000000,BID_DEPTH,"[(99833, 209)]"
2019-06-28 13:03:00.000000000,ASK_DEPTH,"[(99919, 346)]"
2019-06-28 13:03:00.000000000,IMBALANCE,"[209, 346]"
2019-06-28 13:04:00.000000000,BID_DEPTH,"[(99884, 61)]"
2019-06-28 13:04:00.000000000,ASK_DEPTH,"[(99962, 198)]"
2019-06-28 13:04:00.000000000,IMBALANCE,"[61, 198]"
2019-06-28 13:05:00.000000000,BID_DEPTH,"[(99650, 455)]"
2019-06-28 13:05:00.000000000,ASK_DEPTH,"[(99884, 592)]"
2019-06-28 13:05:00.000000000,IMBALANCE,"[455, 592]"
2019-06-28 13:06:00.000000000,BID_DEPTH,"[(99750, 267)]"
2019-06-28 13:06:00.000000000,ASK_DEPTH,"[(99884, 130)]"
2019-06-28 13:06:00.000000000,IMBALANCE,"[267, 130]"
2019-06-28 13:07:00.000000000,BID_DEPTH,"[(99750, 198)]"
2019-06-28 13:07:00.000000000,ASK_DEPTH,"[(99962, 61)]"
2019-06-28 13:07:00.000000000,IMBALANCE,"[198, 61]"
2019-06-28 13:08:00.000000000,BID_DEPTH,"[(100001, 198)]"
2019-06-28 13:08:00.000000000,ASK_DEPTH,"[(100020, 61)]"
2019-06-28 13:08:00.000000000,IMBALANCE,"[198, 61]"
2019-06-28 13:09:00.000000000,BID_DEPTH,"[(100001, 267)]"
2019-06-28 13:09:00.000000000,ASK_DEPTH,"[(100029, 130)]"
2019-06-28 13:09:00.000000000,IMBALANCE,"[267, 130]"
2019-06-28 13:10:00.000000000,BID_DEPTH,"[(99995, 267)]"
2019-06-28 13:10:00.000000000,ASK_DEPTH,"[(100029, 130)]"
2019-06-28 13:10:00.000000000,IMBALANCE,"[267, 130]"
2019-06-28 13:11:00.000000000,BID_DEPTH,"[(99995, 223)]"
2019-06-28 13:11:00.000000000,ASK_DEPTH,"[(100029, 86)]"
2019-06-28 13:11:00.000000000,IMBALANCE,"[223, 86]"
2019-06-28 13:12:00.000000000,BID_DEPTH,"[(99787, 198)]"
2019-06-28 13:12:00.000000000,ASK_DEPTH,"[(100028, 261)]"
2019-06-28 13:12:00.000000000,IMBALANCE,"[198, 261]"
2019-06-28 13:13:00.000000000,BID_DEPTH,"[(99787, 346)]"
2019-06-28 13:13:00.000000000,ASK_DEPTH,"[(100028, 272)]"
2019-06-28 13:13:00.000000000,IMBALANCE,"[346, 272]"
2019-06-28 13:14:00.000000000,BID_DEPTH,"[(99680, 198)]"
2019-06-28 13:14:00.000000000,ASK_DEPTH,"[(100028, 87)]"
2019-06-28 13:14:00.000000000,IMBALANCE,"[198, 87]"
2019-06-28 13:15:00.000000000,BID_DEPTH,"[(98406, 223)]"
2019-06-28 13:15:00.000000000,ASK_DEPTH,"[(100029, 86)]"
2019-06-28 13:15:00.000000000,IMBALANCE,"[223, 86]"
2019-06-28 13:16:00.000000000,BID_DEPTH,"[(98612, 592)]"
2019-06-28 13:16:00.000000000,ASK_DEPTH,"[(98638, 455)]"
2019-06-28 13:16:00.000000000,IMBALANCE,"[592, 455]"
2019-06-28 13:16:00.000000000,HOLDINGS_UPDATED,"{'CASH': 9452292, 'JPM': 6}"
2019-06-28 13:17:00.000000000,BID_DEPTH,"[(98638, 592)]"
2019-06-28 13:17:00.000000000,ASK_DEPTH,"[(98701, 455)]"
2019-06-28 13:17:00.000000000,IMBALANCE,"[592, 455]"
2019-06-28 13:17:00.000000000,HOLDINGS_UPDATED,"{'CASH': 9254890, 'JPM': 8}"
2019-06-28 13:18:00.000000000,BID_DEPTH,"[(99330, 592)]"
2019-06-28 13:18:00.000000000,ASK_DEPTH,"[(100029, 455)]"
2019-06-28 13:18:00.000000000,IMBALANCE,"[592, 455]"
2019-06-28 13:19:00.000000000,BID_DEPTH,"[(99330, 267)]"
2019-06-28 13:19:00.000000000,ASK_DEPTH,"[(100094, 130)]"
2019-06-28 13:19:00.000000000,IMBALANCE,"[267, 130]"
2019-06-28 13:20:00.000000000,BID_DEPTH,"[(99330, 198)]"
2019-06-28 13:20:00.000000000,ASK_DEPTH,"[(99955, 61)]"
2019-06-28 13:20:00.000000000,IMBALANCE,"[198, 61]"
2019-06-28 13:21:00.000000000,BID_DEPTH,"[(99330, 592)]"
2019-06-28 13:21:00.000000000,ASK_DEPTH,"[(99585, 455)]"
2019-06-28 13:21:00.000000000,IMBALANCE,"[592, 455]"
2019-06-28 13:22:00.000000000,BID_DEPTH,"[(99289, 346)]"
2019-06-28 13:22:00.000000000,ASK_DEPTH,"[(99977, 209)]"
2019-06-28 13:22:00.000000000,IMBALANCE,"[346, 209]"
2019-06-28 13:23:00.000000000,BID_DEPTH,"[(99042, 592)]"
2019-06-28 13:23:00.000000000,ASK_DEPTH,"[(99624, 455)]"
2019-06-28 13:23:00.000000000,IMBALANCE,"[592, 455]"
2019-06-28 13:24:00.000000000,BID_DEPTH,"[(99509, 267)]"
2019-06-28 13:24:00.000000000,ASK_DEPTH,"[(99652, 130)]"
2019-06-28 13:24:00.000000000,IMBALANCE,"[267, 130]"
2019-06-28 13:25:00.000000000,BID_DEPTH,"[(99309, 346)]"
2019-06-28 13:25:00.000000000,ASK_DEPTH,"[(99506, 209)]"
2019-06-28 13:25:00.000000000,IMBALANCE,"[346, 209]"
2019-06-28 13:26:00.000000000,BID_DEPTH,"[(99243, 198)]"
2019-06-28 13:26:00.000000000,ASK_DEPTH,"[(99506, 161)]"
2019-06-28 13:26:00.000000000,IMBALANCE,"[198, 161]"
2019-06-28 13:27:00.000000000,BID_DEPTH,"[(99243, 198)]"
2019-06-28 13:27:00.000000000,ASK_DEPTH,"[(99506, 124)]"
2019-06-28 13:27:00.000000000,IMBALANCE,"[198, 124]"
2019-06-28 13:28:00.000000000,BID_DEPTH,"[(99243, 461)]"
2019-06-28 13:28:00.000000000,ASK_DEPTH,"[(99857, 586)]"
2019-06-28 13:28:00.000000000,IMBALANCE,"[461, 586]"
2019-06-28 13:29:00.000000000,BID_DEPTH,"[(99174, 209)]"
2019-06-28 13:29:00.000000000,ASK_DEPTH,"[(99977, 346)]"
2019-06-28 13:29:00.000000000,IMBALANCE,"[209, 346]"
2019-06-28 13:30:00.000000000,BID_DEPTH,"[(99021, 166)]"
2019-06-28 13:30:00.000000000,ASK_DEPTH,"[(100213, 5)]"
2019-06-28 13:30:00.000000000,IMBALANCE,"[166, 5]"
2019-06-28 13:31:00.000000000,BID_DEPTH,"[(99021, 129)]"
2019-06-28 13:31:00.000000000,ASK_DEPTH,"[(100648, 198)]"
2019-06-28 13:31:00.000000000,IMBALANCE,"[129, 198]"
2019-06-28 13:31:57.741656676,HOLDINGS_UPDATED,"{'CASH': 9456600, 'JPM': 6}"
2019-06-28 13:32:00.000000000,BID_DEPTH,"[(99021, 140)]"
2019-06-28 13:32:00.000000000,ASK_DEPTH,"[(101077, 346)]"
2019-06-28 13:32:00.000000000,IMBALANCE,"[140, 346]"
2019-06-28 13:33:00.000000000,BID_DEPTH,"[(100724, 61)]"
2019-06-28 13:33:00.000000000,ASK_DEPTH,"[(101077, 198)]"
2019-06-28 13:33:00.000000000,IMBALANCE,"[61, 198]"
2019-06-28 13:33:00.000000000,HOLDINGS_UPDATED,"{'CASH': 9658048, 'JPM': 4}"
2019-06-28 13:34:00.000000000,BID_DEPTH,"[(100360, 61)]"
2019-06-28 13:34:00.000000000,ASK_DEPTH,"[(100590, 198)]"
2019-06-28 13:34:00.000000000,IMBALANCE,"[61, 198]"
2019-06-28 13:34:00.000000000,HOLDINGS_UPDATED,"{'CASH': 9858768, 'JPM': 2}"
2019-06-28 13:35:00.000000000,BID_DEPTH,"[(100360, 235)]"
2019-06-28 13:35:00.000000000,ASK_DEPTH,"[(101319, 162)]"
2019-06-28 13:35:00.000000000,IMBALANCE,"[235, 162]"
2019-06-28 13:35:00.000000000,HOLDINGS_UPDATED,{'CASH': 10059488}
2019-06-28 13:36:00.000000000,BID_DEPTH,"[(101171, 592)]"
2019-06-28 13:36:00.000000000,ASK_DEPTH,"[(101326, 455)]"
2019-06-28 13:36:00.000000000,IMBALANCE,"[592, 455]"
2019-06-28 13:36:40.464702091,HOLDINGS_UPDATED,"{'CASH': 10262140, 'JPM': -2}"
2019-06-28 13:37:00.000000000,BID_DEPTH,"[(101428, 346)]"
2019-06-28 13:37:00.000000000,ASK_DEPTH,"[(101541, 209)]"
2019-06-28 13:37:00.000000000,IMBALANCE,"[346, 209]"
2019-06-28 13:38:00.000000000,HOLDINGS_UPDATED,"{'CASH': 10465222, 'JPM': -4}"
2019-06-28 13:38:00.000000000,BID_DEPTH,"[(101455, 592)]"
2019-06-28 13:38:00.000000000,ASK_DEPTH,"[(101541, 357)]"
2019-06-28 13:38:00.000000000,IMBALANCE,"[592, 357]"
2019-06-28 13:39:00.000000000,HOLDINGS_UPDATED,"{'CASH': 10668304, 'JPM': -6}"
2019-06-28 13:39:00.000000000,BID_DEPTH,"[(101428, 267)]"
2019-06-28 13:39:00.000000000,ASK_DEPTH,"[(101541, 132)]"
2019-06-28 13:39:00.000000000,IMBALANCE,"[267, 132]"
2019-06-28 13:40:00.000000000,BID_DEPTH,"[(100793, 223)]"
2019-06-28 13:40:00.000000000,ASK_DEPTH,"[(101428, 86)]"
2019-06-28 13:40:00.000000000,IMBALANCE,"[223, 86]"
2019-06-28 13:41:00.000000000,BID_DEPTH,"[(100432, 223)]"
2019-06-28 13:41:00.000000000,ASK_DEPTH,"[(101427, 86)]"
2019-06-28 13:41:00.000000000,IMBALANCE,"[223, 86]"
2019-06-28 13:41:57.761295271,HOLDINGS_UPDATED,"{'CASH': 10871158, 'JPM': -8}"
2019-06-28 13:42:00.000000000,HOLDINGS_UPDATED,"{'CASH': 11074014, 'JPM': -10}"
2019-06-28 13:42:00.000000000,BID_DEPTH,"[(100432, 346)]"
2019-06-28 13:42:00.000000000,ASK_DEPTH,"[(101428, 211)]"
2019-06-28 13:42:00.000000000,IMBALANCE,"[346, 211]"
2019-06-28 13:43:00.000000000,HOLDINGS_UPDATED,"{'CASH': 11277096, 'JPM': -12}"
2019-06-28 13:43:00.000000000,BID_DEPTH,"[(100432, 267)]"
2019-06-28 13:43:00.000000000,ASK_DEPTH,"[(101541, 32)]"
2019-06-28 13:43:00.000000000,IMBALANCE,"[267, 32]"
2019-06-28 13:44:00.000000000,BID_DEPTH,"[(101279, 267)]"
2019-06-28 13:44:00.000000000,ASK_DEPTH,"[(101540, 230)]"
2019-06-28 13:44:00.000000000,IMBALANCE,"[267, 230]"
2019-06-28 13:45:00.000000000,HOLDINGS_UPDATED,"{'CASH': 11480176, 'JPM': -14}"
2019-06-28 13:45:00.000000000,BID_DEPTH,"[(100432, 592)]"
2019-06-28 13:45:00.000000000,ASK_DEPTH,"[(101540, 357)]"
2019-06-28 13:45:00.000000000,IMBALANCE,"[592, 357]"
2019-06-28 13:46:00.000000000,BID_DEPTH,"[(100696, 592)]"
2019-06-28 13:46:00.000000000,ASK_DEPTH,"[(101022, 455)]"
2019-06-28 13:46:00.000000000,IMBALANCE,"[592, 455]"
2019-06-28 13:47:00.000000000,BID_DEPTH,"[(100696, 223)]"
2019-06-28 13:47:00.000000000,ASK_DEPTH,"[(101083, 86)]"
2019-06-28 13:47:00.000000000,IMBALANCE,"[223, 86]"
2019-06-28 13:48:00.000000000,BID_DEPTH,"[(101083, 112)]"
2019-06-28 13:48:00.000000000,ASK_DEPTH,"[(101219, 61)]"
2019-06-28 13:48:00.000000000,IMBALANCE,"[112, 61]"
2019-06-28 13:49:00.000000000,BID_DEPTH,"[(100856, 223)]"
2019-06-28 13:49:00.000000000,ASK_DEPTH,"[(101225, 86)]"
2019-06-28 13:49:00.000000000,IMBALANCE,"[223, 86]"
2019-06-28 13:50:00.000000000,BID_DEPTH,"[(100856, 267)]"
2019-06-28 13:50:00.000000000,ASK_DEPTH,"[(101076, 130)]"
2019-06-28 13:50:00.000000000,IMBALANCE,"[267, 130]"
2019-06-28 13:51:00.000000000,BID_DEPTH,"[(100696, 267)]"
2019-06-28 13:51:00.000000000,ASK_DEPTH,"[(101422, 130)]"
2019-06-28 13:51:00.000000000,IMBALANCE,"[267, 130]"
2019-06-28 13:52:00.000000000,BID_DEPTH,"[(101270, 267)]"
2019-06-28 13:52:00.000000000,ASK_DEPTH,"[(101422, 130)]"
2019-06-28 13:52:00.000000000,IMBALANCE,"[267, 130]"
2019-06-28 13:53:00.000000000,BID_DEPTH,"[(101008, 346)]"
2019-06-28 13:53:00.000000000,ASK_DEPTH,"[(101422, 409)]"
2019-06-28 13:53:00.000000000,IMBALANCE,"[346, 409]"
2019-06-28 13:54:00.000000000,BID_DEPTH,"[(101008, 223)]"
2019-06-28 13:54:00.000000000,ASK_DEPTH,"[(101422, 149)]"
2019-06-28 13:54:00.000000000,IMBALANCE,"[223, 149]"
2019-06-28 13:55:00.000000000,BID_DEPTH,"[(100696, 223)]"
2019-06-28 13:55:00.000000000,ASK_DEPTH,"[(101008, 86)]"
2019-06-28 13:55:00.000000000,IMBALANCE,"[223, 86]"
2019-06-28 13:56:00.000000000,BID_DEPTH,"[(100878, 592)]"
2019-06-28 13:56:00.000000000,ASK_DEPTH,"[(100918, 455)]"
2019-06-28 13:56:00.000000000,IMBALANCE,"[592, 455]"
2019-06-28 13:57:00.000000000,BID_DEPTH,"[(100787, 198)]"
2019-06-28 13:57:00.000000000,ASK_DEPTH,"[(100918, 261)]"
2019-06-28 13:57:00.000000000,IMBALANCE,"[198, 261]"
2019-06-28 13:58:00.000000000,BID_DEPTH,"[(100831, 198)]"
2019-06-28 13:58:00.000000000,ASK_DEPTH,"[(100918, 124)]"
2019-06-28 13:58:00.000000000,IMBALANCE,"[198, 124]"
2019-06-28 13:59:00.000000000,BID_DEPTH,"[(100831, 592)]"
2019-06-28 13:59:00.000000000,ASK_DEPTH,"[(100917, 455)]"
2019-06-28 13:59:00.000000000,IMBALANCE,"[592, 455]"
2019-06-28 14:00:00.000000000,BID_DEPTH,"[(100787, 223)]"
2019-06-28 14:00:00.000000000,ASK_DEPTH,"[(100917, 86)]"
2019-06-28 14:00:00.000000000,IMBALANCE,"[223, 86]"
2019-06-28 14:01:00.000000000,BID_DEPTH,"[(100787, 346)]"
2019-06-28 14:01:00.000000000,ASK_DEPTH,"[(100944, 209)]"
2019-06-28 14:01:00.000000000,IMBALANCE,"[346, 209]"
2019-06-28 14:02:00.000000000,BID_DEPTH,"[(100787, 592)]"
2019-06-28 14:02:00.000000000,ASK_DEPTH,"[(100950, 455)]"
2019-06-28 14:02:00.000000000,IMBALANCE,"[592, 455]"
2019-06-28 14:03:00.000000000,BID_DEPTH,"[(100787, 223)]"
2019-06-28 14:03:00.000000000,ASK_DEPTH,"[(101008, 86)]"
2019-06-28 14:03:00.000000000,IMBALANCE,"[223, 86]"
2019-06-28 14:04:00.000000000,BID_DEPTH,"[(100749, 346)]"
2019-06-28 14:04:00.000000000,ASK_DEPTH,"[(101008, 209)]"
2019-06-28 14:04:00.000000000,IMBALANCE,"[346, 209]"
2019-06-28 14:05:00.000000000,BID_DEPTH,"[(100648, 198)]"
2019-06-28 14:05:00.000000000,ASK_DEPTH,"[(101167, 61)]"
2019-06-28 14:05:00.000000000,IMBALANCE,"[198, 61]"
2019-06-28 14:06:00.000000000,BID_DEPTH,"[(100511, 346)]"
2019-06-28 14:06:00.000000000,ASK_DEPTH,"[(101422, 135)]"
2019-06-28 14:06:00.000000000,IMBALANCE,"[346, 135]"
2019-06-28 14:07:00.000000000,BID_DEPTH,"[(100494, 346)]"
2019-06-28 14:07:00.000000000,ASK_DEPTH,"[(101541, 209)]"
2019-06-28 14:07:00.000000000,IMBALANCE,"[346, 209]"
2019-06-28 14:08:00.000000000,BID_DEPTH,"[(100494, 267)]"
2019-06-28 14:08:00.000000000,ASK_DEPTH,"[(101582, 130)]"
2019-06-28 14:08:00.000000000,IMBALANCE,"[267, 130]"
2019-06-28 14:09:00.000000000,BID_DEPTH,"[(99720, 100)]"
2019-06-28 14:09:00.000000000,ASK_DEPTH,[]
2019-06-28 14:09:00.000000000,IMBALANCE,"[100, 0]"
2019-06-28 14:10:00.000000000,BID_DEPTH,"[(99642, 592)]"
2019-06-28 14:10:00.000000000,ASK_DEPTH,"[(99681, 455)]"
2019-06-28 14:10:00.000000000,IMBALANCE,"[592, 455]"
2019-06-28 14:11:00.000000000,BID_DEPTH,"[(99594, 100)]"
2019-06-28 14:11:00.000000000,ASK_DEPTH,[]
2019-06-28 14:11:00.000000000,IMBALANCE,"[100, 0]"
2019-06-28 14:12:00.000000000,BID_DEPTH,"[(99392, 223)]"
2019-06-28 14:12:00.000000000,ASK_DEPTH,"[(99594, 86)]"
2019-06-28 14:12:00.000000000,IMBALANCE,"[223, 86]"
2019-06-28 14:12:00.000000000,HOLDINGS_UPDATED,"{'CASH': 11280988, 'JPM': -12}"
2019-06-28 14:13:00.000000000,BID_DEPTH,"[(99392, 223)]"
2019-06-28 14:13:00.000000000,ASK_DEPTH,"[(99594, 86)]"
2019-06-28 14:13:00.000000000,IMBALANCE,"[223, 86]"
2019-06-28 14:13:00.000000000,HOLDINGS_UPDATED,"{'CASH': 11081800, 'JPM': -10}"
2019-06-28 14:14:00.000000000,BID_DEPTH,"[(99392, 100)]"
2019-06-28 14:14:00.000000000,ASK_DEPTH,[]
2019-06-28 14:14:00.000000000,IMBALANCE,"[100, 0]"
2019-06-28 14:15:00.000000000,BID_DEPTH,"[(99456, 223)]"
2019-06-28 14:15:00.000000000,ASK_DEPTH,"[(99825, 86)]"
2019-06-28 14:15:00.000000000,IMBALANCE,"[223, 86]"
2019-06-28 14:16:00.000000000,BID_DEPTH,"[(99288, 130)]"
2019-06-28 14:16:00.000000000,ASK_DEPTH,"[(99456, 267)]"
2019-06-28 14:16:00.000000000,IMBALANCE,"[130, 267]"
2019-06-28 14:17:00.000000000,HOLDINGS_UPDATED,"{'CASH': 10883224, 'JPM': -8}"
2019-06-28 14:17:00.000000000,BID_DEPTH,"[(99288, 457)]"
2019-06-28 14:17:00.000000000,ASK_DEPTH,"[(99341, 592)]"
2019-06-28 14:17:00.000000000,IMBALANCE,"[457, 592]"
2019-06-28 14:17:53.320383788,HOLDINGS_UPDATED,"{'CASH': 10684648, 'JPM': -6}"
2019-06-28 14:18:00.000000000,BID_DEPTH,"[(99226, 61)]"
2019-06-28 14:18:00.000000000,ASK_DEPTH,"[(99341, 198)]"
2019-06-28 14:18:00.000000000,IMBALANCE,"[61, 198]"
2019-06-28 14:18:50.447927123,HOLDINGS_UPDATED,"{'CASH': 10486196, 'JPM': -4}"
2019-06-28 14:19:00.000000000,BID_DEPTH,"[(99225, 61)]"
2019-06-28 14:19:00.000000000,ASK_DEPTH,"[(99341, 198)]"
2019-06-28 14:19:00.000000000,IMBALANCE,"[61, 198]"
2019-06-28 14:19:02.300881367,HOLDINGS_UPDATED,"{'CASH': 10287746, 'JPM': -2}"
2019-06-28 14:20:00.000000000,BID_DEPTH,"[(99140, 209)]"
2019-06-28 14:20:00.000000000,ASK_DEPTH,"[(99225, 283)]"
2019-06-28 14:20:00.000000000,IMBALANCE,"[209, 283]"
2019-06-28 14:20:24.825308802,HOLDINGS_UPDATED,{'CASH': 10089466}
2019-06-28 14:21:00.000000000,BID_DEPTH,"[(99021, 130)]"
2019-06-28 14:21:00.000000000,ASK_DEPTH,"[(99225, 204)]"
2019-06-28 14:21:00.000000000,IMBALANCE,"[130, 204]"
2019-06-28 14:22:00.000000000,HOLDINGS_UPDATED,"{'CASH': 9891424, 'JPM': 2}"
2019-06-28 14:22:00.000000000,BID_DEPTH,"[(99021, 457)]"
2019-06-28 14:22:00.000000000,ASK_DEPTH,"[(99341, 592)]"
2019-06-28 14:22:00.000000000,IMBALANCE,"[457, 592]"
2019-06-28 14:23:00.000000000,HOLDINGS_UPDATED,"{'CASH': 9693382, 'JPM': 4}"
2019-06-28 14:23:00.000000000,BID_DEPTH,"[(99021, 32)]"
2019-06-28 14:23:00.000000000,ASK_DEPTH,"[(99341, 267)]"
2019-06-28 14:23:00.000000000,IMBALANCE,"[32, 267]"
2019-06-28 14:24:00.000000000,BID_DEPTH,"[(99772, 130)]"
2019-06-28 14:24:00.000000000,ASK_DEPTH,"[(99904, 267)]"
2019-06-28 14:24:00.000000000,IMBALANCE,"[130, 267]"
2019-06-28 14:25:00.000000000,BID_DEPTH,"[(99772, 130)]"
2019-06-28 14:25:00.000000000,ASK_DEPTH,"[(99860, 267)]"
2019-06-28 14:25:00.000000000,IMBALANCE,"[130, 267]"
2019-06-28 14:26:00.000000000,BID_DEPTH,"[(99540, 130)]"
2019-06-28 14:26:00.000000000,ASK_DEPTH,"[(99904, 267)]"
2019-06-28 14:26:00.000000000,IMBALANCE,"[130, 267]"
2019-06-28 14:27:00.000000000,BID_DEPTH,"[(99509, 130)]"
2019-06-28 14:27:00.000000000,ASK_DEPTH,"[(99964, 267)]"
2019-06-28 14:27:00.000000000,IMBALANCE,"[130, 267]"
2019-06-28 14:28:00.000000000,BID_DEPTH,"[(99509, 209)]"
2019-06-28 14:28:00.000000000,ASK_DEPTH,"[(99964, 346)]"
2019-06-28 14:28:00.000000000,IMBALANCE,"[209, 346]"
2019-06-28 14:29:00.000000000,BID_DEPTH,"[(99509, 209)]"
2019-06-28 14:29:00.000000000,ASK_DEPTH,"[(100048, 346)]"
2019-06-28 14:29:00.000000000,IMBALANCE,"[209, 346]"
2019-06-28 14:30:00.000000000,BID_DEPTH,"[(99417, 209)]"
2019-06-28 14:30:00.000000000,ASK_DEPTH,"[(100048, 346)]"
2019-06-28 14:30:00.000000000,IMBALANCE,"[209, 346]"
2019-06-28 14:31:00.000000000,BID_DEPTH,"[(99700, 61)]"
2019-06-28 14:31:00.000000000,ASK_DEPTH,"[(100048, 198)]"
2019-06-28 14:31:00.000000000,IMBALANCE,"[61, 198]"
2019-06-28 14:32:00.000000000,BID_DEPTH,"[(99417, 61)]"
2019-06-28 14:32:00.000000000,ASK_DEPTH,"[(99700, 198)]"
2019-06-28 14:32:00.000000000,IMBALANCE,"[61, 198]"
2019-06-28 14:33:00.000000000,BID_DEPTH,"[(99398, 61)]"
2019-06-28 14:33:00.000000000,ASK_DEPTH,"[(99700, 198)]"
2019-06-28 14:33:00.000000000,IMBALANCE,"[61, 198]"
2019-06-28 14:34:00.000000000,HOLDINGS_UPDATED,"{'CASH': 9495340, 'JPM': 6}"
2019-06-28 14:34:00.000000000,BID_DEPTH,"[(99021, 111)]"
2019-06-28 14:34:00.000000000,ASK_DEPTH,"[(99398, 346)]"
2019-06-28 14:34:00.000000000,IMBALANCE,"[111, 346]"
2019-06-28 14:35:00.000000000,BID_DEPTH,"[(98646, 209)]"
2019-06-28 14:35:00.000000000,ASK_DEPTH,"[(98879, 346)]"
2019-06-28 14:35:00.000000000,IMBALANCE,"[209, 346]"
2019-06-28 14:36:00.000000000,BID_DEPTH,"[(98676, 209)]"
2019-06-28 14:36:00.000000000,ASK_DEPTH,"[(98879, 346)]"
2019-06-28 14:36:00.000000000,IMBALANCE,"[209, 346]"
2019-06-28 14:37:00.000000000,BID_DEPTH,"[(98677, 130)]"
2019-06-28 14:37:00.000000000,ASK_DEPTH,"[(99253, 267)]"
2019-06-28 14:37:00.000000000,IMBALANCE,"[130, 267]"
2019-06-28 14:38:00.000000000,BID_DEPTH,"[(99028, 61)]"
2019-06-28 14:38:00.000000000,ASK_DEPTH,"[(99253, 198)]"
2019-06-28 14:38:00.000000000,IMBALANCE,"[61, 198]"
2019-06-28 14:39:00.000000000,BID_DEPTH,"[(99028, 130)]"
2019-06-28 14:39:00.000000000,ASK_DEPTH,"[(99398, 267)]"
2019-06-28 14:39:00.000000000,IMBALANCE,"[130, 267]"
2019-06-28 14:40:00.000000000,BID_DEPTH,"[(99028, 209)]"
2019-06-28 14:40:00.000000000,ASK_DEPTH,"[(99466, 346)]"
2019-06-28 14:40:00.000000000,IMBALANCE,"[209, 346]"
2019-06-28 14:41:00.000000000,BID_DEPTH,"[(98677, 309)]"
2019-06-28 14:41:00.000000000,ASK_DEPTH,"[(100002, 346)]"
2019-06-28 14:41:00.000000000,IMBALANCE,"[309, 346]"
2019-06-28 14:42:00.000000000,BID_DEPTH,"[(98677, 124)]"
2019-06-28 14:42:00.000000000,ASK_DEPTH,"[(100011, 198)]"
2019-06-28 14:42:00.000000000,IMBALANCE,"[124, 198]"
2019-06-28 14:43:00.000000000,BID_DEPTH,"[(100305, 61)]"
2019-06-28 14:43:00.000000000,ASK_DEPTH,"[(100403, 198)]"
2019-06-28 14:43:00.000000000,IMBALANCE,"[61, 198]"
2019-06-28 14:44:00.000000000,BID_DEPTH,"[(100338, 455)]"
2019-06-28 14:44:00.000000000,ASK_DEPTH,"[(100403, 592)]"
2019-06-28 14:44:00.000000000,IMBALANCE,"[455, 592]"
2019-06-28 14:45:00.000000000,BID_DEPTH,"[(100305, 86)]"
2019-06-28 14:45:00.000000000,ASK_DEPTH,"[(100454, 223)]"
2019-06-28 14:45:00.000000000,IMBALANCE,"[86, 223]"
2019-06-28 14:46:00.000000000,BID_DEPTH,"[(100011, 111)]"
2019-06-28 14:46:00.000000000,ASK_DEPTH,"[(100454, 346)]"
2019-06-28 14:46:00.000000000,IMBALANCE,"[111, 346]"
2019-06-28 14:47:00.000000000,BID_DEPTH,"[(99965, 130)]"
2019-06-28 14:47:00.000000000,ASK_DEPTH,"[(100497, 267)]"
2019-06-28 14:47:00.000000000,IMBALANCE,"[130, 267]"
2019-06-28 14:48:00.000000000,BID_DEPTH,"[(100347, 130)]"
2019-06-28 14:48:00.000000000,ASK_DEPTH,"[(100655, 267)]"
2019-06-28 14:48:00.000000000,IMBALANCE,"[130, 267]"
2019-06-28 14:49:00.000000000,BID_DEPTH,"[(100387, 209)]"
2019-06-28 14:49:00.000000000,ASK_DEPTH,"[(100655, 346)]"
2019-06-28 14:49:00.000000000,IMBALANCE,"[209, 346]"
2019-06-28 14:50:00.000000000,BID_DEPTH,"[(100446, 130)]"
2019-06-28 14:50:00.000000000,ASK_DEPTH,"[(100618, 267)]"
2019-06-28 14:50:00.000000000,IMBALANCE,"[130, 267]"
2019-06-28 14:51:00.000000000,BID_DEPTH,"[(100347, 209)]"
2019-06-28 14:51:00.000000000,ASK_DEPTH,"[(100659, 346)]"
2019-06-28 14:51:00.000000000,IMBALANCE,"[209, 346]"
2019-06-28 14:52:00.000000000,BID_DEPTH,"[(100347, 161)]"
2019-06-28 14:52:00.000000000,ASK_DEPTH,"[(100816, 198)]"
2019-06-28 14:52:00.000000000,IMBALANCE,"[161, 198]"
2019-06-28 14:53:00.000000000,BID_DEPTH,"[(100347, 49)]"
2019-06-28 14:53:00.000000000,ASK_DEPTH,"[(100831, 223)]"
2019-06-28 14:53:00.000000000,IMBALANCE,"[49, 223]"
2019-06-28 14:54:00.000000000,BID_DEPTH,"[(100256, 346)]"
2019-06-28 14:54:00.000000000,ASK_DEPTH,"[(100643, 209)]"
2019-06-28 14:54:00.000000000,IMBALANCE,"[346, 209]"
2019-06-28 14:55:00.000000000,BID_DEPTH,"[(100203, 198)]"
2019-06-28 14:55:00.000000000,ASK_DEPTH,"[(100643, 61)]"
2019-06-28 14:55:00.000000000,IMBALANCE,"[198, 61]"
2019-06-28 14:56:00.000000000,BID_DEPTH,"[(99965, 346)]"
2019-06-28 14:56:00.000000000,ASK_DEPTH,"[(100642, 209)]"
2019-06-28 14:56:00.000000000,IMBALANCE,"[346, 209]"
2019-06-28 14:57:00.000000000,BID_DEPTH,"[(99950, 198)]"
2019-06-28 14:57:00.000000000,ASK_DEPTH,"[(100643, 161)]"
2019-06-28 14:57:00.000000000,IMBALANCE,"[198, 161]"
2019-06-28 14:58:00.000000000,BID_DEPTH,"[(99950, 592)]"
2019-06-28 14:58:00.000000000,ASK_DEPTH,"[(100070, 455)]"
2019-06-28 14:58:00.000000000,IMBALANCE,"[592, 455]"
2019-06-28 14:59:00.000000000,BID_DEPTH,"[(100209, 223)]"
2019-06-28 14:59:00.000000000,ASK_DEPTH,"[(100643, 149)]"
2019-06-28 14:59:00.000000000,IMBALANCE,"[223, 149]"
2019-06-28 15:00:00.000000000,BID_DEPTH,"[(100209, 267)]"
2019-06-28 15:00:00.000000000,ASK_DEPTH,"[(100831, 130)]"
2019-06-28 15:00:00.000000000,IMBALANCE,"[267, 130]"
2019-06-28 15:01:00.000000000,BID_DEPTH,"[(100643, 592)]"
2019-06-28 15:01:00.000000000,ASK_DEPTH,"[(100831, 555)]"
2019-06-28 15:01:00.000000000,IMBALANCE,"[592, 555]"
2019-06-28 15:02:00.000000000,BID_DEPTH,"[(100492, 592)]"
2019-06-28 15:02:00.000000000,ASK_DEPTH,"[(100830, 455)]"
2019-06-28 15:02:00.000000000,IMBALANCE,"[592, 455]"
2019-06-28 15:03:00.000000000,BID_DEPTH,"[(100492, 346)]"
2019-06-28 15:03:00.000000000,ASK_DEPTH,"[(100830, 209)]"
2019-06-28 15:03:00.000000000,IMBALANCE,"[346, 209]"
2019-06-28 15:04:00.000000000,BID_DEPTH,"[(100492, 267)]"
2019-06-28 15:04:00.000000000,ASK_DEPTH,"[(100830, 130)]"
2019-06-28 15:04:00.000000000,IMBALANCE,"[267, 130]"
2019-06-28 15:05:00.000000000,BID_DEPTH,"[(100209, 267)]"
2019-06-28 15:05:00.000000000,ASK_DEPTH,"[(100830, 130)]"
2019-06-28 15:05:00.000000000,IMBALANCE,"[267, 130]"
2019-06-28 15:06:00.000000000,BID_DEPTH,"[(100665, 592)]"
2019-06-28 15:06:00.000000000,ASK_DEPTH,"[(100830, 555)]"
2019-06-28 15:06:00.000000000,IMBALANCE,"[592, 555]"
2019-06-28 15:07:00.000000000,BID_DEPTH,"[(100270, 223)]"
2019-06-28 15:07:00.000000000,ASK_DEPTH,"[(100385, 86)]"
2019-06-28 15:07:00.000000000,IMBALANCE,"[223, 86]"
2019-06-28 15:08:00.000000000,BID_DEPTH,"[(100270, 223)]"
2019-06-28 15:08:00.000000000,ASK_DEPTH,"[(100435, 86)]"
2019-06-28 15:08:00.000000000,IMBALANCE,"[223, 86]"
2019-06-28 15:09:00.000000000,BID_DEPTH,"[(100270, 346)]"
2019-06-28 15:09:00.000000000,ASK_DEPTH,"[(100450, 209)]"
2019-06-28 15:09:00.000000000,IMBALANCE,"[346, 209]"
2019-06-28 15:10:00.000000000,BID_DEPTH,"[(100270, 198)]"
2019-06-28 15:10:00.000000000,ASK_DEPTH,"[(100736, 61)]"
2019-06-28 15:10:00.000000000,IMBALANCE,"[198, 61]"
2019-06-28 15:11:00.000000000,BID_DEPTH,"[(100430, 223)]"
2019-06-28 15:11:00.000000000,ASK_DEPTH,"[(100443, 86)]"
2019-06-28 15:11:00.000000000,IMBALANCE,"[223, 86]"
2019-06-28 15:12:00.000000000,BID_DEPTH,"[(100270, 198)]"
2019-06-28 15:12:00.000000000,ASK_DEPTH,"[(100305, 61)]"
2019-06-28 15:12:00.000000000,IMBALANCE,"[198, 61]"
2019-06-28 15:13:00.000000000,BID_DEPTH,"[(100305, 137)]"
2019-06-28 15:13:00.000000000,ASK_DEPTH,"[(100545, 61)]"
2019-06-28 15:13:00.000000000,IMBALANCE,"[137, 61]"
2019-06-28 15:14:00.000000000,BID_DEPTH,"[(100305, 137)]"
2019-06-28 15:14:00.000000000,ASK_DEPTH,"[(100545, 61)]"
2019-06-28 15:14:00.000000000,IMBALANCE,"[137, 61]"
2019-06-28 15:15:00.000000000,BID_DEPTH,"[(100384, 346)]"
2019-06-28 15:15:00.000000000,ASK_DEPTH,"[(100462, 209)]"
2019-06-28 15:15:00.000000000,IMBALANCE,"[346, 209]"
2019-06-28 15:16:00.000000000,BID_DEPTH,"[(100270, 223)]"
2019-06-28 15:16:00.000000000,ASK_DEPTH,"[(100830, 49)]"
2019-06-28 15:16:00.000000000,IMBALANCE,"[223, 49]"
2019-06-28 15:17:00.000000000,BID_DEPTH,"[(100410, 592)]"
2019-06-28 15:17:00.000000000,ASK_DEPTH,"[(100616, 455)]"
2019-06-28 15:17:00.000000000,IMBALANCE,"[592, 455]"
2019-06-28 15:18:00.000000000,BID_DEPTH,"[(100410, 592)]"
2019-06-28 15:18:00.000000000,ASK_DEPTH,"[(100830, 455)]"
2019-06-28 15:18:00.000000000,IMBALANCE,"[592, 455]"
2019-06-28 15:19:00.000000000,BID_DEPTH,"[(100270, 346)]"
2019-06-28 15:19:00.000000000,ASK_DEPTH,"[(100643, 209)]"
2019-06-28 15:19:00.000000000,IMBALANCE,"[346, 209]"
2019-06-28 15:20:00.000000000,BID_DEPTH,"[(100285, 198)]"
2019-06-28 15:20:00.000000000,ASK_DEPTH,"[(100351, 61)]"
2019-06-28 15:20:00.000000000,IMBALANCE,"[198, 61]"
2019-06-28 15:21:00.000000000,BID_DEPTH,"[(100285, 267)]"
2019-06-28 15:21:00.000000000,ASK_DEPTH,"[(100351, 330)]"
2019-06-28 15:21:00.000000000,IMBALANCE,"[267, 330]"
2019-06-28 15:22:00.000000000,BID_DEPTH,"[(100270, 267)]"
2019-06-28 15:22:00.000000000,ASK_DEPTH,"[(100351, 193)]"
2019-06-28 15:22:00.000000000,IMBALANCE,"[267, 193]"
2019-06-28 15:23:00.000000000,BID_DEPTH,"[(100189, 198)]"
2019-06-28 15:23:00.000000000,ASK_DEPTH,"[(100351, 87)]"
2019-06-28 15:23:00.000000000,IMBALANCE,"[198, 87]"
2019-06-28 15:24:00.000000000,BID_DEPTH,"[(99883, 346)]"
2019-06-28 15:24:00.000000000,ASK_DEPTH,"[(100643, 209)]"
2019-06-28 15:24:00.000000000,IMBALANCE,"[346, 209]"
2019-06-28 15:25:00.000000000,BID_DEPTH,"[(99740, 267)]"
2019-06-28 15:25:00.000000000,ASK_DEPTH,"[(100830, 130)]"
2019-06-28 15:25:00.000000000,IMBALANCE,"[267, 130]"
2019-06-28 15:26:00.000000000,HOLDINGS_UPDATED,"{'CASH': 9697002, 'JPM': 4}"
2019-06-28 15:26:00.000000000,BID_DEPTH,"[(99595, 592)]"
2019-06-28 15:26:00.000000000,ASK_DEPTH,"[(100831, 357)]"
2019-06-28 15:26:00.000000000,IMBALANCE,"[592, 357]"
2019-06-28 15:27:00.000000000,BID_DEPTH,"[(99293, 592)]"
2019-06-28 15:27:00.000000000,ASK_DEPTH,"[(100831, 455)]"
2019-06-28 15:27:00.000000000,IMBALANCE,"[592, 455]"
2019-06-28 15:28:00.000000000,BID_DEPTH,"[(99243, 198)]"
2019-06-28 15:28:00.000000000,ASK_DEPTH,"[(100844, 61)]"
2019-06-28 15:28:00.000000000,IMBALANCE,"[198, 61]"
2019-06-28 15:29:00.000000000,BID_DEPTH,"[(98924, 130)]"
2019-06-28 15:29:00.000000000,ASK_DEPTH,"[(100991, 267)]"
2019-06-28 15:29:00.000000000,IMBALANCE,"[130, 267]"
2019-06-28 15:30:00.000000000,BID_DEPTH,"[(98821, 209)]"
2019-06-28 15:30:00.000000000,ASK_DEPTH,"[(100991, 346)]"
2019-06-28 15:30:00.000000000,IMBALANCE,"[209, 346]"
2019-06-28 15:30:12.152939754,HOLDINGS_UPDATED,"{'CASH': 9499360, 'JPM': 6}"
2019-06-28 15:30:30.407165620,HOLDINGS_UPDATED,"{'CASH': 9302008, 'JPM': 8}"
2019-06-28 15:31:00.000000000,BID_DEPTH,"[(98665, 455)]"
2019-06-28 15:31:00.000000000,ASK_DEPTH,"[(98676, 590)]"
2019-06-28 15:31:00.000000000,IMBALANCE,"[455, 590]"
2019-06-28 15:31:34.532250908,HOLDINGS_UPDATED,"{'CASH': 9104678, 'JPM': 10}"
2019-06-28 15:32:00.000000000,HOLDINGS_UPDATED,"{'CASH': 8907386, 'JPM': 12}"
2019-06-28 15:32:00.000000000,BID_DEPTH,"[(98646, 32)]"
2019-06-28 15:32:00.000000000,ASK_DEPTH,"[(98665, 267)]"
2019-06-28 15:32:00.000000000,IMBALANCE,"[32, 267]"
2019-06-28 15:32:19.149474180,HOLDINGS_UPDATED,"{'CASH': 8710094, 'JPM': 14}"
2019-06-28 15:33:00.000000000,BID_DEPTH,"[(98570, 61)]"
2019-06-28 15:33:00.000000000,ASK_DEPTH,"[(98646, 198)]"
2019-06-28 15:33:00.000000000,IMBALANCE,"[61, 198]"
2019-06-28 15:34:00.000000000,HOLDINGS_UPDATED,"{'CASH': 8512954, 'JPM': 16}"
2019-06-28 15:34:00.000000000,BID_DEPTH,"[(98570, 32)]"
2019-06-28 15:34:00.000000000,ASK_DEPTH,"[(98665, 267)]"
2019-06-28 15:34:00.000000000,IMBALANCE,"[32, 267]"
2019-06-28 15:35:00.000000000,BID_DEPTH,"[(98665, 61)]"
2019-06-28 15:35:00.000000000,ASK_DEPTH,"[(98947, 198)]"
2019-06-28 15:35:00.000000000,IMBALANCE,"[61, 198]"
2019-06-28 15:36:00.000000000,HOLDINGS_UPDATED,"{'CASH': 8315624, 'JPM': 18}"
2019-06-28 15:36:00.000000000,HOLDINGS_UPDATED,"{'CASH': 8118484, 'JPM': 20}"
2019-06-28 15:36:00.000000000,BID_DEPTH,"[(98570, 68)]"
2019-06-28 15:36:00.000000000,ASK_DEPTH,"[(98665, 5)]"
2019-06-28 15:36:00.000000000,IMBALANCE,"[68, 5]"
2019-06-28 15:37:00.000000000,BID_DEPTH,"[(98666, 230)]"
2019-06-28 15:37:00.000000000,ASK_DEPTH,"[(101116, 267)]"
2019-06-28 15:37:00.000000000,IMBALANCE,"[230, 267]"
2019-06-28 15:38:00.000000000,BID_DEPTH,"[(99950, 86)]"
2019-06-28 15:38:00.000000000,ASK_DEPTH,"[(100515, 223)]"
2019-06-28 15:38:00.000000000,IMBALANCE,"[86, 223]"
2019-06-28 15:39:00.000000000,BID_DEPTH,"[(98666, 418)]"
2019-06-28 15:39:00.000000000,ASK_DEPTH,"[(99842, 592)]"
2019-06-28 15:39:00.000000000,IMBALANCE,"[418, 592]"
2019-06-28 15:40:00.000000000,BID_DEPTH,"[(98666, 161)]"
2019-06-28 15:40:00.000000000,ASK_DEPTH,"[(99842, 198)]"
2019-06-28 15:40:00.000000000,IMBALANCE,"[161, 198]"
2019-06-28 15:41:00.000000000,BID_DEPTH,"[(99512, 61)]"
2019-06-28 15:41:00.000000000,ASK_DEPTH,"[(99684, 198)]"
2019-06-28 15:41:00.000000000,IMBALANCE,"[61, 198]"
2019-06-28 15:42:00.000000000,BID_DEPTH,"[(99188, 61)]"
2019-06-28 15:42:00.000000000,ASK_DEPTH,"[(99684, 198)]"
2019-06-28 15:42:00.000000000,IMBALANCE,"[61, 198]"
2019-06-28 15:43:00.000000000,BID_DEPTH,"[(98666, 293)]"
2019-06-28 15:43:00.000000000,ASK_DEPTH,"[(100192, 267)]"
2019-06-28 15:43:00.000000000,IMBALANCE,"[293, 267]"
2019-06-28 15:44:00.000000000,BID_DEPTH,"[(98666, 187)]"
2019-06-28 15:44:00.000000000,ASK_DEPTH,"[(100192, 198)]"
2019-06-28 15:44:00.000000000,IMBALANCE,"[187, 198]"
2019-06-28 15:45:00.000000000,BID_DEPTH,"[(100062, 455)]"
2019-06-28 15:45:00.000000000,ASK_DEPTH,"[(100192, 592)]"
2019-06-28 15:45:00.000000000,IMBALANCE,"[455, 592]"
2019-06-28 15:46:00.000000000,BID_DEPTH,"[(100062, 61)]"
2019-06-28 15:46:00.000000000,ASK_DEPTH,"[(100226, 198)]"
2019-06-28 15:46:00.000000000,IMBALANCE,"[61, 198]"
2019-06-28 15:47:00.000000000,BID_DEPTH,"[(100226, 455)]"
2019-06-28 15:47:00.000000000,ASK_DEPTH,"[(100372, 592)]"
2019-06-28 15:47:00.000000000,IMBALANCE,"[455, 592]"
2019-06-28 15:48:00.000000000,BID_DEPTH,"[(100063, 130)]"
2019-06-28 15:48:00.000000000,ASK_DEPTH,"[(100404, 267)]"
2019-06-28 15:48:00.000000000,IMBALANCE,"[130, 267]"
2019-06-28 15:49:00.000000000,BID_DEPTH,"[(98666, 130)]"
2019-06-28 15:49:00.000000000,ASK_DEPTH,"[(100404, 267)]"
2019-06-28 15:49:00.000000000,IMBALANCE,"[130, 267]"
2019-06-28 15:50:00.000000000,HOLDINGS_UPDATED,"{'CASH': 7921344, 'JPM': 22}"
2019-06-28 15:50:00.000000000,BID_DEPTH,"[(98543, 217)]"
2019-06-28 15:50:00.000000000,ASK_DEPTH,"[(98570, 6)]"
2019-06-28 15:50:00.000000000,IMBALANCE,"[217, 6]"
2019-06-28 15:51:00.000000000,BID_DEPTH,"[(99436, 86)]"
2019-06-28 15:51:00.000000000,ASK_DEPTH,"[(100404, 223)]"
2019-06-28 15:51:00.000000000,IMBALANCE,"[86, 223]"
2019-06-28 15:52:00.000000000,BID_DEPTH,"[(99436, 209)]"
2019-06-28 15:52:00.000000000,ASK_DEPTH,"[(99621, 346)]"
2019-06-28 15:52:00.000000000,IMBALANCE,"[209, 346]"
2019-06-28 15:53:00.000000000,BID_DEPTH,"[(98570, 124)]"
2019-06-28 15:53:00.000000000,ASK_DEPTH,"[(98681, 267)]"
2019-06-28 15:53:00.000000000,IMBALANCE,"[124, 267]"
2019-06-28 15:53:44.512099743,HOLDINGS_UPDATED,"{'CASH': 7724204, 'JPM': 24}"
2019-06-28 15:54:00.000000000,BID_DEPTH,"[(98544, 86)]"
2019-06-28 15:54:00.000000000,ASK_DEPTH,"[(98670, 223)]"
2019-06-28 15:54:00.000000000,IMBALANCE,"[86, 223]"
2019-06-28 15:54:10.664304114,HOLDINGS_UPDATED,"{'CASH': 7527116, 'JPM': 26}"
2019-06-28 15:54:35.101667005,HOLDINGS_UPDATED,"{'CASH': 7330030, 'JPM': 28}"
2019-06-28 15:55:00.000000000,BID_DEPTH,"[(98291, 455)]"
2019-06-28 15:55:00.000000000,ASK_DEPTH,"[(98670, 592)]"
2019-06-28 15:55:00.000000000,IMBALANCE,"[455, 592]"
2019-06-28 15:55:00.000000000,HOLDINGS_UPDATED,{'CASH': 10082178}
2019-06-28 15:56:00.000000000,BID_DEPTH,"[(98289, 209)]"
2019-06-28 15:56:00.000000000,ASK_DEPTH,"[(98670, 346)]"
2019-06-28 15:56:00.000000000,IMBALANCE,"[209, 346]"
2019-06-28 15:57:00.000000000,BID_DEPTH,"[(98290, 455)]"
2019-06-28 15:57:00.000000000,ASK_DEPTH,"[(99274, 525)]"
2019-06-28 15:57:00.000000000,IMBALANCE,"[455, 525]"
2019-06-28 15:58:00.000000000,BID_DEPTH,"[(98790, 86)]"
2019-06-28 15:58:00.000000000,ASK_DEPTH,"[(98949, 223)]"
2019-06-28 15:58:00.000000000,IMBALANCE,"[86, 223]"
2019-06-28 15:59:00.000000000,BID_DEPTH,"[(98503, 455)]"
2019-06-28 15:59:00.000000000,ASK_DEPTH,"[(98790, 592)]"
2019-06-28 15:59:00.000000000,IMBALANCE,"[455, 592]"
2019-06-28 16:00:00.000000000,BID_DEPTH,"[(98289, 209)]"
2019-06-28 16:00:00.000000000,ASK_DEPTH,"[(99183, 346)]"
2019-06-28 16:00:00.000000000,IMBALANCE,"[209, 346]"
2019-06-28 16:01:00.000000000,BID_DEPTH,"[(98289, 209)]"
2019-06-28 16:01:00.000000000,ASK_DEPTH,"[(99183, 346)]"
2019-06-28 16:01:00.000000000,IMBALANCE,"[209, 346]"
2019-06-28 16:01:00.000000000,FINAL_HOLDINGS,{ CASH: 10082178 }
2019-06-28 16:01:00.000000000,FINAL_CASH_POSITION,10082178
2019-06-28 16:01:00.000000000,MARKED_TO_MARKET,10082178
2019-06-28 16:01:00.000000000,ENDING_CASH,10082178
