EventTime,EventType,Event
,AGENT_TYPE,MomentumAgent
,STARTING_CASH,10000000
2019-06-28 09:30:00,HOLDINGS_UPDATED,{'CASH': 10000000}
2019-06-28 09:31:00,BID_DEPTH,"[(99988, 518)]"
2019-06-28 09:31:00,ASK_DEPTH,"[(99998, 518)]"
2019-06-28 09:31:00,IMBALANCE,"[518, 518]"
2019-06-28 09:32:00,BID_DEPTH,"[(99995, 518)]"
2019-06-28 09:32:00,ASK_DEPTH,"[(100025, 618)]"
2019-06-28 09:32:00,IMBALANCE,"[518, 618]"
2019-06-28 09:33:00,BID_DEPTH,"[(99995, 204)]"
2019-06-28 09:33:00,ASK_DEPTH,"[(100025, 304)]"
2019-06-28 09:33:00,IMBALANCE,"[204, 304]"
2019-06-28 09:34:00,BID_DEPTH,"[(100004, 184)]"
2019-06-28 09:34:00,ASK_DEPTH,"[(100025, 184)]"
2019-06-28 09:34:00,IMBALANCE,"[184, 184]"
2019-06-28 09:35:00,BID_DEPTH,"[(100005, 184)]"
2019-06-28 09:35:00,ASK_DEPTH,"[(100025, 184)]"
2019-06-28 09:35:00,IMBALANCE,"[184, 184]"
2019-06-28 09:36:00,BID_DEPTH,"[(100005, 409)]"
2019-06-28 09:36:00,ASK_DEPTH,"[(100025, 309)]"
2019-06-28 09:36:00,IMBALANCE,"[409, 309]"
2019-06-28 09:37:00,BID_DEPTH,"[(100005, 304)]"
2019-06-28 09:37:00,ASK_DEPTH,"[(100036, 204)]"
2019-06-28 09:37:00,IMBALANCE,"[304, 204]"
2019-06-28 09:38:00,BID_DEPTH,"[(100036, 184)]"
2019-06-28 09:38:00,ASK_DEPTH,"[(100041, 184)]"
2019-06-28 09:38:00,IMBALANCE,"[184, 184]"
2019-06-28 09:39:00,BID_DEPTH,"[(100036, 518)]"
2019-06-28 09:39:00,ASK_DEPTH,"[(100059, 518)]"
2019-06-28 09:39:00,IMBALANCE,"[518, 518]"
2019-06-28 09:40:00,BID_DEPTH,"[(100047, 204)]"
2019-06-28 09:40:00,ASK_DEPTH,"[(100073, 204)]"
2019-06-28 09:40:00,IMBALANCE,"[204, 204]"
2019-06-28 09:41:00,BID_DEPTH,"[(100047, 204)]"
2019-06-28 09:41:00,ASK_DEPTH,"[(100129, 204)]"
2019-06-28 09:41:00,IMBALANCE,"[204, 204]"
2019-06-28 09:42:00,BID_DEPTH,"[(100047, 204)]"
2019-06-28 09:42:00,ASK_DEPTH,"[(100128, 204)]"
2019-06-28 09:42:00,IMBALANCE,"[204, 204]"
2019-06-28 09:43:00,BID_DEPTH,"[(100047, 518)]"
2019-06-28 09:43:00,ASK_DEPTH,"[(100248, 518)]"
2019-06-28 09:43:00,IMBALANCE,"[518, 518]"
2019-06-28 09:44:00,BID_DEPTH,"[(100202, 618)]"
2019-06-28 09:44:00,ASK_DEPTH,"[(100318, 518)]"
2019-06-28 09:44:00,IMBALANCE,"[618, 518]"
2019-06-28 09:45:00,BID_DEPTH,"[(100202, 304)]"
2019-06-28 09:45:00,ASK_DEPTH,"[(100445, 204)]"
2019-06-28 09:45:00,IMBALANCE,"[304, 204]"
2019-06-28 09:46:00,BID_DEPTH,"[(100306, 204)]"
2019-06-28 09:46:00,ASK_DEPTH,"[(100445, 204)]"
2019-06-28 09:46:00,IMBALANCE,"[204, 204]"
2019-06-28 09:47:00,BID_DEPTH,"[(100387, 309)]"
2019-06-28 09:47:00,ASK_DEPTH,"[(100463, 309)]"
2019-06-28 09:47:00,IMBALANCE,"[309, 309]"
2019-06-28 09:48:00,BID_DEPTH,"[(100569, 204)]"
2019-06-28 09:48:00,ASK_DEPTH,"[(100608, 204)]"
2019-06-28 09:48:00,IMBALANCE,"[204, 204]"
2019-06-28 09:49:00,BID_DEPTH,"[(100581, 309)]"
2019-06-28 09:49:00,ASK_DEPTH,"[(100608, 309)]"
2019-06-28 09:49:00,IMBALANCE,"[309, 309]"
2019-06-28 09:50:00,BID_DEPTH,"[(100569, 242)]"
2019-06-28 09:50:00,ASK_DEPTH,"[(100608, 242)]"
2019-06-28 09:50:00,IMBALANCE,"[242, 242]"
2019-06-28 09:51:00,BID_DEPTH,"[(100569, 204)]"
2019-06-28 09:51:00,ASK_DEPTH,"[(100608, 204)]"
2019-06-28 09:51:00,IMBALANCE,"[204, 204]"
2019-06-28 09:52:00,BID_DEPTH,"[(100569, 309)]"
2019-06-28 09:52:00,ASK_DEPTH,"[(100608, 309)]"
2019-06-28 09:52:00,IMBALANCE,"[309, 309]"
2019-06-28 09:53:00,BID_DEPTH,"[(100441, 204)]"
2019-06-28 09:53:00,ASK_DEPTH,"[(100569, 304)]"
2019-06-28 09:53:00,IMBALANCE,"[204, 304]"
2019-06-28 09:54:00,BID_DEPTH,"[(100278, 242)]"
2019-06-28 09:54:00,ASK_DEPTH,"[(100306, 158)]"
2019-06-28 09:54:00,IMBALANCE,"[242, 158]"
2019-06-28 09:55:00,BID_DEPTH,"[(100228, 184)]"
2019-06-28 09:55:00,ASK_DEPTH,"[(100305, 184)]"
2019-06-28 09:55:00,IMBALANCE,"[184, 184]"
2019-06-28 09:56:00,BID_DEPTH,"[(100036, 184)]"
2019-06-28 09:56:00,ASK_DEPTH,"[(100305, 184)]"
2019-06-28 09:56:00,IMBALANCE,"[184, 184]"
2019-06-28 09:57:00,BID_DEPTH,"[(100036, 309)]"
2019-06-28 09:57:00,ASK_DEPTH,"[(100305, 309)]"
2019-06-28 09:57:00,IMBALANCE,"[309, 309]"
2019-06-28 09:58:00,BID_DEPTH,"[(99965, 242)]"
2019-06-28 09:58:00,ASK_DEPTH,"[(99988, 238)]"
2019-06-28 09:58:00,IMBALANCE,"[242, 238]"
2019-06-28 09:59:00,BID_DEPTH,"[(99922, 184)]"
2019-06-28 09:59:00,ASK_DEPTH,"[(99988, 180)]"
2019-06-28 09:59:00,IMBALANCE,"[184, 180]"
2019-06-28 10:00:00,BID_DEPTH,"[(99922, 204)]"
2019-06-28 10:00:00,ASK_DEPTH,"[(99987, 304)]"
2019-06-28 10:00:00,IMBALANCE,"[204, 304]"
2019-06-28 10:01:00,BID_DEPTH,"[(99903, 204)]"
2019-06-28 10:01:00,ASK_DEPTH,"[(99987, 304)]"
2019-06-28 10:01:00,IMBALANCE,"[204, 304]"
2019-06-28 10:02:00,BID_DEPTH,"[(99569, 242)]"
2019-06-28 10:02:00,ASK_DEPTH,"[(99987, 342)]"
2019-06-28 10:02:00,IMBALANCE,"[242, 342]"
2019-06-28 10:03:00,BID_DEPTH,"[(99502, 309)]"
2019-06-28 10:03:00,ASK_DEPTH,"[(99903, 309)]"
2019-06-28 10:03:00,IMBALANCE,"[309, 309]"
2019-06-28 10:04:00,BID_DEPTH,"[(99502, 309)]"
2019-06-28 10:04:00,ASK_DEPTH,"[(99569, 509)]"
2019-06-28 10:04:00,IMBALANCE,"[309, 509]"
2019-06-28 10:05:00,BID_DEPTH,"[(99488, 309)]"
2019-06-28 10:05:00,ASK_DEPTH,"[(99507, 409)]"
2019-06-28 10:05:00,IMBALANCE,"[309, 409]"
2019-06-28 10:06:00,BID_DEPTH,"[(99488, 184)]"
2019-06-28 10:06:00,ASK_DEPTH,"[(99507, 284)]"
2019-06-28 10:06:00,IMBALANCE,"[184, 284]"
2019-06-28 10:07:00,BID_DEPTH,"[(99341, 242)]"
2019-06-28 10:07:00,ASK_DEPTH,"[(99507, 442)]"
2019-06-28 10:07:00,IMBALANCE,"[242, 442]"
2019-06-28 10:08:00,BID_DEPTH,"[(99341, 242)]"
2019-06-28 10:08:00,ASK_DEPTH,"[(99488, 242)]"
2019-06-28 10:08:00,IMBALANCE,"[242, 242]"
2019-06-28 10:09:00,BID_DEPTH,"[(99341, 309)]"
2019-06-28 10:09:00,ASK_DEPTH,"[(99488, 309)]"
2019-06-28 10:09:00,IMBALANCE,"[309, 309]"
2019-06-28 10:10:00,BID_DEPTH,"[(99341, 204)]"
2019-06-28 10:10:00,ASK_DEPTH,"[(99488, 204)]"
2019-06-28 10:10:00,IMBALANCE,"[204, 204]"
2019-06-28 10:11:00,BID_DEPTH,"[(99370, 184)]"
2019-06-28 10:11:00,ASK_DEPTH,"[(99488, 184)]"
2019-06-28 10:11:00,IMBALANCE,"[184, 184]"
2019-06-28 10:12:00,BID_DEPTH,"[(99419, 242)]"
2019-06-28 10:12:00,ASK_DEPTH,"[(99488, 242)]"
2019-06-28 10:12:00,IMBALANCE,"[242, 242]"
2019-06-28 10:13:00,BID_DEPTH,"[(99370, 184)]"
2019-06-28 10:13:00,ASK_DEPTH,"[(99488, 184)]"
2019-06-28 10:13:00,IMBALANCE,"[184, 184]"
2019-06-28 10:14:00,BID_DEPTH,"[(99353, 184)]"
2019-06-28 10:14:00,ASK_DEPTH,"[(99419, 184)]"
2019-06-28 10:14:00,IMBALANCE,"[184, 184]"
2019-06-28 10:15:00,BID_DEPTH,"[(99341, 204)]"
2019-06-28 10:15:00,ASK_DEPTH,"[(99419, 304)]"
2019-06-28 10:15:00,IMBALANCE,"[204, 304]"
2019-06-28 10:16:00,BID_DEPTH,"[(99198, 184)]"
2019-06-28 10:16:00,ASK_DEPTH,"[(99419, 284)]"
2019-06-28 10:16:00,IMBALANCE,"[184, 284]"
2019-06-28 10:17:00,BID_DEPTH,"[(99198, 242)]"
2019-06-28 10:17:00,ASK_DEPTH,"[(99419, 342)]"
2019-06-28 10:17:00,IMBALANCE,"[242, 342]"
2019-06-28 10:18:00,BID_DEPTH,"[(99198, 184)]"
2019-06-28 10:18:00,ASK_DEPTH,"[(99353, 184)]"
2019-06-28 10:18:00,IMBALANCE,"[184, 184]"
2019-06-28 10:19:00,BID_DEPTH,"[(99211, 184)]"
2019-06-28 10:19:00,ASK_DEPTH,"[(99321, 184)]"
2019-06-28 10:19:00,IMBALANCE,"[184, 184]"
2019-06-28 10:20:00,BID_DEPTH,"[(99179, 518)]"
2019-06-28 10:20:00,ASK_DEPTH,"[(99321, 518)]"
2019-06-28 10:20:00,IMBALANCE,"[518, 518]"
2019-06-28 10:21:00,BID_DEPTH,"[(99122, 211)]"
2019-06-28 10:21:00,ASK_DEPTH,"[(99210, 242)]"
2019-06-28 10:21:00,IMBALANCE,"[211, 242]"
2019-06-28 10:21:00,HOLDINGS_UPDATED,"{'CASH': 10099122, 'JPM': -1}"
2019-06-28 10:22:00,BID_DEPTH,"[(99106, 211)]"
2019-06-28 10:22:00,ASK_DEPTH,"[(99122, 242)]"
2019-06-28 10:22:00,IMBALANCE,"[211, 242]"
2019-06-28 10:22:00,HOLDINGS_UPDATED,"{'CASH': 10198228, 'JPM': -2}"
2019-06-28 10:23:00,BID_DEPTH,"[(99107, 211)]"
2019-06-28 10:23:00,ASK_DEPTH,"[(99210, 242)]"
2019-06-28 10:23:00,IMBALANCE,"[211, 242]"
2019-06-28 10:23:00,HOLDINGS_UPDATED,"{'CASH': 10297335, 'JPM': -3}"
2019-06-28 10:24:00,BID_DEPTH,"[(99017, 278)]"
2019-06-28 10:24:00,ASK_DEPTH,"[(99210, 309)]"
2019-06-28 10:24:00,IMBALANCE,"[278, 309]"
2019-06-28 10:24:00,HOLDINGS_UPDATED,"{'CASH': 10396352, 'JPM': -4}"
2019-06-28 10:25:00,BID_DEPTH,"[(98974, 278)]"
2019-06-28 10:25:00,ASK_DEPTH,"[(99200, 309)]"
2019-06-28 10:25:00,IMBALANCE,"[278, 309]"
2019-06-28 10:25:00,HOLDINGS_UPDATED,"{'CASH': 10495326, 'JPM': -5}"
2019-06-28 10:26:00,BID_DEPTH,"[(98853, 173)]"
2019-06-28 10:26:00,ASK_DEPTH,"[(99101, 204)]"
2019-06-28 10:26:00,IMBALANCE,"[173, 204]"
2019-06-28 10:26:00,HOLDINGS_UPDATED,"{'CASH': 10594179, 'JPM': -6}"
2019-06-28 10:27:00,BID_DEPTH,"[(98729, 153)]"
2019-06-28 10:27:00,ASK_DEPTH,"[(98853, 308)]"
2019-06-28 10:27:00,IMBALANCE,"[153, 308]"
2019-06-28 10:27:00,HOLDINGS_UPDATED,"{'CASH': 10692908, 'JPM': -7}"
2019-06-28 10:28:00,BID_DEPTH,"[(98663, 487)]"
2019-06-28 10:28:00,ASK_DEPTH,"[(98853, 542)]"
2019-06-28 10:28:00,IMBALANCE,"[487, 542]"
2019-06-28 10:28:00,HOLDINGS_UPDATED,"{'CASH': 10791571, 'JPM': -8}"
2019-06-28 10:29:00,BID_DEPTH,"[(98604, 153)]"
2019-06-28 10:29:00,ASK_DEPTH,"[(99101, 184)]"
2019-06-28 10:29:00,IMBALANCE,"[153, 184]"
2019-06-28 10:29:00,HOLDINGS_UPDATED,"{'CASH': 10890175, 'JPM': -9}"
2019-06-28 10:30:00,BID_DEPTH,"[(98573, 278)]"
2019-06-28 10:30:00,ASK_DEPTH,"[(99101, 309)]"
2019-06-28 10:30:00,IMBALANCE,"[278, 309]"
2019-06-28 10:30:00,HOLDINGS_UPDATED,"{'CASH': 10988748, 'JPM': -10}"
2019-06-28 10:31:00,BID_DEPTH,"[(98545, 153)]"
2019-06-28 10:31:00,ASK_DEPTH,"[(99101, 184)]"
2019-06-28 10:31:00,IMBALANCE,"[153, 184]"
2019-06-28 10:31:00,HOLDINGS_UPDATED,"{'CASH': 11087293, 'JPM': -11}"
2019-06-28 10:32:00,BID_DEPTH,"[(98496, 173)]"
2019-06-28 10:32:00,ASK_DEPTH,"[(99210, 204)]"
2019-06-28 10:32:00,IMBALANCE,"[173, 204]"
2019-06-28 10:32:00,HOLDINGS_UPDATED,"{'CASH': 11185789, 'JPM': -12}"
2019-06-28 10:33:00,BID_DEPTH,"[(98190, 153)]"
2019-06-28 10:33:00,ASK_DEPTH,"[(99341, 184)]"
2019-06-28 10:33:00,IMBALANCE,"[153, 184]"
2019-06-28 10:33:00,HOLDINGS_UPDATED,"{'CASH': 11283979, 'JPM': -13}"
2019-06-28 10:34:00,BID_DEPTH,[]
2019-06-28 10:34:00,ASK_DEPTH,"[(99341, 100)]"
2019-06-28 10:34:00,IMBALANCE,"[0, 100]"
2019-06-28 10:35:00,BID_DEPTH,"[(99419, 211)]"
2019-06-28 10:35:00,ASK_DEPTH,"[(99465, 242)]"
2019-06-28 10:35:00,IMBALANCE,"[211, 242]"
2019-06-28 10:35:00,HOLDINGS_UPDATED,"{'CASH': 11383398, 'JPM': -14}"
2019-06-28 10:36:00,BID_DEPTH,"[(99341, 487)]"
2019-06-28 10:36:00,ASK_DEPTH,"[(99465, 518)]"
2019-06-28 10:36:00,IMBALANCE,"[487, 518]"
2019-06-28 10:36:00,HOLDINGS_UPDATED,"{'CASH': 11482739, 'JPM': -15}"
2019-06-28 10:37:00,BID_DEPTH,"[(99341, 278)]"
2019-06-28 10:37:00,ASK_DEPTH,"[(99465, 309)]"
2019-06-28 10:37:00,IMBALANCE,"[278, 309]"
2019-06-28 10:37:00,HOLDINGS_UPDATED,"{'CASH': 11582080, 'JPM': -16}"
2019-06-28 10:38:00,BID_DEPTH,[]
2019-06-28 10:38:00,ASK_DEPTH,"[(99618, 100)]"
2019-06-28 10:38:00,IMBALANCE,"[0, 100]"
2019-06-28 10:39:00,BID_DEPTH,[]
2019-06-28 10:39:00,ASK_DEPTH,"[(99618, 100)]"
2019-06-28 10:39:00,IMBALANCE,"[0, 100]"
2019-06-28 10:40:00,BID_DEPTH,"[(99598, 487)]"
2019-06-28 10:40:00,ASK_DEPTH,"[(99618, 518)]"
2019-06-28 10:40:00,IMBALANCE,"[487, 518]"
2019-06-28 10:40:00,HOLDINGS_UPDATED,"{'CASH': 11681678, 'JPM': -17}"
2019-06-28 10:41:00,BID_DEPTH,"[(99469, 153)]"
2019-06-28 10:41:00,ASK_DEPTH,"[(99598, 184)]"
2019-06-28 10:41:00,IMBALANCE,"[153, 184]"
2019-06-28 10:41:00,HOLDINGS_UPDATED,"{'CASH': 11781147, 'JPM': -18}"
2019-06-28 10:42:00,BID_DEPTH,"[(98775, 173)]"
2019-06-28 10:42:00,ASK_DEPTH,"[(99270, 204)]"
2019-06-28 10:42:00,IMBALANCE,"[173, 204]"
2019-06-28 10:42:00,HOLDINGS_UPDATED,"{'CASH': 11879922, 'JPM': -19}"
2019-06-28 10:43:00,BID_DEPTH,"[(99389, 173)]"
2019-06-28 10:43:00,ASK_DEPTH,"[(99526, 204)]"
2019-06-28 10:43:00,IMBALANCE,"[173, 204]"
2019-06-28 10:43:00,HOLDINGS_UPDATED,"{'CASH': 11979311, 'JPM': -20}"
2019-06-28 10:44:00,BID_DEPTH,"[(98775, 487)]"
2019-06-28 10:44:00,ASK_DEPTH,"[(99389, 518)]"
2019-06-28 10:44:00,IMBALANCE,"[487, 518]"
2019-06-28 10:44:00,HOLDINGS_UPDATED,"{'CASH': 12078086, 'JPM': -21}"
2019-06-28 10:45:00,BID_DEPTH,"[(98635, 153)]"
2019-06-28 10:45:00,ASK_DEPTH,"[(98982, 184)]"
2019-06-28 10:45:00,IMBALANCE,"[153, 184]"
2019-06-28 10:45:00,HOLDINGS_UPDATED,"{'CASH': 12176721, 'JPM': -22}"
2019-06-28 10:46:00,BID_DEPTH,"[(98635, 211)]"
2019-06-28 10:46:00,ASK_DEPTH,"[(98982, 242)]"
2019-06-28 10:46:00,IMBALANCE,"[211, 242]"
2019-06-28 10:46:00,HOLDINGS_UPDATED,"{'CASH': 12275356, 'JPM': -23}"
2019-06-28 10:47:00,BID_DEPTH,"[(98537, 153)]"
2019-06-28 10:47:00,ASK_DEPTH,"[(98899, 184)]"
2019-06-28 10:47:00,IMBALANCE,"[153, 184]"
2019-06-28 10:47:00,HOLDINGS_UPDATED,"{'CASH': 12373893, 'JPM': -24}"
2019-06-28 10:48:00,BID_DEPTH,"[(98627, 153)]"
2019-06-28 10:48:00,ASK_DEPTH,"[(98899, 184)]"
2019-06-28 10:48:00,IMBALANCE,"[153, 184]"
2019-06-28 10:48:00,HOLDINGS_UPDATED,"{'CASH': 12472520, 'JPM': -25}"
2019-06-28 10:49:00,BID_DEPTH,"[(98627, 173)]"
2019-06-28 10:49:00,ASK_DEPTH,"[(98982, 204)]"
2019-06-28 10:49:00,IMBALANCE,"[173, 204]"
2019-06-28 10:49:00,HOLDINGS_UPDATED,"{'CASH': 12571147, 'JPM': -26}"
2019-06-28 10:50:00,BID_DEPTH,[]
2019-06-28 10:50:00,ASK_DEPTH,"[(99000, 100)]"
2019-06-28 10:50:00,IMBALANCE,"[0, 100]"
2019-06-28 10:51:00,BID_DEPTH,"[(98627, 487)]"
2019-06-28 10:51:00,ASK_DEPTH,"[(99000, 518)]"
2019-06-28 10:51:00,IMBALANCE,"[487, 518]"
2019-06-28 10:51:00,HOLDINGS_UPDATED,"{'CASH': 12669774, 'JPM': -27}"
2019-06-28 10:52:00,BID_DEPTH,"[(98627, 173)]"
2019-06-28 10:52:00,ASK_DEPTH,"[(99104, 204)]"
2019-06-28 10:52:00,IMBALANCE,"[173, 204]"
2019-06-28 10:52:00,HOLDINGS_UPDATED,"{'CASH': 12768401, 'JPM': -28}"
2019-06-28 10:53:00,BID_DEPTH,"[(99356, 278)]"
2019-06-28 10:53:00,ASK_DEPTH,"[(99618, 309)]"
2019-06-28 10:53:00,IMBALANCE,"[278, 309]"
2019-06-28 10:53:00,HOLDINGS_UPDATED,"{'CASH': 12867757, 'JPM': -29}"
2019-06-28 10:54:00,BID_DEPTH,"[(99104, 487)]"
2019-06-28 10:54:00,ASK_DEPTH,"[(99669, 518)]"
2019-06-28 10:54:00,IMBALANCE,"[487, 518]"
2019-06-28 10:54:00,HOLDINGS_UPDATED,"{'CASH': 12966861, 'JPM': -30}"
2019-06-28 10:55:00,BID_DEPTH,"[(99622, 487)]"
2019-06-28 10:55:00,ASK_DEPTH,"[(99798, 518)]"
2019-06-28 10:55:00,IMBALANCE,"[487, 518]"
2019-06-28 10:55:00,HOLDINGS_UPDATED,"{'CASH': 13066483, 'JPM': -31}"
2019-06-28 10:56:00,BID_DEPTH,"[(99622, 487)]"
2019-06-28 10:56:00,ASK_DEPTH,"[(99798, 518)]"
2019-06-28 10:56:00,IMBALANCE,"[487, 518]"
2019-06-28 10:56:00,HOLDINGS_UPDATED,"{'CASH': 13166105, 'JPM': -32}"
2019-06-28 10:57:00,BID_DEPTH,"[(99884, 518)]"
2019-06-28 10:57:00,ASK_DEPTH,"[(100016, 487)]"
2019-06-28 10:57:00,IMBALANCE,"[518, 487]"
2019-06-28 10:57:00,HOLDINGS_UPDATED,"{'CASH': 13066089, 'JPM': -31}"
2019-06-28 10:58:00,BID_DEPTH,"[(99884, 184)]"
2019-06-28 10:58:00,ASK_DEPTH,"[(100066, 153)]"
2019-06-28 10:58:00,IMBALANCE,"[184, 153]"
2019-06-28 10:58:00,HOLDINGS_UPDATED,"{'CASH': 12966023, 'JPM': -30}"
2019-06-28 10:59:00,BID_DEPTH,"[(100066, 204)]"
2019-06-28 10:59:00,ASK_DEPTH,"[(100184, 173)]"
2019-06-28 10:59:00,IMBALANCE,"[204, 173]"
2019-06-28 10:59:00,HOLDINGS_UPDATED,"{'CASH': 12865839, 'JPM': -29}"
2019-06-28 11:00:00,BID_DEPTH,"[(100066, 204)]"
2019-06-28 11:00:00,ASK_DEPTH,"[(100188, 173)]"
2019-06-28 11:00:00,IMBALANCE,"[204, 173]"
2019-06-28 11:00:00,HOLDINGS_UPDATED,"{'CASH': 12765651, 'JPM': -28}"
2019-06-28 11:01:00,BID_DEPTH,"[(100018, 309)]"
2019-06-28 11:01:00,ASK_DEPTH,"[(100066, 194)]"
2019-06-28 11:01:00,IMBALANCE,"[309, 194]"
2019-06-28 11:01:00,HOLDINGS_UPDATED,"{'CASH': 12665585, 'JPM': -27}"
2019-06-28 11:02:00,BID_DEPTH,"[(99884, 184)]"
2019-06-28 11:02:00,ASK_DEPTH,"[(100066, 153)]"
2019-06-28 11:02:00,IMBALANCE,"[184, 153]"
2019-06-28 11:02:00,HOLDINGS_UPDATED,"{'CASH': 12565519, 'JPM': -26}"
2019-06-28 11:03:00,BID_DEPTH,"[(99884, 242)]"
2019-06-28 11:03:00,ASK_DEPTH,"[(100066, 211)]"
2019-06-28 11:03:00,IMBALANCE,"[242, 211]"
2019-06-28 11:03:00,HOLDINGS_UPDATED,"{'CASH': 12465453, 'JPM': -25}"
2019-06-28 11:04:00,BID_DEPTH,"[(99543, 309)]"
2019-06-28 11:04:00,ASK_DEPTH,"[(99884, 378)]"
2019-06-28 11:04:00,IMBALANCE,"[309, 378]"
2019-06-28 11:04:00,HOLDINGS_UPDATED,"{'CASH': 12365569, 'JPM': -24}"
2019-06-28 11:05:00,BID_DEPTH,"[(99498, 184)]"
2019-06-28 11:05:00,ASK_DEPTH,"[(99884, 525)]"
2019-06-28 11:05:00,IMBALANCE,"[184, 525]"
2019-06-28 11:05:00,HOLDINGS_UPDATED,"{'CASH': 12265685, 'JPM': -23}"
2019-06-28 11:06:00,BID_DEPTH,"[(99437, 518)]"
2019-06-28 11:06:00,ASK_DEPTH,"[(99883, 487)]"
2019-06-28 11:06:00,IMBALANCE,"[518, 487]"
2019-06-28 11:06:00,HOLDINGS_UPDATED,"{'CASH': 12165802, 'JPM': -22}"
2019-06-28 11:07:00,BID_DEPTH,"[(99314, 518)]"
2019-06-28 11:07:00,ASK_DEPTH,"[(99884, 831)]"
2019-06-28 11:07:00,IMBALANCE,"[518, 831]"
2019-06-28 11:07:00,HOLDINGS_UPDATED,"{'CASH': 12065918, 'JPM': -21}"
2019-06-28 11:08:00,BID_DEPTH,"[(99594, 204)]"
2019-06-28 11:08:00,ASK_DEPTH,"[(99660, 173)]"
2019-06-28 11:08:00,IMBALANCE,"[204, 173]"
2019-06-28 11:08:00,HOLDINGS_UPDATED,"{'CASH': 11966258, 'JPM': -20}"
2019-06-28 11:09:00,BID_DEPTH,"[(99650, 518)]"
2019-06-28 11:09:00,ASK_DEPTH,"[(99660, 487)]"
2019-06-28 11:09:00,IMBALANCE,"[518, 487]"
2019-06-28 11:09:00,HOLDINGS_UPDATED,"{'CASH': 11866598, 'JPM': -19}"
2019-06-28 11:10:00,BID_DEPTH,"[(99594, 309)]"
2019-06-28 11:10:00,ASK_DEPTH,"[(99660, 378)]"
2019-06-28 11:10:00,IMBALANCE,"[309, 378]"
2019-06-28 11:10:00,HOLDINGS_UPDATED,"{'CASH': 11766938, 'JPM': -18}"
2019-06-28 11:11:00,BID_DEPTH,"[(99412, 184)]"
2019-06-28 11:11:00,ASK_DEPTH,"[(99660, 125)]"
2019-06-28 11:11:00,IMBALANCE,"[184, 125]"
2019-06-28 11:11:00,HOLDINGS_UPDATED,"{'CASH': 11667278, 'JPM': -17}"
2019-06-28 11:12:00,BID_DEPTH,"[(99620, 309)]"
2019-06-28 11:12:00,ASK_DEPTH,"[(99792, 278)]"
2019-06-28 11:12:00,IMBALANCE,"[309, 278]"
2019-06-28 11:12:00,HOLDINGS_UPDATED,"{'CASH': 11567486, 'JPM': -16}"
2019-06-28 11:13:00,BID_DEPTH,"[(99620, 309)]"
2019-06-28 11:13:00,ASK_DEPTH,"[(99884, 494)]"
2019-06-28 11:13:00,IMBALANCE,"[309, 494]"
2019-06-28 11:13:00,HOLDINGS_UPDATED,"{'CASH': 11467602, 'JPM': -15}"
2019-06-28 11:14:00,BID_DEPTH,"[(99620, 204)]"
2019-06-28 11:14:00,ASK_DEPTH,"[(99884, 261)]"
2019-06-28 11:14:00,IMBALANCE,"[204, 261]"
2019-06-28 11:14:00,HOLDINGS_UPDATED,"{'CASH': 11367718, 'JPM': -14}"
2019-06-28 11:15:00,BID_DEPTH,"[(99620, 309)]"
2019-06-28 11:15:00,ASK_DEPTH,"[(100052, 278)]"
2019-06-28 11:15:00,IMBALANCE,"[309, 278]"
2019-06-28 11:15:00,HOLDINGS_UPDATED,"{'CASH': 11267666, 'JPM': -13}"
2019-06-28 11:16:00,BID_DEPTH,"[(100157, 204)]"
2019-06-28 11:16:00,ASK_DEPTH,"[(100435, 173)]"
2019-06-28 11:16:00,IMBALANCE,"[204, 173]"
2019-06-28 11:16:00,HOLDINGS_UPDATED,"{'CASH': 11167231, 'JPM': -12}"
2019-06-28 11:17:00,BID_DEPTH,"[(100435, 442)]"
2019-06-28 11:17:00,ASK_DEPTH,"[(100697, 487)]"
2019-06-28 11:17:00,IMBALANCE,"[442, 487]"
2019-06-28 11:17:00,HOLDINGS_UPDATED,"{'CASH': 11066534, 'JPM': -11}"
2019-06-28 11:18:00,BID_DEPTH,"[(100697, 204)]"
2019-06-28 11:18:00,ASK_DEPTH,"[(101051, 173)]"
2019-06-28 11:18:00,IMBALANCE,"[204, 173]"
2019-06-28 11:18:00,HOLDINGS_UPDATED,"{'CASH': 10965483, 'JPM': -10}"
2019-06-28 11:19:00,BID_DEPTH,"[(100937, 184)]"
2019-06-28 11:19:00,ASK_DEPTH,"[(101053, 153)]"
2019-06-28 11:19:00,IMBALANCE,"[184, 153]"
2019-06-28 11:19:00,HOLDINGS_UPDATED,"{'CASH': 10864430, 'JPM': -9}"
2019-06-28 11:20:00,BID_DEPTH,"[(100826, 309)]"
2019-06-28 11:20:00,ASK_DEPTH,"[(101093, 278)]"
2019-06-28 11:20:00,IMBALANCE,"[309, 278]"
2019-06-28 11:20:00,HOLDINGS_UPDATED,"{'CASH': 10763337, 'JPM': -8}"
2019-06-28 11:21:00,BID_DEPTH,"[(100826, 184)]"
2019-06-28 11:21:00,ASK_DEPTH,"[(101097, 153)]"
2019-06-28 11:21:00,IMBALANCE,"[184, 153]"
2019-06-28 11:21:00,HOLDINGS_UPDATED,"{'CASH': 10662240, 'JPM': -7}"
2019-06-28 11:22:00,BID_DEPTH,"[(100826, 242)]"
2019-06-28 11:22:00,ASK_DEPTH,"[(101138, 211)]"
2019-06-28 11:22:00,IMBALANCE,"[242, 211]"
2019-06-28 11:22:00,HOLDINGS_UPDATED,"{'CASH': 10561102, 'JPM': -6}"
2019-06-28 11:23:00,BID_DEPTH,"[(100729, 242)]"
2019-06-28 11:23:00,ASK_DEPTH,"[(101166, 211)]"
2019-06-28 11:23:00,IMBALANCE,"[242, 211]"
2019-06-28 11:23:00,HOLDINGS_UPDATED,"{'CASH': 10459936, 'JPM': -5}"
2019-06-28 11:24:00,BID_DEPTH,"[(100697, 518)]"
2019-06-28 11:24:00,ASK_DEPTH,"[(100793, 487)]"
2019-06-28 11:24:00,IMBALANCE,"[518, 487]"
2019-06-28 11:24:00,HOLDINGS_UPDATED,"{'CASH': 10359143, 'JPM': -4}"
2019-06-28 11:25:00,BID_DEPTH,"[(100697, 242)]"
2019-06-28 11:25:00,ASK_DEPTH,"[(101258, 211)]"
2019-06-28 11:25:00,IMBALANCE,"[242, 211]"
2019-06-28 11:25:00,HOLDINGS_UPDATED,"{'CASH': 10257885, 'JPM': -3}"
2019-06-28 11:26:00,BID_DEPTH,"[(100155, 309)]"
2019-06-28 11:26:00,ASK_DEPTH,"[(101257, 278)]"
2019-06-28 11:26:00,IMBALANCE,"[309, 278]"
2019-06-28 11:26:00,HOLDINGS_UPDATED,"{'CASH': 10156628, 'JPM': -2}"
2019-06-28 11:27:00,BID_DEPTH,"[(100155, 100)]"
2019-06-28 11:27:00,ASK_DEPTH,[]
2019-06-28 11:27:00,IMBALANCE,"[100, 0]"
2019-06-28 11:28:00,BID_DEPTH,"[(99308, 518)]"
2019-06-28 11:28:00,ASK_DEPTH,"[(99559, 487)]"
2019-06-28 11:28:00,IMBALANCE,"[518, 487]"
2019-06-28 11:28:00,HOLDINGS_UPDATED,"{'CASH': 10057069, 'JPM': -1}"
2019-06-28 11:29:00,BID_DEPTH,"[(99308, 242)]"
2019-06-28 11:29:00,ASK_DEPTH,"[(99726, 211)]"
2019-06-28 11:29:00,IMBALANCE,"[242, 211]"
2019-06-28 11:29:00,HOLDINGS_UPDATED,{'CASH': 9957343}
2019-06-28 11:30:00,BID_DEPTH,"[(99103, 204)]"
2019-06-28 11:30:00,ASK_DEPTH,"[(99726, 173)]"
2019-06-28 11:30:00,IMBALANCE,"[204, 173]"
2019-06-28 11:30:00,HOLDINGS_UPDATED,"{'CASH': 9857617, 'JPM': 1}"
2019-06-28 11:31:00,BID_DEPTH,"[(99051, 100)]"
2019-06-28 11:31:00,ASK_DEPTH,[]
2019-06-28 11:31:00,IMBALANCE,"[100, 0]"
2019-06-28 11:32:00,BID_DEPTH,"[(98950, 184)]"
2019-06-28 11:32:00,ASK_DEPTH,"[(99103, 153)]"
2019-06-28 11:32:00,IMBALANCE,"[184, 153]"
2019-06-28 11:32:00,HOLDINGS_UPDATED,"{'CASH': 9758514, 'JPM': 2}"
2019-06-28 11:33:00,BID_DEPTH,"[(98668, 204)]"
2019-06-28 11:33:00,ASK_DEPTH,"[(98800, 173)]"
2019-06-28 11:33:00,IMBALANCE,"[204, 173]"
2019-06-28 11:33:00,HOLDINGS_UPDATED,"{'CASH': 9659714, 'JPM': 3}"
2019-06-28 11:34:00,BID_DEPTH,"[(98628, 518)]"
2019-06-28 11:34:00,ASK_DEPTH,"[(99103, 487)]"
2019-06-28 11:34:00,IMBALANCE,"[518, 487]"
2019-06-28 11:34:00,HOLDINGS_UPDATED,"{'CASH': 9560611, 'JPM': 4}"
2019-06-28 11:35:00,BID_DEPTH,"[(98511, 204)]"
2019-06-28 11:35:00,ASK_DEPTH,"[(99103, 173)]"
2019-06-28 11:35:00,IMBALANCE,"[204, 173]"
2019-06-28 11:35:00,HOLDINGS_UPDATED,"{'CASH': 9461508, 'JPM': 5}"
2019-06-28 11:36:00,BID_DEPTH,"[(98402, 100)]"
2019-06-28 11:36:00,ASK_DEPTH,[]
2019-06-28 11:36:00,IMBALANCE,"[100, 0]"
2019-06-28 11:37:00,BID_DEPTH,"[(98378, 518)]"
2019-06-28 11:37:00,ASK_DEPTH,"[(98511, 487)]"
2019-06-28 11:37:00,IMBALANCE,"[518, 487]"
2019-06-28 11:37:00,HOLDINGS_UPDATED,"{'CASH': 9362997, 'JPM': 6}"
2019-06-28 11:38:00,BID_DEPTH,"[(98378, 518)]"
2019-06-28 11:38:00,ASK_DEPTH,"[(98640, 487)]"
2019-06-28 11:38:00,IMBALANCE,"[518, 487]"
2019-06-28 11:38:00,HOLDINGS_UPDATED,"{'CASH': 9264357, 'JPM': 7}"
2019-06-28 11:39:00,BID_DEPTH,"[(98640, 309)]"
2019-06-28 11:39:00,ASK_DEPTH,"[(98672, 278)]"
2019-06-28 11:39:00,IMBALANCE,"[309, 278]"
2019-06-28 11:39:00,HOLDINGS_UPDATED,"{'CASH': 9165685, 'JPM': 8}"
2019-06-28 11:40:00,BID_DEPTH,"[(98672, 284)]"
2019-06-28 11:40:00,ASK_DEPTH,"[(99033, 153)]"
2019-06-28 11:40:00,IMBALANCE,"[284, 153]"
2019-06-28 11:40:00,HOLDINGS_UPDATED,"{'CASH': 9066652, 'JPM': 9}"
2019-06-28 11:41:00,BID_DEPTH,"[(99127, 309)]"
2019-06-28 11:41:00,ASK_DEPTH,"[(99192, 278)]"
2019-06-28 11:41:00,IMBALANCE,"[309, 278]"
2019-06-28 11:41:00,HOLDINGS_UPDATED,"{'CASH': 8967460, 'JPM': 10}"
2019-06-28 11:42:00,BID_DEPTH,"[(99127, 211)]"
2019-06-28 11:42:00,ASK_DEPTH,"[(99233, 242)]"
2019-06-28 11:42:00,IMBALANCE,"[211, 242]"
2019-06-28 11:42:00,HOLDINGS_UPDATED,"{'CASH': 9066587, 'JPM': 9}"
2019-06-28 11:43:00,BID_DEPTH,"[(99233, 390)]"
2019-06-28 11:43:00,ASK_DEPTH,"[(99359, 518)]"
2019-06-28 11:43:00,IMBALANCE,"[390, 518]"
2019-06-28 11:43:00,HOLDINGS_UPDATED,"{'CASH': 9165820, 'JPM': 8}"
2019-06-28 11:44:00,BID_DEPTH,"[(99127, 278)]"
2019-06-28 11:44:00,ASK_DEPTH,"[(99657, 309)]"
2019-06-28 11:44:00,IMBALANCE,"[278, 309]"
2019-06-28 11:44:00,HOLDINGS_UPDATED,"{'CASH': 9264947, 'JPM': 7}"
2019-06-28 11:45:00,BID_DEPTH,"[(99613, 153)]"
2019-06-28 11:45:00,ASK_DEPTH,"[(99630, 184)]"
2019-06-28 11:45:00,IMBALANCE,"[153, 184]"
2019-06-28 11:45:00,HOLDINGS_UPDATED,"{'CASH': 9364560, 'JPM': 6}"
2019-06-28 11:46:00,BID_DEPTH,"[(99606, 211)]"
2019-06-28 11:46:00,ASK_DEPTH,"[(99634, 242)]"
2019-06-28 11:46:00,IMBALANCE,"[211, 242]"
2019-06-28 11:46:00,HOLDINGS_UPDATED,"{'CASH': 9464166, 'JPM': 5}"
2019-06-28 11:47:00,BID_DEPTH,"[(99634, 301)]"
2019-06-28 11:47:00,ASK_DEPTH,"[(99646, 309)]"
2019-06-28 11:47:00,IMBALANCE,"[301, 309]"
2019-06-28 11:47:00,HOLDINGS_UPDATED,"{'CASH': 9563800, 'JPM': 4}"
2019-06-28 11:48:00,BID_DEPTH,"[(99634, 173)]"
2019-06-28 11:48:00,ASK_DEPTH,"[(99646, 204)]"
2019-06-28 11:48:00,IMBALANCE,"[173, 204]"
2019-06-28 11:48:00,HOLDINGS_UPDATED,"{'CASH': 9663434, 'JPM': 3}"
2019-06-28 11:49:00,BID_DEPTH,"[(99605, 278)]"
2019-06-28 11:49:00,ASK_DEPTH,"[(99634, 233)]"
2019-06-28 11:49:00,IMBALANCE,"[278, 233]"
2019-06-28 11:49:00,HOLDINGS_UPDATED,"{'CASH': 9763039, 'JPM': 2}"
2019-06-28 11:50:00,BID_DEPTH,"[(99494, 211)]"
2019-06-28 11:50:00,ASK_DEPTH,"[(99634, 166)]"
2019-06-28 11:50:00,IMBALANCE,"[211, 166]"
2019-06-28 11:50:00,HOLDINGS_UPDATED,"{'CASH': 9862533, 'JPM': 1}"
2019-06-28 11:51:00,BID_DEPTH,"[(99329, 173)]"
2019-06-28 11:51:00,ASK_DEPTH,"[(99634, 128)]"
2019-06-28 11:51:00,IMBALANCE,"[173, 128]"
2019-06-28 11:51:00,HOLDINGS_UPDATED,{'CASH': 9961862}
2019-06-28 11:52:00,BID_DEPTH,"[(99151, 278)]"
2019-06-28 11:52:00,ASK_DEPTH,"[(99247, 309)]"
2019-06-28 11:52:00,IMBALANCE,"[278, 309]"
2019-06-28 11:52:00,HOLDINGS_UPDATED,"{'CASH': 10061013, 'JPM': -1}"
2019-06-28 11:53:00,BID_DEPTH,"[(98884, 487)]"
2019-06-28 11:53:00,ASK_DEPTH,"[(99247, 518)]"
2019-06-28 11:53:00,IMBALANCE,"[487, 518]"
2019-06-28 11:53:00,HOLDINGS_UPDATED,"{'CASH': 10159897, 'JPM': -2}"
2019-06-28 11:54:00,BID_DEPTH,"[(98928, 278)]"
2019-06-28 11:54:00,ASK_DEPTH,"[(99002, 309)]"
2019-06-28 11:54:00,IMBALANCE,"[278, 309]"
2019-06-28 11:54:00,HOLDINGS_UPDATED,"{'CASH': 10258825, 'JPM': -3}"
2019-06-28 11:55:00,BID_DEPTH,"[(99002, 378)]"
2019-06-28 11:55:00,ASK_DEPTH,"[(99399, 309)]"
2019-06-28 11:55:00,IMBALANCE,"[378, 309]"
2019-06-28 11:55:00,HOLDINGS_UPDATED,"{'CASH': 10357827, 'JPM': -4}"
2019-06-28 11:56:00,BID_DEPTH,"[(99002, 345)]"
2019-06-28 11:56:00,ASK_DEPTH,"[(99399, 204)]"
2019-06-28 11:56:00,IMBALANCE,"[345, 204]"
2019-06-28 11:56:00,HOLDINGS_UPDATED,"{'CASH': 10456829, 'JPM': -5}"
2019-06-28 11:57:00,BID_DEPTH,"[(99003, 211)]"
2019-06-28 11:57:00,ASK_DEPTH,"[(99545, 242)]"
2019-06-28 11:57:00,IMBALANCE,"[211, 242]"
2019-06-28 11:57:00,HOLDINGS_UPDATED,"{'CASH': 10555832, 'JPM': -6}"
2019-06-28 11:58:00,BID_DEPTH,"[(99003, 153)]"
2019-06-28 11:58:00,ASK_DEPTH,"[(99862, 184)]"
2019-06-28 11:58:00,IMBALANCE,"[153, 184]"
2019-06-28 11:58:00,HOLDINGS_UPDATED,"{'CASH': 10654835, 'JPM': -7}"
2019-06-28 11:59:00,BID_DEPTH,"[(99380, 278)]"
2019-06-28 11:59:00,ASK_DEPTH,"[(99945, 309)]"
2019-06-28 11:59:00,IMBALANCE,"[278, 309]"
2019-06-28 11:59:00,HOLDINGS_UPDATED,"{'CASH': 10754215, 'JPM': -8}"
2019-06-28 12:00:00,BID_DEPTH,"[(99743, 278)]"
2019-06-28 12:00:00,ASK_DEPTH,"[(99945, 309)]"
2019-06-28 12:00:00,IMBALANCE,"[278, 309]"
2019-06-28 12:00:00,HOLDINGS_UPDATED,"{'CASH': 10853958, 'JPM': -9}"
2019-06-28 12:01:00,BID_DEPTH,"[(99742, 173)]"
2019-06-28 12:01:00,ASK_DEPTH,"[(99945, 204)]"
2019-06-28 12:01:00,IMBALANCE,"[173, 204]"
2019-06-28 12:01:00,HOLDINGS_UPDATED,"{'CASH': 10953700, 'JPM': -10}"
2019-06-28 12:02:00,BID_DEPTH,"[(99541, 487)]"
2019-06-28 12:02:00,ASK_DEPTH,"[(99582, 518)]"
2019-06-28 12:02:00,IMBALANCE,"[487, 518]"
2019-06-28 12:02:00,HOLDINGS_UPDATED,"{'CASH': 11053241, 'JPM': -11}"
2019-06-28 12:03:00,BID_DEPTH,"[(99582, 587)]"
2019-06-28 12:03:00,ASK_DEPTH,"[(99742, 449)]"
2019-06-28 12:03:00,IMBALANCE,"[587, 449]"
2019-06-28 12:03:00,HOLDINGS_UPDATED,"{'CASH': 11152823, 'JPM': -12}"
2019-06-28 12:04:00,BID_DEPTH,"[(99582, 276)]"
2019-06-28 12:04:00,ASK_DEPTH,"[(99945, 242)]"
2019-06-28 12:04:00,IMBALANCE,"[276, 242]"
2019-06-28 12:04:00,HOLDINGS_UPDATED,"{'CASH': 11252405, 'JPM': -13}"
2019-06-28 12:05:00,BID_DEPTH,"[(99488, 278)]"
2019-06-28 12:05:00,ASK_DEPTH,"[(99945, 309)]"
2019-06-28 12:05:00,IMBALANCE,"[278, 309]"
2019-06-28 12:05:00,HOLDINGS_UPDATED,"{'CASH': 11351893, 'JPM': -14}"
2019-06-28 12:06:00,BID_DEPTH,"[(99432, 487)]"
2019-06-28 12:06:00,ASK_DEPTH,"[(99481, 518)]"
2019-06-28 12:06:00,IMBALANCE,"[487, 518]"
2019-06-28 12:06:00,HOLDINGS_UPDATED,"{'CASH': 11451325, 'JPM': -15}"
2019-06-28 12:07:00,BID_DEPTH,"[(99430, 211)]"
2019-06-28 12:07:00,ASK_DEPTH,"[(99945, 242)]"
2019-06-28 12:07:00,IMBALANCE,"[211, 242]"
2019-06-28 12:07:00,HOLDINGS_UPDATED,"{'CASH': 11550755, 'JPM': -16}"
2019-06-28 12:08:00,BID_DEPTH,"[(99470, 173)]"
2019-06-28 12:08:00,ASK_DEPTH,"[(99776, 204)]"
2019-06-28 12:08:00,IMBALANCE,"[173, 204]"
2019-06-28 12:08:00,HOLDINGS_UPDATED,"{'CASH': 11650225, 'JPM': -17}"
2019-06-28 12:09:00,BID_DEPTH,"[(99471, 487)]"
2019-06-28 12:09:00,ASK_DEPTH,"[(99887, 518)]"
2019-06-28 12:09:00,IMBALANCE,"[487, 518]"
2019-06-28 12:09:00,HOLDINGS_UPDATED,"{'CASH': 11749696, 'JPM': -18}"
2019-06-28 12:10:00,BID_DEPTH,"[(99470, 278)]"
2019-06-28 12:10:00,ASK_DEPTH,"[(99945, 309)]"
2019-06-28 12:10:00,IMBALANCE,"[278, 309]"
2019-06-28 12:10:00,HOLDINGS_UPDATED,"{'CASH': 11849166, 'JPM': -19}"
2019-06-28 12:11:00,BID_DEPTH,"[(99470, 487)]"
2019-06-28 12:11:00,ASK_DEPTH,"[(100226, 518)]"
2019-06-28 12:11:00,IMBALANCE,"[487, 518]"
2019-06-28 12:11:00,HOLDINGS_UPDATED,"{'CASH': 11948636, 'JPM': -20}"
2019-06-28 12:12:00,BID_DEPTH,"[(99400, 487)]"
2019-06-28 12:12:00,ASK_DEPTH,"[(100091, 518)]"
2019-06-28 12:12:00,IMBALANCE,"[487, 518]"
2019-06-28 12:12:00,HOLDINGS_UPDATED,"{'CASH': 12048036, 'JPM': -21}"
2019-06-28 12:13:00,BID_DEPTH,"[(99921, 184)]"
2019-06-28 12:13:00,ASK_DEPTH,"[(100091, 153)]"
2019-06-28 12:13:00,IMBALANCE,"[184, 153]"
2019-06-28 12:13:00,HOLDINGS_UPDATED,"{'CASH': 11947945, 'JPM': -20}"
2019-06-28 12:14:00,BID_DEPTH,"[(99921, 197)]"
2019-06-28 12:14:00,ASK_DEPTH,"[(100226, 173)]"
2019-06-28 12:14:00,IMBALANCE,"[197, 173]"
2019-06-28 12:14:00,HOLDINGS_UPDATED,"{'CASH': 11847719, 'JPM': -19}"
2019-06-28 12:15:00,BID_DEPTH,"[(100227, 518)]"
2019-06-28 12:15:00,ASK_DEPTH,"[(100317, 487)]"
2019-06-28 12:15:00,IMBALANCE,"[518, 487]"
2019-06-28 12:15:00,HOLDINGS_UPDATED,"{'CASH': 11747402, 'JPM': -18}"
2019-06-28 12:16:00,BID_DEPTH,"[(100346, 184)]"
2019-06-28 12:16:00,ASK_DEPTH,"[(100392, 153)]"
2019-06-28 12:16:00,IMBALANCE,"[184, 153]"
2019-06-28 12:16:00,HOLDINGS_UPDATED,"{'CASH': 11647010, 'JPM': -17}"
2019-06-28 12:17:00,BID_DEPTH,"[(100317, 184)]"
2019-06-28 12:17:00,ASK_DEPTH,"[(100438, 153)]"
2019-06-28 12:17:00,IMBALANCE,"[184, 153]"
2019-06-28 12:17:00,HOLDINGS_UPDATED,"{'CASH': 11546572, 'JPM': -16}"
2019-06-28 12:18:00,BID_DEPTH,"[(100330, 204)]"
2019-06-28 12:18:00,ASK_DEPTH,"[(100332, 173)]"
2019-06-28 12:18:00,IMBALANCE,"[204, 173]"
2019-06-28 12:18:00,HOLDINGS_UPDATED,"{'CASH': 11446240, 'JPM': -15}"
2019-06-28 12:19:00,BID_DEPTH,"[(100332, 208)]"
2019-06-28 12:19:00,ASK_DEPTH,"[(100438, 153)]"
2019-06-28 12:19:00,IMBALANCE,"[208, 153]"
2019-06-28 12:19:00,HOLDINGS_UPDATED,"{'CASH': 11345802, 'JPM': -14}"
2019-06-28 12:20:00,BID_DEPTH,"[(100455, 120)]"
2019-06-28 12:20:00,ASK_DEPTH,"[(100756, 173)]"
2019-06-28 12:20:00,IMBALANCE,"[120, 173]"
2019-06-28 12:20:00,HOLDINGS_UPDATED,"{'CASH': 11245046, 'JPM': -13}"
2019-06-28 12:21:00,BID_DEPTH,"[(100455, 100)]"
2019-06-28 12:21:00,ASK_DEPTH,"[(100791, 153)]"
2019-06-28 12:21:00,IMBALANCE,"[100, 153]"
2019-06-28 12:21:00,HOLDINGS_UPDATED,"{'CASH': 11144255, 'JPM': -12}"
2019-06-28 12:22:00,BID_DEPTH,"[(100936, 518)]"
2019-06-28 12:22:00,ASK_DEPTH,"[(100950, 487)]"
2019-06-28 12:22:00,IMBALANCE,"[518, 487]"
2019-06-28 12:22:00,HOLDINGS_UPDATED,"{'CASH': 11043305, 'JPM': -11}"
2019-06-28 12:23:00,BID_DEPTH,"[(100791, 204)]"
2019-06-28 12:23:00,ASK_DEPTH,"[(100969, 173)]"
2019-06-28 12:23:00,IMBALANCE,"[204, 173]"
2019-06-28 12:23:00,HOLDINGS_UPDATED,"{'CASH': 10942336, 'JPM': -10}"
2019-06-28 12:24:00,BID_DEPTH,"[(100969, 204)]"
2019-06-28 12:24:00,ASK_DEPTH,"[(100993, 173)]"
2019-06-28 12:24:00,IMBALANCE,"[204, 173]"
2019-06-28 12:24:00,HOLDINGS_UPDATED,"{'CASH': 10841343, 'JPM': -9}"
2019-06-28 12:25:00,BID_DEPTH,"[(100969, 518)]"
2019-06-28 12:25:00,ASK_DEPTH,"[(101043, 487)]"
2019-06-28 12:25:00,IMBALANCE,"[518, 487]"
2019-06-28 12:25:00,HOLDINGS_UPDATED,"{'CASH': 10740300, 'JPM': -8}"
2019-06-28 12:26:00,BID_DEPTH,"[(101023, 242)]"
2019-06-28 12:26:00,ASK_DEPTH,"[(101067, 211)]"
2019-06-28 12:26:00,IMBALANCE,"[242, 211]"
2019-06-28 12:26:00,HOLDINGS_UPDATED,"{'CASH': 10639233, 'JPM': -7}"
2019-06-28 12:27:00,BID_DEPTH,"[(101023, 309)]"
2019-06-28 12:27:00,ASK_DEPTH,"[(101067, 278)]"
2019-06-28 12:27:00,IMBALANCE,"[309, 278]"
2019-06-28 12:27:00,HOLDINGS_UPDATED,"{'CASH': 10538166, 'JPM': -6}"
2019-06-28 12:28:00,BID_DEPTH,"[(101023, 184)]"
2019-06-28 12:28:00,ASK_DEPTH,"[(101040, 153)]"
2019-06-28 12:28:00,IMBALANCE,"[184, 153]"
2019-06-28 12:28:00,HOLDINGS_UPDATED,"{'CASH': 10437126, 'JPM': -5}"
2019-06-28 12:29:00,BID_DEPTH,"[(101048, 242)]"
2019-06-28 12:29:00,ASK_DEPTH,"[(101086, 211)]"
2019-06-28 12:29:00,IMBALANCE,"[242, 211]"
2019-06-28 12:29:00,HOLDINGS_UPDATED,"{'CASH': 10336040, 'JPM': -4}"
2019-06-28 12:30:00,BID_DEPTH,"[(101048, 309)]"
2019-06-28 12:30:00,ASK_DEPTH,"[(101536, 278)]"
2019-06-28 12:30:00,IMBALANCE,"[309, 278]"
2019-06-28 12:30:00,HOLDINGS_UPDATED,"{'CASH': 10234504, 'JPM': -3}"
2019-06-28 12:31:00,BID_DEPTH,"[(101536, 204)]"
2019-06-28 12:31:00,ASK_DEPTH,"[(101647, 273)]"
2019-06-28 12:31:00,IMBALANCE,"[204, 273]"
2019-06-28 12:31:00,HOLDINGS_UPDATED,"{'CASH': 10132857, 'JPM': -2}"
2019-06-28 12:32:00,BID_DEPTH,"[(101394, 309)]"
2019-06-28 12:32:00,ASK_DEPTH,"[(101557, 278)]"
2019-06-28 12:32:00,IMBALANCE,"[309, 278]"
2019-06-28 12:32:00,HOLDINGS_UPDATED,"{'CASH': 10031300, 'JPM': -1}"
2019-06-28 12:33:00,BID_DEPTH,"[(101394, 309)]"
2019-06-28 12:33:00,ASK_DEPTH,"[(101580, 278)]"
2019-06-28 12:33:00,IMBALANCE,"[309, 278]"
2019-06-28 12:33:00,HOLDINGS_UPDATED,{'CASH': 9929720}
2019-06-28 12:34:00,BID_DEPTH,"[(101621, 242)]"
2019-06-28 12:34:00,ASK_DEPTH,"[(101631, 211)]"
2019-06-28 12:34:00,IMBALANCE,"[242, 211]"
2019-06-28 12:34:00,HOLDINGS_UPDATED,"{'CASH': 9828089, 'JPM': 1}"
2019-06-28 12:35:00,BID_DEPTH,"[(101621, 309)]"
2019-06-28 12:35:00,ASK_DEPTH,"[(101631, 278)]"
2019-06-28 12:35:00,IMBALANCE,"[309, 278]"
2019-06-28 12:35:00,HOLDINGS_UPDATED,"{'CASH': 9726458, 'JPM': 2}"
2019-06-28 12:36:00,BID_DEPTH,"[(101527, 242)]"
2019-06-28 12:36:00,ASK_DEPTH,"[(101647, 183)]"
2019-06-28 12:36:00,IMBALANCE,"[242, 183]"
2019-06-28 12:36:00,HOLDINGS_UPDATED,"{'CASH': 9624811, 'JPM': 3}"
2019-06-28 12:37:00,BID_DEPTH,"[(101527, 204)]"
2019-06-28 12:37:00,ASK_DEPTH,"[(102008, 173)]"
2019-06-28 12:37:00,IMBALANCE,"[204, 173]"
2019-06-28 12:37:00,HOLDINGS_UPDATED,"{'CASH': 9522803, 'JPM': 4}"
2019-06-28 12:38:00,BID_DEPTH,"[(101527, 242)]"
2019-06-28 12:38:00,ASK_DEPTH,"[(101832, 211)]"
2019-06-28 12:38:00,IMBALANCE,"[242, 211]"
2019-06-28 12:38:00,HOLDINGS_UPDATED,"{'CASH': 9420971, 'JPM': 5}"
2019-06-28 12:39:00,BID_DEPTH,"[(101498, 242)]"
2019-06-28 12:39:00,ASK_DEPTH,"[(102008, 211)]"
2019-06-28 12:39:00,IMBALANCE,"[242, 211]"
2019-06-28 12:39:00,HOLDINGS_UPDATED,"{'CASH': 9318963, 'JPM': 6}"
2019-06-28 12:40:00,BID_DEPTH,"[(101307, 184)]"
2019-06-28 12:40:00,ASK_DEPTH,"[(102008, 153)]"
2019-06-28 12:40:00,IMBALANCE,"[184, 153]"
2019-06-28 12:40:00,HOLDINGS_UPDATED,"{'CASH': 9216955, 'JPM': 7}"
2019-06-28 12:41:00,BID_DEPTH,"[(101185, 100)]"
2019-06-28 12:41:00,ASK_DEPTH,[]
2019-06-28 12:41:00,IMBALANCE,"[100, 0]"
2019-06-28 12:42:00,BID_DEPTH,"[(101167, 100)]"
2019-06-28 12:42:00,ASK_DEPTH,[]
2019-06-28 12:42:00,IMBALANCE,"[100, 0]"
2019-06-28 12:43:00,BID_DEPTH,"[(101011, 100)]"
2019-06-28 12:43:00,ASK_DEPTH,[]
2019-06-28 12:43:00,IMBALANCE,"[100, 0]"
2019-06-28 12:44:00,BID_DEPTH,"[(100797, 100)]"
2019-06-28 12:44:00,ASK_DEPTH,[]
2019-06-28 12:44:00,IMBALANCE,"[100, 0]"
2019-06-28 12:45:00,BID_DEPTH,"[(100794, 204)]"
2019-06-28 12:45:00,ASK_DEPTH,"[(100818, 173)]"
2019-06-28 12:45:00,IMBALANCE,"[204, 173]"
2019-06-28 12:45:00,HOLDINGS_UPDATED,"{'CASH': 9116137, 'JPM': 8}"
2019-06-28 12:46:00,BID_DEPTH,"[(100277, 309)]"
2019-06-28 12:46:00,ASK_DEPTH,"[(100455, 262)]"
2019-06-28 12:46:00,IMBALANCE,"[309, 262]"
2019-06-28 12:46:00,HOLDINGS_UPDATED,"{'CASH': 9015682, 'JPM': 9}"
2019-06-28 12:47:00,BID_DEPTH,"[(100277, 204)]"
2019-06-28 12:47:00,ASK_DEPTH,"[(100312, 173)]"
2019-06-28 12:47:00,IMBALANCE,"[204, 173]"
2019-06-28 12:47:00,HOLDINGS_UPDATED,"{'CASH': 8915370, 'JPM': 10}"
2019-06-28 12:48:00,BID_DEPTH,"[(100300, 309)]"
2019-06-28 12:48:00,ASK_DEPTH,"[(100434, 278)]"
2019-06-28 12:48:00,IMBALANCE,"[309, 278]"
2019-06-28 12:48:00,HOLDINGS_UPDATED,"{'CASH': 8814936, 'JPM': 11}"
2019-06-28 12:49:00,BID_DEPTH,"[(100300, 204)]"
2019-06-28 12:49:00,ASK_DEPTH,"[(100434, 173)]"
2019-06-28 12:49:00,IMBALANCE,"[204, 173]"
2019-06-28 12:49:00,HOLDINGS_UPDATED,"{'CASH': 8714502, 'JPM': 12}"
2019-06-28 12:50:00,BID_DEPTH,"[(100253, 242)]"
2019-06-28 12:50:00,ASK_DEPTH,"[(100291, 211)]"
2019-06-28 12:50:00,IMBALANCE,"[242, 211]"
2019-06-28 12:50:00,HOLDINGS_UPDATED,"{'CASH': 8614211, 'JPM': 13}"
2019-06-28 12:51:00,BID_DEPTH,"[(100253, 309)]"
2019-06-28 12:51:00,ASK_DEPTH,"[(100291, 278)]"
2019-06-28 12:51:00,IMBALANCE,"[309, 278]"
2019-06-28 12:51:00,HOLDINGS_UPDATED,"{'CASH': 8513920, 'JPM': 14}"
2019-06-28 12:52:00,BID_DEPTH,"[(100448, 204)]"
2019-06-28 12:52:00,ASK_DEPTH,"[(100592, 173)]"
2019-06-28 12:52:00,IMBALANCE,"[204, 173]"
2019-06-28 12:52:00,HOLDINGS_UPDATED,"{'CASH': 8413328, 'JPM': 15}"
2019-06-28 12:53:00,BID_DEPTH,"[(100646, 309)]"
2019-06-28 12:53:00,ASK_DEPTH,"[(100704, 278)]"
2019-06-28 12:53:00,IMBALANCE,"[309, 278]"
2019-06-28 12:53:00,HOLDINGS_UPDATED,"{'CASH': 8312624, 'JPM': 16}"
2019-06-28 12:54:00,BID_DEPTH,"[(100646, 309)]"
2019-06-28 12:54:00,ASK_DEPTH,"[(100675, 278)]"
2019-06-28 12:54:00,IMBALANCE,"[309, 278]"
2019-06-28 12:54:00,HOLDINGS_UPDATED,"{'CASH': 8211949, 'JPM': 17}"
2019-06-28 12:55:00,BID_DEPTH,"[(100592, 284)]"
2019-06-28 12:55:00,ASK_DEPTH,"[(100778, 153)]"
2019-06-28 12:55:00,IMBALANCE,"[284, 153]"
2019-06-28 12:55:00,HOLDINGS_UPDATED,"{'CASH': 8111171, 'JPM': 18}"
2019-06-28 12:56:00,BID_DEPTH,"[(100398, 242)]"
2019-06-28 12:56:00,ASK_DEPTH,"[(100899, 211)]"
2019-06-28 12:56:00,IMBALANCE,"[242, 211]"
2019-06-28 12:56:00,HOLDINGS_UPDATED,"{'CASH': 8010272, 'JPM': 19}"
2019-06-28 12:57:00,BID_DEPTH,"[(100390, 518)]"
2019-06-28 12:57:00,ASK_DEPTH,"[(100899, 487)]"
2019-06-28 12:57:00,IMBALANCE,"[518, 487]"
2019-06-28 12:57:00,HOLDINGS_UPDATED,"{'CASH': 7909373, 'JPM': 20}"
2019-06-28 12:58:00,BID_DEPTH,"[(100253, 100)]"
2019-06-28 12:58:00,ASK_DEPTH,[]
2019-06-28 12:58:00,IMBALANCE,"[100, 0]"
2019-06-28 12:59:00,BID_DEPTH,"[(100227, 184)]"
2019-06-28 12:59:00,ASK_DEPTH,"[(100390, 153)]"
2019-06-28 12:59:00,IMBALANCE,"[184, 153]"
2019-06-28 12:59:00,HOLDINGS_UPDATED,"{'CASH': 7808983, 'JPM': 21}"
2019-06-28 13:00:00,BID_DEPTH,"[(100211, 309)]"
2019-06-28 13:00:00,ASK_DEPTH,"[(100390, 378)]"
2019-06-28 13:00:00,IMBALANCE,"[309, 378]"
2019-06-28 13:00:00,HOLDINGS_UPDATED,"{'CASH': 7708593, 'JPM': 22}"
2019-06-28 13:01:00,BID_DEPTH,"[(100208, 518)]"
2019-06-28 13:01:00,ASK_DEPTH,"[(100390, 459)]"
2019-06-28 13:01:00,IMBALANCE,"[518, 459]"
2019-06-28 13:01:00,HOLDINGS_UPDATED,"{'CASH': 7608203, 'JPM': 23}"
2019-06-28 13:02:00,BID_DEPTH,"[(100053, 211)]"
2019-06-28 13:02:00,ASK_DEPTH,"[(100389, 242)]"
2019-06-28 13:02:00,IMBALANCE,"[211, 242]"
2019-06-28 13:02:00,HOLDINGS_UPDATED,"{'CASH': 7708256, 'JPM': 22}"
2019-06-28 13:03:00,BID_DEPTH,"[(100010, 487)]"
2019-06-28 13:03:00,ASK_DEPTH,"[(100053, 518)]"
2019-06-28 13:03:00,IMBALANCE,"[487, 518]"
2019-06-28 13:03:00,HOLDINGS_UPDATED,"{'CASH': 7808266, 'JPM': 21}"
2019-06-28 13:04:00,BID_DEPTH,"[(99623, 211)]"
2019-06-28 13:04:00,ASK_DEPTH,"[(100053, 235)]"
2019-06-28 13:04:00,IMBALANCE,"[211, 235]"
2019-06-28 13:04:00,HOLDINGS_UPDATED,"{'CASH': 7907889, 'JPM': 20}"
2019-06-28 13:05:00,BID_DEPTH,"[(99449, 278)]"
2019-06-28 13:05:00,ASK_DEPTH,"[(99491, 309)]"
2019-06-28 13:05:00,IMBALANCE,"[278, 309]"
2019-06-28 13:05:00,HOLDINGS_UPDATED,"{'CASH': 8007338, 'JPM': 19}"
2019-06-28 13:06:00,BID_DEPTH,"[(99580, 487)]"
2019-06-28 13:06:00,ASK_DEPTH,"[(99706, 518)]"
2019-06-28 13:06:00,IMBALANCE,"[487, 518]"
2019-06-28 13:06:00,HOLDINGS_UPDATED,"{'CASH': 8106918, 'JPM': 18}"
2019-06-28 13:07:00,BID_DEPTH,"[(99485, 278)]"
2019-06-28 13:07:00,ASK_DEPTH,"[(99660, 309)]"
2019-06-28 13:07:00,IMBALANCE,"[278, 309]"
2019-06-28 13:07:00,HOLDINGS_UPDATED,"{'CASH': 8206403, 'JPM': 17}"
2019-06-28 13:08:00,BID_DEPTH,"[(99636, 211)]"
2019-06-28 13:08:00,ASK_DEPTH,"[(99660, 335)]"
2019-06-28 13:08:00,IMBALANCE,"[211, 335]"
2019-06-28 13:08:00,HOLDINGS_UPDATED,"{'CASH': 8306039, 'JPM': 16}"
2019-06-28 13:09:00,BID_DEPTH,"[(99372, 278)]"
2019-06-28 13:09:00,ASK_DEPTH,"[(99629, 309)]"
2019-06-28 13:09:00,IMBALANCE,"[278, 309]"
2019-06-28 13:09:00,HOLDINGS_UPDATED,"{'CASH': 8405411, 'JPM': 15}"
2019-06-28 13:10:00,BID_DEPTH,"[(99301, 211)]"
2019-06-28 13:10:00,ASK_DEPTH,"[(99629, 235)]"
2019-06-28 13:10:00,IMBALANCE,"[211, 235]"
2019-06-28 13:10:00,HOLDINGS_UPDATED,"{'CASH': 8504712, 'JPM': 14}"
2019-06-28 13:11:00,BID_DEPTH,"[(99629, 311)]"
2019-06-28 13:11:00,ASK_DEPTH,"[(99686, 242)]"
2019-06-28 13:11:00,IMBALANCE,"[311, 242]"
2019-06-28 13:11:00,HOLDINGS_UPDATED,"{'CASH': 8604341, 'JPM': 13}"
2019-06-28 13:12:00,BID_DEPTH,"[(99238, 487)]"
2019-06-28 13:12:00,ASK_DEPTH,"[(99706, 511)]"
2019-06-28 13:12:00,IMBALANCE,"[487, 511]"
2019-06-28 13:12:00,HOLDINGS_UPDATED,"{'CASH': 8703579, 'JPM': 12}"
2019-06-28 13:13:00,BID_DEPTH,"[(99229, 153)]"
2019-06-28 13:13:00,ASK_DEPTH,"[(99706, 170)]"
2019-06-28 13:13:00,IMBALANCE,"[153, 170]"
2019-06-28 13:13:00,HOLDINGS_UPDATED,"{'CASH': 8802808, 'JPM': 11}"
2019-06-28 13:14:00,BID_DEPTH,"[(99706, 173)]"
2019-06-28 13:14:00,ASK_DEPTH,"[(100052, 204)]"
2019-06-28 13:14:00,IMBALANCE,"[173, 204]"
2019-06-28 13:14:00,HOLDINGS_UPDATED,"{'CASH': 8902514, 'JPM': 10}"
2019-06-28 13:15:00,BID_DEPTH,"[(99706, 211)]"
2019-06-28 13:15:00,ASK_DEPTH,"[(100052, 235)]"
2019-06-28 13:15:00,IMBALANCE,"[211, 235]"
2019-06-28 13:15:00,HOLDINGS_UPDATED,"{'CASH': 9002220, 'JPM': 9}"
2019-06-28 13:16:00,BID_DEPTH,"[(99850, 278)]"
2019-06-28 13:16:00,ASK_DEPTH,"[(100053, 295)]"
2019-06-28 13:16:00,IMBALANCE,"[278, 295]"
2019-06-28 13:16:00,HOLDINGS_UPDATED,"{'CASH': 9102070, 'JPM': 8}"
2019-06-28 13:17:00,BID_DEPTH,"[(99850, 153)]"
2019-06-28 13:17:00,ASK_DEPTH,"[(99986, 184)]"
2019-06-28 13:17:00,IMBALANCE,"[153, 184]"
2019-06-28 13:17:00,HOLDINGS_UPDATED,"{'CASH': 9201920, 'JPM': 7}"
2019-06-28 13:18:00,BID_DEPTH,"[(99635, 173)]"
2019-06-28 13:18:00,ASK_DEPTH,"[(99850, 148)]"
2019-06-28 13:18:00,IMBALANCE,"[173, 148]"
2019-06-28 13:18:00,HOLDINGS_UPDATED,"{'CASH': 9301555, 'JPM': 6}"
2019-06-28 13:19:00,BID_DEPTH,"[(99635, 211)]"
2019-06-28 13:19:00,ASK_DEPTH,"[(99850, 186)]"
2019-06-28 13:19:00,IMBALANCE,"[211, 186]"
2019-06-28 13:19:00,HOLDINGS_UPDATED,"{'CASH': 9401190, 'JPM': 5}"
2019-06-28 13:20:00,BID_DEPTH,"[(99628, 153)]"
2019-06-28 13:20:00,ASK_DEPTH,"[(99850, 128)]"
2019-06-28 13:20:00,IMBALANCE,"[153, 128]"
2019-06-28 13:20:00,HOLDINGS_UPDATED,"{'CASH': 9500818, 'JPM': 4}"
2019-06-28 13:21:00,BID_DEPTH,"[(99364, 153)]"
2019-06-28 13:21:00,ASK_DEPTH,"[(99776, 184)]"
2019-06-28 13:21:00,IMBALANCE,"[153, 184]"
2019-06-28 13:21:00,HOLDINGS_UPDATED,"{'CASH': 9600182, 'JPM': 3}"
2019-06-28 13:22:00,BID_DEPTH,"[(99211, 278)]"
2019-06-28 13:22:00,ASK_DEPTH,"[(99460, 309)]"
2019-06-28 13:22:00,IMBALANCE,"[278, 309]"
2019-06-28 13:22:00,HOLDINGS_UPDATED,"{'CASH': 9699393, 'JPM': 2}"
2019-06-28 13:23:00,BID_DEPTH,"[(99267, 487)]"
2019-06-28 13:23:00,ASK_DEPTH,"[(99460, 518)]"
2019-06-28 13:23:00,IMBALANCE,"[487, 518]"
2019-06-28 13:23:00,HOLDINGS_UPDATED,"{'CASH': 9798660, 'JPM': 1}"
2019-06-28 13:24:00,BID_DEPTH,"[(99267, 278)]"
2019-06-28 13:24:00,ASK_DEPTH,"[(99776, 309)]"
2019-06-28 13:24:00,IMBALANCE,"[278, 309]"
2019-06-28 13:24:00,HOLDINGS_UPDATED,{'CASH': 9897927}
2019-06-28 13:25:00,BID_DEPTH,"[(99776, 211)]"
2019-06-28 13:25:00,ASK_DEPTH,"[(99865, 242)]"
2019-06-28 13:25:00,IMBALANCE,"[211, 242]"
2019-06-28 13:25:00,HOLDINGS_UPDATED,"{'CASH': 9997703, 'JPM': -1}"
2019-06-28 13:26:00,BID_DEPTH,"[(99776, 378)]"
2019-06-28 13:26:00,ASK_DEPTH,"[(99986, 309)]"
2019-06-28 13:26:00,IMBALANCE,"[378, 309]"
2019-06-28 13:26:00,HOLDINGS_UPDATED,"{'CASH': 10097479, 'JPM': -2}"
2019-06-28 13:27:00,BID_DEPTH,"[(99776, 559)]"
2019-06-28 13:27:00,ASK_DEPTH,"[(99986, 518)]"
2019-06-28 13:27:00,IMBALANCE,"[559, 518]"
2019-06-28 13:27:00,HOLDINGS_UPDATED,"{'CASH': 10197255, 'JPM': -3}"
2019-06-28 13:28:00,BID_DEPTH,"[(99776, 97)]"
2019-06-28 13:28:00,ASK_DEPTH,"[(100014, 184)]"
2019-06-28 13:28:00,IMBALANCE,"[97, 184]"
2019-06-28 13:28:00,HOLDINGS_UPDATED,"{'CASH': 10297031, 'JPM': -4}"
2019-06-28 13:29:00,BID_DEPTH,"[(99776, 278)]"
2019-06-28 13:29:00,ASK_DEPTH,"[(100014, 309)]"
2019-06-28 13:29:00,IMBALANCE,"[278, 309]"
2019-06-28 13:29:00,HOLDINGS_UPDATED,"{'CASH': 10396807, 'JPM': -5}"
2019-06-28 13:30:00,BID_DEPTH,"[(99267, 153)]"
2019-06-28 13:30:00,ASK_DEPTH,"[(100053, 163)]"
2019-06-28 13:30:00,IMBALANCE,"[153, 163]"
2019-06-28 13:30:00,HOLDINGS_UPDATED,"{'CASH': 10496074, 'JPM': -6}"
2019-06-28 13:31:00,BID_DEPTH,"[(100019, 278)]"
2019-06-28 13:31:00,ASK_DEPTH,"[(100053, 288)]"
2019-06-28 13:31:00,IMBALANCE,"[278, 288]"
2019-06-28 13:31:00,HOLDINGS_UPDATED,"{'CASH': 10596093, 'JPM': -7}"
2019-06-28 13:32:00,BID_DEPTH,"[(100019, 278)]"
2019-06-28 13:32:00,ASK_DEPTH,"[(100052, 309)]"
2019-06-28 13:32:00,IMBALANCE,"[278, 309]"
2019-06-28 13:32:00,HOLDINGS_UPDATED,"{'CASH': 10696112, 'JPM': -8}"
2019-06-28 13:33:00,BID_DEPTH,"[(100031, 153)]"
2019-06-28 13:33:00,ASK_DEPTH,"[(100052, 184)]"
2019-06-28 13:33:00,IMBALANCE,"[153, 184]"
2019-06-28 13:33:00,HOLDINGS_UPDATED,"{'CASH': 10796143, 'JPM': -9}"
2019-06-28 13:34:00,BID_DEPTH,"[(99170, 173)]"
2019-06-28 13:34:00,ASK_DEPTH,"[(99922, 204)]"
2019-06-28 13:34:00,IMBALANCE,"[173, 204]"
2019-06-28 13:34:00,HOLDINGS_UPDATED,"{'CASH': 10895313, 'JPM': -10}"
2019-06-28 13:35:00,BID_DEPTH,"[(99160, 487)]"
2019-06-28 13:35:00,ASK_DEPTH,"[(99932, 518)]"
2019-06-28 13:35:00,IMBALANCE,"[487, 518]"
2019-06-28 13:35:00,HOLDINGS_UPDATED,"{'CASH': 10994473, 'JPM': -11}"
2019-06-28 13:36:00,BID_DEPTH,"[(99498, 487)]"
2019-06-28 13:36:00,ASK_DEPTH,"[(99549, 518)]"
2019-06-28 13:36:00,IMBALANCE,"[487, 518]"
2019-06-28 13:36:00,HOLDINGS_UPDATED,"{'CASH': 11093971, 'JPM': -12}"
2019-06-28 13:37:00,BID_DEPTH,"[(99433, 278)]"
2019-06-28 13:37:00,ASK_DEPTH,"[(99549, 309)]"
2019-06-28 13:37:00,IMBALANCE,"[278, 309]"
2019-06-28 13:37:00,HOLDINGS_UPDATED,"{'CASH': 11193404, 'JPM': -13}"
2019-06-28 13:38:00,BID_DEPTH,"[(99160, 273)]"
2019-06-28 13:38:00,ASK_DEPTH,"[(99549, 204)]"
2019-06-28 13:38:00,IMBALANCE,"[273, 204]"
2019-06-28 13:38:00,HOLDINGS_UPDATED,"{'CASH': 11292564, 'JPM': -14}"
2019-06-28 13:39:00,BID_DEPTH,"[(99160, 245)]"
2019-06-28 13:39:00,ASK_DEPTH,"[(99549, 204)]"
2019-06-28 13:39:00,IMBALANCE,"[245, 204]"
2019-06-28 13:39:00,HOLDINGS_UPDATED,"{'CASH': 11391724, 'JPM': -15}"
2019-06-28 13:40:00,BID_DEPTH,"[(99160, 117)]"
2019-06-28 13:40:00,ASK_DEPTH,"[(99607, 204)]"
2019-06-28 13:40:00,IMBALANCE,"[117, 204]"
2019-06-28 13:40:00,HOLDINGS_UPDATED,"{'CASH': 11490884, 'JPM': -16}"
2019-06-28 13:41:00,BID_DEPTH,"[(99020, 173)]"
2019-06-28 13:41:00,ASK_DEPTH,"[(100052, 204)]"
2019-06-28 13:41:00,IMBALANCE,"[173, 204]"
2019-06-28 13:41:00,HOLDINGS_UPDATED,"{'CASH': 11589904, 'JPM': -17}"
2019-06-28 13:42:00,BID_DEPTH,"[(99020, 173)]"
2019-06-28 13:42:00,ASK_DEPTH,"[(100100, 204)]"
2019-06-28 13:42:00,IMBALANCE,"[173, 204]"
2019-06-28 13:42:00,HOLDINGS_UPDATED,"{'CASH': 11688924, 'JPM': -18}"
2019-06-28 13:43:00,BID_DEPTH,"[(99021, 278)]"
2019-06-28 13:43:00,ASK_DEPTH,"[(100158, 309)]"
2019-06-28 13:43:00,IMBALANCE,"[278, 309]"
2019-06-28 13:43:00,HOLDINGS_UPDATED,"{'CASH': 11787945, 'JPM': -19}"
2019-06-28 13:44:00,BID_DEPTH,"[(100228, 127)]"
2019-06-28 13:44:00,ASK_DEPTH,"[(100240, 242)]"
2019-06-28 13:44:00,IMBALANCE,"[127, 242]"
2019-06-28 13:44:00,HOLDINGS_UPDATED,"{'CASH': 11888173, 'JPM': -20}"
2019-06-28 13:45:00,BID_DEPTH,"[(99020, 153)]"
2019-06-28 13:45:00,ASK_DEPTH,"[(100250, 184)]"
2019-06-28 13:45:00,IMBALANCE,"[153, 184]"
2019-06-28 13:45:00,HOLDINGS_UPDATED,"{'CASH': 11987193, 'JPM': -21}"
2019-06-28 13:46:00,BID_DEPTH,"[(99020, 587)]"
2019-06-28 13:46:00,ASK_DEPTH,"[(100259, 518)]"
2019-06-28 13:46:00,IMBALANCE,"[587, 518]"
2019-06-28 13:46:00,HOLDINGS_UPDATED,"{'CASH': 12086213, 'JPM': -22}"
2019-06-28 13:47:00,BID_DEPTH,"[(100129, 211)]"
2019-06-28 13:47:00,ASK_DEPTH,"[(100251, 242)]"
2019-06-28 13:47:00,IMBALANCE,"[211, 242]"
2019-06-28 13:47:00,HOLDINGS_UPDATED,"{'CASH': 12186342, 'JPM': -23}"
2019-06-28 13:48:00,BID_DEPTH,"[(100017, 278)]"
2019-06-28 13:48:00,ASK_DEPTH,"[(100259, 309)]"
2019-06-28 13:48:00,IMBALANCE,"[278, 309]"
2019-06-28 13:48:00,HOLDINGS_UPDATED,"{'CASH': 12286359, 'JPM': -24}"
2019-06-28 13:49:00,BID_DEPTH,"[(100259, 311)]"
2019-06-28 13:49:00,ASK_DEPTH,"[(100301, 242)]"
2019-06-28 13:49:00,IMBALANCE,"[311, 242]"
2019-06-28 13:49:00,HOLDINGS_UPDATED,"{'CASH': 12386618, 'JPM': -25}"
2019-06-28 13:50:00,BID_DEPTH,"[(100340, 242)]"
2019-06-28 13:50:00,ASK_DEPTH,"[(100478, 211)]"
2019-06-28 13:50:00,IMBALANCE,"[242, 211]"
2019-06-28 13:50:00,HOLDINGS_UPDATED,"{'CASH': 12286140, 'JPM': -24}"
2019-06-28 13:51:00,BID_DEPTH,"[(100340, 197)]"
2019-06-28 13:51:00,ASK_DEPTH,"[(100543, 173)]"
2019-06-28 13:51:00,IMBALANCE,"[197, 173]"
2019-06-28 13:51:00,HOLDINGS_UPDATED,"{'CASH': 12185597, 'JPM': -23}"
2019-06-28 13:52:00,BID_DEPTH,"[(100433, 518)]"
2019-06-28 13:52:00,ASK_DEPTH,"[(100543, 487)]"
2019-06-28 13:52:00,IMBALANCE,"[518, 487]"
2019-06-28 13:52:00,HOLDINGS_UPDATED,"{'CASH': 12085054, 'JPM': -22}"
2019-06-28 13:53:00,BID_DEPTH,"[(100340, 190)]"
2019-06-28 13:53:00,ASK_DEPTH,"[(100543, 173)]"
2019-06-28 13:53:00,IMBALANCE,"[190, 173]"
2019-06-28 13:53:00,HOLDINGS_UPDATED,"{'CASH': 11984511, 'JPM': -21}"
2019-06-28 13:54:00,BID_DEPTH,"[(100414, 309)]"
2019-06-28 13:54:00,ASK_DEPTH,"[(100438, 278)]"
2019-06-28 13:54:00,IMBALANCE,"[309, 278]"
2019-06-28 13:54:00,HOLDINGS_UPDATED,"{'CASH': 11884073, 'JPM': -20}"
2019-06-28 13:55:00,BID_DEPTH,"[(100340, 183)]"
2019-06-28 13:55:00,ASK_DEPTH,"[(100463, 173)]"
2019-06-28 13:55:00,IMBALANCE,"[183, 173]"
2019-06-28 13:55:00,HOLDINGS_UPDATED,"{'CASH': 11783610, 'JPM': -19}"
2019-06-28 13:56:00,BID_DEPTH,"[(100339, 204)]"
2019-06-28 13:56:00,ASK_DEPTH,"[(100448, 173)]"
2019-06-28 13:56:00,IMBALANCE,"[204, 173]"
2019-06-28 13:56:00,HOLDINGS_UPDATED,"{'CASH': 11683162, 'JPM': -18}"
2019-06-28 13:57:00,BID_DEPTH,"[(100290, 309)]"
2019-06-28 13:57:00,ASK_DEPTH,"[(100450, 278)]"
2019-06-28 13:57:00,IMBALANCE,"[309, 278]"
2019-06-28 13:57:00,HOLDINGS_UPDATED,"{'CASH': 11582712, 'JPM': -17}"
2019-06-28 13:58:00,BID_DEPTH,"[(100290, 511)]"
2019-06-28 13:58:00,ASK_DEPTH,"[(100450, 487)]"
2019-06-28 13:58:00,IMBALANCE,"[511, 487]"
2019-06-28 13:58:00,HOLDINGS_UPDATED,"{'CASH': 11482262, 'JPM': -16}"
2019-06-28 13:59:00,BID_DEPTH,"[(100290, 170)]"
2019-06-28 13:59:00,ASK_DEPTH,"[(100450, 153)]"
2019-06-28 13:59:00,IMBALANCE,"[170, 153]"
2019-06-28 13:59:00,HOLDINGS_UPDATED,"{'CASH': 11381812, 'JPM': -15}"
2019-06-28 14:00:00,BID_DEPTH,"[(100267, 184)]"
2019-06-28 14:00:00,ASK_DEPTH,"[(100558, 153)]"
2019-06-28 14:00:00,IMBALANCE,"[184, 153]"
2019-06-28 14:00:00,HOLDINGS_UPDATED,"{'CASH': 11281254, 'JPM': -14}"
2019-06-28 14:01:00,BID_DEPTH,"[(100181, 309)]"
2019-06-28 14:01:00,ASK_DEPTH,"[(100627, 278)]"
2019-06-28 14:01:00,IMBALANCE,"[309, 278]"
2019-06-28 14:01:00,HOLDINGS_UPDATED,"{'CASH': 11180627, 'JPM': -13}"
2019-06-28 14:02:00,BID_DEPTH,"[(100181, 511)]"
2019-06-28 14:02:00,ASK_DEPTH,"[(100805, 487)]"
2019-06-28 14:02:00,IMBALANCE,"[511, 487]"
2019-06-28 14:02:00,HOLDINGS_UPDATED,"{'CASH': 11079822, 'JPM': -12}"
2019-06-28 14:03:00,BID_DEPTH,"[(99580, 204)]"
2019-06-28 14:03:00,ASK_DEPTH,"[(100917, 173)]"
2019-06-28 14:03:00,IMBALANCE,"[204, 173]"
2019-06-28 14:03:00,HOLDINGS_UPDATED,"{'CASH': 10978905, 'JPM': -11}"
2019-06-28 14:04:00,BID_DEPTH,"[(99580, 309)]"
2019-06-28 14:04:00,ASK_DEPTH,"[(100917, 378)]"
2019-06-28 14:04:00,IMBALANCE,"[309, 378]"
2019-06-28 14:04:00,HOLDINGS_UPDATED,"{'CASH': 10877988, 'JPM': -10}"
2019-06-28 14:05:00,BID_DEPTH,"[(99580, 184)]"
2019-06-28 14:05:00,ASK_DEPTH,"[(100236, 153)]"
2019-06-28 14:05:00,IMBALANCE,"[184, 153]"
2019-06-28 14:05:00,HOLDINGS_UPDATED,"{'CASH': 10777752, 'JPM': -9}"
2019-06-28 14:06:00,BID_DEPTH,"[(99841, 204)]"
2019-06-28 14:06:00,ASK_DEPTH,"[(100917, 145)]"
2019-06-28 14:06:00,IMBALANCE,"[204, 145]"
2019-06-28 14:06:00,HOLDINGS_UPDATED,"{'CASH': 10676835, 'JPM': -8}"
2019-06-28 14:07:00,BID_DEPTH,"[(100259, 204)]"
2019-06-28 14:07:00,ASK_DEPTH,"[(100917, 173)]"
2019-06-28 14:07:00,IMBALANCE,"[204, 173]"
2019-06-28 14:07:00,HOLDINGS_UPDATED,"{'CASH': 10575918, 'JPM': -7}"
2019-06-28 14:08:00,BID_DEPTH,"[(100064, 242)]"
2019-06-28 14:08:00,ASK_DEPTH,"[(100917, 211)]"
2019-06-28 14:08:00,IMBALANCE,"[242, 211]"
2019-06-28 14:08:00,HOLDINGS_UPDATED,"{'CASH': 10475001, 'JPM': -6}"
2019-06-28 14:09:00,BID_DEPTH,"[(100064, 309)]"
2019-06-28 14:09:00,ASK_DEPTH,"[(100917, 378)]"
2019-06-28 14:09:00,IMBALANCE,"[309, 378]"
2019-06-28 14:09:00,HOLDINGS_UPDATED,"{'CASH': 10374084, 'JPM': -5}"
2019-06-28 14:10:00,BID_DEPTH,"[(100064, 518)]"
2019-06-28 14:10:00,ASK_DEPTH,"[(100193, 487)]"
2019-06-28 14:10:00,IMBALANCE,"[518, 487]"
2019-06-28 14:10:00,HOLDINGS_UPDATED,"{'CASH': 10273891, 'JPM': -4}"
2019-06-28 14:11:00,BID_DEPTH,"[(100064, 309)]"
2019-06-28 14:11:00,ASK_DEPTH,"[(100193, 378)]"
2019-06-28 14:11:00,IMBALANCE,"[309, 378]"
2019-06-28 14:11:00,HOLDINGS_UPDATED,"{'CASH': 10173698, 'JPM': -3}"
2019-06-28 14:12:00,BID_DEPTH,"[(100064, 184)]"
2019-06-28 14:12:00,ASK_DEPTH,"[(100193, 125)]"
2019-06-28 14:12:00,IMBALANCE,"[184, 125]"
2019-06-28 14:12:00,HOLDINGS_UPDATED,"{'CASH': 10073505, 'JPM': -2}"
2019-06-28 14:13:00,BID_DEPTH,"[(100193, 156)]"
2019-06-28 14:13:00,ASK_DEPTH,"[(100917, 325)]"
2019-06-28 14:13:00,IMBALANCE,"[156, 325]"
2019-06-28 14:13:00,HOLDINGS_UPDATED,"{'CASH': 9972588, 'JPM': -1}"
2019-06-28 14:14:00,BID_DEPTH,"[(100565, 309)]"
2019-06-28 14:14:00,ASK_DEPTH,"[(100802, 278)]"
2019-06-28 14:14:00,IMBALANCE,"[309, 278]"
2019-06-28 14:14:00,HOLDINGS_UPDATED,{'CASH': 9871786}
2019-06-28 14:15:00,BID_DEPTH,"[(100565, 204)]"
2019-06-28 14:15:00,ASK_DEPTH,"[(100802, 373)]"
2019-06-28 14:15:00,IMBALANCE,"[204, 373]"
2019-06-28 14:15:00,HOLDINGS_UPDATED,"{'CASH': 9770984, 'JPM': 1}"
2019-06-28 14:16:00,BID_DEPTH,"[(100480, 242)]"
2019-06-28 14:16:00,ASK_DEPTH,"[(100802, 383)]"
2019-06-28 14:16:00,IMBALANCE,"[242, 383]"
2019-06-28 14:16:00,HOLDINGS_UPDATED,"{'CASH': 9670182, 'JPM': 2}"
2019-06-28 14:17:00,BID_DEPTH,"[(100348, 184)]"
2019-06-28 14:17:00,ASK_DEPTH,"[(100802, 197)]"
2019-06-28 14:17:00,IMBALANCE,"[184, 197]"
2019-06-28 14:17:00,HOLDINGS_UPDATED,"{'CASH': 9569380, 'JPM': 3}"
2019-06-28 14:18:00,BID_DEPTH,"[(100348, 204)]"
2019-06-28 14:18:00,ASK_DEPTH,"[(100647, 173)]"
2019-06-28 14:18:00,IMBALANCE,"[204, 173]"
2019-06-28 14:18:00,HOLDINGS_UPDATED,"{'CASH': 9468733, 'JPM': 4}"
2019-06-28 14:19:00,BID_DEPTH,"[(100193, 156)]"
2019-06-28 14:19:00,ASK_DEPTH,"[(100663, 153)]"
2019-06-28 14:19:00,IMBALANCE,"[156, 153]"
2019-06-28 14:19:00,HOLDINGS_UPDATED,"{'CASH': 9368070, 'JPM': 5}"
2019-06-28 14:20:00,BID_DEPTH,"[(100193, 214)]"
2019-06-28 14:20:00,ASK_DEPTH,"[(100802, 127)]"
2019-06-28 14:20:00,IMBALANCE,"[214, 127]"
2019-06-28 14:20:00,HOLDINGS_UPDATED,"{'CASH': 9267268, 'JPM': 6}"
2019-06-28 14:21:00,BID_DEPTH,"[(100089, 242)]"
2019-06-28 14:21:00,ASK_DEPTH,"[(100193, 211)]"
2019-06-28 14:21:00,IMBALANCE,"[242, 211]"
2019-06-28 14:21:00,HOLDINGS_UPDATED,"{'CASH': 9167075, 'JPM': 7}"
2019-06-28 14:22:00,BID_DEPTH,"[(99954, 204)]"
2019-06-28 14:22:00,ASK_DEPTH,"[(100193, 173)]"
2019-06-28 14:22:00,IMBALANCE,"[204, 173]"
2019-06-28 14:22:00,HOLDINGS_UPDATED,"{'CASH': 9066882, 'JPM': 8}"
2019-06-28 14:23:00,BID_DEPTH,"[(99707, 518)]"
2019-06-28 14:23:00,ASK_DEPTH,"[(100802, 487)]"
2019-06-28 14:23:00,IMBALANCE,"[518, 487]"
2019-06-28 14:23:00,HOLDINGS_UPDATED,"{'CASH': 8966080, 'JPM': 9}"
2019-06-28 14:24:00,BID_DEPTH,"[(99437, 204)]"
2019-06-28 14:24:00,ASK_DEPTH,"[(100802, 173)]"
2019-06-28 14:24:00,IMBALANCE,"[204, 173]"
2019-06-28 14:24:00,HOLDINGS_UPDATED,"{'CASH': 8865278, 'JPM': 10}"
2019-06-28 14:25:00,BID_DEPTH,"[(99417, 518)]"
2019-06-28 14:25:00,ASK_DEPTH,"[(100802, 487)]"
2019-06-28 14:25:00,IMBALANCE,"[518, 487]"
2019-06-28 14:25:00,HOLDINGS_UPDATED,"{'CASH': 8764476, 'JPM': 11}"
2019-06-28 14:26:00,BID_DEPTH,"[(99417, 309)]"
2019-06-28 14:26:00,ASK_DEPTH,"[(100802, 278)]"
2019-06-28 14:26:00,IMBALANCE,"[309, 278]"
2019-06-28 14:26:00,HOLDINGS_UPDATED,"{'CASH': 8663674, 'JPM': 12}"
2019-06-28 14:27:00,BID_DEPTH,"[(99105, 184)]"
2019-06-28 14:27:00,ASK_DEPTH,"[(99417, 153)]"
2019-06-28 14:27:00,IMBALANCE,"[184, 153]"
2019-06-28 14:27:00,HOLDINGS_UPDATED,"{'CASH': 8564257, 'JPM': 13}"
2019-06-28 14:28:00,BID_DEPTH,"[(99077, 204)]"
2019-06-28 14:28:00,ASK_DEPTH,"[(99174, 273)]"
2019-06-28 14:28:00,IMBALANCE,"[204, 273]"
2019-06-28 14:28:00,HOLDINGS_UPDATED,"{'CASH': 8465083, 'JPM': 14}"
2019-06-28 14:29:00,BID_DEPTH,"[(99077, 278)]"
2019-06-28 14:29:00,ASK_DEPTH,"[(99174, 274)]"
2019-06-28 14:29:00,IMBALANCE,"[278, 274]"
2019-06-28 14:29:00,HOLDINGS_UPDATED,"{'CASH': 8564160, 'JPM': 13}"
2019-06-28 14:30:00,BID_DEPTH,"[(99077, 153)]"
2019-06-28 14:30:00,ASK_DEPTH,"[(99266, 184)]"
2019-06-28 14:30:00,IMBALANCE,"[153, 184]"
2019-06-28 14:30:00,HOLDINGS_UPDATED,"{'CASH': 8663237, 'JPM': 12}"
2019-06-28 14:31:00,BID_DEPTH,"[(98989, 487)]"
2019-06-28 14:31:00,ASK_DEPTH,"[(99266, 611)]"
2019-06-28 14:31:00,IMBALANCE,"[487, 611]"
2019-06-28 14:31:00,HOLDINGS_UPDATED,"{'CASH': 8762226, 'JPM': 11}"
2019-06-28 14:32:00,BID_DEPTH,"[(98874, 173)]"
2019-06-28 14:32:00,ASK_DEPTH,"[(98940, 204)]"
2019-06-28 14:32:00,IMBALANCE,"[173, 204]"
2019-06-28 14:32:00,HOLDINGS_UPDATED,"{'CASH': 8861100, 'JPM': 10}"
2019-06-28 14:33:00,BID_DEPTH,"[(98775, 153)]"
2019-06-28 14:33:00,ASK_DEPTH,"[(98874, 108)]"
2019-06-28 14:33:00,IMBALANCE,"[153, 108]"
2019-06-28 14:33:00,HOLDINGS_UPDATED,"{'CASH': 8959875, 'JPM': 9}"
2019-06-28 14:34:00,BID_DEPTH,"[(98321, 487)]"
2019-06-28 14:34:00,ASK_DEPTH,"[(98874, 535)]"
2019-06-28 14:34:00,IMBALANCE,"[487, 535]"
2019-06-28 14:34:00,HOLDINGS_UPDATED,"{'CASH': 9058196, 'JPM': 8}"
2019-06-28 14:35:00,BID_DEPTH,"[(98265, 211)]"
2019-06-28 14:35:00,ASK_DEPTH,"[(98873, 242)]"
2019-06-28 14:35:00,IMBALANCE,"[211, 242]"
2019-06-28 14:35:00,HOLDINGS_UPDATED,"{'CASH': 9156461, 'JPM': 7}"
2019-06-28 14:36:00,BID_DEPTH,"[(98251, 211)]"
2019-06-28 14:36:00,ASK_DEPTH,"[(98873, 435)]"
2019-06-28 14:36:00,IMBALANCE,"[211, 435]"
2019-06-28 14:36:00,HOLDINGS_UPDATED,"{'CASH': 9254712, 'JPM': 6}"
2019-06-28 14:37:00,BID_DEPTH,"[(98163, 173)]"
2019-06-28 14:37:00,ASK_DEPTH,"[(98873, 490)]"
2019-06-28 14:37:00,IMBALANCE,"[173, 490]"
2019-06-28 14:37:00,HOLDINGS_UPDATED,"{'CASH': 9352875, 'JPM': 5}"
2019-06-28 14:38:00,BID_DEPTH,"[(97945, 487)]"
2019-06-28 14:38:00,ASK_DEPTH,"[(98873, 897)]"
2019-06-28 14:38:00,IMBALANCE,"[487, 897]"
2019-06-28 14:38:00,HOLDINGS_UPDATED,"{'CASH': 9450820, 'JPM': 4}"
2019-06-28 14:39:00,BID_DEPTH,"[(97934, 487)]"
2019-06-28 14:39:00,ASK_DEPTH,"[(98374, 518)]"
2019-06-28 14:39:00,IMBALANCE,"[487, 518]"
2019-06-28 14:39:00,HOLDINGS_UPDATED,"{'CASH': 9548754, 'JPM': 3}"
2019-06-28 14:40:00,BID_DEPTH,"[(97885, 211)]"
2019-06-28 14:40:00,ASK_DEPTH,"[(98374, 235)]"
2019-06-28 14:40:00,IMBALANCE,"[211, 235]"
2019-06-28 14:40:00,HOLDINGS_UPDATED,"{'CASH': 9646639, 'JPM': 2}"
2019-06-28 14:41:00,BID_DEPTH,"[(98414, 127)]"
2019-06-28 14:41:00,ASK_DEPTH,"[(98612, 242)]"
2019-06-28 14:41:00,IMBALANCE,"[127, 242]"
2019-06-28 14:41:00,HOLDINGS_UPDATED,"{'CASH': 9745053, 'JPM': 1}"
2019-06-28 14:42:00,BID_DEPTH,"[(98612, 153)]"
2019-06-28 14:42:00,ASK_DEPTH,"[(98873, 556)]"
2019-06-28 14:42:00,IMBALANCE,"[153, 556]"
2019-06-28 14:42:00,HOLDINGS_UPDATED,{'CASH': 9843665}
2019-06-28 14:43:00,BID_DEPTH,"[(98612, 278)]"
2019-06-28 14:43:00,ASK_DEPTH,"[(98873, 381)]"
2019-06-28 14:43:00,IMBALANCE,"[278, 381]"
2019-06-28 14:43:00,HOLDINGS_UPDATED,"{'CASH': 9942277, 'JPM': -1}"
2019-06-28 14:44:00,BID_DEPTH,"[(98414, 211)]"
2019-06-28 14:44:00,ASK_DEPTH,"[(98940, 235)]"
2019-06-28 14:44:00,IMBALANCE,"[211, 235]"
2019-06-28 14:44:00,HOLDINGS_UPDATED,"{'CASH': 10040691, 'JPM': -2}"
2019-06-28 14:45:00,BID_DEPTH,"[(98414, 278)]"
2019-06-28 14:45:00,ASK_DEPTH,"[(99266, 309)]"
2019-06-28 14:45:00,IMBALANCE,"[278, 309]"
2019-06-28 14:45:00,HOLDINGS_UPDATED,"{'CASH': 10139105, 'JPM': -3}"
2019-06-28 14:46:00,BID_DEPTH,"[(98414, 173)]"
2019-06-28 14:46:00,ASK_DEPTH,"[(99266, 204)]"
2019-06-28 14:46:00,IMBALANCE,"[173, 204]"
2019-06-28 14:46:00,HOLDINGS_UPDATED,"{'CASH': 10237519, 'JPM': -4}"
2019-06-28 14:47:00,BID_DEPTH,"[(98414, 153)]"
2019-06-28 14:47:00,ASK_DEPTH,"[(99266, 184)]"
2019-06-28 14:47:00,IMBALANCE,"[153, 184]"
2019-06-28 14:47:00,HOLDINGS_UPDATED,"{'CASH': 10335933, 'JPM': -5}"
2019-06-28 14:48:00,BID_DEPTH,"[(98455, 211)]"
2019-06-28 14:48:00,ASK_DEPTH,"[(98684, 242)]"
2019-06-28 14:48:00,IMBALANCE,"[211, 242]"
2019-06-28 14:48:00,HOLDINGS_UPDATED,"{'CASH': 10434388, 'JPM': -6}"
2019-06-28 14:49:00,BID_DEPTH,"[(99003, 173)]"
2019-06-28 14:49:00,ASK_DEPTH,"[(99006, 204)]"
2019-06-28 14:49:00,IMBALANCE,"[173, 204]"
2019-06-28 14:49:00,HOLDINGS_UPDATED,"{'CASH': 10533391, 'JPM': -7}"
2019-06-28 14:50:00,BID_DEPTH,"[(98455, 278)]"
2019-06-28 14:50:00,ASK_DEPTH,"[(99189, 309)]"
2019-06-28 14:50:00,IMBALANCE,"[278, 309]"
2019-06-28 14:50:00,HOLDINGS_UPDATED,"{'CASH': 10631846, 'JPM': -8}"
2019-06-28 14:51:00,BID_DEPTH,"[(99023, 278)]"
2019-06-28 14:51:00,ASK_DEPTH,"[(99189, 309)]"
2019-06-28 14:51:00,IMBALANCE,"[278, 309]"
2019-06-28 14:51:00,HOLDINGS_UPDATED,"{'CASH': 10730869, 'JPM': -9}"
2019-06-28 14:52:00,BID_DEPTH,"[(99023, 487)]"
2019-06-28 14:52:00,ASK_DEPTH,"[(99266, 518)]"
2019-06-28 14:52:00,IMBALANCE,"[487, 518]"
2019-06-28 14:52:00,HOLDINGS_UPDATED,"{'CASH': 10829892, 'JPM': -10}"
2019-06-28 14:53:00,BID_DEPTH,"[(99083, 173)]"
2019-06-28 14:53:00,ASK_DEPTH,"[(99282, 204)]"
2019-06-28 14:53:00,IMBALANCE,"[173, 204]"
2019-06-28 14:53:00,HOLDINGS_UPDATED,"{'CASH': 10928975, 'JPM': -11}"
2019-06-28 14:54:00,BID_DEPTH,"[(99262, 487)]"
2019-06-28 14:54:00,ASK_DEPTH,"[(99282, 518)]"
2019-06-28 14:54:00,IMBALANCE,"[487, 518]"
2019-06-28 14:54:00,HOLDINGS_UPDATED,"{'CASH': 11028237, 'JPM': -12}"
2019-06-28 14:55:00,BID_DEPTH,"[(99161, 153)]"
2019-06-28 14:55:00,ASK_DEPTH,"[(99337, 184)]"
2019-06-28 14:55:00,IMBALANCE,"[153, 184]"
2019-06-28 14:55:00,HOLDINGS_UPDATED,"{'CASH': 11127398, 'JPM': -13}"
2019-06-28 14:56:00,BID_DEPTH,"[(99337, 189)]"
2019-06-28 14:56:00,ASK_DEPTH,"[(99571, 204)]"
2019-06-28 14:56:00,IMBALANCE,"[189, 204]"
2019-06-28 14:56:00,HOLDINGS_UPDATED,"{'CASH': 11226735, 'JPM': -14}"
2019-06-28 14:57:00,BID_DEPTH,"[(99337, 173)]"
2019-06-28 14:57:00,ASK_DEPTH,"[(99533, 204)]"
2019-06-28 14:57:00,IMBALANCE,"[173, 204]"
2019-06-28 14:57:00,HOLDINGS_UPDATED,"{'CASH': 11326072, 'JPM': -15}"
2019-06-28 14:58:00,BID_DEPTH,"[(97834, 278)]"
2019-06-28 14:58:00,ASK_DEPTH,"[(99503, 309)]"
2019-06-28 14:58:00,IMBALANCE,"[278, 309]"
2019-06-28 14:58:00,HOLDINGS_UPDATED,"{'CASH': 11423906, 'JPM': -16}"
2019-06-28 14:59:00,BID_DEPTH,"[(99455, 211)]"
2019-06-28 14:59:00,ASK_DEPTH,"[(99502, 242)]"
2019-06-28 14:59:00,IMBALANCE,"[211, 242]"
2019-06-28 14:59:00,HOLDINGS_UPDATED,"{'CASH': 11523361, 'JPM': -17}"
2019-06-28 15:00:00,BID_DEPTH,"[(99034, 278)]"
2019-06-28 15:00:00,ASK_DEPTH,"[(99277, 309)]"
2019-06-28 15:00:00,IMBALANCE,"[278, 309]"
2019-06-28 15:00:00,HOLDINGS_UPDATED,"{'CASH': 11622395, 'JPM': -18}"
2019-06-28 15:01:00,BID_DEPTH,"[(98719, 153)]"
2019-06-28 15:01:00,ASK_DEPTH,"[(99109, 184)]"
2019-06-28 15:01:00,IMBALANCE,"[153, 184]"
2019-06-28 15:01:00,HOLDINGS_UPDATED,"{'CASH': 11721114, 'JPM': -19}"
2019-06-28 15:02:00,BID_DEPTH,"[(98930, 173)]"
2019-06-28 15:02:00,ASK_DEPTH,"[(99277, 204)]"
2019-06-28 15:02:00,IMBALANCE,"[173, 204]"
2019-06-28 15:02:00,HOLDINGS_UPDATED,"{'CASH': 11820044, 'JPM': -20}"
2019-06-28 15:03:00,BID_DEPTH,"[(99236, 487)]"
2019-06-28 15:03:00,ASK_DEPTH,"[(99277, 518)]"
2019-06-28 15:03:00,IMBALANCE,"[487, 518]"
2019-06-28 15:03:00,HOLDINGS_UPDATED,"{'CASH': 11919280, 'JPM': -21}"
2019-06-28 15:04:00,BID_DEPTH,"[(98930, 153)]"
2019-06-28 15:04:00,ASK_DEPTH,"[(99277, 184)]"
2019-06-28 15:04:00,IMBALANCE,"[153, 184]"
2019-06-28 15:04:00,HOLDINGS_UPDATED,"{'CASH': 12018210, 'JPM': -22}"
2019-06-28 15:05:00,BID_DEPTH,"[(98896, 173)]"
2019-06-28 15:05:00,ASK_DEPTH,"[(99228, 204)]"
2019-06-28 15:05:00,IMBALANCE,"[173, 204]"
2019-06-28 15:05:00,HOLDINGS_UPDATED,"{'CASH': 12117106, 'JPM': -23}"
2019-06-28 15:06:00,BID_DEPTH,"[(99128, 173)]"
2019-06-28 15:06:00,ASK_DEPTH,"[(99246, 204)]"
2019-06-28 15:06:00,IMBALANCE,"[173, 204]"
2019-06-28 15:06:00,HOLDINGS_UPDATED,"{'CASH': 12216234, 'JPM': -24}"
2019-06-28 15:07:00,BID_DEPTH,"[(99246, 278)]"
2019-06-28 15:07:00,ASK_DEPTH,"[(99503, 309)]"
2019-06-28 15:07:00,IMBALANCE,"[278, 309]"
2019-06-28 15:07:00,HOLDINGS_UPDATED,"{'CASH': 12315480, 'JPM': -25}"
2019-06-28 15:08:00,BID_DEPTH,"[(99533, 434)]"
2019-06-28 15:08:00,ASK_DEPTH,"[(99610, 487)]"
2019-06-28 15:08:00,IMBALANCE,"[434, 487]"
2019-06-28 15:08:00,HOLDINGS_UPDATED,"{'CASH': 12215870, 'JPM': -24}"
2019-06-28 15:09:00,BID_DEPTH,"[(99849, 204)]"
2019-06-28 15:09:00,ASK_DEPTH,"[(100133, 173)]"
2019-06-28 15:09:00,IMBALANCE,"[204, 173]"
2019-06-28 15:09:00,HOLDINGS_UPDATED,"{'CASH': 12115737, 'JPM': -23}"
2019-06-28 15:10:00,BID_DEPTH,"[(99849, 611)]"
2019-06-28 15:10:00,ASK_DEPTH,"[(100202, 487)]"
2019-06-28 15:10:00,IMBALANCE,"[611, 487]"
2019-06-28 15:10:00,HOLDINGS_UPDATED,"{'CASH': 12015535, 'JPM': -22}"
2019-06-28 15:11:00,BID_DEPTH,"[(99849, 495)]"
2019-06-28 15:11:00,ASK_DEPTH,"[(100319, 278)]"
2019-06-28 15:11:00,IMBALANCE,"[495, 278]"
2019-06-28 15:11:00,HOLDINGS_UPDATED,"{'CASH': 11915216, 'JPM': -21}"
2019-06-28 15:12:00,BID_DEPTH,"[(99849, 488)]"
2019-06-28 15:12:00,ASK_DEPTH,"[(100402, 278)]"
2019-06-28 15:12:00,IMBALANCE,"[488, 278]"
2019-06-28 15:12:00,HOLDINGS_UPDATED,"{'CASH': 11814814, 'JPM': -20}"
2019-06-28 15:13:00,BID_DEPTH,"[(100501, 242)]"
2019-06-28 15:13:00,ASK_DEPTH,"[(100555, 311)]"
2019-06-28 15:13:00,IMBALANCE,"[242, 311]"
2019-06-28 15:13:00,HOLDINGS_UPDATED,"{'CASH': 11714259, 'JPM': -19}"
2019-06-28 15:14:00,BID_DEPTH,"[(100375, 184)]"
2019-06-28 15:14:00,ASK_DEPTH,"[(100555, 125)]"
2019-06-28 15:14:00,IMBALANCE,"[184, 125]"
2019-06-28 15:14:00,HOLDINGS_UPDATED,"{'CASH': 11613704, 'JPM': -18}"
2019-06-28 15:15:00,BID_DEPTH,"[(100589, 309)]"
2019-06-28 15:15:00,ASK_DEPTH,"[(100629, 278)]"
2019-06-28 15:15:00,IMBALANCE,"[309, 278]"
2019-06-28 15:15:00,HOLDINGS_UPDATED,"{'CASH': 11513075, 'JPM': -17}"
2019-06-28 15:16:00,BID_DEPTH,"[(100499, 242)]"
2019-06-28 15:16:00,ASK_DEPTH,"[(100705, 211)]"
2019-06-28 15:16:00,IMBALANCE,"[242, 211]"
2019-06-28 15:16:00,HOLDINGS_UPDATED,"{'CASH': 11412370, 'JPM': -16}"
2019-06-28 15:17:00,BID_DEPTH,"[(100499, 297)]"
2019-06-28 15:17:00,ASK_DEPTH,"[(100655, 173)]"
2019-06-28 15:17:00,IMBALANCE,"[297, 173]"
2019-06-28 15:17:00,HOLDINGS_UPDATED,"{'CASH': 11311715, 'JPM': -15}"
2019-06-28 15:18:00,BID_DEPTH,"[(100500, 518)]"
2019-06-28 15:18:00,ASK_DEPTH,"[(100561, 487)]"
2019-06-28 15:18:00,IMBALANCE,"[518, 487]"
2019-06-28 15:18:00,HOLDINGS_UPDATED,"{'CASH': 11211154, 'JPM': -14}"
2019-06-28 15:19:00,BID_DEPTH,"[(100641, 184)]"
2019-06-28 15:19:00,ASK_DEPTH,"[(100705, 153)]"
2019-06-28 15:19:00,IMBALANCE,"[184, 153]"
2019-06-28 15:19:00,HOLDINGS_UPDATED,"{'CASH': 11110449, 'JPM': -13}"
2019-06-28 15:20:00,BID_DEPTH,"[(100645, 184)]"
2019-06-28 15:20:00,ASK_DEPTH,"[(100822, 153)]"
2019-06-28 15:20:00,IMBALANCE,"[184, 153]"
2019-06-28 15:20:00,HOLDINGS_UPDATED,"{'CASH': 11009627, 'JPM': -12}"
2019-06-28 15:21:00,BID_DEPTH,"[(100645, 197)]"
2019-06-28 15:21:00,ASK_DEPTH,"[(100922, 173)]"
2019-06-28 15:21:00,IMBALANCE,"[197, 173]"
2019-06-28 15:21:00,HOLDINGS_UPDATED,"{'CASH': 10908705, 'JPM': -11}"
2019-06-28 15:22:00,BID_DEPTH,"[(100645, 270)]"
2019-06-28 15:22:00,ASK_DEPTH,"[(100721, 153)]"
2019-06-28 15:22:00,IMBALANCE,"[270, 153]"
2019-06-28 15:22:00,HOLDINGS_UPDATED,"{'CASH': 10807984, 'JPM': -10}"
2019-06-28 15:23:00,BID_DEPTH,"[(100645, 163)]"
2019-06-28 15:23:00,ASK_DEPTH,"[(100721, 253)]"
2019-06-28 15:23:00,IMBALANCE,"[163, 253]"
2019-06-28 15:23:00,HOLDINGS_UPDATED,"{'CASH': 10707263, 'JPM': -9}"
2019-06-28 15:24:00,BID_DEPTH,"[(100645, 183)]"
2019-06-28 15:24:00,ASK_DEPTH,"[(100734, 173)]"
2019-06-28 15:24:00,IMBALANCE,"[183, 173]"
2019-06-28 15:24:00,HOLDINGS_UPDATED,"{'CASH': 10606529, 'JPM': -8}"
2019-06-28 15:25:00,BID_DEPTH,"[(100734, 184)]"
2019-06-28 15:25:00,ASK_DEPTH,"[(100790, 153)]"
2019-06-28 15:25:00,IMBALANCE,"[184, 153]"
2019-06-28 15:25:00,HOLDINGS_UPDATED,"{'CASH': 10505739, 'JPM': -7}"
2019-06-28 15:26:00,BID_DEPTH,"[(100734, 518)]"
2019-06-28 15:26:00,ASK_DEPTH,"[(100910, 487)]"
2019-06-28 15:26:00,IMBALANCE,"[518, 487]"
2019-06-28 15:26:00,HOLDINGS_UPDATED,"{'CASH': 10404829, 'JPM': -6}"
2019-06-28 15:27:00,BID_DEPTH,"[(100734, 518)]"
2019-06-28 15:27:00,ASK_DEPTH,"[(101012, 487)]"
2019-06-28 15:27:00,IMBALANCE,"[518, 487]"
2019-06-28 15:27:00,HOLDINGS_UPDATED,"{'CASH': 10303817, 'JPM': -5}"
2019-06-28 15:28:00,BID_DEPTH,"[(100796, 309)]"
2019-06-28 15:28:00,ASK_DEPTH,"[(101094, 278)]"
2019-06-28 15:28:00,IMBALANCE,"[309, 278]"
2019-06-28 15:28:00,HOLDINGS_UPDATED,"{'CASH': 10202723, 'JPM': -4}"
2019-06-28 15:29:00,BID_DEPTH,"[(100734, 518)]"
2019-06-28 15:29:00,ASK_DEPTH,"[(100939, 487)]"
2019-06-28 15:29:00,IMBALANCE,"[518, 487]"
2019-06-28 15:29:00,HOLDINGS_UPDATED,"{'CASH': 10101784, 'JPM': -3}"
2019-06-28 15:30:00,BID_DEPTH,"[(100515, 184)]"
2019-06-28 15:30:00,ASK_DEPTH,"[(100734, 153)]"
2019-06-28 15:30:00,IMBALANCE,"[184, 153]"
2019-06-28 15:30:00,HOLDINGS_UPDATED,"{'CASH': 10001050, 'JPM': -2}"
2019-06-28 15:31:00,BID_DEPTH,"[(100490, 518)]"
2019-06-28 15:31:00,ASK_DEPTH,"[(100514, 487)]"
2019-06-28 15:31:00,IMBALANCE,"[518, 487]"
2019-06-28 15:31:00,HOLDINGS_UPDATED,"{'CASH': 9900536, 'JPM': -1}"
2019-06-28 15:32:00,BID_DEPTH,"[(100474, 242)]"
2019-06-28 15:32:00,ASK_DEPTH,"[(100490, 211)]"
2019-06-28 15:32:00,IMBALANCE,"[242, 211]"
2019-06-28 15:32:00,HOLDINGS_UPDATED,{'CASH': 9800046}
2019-06-28 15:33:00,BID_DEPTH,"[(100396, 184)]"
2019-06-28 15:33:00,ASK_DEPTH,"[(100490, 153)]"
2019-06-28 15:33:00,IMBALANCE,"[184, 153]"
2019-06-28 15:33:00,HOLDINGS_UPDATED,"{'CASH': 9699556, 'JPM': 1}"
2019-06-28 15:34:00,BID_DEPTH,"[(100396, 242)]"
2019-06-28 15:34:00,ASK_DEPTH,"[(100960, 211)]"
2019-06-28 15:34:00,IMBALANCE,"[242, 211]"
2019-06-28 15:34:00,HOLDINGS_UPDATED,"{'CASH': 9598596, 'JPM': 2}"
2019-06-28 15:35:00,BID_DEPTH,"[(100091, 518)]"
2019-06-28 15:35:00,ASK_DEPTH,"[(101094, 587)]"
2019-06-28 15:35:00,IMBALANCE,"[518, 587]"
2019-06-28 15:35:00,HOLDINGS_UPDATED,"{'CASH': 9497502, 'JPM': 3}"
2019-06-28 15:36:00,BID_DEPTH,"[(100226, 204)]"
2019-06-28 15:36:00,ASK_DEPTH,"[(101094, 345)]"
2019-06-28 15:36:00,IMBALANCE,"[204, 345]"
2019-06-28 15:36:00,HOLDINGS_UPDATED,"{'CASH': 9396408, 'JPM': 4}"
2019-06-28 15:37:00,BID_DEPTH,"[(100226, 518)]"
2019-06-28 15:37:00,ASK_DEPTH,"[(101094, 531)]"
2019-06-28 15:37:00,IMBALANCE,"[518, 531]"
2019-06-28 15:37:00,HOLDINGS_UPDATED,"{'CASH': 9295314, 'JPM': 5}"
2019-06-28 15:38:00,BID_DEPTH,"[(100395, 184)]"
2019-06-28 15:38:00,ASK_DEPTH,"[(101094, 369)]"
2019-06-28 15:38:00,IMBALANCE,"[184, 369]"
2019-06-28 15:38:00,HOLDINGS_UPDATED,"{'CASH': 9194220, 'JPM': 6}"
2019-06-28 15:39:00,BID_DEPTH,"[(100395, 242)]"
2019-06-28 15:39:00,ASK_DEPTH,"[(101094, 399)]"
2019-06-28 15:39:00,IMBALANCE,"[242, 399]"
2019-06-28 15:39:00,HOLDINGS_UPDATED,"{'CASH': 9093126, 'JPM': 7}"
2019-06-28 15:40:00,BID_DEPTH,"[(100226, 242)]"
2019-06-28 15:40:00,ASK_DEPTH,"[(100325, 211)]"
2019-06-28 15:40:00,IMBALANCE,"[242, 211]"
2019-06-28 15:40:00,HOLDINGS_UPDATED,"{'CASH': 8992801, 'JPM': 8}"
2019-06-28 15:41:00,BID_DEPTH,"[(100226, 242)]"
2019-06-28 15:41:00,ASK_DEPTH,"[(100605, 211)]"
2019-06-28 15:41:00,IMBALANCE,"[242, 211]"
2019-06-28 15:41:00,HOLDINGS_UPDATED,"{'CASH': 8892196, 'JPM': 9}"
2019-06-28 15:42:00,BID_DEPTH,"[(100577, 242)]"
2019-06-28 15:42:00,ASK_DEPTH,"[(100671, 211)]"
2019-06-28 15:42:00,IMBALANCE,"[242, 211]"
2019-06-28 15:42:00,HOLDINGS_UPDATED,"{'CASH': 8791525, 'JPM': 10}"
2019-06-28 15:43:00,BID_DEPTH,"[(100763, 204)]"
2019-06-28 15:43:00,ASK_DEPTH,"[(100941, 173)]"
2019-06-28 15:43:00,IMBALANCE,"[204, 173]"
2019-06-28 15:43:00,HOLDINGS_UPDATED,"{'CASH': 8690584, 'JPM': 11}"
2019-06-28 15:44:00,BID_DEPTH,"[(100833, 120)]"
2019-06-28 15:44:00,ASK_DEPTH,"[(101037, 173)]"
2019-06-28 15:44:00,IMBALANCE,"[120, 173]"
2019-06-28 15:44:00,HOLDINGS_UPDATED,"{'CASH': 8589547, 'JPM': 12}"
2019-06-28 15:45:00,BID_DEPTH,"[(101003, 204)]"
2019-06-28 15:45:00,ASK_DEPTH,"[(101062, 173)]"
2019-06-28 15:45:00,IMBALANCE,"[204, 173]"
2019-06-28 15:45:00,HOLDINGS_UPDATED,"{'CASH': 8488485, 'JPM': 13}"
2019-06-28 15:46:00,BID_DEPTH,"[(100833, 158)]"
2019-06-28 15:46:00,ASK_DEPTH,"[(101061, 211)]"
2019-06-28 15:46:00,IMBALANCE,"[158, 211]"
2019-06-28 15:46:00,HOLDINGS_UPDATED,"{'CASH': 8387424, 'JPM': 14}"
2019-06-28 15:47:00,BID_DEPTH,"[(100686, 242)]"
2019-06-28 15:47:00,ASK_DEPTH,"[(101062, 211)]"
2019-06-28 15:47:00,IMBALANCE,"[242, 211]"
2019-06-28 15:47:00,HOLDINGS_UPDATED,"{'CASH': 8286362, 'JPM': 15}"
2019-06-28 15:48:00,BID_DEPTH,"[(100556, 309)]"
2019-06-28 15:48:00,ASK_DEPTH,"[(100739, 278)]"
2019-06-28 15:48:00,IMBALANCE,"[309, 278]"
2019-06-28 15:48:00,HOLDINGS_UPDATED,"{'CASH': 8185623, 'JPM': 16}"
2019-06-28 15:49:00,BID_DEPTH,"[(100556, 204)]"
2019-06-28 15:49:00,ASK_DEPTH,"[(100740, 173)]"
2019-06-28 15:49:00,IMBALANCE,"[204, 173]"
2019-06-28 15:49:00,HOLDINGS_UPDATED,"{'CASH': 8084883, 'JPM': 17}"
2019-06-28 15:50:00,BID_DEPTH,"[(100374, 184)]"
2019-06-28 15:50:00,ASK_DEPTH,"[(100740, 153)]"
2019-06-28 15:50:00,IMBALANCE,"[184, 153]"
2019-06-28 15:50:00,HOLDINGS_UPDATED,"{'CASH': 7984143, 'JPM': 18}"
2019-06-28 15:51:00,BID_DEPTH,"[(100270, 242)]"
2019-06-28 15:51:00,ASK_DEPTH,"[(100768, 211)]"
2019-06-28 15:51:00,IMBALANCE,"[242, 211]"
2019-06-28 15:51:00,HOLDINGS_UPDATED,"{'CASH': 7883375, 'JPM': 19}"
2019-06-28 15:52:00,BID_DEPTH,"[(100260, 309)]"
2019-06-28 15:52:00,ASK_DEPTH,"[(100768, 378)]"
2019-06-28 15:52:00,IMBALANCE,"[309, 378]"
2019-06-28 15:52:00,HOLDINGS_UPDATED,"{'CASH': 7782607, 'JPM': 20}"
2019-06-28 15:53:00,BID_DEPTH,"[(100260, 242)]"
2019-06-28 15:53:00,ASK_DEPTH,"[(100768, 283)]"
2019-06-28 15:53:00,IMBALANCE,"[242, 283]"
2019-06-28 15:53:00,HOLDINGS_UPDATED,"{'CASH': 7681839, 'JPM': 21}"
2019-06-28 15:54:00,BID_DEPTH,"[(100142, 242)]"
2019-06-28 15:54:00,ASK_DEPTH,"[(100768, 255)]"
2019-06-28 15:54:00,IMBALANCE,"[242, 255]"
2019-06-28 15:54:00,HOLDINGS_UPDATED,"{'CASH': 7581071, 'JPM': 22}"
2019-06-28 15:55:00,BID_DEPTH,"[(99934, 518)]"
2019-06-28 15:55:00,ASK_DEPTH,"[(100768, 403)]"
2019-06-28 15:55:00,IMBALANCE,"[518, 403]"
2019-06-28 15:55:00,HOLDINGS_UPDATED,"{'CASH': 7480303, 'JPM': 23}"
2019-06-28 15:56:00,BID_DEPTH,"[(99934, 242)]"
2019-06-28 15:56:00,ASK_DEPTH,"[(100768, 211)]"
2019-06-28 15:56:00,IMBALANCE,"[242, 211]"
2019-06-28 15:56:00,HOLDINGS_UPDATED,"{'CASH': 7379535, 'JPM': 24}"
2019-06-28 15:57:00,BID_DEPTH,"[(99934, 242)]"
2019-06-28 15:57:00,ASK_DEPTH,"[(100768, 211)]"
2019-06-28 15:57:00,IMBALANCE,"[242, 211]"
2019-06-28 15:57:00,HOLDINGS_UPDATED,"{'CASH': 7278767, 'JPM': 25}"
2019-06-28 15:58:00,BID_DEPTH,"[(99854, 184)]"
2019-06-28 15:58:00,ASK_DEPTH,"[(101160, 153)]"
2019-06-28 15:58:00,IMBALANCE,"[184, 153]"
2019-06-28 15:58:00,HOLDINGS_UPDATED,"{'CASH': 7177607, 'JPM': 26}"
2019-06-28 15:59:00,BID_DEPTH,"[(99854, 487)]"
2019-06-28 15:59:00,ASK_DEPTH,"[(101160, 518)]"
2019-06-28 15:59:00,IMBALANCE,"[487, 518]"
2019-06-28 15:59:00,HOLDINGS_UPDATED,"{'CASH': 7277461, 'JPM': 25}"
2019-06-28 16:00:00,BID_DEPTH,"[(98557, 487)]"
2019-06-28 16:00:00,ASK_DEPTH,"[(99854, 618)]"
2019-06-28 16:00:00,IMBALANCE,"[487, 618]"
2019-06-28 16:00:00,HOLDINGS_UPDATED,"{'CASH': 7376018, 'JPM': 24}"
2019-06-28 16:01:00,BID_DEPTH,"[(98557, 390)]"
2019-06-28 16:01:00,ASK_DEPTH,"[(99854, 611)]"
2019-06-28 16:01:00,IMBALANCE,"[390, 611]"
2019-06-28 16:01:00,MKT_CLOSED,
2019-06-28 16:01:00,FINAL_HOLDINGS,"{ JPM: 24, CASH: 7376018 }"
2019-06-28 16:01:00,FINAL_CASH_POSITION,7376018
2019-06-28 16:01:00,MARK_TO_MARKET,24 JPM @ 99854 == 2396496
2019-06-28 16:01:00,MARKED_TO_MARKET,9772514
2019-06-28 16:01:00,ENDING_CASH,9772514
