EventTime,EventType,Event
,AGENT_TYPE,MomentumAgent
,STARTING_CASH,10000000
2019-06-28 09:30:00,HOLDINGS_UPDATED,{'CASH': 10000000}
2019-06-28 09:31:00,BID_DEPTH,"[(100010, 173)]"
2019-06-28 09:31:00,ASK_DEPTH,"[(100018, 173)]"
2019-06-28 09:31:00,IMBALANCE,"[173, 173]"
2019-06-28 09:32:00,BID_DEPTH,"[(100011, 246)]"
2019-06-28 09:32:00,ASK_DEPTH,"[(100018, 246)]"
2019-06-28 09:32:00,IMBALANCE,"[246, 246]"
2019-06-28 09:33:00,BID_DEPTH,"[(100012, 299)]"
2019-06-28 09:33:00,ASK_DEPTH,"[(100019, 399)]"
2019-06-28 09:33:00,IMBALANCE,"[299, 399]"
2019-06-28 09:34:00,BID_DEPTH,"[(100018, 199)]"
2019-06-28 09:34:00,ASK_DEPTH,"[(100019, 299)]"
2019-06-28 09:34:00,IMBALANCE,"[199, 299]"
2019-06-28 09:35:00,BID_DEPTH,"[(100012, 258)]"
2019-06-28 09:35:00,ASK_DEPTH,"[(100018, 158)]"
2019-06-28 09:35:00,IMBALANCE,"[258, 158]"
2019-06-28 09:36:00,BID_DEPTH,"[(100011, 299)]"
2019-06-28 09:36:00,ASK_DEPTH,"[(100018, 199)]"
2019-06-28 09:36:00,IMBALANCE,"[299, 199]"
2019-06-28 09:37:00,BID_DEPTH,"[(100010, 246)]"
2019-06-28 09:37:00,ASK_DEPTH,"[(100011, 246)]"
2019-06-28 09:37:00,IMBALANCE,"[246, 246]"
2019-06-28 09:38:00,BID_DEPTH,"[(100002, 491)]"
2019-06-28 09:38:00,ASK_DEPTH,"[(100010, 391)]"
2019-06-28 09:38:00,IMBALANCE,"[491, 391]"
2019-06-28 09:39:00,BID_DEPTH,"[(99994, 158)]"
2019-06-28 09:39:00,ASK_DEPTH,"[(100002, 158)]"
2019-06-28 09:39:00,IMBALANCE,"[158, 158]"
2019-06-28 09:40:00,BID_DEPTH,"[(99994, 173)]"
2019-06-28 09:40:00,ASK_DEPTH,"[(100002, 373)]"
2019-06-28 09:40:00,IMBALANCE,"[173, 373]"
2019-06-28 09:41:00,BID_DEPTH,"[(99993, 391)]"
2019-06-28 09:41:00,ASK_DEPTH,"[(100002, 591)]"
2019-06-28 09:41:00,IMBALANCE,"[391, 591]"
2019-06-28 09:42:00,BID_DEPTH,"[(99993, 246)]"
2019-06-28 09:42:00,ASK_DEPTH,"[(100002, 346)]"
2019-06-28 09:42:00,IMBALANCE,"[246, 346]"
2019-06-28 09:43:00,BID_DEPTH,"[(99993, 246)]"
2019-06-28 09:43:00,ASK_DEPTH,"[(100019, 246)]"
2019-06-28 09:43:00,IMBALANCE,"[246, 246]"
2019-06-28 09:44:00,BID_DEPTH,"[(100018, 158)]"
2019-06-28 09:44:00,ASK_DEPTH,"[(100037, 158)]"
2019-06-28 09:44:00,IMBALANCE,"[158, 158]"
2019-06-28 09:45:00,BID_DEPTH,"[(100018, 346)]"
2019-06-28 09:45:00,ASK_DEPTH,"[(100079, 246)]"
2019-06-28 09:45:00,IMBALANCE,"[346, 246]"
2019-06-28 09:46:00,BID_DEPTH,"[(99993, 199)]"
2019-06-28 09:46:00,ASK_DEPTH,"[(100079, 199)]"
2019-06-28 09:46:00,IMBALANCE,"[199, 199]"
2019-06-28 09:47:00,BID_DEPTH,"[(99991, 199)]"
2019-06-28 09:47:00,ASK_DEPTH,"[(100079, 199)]"
2019-06-28 09:47:00,IMBALANCE,"[199, 199]"
2019-06-28 09:48:00,BID_DEPTH,"[(99924, 158)]"
2019-06-28 09:48:00,ASK_DEPTH,"[(99991, 59)]"
2019-06-28 09:48:00,IMBALANCE,"[158, 59]"
2019-06-28 09:49:00,BID_DEPTH,"[(99924, 158)]"
2019-06-28 09:49:00,ASK_DEPTH,"[(99991, 59)]"
2019-06-28 09:49:00,IMBALANCE,"[158, 59]"
2019-06-28 09:50:00,BID_DEPTH,"[(99914, 391)]"
2019-06-28 09:50:00,ASK_DEPTH,"[(99991, 292)]"
2019-06-28 09:50:00,IMBALANCE,"[391, 292]"
2019-06-28 09:51:00,BID_DEPTH,"[(99705, 246)]"
2019-06-28 09:51:00,ASK_DEPTH,"[(99914, 346)]"
2019-06-28 09:51:00,IMBALANCE,"[246, 346]"
2019-06-28 09:52:00,BID_DEPTH,"[(99717, 173)]"
2019-06-28 09:52:00,ASK_DEPTH,"[(99829, 173)]"
2019-06-28 09:52:00,IMBALANCE,"[173, 173]"
2019-06-28 09:53:00,BID_DEPTH,"[(99717, 199)]"
2019-06-28 09:53:00,ASK_DEPTH,"[(99914, 299)]"
2019-06-28 09:53:00,IMBALANCE,"[199, 299]"
2019-06-28 09:54:00,BID_DEPTH,"[(99705, 158)]"
2019-06-28 09:54:00,ASK_DEPTH,"[(99733, 158)]"
2019-06-28 09:54:00,IMBALANCE,"[158, 158]"
2019-06-28 09:55:00,BID_DEPTH,"[(99597, 173)]"
2019-06-28 09:55:00,ASK_DEPTH,"[(99733, 173)]"
2019-06-28 09:55:00,IMBALANCE,"[173, 173]"
2019-06-28 09:56:00,BID_DEPTH,"[(99718, 491)]"
2019-06-28 09:56:00,ASK_DEPTH,"[(99733, 391)]"
2019-06-28 09:56:00,IMBALANCE,"[491, 391]"
2019-06-28 09:57:00,BID_DEPTH,"[(99733, 153)]"
2019-06-28 09:57:00,ASK_DEPTH,"[(99783, 199)]"
2019-06-28 09:57:00,IMBALANCE,"[153, 199]"
2019-06-28 09:58:00,BID_DEPTH,"[(99763, 199)]"
2019-06-28 09:58:00,ASK_DEPTH,"[(99783, 199)]"
2019-06-28 09:58:00,IMBALANCE,"[199, 199]"
2019-06-28 09:59:00,BID_DEPTH,"[(99763, 199)]"
2019-06-28 09:59:00,ASK_DEPTH,"[(99991, 100)]"
2019-06-28 09:59:00,IMBALANCE,"[199, 100]"
2019-06-28 10:00:00,BID_DEPTH,"[(99763, 158)]"
2019-06-28 10:00:00,ASK_DEPTH,"[(99972, 158)]"
2019-06-28 10:00:00,IMBALANCE,"[158, 158]"
2019-06-28 10:01:00,BID_DEPTH,"[(99763, 391)]"
2019-06-28 10:01:00,ASK_DEPTH,"[(99972, 391)]"
2019-06-28 10:01:00,IMBALANCE,"[391, 391]"
2019-06-28 10:02:00,BID_DEPTH,"[(99718, 591)]"
2019-06-28 10:02:00,ASK_DEPTH,"[(99958, 491)]"
2019-06-28 10:02:00,IMBALANCE,"[591, 491]"
2019-06-28 10:03:00,BID_DEPTH,"[(99718, 158)]"
2019-06-28 10:03:00,ASK_DEPTH,"[(99958, 258)]"
2019-06-28 10:03:00,IMBALANCE,"[158, 258]"
2019-06-28 10:04:00,BID_DEPTH,"[(99403, 158)]"
2019-06-28 10:04:00,ASK_DEPTH,"[(99718, 158)]"
2019-06-28 10:04:00,IMBALANCE,"[158, 158]"
2019-06-28 10:05:00,BID_DEPTH,"[(99172, 246)]"
2019-06-28 10:05:00,ASK_DEPTH,"[(99517, 246)]"
2019-06-28 10:05:00,IMBALANCE,"[246, 246]"
2019-06-28 10:06:00,BID_DEPTH,"[(99172, 391)]"
2019-06-28 10:06:00,ASK_DEPTH,"[(99221, 391)]"
2019-06-28 10:06:00,IMBALANCE,"[391, 391]"
2019-06-28 10:07:00,BID_DEPTH,"[(99172, 173)]"
2019-06-28 10:07:00,ASK_DEPTH,"[(99221, 173)]"
2019-06-28 10:07:00,IMBALANCE,"[173, 173]"
2019-06-28 10:08:00,BID_DEPTH,"[(99172, 199)]"
2019-06-28 10:08:00,ASK_DEPTH,"[(99221, 199)]"
2019-06-28 10:08:00,IMBALANCE,"[199, 199]"
2019-06-28 10:09:00,BID_DEPTH,"[(99172, 173)]"
2019-06-28 10:09:00,ASK_DEPTH,"[(99221, 173)]"
2019-06-28 10:09:00,IMBALANCE,"[173, 173]"
2019-06-28 10:10:00,BID_DEPTH,"[(99144, 246)]"
2019-06-28 10:10:00,ASK_DEPTH,"[(99334, 246)]"
2019-06-28 10:10:00,IMBALANCE,"[246, 246]"
2019-06-28 10:11:00,BID_DEPTH,"[(99334, 185)]"
2019-06-28 10:11:00,ASK_DEPTH,"[(99449, 158)]"
2019-06-28 10:11:00,IMBALANCE,"[185, 158]"
2019-06-28 10:12:00,BID_DEPTH,"[(99406, 173)]"
2019-06-28 10:12:00,ASK_DEPTH,"[(99517, 573)]"
2019-06-28 10:12:00,IMBALANCE,"[173, 573]"
2019-06-28 10:13:00,BID_DEPTH,"[(99406, 199)]"
2019-06-28 10:13:00,ASK_DEPTH,"[(99517, 499)]"
2019-06-28 10:13:00,IMBALANCE,"[199, 499]"
2019-06-28 10:14:00,BID_DEPTH,"[(99406, 391)]"
2019-06-28 10:14:00,ASK_DEPTH,"[(99517, 691)]"
2019-06-28 10:14:00,IMBALANCE,"[391, 691]"
2019-06-28 10:15:00,BID_DEPTH,"[(99406, 158)]"
2019-06-28 10:15:00,ASK_DEPTH,"[(99517, 458)]"
2019-06-28 10:15:00,IMBALANCE,"[158, 458]"
2019-06-28 10:16:00,BID_DEPTH,"[(99406, 391)]"
2019-06-28 10:16:00,ASK_DEPTH,"[(99516, 391)]"
2019-06-28 10:16:00,IMBALANCE,"[391, 391]"
2019-06-28 10:17:00,BID_DEPTH,"[(99406, 246)]"
2019-06-28 10:17:00,ASK_DEPTH,"[(99516, 546)]"
2019-06-28 10:17:00,IMBALANCE,"[246, 546]"
2019-06-28 10:18:00,BID_DEPTH,"[(99491, 199)]"
2019-06-28 10:18:00,ASK_DEPTH,"[(99516, 499)]"
2019-06-28 10:18:00,IMBALANCE,"[199, 499]"
2019-06-28 10:19:00,BID_DEPTH,"[(99491, 246)]"
2019-06-28 10:19:00,ASK_DEPTH,"[(99516, 546)]"
2019-06-28 10:19:00,IMBALANCE,"[246, 546]"
2019-06-28 10:20:00,BID_DEPTH,"[(99450, 491)]"
2019-06-28 10:20:00,ASK_DEPTH,"[(99516, 791)]"
2019-06-28 10:20:00,IMBALANCE,"[491, 791]"
2019-06-28 10:21:00,BID_DEPTH,"[(99406, 80)]"
2019-06-28 10:21:00,ASK_DEPTH,"[(99491, 173)]"
2019-06-28 10:21:00,IMBALANCE,"[80, 173]"
2019-06-28 10:21:00,HOLDINGS_UPDATED,"{'CASH': 10099406, 'JPM': -1}"
2019-06-28 10:22:00,BID_DEPTH,"[(99395, 298)]"
2019-06-28 10:22:00,ASK_DEPTH,"[(99406, 391)]"
2019-06-28 10:22:00,IMBALANCE,"[298, 391]"
2019-06-28 10:22:00,HOLDINGS_UPDATED,"{'CASH': 10198801, 'JPM': -2}"
2019-06-28 10:23:00,BID_DEPTH,"[(99380, 153)]"
2019-06-28 10:23:00,ASK_DEPTH,"[(99491, 246)]"
2019-06-28 10:23:00,IMBALANCE,"[153, 246]"
2019-06-28 10:23:00,HOLDINGS_UPDATED,"{'CASH': 10298181, 'JPM': -3}"
2019-06-28 10:24:00,BID_DEPTH,"[(99348, 298)]"
2019-06-28 10:24:00,ASK_DEPTH,"[(99516, 591)]"
2019-06-28 10:24:00,IMBALANCE,"[298, 591]"
2019-06-28 10:24:00,HOLDINGS_UPDATED,"{'CASH': 10397529, 'JPM': -4}"
2019-06-28 10:25:00,BID_DEPTH,"[(99346, 80)]"
2019-06-28 10:25:00,ASK_DEPTH,"[(99516, 173)]"
2019-06-28 10:25:00,IMBALANCE,"[80, 173]"
2019-06-28 10:25:00,HOLDINGS_UPDATED,"{'CASH': 10496875, 'JPM': -5}"
2019-06-28 10:26:00,BID_DEPTH,"[(99279, 298)]"
2019-06-28 10:26:00,ASK_DEPTH,"[(99517, 391)]"
2019-06-28 10:26:00,IMBALANCE,"[298, 391]"
2019-06-28 10:26:00,HOLDINGS_UPDATED,"{'CASH': 10596154, 'JPM': -6}"
2019-06-28 10:27:00,BID_DEPTH,"[(99279, 80)]"
2019-06-28 10:27:00,ASK_DEPTH,"[(99437, 173)]"
2019-06-28 10:27:00,IMBALANCE,"[80, 173]"
2019-06-28 10:27:00,HOLDINGS_UPDATED,"{'CASH': 10695433, 'JPM': -7}"
2019-06-28 10:28:00,BID_DEPTH,"[(99279, 380)]"
2019-06-28 10:28:00,ASK_DEPTH,"[(99437, 173)]"
2019-06-28 10:28:00,IMBALANCE,"[380, 173]"
2019-06-28 10:28:00,HOLDINGS_UPDATED,"{'CASH': 10794712, 'JPM': -8}"
2019-06-28 10:29:00,BID_DEPTH,"[(99279, 288)]"
2019-06-28 10:29:00,ASK_DEPTH,"[(99526, 199)]"
2019-06-28 10:29:00,IMBALANCE,"[288, 199]"
2019-06-28 10:29:00,HOLDINGS_UPDATED,"{'CASH': 10893991, 'JPM': -9}"
2019-06-28 10:30:00,BID_DEPTH,"[(99279, 270)]"
2019-06-28 10:30:00,ASK_DEPTH,"[(99646, 199)]"
2019-06-28 10:30:00,IMBALANCE,"[270, 199]"
2019-06-28 10:30:00,HOLDINGS_UPDATED,"{'CASH': 10993270, 'JPM': -10}"
2019-06-28 10:31:00,BID_DEPTH,"[(99280, 65)]"
2019-06-28 10:31:00,ASK_DEPTH,"[(99712, 158)]"
2019-06-28 10:31:00,IMBALANCE,"[65, 158]"
2019-06-28 10:31:00,HOLDINGS_UPDATED,"{'CASH': 11092550, 'JPM': -11}"
2019-06-28 10:32:00,BID_DEPTH,"[(99279, 106)]"
2019-06-28 10:32:00,ASK_DEPTH,"[(99772, 199)]"
2019-06-28 10:32:00,IMBALANCE,"[106, 199]"
2019-06-28 10:32:00,HOLDINGS_UPDATED,"{'CASH': 11191829, 'JPM': -12}"
2019-06-28 10:33:00,BID_DEPTH,"[(99279, 153)]"
2019-06-28 10:33:00,ASK_DEPTH,"[(99811, 246)]"
2019-06-28 10:33:00,IMBALANCE,"[153, 246]"
2019-06-28 10:33:00,HOLDINGS_UPDATED,"{'CASH': 11291108, 'JPM': -13}"
2019-06-28 10:34:00,BID_DEPTH,"[(99229, 80)]"
2019-06-28 10:34:00,ASK_DEPTH,"[(99822, 173)]"
2019-06-28 10:34:00,IMBALANCE,"[80, 173]"
2019-06-28 10:34:00,HOLDINGS_UPDATED,"{'CASH': 11390337, 'JPM': -14}"
2019-06-28 10:35:00,BID_DEPTH,"[(99159, 80)]"
2019-06-28 10:35:00,ASK_DEPTH,"[(99822, 173)]"
2019-06-28 10:35:00,IMBALANCE,"[80, 173]"
2019-06-28 10:35:00,HOLDINGS_UPDATED,"{'CASH': 11489496, 'JPM': -15}"
2019-06-28 10:36:00,BID_DEPTH,"[(99822, 65)]"
2019-06-28 10:36:00,ASK_DEPTH,"[(100003, 158)]"
2019-06-28 10:36:00,IMBALANCE,"[65, 158]"
2019-06-28 10:36:00,HOLDINGS_UPDATED,"{'CASH': 11589318, 'JPM': -16}"
2019-06-28 10:37:00,BID_DEPTH,"[(99082, 80)]"
2019-06-28 10:37:00,ASK_DEPTH,"[(100066, 173)]"
2019-06-28 10:37:00,IMBALANCE,"[80, 173]"
2019-06-28 10:37:00,HOLDINGS_UPDATED,"{'CASH': 11688400, 'JPM': -17}"
2019-06-28 10:38:00,BID_DEPTH,"[(99082, 153)]"
2019-06-28 10:38:00,ASK_DEPTH,"[(100008, 246)]"
2019-06-28 10:38:00,IMBALANCE,"[153, 246]"
2019-06-28 10:38:00,HOLDINGS_UPDATED,"{'CASH': 11787482, 'JPM': -18}"
2019-06-28 10:39:00,BID_DEPTH,"[(99305, 80)]"
2019-06-28 10:39:00,ASK_DEPTH,"[(100008, 173)]"
2019-06-28 10:39:00,IMBALANCE,"[80, 173]"
2019-06-28 10:39:00,HOLDINGS_UPDATED,"{'CASH': 11886787, 'JPM': -19}"
2019-06-28 10:40:00,BID_DEPTH,"[(99685, 298)]"
2019-06-28 10:40:00,ASK_DEPTH,"[(100008, 391)]"
2019-06-28 10:40:00,IMBALANCE,"[298, 391]"
2019-06-28 10:40:00,HOLDINGS_UPDATED,"{'CASH': 11986472, 'JPM': -20}"
2019-06-28 10:41:00,BID_DEPTH,"[(99368, 298)]"
2019-06-28 10:41:00,ASK_DEPTH,"[(99685, 491)]"
2019-06-28 10:41:00,IMBALANCE,"[298, 491]"
2019-06-28 10:41:00,HOLDINGS_UPDATED,"{'CASH': 12085840, 'JPM': -21}"
2019-06-28 10:42:00,BID_DEPTH,"[(99305, 65)]"
2019-06-28 10:42:00,ASK_DEPTH,"[(99685, 258)]"
2019-06-28 10:42:00,IMBALANCE,"[65, 258]"
2019-06-28 10:42:00,HOLDINGS_UPDATED,"{'CASH': 12185145, 'JPM': -22}"
2019-06-28 10:43:00,BID_DEPTH,"[(98923, 106)]"
2019-06-28 10:43:00,ASK_DEPTH,"[(99685, 299)]"
2019-06-28 10:43:00,IMBALANCE,"[106, 299]"
2019-06-28 10:43:00,HOLDINGS_UPDATED,"{'CASH': 12284068, 'JPM': -23}"
2019-06-28 10:44:00,BID_DEPTH,"[(98997, 298)]"
2019-06-28 10:44:00,ASK_DEPTH,"[(99149, 391)]"
2019-06-28 10:44:00,IMBALANCE,"[298, 391]"
2019-06-28 10:44:00,HOLDINGS_UPDATED,"{'CASH': 12383065, 'JPM': -24}"
2019-06-28 10:45:00,BID_DEPTH,"[(98862, 153)]"
2019-06-28 10:45:00,ASK_DEPTH,"[(98872, 147)]"
2019-06-28 10:45:00,IMBALANCE,"[153, 147]"
2019-06-28 10:45:00,HOLDINGS_UPDATED,"{'CASH': 12481927, 'JPM': -25}"
2019-06-28 10:46:00,BID_DEPTH,"[(98822, 65)]"
2019-06-28 10:46:00,ASK_DEPTH,"[(98872, 59)]"
2019-06-28 10:46:00,IMBALANCE,"[65, 59]"
2019-06-28 10:46:00,HOLDINGS_UPDATED,"{'CASH': 12580749, 'JPM': -26}"
2019-06-28 10:47:00,BID_DEPTH,"[(98779, 106)]"
2019-06-28 10:47:00,ASK_DEPTH,"[(98787, 199)]"
2019-06-28 10:47:00,IMBALANCE,"[106, 199]"
2019-06-28 10:47:00,HOLDINGS_UPDATED,"{'CASH': 12679528, 'JPM': -27}"
2019-06-28 10:48:00,BID_DEPTH,"[(98722, 153)]"
2019-06-28 10:48:00,ASK_DEPTH,"[(98872, 147)]"
2019-06-28 10:48:00,IMBALANCE,"[153, 147]"
2019-06-28 10:48:00,HOLDINGS_UPDATED,"{'CASH': 12778250, 'JPM': -28}"
2019-06-28 10:49:00,BID_DEPTH,"[(98872, 47)]"
2019-06-28 10:49:00,ASK_DEPTH,"[(98931, 199)]"
2019-06-28 10:49:00,IMBALANCE,"[47, 199]"
2019-06-28 10:49:00,HOLDINGS_UPDATED,"{'CASH': 12877122, 'JPM': -29}"
2019-06-28 10:50:00,BID_DEPTH,"[(98872, 80)]"
2019-06-28 10:50:00,ASK_DEPTH,"[(99095, 173)]"
2019-06-28 10:50:00,IMBALANCE,"[80, 173]"
2019-06-28 10:50:00,HOLDINGS_UPDATED,"{'CASH': 12975994, 'JPM': -30}"
2019-06-28 10:51:00,BID_DEPTH,"[(98815, 80)]"
2019-06-28 10:51:00,ASK_DEPTH,"[(99095, 173)]"
2019-06-28 10:51:00,IMBALANCE,"[80, 173]"
2019-06-28 10:51:00,HOLDINGS_UPDATED,"{'CASH': 13074809, 'JPM': -31}"
2019-06-28 10:52:00,BID_DEPTH,"[(98924, 153)]"
2019-06-28 10:52:00,ASK_DEPTH,"[(99095, 246)]"
2019-06-28 10:52:00,IMBALANCE,"[153, 246]"
2019-06-28 10:52:00,HOLDINGS_UPDATED,"{'CASH': 13173733, 'JPM': -32}"
2019-06-28 10:53:00,BID_DEPTH,"[(98924, 398)]"
2019-06-28 10:53:00,ASK_DEPTH,"[(99095, 491)]"
2019-06-28 10:53:00,IMBALANCE,"[398, 491]"
2019-06-28 10:53:00,HOLDINGS_UPDATED,"{'CASH': 13272657, 'JPM': -33}"
2019-06-28 10:54:00,BID_DEPTH,"[(98924, 362)]"
2019-06-28 10:54:00,ASK_DEPTH,"[(99095, 273)]"
2019-06-28 10:54:00,IMBALANCE,"[362, 273]"
2019-06-28 10:54:00,HOLDINGS_UPDATED,"{'CASH': 13371581, 'JPM': -34}"
2019-06-28 10:55:00,BID_DEPTH,"[(98924, 170)]"
2019-06-28 10:55:00,ASK_DEPTH,"[(99290, 199)]"
2019-06-28 10:55:00,IMBALANCE,"[170, 199]"
2019-06-28 10:55:00,HOLDINGS_UPDATED,"{'CASH': 13470505, 'JPM': -35}"
2019-06-28 10:56:00,BID_DEPTH,"[(98924, 152)]"
2019-06-28 10:56:00,ASK_DEPTH,"[(99685, 299)]"
2019-06-28 10:56:00,IMBALANCE,"[152, 299]"
2019-06-28 10:56:00,HOLDINGS_UPDATED,"{'CASH': 13569429, 'JPM': -36}"
2019-06-28 10:57:00,BID_DEPTH,"[(99246, 80)]"
2019-06-28 10:57:00,ASK_DEPTH,"[(99635, 173)]"
2019-06-28 10:57:00,IMBALANCE,"[80, 173]"
2019-06-28 10:57:00,HOLDINGS_UPDATED,"{'CASH': 13668675, 'JPM': -37}"
2019-06-28 10:58:00,BID_DEPTH,"[(98925, 298)]"
2019-06-28 10:58:00,ASK_DEPTH,"[(99246, 436)]"
2019-06-28 10:58:00,IMBALANCE,"[298, 436]"
2019-06-28 10:58:00,HOLDINGS_UPDATED,"{'CASH': 13767600, 'JPM': -38}"
2019-06-28 10:59:00,BID_DEPTH,"[(98925, 398)]"
2019-06-28 10:59:00,ASK_DEPTH,"[(99318, 391)]"
2019-06-28 10:59:00,IMBALANCE,"[398, 391]"
2019-06-28 10:59:00,HOLDINGS_UPDATED,"{'CASH': 13866525, 'JPM': -39}"
2019-06-28 11:00:00,BID_DEPTH,"[(98925, 135)]"
2019-06-28 11:00:00,ASK_DEPTH,"[(99612, 246)]"
2019-06-28 11:00:00,IMBALANCE,"[135, 246]"
2019-06-28 11:00:00,HOLDINGS_UPDATED,"{'CASH': 13965450, 'JPM': -40}"
2019-06-28 11:01:00,BID_DEPTH,"[(99447, 153)]"
2019-06-28 11:01:00,ASK_DEPTH,"[(99612, 246)]"
2019-06-28 11:01:00,IMBALANCE,"[153, 246]"
2019-06-28 11:01:00,HOLDINGS_UPDATED,"{'CASH': 14064897, 'JPM': -41}"
2019-06-28 11:02:00,BID_DEPTH,"[(99377, 298)]"
2019-06-28 11:02:00,ASK_DEPTH,"[(99612, 391)]"
2019-06-28 11:02:00,IMBALANCE,"[298, 391]"
2019-06-28 11:02:00,HOLDINGS_UPDATED,"{'CASH': 14164274, 'JPM': -42}"
2019-06-28 11:03:00,BID_DEPTH,"[(99377, 80)]"
2019-06-28 11:03:00,ASK_DEPTH,"[(99612, 173)]"
2019-06-28 11:03:00,IMBALANCE,"[80, 173]"
2019-06-28 11:03:00,HOLDINGS_UPDATED,"{'CASH': 14263651, 'JPM': -43}"
2019-06-28 11:04:00,BID_DEPTH,"[(98889, 298)]"
2019-06-28 11:04:00,ASK_DEPTH,"[(99377, 391)]"
2019-06-28 11:04:00,IMBALANCE,"[298, 391]"
2019-06-28 11:04:00,HOLDINGS_UPDATED,"{'CASH': 14362540, 'JPM': -44}"
2019-06-28 11:05:00,BID_DEPTH,"[(98876, 298)]"
2019-06-28 11:05:00,ASK_DEPTH,"[(99377, 391)]"
2019-06-28 11:05:00,IMBALANCE,"[298, 391]"
2019-06-28 11:05:00,HOLDINGS_UPDATED,"{'CASH': 14461416, 'JPM': -45}"
2019-06-28 11:06:00,BID_DEPTH,"[(98815, 298)]"
2019-06-28 11:06:00,ASK_DEPTH,"[(99612, 391)]"
2019-06-28 11:06:00,IMBALANCE,"[298, 391]"
2019-06-28 11:06:00,HOLDINGS_UPDATED,"{'CASH': 14560231, 'JPM': -46}"
2019-06-28 11:07:00,BID_DEPTH,"[(98727, 298)]"
2019-06-28 11:07:00,ASK_DEPTH,"[(99300, 391)]"
2019-06-28 11:07:00,IMBALANCE,"[298, 391]"
2019-06-28 11:07:00,HOLDINGS_UPDATED,"{'CASH': 14658958, 'JPM': -47}"
2019-06-28 11:08:00,BID_DEPTH,"[(99004, 106)]"
2019-06-28 11:08:00,ASK_DEPTH,"[(99191, 199)]"
2019-06-28 11:08:00,IMBALANCE,"[106, 199]"
2019-06-28 11:08:00,HOLDINGS_UPDATED,"{'CASH': 14757962, 'JPM': -48}"
2019-06-28 11:09:00,BID_DEPTH,"[(99126, 65)]"
2019-06-28 11:09:00,ASK_DEPTH,"[(99191, 158)]"
2019-06-28 11:09:00,IMBALANCE,"[65, 158]"
2019-06-28 11:09:00,HOLDINGS_UPDATED,"{'CASH': 14857088, 'JPM': -49}"
2019-06-28 11:10:00,BID_DEPTH,"[(99076, 65)]"
2019-06-28 11:10:00,ASK_DEPTH,"[(99116, 158)]"
2019-06-28 11:10:00,IMBALANCE,"[65, 158]"
2019-06-28 11:10:00,HOLDINGS_UPDATED,"{'CASH': 14956164, 'JPM': -50}"
2019-06-28 11:11:00,BID_DEPTH,"[(98727, 106)]"
2019-06-28 11:11:00,ASK_DEPTH,"[(99076, 299)]"
2019-06-28 11:11:00,IMBALANCE,"[106, 299]"
2019-06-28 11:11:00,HOLDINGS_UPDATED,"{'CASH': 15054891, 'JPM': -51}"
2019-06-28 11:12:00,BID_DEPTH,"[(98650, 65)]"
2019-06-28 11:12:00,ASK_DEPTH,"[(98727, 77)]"
2019-06-28 11:12:00,IMBALANCE,"[65, 77]"
2019-06-28 11:12:00,HOLDINGS_UPDATED,"{'CASH': 15153541, 'JPM': -52}"
2019-06-28 11:13:00,BID_DEPTH,"[(98105, 153)]"
2019-06-28 11:13:00,ASK_DEPTH,"[(98727, 463)]"
2019-06-28 11:13:00,IMBALANCE,"[153, 463]"
2019-06-28 11:13:00,HOLDINGS_UPDATED,"{'CASH': 15251646, 'JPM': -53}"
2019-06-28 11:14:00,BID_DEPTH,"[(98402, 298)]"
2019-06-28 11:14:00,ASK_DEPTH,"[(98448, 391)]"
2019-06-28 11:14:00,IMBALANCE,"[298, 391]"
2019-06-28 11:14:00,HOLDINGS_UPDATED,"{'CASH': 15350048, 'JPM': -54}"
2019-06-28 11:15:00,BID_DEPTH,"[(98402, 65)]"
2019-06-28 11:15:00,ASK_DEPTH,"[(98448, 156)]"
2019-06-28 11:15:00,IMBALANCE,"[65, 156]"
2019-06-28 11:15:00,HOLDINGS_UPDATED,"{'CASH': 15448450, 'JPM': -55}"
2019-06-28 11:16:00,BID_DEPTH,"[(98672, 298)]"
2019-06-28 11:16:00,ASK_DEPTH,"[(98727, 506)]"
2019-06-28 11:16:00,IMBALANCE,"[298, 506]"
2019-06-28 11:16:00,HOLDINGS_UPDATED,"{'CASH': 15547122, 'JPM': -56}"
2019-06-28 11:17:00,BID_DEPTH,"[(98448, 99)]"
2019-06-28 11:17:00,ASK_DEPTH,"[(98727, 359)]"
2019-06-28 11:17:00,IMBALANCE,"[99, 359]"
2019-06-28 11:17:00,HOLDINGS_UPDATED,"{'CASH': 15645570, 'JPM': -57}"
2019-06-28 11:18:00,BID_DEPTH,"[(98181, 65)]"
2019-06-28 11:18:00,ASK_DEPTH,"[(98816, 158)]"
2019-06-28 11:18:00,IMBALANCE,"[65, 158]"
2019-06-28 11:18:00,HOLDINGS_UPDATED,"{'CASH': 15743751, 'JPM': -58}"
2019-06-28 11:19:00,BID_DEPTH,"[(97992, 80)]"
2019-06-28 11:19:00,ASK_DEPTH,"[(98802, 173)]"
2019-06-28 11:19:00,IMBALANCE,"[80, 173]"
2019-06-28 11:19:00,HOLDINGS_UPDATED,"{'CASH': 15841743, 'JPM': -59}"
2019-06-28 11:20:00,BID_DEPTH,"[(97932, 298)]"
2019-06-28 11:20:00,ASK_DEPTH,"[(98984, 391)]"
2019-06-28 11:20:00,IMBALANCE,"[298, 391]"
2019-06-28 11:20:00,HOLDINGS_UPDATED,"{'CASH': 15939675, 'JPM': -60}"
2019-06-28 11:21:00,BID_DEPTH,"[(97932, 153)]"
2019-06-28 11:21:00,ASK_DEPTH,"[(98984, 244)]"
2019-06-28 11:21:00,IMBALANCE,"[153, 244]"
2019-06-28 11:21:00,HOLDINGS_UPDATED,"{'CASH': 16037607, 'JPM': -61}"
2019-06-28 11:22:00,BID_DEPTH,[]
2019-06-28 11:22:00,ASK_DEPTH,"[(99396, 100)]"
2019-06-28 11:22:00,IMBALANCE,"[0, 100]"
2019-06-28 11:23:00,BID_DEPTH,[]
2019-06-28 11:23:00,ASK_DEPTH,"[(99501, 100)]"
2019-06-28 11:23:00,IMBALANCE,"[0, 100]"
2019-06-28 11:24:00,BID_DEPTH,[]
2019-06-28 11:24:00,ASK_DEPTH,"[(99612, 100)]"
2019-06-28 11:24:00,IMBALANCE,"[0, 100]"
2019-06-28 11:25:00,BID_DEPTH,"[(99291, 80)]"
2019-06-28 11:25:00,ASK_DEPTH,"[(99523, 173)]"
2019-06-28 11:25:00,IMBALANCE,"[80, 173]"
2019-06-28 11:25:00,HOLDINGS_UPDATED,"{'CASH': 16136898, 'JPM': -62}"
2019-06-28 11:26:00,BID_DEPTH,"[(99450, 153)]"
2019-06-28 11:26:00,ASK_DEPTH,"[(99523, 244)]"
2019-06-28 11:26:00,IMBALANCE,"[153, 244]"
2019-06-28 11:26:00,HOLDINGS_UPDATED,"{'CASH': 16236348, 'JPM': -63}"
2019-06-28 11:27:00,BID_DEPTH,"[(99624, 106)]"
2019-06-28 11:27:00,ASK_DEPTH,"[(99855, 199)]"
2019-06-28 11:27:00,IMBALANCE,"[106, 199]"
2019-06-28 11:27:00,HOLDINGS_UPDATED,"{'CASH': 16335972, 'JPM': -64}"
2019-06-28 11:28:00,BID_DEPTH,"[(99331, 298)]"
2019-06-28 11:28:00,ASK_DEPTH,"[(99931, 391)]"
2019-06-28 11:28:00,IMBALANCE,"[298, 391]"
2019-06-28 11:28:00,HOLDINGS_UPDATED,"{'CASH': 16435303, 'JPM': -65}"
2019-06-28 11:29:00,BID_DEPTH,"[(99306, 153)]"
2019-06-28 11:29:00,ASK_DEPTH,"[(99590, 246)]"
2019-06-28 11:29:00,IMBALANCE,"[153, 246]"
2019-06-28 11:29:00,HOLDINGS_UPDATED,"{'CASH': 16534609, 'JPM': -66}"
2019-06-28 11:30:00,BID_DEPTH,"[(99291, 80)]"
2019-06-28 11:30:00,ASK_DEPTH,"[(100003, 173)]"
2019-06-28 11:30:00,IMBALANCE,"[80, 173]"
2019-06-28 11:30:00,HOLDINGS_UPDATED,"{'CASH': 16633900, 'JPM': -67}"
2019-06-28 11:31:00,BID_DEPTH,"[(99795, 65)]"
2019-06-28 11:31:00,ASK_DEPTH,"[(100003, 158)]"
2019-06-28 11:31:00,IMBALANCE,"[65, 158]"
2019-06-28 11:31:00,HOLDINGS_UPDATED,"{'CASH': 16733695, 'JPM': -68}"
2019-06-28 11:32:00,BID_DEPTH,"[(99685, 80)]"
2019-06-28 11:32:00,ASK_DEPTH,"[(99795, 74)]"
2019-06-28 11:32:00,IMBALANCE,"[80, 74]"
2019-06-28 11:32:00,HOLDINGS_UPDATED,"{'CASH': 16833380, 'JPM': -69}"
2019-06-28 11:33:00,BID_DEPTH,"[(99685, 80)]"
2019-06-28 11:33:00,ASK_DEPTH,"[(99795, 74)]"
2019-06-28 11:33:00,IMBALANCE,"[80, 74]"
2019-06-28 11:33:00,HOLDINGS_UPDATED,"{'CASH': 16933065, 'JPM': -70}"
2019-06-28 11:34:00,BID_DEPTH,"[(99655, 298)]"
2019-06-28 11:34:00,ASK_DEPTH,"[(99688, 391)]"
2019-06-28 11:34:00,IMBALANCE,"[298, 391]"
2019-06-28 11:34:00,HOLDINGS_UPDATED,"{'CASH': 17032720, 'JPM': -71}"
2019-06-28 11:35:00,BID_DEPTH,"[(99570, 158)]"
2019-06-28 11:35:00,ASK_DEPTH,"[(99708, 65)]"
2019-06-28 11:35:00,IMBALANCE,"[158, 65]"
2019-06-28 11:35:00,HOLDINGS_UPDATED,"{'CASH': 16933012, 'JPM': -70}"
2019-06-28 11:36:00,BID_DEPTH,"[(99570, 389)]"
2019-06-28 11:36:00,ASK_DEPTH,"[(99758, 298)]"
2019-06-28 11:36:00,IMBALANCE,"[389, 298]"
2019-06-28 11:36:00,HOLDINGS_UPDATED,"{'CASH': 16833254, 'JPM': -69}"
2019-06-28 11:37:00,BID_DEPTH,"[(99570, 342)]"
2019-06-28 11:37:00,ASK_DEPTH,"[(99784, 153)]"
2019-06-28 11:37:00,IMBALANCE,"[342, 153]"
2019-06-28 11:37:00,HOLDINGS_UPDATED,"{'CASH': 16733470, 'JPM': -68}"
2019-06-28 11:38:00,BID_DEPTH,"[(99795, 187)]"
2019-06-28 11:38:00,ASK_DEPTH,"[(99911, 153)]"
2019-06-28 11:38:00,IMBALANCE,"[187, 153]"
2019-06-28 11:38:00,HOLDINGS_UPDATED,"{'CASH': 16633559, 'JPM': -67}"
2019-06-28 11:39:00,BID_DEPTH,"[(99848, 246)]"
2019-06-28 11:39:00,ASK_DEPTH,"[(100014, 153)]"
2019-06-28 11:39:00,IMBALANCE,"[246, 153]"
2019-06-28 11:39:00,HOLDINGS_UPDATED,"{'CASH': 16533545, 'JPM': -66}"
2019-06-28 11:40:00,BID_DEPTH,"[(99848, 156)]"
2019-06-28 11:40:00,ASK_DEPTH,"[(100058, 65)]"
2019-06-28 11:40:00,IMBALANCE,"[156, 65]"
2019-06-28 11:40:00,HOLDINGS_UPDATED,"{'CASH': 16433487, 'JPM': -65}"
2019-06-28 11:41:00,BID_DEPTH,"[(99795, 97)]"
2019-06-28 11:41:00,ASK_DEPTH,"[(100122, 65)]"
2019-06-28 11:41:00,IMBALANCE,"[97, 65]"
2019-06-28 11:41:00,HOLDINGS_UPDATED,"{'CASH': 16333365, 'JPM': -64}"
2019-06-28 11:42:00,BID_DEPTH,"[(99795, 97)]"
2019-06-28 11:42:00,ASK_DEPTH,"[(100344, 65)]"
2019-06-28 11:42:00,IMBALANCE,"[97, 65]"
2019-06-28 11:42:00,HOLDINGS_UPDATED,"{'CASH': 16233021, 'JPM': -63}"
2019-06-28 11:43:00,BID_DEPTH,"[(99570, 240)]"
2019-06-28 11:43:00,ASK_DEPTH,"[(99795, 253)]"
2019-06-28 11:43:00,IMBALANCE,"[240, 253]"
2019-06-28 11:43:00,HOLDINGS_UPDATED,"{'CASH': 16133226, 'JPM': -62}"
2019-06-28 11:44:00,BID_DEPTH,"[(99570, 385)]"
2019-06-28 11:44:00,ASK_DEPTH,"[(99795, 380)]"
2019-06-28 11:44:00,IMBALANCE,"[385, 380]"
2019-06-28 11:44:00,HOLDINGS_UPDATED,"{'CASH': 16033431, 'JPM': -61}"
2019-06-28 11:45:00,BID_DEPTH,"[(99570, 167)]"
2019-06-28 11:45:00,ASK_DEPTH,"[(100227, 80)]"
2019-06-28 11:45:00,IMBALANCE,"[167, 80]"
2019-06-28 11:45:00,HOLDINGS_UPDATED,"{'CASH': 15933204, 'JPM': -60}"
2019-06-28 11:46:00,BID_DEPTH,"[(100047, 199)]"
2019-06-28 11:46:00,ASK_DEPTH,"[(100344, 106)]"
2019-06-28 11:46:00,IMBALANCE,"[199, 106]"
2019-06-28 11:46:00,HOLDINGS_UPDATED,"{'CASH': 15832860, 'JPM': -59}"
2019-06-28 11:47:00,BID_DEPTH,"[(100047, 199)]"
2019-06-28 11:47:00,ASK_DEPTH,"[(100370, 106)]"
2019-06-28 11:47:00,IMBALANCE,"[199, 106]"
2019-06-28 11:47:00,HOLDINGS_UPDATED,"{'CASH': 15732490, 'JPM': -58}"
2019-06-28 11:48:00,BID_DEPTH,"[(100038, 391)]"
2019-06-28 11:48:00,ASK_DEPTH,"[(100370, 298)]"
2019-06-28 11:48:00,IMBALANCE,"[391, 298]"
2019-06-28 11:48:00,HOLDINGS_UPDATED,"{'CASH': 15632120, 'JPM': -57}"
2019-06-28 11:49:00,BID_DEPTH,"[(100038, 158)]"
2019-06-28 11:49:00,ASK_DEPTH,"[(100370, 65)]"
2019-06-28 11:49:00,IMBALANCE,"[158, 65]"
2019-06-28 11:49:00,HOLDINGS_UPDATED,"{'CASH': 15531750, 'JPM': -56}"
2019-06-28 11:50:00,BID_DEPTH,"[(100038, 199)]"
2019-06-28 11:50:00,ASK_DEPTH,"[(100368, 106)]"
2019-06-28 11:50:00,IMBALANCE,"[199, 106]"
2019-06-28 11:50:00,HOLDINGS_UPDATED,"{'CASH': 15431382, 'JPM': -55}"
2019-06-28 11:51:00,BID_DEPTH,"[(100376, 200)]"
2019-06-28 11:51:00,ASK_DEPTH,"[(100387, 80)]"
2019-06-28 11:51:00,IMBALANCE,"[200, 80]"
2019-06-28 11:51:00,HOLDINGS_UPDATED,"{'CASH': 15330995, 'JPM': -54}"
2019-06-28 11:52:00,BID_DEPTH,"[(100412, 100)]"
2019-06-28 11:52:00,ASK_DEPTH,[]
2019-06-28 11:52:00,IMBALANCE,"[100, 0]"
2019-06-28 11:53:00,BID_DEPTH,"[(100387, 273)]"
2019-06-28 11:53:00,ASK_DEPTH,"[(100697, 80)]"
2019-06-28 11:53:00,IMBALANCE,"[273, 80]"
2019-06-28 11:53:00,HOLDINGS_UPDATED,"{'CASH': 15230298, 'JPM': -53}"
2019-06-28 11:54:00,BID_DEPTH,"[(100387, 391)]"
2019-06-28 11:54:00,ASK_DEPTH,"[(100697, 298)]"
2019-06-28 11:54:00,IMBALANCE,"[391, 298]"
2019-06-28 11:54:00,HOLDINGS_UPDATED,"{'CASH': 15129601, 'JPM': -52}"
2019-06-28 11:55:00,BID_DEPTH,"[(100376, 27)]"
2019-06-28 11:55:00,ASK_DEPTH,[]
2019-06-28 11:55:00,IMBALANCE,"[27, 0]"
2019-06-28 11:56:00,BID_DEPTH,"[(100376, 326)]"
2019-06-28 11:56:00,ASK_DEPTH,"[(101487, 106)]"
2019-06-28 11:56:00,IMBALANCE,"[326, 106]"
2019-06-28 11:56:00,HOLDINGS_UPDATED,"{'CASH': 15028114, 'JPM': -51}"
2019-06-28 11:57:00,BID_DEPTH,"[(101374, 100)]"
2019-06-28 11:57:00,ASK_DEPTH,[]
2019-06-28 11:57:00,IMBALANCE,"[100, 0]"
2019-06-28 11:58:00,BID_DEPTH,"[(101331, 100)]"
2019-06-28 11:58:00,ASK_DEPTH,[]
2019-06-28 11:58:00,IMBALANCE,"[100, 0]"
2019-06-28 11:59:00,BID_DEPTH,"[(100474, 173)]"
2019-06-28 11:59:00,ASK_DEPTH,"[(100633, 80)]"
2019-06-28 11:59:00,IMBALANCE,"[173, 80]"
2019-06-28 11:59:00,HOLDINGS_UPDATED,"{'CASH': 14927481, 'JPM': -50}"
2019-06-28 12:00:00,BID_DEPTH,"[(100705, 100)]"
2019-06-28 12:00:00,ASK_DEPTH,[]
2019-06-28 12:00:00,IMBALANCE,"[100, 0]"
2019-06-28 12:01:00,BID_DEPTH,"[(101327, 199)]"
2019-06-28 12:01:00,ASK_DEPTH,"[(101429, 106)]"
2019-06-28 12:01:00,IMBALANCE,"[199, 106]"
2019-06-28 12:01:00,HOLDINGS_UPDATED,"{'CASH': 14826052, 'JPM': -49}"
2019-06-28 12:02:00,BID_DEPTH,"[(101327, 246)]"
2019-06-28 12:02:00,ASK_DEPTH,"[(101429, 253)]"
2019-06-28 12:02:00,IMBALANCE,"[246, 253]"
2019-06-28 12:02:00,HOLDINGS_UPDATED,"{'CASH': 14724623, 'JPM': -48}"
2019-06-28 12:03:00,BID_DEPTH,"[(101327, 173)]"
2019-06-28 12:03:00,ASK_DEPTH,"[(101429, 162)]"
2019-06-28 12:03:00,IMBALANCE,"[173, 162]"
2019-06-28 12:03:00,HOLDINGS_UPDATED,"{'CASH': 14623194, 'JPM': -47}"
2019-06-28 12:04:00,BID_DEPTH,"[(100633, 199)]"
2019-06-28 12:04:00,ASK_DEPTH,"[(101327, 106)]"
2019-06-28 12:04:00,IMBALANCE,"[199, 106]"
2019-06-28 12:04:00,HOLDINGS_UPDATED,"{'CASH': 14521867, 'JPM': -46}"
2019-06-28 12:05:00,BID_DEPTH,"[(100376, 246)]"
2019-06-28 12:05:00,ASK_DEPTH,"[(101327, 153)]"
2019-06-28 12:05:00,IMBALANCE,"[246, 153]"
2019-06-28 12:05:00,HOLDINGS_UPDATED,"{'CASH': 14420540, 'JPM': -45}"
2019-06-28 12:06:00,BID_DEPTH,"[(100225, 199)]"
2019-06-28 12:06:00,ASK_DEPTH,"[(100406, 106)]"
2019-06-28 12:06:00,IMBALANCE,"[199, 106]"
2019-06-28 12:06:00,HOLDINGS_UPDATED,"{'CASH': 14320134, 'JPM': -44}"
2019-06-28 12:07:00,BID_DEPTH,"[(100225, 391)]"
2019-06-28 12:07:00,ASK_DEPTH,"[(100304, 298)]"
2019-06-28 12:07:00,IMBALANCE,"[391, 298]"
2019-06-28 12:07:00,HOLDINGS_UPDATED,"{'CASH': 14219830, 'JPM': -43}"
2019-06-28 12:08:00,BID_DEPTH,"[(100225, 391)]"
2019-06-28 12:08:00,ASK_DEPTH,"[(100332, 298)]"
2019-06-28 12:08:00,IMBALANCE,"[391, 298]"
2019-06-28 12:08:00,HOLDINGS_UPDATED,"{'CASH': 14119498, 'JPM': -42}"
2019-06-28 12:09:00,BID_DEPTH,"[(99943, 199)]"
2019-06-28 12:09:00,ASK_DEPTH,"[(100704, 106)]"
2019-06-28 12:09:00,IMBALANCE,"[199, 106]"
2019-06-28 12:09:00,HOLDINGS_UPDATED,"{'CASH': 14018794, 'JPM': -41}"
2019-06-28 12:10:00,BID_DEPTH,"[(99943, 173)]"
2019-06-28 12:10:00,ASK_DEPTH,"[(100704, 180)]"
2019-06-28 12:10:00,IMBALANCE,"[173, 180]"
2019-06-28 12:10:00,HOLDINGS_UPDATED,"{'CASH': 13918090, 'JPM': -40}"
2019-06-28 12:11:00,BID_DEPTH,"[(99933, 391)]"
2019-06-28 12:11:00,ASK_DEPTH,"[(100704, 280)]"
2019-06-28 12:11:00,IMBALANCE,"[391, 280]"
2019-06-28 12:11:00,HOLDINGS_UPDATED,"{'CASH': 13817386, 'JPM': -39}"
2019-06-28 12:12:00,BID_DEPTH,"[(99800, 173)]"
2019-06-28 12:12:00,ASK_DEPTH,"[(101327, 80)]"
2019-06-28 12:12:00,IMBALANCE,"[173, 80]"
2019-06-28 12:12:00,HOLDINGS_UPDATED,"{'CASH': 13716059, 'JPM': -38}"
2019-06-28 12:13:00,BID_DEPTH,"[(99782, 173)]"
2019-06-28 12:13:00,ASK_DEPTH,"[(99859, 80)]"
2019-06-28 12:13:00,IMBALANCE,"[173, 80]"
2019-06-28 12:13:00,HOLDINGS_UPDATED,"{'CASH': 13616200, 'JPM': -37}"
2019-06-28 12:14:00,BID_DEPTH,"[(99782, 391)]"
2019-06-28 12:14:00,ASK_DEPTH,"[(99928, 298)]"
2019-06-28 12:14:00,IMBALANCE,"[391, 298]"
2019-06-28 12:14:00,HOLDINGS_UPDATED,"{'CASH': 13516272, 'JPM': -36}"
2019-06-28 12:15:00,BID_DEPTH,"[(99761, 246)]"
2019-06-28 12:15:00,ASK_DEPTH,"[(100016, 153)]"
2019-06-28 12:15:00,IMBALANCE,"[246, 153]"
2019-06-28 12:15:00,HOLDINGS_UPDATED,"{'CASH': 13416256, 'JPM': -35}"
2019-06-28 12:16:00,BID_DEPTH,"[(100142, 158)]"
2019-06-28 12:16:00,ASK_DEPTH,"[(101429, 29)]"
2019-06-28 12:16:00,IMBALANCE,"[158, 29]"
2019-06-28 12:16:00,HOLDINGS_UPDATED,"{'CASH': 13314827, 'JPM': -34}"
2019-06-28 12:17:00,BID_DEPTH,"[(99680, 100)]"
2019-06-28 12:17:00,ASK_DEPTH,[]
2019-06-28 12:17:00,IMBALANCE,"[100, 0]"
2019-06-28 12:18:00,BID_DEPTH,"[(99680, 199)]"
2019-06-28 12:18:00,ASK_DEPTH,"[(101429, 206)]"
2019-06-28 12:18:00,IMBALANCE,"[199, 206]"
2019-06-28 12:18:00,HOLDINGS_UPDATED,"{'CASH': 13213398, 'JPM': -33}"
2019-06-28 12:19:00,BID_DEPTH,"[(99589, 391)]"
2019-06-28 12:19:00,ASK_DEPTH,"[(101429, 280)]"
2019-06-28 12:19:00,IMBALANCE,"[391, 280]"
2019-06-28 12:19:00,HOLDINGS_UPDATED,"{'CASH': 13111969, 'JPM': -32}"
2019-06-28 12:20:00,BID_DEPTH,"[(99570, 94)]"
2019-06-28 12:20:00,ASK_DEPTH,[]
2019-06-28 12:20:00,IMBALANCE,"[94, 0]"
2019-06-28 12:21:00,BID_DEPTH,"[(99570, 94)]"
2019-06-28 12:21:00,ASK_DEPTH,[]
2019-06-28 12:21:00,IMBALANCE,"[94, 0]"
2019-06-28 12:22:00,BID_DEPTH,"[(99475, 199)]"
2019-06-28 12:22:00,ASK_DEPTH,"[(99570, 12)]"
2019-06-28 12:22:00,IMBALANCE,"[199, 12]"
2019-06-28 12:22:00,HOLDINGS_UPDATED,"{'CASH': 13012399, 'JPM': -31}"
2019-06-28 12:23:00,BID_DEPTH,"[(99475, 391)]"
2019-06-28 12:23:00,ASK_DEPTH,"[(99570, 297)]"
2019-06-28 12:23:00,IMBALANCE,"[391, 297]"
2019-06-28 12:23:00,HOLDINGS_UPDATED,"{'CASH': 12912829, 'JPM': -30}"
2019-06-28 12:24:00,BID_DEPTH,"[(99475, 173)]"
2019-06-28 12:24:00,ASK_DEPTH,"[(99570, 80)]"
2019-06-28 12:24:00,IMBALANCE,"[173, 80]"
2019-06-28 12:24:00,HOLDINGS_UPDATED,"{'CASH': 12813259, 'JPM': -29}"
2019-06-28 12:25:00,BID_DEPTH,"[(99287, 199)]"
2019-06-28 12:25:00,ASK_DEPTH,"[(99570, 106)]"
2019-06-28 12:25:00,IMBALANCE,"[199, 106]"
2019-06-28 12:25:00,HOLDINGS_UPDATED,"{'CASH': 12713689, 'JPM': -28}"
2019-06-28 12:26:00,BID_DEPTH,"[(99287, 246)]"
2019-06-28 12:26:00,ASK_DEPTH,"[(99570, 153)]"
2019-06-28 12:26:00,IMBALANCE,"[246, 153]"
2019-06-28 12:26:00,HOLDINGS_UPDATED,"{'CASH': 12614119, 'JPM': -27}"
2019-06-28 12:27:00,BID_DEPTH,"[(99287, 100)]"
2019-06-28 12:27:00,ASK_DEPTH,[]
2019-06-28 12:27:00,IMBALANCE,"[100, 0]"
2019-06-28 12:28:00,BID_DEPTH,"[(99287, 106)]"
2019-06-28 12:28:00,ASK_DEPTH,"[(99570, 199)]"
2019-06-28 12:28:00,IMBALANCE,"[106, 199]"
2019-06-28 12:28:00,HOLDINGS_UPDATED,"{'CASH': 12713406, 'JPM': -28}"
2019-06-28 12:29:00,BID_DEPTH,"[(99287, 298)]"
2019-06-28 12:29:00,ASK_DEPTH,"[(99570, 391)]"
2019-06-28 12:29:00,IMBALANCE,"[298, 391]"
2019-06-28 12:29:00,HOLDINGS_UPDATED,"{'CASH': 12812693, 'JPM': -29}"
2019-06-28 12:30:00,BID_DEPTH,"[(99528, 106)]"
2019-06-28 12:30:00,ASK_DEPTH,"[(99656, 199)]"
2019-06-28 12:30:00,IMBALANCE,"[106, 199]"
2019-06-28 12:30:00,HOLDINGS_UPDATED,"{'CASH': 12912221, 'JPM': -30}"
2019-06-28 12:31:00,BID_DEPTH,"[(99508, 298)]"
2019-06-28 12:31:00,ASK_DEPTH,"[(99656, 589)]"
2019-06-28 12:31:00,IMBALANCE,"[298, 589]"
2019-06-28 12:31:00,HOLDINGS_UPDATED,"{'CASH': 13011729, 'JPM': -31}"
2019-06-28 12:32:00,BID_DEPTH,"[(99657, 298)]"
2019-06-28 12:32:00,ASK_DEPTH,"[(99863, 391)]"
2019-06-28 12:32:00,IMBALANCE,"[298, 391]"
2019-06-28 12:32:00,HOLDINGS_UPDATED,"{'CASH': 13111386, 'JPM': -32}"
2019-06-28 12:33:00,BID_DEPTH,"[(99657, 65)]"
2019-06-28 12:33:00,ASK_DEPTH,"[(99863, 156)]"
2019-06-28 12:33:00,IMBALANCE,"[65, 156]"
2019-06-28 12:33:00,HOLDINGS_UPDATED,"{'CASH': 13211043, 'JPM': -33}"
2019-06-28 12:34:00,BID_DEPTH,"[(99656, 65)]"
2019-06-28 12:34:00,ASK_DEPTH,"[(99948, 158)]"
2019-06-28 12:34:00,IMBALANCE,"[65, 158]"
2019-06-28 12:34:00,HOLDINGS_UPDATED,"{'CASH': 13310699, 'JPM': -34}"
2019-06-28 12:35:00,BID_DEPTH,"[(99656, 498)]"
2019-06-28 12:35:00,ASK_DEPTH,"[(99948, 389)]"
2019-06-28 12:35:00,IMBALANCE,"[498, 389]"
2019-06-28 12:35:00,HOLDINGS_UPDATED,"{'CASH': 13410355, 'JPM': -35}"
2019-06-28 12:36:00,BID_DEPTH,"[(99656, 380)]"
2019-06-28 12:36:00,ASK_DEPTH,"[(99983, 391)]"
2019-06-28 12:36:00,IMBALANCE,"[380, 391]"
2019-06-28 12:36:00,HOLDINGS_UPDATED,"{'CASH': 13510011, 'JPM': -36}"
2019-06-28 12:37:00,BID_DEPTH,"[(99656, 117)]"
2019-06-28 12:37:00,ASK_DEPTH,"[(100015, 246)]"
2019-06-28 12:37:00,IMBALANCE,"[117, 246]"
2019-06-28 12:37:00,HOLDINGS_UPDATED,"{'CASH': 13609667, 'JPM': -37}"
2019-06-28 12:38:00,BID_DEPTH,"[(99119, 80)]"
2019-06-28 12:38:00,ASK_DEPTH,"[(100379, 173)]"
2019-06-28 12:38:00,IMBALANCE,"[80, 173]"
2019-06-28 12:38:00,HOLDINGS_UPDATED,"{'CASH': 13708786, 'JPM': -38}"
2019-06-28 12:39:00,BID_DEPTH,"[(98730, 65)]"
2019-06-28 12:39:00,ASK_DEPTH,"[(100510, 158)]"
2019-06-28 12:39:00,IMBALANCE,"[65, 158]"
2019-06-28 12:39:00,HOLDINGS_UPDATED,"{'CASH': 13807516, 'JPM': -39}"
2019-06-28 12:40:00,BID_DEPTH,"[(100510, 398)]"
2019-06-28 12:40:00,ASK_DEPTH,"[(100665, 391)]"
2019-06-28 12:40:00,IMBALANCE,"[398, 391]"
2019-06-28 12:40:00,HOLDINGS_UPDATED,"{'CASH': 13908026, 'JPM': -40}"
2019-06-28 12:41:00,BID_DEPTH,"[(100510, 60)]"
2019-06-28 12:41:00,ASK_DEPTH,"[(100665, 173)]"
2019-06-28 12:41:00,IMBALANCE,"[60, 173]"
2019-06-28 12:41:00,HOLDINGS_UPDATED,"{'CASH': 14008536, 'JPM': -41}"
2019-06-28 12:42:00,BID_DEPTH,"[(101499, 7)]"
2019-06-28 12:42:00,ASK_DEPTH,"[(102215, 199)]"
2019-06-28 12:42:00,IMBALANCE,"[7, 199]"
2019-06-28 12:42:00,HOLDINGS_UPDATED,"{'CASH': 14110035, 'JPM': -42}"
2019-06-28 12:43:00,BID_DEPTH,"[(100510, 234)]"
2019-06-28 12:43:00,ASK_DEPTH,"[(101499, 147)]"
2019-06-28 12:43:00,IMBALANCE,"[234, 147]"
2019-06-28 12:43:00,HOLDINGS_UPDATED,"{'CASH': 14210545, 'JPM': -43}"
2019-06-28 12:44:00,BID_DEPTH,"[(100510, 459)]"
2019-06-28 12:44:00,ASK_DEPTH,"[(101461, 292)]"
2019-06-28 12:44:00,IMBALANCE,"[459, 292]"
2019-06-28 12:44:00,HOLDINGS_UPDATED,"{'CASH': 14311055, 'JPM': -44}"
2019-06-28 12:45:00,BID_DEPTH,"[(100510, 106)]"
2019-06-28 12:45:00,ASK_DEPTH,"[(101306, 158)]"
2019-06-28 12:45:00,IMBALANCE,"[106, 158]"
2019-06-28 12:45:00,HOLDINGS_UPDATED,"{'CASH': 14411565, 'JPM': -45}"
2019-06-28 12:46:00,BID_DEPTH,"[(100686, 80)]"
2019-06-28 12:46:00,ASK_DEPTH,"[(100830, 173)]"
2019-06-28 12:46:00,IMBALANCE,"[80, 173]"
2019-06-28 12:46:00,HOLDINGS_UPDATED,"{'CASH': 14512251, 'JPM': -46}"
2019-06-28 12:47:00,BID_DEPTH,"[(100510, 86)]"
2019-06-28 12:47:00,ASK_DEPTH,"[(101306, 158)]"
2019-06-28 12:47:00,IMBALANCE,"[86, 158]"
2019-06-28 12:47:00,HOLDINGS_UPDATED,"{'CASH': 14612761, 'JPM': -47}"
2019-06-28 12:48:00,BID_DEPTH,"[(100937, 65)]"
2019-06-28 12:48:00,ASK_DEPTH,"[(101306, 158)]"
2019-06-28 12:48:00,IMBALANCE,"[65, 158]"
2019-06-28 12:48:00,HOLDINGS_UPDATED,"{'CASH': 14713698, 'JPM': -48}"
2019-06-28 12:49:00,BID_DEPTH,"[(101174, 173)]"
2019-06-28 12:49:00,ASK_DEPTH,"[(101306, 80)]"
2019-06-28 12:49:00,IMBALANCE,"[173, 80]"
2019-06-28 12:49:00,HOLDINGS_UPDATED,"{'CASH': 14612392, 'JPM': -47}"
2019-06-28 12:50:00,BID_DEPTH,"[(100734, 173)]"
2019-06-28 12:50:00,ASK_DEPTH,"[(101128, 80)]"
2019-06-28 12:50:00,IMBALANCE,"[173, 80]"
2019-06-28 12:50:00,HOLDINGS_UPDATED,"{'CASH': 14511264, 'JPM': -46}"
2019-06-28 12:51:00,BID_DEPTH,"[(100734, 244)]"
2019-06-28 12:51:00,ASK_DEPTH,"[(101310, 153)]"
2019-06-28 12:51:00,IMBALANCE,"[244, 153]"
2019-06-28 12:51:00,HOLDINGS_UPDATED,"{'CASH': 14409954, 'JPM': -45}"
2019-06-28 12:52:00,BID_DEPTH,"[(101251, 333)]"
2019-06-28 12:52:00,ASK_DEPTH,"[(101376, 298)]"
2019-06-28 12:52:00,IMBALANCE,"[333, 298]"
2019-06-28 12:52:00,HOLDINGS_UPDATED,"{'CASH': 14308578, 'JPM': -44}"
2019-06-28 12:53:00,BID_DEPTH,"[(101075, 246)]"
2019-06-28 12:53:00,ASK_DEPTH,"[(101376, 153)]"
2019-06-28 12:53:00,IMBALANCE,"[246, 153]"
2019-06-28 12:53:00,HOLDINGS_UPDATED,"{'CASH': 14207202, 'JPM': -43}"
2019-06-28 12:54:00,BID_DEPTH,"[(101496, 333)]"
2019-06-28 12:54:00,ASK_DEPTH,"[(101625, 298)]"
2019-06-28 12:54:00,IMBALANCE,"[333, 298]"
2019-06-28 12:54:00,HOLDINGS_UPDATED,"{'CASH': 14105577, 'JPM': -42}"
2019-06-28 12:55:00,BID_DEPTH,"[(101496, 113)]"
2019-06-28 12:55:00,ASK_DEPTH,"[(101640, 80)]"
2019-06-28 12:55:00,IMBALANCE,"[113, 80]"
2019-06-28 12:55:00,HOLDINGS_UPDATED,"{'CASH': 14003937, 'JPM': -41}"
2019-06-28 12:56:00,BID_DEPTH,"[(101496, 98)]"
2019-06-28 12:56:00,ASK_DEPTH,"[(101683, 65)]"
2019-06-28 12:56:00,IMBALANCE,"[98, 65]"
2019-06-28 12:56:00,HOLDINGS_UPDATED,"{'CASH': 13902254, 'JPM': -40}"
2019-06-28 12:57:00,BID_DEPTH,"[(101409, 199)]"
2019-06-28 12:57:00,ASK_DEPTH,"[(101756, 106)]"
2019-06-28 12:57:00,IMBALANCE,"[199, 106]"
2019-06-28 12:57:00,HOLDINGS_UPDATED,"{'CASH': 13800498, 'JPM': -39}"
2019-06-28 12:58:00,BID_DEPTH,"[(101250, 391)]"
2019-06-28 12:58:00,ASK_DEPTH,"[(101760, 298)]"
2019-06-28 12:58:00,IMBALANCE,"[391, 298]"
2019-06-28 12:58:00,HOLDINGS_UPDATED,"{'CASH': 13698738, 'JPM': -38}"
2019-06-28 12:59:00,BID_DEPTH,"[(101250, 246)]"
2019-06-28 12:59:00,ASK_DEPTH,"[(101290, 153)]"
2019-06-28 12:59:00,IMBALANCE,"[246, 153]"
2019-06-28 12:59:00,HOLDINGS_UPDATED,"{'CASH': 13597448, 'JPM': -37}"
2019-06-28 13:00:00,BID_DEPTH,"[(101250, 246)]"
2019-06-28 13:00:00,ASK_DEPTH,"[(101421, 153)]"
2019-06-28 13:00:00,IMBALANCE,"[246, 153]"
2019-06-28 13:00:00,HOLDINGS_UPDATED,"{'CASH': 13496027, 'JPM': -36}"
2019-06-28 13:01:00,BID_DEPTH,"[(101218, 158)]"
2019-06-28 13:01:00,ASK_DEPTH,"[(101237, 65)]"
2019-06-28 13:01:00,IMBALANCE,"[158, 65]"
2019-06-28 13:01:00,HOLDINGS_UPDATED,"{'CASH': 13394790, 'JPM': -35}"
2019-06-28 13:02:00,BID_DEPTH,"[(101175, 246)]"
2019-06-28 13:02:00,ASK_DEPTH,"[(101237, 153)]"
2019-06-28 13:02:00,IMBALANCE,"[246, 153]"
2019-06-28 13:02:00,HOLDINGS_UPDATED,"{'CASH': 13293553, 'JPM': -34}"
2019-06-28 13:03:00,BID_DEPTH,"[(100979, 158)]"
2019-06-28 13:03:00,ASK_DEPTH,"[(101237, 65)]"
2019-06-28 13:03:00,IMBALANCE,"[158, 65]"
2019-06-28 13:03:00,HOLDINGS_UPDATED,"{'CASH': 13192316, 'JPM': -33}"
2019-06-28 13:04:00,BID_DEPTH,"[(100967, 158)]"
2019-06-28 13:04:00,ASK_DEPTH,"[(101270, 65)]"
2019-06-28 13:04:00,IMBALANCE,"[158, 65]"
2019-06-28 13:04:00,HOLDINGS_UPDATED,"{'CASH': 13091046, 'JPM': -32}"
2019-06-28 13:05:00,BID_DEPTH,"[(100935, 158)]"
2019-06-28 13:05:00,ASK_DEPTH,"[(101270, 165)]"
2019-06-28 13:05:00,IMBALANCE,"[158, 165]"
2019-06-28 13:05:00,HOLDINGS_UPDATED,"{'CASH': 12989776, 'JPM': -31}"
2019-06-28 13:06:00,BID_DEPTH,"[(100697, 246)]"
2019-06-28 13:06:00,ASK_DEPTH,"[(101269, 153)]"
2019-06-28 13:06:00,IMBALANCE,"[246, 153]"
2019-06-28 13:06:00,HOLDINGS_UPDATED,"{'CASH': 12888507, 'JPM': -30}"
2019-06-28 13:07:00,BID_DEPTH,"[(100641, 391)]"
2019-06-28 13:07:00,ASK_DEPTH,"[(100697, 240)]"
2019-06-28 13:07:00,IMBALANCE,"[391, 240]"
2019-06-28 13:07:00,HOLDINGS_UPDATED,"{'CASH': 12787810, 'JPM': -29}"
2019-06-28 13:08:00,BID_DEPTH,"[(100510, 74)]"
2019-06-28 13:08:00,ASK_DEPTH,"[(100638, 22)]"
2019-06-28 13:08:00,IMBALANCE,"[74, 22]"
2019-06-28 13:08:00,HOLDINGS_UPDATED,"{'CASH': 12687172, 'JPM': -28}"
2019-06-28 13:09:00,BID_DEPTH,"[(99683, 246)]"
2019-06-28 13:09:00,ASK_DEPTH,"[(100638, 153)]"
2019-06-28 13:09:00,IMBALANCE,"[246, 153]"
2019-06-28 13:09:00,HOLDINGS_UPDATED,"{'CASH': 12586534, 'JPM': -27}"
2019-06-28 13:10:00,BID_DEPTH,"[(99683, 391)]"
2019-06-28 13:10:00,ASK_DEPTH,"[(100297, 298)]"
2019-06-28 13:10:00,IMBALANCE,"[391, 298]"
2019-06-28 13:10:00,HOLDINGS_UPDATED,"{'CASH': 12486237, 'JPM': -26}"
2019-06-28 13:11:00,BID_DEPTH,"[(99683, 173)]"
2019-06-28 13:11:00,ASK_DEPTH,"[(100697, 80)]"
2019-06-28 13:11:00,IMBALANCE,"[173, 80]"
2019-06-28 13:11:00,HOLDINGS_UPDATED,"{'CASH': 12385540, 'JPM': -25}"
2019-06-28 13:12:00,BID_DEPTH,"[(100697, 246)]"
2019-06-28 13:12:00,ASK_DEPTH,"[(101333, 106)]"
2019-06-28 13:12:00,IMBALANCE,"[246, 106]"
2019-06-28 13:12:00,HOLDINGS_UPDATED,"{'CASH': 12284207, 'JPM': -24}"
2019-06-28 13:13:00,BID_DEPTH,"[(100697, 536)]"
2019-06-28 13:13:00,ASK_DEPTH,"[(101760, 298)]"
2019-06-28 13:13:00,IMBALANCE,"[536, 298]"
2019-06-28 13:13:00,HOLDINGS_UPDATED,"{'CASH': 12182447, 'JPM': -23}"
2019-06-28 13:14:00,BID_DEPTH,"[(100697, 391)]"
2019-06-28 13:14:00,ASK_DEPTH,"[(101796, 153)]"
2019-06-28 13:14:00,IMBALANCE,"[391, 153]"
2019-06-28 13:14:00,HOLDINGS_UPDATED,"{'CASH': 12080651, 'JPM': -22}"
2019-06-28 13:15:00,BID_DEPTH,"[(100697, 203)]"
2019-06-28 13:15:00,ASK_DEPTH,"[(101098, 65)]"
2019-06-28 13:15:00,IMBALANCE,"[203, 65]"
2019-06-28 13:15:00,HOLDINGS_UPDATED,"{'CASH': 11979553, 'JPM': -21}"
2019-06-28 13:16:00,BID_DEPTH,"[(100697, 218)]"
2019-06-28 13:16:00,ASK_DEPTH,"[(101796, 180)]"
2019-06-28 13:16:00,IMBALANCE,"[218, 180]"
2019-06-28 13:16:00,HOLDINGS_UPDATED,"{'CASH': 11877757, 'JPM': -20}"
2019-06-28 13:17:00,BID_DEPTH,"[(99896, 173)]"
2019-06-28 13:17:00,ASK_DEPTH,"[(100697, 262)]"
2019-06-28 13:17:00,IMBALANCE,"[173, 262]"
2019-06-28 13:17:00,HOLDINGS_UPDATED,"{'CASH': 11777060, 'JPM': -19}"
2019-06-28 13:18:00,BID_DEPTH,"[(99683, 391)]"
2019-06-28 13:18:00,ASK_DEPTH,"[(100697, 398)]"
2019-06-28 13:18:00,IMBALANCE,"[391, 398]"
2019-06-28 13:18:00,HOLDINGS_UPDATED,"{'CASH': 11676363, 'JPM': -18}"
2019-06-28 13:19:00,BID_DEPTH,"[(99683, 199)]"
2019-06-28 13:19:00,ASK_DEPTH,"[(100697, 188)]"
2019-06-28 13:19:00,IMBALANCE,"[199, 188]"
2019-06-28 13:19:00,HOLDINGS_UPDATED,"{'CASH': 11575666, 'JPM': -17}"
2019-06-28 13:20:00,BID_DEPTH,"[(99683, 153)]"
2019-06-28 13:20:00,ASK_DEPTH,"[(100697, 310)]"
2019-06-28 13:20:00,IMBALANCE,"[153, 310]"
2019-06-28 13:20:00,HOLDINGS_UPDATED,"{'CASH': 11675349, 'JPM': -18}"
2019-06-28 13:21:00,BID_DEPTH,"[(99236, 80)]"
2019-06-28 13:21:00,ASK_DEPTH,"[(100697, 218)]"
2019-06-28 13:21:00,IMBALANCE,"[80, 218]"
2019-06-28 13:21:00,HOLDINGS_UPDATED,"{'CASH': 11774585, 'JPM': -19}"
2019-06-28 13:22:00,BID_DEPTH,"[(99078, 153)]"
2019-06-28 13:22:00,ASK_DEPTH,"[(99118, 246)]"
2019-06-28 13:22:00,IMBALANCE,"[153, 246]"
2019-06-28 13:22:00,HOLDINGS_UPDATED,"{'CASH': 11873663, 'JPM': -20}"
2019-06-28 13:23:00,BID_DEPTH,"[(99078, 65)]"
2019-06-28 13:23:00,ASK_DEPTH,"[(100697, 201)]"
2019-06-28 13:23:00,IMBALANCE,"[65, 201]"
2019-06-28 13:23:00,HOLDINGS_UPDATED,"{'CASH': 11972741, 'JPM': -21}"
2019-06-28 13:24:00,BID_DEPTH,"[(99289, 199)]"
2019-06-28 13:24:00,ASK_DEPTH,"[(99393, 391)]"
2019-06-28 13:24:00,IMBALANCE,"[199, 391]"
2019-06-28 13:24:00,HOLDINGS_UPDATED,"{'CASH': 12072030, 'JPM': -22}"
2019-06-28 13:25:00,BID_DEPTH,"[(99059, 153)]"
2019-06-28 13:25:00,ASK_DEPTH,"[(99393, 244)]"
2019-06-28 13:25:00,IMBALANCE,"[153, 244]"
2019-06-28 13:25:00,HOLDINGS_UPDATED,"{'CASH': 12171089, 'JPM': -23}"
2019-06-28 13:26:00,BID_DEPTH,"[(98875, 65)]"
2019-06-28 13:26:00,ASK_DEPTH,"[(99392, 258)]"
2019-06-28 13:26:00,IMBALANCE,"[65, 258]"
2019-06-28 13:26:00,HOLDINGS_UPDATED,"{'CASH': 12269964, 'JPM': -24}"
2019-06-28 13:27:00,BID_DEPTH,"[(98520, 153)]"
2019-06-28 13:27:00,ASK_DEPTH,"[(98660, 246)]"
2019-06-28 13:27:00,IMBALANCE,"[153, 246]"
2019-06-28 13:27:00,HOLDINGS_UPDATED,"{'CASH': 12368484, 'JPM': -25}"
2019-06-28 13:28:00,BID_DEPTH,"[(98528, 153)]"
2019-06-28 13:28:00,ASK_DEPTH,"[(98660, 244)]"
2019-06-28 13:28:00,IMBALANCE,"[153, 244]"
2019-06-28 13:28:00,HOLDINGS_UPDATED,"{'CASH': 12467012, 'JPM': -26}"
2019-06-28 13:29:00,BID_DEPTH,"[(98660, 229)]"
2019-06-28 13:29:00,ASK_DEPTH,"[(98875, 351)]"
2019-06-28 13:29:00,IMBALANCE,"[229, 351]"
2019-06-28 13:29:00,HOLDINGS_UPDATED,"{'CASH': 12565672, 'JPM': -27}"
2019-06-28 13:30:00,BID_DEPTH,"[(98621, 80)]"
2019-06-28 13:30:00,ASK_DEPTH,"[(98874, 173)]"
2019-06-28 13:30:00,IMBALANCE,"[80, 173]"
2019-06-28 13:30:00,HOLDINGS_UPDATED,"{'CASH': 12664293, 'JPM': -28}"
2019-06-28 13:31:00,BID_DEPTH,"[(98520, 106)]"
2019-06-28 13:31:00,ASK_DEPTH,"[(98874, 197)]"
2019-06-28 13:31:00,IMBALANCE,"[106, 197]"
2019-06-28 13:31:00,HOLDINGS_UPDATED,"{'CASH': 12762813, 'JPM': -29}"
2019-06-28 13:32:00,BID_DEPTH,"[(98422, 106)]"
2019-06-28 13:32:00,ASK_DEPTH,"[(98502, 100)]"
2019-06-28 13:32:00,IMBALANCE,"[106, 100]"
2019-06-28 13:32:00,HOLDINGS_UPDATED,"{'CASH': 12861235, 'JPM': -30}"
2019-06-28 13:33:00,BID_DEPTH,"[(98604, 298)]"
2019-06-28 13:33:00,ASK_DEPTH,"[(98874, 487)]"
2019-06-28 13:33:00,IMBALANCE,"[298, 487]"
2019-06-28 13:33:00,HOLDINGS_UPDATED,"{'CASH': 12959839, 'JPM': -31}"
2019-06-28 13:34:00,BID_DEPTH,"[(98681, 65)]"
2019-06-28 13:34:00,ASK_DEPTH,"[(98874, 352)]"
2019-06-28 13:34:00,IMBALANCE,"[65, 352]"
2019-06-28 13:34:00,HOLDINGS_UPDATED,"{'CASH': 13058520, 'JPM': -32}"
2019-06-28 13:35:00,BID_DEPTH,"[(98358, 65)]"
2019-06-28 13:35:00,ASK_DEPTH,"[(98874, 150)]"
2019-06-28 13:35:00,IMBALANCE,"[65, 150]"
2019-06-28 13:35:00,HOLDINGS_UPDATED,"{'CASH': 13156878, 'JPM': -33}"
2019-06-28 13:36:00,BID_DEPTH,"[(98105, 65)]"
2019-06-28 13:36:00,ASK_DEPTH,"[(98874, 148)]"
2019-06-28 13:36:00,IMBALANCE,"[65, 148]"
2019-06-28 13:36:00,HOLDINGS_UPDATED,"{'CASH': 13254983, 'JPM': -34}"
2019-06-28 13:37:00,BID_DEPTH,"[(99147, 153)]"
2019-06-28 13:37:00,ASK_DEPTH,"[(99222, 246)]"
2019-06-28 13:37:00,IMBALANCE,"[153, 246]"
2019-06-28 13:37:00,HOLDINGS_UPDATED,"{'CASH': 13354130, 'JPM': -35}"
2019-06-28 13:38:00,BID_DEPTH,"[(99059, 65)]"
2019-06-28 13:38:00,ASK_DEPTH,"[(99222, 156)]"
2019-06-28 13:38:00,IMBALANCE,"[65, 156]"
2019-06-28 13:38:00,HOLDINGS_UPDATED,"{'CASH': 13453189, 'JPM': -36}"
2019-06-28 13:39:00,BID_DEPTH,"[(98645, 80)]"
2019-06-28 13:39:00,ASK_DEPTH,"[(98939, 74)]"
2019-06-28 13:39:00,IMBALANCE,"[80, 74]"
2019-06-28 13:39:00,HOLDINGS_UPDATED,"{'CASH': 13551834, 'JPM': -37}"
2019-06-28 13:40:00,BID_DEPTH,"[(97981, 65)]"
2019-06-28 13:40:00,ASK_DEPTH,"[(98645, 103)]"
2019-06-28 13:40:00,IMBALANCE,"[65, 103]"
2019-06-28 13:40:00,HOLDINGS_UPDATED,"{'CASH': 13649815, 'JPM': -38}"
2019-06-28 13:41:00,BID_DEPTH,"[(98556, 80)]"
2019-06-28 13:41:00,ASK_DEPTH,"[(98645, 116)]"
2019-06-28 13:41:00,IMBALANCE,"[80, 116]"
2019-06-28 13:41:00,HOLDINGS_UPDATED,"{'CASH': 13748371, 'JPM': -39}"
2019-06-28 13:42:00,BID_DEPTH,"[(98348, 298)]"
2019-06-28 13:42:00,ASK_DEPTH,"[(98717, 391)]"
2019-06-28 13:42:00,IMBALANCE,"[298, 391]"
2019-06-28 13:42:00,HOLDINGS_UPDATED,"{'CASH': 13846719, 'JPM': -40}"
2019-06-28 13:43:00,BID_DEPTH,"[(98164, 153)]"
2019-06-28 13:43:00,ASK_DEPTH,"[(98717, 244)]"
2019-06-28 13:43:00,IMBALANCE,"[153, 244]"
2019-06-28 13:43:00,HOLDINGS_UPDATED,"{'CASH': 13944883, 'JPM': -41}"
2019-06-28 13:44:00,BID_DEPTH,"[(98130, 298)]"
2019-06-28 13:44:00,ASK_DEPTH,"[(98717, 487)]"
2019-06-28 13:44:00,IMBALANCE,"[298, 487]"
2019-06-28 13:44:00,HOLDINGS_UPDATED,"{'CASH': 14043013, 'JPM': -42}"
2019-06-28 13:45:00,BID_DEPTH,"[(98122, 106)]"
2019-06-28 13:45:00,ASK_DEPTH,"[(98292, 199)]"
2019-06-28 13:45:00,IMBALANCE,"[106, 199]"
2019-06-28 13:45:00,HOLDINGS_UPDATED,"{'CASH': 14141135, 'JPM': -43}"
2019-06-28 13:46:00,BID_DEPTH,"[(98042, 106)]"
2019-06-28 13:46:00,ASK_DEPTH,"[(98483, 199)]"
2019-06-28 13:46:00,IMBALANCE,"[106, 199]"
2019-06-28 13:46:00,HOLDINGS_UPDATED,"{'CASH': 14239177, 'JPM': -44}"
2019-06-28 13:47:00,BID_DEPTH,[]
2019-06-28 13:47:00,ASK_DEPTH,"[(98613, 100)]"
2019-06-28 13:47:00,IMBALANCE,"[0, 100]"
2019-06-28 13:48:00,BID_DEPTH,[]
2019-06-28 13:48:00,ASK_DEPTH,"[(98673, 100)]"
2019-06-28 13:48:00,IMBALANCE,"[0, 100]"
2019-06-28 13:49:00,BID_DEPTH,"[(98564, 65)]"
2019-06-28 13:49:00,ASK_DEPTH,"[(98673, 158)]"
2019-06-28 13:49:00,IMBALANCE,"[65, 158]"
2019-06-28 13:49:00,HOLDINGS_UPDATED,"{'CASH': 14337741, 'JPM': -45}"
2019-06-28 13:50:00,BID_DEPTH,"[(98564, 298)]"
2019-06-28 13:50:00,ASK_DEPTH,"[(98673, 589)]"
2019-06-28 13:50:00,IMBALANCE,"[298, 589]"
2019-06-28 13:50:00,HOLDINGS_UPDATED,"{'CASH': 14436305, 'JPM': -46}"
2019-06-28 13:51:00,BID_DEPTH,[]
2019-06-28 13:51:00,ASK_DEPTH,"[(98673, 196)]"
2019-06-28 13:51:00,IMBALANCE,"[0, 196]"
2019-06-28 13:52:00,BID_DEPTH,[]
2019-06-28 13:52:00,ASK_DEPTH,"[(98306, 100)]"
2019-06-28 13:52:00,IMBALANCE,"[0, 100]"
2019-06-28 13:53:00,BID_DEPTH,"[(98306, 106)]"
2019-06-28 13:53:00,ASK_DEPTH,"[(98415, 199)]"
2019-06-28 13:53:00,IMBALANCE,"[106, 199]"
2019-06-28 13:53:00,HOLDINGS_UPDATED,"{'CASH': 14534611, 'JPM': -47}"
2019-06-28 13:54:00,BID_DEPTH,"[(97936, 153)]"
2019-06-28 13:54:00,ASK_DEPTH,"[(97983, 246)]"
2019-06-28 13:54:00,IMBALANCE,"[153, 246]"
2019-06-28 13:54:00,HOLDINGS_UPDATED,"{'CASH': 14632547, 'JPM': -48}"
2019-06-28 13:55:00,BID_DEPTH,"[(97936, 80)]"
2019-06-28 13:55:00,ASK_DEPTH,"[(97983, 171)]"
2019-06-28 13:55:00,IMBALANCE,"[80, 171]"
2019-06-28 13:55:00,HOLDINGS_UPDATED,"{'CASH': 14730483, 'JPM': -49}"
2019-06-28 13:56:00,BID_DEPTH,"[(97914, 106)]"
2019-06-28 13:56:00,ASK_DEPTH,"[(97983, 199)]"
2019-06-28 13:56:00,IMBALANCE,"[106, 199]"
2019-06-28 13:56:00,HOLDINGS_UPDATED,"{'CASH': 14828397, 'JPM': -50}"
2019-06-28 13:57:00,BID_DEPTH,"[(97826, 65)]"
2019-06-28 13:57:00,ASK_DEPTH,"[(97983, 256)]"
2019-06-28 13:57:00,IMBALANCE,"[65, 256]"
2019-06-28 13:57:00,HOLDINGS_UPDATED,"{'CASH': 14926223, 'JPM': -51}"
2019-06-28 13:58:00,BID_DEPTH,"[(97983, 153)]"
2019-06-28 13:58:00,ASK_DEPTH,"[(98039, 246)]"
2019-06-28 13:58:00,IMBALANCE,"[153, 246]"
2019-06-28 13:58:00,HOLDINGS_UPDATED,"{'CASH': 15024206, 'JPM': -52}"
2019-06-28 13:59:00,BID_DEPTH,"[(98039, 165)]"
2019-06-28 13:59:00,ASK_DEPTH,"[(98340, 158)]"
2019-06-28 13:59:00,IMBALANCE,"[165, 158]"
2019-06-28 13:59:00,HOLDINGS_UPDATED,"{'CASH': 15122245, 'JPM': -53}"
2019-06-28 14:00:00,BID_DEPTH,"[(98039, 135)]"
2019-06-28 14:00:00,ASK_DEPTH,"[(98414, 346)]"
2019-06-28 14:00:00,IMBALANCE,"[135, 346]"
2019-06-28 14:00:00,HOLDINGS_UPDATED,"{'CASH': 15220284, 'JPM': -54}"
2019-06-28 14:01:00,BID_DEPTH,"[(97826, 106)]"
2019-06-28 14:01:00,ASK_DEPTH,"[(98415, 197)]"
2019-06-28 14:01:00,IMBALANCE,"[106, 197]"
2019-06-28 14:01:00,HOLDINGS_UPDATED,"{'CASH': 15318110, 'JPM': -55}"
2019-06-28 14:02:00,BID_DEPTH,"[(97826, 65)]"
2019-06-28 14:02:00,ASK_DEPTH,"[(98415, 154)]"
2019-06-28 14:02:00,IMBALANCE,"[65, 154]"
2019-06-28 14:02:00,HOLDINGS_UPDATED,"{'CASH': 15415936, 'JPM': -56}"
2019-06-28 14:03:00,BID_DEPTH,"[(97579, 106)]"
2019-06-28 14:03:00,ASK_DEPTH,"[(98673, 199)]"
2019-06-28 14:03:00,IMBALANCE,"[106, 199]"
2019-06-28 14:03:00,HOLDINGS_UPDATED,"{'CASH': 15513515, 'JPM': -57}"
2019-06-28 14:04:00,BID_DEPTH,[]
2019-06-28 14:04:00,ASK_DEPTH,"[(98673, 98)]"
2019-06-28 14:04:00,IMBALANCE,"[0, 98]"
2019-06-28 14:05:00,BID_DEPTH,"[(97579, 65)]"
2019-06-28 14:05:00,ASK_DEPTH,"[(98673, 156)]"
2019-06-28 14:05:00,IMBALANCE,"[65, 156]"
2019-06-28 14:05:00,HOLDINGS_UPDATED,"{'CASH': 15611094, 'JPM': -58}"
2019-06-28 14:06:00,BID_DEPTH,"[(98918, 80)]"
2019-06-28 14:06:00,ASK_DEPTH,"[(98939, 246)]"
2019-06-28 14:06:00,IMBALANCE,"[80, 246]"
2019-06-28 14:06:00,HOLDINGS_UPDATED,"{'CASH': 15710012, 'JPM': -59}"
2019-06-28 14:07:00,BID_DEPTH,"[(98918, 65)]"
2019-06-28 14:07:00,ASK_DEPTH,"[(98939, 156)]"
2019-06-28 14:07:00,IMBALANCE,"[65, 156]"
2019-06-28 14:07:00,HOLDINGS_UPDATED,"{'CASH': 15808930, 'JPM': -60}"
2019-06-28 14:08:00,BID_DEPTH,"[(98939, 240)]"
2019-06-28 14:08:00,ASK_DEPTH,"[(98976, 391)]"
2019-06-28 14:08:00,IMBALANCE,"[240, 391]"
2019-06-28 14:08:00,HOLDINGS_UPDATED,"{'CASH': 15907869, 'JPM': -61}"
2019-06-28 14:09:00,BID_DEPTH,"[(98939, 398)]"
2019-06-28 14:09:00,ASK_DEPTH,"[(98976, 389)]"
2019-06-28 14:09:00,IMBALANCE,"[398, 389]"
2019-06-28 14:09:00,HOLDINGS_UPDATED,"{'CASH': 16006808, 'JPM': -62}"
2019-06-28 14:10:00,BID_DEPTH,"[(98939, 380)]"
2019-06-28 14:10:00,ASK_DEPTH,"[(98979, 391)]"
2019-06-28 14:10:00,IMBALANCE,"[380, 391]"
2019-06-28 14:10:00,HOLDINGS_UPDATED,"{'CASH': 16105747, 'JPM': -63}"
2019-06-28 14:11:00,BID_DEPTH,"[(98939, 262)]"
2019-06-28 14:11:00,ASK_DEPTH,"[(99112, 391)]"
2019-06-28 14:11:00,IMBALANCE,"[262, 391]"
2019-06-28 14:11:00,HOLDINGS_UPDATED,"{'CASH': 16204686, 'JPM': -64}"
2019-06-28 14:12:00,BID_DEPTH,"[(99112, 327)]"
2019-06-28 14:12:00,ASK_DEPTH,"[(99174, 391)]"
2019-06-28 14:12:00,IMBALANCE,"[327, 391]"
2019-06-28 14:12:00,HOLDINGS_UPDATED,"{'CASH': 16303798, 'JPM': -65}"
2019-06-28 14:13:00,BID_DEPTH,"[(99112, 209)]"
2019-06-28 14:13:00,ASK_DEPTH,"[(99176, 391)]"
2019-06-28 14:13:00,IMBALANCE,"[209, 391]"
2019-06-28 14:13:00,HOLDINGS_UPDATED,"{'CASH': 16402910, 'JPM': -66}"
2019-06-28 14:14:00,BID_DEPTH,"[(99176, 298)]"
2019-06-28 14:14:00,ASK_DEPTH,"[(99368, 391)]"
2019-06-28 14:14:00,IMBALANCE,"[298, 391]"
2019-06-28 14:14:00,HOLDINGS_UPDATED,"{'CASH': 16502086, 'JPM': -67}"
2019-06-28 14:15:00,BID_DEPTH,"[(99176, 80)]"
2019-06-28 14:15:00,ASK_DEPTH,"[(99616, 173)]"
2019-06-28 14:15:00,IMBALANCE,"[80, 173]"
2019-06-28 14:15:00,HOLDINGS_UPDATED,"{'CASH': 16601262, 'JPM': -68}"
2019-06-28 14:16:00,BID_DEPTH,"[(99176, 106)]"
2019-06-28 14:16:00,ASK_DEPTH,"[(99621, 199)]"
2019-06-28 14:16:00,IMBALANCE,"[106, 199]"
2019-06-28 14:16:00,HOLDINGS_UPDATED,"{'CASH': 16700438, 'JPM': -69}"
2019-06-28 14:17:00,BID_DEPTH,"[(99176, 199)]"
2019-06-28 14:17:00,ASK_DEPTH,"[(99621, 106)]"
2019-06-28 14:17:00,IMBALANCE,"[199, 106]"
2019-06-28 14:17:00,HOLDINGS_UPDATED,"{'CASH': 16600817, 'JPM': -68}"
2019-06-28 14:18:00,BID_DEPTH,"[(99176, 444)]"
2019-06-28 14:18:00,ASK_DEPTH,"[(99635, 153)]"
2019-06-28 14:18:00,IMBALANCE,"[444, 153]"
2019-06-28 14:18:00,HOLDINGS_UPDATED,"{'CASH': 16501182, 'JPM': -67}"
2019-06-28 14:19:00,BID_DEPTH,"[(99176, 395)]"
2019-06-28 14:19:00,ASK_DEPTH,"[(100412, 106)]"
2019-06-28 14:19:00,IMBALANCE,"[395, 106]"
2019-06-28 14:19:00,HOLDINGS_UPDATED,"{'CASH': 16400770, 'JPM': -66}"
2019-06-28 14:20:00,BID_DEPTH,"[(100413, 246)]"
2019-06-28 14:20:00,ASK_DEPTH,"[(100752, 153)]"
2019-06-28 14:20:00,IMBALANCE,"[246, 153]"
2019-06-28 14:20:00,HOLDINGS_UPDATED,"{'CASH': 16300018, 'JPM': -65}"
2019-06-28 14:21:00,BID_DEPTH,"[(100413, 156)]"
2019-06-28 14:21:00,ASK_DEPTH,"[(100482, 65)]"
2019-06-28 14:21:00,IMBALANCE,"[156, 65]"
2019-06-28 14:21:00,HOLDINGS_UPDATED,"{'CASH': 16199536, 'JPM': -64}"
2019-06-28 14:22:00,BID_DEPTH,"[(100267, 173)]"
2019-06-28 14:22:00,ASK_DEPTH,"[(100837, 80)]"
2019-06-28 14:22:00,IMBALANCE,"[173, 80]"
2019-06-28 14:22:00,HOLDINGS_UPDATED,"{'CASH': 16098699, 'JPM': -63}"
2019-06-28 14:23:00,BID_DEPTH,"[(100267, 171)]"
2019-06-28 14:23:00,ASK_DEPTH,"[(100837, 180)]"
2019-06-28 14:23:00,IMBALANCE,"[171, 180]"
2019-06-28 14:23:00,HOLDINGS_UPDATED,"{'CASH': 15997862, 'JPM': -62}"
2019-06-28 14:24:00,BID_DEPTH,"[(100132, 391)]"
2019-06-28 14:24:00,ASK_DEPTH,"[(100267, 298)]"
2019-06-28 14:24:00,IMBALANCE,"[391, 298]"
2019-06-28 14:24:00,HOLDINGS_UPDATED,"{'CASH': 15897595, 'JPM': -61}"
2019-06-28 14:25:00,BID_DEPTH,"[(100132, 197)]"
2019-06-28 14:25:00,ASK_DEPTH,"[(100267, 106)]"
2019-06-28 14:25:00,IMBALANCE,"[197, 106]"
2019-06-28 14:25:00,HOLDINGS_UPDATED,"{'CASH': 15797328, 'JPM': -60}"
2019-06-28 14:26:00,BID_DEPTH,"[(99947, 158)]"
2019-06-28 14:26:00,ASK_DEPTH,"[(99963, 65)]"
2019-06-28 14:26:00,IMBALANCE,"[158, 65]"
2019-06-28 14:26:00,HOLDINGS_UPDATED,"{'CASH': 15697365, 'JPM': -59}"
2019-06-28 14:27:00,BID_DEPTH,"[(99947, 156)]"
2019-06-28 14:27:00,ASK_DEPTH,"[(99963, 65)]"
2019-06-28 14:27:00,IMBALANCE,"[156, 65]"
2019-06-28 14:27:00,HOLDINGS_UPDATED,"{'CASH': 15597402, 'JPM': -58}"
2019-06-28 14:28:00,BID_DEPTH,"[(99947, 387)]"
2019-06-28 14:28:00,ASK_DEPTH,"[(100089, 298)]"
2019-06-28 14:28:00,IMBALANCE,"[387, 298]"
2019-06-28 14:28:00,HOLDINGS_UPDATED,"{'CASH': 15497313, 'JPM': -57}"
2019-06-28 14:29:00,BID_DEPTH,"[(99646, 199)]"
2019-06-28 14:29:00,ASK_DEPTH,"[(100089, 106)]"
2019-06-28 14:29:00,IMBALANCE,"[199, 106]"
2019-06-28 14:29:00,HOLDINGS_UPDATED,"{'CASH': 15397224, 'JPM': -56}"
2019-06-28 14:30:00,BID_DEPTH,"[(99646, 344)]"
2019-06-28 14:30:00,ASK_DEPTH,"[(100089, 153)]"
2019-06-28 14:30:00,IMBALANCE,"[344, 153]"
2019-06-28 14:30:00,HOLDINGS_UPDATED,"{'CASH': 15297135, 'JPM': -55}"
2019-06-28 14:31:00,BID_DEPTH,"[(99603, 158)]"
2019-06-28 14:31:00,ASK_DEPTH,"[(100837, 47)]"
2019-06-28 14:31:00,IMBALANCE,"[158, 47]"
2019-06-28 14:31:00,HOLDINGS_UPDATED,"{'CASH': 15196298, 'JPM': -54}"
2019-06-28 14:32:00,BID_DEPTH,"[(99603, 389)]"
2019-06-28 14:32:00,ASK_DEPTH,"[(99810, 298)]"
2019-06-28 14:32:00,IMBALANCE,"[389, 298]"
2019-06-28 14:32:00,HOLDINGS_UPDATED,"{'CASH': 15096488, 'JPM': -53}"
2019-06-28 14:33:00,BID_DEPTH,"[(99603, 195)]"
2019-06-28 14:33:00,ASK_DEPTH,"[(99985, 106)]"
2019-06-28 14:33:00,IMBALANCE,"[195, 106]"
2019-06-28 14:33:00,HOLDINGS_UPDATED,"{'CASH': 14996503, 'JPM': -52}"
2019-06-28 14:34:00,BID_DEPTH,"[(99603, 385)]"
2019-06-28 14:34:00,ASK_DEPTH,"[(99722, 298)]"
2019-06-28 14:34:00,IMBALANCE,"[385, 298]"
2019-06-28 14:34:00,HOLDINGS_UPDATED,"{'CASH': 14896781, 'JPM': -51}"
2019-06-28 14:35:00,BID_DEPTH,"[(99603, 191)]"
2019-06-28 14:35:00,ASK_DEPTH,"[(100436, 106)]"
2019-06-28 14:35:00,IMBALANCE,"[191, 106]"
2019-06-28 14:35:00,HOLDINGS_UPDATED,"{'CASH': 14796345, 'JPM': -50}"
2019-06-28 14:36:00,BID_DEPTH,"[(99603, 263)]"
2019-06-28 14:36:00,ASK_DEPTH,"[(100182, 80)]"
2019-06-28 14:36:00,IMBALANCE,"[263, 80]"
2019-06-28 14:36:00,HOLDINGS_UPDATED,"{'CASH': 14696163, 'JPM': -49}"
2019-06-28 14:37:00,BID_DEPTH,"[(99603, 261)]"
2019-06-28 14:37:00,ASK_DEPTH,"[(100258, 80)]"
2019-06-28 14:37:00,IMBALANCE,"[261, 80]"
2019-06-28 14:37:00,HOLDINGS_UPDATED,"{'CASH': 14595905, 'JPM': -48}"
2019-06-28 14:38:00,BID_DEPTH,"[(99603, 158)]"
2019-06-28 14:38:00,ASK_DEPTH,"[(100633, 65)]"
2019-06-28 14:38:00,IMBALANCE,"[158, 65]"
2019-06-28 14:38:00,HOLDINGS_UPDATED,"{'CASH': 14495272, 'JPM': -47}"
2019-06-28 14:39:00,BID_DEPTH,"[(100246, 199)]"
2019-06-28 14:39:00,ASK_DEPTH,"[(100655, 106)]"
2019-06-28 14:39:00,IMBALANCE,"[199, 106]"
2019-06-28 14:39:00,HOLDINGS_UPDATED,"{'CASH': 14394617, 'JPM': -46}"
2019-06-28 14:40:00,BID_DEPTH,"[(100023, 199)]"
2019-06-28 14:40:00,ASK_DEPTH,"[(100441, 106)]"
2019-06-28 14:40:00,IMBALANCE,"[199, 106]"
2019-06-28 14:40:00,HOLDINGS_UPDATED,"{'CASH': 14294176, 'JPM': -45}"
2019-06-28 14:41:00,BID_DEPTH,"[(99697, 173)]"
2019-06-28 14:41:00,ASK_DEPTH,"[(100441, 80)]"
2019-06-28 14:41:00,IMBALANCE,"[173, 80]"
2019-06-28 14:41:00,HOLDINGS_UPDATED,"{'CASH': 14193735, 'JPM': -44}"
2019-06-28 14:42:00,BID_DEPTH,"[(99922, 199)]"
2019-06-28 14:42:00,ASK_DEPTH,"[(99997, 106)]"
2019-06-28 14:42:00,IMBALANCE,"[199, 106]"
2019-06-28 14:42:00,HOLDINGS_UPDATED,"{'CASH': 14093738, 'JPM': -43}"
2019-06-28 14:43:00,BID_DEPTH,"[(99922, 489)]"
2019-06-28 14:43:00,ASK_DEPTH,"[(100441, 298)]"
2019-06-28 14:43:00,IMBALANCE,"[489, 298]"
2019-06-28 14:43:00,HOLDINGS_UPDATED,"{'CASH': 13993297, 'JPM': -42}"
2019-06-28 14:44:00,BID_DEPTH,"[(100177, 246)]"
2019-06-28 14:44:00,ASK_DEPTH,"[(100282, 153)]"
2019-06-28 14:44:00,IMBALANCE,"[246, 153]"
2019-06-28 14:44:00,HOLDINGS_UPDATED,"{'CASH': 13893015, 'JPM': -41}"
2019-06-28 14:45:00,BID_DEPTH,"[(100189, 158)]"
2019-06-28 14:45:00,ASK_DEPTH,"[(100255, 65)]"
2019-06-28 14:45:00,IMBALANCE,"[158, 65]"
2019-06-28 14:45:00,HOLDINGS_UPDATED,"{'CASH': 13792760, 'JPM': -40}"
2019-06-28 14:46:00,BID_DEPTH,"[(100101, 158)]"
2019-06-28 14:46:00,ASK_DEPTH,"[(100189, 65)]"
2019-06-28 14:46:00,IMBALANCE,"[158, 65]"
2019-06-28 14:46:00,HOLDINGS_UPDATED,"{'CASH': 13692571, 'JPM': -39}"
2019-06-28 14:47:00,BID_DEPTH,"[(99949, 173)]"
2019-06-28 14:47:00,ASK_DEPTH,"[(100282, 180)]"
2019-06-28 14:47:00,IMBALANCE,"[173, 180]"
2019-06-28 14:47:00,HOLDINGS_UPDATED,"{'CASH': 13592289, 'JPM': -38}"
2019-06-28 14:48:00,BID_DEPTH,"[(99949, 156)]"
2019-06-28 14:48:00,ASK_DEPTH,"[(100282, 47)]"
2019-06-28 14:48:00,IMBALANCE,"[156, 47]"
2019-06-28 14:48:00,HOLDINGS_UPDATED,"{'CASH': 13492007, 'JPM': -37}"
2019-06-28 14:49:00,BID_DEPTH,"[(99949, 387)]"
2019-06-28 14:49:00,ASK_DEPTH,"[(100292, 298)]"
2019-06-28 14:49:00,IMBALANCE,"[387, 298]"
2019-06-28 14:49:00,HOLDINGS_UPDATED,"{'CASH': 13391715, 'JPM': -36}"
2019-06-28 14:50:00,BID_DEPTH,"[(99949, 485)]"
2019-06-28 14:50:00,ASK_DEPTH,"[(100358, 298)]"
2019-06-28 14:50:00,IMBALANCE,"[485, 298]"
2019-06-28 14:50:00,HOLDINGS_UPDATED,"{'CASH': 13291357, 'JPM': -35}"
2019-06-28 14:51:00,BID_DEPTH,"[(99949, 265)]"
2019-06-28 14:51:00,ASK_DEPTH,"[(100358, 280)]"
2019-06-28 14:51:00,IMBALANCE,"[265, 280]"
2019-06-28 14:51:00,HOLDINGS_UPDATED,"{'CASH': 13190999, 'JPM': -34}"
2019-06-28 14:52:00,BID_DEPTH,"[(99826, 158)]"
2019-06-28 14:52:00,ASK_DEPTH,"[(100358, 247)]"
2019-06-28 14:52:00,IMBALANCE,"[158, 247]"
2019-06-28 14:52:00,HOLDINGS_UPDATED,"{'CASH': 13090641, 'JPM': -33}"
2019-06-28 14:53:00,BID_DEPTH,"[(99801, 391)]"
2019-06-28 14:53:00,ASK_DEPTH,"[(100358, 362)]"
2019-06-28 14:53:00,IMBALANCE,"[391, 362]"
2019-06-28 14:53:00,HOLDINGS_UPDATED,"{'CASH': 12990283, 'JPM': -32}"
2019-06-28 14:54:00,BID_DEPTH,"[(99940, 246)]"
2019-06-28 14:54:00,ASK_DEPTH,"[(100358, 99)]"
2019-06-28 14:54:00,IMBALANCE,"[246, 99]"
2019-06-28 14:54:00,HOLDINGS_UPDATED,"{'CASH': 12889925, 'JPM': -31}"
2019-06-28 14:55:00,BID_DEPTH,"[(100263, 158)]"
2019-06-28 14:55:00,ASK_DEPTH,"[(100268, 65)]"
2019-06-28 14:55:00,IMBALANCE,"[158, 65]"
2019-06-28 14:55:00,HOLDINGS_UPDATED,"{'CASH': 12789657, 'JPM': -30}"
2019-06-28 14:56:00,BID_DEPTH,"[(100358, 158)]"
2019-06-28 14:56:00,ASK_DEPTH,"[(100726, 65)]"
2019-06-28 14:56:00,IMBALANCE,"[158, 65]"
2019-06-28 14:56:00,HOLDINGS_UPDATED,"{'CASH': 12688931, 'JPM': -29}"
2019-06-28 14:57:00,BID_DEPTH,"[(100720, 246)]"
2019-06-28 14:57:00,ASK_DEPTH,"[(100750, 153)]"
2019-06-28 14:57:00,IMBALANCE,"[246, 153]"
2019-06-28 14:57:00,HOLDINGS_UPDATED,"{'CASH': 12588181, 'JPM': -28}"
2019-06-28 14:58:00,BID_DEPTH,"[(100720, 389)]"
2019-06-28 14:58:00,ASK_DEPTH,"[(100888, 298)]"
2019-06-28 14:58:00,IMBALANCE,"[389, 298]"
2019-06-28 14:58:00,HOLDINGS_UPDATED,"{'CASH': 12487293, 'JPM': -27}"
2019-06-28 14:59:00,BID_DEPTH,"[(100638, 199)]"
2019-06-28 14:59:00,ASK_DEPTH,"[(100914, 206)]"
2019-06-28 14:59:00,IMBALANCE,"[199, 206]"
2019-06-28 14:59:00,HOLDINGS_UPDATED,"{'CASH': 12386379, 'JPM': -26}"
2019-06-28 15:00:00,BID_DEPTH,"[(100638, 4)]"
2019-06-28 15:00:00,ASK_DEPTH,"[(100914, 142)]"
2019-06-28 15:00:00,IMBALANCE,"[4, 142]"
2019-06-28 15:00:00,HOLDINGS_UPDATED,"{'CASH': 12285465, 'JPM': -25}"
2019-06-28 15:01:00,BID_DEPTH,"[(100263, 156)]"
2019-06-28 15:01:00,ASK_DEPTH,"[(100326, 65)]"
2019-06-28 15:01:00,IMBALANCE,"[156, 65]"
2019-06-28 15:01:00,HOLDINGS_UPDATED,"{'CASH': 12185139, 'JPM': -24}"
2019-06-28 15:02:00,BID_DEPTH,"[(100263, 154)]"
2019-06-28 15:02:00,ASK_DEPTH,"[(100269, 65)]"
2019-06-28 15:02:00,IMBALANCE,"[154, 65]"
2019-06-28 15:02:00,HOLDINGS_UPDATED,"{'CASH': 12084870, 'JPM': -23}"
2019-06-28 15:03:00,BID_DEPTH,"[(99940, 156)]"
2019-06-28 15:03:00,ASK_DEPTH,"[(100269, 65)]"
2019-06-28 15:03:00,IMBALANCE,"[156, 65]"
2019-06-28 15:03:00,HOLDINGS_UPDATED,"{'CASH': 11984601, 'JPM': -22}"
2019-06-28 15:04:00,BID_DEPTH,"[(99950, 173)]"
2019-06-28 15:04:00,ASK_DEPTH,"[(100057, 80)]"
2019-06-28 15:04:00,IMBALANCE,"[173, 80]"
2019-06-28 15:04:00,HOLDINGS_UPDATED,"{'CASH': 11884544, 'JPM': -21}"
2019-06-28 15:05:00,BID_DEPTH,"[(99801, 299)]"
2019-06-28 15:05:00,ASK_DEPTH,"[(100023, 106)]"
2019-06-28 15:05:00,IMBALANCE,"[299, 106]"
2019-06-28 15:05:00,HOLDINGS_UPDATED,"{'CASH': 11784521, 'JPM': -20}"
2019-06-28 15:06:00,BID_DEPTH,"[(99801, 256)]"
2019-06-28 15:06:00,ASK_DEPTH,"[(100119, 65)]"
2019-06-28 15:06:00,IMBALANCE,"[256, 65]"
2019-06-28 15:06:00,HOLDINGS_UPDATED,"{'CASH': 11684402, 'JPM': -19}"
2019-06-28 15:07:00,BID_DEPTH,"[(99801, 342)]"
2019-06-28 15:07:00,ASK_DEPTH,"[(100191, 153)]"
2019-06-28 15:07:00,IMBALANCE,"[342, 153]"
2019-06-28 15:07:00,HOLDINGS_UPDATED,"{'CASH': 11584211, 'JPM': -18}"
2019-06-28 15:08:00,BID_DEPTH,"[(99801, 487)]"
2019-06-28 15:08:00,ASK_DEPTH,"[(100144, 298)]"
2019-06-28 15:08:00,IMBALANCE,"[487, 298]"
2019-06-28 15:08:00,HOLDINGS_UPDATED,"{'CASH': 11484067, 'JPM': -17}"
2019-06-28 15:09:00,BID_DEPTH,"[(100076, 246)]"
2019-06-28 15:09:00,ASK_DEPTH,"[(100283, 153)]"
2019-06-28 15:09:00,IMBALANCE,"[246, 153]"
2019-06-28 15:09:00,HOLDINGS_UPDATED,"{'CASH': 11383784, 'JPM': -16}"
2019-06-28 15:10:00,BID_DEPTH,"[(100283, 158)]"
2019-06-28 15:10:00,ASK_DEPTH,"[(100303, 65)]"
2019-06-28 15:10:00,IMBALANCE,"[158, 65]"
2019-06-28 15:10:00,HOLDINGS_UPDATED,"{'CASH': 11283481, 'JPM': -15}"
2019-06-28 15:11:00,BID_DEPTH,"[(100283, 158)]"
2019-06-28 15:11:00,ASK_DEPTH,"[(100638, 190)]"
2019-06-28 15:11:00,IMBALANCE,"[158, 190]"
2019-06-28 15:11:00,HOLDINGS_UPDATED,"{'CASH': 11182843, 'JPM': -14}"
2019-06-28 15:12:00,BID_DEPTH,"[(100283, 199)]"
2019-06-28 15:12:00,ASK_DEPTH,"[(100791, 106)]"
2019-06-28 15:12:00,IMBALANCE,"[199, 106]"
2019-06-28 15:12:00,HOLDINGS_UPDATED,"{'CASH': 11082052, 'JPM': -13}"
2019-06-28 15:13:00,BID_DEPTH,"[(100692, 199)]"
2019-06-28 15:13:00,ASK_DEPTH,"[(100762, 106)]"
2019-06-28 15:13:00,IMBALANCE,"[199, 106]"
2019-06-28 15:13:00,HOLDINGS_UPDATED,"{'CASH': 10981290, 'JPM': -12}"
2019-06-28 15:14:00,BID_DEPTH,"[(100692, 391)]"
2019-06-28 15:14:00,ASK_DEPTH,"[(100897, 298)]"
2019-06-28 15:14:00,IMBALANCE,"[391, 298]"
2019-06-28 15:14:00,HOLDINGS_UPDATED,"{'CASH': 10880393, 'JPM': -11}"
2019-06-28 15:15:00,BID_DEPTH,"[(100692, 158)]"
2019-06-28 15:15:00,ASK_DEPTH,"[(100897, 65)]"
2019-06-28 15:15:00,IMBALANCE,"[158, 65]"
2019-06-28 15:15:00,HOLDINGS_UPDATED,"{'CASH': 10779496, 'JPM': -10}"
2019-06-28 15:16:00,BID_DEPTH,"[(100634, 6)]"
2019-06-28 15:16:00,ASK_DEPTH,"[(100692, 160)]"
2019-06-28 15:16:00,IMBALANCE,"[6, 160]"
2019-06-28 15:16:00,HOLDINGS_UPDATED,"{'CASH': 10678804, 'JPM': -9}"
2019-06-28 15:17:00,BID_DEPTH,"[(100634, 1)]"
2019-06-28 15:17:00,ASK_DEPTH,"[(100692, 107)]"
2019-06-28 15:17:00,IMBALANCE,"[1, 107]"
2019-06-28 15:17:00,HOLDINGS_UPDATED,"{'CASH': 10578112, 'JPM': -8}"
2019-06-28 15:18:00,BID_DEPTH,"[(100283, 173)]"
2019-06-28 15:18:00,ASK_DEPTH,"[(100692, 4)]"
2019-06-28 15:18:00,IMBALANCE,"[173, 4]"
2019-06-28 15:18:00,HOLDINGS_UPDATED,"{'CASH': 10477420, 'JPM': -7}"
2019-06-28 15:19:00,BID_DEPTH,"[(100195, 246)]"
2019-06-28 15:19:00,ASK_DEPTH,"[(100896, 153)]"
2019-06-28 15:19:00,IMBALANCE,"[246, 153]"
2019-06-28 15:19:00,HOLDINGS_UPDATED,"{'CASH': 10376524, 'JPM': -6}"
2019-06-28 15:20:00,BID_DEPTH,"[(100193, 391)]"
2019-06-28 15:20:00,ASK_DEPTH,"[(100895, 298)]"
2019-06-28 15:20:00,IMBALANCE,"[391, 298]"
2019-06-28 15:20:00,HOLDINGS_UPDATED,"{'CASH': 10275629, 'JPM': -5}"
2019-06-28 15:21:00,BID_DEPTH,"[(100193, 391)]"
2019-06-28 15:21:00,ASK_DEPTH,"[(100895, 298)]"
2019-06-28 15:21:00,IMBALANCE,"[391, 298]"
2019-06-28 15:21:00,HOLDINGS_UPDATED,"{'CASH': 10174734, 'JPM': -4}"
2019-06-28 15:22:00,BID_DEPTH,"[(100073, 246)]"
2019-06-28 15:22:00,ASK_DEPTH,"[(100897, 153)]"
2019-06-28 15:22:00,IMBALANCE,"[246, 153]"
2019-06-28 15:22:00,HOLDINGS_UPDATED,"{'CASH': 10073837, 'JPM': -3}"
2019-06-28 15:23:00,BID_DEPTH,"[(99907, 199)]"
2019-06-28 15:23:00,ASK_DEPTH,"[(100908, 106)]"
2019-06-28 15:23:00,IMBALANCE,"[199, 106]"
2019-06-28 15:23:00,HOLDINGS_UPDATED,"{'CASH': 9972929, 'JPM': -2}"
2019-06-28 15:24:00,BID_DEPTH,"[(99907, 158)]"
2019-06-28 15:24:00,ASK_DEPTH,"[(100914, 9)]"
2019-06-28 15:24:00,IMBALANCE,"[158, 9]"
2019-06-28 15:24:00,HOLDINGS_UPDATED,"{'CASH': 9872015, 'JPM': -1}"
2019-06-28 15:25:00,BID_DEPTH,"[(100449, 391)]"
2019-06-28 15:25:00,ASK_DEPTH,"[(100478, 298)]"
2019-06-28 15:25:00,IMBALANCE,"[391, 298]"
2019-06-28 15:25:00,HOLDINGS_UPDATED,{'CASH': 9771537}
2019-06-28 15:26:00,BID_DEPTH,"[(100099, 173)]"
2019-06-28 15:26:00,ASK_DEPTH,"[(100494, 80)]"
2019-06-28 15:26:00,IMBALANCE,"[173, 80]"
2019-06-28 15:26:00,HOLDINGS_UPDATED,"{'CASH': 9671043, 'JPM': 1}"
2019-06-28 15:27:00,BID_DEPTH,"[(100099, 173)]"
2019-06-28 15:27:00,ASK_DEPTH,"[(100619, 80)]"
2019-06-28 15:27:00,IMBALANCE,"[173, 80]"
2019-06-28 15:27:00,HOLDINGS_UPDATED,"{'CASH': 9570424, 'JPM': 2}"
2019-06-28 15:28:00,BID_DEPTH,"[(100617, 246)]"
2019-06-28 15:28:00,ASK_DEPTH,"[(100788, 153)]"
2019-06-28 15:28:00,IMBALANCE,"[246, 153]"
2019-06-28 15:28:00,HOLDINGS_UPDATED,"{'CASH': 9469636, 'JPM': 3}"
2019-06-28 15:29:00,BID_DEPTH,"[(100663, 173)]"
2019-06-28 15:29:00,ASK_DEPTH,"[(100860, 80)]"
2019-06-28 15:29:00,IMBALANCE,"[173, 80]"
2019-06-28 15:29:00,HOLDINGS_UPDATED,"{'CASH': 9368776, 'JPM': 4}"
2019-06-28 15:30:00,BID_DEPTH,"[(100732, 173)]"
2019-06-28 15:30:00,ASK_DEPTH,"[(100860, 80)]"
2019-06-28 15:30:00,IMBALANCE,"[173, 80]"
2019-06-28 15:30:00,HOLDINGS_UPDATED,"{'CASH': 9267916, 'JPM': 5}"
2019-06-28 15:31:00,BID_DEPTH,"[(100861, 199)]"
2019-06-28 15:31:00,ASK_DEPTH,"[(101142, 106)]"
2019-06-28 15:31:00,IMBALANCE,"[199, 106]"
2019-06-28 15:31:00,HOLDINGS_UPDATED,"{'CASH': 9166774, 'JPM': 6}"
2019-06-28 15:32:00,BID_DEPTH,"[(101142, 446)]"
2019-06-28 15:32:00,ASK_DEPTH,"[(101633, 153)]"
2019-06-28 15:32:00,IMBALANCE,"[446, 153]"
2019-06-28 15:32:00,HOLDINGS_UPDATED,"{'CASH': 9065141, 'JPM': 7}"
2019-06-28 15:33:00,BID_DEPTH,"[(101633, 158)]"
2019-06-28 15:33:00,ASK_DEPTH,"[(101860, 65)]"
2019-06-28 15:33:00,IMBALANCE,"[158, 65]"
2019-06-28 15:33:00,HOLDINGS_UPDATED,"{'CASH': 8963281, 'JPM': 8}"
2019-06-28 15:34:00,BID_DEPTH,"[(101408, 158)]"
2019-06-28 15:34:00,ASK_DEPTH,"[(101860, 65)]"
2019-06-28 15:34:00,IMBALANCE,"[158, 65]"
2019-06-28 15:34:00,HOLDINGS_UPDATED,"{'CASH': 8861421, 'JPM': 9}"
2019-06-28 15:35:00,BID_DEPTH,"[(101142, 200)]"
2019-06-28 15:35:00,ASK_DEPTH,[]
2019-06-28 15:35:00,IMBALANCE,"[200, 0]"
2019-06-28 15:36:00,BID_DEPTH,"[(101142, 491)]"
2019-06-28 15:36:00,ASK_DEPTH,"[(101408, 298)]"
2019-06-28 15:36:00,IMBALANCE,"[491, 298]"
2019-06-28 15:36:00,HOLDINGS_UPDATED,"{'CASH': 8760013, 'JPM': 10}"
2019-06-28 15:37:00,BID_DEPTH,"[(101142, 200)]"
2019-06-28 15:37:00,ASK_DEPTH,[]
2019-06-28 15:37:00,IMBALANCE,"[200, 0]"
2019-06-28 15:38:00,BID_DEPTH,"[(100960, 199)]"
2019-06-28 15:38:00,ASK_DEPTH,"[(101162, 106)]"
2019-06-28 15:38:00,IMBALANCE,"[199, 106]"
2019-06-28 15:38:00,HOLDINGS_UPDATED,"{'CASH': 8658851, 'JPM': 11}"
2019-06-28 15:39:00,BID_DEPTH,"[(100960, 246)]"
2019-06-28 15:39:00,ASK_DEPTH,"[(101162, 253)]"
2019-06-28 15:39:00,IMBALANCE,"[246, 253]"
2019-06-28 15:39:00,HOLDINGS_UPDATED,"{'CASH': 8557689, 'JPM': 12}"
2019-06-28 15:40:00,BID_DEPTH,"[(100745, 158)]"
2019-06-28 15:40:00,ASK_DEPTH,"[(101162, 47)]"
2019-06-28 15:40:00,IMBALANCE,"[158, 47]"
2019-06-28 15:40:00,HOLDINGS_UPDATED,"{'CASH': 8456527, 'JPM': 13}"
2019-06-28 15:41:00,BID_DEPTH,"[(100745, 391)]"
2019-06-28 15:41:00,ASK_DEPTH,"[(101162, 298)]"
2019-06-28 15:41:00,IMBALANCE,"[391, 298]"
2019-06-28 15:41:00,HOLDINGS_UPDATED,"{'CASH': 8355365, 'JPM': 14}"
2019-06-28 15:42:00,BID_DEPTH,"[(101122, 158)]"
2019-06-28 15:42:00,ASK_DEPTH,"[(101162, 65)]"
2019-06-28 15:42:00,IMBALANCE,"[158, 65]"
2019-06-28 15:42:00,HOLDINGS_UPDATED,"{'CASH': 8254203, 'JPM': 15}"
2019-06-28 15:43:00,BID_DEPTH,"[(100745, 199)]"
2019-06-28 15:43:00,ASK_DEPTH,"[(100939, 106)]"
2019-06-28 15:43:00,IMBALANCE,"[199, 106]"
2019-06-28 15:43:00,HOLDINGS_UPDATED,"{'CASH': 8153264, 'JPM': 16}"
2019-06-28 15:44:00,BID_DEPTH,"[(100745, 246)]"
2019-06-28 15:44:00,ASK_DEPTH,"[(101162, 153)]"
2019-06-28 15:44:00,IMBALANCE,"[246, 153]"
2019-06-28 15:44:00,HOLDINGS_UPDATED,"{'CASH': 8052102, 'JPM': 17}"
2019-06-28 15:45:00,BID_DEPTH,"[(100712, 158)]"
2019-06-28 15:45:00,ASK_DEPTH,"[(100745, 7)]"
2019-06-28 15:45:00,IMBALANCE,"[158, 7]"
2019-06-28 15:45:00,HOLDINGS_UPDATED,"{'CASH': 7951357, 'JPM': 18}"
2019-06-28 15:46:00,BID_DEPTH,"[(100745, 74)]"
2019-06-28 15:46:00,ASK_DEPTH,"[(101162, 63)]"
2019-06-28 15:46:00,IMBALANCE,"[74, 63]"
2019-06-28 15:46:00,HOLDINGS_UPDATED,"{'CASH': 7850195, 'JPM': 19}"
2019-06-28 15:47:00,BID_DEPTH,"[(100745, 59)]"
2019-06-28 15:47:00,ASK_DEPTH,"[(101162, 65)]"
2019-06-28 15:47:00,IMBALANCE,"[59, 65]"
2019-06-28 15:47:00,HOLDINGS_UPDATED,"{'CASH': 7749033, 'JPM': 20}"
2019-06-28 15:48:00,BID_DEPTH,"[(100617, 158)]"
2019-06-28 15:48:00,ASK_DEPTH,"[(100745, 18)]"
2019-06-28 15:48:00,IMBALANCE,"[158, 18]"
2019-06-28 15:48:00,HOLDINGS_UPDATED,"{'CASH': 7648288, 'JPM': 21}"
2019-06-28 15:49:00,BID_DEPTH,"[(100526, 158)]"
2019-06-28 15:49:00,ASK_DEPTH,"[(100617, 65)]"
2019-06-28 15:49:00,IMBALANCE,"[158, 65]"
2019-06-28 15:49:00,HOLDINGS_UPDATED,"{'CASH': 7547671, 'JPM': 22}"
2019-06-28 15:50:00,BID_DEPTH,"[(100469, 199)]"
2019-06-28 15:50:00,ASK_DEPTH,"[(101408, 206)]"
2019-06-28 15:50:00,IMBALANCE,"[199, 206]"
2019-06-28 15:50:00,HOLDINGS_UPDATED,"{'CASH': 7446263, 'JPM': 23}"
2019-06-28 15:51:00,BID_DEPTH,"[(100469, 158)]"
2019-06-28 15:51:00,ASK_DEPTH,"[(100677, 65)]"
2019-06-28 15:51:00,IMBALANCE,"[158, 65]"
2019-06-28 15:51:00,HOLDINGS_UPDATED,"{'CASH': 7345586, 'JPM': 24}"
2019-06-28 15:52:00,BID_DEPTH,"[(100286, 173)]"
2019-06-28 15:52:00,ASK_DEPTH,"[(100677, 80)]"
2019-06-28 15:52:00,IMBALANCE,"[173, 80]"
2019-06-28 15:52:00,HOLDINGS_UPDATED,"{'CASH': 7244909, 'JPM': 25}"
2019-06-28 15:53:00,BID_DEPTH,"[(100130, 391)]"
2019-06-28 15:53:00,ASK_DEPTH,"[(100194, 298)]"
2019-06-28 15:53:00,IMBALANCE,"[391, 298]"
2019-06-28 15:53:00,HOLDINGS_UPDATED,"{'CASH': 7144715, 'JPM': 26}"
2019-06-28 15:54:00,BID_DEPTH,"[(99725, 158)]"
2019-06-28 15:54:00,ASK_DEPTH,"[(101408, 165)]"
2019-06-28 15:54:00,IMBALANCE,"[158, 165]"
2019-06-28 15:54:00,HOLDINGS_UPDATED,"{'CASH': 7043307, 'JPM': 27}"
2019-06-28 15:55:00,BID_DEPTH,"[(99725, 246)]"
2019-06-28 15:55:00,ASK_DEPTH,"[(101408, 235)]"
2019-06-28 15:55:00,IMBALANCE,"[246, 235]"
2019-06-28 15:55:00,HOLDINGS_UPDATED,"{'CASH': 6941899, 'JPM': 28}"
2019-06-28 15:56:00,BID_DEPTH,"[(99725, 391)]"
2019-06-28 15:56:00,ASK_DEPTH,"[(101408, 462)]"
2019-06-28 15:56:00,IMBALANCE,"[391, 462]"
2019-06-28 15:56:00,HOLDINGS_UPDATED,"{'CASH': 6840491, 'JPM': 29}"
2019-06-28 15:57:00,BID_DEPTH,"[(99637, 158)]"
2019-06-28 15:57:00,ASK_DEPTH,"[(101408, 111)]"
2019-06-28 15:57:00,IMBALANCE,"[158, 111]"
2019-06-28 15:57:00,HOLDINGS_UPDATED,"{'CASH': 6739083, 'JPM': 30}"
2019-06-28 15:58:00,BID_DEPTH,"[(99678, 199)]"
2019-06-28 15:58:00,ASK_DEPTH,"[(99825, 106)]"
2019-06-28 15:58:00,IMBALANCE,"[199, 106]"
2019-06-28 15:58:00,HOLDINGS_UPDATED,"{'CASH': 6639258, 'JPM': 31}"
2019-06-28 15:59:00,BID_DEPTH,"[(99678, 65)]"
2019-06-28 15:59:00,ASK_DEPTH,"[(100496, 158)]"
2019-06-28 15:59:00,IMBALANCE,"[65, 158]"
2019-06-28 15:59:00,HOLDINGS_UPDATED,"{'CASH': 6738936, 'JPM': 30}"
2019-06-28 16:00:00,BID_DEPTH,"[(99634, 80)]"
2019-06-28 16:00:00,ASK_DEPTH,"[(100273, 173)]"
2019-06-28 16:00:00,IMBALANCE,"[80, 173]"
2019-06-28 16:00:00,HOLDINGS_UPDATED,"{'CASH': 6838570, 'JPM': 29}"
2019-06-28 16:01:00,BID_DEPTH,"[(99634, 55)]"
2019-06-28 16:01:00,ASK_DEPTH,"[(100273, 171)]"
2019-06-28 16:01:00,IMBALANCE,"[55, 171]"
2019-06-28 16:01:00,MKT_CLOSED,
2019-06-28 16:01:00,FINAL_HOLDINGS,"{ JPM: 29, CASH: 6838570 }"
2019-06-28 16:01:00,FINAL_CASH_POSITION,6838570
2019-06-28 16:01:00,MARK_TO_MARKET,29 JPM @ 100273 == 2907917
2019-06-28 16:01:00,MARKED_TO_MARKET,9746487
2019-06-28 16:01:00,ENDING_CASH,9746487
