EventTime,EventType,Event
,AGENT_TYPE,MomentumAgent
,STARTING_CASH,10000000
2019-06-28 09:30:00.000000000,HOLDINGS_UPDATED,{'CASH': 10000000}
2019-06-28 09:31:00.000000000,BID_DEPTH,"[(100025, 374)]"
2019-06-28 09:31:00.000000000,ASK_DEPTH,"[(100033, 474)]"
2019-06-28 09:31:00.000000000,IMBALANCE,"[374, 474]"
2019-06-28 09:32:00.000000000,BID_DEPTH,"[(100025, 598)]"
2019-06-28 09:32:00.000000000,ASK_DEPTH,"[(100033, 698)]"
2019-06-28 09:32:00.000000000,IMBALANCE,"[598, 698]"
2019-06-28 09:33:00.000000000,BID_DEPTH,"[(100025, 460)]"
2019-06-28 09:33:00.000000000,ASK_DEPTH,"[(100033, 360)]"
2019-06-28 09:33:00.000000000,IMBALANCE,"[460, 360]"
2019-06-28 09:34:00.000000000,BID_DEPTH,"[(100025, 401)]"
2019-06-28 09:34:00.000000000,ASK_DEPTH,"[(100034, 601)]"
2019-06-28 09:34:00.000000000,IMBALANCE,"[401, 601]"
2019-06-28 09:35:00.000000000,BID_DEPTH,"[(100033, 160)]"
2019-06-28 09:35:00.000000000,ASK_DEPTH,"[(100034, 460)]"
2019-06-28 09:35:00.000000000,IMBALANCE,"[160, 460]"
2019-06-28 09:36:00.000000000,BID_DEPTH,"[(100033, 160)]"
2019-06-28 09:36:00.000000000,ASK_DEPTH,"[(100053, 160)]"
2019-06-28 09:36:00.000000000,IMBALANCE,"[160, 160]"
2019-06-28 09:37:00.000000000,BID_DEPTH,"[(100034, 274)]"
2019-06-28 09:37:00.000000000,ASK_DEPTH,"[(100058, 174)]"
2019-06-28 09:37:00.000000000,IMBALANCE,"[274, 174]"
2019-06-28 09:38:00.000000000,BID_DEPTH,"[(100060, 201)]"
2019-06-28 09:38:00.000000000,ASK_DEPTH,"[(100081, 201)]"
2019-06-28 09:38:00.000000000,IMBALANCE,"[201, 201]"
2019-06-28 09:39:00.000000000,BID_DEPTH,"[(100060, 174)]"
2019-06-28 09:39:00.000000000,ASK_DEPTH,"[(100091, 174)]"
2019-06-28 09:39:00.000000000,IMBALANCE,"[174, 174]"
2019-06-28 09:40:00.000000000,BID_DEPTH,"[(100081, 160)]"
2019-06-28 09:40:00.000000000,ASK_DEPTH,"[(100091, 160)]"
2019-06-28 09:40:00.000000000,IMBALANCE,"[160, 160]"
2019-06-28 09:41:00.000000000,BID_DEPTH,"[(100081, 274)]"
2019-06-28 09:41:00.000000000,ASK_DEPTH,"[(100108, 174)]"
2019-06-28 09:41:00.000000000,IMBALANCE,"[274, 174]"
2019-06-28 09:42:00.000000000,BID_DEPTH,"[(100081, 274)]"
2019-06-28 09:42:00.000000000,ASK_DEPTH,"[(100112, 174)]"
2019-06-28 09:42:00.000000000,IMBALANCE,"[274, 174]"
2019-06-28 09:43:00.000000000,BID_DEPTH,"[(100112, 174)]"
2019-06-28 09:43:00.000000000,ASK_DEPTH,"[(100131, 174)]"
2019-06-28 09:43:00.000000000,IMBALANCE,"[174, 174]"
2019-06-28 09:44:00.000000000,BID_DEPTH,"[(100112, 349)]"
2019-06-28 09:44:00.000000000,ASK_DEPTH,"[(100139, 249)]"
2019-06-28 09:44:00.000000000,IMBALANCE,"[349, 249]"
2019-06-28 09:45:00.000000000,BID_DEPTH,"[(100131, 201)]"
2019-06-28 09:45:00.000000000,ASK_DEPTH,"[(100423, 201)]"
2019-06-28 09:45:00.000000000,IMBALANCE,"[201, 201]"
2019-06-28 09:46:00.000000000,BID_DEPTH,"[(100131, 274)]"
2019-06-28 09:46:00.000000000,ASK_DEPTH,"[(100618, 174)]"
2019-06-28 09:46:00.000000000,IMBALANCE,"[274, 174]"
2019-06-28 09:47:00.000000000,BID_DEPTH,"[(100143, 249)]"
2019-06-28 09:47:00.000000000,ASK_DEPTH,"[(100680, 249)]"
2019-06-28 09:47:00.000000000,IMBALANCE,"[249, 249]"
2019-06-28 09:48:00.000000000,BID_DEPTH,"[(100143, 249)]"
2019-06-28 09:48:00.000000000,ASK_DEPTH,"[(100314, 249)]"
2019-06-28 09:48:00.000000000,IMBALANCE,"[249, 249]"
2019-06-28 09:49:00.000000000,BID_DEPTH,"[(100143, 174)]"
2019-06-28 09:49:00.000000000,ASK_DEPTH,"[(100208, 174)]"
2019-06-28 09:49:00.000000000,IMBALANCE,"[174, 174]"
2019-06-28 09:50:00.000000000,BID_DEPTH,"[(100131, 201)]"
2019-06-28 09:50:00.000000000,ASK_DEPTH,"[(100248, 201)]"
2019-06-28 09:50:00.000000000,IMBALANCE,"[201, 201]"
2019-06-28 09:51:00.000000000,BID_DEPTH,"[(100144, 274)]"
2019-06-28 09:51:00.000000000,ASK_DEPTH,"[(100207, 174)]"
2019-06-28 09:51:00.000000000,IMBALANCE,"[274, 174]"
2019-06-28 09:52:00.000000000,BID_DEPTH,"[(100144, 201)]"
2019-06-28 09:52:00.000000000,ASK_DEPTH,"[(100206, 201)]"
2019-06-28 09:52:00.000000000,IMBALANCE,"[201, 201]"
2019-06-28 09:53:00.000000000,BID_DEPTH,"[(100131, 201)]"
2019-06-28 09:53:00.000000000,ASK_DEPTH,"[(100206, 201)]"
2019-06-28 09:53:00.000000000,IMBALANCE,"[201, 201]"
2019-06-28 09:54:00.000000000,BID_DEPTH,"[(100066, 174)]"
2019-06-28 09:54:00.000000000,ASK_DEPTH,"[(100206, 174)]"
2019-06-28 09:54:00.000000000,IMBALANCE,"[174, 174]"
2019-06-28 09:55:00.000000000,BID_DEPTH,"[(100066, 160)]"
2019-06-28 09:55:00.000000000,ASK_DEPTH,"[(100206, 160)]"
2019-06-28 09:55:00.000000000,IMBALANCE,"[160, 160]"
2019-06-28 09:56:00.000000000,BID_DEPTH,"[(100059, 398)]"
2019-06-28 09:56:00.000000000,ASK_DEPTH,"[(100112, 498)]"
2019-06-28 09:56:00.000000000,IMBALANCE,"[398, 498]"
2019-06-28 09:57:00.000000000,BID_DEPTH,"[(100034, 160)]"
2019-06-28 09:57:00.000000000,ASK_DEPTH,"[(100059, 160)]"
2019-06-28 09:57:00.000000000,IMBALANCE,"[160, 160]"
2019-06-28 09:58:00.000000000,BID_DEPTH,"[(100025, 249)]"
2019-06-28 09:58:00.000000000,ASK_DEPTH,"[(100059, 249)]"
2019-06-28 09:58:00.000000000,IMBALANCE,"[249, 249]"
2019-06-28 09:59:00.000000000,BID_DEPTH,"[(100025, 174)]"
2019-06-28 09:59:00.000000000,ASK_DEPTH,"[(100059, 174)]"
2019-06-28 09:59:00.000000000,IMBALANCE,"[174, 174]"
2019-06-28 10:00:00.000000000,BID_DEPTH,"[(99991, 160)]"
2019-06-28 10:00:00.000000000,ASK_DEPTH,"[(100025, 160)]"
2019-06-28 10:00:00.000000000,IMBALANCE,"[160, 160]"
2019-06-28 10:01:00.000000000,BID_DEPTH,"[(99991, 398)]"
2019-06-28 10:01:00.000000000,ASK_DEPTH,"[(100015, 398)]"
2019-06-28 10:01:00.000000000,IMBALANCE,"[398, 398]"
2019-06-28 10:02:00.000000000,BID_DEPTH,"[(99715, 201)]"
2019-06-28 10:02:00.000000000,ASK_DEPTH,"[(100015, 401)]"
2019-06-28 10:02:00.000000000,IMBALANCE,"[201, 401]"
2019-06-28 10:03:00.000000000,BID_DEPTH,"[(99668, 174)]"
2019-06-28 10:03:00.000000000,ASK_DEPTH,"[(99784, 274)]"
2019-06-28 10:03:00.000000000,IMBALANCE,"[174, 274]"
2019-06-28 10:04:00.000000000,BID_DEPTH,"[(99717, 398)]"
2019-06-28 10:04:00.000000000,ASK_DEPTH,"[(99784, 498)]"
2019-06-28 10:04:00.000000000,IMBALANCE,"[398, 498]"
2019-06-28 10:05:00.000000000,BID_DEPTH,"[(99732, 498)]"
2019-06-28 10:05:00.000000000,ASK_DEPTH,"[(99783, 398)]"
2019-06-28 10:05:00.000000000,IMBALANCE,"[498, 398]"
2019-06-28 10:06:00.000000000,BID_DEPTH,"[(99716, 201)]"
2019-06-28 10:06:00.000000000,ASK_DEPTH,"[(99732, 141)]"
2019-06-28 10:06:00.000000000,IMBALANCE,"[201, 141]"
2019-06-28 10:07:00.000000000,BID_DEPTH,"[(99591, 174)]"
2019-06-28 10:07:00.000000000,ASK_DEPTH,"[(99732, 114)]"
2019-06-28 10:07:00.000000000,IMBALANCE,"[174, 114]"
2019-06-28 10:08:00.000000000,BID_DEPTH,"[(99591, 312)]"
2019-06-28 10:08:00.000000000,ASK_DEPTH,"[(99731, 398)]"
2019-06-28 10:08:00.000000000,IMBALANCE,"[312, 398]"
2019-06-28 10:09:00.000000000,BID_DEPTH,"[(99725, 160)]"
2019-06-28 10:09:00.000000000,ASK_DEPTH,"[(99782, 160)]"
2019-06-28 10:09:00.000000000,IMBALANCE,"[160, 160]"
2019-06-28 10:10:00.000000000,BID_DEPTH,"[(99726, 249)]"
2019-06-28 10:10:00.000000000,ASK_DEPTH,"[(99782, 249)]"
2019-06-28 10:10:00.000000000,IMBALANCE,"[249, 249]"
2019-06-28 10:11:00.000000000,BID_DEPTH,"[(99727, 160)]"
2019-06-28 10:11:00.000000000,ASK_DEPTH,"[(99783, 160)]"
2019-06-28 10:11:00.000000000,IMBALANCE,"[160, 160]"
2019-06-28 10:12:00.000000000,BID_DEPTH,"[(99727, 498)]"
2019-06-28 10:12:00.000000000,ASK_DEPTH,"[(99784, 398)]"
2019-06-28 10:12:00.000000000,IMBALANCE,"[498, 398]"
2019-06-28 10:13:00.000000000,BID_DEPTH,"[(99727, 498)]"
2019-06-28 10:13:00.000000000,ASK_DEPTH,"[(99784, 398)]"
2019-06-28 10:13:00.000000000,IMBALANCE,"[498, 398]"
2019-06-28 10:14:00.000000000,BID_DEPTH,"[(99774, 100)]"
2019-06-28 10:14:00.000000000,ASK_DEPTH,"[(99784, 160)]"
2019-06-28 10:14:00.000000000,IMBALANCE,"[100, 160]"
2019-06-28 10:15:00.000000000,BID_DEPTH,"[(99727, 349)]"
2019-06-28 10:15:00.000000000,ASK_DEPTH,"[(99936, 249)]"
2019-06-28 10:15:00.000000000,IMBALANCE,"[349, 249]"
2019-06-28 10:16:00.000000000,BID_DEPTH,"[(99876, 201)]"
2019-06-28 10:16:00.000000000,ASK_DEPTH,"[(99956, 201)]"
2019-06-28 10:16:00.000000000,IMBALANCE,"[201, 201]"
2019-06-28 10:17:00.000000000,BID_DEPTH,"[(99876, 201)]"
2019-06-28 10:17:00.000000000,ASK_DEPTH,"[(99956, 201)]"
2019-06-28 10:17:00.000000000,IMBALANCE,"[201, 201]"
2019-06-28 10:18:00.000000000,BID_DEPTH,"[(99775, 201)]"
2019-06-28 10:18:00.000000000,ASK_DEPTH,"[(99876, 201)]"
2019-06-28 10:18:00.000000000,IMBALANCE,"[201, 201]"
2019-06-28 10:19:00.000000000,BID_DEPTH,"[(99775, 160)]"
2019-06-28 10:19:00.000000000,ASK_DEPTH,"[(99876, 160)]"
2019-06-28 10:19:00.000000000,IMBALANCE,"[160, 160]"
2019-06-28 10:20:00.000000000,BID_DEPTH,"[(99727, 160)]"
2019-06-28 10:20:00.000000000,ASK_DEPTH,"[(99775, 160)]"
2019-06-28 10:20:00.000000000,IMBALANCE,"[160, 160]"
2019-06-28 10:21:00.000000000,BID_DEPTH,"[(99727, 140)]"
2019-06-28 10:21:00.000000000,ASK_DEPTH,"[(99774, 349)]"
2019-06-28 10:21:00.000000000,IMBALANCE,"[140, 349]"
2019-06-28 10:21:00.000000000,HOLDINGS_UPDATED,"{'CASH': 10797816, 'JPM': -8}"
2019-06-28 10:22:00.000000000,BID_DEPTH,"[(99726, 289)]"
2019-06-28 10:22:00.000000000,ASK_DEPTH,"[(99774, 398)]"
2019-06-28 10:22:00.000000000,IMBALANCE,"[289, 398]"
2019-06-28 10:22:00.000000000,HOLDINGS_UPDATED,"{'CASH': 11595624, 'JPM': -16}"
2019-06-28 10:23:00.000000000,BID_DEPTH,"[(99726, 151)]"
2019-06-28 10:23:00.000000000,ASK_DEPTH,"[(99774, 160)]"
2019-06-28 10:23:00.000000000,IMBALANCE,"[151, 160]"
2019-06-28 10:23:00.000000000,HOLDINGS_UPDATED,"{'CASH': 12393432, 'JPM': -24}"
2019-06-28 10:24:00.000000000,BID_DEPTH,"[(99726, 352)]"
2019-06-28 10:24:00.000000000,ASK_DEPTH,"[(99956, 398)]"
2019-06-28 10:24:00.000000000,IMBALANCE,"[352, 398]"
2019-06-28 10:24:00.000000000,HOLDINGS_UPDATED,"{'CASH': 13191240, 'JPM': -32}"
2019-06-28 10:25:00.000000000,BID_DEPTH,"[(99726, 66)]"
2019-06-28 10:25:00.000000000,ASK_DEPTH,"[(99956, 249)]"
2019-06-28 10:25:00.000000000,IMBALANCE,"[66, 249]"
2019-06-28 10:25:00.000000000,HOLDINGS_UPDATED,"{'CASH': 13989048, 'JPM': -40}"
2019-06-28 10:26:00.000000000,BID_DEPTH,"[(99538, 129)]"
2019-06-28 10:26:00.000000000,ASK_DEPTH,"[(99591, 4)]"
2019-06-28 10:26:00.000000000,IMBALANCE,"[129, 4]"
2019-06-28 10:26:00.000000000,HOLDINGS_UPDATED,"{'CASH': 14785352, 'JPM': -48}"
2019-06-28 10:27:00.000000000,BID_DEPTH,"[(99581, 389)]"
2019-06-28 10:27:00.000000000,ASK_DEPTH,"[(99591, 302)]"
2019-06-28 10:27:00.000000000,IMBALANCE,"[389, 302]"
2019-06-28 10:27:00.000000000,HOLDINGS_UPDATED,"{'CASH': 15582000, 'JPM': -56}"
2019-06-28 10:28:00.000000000,BID_DEPTH,"[(99488, 92)]"
2019-06-28 10:28:00.000000000,ASK_DEPTH,"[(99591, 105)]"
2019-06-28 10:28:00.000000000,IMBALANCE,"[92, 105]"
2019-06-28 10:28:00.000000000,HOLDINGS_UPDATED,"{'CASH': 16377904, 'JPM': -64}"
2019-06-28 10:29:00.000000000,BID_DEPTH,"[(99489, 65)]"
2019-06-28 10:29:00.000000000,ASK_DEPTH,"[(99591, 78)]"
2019-06-28 10:29:00.000000000,IMBALANCE,"[65, 78]"
2019-06-28 10:29:00.000000000,HOLDINGS_UPDATED,"{'CASH': 17173816, 'JPM': -72}"
2019-06-28 10:30:00.000000000,BID_DEPTH,"[(99404, 198)]"
2019-06-28 10:30:00.000000000,ASK_DEPTH,"[(99489, 2)]"
2019-06-28 10:30:00.000000000,IMBALANCE,"[198, 2]"
2019-06-28 10:30:00.000000000,HOLDINGS_UPDATED,"{'CASH': 17969048, 'JPM': -80}"
2019-06-28 10:31:00.000000000,BID_DEPTH,"[(99404, 29)]"
2019-06-28 10:31:00.000000000,ASK_DEPTH,"[(99489, 62)]"
2019-06-28 10:31:00.000000000,IMBALANCE,"[29, 62]"
2019-06-28 10:31:00.000000000,HOLDINGS_UPDATED,"{'CASH': 18764280, 'JPM': -88}"
2019-06-28 10:32:00.000000000,BID_DEPTH,"[(99399, 119)]"
2019-06-28 10:32:00.000000000,ASK_DEPTH,"[(99404, 2)]"
2019-06-28 10:32:00.000000000,IMBALANCE,"[119, 2]"
2019-06-28 10:32:00.000000000,HOLDINGS_UPDATED,"{'CASH': 19559472, 'JPM': -96}"
2019-06-28 10:33:00.000000000,BID_DEPTH,"[(99349, 51)]"
2019-06-28 10:33:00.000000000,ASK_DEPTH,"[(99404, 62)]"
2019-06-28 10:33:00.000000000,IMBALANCE,"[51, 62]"
2019-06-28 10:33:00.000000000,HOLDINGS_UPDATED,"{'CASH': 20354264, 'JPM': -104}"
2019-06-28 10:34:00.000000000,BID_DEPTH,"[(98772, 140)]"
2019-06-28 10:34:00.000000000,ASK_DEPTH,"[(99348, 249)]"
2019-06-28 10:34:00.000000000,IMBALANCE,"[140, 249]"
2019-06-28 10:34:00.000000000,HOLDINGS_UPDATED,"{'CASH': 21144440, 'JPM': -112}"
2019-06-28 10:35:00.000000000,BID_DEPTH,"[(98733, 198)]"
2019-06-28 10:35:00.000000000,ASK_DEPTH,"[(98772, 2)]"
2019-06-28 10:35:00.000000000,IMBALANCE,"[198, 2]"
2019-06-28 10:35:00.000000000,HOLDINGS_UPDATED,"{'CASH': 21934304, 'JPM': -120}"
2019-06-28 10:36:00.000000000,BID_DEPTH,"[(98734, 165)]"
2019-06-28 10:36:00.000000000,ASK_DEPTH,"[(99348, 174)]"
2019-06-28 10:36:00.000000000,IMBALANCE,"[165, 174]"
2019-06-28 10:36:00.000000000,HOLDINGS_UPDATED,"{'CASH': 22724176, 'JPM': -128}"
2019-06-28 10:37:00.000000000,BID_DEPTH,"[(99404, 213)]"
2019-06-28 10:37:00.000000000,ASK_DEPTH,"[(99412, 398)]"
2019-06-28 10:37:00.000000000,IMBALANCE,"[213, 398]"
2019-06-28 10:37:00.000000000,HOLDINGS_UPDATED,"{'CASH': 23519408, 'JPM': -136}"
2019-06-28 10:38:00.000000000,BID_DEPTH,"[(99427, 140)]"
2019-06-28 10:38:00.000000000,ASK_DEPTH,"[(99614, 349)]"
2019-06-28 10:38:00.000000000,IMBALANCE,"[140, 349]"
2019-06-28 10:38:00.000000000,HOLDINGS_UPDATED,"{'CASH': 24314824, 'JPM': -144}"
2019-06-28 10:39:00.000000000,BID_DEPTH,"[(99248, 92)]"
2019-06-28 10:39:00.000000000,ASK_DEPTH,"[(99614, 301)]"
2019-06-28 10:39:00.000000000,IMBALANCE,"[92, 301]"
2019-06-28 10:39:00.000000000,HOLDINGS_UPDATED,"{'CASH': 25108808, 'JPM': -152}"
2019-06-28 10:40:00.000000000,BID_DEPTH,"[(99471, 92)]"
2019-06-28 10:40:00.000000000,ASK_DEPTH,"[(99536, 201)]"
2019-06-28 10:40:00.000000000,IMBALANCE,"[92, 201]"
2019-06-28 10:40:00.000000000,HOLDINGS_UPDATED,"{'CASH': 25904576, 'JPM': -160}"
2019-06-28 10:41:00.000000000,BID_DEPTH,"[(99248, 140)]"
2019-06-28 10:41:00.000000000,ASK_DEPTH,"[(99614, 249)]"
2019-06-28 10:41:00.000000000,IMBALANCE,"[140, 249]"
2019-06-28 10:41:00.000000000,HOLDINGS_UPDATED,"{'CASH': 26698560, 'JPM': -168}"
2019-06-28 10:42:00.000000000,BID_DEPTH,"[(99248, 289)]"
2019-06-28 10:42:00.000000000,ASK_DEPTH,"[(99614, 398)]"
2019-06-28 10:42:00.000000000,IMBALANCE,"[289, 398]"
2019-06-28 10:42:00.000000000,HOLDINGS_UPDATED,"{'CASH': 27492544, 'JPM': -176}"
2019-06-28 10:43:00.000000000,BID_DEPTH,"[(99248, 389)]"
2019-06-28 10:43:00.000000000,ASK_DEPTH,"[(99614, 398)]"
2019-06-28 10:43:00.000000000,IMBALANCE,"[389, 398]"
2019-06-28 10:43:00.000000000,HOLDINGS_UPDATED,"{'CASH': 28286528, 'JPM': -184}"
2019-06-28 10:44:00.000000000,BID_DEPTH,"[(99248, 252)]"
2019-06-28 10:44:00.000000000,ASK_DEPTH,"[(99624, 398)]"
2019-06-28 10:44:00.000000000,IMBALANCE,"[252, 398]"
2019-06-28 10:44:00.000000000,HOLDINGS_UPDATED,"{'CASH': 29080512, 'JPM': -192}"
2019-06-28 10:45:00.000000000,BID_DEPTH,"[(98734, 20)]"
2019-06-28 10:45:00.000000000,ASK_DEPTH,"[(99659, 160)]"
2019-06-28 10:45:00.000000000,IMBALANCE,"[20, 160]"
2019-06-28 10:45:00.000000000,HOLDINGS_UPDATED,"{'CASH': 29870384, 'JPM': -200}"
2019-06-28 10:46:00.000000000,BID_DEPTH,"[(99419, 289)]"
2019-06-28 10:46:00.000000000,ASK_DEPTH,"[(99770, 398)]"
2019-06-28 10:46:00.000000000,IMBALANCE,"[289, 398]"
2019-06-28 10:46:00.000000000,HOLDINGS_UPDATED,"{'CASH': 30665736, 'JPM': -208}"
2019-06-28 10:47:00.000000000,BID_DEPTH,"[(99418, 51)]"
2019-06-28 10:47:00.000000000,ASK_DEPTH,"[(99770, 160)]"
2019-06-28 10:47:00.000000000,IMBALANCE,"[51, 160]"
2019-06-28 10:47:00.000000000,HOLDINGS_UPDATED,"{'CASH': 31461080, 'JPM': -216}"
2019-06-28 10:48:00.000000000,BID_DEPTH,"[(98733, 246)]"
2019-06-28 10:48:00.000000000,ASK_DEPTH,"[(99827, 249)]"
2019-06-28 10:48:00.000000000,IMBALANCE,"[246, 249]"
2019-06-28 10:48:00.000000000,HOLDINGS_UPDATED,"{'CASH': 32250944, 'JPM': -224}"
2019-06-28 10:49:00.000000000,BID_DEPTH,"[(99632, 92)]"
2019-06-28 10:49:00.000000000,ASK_DEPTH,"[(99827, 301)]"
2019-06-28 10:49:00.000000000,IMBALANCE,"[92, 301]"
2019-06-28 10:49:00.000000000,HOLDINGS_UPDATED,"{'CASH': 33048000, 'JPM': -232}"
2019-06-28 10:50:00.000000000,BID_DEPTH,"[(98917, 51)]"
2019-06-28 10:50:00.000000000,ASK_DEPTH,"[(99632, 160)]"
2019-06-28 10:50:00.000000000,IMBALANCE,"[51, 160]"
2019-06-28 10:50:00.000000000,HOLDINGS_UPDATED,"{'CASH': 33839336, 'JPM': -240}"
2019-06-28 10:51:00.000000000,BID_DEPTH,"[(99544, 92)]"
2019-06-28 10:51:00.000000000,ASK_DEPTH,"[(99632, 201)]"
2019-06-28 10:51:00.000000000,IMBALANCE,"[92, 201]"
2019-06-28 10:51:00.000000000,HOLDINGS_UPDATED,"{'CASH': 34635688, 'JPM': -248}"
2019-06-28 10:52:00.000000000,BID_DEPTH,"[(99339, 51)]"
2019-06-28 10:52:00.000000000,ASK_DEPTH,"[(99632, 160)]"
2019-06-28 10:52:00.000000000,IMBALANCE,"[51, 160]"
2019-06-28 10:52:00.000000000,HOLDINGS_UPDATED,"{'CASH': 35430400, 'JPM': -256}"
2019-06-28 10:53:00.000000000,BID_DEPTH,"[(99144, 65)]"
2019-06-28 10:53:00.000000000,ASK_DEPTH,"[(99632, 174)]"
2019-06-28 10:53:00.000000000,IMBALANCE,"[65, 174]"
2019-06-28 10:53:00.000000000,HOLDINGS_UPDATED,"{'CASH': 36223552, 'JPM': -264}"
2019-06-28 10:54:00.000000000,BID_DEPTH,"[(99407, 289)]"
2019-06-28 10:54:00.000000000,ASK_DEPTH,"[(99827, 498)]"
2019-06-28 10:54:00.000000000,IMBALANCE,"[289, 498]"
2019-06-28 10:54:00.000000000,HOLDINGS_UPDATED,"{'CASH': 37018808, 'JPM': -272}"
2019-06-28 10:55:00.000000000,BID_DEPTH,"[(99318, 140)]"
2019-06-28 10:55:00.000000000,ASK_DEPTH,"[(99827, 349)]"
2019-06-28 10:55:00.000000000,IMBALANCE,"[140, 349]"
2019-06-28 10:55:00.000000000,HOLDINGS_UPDATED,"{'CASH': 37813352, 'JPM': -280}"
2019-06-28 10:56:00.000000000,BID_DEPTH,"[(99318, 51)]"
2019-06-28 10:56:00.000000000,ASK_DEPTH,"[(99827, 260)]"
2019-06-28 10:56:00.000000000,IMBALANCE,"[51, 260]"
2019-06-28 10:56:00.000000000,HOLDINGS_UPDATED,"{'CASH': 38607896, 'JPM': -288}"
2019-06-28 10:57:00.000000000,BID_DEPTH,"[(99144, 289)]"
2019-06-28 10:57:00.000000000,ASK_DEPTH,"[(100077, 398)]"
2019-06-28 10:57:00.000000000,IMBALANCE,"[289, 398]"
2019-06-28 10:57:00.000000000,HOLDINGS_UPDATED,"{'CASH': 39401048, 'JPM': -296}"
2019-06-28 10:58:00.000000000,BID_DEPTH,"[(99145, 65)]"
2019-06-28 10:58:00.000000000,ASK_DEPTH,"[(100104, 174)]"
2019-06-28 10:58:00.000000000,IMBALANCE,"[65, 174]"
2019-06-28 10:58:00.000000000,HOLDINGS_UPDATED,"{'CASH': 40194208, 'JPM': -304}"
2019-06-28 10:59:00.000000000,BID_DEPTH,"[(99797, 140)]"
2019-06-28 10:59:00.000000000,ASK_DEPTH,"[(100104, 249)]"
2019-06-28 10:59:00.000000000,IMBALANCE,"[140, 249]"
2019-06-28 10:59:00.000000000,HOLDINGS_UPDATED,"{'CASH': 40992584, 'JPM': -312}"
2019-06-28 11:00:00.000000000,BID_DEPTH,"[(99797, 140)]"
2019-06-28 11:00:00.000000000,ASK_DEPTH,"[(100104, 249)]"
2019-06-28 11:00:00.000000000,IMBALANCE,"[140, 249]"
2019-06-28 11:00:00.000000000,HOLDINGS_UPDATED,"{'CASH': 41790960, 'JPM': -320}"
2019-06-28 11:01:00.000000000,BID_DEPTH,"[(99760, 65)]"
2019-06-28 11:01:00.000000000,ASK_DEPTH,"[(100130, 174)]"
2019-06-28 11:01:00.000000000,IMBALANCE,"[65, 174]"
2019-06-28 11:01:00.000000000,HOLDINGS_UPDATED,"{'CASH': 42589040, 'JPM': -328}"
2019-06-28 11:02:00.000000000,BID_DEPTH,"[(99648, 160)]"
2019-06-28 11:02:00.000000000,ASK_DEPTH,"[(100395, 51)]"
2019-06-28 11:02:00.000000000,IMBALANCE,"[160, 51]"
2019-06-28 11:02:00.000000000,HOLDINGS_UPDATED,"{'CASH': 41785880, 'JPM': -320}"
2019-06-28 11:03:00.000000000,BID_DEPTH,"[(100480, 338)]"
2019-06-28 11:03:00.000000000,ASK_DEPTH,"[(100680, 289)]"
2019-06-28 11:03:00.000000000,IMBALANCE,"[338, 289]"
2019-06-28 11:03:00.000000000,HOLDINGS_UPDATED,"{'CASH': 40980440, 'JPM': -312}"
2019-06-28 11:04:00.000000000,BID_DEPTH,"[(100680, 169)]"
2019-06-28 11:04:00.000000000,ASK_DEPTH,"[(100853, 140)]"
2019-06-28 11:04:00.000000000,IMBALANCE,"[169, 140]"
2019-06-28 11:04:00.000000000,HOLDINGS_UPDATED,"{'CASH': 40173616, 'JPM': -304}"
2019-06-28 11:05:00.000000000,BID_DEPTH,"[(100853, 153)]"
2019-06-28 11:05:00.000000000,ASK_DEPTH,"[(100918, 51)]"
2019-06-28 11:05:00.000000000,IMBALANCE,"[153, 51]"
2019-06-28 11:05:00.000000000,HOLDINGS_UPDATED,"{'CASH': 39366272, 'JPM': -296}"
2019-06-28 11:06:00.000000000,BID_DEPTH,"[(100918, 342)]"
2019-06-28 11:06:00.000000000,ASK_DEPTH,"[(101212, 140)]"
2019-06-28 11:06:00.000000000,IMBALANCE,"[342, 140]"
2019-06-28 11:06:00.000000000,HOLDINGS_UPDATED,"{'CASH': 38556576, 'JPM': -288}"
2019-06-28 11:07:00.000000000,BID_DEPTH,"[(101108, 160)]"
2019-06-28 11:07:00.000000000,ASK_DEPTH,"[(101184, 51)]"
2019-06-28 11:07:00.000000000,IMBALANCE,"[160, 51]"
2019-06-28 11:07:00.000000000,HOLDINGS_UPDATED,"{'CASH': 37747104, 'JPM': -280}"
2019-06-28 11:08:00.000000000,BID_DEPTH,"[(101265, 174)]"
2019-06-28 11:08:00.000000000,ASK_DEPTH,"[(101364, 65)]"
2019-06-28 11:08:00.000000000,IMBALANCE,"[174, 65]"
2019-06-28 11:08:00.000000000,HOLDINGS_UPDATED,"{'CASH': 36936192, 'JPM': -272}"
2019-06-28 11:09:00.000000000,BID_DEPTH,"[(101108, 160)]"
2019-06-28 11:09:00.000000000,ASK_DEPTH,"[(101323, 51)]"
2019-06-28 11:09:00.000000000,IMBALANCE,"[160, 51]"
2019-06-28 11:09:00.000000000,HOLDINGS_UPDATED,"{'CASH': 36125608, 'JPM': -264}"
2019-06-28 11:10:00.000000000,BID_DEPTH,"[(101364, 2)]"
2019-06-28 11:10:00.000000000,ASK_DEPTH,"[(101406, 198)]"
2019-06-28 11:10:00.000000000,IMBALANCE,"[2, 198]"
2019-06-28 11:10:00.000000000,HOLDINGS_UPDATED,"{'CASH': 35314360, 'JPM': -256}"
2019-06-28 11:11:00.000000000,BID_DEPTH,"[(101364, 300)]"
2019-06-28 11:11:00.000000000,ASK_DEPTH,"[(101405, 389)]"
2019-06-28 11:11:00.000000000,IMBALANCE,"[300, 389]"
2019-06-28 11:11:00.000000000,HOLDINGS_UPDATED,"{'CASH': 34503120, 'JPM': -248}"
2019-06-28 11:12:00.000000000,BID_DEPTH,"[(101323, 94)]"
2019-06-28 11:12:00.000000000,ASK_DEPTH,"[(101364, 65)]"
2019-06-28 11:12:00.000000000,IMBALANCE,"[94, 65]"
2019-06-28 11:12:00.000000000,HOLDINGS_UPDATED,"{'CASH': 33692208, 'JPM': -240}"
2019-06-28 11:13:00.000000000,BID_DEPTH,"[(101364, 2)]"
2019-06-28 11:13:00.000000000,ASK_DEPTH,"[(101379, 147)]"
2019-06-28 11:13:00.000000000,IMBALANCE,"[2, 147]"
2019-06-28 11:13:00.000000000,HOLDINGS_UPDATED,"{'CASH': 32881176, 'JPM': -232}"
2019-06-28 11:14:00.000000000,BID_DEPTH,"[(101364, 300)]"
2019-06-28 11:14:00.000000000,ASK_DEPTH,"[(101379, 240)]"
2019-06-28 11:14:00.000000000,IMBALANCE,"[300, 240]"
2019-06-28 11:14:00.000000000,HOLDINGS_UPDATED,"{'CASH': 32070144, 'JPM': -224}"
2019-06-28 11:15:00.000000000,BID_DEPTH,"[(101266, 201)]"
2019-06-28 11:15:00.000000000,ASK_DEPTH,"[(101378, 292)]"
2019-06-28 11:15:00.000000000,IMBALANCE,"[201, 292]"
2019-06-28 11:15:00.000000000,HOLDINGS_UPDATED,"{'CASH': 31259120, 'JPM': -216}"
2019-06-28 11:16:00.000000000,BID_DEPTH,"[(101245, 201)]"
2019-06-28 11:16:00.000000000,ASK_DEPTH,"[(101378, 98)]"
2019-06-28 11:16:00.000000000,IMBALANCE,"[201, 98]"
2019-06-28 11:16:00.000000000,HOLDINGS_UPDATED,"{'CASH': 30448096, 'JPM': -208}"
2019-06-28 11:17:00.000000000,BID_DEPTH,"[(101108, 160)]"
2019-06-28 11:17:00.000000000,ASK_DEPTH,"[(101377, 51)]"
2019-06-28 11:17:00.000000000,IMBALANCE,"[160, 51]"
2019-06-28 11:17:00.000000000,HOLDINGS_UPDATED,"{'CASH': 29637080, 'JPM': -200}"
2019-06-28 11:18:00.000000000,BID_DEPTH,"[(101108, 174)]"
2019-06-28 11:18:00.000000000,ASK_DEPTH,"[(101377, 71)]"
2019-06-28 11:18:00.000000000,IMBALANCE,"[174, 71]"
2019-06-28 11:18:00.000000000,HOLDINGS_UPDATED,"{'CASH': 28826064, 'JPM': -192}"
2019-06-28 11:19:00.000000000,BID_DEPTH,"[(101378, 2)]"
2019-06-28 11:19:00.000000000,ASK_DEPTH,"[(101379, 104)]"
2019-06-28 11:19:00.000000000,IMBALANCE,"[2, 104]"
2019-06-28 11:19:00.000000000,HOLDINGS_UPDATED,"{'CASH': 28217790, 'JPM': -186}"
2019-06-28 11:19:00.000000000,HOLDINGS_UPDATED,"{'CASH': 28015032, 'JPM': -184}"
2019-06-28 11:20:00.000000000,BID_DEPTH,"[(101045, 201)]"
2019-06-28 11:20:00.000000000,ASK_DEPTH,"[(101378, 30)]"
2019-06-28 11:20:00.000000000,IMBALANCE,"[201, 30]"
2019-06-28 11:20:00.000000000,HOLDINGS_UPDATED,"{'CASH': 27204008, 'JPM': -176}"
2019-06-28 11:21:00.000000000,BID_DEPTH,"[(99548, 174)]"
2019-06-28 11:21:00.000000000,ASK_DEPTH,"[(100918, 65)]"
2019-06-28 11:21:00.000000000,IMBALANCE,"[174, 65]"
2019-06-28 11:21:00.000000000,HOLDINGS_UPDATED,"{'CASH': 26396664, 'JPM': -168}"
2019-06-28 11:22:00.000000000,BID_DEPTH,"[(99548, 160)]"
2019-06-28 11:22:00.000000000,ASK_DEPTH,"[(101378, 51)]"
2019-06-28 11:22:00.000000000,IMBALANCE,"[160, 51]"
2019-06-28 11:22:00.000000000,HOLDINGS_UPDATED,"{'CASH': 25585640, 'JPM': -160}"
2019-06-28 11:23:00.000000000,BID_DEPTH,"[(99144, 398)]"
2019-06-28 11:23:00.000000000,ASK_DEPTH,"[(99407, 215)]"
2019-06-28 11:23:00.000000000,IMBALANCE,"[398, 215]"
2019-06-28 11:23:00.000000000,HOLDINGS_UPDATED,"{'CASH': 24790384, 'JPM': -152}"
2019-06-28 11:24:00.000000000,BID_DEPTH,"[(99109, 201)]"
2019-06-28 11:24:00.000000000,ASK_DEPTH,"[(99291, 92)]"
2019-06-28 11:24:00.000000000,IMBALANCE,"[201, 92]"
2019-06-28 11:24:00.000000000,HOLDINGS_UPDATED,"{'CASH': 23996056, 'JPM': -144}"
2019-06-28 11:25:00.000000000,BID_DEPTH,"[(101379, 2)]"
2019-06-28 11:25:00.000000000,ASK_DEPTH,"[(101405, 53)]"
2019-06-28 11:25:00.000000000,IMBALANCE,"[2, 53]"
2019-06-28 11:25:00.000000000,HOLDINGS_UPDATED,"{'CASH': 23184816, 'JPM': -136}"
2019-06-28 11:26:00.000000000,BID_DEPTH,"[(99192, 201)]"
2019-06-28 11:26:00.000000000,ASK_DEPTH,"[(99473, 92)]"
2019-06-28 11:26:00.000000000,IMBALANCE,"[201, 92]"
2019-06-28 11:26:00.000000000,HOLDINGS_UPDATED,"{'CASH': 22389032, 'JPM': -128}"
2019-06-28 11:27:00.000000000,BID_DEPTH,"[(99801, 160)]"
2019-06-28 11:27:00.000000000,ASK_DEPTH,"[(99881, 51)]"
2019-06-28 11:27:00.000000000,IMBALANCE,"[160, 51]"
2019-06-28 11:27:00.000000000,HOLDINGS_UPDATED,"{'CASH': 21589984, 'JPM': -120}"
2019-06-28 11:28:00.000000000,BID_DEPTH,"[(99597, 201)]"
2019-06-28 11:28:00.000000000,ASK_DEPTH,"[(99941, 92)]"
2019-06-28 11:28:00.000000000,IMBALANCE,"[201, 92]"
2019-06-28 11:28:00.000000000,HOLDINGS_UPDATED,"{'CASH': 20790456, 'JPM': -112}"
2019-06-28 11:29:00.000000000,BID_DEPTH,"[(99941, 398)]"
2019-06-28 11:29:00.000000000,ASK_DEPTH,"[(99946, 289)]"
2019-06-28 11:29:00.000000000,IMBALANCE,"[398, 289]"
2019-06-28 11:29:00.000000000,HOLDINGS_UPDATED,"{'CASH': 19990888, 'JPM': -104}"
2019-06-28 11:30:00.000000000,BID_DEPTH,"[(99958, 424)]"
2019-06-28 11:30:00.000000000,ASK_DEPTH,"[(100000, 289)]"
2019-06-28 11:30:00.000000000,IMBALANCE,"[424, 289]"
2019-06-28 11:30:00.000000000,HOLDINGS_UPDATED,"{'CASH': 19190888, 'JPM': -96}"
2019-06-28 11:31:00.000000000,BID_DEPTH,"[(100000, 301)]"
2019-06-28 11:31:00.000000000,ASK_DEPTH,"[(100688, 92)]"
2019-06-28 11:31:00.000000000,IMBALANCE,"[301, 92]"
2019-06-28 11:31:00.000000000,HOLDINGS_UPDATED,"{'CASH': 18385384, 'JPM': -88}"
2019-06-28 11:32:00.000000000,BID_DEPTH,"[(100000, 274)]"
2019-06-28 11:32:00.000000000,ASK_DEPTH,"[(100715, 65)]"
2019-06-28 11:32:00.000000000,IMBALANCE,"[274, 65]"
2019-06-28 11:32:00.000000000,HOLDINGS_UPDATED,"{'CASH': 17579664, 'JPM': -80}"
2019-06-28 11:33:00.000000000,BID_DEPTH,"[(100331, 174)]"
2019-06-28 11:33:00.000000000,ASK_DEPTH,"[(100736, 65)]"
2019-06-28 11:33:00.000000000,IMBALANCE,"[174, 65]"
2019-06-28 11:33:00.000000000,HOLDINGS_UPDATED,"{'CASH': 16773776, 'JPM': -72}"
2019-06-28 11:34:00.000000000,BID_DEPTH,"[(100222, 160)]"
2019-06-28 11:34:00.000000000,ASK_DEPTH,"[(100736, 51)]"
2019-06-28 11:34:00.000000000,IMBALANCE,"[160, 51]"
2019-06-28 11:34:00.000000000,HOLDINGS_UPDATED,"{'CASH': 15967888, 'JPM': -64}"
2019-06-28 11:35:00.000000000,BID_DEPTH,"[(100222, 398)]"
2019-06-28 11:35:00.000000000,ASK_DEPTH,"[(100610, 289)]"
2019-06-28 11:35:00.000000000,IMBALANCE,"[398, 289]"
2019-06-28 11:35:00.000000000,HOLDINGS_UPDATED,"{'CASH': 15163008, 'JPM': -56}"
2019-06-28 11:36:00.000000000,BID_DEPTH,"[(100453, 289)]"
2019-06-28 11:36:00.000000000,ASK_DEPTH,"[(100473, 398)]"
2019-06-28 11:36:00.000000000,IMBALANCE,"[289, 398]"
2019-06-28 11:36:00.000000000,HOLDINGS_UPDATED,"{'CASH': 15966632, 'JPM': -64}"
2019-06-28 11:37:00.000000000,BID_DEPTH,"[(100182, 51)]"
2019-06-28 11:37:00.000000000,ASK_DEPTH,"[(100464, 160)]"
2019-06-28 11:37:00.000000000,IMBALANCE,"[51, 160]"
2019-06-28 11:37:00.000000000,HOLDINGS_UPDATED,"{'CASH': 16768088, 'JPM': -72}"
2019-06-28 11:38:00.000000000,BID_DEPTH,"[(100456, 140)]"
2019-06-28 11:38:00.000000000,ASK_DEPTH,"[(100464, 249)]"
2019-06-28 11:38:00.000000000,IMBALANCE,"[140, 249]"
2019-06-28 11:38:00.000000000,HOLDINGS_UPDATED,"{'CASH': 17571736, 'JPM': -80}"
2019-06-28 11:39:00.000000000,BID_DEPTH,"[(100316, 92)]"
2019-06-28 11:39:00.000000000,ASK_DEPTH,"[(100394, 141)]"
2019-06-28 11:39:00.000000000,IMBALANCE,"[92, 141]"
2019-06-28 11:39:00.000000000,HOLDINGS_UPDATED,"{'CASH': 18374264, 'JPM': -88}"
2019-06-28 11:40:00.000000000,BID_DEPTH,"[(100211, 65)]"
2019-06-28 11:40:00.000000000,ASK_DEPTH,"[(100316, 174)]"
2019-06-28 11:40:00.000000000,IMBALANCE,"[65, 174]"
2019-06-28 11:40:00.000000000,HOLDINGS_UPDATED,"{'CASH': 19175952, 'JPM': -96}"
2019-06-28 11:41:00.000000000,BID_DEPTH,"[(100174, 51)]"
2019-06-28 11:41:00.000000000,ASK_DEPTH,"[(100211, 160)]"
2019-06-28 11:41:00.000000000,IMBALANCE,"[51, 160]"
2019-06-28 11:41:00.000000000,HOLDINGS_UPDATED,"{'CASH': 19977344, 'JPM': -104}"
2019-06-28 11:42:00.000000000,BID_DEPTH,"[(100019, 51)]"
2019-06-28 11:42:00.000000000,ASK_DEPTH,"[(100111, 86)]"
2019-06-28 11:42:00.000000000,IMBALANCE,"[51, 86]"
2019-06-28 11:42:00.000000000,HOLDINGS_UPDATED,"{'CASH': 20777496, 'JPM': -112}"
2019-06-28 11:43:00.000000000,BID_DEPTH,"[(100018, 51)]"
2019-06-28 11:43:00.000000000,ASK_DEPTH,"[(100019, 160)]"
2019-06-28 11:43:00.000000000,IMBALANCE,"[51, 160]"
2019-06-28 11:43:00.000000000,HOLDINGS_UPDATED,"{'CASH': 21577640, 'JPM': -120}"
2019-06-28 11:44:00.000000000,BID_DEPTH,"[(100018, 289)]"
2019-06-28 11:44:00.000000000,ASK_DEPTH,"[(100111, 324)]"
2019-06-28 11:44:00.000000000,IMBALANCE,"[289, 324]"
2019-06-28 11:44:00.000000000,HOLDINGS_UPDATED,"{'CASH': 22377784, 'JPM': -128}"
2019-06-28 11:45:00.000000000,BID_DEPTH,"[(100018, 51)]"
2019-06-28 11:45:00.000000000,ASK_DEPTH,"[(100211, 160)]"
2019-06-28 11:45:00.000000000,IMBALANCE,"[51, 160]"
2019-06-28 11:45:00.000000000,HOLDINGS_UPDATED,"{'CASH': 23177928, 'JPM': -136}"
2019-06-28 11:46:00.000000000,BID_DEPTH,"[(100000, 92)]"
2019-06-28 11:46:00.000000000,ASK_DEPTH,"[(100316, 201)]"
2019-06-28 11:46:00.000000000,IMBALANCE,"[92, 201]"
2019-06-28 11:46:00.000000000,HOLDINGS_UPDATED,"{'CASH': 23977928, 'JPM': -144}"
2019-06-28 11:47:00.000000000,BID_DEPTH,"[(100326, 65)]"
2019-06-28 11:47:00.000000000,ASK_DEPTH,"[(100394, 114)]"
2019-06-28 11:47:00.000000000,IMBALANCE,"[65, 114]"
2019-06-28 11:47:00.000000000,HOLDINGS_UPDATED,"{'CASH': 24780536, 'JPM': -152}"
2019-06-28 11:48:00.000000000,BID_DEPTH,"[(99933, 140)]"
2019-06-28 11:48:00.000000000,ASK_DEPTH,"[(100422, 249)]"
2019-06-28 11:48:00.000000000,IMBALANCE,"[140, 249]"
2019-06-28 11:48:00.000000000,HOLDINGS_UPDATED,"{'CASH': 25580000, 'JPM': -160}"
2019-06-28 11:49:00.000000000,BID_DEPTH,"[(100069, 92)]"
2019-06-28 11:49:00.000000000,ASK_DEPTH,"[(100473, 201)]"
2019-06-28 11:49:00.000000000,IMBALANCE,"[92, 201]"
2019-06-28 11:49:00.000000000,HOLDINGS_UPDATED,"{'CASH': 26380552, 'JPM': -168}"
2019-06-28 11:50:00.000000000,BID_DEPTH,"[(100062, 289)]"
2019-06-28 11:50:00.000000000,ASK_DEPTH,"[(100473, 398)]"
2019-06-28 11:50:00.000000000,IMBALANCE,"[289, 398]"
2019-06-28 11:50:00.000000000,HOLDINGS_UPDATED,"{'CASH': 27181048, 'JPM': -176}"
2019-06-28 11:51:00.000000000,BID_DEPTH,"[(99804, 140)]"
2019-06-28 11:51:00.000000000,ASK_DEPTH,"[(100473, 249)]"
2019-06-28 11:51:00.000000000,IMBALANCE,"[140, 249]"
2019-06-28 11:51:00.000000000,HOLDINGS_UPDATED,"{'CASH': 27979480, 'JPM': -184}"
2019-06-28 11:52:00.000000000,BID_DEPTH,"[(99672, 92)]"
2019-06-28 11:52:00.000000000,ASK_DEPTH,"[(100473, 201)]"
2019-06-28 11:52:00.000000000,IMBALANCE,"[92, 201]"
2019-06-28 11:52:00.000000000,HOLDINGS_UPDATED,"{'CASH': 28776856, 'JPM': -192}"
2019-06-28 11:53:00.000000000,BID_DEPTH,"[(99510, 140)]"
2019-06-28 11:53:00.000000000,ASK_DEPTH,"[(99672, 249)]"
2019-06-28 11:53:00.000000000,IMBALANCE,"[140, 249]"
2019-06-28 11:53:00.000000000,HOLDINGS_UPDATED,"{'CASH': 29572936, 'JPM': -200}"
2019-06-28 11:54:00.000000000,BID_DEPTH,"[(99473, 289)]"
2019-06-28 11:54:00.000000000,ASK_DEPTH,"[(100473, 398)]"
2019-06-28 11:54:00.000000000,IMBALANCE,"[289, 398]"
2019-06-28 11:54:00.000000000,HOLDINGS_UPDATED,"{'CASH': 30368720, 'JPM': -208}"
2019-06-28 11:55:00.000000000,BID_DEPTH,"[(99429, 51)]"
2019-06-28 11:55:00.000000000,ASK_DEPTH,"[(99618, 160)]"
2019-06-28 11:55:00.000000000,IMBALANCE,"[51, 160]"
2019-06-28 11:55:00.000000000,HOLDINGS_UPDATED,"{'CASH': 31164152, 'JPM': -216}"
2019-06-28 11:56:00.000000000,BID_DEPTH,"[(99544, 65)]"
2019-06-28 11:56:00.000000000,ASK_DEPTH,"[(99618, 174)]"
2019-06-28 11:56:00.000000000,IMBALANCE,"[65, 174]"
2019-06-28 11:56:00.000000000,HOLDINGS_UPDATED,"{'CASH': 31960504, 'JPM': -224}"
2019-06-28 11:57:00.000000000,BID_DEPTH,"[(99544, 51)]"
2019-06-28 11:57:00.000000000,ASK_DEPTH,"[(99618, 160)]"
2019-06-28 11:57:00.000000000,IMBALANCE,"[51, 160]"
2019-06-28 11:57:00.000000000,HOLDINGS_UPDATED,"{'CASH': 32756856, 'JPM': -232}"
2019-06-28 11:58:00.000000000,BID_DEPTH,"[(99379, 140)]"
2019-06-28 11:58:00.000000000,ASK_DEPTH,"[(99618, 249)]"
2019-06-28 11:58:00.000000000,IMBALANCE,"[140, 249]"
2019-06-28 11:58:00.000000000,HOLDINGS_UPDATED,"{'CASH': 33551888, 'JPM': -240}"
2019-06-28 11:59:00.000000000,BID_DEPTH,"[(99276, 140)]"
2019-06-28 11:59:00.000000000,ASK_DEPTH,"[(99370, 249)]"
2019-06-28 11:59:00.000000000,IMBALANCE,"[140, 249]"
2019-06-28 11:59:00.000000000,HOLDINGS_UPDATED,"{'CASH': 34346096, 'JPM': -248}"
2019-06-28 12:00:00.000000000,BID_DEPTH,"[(99246, 289)]"
2019-06-28 12:00:00.000000000,ASK_DEPTH,"[(99370, 398)]"
2019-06-28 12:00:00.000000000,IMBALANCE,"[289, 398]"
2019-06-28 12:00:00.000000000,HOLDINGS_UPDATED,"{'CASH': 35140064, 'JPM': -256}"
2019-06-28 12:01:00.000000000,BID_DEPTH,"[(99192, 51)]"
2019-06-28 12:01:00.000000000,ASK_DEPTH,"[(99236, 86)]"
2019-06-28 12:01:00.000000000,IMBALANCE,"[51, 86]"
2019-06-28 12:01:00.000000000,HOLDINGS_UPDATED,"{'CASH': 35933600, 'JPM': -264}"
2019-06-28 12:02:00.000000000,BID_DEPTH,"[(99134, 65)]"
2019-06-28 12:02:00.000000000,ASK_DEPTH,"[(99192, 245)]"
2019-06-28 12:02:00.000000000,IMBALANCE,"[65, 245]"
2019-06-28 12:02:00.000000000,HOLDINGS_UPDATED,"{'CASH': 36726672, 'JPM': -272}"
2019-06-28 12:03:00.000000000,BID_DEPTH,"[(99099, 147)]"
2019-06-28 12:03:00.000000000,ASK_DEPTH,"[(99134, 2)]"
2019-06-28 12:03:00.000000000,IMBALANCE,"[147, 2]"
2019-06-28 12:03:00.000000000,HOLDINGS_UPDATED,"{'CASH': 37519464, 'JPM': -280}"
2019-06-28 12:04:00.000000000,BID_DEPTH,"[(99099, 43)]"
2019-06-28 12:04:00.000000000,ASK_DEPTH,"[(99192, 272)]"
2019-06-28 12:04:00.000000000,IMBALANCE,"[43, 272]"
2019-06-28 12:04:00.000000000,HOLDINGS_UPDATED,"{'CASH': 38312256, 'JPM': -288}"
2019-06-28 12:05:00.000000000,BID_DEPTH,"[(99170, 289)]"
2019-06-28 12:05:00.000000000,ASK_DEPTH,"[(99192, 369)]"
2019-06-28 12:05:00.000000000,IMBALANCE,"[289, 369]"
2019-06-28 12:05:00.000000000,HOLDINGS_UPDATED,"{'CASH': 39105616, 'JPM': -296}"
2019-06-28 12:06:00.000000000,BID_DEPTH,"[(99100, 92)]"
2019-06-28 12:06:00.000000000,ASK_DEPTH,"[(99192, 172)]"
2019-06-28 12:06:00.000000000,IMBALANCE,"[92, 172]"
2019-06-28 12:06:00.000000000,HOLDINGS_UPDATED,"{'CASH': 39898416, 'JPM': -304}"
2019-06-28 12:07:00.000000000,BID_DEPTH,"[(99053, 198)]"
2019-06-28 12:07:00.000000000,ASK_DEPTH,"[(99099, 2)]"
2019-06-28 12:07:00.000000000,IMBALANCE,"[198, 2]"
2019-06-28 12:07:00.000000000,HOLDINGS_UPDATED,"{'CASH': 40690840, 'JPM': -312}"
2019-06-28 12:08:00.000000000,BID_DEPTH,"[(99099, 90)]"
2019-06-28 12:08:00.000000000,ASK_DEPTH,"[(99370, 201)]"
2019-06-28 12:08:00.000000000,IMBALANCE,"[90, 201]"
2019-06-28 12:08:00.000000000,HOLDINGS_UPDATED,"{'CASH': 41483632, 'JPM': -320}"
2019-06-28 12:09:00.000000000,BID_DEPTH,"[(99053, 70)]"
2019-06-28 12:09:00.000000000,ASK_DEPTH,"[(99379, 301)]"
2019-06-28 12:09:00.000000000,IMBALANCE,"[70, 301]"
2019-06-28 12:09:00.000000000,HOLDINGS_UPDATED,"{'CASH': 42276056, 'JPM': -328}"
2019-06-28 12:10:00.000000000,BID_DEPTH,"[(99053, 65)]"
2019-06-28 12:10:00.000000000,ASK_DEPTH,"[(99379, 274)]"
2019-06-28 12:10:00.000000000,IMBALANCE,"[65, 274]"
2019-06-28 12:10:00.000000000,HOLDINGS_UPDATED,"{'CASH': 43068480, 'JPM': -336}"
2019-06-28 12:11:00.000000000,BID_DEPTH,"[(99036, 140)]"
2019-06-28 12:11:00.000000000,ASK_DEPTH,"[(99053, 249)]"
2019-06-28 12:11:00.000000000,IMBALANCE,"[140, 249]"
2019-06-28 12:11:00.000000000,HOLDINGS_UPDATED,"{'CASH': 43860768, 'JPM': -344}"
2019-06-28 12:12:00.000000000,BID_DEPTH,"[(98987, 65)]"
2019-06-28 12:12:00.000000000,ASK_DEPTH,"[(99300, 174)]"
2019-06-28 12:12:00.000000000,IMBALANCE,"[65, 174]"
2019-06-28 12:12:00.000000000,HOLDINGS_UPDATED,"{'CASH': 44652664, 'JPM': -352}"
2019-06-28 12:13:00.000000000,BID_DEPTH,"[(98988, 51)]"
2019-06-28 12:13:00.000000000,ASK_DEPTH,"[(99342, 160)]"
2019-06-28 12:13:00.000000000,IMBALANCE,"[51, 160]"
2019-06-28 12:13:00.000000000,HOLDINGS_UPDATED,"{'CASH': 45444568, 'JPM': -360}"
2019-06-28 12:14:00.000000000,BID_DEPTH,"[(99342, 66)]"
2019-06-28 12:14:00.000000000,ASK_DEPTH,"[(99379, 249)]"
2019-06-28 12:14:00.000000000,IMBALANCE,"[66, 249]"
2019-06-28 12:14:00.000000000,HOLDINGS_UPDATED,"{'CASH': 46239304, 'JPM': -368}"
2019-06-28 12:15:00.000000000,BID_DEPTH,"[(98987, 65)]"
2019-06-28 12:15:00.000000000,ASK_DEPTH,"[(99395, 174)]"
2019-06-28 12:15:00.000000000,IMBALANCE,"[65, 174]"
2019-06-28 12:15:00.000000000,HOLDINGS_UPDATED,"{'CASH': 47031200, 'JPM': -376}"
2019-06-28 12:16:00.000000000,BID_DEPTH,"[(98987, 165)]"
2019-06-28 12:16:00.000000000,ASK_DEPTH,"[(99395, 174)]"
2019-06-28 12:16:00.000000000,IMBALANCE,"[165, 174]"
2019-06-28 12:16:00.000000000,HOLDINGS_UPDATED,"{'CASH': 47823096, 'JPM': -384}"
2019-06-28 12:17:00.000000000,BID_DEPTH,"[(98987, 252)]"
2019-06-28 12:17:00.000000000,ASK_DEPTH,"[(99441, 398)]"
2019-06-28 12:17:00.000000000,IMBALANCE,"[252, 398]"
2019-06-28 12:17:00.000000000,HOLDINGS_UPDATED,"{'CASH': 48614992, 'JPM': -392}"
2019-06-28 12:18:00.000000000,BID_DEPTH,"[(99386, 51)]"
2019-06-28 12:18:00.000000000,ASK_DEPTH,"[(99500, 160)]"
2019-06-28 12:18:00.000000000,IMBALANCE,"[51, 160]"
2019-06-28 12:18:00.000000000,HOLDINGS_UPDATED,"{'CASH': 49410080, 'JPM': -400}"
2019-06-28 12:19:00.000000000,BID_DEPTH,"[(99501, 65)]"
2019-06-28 12:19:00.000000000,ASK_DEPTH,"[(99586, 174)]"
2019-06-28 12:19:00.000000000,IMBALANCE,"[65, 174]"
2019-06-28 12:19:00.000000000,HOLDINGS_UPDATED,"{'CASH': 50206088, 'JPM': -408}"
2019-06-28 12:20:00.000000000,BID_DEPTH,"[(99500, 92)]"
2019-06-28 12:20:00.000000000,ASK_DEPTH,"[(99612, 201)]"
2019-06-28 12:20:00.000000000,IMBALANCE,"[92, 201]"
2019-06-28 12:20:00.000000000,HOLDINGS_UPDATED,"{'CASH': 51002088, 'JPM': -416}"
2019-06-28 12:21:00.000000000,BID_DEPTH,"[(99518, 289)]"
2019-06-28 12:21:00.000000000,ASK_DEPTH,"[(99718, 398)]"
2019-06-28 12:21:00.000000000,IMBALANCE,"[289, 398]"
2019-06-28 12:21:00.000000000,HOLDINGS_UPDATED,"{'CASH': 51798232, 'JPM': -424}"
2019-06-28 12:22:00.000000000,BID_DEPTH,"[(99640, 51)]"
2019-06-28 12:22:00.000000000,ASK_DEPTH,"[(99866, 160)]"
2019-06-28 12:22:00.000000000,IMBALANCE,"[51, 160]"
2019-06-28 12:22:00.000000000,HOLDINGS_UPDATED,"{'CASH': 52595352, 'JPM': -432}"
2019-06-28 12:23:00.000000000,BID_DEPTH,"[(99643, 65)]"
2019-06-28 12:23:00.000000000,ASK_DEPTH,"[(99866, 174)]"
2019-06-28 12:23:00.000000000,IMBALANCE,"[65, 174]"
2019-06-28 12:23:00.000000000,HOLDINGS_UPDATED,"{'CASH': 53392496, 'JPM': -440}"
2019-06-28 12:24:00.000000000,BID_DEPTH,"[(99643, 140)]"
2019-06-28 12:24:00.000000000,ASK_DEPTH,"[(99866, 249)]"
2019-06-28 12:24:00.000000000,IMBALANCE,"[140, 249]"
2019-06-28 12:24:00.000000000,HOLDINGS_UPDATED,"{'CASH': 54189640, 'JPM': -448}"
2019-06-28 12:25:00.000000000,BID_DEPTH,"[(99641, 289)]"
2019-06-28 12:25:00.000000000,ASK_DEPTH,"[(99643, 386)]"
2019-06-28 12:25:00.000000000,IMBALANCE,"[289, 386]"
2019-06-28 12:25:00.000000000,HOLDINGS_UPDATED,"{'CASH': 54986768, 'JPM': -456}"
2019-06-28 12:26:00.000000000,BID_DEPTH,"[(99641, 289)]"
2019-06-28 12:26:00.000000000,ASK_DEPTH,"[(99643, 386)]"
2019-06-28 12:26:00.000000000,IMBALANCE,"[289, 386]"
2019-06-28 12:26:00.000000000,HOLDINGS_UPDATED,"{'CASH': 55783896, 'JPM': -464}"
2019-06-28 12:27:00.000000000,BID_DEPTH,"[(99652, 92)]"
2019-06-28 12:27:00.000000000,ASK_DEPTH,"[(100112, 201)]"
2019-06-28 12:27:00.000000000,IMBALANCE,"[92, 201]"
2019-06-28 12:27:00.000000000,HOLDINGS_UPDATED,"{'CASH': 56581112, 'JPM': -472}"
2019-06-28 12:28:00.000000000,BID_DEPTH,"[(99575, 51)]"
2019-06-28 12:28:00.000000000,ASK_DEPTH,"[(100279, 160)]"
2019-06-28 12:28:00.000000000,IMBALANCE,"[51, 160]"
2019-06-28 12:28:00.000000000,HOLDINGS_UPDATED,"{'CASH': 57377712, 'JPM': -480}"
2019-06-28 12:29:00.000000000,BID_DEPTH,"[(99418, 51)]"
2019-06-28 12:29:00.000000000,ASK_DEPTH,"[(100707, 160)]"
2019-06-28 12:29:00.000000000,IMBALANCE,"[51, 160]"
2019-06-28 12:29:00.000000000,HOLDINGS_UPDATED,"{'CASH': 58173056, 'JPM': -488}"
2019-06-28 12:30:00.000000000,BID_DEPTH,"[(99418, 100)]"
2019-06-28 12:30:00.000000000,ASK_DEPTH,[]
2019-06-28 12:30:00.000000000,IMBALANCE,"[100, 0]"
2019-06-28 12:31:00.000000000,BID_DEPTH,"[(100707, 192)]"
2019-06-28 12:31:00.000000000,ASK_DEPTH,"[(101499, 201)]"
2019-06-28 12:31:00.000000000,IMBALANCE,"[192, 201]"
2019-06-28 12:31:00.000000000,HOLDINGS_UPDATED,"{'CASH': 58978712, 'JPM': -496}"
2019-06-28 12:32:00.000000000,BID_DEPTH,"[(101366, 201)]"
2019-06-28 12:32:00.000000000,ASK_DEPTH,"[(101499, 92)]"
2019-06-28 12:32:00.000000000,IMBALANCE,"[201, 92]"
2019-06-28 12:32:00.000000000,HOLDINGS_UPDATED,"{'CASH': 58166720, 'JPM': -488}"
2019-06-28 12:33:00.000000000,BID_DEPTH,"[(101499, 2)]"
2019-06-28 12:33:00.000000000,ASK_DEPTH,"[(101916, 147)]"
2019-06-28 12:33:00.000000000,IMBALANCE,"[2, 147]"
2019-06-28 12:33:00.000000000,HOLDINGS_UPDATED,"{'CASH': 57351392, 'JPM': -480}"
2019-06-28 12:34:00.000000000,BID_DEPTH,"[(101499, 76)]"
2019-06-28 12:34:00.000000000,ASK_DEPTH,"[(101916, 116)]"
2019-06-28 12:34:00.000000000,IMBALANCE,"[76, 116]"
2019-06-28 12:34:00.000000000,HOLDINGS_UPDATED,"{'CASH': 56536064, 'JPM': -472}"
2019-06-28 12:35:00.000000000,BID_DEPTH,"[(101283, 174)]"
2019-06-28 12:35:00.000000000,ASK_DEPTH,"[(101916, 85)]"
2019-06-28 12:35:00.000000000,IMBALANCE,"[174, 85]"
2019-06-28 12:35:00.000000000,HOLDINGS_UPDATED,"{'CASH': 55720736, 'JPM': -464}"
2019-06-28 12:36:00.000000000,BID_DEPTH,"[(101283, 174)]"
2019-06-28 12:36:00.000000000,ASK_DEPTH,"[(101916, 171)]"
2019-06-28 12:36:00.000000000,IMBALANCE,"[174, 171]"
2019-06-28 12:36:00.000000000,HOLDINGS_UPDATED,"{'CASH': 54905408, 'JPM': -456}"
2019-06-28 12:37:00.000000000,BID_DEPTH,"[(100872, 174)]"
2019-06-28 12:37:00.000000000,ASK_DEPTH,"[(101283, 65)]"
2019-06-28 12:37:00.000000000,IMBALANCE,"[174, 65]"
2019-06-28 12:37:00.000000000,HOLDINGS_UPDATED,"{'CASH': 54095144, 'JPM': -448}"
2019-06-28 12:38:00.000000000,BID_DEPTH,"[(100872, 201)]"
2019-06-28 12:38:00.000000000,ASK_DEPTH,"[(100891, 92)]"
2019-06-28 12:38:00.000000000,IMBALANCE,"[201, 92]"
2019-06-28 12:38:00.000000000,HOLDINGS_UPDATED,"{'CASH': 53288016, 'JPM': -440}"
2019-06-28 12:39:00.000000000,BID_DEPTH,"[(100856, 160)]"
2019-06-28 12:39:00.000000000,ASK_DEPTH,"[(101175, 51)]"
2019-06-28 12:39:00.000000000,IMBALANCE,"[160, 51]"
2019-06-28 12:39:00.000000000,HOLDINGS_UPDATED,"{'CASH': 52478616, 'JPM': -432}"
2019-06-28 12:40:00.000000000,BID_DEPTH,"[(100769, 249)]"
2019-06-28 12:40:00.000000000,ASK_DEPTH,"[(101175, 140)]"
2019-06-28 12:40:00.000000000,IMBALANCE,"[249, 140]"
2019-06-28 12:40:00.000000000,HOLDINGS_UPDATED,"{'CASH': 51669216, 'JPM': -424}"
2019-06-28 12:41:00.000000000,BID_DEPTH,"[(100641, 249)]"
2019-06-28 12:41:00.000000000,ASK_DEPTH,"[(100769, 140)]"
2019-06-28 12:41:00.000000000,IMBALANCE,"[249, 140]"
2019-06-28 12:41:00.000000000,HOLDINGS_UPDATED,"{'CASH': 50863064, 'JPM': -416}"
2019-06-28 12:42:00.000000000,BID_DEPTH,"[(100641, 249)]"
2019-06-28 12:42:00.000000000,ASK_DEPTH,"[(100799, 140)]"
2019-06-28 12:42:00.000000000,IMBALANCE,"[249, 140]"
2019-06-28 12:42:00.000000000,HOLDINGS_UPDATED,"{'CASH': 50056672, 'JPM': -408}"
2019-06-28 12:43:00.000000000,BID_DEPTH,"[(100422, 249)]"
2019-06-28 12:43:00.000000000,ASK_DEPTH,"[(100913, 140)]"
2019-06-28 12:43:00.000000000,IMBALANCE,"[249, 140]"
2019-06-28 12:43:00.000000000,HOLDINGS_UPDATED,"{'CASH': 49249368, 'JPM': -400}"
2019-06-28 12:44:00.000000000,BID_DEPTH,"[(100391, 160)]"
2019-06-28 12:44:00.000000000,ASK_DEPTH,"[(100768, 51)]"
2019-06-28 12:44:00.000000000,IMBALANCE,"[160, 51]"
2019-06-28 12:44:00.000000000,HOLDINGS_UPDATED,"{'CASH': 48443224, 'JPM': -392}"
2019-06-28 12:45:00.000000000,BID_DEPTH,"[(100391, 249)]"
2019-06-28 12:45:00.000000000,ASK_DEPTH,"[(100613, 140)]"
2019-06-28 12:45:00.000000000,IMBALANCE,"[249, 140]"
2019-06-28 12:45:00.000000000,HOLDINGS_UPDATED,"{'CASH': 47638320, 'JPM': -384}"
2019-06-28 12:46:00.000000000,BID_DEPTH,"[(100305, 398)]"
2019-06-28 12:46:00.000000000,ASK_DEPTH,"[(100613, 289)]"
2019-06-28 12:46:00.000000000,IMBALANCE,"[398, 289]"
2019-06-28 12:46:00.000000000,HOLDINGS_UPDATED,"{'CASH': 46833416, 'JPM': -376}"
2019-06-28 12:47:00.000000000,BID_DEPTH,"[(100613, 398)]"
2019-06-28 12:47:00.000000000,ASK_DEPTH,"[(100913, 289)]"
2019-06-28 12:47:00.000000000,IMBALANCE,"[398, 289]"
2019-06-28 12:47:00.000000000,HOLDINGS_UPDATED,"{'CASH': 46026112, 'JPM': -368}"
2019-06-28 12:48:00.000000000,BID_DEPTH,"[(100613, 249)]"
2019-06-28 12:48:00.000000000,ASK_DEPTH,"[(100967, 140)]"
2019-06-28 12:48:00.000000000,IMBALANCE,"[249, 140]"
2019-06-28 12:48:00.000000000,HOLDINGS_UPDATED,"{'CASH': 45218376, 'JPM': -360}"
2019-06-28 12:49:00.000000000,BID_DEPTH,"[(100613, 174)]"
2019-06-28 12:49:00.000000000,ASK_DEPTH,"[(101283, 71)]"
2019-06-28 12:49:00.000000000,IMBALANCE,"[174, 71]"
2019-06-28 12:49:00.000000000,HOLDINGS_UPDATED,"{'CASH': 44408112, 'JPM': -352}"
2019-06-28 12:50:00.000000000,BID_DEPTH,"[(100497, 160)]"
2019-06-28 12:50:00.000000000,ASK_DEPTH,"[(101283, 51)]"
2019-06-28 12:50:00.000000000,IMBALANCE,"[160, 51]"
2019-06-28 12:50:00.000000000,HOLDINGS_UPDATED,"{'CASH': 43597848, 'JPM': -344}"
2019-06-28 12:51:00.000000000,BID_DEPTH,"[(100428, 249)]"
2019-06-28 12:51:00.000000000,ASK_DEPTH,"[(100497, 66)]"
2019-06-28 12:51:00.000000000,IMBALANCE,"[249, 66]"
2019-06-28 12:51:00.000000000,HOLDINGS_UPDATED,"{'CASH': 42793872, 'JPM': -336}"
2019-06-28 12:52:00.000000000,BID_DEPTH,"[(100354, 398)]"
2019-06-28 12:52:00.000000000,ASK_DEPTH,"[(100618, 289)]"
2019-06-28 12:52:00.000000000,IMBALANCE,"[398, 289]"
2019-06-28 12:52:00.000000000,HOLDINGS_UPDATED,"{'CASH': 41988928, 'JPM': -328}"
2019-06-28 12:53:00.000000000,BID_DEPTH,"[(100305, 398)]"
2019-06-28 12:53:00.000000000,ASK_DEPTH,"[(101916, 264)]"
2019-06-28 12:53:00.000000000,IMBALANCE,"[398, 264]"
2019-06-28 12:53:00.000000000,HOLDINGS_UPDATED,"{'CASH': 41173600, 'JPM': -320}"
2019-06-28 12:54:00.000000000,BID_DEPTH,"[(100305, 249)]"
2019-06-28 12:54:00.000000000,ASK_DEPTH,"[(101916, 140)]"
2019-06-28 12:54:00.000000000,IMBALANCE,"[249, 140]"
2019-06-28 12:54:00.000000000,HOLDINGS_UPDATED,"{'CASH': 40358272, 'JPM': -312}"
2019-06-28 12:55:00.000000000,BID_DEPTH,"[(100407, 249)]"
2019-06-28 12:55:00.000000000,ASK_DEPTH,"[(101916, 240)]"
2019-06-28 12:55:00.000000000,IMBALANCE,"[249, 240]"
2019-06-28 12:55:00.000000000,HOLDINGS_UPDATED,"{'CASH': 39542944, 'JPM': -304}"
2019-06-28 12:56:00.000000000,BID_DEPTH,"[(100407, 160)]"
2019-06-28 12:56:00.000000000,ASK_DEPTH,"[(100892, 51)]"
2019-06-28 12:56:00.000000000,IMBALANCE,"[160, 51]"
2019-06-28 12:56:00.000000000,HOLDINGS_UPDATED,"{'CASH': 38735808, 'JPM': -296}"
2019-06-28 12:57:00.000000000,BID_DEPTH,"[(100690, 201)]"
2019-06-28 12:57:00.000000000,ASK_DEPTH,"[(101916, 155)]"
2019-06-28 12:57:00.000000000,IMBALANCE,"[201, 155]"
2019-06-28 12:57:00.000000000,HOLDINGS_UPDATED,"{'CASH': 37920480, 'JPM': -288}"
2019-06-28 12:58:00.000000000,BID_DEPTH,"[(100690, 174)]"
2019-06-28 12:58:00.000000000,ASK_DEPTH,"[(100705, 65)]"
2019-06-28 12:58:00.000000000,IMBALANCE,"[174, 65]"
2019-06-28 12:58:00.000000000,HOLDINGS_UPDATED,"{'CASH': 37114840, 'JPM': -280}"
2019-06-28 12:59:00.000000000,BID_DEPTH,"[(100651, 398)]"
2019-06-28 12:59:00.000000000,ASK_DEPTH,"[(100705, 289)]"
2019-06-28 12:59:00.000000000,IMBALANCE,"[398, 289]"
2019-06-28 12:59:00.000000000,HOLDINGS_UPDATED,"{'CASH': 36309200, 'JPM': -272}"
2019-06-28 13:00:00.000000000,BID_DEPTH,"[(100651, 398)]"
2019-06-28 13:00:00.000000000,ASK_DEPTH,"[(100719, 289)]"
2019-06-28 13:00:00.000000000,IMBALANCE,"[398, 289]"
2019-06-28 13:00:00.000000000,HOLDINGS_UPDATED,"{'CASH': 35503448, 'JPM': -264}"
2019-06-28 13:01:00.000000000,BID_DEPTH,"[(100651, 249)]"
2019-06-28 13:01:00.000000000,ASK_DEPTH,"[(100949, 140)]"
2019-06-28 13:01:00.000000000,IMBALANCE,"[249, 140]"
2019-06-28 13:01:00.000000000,HOLDINGS_UPDATED,"{'CASH': 34695856, 'JPM': -256}"
2019-06-28 13:02:00.000000000,BID_DEPTH,"[(100777, 174)]"
2019-06-28 13:02:00.000000000,ASK_DEPTH,"[(100822, 65)]"
2019-06-28 13:02:00.000000000,IMBALANCE,"[174, 65]"
2019-06-28 13:02:00.000000000,HOLDINGS_UPDATED,"{'CASH': 33889280, 'JPM': -248}"
2019-06-28 13:03:00.000000000,BID_DEPTH,"[(100651, 398)]"
2019-06-28 13:03:00.000000000,ASK_DEPTH,"[(100836, 289)]"
2019-06-28 13:03:00.000000000,IMBALANCE,"[398, 289]"
2019-06-28 13:03:00.000000000,HOLDINGS_UPDATED,"{'CASH': 33082592, 'JPM': -240}"
2019-06-28 13:04:00.000000000,BID_DEPTH,"[(100651, 201)]"
2019-06-28 13:04:00.000000000,ASK_DEPTH,"[(100736, 92)]"
2019-06-28 13:04:00.000000000,IMBALANCE,"[201, 92]"
2019-06-28 13:04:00.000000000,HOLDINGS_UPDATED,"{'CASH': 32276704, 'JPM': -232}"
2019-06-28 13:05:00.000000000,BID_DEPTH,"[(100318, 174)]"
2019-06-28 13:05:00.000000000,ASK_DEPTH,"[(100572, 65)]"
2019-06-28 13:05:00.000000000,IMBALANCE,"[174, 65]"
2019-06-28 13:05:00.000000000,HOLDINGS_UPDATED,"{'CASH': 31472128, 'JPM': -224}"
2019-06-28 13:06:00.000000000,BID_DEPTH,"[(100318, 160)]"
2019-06-28 13:06:00.000000000,ASK_DEPTH,"[(100572, 51)]"
2019-06-28 13:06:00.000000000,IMBALANCE,"[160, 51]"
2019-06-28 13:06:00.000000000,HOLDINGS_UPDATED,"{'CASH': 30667552, 'JPM': -216}"
2019-06-28 13:07:00.000000000,BID_DEPTH,"[(100318, 1)]"
2019-06-28 13:07:00.000000000,ASK_DEPTH,"[(100547, 166)]"
2019-06-28 13:07:00.000000000,IMBALANCE,"[1, 166]"
2019-06-28 13:07:00.000000000,HOLDINGS_UPDATED,"{'CASH': 29863176, 'JPM': -208}"
2019-06-28 13:08:00.000000000,BID_DEPTH,"[(100294, 398)]"
2019-06-28 13:08:00.000000000,ASK_DEPTH,"[(100546, 289)]"
2019-06-28 13:08:00.000000000,IMBALANCE,"[398, 289]"
2019-06-28 13:08:00.000000000,HOLDINGS_UPDATED,"{'CASH': 29058808, 'JPM': -200}"
2019-06-28 13:09:00.000000000,BID_DEPTH,"[(100345, 160)]"
2019-06-28 13:09:00.000000000,ASK_DEPTH,"[(100547, 15)]"
2019-06-28 13:09:00.000000000,IMBALANCE,"[160, 15]"
2019-06-28 13:09:00.000000000,HOLDINGS_UPDATED,"{'CASH': 28254432, 'JPM': -192}"
2019-06-28 13:10:00.000000000,BID_DEPTH,"[(100547, 102)]"
2019-06-28 13:10:00.000000000,ASK_DEPTH,"[(100572, 80)]"
2019-06-28 13:10:00.000000000,IMBALANCE,"[102, 80]"
2019-06-28 13:10:00.000000000,HOLDINGS_UPDATED,"{'CASH': 27449856, 'JPM': -184}"
2019-06-28 13:11:00.000000000,BID_DEPTH,"[(100547, 102)]"
2019-06-28 13:11:00.000000000,ASK_DEPTH,"[(100560, 92)]"
2019-06-28 13:11:00.000000000,IMBALANCE,"[102, 92]"
2019-06-28 13:11:00.000000000,HOLDINGS_UPDATED,"{'CASH': 26645376, 'JPM': -176}"
2019-06-28 13:12:00.000000000,BID_DEPTH,"[(100431, 201)]"
2019-06-28 13:12:00.000000000,ASK_DEPTH,"[(100576, 92)]"
2019-06-28 13:12:00.000000000,IMBALANCE,"[201, 92]"
2019-06-28 13:12:00.000000000,HOLDINGS_UPDATED,"{'CASH': 25840768, 'JPM': -168}"
2019-06-28 13:13:00.000000000,BID_DEPTH,"[(100375, 51)]"
2019-06-28 13:13:00.000000000,ASK_DEPTH,"[(100431, 160)]"
2019-06-28 13:13:00.000000000,IMBALANCE,"[51, 160]"
2019-06-28 13:13:00.000000000,HOLDINGS_UPDATED,"{'CASH': 26643768, 'JPM': -176}"
2019-06-28 13:14:00.000000000,BID_DEPTH,"[(100345, 289)]"
2019-06-28 13:14:00.000000000,ASK_DEPTH,"[(100431, 398)]"
2019-06-28 13:14:00.000000000,IMBALANCE,"[289, 398]"
2019-06-28 13:14:00.000000000,HOLDINGS_UPDATED,"{'CASH': 27446528, 'JPM': -184}"
2019-06-28 13:15:00.000000000,BID_DEPTH,"[(100294, 289)]"
2019-06-28 13:15:00.000000000,ASK_DEPTH,"[(100324, 398)]"
2019-06-28 13:15:00.000000000,IMBALANCE,"[289, 398]"
2019-06-28 13:15:00.000000000,HOLDINGS_UPDATED,"{'CASH': 28248880, 'JPM': -192}"
2019-06-28 13:16:00.000000000,BID_DEPTH,"[(100217, 289)]"
2019-06-28 13:16:00.000000000,ASK_DEPTH,"[(100324, 398)]"
2019-06-28 13:16:00.000000000,IMBALANCE,"[289, 398]"
2019-06-28 13:16:00.000000000,HOLDINGS_UPDATED,"{'CASH': 29050616, 'JPM': -200}"
2019-06-28 13:17:00.000000000,BID_DEPTH,"[(100217, 65)]"
2019-06-28 13:17:00.000000000,ASK_DEPTH,"[(100360, 174)]"
2019-06-28 13:17:00.000000000,IMBALANCE,"[65, 174]"
2019-06-28 13:17:00.000000000,HOLDINGS_UPDATED,"{'CASH': 29852352, 'JPM': -208}"
2019-06-28 13:18:00.000000000,BID_DEPTH,"[(100170, 51)]"
2019-06-28 13:18:00.000000000,ASK_DEPTH,"[(100227, 160)]"
2019-06-28 13:18:00.000000000,IMBALANCE,"[51, 160]"
2019-06-28 13:18:00.000000000,HOLDINGS_UPDATED,"{'CASH': 30653712, 'JPM': -216}"
2019-06-28 13:19:00.000000000,BID_DEPTH,"[(100227, 32)]"
2019-06-28 13:19:00.000000000,ASK_DEPTH,"[(100360, 201)]"
2019-06-28 13:19:00.000000000,IMBALANCE,"[32, 201]"
2019-06-28 13:19:00.000000000,HOLDINGS_UPDATED,"{'CASH': 31455528, 'JPM': -224}"
2019-06-28 13:20:00.000000000,BID_DEPTH,"[(100227, 240)]"
2019-06-28 13:20:00.000000000,ASK_DEPTH,"[(100360, 249)]"
2019-06-28 13:20:00.000000000,IMBALANCE,"[240, 249]"
2019-06-28 13:20:00.000000000,HOLDINGS_UPDATED,"{'CASH': 32257344, 'JPM': -232}"
2019-06-28 13:21:00.000000000,BID_DEPTH,"[(100126, 51)]"
2019-06-28 13:21:00.000000000,ASK_DEPTH,"[(100360, 160)]"
2019-06-28 13:21:00.000000000,IMBALANCE,"[51, 160]"
2019-06-28 13:21:00.000000000,HOLDINGS_UPDATED,"{'CASH': 33058352, 'JPM': -240}"
2019-06-28 13:22:00.000000000,BID_DEPTH,"[(100063, 92)]"
2019-06-28 13:22:00.000000000,ASK_DEPTH,"[(100126, 178)]"
2019-06-28 13:22:00.000000000,IMBALANCE,"[92, 178]"
2019-06-28 13:22:00.000000000,HOLDINGS_UPDATED,"{'CASH': 33858856, 'JPM': -248}"
2019-06-28 13:23:00.000000000,BID_DEPTH,"[(100063, 57)]"
2019-06-28 13:23:00.000000000,ASK_DEPTH,"[(100360, 160)]"
2019-06-28 13:23:00.000000000,IMBALANCE,"[57, 160]"
2019-06-28 13:23:00.000000000,HOLDINGS_UPDATED,"{'CASH': 34659360, 'JPM': -256}"
2019-06-28 13:24:00.000000000,BID_DEPTH,"[(100025, 51)]"
2019-06-28 13:24:00.000000000,ASK_DEPTH,"[(100438, 160)]"
2019-06-28 13:24:00.000000000,IMBALANCE,"[51, 160]"
2019-06-28 13:24:00.000000000,HOLDINGS_UPDATED,"{'CASH': 35459560, 'JPM': -264}"
2019-06-28 13:25:00.000000000,BID_DEPTH,"[(100025, 51)]"
2019-06-28 13:25:00.000000000,ASK_DEPTH,"[(100813, 160)]"
2019-06-28 13:25:00.000000000,IMBALANCE,"[51, 160]"
2019-06-28 13:25:00.000000000,HOLDINGS_UPDATED,"{'CASH': 36259760, 'JPM': -272}"
2019-06-28 13:26:00.000000000,BID_DEPTH,"[(100777, 92)]"
2019-06-28 13:26:00.000000000,ASK_DEPTH,"[(100813, 201)]"
2019-06-28 13:26:00.000000000,IMBALANCE,"[92, 201]"
2019-06-28 13:26:00.000000000,HOLDINGS_UPDATED,"{'CASH': 37065976, 'JPM': -280}"
2019-06-28 13:27:00.000000000,BID_DEPTH,"[(100736, 140)]"
2019-06-28 13:27:00.000000000,ASK_DEPTH,"[(100777, 185)]"
2019-06-28 13:27:00.000000000,IMBALANCE,"[140, 185]"
2019-06-28 13:27:00.000000000,HOLDINGS_UPDATED,"{'CASH': 37871864, 'JPM': -288}"
2019-06-28 13:28:00.000000000,BID_DEPTH,"[(100697, 289)]"
2019-06-28 13:28:00.000000000,ASK_DEPTH,"[(100777, 334)]"
2019-06-28 13:28:00.000000000,IMBALANCE,"[289, 334]"
2019-06-28 13:28:00.000000000,HOLDINGS_UPDATED,"{'CASH': 38677440, 'JPM': -296}"
2019-06-28 13:29:00.000000000,BID_DEPTH,"[(100361, 140)]"
2019-06-28 13:29:00.000000000,ASK_DEPTH,"[(100697, 249)]"
2019-06-28 13:29:00.000000000,IMBALANCE,"[140, 249]"
2019-06-28 13:29:00.000000000,HOLDINGS_UPDATED,"{'CASH': 39480328, 'JPM': -304}"
2019-06-28 13:30:00.000000000,BID_DEPTH,"[(100571, 289)]"
2019-06-28 13:30:00.000000000,ASK_DEPTH,"[(100697, 398)]"
2019-06-28 13:30:00.000000000,IMBALANCE,"[289, 398]"
2019-06-28 13:30:00.000000000,HOLDINGS_UPDATED,"{'CASH': 40284896, 'JPM': -312}"
2019-06-28 13:31:00.000000000,BID_DEPTH,"[(100012, 51)]"
2019-06-28 13:31:00.000000000,ASK_DEPTH,"[(100571, 260)]"
2019-06-28 13:31:00.000000000,IMBALANCE,"[51, 260]"
2019-06-28 13:31:00.000000000,HOLDINGS_UPDATED,"{'CASH': 41084992, 'JPM': -320}"
2019-06-28 13:32:00.000000000,BID_DEPTH,"[(99927, 92)]"
2019-06-28 13:32:00.000000000,ASK_DEPTH,"[(100027, 201)]"
2019-06-28 13:32:00.000000000,IMBALANCE,"[92, 201]"
2019-06-28 13:32:00.000000000,HOLDINGS_UPDATED,"{'CASH': 41884408, 'JPM': -328}"
2019-06-28 13:33:00.000000000,BID_DEPTH,"[(99938, 289)]"
2019-06-28 13:33:00.000000000,ASK_DEPTH,"[(100027, 398)]"
2019-06-28 13:33:00.000000000,IMBALANCE,"[289, 398]"
2019-06-28 13:33:00.000000000,HOLDINGS_UPDATED,"{'CASH': 42683912, 'JPM': -336}"
2019-06-28 13:34:00.000000000,BID_DEPTH,"[(100294, 289)]"
2019-06-28 13:34:00.000000000,ASK_DEPTH,"[(100571, 498)]"
2019-06-28 13:34:00.000000000,IMBALANCE,"[289, 498]"
2019-06-28 13:34:00.000000000,HOLDINGS_UPDATED,"{'CASH': 43486264, 'JPM': -344}"
2019-06-28 13:35:00.000000000,BID_DEPTH,"[(99927, 53)]"
2019-06-28 13:35:00.000000000,ASK_DEPTH,"[(99938, 2)]"
2019-06-28 13:35:00.000000000,IMBALANCE,"[53, 2]"
2019-06-28 13:35:00.000000000,HOLDINGS_UPDATED,"{'CASH': 44285680, 'JPM': -352}"
2019-06-28 13:36:00.000000000,BID_DEPTH,"[(99876, 140)]"
2019-06-28 13:36:00.000000000,ASK_DEPTH,"[(99927, 183)]"
2019-06-28 13:36:00.000000000,IMBALANCE,"[140, 183]"
2019-06-28 13:36:00.000000000,HOLDINGS_UPDATED,"{'CASH': 45084688, 'JPM': -360}"
2019-06-28 13:37:00.000000000,BID_DEPTH,"[(99716, 140)]"
2019-06-28 13:37:00.000000000,ASK_DEPTH,"[(99876, 183)]"
2019-06-28 13:37:00.000000000,IMBALANCE,"[140, 183]"
2019-06-28 13:37:00.000000000,HOLDINGS_UPDATED,"{'CASH': 45882416, 'JPM': -368}"
2019-06-28 13:38:00.000000000,BID_DEPTH,"[(99703, 198)]"
2019-06-28 13:38:00.000000000,ASK_DEPTH,"[(99716, 2)]"
2019-06-28 13:38:00.000000000,IMBALANCE,"[198, 2]"
2019-06-28 13:38:00.000000000,HOLDINGS_UPDATED,"{'CASH': 46680040, 'JPM': -376}"
2019-06-28 13:39:00.000000000,BID_DEPTH,"[(99698, 140)]"
2019-06-28 13:39:00.000000000,ASK_DEPTH,"[(99871, 249)]"
2019-06-28 13:39:00.000000000,IMBALANCE,"[140, 249]"
2019-06-28 13:39:00.000000000,HOLDINGS_UPDATED,"{'CASH': 47477624, 'JPM': -384}"
2019-06-28 13:40:00.000000000,BID_DEPTH,"[(99610, 140)]"
2019-06-28 13:40:00.000000000,ASK_DEPTH,"[(99698, 183)]"
2019-06-28 13:40:00.000000000,IMBALANCE,"[140, 183]"
2019-06-28 13:40:00.000000000,HOLDINGS_UPDATED,"{'CASH': 48274504, 'JPM': -392}"
2019-06-28 13:41:00.000000000,BID_DEPTH,"[(99246, 289)]"
2019-06-28 13:41:00.000000000,ASK_DEPTH,"[(99610, 332)]"
2019-06-28 13:41:00.000000000,IMBALANCE,"[289, 332]"
2019-06-28 13:41:00.000000000,HOLDINGS_UPDATED,"{'CASH': 49068472, 'JPM': -400}"
2019-06-28 13:42:00.000000000,BID_DEPTH,"[(99200, 147)]"
2019-06-28 13:42:00.000000000,ASK_DEPTH,"[(99246, 2)]"
2019-06-28 13:42:00.000000000,IMBALANCE,"[147, 2]"
2019-06-28 13:42:00.000000000,HOLDINGS_UPDATED,"{'CASH': 49862072, 'JPM': -408}"
2019-06-28 13:43:00.000000000,BID_DEPTH,"[(99204, 140)]"
2019-06-28 13:43:00.000000000,ASK_DEPTH,"[(99385, 249)]"
2019-06-28 13:43:00.000000000,IMBALANCE,"[140, 249]"
2019-06-28 13:43:00.000000000,HOLDINGS_UPDATED,"{'CASH': 50655704, 'JPM': -416}"
2019-06-28 13:44:00.000000000,BID_DEPTH,"[(99204, 195)]"
2019-06-28 13:44:00.000000000,ASK_DEPTH,"[(99385, 398)]"
2019-06-28 13:44:00.000000000,IMBALANCE,"[195, 398]"
2019-06-28 13:44:00.000000000,HOLDINGS_UPDATED,"{'CASH': 51449336, 'JPM': -424}"
2019-06-28 13:45:00.000000000,BID_DEPTH,"[(99200, 191)]"
2019-06-28 13:45:00.000000000,ASK_DEPTH,"[(99417, 249)]"
2019-06-28 13:45:00.000000000,IMBALANCE,"[191, 249]"
2019-06-28 13:45:00.000000000,HOLDINGS_UPDATED,"{'CASH': 52242936, 'JPM': -432}"
2019-06-28 13:46:00.000000000,BID_DEPTH,"[(98891, 147)]"
2019-06-28 13:46:00.000000000,ASK_DEPTH,"[(99200, 2)]"
2019-06-28 13:46:00.000000000,IMBALANCE,"[147, 2]"
2019-06-28 13:46:00.000000000,HOLDINGS_UPDATED,"{'CASH': 53034064, 'JPM': -440}"
2019-06-28 13:47:00.000000000,BID_DEPTH,"[(99147, 140)]"
2019-06-28 13:47:00.000000000,ASK_DEPTH,"[(99213, 249)]"
2019-06-28 13:47:00.000000000,IMBALANCE,"[140, 249]"
2019-06-28 13:47:00.000000000,HOLDINGS_UPDATED,"{'CASH': 53827240, 'JPM': -448}"
2019-06-28 13:48:00.000000000,BID_DEPTH,"[(99147, 57)]"
2019-06-28 13:48:00.000000000,ASK_DEPTH,"[(99417, 160)]"
2019-06-28 13:48:00.000000000,IMBALANCE,"[57, 160]"
2019-06-28 13:48:00.000000000,HOLDINGS_UPDATED,"{'CASH': 54620416, 'JPM': -456}"
2019-06-28 13:49:00.000000000,BID_DEPTH,"[(99045, 147)]"
2019-06-28 13:49:00.000000000,ASK_DEPTH,"[(99147, 2)]"
2019-06-28 13:49:00.000000000,IMBALANCE,"[147, 2]"
2019-06-28 13:49:00.000000000,HOLDINGS_UPDATED,"{'CASH': 55412776, 'JPM': -464}"
2019-06-28 13:50:00.000000000,BID_DEPTH,"[(99045, 191)]"
2019-06-28 13:50:00.000000000,ASK_DEPTH,"[(99598, 249)]"
2019-06-28 13:50:00.000000000,IMBALANCE,"[191, 249]"
2019-06-28 13:50:00.000000000,HOLDINGS_UPDATED,"{'CASH': 56205136, 'JPM': -472}"
2019-06-28 13:51:00.000000000,BID_DEPTH,"[(99045, 60)]"
2019-06-28 13:51:00.000000000,ASK_DEPTH,"[(99642, 249)]"
2019-06-28 13:51:00.000000000,IMBALANCE,"[60, 249]"
2019-06-28 13:51:00.000000000,HOLDINGS_UPDATED,"{'CASH': 56997496, 'JPM': -480}"
2019-06-28 13:52:00.000000000,BID_DEPTH,"[(99045, 51)]"
2019-06-28 13:52:00.000000000,ASK_DEPTH,"[(99664, 160)]"
2019-06-28 13:52:00.000000000,IMBALANCE,"[51, 160]"
2019-06-28 13:52:00.000000000,HOLDINGS_UPDATED,"{'CASH': 57789856, 'JPM': -488}"
2019-06-28 13:53:00.000000000,BID_DEPTH,"[(99045, 289)]"
2019-06-28 13:53:00.000000000,ASK_DEPTH,"[(99677, 398)]"
2019-06-28 13:53:00.000000000,IMBALANCE,"[289, 398]"
2019-06-28 13:53:00.000000000,HOLDINGS_UPDATED,"{'CASH': 58582216, 'JPM': -496}"
2019-06-28 13:54:00.000000000,BID_DEPTH,"[(98879, 147)]"
2019-06-28 13:54:00.000000000,ASK_DEPTH,"[(98891, 2)]"
2019-06-28 13:54:00.000000000,IMBALANCE,"[147, 2]"
2019-06-28 13:54:00.000000000,HOLDINGS_UPDATED,"{'CASH': 59373248, 'JPM': -504}"
2019-06-28 13:55:00.000000000,BID_DEPTH,"[(98879, 91)]"
2019-06-28 13:55:00.000000000,ASK_DEPTH,"[(99058, 249)]"
2019-06-28 13:55:00.000000000,IMBALANCE,"[91, 249]"
2019-06-28 13:55:00.000000000,HOLDINGS_UPDATED,"{'CASH': 60164280, 'JPM': -512}"
2019-06-28 13:56:00.000000000,BID_DEPTH,"[(98879, 98)]"
2019-06-28 13:56:00.000000000,ASK_DEPTH,"[(99058, 201)]"
2019-06-28 13:56:00.000000000,IMBALANCE,"[98, 201]"
2019-06-28 13:56:00.000000000,HOLDINGS_UPDATED,"{'CASH': 60955312, 'JPM': -520}"
2019-06-28 13:57:00.000000000,BID_DEPTH,"[(98879, 46)]"
2019-06-28 13:57:00.000000000,ASK_DEPTH,"[(99081, 249)]"
2019-06-28 13:57:00.000000000,IMBALANCE,"[46, 249]"
2019-06-28 13:57:00.000000000,HOLDINGS_UPDATED,"{'CASH': 61746344, 'JPM': -528}"
2019-06-28 13:58:00.000000000,BID_DEPTH,"[(98879, 495)]"
2019-06-28 13:58:00.000000000,ASK_DEPTH,"[(99081, 398)]"
2019-06-28 13:58:00.000000000,IMBALANCE,"[495, 398]"
2019-06-28 13:58:00.000000000,HOLDINGS_UPDATED,"{'CASH': 62537376, 'JPM': -536}"
2019-06-28 13:59:00.000000000,BID_DEPTH,"[(98879, 215)]"
2019-06-28 13:59:00.000000000,ASK_DEPTH,"[(99653, 249)]"
2019-06-28 13:59:00.000000000,IMBALANCE,"[215, 249]"
2019-06-28 13:59:00.000000000,HOLDINGS_UPDATED,"{'CASH': 63328408, 'JPM': -544}"
2019-06-28 14:00:00.000000000,BID_DEPTH,"[(98879, 78)]"
2019-06-28 14:00:00.000000000,ASK_DEPTH,"[(99437, 249)]"
2019-06-28 14:00:00.000000000,IMBALANCE,"[78, 249]"
2019-06-28 14:00:00.000000000,HOLDINGS_UPDATED,"{'CASH': 64119440, 'JPM': -552}"
2019-06-28 14:01:00.000000000,BID_DEPTH,"[(98542, 140)]"
2019-06-28 14:01:00.000000000,ASK_DEPTH,"[(99437, 249)]"
2019-06-28 14:01:00.000000000,IMBALANCE,"[140, 249]"
2019-06-28 14:01:00.000000000,HOLDINGS_UPDATED,"{'CASH': 64907776, 'JPM': -560}"
2019-06-28 14:02:00.000000000,BID_DEPTH,"[(98542, 289)]"
2019-06-28 14:02:00.000000000,ASK_DEPTH,"[(99653, 398)]"
2019-06-28 14:02:00.000000000,IMBALANCE,"[289, 398]"
2019-06-28 14:02:00.000000000,HOLDINGS_UPDATED,"{'CASH': 65696112, 'JPM': -568}"
2019-06-28 14:03:00.000000000,BID_DEPTH,"[(99376, 140)]"
2019-06-28 14:03:00.000000000,ASK_DEPTH,"[(99728, 249)]"
2019-06-28 14:03:00.000000000,IMBALANCE,"[140, 249]"
2019-06-28 14:03:00.000000000,HOLDINGS_UPDATED,"{'CASH': 66491120, 'JPM': -576}"
2019-06-28 14:04:00.000000000,BID_DEPTH,"[(98229, 65)]"
2019-06-28 14:04:00.000000000,ASK_DEPTH,"[(99733, 174)]"
2019-06-28 14:04:00.000000000,IMBALANCE,"[65, 174]"
2019-06-28 14:04:00.000000000,HOLDINGS_UPDATED,"{'CASH': 67276952, 'JPM': -584}"
2019-06-28 14:05:00.000000000,BID_DEPTH,[]
2019-06-28 14:05:00.000000000,ASK_DEPTH,"[(99738, 100)]"
2019-06-28 14:05:00.000000000,IMBALANCE,"[0, 100]"
2019-06-28 14:06:00.000000000,BID_DEPTH,[]
2019-06-28 14:06:00.000000000,ASK_DEPTH,"[(99738, 100)]"
2019-06-28 14:06:00.000000000,IMBALANCE,"[0, 100]"
2019-06-28 14:07:00.000000000,BID_DEPTH,"[(98229, 140)]"
2019-06-28 14:07:00.000000000,ASK_DEPTH,"[(99759, 249)]"
2019-06-28 14:07:00.000000000,IMBALANCE,"[140, 249]"
2019-06-28 14:07:00.000000000,HOLDINGS_UPDATED,"{'CASH': 68062784, 'JPM': -592}"
2019-06-28 14:08:00.000000000,BID_DEPTH,"[(98229, 65)]"
2019-06-28 14:08:00.000000000,ASK_DEPTH,"[(99876, 108)]"
2019-06-28 14:08:00.000000000,IMBALANCE,"[65, 108]"
2019-06-28 14:08:00.000000000,HOLDINGS_UPDATED,"{'CASH': 68848616, 'JPM': -600}"
2019-06-28 14:09:00.000000000,BID_DEPTH,"[(99938, 213)]"
2019-06-28 14:09:00.000000000,ASK_DEPTH,"[(99980, 398)]"
2019-06-28 14:09:00.000000000,IMBALANCE,"[213, 398]"
2019-06-28 14:09:00.000000000,HOLDINGS_UPDATED,"{'CASH': 69648120, 'JPM': -608}"
2019-06-28 14:10:00.000000000,BID_DEPTH,"[(99938, 151)]"
2019-06-28 14:10:00.000000000,ASK_DEPTH,"[(99980, 160)]"
2019-06-28 14:10:00.000000000,IMBALANCE,"[151, 160]"
2019-06-28 14:10:00.000000000,HOLDINGS_UPDATED,"{'CASH': 70447624, 'JPM': -616}"
2019-06-28 14:11:00.000000000,BID_DEPTH,"[(99894, 51)]"
2019-06-28 14:11:00.000000000,ASK_DEPTH,"[(99980, 160)]"
2019-06-28 14:11:00.000000000,IMBALANCE,"[51, 160]"
2019-06-28 14:11:00.000000000,HOLDINGS_UPDATED,"{'CASH': 71246776, 'JPM': -624}"
2019-06-28 14:12:00.000000000,BID_DEPTH,"[(99894, 240)]"
2019-06-28 14:12:00.000000000,ASK_DEPTH,"[(99980, 249)]"
2019-06-28 14:12:00.000000000,IMBALANCE,"[240, 249]"
2019-06-28 14:12:00.000000000,HOLDINGS_UPDATED,"{'CASH': 72045928, 'JPM': -632}"
2019-06-28 14:13:00.000000000,BID_DEPTH,"[(99894, 28)]"
2019-06-28 14:13:00.000000000,ASK_DEPTH,"[(99980, 174)]"
2019-06-28 14:13:00.000000000,IMBALANCE,"[28, 174]"
2019-06-28 14:13:00.000000000,HOLDINGS_UPDATED,"{'CASH': 72845080, 'JPM': -640}"
2019-06-28 14:14:00.000000000,BID_DEPTH,"[(99622, 119)]"
2019-06-28 14:14:00.000000000,ASK_DEPTH,"[(99876, 2)]"
2019-06-28 14:14:00.000000000,IMBALANCE,"[119, 2]"
2019-06-28 14:14:00.000000000,HOLDINGS_UPDATED,"{'CASH': 73642056, 'JPM': -648}"
2019-06-28 14:15:00.000000000,BID_DEPTH,"[(98229, 140)]"
2019-06-28 14:15:00.000000000,ASK_DEPTH,"[(98567, 249)]"
2019-06-28 14:15:00.000000000,IMBALANCE,"[140, 249]"
2019-06-28 14:15:00.000000000,HOLDINGS_UPDATED,"{'CASH': 74427888, 'JPM': -656}"
2019-06-28 14:16:00.000000000,BID_DEPTH,"[(98141, 198)]"
2019-06-28 14:16:00.000000000,ASK_DEPTH,"[(98229, 2)]"
2019-06-28 14:16:00.000000000,IMBALANCE,"[198, 2]"
2019-06-28 14:16:00.000000000,HOLDINGS_UPDATED,"{'CASH': 75213016, 'JPM': -664}"
2019-06-28 14:17:00.000000000,BID_DEPTH,"[(98080, 140)]"
2019-06-28 14:17:00.000000000,ASK_DEPTH,"[(98171, 249)]"
2019-06-28 14:17:00.000000000,IMBALANCE,"[140, 249]"
2019-06-28 14:17:00.000000000,HOLDINGS_UPDATED,"{'CASH': 75997656, 'JPM': -672}"
2019-06-28 14:18:00.000000000,BID_DEPTH,"[(98080, 146)]"
2019-06-28 14:18:00.000000000,ASK_DEPTH,"[(98171, 249)]"
2019-06-28 14:18:00.000000000,IMBALANCE,"[146, 249]"
2019-06-28 14:18:00.000000000,HOLDINGS_UPDATED,"{'CASH': 76782296, 'JPM': -680}"
2019-06-28 14:19:00.000000000,BID_DEPTH,"[(98080, 46)]"
2019-06-28 14:19:00.000000000,ASK_DEPTH,"[(98229, 150)]"
2019-06-28 14:19:00.000000000,IMBALANCE,"[46, 150]"
2019-06-28 14:19:00.000000000,HOLDINGS_UPDATED,"{'CASH': 77566936, 'JPM': -688}"
2019-06-28 14:20:00.000000000,BID_DEPTH,"[(98205, 92)]"
2019-06-28 14:20:00.000000000,ASK_DEPTH,"[(98229, 102)]"
2019-06-28 14:20:00.000000000,IMBALANCE,"[92, 102]"
2019-06-28 14:20:00.000000000,HOLDINGS_UPDATED,"{'CASH': 78352576, 'JPM': -696}"
2019-06-28 14:21:00.000000000,BID_DEPTH,"[(98157, 140)]"
2019-06-28 14:21:00.000000000,ASK_DEPTH,"[(99876, 151)]"
2019-06-28 14:21:00.000000000,IMBALANCE,"[140, 151]"
2019-06-28 14:21:00.000000000,HOLDINGS_UPDATED,"{'CASH': 79137832, 'JPM': -704}"
2019-06-28 14:22:00.000000000,BID_DEPTH,"[(98157, 65)]"
2019-06-28 14:22:00.000000000,ASK_DEPTH,"[(98318, 174)]"
2019-06-28 14:22:00.000000000,IMBALANCE,"[65, 174]"
2019-06-28 14:22:00.000000000,HOLDINGS_UPDATED,"{'CASH': 79923088, 'JPM': -712}"
2019-06-28 14:23:00.000000000,BID_DEPTH,"[(98205, 289)]"
2019-06-28 14:23:00.000000000,ASK_DEPTH,"[(98465, 398)]"
2019-06-28 14:23:00.000000000,IMBALANCE,"[289, 398]"
2019-06-28 14:23:00.000000000,HOLDINGS_UPDATED,"{'CASH': 80708728, 'JPM': -720}"
2019-06-28 14:24:00.000000000,BID_DEPTH,"[(98465, 140)]"
2019-06-28 14:24:00.000000000,ASK_DEPTH,"[(98758, 249)]"
2019-06-28 14:24:00.000000000,IMBALANCE,"[140, 249]"
2019-06-28 14:24:00.000000000,HOLDINGS_UPDATED,"{'CASH': 81496448, 'JPM': -728}"
2019-06-28 14:25:00.000000000,BID_DEPTH,"[(98206, 289)]"
2019-06-28 14:25:00.000000000,ASK_DEPTH,"[(98758, 398)]"
2019-06-28 14:25:00.000000000,IMBALANCE,"[289, 398]"
2019-06-28 14:25:00.000000000,HOLDINGS_UPDATED,"{'CASH': 82282096, 'JPM': -736}"
2019-06-28 14:26:00.000000000,BID_DEPTH,"[(98206, 165)]"
2019-06-28 14:26:00.000000000,ASK_DEPTH,"[(98758, 174)]"
2019-06-28 14:26:00.000000000,IMBALANCE,"[165, 174]"
2019-06-28 14:26:00.000000000,HOLDINGS_UPDATED,"{'CASH': 83067744, 'JPM': -744}"
2019-06-28 14:27:00.000000000,BID_DEPTH,"[(98206, 14)]"
2019-06-28 14:27:00.000000000,ASK_DEPTH,"[(98989, 160)]"
2019-06-28 14:27:00.000000000,IMBALANCE,"[14, 160]"
2019-06-28 14:27:00.000000000,HOLDINGS_UPDATED,"{'CASH': 83853392, 'JPM': -752}"
2019-06-28 14:28:00.000000000,BID_DEPTH,"[(98205, 72)]"
2019-06-28 14:28:00.000000000,ASK_DEPTH,"[(98206, 3)]"
2019-06-28 14:28:00.000000000,IMBALANCE,"[72, 3]"
2019-06-28 14:28:00.000000000,HOLDINGS_UPDATED,"{'CASH': 84639032, 'JPM': -760}"
2019-06-28 14:29:00.000000000,BID_DEPTH,"[(98157, 225)]"
2019-06-28 14:29:00.000000000,ASK_DEPTH,"[(98205, 2)]"
2019-06-28 14:29:00.000000000,IMBALANCE,"[225, 2]"
2019-06-28 14:29:00.000000000,HOLDINGS_UPDATED,"{'CASH': 85424288, 'JPM': -768}"
2019-06-28 14:30:00.000000000,BID_DEPTH,"[(98157, 294)]"
2019-06-28 14:30:00.000000000,ASK_DEPTH,"[(98205, 62)]"
2019-06-28 14:30:00.000000000,IMBALANCE,"[294, 62]"
2019-06-28 14:30:00.000000000,HOLDINGS_UPDATED,"{'CASH': 86209544, 'JPM': -776}"
2019-06-28 14:31:00.000000000,BID_DEPTH,"[(98157, 372)]"
2019-06-28 14:31:00.000000000,ASK_DEPTH,"[(98205, 3)]"
2019-06-28 14:31:00.000000000,IMBALANCE,"[372, 3]"
2019-06-28 14:31:00.000000000,HOLDINGS_UPDATED,"{'CASH': 86994800, 'JPM': -784}"
2019-06-28 14:32:00.000000000,BID_DEPTH,"[(98205, 2)]"
2019-06-28 14:32:00.000000000,ASK_DEPTH,"[(99876, 76)]"
2019-06-28 14:32:00.000000000,IMBALANCE,"[2, 76]"
2019-06-28 14:32:00.000000000,HOLDINGS_UPDATED,"{'CASH': 87191210, 'JPM': -786}"
2019-06-28 14:33:00.000000000,BID_DEPTH,"[(98158, 31)]"
2019-06-28 14:33:00.000000000,ASK_DEPTH,"[(98205, 66)]"
2019-06-28 14:33:00.000000000,IMBALANCE,"[31, 66]"
2019-06-28 14:33:00.000000000,HOLDINGS_UPDATED,"{'CASH': 87976474, 'JPM': -794}"
2019-06-28 14:33:58.162038154,HOLDINGS_UPDATED,"{'CASH': 88565704, 'JPM': -800}"
2019-06-28 14:34:00.000000000,BID_DEPTH,"[(98157, 340)]"
2019-06-28 14:34:00.000000000,ASK_DEPTH,"[(99876, 151)]"
2019-06-28 14:34:00.000000000,IMBALANCE,"[340, 151]"
2019-06-28 14:34:00.000000000,HOLDINGS_UPDATED,"{'CASH': 89350960, 'JPM': -808}"
2019-06-28 14:35:00.000000000,BID_DEPTH,"[(98157, 114)]"
2019-06-28 14:35:00.000000000,ASK_DEPTH,"[(99876, 62)]"
2019-06-28 14:35:00.000000000,IMBALANCE,"[114, 62]"
2019-06-28 14:35:00.000000000,HOLDINGS_UPDATED,"{'CASH': 90136216, 'JPM': -816}"
2019-06-28 14:36:00.000000000,BID_DEPTH,"[(99876, 64)]"
2019-06-28 14:36:00.000000000,ASK_DEPTH,"[(99909, 249)]"
2019-06-28 14:36:00.000000000,IMBALANCE,"[64, 249]"
2019-06-28 14:36:00.000000000,HOLDINGS_UPDATED,"{'CASH': 90935224, 'JPM': -824}"
2019-06-28 14:37:00.000000000,BID_DEPTH,"[(99876, 389)]"
2019-06-28 14:37:00.000000000,ASK_DEPTH,"[(99909, 398)]"
2019-06-28 14:37:00.000000000,IMBALANCE,"[389, 398]"
2019-06-28 14:37:00.000000000,HOLDINGS_UPDATED,"{'CASH': 91734232, 'JPM': -832}"
2019-06-28 14:38:00.000000000,BID_DEPTH,"[(99876, 97)]"
2019-06-28 14:38:00.000000000,ASK_DEPTH,"[(100010, 249)]"
2019-06-28 14:38:00.000000000,IMBALANCE,"[97, 249]"
2019-06-28 14:38:00.000000000,HOLDINGS_UPDATED,"{'CASH': 92533240, 'JPM': -840}"
2019-06-28 14:39:00.000000000,BID_DEPTH,"[(98157, 66)]"
2019-06-28 14:39:00.000000000,ASK_DEPTH,"[(100037, 249)]"
2019-06-28 14:39:00.000000000,IMBALANCE,"[66, 249]"
2019-06-28 14:39:00.000000000,HOLDINGS_UPDATED,"{'CASH': 93318496, 'JPM': -848}"
2019-06-28 14:40:00.000000000,BID_DEPTH,"[(98158, 92)]"
2019-06-28 14:40:00.000000000,ASK_DEPTH,"[(100093, 201)]"
2019-06-28 14:40:00.000000000,IMBALANCE,"[92, 201]"
2019-06-28 14:40:00.000000000,HOLDINGS_UPDATED,"{'CASH': 94103760, 'JPM': -856}"
2019-06-28 14:41:00.000000000,BID_DEPTH,"[(98159, 51)]"
2019-06-28 14:41:00.000000000,ASK_DEPTH,"[(100170, 160)]"
2019-06-28 14:41:00.000000000,IMBALANCE,"[51, 160]"
2019-06-28 14:41:00.000000000,HOLDINGS_UPDATED,"{'CASH': 94889032, 'JPM': -864}"
2019-06-28 14:42:00.000000000,BID_DEPTH,"[(98158, 65)]"
2019-06-28 14:42:00.000000000,ASK_DEPTH,"[(100209, 174)]"
2019-06-28 14:42:00.000000000,IMBALANCE,"[65, 174]"
2019-06-28 14:42:00.000000000,HOLDINGS_UPDATED,"{'CASH': 95674296, 'JPM': -872}"
2019-06-28 14:43:00.000000000,BID_DEPTH,"[(98080, 46)]"
2019-06-28 14:43:00.000000000,ASK_DEPTH,"[(100344, 249)]"
2019-06-28 14:43:00.000000000,IMBALANCE,"[46, 249]"
2019-06-28 14:43:00.000000000,HOLDINGS_UPDATED,"{'CASH': 96458936, 'JPM': -880}"
2019-06-28 14:44:00.000000000,BID_DEPTH,[]
2019-06-28 14:44:00.000000000,ASK_DEPTH,"[(100344, 100)]"
2019-06-28 14:44:00.000000000,IMBALANCE,"[0, 100]"
2019-06-28 14:45:00.000000000,BID_DEPTH,"[(98080, 140)]"
2019-06-28 14:45:00.000000000,ASK_DEPTH,"[(100344, 249)]"
2019-06-28 14:45:00.000000000,IMBALANCE,"[140, 249]"
2019-06-28 14:45:00.000000000,HOLDINGS_UPDATED,"{'CASH': 97243576, 'JPM': -888}"
2019-06-28 14:46:00.000000000,BID_DEPTH,"[(100344, 200)]"
2019-06-28 14:46:00.000000000,ASK_DEPTH,"[(100407, 51)]"
2019-06-28 14:46:00.000000000,IMBALANCE,"[200, 51]"
2019-06-28 14:46:00.000000000,HOLDINGS_UPDATED,"{'CASH': 96440320, 'JPM': -880}"
2019-06-28 14:47:00.000000000,BID_DEPTH,"[(100603, 174)]"
2019-06-28 14:47:00.000000000,ASK_DEPTH,"[(100747, 65)]"
2019-06-28 14:47:00.000000000,IMBALANCE,"[174, 65]"
2019-06-28 14:47:00.000000000,HOLDINGS_UPDATED,"{'CASH': 95634344, 'JPM': -872}"
2019-06-28 14:48:00.000000000,BID_DEPTH,"[(100747, 306)]"
2019-06-28 14:48:00.000000000,ASK_DEPTH,"[(100869, 140)]"
2019-06-28 14:48:00.000000000,IMBALANCE,"[306, 140]"
2019-06-28 14:48:00.000000000,HOLDINGS_UPDATED,"{'CASH': 94827392, 'JPM': -864}"
2019-06-28 14:49:00.000000000,BID_DEPTH,"[(100747, 455)]"
2019-06-28 14:49:00.000000000,ASK_DEPTH,"[(100982, 289)]"
2019-06-28 14:49:00.000000000,IMBALANCE,"[455, 289]"
2019-06-28 14:49:00.000000000,HOLDINGS_UPDATED,"{'CASH': 94019536, 'JPM': -856}"
2019-06-28 14:50:00.000000000,BID_DEPTH,"[(100982, 169)]"
2019-06-28 14:50:00.000000000,ASK_DEPTH,"[(101006, 140)]"
2019-06-28 14:50:00.000000000,IMBALANCE,"[169, 140]"
2019-06-28 14:50:00.000000000,HOLDINGS_UPDATED,"{'CASH': 93211488, 'JPM': -848}"
2019-06-28 14:51:00.000000000,BID_DEPTH,"[(101006, 94)]"
2019-06-28 14:51:00.000000000,ASK_DEPTH,"[(101197, 51)]"
2019-06-28 14:51:00.000000000,IMBALANCE,"[94, 51]"
2019-06-28 14:51:00.000000000,HOLDINGS_UPDATED,"{'CASH': 92401912, 'JPM': -840}"
2019-06-28 14:52:00.000000000,BID_DEPTH,"[(101197, 331)]"
2019-06-28 14:52:00.000000000,ASK_DEPTH,"[(101336, 51)]"
2019-06-28 14:52:00.000000000,IMBALANCE,"[331, 51]"
2019-06-28 14:52:00.000000000,HOLDINGS_UPDATED,"{'CASH': 91591224, 'JPM': -832}"
2019-06-28 14:53:00.000000000,BID_DEPTH,"[(101197, 569)]"
2019-06-28 14:53:00.000000000,ASK_DEPTH,"[(101623, 289)]"
2019-06-28 14:53:00.000000000,IMBALANCE,"[569, 289]"
2019-06-28 14:53:00.000000000,HOLDINGS_UPDATED,"{'CASH': 90778240, 'JPM': -824}"
2019-06-28 14:54:00.000000000,BID_DEPTH,"[(101623, 2)]"
2019-06-28 14:54:00.000000000,ASK_DEPTH,"[(101627, 198)]"
2019-06-28 14:54:00.000000000,IMBALANCE,"[2, 198]"
2019-06-28 14:54:00.000000000,HOLDINGS_UPDATED,"{'CASH': 89965224, 'JPM': -816}"
2019-06-28 14:55:00.000000000,BID_DEPTH,"[(101623, 151)]"
2019-06-28 14:55:00.000000000,ASK_DEPTH,"[(101626, 140)]"
2019-06-28 14:55:00.000000000,IMBALANCE,"[151, 140]"
2019-06-28 14:55:00.000000000,HOLDINGS_UPDATED,"{'CASH': 89152216, 'JPM': -808}"
2019-06-28 14:56:00.000000000,BID_DEPTH,"[(101364, 1)]"
2019-06-28 14:56:00.000000000,ASK_DEPTH,"[(101623, 76)]"
2019-06-28 14:56:00.000000000,IMBALANCE,"[1, 76]"
2019-06-28 14:56:00.000000000,HOLDINGS_UPDATED,"{'CASH': 88339232, 'JPM': -800}"
2019-06-28 14:57:00.000000000,BID_DEPTH,"[(101364, 299)]"
2019-06-28 14:57:00.000000000,ASK_DEPTH,"[(101469, 289)]"
2019-06-28 14:57:00.000000000,IMBALANCE,"[299, 289]"
2019-06-28 14:57:00.000000000,HOLDINGS_UPDATED,"{'CASH': 87527480, 'JPM': -792}"
2019-06-28 14:58:00.000000000,BID_DEPTH,"[(101469, 2)]"
2019-06-28 14:58:00.000000000,ASK_DEPTH,"[(101623, 153)]"
2019-06-28 14:58:00.000000000,IMBALANCE,"[2, 153]"
2019-06-28 14:58:00.000000000,HOLDINGS_UPDATED,"{'CASH': 86714496, 'JPM': -784}"
2019-06-28 14:59:00.000000000,BID_DEPTH,"[(101469, 300)]"
2019-06-28 14:59:00.000000000,ASK_DEPTH,"[(101618, 289)]"
2019-06-28 14:59:00.000000000,IMBALANCE,"[300, 289]"
2019-06-28 14:59:00.000000000,HOLDINGS_UPDATED,"{'CASH': 85901552, 'JPM': -776}"
2019-06-28 15:00:00.000000000,BID_DEPTH,"[(101469, 151)]"
2019-06-28 15:00:00.000000000,ASK_DEPTH,"[(101470, 140)]"
2019-06-28 15:00:00.000000000,IMBALANCE,"[151, 140]"
2019-06-28 15:00:00.000000000,HOLDINGS_UPDATED,"{'CASH': 85089792, 'JPM': -768}"
2019-06-28 15:01:00.000000000,BID_DEPTH,"[(101377, 249)]"
2019-06-28 15:01:00.000000000,ASK_DEPTH,"[(101386, 140)]"
2019-06-28 15:01:00.000000000,IMBALANCE,"[249, 140]"
2019-06-28 15:01:00.000000000,HOLDINGS_UPDATED,"{'CASH': 84278704, 'JPM': -760}"
2019-06-28 15:02:00.000000000,BID_DEPTH,"[(101386, 360)]"
2019-06-28 15:02:00.000000000,ASK_DEPTH,"[(101404, 51)]"
2019-06-28 15:02:00.000000000,IMBALANCE,"[360, 51]"
2019-06-28 15:02:00.000000000,HOLDINGS_UPDATED,"{'CASH': 83467472, 'JPM': -752}"
2019-06-28 15:03:00.000000000,BID_DEPTH,"[(101404, 178)]"
2019-06-28 15:03:00.000000000,ASK_DEPTH,"[(101525, 92)]"
2019-06-28 15:03:00.000000000,IMBALANCE,"[178, 92]"
2019-06-28 15:03:00.000000000,HOLDINGS_UPDATED,"{'CASH': 82655272, 'JPM': -744}"
2019-06-28 15:04:00.000000000,BID_DEPTH,"[(101404, 226)]"
2019-06-28 15:04:00.000000000,ASK_DEPTH,"[(101598, 140)]"
2019-06-28 15:04:00.000000000,IMBALANCE,"[226, 140]"
2019-06-28 15:04:00.000000000,HOLDINGS_UPDATED,"{'CASH': 81842488, 'JPM': -736}"
2019-06-28 15:05:00.000000000,BID_DEPTH,"[(101386, 401)]"
2019-06-28 15:05:00.000000000,ASK_DEPTH,"[(101418, 92)]"
2019-06-28 15:05:00.000000000,IMBALANCE,"[401, 92]"
2019-06-28 15:05:00.000000000,HOLDINGS_UPDATED,"{'CASH': 81031144, 'JPM': -728}"
2019-06-28 15:06:00.000000000,BID_DEPTH,"[(101386, 598)]"
2019-06-28 15:06:00.000000000,ASK_DEPTH,"[(101418, 289)]"
2019-06-28 15:06:00.000000000,IMBALANCE,"[598, 289]"
2019-06-28 15:06:00.000000000,HOLDINGS_UPDATED,"{'CASH': 80219800, 'JPM': -720}"
2019-06-28 15:07:00.000000000,BID_DEPTH,"[(101332, 201)]"
2019-06-28 15:07:00.000000000,ASK_DEPTH,"[(101418, 192)]"
2019-06-28 15:07:00.000000000,IMBALANCE,"[201, 192]"
2019-06-28 15:07:00.000000000,HOLDINGS_UPDATED,"{'CASH': 79408456, 'JPM': -712}"
2019-06-28 15:08:00.000000000,BID_DEPTH,"[(101322, 249)]"
2019-06-28 15:08:00.000000000,ASK_DEPTH,"[(101418, 303)]"
2019-06-28 15:08:00.000000000,IMBALANCE,"[249, 303]"
2019-06-28 15:08:00.000000000,HOLDINGS_UPDATED,"{'CASH': 78597112, 'JPM': -704}"
2019-06-28 15:09:00.000000000,BID_DEPTH,"[(101294, 174)]"
2019-06-28 15:09:00.000000000,ASK_DEPTH,"[(101418, 91)]"
2019-06-28 15:09:00.000000000,IMBALANCE,"[174, 91]"
2019-06-28 15:09:00.000000000,HOLDINGS_UPDATED,"{'CASH': 77785768, 'JPM': -696}"
2019-06-28 15:10:00.000000000,BID_DEPTH,"[(101159, 249)]"
2019-06-28 15:10:00.000000000,ASK_DEPTH,"[(101460, 140)]"
2019-06-28 15:10:00.000000000,IMBALANCE,"[249, 140]"
2019-06-28 15:10:00.000000000,HOLDINGS_UPDATED,"{'CASH': 76974088, 'JPM': -688}"
2019-06-28 15:11:00.000000000,BID_DEPTH,"[(101152, 398)]"
2019-06-28 15:11:00.000000000,ASK_DEPTH,"[(101618, 195)]"
2019-06-28 15:11:00.000000000,IMBALANCE,"[398, 195]"
2019-06-28 15:11:00.000000000,HOLDINGS_UPDATED,"{'CASH': 76161144, 'JPM': -680}"
2019-06-28 15:12:00.000000000,BID_DEPTH,"[(101152, 174)]"
2019-06-28 15:12:00.000000000,ASK_DEPTH,"[(101251, 65)]"
2019-06-28 15:12:00.000000000,IMBALANCE,"[174, 65]"
2019-06-28 15:12:00.000000000,HOLDINGS_UPDATED,"{'CASH': 75351136, 'JPM': -672}"
2019-06-28 15:13:00.000000000,BID_DEPTH,"[(101152, 160)]"
2019-06-28 15:13:00.000000000,ASK_DEPTH,"[(101559, 51)]"
2019-06-28 15:13:00.000000000,IMBALANCE,"[160, 51]"
2019-06-28 15:13:00.000000000,HOLDINGS_UPDATED,"{'CASH': 74538664, 'JPM': -664}"
2019-06-28 15:14:00.000000000,BID_DEPTH,"[(101420, 160)]"
2019-06-28 15:14:00.000000000,ASK_DEPTH,"[(101585, 51)]"
2019-06-28 15:14:00.000000000,IMBALANCE,"[160, 51]"
2019-06-28 15:14:00.000000000,HOLDINGS_UPDATED,"{'CASH': 73725984, 'JPM': -656}"
2019-06-28 15:15:00.000000000,BID_DEPTH,"[(101420, 174)]"
2019-06-28 15:15:00.000000000,ASK_DEPTH,"[(101618, 165)]"
2019-06-28 15:15:00.000000000,IMBALANCE,"[174, 165]"
2019-06-28 15:15:00.000000000,HOLDINGS_UPDATED,"{'CASH': 72913040, 'JPM': -648}"
2019-06-28 15:16:00.000000000,BID_DEPTH,"[(101410, 201)]"
2019-06-28 15:16:00.000000000,ASK_DEPTH,"[(101420, 18)]"
2019-06-28 15:16:00.000000000,IMBALANCE,"[201, 18]"
2019-06-28 15:16:00.000000000,HOLDINGS_UPDATED,"{'CASH': 72101680, 'JPM': -640}"
2019-06-28 15:17:00.000000000,BID_DEPTH,"[(101375, 249)]"
2019-06-28 15:17:00.000000000,ASK_DEPTH,"[(101419, 140)]"
2019-06-28 15:17:00.000000000,IMBALANCE,"[249, 140]"
2019-06-28 15:17:00.000000000,HOLDINGS_UPDATED,"{'CASH': 71290328, 'JPM': -632}"
2019-06-28 15:18:00.000000000,BID_DEPTH,"[(101375, 201)]"
2019-06-28 15:18:00.000000000,ASK_DEPTH,"[(101419, 92)]"
2019-06-28 15:18:00.000000000,IMBALANCE,"[201, 92]"
2019-06-28 15:18:00.000000000,HOLDINGS_UPDATED,"{'CASH': 70478976, 'JPM': -624}"
2019-06-28 15:19:00.000000000,BID_DEPTH,"[(101314, 160)]"
2019-06-28 15:19:00.000000000,ASK_DEPTH,"[(101419, 51)]"
2019-06-28 15:19:00.000000000,IMBALANCE,"[160, 51]"
2019-06-28 15:19:00.000000000,HOLDINGS_UPDATED,"{'CASH': 69667624, 'JPM': -616}"
2019-06-28 15:20:00.000000000,BID_DEPTH,"[(101144, 398)]"
2019-06-28 15:20:00.000000000,ASK_DEPTH,"[(101349, 289)]"
2019-06-28 15:20:00.000000000,IMBALANCE,"[398, 289]"
2019-06-28 15:20:00.000000000,HOLDINGS_UPDATED,"{'CASH': 68856832, 'JPM': -608}"
2019-06-28 15:21:00.000000000,BID_DEPTH,"[(101081, 174)]"
2019-06-28 15:21:00.000000000,ASK_DEPTH,"[(101419, 65)]"
2019-06-28 15:21:00.000000000,IMBALANCE,"[174, 65]"
2019-06-28 15:21:00.000000000,HOLDINGS_UPDATED,"{'CASH': 68045480, 'JPM': -600}"
2019-06-28 15:22:00.000000000,BID_DEPTH,"[(101028, 249)]"
2019-06-28 15:22:00.000000000,ASK_DEPTH,"[(101081, 66)]"
2019-06-28 15:22:00.000000000,IMBALANCE,"[249, 66]"
2019-06-28 15:22:00.000000000,HOLDINGS_UPDATED,"{'CASH': 67236832, 'JPM': -592}"
2019-06-28 15:23:00.000000000,BID_DEPTH,"[(100795, 201)]"
2019-06-28 15:23:00.000000000,ASK_DEPTH,"[(100968, 32)]"
2019-06-28 15:23:00.000000000,IMBALANCE,"[201, 32]"
2019-06-28 15:23:00.000000000,HOLDINGS_UPDATED,"{'CASH': 66429088, 'JPM': -584}"
2019-06-28 15:24:00.000000000,BID_DEPTH,"[(100748, 201)]"
2019-06-28 15:24:00.000000000,ASK_DEPTH,"[(101419, 192)]"
2019-06-28 15:24:00.000000000,IMBALANCE,"[201, 192]"
2019-06-28 15:24:00.000000000,HOLDINGS_UPDATED,"{'CASH': 65617736, 'JPM': -576}"
2019-06-28 15:25:00.000000000,BID_DEPTH,"[(100536, 349)]"
2019-06-28 15:25:00.000000000,ASK_DEPTH,"[(100881, 140)]"
2019-06-28 15:25:00.000000000,IMBALANCE,"[349, 140]"
2019-06-28 15:25:00.000000000,HOLDINGS_UPDATED,"{'CASH': 64810688, 'JPM': -568}"
2019-06-28 15:26:00.000000000,BID_DEPTH,"[(100536, 274)]"
2019-06-28 15:26:00.000000000,ASK_DEPTH,"[(101419, 28)]"
2019-06-28 15:26:00.000000000,IMBALANCE,"[274, 28]"
2019-06-28 15:26:00.000000000,HOLDINGS_UPDATED,"{'CASH': 63999336, 'JPM': -560}"
2019-06-28 15:27:00.000000000,BID_DEPTH,"[(100418, 398)]"
2019-06-28 15:27:00.000000000,ASK_DEPTH,"[(101618, 252)]"
2019-06-28 15:27:00.000000000,IMBALANCE,"[398, 252]"
2019-06-28 15:27:00.000000000,HOLDINGS_UPDATED,"{'CASH': 63186392, 'JPM': -552}"
2019-06-28 15:28:00.000000000,BID_DEPTH,"[(100345, 174)]"
2019-06-28 15:28:00.000000000,ASK_DEPTH,"[(100418, 105)]"
2019-06-28 15:28:00.000000000,IMBALANCE,"[174, 105]"
2019-06-28 15:28:00.000000000,HOLDINGS_UPDATED,"{'CASH': 62383048, 'JPM': -544}"
2019-06-28 15:29:00.000000000,BID_DEPTH,"[(100345, 249)]"
2019-06-28 15:29:00.000000000,ASK_DEPTH,"[(100418, 43)]"
2019-06-28 15:29:00.000000000,IMBALANCE,"[249, 43]"
2019-06-28 15:29:00.000000000,HOLDINGS_UPDATED,"{'CASH': 61579704, 'JPM': -536}"
2019-06-28 15:30:00.000000000,BID_DEPTH,"[(100278, 398)]"
2019-06-28 15:30:00.000000000,ASK_DEPTH,"[(100404, 289)]"
2019-06-28 15:30:00.000000000,IMBALANCE,"[398, 289]"
2019-06-28 15:30:00.000000000,HOLDINGS_UPDATED,"{'CASH': 60776472, 'JPM': -528}"
2019-06-28 15:31:00.000000000,BID_DEPTH,"[(100249, 398)]"
2019-06-28 15:31:00.000000000,ASK_DEPTH,"[(100404, 289)]"
2019-06-28 15:31:00.000000000,IMBALANCE,"[398, 289]"
2019-06-28 15:31:00.000000000,HOLDINGS_UPDATED,"{'CASH': 59973240, 'JPM': -520}"
2019-06-28 15:32:00.000000000,BID_DEPTH,"[(100249, 65)]"
2019-06-28 15:32:00.000000000,ASK_DEPTH,"[(100404, 174)]"
2019-06-28 15:32:00.000000000,IMBALANCE,"[65, 174]"
2019-06-28 15:32:00.000000000,HOLDINGS_UPDATED,"{'CASH': 60775232, 'JPM': -528}"
2019-06-28 15:33:00.000000000,BID_DEPTH,"[(99931, 140)]"
2019-06-28 15:33:00.000000000,ASK_DEPTH,"[(100404, 249)]"
2019-06-28 15:33:00.000000000,IMBALANCE,"[140, 249]"
2019-06-28 15:33:00.000000000,HOLDINGS_UPDATED,"{'CASH': 61574680, 'JPM': -536}"
2019-06-28 15:34:00.000000000,BID_DEPTH,"[(99749, 140)]"
2019-06-28 15:34:00.000000000,ASK_DEPTH,"[(100404, 249)]"
2019-06-28 15:34:00.000000000,IMBALANCE,"[140, 249]"
2019-06-28 15:34:00.000000000,HOLDINGS_UPDATED,"{'CASH': 62372672, 'JPM': -544}"
2019-06-28 15:35:00.000000000,BID_DEPTH,"[(99580, 198)]"
2019-06-28 15:35:00.000000000,ASK_DEPTH,"[(99749, 2)]"
2019-06-28 15:35:00.000000000,IMBALANCE,"[198, 2]"
2019-06-28 15:35:00.000000000,HOLDINGS_UPDATED,"{'CASH': 63169312, 'JPM': -552}"
2019-06-28 15:36:00.000000000,BID_DEPTH,"[(99656, 51)]"
2019-06-28 15:36:00.000000000,ASK_DEPTH,"[(99672, 160)]"
2019-06-28 15:36:00.000000000,IMBALANCE,"[51, 160]"
2019-06-28 15:36:00.000000000,HOLDINGS_UPDATED,"{'CASH': 63966560, 'JPM': -560}"
2019-06-28 15:37:00.000000000,BID_DEPTH,"[(99749, 140)]"
2019-06-28 15:37:00.000000000,ASK_DEPTH,"[(100404, 249)]"
2019-06-28 15:37:00.000000000,IMBALANCE,"[140, 249]"
2019-06-28 15:37:00.000000000,HOLDINGS_UPDATED,"{'CASH': 64764552, 'JPM': -568}"
2019-06-28 15:38:00.000000000,BID_DEPTH,"[(99749, 57)]"
2019-06-28 15:38:00.000000000,ASK_DEPTH,"[(100418, 160)]"
2019-06-28 15:38:00.000000000,IMBALANCE,"[57, 160]"
2019-06-28 15:38:00.000000000,HOLDINGS_UPDATED,"{'CASH': 65562544, 'JPM': -576}"
2019-06-28 15:39:00.000000000,BID_DEPTH,"[(99749, 146)]"
2019-06-28 15:39:00.000000000,ASK_DEPTH,"[(100328, 249)]"
2019-06-28 15:39:00.000000000,IMBALANCE,"[146, 249]"
2019-06-28 15:39:00.000000000,HOLDINGS_UPDATED,"{'CASH': 66360536, 'JPM': -584}"
2019-06-28 15:40:00.000000000,BID_DEPTH,"[(100141, 65)]"
2019-06-28 15:40:00.000000000,ASK_DEPTH,"[(100328, 174)]"
2019-06-28 15:40:00.000000000,IMBALANCE,"[65, 174]"
2019-06-28 15:40:00.000000000,HOLDINGS_UPDATED,"{'CASH': 67161664, 'JPM': -592}"
2019-06-28 15:41:00.000000000,BID_DEPTH,"[(100316, 140)]"
2019-06-28 15:41:00.000000000,ASK_DEPTH,"[(100418, 249)]"
2019-06-28 15:41:00.000000000,IMBALANCE,"[140, 249]"
2019-06-28 15:41:00.000000000,HOLDINGS_UPDATED,"{'CASH': 67964192, 'JPM': -600}"
2019-06-28 15:42:00.000000000,BID_DEPTH,"[(100061, 289)]"
2019-06-28 15:42:00.000000000,ASK_DEPTH,"[(100316, 398)]"
2019-06-28 15:42:00.000000000,IMBALANCE,"[289, 398]"
2019-06-28 15:42:00.000000000,HOLDINGS_UPDATED,"{'CASH': 68764680, 'JPM': -608}"
2019-06-28 15:43:00.000000000,BID_DEPTH,"[(100048, 51)]"
2019-06-28 15:43:00.000000000,ASK_DEPTH,"[(100128, 160)]"
2019-06-28 15:43:00.000000000,IMBALANCE,"[51, 160]"
2019-06-28 15:43:00.000000000,HOLDINGS_UPDATED,"{'CASH': 69565064, 'JPM': -616}"
2019-06-28 15:44:00.000000000,BID_DEPTH,"[(99879, 51)]"
2019-06-28 15:44:00.000000000,ASK_DEPTH,"[(100316, 160)]"
2019-06-28 15:44:00.000000000,IMBALANCE,"[51, 160]"
2019-06-28 15:44:00.000000000,HOLDINGS_UPDATED,"{'CASH': 70364096, 'JPM': -624}"
2019-06-28 15:45:00.000000000,BID_DEPTH,"[(100223, 51)]"
2019-06-28 15:45:00.000000000,ASK_DEPTH,"[(100316, 160)]"
2019-06-28 15:45:00.000000000,IMBALANCE,"[51, 160]"
2019-06-28 15:45:00.000000000,HOLDINGS_UPDATED,"{'CASH': 71165880, 'JPM': -632}"
2019-06-28 15:46:00.000000000,BID_DEPTH,"[(100109, 65)]"
2019-06-28 15:46:00.000000000,ASK_DEPTH,"[(100316, 174)]"
2019-06-28 15:46:00.000000000,IMBALANCE,"[65, 174]"
2019-06-28 15:46:00.000000000,HOLDINGS_UPDATED,"{'CASH': 71966752, 'JPM': -640}"
2019-06-28 15:47:00.000000000,BID_DEPTH,"[(99656, 198)]"
2019-06-28 15:47:00.000000000,ASK_DEPTH,"[(99749, 2)]"
2019-06-28 15:47:00.000000000,IMBALANCE,"[198, 2]"
2019-06-28 15:47:00.000000000,HOLDINGS_UPDATED,"{'CASH': 72764000, 'JPM': -648}"
2019-06-28 15:48:00.000000000,BID_DEPTH,"[(99592, 140)]"
2019-06-28 15:48:00.000000000,ASK_DEPTH,"[(99749, 151)]"
2019-06-28 15:48:00.000000000,IMBALANCE,"[140, 151]"
2019-06-28 15:48:00.000000000,HOLDINGS_UPDATED,"{'CASH': 73560736, 'JPM': -656}"
2019-06-28 15:49:00.000000000,BID_DEPTH,"[(99592, 57)]"
2019-06-28 15:49:00.000000000,ASK_DEPTH,"[(99722, 160)]"
2019-06-28 15:49:00.000000000,IMBALANCE,"[57, 160]"
2019-06-28 15:49:00.000000000,HOLDINGS_UPDATED,"{'CASH': 74357472, 'JPM': -664}"
2019-06-28 15:50:00.000000000,BID_DEPTH,"[(99566, 65)]"
2019-06-28 15:50:00.000000000,ASK_DEPTH,"[(99580, 94)]"
2019-06-28 15:50:00.000000000,IMBALANCE,"[65, 94]"
2019-06-28 15:50:00.000000000,HOLDINGS_UPDATED,"{'CASH': 75154000, 'JPM': -672}"
2019-06-28 15:51:00.000000000,BID_DEPTH,"[(99563, 119)]"
2019-06-28 15:51:00.000000000,ASK_DEPTH,"[(99566, 2)]"
2019-06-28 15:51:00.000000000,IMBALANCE,"[119, 2]"
2019-06-28 15:51:00.000000000,HOLDINGS_UPDATED,"{'CASH': 75950504, 'JPM': -680}"
2019-06-28 15:52:00.000000000,BID_DEPTH,"[(99551, 140)]"
2019-06-28 15:52:00.000000000,ASK_DEPTH,"[(99566, 225)]"
2019-06-28 15:52:00.000000000,IMBALANCE,"[140, 225]"
2019-06-28 15:52:00.000000000,HOLDINGS_UPDATED,"{'CASH': 76746912, 'JPM': -688}"
2019-06-28 15:53:00.000000000,BID_DEPTH,"[(99551, 46)]"
2019-06-28 15:53:00.000000000,ASK_DEPTH,"[(99566, 225)]"
2019-06-28 15:53:00.000000000,IMBALANCE,"[46, 225]"
2019-06-28 15:53:00.000000000,HOLDINGS_UPDATED,"{'CASH': 77543320, 'JPM': -696}"
2019-06-28 15:54:00.000000000,BID_DEPTH,"[(99551, 46)]"
2019-06-28 15:54:00.000000000,ASK_DEPTH,"[(99566, 225)]"
2019-06-28 15:54:00.000000000,IMBALANCE,"[46, 225]"
2019-06-28 15:54:00.000000000,HOLDINGS_UPDATED,"{'CASH': 78339728, 'JPM': -704}"
2019-06-28 15:55:00.000000000,BID_DEPTH,"[(99513, 51)]"
2019-06-28 15:55:00.000000000,ASK_DEPTH,"[(99566, 136)]"
2019-06-28 15:55:00.000000000,IMBALANCE,"[51, 136]"
2019-06-28 15:55:00.000000000,HOLDINGS_UPDATED,"{'CASH': 79135832, 'JPM': -712}"
2019-06-28 15:56:00.000000000,BID_DEPTH,"[(99372, 65)]"
2019-06-28 15:56:00.000000000,ASK_DEPTH,"[(99512, 174)]"
2019-06-28 15:56:00.000000000,IMBALANCE,"[65, 174]"
2019-06-28 15:56:00.000000000,HOLDINGS_UPDATED,"{'CASH': 79930808, 'JPM': -720}"
2019-06-28 15:57:00.000000000,BID_DEPTH,"[(99319, 92)]"
2019-06-28 15:57:00.000000000,ASK_DEPTH,"[(99372, 297)]"
2019-06-28 15:57:00.000000000,IMBALANCE,"[92, 297]"
2019-06-28 15:57:00.000000000,HOLDINGS_UPDATED,"{'CASH': 80725360, 'JPM': -728}"
2019-06-28 15:58:00.000000000,BID_DEPTH,"[(99312, 289)]"
2019-06-28 15:58:00.000000000,ASK_DEPTH,"[(99319, 430)]"
2019-06-28 15:58:00.000000000,IMBALANCE,"[289, 430]"
2019-06-28 15:58:00.000000000,HOLDINGS_UPDATED,"{'CASH': 81519856, 'JPM': -736}"
2019-06-28 15:59:00.000000000,BID_DEPTH,"[(99189, 51)]"
2019-06-28 15:59:00.000000000,ASK_DEPTH,"[(99319, 192)]"
2019-06-28 15:59:00.000000000,IMBALANCE,"[51, 192]"
2019-06-28 15:59:00.000000000,HOLDINGS_UPDATED,"{'CASH': 82313368, 'JPM': -744}"
2019-06-28 16:00:00.000000000,BID_DEPTH,"[(98998, 140)]"
2019-06-28 16:00:00.000000000,ASK_DEPTH,"[(99319, 281)]"
2019-06-28 16:00:00.000000000,IMBALANCE,"[140, 281]"
2019-06-28 16:00:00.000000000,HOLDINGS_UPDATED,"{'CASH': 83105352, 'JPM': -752}"
2019-06-28 16:01:00.000000000,BID_DEPTH,"[(98998, 112)]"
2019-06-28 16:01:00.000000000,ASK_DEPTH,"[(99319, 281)]"
2019-06-28 16:01:00.000000000,IMBALANCE,"[112, 281]"
2019-06-28 16:01:00.000000000,MKT_CLOSED,
2019-06-28 16:01:00.000000000,FINAL_HOLDINGS,"{ JPM: -752, CASH: 83105352 }"
2019-06-28 16:01:00.000000000,FINAL_CASH_POSITION,83105352
2019-06-28 16:01:00.000000000,MARK_TO_MARKET,-752 JPM @ 98998 == -74446496
2019-06-28 16:01:00.000000000,MARKED_TO_MARKET,8658856
2019-06-28 16:01:00.000000000,ENDING_CASH,8658856
