EventTime,EventType,Event
,AGENT_TYPE,MomentumAgent
,STARTING_CASH,10000000
2019-06-28 09:30:00,HOLDINGS_UPDATED,{'CASH': 10000000}
2019-06-28 09:31:00,BID_DEPTH,"[(99991, 164)]"
2019-06-28 09:31:00,ASK_DEPTH,"[(100019, 164)]"
2019-06-28 09:31:00,IMBALANCE,"[164, 164]"
2019-06-28 09:32:00,BID_DEPTH,"[(99991, 164)]"
2019-06-28 09:32:00,ASK_DEPTH,"[(100019, 164)]"
2019-06-28 09:32:00,IMBALANCE,"[164, 164]"
2019-06-28 09:33:00,BID_DEPTH,"[(99933, 454)]"
2019-06-28 09:33:00,ASK_DEPTH,"[(100019, 354)]"
2019-06-28 09:33:00,IMBALANCE,"[454, 354]"
2019-06-28 09:34:00,BID_DEPTH,"[(99932, 354)]"
2019-06-28 09:34:00,ASK_DEPTH,"[(100019, 354)]"
2019-06-28 09:34:00,IMBALANCE,"[354, 354]"
2019-06-28 09:35:00,BID_DEPTH,"[(99919, 354)]"
2019-06-28 09:35:00,ASK_DEPTH,"[(100019, 354)]"
2019-06-28 09:35:00,IMBALANCE,"[354, 354]"
2019-06-28 09:36:00,BID_DEPTH,"[(99919, 151)]"
2019-06-28 09:36:00,ASK_DEPTH,"[(99949, 151)]"
2019-06-28 09:36:00,IMBALANCE,"[151, 151]"
2019-06-28 09:37:00,BID_DEPTH,"[(99917, 186)]"
2019-06-28 09:37:00,ASK_DEPTH,"[(99949, 186)]"
2019-06-28 09:37:00,IMBALANCE,"[186, 186]"
2019-06-28 09:38:00,BID_DEPTH,"[(99915, 164)]"
2019-06-28 09:38:00,ASK_DEPTH,"[(99949, 164)]"
2019-06-28 09:38:00,IMBALANCE,"[164, 164]"
2019-06-28 09:39:00,BID_DEPTH,"[(99892, 164)]"
2019-06-28 09:39:00,ASK_DEPTH,"[(99919, 164)]"
2019-06-28 09:39:00,IMBALANCE,"[164, 164]"
2019-06-28 09:40:00,BID_DEPTH,"[(99843, 227)]"
2019-06-28 09:40:00,ASK_DEPTH,"[(99891, 227)]"
2019-06-28 09:40:00,IMBALANCE,"[227, 227]"
2019-06-28 09:41:00,BID_DEPTH,"[(98841, 354)]"
2019-06-28 09:41:00,ASK_DEPTH,"[(99345, 354)]"
2019-06-28 09:41:00,IMBALANCE,"[354, 354]"
2019-06-28 09:42:00,BID_DEPTH,"[(99339, 151)]"
2019-06-28 09:42:00,ASK_DEPTH,"[(99345, 151)]"
2019-06-28 09:42:00,IMBALANCE,"[151, 151]"
2019-06-28 09:43:00,BID_DEPTH,"[(99339, 151)]"
2019-06-28 09:43:00,ASK_DEPTH,"[(99345, 151)]"
2019-06-28 09:43:00,IMBALANCE,"[151, 151]"
2019-06-28 09:44:00,BID_DEPTH,"[(99235, 164)]"
2019-06-28 09:44:00,ASK_DEPTH,"[(99345, 164)]"
2019-06-28 09:44:00,IMBALANCE,"[164, 164]"
2019-06-28 09:45:00,BID_DEPTH,"[(99235, 354)]"
2019-06-28 09:45:00,ASK_DEPTH,"[(99309, 354)]"
2019-06-28 09:45:00,IMBALANCE,"[354, 354]"
2019-06-28 09:46:00,BID_DEPTH,"[(99235, 354)]"
2019-06-28 09:46:00,ASK_DEPTH,"[(99345, 354)]"
2019-06-28 09:46:00,IMBALANCE,"[354, 354]"
2019-06-28 09:47:00,BID_DEPTH,"[(99235, 151)]"
2019-06-28 09:47:00,ASK_DEPTH,"[(99335, 151)]"
2019-06-28 09:47:00,IMBALANCE,"[151, 151]"
2019-06-28 09:48:00,BID_DEPTH,"[(99235, 354)]"
2019-06-28 09:48:00,ASK_DEPTH,"[(99335, 354)]"
2019-06-28 09:48:00,IMBALANCE,"[354, 354]"
2019-06-28 09:49:00,BID_DEPTH,"[(99308, 227)]"
2019-06-28 09:49:00,ASK_DEPTH,"[(99345, 227)]"
2019-06-28 09:49:00,IMBALANCE,"[227, 227]"
2019-06-28 09:50:00,BID_DEPTH,"[(99309, 151)]"
2019-06-28 09:50:00,ASK_DEPTH,"[(99398, 151)]"
2019-06-28 09:50:00,IMBALANCE,"[151, 151]"
2019-06-28 09:51:00,BID_DEPTH,"[(99309, 151)]"
2019-06-28 09:51:00,ASK_DEPTH,"[(99334, 151)]"
2019-06-28 09:51:00,IMBALANCE,"[151, 151]"
2019-06-28 09:52:00,BID_DEPTH,"[(99398, 164)]"
2019-06-28 09:52:00,ASK_DEPTH,"[(99584, 164)]"
2019-06-28 09:52:00,IMBALANCE,"[164, 164]"
2019-06-28 09:53:00,BID_DEPTH,"[(99643, 186)]"
2019-06-28 09:53:00,ASK_DEPTH,"[(99843, 286)]"
2019-06-28 09:53:00,IMBALANCE,"[186, 286]"
2019-06-28 09:54:00,BID_DEPTH,"[(99644, 186)]"
2019-06-28 09:54:00,ASK_DEPTH,"[(99843, 286)]"
2019-06-28 09:54:00,IMBALANCE,"[186, 286]"
2019-06-28 09:55:00,BID_DEPTH,"[(99643, 354)]"
2019-06-28 09:55:00,ASK_DEPTH,"[(99870, 354)]"
2019-06-28 09:55:00,IMBALANCE,"[354, 354]"
2019-06-28 09:56:00,BID_DEPTH,"[(99643, 227)]"
2019-06-28 09:56:00,ASK_DEPTH,"[(99870, 227)]"
2019-06-28 09:56:00,IMBALANCE,"[227, 227]"
2019-06-28 09:57:00,BID_DEPTH,"[(99643, 164)]"
2019-06-28 09:57:00,ASK_DEPTH,"[(99870, 164)]"
2019-06-28 09:57:00,IMBALANCE,"[164, 164]"
2019-06-28 09:58:00,BID_DEPTH,"[(99352, 227)]"
2019-06-28 09:58:00,ASK_DEPTH,"[(99758, 227)]"
2019-06-28 09:58:00,IMBALANCE,"[227, 227]"
2019-06-28 09:59:00,BID_DEPTH,"[(99224, 186)]"
2019-06-28 09:59:00,ASK_DEPTH,"[(99398, 186)]"
2019-06-28 09:59:00,IMBALANCE,"[186, 186]"
2019-06-28 10:00:00,BID_DEPTH,"[(99224, 186)]"
2019-06-28 10:00:00,ASK_DEPTH,"[(99398, 186)]"
2019-06-28 10:00:00,IMBALANCE,"[186, 186]"
2019-06-28 10:01:00,BID_DEPTH,"[(99379, 227)]"
2019-06-28 10:01:00,ASK_DEPTH,"[(99398, 327)]"
2019-06-28 10:01:00,IMBALANCE,"[227, 327]"
2019-06-28 10:02:00,BID_DEPTH,"[(99380, 151)]"
2019-06-28 10:02:00,ASK_DEPTH,"[(99398, 251)]"
2019-06-28 10:02:00,IMBALANCE,"[151, 251]"
2019-06-28 10:03:00,BID_DEPTH,"[(99380, 151)]"
2019-06-28 10:03:00,ASK_DEPTH,"[(99541, 151)]"
2019-06-28 10:03:00,IMBALANCE,"[151, 151]"
2019-06-28 10:04:00,BID_DEPTH,"[(99398, 554)]"
2019-06-28 10:04:00,ASK_DEPTH,"[(99541, 354)]"
2019-06-28 10:04:00,IMBALANCE,"[554, 354]"
2019-06-28 10:05:00,BID_DEPTH,"[(99398, 554)]"
2019-06-28 10:05:00,ASK_DEPTH,"[(99544, 354)]"
2019-06-28 10:05:00,IMBALANCE,"[554, 354]"
2019-06-28 10:06:00,BID_DEPTH,"[(99399, 286)]"
2019-06-28 10:06:00,ASK_DEPTH,"[(99544, 186)]"
2019-06-28 10:06:00,IMBALANCE,"[286, 186]"
2019-06-28 10:07:00,BID_DEPTH,"[(99399, 486)]"
2019-06-28 10:07:00,ASK_DEPTH,"[(99750, 186)]"
2019-06-28 10:07:00,IMBALANCE,"[486, 186]"
2019-06-28 10:08:00,BID_DEPTH,"[(99399, 654)]"
2019-06-28 10:08:00,ASK_DEPTH,"[(99870, 354)]"
2019-06-28 10:08:00,IMBALANCE,"[654, 354]"
2019-06-28 10:09:00,BID_DEPTH,"[(99750, 354)]"
2019-06-28 10:09:00,ASK_DEPTH,"[(99891, 354)]"
2019-06-28 10:09:00,IMBALANCE,"[354, 354]"
2019-06-28 10:10:00,BID_DEPTH,"[(99750, 227)]"
2019-06-28 10:10:00,ASK_DEPTH,"[(99973, 227)]"
2019-06-28 10:10:00,IMBALANCE,"[227, 227]"
2019-06-28 10:11:00,BID_DEPTH,"[(99891, 354)]"
2019-06-28 10:11:00,ASK_DEPTH,"[(100029, 354)]"
2019-06-28 10:11:00,IMBALANCE,"[354, 354]"
2019-06-28 10:12:00,BID_DEPTH,"[(100075, 113)]"
2019-06-28 10:12:00,ASK_DEPTH,"[(100082, 164)]"
2019-06-28 10:12:00,IMBALANCE,"[113, 164]"
2019-06-28 10:13:00,BID_DEPTH,"[(99891, 251)]"
2019-06-28 10:13:00,ASK_DEPTH,"[(100081, 151)]"
2019-06-28 10:13:00,IMBALANCE,"[251, 151]"
2019-06-28 10:14:00,BID_DEPTH,"[(99891, 251)]"
2019-06-28 10:14:00,ASK_DEPTH,"[(99978, 151)]"
2019-06-28 10:14:00,IMBALANCE,"[251, 151]"
2019-06-28 10:15:00,BID_DEPTH,"[(99891, 251)]"
2019-06-28 10:15:00,ASK_DEPTH,"[(99978, 151)]"
2019-06-28 10:15:00,IMBALANCE,"[251, 151]"
2019-06-28 10:16:00,BID_DEPTH,"[(99891, 454)]"
2019-06-28 10:16:00,ASK_DEPTH,"[(100080, 354)]"
2019-06-28 10:16:00,IMBALANCE,"[454, 354]"
2019-06-28 10:17:00,BID_DEPTH,"[(99978, 186)]"
2019-06-28 10:17:00,ASK_DEPTH,"[(100080, 186)]"
2019-06-28 10:17:00,IMBALANCE,"[186, 186]"
2019-06-28 10:18:00,BID_DEPTH,"[(99891, 264)]"
2019-06-28 10:18:00,ASK_DEPTH,"[(100119, 164)]"
2019-06-28 10:18:00,IMBALANCE,"[264, 164]"
2019-06-28 10:19:00,BID_DEPTH,"[(99891, 454)]"
2019-06-28 10:19:00,ASK_DEPTH,"[(100079, 454)]"
2019-06-28 10:19:00,IMBALANCE,"[454, 454]"
2019-06-28 10:20:00,BID_DEPTH,"[(99891, 454)]"
2019-06-28 10:20:00,ASK_DEPTH,"[(100074, 354)]"
2019-06-28 10:20:00,IMBALANCE,"[454, 354]"
2019-06-28 10:21:00,BID_DEPTH,"[(99891, 164)]"
2019-06-28 10:21:00,ASK_DEPTH,"[(100074, 164)]"
2019-06-28 10:21:00,IMBALANCE,"[164, 164]"
2019-06-28 10:21:00,HOLDINGS_UPDATED,"{'CASH': 9699778, 'JPM': 3}"
2019-06-28 10:22:00,BID_DEPTH,"[(99834, 227)]"
2019-06-28 10:22:00,ASK_DEPTH,"[(100079, 327)]"
2019-06-28 10:22:00,IMBALANCE,"[227, 327]"
2019-06-28 10:22:00,HOLDINGS_UPDATED,"{'CASH': 9399541, 'JPM': 6}"
2019-06-28 10:23:00,BID_DEPTH,"[(99398, 151)]"
2019-06-28 10:23:00,ASK_DEPTH,"[(99428, 151)]"
2019-06-28 10:23:00,IMBALANCE,"[151, 151]"
2019-06-28 10:23:00,HOLDINGS_UPDATED,"{'CASH': 9101257, 'JPM': 9}"
2019-06-28 10:24:00,BID_DEPTH,"[(99428, 227)]"
2019-06-28 10:24:00,ASK_DEPTH,"[(99545, 227)]"
2019-06-28 10:24:00,IMBALANCE,"[227, 227]"
2019-06-28 10:24:00,HOLDINGS_UPDATED,"{'CASH': 8802622, 'JPM': 12}"
2019-06-28 10:25:00,BID_DEPTH,"[(99696, 186)]"
2019-06-28 10:25:00,ASK_DEPTH,"[(100079, 176)]"
2019-06-28 10:25:00,IMBALANCE,"[186, 176]"
2019-06-28 10:25:00,HOLDINGS_UPDATED,"{'CASH': 8502385, 'JPM': 15}"
2019-06-28 10:26:00,BID_DEPTH,"[(99545, 151)]"
2019-06-28 10:26:00,ASK_DEPTH,"[(99696, 65)]"
2019-06-28 10:26:00,IMBALANCE,"[151, 65]"
2019-06-28 10:26:00,HOLDINGS_UPDATED,"{'CASH': 8203297, 'JPM': 18}"
2019-06-28 10:27:00,BID_DEPTH,"[(99428, 151)]"
2019-06-28 10:27:00,ASK_DEPTH,"[(100079, 109)]"
2019-06-28 10:27:00,IMBALANCE,"[151, 109]"
2019-06-28 10:27:00,HOLDINGS_UPDATED,"{'CASH': 7903060, 'JPM': 21}"
2019-06-28 10:28:00,BID_DEPTH,"[(99283, 354)]"
2019-06-28 10:28:00,ASK_DEPTH,"[(100118, 554)]"
2019-06-28 10:28:00,IMBALANCE,"[354, 554]"
2019-06-28 10:28:00,HOLDINGS_UPDATED,"{'CASH': 7602706, 'JPM': 24}"
2019-06-28 10:29:00,BID_DEPTH,"[(99266, 186)]"
2019-06-28 10:29:00,ASK_DEPTH,"[(100118, 276)]"
2019-06-28 10:29:00,IMBALANCE,"[186, 276]"
2019-06-28 10:29:00,HOLDINGS_UPDATED,"{'CASH': 7302352, 'JPM': 27}"
2019-06-28 10:30:00,BID_DEPTH,"[(99266, 227)]"
2019-06-28 10:30:00,ASK_DEPTH,"[(99344, 227)]"
2019-06-28 10:30:00,IMBALANCE,"[227, 227]"
2019-06-28 10:30:00,HOLDINGS_UPDATED,"{'CASH': 7004320, 'JPM': 30}"
2019-06-28 10:31:00,BID_DEPTH,"[(99344, 364)]"
2019-06-28 10:31:00,ASK_DEPTH,"[(99482, 164)]"
2019-06-28 10:31:00,IMBALANCE,"[364, 164]"
2019-06-28 10:31:00,HOLDINGS_UPDATED,"{'CASH': 6705874, 'JPM': 33}"
2019-06-28 10:32:00,BID_DEPTH,"[(99344, 264)]"
2019-06-28 10:32:00,ASK_DEPTH,"[(99371, 164)]"
2019-06-28 10:32:00,IMBALANCE,"[264, 164]"
2019-06-28 10:32:00,HOLDINGS_UPDATED,"{'CASH': 6407761, 'JPM': 36}"
2019-06-28 10:33:00,BID_DEPTH,"[(99231, 164)]"
2019-06-28 10:33:00,ASK_DEPTH,"[(99344, 164)]"
2019-06-28 10:33:00,IMBALANCE,"[164, 164]"
2019-06-28 10:33:00,HOLDINGS_UPDATED,"{'CASH': 6109729, 'JPM': 39}"
2019-06-28 10:34:00,BID_DEPTH,"[(99231, 354)]"
2019-06-28 10:34:00,ASK_DEPTH,"[(99344, 454)]"
2019-06-28 10:34:00,IMBALANCE,"[354, 454]"
2019-06-28 10:34:00,HOLDINGS_UPDATED,"{'CASH': 5811697, 'JPM': 42}"
2019-06-28 10:35:00,BID_DEPTH,"[(99231, 151)]"
2019-06-28 10:35:00,ASK_DEPTH,"[(99344, 141)]"
2019-06-28 10:35:00,IMBALANCE,"[151, 141]"
2019-06-28 10:35:00,HOLDINGS_UPDATED,"{'CASH': 5513665, 'JPM': 45}"
2019-06-28 10:36:00,BID_DEPTH,"[(98897, 354)]"
2019-06-28 10:36:00,ASK_DEPTH,"[(99231, 303)]"
2019-06-28 10:36:00,IMBALANCE,"[354, 303]"
2019-06-28 10:36:00,HOLDINGS_UPDATED,"{'CASH': 5215972, 'JPM': 48}"
2019-06-28 10:37:00,BID_DEPTH,"[(98368, 151)]"
2019-06-28 10:37:00,ASK_DEPTH,"[(98760, 65)]"
2019-06-28 10:37:00,IMBALANCE,"[151, 65]"
2019-06-28 10:37:00,HOLDINGS_UPDATED,"{'CASH': 5511076, 'JPM': 45}"
2019-06-28 10:38:00,BID_DEPTH,"[(98182, 164)]"
2019-06-28 10:38:00,ASK_DEPTH,"[(98368, 308)]"
2019-06-28 10:38:00,IMBALANCE,"[164, 308]"
2019-06-28 10:38:00,HOLDINGS_UPDATED,"{'CASH': 5805622, 'JPM': 42}"
2019-06-28 10:39:00,BID_DEPTH,"[(98182, 69)]"
2019-06-28 10:39:00,ASK_DEPTH,"[(98368, 308)]"
2019-06-28 10:39:00,IMBALANCE,"[69, 308]"
2019-06-28 10:39:00,HOLDINGS_UPDATED,"{'CASH': 6100168, 'JPM': 39}"
2019-06-28 10:40:00,BID_DEPTH,"[(97904, 354)]"
2019-06-28 10:40:00,ASK_DEPTH,"[(98180, 298)]"
2019-06-28 10:40:00,IMBALANCE,"[354, 298]"
2019-06-28 10:40:00,HOLDINGS_UPDATED,"{'CASH': 6393880, 'JPM': 36}"
2019-06-28 10:41:00,BID_DEPTH,"[(97904, 91)]"
2019-06-28 10:41:00,ASK_DEPTH,"[(98180, 130)]"
2019-06-28 10:41:00,IMBALANCE,"[91, 130]"
2019-06-28 10:41:00,HOLDINGS_UPDATED,"{'CASH': 6687592, 'JPM': 33}"
2019-06-28 10:42:00,BID_DEPTH,"[(98174, 151)]"
2019-06-28 10:42:00,ASK_DEPTH,"[(98182, 56)]"
2019-06-28 10:42:00,IMBALANCE,"[151, 56]"
2019-06-28 10:42:00,HOLDINGS_UPDATED,"{'CASH': 6982114, 'JPM': 30}"
2019-06-28 10:43:00,BID_DEPTH,"[(98174, 269)]"
2019-06-28 10:43:00,ASK_DEPTH,"[(98182, 69)]"
2019-06-28 10:43:00,IMBALANCE,"[269, 69]"
2019-06-28 10:43:00,HOLDINGS_UPDATED,"{'CASH': 7276636, 'JPM': 27}"
2019-06-28 10:44:00,BID_DEPTH,"[(98174, 227)]"
2019-06-28 10:44:00,ASK_DEPTH,"[(98182, 132)]"
2019-06-28 10:44:00,IMBALANCE,"[227, 132]"
2019-06-28 10:44:00,HOLDINGS_UPDATED,"{'CASH': 7571158, 'JPM': 24}"
2019-06-28 10:45:00,BID_DEPTH,"[(98182, 95)]"
2019-06-28 10:45:00,ASK_DEPTH,"[(98368, 295)]"
2019-06-28 10:45:00,IMBALANCE,"[95, 295]"
2019-06-28 10:45:00,HOLDINGS_UPDATED,"{'CASH': 7865704, 'JPM': 21}"
2019-06-28 10:46:00,BID_DEPTH,"[(98175, 446)]"
2019-06-28 10:46:00,ASK_DEPTH,"[(98182, 256)]"
2019-06-28 10:46:00,IMBALANCE,"[446, 256]"
2019-06-28 10:46:00,HOLDINGS_UPDATED,"{'CASH': 8160229, 'JPM': 18}"
2019-06-28 10:47:00,BID_DEPTH,"[(98182, 111)]"
2019-06-28 10:47:00,ASK_DEPTH,"[(98368, 308)]"
2019-06-28 10:47:00,IMBALANCE,"[111, 308]"
2019-06-28 10:47:00,HOLDINGS_UPDATED,"{'CASH': 8454775, 'JPM': 15}"
2019-06-28 10:48:00,BID_DEPTH,"[(98182, 259)]"
2019-06-28 10:48:00,ASK_DEPTH,"[(98368, 398)]"
2019-06-28 10:48:00,IMBALANCE,"[259, 398]"
2019-06-28 10:48:00,HOLDINGS_UPDATED,"{'CASH': 8749321, 'JPM': 12}"
2019-06-28 10:49:00,BID_DEPTH,"[(98183, 354)]"
2019-06-28 10:49:00,ASK_DEPTH,"[(98368, 298)]"
2019-06-28 10:49:00,IMBALANCE,"[354, 298]"
2019-06-28 10:49:00,HOLDINGS_UPDATED,"{'CASH': 9043870, 'JPM': 9}"
2019-06-28 10:50:00,BID_DEPTH,"[(98182, 69)]"
2019-06-28 10:50:00,ASK_DEPTH,"[(98760, 78)]"
2019-06-28 10:50:00,IMBALANCE,"[69, 78]"
2019-06-28 10:50:00,HOLDINGS_UPDATED,"{'CASH': 9338416, 'JPM': 6}"
2019-06-28 10:51:00,BID_DEPTH,"[(98175, 156)]"
2019-06-28 10:51:00,ASK_DEPTH,"[(98182, 56)]"
2019-06-28 10:51:00,IMBALANCE,"[156, 56]"
2019-06-28 10:51:00,HOLDINGS_UPDATED,"{'CASH': 9632941, 'JPM': 3}"
2019-06-28 10:52:00,BID_DEPTH,"[(98182, 227)]"
2019-06-28 10:52:00,ASK_DEPTH,"[(98760, 141)]"
2019-06-28 10:52:00,IMBALANCE,"[227, 141]"
2019-06-28 10:52:00,HOLDINGS_UPDATED,{'CASH': 9927487}
2019-06-28 10:53:00,BID_DEPTH,"[(98183, 327)]"
2019-06-28 10:53:00,ASK_DEPTH,"[(98844, 227)]"
2019-06-28 10:53:00,IMBALANCE,"[327, 227]"
2019-06-28 10:53:00,HOLDINGS_UPDATED,"{'CASH': 10222036, 'JPM': -3}"
2019-06-28 10:54:00,BID_DEPTH,"[(98184, 227)]"
2019-06-28 10:54:00,ASK_DEPTH,"[(99161, 227)]"
2019-06-28 10:54:00,IMBALANCE,"[227, 227]"
2019-06-28 10:54:00,HOLDINGS_UPDATED,"{'CASH': 10516588, 'JPM': -6}"
2019-06-28 10:55:00,BID_DEPTH,"[(98184, 554)]"
2019-06-28 10:55:00,ASK_DEPTH,"[(99161, 354)]"
2019-06-28 10:55:00,IMBALANCE,"[554, 354]"
2019-06-28 10:55:00,HOLDINGS_UPDATED,"{'CASH': 10811140, 'JPM': -9}"
2019-06-28 10:56:00,BID_DEPTH,"[(98938, 227)]"
2019-06-28 10:56:00,ASK_DEPTH,"[(99161, 227)]"
2019-06-28 10:56:00,IMBALANCE,"[227, 227]"
2019-06-28 10:56:00,HOLDINGS_UPDATED,"{'CASH': 11107954, 'JPM': -12}"
2019-06-28 10:57:00,BID_DEPTH,"[(98777, 151)]"
2019-06-28 10:57:00,ASK_DEPTH,"[(98902, 151)]"
2019-06-28 10:57:00,IMBALANCE,"[151, 151]"
2019-06-28 10:57:00,HOLDINGS_UPDATED,"{'CASH': 11404285, 'JPM': -15}"
2019-06-28 10:58:00,BID_DEPTH,"[(98686, 164)]"
2019-06-28 10:58:00,ASK_DEPTH,"[(98777, 364)]"
2019-06-28 10:58:00,IMBALANCE,"[164, 364]"
2019-06-28 10:58:00,HOLDINGS_UPDATED,"{'CASH': 11700343, 'JPM': -18}"
2019-06-28 10:59:00,BID_DEPTH,"[(98439, 151)]"
2019-06-28 10:59:00,ASK_DEPTH,"[(98685, 151)]"
2019-06-28 10:59:00,IMBALANCE,"[151, 151]"
2019-06-28 10:59:00,HOLDINGS_UPDATED,"{'CASH': 11995660, 'JPM': -21}"
2019-06-28 11:00:00,BID_DEPTH,"[(98364, 151)]"
2019-06-28 11:00:00,ASK_DEPTH,"[(98685, 151)]"
2019-06-28 11:00:00,IMBALANCE,"[151, 151]"
2019-06-28 11:00:00,HOLDINGS_UPDATED,"{'CASH': 12290752, 'JPM': -24}"
2019-06-28 11:01:00,BID_DEPTH,"[(98364, 164)]"
2019-06-28 11:01:00,ASK_DEPTH,"[(98685, 164)]"
2019-06-28 11:01:00,IMBALANCE,"[164, 164]"
2019-06-28 11:01:00,HOLDINGS_UPDATED,"{'CASH': 12585844, 'JPM': -27}"
2019-06-28 11:02:00,BID_DEPTH,"[(98303, 151)]"
2019-06-28 11:02:00,ASK_DEPTH,"[(98364, 151)]"
2019-06-28 11:02:00,IMBALANCE,"[151, 151]"
2019-06-28 11:02:00,HOLDINGS_UPDATED,"{'CASH': 12880753, 'JPM': -30}"
2019-06-28 11:03:00,BID_DEPTH,"[(98235, 151)]"
2019-06-28 11:03:00,ASK_DEPTH,"[(98364, 151)]"
2019-06-28 11:03:00,IMBALANCE,"[151, 151]"
2019-06-28 11:03:00,HOLDINGS_UPDATED,"{'CASH': 13175458, 'JPM': -33}"
2019-06-28 11:04:00,BID_DEPTH,"[(98232, 164)]"
2019-06-28 11:04:00,ASK_DEPTH,"[(98686, 264)]"
2019-06-28 11:04:00,IMBALANCE,"[164, 264]"
2019-06-28 11:04:00,HOLDINGS_UPDATED,"{'CASH': 13470154, 'JPM': -36}"
2019-06-28 11:05:00,BID_DEPTH,"[(98184, 254)]"
2019-06-28 11:05:00,ASK_DEPTH,"[(98686, 164)]"
2019-06-28 11:05:00,IMBALANCE,"[254, 164]"
2019-06-28 11:05:00,HOLDINGS_UPDATED,"{'CASH': 13764706, 'JPM': -39}"
2019-06-28 11:06:00,BID_DEPTH,"[(98544, 227)]"
2019-06-28 11:06:00,ASK_DEPTH,"[(98567, 227)]"
2019-06-28 11:06:00,IMBALANCE,"[227, 227]"
2019-06-28 11:06:00,HOLDINGS_UPDATED,"{'CASH': 14060338, 'JPM': -42}"
2019-06-28 11:07:00,BID_DEPTH,"[(98544, 251)]"
2019-06-28 11:07:00,ASK_DEPTH,"[(98567, 151)]"
2019-06-28 11:07:00,IMBALANCE,"[251, 151]"
2019-06-28 11:07:00,HOLDINGS_UPDATED,"{'CASH': 14355970, 'JPM': -45}"
2019-06-28 11:08:00,BID_DEPTH,"[(98686, 213)]"
2019-06-28 11:08:00,ASK_DEPTH,"[(98874, 164)]"
2019-06-28 11:08:00,IMBALANCE,"[213, 164]"
2019-06-28 11:08:00,HOLDINGS_UPDATED,"{'CASH': 14652028, 'JPM': -48}"
2019-06-28 11:09:00,BID_DEPTH,"[(98686, 293)]"
2019-06-28 11:09:00,ASK_DEPTH,"[(99076, 354)]"
2019-06-28 11:09:00,IMBALANCE,"[293, 354]"
2019-06-28 11:09:00,HOLDINGS_UPDATED,"{'CASH': 14948086, 'JPM': -51}"
2019-06-28 11:10:00,BID_DEPTH,"[(98686, 151)]"
2019-06-28 11:10:00,ASK_DEPTH,"[(99321, 151)]"
2019-06-28 11:10:00,IMBALANCE,"[151, 151]"
2019-06-28 11:10:00,HOLDINGS_UPDATED,"{'CASH': 15244144, 'JPM': -54}"
2019-06-28 11:11:00,BID_DEPTH,"[(98544, 444)]"
2019-06-28 11:11:00,ASK_DEPTH,"[(99422, 354)]"
2019-06-28 11:11:00,IMBALANCE,"[444, 354]"
2019-06-28 11:11:00,HOLDINGS_UPDATED,"{'CASH': 15539776, 'JPM': -57}"
2019-06-28 11:12:00,BID_DEPTH,"[(98970, 164)]"
2019-06-28 11:12:00,ASK_DEPTH,"[(99422, 164)]"
2019-06-28 11:12:00,IMBALANCE,"[164, 164]"
2019-06-28 11:12:00,HOLDINGS_UPDATED,"{'CASH': 15836686, 'JPM': -60}"
2019-06-28 11:13:00,BID_DEPTH,"[(99320, 151)]"
2019-06-28 11:13:00,ASK_DEPTH,"[(99559, 151)]"
2019-06-28 11:13:00,IMBALANCE,"[151, 151]"
2019-06-28 11:13:00,HOLDINGS_UPDATED,"{'CASH': 16134646, 'JPM': -63}"
2019-06-28 11:14:00,BID_DEPTH,"[(98970, 151)]"
2019-06-28 11:14:00,ASK_DEPTH,"[(99559, 151)]"
2019-06-28 11:14:00,IMBALANCE,"[151, 151]"
2019-06-28 11:14:00,HOLDINGS_UPDATED,"{'CASH': 16431556, 'JPM': -66}"
2019-06-28 11:15:00,BID_DEPTH,"[(98544, 131)]"
2019-06-28 11:15:00,ASK_DEPTH,"[(99559, 151)]"
2019-06-28 11:15:00,IMBALANCE,"[131, 151]"
2019-06-28 11:15:00,HOLDINGS_UPDATED,"{'CASH': 16132879, 'JPM': -63}"
2019-06-28 11:16:00,BID_DEPTH,"[(99560, 164)]"
2019-06-28 11:16:00,ASK_DEPTH,"[(99721, 164)]"
2019-06-28 11:16:00,IMBALANCE,"[164, 164]"
2019-06-28 11:16:00,HOLDINGS_UPDATED,"{'CASH': 15833716, 'JPM': -60}"
2019-06-28 11:17:00,BID_DEPTH,"[(99721, 230)]"
2019-06-28 11:17:00,ASK_DEPTH,"[(99758, 186)]"
2019-06-28 11:17:00,IMBALANCE,"[230, 186]"
2019-06-28 11:17:00,HOLDINGS_UPDATED,"{'CASH': 15534442, 'JPM': -57}"
2019-06-28 11:18:00,BID_DEPTH,"[(99721, 398)]"
2019-06-28 11:18:00,ASK_DEPTH,"[(99891, 354)]"
2019-06-28 11:18:00,IMBALANCE,"[398, 354]"
2019-06-28 11:18:00,HOLDINGS_UPDATED,"{'CASH': 15234769, 'JPM': -54}"
2019-06-28 11:19:00,BID_DEPTH,"[(99721, 271)]"
2019-06-28 11:19:00,ASK_DEPTH,"[(99891, 132)]"
2019-06-28 11:19:00,IMBALANCE,"[271, 132]"
2019-06-28 11:19:00,HOLDINGS_UPDATED,"{'CASH': 14935096, 'JPM': -51}"
2019-06-28 11:20:00,BID_DEPTH,"[(99891, 95)]"
2019-06-28 11:20:00,ASK_DEPTH,"[(99912, 164)]"
2019-06-28 11:20:00,IMBALANCE,"[95, 164]"
2019-06-28 11:20:00,HOLDINGS_UPDATED,"{'CASH': 14635360, 'JPM': -48}"
2019-06-28 11:21:00,BID_DEPTH,"[(99912, 92)]"
2019-06-28 11:21:00,ASK_DEPTH,"[(100814, 151)]"
2019-06-28 11:21:00,IMBALANCE,"[92, 151]"
2019-06-28 11:21:00,HOLDINGS_UPDATED,"{'CASH': 14332918, 'JPM': -45}"
2019-06-28 11:22:00,BID_DEPTH,"[(99912, 295)]"
2019-06-28 11:22:00,ASK_DEPTH,"[(100851, 354)]"
2019-06-28 11:22:00,IMBALANCE,"[295, 354]"
2019-06-28 11:22:00,HOLDINGS_UPDATED,"{'CASH': 14030365, 'JPM': -42}"
2019-06-28 11:23:00,BID_DEPTH,"[(100851, 158)]"
2019-06-28 11:23:00,ASK_DEPTH,"[(100862, 227)]"
2019-06-28 11:23:00,IMBALANCE,"[158, 227]"
2019-06-28 11:23:00,HOLDINGS_UPDATED,"{'CASH': 13727779, 'JPM': -39}"
2019-06-28 11:24:00,BID_DEPTH,"[(100862, 217)]"
2019-06-28 11:24:00,ASK_DEPTH,"[(100994, 186)]"
2019-06-28 11:24:00,IMBALANCE,"[217, 186]"
2019-06-28 11:24:00,HOLDINGS_UPDATED,"{'CASH': 13424797, 'JPM': -36}"
2019-06-28 11:25:00,BID_DEPTH,"[(100865, 151)]"
2019-06-28 11:25:00,ASK_DEPTH,"[(100994, 56)]"
2019-06-28 11:25:00,IMBALANCE,"[151, 56]"
2019-06-28 11:25:00,HOLDINGS_UPDATED,"{'CASH': 13121815, 'JPM': -33}"
2019-06-28 11:26:00,BID_DEPTH,"[(100994, 90)]"
2019-06-28 11:26:00,ASK_DEPTH,"[(101020, 141)]"
2019-06-28 11:26:00,IMBALANCE,"[90, 141]"
2019-06-28 11:26:00,HOLDINGS_UPDATED,"{'CASH': 12818755, 'JPM': -30}"
2019-06-28 11:27:00,BID_DEPTH,"[(100865, 164)]"
2019-06-28 11:27:00,ASK_DEPTH,"[(100994, 74)]"
2019-06-28 11:27:00,IMBALANCE,"[164, 74]"
2019-06-28 11:27:00,HOLDINGS_UPDATED,"{'CASH': 12515773, 'JPM': -27}"
2019-06-28 11:28:00,BID_DEPTH,"[(100865, 354)]"
2019-06-28 11:28:00,ASK_DEPTH,"[(100883, 354)]"
2019-06-28 11:28:00,IMBALANCE,"[354, 354]"
2019-06-28 11:28:00,HOLDINGS_UPDATED,"{'CASH': 12213124, 'JPM': -24}"
2019-06-28 11:29:00,BID_DEPTH,"[(100862, 258)]"
2019-06-28 11:29:00,ASK_DEPTH,"[(100883, 232)]"
2019-06-28 11:29:00,IMBALANCE,"[258, 232]"
2019-06-28 11:29:00,HOLDINGS_UPDATED,"{'CASH': 11910475, 'JPM': -21}"
2019-06-28 11:30:00,BID_DEPTH,"[(100862, 151)]"
2019-06-28 11:30:00,ASK_DEPTH,"[(100883, 156)]"
2019-06-28 11:30:00,IMBALANCE,"[151, 156]"
2019-06-28 11:30:00,HOLDINGS_UPDATED,"{'CASH': 11607826, 'JPM': -18}"
2019-06-28 11:31:00,BID_DEPTH,"[(100862, 151)]"
2019-06-28 11:31:00,ASK_DEPTH,"[(100883, 56)]"
2019-06-28 11:31:00,IMBALANCE,"[151, 56]"
2019-06-28 11:31:00,HOLDINGS_UPDATED,"{'CASH': 11305177, 'JPM': -15}"
2019-06-28 11:32:00,BID_DEPTH,"[(100883, 258)]"
2019-06-28 11:32:00,ASK_DEPTH,"[(101020, 459)]"
2019-06-28 11:32:00,IMBALANCE,"[258, 459]"
2019-06-28 11:32:00,HOLDINGS_UPDATED,"{'CASH': 11002117, 'JPM': -12}"
2019-06-28 11:33:00,BID_DEPTH,"[(100883, 131)]"
2019-06-28 11:33:00,ASK_DEPTH,"[(101020, 327)]"
2019-06-28 11:33:00,IMBALANCE,"[131, 327]"
2019-06-28 11:33:00,HOLDINGS_UPDATED,"{'CASH': 10699057, 'JPM': -9}"
2019-06-28 11:34:00,BID_DEPTH,"[(100862, 164)]"
2019-06-28 11:34:00,ASK_DEPTH,"[(100883, 109)]"
2019-06-28 11:34:00,IMBALANCE,"[164, 109]"
2019-06-28 11:34:00,HOLDINGS_UPDATED,"{'CASH': 10396408, 'JPM': -6}"
2019-06-28 11:35:00,BID_DEPTH,"[(100814, 186)]"
2019-06-28 11:35:00,ASK_DEPTH,"[(100851, 91)]"
2019-06-28 11:35:00,IMBALANCE,"[186, 91]"
2019-06-28 11:35:00,HOLDINGS_UPDATED,"{'CASH': 10093855, 'JPM': -3}"
2019-06-28 11:36:00,BID_DEPTH,"[(100476, 164)]"
2019-06-28 11:36:00,ASK_DEPTH,"[(101019, 249)]"
2019-06-28 11:36:00,IMBALANCE,"[164, 249]"
2019-06-28 11:36:00,HOLDINGS_UPDATED,{'CASH': 9790798}
2019-06-28 11:37:00,BID_DEPTH,"[(100133, 186)]"
2019-06-28 11:37:00,ASK_DEPTH,"[(101019, 161)]"
2019-06-28 11:37:00,IMBALANCE,"[186, 161]"
2019-06-28 11:37:00,HOLDINGS_UPDATED,"{'CASH': 9487741, 'JPM': 3}"
2019-06-28 11:38:00,BID_DEPTH,"[(100183, 164)]"
2019-06-28 11:38:00,ASK_DEPTH,"[(101019, 164)]"
2019-06-28 11:38:00,IMBALANCE,"[164, 164]"
2019-06-28 11:38:00,HOLDINGS_UPDATED,"{'CASH': 9184684, 'JPM': 6}"
2019-06-28 11:39:00,BID_DEPTH,"[(100134, 150)]"
2019-06-28 11:39:00,ASK_DEPTH,"[(100137, 186)]"
2019-06-28 11:39:00,IMBALANCE,"[150, 186]"
2019-06-28 11:39:00,HOLDINGS_UPDATED,"{'CASH': 8884273, 'JPM': 9}"
2019-06-28 11:40:00,BID_DEPTH,"[(100060, 164)]"
2019-06-28 11:40:00,ASK_DEPTH,"[(101019, 164)]"
2019-06-28 11:40:00,IMBALANCE,"[164, 164]"
2019-06-28 11:40:00,HOLDINGS_UPDATED,"{'CASH': 8581216, 'JPM': 12}"
2019-06-28 11:41:00,BID_DEPTH,"[(100268, 164)]"
2019-06-28 11:41:00,ASK_DEPTH,"[(101020, 159)]"
2019-06-28 11:41:00,IMBALANCE,"[164, 159]"
2019-06-28 11:41:00,HOLDINGS_UPDATED,"{'CASH': 8278156, 'JPM': 15}"
2019-06-28 11:42:00,BID_DEPTH,"[(100495, 151)]"
2019-06-28 11:42:00,ASK_DEPTH,"[(101020, 151)]"
2019-06-28 11:42:00,IMBALANCE,"[151, 151]"
2019-06-28 11:42:00,HOLDINGS_UPDATED,"{'CASH': 7975096, 'JPM': 18}"
2019-06-28 11:43:00,BID_DEPTH,"[(100268, 354)]"
2019-06-28 11:43:00,ASK_DEPTH,"[(100566, 354)]"
2019-06-28 11:43:00,IMBALANCE,"[354, 354]"
2019-06-28 11:43:00,HOLDINGS_UPDATED,"{'CASH': 7673398, 'JPM': 21}"
2019-06-28 11:44:00,BID_DEPTH,"[(100684, 354)]"
2019-06-28 11:44:00,ASK_DEPTH,"[(100816, 354)]"
2019-06-28 11:44:00,IMBALANCE,"[354, 354]"
2019-06-28 11:44:00,HOLDINGS_UPDATED,"{'CASH': 7370950, 'JPM': 24}"
2019-06-28 11:45:00,BID_DEPTH,"[(100795, 122)]"
2019-06-28 11:45:00,ASK_DEPTH,"[(100816, 186)]"
2019-06-28 11:45:00,IMBALANCE,"[122, 186]"
2019-06-28 11:45:00,HOLDINGS_UPDATED,"{'CASH': 7068502, 'JPM': 27}"
2019-06-28 11:46:00,BID_DEPTH,"[(101096, 164)]"
2019-06-28 11:46:00,ASK_DEPTH,"[(101345, 164)]"
2019-06-28 11:46:00,IMBALANCE,"[164, 164]"
2019-06-28 11:46:00,HOLDINGS_UPDATED,"{'CASH': 6764467, 'JPM': 30}"
2019-06-28 11:47:00,BID_DEPTH,"[(100816, 278)]"
2019-06-28 11:47:00,ASK_DEPTH,"[(101397, 354)]"
2019-06-28 11:47:00,IMBALANCE,"[278, 354]"
2019-06-28 11:47:00,HOLDINGS_UPDATED,"{'CASH': 6460276, 'JPM': 33}"
2019-06-28 11:48:00,BID_DEPTH,"[(100795, 87)]"
2019-06-28 11:48:00,ASK_DEPTH,"[(100816, 127)]"
2019-06-28 11:48:00,IMBALANCE,"[87, 127]"
2019-06-28 11:48:00,HOLDINGS_UPDATED,"{'CASH': 6157828, 'JPM': 36}"
2019-06-28 11:49:00,BID_DEPTH,"[(100688, 164)]"
2019-06-28 11:49:00,ASK_DEPTH,"[(100795, 77)]"
2019-06-28 11:49:00,IMBALANCE,"[164, 77]"
2019-06-28 11:49:00,HOLDINGS_UPDATED,"{'CASH': 5855443, 'JPM': 39}"
2019-06-28 11:50:00,BID_DEPTH,"[(100566, 354)]"
2019-06-28 11:50:00,ASK_DEPTH,"[(100816, 354)]"
2019-06-28 11:50:00,IMBALANCE,"[354, 354]"
2019-06-28 11:50:00,HOLDINGS_UPDATED,"{'CASH': 5552995, 'JPM': 42}"
2019-06-28 11:51:00,BID_DEPTH,"[(100268, 100)]"
2019-06-28 11:51:00,ASK_DEPTH,[]
2019-06-28 11:51:00,IMBALANCE,"[100, 0]"
2019-06-28 11:52:00,BID_DEPTH,"[(101018, 100)]"
2019-06-28 11:52:00,ASK_DEPTH,[]
2019-06-28 11:52:00,IMBALANCE,"[100, 0]"
2019-06-28 11:53:00,BID_DEPTH,"[(101018, 354)]"
2019-06-28 11:53:00,ASK_DEPTH,"[(101030, 354)]"
2019-06-28 11:53:00,IMBALANCE,"[354, 354]"
2019-06-28 11:53:00,HOLDINGS_UPDATED,"{'CASH': 5249905, 'JPM': 45}"
2019-06-28 11:54:00,BID_DEPTH,"[(100578, 151)]"
2019-06-28 11:54:00,ASK_DEPTH,"[(100690, 151)]"
2019-06-28 11:54:00,IMBALANCE,"[151, 151]"
2019-06-28 11:54:00,HOLDINGS_UPDATED,"{'CASH': 4947835, 'JPM': 48}"
2019-06-28 11:55:00,BID_DEPTH,"[(100578, 100)]"
2019-06-28 11:55:00,ASK_DEPTH,[]
2019-06-28 11:55:00,IMBALANCE,"[100, 0]"
2019-06-28 11:56:00,BID_DEPTH,"[(100952, 186)]"
2019-06-28 11:56:00,ASK_DEPTH,"[(101235, 186)]"
2019-06-28 11:56:00,IMBALANCE,"[186, 186]"
2019-06-28 11:56:00,HOLDINGS_UPDATED,"{'CASH': 4644130, 'JPM': 51}"
2019-06-28 11:57:00,BID_DEPTH,"[(100737, 227)]"
2019-06-28 11:57:00,ASK_DEPTH,"[(101385, 227)]"
2019-06-28 11:57:00,IMBALANCE,"[227, 227]"
2019-06-28 11:57:00,HOLDINGS_UPDATED,"{'CASH': 4339975, 'JPM': 54}"
2019-06-28 11:58:00,BID_DEPTH,"[(100578, 164)]"
2019-06-28 11:58:00,ASK_DEPTH,"[(100606, 137)]"
2019-06-28 11:58:00,IMBALANCE,"[164, 137]"
2019-06-28 11:58:00,HOLDINGS_UPDATED,"{'CASH': 4038157, 'JPM': 57}"
2019-06-28 11:59:00,BID_DEPTH,"[(100262, 227)]"
2019-06-28 11:59:00,ASK_DEPTH,"[(100606, 227)]"
2019-06-28 11:59:00,IMBALANCE,"[227, 227]"
2019-06-28 11:59:00,HOLDINGS_UPDATED,"{'CASH': 3736339, 'JPM': 60}"
2019-06-28 12:00:00,BID_DEPTH,"[(100071, 354)]"
2019-06-28 12:00:00,ASK_DEPTH,"[(100606, 354)]"
2019-06-28 12:00:00,IMBALANCE,"[354, 354]"
2019-06-28 12:00:00,HOLDINGS_UPDATED,"{'CASH': 3434521, 'JPM': 63}"
2019-06-28 12:01:00,BID_DEPTH,"[(99919, 227)]"
2019-06-28 12:01:00,ASK_DEPTH,"[(101385, 227)]"
2019-06-28 12:01:00,IMBALANCE,"[227, 227]"
2019-06-28 12:01:00,HOLDINGS_UPDATED,"{'CASH': 3130366, 'JPM': 66}"
2019-06-28 12:02:00,BID_DEPTH,"[(99789, 186)]"
2019-06-28 12:02:00,ASK_DEPTH,"[(99860, 100)]"
2019-06-28 12:02:00,IMBALANCE,"[186, 100]"
2019-06-28 12:02:00,HOLDINGS_UPDATED,"{'CASH': 2830786, 'JPM': 69}"
2019-06-28 12:03:00,BID_DEPTH,"[(99789, 354)]"
2019-06-28 12:03:00,ASK_DEPTH,"[(99860, 264)]"
2019-06-28 12:03:00,IMBALANCE,"[354, 264]"
2019-06-28 12:03:00,HOLDINGS_UPDATED,"{'CASH': 2531206, 'JPM': 72}"
2019-06-28 12:04:00,BID_DEPTH,"[(99749, 227)]"
2019-06-28 12:04:00,ASK_DEPTH,"[(99919, 221)]"
2019-06-28 12:04:00,IMBALANCE,"[227, 221]"
2019-06-28 12:04:00,HOLDINGS_UPDATED,"{'CASH': 2231449, 'JPM': 75}"
2019-06-28 12:05:00,BID_DEPTH,"[(99749, 164)]"
2019-06-28 12:05:00,ASK_DEPTH,"[(99919, 164)]"
2019-06-28 12:05:00,IMBALANCE,"[164, 164]"
2019-06-28 12:05:00,HOLDINGS_UPDATED,"{'CASH': 1931692, 'JPM': 78}"
2019-06-28 12:06:00,BID_DEPTH,"[(99472, 186)]"
2019-06-28 12:06:00,ASK_DEPTH,"[(99919, 186)]"
2019-06-28 12:06:00,IMBALANCE,"[186, 186]"
2019-06-28 12:06:00,HOLDINGS_UPDATED,"{'CASH': 1631935, 'JPM': 81}"
2019-06-28 12:07:00,BID_DEPTH,"[(98366, 354)]"
2019-06-28 12:07:00,ASK_DEPTH,"[(101385, 354)]"
2019-06-28 12:07:00,IMBALANCE,"[354, 354]"
2019-06-28 12:07:00,HOLDINGS_UPDATED,"{'CASH': 1927033, 'JPM': 78}"
2019-06-28 12:08:00,BID_DEPTH,"[(98076, 186)]"
2019-06-28 12:08:00,ASK_DEPTH,"[(98366, 186)]"
2019-06-28 12:08:00,IMBALANCE,"[186, 186]"
2019-06-28 12:08:00,HOLDINGS_UPDATED,"{'CASH': 2221261, 'JPM': 75}"
2019-06-28 12:09:00,BID_DEPTH,"[(98076, 132)]"
2019-06-28 12:09:00,ASK_DEPTH,"[(98145, 227)]"
2019-06-28 12:09:00,IMBALANCE,"[132, 227]"
2019-06-28 12:09:00,HOLDINGS_UPDATED,"{'CASH': 2515489, 'JPM': 72}"
2019-06-28 12:10:00,BID_DEPTH,"[(98076, 91)]"
2019-06-28 12:10:00,ASK_DEPTH,"[(98366, 186)]"
2019-06-28 12:10:00,IMBALANCE,"[91, 186]"
2019-06-28 12:10:00,HOLDINGS_UPDATED,"{'CASH': 2809717, 'JPM': 69}"
2019-06-28 12:11:00,BID_DEPTH,"[(98367, 286)]"
2019-06-28 12:11:00,ASK_DEPTH,"[(98652, 186)]"
2019-06-28 12:11:00,IMBALANCE,"[286, 186]"
2019-06-28 12:11:00,HOLDINGS_UPDATED,"{'CASH': 3104818, 'JPM': 66}"
2019-06-28 12:12:00,BID_DEPTH,"[(98632, 227)]"
2019-06-28 12:12:00,ASK_DEPTH,"[(98652, 227)]"
2019-06-28 12:12:00,IMBALANCE,"[227, 227]"
2019-06-28 12:12:00,HOLDINGS_UPDATED,"{'CASH': 3400714, 'JPM': 63}"
2019-06-28 12:13:00,BID_DEPTH,"[(98368, 151)]"
2019-06-28 12:13:00,ASK_DEPTH,"[(98377, 151)]"
2019-06-28 12:13:00,IMBALANCE,"[151, 151]"
2019-06-28 12:13:00,HOLDINGS_UPDATED,"{'CASH': 3695818, 'JPM': 60}"
2019-06-28 12:14:00,BID_DEPTH,"[(98367, 259)]"
2019-06-28 12:14:00,ASK_DEPTH,"[(98368, 218)]"
2019-06-28 12:14:00,IMBALANCE,"[259, 218]"
2019-06-28 12:14:00,HOLDINGS_UPDATED,"{'CASH': 3990919, 'JPM': 57}"
2019-06-28 12:15:00,BID_DEPTH,"[(98367, 344)]"
2019-06-28 12:15:00,ASK_DEPTH,"[(98368, 408)]"
2019-06-28 12:15:00,IMBALANCE,"[344, 408]"
2019-06-28 12:15:00,HOLDINGS_UPDATED,"{'CASH': 4286020, 'JPM': 54}"
2019-06-28 12:16:00,BID_DEPTH,"[(98368, 436)]"
2019-06-28 12:16:00,ASK_DEPTH,"[(98377, 354)]"
2019-06-28 12:16:00,IMBALANCE,"[436, 354]"
2019-06-28 12:16:00,HOLDINGS_UPDATED,"{'CASH': 4581124, 'JPM': 51}"
2019-06-28 12:17:00,BID_DEPTH,"[(98582, 164)]"
2019-06-28 12:17:00,ASK_DEPTH,"[(98766, 164)]"
2019-06-28 12:17:00,IMBALANCE,"[164, 164]"
2019-06-28 12:17:00,HOLDINGS_UPDATED,"{'CASH': 4876870, 'JPM': 48}"
2019-06-28 12:18:00,BID_DEPTH,"[(98581, 100)]"
2019-06-28 12:18:00,ASK_DEPTH,"[(98582, 186)]"
2019-06-28 12:18:00,IMBALANCE,"[100, 186]"
2019-06-28 12:18:00,HOLDINGS_UPDATED,"{'CASH': 5172613, 'JPM': 45}"
2019-06-28 12:19:00,BID_DEPTH,"[(98581, 61)]"
2019-06-28 12:19:00,ASK_DEPTH,"[(98594, 151)]"
2019-06-28 12:19:00,IMBALANCE,"[61, 151]"
2019-06-28 12:19:00,HOLDINGS_UPDATED,"{'CASH': 5468356, 'JPM': 42}"
2019-06-28 12:20:00,BID_DEPTH,"[(98581, 80)]"
2019-06-28 12:20:00,ASK_DEPTH,"[(98594, 151)]"
2019-06-28 12:20:00,IMBALANCE,"[80, 151]"
2019-06-28 12:20:00,HOLDINGS_UPDATED,"{'CASH': 5764099, 'JPM': 39}"
2019-06-28 12:21:00,BID_DEPTH,"[(98368, 338)]"
2019-06-28 12:21:00,ASK_DEPTH,"[(98594, 227)]"
2019-06-28 12:21:00,IMBALANCE,"[338, 227]"
2019-06-28 12:21:00,HOLDINGS_UPDATED,"{'CASH': 5862467, 'JPM': 38}"
2019-06-28 12:21:00,HOLDINGS_UPDATED,"{'CASH': 6059203, 'JPM': 36}"
2019-06-28 12:22:00,BID_DEPTH,"[(98369, 186)]"
2019-06-28 12:22:00,ASK_DEPTH,"[(98766, 186)]"
2019-06-28 12:22:00,IMBALANCE,"[186, 186]"
2019-06-28 12:22:00,HOLDINGS_UPDATED,"{'CASH': 6354310, 'JPM': 33}"
2019-06-28 12:23:00,BID_DEPTH,"[(98368, 228)]"
2019-06-28 12:23:00,ASK_DEPTH,"[(99173, 227)]"
2019-06-28 12:23:00,IMBALANCE,"[228, 227]"
2019-06-28 12:23:00,HOLDINGS_UPDATED,"{'CASH': 6452678, 'JPM': 32}"
2019-06-28 12:23:00,HOLDINGS_UPDATED,"{'CASH': 6649414, 'JPM': 30}"
2019-06-28 12:24:00,BID_DEPTH,"[(98367, 156)]"
2019-06-28 12:24:00,ASK_DEPTH,"[(99227, 151)]"
2019-06-28 12:24:00,IMBALANCE,"[156, 151]"
2019-06-28 12:24:00,HOLDINGS_UPDATED,"{'CASH': 6944515, 'JPM': 27}"
2019-06-28 12:25:00,BID_DEPTH,"[(99227, 354)]"
2019-06-28 12:25:00,ASK_DEPTH,"[(99596, 354)]"
2019-06-28 12:25:00,IMBALANCE,"[354, 354]"
2019-06-28 12:25:00,HOLDINGS_UPDATED,"{'CASH': 7242196, 'JPM': 24}"
2019-06-28 12:26:00,BID_DEPTH,"[(98367, 354)]"
2019-06-28 12:26:00,ASK_DEPTH,"[(99596, 354)]"
2019-06-28 12:26:00,IMBALANCE,"[354, 354]"
2019-06-28 12:26:00,HOLDINGS_UPDATED,"{'CASH': 7537297, 'JPM': 21}"
2019-06-28 12:27:00,BID_DEPTH,"[(98367, 151)]"
2019-06-28 12:27:00,ASK_DEPTH,"[(99350, 151)]"
2019-06-28 12:27:00,IMBALANCE,"[151, 151]"
2019-06-28 12:27:00,HOLDINGS_UPDATED,"{'CASH': 7832398, 'JPM': 18}"
2019-06-28 12:28:00,BID_DEPTH,"[(98367, 327)]"
2019-06-28 12:28:00,ASK_DEPTH,"[(99586, 227)]"
2019-06-28 12:28:00,IMBALANCE,"[327, 227]"
2019-06-28 12:28:00,HOLDINGS_UPDATED,"{'CASH': 8127499, 'JPM': 15}"
2019-06-28 12:29:00,BID_DEPTH,"[(98367, 344)]"
2019-06-28 12:29:00,ASK_DEPTH,"[(99586, 354)]"
2019-06-28 12:29:00,IMBALANCE,"[344, 354]"
2019-06-28 12:29:00,HOLDINGS_UPDATED,"{'CASH': 8422600, 'JPM': 12}"
2019-06-28 12:30:00,BID_DEPTH,"[(98997, 151)]"
2019-06-28 12:30:00,ASK_DEPTH,"[(99209, 151)]"
2019-06-28 12:30:00,IMBALANCE,"[151, 151]"
2019-06-28 12:30:00,HOLDINGS_UPDATED,"{'CASH': 8719591, 'JPM': 9}"
2019-06-28 12:31:00,BID_DEPTH,"[(98991, 186)]"
2019-06-28 12:31:00,ASK_DEPTH,"[(99586, 186)]"
2019-06-28 12:31:00,IMBALANCE,"[186, 186]"
2019-06-28 12:31:00,HOLDINGS_UPDATED,"{'CASH': 9016564, 'JPM': 6}"
2019-06-28 12:32:00,BID_DEPTH,"[(99160, 227)]"
2019-06-28 12:32:00,ASK_DEPTH,"[(99449, 227)]"
2019-06-28 12:32:00,IMBALANCE,"[227, 227]"
2019-06-28 12:32:00,HOLDINGS_UPDATED,"{'CASH': 9314044, 'JPM': 3}"
2019-06-28 12:33:00,BID_DEPTH,"[(99182, 164)]"
2019-06-28 12:33:00,ASK_DEPTH,"[(99449, 164)]"
2019-06-28 12:33:00,IMBALANCE,"[164, 164]"
2019-06-28 12:33:00,HOLDINGS_UPDATED,{'CASH': 9611590}
2019-06-28 12:34:00,BID_DEPTH,"[(99160, 227)]"
2019-06-28 12:34:00,ASK_DEPTH,"[(99449, 227)]"
2019-06-28 12:34:00,IMBALANCE,"[227, 227]"
2019-06-28 12:34:00,HOLDINGS_UPDATED,"{'CASH': 9909070, 'JPM': -3}"
2019-06-28 12:35:00,BID_DEPTH,"[(98991, 151)]"
2019-06-28 12:35:00,ASK_DEPTH,"[(99385, 151)]"
2019-06-28 12:35:00,IMBALANCE,"[151, 151]"
2019-06-28 12:35:00,HOLDINGS_UPDATED,"{'CASH': 10206043, 'JPM': -6}"
2019-06-28 12:36:00,BID_DEPTH,"[(98363, 164)]"
2019-06-28 12:36:00,ASK_DEPTH,"[(98403, 78)]"
2019-06-28 12:36:00,IMBALANCE,"[164, 78]"
2019-06-28 12:36:00,HOLDINGS_UPDATED,"{'CASH': 10501132, 'JPM': -9}"
2019-06-28 12:37:00,BID_DEPTH,"[(98389, 164)]"
2019-06-28 12:37:00,ASK_DEPTH,"[(98403, 78)]"
2019-06-28 12:37:00,IMBALANCE,"[164, 78]"
2019-06-28 12:37:00,HOLDINGS_UPDATED,"{'CASH': 10796299, 'JPM': -12}"
2019-06-28 12:38:00,BID_DEPTH,"[(98249, 227)]"
2019-06-28 12:38:00,ASK_DEPTH,"[(98403, 141)]"
2019-06-28 12:38:00,IMBALANCE,"[227, 141]"
2019-06-28 12:38:00,HOLDINGS_UPDATED,"{'CASH': 11091046, 'JPM': -15}"
2019-06-28 12:39:00,BID_DEPTH,"[(98418, 354)]"
2019-06-28 12:39:00,ASK_DEPTH,"[(98437, 354)]"
2019-06-28 12:39:00,IMBALANCE,"[354, 354]"
2019-06-28 12:39:00,HOLDINGS_UPDATED,"{'CASH': 11386300, 'JPM': -18}"
2019-06-28 12:40:00,BID_DEPTH,"[(98437, 163)]"
2019-06-28 12:40:00,ASK_DEPTH,"[(98517, 227)]"
2019-06-28 12:40:00,IMBALANCE,"[163, 227]"
2019-06-28 12:40:00,HOLDINGS_UPDATED,"{'CASH': 11681611, 'JPM': -21}"
2019-06-28 12:41:00,BID_DEPTH,"[(98403, 227)]"
2019-06-28 12:41:00,ASK_DEPTH,"[(98517, 227)]"
2019-06-28 12:41:00,IMBALANCE,"[227, 227]"
2019-06-28 12:41:00,HOLDINGS_UPDATED,"{'CASH': 11976820, 'JPM': -24}"
2019-06-28 12:42:00,BID_DEPTH,"[(98060, 340)]"
2019-06-28 12:42:00,ASK_DEPTH,"[(98517, 354)]"
2019-06-28 12:42:00,IMBALANCE,"[340, 354]"
2019-06-28 12:42:00,HOLDINGS_UPDATED,"{'CASH': 12271000, 'JPM': -27}"
2019-06-28 12:43:00,BID_DEPTH,"[(98060, 164)]"
2019-06-28 12:43:00,ASK_DEPTH,"[(98517, 164)]"
2019-06-28 12:43:00,IMBALANCE,"[164, 164]"
2019-06-28 12:43:00,HOLDINGS_UPDATED,"{'CASH': 12565180, 'JPM': -30}"
2019-06-28 12:44:00,BID_DEPTH,"[(98060, 186)]"
2019-06-28 12:44:00,ASK_DEPTH,"[(98551, 186)]"
2019-06-28 12:44:00,IMBALANCE,"[186, 186]"
2019-06-28 12:44:00,HOLDINGS_UPDATED,"{'CASH': 12859360, 'JPM': -33}"
2019-06-28 12:45:00,BID_DEPTH,"[(98060, 227)]"
2019-06-28 12:45:00,ASK_DEPTH,"[(98606, 227)]"
2019-06-28 12:45:00,IMBALANCE,"[227, 227]"
2019-06-28 12:45:00,HOLDINGS_UPDATED,"{'CASH': 13153540, 'JPM': -36}"
2019-06-28 12:46:00,BID_DEPTH,"[(98606, 227)]"
2019-06-28 12:46:00,ASK_DEPTH,"[(98946, 227)]"
2019-06-28 12:46:00,IMBALANCE,"[227, 227]"
2019-06-28 12:46:00,HOLDINGS_UPDATED,"{'CASH': 13449358, 'JPM': -39}"
2019-06-28 12:47:00,BID_DEPTH,"[(98973, 65)]"
2019-06-28 12:47:00,ASK_DEPTH,"[(98998, 151)]"
2019-06-28 12:47:00,IMBALANCE,"[65, 151]"
2019-06-28 12:47:00,HOLDINGS_UPDATED,"{'CASH': 13746277, 'JPM': -42}"
2019-06-28 12:48:00,BID_DEPTH,"[(99027, 122)]"
2019-06-28 12:48:00,ASK_DEPTH,"[(99125, 186)]"
2019-06-28 12:48:00,IMBALANCE,"[122, 186]"
2019-06-28 12:48:00,HOLDINGS_UPDATED,"{'CASH': 14043358, 'JPM': -45}"
2019-06-28 12:49:00,BID_DEPTH,"[(99027, 251)]"
2019-06-28 12:49:00,ASK_DEPTH,"[(99125, 151)]"
2019-06-28 12:49:00,IMBALANCE,"[251, 151]"
2019-06-28 12:49:00,HOLDINGS_UPDATED,"{'CASH': 14340439, 'JPM': -48}"
2019-06-28 12:50:00,BID_DEPTH,"[(99027, 217)]"
2019-06-28 12:50:00,ASK_DEPTH,"[(99307, 227)]"
2019-06-28 12:50:00,IMBALANCE,"[217, 227]"
2019-06-28 12:50:00,HOLDINGS_UPDATED,"{'CASH': 14637520, 'JPM': -51}"
2019-06-28 12:51:00,BID_DEPTH,"[(99307, 186)]"
2019-06-28 12:51:00,ASK_DEPTH,"[(99481, 186)]"
2019-06-28 12:51:00,IMBALANCE,"[186, 186]"
2019-06-28 12:51:00,HOLDINGS_UPDATED,"{'CASH': 14935441, 'JPM': -54}"
2019-06-28 12:52:00,BID_DEPTH,"[(99481, 200)]"
2019-06-28 12:52:00,ASK_DEPTH,"[(99541, 186)]"
2019-06-28 12:52:00,IMBALANCE,"[200, 186]"
2019-06-28 12:52:00,HOLDINGS_UPDATED,"{'CASH': 15233884, 'JPM': -57}"
2019-06-28 12:53:00,BID_DEPTH,"[(99481, 258)]"
2019-06-28 12:53:00,ASK_DEPTH,"[(99541, 354)]"
2019-06-28 12:53:00,IMBALANCE,"[258, 354]"
2019-06-28 12:53:00,HOLDINGS_UPDATED,"{'CASH': 15532327, 'JPM': -60}"
2019-06-28 12:54:00,BID_DEPTH,"[(99481, 151)]"
2019-06-28 12:54:00,ASK_DEPTH,"[(99541, 151)]"
2019-06-28 12:54:00,IMBALANCE,"[151, 151]"
2019-06-28 12:54:00,HOLDINGS_UPDATED,"{'CASH': 15830770, 'JPM': -63}"
2019-06-28 12:55:00,BID_DEPTH,[]
2019-06-28 12:55:00,ASK_DEPTH,"[(99541, 100)]"
2019-06-28 12:55:00,IMBALANCE,"[0, 100]"
2019-06-28 12:56:00,BID_DEPTH,"[(99481, 151)]"
2019-06-28 12:56:00,ASK_DEPTH,"[(99621, 151)]"
2019-06-28 12:56:00,IMBALANCE,"[151, 151]"
2019-06-28 12:56:00,HOLDINGS_UPDATED,"{'CASH': 16129213, 'JPM': -66}"
2019-06-28 12:57:00,BID_DEPTH,"[(99481, 186)]"
2019-06-28 12:57:00,ASK_DEPTH,"[(99680, 186)]"
2019-06-28 12:57:00,IMBALANCE,"[186, 186]"
2019-06-28 12:57:00,HOLDINGS_UPDATED,"{'CASH': 15830173, 'JPM': -63}"
2019-06-28 12:58:00,BID_DEPTH,"[(99481, 186)]"
2019-06-28 12:58:00,ASK_DEPTH,"[(99680, 91)]"
2019-06-28 12:58:00,IMBALANCE,"[186, 91]"
2019-06-28 12:58:00,HOLDINGS_UPDATED,"{'CASH': 15531133, 'JPM': -60}"
2019-06-28 12:59:00,BID_DEPTH,"[(99481, 151)]"
2019-06-28 12:59:00,ASK_DEPTH,"[(99684, 137)]"
2019-06-28 12:59:00,IMBALANCE,"[151, 137]"
2019-06-28 12:59:00,HOLDINGS_UPDATED,"{'CASH': 15232081, 'JPM': -57}"
2019-06-28 13:00:00,BID_DEPTH,"[(99481, 227)]"
2019-06-28 13:00:00,ASK_DEPTH,"[(99531, 227)]"
2019-06-28 13:00:00,IMBALANCE,"[227, 227]"
2019-06-28 13:00:00,HOLDINGS_UPDATED,"{'CASH': 14933488, 'JPM': -54}"
2019-06-28 13:01:00,BID_DEPTH,"[(99481, 164)]"
2019-06-28 13:01:00,ASK_DEPTH,"[(99531, 164)]"
2019-06-28 13:01:00,IMBALANCE,"[164, 164]"
2019-06-28 13:01:00,HOLDINGS_UPDATED,"{'CASH': 14634895, 'JPM': -51}"
2019-06-28 13:02:00,BID_DEPTH,"[(99347, 354)]"
2019-06-28 13:02:00,ASK_DEPTH,"[(99530, 354)]"
2019-06-28 13:02:00,IMBALANCE,"[354, 354]"
2019-06-28 13:02:00,HOLDINGS_UPDATED,"{'CASH': 14336305, 'JPM': -48}"
2019-06-28 13:03:00,BID_DEPTH,"[(99189, 186)]"
2019-06-28 13:03:00,ASK_DEPTH,"[(99256, 186)]"
2019-06-28 13:03:00,IMBALANCE,"[186, 186]"
2019-06-28 13:03:00,HOLDINGS_UPDATED,"{'CASH': 14038537, 'JPM': -45}"
2019-06-28 13:04:00,BID_DEPTH,"[(99102, 186)]"
2019-06-28 13:04:00,ASK_DEPTH,"[(99253, 186)]"
2019-06-28 13:04:00,IMBALANCE,"[186, 186]"
2019-06-28 13:04:00,HOLDINGS_UPDATED,"{'CASH': 13740778, 'JPM': -42}"
2019-06-28 13:05:00,BID_DEPTH,"[(98956, 164)]"
2019-06-28 13:05:00,ASK_DEPTH,"[(99296, 164)]"
2019-06-28 13:05:00,IMBALANCE,"[164, 164]"
2019-06-28 13:05:00,HOLDINGS_UPDATED,"{'CASH': 13442890, 'JPM': -39}"
2019-06-28 13:06:00,BID_DEPTH,"[(98956, 151)]"
2019-06-28 13:06:00,ASK_DEPTH,"[(99031, 151)]"
2019-06-28 13:06:00,IMBALANCE,"[151, 151]"
2019-06-28 13:06:00,HOLDINGS_UPDATED,"{'CASH': 13145797, 'JPM': -36}"
2019-06-28 13:07:00,BID_DEPTH,"[(99090, 151)]"
2019-06-28 13:07:00,ASK_DEPTH,"[(99109, 151)]"
2019-06-28 13:07:00,IMBALANCE,"[151, 151]"
2019-06-28 13:07:00,HOLDINGS_UPDATED,"{'CASH': 12848470, 'JPM': -33}"
2019-06-28 13:08:00,BID_DEPTH,"[(98987, 164)]"
2019-06-28 13:08:00,ASK_DEPTH,"[(99156, 164)]"
2019-06-28 13:08:00,IMBALANCE,"[164, 164]"
2019-06-28 13:08:00,HOLDINGS_UPDATED,"{'CASH': 12551002, 'JPM': -30}"
2019-06-28 13:09:00,BID_DEPTH,"[(99156, 327)]"
2019-06-28 13:09:00,ASK_DEPTH,"[(99296, 227)]"
2019-06-28 13:09:00,IMBALANCE,"[327, 227]"
2019-06-28 13:09:00,HOLDINGS_UPDATED,"{'CASH': 12253114, 'JPM': -27}"
2019-06-28 13:10:00,BID_DEPTH,"[(99156, 454)]"
2019-06-28 13:10:00,ASK_DEPTH,"[(99396, 354)]"
2019-06-28 13:10:00,IMBALANCE,"[454, 354]"
2019-06-28 13:10:00,HOLDINGS_UPDATED,"{'CASH': 11954926, 'JPM': -24}"
2019-06-28 13:11:00,BID_DEPTH,"[(99396, 151)]"
2019-06-28 13:11:00,ASK_DEPTH,"[(99531, 151)]"
2019-06-28 13:11:00,IMBALANCE,"[151, 151]"
2019-06-28 13:11:00,HOLDINGS_UPDATED,"{'CASH': 11656333, 'JPM': -21}"
2019-06-28 13:12:00,BID_DEPTH,"[(99396, 186)]"
2019-06-28 13:12:00,ASK_DEPTH,"[(99534, 186)]"
2019-06-28 13:12:00,IMBALANCE,"[186, 186]"
2019-06-28 13:12:00,HOLDINGS_UPDATED,"{'CASH': 11357731, 'JPM': -18}"
2019-06-28 13:13:00,BID_DEPTH,"[(99534, 151)]"
2019-06-28 13:13:00,ASK_DEPTH,"[(99669, 151)]"
2019-06-28 13:13:00,IMBALANCE,"[151, 151]"
2019-06-28 13:13:00,HOLDINGS_UPDATED,"{'CASH': 11058724, 'JPM': -15}"
2019-06-28 13:14:00,BID_DEPTH,"[(99534, 227)]"
2019-06-28 13:14:00,ASK_DEPTH,"[(99684, 132)]"
2019-06-28 13:14:00,IMBALANCE,"[227, 132]"
2019-06-28 13:14:00,HOLDINGS_UPDATED,"{'CASH': 10759672, 'JPM': -12}"
2019-06-28 13:15:00,BID_DEPTH,"[(99534, 151)]"
2019-06-28 13:15:00,ASK_DEPTH,"[(99843, 151)]"
2019-06-28 13:15:00,IMBALANCE,"[151, 151]"
2019-06-28 13:15:00,HOLDINGS_UPDATED,"{'CASH': 10460143, 'JPM': -9}"
2019-06-28 13:16:00,BID_DEPTH,"[(99893, 354)]"
2019-06-28 13:16:00,ASK_DEPTH,"[(100295, 354)]"
2019-06-28 13:16:00,IMBALANCE,"[354, 354]"
2019-06-28 13:16:00,HOLDINGS_UPDATED,"{'CASH': 10159258, 'JPM': -6}"
2019-06-28 13:17:00,BID_DEPTH,"[(99893, 186)]"
2019-06-28 13:17:00,ASK_DEPTH,"[(100495, 186)]"
2019-06-28 13:17:00,IMBALANCE,"[186, 186]"
2019-06-28 13:17:00,HOLDINGS_UPDATED,"{'CASH': 9857773, 'JPM': -3}"
2019-06-28 13:18:00,BID_DEPTH,"[(100453, 186)]"
2019-06-28 13:18:00,ASK_DEPTH,"[(100495, 91)]"
2019-06-28 13:18:00,IMBALANCE,"[186, 91]"
2019-06-28 13:18:00,HOLDINGS_UPDATED,{'CASH': 9556288}
2019-06-28 13:19:00,BID_DEPTH,"[(100453, 227)]"
2019-06-28 13:19:00,ASK_DEPTH,"[(100672, 227)]"
2019-06-28 13:19:00,IMBALANCE,"[227, 227]"
2019-06-28 13:19:00,HOLDINGS_UPDATED,"{'CASH': 9254272, 'JPM': 3}"
2019-06-28 13:20:00,BID_DEPTH,"[(100373, 151)]"
2019-06-28 13:20:00,ASK_DEPTH,"[(100672, 156)]"
2019-06-28 13:20:00,IMBALANCE,"[151, 156]"
2019-06-28 13:20:00,HOLDINGS_UPDATED,"{'CASH': 8952256, 'JPM': 6}"
2019-06-28 13:21:00,BID_DEPTH,"[(100262, 354)]"
2019-06-28 13:21:00,ASK_DEPTH,"[(100671, 354)]"
2019-06-28 13:21:00,IMBALANCE,"[354, 354]"
2019-06-28 13:21:00,HOLDINGS_UPDATED,"{'CASH': 8650243, 'JPM': 9}"
2019-06-28 13:22:00,BID_DEPTH,"[(100049, 227)]"
2019-06-28 13:22:00,ASK_DEPTH,"[(100671, 332)]"
2019-06-28 13:22:00,IMBALANCE,"[227, 332]"
2019-06-28 13:22:00,HOLDINGS_UPDATED,"{'CASH': 8348230, 'JPM': 12}"
2019-06-28 13:23:00,BID_DEPTH,"[(100049, 354)]"
2019-06-28 13:23:00,ASK_DEPTH,"[(100671, 354)]"
2019-06-28 13:23:00,IMBALANCE,"[354, 354]"
2019-06-28 13:23:00,HOLDINGS_UPDATED,"{'CASH': 8046217, 'JPM': 15}"
2019-06-28 13:24:00,BID_DEPTH,"[(99893, 186)]"
2019-06-28 13:24:00,ASK_DEPTH,"[(100671, 291)]"
2019-06-28 13:24:00,IMBALANCE,"[186, 291]"
2019-06-28 13:24:00,HOLDINGS_UPDATED,"{'CASH': 7744204, 'JPM': 18}"
2019-06-28 13:25:00,BID_DEPTH,"[(99534, 186)]"
2019-06-28 13:25:00,ASK_DEPTH,"[(99749, 186)]"
2019-06-28 13:25:00,IMBALANCE,"[186, 186]"
2019-06-28 13:25:00,HOLDINGS_UPDATED,"{'CASH': 7444957, 'JPM': 21}"
2019-06-28 13:26:00,BID_DEPTH,"[(99534, 354)]"
2019-06-28 13:26:00,ASK_DEPTH,"[(100672, 259)]"
2019-06-28 13:26:00,IMBALANCE,"[354, 259]"
2019-06-28 13:26:00,HOLDINGS_UPDATED,"{'CASH': 7142941, 'JPM': 24}"
2019-06-28 13:27:00,BID_DEPTH,"[(99534, 164)]"
2019-06-28 13:27:00,ASK_DEPTH,"[(100687, 164)]"
2019-06-28 13:27:00,IMBALANCE,"[164, 164]"
2019-06-28 13:27:00,HOLDINGS_UPDATED,"{'CASH': 6840880, 'JPM': 27}"
2019-06-28 13:28:00,BID_DEPTH,"[(99226, 151)]"
2019-06-28 13:28:00,ASK_DEPTH,"[(100687, 151)]"
2019-06-28 13:28:00,IMBALANCE,"[151, 151]"
2019-06-28 13:28:00,HOLDINGS_UPDATED,"{'CASH': 6538819, 'JPM': 30}"
2019-06-28 13:29:00,BID_DEPTH,"[(99016, 164)]"
2019-06-28 13:29:00,ASK_DEPTH,"[(100687, 164)]"
2019-06-28 13:29:00,IMBALANCE,"[164, 164]"
2019-06-28 13:29:00,HOLDINGS_UPDATED,"{'CASH': 6236758, 'JPM': 33}"
2019-06-28 13:30:00,BID_DEPTH,"[(98811, 164)]"
2019-06-28 13:30:00,ASK_DEPTH,"[(99016, 164)]"
2019-06-28 13:30:00,IMBALANCE,"[164, 164]"
2019-06-28 13:30:00,HOLDINGS_UPDATED,"{'CASH': 5939710, 'JPM': 36}"
2019-06-28 13:31:00,BID_DEPTH,"[(98502, 354)]"
2019-06-28 13:31:00,ASK_DEPTH,"[(99016, 454)]"
2019-06-28 13:31:00,IMBALANCE,"[354, 454]"
2019-06-28 13:31:00,HOLDINGS_UPDATED,"{'CASH': 5642662, 'JPM': 39}"
2019-06-28 13:32:00,BID_DEPTH,"[(98597, 151)]"
2019-06-28 13:32:00,ASK_DEPTH,"[(99015, 151)]"
2019-06-28 13:32:00,IMBALANCE,"[151, 151]"
2019-06-28 13:32:00,HOLDINGS_UPDATED,"{'CASH': 5345617, 'JPM': 42}"
2019-06-28 13:33:00,BID_DEPTH,"[(98597, 227)]"
2019-06-28 13:33:00,ASK_DEPTH,"[(99016, 217)]"
2019-06-28 13:33:00,IMBALANCE,"[227, 217]"
2019-06-28 13:33:00,HOLDINGS_UPDATED,"{'CASH': 5048569, 'JPM': 45}"
2019-06-28 13:34:00,BID_DEPTH,"[(98597, 164)]"
2019-06-28 13:34:00,ASK_DEPTH,"[(99283, 164)]"
2019-06-28 13:34:00,IMBALANCE,"[164, 164]"
2019-06-28 13:34:00,HOLDINGS_UPDATED,"{'CASH': 4750720, 'JPM': 48}"
2019-06-28 13:35:00,BID_DEPTH,"[(98537, 186)]"
2019-06-28 13:35:00,ASK_DEPTH,"[(100793, 186)]"
2019-06-28 13:35:00,IMBALANCE,"[186, 186]"
2019-06-28 13:35:00,HOLDINGS_UPDATED,"{'CASH': 4448341, 'JPM': 51}"
2019-06-28 13:36:00,BID_DEPTH,"[(98669, 186)]"
2019-06-28 13:36:00,ASK_DEPTH,"[(99180, 186)]"
2019-06-28 13:36:00,IMBALANCE,"[186, 186]"
2019-06-28 13:36:00,HOLDINGS_UPDATED,"{'CASH': 4150801, 'JPM': 54}"
2019-06-28 13:37:00,BID_DEPTH,"[(99002, 227)]"
2019-06-28 13:37:00,ASK_DEPTH,"[(100793, 227)]"
2019-06-28 13:37:00,IMBALANCE,"[227, 227]"
2019-06-28 13:37:00,HOLDINGS_UPDATED,"{'CASH': 3848422, 'JPM': 57}"
2019-06-28 13:38:00,BID_DEPTH,"[(98669, 186)]"
2019-06-28 13:38:00,ASK_DEPTH,"[(100793, 186)]"
2019-06-28 13:38:00,IMBALANCE,"[186, 186]"
2019-06-28 13:38:00,HOLDINGS_UPDATED,"{'CASH': 3546043, 'JPM': 60}"
2019-06-28 13:39:00,BID_DEPTH,"[(98669, 164)]"
2019-06-28 13:39:00,ASK_DEPTH,"[(98788, 164)]"
2019-06-28 13:39:00,IMBALANCE,"[164, 164]"
2019-06-28 13:39:00,HOLDINGS_UPDATED,"{'CASH': 3249679, 'JPM': 63}"
2019-06-28 13:40:00,BID_DEPTH,"[(99162, 227)]"
2019-06-28 13:40:00,ASK_DEPTH,"[(99581, 227)]"
2019-06-28 13:40:00,IMBALANCE,"[227, 227]"
2019-06-28 13:40:00,HOLDINGS_UPDATED,"{'CASH': 2950936, 'JPM': 66}"
2019-06-28 13:41:00,BID_DEPTH,"[(99268, 286)]"
2019-06-28 13:41:00,ASK_DEPTH,"[(99546, 186)]"
2019-06-28 13:41:00,IMBALANCE,"[286, 186]"
2019-06-28 13:41:00,HOLDINGS_UPDATED,"{'CASH': 3248740, 'JPM': 63}"
2019-06-28 13:42:00,BID_DEPTH,"[(99268, 217)]"
2019-06-28 13:42:00,ASK_DEPTH,"[(99546, 227)]"
2019-06-28 13:42:00,IMBALANCE,"[217, 227]"
2019-06-28 13:42:00,HOLDINGS_UPDATED,"{'CASH': 3546544, 'JPM': 60}"
2019-06-28 13:43:00,BID_DEPTH,"[(99273, 164)]"
2019-06-28 13:43:00,ASK_DEPTH,"[(99301, 164)]"
2019-06-28 13:43:00,IMBALANCE,"[164, 164]"
2019-06-28 13:43:00,HOLDINGS_UPDATED,"{'CASH': 3844363, 'JPM': 57}"
2019-06-28 13:44:00,BID_DEPTH,"[(99268, 151)]"
2019-06-28 13:44:00,ASK_DEPTH,"[(99301, 151)]"
2019-06-28 13:44:00,IMBALANCE,"[151, 151]"
2019-06-28 13:44:00,HOLDINGS_UPDATED,"{'CASH': 4142167, 'JPM': 54}"
2019-06-28 13:45:00,BID_DEPTH,"[(99268, 251)]"
2019-06-28 13:45:00,ASK_DEPTH,"[(99301, 151)]"
2019-06-28 13:45:00,IMBALANCE,"[251, 151]"
2019-06-28 13:45:00,HOLDINGS_UPDATED,"{'CASH': 4439971, 'JPM': 51}"
2019-06-28 13:46:00,BID_DEPTH,"[(99268, 141)]"
2019-06-28 13:46:00,ASK_DEPTH,"[(99409, 151)]"
2019-06-28 13:46:00,IMBALANCE,"[141, 151]"
2019-06-28 13:46:00,HOLDINGS_UPDATED,"{'CASH': 4737775, 'JPM': 48}"
2019-06-28 13:47:00,BID_DEPTH,"[(99268, 164)]"
2019-06-28 13:47:00,ASK_DEPTH,"[(99409, 164)]"
2019-06-28 13:47:00,IMBALANCE,"[164, 164]"
2019-06-28 13:47:00,HOLDINGS_UPDATED,"{'CASH': 5035579, 'JPM': 45}"
2019-06-28 13:48:00,BID_DEPTH,"[(99277, 227)]"
2019-06-28 13:48:00,ASK_DEPTH,"[(99647, 227)]"
2019-06-28 13:48:00,IMBALANCE,"[227, 227]"
2019-06-28 13:48:00,HOLDINGS_UPDATED,"{'CASH': 5333410, 'JPM': 42}"
2019-06-28 13:49:00,BID_DEPTH,"[(99640, 186)]"
2019-06-28 13:49:00,ASK_DEPTH,"[(99708, 186)]"
2019-06-28 13:49:00,IMBALANCE,"[186, 186]"
2019-06-28 13:49:00,HOLDINGS_UPDATED,"{'CASH': 5632330, 'JPM': 39}"
2019-06-28 13:50:00,BID_DEPTH,"[(99268, 427)]"
2019-06-28 13:50:00,ASK_DEPTH,"[(99708, 227)]"
2019-06-28 13:50:00,IMBALANCE,"[427, 227]"
2019-06-28 13:50:00,HOLDINGS_UPDATED,"{'CASH': 5930134, 'JPM': 36}"
2019-06-28 13:51:00,BID_DEPTH,"[(99268, 154)]"
2019-06-28 13:51:00,ASK_DEPTH,"[(99679, 164)]"
2019-06-28 13:51:00,IMBALANCE,"[154, 164]"
2019-06-28 13:51:00,HOLDINGS_UPDATED,"{'CASH': 6227938, 'JPM': 33}"
2019-06-28 13:52:00,BID_DEPTH,"[(99259, 186)]"
2019-06-28 13:52:00,ASK_DEPTH,"[(99679, 186)]"
2019-06-28 13:52:00,IMBALANCE,"[186, 186]"
2019-06-28 13:52:00,HOLDINGS_UPDATED,"{'CASH': 6525715, 'JPM': 30}"
2019-06-28 13:53:00,BID_DEPTH,"[(99679, 354)]"
2019-06-28 13:53:00,ASK_DEPTH,"[(99796, 354)]"
2019-06-28 13:53:00,IMBALANCE,"[354, 354]"
2019-06-28 13:53:00,HOLDINGS_UPDATED,"{'CASH': 6824752, 'JPM': 27}"
2019-06-28 13:54:00,BID_DEPTH,"[(99679, 354)]"
2019-06-28 13:54:00,ASK_DEPTH,"[(99873, 354)]"
2019-06-28 13:54:00,IMBALANCE,"[354, 354]"
2019-06-28 13:54:00,HOLDINGS_UPDATED,"{'CASH': 7123789, 'JPM': 24}"
2019-06-28 13:55:00,BID_DEPTH,"[(99731, 186)]"
2019-06-28 13:55:00,ASK_DEPTH,"[(99873, 186)]"
2019-06-28 13:55:00,IMBALANCE,"[186, 186]"
2019-06-28 13:55:00,HOLDINGS_UPDATED,"{'CASH': 7422982, 'JPM': 21}"
2019-06-28 13:56:00,BID_DEPTH,"[(99679, 227)]"
2019-06-28 13:56:00,ASK_DEPTH,"[(99825, 227)]"
2019-06-28 13:56:00,IMBALANCE,"[227, 227]"
2019-06-28 13:56:00,HOLDINGS_UPDATED,"{'CASH': 7722019, 'JPM': 18}"
2019-06-28 13:57:00,BID_DEPTH,"[(99652, 227)]"
2019-06-28 13:57:00,ASK_DEPTH,"[(99825, 227)]"
2019-06-28 13:57:00,IMBALANCE,"[227, 227]"
2019-06-28 13:57:00,HOLDINGS_UPDATED,"{'CASH': 8020975, 'JPM': 15}"
2019-06-28 13:58:00,BID_DEPTH,"[(99256, 164)]"
2019-06-28 13:58:00,ASK_DEPTH,"[(99825, 164)]"
2019-06-28 13:58:00,IMBALANCE,"[164, 164]"
2019-06-28 13:58:00,HOLDINGS_UPDATED,"{'CASH': 8318743, 'JPM': 12}"
2019-06-28 13:59:00,BID_DEPTH,"[(99236, 227)]"
2019-06-28 13:59:00,ASK_DEPTH,"[(99328, 227)]"
2019-06-28 13:59:00,IMBALANCE,"[227, 227]"
2019-06-28 13:59:00,HOLDINGS_UPDATED,"{'CASH': 8616451, 'JPM': 9}"
2019-06-28 14:00:00,BID_DEPTH,"[(99234, 354)]"
2019-06-28 14:00:00,ASK_DEPTH,"[(99236, 354)]"
2019-06-28 14:00:00,IMBALANCE,"[354, 354]"
2019-06-28 14:00:00,HOLDINGS_UPDATED,"{'CASH': 8914153, 'JPM': 6}"
2019-06-28 14:01:00,BID_DEPTH,"[(99182, 186)]"
2019-06-28 14:01:00,ASK_DEPTH,"[(99234, 186)]"
2019-06-28 14:01:00,IMBALANCE,"[186, 186]"
2019-06-28 14:01:00,HOLDINGS_UPDATED,"{'CASH': 9211699, 'JPM': 3}"
2019-06-28 14:02:00,BID_DEPTH,"[(99170, 164)]"
2019-06-28 14:02:00,ASK_DEPTH,"[(99234, 164)]"
2019-06-28 14:02:00,IMBALANCE,"[164, 164]"
2019-06-28 14:02:00,HOLDINGS_UPDATED,{'CASH': 9509209}
2019-06-28 14:03:00,BID_DEPTH,"[(99158, 164)]"
2019-06-28 14:03:00,ASK_DEPTH,"[(99373, 164)]"
2019-06-28 14:03:00,IMBALANCE,"[164, 164]"
2019-06-28 14:03:00,HOLDINGS_UPDATED,"{'CASH': 9806683, 'JPM': -3}"
2019-06-28 14:04:00,BID_DEPTH,"[(99158, 354)]"
2019-06-28 14:04:00,ASK_DEPTH,"[(99373, 354)]"
2019-06-28 14:04:00,IMBALANCE,"[354, 354]"
2019-06-28 14:04:00,HOLDINGS_UPDATED,"{'CASH': 10104157, 'JPM': -6}"
2019-06-28 14:05:00,BID_DEPTH,"[(99159, 186)]"
2019-06-28 14:05:00,ASK_DEPTH,"[(99859, 186)]"
2019-06-28 14:05:00,IMBALANCE,"[186, 186]"
2019-06-28 14:05:00,HOLDINGS_UPDATED,"{'CASH': 10401634, 'JPM': -9}"
2019-06-28 14:06:00,BID_DEPTH,"[(99158, 227)]"
2019-06-28 14:06:00,ASK_DEPTH,"[(100006, 227)]"
2019-06-28 14:06:00,IMBALANCE,"[227, 227]"
2019-06-28 14:06:00,HOLDINGS_UPDATED,"{'CASH': 10699108, 'JPM': -12}"
2019-06-28 14:07:00,BID_DEPTH,"[(99073, 227)]"
2019-06-28 14:07:00,ASK_DEPTH,"[(100268, 227)]"
2019-06-28 14:07:00,IMBALANCE,"[227, 227]"
2019-06-28 14:07:00,HOLDINGS_UPDATED,"{'CASH': 10996327, 'JPM': -15}"
2019-06-28 14:08:00,BID_DEPTH,"[(99006, 151)]"
2019-06-28 14:08:00,ASK_DEPTH,"[(100352, 151)]"
2019-06-28 14:08:00,IMBALANCE,"[151, 151]"
2019-06-28 14:08:00,HOLDINGS_UPDATED,"{'CASH': 11293345, 'JPM': -18}"
2019-06-28 14:09:00,BID_DEPTH,"[(99006, 164)]"
2019-06-28 14:09:00,ASK_DEPTH,"[(100564, 164)]"
2019-06-28 14:09:00,IMBALANCE,"[164, 164]"
2019-06-28 14:09:00,HOLDINGS_UPDATED,"{'CASH': 11590363, 'JPM': -21}"
2019-06-28 14:10:00,BID_DEPTH,"[(98788, 186)]"
2019-06-28 14:10:00,ASK_DEPTH,"[(100629, 186)]"
2019-06-28 14:10:00,IMBALANCE,"[186, 186]"
2019-06-28 14:10:00,HOLDINGS_UPDATED,"{'CASH': 11288476, 'JPM': -18}"
2019-06-28 14:11:00,BID_DEPTH,"[(100629, 227)]"
2019-06-28 14:11:00,ASK_DEPTH,"[(101316, 227)]"
2019-06-28 14:11:00,IMBALANCE,"[227, 227]"
2019-06-28 14:11:00,HOLDINGS_UPDATED,"{'CASH': 10984528, 'JPM': -15}"
2019-06-28 14:12:00,BID_DEPTH,"[(100629, 164)]"
2019-06-28 14:12:00,ASK_DEPTH,"[(101316, 69)]"
2019-06-28 14:12:00,IMBALANCE,"[164, 69]"
2019-06-28 14:12:00,HOLDINGS_UPDATED,"{'CASH': 10680580, 'JPM': -12}"
2019-06-28 14:13:00,BID_DEPTH,"[(101316, 132)]"
2019-06-28 14:13:00,ASK_DEPTH,"[(101528, 296)]"
2019-06-28 14:13:00,IMBALANCE,"[132, 296]"
2019-06-28 14:13:00,HOLDINGS_UPDATED,"{'CASH': 10375996, 'JPM': -9}"
2019-06-28 14:14:00,BID_DEPTH,"[(100629, 164)]"
2019-06-28 14:14:00,ASK_DEPTH,"[(101528, 128)]"
2019-06-28 14:14:00,IMBALANCE,"[164, 128]"
2019-06-28 14:14:00,HOLDINGS_UPDATED,"{'CASH': 10071412, 'JPM': -6}"
2019-06-28 14:15:00,BID_DEPTH,"[(99893, 186)]"
2019-06-28 14:15:00,ASK_DEPTH,"[(100629, 386)]"
2019-06-28 14:15:00,IMBALANCE,"[186, 386]"
2019-06-28 14:15:00,HOLDINGS_UPDATED,"{'CASH': 9769525, 'JPM': -3}"
2019-06-28 14:16:00,BID_DEPTH,"[(99792, 227)]"
2019-06-28 14:16:00,ASK_DEPTH,"[(99838, 227)]"
2019-06-28 14:16:00,IMBALANCE,"[227, 227]"
2019-06-28 14:16:00,HOLDINGS_UPDATED,{'CASH': 9470011}
2019-06-28 14:17:00,BID_DEPTH,"[(99678, 186)]"
2019-06-28 14:17:00,ASK_DEPTH,"[(99838, 286)]"
2019-06-28 14:17:00,IMBALANCE,"[186, 286]"
2019-06-28 14:17:00,HOLDINGS_UPDATED,"{'CASH': 9170497, 'JPM': 3}"
2019-06-28 14:18:00,BID_DEPTH,"[(99802, 354)]"
2019-06-28 14:18:00,ASK_DEPTH,"[(99838, 344)]"
2019-06-28 14:18:00,IMBALANCE,"[354, 344]"
2019-06-28 14:18:00,HOLDINGS_UPDATED,"{'CASH': 8870983, 'JPM': 6}"
2019-06-28 14:19:00,BID_DEPTH,"[(99838, 164)]"
2019-06-28 14:19:00,ASK_DEPTH,"[(100115, 164)]"
2019-06-28 14:19:00,IMBALANCE,"[164, 164]"
2019-06-28 14:19:00,HOLDINGS_UPDATED,"{'CASH': 8570638, 'JPM': 9}"
2019-06-28 14:20:00,BID_DEPTH,"[(99709, 151)]"
2019-06-28 14:20:00,ASK_DEPTH,"[(100336, 151)]"
2019-06-28 14:20:00,IMBALANCE,"[151, 151]"
2019-06-28 14:20:00,HOLDINGS_UPDATED,"{'CASH': 8269630, 'JPM': 12}"
2019-06-28 14:21:00,BID_DEPTH,"[(99709, 186)]"
2019-06-28 14:21:00,ASK_DEPTH,"[(99962, 186)]"
2019-06-28 14:21:00,IMBALANCE,"[186, 186]"
2019-06-28 14:21:00,HOLDINGS_UPDATED,"{'CASH': 7969744, 'JPM': 15}"
2019-06-28 14:22:00,BID_DEPTH,"[(99901, 354)]"
2019-06-28 14:22:00,ASK_DEPTH,"[(99962, 354)]"
2019-06-28 14:22:00,IMBALANCE,"[354, 354]"
2019-06-28 14:22:00,HOLDINGS_UPDATED,"{'CASH': 7669858, 'JPM': 18}"
2019-06-28 14:23:00,BID_DEPTH,"[(99901, 227)]"
2019-06-28 14:23:00,ASK_DEPTH,"[(99962, 327)]"
2019-06-28 14:23:00,IMBALANCE,"[227, 327]"
2019-06-28 14:23:00,HOLDINGS_UPDATED,"{'CASH': 7369972, 'JPM': 21}"
2019-06-28 14:24:00,BID_DEPTH,"[(99901, 186)]"
2019-06-28 14:24:00,ASK_DEPTH,"[(99962, 176)]"
2019-06-28 14:24:00,IMBALANCE,"[186, 176]"
2019-06-28 14:24:00,HOLDINGS_UPDATED,"{'CASH': 7070086, 'JPM': 24}"
2019-06-28 14:25:00,BID_DEPTH,"[(99901, 227)]"
2019-06-28 14:25:00,ASK_DEPTH,"[(99962, 227)]"
2019-06-28 14:25:00,IMBALANCE,"[227, 227]"
2019-06-28 14:25:00,HOLDINGS_UPDATED,"{'CASH': 6770200, 'JPM': 27}"
2019-06-28 14:26:00,BID_DEPTH,"[(99709, 186)]"
2019-06-28 14:26:00,ASK_DEPTH,"[(100098, 186)]"
2019-06-28 14:26:00,IMBALANCE,"[186, 186]"
2019-06-28 14:26:00,HOLDINGS_UPDATED,"{'CASH': 6469906, 'JPM': 30}"
2019-06-28 14:27:00,BID_DEPTH,"[(99577, 164)]"
2019-06-28 14:27:00,ASK_DEPTH,"[(99640, 78)]"
2019-06-28 14:27:00,IMBALANCE,"[164, 78]"
2019-06-28 14:27:00,HOLDINGS_UPDATED,"{'CASH': 6170986, 'JPM': 33}"
2019-06-28 14:28:00,BID_DEPTH,"[(98548, 186)]"
2019-06-28 14:28:00,ASK_DEPTH,"[(100118, 186)]"
2019-06-28 14:28:00,IMBALANCE,"[186, 186]"
2019-06-28 14:28:00,HOLDINGS_UPDATED,"{'CASH': 5870632, 'JPM': 36}"
2019-06-28 14:29:00,BID_DEPTH,"[(99019, 186)]"
2019-06-28 14:29:00,ASK_DEPTH,"[(99216, 186)]"
2019-06-28 14:29:00,IMBALANCE,"[186, 186]"
2019-06-28 14:29:00,HOLDINGS_UPDATED,"{'CASH': 5572984, 'JPM': 39}"
2019-06-28 14:30:00,BID_DEPTH,"[(99019, 151)]"
2019-06-28 14:30:00,ASK_DEPTH,"[(99490, 151)]"
2019-06-28 14:30:00,IMBALANCE,"[151, 151]"
2019-06-28 14:30:00,HOLDINGS_UPDATED,"{'CASH': 5274514, 'JPM': 42}"
2019-06-28 14:31:00,BID_DEPTH,"[(99470, 151)]"
2019-06-28 14:31:00,ASK_DEPTH,"[(99547, 151)]"
2019-06-28 14:31:00,IMBALANCE,"[151, 151]"
2019-06-28 14:31:00,HOLDINGS_UPDATED,"{'CASH': 4975873, 'JPM': 45}"
2019-06-28 14:32:00,BID_DEPTH,"[(99470, 186)]"
2019-06-28 14:32:00,ASK_DEPTH,"[(100118, 186)]"
2019-06-28 14:32:00,IMBALANCE,"[186, 186]"
2019-06-28 14:32:00,HOLDINGS_UPDATED,"{'CASH': 4675519, 'JPM': 48}"
2019-06-28 14:33:00,BID_DEPTH,"[(99470, 227)]"
2019-06-28 14:33:00,ASK_DEPTH,"[(100354, 227)]"
2019-06-28 14:33:00,IMBALANCE,"[227, 227]"
2019-06-28 14:33:00,HOLDINGS_UPDATED,"{'CASH': 4374457, 'JPM': 51}"
2019-06-28 14:34:00,BID_DEPTH,"[(99763, 186)]"
2019-06-28 14:34:00,ASK_DEPTH,"[(99963, 186)]"
2019-06-28 14:34:00,IMBALANCE,"[186, 186]"
2019-06-28 14:34:00,HOLDINGS_UPDATED,"{'CASH': 4074568, 'JPM': 54}"
2019-06-28 14:35:00,BID_DEPTH,"[(99763, 151)]"
2019-06-28 14:35:00,ASK_DEPTH,"[(99963, 351)]"
2019-06-28 14:35:00,IMBALANCE,"[151, 351]"
2019-06-28 14:35:00,HOLDINGS_UPDATED,"{'CASH': 4373857, 'JPM': 51}"
2019-06-28 14:36:00,BID_DEPTH,"[(99429, 151)]"
2019-06-28 14:36:00,ASK_DEPTH,"[(99963, 351)]"
2019-06-28 14:36:00,IMBALANCE,"[151, 351]"
2019-06-28 14:36:00,HOLDINGS_UPDATED,"{'CASH': 4672144, 'JPM': 48}"
2019-06-28 14:37:00,BID_DEPTH,"[(99429, 141)]"
2019-06-28 14:37:00,ASK_DEPTH,"[(99963, 386)]"
2019-06-28 14:37:00,IMBALANCE,"[141, 386]"
2019-06-28 14:37:00,HOLDINGS_UPDATED,"{'CASH': 4970431, 'JPM': 45}"
2019-06-28 14:38:00,BID_DEPTH,"[(99019, 151)]"
2019-06-28 14:38:00,ASK_DEPTH,"[(99963, 351)]"
2019-06-28 14:38:00,IMBALANCE,"[151, 351]"
2019-06-28 14:38:00,HOLDINGS_UPDATED,"{'CASH': 5267488, 'JPM': 42}"
2019-06-28 14:39:00,BID_DEPTH,"[(99786, 164)]"
2019-06-28 14:39:00,ASK_DEPTH,"[(99963, 364)]"
2019-06-28 14:39:00,IMBALANCE,"[164, 364]"
2019-06-28 14:39:00,HOLDINGS_UPDATED,"{'CASH': 5566846, 'JPM': 39}"
2019-06-28 14:40:00,BID_DEPTH,"[(99786, 354)]"
2019-06-28 14:40:00,ASK_DEPTH,"[(99992, 354)]"
2019-06-28 14:40:00,IMBALANCE,"[354, 354]"
2019-06-28 14:40:00,HOLDINGS_UPDATED,"{'CASH': 5866204, 'JPM': 36}"
2019-06-28 14:41:00,BID_DEPTH,"[(99786, 327)]"
2019-06-28 14:41:00,ASK_DEPTH,"[(99870, 227)]"
2019-06-28 14:41:00,IMBALANCE,"[327, 227]"
2019-06-28 14:41:00,HOLDINGS_UPDATED,"{'CASH': 6165562, 'JPM': 33}"
2019-06-28 14:42:00,BID_DEPTH,"[(99787, 151)]"
2019-06-28 14:42:00,ASK_DEPTH,"[(100034, 151)]"
2019-06-28 14:42:00,IMBALANCE,"[151, 151]"
2019-06-28 14:42:00,HOLDINGS_UPDATED,"{'CASH': 6464923, 'JPM': 30}"
2019-06-28 14:43:00,BID_DEPTH,"[(99786, 344)]"
2019-06-28 14:43:00,ASK_DEPTH,"[(100034, 354)]"
2019-06-28 14:43:00,IMBALANCE,"[344, 354]"
2019-06-28 14:43:00,HOLDINGS_UPDATED,"{'CASH': 6764281, 'JPM': 27}"
2019-06-28 14:44:00,BID_DEPTH,"[(100194, 186)]"
2019-06-28 14:44:00,ASK_DEPTH,"[(100200, 186)]"
2019-06-28 14:44:00,IMBALANCE,"[186, 186]"
2019-06-28 14:44:00,HOLDINGS_UPDATED,"{'CASH': 7064863, 'JPM': 24}"
2019-06-28 14:45:00,BID_DEPTH,"[(100033, 100)]"
2019-06-28 14:45:00,ASK_DEPTH,"[(100253, 186)]"
2019-06-28 14:45:00,IMBALANCE,"[100, 186]"
2019-06-28 14:45:00,HOLDINGS_UPDATED,"{'CASH': 7364962, 'JPM': 21}"
2019-06-28 14:46:00,BID_DEPTH,"[(99875, 280)]"
2019-06-28 14:46:00,ASK_DEPTH,"[(100033, 90)]"
2019-06-28 14:46:00,IMBALANCE,"[280, 90]"
2019-06-28 14:46:00,HOLDINGS_UPDATED,"{'CASH': 7664587, 'JPM': 18}"
2019-06-28 14:47:00,BID_DEPTH,"[(99875, 338)]"
2019-06-28 14:47:00,ASK_DEPTH,"[(100033, 258)]"
2019-06-28 14:47:00,IMBALANCE,"[338, 258]"
2019-06-28 14:47:00,HOLDINGS_UPDATED,"{'CASH': 7964212, 'JPM': 15}"
2019-06-28 14:48:00,BID_DEPTH,"[(99875, 327)]"
2019-06-28 14:48:00,ASK_DEPTH,"[(100033, 131)]"
2019-06-28 14:48:00,IMBALANCE,"[327, 131]"
2019-06-28 14:48:00,HOLDINGS_UPDATED,"{'CASH': 8263837, 'JPM': 12}"
2019-06-28 14:49:00,BID_DEPTH,"[(100033, 109)]"
2019-06-28 14:49:00,ASK_DEPTH,"[(100147, 164)]"
2019-06-28 14:49:00,IMBALANCE,"[109, 164]"
2019-06-28 14:49:00,HOLDINGS_UPDATED,"{'CASH': 8563936, 'JPM': 9}"
2019-06-28 14:50:00,BID_DEPTH,"[(99875, 343)]"
2019-06-28 14:50:00,ASK_DEPTH,"[(100147, 354)]"
2019-06-28 14:50:00,IMBALANCE,"[343, 354]"
2019-06-28 14:50:00,HOLDINGS_UPDATED,"{'CASH': 8263495, 'JPM': 12}"
2019-06-28 14:51:00,BID_DEPTH,"[(99875, 134)]"
2019-06-28 14:51:00,ASK_DEPTH,"[(100434, 151)]"
2019-06-28 14:51:00,IMBALANCE,"[134, 151]"
2019-06-28 14:51:00,HOLDINGS_UPDATED,"{'CASH': 7962193, 'JPM': 15}"
2019-06-28 14:52:00,BID_DEPTH,"[(99914, 186)]"
2019-06-28 14:52:00,ASK_DEPTH,"[(100147, 186)]"
2019-06-28 14:52:00,IMBALANCE,"[186, 186]"
2019-06-28 14:52:00,HOLDINGS_UPDATED,"{'CASH': 7661752, 'JPM': 18}"
2019-06-28 14:53:00,BID_DEPTH,"[(99910, 354)]"
2019-06-28 14:53:00,ASK_DEPTH,"[(100447, 354)]"
2019-06-28 14:53:00,IMBALANCE,"[354, 354]"
2019-06-28 14:53:00,HOLDINGS_UPDATED,"{'CASH': 7360411, 'JPM': 21}"
2019-06-28 14:54:00,BID_DEPTH,"[(99910, 180)]"
2019-06-28 14:54:00,ASK_DEPTH,"[(100120, 186)]"
2019-06-28 14:54:00,IMBALANCE,"[180, 186]"
2019-06-28 14:54:00,HOLDINGS_UPDATED,"{'CASH': 7060051, 'JPM': 24}"
2019-06-28 14:55:00,BID_DEPTH,"[(99910, 109)]"
2019-06-28 14:55:00,ASK_DEPTH,"[(100496, 151)]"
2019-06-28 14:55:00,IMBALANCE,"[109, 151]"
2019-06-28 14:55:00,HOLDINGS_UPDATED,"{'CASH': 6758563, 'JPM': 27}"
2019-06-28 14:56:00,BID_DEPTH,"[(100293, 151)]"
2019-06-28 14:56:00,ASK_DEPTH,"[(100541, 151)]"
2019-06-28 14:56:00,IMBALANCE,"[151, 151]"
2019-06-28 14:56:00,HOLDINGS_UPDATED,"{'CASH': 6456940, 'JPM': 30}"
2019-06-28 14:57:00,BID_DEPTH,"[(100582, 186)]"
2019-06-28 14:57:00,ASK_DEPTH,"[(100615, 186)]"
2019-06-28 14:57:00,IMBALANCE,"[186, 186]"
2019-06-28 14:57:00,HOLDINGS_UPDATED,"{'CASH': 6155095, 'JPM': 33}"
2019-06-28 14:58:00,BID_DEPTH,"[(100582, 186)]"
2019-06-28 14:58:00,ASK_DEPTH,"[(100700, 186)]"
2019-06-28 14:58:00,IMBALANCE,"[186, 186]"
2019-06-28 14:58:00,HOLDINGS_UPDATED,"{'CASH': 5852995, 'JPM': 36}"
2019-06-28 14:59:00,BID_DEPTH,"[(100582, 186)]"
2019-06-28 14:59:00,ASK_DEPTH,"[(100599, 186)]"
2019-06-28 14:59:00,IMBALANCE,"[186, 186]"
2019-06-28 14:59:00,HOLDINGS_UPDATED,"{'CASH': 5551198, 'JPM': 39}"
2019-06-28 15:00:00,BID_DEPTH,"[(100506, 186)]"
2019-06-28 15:00:00,ASK_DEPTH,"[(100700, 186)]"
2019-06-28 15:00:00,IMBALANCE,"[186, 186]"
2019-06-28 15:00:00,HOLDINGS_UPDATED,"{'CASH': 5249098, 'JPM': 42}"
2019-06-28 15:01:00,BID_DEPTH,"[(100293, 354)]"
2019-06-28 15:01:00,ASK_DEPTH,"[(100327, 354)]"
2019-06-28 15:01:00,IMBALANCE,"[354, 354]"
2019-06-28 15:01:00,HOLDINGS_UPDATED,"{'CASH': 4948117, 'JPM': 45}"
2019-06-28 15:02:00,BID_DEPTH,"[(100293, 164)]"
2019-06-28 15:02:00,ASK_DEPTH,"[(100699, 164)]"
2019-06-28 15:02:00,IMBALANCE,"[164, 164]"
2019-06-28 15:02:00,HOLDINGS_UPDATED,"{'CASH': 4646020, 'JPM': 48}"
2019-06-28 15:03:00,BID_DEPTH,"[(100475, 354)]"
2019-06-28 15:03:00,ASK_DEPTH,"[(100650, 354)]"
2019-06-28 15:03:00,IMBALANCE,"[354, 354]"
2019-06-28 15:03:00,HOLDINGS_UPDATED,"{'CASH': 4344070, 'JPM': 51}"
2019-06-28 15:04:00,BID_DEPTH,"[(100475, 164)]"
2019-06-28 15:04:00,ASK_DEPTH,"[(100617, 164)]"
2019-06-28 15:04:00,IMBALANCE,"[164, 164]"
2019-06-28 15:04:00,HOLDINGS_UPDATED,"{'CASH': 4042219, 'JPM': 54}"
2019-06-28 15:05:00,BID_DEPTH,"[(100413, 151)]"
2019-06-28 15:05:00,ASK_DEPTH,"[(100475, 200)]"
2019-06-28 15:05:00,IMBALANCE,"[151, 200]"
2019-06-28 15:05:00,HOLDINGS_UPDATED,"{'CASH': 3740794, 'JPM': 57}"
2019-06-28 15:06:00,BID_DEPTH,"[(100297, 151)]"
2019-06-28 15:06:00,ASK_DEPTH,"[(100413, 65)]"
2019-06-28 15:06:00,IMBALANCE,"[151, 65]"
2019-06-28 15:06:00,HOLDINGS_UPDATED,"{'CASH': 3439555, 'JPM': 60}"
2019-06-28 15:07:00,BID_DEPTH,"[(100297, 164)]"
2019-06-28 15:07:00,ASK_DEPTH,"[(100413, 75)]"
2019-06-28 15:07:00,IMBALANCE,"[164, 75]"
2019-06-28 15:07:00,HOLDINGS_UPDATED,"{'CASH': 3138316, 'JPM': 63}"
2019-06-28 15:08:00,BID_DEPTH,"[(100293, 164)]"
2019-06-28 15:08:00,ASK_DEPTH,"[(100297, 113)]"
2019-06-28 15:08:00,IMBALANCE,"[164, 113]"
2019-06-28 15:08:00,HOLDINGS_UPDATED,"{'CASH': 2837425, 'JPM': 66}"
2019-06-28 15:09:00,BID_DEPTH,"[(99790, 264)]"
2019-06-28 15:09:00,ASK_DEPTH,"[(100293, 164)]"
2019-06-28 15:09:00,IMBALANCE,"[264, 164]"
2019-06-28 15:09:00,HOLDINGS_UPDATED,"{'CASH': 2536546, 'JPM': 69}"
2019-06-28 15:10:00,BID_DEPTH,"[(99790, 327)]"
2019-06-28 15:10:00,ASK_DEPTH,"[(100475, 194)]"
2019-06-28 15:10:00,IMBALANCE,"[327, 194]"
2019-06-28 15:10:00,HOLDINGS_UPDATED,"{'CASH': 2235121, 'JPM': 72}"
2019-06-28 15:11:00,BID_DEPTH,"[(99790, 186)]"
2019-06-28 15:11:00,ASK_DEPTH,"[(100475, 286)]"
2019-06-28 15:11:00,IMBALANCE,"[186, 286]"
2019-06-28 15:11:00,HOLDINGS_UPDATED,"{'CASH': 1933696, 'JPM': 75}"
2019-06-28 15:12:00,BID_DEPTH,"[(99790, 151)]"
2019-06-28 15:12:00,ASK_DEPTH,"[(100475, 241)]"
2019-06-28 15:12:00,IMBALANCE,"[151, 241]"
2019-06-28 15:12:00,HOLDINGS_UPDATED,"{'CASH': 1632271, 'JPM': 78}"
2019-06-28 15:13:00,BID_DEPTH,"[(99750, 164)]"
2019-06-28 15:13:00,ASK_DEPTH,"[(100475, 344)]"
2019-06-28 15:13:00,IMBALANCE,"[164, 344]"
2019-06-28 15:13:00,HOLDINGS_UPDATED,"{'CASH': 1330846, 'JPM': 81}"
2019-06-28 15:14:00,BID_DEPTH,"[(99750, 164)]"
2019-06-28 15:14:00,ASK_DEPTH,"[(99859, 164)]"
2019-06-28 15:14:00,IMBALANCE,"[164, 164]"
2019-06-28 15:14:00,HOLDINGS_UPDATED,"{'CASH': 1031269, 'JPM': 84}"
2019-06-28 15:15:00,BID_DEPTH,"[(99750, 227)]"
2019-06-28 15:15:00,ASK_DEPTH,"[(99818, 176)]"
2019-06-28 15:15:00,IMBALANCE,"[227, 176]"
2019-06-28 15:15:00,HOLDINGS_UPDATED,"{'CASH': 731815, 'JPM': 87}"
2019-06-28 15:16:00,BID_DEPTH,"[(99722, 151)]"
2019-06-28 15:16:00,ASK_DEPTH,"[(99859, 151)]"
2019-06-28 15:16:00,IMBALANCE,"[151, 151]"
2019-06-28 15:16:00,HOLDINGS_UPDATED,"{'CASH': 432238, 'JPM': 90}"
2019-06-28 15:17:00,BID_DEPTH,"[(99859, 227)]"
2019-06-28 15:17:00,ASK_DEPTH,"[(99950, 227)]"
2019-06-28 15:17:00,IMBALANCE,"[227, 227]"
2019-06-28 15:17:00,HOLDINGS_UPDATED,"{'CASH': 132388, 'JPM': 93}"
2019-06-28 15:18:00,BID_DEPTH,"[(99859, 151)]"
2019-06-28 15:18:00,ASK_DEPTH,"[(99902, 151)]"
2019-06-28 15:18:00,IMBALANCE,"[151, 151]"
2019-06-28 15:18:00,HOLDINGS_UPDATED,"{'CASH': -167318, 'JPM': 96}"
2019-06-28 15:19:00,BID_DEPTH,"[(99859, 227)]"
2019-06-28 15:19:00,ASK_DEPTH,"[(100130, 227)]"
2019-06-28 15:19:00,IMBALANCE,"[227, 227]"
2019-06-28 15:19:00,HOLDINGS_UPDATED,"{'CASH': -467708, 'JPM': 99}"
2019-06-28 15:20:00,BID_DEPTH,"[(99859, 454)]"
2019-06-28 15:20:00,ASK_DEPTH,"[(100262, 354)]"
2019-06-28 15:20:00,IMBALANCE,"[454, 354]"
2019-06-28 15:20:00,HOLDINGS_UPDATED,"{'CASH': -768494, 'JPM': 102}"
2019-06-28 15:21:00,BID_DEPTH,"[(100104, 164)]"
2019-06-28 15:21:00,ASK_DEPTH,"[(100262, 364)]"
2019-06-28 15:21:00,IMBALANCE,"[164, 364]"
2019-06-28 15:21:00,HOLDINGS_UPDATED,"{'CASH': -1069280, 'JPM': 105}"
2019-06-28 15:22:00,BID_DEPTH,"[(99859, 164)]"
2019-06-28 15:22:00,ASK_DEPTH,"[(100262, 254)]"
2019-06-28 15:22:00,IMBALANCE,"[164, 254]"
2019-06-28 15:22:00,HOLDINGS_UPDATED,"{'CASH': -1370066, 'JPM': 108}"
2019-06-28 15:23:00,BID_DEPTH,"[(99859, 186)]"
2019-06-28 15:23:00,ASK_DEPTH,"[(100262, 166)]"
2019-06-28 15:23:00,IMBALANCE,"[186, 166]"
2019-06-28 15:23:00,HOLDINGS_UPDATED,"{'CASH': -1070489, 'JPM': 105}"
2019-06-28 15:24:00,BID_DEPTH,"[(100263, 354)]"
2019-06-28 15:24:00,ASK_DEPTH,"[(100617, 259)]"
2019-06-28 15:24:00,IMBALANCE,"[354, 259]"
2019-06-28 15:24:00,HOLDINGS_UPDATED,"{'CASH': -769700, 'JPM': 102}"
2019-06-28 15:25:00,BID_DEPTH,"[(100617, 130)]"
2019-06-28 15:25:00,ASK_DEPTH,"[(100650, 91)]"
2019-06-28 15:25:00,IMBALANCE,"[130, 91]"
2019-06-28 15:25:00,HOLDINGS_UPDATED,"{'CASH': -467849, 'JPM': 99}"
2019-06-28 15:26:00,BID_DEPTH,"[(100263, 354)]"
2019-06-28 15:26:00,ASK_DEPTH,"[(100564, 354)]"
2019-06-28 15:26:00,IMBALANCE,"[354, 354]"
2019-06-28 15:26:00,HOLDINGS_UPDATED,"{'CASH': -167060, 'JPM': 96}"
2019-06-28 15:27:00,BID_DEPTH,"[(100355, 164)]"
2019-06-28 15:27:00,ASK_DEPTH,"[(100545, 164)]"
2019-06-28 15:27:00,IMBALANCE,"[164, 164]"
2019-06-28 15:27:00,HOLDINGS_UPDATED,"{'CASH': 134005, 'JPM': 93}"
2019-06-28 15:28:00,BID_DEPTH,"[(100262, 127)]"
2019-06-28 15:28:00,ASK_DEPTH,"[(100545, 151)]"
2019-06-28 15:28:00,IMBALANCE,"[127, 151]"
2019-06-28 15:28:00,HOLDINGS_UPDATED,"{'CASH': 434791, 'JPM': 90}"
2019-06-28 15:29:00,BID_DEPTH,"[(100438, 354)]"
2019-06-28 15:29:00,ASK_DEPTH,"[(100545, 354)]"
2019-06-28 15:29:00,IMBALANCE,"[354, 354]"
2019-06-28 15:29:00,HOLDINGS_UPDATED,"{'CASH': 736105, 'JPM': 87}"
2019-06-28 15:30:00,BID_DEPTH,"[(100439, 164)]"
2019-06-28 15:30:00,ASK_DEPTH,"[(100577, 164)]"
2019-06-28 15:30:00,IMBALANCE,"[164, 164]"
2019-06-28 15:30:00,HOLDINGS_UPDATED,"{'CASH': 1037422, 'JPM': 84}"
2019-06-28 15:31:00,BID_DEPTH,"[(100643, 163)]"
2019-06-28 15:31:00,ASK_DEPTH,"[(100650, 132)]"
2019-06-28 15:31:00,IMBALANCE,"[163, 132]"
2019-06-28 15:31:00,HOLDINGS_UPDATED,"{'CASH': 1339351, 'JPM': 81}"
2019-06-28 15:32:00,BID_DEPTH,"[(100650, 95)]"
2019-06-28 15:32:00,ASK_DEPTH,"[(100764, 186)]"
2019-06-28 15:32:00,IMBALANCE,"[95, 186]"
2019-06-28 15:32:00,HOLDINGS_UPDATED,"{'CASH': 1641301, 'JPM': 78}"
2019-06-28 15:33:00,BID_DEPTH,"[(100781, 303)]"
2019-06-28 15:33:00,ASK_DEPTH,"[(100842, 354)]"
2019-06-28 15:33:00,IMBALANCE,"[303, 354]"
2019-06-28 15:33:00,HOLDINGS_UPDATED,"{'CASH': 1943644, 'JPM': 75}"
2019-06-28 15:34:00,BID_DEPTH,"[(100781, 327)]"
2019-06-28 15:34:00,ASK_DEPTH,"[(101400, 227)]"
2019-06-28 15:34:00,IMBALANCE,"[327, 227]"
2019-06-28 15:34:00,HOLDINGS_UPDATED,"{'CASH': 1639444, 'JPM': 78}"
2019-06-28 15:35:00,BID_DEPTH,"[(100781, 354)]"
2019-06-28 15:35:00,ASK_DEPTH,"[(101400, 259)]"
2019-06-28 15:35:00,IMBALANCE,"[354, 259]"
2019-06-28 15:35:00,HOLDINGS_UPDATED,"{'CASH': 1335244, 'JPM': 81}"
2019-06-28 15:36:00,BID_DEPTH,"[(101400, 95)]"
2019-06-28 15:36:00,ASK_DEPTH,"[(101519, 186)]"
2019-06-28 15:36:00,IMBALANCE,"[95, 186]"
2019-06-28 15:36:00,HOLDINGS_UPDATED,"{'CASH': 1030687, 'JPM': 84}"
2019-06-28 15:37:00,BID_DEPTH,"[(101400, 95)]"
2019-06-28 15:37:00,ASK_DEPTH,"[(101518, 91)]"
2019-06-28 15:37:00,IMBALANCE,"[95, 91]"
2019-06-28 15:37:00,HOLDINGS_UPDATED,"{'CASH': 726133, 'JPM': 87}"
2019-06-28 15:38:00,BID_DEPTH,"[(101400, 136)]"
2019-06-28 15:38:00,ASK_DEPTH,"[(101542, 227)]"
2019-06-28 15:38:00,IMBALANCE,"[136, 227]"
2019-06-28 15:38:00,HOLDINGS_UPDATED,"{'CASH': 421507, 'JPM': 90}"
2019-06-28 15:39:00,BID_DEPTH,"[(101542, 117)]"
2019-06-28 15:39:00,ASK_DEPTH,"[(101567, 186)]"
2019-06-28 15:39:00,IMBALANCE,"[117, 186]"
2019-06-28 15:39:00,HOLDINGS_UPDATED,"{'CASH': 116806, 'JPM': 93}"
2019-06-28 15:40:00,BID_DEPTH,"[(101567, 336)]"
2019-06-28 15:40:00,ASK_DEPTH,"[(101656, 227)]"
2019-06-28 15:40:00,IMBALANCE,"[336, 227]"
2019-06-28 15:40:00,HOLDINGS_UPDATED,"{'CASH': -188162, 'JPM': 96}"
2019-06-28 15:41:00,BID_DEPTH,"[(101567, 60)]"
2019-06-28 15:41:00,ASK_DEPTH,"[(101656, 56)]"
2019-06-28 15:41:00,IMBALANCE,"[60, 56]"
2019-06-28 15:41:00,HOLDINGS_UPDATED,"{'CASH': -493130, 'JPM': 99}"
2019-06-28 15:42:00,BID_DEPTH,"[(101567, 60)]"
2019-06-28 15:42:00,ASK_DEPTH,"[(101656, 147)]"
2019-06-28 15:42:00,IMBALANCE,"[60, 147]"
2019-06-28 15:42:00,HOLDINGS_UPDATED,"{'CASH': -798098, 'JPM': 102}"
2019-06-28 15:43:00,BID_DEPTH,"[(101400, 136)]"
2019-06-28 15:43:00,ASK_DEPTH,"[(101567, 167)]"
2019-06-28 15:43:00,IMBALANCE,"[136, 167]"
2019-06-28 15:43:00,HOLDINGS_UPDATED,"{'CASH': -1102799, 'JPM': 105}"
2019-06-28 15:44:00,BID_DEPTH,"[(101333, 186)]"
2019-06-28 15:44:00,ASK_DEPTH,"[(101567, 91)]"
2019-06-28 15:44:00,IMBALANCE,"[186, 91]"
2019-06-28 15:44:00,HOLDINGS_UPDATED,"{'CASH': -1407500, 'JPM': 108}"
2019-06-28 15:45:00,BID_DEPTH,"[(100982, 354)]"
2019-06-28 15:45:00,ASK_DEPTH,"[(101655, 354)]"
2019-06-28 15:45:00,IMBALANCE,"[354, 354]"
2019-06-28 15:45:00,HOLDINGS_UPDATED,"{'CASH': -1712465, 'JPM': 111}"
2019-06-28 15:46:00,BID_DEPTH,"[(100921, 354)]"
2019-06-28 15:46:00,ASK_DEPTH,"[(101656, 259)]"
2019-06-28 15:46:00,IMBALANCE,"[354, 259]"
2019-06-28 15:46:00,HOLDINGS_UPDATED,"{'CASH': -2017433, 'JPM': 114}"
2019-06-28 15:47:00,BID_DEPTH,"[(100921, 164)]"
2019-06-28 15:47:00,ASK_DEPTH,"[(101656, 164)]"
2019-06-28 15:47:00,IMBALANCE,"[164, 164]"
2019-06-28 15:47:00,HOLDINGS_UPDATED,"{'CASH': -2322401, 'JPM': 117}"
2019-06-28 15:48:00,BID_DEPTH,"[(101029, 164)]"
2019-06-28 15:48:00,ASK_DEPTH,"[(101174, 164)]"
2019-06-28 15:48:00,IMBALANCE,"[164, 164]"
2019-06-28 15:48:00,HOLDINGS_UPDATED,"{'CASH': -2625923, 'JPM': 120}"
2019-06-28 15:49:00,BID_DEPTH,"[(100781, 227)]"
2019-06-28 15:49:00,ASK_DEPTH,"[(101147, 227)]"
2019-06-28 15:49:00,IMBALANCE,"[227, 227]"
2019-06-28 15:49:00,HOLDINGS_UPDATED,"{'CASH': -2929364, 'JPM': 123}"
2019-06-28 15:50:00,BID_DEPTH,"[(100906, 354)]"
2019-06-28 15:50:00,ASK_DEPTH,"[(101173, 354)]"
2019-06-28 15:50:00,IMBALANCE,"[354, 354]"
2019-06-28 15:50:00,HOLDINGS_UPDATED,"{'CASH': -3232883, 'JPM': 126}"
2019-06-28 15:51:00,BID_DEPTH,"[(101088, 186)]"
2019-06-28 15:51:00,ASK_DEPTH,"[(101115, 186)]"
2019-06-28 15:51:00,IMBALANCE,"[186, 186]"
2019-06-28 15:51:00,HOLDINGS_UPDATED,"{'CASH': -3536228, 'JPM': 129}"
2019-06-28 15:52:00,BID_DEPTH,"[(101088, 186)]"
2019-06-28 15:52:00,ASK_DEPTH,"[(101144, 186)]"
2019-06-28 15:52:00,IMBALANCE,"[186, 186]"
2019-06-28 15:52:00,HOLDINGS_UPDATED,"{'CASH': -3839660, 'JPM': 132}"
2019-06-28 15:53:00,BID_DEPTH,"[(101088, 354)]"
2019-06-28 15:53:00,ASK_DEPTH,"[(101174, 354)]"
2019-06-28 15:53:00,IMBALANCE,"[354, 354]"
2019-06-28 15:53:00,HOLDINGS_UPDATED,"{'CASH': -4143182, 'JPM': 135}"
2019-06-28 15:54:00,BID_DEPTH,"[(101010, 164)]"
2019-06-28 15:54:00,ASK_DEPTH,"[(101221, 164)]"
2019-06-28 15:54:00,IMBALANCE,"[164, 164]"
2019-06-28 15:54:00,HOLDINGS_UPDATED,"{'CASH': -4446845, 'JPM': 138}"
2019-06-28 15:55:00,BID_DEPTH,"[(101010, 164)]"
2019-06-28 15:55:00,ASK_DEPTH,"[(101190, 164)]"
2019-06-28 15:55:00,IMBALANCE,"[164, 164]"
2019-06-28 15:55:00,HOLDINGS_UPDATED,"{'CASH': -4750415, 'JPM': 141}"
2019-06-28 15:56:00,BID_DEPTH,"[(101010, 186)]"
2019-06-28 15:56:00,ASK_DEPTH,"[(101325, 186)]"
2019-06-28 15:56:00,IMBALANCE,"[186, 186]"
2019-06-28 15:56:00,HOLDINGS_UPDATED,"{'CASH': -5054390, 'JPM': 144}"
2019-06-28 15:57:00,BID_DEPTH,"[(100972, 186)]"
2019-06-28 15:57:00,ASK_DEPTH,"[(100974, 122)]"
2019-06-28 15:57:00,IMBALANCE,"[186, 122]"
2019-06-28 15:57:00,HOLDINGS_UPDATED,"{'CASH': -5357312, 'JPM': 147}"
2019-06-28 15:58:00,BID_DEPTH,"[(100972, 227)]"
2019-06-28 15:58:00,ASK_DEPTH,"[(100974, 227)]"
2019-06-28 15:58:00,IMBALANCE,"[227, 227]"
2019-06-28 15:58:00,HOLDINGS_UPDATED,"{'CASH': -5660234, 'JPM': 150}"
2019-06-28 15:59:00,BID_DEPTH,"[(100972, 186)]"
2019-06-28 15:59:00,ASK_DEPTH,"[(101325, 186)]"
2019-06-28 15:59:00,IMBALANCE,"[186, 186]"
2019-06-28 15:59:00,HOLDINGS_UPDATED,"{'CASH': -5964209, 'JPM': 153}"
2019-06-28 16:00:00,BID_DEPTH,"[(100803, 151)]"
2019-06-28 16:00:00,ASK_DEPTH,"[(101325, 251)]"
2019-06-28 16:00:00,IMBALANCE,"[151, 251]"
2019-06-28 16:00:00,HOLDINGS_UPDATED,"{'CASH': -6268184, 'JPM': 156}"
2019-06-28 16:01:00,BID_DEPTH,"[(100803, 151)]"
2019-06-28 16:01:00,ASK_DEPTH,"[(101325, 141)]"
2019-06-28 16:01:00,IMBALANCE,"[151, 141]"
2019-06-28 16:01:00,MKT_CLOSED,
2019-06-28 16:01:00,FINAL_HOLDINGS,"{ JPM: 156, CASH: -6268184 }"
2019-06-28 16:01:00,FINAL_CASH_POSITION,-6268184
2019-06-28 16:01:00,MARK_TO_MARKET,156 JPM @ 101325 == 15806700
2019-06-28 16:01:00,MARKED_TO_MARKET,9538516
2019-06-28 16:01:00,ENDING_CASH,9538516
