EventTime,EventType,Event
,AGENT_TYPE,ExchangeAgent
2019-06-28 09:30:00.000000000,WHEN_MKT_OPEN,1
2019-06-28 09:30:00.000000000,WHEN_MKT_CLOSE,1
2019-06-28 09:30:00.000000000,WHEN_MKT_OPEN,2
2019-06-28 09:30:00.000000000,WHEN_MKT_CLOSE,2
2019-06-28 09:30:00.000000000,WHEN_MKT_OPEN,3
2019-06-28 09:30:00.000000000,WHEN_MKT_CLOSE,3
2019-06-28 09:30:00.000000000,WHEN_MKT_OPEN,4
2019-06-28 09:30:00.000000000,WHEN_MKT_CLOSE,4
2019-06-28 09:30:00.000000000,QUERY_SPREAD,4
2019-06-28 09:30:00.000000000,BEST_ASK,"JPM,100131,100"
2019-06-28 09:30:00.000000000,WHEN_MKT_OPEN,5
2019-06-28 09:30:00.000000000,WHEN_MKT_CLOSE,5
2019-06-28 09:30:00.000000000,WHEN_MKT_OPEN,6
2019-06-28 09:30:00.000000000,WHEN_MKT_CLOSE,6
2019-06-28 09:30:00.000000000,WHEN_MKT_OPEN,7
2019-06-28 09:30:00.000000000,WHEN_MKT_CLOSE,7
2019-06-28 09:30:00.000000000,WHEN_MKT_OPEN,8
2019-06-28 09:30:00.000000000,WHEN_MKT_CLOSE,8
2019-06-28 09:30:00.000000000,WHEN_MKT_OPEN,9
2019-06-28 09:30:00.000000000,WHEN_MKT_CLOSE,9
2019-06-28 09:30:00.000000000,WHEN_MKT_OPEN,10
2019-06-28 09:30:00.000000000,WHEN_MKT_CLOSE,10
2019-06-28 09:30:00.000000000,WHEN_MKT_OPEN,11
2019-06-28 09:30:00.000000000,WHEN_MKT_CLOSE,11
2019-06-28 09:30:00.000000000,WHEN_MKT_OPEN,12
2019-06-28 09:30:00.000000000,WHEN_MKT_CLOSE,12
2019-06-28 09:30:00.000000000,WHEN_MKT_OPEN,13
2019-06-28 09:30:00.000000000,WHEN_MKT_CLOSE,13
2019-06-28 09:30:00.000000000,WHEN_MKT_OPEN,14
2019-06-28 09:30:00.000000000,WHEN_MKT_CLOSE,14
2019-06-28 09:30:00.000000000,WHEN_MKT_OPEN,15
2019-06-28 09:30:00.000000000,WHEN_MKT_CLOSE,15
2019-06-28 09:30:00.000000000,WHEN_MKT_OPEN,16
2019-06-28 09:30:00.000000000,WHEN_MKT_CLOSE,16
2019-06-28 09:30:00.000000000,WHEN_MKT_OPEN,17
2019-06-28 09:30:00.000000000,WHEN_MKT_CLOSE,17
2019-06-28 09:30:00.000000000,WHEN_MKT_OPEN,18
2019-06-28 09:30:00.000000000,WHEN_MKT_CLOSE,18
2019-06-28 09:30:00.000000000,WHEN_MKT_OPEN,19
2019-06-28 09:30:00.000000000,WHEN_MKT_CLOSE,19
2019-06-28 09:30:00.000000000,WHEN_MKT_OPEN,20
2019-06-28 09:30:00.000000000,WHEN_MKT_CLOSE,20
2019-06-28 09:30:00.000000000,WHEN_MKT_OPEN,21
2019-06-28 09:30:00.000000000,WHEN_MKT_CLOSE,21
2019-06-28 09:30:00.000000000,WHEN_MKT_OPEN,22
2019-06-28 09:30:00.000000000,WHEN_MKT_CLOSE,22
2019-06-28 09:30:00.000000000,WHEN_MKT_OPEN,23
2019-06-28 09:30:00.000000000,WHEN_MKT_CLOSE,23
2019-06-28 09:30:00.000000000,WHEN_MKT_OPEN,24
2019-06-28 09:30:00.000000000,WHEN_MKT_CLOSE,24
2019-06-28 09:30:00.000000000,WHEN_MKT_OPEN,25
2019-06-28 09:30:00.000000000,WHEN_MKT_CLOSE,25
2019-06-28 09:30:00.000000000,QUERY_SPREAD,25
2019-06-28 09:30:00.000000000,BEST_ASK,"JPM,100055,100"
2019-06-28 09:30:00.000000000,WHEN_MKT_OPEN,26
2019-06-28 09:30:00.000000000,WHEN_MKT_CLOSE,26
2019-06-28 09:30:00.000000000,WHEN_MKT_OPEN,27
2019-06-28 09:30:00.000000000,WHEN_MKT_CLOSE,27
2019-06-28 09:30:00.000000000,WHEN_MKT_OPEN,28
2019-06-28 09:30:00.000000000,WHEN_MKT_CLOSE,28
2019-06-28 09:30:00.000000000,WHEN_MKT_OPEN,29
2019-06-28 09:30:00.000000000,WHEN_MKT_CLOSE,29
2019-06-28 09:30:00.000000000,WHEN_MKT_OPEN,30
2019-06-28 09:30:00.000000000,WHEN_MKT_CLOSE,30
2019-06-28 09:30:00.000000000,WHEN_MKT_OPEN,31
2019-06-28 09:30:00.000000000,WHEN_MKT_CLOSE,31
2019-06-28 09:30:00.000000000,WHEN_MKT_OPEN,32
2019-06-28 09:30:00.000000000,WHEN_MKT_CLOSE,32
2019-06-28 09:30:00.000000000,WHEN_MKT_OPEN,33
2019-06-28 09:30:00.000000000,WHEN_MKT_CLOSE,33
2019-06-28 09:30:00.000000000,WHEN_MKT_OPEN,34
2019-06-28 09:30:00.000000000,WHEN_MKT_CLOSE,34
2019-06-28 09:30:00.000000000,WHEN_MKT_OPEN,35
2019-06-28 09:30:00.000000000,WHEN_MKT_CLOSE,35
2019-06-28 09:30:00.000000000,WHEN_MKT_OPEN,36
2019-06-28 09:30:00.000000000,WHEN_MKT_CLOSE,36
2019-06-28 09:30:00.000000000,WHEN_MKT_OPEN,37
2019-06-28 09:30:00.000000000,WHEN_MKT_CLOSE,37
2019-06-28 09:30:00.000000000,WHEN_MKT_OPEN,38
2019-06-28 09:30:00.000000000,WHEN_MKT_CLOSE,38
2019-06-28 09:30:00.000000000,WHEN_MKT_OPEN,39
2019-06-28 09:30:00.000000000,WHEN_MKT_CLOSE,39
2019-06-28 09:30:00.000000000,WHEN_MKT_OPEN,40
2019-06-28 09:30:00.000000000,WHEN_MKT_CLOSE,40
2019-06-28 09:30:00.000000000,WHEN_MKT_OPEN,41
2019-06-28 09:30:00.000000000,WHEN_MKT_CLOSE,41
2019-06-28 09:30:00.000000000,WHEN_MKT_OPEN,42
2019-06-28 09:30:00.000000000,WHEN_MKT_CLOSE,42
2019-06-28 09:30:00.000000000,WHEN_MKT_OPEN,43
2019-06-28 09:30:00.000000000,WHEN_MKT_CLOSE,43
2019-06-28 09:30:00.000000000,WHEN_MKT_OPEN,44
2019-06-28 09:30:00.000000000,WHEN_MKT_CLOSE,44
2019-06-28 09:30:00.000000000,WHEN_MKT_OPEN,45
2019-06-28 09:30:00.000000000,WHEN_MKT_CLOSE,45
2019-06-28 09:30:00.000000000,WHEN_MKT_OPEN,46
2019-06-28 09:30:00.000000000,WHEN_MKT_CLOSE,46
2019-06-28 09:30:00.000000000,WHEN_MKT_OPEN,47
2019-06-28 09:30:00.000000000,WHEN_MKT_CLOSE,47
2019-06-28 09:30:00.000000000,WHEN_MKT_OPEN,48
2019-06-28 09:30:00.000000000,WHEN_MKT_CLOSE,48
2019-06-28 09:30:00.000000000,WHEN_MKT_OPEN,49
2019-06-28 09:30:00.000000000,WHEN_MKT_CLOSE,49
2019-06-28 09:30:00.000000000,WHEN_MKT_OPEN,50
2019-06-28 09:30:00.000000000,WHEN_MKT_CLOSE,50
2019-06-28 09:30:00.000000000,WHEN_MKT_OPEN,51
2019-06-28 09:30:00.000000000,WHEN_MKT_CLOSE,51
2019-06-28 09:30:00.000000000,WHEN_MKT_OPEN,52
2019-06-28 09:30:00.000000000,WHEN_MKT_CLOSE,52
2019-06-28 09:30:00.000000000,WHEN_MKT_OPEN,53
2019-06-28 09:30:00.000000000,WHEN_MKT_CLOSE,53
2019-06-28 09:30:00.000000000,WHEN_MKT_OPEN,54
2019-06-28 09:30:00.000000000,WHEN_MKT_CLOSE,54
2019-06-28 09:30:00.000000000,WHEN_MKT_OPEN,55
2019-06-28 09:30:00.000000000,WHEN_MKT_CLOSE,55
2019-06-28 09:30:00.000000000,WHEN_MKT_OPEN,56
2019-06-28 09:30:00.000000000,WHEN_MKT_CLOSE,56
2019-06-28 09:30:00.000000000,WHEN_MKT_OPEN,57
2019-06-28 09:30:00.000000000,WHEN_MKT_CLOSE,57
2019-06-28 09:30:00.000000000,WHEN_MKT_OPEN,58
2019-06-28 09:30:00.000000000,WHEN_MKT_CLOSE,58
2019-06-28 09:30:00.000000000,WHEN_MKT_OPEN,59
2019-06-28 09:30:00.000000000,WHEN_MKT_CLOSE,59
2019-06-28 09:30:00.000000000,WHEN_MKT_OPEN,60
2019-06-28 09:30:00.000000000,WHEN_MKT_CLOSE,60
2019-06-28 09:30:00.000000000,WHEN_MKT_OPEN,61
2019-06-28 09:30:00.000000000,WHEN_MKT_CLOSE,61
2019-06-28 09:30:00.000000000,WHEN_MKT_OPEN,62
2019-06-28 09:30:00.000000000,WHEN_MKT_CLOSE,62
2019-06-28 09:30:00.000000000,WHEN_MKT_OPEN,63
2019-06-28 09:30:00.000000000,WHEN_MKT_CLOSE,63
2019-06-28 09:30:00.000000000,WHEN_MKT_OPEN,64
2019-06-28 09:30:00.000000000,WHEN_MKT_CLOSE,64
2019-06-28 09:30:00.000000000,WHEN_MKT_OPEN,65
2019-06-28 09:30:00.000000000,WHEN_MKT_CLOSE,65
2019-06-28 09:30:00.000000000,WHEN_MKT_OPEN,66
2019-06-28 09:30:00.000000000,WHEN_MKT_CLOSE,66
2019-06-28 09:30:00.000000000,WHEN_MKT_OPEN,67
2019-06-28 09:30:00.000000000,WHEN_MKT_CLOSE,67
2019-06-28 09:30:00.000000000,WHEN_MKT_OPEN,68
2019-06-28 09:30:00.000000000,WHEN_MKT_CLOSE,68
2019-06-28 09:30:00.000000000,WHEN_MKT_OPEN,69
2019-06-28 09:30:00.000000000,WHEN_MKT_CLOSE,69
2019-06-28 09:30:00.000000000,WHEN_MKT_OPEN,70
2019-06-28 09:30:00.000000000,WHEN_MKT_CLOSE,70
2019-06-28 09:30:00.000000000,WHEN_MKT_OPEN,71
2019-06-28 09:30:00.000000000,WHEN_MKT_CLOSE,71
2019-06-28 09:30:00.000000000,WHEN_MKT_OPEN,72
2019-06-28 09:30:00.000000000,WHEN_MKT_CLOSE,72
2019-06-28 09:30:00.000000000,WHEN_MKT_OPEN,73
2019-06-28 09:30:00.000000000,WHEN_MKT_CLOSE,73
2019-06-28 09:30:00.000000000,WHEN_MKT_OPEN,74
2019-06-28 09:30:00.000000000,WHEN_MKT_CLOSE,74
2019-06-28 09:30:00.000000000,WHEN_MKT_OPEN,75
2019-06-28 09:30:00.000000000,WHEN_MKT_CLOSE,75
2019-06-28 09:30:00.000000000,WHEN_MKT_OPEN,76
2019-06-28 09:30:00.000000000,WHEN_MKT_CLOSE,76
2019-06-28 09:30:00.000000000,WHEN_MKT_OPEN,77
2019-06-28 09:30:00.000000000,WHEN_MKT_CLOSE,77
2019-06-28 09:30:00.000000000,WHEN_MKT_OPEN,78
2019-06-28 09:30:00.000000000,WHEN_MKT_CLOSE,78
2019-06-28 09:30:00.000000000,WHEN_MKT_OPEN,79
2019-06-28 09:30:00.000000000,WHEN_MKT_CLOSE,79
2019-06-28 09:30:00.000000000,WHEN_MKT_OPEN,80
2019-06-28 09:30:00.000000000,WHEN_MKT_CLOSE,80
2019-06-28 09:30:00.000000000,WHEN_MKT_OPEN,81
2019-06-28 09:30:00.000000000,WHEN_MKT_CLOSE,81
2019-06-28 09:30:00.000000000,WHEN_MKT_OPEN,82
2019-06-28 09:30:00.000000000,WHEN_MKT_CLOSE,82
2019-06-28 09:30:00.000000000,WHEN_MKT_OPEN,83
2019-06-28 09:30:00.000000000,WHEN_MKT_CLOSE,83
2019-06-28 09:30:00.000000000,WHEN_MKT_OPEN,84
2019-06-28 09:30:00.000000000,WHEN_MKT_CLOSE,84
2019-06-28 09:30:00.000000000,WHEN_MKT_OPEN,85
2019-06-28 09:30:00.000000000,WHEN_MKT_CLOSE,85
2019-06-28 09:30:00.000000000,WHEN_MKT_OPEN,86
2019-06-28 09:30:00.000000000,WHEN_MKT_CLOSE,86
2019-06-28 09:30:00.000000000,WHEN_MKT_OPEN,87
2019-06-28 09:30:00.000000000,WHEN_MKT_CLOSE,87
2019-06-28 09:30:00.000000000,WHEN_MKT_OPEN,88
2019-06-28 09:30:00.000000000,WHEN_MKT_CLOSE,88
2019-06-28 09:30:00.000000000,WHEN_MKT_OPEN,89
2019-06-28 09:30:00.000000000,WHEN_MKT_CLOSE,89
2019-06-28 09:30:00.000000000,WHEN_MKT_OPEN,90
2019-06-28 09:30:00.000000000,WHEN_MKT_CLOSE,90
2019-06-28 09:30:00.000000000,WHEN_MKT_OPEN,91
2019-06-28 09:30:00.000000000,WHEN_MKT_CLOSE,91
2019-06-28 09:30:00.000000000,WHEN_MKT_OPEN,92
2019-06-28 09:30:00.000000000,WHEN_MKT_CLOSE,92
2019-06-28 09:30:00.000000000,WHEN_MKT_OPEN,93
2019-06-28 09:30:00.000000000,WHEN_MKT_CLOSE,93
2019-06-28 09:30:00.000000000,WHEN_MKT_OPEN,94
2019-06-28 09:30:00.000000000,WHEN_MKT_CLOSE,94
2019-06-28 09:30:00.000000000,WHEN_MKT_OPEN,95
2019-06-28 09:30:00.000000000,WHEN_MKT_CLOSE,95
2019-06-28 09:30:00.000000000,WHEN_MKT_OPEN,96
2019-06-28 09:30:00.000000000,WHEN_MKT_CLOSE,96
2019-06-28 09:30:00.000000000,WHEN_MKT_OPEN,97
2019-06-28 09:30:00.000000000,WHEN_MKT_CLOSE,97
2019-06-28 09:30:00.000000000,WHEN_MKT_OPEN,98
2019-06-28 09:30:00.000000000,WHEN_MKT_CLOSE,98
2019-06-28 09:30:00.000000000,WHEN_MKT_OPEN,99
2019-06-28 09:30:00.000000000,WHEN_MKT_CLOSE,99
2019-06-28 09:30:00.000000000,WHEN_MKT_OPEN,100
2019-06-28 09:30:00.000000000,WHEN_MKT_CLOSE,100
2019-06-28 09:30:00.000000000,WHEN_MKT_OPEN,101
2019-06-28 09:30:00.000000000,WHEN_MKT_CLOSE,101
2019-06-28 09:30:00.000000001,QUERY_SPREAD,14
2019-06-28 09:30:00.000000001,BEST_ASK,"JPM,100055,100"
2019-06-28 09:30:00.000000002,QUERY_ORDER_STREAM,60
2019-06-28 09:30:00.000000002,QUERY_SPREAD,60
2019-06-28 09:30:00.000000002,BEST_BID,"JPM,99831,100"
2019-06-28 09:30:00.000000002,BEST_ASK,"JPM,100055,100"
2019-06-28 09:30:00.000000002,QUERY_ORDER_STREAM,76
2019-06-28 09:30:00.000000002,QUERY_SPREAD,76
2019-06-28 09:30:00.000000002,BEST_BID,"JPM,99831,100"
2019-06-28 09:30:00.000000002,BEST_ASK,"JPM,100055,100"
2019-06-28 09:30:00.000000005,QUERY_SPREAD,44
2019-06-28 09:30:00.000000005,BEST_BID,"JPM,99831,100"
2019-06-28 09:30:00.000000005,BEST_ASK,"JPM,100030,100"
2019-06-28 09:30:00.000000005,QUERY_ORDER_STREAM,56
2019-06-28 09:30:00.000000005,QUERY_SPREAD,56
2019-06-28 09:30:00.000000005,BEST_BID,"JPM,99999,100"
2019-06-28 09:30:00.000000005,BEST_ASK,"JPM,100030,100"
2019-06-28 09:30:00.000000006,QUERY_SPREAD,33
2019-06-28 09:30:00.000000006,BEST_BID,"JPM,99999,100"
2019-06-28 09:30:00.000000006,BEST_ASK,"JPM,100030,100"
2019-06-28 09:30:00.000000007,QUERY_ORDER_STREAM,62
2019-06-28 09:30:00.000000007,QUERY_SPREAD,62
2019-06-28 09:30:00.000000007,BEST_BID,"JPM,99999,100"
2019-06-28 09:30:00.000000007,BEST_ASK,"JPM,100030,100"
2019-06-28 09:30:00.000000009,QUERY_SPREAD,7
2019-06-28 09:30:00.000000009,BEST_BID,"JPM,99999,100"
2019-06-28 09:30:00.000000009,BEST_ASK,"JPM,100030,100"
2019-06-28 09:30:00.000000009,QUERY_SPREAD,26
2019-06-28 09:30:00.000000009,BEST_BID,"JPM,99999,100"
2019-06-28 09:30:00.000000009,BEST_ASK,"JPM,100030,100"
2019-06-28 09:30:00.000000009,QUERY_SPREAD,28
2019-06-28 09:30:00.000000009,BEST_BID,"JPM,100006,100"
2019-06-28 09:30:00.000000009,BEST_ASK,"JPM,100030,100"
2019-06-28 09:30:00.000000010,QUERY_SPREAD,24
2019-06-28 09:30:00.000000010,BEST_BID,"JPM,100006,100"
2019-06-28 09:30:00.000000010,BEST_ASK,"JPM,100030,100"
2019-06-28 09:30:00.000000011,QUERY_SPREAD,19
2019-06-28 09:30:00.000000011,BEST_BID,"JPM,100006,100"
2019-06-28 09:30:00.000000011,BEST_ASK,"JPM,100030,100"
2019-06-28 09:30:00.000000011,QUERY_ORDER_STREAM,55
2019-06-28 09:30:00.000000011,QUERY_SPREAD,55
2019-06-28 09:30:00.000000011,BEST_BID,"JPM,99999,100"
2019-06-28 09:30:00.000000011,BEST_ASK,"JPM,100030,100"
2019-06-28 09:30:00.000000011,LAST_TRADE,"100,$100006.0000"
2019-06-28 09:30:00.000000012,QUERY_SPREAD,49
2019-06-28 09:30:00.000000012,BEST_BID,"JPM,99952,100"
2019-06-28 09:30:00.000000012,BEST_ASK,"JPM,100030,100"
2019-06-28 09:30:00.000000012,LAST_TRADE,"100,$99999.0000"
2019-06-28 09:30:00.000000013,QUERY_SPREAD,34
2019-06-28 09:30:00.000000013,BEST_BID,"JPM,99952,100"
2019-06-28 09:30:00.000000013,BEST_ASK,"JPM,100030,100"
2019-06-28 09:30:00.000000017,QUERY_SPREAD,22
2019-06-28 09:30:00.000000017,BEST_BID,"JPM,99952,100"
2019-06-28 09:30:00.000000017,BEST_ASK,"JPM,100030,100"
2019-06-28 09:30:00.000000017,QUERY_ORDER_STREAM,54
2019-06-28 09:30:00.000000017,QUERY_SPREAD,54
2019-06-28 09:30:00.000000018,QUERY_SPREAD,20
2019-06-28 09:30:00.000000018,BEST_BID,"JPM,99952,100"
2019-06-28 09:30:00.000000018,BEST_ASK,"JPM,100030,100"
2019-06-28 09:30:00.000000018,QUERY_SPREAD,38
2019-06-28 09:30:00.000000018,BEST_BID,"JPM,99952,100"
2019-06-28 09:30:00.000000018,BEST_ASK,"JPM,100030,100"
2019-06-28 09:30:00.000000018,QUERY_SPREAD,43
2019-06-28 09:30:00.000000018,BEST_BID,"JPM,99972,100"
2019-06-28 09:30:00.000000018,BEST_ASK,"JPM,100030,100"
2019-06-28 09:30:00.000000018,QUERY_SPREAD,48
2019-06-28 09:30:00.000000018,BEST_BID,"JPM,99972,100"
2019-06-28 09:30:00.000000018,BEST_ASK,"JPM,100030,100"
2019-06-28 09:30:00.000000023,QUERY_ORDER_STREAM,53
2019-06-28 09:30:00.000000023,QUERY_SPREAD,53
2019-06-28 09:30:00.000000023,BEST_BID,"JPM,99999,100"
2019-06-28 09:30:00.000000023,BEST_ASK,"JPM,100030,100"
2019-06-28 09:30:00.000000025,QUERY_ORDER_STREAM,52
2019-06-28 09:30:00.000000025,QUERY_SPREAD,52
2019-06-28 09:30:00.000000026,QUERY_ORDER_STREAM,61
2019-06-28 09:30:00.000000026,QUERY_SPREAD,61
2019-06-28 09:30:00.000000026,BEST_BID,"JPM,99999,200"
2019-06-28 09:30:00.000000026,BEST_ASK,"JPM,100030,100"
2019-06-28 09:30:00.000000027,QUERY_SPREAD,12
2019-06-28 09:30:00.000000027,BEST_BID,"JPM,99999,200"
2019-06-28 09:30:00.000000027,BEST_ASK,"JPM,100030,100"
2019-06-28 09:30:00.000000029,QUERY_SPREAD,9
2019-06-28 09:30:00.000000029,BEST_BID,"JPM,99999,100"
2019-06-28 09:30:00.000000029,BEST_ASK,"JPM,100030,100"
2019-06-28 09:30:00.000000029,LAST_TRADE,"100,$99999.0000"
2019-06-28 09:30:00.000000029,QUERY_SPREAD,50
2019-06-28 09:30:00.000000029,BEST_BID,"JPM,99999,100"
2019-06-28 09:30:00.000000029,BEST_ASK,"JPM,100030,100"
2019-06-28 09:30:00.000000030,QUERY_SPREAD,46
2019-06-28 09:30:00.000000030,BEST_BID,"JPM,99999,100"
2019-06-28 09:30:00.000000030,BEST_ASK,"JPM,100030,100"
2019-06-28 09:30:00.000000033,QUERY_ORDER_STREAM,72
2019-06-28 09:30:00.000000033,QUERY_SPREAD,72
2019-06-28 09:30:00.000000033,BEST_BID,"JPM,100000,100"
2019-06-28 09:30:00.000000033,BEST_ASK,"JPM,100030,100"
2019-06-28 09:30:00.000000035,QUERY_ORDER_STREAM,58
2019-06-28 09:30:00.000000035,QUERY_SPREAD,58
2019-06-28 09:30:00.000000036,QUERY_SPREAD,2
2019-06-28 09:30:00.000000036,BEST_BID,"JPM,100015,100"
2019-06-28 09:30:00.000000036,BEST_ASK,"JPM,100030,100"
2019-06-28 09:30:00.000000036,QUERY_ORDER_STREAM,64
2019-06-28 09:30:00.000000036,QUERY_SPREAD,64
2019-06-28 09:30:00.000000036,BEST_BID,"JPM,100000,100"
2019-06-28 09:30:00.000000036,BEST_ASK,"JPM,100030,100"
2019-06-28 09:30:00.000000036,LAST_TRADE,"100,$100015.0000"
2019-06-28 09:30:00.000000037,QUERY_SPREAD,10
2019-06-28 09:30:00.000000037,BEST_BID,"JPM,100000,100"
2019-06-28 09:30:00.000000037,BEST_ASK,"JPM,100030,100"
2019-06-28 09:30:00.000000037,QUERY_SPREAD,47
2019-06-28 09:30:00.000000037,BEST_BID,"JPM,100000,100"
2019-06-28 09:30:00.000000037,BEST_ASK,"JPM,100040,100"
2019-06-28 09:30:00.000000037,LAST_TRADE,"100,$100030.0000"
2019-06-28 09:30:00.000000038,QUERY_SPREAD,30
2019-06-28 09:30:00.000000038,BEST_BID,"JPM,100000,100"
2019-06-28 09:30:00.000000038,BEST_ASK,"JPM,100040,100"
2019-06-28 09:30:00.000000045,QUERY_SPREAD,35
2019-06-28 09:30:00.000000045,BEST_BID,"JPM,100000,100"
2019-06-28 09:30:00.000000045,BEST_ASK,"JPM,100040,100"
2019-06-28 09:30:00.000000046,QUERY_SPREAD,51
2019-06-28 09:30:00.000000046,BEST_BID,"JPM,100000,100"
2019-06-28 09:30:00.000000046,BEST_ASK,"JPM,100040,100"
2019-06-28 09:30:00.000000046,QUERY_ORDER_STREAM,69
2019-06-28 09:30:00.000000046,QUERY_SPREAD,69
2019-06-28 09:30:00.000000046,BEST_BID,"JPM,100000,100"
2019-06-28 09:30:00.000000046,BEST_ASK,"JPM,100030,100"
2019-06-28 09:30:00.000000047,QUERY_ORDER_STREAM,59
2019-06-28 09:30:00.000000047,QUERY_SPREAD,59
2019-06-28 09:30:00.000000047,BEST_BID,"JPM,100000,100"
2019-06-28 09:30:00.000000047,BEST_ASK,"JPM,100030,200"
2019-06-28 09:30:00.000000048,QUERY_SPREAD,16
2019-06-28 09:30:00.000000048,BEST_BID,"JPM,100000,100"
2019-06-28 09:30:00.000000048,BEST_ASK,"JPM,100030,200"
2019-06-28 09:30:00.000000048,QUERY_ORDER_STREAM,71
2019-06-28 09:30:00.000000048,QUERY_SPREAD,71
2019-06-28 09:30:00.000000048,BEST_BID,"JPM,100000,100"
2019-06-28 09:30:00.000000048,BEST_ASK,"JPM,100030,200"
2019-06-28 09:30:00.000000050,QUERY_SPREAD,39
2019-06-28 09:30:00.000000050,BEST_BID,"JPM,100000,100"
2019-06-28 09:30:00.000000050,BEST_ASK,"JPM,100030,200"
2019-06-28 09:30:00.000000051,QUERY_ORDER_STREAM,63
2019-06-28 09:30:00.000000051,QUERY_SPREAD,63
2019-06-28 09:30:00.000000051,BEST_BID,"JPM,100001,100"
2019-06-28 09:30:00.000000051,BEST_ASK,"JPM,100030,200"
2019-06-28 09:30:00.000000053,QUERY_SPREAD,45
2019-06-28 09:30:00.000000053,BEST_BID,"JPM,100001,100"
2019-06-28 09:30:00.000000053,BEST_ASK,"JPM,100030,200"
2019-06-28 09:30:00.000000053,QUERY_ORDER_STREAM,66
2019-06-28 09:30:00.000000053,QUERY_SPREAD,66
2019-06-28 09:30:00.000000057,QUERY_SPREAD,37
2019-06-28 09:30:00.000000057,BEST_BID,"JPM,100001,100"
2019-06-28 09:30:00.000000057,BEST_ASK,"JPM,100030,200"
2019-06-28 09:30:00.000000059,QUERY_SPREAD,23
2019-06-28 09:30:00.000000059,BEST_BID,"JPM,100001,100"
2019-06-28 09:30:00.000000059,BEST_ASK,"JPM,100030,200"
2019-06-28 09:30:00.000000062,QUERY_ORDER_STREAM,75
2019-06-28 09:30:00.000000062,QUERY_SPREAD,75
2019-06-28 09:30:00.000000062,BEST_BID,"JPM,100001,100"
2019-06-28 09:30:00.000000062,BEST_ASK,"JPM,100030,300"
2019-06-28 09:30:00.000000064,QUERY_SPREAD,21
2019-06-28 09:30:00.000000064,BEST_BID,"JPM,100027,100"
2019-06-28 09:30:00.000000064,BEST_ASK,"JPM,100030,300"
2019-06-28 09:30:00.000000066,QUERY_SPREAD,40
2019-06-28 09:30:00.000000066,BEST_BID,"JPM,100027,100"
2019-06-28 09:30:00.000000066,BEST_ASK,"JPM,100030,300"
2019-06-28 09:30:00.000000067,QUERY_SPREAD,6
2019-06-28 09:30:00.000000067,BEST_BID,"JPM,100001,100"
2019-06-28 09:30:00.000000067,BEST_ASK,"JPM,100030,300"
2019-06-28 09:30:00.000000067,LAST_TRADE,"100,$100027.0000"
2019-06-28 09:30:00.000000067,QUERY_ORDER_STREAM,73
2019-06-28 09:30:00.000000067,QUERY_SPREAD,73
2019-06-28 09:30:00.000000067,BEST_BID,"JPM,100001,100"
2019-06-28 09:30:00.000000067,BEST_ASK,"JPM,100029,100"
2019-06-28 09:30:00.000000068,QUERY_SPREAD,17
2019-06-28 09:30:00.000000068,BEST_BID,"JPM,100001,100"
2019-06-28 09:30:00.000000068,BEST_ASK,"JPM,100029,100"
2019-06-28 09:30:00.000000069,QUERY_ORDER_STREAM,67
2019-06-28 09:30:00.000000069,QUERY_SPREAD,67
2019-06-28 09:30:00.000000070,QUERY_ORDER_STREAM,65
2019-06-28 09:30:00.000000070,QUERY_SPREAD,65
2019-06-28 09:30:00.000000072,QUERY_SPREAD,13
2019-06-28 09:30:00.000000072,BEST_BID,"JPM,100001,100"
2019-06-28 09:30:00.000000072,BEST_ASK,"JPM,100029,100"
2019-06-28 09:30:00.000000072,QUERY_SPREAD,42
2019-06-28 09:30:00.000000072,BEST_BID,"JPM,100001,100"
2019-06-28 09:30:00.000000072,BEST_ASK,"JPM,100029,100"
2019-06-28 09:30:00.000000075,QUERY_SPREAD,15
2019-06-28 09:30:00.000000075,BEST_BID,"JPM,100001,100"
2019-06-28 09:30:00.000000075,BEST_ASK,"JPM,100029,100"
2019-06-28 09:30:00.000000080,QUERY_SPREAD,27
2019-06-28 09:30:00.000000080,BEST_BID,"JPM,100001,100"
2019-06-28 09:30:00.000000080,BEST_ASK,"JPM,100029,100"
2019-06-28 09:30:00.000000080,QUERY_SPREAD,31
2019-06-28 09:30:00.000000080,BEST_BID,"JPM,100001,100"
2019-06-28 09:30:00.000000080,BEST_ASK,"JPM,100029,100"
2019-06-28 09:30:00.000000080,QUERY_SPREAD,36
2019-06-28 09:30:00.000000080,BEST_BID,"JPM,100001,100"
2019-06-28 09:30:00.000000080,BEST_ASK,"JPM,100029,100"
2019-06-28 09:30:00.000000082,QUERY_ORDER_STREAM,68
2019-06-28 09:30:00.000000082,QUERY_SPREAD,68
2019-06-28 09:30:00.000000082,BEST_BID,"JPM,100027,100"
2019-06-28 09:30:00.000000082,BEST_ASK,"JPM,100029,100"
2019-06-28 09:30:00.000000082,QUERY_ORDER_STREAM,74
2019-06-28 09:30:00.000000082,QUERY_SPREAD,74
2019-06-28 09:30:00.000000086,QUERY_SPREAD,18
2019-06-28 09:30:00.000000086,BEST_BID,"JPM,100027,100"
2019-06-28 09:30:00.000000086,BEST_ASK,"JPM,100029,100"
2019-06-28 09:30:00.000000086,QUERY_SPREAD,41
2019-06-28 09:30:00.000000086,BEST_BID,"JPM,100001,100"
2019-06-28 09:30:00.000000086,BEST_ASK,"JPM,100029,100"
2019-06-28 09:30:00.000000086,LAST_TRADE,"100,$100027.0000"
2019-06-28 09:30:00.000000086,QUERY_ORDER_STREAM,57
2019-06-28 09:30:00.000000086,QUERY_SPREAD,57
2019-06-28 09:30:00.000000086,BEST_BID,"JPM,100001,100"
2019-06-28 09:30:00.000000086,BEST_ASK,"JPM,100027,100"
2019-06-28 09:30:00.000000087,QUERY_SPREAD,3
2019-06-28 09:30:00.000000087,BEST_BID,"JPM,100001,100"
2019-06-28 09:30:00.000000087,BEST_ASK,"JPM,100027,100"
2019-06-28 09:30:00.000000087,QUERY_SPREAD,32
2019-06-28 09:30:00.000000087,BEST_BID,"JPM,100001,100"
2019-06-28 09:30:00.000000087,BEST_ASK,"JPM,100027,100"
2019-06-28 09:30:00.000000092,QUERY_SPREAD,5
2019-06-28 09:30:00.000000092,BEST_BID,"JPM,100001,100"
2019-06-28 09:30:00.000000092,BEST_ASK,"JPM,100027,100"
2019-06-28 09:30:00.000000093,QUERY_SPREAD,11
2019-06-28 09:30:00.000000093,BEST_BID,"JPM,100001,100"
2019-06-28 09:30:00.000000093,BEST_ASK,"JPM,100027,100"
2019-06-28 09:30:00.000000095,QUERY_SPREAD,8
2019-06-28 09:30:00.000000095,BEST_BID,"JPM,100001,100"
2019-06-28 09:30:00.000000095,BEST_ASK,"JPM,100027,100"
2019-06-28 09:30:00.000000095,QUERY_SPREAD,29
2019-06-28 09:30:00.000000095,BEST_BID,"JPM,100001,100"
2019-06-28 09:30:00.000000095,BEST_ASK,"JPM,100027,100"
2019-06-28 09:30:00.000000097,QUERY_ORDER_STREAM,70
2019-06-28 09:30:00.000000097,QUERY_SPREAD,70
2019-06-28 09:30:03.794335000,QUERY_SPREAD,18
2019-06-28 09:30:03.794335000,BEST_BID,"JPM,100001,100"
2019-06-28 09:30:03.794335000,BEST_ASK,"JPM,100029,100"
2019-06-28 09:30:03.794335000,LAST_TRADE,"100,$100027.0000"
2019-06-28 09:30:10.000000000,QUERY_SPREAD,1
2019-06-28 09:30:10.000000000,BEST_BID,"JPM,100001,170"
2019-06-28 09:30:10.000000000,BEST_ASK,"JPM,100029,100"
2019-06-28 09:30:10.000000000,BEST_BID,"JPM,100001,170"
2019-06-28 09:30:10.000000000,BEST_ASK,"JPM,100029,100"
2019-06-28 09:30:10.000000000,BEST_BID,"JPM,100001,170"
2019-06-28 09:30:10.000000000,BEST_ASK,"JPM,100029,100"
2019-06-28 09:30:10.000000000,BEST_BID,"JPM,100001,170"
2019-06-28 09:30:10.000000000,BEST_ASK,"JPM,100029,100"
2019-06-28 09:30:10.000000000,BEST_BID,"JPM,100001,170"
2019-06-28 09:30:10.000000000,BEST_ASK,"JPM,100029,170"
2019-06-28 09:30:10.000000000,BEST_BID,"JPM,100001,170"
2019-06-28 09:30:10.000000000,BEST_ASK,"JPM,100029,170"
2019-06-28 09:30:10.000000000,BEST_BID,"JPM,100001,170"
2019-06-28 09:30:10.000000000,BEST_ASK,"JPM,100029,170"
2019-06-28 09:30:10.000000000,BEST_BID,"JPM,100001,170"
2019-06-28 09:30:10.000000000,BEST_ASK,"JPM,100029,170"
2019-06-28 09:30:13.848265083,QUERY_SPREAD,29
2019-06-28 09:30:13.848265083,BEST_BID,"JPM,100001,170"
2019-06-28 09:30:13.848265083,BEST_ASK,"JPM,100029,170"
2019-06-28 09:30:19.204328903,QUERY_ORDER_STREAM,70
2019-06-28 09:30:19.204328903,QUERY_SPREAD,70
2019-06-28 09:30:20.000000000,QUERY_SPREAD,1
2019-06-28 09:30:20.000000000,BEST_BID,"JPM,100001,195"
2019-06-28 09:30:20.000000000,BEST_ASK,"JPM,100029,100"
2019-06-28 09:30:20.000000000,BEST_BID,"JPM,100001,195"
2019-06-28 09:30:20.000000000,BEST_ASK,"JPM,100029,100"
2019-06-28 09:30:20.000000000,BEST_BID,"JPM,100001,195"
2019-06-28 09:30:20.000000000,BEST_ASK,"JPM,100029,100"
2019-06-28 09:30:20.000000000,BEST_BID,"JPM,100001,195"
2019-06-28 09:30:20.000000000,BEST_ASK,"JPM,100029,195"
2019-06-28 09:30:20.000000000,BEST_BID,"JPM,100001,195"
2019-06-28 09:30:20.000000000,BEST_ASK,"JPM,100029,195"
2019-06-28 09:30:20.000000000,BEST_BID,"JPM,100001,195"
2019-06-28 09:30:20.000000000,BEST_ASK,"JPM,100029,195"
2019-06-28 09:30:22.238473082,QUERY_SPREAD,6
2019-06-28 09:30:22.238473082,BEST_BID,"JPM,100001,195"
2019-06-28 09:30:22.238473082,BEST_ASK,"JPM,100029,95"
2019-06-28 09:30:22.238473082,LAST_TRADE,"100,$100029.0000"
2019-06-28 09:30:30.000000000,QUERY_SPREAD,1
2019-06-28 09:30:30.000000000,BEST_BID,"JPM,100001,380"
2019-06-28 09:30:30.000000000,BEST_ASK,"JPM,100030,300"
2019-06-28 09:30:30.000000000,BEST_BID,"JPM,100001,380"
2019-06-28 09:30:30.000000000,BEST_ASK,"JPM,100030,580"
2019-06-28 09:30:34.806571758,QUERY_ORDER_STREAM,67
2019-06-28 09:30:34.806571758,QUERY_SPREAD,67
2019-06-28 09:30:40.000000000,QUERY_SPREAD,1
2019-06-28 09:30:40.000000000,BEST_BID,"JPM,100001,195"
2019-06-28 09:30:40.000000000,BEST_ASK,"JPM,100030,300"
2019-06-28 09:30:40.000000000,BEST_BID,"JPM,100001,195"
2019-06-28 09:30:40.000000000,BEST_ASK,"JPM,100030,300"
2019-06-28 09:30:40.000000000,BEST_BID,"JPM,100001,195"
2019-06-28 09:30:40.000000000,BEST_ASK,"JPM,100030,300"
2019-06-28 09:30:40.000000000,BEST_BID,"JPM,100001,195"
2019-06-28 09:30:40.000000000,BEST_ASK,"JPM,100030,395"
2019-06-28 09:30:40.000000000,BEST_BID,"JPM,100001,195"
2019-06-28 09:30:40.000000000,BEST_ASK,"JPM,100030,395"
2019-06-28 09:30:40.000000000,BEST_BID,"JPM,100001,195"
2019-06-28 09:30:40.000000000,BEST_ASK,"JPM,100030,395"
2019-06-28 09:30:50.000000000,QUERY_SPREAD,1
2019-06-28 09:30:50.000000000,BEST_BID,"JPM,100001,380"
2019-06-28 09:30:50.000000000,BEST_ASK,"JPM,100030,300"
2019-06-28 09:30:50.000000000,BEST_BID,"JPM,100001,380"
2019-06-28 09:30:50.000000000,BEST_ASK,"JPM,100030,580"
2019-06-28 09:30:53.239311343,QUERY_SPREAD,49
2019-06-28 09:30:53.239311343,BEST_BID,"JPM,100001,280"
2019-06-28 09:30:53.239311343,BEST_ASK,"JPM,100030,580"
2019-06-28 09:30:53.239311343,LAST_TRADE,"100,$100001.0000"
2019-06-28 09:30:54.249312233,QUERY_SPREAD,39
2019-06-28 09:30:54.249312233,BEST_BID,"JPM,100001,180"
2019-06-28 09:30:54.249312233,BEST_ASK,"JPM,100030,580"
2019-06-28 09:30:54.249312233,LAST_TRADE,"100,$100001.0000"
2019-06-28 09:30:56.342918914,QUERY_ORDER_STREAM,62
2019-06-28 09:30:56.342918914,QUERY_SPREAD,62
2019-06-28 09:30:56.342918914,BEST_BID,"JPM,100001,80"
2019-06-28 09:30:56.342918914,BEST_ASK,"JPM,100030,580"
2019-06-28 09:30:56.342918914,LAST_TRADE,"100,$100001.0000"
2019-06-28 09:31:00.000000000,QUERY_SPREAD,1
2019-06-28 09:31:00.000000000,BEST_BID,"JPM,100000,170"
2019-06-28 09:31:00.000000000,BEST_ASK,"JPM,100030,300"
2019-06-28 09:31:00.000000000,BEST_BID,"JPM,100000,170"
2019-06-28 09:31:00.000000000,BEST_ASK,"JPM,100030,300"
2019-06-28 09:31:00.000000000,BEST_BID,"JPM,100000,170"
2019-06-28 09:31:00.000000000,BEST_ASK,"JPM,100030,300"
2019-06-28 09:31:00.000000000,BEST_BID,"JPM,100000,170"
2019-06-28 09:31:00.000000000,BEST_ASK,"JPM,100030,300"
2019-06-28 09:31:00.000000000,BEST_BID,"JPM,100000,170"
2019-06-28 09:31:00.000000000,BEST_ASK,"JPM,100030,370"
2019-06-28 09:31:00.000000000,BEST_BID,"JPM,100000,170"
2019-06-28 09:31:00.000000000,BEST_ASK,"JPM,100030,370"
2019-06-28 09:31:00.000000000,BEST_BID,"JPM,100000,170"
2019-06-28 09:31:00.000000000,BEST_ASK,"JPM,100030,370"
2019-06-28 09:31:00.000000000,BEST_BID,"JPM,100000,170"
2019-06-28 09:31:00.000000000,BEST_ASK,"JPM,100030,370"
2019-06-28 09:31:00.000000000,QUERY_SPREAD,77
2019-06-28 09:31:00.000000000,QUERY_SPREAD,78
2019-06-28 09:31:00.000000000,QUERY_SPREAD,79
2019-06-28 09:31:00.000000000,QUERY_SPREAD,80
2019-06-28 09:31:00.000000000,QUERY_SPREAD,81
2019-06-28 09:31:00.000000000,QUERY_SPREAD,82
2019-06-28 09:31:00.000000000,QUERY_SPREAD,83
2019-06-28 09:31:00.000000000,QUERY_SPREAD,84
2019-06-28 09:31:00.000000000,QUERY_SPREAD,85
2019-06-28 09:31:00.000000000,QUERY_SPREAD,86
2019-06-28 09:31:00.000000000,QUERY_SPREAD,87
2019-06-28 09:31:00.000000000,QUERY_SPREAD,88
2019-06-28 09:31:00.000000000,QUERY_SPREAD,89
2019-06-28 09:31:00.000000000,QUERY_SPREAD,90
2019-06-28 09:31:00.000000000,QUERY_SPREAD,91
2019-06-28 09:31:00.000000000,QUERY_SPREAD,92
2019-06-28 09:31:00.000000000,QUERY_SPREAD,93
2019-06-28 09:31:00.000000000,QUERY_SPREAD,94
2019-06-28 09:31:00.000000000,QUERY_SPREAD,95
2019-06-28 09:31:00.000000000,QUERY_SPREAD,96
2019-06-28 09:31:00.000000000,QUERY_SPREAD,97
2019-06-28 09:31:00.000000000,QUERY_SPREAD,98
2019-06-28 09:31:00.000000000,QUERY_SPREAD,99
2019-06-28 09:31:00.000000000,QUERY_SPREAD,100
2019-06-28 09:31:00.000000000,QUERY_SPREAD,101
2019-06-28 09:31:00.000000000,QUERY_ORDER_STREAM,101
2019-06-28 09:31:10.000000000,QUERY_SPREAD,1
2019-06-28 09:31:10.000000000,BEST_BID,"JPM,100000,170"
2019-06-28 09:31:10.000000000,BEST_ASK,"JPM,100030,300"
2019-06-28 09:31:10.000000000,BEST_BID,"JPM,100000,170"
2019-06-28 09:31:10.000000000,BEST_ASK,"JPM,100030,300"
2019-06-28 09:31:10.000000000,BEST_BID,"JPM,100000,170"
2019-06-28 09:31:10.000000000,BEST_ASK,"JPM,100030,300"
2019-06-28 09:31:10.000000000,BEST_BID,"JPM,100000,170"
2019-06-28 09:31:10.000000000,BEST_ASK,"JPM,100030,300"
2019-06-28 09:31:10.000000000,BEST_BID,"JPM,100000,170"
2019-06-28 09:31:10.000000000,BEST_ASK,"JPM,100030,370"
2019-06-28 09:31:10.000000000,BEST_BID,"JPM,100000,170"
2019-06-28 09:31:10.000000000,BEST_ASK,"JPM,100030,370"
2019-06-28 09:31:10.000000000,BEST_BID,"JPM,100000,170"
2019-06-28 09:31:10.000000000,BEST_ASK,"JPM,100030,370"
2019-06-28 09:31:10.000000000,BEST_BID,"JPM,100000,170"
2019-06-28 09:31:10.000000000,BEST_ASK,"JPM,100030,370"
2019-06-28 09:31:20.000000000,QUERY_SPREAD,1
2019-06-28 09:31:20.000000000,BEST_BID,"JPM,100000,195"
2019-06-28 09:31:20.000000000,BEST_ASK,"JPM,100030,300"
2019-06-28 09:31:20.000000000,BEST_BID,"JPM,100000,195"
2019-06-28 09:31:20.000000000,BEST_ASK,"JPM,100030,300"
2019-06-28 09:31:20.000000000,BEST_BID,"JPM,100000,195"
2019-06-28 09:31:20.000000000,BEST_ASK,"JPM,100030,300"
2019-06-28 09:31:20.000000000,BEST_BID,"JPM,100000,195"
2019-06-28 09:31:20.000000000,BEST_ASK,"JPM,100030,395"
2019-06-28 09:31:20.000000000,BEST_BID,"JPM,100000,195"
2019-06-28 09:31:20.000000000,BEST_ASK,"JPM,100030,395"
2019-06-28 09:31:20.000000000,BEST_BID,"JPM,100000,195"
2019-06-28 09:31:20.000000000,BEST_ASK,"JPM,100030,395"
2019-06-28 09:31:22.772484220,QUERY_ORDER_STREAM,62
2019-06-28 09:31:22.772484220,QUERY_SPREAD,62
2019-06-28 09:31:25.690472762,QUERY_ORDER_STREAM,74
2019-06-28 09:31:25.690472762,QUERY_SPREAD,74
2019-06-28 09:31:30.000000000,QUERY_SPREAD,1
2019-06-28 09:31:30.000000000,BEST_BID,"JPM,100000,170"
2019-06-28 09:31:30.000000000,BEST_ASK,"JPM,100030,300"
2019-06-28 09:31:30.000000000,BEST_BID,"JPM,100000,170"
2019-06-28 09:31:30.000000000,BEST_ASK,"JPM,100030,300"
2019-06-28 09:31:30.000000000,BEST_BID,"JPM,100000,170"
2019-06-28 09:31:30.000000000,BEST_ASK,"JPM,100030,300"
2019-06-28 09:31:30.000000000,BEST_BID,"JPM,100000,170"
2019-06-28 09:31:30.000000000,BEST_ASK,"JPM,100030,300"
2019-06-28 09:31:30.000000000,BEST_BID,"JPM,100000,170"
2019-06-28 09:31:30.000000000,BEST_ASK,"JPM,100030,370"
2019-06-28 09:31:30.000000000,BEST_BID,"JPM,100000,170"
2019-06-28 09:31:30.000000000,BEST_ASK,"JPM,100030,370"
2019-06-28 09:31:30.000000000,BEST_BID,"JPM,100000,170"
2019-06-28 09:31:30.000000000,BEST_ASK,"JPM,100030,370"
2019-06-28 09:31:30.000000000,BEST_BID,"JPM,100000,170"
2019-06-28 09:31:30.000000000,BEST_ASK,"JPM,100030,370"
2019-06-28 09:31:40.000000000,QUERY_SPREAD,1
2019-06-28 09:31:40.000000000,BEST_BID,"JPM,100000,240"
2019-06-28 09:31:40.000000000,BEST_ASK,"JPM,100030,300"
2019-06-28 09:31:40.000000000,BEST_BID,"JPM,100000,240"
2019-06-28 09:31:40.000000000,BEST_ASK,"JPM,100030,300"
2019-06-28 09:31:40.000000000,BEST_BID,"JPM,100000,240"
2019-06-28 09:31:40.000000000,BEST_ASK,"JPM,100030,440"
2019-06-28 09:31:40.000000000,BEST_BID,"JPM,100000,240"
2019-06-28 09:31:40.000000000,BEST_ASK,"JPM,100030,440"
2019-06-28 09:31:50.000000000,QUERY_SPREAD,1
2019-06-28 09:31:50.000000000,BEST_BID,"JPM,100000,380"
2019-06-28 09:31:50.000000000,BEST_ASK,"JPM,100030,300"
2019-06-28 09:31:50.000000000,BEST_BID,"JPM,100000,380"
2019-06-28 09:31:50.000000000,BEST_ASK,"JPM,100030,580"
2019-06-28 09:31:59.258920752,QUERY_SPREAD,44
2019-06-28 09:31:59.258920752,BEST_BID,"JPM,100000,380"
2019-06-28 09:31:59.258920752,BEST_ASK,"JPM,100030,580"
2019-06-28 09:32:00.000000000,QUERY_SPREAD,1
2019-06-28 09:32:00.000000000,BEST_BID,"JPM,100000,170"
2019-06-28 09:32:00.000000000,BEST_ASK,"JPM,100030,300"
2019-06-28 09:32:00.000000000,BEST_BID,"JPM,100000,170"
2019-06-28 09:32:00.000000000,BEST_ASK,"JPM,100030,300"
2019-06-28 09:32:00.000000000,BEST_BID,"JPM,100000,170"
2019-06-28 09:32:00.000000000,BEST_ASK,"JPM,100030,300"
2019-06-28 09:32:00.000000000,BEST_BID,"JPM,100000,170"
2019-06-28 09:32:00.000000000,BEST_ASK,"JPM,100030,300"
2019-06-28 09:32:00.000000000,BEST_BID,"JPM,100000,170"
2019-06-28 09:32:00.000000000,BEST_ASK,"JPM,100030,370"
2019-06-28 09:32:00.000000000,BEST_BID,"JPM,100000,170"
2019-06-28 09:32:00.000000000,BEST_ASK,"JPM,100030,370"
2019-06-28 09:32:00.000000000,BEST_BID,"JPM,100000,170"
2019-06-28 09:32:00.000000000,BEST_ASK,"JPM,100030,370"
2019-06-28 09:32:00.000000000,BEST_BID,"JPM,100000,170"
2019-06-28 09:32:00.000000000,BEST_ASK,"JPM,100030,370"
2019-06-28 09:32:00.000000000,QUERY_SPREAD,77
2019-06-28 09:32:00.000000000,QUERY_SPREAD,78
2019-06-28 09:32:00.000000000,QUERY_SPREAD,79
2019-06-28 09:32:00.000000000,QUERY_SPREAD,80
2019-06-28 09:32:00.000000000,QUERY_SPREAD,81
2019-06-28 09:32:00.000000000,QUERY_SPREAD,82
2019-06-28 09:32:00.000000000,QUERY_SPREAD,83
2019-06-28 09:32:00.000000000,QUERY_SPREAD,84
2019-06-28 09:32:00.000000000,QUERY_SPREAD,85
2019-06-28 09:32:00.000000000,QUERY_SPREAD,86
2019-06-28 09:32:00.000000000,QUERY_SPREAD,87
2019-06-28 09:32:00.000000000,QUERY_SPREAD,88
2019-06-28 09:32:00.000000000,QUERY_SPREAD,89
2019-06-28 09:32:00.000000000,QUERY_SPREAD,90
2019-06-28 09:32:00.000000000,QUERY_SPREAD,91
2019-06-28 09:32:00.000000000,QUERY_SPREAD,92
2019-06-28 09:32:00.000000000,QUERY_SPREAD,93
2019-06-28 09:32:00.000000000,QUERY_SPREAD,94
2019-06-28 09:32:00.000000000,QUERY_SPREAD,95
2019-06-28 09:32:00.000000000,QUERY_SPREAD,96
2019-06-28 09:32:00.000000000,QUERY_SPREAD,97
2019-06-28 09:32:00.000000000,QUERY_SPREAD,98
2019-06-28 09:32:00.000000000,QUERY_SPREAD,99
2019-06-28 09:32:00.000000000,QUERY_SPREAD,100
2019-06-28 09:32:00.000000000,QUERY_SPREAD,101
2019-06-28 09:32:00.000000000,QUERY_ORDER_STREAM,101
2019-06-28 09:32:10.000000000,QUERY_SPREAD,1
2019-06-28 09:32:10.000000000,BEST_BID,"JPM,100000,195"
2019-06-28 09:32:10.000000000,BEST_ASK,"JPM,100030,300"
2019-06-28 09:32:10.000000000,BEST_BID,"JPM,100000,195"
2019-06-28 09:32:10.000000000,BEST_ASK,"JPM,100030,300"
2019-06-28 09:32:10.000000000,BEST_BID,"JPM,100000,195"
2019-06-28 09:32:10.000000000,BEST_ASK,"JPM,100030,300"
2019-06-28 09:32:10.000000000,BEST_BID,"JPM,100000,195"
2019-06-28 09:32:10.000000000,BEST_ASK,"JPM,100030,395"
2019-06-28 09:32:10.000000000,BEST_BID,"JPM,100000,195"
2019-06-28 09:32:10.000000000,BEST_ASK,"JPM,100030,395"
2019-06-28 09:32:10.000000000,BEST_BID,"JPM,100000,195"
2019-06-28 09:32:10.000000000,BEST_ASK,"JPM,100030,395"
2019-06-28 09:32:14.676886022,QUERY_SPREAD,49
2019-06-28 09:32:14.676886022,BEST_BID,"JPM,100000,95"
2019-06-28 09:32:14.676886022,BEST_ASK,"JPM,100030,395"
2019-06-28 09:32:14.676886022,LAST_TRADE,"100,$100000.0000"
2019-06-28 09:32:18.101598891,QUERY_SPREAD,14
2019-06-28 09:32:18.101598891,BEST_BID,"JPM,99999,292"
2019-06-28 09:32:18.101598891,BEST_ASK,"JPM,100000,5"
2019-06-28 09:32:18.101598891,LAST_TRADE,"95,$100000.0000"
2019-06-28 09:32:20.000000000,QUERY_SPREAD,1
2019-06-28 09:32:20.000000000,BEST_BID,"JPM,99999,340"
2019-06-28 09:32:20.000000000,BEST_ASK,"JPM,100000,5"
2019-06-28 09:32:20.000000000,BEST_BID,"JPM,99999,340"
2019-06-28 09:32:20.000000000,BEST_ASK,"JPM,100000,5"
2019-06-28 09:32:20.000000000,BEST_BID,"JPM,99999,340"
2019-06-28 09:32:20.000000000,BEST_ASK,"JPM,100000,145"
2019-06-28 09:32:20.000000000,BEST_BID,"JPM,99999,340"
2019-06-28 09:32:20.000000000,BEST_ASK,"JPM,100000,145"
2019-06-28 09:32:30.000000000,QUERY_SPREAD,1
2019-06-28 09:32:30.000000000,BEST_BID,"JPM,99999,480"
2019-06-28 09:32:30.000000000,BEST_ASK,"JPM,100000,5"
2019-06-28 09:32:30.000000000,BEST_BID,"JPM,99999,480"
2019-06-28 09:32:30.000000000,BEST_ASK,"JPM,100000,285"
2019-06-28 09:32:35.615310645,QUERY_ORDER_STREAM,56
2019-06-28 09:32:35.615310645,QUERY_SPREAD,56
2019-06-28 09:32:39.433282443,QUERY_SPREAD,6
2019-06-28 09:32:39.433282443,BEST_BID,"JPM,99999,380"
2019-06-28 09:32:39.433282443,BEST_ASK,"JPM,100000,285"
2019-06-28 09:32:39.433282443,LAST_TRADE,"100,$99999.0000"
2019-06-28 09:32:40.000000000,QUERY_SPREAD,1
2019-06-28 09:32:40.000000000,BEST_BID,"JPM,99999,170"
2019-06-28 09:32:40.000000000,BEST_ASK,"JPM,100000,5"
2019-06-28 09:32:40.000000000,BEST_BID,"JPM,99999,170"
2019-06-28 09:32:40.000000000,BEST_ASK,"JPM,100000,5"
2019-06-28 09:32:40.000000000,BEST_BID,"JPM,99999,170"
2019-06-28 09:32:40.000000000,BEST_ASK,"JPM,100000,5"
2019-06-28 09:32:40.000000000,BEST_BID,"JPM,99999,170"
2019-06-28 09:32:40.000000000,BEST_ASK,"JPM,100000,5"
2019-06-28 09:32:40.000000000,BEST_BID,"JPM,99999,170"
2019-06-28 09:32:40.000000000,BEST_ASK,"JPM,100000,75"
2019-06-28 09:32:40.000000000,BEST_BID,"JPM,99999,170"
2019-06-28 09:32:40.000000000,BEST_ASK,"JPM,100000,75"
2019-06-28 09:32:40.000000000,BEST_BID,"JPM,99999,170"
2019-06-28 09:32:40.000000000,BEST_ASK,"JPM,100000,75"
2019-06-28 09:32:40.000000000,BEST_BID,"JPM,99999,170"
2019-06-28 09:32:40.000000000,BEST_ASK,"JPM,100000,75"
2019-06-28 09:32:50.000000000,QUERY_SPREAD,1
2019-06-28 09:32:50.000000000,BEST_BID,"JPM,99999,156"
2019-06-28 09:32:50.000000000,BEST_ASK,"JPM,100000,5"
2019-06-28 09:32:50.000000000,BEST_BID,"JPM,99999,156"
2019-06-28 09:32:50.000000000,BEST_ASK,"JPM,100000,5"
2019-06-28 09:32:50.000000000,BEST_BID,"JPM,99999,156"
2019-06-28 09:32:50.000000000,BEST_ASK,"JPM,100000,5"
2019-06-28 09:32:50.000000000,BEST_BID,"JPM,99999,156"
2019-06-28 09:32:50.000000000,BEST_ASK,"JPM,100000,5"
2019-06-28 09:32:50.000000000,BEST_BID,"JPM,99999,156"
2019-06-28 09:32:50.000000000,BEST_ASK,"JPM,100000,5"
2019-06-28 09:32:50.000000000,BEST_BID,"JPM,99999,156"
2019-06-28 09:32:50.000000000,BEST_ASK,"JPM,100000,61"
2019-06-28 09:32:50.000000000,BEST_BID,"JPM,99999,156"
2019-06-28 09:32:50.000000000,BEST_ASK,"JPM,100000,61"
2019-06-28 09:32:50.000000000,BEST_BID,"JPM,99999,156"
2019-06-28 09:32:50.000000000,BEST_ASK,"JPM,100000,61"
2019-06-28 09:32:50.000000000,BEST_BID,"JPM,99999,156"
2019-06-28 09:32:50.000000000,BEST_ASK,"JPM,100000,61"
2019-06-28 09:32:50.000000000,BEST_BID,"JPM,99999,156"
2019-06-28 09:32:50.000000000,BEST_ASK,"JPM,100000,61"
2019-06-28 09:33:00.000000000,QUERY_SPREAD,1
2019-06-28 09:33:00.000000000,BEST_BID,"JPM,99999,170"
2019-06-28 09:33:00.000000000,BEST_ASK,"JPM,100000,5"
2019-06-28 09:33:00.000000000,BEST_BID,"JPM,99999,170"
2019-06-28 09:33:00.000000000,BEST_ASK,"JPM,100000,5"
2019-06-28 09:33:00.000000000,BEST_BID,"JPM,99999,170"
2019-06-28 09:33:00.000000000,BEST_ASK,"JPM,100000,5"
2019-06-28 09:33:00.000000000,BEST_BID,"JPM,99999,170"
2019-06-28 09:33:00.000000000,BEST_ASK,"JPM,100000,5"
2019-06-28 09:33:00.000000000,BEST_BID,"JPM,99999,170"
2019-06-28 09:33:00.000000000,BEST_ASK,"JPM,100000,75"
2019-06-28 09:33:00.000000000,BEST_BID,"JPM,99999,170"
2019-06-28 09:33:00.000000000,BEST_ASK,"JPM,100000,75"
2019-06-28 09:33:00.000000000,BEST_BID,"JPM,99999,170"
2019-06-28 09:33:00.000000000,BEST_ASK,"JPM,100000,75"
2019-06-28 09:33:00.000000000,BEST_BID,"JPM,99999,170"
2019-06-28 09:33:00.000000000,BEST_ASK,"JPM,100000,75"
2019-06-28 09:33:00.000000000,QUERY_SPREAD,77
2019-06-28 09:33:00.000000000,QUERY_SPREAD,78
2019-06-28 09:33:00.000000000,QUERY_SPREAD,79
2019-06-28 09:33:00.000000000,QUERY_SPREAD,80
2019-06-28 09:33:00.000000000,QUERY_SPREAD,81
2019-06-28 09:33:00.000000000,QUERY_SPREAD,82
2019-06-28 09:33:00.000000000,QUERY_SPREAD,83
2019-06-28 09:33:00.000000000,QUERY_SPREAD,84
2019-06-28 09:33:00.000000000,QUERY_SPREAD,85
2019-06-28 09:33:00.000000000,QUERY_SPREAD,86
2019-06-28 09:33:00.000000000,QUERY_SPREAD,87
2019-06-28 09:33:00.000000000,QUERY_SPREAD,88
2019-06-28 09:33:00.000000000,QUERY_SPREAD,89
2019-06-28 09:33:00.000000000,QUERY_SPREAD,90
2019-06-28 09:33:00.000000000,QUERY_SPREAD,91
2019-06-28 09:33:00.000000000,QUERY_SPREAD,92
2019-06-28 09:33:00.000000000,QUERY_SPREAD,93
2019-06-28 09:33:00.000000000,QUERY_SPREAD,94
2019-06-28 09:33:00.000000000,QUERY_SPREAD,95
2019-06-28 09:33:00.000000000,QUERY_SPREAD,96
2019-06-28 09:33:00.000000000,QUERY_SPREAD,97
2019-06-28 09:33:00.000000000,QUERY_SPREAD,98
2019-06-28 09:33:00.000000000,QUERY_SPREAD,99
2019-06-28 09:33:00.000000000,QUERY_SPREAD,100
2019-06-28 09:33:00.000000000,QUERY_SPREAD,101
2019-06-28 09:33:00.000000000,QUERY_ORDER_STREAM,101
2019-06-28 09:33:10.000000000,QUERY_SPREAD,1
2019-06-28 09:33:10.000000000,BEST_BID,"JPM,99999,195"
2019-06-28 09:33:10.000000000,BEST_ASK,"JPM,100000,5"
2019-06-28 09:33:10.000000000,BEST_BID,"JPM,99999,195"
2019-06-28 09:33:10.000000000,BEST_ASK,"JPM,100000,5"
2019-06-28 09:33:10.000000000,BEST_BID,"JPM,99999,195"
2019-06-28 09:33:10.000000000,BEST_ASK,"JPM,100000,5"
2019-06-28 09:33:10.000000000,BEST_BID,"JPM,99999,195"
2019-06-28 09:33:10.000000000,BEST_ASK,"JPM,100000,100"
2019-06-28 09:33:10.000000000,BEST_BID,"JPM,99999,195"
2019-06-28 09:33:10.000000000,BEST_ASK,"JPM,100000,100"
2019-06-28 09:33:10.000000000,BEST_BID,"JPM,99999,195"
2019-06-28 09:33:10.000000000,BEST_ASK,"JPM,100000,100"
2019-06-28 09:33:20.000000000,QUERY_SPREAD,1
2019-06-28 09:33:20.000000000,BEST_BID,"JPM,99999,156"
2019-06-28 09:33:20.000000000,BEST_ASK,"JPM,100000,5"
2019-06-28 09:33:20.000000000,BEST_BID,"JPM,99999,156"
2019-06-28 09:33:20.000000000,BEST_ASK,"JPM,100000,5"
2019-06-28 09:33:20.000000000,BEST_BID,"JPM,99999,156"
2019-06-28 09:33:20.000000000,BEST_ASK,"JPM,100000,5"
2019-06-28 09:33:20.000000000,BEST_BID,"JPM,99999,156"
2019-06-28 09:33:20.000000000,BEST_ASK,"JPM,100000,5"
2019-06-28 09:33:20.000000000,BEST_BID,"JPM,99999,156"
2019-06-28 09:33:20.000000000,BEST_ASK,"JPM,100000,5"
2019-06-28 09:33:20.000000000,BEST_BID,"JPM,99999,156"
2019-06-28 09:33:20.000000000,BEST_ASK,"JPM,100000,61"
2019-06-28 09:33:20.000000000,BEST_BID,"JPM,99999,156"
2019-06-28 09:33:20.000000000,BEST_ASK,"JPM,100000,61"
2019-06-28 09:33:20.000000000,BEST_BID,"JPM,99999,156"
2019-06-28 09:33:20.000000000,BEST_ASK,"JPM,100000,61"
2019-06-28 09:33:20.000000000,BEST_BID,"JPM,99999,156"
2019-06-28 09:33:20.000000000,BEST_ASK,"JPM,100000,61"
2019-06-28 09:33:20.000000000,BEST_BID,"JPM,99999,156"
2019-06-28 09:33:20.000000000,BEST_ASK,"JPM,100000,61"
2019-06-28 09:33:30.000000000,QUERY_SPREAD,1
2019-06-28 09:33:30.000000000,BEST_BID,"JPM,99999,240"
2019-06-28 09:33:30.000000000,BEST_ASK,"JPM,100000,5"
2019-06-28 09:33:30.000000000,BEST_BID,"JPM,99999,240"
2019-06-28 09:33:30.000000000,BEST_ASK,"JPM,100000,5"
2019-06-28 09:33:30.000000000,BEST_BID,"JPM,99999,240"
2019-06-28 09:33:30.000000000,BEST_ASK,"JPM,100000,145"
2019-06-28 09:33:30.000000000,BEST_BID,"JPM,99999,240"
2019-06-28 09:33:30.000000000,BEST_ASK,"JPM,100000,145"
2019-06-28 09:33:36.302543263,QUERY_ORDER_STREAM,75
2019-06-28 09:33:36.302543263,QUERY_SPREAD,75
2019-06-28 09:33:36.302543263,BEST_BID,"JPM,99999,140"
2019-06-28 09:33:36.302543263,BEST_ASK,"JPM,100000,145"
2019-06-28 09:33:36.302543263,LAST_TRADE,"100,$99999.0000"
2019-06-28 09:33:40.000000000,QUERY_SPREAD,1
2019-06-28 09:33:40.000000000,BEST_BID,"JPM,99972,156"
2019-06-28 09:33:40.000000000,BEST_ASK,"JPM,100000,5"
2019-06-28 09:33:40.000000000,BEST_BID,"JPM,99972,156"
2019-06-28 09:33:40.000000000,BEST_ASK,"JPM,100000,5"
2019-06-28 09:33:40.000000000,BEST_BID,"JPM,99972,156"
2019-06-28 09:33:40.000000000,BEST_ASK,"JPM,100000,5"
2019-06-28 09:33:40.000000000,BEST_BID,"JPM,99972,156"
2019-06-28 09:33:40.000000000,BEST_ASK,"JPM,100000,5"
2019-06-28 09:33:40.000000000,BEST_BID,"JPM,99972,156"
2019-06-28 09:33:40.000000000,BEST_ASK,"JPM,100000,5"
2019-06-28 09:33:40.000000000,BEST_BID,"JPM,99972,156"
2019-06-28 09:33:40.000000000,BEST_ASK,"JPM,100000,61"
2019-06-28 09:33:40.000000000,BEST_BID,"JPM,99972,156"
2019-06-28 09:33:40.000000000,BEST_ASK,"JPM,100000,61"
2019-06-28 09:33:40.000000000,BEST_BID,"JPM,99972,156"
2019-06-28 09:33:40.000000000,BEST_ASK,"JPM,100000,61"
2019-06-28 09:33:40.000000000,BEST_BID,"JPM,99972,156"
2019-06-28 09:33:40.000000000,BEST_ASK,"JPM,100000,61"
2019-06-28 09:33:40.000000000,BEST_BID,"JPM,99972,156"
2019-06-28 09:33:40.000000000,BEST_ASK,"JPM,100000,61"
2019-06-28 09:33:50.000000000,QUERY_SPREAD,1
2019-06-28 09:33:50.000000000,BEST_BID,"JPM,99972,170"
2019-06-28 09:33:50.000000000,BEST_ASK,"JPM,100000,5"
2019-06-28 09:33:50.000000000,BEST_BID,"JPM,99972,170"
2019-06-28 09:33:50.000000000,BEST_ASK,"JPM,100000,5"
2019-06-28 09:33:50.000000000,BEST_BID,"JPM,99972,170"
2019-06-28 09:33:50.000000000,BEST_ASK,"JPM,100000,5"
2019-06-28 09:33:50.000000000,BEST_BID,"JPM,99972,170"
2019-06-28 09:33:50.000000000,BEST_ASK,"JPM,100000,5"
2019-06-28 09:33:50.000000000,BEST_BID,"JPM,99972,170"
2019-06-28 09:33:50.000000000,BEST_ASK,"JPM,100000,75"
2019-06-28 09:33:50.000000000,BEST_BID,"JPM,99972,170"
2019-06-28 09:33:50.000000000,BEST_ASK,"JPM,100000,75"
2019-06-28 09:33:50.000000000,BEST_BID,"JPM,99972,170"
2019-06-28 09:33:50.000000000,BEST_ASK,"JPM,100000,75"
2019-06-28 09:33:50.000000000,BEST_BID,"JPM,99972,170"
2019-06-28 09:33:50.000000000,BEST_ASK,"JPM,100000,75"
2019-06-28 09:33:53.920275069,QUERY_SPREAD,51
2019-06-28 09:33:53.920275069,BEST_BID,"JPM,99972,170"
2019-06-28 09:33:53.920275069,BEST_ASK,"JPM,100000,75"
2019-06-28 09:33:56.020823155,QUERY_SPREAD,44
2019-06-28 09:33:56.020823155,BEST_BID,"JPM,99972,70"
2019-06-28 09:33:56.020823155,BEST_ASK,"JPM,100000,75"
2019-06-28 09:33:56.020823155,LAST_TRADE,"100,$99972.0000"
2019-06-28 09:34:00.000000000,QUERY_SPREAD,1
2019-06-28 09:34:00.000000000,BEST_BID,"JPM,99968,156"
2019-06-28 09:34:00.000000000,BEST_ASK,"JPM,100000,5"
2019-06-28 09:34:00.000000000,BEST_BID,"JPM,99968,156"
2019-06-28 09:34:00.000000000,BEST_ASK,"JPM,100000,5"
2019-06-28 09:34:00.000000000,BEST_BID,"JPM,99968,156"
2019-06-28 09:34:00.000000000,BEST_ASK,"JPM,100000,5"
2019-06-28 09:34:00.000000000,BEST_BID,"JPM,99968,156"
2019-06-28 09:34:00.000000000,BEST_ASK,"JPM,100000,5"
2019-06-28 09:34:00.000000000,BEST_BID,"JPM,99968,156"
2019-06-28 09:34:00.000000000,BEST_ASK,"JPM,100000,5"
2019-06-28 09:34:00.000000000,BEST_BID,"JPM,99968,156"
2019-06-28 09:34:00.000000000,BEST_ASK,"JPM,100000,61"
2019-06-28 09:34:00.000000000,BEST_BID,"JPM,99968,156"
2019-06-28 09:34:00.000000000,BEST_ASK,"JPM,100000,61"
2019-06-28 09:34:00.000000000,BEST_BID,"JPM,99968,156"
2019-06-28 09:34:00.000000000,BEST_ASK,"JPM,100000,61"
2019-06-28 09:34:00.000000000,BEST_BID,"JPM,99968,156"
2019-06-28 09:34:00.000000000,BEST_ASK,"JPM,100000,61"
2019-06-28 09:34:00.000000000,BEST_BID,"JPM,99968,156"
2019-06-28 09:34:00.000000000,BEST_ASK,"JPM,100000,61"
2019-06-28 09:34:00.000000000,QUERY_SPREAD,77
2019-06-28 09:34:00.000000000,QUERY_SPREAD,78
2019-06-28 09:34:00.000000000,QUERY_SPREAD,79
2019-06-28 09:34:00.000000000,QUERY_SPREAD,80
2019-06-28 09:34:00.000000000,QUERY_SPREAD,81
2019-06-28 09:34:00.000000000,QUERY_SPREAD,82
2019-06-28 09:34:00.000000000,QUERY_SPREAD,83
2019-06-28 09:34:00.000000000,QUERY_SPREAD,84
2019-06-28 09:34:00.000000000,QUERY_SPREAD,85
2019-06-28 09:34:00.000000000,QUERY_SPREAD,86
2019-06-28 09:34:00.000000000,QUERY_SPREAD,87
2019-06-28 09:34:00.000000000,QUERY_SPREAD,88
2019-06-28 09:34:00.000000000,QUERY_SPREAD,89
2019-06-28 09:34:00.000000000,QUERY_SPREAD,90
2019-06-28 09:34:00.000000000,QUERY_SPREAD,91
2019-06-28 09:34:00.000000000,QUERY_SPREAD,92
2019-06-28 09:34:00.000000000,QUERY_SPREAD,93
2019-06-28 09:34:00.000000000,QUERY_SPREAD,94
2019-06-28 09:34:00.000000000,QUERY_SPREAD,95
2019-06-28 09:34:00.000000000,QUERY_SPREAD,96
2019-06-28 09:34:00.000000000,QUERY_SPREAD,97
2019-06-28 09:34:00.000000000,QUERY_SPREAD,98
2019-06-28 09:34:00.000000000,QUERY_SPREAD,99
2019-06-28 09:34:00.000000000,QUERY_SPREAD,100
2019-06-28 09:34:00.000000000,QUERY_SPREAD,101
2019-06-28 09:34:00.000000000,QUERY_ORDER_STREAM,101
2019-06-28 09:34:00.718872339,QUERY_ORDER_STREAM,63
2019-06-28 09:34:00.718872339,QUERY_SPREAD,63
2019-06-28 09:34:00.718872339,BEST_BID,"JPM,99968,156"
2019-06-28 09:34:00.718872339,BEST_ASK,"JPM,99999,100"
2019-06-28 09:34:09.984280641,QUERY_ORDER_STREAM,53
2019-06-28 09:34:09.984280641,QUERY_SPREAD,53
2019-06-28 09:34:09.984280641,BEST_BID,"JPM,99968,156"
2019-06-28 09:34:09.984280641,BEST_ASK,"JPM,99999,200"
2019-06-28 09:34:10.000000000,QUERY_SPREAD,1
2019-06-28 09:34:10.000000000,BEST_BID,"JPM,99968,156"
2019-06-28 09:34:10.000000000,BEST_ASK,"JPM,99999,200"
2019-06-28 09:34:10.000000000,BEST_BID,"JPM,99968,156"
2019-06-28 09:34:10.000000000,BEST_ASK,"JPM,99999,200"
2019-06-28 09:34:10.000000000,BEST_BID,"JPM,99968,156"
2019-06-28 09:34:10.000000000,BEST_ASK,"JPM,99999,200"
2019-06-28 09:34:10.000000000,BEST_BID,"JPM,99968,156"
2019-06-28 09:34:10.000000000,BEST_ASK,"JPM,99999,200"
2019-06-28 09:34:10.000000000,BEST_BID,"JPM,99968,156"
2019-06-28 09:34:10.000000000,BEST_ASK,"JPM,99999,200"
2019-06-28 09:34:10.000000000,BEST_BID,"JPM,99968,156"
2019-06-28 09:34:10.000000000,BEST_ASK,"JPM,99999,256"
2019-06-28 09:34:10.000000000,BEST_BID,"JPM,99968,156"
2019-06-28 09:34:10.000000000,BEST_ASK,"JPM,99999,256"
2019-06-28 09:34:10.000000000,BEST_BID,"JPM,99968,156"
2019-06-28 09:34:10.000000000,BEST_ASK,"JPM,99999,256"
2019-06-28 09:34:10.000000000,BEST_BID,"JPM,99968,156"
2019-06-28 09:34:10.000000000,BEST_ASK,"JPM,99999,256"
2019-06-28 09:34:10.000000000,BEST_BID,"JPM,99968,156"
2019-06-28 09:34:10.000000000,BEST_ASK,"JPM,99999,256"
2019-06-28 09:34:16.382187896,QUERY_ORDER_STREAM,73
2019-06-28 09:34:16.382187896,QUERY_SPREAD,73
2019-06-28 09:34:20.000000000,QUERY_SPREAD,1
2019-06-28 09:34:20.000000000,BEST_BID,"JPM,99968,195"
2019-06-28 09:34:20.000000000,BEST_ASK,"JPM,99999,200"
2019-06-28 09:34:20.000000000,BEST_BID,"JPM,99968,195"
2019-06-28 09:34:20.000000000,BEST_ASK,"JPM,99999,200"
2019-06-28 09:34:20.000000000,BEST_BID,"JPM,99968,195"
2019-06-28 09:34:20.000000000,BEST_ASK,"JPM,99999,200"
2019-06-28 09:34:20.000000000,BEST_BID,"JPM,99968,195"
2019-06-28 09:34:20.000000000,BEST_ASK,"JPM,99999,295"
2019-06-28 09:34:20.000000000,BEST_BID,"JPM,99968,195"
2019-06-28 09:34:20.000000000,BEST_ASK,"JPM,99999,295"
2019-06-28 09:34:20.000000000,BEST_BID,"JPM,99968,195"
2019-06-28 09:34:20.000000000,BEST_ASK,"JPM,99999,295"
2019-06-28 09:34:25.768011389,QUERY_ORDER_STREAM,74
2019-06-28 09:34:25.768011389,QUERY_SPREAD,74
2019-06-28 09:34:25.768011389,BEST_BID,"JPM,99968,195"
2019-06-28 09:34:25.768011389,BEST_ASK,"JPM,99999,395"
2019-06-28 09:34:30.000000000,QUERY_SPREAD,1
2019-06-28 09:34:30.000000000,BEST_BID,"JPM,99968,240"
2019-06-28 09:34:30.000000000,BEST_ASK,"JPM,99999,300"
2019-06-28 09:34:30.000000000,BEST_BID,"JPM,99968,240"
2019-06-28 09:34:30.000000000,BEST_ASK,"JPM,99999,300"
2019-06-28 09:34:30.000000000,BEST_BID,"JPM,99968,240"
2019-06-28 09:34:30.000000000,BEST_ASK,"JPM,99999,440"
2019-06-28 09:34:30.000000000,BEST_BID,"JPM,99968,240"
2019-06-28 09:34:30.000000000,BEST_ASK,"JPM,99999,440"
2019-06-28 09:34:35.929503116,QUERY_SPREAD,15
2019-06-28 09:34:35.929503116,BEST_BID,"JPM,99968,140"
2019-06-28 09:34:35.929503116,BEST_ASK,"JPM,99999,440"
2019-06-28 09:34:35.929503116,LAST_TRADE,"100,$99968.0000"
2019-06-28 09:34:40.000000000,QUERY_SPREAD,1
2019-06-28 09:34:40.000000000,BEST_BID,"JPM,99958,380"
2019-06-28 09:34:40.000000000,BEST_ASK,"JPM,99999,300"
2019-06-28 09:34:40.000000000,BEST_BID,"JPM,99958,380"
2019-06-28 09:34:40.000000000,BEST_ASK,"JPM,99999,580"
2019-06-28 09:34:48.828563235,QUERY_ORDER_STREAM,68
2019-06-28 09:34:48.828563235,QUERY_SPREAD,68
2019-06-28 09:34:48.828563235,BEST_BID,"JPM,99958,380"
2019-06-28 09:34:48.828563235,BEST_ASK,"JPM,99972,100"
2019-06-28 09:34:50.000000000,QUERY_SPREAD,1
2019-06-28 09:34:50.000000000,BEST_BID,"JPM,99958,380"
2019-06-28 09:34:50.000000000,BEST_ASK,"JPM,99972,100"
2019-06-28 09:34:50.000000000,BEST_BID,"JPM,99958,380"
2019-06-28 09:34:50.000000000,BEST_ASK,"JPM,99972,380"
2019-06-28 09:35:00.000000000,QUERY_SPREAD,1
2019-06-28 09:35:00.000000000,BEST_BID,"JPM,99958,380"
2019-06-28 09:35:00.000000000,BEST_ASK,"JPM,99972,100"
2019-06-28 09:35:00.000000000,BEST_BID,"JPM,99958,380"
2019-06-28 09:35:00.000000000,BEST_ASK,"JPM,99972,380"
2019-06-28 09:35:00.000000000,QUERY_SPREAD,77
2019-06-28 09:35:00.000000000,QUERY_SPREAD,78
2019-06-28 09:35:00.000000000,QUERY_SPREAD,79
2019-06-28 09:35:00.000000000,QUERY_SPREAD,80
2019-06-28 09:35:00.000000000,QUERY_SPREAD,81
2019-06-28 09:35:00.000000000,QUERY_SPREAD,82
2019-06-28 09:35:00.000000000,QUERY_SPREAD,83
2019-06-28 09:35:00.000000000,QUERY_SPREAD,84
2019-06-28 09:35:00.000000000,QUERY_SPREAD,85
2019-06-28 09:35:00.000000000,QUERY_SPREAD,86
2019-06-28 09:35:00.000000000,QUERY_SPREAD,87
2019-06-28 09:35:00.000000000,QUERY_SPREAD,88
2019-06-28 09:35:00.000000000,QUERY_SPREAD,89
2019-06-28 09:35:00.000000000,QUERY_SPREAD,90
2019-06-28 09:35:00.000000000,QUERY_SPREAD,91
2019-06-28 09:35:00.000000000,QUERY_SPREAD,92
2019-06-28 09:35:00.000000000,QUERY_SPREAD,93
2019-06-28 09:35:00.000000000,QUERY_SPREAD,94
2019-06-28 09:35:00.000000000,QUERY_SPREAD,95
2019-06-28 09:35:00.000000000,QUERY_SPREAD,96
2019-06-28 09:35:00.000000000,QUERY_SPREAD,97
2019-06-28 09:35:00.000000000,QUERY_SPREAD,98
2019-06-28 09:35:00.000000000,QUERY_SPREAD,99
2019-06-28 09:35:00.000000000,QUERY_SPREAD,100
2019-06-28 09:35:00.000000000,QUERY_SPREAD,101
2019-06-28 09:35:00.000000000,QUERY_ORDER_STREAM,101
2019-06-28 09:35:07.792462695,QUERY_ORDER_STREAM,59
2019-06-28 09:35:07.792462695,QUERY_SPREAD,59
2019-06-28 09:35:07.792462695,BEST_BID,"JPM,99958,380"
2019-06-28 09:35:07.792462695,BEST_ASK,"JPM,99972,480"
2019-06-28 09:35:10.000000000,QUERY_SPREAD,1
2019-06-28 09:35:10.000000000,BEST_BID,"JPM,99958,240"
2019-06-28 09:35:10.000000000,BEST_ASK,"JPM,99972,200"
2019-06-28 09:35:10.000000000,BEST_BID,"JPM,99958,240"
2019-06-28 09:35:10.000000000,BEST_ASK,"JPM,99972,200"
2019-06-28 09:35:10.000000000,BEST_BID,"JPM,99958,240"
2019-06-28 09:35:10.000000000,BEST_ASK,"JPM,99972,340"
2019-06-28 09:35:10.000000000,BEST_BID,"JPM,99958,240"
2019-06-28 09:35:10.000000000,BEST_ASK,"JPM,99972,340"
2019-06-28 09:35:11.119753278,QUERY_SPREAD,31
2019-06-28 09:35:11.119753278,BEST_BID,"JPM,99958,240"
2019-06-28 09:35:11.119753278,BEST_ASK,"JPM,99972,340"
2019-06-28 09:35:20.000000000,QUERY_SPREAD,1
2019-06-28 09:35:20.000000000,BEST_BID,"JPM,99958,170"
2019-06-28 09:35:20.000000000,BEST_ASK,"JPM,99972,200"
2019-06-28 09:35:20.000000000,BEST_BID,"JPM,99958,170"
2019-06-28 09:35:20.000000000,BEST_ASK,"JPM,99972,200"
2019-06-28 09:35:20.000000000,BEST_BID,"JPM,99958,170"
2019-06-28 09:35:20.000000000,BEST_ASK,"JPM,99972,200"
2019-06-28 09:35:20.000000000,BEST_BID,"JPM,99958,170"
2019-06-28 09:35:20.000000000,BEST_ASK,"JPM,99972,200"
2019-06-28 09:35:20.000000000,BEST_BID,"JPM,99958,170"
2019-06-28 09:35:20.000000000,BEST_ASK,"JPM,99972,270"
2019-06-28 09:35:20.000000000,BEST_BID,"JPM,99958,170"
2019-06-28 09:35:20.000000000,BEST_ASK,"JPM,99972,270"
2019-06-28 09:35:20.000000000,BEST_BID,"JPM,99958,170"
2019-06-28 09:35:20.000000000,BEST_ASK,"JPM,99972,270"
2019-06-28 09:35:20.000000000,BEST_BID,"JPM,99958,170"
2019-06-28 09:35:20.000000000,BEST_ASK,"JPM,99972,270"
2019-06-28 09:35:30.000000000,QUERY_SPREAD,1
2019-06-28 09:35:30.000000000,BEST_BID,"JPM,99958,240"
2019-06-28 09:35:30.000000000,BEST_ASK,"JPM,99972,200"
2019-06-28 09:35:30.000000000,BEST_BID,"JPM,99958,240"
2019-06-28 09:35:30.000000000,BEST_ASK,"JPM,99972,200"
2019-06-28 09:35:30.000000000,BEST_BID,"JPM,99958,240"
2019-06-28 09:35:30.000000000,BEST_ASK,"JPM,99972,340"
2019-06-28 09:35:30.000000000,BEST_BID,"JPM,99958,240"
2019-06-28 09:35:30.000000000,BEST_ASK,"JPM,99972,340"
2019-06-28 09:35:40.000000000,QUERY_SPREAD,1
2019-06-28 09:35:40.000000000,BEST_BID,"JPM,99958,195"
2019-06-28 09:35:40.000000000,BEST_ASK,"JPM,99972,200"
2019-06-28 09:35:40.000000000,BEST_BID,"JPM,99958,195"
2019-06-28 09:35:40.000000000,BEST_ASK,"JPM,99972,200"
2019-06-28 09:35:40.000000000,BEST_BID,"JPM,99958,195"
2019-06-28 09:35:40.000000000,BEST_ASK,"JPM,99972,200"
2019-06-28 09:35:40.000000000,BEST_BID,"JPM,99958,195"
2019-06-28 09:35:40.000000000,BEST_ASK,"JPM,99972,295"
2019-06-28 09:35:40.000000000,BEST_BID,"JPM,99958,195"
2019-06-28 09:35:40.000000000,BEST_ASK,"JPM,99972,295"
2019-06-28 09:35:40.000000000,BEST_BID,"JPM,99958,195"
2019-06-28 09:35:40.000000000,BEST_ASK,"JPM,99972,295"
2019-06-28 09:35:50.000000000,QUERY_SPREAD,1
2019-06-28 09:35:50.000000000,BEST_BID,"JPM,99958,380"
2019-06-28 09:35:50.000000000,BEST_ASK,"JPM,99972,200"
2019-06-28 09:35:50.000000000,BEST_BID,"JPM,99958,380"
2019-06-28 09:35:50.000000000,BEST_ASK,"JPM,99972,480"
2019-06-28 09:36:00.000000000,QUERY_SPREAD,1
2019-06-28 09:36:00.000000000,BEST_BID,"JPM,99958,195"
2019-06-28 09:36:00.000000000,BEST_ASK,"JPM,99972,200"
2019-06-28 09:36:00.000000000,BEST_BID,"JPM,99958,195"
2019-06-28 09:36:00.000000000,BEST_ASK,"JPM,99972,200"
2019-06-28 09:36:00.000000000,BEST_BID,"JPM,99958,195"
2019-06-28 09:36:00.000000000,BEST_ASK,"JPM,99972,200"
2019-06-28 09:36:00.000000000,BEST_BID,"JPM,99958,195"
2019-06-28 09:36:00.000000000,BEST_ASK,"JPM,99972,295"
2019-06-28 09:36:00.000000000,BEST_BID,"JPM,99958,195"
2019-06-28 09:36:00.000000000,BEST_ASK,"JPM,99972,295"
2019-06-28 09:36:00.000000000,BEST_BID,"JPM,99958,195"
2019-06-28 09:36:00.000000000,BEST_ASK,"JPM,99972,295"
2019-06-28 09:36:00.000000000,QUERY_SPREAD,77
2019-06-28 09:36:00.000000000,QUERY_SPREAD,78
2019-06-28 09:36:00.000000000,QUERY_SPREAD,79
2019-06-28 09:36:00.000000000,QUERY_SPREAD,80
2019-06-28 09:36:00.000000000,QUERY_SPREAD,81
2019-06-28 09:36:00.000000000,QUERY_SPREAD,82
2019-06-28 09:36:00.000000000,QUERY_SPREAD,83
2019-06-28 09:36:00.000000000,QUERY_SPREAD,84
2019-06-28 09:36:00.000000000,QUERY_SPREAD,85
2019-06-28 09:36:00.000000000,QUERY_SPREAD,86
2019-06-28 09:36:00.000000000,QUERY_SPREAD,87
2019-06-28 09:36:00.000000000,QUERY_SPREAD,88
2019-06-28 09:36:00.000000000,QUERY_SPREAD,89
2019-06-28 09:36:00.000000000,QUERY_SPREAD,90
2019-06-28 09:36:00.000000000,QUERY_SPREAD,91
2019-06-28 09:36:00.000000000,QUERY_SPREAD,92
2019-06-28 09:36:00.000000000,QUERY_SPREAD,93
2019-06-28 09:36:00.000000000,QUERY_SPREAD,94
2019-06-28 09:36:00.000000000,QUERY_SPREAD,95
2019-06-28 09:36:00.000000000,QUERY_SPREAD,96
2019-06-28 09:36:00.000000000,QUERY_SPREAD,97
2019-06-28 09:36:00.000000000,QUERY_SPREAD,98
2019-06-28 09:36:00.000000000,QUERY_SPREAD,99
2019-06-28 09:36:00.000000000,QUERY_SPREAD,100
2019-06-28 09:36:00.000000000,QUERY_SPREAD,101
2019-06-28 09:36:00.000000000,QUERY_ORDER_STREAM,101
2019-06-28 09:36:10.000000000,QUERY_SPREAD,1
2019-06-28 09:36:10.000000000,BEST_BID,"JPM,99958,195"
2019-06-28 09:36:10.000000000,BEST_ASK,"JPM,99972,200"
2019-06-28 09:36:10.000000000,BEST_BID,"JPM,99958,195"
2019-06-28 09:36:10.000000000,BEST_ASK,"JPM,99972,200"
2019-06-28 09:36:10.000000000,BEST_BID,"JPM,99958,195"
2019-06-28 09:36:10.000000000,BEST_ASK,"JPM,99972,200"
2019-06-28 09:36:10.000000000,BEST_BID,"JPM,99958,195"
2019-06-28 09:36:10.000000000,BEST_ASK,"JPM,99972,295"
2019-06-28 09:36:10.000000000,BEST_BID,"JPM,99958,195"
2019-06-28 09:36:10.000000000,BEST_ASK,"JPM,99972,295"
2019-06-28 09:36:10.000000000,BEST_BID,"JPM,99958,195"
2019-06-28 09:36:10.000000000,BEST_ASK,"JPM,99972,295"
2019-06-28 09:36:18.374247474,QUERY_SPREAD,20
2019-06-28 09:36:18.374247474,BEST_BID,"JPM,99958,195"
2019-06-28 09:36:18.374247474,BEST_ASK,"JPM,99972,195"
2019-06-28 09:36:18.374247474,LAST_TRADE,"100,$99972.0000"
2019-06-28 09:36:20.000000000,QUERY_SPREAD,1
2019-06-28 09:36:20.000000000,BEST_BID,"JPM,99958,170"
2019-06-28 09:36:20.000000000,BEST_ASK,"JPM,99972,100"
2019-06-28 09:36:20.000000000,BEST_BID,"JPM,99958,170"
2019-06-28 09:36:20.000000000,BEST_ASK,"JPM,99972,100"
2019-06-28 09:36:20.000000000,BEST_BID,"JPM,99958,170"
2019-06-28 09:36:20.000000000,BEST_ASK,"JPM,99972,100"
2019-06-28 09:36:20.000000000,BEST_BID,"JPM,99958,170"
2019-06-28 09:36:20.000000000,BEST_ASK,"JPM,99972,100"
2019-06-28 09:36:20.000000000,BEST_BID,"JPM,99958,170"
2019-06-28 09:36:20.000000000,BEST_ASK,"JPM,99972,170"
2019-06-28 09:36:20.000000000,BEST_BID,"JPM,99958,170"
2019-06-28 09:36:20.000000000,BEST_ASK,"JPM,99972,170"
2019-06-28 09:36:20.000000000,BEST_BID,"JPM,99958,170"
2019-06-28 09:36:20.000000000,BEST_ASK,"JPM,99972,170"
2019-06-28 09:36:20.000000000,BEST_BID,"JPM,99958,170"
2019-06-28 09:36:20.000000000,BEST_ASK,"JPM,99972,170"
2019-06-28 09:36:22.792899823,QUERY_SPREAD,50
2019-06-28 09:36:22.792899823,BEST_BID,"JPM,99958,170"
2019-06-28 09:36:22.792899823,BEST_ASK,"JPM,99972,70"
2019-06-28 09:36:22.792899823,LAST_TRADE,"100,$99972.0000"
2019-06-28 09:36:25.709022672,QUERY_SPREAD,23
2019-06-28 09:36:25.709022672,BEST_BID,"JPM,99972,30"
2019-06-28 09:36:25.709022672,BEST_ASK,"JPM,99999,370"
2019-06-28 09:36:25.709022672,LAST_TRADE,"70,$99972.0000"
2019-06-28 09:36:30.000000000,QUERY_SPREAD,1
2019-06-28 09:36:30.000000000,BEST_BID,"JPM,99972,125"
2019-06-28 09:36:30.000000000,BEST_ASK,"JPM,99999,300"
2019-06-28 09:36:30.000000000,BEST_BID,"JPM,99972,125"
2019-06-28 09:36:30.000000000,BEST_ASK,"JPM,99999,300"
2019-06-28 09:36:30.000000000,BEST_BID,"JPM,99972,125"
2019-06-28 09:36:30.000000000,BEST_ASK,"JPM,99999,300"
2019-06-28 09:36:30.000000000,BEST_BID,"JPM,99972,125"
2019-06-28 09:36:30.000000000,BEST_ASK,"JPM,99999,395"
2019-06-28 09:36:30.000000000,BEST_BID,"JPM,99972,125"
2019-06-28 09:36:30.000000000,BEST_ASK,"JPM,99999,395"
2019-06-28 09:36:30.000000000,BEST_BID,"JPM,99972,125"
2019-06-28 09:36:30.000000000,BEST_ASK,"JPM,99999,395"
2019-06-28 09:36:40.000000000,QUERY_SPREAD,1
2019-06-28 09:36:40.000000000,BEST_BID,"JPM,99972,310"
2019-06-28 09:36:40.000000000,BEST_ASK,"JPM,99999,300"
2019-06-28 09:36:40.000000000,BEST_BID,"JPM,99972,310"
2019-06-28 09:36:40.000000000,BEST_ASK,"JPM,99999,580"
2019-06-28 09:36:49.625687217,QUERY_SPREAD,4
2019-06-28 09:36:49.625687217,BEST_BID,"JPM,99972,310"
2019-06-28 09:36:49.625687217,BEST_ASK,"JPM,99994,100"
2019-06-28 09:36:50.000000000,QUERY_SPREAD,1
2019-06-28 09:36:50.000000000,BEST_BID,"JPM,99972,86"
2019-06-28 09:36:50.000000000,BEST_ASK,"JPM,99994,100"
2019-06-28 09:36:50.000000000,BEST_BID,"JPM,99972,86"
2019-06-28 09:36:50.000000000,BEST_ASK,"JPM,99994,100"
2019-06-28 09:36:50.000000000,BEST_BID,"JPM,99972,86"
2019-06-28 09:36:50.000000000,BEST_ASK,"JPM,99994,100"
2019-06-28 09:36:50.000000000,BEST_BID,"JPM,99972,86"
2019-06-28 09:36:50.000000000,BEST_ASK,"JPM,99994,100"
2019-06-28 09:36:50.000000000,BEST_BID,"JPM,99972,86"
2019-06-28 09:36:50.000000000,BEST_ASK,"JPM,99994,100"
2019-06-28 09:36:50.000000000,BEST_BID,"JPM,99972,86"
2019-06-28 09:36:50.000000000,BEST_ASK,"JPM,99994,156"
2019-06-28 09:36:50.000000000,BEST_BID,"JPM,99972,86"
2019-06-28 09:36:50.000000000,BEST_ASK,"JPM,99994,156"
2019-06-28 09:36:50.000000000,BEST_BID,"JPM,99972,86"
2019-06-28 09:36:50.000000000,BEST_ASK,"JPM,99994,156"
2019-06-28 09:36:50.000000000,BEST_BID,"JPM,99972,86"
2019-06-28 09:36:50.000000000,BEST_ASK,"JPM,99994,156"
2019-06-28 09:36:50.000000000,BEST_BID,"JPM,99972,86"
2019-06-28 09:36:50.000000000,BEST_ASK,"JPM,99994,156"
2019-06-28 09:37:00.000000000,QUERY_SPREAD,1
2019-06-28 09:37:00.000000000,BEST_BID,"JPM,99972,310"
2019-06-28 09:37:00.000000000,BEST_ASK,"JPM,99994,100"
2019-06-28 09:37:00.000000000,BEST_BID,"JPM,99972,310"
2019-06-28 09:37:00.000000000,BEST_ASK,"JPM,99994,380"
2019-06-28 09:37:00.000000000,QUERY_SPREAD,77
2019-06-28 09:37:00.000000000,QUERY_SPREAD,78
2019-06-28 09:37:00.000000000,QUERY_SPREAD,79
2019-06-28 09:37:00.000000000,QUERY_SPREAD,80
2019-06-28 09:37:00.000000000,QUERY_SPREAD,81
2019-06-28 09:37:00.000000000,QUERY_SPREAD,82
2019-06-28 09:37:00.000000000,QUERY_SPREAD,83
2019-06-28 09:37:00.000000000,QUERY_SPREAD,84
2019-06-28 09:37:00.000000000,QUERY_SPREAD,85
2019-06-28 09:37:00.000000000,QUERY_SPREAD,86
2019-06-28 09:37:00.000000000,QUERY_SPREAD,87
2019-06-28 09:37:00.000000000,QUERY_SPREAD,88
2019-06-28 09:37:00.000000000,QUERY_SPREAD,89
2019-06-28 09:37:00.000000000,QUERY_SPREAD,90
2019-06-28 09:37:00.000000000,QUERY_SPREAD,91
2019-06-28 09:37:00.000000000,QUERY_SPREAD,92
2019-06-28 09:37:00.000000000,QUERY_SPREAD,93
2019-06-28 09:37:00.000000000,QUERY_SPREAD,94
2019-06-28 09:37:00.000000000,QUERY_SPREAD,95
2019-06-28 09:37:00.000000000,QUERY_SPREAD,96
2019-06-28 09:37:00.000000000,QUERY_SPREAD,97
2019-06-28 09:37:00.000000000,QUERY_SPREAD,98
2019-06-28 09:37:00.000000000,QUERY_SPREAD,99
2019-06-28 09:37:00.000000000,QUERY_SPREAD,100
2019-06-28 09:37:00.000000000,QUERY_SPREAD,101
2019-06-28 09:37:00.000000000,QUERY_ORDER_STREAM,101
2019-06-28 09:37:10.000000000,QUERY_SPREAD,1
2019-06-28 09:37:10.000000000,BEST_BID,"JPM,99972,86"
2019-06-28 09:37:10.000000000,BEST_ASK,"JPM,99994,100"
2019-06-28 09:37:10.000000000,BEST_BID,"JPM,99972,86"
2019-06-28 09:37:10.000000000,BEST_ASK,"JPM,99994,100"
2019-06-28 09:37:10.000000000,BEST_BID,"JPM,99972,86"
2019-06-28 09:37:10.000000000,BEST_ASK,"JPM,99994,100"
2019-06-28 09:37:10.000000000,BEST_BID,"JPM,99972,86"
2019-06-28 09:37:10.000000000,BEST_ASK,"JPM,99994,100"
2019-06-28 09:37:10.000000000,BEST_BID,"JPM,99972,86"
2019-06-28 09:37:10.000000000,BEST_ASK,"JPM,99994,100"
2019-06-28 09:37:10.000000000,BEST_BID,"JPM,99972,86"
2019-06-28 09:37:10.000000000,BEST_ASK,"JPM,99994,156"
2019-06-28 09:37:10.000000000,BEST_BID,"JPM,99972,86"
2019-06-28 09:37:10.000000000,BEST_ASK,"JPM,99994,156"
2019-06-28 09:37:10.000000000,BEST_BID,"JPM,99972,86"
2019-06-28 09:37:10.000000000,BEST_ASK,"JPM,99994,156"
2019-06-28 09:37:10.000000000,BEST_BID,"JPM,99972,86"
2019-06-28 09:37:10.000000000,BEST_ASK,"JPM,99994,156"
2019-06-28 09:37:10.000000000,BEST_BID,"JPM,99972,86"
2019-06-28 09:37:10.000000000,BEST_ASK,"JPM,99994,156"
2019-06-28 09:37:13.330526767,QUERY_SPREAD,22
2019-06-28 09:37:13.330526767,BEST_BID,"JPM,99972,86"
2019-06-28 09:37:13.330526767,BEST_ASK,"JPM,99994,156"
2019-06-28 09:37:16.075080849,QUERY_SPREAD,32
2019-06-28 09:37:16.075080849,BEST_BID,"JPM,99972,86"
2019-06-28 09:37:16.075080849,BEST_ASK,"JPM,99977,100"
2019-06-28 09:37:20.000000000,QUERY_SPREAD,1
2019-06-28 09:37:20.000000000,BEST_BID,"JPM,99972,310"
2019-06-28 09:37:20.000000000,BEST_ASK,"JPM,99977,100"
2019-06-28 09:37:20.000000000,BEST_BID,"JPM,99972,310"
2019-06-28 09:37:20.000000000,BEST_ASK,"JPM,99977,380"
2019-06-28 09:37:28.506306467,QUERY_SPREAD,24
2019-06-28 09:37:28.506306467,BEST_BID,"JPM,99972,210"
2019-06-28 09:37:28.506306467,BEST_ASK,"JPM,99977,380"
2019-06-28 09:37:28.506306467,LAST_TRADE,"100,$99972.0000"
2019-06-28 09:37:30.000000000,QUERY_SPREAD,1
2019-06-28 09:37:30.000000000,BEST_BID,"JPM,99958,170"
2019-06-28 09:37:30.000000000,BEST_ASK,"JPM,99977,100"
2019-06-28 09:37:30.000000000,BEST_BID,"JPM,99958,170"
2019-06-28 09:37:30.000000000,BEST_ASK,"JPM,99977,100"
2019-06-28 09:37:30.000000000,BEST_BID,"JPM,99958,170"
2019-06-28 09:37:30.000000000,BEST_ASK,"JPM,99977,100"
2019-06-28 09:37:30.000000000,BEST_BID,"JPM,99958,170"
2019-06-28 09:37:30.000000000,BEST_ASK,"JPM,99977,100"
2019-06-28 09:37:30.000000000,BEST_BID,"JPM,99958,170"
2019-06-28 09:37:30.000000000,BEST_ASK,"JPM,99977,170"
2019-06-28 09:37:30.000000000,BEST_BID,"JPM,99958,170"
2019-06-28 09:37:30.000000000,BEST_ASK,"JPM,99977,170"
2019-06-28 09:37:30.000000000,BEST_BID,"JPM,99958,170"
2019-06-28 09:37:30.000000000,BEST_ASK,"JPM,99977,170"
2019-06-28 09:37:30.000000000,BEST_BID,"JPM,99958,170"
2019-06-28 09:37:30.000000000,BEST_ASK,"JPM,99977,170"
2019-06-28 09:37:37.913458333,QUERY_SPREAD,46
2019-06-28 09:37:37.913458333,BEST_BID,"JPM,99958,70"
2019-06-28 09:37:37.913458333,BEST_ASK,"JPM,99977,170"
2019-06-28 09:37:37.913458333,LAST_TRADE,"100,$99958.0000"
2019-06-28 09:37:39.379702608,QUERY_ORDER_STREAM,53
2019-06-28 09:37:39.379702608,QUERY_SPREAD,53
2019-06-28 09:37:40.000000000,QUERY_SPREAD,1
2019-06-28 09:37:40.000000000,BEST_BID,"JPM,99950,380"
2019-06-28 09:37:40.000000000,BEST_ASK,"JPM,99977,100"
2019-06-28 09:37:40.000000000,BEST_BID,"JPM,99950,380"
2019-06-28 09:37:40.000000000,BEST_ASK,"JPM,99977,380"
2019-06-28 09:37:50.000000000,QUERY_SPREAD,1
2019-06-28 09:37:50.000000000,BEST_BID,"JPM,99950,195"
2019-06-28 09:37:50.000000000,BEST_ASK,"JPM,99977,100"
2019-06-28 09:37:50.000000000,BEST_BID,"JPM,99950,195"
2019-06-28 09:37:50.000000000,BEST_ASK,"JPM,99977,100"
2019-06-28 09:37:50.000000000,BEST_BID,"JPM,99950,195"
2019-06-28 09:37:50.000000000,BEST_ASK,"JPM,99977,100"
2019-06-28 09:37:50.000000000,BEST_BID,"JPM,99950,195"
2019-06-28 09:37:50.000000000,BEST_ASK,"JPM,99977,195"
2019-06-28 09:37:50.000000000,BEST_BID,"JPM,99950,195"
2019-06-28 09:37:50.000000000,BEST_ASK,"JPM,99977,195"
2019-06-28 09:37:50.000000000,BEST_BID,"JPM,99950,195"
2019-06-28 09:37:50.000000000,BEST_ASK,"JPM,99977,195"
2019-06-28 09:38:00.000000000,QUERY_SPREAD,1
2019-06-28 09:38:00.000000000,BEST_BID,"JPM,99950,156"
2019-06-28 09:38:00.000000000,BEST_ASK,"JPM,99977,100"
2019-06-28 09:38:00.000000000,BEST_BID,"JPM,99950,156"
2019-06-28 09:38:00.000000000,BEST_ASK,"JPM,99977,100"
2019-06-28 09:38:00.000000000,BEST_BID,"JPM,99950,156"
2019-06-28 09:38:00.000000000,BEST_ASK,"JPM,99977,100"
2019-06-28 09:38:00.000000000,BEST_BID,"JPM,99950,156"
2019-06-28 09:38:00.000000000,BEST_ASK,"JPM,99977,100"
2019-06-28 09:38:00.000000000,BEST_BID,"JPM,99950,156"
2019-06-28 09:38:00.000000000,BEST_ASK,"JPM,99977,100"
2019-06-28 09:38:00.000000000,BEST_BID,"JPM,99950,156"
2019-06-28 09:38:00.000000000,BEST_ASK,"JPM,99977,156"
2019-06-28 09:38:00.000000000,BEST_BID,"JPM,99950,156"
2019-06-28 09:38:00.000000000,BEST_ASK,"JPM,99977,156"
2019-06-28 09:38:00.000000000,BEST_BID,"JPM,99950,156"
2019-06-28 09:38:00.000000000,BEST_ASK,"JPM,99977,156"
2019-06-28 09:38:00.000000000,BEST_BID,"JPM,99950,156"
2019-06-28 09:38:00.000000000,BEST_ASK,"JPM,99977,156"
2019-06-28 09:38:00.000000000,BEST_BID,"JPM,99950,156"
2019-06-28 09:38:00.000000000,BEST_ASK,"JPM,99977,156"
2019-06-28 09:38:00.000000000,QUERY_SPREAD,77
2019-06-28 09:38:00.000000000,QUERY_SPREAD,78
2019-06-28 09:38:00.000000000,QUERY_SPREAD,79
2019-06-28 09:38:00.000000000,QUERY_SPREAD,80
2019-06-28 09:38:00.000000000,QUERY_SPREAD,81
2019-06-28 09:38:00.000000000,QUERY_SPREAD,82
2019-06-28 09:38:00.000000000,QUERY_SPREAD,83
2019-06-28 09:38:00.000000000,QUERY_SPREAD,84
2019-06-28 09:38:00.000000000,QUERY_SPREAD,85
2019-06-28 09:38:00.000000000,QUERY_SPREAD,86
2019-06-28 09:38:00.000000000,QUERY_SPREAD,87
2019-06-28 09:38:00.000000000,QUERY_SPREAD,88
2019-06-28 09:38:00.000000000,QUERY_SPREAD,89
2019-06-28 09:38:00.000000000,QUERY_SPREAD,90
2019-06-28 09:38:00.000000000,QUERY_SPREAD,91
2019-06-28 09:38:00.000000000,QUERY_SPREAD,92
2019-06-28 09:38:00.000000000,QUERY_SPREAD,93
2019-06-28 09:38:00.000000000,QUERY_SPREAD,94
2019-06-28 09:38:00.000000000,QUERY_SPREAD,95
2019-06-28 09:38:00.000000000,QUERY_SPREAD,96
2019-06-28 09:38:00.000000000,QUERY_SPREAD,97
2019-06-28 09:38:00.000000000,QUERY_SPREAD,98
2019-06-28 09:38:00.000000000,QUERY_SPREAD,99
2019-06-28 09:38:00.000000000,QUERY_SPREAD,100
2019-06-28 09:38:00.000000000,QUERY_SPREAD,101
2019-06-28 09:38:00.000000000,QUERY_ORDER_STREAM,101
2019-06-28 09:38:05.725891189,QUERY_SPREAD,23
2019-06-28 09:38:05.725891189,BEST_BID,"JPM,99950,156"
2019-06-28 09:38:05.725891189,BEST_ASK,"JPM,99977,56"
2019-06-28 09:38:05.725891189,LAST_TRADE,"100,$99977.0000"
2019-06-28 09:38:10.000000000,QUERY_SPREAD,1
2019-06-28 09:38:10.000000000,BEST_BID,"JPM,99950,170"
2019-06-28 09:38:10.000000000,BEST_ASK,"JPM,99994,100"
2019-06-28 09:38:10.000000000,BEST_BID,"JPM,99950,170"
2019-06-28 09:38:10.000000000,BEST_ASK,"JPM,99994,100"
2019-06-28 09:38:10.000000000,BEST_BID,"JPM,99950,170"
2019-06-28 09:38:10.000000000,BEST_ASK,"JPM,99994,100"
2019-06-28 09:38:10.000000000,BEST_BID,"JPM,99950,170"
2019-06-28 09:38:10.000000000,BEST_ASK,"JPM,99994,100"
2019-06-28 09:38:10.000000000,BEST_BID,"JPM,99950,170"
2019-06-28 09:38:10.000000000,BEST_ASK,"JPM,99994,170"
2019-06-28 09:38:10.000000000,BEST_BID,"JPM,99950,170"
2019-06-28 09:38:10.000000000,BEST_ASK,"JPM,99994,170"
2019-06-28 09:38:10.000000000,BEST_BID,"JPM,99950,170"
2019-06-28 09:38:10.000000000,BEST_ASK,"JPM,99994,170"
2019-06-28 09:38:10.000000000,BEST_BID,"JPM,99950,170"
2019-06-28 09:38:10.000000000,BEST_ASK,"JPM,99994,170"
2019-06-28 09:38:20.000000000,QUERY_SPREAD,1
2019-06-28 09:38:20.000000000,BEST_BID,"JPM,99950,195"
2019-06-28 09:38:20.000000000,BEST_ASK,"JPM,99994,100"
2019-06-28 09:38:20.000000000,BEST_BID,"JPM,99950,195"
2019-06-28 09:38:20.000000000,BEST_ASK,"JPM,99994,100"
2019-06-28 09:38:20.000000000,BEST_BID,"JPM,99950,195"
2019-06-28 09:38:20.000000000,BEST_ASK,"JPM,99994,100"
2019-06-28 09:38:20.000000000,BEST_BID,"JPM,99950,195"
2019-06-28 09:38:20.000000000,BEST_ASK,"JPM,99994,195"
2019-06-28 09:38:20.000000000,BEST_BID,"JPM,99950,195"
2019-06-28 09:38:20.000000000,BEST_ASK,"JPM,99994,195"
2019-06-28 09:38:20.000000000,BEST_BID,"JPM,99950,195"
2019-06-28 09:38:20.000000000,BEST_ASK,"JPM,99994,195"
2019-06-28 09:38:30.000000000,QUERY_SPREAD,1
2019-06-28 09:38:30.000000000,BEST_BID,"JPM,99950,170"
2019-06-28 09:38:30.000000000,BEST_ASK,"JPM,99994,100"
2019-06-28 09:38:30.000000000,BEST_BID,"JPM,99950,170"
2019-06-28 09:38:30.000000000,BEST_ASK,"JPM,99994,100"
2019-06-28 09:38:30.000000000,BEST_BID,"JPM,99950,170"
2019-06-28 09:38:30.000000000,BEST_ASK,"JPM,99994,100"
2019-06-28 09:38:30.000000000,BEST_BID,"JPM,99950,170"
2019-06-28 09:38:30.000000000,BEST_ASK,"JPM,99994,100"
2019-06-28 09:38:30.000000000,BEST_BID,"JPM,99950,170"
2019-06-28 09:38:30.000000000,BEST_ASK,"JPM,99994,170"
2019-06-28 09:38:30.000000000,BEST_BID,"JPM,99950,170"
2019-06-28 09:38:30.000000000,BEST_ASK,"JPM,99994,170"
2019-06-28 09:38:30.000000000,BEST_BID,"JPM,99950,170"
2019-06-28 09:38:30.000000000,BEST_ASK,"JPM,99994,170"
2019-06-28 09:38:30.000000000,BEST_BID,"JPM,99950,170"
2019-06-28 09:38:30.000000000,BEST_ASK,"JPM,99994,170"
2019-06-28 09:38:32.081145661,QUERY_SPREAD,7
2019-06-28 09:38:32.081145661,BEST_BID,"JPM,99950,170"
2019-06-28 09:38:32.081145661,BEST_ASK,"JPM,99994,70"
2019-06-28 09:38:32.081145661,LAST_TRADE,"100,$99994.0000"
2019-06-28 09:38:40.000000000,QUERY_SPREAD,1
2019-06-28 09:38:40.000000000,BEST_BID,"JPM,99950,156"
2019-06-28 09:38:40.000000000,BEST_ASK,"JPM,99999,200"
2019-06-28 09:38:40.000000000,BEST_BID,"JPM,99950,156"
2019-06-28 09:38:40.000000000,BEST_ASK,"JPM,99999,200"
2019-06-28 09:38:40.000000000,BEST_BID,"JPM,99950,156"
2019-06-28 09:38:40.000000000,BEST_ASK,"JPM,99999,200"
2019-06-28 09:38:40.000000000,BEST_BID,"JPM,99950,156"
2019-06-28 09:38:40.000000000,BEST_ASK,"JPM,99999,200"
2019-06-28 09:38:40.000000000,BEST_BID,"JPM,99950,156"
2019-06-28 09:38:40.000000000,BEST_ASK,"JPM,99999,200"
2019-06-28 09:38:40.000000000,BEST_BID,"JPM,99950,156"
2019-06-28 09:38:40.000000000,BEST_ASK,"JPM,99999,256"
2019-06-28 09:38:40.000000000,BEST_BID,"JPM,99950,156"
2019-06-28 09:38:40.000000000,BEST_ASK,"JPM,99999,256"
2019-06-28 09:38:40.000000000,BEST_BID,"JPM,99950,156"
2019-06-28 09:38:40.000000000,BEST_ASK,"JPM,99999,256"
2019-06-28 09:38:40.000000000,BEST_BID,"JPM,99950,156"
2019-06-28 09:38:40.000000000,BEST_ASK,"JPM,99999,256"
2019-06-28 09:38:40.000000000,BEST_BID,"JPM,99950,156"
2019-06-28 09:38:40.000000000,BEST_ASK,"JPM,99999,256"
2019-06-28 09:38:50.000000000,QUERY_SPREAD,1
2019-06-28 09:38:50.000000000,BEST_BID,"JPM,99950,380"
2019-06-28 09:38:50.000000000,BEST_ASK,"JPM,99999,200"
2019-06-28 09:38:50.000000000,BEST_BID,"JPM,99950,380"
2019-06-28 09:38:50.000000000,BEST_ASK,"JPM,99999,480"
2019-06-28 09:39:00.000000000,QUERY_SPREAD,1
2019-06-28 09:39:00.000000000,BEST_BID,"JPM,99950,170"
2019-06-28 09:39:00.000000000,BEST_ASK,"JPM,99999,200"
2019-06-28 09:39:00.000000000,BEST_BID,"JPM,99950,170"
2019-06-28 09:39:00.000000000,BEST_ASK,"JPM,99999,200"
2019-06-28 09:39:00.000000000,BEST_BID,"JPM,99950,170"
2019-06-28 09:39:00.000000000,BEST_ASK,"JPM,99999,200"
2019-06-28 09:39:00.000000000,BEST_BID,"JPM,99950,170"
2019-06-28 09:39:00.000000000,BEST_ASK,"JPM,99999,200"
2019-06-28 09:39:00.000000000,BEST_BID,"JPM,99950,170"
2019-06-28 09:39:00.000000000,BEST_ASK,"JPM,99999,270"
2019-06-28 09:39:00.000000000,BEST_BID,"JPM,99950,170"
2019-06-28 09:39:00.000000000,BEST_ASK,"JPM,99999,270"
2019-06-28 09:39:00.000000000,BEST_BID,"JPM,99950,170"
2019-06-28 09:39:00.000000000,BEST_ASK,"JPM,99999,270"
2019-06-28 09:39:00.000000000,BEST_BID,"JPM,99950,170"
2019-06-28 09:39:00.000000000,BEST_ASK,"JPM,99999,270"
2019-06-28 09:39:00.000000000,QUERY_SPREAD,77
2019-06-28 09:39:00.000000000,QUERY_SPREAD,78
2019-06-28 09:39:00.000000000,QUERY_SPREAD,79
2019-06-28 09:39:00.000000000,QUERY_SPREAD,80
2019-06-28 09:39:00.000000000,QUERY_SPREAD,81
2019-06-28 09:39:00.000000000,QUERY_SPREAD,82
2019-06-28 09:39:00.000000000,QUERY_SPREAD,83
2019-06-28 09:39:00.000000000,QUERY_SPREAD,84
2019-06-28 09:39:00.000000000,QUERY_SPREAD,85
2019-06-28 09:39:00.000000000,QUERY_SPREAD,86
2019-06-28 09:39:00.000000000,QUERY_SPREAD,87
2019-06-28 09:39:00.000000000,QUERY_SPREAD,88
2019-06-28 09:39:00.000000000,QUERY_SPREAD,89
2019-06-28 09:39:00.000000000,QUERY_SPREAD,90
2019-06-28 09:39:00.000000000,QUERY_SPREAD,91
2019-06-28 09:39:00.000000000,QUERY_SPREAD,92
2019-06-28 09:39:00.000000000,QUERY_SPREAD,93
2019-06-28 09:39:00.000000000,QUERY_SPREAD,94
2019-06-28 09:39:00.000000000,QUERY_SPREAD,95
2019-06-28 09:39:00.000000000,QUERY_SPREAD,96
2019-06-28 09:39:00.000000000,QUERY_SPREAD,97
2019-06-28 09:39:00.000000000,QUERY_SPREAD,98
2019-06-28 09:39:00.000000000,QUERY_SPREAD,99
2019-06-28 09:39:00.000000000,QUERY_SPREAD,100
2019-06-28 09:39:00.000000000,QUERY_SPREAD,101
2019-06-28 09:39:00.000000000,QUERY_ORDER_STREAM,101
2019-06-28 09:39:02.424929332,QUERY_ORDER_STREAM,67
2019-06-28 09:39:02.424929332,QUERY_SPREAD,67
2019-06-28 09:39:03.846348030,QUERY_SPREAD,36
2019-06-28 09:39:03.846348030,BEST_BID,"JPM,99950,70"
2019-06-28 09:39:03.846348030,BEST_ASK,"JPM,99999,270"
2019-06-28 09:39:03.846348030,LAST_TRADE,"100,$99950.0000"
2019-06-28 09:39:10.000000000,QUERY_SPREAD,1
2019-06-28 09:39:10.000000000,BEST_BID,"JPM,99943,195"
2019-06-28 09:39:10.000000000,BEST_ASK,"JPM,99999,200"
2019-06-28 09:39:10.000000000,BEST_BID,"JPM,99943,195"
2019-06-28 09:39:10.000000000,BEST_ASK,"JPM,99999,200"
2019-06-28 09:39:10.000000000,BEST_BID,"JPM,99943,195"
2019-06-28 09:39:10.000000000,BEST_ASK,"JPM,99999,200"
2019-06-28 09:39:10.000000000,BEST_BID,"JPM,99943,195"
2019-06-28 09:39:10.000000000,BEST_ASK,"JPM,99999,295"
2019-06-28 09:39:10.000000000,BEST_BID,"JPM,99943,195"
2019-06-28 09:39:10.000000000,BEST_ASK,"JPM,99999,295"
2019-06-28 09:39:10.000000000,BEST_BID,"JPM,99943,195"
2019-06-28 09:39:10.000000000,BEST_ASK,"JPM,99999,295"
2019-06-28 09:39:20.000000000,QUERY_SPREAD,1
2019-06-28 09:39:20.000000000,BEST_BID,"JPM,99943,240"
2019-06-28 09:39:20.000000000,BEST_ASK,"JPM,99999,200"
2019-06-28 09:39:20.000000000,BEST_BID,"JPM,99943,240"
2019-06-28 09:39:20.000000000,BEST_ASK,"JPM,99999,200"
2019-06-28 09:39:20.000000000,BEST_BID,"JPM,99943,240"
2019-06-28 09:39:20.000000000,BEST_ASK,"JPM,99999,340"
2019-06-28 09:39:20.000000000,BEST_BID,"JPM,99943,240"
2019-06-28 09:39:20.000000000,BEST_ASK,"JPM,99999,340"
2019-06-28 09:39:27.884630908,QUERY_ORDER_STREAM,54
2019-06-28 09:39:27.884630908,QUERY_SPREAD,54
2019-06-28 09:39:27.884630908,BEST_BID,"JPM,99951,100"
2019-06-28 09:39:27.884630908,BEST_ASK,"JPM,99999,340"
2019-06-28 09:39:30.000000000,QUERY_SPREAD,1
2019-06-28 09:39:30.000000000,BEST_BID,"JPM,99951,195"
2019-06-28 09:39:30.000000000,BEST_ASK,"JPM,99999,200"
2019-06-28 09:39:30.000000000,BEST_BID,"JPM,99951,195"
2019-06-28 09:39:30.000000000,BEST_ASK,"JPM,99999,200"
2019-06-28 09:39:30.000000000,BEST_BID,"JPM,99951,195"
2019-06-28 09:39:30.000000000,BEST_ASK,"JPM,99999,200"
2019-06-28 09:39:30.000000000,BEST_BID,"JPM,99951,195"
2019-06-28 09:39:30.000000000,BEST_ASK,"JPM,99999,295"
2019-06-28 09:39:30.000000000,BEST_BID,"JPM,99951,195"
2019-06-28 09:39:30.000000000,BEST_ASK,"JPM,99999,295"
2019-06-28 09:39:30.000000000,BEST_BID,"JPM,99951,195"
2019-06-28 09:39:30.000000000,BEST_ASK,"JPM,99999,295"
2019-06-28 09:39:40.000000000,QUERY_SPREAD,1
2019-06-28 09:39:40.000000000,BEST_BID,"JPM,99951,156"
2019-06-28 09:39:40.000000000,BEST_ASK,"JPM,99999,200"
2019-06-28 09:39:40.000000000,BEST_BID,"JPM,99951,156"
2019-06-28 09:39:40.000000000,BEST_ASK,"JPM,99999,200"
2019-06-28 09:39:40.000000000,BEST_BID,"JPM,99951,156"
2019-06-28 09:39:40.000000000,BEST_ASK,"JPM,99999,200"
2019-06-28 09:39:40.000000000,BEST_BID,"JPM,99951,156"
2019-06-28 09:39:40.000000000,BEST_ASK,"JPM,99999,200"
2019-06-28 09:39:40.000000000,BEST_BID,"JPM,99951,156"
2019-06-28 09:39:40.000000000,BEST_ASK,"JPM,99999,200"
2019-06-28 09:39:40.000000000,BEST_BID,"JPM,99951,156"
2019-06-28 09:39:40.000000000,BEST_ASK,"JPM,99999,256"
2019-06-28 09:39:40.000000000,BEST_BID,"JPM,99951,156"
2019-06-28 09:39:40.000000000,BEST_ASK,"JPM,99999,256"
2019-06-28 09:39:40.000000000,BEST_BID,"JPM,99951,156"
2019-06-28 09:39:40.000000000,BEST_ASK,"JPM,99999,256"
2019-06-28 09:39:40.000000000,BEST_BID,"JPM,99951,156"
2019-06-28 09:39:40.000000000,BEST_ASK,"JPM,99999,256"
2019-06-28 09:39:40.000000000,BEST_BID,"JPM,99951,156"
2019-06-28 09:39:40.000000000,BEST_ASK,"JPM,99999,256"
2019-06-28 09:39:47.080215076,QUERY_SPREAD,48
2019-06-28 09:39:47.080215076,BEST_BID,"JPM,99951,156"
2019-06-28 09:39:47.080215076,BEST_ASK,"JPM,99999,256"
2019-06-28 09:39:47.801037273,QUERY_SPREAD,41
2019-06-28 09:39:47.801037273,BEST_BID,"JPM,99951,156"
2019-06-28 09:39:47.801037273,BEST_ASK,"JPM,99999,156"
2019-06-28 09:39:47.801037273,LAST_TRADE,"100,$99999.0000"
2019-06-28 09:39:50.000000000,QUERY_SPREAD,1
2019-06-28 09:39:50.000000000,BEST_BID,"JPM,99951,170"
2019-06-28 09:39:50.000000000,BEST_ASK,"JPM,99999,100"
2019-06-28 09:39:50.000000000,BEST_BID,"JPM,99951,170"
2019-06-28 09:39:50.000000000,BEST_ASK,"JPM,99999,100"
2019-06-28 09:39:50.000000000,BEST_BID,"JPM,99951,170"
2019-06-28 09:39:50.000000000,BEST_ASK,"JPM,99999,100"
2019-06-28 09:39:50.000000000,BEST_BID,"JPM,99951,170"
2019-06-28 09:39:50.000000000,BEST_ASK,"JPM,99999,100"
2019-06-28 09:39:50.000000000,BEST_BID,"JPM,99951,170"
2019-06-28 09:39:50.000000000,BEST_ASK,"JPM,99999,170"
2019-06-28 09:39:50.000000000,BEST_BID,"JPM,99951,170"
2019-06-28 09:39:50.000000000,BEST_ASK,"JPM,99999,170"
2019-06-28 09:39:50.000000000,BEST_BID,"JPM,99951,170"
2019-06-28 09:39:50.000000000,BEST_ASK,"JPM,99999,170"
2019-06-28 09:39:50.000000000,BEST_BID,"JPM,99951,170"
2019-06-28 09:39:50.000000000,BEST_ASK,"JPM,99999,170"
2019-06-28 09:39:58.688145017,QUERY_SPREAD,51
2019-06-28 09:39:58.688145017,BEST_BID,"JPM,99951,170"
2019-06-28 09:39:58.688145017,BEST_ASK,"JPM,99999,70"
2019-06-28 09:39:58.688145017,LAST_TRADE,"100,$99999.0000"
2019-06-28 09:40:00.000000000,QUERY_SPREAD,1
2019-06-28 09:40:00.000000000,BEST_BID,"JPM,99951,240"
2019-06-28 09:40:00.000000000,BEST_ASK,"JPM,100000,5"
2019-06-28 09:40:00.000000000,BEST_BID,"JPM,99951,240"
2019-06-28 09:40:00.000000000,BEST_ASK,"JPM,100000,5"
2019-06-28 09:40:00.000000000,BEST_BID,"JPM,99951,240"
2019-06-28 09:40:00.000000000,BEST_ASK,"JPM,100000,145"
2019-06-28 09:40:00.000000000,BEST_BID,"JPM,99951,240"
2019-06-28 09:40:00.000000000,BEST_ASK,"JPM,100000,145"
2019-06-28 09:40:00.000000000,QUERY_SPREAD,77
2019-06-28 09:40:00.000000000,QUERY_SPREAD,78
2019-06-28 09:40:00.000000000,QUERY_SPREAD,79
2019-06-28 09:40:00.000000000,QUERY_SPREAD,80
2019-06-28 09:40:00.000000000,QUERY_SPREAD,81
2019-06-28 09:40:00.000000000,QUERY_SPREAD,82
2019-06-28 09:40:00.000000000,QUERY_SPREAD,83
2019-06-28 09:40:00.000000000,QUERY_SPREAD,84
2019-06-28 09:40:00.000000000,QUERY_SPREAD,85
2019-06-28 09:40:00.000000000,QUERY_SPREAD,86
2019-06-28 09:40:00.000000000,QUERY_SPREAD,87
2019-06-28 09:40:00.000000000,QUERY_SPREAD,88
2019-06-28 09:40:00.000000000,QUERY_SPREAD,89
2019-06-28 09:40:00.000000000,QUERY_SPREAD,90
2019-06-28 09:40:00.000000000,QUERY_SPREAD,91
2019-06-28 09:40:00.000000000,QUERY_SPREAD,92
2019-06-28 09:40:00.000000000,QUERY_SPREAD,93
2019-06-28 09:40:00.000000000,QUERY_SPREAD,94
2019-06-28 09:40:00.000000000,QUERY_SPREAD,95
2019-06-28 09:40:00.000000000,QUERY_SPREAD,96
2019-06-28 09:40:00.000000000,QUERY_SPREAD,97
2019-06-28 09:40:00.000000000,QUERY_SPREAD,98
2019-06-28 09:40:00.000000000,QUERY_SPREAD,99
2019-06-28 09:40:00.000000000,QUERY_SPREAD,100
2019-06-28 09:40:00.000000000,QUERY_SPREAD,101
2019-06-28 09:40:00.000000000,QUERY_ORDER_STREAM,101
2019-06-28 09:40:10.000000000,QUERY_SPREAD,1
2019-06-28 09:40:10.000000000,BEST_BID,"JPM,99951,170"
2019-06-28 09:40:10.000000000,BEST_ASK,"JPM,100000,5"
2019-06-28 09:40:10.000000000,BEST_BID,"JPM,99951,170"
2019-06-28 09:40:10.000000000,BEST_ASK,"JPM,100000,5"
2019-06-28 09:40:10.000000000,BEST_BID,"JPM,99951,170"
2019-06-28 09:40:10.000000000,BEST_ASK,"JPM,100000,5"
2019-06-28 09:40:10.000000000,BEST_BID,"JPM,99951,170"
2019-06-28 09:40:10.000000000,BEST_ASK,"JPM,100000,5"
2019-06-28 09:40:10.000000000,BEST_BID,"JPM,99951,170"
2019-06-28 09:40:10.000000000,BEST_ASK,"JPM,100000,75"
2019-06-28 09:40:10.000000000,BEST_BID,"JPM,99951,170"
2019-06-28 09:40:10.000000000,BEST_ASK,"JPM,100000,75"
2019-06-28 09:40:10.000000000,BEST_BID,"JPM,99951,170"
2019-06-28 09:40:10.000000000,BEST_ASK,"JPM,100000,75"
2019-06-28 09:40:10.000000000,BEST_BID,"JPM,99951,170"
2019-06-28 09:40:10.000000000,BEST_ASK,"JPM,100000,75"
2019-06-28 09:40:20.000000000,QUERY_SPREAD,1
2019-06-28 09:40:20.000000000,BEST_BID,"JPM,99951,195"
2019-06-28 09:40:20.000000000,BEST_ASK,"JPM,100000,5"
2019-06-28 09:40:20.000000000,BEST_BID,"JPM,99951,195"
2019-06-28 09:40:20.000000000,BEST_ASK,"JPM,100000,5"
2019-06-28 09:40:20.000000000,BEST_BID,"JPM,99951,195"
2019-06-28 09:40:20.000000000,BEST_ASK,"JPM,100000,5"
2019-06-28 09:40:20.000000000,BEST_BID,"JPM,99951,195"
2019-06-28 09:40:20.000000000,BEST_ASK,"JPM,100000,100"
2019-06-28 09:40:20.000000000,BEST_BID,"JPM,99951,195"
2019-06-28 09:40:20.000000000,BEST_ASK,"JPM,100000,100"
2019-06-28 09:40:20.000000000,BEST_BID,"JPM,99951,195"
2019-06-28 09:40:20.000000000,BEST_ASK,"JPM,100000,100"
2019-06-28 09:40:20.949691357,QUERY_SPREAD,31
2019-06-28 09:40:20.949691357,BEST_BID,"JPM,99951,195"
2019-06-28 09:40:20.949691357,BEST_ASK,"JPM,100030,192"
2019-06-28 09:40:20.949691357,LAST_TRADE,"100,$100000.0000"
2019-06-28 09:40:30.000000000,QUERY_SPREAD,1
2019-06-28 09:40:30.000000000,BEST_BID,"JPM,99951,380"
2019-06-28 09:40:30.000000000,BEST_ASK,"JPM,100030,100"
2019-06-28 09:40:30.000000000,BEST_BID,"JPM,99951,380"
2019-06-28 09:40:30.000000000,BEST_ASK,"JPM,100030,380"
2019-06-28 09:40:39.192168336,QUERY_ORDER_STREAM,68
2019-06-28 09:40:39.192168336,QUERY_SPREAD,68
2019-06-28 09:40:40.000000000,QUERY_SPREAD,1
2019-06-28 09:40:40.000000000,BEST_BID,"JPM,99951,170"
2019-06-28 09:40:40.000000000,BEST_ASK,"JPM,100030,100"
2019-06-28 09:40:40.000000000,BEST_BID,"JPM,99951,170"
2019-06-28 09:40:40.000000000,BEST_ASK,"JPM,100030,100"
2019-06-28 09:40:40.000000000,BEST_BID,"JPM,99951,170"
2019-06-28 09:40:40.000000000,BEST_ASK,"JPM,100030,100"
2019-06-28 09:40:40.000000000,BEST_BID,"JPM,99951,170"
2019-06-28 09:40:40.000000000,BEST_ASK,"JPM,100030,100"
2019-06-28 09:40:40.000000000,BEST_BID,"JPM,99951,170"
2019-06-28 09:40:40.000000000,BEST_ASK,"JPM,100030,170"
2019-06-28 09:40:40.000000000,BEST_BID,"JPM,99951,170"
2019-06-28 09:40:40.000000000,BEST_ASK,"JPM,100030,170"
2019-06-28 09:40:40.000000000,BEST_BID,"JPM,99951,170"
2019-06-28 09:40:40.000000000,BEST_ASK,"JPM,100030,170"
2019-06-28 09:40:40.000000000,BEST_BID,"JPM,99951,170"
2019-06-28 09:40:40.000000000,BEST_ASK,"JPM,100030,170"
2019-06-28 09:40:40.851582546,QUERY_SPREAD,47
2019-06-28 09:40:40.851582546,BEST_BID,"JPM,99951,170"
2019-06-28 09:40:40.851582546,BEST_ASK,"JPM,100030,70"
2019-06-28 09:40:40.851582546,LAST_TRADE,"100,$100030.0000"
2019-06-28 09:40:44.901671444,QUERY_SPREAD,38
2019-06-28 09:40:44.901671444,BEST_BID,"JPM,100030,30"
2019-06-28 09:40:44.901671444,BEST_ASK,"JPM,100040,170"
2019-06-28 09:40:44.901671444,LAST_TRADE,"70,$100030.0000"
2019-06-28 09:40:50.000000000,QUERY_SPREAD,1
2019-06-28 09:40:50.000000000,BEST_BID,"JPM,100030,86"
2019-06-28 09:40:50.000000000,BEST_ASK,"JPM,100040,100"
2019-06-28 09:40:50.000000000,BEST_BID,"JPM,100030,86"
2019-06-28 09:40:50.000000000,BEST_ASK,"JPM,100040,100"
2019-06-28 09:40:50.000000000,BEST_BID,"JPM,100030,86"
2019-06-28 09:40:50.000000000,BEST_ASK,"JPM,100040,100"
2019-06-28 09:40:50.000000000,BEST_BID,"JPM,100030,86"
2019-06-28 09:40:50.000000000,BEST_ASK,"JPM,100040,100"
2019-06-28 09:40:50.000000000,BEST_BID,"JPM,100030,86"
2019-06-28 09:40:50.000000000,BEST_ASK,"JPM,100040,100"
2019-06-28 09:40:50.000000000,BEST_BID,"JPM,100030,86"
2019-06-28 09:40:50.000000000,BEST_ASK,"JPM,100040,156"
2019-06-28 09:40:50.000000000,BEST_BID,"JPM,100030,86"
2019-06-28 09:40:50.000000000,BEST_ASK,"JPM,100040,156"
2019-06-28 09:40:50.000000000,BEST_BID,"JPM,100030,86"
2019-06-28 09:40:50.000000000,BEST_ASK,"JPM,100040,156"
2019-06-28 09:40:50.000000000,BEST_BID,"JPM,100030,86"
2019-06-28 09:40:50.000000000,BEST_ASK,"JPM,100040,156"
2019-06-28 09:40:50.000000000,BEST_BID,"JPM,100030,86"
2019-06-28 09:40:50.000000000,BEST_ASK,"JPM,100040,156"
2019-06-28 09:40:54.992645485,QUERY_SPREAD,19
2019-06-28 09:40:54.992645485,BEST_BID,"JPM,100030,86"
2019-06-28 09:40:54.992645485,BEST_ASK,"JPM,100040,56"
2019-06-28 09:40:54.992645485,LAST_TRADE,"100,$100040.0000"
2019-06-28 09:40:55.440663296,QUERY_SPREAD,38
2019-06-28 09:40:55.440663296,BEST_BID,"JPM,100030,56"
2019-06-28 09:40:55.440663296,BEST_ASK,"JPM,100040,56"
2019-06-28 09:41:00.000000000,QUERY_SPREAD,1
2019-06-28 09:41:00.000000000,BEST_BID,"JPM,99951,240"
2019-06-28 09:41:00.000000000,BEST_ASK,"JPM,100046,200"
2019-06-28 09:41:00.000000000,BEST_BID,"JPM,99951,240"
2019-06-28 09:41:00.000000000,BEST_ASK,"JPM,100046,200"
2019-06-28 09:41:00.000000000,BEST_BID,"JPM,99951,240"
2019-06-28 09:41:00.000000000,BEST_ASK,"JPM,100046,340"
2019-06-28 09:41:00.000000000,BEST_BID,"JPM,99951,240"
2019-06-28 09:41:00.000000000,BEST_ASK,"JPM,100046,340"
2019-06-28 09:41:00.000000000,QUERY_SPREAD,77
2019-06-28 09:41:00.000000000,QUERY_SPREAD,78
2019-06-28 09:41:00.000000000,QUERY_SPREAD,79
2019-06-28 09:41:00.000000000,QUERY_SPREAD,80
2019-06-28 09:41:00.000000000,QUERY_SPREAD,81
2019-06-28 09:41:00.000000000,QUERY_SPREAD,82
2019-06-28 09:41:00.000000000,QUERY_SPREAD,83
2019-06-28 09:41:00.000000000,QUERY_SPREAD,84
2019-06-28 09:41:00.000000000,QUERY_SPREAD,85
2019-06-28 09:41:00.000000000,QUERY_SPREAD,86
2019-06-28 09:41:00.000000000,QUERY_SPREAD,87
2019-06-28 09:41:00.000000000,QUERY_SPREAD,88
2019-06-28 09:41:00.000000000,QUERY_SPREAD,89
2019-06-28 09:41:00.000000000,QUERY_SPREAD,90
2019-06-28 09:41:00.000000000,QUERY_SPREAD,91
2019-06-28 09:41:00.000000000,QUERY_SPREAD,92
2019-06-28 09:41:00.000000000,QUERY_SPREAD,93
2019-06-28 09:41:00.000000000,QUERY_SPREAD,94
2019-06-28 09:41:00.000000000,QUERY_SPREAD,95
2019-06-28 09:41:00.000000000,QUERY_SPREAD,96
2019-06-28 09:41:00.000000000,QUERY_SPREAD,97
2019-06-28 09:41:00.000000000,QUERY_SPREAD,98
2019-06-28 09:41:00.000000000,QUERY_SPREAD,99
2019-06-28 09:41:00.000000000,QUERY_SPREAD,100
2019-06-28 09:41:00.000000000,QUERY_SPREAD,101
2019-06-28 09:41:00.000000000,QUERY_ORDER_STREAM,101
2019-06-28 09:41:10.000000000,QUERY_SPREAD,1
2019-06-28 09:41:10.000000000,BEST_BID,"JPM,99951,380"
2019-06-28 09:41:10.000000000,BEST_ASK,"JPM,100046,200"
2019-06-28 09:41:10.000000000,BEST_BID,"JPM,99951,380"
2019-06-28 09:41:10.000000000,BEST_ASK,"JPM,100046,480"
2019-06-28 09:41:20.000000000,QUERY_SPREAD,1
2019-06-28 09:41:20.000000000,BEST_BID,"JPM,99951,195"
2019-06-28 09:41:20.000000000,BEST_ASK,"JPM,100046,200"
2019-06-28 09:41:20.000000000,BEST_BID,"JPM,99951,195"
2019-06-28 09:41:20.000000000,BEST_ASK,"JPM,100046,200"
2019-06-28 09:41:20.000000000,BEST_BID,"JPM,99951,195"
2019-06-28 09:41:20.000000000,BEST_ASK,"JPM,100046,200"
2019-06-28 09:41:20.000000000,BEST_BID,"JPM,99951,195"
2019-06-28 09:41:20.000000000,BEST_ASK,"JPM,100046,295"
2019-06-28 09:41:20.000000000,BEST_BID,"JPM,99951,195"
2019-06-28 09:41:20.000000000,BEST_ASK,"JPM,100046,295"
2019-06-28 09:41:20.000000000,BEST_BID,"JPM,99951,195"
2019-06-28 09:41:20.000000000,BEST_ASK,"JPM,100046,295"
2019-06-28 09:41:23.003791057,QUERY_ORDER_STREAM,75
2019-06-28 09:41:23.003791057,QUERY_SPREAD,75
2019-06-28 09:41:30.000000000,QUERY_SPREAD,1
2019-06-28 09:41:30.000000000,BEST_BID,"JPM,99951,195"
2019-06-28 09:41:30.000000000,BEST_ASK,"JPM,100046,200"
2019-06-28 09:41:30.000000000,BEST_BID,"JPM,99951,195"
2019-06-28 09:41:30.000000000,BEST_ASK,"JPM,100046,200"
2019-06-28 09:41:30.000000000,BEST_BID,"JPM,99951,195"
2019-06-28 09:41:30.000000000,BEST_ASK,"JPM,100046,200"
2019-06-28 09:41:30.000000000,BEST_BID,"JPM,99951,195"
2019-06-28 09:41:30.000000000,BEST_ASK,"JPM,100046,295"
2019-06-28 09:41:30.000000000,BEST_BID,"JPM,99951,195"
2019-06-28 09:41:30.000000000,BEST_ASK,"JPM,100046,295"
2019-06-28 09:41:30.000000000,BEST_BID,"JPM,99951,195"
2019-06-28 09:41:30.000000000,BEST_ASK,"JPM,100046,295"
2019-06-28 09:41:40.000000000,QUERY_SPREAD,1
2019-06-28 09:41:40.000000000,BEST_BID,"JPM,99951,240"
2019-06-28 09:41:40.000000000,BEST_ASK,"JPM,100046,200"
2019-06-28 09:41:40.000000000,BEST_BID,"JPM,99951,240"
2019-06-28 09:41:40.000000000,BEST_ASK,"JPM,100046,200"
2019-06-28 09:41:40.000000000,BEST_BID,"JPM,99951,240"
2019-06-28 09:41:40.000000000,BEST_ASK,"JPM,100046,340"
2019-06-28 09:41:40.000000000,BEST_BID,"JPM,99951,240"
2019-06-28 09:41:40.000000000,BEST_ASK,"JPM,100046,340"
2019-06-28 09:41:50.000000000,QUERY_SPREAD,1
2019-06-28 09:41:50.000000000,BEST_BID,"JPM,99951,170"
2019-06-28 09:41:50.000000000,BEST_ASK,"JPM,100046,200"
2019-06-28 09:41:50.000000000,BEST_BID,"JPM,99951,170"
2019-06-28 09:41:50.000000000,BEST_ASK,"JPM,100046,200"
2019-06-28 09:41:50.000000000,BEST_BID,"JPM,99951,170"
2019-06-28 09:41:50.000000000,BEST_ASK,"JPM,100046,200"
2019-06-28 09:41:50.000000000,BEST_BID,"JPM,99951,170"
2019-06-28 09:41:50.000000000,BEST_ASK,"JPM,100046,200"
2019-06-28 09:41:50.000000000,BEST_BID,"JPM,99951,170"
2019-06-28 09:41:50.000000000,BEST_ASK,"JPM,100046,270"
2019-06-28 09:41:50.000000000,BEST_BID,"JPM,99951,170"
2019-06-28 09:41:50.000000000,BEST_ASK,"JPM,100046,270"
2019-06-28 09:41:50.000000000,BEST_BID,"JPM,99951,170"
2019-06-28 09:41:50.000000000,BEST_ASK,"JPM,100046,270"
2019-06-28 09:41:50.000000000,BEST_BID,"JPM,99951,170"
2019-06-28 09:41:50.000000000,BEST_ASK,"JPM,100046,270"
2019-06-28 09:42:00.000000000,QUERY_SPREAD,1
2019-06-28 09:42:00.000000000,BEST_BID,"JPM,99951,380"
2019-06-28 09:42:00.000000000,BEST_ASK,"JPM,100046,200"
2019-06-28 09:42:00.000000000,BEST_BID,"JPM,99951,380"
2019-06-28 09:42:00.000000000,BEST_ASK,"JPM,100046,480"
2019-06-28 09:42:00.000000000,QUERY_SPREAD,77
2019-06-28 09:42:00.000000000,QUERY_SPREAD,78
2019-06-28 09:42:00.000000000,QUERY_SPREAD,79
2019-06-28 09:42:00.000000000,QUERY_SPREAD,80
2019-06-28 09:42:00.000000000,QUERY_SPREAD,81
2019-06-28 09:42:00.000000000,QUERY_SPREAD,82
2019-06-28 09:42:00.000000000,QUERY_SPREAD,83
2019-06-28 09:42:00.000000000,QUERY_SPREAD,84
2019-06-28 09:42:00.000000000,QUERY_SPREAD,85
2019-06-28 09:42:00.000000000,QUERY_SPREAD,86
2019-06-28 09:42:00.000000000,QUERY_SPREAD,87
2019-06-28 09:42:00.000000000,QUERY_SPREAD,88
2019-06-28 09:42:00.000000000,QUERY_SPREAD,89
2019-06-28 09:42:00.000000000,QUERY_SPREAD,90
2019-06-28 09:42:00.000000000,QUERY_SPREAD,91
2019-06-28 09:42:00.000000000,QUERY_SPREAD,92
2019-06-28 09:42:00.000000000,QUERY_SPREAD,93
2019-06-28 09:42:00.000000000,QUERY_SPREAD,94
2019-06-28 09:42:00.000000000,QUERY_SPREAD,95
2019-06-28 09:42:00.000000000,QUERY_SPREAD,96
2019-06-28 09:42:00.000000000,QUERY_SPREAD,97
2019-06-28 09:42:00.000000000,QUERY_SPREAD,98
2019-06-28 09:42:00.000000000,QUERY_SPREAD,99
2019-06-28 09:42:00.000000000,QUERY_SPREAD,100
2019-06-28 09:42:00.000000000,QUERY_SPREAD,101
2019-06-28 09:42:00.000000000,QUERY_ORDER_STREAM,101
2019-06-28 09:42:09.154132698,QUERY_SPREAD,42
2019-06-28 09:42:09.154132698,BEST_BID,"JPM,99951,380"
2019-06-28 09:42:09.154132698,BEST_ASK,"JPM,100046,480"
2019-06-28 09:42:10.000000000,QUERY_SPREAD,1
2019-06-28 09:42:10.000000000,BEST_BID,"JPM,99951,156"
2019-06-28 09:42:10.000000000,BEST_ASK,"JPM,100046,200"
2019-06-28 09:42:10.000000000,BEST_BID,"JPM,99951,156"
2019-06-28 09:42:10.000000000,BEST_ASK,"JPM,100046,200"
2019-06-28 09:42:10.000000000,BEST_BID,"JPM,99951,156"
2019-06-28 09:42:10.000000000,BEST_ASK,"JPM,100046,200"
2019-06-28 09:42:10.000000000,BEST_BID,"JPM,99951,156"
2019-06-28 09:42:10.000000000,BEST_ASK,"JPM,100046,200"
2019-06-28 09:42:10.000000000,BEST_BID,"JPM,99951,156"
2019-06-28 09:42:10.000000000,BEST_ASK,"JPM,100046,200"
2019-06-28 09:42:10.000000000,BEST_BID,"JPM,99951,156"
2019-06-28 09:42:10.000000000,BEST_ASK,"JPM,100046,256"
2019-06-28 09:42:10.000000000,BEST_BID,"JPM,99951,156"
2019-06-28 09:42:10.000000000,BEST_ASK,"JPM,100046,256"
2019-06-28 09:42:10.000000000,BEST_BID,"JPM,99951,156"
2019-06-28 09:42:10.000000000,BEST_ASK,"JPM,100046,256"
2019-06-28 09:42:10.000000000,BEST_BID,"JPM,99951,156"
2019-06-28 09:42:10.000000000,BEST_ASK,"JPM,100046,256"
2019-06-28 09:42:10.000000000,BEST_BID,"JPM,99951,156"
2019-06-28 09:42:10.000000000,BEST_ASK,"JPM,100046,256"
2019-06-28 09:42:18.485342743,QUERY_ORDER_STREAM,60
2019-06-28 09:42:18.485342743,QUERY_SPREAD,60
2019-06-28 09:42:20.000000000,QUERY_SPREAD,1
2019-06-28 09:42:20.000000000,BEST_BID,"JPM,99951,380"
2019-06-28 09:42:20.000000000,BEST_ASK,"JPM,100046,200"
2019-06-28 09:42:20.000000000,BEST_BID,"JPM,99951,380"
2019-06-28 09:42:20.000000000,BEST_ASK,"JPM,100046,480"
2019-06-28 09:42:21.830792522,QUERY_ORDER_STREAM,73
2019-06-28 09:42:21.830792522,QUERY_SPREAD,73
2019-06-28 09:42:21.830792522,BEST_BID,"JPM,99951,380"
2019-06-28 09:42:21.830792522,BEST_ASK,"JPM,100039,100"
2019-06-28 09:42:30.000000000,QUERY_SPREAD,1
2019-06-28 09:42:30.000000000,BEST_BID,"JPM,99951,170"
2019-06-28 09:42:30.000000000,BEST_ASK,"JPM,100039,100"
2019-06-28 09:42:30.000000000,BEST_BID,"JPM,99951,170"
2019-06-28 09:42:30.000000000,BEST_ASK,"JPM,100039,100"
2019-06-28 09:42:30.000000000,BEST_BID,"JPM,99951,170"
2019-06-28 09:42:30.000000000,BEST_ASK,"JPM,100039,100"
2019-06-28 09:42:30.000000000,BEST_BID,"JPM,99951,170"
2019-06-28 09:42:30.000000000,BEST_ASK,"JPM,100039,100"
2019-06-28 09:42:30.000000000,BEST_BID,"JPM,99951,170"
2019-06-28 09:42:30.000000000,BEST_ASK,"JPM,100039,170"
2019-06-28 09:42:30.000000000,BEST_BID,"JPM,99951,170"
2019-06-28 09:42:30.000000000,BEST_ASK,"JPM,100039,170"
2019-06-28 09:42:30.000000000,BEST_BID,"JPM,99951,170"
2019-06-28 09:42:30.000000000,BEST_ASK,"JPM,100039,170"
2019-06-28 09:42:30.000000000,BEST_BID,"JPM,99951,170"
2019-06-28 09:42:30.000000000,BEST_ASK,"JPM,100039,170"
2019-06-28 09:42:31.336545247,QUERY_ORDER_STREAM,70
2019-06-28 09:42:31.336545247,QUERY_SPREAD,70
2019-06-28 09:42:38.725498932,QUERY_ORDER_STREAM,64
2019-06-28 09:42:38.725498932,QUERY_SPREAD,64
2019-06-28 09:42:38.725498932,BEST_BID,"JPM,99951,170"
2019-06-28 09:42:38.725498932,BEST_ASK,"JPM,100039,270"
2019-06-28 09:42:40.000000000,QUERY_SPREAD,1
2019-06-28 09:42:40.000000000,BEST_BID,"JPM,99951,240"
2019-06-28 09:42:40.000000000,BEST_ASK,"JPM,100039,200"
2019-06-28 09:42:40.000000000,BEST_BID,"JPM,99951,240"
2019-06-28 09:42:40.000000000,BEST_ASK,"JPM,100039,200"
2019-06-28 09:42:40.000000000,BEST_BID,"JPM,99951,240"
2019-06-28 09:42:40.000000000,BEST_ASK,"JPM,100039,340"
2019-06-28 09:42:40.000000000,BEST_BID,"JPM,99951,240"
2019-06-28 09:42:40.000000000,BEST_ASK,"JPM,100039,340"
2019-06-28 09:42:48.104947676,QUERY_SPREAD,5
2019-06-28 09:42:48.104947676,BEST_BID,"JPM,99951,240"
2019-06-28 09:42:48.104947676,BEST_ASK,"JPM,100039,340"
2019-06-28 09:42:50.000000000,QUERY_SPREAD,1
2019-06-28 09:42:50.000000000,BEST_BID,"JPM,99951,156"
2019-06-28 09:42:50.000000000,BEST_ASK,"JPM,100039,200"
2019-06-28 09:42:50.000000000,BEST_BID,"JPM,99951,156"
2019-06-28 09:42:50.000000000,BEST_ASK,"JPM,100039,200"
2019-06-28 09:42:50.000000000,BEST_BID,"JPM,99951,156"
2019-06-28 09:42:50.000000000,BEST_ASK,"JPM,100039,200"
2019-06-28 09:42:50.000000000,BEST_BID,"JPM,99951,156"
2019-06-28 09:42:50.000000000,BEST_ASK,"JPM,100039,200"
2019-06-28 09:42:50.000000000,BEST_BID,"JPM,99951,156"
2019-06-28 09:42:50.000000000,BEST_ASK,"JPM,100039,200"
2019-06-28 09:42:50.000000000,BEST_BID,"JPM,99951,156"
2019-06-28 09:42:50.000000000,BEST_ASK,"JPM,100039,256"
2019-06-28 09:42:50.000000000,BEST_BID,"JPM,99951,156"
2019-06-28 09:42:50.000000000,BEST_ASK,"JPM,100039,256"
2019-06-28 09:42:50.000000000,BEST_BID,"JPM,99951,156"
2019-06-28 09:42:50.000000000,BEST_ASK,"JPM,100039,256"
2019-06-28 09:42:50.000000000,BEST_BID,"JPM,99951,156"
2019-06-28 09:42:50.000000000,BEST_ASK,"JPM,100039,256"
2019-06-28 09:42:50.000000000,BEST_BID,"JPM,99951,156"
2019-06-28 09:42:50.000000000,BEST_ASK,"JPM,100039,256"
2019-06-28 09:42:56.157903731,QUERY_ORDER_STREAM,65
2019-06-28 09:42:56.157903731,QUERY_SPREAD,65
2019-06-28 09:42:56.157903731,BEST_BID,"JPM,99951,156"
2019-06-28 09:42:56.157903731,BEST_ASK,"JPM,100039,356"
2019-06-28 09:43:00.000000000,QUERY_SPREAD,1
2019-06-28 09:43:00.000000000,BEST_BID,"JPM,99951,195"
2019-06-28 09:43:00.000000000,BEST_ASK,"JPM,100039,300"
2019-06-28 09:43:00.000000000,BEST_BID,"JPM,99951,195"
2019-06-28 09:43:00.000000000,BEST_ASK,"JPM,100039,300"
2019-06-28 09:43:00.000000000,BEST_BID,"JPM,99951,195"
2019-06-28 09:43:00.000000000,BEST_ASK,"JPM,100039,300"
2019-06-28 09:43:00.000000000,BEST_BID,"JPM,99951,195"
2019-06-28 09:43:00.000000000,BEST_ASK,"JPM,100039,395"
2019-06-28 09:43:00.000000000,BEST_BID,"JPM,99951,195"
2019-06-28 09:43:00.000000000,BEST_ASK,"JPM,100039,395"
2019-06-28 09:43:00.000000000,BEST_BID,"JPM,99951,195"
2019-06-28 09:43:00.000000000,BEST_ASK,"JPM,100039,395"
2019-06-28 09:43:00.000000000,QUERY_SPREAD,77
2019-06-28 09:43:00.000000000,QUERY_SPREAD,78
2019-06-28 09:43:00.000000000,QUERY_SPREAD,79
2019-06-28 09:43:00.000000000,QUERY_SPREAD,80
2019-06-28 09:43:00.000000000,QUERY_SPREAD,81
2019-06-28 09:43:00.000000000,QUERY_SPREAD,82
2019-06-28 09:43:00.000000000,QUERY_SPREAD,83
2019-06-28 09:43:00.000000000,QUERY_SPREAD,84
2019-06-28 09:43:00.000000000,QUERY_SPREAD,85
2019-06-28 09:43:00.000000000,QUERY_SPREAD,86
2019-06-28 09:43:00.000000000,QUERY_SPREAD,87
2019-06-28 09:43:00.000000000,QUERY_SPREAD,88
2019-06-28 09:43:00.000000000,QUERY_SPREAD,89
2019-06-28 09:43:00.000000000,QUERY_SPREAD,90
2019-06-28 09:43:00.000000000,QUERY_SPREAD,91
2019-06-28 09:43:00.000000000,QUERY_SPREAD,92
2019-06-28 09:43:00.000000000,QUERY_SPREAD,93
2019-06-28 09:43:00.000000000,QUERY_SPREAD,94
2019-06-28 09:43:00.000000000,QUERY_SPREAD,95
2019-06-28 09:43:00.000000000,QUERY_SPREAD,96
2019-06-28 09:43:00.000000000,QUERY_SPREAD,97
2019-06-28 09:43:00.000000000,QUERY_SPREAD,98
2019-06-28 09:43:00.000000000,QUERY_SPREAD,99
2019-06-28 09:43:00.000000000,QUERY_SPREAD,100
2019-06-28 09:43:00.000000000,QUERY_SPREAD,101
2019-06-28 09:43:00.000000000,QUERY_ORDER_STREAM,101
2019-06-28 09:43:04.711961532,QUERY_ORDER_STREAM,67
2019-06-28 09:43:04.711961532,QUERY_SPREAD,67
2019-06-28 09:43:04.711961532,BEST_BID,"JPM,99951,195"
2019-06-28 09:43:04.711961532,BEST_ASK,"JPM,100039,495"
2019-06-28 09:43:10.000000000,QUERY_SPREAD,1
2019-06-28 09:43:10.000000000,BEST_BID,"JPM,99951,195"
2019-06-28 09:43:10.000000000,BEST_ASK,"JPM,100039,400"
2019-06-28 09:43:10.000000000,BEST_BID,"JPM,99951,195"
2019-06-28 09:43:10.000000000,BEST_ASK,"JPM,100039,400"
2019-06-28 09:43:10.000000000,BEST_BID,"JPM,99951,195"
2019-06-28 09:43:10.000000000,BEST_ASK,"JPM,100039,400"
2019-06-28 09:43:10.000000000,BEST_BID,"JPM,99951,195"
2019-06-28 09:43:10.000000000,BEST_ASK,"JPM,100039,495"
2019-06-28 09:43:10.000000000,BEST_BID,"JPM,99951,195"
2019-06-28 09:43:10.000000000,BEST_ASK,"JPM,100039,495"
2019-06-28 09:43:10.000000000,BEST_BID,"JPM,99951,195"
2019-06-28 09:43:10.000000000,BEST_ASK,"JPM,100039,495"
2019-06-28 09:43:20.000000000,QUERY_SPREAD,1
2019-06-28 09:43:20.000000000,BEST_BID,"JPM,99951,195"
2019-06-28 09:43:20.000000000,BEST_ASK,"JPM,100039,400"
2019-06-28 09:43:20.000000000,BEST_BID,"JPM,99951,195"
2019-06-28 09:43:20.000000000,BEST_ASK,"JPM,100039,400"
2019-06-28 09:43:20.000000000,BEST_BID,"JPM,99951,195"
2019-06-28 09:43:20.000000000,BEST_ASK,"JPM,100039,400"
2019-06-28 09:43:20.000000000,BEST_BID,"JPM,99951,195"
2019-06-28 09:43:20.000000000,BEST_ASK,"JPM,100039,495"
2019-06-28 09:43:20.000000000,BEST_BID,"JPM,99951,195"
2019-06-28 09:43:20.000000000,BEST_ASK,"JPM,100039,495"
2019-06-28 09:43:20.000000000,BEST_BID,"JPM,99951,195"
2019-06-28 09:43:20.000000000,BEST_ASK,"JPM,100039,495"
2019-06-28 09:43:30.000000000,QUERY_SPREAD,1
2019-06-28 09:43:30.000000000,BEST_BID,"JPM,99951,156"
2019-06-28 09:43:30.000000000,BEST_ASK,"JPM,100039,400"
2019-06-28 09:43:30.000000000,BEST_BID,"JPM,99951,156"
2019-06-28 09:43:30.000000000,BEST_ASK,"JPM,100039,400"
2019-06-28 09:43:30.000000000,BEST_BID,"JPM,99951,156"
2019-06-28 09:43:30.000000000,BEST_ASK,"JPM,100039,400"
2019-06-28 09:43:30.000000000,BEST_BID,"JPM,99951,156"
2019-06-28 09:43:30.000000000,BEST_ASK,"JPM,100039,400"
2019-06-28 09:43:30.000000000,BEST_BID,"JPM,99951,156"
2019-06-28 09:43:30.000000000,BEST_ASK,"JPM,100039,400"
2019-06-28 09:43:30.000000000,BEST_BID,"JPM,99951,156"
2019-06-28 09:43:30.000000000,BEST_ASK,"JPM,100039,456"
2019-06-28 09:43:30.000000000,BEST_BID,"JPM,99951,156"
2019-06-28 09:43:30.000000000,BEST_ASK,"JPM,100039,456"
2019-06-28 09:43:30.000000000,BEST_BID,"JPM,99951,156"
2019-06-28 09:43:30.000000000,BEST_ASK,"JPM,100039,456"
2019-06-28 09:43:30.000000000,BEST_BID,"JPM,99951,156"
2019-06-28 09:43:30.000000000,BEST_ASK,"JPM,100039,456"
2019-06-28 09:43:30.000000000,BEST_BID,"JPM,99951,156"
2019-06-28 09:43:30.000000000,BEST_ASK,"JPM,100039,456"
2019-06-28 09:43:31.458684782,QUERY_ORDER_STREAM,53
2019-06-28 09:43:31.458684782,QUERY_SPREAD,53
2019-06-28 09:43:31.458684782,BEST_BID,"JPM,99951,156"
2019-06-28 09:43:31.458684782,BEST_ASK,"JPM,100039,556"
2019-06-28 09:43:37.203175478,QUERY_SPREAD,14
2019-06-28 09:43:37.203175478,BEST_BID,"JPM,99951,56"
2019-06-28 09:43:37.203175478,BEST_ASK,"JPM,100039,556"
2019-06-28 09:43:37.203175478,LAST_TRADE,"100,$99951.0000"
2019-06-28 09:43:40.000000000,QUERY_SPREAD,1
2019-06-28 09:43:40.000000000,BEST_BID,"JPM,99920,170"
2019-06-28 09:43:40.000000000,BEST_ASK,"JPM,100039,500"
2019-06-28 09:43:40.000000000,BEST_BID,"JPM,99920,170"
2019-06-28 09:43:40.000000000,BEST_ASK,"JPM,100039,500"
2019-06-28 09:43:40.000000000,BEST_BID,"JPM,99920,170"
2019-06-28 09:43:40.000000000,BEST_ASK,"JPM,100039,500"
2019-06-28 09:43:40.000000000,BEST_BID,"JPM,99920,170"
2019-06-28 09:43:40.000000000,BEST_ASK,"JPM,100039,500"
2019-06-28 09:43:40.000000000,BEST_BID,"JPM,99920,170"
2019-06-28 09:43:40.000000000,BEST_ASK,"JPM,100039,570"
2019-06-28 09:43:40.000000000,BEST_BID,"JPM,99920,170"
2019-06-28 09:43:40.000000000,BEST_ASK,"JPM,100039,570"
2019-06-28 09:43:40.000000000,BEST_BID,"JPM,99920,170"
2019-06-28 09:43:40.000000000,BEST_ASK,"JPM,100039,570"
2019-06-28 09:43:40.000000000,BEST_BID,"JPM,99920,170"
2019-06-28 09:43:40.000000000,BEST_ASK,"JPM,100039,570"
2019-06-28 09:43:48.721143626,QUERY_SPREAD,11
2019-06-28 09:43:48.721143626,BEST_BID,"JPM,99920,70"
2019-06-28 09:43:48.721143626,BEST_ASK,"JPM,100039,570"
2019-06-28 09:43:48.721143626,LAST_TRADE,"100,$99920.0000"
2019-06-28 09:43:50.000000000,QUERY_SPREAD,1
2019-06-28 09:43:50.000000000,BEST_BID,"JPM,99899,195"
2019-06-28 09:43:50.000000000,BEST_ASK,"JPM,100039,500"
2019-06-28 09:43:50.000000000,BEST_BID,"JPM,99899,195"
2019-06-28 09:43:50.000000000,BEST_ASK,"JPM,100039,500"
2019-06-28 09:43:50.000000000,BEST_BID,"JPM,99899,195"
2019-06-28 09:43:50.000000000,BEST_ASK,"JPM,100039,500"
2019-06-28 09:43:50.000000000,BEST_BID,"JPM,99899,195"
2019-06-28 09:43:50.000000000,BEST_ASK,"JPM,100039,595"
2019-06-28 09:43:50.000000000,BEST_BID,"JPM,99899,195"
2019-06-28 09:43:50.000000000,BEST_ASK,"JPM,100039,595"
2019-06-28 09:43:50.000000000,BEST_BID,"JPM,99899,195"
2019-06-28 09:43:50.000000000,BEST_ASK,"JPM,100039,595"
2019-06-28 09:43:53.758884287,QUERY_ORDER_STREAM,57
2019-06-28 09:43:53.758884287,QUERY_SPREAD,57
2019-06-28 09:44:00.000000000,QUERY_SPREAD,1
2019-06-28 09:44:00.000000000,BEST_BID,"JPM,99899,380"
2019-06-28 09:44:00.000000000,BEST_ASK,"JPM,100039,500"
2019-06-28 09:44:00.000000000,BEST_BID,"JPM,99899,380"
2019-06-28 09:44:00.000000000,BEST_ASK,"JPM,100039,780"
2019-06-28 09:44:00.000000000,QUERY_SPREAD,77
2019-06-28 09:44:00.000000000,QUERY_SPREAD,78
2019-06-28 09:44:00.000000000,QUERY_SPREAD,79
2019-06-28 09:44:00.000000000,QUERY_SPREAD,80
2019-06-28 09:44:00.000000000,QUERY_SPREAD,81
2019-06-28 09:44:00.000000000,QUERY_SPREAD,82
2019-06-28 09:44:00.000000000,QUERY_SPREAD,83
2019-06-28 09:44:00.000000000,QUERY_SPREAD,84
2019-06-28 09:44:00.000000000,QUERY_SPREAD,85
2019-06-28 09:44:00.000000000,QUERY_SPREAD,86
2019-06-28 09:44:00.000000000,QUERY_SPREAD,87
2019-06-28 09:44:00.000000000,QUERY_SPREAD,88
2019-06-28 09:44:00.000000000,QUERY_SPREAD,89
2019-06-28 09:44:00.000000000,QUERY_SPREAD,90
2019-06-28 09:44:00.000000000,QUERY_SPREAD,91
2019-06-28 09:44:00.000000000,QUERY_SPREAD,92
2019-06-28 09:44:00.000000000,QUERY_SPREAD,93
2019-06-28 09:44:00.000000000,QUERY_SPREAD,94
2019-06-28 09:44:00.000000000,QUERY_SPREAD,95
2019-06-28 09:44:00.000000000,QUERY_SPREAD,96
2019-06-28 09:44:00.000000000,QUERY_SPREAD,97
2019-06-28 09:44:00.000000000,QUERY_SPREAD,98
2019-06-28 09:44:00.000000000,QUERY_SPREAD,99
2019-06-28 09:44:00.000000000,QUERY_SPREAD,100
2019-06-28 09:44:00.000000000,QUERY_SPREAD,101
2019-06-28 09:44:00.000000000,QUERY_ORDER_STREAM,101
2019-06-28 09:44:07.168498267,QUERY_SPREAD,8
2019-06-28 09:44:07.168498267,BEST_BID,"JPM,99899,280"
2019-06-28 09:44:07.168498267,BEST_ASK,"JPM,100039,780"
2019-06-28 09:44:07.168498267,LAST_TRADE,"100,$99899.0000"
2019-06-28 09:44:10.000000000,QUERY_SPREAD,1
2019-06-28 09:44:10.000000000,BEST_BID,"JPM,99886,156"
2019-06-28 09:44:10.000000000,BEST_ASK,"JPM,100039,500"
2019-06-28 09:44:10.000000000,BEST_BID,"JPM,99886,156"
2019-06-28 09:44:10.000000000,BEST_ASK,"JPM,100039,500"
2019-06-28 09:44:10.000000000,BEST_BID,"JPM,99886,156"
2019-06-28 09:44:10.000000000,BEST_ASK,"JPM,100039,500"
2019-06-28 09:44:10.000000000,BEST_BID,"JPM,99886,156"
2019-06-28 09:44:10.000000000,BEST_ASK,"JPM,100039,500"
2019-06-28 09:44:10.000000000,BEST_BID,"JPM,99886,156"
2019-06-28 09:44:10.000000000,BEST_ASK,"JPM,100039,500"
2019-06-28 09:44:10.000000000,BEST_BID,"JPM,99886,156"
2019-06-28 09:44:10.000000000,BEST_ASK,"JPM,100039,556"
2019-06-28 09:44:10.000000000,BEST_BID,"JPM,99886,156"
2019-06-28 09:44:10.000000000,BEST_ASK,"JPM,100039,556"
2019-06-28 09:44:10.000000000,BEST_BID,"JPM,99886,156"
2019-06-28 09:44:10.000000000,BEST_ASK,"JPM,100039,556"
2019-06-28 09:44:10.000000000,BEST_BID,"JPM,99886,156"
2019-06-28 09:44:10.000000000,BEST_ASK,"JPM,100039,556"
2019-06-28 09:44:10.000000000,BEST_BID,"JPM,99886,156"
2019-06-28 09:44:10.000000000,BEST_ASK,"JPM,100039,556"
2019-06-28 09:44:13.900140655,QUERY_SPREAD,7
2019-06-28 09:44:13.900140655,BEST_BID,"JPM,99886,156"
2019-06-28 09:44:13.900140655,BEST_ASK,"JPM,100039,556"
2019-06-28 09:44:20.000000000,QUERY_SPREAD,1
2019-06-28 09:44:20.000000000,BEST_BID,"JPM,99886,240"
2019-06-28 09:44:20.000000000,BEST_ASK,"JPM,100039,500"
2019-06-28 09:44:20.000000000,BEST_BID,"JPM,99886,240"
2019-06-28 09:44:20.000000000,BEST_ASK,"JPM,100039,500"
2019-06-28 09:44:20.000000000,BEST_BID,"JPM,99886,240"
2019-06-28 09:44:20.000000000,BEST_ASK,"JPM,100039,640"
2019-06-28 09:44:20.000000000,BEST_BID,"JPM,99886,240"
2019-06-28 09:44:20.000000000,BEST_ASK,"JPM,100039,640"
2019-06-28 09:44:30.000000000,QUERY_SPREAD,1
2019-06-28 09:44:30.000000000,BEST_BID,"JPM,99886,170"
2019-06-28 09:44:30.000000000,BEST_ASK,"JPM,100039,500"
2019-06-28 09:44:30.000000000,BEST_BID,"JPM,99886,170"
2019-06-28 09:44:30.000000000,BEST_ASK,"JPM,100039,500"
2019-06-28 09:44:30.000000000,BEST_BID,"JPM,99886,170"
2019-06-28 09:44:30.000000000,BEST_ASK,"JPM,100039,500"
2019-06-28 09:44:30.000000000,BEST_BID,"JPM,99886,170"
2019-06-28 09:44:30.000000000,BEST_ASK,"JPM,100039,500"
2019-06-28 09:44:30.000000000,BEST_BID,"JPM,99886,170"
2019-06-28 09:44:30.000000000,BEST_ASK,"JPM,100039,570"
2019-06-28 09:44:30.000000000,BEST_BID,"JPM,99886,170"
2019-06-28 09:44:30.000000000,BEST_ASK,"JPM,100039,570"
2019-06-28 09:44:30.000000000,BEST_BID,"JPM,99886,170"
2019-06-28 09:44:30.000000000,BEST_ASK,"JPM,100039,570"
2019-06-28 09:44:30.000000000,BEST_BID,"JPM,99886,170"
2019-06-28 09:44:30.000000000,BEST_ASK,"JPM,100039,570"
2019-06-28 09:44:40.000000000,QUERY_SPREAD,1
2019-06-28 09:44:40.000000000,BEST_BID,"JPM,99886,156"
2019-06-28 09:44:40.000000000,BEST_ASK,"JPM,100039,500"
2019-06-28 09:44:40.000000000,BEST_BID,"JPM,99886,156"
2019-06-28 09:44:40.000000000,BEST_ASK,"JPM,100039,500"
2019-06-28 09:44:40.000000000,BEST_BID,"JPM,99886,156"
2019-06-28 09:44:40.000000000,BEST_ASK,"JPM,100039,500"
2019-06-28 09:44:40.000000000,BEST_BID,"JPM,99886,156"
2019-06-28 09:44:40.000000000,BEST_ASK,"JPM,100039,500"
2019-06-28 09:44:40.000000000,BEST_BID,"JPM,99886,156"
2019-06-28 09:44:40.000000000,BEST_ASK,"JPM,100039,500"
2019-06-28 09:44:40.000000000,BEST_BID,"JPM,99886,156"
2019-06-28 09:44:40.000000000,BEST_ASK,"JPM,100039,556"
2019-06-28 09:44:40.000000000,BEST_BID,"JPM,99886,156"
2019-06-28 09:44:40.000000000,BEST_ASK,"JPM,100039,556"
2019-06-28 09:44:40.000000000,BEST_BID,"JPM,99886,156"
2019-06-28 09:44:40.000000000,BEST_ASK,"JPM,100039,556"
2019-06-28 09:44:40.000000000,BEST_BID,"JPM,99886,156"
2019-06-28 09:44:40.000000000,BEST_ASK,"JPM,100039,556"
2019-06-28 09:44:40.000000000,BEST_BID,"JPM,99886,156"
2019-06-28 09:44:40.000000000,BEST_ASK,"JPM,100039,556"
2019-06-28 09:44:50.000000000,QUERY_SPREAD,1
2019-06-28 09:44:50.000000000,BEST_BID,"JPM,99886,380"
2019-06-28 09:44:50.000000000,BEST_ASK,"JPM,100039,500"
2019-06-28 09:44:50.000000000,BEST_BID,"JPM,99886,380"
2019-06-28 09:44:50.000000000,BEST_ASK,"JPM,100039,780"
2019-06-28 09:44:52.501895733,QUERY_SPREAD,22
2019-06-28 09:44:52.501895733,BEST_BID,"JPM,99886,180"
2019-06-28 09:44:52.501895733,BEST_ASK,"JPM,100039,780"
2019-06-28 09:44:52.501895733,LAST_TRADE,"100,$99886.0000"
2019-06-28 09:45:00.000000000,QUERY_SPREAD,1
2019-06-28 09:45:00.000000000,BEST_BID,"JPM,99870,170"
2019-06-28 09:45:00.000000000,BEST_ASK,"JPM,100039,500"
2019-06-28 09:45:00.000000000,BEST_BID,"JPM,99870,170"
2019-06-28 09:45:00.000000000,BEST_ASK,"JPM,100039,500"
2019-06-28 09:45:00.000000000,BEST_BID,"JPM,99870,170"
2019-06-28 09:45:00.000000000,BEST_ASK,"JPM,100039,500"
2019-06-28 09:45:00.000000000,BEST_BID,"JPM,99870,170"
2019-06-28 09:45:00.000000000,BEST_ASK,"JPM,100039,500"
2019-06-28 09:45:00.000000000,BEST_BID,"JPM,99870,170"
2019-06-28 09:45:00.000000000,BEST_ASK,"JPM,100039,570"
2019-06-28 09:45:00.000000000,BEST_BID,"JPM,99870,170"
2019-06-28 09:45:00.000000000,BEST_ASK,"JPM,100039,570"
2019-06-28 09:45:00.000000000,BEST_BID,"JPM,99870,170"
2019-06-28 09:45:00.000000000,BEST_ASK,"JPM,100039,570"
2019-06-28 09:45:00.000000000,BEST_BID,"JPM,99870,170"
2019-06-28 09:45:00.000000000,BEST_ASK,"JPM,100039,570"
2019-06-28 09:45:00.000000000,QUERY_SPREAD,77
2019-06-28 09:45:00.000000000,QUERY_SPREAD,78
2019-06-28 09:45:00.000000000,QUERY_SPREAD,79
2019-06-28 09:45:00.000000000,QUERY_SPREAD,80
2019-06-28 09:45:00.000000000,QUERY_SPREAD,81
2019-06-28 09:45:00.000000000,QUERY_SPREAD,82
2019-06-28 09:45:00.000000000,QUERY_SPREAD,83
2019-06-28 09:45:00.000000000,QUERY_SPREAD,84
2019-06-28 09:45:00.000000000,QUERY_SPREAD,85
2019-06-28 09:45:00.000000000,QUERY_SPREAD,86
2019-06-28 09:45:00.000000000,QUERY_SPREAD,87
2019-06-28 09:45:00.000000000,QUERY_SPREAD,88
2019-06-28 09:45:00.000000000,QUERY_SPREAD,89
2019-06-28 09:45:00.000000000,QUERY_SPREAD,90
2019-06-28 09:45:00.000000000,QUERY_SPREAD,91
2019-06-28 09:45:00.000000000,QUERY_SPREAD,92
2019-06-28 09:45:00.000000000,QUERY_SPREAD,93
2019-06-28 09:45:00.000000000,QUERY_SPREAD,94
2019-06-28 09:45:00.000000000,QUERY_SPREAD,95
2019-06-28 09:45:00.000000000,QUERY_SPREAD,96
2019-06-28 09:45:00.000000000,QUERY_SPREAD,97
2019-06-28 09:45:00.000000000,QUERY_SPREAD,98
2019-06-28 09:45:00.000000000,QUERY_SPREAD,99
2019-06-28 09:45:00.000000000,QUERY_SPREAD,100
2019-06-28 09:45:00.000000000,QUERY_SPREAD,101
2019-06-28 09:45:00.000000000,QUERY_ORDER_STREAM,101
2019-06-28 09:45:01.158311636,QUERY_SPREAD,41
2019-06-28 09:45:01.158311636,BEST_BID,"JPM,99870,70"
2019-06-28 09:45:01.158311636,BEST_ASK,"JPM,100039,570"
2019-06-28 09:45:01.158311636,LAST_TRADE,"100,$99870.0000"
2019-06-28 09:45:04.740080788,QUERY_SPREAD,9
2019-06-28 09:45:04.740080788,BEST_BID,"JPM,99870,70"
2019-06-28 09:45:04.740080788,BEST_ASK,"JPM,100039,570"
2019-06-28 09:45:06.921727603,QUERY_ORDER_STREAM,72
2019-06-28 09:45:06.921727603,QUERY_SPREAD,72
2019-06-28 09:45:06.921727603,BEST_BID,"JPM,99870,70"
2019-06-28 09:45:06.921727603,BEST_ASK,"JPM,99886,100"
2019-06-28 09:45:10.000000000,QUERY_SPREAD,1
2019-06-28 09:45:10.000000000,BEST_BID,"JPM,99855,170"
2019-06-28 09:45:10.000000000,BEST_ASK,"JPM,99886,100"
2019-06-28 09:45:10.000000000,BEST_BID,"JPM,99855,170"
2019-06-28 09:45:10.000000000,BEST_ASK,"JPM,99886,100"
2019-06-28 09:45:10.000000000,BEST_BID,"JPM,99855,170"
2019-06-28 09:45:10.000000000,BEST_ASK,"JPM,99886,100"
2019-06-28 09:45:10.000000000,BEST_BID,"JPM,99855,170"
2019-06-28 09:45:10.000000000,BEST_ASK,"JPM,99886,100"
2019-06-28 09:45:10.000000000,BEST_BID,"JPM,99855,170"
2019-06-28 09:45:10.000000000,BEST_ASK,"JPM,99886,170"
2019-06-28 09:45:10.000000000,BEST_BID,"JPM,99855,170"
2019-06-28 09:45:10.000000000,BEST_ASK,"JPM,99886,170"
2019-06-28 09:45:10.000000000,BEST_BID,"JPM,99855,170"
2019-06-28 09:45:10.000000000,BEST_ASK,"JPM,99886,170"
2019-06-28 09:45:10.000000000,BEST_BID,"JPM,99855,170"
2019-06-28 09:45:10.000000000,BEST_ASK,"JPM,99886,170"
2019-06-28 09:45:18.220660139,QUERY_SPREAD,14
2019-06-28 09:45:18.220660139,BEST_BID,"JPM,99855,170"
2019-06-28 09:45:18.220660139,BEST_ASK,"JPM,99886,170"
2019-06-28 09:45:20.000000000,QUERY_SPREAD,1
2019-06-28 09:45:20.000000000,BEST_BID,"JPM,99855,195"
2019-06-28 09:45:20.000000000,BEST_ASK,"JPM,99886,100"
2019-06-28 09:45:20.000000000,BEST_BID,"JPM,99855,195"
2019-06-28 09:45:20.000000000,BEST_ASK,"JPM,99886,100"
2019-06-28 09:45:20.000000000,BEST_BID,"JPM,99855,195"
2019-06-28 09:45:20.000000000,BEST_ASK,"JPM,99886,100"
2019-06-28 09:45:20.000000000,BEST_BID,"JPM,99855,195"
2019-06-28 09:45:20.000000000,BEST_ASK,"JPM,99886,195"
2019-06-28 09:45:20.000000000,BEST_BID,"JPM,99855,195"
2019-06-28 09:45:20.000000000,BEST_ASK,"JPM,99886,195"
2019-06-28 09:45:20.000000000,BEST_BID,"JPM,99855,195"
2019-06-28 09:45:20.000000000,BEST_ASK,"JPM,99886,195"
2019-06-28 09:45:24.802697445,QUERY_SPREAD,3
2019-06-28 09:45:24.802697445,BEST_BID,"JPM,99855,195"
2019-06-28 09:45:24.802697445,BEST_ASK,"JPM,99886,195"
2019-06-28 09:45:30.000000000,QUERY_SPREAD,1
2019-06-28 09:45:30.000000000,BEST_BID,"JPM,99855,170"
2019-06-28 09:45:30.000000000,BEST_ASK,"JPM,99886,100"
2019-06-28 09:45:30.000000000,BEST_BID,"JPM,99855,170"
2019-06-28 09:45:30.000000000,BEST_ASK,"JPM,99886,100"
2019-06-28 09:45:30.000000000,BEST_BID,"JPM,99855,170"
2019-06-28 09:45:30.000000000,BEST_ASK,"JPM,99886,100"
2019-06-28 09:45:30.000000000,BEST_BID,"JPM,99855,170"
2019-06-28 09:45:30.000000000,BEST_ASK,"JPM,99886,100"
2019-06-28 09:45:30.000000000,BEST_BID,"JPM,99855,170"
2019-06-28 09:45:30.000000000,BEST_ASK,"JPM,99886,170"
2019-06-28 09:45:30.000000000,BEST_BID,"JPM,99855,170"
2019-06-28 09:45:30.000000000,BEST_ASK,"JPM,99886,170"
2019-06-28 09:45:30.000000000,BEST_BID,"JPM,99855,170"
2019-06-28 09:45:30.000000000,BEST_ASK,"JPM,99886,170"
2019-06-28 09:45:30.000000000,BEST_BID,"JPM,99855,170"
2019-06-28 09:45:30.000000000,BEST_ASK,"JPM,99886,170"
2019-06-28 09:45:40.000000000,QUERY_SPREAD,1
2019-06-28 09:45:40.000000000,BEST_BID,"JPM,99855,240"
2019-06-28 09:45:40.000000000,BEST_ASK,"JPM,99886,100"
2019-06-28 09:45:40.000000000,BEST_BID,"JPM,99855,240"
2019-06-28 09:45:40.000000000,BEST_ASK,"JPM,99886,100"
2019-06-28 09:45:40.000000000,BEST_BID,"JPM,99855,240"
2019-06-28 09:45:40.000000000,BEST_ASK,"JPM,99886,240"
2019-06-28 09:45:40.000000000,BEST_BID,"JPM,99855,240"
2019-06-28 09:45:40.000000000,BEST_ASK,"JPM,99886,240"
2019-06-28 09:45:50.000000000,QUERY_SPREAD,1
2019-06-28 09:45:50.000000000,BEST_BID,"JPM,99855,240"
2019-06-28 09:45:50.000000000,BEST_ASK,"JPM,99886,100"
2019-06-28 09:45:50.000000000,BEST_BID,"JPM,99855,240"
2019-06-28 09:45:50.000000000,BEST_ASK,"JPM,99886,100"
2019-06-28 09:45:50.000000000,BEST_BID,"JPM,99855,240"
2019-06-28 09:45:50.000000000,BEST_ASK,"JPM,99886,240"
2019-06-28 09:45:50.000000000,BEST_BID,"JPM,99855,240"
2019-06-28 09:45:50.000000000,BEST_ASK,"JPM,99886,240"
2019-06-28 09:45:52.699100727,QUERY_SPREAD,46
2019-06-28 09:45:52.699100727,BEST_BID,"JPM,99855,240"
2019-06-28 09:45:52.699100727,BEST_ASK,"JPM,99886,240"
2019-06-28 09:46:00.000000000,QUERY_SPREAD,1
2019-06-28 09:46:00.000000000,BEST_BID,"JPM,99855,170"
2019-06-28 09:46:00.000000000,BEST_ASK,"JPM,99886,100"
2019-06-28 09:46:00.000000000,BEST_BID,"JPM,99855,170"
2019-06-28 09:46:00.000000000,BEST_ASK,"JPM,99886,100"
2019-06-28 09:46:00.000000000,BEST_BID,"JPM,99855,170"
2019-06-28 09:46:00.000000000,BEST_ASK,"JPM,99886,100"
2019-06-28 09:46:00.000000000,BEST_BID,"JPM,99855,170"
2019-06-28 09:46:00.000000000,BEST_ASK,"JPM,99886,100"
2019-06-28 09:46:00.000000000,BEST_BID,"JPM,99855,170"
2019-06-28 09:46:00.000000000,BEST_ASK,"JPM,99886,170"
2019-06-28 09:46:00.000000000,BEST_BID,"JPM,99855,170"
2019-06-28 09:46:00.000000000,BEST_ASK,"JPM,99886,170"
2019-06-28 09:46:00.000000000,BEST_BID,"JPM,99855,170"
2019-06-28 09:46:00.000000000,BEST_ASK,"JPM,99886,170"
2019-06-28 09:46:00.000000000,BEST_BID,"JPM,99855,170"
2019-06-28 09:46:00.000000000,BEST_ASK,"JPM,99886,170"
2019-06-28 09:46:00.000000000,QUERY_SPREAD,77
2019-06-28 09:46:00.000000000,QUERY_SPREAD,78
2019-06-28 09:46:00.000000000,QUERY_SPREAD,79
2019-06-28 09:46:00.000000000,QUERY_SPREAD,80
2019-06-28 09:46:00.000000000,QUERY_SPREAD,81
2019-06-28 09:46:00.000000000,QUERY_SPREAD,82
2019-06-28 09:46:00.000000000,QUERY_SPREAD,83
2019-06-28 09:46:00.000000000,QUERY_SPREAD,84
2019-06-28 09:46:00.000000000,QUERY_SPREAD,85
2019-06-28 09:46:00.000000000,QUERY_SPREAD,86
2019-06-28 09:46:00.000000000,QUERY_SPREAD,87
2019-06-28 09:46:00.000000000,QUERY_SPREAD,88
2019-06-28 09:46:00.000000000,QUERY_SPREAD,89
2019-06-28 09:46:00.000000000,QUERY_SPREAD,90
2019-06-28 09:46:00.000000000,QUERY_SPREAD,91
2019-06-28 09:46:00.000000000,QUERY_SPREAD,92
2019-06-28 09:46:00.000000000,QUERY_SPREAD,93
2019-06-28 09:46:00.000000000,QUERY_SPREAD,94
2019-06-28 09:46:00.000000000,QUERY_SPREAD,95
2019-06-28 09:46:00.000000000,QUERY_SPREAD,96
2019-06-28 09:46:00.000000000,QUERY_SPREAD,97
2019-06-28 09:46:00.000000000,QUERY_SPREAD,98
2019-06-28 09:46:00.000000000,QUERY_SPREAD,99
2019-06-28 09:46:00.000000000,QUERY_SPREAD,100
2019-06-28 09:46:00.000000000,QUERY_SPREAD,101
2019-06-28 09:46:00.000000000,QUERY_ORDER_STREAM,101
2019-06-28 09:46:10.000000000,QUERY_SPREAD,1
2019-06-28 09:46:10.000000000,BEST_BID,"JPM,99855,195"
2019-06-28 09:46:10.000000000,BEST_ASK,"JPM,99886,100"
2019-06-28 09:46:10.000000000,BEST_BID,"JPM,99855,195"
2019-06-28 09:46:10.000000000,BEST_ASK,"JPM,99886,100"
2019-06-28 09:46:10.000000000,BEST_BID,"JPM,99855,195"
2019-06-28 09:46:10.000000000,BEST_ASK,"JPM,99886,100"
2019-06-28 09:46:10.000000000,BEST_BID,"JPM,99855,195"
2019-06-28 09:46:10.000000000,BEST_ASK,"JPM,99886,195"
2019-06-28 09:46:10.000000000,BEST_BID,"JPM,99855,195"
2019-06-28 09:46:10.000000000,BEST_ASK,"JPM,99886,195"
2019-06-28 09:46:10.000000000,BEST_BID,"JPM,99855,195"
2019-06-28 09:46:10.000000000,BEST_ASK,"JPM,99886,195"
2019-06-28 09:46:20.000000000,QUERY_SPREAD,1
2019-06-28 09:46:20.000000000,BEST_BID,"JPM,99855,195"
2019-06-28 09:46:20.000000000,BEST_ASK,"JPM,99886,100"
2019-06-28 09:46:20.000000000,BEST_BID,"JPM,99855,195"
2019-06-28 09:46:20.000000000,BEST_ASK,"JPM,99886,100"
2019-06-28 09:46:20.000000000,BEST_BID,"JPM,99855,195"
2019-06-28 09:46:20.000000000,BEST_ASK,"JPM,99886,100"
2019-06-28 09:46:20.000000000,BEST_BID,"JPM,99855,195"
2019-06-28 09:46:20.000000000,BEST_ASK,"JPM,99886,195"
2019-06-28 09:46:20.000000000,BEST_BID,"JPM,99855,195"
2019-06-28 09:46:20.000000000,BEST_ASK,"JPM,99886,195"
2019-06-28 09:46:20.000000000,BEST_BID,"JPM,99855,195"
2019-06-28 09:46:20.000000000,BEST_ASK,"JPM,99886,195"
2019-06-28 09:46:30.000000000,QUERY_SPREAD,1
2019-06-28 09:46:30.000000000,BEST_BID,"JPM,99855,195"
2019-06-28 09:46:30.000000000,BEST_ASK,"JPM,99886,100"
2019-06-28 09:46:30.000000000,BEST_BID,"JPM,99855,195"
2019-06-28 09:46:30.000000000,BEST_ASK,"JPM,99886,100"
2019-06-28 09:46:30.000000000,BEST_BID,"JPM,99855,195"
2019-06-28 09:46:30.000000000,BEST_ASK,"JPM,99886,100"
2019-06-28 09:46:30.000000000,BEST_BID,"JPM,99855,195"
2019-06-28 09:46:30.000000000,BEST_ASK,"JPM,99886,195"
2019-06-28 09:46:30.000000000,BEST_BID,"JPM,99855,195"
2019-06-28 09:46:30.000000000,BEST_ASK,"JPM,99886,195"
2019-06-28 09:46:30.000000000,BEST_BID,"JPM,99855,195"
2019-06-28 09:46:30.000000000,BEST_ASK,"JPM,99886,195"
2019-06-28 09:46:40.000000000,QUERY_SPREAD,1
2019-06-28 09:46:40.000000000,BEST_BID,"JPM,99855,195"
2019-06-28 09:46:40.000000000,BEST_ASK,"JPM,99886,100"
2019-06-28 09:46:40.000000000,BEST_BID,"JPM,99855,195"
2019-06-28 09:46:40.000000000,BEST_ASK,"JPM,99886,100"
2019-06-28 09:46:40.000000000,BEST_BID,"JPM,99855,195"
2019-06-28 09:46:40.000000000,BEST_ASK,"JPM,99886,100"
2019-06-28 09:46:40.000000000,BEST_BID,"JPM,99855,195"
2019-06-28 09:46:40.000000000,BEST_ASK,"JPM,99886,195"
2019-06-28 09:46:40.000000000,BEST_BID,"JPM,99855,195"
2019-06-28 09:46:40.000000000,BEST_ASK,"JPM,99886,195"
2019-06-28 09:46:40.000000000,BEST_BID,"JPM,99855,195"
2019-06-28 09:46:40.000000000,BEST_ASK,"JPM,99886,195"
2019-06-28 09:46:50.000000000,QUERY_SPREAD,1
2019-06-28 09:46:50.000000000,BEST_BID,"JPM,99855,380"
2019-06-28 09:46:50.000000000,BEST_ASK,"JPM,99886,100"
2019-06-28 09:46:50.000000000,BEST_BID,"JPM,99855,380"
2019-06-28 09:46:50.000000000,BEST_ASK,"JPM,99886,380"
2019-06-28 09:47:00.000000000,QUERY_SPREAD,1
2019-06-28 09:47:00.000000000,BEST_BID,"JPM,99855,195"
2019-06-28 09:47:00.000000000,BEST_ASK,"JPM,99886,100"
2019-06-28 09:47:00.000000000,BEST_BID,"JPM,99855,195"
2019-06-28 09:47:00.000000000,BEST_ASK,"JPM,99886,100"
2019-06-28 09:47:00.000000000,BEST_BID,"JPM,99855,195"
2019-06-28 09:47:00.000000000,BEST_ASK,"JPM,99886,100"
2019-06-28 09:47:00.000000000,BEST_BID,"JPM,99855,195"
2019-06-28 09:47:00.000000000,BEST_ASK,"JPM,99886,195"
2019-06-28 09:47:00.000000000,BEST_BID,"JPM,99855,195"
2019-06-28 09:47:00.000000000,BEST_ASK,"JPM,99886,195"
2019-06-28 09:47:00.000000000,BEST_BID,"JPM,99855,195"
2019-06-28 09:47:00.000000000,BEST_ASK,"JPM,99886,195"
2019-06-28 09:47:00.000000000,QUERY_SPREAD,77
2019-06-28 09:47:00.000000000,QUERY_SPREAD,78
2019-06-28 09:47:00.000000000,QUERY_SPREAD,79
2019-06-28 09:47:00.000000000,QUERY_SPREAD,80
2019-06-28 09:47:00.000000000,QUERY_SPREAD,81
2019-06-28 09:47:00.000000000,QUERY_SPREAD,82
2019-06-28 09:47:00.000000000,QUERY_SPREAD,83
2019-06-28 09:47:00.000000000,QUERY_SPREAD,84
2019-06-28 09:47:00.000000000,QUERY_SPREAD,85
2019-06-28 09:47:00.000000000,QUERY_SPREAD,86
2019-06-28 09:47:00.000000000,QUERY_SPREAD,87
2019-06-28 09:47:00.000000000,QUERY_SPREAD,88
2019-06-28 09:47:00.000000000,QUERY_SPREAD,89
2019-06-28 09:47:00.000000000,QUERY_SPREAD,90
2019-06-28 09:47:00.000000000,QUERY_SPREAD,91
2019-06-28 09:47:00.000000000,QUERY_SPREAD,92
2019-06-28 09:47:00.000000000,QUERY_SPREAD,93
2019-06-28 09:47:00.000000000,QUERY_SPREAD,94
2019-06-28 09:47:00.000000000,QUERY_SPREAD,95
2019-06-28 09:47:00.000000000,QUERY_SPREAD,96
2019-06-28 09:47:00.000000000,QUERY_SPREAD,97
2019-06-28 09:47:00.000000000,QUERY_SPREAD,98
2019-06-28 09:47:00.000000000,QUERY_SPREAD,99
2019-06-28 09:47:00.000000000,QUERY_SPREAD,100
2019-06-28 09:47:00.000000000,QUERY_SPREAD,101
2019-06-28 09:47:00.000000000,QUERY_ORDER_STREAM,101
2019-06-28 09:47:10.000000000,QUERY_SPREAD,1
2019-06-28 09:47:10.000000000,BEST_BID,"JPM,99855,156"
2019-06-28 09:47:10.000000000,BEST_ASK,"JPM,99886,100"
2019-06-28 09:47:10.000000000,BEST_BID,"JPM,99855,156"
2019-06-28 09:47:10.000000000,BEST_ASK,"JPM,99886,100"
2019-06-28 09:47:10.000000000,BEST_BID,"JPM,99855,156"
2019-06-28 09:47:10.000000000,BEST_ASK,"JPM,99886,100"
2019-06-28 09:47:10.000000000,BEST_BID,"JPM,99855,156"
2019-06-28 09:47:10.000000000,BEST_ASK,"JPM,99886,100"
2019-06-28 09:47:10.000000000,BEST_BID,"JPM,99855,156"
2019-06-28 09:47:10.000000000,BEST_ASK,"JPM,99886,100"
2019-06-28 09:47:10.000000000,BEST_BID,"JPM,99855,156"
2019-06-28 09:47:10.000000000,BEST_ASK,"JPM,99886,156"
2019-06-28 09:47:10.000000000,BEST_BID,"JPM,99855,156"
2019-06-28 09:47:10.000000000,BEST_ASK,"JPM,99886,156"
2019-06-28 09:47:10.000000000,BEST_BID,"JPM,99855,156"
2019-06-28 09:47:10.000000000,BEST_ASK,"JPM,99886,156"
2019-06-28 09:47:10.000000000,BEST_BID,"JPM,99855,156"
2019-06-28 09:47:10.000000000,BEST_ASK,"JPM,99886,156"
2019-06-28 09:47:10.000000000,BEST_BID,"JPM,99855,156"
2019-06-28 09:47:10.000000000,BEST_ASK,"JPM,99886,156"
2019-06-28 09:47:12.123944894,QUERY_ORDER_STREAM,66
2019-06-28 09:47:12.123944894,QUERY_SPREAD,66
2019-06-28 09:47:20.000000000,QUERY_SPREAD,1
2019-06-28 09:47:20.000000000,BEST_BID,"JPM,99855,240"
2019-06-28 09:47:20.000000000,BEST_ASK,"JPM,99886,100"
2019-06-28 09:47:20.000000000,BEST_BID,"JPM,99855,240"
2019-06-28 09:47:20.000000000,BEST_ASK,"JPM,99886,100"
2019-06-28 09:47:20.000000000,BEST_BID,"JPM,99855,240"
2019-06-28 09:47:20.000000000,BEST_ASK,"JPM,99886,240"
2019-06-28 09:47:20.000000000,BEST_BID,"JPM,99855,240"
2019-06-28 09:47:20.000000000,BEST_ASK,"JPM,99886,240"
2019-06-28 09:47:30.000000000,QUERY_SPREAD,1
2019-06-28 09:47:30.000000000,BEST_BID,"JPM,99855,195"
2019-06-28 09:47:30.000000000,BEST_ASK,"JPM,99886,100"
2019-06-28 09:47:30.000000000,BEST_BID,"JPM,99855,195"
2019-06-28 09:47:30.000000000,BEST_ASK,"JPM,99886,100"
2019-06-28 09:47:30.000000000,BEST_BID,"JPM,99855,195"
2019-06-28 09:47:30.000000000,BEST_ASK,"JPM,99886,100"
2019-06-28 09:47:30.000000000,BEST_BID,"JPM,99855,195"
2019-06-28 09:47:30.000000000,BEST_ASK,"JPM,99886,195"
2019-06-28 09:47:30.000000000,BEST_BID,"JPM,99855,195"
2019-06-28 09:47:30.000000000,BEST_ASK,"JPM,99886,195"
2019-06-28 09:47:30.000000000,BEST_BID,"JPM,99855,195"
2019-06-28 09:47:30.000000000,BEST_ASK,"JPM,99886,195"
2019-06-28 09:47:40.000000000,QUERY_SPREAD,1
2019-06-28 09:47:40.000000000,BEST_BID,"JPM,99855,170"
2019-06-28 09:47:40.000000000,BEST_ASK,"JPM,99886,100"
2019-06-28 09:47:40.000000000,BEST_BID,"JPM,99855,170"
2019-06-28 09:47:40.000000000,BEST_ASK,"JPM,99886,100"
2019-06-28 09:47:40.000000000,BEST_BID,"JPM,99855,170"
2019-06-28 09:47:40.000000000,BEST_ASK,"JPM,99886,100"
2019-06-28 09:47:40.000000000,BEST_BID,"JPM,99855,170"
2019-06-28 09:47:40.000000000,BEST_ASK,"JPM,99886,100"
2019-06-28 09:47:40.000000000,BEST_BID,"JPM,99855,170"
2019-06-28 09:47:40.000000000,BEST_ASK,"JPM,99886,170"
2019-06-28 09:47:40.000000000,BEST_BID,"JPM,99855,170"
2019-06-28 09:47:40.000000000,BEST_ASK,"JPM,99886,170"
2019-06-28 09:47:40.000000000,BEST_BID,"JPM,99855,170"
2019-06-28 09:47:40.000000000,BEST_ASK,"JPM,99886,170"
2019-06-28 09:47:40.000000000,BEST_BID,"JPM,99855,170"
2019-06-28 09:47:40.000000000,BEST_ASK,"JPM,99886,170"
2019-06-28 09:47:50.000000000,QUERY_SPREAD,1
2019-06-28 09:47:50.000000000,BEST_BID,"JPM,99855,195"
2019-06-28 09:47:50.000000000,BEST_ASK,"JPM,99886,100"
2019-06-28 09:47:50.000000000,BEST_BID,"JPM,99855,195"
2019-06-28 09:47:50.000000000,BEST_ASK,"JPM,99886,100"
2019-06-28 09:47:50.000000000,BEST_BID,"JPM,99855,195"
2019-06-28 09:47:50.000000000,BEST_ASK,"JPM,99886,100"
2019-06-28 09:47:50.000000000,BEST_BID,"JPM,99855,195"
2019-06-28 09:47:50.000000000,BEST_ASK,"JPM,99886,195"
2019-06-28 09:47:50.000000000,BEST_BID,"JPM,99855,195"
2019-06-28 09:47:50.000000000,BEST_ASK,"JPM,99886,195"
2019-06-28 09:47:50.000000000,BEST_BID,"JPM,99855,195"
2019-06-28 09:47:50.000000000,BEST_ASK,"JPM,99886,195"
2019-06-28 09:48:00.000000000,QUERY_SPREAD,1
2019-06-28 09:48:00.000000000,BEST_BID,"JPM,99855,240"
2019-06-28 09:48:00.000000000,BEST_ASK,"JPM,99886,100"
2019-06-28 09:48:00.000000000,BEST_BID,"JPM,99855,240"
2019-06-28 09:48:00.000000000,BEST_ASK,"JPM,99886,100"
2019-06-28 09:48:00.000000000,BEST_BID,"JPM,99855,240"
2019-06-28 09:48:00.000000000,BEST_ASK,"JPM,99886,240"
2019-06-28 09:48:00.000000000,BEST_BID,"JPM,99855,240"
2019-06-28 09:48:00.000000000,BEST_ASK,"JPM,99886,240"
2019-06-28 09:48:00.000000000,QUERY_SPREAD,77
2019-06-28 09:48:00.000000000,QUERY_SPREAD,78
2019-06-28 09:48:00.000000000,QUERY_SPREAD,79
2019-06-28 09:48:00.000000000,QUERY_SPREAD,80
2019-06-28 09:48:00.000000000,QUERY_SPREAD,81
2019-06-28 09:48:00.000000000,QUERY_SPREAD,82
2019-06-28 09:48:00.000000000,QUERY_SPREAD,83
2019-06-28 09:48:00.000000000,QUERY_SPREAD,84
2019-06-28 09:48:00.000000000,QUERY_SPREAD,85
2019-06-28 09:48:00.000000000,QUERY_SPREAD,86
2019-06-28 09:48:00.000000000,QUERY_SPREAD,87
2019-06-28 09:48:00.000000000,QUERY_SPREAD,88
2019-06-28 09:48:00.000000000,QUERY_SPREAD,89
2019-06-28 09:48:00.000000000,QUERY_SPREAD,90
2019-06-28 09:48:00.000000000,QUERY_SPREAD,91
2019-06-28 09:48:00.000000000,QUERY_SPREAD,92
2019-06-28 09:48:00.000000000,QUERY_SPREAD,93
2019-06-28 09:48:00.000000000,QUERY_SPREAD,94
2019-06-28 09:48:00.000000000,QUERY_SPREAD,95
2019-06-28 09:48:00.000000000,QUERY_SPREAD,96
2019-06-28 09:48:00.000000000,QUERY_SPREAD,97
2019-06-28 09:48:00.000000000,QUERY_SPREAD,98
2019-06-28 09:48:00.000000000,QUERY_SPREAD,99
2019-06-28 09:48:00.000000000,QUERY_SPREAD,100
2019-06-28 09:48:00.000000000,QUERY_SPREAD,101
2019-06-28 09:48:00.000000000,QUERY_ORDER_STREAM,101
2019-06-28 09:48:07.320075346,QUERY_SPREAD,36
2019-06-28 09:48:07.320075346,BEST_BID,"JPM,99855,140"
2019-06-28 09:48:07.320075346,BEST_ASK,"JPM,99886,240"
2019-06-28 09:48:07.320075346,LAST_TRADE,"100,$99855.0000"
2019-06-28 09:48:10.000000000,QUERY_SPREAD,1
2019-06-28 09:48:10.000000000,BEST_BID,"JPM,99830,170"
2019-06-28 09:48:10.000000000,BEST_ASK,"JPM,99886,100"
2019-06-28 09:48:10.000000000,BEST_BID,"JPM,99830,170"
2019-06-28 09:48:10.000000000,BEST_ASK,"JPM,99886,100"
2019-06-28 09:48:10.000000000,BEST_BID,"JPM,99830,170"
2019-06-28 09:48:10.000000000,BEST_ASK,"JPM,99886,100"
2019-06-28 09:48:10.000000000,BEST_BID,"JPM,99830,170"
2019-06-28 09:48:10.000000000,BEST_ASK,"JPM,99886,100"
2019-06-28 09:48:10.000000000,BEST_BID,"JPM,99830,170"
2019-06-28 09:48:10.000000000,BEST_ASK,"JPM,99886,170"
2019-06-28 09:48:10.000000000,BEST_BID,"JPM,99830,170"
2019-06-28 09:48:10.000000000,BEST_ASK,"JPM,99886,170"
2019-06-28 09:48:10.000000000,BEST_BID,"JPM,99830,170"
2019-06-28 09:48:10.000000000,BEST_ASK,"JPM,99886,170"
2019-06-28 09:48:10.000000000,BEST_BID,"JPM,99830,170"
2019-06-28 09:48:10.000000000,BEST_ASK,"JPM,99886,170"
2019-06-28 09:48:17.810318932,QUERY_SPREAD,30
2019-06-28 09:48:17.810318932,BEST_BID,"JPM,99830,170"
2019-06-28 09:48:17.810318932,BEST_ASK,"JPM,99886,170"
2019-06-28 09:48:20.000000000,QUERY_SPREAD,1
2019-06-28 09:48:20.000000000,BEST_BID,"JPM,99830,170"
2019-06-28 09:48:20.000000000,BEST_ASK,"JPM,99886,100"
2019-06-28 09:48:20.000000000,BEST_BID,"JPM,99830,170"
2019-06-28 09:48:20.000000000,BEST_ASK,"JPM,99886,100"
2019-06-28 09:48:20.000000000,BEST_BID,"JPM,99830,170"
2019-06-28 09:48:20.000000000,BEST_ASK,"JPM,99886,100"
2019-06-28 09:48:20.000000000,BEST_BID,"JPM,99830,170"
2019-06-28 09:48:20.000000000,BEST_ASK,"JPM,99886,100"
2019-06-28 09:48:20.000000000,BEST_BID,"JPM,99830,170"
2019-06-28 09:48:20.000000000,BEST_ASK,"JPM,99886,170"
2019-06-28 09:48:20.000000000,BEST_BID,"JPM,99830,170"
2019-06-28 09:48:20.000000000,BEST_ASK,"JPM,99886,170"
2019-06-28 09:48:20.000000000,BEST_BID,"JPM,99830,170"
2019-06-28 09:48:20.000000000,BEST_ASK,"JPM,99886,170"
2019-06-28 09:48:20.000000000,BEST_BID,"JPM,99830,170"
2019-06-28 09:48:20.000000000,BEST_ASK,"JPM,99886,170"
2019-06-28 09:48:30.000000000,QUERY_SPREAD,1
2019-06-28 09:48:30.000000000,BEST_BID,"JPM,99830,156"
2019-06-28 09:48:30.000000000,BEST_ASK,"JPM,99886,100"
2019-06-28 09:48:30.000000000,BEST_BID,"JPM,99830,156"
2019-06-28 09:48:30.000000000,BEST_ASK,"JPM,99886,100"
2019-06-28 09:48:30.000000000,BEST_BID,"JPM,99830,156"
2019-06-28 09:48:30.000000000,BEST_ASK,"JPM,99886,100"
2019-06-28 09:48:30.000000000,BEST_BID,"JPM,99830,156"
2019-06-28 09:48:30.000000000,BEST_ASK,"JPM,99886,100"
2019-06-28 09:48:30.000000000,BEST_BID,"JPM,99830,156"
2019-06-28 09:48:30.000000000,BEST_ASK,"JPM,99886,100"
2019-06-28 09:48:30.000000000,BEST_BID,"JPM,99830,156"
2019-06-28 09:48:30.000000000,BEST_ASK,"JPM,99886,156"
2019-06-28 09:48:30.000000000,BEST_BID,"JPM,99830,156"
2019-06-28 09:48:30.000000000,BEST_ASK,"JPM,99886,156"
2019-06-28 09:48:30.000000000,BEST_BID,"JPM,99830,156"
2019-06-28 09:48:30.000000000,BEST_ASK,"JPM,99886,156"
2019-06-28 09:48:30.000000000,BEST_BID,"JPM,99830,156"
2019-06-28 09:48:30.000000000,BEST_ASK,"JPM,99886,156"
2019-06-28 09:48:30.000000000,BEST_BID,"JPM,99830,156"
2019-06-28 09:48:30.000000000,BEST_ASK,"JPM,99886,156"
2019-06-28 09:48:40.000000000,QUERY_SPREAD,1
2019-06-28 09:48:40.000000000,BEST_BID,"JPM,99830,195"
2019-06-28 09:48:40.000000000,BEST_ASK,"JPM,99886,100"
2019-06-28 09:48:40.000000000,BEST_BID,"JPM,99830,195"
2019-06-28 09:48:40.000000000,BEST_ASK,"JPM,99886,100"
2019-06-28 09:48:40.000000000,BEST_BID,"JPM,99830,195"
2019-06-28 09:48:40.000000000,BEST_ASK,"JPM,99886,100"
2019-06-28 09:48:40.000000000,BEST_BID,"JPM,99830,195"
2019-06-28 09:48:40.000000000,BEST_ASK,"JPM,99886,195"
2019-06-28 09:48:40.000000000,BEST_BID,"JPM,99830,195"
2019-06-28 09:48:40.000000000,BEST_ASK,"JPM,99886,195"
2019-06-28 09:48:40.000000000,BEST_BID,"JPM,99830,195"
2019-06-28 09:48:40.000000000,BEST_ASK,"JPM,99886,195"
2019-06-28 09:48:50.000000000,QUERY_SPREAD,1
2019-06-28 09:48:50.000000000,BEST_BID,"JPM,99830,195"
2019-06-28 09:48:50.000000000,BEST_ASK,"JPM,99886,100"
2019-06-28 09:48:50.000000000,BEST_BID,"JPM,99830,195"
2019-06-28 09:48:50.000000000,BEST_ASK,"JPM,99886,100"
2019-06-28 09:48:50.000000000,BEST_BID,"JPM,99830,195"
2019-06-28 09:48:50.000000000,BEST_ASK,"JPM,99886,100"
2019-06-28 09:48:50.000000000,BEST_BID,"JPM,99830,195"
2019-06-28 09:48:50.000000000,BEST_ASK,"JPM,99886,195"
2019-06-28 09:48:50.000000000,BEST_BID,"JPM,99830,195"
2019-06-28 09:48:50.000000000,BEST_ASK,"JPM,99886,195"
2019-06-28 09:48:50.000000000,BEST_BID,"JPM,99830,195"
2019-06-28 09:48:50.000000000,BEST_ASK,"JPM,99886,195"
2019-06-28 09:49:00.000000000,QUERY_SPREAD,1
2019-06-28 09:49:00.000000000,BEST_BID,"JPM,99830,156"
2019-06-28 09:49:00.000000000,BEST_ASK,"JPM,99886,100"
2019-06-28 09:49:00.000000000,BEST_BID,"JPM,99830,156"
2019-06-28 09:49:00.000000000,BEST_ASK,"JPM,99886,100"
2019-06-28 09:49:00.000000000,BEST_BID,"JPM,99830,156"
2019-06-28 09:49:00.000000000,BEST_ASK,"JPM,99886,100"
2019-06-28 09:49:00.000000000,BEST_BID,"JPM,99830,156"
2019-06-28 09:49:00.000000000,BEST_ASK,"JPM,99886,100"
2019-06-28 09:49:00.000000000,BEST_BID,"JPM,99830,156"
2019-06-28 09:49:00.000000000,BEST_ASK,"JPM,99886,100"
2019-06-28 09:49:00.000000000,BEST_BID,"JPM,99830,156"
2019-06-28 09:49:00.000000000,BEST_ASK,"JPM,99886,156"
2019-06-28 09:49:00.000000000,BEST_BID,"JPM,99830,156"
2019-06-28 09:49:00.000000000,BEST_ASK,"JPM,99886,156"
2019-06-28 09:49:00.000000000,BEST_BID,"JPM,99830,156"
2019-06-28 09:49:00.000000000,BEST_ASK,"JPM,99886,156"
2019-06-28 09:49:00.000000000,BEST_BID,"JPM,99830,156"
2019-06-28 09:49:00.000000000,BEST_ASK,"JPM,99886,156"
2019-06-28 09:49:00.000000000,BEST_BID,"JPM,99830,156"
2019-06-28 09:49:00.000000000,BEST_ASK,"JPM,99886,156"
2019-06-28 09:49:00.000000000,QUERY_SPREAD,77
2019-06-28 09:49:00.000000000,QUERY_SPREAD,78
2019-06-28 09:49:00.000000000,QUERY_SPREAD,79
2019-06-28 09:49:00.000000000,QUERY_SPREAD,80
2019-06-28 09:49:00.000000000,QUERY_SPREAD,81
2019-06-28 09:49:00.000000000,QUERY_SPREAD,82
2019-06-28 09:49:00.000000000,QUERY_SPREAD,83
2019-06-28 09:49:00.000000000,QUERY_SPREAD,84
2019-06-28 09:49:00.000000000,QUERY_SPREAD,85
2019-06-28 09:49:00.000000000,QUERY_SPREAD,86
2019-06-28 09:49:00.000000000,QUERY_SPREAD,87
2019-06-28 09:49:00.000000000,QUERY_SPREAD,88
2019-06-28 09:49:00.000000000,QUERY_SPREAD,89
2019-06-28 09:49:00.000000000,QUERY_SPREAD,90
2019-06-28 09:49:00.000000000,QUERY_SPREAD,91
2019-06-28 09:49:00.000000000,QUERY_SPREAD,92
2019-06-28 09:49:00.000000000,QUERY_SPREAD,93
2019-06-28 09:49:00.000000000,QUERY_SPREAD,94
2019-06-28 09:49:00.000000000,QUERY_SPREAD,95
2019-06-28 09:49:00.000000000,QUERY_SPREAD,96
2019-06-28 09:49:00.000000000,QUERY_SPREAD,97
2019-06-28 09:49:00.000000000,QUERY_SPREAD,98
2019-06-28 09:49:00.000000000,QUERY_SPREAD,99
2019-06-28 09:49:00.000000000,QUERY_SPREAD,100
2019-06-28 09:49:00.000000000,QUERY_SPREAD,101
2019-06-28 09:49:00.000000000,QUERY_ORDER_STREAM,101
2019-06-28 09:49:10.000000000,QUERY_SPREAD,1
2019-06-28 09:49:10.000000000,BEST_BID,"JPM,99830,240"
2019-06-28 09:49:10.000000000,BEST_ASK,"JPM,99886,100"
2019-06-28 09:49:10.000000000,BEST_BID,"JPM,99830,240"
2019-06-28 09:49:10.000000000,BEST_ASK,"JPM,99886,100"
2019-06-28 09:49:10.000000000,BEST_BID,"JPM,99830,240"
2019-06-28 09:49:10.000000000,BEST_ASK,"JPM,99886,240"
2019-06-28 09:49:10.000000000,BEST_BID,"JPM,99830,240"
2019-06-28 09:49:10.000000000,BEST_ASK,"JPM,99886,240"
2019-06-28 09:49:11.051777984,QUERY_ORDER_STREAM,55
2019-06-28 09:49:11.051777984,QUERY_SPREAD,55
2019-06-28 09:49:11.051777984,BEST_BID,"JPM,99830,240"
2019-06-28 09:49:11.051777984,BEST_ASK,"JPM,99870,100"
2019-06-28 09:49:20.000000000,QUERY_SPREAD,1
2019-06-28 09:49:20.000000000,BEST_BID,"JPM,99830,170"
2019-06-28 09:49:20.000000000,BEST_ASK,"JPM,99870,100"
2019-06-28 09:49:20.000000000,BEST_BID,"JPM,99830,170"
2019-06-28 09:49:20.000000000,BEST_ASK,"JPM,99870,100"
2019-06-28 09:49:20.000000000,BEST_BID,"JPM,99830,170"
2019-06-28 09:49:20.000000000,BEST_ASK,"JPM,99870,100"
2019-06-28 09:49:20.000000000,BEST_BID,"JPM,99830,170"
2019-06-28 09:49:20.000000000,BEST_ASK,"JPM,99870,100"
2019-06-28 09:49:20.000000000,BEST_BID,"JPM,99830,170"
2019-06-28 09:49:20.000000000,BEST_ASK,"JPM,99870,170"
2019-06-28 09:49:20.000000000,BEST_BID,"JPM,99830,170"
2019-06-28 09:49:20.000000000,BEST_ASK,"JPM,99870,170"
2019-06-28 09:49:20.000000000,BEST_BID,"JPM,99830,170"
2019-06-28 09:49:20.000000000,BEST_ASK,"JPM,99870,170"
2019-06-28 09:49:20.000000000,BEST_BID,"JPM,99830,170"
2019-06-28 09:49:20.000000000,BEST_ASK,"JPM,99870,170"
2019-06-28 09:49:23.188000706,QUERY_SPREAD,21
2019-06-28 09:49:23.188000706,BEST_BID,"JPM,99830,170"
2019-06-28 09:49:23.188000706,BEST_ASK,"JPM,99870,170"
2019-06-28 09:49:30.000000000,QUERY_SPREAD,1
2019-06-28 09:49:30.000000000,BEST_BID,"JPM,99830,240"
2019-06-28 09:49:30.000000000,BEST_ASK,"JPM,99870,100"
2019-06-28 09:49:30.000000000,BEST_BID,"JPM,99830,240"
2019-06-28 09:49:30.000000000,BEST_ASK,"JPM,99870,100"
2019-06-28 09:49:30.000000000,BEST_BID,"JPM,99830,240"
2019-06-28 09:49:30.000000000,BEST_ASK,"JPM,99870,240"
2019-06-28 09:49:30.000000000,BEST_BID,"JPM,99830,240"
2019-06-28 09:49:30.000000000,BEST_ASK,"JPM,99870,240"
2019-06-28 09:49:40.000000000,QUERY_SPREAD,1
2019-06-28 09:49:40.000000000,BEST_BID,"JPM,99830,170"
2019-06-28 09:49:40.000000000,BEST_ASK,"JPM,99870,100"
2019-06-28 09:49:40.000000000,BEST_BID,"JPM,99830,170"
2019-06-28 09:49:40.000000000,BEST_ASK,"JPM,99870,100"
2019-06-28 09:49:40.000000000,BEST_BID,"JPM,99830,170"
2019-06-28 09:49:40.000000000,BEST_ASK,"JPM,99870,100"
2019-06-28 09:49:40.000000000,BEST_BID,"JPM,99830,170"
2019-06-28 09:49:40.000000000,BEST_ASK,"JPM,99870,100"
2019-06-28 09:49:40.000000000,BEST_BID,"JPM,99830,170"
2019-06-28 09:49:40.000000000,BEST_ASK,"JPM,99870,170"
2019-06-28 09:49:40.000000000,BEST_BID,"JPM,99830,170"
2019-06-28 09:49:40.000000000,BEST_ASK,"JPM,99870,170"
2019-06-28 09:49:40.000000000,BEST_BID,"JPM,99830,170"
2019-06-28 09:49:40.000000000,BEST_ASK,"JPM,99870,170"
2019-06-28 09:49:40.000000000,BEST_BID,"JPM,99830,170"
2019-06-28 09:49:40.000000000,BEST_ASK,"JPM,99870,170"
2019-06-28 09:49:50.000000000,QUERY_SPREAD,1
2019-06-28 09:49:50.000000000,BEST_BID,"JPM,99830,156"
2019-06-28 09:49:50.000000000,BEST_ASK,"JPM,99870,100"
2019-06-28 09:49:50.000000000,BEST_BID,"JPM,99830,156"
2019-06-28 09:49:50.000000000,BEST_ASK,"JPM,99870,100"
2019-06-28 09:49:50.000000000,BEST_BID,"JPM,99830,156"
2019-06-28 09:49:50.000000000,BEST_ASK,"JPM,99870,100"
2019-06-28 09:49:50.000000000,BEST_BID,"JPM,99830,156"
2019-06-28 09:49:50.000000000,BEST_ASK,"JPM,99870,100"
2019-06-28 09:49:50.000000000,BEST_BID,"JPM,99830,156"
2019-06-28 09:49:50.000000000,BEST_ASK,"JPM,99870,100"
2019-06-28 09:49:50.000000000,BEST_BID,"JPM,99830,156"
2019-06-28 09:49:50.000000000,BEST_ASK,"JPM,99870,156"
2019-06-28 09:49:50.000000000,BEST_BID,"JPM,99830,156"
2019-06-28 09:49:50.000000000,BEST_ASK,"JPM,99870,156"
2019-06-28 09:49:50.000000000,BEST_BID,"JPM,99830,156"
2019-06-28 09:49:50.000000000,BEST_ASK,"JPM,99870,156"
2019-06-28 09:49:50.000000000,BEST_BID,"JPM,99830,156"
2019-06-28 09:49:50.000000000,BEST_ASK,"JPM,99870,156"
2019-06-28 09:49:50.000000000,BEST_BID,"JPM,99830,156"
2019-06-28 09:49:50.000000000,BEST_ASK,"JPM,99870,156"
2019-06-28 09:50:00.000000000,QUERY_SPREAD,1
2019-06-28 09:50:00.000000000,BEST_BID,"JPM,99830,380"
2019-06-28 09:50:00.000000000,BEST_ASK,"JPM,99870,100"
2019-06-28 09:50:00.000000000,BEST_BID,"JPM,99830,380"
2019-06-28 09:50:00.000000000,BEST_ASK,"JPM,99870,380"
2019-06-28 09:50:00.000000000,QUERY_SPREAD,77
2019-06-28 09:50:00.000000000,QUERY_SPREAD,78
2019-06-28 09:50:00.000000000,QUERY_SPREAD,79
2019-06-28 09:50:00.000000000,QUERY_SPREAD,80
2019-06-28 09:50:00.000000000,QUERY_SPREAD,81
2019-06-28 09:50:00.000000000,QUERY_SPREAD,82
2019-06-28 09:50:00.000000000,QUERY_SPREAD,83
2019-06-28 09:50:00.000000000,QUERY_SPREAD,84
2019-06-28 09:50:00.000000000,QUERY_SPREAD,85
2019-06-28 09:50:00.000000000,QUERY_SPREAD,86
2019-06-28 09:50:00.000000000,QUERY_SPREAD,87
2019-06-28 09:50:00.000000000,QUERY_SPREAD,88
2019-06-28 09:50:00.000000000,QUERY_SPREAD,89
2019-06-28 09:50:00.000000000,QUERY_SPREAD,90
2019-06-28 09:50:00.000000000,QUERY_SPREAD,91
2019-06-28 09:50:00.000000000,QUERY_SPREAD,92
2019-06-28 09:50:00.000000000,QUERY_SPREAD,93
2019-06-28 09:50:00.000000000,QUERY_SPREAD,94
2019-06-28 09:50:00.000000000,QUERY_SPREAD,95
2019-06-28 09:50:00.000000000,QUERY_SPREAD,96
2019-06-28 09:50:00.000000000,QUERY_SPREAD,97
2019-06-28 09:50:00.000000000,QUERY_SPREAD,98
2019-06-28 09:50:00.000000000,QUERY_SPREAD,99
2019-06-28 09:50:00.000000000,QUERY_SPREAD,100
2019-06-28 09:50:00.000000000,QUERY_SPREAD,101
2019-06-28 09:50:00.000000000,QUERY_ORDER_STREAM,101
2019-06-28 09:50:03.774322155,QUERY_ORDER_STREAM,74
2019-06-28 09:50:03.774322155,QUERY_SPREAD,74
2019-06-28 09:50:10.000000000,QUERY_SPREAD,1
2019-06-28 09:50:10.000000000,BEST_BID,"JPM,99830,380"
2019-06-28 09:50:10.000000000,BEST_ASK,"JPM,99870,100"
2019-06-28 09:50:10.000000000,BEST_BID,"JPM,99830,380"
2019-06-28 09:50:10.000000000,BEST_ASK,"JPM,99870,380"
2019-06-28 09:50:20.000000000,QUERY_SPREAD,1
2019-06-28 09:50:20.000000000,BEST_BID,"JPM,99830,195"
2019-06-28 09:50:20.000000000,BEST_ASK,"JPM,99870,100"
2019-06-28 09:50:20.000000000,BEST_BID,"JPM,99830,195"
2019-06-28 09:50:20.000000000,BEST_ASK,"JPM,99870,100"
2019-06-28 09:50:20.000000000,BEST_BID,"JPM,99830,195"
2019-06-28 09:50:20.000000000,BEST_ASK,"JPM,99870,100"
2019-06-28 09:50:20.000000000,BEST_BID,"JPM,99830,195"
2019-06-28 09:50:20.000000000,BEST_ASK,"JPM,99870,195"
2019-06-28 09:50:20.000000000,BEST_BID,"JPM,99830,195"
2019-06-28 09:50:20.000000000,BEST_ASK,"JPM,99870,195"
2019-06-28 09:50:20.000000000,BEST_BID,"JPM,99830,195"
2019-06-28 09:50:20.000000000,BEST_ASK,"JPM,99870,195"
2019-06-28 09:50:29.991373455,QUERY_ORDER_STREAM,55
2019-06-28 09:50:29.991373455,QUERY_SPREAD,55
2019-06-28 09:50:29.991373455,BEST_BID,"JPM,99830,195"
2019-06-28 09:50:29.991373455,BEST_ASK,"JPM,99870,195"
2019-06-28 09:50:30.000000000,QUERY_SPREAD,1
2019-06-28 09:50:30.000000000,BEST_BID,"JPM,99830,156"
2019-06-28 09:50:30.000000000,BEST_ASK,"JPM,99870,100"
2019-06-28 09:50:30.000000000,BEST_BID,"JPM,99830,156"
2019-06-28 09:50:30.000000000,BEST_ASK,"JPM,99870,100"
2019-06-28 09:50:30.000000000,BEST_BID,"JPM,99830,156"
2019-06-28 09:50:30.000000000,BEST_ASK,"JPM,99870,100"
2019-06-28 09:50:30.000000000,BEST_BID,"JPM,99830,156"
2019-06-28 09:50:30.000000000,BEST_ASK,"JPM,99870,100"
2019-06-28 09:50:30.000000000,BEST_BID,"JPM,99830,156"
2019-06-28 09:50:30.000000000,BEST_ASK,"JPM,99870,100"
2019-06-28 09:50:30.000000000,BEST_BID,"JPM,99830,156"
2019-06-28 09:50:30.000000000,BEST_ASK,"JPM,99870,156"
2019-06-28 09:50:30.000000000,BEST_BID,"JPM,99830,156"
2019-06-28 09:50:30.000000000,BEST_ASK,"JPM,99870,156"
2019-06-28 09:50:30.000000000,BEST_BID,"JPM,99830,156"
2019-06-28 09:50:30.000000000,BEST_ASK,"JPM,99870,156"
2019-06-28 09:50:30.000000000,BEST_BID,"JPM,99830,156"
2019-06-28 09:50:30.000000000,BEST_ASK,"JPM,99870,156"
2019-06-28 09:50:30.000000000,BEST_BID,"JPM,99830,156"
2019-06-28 09:50:30.000000000,BEST_ASK,"JPM,99870,156"
2019-06-28 09:50:35.181458629,QUERY_SPREAD,17
2019-06-28 09:50:35.181458629,BEST_BID,"JPM,99830,56"
2019-06-28 09:50:35.181458629,BEST_ASK,"JPM,99870,156"
2019-06-28 09:50:35.181458629,LAST_TRADE,"100,$99830.0000"
2019-06-28 09:50:40.000000000,QUERY_SPREAD,1
2019-06-28 09:50:40.000000000,BEST_BID,"JPM,99819,195"
2019-06-28 09:50:40.000000000,BEST_ASK,"JPM,99870,100"
2019-06-28 09:50:40.000000000,BEST_BID,"JPM,99819,195"
2019-06-28 09:50:40.000000000,BEST_ASK,"JPM,99870,100"
2019-06-28 09:50:40.000000000,BEST_BID,"JPM,99819,195"
2019-06-28 09:50:40.000000000,BEST_ASK,"JPM,99870,100"
2019-06-28 09:50:40.000000000,BEST_BID,"JPM,99819,195"
2019-06-28 09:50:40.000000000,BEST_ASK,"JPM,99870,195"
2019-06-28 09:50:40.000000000,BEST_BID,"JPM,99819,195"
2019-06-28 09:50:40.000000000,BEST_ASK,"JPM,99870,195"
2019-06-28 09:50:40.000000000,BEST_BID,"JPM,99819,195"
2019-06-28 09:50:40.000000000,BEST_ASK,"JPM,99870,195"
2019-06-28 09:50:43.075150159,QUERY_ORDER_STREAM,61
2019-06-28 09:50:43.075150159,QUERY_SPREAD,61
2019-06-28 09:50:43.075150159,BEST_BID,"JPM,99819,195"
2019-06-28 09:50:43.075150159,BEST_ASK,"JPM,99855,100"
2019-06-28 09:50:44.007288367,QUERY_SPREAD,9
2019-06-28 09:50:44.007288367,BEST_BID,"JPM,99819,195"
2019-06-28 09:50:44.007288367,BEST_ASK,"JPM,99855,100"
2019-06-28 09:50:50.000000000,QUERY_SPREAD,1
2019-06-28 09:50:50.000000000,BEST_BID,"JPM,99819,195"
2019-06-28 09:50:50.000000000,BEST_ASK,"JPM,99855,100"
2019-06-28 09:50:50.000000000,BEST_BID,"JPM,99819,195"
2019-06-28 09:50:50.000000000,BEST_ASK,"JPM,99855,100"
2019-06-28 09:50:50.000000000,BEST_BID,"JPM,99819,195"
2019-06-28 09:50:50.000000000,BEST_ASK,"JPM,99855,100"
2019-06-28 09:50:50.000000000,BEST_BID,"JPM,99819,195"
2019-06-28 09:50:50.000000000,BEST_ASK,"JPM,99855,195"
2019-06-28 09:50:50.000000000,BEST_BID,"JPM,99819,195"
2019-06-28 09:50:50.000000000,BEST_ASK,"JPM,99855,195"
2019-06-28 09:50:50.000000000,BEST_BID,"JPM,99819,195"
2019-06-28 09:50:50.000000000,BEST_ASK,"JPM,99855,195"
2019-06-28 09:50:56.380050427,QUERY_ORDER_STREAM,73
2019-06-28 09:50:56.380050427,QUERY_SPREAD,73
2019-06-28 09:50:56.380050427,BEST_BID,"JPM,99819,195"
2019-06-28 09:50:56.380050427,BEST_ASK,"JPM,99855,295"
2019-06-28 09:51:00.000000000,QUERY_SPREAD,1
2019-06-28 09:51:00.000000000,BEST_BID,"JPM,99819,380"
2019-06-28 09:51:00.000000000,BEST_ASK,"JPM,99855,200"
2019-06-28 09:51:00.000000000,BEST_BID,"JPM,99819,380"
2019-06-28 09:51:00.000000000,BEST_ASK,"JPM,99855,480"
2019-06-28 09:51:00.000000000,QUERY_SPREAD,77
2019-06-28 09:51:00.000000000,QUERY_SPREAD,78
2019-06-28 09:51:00.000000000,QUERY_SPREAD,79
2019-06-28 09:51:00.000000000,QUERY_SPREAD,80
2019-06-28 09:51:00.000000000,QUERY_SPREAD,81
2019-06-28 09:51:00.000000000,QUERY_SPREAD,82
2019-06-28 09:51:00.000000000,QUERY_SPREAD,83
2019-06-28 09:51:00.000000000,QUERY_SPREAD,84
2019-06-28 09:51:00.000000000,QUERY_SPREAD,85
2019-06-28 09:51:00.000000000,QUERY_SPREAD,86
2019-06-28 09:51:00.000000000,QUERY_SPREAD,87
2019-06-28 09:51:00.000000000,QUERY_SPREAD,88
2019-06-28 09:51:00.000000000,QUERY_SPREAD,89
2019-06-28 09:51:00.000000000,QUERY_SPREAD,90
2019-06-28 09:51:00.000000000,QUERY_SPREAD,91
2019-06-28 09:51:00.000000000,QUERY_SPREAD,92
2019-06-28 09:51:00.000000000,QUERY_SPREAD,93
2019-06-28 09:51:00.000000000,QUERY_SPREAD,94
2019-06-28 09:51:00.000000000,QUERY_SPREAD,95
2019-06-28 09:51:00.000000000,QUERY_SPREAD,96
2019-06-28 09:51:00.000000000,QUERY_SPREAD,97
2019-06-28 09:51:00.000000000,QUERY_SPREAD,98
2019-06-28 09:51:00.000000000,QUERY_SPREAD,99
2019-06-28 09:51:00.000000000,QUERY_SPREAD,100
2019-06-28 09:51:00.000000000,QUERY_SPREAD,101
2019-06-28 09:51:00.000000000,QUERY_ORDER_STREAM,101
2019-06-28 09:51:04.456395627,QUERY_SPREAD,42
2019-06-28 09:51:04.456395627,BEST_BID,"JPM,99819,380"
2019-06-28 09:51:04.456395627,BEST_ASK,"JPM,99855,480"
2019-06-28 09:51:07.573732406,QUERY_ORDER_STREAM,58
2019-06-28 09:51:07.573732406,QUERY_SPREAD,58
2019-06-28 09:51:10.000000000,QUERY_SPREAD,1
2019-06-28 09:51:10.000000000,BEST_BID,"JPM,99819,380"
2019-06-28 09:51:10.000000000,BEST_ASK,"JPM,99855,200"
2019-06-28 09:51:10.000000000,BEST_BID,"JPM,99819,380"
2019-06-28 09:51:10.000000000,BEST_ASK,"JPM,99855,480"
2019-06-28 09:51:20.000000000,QUERY_SPREAD,1
2019-06-28 09:51:20.000000000,BEST_BID,"JPM,99819,156"
2019-06-28 09:51:20.000000000,BEST_ASK,"JPM,99855,200"
2019-06-28 09:51:20.000000000,BEST_BID,"JPM,99819,156"
2019-06-28 09:51:20.000000000,BEST_ASK,"JPM,99855,200"
2019-06-28 09:51:20.000000000,BEST_BID,"JPM,99819,156"
2019-06-28 09:51:20.000000000,BEST_ASK,"JPM,99855,200"
2019-06-28 09:51:20.000000000,BEST_BID,"JPM,99819,156"
2019-06-28 09:51:20.000000000,BEST_ASK,"JPM,99855,200"
2019-06-28 09:51:20.000000000,BEST_BID,"JPM,99819,156"
2019-06-28 09:51:20.000000000,BEST_ASK,"JPM,99855,200"
2019-06-28 09:51:20.000000000,BEST_BID,"JPM,99819,156"
2019-06-28 09:51:20.000000000,BEST_ASK,"JPM,99855,256"
2019-06-28 09:51:20.000000000,BEST_BID,"JPM,99819,156"
2019-06-28 09:51:20.000000000,BEST_ASK,"JPM,99855,256"
2019-06-28 09:51:20.000000000,BEST_BID,"JPM,99819,156"
2019-06-28 09:51:20.000000000,BEST_ASK,"JPM,99855,256"
2019-06-28 09:51:20.000000000,BEST_BID,"JPM,99819,156"
2019-06-28 09:51:20.000000000,BEST_ASK,"JPM,99855,256"
2019-06-28 09:51:20.000000000,BEST_BID,"JPM,99819,156"
2019-06-28 09:51:20.000000000,BEST_ASK,"JPM,99855,256"
2019-06-28 09:51:26.591653476,QUERY_SPREAD,31
2019-06-28 09:51:26.591653476,BEST_BID,"JPM,99819,156"
2019-06-28 09:51:26.591653476,BEST_ASK,"JPM,99855,256"
2019-06-28 09:51:30.000000000,QUERY_SPREAD,1
2019-06-28 09:51:30.000000000,BEST_BID,"JPM,99819,156"
2019-06-28 09:51:30.000000000,BEST_ASK,"JPM,99855,200"
2019-06-28 09:51:30.000000000,BEST_BID,"JPM,99819,156"
2019-06-28 09:51:30.000000000,BEST_ASK,"JPM,99855,200"
2019-06-28 09:51:30.000000000,BEST_BID,"JPM,99819,156"
2019-06-28 09:51:30.000000000,BEST_ASK,"JPM,99855,200"
2019-06-28 09:51:30.000000000,BEST_BID,"JPM,99819,156"
2019-06-28 09:51:30.000000000,BEST_ASK,"JPM,99855,200"
2019-06-28 09:51:30.000000000,BEST_BID,"JPM,99819,156"
2019-06-28 09:51:30.000000000,BEST_ASK,"JPM,99855,200"
2019-06-28 09:51:30.000000000,BEST_BID,"JPM,99819,156"
2019-06-28 09:51:30.000000000,BEST_ASK,"JPM,99855,256"
2019-06-28 09:51:30.000000000,BEST_BID,"JPM,99819,156"
2019-06-28 09:51:30.000000000,BEST_ASK,"JPM,99855,256"
2019-06-28 09:51:30.000000000,BEST_BID,"JPM,99819,156"
2019-06-28 09:51:30.000000000,BEST_ASK,"JPM,99855,256"
2019-06-28 09:51:30.000000000,BEST_BID,"JPM,99819,156"
2019-06-28 09:51:30.000000000,BEST_ASK,"JPM,99855,256"
2019-06-28 09:51:30.000000000,BEST_BID,"JPM,99819,156"
2019-06-28 09:51:30.000000000,BEST_ASK,"JPM,99855,256"
2019-06-28 09:51:40.000000000,QUERY_SPREAD,1
2019-06-28 09:51:40.000000000,BEST_BID,"JPM,99819,170"
2019-06-28 09:51:40.000000000,BEST_ASK,"JPM,99855,200"
2019-06-28 09:51:40.000000000,BEST_BID,"JPM,99819,170"
2019-06-28 09:51:40.000000000,BEST_ASK,"JPM,99855,200"
2019-06-28 09:51:40.000000000,BEST_BID,"JPM,99819,170"
2019-06-28 09:51:40.000000000,BEST_ASK,"JPM,99855,200"
2019-06-28 09:51:40.000000000,BEST_BID,"JPM,99819,170"
2019-06-28 09:51:40.000000000,BEST_ASK,"JPM,99855,200"
2019-06-28 09:51:40.000000000,BEST_BID,"JPM,99819,170"
2019-06-28 09:51:40.000000000,BEST_ASK,"JPM,99855,270"
2019-06-28 09:51:40.000000000,BEST_BID,"JPM,99819,170"
2019-06-28 09:51:40.000000000,BEST_ASK,"JPM,99855,270"
2019-06-28 09:51:40.000000000,BEST_BID,"JPM,99819,170"
2019-06-28 09:51:40.000000000,BEST_ASK,"JPM,99855,270"
2019-06-28 09:51:40.000000000,BEST_BID,"JPM,99819,170"
2019-06-28 09:51:40.000000000,BEST_ASK,"JPM,99855,270"
2019-06-28 09:51:50.000000000,QUERY_SPREAD,1
2019-06-28 09:51:50.000000000,BEST_BID,"JPM,99819,240"
2019-06-28 09:51:50.000000000,BEST_ASK,"JPM,99855,200"
2019-06-28 09:51:50.000000000,BEST_BID,"JPM,99819,240"
2019-06-28 09:51:50.000000000,BEST_ASK,"JPM,99855,200"
2019-06-28 09:51:50.000000000,BEST_BID,"JPM,99819,240"
2019-06-28 09:51:50.000000000,BEST_ASK,"JPM,99855,340"
2019-06-28 09:51:50.000000000,BEST_BID,"JPM,99819,240"
2019-06-28 09:51:50.000000000,BEST_ASK,"JPM,99855,340"
2019-06-28 09:51:59.617566805,QUERY_ORDER_STREAM,68
2019-06-28 09:51:59.617566805,QUERY_SPREAD,68
2019-06-28 09:51:59.617566805,BEST_BID,"JPM,99819,240"
2019-06-28 09:51:59.617566805,BEST_ASK,"JPM,99855,440"
2019-06-28 09:52:00.000000000,QUERY_SPREAD,1
2019-06-28 09:52:00.000000000,BEST_BID,"JPM,99819,240"
2019-06-28 09:52:00.000000000,BEST_ASK,"JPM,99855,300"
2019-06-28 09:52:00.000000000,BEST_BID,"JPM,99819,240"
2019-06-28 09:52:00.000000000,BEST_ASK,"JPM,99855,300"
2019-06-28 09:52:00.000000000,BEST_BID,"JPM,99819,240"
2019-06-28 09:52:00.000000000,BEST_ASK,"JPM,99855,440"
2019-06-28 09:52:00.000000000,BEST_BID,"JPM,99819,240"
2019-06-28 09:52:00.000000000,BEST_ASK,"JPM,99855,440"
2019-06-28 09:52:00.000000000,QUERY_SPREAD,77
2019-06-28 09:52:00.000000000,QUERY_SPREAD,78
2019-06-28 09:52:00.000000000,QUERY_SPREAD,79
2019-06-28 09:52:00.000000000,QUERY_SPREAD,80
2019-06-28 09:52:00.000000000,QUERY_SPREAD,81
2019-06-28 09:52:00.000000000,QUERY_SPREAD,82
2019-06-28 09:52:00.000000000,QUERY_SPREAD,83
2019-06-28 09:52:00.000000000,QUERY_SPREAD,84
2019-06-28 09:52:00.000000000,QUERY_SPREAD,85
2019-06-28 09:52:00.000000000,QUERY_SPREAD,86
2019-06-28 09:52:00.000000000,QUERY_SPREAD,87
2019-06-28 09:52:00.000000000,QUERY_SPREAD,88
2019-06-28 09:52:00.000000000,QUERY_SPREAD,89
2019-06-28 09:52:00.000000000,QUERY_SPREAD,90
2019-06-28 09:52:00.000000000,QUERY_SPREAD,91
2019-06-28 09:52:00.000000000,QUERY_SPREAD,92
2019-06-28 09:52:00.000000000,QUERY_SPREAD,93
2019-06-28 09:52:00.000000000,QUERY_SPREAD,94
2019-06-28 09:52:00.000000000,QUERY_SPREAD,95
2019-06-28 09:52:00.000000000,QUERY_SPREAD,96
2019-06-28 09:52:00.000000000,QUERY_SPREAD,97
2019-06-28 09:52:00.000000000,QUERY_SPREAD,98
2019-06-28 09:52:00.000000000,QUERY_SPREAD,99
2019-06-28 09:52:00.000000000,QUERY_SPREAD,100
2019-06-28 09:52:00.000000000,QUERY_SPREAD,101
2019-06-28 09:52:00.000000000,QUERY_ORDER_STREAM,101
2019-06-28 09:52:01.934691525,QUERY_SPREAD,17
2019-06-28 09:52:01.934691525,BEST_BID,"JPM,99819,140"
2019-06-28 09:52:01.934691525,BEST_ASK,"JPM,99855,440"
2019-06-28 09:52:01.934691525,LAST_TRADE,"100,$99819.0000"
2019-06-28 09:52:10.000000000,QUERY_SPREAD,1
2019-06-28 09:52:10.000000000,BEST_BID,"JPM,99674,240"
2019-06-28 09:52:10.000000000,BEST_ASK,"JPM,99855,300"
2019-06-28 09:52:10.000000000,BEST_BID,"JPM,99674,240"
2019-06-28 09:52:10.000000000,BEST_ASK,"JPM,99855,300"
2019-06-28 09:52:10.000000000,BEST_BID,"JPM,99674,240"
2019-06-28 09:52:10.000000000,BEST_ASK,"JPM,99855,440"
2019-06-28 09:52:10.000000000,BEST_BID,"JPM,99674,240"
2019-06-28 09:52:10.000000000,BEST_ASK,"JPM,99855,440"
2019-06-28 09:52:16.617954921,QUERY_SPREAD,22
2019-06-28 09:52:16.617954921,BEST_BID,"JPM,99674,140"
2019-06-28 09:52:16.617954921,BEST_ASK,"JPM,99855,440"
2019-06-28 09:52:16.617954921,LAST_TRADE,"100,$99674.0000"
2019-06-28 09:52:20.000000000,QUERY_SPREAD,1
2019-06-28 09:52:20.000000000,BEST_BID,"JPM,99519,240"
2019-06-28 09:52:20.000000000,BEST_ASK,"JPM,99855,300"
2019-06-28 09:52:20.000000000,BEST_BID,"JPM,99519,240"
2019-06-28 09:52:20.000000000,BEST_ASK,"JPM,99855,300"
2019-06-28 09:52:20.000000000,BEST_BID,"JPM,99519,240"
2019-06-28 09:52:20.000000000,BEST_ASK,"JPM,99855,440"
2019-06-28 09:52:20.000000000,BEST_BID,"JPM,99519,240"
2019-06-28 09:52:20.000000000,BEST_ASK,"JPM,99855,440"
2019-06-28 09:52:28.957214140,QUERY_SPREAD,35
2019-06-28 09:52:28.957214140,BEST_BID,"JPM,99519,240"
2019-06-28 09:52:28.957214140,BEST_ASK,"JPM,99855,440"
2019-06-28 09:52:30.000000000,QUERY_SPREAD,1
2019-06-28 09:52:30.000000000,BEST_BID,"JPM,99519,195"
2019-06-28 09:52:30.000000000,BEST_ASK,"JPM,99855,300"
2019-06-28 09:52:30.000000000,BEST_BID,"JPM,99519,195"
2019-06-28 09:52:30.000000000,BEST_ASK,"JPM,99855,300"
2019-06-28 09:52:30.000000000,BEST_BID,"JPM,99519,195"
2019-06-28 09:52:30.000000000,BEST_ASK,"JPM,99855,300"
2019-06-28 09:52:30.000000000,BEST_BID,"JPM,99519,195"
2019-06-28 09:52:30.000000000,BEST_ASK,"JPM,99855,395"
2019-06-28 09:52:30.000000000,BEST_BID,"JPM,99519,195"
2019-06-28 09:52:30.000000000,BEST_ASK,"JPM,99855,395"
2019-06-28 09:52:30.000000000,BEST_BID,"JPM,99519,195"
2019-06-28 09:52:30.000000000,BEST_ASK,"JPM,99855,395"
2019-06-28 09:52:40.000000000,QUERY_SPREAD,1
2019-06-28 09:52:40.000000000,BEST_BID,"JPM,99519,170"
2019-06-28 09:52:40.000000000,BEST_ASK,"JPM,99855,300"
2019-06-28 09:52:40.000000000,BEST_BID,"JPM,99519,170"
2019-06-28 09:52:40.000000000,BEST_ASK,"JPM,99855,300"
2019-06-28 09:52:40.000000000,BEST_BID,"JPM,99519,170"
2019-06-28 09:52:40.000000000,BEST_ASK,"JPM,99855,300"
2019-06-28 09:52:40.000000000,BEST_BID,"JPM,99519,170"
2019-06-28 09:52:40.000000000,BEST_ASK,"JPM,99855,300"
2019-06-28 09:52:40.000000000,BEST_BID,"JPM,99519,170"
2019-06-28 09:52:40.000000000,BEST_ASK,"JPM,99855,370"
2019-06-28 09:52:40.000000000,BEST_BID,"JPM,99519,170"
2019-06-28 09:52:40.000000000,BEST_ASK,"JPM,99855,370"
2019-06-28 09:52:40.000000000,BEST_BID,"JPM,99519,170"
2019-06-28 09:52:40.000000000,BEST_ASK,"JPM,99855,370"
2019-06-28 09:52:40.000000000,BEST_BID,"JPM,99519,170"
2019-06-28 09:52:40.000000000,BEST_ASK,"JPM,99855,370"
2019-06-28 09:52:44.377184026,QUERY_SPREAD,32
2019-06-28 09:52:44.377184026,BEST_BID,"JPM,99519,70"
2019-06-28 09:52:44.377184026,BEST_ASK,"JPM,99855,370"
2019-06-28 09:52:44.377184026,LAST_TRADE,"100,$99519.0000"
2019-06-28 09:52:49.047009727,QUERY_ORDER_STREAM,68
2019-06-28 09:52:49.047009727,QUERY_SPREAD,68
2019-06-28 09:52:49.047009727,BEST_BID,"JPM,99519,70"
2019-06-28 09:52:49.047009727,BEST_ASK,"JPM,99674,100"
2019-06-28 09:52:50.000000000,QUERY_SPREAD,1
2019-06-28 09:52:50.000000000,BEST_BID,"JPM,99337,170"
2019-06-28 09:52:50.000000000,BEST_ASK,"JPM,99674,100"
2019-06-28 09:52:50.000000000,BEST_BID,"JPM,99337,170"
2019-06-28 09:52:50.000000000,BEST_ASK,"JPM,99674,100"
2019-06-28 09:52:50.000000000,BEST_BID,"JPM,99337,170"
2019-06-28 09:52:50.000000000,BEST_ASK,"JPM,99674,100"
2019-06-28 09:52:50.000000000,BEST_BID,"JPM,99337,170"
2019-06-28 09:52:50.000000000,BEST_ASK,"JPM,99674,100"
2019-06-28 09:52:50.000000000,BEST_BID,"JPM,99337,170"
2019-06-28 09:52:50.000000000,BEST_ASK,"JPM,99674,170"
2019-06-28 09:52:50.000000000,BEST_BID,"JPM,99337,170"
2019-06-28 09:52:50.000000000,BEST_ASK,"JPM,99674,170"
2019-06-28 09:52:50.000000000,BEST_BID,"JPM,99337,170"
2019-06-28 09:52:50.000000000,BEST_ASK,"JPM,99674,170"
2019-06-28 09:52:50.000000000,BEST_BID,"JPM,99337,170"
2019-06-28 09:52:50.000000000,BEST_ASK,"JPM,99674,170"
2019-06-28 09:53:00.000000000,QUERY_SPREAD,1
2019-06-28 09:53:00.000000000,BEST_BID,"JPM,99337,380"
2019-06-28 09:53:00.000000000,BEST_ASK,"JPM,99674,100"
2019-06-28 09:53:00.000000000,BEST_BID,"JPM,99337,380"
2019-06-28 09:53:00.000000000,BEST_ASK,"JPM,99674,380"
2019-06-28 09:53:00.000000000,QUERY_SPREAD,77
2019-06-28 09:53:00.000000000,QUERY_SPREAD,78
2019-06-28 09:53:00.000000000,QUERY_SPREAD,79
2019-06-28 09:53:00.000000000,QUERY_SPREAD,80
2019-06-28 09:53:00.000000000,QUERY_SPREAD,81
2019-06-28 09:53:00.000000000,QUERY_SPREAD,82
2019-06-28 09:53:00.000000000,QUERY_SPREAD,83
2019-06-28 09:53:00.000000000,QUERY_SPREAD,84
2019-06-28 09:53:00.000000000,QUERY_SPREAD,85
2019-06-28 09:53:00.000000000,QUERY_SPREAD,86
2019-06-28 09:53:00.000000000,QUERY_SPREAD,87
2019-06-28 09:53:00.000000000,QUERY_SPREAD,88
2019-06-28 09:53:00.000000000,QUERY_SPREAD,89
2019-06-28 09:53:00.000000000,QUERY_SPREAD,90
2019-06-28 09:53:00.000000000,QUERY_SPREAD,91
2019-06-28 09:53:00.000000000,QUERY_SPREAD,92
2019-06-28 09:53:00.000000000,QUERY_SPREAD,93
2019-06-28 09:53:00.000000000,QUERY_SPREAD,94
2019-06-28 09:53:00.000000000,QUERY_SPREAD,95
2019-06-28 09:53:00.000000000,QUERY_SPREAD,96
2019-06-28 09:53:00.000000000,QUERY_SPREAD,97
2019-06-28 09:53:00.000000000,QUERY_SPREAD,98
2019-06-28 09:53:00.000000000,QUERY_SPREAD,99
2019-06-28 09:53:00.000000000,QUERY_SPREAD,100
2019-06-28 09:53:00.000000000,QUERY_SPREAD,101
2019-06-28 09:53:00.000000000,QUERY_ORDER_STREAM,101
2019-06-28 09:53:03.849946231,QUERY_SPREAD,44
2019-06-28 09:53:03.849946231,BEST_BID,"JPM,99337,280"
2019-06-28 09:53:03.849946231,BEST_ASK,"JPM,99674,380"
2019-06-28 09:53:03.849946231,LAST_TRADE,"100,$99337.0000"
2019-06-28 09:53:08.535495068,QUERY_SPREAD,7
2019-06-28 09:53:08.535495068,BEST_BID,"JPM,99337,280"
2019-06-28 09:53:08.535495068,BEST_ASK,"JPM,99674,380"
2019-06-28 09:53:09.954186891,QUERY_ORDER_STREAM,64
2019-06-28 09:53:09.954186891,QUERY_SPREAD,64
2019-06-28 09:53:09.954186891,BEST_BID,"JPM,99337,280"
2019-06-28 09:53:09.954186891,BEST_ASK,"JPM,99519,100"
2019-06-28 09:53:10.000000000,QUERY_SPREAD,1
2019-06-28 09:53:10.000000000,BEST_BID,"JPM,98588,240"
2019-06-28 09:53:10.000000000,BEST_ASK,"JPM,99519,100"
2019-06-28 09:53:10.000000000,BEST_BID,"JPM,98588,240"
2019-06-28 09:53:10.000000000,BEST_ASK,"JPM,99519,100"
2019-06-28 09:53:10.000000000,BEST_BID,"JPM,98588,240"
2019-06-28 09:53:10.000000000,BEST_ASK,"JPM,99519,240"
2019-06-28 09:53:10.000000000,BEST_BID,"JPM,98588,240"
2019-06-28 09:53:10.000000000,BEST_ASK,"JPM,99519,240"
2019-06-28 09:53:12.677893210,QUERY_ORDER_STREAM,72
2019-06-28 09:53:12.677893210,QUERY_SPREAD,72
2019-06-28 09:53:12.677893210,BEST_BID,"JPM,98588,240"
2019-06-28 09:53:12.677893210,BEST_ASK,"JPM,99519,340"
2019-06-28 09:53:16.894377288,QUERY_ORDER_STREAM,65
2019-06-28 09:53:16.894377288,QUERY_SPREAD,65
2019-06-28 09:53:16.894377288,BEST_BID,"JPM,98588,240"
2019-06-28 09:53:16.894377288,BEST_ASK,"JPM,99519,440"
2019-06-28 09:53:20.000000000,QUERY_SPREAD,1
2019-06-28 09:53:20.000000000,BEST_BID,"JPM,98588,240"
2019-06-28 09:53:20.000000000,BEST_ASK,"JPM,99519,300"
2019-06-28 09:53:20.000000000,BEST_BID,"JPM,98588,240"
2019-06-28 09:53:20.000000000,BEST_ASK,"JPM,99519,300"
2019-06-28 09:53:20.000000000,BEST_BID,"JPM,98588,240"
2019-06-28 09:53:20.000000000,BEST_ASK,"JPM,99519,440"
2019-06-28 09:53:20.000000000,BEST_BID,"JPM,98588,240"
2019-06-28 09:53:20.000000000,BEST_ASK,"JPM,99519,440"
2019-06-28 09:53:30.000000000,QUERY_SPREAD,1
2019-06-28 09:53:30.000000000,BEST_BID,"JPM,98588,380"
2019-06-28 09:53:30.000000000,BEST_ASK,"JPM,99519,300"
2019-06-28 09:53:30.000000000,BEST_BID,"JPM,98588,380"
2019-06-28 09:53:30.000000000,BEST_ASK,"JPM,99519,580"
2019-06-28 09:53:31.551669291,QUERY_ORDER_STREAM,70
2019-06-28 09:53:31.551669291,QUERY_SPREAD,70
2019-06-28 09:53:31.551669291,BEST_BID,"JPM,98588,380"
2019-06-28 09:53:31.551669291,BEST_ASK,"JPM,99519,680"
2019-06-28 09:53:34.670529375,QUERY_SPREAD,43
2019-06-28 09:53:34.670529375,BEST_BID,"JPM,98588,280"
2019-06-28 09:53:34.670529375,BEST_ASK,"JPM,99519,680"
2019-06-28 09:53:34.670529375,LAST_TRADE,"100,$98588.0000"
2019-06-28 09:53:40.000000000,QUERY_SPREAD,1
2019-06-28 09:53:40.000000000,BEST_BID,"JPM,97986,380"
2019-06-28 09:53:40.000000000,BEST_ASK,"JPM,99519,400"
2019-06-28 09:53:40.000000000,BEST_BID,"JPM,97986,380"
2019-06-28 09:53:40.000000000,BEST_ASK,"JPM,99519,680"
2019-06-28 09:53:50.000000000,QUERY_SPREAD,1
2019-06-28 09:53:50.000000000,BEST_BID,"JPM,97986,156"
2019-06-28 09:53:50.000000000,BEST_ASK,"JPM,99519,400"
2019-06-28 09:53:50.000000000,BEST_BID,"JPM,97986,156"
2019-06-28 09:53:50.000000000,BEST_ASK,"JPM,99519,400"
2019-06-28 09:53:50.000000000,BEST_BID,"JPM,97986,156"
2019-06-28 09:53:50.000000000,BEST_ASK,"JPM,99519,400"
2019-06-28 09:53:50.000000000,BEST_BID,"JPM,97986,156"
2019-06-28 09:53:50.000000000,BEST_ASK,"JPM,99519,400"
2019-06-28 09:53:50.000000000,BEST_BID,"JPM,97986,156"
2019-06-28 09:53:50.000000000,BEST_ASK,"JPM,99519,400"
2019-06-28 09:53:50.000000000,BEST_BID,"JPM,97986,156"
2019-06-28 09:53:50.000000000,BEST_ASK,"JPM,99519,456"
2019-06-28 09:53:50.000000000,BEST_BID,"JPM,97986,156"
2019-06-28 09:53:50.000000000,BEST_ASK,"JPM,99519,456"
2019-06-28 09:53:50.000000000,BEST_BID,"JPM,97986,156"
2019-06-28 09:53:50.000000000,BEST_ASK,"JPM,99519,456"
2019-06-28 09:53:50.000000000,BEST_BID,"JPM,97986,156"
2019-06-28 09:53:50.000000000,BEST_ASK,"JPM,99519,456"
2019-06-28 09:53:50.000000000,BEST_BID,"JPM,97986,156"
2019-06-28 09:53:50.000000000,BEST_ASK,"JPM,99519,456"
2019-06-28 09:53:56.143396414,QUERY_SPREAD,15
2019-06-28 09:53:56.143396414,BEST_BID,"JPM,97986,156"
2019-06-28 09:53:56.143396414,BEST_ASK,"JPM,98433,100"
2019-06-28 09:53:59.786115647,QUERY_ORDER_STREAM,57
2019-06-28 09:53:59.786115647,QUERY_SPREAD,57
2019-06-28 09:53:59.786115647,BEST_BID,"JPM,97986,156"
2019-06-28 09:53:59.786115647,BEST_ASK,"JPM,98433,100"
2019-06-28 09:54:00.000000000,QUERY_SPREAD,1
2019-06-28 09:54:00.000000000,BEST_BID,"JPM,97986,195"
2019-06-28 09:54:00.000000000,BEST_ASK,"JPM,98433,100"
2019-06-28 09:54:00.000000000,BEST_BID,"JPM,97986,195"
2019-06-28 09:54:00.000000000,BEST_ASK,"JPM,98433,100"
2019-06-28 09:54:00.000000000,BEST_BID,"JPM,97986,195"
2019-06-28 09:54:00.000000000,BEST_ASK,"JPM,98433,100"
2019-06-28 09:54:00.000000000,BEST_BID,"JPM,97986,195"
2019-06-28 09:54:00.000000000,BEST_ASK,"JPM,98433,195"
2019-06-28 09:54:00.000000000,BEST_BID,"JPM,97986,195"
2019-06-28 09:54:00.000000000,BEST_ASK,"JPM,98433,195"
2019-06-28 09:54:00.000000000,BEST_BID,"JPM,97986,195"
2019-06-28 09:54:00.000000000,BEST_ASK,"JPM,98433,195"
2019-06-28 09:54:00.000000000,QUERY_SPREAD,77
2019-06-28 09:54:00.000000000,QUERY_SPREAD,78
2019-06-28 09:54:00.000000000,QUERY_SPREAD,79
2019-06-28 09:54:00.000000000,QUERY_SPREAD,80
2019-06-28 09:54:00.000000000,QUERY_SPREAD,81
2019-06-28 09:54:00.000000000,QUERY_SPREAD,82
2019-06-28 09:54:00.000000000,QUERY_SPREAD,83
2019-06-28 09:54:00.000000000,QUERY_SPREAD,84
2019-06-28 09:54:00.000000000,QUERY_SPREAD,85
2019-06-28 09:54:00.000000000,QUERY_SPREAD,86
2019-06-28 09:54:00.000000000,QUERY_SPREAD,87
2019-06-28 09:54:00.000000000,QUERY_SPREAD,88
2019-06-28 09:54:00.000000000,QUERY_SPREAD,89
2019-06-28 09:54:00.000000000,QUERY_SPREAD,90
2019-06-28 09:54:00.000000000,QUERY_SPREAD,91
2019-06-28 09:54:00.000000000,QUERY_SPREAD,92
2019-06-28 09:54:00.000000000,QUERY_SPREAD,93
2019-06-28 09:54:00.000000000,QUERY_SPREAD,94
2019-06-28 09:54:00.000000000,QUERY_SPREAD,95
2019-06-28 09:54:00.000000000,QUERY_SPREAD,96
2019-06-28 09:54:00.000000000,QUERY_SPREAD,97
2019-06-28 09:54:00.000000000,QUERY_SPREAD,98
2019-06-28 09:54:00.000000000,QUERY_SPREAD,99
2019-06-28 09:54:00.000000000,QUERY_SPREAD,100
2019-06-28 09:54:00.000000000,QUERY_SPREAD,101
2019-06-28 09:54:00.000000000,QUERY_ORDER_STREAM,101
2019-06-28 09:54:09.711853696,QUERY_SPREAD,28
2019-06-28 09:54:09.711853696,BEST_BID,"JPM,98293,100"
2019-06-28 09:54:09.711853696,BEST_ASK,"JPM,98433,195"
2019-06-28 09:54:10.000000000,QUERY_SPREAD,1
2019-06-28 09:54:10.000000000,BEST_BID,"JPM,98293,380"
2019-06-28 09:54:10.000000000,BEST_ASK,"JPM,98433,100"
2019-06-28 09:54:10.000000000,BEST_BID,"JPM,98293,380"
2019-06-28 09:54:10.000000000,BEST_ASK,"JPM,98433,380"
2019-06-28 09:54:11.981169206,QUERY_ORDER_STREAM,70
2019-06-28 09:54:11.981169206,QUERY_SPREAD,70
2019-06-28 09:54:20.000000000,QUERY_SPREAD,1
2019-06-28 09:54:20.000000000,BEST_BID,"JPM,98293,156"
2019-06-28 09:54:20.000000000,BEST_ASK,"JPM,98433,100"
2019-06-28 09:54:20.000000000,BEST_BID,"JPM,98293,156"
2019-06-28 09:54:20.000000000,BEST_ASK,"JPM,98433,100"
2019-06-28 09:54:20.000000000,BEST_BID,"JPM,98293,156"
2019-06-28 09:54:20.000000000,BEST_ASK,"JPM,98433,100"
2019-06-28 09:54:20.000000000,BEST_BID,"JPM,98293,156"
2019-06-28 09:54:20.000000000,BEST_ASK,"JPM,98433,100"
2019-06-28 09:54:20.000000000,BEST_BID,"JPM,98293,156"
2019-06-28 09:54:20.000000000,BEST_ASK,"JPM,98433,100"
2019-06-28 09:54:20.000000000,BEST_BID,"JPM,98293,156"
2019-06-28 09:54:20.000000000,BEST_ASK,"JPM,98433,156"
2019-06-28 09:54:20.000000000,BEST_BID,"JPM,98293,156"
2019-06-28 09:54:20.000000000,BEST_ASK,"JPM,98433,156"
2019-06-28 09:54:20.000000000,BEST_BID,"JPM,98293,156"
2019-06-28 09:54:20.000000000,BEST_ASK,"JPM,98433,156"
2019-06-28 09:54:20.000000000,BEST_BID,"JPM,98293,156"
2019-06-28 09:54:20.000000000,BEST_ASK,"JPM,98433,156"
2019-06-28 09:54:20.000000000,BEST_BID,"JPM,98293,156"
2019-06-28 09:54:20.000000000,BEST_ASK,"JPM,98433,156"
2019-06-28 09:54:30.000000000,QUERY_SPREAD,1
2019-06-28 09:54:30.000000000,BEST_BID,"JPM,98293,195"
2019-06-28 09:54:30.000000000,BEST_ASK,"JPM,98433,100"
2019-06-28 09:54:30.000000000,BEST_BID,"JPM,98293,195"
2019-06-28 09:54:30.000000000,BEST_ASK,"JPM,98433,100"
2019-06-28 09:54:30.000000000,BEST_BID,"JPM,98293,195"
2019-06-28 09:54:30.000000000,BEST_ASK,"JPM,98433,100"
2019-06-28 09:54:30.000000000,BEST_BID,"JPM,98293,195"
2019-06-28 09:54:30.000000000,BEST_ASK,"JPM,98433,195"
2019-06-28 09:54:30.000000000,BEST_BID,"JPM,98293,195"
2019-06-28 09:54:30.000000000,BEST_ASK,"JPM,98433,195"
2019-06-28 09:54:30.000000000,BEST_BID,"JPM,98293,195"
2019-06-28 09:54:30.000000000,BEST_ASK,"JPM,98433,195"
2019-06-28 09:54:36.501917582,QUERY_SPREAD,18
2019-06-28 09:54:36.501917582,BEST_BID,"JPM,98293,195"
2019-06-28 09:54:36.501917582,BEST_ASK,"JPM,98433,195"
2019-06-28 09:54:40.000000000,QUERY_SPREAD,1
2019-06-28 09:54:40.000000000,BEST_BID,"JPM,98293,156"
2019-06-28 09:54:40.000000000,BEST_ASK,"JPM,98433,100"
2019-06-28 09:54:40.000000000,BEST_BID,"JPM,98293,156"
2019-06-28 09:54:40.000000000,BEST_ASK,"JPM,98433,100"
2019-06-28 09:54:40.000000000,BEST_BID,"JPM,98293,156"
2019-06-28 09:54:40.000000000,BEST_ASK,"JPM,98433,100"
2019-06-28 09:54:40.000000000,BEST_BID,"JPM,98293,156"
2019-06-28 09:54:40.000000000,BEST_ASK,"JPM,98433,100"
2019-06-28 09:54:40.000000000,BEST_BID,"JPM,98293,156"
2019-06-28 09:54:40.000000000,BEST_ASK,"JPM,98433,100"
2019-06-28 09:54:40.000000000,BEST_BID,"JPM,98293,156"
2019-06-28 09:54:40.000000000,BEST_ASK,"JPM,98433,156"
2019-06-28 09:54:40.000000000,BEST_BID,"JPM,98293,156"
2019-06-28 09:54:40.000000000,BEST_ASK,"JPM,98433,156"
2019-06-28 09:54:40.000000000,BEST_BID,"JPM,98293,156"
2019-06-28 09:54:40.000000000,BEST_ASK,"JPM,98433,156"
2019-06-28 09:54:40.000000000,BEST_BID,"JPM,98293,156"
2019-06-28 09:54:40.000000000,BEST_ASK,"JPM,98433,156"
2019-06-28 09:54:40.000000000,BEST_BID,"JPM,98293,156"
2019-06-28 09:54:40.000000000,BEST_ASK,"JPM,98433,156"
2019-06-28 09:54:42.889875836,QUERY_SPREAD,27
2019-06-28 09:54:42.889875836,BEST_BID,"JPM,98293,156"
2019-06-28 09:54:42.889875836,BEST_ASK,"JPM,98433,56"
2019-06-28 09:54:42.889875836,LAST_TRADE,"100,$98433.0000"
2019-06-28 09:54:47.258883423,QUERY_SPREAD,30
2019-06-28 09:54:47.258883423,BEST_BID,"JPM,98293,156"
2019-06-28 09:54:47.258883423,BEST_ASK,"JPM,98433,56"
2019-06-28 09:54:50.000000000,QUERY_SPREAD,1
2019-06-28 09:54:50.000000000,BEST_BID,"JPM,98293,156"
2019-06-28 09:54:50.000000000,BEST_ASK,"JPM,98598,100"
2019-06-28 09:54:50.000000000,BEST_BID,"JPM,98293,156"
2019-06-28 09:54:50.000000000,BEST_ASK,"JPM,98598,100"
2019-06-28 09:54:50.000000000,BEST_BID,"JPM,98293,156"
2019-06-28 09:54:50.000000000,BEST_ASK,"JPM,98598,100"
2019-06-28 09:54:50.000000000,BEST_BID,"JPM,98293,156"
2019-06-28 09:54:50.000000000,BEST_ASK,"JPM,98598,100"
2019-06-28 09:54:50.000000000,BEST_BID,"JPM,98293,156"
2019-06-28 09:54:50.000000000,BEST_ASK,"JPM,98598,100"
2019-06-28 09:54:50.000000000,BEST_BID,"JPM,98293,156"
2019-06-28 09:54:50.000000000,BEST_ASK,"JPM,98598,156"
2019-06-28 09:54:50.000000000,BEST_BID,"JPM,98293,156"
2019-06-28 09:54:50.000000000,BEST_ASK,"JPM,98598,156"
2019-06-28 09:54:50.000000000,BEST_BID,"JPM,98293,156"
2019-06-28 09:54:50.000000000,BEST_ASK,"JPM,98598,156"
2019-06-28 09:54:50.000000000,BEST_BID,"JPM,98293,156"
2019-06-28 09:54:50.000000000,BEST_ASK,"JPM,98598,156"
2019-06-28 09:54:50.000000000,BEST_BID,"JPM,98293,156"
2019-06-28 09:54:50.000000000,BEST_ASK,"JPM,98598,156"
2019-06-28 09:54:50.458360716,QUERY_ORDER_STREAM,65
2019-06-28 09:54:50.458360716,QUERY_SPREAD,65
2019-06-28 09:54:53.618211396,QUERY_SPREAD,44
2019-06-28 09:54:53.618211396,BEST_BID,"JPM,98293,156"
2019-06-28 09:54:53.618211396,BEST_ASK,"JPM,98598,56"
2019-06-28 09:54:53.618211396,LAST_TRADE,"100,$98598.0000"
2019-06-28 09:55:00.000000000,QUERY_SPREAD,1
2019-06-28 09:55:00.000000000,BEST_BID,"JPM,98293,380"
2019-06-28 09:55:00.000000000,BEST_ASK,"JPM,98729,100"
2019-06-28 09:55:00.000000000,BEST_BID,"JPM,98293,380"
2019-06-28 09:55:00.000000000,BEST_ASK,"JPM,98729,380"
2019-06-28 09:55:00.000000000,QUERY_SPREAD,77
2019-06-28 09:55:00.000000000,QUERY_SPREAD,78
2019-06-28 09:55:00.000000000,QUERY_SPREAD,79
2019-06-28 09:55:00.000000000,QUERY_SPREAD,80
2019-06-28 09:55:00.000000000,QUERY_SPREAD,81
2019-06-28 09:55:00.000000000,QUERY_SPREAD,82
2019-06-28 09:55:00.000000000,QUERY_SPREAD,83
2019-06-28 09:55:00.000000000,QUERY_SPREAD,84
2019-06-28 09:55:00.000000000,QUERY_SPREAD,85
2019-06-28 09:55:00.000000000,QUERY_SPREAD,86
2019-06-28 09:55:00.000000000,QUERY_SPREAD,87
2019-06-28 09:55:00.000000000,QUERY_SPREAD,88
2019-06-28 09:55:00.000000000,QUERY_SPREAD,89
2019-06-28 09:55:00.000000000,QUERY_SPREAD,90
2019-06-28 09:55:00.000000000,QUERY_SPREAD,91
2019-06-28 09:55:00.000000000,QUERY_SPREAD,92
2019-06-28 09:55:00.000000000,QUERY_SPREAD,93
2019-06-28 09:55:00.000000000,QUERY_SPREAD,94
2019-06-28 09:55:00.000000000,QUERY_SPREAD,95
2019-06-28 09:55:00.000000000,QUERY_SPREAD,96
2019-06-28 09:55:00.000000000,QUERY_SPREAD,97
2019-06-28 09:55:00.000000000,QUERY_SPREAD,98
2019-06-28 09:55:00.000000000,QUERY_SPREAD,99
2019-06-28 09:55:00.000000000,QUERY_SPREAD,100
2019-06-28 09:55:00.000000000,QUERY_SPREAD,101
2019-06-28 09:55:00.000000000,QUERY_ORDER_STREAM,101
2019-06-28 09:55:09.867676115,QUERY_ORDER_STREAM,73
2019-06-28 09:55:09.867676115,QUERY_SPREAD,73
2019-06-28 09:55:10.000000000,QUERY_SPREAD,1
2019-06-28 09:55:10.000000000,BEST_BID,"JPM,98293,380"
2019-06-28 09:55:10.000000000,BEST_ASK,"JPM,98729,100"
2019-06-28 09:55:10.000000000,BEST_BID,"JPM,98293,380"
2019-06-28 09:55:10.000000000,BEST_ASK,"JPM,98729,380"
2019-06-28 09:55:20.000000000,QUERY_SPREAD,1
2019-06-28 09:55:20.000000000,BEST_BID,"JPM,98293,170"
2019-06-28 09:55:20.000000000,BEST_ASK,"JPM,98729,100"
2019-06-28 09:55:20.000000000,BEST_BID,"JPM,98293,170"
2019-06-28 09:55:20.000000000,BEST_ASK,"JPM,98729,100"
2019-06-28 09:55:20.000000000,BEST_BID,"JPM,98293,170"
2019-06-28 09:55:20.000000000,BEST_ASK,"JPM,98729,100"
2019-06-28 09:55:20.000000000,BEST_BID,"JPM,98293,170"
2019-06-28 09:55:20.000000000,BEST_ASK,"JPM,98729,100"
2019-06-28 09:55:20.000000000,BEST_BID,"JPM,98293,170"
2019-06-28 09:55:20.000000000,BEST_ASK,"JPM,98729,170"
2019-06-28 09:55:20.000000000,BEST_BID,"JPM,98293,170"
2019-06-28 09:55:20.000000000,BEST_ASK,"JPM,98729,170"
2019-06-28 09:55:20.000000000,BEST_BID,"JPM,98293,170"
2019-06-28 09:55:20.000000000,BEST_ASK,"JPM,98729,170"
2019-06-28 09:55:20.000000000,BEST_BID,"JPM,98293,170"
2019-06-28 09:55:20.000000000,BEST_ASK,"JPM,98729,170"
2019-06-28 09:55:20.563042485,QUERY_ORDER_STREAM,74
2019-06-28 09:55:20.563042485,QUERY_SPREAD,74
2019-06-28 09:55:20.563042485,BEST_BID,"JPM,98433,100"
2019-06-28 09:55:20.563042485,BEST_ASK,"JPM,98729,170"
2019-06-28 09:55:23.808008608,QUERY_ORDER_STREAM,73
2019-06-28 09:55:23.808008608,QUERY_SPREAD,73
2019-06-28 09:55:30.000000000,QUERY_SPREAD,1
2019-06-28 09:55:30.000000000,BEST_BID,"JPM,98433,170"
2019-06-28 09:55:30.000000000,BEST_ASK,"JPM,98729,100"
2019-06-28 09:55:30.000000000,BEST_BID,"JPM,98433,170"
2019-06-28 09:55:30.000000000,BEST_ASK,"JPM,98729,100"
2019-06-28 09:55:30.000000000,BEST_BID,"JPM,98433,170"
2019-06-28 09:55:30.000000000,BEST_ASK,"JPM,98729,100"
2019-06-28 09:55:30.000000000,BEST_BID,"JPM,98433,170"
2019-06-28 09:55:30.000000000,BEST_ASK,"JPM,98729,100"
2019-06-28 09:55:30.000000000,BEST_BID,"JPM,98433,170"
2019-06-28 09:55:30.000000000,BEST_ASK,"JPM,98729,170"
2019-06-28 09:55:30.000000000,BEST_BID,"JPM,98433,170"
2019-06-28 09:55:30.000000000,BEST_ASK,"JPM,98729,170"
2019-06-28 09:55:30.000000000,BEST_BID,"JPM,98433,170"
2019-06-28 09:55:30.000000000,BEST_ASK,"JPM,98729,170"
2019-06-28 09:55:30.000000000,BEST_BID,"JPM,98433,170"
2019-06-28 09:55:30.000000000,BEST_ASK,"JPM,98729,170"
2019-06-28 09:55:32.114564778,QUERY_ORDER_STREAM,54
2019-06-28 09:55:32.114564778,QUERY_SPREAD,54
2019-06-28 09:55:32.114564778,BEST_BID,"JPM,98433,270"
2019-06-28 09:55:32.114564778,BEST_ASK,"JPM,98729,170"
2019-06-28 09:55:40.000000000,QUERY_SPREAD,1
2019-06-28 09:55:40.000000000,BEST_BID,"JPM,98433,256"
2019-06-28 09:55:40.000000000,BEST_ASK,"JPM,98729,100"
2019-06-28 09:55:40.000000000,BEST_BID,"JPM,98433,256"
2019-06-28 09:55:40.000000000,BEST_ASK,"JPM,98729,100"
2019-06-28 09:55:40.000000000,BEST_BID,"JPM,98433,256"
2019-06-28 09:55:40.000000000,BEST_ASK,"JPM,98729,100"
2019-06-28 09:55:40.000000000,BEST_BID,"JPM,98433,256"
2019-06-28 09:55:40.000000000,BEST_ASK,"JPM,98729,100"
2019-06-28 09:55:40.000000000,BEST_BID,"JPM,98433,256"
2019-06-28 09:55:40.000000000,BEST_ASK,"JPM,98729,100"
2019-06-28 09:55:40.000000000,BEST_BID,"JPM,98433,256"
2019-06-28 09:55:40.000000000,BEST_ASK,"JPM,98729,156"
2019-06-28 09:55:40.000000000,BEST_BID,"JPM,98433,256"
2019-06-28 09:55:40.000000000,BEST_ASK,"JPM,98729,156"
2019-06-28 09:55:40.000000000,BEST_BID,"JPM,98433,256"
2019-06-28 09:55:40.000000000,BEST_ASK,"JPM,98729,156"
2019-06-28 09:55:40.000000000,BEST_BID,"JPM,98433,256"
2019-06-28 09:55:40.000000000,BEST_ASK,"JPM,98729,156"
2019-06-28 09:55:40.000000000,BEST_BID,"JPM,98433,256"
2019-06-28 09:55:40.000000000,BEST_ASK,"JPM,98729,156"
2019-06-28 09:55:45.732735190,QUERY_SPREAD,2
2019-06-28 09:55:45.732735190,BEST_BID,"JPM,98433,156"
2019-06-28 09:55:45.732735190,BEST_ASK,"JPM,98729,156"
2019-06-28 09:55:45.732735190,LAST_TRADE,"100,$98433.0000"
2019-06-28 09:55:50.000000000,QUERY_SPREAD,1
2019-06-28 09:55:50.000000000,BEST_BID,"JPM,98433,195"
2019-06-28 09:55:50.000000000,BEST_ASK,"JPM,98729,100"
2019-06-28 09:55:50.000000000,BEST_BID,"JPM,98433,195"
2019-06-28 09:55:50.000000000,BEST_ASK,"JPM,98729,100"
2019-06-28 09:55:50.000000000,BEST_BID,"JPM,98433,195"
2019-06-28 09:55:50.000000000,BEST_ASK,"JPM,98729,100"
2019-06-28 09:55:50.000000000,BEST_BID,"JPM,98433,195"
2019-06-28 09:55:50.000000000,BEST_ASK,"JPM,98729,195"
2019-06-28 09:55:50.000000000,BEST_BID,"JPM,98433,195"
2019-06-28 09:55:50.000000000,BEST_ASK,"JPM,98729,195"
2019-06-28 09:55:50.000000000,BEST_BID,"JPM,98433,195"
2019-06-28 09:55:50.000000000,BEST_ASK,"JPM,98729,195"
2019-06-28 09:55:50.176567470,QUERY_SPREAD,19
2019-06-28 09:55:50.176567470,BEST_BID,"JPM,98433,195"
2019-06-28 09:55:50.176567470,BEST_ASK,"JPM,98729,195"
2019-06-28 09:55:56.133771641,QUERY_SPREAD,5
2019-06-28 09:55:56.133771641,BEST_BID,"JPM,98433,195"
2019-06-28 09:55:56.133771641,BEST_ASK,"JPM,98729,195"
2019-06-28 09:56:00.000000000,QUERY_SPREAD,1
2019-06-28 09:56:00.000000000,BEST_BID,"JPM,98433,195"
2019-06-28 09:56:00.000000000,BEST_ASK,"JPM,98729,100"
2019-06-28 09:56:00.000000000,BEST_BID,"JPM,98433,195"
2019-06-28 09:56:00.000000000,BEST_ASK,"JPM,98729,100"
2019-06-28 09:56:00.000000000,BEST_BID,"JPM,98433,195"
2019-06-28 09:56:00.000000000,BEST_ASK,"JPM,98729,100"
2019-06-28 09:56:00.000000000,BEST_BID,"JPM,98433,195"
2019-06-28 09:56:00.000000000,BEST_ASK,"JPM,98729,195"
2019-06-28 09:56:00.000000000,BEST_BID,"JPM,98433,195"
2019-06-28 09:56:00.000000000,BEST_ASK,"JPM,98729,195"
2019-06-28 09:56:00.000000000,BEST_BID,"JPM,98433,195"
2019-06-28 09:56:00.000000000,BEST_ASK,"JPM,98729,195"
2019-06-28 09:56:00.000000000,QUERY_SPREAD,77
2019-06-28 09:56:00.000000000,QUERY_SPREAD,78
2019-06-28 09:56:00.000000000,QUERY_SPREAD,79
2019-06-28 09:56:00.000000000,QUERY_SPREAD,80
2019-06-28 09:56:00.000000000,QUERY_SPREAD,81
2019-06-28 09:56:00.000000000,QUERY_SPREAD,82
2019-06-28 09:56:00.000000000,QUERY_SPREAD,83
2019-06-28 09:56:00.000000000,QUERY_SPREAD,84
2019-06-28 09:56:00.000000000,QUERY_SPREAD,85
2019-06-28 09:56:00.000000000,QUERY_SPREAD,86
2019-06-28 09:56:00.000000000,QUERY_SPREAD,87
2019-06-28 09:56:00.000000000,QUERY_SPREAD,88
2019-06-28 09:56:00.000000000,QUERY_SPREAD,89
2019-06-28 09:56:00.000000000,QUERY_SPREAD,90
2019-06-28 09:56:00.000000000,QUERY_SPREAD,91
2019-06-28 09:56:00.000000000,QUERY_SPREAD,92
2019-06-28 09:56:00.000000000,QUERY_SPREAD,93
2019-06-28 09:56:00.000000000,QUERY_SPREAD,94
2019-06-28 09:56:00.000000000,QUERY_SPREAD,95
2019-06-28 09:56:00.000000000,QUERY_SPREAD,96
2019-06-28 09:56:00.000000000,QUERY_SPREAD,97
2019-06-28 09:56:00.000000000,QUERY_SPREAD,98
2019-06-28 09:56:00.000000000,QUERY_SPREAD,99
2019-06-28 09:56:00.000000000,QUERY_SPREAD,100
2019-06-28 09:56:00.000000000,QUERY_SPREAD,101
2019-06-28 09:56:00.000000000,QUERY_ORDER_STREAM,101
2019-06-28 09:56:10.000000000,QUERY_SPREAD,1
2019-06-28 09:56:10.000000000,BEST_BID,"JPM,98433,156"
2019-06-28 09:56:10.000000000,BEST_ASK,"JPM,98729,100"
2019-06-28 09:56:10.000000000,BEST_BID,"JPM,98433,156"
2019-06-28 09:56:10.000000000,BEST_ASK,"JPM,98729,100"
2019-06-28 09:56:10.000000000,BEST_BID,"JPM,98433,156"
2019-06-28 09:56:10.000000000,BEST_ASK,"JPM,98729,100"
2019-06-28 09:56:10.000000000,BEST_BID,"JPM,98433,156"
2019-06-28 09:56:10.000000000,BEST_ASK,"JPM,98729,100"
2019-06-28 09:56:10.000000000,BEST_BID,"JPM,98433,156"
2019-06-28 09:56:10.000000000,BEST_ASK,"JPM,98729,100"
2019-06-28 09:56:10.000000000,BEST_BID,"JPM,98433,156"
2019-06-28 09:56:10.000000000,BEST_ASK,"JPM,98729,156"
2019-06-28 09:56:10.000000000,BEST_BID,"JPM,98433,156"
2019-06-28 09:56:10.000000000,BEST_ASK,"JPM,98729,156"
2019-06-28 09:56:10.000000000,BEST_BID,"JPM,98433,156"
2019-06-28 09:56:10.000000000,BEST_ASK,"JPM,98729,156"
2019-06-28 09:56:10.000000000,BEST_BID,"JPM,98433,156"
2019-06-28 09:56:10.000000000,BEST_ASK,"JPM,98729,156"
2019-06-28 09:56:10.000000000,BEST_BID,"JPM,98433,156"
2019-06-28 09:56:10.000000000,BEST_ASK,"JPM,98729,156"
2019-06-28 09:56:15.779062066,QUERY_SPREAD,50
2019-06-28 09:56:15.779062066,BEST_BID,"JPM,98433,156"
2019-06-28 09:56:15.779062066,BEST_ASK,"JPM,98729,56"
2019-06-28 09:56:15.779062066,LAST_TRADE,"100,$98729.0000"
2019-06-28 09:56:20.000000000,QUERY_SPREAD,1
2019-06-28 09:56:20.000000000,BEST_BID,"JPM,98433,195"
2019-06-28 09:56:20.000000000,BEST_ASK,"JPM,98853,100"
2019-06-28 09:56:20.000000000,BEST_BID,"JPM,98433,195"
2019-06-28 09:56:20.000000000,BEST_ASK,"JPM,98853,100"
2019-06-28 09:56:20.000000000,BEST_BID,"JPM,98433,195"
2019-06-28 09:56:20.000000000,BEST_ASK,"JPM,98853,100"
2019-06-28 09:56:20.000000000,BEST_BID,"JPM,98433,195"
2019-06-28 09:56:20.000000000,BEST_ASK,"JPM,98853,195"
2019-06-28 09:56:20.000000000,BEST_BID,"JPM,98433,195"
2019-06-28 09:56:20.000000000,BEST_ASK,"JPM,98853,195"
2019-06-28 09:56:20.000000000,BEST_BID,"JPM,98433,195"
2019-06-28 09:56:20.000000000,BEST_ASK,"JPM,98853,195"
2019-06-28 09:56:30.000000000,QUERY_SPREAD,1
2019-06-28 09:56:30.000000000,BEST_BID,"JPM,98433,156"
2019-06-28 09:56:30.000000000,BEST_ASK,"JPM,98853,100"
2019-06-28 09:56:30.000000000,BEST_BID,"JPM,98433,156"
2019-06-28 09:56:30.000000000,BEST_ASK,"JPM,98853,100"
2019-06-28 09:56:30.000000000,BEST_BID,"JPM,98433,156"
2019-06-28 09:56:30.000000000,BEST_ASK,"JPM,98853,100"
2019-06-28 09:56:30.000000000,BEST_BID,"JPM,98433,156"
2019-06-28 09:56:30.000000000,BEST_ASK,"JPM,98853,100"
2019-06-28 09:56:30.000000000,BEST_BID,"JPM,98433,156"
2019-06-28 09:56:30.000000000,BEST_ASK,"JPM,98853,100"
2019-06-28 09:56:30.000000000,BEST_BID,"JPM,98433,156"
2019-06-28 09:56:30.000000000,BEST_ASK,"JPM,98853,156"
2019-06-28 09:56:30.000000000,BEST_BID,"JPM,98433,156"
2019-06-28 09:56:30.000000000,BEST_ASK,"JPM,98853,156"
2019-06-28 09:56:30.000000000,BEST_BID,"JPM,98433,156"
2019-06-28 09:56:30.000000000,BEST_ASK,"JPM,98853,156"
2019-06-28 09:56:30.000000000,BEST_BID,"JPM,98433,156"
2019-06-28 09:56:30.000000000,BEST_ASK,"JPM,98853,156"
2019-06-28 09:56:30.000000000,BEST_BID,"JPM,98433,156"
2019-06-28 09:56:30.000000000,BEST_ASK,"JPM,98853,156"
2019-06-28 09:56:35.110592511,QUERY_SPREAD,48
2019-06-28 09:56:35.110592511,BEST_BID,"JPM,98654,100"
2019-06-28 09:56:35.110592511,BEST_ASK,"JPM,98853,156"
2019-06-28 09:56:40.000000000,QUERY_SPREAD,1
2019-06-28 09:56:40.000000000,BEST_BID,"JPM,98654,156"
2019-06-28 09:56:40.000000000,BEST_ASK,"JPM,98853,100"
2019-06-28 09:56:40.000000000,BEST_BID,"JPM,98654,156"
2019-06-28 09:56:40.000000000,BEST_ASK,"JPM,98853,100"
2019-06-28 09:56:40.000000000,BEST_BID,"JPM,98654,156"
2019-06-28 09:56:40.000000000,BEST_ASK,"JPM,98853,100"
2019-06-28 09:56:40.000000000,BEST_BID,"JPM,98654,156"
2019-06-28 09:56:40.000000000,BEST_ASK,"JPM,98853,100"
2019-06-28 09:56:40.000000000,BEST_BID,"JPM,98654,156"
2019-06-28 09:56:40.000000000,BEST_ASK,"JPM,98853,100"
2019-06-28 09:56:40.000000000,BEST_BID,"JPM,98654,156"
2019-06-28 09:56:40.000000000,BEST_ASK,"JPM,98853,156"
2019-06-28 09:56:40.000000000,BEST_BID,"JPM,98654,156"
2019-06-28 09:56:40.000000000,BEST_ASK,"JPM,98853,156"
2019-06-28 09:56:40.000000000,BEST_BID,"JPM,98654,156"
2019-06-28 09:56:40.000000000,BEST_ASK,"JPM,98853,156"
2019-06-28 09:56:40.000000000,BEST_BID,"JPM,98654,156"
2019-06-28 09:56:40.000000000,BEST_ASK,"JPM,98853,156"
2019-06-28 09:56:40.000000000,BEST_BID,"JPM,98654,156"
2019-06-28 09:56:40.000000000,BEST_ASK,"JPM,98853,156"
2019-06-28 09:56:47.808384851,QUERY_SPREAD,19
2019-06-28 09:56:47.808384851,BEST_BID,"JPM,98654,156"
2019-06-28 09:56:47.808384851,BEST_ASK,"JPM,98853,156"
2019-06-28 09:56:48.035822326,QUERY_ORDER_STREAM,68
2019-06-28 09:56:48.035822326,QUERY_SPREAD,68
2019-06-28 09:56:49.203235300,QUERY_ORDER_STREAM,71
2019-06-28 09:56:49.203235300,QUERY_SPREAD,71
2019-06-28 09:56:49.203235300,BEST_BID,"JPM,98654,156"
2019-06-28 09:56:49.203235300,BEST_ASK,"JPM,98853,156"
2019-06-28 09:56:50.000000000,QUERY_SPREAD,1
2019-06-28 09:56:50.000000000,BEST_BID,"JPM,98654,240"
2019-06-28 09:56:50.000000000,BEST_ASK,"JPM,98853,100"
2019-06-28 09:56:50.000000000,BEST_BID,"JPM,98654,240"
2019-06-28 09:56:50.000000000,BEST_ASK,"JPM,98853,100"
2019-06-28 09:56:50.000000000,BEST_BID,"JPM,98654,240"
2019-06-28 09:56:50.000000000,BEST_ASK,"JPM,98853,240"
2019-06-28 09:56:50.000000000,BEST_BID,"JPM,98654,240"
2019-06-28 09:56:50.000000000,BEST_ASK,"JPM,98853,240"
2019-06-28 09:56:52.298240051,QUERY_SPREAD,18
2019-06-28 09:56:52.298240051,BEST_BID,"JPM,98654,240"
2019-06-28 09:56:52.298240051,BEST_ASK,"JPM,98846,100"
2019-06-28 09:56:52.550230509,QUERY_SPREAD,50
2019-06-28 09:56:52.550230509,BEST_BID,"JPM,98654,240"
2019-06-28 09:56:52.550230509,BEST_ASK,"JPM,98845,100"
2019-06-28 09:57:00.000000000,QUERY_SPREAD,1
2019-06-28 09:57:00.000000000,BEST_BID,"JPM,98654,170"
2019-06-28 09:57:00.000000000,BEST_ASK,"JPM,98845,100"
2019-06-28 09:57:00.000000000,BEST_BID,"JPM,98654,170"
2019-06-28 09:57:00.000000000,BEST_ASK,"JPM,98845,100"
2019-06-28 09:57:00.000000000,BEST_BID,"JPM,98654,170"
2019-06-28 09:57:00.000000000,BEST_ASK,"JPM,98845,100"
2019-06-28 09:57:00.000000000,BEST_BID,"JPM,98654,170"
2019-06-28 09:57:00.000000000,BEST_ASK,"JPM,98845,100"
2019-06-28 09:57:00.000000000,BEST_BID,"JPM,98654,170"
2019-06-28 09:57:00.000000000,BEST_ASK,"JPM,98845,170"
2019-06-28 09:57:00.000000000,BEST_BID,"JPM,98654,170"
2019-06-28 09:57:00.000000000,BEST_ASK,"JPM,98845,170"
2019-06-28 09:57:00.000000000,BEST_BID,"JPM,98654,170"
2019-06-28 09:57:00.000000000,BEST_ASK,"JPM,98845,170"
2019-06-28 09:57:00.000000000,BEST_BID,"JPM,98654,170"
2019-06-28 09:57:00.000000000,BEST_ASK,"JPM,98845,170"
2019-06-28 09:57:00.000000000,QUERY_SPREAD,77
2019-06-28 09:57:00.000000000,QUERY_SPREAD,78
2019-06-28 09:57:00.000000000,QUERY_SPREAD,79
2019-06-28 09:57:00.000000000,QUERY_SPREAD,80
2019-06-28 09:57:00.000000000,QUERY_SPREAD,81
2019-06-28 09:57:00.000000000,QUERY_SPREAD,82
2019-06-28 09:57:00.000000000,QUERY_SPREAD,83
2019-06-28 09:57:00.000000000,QUERY_SPREAD,84
2019-06-28 09:57:00.000000000,QUERY_SPREAD,85
2019-06-28 09:57:00.000000000,QUERY_SPREAD,86
2019-06-28 09:57:00.000000000,QUERY_SPREAD,87
2019-06-28 09:57:00.000000000,QUERY_SPREAD,88
2019-06-28 09:57:00.000000000,QUERY_SPREAD,89
2019-06-28 09:57:00.000000000,QUERY_SPREAD,90
2019-06-28 09:57:00.000000000,QUERY_SPREAD,91
2019-06-28 09:57:00.000000000,QUERY_SPREAD,92
2019-06-28 09:57:00.000000000,QUERY_SPREAD,93
2019-06-28 09:57:00.000000000,QUERY_SPREAD,94
2019-06-28 09:57:00.000000000,QUERY_SPREAD,95
2019-06-28 09:57:00.000000000,QUERY_SPREAD,96
2019-06-28 09:57:00.000000000,QUERY_SPREAD,97
2019-06-28 09:57:00.000000000,QUERY_SPREAD,98
2019-06-28 09:57:00.000000000,QUERY_SPREAD,99
2019-06-28 09:57:00.000000000,QUERY_SPREAD,100
2019-06-28 09:57:00.000000000,QUERY_SPREAD,101
2019-06-28 09:57:00.000000000,QUERY_ORDER_STREAM,101
2019-06-28 09:57:10.000000000,QUERY_SPREAD,1
2019-06-28 09:57:10.000000000,BEST_BID,"JPM,98654,380"
2019-06-28 09:57:10.000000000,BEST_ASK,"JPM,98845,100"
2019-06-28 09:57:10.000000000,BEST_BID,"JPM,98654,380"
2019-06-28 09:57:10.000000000,BEST_ASK,"JPM,98845,380"
2019-06-28 09:57:20.000000000,QUERY_SPREAD,1
2019-06-28 09:57:20.000000000,BEST_BID,"JPM,98654,170"
2019-06-28 09:57:20.000000000,BEST_ASK,"JPM,98845,100"
2019-06-28 09:57:20.000000000,BEST_BID,"JPM,98654,170"
2019-06-28 09:57:20.000000000,BEST_ASK,"JPM,98845,100"
2019-06-28 09:57:20.000000000,BEST_BID,"JPM,98654,170"
2019-06-28 09:57:20.000000000,BEST_ASK,"JPM,98845,100"
2019-06-28 09:57:20.000000000,BEST_BID,"JPM,98654,170"
2019-06-28 09:57:20.000000000,BEST_ASK,"JPM,98845,100"
2019-06-28 09:57:20.000000000,BEST_BID,"JPM,98654,170"
2019-06-28 09:57:20.000000000,BEST_ASK,"JPM,98845,170"
2019-06-28 09:57:20.000000000,BEST_BID,"JPM,98654,170"
2019-06-28 09:57:20.000000000,BEST_ASK,"JPM,98845,170"
2019-06-28 09:57:20.000000000,BEST_BID,"JPM,98654,170"
2019-06-28 09:57:20.000000000,BEST_ASK,"JPM,98845,170"
2019-06-28 09:57:20.000000000,BEST_BID,"JPM,98654,170"
2019-06-28 09:57:20.000000000,BEST_ASK,"JPM,98845,170"
2019-06-28 09:57:30.000000000,QUERY_SPREAD,1
2019-06-28 09:57:30.000000000,BEST_BID,"JPM,98654,170"
2019-06-28 09:57:30.000000000,BEST_ASK,"JPM,98845,100"
2019-06-28 09:57:30.000000000,BEST_BID,"JPM,98654,170"
2019-06-28 09:57:30.000000000,BEST_ASK,"JPM,98845,100"
2019-06-28 09:57:30.000000000,BEST_BID,"JPM,98654,170"
2019-06-28 09:57:30.000000000,BEST_ASK,"JPM,98845,100"
2019-06-28 09:57:30.000000000,BEST_BID,"JPM,98654,170"
2019-06-28 09:57:30.000000000,BEST_ASK,"JPM,98845,100"
2019-06-28 09:57:30.000000000,BEST_BID,"JPM,98654,170"
2019-06-28 09:57:30.000000000,BEST_ASK,"JPM,98845,170"
2019-06-28 09:57:30.000000000,BEST_BID,"JPM,98654,170"
2019-06-28 09:57:30.000000000,BEST_ASK,"JPM,98845,170"
2019-06-28 09:57:30.000000000,BEST_BID,"JPM,98654,170"
2019-06-28 09:57:30.000000000,BEST_ASK,"JPM,98845,170"
2019-06-28 09:57:30.000000000,BEST_BID,"JPM,98654,170"
2019-06-28 09:57:30.000000000,BEST_ASK,"JPM,98845,170"
2019-06-28 09:57:39.264497031,QUERY_SPREAD,42
2019-06-28 09:57:39.264497031,BEST_BID,"JPM,98654,170"
2019-06-28 09:57:39.264497031,BEST_ASK,"JPM,98845,170"
2019-06-28 09:57:40.000000000,QUERY_SPREAD,1
2019-06-28 09:57:40.000000000,BEST_BID,"JPM,98654,240"
2019-06-28 09:57:40.000000000,BEST_ASK,"JPM,98845,100"
2019-06-28 09:57:40.000000000,BEST_BID,"JPM,98654,240"
2019-06-28 09:57:40.000000000,BEST_ASK,"JPM,98845,100"
2019-06-28 09:57:40.000000000,BEST_BID,"JPM,98654,240"
2019-06-28 09:57:40.000000000,BEST_ASK,"JPM,98845,240"
2019-06-28 09:57:40.000000000,BEST_BID,"JPM,98654,240"
2019-06-28 09:57:40.000000000,BEST_ASK,"JPM,98845,240"
2019-06-28 09:57:44.810718338,QUERY_ORDER_STREAM,72
2019-06-28 09:57:44.810718338,QUERY_SPREAD,72
2019-06-28 09:57:44.810718338,BEST_BID,"JPM,98654,240"
2019-06-28 09:57:44.810718338,BEST_ASK,"JPM,98728,100"
2019-06-28 09:57:47.436738249,QUERY_ORDER_STREAM,72
2019-06-28 09:57:47.436738249,QUERY_SPREAD,72
2019-06-28 09:57:47.436738249,BEST_BID,"JPM,98654,240"
2019-06-28 09:57:47.436738249,BEST_ASK,"JPM,98728,100"
2019-06-28 09:57:47.870514446,QUERY_SPREAD,16
2019-06-28 09:57:47.870514446,BEST_BID,"JPM,98654,240"
2019-06-28 09:57:47.870514446,BEST_ASK,"JPM,98728,100"
2019-06-28 09:57:48.529704214,QUERY_SPREAD,3
2019-06-28 09:57:48.529704214,BEST_BID,"JPM,98654,140"
2019-06-28 09:57:48.529704214,BEST_ASK,"JPM,98728,100"
2019-06-28 09:57:48.529704214,LAST_TRADE,"100,$98654.0000"
2019-06-28 09:57:50.000000000,QUERY_SPREAD,1
2019-06-28 09:57:50.000000000,BEST_BID,"JPM,98512,156"
2019-06-28 09:57:50.000000000,BEST_ASK,"JPM,98728,100"
2019-06-28 09:57:50.000000000,BEST_BID,"JPM,98512,156"
2019-06-28 09:57:50.000000000,BEST_ASK,"JPM,98728,100"
2019-06-28 09:57:50.000000000,BEST_BID,"JPM,98512,156"
2019-06-28 09:57:50.000000000,BEST_ASK,"JPM,98728,100"
2019-06-28 09:57:50.000000000,BEST_BID,"JPM,98512,156"
2019-06-28 09:57:50.000000000,BEST_ASK,"JPM,98728,100"
2019-06-28 09:57:50.000000000,BEST_BID,"JPM,98512,156"
2019-06-28 09:57:50.000000000,BEST_ASK,"JPM,98728,100"
2019-06-28 09:57:50.000000000,BEST_BID,"JPM,98512,156"
2019-06-28 09:57:50.000000000,BEST_ASK,"JPM,98728,156"
2019-06-28 09:57:50.000000000,BEST_BID,"JPM,98512,156"
2019-06-28 09:57:50.000000000,BEST_ASK,"JPM,98728,156"
2019-06-28 09:57:50.000000000,BEST_BID,"JPM,98512,156"
2019-06-28 09:57:50.000000000,BEST_ASK,"JPM,98728,156"
2019-06-28 09:57:50.000000000,BEST_BID,"JPM,98512,156"
2019-06-28 09:57:50.000000000,BEST_ASK,"JPM,98728,156"
2019-06-28 09:57:50.000000000,BEST_BID,"JPM,98512,156"
2019-06-28 09:57:50.000000000,BEST_ASK,"JPM,98728,156"
2019-06-28 09:57:50.293172025,QUERY_SPREAD,42
2019-06-28 09:57:50.293172025,BEST_BID,"JPM,98558,100"
2019-06-28 09:57:50.293172025,BEST_ASK,"JPM,98728,156"
2019-06-28 09:57:54.340536540,QUERY_SPREAD,25
2019-06-28 09:57:54.340536540,BEST_BID,"JPM,98558,100"
2019-06-28 09:57:54.340536540,BEST_ASK,"JPM,98686,100"
2019-06-28 09:57:56.370056334,QUERY_ORDER_STREAM,68
2019-06-28 09:57:56.370056334,QUERY_SPREAD,68
2019-06-28 09:58:00.000000000,QUERY_SPREAD,1
2019-06-28 09:58:00.000000000,BEST_BID,"JPM,98558,195"
2019-06-28 09:58:00.000000000,BEST_ASK,"JPM,98686,100"
2019-06-28 09:58:00.000000000,BEST_BID,"JPM,98558,195"
2019-06-28 09:58:00.000000000,BEST_ASK,"JPM,98686,100"
2019-06-28 09:58:00.000000000,BEST_BID,"JPM,98558,195"
2019-06-28 09:58:00.000000000,BEST_ASK,"JPM,98686,100"
2019-06-28 09:58:00.000000000,BEST_BID,"JPM,98558,195"
2019-06-28 09:58:00.000000000,BEST_ASK,"JPM,98686,195"
2019-06-28 09:58:00.000000000,BEST_BID,"JPM,98558,195"
2019-06-28 09:58:00.000000000,BEST_ASK,"JPM,98686,195"
2019-06-28 09:58:00.000000000,BEST_BID,"JPM,98558,195"
2019-06-28 09:58:00.000000000,BEST_ASK,"JPM,98686,195"
2019-06-28 09:58:00.000000000,QUERY_SPREAD,77
2019-06-28 09:58:00.000000000,QUERY_SPREAD,78
2019-06-28 09:58:00.000000000,QUERY_SPREAD,79
2019-06-28 09:58:00.000000000,QUERY_SPREAD,80
2019-06-28 09:58:00.000000000,QUERY_SPREAD,81
2019-06-28 09:58:00.000000000,QUERY_SPREAD,82
2019-06-28 09:58:00.000000000,QUERY_SPREAD,83
2019-06-28 09:58:00.000000000,QUERY_SPREAD,84
2019-06-28 09:58:00.000000000,QUERY_SPREAD,85
2019-06-28 09:58:00.000000000,QUERY_SPREAD,86
2019-06-28 09:58:00.000000000,QUERY_SPREAD,87
2019-06-28 09:58:00.000000000,QUERY_SPREAD,88
2019-06-28 09:58:00.000000000,QUERY_SPREAD,89
2019-06-28 09:58:00.000000000,QUERY_SPREAD,90
2019-06-28 09:58:00.000000000,QUERY_SPREAD,91
2019-06-28 09:58:00.000000000,QUERY_SPREAD,92
2019-06-28 09:58:00.000000000,QUERY_SPREAD,93
2019-06-28 09:58:00.000000000,QUERY_SPREAD,94
2019-06-28 09:58:00.000000000,QUERY_SPREAD,95
2019-06-28 09:58:00.000000000,QUERY_SPREAD,96
2019-06-28 09:58:00.000000000,QUERY_SPREAD,97
2019-06-28 09:58:00.000000000,QUERY_SPREAD,98
2019-06-28 09:58:00.000000000,QUERY_SPREAD,99
2019-06-28 09:58:00.000000000,QUERY_SPREAD,100
2019-06-28 09:58:00.000000000,QUERY_SPREAD,101
2019-06-28 09:58:00.000000000,QUERY_ORDER_STREAM,101
2019-06-28 09:58:10.000000000,QUERY_SPREAD,1
2019-06-28 09:58:10.000000000,BEST_BID,"JPM,98558,156"
2019-06-28 09:58:10.000000000,BEST_ASK,"JPM,98686,100"
2019-06-28 09:58:10.000000000,BEST_BID,"JPM,98558,156"
2019-06-28 09:58:10.000000000,BEST_ASK,"JPM,98686,100"
2019-06-28 09:58:10.000000000,BEST_BID,"JPM,98558,156"
2019-06-28 09:58:10.000000000,BEST_ASK,"JPM,98686,100"
2019-06-28 09:58:10.000000000,BEST_BID,"JPM,98558,156"
2019-06-28 09:58:10.000000000,BEST_ASK,"JPM,98686,100"
2019-06-28 09:58:10.000000000,BEST_BID,"JPM,98558,156"
2019-06-28 09:58:10.000000000,BEST_ASK,"JPM,98686,100"
2019-06-28 09:58:10.000000000,BEST_BID,"JPM,98558,156"
2019-06-28 09:58:10.000000000,BEST_ASK,"JPM,98686,156"
2019-06-28 09:58:10.000000000,BEST_BID,"JPM,98558,156"
2019-06-28 09:58:10.000000000,BEST_ASK,"JPM,98686,156"
2019-06-28 09:58:10.000000000,BEST_BID,"JPM,98558,156"
2019-06-28 09:58:10.000000000,BEST_ASK,"JPM,98686,156"
2019-06-28 09:58:10.000000000,BEST_BID,"JPM,98558,156"
2019-06-28 09:58:10.000000000,BEST_ASK,"JPM,98686,156"
2019-06-28 09:58:10.000000000,BEST_BID,"JPM,98558,156"
2019-06-28 09:58:10.000000000,BEST_ASK,"JPM,98686,156"
2019-06-28 09:58:20.000000000,QUERY_SPREAD,1
2019-06-28 09:58:20.000000000,BEST_BID,"JPM,98558,170"
2019-06-28 09:58:20.000000000,BEST_ASK,"JPM,98686,100"
2019-06-28 09:58:20.000000000,BEST_BID,"JPM,98558,170"
2019-06-28 09:58:20.000000000,BEST_ASK,"JPM,98686,100"
2019-06-28 09:58:20.000000000,BEST_BID,"JPM,98558,170"
2019-06-28 09:58:20.000000000,BEST_ASK,"JPM,98686,100"
2019-06-28 09:58:20.000000000,BEST_BID,"JPM,98558,170"
2019-06-28 09:58:20.000000000,BEST_ASK,"JPM,98686,100"
2019-06-28 09:58:20.000000000,BEST_BID,"JPM,98558,170"
2019-06-28 09:58:20.000000000,BEST_ASK,"JPM,98686,170"
2019-06-28 09:58:20.000000000,BEST_BID,"JPM,98558,170"
2019-06-28 09:58:20.000000000,BEST_ASK,"JPM,98686,170"
2019-06-28 09:58:20.000000000,BEST_BID,"JPM,98558,170"
2019-06-28 09:58:20.000000000,BEST_ASK,"JPM,98686,170"
2019-06-28 09:58:20.000000000,BEST_BID,"JPM,98558,170"
2019-06-28 09:58:20.000000000,BEST_ASK,"JPM,98686,170"
2019-06-28 09:58:30.000000000,QUERY_SPREAD,1
2019-06-28 09:58:30.000000000,BEST_BID,"JPM,98558,240"
2019-06-28 09:58:30.000000000,BEST_ASK,"JPM,98686,100"
2019-06-28 09:58:30.000000000,BEST_BID,"JPM,98558,240"
2019-06-28 09:58:30.000000000,BEST_ASK,"JPM,98686,100"
2019-06-28 09:58:30.000000000,BEST_BID,"JPM,98558,240"
2019-06-28 09:58:30.000000000,BEST_ASK,"JPM,98686,240"
2019-06-28 09:58:30.000000000,BEST_BID,"JPM,98558,240"
2019-06-28 09:58:30.000000000,BEST_ASK,"JPM,98686,240"
2019-06-28 09:58:40.000000000,QUERY_SPREAD,1
2019-06-28 09:58:40.000000000,BEST_BID,"JPM,98558,195"
2019-06-28 09:58:40.000000000,BEST_ASK,"JPM,98686,100"
2019-06-28 09:58:40.000000000,BEST_BID,"JPM,98558,195"
2019-06-28 09:58:40.000000000,BEST_ASK,"JPM,98686,100"
2019-06-28 09:58:40.000000000,BEST_BID,"JPM,98558,195"
2019-06-28 09:58:40.000000000,BEST_ASK,"JPM,98686,100"
2019-06-28 09:58:40.000000000,BEST_BID,"JPM,98558,195"
2019-06-28 09:58:40.000000000,BEST_ASK,"JPM,98686,195"
2019-06-28 09:58:40.000000000,BEST_BID,"JPM,98558,195"
2019-06-28 09:58:40.000000000,BEST_ASK,"JPM,98686,195"
2019-06-28 09:58:40.000000000,BEST_BID,"JPM,98558,195"
2019-06-28 09:58:40.000000000,BEST_ASK,"JPM,98686,195"
2019-06-28 09:58:40.846647612,QUERY_SPREAD,36
2019-06-28 09:58:40.846647612,BEST_BID,"JPM,98558,95"
2019-06-28 09:58:40.846647612,BEST_ASK,"JPM,98686,195"
2019-06-28 09:58:40.846647612,LAST_TRADE,"100,$98558.0000"
2019-06-28 09:58:50.000000000,QUERY_SPREAD,1
2019-06-28 09:58:50.000000000,BEST_BID,"JPM,98434,195"
2019-06-28 09:58:50.000000000,BEST_ASK,"JPM,98686,100"
2019-06-28 09:58:50.000000000,BEST_BID,"JPM,98434,195"
2019-06-28 09:58:50.000000000,BEST_ASK,"JPM,98686,100"
2019-06-28 09:58:50.000000000,BEST_BID,"JPM,98434,195"
2019-06-28 09:58:50.000000000,BEST_ASK,"JPM,98686,100"
2019-06-28 09:58:50.000000000,BEST_BID,"JPM,98434,195"
2019-06-28 09:58:50.000000000,BEST_ASK,"JPM,98686,195"
2019-06-28 09:58:50.000000000,BEST_BID,"JPM,98434,195"
2019-06-28 09:58:50.000000000,BEST_ASK,"JPM,98686,195"
2019-06-28 09:58:50.000000000,BEST_BID,"JPM,98434,195"
2019-06-28 09:58:50.000000000,BEST_ASK,"JPM,98686,195"
2019-06-28 09:58:51.347544248,QUERY_SPREAD,23
2019-06-28 09:58:51.347544248,BEST_BID,"JPM,98434,195"
2019-06-28 09:58:51.347544248,BEST_ASK,"JPM,98686,195"
2019-06-28 09:58:56.534338591,QUERY_ORDER_STREAM,72
2019-06-28 09:58:56.534338591,QUERY_SPREAD,72
2019-06-28 09:58:56.534338591,BEST_BID,"JPM,98434,195"
2019-06-28 09:58:56.534338591,BEST_ASK,"JPM,98654,100"
2019-06-28 09:59:00.000000000,QUERY_SPREAD,1
2019-06-28 09:59:00.000000000,BEST_BID,"JPM,98434,380"
2019-06-28 09:59:00.000000000,BEST_ASK,"JPM,98654,100"
2019-06-28 09:59:00.000000000,BEST_BID,"JPM,98434,380"
2019-06-28 09:59:00.000000000,BEST_ASK,"JPM,98654,380"
2019-06-28 09:59:00.000000000,QUERY_SPREAD,77
2019-06-28 09:59:00.000000000,QUERY_SPREAD,78
2019-06-28 09:59:00.000000000,QUERY_SPREAD,79
2019-06-28 09:59:00.000000000,QUERY_SPREAD,80
2019-06-28 09:59:00.000000000,QUERY_SPREAD,81
2019-06-28 09:59:00.000000000,QUERY_SPREAD,82
2019-06-28 09:59:00.000000000,QUERY_SPREAD,83
2019-06-28 09:59:00.000000000,QUERY_SPREAD,84
2019-06-28 09:59:00.000000000,QUERY_SPREAD,85
2019-06-28 09:59:00.000000000,QUERY_SPREAD,86
2019-06-28 09:59:00.000000000,QUERY_SPREAD,87
2019-06-28 09:59:00.000000000,QUERY_SPREAD,88
2019-06-28 09:59:00.000000000,QUERY_SPREAD,89
2019-06-28 09:59:00.000000000,QUERY_SPREAD,90
2019-06-28 09:59:00.000000000,QUERY_SPREAD,91
2019-06-28 09:59:00.000000000,QUERY_SPREAD,92
2019-06-28 09:59:00.000000000,QUERY_SPREAD,93
2019-06-28 09:59:00.000000000,QUERY_SPREAD,94
2019-06-28 09:59:00.000000000,QUERY_SPREAD,95
2019-06-28 09:59:00.000000000,QUERY_SPREAD,96
2019-06-28 09:59:00.000000000,QUERY_SPREAD,97
2019-06-28 09:59:00.000000000,QUERY_SPREAD,98
2019-06-28 09:59:00.000000000,QUERY_SPREAD,99
2019-06-28 09:59:00.000000000,QUERY_SPREAD,100
2019-06-28 09:59:00.000000000,QUERY_SPREAD,101
2019-06-28 09:59:00.000000000,QUERY_ORDER_STREAM,101
2019-06-28 09:59:10.000000000,QUERY_SPREAD,1
2019-06-28 09:59:10.000000000,BEST_BID,"JPM,98434,170"
2019-06-28 09:59:10.000000000,BEST_ASK,"JPM,98654,100"
2019-06-28 09:59:10.000000000,BEST_BID,"JPM,98434,170"
2019-06-28 09:59:10.000000000,BEST_ASK,"JPM,98654,100"
2019-06-28 09:59:10.000000000,BEST_BID,"JPM,98434,170"
2019-06-28 09:59:10.000000000,BEST_ASK,"JPM,98654,100"
2019-06-28 09:59:10.000000000,BEST_BID,"JPM,98434,170"
2019-06-28 09:59:10.000000000,BEST_ASK,"JPM,98654,100"
2019-06-28 09:59:10.000000000,BEST_BID,"JPM,98434,170"
2019-06-28 09:59:10.000000000,BEST_ASK,"JPM,98654,170"
2019-06-28 09:59:10.000000000,BEST_BID,"JPM,98434,170"
2019-06-28 09:59:10.000000000,BEST_ASK,"JPM,98654,170"
2019-06-28 09:59:10.000000000,BEST_BID,"JPM,98434,170"
2019-06-28 09:59:10.000000000,BEST_ASK,"JPM,98654,170"
2019-06-28 09:59:10.000000000,BEST_BID,"JPM,98434,170"
2019-06-28 09:59:10.000000000,BEST_ASK,"JPM,98654,170"
2019-06-28 09:59:10.077382553,QUERY_SPREAD,25
2019-06-28 09:59:10.077382553,BEST_BID,"JPM,98434,170"
2019-06-28 09:59:10.077382553,BEST_ASK,"JPM,98654,170"
2019-06-28 09:59:10.486277423,QUERY_SPREAD,3
2019-06-28 09:59:10.486277423,BEST_BID,"JPM,98434,170"
2019-06-28 09:59:10.486277423,BEST_ASK,"JPM,98654,170"
2019-06-28 09:59:13.091201882,QUERY_ORDER_STREAM,59
2019-06-28 09:59:13.091201882,QUERY_SPREAD,59
2019-06-28 09:59:20.000000000,QUERY_SPREAD,1
2019-06-28 09:59:20.000000000,BEST_BID,"JPM,98434,240"
2019-06-28 09:59:20.000000000,BEST_ASK,"JPM,98654,100"
2019-06-28 09:59:20.000000000,BEST_BID,"JPM,98434,240"
2019-06-28 09:59:20.000000000,BEST_ASK,"JPM,98654,100"
2019-06-28 09:59:20.000000000,BEST_BID,"JPM,98434,240"
2019-06-28 09:59:20.000000000,BEST_ASK,"JPM,98654,240"
2019-06-28 09:59:20.000000000,BEST_BID,"JPM,98434,240"
2019-06-28 09:59:20.000000000,BEST_ASK,"JPM,98654,240"
2019-06-28 09:59:29.068869585,QUERY_ORDER_STREAM,70
2019-06-28 09:59:29.068869585,QUERY_SPREAD,70
2019-06-28 09:59:29.068869585,BEST_BID,"JPM,98434,240"
2019-06-28 09:59:29.068869585,BEST_ASK,"JPM,98654,340"
2019-06-28 09:59:30.000000000,QUERY_SPREAD,1
2019-06-28 09:59:30.000000000,BEST_BID,"JPM,98434,195"
2019-06-28 09:59:30.000000000,BEST_ASK,"JPM,98654,200"
2019-06-28 09:59:30.000000000,BEST_BID,"JPM,98434,195"
2019-06-28 09:59:30.000000000,BEST_ASK,"JPM,98654,200"
2019-06-28 09:59:30.000000000,BEST_BID,"JPM,98434,195"
2019-06-28 09:59:30.000000000,BEST_ASK,"JPM,98654,200"
2019-06-28 09:59:30.000000000,BEST_BID,"JPM,98434,195"
2019-06-28 09:59:30.000000000,BEST_ASK,"JPM,98654,295"
2019-06-28 09:59:30.000000000,BEST_BID,"JPM,98434,195"
2019-06-28 09:59:30.000000000,BEST_ASK,"JPM,98654,295"
2019-06-28 09:59:30.000000000,BEST_BID,"JPM,98434,195"
2019-06-28 09:59:30.000000000,BEST_ASK,"JPM,98654,295"
2019-06-28 09:59:35.526307206,QUERY_SPREAD,11
2019-06-28 09:59:35.526307206,BEST_BID,"JPM,98434,95"
2019-06-28 09:59:35.526307206,BEST_ASK,"JPM,98654,295"
2019-06-28 09:59:35.526307206,LAST_TRADE,"100,$98434.0000"
2019-06-28 09:59:40.000000000,QUERY_SPREAD,1
2019-06-28 09:59:40.000000000,BEST_BID,"JPM,98433,240"
2019-06-28 09:59:40.000000000,BEST_ASK,"JPM,98654,200"
2019-06-28 09:59:40.000000000,BEST_BID,"JPM,98433,240"
2019-06-28 09:59:40.000000000,BEST_ASK,"JPM,98654,200"
2019-06-28 09:59:40.000000000,BEST_BID,"JPM,98433,240"
2019-06-28 09:59:40.000000000,BEST_ASK,"JPM,98654,340"
2019-06-28 09:59:40.000000000,BEST_BID,"JPM,98433,240"
2019-06-28 09:59:40.000000000,BEST_ASK,"JPM,98654,340"
2019-06-28 09:59:49.827075762,QUERY_SPREAD,17
2019-06-28 09:59:49.827075762,BEST_BID,"JPM,98433,140"
2019-06-28 09:59:49.827075762,BEST_ASK,"JPM,98654,340"
2019-06-28 09:59:49.827075762,LAST_TRADE,"100,$98433.0000"
2019-06-28 09:59:50.000000000,QUERY_SPREAD,1
2019-06-28 09:59:50.000000000,BEST_BID,"JPM,98293,170"
2019-06-28 09:59:50.000000000,BEST_ASK,"JPM,98654,200"
2019-06-28 09:59:50.000000000,BEST_BID,"JPM,98293,170"
2019-06-28 09:59:50.000000000,BEST_ASK,"JPM,98654,200"
2019-06-28 09:59:50.000000000,BEST_BID,"JPM,98293,170"
2019-06-28 09:59:50.000000000,BEST_ASK,"JPM,98654,200"
2019-06-28 09:59:50.000000000,BEST_BID,"JPM,98293,170"
2019-06-28 09:59:50.000000000,BEST_ASK,"JPM,98654,200"
2019-06-28 09:59:50.000000000,BEST_BID,"JPM,98293,170"
2019-06-28 09:59:50.000000000,BEST_ASK,"JPM,98654,270"
2019-06-28 09:59:50.000000000,BEST_BID,"JPM,98293,170"
2019-06-28 09:59:50.000000000,BEST_ASK,"JPM,98654,270"
2019-06-28 09:59:50.000000000,BEST_BID,"JPM,98293,170"
2019-06-28 09:59:50.000000000,BEST_ASK,"JPM,98654,270"
2019-06-28 09:59:50.000000000,BEST_BID,"JPM,98293,170"
2019-06-28 09:59:50.000000000,BEST_ASK,"JPM,98654,270"
2019-06-28 09:59:50.754303683,QUERY_SPREAD,9
2019-06-28 09:59:50.754303683,BEST_BID,"JPM,98293,70"
2019-06-28 09:59:50.754303683,BEST_ASK,"JPM,98654,270"
2019-06-28 09:59:50.754303683,LAST_TRADE,"100,$98293.0000"
2019-06-28 10:00:00.000000000,QUERY_SPREAD,1
2019-06-28 10:00:00.000000000,BEST_BID,"JPM,98273,170"
2019-06-28 10:00:00.000000000,BEST_ASK,"JPM,98654,200"
2019-06-28 10:00:00.000000000,BEST_BID,"JPM,98273,170"
2019-06-28 10:00:00.000000000,BEST_ASK,"JPM,98654,200"
2019-06-28 10:00:00.000000000,BEST_BID,"JPM,98273,170"
2019-06-28 10:00:00.000000000,BEST_ASK,"JPM,98654,200"
2019-06-28 10:00:00.000000000,BEST_BID,"JPM,98273,170"
2019-06-28 10:00:00.000000000,BEST_ASK,"JPM,98654,200"
2019-06-28 10:00:00.000000000,BEST_BID,"JPM,98273,170"
2019-06-28 10:00:00.000000000,BEST_ASK,"JPM,98654,270"
2019-06-28 10:00:00.000000000,BEST_BID,"JPM,98273,170"
2019-06-28 10:00:00.000000000,BEST_ASK,"JPM,98654,270"
2019-06-28 10:00:00.000000000,BEST_BID,"JPM,98273,170"
2019-06-28 10:00:00.000000000,BEST_ASK,"JPM,98654,270"
2019-06-28 10:00:00.000000000,BEST_BID,"JPM,98273,170"
2019-06-28 10:00:00.000000000,BEST_ASK,"JPM,98654,270"
2019-06-28 10:00:00.000000000,QUERY_SPREAD,77
2019-06-28 10:00:00.000000000,QUERY_SPREAD,78
2019-06-28 10:00:00.000000000,QUERY_SPREAD,79
2019-06-28 10:00:00.000000000,QUERY_SPREAD,80
2019-06-28 10:00:00.000000000,QUERY_SPREAD,81
2019-06-28 10:00:00.000000000,QUERY_SPREAD,82
2019-06-28 10:00:00.000000000,QUERY_SPREAD,83
2019-06-28 10:00:00.000000000,QUERY_SPREAD,84
2019-06-28 10:00:00.000000000,QUERY_SPREAD,85
2019-06-28 10:00:00.000000000,QUERY_SPREAD,86
2019-06-28 10:00:00.000000000,QUERY_SPREAD,87
2019-06-28 10:00:00.000000000,QUERY_SPREAD,88
2019-06-28 10:00:00.000000000,QUERY_SPREAD,89
2019-06-28 10:00:00.000000000,QUERY_SPREAD,90
2019-06-28 10:00:00.000000000,QUERY_SPREAD,91
2019-06-28 10:00:00.000000000,QUERY_SPREAD,92
2019-06-28 10:00:00.000000000,QUERY_SPREAD,93
2019-06-28 10:00:00.000000000,QUERY_SPREAD,94
2019-06-28 10:00:00.000000000,QUERY_SPREAD,95
2019-06-28 10:00:00.000000000,QUERY_SPREAD,96
2019-06-28 10:00:00.000000000,QUERY_SPREAD,97
2019-06-28 10:00:00.000000000,QUERY_SPREAD,98
2019-06-28 10:00:00.000000000,QUERY_SPREAD,99
2019-06-28 10:00:00.000000000,QUERY_SPREAD,100
2019-06-28 10:00:00.000000000,QUERY_SPREAD,101
2019-06-28 10:00:00.000000000,QUERY_ORDER_STREAM,101
2019-06-28 10:00:00.653346349,QUERY_SPREAD,33
2019-06-28 10:00:00.653346349,BEST_BID,"JPM,98273,170"
2019-06-28 10:00:00.653346349,BEST_ASK,"JPM,98654,270"
2019-06-28 10:00:10.000000000,QUERY_SPREAD,1
2019-06-28 10:00:10.000000000,BEST_BID,"JPM,98273,380"
2019-06-28 10:00:10.000000000,BEST_ASK,"JPM,98654,200"
2019-06-28 10:00:10.000000000,BEST_BID,"JPM,98273,380"
2019-06-28 10:00:10.000000000,BEST_ASK,"JPM,98654,480"
2019-06-28 10:00:18.512294337,QUERY_SPREAD,10
2019-06-28 10:00:18.512294337,BEST_BID,"JPM,98273,380"
2019-06-28 10:00:18.512294337,BEST_ASK,"JPM,98441,100"
2019-06-28 10:00:20.000000000,QUERY_SPREAD,1
2019-06-28 10:00:20.000000000,BEST_BID,"JPM,98273,380"
2019-06-28 10:00:20.000000000,BEST_ASK,"JPM,98441,100"
2019-06-28 10:00:20.000000000,BEST_BID,"JPM,98273,380"
2019-06-28 10:00:20.000000000,BEST_ASK,"JPM,98441,380"
2019-06-28 10:00:30.000000000,QUERY_SPREAD,1
2019-06-28 10:00:30.000000000,BEST_BID,"JPM,98273,156"
2019-06-28 10:00:30.000000000,BEST_ASK,"JPM,98441,100"
2019-06-28 10:00:30.000000000,BEST_BID,"JPM,98273,156"
2019-06-28 10:00:30.000000000,BEST_ASK,"JPM,98441,100"
2019-06-28 10:00:30.000000000,BEST_BID,"JPM,98273,156"
2019-06-28 10:00:30.000000000,BEST_ASK,"JPM,98441,100"
2019-06-28 10:00:30.000000000,BEST_BID,"JPM,98273,156"
2019-06-28 10:00:30.000000000,BEST_ASK,"JPM,98441,100"
2019-06-28 10:00:30.000000000,BEST_BID,"JPM,98273,156"
2019-06-28 10:00:30.000000000,BEST_ASK,"JPM,98441,100"
2019-06-28 10:00:30.000000000,BEST_BID,"JPM,98273,156"
2019-06-28 10:00:30.000000000,BEST_ASK,"JPM,98441,156"
2019-06-28 10:00:30.000000000,BEST_BID,"JPM,98273,156"
2019-06-28 10:00:30.000000000,BEST_ASK,"JPM,98441,156"
2019-06-28 10:00:30.000000000,BEST_BID,"JPM,98273,156"
2019-06-28 10:00:30.000000000,BEST_ASK,"JPM,98441,156"
2019-06-28 10:00:30.000000000,BEST_BID,"JPM,98273,156"
2019-06-28 10:00:30.000000000,BEST_ASK,"JPM,98441,156"
2019-06-28 10:00:30.000000000,BEST_BID,"JPM,98273,156"
2019-06-28 10:00:30.000000000,BEST_ASK,"JPM,98441,156"
2019-06-28 10:00:35.090784115,QUERY_SPREAD,45
2019-06-28 10:00:35.090784115,BEST_BID,"JPM,98327,100"
2019-06-28 10:00:35.090784115,BEST_ASK,"JPM,98441,156"
2019-06-28 10:00:40.000000000,QUERY_SPREAD,1
2019-06-28 10:00:40.000000000,BEST_BID,"JPM,98327,156"
2019-06-28 10:00:40.000000000,BEST_ASK,"JPM,98441,100"
2019-06-28 10:00:40.000000000,BEST_BID,"JPM,98327,156"
2019-06-28 10:00:40.000000000,BEST_ASK,"JPM,98441,100"
2019-06-28 10:00:40.000000000,BEST_BID,"JPM,98327,156"
2019-06-28 10:00:40.000000000,BEST_ASK,"JPM,98441,100"
2019-06-28 10:00:40.000000000,BEST_BID,"JPM,98327,156"
2019-06-28 10:00:40.000000000,BEST_ASK,"JPM,98441,100"
2019-06-28 10:00:40.000000000,BEST_BID,"JPM,98327,156"
2019-06-28 10:00:40.000000000,BEST_ASK,"JPM,98441,100"
2019-06-28 10:00:40.000000000,BEST_BID,"JPM,98327,156"
2019-06-28 10:00:40.000000000,BEST_ASK,"JPM,98441,156"
2019-06-28 10:00:40.000000000,BEST_BID,"JPM,98327,156"
2019-06-28 10:00:40.000000000,BEST_ASK,"JPM,98441,156"
2019-06-28 10:00:40.000000000,BEST_BID,"JPM,98327,156"
2019-06-28 10:00:40.000000000,BEST_ASK,"JPM,98441,156"
2019-06-28 10:00:40.000000000,BEST_BID,"JPM,98327,156"
2019-06-28 10:00:40.000000000,BEST_ASK,"JPM,98441,156"
2019-06-28 10:00:40.000000000,BEST_BID,"JPM,98327,156"
2019-06-28 10:00:40.000000000,BEST_ASK,"JPM,98441,156"
2019-06-28 10:00:50.000000000,QUERY_SPREAD,1
2019-06-28 10:00:50.000000000,BEST_BID,"JPM,98327,170"
2019-06-28 10:00:50.000000000,BEST_ASK,"JPM,98441,100"
2019-06-28 10:00:50.000000000,BEST_BID,"JPM,98327,170"
2019-06-28 10:00:50.000000000,BEST_ASK,"JPM,98441,100"
2019-06-28 10:00:50.000000000,BEST_BID,"JPM,98327,170"
2019-06-28 10:00:50.000000000,BEST_ASK,"JPM,98441,100"
2019-06-28 10:00:50.000000000,BEST_BID,"JPM,98327,170"
2019-06-28 10:00:50.000000000,BEST_ASK,"JPM,98441,100"
2019-06-28 10:00:50.000000000,BEST_BID,"JPM,98327,170"
2019-06-28 10:00:50.000000000,BEST_ASK,"JPM,98441,170"
2019-06-28 10:00:50.000000000,BEST_BID,"JPM,98327,170"
2019-06-28 10:00:50.000000000,BEST_ASK,"JPM,98441,170"
2019-06-28 10:00:50.000000000,BEST_BID,"JPM,98327,170"
2019-06-28 10:00:50.000000000,BEST_ASK,"JPM,98441,170"
2019-06-28 10:00:50.000000000,BEST_BID,"JPM,98327,170"
2019-06-28 10:00:50.000000000,BEST_ASK,"JPM,98441,170"
2019-06-28 10:01:00.000000000,QUERY_SPREAD,1
2019-06-28 10:01:00.000000000,BEST_BID,"JPM,98327,195"
2019-06-28 10:01:00.000000000,BEST_ASK,"JPM,98441,100"
2019-06-28 10:01:00.000000000,BEST_BID,"JPM,98327,195"
2019-06-28 10:01:00.000000000,BEST_ASK,"JPM,98441,100"
2019-06-28 10:01:00.000000000,BEST_BID,"JPM,98327,195"
2019-06-28 10:01:00.000000000,BEST_ASK,"JPM,98441,100"
2019-06-28 10:01:00.000000000,BEST_BID,"JPM,98327,195"
2019-06-28 10:01:00.000000000,BEST_ASK,"JPM,98441,195"
2019-06-28 10:01:00.000000000,BEST_BID,"JPM,98327,195"
2019-06-28 10:01:00.000000000,BEST_ASK,"JPM,98441,195"
2019-06-28 10:01:00.000000000,BEST_BID,"JPM,98327,195"
2019-06-28 10:01:00.000000000,BEST_ASK,"JPM,98441,195"
2019-06-28 10:01:00.000000000,QUERY_SPREAD,77
2019-06-28 10:01:00.000000000,QUERY_SPREAD,78
2019-06-28 10:01:00.000000000,QUERY_SPREAD,79
2019-06-28 10:01:00.000000000,QUERY_SPREAD,80
2019-06-28 10:01:00.000000000,QUERY_SPREAD,81
2019-06-28 10:01:00.000000000,QUERY_SPREAD,82
2019-06-28 10:01:00.000000000,QUERY_SPREAD,83
2019-06-28 10:01:00.000000000,QUERY_SPREAD,84
2019-06-28 10:01:00.000000000,QUERY_SPREAD,85
2019-06-28 10:01:00.000000000,QUERY_SPREAD,86
2019-06-28 10:01:00.000000000,QUERY_SPREAD,87
2019-06-28 10:01:00.000000000,QUERY_SPREAD,88
2019-06-28 10:01:00.000000000,QUERY_SPREAD,89
2019-06-28 10:01:00.000000000,QUERY_SPREAD,90
2019-06-28 10:01:00.000000000,QUERY_SPREAD,91
2019-06-28 10:01:00.000000000,QUERY_SPREAD,92
2019-06-28 10:01:00.000000000,QUERY_SPREAD,93
2019-06-28 10:01:00.000000000,QUERY_SPREAD,94
2019-06-28 10:01:00.000000000,QUERY_SPREAD,95
2019-06-28 10:01:00.000000000,QUERY_SPREAD,96
2019-06-28 10:01:00.000000000,QUERY_SPREAD,97
2019-06-28 10:01:00.000000000,QUERY_SPREAD,98
2019-06-28 10:01:00.000000000,QUERY_SPREAD,99
2019-06-28 10:01:00.000000000,QUERY_SPREAD,100
2019-06-28 10:01:00.000000000,QUERY_SPREAD,101
2019-06-28 10:01:00.000000000,QUERY_ORDER_STREAM,101
2019-06-28 10:01:03.661410177,QUERY_SPREAD,8
2019-06-28 10:01:03.661410177,BEST_BID,"JPM,98327,195"
2019-06-28 10:01:03.661410177,BEST_ASK,"JPM,98441,95"
2019-06-28 10:01:03.661410177,LAST_TRADE,"100,$98441.0000"
2019-06-28 10:01:03.753835758,QUERY_SPREAD,8
2019-06-28 10:01:03.753835758,BEST_BID,"JPM,98441,5"
2019-06-28 10:01:03.753835758,BEST_ASK,"JPM,98654,292"
2019-06-28 10:01:03.753835758,LAST_TRADE,"95,$98441.0000"
2019-06-28 10:01:10.000000000,QUERY_SPREAD,1
2019-06-28 10:01:10.000000000,BEST_BID,"JPM,98441,75"
2019-06-28 10:01:10.000000000,BEST_ASK,"JPM,98654,200"
2019-06-28 10:01:10.000000000,BEST_BID,"JPM,98441,75"
2019-06-28 10:01:10.000000000,BEST_ASK,"JPM,98654,200"
2019-06-28 10:01:10.000000000,BEST_BID,"JPM,98441,75"
2019-06-28 10:01:10.000000000,BEST_ASK,"JPM,98654,200"
2019-06-28 10:01:10.000000000,BEST_BID,"JPM,98441,75"
2019-06-28 10:01:10.000000000,BEST_ASK,"JPM,98654,200"
2019-06-28 10:01:10.000000000,BEST_BID,"JPM,98441,75"
2019-06-28 10:01:10.000000000,BEST_ASK,"JPM,98654,270"
2019-06-28 10:01:10.000000000,BEST_BID,"JPM,98441,75"
2019-06-28 10:01:10.000000000,BEST_ASK,"JPM,98654,270"
2019-06-28 10:01:10.000000000,BEST_BID,"JPM,98441,75"
2019-06-28 10:01:10.000000000,BEST_ASK,"JPM,98654,270"
2019-06-28 10:01:10.000000000,BEST_BID,"JPM,98441,75"
2019-06-28 10:01:10.000000000,BEST_ASK,"JPM,98654,270"
2019-06-28 10:01:20.000000000,QUERY_SPREAD,1
2019-06-28 10:01:20.000000000,BEST_BID,"JPM,98441,285"
2019-06-28 10:01:20.000000000,BEST_ASK,"JPM,98654,200"
2019-06-28 10:01:20.000000000,BEST_BID,"JPM,98441,285"
2019-06-28 10:01:20.000000000,BEST_ASK,"JPM,98654,480"
2019-06-28 10:01:24.650060933,QUERY_SPREAD,25
2019-06-28 10:01:24.650060933,BEST_BID,"JPM,98441,285"
2019-06-28 10:01:24.650060933,BEST_ASK,"JPM,98654,480"
2019-06-28 10:01:28.645601885,QUERY_ORDER_STREAM,64
2019-06-28 10:01:28.645601885,QUERY_SPREAD,64
2019-06-28 10:01:30.000000000,QUERY_SPREAD,1
2019-06-28 10:01:30.000000000,BEST_BID,"JPM,98441,145"
2019-06-28 10:01:30.000000000,BEST_ASK,"JPM,98654,200"
2019-06-28 10:01:30.000000000,BEST_BID,"JPM,98441,145"
2019-06-28 10:01:30.000000000,BEST_ASK,"JPM,98654,200"
2019-06-28 10:01:30.000000000,BEST_BID,"JPM,98441,145"
2019-06-28 10:01:30.000000000,BEST_ASK,"JPM,98654,340"
2019-06-28 10:01:30.000000000,BEST_BID,"JPM,98441,145"
2019-06-28 10:01:30.000000000,BEST_ASK,"JPM,98654,340"
2019-06-28 10:01:40.000000000,QUERY_SPREAD,1
2019-06-28 10:01:40.000000000,BEST_BID,"JPM,98441,61"
2019-06-28 10:01:40.000000000,BEST_ASK,"JPM,98654,200"
2019-06-28 10:01:40.000000000,BEST_BID,"JPM,98441,61"
2019-06-28 10:01:40.000000000,BEST_ASK,"JPM,98654,200"
2019-06-28 10:01:40.000000000,BEST_BID,"JPM,98441,61"
2019-06-28 10:01:40.000000000,BEST_ASK,"JPM,98654,200"
2019-06-28 10:01:40.000000000,BEST_BID,"JPM,98441,61"
2019-06-28 10:01:40.000000000,BEST_ASK,"JPM,98654,200"
2019-06-28 10:01:40.000000000,BEST_BID,"JPM,98441,61"
2019-06-28 10:01:40.000000000,BEST_ASK,"JPM,98654,200"
2019-06-28 10:01:40.000000000,BEST_BID,"JPM,98441,61"
2019-06-28 10:01:40.000000000,BEST_ASK,"JPM,98654,256"
2019-06-28 10:01:40.000000000,BEST_BID,"JPM,98441,61"
2019-06-28 10:01:40.000000000,BEST_ASK,"JPM,98654,256"
2019-06-28 10:01:40.000000000,BEST_BID,"JPM,98441,61"
2019-06-28 10:01:40.000000000,BEST_ASK,"JPM,98654,256"
2019-06-28 10:01:40.000000000,BEST_BID,"JPM,98441,61"
2019-06-28 10:01:40.000000000,BEST_ASK,"JPM,98654,256"
2019-06-28 10:01:40.000000000,BEST_BID,"JPM,98441,61"
2019-06-28 10:01:40.000000000,BEST_ASK,"JPM,98654,256"
2019-06-28 10:01:46.013758710,QUERY_SPREAD,24
2019-06-28 10:01:46.013758710,BEST_BID,"JPM,98441,61"
2019-06-28 10:01:46.013758710,BEST_ASK,"JPM,98654,256"
2019-06-28 10:01:48.354283083,QUERY_SPREAD,39
2019-06-28 10:01:48.354283083,BEST_BID,"JPM,98441,61"
2019-06-28 10:01:48.354283083,BEST_ASK,"JPM,98654,156"
2019-06-28 10:01:48.354283083,LAST_TRADE,"100,$98654.0000"
2019-06-28 10:01:50.000000000,QUERY_SPREAD,1
2019-06-28 10:01:50.000000000,BEST_BID,"JPM,98441,100"
2019-06-28 10:01:50.000000000,BEST_ASK,"JPM,98654,100"
2019-06-28 10:01:50.000000000,BEST_BID,"JPM,98441,100"
2019-06-28 10:01:50.000000000,BEST_ASK,"JPM,98654,100"
2019-06-28 10:01:50.000000000,BEST_BID,"JPM,98441,100"
2019-06-28 10:01:50.000000000,BEST_ASK,"JPM,98654,100"
2019-06-28 10:01:50.000000000,BEST_BID,"JPM,98441,100"
2019-06-28 10:01:50.000000000,BEST_ASK,"JPM,98654,195"
2019-06-28 10:01:50.000000000,BEST_BID,"JPM,98441,100"
2019-06-28 10:01:50.000000000,BEST_ASK,"JPM,98654,195"
2019-06-28 10:01:50.000000000,BEST_BID,"JPM,98441,100"
2019-06-28 10:01:50.000000000,BEST_ASK,"JPM,98654,195"
2019-06-28 10:01:51.372550879,QUERY_SPREAD,16
2019-06-28 10:01:51.372550879,BEST_BID,"JPM,98441,100"
2019-06-28 10:01:51.372550879,BEST_ASK,"JPM,98654,195"
2019-06-28 10:01:55.265353180,QUERY_SPREAD,42
2019-06-28 10:01:55.265353180,BEST_BID,"JPM,98441,100"
2019-06-28 10:01:55.265353180,BEST_ASK,"JPM,98654,195"
2019-06-28 10:02:00.000000000,QUERY_SPREAD,1
2019-06-28 10:02:00.000000000,BEST_BID,"JPM,98441,285"
2019-06-28 10:02:00.000000000,BEST_ASK,"JPM,98654,100"
2019-06-28 10:02:00.000000000,BEST_BID,"JPM,98441,285"
2019-06-28 10:02:00.000000000,BEST_ASK,"JPM,98654,380"
2019-06-28 10:02:00.000000000,QUERY_SPREAD,77
2019-06-28 10:02:00.000000000,QUERY_SPREAD,78
2019-06-28 10:02:00.000000000,QUERY_SPREAD,79
2019-06-28 10:02:00.000000000,QUERY_SPREAD,80
2019-06-28 10:02:00.000000000,QUERY_SPREAD,81
2019-06-28 10:02:00.000000000,QUERY_SPREAD,82
2019-06-28 10:02:00.000000000,QUERY_SPREAD,83
2019-06-28 10:02:00.000000000,QUERY_SPREAD,84
2019-06-28 10:02:00.000000000,QUERY_SPREAD,85
2019-06-28 10:02:00.000000000,QUERY_SPREAD,86
2019-06-28 10:02:00.000000000,QUERY_SPREAD,87
2019-06-28 10:02:00.000000000,QUERY_SPREAD,88
2019-06-28 10:02:00.000000000,QUERY_SPREAD,89
2019-06-28 10:02:00.000000000,QUERY_SPREAD,90
2019-06-28 10:02:00.000000000,QUERY_SPREAD,91
2019-06-28 10:02:00.000000000,QUERY_SPREAD,92
2019-06-28 10:02:00.000000000,QUERY_SPREAD,93
2019-06-28 10:02:00.000000000,QUERY_SPREAD,94
2019-06-28 10:02:00.000000000,QUERY_SPREAD,95
2019-06-28 10:02:00.000000000,QUERY_SPREAD,96
2019-06-28 10:02:00.000000000,QUERY_SPREAD,97
2019-06-28 10:02:00.000000000,QUERY_SPREAD,98
2019-06-28 10:02:00.000000000,QUERY_SPREAD,99
2019-06-28 10:02:00.000000000,QUERY_SPREAD,100
2019-06-28 10:02:00.000000000,QUERY_SPREAD,101
2019-06-28 10:02:00.000000000,QUERY_ORDER_STREAM,101
2019-06-28 10:02:10.000000000,QUERY_SPREAD,1
2019-06-28 10:02:10.000000000,BEST_BID,"JPM,98441,285"
2019-06-28 10:02:10.000000000,BEST_ASK,"JPM,98654,100"
2019-06-28 10:02:10.000000000,BEST_BID,"JPM,98441,285"
2019-06-28 10:02:10.000000000,BEST_ASK,"JPM,98654,380"
2019-06-28 10:02:19.858752469,QUERY_ORDER_STREAM,62
2019-06-28 10:02:19.858752469,QUERY_SPREAD,62
2019-06-28 10:02:20.000000000,QUERY_SPREAD,1
2019-06-28 10:02:20.000000000,BEST_BID,"JPM,98441,285"
2019-06-28 10:02:20.000000000,BEST_ASK,"JPM,98654,100"
2019-06-28 10:02:20.000000000,BEST_BID,"JPM,98441,285"
2019-06-28 10:02:20.000000000,BEST_ASK,"JPM,98654,380"
2019-06-28 10:02:21.099202476,QUERY_SPREAD,24
2019-06-28 10:02:21.099202476,BEST_BID,"JPM,98441,285"
2019-06-28 10:02:21.099202476,BEST_ASK,"JPM,98654,280"
2019-06-28 10:02:21.099202476,LAST_TRADE,"100,$98654.0000"
2019-06-28 10:02:25.871270947,QUERY_SPREAD,4
2019-06-28 10:02:25.871270947,BEST_BID,"JPM,98441,285"
2019-06-28 10:02:25.871270947,BEST_ASK,"JPM,98654,280"
2019-06-28 10:02:30.000000000,QUERY_SPREAD,1
2019-06-28 10:02:30.000000000,BEST_BID,"JPM,98441,285"
2019-06-28 10:02:30.000000000,BEST_ASK,"JPM,98845,100"
2019-06-28 10:02:30.000000000,BEST_BID,"JPM,98441,285"
2019-06-28 10:02:30.000000000,BEST_ASK,"JPM,98845,380"
2019-06-28 10:02:40.000000000,QUERY_SPREAD,1
2019-06-28 10:02:40.000000000,BEST_BID,"JPM,98441,145"
2019-06-28 10:02:40.000000000,BEST_ASK,"JPM,98845,100"
2019-06-28 10:02:40.000000000,BEST_BID,"JPM,98441,145"
2019-06-28 10:02:40.000000000,BEST_ASK,"JPM,98845,100"
2019-06-28 10:02:40.000000000,BEST_BID,"JPM,98441,145"
2019-06-28 10:02:40.000000000,BEST_ASK,"JPM,98845,240"
2019-06-28 10:02:40.000000000,BEST_BID,"JPM,98441,145"
2019-06-28 10:02:40.000000000,BEST_ASK,"JPM,98845,240"
2019-06-28 10:02:50.000000000,QUERY_SPREAD,1
2019-06-28 10:02:50.000000000,BEST_BID,"JPM,98441,145"
2019-06-28 10:02:50.000000000,BEST_ASK,"JPM,98845,100"
2019-06-28 10:02:50.000000000,BEST_BID,"JPM,98441,145"
2019-06-28 10:02:50.000000000,BEST_ASK,"JPM,98845,100"
2019-06-28 10:02:50.000000000,BEST_BID,"JPM,98441,145"
2019-06-28 10:02:50.000000000,BEST_ASK,"JPM,98845,240"
2019-06-28 10:02:50.000000000,BEST_BID,"JPM,98441,145"
2019-06-28 10:02:50.000000000,BEST_ASK,"JPM,98845,240"
2019-06-28 10:02:56.106165195,QUERY_SPREAD,34
2019-06-28 10:02:56.106165195,BEST_BID,"JPM,98534,100"
2019-06-28 10:02:56.106165195,BEST_ASK,"JPM,98845,240"
2019-06-28 10:03:00.000000000,QUERY_SPREAD,1
2019-06-28 10:03:00.000000000,BEST_BID,"JPM,98534,195"
2019-06-28 10:03:00.000000000,BEST_ASK,"JPM,98845,100"
2019-06-28 10:03:00.000000000,BEST_BID,"JPM,98534,195"
2019-06-28 10:03:00.000000000,BEST_ASK,"JPM,98845,100"
2019-06-28 10:03:00.000000000,BEST_BID,"JPM,98534,195"
2019-06-28 10:03:00.000000000,BEST_ASK,"JPM,98845,100"
2019-06-28 10:03:00.000000000,BEST_BID,"JPM,98534,195"
2019-06-28 10:03:00.000000000,BEST_ASK,"JPM,98845,195"
2019-06-28 10:03:00.000000000,BEST_BID,"JPM,98534,195"
2019-06-28 10:03:00.000000000,BEST_ASK,"JPM,98845,195"
2019-06-28 10:03:00.000000000,BEST_BID,"JPM,98534,195"
2019-06-28 10:03:00.000000000,BEST_ASK,"JPM,98845,195"
2019-06-28 10:03:00.000000000,QUERY_SPREAD,77
2019-06-28 10:03:00.000000000,QUERY_SPREAD,78
2019-06-28 10:03:00.000000000,QUERY_SPREAD,79
2019-06-28 10:03:00.000000000,QUERY_SPREAD,80
2019-06-28 10:03:00.000000000,QUERY_SPREAD,81
2019-06-28 10:03:00.000000000,QUERY_SPREAD,82
2019-06-28 10:03:00.000000000,QUERY_SPREAD,83
2019-06-28 10:03:00.000000000,QUERY_SPREAD,84
2019-06-28 10:03:00.000000000,QUERY_SPREAD,85
2019-06-28 10:03:00.000000000,QUERY_SPREAD,86
2019-06-28 10:03:00.000000000,QUERY_SPREAD,87
2019-06-28 10:03:00.000000000,QUERY_SPREAD,88
2019-06-28 10:03:00.000000000,QUERY_SPREAD,89
2019-06-28 10:03:00.000000000,QUERY_SPREAD,90
2019-06-28 10:03:00.000000000,QUERY_SPREAD,91
2019-06-28 10:03:00.000000000,QUERY_SPREAD,92
2019-06-28 10:03:00.000000000,QUERY_SPREAD,93
2019-06-28 10:03:00.000000000,QUERY_SPREAD,94
2019-06-28 10:03:00.000000000,QUERY_SPREAD,95
2019-06-28 10:03:00.000000000,QUERY_SPREAD,96
2019-06-28 10:03:00.000000000,QUERY_SPREAD,97
2019-06-28 10:03:00.000000000,QUERY_SPREAD,98
2019-06-28 10:03:00.000000000,QUERY_SPREAD,99
2019-06-28 10:03:00.000000000,QUERY_SPREAD,100
2019-06-28 10:03:00.000000000,QUERY_SPREAD,101
2019-06-28 10:03:00.000000000,QUERY_ORDER_STREAM,101
2019-06-28 10:03:07.142794389,QUERY_SPREAD,8
2019-06-28 10:03:07.142794389,BEST_BID,"JPM,98534,195"
2019-06-28 10:03:07.142794389,BEST_ASK,"JPM,98845,195"
2019-06-28 10:03:10.000000000,QUERY_SPREAD,1
2019-06-28 10:03:10.000000000,BEST_BID,"JPM,98534,170"
2019-06-28 10:03:10.000000000,BEST_ASK,"JPM,98845,100"
2019-06-28 10:03:10.000000000,BEST_BID,"JPM,98534,170"
2019-06-28 10:03:10.000000000,BEST_ASK,"JPM,98845,100"
2019-06-28 10:03:10.000000000,BEST_BID,"JPM,98534,170"
2019-06-28 10:03:10.000000000,BEST_ASK,"JPM,98845,100"
2019-06-28 10:03:10.000000000,BEST_BID,"JPM,98534,170"
2019-06-28 10:03:10.000000000,BEST_ASK,"JPM,98845,100"
2019-06-28 10:03:10.000000000,BEST_BID,"JPM,98534,170"
2019-06-28 10:03:10.000000000,BEST_ASK,"JPM,98845,170"
2019-06-28 10:03:10.000000000,BEST_BID,"JPM,98534,170"
2019-06-28 10:03:10.000000000,BEST_ASK,"JPM,98845,170"
2019-06-28 10:03:10.000000000,BEST_BID,"JPM,98534,170"
2019-06-28 10:03:10.000000000,BEST_ASK,"JPM,98845,170"
2019-06-28 10:03:10.000000000,BEST_BID,"JPM,98534,170"
2019-06-28 10:03:10.000000000,BEST_ASK,"JPM,98845,170"
2019-06-28 10:03:18.055960707,QUERY_ORDER_STREAM,74
2019-06-28 10:03:18.055960707,QUERY_SPREAD,74
2019-06-28 10:03:20.000000000,QUERY_SPREAD,1
2019-06-28 10:03:20.000000000,BEST_BID,"JPM,98534,380"
2019-06-28 10:03:20.000000000,BEST_ASK,"JPM,98845,100"
2019-06-28 10:03:20.000000000,BEST_BID,"JPM,98534,380"
2019-06-28 10:03:20.000000000,BEST_ASK,"JPM,98845,380"
2019-06-28 10:03:30.000000000,QUERY_SPREAD,1
2019-06-28 10:03:30.000000000,BEST_BID,"JPM,98534,380"
2019-06-28 10:03:30.000000000,BEST_ASK,"JPM,98845,100"
2019-06-28 10:03:30.000000000,BEST_BID,"JPM,98534,380"
2019-06-28 10:03:30.000000000,BEST_ASK,"JPM,98845,380"
2019-06-28 10:03:38.547900491,QUERY_SPREAD,21
2019-06-28 10:03:38.547900491,BEST_BID,"JPM,98534,380"
2019-06-28 10:03:38.547900491,BEST_ASK,"JPM,98845,280"
2019-06-28 10:03:38.547900491,LAST_TRADE,"100,$98845.0000"
2019-06-28 10:03:40.000000000,QUERY_SPREAD,1
2019-06-28 10:03:40.000000000,BEST_BID,"JPM,98534,170"
2019-06-28 10:03:40.000000000,BEST_ASK,"JPM,98846,100"
2019-06-28 10:03:40.000000000,BEST_BID,"JPM,98534,170"
2019-06-28 10:03:40.000000000,BEST_ASK,"JPM,98846,100"
2019-06-28 10:03:40.000000000,BEST_BID,"JPM,98534,170"
2019-06-28 10:03:40.000000000,BEST_ASK,"JPM,98846,100"
2019-06-28 10:03:40.000000000,BEST_BID,"JPM,98534,170"
2019-06-28 10:03:40.000000000,BEST_ASK,"JPM,98846,100"
2019-06-28 10:03:40.000000000,BEST_BID,"JPM,98534,170"
2019-06-28 10:03:40.000000000,BEST_ASK,"JPM,98846,170"
2019-06-28 10:03:40.000000000,BEST_BID,"JPM,98534,170"
2019-06-28 10:03:40.000000000,BEST_ASK,"JPM,98846,170"
2019-06-28 10:03:40.000000000,BEST_BID,"JPM,98534,170"
2019-06-28 10:03:40.000000000,BEST_ASK,"JPM,98846,170"
2019-06-28 10:03:40.000000000,BEST_BID,"JPM,98534,170"
2019-06-28 10:03:40.000000000,BEST_ASK,"JPM,98846,170"
2019-06-28 10:03:40.943704377,QUERY_SPREAD,8
2019-06-28 10:03:40.943704377,BEST_BID,"JPM,98534,170"
2019-06-28 10:03:40.943704377,BEST_ASK,"JPM,98846,70"
2019-06-28 10:03:40.943704377,LAST_TRADE,"100,$98846.0000"
2019-06-28 10:03:50.000000000,QUERY_SPREAD,1
2019-06-28 10:03:50.000000000,BEST_BID,"JPM,98534,240"
2019-06-28 10:03:50.000000000,BEST_ASK,"JPM,98853,100"
2019-06-28 10:03:50.000000000,BEST_BID,"JPM,98534,240"
2019-06-28 10:03:50.000000000,BEST_ASK,"JPM,98853,100"
2019-06-28 10:03:50.000000000,BEST_BID,"JPM,98534,240"
2019-06-28 10:03:50.000000000,BEST_ASK,"JPM,98853,240"
2019-06-28 10:03:50.000000000,BEST_BID,"JPM,98534,240"
2019-06-28 10:03:50.000000000,BEST_ASK,"JPM,98853,240"
2019-06-28 10:03:59.613700039,QUERY_SPREAD,41
2019-06-28 10:03:59.613700039,BEST_BID,"JPM,98534,240"
2019-06-28 10:03:59.613700039,BEST_ASK,"JPM,98853,240"
2019-06-28 10:04:00.000000000,QUERY_SPREAD,1
2019-06-28 10:04:00.000000000,BEST_BID,"JPM,98534,156"
2019-06-28 10:04:00.000000000,BEST_ASK,"JPM,98853,100"
2019-06-28 10:04:00.000000000,BEST_BID,"JPM,98534,156"
2019-06-28 10:04:00.000000000,BEST_ASK,"JPM,98853,100"
2019-06-28 10:04:00.000000000,BEST_BID,"JPM,98534,156"
2019-06-28 10:04:00.000000000,BEST_ASK,"JPM,98853,100"
2019-06-28 10:04:00.000000000,BEST_BID,"JPM,98534,156"
2019-06-28 10:04:00.000000000,BEST_ASK,"JPM,98853,100"
2019-06-28 10:04:00.000000000,BEST_BID,"JPM,98534,156"
2019-06-28 10:04:00.000000000,BEST_ASK,"JPM,98853,100"
2019-06-28 10:04:00.000000000,BEST_BID,"JPM,98534,156"
2019-06-28 10:04:00.000000000,BEST_ASK,"JPM,98853,156"
2019-06-28 10:04:00.000000000,BEST_BID,"JPM,98534,156"
2019-06-28 10:04:00.000000000,BEST_ASK,"JPM,98853,156"
2019-06-28 10:04:00.000000000,BEST_BID,"JPM,98534,156"
2019-06-28 10:04:00.000000000,BEST_ASK,"JPM,98853,156"
2019-06-28 10:04:00.000000000,BEST_BID,"JPM,98534,156"
2019-06-28 10:04:00.000000000,BEST_ASK,"JPM,98853,156"
2019-06-28 10:04:00.000000000,BEST_BID,"JPM,98534,156"
2019-06-28 10:04:00.000000000,BEST_ASK,"JPM,98853,156"
2019-06-28 10:04:00.000000000,QUERY_SPREAD,77
2019-06-28 10:04:00.000000000,QUERY_SPREAD,78
2019-06-28 10:04:00.000000000,QUERY_SPREAD,79
2019-06-28 10:04:00.000000000,QUERY_SPREAD,80
2019-06-28 10:04:00.000000000,QUERY_SPREAD,81
2019-06-28 10:04:00.000000000,QUERY_SPREAD,82
2019-06-28 10:04:00.000000000,QUERY_SPREAD,83
2019-06-28 10:04:00.000000000,QUERY_SPREAD,84
2019-06-28 10:04:00.000000000,QUERY_SPREAD,85
2019-06-28 10:04:00.000000000,QUERY_SPREAD,86
2019-06-28 10:04:00.000000000,QUERY_SPREAD,87
2019-06-28 10:04:00.000000000,QUERY_SPREAD,88
2019-06-28 10:04:00.000000000,QUERY_SPREAD,89
2019-06-28 10:04:00.000000000,QUERY_SPREAD,90
2019-06-28 10:04:00.000000000,QUERY_SPREAD,91
2019-06-28 10:04:00.000000000,QUERY_SPREAD,92
2019-06-28 10:04:00.000000000,QUERY_SPREAD,93
2019-06-28 10:04:00.000000000,QUERY_SPREAD,94
2019-06-28 10:04:00.000000000,QUERY_SPREAD,95
2019-06-28 10:04:00.000000000,QUERY_SPREAD,96
2019-06-28 10:04:00.000000000,QUERY_SPREAD,97
2019-06-28 10:04:00.000000000,QUERY_SPREAD,98
2019-06-28 10:04:00.000000000,QUERY_SPREAD,99
2019-06-28 10:04:00.000000000,QUERY_SPREAD,100
2019-06-28 10:04:00.000000000,QUERY_SPREAD,101
2019-06-28 10:04:00.000000000,QUERY_ORDER_STREAM,101
2019-06-28 10:04:01.775485693,QUERY_SPREAD,42
2019-06-28 10:04:01.775485693,BEST_BID,"JPM,98534,156"
2019-06-28 10:04:01.775485693,BEST_ASK,"JPM,98853,156"
2019-06-28 10:04:10.000000000,QUERY_SPREAD,1
2019-06-28 10:04:10.000000000,BEST_BID,"JPM,98534,170"
2019-06-28 10:04:10.000000000,BEST_ASK,"JPM,98853,100"
2019-06-28 10:04:10.000000000,BEST_BID,"JPM,98534,170"
2019-06-28 10:04:10.000000000,BEST_ASK,"JPM,98853,100"
2019-06-28 10:04:10.000000000,BEST_BID,"JPM,98534,170"
2019-06-28 10:04:10.000000000,BEST_ASK,"JPM,98853,100"
2019-06-28 10:04:10.000000000,BEST_BID,"JPM,98534,170"
2019-06-28 10:04:10.000000000,BEST_ASK,"JPM,98853,100"
2019-06-28 10:04:10.000000000,BEST_BID,"JPM,98534,170"
2019-06-28 10:04:10.000000000,BEST_ASK,"JPM,98853,170"
2019-06-28 10:04:10.000000000,BEST_BID,"JPM,98534,170"
2019-06-28 10:04:10.000000000,BEST_ASK,"JPM,98853,170"
2019-06-28 10:04:10.000000000,BEST_BID,"JPM,98534,170"
2019-06-28 10:04:10.000000000,BEST_ASK,"JPM,98853,170"
2019-06-28 10:04:10.000000000,BEST_BID,"JPM,98534,170"
2019-06-28 10:04:10.000000000,BEST_ASK,"JPM,98853,170"
2019-06-28 10:04:16.056471289,QUERY_ORDER_STREAM,68
2019-06-28 10:04:16.056471289,QUERY_SPREAD,68
2019-06-28 10:04:20.000000000,QUERY_SPREAD,1
2019-06-28 10:04:20.000000000,BEST_BID,"JPM,98534,240"
2019-06-28 10:04:20.000000000,BEST_ASK,"JPM,98853,100"
2019-06-28 10:04:20.000000000,BEST_BID,"JPM,98534,240"
2019-06-28 10:04:20.000000000,BEST_ASK,"JPM,98853,100"
2019-06-28 10:04:20.000000000,BEST_BID,"JPM,98534,240"
2019-06-28 10:04:20.000000000,BEST_ASK,"JPM,98853,240"
2019-06-28 10:04:20.000000000,BEST_BID,"JPM,98534,240"
2019-06-28 10:04:20.000000000,BEST_ASK,"JPM,98853,240"
2019-06-28 10:04:30.000000000,QUERY_SPREAD,1
2019-06-28 10:04:30.000000000,BEST_BID,"JPM,98534,240"
2019-06-28 10:04:30.000000000,BEST_ASK,"JPM,98853,100"
2019-06-28 10:04:30.000000000,BEST_BID,"JPM,98534,240"
2019-06-28 10:04:30.000000000,BEST_ASK,"JPM,98853,100"
2019-06-28 10:04:30.000000000,BEST_BID,"JPM,98534,240"
2019-06-28 10:04:30.000000000,BEST_ASK,"JPM,98853,240"
2019-06-28 10:04:30.000000000,BEST_BID,"JPM,98534,240"
2019-06-28 10:04:30.000000000,BEST_ASK,"JPM,98853,240"
2019-06-28 10:04:40.000000000,QUERY_SPREAD,1
2019-06-28 10:04:40.000000000,BEST_BID,"JPM,98534,240"
2019-06-28 10:04:40.000000000,BEST_ASK,"JPM,98853,100"
2019-06-28 10:04:40.000000000,BEST_BID,"JPM,98534,240"
2019-06-28 10:04:40.000000000,BEST_ASK,"JPM,98853,100"
2019-06-28 10:04:40.000000000,BEST_BID,"JPM,98534,240"
2019-06-28 10:04:40.000000000,BEST_ASK,"JPM,98853,240"
2019-06-28 10:04:40.000000000,BEST_BID,"JPM,98534,240"
2019-06-28 10:04:40.000000000,BEST_ASK,"JPM,98853,240"
2019-06-28 10:04:50.000000000,QUERY_SPREAD,1
2019-06-28 10:04:50.000000000,BEST_BID,"JPM,98534,240"
2019-06-28 10:04:50.000000000,BEST_ASK,"JPM,98853,100"
2019-06-28 10:04:50.000000000,BEST_BID,"JPM,98534,240"
2019-06-28 10:04:50.000000000,BEST_ASK,"JPM,98853,100"
2019-06-28 10:04:50.000000000,BEST_BID,"JPM,98534,240"
2019-06-28 10:04:50.000000000,BEST_ASK,"JPM,98853,240"
2019-06-28 10:04:50.000000000,BEST_BID,"JPM,98534,240"
2019-06-28 10:04:50.000000000,BEST_ASK,"JPM,98853,240"
2019-06-28 10:05:00.000000000,QUERY_SPREAD,1
2019-06-28 10:05:00.000000000,BEST_BID,"JPM,98534,240"
2019-06-28 10:05:00.000000000,BEST_ASK,"JPM,98853,100"
2019-06-28 10:05:00.000000000,BEST_BID,"JPM,98534,240"
2019-06-28 10:05:00.000000000,BEST_ASK,"JPM,98853,100"
2019-06-28 10:05:00.000000000,BEST_BID,"JPM,98534,240"
2019-06-28 10:05:00.000000000,BEST_ASK,"JPM,98853,240"
2019-06-28 10:05:00.000000000,BEST_BID,"JPM,98534,240"
2019-06-28 10:05:00.000000000,BEST_ASK,"JPM,98853,240"
2019-06-28 10:05:00.000000000,QUERY_SPREAD,77
2019-06-28 10:05:00.000000000,QUERY_SPREAD,78
2019-06-28 10:05:00.000000000,QUERY_SPREAD,79
2019-06-28 10:05:00.000000000,QUERY_SPREAD,80
2019-06-28 10:05:00.000000000,QUERY_SPREAD,81
2019-06-28 10:05:00.000000000,QUERY_SPREAD,82
2019-06-28 10:05:00.000000000,QUERY_SPREAD,83
2019-06-28 10:05:00.000000000,QUERY_SPREAD,84
2019-06-28 10:05:00.000000000,QUERY_SPREAD,85
2019-06-28 10:05:00.000000000,QUERY_SPREAD,86
2019-06-28 10:05:00.000000000,QUERY_SPREAD,87
2019-06-28 10:05:00.000000000,QUERY_SPREAD,88
2019-06-28 10:05:00.000000000,QUERY_SPREAD,89
2019-06-28 10:05:00.000000000,QUERY_SPREAD,90
2019-06-28 10:05:00.000000000,QUERY_SPREAD,91
2019-06-28 10:05:00.000000000,QUERY_SPREAD,92
2019-06-28 10:05:00.000000000,QUERY_SPREAD,93
2019-06-28 10:05:00.000000000,QUERY_SPREAD,94
2019-06-28 10:05:00.000000000,QUERY_SPREAD,95
2019-06-28 10:05:00.000000000,QUERY_SPREAD,96
2019-06-28 10:05:00.000000000,QUERY_SPREAD,97
2019-06-28 10:05:00.000000000,QUERY_SPREAD,98
2019-06-28 10:05:00.000000000,QUERY_SPREAD,99
2019-06-28 10:05:00.000000000,QUERY_SPREAD,100
2019-06-28 10:05:00.000000000,QUERY_SPREAD,101
2019-06-28 10:05:00.000000000,QUERY_ORDER_STREAM,101
2019-06-28 10:05:00.957443651,QUERY_ORDER_STREAM,64
2019-06-28 10:05:00.957443651,QUERY_SPREAD,64
2019-06-28 10:05:02.326165522,QUERY_ORDER_STREAM,67
2019-06-28 10:05:02.326165522,QUERY_SPREAD,67
2019-06-28 10:05:10.000000000,QUERY_SPREAD,1
2019-06-28 10:05:10.000000000,BEST_BID,"JPM,98534,156"
2019-06-28 10:05:10.000000000,BEST_ASK,"JPM,98853,100"
2019-06-28 10:05:10.000000000,BEST_BID,"JPM,98534,156"
2019-06-28 10:05:10.000000000,BEST_ASK,"JPM,98853,100"
2019-06-28 10:05:10.000000000,BEST_BID,"JPM,98534,156"
2019-06-28 10:05:10.000000000,BEST_ASK,"JPM,98853,100"
2019-06-28 10:05:10.000000000,BEST_BID,"JPM,98534,156"
2019-06-28 10:05:10.000000000,BEST_ASK,"JPM,98853,100"
2019-06-28 10:05:10.000000000,BEST_BID,"JPM,98534,156"
2019-06-28 10:05:10.000000000,BEST_ASK,"JPM,98853,100"
2019-06-28 10:05:10.000000000,BEST_BID,"JPM,98534,156"
2019-06-28 10:05:10.000000000,BEST_ASK,"JPM,98853,156"
2019-06-28 10:05:10.000000000,BEST_BID,"JPM,98534,156"
2019-06-28 10:05:10.000000000,BEST_ASK,"JPM,98853,156"
2019-06-28 10:05:10.000000000,BEST_BID,"JPM,98534,156"
2019-06-28 10:05:10.000000000,BEST_ASK,"JPM,98853,156"
2019-06-28 10:05:10.000000000,BEST_BID,"JPM,98534,156"
2019-06-28 10:05:10.000000000,BEST_ASK,"JPM,98853,156"
2019-06-28 10:05:10.000000000,BEST_BID,"JPM,98534,156"
2019-06-28 10:05:10.000000000,BEST_ASK,"JPM,98853,156"
2019-06-28 10:05:11.481396277,QUERY_SPREAD,23
2019-06-28 10:05:11.481396277,BEST_BID,"JPM,98534,156"
2019-06-28 10:05:11.481396277,BEST_ASK,"JPM,98853,156"
2019-06-28 10:05:18.427736942,QUERY_ORDER_STREAM,73
2019-06-28 10:05:18.427736942,QUERY_SPREAD,73
2019-06-28 10:05:18.427736942,BEST_BID,"JPM,98845,100"
2019-06-28 10:05:18.427736942,BEST_ASK,"JPM,98853,156"
2019-06-28 10:05:20.000000000,QUERY_SPREAD,1
2019-06-28 10:05:20.000000000,BEST_BID,"JPM,98845,380"
2019-06-28 10:05:20.000000000,BEST_ASK,"JPM,98853,100"
2019-06-28 10:05:20.000000000,BEST_BID,"JPM,98845,380"
2019-06-28 10:05:20.000000000,BEST_ASK,"JPM,98853,380"
2019-06-28 10:05:29.291213928,QUERY_SPREAD,39
2019-06-28 10:05:29.291213928,BEST_BID,"JPM,98845,380"
2019-06-28 10:05:29.291213928,BEST_ASK,"JPM,98853,280"
2019-06-28 10:05:29.291213928,LAST_TRADE,"100,$98853.0000"
2019-06-28 10:05:30.000000000,QUERY_SPREAD,1
2019-06-28 10:05:30.000000000,BEST_BID,"JPM,98845,195"
2019-06-28 10:05:30.000000000,BEST_ASK,"JPM,98944,100"
2019-06-28 10:05:30.000000000,BEST_BID,"JPM,98845,195"
2019-06-28 10:05:30.000000000,BEST_ASK,"JPM,98944,100"
2019-06-28 10:05:30.000000000,BEST_BID,"JPM,98845,195"
2019-06-28 10:05:30.000000000,BEST_ASK,"JPM,98944,100"
2019-06-28 10:05:30.000000000,BEST_BID,"JPM,98845,195"
2019-06-28 10:05:30.000000000,BEST_ASK,"JPM,98944,195"
2019-06-28 10:05:30.000000000,BEST_BID,"JPM,98845,195"
2019-06-28 10:05:30.000000000,BEST_ASK,"JPM,98944,195"
2019-06-28 10:05:30.000000000,BEST_BID,"JPM,98845,195"
2019-06-28 10:05:30.000000000,BEST_ASK,"JPM,98944,195"
2019-06-28 10:05:38.863511336,QUERY_ORDER_STREAM,59
2019-06-28 10:05:38.863511336,QUERY_SPREAD,59
2019-06-28 10:05:40.000000000,QUERY_SPREAD,1
2019-06-28 10:05:40.000000000,BEST_BID,"JPM,98845,170"
2019-06-28 10:05:40.000000000,BEST_ASK,"JPM,98944,100"
2019-06-28 10:05:40.000000000,BEST_BID,"JPM,98845,170"
2019-06-28 10:05:40.000000000,BEST_ASK,"JPM,98944,100"
2019-06-28 10:05:40.000000000,BEST_BID,"JPM,98845,170"
2019-06-28 10:05:40.000000000,BEST_ASK,"JPM,98944,100"
2019-06-28 10:05:40.000000000,BEST_BID,"JPM,98845,170"
2019-06-28 10:05:40.000000000,BEST_ASK,"JPM,98944,100"
2019-06-28 10:05:40.000000000,BEST_BID,"JPM,98845,170"
2019-06-28 10:05:40.000000000,BEST_ASK,"JPM,98944,170"
2019-06-28 10:05:40.000000000,BEST_BID,"JPM,98845,170"
2019-06-28 10:05:40.000000000,BEST_ASK,"JPM,98944,170"
2019-06-28 10:05:40.000000000,BEST_BID,"JPM,98845,170"
2019-06-28 10:05:40.000000000,BEST_ASK,"JPM,98944,170"
2019-06-28 10:05:40.000000000,BEST_BID,"JPM,98845,170"
2019-06-28 10:05:40.000000000,BEST_ASK,"JPM,98944,170"
2019-06-28 10:05:48.030071622,QUERY_SPREAD,37
2019-06-28 10:05:48.030071622,BEST_BID,"JPM,98845,170"
2019-06-28 10:05:48.030071622,BEST_ASK,"JPM,98944,70"
2019-06-28 10:05:48.030071622,LAST_TRADE,"100,$98944.0000"
2019-06-28 10:05:50.000000000,QUERY_SPREAD,1
2019-06-28 10:05:50.000000000,BEST_BID,"JPM,98845,170"
2019-06-28 10:05:50.000000000,BEST_ASK,"JPM,99014,100"
2019-06-28 10:05:50.000000000,BEST_BID,"JPM,98845,170"
2019-06-28 10:05:50.000000000,BEST_ASK,"JPM,99014,100"
2019-06-28 10:05:50.000000000,BEST_BID,"JPM,98845,170"
2019-06-28 10:05:50.000000000,BEST_ASK,"JPM,99014,100"
2019-06-28 10:05:50.000000000,BEST_BID,"JPM,98845,170"
2019-06-28 10:05:50.000000000,BEST_ASK,"JPM,99014,100"
2019-06-28 10:05:50.000000000,BEST_BID,"JPM,98845,170"
2019-06-28 10:05:50.000000000,BEST_ASK,"JPM,99014,170"
2019-06-28 10:05:50.000000000,BEST_BID,"JPM,98845,170"
2019-06-28 10:05:50.000000000,BEST_ASK,"JPM,99014,170"
2019-06-28 10:05:50.000000000,BEST_BID,"JPM,98845,170"
2019-06-28 10:05:50.000000000,BEST_ASK,"JPM,99014,170"
2019-06-28 10:05:50.000000000,BEST_BID,"JPM,98845,170"
2019-06-28 10:05:50.000000000,BEST_ASK,"JPM,99014,170"
2019-06-28 10:06:00.000000000,QUERY_SPREAD,1
2019-06-28 10:06:00.000000000,BEST_BID,"JPM,98845,380"
2019-06-28 10:06:00.000000000,BEST_ASK,"JPM,99014,100"
2019-06-28 10:06:00.000000000,BEST_BID,"JPM,98845,380"
2019-06-28 10:06:00.000000000,BEST_ASK,"JPM,99014,380"
2019-06-28 10:06:00.000000000,QUERY_SPREAD,77
2019-06-28 10:06:00.000000000,QUERY_SPREAD,78
2019-06-28 10:06:00.000000000,QUERY_SPREAD,79
2019-06-28 10:06:00.000000000,QUERY_SPREAD,80
2019-06-28 10:06:00.000000000,QUERY_SPREAD,81
2019-06-28 10:06:00.000000000,QUERY_SPREAD,82
2019-06-28 10:06:00.000000000,QUERY_SPREAD,83
2019-06-28 10:06:00.000000000,QUERY_SPREAD,84
2019-06-28 10:06:00.000000000,QUERY_SPREAD,85
2019-06-28 10:06:00.000000000,QUERY_SPREAD,86
2019-06-28 10:06:00.000000000,QUERY_SPREAD,87
2019-06-28 10:06:00.000000000,QUERY_SPREAD,88
2019-06-28 10:06:00.000000000,QUERY_SPREAD,89
2019-06-28 10:06:00.000000000,QUERY_SPREAD,90
2019-06-28 10:06:00.000000000,QUERY_SPREAD,91
2019-06-28 10:06:00.000000000,QUERY_SPREAD,92
2019-06-28 10:06:00.000000000,QUERY_SPREAD,93
2019-06-28 10:06:00.000000000,QUERY_SPREAD,94
2019-06-28 10:06:00.000000000,QUERY_SPREAD,95
2019-06-28 10:06:00.000000000,QUERY_SPREAD,96
2019-06-28 10:06:00.000000000,QUERY_SPREAD,97
2019-06-28 10:06:00.000000000,QUERY_SPREAD,98
2019-06-28 10:06:00.000000000,QUERY_SPREAD,99
2019-06-28 10:06:00.000000000,QUERY_SPREAD,100
2019-06-28 10:06:00.000000000,QUERY_SPREAD,101
2019-06-28 10:06:00.000000000,QUERY_ORDER_STREAM,101
2019-06-28 10:06:05.607618096,QUERY_SPREAD,31
2019-06-28 10:06:05.607618096,BEST_BID,"JPM,98845,380"
2019-06-28 10:06:05.607618096,BEST_ASK,"JPM,99014,280"
2019-06-28 10:06:05.607618096,LAST_TRADE,"100,$99014.0000"
2019-06-28 10:06:06.958588249,QUERY_SPREAD,5
2019-06-28 10:06:06.958588249,BEST_BID,"JPM,98845,380"
2019-06-28 10:06:06.958588249,BEST_ASK,"JPM,99014,280"
2019-06-28 10:06:10.000000000,QUERY_SPREAD,1
2019-06-28 10:06:10.000000000,BEST_BID,"JPM,98845,170"
2019-06-28 10:06:10.000000000,BEST_ASK,"JPM,99048,100"
2019-06-28 10:06:10.000000000,BEST_BID,"JPM,98845,170"
2019-06-28 10:06:10.000000000,BEST_ASK,"JPM,99048,100"
2019-06-28 10:06:10.000000000,BEST_BID,"JPM,98845,170"
2019-06-28 10:06:10.000000000,BEST_ASK,"JPM,99048,100"
2019-06-28 10:06:10.000000000,BEST_BID,"JPM,98845,170"
2019-06-28 10:06:10.000000000,BEST_ASK,"JPM,99048,100"
2019-06-28 10:06:10.000000000,BEST_BID,"JPM,98845,170"
2019-06-28 10:06:10.000000000,BEST_ASK,"JPM,99048,170"
2019-06-28 10:06:10.000000000,BEST_BID,"JPM,98845,170"
2019-06-28 10:06:10.000000000,BEST_ASK,"JPM,99048,170"
2019-06-28 10:06:10.000000000,BEST_BID,"JPM,98845,170"
2019-06-28 10:06:10.000000000,BEST_ASK,"JPM,99048,170"
2019-06-28 10:06:10.000000000,BEST_BID,"JPM,98845,170"
2019-06-28 10:06:10.000000000,BEST_ASK,"JPM,99048,170"
2019-06-28 10:06:20.000000000,QUERY_SPREAD,1
2019-06-28 10:06:20.000000000,BEST_BID,"JPM,98845,380"
2019-06-28 10:06:20.000000000,BEST_ASK,"JPM,99048,100"
2019-06-28 10:06:20.000000000,BEST_BID,"JPM,98845,380"
2019-06-28 10:06:20.000000000,BEST_ASK,"JPM,99048,380"
2019-06-28 10:06:30.000000000,QUERY_SPREAD,1
2019-06-28 10:06:30.000000000,BEST_BID,"JPM,98845,156"
2019-06-28 10:06:30.000000000,BEST_ASK,"JPM,99048,100"
2019-06-28 10:06:30.000000000,BEST_BID,"JPM,98845,156"
2019-06-28 10:06:30.000000000,BEST_ASK,"JPM,99048,100"
2019-06-28 10:06:30.000000000,BEST_BID,"JPM,98845,156"
2019-06-28 10:06:30.000000000,BEST_ASK,"JPM,99048,100"
2019-06-28 10:06:30.000000000,BEST_BID,"JPM,98845,156"
2019-06-28 10:06:30.000000000,BEST_ASK,"JPM,99048,100"
2019-06-28 10:06:30.000000000,BEST_BID,"JPM,98845,156"
2019-06-28 10:06:30.000000000,BEST_ASK,"JPM,99048,100"
2019-06-28 10:06:30.000000000,BEST_BID,"JPM,98845,156"
2019-06-28 10:06:30.000000000,BEST_ASK,"JPM,99048,156"
2019-06-28 10:06:30.000000000,BEST_BID,"JPM,98845,156"
2019-06-28 10:06:30.000000000,BEST_ASK,"JPM,99048,156"
2019-06-28 10:06:30.000000000,BEST_BID,"JPM,98845,156"
2019-06-28 10:06:30.000000000,BEST_ASK,"JPM,99048,156"
2019-06-28 10:06:30.000000000,BEST_BID,"JPM,98845,156"
2019-06-28 10:06:30.000000000,BEST_ASK,"JPM,99048,156"
2019-06-28 10:06:30.000000000,BEST_BID,"JPM,98845,156"
2019-06-28 10:06:30.000000000,BEST_ASK,"JPM,99048,156"
2019-06-28 10:06:39.526477637,QUERY_SPREAD,50
2019-06-28 10:06:39.526477637,BEST_BID,"JPM,98845,156"
2019-06-28 10:06:39.526477637,BEST_ASK,"JPM,99048,156"
2019-06-28 10:06:40.000000000,QUERY_SPREAD,1
2019-06-28 10:06:40.000000000,BEST_BID,"JPM,98845,195"
2019-06-28 10:06:40.000000000,BEST_ASK,"JPM,99048,100"
2019-06-28 10:06:40.000000000,BEST_BID,"JPM,98845,195"
2019-06-28 10:06:40.000000000,BEST_ASK,"JPM,99048,100"
2019-06-28 10:06:40.000000000,BEST_BID,"JPM,98845,195"
2019-06-28 10:06:40.000000000,BEST_ASK,"JPM,99048,100"
2019-06-28 10:06:40.000000000,BEST_BID,"JPM,98845,195"
2019-06-28 10:06:40.000000000,BEST_ASK,"JPM,99048,195"
2019-06-28 10:06:40.000000000,BEST_BID,"JPM,98845,195"
2019-06-28 10:06:40.000000000,BEST_ASK,"JPM,99048,195"
2019-06-28 10:06:40.000000000,BEST_BID,"JPM,98845,195"
2019-06-28 10:06:40.000000000,BEST_ASK,"JPM,99048,195"
2019-06-28 10:06:50.000000000,QUERY_SPREAD,1
2019-06-28 10:06:50.000000000,BEST_BID,"JPM,98845,195"
2019-06-28 10:06:50.000000000,BEST_ASK,"JPM,99048,100"
2019-06-28 10:06:50.000000000,BEST_BID,"JPM,98845,195"
2019-06-28 10:06:50.000000000,BEST_ASK,"JPM,99048,100"
2019-06-28 10:06:50.000000000,BEST_BID,"JPM,98845,195"
2019-06-28 10:06:50.000000000,BEST_ASK,"JPM,99048,100"
2019-06-28 10:06:50.000000000,BEST_BID,"JPM,98845,195"
2019-06-28 10:06:50.000000000,BEST_ASK,"JPM,99048,195"
2019-06-28 10:06:50.000000000,BEST_BID,"JPM,98845,195"
2019-06-28 10:06:50.000000000,BEST_ASK,"JPM,99048,195"
2019-06-28 10:06:50.000000000,BEST_BID,"JPM,98845,195"
2019-06-28 10:06:50.000000000,BEST_ASK,"JPM,99048,195"
2019-06-28 10:07:00.000000000,QUERY_SPREAD,1
2019-06-28 10:07:00.000000000,BEST_BID,"JPM,98845,240"
2019-06-28 10:07:00.000000000,BEST_ASK,"JPM,99048,100"
2019-06-28 10:07:00.000000000,BEST_BID,"JPM,98845,240"
2019-06-28 10:07:00.000000000,BEST_ASK,"JPM,99048,100"
2019-06-28 10:07:00.000000000,BEST_BID,"JPM,98845,240"
2019-06-28 10:07:00.000000000,BEST_ASK,"JPM,99048,240"
2019-06-28 10:07:00.000000000,BEST_BID,"JPM,98845,240"
2019-06-28 10:07:00.000000000,BEST_ASK,"JPM,99048,240"
2019-06-28 10:07:00.000000000,QUERY_SPREAD,77
2019-06-28 10:07:00.000000000,QUERY_SPREAD,78
2019-06-28 10:07:00.000000000,QUERY_SPREAD,79
2019-06-28 10:07:00.000000000,QUERY_SPREAD,80
2019-06-28 10:07:00.000000000,QUERY_SPREAD,81
2019-06-28 10:07:00.000000000,QUERY_SPREAD,82
2019-06-28 10:07:00.000000000,QUERY_SPREAD,83
2019-06-28 10:07:00.000000000,QUERY_SPREAD,84
2019-06-28 10:07:00.000000000,QUERY_SPREAD,85
2019-06-28 10:07:00.000000000,QUERY_SPREAD,86
2019-06-28 10:07:00.000000000,QUERY_SPREAD,87
2019-06-28 10:07:00.000000000,QUERY_SPREAD,88
2019-06-28 10:07:00.000000000,QUERY_SPREAD,89
2019-06-28 10:07:00.000000000,QUERY_SPREAD,90
2019-06-28 10:07:00.000000000,QUERY_SPREAD,91
2019-06-28 10:07:00.000000000,QUERY_SPREAD,92
2019-06-28 10:07:00.000000000,QUERY_SPREAD,93
2019-06-28 10:07:00.000000000,QUERY_SPREAD,94
2019-06-28 10:07:00.000000000,QUERY_SPREAD,95
2019-06-28 10:07:00.000000000,QUERY_SPREAD,96
2019-06-28 10:07:00.000000000,QUERY_SPREAD,97
2019-06-28 10:07:00.000000000,QUERY_SPREAD,98
2019-06-28 10:07:00.000000000,QUERY_SPREAD,99
2019-06-28 10:07:00.000000000,QUERY_SPREAD,100
2019-06-28 10:07:00.000000000,QUERY_SPREAD,101
2019-06-28 10:07:00.000000000,QUERY_ORDER_STREAM,101
2019-06-28 10:07:10.000000000,QUERY_SPREAD,1
2019-06-28 10:07:10.000000000,BEST_BID,"JPM,98845,156"
2019-06-28 10:07:10.000000000,BEST_ASK,"JPM,99048,100"
2019-06-28 10:07:10.000000000,BEST_BID,"JPM,98845,156"
2019-06-28 10:07:10.000000000,BEST_ASK,"JPM,99048,100"
2019-06-28 10:07:10.000000000,BEST_BID,"JPM,98845,156"
2019-06-28 10:07:10.000000000,BEST_ASK,"JPM,99048,100"
2019-06-28 10:07:10.000000000,BEST_BID,"JPM,98845,156"
2019-06-28 10:07:10.000000000,BEST_ASK,"JPM,99048,100"
2019-06-28 10:07:10.000000000,BEST_BID,"JPM,98845,156"
2019-06-28 10:07:10.000000000,BEST_ASK,"JPM,99048,100"
2019-06-28 10:07:10.000000000,BEST_BID,"JPM,98845,156"
2019-06-28 10:07:10.000000000,BEST_ASK,"JPM,99048,156"
2019-06-28 10:07:10.000000000,BEST_BID,"JPM,98845,156"
2019-06-28 10:07:10.000000000,BEST_ASK,"JPM,99048,156"
2019-06-28 10:07:10.000000000,BEST_BID,"JPM,98845,156"
2019-06-28 10:07:10.000000000,BEST_ASK,"JPM,99048,156"
2019-06-28 10:07:10.000000000,BEST_BID,"JPM,98845,156"
2019-06-28 10:07:10.000000000,BEST_ASK,"JPM,99048,156"
2019-06-28 10:07:10.000000000,BEST_BID,"JPM,98845,156"
2019-06-28 10:07:10.000000000,BEST_ASK,"JPM,99048,156"
2019-06-28 10:07:11.930920245,QUERY_ORDER_STREAM,55
2019-06-28 10:07:11.930920245,QUERY_SPREAD,55
2019-06-28 10:07:11.930920245,BEST_BID,"JPM,98944,100"
2019-06-28 10:07:11.930920245,BEST_ASK,"JPM,99048,156"
2019-06-28 10:07:20.000000000,QUERY_SPREAD,1
2019-06-28 10:07:20.000000000,BEST_BID,"JPM,98944,380"
2019-06-28 10:07:20.000000000,BEST_ASK,"JPM,99048,100"
2019-06-28 10:07:20.000000000,BEST_BID,"JPM,98944,380"
2019-06-28 10:07:20.000000000,BEST_ASK,"JPM,99048,380"
2019-06-28 10:07:20.508922383,QUERY_SPREAD,49
2019-06-28 10:07:20.508922383,BEST_BID,"JPM,98944,380"
2019-06-28 10:07:20.508922383,BEST_ASK,"JPM,99048,280"
2019-06-28 10:07:20.508922383,LAST_TRADE,"100,$99048.0000"
2019-06-28 10:07:26.526657712,QUERY_SPREAD,31
2019-06-28 10:07:26.526657712,BEST_BID,"JPM,98944,380"
2019-06-28 10:07:26.526657712,BEST_ASK,"JPM,99048,180"
2019-06-28 10:07:26.526657712,LAST_TRADE,"100,$99048.0000"
2019-06-28 10:07:30.000000000,QUERY_SPREAD,1
2019-06-28 10:07:30.000000000,BEST_BID,"JPM,98944,195"
2019-06-28 10:07:30.000000000,BEST_ASK,"JPM,99060,100"
2019-06-28 10:07:30.000000000,BEST_BID,"JPM,98944,195"
2019-06-28 10:07:30.000000000,BEST_ASK,"JPM,99060,100"
2019-06-28 10:07:30.000000000,BEST_BID,"JPM,98944,195"
2019-06-28 10:07:30.000000000,BEST_ASK,"JPM,99060,100"
2019-06-28 10:07:30.000000000,BEST_BID,"JPM,98944,195"
2019-06-28 10:07:30.000000000,BEST_ASK,"JPM,99060,195"
2019-06-28 10:07:30.000000000,BEST_BID,"JPM,98944,195"
2019-06-28 10:07:30.000000000,BEST_ASK,"JPM,99060,195"
2019-06-28 10:07:30.000000000,BEST_BID,"JPM,98944,195"
2019-06-28 10:07:30.000000000,BEST_ASK,"JPM,99060,195"
2019-06-28 10:07:35.718098225,QUERY_ORDER_STREAM,70
2019-06-28 10:07:35.718098225,QUERY_SPREAD,70
2019-06-28 10:07:39.254437036,QUERY_ORDER_STREAM,72
2019-06-28 10:07:39.254437036,QUERY_SPREAD,72
2019-06-28 10:07:39.254437036,BEST_BID,"JPM,99048,100"
2019-06-28 10:07:39.254437036,BEST_ASK,"JPM,99060,195"
2019-06-28 10:07:40.000000000,QUERY_SPREAD,1
2019-06-28 10:07:40.000000000,BEST_BID,"JPM,99048,170"
2019-06-28 10:07:40.000000000,BEST_ASK,"JPM,99060,100"
2019-06-28 10:07:40.000000000,BEST_BID,"JPM,99048,170"
2019-06-28 10:07:40.000000000,BEST_ASK,"JPM,99060,100"
2019-06-28 10:07:40.000000000,BEST_BID,"JPM,99048,170"
2019-06-28 10:07:40.000000000,BEST_ASK,"JPM,99060,100"
2019-06-28 10:07:40.000000000,BEST_BID,"JPM,99048,170"
2019-06-28 10:07:40.000000000,BEST_ASK,"JPM,99060,100"
2019-06-28 10:07:40.000000000,BEST_BID,"JPM,99048,170"
2019-06-28 10:07:40.000000000,BEST_ASK,"JPM,99060,170"
2019-06-28 10:07:40.000000000,BEST_BID,"JPM,99048,170"
2019-06-28 10:07:40.000000000,BEST_ASK,"JPM,99060,170"
2019-06-28 10:07:40.000000000,BEST_BID,"JPM,99048,170"
2019-06-28 10:07:40.000000000,BEST_ASK,"JPM,99060,170"
2019-06-28 10:07:40.000000000,BEST_BID,"JPM,99048,170"
2019-06-28 10:07:40.000000000,BEST_ASK,"JPM,99060,170"
2019-06-28 10:07:50.000000000,QUERY_SPREAD,1
2019-06-28 10:07:50.000000000,BEST_BID,"JPM,99048,195"
2019-06-28 10:07:50.000000000,BEST_ASK,"JPM,99060,100"
2019-06-28 10:07:50.000000000,BEST_BID,"JPM,99048,195"
2019-06-28 10:07:50.000000000,BEST_ASK,"JPM,99060,100"
2019-06-28 10:07:50.000000000,BEST_BID,"JPM,99048,195"
2019-06-28 10:07:50.000000000,BEST_ASK,"JPM,99060,100"
2019-06-28 10:07:50.000000000,BEST_BID,"JPM,99048,195"
2019-06-28 10:07:50.000000000,BEST_ASK,"JPM,99060,195"
2019-06-28 10:07:50.000000000,BEST_BID,"JPM,99048,195"
2019-06-28 10:07:50.000000000,BEST_ASK,"JPM,99060,195"
2019-06-28 10:07:50.000000000,BEST_BID,"JPM,99048,195"
2019-06-28 10:07:50.000000000,BEST_ASK,"JPM,99060,195"
2019-06-28 10:08:00.000000000,QUERY_SPREAD,1
2019-06-28 10:08:00.000000000,BEST_BID,"JPM,99048,156"
2019-06-28 10:08:00.000000000,BEST_ASK,"JPM,99060,100"
2019-06-28 10:08:00.000000000,BEST_BID,"JPM,99048,156"
2019-06-28 10:08:00.000000000,BEST_ASK,"JPM,99060,100"
2019-06-28 10:08:00.000000000,BEST_BID,"JPM,99048,156"
2019-06-28 10:08:00.000000000,BEST_ASK,"JPM,99060,100"
2019-06-28 10:08:00.000000000,BEST_BID,"JPM,99048,156"
2019-06-28 10:08:00.000000000,BEST_ASK,"JPM,99060,100"
2019-06-28 10:08:00.000000000,BEST_BID,"JPM,99048,156"
2019-06-28 10:08:00.000000000,BEST_ASK,"JPM,99060,100"
2019-06-28 10:08:00.000000000,BEST_BID,"JPM,99048,156"
2019-06-28 10:08:00.000000000,BEST_ASK,"JPM,99060,156"
2019-06-28 10:08:00.000000000,BEST_BID,"JPM,99048,156"
2019-06-28 10:08:00.000000000,BEST_ASK,"JPM,99060,156"
2019-06-28 10:08:00.000000000,BEST_BID,"JPM,99048,156"
2019-06-28 10:08:00.000000000,BEST_ASK,"JPM,99060,156"
2019-06-28 10:08:00.000000000,BEST_BID,"JPM,99048,156"
2019-06-28 10:08:00.000000000,BEST_ASK,"JPM,99060,156"
2019-06-28 10:08:00.000000000,BEST_BID,"JPM,99048,156"
2019-06-28 10:08:00.000000000,BEST_ASK,"JPM,99060,156"
2019-06-28 10:08:00.000000000,QUERY_SPREAD,77
2019-06-28 10:08:00.000000000,QUERY_SPREAD,78
2019-06-28 10:08:00.000000000,QUERY_SPREAD,79
2019-06-28 10:08:00.000000000,QUERY_SPREAD,80
2019-06-28 10:08:00.000000000,QUERY_SPREAD,81
2019-06-28 10:08:00.000000000,QUERY_SPREAD,82
2019-06-28 10:08:00.000000000,QUERY_SPREAD,83
2019-06-28 10:08:00.000000000,QUERY_SPREAD,84
2019-06-28 10:08:00.000000000,QUERY_SPREAD,85
2019-06-28 10:08:00.000000000,QUERY_SPREAD,86
2019-06-28 10:08:00.000000000,QUERY_SPREAD,87
2019-06-28 10:08:00.000000000,QUERY_SPREAD,88
2019-06-28 10:08:00.000000000,QUERY_SPREAD,89
2019-06-28 10:08:00.000000000,QUERY_SPREAD,90
2019-06-28 10:08:00.000000000,QUERY_SPREAD,91
2019-06-28 10:08:00.000000000,QUERY_SPREAD,92
2019-06-28 10:08:00.000000000,QUERY_SPREAD,93
2019-06-28 10:08:00.000000000,QUERY_SPREAD,94
2019-06-28 10:08:00.000000000,QUERY_SPREAD,95
2019-06-28 10:08:00.000000000,QUERY_SPREAD,96
2019-06-28 10:08:00.000000000,QUERY_SPREAD,97
2019-06-28 10:08:00.000000000,QUERY_SPREAD,98
2019-06-28 10:08:00.000000000,QUERY_SPREAD,99
2019-06-28 10:08:00.000000000,QUERY_SPREAD,100
2019-06-28 10:08:00.000000000,QUERY_SPREAD,101
2019-06-28 10:08:00.000000000,QUERY_ORDER_STREAM,101
2019-06-28 10:08:00.720939764,QUERY_SPREAD,5
2019-06-28 10:08:00.720939764,BEST_BID,"JPM,99048,156"
2019-06-28 10:08:00.720939764,BEST_ASK,"JPM,99060,156"
2019-06-28 10:08:10.000000000,QUERY_SPREAD,1
2019-06-28 10:08:10.000000000,BEST_BID,"JPM,99048,240"
2019-06-28 10:08:10.000000000,BEST_ASK,"JPM,99060,100"
2019-06-28 10:08:10.000000000,BEST_BID,"JPM,99048,240"
2019-06-28 10:08:10.000000000,BEST_ASK,"JPM,99060,100"
2019-06-28 10:08:10.000000000,BEST_BID,"JPM,99048,240"
2019-06-28 10:08:10.000000000,BEST_ASK,"JPM,99060,240"
2019-06-28 10:08:10.000000000,BEST_BID,"JPM,99048,240"
2019-06-28 10:08:10.000000000,BEST_ASK,"JPM,99060,240"
2019-06-28 10:08:20.000000000,QUERY_SPREAD,1
2019-06-28 10:08:20.000000000,BEST_BID,"JPM,99048,380"
2019-06-28 10:08:20.000000000,BEST_ASK,"JPM,99060,100"
2019-06-28 10:08:20.000000000,BEST_BID,"JPM,99048,380"
2019-06-28 10:08:20.000000000,BEST_ASK,"JPM,99060,380"
2019-06-28 10:08:25.578634479,QUERY_ORDER_STREAM,72
2019-06-28 10:08:25.578634479,QUERY_SPREAD,72
2019-06-28 10:08:25.982863935,QUERY_SPREAD,46
2019-06-28 10:08:25.982863935,BEST_BID,"JPM,99048,280"
2019-06-28 10:08:25.982863935,BEST_ASK,"JPM,99060,280"
2019-06-28 10:08:25.982863935,LAST_TRADE,"100,$99060.0000"
2019-06-28 10:08:30.000000000,QUERY_SPREAD,1
2019-06-28 10:08:30.000000000,BEST_BID,"JPM,98944,240"
2019-06-28 10:08:30.000000000,BEST_ASK,"JPM,99326,100"
2019-06-28 10:08:30.000000000,BEST_BID,"JPM,98944,240"
2019-06-28 10:08:30.000000000,BEST_ASK,"JPM,99326,100"
2019-06-28 10:08:30.000000000,BEST_BID,"JPM,98944,240"
2019-06-28 10:08:30.000000000,BEST_ASK,"JPM,99326,240"
2019-06-28 10:08:30.000000000,BEST_BID,"JPM,98944,240"
2019-06-28 10:08:30.000000000,BEST_ASK,"JPM,99326,240"
2019-06-28 10:08:40.000000000,QUERY_SPREAD,1
2019-06-28 10:08:40.000000000,BEST_BID,"JPM,98944,156"
2019-06-28 10:08:40.000000000,BEST_ASK,"JPM,99326,100"
2019-06-28 10:08:40.000000000,BEST_BID,"JPM,98944,156"
2019-06-28 10:08:40.000000000,BEST_ASK,"JPM,99326,100"
2019-06-28 10:08:40.000000000,BEST_BID,"JPM,98944,156"
2019-06-28 10:08:40.000000000,BEST_ASK,"JPM,99326,100"
2019-06-28 10:08:40.000000000,BEST_BID,"JPM,98944,156"
2019-06-28 10:08:40.000000000,BEST_ASK,"JPM,99326,100"
2019-06-28 10:08:40.000000000,BEST_BID,"JPM,98944,156"
2019-06-28 10:08:40.000000000,BEST_ASK,"JPM,99326,100"
2019-06-28 10:08:40.000000000,BEST_BID,"JPM,98944,156"
2019-06-28 10:08:40.000000000,BEST_ASK,"JPM,99326,156"
2019-06-28 10:08:40.000000000,BEST_BID,"JPM,98944,156"
2019-06-28 10:08:40.000000000,BEST_ASK,"JPM,99326,156"
2019-06-28 10:08:40.000000000,BEST_BID,"JPM,98944,156"
2019-06-28 10:08:40.000000000,BEST_ASK,"JPM,99326,156"
2019-06-28 10:08:40.000000000,BEST_BID,"JPM,98944,156"
2019-06-28 10:08:40.000000000,BEST_ASK,"JPM,99326,156"
2019-06-28 10:08:40.000000000,BEST_BID,"JPM,98944,156"
2019-06-28 10:08:40.000000000,BEST_ASK,"JPM,99326,156"
2019-06-28 10:08:50.000000000,QUERY_SPREAD,1
2019-06-28 10:08:50.000000000,BEST_BID,"JPM,98944,380"
2019-06-28 10:08:50.000000000,BEST_ASK,"JPM,99326,100"
2019-06-28 10:08:50.000000000,BEST_BID,"JPM,98944,380"
2019-06-28 10:08:50.000000000,BEST_ASK,"JPM,99326,380"
2019-06-28 10:08:52.325872036,QUERY_SPREAD,7
2019-06-28 10:08:52.325872036,BEST_BID,"JPM,98944,380"
2019-06-28 10:08:52.325872036,BEST_ASK,"JPM,99326,280"
2019-06-28 10:08:52.325872036,LAST_TRADE,"100,$99326.0000"
2019-06-28 10:08:56.380914502,QUERY_SPREAD,32
2019-06-28 10:08:56.380914502,BEST_BID,"JPM,98944,380"
2019-06-28 10:08:56.380914502,BEST_ASK,"JPM,99326,180"
2019-06-28 10:08:56.380914502,LAST_TRADE,"100,$99326.0000"
2019-06-28 10:09:00.000000000,QUERY_SPREAD,1
2019-06-28 10:09:00.000000000,BEST_BID,"JPM,98944,156"
2019-06-28 10:09:00.000000000,BEST_ASK,"JPM,99337,100"
2019-06-28 10:09:00.000000000,BEST_BID,"JPM,98944,156"
2019-06-28 10:09:00.000000000,BEST_ASK,"JPM,99337,100"
2019-06-28 10:09:00.000000000,BEST_BID,"JPM,98944,156"
2019-06-28 10:09:00.000000000,BEST_ASK,"JPM,99337,100"
2019-06-28 10:09:00.000000000,BEST_BID,"JPM,98944,156"
2019-06-28 10:09:00.000000000,BEST_ASK,"JPM,99337,100"
2019-06-28 10:09:00.000000000,BEST_BID,"JPM,98944,156"
2019-06-28 10:09:00.000000000,BEST_ASK,"JPM,99337,100"
2019-06-28 10:09:00.000000000,BEST_BID,"JPM,98944,156"
2019-06-28 10:09:00.000000000,BEST_ASK,"JPM,99337,156"
2019-06-28 10:09:00.000000000,BEST_BID,"JPM,98944,156"
2019-06-28 10:09:00.000000000,BEST_ASK,"JPM,99337,156"
2019-06-28 10:09:00.000000000,BEST_BID,"JPM,98944,156"
2019-06-28 10:09:00.000000000,BEST_ASK,"JPM,99337,156"
2019-06-28 10:09:00.000000000,BEST_BID,"JPM,98944,156"
2019-06-28 10:09:00.000000000,BEST_ASK,"JPM,99337,156"
2019-06-28 10:09:00.000000000,BEST_BID,"JPM,98944,156"
2019-06-28 10:09:00.000000000,BEST_ASK,"JPM,99337,156"
2019-06-28 10:09:00.000000000,QUERY_SPREAD,77
2019-06-28 10:09:00.000000000,QUERY_SPREAD,78
2019-06-28 10:09:00.000000000,QUERY_SPREAD,79
2019-06-28 10:09:00.000000000,QUERY_SPREAD,80
2019-06-28 10:09:00.000000000,QUERY_SPREAD,81
2019-06-28 10:09:00.000000000,QUERY_SPREAD,82
2019-06-28 10:09:00.000000000,QUERY_SPREAD,83
2019-06-28 10:09:00.000000000,QUERY_SPREAD,84
2019-06-28 10:09:00.000000000,QUERY_SPREAD,85
2019-06-28 10:09:00.000000000,QUERY_SPREAD,86
2019-06-28 10:09:00.000000000,QUERY_SPREAD,87
2019-06-28 10:09:00.000000000,QUERY_SPREAD,88
2019-06-28 10:09:00.000000000,QUERY_SPREAD,89
2019-06-28 10:09:00.000000000,QUERY_SPREAD,90
2019-06-28 10:09:00.000000000,QUERY_SPREAD,91
2019-06-28 10:09:00.000000000,QUERY_SPREAD,92
2019-06-28 10:09:00.000000000,QUERY_SPREAD,93
2019-06-28 10:09:00.000000000,QUERY_SPREAD,94
2019-06-28 10:09:00.000000000,QUERY_SPREAD,95
2019-06-28 10:09:00.000000000,QUERY_SPREAD,96
2019-06-28 10:09:00.000000000,QUERY_SPREAD,97
2019-06-28 10:09:00.000000000,QUERY_SPREAD,98
2019-06-28 10:09:00.000000000,QUERY_SPREAD,99
2019-06-28 10:09:00.000000000,QUERY_SPREAD,100
2019-06-28 10:09:00.000000000,QUERY_SPREAD,101
2019-06-28 10:09:00.000000000,QUERY_ORDER_STREAM,101
2019-06-28 10:09:00.919960697,QUERY_ORDER_STREAM,61
2019-06-28 10:09:00.919960697,QUERY_SPREAD,61
2019-06-28 10:09:00.919960697,BEST_BID,"JPM,99326,100"
2019-06-28 10:09:00.919960697,BEST_ASK,"JPM,99337,156"
2019-06-28 10:09:04.819133212,QUERY_SPREAD,36
2019-06-28 10:09:04.819133212,BEST_BID,"JPM,99326,100"
2019-06-28 10:09:04.819133212,BEST_ASK,"JPM,99337,156"
2019-06-28 10:09:10.000000000,QUERY_SPREAD,1
2019-06-28 10:09:10.000000000,BEST_BID,"JPM,99326,240"
2019-06-28 10:09:10.000000000,BEST_ASK,"JPM,99337,100"
2019-06-28 10:09:10.000000000,BEST_BID,"JPM,99326,240"
2019-06-28 10:09:10.000000000,BEST_ASK,"JPM,99337,100"
2019-06-28 10:09:10.000000000,BEST_BID,"JPM,99326,240"
2019-06-28 10:09:10.000000000,BEST_ASK,"JPM,99337,240"
2019-06-28 10:09:10.000000000,BEST_BID,"JPM,99326,240"
2019-06-28 10:09:10.000000000,BEST_ASK,"JPM,99337,240"
2019-06-28 10:09:12.081426527,QUERY_SPREAD,44
2019-06-28 10:09:12.081426527,BEST_BID,"JPM,99326,240"
2019-06-28 10:09:12.081426527,BEST_ASK,"JPM,99337,140"
2019-06-28 10:09:12.081426527,LAST_TRADE,"100,$99337.0000"
2019-06-28 10:09:20.000000000,QUERY_SPREAD,1
2019-06-28 10:09:20.000000000,BEST_BID,"JPM,99326,156"
2019-06-28 10:09:20.000000000,BEST_ASK,"JPM,99342,100"
2019-06-28 10:09:20.000000000,BEST_BID,"JPM,99326,156"
2019-06-28 10:09:20.000000000,BEST_ASK,"JPM,99342,100"
2019-06-28 10:09:20.000000000,BEST_BID,"JPM,99326,156"
2019-06-28 10:09:20.000000000,BEST_ASK,"JPM,99342,100"
2019-06-28 10:09:20.000000000,BEST_BID,"JPM,99326,156"
2019-06-28 10:09:20.000000000,BEST_ASK,"JPM,99342,100"
2019-06-28 10:09:20.000000000,BEST_BID,"JPM,99326,156"
2019-06-28 10:09:20.000000000,BEST_ASK,"JPM,99342,100"
2019-06-28 10:09:20.000000000,BEST_BID,"JPM,99326,156"
2019-06-28 10:09:20.000000000,BEST_ASK,"JPM,99342,156"
2019-06-28 10:09:20.000000000,BEST_BID,"JPM,99326,156"
2019-06-28 10:09:20.000000000,BEST_ASK,"JPM,99342,156"
2019-06-28 10:09:20.000000000,BEST_BID,"JPM,99326,156"
2019-06-28 10:09:20.000000000,BEST_ASK,"JPM,99342,156"
2019-06-28 10:09:20.000000000,BEST_BID,"JPM,99326,156"
2019-06-28 10:09:20.000000000,BEST_ASK,"JPM,99342,156"
2019-06-28 10:09:20.000000000,BEST_BID,"JPM,99326,156"
2019-06-28 10:09:20.000000000,BEST_ASK,"JPM,99342,156"
2019-06-28 10:09:30.000000000,QUERY_SPREAD,1
2019-06-28 10:09:30.000000000,BEST_BID,"JPM,99326,170"
2019-06-28 10:09:30.000000000,BEST_ASK,"JPM,99342,100"
2019-06-28 10:09:30.000000000,BEST_BID,"JPM,99326,170"
2019-06-28 10:09:30.000000000,BEST_ASK,"JPM,99342,100"
2019-06-28 10:09:30.000000000,BEST_BID,"JPM,99326,170"
2019-06-28 10:09:30.000000000,BEST_ASK,"JPM,99342,100"
2019-06-28 10:09:30.000000000,BEST_BID,"JPM,99326,170"
2019-06-28 10:09:30.000000000,BEST_ASK,"JPM,99342,100"
2019-06-28 10:09:30.000000000,BEST_BID,"JPM,99326,170"
2019-06-28 10:09:30.000000000,BEST_ASK,"JPM,99342,170"
2019-06-28 10:09:30.000000000,BEST_BID,"JPM,99326,170"
2019-06-28 10:09:30.000000000,BEST_ASK,"JPM,99342,170"
2019-06-28 10:09:30.000000000,BEST_BID,"JPM,99326,170"
2019-06-28 10:09:30.000000000,BEST_ASK,"JPM,99342,170"
2019-06-28 10:09:30.000000000,BEST_BID,"JPM,99326,170"
2019-06-28 10:09:30.000000000,BEST_ASK,"JPM,99342,170"
2019-06-28 10:09:40.000000000,QUERY_SPREAD,1
2019-06-28 10:09:40.000000000,BEST_BID,"JPM,99326,156"
2019-06-28 10:09:40.000000000,BEST_ASK,"JPM,99342,100"
2019-06-28 10:09:40.000000000,BEST_BID,"JPM,99326,156"
2019-06-28 10:09:40.000000000,BEST_ASK,"JPM,99342,100"
2019-06-28 10:09:40.000000000,BEST_BID,"JPM,99326,156"
2019-06-28 10:09:40.000000000,BEST_ASK,"JPM,99342,100"
2019-06-28 10:09:40.000000000,BEST_BID,"JPM,99326,156"
2019-06-28 10:09:40.000000000,BEST_ASK,"JPM,99342,100"
2019-06-28 10:09:40.000000000,BEST_BID,"JPM,99326,156"
2019-06-28 10:09:40.000000000,BEST_ASK,"JPM,99342,100"
2019-06-28 10:09:40.000000000,BEST_BID,"JPM,99326,156"
2019-06-28 10:09:40.000000000,BEST_ASK,"JPM,99342,156"
2019-06-28 10:09:40.000000000,BEST_BID,"JPM,99326,156"
2019-06-28 10:09:40.000000000,BEST_ASK,"JPM,99342,156"
2019-06-28 10:09:40.000000000,BEST_BID,"JPM,99326,156"
2019-06-28 10:09:40.000000000,BEST_ASK,"JPM,99342,156"
2019-06-28 10:09:40.000000000,BEST_BID,"JPM,99326,156"
2019-06-28 10:09:40.000000000,BEST_ASK,"JPM,99342,156"
2019-06-28 10:09:40.000000000,BEST_BID,"JPM,99326,156"
2019-06-28 10:09:40.000000000,BEST_ASK,"JPM,99342,156"
2019-06-28 10:09:40.683739437,QUERY_SPREAD,46
2019-06-28 10:09:40.683739437,BEST_BID,"JPM,99326,156"
2019-06-28 10:09:40.683739437,BEST_ASK,"JPM,99342,156"
2019-06-28 10:09:45.490476830,QUERY_ORDER_STREAM,71
2019-06-28 10:09:45.490476830,QUERY_SPREAD,71
2019-06-28 10:09:45.490476830,BEST_BID,"JPM,99327,100"
2019-06-28 10:09:45.490476830,BEST_ASK,"JPM,99342,156"
2019-06-28 10:09:50.000000000,QUERY_SPREAD,1
2019-06-28 10:09:50.000000000,BEST_BID,"JPM,99327,195"
2019-06-28 10:09:50.000000000,BEST_ASK,"JPM,99342,100"
2019-06-28 10:09:50.000000000,BEST_BID,"JPM,99327,195"
2019-06-28 10:09:50.000000000,BEST_ASK,"JPM,99342,100"
2019-06-28 10:09:50.000000000,BEST_BID,"JPM,99327,195"
2019-06-28 10:09:50.000000000,BEST_ASK,"JPM,99342,100"
2019-06-28 10:09:50.000000000,BEST_BID,"JPM,99327,195"
2019-06-28 10:09:50.000000000,BEST_ASK,"JPM,99342,195"
2019-06-28 10:09:50.000000000,BEST_BID,"JPM,99327,195"
2019-06-28 10:09:50.000000000,BEST_ASK,"JPM,99342,195"
2019-06-28 10:09:50.000000000,BEST_BID,"JPM,99327,195"
2019-06-28 10:09:50.000000000,BEST_ASK,"JPM,99342,195"
2019-06-28 10:10:00.000000000,QUERY_SPREAD,1
2019-06-28 10:10:00.000000000,BEST_BID,"JPM,99327,380"
2019-06-28 10:10:00.000000000,BEST_ASK,"JPM,99342,100"
2019-06-28 10:10:00.000000000,BEST_BID,"JPM,99327,380"
2019-06-28 10:10:00.000000000,BEST_ASK,"JPM,99342,380"
2019-06-28 10:10:00.000000000,QUERY_SPREAD,77
2019-06-28 10:10:00.000000000,QUERY_SPREAD,78
2019-06-28 10:10:00.000000000,QUERY_SPREAD,79
2019-06-28 10:10:00.000000000,QUERY_SPREAD,80
2019-06-28 10:10:00.000000000,QUERY_SPREAD,81
2019-06-28 10:10:00.000000000,QUERY_SPREAD,82
2019-06-28 10:10:00.000000000,QUERY_SPREAD,83
2019-06-28 10:10:00.000000000,QUERY_SPREAD,84
2019-06-28 10:10:00.000000000,QUERY_SPREAD,85
2019-06-28 10:10:00.000000000,QUERY_SPREAD,86
2019-06-28 10:10:00.000000000,QUERY_SPREAD,87
2019-06-28 10:10:00.000000000,QUERY_SPREAD,88
2019-06-28 10:10:00.000000000,QUERY_SPREAD,89
2019-06-28 10:10:00.000000000,QUERY_SPREAD,90
2019-06-28 10:10:00.000000000,QUERY_SPREAD,91
2019-06-28 10:10:00.000000000,QUERY_SPREAD,92
2019-06-28 10:10:00.000000000,QUERY_SPREAD,93
2019-06-28 10:10:00.000000000,QUERY_SPREAD,94
2019-06-28 10:10:00.000000000,QUERY_SPREAD,95
2019-06-28 10:10:00.000000000,QUERY_SPREAD,96
2019-06-28 10:10:00.000000000,QUERY_SPREAD,97
2019-06-28 10:10:00.000000000,QUERY_SPREAD,98
2019-06-28 10:10:00.000000000,QUERY_SPREAD,99
2019-06-28 10:10:00.000000000,QUERY_SPREAD,100
2019-06-28 10:10:00.000000000,QUERY_SPREAD,101
2019-06-28 10:10:00.000000000,QUERY_ORDER_STREAM,101
2019-06-28 10:10:10.000000000,QUERY_SPREAD,1
2019-06-28 10:10:10.000000000,BEST_BID,"JPM,99327,380"
2019-06-28 10:10:10.000000000,BEST_ASK,"JPM,99342,100"
2019-06-28 10:10:10.000000000,BEST_BID,"JPM,99327,380"
2019-06-28 10:10:10.000000000,BEST_ASK,"JPM,99342,380"
2019-06-28 10:10:20.000000000,QUERY_SPREAD,1
2019-06-28 10:10:20.000000000,BEST_BID,"JPM,99327,380"
2019-06-28 10:10:20.000000000,BEST_ASK,"JPM,99342,100"
2019-06-28 10:10:20.000000000,BEST_BID,"JPM,99327,380"
2019-06-28 10:10:20.000000000,BEST_ASK,"JPM,99342,380"
2019-06-28 10:10:26.027590722,QUERY_ORDER_STREAM,66
2019-06-28 10:10:26.027590722,QUERY_SPREAD,66
2019-06-28 10:10:30.000000000,QUERY_SPREAD,1
2019-06-28 10:10:30.000000000,BEST_BID,"JPM,99327,380"
2019-06-28 10:10:30.000000000,BEST_ASK,"JPM,99342,100"
2019-06-28 10:10:30.000000000,BEST_BID,"JPM,99327,380"
2019-06-28 10:10:30.000000000,BEST_ASK,"JPM,99342,380"
2019-06-28 10:10:33.815450168,QUERY_SPREAD,3
2019-06-28 10:10:33.815450168,BEST_BID,"JPM,99327,380"
2019-06-28 10:10:33.815450168,BEST_ASK,"JPM,99342,280"
2019-06-28 10:10:33.815450168,LAST_TRADE,"100,$99342.0000"
2019-06-28 10:10:34.996315823,QUERY_SPREAD,14
2019-06-28 10:10:34.996315823,BEST_BID,"JPM,99327,380"
2019-06-28 10:10:34.996315823,BEST_ASK,"JPM,99342,280"
2019-06-28 10:10:40.000000000,QUERY_SPREAD,1
2019-06-28 10:10:40.000000000,BEST_BID,"JPM,99327,156"
2019-06-28 10:10:40.000000000,BEST_ASK,"JPM,99420,100"
2019-06-28 10:10:40.000000000,BEST_BID,"JPM,99327,156"
2019-06-28 10:10:40.000000000,BEST_ASK,"JPM,99420,100"
2019-06-28 10:10:40.000000000,BEST_BID,"JPM,99327,156"
2019-06-28 10:10:40.000000000,BEST_ASK,"JPM,99420,100"
2019-06-28 10:10:40.000000000,BEST_BID,"JPM,99327,156"
2019-06-28 10:10:40.000000000,BEST_ASK,"JPM,99420,100"
2019-06-28 10:10:40.000000000,BEST_BID,"JPM,99327,156"
2019-06-28 10:10:40.000000000,BEST_ASK,"JPM,99420,100"
2019-06-28 10:10:40.000000000,BEST_BID,"JPM,99327,156"
2019-06-28 10:10:40.000000000,BEST_ASK,"JPM,99420,156"
2019-06-28 10:10:40.000000000,BEST_BID,"JPM,99327,156"
2019-06-28 10:10:40.000000000,BEST_ASK,"JPM,99420,156"
2019-06-28 10:10:40.000000000,BEST_BID,"JPM,99327,156"
2019-06-28 10:10:40.000000000,BEST_ASK,"JPM,99420,156"
2019-06-28 10:10:40.000000000,BEST_BID,"JPM,99327,156"
2019-06-28 10:10:40.000000000,BEST_ASK,"JPM,99420,156"
2019-06-28 10:10:40.000000000,BEST_BID,"JPM,99327,156"
2019-06-28 10:10:40.000000000,BEST_ASK,"JPM,99420,156"
2019-06-28 10:10:48.808653720,QUERY_SPREAD,36
2019-06-28 10:10:48.808653720,BEST_BID,"JPM,99327,156"
2019-06-28 10:10:48.808653720,BEST_ASK,"JPM,99420,56"
2019-06-28 10:10:48.808653720,LAST_TRADE,"100,$99420.0000"
2019-06-28 10:10:50.000000000,QUERY_SPREAD,1
2019-06-28 10:10:50.000000000,BEST_BID,"JPM,99327,380"
2019-06-28 10:10:50.000000000,BEST_ASK,"JPM,99508,100"
2019-06-28 10:10:50.000000000,BEST_BID,"JPM,99327,380"
2019-06-28 10:10:50.000000000,BEST_ASK,"JPM,99508,380"
2019-06-28 10:10:53.941792826,QUERY_ORDER_STREAM,72
2019-06-28 10:10:53.941792826,QUERY_SPREAD,72
2019-06-28 10:10:53.941792826,BEST_BID,"JPM,99342,100"
2019-06-28 10:10:53.941792826,BEST_ASK,"JPM,99508,380"
2019-06-28 10:11:00.000000000,QUERY_SPREAD,1
2019-06-28 10:11:00.000000000,BEST_BID,"JPM,99342,195"
2019-06-28 10:11:00.000000000,BEST_ASK,"JPM,99508,100"
2019-06-28 10:11:00.000000000,BEST_BID,"JPM,99342,195"
2019-06-28 10:11:00.000000000,BEST_ASK,"JPM,99508,100"
2019-06-28 10:11:00.000000000,BEST_BID,"JPM,99342,195"
2019-06-28 10:11:00.000000000,BEST_ASK,"JPM,99508,100"
2019-06-28 10:11:00.000000000,BEST_BID,"JPM,99342,195"
2019-06-28 10:11:00.000000000,BEST_ASK,"JPM,99508,195"
2019-06-28 10:11:00.000000000,BEST_BID,"JPM,99342,195"
2019-06-28 10:11:00.000000000,BEST_ASK,"JPM,99508,195"
2019-06-28 10:11:00.000000000,BEST_BID,"JPM,99342,195"
2019-06-28 10:11:00.000000000,BEST_ASK,"JPM,99508,195"
2019-06-28 10:11:00.000000000,QUERY_SPREAD,77
2019-06-28 10:11:00.000000000,QUERY_SPREAD,78
2019-06-28 10:11:00.000000000,QUERY_SPREAD,79
2019-06-28 10:11:00.000000000,QUERY_SPREAD,80
2019-06-28 10:11:00.000000000,QUERY_SPREAD,81
2019-06-28 10:11:00.000000000,QUERY_SPREAD,82
2019-06-28 10:11:00.000000000,QUERY_SPREAD,83
2019-06-28 10:11:00.000000000,QUERY_SPREAD,84
2019-06-28 10:11:00.000000000,QUERY_SPREAD,85
2019-06-28 10:11:00.000000000,QUERY_SPREAD,86
2019-06-28 10:11:00.000000000,QUERY_SPREAD,87
2019-06-28 10:11:00.000000000,QUERY_SPREAD,88
2019-06-28 10:11:00.000000000,QUERY_SPREAD,89
2019-06-28 10:11:00.000000000,QUERY_SPREAD,90
2019-06-28 10:11:00.000000000,QUERY_SPREAD,91
2019-06-28 10:11:00.000000000,QUERY_SPREAD,92
2019-06-28 10:11:00.000000000,QUERY_SPREAD,93
2019-06-28 10:11:00.000000000,QUERY_SPREAD,94
2019-06-28 10:11:00.000000000,QUERY_SPREAD,95
2019-06-28 10:11:00.000000000,QUERY_SPREAD,96
2019-06-28 10:11:00.000000000,QUERY_SPREAD,97
2019-06-28 10:11:00.000000000,QUERY_SPREAD,98
2019-06-28 10:11:00.000000000,QUERY_SPREAD,99
2019-06-28 10:11:00.000000000,QUERY_SPREAD,100
2019-06-28 10:11:00.000000000,QUERY_SPREAD,101
2019-06-28 10:11:00.000000000,QUERY_ORDER_STREAM,101
2019-06-28 10:11:10.000000000,QUERY_SPREAD,1
2019-06-28 10:11:10.000000000,BEST_BID,"JPM,99342,240"
2019-06-28 10:11:10.000000000,BEST_ASK,"JPM,99508,100"
2019-06-28 10:11:10.000000000,BEST_BID,"JPM,99342,240"
2019-06-28 10:11:10.000000000,BEST_ASK,"JPM,99508,100"
2019-06-28 10:11:10.000000000,BEST_BID,"JPM,99342,240"
2019-06-28 10:11:10.000000000,BEST_ASK,"JPM,99508,240"
2019-06-28 10:11:10.000000000,BEST_BID,"JPM,99342,240"
2019-06-28 10:11:10.000000000,BEST_ASK,"JPM,99508,240"
2019-06-28 10:11:13.193309457,QUERY_SPREAD,26
2019-06-28 10:11:13.193309457,BEST_BID,"JPM,99342,240"
2019-06-28 10:11:13.193309457,BEST_ASK,"JPM,99508,240"
2019-06-28 10:11:20.000000000,QUERY_SPREAD,1
2019-06-28 10:11:20.000000000,BEST_BID,"JPM,99342,156"
2019-06-28 10:11:20.000000000,BEST_ASK,"JPM,99508,100"
2019-06-28 10:11:20.000000000,BEST_BID,"JPM,99342,156"
2019-06-28 10:11:20.000000000,BEST_ASK,"JPM,99508,100"
2019-06-28 10:11:20.000000000,BEST_BID,"JPM,99342,156"
2019-06-28 10:11:20.000000000,BEST_ASK,"JPM,99508,100"
2019-06-28 10:11:20.000000000,BEST_BID,"JPM,99342,156"
2019-06-28 10:11:20.000000000,BEST_ASK,"JPM,99508,100"
2019-06-28 10:11:20.000000000,BEST_BID,"JPM,99342,156"
2019-06-28 10:11:20.000000000,BEST_ASK,"JPM,99508,100"
2019-06-28 10:11:20.000000000,BEST_BID,"JPM,99342,156"
2019-06-28 10:11:20.000000000,BEST_ASK,"JPM,99508,156"
2019-06-28 10:11:20.000000000,BEST_BID,"JPM,99342,156"
2019-06-28 10:11:20.000000000,BEST_ASK,"JPM,99508,156"
2019-06-28 10:11:20.000000000,BEST_BID,"JPM,99342,156"
2019-06-28 10:11:20.000000000,BEST_ASK,"JPM,99508,156"
2019-06-28 10:11:20.000000000,BEST_BID,"JPM,99342,156"
2019-06-28 10:11:20.000000000,BEST_ASK,"JPM,99508,156"
2019-06-28 10:11:20.000000000,BEST_BID,"JPM,99342,156"
2019-06-28 10:11:20.000000000,BEST_ASK,"JPM,99508,156"
2019-06-28 10:11:30.000000000,QUERY_SPREAD,1
2019-06-28 10:11:30.000000000,BEST_BID,"JPM,99342,380"
2019-06-28 10:11:30.000000000,BEST_ASK,"JPM,99508,100"
2019-06-28 10:11:30.000000000,BEST_BID,"JPM,99342,380"
2019-06-28 10:11:30.000000000,BEST_ASK,"JPM,99508,380"
2019-06-28 10:11:40.000000000,QUERY_SPREAD,1
2019-06-28 10:11:40.000000000,BEST_BID,"JPM,99342,156"
2019-06-28 10:11:40.000000000,BEST_ASK,"JPM,99508,100"
2019-06-28 10:11:40.000000000,BEST_BID,"JPM,99342,156"
2019-06-28 10:11:40.000000000,BEST_ASK,"JPM,99508,100"
2019-06-28 10:11:40.000000000,BEST_BID,"JPM,99342,156"
2019-06-28 10:11:40.000000000,BEST_ASK,"JPM,99508,100"
2019-06-28 10:11:40.000000000,BEST_BID,"JPM,99342,156"
2019-06-28 10:11:40.000000000,BEST_ASK,"JPM,99508,100"
2019-06-28 10:11:40.000000000,BEST_BID,"JPM,99342,156"
2019-06-28 10:11:40.000000000,BEST_ASK,"JPM,99508,100"
2019-06-28 10:11:40.000000000,BEST_BID,"JPM,99342,156"
2019-06-28 10:11:40.000000000,BEST_ASK,"JPM,99508,156"
2019-06-28 10:11:40.000000000,BEST_BID,"JPM,99342,156"
2019-06-28 10:11:40.000000000,BEST_ASK,"JPM,99508,156"
2019-06-28 10:11:40.000000000,BEST_BID,"JPM,99342,156"
2019-06-28 10:11:40.000000000,BEST_ASK,"JPM,99508,156"
2019-06-28 10:11:40.000000000,BEST_BID,"JPM,99342,156"
2019-06-28 10:11:40.000000000,BEST_ASK,"JPM,99508,156"
2019-06-28 10:11:40.000000000,BEST_BID,"JPM,99342,156"
2019-06-28 10:11:40.000000000,BEST_ASK,"JPM,99508,156"
2019-06-28 10:11:44.689455882,QUERY_ORDER_STREAM,66
2019-06-28 10:11:44.689455882,QUERY_SPREAD,66
2019-06-28 10:11:44.689455882,BEST_BID,"JPM,99342,256"
2019-06-28 10:11:44.689455882,BEST_ASK,"JPM,99508,156"
2019-06-28 10:11:50.000000000,QUERY_SPREAD,1
2019-06-28 10:11:50.000000000,BEST_BID,"JPM,99342,270"
2019-06-28 10:11:50.000000000,BEST_ASK,"JPM,99508,100"
2019-06-28 10:11:50.000000000,BEST_BID,"JPM,99342,270"
2019-06-28 10:11:50.000000000,BEST_ASK,"JPM,99508,100"
2019-06-28 10:11:50.000000000,BEST_BID,"JPM,99342,270"
2019-06-28 10:11:50.000000000,BEST_ASK,"JPM,99508,100"
2019-06-28 10:11:50.000000000,BEST_BID,"JPM,99342,270"
2019-06-28 10:11:50.000000000,BEST_ASK,"JPM,99508,100"
2019-06-28 10:11:50.000000000,BEST_BID,"JPM,99342,270"
2019-06-28 10:11:50.000000000,BEST_ASK,"JPM,99508,170"
2019-06-28 10:11:50.000000000,BEST_BID,"JPM,99342,270"
2019-06-28 10:11:50.000000000,BEST_ASK,"JPM,99508,170"
2019-06-28 10:11:50.000000000,BEST_BID,"JPM,99342,270"
2019-06-28 10:11:50.000000000,BEST_ASK,"JPM,99508,170"
2019-06-28 10:11:50.000000000,BEST_BID,"JPM,99342,270"
2019-06-28 10:11:50.000000000,BEST_ASK,"JPM,99508,170"
2019-06-28 10:11:56.110709926,QUERY_SPREAD,50
2019-06-28 10:11:56.110709926,BEST_BID,"JPM,99342,270"
2019-06-28 10:11:56.110709926,BEST_ASK,"JPM,99508,70"
2019-06-28 10:12:00.000000000,QUERY_SPREAD,1
2019-06-28 10:12:00.000000000,BEST_BID,"JPM,99342,480"
2019-06-28 10:12:00.000000000,BEST_ASK,"JPM,99590,100"
2019-06-28 10:12:00.000000000,BEST_BID,"JPM,99342,480"
2019-06-28 10:12:00.000000000,BEST_ASK,"JPM,99590,380"
2019-06-28 10:12:00.000000000,QUERY_SPREAD,77
2019-06-28 10:12:00.000000000,QUERY_SPREAD,78
2019-06-28 10:12:00.000000000,QUERY_SPREAD,79
2019-06-28 10:12:00.000000000,QUERY_SPREAD,80
2019-06-28 10:12:00.000000000,QUERY_SPREAD,81
2019-06-28 10:12:00.000000000,QUERY_SPREAD,82
2019-06-28 10:12:00.000000000,QUERY_SPREAD,83
2019-06-28 10:12:00.000000000,QUERY_SPREAD,84
2019-06-28 10:12:00.000000000,QUERY_SPREAD,85
2019-06-28 10:12:00.000000000,QUERY_SPREAD,86
2019-06-28 10:12:00.000000000,QUERY_SPREAD,87
2019-06-28 10:12:00.000000000,QUERY_SPREAD,88
2019-06-28 10:12:00.000000000,QUERY_SPREAD,89
2019-06-28 10:12:00.000000000,QUERY_SPREAD,90
2019-06-28 10:12:00.000000000,QUERY_SPREAD,91
2019-06-28 10:12:00.000000000,QUERY_SPREAD,92
2019-06-28 10:12:00.000000000,QUERY_SPREAD,93
2019-06-28 10:12:00.000000000,QUERY_SPREAD,94
2019-06-28 10:12:00.000000000,QUERY_SPREAD,95
2019-06-28 10:12:00.000000000,QUERY_SPREAD,96
2019-06-28 10:12:00.000000000,QUERY_SPREAD,97
2019-06-28 10:12:00.000000000,QUERY_SPREAD,98
2019-06-28 10:12:00.000000000,QUERY_SPREAD,99
2019-06-28 10:12:00.000000000,QUERY_SPREAD,100
2019-06-28 10:12:00.000000000,QUERY_SPREAD,101
2019-06-28 10:12:00.000000000,QUERY_ORDER_STREAM,101
2019-06-28 10:12:01.687413040,QUERY_SPREAD,18
2019-06-28 10:12:01.687413040,BEST_BID,"JPM,99342,480"
2019-06-28 10:12:01.687413040,BEST_ASK,"JPM,99590,380"
2019-06-28 10:12:01.902833005,QUERY_SPREAD,25
2019-06-28 10:12:01.902833005,BEST_BID,"JPM,99342,480"
2019-06-28 10:12:01.902833005,BEST_ASK,"JPM,99590,380"
2019-06-28 10:12:10.000000000,QUERY_SPREAD,1
2019-06-28 10:12:10.000000000,BEST_BID,"JPM,99342,480"
2019-06-28 10:12:10.000000000,BEST_ASK,"JPM,99590,100"
2019-06-28 10:12:10.000000000,BEST_BID,"JPM,99342,480"
2019-06-28 10:12:10.000000000,BEST_ASK,"JPM,99590,380"
2019-06-28 10:12:20.000000000,QUERY_SPREAD,1
2019-06-28 10:12:20.000000000,BEST_BID,"JPM,99342,340"
2019-06-28 10:12:20.000000000,BEST_ASK,"JPM,99590,100"
2019-06-28 10:12:20.000000000,BEST_BID,"JPM,99342,340"
2019-06-28 10:12:20.000000000,BEST_ASK,"JPM,99590,100"
2019-06-28 10:12:20.000000000,BEST_BID,"JPM,99342,340"
2019-06-28 10:12:20.000000000,BEST_ASK,"JPM,99590,240"
2019-06-28 10:12:20.000000000,BEST_BID,"JPM,99342,340"
2019-06-28 10:12:20.000000000,BEST_ASK,"JPM,99590,240"
2019-06-28 10:12:30.000000000,QUERY_SPREAD,1
2019-06-28 10:12:30.000000000,BEST_BID,"JPM,99342,270"
2019-06-28 10:12:30.000000000,BEST_ASK,"JPM,99590,100"
2019-06-28 10:12:30.000000000,BEST_BID,"JPM,99342,270"
2019-06-28 10:12:30.000000000,BEST_ASK,"JPM,99590,100"
2019-06-28 10:12:30.000000000,BEST_BID,"JPM,99342,270"
2019-06-28 10:12:30.000000000,BEST_ASK,"JPM,99590,100"
2019-06-28 10:12:30.000000000,BEST_BID,"JPM,99342,270"
2019-06-28 10:12:30.000000000,BEST_ASK,"JPM,99590,100"
2019-06-28 10:12:30.000000000,BEST_BID,"JPM,99342,270"
2019-06-28 10:12:30.000000000,BEST_ASK,"JPM,99590,170"
2019-06-28 10:12:30.000000000,BEST_BID,"JPM,99342,270"
2019-06-28 10:12:30.000000000,BEST_ASK,"JPM,99590,170"
2019-06-28 10:12:30.000000000,BEST_BID,"JPM,99342,270"
2019-06-28 10:12:30.000000000,BEST_ASK,"JPM,99590,170"
2019-06-28 10:12:30.000000000,BEST_BID,"JPM,99342,270"
2019-06-28 10:12:30.000000000,BEST_ASK,"JPM,99590,170"
2019-06-28 10:12:40.000000000,QUERY_SPREAD,1
2019-06-28 10:12:40.000000000,BEST_BID,"JPM,99342,295"
2019-06-28 10:12:40.000000000,BEST_ASK,"JPM,99590,100"
2019-06-28 10:12:40.000000000,BEST_BID,"JPM,99342,295"
2019-06-28 10:12:40.000000000,BEST_ASK,"JPM,99590,100"
2019-06-28 10:12:40.000000000,BEST_BID,"JPM,99342,295"
2019-06-28 10:12:40.000000000,BEST_ASK,"JPM,99590,100"
2019-06-28 10:12:40.000000000,BEST_BID,"JPM,99342,295"
2019-06-28 10:12:40.000000000,BEST_ASK,"JPM,99590,195"
2019-06-28 10:12:40.000000000,BEST_BID,"JPM,99342,295"
2019-06-28 10:12:40.000000000,BEST_ASK,"JPM,99590,195"
2019-06-28 10:12:40.000000000,BEST_BID,"JPM,99342,295"
2019-06-28 10:12:40.000000000,BEST_ASK,"JPM,99590,195"
2019-06-28 10:12:47.959802128,QUERY_SPREAD,50
2019-06-28 10:12:47.959802128,BEST_BID,"JPM,99342,295"
2019-06-28 10:12:47.959802128,BEST_ASK,"JPM,99590,195"
2019-06-28 10:12:50.000000000,QUERY_SPREAD,1
2019-06-28 10:12:50.000000000,BEST_BID,"JPM,99342,295"
2019-06-28 10:12:50.000000000,BEST_ASK,"JPM,99590,100"
2019-06-28 10:12:50.000000000,BEST_BID,"JPM,99342,295"
2019-06-28 10:12:50.000000000,BEST_ASK,"JPM,99590,100"
2019-06-28 10:12:50.000000000,BEST_BID,"JPM,99342,295"
2019-06-28 10:12:50.000000000,BEST_ASK,"JPM,99590,100"
2019-06-28 10:12:50.000000000,BEST_BID,"JPM,99342,295"
2019-06-28 10:12:50.000000000,BEST_ASK,"JPM,99590,195"
2019-06-28 10:12:50.000000000,BEST_BID,"JPM,99342,295"
2019-06-28 10:12:50.000000000,BEST_ASK,"JPM,99590,195"
2019-06-28 10:12:50.000000000,BEST_BID,"JPM,99342,295"
2019-06-28 10:12:50.000000000,BEST_ASK,"JPM,99590,195"
2019-06-28 10:13:00.000000000,QUERY_SPREAD,1
2019-06-28 10:13:00.000000000,BEST_BID,"JPM,99342,295"
2019-06-28 10:13:00.000000000,BEST_ASK,"JPM,99590,100"
2019-06-28 10:13:00.000000000,BEST_BID,"JPM,99342,295"
2019-06-28 10:13:00.000000000,BEST_ASK,"JPM,99590,100"
2019-06-28 10:13:00.000000000,BEST_BID,"JPM,99342,295"
2019-06-28 10:13:00.000000000,BEST_ASK,"JPM,99590,100"
2019-06-28 10:13:00.000000000,BEST_BID,"JPM,99342,295"
2019-06-28 10:13:00.000000000,BEST_ASK,"JPM,99590,195"
2019-06-28 10:13:00.000000000,BEST_BID,"JPM,99342,295"
2019-06-28 10:13:00.000000000,BEST_ASK,"JPM,99590,195"
2019-06-28 10:13:00.000000000,BEST_BID,"JPM,99342,295"
2019-06-28 10:13:00.000000000,BEST_ASK,"JPM,99590,195"
2019-06-28 10:13:00.000000000,QUERY_SPREAD,77
2019-06-28 10:13:00.000000000,QUERY_SPREAD,78
2019-06-28 10:13:00.000000000,QUERY_SPREAD,79
2019-06-28 10:13:00.000000000,QUERY_SPREAD,80
2019-06-28 10:13:00.000000000,QUERY_SPREAD,81
2019-06-28 10:13:00.000000000,QUERY_SPREAD,82
2019-06-28 10:13:00.000000000,QUERY_SPREAD,83
2019-06-28 10:13:00.000000000,QUERY_SPREAD,84
2019-06-28 10:13:00.000000000,QUERY_SPREAD,85
2019-06-28 10:13:00.000000000,QUERY_SPREAD,86
2019-06-28 10:13:00.000000000,QUERY_SPREAD,87
2019-06-28 10:13:00.000000000,QUERY_SPREAD,88
2019-06-28 10:13:00.000000000,QUERY_SPREAD,89
2019-06-28 10:13:00.000000000,QUERY_SPREAD,90
2019-06-28 10:13:00.000000000,QUERY_SPREAD,91
2019-06-28 10:13:00.000000000,QUERY_SPREAD,92
2019-06-28 10:13:00.000000000,QUERY_SPREAD,93
2019-06-28 10:13:00.000000000,QUERY_SPREAD,94
2019-06-28 10:13:00.000000000,QUERY_SPREAD,95
2019-06-28 10:13:00.000000000,QUERY_SPREAD,96
2019-06-28 10:13:00.000000000,QUERY_SPREAD,97
2019-06-28 10:13:00.000000000,QUERY_SPREAD,98
2019-06-28 10:13:00.000000000,QUERY_SPREAD,99
2019-06-28 10:13:00.000000000,QUERY_SPREAD,100
2019-06-28 10:13:00.000000000,QUERY_SPREAD,101
2019-06-28 10:13:00.000000000,QUERY_ORDER_STREAM,101
2019-06-28 10:13:04.496227735,QUERY_SPREAD,44
2019-06-28 10:13:04.496227735,BEST_BID,"JPM,99342,295"
2019-06-28 10:13:04.496227735,BEST_ASK,"JPM,99590,195"
2019-06-28 10:13:10.000000000,QUERY_SPREAD,1
2019-06-28 10:13:10.000000000,BEST_BID,"JPM,99342,340"
2019-06-28 10:13:10.000000000,BEST_ASK,"JPM,99590,100"
2019-06-28 10:13:10.000000000,BEST_BID,"JPM,99342,340"
2019-06-28 10:13:10.000000000,BEST_ASK,"JPM,99590,100"
2019-06-28 10:13:10.000000000,BEST_BID,"JPM,99342,340"
2019-06-28 10:13:10.000000000,BEST_ASK,"JPM,99590,240"
2019-06-28 10:13:10.000000000,BEST_BID,"JPM,99342,340"
2019-06-28 10:13:10.000000000,BEST_ASK,"JPM,99590,240"
2019-06-28 10:13:20.000000000,QUERY_SPREAD,1
2019-06-28 10:13:20.000000000,BEST_BID,"JPM,99342,270"
2019-06-28 10:13:20.000000000,BEST_ASK,"JPM,99590,100"
2019-06-28 10:13:20.000000000,BEST_BID,"JPM,99342,270"
2019-06-28 10:13:20.000000000,BEST_ASK,"JPM,99590,100"
2019-06-28 10:13:20.000000000,BEST_BID,"JPM,99342,270"
2019-06-28 10:13:20.000000000,BEST_ASK,"JPM,99590,100"
2019-06-28 10:13:20.000000000,BEST_BID,"JPM,99342,270"
2019-06-28 10:13:20.000000000,BEST_ASK,"JPM,99590,100"
2019-06-28 10:13:20.000000000,BEST_BID,"JPM,99342,270"
2019-06-28 10:13:20.000000000,BEST_ASK,"JPM,99590,170"
2019-06-28 10:13:20.000000000,BEST_BID,"JPM,99342,270"
2019-06-28 10:13:20.000000000,BEST_ASK,"JPM,99590,170"
2019-06-28 10:13:20.000000000,BEST_BID,"JPM,99342,270"
2019-06-28 10:13:20.000000000,BEST_ASK,"JPM,99590,170"
2019-06-28 10:13:20.000000000,BEST_BID,"JPM,99342,270"
2019-06-28 10:13:20.000000000,BEST_ASK,"JPM,99590,170"
2019-06-28 10:13:30.000000000,QUERY_SPREAD,1
2019-06-28 10:13:30.000000000,BEST_BID,"JPM,99342,480"
2019-06-28 10:13:30.000000000,BEST_ASK,"JPM,99590,100"
2019-06-28 10:13:30.000000000,BEST_BID,"JPM,99342,480"
2019-06-28 10:13:30.000000000,BEST_ASK,"JPM,99590,380"
2019-06-28 10:13:31.811044131,QUERY_SPREAD,50
2019-06-28 10:13:31.811044131,BEST_BID,"JPM,99342,480"
2019-06-28 10:13:31.811044131,BEST_ASK,"JPM,99379,100"
2019-06-28 10:13:40.000000000,QUERY_SPREAD,1
2019-06-28 10:13:40.000000000,BEST_BID,"JPM,99342,480"
2019-06-28 10:13:40.000000000,BEST_ASK,"JPM,99379,100"
2019-06-28 10:13:40.000000000,BEST_BID,"JPM,99342,480"
2019-06-28 10:13:40.000000000,BEST_ASK,"JPM,99379,380"
2019-06-28 10:13:50.000000000,QUERY_SPREAD,1
2019-06-28 10:13:50.000000000,BEST_BID,"JPM,99342,340"
2019-06-28 10:13:50.000000000,BEST_ASK,"JPM,99379,100"
2019-06-28 10:13:50.000000000,BEST_BID,"JPM,99342,340"
2019-06-28 10:13:50.000000000,BEST_ASK,"JPM,99379,100"
2019-06-28 10:13:50.000000000,BEST_BID,"JPM,99342,340"
2019-06-28 10:13:50.000000000,BEST_ASK,"JPM,99379,240"
2019-06-28 10:13:50.000000000,BEST_BID,"JPM,99342,340"
2019-06-28 10:13:50.000000000,BEST_ASK,"JPM,99379,240"
2019-06-28 10:13:52.911925265,QUERY_ORDER_STREAM,72
2019-06-28 10:13:52.911925265,QUERY_SPREAD,72
2019-06-28 10:13:52.911925265,BEST_BID,"JPM,99342,340"
2019-06-28 10:13:52.911925265,BEST_ASK,"JPM,99379,240"
2019-06-28 10:14:00.000000000,QUERY_SPREAD,1
2019-06-28 10:14:00.000000000,BEST_BID,"JPM,99342,340"
2019-06-28 10:14:00.000000000,BEST_ASK,"JPM,99379,100"
2019-06-28 10:14:00.000000000,BEST_BID,"JPM,99342,340"
2019-06-28 10:14:00.000000000,BEST_ASK,"JPM,99379,100"
2019-06-28 10:14:00.000000000,BEST_BID,"JPM,99342,340"
2019-06-28 10:14:00.000000000,BEST_ASK,"JPM,99379,240"
2019-06-28 10:14:00.000000000,BEST_BID,"JPM,99342,340"
2019-06-28 10:14:00.000000000,BEST_ASK,"JPM,99379,240"
2019-06-28 10:14:00.000000000,QUERY_SPREAD,77
2019-06-28 10:14:00.000000000,QUERY_SPREAD,78
2019-06-28 10:14:00.000000000,QUERY_SPREAD,79
2019-06-28 10:14:00.000000000,QUERY_SPREAD,80
2019-06-28 10:14:00.000000000,QUERY_SPREAD,81
2019-06-28 10:14:00.000000000,QUERY_SPREAD,82
2019-06-28 10:14:00.000000000,QUERY_SPREAD,83
2019-06-28 10:14:00.000000000,QUERY_SPREAD,84
2019-06-28 10:14:00.000000000,QUERY_SPREAD,85
2019-06-28 10:14:00.000000000,QUERY_SPREAD,86
2019-06-28 10:14:00.000000000,QUERY_SPREAD,87
2019-06-28 10:14:00.000000000,QUERY_SPREAD,88
2019-06-28 10:14:00.000000000,QUERY_SPREAD,89
2019-06-28 10:14:00.000000000,QUERY_SPREAD,90
2019-06-28 10:14:00.000000000,QUERY_SPREAD,91
2019-06-28 10:14:00.000000000,QUERY_SPREAD,92
2019-06-28 10:14:00.000000000,QUERY_SPREAD,93
2019-06-28 10:14:00.000000000,QUERY_SPREAD,94
2019-06-28 10:14:00.000000000,QUERY_SPREAD,95
2019-06-28 10:14:00.000000000,QUERY_SPREAD,96
2019-06-28 10:14:00.000000000,QUERY_SPREAD,97
2019-06-28 10:14:00.000000000,QUERY_SPREAD,98
2019-06-28 10:14:00.000000000,QUERY_SPREAD,99
2019-06-28 10:14:00.000000000,QUERY_SPREAD,100
2019-06-28 10:14:00.000000000,QUERY_SPREAD,101
2019-06-28 10:14:00.000000000,QUERY_ORDER_STREAM,101
2019-06-28 10:14:10.000000000,QUERY_SPREAD,1
2019-06-28 10:14:10.000000000,BEST_BID,"JPM,99342,480"
2019-06-28 10:14:10.000000000,BEST_ASK,"JPM,99379,100"
2019-06-28 10:14:10.000000000,BEST_BID,"JPM,99342,480"
2019-06-28 10:14:10.000000000,BEST_ASK,"JPM,99379,380"
2019-06-28 10:14:10.104832516,QUERY_SPREAD,33
2019-06-28 10:14:10.104832516,BEST_BID,"JPM,99342,480"
2019-06-28 10:14:10.104832516,BEST_ASK,"JPM,99379,280"
2019-06-28 10:14:10.104832516,LAST_TRADE,"100,$99379.0000"
2019-06-28 10:14:13.272451955,QUERY_SPREAD,49
2019-06-28 10:14:13.272451955,BEST_BID,"JPM,99342,480"
2019-06-28 10:14:13.272451955,BEST_ASK,"JPM,99379,180"
2019-06-28 10:14:13.272451955,LAST_TRADE,"100,$99379.0000"
2019-06-28 10:14:19.070405043,QUERY_SPREAD,3
2019-06-28 10:14:19.070405043,BEST_BID,"JPM,99342,480"
2019-06-28 10:14:19.070405043,BEST_ASK,"JPM,99379,80"
2019-06-28 10:14:19.070405043,LAST_TRADE,"100,$99379.0000"
2019-06-28 10:14:20.000000000,QUERY_SPREAD,1
2019-06-28 10:14:20.000000000,BEST_BID,"JPM,99342,256"
2019-06-28 10:14:20.000000000,BEST_ASK,"JPM,99590,100"
2019-06-28 10:14:20.000000000,BEST_BID,"JPM,99342,256"
2019-06-28 10:14:20.000000000,BEST_ASK,"JPM,99590,100"
2019-06-28 10:14:20.000000000,BEST_BID,"JPM,99342,256"
2019-06-28 10:14:20.000000000,BEST_ASK,"JPM,99590,100"
2019-06-28 10:14:20.000000000,BEST_BID,"JPM,99342,256"
2019-06-28 10:14:20.000000000,BEST_ASK,"JPM,99590,100"
2019-06-28 10:14:20.000000000,BEST_BID,"JPM,99342,256"
2019-06-28 10:14:20.000000000,BEST_ASK,"JPM,99590,100"
2019-06-28 10:14:20.000000000,BEST_BID,"JPM,99342,256"
2019-06-28 10:14:20.000000000,BEST_ASK,"JPM,99590,156"
2019-06-28 10:14:20.000000000,BEST_BID,"JPM,99342,256"
2019-06-28 10:14:20.000000000,BEST_ASK,"JPM,99590,156"
2019-06-28 10:14:20.000000000,BEST_BID,"JPM,99342,256"
2019-06-28 10:14:20.000000000,BEST_ASK,"JPM,99590,156"
2019-06-28 10:14:20.000000000,BEST_BID,"JPM,99342,256"
2019-06-28 10:14:20.000000000,BEST_ASK,"JPM,99590,156"
2019-06-28 10:14:20.000000000,BEST_BID,"JPM,99342,256"
2019-06-28 10:14:20.000000000,BEST_ASK,"JPM,99590,156"
2019-06-28 10:14:30.000000000,QUERY_SPREAD,1
2019-06-28 10:14:30.000000000,BEST_BID,"JPM,99342,295"
2019-06-28 10:14:30.000000000,BEST_ASK,"JPM,99590,100"
2019-06-28 10:14:30.000000000,BEST_BID,"JPM,99342,295"
2019-06-28 10:14:30.000000000,BEST_ASK,"JPM,99590,100"
2019-06-28 10:14:30.000000000,BEST_BID,"JPM,99342,295"
2019-06-28 10:14:30.000000000,BEST_ASK,"JPM,99590,100"
2019-06-28 10:14:30.000000000,BEST_BID,"JPM,99342,295"
2019-06-28 10:14:30.000000000,BEST_ASK,"JPM,99590,195"
2019-06-28 10:14:30.000000000,BEST_BID,"JPM,99342,295"
2019-06-28 10:14:30.000000000,BEST_ASK,"JPM,99590,195"
2019-06-28 10:14:30.000000000,BEST_BID,"JPM,99342,295"
2019-06-28 10:14:30.000000000,BEST_ASK,"JPM,99590,195"
2019-06-28 10:14:32.215164385,QUERY_SPREAD,2
2019-06-28 10:14:32.215164385,BEST_BID,"JPM,99342,295"
2019-06-28 10:14:32.215164385,BEST_ASK,"JPM,99590,195"
2019-06-28 10:14:40.000000000,QUERY_SPREAD,1
2019-06-28 10:14:40.000000000,BEST_BID,"JPM,99342,256"
2019-06-28 10:14:40.000000000,BEST_ASK,"JPM,99590,100"
2019-06-28 10:14:40.000000000,BEST_BID,"JPM,99342,256"
2019-06-28 10:14:40.000000000,BEST_ASK,"JPM,99590,100"
2019-06-28 10:14:40.000000000,BEST_BID,"JPM,99342,256"
2019-06-28 10:14:40.000000000,BEST_ASK,"JPM,99590,100"
2019-06-28 10:14:40.000000000,BEST_BID,"JPM,99342,256"
2019-06-28 10:14:40.000000000,BEST_ASK,"JPM,99590,100"
2019-06-28 10:14:40.000000000,BEST_BID,"JPM,99342,256"
2019-06-28 10:14:40.000000000,BEST_ASK,"JPM,99590,100"
2019-06-28 10:14:40.000000000,BEST_BID,"JPM,99342,256"
2019-06-28 10:14:40.000000000,BEST_ASK,"JPM,99590,156"
2019-06-28 10:14:40.000000000,BEST_BID,"JPM,99342,256"
2019-06-28 10:14:40.000000000,BEST_ASK,"JPM,99590,156"
2019-06-28 10:14:40.000000000,BEST_BID,"JPM,99342,256"
2019-06-28 10:14:40.000000000,BEST_ASK,"JPM,99590,156"
2019-06-28 10:14:40.000000000,BEST_BID,"JPM,99342,256"
2019-06-28 10:14:40.000000000,BEST_ASK,"JPM,99590,156"
2019-06-28 10:14:40.000000000,BEST_BID,"JPM,99342,256"
2019-06-28 10:14:40.000000000,BEST_ASK,"JPM,99590,156"
2019-06-28 10:14:42.240391778,QUERY_ORDER_STREAM,63
2019-06-28 10:14:42.240391778,QUERY_SPREAD,63
2019-06-28 10:14:42.240391778,BEST_BID,"JPM,99379,100"
2019-06-28 10:14:42.240391778,BEST_ASK,"JPM,99590,156"
2019-06-28 10:14:50.000000000,QUERY_SPREAD,1
2019-06-28 10:14:50.000000000,BEST_BID,"JPM,99379,195"
2019-06-28 10:14:50.000000000,BEST_ASK,"JPM,99590,100"
2019-06-28 10:14:50.000000000,BEST_BID,"JPM,99379,195"
2019-06-28 10:14:50.000000000,BEST_ASK,"JPM,99590,100"
2019-06-28 10:14:50.000000000,BEST_BID,"JPM,99379,195"
2019-06-28 10:14:50.000000000,BEST_ASK,"JPM,99590,100"
2019-06-28 10:14:50.000000000,BEST_BID,"JPM,99379,195"
2019-06-28 10:14:50.000000000,BEST_ASK,"JPM,99590,195"
2019-06-28 10:14:50.000000000,BEST_BID,"JPM,99379,195"
2019-06-28 10:14:50.000000000,BEST_ASK,"JPM,99590,195"
2019-06-28 10:14:50.000000000,BEST_BID,"JPM,99379,195"
2019-06-28 10:14:50.000000000,BEST_ASK,"JPM,99590,195"
2019-06-28 10:14:54.375569721,QUERY_SPREAD,20
2019-06-28 10:14:54.375569721,BEST_BID,"JPM,99379,195"
2019-06-28 10:14:54.375569721,BEST_ASK,"JPM,99590,195"
2019-06-28 10:14:55.910229417,QUERY_ORDER_STREAM,57
2019-06-28 10:14:55.910229417,QUERY_SPREAD,57
2019-06-28 10:14:55.910229417,BEST_BID,"JPM,99379,295"
2019-06-28 10:14:55.910229417,BEST_ASK,"JPM,99590,195"
2019-06-28 10:15:00.000000000,QUERY_SPREAD,1
2019-06-28 10:15:00.000000000,BEST_BID,"JPM,99379,270"
2019-06-28 10:15:00.000000000,BEST_ASK,"JPM,99590,100"
2019-06-28 10:15:00.000000000,BEST_BID,"JPM,99379,270"
2019-06-28 10:15:00.000000000,BEST_ASK,"JPM,99590,100"
2019-06-28 10:15:00.000000000,BEST_BID,"JPM,99379,270"
2019-06-28 10:15:00.000000000,BEST_ASK,"JPM,99590,100"
2019-06-28 10:15:00.000000000,BEST_BID,"JPM,99379,270"
2019-06-28 10:15:00.000000000,BEST_ASK,"JPM,99590,100"
2019-06-28 10:15:00.000000000,BEST_BID,"JPM,99379,270"
2019-06-28 10:15:00.000000000,BEST_ASK,"JPM,99590,170"
2019-06-28 10:15:00.000000000,BEST_BID,"JPM,99379,270"
2019-06-28 10:15:00.000000000,BEST_ASK,"JPM,99590,170"
2019-06-28 10:15:00.000000000,BEST_BID,"JPM,99379,270"
2019-06-28 10:15:00.000000000,BEST_ASK,"JPM,99590,170"
2019-06-28 10:15:00.000000000,BEST_BID,"JPM,99379,270"
2019-06-28 10:15:00.000000000,BEST_ASK,"JPM,99590,170"
2019-06-28 10:15:00.000000000,QUERY_SPREAD,77
2019-06-28 10:15:00.000000000,QUERY_SPREAD,78
2019-06-28 10:15:00.000000000,QUERY_SPREAD,79
2019-06-28 10:15:00.000000000,QUERY_SPREAD,80
2019-06-28 10:15:00.000000000,QUERY_SPREAD,81
2019-06-28 10:15:00.000000000,QUERY_SPREAD,82
2019-06-28 10:15:00.000000000,QUERY_SPREAD,83
2019-06-28 10:15:00.000000000,QUERY_SPREAD,84
2019-06-28 10:15:00.000000000,QUERY_SPREAD,85
2019-06-28 10:15:00.000000000,QUERY_SPREAD,86
2019-06-28 10:15:00.000000000,QUERY_SPREAD,87
2019-06-28 10:15:00.000000000,QUERY_SPREAD,88
2019-06-28 10:15:00.000000000,QUERY_SPREAD,89
2019-06-28 10:15:00.000000000,QUERY_SPREAD,90
2019-06-28 10:15:00.000000000,QUERY_SPREAD,91
2019-06-28 10:15:00.000000000,QUERY_SPREAD,92
2019-06-28 10:15:00.000000000,QUERY_SPREAD,93
2019-06-28 10:15:00.000000000,QUERY_SPREAD,94
2019-06-28 10:15:00.000000000,QUERY_SPREAD,95
2019-06-28 10:15:00.000000000,QUERY_SPREAD,96
2019-06-28 10:15:00.000000000,QUERY_SPREAD,97
2019-06-28 10:15:00.000000000,QUERY_SPREAD,98
2019-06-28 10:15:00.000000000,QUERY_SPREAD,99
2019-06-28 10:15:00.000000000,QUERY_SPREAD,100
2019-06-28 10:15:00.000000000,QUERY_SPREAD,101
2019-06-28 10:15:00.000000000,QUERY_ORDER_STREAM,101
2019-06-28 10:15:02.627586491,QUERY_ORDER_STREAM,54
2019-06-28 10:15:02.627586491,QUERY_SPREAD,54
2019-06-28 10:15:10.000000000,QUERY_SPREAD,1
2019-06-28 10:15:10.000000000,BEST_BID,"JPM,99379,480"
2019-06-28 10:15:10.000000000,BEST_ASK,"JPM,99590,100"
2019-06-28 10:15:10.000000000,BEST_BID,"JPM,99379,480"
2019-06-28 10:15:10.000000000,BEST_ASK,"JPM,99590,380"
2019-06-28 10:15:20.000000000,QUERY_SPREAD,1
2019-06-28 10:15:20.000000000,BEST_BID,"JPM,99379,480"
2019-06-28 10:15:20.000000000,BEST_ASK,"JPM,99590,100"
2019-06-28 10:15:20.000000000,BEST_BID,"JPM,99379,480"
2019-06-28 10:15:20.000000000,BEST_ASK,"JPM,99590,380"
2019-06-28 10:15:30.000000000,QUERY_SPREAD,1
2019-06-28 10:15:30.000000000,BEST_BID,"JPM,99379,270"
2019-06-28 10:15:30.000000000,BEST_ASK,"JPM,99590,100"
2019-06-28 10:15:30.000000000,BEST_BID,"JPM,99379,270"
2019-06-28 10:15:30.000000000,BEST_ASK,"JPM,99590,100"
2019-06-28 10:15:30.000000000,BEST_BID,"JPM,99379,270"
2019-06-28 10:15:30.000000000,BEST_ASK,"JPM,99590,100"
2019-06-28 10:15:30.000000000,BEST_BID,"JPM,99379,270"
2019-06-28 10:15:30.000000000,BEST_ASK,"JPM,99590,100"
2019-06-28 10:15:30.000000000,BEST_BID,"JPM,99379,270"
2019-06-28 10:15:30.000000000,BEST_ASK,"JPM,99590,170"
2019-06-28 10:15:30.000000000,BEST_BID,"JPM,99379,270"
2019-06-28 10:15:30.000000000,BEST_ASK,"JPM,99590,170"
2019-06-28 10:15:30.000000000,BEST_BID,"JPM,99379,270"
2019-06-28 10:15:30.000000000,BEST_ASK,"JPM,99590,170"
2019-06-28 10:15:30.000000000,BEST_BID,"JPM,99379,270"
2019-06-28 10:15:30.000000000,BEST_ASK,"JPM,99590,170"
2019-06-28 10:15:32.947773239,QUERY_SPREAD,8
2019-06-28 10:15:32.947773239,BEST_BID,"JPM,99379,270"
2019-06-28 10:15:32.947773239,BEST_ASK,"JPM,99590,170"
2019-06-28 10:15:39.503960115,QUERY_ORDER_STREAM,66
2019-06-28 10:15:39.503960115,QUERY_SPREAD,66
2019-06-28 10:15:40.000000000,QUERY_SPREAD,1
2019-06-28 10:15:40.000000000,BEST_BID,"JPM,99379,270"
2019-06-28 10:15:40.000000000,BEST_ASK,"JPM,99590,100"
2019-06-28 10:15:40.000000000,BEST_BID,"JPM,99379,270"
2019-06-28 10:15:40.000000000,BEST_ASK,"JPM,99590,100"
2019-06-28 10:15:40.000000000,BEST_BID,"JPM,99379,270"
2019-06-28 10:15:40.000000000,BEST_ASK,"JPM,99590,100"
2019-06-28 10:15:40.000000000,BEST_BID,"JPM,99379,270"
2019-06-28 10:15:40.000000000,BEST_ASK,"JPM,99590,100"
2019-06-28 10:15:40.000000000,BEST_BID,"JPM,99379,270"
2019-06-28 10:15:40.000000000,BEST_ASK,"JPM,99590,170"
2019-06-28 10:15:40.000000000,BEST_BID,"JPM,99379,270"
2019-06-28 10:15:40.000000000,BEST_ASK,"JPM,99590,170"
2019-06-28 10:15:40.000000000,BEST_BID,"JPM,99379,270"
2019-06-28 10:15:40.000000000,BEST_ASK,"JPM,99590,170"
2019-06-28 10:15:40.000000000,BEST_BID,"JPM,99379,270"
2019-06-28 10:15:40.000000000,BEST_ASK,"JPM,99590,170"
2019-06-28 10:15:42.196390956,QUERY_ORDER_STREAM,63
2019-06-28 10:15:42.196390956,QUERY_SPREAD,63
2019-06-28 10:15:42.196390956,BEST_BID,"JPM,99379,270"
2019-06-28 10:15:42.196390956,BEST_ASK,"JPM,99590,170"
2019-06-28 10:15:50.000000000,QUERY_SPREAD,1
2019-06-28 10:15:50.000000000,BEST_BID,"JPM,99379,256"
2019-06-28 10:15:50.000000000,BEST_ASK,"JPM,99590,100"
2019-06-28 10:15:50.000000000,BEST_BID,"JPM,99379,256"
2019-06-28 10:15:50.000000000,BEST_ASK,"JPM,99590,100"
2019-06-28 10:15:50.000000000,BEST_BID,"JPM,99379,256"
2019-06-28 10:15:50.000000000,BEST_ASK,"JPM,99590,100"
2019-06-28 10:15:50.000000000,BEST_BID,"JPM,99379,256"
2019-06-28 10:15:50.000000000,BEST_ASK,"JPM,99590,100"
2019-06-28 10:15:50.000000000,BEST_BID,"JPM,99379,256"
2019-06-28 10:15:50.000000000,BEST_ASK,"JPM,99590,100"
2019-06-28 10:15:50.000000000,BEST_BID,"JPM,99379,256"
2019-06-28 10:15:50.000000000,BEST_ASK,"JPM,99590,156"
2019-06-28 10:15:50.000000000,BEST_BID,"JPM,99379,256"
2019-06-28 10:15:50.000000000,BEST_ASK,"JPM,99590,156"
2019-06-28 10:15:50.000000000,BEST_BID,"JPM,99379,256"
2019-06-28 10:15:50.000000000,BEST_ASK,"JPM,99590,156"
2019-06-28 10:15:50.000000000,BEST_BID,"JPM,99379,256"
2019-06-28 10:15:50.000000000,BEST_ASK,"JPM,99590,156"
2019-06-28 10:15:50.000000000,BEST_BID,"JPM,99379,256"
2019-06-28 10:15:50.000000000,BEST_ASK,"JPM,99590,156"
2019-06-28 10:16:00.000000000,QUERY_SPREAD,1
2019-06-28 10:16:00.000000000,BEST_BID,"JPM,99379,340"
2019-06-28 10:16:00.000000000,BEST_ASK,"JPM,99590,100"
2019-06-28 10:16:00.000000000,BEST_BID,"JPM,99379,340"
2019-06-28 10:16:00.000000000,BEST_ASK,"JPM,99590,100"
2019-06-28 10:16:00.000000000,BEST_BID,"JPM,99379,340"
2019-06-28 10:16:00.000000000,BEST_ASK,"JPM,99590,240"
2019-06-28 10:16:00.000000000,BEST_BID,"JPM,99379,340"
2019-06-28 10:16:00.000000000,BEST_ASK,"JPM,99590,240"
2019-06-28 10:16:00.000000000,QUERY_SPREAD,77
2019-06-28 10:16:00.000000000,QUERY_SPREAD,78
2019-06-28 10:16:00.000000000,QUERY_SPREAD,79
2019-06-28 10:16:00.000000000,QUERY_SPREAD,80
2019-06-28 10:16:00.000000000,QUERY_SPREAD,81
2019-06-28 10:16:00.000000000,QUERY_SPREAD,82
2019-06-28 10:16:00.000000000,QUERY_SPREAD,83
2019-06-28 10:16:00.000000000,QUERY_SPREAD,84
2019-06-28 10:16:00.000000000,QUERY_SPREAD,85
2019-06-28 10:16:00.000000000,QUERY_SPREAD,86
2019-06-28 10:16:00.000000000,QUERY_SPREAD,87
2019-06-28 10:16:00.000000000,QUERY_SPREAD,88
2019-06-28 10:16:00.000000000,QUERY_SPREAD,89
2019-06-28 10:16:00.000000000,QUERY_SPREAD,90
2019-06-28 10:16:00.000000000,QUERY_SPREAD,91
2019-06-28 10:16:00.000000000,QUERY_SPREAD,92
2019-06-28 10:16:00.000000000,QUERY_SPREAD,93
2019-06-28 10:16:00.000000000,QUERY_SPREAD,94
2019-06-28 10:16:00.000000000,QUERY_SPREAD,95
2019-06-28 10:16:00.000000000,QUERY_SPREAD,96
2019-06-28 10:16:00.000000000,QUERY_SPREAD,97
2019-06-28 10:16:00.000000000,QUERY_SPREAD,98
2019-06-28 10:16:00.000000000,QUERY_SPREAD,99
2019-06-28 10:16:00.000000000,QUERY_SPREAD,100
2019-06-28 10:16:00.000000000,QUERY_SPREAD,101
2019-06-28 10:16:00.000000000,QUERY_ORDER_STREAM,101
2019-06-28 10:16:10.000000000,QUERY_SPREAD,1
2019-06-28 10:16:10.000000000,BEST_BID,"JPM,99379,256"
2019-06-28 10:16:10.000000000,BEST_ASK,"JPM,99590,100"
2019-06-28 10:16:10.000000000,BEST_BID,"JPM,99379,256"
2019-06-28 10:16:10.000000000,BEST_ASK,"JPM,99590,100"
2019-06-28 10:16:10.000000000,BEST_BID,"JPM,99379,256"
2019-06-28 10:16:10.000000000,BEST_ASK,"JPM,99590,100"
2019-06-28 10:16:10.000000000,BEST_BID,"JPM,99379,256"
2019-06-28 10:16:10.000000000,BEST_ASK,"JPM,99590,100"
2019-06-28 10:16:10.000000000,BEST_BID,"JPM,99379,256"
2019-06-28 10:16:10.000000000,BEST_ASK,"JPM,99590,100"
2019-06-28 10:16:10.000000000,BEST_BID,"JPM,99379,256"
2019-06-28 10:16:10.000000000,BEST_ASK,"JPM,99590,156"
2019-06-28 10:16:10.000000000,BEST_BID,"JPM,99379,256"
2019-06-28 10:16:10.000000000,BEST_ASK,"JPM,99590,156"
2019-06-28 10:16:10.000000000,BEST_BID,"JPM,99379,256"
2019-06-28 10:16:10.000000000,BEST_ASK,"JPM,99590,156"
2019-06-28 10:16:10.000000000,BEST_BID,"JPM,99379,256"
2019-06-28 10:16:10.000000000,BEST_ASK,"JPM,99590,156"
2019-06-28 10:16:10.000000000,BEST_BID,"JPM,99379,256"
2019-06-28 10:16:10.000000000,BEST_ASK,"JPM,99590,156"
2019-06-28 10:16:20.000000000,QUERY_SPREAD,1
2019-06-28 10:16:20.000000000,BEST_BID,"JPM,99379,256"
2019-06-28 10:16:20.000000000,BEST_ASK,"JPM,99590,100"
2019-06-28 10:16:20.000000000,BEST_BID,"JPM,99379,256"
2019-06-28 10:16:20.000000000,BEST_ASK,"JPM,99590,100"
2019-06-28 10:16:20.000000000,BEST_BID,"JPM,99379,256"
2019-06-28 10:16:20.000000000,BEST_ASK,"JPM,99590,100"
2019-06-28 10:16:20.000000000,BEST_BID,"JPM,99379,256"
2019-06-28 10:16:20.000000000,BEST_ASK,"JPM,99590,100"
2019-06-28 10:16:20.000000000,BEST_BID,"JPM,99379,256"
2019-06-28 10:16:20.000000000,BEST_ASK,"JPM,99590,100"
2019-06-28 10:16:20.000000000,BEST_BID,"JPM,99379,256"
2019-06-28 10:16:20.000000000,BEST_ASK,"JPM,99590,156"
2019-06-28 10:16:20.000000000,BEST_BID,"JPM,99379,256"
2019-06-28 10:16:20.000000000,BEST_ASK,"JPM,99590,156"
2019-06-28 10:16:20.000000000,BEST_BID,"JPM,99379,256"
2019-06-28 10:16:20.000000000,BEST_ASK,"JPM,99590,156"
2019-06-28 10:16:20.000000000,BEST_BID,"JPM,99379,256"
2019-06-28 10:16:20.000000000,BEST_ASK,"JPM,99590,156"
2019-06-28 10:16:20.000000000,BEST_BID,"JPM,99379,256"
2019-06-28 10:16:20.000000000,BEST_ASK,"JPM,99590,156"
2019-06-28 10:16:28.005711553,QUERY_SPREAD,34
2019-06-28 10:16:28.005711553,BEST_BID,"JPM,99379,256"
2019-06-28 10:16:28.005711553,BEST_ASK,"JPM,99384,100"
2019-06-28 10:16:30.000000000,QUERY_SPREAD,1
2019-06-28 10:16:30.000000000,BEST_BID,"JPM,99379,480"
2019-06-28 10:16:30.000000000,BEST_ASK,"JPM,99384,100"
2019-06-28 10:16:30.000000000,BEST_BID,"JPM,99379,480"
2019-06-28 10:16:30.000000000,BEST_ASK,"JPM,99384,380"
2019-06-28 10:16:31.529329529,QUERY_SPREAD,11
2019-06-28 10:16:31.529329529,BEST_BID,"JPM,99379,480"
2019-06-28 10:16:31.529329529,BEST_ASK,"JPM,99384,380"
2019-06-28 10:16:32.619721648,QUERY_ORDER_STREAM,69
2019-06-28 10:16:32.619721648,QUERY_SPREAD,69
2019-06-28 10:16:40.000000000,QUERY_SPREAD,1
2019-06-28 10:16:40.000000000,BEST_BID,"JPM,99379,270"
2019-06-28 10:16:40.000000000,BEST_ASK,"JPM,99384,100"
2019-06-28 10:16:40.000000000,BEST_BID,"JPM,99379,270"
2019-06-28 10:16:40.000000000,BEST_ASK,"JPM,99384,100"
2019-06-28 10:16:40.000000000,BEST_BID,"JPM,99379,270"
2019-06-28 10:16:40.000000000,BEST_ASK,"JPM,99384,100"
2019-06-28 10:16:40.000000000,BEST_BID,"JPM,99379,270"
2019-06-28 10:16:40.000000000,BEST_ASK,"JPM,99384,100"
2019-06-28 10:16:40.000000000,BEST_BID,"JPM,99379,270"
2019-06-28 10:16:40.000000000,BEST_ASK,"JPM,99384,170"
2019-06-28 10:16:40.000000000,BEST_BID,"JPM,99379,270"
2019-06-28 10:16:40.000000000,BEST_ASK,"JPM,99384,170"
2019-06-28 10:16:40.000000000,BEST_BID,"JPM,99379,270"
2019-06-28 10:16:40.000000000,BEST_ASK,"JPM,99384,170"
2019-06-28 10:16:40.000000000,BEST_BID,"JPM,99379,270"
2019-06-28 10:16:40.000000000,BEST_ASK,"JPM,99384,170"
2019-06-28 10:16:50.000000000,QUERY_SPREAD,1
2019-06-28 10:16:50.000000000,BEST_BID,"JPM,99379,480"
2019-06-28 10:16:50.000000000,BEST_ASK,"JPM,99384,100"
2019-06-28 10:16:50.000000000,BEST_BID,"JPM,99379,480"
2019-06-28 10:16:50.000000000,BEST_ASK,"JPM,99384,380"
2019-06-28 10:17:00.000000000,QUERY_SPREAD,1
2019-06-28 10:17:00.000000000,BEST_BID,"JPM,99379,256"
2019-06-28 10:17:00.000000000,BEST_ASK,"JPM,99384,100"
2019-06-28 10:17:00.000000000,BEST_BID,"JPM,99379,256"
2019-06-28 10:17:00.000000000,BEST_ASK,"JPM,99384,100"
2019-06-28 10:17:00.000000000,BEST_BID,"JPM,99379,256"
2019-06-28 10:17:00.000000000,BEST_ASK,"JPM,99384,100"
2019-06-28 10:17:00.000000000,BEST_BID,"JPM,99379,256"
2019-06-28 10:17:00.000000000,BEST_ASK,"JPM,99384,100"
2019-06-28 10:17:00.000000000,BEST_BID,"JPM,99379,256"
2019-06-28 10:17:00.000000000,BEST_ASK,"JPM,99384,100"
2019-06-28 10:17:00.000000000,BEST_BID,"JPM,99379,256"
2019-06-28 10:17:00.000000000,BEST_ASK,"JPM,99384,156"
2019-06-28 10:17:00.000000000,BEST_BID,"JPM,99379,256"
2019-06-28 10:17:00.000000000,BEST_ASK,"JPM,99384,156"
2019-06-28 10:17:00.000000000,BEST_BID,"JPM,99379,256"
2019-06-28 10:17:00.000000000,BEST_ASK,"JPM,99384,156"
2019-06-28 10:17:00.000000000,BEST_BID,"JPM,99379,256"
2019-06-28 10:17:00.000000000,BEST_ASK,"JPM,99384,156"
2019-06-28 10:17:00.000000000,BEST_BID,"JPM,99379,256"
2019-06-28 10:17:00.000000000,BEST_ASK,"JPM,99384,156"
2019-06-28 10:17:00.000000000,QUERY_SPREAD,77
2019-06-28 10:17:00.000000000,QUERY_SPREAD,78
2019-06-28 10:17:00.000000000,QUERY_SPREAD,79
2019-06-28 10:17:00.000000000,QUERY_SPREAD,80
2019-06-28 10:17:00.000000000,QUERY_SPREAD,81
2019-06-28 10:17:00.000000000,QUERY_SPREAD,82
2019-06-28 10:17:00.000000000,QUERY_SPREAD,83
2019-06-28 10:17:00.000000000,QUERY_SPREAD,84
2019-06-28 10:17:00.000000000,QUERY_SPREAD,85
2019-06-28 10:17:00.000000000,QUERY_SPREAD,86
2019-06-28 10:17:00.000000000,QUERY_SPREAD,87
2019-06-28 10:17:00.000000000,QUERY_SPREAD,88
2019-06-28 10:17:00.000000000,QUERY_SPREAD,89
2019-06-28 10:17:00.000000000,QUERY_SPREAD,90
2019-06-28 10:17:00.000000000,QUERY_SPREAD,91
2019-06-28 10:17:00.000000000,QUERY_SPREAD,92
2019-06-28 10:17:00.000000000,QUERY_SPREAD,93
2019-06-28 10:17:00.000000000,QUERY_SPREAD,94
2019-06-28 10:17:00.000000000,QUERY_SPREAD,95
2019-06-28 10:17:00.000000000,QUERY_SPREAD,96
2019-06-28 10:17:00.000000000,QUERY_SPREAD,97
2019-06-28 10:17:00.000000000,QUERY_SPREAD,98
2019-06-28 10:17:00.000000000,QUERY_SPREAD,99
2019-06-28 10:17:00.000000000,QUERY_SPREAD,100
2019-06-28 10:17:00.000000000,QUERY_SPREAD,101
2019-06-28 10:17:00.000000000,QUERY_ORDER_STREAM,101
2019-06-28 10:17:10.000000000,QUERY_SPREAD,1
2019-06-28 10:17:10.000000000,BEST_BID,"JPM,99379,270"
2019-06-28 10:17:10.000000000,BEST_ASK,"JPM,99384,100"
2019-06-28 10:17:10.000000000,BEST_BID,"JPM,99379,270"
2019-06-28 10:17:10.000000000,BEST_ASK,"JPM,99384,100"
2019-06-28 10:17:10.000000000,BEST_BID,"JPM,99379,270"
2019-06-28 10:17:10.000000000,BEST_ASK,"JPM,99384,100"
2019-06-28 10:17:10.000000000,BEST_BID,"JPM,99379,270"
2019-06-28 10:17:10.000000000,BEST_ASK,"JPM,99384,100"
2019-06-28 10:17:10.000000000,BEST_BID,"JPM,99379,270"
2019-06-28 10:17:10.000000000,BEST_ASK,"JPM,99384,170"
2019-06-28 10:17:10.000000000,BEST_BID,"JPM,99379,270"
2019-06-28 10:17:10.000000000,BEST_ASK,"JPM,99384,170"
2019-06-28 10:17:10.000000000,BEST_BID,"JPM,99379,270"
2019-06-28 10:17:10.000000000,BEST_ASK,"JPM,99384,170"
2019-06-28 10:17:10.000000000,BEST_BID,"JPM,99379,270"
2019-06-28 10:17:10.000000000,BEST_ASK,"JPM,99384,170"
2019-06-28 10:17:12.766017725,QUERY_ORDER_STREAM,72
2019-06-28 10:17:12.766017725,QUERY_SPREAD,72
2019-06-28 10:17:12.766017725,BEST_BID,"JPM,99379,370"
2019-06-28 10:17:12.766017725,BEST_ASK,"JPM,99384,170"
2019-06-28 10:17:20.000000000,QUERY_SPREAD,1
2019-06-28 10:17:20.000000000,BEST_BID,"JPM,99379,580"
2019-06-28 10:17:20.000000000,BEST_ASK,"JPM,99384,100"
2019-06-28 10:17:20.000000000,BEST_BID,"JPM,99379,580"
2019-06-28 10:17:20.000000000,BEST_ASK,"JPM,99384,380"
2019-06-28 10:17:22.487168306,QUERY_SPREAD,15
2019-06-28 10:17:22.487168306,BEST_BID,"JPM,99379,580"
2019-06-28 10:17:22.487168306,BEST_ASK,"JPM,99384,380"
2019-06-28 10:17:26.568420036,QUERY_SPREAD,4
2019-06-28 10:17:26.568420036,BEST_BID,"JPM,99379,580"
2019-06-28 10:17:26.568420036,BEST_ASK,"JPM,99384,380"
2019-06-28 10:17:30.000000000,QUERY_SPREAD,1
2019-06-28 10:17:30.000000000,BEST_BID,"JPM,99379,370"
2019-06-28 10:17:30.000000000,BEST_ASK,"JPM,99384,100"
2019-06-28 10:17:30.000000000,BEST_BID,"JPM,99379,370"
2019-06-28 10:17:30.000000000,BEST_ASK,"JPM,99384,100"
2019-06-28 10:17:30.000000000,BEST_BID,"JPM,99379,370"
2019-06-28 10:17:30.000000000,BEST_ASK,"JPM,99384,100"
2019-06-28 10:17:30.000000000,BEST_BID,"JPM,99379,370"
2019-06-28 10:17:30.000000000,BEST_ASK,"JPM,99384,100"
2019-06-28 10:17:30.000000000,BEST_BID,"JPM,99379,370"
2019-06-28 10:17:30.000000000,BEST_ASK,"JPM,99384,170"
2019-06-28 10:17:30.000000000,BEST_BID,"JPM,99379,370"
2019-06-28 10:17:30.000000000,BEST_ASK,"JPM,99384,170"
2019-06-28 10:17:30.000000000,BEST_BID,"JPM,99379,370"
2019-06-28 10:17:30.000000000,BEST_ASK,"JPM,99384,170"
2019-06-28 10:17:30.000000000,BEST_BID,"JPM,99379,370"
2019-06-28 10:17:30.000000000,BEST_ASK,"JPM,99384,170"
2019-06-28 10:17:40.000000000,QUERY_SPREAD,1
2019-06-28 10:17:40.000000000,BEST_BID,"JPM,99379,440"
2019-06-28 10:17:40.000000000,BEST_ASK,"JPM,99384,100"
2019-06-28 10:17:40.000000000,BEST_BID,"JPM,99379,440"
2019-06-28 10:17:40.000000000,BEST_ASK,"JPM,99384,100"
2019-06-28 10:17:40.000000000,BEST_BID,"JPM,99379,440"
2019-06-28 10:17:40.000000000,BEST_ASK,"JPM,99384,240"
2019-06-28 10:17:40.000000000,BEST_BID,"JPM,99379,440"
2019-06-28 10:17:40.000000000,BEST_ASK,"JPM,99384,240"
2019-06-28 10:17:50.000000000,QUERY_SPREAD,1
2019-06-28 10:17:50.000000000,BEST_BID,"JPM,99379,580"
2019-06-28 10:17:50.000000000,BEST_ASK,"JPM,99384,100"
2019-06-28 10:17:50.000000000,BEST_BID,"JPM,99379,580"
2019-06-28 10:17:50.000000000,BEST_ASK,"JPM,99384,380"
2019-06-28 10:17:50.732764021,QUERY_SPREAD,51
2019-06-28 10:17:50.732764021,BEST_BID,"JPM,99379,580"
2019-06-28 10:17:50.732764021,BEST_ASK,"JPM,99384,380"
2019-06-28 10:17:51.550009845,QUERY_ORDER_STREAM,64
2019-06-28 10:17:51.550009845,QUERY_SPREAD,64
2019-06-28 10:17:57.389129624,QUERY_SPREAD,28
2019-06-28 10:17:57.389129624,BEST_BID,"JPM,99379,580"
2019-06-28 10:17:57.389129624,BEST_ASK,"JPM,99384,280"
2019-06-28 10:17:57.389129624,LAST_TRADE,"100,$99384.0000"
2019-06-28 10:18:00.000000000,QUERY_SPREAD,1
2019-06-28 10:18:00.000000000,BEST_BID,"JPM,99379,580"
2019-06-28 10:18:00.000000000,BEST_ASK,"JPM,99505,100"
2019-06-28 10:18:00.000000000,BEST_BID,"JPM,99379,580"
2019-06-28 10:18:00.000000000,BEST_ASK,"JPM,99505,380"
2019-06-28 10:18:00.000000000,QUERY_SPREAD,77
2019-06-28 10:18:00.000000000,QUERY_SPREAD,78
2019-06-28 10:18:00.000000000,QUERY_SPREAD,79
2019-06-28 10:18:00.000000000,QUERY_SPREAD,80
2019-06-28 10:18:00.000000000,QUERY_SPREAD,81
2019-06-28 10:18:00.000000000,QUERY_SPREAD,82
2019-06-28 10:18:00.000000000,QUERY_SPREAD,83
2019-06-28 10:18:00.000000000,QUERY_SPREAD,84
2019-06-28 10:18:00.000000000,QUERY_SPREAD,85
2019-06-28 10:18:00.000000000,QUERY_SPREAD,86
2019-06-28 10:18:00.000000000,QUERY_SPREAD,87
2019-06-28 10:18:00.000000000,QUERY_SPREAD,88
2019-06-28 10:18:00.000000000,QUERY_SPREAD,89
2019-06-28 10:18:00.000000000,QUERY_SPREAD,90
2019-06-28 10:18:00.000000000,QUERY_SPREAD,91
2019-06-28 10:18:00.000000000,QUERY_SPREAD,92
2019-06-28 10:18:00.000000000,QUERY_SPREAD,93
2019-06-28 10:18:00.000000000,QUERY_SPREAD,94
2019-06-28 10:18:00.000000000,QUERY_SPREAD,95
2019-06-28 10:18:00.000000000,QUERY_SPREAD,96
2019-06-28 10:18:00.000000000,QUERY_SPREAD,97
2019-06-28 10:18:00.000000000,QUERY_SPREAD,98
2019-06-28 10:18:00.000000000,QUERY_SPREAD,99
2019-06-28 10:18:00.000000000,QUERY_SPREAD,100
2019-06-28 10:18:00.000000000,QUERY_SPREAD,101
2019-06-28 10:18:00.000000000,QUERY_ORDER_STREAM,101
2019-06-28 10:18:10.000000000,QUERY_SPREAD,1
2019-06-28 10:18:10.000000000,BEST_BID,"JPM,99379,370"
2019-06-28 10:18:10.000000000,BEST_ASK,"JPM,99505,100"
2019-06-28 10:18:10.000000000,BEST_BID,"JPM,99379,370"
2019-06-28 10:18:10.000000000,BEST_ASK,"JPM,99505,100"
2019-06-28 10:18:10.000000000,BEST_BID,"JPM,99379,370"
2019-06-28 10:18:10.000000000,BEST_ASK,"JPM,99505,100"
2019-06-28 10:18:10.000000000,BEST_BID,"JPM,99379,370"
2019-06-28 10:18:10.000000000,BEST_ASK,"JPM,99505,100"
2019-06-28 10:18:10.000000000,BEST_BID,"JPM,99379,370"
2019-06-28 10:18:10.000000000,BEST_ASK,"JPM,99505,170"
2019-06-28 10:18:10.000000000,BEST_BID,"JPM,99379,370"
2019-06-28 10:18:10.000000000,BEST_ASK,"JPM,99505,170"
2019-06-28 10:18:10.000000000,BEST_BID,"JPM,99379,370"
2019-06-28 10:18:10.000000000,BEST_ASK,"JPM,99505,170"
2019-06-28 10:18:10.000000000,BEST_BID,"JPM,99379,370"
2019-06-28 10:18:10.000000000,BEST_ASK,"JPM,99505,170"
2019-06-28 10:18:20.000000000,QUERY_SPREAD,1
2019-06-28 10:18:20.000000000,BEST_BID,"JPM,99379,356"
2019-06-28 10:18:20.000000000,BEST_ASK,"JPM,99505,100"
2019-06-28 10:18:20.000000000,BEST_BID,"JPM,99379,356"
2019-06-28 10:18:20.000000000,BEST_ASK,"JPM,99505,100"
2019-06-28 10:18:20.000000000,BEST_BID,"JPM,99379,356"
2019-06-28 10:18:20.000000000,BEST_ASK,"JPM,99505,100"
2019-06-28 10:18:20.000000000,BEST_BID,"JPM,99379,356"
2019-06-28 10:18:20.000000000,BEST_ASK,"JPM,99505,100"
2019-06-28 10:18:20.000000000,BEST_BID,"JPM,99379,356"
2019-06-28 10:18:20.000000000,BEST_ASK,"JPM,99505,100"
2019-06-28 10:18:20.000000000,BEST_BID,"JPM,99379,356"
2019-06-28 10:18:20.000000000,BEST_ASK,"JPM,99505,156"
2019-06-28 10:18:20.000000000,BEST_BID,"JPM,99379,356"
2019-06-28 10:18:20.000000000,BEST_ASK,"JPM,99505,156"
2019-06-28 10:18:20.000000000,BEST_BID,"JPM,99379,356"
2019-06-28 10:18:20.000000000,BEST_ASK,"JPM,99505,156"
2019-06-28 10:18:20.000000000,BEST_BID,"JPM,99379,356"
2019-06-28 10:18:20.000000000,BEST_ASK,"JPM,99505,156"
2019-06-28 10:18:20.000000000,BEST_BID,"JPM,99379,356"
2019-06-28 10:18:20.000000000,BEST_ASK,"JPM,99505,156"
2019-06-28 10:18:30.000000000,QUERY_SPREAD,1
2019-06-28 10:18:30.000000000,BEST_BID,"JPM,99379,356"
2019-06-28 10:18:30.000000000,BEST_ASK,"JPM,99505,100"
2019-06-28 10:18:30.000000000,BEST_BID,"JPM,99379,356"
2019-06-28 10:18:30.000000000,BEST_ASK,"JPM,99505,100"
2019-06-28 10:18:30.000000000,BEST_BID,"JPM,99379,356"
2019-06-28 10:18:30.000000000,BEST_ASK,"JPM,99505,100"
2019-06-28 10:18:30.000000000,BEST_BID,"JPM,99379,356"
2019-06-28 10:18:30.000000000,BEST_ASK,"JPM,99505,100"
2019-06-28 10:18:30.000000000,BEST_BID,"JPM,99379,356"
2019-06-28 10:18:30.000000000,BEST_ASK,"JPM,99505,100"
2019-06-28 10:18:30.000000000,BEST_BID,"JPM,99379,356"
2019-06-28 10:18:30.000000000,BEST_ASK,"JPM,99505,156"
2019-06-28 10:18:30.000000000,BEST_BID,"JPM,99379,356"
2019-06-28 10:18:30.000000000,BEST_ASK,"JPM,99505,156"
2019-06-28 10:18:30.000000000,BEST_BID,"JPM,99379,356"
2019-06-28 10:18:30.000000000,BEST_ASK,"JPM,99505,156"
2019-06-28 10:18:30.000000000,BEST_BID,"JPM,99379,356"
2019-06-28 10:18:30.000000000,BEST_ASK,"JPM,99505,156"
2019-06-28 10:18:30.000000000,BEST_BID,"JPM,99379,356"
2019-06-28 10:18:30.000000000,BEST_ASK,"JPM,99505,156"
2019-06-28 10:18:33.449665549,QUERY_ORDER_STREAM,71
2019-06-28 10:18:33.449665549,QUERY_SPREAD,71
2019-06-28 10:18:33.449665549,BEST_BID,"JPM,99380,100"
2019-06-28 10:18:33.449665549,BEST_ASK,"JPM,99505,156"
2019-06-28 10:18:34.849821767,QUERY_ORDER_STREAM,54
2019-06-28 10:18:34.849821767,QUERY_SPREAD,54
2019-06-28 10:18:35.673634984,QUERY_ORDER_STREAM,60
2019-06-28 10:18:35.673634984,QUERY_SPREAD,60
2019-06-28 10:18:36.987551900,QUERY_ORDER_STREAM,62
2019-06-28 10:18:36.987551900,QUERY_SPREAD,62
2019-06-28 10:18:40.000000000,QUERY_SPREAD,1
2019-06-28 10:18:40.000000000,BEST_BID,"JPM,99380,156"
2019-06-28 10:18:40.000000000,BEST_ASK,"JPM,99505,100"
2019-06-28 10:18:40.000000000,BEST_BID,"JPM,99380,156"
2019-06-28 10:18:40.000000000,BEST_ASK,"JPM,99505,100"
2019-06-28 10:18:40.000000000,BEST_BID,"JPM,99380,156"
2019-06-28 10:18:40.000000000,BEST_ASK,"JPM,99505,100"
2019-06-28 10:18:40.000000000,BEST_BID,"JPM,99380,156"
2019-06-28 10:18:40.000000000,BEST_ASK,"JPM,99505,100"
2019-06-28 10:18:40.000000000,BEST_BID,"JPM,99380,156"
2019-06-28 10:18:40.000000000,BEST_ASK,"JPM,99505,100"
2019-06-28 10:18:40.000000000,BEST_BID,"JPM,99380,156"
2019-06-28 10:18:40.000000000,BEST_ASK,"JPM,99505,156"
2019-06-28 10:18:40.000000000,BEST_BID,"JPM,99380,156"
2019-06-28 10:18:40.000000000,BEST_ASK,"JPM,99505,156"
2019-06-28 10:18:40.000000000,BEST_BID,"JPM,99380,156"
2019-06-28 10:18:40.000000000,BEST_ASK,"JPM,99505,156"
2019-06-28 10:18:40.000000000,BEST_BID,"JPM,99380,156"
2019-06-28 10:18:40.000000000,BEST_ASK,"JPM,99505,156"
2019-06-28 10:18:40.000000000,BEST_BID,"JPM,99380,156"
2019-06-28 10:18:40.000000000,BEST_ASK,"JPM,99505,156"
2019-06-28 10:18:50.000000000,QUERY_SPREAD,1
2019-06-28 10:18:50.000000000,BEST_BID,"JPM,99380,156"
2019-06-28 10:18:50.000000000,BEST_ASK,"JPM,99505,100"
2019-06-28 10:18:50.000000000,BEST_BID,"JPM,99380,156"
2019-06-28 10:18:50.000000000,BEST_ASK,"JPM,99505,100"
2019-06-28 10:18:50.000000000,BEST_BID,"JPM,99380,156"
2019-06-28 10:18:50.000000000,BEST_ASK,"JPM,99505,100"
2019-06-28 10:18:50.000000000,BEST_BID,"JPM,99380,156"
2019-06-28 10:18:50.000000000,BEST_ASK,"JPM,99505,100"
2019-06-28 10:18:50.000000000,BEST_BID,"JPM,99380,156"
2019-06-28 10:18:50.000000000,BEST_ASK,"JPM,99505,100"
2019-06-28 10:18:50.000000000,BEST_BID,"JPM,99380,156"
2019-06-28 10:18:50.000000000,BEST_ASK,"JPM,99505,156"
2019-06-28 10:18:50.000000000,BEST_BID,"JPM,99380,156"
2019-06-28 10:18:50.000000000,BEST_ASK,"JPM,99505,156"
2019-06-28 10:18:50.000000000,BEST_BID,"JPM,99380,156"
2019-06-28 10:18:50.000000000,BEST_ASK,"JPM,99505,156"
2019-06-28 10:18:50.000000000,BEST_BID,"JPM,99380,156"
2019-06-28 10:18:50.000000000,BEST_ASK,"JPM,99505,156"
2019-06-28 10:18:50.000000000,BEST_BID,"JPM,99380,156"
2019-06-28 10:18:50.000000000,BEST_ASK,"JPM,99505,156"
2019-06-28 10:18:59.598118222,QUERY_ORDER_STREAM,61
2019-06-28 10:18:59.598118222,QUERY_SPREAD,61
2019-06-28 10:18:59.598118222,BEST_BID,"JPM,99380,256"
2019-06-28 10:18:59.598118222,BEST_ASK,"JPM,99505,156"
2019-06-28 10:19:00.000000000,QUERY_SPREAD,1
2019-06-28 10:19:00.000000000,BEST_BID,"JPM,99380,480"
2019-06-28 10:19:00.000000000,BEST_ASK,"JPM,99505,100"
2019-06-28 10:19:00.000000000,BEST_BID,"JPM,99380,480"
2019-06-28 10:19:00.000000000,BEST_ASK,"JPM,99505,380"
2019-06-28 10:19:00.000000000,QUERY_SPREAD,77
2019-06-28 10:19:00.000000000,QUERY_SPREAD,78
2019-06-28 10:19:00.000000000,QUERY_SPREAD,79
2019-06-28 10:19:00.000000000,QUERY_SPREAD,80
2019-06-28 10:19:00.000000000,QUERY_SPREAD,81
2019-06-28 10:19:00.000000000,QUERY_SPREAD,82
2019-06-28 10:19:00.000000000,QUERY_SPREAD,83
2019-06-28 10:19:00.000000000,QUERY_SPREAD,84
2019-06-28 10:19:00.000000000,QUERY_SPREAD,85
2019-06-28 10:19:00.000000000,QUERY_SPREAD,86
2019-06-28 10:19:00.000000000,QUERY_SPREAD,87
2019-06-28 10:19:00.000000000,QUERY_SPREAD,88
2019-06-28 10:19:00.000000000,QUERY_SPREAD,89
2019-06-28 10:19:00.000000000,QUERY_SPREAD,90
2019-06-28 10:19:00.000000000,QUERY_SPREAD,91
2019-06-28 10:19:00.000000000,QUERY_SPREAD,92
2019-06-28 10:19:00.000000000,QUERY_SPREAD,93
2019-06-28 10:19:00.000000000,QUERY_SPREAD,94
2019-06-28 10:19:00.000000000,QUERY_SPREAD,95
2019-06-28 10:19:00.000000000,QUERY_SPREAD,96
2019-06-28 10:19:00.000000000,QUERY_SPREAD,97
2019-06-28 10:19:00.000000000,QUERY_SPREAD,98
2019-06-28 10:19:00.000000000,QUERY_SPREAD,99
2019-06-28 10:19:00.000000000,QUERY_SPREAD,100
2019-06-28 10:19:00.000000000,QUERY_SPREAD,101
2019-06-28 10:19:00.000000000,QUERY_ORDER_STREAM,101
2019-06-28 10:19:07.545292373,QUERY_ORDER_STREAM,70
2019-06-28 10:19:07.545292373,QUERY_SPREAD,70
2019-06-28 10:19:10.000000000,QUERY_SPREAD,1
2019-06-28 10:19:10.000000000,BEST_BID,"JPM,99380,270"
2019-06-28 10:19:10.000000000,BEST_ASK,"JPM,99505,100"
2019-06-28 10:19:10.000000000,BEST_BID,"JPM,99380,270"
2019-06-28 10:19:10.000000000,BEST_ASK,"JPM,99505,100"
2019-06-28 10:19:10.000000000,BEST_BID,"JPM,99380,270"
2019-06-28 10:19:10.000000000,BEST_ASK,"JPM,99505,100"
2019-06-28 10:19:10.000000000,BEST_BID,"JPM,99380,270"
2019-06-28 10:19:10.000000000,BEST_ASK,"JPM,99505,100"
2019-06-28 10:19:10.000000000,BEST_BID,"JPM,99380,270"
2019-06-28 10:19:10.000000000,BEST_ASK,"JPM,99505,170"
2019-06-28 10:19:10.000000000,BEST_BID,"JPM,99380,270"
2019-06-28 10:19:10.000000000,BEST_ASK,"JPM,99505,170"
2019-06-28 10:19:10.000000000,BEST_BID,"JPM,99380,270"
2019-06-28 10:19:10.000000000,BEST_ASK,"JPM,99505,170"
2019-06-28 10:19:10.000000000,BEST_BID,"JPM,99380,270"
2019-06-28 10:19:10.000000000,BEST_ASK,"JPM,99505,170"
2019-06-28 10:19:16.853941948,QUERY_SPREAD,35
2019-06-28 10:19:16.853941948,BEST_BID,"JPM,99380,270"
2019-06-28 10:19:16.853941948,BEST_ASK,"JPM,99505,70"
2019-06-28 10:19:16.853941948,LAST_TRADE,"100,$99505.0000"
2019-06-28 10:19:20.000000000,QUERY_SPREAD,1
2019-06-28 10:19:20.000000000,BEST_BID,"JPM,99380,295"
2019-06-28 10:19:20.000000000,BEST_ASK,"JPM,99590,100"
2019-06-28 10:19:20.000000000,BEST_BID,"JPM,99380,295"
2019-06-28 10:19:20.000000000,BEST_ASK,"JPM,99590,100"
2019-06-28 10:19:20.000000000,BEST_BID,"JPM,99380,295"
2019-06-28 10:19:20.000000000,BEST_ASK,"JPM,99590,100"
2019-06-28 10:19:20.000000000,BEST_BID,"JPM,99380,295"
2019-06-28 10:19:20.000000000,BEST_ASK,"JPM,99590,195"
2019-06-28 10:19:20.000000000,BEST_BID,"JPM,99380,295"
2019-06-28 10:19:20.000000000,BEST_ASK,"JPM,99590,195"
2019-06-28 10:19:20.000000000,BEST_BID,"JPM,99380,295"
2019-06-28 10:19:20.000000000,BEST_ASK,"JPM,99590,195"
2019-06-28 10:19:24.885144914,QUERY_SPREAD,14
2019-06-28 10:19:24.885144914,BEST_BID,"JPM,99380,295"
2019-06-28 10:19:24.885144914,BEST_ASK,"JPM,99590,195"
2019-06-28 10:19:26.422305909,QUERY_SPREAD,42
2019-06-28 10:19:26.422305909,BEST_BID,"JPM,99380,295"
2019-06-28 10:19:26.422305909,BEST_ASK,"JPM,99590,195"
2019-06-28 10:19:30.000000000,QUERY_SPREAD,1
2019-06-28 10:19:30.000000000,BEST_BID,"JPM,99380,256"
2019-06-28 10:19:30.000000000,BEST_ASK,"JPM,99590,100"
2019-06-28 10:19:30.000000000,BEST_BID,"JPM,99380,256"
2019-06-28 10:19:30.000000000,BEST_ASK,"JPM,99590,100"
2019-06-28 10:19:30.000000000,BEST_BID,"JPM,99380,256"
2019-06-28 10:19:30.000000000,BEST_ASK,"JPM,99590,100"
2019-06-28 10:19:30.000000000,BEST_BID,"JPM,99380,256"
2019-06-28 10:19:30.000000000,BEST_ASK,"JPM,99590,100"
2019-06-28 10:19:30.000000000,BEST_BID,"JPM,99380,256"
2019-06-28 10:19:30.000000000,BEST_ASK,"JPM,99590,100"
2019-06-28 10:19:30.000000000,BEST_BID,"JPM,99380,256"
2019-06-28 10:19:30.000000000,BEST_ASK,"JPM,99590,156"
2019-06-28 10:19:30.000000000,BEST_BID,"JPM,99380,256"
2019-06-28 10:19:30.000000000,BEST_ASK,"JPM,99590,156"
2019-06-28 10:19:30.000000000,BEST_BID,"JPM,99380,256"
2019-06-28 10:19:30.000000000,BEST_ASK,"JPM,99590,156"
2019-06-28 10:19:30.000000000,BEST_BID,"JPM,99380,256"
2019-06-28 10:19:30.000000000,BEST_ASK,"JPM,99590,156"
2019-06-28 10:19:30.000000000,BEST_BID,"JPM,99380,256"
2019-06-28 10:19:30.000000000,BEST_ASK,"JPM,99590,156"
2019-06-28 10:19:32.851468656,QUERY_SPREAD,21
2019-06-28 10:19:32.851468656,BEST_BID,"JPM,99380,256"
2019-06-28 10:19:32.851468656,BEST_ASK,"JPM,99590,156"
2019-06-28 10:19:40.000000000,QUERY_SPREAD,1
2019-06-28 10:19:40.000000000,BEST_BID,"JPM,99380,295"
2019-06-28 10:19:40.000000000,BEST_ASK,"JPM,99590,100"
2019-06-28 10:19:40.000000000,BEST_BID,"JPM,99380,295"
2019-06-28 10:19:40.000000000,BEST_ASK,"JPM,99590,100"
2019-06-28 10:19:40.000000000,BEST_BID,"JPM,99380,295"
2019-06-28 10:19:40.000000000,BEST_ASK,"JPM,99590,100"
2019-06-28 10:19:40.000000000,BEST_BID,"JPM,99380,295"
2019-06-28 10:19:40.000000000,BEST_ASK,"JPM,99590,195"
2019-06-28 10:19:40.000000000,BEST_BID,"JPM,99380,295"
2019-06-28 10:19:40.000000000,BEST_ASK,"JPM,99590,195"
2019-06-28 10:19:40.000000000,BEST_BID,"JPM,99380,295"
2019-06-28 10:19:40.000000000,BEST_ASK,"JPM,99590,195"
2019-06-28 10:19:50.000000000,QUERY_SPREAD,1
2019-06-28 10:19:50.000000000,BEST_BID,"JPM,99380,295"
2019-06-28 10:19:50.000000000,BEST_ASK,"JPM,99590,100"
2019-06-28 10:19:50.000000000,BEST_BID,"JPM,99380,295"
2019-06-28 10:19:50.000000000,BEST_ASK,"JPM,99590,100"
2019-06-28 10:19:50.000000000,BEST_BID,"JPM,99380,295"
2019-06-28 10:19:50.000000000,BEST_ASK,"JPM,99590,100"
2019-06-28 10:19:50.000000000,BEST_BID,"JPM,99380,295"
2019-06-28 10:19:50.000000000,BEST_ASK,"JPM,99590,195"
2019-06-28 10:19:50.000000000,BEST_BID,"JPM,99380,295"
2019-06-28 10:19:50.000000000,BEST_ASK,"JPM,99590,195"
2019-06-28 10:19:50.000000000,BEST_BID,"JPM,99380,295"
2019-06-28 10:19:50.000000000,BEST_ASK,"JPM,99590,195"
2019-06-28 10:19:56.364529657,QUERY_SPREAD,22
2019-06-28 10:19:56.364529657,BEST_BID,"JPM,99380,295"
2019-06-28 10:19:56.364529657,BEST_ASK,"JPM,99590,95"
2019-06-28 10:19:56.364529657,LAST_TRADE,"100,$99590.0000"
2019-06-28 10:19:57.118882225,QUERY_ORDER_STREAM,75
2019-06-28 10:19:57.118882225,QUERY_SPREAD,75
2019-06-28 10:19:57.118882225,BEST_BID,"JPM,99505,100"
2019-06-28 10:19:57.118882225,BEST_ASK,"JPM,99590,95"
2019-06-28 10:20:00.000000000,QUERY_SPREAD,1
2019-06-28 10:20:00.000000000,BEST_BID,"JPM,99505,170"
2019-06-28 10:20:00.000000000,BEST_ASK,"JPM,99600,100"
2019-06-28 10:20:00.000000000,BEST_BID,"JPM,99505,170"
2019-06-28 10:20:00.000000000,BEST_ASK,"JPM,99600,100"
2019-06-28 10:20:00.000000000,BEST_BID,"JPM,99505,170"
2019-06-28 10:20:00.000000000,BEST_ASK,"JPM,99600,100"
2019-06-28 10:20:00.000000000,BEST_BID,"JPM,99505,170"
2019-06-28 10:20:00.000000000,BEST_ASK,"JPM,99600,100"
2019-06-28 10:20:00.000000000,BEST_BID,"JPM,99505,170"
2019-06-28 10:20:00.000000000,BEST_ASK,"JPM,99600,170"
2019-06-28 10:20:00.000000000,BEST_BID,"JPM,99505,170"
2019-06-28 10:20:00.000000000,BEST_ASK,"JPM,99600,170"
2019-06-28 10:20:00.000000000,BEST_BID,"JPM,99505,170"
2019-06-28 10:20:00.000000000,BEST_ASK,"JPM,99600,170"
2019-06-28 10:20:00.000000000,BEST_BID,"JPM,99505,170"
2019-06-28 10:20:00.000000000,BEST_ASK,"JPM,99600,170"
2019-06-28 10:20:00.000000000,QUERY_SPREAD,77
2019-06-28 10:20:00.000000000,QUERY_SPREAD,78
2019-06-28 10:20:00.000000000,QUERY_SPREAD,79
2019-06-28 10:20:00.000000000,QUERY_SPREAD,80
2019-06-28 10:20:00.000000000,QUERY_SPREAD,81
2019-06-28 10:20:00.000000000,QUERY_SPREAD,82
2019-06-28 10:20:00.000000000,QUERY_SPREAD,83
2019-06-28 10:20:00.000000000,QUERY_SPREAD,84
2019-06-28 10:20:00.000000000,QUERY_SPREAD,85
2019-06-28 10:20:00.000000000,QUERY_SPREAD,86
2019-06-28 10:20:00.000000000,QUERY_SPREAD,87
2019-06-28 10:20:00.000000000,QUERY_SPREAD,88
2019-06-28 10:20:00.000000000,QUERY_SPREAD,89
2019-06-28 10:20:00.000000000,QUERY_SPREAD,90
2019-06-28 10:20:00.000000000,QUERY_SPREAD,91
2019-06-28 10:20:00.000000000,QUERY_SPREAD,92
2019-06-28 10:20:00.000000000,QUERY_SPREAD,93
2019-06-28 10:20:00.000000000,QUERY_SPREAD,94
2019-06-28 10:20:00.000000000,QUERY_SPREAD,95
2019-06-28 10:20:00.000000000,QUERY_SPREAD,96
2019-06-28 10:20:00.000000000,QUERY_SPREAD,97
2019-06-28 10:20:00.000000000,QUERY_SPREAD,98
2019-06-28 10:20:00.000000000,QUERY_SPREAD,99
2019-06-28 10:20:00.000000000,QUERY_SPREAD,100
2019-06-28 10:20:00.000000000,QUERY_SPREAD,101
2019-06-28 10:20:00.000000000,QUERY_ORDER_STREAM,101
2019-06-28 10:20:02.095022924,QUERY_ORDER_STREAM,72
2019-06-28 10:20:02.095022924,QUERY_SPREAD,72
2019-06-28 10:20:10.000000000,QUERY_SPREAD,1
2019-06-28 10:20:10.000000000,BEST_BID,"JPM,99505,156"
2019-06-28 10:20:10.000000000,BEST_ASK,"JPM,99600,100"
2019-06-28 10:20:10.000000000,BEST_BID,"JPM,99505,156"
2019-06-28 10:20:10.000000000,BEST_ASK,"JPM,99600,100"
2019-06-28 10:20:10.000000000,BEST_BID,"JPM,99505,156"
2019-06-28 10:20:10.000000000,BEST_ASK,"JPM,99600,100"
2019-06-28 10:20:10.000000000,BEST_BID,"JPM,99505,156"
2019-06-28 10:20:10.000000000,BEST_ASK,"JPM,99600,100"
2019-06-28 10:20:10.000000000,BEST_BID,"JPM,99505,156"
2019-06-28 10:20:10.000000000,BEST_ASK,"JPM,99600,100"
2019-06-28 10:20:10.000000000,BEST_BID,"JPM,99505,156"
2019-06-28 10:20:10.000000000,BEST_ASK,"JPM,99600,156"
2019-06-28 10:20:10.000000000,BEST_BID,"JPM,99505,156"
2019-06-28 10:20:10.000000000,BEST_ASK,"JPM,99600,156"
2019-06-28 10:20:10.000000000,BEST_BID,"JPM,99505,156"
2019-06-28 10:20:10.000000000,BEST_ASK,"JPM,99600,156"
2019-06-28 10:20:10.000000000,BEST_BID,"JPM,99505,156"
2019-06-28 10:20:10.000000000,BEST_ASK,"JPM,99600,156"
2019-06-28 10:20:10.000000000,BEST_BID,"JPM,99505,156"
2019-06-28 10:20:10.000000000,BEST_ASK,"JPM,99600,156"
2019-06-28 10:20:20.000000000,QUERY_SPREAD,1
2019-06-28 10:20:20.000000000,BEST_BID,"JPM,99505,380"
2019-06-28 10:20:20.000000000,BEST_ASK,"JPM,99600,100"
2019-06-28 10:20:20.000000000,BEST_BID,"JPM,99505,380"
2019-06-28 10:20:20.000000000,BEST_ASK,"JPM,99600,380"
2019-06-28 10:20:30.000000000,QUERY_SPREAD,1
2019-06-28 10:20:30.000000000,BEST_BID,"JPM,99505,170"
2019-06-28 10:20:30.000000000,BEST_ASK,"JPM,99600,100"
2019-06-28 10:20:30.000000000,BEST_BID,"JPM,99505,170"
2019-06-28 10:20:30.000000000,BEST_ASK,"JPM,99600,100"
2019-06-28 10:20:30.000000000,BEST_BID,"JPM,99505,170"
2019-06-28 10:20:30.000000000,BEST_ASK,"JPM,99600,100"
2019-06-28 10:20:30.000000000,BEST_BID,"JPM,99505,170"
2019-06-28 10:20:30.000000000,BEST_ASK,"JPM,99600,100"
2019-06-28 10:20:30.000000000,BEST_BID,"JPM,99505,170"
2019-06-28 10:20:30.000000000,BEST_ASK,"JPM,99600,170"
2019-06-28 10:20:30.000000000,BEST_BID,"JPM,99505,170"
2019-06-28 10:20:30.000000000,BEST_ASK,"JPM,99600,170"
2019-06-28 10:20:30.000000000,BEST_BID,"JPM,99505,170"
2019-06-28 10:20:30.000000000,BEST_ASK,"JPM,99600,170"
2019-06-28 10:20:30.000000000,BEST_BID,"JPM,99505,170"
2019-06-28 10:20:30.000000000,BEST_ASK,"JPM,99600,170"
2019-06-28 10:20:33.674998893,QUERY_SPREAD,8
2019-06-28 10:20:33.674998893,BEST_BID,"JPM,99505,170"
2019-06-28 10:20:33.674998893,BEST_ASK,"JPM,99600,170"
2019-06-28 10:20:40.000000000,QUERY_SPREAD,1
2019-06-28 10:20:40.000000000,BEST_BID,"JPM,99505,156"
2019-06-28 10:20:40.000000000,BEST_ASK,"JPM,99600,100"
2019-06-28 10:20:40.000000000,BEST_BID,"JPM,99505,156"
2019-06-28 10:20:40.000000000,BEST_ASK,"JPM,99600,100"
2019-06-28 10:20:40.000000000,BEST_BID,"JPM,99505,156"
2019-06-28 10:20:40.000000000,BEST_ASK,"JPM,99600,100"
2019-06-28 10:20:40.000000000,BEST_BID,"JPM,99505,156"
2019-06-28 10:20:40.000000000,BEST_ASK,"JPM,99600,100"
2019-06-28 10:20:40.000000000,BEST_BID,"JPM,99505,156"
2019-06-28 10:20:40.000000000,BEST_ASK,"JPM,99600,100"
2019-06-28 10:20:40.000000000,BEST_BID,"JPM,99505,156"
2019-06-28 10:20:40.000000000,BEST_ASK,"JPM,99600,156"
2019-06-28 10:20:40.000000000,BEST_BID,"JPM,99505,156"
2019-06-28 10:20:40.000000000,BEST_ASK,"JPM,99600,156"
2019-06-28 10:20:40.000000000,BEST_BID,"JPM,99505,156"
2019-06-28 10:20:40.000000000,BEST_ASK,"JPM,99600,156"
2019-06-28 10:20:40.000000000,BEST_BID,"JPM,99505,156"
2019-06-28 10:20:40.000000000,BEST_ASK,"JPM,99600,156"
2019-06-28 10:20:40.000000000,BEST_BID,"JPM,99505,156"
2019-06-28 10:20:40.000000000,BEST_ASK,"JPM,99600,156"
2019-06-28 10:20:42.640785170,QUERY_SPREAD,51
2019-06-28 10:20:42.640785170,BEST_BID,"JPM,99584,100"
2019-06-28 10:20:42.640785170,BEST_ASK,"JPM,99600,156"
2019-06-28 10:20:50.000000000,QUERY_SPREAD,1
2019-06-28 10:20:50.000000000,BEST_BID,"JPM,99584,170"
2019-06-28 10:20:50.000000000,BEST_ASK,"JPM,99600,100"
2019-06-28 10:20:50.000000000,BEST_BID,"JPM,99584,170"
2019-06-28 10:20:50.000000000,BEST_ASK,"JPM,99600,100"
2019-06-28 10:20:50.000000000,BEST_BID,"JPM,99584,170"
2019-06-28 10:20:50.000000000,BEST_ASK,"JPM,99600,100"
2019-06-28 10:20:50.000000000,BEST_BID,"JPM,99584,170"
2019-06-28 10:20:50.000000000,BEST_ASK,"JPM,99600,100"
2019-06-28 10:20:50.000000000,BEST_BID,"JPM,99584,170"
2019-06-28 10:20:50.000000000,BEST_ASK,"JPM,99600,170"
2019-06-28 10:20:50.000000000,BEST_BID,"JPM,99584,170"
2019-06-28 10:20:50.000000000,BEST_ASK,"JPM,99600,170"
2019-06-28 10:20:50.000000000,BEST_BID,"JPM,99584,170"
2019-06-28 10:20:50.000000000,BEST_ASK,"JPM,99600,170"
2019-06-28 10:20:50.000000000,BEST_BID,"JPM,99584,170"
2019-06-28 10:20:50.000000000,BEST_ASK,"JPM,99600,170"
2019-06-28 10:20:50.279765405,QUERY_SPREAD,41
2019-06-28 10:20:50.279765405,BEST_BID,"JPM,99584,170"
2019-06-28 10:20:50.279765405,BEST_ASK,"JPM,99600,170"
2019-06-28 10:21:00.000000000,QUERY_SPREAD,1
2019-06-28 10:21:00.000000000,BEST_BID,"JPM,99584,380"
2019-06-28 10:21:00.000000000,BEST_ASK,"JPM,99600,100"
2019-06-28 10:21:00.000000000,BEST_BID,"JPM,99584,380"
2019-06-28 10:21:00.000000000,BEST_ASK,"JPM,99600,380"
2019-06-28 10:21:00.000000000,QUERY_SPREAD,77
2019-06-28 10:21:00.000000000,BEST_BID,"JPM,99584,379"
2019-06-28 10:21:00.000000000,BEST_ASK,"JPM,99600,380"
2019-06-28 10:21:00.000000000,LAST_TRADE,"1,$99584.0000"
2019-06-28 10:21:00.000000000,QUERY_SPREAD,78
2019-06-28 10:21:00.000000000,BEST_BID,"JPM,99584,375"
2019-06-28 10:21:00.000000000,BEST_ASK,"JPM,99600,380"
2019-06-28 10:21:00.000000000,LAST_TRADE,"4,$99584.0000"
2019-06-28 10:21:00.000000000,QUERY_SPREAD,79
2019-06-28 10:21:00.000000000,BEST_BID,"JPM,99584,369"
2019-06-28 10:21:00.000000000,BEST_ASK,"JPM,99600,380"
2019-06-28 10:21:00.000000000,LAST_TRADE,"6,$99584.0000"
2019-06-28 10:21:00.000000000,QUERY_SPREAD,80
2019-06-28 10:21:00.000000000,BEST_BID,"JPM,99584,364"
2019-06-28 10:21:00.000000000,BEST_ASK,"JPM,99600,380"
2019-06-28 10:21:00.000000000,LAST_TRADE,"5,$99584.0000"
2019-06-28 10:21:00.000000000,QUERY_SPREAD,81
2019-06-28 10:21:00.000000000,BEST_BID,"JPM,99584,356"
2019-06-28 10:21:00.000000000,BEST_ASK,"JPM,99600,380"
2019-06-28 10:21:00.000000000,LAST_TRADE,"8,$99584.0000"
2019-06-28 10:21:00.000000000,QUERY_SPREAD,82
2019-06-28 10:21:00.000000000,BEST_BID,"JPM,99584,348"
2019-06-28 10:21:00.000000000,BEST_ASK,"JPM,99600,380"
2019-06-28 10:21:00.000000000,LAST_TRADE,"8,$99584.0000"
2019-06-28 10:21:00.000000000,QUERY_SPREAD,83
2019-06-28 10:21:00.000000000,BEST_BID,"JPM,99584,346"
2019-06-28 10:21:00.000000000,BEST_ASK,"JPM,99600,380"
2019-06-28 10:21:00.000000000,LAST_TRADE,"2,$99584.0000"
2019-06-28 10:21:00.000000000,QUERY_SPREAD,84
2019-06-28 10:21:00.000000000,BEST_BID,"JPM,99584,345"
2019-06-28 10:21:00.000000000,BEST_ASK,"JPM,99600,380"
2019-06-28 10:21:00.000000000,LAST_TRADE,"1,$99584.0000"
2019-06-28 10:21:00.000000000,QUERY_SPREAD,85
2019-06-28 10:21:00.000000000,BEST_BID,"JPM,99584,344"
2019-06-28 10:21:00.000000000,BEST_ASK,"JPM,99600,380"
2019-06-28 10:21:00.000000000,LAST_TRADE,"1,$99584.0000"
2019-06-28 10:21:00.000000000,QUERY_SPREAD,86
2019-06-28 10:21:00.000000000,BEST_BID,"JPM,99584,338"
2019-06-28 10:21:00.000000000,BEST_ASK,"JPM,99600,380"
2019-06-28 10:21:00.000000000,LAST_TRADE,"6,$99584.0000"
2019-06-28 10:21:00.000000000,QUERY_SPREAD,87
2019-06-28 10:21:00.000000000,BEST_BID,"JPM,99584,335"
2019-06-28 10:21:00.000000000,BEST_ASK,"JPM,99600,380"
2019-06-28 10:21:00.000000000,LAST_TRADE,"3,$99584.0000"
2019-06-28 10:21:00.000000000,QUERY_SPREAD,88
2019-06-28 10:21:00.000000000,BEST_BID,"JPM,99584,331"
2019-06-28 10:21:00.000000000,BEST_ASK,"JPM,99600,380"
2019-06-28 10:21:00.000000000,LAST_TRADE,"4,$99584.0000"
2019-06-28 10:21:00.000000000,QUERY_SPREAD,89
2019-06-28 10:21:00.000000000,BEST_BID,"JPM,99584,327"
2019-06-28 10:21:00.000000000,BEST_ASK,"JPM,99600,380"
2019-06-28 10:21:00.000000000,LAST_TRADE,"4,$99584.0000"
2019-06-28 10:21:00.000000000,QUERY_SPREAD,90
2019-06-28 10:21:00.000000000,BEST_BID,"JPM,99584,320"
2019-06-28 10:21:00.000000000,BEST_ASK,"JPM,99600,380"
2019-06-28 10:21:00.000000000,LAST_TRADE,"7,$99584.0000"
2019-06-28 10:21:00.000000000,QUERY_SPREAD,91
2019-06-28 10:21:00.000000000,BEST_BID,"JPM,99584,312"
2019-06-28 10:21:00.000000000,BEST_ASK,"JPM,99600,380"
2019-06-28 10:21:00.000000000,LAST_TRADE,"8,$99584.0000"
2019-06-28 10:21:00.000000000,QUERY_SPREAD,92
2019-06-28 10:21:00.000000000,BEST_BID,"JPM,99584,307"
2019-06-28 10:21:00.000000000,BEST_ASK,"JPM,99600,380"
2019-06-28 10:21:00.000000000,LAST_TRADE,"5,$99584.0000"
2019-06-28 10:21:00.000000000,QUERY_SPREAD,93
2019-06-28 10:21:00.000000000,BEST_BID,"JPM,99584,304"
2019-06-28 10:21:00.000000000,BEST_ASK,"JPM,99600,380"
2019-06-28 10:21:00.000000000,LAST_TRADE,"3,$99584.0000"
2019-06-28 10:21:00.000000000,QUERY_SPREAD,94
2019-06-28 10:21:00.000000000,BEST_BID,"JPM,99584,300"
2019-06-28 10:21:00.000000000,BEST_ASK,"JPM,99600,380"
2019-06-28 10:21:00.000000000,LAST_TRADE,"4,$99584.0000"
2019-06-28 10:21:00.000000000,QUERY_SPREAD,95
2019-06-28 10:21:00.000000000,BEST_BID,"JPM,99584,295"
2019-06-28 10:21:00.000000000,BEST_ASK,"JPM,99600,380"
2019-06-28 10:21:00.000000000,LAST_TRADE,"5,$99584.0000"
2019-06-28 10:21:00.000000000,QUERY_SPREAD,96
2019-06-28 10:21:00.000000000,BEST_BID,"JPM,99584,294"
2019-06-28 10:21:00.000000000,BEST_ASK,"JPM,99600,380"
2019-06-28 10:21:00.000000000,LAST_TRADE,"1,$99584.0000"
2019-06-28 10:21:00.000000000,QUERY_SPREAD,97
2019-06-28 10:21:00.000000000,BEST_BID,"JPM,99584,287"
2019-06-28 10:21:00.000000000,BEST_ASK,"JPM,99600,380"
2019-06-28 10:21:00.000000000,LAST_TRADE,"7,$99584.0000"
2019-06-28 10:21:00.000000000,QUERY_SPREAD,98
2019-06-28 10:21:00.000000000,BEST_BID,"JPM,99584,281"
2019-06-28 10:21:00.000000000,BEST_ASK,"JPM,99600,380"
2019-06-28 10:21:00.000000000,LAST_TRADE,"6,$99584.0000"
2019-06-28 10:21:00.000000000,QUERY_SPREAD,99
2019-06-28 10:21:00.000000000,BEST_BID,"JPM,99584,276"
2019-06-28 10:21:00.000000000,BEST_ASK,"JPM,99600,380"
2019-06-28 10:21:00.000000000,LAST_TRADE,"5,$99584.0000"
2019-06-28 10:21:00.000000000,QUERY_SPREAD,100
2019-06-28 10:21:00.000000000,BEST_BID,"JPM,99584,269"
2019-06-28 10:21:00.000000000,BEST_ASK,"JPM,99600,380"
2019-06-28 10:21:00.000000000,LAST_TRADE,"7,$99584.0000"
2019-06-28 10:21:00.000000000,QUERY_SPREAD,101
2019-06-28 10:21:00.000000000,QUERY_ORDER_STREAM,101
2019-06-28 10:21:10.000000000,QUERY_SPREAD,1
2019-06-28 10:21:10.000000000,BEST_BID,"JPM,99505,170"
2019-06-28 10:21:10.000000000,BEST_ASK,"JPM,99600,100"
2019-06-28 10:21:10.000000000,BEST_BID,"JPM,99505,170"
2019-06-28 10:21:10.000000000,BEST_ASK,"JPM,99600,100"
2019-06-28 10:21:10.000000000,BEST_BID,"JPM,99505,170"
2019-06-28 10:21:10.000000000,BEST_ASK,"JPM,99600,100"
2019-06-28 10:21:10.000000000,BEST_BID,"JPM,99505,170"
2019-06-28 10:21:10.000000000,BEST_ASK,"JPM,99600,100"
2019-06-28 10:21:10.000000000,BEST_BID,"JPM,99505,170"
2019-06-28 10:21:10.000000000,BEST_ASK,"JPM,99600,170"
2019-06-28 10:21:10.000000000,BEST_BID,"JPM,99505,170"
2019-06-28 10:21:10.000000000,BEST_ASK,"JPM,99600,170"
2019-06-28 10:21:10.000000000,BEST_BID,"JPM,99505,170"
2019-06-28 10:21:10.000000000,BEST_ASK,"JPM,99600,170"
2019-06-28 10:21:10.000000000,BEST_BID,"JPM,99505,170"
2019-06-28 10:21:10.000000000,BEST_ASK,"JPM,99600,170"
2019-06-28 10:21:20.000000000,QUERY_SPREAD,1
2019-06-28 10:21:20.000000000,BEST_BID,"JPM,99505,380"
2019-06-28 10:21:20.000000000,BEST_ASK,"JPM,99600,100"
2019-06-28 10:21:20.000000000,BEST_BID,"JPM,99505,380"
2019-06-28 10:21:20.000000000,BEST_ASK,"JPM,99600,380"
2019-06-28 10:21:22.217862196,QUERY_SPREAD,13
2019-06-28 10:21:22.217862196,BEST_BID,"JPM,99505,380"
2019-06-28 10:21:22.217862196,BEST_ASK,"JPM,99600,280"
2019-06-28 10:21:22.217862196,LAST_TRADE,"100,$99600.0000"
2019-06-28 10:21:30.000000000,QUERY_SPREAD,1
2019-06-28 10:21:30.000000000,BEST_BID,"JPM,99505,170"
2019-06-28 10:21:30.000000000,BEST_ASK,"JPM,99730,100"
2019-06-28 10:21:30.000000000,BEST_BID,"JPM,99505,170"
2019-06-28 10:21:30.000000000,BEST_ASK,"JPM,99730,100"
2019-06-28 10:21:30.000000000,BEST_BID,"JPM,99505,170"
2019-06-28 10:21:30.000000000,BEST_ASK,"JPM,99730,100"
2019-06-28 10:21:30.000000000,BEST_BID,"JPM,99505,170"
2019-06-28 10:21:30.000000000,BEST_ASK,"JPM,99730,100"
2019-06-28 10:21:30.000000000,BEST_BID,"JPM,99505,170"
2019-06-28 10:21:30.000000000,BEST_ASK,"JPM,99730,170"
2019-06-28 10:21:30.000000000,BEST_BID,"JPM,99505,170"
2019-06-28 10:21:30.000000000,BEST_ASK,"JPM,99730,170"
2019-06-28 10:21:30.000000000,BEST_BID,"JPM,99505,170"
2019-06-28 10:21:30.000000000,BEST_ASK,"JPM,99730,170"
2019-06-28 10:21:30.000000000,BEST_BID,"JPM,99505,170"
2019-06-28 10:21:30.000000000,BEST_ASK,"JPM,99730,170"
2019-06-28 10:21:40.000000000,QUERY_SPREAD,1
2019-06-28 10:21:40.000000000,BEST_BID,"JPM,99505,380"
2019-06-28 10:21:40.000000000,BEST_ASK,"JPM,99730,100"
2019-06-28 10:21:40.000000000,BEST_BID,"JPM,99505,380"
2019-06-28 10:21:40.000000000,BEST_ASK,"JPM,99730,380"
2019-06-28 10:21:50.000000000,QUERY_SPREAD,1
2019-06-28 10:21:50.000000000,BEST_BID,"JPM,99505,195"
2019-06-28 10:21:50.000000000,BEST_ASK,"JPM,99730,100"
2019-06-28 10:21:50.000000000,BEST_BID,"JPM,99505,195"
2019-06-28 10:21:50.000000000,BEST_ASK,"JPM,99730,100"
2019-06-28 10:21:50.000000000,BEST_BID,"JPM,99505,195"
2019-06-28 10:21:50.000000000,BEST_ASK,"JPM,99730,100"
2019-06-28 10:21:50.000000000,BEST_BID,"JPM,99505,195"
2019-06-28 10:21:50.000000000,BEST_ASK,"JPM,99730,195"
2019-06-28 10:21:50.000000000,BEST_BID,"JPM,99505,195"
2019-06-28 10:21:50.000000000,BEST_ASK,"JPM,99730,195"
2019-06-28 10:21:50.000000000,BEST_BID,"JPM,99505,195"
2019-06-28 10:21:50.000000000,BEST_ASK,"JPM,99730,195"
2019-06-28 10:22:00.000000000,QUERY_SPREAD,1
2019-06-28 10:22:00.000000000,BEST_BID,"JPM,99505,380"
2019-06-28 10:22:00.000000000,BEST_ASK,"JPM,99730,100"
2019-06-28 10:22:00.000000000,BEST_BID,"JPM,99505,380"
2019-06-28 10:22:00.000000000,BEST_ASK,"JPM,99730,380"
2019-06-28 10:22:00.000000000,QUERY_SPREAD,77
2019-06-28 10:22:00.000000000,BEST_BID,"JPM,99505,379"
2019-06-28 10:22:00.000000000,BEST_ASK,"JPM,99730,380"
2019-06-28 10:22:00.000000000,LAST_TRADE,"1,$99505.0000"
2019-06-28 10:22:00.000000000,QUERY_SPREAD,78
2019-06-28 10:22:00.000000000,BEST_BID,"JPM,99505,375"
2019-06-28 10:22:00.000000000,BEST_ASK,"JPM,99730,380"
2019-06-28 10:22:00.000000000,LAST_TRADE,"4,$99505.0000"
2019-06-28 10:22:00.000000000,QUERY_SPREAD,79
2019-06-28 10:22:00.000000000,BEST_BID,"JPM,99505,369"
2019-06-28 10:22:00.000000000,BEST_ASK,"JPM,99730,380"
2019-06-28 10:22:00.000000000,LAST_TRADE,"6,$99505.0000"
2019-06-28 10:22:00.000000000,QUERY_SPREAD,80
2019-06-28 10:22:00.000000000,BEST_BID,"JPM,99505,364"
2019-06-28 10:22:00.000000000,BEST_ASK,"JPM,99730,380"
2019-06-28 10:22:00.000000000,LAST_TRADE,"5,$99505.0000"
2019-06-28 10:22:00.000000000,QUERY_SPREAD,81
2019-06-28 10:22:00.000000000,BEST_BID,"JPM,99505,356"
2019-06-28 10:22:00.000000000,BEST_ASK,"JPM,99730,380"
2019-06-28 10:22:00.000000000,LAST_TRADE,"8,$99505.0000"
2019-06-28 10:22:00.000000000,QUERY_SPREAD,82
2019-06-28 10:22:00.000000000,BEST_BID,"JPM,99505,348"
2019-06-28 10:22:00.000000000,BEST_ASK,"JPM,99730,380"
2019-06-28 10:22:00.000000000,LAST_TRADE,"8,$99505.0000"
2019-06-28 10:22:00.000000000,QUERY_SPREAD,83
2019-06-28 10:22:00.000000000,BEST_BID,"JPM,99505,346"
2019-06-28 10:22:00.000000000,BEST_ASK,"JPM,99730,380"
2019-06-28 10:22:00.000000000,LAST_TRADE,"2,$99505.0000"
2019-06-28 10:22:00.000000000,QUERY_SPREAD,84
2019-06-28 10:22:00.000000000,BEST_BID,"JPM,99505,345"
2019-06-28 10:22:00.000000000,BEST_ASK,"JPM,99730,380"
2019-06-28 10:22:00.000000000,LAST_TRADE,"1,$99505.0000"
2019-06-28 10:22:00.000000000,QUERY_SPREAD,85
2019-06-28 10:22:00.000000000,BEST_BID,"JPM,99505,344"
2019-06-28 10:22:00.000000000,BEST_ASK,"JPM,99730,380"
2019-06-28 10:22:00.000000000,LAST_TRADE,"1,$99505.0000"
2019-06-28 10:22:00.000000000,QUERY_SPREAD,86
2019-06-28 10:22:00.000000000,BEST_BID,"JPM,99505,338"
2019-06-28 10:22:00.000000000,BEST_ASK,"JPM,99730,380"
2019-06-28 10:22:00.000000000,LAST_TRADE,"6,$99505.0000"
2019-06-28 10:22:00.000000000,QUERY_SPREAD,87
2019-06-28 10:22:00.000000000,BEST_BID,"JPM,99505,335"
2019-06-28 10:22:00.000000000,BEST_ASK,"JPM,99730,380"
2019-06-28 10:22:00.000000000,LAST_TRADE,"3,$99505.0000"
2019-06-28 10:22:00.000000000,QUERY_SPREAD,88
2019-06-28 10:22:00.000000000,BEST_BID,"JPM,99505,331"
2019-06-28 10:22:00.000000000,BEST_ASK,"JPM,99730,380"
2019-06-28 10:22:00.000000000,LAST_TRADE,"4,$99505.0000"
2019-06-28 10:22:00.000000000,QUERY_SPREAD,89
2019-06-28 10:22:00.000000000,BEST_BID,"JPM,99505,327"
2019-06-28 10:22:00.000000000,BEST_ASK,"JPM,99730,380"
2019-06-28 10:22:00.000000000,LAST_TRADE,"4,$99505.0000"
2019-06-28 10:22:00.000000000,QUERY_SPREAD,90
2019-06-28 10:22:00.000000000,BEST_BID,"JPM,99505,320"
2019-06-28 10:22:00.000000000,BEST_ASK,"JPM,99730,380"
2019-06-28 10:22:00.000000000,LAST_TRADE,"7,$99505.0000"
2019-06-28 10:22:00.000000000,QUERY_SPREAD,91
2019-06-28 10:22:00.000000000,BEST_BID,"JPM,99505,312"
2019-06-28 10:22:00.000000000,BEST_ASK,"JPM,99730,380"
2019-06-28 10:22:00.000000000,LAST_TRADE,"8,$99505.0000"
2019-06-28 10:22:00.000000000,QUERY_SPREAD,92
2019-06-28 10:22:00.000000000,BEST_BID,"JPM,99505,307"
2019-06-28 10:22:00.000000000,BEST_ASK,"JPM,99730,380"
2019-06-28 10:22:00.000000000,LAST_TRADE,"5,$99505.0000"
2019-06-28 10:22:00.000000000,QUERY_SPREAD,93
2019-06-28 10:22:00.000000000,BEST_BID,"JPM,99505,304"
2019-06-28 10:22:00.000000000,BEST_ASK,"JPM,99730,380"
2019-06-28 10:22:00.000000000,LAST_TRADE,"3,$99505.0000"
2019-06-28 10:22:00.000000000,QUERY_SPREAD,94
2019-06-28 10:22:00.000000000,BEST_BID,"JPM,99505,300"
2019-06-28 10:22:00.000000000,BEST_ASK,"JPM,99730,380"
2019-06-28 10:22:00.000000000,LAST_TRADE,"4,$99505.0000"
2019-06-28 10:22:00.000000000,QUERY_SPREAD,95
2019-06-28 10:22:00.000000000,BEST_BID,"JPM,99505,295"
2019-06-28 10:22:00.000000000,BEST_ASK,"JPM,99730,380"
2019-06-28 10:22:00.000000000,LAST_TRADE,"5,$99505.0000"
2019-06-28 10:22:00.000000000,QUERY_SPREAD,96
2019-06-28 10:22:00.000000000,BEST_BID,"JPM,99505,294"
2019-06-28 10:22:00.000000000,BEST_ASK,"JPM,99730,380"
2019-06-28 10:22:00.000000000,LAST_TRADE,"1,$99505.0000"
2019-06-28 10:22:00.000000000,QUERY_SPREAD,97
2019-06-28 10:22:00.000000000,BEST_BID,"JPM,99505,287"
2019-06-28 10:22:00.000000000,BEST_ASK,"JPM,99730,380"
2019-06-28 10:22:00.000000000,LAST_TRADE,"7,$99505.0000"
2019-06-28 10:22:00.000000000,QUERY_SPREAD,98
2019-06-28 10:22:00.000000000,BEST_BID,"JPM,99505,281"
2019-06-28 10:22:00.000000000,BEST_ASK,"JPM,99730,380"
2019-06-28 10:22:00.000000000,LAST_TRADE,"6,$99505.0000"
2019-06-28 10:22:00.000000000,QUERY_SPREAD,99
2019-06-28 10:22:00.000000000,BEST_BID,"JPM,99505,276"
2019-06-28 10:22:00.000000000,BEST_ASK,"JPM,99730,380"
2019-06-28 10:22:00.000000000,LAST_TRADE,"5,$99505.0000"
2019-06-28 10:22:00.000000000,QUERY_SPREAD,100
2019-06-28 10:22:00.000000000,BEST_BID,"JPM,99505,269"
2019-06-28 10:22:00.000000000,BEST_ASK,"JPM,99730,380"
2019-06-28 10:22:00.000000000,LAST_TRADE,"7,$99505.0000"
2019-06-28 10:22:00.000000000,QUERY_SPREAD,101
2019-06-28 10:22:00.000000000,QUERY_ORDER_STREAM,101
2019-06-28 10:22:09.054891624,QUERY_ORDER_STREAM,63
2019-06-28 10:22:09.054891624,QUERY_SPREAD,63
2019-06-28 10:22:09.054891624,BEST_BID,"JPM,99505,369"
2019-06-28 10:22:09.054891624,BEST_ASK,"JPM,99730,380"
2019-06-28 10:22:09.415343134,QUERY_ORDER_STREAM,71
2019-06-28 10:22:09.415343134,QUERY_SPREAD,71
2019-06-28 10:22:10.000000000,QUERY_SPREAD,1
2019-06-28 10:22:10.000000000,BEST_BID,"JPM,99505,170"
2019-06-28 10:22:10.000000000,BEST_ASK,"JPM,99730,100"
2019-06-28 10:22:10.000000000,BEST_BID,"JPM,99505,170"
2019-06-28 10:22:10.000000000,BEST_ASK,"JPM,99730,100"
2019-06-28 10:22:10.000000000,BEST_BID,"JPM,99505,170"
2019-06-28 10:22:10.000000000,BEST_ASK,"JPM,99730,100"
2019-06-28 10:22:10.000000000,BEST_BID,"JPM,99505,170"
2019-06-28 10:22:10.000000000,BEST_ASK,"JPM,99730,100"
2019-06-28 10:22:10.000000000,BEST_BID,"JPM,99505,170"
2019-06-28 10:22:10.000000000,BEST_ASK,"JPM,99730,170"
2019-06-28 10:22:10.000000000,BEST_BID,"JPM,99505,170"
2019-06-28 10:22:10.000000000,BEST_ASK,"JPM,99730,170"
2019-06-28 10:22:10.000000000,BEST_BID,"JPM,99505,170"
2019-06-28 10:22:10.000000000,BEST_ASK,"JPM,99730,170"
2019-06-28 10:22:10.000000000,BEST_BID,"JPM,99505,170"
2019-06-28 10:22:10.000000000,BEST_ASK,"JPM,99730,170"
2019-06-28 10:22:20.000000000,QUERY_SPREAD,1
2019-06-28 10:22:20.000000000,BEST_BID,"JPM,99505,156"
2019-06-28 10:22:20.000000000,BEST_ASK,"JPM,99730,100"
2019-06-28 10:22:20.000000000,BEST_BID,"JPM,99505,156"
2019-06-28 10:22:20.000000000,BEST_ASK,"JPM,99730,100"
2019-06-28 10:22:20.000000000,BEST_BID,"JPM,99505,156"
2019-06-28 10:22:20.000000000,BEST_ASK,"JPM,99730,100"
2019-06-28 10:22:20.000000000,BEST_BID,"JPM,99505,156"
2019-06-28 10:22:20.000000000,BEST_ASK,"JPM,99730,100"
2019-06-28 10:22:20.000000000,BEST_BID,"JPM,99505,156"
2019-06-28 10:22:20.000000000,BEST_ASK,"JPM,99730,100"
2019-06-28 10:22:20.000000000,BEST_BID,"JPM,99505,156"
2019-06-28 10:22:20.000000000,BEST_ASK,"JPM,99730,156"
2019-06-28 10:22:20.000000000,BEST_BID,"JPM,99505,156"
2019-06-28 10:22:20.000000000,BEST_ASK,"JPM,99730,156"
2019-06-28 10:22:20.000000000,BEST_BID,"JPM,99505,156"
2019-06-28 10:22:20.000000000,BEST_ASK,"JPM,99730,156"
2019-06-28 10:22:20.000000000,BEST_BID,"JPM,99505,156"
2019-06-28 10:22:20.000000000,BEST_ASK,"JPM,99730,156"
2019-06-28 10:22:20.000000000,BEST_BID,"JPM,99505,156"
2019-06-28 10:22:20.000000000,BEST_ASK,"JPM,99730,156"
2019-06-28 10:22:30.000000000,QUERY_SPREAD,1
2019-06-28 10:22:30.000000000,BEST_BID,"JPM,99505,380"
2019-06-28 10:22:30.000000000,BEST_ASK,"JPM,99730,100"
2019-06-28 10:22:30.000000000,BEST_BID,"JPM,99505,380"
2019-06-28 10:22:30.000000000,BEST_ASK,"JPM,99730,380"
2019-06-28 10:22:39.491795189,QUERY_SPREAD,47
2019-06-28 10:22:39.491795189,BEST_BID,"JPM,99645,100"
2019-06-28 10:22:39.491795189,BEST_ASK,"JPM,99730,380"
2019-06-28 10:22:40.000000000,QUERY_SPREAD,1
2019-06-28 10:22:40.000000000,BEST_BID,"JPM,99645,240"
2019-06-28 10:22:40.000000000,BEST_ASK,"JPM,99730,100"
2019-06-28 10:22:40.000000000,BEST_BID,"JPM,99645,240"
2019-06-28 10:22:40.000000000,BEST_ASK,"JPM,99730,100"
2019-06-28 10:22:40.000000000,BEST_BID,"JPM,99645,240"
2019-06-28 10:22:40.000000000,BEST_ASK,"JPM,99730,240"
2019-06-28 10:22:40.000000000,BEST_BID,"JPM,99645,240"
2019-06-28 10:22:40.000000000,BEST_ASK,"JPM,99730,240"
2019-06-28 10:22:40.856987055,QUERY_ORDER_STREAM,68
2019-06-28 10:22:40.856987055,QUERY_SPREAD,68
2019-06-28 10:22:40.856987055,BEST_BID,"JPM,99645,240"
2019-06-28 10:22:40.856987055,BEST_ASK,"JPM,99730,240"
2019-06-28 10:22:41.451253585,QUERY_ORDER_STREAM,76
2019-06-28 10:22:41.451253585,QUERY_SPREAD,76
2019-06-28 10:22:50.000000000,QUERY_SPREAD,1
2019-06-28 10:22:50.000000000,BEST_BID,"JPM,99645,380"
2019-06-28 10:22:50.000000000,BEST_ASK,"JPM,99730,100"
2019-06-28 10:22:50.000000000,BEST_BID,"JPM,99645,380"
2019-06-28 10:22:50.000000000,BEST_ASK,"JPM,99730,380"
2019-06-28 10:22:50.116260029,QUERY_ORDER_STREAM,76
2019-06-28 10:22:50.116260029,QUERY_SPREAD,76
2019-06-28 10:22:50.116260029,BEST_BID,"JPM,99645,380"
2019-06-28 10:22:50.116260029,BEST_ASK,"JPM,99730,380"
2019-06-28 10:23:00.000000000,QUERY_SPREAD,1
2019-06-28 10:23:00.000000000,BEST_BID,"JPM,99645,156"
2019-06-28 10:23:00.000000000,BEST_ASK,"JPM,99730,100"
2019-06-28 10:23:00.000000000,BEST_BID,"JPM,99645,156"
2019-06-28 10:23:00.000000000,BEST_ASK,"JPM,99730,100"
2019-06-28 10:23:00.000000000,BEST_BID,"JPM,99645,156"
2019-06-28 10:23:00.000000000,BEST_ASK,"JPM,99730,100"
2019-06-28 10:23:00.000000000,BEST_BID,"JPM,99645,156"
2019-06-28 10:23:00.000000000,BEST_ASK,"JPM,99730,100"
2019-06-28 10:23:00.000000000,BEST_BID,"JPM,99645,156"
2019-06-28 10:23:00.000000000,BEST_ASK,"JPM,99730,100"
2019-06-28 10:23:00.000000000,BEST_BID,"JPM,99645,156"
2019-06-28 10:23:00.000000000,BEST_ASK,"JPM,99730,156"
2019-06-28 10:23:00.000000000,BEST_BID,"JPM,99645,156"
2019-06-28 10:23:00.000000000,BEST_ASK,"JPM,99730,156"
2019-06-28 10:23:00.000000000,BEST_BID,"JPM,99645,156"
2019-06-28 10:23:00.000000000,BEST_ASK,"JPM,99730,156"
2019-06-28 10:23:00.000000000,BEST_BID,"JPM,99645,156"
2019-06-28 10:23:00.000000000,BEST_ASK,"JPM,99730,156"
2019-06-28 10:23:00.000000000,BEST_BID,"JPM,99645,156"
2019-06-28 10:23:00.000000000,BEST_ASK,"JPM,99730,156"
2019-06-28 10:23:00.000000000,QUERY_SPREAD,77
2019-06-28 10:23:00.000000000,BEST_BID,"JPM,99645,155"
2019-06-28 10:23:00.000000000,BEST_ASK,"JPM,99730,156"
2019-06-28 10:23:00.000000000,LAST_TRADE,"1,$99645.0000"
2019-06-28 10:23:00.000000000,QUERY_SPREAD,78
2019-06-28 10:23:00.000000000,BEST_BID,"JPM,99645,151"
2019-06-28 10:23:00.000000000,BEST_ASK,"JPM,99730,156"
2019-06-28 10:23:00.000000000,LAST_TRADE,"4,$99645.0000"
2019-06-28 10:23:00.000000000,QUERY_SPREAD,79
2019-06-28 10:23:00.000000000,BEST_BID,"JPM,99645,145"
2019-06-28 10:23:00.000000000,BEST_ASK,"JPM,99730,156"
2019-06-28 10:23:00.000000000,LAST_TRADE,"6,$99645.0000"
2019-06-28 10:23:00.000000000,QUERY_SPREAD,80
2019-06-28 10:23:00.000000000,BEST_BID,"JPM,99645,140"
2019-06-28 10:23:00.000000000,BEST_ASK,"JPM,99730,156"
2019-06-28 10:23:00.000000000,LAST_TRADE,"5,$99645.0000"
2019-06-28 10:23:00.000000000,QUERY_SPREAD,81
2019-06-28 10:23:00.000000000,BEST_BID,"JPM,99645,132"
2019-06-28 10:23:00.000000000,BEST_ASK,"JPM,99730,156"
2019-06-28 10:23:00.000000000,LAST_TRADE,"8,$99645.0000"
2019-06-28 10:23:00.000000000,QUERY_SPREAD,82
2019-06-28 10:23:00.000000000,BEST_BID,"JPM,99645,124"
2019-06-28 10:23:00.000000000,BEST_ASK,"JPM,99730,156"
2019-06-28 10:23:00.000000000,LAST_TRADE,"8,$99645.0000"
2019-06-28 10:23:00.000000000,QUERY_SPREAD,83
2019-06-28 10:23:00.000000000,BEST_BID,"JPM,99645,122"
2019-06-28 10:23:00.000000000,BEST_ASK,"JPM,99730,156"
2019-06-28 10:23:00.000000000,LAST_TRADE,"2,$99645.0000"
2019-06-28 10:23:00.000000000,QUERY_SPREAD,84
2019-06-28 10:23:00.000000000,BEST_BID,"JPM,99645,121"
2019-06-28 10:23:00.000000000,BEST_ASK,"JPM,99730,156"
2019-06-28 10:23:00.000000000,LAST_TRADE,"1,$99645.0000"
2019-06-28 10:23:00.000000000,QUERY_SPREAD,85
2019-06-28 10:23:00.000000000,BEST_BID,"JPM,99645,120"
2019-06-28 10:23:00.000000000,BEST_ASK,"JPM,99730,156"
2019-06-28 10:23:00.000000000,LAST_TRADE,"1,$99645.0000"
2019-06-28 10:23:00.000000000,QUERY_SPREAD,86
2019-06-28 10:23:00.000000000,BEST_BID,"JPM,99645,114"
2019-06-28 10:23:00.000000000,BEST_ASK,"JPM,99730,156"
2019-06-28 10:23:00.000000000,LAST_TRADE,"6,$99645.0000"
2019-06-28 10:23:00.000000000,QUERY_SPREAD,87
2019-06-28 10:23:00.000000000,BEST_BID,"JPM,99645,111"
2019-06-28 10:23:00.000000000,BEST_ASK,"JPM,99730,156"
2019-06-28 10:23:00.000000000,LAST_TRADE,"3,$99645.0000"
2019-06-28 10:23:00.000000000,QUERY_SPREAD,88
2019-06-28 10:23:00.000000000,BEST_BID,"JPM,99645,107"
2019-06-28 10:23:00.000000000,BEST_ASK,"JPM,99730,156"
2019-06-28 10:23:00.000000000,LAST_TRADE,"4,$99645.0000"
2019-06-28 10:23:00.000000000,QUERY_SPREAD,89
2019-06-28 10:23:00.000000000,BEST_BID,"JPM,99645,103"
2019-06-28 10:23:00.000000000,BEST_ASK,"JPM,99730,156"
2019-06-28 10:23:00.000000000,LAST_TRADE,"4,$99645.0000"
2019-06-28 10:23:00.000000000,QUERY_SPREAD,90
2019-06-28 10:23:00.000000000,BEST_BID,"JPM,99645,96"
2019-06-28 10:23:00.000000000,BEST_ASK,"JPM,99730,156"
2019-06-28 10:23:00.000000000,LAST_TRADE,"7,$99645.0000"
2019-06-28 10:23:00.000000000,QUERY_SPREAD,91
2019-06-28 10:23:00.000000000,BEST_BID,"JPM,99645,88"
2019-06-28 10:23:00.000000000,BEST_ASK,"JPM,99730,156"
2019-06-28 10:23:00.000000000,LAST_TRADE,"8,$99645.0000"
2019-06-28 10:23:00.000000000,QUERY_SPREAD,92
2019-06-28 10:23:00.000000000,BEST_BID,"JPM,99645,83"
2019-06-28 10:23:00.000000000,BEST_ASK,"JPM,99730,156"
2019-06-28 10:23:00.000000000,LAST_TRADE,"5,$99645.0000"
2019-06-28 10:23:00.000000000,QUERY_SPREAD,93
2019-06-28 10:23:00.000000000,BEST_BID,"JPM,99645,80"
2019-06-28 10:23:00.000000000,BEST_ASK,"JPM,99730,156"
2019-06-28 10:23:00.000000000,LAST_TRADE,"3,$99645.0000"
2019-06-28 10:23:00.000000000,QUERY_SPREAD,94
2019-06-28 10:23:00.000000000,BEST_BID,"JPM,99645,76"
2019-06-28 10:23:00.000000000,BEST_ASK,"JPM,99730,156"
2019-06-28 10:23:00.000000000,LAST_TRADE,"4,$99645.0000"
2019-06-28 10:23:00.000000000,QUERY_SPREAD,95
2019-06-28 10:23:00.000000000,BEST_BID,"JPM,99645,71"
2019-06-28 10:23:00.000000000,BEST_ASK,"JPM,99730,156"
2019-06-28 10:23:00.000000000,LAST_TRADE,"5,$99645.0000"
2019-06-28 10:23:00.000000000,QUERY_SPREAD,96
2019-06-28 10:23:00.000000000,BEST_BID,"JPM,99645,70"
2019-06-28 10:23:00.000000000,BEST_ASK,"JPM,99730,156"
2019-06-28 10:23:00.000000000,LAST_TRADE,"1,$99645.0000"
2019-06-28 10:23:00.000000000,QUERY_SPREAD,97
2019-06-28 10:23:00.000000000,BEST_BID,"JPM,99645,63"
2019-06-28 10:23:00.000000000,BEST_ASK,"JPM,99730,156"
2019-06-28 10:23:00.000000000,LAST_TRADE,"7,$99645.0000"
2019-06-28 10:23:00.000000000,QUERY_SPREAD,98
2019-06-28 10:23:00.000000000,BEST_BID,"JPM,99645,57"
2019-06-28 10:23:00.000000000,BEST_ASK,"JPM,99730,156"
2019-06-28 10:23:00.000000000,LAST_TRADE,"6,$99645.0000"
2019-06-28 10:23:00.000000000,QUERY_SPREAD,99
2019-06-28 10:23:00.000000000,BEST_BID,"JPM,99645,52"
2019-06-28 10:23:00.000000000,BEST_ASK,"JPM,99730,156"
2019-06-28 10:23:00.000000000,LAST_TRADE,"5,$99645.0000"
2019-06-28 10:23:00.000000000,QUERY_SPREAD,100
2019-06-28 10:23:00.000000000,BEST_BID,"JPM,99645,45"
2019-06-28 10:23:00.000000000,BEST_ASK,"JPM,99730,156"
2019-06-28 10:23:00.000000000,LAST_TRADE,"7,$99645.0000"
2019-06-28 10:23:00.000000000,QUERY_SPREAD,101
2019-06-28 10:23:00.000000000,QUERY_ORDER_STREAM,101
2019-06-28 10:23:01.598548322,QUERY_ORDER_STREAM,73
2019-06-28 10:23:01.598548322,QUERY_SPREAD,73
2019-06-28 10:23:10.000000000,QUERY_SPREAD,1
2019-06-28 10:23:10.000000000,BEST_BID,"JPM,99505,395"
2019-06-28 10:23:10.000000000,BEST_ASK,"JPM,99730,100"
2019-06-28 10:23:10.000000000,BEST_BID,"JPM,99505,395"
2019-06-28 10:23:10.000000000,BEST_ASK,"JPM,99730,100"
2019-06-28 10:23:10.000000000,BEST_BID,"JPM,99505,395"
2019-06-28 10:23:10.000000000,BEST_ASK,"JPM,99730,100"
2019-06-28 10:23:10.000000000,BEST_BID,"JPM,99505,395"
2019-06-28 10:23:10.000000000,BEST_ASK,"JPM,99730,195"
2019-06-28 10:23:10.000000000,BEST_BID,"JPM,99505,395"
2019-06-28 10:23:10.000000000,BEST_ASK,"JPM,99730,195"
2019-06-28 10:23:10.000000000,BEST_BID,"JPM,99505,395"
2019-06-28 10:23:10.000000000,BEST_ASK,"JPM,99730,195"
2019-06-28 10:23:20.000000000,QUERY_SPREAD,1
2019-06-28 10:23:20.000000000,BEST_BID,"JPM,99505,356"
2019-06-28 10:23:20.000000000,BEST_ASK,"JPM,99730,100"
2019-06-28 10:23:20.000000000,BEST_BID,"JPM,99505,356"
2019-06-28 10:23:20.000000000,BEST_ASK,"JPM,99730,100"
2019-06-28 10:23:20.000000000,BEST_BID,"JPM,99505,356"
2019-06-28 10:23:20.000000000,BEST_ASK,"JPM,99730,100"
2019-06-28 10:23:20.000000000,BEST_BID,"JPM,99505,356"
2019-06-28 10:23:20.000000000,BEST_ASK,"JPM,99730,100"
2019-06-28 10:23:20.000000000,BEST_BID,"JPM,99505,356"
2019-06-28 10:23:20.000000000,BEST_ASK,"JPM,99730,100"
2019-06-28 10:23:20.000000000,BEST_BID,"JPM,99505,356"
2019-06-28 10:23:20.000000000,BEST_ASK,"JPM,99730,156"
2019-06-28 10:23:20.000000000,BEST_BID,"JPM,99505,356"
2019-06-28 10:23:20.000000000,BEST_ASK,"JPM,99730,156"
2019-06-28 10:23:20.000000000,BEST_BID,"JPM,99505,356"
2019-06-28 10:23:20.000000000,BEST_ASK,"JPM,99730,156"
2019-06-28 10:23:20.000000000,BEST_BID,"JPM,99505,356"
2019-06-28 10:23:20.000000000,BEST_ASK,"JPM,99730,156"
2019-06-28 10:23:20.000000000,BEST_BID,"JPM,99505,356"
2019-06-28 10:23:20.000000000,BEST_ASK,"JPM,99730,156"
2019-06-28 10:23:30.000000000,QUERY_SPREAD,1
2019-06-28 10:23:30.000000000,BEST_BID,"JPM,99505,370"
2019-06-28 10:23:30.000000000,BEST_ASK,"JPM,99730,100"
2019-06-28 10:23:30.000000000,BEST_BID,"JPM,99505,370"
2019-06-28 10:23:30.000000000,BEST_ASK,"JPM,99730,100"
2019-06-28 10:23:30.000000000,BEST_BID,"JPM,99505,370"
2019-06-28 10:23:30.000000000,BEST_ASK,"JPM,99730,100"
2019-06-28 10:23:30.000000000,BEST_BID,"JPM,99505,370"
2019-06-28 10:23:30.000000000,BEST_ASK,"JPM,99730,100"
2019-06-28 10:23:30.000000000,BEST_BID,"JPM,99505,370"
2019-06-28 10:23:30.000000000,BEST_ASK,"JPM,99730,170"
2019-06-28 10:23:30.000000000,BEST_BID,"JPM,99505,370"
2019-06-28 10:23:30.000000000,BEST_ASK,"JPM,99730,170"
2019-06-28 10:23:30.000000000,BEST_BID,"JPM,99505,370"
2019-06-28 10:23:30.000000000,BEST_ASK,"JPM,99730,170"
2019-06-28 10:23:30.000000000,BEST_BID,"JPM,99505,370"
2019-06-28 10:23:30.000000000,BEST_ASK,"JPM,99730,170"
2019-06-28 10:23:40.000000000,QUERY_SPREAD,1
2019-06-28 10:23:40.000000000,BEST_BID,"JPM,99505,370"
2019-06-28 10:23:40.000000000,BEST_ASK,"JPM,99730,100"
2019-06-28 10:23:40.000000000,BEST_BID,"JPM,99505,370"
2019-06-28 10:23:40.000000000,BEST_ASK,"JPM,99730,100"
2019-06-28 10:23:40.000000000,BEST_BID,"JPM,99505,370"
2019-06-28 10:23:40.000000000,BEST_ASK,"JPM,99730,100"
2019-06-28 10:23:40.000000000,BEST_BID,"JPM,99505,370"
2019-06-28 10:23:40.000000000,BEST_ASK,"JPM,99730,100"
2019-06-28 10:23:40.000000000,BEST_BID,"JPM,99505,370"
2019-06-28 10:23:40.000000000,BEST_ASK,"JPM,99730,170"
2019-06-28 10:23:40.000000000,BEST_BID,"JPM,99505,370"
2019-06-28 10:23:40.000000000,BEST_ASK,"JPM,99730,170"
2019-06-28 10:23:40.000000000,BEST_BID,"JPM,99505,370"
2019-06-28 10:23:40.000000000,BEST_ASK,"JPM,99730,170"
2019-06-28 10:23:40.000000000,BEST_BID,"JPM,99505,370"
2019-06-28 10:23:40.000000000,BEST_ASK,"JPM,99730,170"
2019-06-28 10:23:45.288018458,QUERY_SPREAD,51
2019-06-28 10:23:45.288018458,BEST_BID,"JPM,99505,370"
2019-06-28 10:23:45.288018458,BEST_ASK,"JPM,99542,100"
2019-06-28 10:23:50.000000000,QUERY_SPREAD,1
2019-06-28 10:23:50.000000000,BEST_BID,"JPM,99505,356"
2019-06-28 10:23:50.000000000,BEST_ASK,"JPM,99542,100"
2019-06-28 10:23:50.000000000,BEST_BID,"JPM,99505,356"
2019-06-28 10:23:50.000000000,BEST_ASK,"JPM,99542,100"
2019-06-28 10:23:50.000000000,BEST_BID,"JPM,99505,356"
2019-06-28 10:23:50.000000000,BEST_ASK,"JPM,99542,100"
2019-06-28 10:23:50.000000000,BEST_BID,"JPM,99505,356"
2019-06-28 10:23:50.000000000,BEST_ASK,"JPM,99542,100"
2019-06-28 10:23:50.000000000,BEST_BID,"JPM,99505,356"
2019-06-28 10:23:50.000000000,BEST_ASK,"JPM,99542,100"
2019-06-28 10:23:50.000000000,BEST_BID,"JPM,99505,356"
2019-06-28 10:23:50.000000000,BEST_ASK,"JPM,99542,156"
2019-06-28 10:23:50.000000000,BEST_BID,"JPM,99505,356"
2019-06-28 10:23:50.000000000,BEST_ASK,"JPM,99542,156"
2019-06-28 10:23:50.000000000,BEST_BID,"JPM,99505,356"
2019-06-28 10:23:50.000000000,BEST_ASK,"JPM,99542,156"
2019-06-28 10:23:50.000000000,BEST_BID,"JPM,99505,356"
2019-06-28 10:23:50.000000000,BEST_ASK,"JPM,99542,156"
2019-06-28 10:23:50.000000000,BEST_BID,"JPM,99505,356"
2019-06-28 10:23:50.000000000,BEST_ASK,"JPM,99542,156"
2019-06-28 10:23:54.342999537,QUERY_SPREAD,12
2019-06-28 10:23:54.342999537,BEST_BID,"JPM,99505,356"
2019-06-28 10:23:54.342999537,BEST_ASK,"JPM,99542,156"
2019-06-28 10:23:57.155266210,QUERY_ORDER_STREAM,63
2019-06-28 10:23:57.155266210,QUERY_SPREAD,63
2019-06-28 10:23:57.155266210,BEST_BID,"JPM,99505,256"
2019-06-28 10:23:57.155266210,BEST_ASK,"JPM,99542,156"
2019-06-28 10:24:00.000000000,QUERY_SPREAD,1
2019-06-28 10:24:00.000000000,BEST_BID,"JPM,99505,270"
2019-06-28 10:24:00.000000000,BEST_ASK,"JPM,99542,100"
2019-06-28 10:24:00.000000000,BEST_BID,"JPM,99505,270"
2019-06-28 10:24:00.000000000,BEST_ASK,"JPM,99542,100"
2019-06-28 10:24:00.000000000,BEST_BID,"JPM,99505,270"
2019-06-28 10:24:00.000000000,BEST_ASK,"JPM,99542,100"
2019-06-28 10:24:00.000000000,BEST_BID,"JPM,99505,270"
2019-06-28 10:24:00.000000000,BEST_ASK,"JPM,99542,100"
2019-06-28 10:24:00.000000000,BEST_BID,"JPM,99505,270"
2019-06-28 10:24:00.000000000,BEST_ASK,"JPM,99542,170"
2019-06-28 10:24:00.000000000,BEST_BID,"JPM,99505,270"
2019-06-28 10:24:00.000000000,BEST_ASK,"JPM,99542,170"
2019-06-28 10:24:00.000000000,BEST_BID,"JPM,99505,270"
2019-06-28 10:24:00.000000000,BEST_ASK,"JPM,99542,170"
2019-06-28 10:24:00.000000000,BEST_BID,"JPM,99505,270"
2019-06-28 10:24:00.000000000,BEST_ASK,"JPM,99542,170"
2019-06-28 10:24:00.000000000,QUERY_SPREAD,77
2019-06-28 10:24:00.000000000,BEST_BID,"JPM,99505,269"
2019-06-28 10:24:00.000000000,BEST_ASK,"JPM,99542,170"
2019-06-28 10:24:00.000000000,LAST_TRADE,"1,$99505.0000"
2019-06-28 10:24:00.000000000,QUERY_SPREAD,78
2019-06-28 10:24:00.000000000,BEST_BID,"JPM,99505,265"
2019-06-28 10:24:00.000000000,BEST_ASK,"JPM,99542,170"
2019-06-28 10:24:00.000000000,LAST_TRADE,"4,$99505.0000"
2019-06-28 10:24:00.000000000,QUERY_SPREAD,79
2019-06-28 10:24:00.000000000,BEST_BID,"JPM,99505,259"
2019-06-28 10:24:00.000000000,BEST_ASK,"JPM,99542,170"
2019-06-28 10:24:00.000000000,LAST_TRADE,"6,$99505.0000"
2019-06-28 10:24:00.000000000,QUERY_SPREAD,80
2019-06-28 10:24:00.000000000,BEST_BID,"JPM,99505,254"
2019-06-28 10:24:00.000000000,BEST_ASK,"JPM,99542,170"
2019-06-28 10:24:00.000000000,LAST_TRADE,"5,$99505.0000"
2019-06-28 10:24:00.000000000,QUERY_SPREAD,81
2019-06-28 10:24:00.000000000,BEST_BID,"JPM,99505,246"
2019-06-28 10:24:00.000000000,BEST_ASK,"JPM,99542,170"
2019-06-28 10:24:00.000000000,LAST_TRADE,"8,$99505.0000"
2019-06-28 10:24:00.000000000,QUERY_SPREAD,82
2019-06-28 10:24:00.000000000,BEST_BID,"JPM,99505,238"
2019-06-28 10:24:00.000000000,BEST_ASK,"JPM,99542,170"
2019-06-28 10:24:00.000000000,LAST_TRADE,"8,$99505.0000"
2019-06-28 10:24:00.000000000,QUERY_SPREAD,83
2019-06-28 10:24:00.000000000,BEST_BID,"JPM,99505,236"
2019-06-28 10:24:00.000000000,BEST_ASK,"JPM,99542,170"
2019-06-28 10:24:00.000000000,LAST_TRADE,"2,$99505.0000"
2019-06-28 10:24:00.000000000,QUERY_SPREAD,84
2019-06-28 10:24:00.000000000,BEST_BID,"JPM,99505,235"
2019-06-28 10:24:00.000000000,BEST_ASK,"JPM,99542,170"
2019-06-28 10:24:00.000000000,LAST_TRADE,"1,$99505.0000"
2019-06-28 10:24:00.000000000,QUERY_SPREAD,85
2019-06-28 10:24:00.000000000,BEST_BID,"JPM,99505,234"
2019-06-28 10:24:00.000000000,BEST_ASK,"JPM,99542,170"
2019-06-28 10:24:00.000000000,LAST_TRADE,"1,$99505.0000"
2019-06-28 10:24:00.000000000,QUERY_SPREAD,86
2019-06-28 10:24:00.000000000,BEST_BID,"JPM,99505,228"
2019-06-28 10:24:00.000000000,BEST_ASK,"JPM,99542,170"
2019-06-28 10:24:00.000000000,LAST_TRADE,"6,$99505.0000"
2019-06-28 10:24:00.000000000,QUERY_SPREAD,87
2019-06-28 10:24:00.000000000,BEST_BID,"JPM,99505,225"
2019-06-28 10:24:00.000000000,BEST_ASK,"JPM,99542,170"
2019-06-28 10:24:00.000000000,LAST_TRADE,"3,$99505.0000"
2019-06-28 10:24:00.000000000,QUERY_SPREAD,88
2019-06-28 10:24:00.000000000,BEST_BID,"JPM,99505,221"
2019-06-28 10:24:00.000000000,BEST_ASK,"JPM,99542,170"
2019-06-28 10:24:00.000000000,LAST_TRADE,"4,$99505.0000"
2019-06-28 10:24:00.000000000,QUERY_SPREAD,89
2019-06-28 10:24:00.000000000,BEST_BID,"JPM,99505,217"
2019-06-28 10:24:00.000000000,BEST_ASK,"JPM,99542,170"
2019-06-28 10:24:00.000000000,LAST_TRADE,"4,$99505.0000"
2019-06-28 10:24:00.000000000,QUERY_SPREAD,90
2019-06-28 10:24:00.000000000,BEST_BID,"JPM,99505,210"
2019-06-28 10:24:00.000000000,BEST_ASK,"JPM,99542,170"
2019-06-28 10:24:00.000000000,LAST_TRADE,"7,$99505.0000"
2019-06-28 10:24:00.000000000,QUERY_SPREAD,91
2019-06-28 10:24:00.000000000,BEST_BID,"JPM,99505,202"
2019-06-28 10:24:00.000000000,BEST_ASK,"JPM,99542,170"
2019-06-28 10:24:00.000000000,LAST_TRADE,"8,$99505.0000"
2019-06-28 10:24:00.000000000,QUERY_SPREAD,92
2019-06-28 10:24:00.000000000,BEST_BID,"JPM,99505,197"
2019-06-28 10:24:00.000000000,BEST_ASK,"JPM,99542,170"
2019-06-28 10:24:00.000000000,LAST_TRADE,"5,$99505.0000"
2019-06-28 10:24:00.000000000,QUERY_SPREAD,93
2019-06-28 10:24:00.000000000,BEST_BID,"JPM,99505,194"
2019-06-28 10:24:00.000000000,BEST_ASK,"JPM,99542,170"
2019-06-28 10:24:00.000000000,LAST_TRADE,"3,$99505.0000"
2019-06-28 10:24:00.000000000,QUERY_SPREAD,94
2019-06-28 10:24:00.000000000,BEST_BID,"JPM,99505,190"
2019-06-28 10:24:00.000000000,BEST_ASK,"JPM,99542,170"
2019-06-28 10:24:00.000000000,LAST_TRADE,"4,$99505.0000"
2019-06-28 10:24:00.000000000,QUERY_SPREAD,95
2019-06-28 10:24:00.000000000,BEST_BID,"JPM,99505,185"
2019-06-28 10:24:00.000000000,BEST_ASK,"JPM,99542,170"
2019-06-28 10:24:00.000000000,LAST_TRADE,"5,$99505.0000"
2019-06-28 10:24:00.000000000,QUERY_SPREAD,96
2019-06-28 10:24:00.000000000,BEST_BID,"JPM,99505,184"
2019-06-28 10:24:00.000000000,BEST_ASK,"JPM,99542,170"
2019-06-28 10:24:00.000000000,LAST_TRADE,"1,$99505.0000"
2019-06-28 10:24:00.000000000,QUERY_SPREAD,97
2019-06-28 10:24:00.000000000,BEST_BID,"JPM,99505,177"
2019-06-28 10:24:00.000000000,BEST_ASK,"JPM,99542,170"
2019-06-28 10:24:00.000000000,LAST_TRADE,"7,$99505.0000"
2019-06-28 10:24:00.000000000,QUERY_SPREAD,98
2019-06-28 10:24:00.000000000,BEST_BID,"JPM,99505,171"
2019-06-28 10:24:00.000000000,BEST_ASK,"JPM,99542,170"
2019-06-28 10:24:00.000000000,LAST_TRADE,"6,$99505.0000"
2019-06-28 10:24:00.000000000,QUERY_SPREAD,99
2019-06-28 10:24:00.000000000,BEST_BID,"JPM,99505,166"
2019-06-28 10:24:00.000000000,BEST_ASK,"JPM,99542,170"
2019-06-28 10:24:00.000000000,LAST_TRADE,"5,$99505.0000"
2019-06-28 10:24:00.000000000,QUERY_SPREAD,100
2019-06-28 10:24:00.000000000,BEST_BID,"JPM,99505,159"
2019-06-28 10:24:00.000000000,BEST_ASK,"JPM,99542,170"
2019-06-28 10:24:00.000000000,LAST_TRADE,"7,$99505.0000"
2019-06-28 10:24:00.000000000,QUERY_SPREAD,101
2019-06-28 10:24:00.000000000,QUERY_ORDER_STREAM,101
2019-06-28 10:24:10.000000000,QUERY_SPREAD,1
2019-06-28 10:24:10.000000000,BEST_BID,"JPM,99505,369"
2019-06-28 10:24:10.000000000,BEST_ASK,"JPM,99542,100"
2019-06-28 10:24:10.000000000,BEST_BID,"JPM,99505,369"
2019-06-28 10:24:10.000000000,BEST_ASK,"JPM,99542,380"
2019-06-28 10:24:18.363202878,QUERY_SPREAD,49
2019-06-28 10:24:18.363202878,BEST_BID,"JPM,99505,369"
2019-06-28 10:24:18.363202878,BEST_ASK,"JPM,99542,380"
2019-06-28 10:24:20.000000000,QUERY_SPREAD,1
2019-06-28 10:24:20.000000000,BEST_BID,"JPM,99505,184"
2019-06-28 10:24:20.000000000,BEST_ASK,"JPM,99542,100"
2019-06-28 10:24:20.000000000,BEST_BID,"JPM,99505,184"
2019-06-28 10:24:20.000000000,BEST_ASK,"JPM,99542,100"
2019-06-28 10:24:20.000000000,BEST_BID,"JPM,99505,184"
2019-06-28 10:24:20.000000000,BEST_ASK,"JPM,99542,100"
2019-06-28 10:24:20.000000000,BEST_BID,"JPM,99505,184"
2019-06-28 10:24:20.000000000,BEST_ASK,"JPM,99542,195"
2019-06-28 10:24:20.000000000,BEST_BID,"JPM,99505,184"
2019-06-28 10:24:20.000000000,BEST_ASK,"JPM,99542,195"
2019-06-28 10:24:20.000000000,BEST_BID,"JPM,99505,184"
2019-06-28 10:24:20.000000000,BEST_ASK,"JPM,99542,195"
2019-06-28 10:24:30.000000000,QUERY_SPREAD,1
2019-06-28 10:24:30.000000000,BEST_BID,"JPM,99505,145"
2019-06-28 10:24:30.000000000,BEST_ASK,"JPM,99542,100"
2019-06-28 10:24:30.000000000,BEST_BID,"JPM,99505,145"
2019-06-28 10:24:30.000000000,BEST_ASK,"JPM,99542,100"
2019-06-28 10:24:30.000000000,BEST_BID,"JPM,99505,145"
2019-06-28 10:24:30.000000000,BEST_ASK,"JPM,99542,100"
2019-06-28 10:24:30.000000000,BEST_BID,"JPM,99505,145"
2019-06-28 10:24:30.000000000,BEST_ASK,"JPM,99542,100"
2019-06-28 10:24:30.000000000,BEST_BID,"JPM,99505,145"
2019-06-28 10:24:30.000000000,BEST_ASK,"JPM,99542,100"
2019-06-28 10:24:30.000000000,BEST_BID,"JPM,99505,145"
2019-06-28 10:24:30.000000000,BEST_ASK,"JPM,99542,156"
2019-06-28 10:24:30.000000000,BEST_BID,"JPM,99505,145"
2019-06-28 10:24:30.000000000,BEST_ASK,"JPM,99542,156"
2019-06-28 10:24:30.000000000,BEST_BID,"JPM,99505,145"
2019-06-28 10:24:30.000000000,BEST_ASK,"JPM,99542,156"
2019-06-28 10:24:30.000000000,BEST_BID,"JPM,99505,145"
2019-06-28 10:24:30.000000000,BEST_ASK,"JPM,99542,156"
2019-06-28 10:24:30.000000000,BEST_BID,"JPM,99505,145"
2019-06-28 10:24:30.000000000,BEST_ASK,"JPM,99542,156"
2019-06-28 10:24:35.982720127,QUERY_ORDER_STREAM,69
2019-06-28 10:24:35.982720127,QUERY_SPREAD,69
2019-06-28 10:24:35.982720127,BEST_BID,"JPM,99505,245"
2019-06-28 10:24:35.982720127,BEST_ASK,"JPM,99542,156"
2019-06-28 10:24:40.000000000,QUERY_SPREAD,1
2019-06-28 10:24:40.000000000,BEST_BID,"JPM,99505,245"
2019-06-28 10:24:40.000000000,BEST_ASK,"JPM,99542,100"
2019-06-28 10:24:40.000000000,BEST_BID,"JPM,99505,245"
2019-06-28 10:24:40.000000000,BEST_ASK,"JPM,99542,100"
2019-06-28 10:24:40.000000000,BEST_BID,"JPM,99505,245"
2019-06-28 10:24:40.000000000,BEST_ASK,"JPM,99542,100"
2019-06-28 10:24:40.000000000,BEST_BID,"JPM,99505,245"
2019-06-28 10:24:40.000000000,BEST_ASK,"JPM,99542,100"
2019-06-28 10:24:40.000000000,BEST_BID,"JPM,99505,245"
2019-06-28 10:24:40.000000000,BEST_ASK,"JPM,99542,100"
2019-06-28 10:24:40.000000000,BEST_BID,"JPM,99505,245"
2019-06-28 10:24:40.000000000,BEST_ASK,"JPM,99542,156"
2019-06-28 10:24:40.000000000,BEST_BID,"JPM,99505,245"
2019-06-28 10:24:40.000000000,BEST_ASK,"JPM,99542,156"
2019-06-28 10:24:40.000000000,BEST_BID,"JPM,99505,245"
2019-06-28 10:24:40.000000000,BEST_ASK,"JPM,99542,156"
2019-06-28 10:24:40.000000000,BEST_BID,"JPM,99505,245"
2019-06-28 10:24:40.000000000,BEST_ASK,"JPM,99542,156"
2019-06-28 10:24:40.000000000,BEST_BID,"JPM,99505,245"
2019-06-28 10:24:40.000000000,BEST_ASK,"JPM,99542,156"
2019-06-28 10:24:44.067043433,QUERY_SPREAD,37
2019-06-28 10:24:44.067043433,BEST_BID,"JPM,99505,245"
2019-06-28 10:24:44.067043433,BEST_ASK,"JPM,99542,56"
2019-06-28 10:24:44.067043433,LAST_TRADE,"100,$99542.0000"
2019-06-28 10:24:50.000000000,QUERY_SPREAD,1
2019-06-28 10:24:50.000000000,BEST_BID,"JPM,99505,284"
2019-06-28 10:24:50.000000000,BEST_ASK,"JPM,99645,100"
2019-06-28 10:24:50.000000000,BEST_BID,"JPM,99505,284"
2019-06-28 10:24:50.000000000,BEST_ASK,"JPM,99645,100"
2019-06-28 10:24:50.000000000,BEST_BID,"JPM,99505,284"
2019-06-28 10:24:50.000000000,BEST_ASK,"JPM,99645,100"
2019-06-28 10:24:50.000000000,BEST_BID,"JPM,99505,284"
2019-06-28 10:24:50.000000000,BEST_ASK,"JPM,99645,195"
2019-06-28 10:24:50.000000000,BEST_BID,"JPM,99505,284"
2019-06-28 10:24:50.000000000,BEST_ASK,"JPM,99645,195"
2019-06-28 10:24:50.000000000,BEST_BID,"JPM,99505,284"
2019-06-28 10:24:50.000000000,BEST_ASK,"JPM,99645,195"
2019-06-28 10:24:52.187744827,QUERY_SPREAD,18
2019-06-28 10:24:52.187744827,BEST_BID,"JPM,99505,284"
2019-06-28 10:24:52.187744827,BEST_ASK,"JPM,99645,95"
2019-06-28 10:24:52.187744827,LAST_TRADE,"100,$99645.0000"
2019-06-28 10:25:00.000000000,QUERY_SPREAD,1
2019-06-28 10:25:00.000000000,BEST_BID,"JPM,99505,259"
2019-06-28 10:25:00.000000000,BEST_ASK,"JPM,99730,100"
2019-06-28 10:25:00.000000000,BEST_BID,"JPM,99505,259"
2019-06-28 10:25:00.000000000,BEST_ASK,"JPM,99730,100"
2019-06-28 10:25:00.000000000,BEST_BID,"JPM,99505,259"
2019-06-28 10:25:00.000000000,BEST_ASK,"JPM,99730,100"
2019-06-28 10:25:00.000000000,BEST_BID,"JPM,99505,259"
2019-06-28 10:25:00.000000000,BEST_ASK,"JPM,99730,100"
2019-06-28 10:25:00.000000000,BEST_BID,"JPM,99505,259"
2019-06-28 10:25:00.000000000,BEST_ASK,"JPM,99730,170"
2019-06-28 10:25:00.000000000,BEST_BID,"JPM,99505,259"
2019-06-28 10:25:00.000000000,BEST_ASK,"JPM,99730,170"
2019-06-28 10:25:00.000000000,BEST_BID,"JPM,99505,259"
2019-06-28 10:25:00.000000000,BEST_ASK,"JPM,99730,170"
2019-06-28 10:25:00.000000000,BEST_BID,"JPM,99505,259"
2019-06-28 10:25:00.000000000,BEST_ASK,"JPM,99730,170"
2019-06-28 10:25:00.000000000,QUERY_SPREAD,77
2019-06-28 10:25:00.000000000,BEST_BID,"JPM,99505,259"
2019-06-28 10:25:00.000000000,BEST_ASK,"JPM,99730,169"
2019-06-28 10:25:00.000000000,LAST_TRADE,"1,$99730.0000"
2019-06-28 10:25:00.000000000,QUERY_SPREAD,78
2019-06-28 10:25:00.000000000,BEST_BID,"JPM,99505,259"
2019-06-28 10:25:00.000000000,BEST_ASK,"JPM,99730,165"
2019-06-28 10:25:00.000000000,LAST_TRADE,"4,$99730.0000"
2019-06-28 10:25:00.000000000,QUERY_SPREAD,79
2019-06-28 10:25:00.000000000,BEST_BID,"JPM,99505,259"
2019-06-28 10:25:00.000000000,BEST_ASK,"JPM,99730,159"
2019-06-28 10:25:00.000000000,LAST_TRADE,"6,$99730.0000"
2019-06-28 10:25:00.000000000,QUERY_SPREAD,80
2019-06-28 10:25:00.000000000,BEST_BID,"JPM,99505,259"
2019-06-28 10:25:00.000000000,BEST_ASK,"JPM,99730,154"
2019-06-28 10:25:00.000000000,LAST_TRADE,"5,$99730.0000"
2019-06-28 10:25:00.000000000,QUERY_SPREAD,81
2019-06-28 10:25:00.000000000,BEST_BID,"JPM,99505,259"
2019-06-28 10:25:00.000000000,BEST_ASK,"JPM,99730,146"
2019-06-28 10:25:00.000000000,LAST_TRADE,"8,$99730.0000"
2019-06-28 10:25:00.000000000,QUERY_SPREAD,82
2019-06-28 10:25:00.000000000,BEST_BID,"JPM,99505,259"
2019-06-28 10:25:00.000000000,BEST_ASK,"JPM,99730,138"
2019-06-28 10:25:00.000000000,LAST_TRADE,"8,$99730.0000"
2019-06-28 10:25:00.000000000,QUERY_SPREAD,83
2019-06-28 10:25:00.000000000,BEST_BID,"JPM,99505,259"
2019-06-28 10:25:00.000000000,BEST_ASK,"JPM,99730,136"
2019-06-28 10:25:00.000000000,LAST_TRADE,"2,$99730.0000"
2019-06-28 10:25:00.000000000,QUERY_SPREAD,84
2019-06-28 10:25:00.000000000,BEST_BID,"JPM,99505,259"
2019-06-28 10:25:00.000000000,BEST_ASK,"JPM,99730,135"
2019-06-28 10:25:00.000000000,LAST_TRADE,"1,$99730.0000"
2019-06-28 10:25:00.000000000,QUERY_SPREAD,85
2019-06-28 10:25:00.000000000,BEST_BID,"JPM,99505,259"
2019-06-28 10:25:00.000000000,BEST_ASK,"JPM,99730,134"
2019-06-28 10:25:00.000000000,LAST_TRADE,"1,$99730.0000"
2019-06-28 10:25:00.000000000,QUERY_SPREAD,86
2019-06-28 10:25:00.000000000,BEST_BID,"JPM,99505,259"
2019-06-28 10:25:00.000000000,BEST_ASK,"JPM,99730,128"
2019-06-28 10:25:00.000000000,LAST_TRADE,"6,$99730.0000"
2019-06-28 10:25:00.000000000,QUERY_SPREAD,87
2019-06-28 10:25:00.000000000,BEST_BID,"JPM,99505,259"
2019-06-28 10:25:00.000000000,BEST_ASK,"JPM,99730,125"
2019-06-28 10:25:00.000000000,LAST_TRADE,"3,$99730.0000"
2019-06-28 10:25:00.000000000,QUERY_SPREAD,88
2019-06-28 10:25:00.000000000,BEST_BID,"JPM,99505,259"
2019-06-28 10:25:00.000000000,BEST_ASK,"JPM,99730,121"
2019-06-28 10:25:00.000000000,LAST_TRADE,"4,$99730.0000"
2019-06-28 10:25:00.000000000,QUERY_SPREAD,89
2019-06-28 10:25:00.000000000,BEST_BID,"JPM,99505,259"
2019-06-28 10:25:00.000000000,BEST_ASK,"JPM,99730,117"
2019-06-28 10:25:00.000000000,LAST_TRADE,"4,$99730.0000"
2019-06-28 10:25:00.000000000,QUERY_SPREAD,90
2019-06-28 10:25:00.000000000,BEST_BID,"JPM,99505,259"
2019-06-28 10:25:00.000000000,BEST_ASK,"JPM,99730,110"
2019-06-28 10:25:00.000000000,LAST_TRADE,"7,$99730.0000"
2019-06-28 10:25:00.000000000,QUERY_SPREAD,91
2019-06-28 10:25:00.000000000,BEST_BID,"JPM,99505,259"
2019-06-28 10:25:00.000000000,BEST_ASK,"JPM,99730,102"
2019-06-28 10:25:00.000000000,LAST_TRADE,"8,$99730.0000"
2019-06-28 10:25:00.000000000,QUERY_SPREAD,92
2019-06-28 10:25:00.000000000,BEST_BID,"JPM,99505,259"
2019-06-28 10:25:00.000000000,BEST_ASK,"JPM,99730,97"
2019-06-28 10:25:00.000000000,LAST_TRADE,"5,$99730.0000"
2019-06-28 10:25:00.000000000,QUERY_SPREAD,93
2019-06-28 10:25:00.000000000,BEST_BID,"JPM,99505,259"
2019-06-28 10:25:00.000000000,BEST_ASK,"JPM,99730,94"
2019-06-28 10:25:00.000000000,LAST_TRADE,"3,$99730.0000"
2019-06-28 10:25:00.000000000,QUERY_SPREAD,94
2019-06-28 10:25:00.000000000,BEST_BID,"JPM,99505,259"
2019-06-28 10:25:00.000000000,BEST_ASK,"JPM,99730,90"
2019-06-28 10:25:00.000000000,LAST_TRADE,"4,$99730.0000"
2019-06-28 10:25:00.000000000,QUERY_SPREAD,95
2019-06-28 10:25:00.000000000,BEST_BID,"JPM,99505,259"
2019-06-28 10:25:00.000000000,BEST_ASK,"JPM,99730,85"
2019-06-28 10:25:00.000000000,LAST_TRADE,"5,$99730.0000"
2019-06-28 10:25:00.000000000,QUERY_SPREAD,96
2019-06-28 10:25:00.000000000,BEST_BID,"JPM,99505,259"
2019-06-28 10:25:00.000000000,BEST_ASK,"JPM,99730,84"
2019-06-28 10:25:00.000000000,LAST_TRADE,"1,$99730.0000"
2019-06-28 10:25:00.000000000,QUERY_SPREAD,97
2019-06-28 10:25:00.000000000,BEST_BID,"JPM,99505,259"
2019-06-28 10:25:00.000000000,BEST_ASK,"JPM,99730,77"
2019-06-28 10:25:00.000000000,LAST_TRADE,"7,$99730.0000"
2019-06-28 10:25:00.000000000,QUERY_SPREAD,98
2019-06-28 10:25:00.000000000,BEST_BID,"JPM,99505,259"
2019-06-28 10:25:00.000000000,BEST_ASK,"JPM,99730,71"
2019-06-28 10:25:00.000000000,LAST_TRADE,"6,$99730.0000"
2019-06-28 10:25:00.000000000,QUERY_SPREAD,99
2019-06-28 10:25:00.000000000,BEST_BID,"JPM,99505,259"
2019-06-28 10:25:00.000000000,BEST_ASK,"JPM,99730,66"
2019-06-28 10:25:00.000000000,LAST_TRADE,"5,$99730.0000"
2019-06-28 10:25:00.000000000,QUERY_SPREAD,100
2019-06-28 10:25:00.000000000,BEST_BID,"JPM,99505,259"
2019-06-28 10:25:00.000000000,BEST_ASK,"JPM,99730,59"
2019-06-28 10:25:00.000000000,LAST_TRADE,"7,$99730.0000"
2019-06-28 10:25:00.000000000,QUERY_SPREAD,101
2019-06-28 10:25:00.000000000,QUERY_ORDER_STREAM,101
2019-06-28 10:25:10.000000000,QUERY_SPREAD,1
2019-06-28 10:25:10.000000000,BEST_BID,"JPM,99505,245"
2019-06-28 10:25:10.000000000,BEST_ASK,"JPM,99750,100"
2019-06-28 10:25:10.000000000,BEST_BID,"JPM,99505,245"
2019-06-28 10:25:10.000000000,BEST_ASK,"JPM,99750,100"
2019-06-28 10:25:10.000000000,BEST_BID,"JPM,99505,245"
2019-06-28 10:25:10.000000000,BEST_ASK,"JPM,99750,100"
2019-06-28 10:25:10.000000000,BEST_BID,"JPM,99505,245"
2019-06-28 10:25:10.000000000,BEST_ASK,"JPM,99750,100"
2019-06-28 10:25:10.000000000,BEST_BID,"JPM,99505,245"
2019-06-28 10:25:10.000000000,BEST_ASK,"JPM,99750,100"
2019-06-28 10:25:10.000000000,BEST_BID,"JPM,99505,245"
2019-06-28 10:25:10.000000000,BEST_ASK,"JPM,99750,156"
2019-06-28 10:25:10.000000000,BEST_BID,"JPM,99505,245"
2019-06-28 10:25:10.000000000,BEST_ASK,"JPM,99750,156"
2019-06-28 10:25:10.000000000,BEST_BID,"JPM,99505,245"
2019-06-28 10:25:10.000000000,BEST_ASK,"JPM,99750,156"
2019-06-28 10:25:10.000000000,BEST_BID,"JPM,99505,245"
2019-06-28 10:25:10.000000000,BEST_ASK,"JPM,99750,156"
2019-06-28 10:25:10.000000000,BEST_BID,"JPM,99505,245"
2019-06-28 10:25:10.000000000,BEST_ASK,"JPM,99750,156"
2019-06-28 10:25:20.000000000,QUERY_SPREAD,1
2019-06-28 10:25:20.000000000,BEST_BID,"JPM,99505,284"
2019-06-28 10:25:20.000000000,BEST_ASK,"JPM,99750,100"
2019-06-28 10:25:20.000000000,BEST_BID,"JPM,99505,284"
2019-06-28 10:25:20.000000000,BEST_ASK,"JPM,99750,100"
2019-06-28 10:25:20.000000000,BEST_BID,"JPM,99505,284"
2019-06-28 10:25:20.000000000,BEST_ASK,"JPM,99750,100"
2019-06-28 10:25:20.000000000,BEST_BID,"JPM,99505,284"
2019-06-28 10:25:20.000000000,BEST_ASK,"JPM,99750,195"
2019-06-28 10:25:20.000000000,BEST_BID,"JPM,99505,284"
2019-06-28 10:25:20.000000000,BEST_ASK,"JPM,99750,195"
2019-06-28 10:25:20.000000000,BEST_BID,"JPM,99505,284"
2019-06-28 10:25:20.000000000,BEST_ASK,"JPM,99750,195"
2019-06-28 10:25:30.000000000,QUERY_SPREAD,1
2019-06-28 10:25:30.000000000,BEST_BID,"JPM,99505,329"
2019-06-28 10:25:30.000000000,BEST_ASK,"JPM,99750,100"
2019-06-28 10:25:30.000000000,BEST_BID,"JPM,99505,329"
2019-06-28 10:25:30.000000000,BEST_ASK,"JPM,99750,100"
2019-06-28 10:25:30.000000000,BEST_BID,"JPM,99505,329"
2019-06-28 10:25:30.000000000,BEST_ASK,"JPM,99750,240"
2019-06-28 10:25:30.000000000,BEST_BID,"JPM,99505,329"
2019-06-28 10:25:30.000000000,BEST_ASK,"JPM,99750,240"
2019-06-28 10:25:40.000000000,QUERY_SPREAD,1
2019-06-28 10:25:40.000000000,BEST_BID,"JPM,99505,284"
2019-06-28 10:25:40.000000000,BEST_ASK,"JPM,99750,100"
2019-06-28 10:25:40.000000000,BEST_BID,"JPM,99505,284"
2019-06-28 10:25:40.000000000,BEST_ASK,"JPM,99750,100"
2019-06-28 10:25:40.000000000,BEST_BID,"JPM,99505,284"
2019-06-28 10:25:40.000000000,BEST_ASK,"JPM,99750,100"
2019-06-28 10:25:40.000000000,BEST_BID,"JPM,99505,284"
2019-06-28 10:25:40.000000000,BEST_ASK,"JPM,99750,195"
2019-06-28 10:25:40.000000000,BEST_BID,"JPM,99505,284"
2019-06-28 10:25:40.000000000,BEST_ASK,"JPM,99750,195"
2019-06-28 10:25:40.000000000,BEST_BID,"JPM,99505,284"
2019-06-28 10:25:40.000000000,BEST_ASK,"JPM,99750,195"
2019-06-28 10:25:44.081802830,QUERY_SPREAD,5
2019-06-28 10:25:44.081802830,BEST_BID,"JPM,99505,284"
2019-06-28 10:25:44.081802830,BEST_ASK,"JPM,99750,195"
2019-06-28 10:25:47.182957187,QUERY_SPREAD,18
2019-06-28 10:25:47.182957187,BEST_BID,"JPM,99737,100"
2019-06-28 10:25:47.182957187,BEST_ASK,"JPM,99750,195"
2019-06-28 10:25:49.355046511,QUERY_ORDER_STREAM,71
2019-06-28 10:25:49.355046511,QUERY_SPREAD,71
2019-06-28 10:25:50.000000000,QUERY_SPREAD,1
2019-06-28 10:25:50.000000000,BEST_BID,"JPM,99737,240"
2019-06-28 10:25:50.000000000,BEST_ASK,"JPM,99750,100"
2019-06-28 10:25:50.000000000,BEST_BID,"JPM,99737,240"
2019-06-28 10:25:50.000000000,BEST_ASK,"JPM,99750,100"
2019-06-28 10:25:50.000000000,BEST_BID,"JPM,99737,240"
2019-06-28 10:25:50.000000000,BEST_ASK,"JPM,99750,240"
2019-06-28 10:25:50.000000000,BEST_BID,"JPM,99737,240"
2019-06-28 10:25:50.000000000,BEST_ASK,"JPM,99750,240"
2019-06-28 10:25:50.857283299,QUERY_SPREAD,18
2019-06-28 10:25:50.857283299,BEST_BID,"JPM,99737,140"
2019-06-28 10:25:50.857283299,BEST_ASK,"JPM,99741,100"
2019-06-28 10:25:51.189507737,QUERY_SPREAD,18
2019-06-28 10:25:51.189507737,BEST_BID,"JPM,99737,140"
2019-06-28 10:25:51.189507737,BEST_ASK,"JPM,99750,240"
2019-06-28 10:26:00.000000000,QUERY_SPREAD,1
2019-06-28 10:26:00.000000000,BEST_BID,"JPM,99505,259"
2019-06-28 10:26:00.000000000,BEST_ASK,"JPM,99750,100"
2019-06-28 10:26:00.000000000,BEST_BID,"JPM,99505,259"
2019-06-28 10:26:00.000000000,BEST_ASK,"JPM,99750,100"
2019-06-28 10:26:00.000000000,BEST_BID,"JPM,99505,259"
2019-06-28 10:26:00.000000000,BEST_ASK,"JPM,99750,100"
2019-06-28 10:26:00.000000000,BEST_BID,"JPM,99505,259"
2019-06-28 10:26:00.000000000,BEST_ASK,"JPM,99750,100"
2019-06-28 10:26:00.000000000,BEST_BID,"JPM,99505,259"
2019-06-28 10:26:00.000000000,BEST_ASK,"JPM,99750,170"
2019-06-28 10:26:00.000000000,BEST_BID,"JPM,99505,259"
2019-06-28 10:26:00.000000000,BEST_ASK,"JPM,99750,170"
2019-06-28 10:26:00.000000000,BEST_BID,"JPM,99505,259"
2019-06-28 10:26:00.000000000,BEST_ASK,"JPM,99750,170"
2019-06-28 10:26:00.000000000,BEST_BID,"JPM,99505,259"
2019-06-28 10:26:00.000000000,BEST_ASK,"JPM,99750,170"
2019-06-28 10:26:00.000000000,QUERY_SPREAD,77
2019-06-28 10:26:00.000000000,BEST_BID,"JPM,99505,259"
2019-06-28 10:26:00.000000000,BEST_ASK,"JPM,99750,169"
2019-06-28 10:26:00.000000000,LAST_TRADE,"1,$99750.0000"
2019-06-28 10:26:00.000000000,QUERY_SPREAD,78
2019-06-28 10:26:00.000000000,BEST_BID,"JPM,99505,259"
2019-06-28 10:26:00.000000000,BEST_ASK,"JPM,99750,165"
2019-06-28 10:26:00.000000000,LAST_TRADE,"4,$99750.0000"
2019-06-28 10:26:00.000000000,QUERY_SPREAD,79
2019-06-28 10:26:00.000000000,BEST_BID,"JPM,99505,259"
2019-06-28 10:26:00.000000000,BEST_ASK,"JPM,99750,159"
2019-06-28 10:26:00.000000000,LAST_TRADE,"6,$99750.0000"
2019-06-28 10:26:00.000000000,QUERY_SPREAD,80
2019-06-28 10:26:00.000000000,BEST_BID,"JPM,99505,259"
2019-06-28 10:26:00.000000000,BEST_ASK,"JPM,99750,154"
2019-06-28 10:26:00.000000000,LAST_TRADE,"5,$99750.0000"
2019-06-28 10:26:00.000000000,QUERY_SPREAD,81
2019-06-28 10:26:00.000000000,BEST_BID,"JPM,99505,259"
2019-06-28 10:26:00.000000000,BEST_ASK,"JPM,99750,146"
2019-06-28 10:26:00.000000000,LAST_TRADE,"8,$99750.0000"
2019-06-28 10:26:00.000000000,QUERY_SPREAD,82
2019-06-28 10:26:00.000000000,BEST_BID,"JPM,99505,259"
2019-06-28 10:26:00.000000000,BEST_ASK,"JPM,99750,138"
2019-06-28 10:26:00.000000000,LAST_TRADE,"8,$99750.0000"
2019-06-28 10:26:00.000000000,QUERY_SPREAD,83
2019-06-28 10:26:00.000000000,BEST_BID,"JPM,99505,259"
2019-06-28 10:26:00.000000000,BEST_ASK,"JPM,99750,136"
2019-06-28 10:26:00.000000000,LAST_TRADE,"2,$99750.0000"
2019-06-28 10:26:00.000000000,QUERY_SPREAD,84
2019-06-28 10:26:00.000000000,BEST_BID,"JPM,99505,259"
2019-06-28 10:26:00.000000000,BEST_ASK,"JPM,99750,135"
2019-06-28 10:26:00.000000000,LAST_TRADE,"1,$99750.0000"
2019-06-28 10:26:00.000000000,QUERY_SPREAD,85
2019-06-28 10:26:00.000000000,BEST_BID,"JPM,99505,259"
2019-06-28 10:26:00.000000000,BEST_ASK,"JPM,99750,134"
2019-06-28 10:26:00.000000000,LAST_TRADE,"1,$99750.0000"
2019-06-28 10:26:00.000000000,QUERY_SPREAD,86
2019-06-28 10:26:00.000000000,BEST_BID,"JPM,99505,259"
2019-06-28 10:26:00.000000000,BEST_ASK,"JPM,99750,128"
2019-06-28 10:26:00.000000000,LAST_TRADE,"6,$99750.0000"
2019-06-28 10:26:00.000000000,QUERY_SPREAD,87
2019-06-28 10:26:00.000000000,BEST_BID,"JPM,99505,259"
2019-06-28 10:26:00.000000000,BEST_ASK,"JPM,99750,125"
2019-06-28 10:26:00.000000000,LAST_TRADE,"3,$99750.0000"
2019-06-28 10:26:00.000000000,QUERY_SPREAD,88
2019-06-28 10:26:00.000000000,BEST_BID,"JPM,99505,259"
2019-06-28 10:26:00.000000000,BEST_ASK,"JPM,99750,121"
2019-06-28 10:26:00.000000000,LAST_TRADE,"4,$99750.0000"
2019-06-28 10:26:00.000000000,QUERY_SPREAD,89
2019-06-28 10:26:00.000000000,BEST_BID,"JPM,99505,259"
2019-06-28 10:26:00.000000000,BEST_ASK,"JPM,99750,117"
2019-06-28 10:26:00.000000000,LAST_TRADE,"4,$99750.0000"
2019-06-28 10:26:00.000000000,QUERY_SPREAD,90
2019-06-28 10:26:00.000000000,BEST_BID,"JPM,99505,259"
2019-06-28 10:26:00.000000000,BEST_ASK,"JPM,99750,110"
2019-06-28 10:26:00.000000000,LAST_TRADE,"7,$99750.0000"
2019-06-28 10:26:00.000000000,QUERY_SPREAD,91
2019-06-28 10:26:00.000000000,BEST_BID,"JPM,99505,259"
2019-06-28 10:26:00.000000000,BEST_ASK,"JPM,99750,102"
2019-06-28 10:26:00.000000000,LAST_TRADE,"8,$99750.0000"
2019-06-28 10:26:00.000000000,QUERY_SPREAD,92
2019-06-28 10:26:00.000000000,BEST_BID,"JPM,99505,259"
2019-06-28 10:26:00.000000000,BEST_ASK,"JPM,99750,97"
2019-06-28 10:26:00.000000000,LAST_TRADE,"5,$99750.0000"
2019-06-28 10:26:00.000000000,QUERY_SPREAD,93
2019-06-28 10:26:00.000000000,BEST_BID,"JPM,99505,259"
2019-06-28 10:26:00.000000000,BEST_ASK,"JPM,99750,94"
2019-06-28 10:26:00.000000000,LAST_TRADE,"3,$99750.0000"
2019-06-28 10:26:00.000000000,QUERY_SPREAD,94
2019-06-28 10:26:00.000000000,BEST_BID,"JPM,99505,259"
2019-06-28 10:26:00.000000000,BEST_ASK,"JPM,99750,90"
2019-06-28 10:26:00.000000000,LAST_TRADE,"4,$99750.0000"
2019-06-28 10:26:00.000000000,QUERY_SPREAD,95
2019-06-28 10:26:00.000000000,BEST_BID,"JPM,99505,259"
2019-06-28 10:26:00.000000000,BEST_ASK,"JPM,99750,85"
2019-06-28 10:26:00.000000000,LAST_TRADE,"5,$99750.0000"
2019-06-28 10:26:00.000000000,QUERY_SPREAD,96
2019-06-28 10:26:00.000000000,BEST_BID,"JPM,99505,259"
2019-06-28 10:26:00.000000000,BEST_ASK,"JPM,99750,84"
2019-06-28 10:26:00.000000000,LAST_TRADE,"1,$99750.0000"
2019-06-28 10:26:00.000000000,QUERY_SPREAD,97
2019-06-28 10:26:00.000000000,BEST_BID,"JPM,99505,259"
2019-06-28 10:26:00.000000000,BEST_ASK,"JPM,99750,77"
2019-06-28 10:26:00.000000000,LAST_TRADE,"7,$99750.0000"
2019-06-28 10:26:00.000000000,QUERY_SPREAD,98
2019-06-28 10:26:00.000000000,BEST_BID,"JPM,99505,259"
2019-06-28 10:26:00.000000000,BEST_ASK,"JPM,99750,71"
2019-06-28 10:26:00.000000000,LAST_TRADE,"6,$99750.0000"
2019-06-28 10:26:00.000000000,QUERY_SPREAD,99
2019-06-28 10:26:00.000000000,BEST_BID,"JPM,99505,259"
2019-06-28 10:26:00.000000000,BEST_ASK,"JPM,99750,66"
2019-06-28 10:26:00.000000000,LAST_TRADE,"5,$99750.0000"
2019-06-28 10:26:00.000000000,QUERY_SPREAD,100
2019-06-28 10:26:00.000000000,BEST_BID,"JPM,99505,259"
2019-06-28 10:26:00.000000000,BEST_ASK,"JPM,99750,59"
2019-06-28 10:26:00.000000000,LAST_TRADE,"7,$99750.0000"
2019-06-28 10:26:00.000000000,QUERY_SPREAD,101
2019-06-28 10:26:00.000000000,QUERY_ORDER_STREAM,101
2019-06-28 10:26:00.327070589,QUERY_SPREAD,36
2019-06-28 10:26:00.327070589,BEST_BID,"JPM,99505,259"
2019-06-28 10:26:00.327070589,BEST_ASK,"JPM,99750,59"
2019-06-28 10:26:10.000000000,QUERY_SPREAD,1
2019-06-28 10:26:10.000000000,BEST_BID,"JPM,99505,259"
2019-06-28 10:26:10.000000000,BEST_ASK,"JPM,99799,100"
2019-06-28 10:26:10.000000000,BEST_BID,"JPM,99505,259"
2019-06-28 10:26:10.000000000,BEST_ASK,"JPM,99799,100"
2019-06-28 10:26:10.000000000,BEST_BID,"JPM,99505,259"
2019-06-28 10:26:10.000000000,BEST_ASK,"JPM,99799,100"
2019-06-28 10:26:10.000000000,BEST_BID,"JPM,99505,259"
2019-06-28 10:26:10.000000000,BEST_ASK,"JPM,99799,100"
2019-06-28 10:26:10.000000000,BEST_BID,"JPM,99505,259"
2019-06-28 10:26:10.000000000,BEST_ASK,"JPM,99799,170"
2019-06-28 10:26:10.000000000,BEST_BID,"JPM,99505,259"
2019-06-28 10:26:10.000000000,BEST_ASK,"JPM,99799,170"
2019-06-28 10:26:10.000000000,BEST_BID,"JPM,99505,259"
2019-06-28 10:26:10.000000000,BEST_ASK,"JPM,99799,170"
2019-06-28 10:26:10.000000000,BEST_BID,"JPM,99505,259"
2019-06-28 10:26:10.000000000,BEST_ASK,"JPM,99799,170"
2019-06-28 10:26:20.000000000,QUERY_SPREAD,1
2019-06-28 10:26:20.000000000,BEST_BID,"JPM,99505,284"
2019-06-28 10:26:20.000000000,BEST_ASK,"JPM,99799,100"
2019-06-28 10:26:20.000000000,BEST_BID,"JPM,99505,284"
2019-06-28 10:26:20.000000000,BEST_ASK,"JPM,99799,100"
2019-06-28 10:26:20.000000000,BEST_BID,"JPM,99505,284"
2019-06-28 10:26:20.000000000,BEST_ASK,"JPM,99799,100"
2019-06-28 10:26:20.000000000,BEST_BID,"JPM,99505,284"
2019-06-28 10:26:20.000000000,BEST_ASK,"JPM,99799,195"
2019-06-28 10:26:20.000000000,BEST_BID,"JPM,99505,284"
2019-06-28 10:26:20.000000000,BEST_ASK,"JPM,99799,195"
2019-06-28 10:26:20.000000000,BEST_BID,"JPM,99505,284"
2019-06-28 10:26:20.000000000,BEST_ASK,"JPM,99799,195"
2019-06-28 10:26:30.000000000,QUERY_SPREAD,1
2019-06-28 10:26:30.000000000,BEST_BID,"JPM,99505,245"
2019-06-28 10:26:30.000000000,BEST_ASK,"JPM,99799,100"
2019-06-28 10:26:30.000000000,BEST_BID,"JPM,99505,245"
2019-06-28 10:26:30.000000000,BEST_ASK,"JPM,99799,100"
2019-06-28 10:26:30.000000000,BEST_BID,"JPM,99505,245"
2019-06-28 10:26:30.000000000,BEST_ASK,"JPM,99799,100"
2019-06-28 10:26:30.000000000,BEST_BID,"JPM,99505,245"
2019-06-28 10:26:30.000000000,BEST_ASK,"JPM,99799,100"
2019-06-28 10:26:30.000000000,BEST_BID,"JPM,99505,245"
2019-06-28 10:26:30.000000000,BEST_ASK,"JPM,99799,100"
2019-06-28 10:26:30.000000000,BEST_BID,"JPM,99505,245"
2019-06-28 10:26:30.000000000,BEST_ASK,"JPM,99799,156"
2019-06-28 10:26:30.000000000,BEST_BID,"JPM,99505,245"
2019-06-28 10:26:30.000000000,BEST_ASK,"JPM,99799,156"
2019-06-28 10:26:30.000000000,BEST_BID,"JPM,99505,245"
2019-06-28 10:26:30.000000000,BEST_ASK,"JPM,99799,156"
2019-06-28 10:26:30.000000000,BEST_BID,"JPM,99505,245"
2019-06-28 10:26:30.000000000,BEST_ASK,"JPM,99799,156"
2019-06-28 10:26:30.000000000,BEST_BID,"JPM,99505,245"
2019-06-28 10:26:30.000000000,BEST_ASK,"JPM,99799,156"
2019-06-28 10:26:33.161413993,QUERY_SPREAD,43
2019-06-28 10:26:33.161413993,BEST_BID,"JPM,99505,245"
2019-06-28 10:26:33.161413993,BEST_ASK,"JPM,99799,156"
2019-06-28 10:26:40.000000000,QUERY_SPREAD,1
2019-06-28 10:26:40.000000000,BEST_BID,"JPM,99505,284"
2019-06-28 10:26:40.000000000,BEST_ASK,"JPM,99799,100"
2019-06-28 10:26:40.000000000,BEST_BID,"JPM,99505,284"
2019-06-28 10:26:40.000000000,BEST_ASK,"JPM,99799,100"
2019-06-28 10:26:40.000000000,BEST_BID,"JPM,99505,284"
2019-06-28 10:26:40.000000000,BEST_ASK,"JPM,99799,100"
2019-06-28 10:26:40.000000000,BEST_BID,"JPM,99505,284"
2019-06-28 10:26:40.000000000,BEST_ASK,"JPM,99799,195"
2019-06-28 10:26:40.000000000,BEST_BID,"JPM,99505,284"
2019-06-28 10:26:40.000000000,BEST_ASK,"JPM,99799,195"
2019-06-28 10:26:40.000000000,BEST_BID,"JPM,99505,284"
2019-06-28 10:26:40.000000000,BEST_ASK,"JPM,99799,195"
2019-06-28 10:26:41.404685487,QUERY_SPREAD,28
2019-06-28 10:26:41.404685487,BEST_BID,"JPM,99505,284"
2019-06-28 10:26:41.404685487,BEST_ASK,"JPM,99799,195"
2019-06-28 10:26:50.000000000,QUERY_SPREAD,1
2019-06-28 10:26:50.000000000,BEST_BID,"JPM,99505,245"
2019-06-28 10:26:50.000000000,BEST_ASK,"JPM,99799,100"
2019-06-28 10:26:50.000000000,BEST_BID,"JPM,99505,245"
2019-06-28 10:26:50.000000000,BEST_ASK,"JPM,99799,100"
2019-06-28 10:26:50.000000000,BEST_BID,"JPM,99505,245"
2019-06-28 10:26:50.000000000,BEST_ASK,"JPM,99799,100"
2019-06-28 10:26:50.000000000,BEST_BID,"JPM,99505,245"
2019-06-28 10:26:50.000000000,BEST_ASK,"JPM,99799,100"
2019-06-28 10:26:50.000000000,BEST_BID,"JPM,99505,245"
2019-06-28 10:26:50.000000000,BEST_ASK,"JPM,99799,100"
2019-06-28 10:26:50.000000000,BEST_BID,"JPM,99505,245"
2019-06-28 10:26:50.000000000,BEST_ASK,"JPM,99799,156"
2019-06-28 10:26:50.000000000,BEST_BID,"JPM,99505,245"
2019-06-28 10:26:50.000000000,BEST_ASK,"JPM,99799,156"
2019-06-28 10:26:50.000000000,BEST_BID,"JPM,99505,245"
2019-06-28 10:26:50.000000000,BEST_ASK,"JPM,99799,156"
2019-06-28 10:26:50.000000000,BEST_BID,"JPM,99505,245"
2019-06-28 10:26:50.000000000,BEST_ASK,"JPM,99799,156"
2019-06-28 10:26:50.000000000,BEST_BID,"JPM,99505,245"
2019-06-28 10:26:50.000000000,BEST_ASK,"JPM,99799,156"
2019-06-28 10:26:51.356444153,QUERY_SPREAD,4
2019-06-28 10:26:51.356444153,BEST_BID,"JPM,99505,245"
2019-06-28 10:26:51.356444153,BEST_ASK,"JPM,99799,56"
2019-06-28 10:26:51.356444153,LAST_TRADE,"100,$99799.0000"
2019-06-28 10:27:00.000000000,QUERY_SPREAD,1
2019-06-28 10:27:00.000000000,BEST_BID,"JPM,99505,284"
2019-06-28 10:27:00.000000000,BEST_ASK,"JPM,99843,100"
2019-06-28 10:27:00.000000000,BEST_BID,"JPM,99505,284"
2019-06-28 10:27:00.000000000,BEST_ASK,"JPM,99843,100"
2019-06-28 10:27:00.000000000,BEST_BID,"JPM,99505,284"
2019-06-28 10:27:00.000000000,BEST_ASK,"JPM,99843,100"
2019-06-28 10:27:00.000000000,BEST_BID,"JPM,99505,284"
2019-06-28 10:27:00.000000000,BEST_ASK,"JPM,99843,195"
2019-06-28 10:27:00.000000000,BEST_BID,"JPM,99505,284"
2019-06-28 10:27:00.000000000,BEST_ASK,"JPM,99843,195"
2019-06-28 10:27:00.000000000,BEST_BID,"JPM,99505,284"
2019-06-28 10:27:00.000000000,BEST_ASK,"JPM,99843,195"
2019-06-28 10:27:00.000000000,QUERY_SPREAD,77
2019-06-28 10:27:00.000000000,BEST_BID,"JPM,99505,284"
2019-06-28 10:27:00.000000000,BEST_ASK,"JPM,99843,194"
2019-06-28 10:27:00.000000000,LAST_TRADE,"1,$99843.0000"
2019-06-28 10:27:00.000000000,QUERY_SPREAD,78
2019-06-28 10:27:00.000000000,BEST_BID,"JPM,99505,284"
2019-06-28 10:27:00.000000000,BEST_ASK,"JPM,99843,190"
2019-06-28 10:27:00.000000000,LAST_TRADE,"4,$99843.0000"
2019-06-28 10:27:00.000000000,QUERY_SPREAD,79
2019-06-28 10:27:00.000000000,BEST_BID,"JPM,99505,284"
2019-06-28 10:27:00.000000000,BEST_ASK,"JPM,99843,184"
2019-06-28 10:27:00.000000000,LAST_TRADE,"6,$99843.0000"
2019-06-28 10:27:00.000000000,QUERY_SPREAD,80
2019-06-28 10:27:00.000000000,BEST_BID,"JPM,99505,284"
2019-06-28 10:27:00.000000000,BEST_ASK,"JPM,99843,179"
2019-06-28 10:27:00.000000000,LAST_TRADE,"5,$99843.0000"
2019-06-28 10:27:00.000000000,QUERY_SPREAD,81
2019-06-28 10:27:00.000000000,BEST_BID,"JPM,99505,284"
2019-06-28 10:27:00.000000000,BEST_ASK,"JPM,99843,171"
2019-06-28 10:27:00.000000000,LAST_TRADE,"8,$99843.0000"
2019-06-28 10:27:00.000000000,QUERY_SPREAD,82
2019-06-28 10:27:00.000000000,BEST_BID,"JPM,99505,284"
2019-06-28 10:27:00.000000000,BEST_ASK,"JPM,99843,163"
2019-06-28 10:27:00.000000000,LAST_TRADE,"8,$99843.0000"
2019-06-28 10:27:00.000000000,QUERY_SPREAD,83
2019-06-28 10:27:00.000000000,BEST_BID,"JPM,99505,284"
2019-06-28 10:27:00.000000000,BEST_ASK,"JPM,99843,161"
2019-06-28 10:27:00.000000000,LAST_TRADE,"2,$99843.0000"
2019-06-28 10:27:00.000000000,QUERY_SPREAD,84
2019-06-28 10:27:00.000000000,BEST_BID,"JPM,99505,284"
2019-06-28 10:27:00.000000000,BEST_ASK,"JPM,99843,160"
2019-06-28 10:27:00.000000000,LAST_TRADE,"1,$99843.0000"
2019-06-28 10:27:00.000000000,QUERY_SPREAD,85
2019-06-28 10:27:00.000000000,BEST_BID,"JPM,99505,284"
2019-06-28 10:27:00.000000000,BEST_ASK,"JPM,99843,159"
2019-06-28 10:27:00.000000000,LAST_TRADE,"1,$99843.0000"
2019-06-28 10:27:00.000000000,QUERY_SPREAD,86
2019-06-28 10:27:00.000000000,BEST_BID,"JPM,99505,284"
2019-06-28 10:27:00.000000000,BEST_ASK,"JPM,99843,153"
2019-06-28 10:27:00.000000000,LAST_TRADE,"6,$99843.0000"
2019-06-28 10:27:00.000000000,QUERY_SPREAD,87
2019-06-28 10:27:00.000000000,BEST_BID,"JPM,99505,284"
2019-06-28 10:27:00.000000000,BEST_ASK,"JPM,99843,150"
2019-06-28 10:27:00.000000000,LAST_TRADE,"3,$99843.0000"
2019-06-28 10:27:00.000000000,QUERY_SPREAD,88
2019-06-28 10:27:00.000000000,BEST_BID,"JPM,99505,284"
2019-06-28 10:27:00.000000000,BEST_ASK,"JPM,99843,146"
2019-06-28 10:27:00.000000000,LAST_TRADE,"4,$99843.0000"
2019-06-28 10:27:00.000000000,QUERY_SPREAD,89
2019-06-28 10:27:00.000000000,BEST_BID,"JPM,99505,284"
2019-06-28 10:27:00.000000000,BEST_ASK,"JPM,99843,142"
2019-06-28 10:27:00.000000000,LAST_TRADE,"4,$99843.0000"
2019-06-28 10:27:00.000000000,QUERY_SPREAD,90
2019-06-28 10:27:00.000000000,BEST_BID,"JPM,99505,284"
2019-06-28 10:27:00.000000000,BEST_ASK,"JPM,99843,135"
2019-06-28 10:27:00.000000000,LAST_TRADE,"7,$99843.0000"
2019-06-28 10:27:00.000000000,QUERY_SPREAD,91
2019-06-28 10:27:00.000000000,BEST_BID,"JPM,99505,284"
2019-06-28 10:27:00.000000000,BEST_ASK,"JPM,99843,127"
2019-06-28 10:27:00.000000000,LAST_TRADE,"8,$99843.0000"
2019-06-28 10:27:00.000000000,QUERY_SPREAD,92
2019-06-28 10:27:00.000000000,BEST_BID,"JPM,99505,284"
2019-06-28 10:27:00.000000000,BEST_ASK,"JPM,99843,122"
2019-06-28 10:27:00.000000000,LAST_TRADE,"5,$99843.0000"
2019-06-28 10:27:00.000000000,QUERY_SPREAD,93
2019-06-28 10:27:00.000000000,BEST_BID,"JPM,99505,284"
2019-06-28 10:27:00.000000000,BEST_ASK,"JPM,99843,119"
2019-06-28 10:27:00.000000000,LAST_TRADE,"3,$99843.0000"
2019-06-28 10:27:00.000000000,QUERY_SPREAD,94
2019-06-28 10:27:00.000000000,BEST_BID,"JPM,99505,284"
2019-06-28 10:27:00.000000000,BEST_ASK,"JPM,99843,115"
2019-06-28 10:27:00.000000000,LAST_TRADE,"4,$99843.0000"
2019-06-28 10:27:00.000000000,QUERY_SPREAD,95
2019-06-28 10:27:00.000000000,BEST_BID,"JPM,99505,284"
2019-06-28 10:27:00.000000000,BEST_ASK,"JPM,99843,110"
2019-06-28 10:27:00.000000000,LAST_TRADE,"5,$99843.0000"
2019-06-28 10:27:00.000000000,QUERY_SPREAD,96
2019-06-28 10:27:00.000000000,BEST_BID,"JPM,99505,284"
2019-06-28 10:27:00.000000000,BEST_ASK,"JPM,99843,109"
2019-06-28 10:27:00.000000000,LAST_TRADE,"1,$99843.0000"
2019-06-28 10:27:00.000000000,QUERY_SPREAD,97
2019-06-28 10:27:00.000000000,BEST_BID,"JPM,99505,284"
2019-06-28 10:27:00.000000000,BEST_ASK,"JPM,99843,102"
2019-06-28 10:27:00.000000000,LAST_TRADE,"7,$99843.0000"
2019-06-28 10:27:00.000000000,QUERY_SPREAD,98
2019-06-28 10:27:00.000000000,BEST_BID,"JPM,99505,284"
2019-06-28 10:27:00.000000000,BEST_ASK,"JPM,99843,96"
2019-06-28 10:27:00.000000000,LAST_TRADE,"6,$99843.0000"
2019-06-28 10:27:00.000000000,QUERY_SPREAD,99
2019-06-28 10:27:00.000000000,BEST_BID,"JPM,99505,284"
2019-06-28 10:27:00.000000000,BEST_ASK,"JPM,99843,91"
2019-06-28 10:27:00.000000000,LAST_TRADE,"5,$99843.0000"
2019-06-28 10:27:00.000000000,QUERY_SPREAD,100
2019-06-28 10:27:00.000000000,BEST_BID,"JPM,99505,284"
2019-06-28 10:27:00.000000000,BEST_ASK,"JPM,99843,84"
2019-06-28 10:27:00.000000000,LAST_TRADE,"7,$99843.0000"
2019-06-28 10:27:00.000000000,QUERY_SPREAD,101
2019-06-28 10:27:00.000000000,QUERY_ORDER_STREAM,101
2019-06-28 10:27:10.000000000,QUERY_SPREAD,1
2019-06-28 10:27:10.000000000,BEST_BID,"JPM,99505,469"
2019-06-28 10:27:10.000000000,BEST_ASK,"JPM,99904,100"
2019-06-28 10:27:10.000000000,BEST_BID,"JPM,99505,469"
2019-06-28 10:27:10.000000000,BEST_ASK,"JPM,99904,380"
2019-06-28 10:27:20.000000000,QUERY_SPREAD,1
2019-06-28 10:27:20.000000000,BEST_BID,"JPM,99505,329"
2019-06-28 10:27:20.000000000,BEST_ASK,"JPM,99904,100"
2019-06-28 10:27:20.000000000,BEST_BID,"JPM,99505,329"
2019-06-28 10:27:20.000000000,BEST_ASK,"JPM,99904,100"
2019-06-28 10:27:20.000000000,BEST_BID,"JPM,99505,329"
2019-06-28 10:27:20.000000000,BEST_ASK,"JPM,99904,240"
2019-06-28 10:27:20.000000000,BEST_BID,"JPM,99505,329"
2019-06-28 10:27:20.000000000,BEST_ASK,"JPM,99904,240"
2019-06-28 10:27:20.223630841,QUERY_SPREAD,23
2019-06-28 10:27:20.223630841,BEST_BID,"JPM,99505,329"
2019-06-28 10:27:20.223630841,BEST_ASK,"JPM,99904,240"
2019-06-28 10:27:21.573301995,QUERY_SPREAD,39
2019-06-28 10:27:21.573301995,BEST_BID,"JPM,99505,329"
2019-06-28 10:27:21.573301995,BEST_ASK,"JPM,99904,140"
2019-06-28 10:27:21.573301995,LAST_TRADE,"100,$99904.0000"
2019-06-28 10:27:22.822011782,QUERY_SPREAD,14
2019-06-28 10:27:22.822011782,BEST_BID,"JPM,99505,329"
2019-06-28 10:27:22.822011782,BEST_ASK,"JPM,99904,140"
2019-06-28 10:27:30.000000000,QUERY_SPREAD,1
2019-06-28 10:27:30.000000000,BEST_BID,"JPM,99505,259"
2019-06-28 10:27:30.000000000,BEST_ASK,"JPM,99930,100"
2019-06-28 10:27:30.000000000,BEST_BID,"JPM,99505,259"
2019-06-28 10:27:30.000000000,BEST_ASK,"JPM,99930,100"
2019-06-28 10:27:30.000000000,BEST_BID,"JPM,99505,259"
2019-06-28 10:27:30.000000000,BEST_ASK,"JPM,99930,100"
2019-06-28 10:27:30.000000000,BEST_BID,"JPM,99505,259"
2019-06-28 10:27:30.000000000,BEST_ASK,"JPM,99930,100"
2019-06-28 10:27:30.000000000,BEST_BID,"JPM,99505,259"
2019-06-28 10:27:30.000000000,BEST_ASK,"JPM,99930,170"
2019-06-28 10:27:30.000000000,BEST_BID,"JPM,99505,259"
2019-06-28 10:27:30.000000000,BEST_ASK,"JPM,99930,170"
2019-06-28 10:27:30.000000000,BEST_BID,"JPM,99505,259"
2019-06-28 10:27:30.000000000,BEST_ASK,"JPM,99930,170"
2019-06-28 10:27:30.000000000,BEST_BID,"JPM,99505,259"
2019-06-28 10:27:30.000000000,BEST_ASK,"JPM,99930,170"
2019-06-28 10:27:40.000000000,QUERY_SPREAD,1
2019-06-28 10:27:40.000000000,BEST_BID,"JPM,99505,469"
2019-06-28 10:27:40.000000000,BEST_ASK,"JPM,99930,100"
2019-06-28 10:27:40.000000000,BEST_BID,"JPM,99505,469"
2019-06-28 10:27:40.000000000,BEST_ASK,"JPM,99930,380"
2019-06-28 10:27:44.347613932,QUERY_SPREAD,47
2019-06-28 10:27:44.347613932,BEST_BID,"JPM,99505,469"
2019-06-28 10:27:44.347613932,BEST_ASK,"JPM,99930,380"
2019-06-28 10:27:48.693102781,QUERY_SPREAD,24
2019-06-28 10:27:48.693102781,BEST_BID,"JPM,99505,469"
2019-06-28 10:27:48.693102781,BEST_ASK,"JPM,99930,380"
2019-06-28 10:27:50.000000000,QUERY_SPREAD,1
2019-06-28 10:27:50.000000000,BEST_BID,"JPM,99505,329"
2019-06-28 10:27:50.000000000,BEST_ASK,"JPM,99930,100"
2019-06-28 10:27:50.000000000,BEST_BID,"JPM,99505,329"
2019-06-28 10:27:50.000000000,BEST_ASK,"JPM,99930,100"
2019-06-28 10:27:50.000000000,BEST_BID,"JPM,99505,329"
2019-06-28 10:27:50.000000000,BEST_ASK,"JPM,99930,240"
2019-06-28 10:27:50.000000000,BEST_BID,"JPM,99505,329"
2019-06-28 10:27:50.000000000,BEST_ASK,"JPM,99930,240"
2019-06-28 10:27:58.967092774,QUERY_ORDER_STREAM,74
2019-06-28 10:27:58.967092774,QUERY_SPREAD,74
2019-06-28 10:28:00.000000000,QUERY_SPREAD,1
2019-06-28 10:28:00.000000000,BEST_BID,"JPM,99505,329"
2019-06-28 10:28:00.000000000,BEST_ASK,"JPM,99930,100"
2019-06-28 10:28:00.000000000,BEST_BID,"JPM,99505,329"
2019-06-28 10:28:00.000000000,BEST_ASK,"JPM,99930,100"
2019-06-28 10:28:00.000000000,BEST_BID,"JPM,99505,329"
2019-06-28 10:28:00.000000000,BEST_ASK,"JPM,99930,240"
2019-06-28 10:28:00.000000000,BEST_BID,"JPM,99505,329"
2019-06-28 10:28:00.000000000,BEST_ASK,"JPM,99930,240"
2019-06-28 10:28:00.000000000,QUERY_SPREAD,77
2019-06-28 10:28:00.000000000,BEST_BID,"JPM,99505,329"
2019-06-28 10:28:00.000000000,BEST_ASK,"JPM,99930,239"
2019-06-28 10:28:00.000000000,LAST_TRADE,"1,$99930.0000"
2019-06-28 10:28:00.000000000,QUERY_SPREAD,78
2019-06-28 10:28:00.000000000,BEST_BID,"JPM,99505,329"
2019-06-28 10:28:00.000000000,BEST_ASK,"JPM,99930,235"
2019-06-28 10:28:00.000000000,LAST_TRADE,"4,$99930.0000"
2019-06-28 10:28:00.000000000,QUERY_SPREAD,79
2019-06-28 10:28:00.000000000,BEST_BID,"JPM,99505,329"
2019-06-28 10:28:00.000000000,BEST_ASK,"JPM,99930,229"
2019-06-28 10:28:00.000000000,LAST_TRADE,"6,$99930.0000"
2019-06-28 10:28:00.000000000,QUERY_SPREAD,80
2019-06-28 10:28:00.000000000,BEST_BID,"JPM,99505,329"
2019-06-28 10:28:00.000000000,BEST_ASK,"JPM,99930,224"
2019-06-28 10:28:00.000000000,LAST_TRADE,"5,$99930.0000"
2019-06-28 10:28:00.000000000,QUERY_SPREAD,81
2019-06-28 10:28:00.000000000,BEST_BID,"JPM,99505,329"
2019-06-28 10:28:00.000000000,BEST_ASK,"JPM,99930,216"
2019-06-28 10:28:00.000000000,LAST_TRADE,"8,$99930.0000"
2019-06-28 10:28:00.000000000,QUERY_SPREAD,82
2019-06-28 10:28:00.000000000,BEST_BID,"JPM,99505,329"
2019-06-28 10:28:00.000000000,BEST_ASK,"JPM,99930,208"
2019-06-28 10:28:00.000000000,LAST_TRADE,"8,$99930.0000"
2019-06-28 10:28:00.000000000,QUERY_SPREAD,83
2019-06-28 10:28:00.000000000,BEST_BID,"JPM,99505,329"
2019-06-28 10:28:00.000000000,BEST_ASK,"JPM,99930,206"
2019-06-28 10:28:00.000000000,LAST_TRADE,"2,$99930.0000"
2019-06-28 10:28:00.000000000,QUERY_SPREAD,84
2019-06-28 10:28:00.000000000,BEST_BID,"JPM,99505,329"
2019-06-28 10:28:00.000000000,BEST_ASK,"JPM,99930,205"
2019-06-28 10:28:00.000000000,LAST_TRADE,"1,$99930.0000"
2019-06-28 10:28:00.000000000,QUERY_SPREAD,85
2019-06-28 10:28:00.000000000,BEST_BID,"JPM,99505,329"
2019-06-28 10:28:00.000000000,BEST_ASK,"JPM,99930,204"
2019-06-28 10:28:00.000000000,LAST_TRADE,"1,$99930.0000"
2019-06-28 10:28:00.000000000,QUERY_SPREAD,86
2019-06-28 10:28:00.000000000,BEST_BID,"JPM,99505,329"
2019-06-28 10:28:00.000000000,BEST_ASK,"JPM,99930,198"
2019-06-28 10:28:00.000000000,LAST_TRADE,"6,$99930.0000"
2019-06-28 10:28:00.000000000,QUERY_SPREAD,87
2019-06-28 10:28:00.000000000,BEST_BID,"JPM,99505,329"
2019-06-28 10:28:00.000000000,BEST_ASK,"JPM,99930,195"
2019-06-28 10:28:00.000000000,LAST_TRADE,"3,$99930.0000"
2019-06-28 10:28:00.000000000,QUERY_SPREAD,88
2019-06-28 10:28:00.000000000,BEST_BID,"JPM,99505,329"
2019-06-28 10:28:00.000000000,BEST_ASK,"JPM,99930,191"
2019-06-28 10:28:00.000000000,LAST_TRADE,"4,$99930.0000"
2019-06-28 10:28:00.000000000,QUERY_SPREAD,89
2019-06-28 10:28:00.000000000,BEST_BID,"JPM,99505,329"
2019-06-28 10:28:00.000000000,BEST_ASK,"JPM,99930,187"
2019-06-28 10:28:00.000000000,LAST_TRADE,"4,$99930.0000"
2019-06-28 10:28:00.000000000,QUERY_SPREAD,90
2019-06-28 10:28:00.000000000,BEST_BID,"JPM,99505,329"
2019-06-28 10:28:00.000000000,BEST_ASK,"JPM,99930,180"
2019-06-28 10:28:00.000000000,LAST_TRADE,"7,$99930.0000"
2019-06-28 10:28:00.000000000,QUERY_SPREAD,91
2019-06-28 10:28:00.000000000,BEST_BID,"JPM,99505,329"
2019-06-28 10:28:00.000000000,BEST_ASK,"JPM,99930,172"
2019-06-28 10:28:00.000000000,LAST_TRADE,"8,$99930.0000"
2019-06-28 10:28:00.000000000,QUERY_SPREAD,92
2019-06-28 10:28:00.000000000,BEST_BID,"JPM,99505,329"
2019-06-28 10:28:00.000000000,BEST_ASK,"JPM,99930,167"
2019-06-28 10:28:00.000000000,LAST_TRADE,"5,$99930.0000"
2019-06-28 10:28:00.000000000,QUERY_SPREAD,93
2019-06-28 10:28:00.000000000,BEST_BID,"JPM,99505,329"
2019-06-28 10:28:00.000000000,BEST_ASK,"JPM,99930,164"
2019-06-28 10:28:00.000000000,LAST_TRADE,"3,$99930.0000"
2019-06-28 10:28:00.000000000,QUERY_SPREAD,94
2019-06-28 10:28:00.000000000,BEST_BID,"JPM,99505,329"
2019-06-28 10:28:00.000000000,BEST_ASK,"JPM,99930,160"
2019-06-28 10:28:00.000000000,LAST_TRADE,"4,$99930.0000"
2019-06-28 10:28:00.000000000,QUERY_SPREAD,95
2019-06-28 10:28:00.000000000,BEST_BID,"JPM,99505,329"
2019-06-28 10:28:00.000000000,BEST_ASK,"JPM,99930,155"
2019-06-28 10:28:00.000000000,LAST_TRADE,"5,$99930.0000"
2019-06-28 10:28:00.000000000,QUERY_SPREAD,96
2019-06-28 10:28:00.000000000,BEST_BID,"JPM,99505,329"
2019-06-28 10:28:00.000000000,BEST_ASK,"JPM,99930,154"
2019-06-28 10:28:00.000000000,LAST_TRADE,"1,$99930.0000"
2019-06-28 10:28:00.000000000,QUERY_SPREAD,97
2019-06-28 10:28:00.000000000,BEST_BID,"JPM,99505,329"
2019-06-28 10:28:00.000000000,BEST_ASK,"JPM,99930,147"
2019-06-28 10:28:00.000000000,LAST_TRADE,"7,$99930.0000"
2019-06-28 10:28:00.000000000,QUERY_SPREAD,98
2019-06-28 10:28:00.000000000,BEST_BID,"JPM,99505,329"
2019-06-28 10:28:00.000000000,BEST_ASK,"JPM,99930,141"
2019-06-28 10:28:00.000000000,LAST_TRADE,"6,$99930.0000"
2019-06-28 10:28:00.000000000,QUERY_SPREAD,99
2019-06-28 10:28:00.000000000,BEST_BID,"JPM,99505,329"
2019-06-28 10:28:00.000000000,BEST_ASK,"JPM,99930,136"
2019-06-28 10:28:00.000000000,LAST_TRADE,"5,$99930.0000"
2019-06-28 10:28:00.000000000,QUERY_SPREAD,100
2019-06-28 10:28:00.000000000,BEST_BID,"JPM,99505,329"
2019-06-28 10:28:00.000000000,BEST_ASK,"JPM,99930,129"
2019-06-28 10:28:00.000000000,LAST_TRADE,"7,$99930.0000"
2019-06-28 10:28:00.000000000,QUERY_SPREAD,101
2019-06-28 10:28:00.000000000,QUERY_ORDER_STREAM,101
2019-06-28 10:28:04.032377779,QUERY_SPREAD,25
2019-06-28 10:28:04.032377779,BEST_BID,"JPM,99505,329"
2019-06-28 10:28:04.032377779,BEST_ASK,"JPM,99930,129"
2019-06-28 10:28:06.522794424,QUERY_SPREAD,9
2019-06-28 10:28:06.522794424,BEST_BID,"JPM,99505,329"
2019-06-28 10:28:06.522794424,BEST_ASK,"JPM,99930,29"
2019-06-28 10:28:06.522794424,LAST_TRADE,"100,$99930.0000"
2019-06-28 10:28:10.000000000,QUERY_SPREAD,1
2019-06-28 10:28:10.000000000,BEST_BID,"JPM,99505,469"
2019-06-28 10:28:10.000000000,BEST_ASK,"JPM,100008,100"
2019-06-28 10:28:10.000000000,BEST_BID,"JPM,99505,469"
2019-06-28 10:28:10.000000000,BEST_ASK,"JPM,100008,380"
2019-06-28 10:28:10.329281713,QUERY_ORDER_STREAM,72
2019-06-28 10:28:10.329281713,QUERY_SPREAD,72
2019-06-28 10:28:10.329281713,BEST_BID,"JPM,99930,100"
2019-06-28 10:28:10.329281713,BEST_ASK,"JPM,100008,380"
2019-06-28 10:28:11.544703930,QUERY_SPREAD,33
2019-06-28 10:28:11.544703930,BEST_BID,"JPM,99930,100"
2019-06-28 10:28:11.544703930,BEST_ASK,"JPM,100008,380"
2019-06-28 10:28:20.000000000,QUERY_SPREAD,1
2019-06-28 10:28:20.000000000,BEST_BID,"JPM,99930,170"
2019-06-28 10:28:20.000000000,BEST_ASK,"JPM,100008,100"
2019-06-28 10:28:20.000000000,BEST_BID,"JPM,99930,170"
2019-06-28 10:28:20.000000000,BEST_ASK,"JPM,100008,100"
2019-06-28 10:28:20.000000000,BEST_BID,"JPM,99930,170"
2019-06-28 10:28:20.000000000,BEST_ASK,"JPM,100008,100"
2019-06-28 10:28:20.000000000,BEST_BID,"JPM,99930,170"
2019-06-28 10:28:20.000000000,BEST_ASK,"JPM,100008,100"
2019-06-28 10:28:20.000000000,BEST_BID,"JPM,99930,170"
2019-06-28 10:28:20.000000000,BEST_ASK,"JPM,100008,170"
2019-06-28 10:28:20.000000000,BEST_BID,"JPM,99930,170"
2019-06-28 10:28:20.000000000,BEST_ASK,"JPM,100008,170"
2019-06-28 10:28:20.000000000,BEST_BID,"JPM,99930,170"
2019-06-28 10:28:20.000000000,BEST_ASK,"JPM,100008,170"
2019-06-28 10:28:20.000000000,BEST_BID,"JPM,99930,170"
2019-06-28 10:28:20.000000000,BEST_ASK,"JPM,100008,170"
2019-06-28 10:28:30.000000000,QUERY_SPREAD,1
2019-06-28 10:28:30.000000000,BEST_BID,"JPM,99930,380"
2019-06-28 10:28:30.000000000,BEST_ASK,"JPM,100008,100"
2019-06-28 10:28:30.000000000,BEST_BID,"JPM,99930,380"
2019-06-28 10:28:30.000000000,BEST_ASK,"JPM,100008,380"
2019-06-28 10:28:40.000000000,QUERY_SPREAD,1
2019-06-28 10:28:40.000000000,BEST_BID,"JPM,99930,380"
2019-06-28 10:28:40.000000000,BEST_ASK,"JPM,100008,100"
2019-06-28 10:28:40.000000000,BEST_BID,"JPM,99930,380"
2019-06-28 10:28:40.000000000,BEST_ASK,"JPM,100008,380"
2019-06-28 10:28:49.245380945,QUERY_SPREAD,4
2019-06-28 10:28:49.245380945,BEST_BID,"JPM,99930,380"
2019-06-28 10:28:49.245380945,BEST_ASK,"JPM,100008,280"
2019-06-28 10:28:49.245380945,LAST_TRADE,"100,$100008.0000"
2019-06-28 10:28:50.000000000,QUERY_SPREAD,1
2019-06-28 10:28:50.000000000,BEST_BID,"JPM,99930,195"
2019-06-28 10:28:50.000000000,BEST_ASK,"JPM,100010,100"
2019-06-28 10:28:50.000000000,BEST_BID,"JPM,99930,195"
2019-06-28 10:28:50.000000000,BEST_ASK,"JPM,100010,100"
2019-06-28 10:28:50.000000000,BEST_BID,"JPM,99930,195"
2019-06-28 10:28:50.000000000,BEST_ASK,"JPM,100010,100"
2019-06-28 10:28:50.000000000,BEST_BID,"JPM,99930,195"
2019-06-28 10:28:50.000000000,BEST_ASK,"JPM,100010,195"
2019-06-28 10:28:50.000000000,BEST_BID,"JPM,99930,195"
2019-06-28 10:28:50.000000000,BEST_ASK,"JPM,100010,195"
2019-06-28 10:28:50.000000000,BEST_BID,"JPM,99930,195"
2019-06-28 10:28:50.000000000,BEST_ASK,"JPM,100010,195"
2019-06-28 10:28:54.570774925,QUERY_SPREAD,35
2019-06-28 10:28:54.570774925,BEST_BID,"JPM,99930,195"
2019-06-28 10:28:54.570774925,BEST_ASK,"JPM,100010,195"
2019-06-28 10:29:00.000000000,QUERY_SPREAD,1
2019-06-28 10:29:00.000000000,BEST_BID,"JPM,99930,170"
2019-06-28 10:29:00.000000000,BEST_ASK,"JPM,100010,100"
2019-06-28 10:29:00.000000000,BEST_BID,"JPM,99930,170"
2019-06-28 10:29:00.000000000,BEST_ASK,"JPM,100010,100"
2019-06-28 10:29:00.000000000,BEST_BID,"JPM,99930,170"
2019-06-28 10:29:00.000000000,BEST_ASK,"JPM,100010,100"
2019-06-28 10:29:00.000000000,BEST_BID,"JPM,99930,170"
2019-06-28 10:29:00.000000000,BEST_ASK,"JPM,100010,100"
2019-06-28 10:29:00.000000000,BEST_BID,"JPM,99930,170"
2019-06-28 10:29:00.000000000,BEST_ASK,"JPM,100010,170"
2019-06-28 10:29:00.000000000,BEST_BID,"JPM,99930,170"
2019-06-28 10:29:00.000000000,BEST_ASK,"JPM,100010,170"
2019-06-28 10:29:00.000000000,BEST_BID,"JPM,99930,170"
2019-06-28 10:29:00.000000000,BEST_ASK,"JPM,100010,170"
2019-06-28 10:29:00.000000000,BEST_BID,"JPM,99930,170"
2019-06-28 10:29:00.000000000,BEST_ASK,"JPM,100010,170"
2019-06-28 10:29:00.000000000,QUERY_SPREAD,77
2019-06-28 10:29:00.000000000,BEST_BID,"JPM,99930,170"
2019-06-28 10:29:00.000000000,BEST_ASK,"JPM,100010,169"
2019-06-28 10:29:00.000000000,LAST_TRADE,"1,$100010.0000"
2019-06-28 10:29:00.000000000,QUERY_SPREAD,78
2019-06-28 10:29:00.000000000,BEST_BID,"JPM,99930,170"
2019-06-28 10:29:00.000000000,BEST_ASK,"JPM,100010,165"
2019-06-28 10:29:00.000000000,LAST_TRADE,"4,$100010.0000"
2019-06-28 10:29:00.000000000,QUERY_SPREAD,79
2019-06-28 10:29:00.000000000,BEST_BID,"JPM,99930,170"
2019-06-28 10:29:00.000000000,BEST_ASK,"JPM,100010,159"
2019-06-28 10:29:00.000000000,LAST_TRADE,"6,$100010.0000"
2019-06-28 10:29:00.000000000,QUERY_SPREAD,80
2019-06-28 10:29:00.000000000,BEST_BID,"JPM,99930,170"
2019-06-28 10:29:00.000000000,BEST_ASK,"JPM,100010,154"
2019-06-28 10:29:00.000000000,LAST_TRADE,"5,$100010.0000"
2019-06-28 10:29:00.000000000,QUERY_SPREAD,81
2019-06-28 10:29:00.000000000,BEST_BID,"JPM,99930,170"
2019-06-28 10:29:00.000000000,BEST_ASK,"JPM,100010,146"
2019-06-28 10:29:00.000000000,LAST_TRADE,"8,$100010.0000"
2019-06-28 10:29:00.000000000,QUERY_SPREAD,82
2019-06-28 10:29:00.000000000,BEST_BID,"JPM,99930,170"
2019-06-28 10:29:00.000000000,BEST_ASK,"JPM,100010,138"
2019-06-28 10:29:00.000000000,LAST_TRADE,"8,$100010.0000"
2019-06-28 10:29:00.000000000,QUERY_SPREAD,83
2019-06-28 10:29:00.000000000,BEST_BID,"JPM,99930,170"
2019-06-28 10:29:00.000000000,BEST_ASK,"JPM,100010,136"
2019-06-28 10:29:00.000000000,LAST_TRADE,"2,$100010.0000"
2019-06-28 10:29:00.000000000,QUERY_SPREAD,84
2019-06-28 10:29:00.000000000,BEST_BID,"JPM,99930,170"
2019-06-28 10:29:00.000000000,BEST_ASK,"JPM,100010,135"
2019-06-28 10:29:00.000000000,LAST_TRADE,"1,$100010.0000"
2019-06-28 10:29:00.000000000,QUERY_SPREAD,85
2019-06-28 10:29:00.000000000,BEST_BID,"JPM,99930,170"
2019-06-28 10:29:00.000000000,BEST_ASK,"JPM,100010,134"
2019-06-28 10:29:00.000000000,LAST_TRADE,"1,$100010.0000"
2019-06-28 10:29:00.000000000,QUERY_SPREAD,86
2019-06-28 10:29:00.000000000,BEST_BID,"JPM,99930,170"
2019-06-28 10:29:00.000000000,BEST_ASK,"JPM,100010,128"
2019-06-28 10:29:00.000000000,LAST_TRADE,"6,$100010.0000"
2019-06-28 10:29:00.000000000,QUERY_SPREAD,87
2019-06-28 10:29:00.000000000,BEST_BID,"JPM,99930,170"
2019-06-28 10:29:00.000000000,BEST_ASK,"JPM,100010,125"
2019-06-28 10:29:00.000000000,LAST_TRADE,"3,$100010.0000"
2019-06-28 10:29:00.000000000,QUERY_SPREAD,88
2019-06-28 10:29:00.000000000,BEST_BID,"JPM,99930,170"
2019-06-28 10:29:00.000000000,BEST_ASK,"JPM,100010,121"
2019-06-28 10:29:00.000000000,LAST_TRADE,"4,$100010.0000"
2019-06-28 10:29:00.000000000,QUERY_SPREAD,89
2019-06-28 10:29:00.000000000,BEST_BID,"JPM,99930,170"
2019-06-28 10:29:00.000000000,BEST_ASK,"JPM,100010,117"
2019-06-28 10:29:00.000000000,LAST_TRADE,"4,$100010.0000"
2019-06-28 10:29:00.000000000,QUERY_SPREAD,90
2019-06-28 10:29:00.000000000,BEST_BID,"JPM,99930,170"
2019-06-28 10:29:00.000000000,BEST_ASK,"JPM,100010,110"
2019-06-28 10:29:00.000000000,LAST_TRADE,"7,$100010.0000"
2019-06-28 10:29:00.000000000,QUERY_SPREAD,91
2019-06-28 10:29:00.000000000,BEST_BID,"JPM,99930,170"
2019-06-28 10:29:00.000000000,BEST_ASK,"JPM,100010,102"
2019-06-28 10:29:00.000000000,LAST_TRADE,"8,$100010.0000"
2019-06-28 10:29:00.000000000,QUERY_SPREAD,92
2019-06-28 10:29:00.000000000,BEST_BID,"JPM,99930,170"
2019-06-28 10:29:00.000000000,BEST_ASK,"JPM,100010,97"
2019-06-28 10:29:00.000000000,LAST_TRADE,"5,$100010.0000"
2019-06-28 10:29:00.000000000,QUERY_SPREAD,93
2019-06-28 10:29:00.000000000,BEST_BID,"JPM,99930,170"
2019-06-28 10:29:00.000000000,BEST_ASK,"JPM,100010,94"
2019-06-28 10:29:00.000000000,LAST_TRADE,"3,$100010.0000"
2019-06-28 10:29:00.000000000,QUERY_SPREAD,94
2019-06-28 10:29:00.000000000,BEST_BID,"JPM,99930,170"
2019-06-28 10:29:00.000000000,BEST_ASK,"JPM,100010,90"
2019-06-28 10:29:00.000000000,LAST_TRADE,"4,$100010.0000"
2019-06-28 10:29:00.000000000,QUERY_SPREAD,95
2019-06-28 10:29:00.000000000,BEST_BID,"JPM,99930,170"
2019-06-28 10:29:00.000000000,BEST_ASK,"JPM,100010,85"
2019-06-28 10:29:00.000000000,LAST_TRADE,"5,$100010.0000"
2019-06-28 10:29:00.000000000,QUERY_SPREAD,96
2019-06-28 10:29:00.000000000,BEST_BID,"JPM,99930,170"
2019-06-28 10:29:00.000000000,BEST_ASK,"JPM,100010,84"
2019-06-28 10:29:00.000000000,LAST_TRADE,"1,$100010.0000"
2019-06-28 10:29:00.000000000,QUERY_SPREAD,97
2019-06-28 10:29:00.000000000,BEST_BID,"JPM,99930,170"
2019-06-28 10:29:00.000000000,BEST_ASK,"JPM,100010,77"
2019-06-28 10:29:00.000000000,LAST_TRADE,"7,$100010.0000"
2019-06-28 10:29:00.000000000,QUERY_SPREAD,98
2019-06-28 10:29:00.000000000,BEST_BID,"JPM,99930,170"
2019-06-28 10:29:00.000000000,BEST_ASK,"JPM,100010,71"
2019-06-28 10:29:00.000000000,LAST_TRADE,"6,$100010.0000"
2019-06-28 10:29:00.000000000,QUERY_SPREAD,99
2019-06-28 10:29:00.000000000,BEST_BID,"JPM,99930,170"
2019-06-28 10:29:00.000000000,BEST_ASK,"JPM,100010,66"
2019-06-28 10:29:00.000000000,LAST_TRADE,"5,$100010.0000"
2019-06-28 10:29:00.000000000,QUERY_SPREAD,100
2019-06-28 10:29:00.000000000,BEST_BID,"JPM,99930,170"
2019-06-28 10:29:00.000000000,BEST_ASK,"JPM,100010,59"
2019-06-28 10:29:00.000000000,LAST_TRADE,"7,$100010.0000"
2019-06-28 10:29:00.000000000,QUERY_SPREAD,101
2019-06-28 10:29:00.000000000,QUERY_ORDER_STREAM,101
2019-06-28 10:29:10.000000000,QUERY_SPREAD,1
2019-06-28 10:29:10.000000000,BEST_BID,"JPM,99930,195"
2019-06-28 10:29:10.000000000,BEST_ASK,"JPM,100017,100"
2019-06-28 10:29:10.000000000,BEST_BID,"JPM,99930,195"
2019-06-28 10:29:10.000000000,BEST_ASK,"JPM,100017,100"
2019-06-28 10:29:10.000000000,BEST_BID,"JPM,99930,195"
2019-06-28 10:29:10.000000000,BEST_ASK,"JPM,100017,100"
2019-06-28 10:29:10.000000000,BEST_BID,"JPM,99930,195"
2019-06-28 10:29:10.000000000,BEST_ASK,"JPM,100017,195"
2019-06-28 10:29:10.000000000,BEST_BID,"JPM,99930,195"
2019-06-28 10:29:10.000000000,BEST_ASK,"JPM,100017,195"
2019-06-28 10:29:10.000000000,BEST_BID,"JPM,99930,195"
2019-06-28 10:29:10.000000000,BEST_ASK,"JPM,100017,195"
2019-06-28 10:29:20.000000000,QUERY_SPREAD,1
2019-06-28 10:29:20.000000000,BEST_BID,"JPM,99930,195"
2019-06-28 10:29:20.000000000,BEST_ASK,"JPM,100017,100"
2019-06-28 10:29:20.000000000,BEST_BID,"JPM,99930,195"
2019-06-28 10:29:20.000000000,BEST_ASK,"JPM,100017,100"
2019-06-28 10:29:20.000000000,BEST_BID,"JPM,99930,195"
2019-06-28 10:29:20.000000000,BEST_ASK,"JPM,100017,100"
2019-06-28 10:29:20.000000000,BEST_BID,"JPM,99930,195"
2019-06-28 10:29:20.000000000,BEST_ASK,"JPM,100017,195"
2019-06-28 10:29:20.000000000,BEST_BID,"JPM,99930,195"
2019-06-28 10:29:20.000000000,BEST_ASK,"JPM,100017,195"
2019-06-28 10:29:20.000000000,BEST_BID,"JPM,99930,195"
2019-06-28 10:29:20.000000000,BEST_ASK,"JPM,100017,195"
2019-06-28 10:29:25.847471666,QUERY_SPREAD,47
2019-06-28 10:29:25.847471666,BEST_BID,"JPM,99930,195"
2019-06-28 10:29:25.847471666,BEST_ASK,"JPM,100017,195"
2019-06-28 10:29:30.000000000,QUERY_SPREAD,1
2019-06-28 10:29:30.000000000,BEST_BID,"JPM,99930,380"
2019-06-28 10:29:30.000000000,BEST_ASK,"JPM,100017,100"
2019-06-28 10:29:30.000000000,BEST_BID,"JPM,99930,380"
2019-06-28 10:29:30.000000000,BEST_ASK,"JPM,100017,380"
2019-06-28 10:29:32.418813181,QUERY_SPREAD,27
2019-06-28 10:29:32.418813181,BEST_BID,"JPM,99930,380"
2019-06-28 10:29:32.418813181,BEST_ASK,"JPM,100017,380"
2019-06-28 10:29:35.681113256,QUERY_SPREAD,43
2019-06-28 10:29:35.681113256,BEST_BID,"JPM,99930,380"
2019-06-28 10:29:35.681113256,BEST_ASK,"JPM,100017,380"
2019-06-28 10:29:40.000000000,QUERY_SPREAD,1
2019-06-28 10:29:40.000000000,BEST_BID,"JPM,99930,170"
2019-06-28 10:29:40.000000000,BEST_ASK,"JPM,100017,100"
2019-06-28 10:29:40.000000000,BEST_BID,"JPM,99930,170"
2019-06-28 10:29:40.000000000,BEST_ASK,"JPM,100017,100"
2019-06-28 10:29:40.000000000,BEST_BID,"JPM,99930,170"
2019-06-28 10:29:40.000000000,BEST_ASK,"JPM,100017,100"
2019-06-28 10:29:40.000000000,BEST_BID,"JPM,99930,170"
2019-06-28 10:29:40.000000000,BEST_ASK,"JPM,100017,100"
2019-06-28 10:29:40.000000000,BEST_BID,"JPM,99930,170"
2019-06-28 10:29:40.000000000,BEST_ASK,"JPM,100017,170"
2019-06-28 10:29:40.000000000,BEST_BID,"JPM,99930,170"
2019-06-28 10:29:40.000000000,BEST_ASK,"JPM,100017,170"
2019-06-28 10:29:40.000000000,BEST_BID,"JPM,99930,170"
2019-06-28 10:29:40.000000000,BEST_ASK,"JPM,100017,170"
2019-06-28 10:29:40.000000000,BEST_BID,"JPM,99930,170"
2019-06-28 10:29:40.000000000,BEST_ASK,"JPM,100017,170"
2019-06-28 10:29:43.143483669,QUERY_ORDER_STREAM,64
2019-06-28 10:29:43.143483669,QUERY_SPREAD,64
2019-06-28 10:29:47.828974281,QUERY_SPREAD,47
2019-06-28 10:29:47.828974281,BEST_BID,"JPM,99930,170"
2019-06-28 10:29:47.828974281,BEST_ASK,"JPM,100017,70"
2019-06-28 10:29:47.828974281,LAST_TRADE,"100,$100017.0000"
2019-06-28 10:29:50.000000000,QUERY_SPREAD,1
2019-06-28 10:29:50.000000000,BEST_BID,"JPM,99930,170"
2019-06-28 10:29:50.000000000,BEST_ASK,"JPM,100039,100"
2019-06-28 10:29:50.000000000,BEST_BID,"JPM,99930,170"
2019-06-28 10:29:50.000000000,BEST_ASK,"JPM,100039,100"
2019-06-28 10:29:50.000000000,BEST_BID,"JPM,99930,170"
2019-06-28 10:29:50.000000000,BEST_ASK,"JPM,100039,100"
2019-06-28 10:29:50.000000000,BEST_BID,"JPM,99930,170"
2019-06-28 10:29:50.000000000,BEST_ASK,"JPM,100039,100"
2019-06-28 10:29:50.000000000,BEST_BID,"JPM,99930,170"
2019-06-28 10:29:50.000000000,BEST_ASK,"JPM,100039,170"
2019-06-28 10:29:50.000000000,BEST_BID,"JPM,99930,170"
2019-06-28 10:29:50.000000000,BEST_ASK,"JPM,100039,170"
2019-06-28 10:29:50.000000000,BEST_BID,"JPM,99930,170"
2019-06-28 10:29:50.000000000,BEST_ASK,"JPM,100039,170"
2019-06-28 10:29:50.000000000,BEST_BID,"JPM,99930,170"
2019-06-28 10:29:50.000000000,BEST_ASK,"JPM,100039,170"
2019-06-28 10:29:51.060665840,QUERY_ORDER_STREAM,68
2019-06-28 10:29:51.060665840,QUERY_SPREAD,68
2019-06-28 10:29:52.759748593,QUERY_ORDER_STREAM,61
2019-06-28 10:29:52.759748593,QUERY_SPREAD,61
2019-06-28 10:30:00.000000000,QUERY_SPREAD,1
2019-06-28 10:30:00.000000000,BEST_BID,"JPM,99930,195"
2019-06-28 10:30:00.000000000,BEST_ASK,"JPM,100039,100"
2019-06-28 10:30:00.000000000,BEST_BID,"JPM,99930,195"
2019-06-28 10:30:00.000000000,BEST_ASK,"JPM,100039,100"
2019-06-28 10:30:00.000000000,BEST_BID,"JPM,99930,195"
2019-06-28 10:30:00.000000000,BEST_ASK,"JPM,100039,100"
2019-06-28 10:30:00.000000000,BEST_BID,"JPM,99930,195"
2019-06-28 10:30:00.000000000,BEST_ASK,"JPM,100039,195"
2019-06-28 10:30:00.000000000,BEST_BID,"JPM,99930,195"
2019-06-28 10:30:00.000000000,BEST_ASK,"JPM,100039,195"
2019-06-28 10:30:00.000000000,BEST_BID,"JPM,99930,195"
2019-06-28 10:30:00.000000000,BEST_ASK,"JPM,100039,195"
2019-06-28 10:30:00.000000000,QUERY_SPREAD,77
2019-06-28 10:30:00.000000000,BEST_BID,"JPM,99930,195"
2019-06-28 10:30:00.000000000,BEST_ASK,"JPM,100039,194"
2019-06-28 10:30:00.000000000,LAST_TRADE,"1,$100039.0000"
2019-06-28 10:30:00.000000000,QUERY_SPREAD,78
2019-06-28 10:30:00.000000000,BEST_BID,"JPM,99930,195"
2019-06-28 10:30:00.000000000,BEST_ASK,"JPM,100039,190"
2019-06-28 10:30:00.000000000,LAST_TRADE,"4,$100039.0000"
2019-06-28 10:30:00.000000000,QUERY_SPREAD,79
2019-06-28 10:30:00.000000000,BEST_BID,"JPM,99930,195"
2019-06-28 10:30:00.000000000,BEST_ASK,"JPM,100039,184"
2019-06-28 10:30:00.000000000,LAST_TRADE,"6,$100039.0000"
2019-06-28 10:30:00.000000000,QUERY_SPREAD,80
2019-06-28 10:30:00.000000000,BEST_BID,"JPM,99930,195"
2019-06-28 10:30:00.000000000,BEST_ASK,"JPM,100039,179"
2019-06-28 10:30:00.000000000,LAST_TRADE,"5,$100039.0000"
2019-06-28 10:30:00.000000000,QUERY_SPREAD,81
2019-06-28 10:30:00.000000000,BEST_BID,"JPM,99930,195"
2019-06-28 10:30:00.000000000,BEST_ASK,"JPM,100039,171"
2019-06-28 10:30:00.000000000,LAST_TRADE,"8,$100039.0000"
2019-06-28 10:30:00.000000000,QUERY_SPREAD,82
2019-06-28 10:30:00.000000000,BEST_BID,"JPM,99930,195"
2019-06-28 10:30:00.000000000,BEST_ASK,"JPM,100039,163"
2019-06-28 10:30:00.000000000,LAST_TRADE,"8,$100039.0000"
2019-06-28 10:30:00.000000000,QUERY_SPREAD,83
2019-06-28 10:30:00.000000000,BEST_BID,"JPM,99930,195"
2019-06-28 10:30:00.000000000,BEST_ASK,"JPM,100039,161"
2019-06-28 10:30:00.000000000,LAST_TRADE,"2,$100039.0000"
2019-06-28 10:30:00.000000000,QUERY_SPREAD,84
2019-06-28 10:30:00.000000000,BEST_BID,"JPM,99930,195"
2019-06-28 10:30:00.000000000,BEST_ASK,"JPM,100039,160"
2019-06-28 10:30:00.000000000,LAST_TRADE,"1,$100039.0000"
2019-06-28 10:30:00.000000000,QUERY_SPREAD,85
2019-06-28 10:30:00.000000000,BEST_BID,"JPM,99930,195"
2019-06-28 10:30:00.000000000,BEST_ASK,"JPM,100039,159"
2019-06-28 10:30:00.000000000,LAST_TRADE,"1,$100039.0000"
2019-06-28 10:30:00.000000000,QUERY_SPREAD,86
2019-06-28 10:30:00.000000000,BEST_BID,"JPM,99930,195"
2019-06-28 10:30:00.000000000,BEST_ASK,"JPM,100039,153"
2019-06-28 10:30:00.000000000,LAST_TRADE,"6,$100039.0000"
2019-06-28 10:30:00.000000000,QUERY_SPREAD,87
2019-06-28 10:30:00.000000000,BEST_BID,"JPM,99930,195"
2019-06-28 10:30:00.000000000,BEST_ASK,"JPM,100039,150"
2019-06-28 10:30:00.000000000,LAST_TRADE,"3,$100039.0000"
2019-06-28 10:30:00.000000000,QUERY_SPREAD,88
2019-06-28 10:30:00.000000000,BEST_BID,"JPM,99930,195"
2019-06-28 10:30:00.000000000,BEST_ASK,"JPM,100039,146"
2019-06-28 10:30:00.000000000,LAST_TRADE,"4,$100039.0000"
2019-06-28 10:30:00.000000000,QUERY_SPREAD,89
2019-06-28 10:30:00.000000000,BEST_BID,"JPM,99930,195"
2019-06-28 10:30:00.000000000,BEST_ASK,"JPM,100039,142"
2019-06-28 10:30:00.000000000,LAST_TRADE,"4,$100039.0000"
2019-06-28 10:30:00.000000000,QUERY_SPREAD,90
2019-06-28 10:30:00.000000000,BEST_BID,"JPM,99930,195"
2019-06-28 10:30:00.000000000,BEST_ASK,"JPM,100039,135"
2019-06-28 10:30:00.000000000,LAST_TRADE,"7,$100039.0000"
2019-06-28 10:30:00.000000000,QUERY_SPREAD,91
2019-06-28 10:30:00.000000000,BEST_BID,"JPM,99930,195"
2019-06-28 10:30:00.000000000,BEST_ASK,"JPM,100039,127"
2019-06-28 10:30:00.000000000,LAST_TRADE,"8,$100039.0000"
2019-06-28 10:30:00.000000000,QUERY_SPREAD,92
2019-06-28 10:30:00.000000000,BEST_BID,"JPM,99930,195"
2019-06-28 10:30:00.000000000,BEST_ASK,"JPM,100039,122"
2019-06-28 10:30:00.000000000,LAST_TRADE,"5,$100039.0000"
2019-06-28 10:30:00.000000000,QUERY_SPREAD,93
2019-06-28 10:30:00.000000000,BEST_BID,"JPM,99930,195"
2019-06-28 10:30:00.000000000,BEST_ASK,"JPM,100039,119"
2019-06-28 10:30:00.000000000,LAST_TRADE,"3,$100039.0000"
2019-06-28 10:30:00.000000000,QUERY_SPREAD,94
2019-06-28 10:30:00.000000000,BEST_BID,"JPM,99930,195"
2019-06-28 10:30:00.000000000,BEST_ASK,"JPM,100039,115"
2019-06-28 10:30:00.000000000,LAST_TRADE,"4,$100039.0000"
2019-06-28 10:30:00.000000000,QUERY_SPREAD,95
2019-06-28 10:30:00.000000000,BEST_BID,"JPM,99930,195"
2019-06-28 10:30:00.000000000,BEST_ASK,"JPM,100039,110"
2019-06-28 10:30:00.000000000,LAST_TRADE,"5,$100039.0000"
2019-06-28 10:30:00.000000000,QUERY_SPREAD,96
2019-06-28 10:30:00.000000000,BEST_BID,"JPM,99930,195"
2019-06-28 10:30:00.000000000,BEST_ASK,"JPM,100039,109"
2019-06-28 10:30:00.000000000,LAST_TRADE,"1,$100039.0000"
2019-06-28 10:30:00.000000000,QUERY_SPREAD,97
2019-06-28 10:30:00.000000000,BEST_BID,"JPM,99930,195"
2019-06-28 10:30:00.000000000,BEST_ASK,"JPM,100039,102"
2019-06-28 10:30:00.000000000,LAST_TRADE,"7,$100039.0000"
2019-06-28 10:30:00.000000000,QUERY_SPREAD,98
2019-06-28 10:30:00.000000000,BEST_BID,"JPM,99930,195"
2019-06-28 10:30:00.000000000,BEST_ASK,"JPM,100039,96"
2019-06-28 10:30:00.000000000,LAST_TRADE,"6,$100039.0000"
2019-06-28 10:30:00.000000000,QUERY_SPREAD,99
2019-06-28 10:30:00.000000000,BEST_BID,"JPM,99930,195"
2019-06-28 10:30:00.000000000,BEST_ASK,"JPM,100039,91"
2019-06-28 10:30:00.000000000,LAST_TRADE,"5,$100039.0000"
2019-06-28 10:30:00.000000000,QUERY_SPREAD,100
2019-06-28 10:30:00.000000000,BEST_BID,"JPM,99930,195"
2019-06-28 10:30:00.000000000,BEST_ASK,"JPM,100039,84"
2019-06-28 10:30:00.000000000,LAST_TRADE,"7,$100039.0000"
2019-06-28 10:30:00.000000000,QUERY_SPREAD,101
2019-06-28 10:30:00.000000000,QUERY_ORDER_STREAM,101
2019-06-28 10:30:10.000000000,QUERY_SPREAD,1
2019-06-28 10:30:10.000000000,BEST_BID,"JPM,99930,170"
2019-06-28 10:30:10.000000000,BEST_ASK,"JPM,100046,100"
2019-06-28 10:30:10.000000000,BEST_BID,"JPM,99930,170"
2019-06-28 10:30:10.000000000,BEST_ASK,"JPM,100046,100"
2019-06-28 10:30:10.000000000,BEST_BID,"JPM,99930,170"
2019-06-28 10:30:10.000000000,BEST_ASK,"JPM,100046,100"
2019-06-28 10:30:10.000000000,BEST_BID,"JPM,99930,170"
2019-06-28 10:30:10.000000000,BEST_ASK,"JPM,100046,100"
2019-06-28 10:30:10.000000000,BEST_BID,"JPM,99930,170"
2019-06-28 10:30:10.000000000,BEST_ASK,"JPM,100046,170"
2019-06-28 10:30:10.000000000,BEST_BID,"JPM,99930,170"
2019-06-28 10:30:10.000000000,BEST_ASK,"JPM,100046,170"
2019-06-28 10:30:10.000000000,BEST_BID,"JPM,99930,170"
2019-06-28 10:30:10.000000000,BEST_ASK,"JPM,100046,170"
2019-06-28 10:30:10.000000000,BEST_BID,"JPM,99930,170"
2019-06-28 10:30:10.000000000,BEST_ASK,"JPM,100046,170"
2019-06-28 10:30:12.878061252,QUERY_SPREAD,48
2019-06-28 10:30:12.878061252,BEST_BID,"JPM,99930,170"
2019-06-28 10:30:12.878061252,BEST_ASK,"JPM,100046,70"
2019-06-28 10:30:12.878061252,LAST_TRADE,"100,$100046.0000"
2019-06-28 10:30:20.000000000,QUERY_SPREAD,1
2019-06-28 10:30:20.000000000,BEST_BID,"JPM,99930,240"
2019-06-28 10:30:20.000000000,BEST_ASK,"JPM,100051,100"
2019-06-28 10:30:20.000000000,BEST_BID,"JPM,99930,240"
2019-06-28 10:30:20.000000000,BEST_ASK,"JPM,100051,100"
2019-06-28 10:30:20.000000000,BEST_BID,"JPM,99930,240"
2019-06-28 10:30:20.000000000,BEST_ASK,"JPM,100051,240"
2019-06-28 10:30:20.000000000,BEST_BID,"JPM,99930,240"
2019-06-28 10:30:20.000000000,BEST_ASK,"JPM,100051,240"
2019-06-28 10:30:30.000000000,QUERY_SPREAD,1
2019-06-28 10:30:30.000000000,BEST_BID,"JPM,99930,195"
2019-06-28 10:30:30.000000000,BEST_ASK,"JPM,100051,100"
2019-06-28 10:30:30.000000000,BEST_BID,"JPM,99930,195"
2019-06-28 10:30:30.000000000,BEST_ASK,"JPM,100051,100"
2019-06-28 10:30:30.000000000,BEST_BID,"JPM,99930,195"
2019-06-28 10:30:30.000000000,BEST_ASK,"JPM,100051,100"
2019-06-28 10:30:30.000000000,BEST_BID,"JPM,99930,195"
2019-06-28 10:30:30.000000000,BEST_ASK,"JPM,100051,195"
2019-06-28 10:30:30.000000000,BEST_BID,"JPM,99930,195"
2019-06-28 10:30:30.000000000,BEST_ASK,"JPM,100051,195"
2019-06-28 10:30:30.000000000,BEST_BID,"JPM,99930,195"
2019-06-28 10:30:30.000000000,BEST_ASK,"JPM,100051,195"
2019-06-28 10:30:36.925404210,QUERY_SPREAD,38
2019-06-28 10:30:36.925404210,BEST_BID,"JPM,99930,195"
2019-06-28 10:30:36.925404210,BEST_ASK,"JPM,100051,95"
2019-06-28 10:30:36.925404210,LAST_TRADE,"100,$100051.0000"
2019-06-28 10:30:40.000000000,QUERY_SPREAD,1
2019-06-28 10:30:40.000000000,BEST_BID,"JPM,99930,170"
2019-06-28 10:30:40.000000000,BEST_ASK,"JPM,100068,100"
2019-06-28 10:30:40.000000000,BEST_BID,"JPM,99930,170"
2019-06-28 10:30:40.000000000,BEST_ASK,"JPM,100068,100"
2019-06-28 10:30:40.000000000,BEST_BID,"JPM,99930,170"
2019-06-28 10:30:40.000000000,BEST_ASK,"JPM,100068,100"
2019-06-28 10:30:40.000000000,BEST_BID,"JPM,99930,170"
2019-06-28 10:30:40.000000000,BEST_ASK,"JPM,100068,100"
2019-06-28 10:30:40.000000000,BEST_BID,"JPM,99930,170"
2019-06-28 10:30:40.000000000,BEST_ASK,"JPM,100068,170"
2019-06-28 10:30:40.000000000,BEST_BID,"JPM,99930,170"
2019-06-28 10:30:40.000000000,BEST_ASK,"JPM,100068,170"
2019-06-28 10:30:40.000000000,BEST_BID,"JPM,99930,170"
2019-06-28 10:30:40.000000000,BEST_ASK,"JPM,100068,170"
2019-06-28 10:30:40.000000000,BEST_BID,"JPM,99930,170"
2019-06-28 10:30:40.000000000,BEST_ASK,"JPM,100068,170"
2019-06-28 10:30:42.965281452,QUERY_SPREAD,51
2019-06-28 10:30:42.965281452,BEST_BID,"JPM,99957,100"
2019-06-28 10:30:42.965281452,BEST_ASK,"JPM,100068,170"
2019-06-28 10:30:50.000000000,QUERY_SPREAD,1
2019-06-28 10:30:50.000000000,BEST_BID,"JPM,99957,380"
2019-06-28 10:30:50.000000000,BEST_ASK,"JPM,100068,100"
2019-06-28 10:30:50.000000000,BEST_BID,"JPM,99957,380"
2019-06-28 10:30:50.000000000,BEST_ASK,"JPM,100068,380"
2019-06-28 10:31:00.000000000,QUERY_SPREAD,1
2019-06-28 10:31:00.000000000,BEST_BID,"JPM,99957,170"
2019-06-28 10:31:00.000000000,BEST_ASK,"JPM,100068,100"
2019-06-28 10:31:00.000000000,BEST_BID,"JPM,99957,170"
2019-06-28 10:31:00.000000000,BEST_ASK,"JPM,100068,100"
2019-06-28 10:31:00.000000000,BEST_BID,"JPM,99957,170"
2019-06-28 10:31:00.000000000,BEST_ASK,"JPM,100068,100"
2019-06-28 10:31:00.000000000,BEST_BID,"JPM,99957,170"
2019-06-28 10:31:00.000000000,BEST_ASK,"JPM,100068,100"
2019-06-28 10:31:00.000000000,BEST_BID,"JPM,99957,170"
2019-06-28 10:31:00.000000000,BEST_ASK,"JPM,100068,170"
2019-06-28 10:31:00.000000000,BEST_BID,"JPM,99957,170"
2019-06-28 10:31:00.000000000,BEST_ASK,"JPM,100068,170"
2019-06-28 10:31:00.000000000,BEST_BID,"JPM,99957,170"
2019-06-28 10:31:00.000000000,BEST_ASK,"JPM,100068,170"
2019-06-28 10:31:00.000000000,BEST_BID,"JPM,99957,170"
2019-06-28 10:31:00.000000000,BEST_ASK,"JPM,100068,170"
2019-06-28 10:31:00.000000000,QUERY_SPREAD,77
2019-06-28 10:31:00.000000000,BEST_BID,"JPM,99957,170"
2019-06-28 10:31:00.000000000,BEST_ASK,"JPM,100068,169"
2019-06-28 10:31:00.000000000,LAST_TRADE,"1,$100068.0000"
2019-06-28 10:31:00.000000000,QUERY_SPREAD,78
2019-06-28 10:31:00.000000000,BEST_BID,"JPM,99957,170"
2019-06-28 10:31:00.000000000,BEST_ASK,"JPM,100068,165"
2019-06-28 10:31:00.000000000,LAST_TRADE,"4,$100068.0000"
2019-06-28 10:31:00.000000000,QUERY_SPREAD,79
2019-06-28 10:31:00.000000000,BEST_BID,"JPM,99957,170"
2019-06-28 10:31:00.000000000,BEST_ASK,"JPM,100068,159"
2019-06-28 10:31:00.000000000,LAST_TRADE,"6,$100068.0000"
2019-06-28 10:31:00.000000000,QUERY_SPREAD,80
2019-06-28 10:31:00.000000000,BEST_BID,"JPM,99957,170"
2019-06-28 10:31:00.000000000,BEST_ASK,"JPM,100068,154"
2019-06-28 10:31:00.000000000,LAST_TRADE,"5,$100068.0000"
2019-06-28 10:31:00.000000000,QUERY_SPREAD,81
2019-06-28 10:31:00.000000000,BEST_BID,"JPM,99957,170"
2019-06-28 10:31:00.000000000,BEST_ASK,"JPM,100068,146"
2019-06-28 10:31:00.000000000,LAST_TRADE,"8,$100068.0000"
2019-06-28 10:31:00.000000000,QUERY_SPREAD,82
2019-06-28 10:31:00.000000000,BEST_BID,"JPM,99957,170"
2019-06-28 10:31:00.000000000,BEST_ASK,"JPM,100068,138"
2019-06-28 10:31:00.000000000,LAST_TRADE,"8,$100068.0000"
2019-06-28 10:31:00.000000000,QUERY_SPREAD,83
2019-06-28 10:31:00.000000000,BEST_BID,"JPM,99957,170"
2019-06-28 10:31:00.000000000,BEST_ASK,"JPM,100068,136"
2019-06-28 10:31:00.000000000,LAST_TRADE,"2,$100068.0000"
2019-06-28 10:31:00.000000000,QUERY_SPREAD,84
2019-06-28 10:31:00.000000000,BEST_BID,"JPM,99957,170"
2019-06-28 10:31:00.000000000,BEST_ASK,"JPM,100068,135"
2019-06-28 10:31:00.000000000,LAST_TRADE,"1,$100068.0000"
2019-06-28 10:31:00.000000000,QUERY_SPREAD,85
2019-06-28 10:31:00.000000000,BEST_BID,"JPM,99957,170"
2019-06-28 10:31:00.000000000,BEST_ASK,"JPM,100068,134"
2019-06-28 10:31:00.000000000,LAST_TRADE,"1,$100068.0000"
2019-06-28 10:31:00.000000000,QUERY_SPREAD,86
2019-06-28 10:31:00.000000000,BEST_BID,"JPM,99957,170"
2019-06-28 10:31:00.000000000,BEST_ASK,"JPM,100068,128"
2019-06-28 10:31:00.000000000,LAST_TRADE,"6,$100068.0000"
2019-06-28 10:31:00.000000000,QUERY_SPREAD,87
2019-06-28 10:31:00.000000000,BEST_BID,"JPM,99957,170"
2019-06-28 10:31:00.000000000,BEST_ASK,"JPM,100068,125"
2019-06-28 10:31:00.000000000,LAST_TRADE,"3,$100068.0000"
2019-06-28 10:31:00.000000000,QUERY_SPREAD,88
2019-06-28 10:31:00.000000000,BEST_BID,"JPM,99957,170"
2019-06-28 10:31:00.000000000,BEST_ASK,"JPM,100068,121"
2019-06-28 10:31:00.000000000,LAST_TRADE,"4,$100068.0000"
2019-06-28 10:31:00.000000000,QUERY_SPREAD,89
2019-06-28 10:31:00.000000000,BEST_BID,"JPM,99957,170"
2019-06-28 10:31:00.000000000,BEST_ASK,"JPM,100068,117"
2019-06-28 10:31:00.000000000,LAST_TRADE,"4,$100068.0000"
2019-06-28 10:31:00.000000000,QUERY_SPREAD,90
2019-06-28 10:31:00.000000000,BEST_BID,"JPM,99957,170"
2019-06-28 10:31:00.000000000,BEST_ASK,"JPM,100068,110"
2019-06-28 10:31:00.000000000,LAST_TRADE,"7,$100068.0000"
2019-06-28 10:31:00.000000000,QUERY_SPREAD,91
2019-06-28 10:31:00.000000000,BEST_BID,"JPM,99957,170"
2019-06-28 10:31:00.000000000,BEST_ASK,"JPM,100068,102"
2019-06-28 10:31:00.000000000,LAST_TRADE,"8,$100068.0000"
2019-06-28 10:31:00.000000000,QUERY_SPREAD,92
2019-06-28 10:31:00.000000000,BEST_BID,"JPM,99957,170"
2019-06-28 10:31:00.000000000,BEST_ASK,"JPM,100068,97"
2019-06-28 10:31:00.000000000,LAST_TRADE,"5,$100068.0000"
2019-06-28 10:31:00.000000000,QUERY_SPREAD,93
2019-06-28 10:31:00.000000000,BEST_BID,"JPM,99957,170"
2019-06-28 10:31:00.000000000,BEST_ASK,"JPM,100068,94"
2019-06-28 10:31:00.000000000,LAST_TRADE,"3,$100068.0000"
2019-06-28 10:31:00.000000000,QUERY_SPREAD,94
2019-06-28 10:31:00.000000000,BEST_BID,"JPM,99957,170"
2019-06-28 10:31:00.000000000,BEST_ASK,"JPM,100068,90"
2019-06-28 10:31:00.000000000,LAST_TRADE,"4,$100068.0000"
2019-06-28 10:31:00.000000000,QUERY_SPREAD,95
2019-06-28 10:31:00.000000000,BEST_BID,"JPM,99957,170"
2019-06-28 10:31:00.000000000,BEST_ASK,"JPM,100068,85"
2019-06-28 10:31:00.000000000,LAST_TRADE,"5,$100068.0000"
2019-06-28 10:31:00.000000000,QUERY_SPREAD,96
2019-06-28 10:31:00.000000000,BEST_BID,"JPM,99957,170"
2019-06-28 10:31:00.000000000,BEST_ASK,"JPM,100068,84"
2019-06-28 10:31:00.000000000,LAST_TRADE,"1,$100068.0000"
2019-06-28 10:31:00.000000000,QUERY_SPREAD,97
2019-06-28 10:31:00.000000000,BEST_BID,"JPM,99957,170"
2019-06-28 10:31:00.000000000,BEST_ASK,"JPM,100068,77"
2019-06-28 10:31:00.000000000,LAST_TRADE,"7,$100068.0000"
2019-06-28 10:31:00.000000000,QUERY_SPREAD,98
2019-06-28 10:31:00.000000000,BEST_BID,"JPM,99957,170"
2019-06-28 10:31:00.000000000,BEST_ASK,"JPM,100068,71"
2019-06-28 10:31:00.000000000,LAST_TRADE,"6,$100068.0000"
2019-06-28 10:31:00.000000000,QUERY_SPREAD,99
2019-06-28 10:31:00.000000000,BEST_BID,"JPM,99957,170"
2019-06-28 10:31:00.000000000,BEST_ASK,"JPM,100068,66"
2019-06-28 10:31:00.000000000,LAST_TRADE,"5,$100068.0000"
2019-06-28 10:31:00.000000000,QUERY_SPREAD,100
2019-06-28 10:31:00.000000000,BEST_BID,"JPM,99957,170"
2019-06-28 10:31:00.000000000,BEST_ASK,"JPM,100068,59"
2019-06-28 10:31:00.000000000,LAST_TRADE,"7,$100068.0000"
2019-06-28 10:31:00.000000000,QUERY_SPREAD,101
2019-06-28 10:31:00.000000000,QUERY_ORDER_STREAM,101
2019-06-28 10:31:04.009883188,QUERY_ORDER_STREAM,70
2019-06-28 10:31:04.009883188,QUERY_SPREAD,70
2019-06-28 10:31:04.009883188,BEST_BID,"JPM,100068,41"
2019-06-28 10:31:04.009883188,BEST_ASK,"JPM,100072,170"
2019-06-28 10:31:04.009883188,LAST_TRADE,"59,$100068.0000"
2019-06-28 10:31:04.383821057,QUERY_SPREAD,25
2019-06-28 10:31:04.383821057,BEST_BID,"JPM,100068,41"
2019-06-28 10:31:04.383821057,BEST_ASK,"JPM,100072,170"
2019-06-28 10:31:10.000000000,QUERY_SPREAD,1
2019-06-28 10:31:10.000000000,BEST_BID,"JPM,100068,97"
2019-06-28 10:31:10.000000000,BEST_ASK,"JPM,100072,100"
2019-06-28 10:31:10.000000000,BEST_BID,"JPM,100068,97"
2019-06-28 10:31:10.000000000,BEST_ASK,"JPM,100072,100"
2019-06-28 10:31:10.000000000,BEST_BID,"JPM,100068,97"
2019-06-28 10:31:10.000000000,BEST_ASK,"JPM,100072,100"
2019-06-28 10:31:10.000000000,BEST_BID,"JPM,100068,97"
2019-06-28 10:31:10.000000000,BEST_ASK,"JPM,100072,100"
2019-06-28 10:31:10.000000000,BEST_BID,"JPM,100068,97"
2019-06-28 10:31:10.000000000,BEST_ASK,"JPM,100072,100"
2019-06-28 10:31:10.000000000,BEST_BID,"JPM,100068,97"
2019-06-28 10:31:10.000000000,BEST_ASK,"JPM,100072,156"
2019-06-28 10:31:10.000000000,BEST_BID,"JPM,100068,97"
2019-06-28 10:31:10.000000000,BEST_ASK,"JPM,100072,156"
2019-06-28 10:31:10.000000000,BEST_BID,"JPM,100068,97"
2019-06-28 10:31:10.000000000,BEST_ASK,"JPM,100072,156"
2019-06-28 10:31:10.000000000,BEST_BID,"JPM,100068,97"
2019-06-28 10:31:10.000000000,BEST_ASK,"JPM,100072,156"
2019-06-28 10:31:10.000000000,BEST_BID,"JPM,100068,97"
2019-06-28 10:31:10.000000000,BEST_ASK,"JPM,100072,156"
2019-06-28 10:31:13.412836770,QUERY_SPREAD,16
2019-06-28 10:31:13.412836770,BEST_BID,"JPM,100068,97"
2019-06-28 10:31:13.412836770,BEST_ASK,"JPM,100072,56"
2019-06-28 10:31:13.412836770,LAST_TRADE,"100,$100072.0000"
2019-06-28 10:31:14.389675426,QUERY_SPREAD,16
2019-06-28 10:31:14.389675426,BEST_BID,"JPM,100068,97"
2019-06-28 10:31:14.389675426,BEST_ASK,"JPM,100072,56"
2019-06-28 10:31:20.000000000,QUERY_SPREAD,1
2019-06-28 10:31:20.000000000,BEST_BID,"JPM,100068,136"
2019-06-28 10:31:20.000000000,BEST_ASK,"JPM,100201,100"
2019-06-28 10:31:20.000000000,BEST_BID,"JPM,100068,136"
2019-06-28 10:31:20.000000000,BEST_ASK,"JPM,100201,100"
2019-06-28 10:31:20.000000000,BEST_BID,"JPM,100068,136"
2019-06-28 10:31:20.000000000,BEST_ASK,"JPM,100201,100"
2019-06-28 10:31:20.000000000,BEST_BID,"JPM,100068,136"
2019-06-28 10:31:20.000000000,BEST_ASK,"JPM,100201,195"
2019-06-28 10:31:20.000000000,BEST_BID,"JPM,100068,136"
2019-06-28 10:31:20.000000000,BEST_ASK,"JPM,100201,195"
2019-06-28 10:31:20.000000000,BEST_BID,"JPM,100068,136"
2019-06-28 10:31:20.000000000,BEST_ASK,"JPM,100201,195"
2019-06-28 10:31:30.000000000,QUERY_SPREAD,1
2019-06-28 10:31:30.000000000,BEST_BID,"JPM,100068,111"
2019-06-28 10:31:30.000000000,BEST_ASK,"JPM,100201,100"
2019-06-28 10:31:30.000000000,BEST_BID,"JPM,100068,111"
2019-06-28 10:31:30.000000000,BEST_ASK,"JPM,100201,100"
2019-06-28 10:31:30.000000000,BEST_BID,"JPM,100068,111"
2019-06-28 10:31:30.000000000,BEST_ASK,"JPM,100201,100"
2019-06-28 10:31:30.000000000,BEST_BID,"JPM,100068,111"
2019-06-28 10:31:30.000000000,BEST_ASK,"JPM,100201,100"
2019-06-28 10:31:30.000000000,BEST_BID,"JPM,100068,111"
2019-06-28 10:31:30.000000000,BEST_ASK,"JPM,100201,170"
2019-06-28 10:31:30.000000000,BEST_BID,"JPM,100068,111"
2019-06-28 10:31:30.000000000,BEST_ASK,"JPM,100201,170"
2019-06-28 10:31:30.000000000,BEST_BID,"JPM,100068,111"
2019-06-28 10:31:30.000000000,BEST_ASK,"JPM,100201,170"
2019-06-28 10:31:30.000000000,BEST_BID,"JPM,100068,111"
2019-06-28 10:31:30.000000000,BEST_ASK,"JPM,100201,170"
2019-06-28 10:31:40.000000000,QUERY_SPREAD,1
2019-06-28 10:31:40.000000000,BEST_BID,"JPM,100068,181"
2019-06-28 10:31:40.000000000,BEST_ASK,"JPM,100201,100"
2019-06-28 10:31:40.000000000,BEST_BID,"JPM,100068,181"
2019-06-28 10:31:40.000000000,BEST_ASK,"JPM,100201,100"
2019-06-28 10:31:40.000000000,BEST_BID,"JPM,100068,181"
2019-06-28 10:31:40.000000000,BEST_ASK,"JPM,100201,240"
2019-06-28 10:31:40.000000000,BEST_BID,"JPM,100068,181"
2019-06-28 10:31:40.000000000,BEST_ASK,"JPM,100201,240"
2019-06-28 10:31:40.034526936,QUERY_ORDER_STREAM,70
2019-06-28 10:31:40.034526936,QUERY_SPREAD,70
2019-06-28 10:31:50.000000000,QUERY_SPREAD,1
2019-06-28 10:31:50.000000000,BEST_BID,"JPM,99957,170"
2019-06-28 10:31:50.000000000,BEST_ASK,"JPM,100201,100"
2019-06-28 10:31:50.000000000,BEST_BID,"JPM,99957,170"
2019-06-28 10:31:50.000000000,BEST_ASK,"JPM,100201,100"
2019-06-28 10:31:50.000000000,BEST_BID,"JPM,99957,170"
2019-06-28 10:31:50.000000000,BEST_ASK,"JPM,100201,100"
2019-06-28 10:31:50.000000000,BEST_BID,"JPM,99957,170"
2019-06-28 10:31:50.000000000,BEST_ASK,"JPM,100201,100"
2019-06-28 10:31:50.000000000,BEST_BID,"JPM,99957,170"
2019-06-28 10:31:50.000000000,BEST_ASK,"JPM,100201,170"
2019-06-28 10:31:50.000000000,BEST_BID,"JPM,99957,170"
2019-06-28 10:31:50.000000000,BEST_ASK,"JPM,100201,170"
2019-06-28 10:31:50.000000000,BEST_BID,"JPM,99957,170"
2019-06-28 10:31:50.000000000,BEST_ASK,"JPM,100201,170"
2019-06-28 10:31:50.000000000,BEST_BID,"JPM,99957,170"
2019-06-28 10:31:50.000000000,BEST_ASK,"JPM,100201,170"
2019-06-28 10:31:58.787968272,QUERY_SPREAD,2
2019-06-28 10:31:58.787968272,BEST_BID,"JPM,99957,170"
2019-06-28 10:31:58.787968272,BEST_ASK,"JPM,100201,170"
2019-06-28 10:32:00.000000000,QUERY_SPREAD,1
2019-06-28 10:32:00.000000000,BEST_BID,"JPM,99957,156"
2019-06-28 10:32:00.000000000,BEST_ASK,"JPM,100201,100"
2019-06-28 10:32:00.000000000,BEST_BID,"JPM,99957,156"
2019-06-28 10:32:00.000000000,BEST_ASK,"JPM,100201,100"
2019-06-28 10:32:00.000000000,BEST_BID,"JPM,99957,156"
2019-06-28 10:32:00.000000000,BEST_ASK,"JPM,100201,100"
2019-06-28 10:32:00.000000000,BEST_BID,"JPM,99957,156"
2019-06-28 10:32:00.000000000,BEST_ASK,"JPM,100201,100"
2019-06-28 10:32:00.000000000,BEST_BID,"JPM,99957,156"
2019-06-28 10:32:00.000000000,BEST_ASK,"JPM,100201,100"
2019-06-28 10:32:00.000000000,BEST_BID,"JPM,99957,156"
2019-06-28 10:32:00.000000000,BEST_ASK,"JPM,100201,156"
2019-06-28 10:32:00.000000000,BEST_BID,"JPM,99957,156"
2019-06-28 10:32:00.000000000,BEST_ASK,"JPM,100201,156"
2019-06-28 10:32:00.000000000,BEST_BID,"JPM,99957,156"
2019-06-28 10:32:00.000000000,BEST_ASK,"JPM,100201,156"
2019-06-28 10:32:00.000000000,BEST_BID,"JPM,99957,156"
2019-06-28 10:32:00.000000000,BEST_ASK,"JPM,100201,156"
2019-06-28 10:32:00.000000000,BEST_BID,"JPM,99957,156"
2019-06-28 10:32:00.000000000,BEST_ASK,"JPM,100201,156"
2019-06-28 10:32:00.000000000,QUERY_SPREAD,77
2019-06-28 10:32:00.000000000,BEST_BID,"JPM,99957,156"
2019-06-28 10:32:00.000000000,BEST_ASK,"JPM,100201,155"
2019-06-28 10:32:00.000000000,LAST_TRADE,"1,$100201.0000"
2019-06-28 10:32:00.000000000,QUERY_SPREAD,78
2019-06-28 10:32:00.000000000,BEST_BID,"JPM,99957,156"
2019-06-28 10:32:00.000000000,BEST_ASK,"JPM,100201,151"
2019-06-28 10:32:00.000000000,LAST_TRADE,"4,$100201.0000"
2019-06-28 10:32:00.000000000,QUERY_SPREAD,79
2019-06-28 10:32:00.000000000,BEST_BID,"JPM,99957,156"
2019-06-28 10:32:00.000000000,BEST_ASK,"JPM,100201,145"
2019-06-28 10:32:00.000000000,LAST_TRADE,"6,$100201.0000"
2019-06-28 10:32:00.000000000,QUERY_SPREAD,80
2019-06-28 10:32:00.000000000,BEST_BID,"JPM,99957,156"
2019-06-28 10:32:00.000000000,BEST_ASK,"JPM,100201,140"
2019-06-28 10:32:00.000000000,LAST_TRADE,"5,$100201.0000"
2019-06-28 10:32:00.000000000,QUERY_SPREAD,81
2019-06-28 10:32:00.000000000,BEST_BID,"JPM,99957,156"
2019-06-28 10:32:00.000000000,BEST_ASK,"JPM,100201,132"
2019-06-28 10:32:00.000000000,LAST_TRADE,"8,$100201.0000"
2019-06-28 10:32:00.000000000,QUERY_SPREAD,82
2019-06-28 10:32:00.000000000,BEST_BID,"JPM,99957,156"
2019-06-28 10:32:00.000000000,BEST_ASK,"JPM,100201,124"
2019-06-28 10:32:00.000000000,LAST_TRADE,"8,$100201.0000"
2019-06-28 10:32:00.000000000,QUERY_SPREAD,83
2019-06-28 10:32:00.000000000,BEST_BID,"JPM,99957,156"
2019-06-28 10:32:00.000000000,BEST_ASK,"JPM,100201,122"
2019-06-28 10:32:00.000000000,LAST_TRADE,"2,$100201.0000"
2019-06-28 10:32:00.000000000,QUERY_SPREAD,84
2019-06-28 10:32:00.000000000,BEST_BID,"JPM,99957,156"
2019-06-28 10:32:00.000000000,BEST_ASK,"JPM,100201,121"
2019-06-28 10:32:00.000000000,LAST_TRADE,"1,$100201.0000"
2019-06-28 10:32:00.000000000,QUERY_SPREAD,85
2019-06-28 10:32:00.000000000,BEST_BID,"JPM,99957,156"
2019-06-28 10:32:00.000000000,BEST_ASK,"JPM,100201,120"
2019-06-28 10:32:00.000000000,LAST_TRADE,"1,$100201.0000"
2019-06-28 10:32:00.000000000,QUERY_SPREAD,86
2019-06-28 10:32:00.000000000,BEST_BID,"JPM,99957,156"
2019-06-28 10:32:00.000000000,BEST_ASK,"JPM,100201,114"
2019-06-28 10:32:00.000000000,LAST_TRADE,"6,$100201.0000"
2019-06-28 10:32:00.000000000,QUERY_SPREAD,87
2019-06-28 10:32:00.000000000,BEST_BID,"JPM,99957,156"
2019-06-28 10:32:00.000000000,BEST_ASK,"JPM,100201,111"
2019-06-28 10:32:00.000000000,LAST_TRADE,"3,$100201.0000"
2019-06-28 10:32:00.000000000,QUERY_SPREAD,88
2019-06-28 10:32:00.000000000,BEST_BID,"JPM,99957,156"
2019-06-28 10:32:00.000000000,BEST_ASK,"JPM,100201,107"
2019-06-28 10:32:00.000000000,LAST_TRADE,"4,$100201.0000"
2019-06-28 10:32:00.000000000,QUERY_SPREAD,89
2019-06-28 10:32:00.000000000,BEST_BID,"JPM,99957,156"
2019-06-28 10:32:00.000000000,BEST_ASK,"JPM,100201,103"
2019-06-28 10:32:00.000000000,LAST_TRADE,"4,$100201.0000"
2019-06-28 10:32:00.000000000,QUERY_SPREAD,90
2019-06-28 10:32:00.000000000,BEST_BID,"JPM,99957,156"
2019-06-28 10:32:00.000000000,BEST_ASK,"JPM,100201,96"
2019-06-28 10:32:00.000000000,LAST_TRADE,"7,$100201.0000"
2019-06-28 10:32:00.000000000,QUERY_SPREAD,91
2019-06-28 10:32:00.000000000,BEST_BID,"JPM,99957,156"
2019-06-28 10:32:00.000000000,BEST_ASK,"JPM,100201,88"
2019-06-28 10:32:00.000000000,LAST_TRADE,"8,$100201.0000"
2019-06-28 10:32:00.000000000,QUERY_SPREAD,92
2019-06-28 10:32:00.000000000,BEST_BID,"JPM,99957,156"
2019-06-28 10:32:00.000000000,BEST_ASK,"JPM,100201,83"
2019-06-28 10:32:00.000000000,LAST_TRADE,"5,$100201.0000"
2019-06-28 10:32:00.000000000,QUERY_SPREAD,93
2019-06-28 10:32:00.000000000,BEST_BID,"JPM,99957,156"
2019-06-28 10:32:00.000000000,BEST_ASK,"JPM,100201,80"
2019-06-28 10:32:00.000000000,LAST_TRADE,"3,$100201.0000"
2019-06-28 10:32:00.000000000,QUERY_SPREAD,94
2019-06-28 10:32:00.000000000,BEST_BID,"JPM,99957,156"
2019-06-28 10:32:00.000000000,BEST_ASK,"JPM,100201,76"
2019-06-28 10:32:00.000000000,LAST_TRADE,"4,$100201.0000"
2019-06-28 10:32:00.000000000,QUERY_SPREAD,95
2019-06-28 10:32:00.000000000,BEST_BID,"JPM,99957,156"
2019-06-28 10:32:00.000000000,BEST_ASK,"JPM,100201,71"
2019-06-28 10:32:00.000000000,LAST_TRADE,"5,$100201.0000"
2019-06-28 10:32:00.000000000,QUERY_SPREAD,96
2019-06-28 10:32:00.000000000,BEST_BID,"JPM,99957,156"
2019-06-28 10:32:00.000000000,BEST_ASK,"JPM,100201,70"
2019-06-28 10:32:00.000000000,LAST_TRADE,"1,$100201.0000"
2019-06-28 10:32:00.000000000,QUERY_SPREAD,97
2019-06-28 10:32:00.000000000,BEST_BID,"JPM,99957,156"
2019-06-28 10:32:00.000000000,BEST_ASK,"JPM,100201,63"
2019-06-28 10:32:00.000000000,LAST_TRADE,"7,$100201.0000"
2019-06-28 10:32:00.000000000,QUERY_SPREAD,98
2019-06-28 10:32:00.000000000,BEST_BID,"JPM,99957,156"
2019-06-28 10:32:00.000000000,BEST_ASK,"JPM,100201,57"
2019-06-28 10:32:00.000000000,LAST_TRADE,"6,$100201.0000"
2019-06-28 10:32:00.000000000,QUERY_SPREAD,99
2019-06-28 10:32:00.000000000,BEST_BID,"JPM,99957,156"
2019-06-28 10:32:00.000000000,BEST_ASK,"JPM,100201,52"
2019-06-28 10:32:00.000000000,LAST_TRADE,"5,$100201.0000"
2019-06-28 10:32:00.000000000,QUERY_SPREAD,100
2019-06-28 10:32:00.000000000,BEST_BID,"JPM,99957,156"
2019-06-28 10:32:00.000000000,BEST_ASK,"JPM,100201,45"
2019-06-28 10:32:00.000000000,LAST_TRADE,"7,$100201.0000"
2019-06-28 10:32:00.000000000,QUERY_SPREAD,101
2019-06-28 10:32:00.000000000,QUERY_ORDER_STREAM,101
2019-06-28 10:32:10.000000000,QUERY_SPREAD,1
2019-06-28 10:32:10.000000000,BEST_BID,"JPM,99957,380"
2019-06-28 10:32:10.000000000,BEST_ASK,"JPM,100229,100"
2019-06-28 10:32:10.000000000,BEST_BID,"JPM,99957,380"
2019-06-28 10:32:10.000000000,BEST_ASK,"JPM,100229,380"
2019-06-28 10:32:20.000000000,QUERY_SPREAD,1
2019-06-28 10:32:20.000000000,BEST_BID,"JPM,99957,380"
2019-06-28 10:32:20.000000000,BEST_ASK,"JPM,100229,100"
2019-06-28 10:32:20.000000000,BEST_BID,"JPM,99957,380"
2019-06-28 10:32:20.000000000,BEST_ASK,"JPM,100229,380"
2019-06-28 10:32:30.000000000,QUERY_SPREAD,1
2019-06-28 10:32:30.000000000,BEST_BID,"JPM,99957,380"
2019-06-28 10:32:30.000000000,BEST_ASK,"JPM,100229,100"
2019-06-28 10:32:30.000000000,BEST_BID,"JPM,99957,380"
2019-06-28 10:32:30.000000000,BEST_ASK,"JPM,100229,380"
2019-06-28 10:32:37.578001420,QUERY_ORDER_STREAM,63
2019-06-28 10:32:37.578001420,QUERY_SPREAD,63
2019-06-28 10:32:37.578001420,BEST_BID,"JPM,100201,100"
2019-06-28 10:32:37.578001420,BEST_ASK,"JPM,100229,380"
2019-06-28 10:32:39.837272091,QUERY_SPREAD,5
2019-06-28 10:32:39.837272091,BEST_BID,"JPM,100201,100"
2019-06-28 10:32:39.837272091,BEST_ASK,"JPM,100229,280"
2019-06-28 10:32:39.837272091,LAST_TRADE,"100,$100229.0000"
2019-06-28 10:32:40.000000000,QUERY_SPREAD,1
2019-06-28 10:32:40.000000000,BEST_BID,"JPM,100201,240"
2019-06-28 10:32:40.000000000,BEST_ASK,"JPM,100360,100"
2019-06-28 10:32:40.000000000,BEST_BID,"JPM,100201,240"
2019-06-28 10:32:40.000000000,BEST_ASK,"JPM,100360,100"
2019-06-28 10:32:40.000000000,BEST_BID,"JPM,100201,240"
2019-06-28 10:32:40.000000000,BEST_ASK,"JPM,100360,240"
2019-06-28 10:32:40.000000000,BEST_BID,"JPM,100201,240"
2019-06-28 10:32:40.000000000,BEST_ASK,"JPM,100360,240"
2019-06-28 10:32:40.324053750,QUERY_SPREAD,18
2019-06-28 10:32:40.324053750,BEST_BID,"JPM,100201,240"
2019-06-28 10:32:40.324053750,BEST_ASK,"JPM,100360,140"
2019-06-28 10:32:40.324053750,LAST_TRADE,"100,$100360.0000"
2019-06-28 10:32:40.523928672,QUERY_SPREAD,12
2019-06-28 10:32:40.523928672,BEST_BID,"JPM,100201,240"
2019-06-28 10:32:40.523928672,BEST_ASK,"JPM,100360,140"
2019-06-28 10:32:50.000000000,QUERY_SPREAD,1
2019-06-28 10:32:50.000000000,BEST_BID,"JPM,100201,170"
2019-06-28 10:32:50.000000000,BEST_ASK,"JPM,100434,100"
2019-06-28 10:32:50.000000000,BEST_BID,"JPM,100201,170"
2019-06-28 10:32:50.000000000,BEST_ASK,"JPM,100434,100"
2019-06-28 10:32:50.000000000,BEST_BID,"JPM,100201,170"
2019-06-28 10:32:50.000000000,BEST_ASK,"JPM,100434,100"
2019-06-28 10:32:50.000000000,BEST_BID,"JPM,100201,170"
2019-06-28 10:32:50.000000000,BEST_ASK,"JPM,100434,100"
2019-06-28 10:32:50.000000000,BEST_BID,"JPM,100201,170"
2019-06-28 10:32:50.000000000,BEST_ASK,"JPM,100434,170"
2019-06-28 10:32:50.000000000,BEST_BID,"JPM,100201,170"
2019-06-28 10:32:50.000000000,BEST_ASK,"JPM,100434,170"
2019-06-28 10:32:50.000000000,BEST_BID,"JPM,100201,170"
2019-06-28 10:32:50.000000000,BEST_ASK,"JPM,100434,170"
2019-06-28 10:32:50.000000000,BEST_BID,"JPM,100201,170"
2019-06-28 10:32:50.000000000,BEST_ASK,"JPM,100434,170"
2019-06-28 10:33:00.000000000,QUERY_SPREAD,1
2019-06-28 10:33:00.000000000,BEST_BID,"JPM,100201,380"
2019-06-28 10:33:00.000000000,BEST_ASK,"JPM,100434,100"
2019-06-28 10:33:00.000000000,BEST_BID,"JPM,100201,380"
2019-06-28 10:33:00.000000000,BEST_ASK,"JPM,100434,380"
2019-06-28 10:33:00.000000000,QUERY_SPREAD,77
2019-06-28 10:33:00.000000000,BEST_BID,"JPM,100201,380"
2019-06-28 10:33:00.000000000,BEST_ASK,"JPM,100434,379"
2019-06-28 10:33:00.000000000,LAST_TRADE,"1,$100434.0000"
2019-06-28 10:33:00.000000000,QUERY_SPREAD,78
2019-06-28 10:33:00.000000000,BEST_BID,"JPM,100201,380"
2019-06-28 10:33:00.000000000,BEST_ASK,"JPM,100434,375"
2019-06-28 10:33:00.000000000,LAST_TRADE,"4,$100434.0000"
2019-06-28 10:33:00.000000000,QUERY_SPREAD,79
2019-06-28 10:33:00.000000000,BEST_BID,"JPM,100201,380"
2019-06-28 10:33:00.000000000,BEST_ASK,"JPM,100434,369"
2019-06-28 10:33:00.000000000,LAST_TRADE,"6,$100434.0000"
2019-06-28 10:33:00.000000000,QUERY_SPREAD,80
2019-06-28 10:33:00.000000000,BEST_BID,"JPM,100201,380"
2019-06-28 10:33:00.000000000,BEST_ASK,"JPM,100434,364"
2019-06-28 10:33:00.000000000,LAST_TRADE,"5,$100434.0000"
2019-06-28 10:33:00.000000000,QUERY_SPREAD,81
2019-06-28 10:33:00.000000000,BEST_BID,"JPM,100201,380"
2019-06-28 10:33:00.000000000,BEST_ASK,"JPM,100434,356"
2019-06-28 10:33:00.000000000,LAST_TRADE,"8,$100434.0000"
2019-06-28 10:33:00.000000000,QUERY_SPREAD,82
2019-06-28 10:33:00.000000000,BEST_BID,"JPM,100201,380"
2019-06-28 10:33:00.000000000,BEST_ASK,"JPM,100434,348"
2019-06-28 10:33:00.000000000,LAST_TRADE,"8,$100434.0000"
2019-06-28 10:33:00.000000000,QUERY_SPREAD,83
2019-06-28 10:33:00.000000000,BEST_BID,"JPM,100201,380"
2019-06-28 10:33:00.000000000,BEST_ASK,"JPM,100434,346"
2019-06-28 10:33:00.000000000,LAST_TRADE,"2,$100434.0000"
2019-06-28 10:33:00.000000000,QUERY_SPREAD,84
2019-06-28 10:33:00.000000000,BEST_BID,"JPM,100201,380"
2019-06-28 10:33:00.000000000,BEST_ASK,"JPM,100434,345"
2019-06-28 10:33:00.000000000,LAST_TRADE,"1,$100434.0000"
2019-06-28 10:33:00.000000000,QUERY_SPREAD,85
2019-06-28 10:33:00.000000000,BEST_BID,"JPM,100201,380"
2019-06-28 10:33:00.000000000,BEST_ASK,"JPM,100434,344"
2019-06-28 10:33:00.000000000,LAST_TRADE,"1,$100434.0000"
2019-06-28 10:33:00.000000000,QUERY_SPREAD,86
2019-06-28 10:33:00.000000000,BEST_BID,"JPM,100201,380"
2019-06-28 10:33:00.000000000,BEST_ASK,"JPM,100434,338"
2019-06-28 10:33:00.000000000,LAST_TRADE,"6,$100434.0000"
2019-06-28 10:33:00.000000000,QUERY_SPREAD,87
2019-06-28 10:33:00.000000000,BEST_BID,"JPM,100201,380"
2019-06-28 10:33:00.000000000,BEST_ASK,"JPM,100434,335"
2019-06-28 10:33:00.000000000,LAST_TRADE,"3,$100434.0000"
2019-06-28 10:33:00.000000000,QUERY_SPREAD,88
2019-06-28 10:33:00.000000000,BEST_BID,"JPM,100201,380"
2019-06-28 10:33:00.000000000,BEST_ASK,"JPM,100434,331"
2019-06-28 10:33:00.000000000,LAST_TRADE,"4,$100434.0000"
2019-06-28 10:33:00.000000000,QUERY_SPREAD,89
2019-06-28 10:33:00.000000000,BEST_BID,"JPM,100201,380"
2019-06-28 10:33:00.000000000,BEST_ASK,"JPM,100434,327"
2019-06-28 10:33:00.000000000,LAST_TRADE,"4,$100434.0000"
2019-06-28 10:33:00.000000000,QUERY_SPREAD,90
2019-06-28 10:33:00.000000000,BEST_BID,"JPM,100201,380"
2019-06-28 10:33:00.000000000,BEST_ASK,"JPM,100434,320"
2019-06-28 10:33:00.000000000,LAST_TRADE,"7,$100434.0000"
2019-06-28 10:33:00.000000000,QUERY_SPREAD,91
2019-06-28 10:33:00.000000000,BEST_BID,"JPM,100201,380"
2019-06-28 10:33:00.000000000,BEST_ASK,"JPM,100434,312"
2019-06-28 10:33:00.000000000,LAST_TRADE,"8,$100434.0000"
2019-06-28 10:33:00.000000000,QUERY_SPREAD,92
2019-06-28 10:33:00.000000000,BEST_BID,"JPM,100201,380"
2019-06-28 10:33:00.000000000,BEST_ASK,"JPM,100434,307"
2019-06-28 10:33:00.000000000,LAST_TRADE,"5,$100434.0000"
2019-06-28 10:33:00.000000000,QUERY_SPREAD,93
2019-06-28 10:33:00.000000000,BEST_BID,"JPM,100201,380"
2019-06-28 10:33:00.000000000,BEST_ASK,"JPM,100434,304"
2019-06-28 10:33:00.000000000,LAST_TRADE,"3,$100434.0000"
2019-06-28 10:33:00.000000000,QUERY_SPREAD,94
2019-06-28 10:33:00.000000000,BEST_BID,"JPM,100201,380"
2019-06-28 10:33:00.000000000,BEST_ASK,"JPM,100434,300"
2019-06-28 10:33:00.000000000,LAST_TRADE,"4,$100434.0000"
2019-06-28 10:33:00.000000000,QUERY_SPREAD,95
2019-06-28 10:33:00.000000000,BEST_BID,"JPM,100201,380"
2019-06-28 10:33:00.000000000,BEST_ASK,"JPM,100434,295"
2019-06-28 10:33:00.000000000,LAST_TRADE,"5,$100434.0000"
2019-06-28 10:33:00.000000000,QUERY_SPREAD,96
2019-06-28 10:33:00.000000000,BEST_BID,"JPM,100201,380"
2019-06-28 10:33:00.000000000,BEST_ASK,"JPM,100434,294"
2019-06-28 10:33:00.000000000,LAST_TRADE,"1,$100434.0000"
2019-06-28 10:33:00.000000000,QUERY_SPREAD,97
2019-06-28 10:33:00.000000000,BEST_BID,"JPM,100201,380"
2019-06-28 10:33:00.000000000,BEST_ASK,"JPM,100434,287"
2019-06-28 10:33:00.000000000,LAST_TRADE,"7,$100434.0000"
2019-06-28 10:33:00.000000000,QUERY_SPREAD,98
2019-06-28 10:33:00.000000000,BEST_BID,"JPM,100201,380"
2019-06-28 10:33:00.000000000,BEST_ASK,"JPM,100434,281"
2019-06-28 10:33:00.000000000,LAST_TRADE,"6,$100434.0000"
2019-06-28 10:33:00.000000000,QUERY_SPREAD,99
2019-06-28 10:33:00.000000000,BEST_BID,"JPM,100201,380"
2019-06-28 10:33:00.000000000,BEST_ASK,"JPM,100434,276"
2019-06-28 10:33:00.000000000,LAST_TRADE,"5,$100434.0000"
2019-06-28 10:33:00.000000000,QUERY_SPREAD,100
2019-06-28 10:33:00.000000000,BEST_BID,"JPM,100201,380"
2019-06-28 10:33:00.000000000,BEST_ASK,"JPM,100434,269"
2019-06-28 10:33:00.000000000,LAST_TRADE,"7,$100434.0000"
2019-06-28 10:33:00.000000000,QUERY_SPREAD,101
2019-06-28 10:33:00.000000000,QUERY_ORDER_STREAM,101
2019-06-28 10:33:00.000000000,BEST_BID,"JPM,100201,380"
2019-06-28 10:33:00.000000000,BEST_ASK,"JPM,100434,270"
2019-06-28 10:33:00.365259871,QUERY_ORDER_STREAM,72
2019-06-28 10:33:00.365259871,QUERY_SPREAD,72
2019-06-28 10:33:10.000000000,QUERY_SPREAD,1
2019-06-28 10:33:10.000000000,BEST_BID,"JPM,100201,170"
2019-06-28 10:33:10.000000000,BEST_ASK,"JPM,100434,1"
2019-06-28 10:33:10.000000000,BEST_BID,"JPM,100201,170"
2019-06-28 10:33:10.000000000,BEST_ASK,"JPM,100434,1"
2019-06-28 10:33:10.000000000,BEST_BID,"JPM,100201,170"
2019-06-28 10:33:10.000000000,BEST_ASK,"JPM,100434,1"
2019-06-28 10:33:10.000000000,BEST_BID,"JPM,100201,170"
2019-06-28 10:33:10.000000000,BEST_ASK,"JPM,100434,1"
2019-06-28 10:33:10.000000000,BEST_BID,"JPM,100201,170"
2019-06-28 10:33:10.000000000,BEST_ASK,"JPM,100434,71"
2019-06-28 10:33:10.000000000,BEST_BID,"JPM,100201,170"
2019-06-28 10:33:10.000000000,BEST_ASK,"JPM,100434,71"
2019-06-28 10:33:10.000000000,BEST_BID,"JPM,100201,170"
2019-06-28 10:33:10.000000000,BEST_ASK,"JPM,100434,71"
2019-06-28 10:33:10.000000000,BEST_BID,"JPM,100201,170"
2019-06-28 10:33:10.000000000,BEST_ASK,"JPM,100434,71"
2019-06-28 10:33:20.000000000,QUERY_SPREAD,1
2019-06-28 10:33:20.000000000,BEST_BID,"JPM,100201,156"
2019-06-28 10:33:20.000000000,BEST_ASK,"JPM,100434,1"
2019-06-28 10:33:20.000000000,BEST_BID,"JPM,100201,156"
2019-06-28 10:33:20.000000000,BEST_ASK,"JPM,100434,1"
2019-06-28 10:33:20.000000000,BEST_BID,"JPM,100201,156"
2019-06-28 10:33:20.000000000,BEST_ASK,"JPM,100434,1"
2019-06-28 10:33:20.000000000,BEST_BID,"JPM,100201,156"
2019-06-28 10:33:20.000000000,BEST_ASK,"JPM,100434,1"
2019-06-28 10:33:20.000000000,BEST_BID,"JPM,100201,156"
2019-06-28 10:33:20.000000000,BEST_ASK,"JPM,100434,1"
2019-06-28 10:33:20.000000000,BEST_BID,"JPM,100201,156"
2019-06-28 10:33:20.000000000,BEST_ASK,"JPM,100434,57"
2019-06-28 10:33:20.000000000,BEST_BID,"JPM,100201,156"
2019-06-28 10:33:20.000000000,BEST_ASK,"JPM,100434,57"
2019-06-28 10:33:20.000000000,BEST_BID,"JPM,100201,156"
2019-06-28 10:33:20.000000000,BEST_ASK,"JPM,100434,57"
2019-06-28 10:33:20.000000000,BEST_BID,"JPM,100201,156"
2019-06-28 10:33:20.000000000,BEST_ASK,"JPM,100434,57"
2019-06-28 10:33:20.000000000,BEST_BID,"JPM,100201,156"
2019-06-28 10:33:20.000000000,BEST_ASK,"JPM,100434,57"
2019-06-28 10:33:22.670730852,QUERY_ORDER_STREAM,69
2019-06-28 10:33:22.670730852,QUERY_SPREAD,69
2019-06-28 10:33:22.670730852,BEST_BID,"JPM,100201,156"
2019-06-28 10:33:22.670730852,BEST_ASK,"JPM,100434,157"
2019-06-28 10:33:28.203595225,QUERY_ORDER_STREAM,68
2019-06-28 10:33:28.203595225,QUERY_SPREAD,68
2019-06-28 10:33:28.203595225,BEST_BID,"JPM,100201,156"
2019-06-28 10:33:28.203595225,BEST_ASK,"JPM,100434,57"
2019-06-28 10:33:28.203595225,LAST_TRADE,"100,$100434.0000"
2019-06-28 10:33:30.000000000,QUERY_SPREAD,1
2019-06-28 10:33:30.000000000,BEST_BID,"JPM,100201,170"
2019-06-28 10:33:30.000000000,BEST_ASK,"JPM,100434,57"
2019-06-28 10:33:30.000000000,BEST_BID,"JPM,100201,170"
2019-06-28 10:33:30.000000000,BEST_ASK,"JPM,100434,57"
2019-06-28 10:33:30.000000000,BEST_BID,"JPM,100201,170"
2019-06-28 10:33:30.000000000,BEST_ASK,"JPM,100434,57"
2019-06-28 10:33:30.000000000,BEST_BID,"JPM,100201,170"
2019-06-28 10:33:30.000000000,BEST_ASK,"JPM,100434,57"
2019-06-28 10:33:30.000000000,BEST_BID,"JPM,100201,170"
2019-06-28 10:33:30.000000000,BEST_ASK,"JPM,100434,127"
2019-06-28 10:33:30.000000000,BEST_BID,"JPM,100201,170"
2019-06-28 10:33:30.000000000,BEST_ASK,"JPM,100434,127"
2019-06-28 10:33:30.000000000,BEST_BID,"JPM,100201,170"
2019-06-28 10:33:30.000000000,BEST_ASK,"JPM,100434,127"
2019-06-28 10:33:30.000000000,BEST_BID,"JPM,100201,170"
2019-06-28 10:33:30.000000000,BEST_ASK,"JPM,100434,127"
2019-06-28 10:33:31.795570931,QUERY_ORDER_STREAM,52
2019-06-28 10:33:31.795570931,QUERY_SPREAD,52
2019-06-28 10:33:31.795570931,BEST_BID,"JPM,100201,170"
2019-06-28 10:33:31.795570931,BEST_ASK,"JPM,100434,27"
2019-06-28 10:33:31.795570931,LAST_TRADE,"100,$100434.0000"
2019-06-28 10:33:40.000000000,QUERY_SPREAD,1
2019-06-28 10:33:40.000000000,BEST_BID,"JPM,100201,380"
2019-06-28 10:33:40.000000000,BEST_ASK,"JPM,100476,100"
2019-06-28 10:33:40.000000000,BEST_BID,"JPM,100201,380"
2019-06-28 10:33:40.000000000,BEST_ASK,"JPM,100476,380"
2019-06-28 10:33:40.012892017,QUERY_ORDER_STREAM,67
2019-06-28 10:33:40.012892017,QUERY_SPREAD,67
2019-06-28 10:33:48.653014338,QUERY_SPREAD,50
2019-06-28 10:33:48.653014338,BEST_BID,"JPM,100248,100"
2019-06-28 10:33:48.653014338,BEST_ASK,"JPM,100476,380"
2019-06-28 10:33:50.000000000,QUERY_SPREAD,1
2019-06-28 10:33:50.000000000,BEST_BID,"JPM,100248,240"
2019-06-28 10:33:50.000000000,BEST_ASK,"JPM,100476,100"
2019-06-28 10:33:50.000000000,BEST_BID,"JPM,100248,240"
2019-06-28 10:33:50.000000000,BEST_ASK,"JPM,100476,100"
2019-06-28 10:33:50.000000000,BEST_BID,"JPM,100248,240"
2019-06-28 10:33:50.000000000,BEST_ASK,"JPM,100476,240"
2019-06-28 10:33:50.000000000,BEST_BID,"JPM,100248,240"
2019-06-28 10:33:50.000000000,BEST_ASK,"JPM,100476,240"
2019-06-28 10:34:00.000000000,QUERY_SPREAD,1
2019-06-28 10:34:00.000000000,BEST_BID,"JPM,100248,380"
2019-06-28 10:34:00.000000000,BEST_ASK,"JPM,100476,100"
2019-06-28 10:34:00.000000000,BEST_BID,"JPM,100248,380"
2019-06-28 10:34:00.000000000,BEST_ASK,"JPM,100476,380"
2019-06-28 10:34:00.000000000,QUERY_SPREAD,77
2019-06-28 10:34:00.000000000,BEST_BID,"JPM,100248,380"
2019-06-28 10:34:00.000000000,BEST_ASK,"JPM,100476,379"
2019-06-28 10:34:00.000000000,LAST_TRADE,"1,$100476.0000"
2019-06-28 10:34:00.000000000,QUERY_SPREAD,78
2019-06-28 10:34:00.000000000,BEST_BID,"JPM,100248,380"
2019-06-28 10:34:00.000000000,BEST_ASK,"JPM,100476,375"
2019-06-28 10:34:00.000000000,LAST_TRADE,"4,$100476.0000"
2019-06-28 10:34:00.000000000,QUERY_SPREAD,79
2019-06-28 10:34:00.000000000,BEST_BID,"JPM,100248,380"
2019-06-28 10:34:00.000000000,BEST_ASK,"JPM,100476,369"
2019-06-28 10:34:00.000000000,LAST_TRADE,"6,$100476.0000"
2019-06-28 10:34:00.000000000,QUERY_SPREAD,80
2019-06-28 10:34:00.000000000,BEST_BID,"JPM,100248,380"
2019-06-28 10:34:00.000000000,BEST_ASK,"JPM,100476,364"
2019-06-28 10:34:00.000000000,LAST_TRADE,"5,$100476.0000"
2019-06-28 10:34:00.000000000,QUERY_SPREAD,81
2019-06-28 10:34:00.000000000,BEST_BID,"JPM,100248,380"
2019-06-28 10:34:00.000000000,BEST_ASK,"JPM,100476,356"
2019-06-28 10:34:00.000000000,LAST_TRADE,"8,$100476.0000"
2019-06-28 10:34:00.000000000,QUERY_SPREAD,82
2019-06-28 10:34:00.000000000,BEST_BID,"JPM,100248,380"
2019-06-28 10:34:00.000000000,BEST_ASK,"JPM,100476,348"
2019-06-28 10:34:00.000000000,LAST_TRADE,"8,$100476.0000"
2019-06-28 10:34:00.000000000,QUERY_SPREAD,83
2019-06-28 10:34:00.000000000,BEST_BID,"JPM,100248,380"
2019-06-28 10:34:00.000000000,BEST_ASK,"JPM,100476,346"
2019-06-28 10:34:00.000000000,LAST_TRADE,"2,$100476.0000"
2019-06-28 10:34:00.000000000,QUERY_SPREAD,84
2019-06-28 10:34:00.000000000,BEST_BID,"JPM,100248,380"
2019-06-28 10:34:00.000000000,BEST_ASK,"JPM,100476,345"
2019-06-28 10:34:00.000000000,LAST_TRADE,"1,$100476.0000"
2019-06-28 10:34:00.000000000,QUERY_SPREAD,85
2019-06-28 10:34:00.000000000,BEST_BID,"JPM,100248,380"
2019-06-28 10:34:00.000000000,BEST_ASK,"JPM,100476,344"
2019-06-28 10:34:00.000000000,LAST_TRADE,"1,$100476.0000"
2019-06-28 10:34:00.000000000,QUERY_SPREAD,86
2019-06-28 10:34:00.000000000,BEST_BID,"JPM,100248,380"
2019-06-28 10:34:00.000000000,BEST_ASK,"JPM,100476,338"
2019-06-28 10:34:00.000000000,LAST_TRADE,"6,$100476.0000"
2019-06-28 10:34:00.000000000,QUERY_SPREAD,87
2019-06-28 10:34:00.000000000,BEST_BID,"JPM,100248,380"
2019-06-28 10:34:00.000000000,BEST_ASK,"JPM,100476,335"
2019-06-28 10:34:00.000000000,LAST_TRADE,"3,$100476.0000"
2019-06-28 10:34:00.000000000,QUERY_SPREAD,88
2019-06-28 10:34:00.000000000,BEST_BID,"JPM,100248,380"
2019-06-28 10:34:00.000000000,BEST_ASK,"JPM,100476,331"
2019-06-28 10:34:00.000000000,LAST_TRADE,"4,$100476.0000"
2019-06-28 10:34:00.000000000,QUERY_SPREAD,89
2019-06-28 10:34:00.000000000,BEST_BID,"JPM,100248,380"
2019-06-28 10:34:00.000000000,BEST_ASK,"JPM,100476,327"
2019-06-28 10:34:00.000000000,LAST_TRADE,"4,$100476.0000"
2019-06-28 10:34:00.000000000,QUERY_SPREAD,90
2019-06-28 10:34:00.000000000,BEST_BID,"JPM,100248,380"
2019-06-28 10:34:00.000000000,BEST_ASK,"JPM,100476,320"
2019-06-28 10:34:00.000000000,LAST_TRADE,"7,$100476.0000"
2019-06-28 10:34:00.000000000,QUERY_SPREAD,91
2019-06-28 10:34:00.000000000,BEST_BID,"JPM,100248,380"
2019-06-28 10:34:00.000000000,BEST_ASK,"JPM,100476,312"
2019-06-28 10:34:00.000000000,LAST_TRADE,"8,$100476.0000"
2019-06-28 10:34:00.000000000,QUERY_SPREAD,92
2019-06-28 10:34:00.000000000,BEST_BID,"JPM,100248,380"
2019-06-28 10:34:00.000000000,BEST_ASK,"JPM,100476,307"
2019-06-28 10:34:00.000000000,LAST_TRADE,"5,$100476.0000"
2019-06-28 10:34:00.000000000,QUERY_SPREAD,93
2019-06-28 10:34:00.000000000,BEST_BID,"JPM,100248,380"
2019-06-28 10:34:00.000000000,BEST_ASK,"JPM,100476,304"
2019-06-28 10:34:00.000000000,LAST_TRADE,"3,$100476.0000"
2019-06-28 10:34:00.000000000,QUERY_SPREAD,94
2019-06-28 10:34:00.000000000,BEST_BID,"JPM,100248,380"
2019-06-28 10:34:00.000000000,BEST_ASK,"JPM,100476,300"
2019-06-28 10:34:00.000000000,LAST_TRADE,"4,$100476.0000"
2019-06-28 10:34:00.000000000,QUERY_SPREAD,95
2019-06-28 10:34:00.000000000,BEST_BID,"JPM,100248,380"
2019-06-28 10:34:00.000000000,BEST_ASK,"JPM,100476,295"
2019-06-28 10:34:00.000000000,LAST_TRADE,"5,$100476.0000"
2019-06-28 10:34:00.000000000,QUERY_SPREAD,96
2019-06-28 10:34:00.000000000,BEST_BID,"JPM,100248,380"
2019-06-28 10:34:00.000000000,BEST_ASK,"JPM,100476,294"
2019-06-28 10:34:00.000000000,LAST_TRADE,"1,$100476.0000"
2019-06-28 10:34:00.000000000,QUERY_SPREAD,97
2019-06-28 10:34:00.000000000,BEST_BID,"JPM,100248,380"
2019-06-28 10:34:00.000000000,BEST_ASK,"JPM,100476,287"
2019-06-28 10:34:00.000000000,LAST_TRADE,"7,$100476.0000"
2019-06-28 10:34:00.000000000,QUERY_SPREAD,98
2019-06-28 10:34:00.000000000,BEST_BID,"JPM,100248,380"
2019-06-28 10:34:00.000000000,BEST_ASK,"JPM,100476,281"
2019-06-28 10:34:00.000000000,LAST_TRADE,"6,$100476.0000"
2019-06-28 10:34:00.000000000,QUERY_SPREAD,99
2019-06-28 10:34:00.000000000,BEST_BID,"JPM,100248,380"
2019-06-28 10:34:00.000000000,BEST_ASK,"JPM,100476,276"
2019-06-28 10:34:00.000000000,LAST_TRADE,"5,$100476.0000"
2019-06-28 10:34:00.000000000,QUERY_SPREAD,100
2019-06-28 10:34:00.000000000,BEST_BID,"JPM,100248,380"
2019-06-28 10:34:00.000000000,BEST_ASK,"JPM,100476,269"
2019-06-28 10:34:00.000000000,LAST_TRADE,"7,$100476.0000"
2019-06-28 10:34:00.000000000,QUERY_SPREAD,101
2019-06-28 10:34:00.000000000,QUERY_ORDER_STREAM,101
2019-06-28 10:34:00.000000000,BEST_BID,"JPM,100248,380"
2019-06-28 10:34:00.000000000,BEST_ASK,"JPM,100476,270"
2019-06-28 10:34:10.000000000,QUERY_SPREAD,1
2019-06-28 10:34:10.000000000,BEST_BID,"JPM,100248,195"
2019-06-28 10:34:10.000000000,BEST_ASK,"JPM,100476,1"
2019-06-28 10:34:10.000000000,BEST_BID,"JPM,100248,195"
2019-06-28 10:34:10.000000000,BEST_ASK,"JPM,100476,1"
2019-06-28 10:34:10.000000000,BEST_BID,"JPM,100248,195"
2019-06-28 10:34:10.000000000,BEST_ASK,"JPM,100476,1"
2019-06-28 10:34:10.000000000,BEST_BID,"JPM,100248,195"
2019-06-28 10:34:10.000000000,BEST_ASK,"JPM,100476,96"
2019-06-28 10:34:10.000000000,BEST_BID,"JPM,100248,195"
2019-06-28 10:34:10.000000000,BEST_ASK,"JPM,100476,96"
2019-06-28 10:34:10.000000000,BEST_BID,"JPM,100248,195"
2019-06-28 10:34:10.000000000,BEST_ASK,"JPM,100476,96"
2019-06-28 10:34:16.135113480,QUERY_ORDER_STREAM,65
2019-06-28 10:34:16.135113480,QUERY_SPREAD,65
2019-06-28 10:34:20.000000000,QUERY_SPREAD,1
2019-06-28 10:34:20.000000000,BEST_BID,"JPM,100248,156"
2019-06-28 10:34:20.000000000,BEST_ASK,"JPM,100476,1"
2019-06-28 10:34:20.000000000,BEST_BID,"JPM,100248,156"
2019-06-28 10:34:20.000000000,BEST_ASK,"JPM,100476,1"
2019-06-28 10:34:20.000000000,BEST_BID,"JPM,100248,156"
2019-06-28 10:34:20.000000000,BEST_ASK,"JPM,100476,1"
2019-06-28 10:34:20.000000000,BEST_BID,"JPM,100248,156"
2019-06-28 10:34:20.000000000,BEST_ASK,"JPM,100476,1"
2019-06-28 10:34:20.000000000,BEST_BID,"JPM,100248,156"
2019-06-28 10:34:20.000000000,BEST_ASK,"JPM,100476,1"
2019-06-28 10:34:20.000000000,BEST_BID,"JPM,100248,156"
2019-06-28 10:34:20.000000000,BEST_ASK,"JPM,100476,57"
2019-06-28 10:34:20.000000000,BEST_BID,"JPM,100248,156"
2019-06-28 10:34:20.000000000,BEST_ASK,"JPM,100476,57"
2019-06-28 10:34:20.000000000,BEST_BID,"JPM,100248,156"
2019-06-28 10:34:20.000000000,BEST_ASK,"JPM,100476,57"
2019-06-28 10:34:20.000000000,BEST_BID,"JPM,100248,156"
2019-06-28 10:34:20.000000000,BEST_ASK,"JPM,100476,57"
2019-06-28 10:34:20.000000000,BEST_BID,"JPM,100248,156"
2019-06-28 10:34:20.000000000,BEST_ASK,"JPM,100476,57"
2019-06-28 10:34:24.600775271,QUERY_ORDER_STREAM,58
2019-06-28 10:34:24.600775271,QUERY_SPREAD,58
2019-06-28 10:34:24.600775271,BEST_BID,"JPM,100248,156"
2019-06-28 10:34:24.600775271,BEST_ASK,"JPM,100476,157"
2019-06-28 10:34:30.000000000,QUERY_SPREAD,1
2019-06-28 10:34:30.000000000,BEST_BID,"JPM,100248,170"
2019-06-28 10:34:30.000000000,BEST_ASK,"JPM,100476,101"
2019-06-28 10:34:30.000000000,BEST_BID,"JPM,100248,170"
2019-06-28 10:34:30.000000000,BEST_ASK,"JPM,100476,101"
2019-06-28 10:34:30.000000000,BEST_BID,"JPM,100248,170"
2019-06-28 10:34:30.000000000,BEST_ASK,"JPM,100476,101"
2019-06-28 10:34:30.000000000,BEST_BID,"JPM,100248,170"
2019-06-28 10:34:30.000000000,BEST_ASK,"JPM,100476,101"
2019-06-28 10:34:30.000000000,BEST_BID,"JPM,100248,170"
2019-06-28 10:34:30.000000000,BEST_ASK,"JPM,100476,171"
2019-06-28 10:34:30.000000000,BEST_BID,"JPM,100248,170"
2019-06-28 10:34:30.000000000,BEST_ASK,"JPM,100476,171"
2019-06-28 10:34:30.000000000,BEST_BID,"JPM,100248,170"
2019-06-28 10:34:30.000000000,BEST_ASK,"JPM,100476,171"
2019-06-28 10:34:30.000000000,BEST_BID,"JPM,100248,170"
2019-06-28 10:34:30.000000000,BEST_ASK,"JPM,100476,171"
2019-06-28 10:34:33.929688182,QUERY_SPREAD,34
2019-06-28 10:34:33.929688182,BEST_BID,"JPM,100415,100"
2019-06-28 10:34:33.929688182,BEST_ASK,"JPM,100476,171"
2019-06-28 10:34:39.691468966,QUERY_ORDER_STREAM,57
2019-06-28 10:34:39.691468966,QUERY_SPREAD,57
2019-06-28 10:34:39.691468966,BEST_BID,"JPM,100415,100"
2019-06-28 10:34:39.691468966,BEST_ASK,"JPM,100476,271"
2019-06-28 10:34:40.000000000,QUERY_SPREAD,1
2019-06-28 10:34:40.000000000,BEST_BID,"JPM,100415,195"
2019-06-28 10:34:40.000000000,BEST_ASK,"JPM,100476,201"
2019-06-28 10:34:40.000000000,BEST_BID,"JPM,100415,195"
2019-06-28 10:34:40.000000000,BEST_ASK,"JPM,100476,201"
2019-06-28 10:34:40.000000000,BEST_BID,"JPM,100415,195"
2019-06-28 10:34:40.000000000,BEST_ASK,"JPM,100476,201"
2019-06-28 10:34:40.000000000,BEST_BID,"JPM,100415,195"
2019-06-28 10:34:40.000000000,BEST_ASK,"JPM,100476,296"
2019-06-28 10:34:40.000000000,BEST_BID,"JPM,100415,195"
2019-06-28 10:34:40.000000000,BEST_ASK,"JPM,100476,296"
2019-06-28 10:34:40.000000000,BEST_BID,"JPM,100415,195"
2019-06-28 10:34:40.000000000,BEST_ASK,"JPM,100476,296"
2019-06-28 10:34:50.000000000,QUERY_SPREAD,1
2019-06-28 10:34:50.000000000,BEST_BID,"JPM,100415,170"
2019-06-28 10:34:50.000000000,BEST_ASK,"JPM,100476,201"
2019-06-28 10:34:50.000000000,BEST_BID,"JPM,100415,170"
2019-06-28 10:34:50.000000000,BEST_ASK,"JPM,100476,201"
2019-06-28 10:34:50.000000000,BEST_BID,"JPM,100415,170"
2019-06-28 10:34:50.000000000,BEST_ASK,"JPM,100476,201"
2019-06-28 10:34:50.000000000,BEST_BID,"JPM,100415,170"
2019-06-28 10:34:50.000000000,BEST_ASK,"JPM,100476,201"
2019-06-28 10:34:50.000000000,BEST_BID,"JPM,100415,170"
2019-06-28 10:34:50.000000000,BEST_ASK,"JPM,100476,271"
2019-06-28 10:34:50.000000000,BEST_BID,"JPM,100415,170"
2019-06-28 10:34:50.000000000,BEST_ASK,"JPM,100476,271"
2019-06-28 10:34:50.000000000,BEST_BID,"JPM,100415,170"
2019-06-28 10:34:50.000000000,BEST_ASK,"JPM,100476,271"
2019-06-28 10:34:50.000000000,BEST_BID,"JPM,100415,170"
2019-06-28 10:34:50.000000000,BEST_ASK,"JPM,100476,271"
2019-06-28 10:35:00.000000000,QUERY_SPREAD,1
2019-06-28 10:35:00.000000000,BEST_BID,"JPM,100415,240"
2019-06-28 10:35:00.000000000,BEST_ASK,"JPM,100476,201"
2019-06-28 10:35:00.000000000,BEST_BID,"JPM,100415,240"
2019-06-28 10:35:00.000000000,BEST_ASK,"JPM,100476,201"
2019-06-28 10:35:00.000000000,BEST_BID,"JPM,100415,240"
2019-06-28 10:35:00.000000000,BEST_ASK,"JPM,100476,341"
2019-06-28 10:35:00.000000000,BEST_BID,"JPM,100415,240"
2019-06-28 10:35:00.000000000,BEST_ASK,"JPM,100476,341"
2019-06-28 10:35:00.000000000,QUERY_SPREAD,77
2019-06-28 10:35:00.000000000,BEST_BID,"JPM,100415,240"
2019-06-28 10:35:00.000000000,BEST_ASK,"JPM,100476,340"
2019-06-28 10:35:00.000000000,LAST_TRADE,"1,$100476.0000"
2019-06-28 10:35:00.000000000,QUERY_SPREAD,78
2019-06-28 10:35:00.000000000,BEST_BID,"JPM,100415,240"
2019-06-28 10:35:00.000000000,BEST_ASK,"JPM,100476,336"
2019-06-28 10:35:00.000000000,LAST_TRADE,"4,$100476.0000"
2019-06-28 10:35:00.000000000,QUERY_SPREAD,79
2019-06-28 10:35:00.000000000,BEST_BID,"JPM,100415,240"
2019-06-28 10:35:00.000000000,BEST_ASK,"JPM,100476,330"
2019-06-28 10:35:00.000000000,LAST_TRADE,"6,$100476.0000"
2019-06-28 10:35:00.000000000,QUERY_SPREAD,80
2019-06-28 10:35:00.000000000,BEST_BID,"JPM,100415,240"
2019-06-28 10:35:00.000000000,BEST_ASK,"JPM,100476,325"
2019-06-28 10:35:00.000000000,LAST_TRADE,"5,$100476.0000"
2019-06-28 10:35:00.000000000,QUERY_SPREAD,81
2019-06-28 10:35:00.000000000,BEST_BID,"JPM,100415,240"
2019-06-28 10:35:00.000000000,BEST_ASK,"JPM,100476,317"
2019-06-28 10:35:00.000000000,LAST_TRADE,"8,$100476.0000"
2019-06-28 10:35:00.000000000,QUERY_SPREAD,82
2019-06-28 10:35:00.000000000,BEST_BID,"JPM,100415,240"
2019-06-28 10:35:00.000000000,BEST_ASK,"JPM,100476,309"
2019-06-28 10:35:00.000000000,LAST_TRADE,"8,$100476.0000"
2019-06-28 10:35:00.000000000,QUERY_SPREAD,83
2019-06-28 10:35:00.000000000,BEST_BID,"JPM,100415,240"
2019-06-28 10:35:00.000000000,BEST_ASK,"JPM,100476,307"
2019-06-28 10:35:00.000000000,LAST_TRADE,"2,$100476.0000"
2019-06-28 10:35:00.000000000,QUERY_SPREAD,84
2019-06-28 10:35:00.000000000,BEST_BID,"JPM,100415,240"
2019-06-28 10:35:00.000000000,BEST_ASK,"JPM,100476,306"
2019-06-28 10:35:00.000000000,LAST_TRADE,"1,$100476.0000"
2019-06-28 10:35:00.000000000,QUERY_SPREAD,85
2019-06-28 10:35:00.000000000,BEST_BID,"JPM,100415,240"
2019-06-28 10:35:00.000000000,BEST_ASK,"JPM,100476,305"
2019-06-28 10:35:00.000000000,LAST_TRADE,"1,$100476.0000"
2019-06-28 10:35:00.000000000,QUERY_SPREAD,86
2019-06-28 10:35:00.000000000,BEST_BID,"JPM,100415,240"
2019-06-28 10:35:00.000000000,BEST_ASK,"JPM,100476,299"
2019-06-28 10:35:00.000000000,LAST_TRADE,"6,$100476.0000"
2019-06-28 10:35:00.000000000,QUERY_SPREAD,87
2019-06-28 10:35:00.000000000,BEST_BID,"JPM,100415,240"
2019-06-28 10:35:00.000000000,BEST_ASK,"JPM,100476,296"
2019-06-28 10:35:00.000000000,LAST_TRADE,"3,$100476.0000"
2019-06-28 10:35:00.000000000,QUERY_SPREAD,88
2019-06-28 10:35:00.000000000,BEST_BID,"JPM,100415,240"
2019-06-28 10:35:00.000000000,BEST_ASK,"JPM,100476,292"
2019-06-28 10:35:00.000000000,LAST_TRADE,"4,$100476.0000"
2019-06-28 10:35:00.000000000,QUERY_SPREAD,89
2019-06-28 10:35:00.000000000,BEST_BID,"JPM,100415,240"
2019-06-28 10:35:00.000000000,BEST_ASK,"JPM,100476,288"
2019-06-28 10:35:00.000000000,LAST_TRADE,"4,$100476.0000"
2019-06-28 10:35:00.000000000,QUERY_SPREAD,90
2019-06-28 10:35:00.000000000,BEST_BID,"JPM,100415,240"
2019-06-28 10:35:00.000000000,BEST_ASK,"JPM,100476,281"
2019-06-28 10:35:00.000000000,LAST_TRADE,"7,$100476.0000"
2019-06-28 10:35:00.000000000,QUERY_SPREAD,91
2019-06-28 10:35:00.000000000,BEST_BID,"JPM,100415,240"
2019-06-28 10:35:00.000000000,BEST_ASK,"JPM,100476,273"
2019-06-28 10:35:00.000000000,LAST_TRADE,"8,$100476.0000"
2019-06-28 10:35:00.000000000,QUERY_SPREAD,92
2019-06-28 10:35:00.000000000,BEST_BID,"JPM,100415,240"
2019-06-28 10:35:00.000000000,BEST_ASK,"JPM,100476,268"
2019-06-28 10:35:00.000000000,LAST_TRADE,"5,$100476.0000"
2019-06-28 10:35:00.000000000,QUERY_SPREAD,93
2019-06-28 10:35:00.000000000,BEST_BID,"JPM,100415,240"
2019-06-28 10:35:00.000000000,BEST_ASK,"JPM,100476,265"
2019-06-28 10:35:00.000000000,LAST_TRADE,"3,$100476.0000"
2019-06-28 10:35:00.000000000,QUERY_SPREAD,94
2019-06-28 10:35:00.000000000,BEST_BID,"JPM,100415,240"
2019-06-28 10:35:00.000000000,BEST_ASK,"JPM,100476,261"
2019-06-28 10:35:00.000000000,LAST_TRADE,"4,$100476.0000"
2019-06-28 10:35:00.000000000,QUERY_SPREAD,95
2019-06-28 10:35:00.000000000,BEST_BID,"JPM,100415,240"
2019-06-28 10:35:00.000000000,BEST_ASK,"JPM,100476,256"
2019-06-28 10:35:00.000000000,LAST_TRADE,"5,$100476.0000"
2019-06-28 10:35:00.000000000,QUERY_SPREAD,96
2019-06-28 10:35:00.000000000,BEST_BID,"JPM,100415,240"
2019-06-28 10:35:00.000000000,BEST_ASK,"JPM,100476,255"
2019-06-28 10:35:00.000000000,LAST_TRADE,"1,$100476.0000"
2019-06-28 10:35:00.000000000,QUERY_SPREAD,97
2019-06-28 10:35:00.000000000,BEST_BID,"JPM,100415,240"
2019-06-28 10:35:00.000000000,BEST_ASK,"JPM,100476,248"
2019-06-28 10:35:00.000000000,LAST_TRADE,"7,$100476.0000"
2019-06-28 10:35:00.000000000,QUERY_SPREAD,98
2019-06-28 10:35:00.000000000,BEST_BID,"JPM,100415,240"
2019-06-28 10:35:00.000000000,BEST_ASK,"JPM,100476,242"
2019-06-28 10:35:00.000000000,LAST_TRADE,"6,$100476.0000"
2019-06-28 10:35:00.000000000,QUERY_SPREAD,99
2019-06-28 10:35:00.000000000,BEST_BID,"JPM,100415,240"
2019-06-28 10:35:00.000000000,BEST_ASK,"JPM,100476,237"
2019-06-28 10:35:00.000000000,LAST_TRADE,"5,$100476.0000"
2019-06-28 10:35:00.000000000,QUERY_SPREAD,100
2019-06-28 10:35:00.000000000,BEST_BID,"JPM,100415,240"
2019-06-28 10:35:00.000000000,BEST_ASK,"JPM,100476,230"
2019-06-28 10:35:00.000000000,LAST_TRADE,"7,$100476.0000"
2019-06-28 10:35:00.000000000,QUERY_SPREAD,101
2019-06-28 10:35:00.000000000,QUERY_ORDER_STREAM,101
2019-06-28 10:35:00.000000000,BEST_BID,"JPM,100415,240"
2019-06-28 10:35:00.000000000,BEST_ASK,"JPM,100476,231"
2019-06-28 10:35:00.366192512,QUERY_ORDER_STREAM,74
2019-06-28 10:35:00.366192512,QUERY_SPREAD,74
2019-06-28 10:35:10.000000000,QUERY_SPREAD,1
2019-06-28 10:35:10.000000000,BEST_BID,"JPM,100415,170"
2019-06-28 10:35:10.000000000,BEST_ASK,"JPM,100476,91"
2019-06-28 10:35:10.000000000,BEST_BID,"JPM,100415,170"
2019-06-28 10:35:10.000000000,BEST_ASK,"JPM,100476,91"
2019-06-28 10:35:10.000000000,BEST_BID,"JPM,100415,170"
2019-06-28 10:35:10.000000000,BEST_ASK,"JPM,100476,91"
2019-06-28 10:35:10.000000000,BEST_BID,"JPM,100415,170"
2019-06-28 10:35:10.000000000,BEST_ASK,"JPM,100476,91"
2019-06-28 10:35:10.000000000,BEST_BID,"JPM,100415,170"
2019-06-28 10:35:10.000000000,BEST_ASK,"JPM,100476,161"
2019-06-28 10:35:10.000000000,BEST_BID,"JPM,100415,170"
2019-06-28 10:35:10.000000000,BEST_ASK,"JPM,100476,161"
2019-06-28 10:35:10.000000000,BEST_BID,"JPM,100415,170"
2019-06-28 10:35:10.000000000,BEST_ASK,"JPM,100476,161"
2019-06-28 10:35:10.000000000,BEST_BID,"JPM,100415,170"
2019-06-28 10:35:10.000000000,BEST_ASK,"JPM,100476,161"
2019-06-28 10:35:20.000000000,QUERY_SPREAD,1
2019-06-28 10:35:20.000000000,BEST_BID,"JPM,100415,380"
2019-06-28 10:35:20.000000000,BEST_ASK,"JPM,100476,91"
2019-06-28 10:35:20.000000000,BEST_BID,"JPM,100415,380"
2019-06-28 10:35:20.000000000,BEST_ASK,"JPM,100476,371"
2019-06-28 10:35:30.000000000,QUERY_SPREAD,1
2019-06-28 10:35:30.000000000,BEST_BID,"JPM,100415,195"
2019-06-28 10:35:30.000000000,BEST_ASK,"JPM,100476,91"
2019-06-28 10:35:30.000000000,BEST_BID,"JPM,100415,195"
2019-06-28 10:35:30.000000000,BEST_ASK,"JPM,100476,91"
2019-06-28 10:35:30.000000000,BEST_BID,"JPM,100415,195"
2019-06-28 10:35:30.000000000,BEST_ASK,"JPM,100476,91"
2019-06-28 10:35:30.000000000,BEST_BID,"JPM,100415,195"
2019-06-28 10:35:30.000000000,BEST_ASK,"JPM,100476,186"
2019-06-28 10:35:30.000000000,BEST_BID,"JPM,100415,195"
2019-06-28 10:35:30.000000000,BEST_ASK,"JPM,100476,186"
2019-06-28 10:35:30.000000000,BEST_BID,"JPM,100415,195"
2019-06-28 10:35:30.000000000,BEST_ASK,"JPM,100476,186"
2019-06-28 10:35:31.365189248,QUERY_SPREAD,45
2019-06-28 10:35:31.365189248,BEST_BID,"JPM,100415,195"
2019-06-28 10:35:31.365189248,BEST_ASK,"JPM,100476,86"
2019-06-28 10:35:31.365189248,LAST_TRADE,"100,$100476.0000"
2019-06-28 10:35:40.000000000,QUERY_SPREAD,1
2019-06-28 10:35:40.000000000,BEST_BID,"JPM,100415,195"
2019-06-28 10:35:40.000000000,BEST_ASK,"JPM,100486,100"
2019-06-28 10:35:40.000000000,BEST_BID,"JPM,100415,195"
2019-06-28 10:35:40.000000000,BEST_ASK,"JPM,100486,100"
2019-06-28 10:35:40.000000000,BEST_BID,"JPM,100415,195"
2019-06-28 10:35:40.000000000,BEST_ASK,"JPM,100486,100"
2019-06-28 10:35:40.000000000,BEST_BID,"JPM,100415,195"
2019-06-28 10:35:40.000000000,BEST_ASK,"JPM,100486,195"
2019-06-28 10:35:40.000000000,BEST_BID,"JPM,100415,195"
2019-06-28 10:35:40.000000000,BEST_ASK,"JPM,100486,195"
2019-06-28 10:35:40.000000000,BEST_BID,"JPM,100415,195"
2019-06-28 10:35:40.000000000,BEST_ASK,"JPM,100486,195"
2019-06-28 10:35:48.007340127,QUERY_ORDER_STREAM,55
2019-06-28 10:35:48.007340127,QUERY_SPREAD,55
2019-06-28 10:35:48.007340127,BEST_BID,"JPM,100476,100"
2019-06-28 10:35:48.007340127,BEST_ASK,"JPM,100486,195"
2019-06-28 10:35:50.000000000,QUERY_SPREAD,1
2019-06-28 10:35:50.000000000,BEST_BID,"JPM,100476,240"
2019-06-28 10:35:50.000000000,BEST_ASK,"JPM,100486,100"
2019-06-28 10:35:50.000000000,BEST_BID,"JPM,100476,240"
2019-06-28 10:35:50.000000000,BEST_ASK,"JPM,100486,100"
2019-06-28 10:35:50.000000000,BEST_BID,"JPM,100476,240"
2019-06-28 10:35:50.000000000,BEST_ASK,"JPM,100486,240"
2019-06-28 10:35:50.000000000,BEST_BID,"JPM,100476,240"
2019-06-28 10:35:50.000000000,BEST_ASK,"JPM,100486,240"
2019-06-28 10:36:00.000000000,QUERY_SPREAD,1
2019-06-28 10:36:00.000000000,BEST_BID,"JPM,100476,156"
2019-06-28 10:36:00.000000000,BEST_ASK,"JPM,100486,100"
2019-06-28 10:36:00.000000000,BEST_BID,"JPM,100476,156"
2019-06-28 10:36:00.000000000,BEST_ASK,"JPM,100486,100"
2019-06-28 10:36:00.000000000,BEST_BID,"JPM,100476,156"
2019-06-28 10:36:00.000000000,BEST_ASK,"JPM,100486,100"
2019-06-28 10:36:00.000000000,BEST_BID,"JPM,100476,156"
2019-06-28 10:36:00.000000000,BEST_ASK,"JPM,100486,100"
2019-06-28 10:36:00.000000000,BEST_BID,"JPM,100476,156"
2019-06-28 10:36:00.000000000,BEST_ASK,"JPM,100486,100"
2019-06-28 10:36:00.000000000,BEST_BID,"JPM,100476,156"
2019-06-28 10:36:00.000000000,BEST_ASK,"JPM,100486,156"
2019-06-28 10:36:00.000000000,BEST_BID,"JPM,100476,156"
2019-06-28 10:36:00.000000000,BEST_ASK,"JPM,100486,156"
2019-06-28 10:36:00.000000000,BEST_BID,"JPM,100476,156"
2019-06-28 10:36:00.000000000,BEST_ASK,"JPM,100486,156"
2019-06-28 10:36:00.000000000,BEST_BID,"JPM,100476,156"
2019-06-28 10:36:00.000000000,BEST_ASK,"JPM,100486,156"
2019-06-28 10:36:00.000000000,BEST_BID,"JPM,100476,156"
2019-06-28 10:36:00.000000000,BEST_ASK,"JPM,100486,156"
2019-06-28 10:36:00.000000000,QUERY_SPREAD,77
2019-06-28 10:36:00.000000000,BEST_BID,"JPM,100476,156"
2019-06-28 10:36:00.000000000,BEST_ASK,"JPM,100486,155"
2019-06-28 10:36:00.000000000,LAST_TRADE,"1,$100486.0000"
2019-06-28 10:36:00.000000000,QUERY_SPREAD,78
2019-06-28 10:36:00.000000000,BEST_BID,"JPM,100476,156"
2019-06-28 10:36:00.000000000,BEST_ASK,"JPM,100486,151"
2019-06-28 10:36:00.000000000,LAST_TRADE,"4,$100486.0000"
2019-06-28 10:36:00.000000000,QUERY_SPREAD,79
2019-06-28 10:36:00.000000000,BEST_BID,"JPM,100476,156"
2019-06-28 10:36:00.000000000,BEST_ASK,"JPM,100486,145"
2019-06-28 10:36:00.000000000,LAST_TRADE,"6,$100486.0000"
2019-06-28 10:36:00.000000000,QUERY_SPREAD,80
2019-06-28 10:36:00.000000000,BEST_BID,"JPM,100476,156"
2019-06-28 10:36:00.000000000,BEST_ASK,"JPM,100486,140"
2019-06-28 10:36:00.000000000,LAST_TRADE,"5,$100486.0000"
2019-06-28 10:36:00.000000000,QUERY_SPREAD,81
2019-06-28 10:36:00.000000000,BEST_BID,"JPM,100476,156"
2019-06-28 10:36:00.000000000,BEST_ASK,"JPM,100486,132"
2019-06-28 10:36:00.000000000,LAST_TRADE,"8,$100486.0000"
2019-06-28 10:36:00.000000000,QUERY_SPREAD,82
2019-06-28 10:36:00.000000000,BEST_BID,"JPM,100476,156"
2019-06-28 10:36:00.000000000,BEST_ASK,"JPM,100486,124"
2019-06-28 10:36:00.000000000,LAST_TRADE,"8,$100486.0000"
2019-06-28 10:36:00.000000000,QUERY_SPREAD,83
2019-06-28 10:36:00.000000000,BEST_BID,"JPM,100476,156"
2019-06-28 10:36:00.000000000,BEST_ASK,"JPM,100486,122"
2019-06-28 10:36:00.000000000,LAST_TRADE,"2,$100486.0000"
2019-06-28 10:36:00.000000000,QUERY_SPREAD,84
2019-06-28 10:36:00.000000000,BEST_BID,"JPM,100476,156"
2019-06-28 10:36:00.000000000,BEST_ASK,"JPM,100486,121"
2019-06-28 10:36:00.000000000,LAST_TRADE,"1,$100486.0000"
2019-06-28 10:36:00.000000000,QUERY_SPREAD,85
2019-06-28 10:36:00.000000000,BEST_BID,"JPM,100476,156"
2019-06-28 10:36:00.000000000,BEST_ASK,"JPM,100486,120"
2019-06-28 10:36:00.000000000,LAST_TRADE,"1,$100486.0000"
2019-06-28 10:36:00.000000000,QUERY_SPREAD,86
2019-06-28 10:36:00.000000000,BEST_BID,"JPM,100476,156"
2019-06-28 10:36:00.000000000,BEST_ASK,"JPM,100486,114"
2019-06-28 10:36:00.000000000,LAST_TRADE,"6,$100486.0000"
2019-06-28 10:36:00.000000000,QUERY_SPREAD,87
2019-06-28 10:36:00.000000000,BEST_BID,"JPM,100476,156"
2019-06-28 10:36:00.000000000,BEST_ASK,"JPM,100486,111"
2019-06-28 10:36:00.000000000,LAST_TRADE,"3,$100486.0000"
2019-06-28 10:36:00.000000000,QUERY_SPREAD,88
2019-06-28 10:36:00.000000000,BEST_BID,"JPM,100476,156"
2019-06-28 10:36:00.000000000,BEST_ASK,"JPM,100486,107"
2019-06-28 10:36:00.000000000,LAST_TRADE,"4,$100486.0000"
2019-06-28 10:36:00.000000000,QUERY_SPREAD,89
2019-06-28 10:36:00.000000000,BEST_BID,"JPM,100476,156"
2019-06-28 10:36:00.000000000,BEST_ASK,"JPM,100486,103"
2019-06-28 10:36:00.000000000,LAST_TRADE,"4,$100486.0000"
2019-06-28 10:36:00.000000000,QUERY_SPREAD,90
2019-06-28 10:36:00.000000000,BEST_BID,"JPM,100476,156"
2019-06-28 10:36:00.000000000,BEST_ASK,"JPM,100486,96"
2019-06-28 10:36:00.000000000,LAST_TRADE,"7,$100486.0000"
2019-06-28 10:36:00.000000000,QUERY_SPREAD,91
2019-06-28 10:36:00.000000000,BEST_BID,"JPM,100476,156"
2019-06-28 10:36:00.000000000,BEST_ASK,"JPM,100486,88"
2019-06-28 10:36:00.000000000,LAST_TRADE,"8,$100486.0000"
2019-06-28 10:36:00.000000000,QUERY_SPREAD,92
2019-06-28 10:36:00.000000000,BEST_BID,"JPM,100476,156"
2019-06-28 10:36:00.000000000,BEST_ASK,"JPM,100486,83"
2019-06-28 10:36:00.000000000,LAST_TRADE,"5,$100486.0000"
2019-06-28 10:36:00.000000000,QUERY_SPREAD,93
2019-06-28 10:36:00.000000000,BEST_BID,"JPM,100476,156"
2019-06-28 10:36:00.000000000,BEST_ASK,"JPM,100486,80"
2019-06-28 10:36:00.000000000,LAST_TRADE,"3,$100486.0000"
2019-06-28 10:36:00.000000000,QUERY_SPREAD,94
2019-06-28 10:36:00.000000000,BEST_BID,"JPM,100476,156"
2019-06-28 10:36:00.000000000,BEST_ASK,"JPM,100486,76"
2019-06-28 10:36:00.000000000,LAST_TRADE,"4,$100486.0000"
2019-06-28 10:36:00.000000000,QUERY_SPREAD,95
2019-06-28 10:36:00.000000000,BEST_BID,"JPM,100476,156"
2019-06-28 10:36:00.000000000,BEST_ASK,"JPM,100486,71"
2019-06-28 10:36:00.000000000,LAST_TRADE,"5,$100486.0000"
2019-06-28 10:36:00.000000000,QUERY_SPREAD,96
2019-06-28 10:36:00.000000000,BEST_BID,"JPM,100476,156"
2019-06-28 10:36:00.000000000,BEST_ASK,"JPM,100486,70"
2019-06-28 10:36:00.000000000,LAST_TRADE,"1,$100486.0000"
2019-06-28 10:36:00.000000000,QUERY_SPREAD,97
2019-06-28 10:36:00.000000000,BEST_BID,"JPM,100476,156"
2019-06-28 10:36:00.000000000,BEST_ASK,"JPM,100486,63"
2019-06-28 10:36:00.000000000,LAST_TRADE,"7,$100486.0000"
2019-06-28 10:36:00.000000000,QUERY_SPREAD,98
2019-06-28 10:36:00.000000000,BEST_BID,"JPM,100476,156"
2019-06-28 10:36:00.000000000,BEST_ASK,"JPM,100486,57"
2019-06-28 10:36:00.000000000,LAST_TRADE,"6,$100486.0000"
2019-06-28 10:36:00.000000000,QUERY_SPREAD,99
2019-06-28 10:36:00.000000000,BEST_BID,"JPM,100476,156"
2019-06-28 10:36:00.000000000,BEST_ASK,"JPM,100486,52"
2019-06-28 10:36:00.000000000,LAST_TRADE,"5,$100486.0000"
2019-06-28 10:36:00.000000000,QUERY_SPREAD,100
2019-06-28 10:36:00.000000000,BEST_BID,"JPM,100476,156"
2019-06-28 10:36:00.000000000,BEST_ASK,"JPM,100486,45"
2019-06-28 10:36:00.000000000,LAST_TRADE,"7,$100486.0000"
2019-06-28 10:36:00.000000000,QUERY_SPREAD,101
2019-06-28 10:36:00.000000000,QUERY_ORDER_STREAM,101
2019-06-28 10:36:00.000000000,BEST_BID,"JPM,100476,156"
2019-06-28 10:36:00.000000000,BEST_ASK,"JPM,100486,46"
2019-06-28 10:36:05.392249085,QUERY_SPREAD,34
2019-06-28 10:36:05.392249085,BEST_BID,"JPM,100486,54"
2019-06-28 10:36:05.392249085,BEST_ASK,"JPM,100584,156"
2019-06-28 10:36:05.392249085,LAST_TRADE,"46,$100486.0000"
2019-06-28 10:36:08.211009563,QUERY_ORDER_STREAM,65
2019-06-28 10:36:08.211009563,QUERY_SPREAD,65
2019-06-28 10:36:10.000000000,QUERY_SPREAD,1
2019-06-28 10:36:10.000000000,BEST_BID,"JPM,100486,334"
2019-06-28 10:36:10.000000000,BEST_ASK,"JPM,100584,100"
2019-06-28 10:36:10.000000000,BEST_BID,"JPM,100486,334"
2019-06-28 10:36:10.000000000,BEST_ASK,"JPM,100584,380"
2019-06-28 10:36:20.000000000,QUERY_SPREAD,1
2019-06-28 10:36:20.000000000,BEST_BID,"JPM,100486,149"
2019-06-28 10:36:20.000000000,BEST_ASK,"JPM,100584,100"
2019-06-28 10:36:20.000000000,BEST_BID,"JPM,100486,149"
2019-06-28 10:36:20.000000000,BEST_ASK,"JPM,100584,100"
2019-06-28 10:36:20.000000000,BEST_BID,"JPM,100486,149"
2019-06-28 10:36:20.000000000,BEST_ASK,"JPM,100584,100"
2019-06-28 10:36:20.000000000,BEST_BID,"JPM,100486,149"
2019-06-28 10:36:20.000000000,BEST_ASK,"JPM,100584,195"
2019-06-28 10:36:20.000000000,BEST_BID,"JPM,100486,149"
2019-06-28 10:36:20.000000000,BEST_ASK,"JPM,100584,195"
2019-06-28 10:36:20.000000000,BEST_BID,"JPM,100486,149"
2019-06-28 10:36:20.000000000,BEST_ASK,"JPM,100584,195"
2019-06-28 10:36:27.674714250,QUERY_SPREAD,45
2019-06-28 10:36:27.674714250,BEST_BID,"JPM,100486,149"
2019-06-28 10:36:27.674714250,BEST_ASK,"JPM,100584,195"
2019-06-28 10:36:30.000000000,QUERY_SPREAD,1
2019-06-28 10:36:30.000000000,BEST_BID,"JPM,100486,124"
2019-06-28 10:36:30.000000000,BEST_ASK,"JPM,100584,100"
2019-06-28 10:36:30.000000000,BEST_BID,"JPM,100486,124"
2019-06-28 10:36:30.000000000,BEST_ASK,"JPM,100584,100"
2019-06-28 10:36:30.000000000,BEST_BID,"JPM,100486,124"
2019-06-28 10:36:30.000000000,BEST_ASK,"JPM,100584,100"
2019-06-28 10:36:30.000000000,BEST_BID,"JPM,100486,124"
2019-06-28 10:36:30.000000000,BEST_ASK,"JPM,100584,100"
2019-06-28 10:36:30.000000000,BEST_BID,"JPM,100486,124"
2019-06-28 10:36:30.000000000,BEST_ASK,"JPM,100584,170"
2019-06-28 10:36:30.000000000,BEST_BID,"JPM,100486,124"
2019-06-28 10:36:30.000000000,BEST_ASK,"JPM,100584,170"
2019-06-28 10:36:30.000000000,BEST_BID,"JPM,100486,124"
2019-06-28 10:36:30.000000000,BEST_ASK,"JPM,100584,170"
2019-06-28 10:36:30.000000000,BEST_BID,"JPM,100486,124"
2019-06-28 10:36:30.000000000,BEST_ASK,"JPM,100584,170"
2019-06-28 10:36:40.000000000,QUERY_SPREAD,1
2019-06-28 10:36:40.000000000,BEST_BID,"JPM,100486,334"
2019-06-28 10:36:40.000000000,BEST_ASK,"JPM,100584,100"
2019-06-28 10:36:40.000000000,BEST_BID,"JPM,100486,334"
2019-06-28 10:36:40.000000000,BEST_ASK,"JPM,100584,380"
2019-06-28 10:36:50.000000000,QUERY_SPREAD,1
2019-06-28 10:36:50.000000000,BEST_BID,"JPM,100486,334"
2019-06-28 10:36:50.000000000,BEST_ASK,"JPM,100584,100"
2019-06-28 10:36:50.000000000,BEST_BID,"JPM,100486,334"
2019-06-28 10:36:50.000000000,BEST_ASK,"JPM,100584,380"
2019-06-28 10:36:59.288688452,QUERY_SPREAD,33
2019-06-28 10:36:59.288688452,BEST_BID,"JPM,100486,334"
2019-06-28 10:36:59.288688452,BEST_ASK,"JPM,100584,280"
2019-06-28 10:36:59.288688452,LAST_TRADE,"100,$100584.0000"
2019-06-28 10:37:00.000000000,QUERY_SPREAD,1
2019-06-28 10:37:00.000000000,BEST_BID,"JPM,100486,124"
2019-06-28 10:37:00.000000000,BEST_ASK,"JPM,100597,100"
2019-06-28 10:37:00.000000000,BEST_BID,"JPM,100486,124"
2019-06-28 10:37:00.000000000,BEST_ASK,"JPM,100597,100"
2019-06-28 10:37:00.000000000,BEST_BID,"JPM,100486,124"
2019-06-28 10:37:00.000000000,BEST_ASK,"JPM,100597,100"
2019-06-28 10:37:00.000000000,BEST_BID,"JPM,100486,124"
2019-06-28 10:37:00.000000000,BEST_ASK,"JPM,100597,100"
2019-06-28 10:37:00.000000000,BEST_BID,"JPM,100486,124"
2019-06-28 10:37:00.000000000,BEST_ASK,"JPM,100597,170"
2019-06-28 10:37:00.000000000,BEST_BID,"JPM,100486,124"
2019-06-28 10:37:00.000000000,BEST_ASK,"JPM,100597,170"
2019-06-28 10:37:00.000000000,BEST_BID,"JPM,100486,124"
2019-06-28 10:37:00.000000000,BEST_ASK,"JPM,100597,170"
2019-06-28 10:37:00.000000000,BEST_BID,"JPM,100486,124"
2019-06-28 10:37:00.000000000,BEST_ASK,"JPM,100597,170"
2019-06-28 10:37:00.000000000,QUERY_SPREAD,77
2019-06-28 10:37:00.000000000,BEST_BID,"JPM,100486,124"
2019-06-28 10:37:00.000000000,BEST_ASK,"JPM,100597,169"
2019-06-28 10:37:00.000000000,LAST_TRADE,"1,$100597.0000"
2019-06-28 10:37:00.000000000,QUERY_SPREAD,78
2019-06-28 10:37:00.000000000,BEST_BID,"JPM,100486,124"
2019-06-28 10:37:00.000000000,BEST_ASK,"JPM,100597,165"
2019-06-28 10:37:00.000000000,LAST_TRADE,"4,$100597.0000"
2019-06-28 10:37:00.000000000,QUERY_SPREAD,79
2019-06-28 10:37:00.000000000,BEST_BID,"JPM,100486,124"
2019-06-28 10:37:00.000000000,BEST_ASK,"JPM,100597,159"
2019-06-28 10:37:00.000000000,LAST_TRADE,"6,$100597.0000"
2019-06-28 10:37:00.000000000,QUERY_SPREAD,80
2019-06-28 10:37:00.000000000,BEST_BID,"JPM,100486,124"
2019-06-28 10:37:00.000000000,BEST_ASK,"JPM,100597,154"
2019-06-28 10:37:00.000000000,LAST_TRADE,"5,$100597.0000"
2019-06-28 10:37:00.000000000,QUERY_SPREAD,81
2019-06-28 10:37:00.000000000,BEST_BID,"JPM,100486,124"
2019-06-28 10:37:00.000000000,BEST_ASK,"JPM,100597,146"
2019-06-28 10:37:00.000000000,LAST_TRADE,"8,$100597.0000"
2019-06-28 10:37:00.000000000,QUERY_SPREAD,82
2019-06-28 10:37:00.000000000,BEST_BID,"JPM,100486,124"
2019-06-28 10:37:00.000000000,BEST_ASK,"JPM,100597,138"
2019-06-28 10:37:00.000000000,LAST_TRADE,"8,$100597.0000"
2019-06-28 10:37:00.000000000,QUERY_SPREAD,83
2019-06-28 10:37:00.000000000,BEST_BID,"JPM,100486,124"
2019-06-28 10:37:00.000000000,BEST_ASK,"JPM,100597,136"
2019-06-28 10:37:00.000000000,LAST_TRADE,"2,$100597.0000"
2019-06-28 10:37:00.000000000,QUERY_SPREAD,84
2019-06-28 10:37:00.000000000,BEST_BID,"JPM,100486,124"
2019-06-28 10:37:00.000000000,BEST_ASK,"JPM,100597,135"
2019-06-28 10:37:00.000000000,LAST_TRADE,"1,$100597.0000"
2019-06-28 10:37:00.000000000,QUERY_SPREAD,85
2019-06-28 10:37:00.000000000,BEST_BID,"JPM,100486,124"
2019-06-28 10:37:00.000000000,BEST_ASK,"JPM,100597,134"
2019-06-28 10:37:00.000000000,LAST_TRADE,"1,$100597.0000"
2019-06-28 10:37:00.000000000,QUERY_SPREAD,86
2019-06-28 10:37:00.000000000,BEST_BID,"JPM,100486,124"
2019-06-28 10:37:00.000000000,BEST_ASK,"JPM,100597,128"
2019-06-28 10:37:00.000000000,LAST_TRADE,"6,$100597.0000"
2019-06-28 10:37:00.000000000,QUERY_SPREAD,87
2019-06-28 10:37:00.000000000,BEST_BID,"JPM,100486,124"
2019-06-28 10:37:00.000000000,BEST_ASK,"JPM,100597,125"
2019-06-28 10:37:00.000000000,LAST_TRADE,"3,$100597.0000"
2019-06-28 10:37:00.000000000,QUERY_SPREAD,88
2019-06-28 10:37:00.000000000,BEST_BID,"JPM,100486,124"
2019-06-28 10:37:00.000000000,BEST_ASK,"JPM,100597,121"
2019-06-28 10:37:00.000000000,LAST_TRADE,"4,$100597.0000"
2019-06-28 10:37:00.000000000,QUERY_SPREAD,89
2019-06-28 10:37:00.000000000,BEST_BID,"JPM,100486,124"
2019-06-28 10:37:00.000000000,BEST_ASK,"JPM,100597,117"
2019-06-28 10:37:00.000000000,LAST_TRADE,"4,$100597.0000"
2019-06-28 10:37:00.000000000,QUERY_SPREAD,90
2019-06-28 10:37:00.000000000,BEST_BID,"JPM,100486,124"
2019-06-28 10:37:00.000000000,BEST_ASK,"JPM,100597,110"
2019-06-28 10:37:00.000000000,LAST_TRADE,"7,$100597.0000"
2019-06-28 10:37:00.000000000,QUERY_SPREAD,91
2019-06-28 10:37:00.000000000,BEST_BID,"JPM,100486,124"
2019-06-28 10:37:00.000000000,BEST_ASK,"JPM,100597,102"
2019-06-28 10:37:00.000000000,LAST_TRADE,"8,$100597.0000"
2019-06-28 10:37:00.000000000,QUERY_SPREAD,92
2019-06-28 10:37:00.000000000,BEST_BID,"JPM,100486,124"
2019-06-28 10:37:00.000000000,BEST_ASK,"JPM,100597,97"
2019-06-28 10:37:00.000000000,LAST_TRADE,"5,$100597.0000"
2019-06-28 10:37:00.000000000,QUERY_SPREAD,93
2019-06-28 10:37:00.000000000,BEST_BID,"JPM,100486,124"
2019-06-28 10:37:00.000000000,BEST_ASK,"JPM,100597,94"
2019-06-28 10:37:00.000000000,LAST_TRADE,"3,$100597.0000"
2019-06-28 10:37:00.000000000,QUERY_SPREAD,94
2019-06-28 10:37:00.000000000,BEST_BID,"JPM,100486,124"
2019-06-28 10:37:00.000000000,BEST_ASK,"JPM,100597,90"
2019-06-28 10:37:00.000000000,LAST_TRADE,"4,$100597.0000"
2019-06-28 10:37:00.000000000,QUERY_SPREAD,95
2019-06-28 10:37:00.000000000,BEST_BID,"JPM,100486,124"
2019-06-28 10:37:00.000000000,BEST_ASK,"JPM,100597,85"
2019-06-28 10:37:00.000000000,LAST_TRADE,"5,$100597.0000"
2019-06-28 10:37:00.000000000,QUERY_SPREAD,96
2019-06-28 10:37:00.000000000,BEST_BID,"JPM,100486,124"
2019-06-28 10:37:00.000000000,BEST_ASK,"JPM,100597,84"
2019-06-28 10:37:00.000000000,LAST_TRADE,"1,$100597.0000"
2019-06-28 10:37:00.000000000,QUERY_SPREAD,97
2019-06-28 10:37:00.000000000,BEST_BID,"JPM,100486,124"
2019-06-28 10:37:00.000000000,BEST_ASK,"JPM,100597,77"
2019-06-28 10:37:00.000000000,LAST_TRADE,"7,$100597.0000"
2019-06-28 10:37:00.000000000,QUERY_SPREAD,98
2019-06-28 10:37:00.000000000,BEST_BID,"JPM,100486,124"
2019-06-28 10:37:00.000000000,BEST_ASK,"JPM,100597,71"
2019-06-28 10:37:00.000000000,LAST_TRADE,"6,$100597.0000"
2019-06-28 10:37:00.000000000,QUERY_SPREAD,99
2019-06-28 10:37:00.000000000,BEST_BID,"JPM,100486,124"
2019-06-28 10:37:00.000000000,BEST_ASK,"JPM,100597,66"
2019-06-28 10:37:00.000000000,LAST_TRADE,"5,$100597.0000"
2019-06-28 10:37:00.000000000,QUERY_SPREAD,100
2019-06-28 10:37:00.000000000,BEST_BID,"JPM,100486,124"
2019-06-28 10:37:00.000000000,BEST_ASK,"JPM,100597,59"
2019-06-28 10:37:00.000000000,LAST_TRADE,"7,$100597.0000"
2019-06-28 10:37:00.000000000,QUERY_SPREAD,101
2019-06-28 10:37:00.000000000,QUERY_ORDER_STREAM,101
2019-06-28 10:37:00.000000000,BEST_BID,"JPM,100486,124"
2019-06-28 10:37:00.000000000,BEST_ASK,"JPM,100597,60"
2019-06-28 10:37:06.214195984,QUERY_SPREAD,48
2019-06-28 10:37:06.214195984,BEST_BID,"JPM,100597,40"
2019-06-28 10:37:06.214195984,BEST_ASK,"JPM,100728,170"
2019-06-28 10:37:06.214195984,LAST_TRADE,"60,$100597.0000"
2019-06-28 10:37:09.312532408,QUERY_ORDER_STREAM,69
2019-06-28 10:37:09.312532408,QUERY_SPREAD,69
2019-06-28 10:37:09.312532408,BEST_BID,"JPM,100597,140"
2019-06-28 10:37:09.312532408,BEST_ASK,"JPM,100728,170"
2019-06-28 10:37:10.000000000,QUERY_SPREAD,1
2019-06-28 10:37:10.000000000,BEST_BID,"JPM,100597,420"
2019-06-28 10:37:10.000000000,BEST_ASK,"JPM,100728,100"
2019-06-28 10:37:10.000000000,BEST_BID,"JPM,100597,420"
2019-06-28 10:37:10.000000000,BEST_ASK,"JPM,100728,380"
2019-06-28 10:37:16.243356184,QUERY_SPREAD,32
2019-06-28 10:37:16.243356184,BEST_BID,"JPM,100597,420"
2019-06-28 10:37:16.243356184,BEST_ASK,"JPM,100728,280"
2019-06-28 10:37:16.243356184,LAST_TRADE,"100,$100728.0000"
2019-06-28 10:37:20.000000000,QUERY_SPREAD,1
2019-06-28 10:37:20.000000000,BEST_BID,"JPM,100597,210"
2019-06-28 10:37:20.000000000,BEST_ASK,"JPM,100803,100"
2019-06-28 10:37:20.000000000,BEST_BID,"JPM,100597,210"
2019-06-28 10:37:20.000000000,BEST_ASK,"JPM,100803,100"
2019-06-28 10:37:20.000000000,BEST_BID,"JPM,100597,210"
2019-06-28 10:37:20.000000000,BEST_ASK,"JPM,100803,100"
2019-06-28 10:37:20.000000000,BEST_BID,"JPM,100597,210"
2019-06-28 10:37:20.000000000,BEST_ASK,"JPM,100803,100"
2019-06-28 10:37:20.000000000,BEST_BID,"JPM,100597,210"
2019-06-28 10:37:20.000000000,BEST_ASK,"JPM,100803,170"
2019-06-28 10:37:20.000000000,BEST_BID,"JPM,100597,210"
2019-06-28 10:37:20.000000000,BEST_ASK,"JPM,100803,170"
2019-06-28 10:37:20.000000000,BEST_BID,"JPM,100597,210"
2019-06-28 10:37:20.000000000,BEST_ASK,"JPM,100803,170"
2019-06-28 10:37:20.000000000,BEST_BID,"JPM,100597,210"
2019-06-28 10:37:20.000000000,BEST_ASK,"JPM,100803,170"
2019-06-28 10:37:26.324882315,QUERY_SPREAD,30
2019-06-28 10:37:26.324882315,BEST_BID,"JPM,100597,210"
2019-06-28 10:37:26.324882315,BEST_ASK,"JPM,100803,170"
2019-06-28 10:37:28.866650108,QUERY_SPREAD,28
2019-06-28 10:37:28.866650108,BEST_BID,"JPM,100597,210"
2019-06-28 10:37:28.866650108,BEST_ASK,"JPM,100803,70"
2019-06-28 10:37:28.866650108,LAST_TRADE,"100,$100803.0000"
2019-06-28 10:37:30.000000000,QUERY_SPREAD,1
2019-06-28 10:37:30.000000000,BEST_BID,"JPM,100597,210"
2019-06-28 10:37:30.000000000,BEST_ASK,"JPM,100893,100"
2019-06-28 10:37:30.000000000,BEST_BID,"JPM,100597,210"
2019-06-28 10:37:30.000000000,BEST_ASK,"JPM,100893,100"
2019-06-28 10:37:30.000000000,BEST_BID,"JPM,100597,210"
2019-06-28 10:37:30.000000000,BEST_ASK,"JPM,100893,100"
2019-06-28 10:37:30.000000000,BEST_BID,"JPM,100597,210"
2019-06-28 10:37:30.000000000,BEST_ASK,"JPM,100893,100"
2019-06-28 10:37:30.000000000,BEST_BID,"JPM,100597,210"
2019-06-28 10:37:30.000000000,BEST_ASK,"JPM,100893,170"
2019-06-28 10:37:30.000000000,BEST_BID,"JPM,100597,210"
2019-06-28 10:37:30.000000000,BEST_ASK,"JPM,100893,170"
2019-06-28 10:37:30.000000000,BEST_BID,"JPM,100597,210"
2019-06-28 10:37:30.000000000,BEST_ASK,"JPM,100893,170"
2019-06-28 10:37:30.000000000,BEST_BID,"JPM,100597,210"
2019-06-28 10:37:30.000000000,BEST_ASK,"JPM,100893,170"
2019-06-28 10:37:40.000000000,QUERY_SPREAD,1
2019-06-28 10:37:40.000000000,BEST_BID,"JPM,100597,420"
2019-06-28 10:37:40.000000000,BEST_ASK,"JPM,100893,100"
2019-06-28 10:37:40.000000000,BEST_BID,"JPM,100597,420"
2019-06-28 10:37:40.000000000,BEST_ASK,"JPM,100893,380"
2019-06-28 10:37:50.000000000,QUERY_SPREAD,1
2019-06-28 10:37:50.000000000,BEST_BID,"JPM,100597,196"
2019-06-28 10:37:50.000000000,BEST_ASK,"JPM,100893,100"
2019-06-28 10:37:50.000000000,BEST_BID,"JPM,100597,196"
2019-06-28 10:37:50.000000000,BEST_ASK,"JPM,100893,100"
2019-06-28 10:37:50.000000000,BEST_BID,"JPM,100597,196"
2019-06-28 10:37:50.000000000,BEST_ASK,"JPM,100893,100"
2019-06-28 10:37:50.000000000,BEST_BID,"JPM,100597,196"
2019-06-28 10:37:50.000000000,BEST_ASK,"JPM,100893,100"
2019-06-28 10:37:50.000000000,BEST_BID,"JPM,100597,196"
2019-06-28 10:37:50.000000000,BEST_ASK,"JPM,100893,100"
2019-06-28 10:37:50.000000000,BEST_BID,"JPM,100597,196"
2019-06-28 10:37:50.000000000,BEST_ASK,"JPM,100893,156"
2019-06-28 10:37:50.000000000,BEST_BID,"JPM,100597,196"
2019-06-28 10:37:50.000000000,BEST_ASK,"JPM,100893,156"
2019-06-28 10:37:50.000000000,BEST_BID,"JPM,100597,196"
2019-06-28 10:37:50.000000000,BEST_ASK,"JPM,100893,156"
2019-06-28 10:37:50.000000000,BEST_BID,"JPM,100597,196"
2019-06-28 10:37:50.000000000,BEST_ASK,"JPM,100893,156"
2019-06-28 10:37:50.000000000,BEST_BID,"JPM,100597,196"
2019-06-28 10:37:50.000000000,BEST_ASK,"JPM,100893,156"
2019-06-28 10:38:00.000000000,QUERY_SPREAD,1
2019-06-28 10:38:00.000000000,BEST_BID,"JPM,100597,280"
2019-06-28 10:38:00.000000000,BEST_ASK,"JPM,100893,100"
2019-06-28 10:38:00.000000000,BEST_BID,"JPM,100597,280"
2019-06-28 10:38:00.000000000,BEST_ASK,"JPM,100893,100"
2019-06-28 10:38:00.000000000,BEST_BID,"JPM,100597,280"
2019-06-28 10:38:00.000000000,BEST_ASK,"JPM,100893,240"
2019-06-28 10:38:00.000000000,BEST_BID,"JPM,100597,280"
2019-06-28 10:38:00.000000000,BEST_ASK,"JPM,100893,240"
2019-06-28 10:38:00.000000000,QUERY_SPREAD,77
2019-06-28 10:38:00.000000000,BEST_BID,"JPM,100597,280"
2019-06-28 10:38:00.000000000,BEST_ASK,"JPM,100893,239"
2019-06-28 10:38:00.000000000,LAST_TRADE,"1,$100893.0000"
2019-06-28 10:38:00.000000000,QUERY_SPREAD,78
2019-06-28 10:38:00.000000000,BEST_BID,"JPM,100597,280"
2019-06-28 10:38:00.000000000,BEST_ASK,"JPM,100893,235"
2019-06-28 10:38:00.000000000,LAST_TRADE,"4,$100893.0000"
2019-06-28 10:38:00.000000000,QUERY_SPREAD,79
2019-06-28 10:38:00.000000000,BEST_BID,"JPM,100597,280"
2019-06-28 10:38:00.000000000,BEST_ASK,"JPM,100893,229"
2019-06-28 10:38:00.000000000,LAST_TRADE,"6,$100893.0000"
2019-06-28 10:38:00.000000000,QUERY_SPREAD,80
2019-06-28 10:38:00.000000000,BEST_BID,"JPM,100597,280"
2019-06-28 10:38:00.000000000,BEST_ASK,"JPM,100893,224"
2019-06-28 10:38:00.000000000,LAST_TRADE,"5,$100893.0000"
2019-06-28 10:38:00.000000000,QUERY_SPREAD,81
2019-06-28 10:38:00.000000000,BEST_BID,"JPM,100597,280"
2019-06-28 10:38:00.000000000,BEST_ASK,"JPM,100893,216"
2019-06-28 10:38:00.000000000,LAST_TRADE,"8,$100893.0000"
2019-06-28 10:38:00.000000000,QUERY_SPREAD,82
2019-06-28 10:38:00.000000000,BEST_BID,"JPM,100597,280"
2019-06-28 10:38:00.000000000,BEST_ASK,"JPM,100893,208"
2019-06-28 10:38:00.000000000,LAST_TRADE,"8,$100893.0000"
2019-06-28 10:38:00.000000000,QUERY_SPREAD,83
2019-06-28 10:38:00.000000000,BEST_BID,"JPM,100597,280"
2019-06-28 10:38:00.000000000,BEST_ASK,"JPM,100893,206"
2019-06-28 10:38:00.000000000,LAST_TRADE,"2,$100893.0000"
2019-06-28 10:38:00.000000000,QUERY_SPREAD,84
2019-06-28 10:38:00.000000000,BEST_BID,"JPM,100597,280"
2019-06-28 10:38:00.000000000,BEST_ASK,"JPM,100893,205"
2019-06-28 10:38:00.000000000,LAST_TRADE,"1,$100893.0000"
2019-06-28 10:38:00.000000000,QUERY_SPREAD,85
2019-06-28 10:38:00.000000000,BEST_BID,"JPM,100597,280"
2019-06-28 10:38:00.000000000,BEST_ASK,"JPM,100893,204"
2019-06-28 10:38:00.000000000,LAST_TRADE,"1,$100893.0000"
2019-06-28 10:38:00.000000000,QUERY_SPREAD,86
2019-06-28 10:38:00.000000000,BEST_BID,"JPM,100597,280"
2019-06-28 10:38:00.000000000,BEST_ASK,"JPM,100893,198"
2019-06-28 10:38:00.000000000,LAST_TRADE,"6,$100893.0000"
2019-06-28 10:38:00.000000000,QUERY_SPREAD,87
2019-06-28 10:38:00.000000000,BEST_BID,"JPM,100597,280"
2019-06-28 10:38:00.000000000,BEST_ASK,"JPM,100893,195"
2019-06-28 10:38:00.000000000,LAST_TRADE,"3,$100893.0000"
2019-06-28 10:38:00.000000000,QUERY_SPREAD,88
2019-06-28 10:38:00.000000000,BEST_BID,"JPM,100597,280"
2019-06-28 10:38:00.000000000,BEST_ASK,"JPM,100893,191"
2019-06-28 10:38:00.000000000,LAST_TRADE,"4,$100893.0000"
2019-06-28 10:38:00.000000000,QUERY_SPREAD,89
2019-06-28 10:38:00.000000000,BEST_BID,"JPM,100597,280"
2019-06-28 10:38:00.000000000,BEST_ASK,"JPM,100893,187"
2019-06-28 10:38:00.000000000,LAST_TRADE,"4,$100893.0000"
2019-06-28 10:38:00.000000000,QUERY_SPREAD,90
2019-06-28 10:38:00.000000000,BEST_BID,"JPM,100597,280"
2019-06-28 10:38:00.000000000,BEST_ASK,"JPM,100893,180"
2019-06-28 10:38:00.000000000,LAST_TRADE,"7,$100893.0000"
2019-06-28 10:38:00.000000000,QUERY_SPREAD,91
2019-06-28 10:38:00.000000000,BEST_BID,"JPM,100597,280"
2019-06-28 10:38:00.000000000,BEST_ASK,"JPM,100893,172"
2019-06-28 10:38:00.000000000,LAST_TRADE,"8,$100893.0000"
2019-06-28 10:38:00.000000000,QUERY_SPREAD,92
2019-06-28 10:38:00.000000000,BEST_BID,"JPM,100597,280"
2019-06-28 10:38:00.000000000,BEST_ASK,"JPM,100893,167"
2019-06-28 10:38:00.000000000,LAST_TRADE,"5,$100893.0000"
2019-06-28 10:38:00.000000000,QUERY_SPREAD,93
2019-06-28 10:38:00.000000000,BEST_BID,"JPM,100597,280"
2019-06-28 10:38:00.000000000,BEST_ASK,"JPM,100893,164"
2019-06-28 10:38:00.000000000,LAST_TRADE,"3,$100893.0000"
2019-06-28 10:38:00.000000000,QUERY_SPREAD,94
2019-06-28 10:38:00.000000000,BEST_BID,"JPM,100597,280"
2019-06-28 10:38:00.000000000,BEST_ASK,"JPM,100893,160"
2019-06-28 10:38:00.000000000,LAST_TRADE,"4,$100893.0000"
2019-06-28 10:38:00.000000000,QUERY_SPREAD,95
2019-06-28 10:38:00.000000000,BEST_BID,"JPM,100597,280"
2019-06-28 10:38:00.000000000,BEST_ASK,"JPM,100893,155"
2019-06-28 10:38:00.000000000,LAST_TRADE,"5,$100893.0000"
2019-06-28 10:38:00.000000000,QUERY_SPREAD,96
2019-06-28 10:38:00.000000000,BEST_BID,"JPM,100597,280"
2019-06-28 10:38:00.000000000,BEST_ASK,"JPM,100893,154"
2019-06-28 10:38:00.000000000,LAST_TRADE,"1,$100893.0000"
2019-06-28 10:38:00.000000000,QUERY_SPREAD,97
2019-06-28 10:38:00.000000000,BEST_BID,"JPM,100597,280"
2019-06-28 10:38:00.000000000,BEST_ASK,"JPM,100893,147"
2019-06-28 10:38:00.000000000,LAST_TRADE,"7,$100893.0000"
2019-06-28 10:38:00.000000000,QUERY_SPREAD,98
2019-06-28 10:38:00.000000000,BEST_BID,"JPM,100597,280"
2019-06-28 10:38:00.000000000,BEST_ASK,"JPM,100893,141"
2019-06-28 10:38:00.000000000,LAST_TRADE,"6,$100893.0000"
2019-06-28 10:38:00.000000000,QUERY_SPREAD,99
2019-06-28 10:38:00.000000000,BEST_BID,"JPM,100597,280"
2019-06-28 10:38:00.000000000,BEST_ASK,"JPM,100893,136"
2019-06-28 10:38:00.000000000,LAST_TRADE,"5,$100893.0000"
2019-06-28 10:38:00.000000000,QUERY_SPREAD,100
2019-06-28 10:38:00.000000000,BEST_BID,"JPM,100597,280"
2019-06-28 10:38:00.000000000,BEST_ASK,"JPM,100893,129"
2019-06-28 10:38:00.000000000,LAST_TRADE,"7,$100893.0000"
2019-06-28 10:38:00.000000000,QUERY_SPREAD,101
2019-06-28 10:38:00.000000000,QUERY_ORDER_STREAM,101
2019-06-28 10:38:00.000000000,BEST_BID,"JPM,100597,280"
2019-06-28 10:38:00.000000000,BEST_ASK,"JPM,100893,130"
2019-06-28 10:38:07.100290073,QUERY_ORDER_STREAM,62
2019-06-28 10:38:07.100290073,QUERY_SPREAD,62
2019-06-28 10:38:07.100290073,BEST_BID,"JPM,100597,280"
2019-06-28 10:38:07.100290073,BEST_ASK,"JPM,100893,30"
2019-06-28 10:38:07.100290073,LAST_TRADE,"100,$100893.0000"
2019-06-28 10:38:10.000000000,QUERY_SPREAD,1
2019-06-28 10:38:10.000000000,BEST_BID,"JPM,100597,210"
2019-06-28 10:38:10.000000000,BEST_ASK,"JPM,100893,1"
2019-06-28 10:38:10.000000000,BEST_BID,"JPM,100597,210"
2019-06-28 10:38:10.000000000,BEST_ASK,"JPM,100893,1"
2019-06-28 10:38:10.000000000,BEST_BID,"JPM,100597,210"
2019-06-28 10:38:10.000000000,BEST_ASK,"JPM,100893,1"
2019-06-28 10:38:10.000000000,BEST_BID,"JPM,100597,210"
2019-06-28 10:38:10.000000000,BEST_ASK,"JPM,100893,1"
2019-06-28 10:38:10.000000000,BEST_BID,"JPM,100597,210"
2019-06-28 10:38:10.000000000,BEST_ASK,"JPM,100893,71"
2019-06-28 10:38:10.000000000,BEST_BID,"JPM,100597,210"
2019-06-28 10:38:10.000000000,BEST_ASK,"JPM,100893,71"
2019-06-28 10:38:10.000000000,BEST_BID,"JPM,100597,210"
2019-06-28 10:38:10.000000000,BEST_ASK,"JPM,100893,71"
2019-06-28 10:38:10.000000000,BEST_BID,"JPM,100597,210"
2019-06-28 10:38:10.000000000,BEST_ASK,"JPM,100893,71"
2019-06-28 10:38:20.000000000,QUERY_SPREAD,1
2019-06-28 10:38:20.000000000,BEST_BID,"JPM,100597,235"
2019-06-28 10:38:20.000000000,BEST_ASK,"JPM,100893,1"
2019-06-28 10:38:20.000000000,BEST_BID,"JPM,100597,235"
2019-06-28 10:38:20.000000000,BEST_ASK,"JPM,100893,1"
2019-06-28 10:38:20.000000000,BEST_BID,"JPM,100597,235"
2019-06-28 10:38:20.000000000,BEST_ASK,"JPM,100893,1"
2019-06-28 10:38:20.000000000,BEST_BID,"JPM,100597,235"
2019-06-28 10:38:20.000000000,BEST_ASK,"JPM,100893,96"
2019-06-28 10:38:20.000000000,BEST_BID,"JPM,100597,235"
2019-06-28 10:38:20.000000000,BEST_ASK,"JPM,100893,96"
2019-06-28 10:38:20.000000000,BEST_BID,"JPM,100597,235"
2019-06-28 10:38:20.000000000,BEST_ASK,"JPM,100893,96"
2019-06-28 10:38:22.852991059,QUERY_SPREAD,40
2019-06-28 10:38:22.852991059,BEST_BID,"JPM,100597,235"
2019-06-28 10:38:22.852991059,BEST_ASK,"JPM,100893,96"
2019-06-28 10:38:30.000000000,QUERY_SPREAD,1
2019-06-28 10:38:30.000000000,BEST_BID,"JPM,100597,280"
2019-06-28 10:38:30.000000000,BEST_ASK,"JPM,100893,1"
2019-06-28 10:38:30.000000000,BEST_BID,"JPM,100597,280"
2019-06-28 10:38:30.000000000,BEST_ASK,"JPM,100893,1"
2019-06-28 10:38:30.000000000,BEST_BID,"JPM,100597,280"
2019-06-28 10:38:30.000000000,BEST_ASK,"JPM,100893,141"
2019-06-28 10:38:30.000000000,BEST_BID,"JPM,100597,280"
2019-06-28 10:38:30.000000000,BEST_ASK,"JPM,100893,141"
2019-06-28 10:38:40.000000000,QUERY_SPREAD,1
2019-06-28 10:38:40.000000000,BEST_BID,"JPM,100597,280"
2019-06-28 10:38:40.000000000,BEST_ASK,"JPM,100893,1"
2019-06-28 10:38:40.000000000,BEST_BID,"JPM,100597,280"
2019-06-28 10:38:40.000000000,BEST_ASK,"JPM,100893,1"
2019-06-28 10:38:40.000000000,BEST_BID,"JPM,100597,280"
2019-06-28 10:38:40.000000000,BEST_ASK,"JPM,100893,141"
2019-06-28 10:38:40.000000000,BEST_BID,"JPM,100597,280"
2019-06-28 10:38:40.000000000,BEST_ASK,"JPM,100893,141"
2019-06-28 10:38:46.781119067,QUERY_ORDER_STREAM,53
2019-06-28 10:38:46.781119067,QUERY_SPREAD,53
2019-06-28 10:38:50.000000000,QUERY_SPREAD,1
2019-06-28 10:38:50.000000000,BEST_BID,"JPM,100597,235"
2019-06-28 10:38:50.000000000,BEST_ASK,"JPM,100893,1"
2019-06-28 10:38:50.000000000,BEST_BID,"JPM,100597,235"
2019-06-28 10:38:50.000000000,BEST_ASK,"JPM,100893,1"
2019-06-28 10:38:50.000000000,BEST_BID,"JPM,100597,235"
2019-06-28 10:38:50.000000000,BEST_ASK,"JPM,100893,1"
2019-06-28 10:38:50.000000000,BEST_BID,"JPM,100597,235"
2019-06-28 10:38:50.000000000,BEST_ASK,"JPM,100893,96"
2019-06-28 10:38:50.000000000,BEST_BID,"JPM,100597,235"
2019-06-28 10:38:50.000000000,BEST_ASK,"JPM,100893,96"
2019-06-28 10:38:50.000000000,BEST_BID,"JPM,100597,235"
2019-06-28 10:38:50.000000000,BEST_ASK,"JPM,100893,96"
2019-06-28 10:38:52.260061635,QUERY_SPREAD,16
2019-06-28 10:38:52.260061635,BEST_BID,"JPM,100597,235"
2019-06-28 10:38:52.260061635,BEST_ASK,"JPM,100893,96"
2019-06-28 10:39:00.000000000,QUERY_SPREAD,1
2019-06-28 10:39:00.000000000,BEST_BID,"JPM,100597,210"
2019-06-28 10:39:00.000000000,BEST_ASK,"JPM,100893,1"
2019-06-28 10:39:00.000000000,BEST_BID,"JPM,100597,210"
2019-06-28 10:39:00.000000000,BEST_ASK,"JPM,100893,1"
2019-06-28 10:39:00.000000000,BEST_BID,"JPM,100597,210"
2019-06-28 10:39:00.000000000,BEST_ASK,"JPM,100893,1"
2019-06-28 10:39:00.000000000,BEST_BID,"JPM,100597,210"
2019-06-28 10:39:00.000000000,BEST_ASK,"JPM,100893,1"
2019-06-28 10:39:00.000000000,BEST_BID,"JPM,100597,210"
2019-06-28 10:39:00.000000000,BEST_ASK,"JPM,100893,71"
2019-06-28 10:39:00.000000000,BEST_BID,"JPM,100597,210"
2019-06-28 10:39:00.000000000,BEST_ASK,"JPM,100893,71"
2019-06-28 10:39:00.000000000,BEST_BID,"JPM,100597,210"
2019-06-28 10:39:00.000000000,BEST_ASK,"JPM,100893,71"
2019-06-28 10:39:00.000000000,BEST_BID,"JPM,100597,210"
2019-06-28 10:39:00.000000000,BEST_ASK,"JPM,100893,71"
2019-06-28 10:39:00.000000000,QUERY_SPREAD,77
2019-06-28 10:39:00.000000000,BEST_BID,"JPM,100597,210"
2019-06-28 10:39:00.000000000,BEST_ASK,"JPM,100893,70"
2019-06-28 10:39:00.000000000,LAST_TRADE,"1,$100893.0000"
2019-06-28 10:39:00.000000000,QUERY_SPREAD,78
2019-06-28 10:39:00.000000000,BEST_BID,"JPM,100597,210"
2019-06-28 10:39:00.000000000,BEST_ASK,"JPM,100893,66"
2019-06-28 10:39:00.000000000,LAST_TRADE,"4,$100893.0000"
2019-06-28 10:39:00.000000000,QUERY_SPREAD,79
2019-06-28 10:39:00.000000000,BEST_BID,"JPM,100597,210"
2019-06-28 10:39:00.000000000,BEST_ASK,"JPM,100893,60"
2019-06-28 10:39:00.000000000,LAST_TRADE,"6,$100893.0000"
2019-06-28 10:39:00.000000000,QUERY_SPREAD,80
2019-06-28 10:39:00.000000000,BEST_BID,"JPM,100597,210"
2019-06-28 10:39:00.000000000,BEST_ASK,"JPM,100893,55"
2019-06-28 10:39:00.000000000,LAST_TRADE,"5,$100893.0000"
2019-06-28 10:39:00.000000000,QUERY_SPREAD,81
2019-06-28 10:39:00.000000000,BEST_BID,"JPM,100597,210"
2019-06-28 10:39:00.000000000,BEST_ASK,"JPM,100893,47"
2019-06-28 10:39:00.000000000,LAST_TRADE,"8,$100893.0000"
2019-06-28 10:39:00.000000000,QUERY_SPREAD,82
2019-06-28 10:39:00.000000000,BEST_BID,"JPM,100597,210"
2019-06-28 10:39:00.000000000,BEST_ASK,"JPM,100893,39"
2019-06-28 10:39:00.000000000,LAST_TRADE,"8,$100893.0000"
2019-06-28 10:39:00.000000000,QUERY_SPREAD,83
2019-06-28 10:39:00.000000000,BEST_BID,"JPM,100597,210"
2019-06-28 10:39:00.000000000,BEST_ASK,"JPM,100893,37"
2019-06-28 10:39:00.000000000,LAST_TRADE,"2,$100893.0000"
2019-06-28 10:39:00.000000000,QUERY_SPREAD,84
2019-06-28 10:39:00.000000000,BEST_BID,"JPM,100597,210"
2019-06-28 10:39:00.000000000,BEST_ASK,"JPM,100893,36"
2019-06-28 10:39:00.000000000,LAST_TRADE,"1,$100893.0000"
2019-06-28 10:39:00.000000000,QUERY_SPREAD,85
2019-06-28 10:39:00.000000000,BEST_BID,"JPM,100597,210"
2019-06-28 10:39:00.000000000,BEST_ASK,"JPM,100893,35"
2019-06-28 10:39:00.000000000,LAST_TRADE,"1,$100893.0000"
2019-06-28 10:39:00.000000000,QUERY_SPREAD,86
2019-06-28 10:39:00.000000000,BEST_BID,"JPM,100597,210"
2019-06-28 10:39:00.000000000,BEST_ASK,"JPM,100893,29"
2019-06-28 10:39:00.000000000,LAST_TRADE,"6,$100893.0000"
2019-06-28 10:39:00.000000000,QUERY_SPREAD,87
2019-06-28 10:39:00.000000000,BEST_BID,"JPM,100597,210"
2019-06-28 10:39:00.000000000,BEST_ASK,"JPM,100893,26"
2019-06-28 10:39:00.000000000,LAST_TRADE,"3,$100893.0000"
2019-06-28 10:39:00.000000000,QUERY_SPREAD,88
2019-06-28 10:39:00.000000000,BEST_BID,"JPM,100597,210"
2019-06-28 10:39:00.000000000,BEST_ASK,"JPM,100893,22"
2019-06-28 10:39:00.000000000,LAST_TRADE,"4,$100893.0000"
2019-06-28 10:39:00.000000000,QUERY_SPREAD,89
2019-06-28 10:39:00.000000000,BEST_BID,"JPM,100597,210"
2019-06-28 10:39:00.000000000,BEST_ASK,"JPM,100893,18"
2019-06-28 10:39:00.000000000,LAST_TRADE,"4,$100893.0000"
2019-06-28 10:39:00.000000000,QUERY_SPREAD,90
2019-06-28 10:39:00.000000000,BEST_BID,"JPM,100597,210"
2019-06-28 10:39:00.000000000,BEST_ASK,"JPM,100893,11"
2019-06-28 10:39:00.000000000,LAST_TRADE,"7,$100893.0000"
2019-06-28 10:39:00.000000000,QUERY_SPREAD,91
2019-06-28 10:39:00.000000000,BEST_BID,"JPM,100597,210"
2019-06-28 10:39:00.000000000,BEST_ASK,"JPM,100893,3"
2019-06-28 10:39:00.000000000,LAST_TRADE,"8,$100893.0000"
2019-06-28 10:39:00.000000000,QUERY_SPREAD,92
2019-06-28 10:39:00.000000000,BEST_BID,"JPM,100893,2"
2019-06-28 10:39:00.000000000,BEST_ASK,"JPM,100941,170"
2019-06-28 10:39:00.000000000,LAST_TRADE,"3,$100893.0000"
2019-06-28 10:39:00.000000000,QUERY_SPREAD,93
2019-06-28 10:39:00.000000000,BEST_BID,"JPM,100893,2"
2019-06-28 10:39:00.000000000,BEST_ASK,"JPM,100941,167"
2019-06-28 10:39:00.000000000,LAST_TRADE,"3,$100941.0000"
2019-06-28 10:39:00.000000000,QUERY_SPREAD,94
2019-06-28 10:39:00.000000000,BEST_BID,"JPM,100893,2"
2019-06-28 10:39:00.000000000,BEST_ASK,"JPM,100941,163"
2019-06-28 10:39:00.000000000,LAST_TRADE,"4,$100941.0000"
2019-06-28 10:39:00.000000000,QUERY_SPREAD,95
2019-06-28 10:39:00.000000000,BEST_BID,"JPM,100893,2"
2019-06-28 10:39:00.000000000,BEST_ASK,"JPM,100941,158"
2019-06-28 10:39:00.000000000,LAST_TRADE,"5,$100941.0000"
2019-06-28 10:39:00.000000000,QUERY_SPREAD,96
2019-06-28 10:39:00.000000000,BEST_BID,"JPM,100893,2"
2019-06-28 10:39:00.000000000,BEST_ASK,"JPM,100941,157"
2019-06-28 10:39:00.000000000,LAST_TRADE,"1,$100941.0000"
2019-06-28 10:39:00.000000000,QUERY_SPREAD,97
2019-06-28 10:39:00.000000000,BEST_BID,"JPM,100893,2"
2019-06-28 10:39:00.000000000,BEST_ASK,"JPM,100941,150"
2019-06-28 10:39:00.000000000,LAST_TRADE,"7,$100941.0000"
2019-06-28 10:39:00.000000000,QUERY_SPREAD,98
2019-06-28 10:39:00.000000000,BEST_BID,"JPM,100893,2"
2019-06-28 10:39:00.000000000,BEST_ASK,"JPM,100941,144"
2019-06-28 10:39:00.000000000,LAST_TRADE,"6,$100941.0000"
2019-06-28 10:39:00.000000000,QUERY_SPREAD,99
2019-06-28 10:39:00.000000000,BEST_BID,"JPM,100893,2"
2019-06-28 10:39:00.000000000,BEST_ASK,"JPM,100941,139"
2019-06-28 10:39:00.000000000,LAST_TRADE,"5,$100941.0000"
2019-06-28 10:39:00.000000000,QUERY_SPREAD,100
2019-06-28 10:39:00.000000000,BEST_BID,"JPM,100893,2"
2019-06-28 10:39:00.000000000,BEST_ASK,"JPM,100941,132"
2019-06-28 10:39:00.000000000,LAST_TRADE,"7,$100941.0000"
2019-06-28 10:39:00.000000000,QUERY_SPREAD,101
2019-06-28 10:39:00.000000000,QUERY_ORDER_STREAM,101
2019-06-28 10:39:00.000000000,BEST_BID,"JPM,100893,2"
2019-06-28 10:39:00.000000000,BEST_ASK,"JPM,100941,133"
2019-06-28 10:39:09.153630589,QUERY_SPREAD,39
2019-06-28 10:39:09.153630589,BEST_BID,"JPM,100893,2"
2019-06-28 10:39:09.153630589,BEST_ASK,"JPM,100941,133"
2019-06-28 10:39:10.000000000,QUERY_SPREAD,1
2019-06-28 10:39:10.000000000,BEST_BID,"JPM,100893,142"
2019-06-28 10:39:10.000000000,BEST_ASK,"JPM,100941,63"
2019-06-28 10:39:10.000000000,BEST_BID,"JPM,100893,142"
2019-06-28 10:39:10.000000000,BEST_ASK,"JPM,100941,63"
2019-06-28 10:39:10.000000000,BEST_BID,"JPM,100893,142"
2019-06-28 10:39:10.000000000,BEST_ASK,"JPM,100941,203"
2019-06-28 10:39:10.000000000,BEST_BID,"JPM,100893,142"
2019-06-28 10:39:10.000000000,BEST_ASK,"JPM,100941,203"
2019-06-28 10:39:16.169282614,QUERY_SPREAD,33
2019-06-28 10:39:16.169282614,BEST_BID,"JPM,100893,142"
2019-06-28 10:39:16.169282614,BEST_ASK,"JPM,100941,203"
2019-06-28 10:39:20.000000000,QUERY_SPREAD,1
2019-06-28 10:39:20.000000000,BEST_BID,"JPM,100893,97"
2019-06-28 10:39:20.000000000,BEST_ASK,"JPM,100941,63"
2019-06-28 10:39:20.000000000,BEST_BID,"JPM,100893,97"
2019-06-28 10:39:20.000000000,BEST_ASK,"JPM,100941,63"
2019-06-28 10:39:20.000000000,BEST_BID,"JPM,100893,97"
2019-06-28 10:39:20.000000000,BEST_ASK,"JPM,100941,63"
2019-06-28 10:39:20.000000000,BEST_BID,"JPM,100893,97"
2019-06-28 10:39:20.000000000,BEST_ASK,"JPM,100941,158"
2019-06-28 10:39:20.000000000,BEST_BID,"JPM,100893,97"
2019-06-28 10:39:20.000000000,BEST_ASK,"JPM,100941,158"
2019-06-28 10:39:20.000000000,BEST_BID,"JPM,100893,97"
2019-06-28 10:39:20.000000000,BEST_ASK,"JPM,100941,158"
2019-06-28 10:39:30.000000000,QUERY_SPREAD,1
2019-06-28 10:39:30.000000000,BEST_BID,"JPM,100893,282"
2019-06-28 10:39:30.000000000,BEST_ASK,"JPM,100941,63"
2019-06-28 10:39:30.000000000,BEST_BID,"JPM,100893,282"
2019-06-28 10:39:30.000000000,BEST_ASK,"JPM,100941,343"
2019-06-28 10:39:31.646612533,QUERY_SPREAD,3
2019-06-28 10:39:31.646612533,BEST_BID,"JPM,100893,182"
2019-06-28 10:39:31.646612533,BEST_ASK,"JPM,100941,343"
2019-06-28 10:39:31.646612533,LAST_TRADE,"100,$100893.0000"
2019-06-28 10:39:40.000000000,QUERY_SPREAD,1
2019-06-28 10:39:40.000000000,BEST_BID,"JPM,100775,195"
2019-06-28 10:39:40.000000000,BEST_ASK,"JPM,100941,63"
2019-06-28 10:39:40.000000000,BEST_BID,"JPM,100775,195"
2019-06-28 10:39:40.000000000,BEST_ASK,"JPM,100941,63"
2019-06-28 10:39:40.000000000,BEST_BID,"JPM,100775,195"
2019-06-28 10:39:40.000000000,BEST_ASK,"JPM,100941,63"
2019-06-28 10:39:40.000000000,BEST_BID,"JPM,100775,195"
2019-06-28 10:39:40.000000000,BEST_ASK,"JPM,100941,158"
2019-06-28 10:39:40.000000000,BEST_BID,"JPM,100775,195"
2019-06-28 10:39:40.000000000,BEST_ASK,"JPM,100941,158"
2019-06-28 10:39:40.000000000,BEST_BID,"JPM,100775,195"
2019-06-28 10:39:40.000000000,BEST_ASK,"JPM,100941,158"
2019-06-28 10:39:40.526317576,QUERY_ORDER_STREAM,66
2019-06-28 10:39:40.526317576,QUERY_SPREAD,66
2019-06-28 10:39:40.526317576,BEST_BID,"JPM,100775,195"
2019-06-28 10:39:40.526317576,BEST_ASK,"JPM,100940,100"
2019-06-28 10:39:50.000000000,QUERY_SPREAD,1
2019-06-28 10:39:50.000000000,BEST_BID,"JPM,100775,195"
2019-06-28 10:39:50.000000000,BEST_ASK,"JPM,100940,100"
2019-06-28 10:39:50.000000000,BEST_BID,"JPM,100775,195"
2019-06-28 10:39:50.000000000,BEST_ASK,"JPM,100940,100"
2019-06-28 10:39:50.000000000,BEST_BID,"JPM,100775,195"
2019-06-28 10:39:50.000000000,BEST_ASK,"JPM,100940,100"
2019-06-28 10:39:50.000000000,BEST_BID,"JPM,100775,195"
2019-06-28 10:39:50.000000000,BEST_ASK,"JPM,100940,195"
2019-06-28 10:39:50.000000000,BEST_BID,"JPM,100775,195"
2019-06-28 10:39:50.000000000,BEST_ASK,"JPM,100940,195"
2019-06-28 10:39:50.000000000,BEST_BID,"JPM,100775,195"
2019-06-28 10:39:50.000000000,BEST_ASK,"JPM,100940,195"
2019-06-28 10:40:00.000000000,QUERY_SPREAD,1
2019-06-28 10:40:00.000000000,BEST_BID,"JPM,100775,195"
2019-06-28 10:40:00.000000000,BEST_ASK,"JPM,100940,100"
2019-06-28 10:40:00.000000000,BEST_BID,"JPM,100775,195"
2019-06-28 10:40:00.000000000,BEST_ASK,"JPM,100940,100"
2019-06-28 10:40:00.000000000,BEST_BID,"JPM,100775,195"
2019-06-28 10:40:00.000000000,BEST_ASK,"JPM,100940,100"
2019-06-28 10:40:00.000000000,BEST_BID,"JPM,100775,195"
2019-06-28 10:40:00.000000000,BEST_ASK,"JPM,100940,195"
2019-06-28 10:40:00.000000000,BEST_BID,"JPM,100775,195"
2019-06-28 10:40:00.000000000,BEST_ASK,"JPM,100940,195"
2019-06-28 10:40:00.000000000,BEST_BID,"JPM,100775,195"
2019-06-28 10:40:00.000000000,BEST_ASK,"JPM,100940,195"
2019-06-28 10:40:00.000000000,QUERY_SPREAD,77
2019-06-28 10:40:00.000000000,BEST_BID,"JPM,100775,195"
2019-06-28 10:40:00.000000000,BEST_ASK,"JPM,100940,194"
2019-06-28 10:40:00.000000000,LAST_TRADE,"1,$100940.0000"
2019-06-28 10:40:00.000000000,QUERY_SPREAD,78
2019-06-28 10:40:00.000000000,BEST_BID,"JPM,100775,195"
2019-06-28 10:40:00.000000000,BEST_ASK,"JPM,100940,190"
2019-06-28 10:40:00.000000000,LAST_TRADE,"4,$100940.0000"
2019-06-28 10:40:00.000000000,QUERY_SPREAD,79
2019-06-28 10:40:00.000000000,BEST_BID,"JPM,100775,195"
2019-06-28 10:40:00.000000000,BEST_ASK,"JPM,100940,184"
2019-06-28 10:40:00.000000000,LAST_TRADE,"6,$100940.0000"
2019-06-28 10:40:00.000000000,QUERY_SPREAD,80
2019-06-28 10:40:00.000000000,BEST_BID,"JPM,100775,195"
2019-06-28 10:40:00.000000000,BEST_ASK,"JPM,100940,179"
2019-06-28 10:40:00.000000000,LAST_TRADE,"5,$100940.0000"
2019-06-28 10:40:00.000000000,QUERY_SPREAD,81
2019-06-28 10:40:00.000000000,BEST_BID,"JPM,100775,195"
2019-06-28 10:40:00.000000000,BEST_ASK,"JPM,100940,171"
2019-06-28 10:40:00.000000000,LAST_TRADE,"8,$100940.0000"
2019-06-28 10:40:00.000000000,QUERY_SPREAD,82
2019-06-28 10:40:00.000000000,BEST_BID,"JPM,100775,195"
2019-06-28 10:40:00.000000000,BEST_ASK,"JPM,100940,163"
2019-06-28 10:40:00.000000000,LAST_TRADE,"8,$100940.0000"
2019-06-28 10:40:00.000000000,QUERY_SPREAD,83
2019-06-28 10:40:00.000000000,BEST_BID,"JPM,100775,195"
2019-06-28 10:40:00.000000000,BEST_ASK,"JPM,100940,161"
2019-06-28 10:40:00.000000000,LAST_TRADE,"2,$100940.0000"
2019-06-28 10:40:00.000000000,QUERY_SPREAD,84
2019-06-28 10:40:00.000000000,BEST_BID,"JPM,100775,195"
2019-06-28 10:40:00.000000000,BEST_ASK,"JPM,100940,160"
2019-06-28 10:40:00.000000000,LAST_TRADE,"1,$100940.0000"
2019-06-28 10:40:00.000000000,QUERY_SPREAD,85
2019-06-28 10:40:00.000000000,BEST_BID,"JPM,100775,195"
2019-06-28 10:40:00.000000000,BEST_ASK,"JPM,100940,159"
2019-06-28 10:40:00.000000000,LAST_TRADE,"1,$100940.0000"
2019-06-28 10:40:00.000000000,QUERY_SPREAD,86
2019-06-28 10:40:00.000000000,BEST_BID,"JPM,100775,195"
2019-06-28 10:40:00.000000000,BEST_ASK,"JPM,100940,153"
2019-06-28 10:40:00.000000000,LAST_TRADE,"6,$100940.0000"
2019-06-28 10:40:00.000000000,QUERY_SPREAD,87
2019-06-28 10:40:00.000000000,BEST_BID,"JPM,100775,195"
2019-06-28 10:40:00.000000000,BEST_ASK,"JPM,100940,150"
2019-06-28 10:40:00.000000000,LAST_TRADE,"3,$100940.0000"
2019-06-28 10:40:00.000000000,QUERY_SPREAD,88
2019-06-28 10:40:00.000000000,BEST_BID,"JPM,100775,195"
2019-06-28 10:40:00.000000000,BEST_ASK,"JPM,100940,146"
2019-06-28 10:40:00.000000000,LAST_TRADE,"4,$100940.0000"
2019-06-28 10:40:00.000000000,QUERY_SPREAD,89
2019-06-28 10:40:00.000000000,BEST_BID,"JPM,100775,195"
2019-06-28 10:40:00.000000000,BEST_ASK,"JPM,100940,142"
2019-06-28 10:40:00.000000000,LAST_TRADE,"4,$100940.0000"
2019-06-28 10:40:00.000000000,QUERY_SPREAD,90
2019-06-28 10:40:00.000000000,BEST_BID,"JPM,100775,195"
2019-06-28 10:40:00.000000000,BEST_ASK,"JPM,100940,135"
2019-06-28 10:40:00.000000000,LAST_TRADE,"7,$100940.0000"
2019-06-28 10:40:00.000000000,QUERY_SPREAD,91
2019-06-28 10:40:00.000000000,BEST_BID,"JPM,100775,195"
2019-06-28 10:40:00.000000000,BEST_ASK,"JPM,100940,127"
2019-06-28 10:40:00.000000000,LAST_TRADE,"8,$100940.0000"
2019-06-28 10:40:00.000000000,QUERY_SPREAD,92
2019-06-28 10:40:00.000000000,BEST_BID,"JPM,100775,195"
2019-06-28 10:40:00.000000000,BEST_ASK,"JPM,100940,122"
2019-06-28 10:40:00.000000000,LAST_TRADE,"5,$100940.0000"
2019-06-28 10:40:00.000000000,QUERY_SPREAD,93
2019-06-28 10:40:00.000000000,BEST_BID,"JPM,100775,195"
2019-06-28 10:40:00.000000000,BEST_ASK,"JPM,100940,119"
2019-06-28 10:40:00.000000000,LAST_TRADE,"3,$100940.0000"
2019-06-28 10:40:00.000000000,QUERY_SPREAD,94
2019-06-28 10:40:00.000000000,BEST_BID,"JPM,100775,195"
2019-06-28 10:40:00.000000000,BEST_ASK,"JPM,100940,115"
2019-06-28 10:40:00.000000000,LAST_TRADE,"4,$100940.0000"
2019-06-28 10:40:00.000000000,QUERY_SPREAD,95
2019-06-28 10:40:00.000000000,BEST_BID,"JPM,100775,195"
2019-06-28 10:40:00.000000000,BEST_ASK,"JPM,100940,110"
2019-06-28 10:40:00.000000000,LAST_TRADE,"5,$100940.0000"
2019-06-28 10:40:00.000000000,QUERY_SPREAD,96
2019-06-28 10:40:00.000000000,BEST_BID,"JPM,100775,195"
2019-06-28 10:40:00.000000000,BEST_ASK,"JPM,100940,109"
2019-06-28 10:40:00.000000000,LAST_TRADE,"1,$100940.0000"
2019-06-28 10:40:00.000000000,QUERY_SPREAD,97
2019-06-28 10:40:00.000000000,BEST_BID,"JPM,100775,195"
2019-06-28 10:40:00.000000000,BEST_ASK,"JPM,100940,102"
2019-06-28 10:40:00.000000000,LAST_TRADE,"7,$100940.0000"
2019-06-28 10:40:00.000000000,QUERY_SPREAD,98
2019-06-28 10:40:00.000000000,BEST_BID,"JPM,100775,195"
2019-06-28 10:40:00.000000000,BEST_ASK,"JPM,100940,96"
2019-06-28 10:40:00.000000000,LAST_TRADE,"6,$100940.0000"
2019-06-28 10:40:00.000000000,QUERY_SPREAD,99
2019-06-28 10:40:00.000000000,BEST_BID,"JPM,100775,195"
2019-06-28 10:40:00.000000000,BEST_ASK,"JPM,100940,91"
2019-06-28 10:40:00.000000000,LAST_TRADE,"5,$100940.0000"
2019-06-28 10:40:00.000000000,QUERY_SPREAD,100
2019-06-28 10:40:00.000000000,BEST_BID,"JPM,100775,195"
2019-06-28 10:40:00.000000000,BEST_ASK,"JPM,100940,84"
2019-06-28 10:40:00.000000000,LAST_TRADE,"7,$100940.0000"
2019-06-28 10:40:00.000000000,QUERY_SPREAD,101
2019-06-28 10:40:00.000000000,QUERY_ORDER_STREAM,101
2019-06-28 10:40:00.000000000,BEST_BID,"JPM,100775,195"
2019-06-28 10:40:00.000000000,BEST_ASK,"JPM,100940,85"
2019-06-28 10:40:10.000000000,QUERY_SPREAD,1
2019-06-28 10:40:10.000000000,BEST_BID,"JPM,100775,240"
2019-06-28 10:40:10.000000000,BEST_ASK,"JPM,100940,1"
2019-06-28 10:40:10.000000000,BEST_BID,"JPM,100775,240"
2019-06-28 10:40:10.000000000,BEST_ASK,"JPM,100940,1"
2019-06-28 10:40:10.000000000,BEST_BID,"JPM,100775,240"
2019-06-28 10:40:10.000000000,BEST_ASK,"JPM,100940,141"
2019-06-28 10:40:10.000000000,BEST_BID,"JPM,100775,240"
2019-06-28 10:40:10.000000000,BEST_ASK,"JPM,100940,141"
2019-06-28 10:40:12.352856073,QUERY_SPREAD,37
2019-06-28 10:40:12.352856073,BEST_BID,"JPM,100775,240"
2019-06-28 10:40:12.352856073,BEST_ASK,"JPM,100940,141"
2019-06-28 10:40:14.618206000,QUERY_ORDER_STREAM,75
2019-06-28 10:40:14.618206000,QUERY_SPREAD,75
2019-06-28 10:40:20.000000000,QUERY_SPREAD,1
2019-06-28 10:40:20.000000000,BEST_BID,"JPM,100775,240"
2019-06-28 10:40:20.000000000,BEST_ASK,"JPM,100940,1"
2019-06-28 10:40:20.000000000,BEST_BID,"JPM,100775,240"
2019-06-28 10:40:20.000000000,BEST_ASK,"JPM,100940,1"
2019-06-28 10:40:20.000000000,BEST_BID,"JPM,100775,240"
2019-06-28 10:40:20.000000000,BEST_ASK,"JPM,100940,141"
2019-06-28 10:40:20.000000000,BEST_BID,"JPM,100775,240"
2019-06-28 10:40:20.000000000,BEST_ASK,"JPM,100940,141"
2019-06-28 10:40:21.652268554,QUERY_SPREAD,33
2019-06-28 10:40:21.652268554,BEST_BID,"JPM,100928,100"
2019-06-28 10:40:21.652268554,BEST_ASK,"JPM,100940,141"
2019-06-28 10:40:30.000000000,QUERY_SPREAD,1
2019-06-28 10:40:30.000000000,BEST_BID,"JPM,100928,195"
2019-06-28 10:40:30.000000000,BEST_ASK,"JPM,100940,1"
2019-06-28 10:40:30.000000000,BEST_BID,"JPM,100928,195"
2019-06-28 10:40:30.000000000,BEST_ASK,"JPM,100940,1"
2019-06-28 10:40:30.000000000,BEST_BID,"JPM,100928,195"
2019-06-28 10:40:30.000000000,BEST_ASK,"JPM,100940,1"
2019-06-28 10:40:30.000000000,BEST_BID,"JPM,100928,195"
2019-06-28 10:40:30.000000000,BEST_ASK,"JPM,100940,96"
2019-06-28 10:40:30.000000000,BEST_BID,"JPM,100928,195"
2019-06-28 10:40:30.000000000,BEST_ASK,"JPM,100940,96"
2019-06-28 10:40:30.000000000,BEST_BID,"JPM,100928,195"
2019-06-28 10:40:30.000000000,BEST_ASK,"JPM,100940,96"
2019-06-28 10:40:40.000000000,QUERY_SPREAD,1
2019-06-28 10:40:40.000000000,BEST_BID,"JPM,100928,156"
2019-06-28 10:40:40.000000000,BEST_ASK,"JPM,100940,1"
2019-06-28 10:40:40.000000000,BEST_BID,"JPM,100928,156"
2019-06-28 10:40:40.000000000,BEST_ASK,"JPM,100940,1"
2019-06-28 10:40:40.000000000,BEST_BID,"JPM,100928,156"
2019-06-28 10:40:40.000000000,BEST_ASK,"JPM,100940,1"
2019-06-28 10:40:40.000000000,BEST_BID,"JPM,100928,156"
2019-06-28 10:40:40.000000000,BEST_ASK,"JPM,100940,1"
2019-06-28 10:40:40.000000000,BEST_BID,"JPM,100928,156"
2019-06-28 10:40:40.000000000,BEST_ASK,"JPM,100940,1"
2019-06-28 10:40:40.000000000,BEST_BID,"JPM,100928,156"
2019-06-28 10:40:40.000000000,BEST_ASK,"JPM,100940,57"
2019-06-28 10:40:40.000000000,BEST_BID,"JPM,100928,156"
2019-06-28 10:40:40.000000000,BEST_ASK,"JPM,100940,57"
2019-06-28 10:40:40.000000000,BEST_BID,"JPM,100928,156"
2019-06-28 10:40:40.000000000,BEST_ASK,"JPM,100940,57"
2019-06-28 10:40:40.000000000,BEST_BID,"JPM,100928,156"
2019-06-28 10:40:40.000000000,BEST_ASK,"JPM,100940,57"
2019-06-28 10:40:40.000000000,BEST_BID,"JPM,100928,156"
2019-06-28 10:40:40.000000000,BEST_ASK,"JPM,100940,57"
2019-06-28 10:40:42.623846264,QUERY_SPREAD,43
2019-06-28 10:40:42.623846264,BEST_BID,"JPM,100940,43"
2019-06-28 10:40:42.623846264,BEST_ASK,"JPM,100941,119"
2019-06-28 10:40:42.623846264,LAST_TRADE,"57,$100940.0000"
2019-06-28 10:40:43.294974885,QUERY_SPREAD,13
2019-06-28 10:40:43.294974885,BEST_BID,"JPM,100940,43"
2019-06-28 10:40:43.294974885,BEST_ASK,"JPM,100941,119"
2019-06-28 10:40:46.688952546,QUERY_SPREAD,33
2019-06-28 10:40:46.688952546,BEST_BID,"JPM,100940,43"
2019-06-28 10:40:46.688952546,BEST_ASK,"JPM,100941,19"
2019-06-28 10:40:46.688952546,LAST_TRADE,"100,$100941.0000"
2019-06-28 10:40:50.000000000,QUERY_SPREAD,1
2019-06-28 10:40:50.000000000,BEST_BID,"JPM,100940,183"
2019-06-28 10:40:50.000000000,BEST_ASK,"JPM,101057,100"
2019-06-28 10:40:50.000000000,BEST_BID,"JPM,100940,183"
2019-06-28 10:40:50.000000000,BEST_ASK,"JPM,101057,100"
2019-06-28 10:40:50.000000000,BEST_BID,"JPM,100940,183"
2019-06-28 10:40:50.000000000,BEST_ASK,"JPM,101057,240"
2019-06-28 10:40:50.000000000,BEST_BID,"JPM,100940,183"
2019-06-28 10:40:50.000000000,BEST_ASK,"JPM,101057,240"
2019-06-28 10:41:00.000000000,QUERY_SPREAD,1
2019-06-28 10:41:00.000000000,BEST_BID,"JPM,100940,138"
2019-06-28 10:41:00.000000000,BEST_ASK,"JPM,101057,100"
2019-06-28 10:41:00.000000000,BEST_BID,"JPM,100940,138"
2019-06-28 10:41:00.000000000,BEST_ASK,"JPM,101057,100"
2019-06-28 10:41:00.000000000,BEST_BID,"JPM,100940,138"
2019-06-28 10:41:00.000000000,BEST_ASK,"JPM,101057,100"
2019-06-28 10:41:00.000000000,BEST_BID,"JPM,100940,138"
2019-06-28 10:41:00.000000000,BEST_ASK,"JPM,101057,195"
2019-06-28 10:41:00.000000000,BEST_BID,"JPM,100940,138"
2019-06-28 10:41:00.000000000,BEST_ASK,"JPM,101057,195"
2019-06-28 10:41:00.000000000,BEST_BID,"JPM,100940,138"
2019-06-28 10:41:00.000000000,BEST_ASK,"JPM,101057,195"
2019-06-28 10:41:00.000000000,QUERY_SPREAD,77
2019-06-28 10:41:00.000000000,BEST_BID,"JPM,100940,138"
2019-06-28 10:41:00.000000000,BEST_ASK,"JPM,101057,194"
2019-06-28 10:41:00.000000000,LAST_TRADE,"1,$101057.0000"
2019-06-28 10:41:00.000000000,QUERY_SPREAD,78
2019-06-28 10:41:00.000000000,BEST_BID,"JPM,100940,138"
2019-06-28 10:41:00.000000000,BEST_ASK,"JPM,101057,190"
2019-06-28 10:41:00.000000000,LAST_TRADE,"4,$101057.0000"
2019-06-28 10:41:00.000000000,QUERY_SPREAD,79
2019-06-28 10:41:00.000000000,BEST_BID,"JPM,100940,138"
2019-06-28 10:41:00.000000000,BEST_ASK,"JPM,101057,184"
2019-06-28 10:41:00.000000000,LAST_TRADE,"6,$101057.0000"
2019-06-28 10:41:00.000000000,QUERY_SPREAD,80
2019-06-28 10:41:00.000000000,BEST_BID,"JPM,100940,138"
2019-06-28 10:41:00.000000000,BEST_ASK,"JPM,101057,179"
2019-06-28 10:41:00.000000000,LAST_TRADE,"5,$101057.0000"
2019-06-28 10:41:00.000000000,QUERY_SPREAD,81
2019-06-28 10:41:00.000000000,BEST_BID,"JPM,100940,138"
2019-06-28 10:41:00.000000000,BEST_ASK,"JPM,101057,171"
2019-06-28 10:41:00.000000000,LAST_TRADE,"8,$101057.0000"
2019-06-28 10:41:00.000000000,QUERY_SPREAD,82
2019-06-28 10:41:00.000000000,BEST_BID,"JPM,100940,138"
2019-06-28 10:41:00.000000000,BEST_ASK,"JPM,101057,163"
2019-06-28 10:41:00.000000000,LAST_TRADE,"8,$101057.0000"
2019-06-28 10:41:00.000000000,QUERY_SPREAD,83
2019-06-28 10:41:00.000000000,BEST_BID,"JPM,100940,138"
2019-06-28 10:41:00.000000000,BEST_ASK,"JPM,101057,161"
2019-06-28 10:41:00.000000000,LAST_TRADE,"2,$101057.0000"
2019-06-28 10:41:00.000000000,QUERY_SPREAD,84
2019-06-28 10:41:00.000000000,BEST_BID,"JPM,100940,138"
2019-06-28 10:41:00.000000000,BEST_ASK,"JPM,101057,160"
2019-06-28 10:41:00.000000000,LAST_TRADE,"1,$101057.0000"
2019-06-28 10:41:00.000000000,QUERY_SPREAD,85
2019-06-28 10:41:00.000000000,BEST_BID,"JPM,100940,138"
2019-06-28 10:41:00.000000000,BEST_ASK,"JPM,101057,159"
2019-06-28 10:41:00.000000000,LAST_TRADE,"1,$101057.0000"
2019-06-28 10:41:00.000000000,QUERY_SPREAD,86
2019-06-28 10:41:00.000000000,BEST_BID,"JPM,100940,138"
2019-06-28 10:41:00.000000000,BEST_ASK,"JPM,101057,153"
2019-06-28 10:41:00.000000000,LAST_TRADE,"6,$101057.0000"
2019-06-28 10:41:00.000000000,QUERY_SPREAD,87
2019-06-28 10:41:00.000000000,BEST_BID,"JPM,100940,138"
2019-06-28 10:41:00.000000000,BEST_ASK,"JPM,101057,150"
2019-06-28 10:41:00.000000000,LAST_TRADE,"3,$101057.0000"
2019-06-28 10:41:00.000000000,QUERY_SPREAD,88
2019-06-28 10:41:00.000000000,BEST_BID,"JPM,100940,138"
2019-06-28 10:41:00.000000000,BEST_ASK,"JPM,101057,146"
2019-06-28 10:41:00.000000000,LAST_TRADE,"4,$101057.0000"
2019-06-28 10:41:00.000000000,QUERY_SPREAD,89
2019-06-28 10:41:00.000000000,BEST_BID,"JPM,100940,138"
2019-06-28 10:41:00.000000000,BEST_ASK,"JPM,101057,142"
2019-06-28 10:41:00.000000000,LAST_TRADE,"4,$101057.0000"
2019-06-28 10:41:00.000000000,QUERY_SPREAD,90
2019-06-28 10:41:00.000000000,BEST_BID,"JPM,100940,138"
2019-06-28 10:41:00.000000000,BEST_ASK,"JPM,101057,135"
2019-06-28 10:41:00.000000000,LAST_TRADE,"7,$101057.0000"
2019-06-28 10:41:00.000000000,QUERY_SPREAD,91
2019-06-28 10:41:00.000000000,BEST_BID,"JPM,100940,138"
2019-06-28 10:41:00.000000000,BEST_ASK,"JPM,101057,127"
2019-06-28 10:41:00.000000000,LAST_TRADE,"8,$101057.0000"
2019-06-28 10:41:00.000000000,QUERY_SPREAD,92
2019-06-28 10:41:00.000000000,BEST_BID,"JPM,100940,138"
2019-06-28 10:41:00.000000000,BEST_ASK,"JPM,101057,122"
2019-06-28 10:41:00.000000000,LAST_TRADE,"5,$101057.0000"
2019-06-28 10:41:00.000000000,QUERY_SPREAD,93
2019-06-28 10:41:00.000000000,BEST_BID,"JPM,100940,138"
2019-06-28 10:41:00.000000000,BEST_ASK,"JPM,101057,119"
2019-06-28 10:41:00.000000000,LAST_TRADE,"3,$101057.0000"
2019-06-28 10:41:00.000000000,QUERY_SPREAD,94
2019-06-28 10:41:00.000000000,BEST_BID,"JPM,100940,138"
2019-06-28 10:41:00.000000000,BEST_ASK,"JPM,101057,115"
2019-06-28 10:41:00.000000000,LAST_TRADE,"4,$101057.0000"
2019-06-28 10:41:00.000000000,QUERY_SPREAD,95
2019-06-28 10:41:00.000000000,BEST_BID,"JPM,100940,138"
2019-06-28 10:41:00.000000000,BEST_ASK,"JPM,101057,110"
2019-06-28 10:41:00.000000000,LAST_TRADE,"5,$101057.0000"
2019-06-28 10:41:00.000000000,QUERY_SPREAD,96
2019-06-28 10:41:00.000000000,BEST_BID,"JPM,100940,138"
2019-06-28 10:41:00.000000000,BEST_ASK,"JPM,101057,109"
2019-06-28 10:41:00.000000000,LAST_TRADE,"1,$101057.0000"
2019-06-28 10:41:00.000000000,QUERY_SPREAD,97
2019-06-28 10:41:00.000000000,BEST_BID,"JPM,100940,138"
2019-06-28 10:41:00.000000000,BEST_ASK,"JPM,101057,102"
2019-06-28 10:41:00.000000000,LAST_TRADE,"7,$101057.0000"
2019-06-28 10:41:00.000000000,QUERY_SPREAD,98
2019-06-28 10:41:00.000000000,BEST_BID,"JPM,100940,138"
2019-06-28 10:41:00.000000000,BEST_ASK,"JPM,101057,96"
2019-06-28 10:41:00.000000000,LAST_TRADE,"6,$101057.0000"
2019-06-28 10:41:00.000000000,QUERY_SPREAD,99
2019-06-28 10:41:00.000000000,BEST_BID,"JPM,100940,138"
2019-06-28 10:41:00.000000000,BEST_ASK,"JPM,101057,91"
2019-06-28 10:41:00.000000000,LAST_TRADE,"5,$101057.0000"
2019-06-28 10:41:00.000000000,QUERY_SPREAD,100
2019-06-28 10:41:00.000000000,BEST_BID,"JPM,100940,138"
2019-06-28 10:41:00.000000000,BEST_ASK,"JPM,101057,84"
2019-06-28 10:41:00.000000000,LAST_TRADE,"7,$101057.0000"
2019-06-28 10:41:00.000000000,QUERY_SPREAD,101
2019-06-28 10:41:00.000000000,QUERY_ORDER_STREAM,101
2019-06-28 10:41:00.000000000,BEST_BID,"JPM,100940,138"
2019-06-28 10:41:00.000000000,BEST_ASK,"JPM,101057,85"
2019-06-28 10:41:09.661790770,QUERY_ORDER_STREAM,52
2019-06-28 10:41:09.661790770,QUERY_SPREAD,52
2019-06-28 10:41:09.661790770,BEST_BID,"JPM,101057,15"
2019-06-28 10:41:09.661790770,BEST_ASK,"JPM,101060,192"
2019-06-28 10:41:09.661790770,LAST_TRADE,"85,$101057.0000"
2019-06-28 10:41:10.000000000,QUERY_SPREAD,1
2019-06-28 10:41:10.000000000,BEST_BID,"JPM,101057,110"
2019-06-28 10:41:10.000000000,BEST_ASK,"JPM,101060,100"
2019-06-28 10:41:10.000000000,BEST_BID,"JPM,101057,110"
2019-06-28 10:41:10.000000000,BEST_ASK,"JPM,101060,100"
2019-06-28 10:41:10.000000000,BEST_BID,"JPM,101057,110"
2019-06-28 10:41:10.000000000,BEST_ASK,"JPM,101060,100"
2019-06-28 10:41:10.000000000,BEST_BID,"JPM,101057,110"
2019-06-28 10:41:10.000000000,BEST_ASK,"JPM,101060,195"
2019-06-28 10:41:10.000000000,BEST_BID,"JPM,101057,110"
2019-06-28 10:41:10.000000000,BEST_ASK,"JPM,101060,195"
2019-06-28 10:41:10.000000000,BEST_BID,"JPM,101057,110"
2019-06-28 10:41:10.000000000,BEST_ASK,"JPM,101060,195"
2019-06-28 10:41:13.008110604,QUERY_SPREAD,13
2019-06-28 10:41:13.008110604,BEST_BID,"JPM,101057,110"
2019-06-28 10:41:13.008110604,BEST_ASK,"JPM,101060,195"
2019-06-28 10:41:20.000000000,QUERY_SPREAD,1
2019-06-28 10:41:20.000000000,BEST_BID,"JPM,101057,85"
2019-06-28 10:41:20.000000000,BEST_ASK,"JPM,101060,100"
2019-06-28 10:41:20.000000000,BEST_BID,"JPM,101057,85"
2019-06-28 10:41:20.000000000,BEST_ASK,"JPM,101060,100"
2019-06-28 10:41:20.000000000,BEST_BID,"JPM,101057,85"
2019-06-28 10:41:20.000000000,BEST_ASK,"JPM,101060,100"
2019-06-28 10:41:20.000000000,BEST_BID,"JPM,101057,85"
2019-06-28 10:41:20.000000000,BEST_ASK,"JPM,101060,100"
2019-06-28 10:41:20.000000000,BEST_BID,"JPM,101057,85"
2019-06-28 10:41:20.000000000,BEST_ASK,"JPM,101060,170"
2019-06-28 10:41:20.000000000,BEST_BID,"JPM,101057,85"
2019-06-28 10:41:20.000000000,BEST_ASK,"JPM,101060,170"
2019-06-28 10:41:20.000000000,BEST_BID,"JPM,101057,85"
2019-06-28 10:41:20.000000000,BEST_ASK,"JPM,101060,170"
2019-06-28 10:41:20.000000000,BEST_BID,"JPM,101057,85"
2019-06-28 10:41:20.000000000,BEST_ASK,"JPM,101060,170"
2019-06-28 10:41:30.000000000,QUERY_SPREAD,1
2019-06-28 10:41:30.000000000,BEST_BID,"JPM,101057,71"
2019-06-28 10:41:30.000000000,BEST_ASK,"JPM,101060,100"
2019-06-28 10:41:30.000000000,BEST_BID,"JPM,101057,71"
2019-06-28 10:41:30.000000000,BEST_ASK,"JPM,101060,100"
2019-06-28 10:41:30.000000000,BEST_BID,"JPM,101057,71"
2019-06-28 10:41:30.000000000,BEST_ASK,"JPM,101060,100"
2019-06-28 10:41:30.000000000,BEST_BID,"JPM,101057,71"
2019-06-28 10:41:30.000000000,BEST_ASK,"JPM,101060,100"
2019-06-28 10:41:30.000000000,BEST_BID,"JPM,101057,71"
2019-06-28 10:41:30.000000000,BEST_ASK,"JPM,101060,100"
2019-06-28 10:41:30.000000000,BEST_BID,"JPM,101057,71"
2019-06-28 10:41:30.000000000,BEST_ASK,"JPM,101060,156"
2019-06-28 10:41:30.000000000,BEST_BID,"JPM,101057,71"
2019-06-28 10:41:30.000000000,BEST_ASK,"JPM,101060,156"
2019-06-28 10:41:30.000000000,BEST_BID,"JPM,101057,71"
2019-06-28 10:41:30.000000000,BEST_ASK,"JPM,101060,156"
2019-06-28 10:41:30.000000000,BEST_BID,"JPM,101057,71"
2019-06-28 10:41:30.000000000,BEST_ASK,"JPM,101060,156"
2019-06-28 10:41:30.000000000,BEST_BID,"JPM,101057,71"
2019-06-28 10:41:30.000000000,BEST_ASK,"JPM,101060,156"
2019-06-28 10:41:40.000000000,QUERY_SPREAD,1
2019-06-28 10:41:40.000000000,BEST_BID,"JPM,101057,155"
2019-06-28 10:41:40.000000000,BEST_ASK,"JPM,101060,100"
2019-06-28 10:41:40.000000000,BEST_BID,"JPM,101057,155"
2019-06-28 10:41:40.000000000,BEST_ASK,"JPM,101060,100"
2019-06-28 10:41:40.000000000,BEST_BID,"JPM,101057,155"
2019-06-28 10:41:40.000000000,BEST_ASK,"JPM,101060,240"
2019-06-28 10:41:40.000000000,BEST_BID,"JPM,101057,155"
2019-06-28 10:41:40.000000000,BEST_ASK,"JPM,101060,240"
2019-06-28 10:41:47.079070089,QUERY_ORDER_STREAM,67
2019-06-28 10:41:47.079070089,QUERY_SPREAD,67
2019-06-28 10:41:47.079070089,BEST_BID,"JPM,101057,55"
2019-06-28 10:41:47.079070089,BEST_ASK,"JPM,101060,240"
2019-06-28 10:41:47.079070089,LAST_TRADE,"100,$101057.0000"
2019-06-28 10:41:50.000000000,QUERY_SPREAD,1
2019-06-28 10:41:50.000000000,BEST_BID,"JPM,100940,183"
2019-06-28 10:41:50.000000000,BEST_ASK,"JPM,101060,100"
2019-06-28 10:41:50.000000000,BEST_BID,"JPM,100940,183"
2019-06-28 10:41:50.000000000,BEST_ASK,"JPM,101060,100"
2019-06-28 10:41:50.000000000,BEST_BID,"JPM,100940,183"
2019-06-28 10:41:50.000000000,BEST_ASK,"JPM,101060,240"
2019-06-28 10:41:50.000000000,BEST_BID,"JPM,100940,183"
2019-06-28 10:41:50.000000000,BEST_ASK,"JPM,101060,240"
2019-06-28 10:41:59.008121381,QUERY_ORDER_STREAM,63
2019-06-28 10:41:59.008121381,QUERY_SPREAD,63
2019-06-28 10:41:59.008121381,BEST_BID,"JPM,100940,183"
2019-06-28 10:41:59.008121381,BEST_ASK,"JPM,101057,100"
2019-06-28 10:42:00.000000000,QUERY_SPREAD,1
2019-06-28 10:42:00.000000000,BEST_BID,"JPM,100940,113"
2019-06-28 10:42:00.000000000,BEST_ASK,"JPM,101057,100"
2019-06-28 10:42:00.000000000,BEST_BID,"JPM,100940,113"
2019-06-28 10:42:00.000000000,BEST_ASK,"JPM,101057,100"
2019-06-28 10:42:00.000000000,BEST_BID,"JPM,100940,113"
2019-06-28 10:42:00.000000000,BEST_ASK,"JPM,101057,100"
2019-06-28 10:42:00.000000000,BEST_BID,"JPM,100940,113"
2019-06-28 10:42:00.000000000,BEST_ASK,"JPM,101057,100"
2019-06-28 10:42:00.000000000,BEST_BID,"JPM,100940,113"
2019-06-28 10:42:00.000000000,BEST_ASK,"JPM,101057,170"
2019-06-28 10:42:00.000000000,BEST_BID,"JPM,100940,113"
2019-06-28 10:42:00.000000000,BEST_ASK,"JPM,101057,170"
2019-06-28 10:42:00.000000000,BEST_BID,"JPM,100940,113"
2019-06-28 10:42:00.000000000,BEST_ASK,"JPM,101057,170"
2019-06-28 10:42:00.000000000,BEST_BID,"JPM,100940,113"
2019-06-28 10:42:00.000000000,BEST_ASK,"JPM,101057,170"
2019-06-28 10:42:00.000000000,QUERY_SPREAD,77
2019-06-28 10:42:00.000000000,BEST_BID,"JPM,100940,113"
2019-06-28 10:42:00.000000000,BEST_ASK,"JPM,101057,169"
2019-06-28 10:42:00.000000000,LAST_TRADE,"1,$101057.0000"
2019-06-28 10:42:00.000000000,QUERY_SPREAD,78
2019-06-28 10:42:00.000000000,BEST_BID,"JPM,100940,113"
2019-06-28 10:42:00.000000000,BEST_ASK,"JPM,101057,165"
2019-06-28 10:42:00.000000000,LAST_TRADE,"4,$101057.0000"
2019-06-28 10:42:00.000000000,QUERY_SPREAD,79
2019-06-28 10:42:00.000000000,BEST_BID,"JPM,100940,113"
2019-06-28 10:42:00.000000000,BEST_ASK,"JPM,101057,159"
2019-06-28 10:42:00.000000000,LAST_TRADE,"6,$101057.0000"
2019-06-28 10:42:00.000000000,QUERY_SPREAD,80
2019-06-28 10:42:00.000000000,BEST_BID,"JPM,100940,113"
2019-06-28 10:42:00.000000000,BEST_ASK,"JPM,101057,154"
2019-06-28 10:42:00.000000000,LAST_TRADE,"5,$101057.0000"
2019-06-28 10:42:00.000000000,QUERY_SPREAD,81
2019-06-28 10:42:00.000000000,BEST_BID,"JPM,100940,113"
2019-06-28 10:42:00.000000000,BEST_ASK,"JPM,101057,146"
2019-06-28 10:42:00.000000000,LAST_TRADE,"8,$101057.0000"
2019-06-28 10:42:00.000000000,QUERY_SPREAD,82
2019-06-28 10:42:00.000000000,BEST_BID,"JPM,100940,113"
2019-06-28 10:42:00.000000000,BEST_ASK,"JPM,101057,138"
2019-06-28 10:42:00.000000000,LAST_TRADE,"8,$101057.0000"
2019-06-28 10:42:00.000000000,QUERY_SPREAD,83
2019-06-28 10:42:00.000000000,BEST_BID,"JPM,100940,113"
2019-06-28 10:42:00.000000000,BEST_ASK,"JPM,101057,136"
2019-06-28 10:42:00.000000000,LAST_TRADE,"2,$101057.0000"
2019-06-28 10:42:00.000000000,QUERY_SPREAD,84
2019-06-28 10:42:00.000000000,BEST_BID,"JPM,100940,113"
2019-06-28 10:42:00.000000000,BEST_ASK,"JPM,101057,135"
2019-06-28 10:42:00.000000000,LAST_TRADE,"1,$101057.0000"
2019-06-28 10:42:00.000000000,QUERY_SPREAD,85
2019-06-28 10:42:00.000000000,BEST_BID,"JPM,100940,113"
2019-06-28 10:42:00.000000000,BEST_ASK,"JPM,101057,134"
2019-06-28 10:42:00.000000000,LAST_TRADE,"1,$101057.0000"
2019-06-28 10:42:00.000000000,QUERY_SPREAD,86
2019-06-28 10:42:00.000000000,BEST_BID,"JPM,100940,113"
2019-06-28 10:42:00.000000000,BEST_ASK,"JPM,101057,128"
2019-06-28 10:42:00.000000000,LAST_TRADE,"6,$101057.0000"
2019-06-28 10:42:00.000000000,QUERY_SPREAD,87
2019-06-28 10:42:00.000000000,BEST_BID,"JPM,100940,113"
2019-06-28 10:42:00.000000000,BEST_ASK,"JPM,101057,125"
2019-06-28 10:42:00.000000000,LAST_TRADE,"3,$101057.0000"
2019-06-28 10:42:00.000000000,QUERY_SPREAD,88
2019-06-28 10:42:00.000000000,BEST_BID,"JPM,100940,113"
2019-06-28 10:42:00.000000000,BEST_ASK,"JPM,101057,121"
2019-06-28 10:42:00.000000000,LAST_TRADE,"4,$101057.0000"
2019-06-28 10:42:00.000000000,QUERY_SPREAD,89
2019-06-28 10:42:00.000000000,BEST_BID,"JPM,100940,113"
2019-06-28 10:42:00.000000000,BEST_ASK,"JPM,101057,117"
2019-06-28 10:42:00.000000000,LAST_TRADE,"4,$101057.0000"
2019-06-28 10:42:00.000000000,QUERY_SPREAD,90
2019-06-28 10:42:00.000000000,BEST_BID,"JPM,100940,113"
2019-06-28 10:42:00.000000000,BEST_ASK,"JPM,101057,110"
2019-06-28 10:42:00.000000000,LAST_TRADE,"7,$101057.0000"
2019-06-28 10:42:00.000000000,QUERY_SPREAD,91
2019-06-28 10:42:00.000000000,BEST_BID,"JPM,100940,113"
2019-06-28 10:42:00.000000000,BEST_ASK,"JPM,101057,102"
2019-06-28 10:42:00.000000000,LAST_TRADE,"8,$101057.0000"
2019-06-28 10:42:00.000000000,QUERY_SPREAD,92
2019-06-28 10:42:00.000000000,BEST_BID,"JPM,100940,113"
2019-06-28 10:42:00.000000000,BEST_ASK,"JPM,101057,97"
2019-06-28 10:42:00.000000000,LAST_TRADE,"5,$101057.0000"
2019-06-28 10:42:00.000000000,QUERY_SPREAD,93
2019-06-28 10:42:00.000000000,BEST_BID,"JPM,100940,113"
2019-06-28 10:42:00.000000000,BEST_ASK,"JPM,101057,94"
2019-06-28 10:42:00.000000000,LAST_TRADE,"3,$101057.0000"
2019-06-28 10:42:00.000000000,QUERY_SPREAD,94
2019-06-28 10:42:00.000000000,BEST_BID,"JPM,100940,113"
2019-06-28 10:42:00.000000000,BEST_ASK,"JPM,101057,90"
2019-06-28 10:42:00.000000000,LAST_TRADE,"4,$101057.0000"
2019-06-28 10:42:00.000000000,QUERY_SPREAD,95
2019-06-28 10:42:00.000000000,BEST_BID,"JPM,100940,113"
2019-06-28 10:42:00.000000000,BEST_ASK,"JPM,101057,85"
2019-06-28 10:42:00.000000000,LAST_TRADE,"5,$101057.0000"
2019-06-28 10:42:00.000000000,QUERY_SPREAD,96
2019-06-28 10:42:00.000000000,BEST_BID,"JPM,100940,113"
2019-06-28 10:42:00.000000000,BEST_ASK,"JPM,101057,84"
2019-06-28 10:42:00.000000000,LAST_TRADE,"1,$101057.0000"
2019-06-28 10:42:00.000000000,QUERY_SPREAD,97
2019-06-28 10:42:00.000000000,BEST_BID,"JPM,100940,113"
2019-06-28 10:42:00.000000000,BEST_ASK,"JPM,101057,77"
2019-06-28 10:42:00.000000000,LAST_TRADE,"7,$101057.0000"
2019-06-28 10:42:00.000000000,QUERY_SPREAD,98
2019-06-28 10:42:00.000000000,BEST_BID,"JPM,100940,113"
2019-06-28 10:42:00.000000000,BEST_ASK,"JPM,101057,71"
2019-06-28 10:42:00.000000000,LAST_TRADE,"6,$101057.0000"
2019-06-28 10:42:00.000000000,QUERY_SPREAD,99
2019-06-28 10:42:00.000000000,BEST_BID,"JPM,100940,113"
2019-06-28 10:42:00.000000000,BEST_ASK,"JPM,101057,66"
2019-06-28 10:42:00.000000000,LAST_TRADE,"5,$101057.0000"
2019-06-28 10:42:00.000000000,QUERY_SPREAD,100
2019-06-28 10:42:00.000000000,BEST_BID,"JPM,100940,113"
2019-06-28 10:42:00.000000000,BEST_ASK,"JPM,101057,59"
2019-06-28 10:42:00.000000000,LAST_TRADE,"7,$101057.0000"
2019-06-28 10:42:00.000000000,QUERY_SPREAD,101
2019-06-28 10:42:00.000000000,QUERY_ORDER_STREAM,101
2019-06-28 10:42:00.000000000,BEST_BID,"JPM,100940,113"
2019-06-28 10:42:00.000000000,BEST_ASK,"JPM,101057,60"
2019-06-28 10:42:02.430634182,QUERY_SPREAD,34
2019-06-28 10:42:02.430634182,BEST_BID,"JPM,100940,113"
2019-06-28 10:42:02.430634182,BEST_ASK,"JPM,101057,60"
2019-06-28 10:42:08.626781381,QUERY_ORDER_STREAM,76
2019-06-28 10:42:08.626781381,QUERY_SPREAD,76
2019-06-28 10:42:08.626781381,BEST_BID,"JPM,100940,113"
2019-06-28 10:42:08.626781381,BEST_ASK,"JPM,101057,160"
2019-06-28 10:42:10.000000000,QUERY_SPREAD,1
2019-06-28 10:42:10.000000000,BEST_BID,"JPM,100940,323"
2019-06-28 10:42:10.000000000,BEST_ASK,"JPM,101057,101"
2019-06-28 10:42:10.000000000,BEST_BID,"JPM,100940,323"
2019-06-28 10:42:10.000000000,BEST_ASK,"JPM,101057,381"
2019-06-28 10:42:16.355734328,QUERY_SPREAD,13
2019-06-28 10:42:16.355734328,BEST_BID,"JPM,100940,223"
2019-06-28 10:42:16.355734328,BEST_ASK,"JPM,101057,381"
2019-06-28 10:42:16.355734328,LAST_TRADE,"100,$100940.0000"
2019-06-28 10:42:20.000000000,QUERY_SPREAD,1
2019-06-28 10:42:20.000000000,BEST_BID,"JPM,100651,170"
2019-06-28 10:42:20.000000000,BEST_ASK,"JPM,101057,101"
2019-06-28 10:42:20.000000000,BEST_BID,"JPM,100651,170"
2019-06-28 10:42:20.000000000,BEST_ASK,"JPM,101057,101"
2019-06-28 10:42:20.000000000,BEST_BID,"JPM,100651,170"
2019-06-28 10:42:20.000000000,BEST_ASK,"JPM,101057,101"
2019-06-28 10:42:20.000000000,BEST_BID,"JPM,100651,170"
2019-06-28 10:42:20.000000000,BEST_ASK,"JPM,101057,101"
2019-06-28 10:42:20.000000000,BEST_BID,"JPM,100651,170"
2019-06-28 10:42:20.000000000,BEST_ASK,"JPM,101057,171"
2019-06-28 10:42:20.000000000,BEST_BID,"JPM,100651,170"
2019-06-28 10:42:20.000000000,BEST_ASK,"JPM,101057,171"
2019-06-28 10:42:20.000000000,BEST_BID,"JPM,100651,170"
2019-06-28 10:42:20.000000000,BEST_ASK,"JPM,101057,171"
2019-06-28 10:42:20.000000000,BEST_BID,"JPM,100651,170"
2019-06-28 10:42:20.000000000,BEST_ASK,"JPM,101057,171"
2019-06-28 10:42:30.000000000,QUERY_SPREAD,1
2019-06-28 10:42:30.000000000,BEST_BID,"JPM,100651,240"
2019-06-28 10:42:30.000000000,BEST_ASK,"JPM,101057,101"
2019-06-28 10:42:30.000000000,BEST_BID,"JPM,100651,240"
2019-06-28 10:42:30.000000000,BEST_ASK,"JPM,101057,101"
2019-06-28 10:42:30.000000000,BEST_BID,"JPM,100651,240"
2019-06-28 10:42:30.000000000,BEST_ASK,"JPM,101057,241"
2019-06-28 10:42:30.000000000,BEST_BID,"JPM,100651,240"
2019-06-28 10:42:30.000000000,BEST_ASK,"JPM,101057,241"
2019-06-28 10:42:31.028889988,QUERY_ORDER_STREAM,72
2019-06-28 10:42:31.028889988,QUERY_SPREAD,72
2019-06-28 10:42:34.778084479,QUERY_ORDER_STREAM,62
2019-06-28 10:42:34.778084479,QUERY_SPREAD,62
2019-06-28 10:42:34.778084479,BEST_BID,"JPM,100651,240"
2019-06-28 10:42:34.778084479,BEST_ASK,"JPM,101056,100"
2019-06-28 10:42:40.000000000,QUERY_SPREAD,1
2019-06-28 10:42:40.000000000,BEST_BID,"JPM,100651,195"
2019-06-28 10:42:40.000000000,BEST_ASK,"JPM,101056,100"
2019-06-28 10:42:40.000000000,BEST_BID,"JPM,100651,195"
2019-06-28 10:42:40.000000000,BEST_ASK,"JPM,101056,100"
2019-06-28 10:42:40.000000000,BEST_BID,"JPM,100651,195"
2019-06-28 10:42:40.000000000,BEST_ASK,"JPM,101056,100"
2019-06-28 10:42:40.000000000,BEST_BID,"JPM,100651,195"
2019-06-28 10:42:40.000000000,BEST_ASK,"JPM,101056,195"
2019-06-28 10:42:40.000000000,BEST_BID,"JPM,100651,195"
2019-06-28 10:42:40.000000000,BEST_ASK,"JPM,101056,195"
2019-06-28 10:42:40.000000000,BEST_BID,"JPM,100651,195"
2019-06-28 10:42:40.000000000,BEST_ASK,"JPM,101056,195"
2019-06-28 10:42:40.472489581,QUERY_SPREAD,29
2019-06-28 10:42:40.472489581,BEST_BID,"JPM,100651,95"
2019-06-28 10:42:40.472489581,BEST_ASK,"JPM,101056,195"
2019-06-28 10:42:40.472489581,LAST_TRADE,"100,$100651.0000"
2019-06-28 10:42:50.000000000,QUERY_SPREAD,1
2019-06-28 10:42:50.000000000,BEST_BID,"JPM,100597,280"
2019-06-28 10:42:50.000000000,BEST_ASK,"JPM,101056,100"
2019-06-28 10:42:50.000000000,BEST_BID,"JPM,100597,280"
2019-06-28 10:42:50.000000000,BEST_ASK,"JPM,101056,100"
2019-06-28 10:42:50.000000000,BEST_BID,"JPM,100597,280"
2019-06-28 10:42:50.000000000,BEST_ASK,"JPM,101056,240"
2019-06-28 10:42:50.000000000,BEST_BID,"JPM,100597,280"
2019-06-28 10:42:50.000000000,BEST_ASK,"JPM,101056,240"
2019-06-28 10:42:51.613854945,QUERY_ORDER_STREAM,61
2019-06-28 10:42:51.613854945,QUERY_SPREAD,61
2019-06-28 10:43:00.000000000,QUERY_SPREAD,1
2019-06-28 10:43:00.000000000,BEST_BID,"JPM,100597,235"
2019-06-28 10:43:00.000000000,BEST_ASK,"JPM,101056,100"
2019-06-28 10:43:00.000000000,BEST_BID,"JPM,100597,235"
2019-06-28 10:43:00.000000000,BEST_ASK,"JPM,101056,100"
2019-06-28 10:43:00.000000000,BEST_BID,"JPM,100597,235"
2019-06-28 10:43:00.000000000,BEST_ASK,"JPM,101056,100"
2019-06-28 10:43:00.000000000,BEST_BID,"JPM,100597,235"
2019-06-28 10:43:00.000000000,BEST_ASK,"JPM,101056,195"
2019-06-28 10:43:00.000000000,BEST_BID,"JPM,100597,235"
2019-06-28 10:43:00.000000000,BEST_ASK,"JPM,101056,195"
2019-06-28 10:43:00.000000000,BEST_BID,"JPM,100597,235"
2019-06-28 10:43:00.000000000,BEST_ASK,"JPM,101056,195"
2019-06-28 10:43:00.000000000,QUERY_SPREAD,77
2019-06-28 10:43:00.000000000,BEST_BID,"JPM,100597,235"
2019-06-28 10:43:00.000000000,BEST_ASK,"JPM,101056,194"
2019-06-28 10:43:00.000000000,LAST_TRADE,"1,$101056.0000"
2019-06-28 10:43:00.000000000,QUERY_SPREAD,78
2019-06-28 10:43:00.000000000,BEST_BID,"JPM,100597,235"
2019-06-28 10:43:00.000000000,BEST_ASK,"JPM,101056,190"
2019-06-28 10:43:00.000000000,LAST_TRADE,"4,$101056.0000"
2019-06-28 10:43:00.000000000,QUERY_SPREAD,79
2019-06-28 10:43:00.000000000,BEST_BID,"JPM,100597,235"
2019-06-28 10:43:00.000000000,BEST_ASK,"JPM,101056,184"
2019-06-28 10:43:00.000000000,LAST_TRADE,"6,$101056.0000"
2019-06-28 10:43:00.000000000,QUERY_SPREAD,80
2019-06-28 10:43:00.000000000,BEST_BID,"JPM,100597,235"
2019-06-28 10:43:00.000000000,BEST_ASK,"JPM,101056,179"
2019-06-28 10:43:00.000000000,LAST_TRADE,"5,$101056.0000"
2019-06-28 10:43:00.000000000,QUERY_SPREAD,81
2019-06-28 10:43:00.000000000,BEST_BID,"JPM,100597,235"
2019-06-28 10:43:00.000000000,BEST_ASK,"JPM,101056,171"
2019-06-28 10:43:00.000000000,LAST_TRADE,"8,$101056.0000"
2019-06-28 10:43:00.000000000,QUERY_SPREAD,82
2019-06-28 10:43:00.000000000,BEST_BID,"JPM,100597,235"
2019-06-28 10:43:00.000000000,BEST_ASK,"JPM,101056,163"
2019-06-28 10:43:00.000000000,LAST_TRADE,"8,$101056.0000"
2019-06-28 10:43:00.000000000,QUERY_SPREAD,83
2019-06-28 10:43:00.000000000,BEST_BID,"JPM,100597,235"
2019-06-28 10:43:00.000000000,BEST_ASK,"JPM,101056,161"
2019-06-28 10:43:00.000000000,LAST_TRADE,"2,$101056.0000"
2019-06-28 10:43:00.000000000,QUERY_SPREAD,84
2019-06-28 10:43:00.000000000,BEST_BID,"JPM,100597,235"
2019-06-28 10:43:00.000000000,BEST_ASK,"JPM,101056,160"
2019-06-28 10:43:00.000000000,LAST_TRADE,"1,$101056.0000"
2019-06-28 10:43:00.000000000,QUERY_SPREAD,85
2019-06-28 10:43:00.000000000,BEST_BID,"JPM,100597,235"
2019-06-28 10:43:00.000000000,BEST_ASK,"JPM,101056,159"
2019-06-28 10:43:00.000000000,LAST_TRADE,"1,$101056.0000"
2019-06-28 10:43:00.000000000,QUERY_SPREAD,86
2019-06-28 10:43:00.000000000,BEST_BID,"JPM,100597,235"
2019-06-28 10:43:00.000000000,BEST_ASK,"JPM,101056,153"
2019-06-28 10:43:00.000000000,LAST_TRADE,"6,$101056.0000"
2019-06-28 10:43:00.000000000,QUERY_SPREAD,87
2019-06-28 10:43:00.000000000,BEST_BID,"JPM,100597,235"
2019-06-28 10:43:00.000000000,BEST_ASK,"JPM,101056,150"
2019-06-28 10:43:00.000000000,LAST_TRADE,"3,$101056.0000"
2019-06-28 10:43:00.000000000,QUERY_SPREAD,88
2019-06-28 10:43:00.000000000,BEST_BID,"JPM,100597,235"
2019-06-28 10:43:00.000000000,BEST_ASK,"JPM,101056,146"
2019-06-28 10:43:00.000000000,LAST_TRADE,"4,$101056.0000"
2019-06-28 10:43:00.000000000,QUERY_SPREAD,89
2019-06-28 10:43:00.000000000,BEST_BID,"JPM,100597,235"
2019-06-28 10:43:00.000000000,BEST_ASK,"JPM,101056,142"
2019-06-28 10:43:00.000000000,LAST_TRADE,"4,$101056.0000"
2019-06-28 10:43:00.000000000,QUERY_SPREAD,90
2019-06-28 10:43:00.000000000,BEST_BID,"JPM,100597,235"
2019-06-28 10:43:00.000000000,BEST_ASK,"JPM,101056,135"
2019-06-28 10:43:00.000000000,LAST_TRADE,"7,$101056.0000"
2019-06-28 10:43:00.000000000,QUERY_SPREAD,91
2019-06-28 10:43:00.000000000,BEST_BID,"JPM,100597,235"
2019-06-28 10:43:00.000000000,BEST_ASK,"JPM,101056,127"
2019-06-28 10:43:00.000000000,LAST_TRADE,"8,$101056.0000"
2019-06-28 10:43:00.000000000,QUERY_SPREAD,92
2019-06-28 10:43:00.000000000,BEST_BID,"JPM,100597,235"
2019-06-28 10:43:00.000000000,BEST_ASK,"JPM,101056,122"
2019-06-28 10:43:00.000000000,LAST_TRADE,"5,$101056.0000"
2019-06-28 10:43:00.000000000,QUERY_SPREAD,93
2019-06-28 10:43:00.000000000,BEST_BID,"JPM,100597,235"
2019-06-28 10:43:00.000000000,BEST_ASK,"JPM,101056,119"
2019-06-28 10:43:00.000000000,LAST_TRADE,"3,$101056.0000"
2019-06-28 10:43:00.000000000,QUERY_SPREAD,94
2019-06-28 10:43:00.000000000,BEST_BID,"JPM,100597,235"
2019-06-28 10:43:00.000000000,BEST_ASK,"JPM,101056,115"
2019-06-28 10:43:00.000000000,LAST_TRADE,"4,$101056.0000"
2019-06-28 10:43:00.000000000,QUERY_SPREAD,95
2019-06-28 10:43:00.000000000,BEST_BID,"JPM,100597,235"
2019-06-28 10:43:00.000000000,BEST_ASK,"JPM,101056,110"
2019-06-28 10:43:00.000000000,LAST_TRADE,"5,$101056.0000"
2019-06-28 10:43:00.000000000,QUERY_SPREAD,96
2019-06-28 10:43:00.000000000,BEST_BID,"JPM,100597,235"
2019-06-28 10:43:00.000000000,BEST_ASK,"JPM,101056,109"
2019-06-28 10:43:00.000000000,LAST_TRADE,"1,$101056.0000"
2019-06-28 10:43:00.000000000,QUERY_SPREAD,97
2019-06-28 10:43:00.000000000,BEST_BID,"JPM,100597,235"
2019-06-28 10:43:00.000000000,BEST_ASK,"JPM,101056,102"
2019-06-28 10:43:00.000000000,LAST_TRADE,"7,$101056.0000"
2019-06-28 10:43:00.000000000,QUERY_SPREAD,98
2019-06-28 10:43:00.000000000,BEST_BID,"JPM,100597,235"
2019-06-28 10:43:00.000000000,BEST_ASK,"JPM,101056,96"
2019-06-28 10:43:00.000000000,LAST_TRADE,"6,$101056.0000"
2019-06-28 10:43:00.000000000,QUERY_SPREAD,99
2019-06-28 10:43:00.000000000,BEST_BID,"JPM,100597,235"
2019-06-28 10:43:00.000000000,BEST_ASK,"JPM,101056,91"
2019-06-28 10:43:00.000000000,LAST_TRADE,"5,$101056.0000"
2019-06-28 10:43:00.000000000,QUERY_SPREAD,100
2019-06-28 10:43:00.000000000,BEST_BID,"JPM,100597,235"
2019-06-28 10:43:00.000000000,BEST_ASK,"JPM,101056,84"
2019-06-28 10:43:00.000000000,LAST_TRADE,"7,$101056.0000"
2019-06-28 10:43:00.000000000,QUERY_SPREAD,101
2019-06-28 10:43:00.000000000,QUERY_ORDER_STREAM,101
2019-06-28 10:43:00.000000000,BEST_BID,"JPM,100597,235"
2019-06-28 10:43:00.000000000,BEST_ASK,"JPM,101056,85"
2019-06-28 10:43:00.602733886,QUERY_ORDER_STREAM,53
2019-06-28 10:43:00.602733886,QUERY_SPREAD,53
2019-06-28 10:43:00.602733886,BEST_BID,"JPM,100597,235"
2019-06-28 10:43:00.602733886,BEST_ASK,"JPM,101056,185"
2019-06-28 10:43:10.000000000,QUERY_SPREAD,1
2019-06-28 10:43:10.000000000,BEST_BID,"JPM,100597,280"
2019-06-28 10:43:10.000000000,BEST_ASK,"JPM,101056,101"
2019-06-28 10:43:10.000000000,BEST_BID,"JPM,100597,280"
2019-06-28 10:43:10.000000000,BEST_ASK,"JPM,101056,101"
2019-06-28 10:43:10.000000000,BEST_BID,"JPM,100597,280"
2019-06-28 10:43:10.000000000,BEST_ASK,"JPM,101056,241"
2019-06-28 10:43:10.000000000,BEST_BID,"JPM,100597,280"
2019-06-28 10:43:10.000000000,BEST_ASK,"JPM,101056,241"
2019-06-28 10:43:20.000000000,QUERY_SPREAD,1
2019-06-28 10:43:20.000000000,BEST_BID,"JPM,100597,210"
2019-06-28 10:43:20.000000000,BEST_ASK,"JPM,101056,101"
2019-06-28 10:43:20.000000000,BEST_BID,"JPM,100597,210"
2019-06-28 10:43:20.000000000,BEST_ASK,"JPM,101056,101"
2019-06-28 10:43:20.000000000,BEST_BID,"JPM,100597,210"
2019-06-28 10:43:20.000000000,BEST_ASK,"JPM,101056,101"
2019-06-28 10:43:20.000000000,BEST_BID,"JPM,100597,210"
2019-06-28 10:43:20.000000000,BEST_ASK,"JPM,101056,101"
2019-06-28 10:43:20.000000000,BEST_BID,"JPM,100597,210"
2019-06-28 10:43:20.000000000,BEST_ASK,"JPM,101056,171"
2019-06-28 10:43:20.000000000,BEST_BID,"JPM,100597,210"
2019-06-28 10:43:20.000000000,BEST_ASK,"JPM,101056,171"
2019-06-28 10:43:20.000000000,BEST_BID,"JPM,100597,210"
2019-06-28 10:43:20.000000000,BEST_ASK,"JPM,101056,171"
2019-06-28 10:43:20.000000000,BEST_BID,"JPM,100597,210"
2019-06-28 10:43:20.000000000,BEST_ASK,"JPM,101056,171"
2019-06-28 10:43:30.000000000,QUERY_SPREAD,1
2019-06-28 10:43:30.000000000,BEST_BID,"JPM,100597,210"
2019-06-28 10:43:30.000000000,BEST_ASK,"JPM,101056,101"
2019-06-28 10:43:30.000000000,BEST_BID,"JPM,100597,210"
2019-06-28 10:43:30.000000000,BEST_ASK,"JPM,101056,101"
2019-06-28 10:43:30.000000000,BEST_BID,"JPM,100597,210"
2019-06-28 10:43:30.000000000,BEST_ASK,"JPM,101056,101"
2019-06-28 10:43:30.000000000,BEST_BID,"JPM,100597,210"
2019-06-28 10:43:30.000000000,BEST_ASK,"JPM,101056,101"
2019-06-28 10:43:30.000000000,BEST_BID,"JPM,100597,210"
2019-06-28 10:43:30.000000000,BEST_ASK,"JPM,101056,171"
2019-06-28 10:43:30.000000000,BEST_BID,"JPM,100597,210"
2019-06-28 10:43:30.000000000,BEST_ASK,"JPM,101056,171"
2019-06-28 10:43:30.000000000,BEST_BID,"JPM,100597,210"
2019-06-28 10:43:30.000000000,BEST_ASK,"JPM,101056,171"
2019-06-28 10:43:30.000000000,BEST_BID,"JPM,100597,210"
2019-06-28 10:43:30.000000000,BEST_ASK,"JPM,101056,171"
2019-06-28 10:43:30.953341268,QUERY_ORDER_STREAM,59
2019-06-28 10:43:30.953341268,QUERY_SPREAD,59
2019-06-28 10:43:33.192865729,QUERY_ORDER_STREAM,56
2019-06-28 10:43:33.192865729,QUERY_SPREAD,56
2019-06-28 10:43:33.192865729,BEST_BID,"JPM,100597,210"
2019-06-28 10:43:33.192865729,BEST_ASK,"JPM,101056,271"
2019-06-28 10:43:40.000000000,QUERY_SPREAD,1
2019-06-28 10:43:40.000000000,BEST_BID,"JPM,100597,196"
2019-06-28 10:43:40.000000000,BEST_ASK,"JPM,101056,201"
2019-06-28 10:43:40.000000000,BEST_BID,"JPM,100597,196"
2019-06-28 10:43:40.000000000,BEST_ASK,"JPM,101056,201"
2019-06-28 10:43:40.000000000,BEST_BID,"JPM,100597,196"
2019-06-28 10:43:40.000000000,BEST_ASK,"JPM,101056,201"
2019-06-28 10:43:40.000000000,BEST_BID,"JPM,100597,196"
2019-06-28 10:43:40.000000000,BEST_ASK,"JPM,101056,201"
2019-06-28 10:43:40.000000000,BEST_BID,"JPM,100597,196"
2019-06-28 10:43:40.000000000,BEST_ASK,"JPM,101056,201"
2019-06-28 10:43:40.000000000,BEST_BID,"JPM,100597,196"
2019-06-28 10:43:40.000000000,BEST_ASK,"JPM,101056,257"
2019-06-28 10:43:40.000000000,BEST_BID,"JPM,100597,196"
2019-06-28 10:43:40.000000000,BEST_ASK,"JPM,101056,257"
2019-06-28 10:43:40.000000000,BEST_BID,"JPM,100597,196"
2019-06-28 10:43:40.000000000,BEST_ASK,"JPM,101056,257"
2019-06-28 10:43:40.000000000,BEST_BID,"JPM,100597,196"
2019-06-28 10:43:40.000000000,BEST_ASK,"JPM,101056,257"
2019-06-28 10:43:40.000000000,BEST_BID,"JPM,100597,196"
2019-06-28 10:43:40.000000000,BEST_ASK,"JPM,101056,257"
2019-06-28 10:43:40.010934478,QUERY_SPREAD,18
2019-06-28 10:43:40.010934478,BEST_BID,"JPM,100597,196"
2019-06-28 10:43:40.010934478,BEST_ASK,"JPM,101056,257"
2019-06-28 10:43:50.000000000,QUERY_SPREAD,1
2019-06-28 10:43:50.000000000,BEST_BID,"JPM,100597,235"
2019-06-28 10:43:50.000000000,BEST_ASK,"JPM,101056,201"
2019-06-28 10:43:50.000000000,BEST_BID,"JPM,100597,235"
2019-06-28 10:43:50.000000000,BEST_ASK,"JPM,101056,201"
2019-06-28 10:43:50.000000000,BEST_BID,"JPM,100597,235"
2019-06-28 10:43:50.000000000,BEST_ASK,"JPM,101056,201"
2019-06-28 10:43:50.000000000,BEST_BID,"JPM,100597,235"
2019-06-28 10:43:50.000000000,BEST_ASK,"JPM,101056,296"
2019-06-28 10:43:50.000000000,BEST_BID,"JPM,100597,235"
2019-06-28 10:43:50.000000000,BEST_ASK,"JPM,101056,296"
2019-06-28 10:43:50.000000000,BEST_BID,"JPM,100597,235"
2019-06-28 10:43:50.000000000,BEST_ASK,"JPM,101056,296"
2019-06-28 10:43:58.905296672,QUERY_ORDER_STREAM,59
2019-06-28 10:43:58.905296672,QUERY_SPREAD,59
2019-06-28 10:44:00.000000000,QUERY_SPREAD,1
2019-06-28 10:44:00.000000000,BEST_BID,"JPM,100597,280"
2019-06-28 10:44:00.000000000,BEST_ASK,"JPM,101056,201"
2019-06-28 10:44:00.000000000,BEST_BID,"JPM,100597,280"
2019-06-28 10:44:00.000000000,BEST_ASK,"JPM,101056,201"
2019-06-28 10:44:00.000000000,BEST_BID,"JPM,100597,280"
2019-06-28 10:44:00.000000000,BEST_ASK,"JPM,101056,341"
2019-06-28 10:44:00.000000000,BEST_BID,"JPM,100597,280"
2019-06-28 10:44:00.000000000,BEST_ASK,"JPM,101056,341"
2019-06-28 10:44:00.000000000,QUERY_SPREAD,77
2019-06-28 10:44:00.000000000,BEST_BID,"JPM,100597,280"
2019-06-28 10:44:00.000000000,BEST_ASK,"JPM,101056,340"
2019-06-28 10:44:00.000000000,LAST_TRADE,"1,$101056.0000"
2019-06-28 10:44:00.000000000,QUERY_SPREAD,78
2019-06-28 10:44:00.000000000,BEST_BID,"JPM,100597,280"
2019-06-28 10:44:00.000000000,BEST_ASK,"JPM,101056,336"
2019-06-28 10:44:00.000000000,LAST_TRADE,"4,$101056.0000"
2019-06-28 10:44:00.000000000,QUERY_SPREAD,79
2019-06-28 10:44:00.000000000,BEST_BID,"JPM,100597,280"
2019-06-28 10:44:00.000000000,BEST_ASK,"JPM,101056,330"
2019-06-28 10:44:00.000000000,LAST_TRADE,"6,$101056.0000"
2019-06-28 10:44:00.000000000,QUERY_SPREAD,80
2019-06-28 10:44:00.000000000,BEST_BID,"JPM,100597,280"
2019-06-28 10:44:00.000000000,BEST_ASK,"JPM,101056,325"
2019-06-28 10:44:00.000000000,LAST_TRADE,"5,$101056.0000"
2019-06-28 10:44:00.000000000,QUERY_SPREAD,81
2019-06-28 10:44:00.000000000,BEST_BID,"JPM,100597,280"
2019-06-28 10:44:00.000000000,BEST_ASK,"JPM,101056,317"
2019-06-28 10:44:00.000000000,LAST_TRADE,"8,$101056.0000"
2019-06-28 10:44:00.000000000,QUERY_SPREAD,82
2019-06-28 10:44:00.000000000,BEST_BID,"JPM,100597,280"
2019-06-28 10:44:00.000000000,BEST_ASK,"JPM,101056,309"
2019-06-28 10:44:00.000000000,LAST_TRADE,"8,$101056.0000"
2019-06-28 10:44:00.000000000,QUERY_SPREAD,83
2019-06-28 10:44:00.000000000,BEST_BID,"JPM,100597,280"
2019-06-28 10:44:00.000000000,BEST_ASK,"JPM,101056,307"
2019-06-28 10:44:00.000000000,LAST_TRADE,"2,$101056.0000"
2019-06-28 10:44:00.000000000,QUERY_SPREAD,84
2019-06-28 10:44:00.000000000,BEST_BID,"JPM,100597,280"
2019-06-28 10:44:00.000000000,BEST_ASK,"JPM,101056,306"
2019-06-28 10:44:00.000000000,LAST_TRADE,"1,$101056.0000"
2019-06-28 10:44:00.000000000,QUERY_SPREAD,85
2019-06-28 10:44:00.000000000,BEST_BID,"JPM,100597,280"
2019-06-28 10:44:00.000000000,BEST_ASK,"JPM,101056,305"
2019-06-28 10:44:00.000000000,LAST_TRADE,"1,$101056.0000"
2019-06-28 10:44:00.000000000,QUERY_SPREAD,86
2019-06-28 10:44:00.000000000,BEST_BID,"JPM,100597,280"
2019-06-28 10:44:00.000000000,BEST_ASK,"JPM,101056,299"
2019-06-28 10:44:00.000000000,LAST_TRADE,"6,$101056.0000"
2019-06-28 10:44:00.000000000,QUERY_SPREAD,87
2019-06-28 10:44:00.000000000,BEST_BID,"JPM,100597,280"
2019-06-28 10:44:00.000000000,BEST_ASK,"JPM,101056,296"
2019-06-28 10:44:00.000000000,LAST_TRADE,"3,$101056.0000"
2019-06-28 10:44:00.000000000,QUERY_SPREAD,88
2019-06-28 10:44:00.000000000,BEST_BID,"JPM,100597,280"
2019-06-28 10:44:00.000000000,BEST_ASK,"JPM,101056,292"
2019-06-28 10:44:00.000000000,LAST_TRADE,"4,$101056.0000"
2019-06-28 10:44:00.000000000,QUERY_SPREAD,89
2019-06-28 10:44:00.000000000,BEST_BID,"JPM,100597,280"
2019-06-28 10:44:00.000000000,BEST_ASK,"JPM,101056,288"
2019-06-28 10:44:00.000000000,LAST_TRADE,"4,$101056.0000"
2019-06-28 10:44:00.000000000,QUERY_SPREAD,90
2019-06-28 10:44:00.000000000,BEST_BID,"JPM,100597,280"
2019-06-28 10:44:00.000000000,BEST_ASK,"JPM,101056,281"
2019-06-28 10:44:00.000000000,LAST_TRADE,"7,$101056.0000"
2019-06-28 10:44:00.000000000,QUERY_SPREAD,91
2019-06-28 10:44:00.000000000,BEST_BID,"JPM,100597,280"
2019-06-28 10:44:00.000000000,BEST_ASK,"JPM,101056,273"
2019-06-28 10:44:00.000000000,LAST_TRADE,"8,$101056.0000"
2019-06-28 10:44:00.000000000,QUERY_SPREAD,92
2019-06-28 10:44:00.000000000,BEST_BID,"JPM,100597,280"
2019-06-28 10:44:00.000000000,BEST_ASK,"JPM,101056,268"
2019-06-28 10:44:00.000000000,LAST_TRADE,"5,$101056.0000"
2019-06-28 10:44:00.000000000,QUERY_SPREAD,93
2019-06-28 10:44:00.000000000,BEST_BID,"JPM,100597,280"
2019-06-28 10:44:00.000000000,BEST_ASK,"JPM,101056,265"
2019-06-28 10:44:00.000000000,LAST_TRADE,"3,$101056.0000"
2019-06-28 10:44:00.000000000,QUERY_SPREAD,94
2019-06-28 10:44:00.000000000,BEST_BID,"JPM,100597,280"
2019-06-28 10:44:00.000000000,BEST_ASK,"JPM,101056,261"
2019-06-28 10:44:00.000000000,LAST_TRADE,"4,$101056.0000"
2019-06-28 10:44:00.000000000,QUERY_SPREAD,95
2019-06-28 10:44:00.000000000,BEST_BID,"JPM,100597,280"
2019-06-28 10:44:00.000000000,BEST_ASK,"JPM,101056,256"
2019-06-28 10:44:00.000000000,LAST_TRADE,"5,$101056.0000"
2019-06-28 10:44:00.000000000,QUERY_SPREAD,96
2019-06-28 10:44:00.000000000,BEST_BID,"JPM,100597,280"
2019-06-28 10:44:00.000000000,BEST_ASK,"JPM,101056,255"
2019-06-28 10:44:00.000000000,LAST_TRADE,"1,$101056.0000"
2019-06-28 10:44:00.000000000,QUERY_SPREAD,97
2019-06-28 10:44:00.000000000,BEST_BID,"JPM,100597,280"
2019-06-28 10:44:00.000000000,BEST_ASK,"JPM,101056,248"
2019-06-28 10:44:00.000000000,LAST_TRADE,"7,$101056.0000"
2019-06-28 10:44:00.000000000,QUERY_SPREAD,98
2019-06-28 10:44:00.000000000,BEST_BID,"JPM,100597,280"
2019-06-28 10:44:00.000000000,BEST_ASK,"JPM,101056,242"
2019-06-28 10:44:00.000000000,LAST_TRADE,"6,$101056.0000"
2019-06-28 10:44:00.000000000,QUERY_SPREAD,99
2019-06-28 10:44:00.000000000,BEST_BID,"JPM,100597,280"
2019-06-28 10:44:00.000000000,BEST_ASK,"JPM,101056,237"
2019-06-28 10:44:00.000000000,LAST_TRADE,"5,$101056.0000"
2019-06-28 10:44:00.000000000,QUERY_SPREAD,100
2019-06-28 10:44:00.000000000,BEST_BID,"JPM,100597,280"
2019-06-28 10:44:00.000000000,BEST_ASK,"JPM,101056,230"
2019-06-28 10:44:00.000000000,LAST_TRADE,"7,$101056.0000"
2019-06-28 10:44:00.000000000,QUERY_SPREAD,101
2019-06-28 10:44:00.000000000,QUERY_ORDER_STREAM,101
2019-06-28 10:44:00.000000000,BEST_BID,"JPM,100597,280"
2019-06-28 10:44:00.000000000,BEST_ASK,"JPM,101056,231"
2019-06-28 10:44:04.272283311,QUERY_SPREAD,49
2019-06-28 10:44:04.272283311,BEST_BID,"JPM,100597,280"
2019-06-28 10:44:04.272283311,BEST_ASK,"JPM,101056,231"
2019-06-28 10:44:10.000000000,QUERY_SPREAD,1
2019-06-28 10:44:10.000000000,BEST_BID,"JPM,100597,420"
2019-06-28 10:44:10.000000000,BEST_ASK,"JPM,101056,91"
2019-06-28 10:44:10.000000000,BEST_BID,"JPM,100597,420"
2019-06-28 10:44:10.000000000,BEST_ASK,"JPM,101056,371"
2019-06-28 10:44:12.697437098,QUERY_ORDER_STREAM,72
2019-06-28 10:44:12.697437098,QUERY_SPREAD,72
2019-06-28 10:44:14.207982640,QUERY_ORDER_STREAM,66
2019-06-28 10:44:14.207982640,QUERY_SPREAD,66
2019-06-28 10:44:14.207982640,BEST_BID,"JPM,100597,420"
2019-06-28 10:44:14.207982640,BEST_ASK,"JPM,101056,471"
2019-06-28 10:44:18.956777146,QUERY_SPREAD,14
2019-06-28 10:44:18.956777146,BEST_BID,"JPM,100597,420"
2019-06-28 10:44:18.956777146,BEST_ASK,"JPM,101056,471"
2019-06-28 10:44:19.603983623,QUERY_SPREAD,29
2019-06-28 10:44:19.603983623,BEST_BID,"JPM,100597,420"
2019-06-28 10:44:19.603983623,BEST_ASK,"JPM,101056,471"
2019-06-28 10:44:20.000000000,QUERY_SPREAD,1
2019-06-28 10:44:20.000000000,BEST_BID,"JPM,100597,420"
2019-06-28 10:44:20.000000000,BEST_ASK,"JPM,101056,191"
2019-06-28 10:44:20.000000000,BEST_BID,"JPM,100597,420"
2019-06-28 10:44:20.000000000,BEST_ASK,"JPM,101056,471"
2019-06-28 10:44:30.000000000,QUERY_SPREAD,1
2019-06-28 10:44:30.000000000,BEST_BID,"JPM,100597,210"
2019-06-28 10:44:30.000000000,BEST_ASK,"JPM,101056,191"
2019-06-28 10:44:30.000000000,BEST_BID,"JPM,100597,210"
2019-06-28 10:44:30.000000000,BEST_ASK,"JPM,101056,191"
2019-06-28 10:44:30.000000000,BEST_BID,"JPM,100597,210"
2019-06-28 10:44:30.000000000,BEST_ASK,"JPM,101056,191"
2019-06-28 10:44:30.000000000,BEST_BID,"JPM,100597,210"
2019-06-28 10:44:30.000000000,BEST_ASK,"JPM,101056,191"
2019-06-28 10:44:30.000000000,BEST_BID,"JPM,100597,210"
2019-06-28 10:44:30.000000000,BEST_ASK,"JPM,101056,261"
2019-06-28 10:44:30.000000000,BEST_BID,"JPM,100597,210"
2019-06-28 10:44:30.000000000,BEST_ASK,"JPM,101056,261"
2019-06-28 10:44:30.000000000,BEST_BID,"JPM,100597,210"
2019-06-28 10:44:30.000000000,BEST_ASK,"JPM,101056,261"
2019-06-28 10:44:30.000000000,BEST_BID,"JPM,100597,210"
2019-06-28 10:44:30.000000000,BEST_ASK,"JPM,101056,261"
2019-06-28 10:44:40.000000000,QUERY_SPREAD,1
2019-06-28 10:44:40.000000000,BEST_BID,"JPM,100597,420"
2019-06-28 10:44:40.000000000,BEST_ASK,"JPM,101056,191"
2019-06-28 10:44:40.000000000,BEST_BID,"JPM,100597,420"
2019-06-28 10:44:40.000000000,BEST_ASK,"JPM,101056,471"
2019-06-28 10:44:44.066729515,QUERY_ORDER_STREAM,54
2019-06-28 10:44:44.066729515,QUERY_SPREAD,54
2019-06-28 10:44:44.066729515,BEST_BID,"JPM,100597,420"
2019-06-28 10:44:44.066729515,BEST_ASK,"JPM,101056,571"
2019-06-28 10:44:50.000000000,QUERY_SPREAD,1
2019-06-28 10:44:50.000000000,BEST_BID,"JPM,100597,196"
2019-06-28 10:44:50.000000000,BEST_ASK,"JPM,101056,291"
2019-06-28 10:44:50.000000000,BEST_BID,"JPM,100597,196"
2019-06-28 10:44:50.000000000,BEST_ASK,"JPM,101056,291"
2019-06-28 10:44:50.000000000,BEST_BID,"JPM,100597,196"
2019-06-28 10:44:50.000000000,BEST_ASK,"JPM,101056,291"
2019-06-28 10:44:50.000000000,BEST_BID,"JPM,100597,196"
2019-06-28 10:44:50.000000000,BEST_ASK,"JPM,101056,291"
2019-06-28 10:44:50.000000000,BEST_BID,"JPM,100597,196"
2019-06-28 10:44:50.000000000,BEST_ASK,"JPM,101056,291"
2019-06-28 10:44:50.000000000,BEST_BID,"JPM,100597,196"
2019-06-28 10:44:50.000000000,BEST_ASK,"JPM,101056,347"
2019-06-28 10:44:50.000000000,BEST_BID,"JPM,100597,196"
2019-06-28 10:44:50.000000000,BEST_ASK,"JPM,101056,347"
2019-06-28 10:44:50.000000000,BEST_BID,"JPM,100597,196"
2019-06-28 10:44:50.000000000,BEST_ASK,"JPM,101056,347"
2019-06-28 10:44:50.000000000,BEST_BID,"JPM,100597,196"
2019-06-28 10:44:50.000000000,BEST_ASK,"JPM,101056,347"
2019-06-28 10:44:50.000000000,BEST_BID,"JPM,100597,196"
2019-06-28 10:44:50.000000000,BEST_ASK,"JPM,101056,347"
2019-06-28 10:44:56.546458664,QUERY_SPREAD,13
2019-06-28 10:44:56.546458664,BEST_BID,"JPM,100597,96"
2019-06-28 10:44:56.546458664,BEST_ASK,"JPM,101056,347"
2019-06-28 10:44:56.546458664,LAST_TRADE,"100,$100597.0000"
2019-06-28 10:45:00.000000000,QUERY_SPREAD,1
2019-06-28 10:45:00.000000000,BEST_BID,"JPM,100597,180"
2019-06-28 10:45:00.000000000,BEST_ASK,"JPM,101056,291"
2019-06-28 10:45:00.000000000,BEST_BID,"JPM,100597,180"
2019-06-28 10:45:00.000000000,BEST_ASK,"JPM,101056,291"
2019-06-28 10:45:00.000000000,BEST_BID,"JPM,100597,180"
2019-06-28 10:45:00.000000000,BEST_ASK,"JPM,101056,431"
2019-06-28 10:45:00.000000000,BEST_BID,"JPM,100597,180"
2019-06-28 10:45:00.000000000,BEST_ASK,"JPM,101056,431"
2019-06-28 10:45:00.000000000,QUERY_SPREAD,77
2019-06-28 10:45:00.000000000,BEST_BID,"JPM,100597,180"
2019-06-28 10:45:00.000000000,BEST_ASK,"JPM,101056,430"
2019-06-28 10:45:00.000000000,LAST_TRADE,"1,$101056.0000"
2019-06-28 10:45:00.000000000,QUERY_SPREAD,78
2019-06-28 10:45:00.000000000,BEST_BID,"JPM,100597,180"
2019-06-28 10:45:00.000000000,BEST_ASK,"JPM,101056,426"
2019-06-28 10:45:00.000000000,LAST_TRADE,"4,$101056.0000"
2019-06-28 10:45:00.000000000,QUERY_SPREAD,79
2019-06-28 10:45:00.000000000,BEST_BID,"JPM,100597,180"
2019-06-28 10:45:00.000000000,BEST_ASK,"JPM,101056,420"
2019-06-28 10:45:00.000000000,LAST_TRADE,"6,$101056.0000"
2019-06-28 10:45:00.000000000,QUERY_SPREAD,80
2019-06-28 10:45:00.000000000,BEST_BID,"JPM,100597,180"
2019-06-28 10:45:00.000000000,BEST_ASK,"JPM,101056,415"
2019-06-28 10:45:00.000000000,LAST_TRADE,"5,$101056.0000"
2019-06-28 10:45:00.000000000,QUERY_SPREAD,81
2019-06-28 10:45:00.000000000,BEST_BID,"JPM,100597,180"
2019-06-28 10:45:00.000000000,BEST_ASK,"JPM,101056,407"
2019-06-28 10:45:00.000000000,LAST_TRADE,"8,$101056.0000"
2019-06-28 10:45:00.000000000,QUERY_SPREAD,82
2019-06-28 10:45:00.000000000,BEST_BID,"JPM,100597,180"
2019-06-28 10:45:00.000000000,BEST_ASK,"JPM,101056,399"
2019-06-28 10:45:00.000000000,LAST_TRADE,"8,$101056.0000"
2019-06-28 10:45:00.000000000,QUERY_SPREAD,83
2019-06-28 10:45:00.000000000,BEST_BID,"JPM,100597,180"
2019-06-28 10:45:00.000000000,BEST_ASK,"JPM,101056,397"
2019-06-28 10:45:00.000000000,LAST_TRADE,"2,$101056.0000"
2019-06-28 10:45:00.000000000,QUERY_SPREAD,84
2019-06-28 10:45:00.000000000,BEST_BID,"JPM,100597,180"
2019-06-28 10:45:00.000000000,BEST_ASK,"JPM,101056,396"
2019-06-28 10:45:00.000000000,LAST_TRADE,"1,$101056.0000"
2019-06-28 10:45:00.000000000,QUERY_SPREAD,85
2019-06-28 10:45:00.000000000,BEST_BID,"JPM,100597,180"
2019-06-28 10:45:00.000000000,BEST_ASK,"JPM,101056,395"
2019-06-28 10:45:00.000000000,LAST_TRADE,"1,$101056.0000"
2019-06-28 10:45:00.000000000,QUERY_SPREAD,86
2019-06-28 10:45:00.000000000,BEST_BID,"JPM,100597,180"
2019-06-28 10:45:00.000000000,BEST_ASK,"JPM,101056,389"
2019-06-28 10:45:00.000000000,LAST_TRADE,"6,$101056.0000"
2019-06-28 10:45:00.000000000,QUERY_SPREAD,87
2019-06-28 10:45:00.000000000,BEST_BID,"JPM,100597,180"
2019-06-28 10:45:00.000000000,BEST_ASK,"JPM,101056,386"
2019-06-28 10:45:00.000000000,LAST_TRADE,"3,$101056.0000"
2019-06-28 10:45:00.000000000,QUERY_SPREAD,88
2019-06-28 10:45:00.000000000,BEST_BID,"JPM,100597,180"
2019-06-28 10:45:00.000000000,BEST_ASK,"JPM,101056,382"
2019-06-28 10:45:00.000000000,LAST_TRADE,"4,$101056.0000"
2019-06-28 10:45:00.000000000,QUERY_SPREAD,89
2019-06-28 10:45:00.000000000,BEST_BID,"JPM,100597,180"
2019-06-28 10:45:00.000000000,BEST_ASK,"JPM,101056,378"
2019-06-28 10:45:00.000000000,LAST_TRADE,"4,$101056.0000"
2019-06-28 10:45:00.000000000,QUERY_SPREAD,90
2019-06-28 10:45:00.000000000,BEST_BID,"JPM,100597,180"
2019-06-28 10:45:00.000000000,BEST_ASK,"JPM,101056,371"
2019-06-28 10:45:00.000000000,LAST_TRADE,"7,$101056.0000"
2019-06-28 10:45:00.000000000,QUERY_SPREAD,91
2019-06-28 10:45:00.000000000,BEST_BID,"JPM,100597,180"
2019-06-28 10:45:00.000000000,BEST_ASK,"JPM,101056,363"
2019-06-28 10:45:00.000000000,LAST_TRADE,"8,$101056.0000"
2019-06-28 10:45:00.000000000,QUERY_SPREAD,92
2019-06-28 10:45:00.000000000,BEST_BID,"JPM,100597,180"
2019-06-28 10:45:00.000000000,BEST_ASK,"JPM,101056,358"
2019-06-28 10:45:00.000000000,LAST_TRADE,"5,$101056.0000"
2019-06-28 10:45:00.000000000,QUERY_SPREAD,93
2019-06-28 10:45:00.000000000,BEST_BID,"JPM,100597,180"
2019-06-28 10:45:00.000000000,BEST_ASK,"JPM,101056,355"
2019-06-28 10:45:00.000000000,LAST_TRADE,"3,$101056.0000"
2019-06-28 10:45:00.000000000,QUERY_SPREAD,94
2019-06-28 10:45:00.000000000,BEST_BID,"JPM,100597,180"
2019-06-28 10:45:00.000000000,BEST_ASK,"JPM,101056,351"
2019-06-28 10:45:00.000000000,LAST_TRADE,"4,$101056.0000"
2019-06-28 10:45:00.000000000,QUERY_SPREAD,95
2019-06-28 10:45:00.000000000,BEST_BID,"JPM,100597,180"
2019-06-28 10:45:00.000000000,BEST_ASK,"JPM,101056,346"
2019-06-28 10:45:00.000000000,LAST_TRADE,"5,$101056.0000"
2019-06-28 10:45:00.000000000,QUERY_SPREAD,96
2019-06-28 10:45:00.000000000,BEST_BID,"JPM,100597,180"
2019-06-28 10:45:00.000000000,BEST_ASK,"JPM,101056,345"
2019-06-28 10:45:00.000000000,LAST_TRADE,"1,$101056.0000"
2019-06-28 10:45:00.000000000,QUERY_SPREAD,97
2019-06-28 10:45:00.000000000,BEST_BID,"JPM,100597,180"
2019-06-28 10:45:00.000000000,BEST_ASK,"JPM,101056,338"
2019-06-28 10:45:00.000000000,LAST_TRADE,"7,$101056.0000"
2019-06-28 10:45:00.000000000,QUERY_SPREAD,98
2019-06-28 10:45:00.000000000,BEST_BID,"JPM,100597,180"
2019-06-28 10:45:00.000000000,BEST_ASK,"JPM,101056,332"
2019-06-28 10:45:00.000000000,LAST_TRADE,"6,$101056.0000"
2019-06-28 10:45:00.000000000,QUERY_SPREAD,99
2019-06-28 10:45:00.000000000,BEST_BID,"JPM,100597,180"
2019-06-28 10:45:00.000000000,BEST_ASK,"JPM,101056,327"
2019-06-28 10:45:00.000000000,LAST_TRADE,"5,$101056.0000"
2019-06-28 10:45:00.000000000,QUERY_SPREAD,100
2019-06-28 10:45:00.000000000,BEST_BID,"JPM,100597,180"
2019-06-28 10:45:00.000000000,BEST_ASK,"JPM,101056,320"
2019-06-28 10:45:00.000000000,LAST_TRADE,"7,$101056.0000"
2019-06-28 10:45:00.000000000,QUERY_SPREAD,101
2019-06-28 10:45:00.000000000,QUERY_ORDER_STREAM,101
2019-06-28 10:45:00.000000000,BEST_BID,"JPM,100597,180"
2019-06-28 10:45:00.000000000,BEST_ASK,"JPM,101056,321"
2019-06-28 10:45:10.000000000,QUERY_SPREAD,1
2019-06-28 10:45:10.000000000,BEST_BID,"JPM,100597,180"
2019-06-28 10:45:10.000000000,BEST_ASK,"JPM,101056,181"
2019-06-28 10:45:10.000000000,BEST_BID,"JPM,100597,180"
2019-06-28 10:45:10.000000000,BEST_ASK,"JPM,101056,181"
2019-06-28 10:45:10.000000000,BEST_BID,"JPM,100597,180"
2019-06-28 10:45:10.000000000,BEST_ASK,"JPM,101056,321"
2019-06-28 10:45:10.000000000,BEST_BID,"JPM,100597,180"
2019-06-28 10:45:10.000000000,BEST_ASK,"JPM,101056,321"
2019-06-28 10:45:20.000000000,QUERY_SPREAD,1
2019-06-28 10:45:20.000000000,BEST_BID,"JPM,100597,180"
2019-06-28 10:45:20.000000000,BEST_ASK,"JPM,101056,181"
2019-06-28 10:45:20.000000000,BEST_BID,"JPM,100597,180"
2019-06-28 10:45:20.000000000,BEST_ASK,"JPM,101056,181"
2019-06-28 10:45:20.000000000,BEST_BID,"JPM,100597,180"
2019-06-28 10:45:20.000000000,BEST_ASK,"JPM,101056,321"
2019-06-28 10:45:20.000000000,BEST_BID,"JPM,100597,180"
2019-06-28 10:45:20.000000000,BEST_ASK,"JPM,101056,321"
2019-06-28 10:45:30.000000000,QUERY_SPREAD,1
2019-06-28 10:45:30.000000000,BEST_BID,"JPM,100597,110"
2019-06-28 10:45:30.000000000,BEST_ASK,"JPM,101056,181"
2019-06-28 10:45:30.000000000,BEST_BID,"JPM,100597,110"
2019-06-28 10:45:30.000000000,BEST_ASK,"JPM,101056,181"
2019-06-28 10:45:30.000000000,BEST_BID,"JPM,100597,110"
2019-06-28 10:45:30.000000000,BEST_ASK,"JPM,101056,181"
2019-06-28 10:45:30.000000000,BEST_BID,"JPM,100597,110"
2019-06-28 10:45:30.000000000,BEST_ASK,"JPM,101056,181"
2019-06-28 10:45:30.000000000,BEST_BID,"JPM,100597,110"
2019-06-28 10:45:30.000000000,BEST_ASK,"JPM,101056,251"
2019-06-28 10:45:30.000000000,BEST_BID,"JPM,100597,110"
2019-06-28 10:45:30.000000000,BEST_ASK,"JPM,101056,251"
2019-06-28 10:45:30.000000000,BEST_BID,"JPM,100597,110"
2019-06-28 10:45:30.000000000,BEST_ASK,"JPM,101056,251"
2019-06-28 10:45:30.000000000,BEST_BID,"JPM,100597,110"
2019-06-28 10:45:30.000000000,BEST_ASK,"JPM,101056,251"
2019-06-28 10:45:39.955555473,QUERY_SPREAD,3
2019-06-28 10:45:39.955555473,BEST_BID,"JPM,100597,110"
2019-06-28 10:45:39.955555473,BEST_ASK,"JPM,101056,251"
2019-06-28 10:45:40.000000000,QUERY_SPREAD,1
2019-06-28 10:45:40.000000000,BEST_BID,"JPM,100597,320"
2019-06-28 10:45:40.000000000,BEST_ASK,"JPM,101056,181"
2019-06-28 10:45:40.000000000,BEST_BID,"JPM,100597,320"
2019-06-28 10:45:40.000000000,BEST_ASK,"JPM,101056,461"
2019-06-28 10:45:50.000000000,QUERY_SPREAD,1
2019-06-28 10:45:50.000000000,BEST_BID,"JPM,100597,180"
2019-06-28 10:45:50.000000000,BEST_ASK,"JPM,101056,181"
2019-06-28 10:45:50.000000000,BEST_BID,"JPM,100597,180"
2019-06-28 10:45:50.000000000,BEST_ASK,"JPM,101056,181"
2019-06-28 10:45:50.000000000,BEST_BID,"JPM,100597,180"
2019-06-28 10:45:50.000000000,BEST_ASK,"JPM,101056,321"
2019-06-28 10:45:50.000000000,BEST_BID,"JPM,100597,180"
2019-06-28 10:45:50.000000000,BEST_ASK,"JPM,101056,321"
2019-06-28 10:45:58.078005390,QUERY_SPREAD,48
2019-06-28 10:45:58.078005390,BEST_BID,"JPM,100597,80"
2019-06-28 10:45:58.078005390,BEST_ASK,"JPM,101056,321"
2019-06-28 10:45:58.078005390,LAST_TRADE,"100,$100597.0000"
2019-06-28 10:46:00.000000000,QUERY_SPREAD,1
2019-06-28 10:46:00.000000000,BEST_BID,"JPM,100477,380"
2019-06-28 10:46:00.000000000,BEST_ASK,"JPM,101056,181"
2019-06-28 10:46:00.000000000,BEST_BID,"JPM,100477,380"
2019-06-28 10:46:00.000000000,BEST_ASK,"JPM,101056,461"
2019-06-28 10:46:00.000000000,QUERY_SPREAD,77
2019-06-28 10:46:00.000000000,BEST_BID,"JPM,100477,380"
2019-06-28 10:46:00.000000000,BEST_ASK,"JPM,101056,460"
2019-06-28 10:46:00.000000000,LAST_TRADE,"1,$101056.0000"
2019-06-28 10:46:00.000000000,QUERY_SPREAD,78
2019-06-28 10:46:00.000000000,BEST_BID,"JPM,100477,380"
2019-06-28 10:46:00.000000000,BEST_ASK,"JPM,101056,456"
2019-06-28 10:46:00.000000000,LAST_TRADE,"4,$101056.0000"
2019-06-28 10:46:00.000000000,QUERY_SPREAD,79
2019-06-28 10:46:00.000000000,BEST_BID,"JPM,100477,380"
2019-06-28 10:46:00.000000000,BEST_ASK,"JPM,101056,450"
2019-06-28 10:46:00.000000000,LAST_TRADE,"6,$101056.0000"
2019-06-28 10:46:00.000000000,QUERY_SPREAD,80
2019-06-28 10:46:00.000000000,BEST_BID,"JPM,100477,380"
2019-06-28 10:46:00.000000000,BEST_ASK,"JPM,101056,445"
2019-06-28 10:46:00.000000000,LAST_TRADE,"5,$101056.0000"
2019-06-28 10:46:00.000000000,QUERY_SPREAD,81
2019-06-28 10:46:00.000000000,BEST_BID,"JPM,100477,380"
2019-06-28 10:46:00.000000000,BEST_ASK,"JPM,101056,437"
2019-06-28 10:46:00.000000000,LAST_TRADE,"8,$101056.0000"
2019-06-28 10:46:00.000000000,QUERY_SPREAD,82
2019-06-28 10:46:00.000000000,BEST_BID,"JPM,100477,380"
2019-06-28 10:46:00.000000000,BEST_ASK,"JPM,101056,429"
2019-06-28 10:46:00.000000000,LAST_TRADE,"8,$101056.0000"
2019-06-28 10:46:00.000000000,QUERY_SPREAD,83
2019-06-28 10:46:00.000000000,BEST_BID,"JPM,100477,380"
2019-06-28 10:46:00.000000000,BEST_ASK,"JPM,101056,427"
2019-06-28 10:46:00.000000000,LAST_TRADE,"2,$101056.0000"
2019-06-28 10:46:00.000000000,QUERY_SPREAD,84
2019-06-28 10:46:00.000000000,BEST_BID,"JPM,100477,380"
2019-06-28 10:46:00.000000000,BEST_ASK,"JPM,101056,426"
2019-06-28 10:46:00.000000000,LAST_TRADE,"1,$101056.0000"
2019-06-28 10:46:00.000000000,QUERY_SPREAD,85
2019-06-28 10:46:00.000000000,BEST_BID,"JPM,100477,380"
2019-06-28 10:46:00.000000000,BEST_ASK,"JPM,101056,425"
2019-06-28 10:46:00.000000000,LAST_TRADE,"1,$101056.0000"
2019-06-28 10:46:00.000000000,QUERY_SPREAD,86
2019-06-28 10:46:00.000000000,BEST_BID,"JPM,100477,380"
2019-06-28 10:46:00.000000000,BEST_ASK,"JPM,101056,419"
2019-06-28 10:46:00.000000000,LAST_TRADE,"6,$101056.0000"
2019-06-28 10:46:00.000000000,QUERY_SPREAD,87
2019-06-28 10:46:00.000000000,BEST_BID,"JPM,100477,380"
2019-06-28 10:46:00.000000000,BEST_ASK,"JPM,101056,416"
2019-06-28 10:46:00.000000000,LAST_TRADE,"3,$101056.0000"
2019-06-28 10:46:00.000000000,QUERY_SPREAD,88
2019-06-28 10:46:00.000000000,BEST_BID,"JPM,100477,380"
2019-06-28 10:46:00.000000000,BEST_ASK,"JPM,101056,412"
2019-06-28 10:46:00.000000000,LAST_TRADE,"4,$101056.0000"
2019-06-28 10:46:00.000000000,QUERY_SPREAD,89
2019-06-28 10:46:00.000000000,BEST_BID,"JPM,100477,380"
2019-06-28 10:46:00.000000000,BEST_ASK,"JPM,101056,408"
2019-06-28 10:46:00.000000000,LAST_TRADE,"4,$101056.0000"
2019-06-28 10:46:00.000000000,QUERY_SPREAD,90
2019-06-28 10:46:00.000000000,BEST_BID,"JPM,100477,380"
2019-06-28 10:46:00.000000000,BEST_ASK,"JPM,101056,401"
2019-06-28 10:46:00.000000000,LAST_TRADE,"7,$101056.0000"
2019-06-28 10:46:00.000000000,QUERY_SPREAD,91
2019-06-28 10:46:00.000000000,BEST_BID,"JPM,100477,380"
2019-06-28 10:46:00.000000000,BEST_ASK,"JPM,101056,393"
2019-06-28 10:46:00.000000000,LAST_TRADE,"8,$101056.0000"
2019-06-28 10:46:00.000000000,QUERY_SPREAD,92
2019-06-28 10:46:00.000000000,BEST_BID,"JPM,100477,380"
2019-06-28 10:46:00.000000000,BEST_ASK,"JPM,101056,388"
2019-06-28 10:46:00.000000000,LAST_TRADE,"5,$101056.0000"
2019-06-28 10:46:00.000000000,QUERY_SPREAD,93
2019-06-28 10:46:00.000000000,BEST_BID,"JPM,100477,380"
2019-06-28 10:46:00.000000000,BEST_ASK,"JPM,101056,385"
2019-06-28 10:46:00.000000000,LAST_TRADE,"3,$101056.0000"
2019-06-28 10:46:00.000000000,QUERY_SPREAD,94
2019-06-28 10:46:00.000000000,BEST_BID,"JPM,100477,380"
2019-06-28 10:46:00.000000000,BEST_ASK,"JPM,101056,381"
2019-06-28 10:46:00.000000000,LAST_TRADE,"4,$101056.0000"
2019-06-28 10:46:00.000000000,QUERY_SPREAD,95
2019-06-28 10:46:00.000000000,BEST_BID,"JPM,100477,380"
2019-06-28 10:46:00.000000000,BEST_ASK,"JPM,101056,376"
2019-06-28 10:46:00.000000000,LAST_TRADE,"5,$101056.0000"
2019-06-28 10:46:00.000000000,QUERY_SPREAD,96
2019-06-28 10:46:00.000000000,BEST_BID,"JPM,100477,380"
2019-06-28 10:46:00.000000000,BEST_ASK,"JPM,101056,375"
2019-06-28 10:46:00.000000000,LAST_TRADE,"1,$101056.0000"
2019-06-28 10:46:00.000000000,QUERY_SPREAD,97
2019-06-28 10:46:00.000000000,BEST_BID,"JPM,100477,380"
2019-06-28 10:46:00.000000000,BEST_ASK,"JPM,101056,368"
2019-06-28 10:46:00.000000000,LAST_TRADE,"7,$101056.0000"
2019-06-28 10:46:00.000000000,QUERY_SPREAD,98
2019-06-28 10:46:00.000000000,BEST_BID,"JPM,100477,380"
2019-06-28 10:46:00.000000000,BEST_ASK,"JPM,101056,362"
2019-06-28 10:46:00.000000000,LAST_TRADE,"6,$101056.0000"
2019-06-28 10:46:00.000000000,QUERY_SPREAD,99
2019-06-28 10:46:00.000000000,BEST_BID,"JPM,100477,380"
2019-06-28 10:46:00.000000000,BEST_ASK,"JPM,101056,357"
2019-06-28 10:46:00.000000000,LAST_TRADE,"5,$101056.0000"
2019-06-28 10:46:00.000000000,QUERY_SPREAD,100
2019-06-28 10:46:00.000000000,BEST_BID,"JPM,100477,380"
2019-06-28 10:46:00.000000000,BEST_ASK,"JPM,101056,350"
2019-06-28 10:46:00.000000000,LAST_TRADE,"7,$101056.0000"
2019-06-28 10:46:00.000000000,QUERY_SPREAD,101
2019-06-28 10:46:00.000000000,QUERY_ORDER_STREAM,101
2019-06-28 10:46:10.000000000,QUERY_SPREAD,1
2019-06-28 10:46:10.000000000,BEST_BID,"JPM,100477,156"
2019-06-28 10:46:10.000000000,BEST_ASK,"JPM,101056,70"
2019-06-28 10:46:10.000000000,BEST_BID,"JPM,100477,156"
2019-06-28 10:46:10.000000000,BEST_ASK,"JPM,101056,70"
2019-06-28 10:46:10.000000000,BEST_BID,"JPM,100477,156"
2019-06-28 10:46:10.000000000,BEST_ASK,"JPM,101056,70"
2019-06-28 10:46:10.000000000,BEST_BID,"JPM,100477,156"
2019-06-28 10:46:10.000000000,BEST_ASK,"JPM,101056,70"
2019-06-28 10:46:10.000000000,BEST_BID,"JPM,100477,156"
2019-06-28 10:46:10.000000000,BEST_ASK,"JPM,101056,70"
2019-06-28 10:46:10.000000000,BEST_BID,"JPM,100477,156"
2019-06-28 10:46:10.000000000,BEST_ASK,"JPM,101056,126"
2019-06-28 10:46:10.000000000,BEST_BID,"JPM,100477,156"
2019-06-28 10:46:10.000000000,BEST_ASK,"JPM,101056,126"
2019-06-28 10:46:10.000000000,BEST_BID,"JPM,100477,156"
2019-06-28 10:46:10.000000000,BEST_ASK,"JPM,101056,126"
2019-06-28 10:46:10.000000000,BEST_BID,"JPM,100477,156"
2019-06-28 10:46:10.000000000,BEST_ASK,"JPM,101056,126"
2019-06-28 10:46:10.000000000,BEST_BID,"JPM,100477,156"
2019-06-28 10:46:10.000000000,BEST_ASK,"JPM,101056,126"
2019-06-28 10:46:12.241117918,QUERY_SPREAD,14
2019-06-28 10:46:12.241117918,BEST_BID,"JPM,100477,156"
2019-06-28 10:46:12.241117918,BEST_ASK,"JPM,101056,126"
2019-06-28 10:46:20.000000000,QUERY_SPREAD,1
2019-06-28 10:46:20.000000000,BEST_BID,"JPM,100477,156"
2019-06-28 10:46:20.000000000,BEST_ASK,"JPM,101056,70"
2019-06-28 10:46:20.000000000,BEST_BID,"JPM,100477,156"
2019-06-28 10:46:20.000000000,BEST_ASK,"JPM,101056,70"
2019-06-28 10:46:20.000000000,BEST_BID,"JPM,100477,156"
2019-06-28 10:46:20.000000000,BEST_ASK,"JPM,101056,70"
2019-06-28 10:46:20.000000000,BEST_BID,"JPM,100477,156"
2019-06-28 10:46:20.000000000,BEST_ASK,"JPM,101056,70"
2019-06-28 10:46:20.000000000,BEST_BID,"JPM,100477,156"
2019-06-28 10:46:20.000000000,BEST_ASK,"JPM,101056,70"
2019-06-28 10:46:20.000000000,BEST_BID,"JPM,100477,156"
2019-06-28 10:46:20.000000000,BEST_ASK,"JPM,101056,126"
2019-06-28 10:46:20.000000000,BEST_BID,"JPM,100477,156"
2019-06-28 10:46:20.000000000,BEST_ASK,"JPM,101056,126"
2019-06-28 10:46:20.000000000,BEST_BID,"JPM,100477,156"
2019-06-28 10:46:20.000000000,BEST_ASK,"JPM,101056,126"
2019-06-28 10:46:20.000000000,BEST_BID,"JPM,100477,156"
2019-06-28 10:46:20.000000000,BEST_ASK,"JPM,101056,126"
2019-06-28 10:46:20.000000000,BEST_BID,"JPM,100477,156"
2019-06-28 10:46:20.000000000,BEST_ASK,"JPM,101056,126"
2019-06-28 10:46:20.464884087,QUERY_SPREAD,51
2019-06-28 10:46:20.464884087,BEST_BID,"JPM,100477,56"
2019-06-28 10:46:20.464884087,BEST_ASK,"JPM,101056,126"
2019-06-28 10:46:20.464884087,LAST_TRADE,"100,$100477.0000"
2019-06-28 10:46:23.740391322,QUERY_SPREAD,7
2019-06-28 10:46:23.740391322,BEST_BID,"JPM,100477,56"
2019-06-28 10:46:23.740391322,BEST_ASK,"JPM,101056,126"
2019-06-28 10:46:30.000000000,QUERY_SPREAD,1
2019-06-28 10:46:30.000000000,BEST_BID,"JPM,100476,380"
2019-06-28 10:46:30.000000000,BEST_ASK,"JPM,101056,70"
2019-06-28 10:46:30.000000000,BEST_BID,"JPM,100476,380"
2019-06-28 10:46:30.000000000,BEST_ASK,"JPM,101056,350"
2019-06-28 10:46:40.000000000,QUERY_SPREAD,1
2019-06-28 10:46:40.000000000,BEST_BID,"JPM,100476,380"
2019-06-28 10:46:40.000000000,BEST_ASK,"JPM,101056,70"
2019-06-28 10:46:40.000000000,BEST_BID,"JPM,100476,380"
2019-06-28 10:46:40.000000000,BEST_ASK,"JPM,101056,350"
2019-06-28 10:46:41.698877377,QUERY_ORDER_STREAM,52
2019-06-28 10:46:41.698877377,QUERY_SPREAD,52
2019-06-28 10:46:41.698877377,BEST_BID,"JPM,100476,380"
2019-06-28 10:46:41.698877377,BEST_ASK,"JPM,101055,100"
2019-06-28 10:46:49.129389248,QUERY_SPREAD,9
2019-06-28 10:46:49.129389248,BEST_BID,"JPM,100476,380"
2019-06-28 10:46:49.129389248,BEST_ASK,"JPM,101055,100"
2019-06-28 10:46:50.000000000,QUERY_SPREAD,1
2019-06-28 10:46:50.000000000,BEST_BID,"JPM,100476,170"
2019-06-28 10:46:50.000000000,BEST_ASK,"JPM,101055,100"
2019-06-28 10:46:50.000000000,BEST_BID,"JPM,100476,170"
2019-06-28 10:46:50.000000000,BEST_ASK,"JPM,101055,100"
2019-06-28 10:46:50.000000000,BEST_BID,"JPM,100476,170"
2019-06-28 10:46:50.000000000,BEST_ASK,"JPM,101055,100"
2019-06-28 10:46:50.000000000,BEST_BID,"JPM,100476,170"
2019-06-28 10:46:50.000000000,BEST_ASK,"JPM,101055,100"
2019-06-28 10:46:50.000000000,BEST_BID,"JPM,100476,170"
2019-06-28 10:46:50.000000000,BEST_ASK,"JPM,101055,170"
2019-06-28 10:46:50.000000000,BEST_BID,"JPM,100476,170"
2019-06-28 10:46:50.000000000,BEST_ASK,"JPM,101055,170"
2019-06-28 10:46:50.000000000,BEST_BID,"JPM,100476,170"
2019-06-28 10:46:50.000000000,BEST_ASK,"JPM,101055,170"
2019-06-28 10:46:50.000000000,BEST_BID,"JPM,100476,170"
2019-06-28 10:46:50.000000000,BEST_ASK,"JPM,101055,170"
2019-06-28 10:47:00.000000000,QUERY_SPREAD,1
2019-06-28 10:47:00.000000000,BEST_BID,"JPM,100476,170"
2019-06-28 10:47:00.000000000,BEST_ASK,"JPM,101055,100"
2019-06-28 10:47:00.000000000,BEST_BID,"JPM,100476,170"
2019-06-28 10:47:00.000000000,BEST_ASK,"JPM,101055,100"
2019-06-28 10:47:00.000000000,BEST_BID,"JPM,100476,170"
2019-06-28 10:47:00.000000000,BEST_ASK,"JPM,101055,100"
2019-06-28 10:47:00.000000000,BEST_BID,"JPM,100476,170"
2019-06-28 10:47:00.000000000,BEST_ASK,"JPM,101055,100"
2019-06-28 10:47:00.000000000,BEST_BID,"JPM,100476,170"
2019-06-28 10:47:00.000000000,BEST_ASK,"JPM,101055,170"
2019-06-28 10:47:00.000000000,BEST_BID,"JPM,100476,170"
2019-06-28 10:47:00.000000000,BEST_ASK,"JPM,101055,170"
2019-06-28 10:47:00.000000000,BEST_BID,"JPM,100476,170"
2019-06-28 10:47:00.000000000,BEST_ASK,"JPM,101055,170"
2019-06-28 10:47:00.000000000,BEST_BID,"JPM,100476,170"
2019-06-28 10:47:00.000000000,BEST_ASK,"JPM,101055,170"
2019-06-28 10:47:00.000000000,QUERY_SPREAD,77
2019-06-28 10:47:00.000000000,BEST_BID,"JPM,100476,170"
2019-06-28 10:47:00.000000000,BEST_ASK,"JPM,101055,169"
2019-06-28 10:47:00.000000000,LAST_TRADE,"1,$101055.0000"
2019-06-28 10:47:00.000000000,QUERY_SPREAD,78
2019-06-28 10:47:00.000000000,BEST_BID,"JPM,100476,170"
2019-06-28 10:47:00.000000000,BEST_ASK,"JPM,101055,165"
2019-06-28 10:47:00.000000000,LAST_TRADE,"4,$101055.0000"
2019-06-28 10:47:00.000000000,QUERY_SPREAD,79
2019-06-28 10:47:00.000000000,BEST_BID,"JPM,100476,170"
2019-06-28 10:47:00.000000000,BEST_ASK,"JPM,101055,159"
2019-06-28 10:47:00.000000000,LAST_TRADE,"6,$101055.0000"
2019-06-28 10:47:00.000000000,QUERY_SPREAD,80
2019-06-28 10:47:00.000000000,BEST_BID,"JPM,100476,170"
2019-06-28 10:47:00.000000000,BEST_ASK,"JPM,101055,154"
2019-06-28 10:47:00.000000000,LAST_TRADE,"5,$101055.0000"
2019-06-28 10:47:00.000000000,QUERY_SPREAD,81
2019-06-28 10:47:00.000000000,BEST_BID,"JPM,100476,170"
2019-06-28 10:47:00.000000000,BEST_ASK,"JPM,101055,146"
2019-06-28 10:47:00.000000000,LAST_TRADE,"8,$101055.0000"
2019-06-28 10:47:00.000000000,QUERY_SPREAD,82
2019-06-28 10:47:00.000000000,BEST_BID,"JPM,100476,170"
2019-06-28 10:47:00.000000000,BEST_ASK,"JPM,101055,138"
2019-06-28 10:47:00.000000000,LAST_TRADE,"8,$101055.0000"
2019-06-28 10:47:00.000000000,QUERY_SPREAD,83
2019-06-28 10:47:00.000000000,BEST_BID,"JPM,100476,170"
2019-06-28 10:47:00.000000000,BEST_ASK,"JPM,101055,136"
2019-06-28 10:47:00.000000000,LAST_TRADE,"2,$101055.0000"
2019-06-28 10:47:00.000000000,QUERY_SPREAD,84
2019-06-28 10:47:00.000000000,BEST_BID,"JPM,100476,170"
2019-06-28 10:47:00.000000000,BEST_ASK,"JPM,101055,135"
2019-06-28 10:47:00.000000000,LAST_TRADE,"1,$101055.0000"
2019-06-28 10:47:00.000000000,QUERY_SPREAD,85
2019-06-28 10:47:00.000000000,BEST_BID,"JPM,100476,170"
2019-06-28 10:47:00.000000000,BEST_ASK,"JPM,101055,134"
2019-06-28 10:47:00.000000000,LAST_TRADE,"1,$101055.0000"
2019-06-28 10:47:00.000000000,QUERY_SPREAD,86
2019-06-28 10:47:00.000000000,BEST_BID,"JPM,100476,170"
2019-06-28 10:47:00.000000000,BEST_ASK,"JPM,101055,128"
2019-06-28 10:47:00.000000000,LAST_TRADE,"6,$101055.0000"
2019-06-28 10:47:00.000000000,QUERY_SPREAD,87
2019-06-28 10:47:00.000000000,BEST_BID,"JPM,100476,170"
2019-06-28 10:47:00.000000000,BEST_ASK,"JPM,101055,125"
2019-06-28 10:47:00.000000000,LAST_TRADE,"3,$101055.0000"
2019-06-28 10:47:00.000000000,QUERY_SPREAD,88
2019-06-28 10:47:00.000000000,BEST_BID,"JPM,100476,170"
2019-06-28 10:47:00.000000000,BEST_ASK,"JPM,101055,121"
2019-06-28 10:47:00.000000000,LAST_TRADE,"4,$101055.0000"
2019-06-28 10:47:00.000000000,QUERY_SPREAD,89
2019-06-28 10:47:00.000000000,BEST_BID,"JPM,100476,170"
2019-06-28 10:47:00.000000000,BEST_ASK,"JPM,101055,117"
2019-06-28 10:47:00.000000000,LAST_TRADE,"4,$101055.0000"
2019-06-28 10:47:00.000000000,QUERY_SPREAD,90
2019-06-28 10:47:00.000000000,BEST_BID,"JPM,100476,170"
2019-06-28 10:47:00.000000000,BEST_ASK,"JPM,101055,110"
2019-06-28 10:47:00.000000000,LAST_TRADE,"7,$101055.0000"
2019-06-28 10:47:00.000000000,QUERY_SPREAD,91
2019-06-28 10:47:00.000000000,BEST_BID,"JPM,100476,170"
2019-06-28 10:47:00.000000000,BEST_ASK,"JPM,101055,102"
2019-06-28 10:47:00.000000000,LAST_TRADE,"8,$101055.0000"
2019-06-28 10:47:00.000000000,QUERY_SPREAD,92
2019-06-28 10:47:00.000000000,BEST_BID,"JPM,100476,170"
2019-06-28 10:47:00.000000000,BEST_ASK,"JPM,101055,97"
2019-06-28 10:47:00.000000000,LAST_TRADE,"5,$101055.0000"
2019-06-28 10:47:00.000000000,QUERY_SPREAD,93
2019-06-28 10:47:00.000000000,BEST_BID,"JPM,100476,170"
2019-06-28 10:47:00.000000000,BEST_ASK,"JPM,101055,94"
2019-06-28 10:47:00.000000000,LAST_TRADE,"3,$101055.0000"
2019-06-28 10:47:00.000000000,QUERY_SPREAD,94
2019-06-28 10:47:00.000000000,BEST_BID,"JPM,100476,170"
2019-06-28 10:47:00.000000000,BEST_ASK,"JPM,101055,90"
2019-06-28 10:47:00.000000000,LAST_TRADE,"4,$101055.0000"
2019-06-28 10:47:00.000000000,QUERY_SPREAD,95
2019-06-28 10:47:00.000000000,BEST_BID,"JPM,100476,170"
2019-06-28 10:47:00.000000000,BEST_ASK,"JPM,101055,85"
2019-06-28 10:47:00.000000000,LAST_TRADE,"5,$101055.0000"
2019-06-28 10:47:00.000000000,QUERY_SPREAD,96
2019-06-28 10:47:00.000000000,BEST_BID,"JPM,100476,170"
2019-06-28 10:47:00.000000000,BEST_ASK,"JPM,101055,84"
2019-06-28 10:47:00.000000000,LAST_TRADE,"1,$101055.0000"
2019-06-28 10:47:00.000000000,QUERY_SPREAD,97
2019-06-28 10:47:00.000000000,BEST_BID,"JPM,100476,170"
2019-06-28 10:47:00.000000000,BEST_ASK,"JPM,101055,77"
2019-06-28 10:47:00.000000000,LAST_TRADE,"7,$101055.0000"
2019-06-28 10:47:00.000000000,QUERY_SPREAD,98
2019-06-28 10:47:00.000000000,BEST_BID,"JPM,100476,170"
2019-06-28 10:47:00.000000000,BEST_ASK,"JPM,101055,71"
2019-06-28 10:47:00.000000000,LAST_TRADE,"6,$101055.0000"
2019-06-28 10:47:00.000000000,QUERY_SPREAD,99
2019-06-28 10:47:00.000000000,BEST_BID,"JPM,100476,170"
2019-06-28 10:47:00.000000000,BEST_ASK,"JPM,101055,66"
2019-06-28 10:47:00.000000000,LAST_TRADE,"5,$101055.0000"
2019-06-28 10:47:00.000000000,QUERY_SPREAD,100
2019-06-28 10:47:00.000000000,BEST_BID,"JPM,100476,170"
2019-06-28 10:47:00.000000000,BEST_ASK,"JPM,101055,59"
2019-06-28 10:47:00.000000000,LAST_TRADE,"7,$101055.0000"
2019-06-28 10:47:00.000000000,QUERY_SPREAD,101
2019-06-28 10:47:00.000000000,QUERY_ORDER_STREAM,101
2019-06-28 10:47:10.000000000,QUERY_SPREAD,1
2019-06-28 10:47:10.000000000,BEST_BID,"JPM,100476,156"
2019-06-28 10:47:10.000000000,BEST_ASK,"JPM,101056,70"
2019-06-28 10:47:10.000000000,BEST_BID,"JPM,100476,156"
2019-06-28 10:47:10.000000000,BEST_ASK,"JPM,101056,70"
2019-06-28 10:47:10.000000000,BEST_BID,"JPM,100476,156"
2019-06-28 10:47:10.000000000,BEST_ASK,"JPM,101056,70"
2019-06-28 10:47:10.000000000,BEST_BID,"JPM,100476,156"
2019-06-28 10:47:10.000000000,BEST_ASK,"JPM,101056,70"
2019-06-28 10:47:10.000000000,BEST_BID,"JPM,100476,156"
2019-06-28 10:47:10.000000000,BEST_ASK,"JPM,101056,70"
2019-06-28 10:47:10.000000000,BEST_BID,"JPM,100476,156"
2019-06-28 10:47:10.000000000,BEST_ASK,"JPM,101056,126"
2019-06-28 10:47:10.000000000,BEST_BID,"JPM,100476,156"
2019-06-28 10:47:10.000000000,BEST_ASK,"JPM,101056,126"
2019-06-28 10:47:10.000000000,BEST_BID,"JPM,100476,156"
2019-06-28 10:47:10.000000000,BEST_ASK,"JPM,101056,126"
2019-06-28 10:47:10.000000000,BEST_BID,"JPM,100476,156"
2019-06-28 10:47:10.000000000,BEST_ASK,"JPM,101056,126"
2019-06-28 10:47:10.000000000,BEST_BID,"JPM,100476,156"
2019-06-28 10:47:10.000000000,BEST_ASK,"JPM,101056,126"
2019-06-28 10:47:12.609800380,QUERY_ORDER_STREAM,60
2019-06-28 10:47:12.609800380,QUERY_SPREAD,60
2019-06-28 10:47:12.609800380,BEST_BID,"JPM,100476,156"
2019-06-28 10:47:12.609800380,BEST_ASK,"JPM,101055,100"
2019-06-28 10:47:17.853319001,QUERY_SPREAD,37
2019-06-28 10:47:17.853319001,BEST_BID,"JPM,100476,56"
2019-06-28 10:47:17.853319001,BEST_ASK,"JPM,101055,100"
2019-06-28 10:47:17.853319001,LAST_TRADE,"100,$100476.0000"
2019-06-28 10:47:20.000000000,QUERY_SPREAD,1
2019-06-28 10:47:20.000000000,BEST_BID,"JPM,100248,240"
2019-06-28 10:47:20.000000000,BEST_ASK,"JPM,101055,100"
2019-06-28 10:47:20.000000000,BEST_BID,"JPM,100248,240"
2019-06-28 10:47:20.000000000,BEST_ASK,"JPM,101055,100"
2019-06-28 10:47:20.000000000,BEST_BID,"JPM,100248,240"
2019-06-28 10:47:20.000000000,BEST_ASK,"JPM,101055,240"
2019-06-28 10:47:20.000000000,BEST_BID,"JPM,100248,240"
2019-06-28 10:47:20.000000000,BEST_ASK,"JPM,101055,240"
2019-06-28 10:47:24.441222930,QUERY_SPREAD,47
2019-06-28 10:47:24.441222930,BEST_BID,"JPM,100248,240"
2019-06-28 10:47:24.441222930,BEST_ASK,"JPM,101055,240"
2019-06-28 10:47:30.000000000,QUERY_SPREAD,1
2019-06-28 10:47:30.000000000,BEST_BID,"JPM,100248,380"
2019-06-28 10:47:30.000000000,BEST_ASK,"JPM,101055,100"
2019-06-28 10:47:30.000000000,BEST_BID,"JPM,100248,380"
2019-06-28 10:47:30.000000000,BEST_ASK,"JPM,101055,380"
2019-06-28 10:47:39.324416811,QUERY_ORDER_STREAM,66
2019-06-28 10:47:39.324416811,QUERY_SPREAD,66
2019-06-28 10:47:39.324416811,BEST_BID,"JPM,100248,380"
2019-06-28 10:47:39.324416811,BEST_ASK,"JPM,101054,100"
2019-06-28 10:47:40.000000000,QUERY_SPREAD,1
2019-06-28 10:47:40.000000000,BEST_BID,"JPM,100248,156"
2019-06-28 10:47:40.000000000,BEST_ASK,"JPM,101054,100"
2019-06-28 10:47:40.000000000,BEST_BID,"JPM,100248,156"
2019-06-28 10:47:40.000000000,BEST_ASK,"JPM,101054,100"
2019-06-28 10:47:40.000000000,BEST_BID,"JPM,100248,156"
2019-06-28 10:47:40.000000000,BEST_ASK,"JPM,101054,100"
2019-06-28 10:47:40.000000000,BEST_BID,"JPM,100248,156"
2019-06-28 10:47:40.000000000,BEST_ASK,"JPM,101054,100"
2019-06-28 10:47:40.000000000,BEST_BID,"JPM,100248,156"
2019-06-28 10:47:40.000000000,BEST_ASK,"JPM,101054,100"
2019-06-28 10:47:40.000000000,BEST_BID,"JPM,100248,156"
2019-06-28 10:47:40.000000000,BEST_ASK,"JPM,101054,156"
2019-06-28 10:47:40.000000000,BEST_BID,"JPM,100248,156"
2019-06-28 10:47:40.000000000,BEST_ASK,"JPM,101054,156"
2019-06-28 10:47:40.000000000,BEST_BID,"JPM,100248,156"
2019-06-28 10:47:40.000000000,BEST_ASK,"JPM,101054,156"
2019-06-28 10:47:40.000000000,BEST_BID,"JPM,100248,156"
2019-06-28 10:47:40.000000000,BEST_ASK,"JPM,101054,156"
2019-06-28 10:47:40.000000000,BEST_BID,"JPM,100248,156"
2019-06-28 10:47:40.000000000,BEST_ASK,"JPM,101054,156"
2019-06-28 10:47:47.396272362,QUERY_SPREAD,2
2019-06-28 10:47:47.396272362,BEST_BID,"JPM,100248,56"
2019-06-28 10:47:47.396272362,BEST_ASK,"JPM,101054,156"
2019-06-28 10:47:47.396272362,LAST_TRADE,"100,$100248.0000"
2019-06-28 10:47:50.000000000,QUERY_SPREAD,1
2019-06-28 10:47:50.000000000,BEST_BID,"JPM,100184,156"
2019-06-28 10:47:50.000000000,BEST_ASK,"JPM,101054,100"
2019-06-28 10:47:50.000000000,BEST_BID,"JPM,100184,156"
2019-06-28 10:47:50.000000000,BEST_ASK,"JPM,101054,100"
2019-06-28 10:47:50.000000000,BEST_BID,"JPM,100184,156"
2019-06-28 10:47:50.000000000,BEST_ASK,"JPM,101054,100"
2019-06-28 10:47:50.000000000,BEST_BID,"JPM,100184,156"
2019-06-28 10:47:50.000000000,BEST_ASK,"JPM,101054,100"
2019-06-28 10:47:50.000000000,BEST_BID,"JPM,100184,156"
2019-06-28 10:47:50.000000000,BEST_ASK,"JPM,101054,100"
2019-06-28 10:47:50.000000000,BEST_BID,"JPM,100184,156"
2019-06-28 10:47:50.000000000,BEST_ASK,"JPM,101054,156"
2019-06-28 10:47:50.000000000,BEST_BID,"JPM,100184,156"
2019-06-28 10:47:50.000000000,BEST_ASK,"JPM,101054,156"
2019-06-28 10:47:50.000000000,BEST_BID,"JPM,100184,156"
2019-06-28 10:47:50.000000000,BEST_ASK,"JPM,101054,156"
2019-06-28 10:47:50.000000000,BEST_BID,"JPM,100184,156"
2019-06-28 10:47:50.000000000,BEST_ASK,"JPM,101054,156"
2019-06-28 10:47:50.000000000,BEST_BID,"JPM,100184,156"
2019-06-28 10:47:50.000000000,BEST_ASK,"JPM,101054,156"
2019-06-28 10:48:00.000000000,QUERY_SPREAD,1
2019-06-28 10:48:00.000000000,BEST_BID,"JPM,100184,380"
2019-06-28 10:48:00.000000000,BEST_ASK,"JPM,101054,100"
2019-06-28 10:48:00.000000000,BEST_BID,"JPM,100184,380"
2019-06-28 10:48:00.000000000,BEST_ASK,"JPM,101054,380"
2019-06-28 10:48:00.000000000,QUERY_SPREAD,77
2019-06-28 10:48:00.000000000,BEST_BID,"JPM,100184,380"
2019-06-28 10:48:00.000000000,BEST_ASK,"JPM,101054,379"
2019-06-28 10:48:00.000000000,LAST_TRADE,"1,$101054.0000"
2019-06-28 10:48:00.000000000,QUERY_SPREAD,78
2019-06-28 10:48:00.000000000,BEST_BID,"JPM,100184,380"
2019-06-28 10:48:00.000000000,BEST_ASK,"JPM,101054,375"
2019-06-28 10:48:00.000000000,LAST_TRADE,"4,$101054.0000"
2019-06-28 10:48:00.000000000,QUERY_SPREAD,79
2019-06-28 10:48:00.000000000,BEST_BID,"JPM,100184,380"
2019-06-28 10:48:00.000000000,BEST_ASK,"JPM,101054,369"
2019-06-28 10:48:00.000000000,LAST_TRADE,"6,$101054.0000"
2019-06-28 10:48:00.000000000,QUERY_SPREAD,80
2019-06-28 10:48:00.000000000,BEST_BID,"JPM,100184,380"
2019-06-28 10:48:00.000000000,BEST_ASK,"JPM,101054,364"
2019-06-28 10:48:00.000000000,LAST_TRADE,"5,$101054.0000"
2019-06-28 10:48:00.000000000,QUERY_SPREAD,81
2019-06-28 10:48:00.000000000,BEST_BID,"JPM,100184,380"
2019-06-28 10:48:00.000000000,BEST_ASK,"JPM,101054,356"
2019-06-28 10:48:00.000000000,LAST_TRADE,"8,$101054.0000"
2019-06-28 10:48:00.000000000,QUERY_SPREAD,82
2019-06-28 10:48:00.000000000,BEST_BID,"JPM,100184,380"
2019-06-28 10:48:00.000000000,BEST_ASK,"JPM,101054,348"
2019-06-28 10:48:00.000000000,LAST_TRADE,"8,$101054.0000"
2019-06-28 10:48:00.000000000,QUERY_SPREAD,83
2019-06-28 10:48:00.000000000,BEST_BID,"JPM,100184,380"
2019-06-28 10:48:00.000000000,BEST_ASK,"JPM,101054,346"
2019-06-28 10:48:00.000000000,LAST_TRADE,"2,$101054.0000"
2019-06-28 10:48:00.000000000,QUERY_SPREAD,84
2019-06-28 10:48:00.000000000,BEST_BID,"JPM,100184,380"
2019-06-28 10:48:00.000000000,BEST_ASK,"JPM,101054,345"
2019-06-28 10:48:00.000000000,LAST_TRADE,"1,$101054.0000"
2019-06-28 10:48:00.000000000,QUERY_SPREAD,85
2019-06-28 10:48:00.000000000,BEST_BID,"JPM,100184,380"
2019-06-28 10:48:00.000000000,BEST_ASK,"JPM,101054,344"
2019-06-28 10:48:00.000000000,LAST_TRADE,"1,$101054.0000"
2019-06-28 10:48:00.000000000,QUERY_SPREAD,86
2019-06-28 10:48:00.000000000,BEST_BID,"JPM,100184,380"
2019-06-28 10:48:00.000000000,BEST_ASK,"JPM,101054,338"
2019-06-28 10:48:00.000000000,LAST_TRADE,"6,$101054.0000"
2019-06-28 10:48:00.000000000,QUERY_SPREAD,87
2019-06-28 10:48:00.000000000,BEST_BID,"JPM,100184,380"
2019-06-28 10:48:00.000000000,BEST_ASK,"JPM,101054,335"
2019-06-28 10:48:00.000000000,LAST_TRADE,"3,$101054.0000"
2019-06-28 10:48:00.000000000,QUERY_SPREAD,88
2019-06-28 10:48:00.000000000,BEST_BID,"JPM,100184,380"
2019-06-28 10:48:00.000000000,BEST_ASK,"JPM,101054,331"
2019-06-28 10:48:00.000000000,LAST_TRADE,"4,$101054.0000"
2019-06-28 10:48:00.000000000,QUERY_SPREAD,89
2019-06-28 10:48:00.000000000,BEST_BID,"JPM,100184,380"
2019-06-28 10:48:00.000000000,BEST_ASK,"JPM,101054,327"
2019-06-28 10:48:00.000000000,LAST_TRADE,"4,$101054.0000"
2019-06-28 10:48:00.000000000,QUERY_SPREAD,90
2019-06-28 10:48:00.000000000,BEST_BID,"JPM,100184,380"
2019-06-28 10:48:00.000000000,BEST_ASK,"JPM,101054,320"
2019-06-28 10:48:00.000000000,LAST_TRADE,"7,$101054.0000"
2019-06-28 10:48:00.000000000,QUERY_SPREAD,91
2019-06-28 10:48:00.000000000,BEST_BID,"JPM,100184,380"
2019-06-28 10:48:00.000000000,BEST_ASK,"JPM,101054,312"
2019-06-28 10:48:00.000000000,LAST_TRADE,"8,$101054.0000"
2019-06-28 10:48:00.000000000,QUERY_SPREAD,92
2019-06-28 10:48:00.000000000,BEST_BID,"JPM,100184,380"
2019-06-28 10:48:00.000000000,BEST_ASK,"JPM,101054,307"
2019-06-28 10:48:00.000000000,LAST_TRADE,"5,$101054.0000"
2019-06-28 10:48:00.000000000,QUERY_SPREAD,93
2019-06-28 10:48:00.000000000,BEST_BID,"JPM,100184,380"
2019-06-28 10:48:00.000000000,BEST_ASK,"JPM,101054,304"
2019-06-28 10:48:00.000000000,LAST_TRADE,"3,$101054.0000"
2019-06-28 10:48:00.000000000,QUERY_SPREAD,94
2019-06-28 10:48:00.000000000,BEST_BID,"JPM,100184,380"
2019-06-28 10:48:00.000000000,BEST_ASK,"JPM,101054,300"
2019-06-28 10:48:00.000000000,LAST_TRADE,"4,$101054.0000"
2019-06-28 10:48:00.000000000,QUERY_SPREAD,95
2019-06-28 10:48:00.000000000,BEST_BID,"JPM,100184,380"
2019-06-28 10:48:00.000000000,BEST_ASK,"JPM,101054,295"
2019-06-28 10:48:00.000000000,LAST_TRADE,"5,$101054.0000"
2019-06-28 10:48:00.000000000,QUERY_SPREAD,96
2019-06-28 10:48:00.000000000,BEST_BID,"JPM,100184,380"
2019-06-28 10:48:00.000000000,BEST_ASK,"JPM,101054,294"
2019-06-28 10:48:00.000000000,LAST_TRADE,"1,$101054.0000"
2019-06-28 10:48:00.000000000,QUERY_SPREAD,97
2019-06-28 10:48:00.000000000,BEST_BID,"JPM,100184,380"
2019-06-28 10:48:00.000000000,BEST_ASK,"JPM,101054,287"
2019-06-28 10:48:00.000000000,LAST_TRADE,"7,$101054.0000"
2019-06-28 10:48:00.000000000,QUERY_SPREAD,98
2019-06-28 10:48:00.000000000,BEST_BID,"JPM,100184,380"
2019-06-28 10:48:00.000000000,BEST_ASK,"JPM,101054,281"
2019-06-28 10:48:00.000000000,LAST_TRADE,"6,$101054.0000"
2019-06-28 10:48:00.000000000,QUERY_SPREAD,99
2019-06-28 10:48:00.000000000,BEST_BID,"JPM,100184,380"
2019-06-28 10:48:00.000000000,BEST_ASK,"JPM,101054,276"
2019-06-28 10:48:00.000000000,LAST_TRADE,"5,$101054.0000"
2019-06-28 10:48:00.000000000,QUERY_SPREAD,100
2019-06-28 10:48:00.000000000,BEST_BID,"JPM,100184,380"
2019-06-28 10:48:00.000000000,BEST_ASK,"JPM,101054,269"
2019-06-28 10:48:00.000000000,LAST_TRADE,"7,$101054.0000"
2019-06-28 10:48:00.000000000,QUERY_SPREAD,101
2019-06-28 10:48:00.000000000,QUERY_ORDER_STREAM,101
2019-06-28 10:48:06.801369389,QUERY_SPREAD,51
2019-06-28 10:48:06.801369389,BEST_BID,"JPM,100184,380"
2019-06-28 10:48:06.801369389,BEST_ASK,"JPM,101054,269"
2019-06-28 10:48:10.000000000,QUERY_SPREAD,1
2019-06-28 10:48:10.000000000,BEST_BID,"JPM,100184,156"
2019-06-28 10:48:10.000000000,BEST_ASK,"JPM,101055,100"
2019-06-28 10:48:10.000000000,BEST_BID,"JPM,100184,156"
2019-06-28 10:48:10.000000000,BEST_ASK,"JPM,101055,100"
2019-06-28 10:48:10.000000000,BEST_BID,"JPM,100184,156"
2019-06-28 10:48:10.000000000,BEST_ASK,"JPM,101055,100"
2019-06-28 10:48:10.000000000,BEST_BID,"JPM,100184,156"
2019-06-28 10:48:10.000000000,BEST_ASK,"JPM,101055,100"
2019-06-28 10:48:10.000000000,BEST_BID,"JPM,100184,156"
2019-06-28 10:48:10.000000000,BEST_ASK,"JPM,101055,100"
2019-06-28 10:48:10.000000000,BEST_BID,"JPM,100184,156"
2019-06-28 10:48:10.000000000,BEST_ASK,"JPM,101055,156"
2019-06-28 10:48:10.000000000,BEST_BID,"JPM,100184,156"
2019-06-28 10:48:10.000000000,BEST_ASK,"JPM,101055,156"
2019-06-28 10:48:10.000000000,BEST_BID,"JPM,100184,156"
2019-06-28 10:48:10.000000000,BEST_ASK,"JPM,101055,156"
2019-06-28 10:48:10.000000000,BEST_BID,"JPM,100184,156"
2019-06-28 10:48:10.000000000,BEST_ASK,"JPM,101055,156"
2019-06-28 10:48:10.000000000,BEST_BID,"JPM,100184,156"
2019-06-28 10:48:10.000000000,BEST_ASK,"JPM,101055,156"
2019-06-28 10:48:20.000000000,QUERY_SPREAD,1
2019-06-28 10:48:20.000000000,BEST_BID,"JPM,100184,156"
2019-06-28 10:48:20.000000000,BEST_ASK,"JPM,101055,100"
2019-06-28 10:48:20.000000000,BEST_BID,"JPM,100184,156"
2019-06-28 10:48:20.000000000,BEST_ASK,"JPM,101055,100"
2019-06-28 10:48:20.000000000,BEST_BID,"JPM,100184,156"
2019-06-28 10:48:20.000000000,BEST_ASK,"JPM,101055,100"
2019-06-28 10:48:20.000000000,BEST_BID,"JPM,100184,156"
2019-06-28 10:48:20.000000000,BEST_ASK,"JPM,101055,100"
2019-06-28 10:48:20.000000000,BEST_BID,"JPM,100184,156"
2019-06-28 10:48:20.000000000,BEST_ASK,"JPM,101055,100"
2019-06-28 10:48:20.000000000,BEST_BID,"JPM,100184,156"
2019-06-28 10:48:20.000000000,BEST_ASK,"JPM,101055,156"
2019-06-28 10:48:20.000000000,BEST_BID,"JPM,100184,156"
2019-06-28 10:48:20.000000000,BEST_ASK,"JPM,101055,156"
2019-06-28 10:48:20.000000000,BEST_BID,"JPM,100184,156"
2019-06-28 10:48:20.000000000,BEST_ASK,"JPM,101055,156"
2019-06-28 10:48:20.000000000,BEST_BID,"JPM,100184,156"
2019-06-28 10:48:20.000000000,BEST_ASK,"JPM,101055,156"
2019-06-28 10:48:20.000000000,BEST_BID,"JPM,100184,156"
2019-06-28 10:48:20.000000000,BEST_ASK,"JPM,101055,156"
2019-06-28 10:48:28.047813087,QUERY_SPREAD,46
2019-06-28 10:48:28.047813087,BEST_BID,"JPM,100184,56"
2019-06-28 10:48:28.047813087,BEST_ASK,"JPM,101055,156"
2019-06-28 10:48:28.047813087,LAST_TRADE,"100,$100184.0000"
2019-06-28 10:48:30.000000000,QUERY_SPREAD,1
2019-06-28 10:48:30.000000000,BEST_BID,"JPM,99331,240"
2019-06-28 10:48:30.000000000,BEST_ASK,"JPM,101055,100"
2019-06-28 10:48:30.000000000,BEST_BID,"JPM,99331,240"
2019-06-28 10:48:30.000000000,BEST_ASK,"JPM,101055,100"
2019-06-28 10:48:30.000000000,BEST_BID,"JPM,99331,240"
2019-06-28 10:48:30.000000000,BEST_ASK,"JPM,101055,240"
2019-06-28 10:48:30.000000000,BEST_BID,"JPM,99331,240"
2019-06-28 10:48:30.000000000,BEST_ASK,"JPM,101055,240"
2019-06-28 10:48:40.000000000,QUERY_SPREAD,1
2019-06-28 10:48:40.000000000,BEST_BID,"JPM,99331,240"
2019-06-28 10:48:40.000000000,BEST_ASK,"JPM,101055,100"
2019-06-28 10:48:40.000000000,BEST_BID,"JPM,99331,240"
2019-06-28 10:48:40.000000000,BEST_ASK,"JPM,101055,100"
2019-06-28 10:48:40.000000000,BEST_BID,"JPM,99331,240"
2019-06-28 10:48:40.000000000,BEST_ASK,"JPM,101055,240"
2019-06-28 10:48:40.000000000,BEST_BID,"JPM,99331,240"
2019-06-28 10:48:40.000000000,BEST_ASK,"JPM,101055,240"
2019-06-28 10:48:50.000000000,QUERY_SPREAD,1
2019-06-28 10:48:50.000000000,BEST_BID,"JPM,99331,170"
2019-06-28 10:48:50.000000000,BEST_ASK,"JPM,101055,100"
2019-06-28 10:48:50.000000000,BEST_BID,"JPM,99331,170"
2019-06-28 10:48:50.000000000,BEST_ASK,"JPM,101055,100"
2019-06-28 10:48:50.000000000,BEST_BID,"JPM,99331,170"
2019-06-28 10:48:50.000000000,BEST_ASK,"JPM,101055,100"
2019-06-28 10:48:50.000000000,BEST_BID,"JPM,99331,170"
2019-06-28 10:48:50.000000000,BEST_ASK,"JPM,101055,100"
2019-06-28 10:48:50.000000000,BEST_BID,"JPM,99331,170"
2019-06-28 10:48:50.000000000,BEST_ASK,"JPM,101055,170"
2019-06-28 10:48:50.000000000,BEST_BID,"JPM,99331,170"
2019-06-28 10:48:50.000000000,BEST_ASK,"JPM,101055,170"
2019-06-28 10:48:50.000000000,BEST_BID,"JPM,99331,170"
2019-06-28 10:48:50.000000000,BEST_ASK,"JPM,101055,170"
2019-06-28 10:48:50.000000000,BEST_BID,"JPM,99331,170"
2019-06-28 10:48:50.000000000,BEST_ASK,"JPM,101055,170"
2019-06-28 10:49:00.000000000,QUERY_SPREAD,1
2019-06-28 10:49:00.000000000,BEST_BID,"JPM,99331,170"
2019-06-28 10:49:00.000000000,BEST_ASK,"JPM,101055,100"
2019-06-28 10:49:00.000000000,BEST_BID,"JPM,99331,170"
2019-06-28 10:49:00.000000000,BEST_ASK,"JPM,101055,100"
2019-06-28 10:49:00.000000000,BEST_BID,"JPM,99331,170"
2019-06-28 10:49:00.000000000,BEST_ASK,"JPM,101055,100"
2019-06-28 10:49:00.000000000,BEST_BID,"JPM,99331,170"
2019-06-28 10:49:00.000000000,BEST_ASK,"JPM,101055,100"
2019-06-28 10:49:00.000000000,BEST_BID,"JPM,99331,170"
2019-06-28 10:49:00.000000000,BEST_ASK,"JPM,101055,170"
2019-06-28 10:49:00.000000000,BEST_BID,"JPM,99331,170"
2019-06-28 10:49:00.000000000,BEST_ASK,"JPM,101055,170"
2019-06-28 10:49:00.000000000,BEST_BID,"JPM,99331,170"
2019-06-28 10:49:00.000000000,BEST_ASK,"JPM,101055,170"
2019-06-28 10:49:00.000000000,BEST_BID,"JPM,99331,170"
2019-06-28 10:49:00.000000000,BEST_ASK,"JPM,101055,170"
2019-06-28 10:49:00.000000000,QUERY_SPREAD,77
2019-06-28 10:49:00.000000000,BEST_BID,"JPM,99331,170"
2019-06-28 10:49:00.000000000,BEST_ASK,"JPM,101055,169"
2019-06-28 10:49:00.000000000,LAST_TRADE,"1,$101055.0000"
2019-06-28 10:49:00.000000000,QUERY_SPREAD,78
2019-06-28 10:49:00.000000000,BEST_BID,"JPM,99331,170"
2019-06-28 10:49:00.000000000,BEST_ASK,"JPM,101055,165"
2019-06-28 10:49:00.000000000,LAST_TRADE,"4,$101055.0000"
2019-06-28 10:49:00.000000000,QUERY_SPREAD,79
2019-06-28 10:49:00.000000000,BEST_BID,"JPM,99331,170"
2019-06-28 10:49:00.000000000,BEST_ASK,"JPM,101055,159"
2019-06-28 10:49:00.000000000,LAST_TRADE,"6,$101055.0000"
2019-06-28 10:49:00.000000000,QUERY_SPREAD,80
2019-06-28 10:49:00.000000000,BEST_BID,"JPM,99331,170"
2019-06-28 10:49:00.000000000,BEST_ASK,"JPM,101055,154"
2019-06-28 10:49:00.000000000,LAST_TRADE,"5,$101055.0000"
2019-06-28 10:49:00.000000000,QUERY_SPREAD,81
2019-06-28 10:49:00.000000000,BEST_BID,"JPM,99331,170"
2019-06-28 10:49:00.000000000,BEST_ASK,"JPM,101055,146"
2019-06-28 10:49:00.000000000,LAST_TRADE,"8,$101055.0000"
2019-06-28 10:49:00.000000000,QUERY_SPREAD,82
2019-06-28 10:49:00.000000000,BEST_BID,"JPM,99331,170"
2019-06-28 10:49:00.000000000,BEST_ASK,"JPM,101055,138"
2019-06-28 10:49:00.000000000,LAST_TRADE,"8,$101055.0000"
2019-06-28 10:49:00.000000000,QUERY_SPREAD,83
2019-06-28 10:49:00.000000000,BEST_BID,"JPM,99331,170"
2019-06-28 10:49:00.000000000,BEST_ASK,"JPM,101055,136"
2019-06-28 10:49:00.000000000,LAST_TRADE,"2,$101055.0000"
2019-06-28 10:49:00.000000000,QUERY_SPREAD,84
2019-06-28 10:49:00.000000000,BEST_BID,"JPM,99331,170"
2019-06-28 10:49:00.000000000,BEST_ASK,"JPM,101055,135"
2019-06-28 10:49:00.000000000,LAST_TRADE,"1,$101055.0000"
2019-06-28 10:49:00.000000000,QUERY_SPREAD,85
2019-06-28 10:49:00.000000000,BEST_BID,"JPM,99331,170"
2019-06-28 10:49:00.000000000,BEST_ASK,"JPM,101055,134"
2019-06-28 10:49:00.000000000,LAST_TRADE,"1,$101055.0000"
2019-06-28 10:49:00.000000000,QUERY_SPREAD,86
2019-06-28 10:49:00.000000000,BEST_BID,"JPM,99331,170"
2019-06-28 10:49:00.000000000,BEST_ASK,"JPM,101055,128"
2019-06-28 10:49:00.000000000,LAST_TRADE,"6,$101055.0000"
2019-06-28 10:49:00.000000000,QUERY_SPREAD,87
2019-06-28 10:49:00.000000000,BEST_BID,"JPM,99331,170"
2019-06-28 10:49:00.000000000,BEST_ASK,"JPM,101055,125"
2019-06-28 10:49:00.000000000,LAST_TRADE,"3,$101055.0000"
2019-06-28 10:49:00.000000000,QUERY_SPREAD,88
2019-06-28 10:49:00.000000000,BEST_BID,"JPM,99331,170"
2019-06-28 10:49:00.000000000,BEST_ASK,"JPM,101055,121"
2019-06-28 10:49:00.000000000,LAST_TRADE,"4,$101055.0000"
2019-06-28 10:49:00.000000000,QUERY_SPREAD,89
2019-06-28 10:49:00.000000000,BEST_BID,"JPM,99331,170"
2019-06-28 10:49:00.000000000,BEST_ASK,"JPM,101055,117"
2019-06-28 10:49:00.000000000,LAST_TRADE,"4,$101055.0000"
2019-06-28 10:49:00.000000000,QUERY_SPREAD,90
2019-06-28 10:49:00.000000000,BEST_BID,"JPM,99331,170"
2019-06-28 10:49:00.000000000,BEST_ASK,"JPM,101055,110"
2019-06-28 10:49:00.000000000,LAST_TRADE,"7,$101055.0000"
2019-06-28 10:49:00.000000000,QUERY_SPREAD,91
2019-06-28 10:49:00.000000000,BEST_BID,"JPM,99331,170"
2019-06-28 10:49:00.000000000,BEST_ASK,"JPM,101055,102"
2019-06-28 10:49:00.000000000,LAST_TRADE,"8,$101055.0000"
2019-06-28 10:49:00.000000000,QUERY_SPREAD,92
2019-06-28 10:49:00.000000000,BEST_BID,"JPM,99331,170"
2019-06-28 10:49:00.000000000,BEST_ASK,"JPM,101055,97"
2019-06-28 10:49:00.000000000,LAST_TRADE,"5,$101055.0000"
2019-06-28 10:49:00.000000000,QUERY_SPREAD,93
2019-06-28 10:49:00.000000000,BEST_BID,"JPM,99331,170"
2019-06-28 10:49:00.000000000,BEST_ASK,"JPM,101055,94"
2019-06-28 10:49:00.000000000,LAST_TRADE,"3,$101055.0000"
2019-06-28 10:49:00.000000000,QUERY_SPREAD,94
2019-06-28 10:49:00.000000000,BEST_BID,"JPM,99331,170"
2019-06-28 10:49:00.000000000,BEST_ASK,"JPM,101055,90"
2019-06-28 10:49:00.000000000,LAST_TRADE,"4,$101055.0000"
2019-06-28 10:49:00.000000000,QUERY_SPREAD,95
2019-06-28 10:49:00.000000000,BEST_BID,"JPM,99331,170"
2019-06-28 10:49:00.000000000,BEST_ASK,"JPM,101055,85"
2019-06-28 10:49:00.000000000,LAST_TRADE,"5,$101055.0000"
2019-06-28 10:49:00.000000000,QUERY_SPREAD,96
2019-06-28 10:49:00.000000000,BEST_BID,"JPM,99331,170"
2019-06-28 10:49:00.000000000,BEST_ASK,"JPM,101055,84"
2019-06-28 10:49:00.000000000,LAST_TRADE,"1,$101055.0000"
2019-06-28 10:49:00.000000000,QUERY_SPREAD,97
2019-06-28 10:49:00.000000000,BEST_BID,"JPM,99331,170"
2019-06-28 10:49:00.000000000,BEST_ASK,"JPM,101055,77"
2019-06-28 10:49:00.000000000,LAST_TRADE,"7,$101055.0000"
2019-06-28 10:49:00.000000000,QUERY_SPREAD,98
2019-06-28 10:49:00.000000000,BEST_BID,"JPM,99331,170"
2019-06-28 10:49:00.000000000,BEST_ASK,"JPM,101055,71"
2019-06-28 10:49:00.000000000,LAST_TRADE,"6,$101055.0000"
2019-06-28 10:49:00.000000000,QUERY_SPREAD,99
2019-06-28 10:49:00.000000000,BEST_BID,"JPM,99331,170"
2019-06-28 10:49:00.000000000,BEST_ASK,"JPM,101055,66"
2019-06-28 10:49:00.000000000,LAST_TRADE,"5,$101055.0000"
2019-06-28 10:49:00.000000000,QUERY_SPREAD,100
2019-06-28 10:49:00.000000000,BEST_BID,"JPM,99331,170"
2019-06-28 10:49:00.000000000,BEST_ASK,"JPM,101055,59"
2019-06-28 10:49:00.000000000,LAST_TRADE,"7,$101055.0000"
2019-06-28 10:49:00.000000000,QUERY_SPREAD,101
2019-06-28 10:49:00.000000000,QUERY_ORDER_STREAM,101
2019-06-28 10:49:02.209550670,QUERY_ORDER_STREAM,75
2019-06-28 10:49:02.209550670,QUERY_SPREAD,75
2019-06-28 10:49:10.000000000,QUERY_SPREAD,1
2019-06-28 10:49:10.000000000,BEST_BID,"JPM,99331,240"
2019-06-28 10:49:10.000000000,BEST_ASK,"JPM,101056,70"
2019-06-28 10:49:10.000000000,BEST_BID,"JPM,99331,240"
2019-06-28 10:49:10.000000000,BEST_ASK,"JPM,101056,70"
2019-06-28 10:49:10.000000000,BEST_BID,"JPM,99331,240"
2019-06-28 10:49:10.000000000,BEST_ASK,"JPM,101056,210"
2019-06-28 10:49:10.000000000,BEST_BID,"JPM,99331,240"
2019-06-28 10:49:10.000000000,BEST_ASK,"JPM,101056,210"
2019-06-28 10:49:20.000000000,QUERY_SPREAD,1
2019-06-28 10:49:20.000000000,BEST_BID,"JPM,99331,380"
2019-06-28 10:49:20.000000000,BEST_ASK,"JPM,101056,70"
2019-06-28 10:49:20.000000000,BEST_BID,"JPM,99331,380"
2019-06-28 10:49:20.000000000,BEST_ASK,"JPM,101056,350"
2019-06-28 10:49:22.139021599,QUERY_ORDER_STREAM,71
2019-06-28 10:49:22.139021599,QUERY_SPREAD,71
2019-06-28 10:49:22.139021599,BEST_BID,"JPM,99331,380"
2019-06-28 10:49:22.139021599,BEST_ASK,"JPM,101055,100"
2019-06-28 10:49:30.000000000,QUERY_SPREAD,1
2019-06-28 10:49:30.000000000,BEST_BID,"JPM,99331,195"
2019-06-28 10:49:30.000000000,BEST_ASK,"JPM,101055,100"
2019-06-28 10:49:30.000000000,BEST_BID,"JPM,99331,195"
2019-06-28 10:49:30.000000000,BEST_ASK,"JPM,101055,100"
2019-06-28 10:49:30.000000000,BEST_BID,"JPM,99331,195"
2019-06-28 10:49:30.000000000,BEST_ASK,"JPM,101055,100"
2019-06-28 10:49:30.000000000,BEST_BID,"JPM,99331,195"
2019-06-28 10:49:30.000000000,BEST_ASK,"JPM,101055,195"
2019-06-28 10:49:30.000000000,BEST_BID,"JPM,99331,195"
2019-06-28 10:49:30.000000000,BEST_ASK,"JPM,101055,195"
2019-06-28 10:49:30.000000000,BEST_BID,"JPM,99331,195"
2019-06-28 10:49:30.000000000,BEST_ASK,"JPM,101055,195"
2019-06-28 10:49:38.726738092,QUERY_SPREAD,13
2019-06-28 10:49:38.726738092,BEST_BID,"JPM,99331,95"
2019-06-28 10:49:38.726738092,BEST_ASK,"JPM,101055,195"
2019-06-28 10:49:38.726738092,LAST_TRADE,"100,$99331.0000"
2019-06-28 10:49:39.625239764,QUERY_ORDER_STREAM,73
2019-06-28 10:49:39.625239764,QUERY_SPREAD,73
2019-06-28 10:49:39.625239764,BEST_BID,"JPM,99331,95"
2019-06-28 10:49:39.625239764,BEST_ASK,"JPM,101054,100"
2019-06-28 10:49:40.000000000,QUERY_SPREAD,1
2019-06-28 10:49:40.000000000,BEST_BID,"JPM,99274,380"
2019-06-28 10:49:40.000000000,BEST_ASK,"JPM,101054,100"
2019-06-28 10:49:40.000000000,BEST_BID,"JPM,99274,380"
2019-06-28 10:49:40.000000000,BEST_ASK,"JPM,101054,380"
2019-06-28 10:49:42.802735317,QUERY_SPREAD,23
2019-06-28 10:49:42.802735317,BEST_BID,"JPM,99274,280"
2019-06-28 10:49:42.802735317,BEST_ASK,"JPM,101054,380"
2019-06-28 10:49:42.802735317,LAST_TRADE,"100,$99274.0000"
2019-06-28 10:49:50.000000000,QUERY_SPREAD,1
2019-06-28 10:49:50.000000000,BEST_BID,"JPM,99196,156"
2019-06-28 10:49:50.000000000,BEST_ASK,"JPM,101054,100"
2019-06-28 10:49:50.000000000,BEST_BID,"JPM,99196,156"
2019-06-28 10:49:50.000000000,BEST_ASK,"JPM,101054,100"
2019-06-28 10:49:50.000000000,BEST_BID,"JPM,99196,156"
2019-06-28 10:49:50.000000000,BEST_ASK,"JPM,101054,100"
2019-06-28 10:49:50.000000000,BEST_BID,"JPM,99196,156"
2019-06-28 10:49:50.000000000,BEST_ASK,"JPM,101054,100"
2019-06-28 10:49:50.000000000,BEST_BID,"JPM,99196,156"
2019-06-28 10:49:50.000000000,BEST_ASK,"JPM,101054,100"
2019-06-28 10:49:50.000000000,BEST_BID,"JPM,99196,156"
2019-06-28 10:49:50.000000000,BEST_ASK,"JPM,101054,156"
2019-06-28 10:49:50.000000000,BEST_BID,"JPM,99196,156"
2019-06-28 10:49:50.000000000,BEST_ASK,"JPM,101054,156"
2019-06-28 10:49:50.000000000,BEST_BID,"JPM,99196,156"
2019-06-28 10:49:50.000000000,BEST_ASK,"JPM,101054,156"
2019-06-28 10:49:50.000000000,BEST_BID,"JPM,99196,156"
2019-06-28 10:49:50.000000000,BEST_ASK,"JPM,101054,156"
2019-06-28 10:49:50.000000000,BEST_BID,"JPM,99196,156"
2019-06-28 10:49:50.000000000,BEST_ASK,"JPM,101054,156"
2019-06-28 10:50:00.000000000,QUERY_SPREAD,1
2019-06-28 10:50:00.000000000,BEST_BID,"JPM,99196,380"
2019-06-28 10:50:00.000000000,BEST_ASK,"JPM,101054,100"
2019-06-28 10:50:00.000000000,BEST_BID,"JPM,99196,380"
2019-06-28 10:50:00.000000000,BEST_ASK,"JPM,101054,380"
2019-06-28 10:50:00.000000000,QUERY_SPREAD,77
2019-06-28 10:50:00.000000000,BEST_BID,"JPM,99196,380"
2019-06-28 10:50:00.000000000,BEST_ASK,"JPM,101054,379"
2019-06-28 10:50:00.000000000,LAST_TRADE,"1,$101054.0000"
2019-06-28 10:50:00.000000000,QUERY_SPREAD,78
2019-06-28 10:50:00.000000000,BEST_BID,"JPM,99196,380"
2019-06-28 10:50:00.000000000,BEST_ASK,"JPM,101054,375"
2019-06-28 10:50:00.000000000,LAST_TRADE,"4,$101054.0000"
2019-06-28 10:50:00.000000000,QUERY_SPREAD,79
2019-06-28 10:50:00.000000000,BEST_BID,"JPM,99196,380"
2019-06-28 10:50:00.000000000,BEST_ASK,"JPM,101054,369"
2019-06-28 10:50:00.000000000,LAST_TRADE,"6,$101054.0000"
2019-06-28 10:50:00.000000000,QUERY_SPREAD,80
2019-06-28 10:50:00.000000000,BEST_BID,"JPM,99196,380"
2019-06-28 10:50:00.000000000,BEST_ASK,"JPM,101054,364"
2019-06-28 10:50:00.000000000,LAST_TRADE,"5,$101054.0000"
2019-06-28 10:50:00.000000000,QUERY_SPREAD,81
2019-06-28 10:50:00.000000000,BEST_BID,"JPM,99196,380"
2019-06-28 10:50:00.000000000,BEST_ASK,"JPM,101054,356"
2019-06-28 10:50:00.000000000,LAST_TRADE,"8,$101054.0000"
2019-06-28 10:50:00.000000000,QUERY_SPREAD,82
2019-06-28 10:50:00.000000000,BEST_BID,"JPM,99196,380"
2019-06-28 10:50:00.000000000,BEST_ASK,"JPM,101054,348"
2019-06-28 10:50:00.000000000,LAST_TRADE,"8,$101054.0000"
2019-06-28 10:50:00.000000000,QUERY_SPREAD,83
2019-06-28 10:50:00.000000000,BEST_BID,"JPM,99196,380"
2019-06-28 10:50:00.000000000,BEST_ASK,"JPM,101054,346"
2019-06-28 10:50:00.000000000,LAST_TRADE,"2,$101054.0000"
2019-06-28 10:50:00.000000000,QUERY_SPREAD,84
2019-06-28 10:50:00.000000000,BEST_BID,"JPM,99196,380"
2019-06-28 10:50:00.000000000,BEST_ASK,"JPM,101054,345"
2019-06-28 10:50:00.000000000,LAST_TRADE,"1,$101054.0000"
2019-06-28 10:50:00.000000000,QUERY_SPREAD,85
2019-06-28 10:50:00.000000000,BEST_BID,"JPM,99196,380"
2019-06-28 10:50:00.000000000,BEST_ASK,"JPM,101054,344"
2019-06-28 10:50:00.000000000,LAST_TRADE,"1,$101054.0000"
2019-06-28 10:50:00.000000000,QUERY_SPREAD,86
2019-06-28 10:50:00.000000000,BEST_BID,"JPM,99196,380"
2019-06-28 10:50:00.000000000,BEST_ASK,"JPM,101054,338"
2019-06-28 10:50:00.000000000,LAST_TRADE,"6,$101054.0000"
2019-06-28 10:50:00.000000000,QUERY_SPREAD,87
2019-06-28 10:50:00.000000000,BEST_BID,"JPM,99196,380"
2019-06-28 10:50:00.000000000,BEST_ASK,"JPM,101054,335"
2019-06-28 10:50:00.000000000,LAST_TRADE,"3,$101054.0000"
2019-06-28 10:50:00.000000000,QUERY_SPREAD,88
2019-06-28 10:50:00.000000000,BEST_BID,"JPM,99196,380"
2019-06-28 10:50:00.000000000,BEST_ASK,"JPM,101054,331"
2019-06-28 10:50:00.000000000,LAST_TRADE,"4,$101054.0000"
2019-06-28 10:50:00.000000000,QUERY_SPREAD,89
2019-06-28 10:50:00.000000000,BEST_BID,"JPM,99196,380"
2019-06-28 10:50:00.000000000,BEST_ASK,"JPM,101054,327"
2019-06-28 10:50:00.000000000,LAST_TRADE,"4,$101054.0000"
2019-06-28 10:50:00.000000000,QUERY_SPREAD,90
2019-06-28 10:50:00.000000000,BEST_BID,"JPM,99196,380"
2019-06-28 10:50:00.000000000,BEST_ASK,"JPM,101054,320"
2019-06-28 10:50:00.000000000,LAST_TRADE,"7,$101054.0000"
2019-06-28 10:50:00.000000000,QUERY_SPREAD,91
2019-06-28 10:50:00.000000000,BEST_BID,"JPM,99196,380"
2019-06-28 10:50:00.000000000,BEST_ASK,"JPM,101054,312"
2019-06-28 10:50:00.000000000,LAST_TRADE,"8,$101054.0000"
2019-06-28 10:50:00.000000000,QUERY_SPREAD,92
2019-06-28 10:50:00.000000000,BEST_BID,"JPM,99196,380"
2019-06-28 10:50:00.000000000,BEST_ASK,"JPM,101054,307"
2019-06-28 10:50:00.000000000,LAST_TRADE,"5,$101054.0000"
2019-06-28 10:50:00.000000000,QUERY_SPREAD,93
2019-06-28 10:50:00.000000000,BEST_BID,"JPM,99196,380"
2019-06-28 10:50:00.000000000,BEST_ASK,"JPM,101054,304"
2019-06-28 10:50:00.000000000,LAST_TRADE,"3,$101054.0000"
2019-06-28 10:50:00.000000000,QUERY_SPREAD,94
2019-06-28 10:50:00.000000000,BEST_BID,"JPM,99196,380"
2019-06-28 10:50:00.000000000,BEST_ASK,"JPM,101054,300"
2019-06-28 10:50:00.000000000,LAST_TRADE,"4,$101054.0000"
2019-06-28 10:50:00.000000000,QUERY_SPREAD,95
2019-06-28 10:50:00.000000000,BEST_BID,"JPM,99196,380"
2019-06-28 10:50:00.000000000,BEST_ASK,"JPM,101054,295"
2019-06-28 10:50:00.000000000,LAST_TRADE,"5,$101054.0000"
2019-06-28 10:50:00.000000000,QUERY_SPREAD,96
2019-06-28 10:50:00.000000000,BEST_BID,"JPM,99196,380"
2019-06-28 10:50:00.000000000,BEST_ASK,"JPM,101054,294"
2019-06-28 10:50:00.000000000,LAST_TRADE,"1,$101054.0000"
2019-06-28 10:50:00.000000000,QUERY_SPREAD,97
2019-06-28 10:50:00.000000000,BEST_BID,"JPM,99196,380"
2019-06-28 10:50:00.000000000,BEST_ASK,"JPM,101054,287"
2019-06-28 10:50:00.000000000,LAST_TRADE,"7,$101054.0000"
2019-06-28 10:50:00.000000000,QUERY_SPREAD,98
2019-06-28 10:50:00.000000000,BEST_BID,"JPM,99196,380"
2019-06-28 10:50:00.000000000,BEST_ASK,"JPM,101054,281"
2019-06-28 10:50:00.000000000,LAST_TRADE,"6,$101054.0000"
2019-06-28 10:50:00.000000000,QUERY_SPREAD,99
2019-06-28 10:50:00.000000000,BEST_BID,"JPM,99196,380"
2019-06-28 10:50:00.000000000,BEST_ASK,"JPM,101054,276"
2019-06-28 10:50:00.000000000,LAST_TRADE,"5,$101054.0000"
2019-06-28 10:50:00.000000000,QUERY_SPREAD,100
2019-06-28 10:50:00.000000000,BEST_BID,"JPM,99196,380"
2019-06-28 10:50:00.000000000,BEST_ASK,"JPM,101054,269"
2019-06-28 10:50:00.000000000,LAST_TRADE,"7,$101054.0000"
2019-06-28 10:50:00.000000000,QUERY_SPREAD,101
2019-06-28 10:50:00.000000000,QUERY_ORDER_STREAM,101
2019-06-28 10:50:01.609276442,QUERY_SPREAD,23
2019-06-28 10:50:01.609276442,BEST_BID,"JPM,99196,380"
2019-06-28 10:50:01.609276442,BEST_ASK,"JPM,101054,269"
2019-06-28 10:50:02.918580000,QUERY_ORDER_STREAM,67
2019-06-28 10:50:02.918580000,QUERY_SPREAD,67
2019-06-28 10:50:02.918580000,BEST_BID,"JPM,99196,380"
2019-06-28 10:50:02.918580000,BEST_ASK,"JPM,101054,369"
2019-06-28 10:50:05.492471971,QUERY_ORDER_STREAM,57
2019-06-28 10:50:05.492471971,QUERY_SPREAD,57
2019-06-28 10:50:09.811919087,QUERY_SPREAD,35
2019-06-28 10:50:09.811919087,BEST_BID,"JPM,99196,380"
2019-06-28 10:50:09.811919087,BEST_ASK,"JPM,101054,369"
2019-06-28 10:50:10.000000000,QUERY_SPREAD,1
2019-06-28 10:50:10.000000000,BEST_BID,"JPM,99196,170"
2019-06-28 10:50:10.000000000,BEST_ASK,"JPM,101054,100"
2019-06-28 10:50:10.000000000,BEST_BID,"JPM,99196,170"
2019-06-28 10:50:10.000000000,BEST_ASK,"JPM,101054,100"
2019-06-28 10:50:10.000000000,BEST_BID,"JPM,99196,170"
2019-06-28 10:50:10.000000000,BEST_ASK,"JPM,101054,100"
2019-06-28 10:50:10.000000000,BEST_BID,"JPM,99196,170"
2019-06-28 10:50:10.000000000,BEST_ASK,"JPM,101054,100"
2019-06-28 10:50:10.000000000,BEST_BID,"JPM,99196,170"
2019-06-28 10:50:10.000000000,BEST_ASK,"JPM,101054,170"
2019-06-28 10:50:10.000000000,BEST_BID,"JPM,99196,170"
2019-06-28 10:50:10.000000000,BEST_ASK,"JPM,101054,170"
2019-06-28 10:50:10.000000000,BEST_BID,"JPM,99196,170"
2019-06-28 10:50:10.000000000,BEST_ASK,"JPM,101054,170"
2019-06-28 10:50:10.000000000,BEST_BID,"JPM,99196,170"
2019-06-28 10:50:10.000000000,BEST_ASK,"JPM,101054,170"
2019-06-28 10:50:15.585114295,QUERY_SPREAD,44
2019-06-28 10:50:15.585114295,BEST_BID,"JPM,99196,170"
2019-06-28 10:50:15.585114295,BEST_ASK,"JPM,101054,170"
2019-06-28 10:50:20.000000000,QUERY_SPREAD,1
2019-06-28 10:50:20.000000000,BEST_BID,"JPM,99196,170"
2019-06-28 10:50:20.000000000,BEST_ASK,"JPM,101054,100"
2019-06-28 10:50:20.000000000,BEST_BID,"JPM,99196,170"
2019-06-28 10:50:20.000000000,BEST_ASK,"JPM,101054,100"
2019-06-28 10:50:20.000000000,BEST_BID,"JPM,99196,170"
2019-06-28 10:50:20.000000000,BEST_ASK,"JPM,101054,100"
2019-06-28 10:50:20.000000000,BEST_BID,"JPM,99196,170"
2019-06-28 10:50:20.000000000,BEST_ASK,"JPM,101054,100"
2019-06-28 10:50:20.000000000,BEST_BID,"JPM,99196,170"
2019-06-28 10:50:20.000000000,BEST_ASK,"JPM,101054,170"
2019-06-28 10:50:20.000000000,BEST_BID,"JPM,99196,170"
2019-06-28 10:50:20.000000000,BEST_ASK,"JPM,101054,170"
2019-06-28 10:50:20.000000000,BEST_BID,"JPM,99196,170"
2019-06-28 10:50:20.000000000,BEST_ASK,"JPM,101054,170"
2019-06-28 10:50:20.000000000,BEST_BID,"JPM,99196,170"
2019-06-28 10:50:20.000000000,BEST_ASK,"JPM,101054,170"
2019-06-28 10:50:30.000000000,QUERY_SPREAD,1
2019-06-28 10:50:30.000000000,BEST_BID,"JPM,99196,170"
2019-06-28 10:50:30.000000000,BEST_ASK,"JPM,101054,100"
2019-06-28 10:50:30.000000000,BEST_BID,"JPM,99196,170"
2019-06-28 10:50:30.000000000,BEST_ASK,"JPM,101054,100"
2019-06-28 10:50:30.000000000,BEST_BID,"JPM,99196,170"
2019-06-28 10:50:30.000000000,BEST_ASK,"JPM,101054,100"
2019-06-28 10:50:30.000000000,BEST_BID,"JPM,99196,170"
2019-06-28 10:50:30.000000000,BEST_ASK,"JPM,101054,100"
2019-06-28 10:50:30.000000000,BEST_BID,"JPM,99196,170"
2019-06-28 10:50:30.000000000,BEST_ASK,"JPM,101054,170"
2019-06-28 10:50:30.000000000,BEST_BID,"JPM,99196,170"
2019-06-28 10:50:30.000000000,BEST_ASK,"JPM,101054,170"
2019-06-28 10:50:30.000000000,BEST_BID,"JPM,99196,170"
2019-06-28 10:50:30.000000000,BEST_ASK,"JPM,101054,170"
2019-06-28 10:50:30.000000000,BEST_BID,"JPM,99196,170"
2019-06-28 10:50:30.000000000,BEST_ASK,"JPM,101054,170"
2019-06-28 10:50:40.000000000,QUERY_SPREAD,1
2019-06-28 10:50:40.000000000,BEST_BID,"JPM,99196,170"
2019-06-28 10:50:40.000000000,BEST_ASK,"JPM,101054,100"
2019-06-28 10:50:40.000000000,BEST_BID,"JPM,99196,170"
2019-06-28 10:50:40.000000000,BEST_ASK,"JPM,101054,100"
2019-06-28 10:50:40.000000000,BEST_BID,"JPM,99196,170"
2019-06-28 10:50:40.000000000,BEST_ASK,"JPM,101054,100"
2019-06-28 10:50:40.000000000,BEST_BID,"JPM,99196,170"
2019-06-28 10:50:40.000000000,BEST_ASK,"JPM,101054,100"
2019-06-28 10:50:40.000000000,BEST_BID,"JPM,99196,170"
2019-06-28 10:50:40.000000000,BEST_ASK,"JPM,101054,170"
2019-06-28 10:50:40.000000000,BEST_BID,"JPM,99196,170"
2019-06-28 10:50:40.000000000,BEST_ASK,"JPM,101054,170"
2019-06-28 10:50:40.000000000,BEST_BID,"JPM,99196,170"
2019-06-28 10:50:40.000000000,BEST_ASK,"JPM,101054,170"
2019-06-28 10:50:40.000000000,BEST_BID,"JPM,99196,170"
2019-06-28 10:50:40.000000000,BEST_ASK,"JPM,101054,170"
2019-06-28 10:50:50.000000000,QUERY_SPREAD,1
2019-06-28 10:50:50.000000000,BEST_BID,"JPM,99196,156"
2019-06-28 10:50:50.000000000,BEST_ASK,"JPM,101054,100"
2019-06-28 10:50:50.000000000,BEST_BID,"JPM,99196,156"
2019-06-28 10:50:50.000000000,BEST_ASK,"JPM,101054,100"
2019-06-28 10:50:50.000000000,BEST_BID,"JPM,99196,156"
2019-06-28 10:50:50.000000000,BEST_ASK,"JPM,101054,100"
2019-06-28 10:50:50.000000000,BEST_BID,"JPM,99196,156"
2019-06-28 10:50:50.000000000,BEST_ASK,"JPM,101054,100"
2019-06-28 10:50:50.000000000,BEST_BID,"JPM,99196,156"
2019-06-28 10:50:50.000000000,BEST_ASK,"JPM,101054,100"
2019-06-28 10:50:50.000000000,BEST_BID,"JPM,99196,156"
2019-06-28 10:50:50.000000000,BEST_ASK,"JPM,101054,156"
2019-06-28 10:50:50.000000000,BEST_BID,"JPM,99196,156"
2019-06-28 10:50:50.000000000,BEST_ASK,"JPM,101054,156"
2019-06-28 10:50:50.000000000,BEST_BID,"JPM,99196,156"
2019-06-28 10:50:50.000000000,BEST_ASK,"JPM,101054,156"
2019-06-28 10:50:50.000000000,BEST_BID,"JPM,99196,156"
2019-06-28 10:50:50.000000000,BEST_ASK,"JPM,101054,156"
2019-06-28 10:50:50.000000000,BEST_BID,"JPM,99196,156"
2019-06-28 10:50:50.000000000,BEST_ASK,"JPM,101054,156"
2019-06-28 10:50:56.739588237,QUERY_SPREAD,22
2019-06-28 10:50:56.739588237,BEST_BID,"JPM,99196,56"
2019-06-28 10:50:56.739588237,BEST_ASK,"JPM,101054,156"
2019-06-28 10:50:56.739588237,LAST_TRADE,"100,$99196.0000"
2019-06-28 10:51:00.000000000,QUERY_SPREAD,1
2019-06-28 10:51:00.000000000,BEST_BID,"JPM,98451,195"
2019-06-28 10:51:00.000000000,BEST_ASK,"JPM,101054,100"
2019-06-28 10:51:00.000000000,BEST_BID,"JPM,98451,195"
2019-06-28 10:51:00.000000000,BEST_ASK,"JPM,101054,100"
2019-06-28 10:51:00.000000000,BEST_BID,"JPM,98451,195"
2019-06-28 10:51:00.000000000,BEST_ASK,"JPM,101054,100"
2019-06-28 10:51:00.000000000,BEST_BID,"JPM,98451,195"
2019-06-28 10:51:00.000000000,BEST_ASK,"JPM,101054,195"
2019-06-28 10:51:00.000000000,BEST_BID,"JPM,98451,195"
2019-06-28 10:51:00.000000000,BEST_ASK,"JPM,101054,195"
2019-06-28 10:51:00.000000000,BEST_BID,"JPM,98451,195"
2019-06-28 10:51:00.000000000,BEST_ASK,"JPM,101054,195"
2019-06-28 10:51:00.000000000,QUERY_SPREAD,77
2019-06-28 10:51:00.000000000,BEST_BID,"JPM,98451,195"
2019-06-28 10:51:00.000000000,BEST_ASK,"JPM,101054,194"
2019-06-28 10:51:00.000000000,LAST_TRADE,"1,$101054.0000"
2019-06-28 10:51:00.000000000,QUERY_SPREAD,78
2019-06-28 10:51:00.000000000,BEST_BID,"JPM,98451,195"
2019-06-28 10:51:00.000000000,BEST_ASK,"JPM,101054,190"
2019-06-28 10:51:00.000000000,LAST_TRADE,"4,$101054.0000"
2019-06-28 10:51:00.000000000,QUERY_SPREAD,79
2019-06-28 10:51:00.000000000,BEST_BID,"JPM,98451,195"
2019-06-28 10:51:00.000000000,BEST_ASK,"JPM,101054,184"
2019-06-28 10:51:00.000000000,LAST_TRADE,"6,$101054.0000"
2019-06-28 10:51:00.000000000,QUERY_SPREAD,80
2019-06-28 10:51:00.000000000,BEST_BID,"JPM,98451,195"
2019-06-28 10:51:00.000000000,BEST_ASK,"JPM,101054,179"
2019-06-28 10:51:00.000000000,LAST_TRADE,"5,$101054.0000"
2019-06-28 10:51:00.000000000,QUERY_SPREAD,81
2019-06-28 10:51:00.000000000,BEST_BID,"JPM,98451,195"
2019-06-28 10:51:00.000000000,BEST_ASK,"JPM,101054,171"
2019-06-28 10:51:00.000000000,LAST_TRADE,"8,$101054.0000"
2019-06-28 10:51:00.000000000,QUERY_SPREAD,82
2019-06-28 10:51:00.000000000,BEST_BID,"JPM,98451,195"
2019-06-28 10:51:00.000000000,BEST_ASK,"JPM,101054,163"
2019-06-28 10:51:00.000000000,LAST_TRADE,"8,$101054.0000"
2019-06-28 10:51:00.000000000,QUERY_SPREAD,83
2019-06-28 10:51:00.000000000,BEST_BID,"JPM,98451,195"
2019-06-28 10:51:00.000000000,BEST_ASK,"JPM,101054,161"
2019-06-28 10:51:00.000000000,LAST_TRADE,"2,$101054.0000"
2019-06-28 10:51:00.000000000,QUERY_SPREAD,84
2019-06-28 10:51:00.000000000,BEST_BID,"JPM,98451,195"
2019-06-28 10:51:00.000000000,BEST_ASK,"JPM,101054,160"
2019-06-28 10:51:00.000000000,LAST_TRADE,"1,$101054.0000"
2019-06-28 10:51:00.000000000,QUERY_SPREAD,85
2019-06-28 10:51:00.000000000,BEST_BID,"JPM,98451,195"
2019-06-28 10:51:00.000000000,BEST_ASK,"JPM,101054,159"
2019-06-28 10:51:00.000000000,LAST_TRADE,"1,$101054.0000"
2019-06-28 10:51:00.000000000,QUERY_SPREAD,86
2019-06-28 10:51:00.000000000,BEST_BID,"JPM,98451,195"
2019-06-28 10:51:00.000000000,BEST_ASK,"JPM,101054,153"
2019-06-28 10:51:00.000000000,LAST_TRADE,"6,$101054.0000"
2019-06-28 10:51:00.000000000,QUERY_SPREAD,87
2019-06-28 10:51:00.000000000,BEST_BID,"JPM,98451,195"
2019-06-28 10:51:00.000000000,BEST_ASK,"JPM,101054,150"
2019-06-28 10:51:00.000000000,LAST_TRADE,"3,$101054.0000"
2019-06-28 10:51:00.000000000,QUERY_SPREAD,88
2019-06-28 10:51:00.000000000,BEST_BID,"JPM,98451,195"
2019-06-28 10:51:00.000000000,BEST_ASK,"JPM,101054,146"
2019-06-28 10:51:00.000000000,LAST_TRADE,"4,$101054.0000"
2019-06-28 10:51:00.000000000,QUERY_SPREAD,89
2019-06-28 10:51:00.000000000,BEST_BID,"JPM,98451,195"
2019-06-28 10:51:00.000000000,BEST_ASK,"JPM,101054,142"
2019-06-28 10:51:00.000000000,LAST_TRADE,"4,$101054.0000"
2019-06-28 10:51:00.000000000,QUERY_SPREAD,90
2019-06-28 10:51:00.000000000,BEST_BID,"JPM,98451,195"
2019-06-28 10:51:00.000000000,BEST_ASK,"JPM,101054,135"
2019-06-28 10:51:00.000000000,LAST_TRADE,"7,$101054.0000"
2019-06-28 10:51:00.000000000,QUERY_SPREAD,91
2019-06-28 10:51:00.000000000,BEST_BID,"JPM,98451,195"
2019-06-28 10:51:00.000000000,BEST_ASK,"JPM,101054,127"
2019-06-28 10:51:00.000000000,LAST_TRADE,"8,$101054.0000"
2019-06-28 10:51:00.000000000,QUERY_SPREAD,92
2019-06-28 10:51:00.000000000,BEST_BID,"JPM,98451,195"
2019-06-28 10:51:00.000000000,BEST_ASK,"JPM,101054,122"
2019-06-28 10:51:00.000000000,LAST_TRADE,"5,$101054.0000"
2019-06-28 10:51:00.000000000,QUERY_SPREAD,93
2019-06-28 10:51:00.000000000,BEST_BID,"JPM,98451,195"
2019-06-28 10:51:00.000000000,BEST_ASK,"JPM,101054,119"
2019-06-28 10:51:00.000000000,LAST_TRADE,"3,$101054.0000"
2019-06-28 10:51:00.000000000,QUERY_SPREAD,94
2019-06-28 10:51:00.000000000,BEST_BID,"JPM,98451,195"
2019-06-28 10:51:00.000000000,BEST_ASK,"JPM,101054,115"
2019-06-28 10:51:00.000000000,LAST_TRADE,"4,$101054.0000"
2019-06-28 10:51:00.000000000,QUERY_SPREAD,95
2019-06-28 10:51:00.000000000,BEST_BID,"JPM,98451,195"
2019-06-28 10:51:00.000000000,BEST_ASK,"JPM,101054,110"
2019-06-28 10:51:00.000000000,LAST_TRADE,"5,$101054.0000"
2019-06-28 10:51:00.000000000,QUERY_SPREAD,96
2019-06-28 10:51:00.000000000,BEST_BID,"JPM,98451,195"
2019-06-28 10:51:00.000000000,BEST_ASK,"JPM,101054,109"
2019-06-28 10:51:00.000000000,LAST_TRADE,"1,$101054.0000"
2019-06-28 10:51:00.000000000,QUERY_SPREAD,97
2019-06-28 10:51:00.000000000,BEST_BID,"JPM,98451,195"
2019-06-28 10:51:00.000000000,BEST_ASK,"JPM,101054,102"
2019-06-28 10:51:00.000000000,LAST_TRADE,"7,$101054.0000"
2019-06-28 10:51:00.000000000,QUERY_SPREAD,98
2019-06-28 10:51:00.000000000,BEST_BID,"JPM,98451,195"
2019-06-28 10:51:00.000000000,BEST_ASK,"JPM,101054,96"
2019-06-28 10:51:00.000000000,LAST_TRADE,"6,$101054.0000"
2019-06-28 10:51:00.000000000,QUERY_SPREAD,99
2019-06-28 10:51:00.000000000,BEST_BID,"JPM,98451,195"
2019-06-28 10:51:00.000000000,BEST_ASK,"JPM,101054,91"
2019-06-28 10:51:00.000000000,LAST_TRADE,"5,$101054.0000"
2019-06-28 10:51:00.000000000,QUERY_SPREAD,100
2019-06-28 10:51:00.000000000,BEST_BID,"JPM,98451,195"
2019-06-28 10:51:00.000000000,BEST_ASK,"JPM,101054,84"
2019-06-28 10:51:00.000000000,LAST_TRADE,"7,$101054.0000"
2019-06-28 10:51:00.000000000,QUERY_SPREAD,101
2019-06-28 10:51:00.000000000,QUERY_ORDER_STREAM,101
2019-06-28 10:51:10.000000000,QUERY_SPREAD,1
2019-06-28 10:51:10.000000000,BEST_BID,"JPM,98451,195"
2019-06-28 10:51:10.000000000,BEST_ASK,"JPM,101055,100"
2019-06-28 10:51:10.000000000,BEST_BID,"JPM,98451,195"
2019-06-28 10:51:10.000000000,BEST_ASK,"JPM,101055,100"
2019-06-28 10:51:10.000000000,BEST_BID,"JPM,98451,195"
2019-06-28 10:51:10.000000000,BEST_ASK,"JPM,101055,100"
2019-06-28 10:51:10.000000000,BEST_BID,"JPM,98451,195"
2019-06-28 10:51:10.000000000,BEST_ASK,"JPM,101055,195"
2019-06-28 10:51:10.000000000,BEST_BID,"JPM,98451,195"
2019-06-28 10:51:10.000000000,BEST_ASK,"JPM,101055,195"
2019-06-28 10:51:10.000000000,BEST_BID,"JPM,98451,195"
2019-06-28 10:51:10.000000000,BEST_ASK,"JPM,101055,195"
2019-06-28 10:51:20.000000000,QUERY_SPREAD,1
2019-06-28 10:51:20.000000000,BEST_BID,"JPM,98451,380"
2019-06-28 10:51:20.000000000,BEST_ASK,"JPM,101055,100"
2019-06-28 10:51:20.000000000,BEST_BID,"JPM,98451,380"
2019-06-28 10:51:20.000000000,BEST_ASK,"JPM,101055,380"
2019-06-28 10:51:20.814727405,QUERY_SPREAD,19
2019-06-28 10:51:20.814727405,BEST_BID,"JPM,98451,380"
2019-06-28 10:51:20.814727405,BEST_ASK,"JPM,99136,100"
2019-06-28 10:51:30.000000000,QUERY_SPREAD,1
2019-06-28 10:51:30.000000000,BEST_BID,"JPM,98451,195"
2019-06-28 10:51:30.000000000,BEST_ASK,"JPM,99136,100"
2019-06-28 10:51:30.000000000,BEST_BID,"JPM,98451,195"
2019-06-28 10:51:30.000000000,BEST_ASK,"JPM,99136,100"
2019-06-28 10:51:30.000000000,BEST_BID,"JPM,98451,195"
2019-06-28 10:51:30.000000000,BEST_ASK,"JPM,99136,100"
2019-06-28 10:51:30.000000000,BEST_BID,"JPM,98451,195"
2019-06-28 10:51:30.000000000,BEST_ASK,"JPM,99136,195"
2019-06-28 10:51:30.000000000,BEST_BID,"JPM,98451,195"
2019-06-28 10:51:30.000000000,BEST_ASK,"JPM,99136,195"
2019-06-28 10:51:30.000000000,BEST_BID,"JPM,98451,195"
2019-06-28 10:51:30.000000000,BEST_ASK,"JPM,99136,195"
2019-06-28 10:51:34.121615995,QUERY_SPREAD,11
2019-06-28 10:51:34.121615995,BEST_BID,"JPM,98451,195"
2019-06-28 10:51:34.121615995,BEST_ASK,"JPM,99136,95"
2019-06-28 10:51:34.121615995,LAST_TRADE,"100,$99136.0000"
2019-06-28 10:51:40.000000000,QUERY_SPREAD,1
2019-06-28 10:51:40.000000000,BEST_BID,"JPM,98451,195"
2019-06-28 10:51:40.000000000,BEST_ASK,"JPM,101055,100"
2019-06-28 10:51:40.000000000,BEST_BID,"JPM,98451,195"
2019-06-28 10:51:40.000000000,BEST_ASK,"JPM,101055,100"
2019-06-28 10:51:40.000000000,BEST_BID,"JPM,98451,195"
2019-06-28 10:51:40.000000000,BEST_ASK,"JPM,101055,100"
2019-06-28 10:51:40.000000000,BEST_BID,"JPM,98451,195"
2019-06-28 10:51:40.000000000,BEST_ASK,"JPM,101055,195"
2019-06-28 10:51:40.000000000,BEST_BID,"JPM,98451,195"
2019-06-28 10:51:40.000000000,BEST_ASK,"JPM,101055,195"
2019-06-28 10:51:40.000000000,BEST_BID,"JPM,98451,195"
2019-06-28 10:51:40.000000000,BEST_ASK,"JPM,101055,195"
2019-06-28 10:51:50.000000000,QUERY_SPREAD,1
2019-06-28 10:51:50.000000000,BEST_BID,"JPM,98451,170"
2019-06-28 10:51:50.000000000,BEST_ASK,"JPM,101055,100"
2019-06-28 10:51:50.000000000,BEST_BID,"JPM,98451,170"
2019-06-28 10:51:50.000000000,BEST_ASK,"JPM,101055,100"
2019-06-28 10:51:50.000000000,BEST_BID,"JPM,98451,170"
2019-06-28 10:51:50.000000000,BEST_ASK,"JPM,101055,100"
2019-06-28 10:51:50.000000000,BEST_BID,"JPM,98451,170"
2019-06-28 10:51:50.000000000,BEST_ASK,"JPM,101055,100"
2019-06-28 10:51:50.000000000,BEST_BID,"JPM,98451,170"
2019-06-28 10:51:50.000000000,BEST_ASK,"JPM,101055,170"
2019-06-28 10:51:50.000000000,BEST_BID,"JPM,98451,170"
2019-06-28 10:51:50.000000000,BEST_ASK,"JPM,101055,170"
2019-06-28 10:51:50.000000000,BEST_BID,"JPM,98451,170"
2019-06-28 10:51:50.000000000,BEST_ASK,"JPM,101055,170"
2019-06-28 10:51:50.000000000,BEST_BID,"JPM,98451,170"
2019-06-28 10:51:50.000000000,BEST_ASK,"JPM,101055,170"
2019-06-28 10:51:53.886548630,QUERY_SPREAD,22
2019-06-28 10:51:53.886548630,BEST_BID,"JPM,99113,100"
2019-06-28 10:51:53.886548630,BEST_ASK,"JPM,101055,170"
2019-06-28 10:51:53.933163067,QUERY_ORDER_STREAM,68
2019-06-28 10:51:53.933163067,QUERY_SPREAD,68
2019-06-28 10:52:00.000000000,QUERY_SPREAD,1
2019-06-28 10:52:00.000000000,BEST_BID,"JPM,99113,170"
2019-06-28 10:52:00.000000000,BEST_ASK,"JPM,101055,100"
2019-06-28 10:52:00.000000000,BEST_BID,"JPM,99113,170"
2019-06-28 10:52:00.000000000,BEST_ASK,"JPM,101055,100"
2019-06-28 10:52:00.000000000,BEST_BID,"JPM,99113,170"
2019-06-28 10:52:00.000000000,BEST_ASK,"JPM,101055,100"
2019-06-28 10:52:00.000000000,BEST_BID,"JPM,99113,170"
2019-06-28 10:52:00.000000000,BEST_ASK,"JPM,101055,100"
2019-06-28 10:52:00.000000000,BEST_BID,"JPM,99113,170"
2019-06-28 10:52:00.000000000,BEST_ASK,"JPM,101055,170"
2019-06-28 10:52:00.000000000,BEST_BID,"JPM,99113,170"
2019-06-28 10:52:00.000000000,BEST_ASK,"JPM,101055,170"
2019-06-28 10:52:00.000000000,BEST_BID,"JPM,99113,170"
2019-06-28 10:52:00.000000000,BEST_ASK,"JPM,101055,170"
2019-06-28 10:52:00.000000000,BEST_BID,"JPM,99113,170"
2019-06-28 10:52:00.000000000,BEST_ASK,"JPM,101055,170"
2019-06-28 10:52:00.000000000,QUERY_SPREAD,77
2019-06-28 10:52:00.000000000,BEST_BID,"JPM,99113,170"
2019-06-28 10:52:00.000000000,BEST_ASK,"JPM,101055,169"
2019-06-28 10:52:00.000000000,LAST_TRADE,"1,$101055.0000"
2019-06-28 10:52:00.000000000,QUERY_SPREAD,78
2019-06-28 10:52:00.000000000,BEST_BID,"JPM,99113,170"
2019-06-28 10:52:00.000000000,BEST_ASK,"JPM,101055,165"
2019-06-28 10:52:00.000000000,LAST_TRADE,"4,$101055.0000"
2019-06-28 10:52:00.000000000,QUERY_SPREAD,79
2019-06-28 10:52:00.000000000,BEST_BID,"JPM,99113,170"
2019-06-28 10:52:00.000000000,BEST_ASK,"JPM,101055,159"
2019-06-28 10:52:00.000000000,LAST_TRADE,"6,$101055.0000"
2019-06-28 10:52:00.000000000,QUERY_SPREAD,80
2019-06-28 10:52:00.000000000,BEST_BID,"JPM,99113,170"
2019-06-28 10:52:00.000000000,BEST_ASK,"JPM,101055,154"
2019-06-28 10:52:00.000000000,LAST_TRADE,"5,$101055.0000"
2019-06-28 10:52:00.000000000,QUERY_SPREAD,81
2019-06-28 10:52:00.000000000,BEST_BID,"JPM,99113,170"
2019-06-28 10:52:00.000000000,BEST_ASK,"JPM,101055,146"
2019-06-28 10:52:00.000000000,LAST_TRADE,"8,$101055.0000"
2019-06-28 10:52:00.000000000,QUERY_SPREAD,82
2019-06-28 10:52:00.000000000,BEST_BID,"JPM,99113,170"
2019-06-28 10:52:00.000000000,BEST_ASK,"JPM,101055,138"
2019-06-28 10:52:00.000000000,LAST_TRADE,"8,$101055.0000"
2019-06-28 10:52:00.000000000,QUERY_SPREAD,83
2019-06-28 10:52:00.000000000,BEST_BID,"JPM,99113,170"
2019-06-28 10:52:00.000000000,BEST_ASK,"JPM,101055,136"
2019-06-28 10:52:00.000000000,LAST_TRADE,"2,$101055.0000"
2019-06-28 10:52:00.000000000,QUERY_SPREAD,84
2019-06-28 10:52:00.000000000,BEST_BID,"JPM,99113,170"
2019-06-28 10:52:00.000000000,BEST_ASK,"JPM,101055,135"
2019-06-28 10:52:00.000000000,LAST_TRADE,"1,$101055.0000"
2019-06-28 10:52:00.000000000,QUERY_SPREAD,85
2019-06-28 10:52:00.000000000,BEST_BID,"JPM,99113,170"
2019-06-28 10:52:00.000000000,BEST_ASK,"JPM,101055,134"
2019-06-28 10:52:00.000000000,LAST_TRADE,"1,$101055.0000"
2019-06-28 10:52:00.000000000,QUERY_SPREAD,86
2019-06-28 10:52:00.000000000,BEST_BID,"JPM,99113,170"
2019-06-28 10:52:00.000000000,BEST_ASK,"JPM,101055,128"
2019-06-28 10:52:00.000000000,LAST_TRADE,"6,$101055.0000"
2019-06-28 10:52:00.000000000,QUERY_SPREAD,87
2019-06-28 10:52:00.000000000,BEST_BID,"JPM,99113,170"
2019-06-28 10:52:00.000000000,BEST_ASK,"JPM,101055,125"
2019-06-28 10:52:00.000000000,LAST_TRADE,"3,$101055.0000"
2019-06-28 10:52:00.000000000,QUERY_SPREAD,88
2019-06-28 10:52:00.000000000,BEST_BID,"JPM,99113,170"
2019-06-28 10:52:00.000000000,BEST_ASK,"JPM,101055,121"
2019-06-28 10:52:00.000000000,LAST_TRADE,"4,$101055.0000"
2019-06-28 10:52:00.000000000,QUERY_SPREAD,89
2019-06-28 10:52:00.000000000,BEST_BID,"JPM,99113,170"
2019-06-28 10:52:00.000000000,BEST_ASK,"JPM,101055,117"
2019-06-28 10:52:00.000000000,LAST_TRADE,"4,$101055.0000"
2019-06-28 10:52:00.000000000,QUERY_SPREAD,90
2019-06-28 10:52:00.000000000,BEST_BID,"JPM,99113,170"
2019-06-28 10:52:00.000000000,BEST_ASK,"JPM,101055,110"
2019-06-28 10:52:00.000000000,LAST_TRADE,"7,$101055.0000"
2019-06-28 10:52:00.000000000,QUERY_SPREAD,91
2019-06-28 10:52:00.000000000,BEST_BID,"JPM,99113,170"
2019-06-28 10:52:00.000000000,BEST_ASK,"JPM,101055,102"
2019-06-28 10:52:00.000000000,LAST_TRADE,"8,$101055.0000"
2019-06-28 10:52:00.000000000,QUERY_SPREAD,92
2019-06-28 10:52:00.000000000,BEST_BID,"JPM,99113,170"
2019-06-28 10:52:00.000000000,BEST_ASK,"JPM,101055,97"
2019-06-28 10:52:00.000000000,LAST_TRADE,"5,$101055.0000"
2019-06-28 10:52:00.000000000,QUERY_SPREAD,93
2019-06-28 10:52:00.000000000,BEST_BID,"JPM,99113,170"
2019-06-28 10:52:00.000000000,BEST_ASK,"JPM,101055,94"
2019-06-28 10:52:00.000000000,LAST_TRADE,"3,$101055.0000"
2019-06-28 10:52:00.000000000,QUERY_SPREAD,94
2019-06-28 10:52:00.000000000,BEST_BID,"JPM,99113,170"
2019-06-28 10:52:00.000000000,BEST_ASK,"JPM,101055,90"
2019-06-28 10:52:00.000000000,LAST_TRADE,"4,$101055.0000"
2019-06-28 10:52:00.000000000,QUERY_SPREAD,95
2019-06-28 10:52:00.000000000,BEST_BID,"JPM,99113,170"
2019-06-28 10:52:00.000000000,BEST_ASK,"JPM,101055,85"
2019-06-28 10:52:00.000000000,LAST_TRADE,"5,$101055.0000"
2019-06-28 10:52:00.000000000,QUERY_SPREAD,96
2019-06-28 10:52:00.000000000,BEST_BID,"JPM,99113,170"
2019-06-28 10:52:00.000000000,BEST_ASK,"JPM,101055,84"
2019-06-28 10:52:00.000000000,LAST_TRADE,"1,$101055.0000"
2019-06-28 10:52:00.000000000,QUERY_SPREAD,97
2019-06-28 10:52:00.000000000,BEST_BID,"JPM,99113,170"
2019-06-28 10:52:00.000000000,BEST_ASK,"JPM,101055,77"
2019-06-28 10:52:00.000000000,LAST_TRADE,"7,$101055.0000"
2019-06-28 10:52:00.000000000,QUERY_SPREAD,98
2019-06-28 10:52:00.000000000,BEST_BID,"JPM,99113,170"
2019-06-28 10:52:00.000000000,BEST_ASK,"JPM,101055,71"
2019-06-28 10:52:00.000000000,LAST_TRADE,"6,$101055.0000"
2019-06-28 10:52:00.000000000,QUERY_SPREAD,99
2019-06-28 10:52:00.000000000,BEST_BID,"JPM,99113,170"
2019-06-28 10:52:00.000000000,BEST_ASK,"JPM,101055,66"
2019-06-28 10:52:00.000000000,LAST_TRADE,"5,$101055.0000"
2019-06-28 10:52:00.000000000,QUERY_SPREAD,100
2019-06-28 10:52:00.000000000,BEST_BID,"JPM,99113,170"
2019-06-28 10:52:00.000000000,BEST_ASK,"JPM,101055,59"
2019-06-28 10:52:00.000000000,LAST_TRADE,"7,$101055.0000"
2019-06-28 10:52:00.000000000,QUERY_SPREAD,101
2019-06-28 10:52:00.000000000,QUERY_ORDER_STREAM,101
2019-06-28 10:52:10.000000000,QUERY_SPREAD,1
2019-06-28 10:52:10.000000000,BEST_BID,"JPM,99113,195"
2019-06-28 10:52:10.000000000,BEST_ASK,"JPM,101056,70"
2019-06-28 10:52:10.000000000,BEST_BID,"JPM,99113,195"
2019-06-28 10:52:10.000000000,BEST_ASK,"JPM,101056,70"
2019-06-28 10:52:10.000000000,BEST_BID,"JPM,99113,195"
2019-06-28 10:52:10.000000000,BEST_ASK,"JPM,101056,70"
2019-06-28 10:52:10.000000000,BEST_BID,"JPM,99113,195"
2019-06-28 10:52:10.000000000,BEST_ASK,"JPM,101056,165"
2019-06-28 10:52:10.000000000,BEST_BID,"JPM,99113,195"
2019-06-28 10:52:10.000000000,BEST_ASK,"JPM,101056,165"
2019-06-28 10:52:10.000000000,BEST_BID,"JPM,99113,195"
2019-06-28 10:52:10.000000000,BEST_ASK,"JPM,101056,165"
2019-06-28 10:52:13.675688330,QUERY_ORDER_STREAM,60
2019-06-28 10:52:13.675688330,QUERY_SPREAD,60
2019-06-28 10:52:13.675688330,BEST_BID,"JPM,99113,195"
2019-06-28 10:52:13.675688330,BEST_ASK,"JPM,101055,100"
2019-06-28 10:52:20.000000000,QUERY_SPREAD,1
2019-06-28 10:52:20.000000000,BEST_BID,"JPM,99113,380"
2019-06-28 10:52:20.000000000,BEST_ASK,"JPM,101055,100"
2019-06-28 10:52:20.000000000,BEST_BID,"JPM,99113,380"
2019-06-28 10:52:20.000000000,BEST_ASK,"JPM,101055,380"
2019-06-28 10:52:23.215523839,QUERY_SPREAD,17
2019-06-28 10:52:23.215523839,BEST_BID,"JPM,99113,380"
2019-06-28 10:52:23.215523839,BEST_ASK,"JPM,99359,100"
2019-06-28 10:52:30.000000000,QUERY_SPREAD,1
2019-06-28 10:52:30.000000000,BEST_BID,"JPM,99113,195"
2019-06-28 10:52:30.000000000,BEST_ASK,"JPM,99359,100"
2019-06-28 10:52:30.000000000,BEST_BID,"JPM,99113,195"
2019-06-28 10:52:30.000000000,BEST_ASK,"JPM,99359,100"
2019-06-28 10:52:30.000000000,BEST_BID,"JPM,99113,195"
2019-06-28 10:52:30.000000000,BEST_ASK,"JPM,99359,100"
2019-06-28 10:52:30.000000000,BEST_BID,"JPM,99113,195"
2019-06-28 10:52:30.000000000,BEST_ASK,"JPM,99359,195"
2019-06-28 10:52:30.000000000,BEST_BID,"JPM,99113,195"
2019-06-28 10:52:30.000000000,BEST_ASK,"JPM,99359,195"
2019-06-28 10:52:30.000000000,BEST_BID,"JPM,99113,195"
2019-06-28 10:52:30.000000000,BEST_ASK,"JPM,99359,195"
2019-06-28 10:52:34.144493124,QUERY_SPREAD,9
2019-06-28 10:52:34.144493124,BEST_BID,"JPM,99113,95"
2019-06-28 10:52:34.144493124,BEST_ASK,"JPM,99359,195"
2019-06-28 10:52:34.144493124,LAST_TRADE,"100,$99113.0000"
2019-06-28 10:52:40.000000000,QUERY_SPREAD,1
2019-06-28 10:52:40.000000000,BEST_BID,"JPM,98451,240"
2019-06-28 10:52:40.000000000,BEST_ASK,"JPM,99359,100"
2019-06-28 10:52:40.000000000,BEST_BID,"JPM,98451,240"
2019-06-28 10:52:40.000000000,BEST_ASK,"JPM,99359,100"
2019-06-28 10:52:40.000000000,BEST_BID,"JPM,98451,240"
2019-06-28 10:52:40.000000000,BEST_ASK,"JPM,99359,240"
2019-06-28 10:52:40.000000000,BEST_BID,"JPM,98451,240"
2019-06-28 10:52:40.000000000,BEST_ASK,"JPM,99359,240"
2019-06-28 10:52:49.019922725,QUERY_SPREAD,10
2019-06-28 10:52:49.019922725,BEST_BID,"JPM,99155,100"
2019-06-28 10:52:49.019922725,BEST_ASK,"JPM,99359,240"
2019-06-28 10:52:50.000000000,QUERY_SPREAD,1
2019-06-28 10:52:50.000000000,BEST_BID,"JPM,99155,195"
2019-06-28 10:52:50.000000000,BEST_ASK,"JPM,99359,100"
2019-06-28 10:52:50.000000000,BEST_BID,"JPM,99155,195"
2019-06-28 10:52:50.000000000,BEST_ASK,"JPM,99359,100"
2019-06-28 10:52:50.000000000,BEST_BID,"JPM,99155,195"
2019-06-28 10:52:50.000000000,BEST_ASK,"JPM,99359,100"
2019-06-28 10:52:50.000000000,BEST_BID,"JPM,99155,195"
2019-06-28 10:52:50.000000000,BEST_ASK,"JPM,99359,195"
2019-06-28 10:52:50.000000000,BEST_BID,"JPM,99155,195"
2019-06-28 10:52:50.000000000,BEST_ASK,"JPM,99359,195"
2019-06-28 10:52:50.000000000,BEST_BID,"JPM,99155,195"
2019-06-28 10:52:50.000000000,BEST_ASK,"JPM,99359,195"
2019-06-28 10:52:51.959522846,QUERY_SPREAD,36
2019-06-28 10:52:51.959522846,BEST_BID,"JPM,99155,195"
2019-06-28 10:52:51.959522846,BEST_ASK,"JPM,99359,195"
2019-06-28 10:52:53.664819982,QUERY_ORDER_STREAM,69
2019-06-28 10:52:53.664819982,QUERY_SPREAD,69
2019-06-28 10:52:58.378871073,QUERY_SPREAD,26
2019-06-28 10:52:58.378871073,BEST_BID,"JPM,99155,195"
2019-06-28 10:52:58.378871073,BEST_ASK,"JPM,99359,195"
2019-06-28 10:53:00.000000000,QUERY_SPREAD,1
2019-06-28 10:53:00.000000000,BEST_BID,"JPM,99155,240"
2019-06-28 10:53:00.000000000,BEST_ASK,"JPM,99359,100"
2019-06-28 10:53:00.000000000,BEST_BID,"JPM,99155,240"
2019-06-28 10:53:00.000000000,BEST_ASK,"JPM,99359,100"
2019-06-28 10:53:00.000000000,BEST_BID,"JPM,99155,240"
2019-06-28 10:53:00.000000000,BEST_ASK,"JPM,99359,240"
2019-06-28 10:53:00.000000000,BEST_BID,"JPM,99155,240"
2019-06-28 10:53:00.000000000,BEST_ASK,"JPM,99359,240"
2019-06-28 10:53:00.000000000,QUERY_SPREAD,77
2019-06-28 10:53:00.000000000,BEST_BID,"JPM,99155,240"
2019-06-28 10:53:00.000000000,BEST_ASK,"JPM,99359,239"
2019-06-28 10:53:00.000000000,LAST_TRADE,"1,$99359.0000"
2019-06-28 10:53:00.000000000,QUERY_SPREAD,78
2019-06-28 10:53:00.000000000,BEST_BID,"JPM,99155,240"
2019-06-28 10:53:00.000000000,BEST_ASK,"JPM,99359,235"
2019-06-28 10:53:00.000000000,LAST_TRADE,"4,$99359.0000"
2019-06-28 10:53:00.000000000,QUERY_SPREAD,79
2019-06-28 10:53:00.000000000,BEST_BID,"JPM,99155,240"
2019-06-28 10:53:00.000000000,BEST_ASK,"JPM,99359,229"
2019-06-28 10:53:00.000000000,LAST_TRADE,"6,$99359.0000"
2019-06-28 10:53:00.000000000,QUERY_SPREAD,80
2019-06-28 10:53:00.000000000,BEST_BID,"JPM,99155,240"
2019-06-28 10:53:00.000000000,BEST_ASK,"JPM,99359,224"
2019-06-28 10:53:00.000000000,LAST_TRADE,"5,$99359.0000"
2019-06-28 10:53:00.000000000,QUERY_SPREAD,81
2019-06-28 10:53:00.000000000,BEST_BID,"JPM,99155,240"
2019-06-28 10:53:00.000000000,BEST_ASK,"JPM,99359,216"
2019-06-28 10:53:00.000000000,LAST_TRADE,"8,$99359.0000"
2019-06-28 10:53:00.000000000,QUERY_SPREAD,82
2019-06-28 10:53:00.000000000,BEST_BID,"JPM,99155,240"
2019-06-28 10:53:00.000000000,BEST_ASK,"JPM,99359,208"
2019-06-28 10:53:00.000000000,LAST_TRADE,"8,$99359.0000"
2019-06-28 10:53:00.000000000,QUERY_SPREAD,83
2019-06-28 10:53:00.000000000,BEST_BID,"JPM,99155,240"
2019-06-28 10:53:00.000000000,BEST_ASK,"JPM,99359,206"
2019-06-28 10:53:00.000000000,LAST_TRADE,"2,$99359.0000"
2019-06-28 10:53:00.000000000,QUERY_SPREAD,84
2019-06-28 10:53:00.000000000,BEST_BID,"JPM,99155,240"
2019-06-28 10:53:00.000000000,BEST_ASK,"JPM,99359,205"
2019-06-28 10:53:00.000000000,LAST_TRADE,"1,$99359.0000"
2019-06-28 10:53:00.000000000,QUERY_SPREAD,85
2019-06-28 10:53:00.000000000,BEST_BID,"JPM,99155,240"
2019-06-28 10:53:00.000000000,BEST_ASK,"JPM,99359,204"
2019-06-28 10:53:00.000000000,LAST_TRADE,"1,$99359.0000"
2019-06-28 10:53:00.000000000,QUERY_SPREAD,86
2019-06-28 10:53:00.000000000,BEST_BID,"JPM,99155,240"
2019-06-28 10:53:00.000000000,BEST_ASK,"JPM,99359,198"
2019-06-28 10:53:00.000000000,LAST_TRADE,"6,$99359.0000"
2019-06-28 10:53:00.000000000,QUERY_SPREAD,87
2019-06-28 10:53:00.000000000,BEST_BID,"JPM,99155,240"
2019-06-28 10:53:00.000000000,BEST_ASK,"JPM,99359,195"
2019-06-28 10:53:00.000000000,LAST_TRADE,"3,$99359.0000"
2019-06-28 10:53:00.000000000,QUERY_SPREAD,88
2019-06-28 10:53:00.000000000,BEST_BID,"JPM,99155,240"
2019-06-28 10:53:00.000000000,BEST_ASK,"JPM,99359,191"
2019-06-28 10:53:00.000000000,LAST_TRADE,"4,$99359.0000"
2019-06-28 10:53:00.000000000,QUERY_SPREAD,89
2019-06-28 10:53:00.000000000,BEST_BID,"JPM,99155,240"
2019-06-28 10:53:00.000000000,BEST_ASK,"JPM,99359,187"
2019-06-28 10:53:00.000000000,LAST_TRADE,"4,$99359.0000"
2019-06-28 10:53:00.000000000,QUERY_SPREAD,90
2019-06-28 10:53:00.000000000,BEST_BID,"JPM,99155,240"
2019-06-28 10:53:00.000000000,BEST_ASK,"JPM,99359,180"
2019-06-28 10:53:00.000000000,LAST_TRADE,"7,$99359.0000"
2019-06-28 10:53:00.000000000,QUERY_SPREAD,91
2019-06-28 10:53:00.000000000,BEST_BID,"JPM,99155,240"
2019-06-28 10:53:00.000000000,BEST_ASK,"JPM,99359,172"
2019-06-28 10:53:00.000000000,LAST_TRADE,"8,$99359.0000"
2019-06-28 10:53:00.000000000,QUERY_SPREAD,92
2019-06-28 10:53:00.000000000,BEST_BID,"JPM,99155,240"
2019-06-28 10:53:00.000000000,BEST_ASK,"JPM,99359,167"
2019-06-28 10:53:00.000000000,LAST_TRADE,"5,$99359.0000"
2019-06-28 10:53:00.000000000,QUERY_SPREAD,93
2019-06-28 10:53:00.000000000,BEST_BID,"JPM,99155,240"
2019-06-28 10:53:00.000000000,BEST_ASK,"JPM,99359,164"
2019-06-28 10:53:00.000000000,LAST_TRADE,"3,$99359.0000"
2019-06-28 10:53:00.000000000,QUERY_SPREAD,94
2019-06-28 10:53:00.000000000,BEST_BID,"JPM,99155,240"
2019-06-28 10:53:00.000000000,BEST_ASK,"JPM,99359,160"
2019-06-28 10:53:00.000000000,LAST_TRADE,"4,$99359.0000"
2019-06-28 10:53:00.000000000,QUERY_SPREAD,95
2019-06-28 10:53:00.000000000,BEST_BID,"JPM,99155,240"
2019-06-28 10:53:00.000000000,BEST_ASK,"JPM,99359,155"
2019-06-28 10:53:00.000000000,LAST_TRADE,"5,$99359.0000"
2019-06-28 10:53:00.000000000,QUERY_SPREAD,96
2019-06-28 10:53:00.000000000,BEST_BID,"JPM,99155,240"
2019-06-28 10:53:00.000000000,BEST_ASK,"JPM,99359,154"
2019-06-28 10:53:00.000000000,LAST_TRADE,"1,$99359.0000"
2019-06-28 10:53:00.000000000,QUERY_SPREAD,97
2019-06-28 10:53:00.000000000,BEST_BID,"JPM,99155,240"
2019-06-28 10:53:00.000000000,BEST_ASK,"JPM,99359,147"
2019-06-28 10:53:00.000000000,LAST_TRADE,"7,$99359.0000"
2019-06-28 10:53:00.000000000,QUERY_SPREAD,98
2019-06-28 10:53:00.000000000,BEST_BID,"JPM,99155,240"
2019-06-28 10:53:00.000000000,BEST_ASK,"JPM,99359,141"
2019-06-28 10:53:00.000000000,LAST_TRADE,"6,$99359.0000"
2019-06-28 10:53:00.000000000,QUERY_SPREAD,99
2019-06-28 10:53:00.000000000,BEST_BID,"JPM,99155,240"
2019-06-28 10:53:00.000000000,BEST_ASK,"JPM,99359,136"
2019-06-28 10:53:00.000000000,LAST_TRADE,"5,$99359.0000"
2019-06-28 10:53:00.000000000,QUERY_SPREAD,100
2019-06-28 10:53:00.000000000,BEST_BID,"JPM,99155,240"
2019-06-28 10:53:00.000000000,BEST_ASK,"JPM,99359,129"
2019-06-28 10:53:00.000000000,LAST_TRADE,"7,$99359.0000"
2019-06-28 10:53:00.000000000,QUERY_SPREAD,101
2019-06-28 10:53:00.000000000,QUERY_ORDER_STREAM,101
2019-06-28 10:53:00.733496489,QUERY_SPREAD,13
2019-06-28 10:53:00.733496489,BEST_BID,"JPM,99321,100"
2019-06-28 10:53:00.733496489,BEST_ASK,"JPM,99359,129"
2019-06-28 10:53:10.000000000,QUERY_SPREAD,1
2019-06-28 10:53:10.000000000,BEST_BID,"JPM,99321,170"
2019-06-28 10:53:10.000000000,BEST_ASK,"JPM,99399,100"
2019-06-28 10:53:10.000000000,BEST_BID,"JPM,99321,170"
2019-06-28 10:53:10.000000000,BEST_ASK,"JPM,99399,100"
2019-06-28 10:53:10.000000000,BEST_BID,"JPM,99321,170"
2019-06-28 10:53:10.000000000,BEST_ASK,"JPM,99399,100"
2019-06-28 10:53:10.000000000,BEST_BID,"JPM,99321,170"
2019-06-28 10:53:10.000000000,BEST_ASK,"JPM,99399,100"
2019-06-28 10:53:10.000000000,BEST_BID,"JPM,99321,170"
2019-06-28 10:53:10.000000000,BEST_ASK,"JPM,99399,170"
2019-06-28 10:53:10.000000000,BEST_BID,"JPM,99321,170"
2019-06-28 10:53:10.000000000,BEST_ASK,"JPM,99399,170"
2019-06-28 10:53:10.000000000,BEST_BID,"JPM,99321,170"
2019-06-28 10:53:10.000000000,BEST_ASK,"JPM,99399,170"
2019-06-28 10:53:10.000000000,BEST_BID,"JPM,99321,170"
2019-06-28 10:53:10.000000000,BEST_ASK,"JPM,99399,170"
2019-06-28 10:53:20.000000000,QUERY_SPREAD,1
2019-06-28 10:53:20.000000000,BEST_BID,"JPM,99321,195"
2019-06-28 10:53:20.000000000,BEST_ASK,"JPM,99399,100"
2019-06-28 10:53:20.000000000,BEST_BID,"JPM,99321,195"
2019-06-28 10:53:20.000000000,BEST_ASK,"JPM,99399,100"
2019-06-28 10:53:20.000000000,BEST_BID,"JPM,99321,195"
2019-06-28 10:53:20.000000000,BEST_ASK,"JPM,99399,100"
2019-06-28 10:53:20.000000000,BEST_BID,"JPM,99321,195"
2019-06-28 10:53:20.000000000,BEST_ASK,"JPM,99399,195"
2019-06-28 10:53:20.000000000,BEST_BID,"JPM,99321,195"
2019-06-28 10:53:20.000000000,BEST_ASK,"JPM,99399,195"
2019-06-28 10:53:20.000000000,BEST_BID,"JPM,99321,195"
2019-06-28 10:53:20.000000000,BEST_ASK,"JPM,99399,195"
2019-06-28 10:53:21.935307883,QUERY_ORDER_STREAM,62
2019-06-28 10:53:21.935307883,QUERY_SPREAD,62
2019-06-28 10:53:25.254829065,QUERY_SPREAD,50
2019-06-28 10:53:25.254829065,BEST_BID,"JPM,99321,195"
2019-06-28 10:53:25.254829065,BEST_ASK,"JPM,99399,195"
2019-06-28 10:53:28.016096530,QUERY_ORDER_STREAM,68
2019-06-28 10:53:28.016096530,QUERY_SPREAD,68
2019-06-28 10:53:28.016096530,BEST_BID,"JPM,99321,195"
2019-06-28 10:53:28.016096530,BEST_ASK,"JPM,99359,100"
2019-06-28 10:53:28.527824721,QUERY_SPREAD,38
2019-06-28 10:53:28.527824721,BEST_BID,"JPM,99321,195"
2019-06-28 10:53:28.527824721,BEST_ASK,"JPM,99359,100"
2019-06-28 10:53:28.863384796,QUERY_ORDER_STREAM,71
2019-06-28 10:53:28.863384796,QUERY_SPREAD,71
2019-06-28 10:53:28.863384796,BEST_BID,"JPM,99321,195"
2019-06-28 10:53:28.863384796,BEST_ASK,"JPM,99399,195"
2019-06-28 10:53:28.863384796,LAST_TRADE,"100,$99359.0000"
2019-06-28 10:53:30.000000000,QUERY_SPREAD,1
2019-06-28 10:53:30.000000000,BEST_BID,"JPM,99321,170"
2019-06-28 10:53:30.000000000,BEST_ASK,"JPM,99399,100"
2019-06-28 10:53:30.000000000,BEST_BID,"JPM,99321,170"
2019-06-28 10:53:30.000000000,BEST_ASK,"JPM,99399,100"
2019-06-28 10:53:30.000000000,BEST_BID,"JPM,99321,170"
2019-06-28 10:53:30.000000000,BEST_ASK,"JPM,99399,100"
2019-06-28 10:53:30.000000000,BEST_BID,"JPM,99321,170"
2019-06-28 10:53:30.000000000,BEST_ASK,"JPM,99399,100"
2019-06-28 10:53:30.000000000,BEST_BID,"JPM,99321,170"
2019-06-28 10:53:30.000000000,BEST_ASK,"JPM,99399,170"
2019-06-28 10:53:30.000000000,BEST_BID,"JPM,99321,170"
2019-06-28 10:53:30.000000000,BEST_ASK,"JPM,99399,170"
2019-06-28 10:53:30.000000000,BEST_BID,"JPM,99321,170"
2019-06-28 10:53:30.000000000,BEST_ASK,"JPM,99399,170"
2019-06-28 10:53:30.000000000,BEST_BID,"JPM,99321,170"
2019-06-28 10:53:30.000000000,BEST_ASK,"JPM,99399,170"
2019-06-28 10:53:40.000000000,QUERY_SPREAD,1
2019-06-28 10:53:40.000000000,BEST_BID,"JPM,99321,156"
2019-06-28 10:53:40.000000000,BEST_ASK,"JPM,99399,100"
2019-06-28 10:53:40.000000000,BEST_BID,"JPM,99321,156"
2019-06-28 10:53:40.000000000,BEST_ASK,"JPM,99399,100"
2019-06-28 10:53:40.000000000,BEST_BID,"JPM,99321,156"
2019-06-28 10:53:40.000000000,BEST_ASK,"JPM,99399,100"
2019-06-28 10:53:40.000000000,BEST_BID,"JPM,99321,156"
2019-06-28 10:53:40.000000000,BEST_ASK,"JPM,99399,100"
2019-06-28 10:53:40.000000000,BEST_BID,"JPM,99321,156"
2019-06-28 10:53:40.000000000,BEST_ASK,"JPM,99399,100"
2019-06-28 10:53:40.000000000,BEST_BID,"JPM,99321,156"
2019-06-28 10:53:40.000000000,BEST_ASK,"JPM,99399,156"
2019-06-28 10:53:40.000000000,BEST_BID,"JPM,99321,156"
2019-06-28 10:53:40.000000000,BEST_ASK,"JPM,99399,156"
2019-06-28 10:53:40.000000000,BEST_BID,"JPM,99321,156"
2019-06-28 10:53:40.000000000,BEST_ASK,"JPM,99399,156"
2019-06-28 10:53:40.000000000,BEST_BID,"JPM,99321,156"
2019-06-28 10:53:40.000000000,BEST_ASK,"JPM,99399,156"
2019-06-28 10:53:40.000000000,BEST_BID,"JPM,99321,156"
2019-06-28 10:53:40.000000000,BEST_ASK,"JPM,99399,156"
2019-06-28 10:53:40.429745154,QUERY_SPREAD,5
2019-06-28 10:53:40.429745154,BEST_BID,"JPM,99360,100"
2019-06-28 10:53:40.429745154,BEST_ASK,"JPM,99399,156"
2019-06-28 10:53:50.000000000,QUERY_SPREAD,1
2019-06-28 10:53:50.000000000,BEST_BID,"JPM,99360,156"
2019-06-28 10:53:50.000000000,BEST_ASK,"JPM,99399,100"
2019-06-28 10:53:50.000000000,BEST_BID,"JPM,99360,156"
2019-06-28 10:53:50.000000000,BEST_ASK,"JPM,99399,100"
2019-06-28 10:53:50.000000000,BEST_BID,"JPM,99360,156"
2019-06-28 10:53:50.000000000,BEST_ASK,"JPM,99399,100"
2019-06-28 10:53:50.000000000,BEST_BID,"JPM,99360,156"
2019-06-28 10:53:50.000000000,BEST_ASK,"JPM,99399,100"
2019-06-28 10:53:50.000000000,BEST_BID,"JPM,99360,156"
2019-06-28 10:53:50.000000000,BEST_ASK,"JPM,99399,100"
2019-06-28 10:53:50.000000000,BEST_BID,"JPM,99360,156"
2019-06-28 10:53:50.000000000,BEST_ASK,"JPM,99399,156"
2019-06-28 10:53:50.000000000,BEST_BID,"JPM,99360,156"
2019-06-28 10:53:50.000000000,BEST_ASK,"JPM,99399,156"
2019-06-28 10:53:50.000000000,BEST_BID,"JPM,99360,156"
2019-06-28 10:53:50.000000000,BEST_ASK,"JPM,99399,156"
2019-06-28 10:53:50.000000000,BEST_BID,"JPM,99360,156"
2019-06-28 10:53:50.000000000,BEST_ASK,"JPM,99399,156"
2019-06-28 10:53:50.000000000,BEST_BID,"JPM,99360,156"
2019-06-28 10:53:50.000000000,BEST_ASK,"JPM,99399,156"
2019-06-28 10:53:58.417982181,QUERY_SPREAD,6
2019-06-28 10:53:58.417982181,BEST_BID,"JPM,99360,156"
2019-06-28 10:53:58.417982181,BEST_ASK,"JPM,99399,56"
2019-06-28 10:53:58.417982181,LAST_TRADE,"100,$99399.0000"
2019-06-28 10:54:00.000000000,QUERY_SPREAD,1
2019-06-28 10:54:00.000000000,BEST_BID,"JPM,99360,195"
2019-06-28 10:54:00.000000000,BEST_ASK,"JPM,99486,100"
2019-06-28 10:54:00.000000000,BEST_BID,"JPM,99360,195"
2019-06-28 10:54:00.000000000,BEST_ASK,"JPM,99486,100"
2019-06-28 10:54:00.000000000,BEST_BID,"JPM,99360,195"
2019-06-28 10:54:00.000000000,BEST_ASK,"JPM,99486,100"
2019-06-28 10:54:00.000000000,BEST_BID,"JPM,99360,195"
2019-06-28 10:54:00.000000000,BEST_ASK,"JPM,99486,195"
2019-06-28 10:54:00.000000000,BEST_BID,"JPM,99360,195"
2019-06-28 10:54:00.000000000,BEST_ASK,"JPM,99486,195"
2019-06-28 10:54:00.000000000,BEST_BID,"JPM,99360,195"
2019-06-28 10:54:00.000000000,BEST_ASK,"JPM,99486,195"
2019-06-28 10:54:00.000000000,QUERY_SPREAD,77
2019-06-28 10:54:00.000000000,BEST_BID,"JPM,99360,195"
2019-06-28 10:54:00.000000000,BEST_ASK,"JPM,99486,194"
2019-06-28 10:54:00.000000000,LAST_TRADE,"1,$99486.0000"
2019-06-28 10:54:00.000000000,QUERY_SPREAD,78
2019-06-28 10:54:00.000000000,BEST_BID,"JPM,99360,195"
2019-06-28 10:54:00.000000000,BEST_ASK,"JPM,99486,190"
2019-06-28 10:54:00.000000000,LAST_TRADE,"4,$99486.0000"
2019-06-28 10:54:00.000000000,QUERY_SPREAD,79
2019-06-28 10:54:00.000000000,BEST_BID,"JPM,99360,195"
2019-06-28 10:54:00.000000000,BEST_ASK,"JPM,99486,184"
2019-06-28 10:54:00.000000000,LAST_TRADE,"6,$99486.0000"
2019-06-28 10:54:00.000000000,QUERY_SPREAD,80
2019-06-28 10:54:00.000000000,BEST_BID,"JPM,99360,195"
2019-06-28 10:54:00.000000000,BEST_ASK,"JPM,99486,179"
2019-06-28 10:54:00.000000000,LAST_TRADE,"5,$99486.0000"
2019-06-28 10:54:00.000000000,QUERY_SPREAD,81
2019-06-28 10:54:00.000000000,BEST_BID,"JPM,99360,195"
2019-06-28 10:54:00.000000000,BEST_ASK,"JPM,99486,171"
2019-06-28 10:54:00.000000000,LAST_TRADE,"8,$99486.0000"
2019-06-28 10:54:00.000000000,QUERY_SPREAD,82
2019-06-28 10:54:00.000000000,BEST_BID,"JPM,99360,195"
2019-06-28 10:54:00.000000000,BEST_ASK,"JPM,99486,163"
2019-06-28 10:54:00.000000000,LAST_TRADE,"8,$99486.0000"
2019-06-28 10:54:00.000000000,QUERY_SPREAD,83
2019-06-28 10:54:00.000000000,BEST_BID,"JPM,99360,195"
2019-06-28 10:54:00.000000000,BEST_ASK,"JPM,99486,161"
2019-06-28 10:54:00.000000000,LAST_TRADE,"2,$99486.0000"
2019-06-28 10:54:00.000000000,QUERY_SPREAD,84
2019-06-28 10:54:00.000000000,BEST_BID,"JPM,99360,195"
2019-06-28 10:54:00.000000000,BEST_ASK,"JPM,99486,160"
2019-06-28 10:54:00.000000000,LAST_TRADE,"1,$99486.0000"
2019-06-28 10:54:00.000000000,QUERY_SPREAD,85
2019-06-28 10:54:00.000000000,BEST_BID,"JPM,99360,195"
2019-06-28 10:54:00.000000000,BEST_ASK,"JPM,99486,159"
2019-06-28 10:54:00.000000000,LAST_TRADE,"1,$99486.0000"
2019-06-28 10:54:00.000000000,QUERY_SPREAD,86
2019-06-28 10:54:00.000000000,BEST_BID,"JPM,99360,195"
2019-06-28 10:54:00.000000000,BEST_ASK,"JPM,99486,153"
2019-06-28 10:54:00.000000000,LAST_TRADE,"6,$99486.0000"
2019-06-28 10:54:00.000000000,QUERY_SPREAD,87
2019-06-28 10:54:00.000000000,BEST_BID,"JPM,99360,195"
2019-06-28 10:54:00.000000000,BEST_ASK,"JPM,99486,150"
2019-06-28 10:54:00.000000000,LAST_TRADE,"3,$99486.0000"
2019-06-28 10:54:00.000000000,QUERY_SPREAD,88
2019-06-28 10:54:00.000000000,BEST_BID,"JPM,99360,195"
2019-06-28 10:54:00.000000000,BEST_ASK,"JPM,99486,146"
2019-06-28 10:54:00.000000000,LAST_TRADE,"4,$99486.0000"
2019-06-28 10:54:00.000000000,QUERY_SPREAD,89
2019-06-28 10:54:00.000000000,BEST_BID,"JPM,99360,195"
2019-06-28 10:54:00.000000000,BEST_ASK,"JPM,99486,142"
2019-06-28 10:54:00.000000000,LAST_TRADE,"4,$99486.0000"
2019-06-28 10:54:00.000000000,QUERY_SPREAD,90
2019-06-28 10:54:00.000000000,BEST_BID,"JPM,99360,195"
2019-06-28 10:54:00.000000000,BEST_ASK,"JPM,99486,135"
2019-06-28 10:54:00.000000000,LAST_TRADE,"7,$99486.0000"
2019-06-28 10:54:00.000000000,QUERY_SPREAD,91
2019-06-28 10:54:00.000000000,BEST_BID,"JPM,99360,195"
2019-06-28 10:54:00.000000000,BEST_ASK,"JPM,99486,127"
2019-06-28 10:54:00.000000000,LAST_TRADE,"8,$99486.0000"
2019-06-28 10:54:00.000000000,QUERY_SPREAD,92
2019-06-28 10:54:00.000000000,BEST_BID,"JPM,99360,195"
2019-06-28 10:54:00.000000000,BEST_ASK,"JPM,99486,122"
2019-06-28 10:54:00.000000000,LAST_TRADE,"5,$99486.0000"
2019-06-28 10:54:00.000000000,QUERY_SPREAD,93
2019-06-28 10:54:00.000000000,BEST_BID,"JPM,99360,195"
2019-06-28 10:54:00.000000000,BEST_ASK,"JPM,99486,119"
2019-06-28 10:54:00.000000000,LAST_TRADE,"3,$99486.0000"
2019-06-28 10:54:00.000000000,QUERY_SPREAD,94
2019-06-28 10:54:00.000000000,BEST_BID,"JPM,99360,195"
2019-06-28 10:54:00.000000000,BEST_ASK,"JPM,99486,115"
2019-06-28 10:54:00.000000000,LAST_TRADE,"4,$99486.0000"
2019-06-28 10:54:00.000000000,QUERY_SPREAD,95
2019-06-28 10:54:00.000000000,BEST_BID,"JPM,99360,195"
2019-06-28 10:54:00.000000000,BEST_ASK,"JPM,99486,110"
2019-06-28 10:54:00.000000000,LAST_TRADE,"5,$99486.0000"
2019-06-28 10:54:00.000000000,QUERY_SPREAD,96
2019-06-28 10:54:00.000000000,BEST_BID,"JPM,99360,195"
2019-06-28 10:54:00.000000000,BEST_ASK,"JPM,99486,109"
2019-06-28 10:54:00.000000000,LAST_TRADE,"1,$99486.0000"
2019-06-28 10:54:00.000000000,QUERY_SPREAD,97
2019-06-28 10:54:00.000000000,BEST_BID,"JPM,99360,195"
2019-06-28 10:54:00.000000000,BEST_ASK,"JPM,99486,102"
2019-06-28 10:54:00.000000000,LAST_TRADE,"7,$99486.0000"
2019-06-28 10:54:00.000000000,QUERY_SPREAD,98
2019-06-28 10:54:00.000000000,BEST_BID,"JPM,99360,195"
2019-06-28 10:54:00.000000000,BEST_ASK,"JPM,99486,96"
2019-06-28 10:54:00.000000000,LAST_TRADE,"6,$99486.0000"
2019-06-28 10:54:00.000000000,QUERY_SPREAD,99
2019-06-28 10:54:00.000000000,BEST_BID,"JPM,99360,195"
2019-06-28 10:54:00.000000000,BEST_ASK,"JPM,99486,91"
2019-06-28 10:54:00.000000000,LAST_TRADE,"5,$99486.0000"
2019-06-28 10:54:00.000000000,QUERY_SPREAD,100
2019-06-28 10:54:00.000000000,BEST_BID,"JPM,99360,195"
2019-06-28 10:54:00.000000000,BEST_ASK,"JPM,99486,84"
2019-06-28 10:54:00.000000000,LAST_TRADE,"7,$99486.0000"
2019-06-28 10:54:00.000000000,QUERY_SPREAD,101
2019-06-28 10:54:00.000000000,QUERY_ORDER_STREAM,101
2019-06-28 10:54:10.000000000,QUERY_SPREAD,1
2019-06-28 10:54:10.000000000,BEST_BID,"JPM,99360,240"
2019-06-28 10:54:10.000000000,BEST_ASK,"JPM,101055,100"
2019-06-28 10:54:10.000000000,BEST_BID,"JPM,99360,240"
2019-06-28 10:54:10.000000000,BEST_ASK,"JPM,101055,100"
2019-06-28 10:54:10.000000000,BEST_BID,"JPM,99360,240"
2019-06-28 10:54:10.000000000,BEST_ASK,"JPM,101055,240"
2019-06-28 10:54:10.000000000,BEST_BID,"JPM,99360,240"
2019-06-28 10:54:10.000000000,BEST_ASK,"JPM,101055,240"
2019-06-28 10:54:20.000000000,QUERY_SPREAD,1
2019-06-28 10:54:20.000000000,BEST_BID,"JPM,99360,195"
2019-06-28 10:54:20.000000000,BEST_ASK,"JPM,101055,100"
2019-06-28 10:54:20.000000000,BEST_BID,"JPM,99360,195"
2019-06-28 10:54:20.000000000,BEST_ASK,"JPM,101055,100"
2019-06-28 10:54:20.000000000,BEST_BID,"JPM,99360,195"
2019-06-28 10:54:20.000000000,BEST_ASK,"JPM,101055,100"
2019-06-28 10:54:20.000000000,BEST_BID,"JPM,99360,195"
2019-06-28 10:54:20.000000000,BEST_ASK,"JPM,101055,195"
2019-06-28 10:54:20.000000000,BEST_BID,"JPM,99360,195"
2019-06-28 10:54:20.000000000,BEST_ASK,"JPM,101055,195"
2019-06-28 10:54:20.000000000,BEST_BID,"JPM,99360,195"
2019-06-28 10:54:20.000000000,BEST_ASK,"JPM,101055,195"
2019-06-28 10:54:30.000000000,QUERY_SPREAD,1
2019-06-28 10:54:30.000000000,BEST_BID,"JPM,99360,170"
2019-06-28 10:54:30.000000000,BEST_ASK,"JPM,101055,100"
2019-06-28 10:54:30.000000000,BEST_BID,"JPM,99360,170"
2019-06-28 10:54:30.000000000,BEST_ASK,"JPM,101055,100"
2019-06-28 10:54:30.000000000,BEST_BID,"JPM,99360,170"
2019-06-28 10:54:30.000000000,BEST_ASK,"JPM,101055,100"
2019-06-28 10:54:30.000000000,BEST_BID,"JPM,99360,170"
2019-06-28 10:54:30.000000000,BEST_ASK,"JPM,101055,100"
2019-06-28 10:54:30.000000000,BEST_BID,"JPM,99360,170"
2019-06-28 10:54:30.000000000,BEST_ASK,"JPM,101055,170"
2019-06-28 10:54:30.000000000,BEST_BID,"JPM,99360,170"
2019-06-28 10:54:30.000000000,BEST_ASK,"JPM,101055,170"
2019-06-28 10:54:30.000000000,BEST_BID,"JPM,99360,170"
2019-06-28 10:54:30.000000000,BEST_ASK,"JPM,101055,170"
2019-06-28 10:54:30.000000000,BEST_BID,"JPM,99360,170"
2019-06-28 10:54:30.000000000,BEST_ASK,"JPM,101055,170"
2019-06-28 10:54:38.589574398,QUERY_SPREAD,2
2019-06-28 10:54:38.589574398,BEST_BID,"JPM,99984,100"
2019-06-28 10:54:38.589574398,BEST_ASK,"JPM,101055,170"
2019-06-28 10:54:40.000000000,QUERY_SPREAD,1
2019-06-28 10:54:40.000000000,BEST_BID,"JPM,99984,240"
2019-06-28 10:54:40.000000000,BEST_ASK,"JPM,101055,100"
2019-06-28 10:54:40.000000000,BEST_BID,"JPM,99984,240"
2019-06-28 10:54:40.000000000,BEST_ASK,"JPM,101055,100"
2019-06-28 10:54:40.000000000,BEST_BID,"JPM,99984,240"
2019-06-28 10:54:40.000000000,BEST_ASK,"JPM,101055,240"
2019-06-28 10:54:40.000000000,BEST_BID,"JPM,99984,240"
2019-06-28 10:54:40.000000000,BEST_ASK,"JPM,101055,240"
2019-06-28 10:54:45.135407147,QUERY_ORDER_STREAM,58
2019-06-28 10:54:45.135407147,QUERY_SPREAD,58
2019-06-28 10:54:50.000000000,QUERY_SPREAD,1
2019-06-28 10:54:50.000000000,BEST_BID,"JPM,99984,195"
2019-06-28 10:54:50.000000000,BEST_ASK,"JPM,101055,100"
2019-06-28 10:54:50.000000000,BEST_BID,"JPM,99984,195"
2019-06-28 10:54:50.000000000,BEST_ASK,"JPM,101055,100"
2019-06-28 10:54:50.000000000,BEST_BID,"JPM,99984,195"
2019-06-28 10:54:50.000000000,BEST_ASK,"JPM,101055,100"
2019-06-28 10:54:50.000000000,BEST_BID,"JPM,99984,195"
2019-06-28 10:54:50.000000000,BEST_ASK,"JPM,101055,195"
2019-06-28 10:54:50.000000000,BEST_BID,"JPM,99984,195"
2019-06-28 10:54:50.000000000,BEST_ASK,"JPM,101055,195"
2019-06-28 10:54:50.000000000,BEST_BID,"JPM,99984,195"
2019-06-28 10:54:50.000000000,BEST_ASK,"JPM,101055,195"
2019-06-28 10:54:50.632340316,QUERY_SPREAD,7
2019-06-28 10:54:50.632340316,BEST_BID,"JPM,99984,195"
2019-06-28 10:54:50.632340316,BEST_ASK,"JPM,101055,195"
2019-06-28 10:55:00.000000000,QUERY_SPREAD,1
2019-06-28 10:55:00.000000000,BEST_BID,"JPM,99984,380"
2019-06-28 10:55:00.000000000,BEST_ASK,"JPM,101055,100"
2019-06-28 10:55:00.000000000,BEST_BID,"JPM,99984,380"
2019-06-28 10:55:00.000000000,BEST_ASK,"JPM,101055,380"
2019-06-28 10:55:00.000000000,QUERY_SPREAD,77
2019-06-28 10:55:00.000000000,BEST_BID,"JPM,99984,380"
2019-06-28 10:55:00.000000000,BEST_ASK,"JPM,101055,379"
2019-06-28 10:55:00.000000000,LAST_TRADE,"1,$101055.0000"
2019-06-28 10:55:00.000000000,QUERY_SPREAD,78
2019-06-28 10:55:00.000000000,BEST_BID,"JPM,99984,380"
2019-06-28 10:55:00.000000000,BEST_ASK,"JPM,101055,375"
2019-06-28 10:55:00.000000000,LAST_TRADE,"4,$101055.0000"
2019-06-28 10:55:00.000000000,QUERY_SPREAD,79
2019-06-28 10:55:00.000000000,BEST_BID,"JPM,99984,380"
2019-06-28 10:55:00.000000000,BEST_ASK,"JPM,101055,369"
2019-06-28 10:55:00.000000000,LAST_TRADE,"6,$101055.0000"
2019-06-28 10:55:00.000000000,QUERY_SPREAD,80
2019-06-28 10:55:00.000000000,BEST_BID,"JPM,99984,380"
2019-06-28 10:55:00.000000000,BEST_ASK,"JPM,101055,364"
2019-06-28 10:55:00.000000000,LAST_TRADE,"5,$101055.0000"
2019-06-28 10:55:00.000000000,QUERY_SPREAD,81
2019-06-28 10:55:00.000000000,BEST_BID,"JPM,99984,380"
2019-06-28 10:55:00.000000000,BEST_ASK,"JPM,101055,356"
2019-06-28 10:55:00.000000000,LAST_TRADE,"8,$101055.0000"
2019-06-28 10:55:00.000000000,QUERY_SPREAD,82
2019-06-28 10:55:00.000000000,BEST_BID,"JPM,99984,380"
2019-06-28 10:55:00.000000000,BEST_ASK,"JPM,101055,348"
2019-06-28 10:55:00.000000000,LAST_TRADE,"8,$101055.0000"
2019-06-28 10:55:00.000000000,QUERY_SPREAD,83
2019-06-28 10:55:00.000000000,BEST_BID,"JPM,99984,380"
2019-06-28 10:55:00.000000000,BEST_ASK,"JPM,101055,346"
2019-06-28 10:55:00.000000000,LAST_TRADE,"2,$101055.0000"
2019-06-28 10:55:00.000000000,QUERY_SPREAD,84
2019-06-28 10:55:00.000000000,BEST_BID,"JPM,99984,380"
2019-06-28 10:55:00.000000000,BEST_ASK,"JPM,101055,345"
2019-06-28 10:55:00.000000000,LAST_TRADE,"1,$101055.0000"
2019-06-28 10:55:00.000000000,QUERY_SPREAD,85
2019-06-28 10:55:00.000000000,BEST_BID,"JPM,99984,380"
2019-06-28 10:55:00.000000000,BEST_ASK,"JPM,101055,344"
2019-06-28 10:55:00.000000000,LAST_TRADE,"1,$101055.0000"
2019-06-28 10:55:00.000000000,QUERY_SPREAD,86
2019-06-28 10:55:00.000000000,BEST_BID,"JPM,99984,380"
2019-06-28 10:55:00.000000000,BEST_ASK,"JPM,101055,338"
2019-06-28 10:55:00.000000000,LAST_TRADE,"6,$101055.0000"
2019-06-28 10:55:00.000000000,QUERY_SPREAD,87
2019-06-28 10:55:00.000000000,BEST_BID,"JPM,99984,380"
2019-06-28 10:55:00.000000000,BEST_ASK,"JPM,101055,335"
2019-06-28 10:55:00.000000000,LAST_TRADE,"3,$101055.0000"
2019-06-28 10:55:00.000000000,QUERY_SPREAD,88
2019-06-28 10:55:00.000000000,BEST_BID,"JPM,99984,380"
2019-06-28 10:55:00.000000000,BEST_ASK,"JPM,101055,331"
2019-06-28 10:55:00.000000000,LAST_TRADE,"4,$101055.0000"
2019-06-28 10:55:00.000000000,QUERY_SPREAD,89
2019-06-28 10:55:00.000000000,BEST_BID,"JPM,99984,380"
2019-06-28 10:55:00.000000000,BEST_ASK,"JPM,101055,327"
2019-06-28 10:55:00.000000000,LAST_TRADE,"4,$101055.0000"
2019-06-28 10:55:00.000000000,QUERY_SPREAD,90
2019-06-28 10:55:00.000000000,BEST_BID,"JPM,99984,380"
2019-06-28 10:55:00.000000000,BEST_ASK,"JPM,101055,320"
2019-06-28 10:55:00.000000000,LAST_TRADE,"7,$101055.0000"
2019-06-28 10:55:00.000000000,QUERY_SPREAD,91
2019-06-28 10:55:00.000000000,BEST_BID,"JPM,99984,380"
2019-06-28 10:55:00.000000000,BEST_ASK,"JPM,101055,312"
2019-06-28 10:55:00.000000000,LAST_TRADE,"8,$101055.0000"
2019-06-28 10:55:00.000000000,QUERY_SPREAD,92
2019-06-28 10:55:00.000000000,BEST_BID,"JPM,99984,380"
2019-06-28 10:55:00.000000000,BEST_ASK,"JPM,101055,307"
2019-06-28 10:55:00.000000000,LAST_TRADE,"5,$101055.0000"
2019-06-28 10:55:00.000000000,QUERY_SPREAD,93
2019-06-28 10:55:00.000000000,BEST_BID,"JPM,99984,380"
2019-06-28 10:55:00.000000000,BEST_ASK,"JPM,101055,304"
2019-06-28 10:55:00.000000000,LAST_TRADE,"3,$101055.0000"
2019-06-28 10:55:00.000000000,QUERY_SPREAD,94
2019-06-28 10:55:00.000000000,BEST_BID,"JPM,99984,380"
2019-06-28 10:55:00.000000000,BEST_ASK,"JPM,101055,300"
2019-06-28 10:55:00.000000000,LAST_TRADE,"4,$101055.0000"
2019-06-28 10:55:00.000000000,QUERY_SPREAD,95
2019-06-28 10:55:00.000000000,BEST_BID,"JPM,99984,380"
2019-06-28 10:55:00.000000000,BEST_ASK,"JPM,101055,295"
2019-06-28 10:55:00.000000000,LAST_TRADE,"5,$101055.0000"
2019-06-28 10:55:00.000000000,QUERY_SPREAD,96
2019-06-28 10:55:00.000000000,BEST_BID,"JPM,99984,380"
2019-06-28 10:55:00.000000000,BEST_ASK,"JPM,101055,294"
2019-06-28 10:55:00.000000000,LAST_TRADE,"1,$101055.0000"
2019-06-28 10:55:00.000000000,QUERY_SPREAD,97
2019-06-28 10:55:00.000000000,BEST_BID,"JPM,99984,380"
2019-06-28 10:55:00.000000000,BEST_ASK,"JPM,101055,287"
2019-06-28 10:55:00.000000000,LAST_TRADE,"7,$101055.0000"
2019-06-28 10:55:00.000000000,QUERY_SPREAD,98
2019-06-28 10:55:00.000000000,BEST_BID,"JPM,99984,380"
2019-06-28 10:55:00.000000000,BEST_ASK,"JPM,101055,281"
2019-06-28 10:55:00.000000000,LAST_TRADE,"6,$101055.0000"
2019-06-28 10:55:00.000000000,QUERY_SPREAD,99
2019-06-28 10:55:00.000000000,BEST_BID,"JPM,99984,380"
2019-06-28 10:55:00.000000000,BEST_ASK,"JPM,101055,276"
2019-06-28 10:55:00.000000000,LAST_TRADE,"5,$101055.0000"
2019-06-28 10:55:00.000000000,QUERY_SPREAD,100
2019-06-28 10:55:00.000000000,BEST_BID,"JPM,99984,380"
2019-06-28 10:55:00.000000000,BEST_ASK,"JPM,101055,269"
2019-06-28 10:55:00.000000000,LAST_TRADE,"7,$101055.0000"
2019-06-28 10:55:00.000000000,QUERY_SPREAD,101
2019-06-28 10:55:00.000000000,QUERY_ORDER_STREAM,101
2019-06-28 10:55:05.818420830,QUERY_SPREAD,18
2019-06-28 10:55:05.818420830,BEST_BID,"JPM,99984,380"
2019-06-28 10:55:05.818420830,BEST_ASK,"JPM,101055,269"
2019-06-28 10:55:10.000000000,QUERY_SPREAD,1
2019-06-28 10:55:10.000000000,BEST_BID,"JPM,99984,170"
2019-06-28 10:55:10.000000000,BEST_ASK,"JPM,101056,70"
2019-06-28 10:55:10.000000000,BEST_BID,"JPM,99984,170"
2019-06-28 10:55:10.000000000,BEST_ASK,"JPM,101056,70"
2019-06-28 10:55:10.000000000,BEST_BID,"JPM,99984,170"
2019-06-28 10:55:10.000000000,BEST_ASK,"JPM,101056,70"
2019-06-28 10:55:10.000000000,BEST_BID,"JPM,99984,170"
2019-06-28 10:55:10.000000000,BEST_ASK,"JPM,101056,70"
2019-06-28 10:55:10.000000000,BEST_BID,"JPM,99984,170"
2019-06-28 10:55:10.000000000,BEST_ASK,"JPM,101056,140"
2019-06-28 10:55:10.000000000,BEST_BID,"JPM,99984,170"
2019-06-28 10:55:10.000000000,BEST_ASK,"JPM,101056,140"
2019-06-28 10:55:10.000000000,BEST_BID,"JPM,99984,170"
2019-06-28 10:55:10.000000000,BEST_ASK,"JPM,101056,140"
2019-06-28 10:55:10.000000000,BEST_BID,"JPM,99984,170"
2019-06-28 10:55:10.000000000,BEST_ASK,"JPM,101056,140"
2019-06-28 10:55:20.000000000,QUERY_SPREAD,1
2019-06-28 10:55:20.000000000,BEST_BID,"JPM,99984,170"
2019-06-28 10:55:20.000000000,BEST_ASK,"JPM,101056,70"
2019-06-28 10:55:20.000000000,BEST_BID,"JPM,99984,170"
2019-06-28 10:55:20.000000000,BEST_ASK,"JPM,101056,70"
2019-06-28 10:55:20.000000000,BEST_BID,"JPM,99984,170"
2019-06-28 10:55:20.000000000,BEST_ASK,"JPM,101056,70"
2019-06-28 10:55:20.000000000,BEST_BID,"JPM,99984,170"
2019-06-28 10:55:20.000000000,BEST_ASK,"JPM,101056,70"
2019-06-28 10:55:20.000000000,BEST_BID,"JPM,99984,170"
2019-06-28 10:55:20.000000000,BEST_ASK,"JPM,101056,140"
2019-06-28 10:55:20.000000000,BEST_BID,"JPM,99984,170"
2019-06-28 10:55:20.000000000,BEST_ASK,"JPM,101056,140"
2019-06-28 10:55:20.000000000,BEST_BID,"JPM,99984,170"
2019-06-28 10:55:20.000000000,BEST_ASK,"JPM,101056,140"
2019-06-28 10:55:20.000000000,BEST_BID,"JPM,99984,170"
2019-06-28 10:55:20.000000000,BEST_ASK,"JPM,101056,140"
2019-06-28 10:55:27.132815889,QUERY_SPREAD,34
2019-06-28 10:55:27.132815889,BEST_BID,"JPM,99984,170"
2019-06-28 10:55:27.132815889,BEST_ASK,"JPM,101056,140"
2019-06-28 10:55:27.595099629,QUERY_SPREAD,44
2019-06-28 10:55:27.595099629,BEST_BID,"JPM,99984,70"
2019-06-28 10:55:27.595099629,BEST_ASK,"JPM,101056,140"
2019-06-28 10:55:27.595099629,LAST_TRADE,"100,$99984.0000"
2019-06-28 10:55:30.000000000,QUERY_SPREAD,1
2019-06-28 10:55:30.000000000,BEST_BID,"JPM,99779,156"
2019-06-28 10:55:30.000000000,BEST_ASK,"JPM,101056,70"
2019-06-28 10:55:30.000000000,BEST_BID,"JPM,99779,156"
2019-06-28 10:55:30.000000000,BEST_ASK,"JPM,101056,70"
2019-06-28 10:55:30.000000000,BEST_BID,"JPM,99779,156"
2019-06-28 10:55:30.000000000,BEST_ASK,"JPM,101056,70"
2019-06-28 10:55:30.000000000,BEST_BID,"JPM,99779,156"
2019-06-28 10:55:30.000000000,BEST_ASK,"JPM,101056,70"
2019-06-28 10:55:30.000000000,BEST_BID,"JPM,99779,156"
2019-06-28 10:55:30.000000000,BEST_ASK,"JPM,101056,70"
2019-06-28 10:55:30.000000000,BEST_BID,"JPM,99779,156"
2019-06-28 10:55:30.000000000,BEST_ASK,"JPM,101056,126"
2019-06-28 10:55:30.000000000,BEST_BID,"JPM,99779,156"
2019-06-28 10:55:30.000000000,BEST_ASK,"JPM,101056,126"
2019-06-28 10:55:30.000000000,BEST_BID,"JPM,99779,156"
2019-06-28 10:55:30.000000000,BEST_ASK,"JPM,101056,126"
2019-06-28 10:55:30.000000000,BEST_BID,"JPM,99779,156"
2019-06-28 10:55:30.000000000,BEST_ASK,"JPM,101056,126"
2019-06-28 10:55:30.000000000,BEST_BID,"JPM,99779,156"
2019-06-28 10:55:30.000000000,BEST_ASK,"JPM,101056,126"
2019-06-28 10:55:40.000000000,QUERY_SPREAD,1
2019-06-28 10:55:40.000000000,BEST_BID,"JPM,99779,240"
2019-06-28 10:55:40.000000000,BEST_ASK,"JPM,101056,70"
2019-06-28 10:55:40.000000000,BEST_BID,"JPM,99779,240"
2019-06-28 10:55:40.000000000,BEST_ASK,"JPM,101056,70"
2019-06-28 10:55:40.000000000,BEST_BID,"JPM,99779,240"
2019-06-28 10:55:40.000000000,BEST_ASK,"JPM,101056,210"
2019-06-28 10:55:40.000000000,BEST_BID,"JPM,99779,240"
2019-06-28 10:55:40.000000000,BEST_ASK,"JPM,101056,210"
2019-06-28 10:55:49.699191329,QUERY_SPREAD,5
2019-06-28 10:55:49.699191329,BEST_BID,"JPM,99779,240"
2019-06-28 10:55:49.699191329,BEST_ASK,"JPM,100210,100"
2019-06-28 10:55:50.000000000,QUERY_SPREAD,1
2019-06-28 10:55:50.000000000,BEST_BID,"JPM,99779,380"
2019-06-28 10:55:50.000000000,BEST_ASK,"JPM,100210,100"
2019-06-28 10:55:50.000000000,BEST_BID,"JPM,99779,380"
2019-06-28 10:55:50.000000000,BEST_ASK,"JPM,100210,380"
2019-06-28 10:56:00.000000000,QUERY_SPREAD,1
2019-06-28 10:56:00.000000000,BEST_BID,"JPM,99779,380"
2019-06-28 10:56:00.000000000,BEST_ASK,"JPM,100210,100"
2019-06-28 10:56:00.000000000,BEST_BID,"JPM,99779,380"
2019-06-28 10:56:00.000000000,BEST_ASK,"JPM,100210,380"
2019-06-28 10:56:00.000000000,QUERY_SPREAD,77
2019-06-28 10:56:00.000000000,BEST_BID,"JPM,99779,380"
2019-06-28 10:56:00.000000000,BEST_ASK,"JPM,100210,379"
2019-06-28 10:56:00.000000000,LAST_TRADE,"1,$100210.0000"
2019-06-28 10:56:00.000000000,QUERY_SPREAD,78
2019-06-28 10:56:00.000000000,BEST_BID,"JPM,99779,380"
2019-06-28 10:56:00.000000000,BEST_ASK,"JPM,100210,375"
2019-06-28 10:56:00.000000000,LAST_TRADE,"4,$100210.0000"
2019-06-28 10:56:00.000000000,QUERY_SPREAD,79
2019-06-28 10:56:00.000000000,BEST_BID,"JPM,99779,380"
2019-06-28 10:56:00.000000000,BEST_ASK,"JPM,100210,369"
2019-06-28 10:56:00.000000000,LAST_TRADE,"6,$100210.0000"
2019-06-28 10:56:00.000000000,QUERY_SPREAD,80
2019-06-28 10:56:00.000000000,BEST_BID,"JPM,99779,380"
2019-06-28 10:56:00.000000000,BEST_ASK,"JPM,100210,364"
2019-06-28 10:56:00.000000000,LAST_TRADE,"5,$100210.0000"
2019-06-28 10:56:00.000000000,QUERY_SPREAD,81
2019-06-28 10:56:00.000000000,BEST_BID,"JPM,99779,380"
2019-06-28 10:56:00.000000000,BEST_ASK,"JPM,100210,356"
2019-06-28 10:56:00.000000000,LAST_TRADE,"8,$100210.0000"
2019-06-28 10:56:00.000000000,QUERY_SPREAD,82
2019-06-28 10:56:00.000000000,BEST_BID,"JPM,99779,380"
2019-06-28 10:56:00.000000000,BEST_ASK,"JPM,100210,348"
2019-06-28 10:56:00.000000000,LAST_TRADE,"8,$100210.0000"
2019-06-28 10:56:00.000000000,QUERY_SPREAD,83
2019-06-28 10:56:00.000000000,BEST_BID,"JPM,99779,380"
2019-06-28 10:56:00.000000000,BEST_ASK,"JPM,100210,346"
2019-06-28 10:56:00.000000000,LAST_TRADE,"2,$100210.0000"
2019-06-28 10:56:00.000000000,QUERY_SPREAD,84
2019-06-28 10:56:00.000000000,BEST_BID,"JPM,99779,380"
2019-06-28 10:56:00.000000000,BEST_ASK,"JPM,100210,345"
2019-06-28 10:56:00.000000000,LAST_TRADE,"1,$100210.0000"
2019-06-28 10:56:00.000000000,QUERY_SPREAD,85
2019-06-28 10:56:00.000000000,BEST_BID,"JPM,99779,380"
2019-06-28 10:56:00.000000000,BEST_ASK,"JPM,100210,344"
2019-06-28 10:56:00.000000000,LAST_TRADE,"1,$100210.0000"
2019-06-28 10:56:00.000000000,QUERY_SPREAD,86
2019-06-28 10:56:00.000000000,BEST_BID,"JPM,99779,380"
2019-06-28 10:56:00.000000000,BEST_ASK,"JPM,100210,338"
2019-06-28 10:56:00.000000000,LAST_TRADE,"6,$100210.0000"
2019-06-28 10:56:00.000000000,QUERY_SPREAD,87
2019-06-28 10:56:00.000000000,BEST_BID,"JPM,99779,380"
2019-06-28 10:56:00.000000000,BEST_ASK,"JPM,100210,335"
2019-06-28 10:56:00.000000000,LAST_TRADE,"3,$100210.0000"
2019-06-28 10:56:00.000000000,QUERY_SPREAD,88
2019-06-28 10:56:00.000000000,BEST_BID,"JPM,99779,380"
2019-06-28 10:56:00.000000000,BEST_ASK,"JPM,100210,331"
2019-06-28 10:56:00.000000000,LAST_TRADE,"4,$100210.0000"
2019-06-28 10:56:00.000000000,QUERY_SPREAD,89
2019-06-28 10:56:00.000000000,BEST_BID,"JPM,99779,380"
2019-06-28 10:56:00.000000000,BEST_ASK,"JPM,100210,327"
2019-06-28 10:56:00.000000000,LAST_TRADE,"4,$100210.0000"
2019-06-28 10:56:00.000000000,QUERY_SPREAD,90
2019-06-28 10:56:00.000000000,BEST_BID,"JPM,99779,380"
2019-06-28 10:56:00.000000000,BEST_ASK,"JPM,100210,320"
2019-06-28 10:56:00.000000000,LAST_TRADE,"7,$100210.0000"
2019-06-28 10:56:00.000000000,QUERY_SPREAD,91
2019-06-28 10:56:00.000000000,BEST_BID,"JPM,99779,380"
2019-06-28 10:56:00.000000000,BEST_ASK,"JPM,100210,312"
2019-06-28 10:56:00.000000000,LAST_TRADE,"8,$100210.0000"
2019-06-28 10:56:00.000000000,QUERY_SPREAD,92
2019-06-28 10:56:00.000000000,BEST_BID,"JPM,99779,380"
2019-06-28 10:56:00.000000000,BEST_ASK,"JPM,100210,307"
2019-06-28 10:56:00.000000000,LAST_TRADE,"5,$100210.0000"
2019-06-28 10:56:00.000000000,QUERY_SPREAD,93
2019-06-28 10:56:00.000000000,BEST_BID,"JPM,99779,380"
2019-06-28 10:56:00.000000000,BEST_ASK,"JPM,100210,304"
2019-06-28 10:56:00.000000000,LAST_TRADE,"3,$100210.0000"
2019-06-28 10:56:00.000000000,QUERY_SPREAD,94
2019-06-28 10:56:00.000000000,BEST_BID,"JPM,99779,380"
2019-06-28 10:56:00.000000000,BEST_ASK,"JPM,100210,300"
2019-06-28 10:56:00.000000000,LAST_TRADE,"4,$100210.0000"
2019-06-28 10:56:00.000000000,QUERY_SPREAD,95
2019-06-28 10:56:00.000000000,BEST_BID,"JPM,99779,380"
2019-06-28 10:56:00.000000000,BEST_ASK,"JPM,100210,295"
2019-06-28 10:56:00.000000000,LAST_TRADE,"5,$100210.0000"
2019-06-28 10:56:00.000000000,QUERY_SPREAD,96
2019-06-28 10:56:00.000000000,BEST_BID,"JPM,99779,380"
2019-06-28 10:56:00.000000000,BEST_ASK,"JPM,100210,294"
2019-06-28 10:56:00.000000000,LAST_TRADE,"1,$100210.0000"
2019-06-28 10:56:00.000000000,QUERY_SPREAD,97
2019-06-28 10:56:00.000000000,BEST_BID,"JPM,99779,380"
2019-06-28 10:56:00.000000000,BEST_ASK,"JPM,100210,287"
2019-06-28 10:56:00.000000000,LAST_TRADE,"7,$100210.0000"
2019-06-28 10:56:00.000000000,QUERY_SPREAD,98
2019-06-28 10:56:00.000000000,BEST_BID,"JPM,99779,380"
2019-06-28 10:56:00.000000000,BEST_ASK,"JPM,100210,281"
2019-06-28 10:56:00.000000000,LAST_TRADE,"6,$100210.0000"
2019-06-28 10:56:00.000000000,QUERY_SPREAD,99
2019-06-28 10:56:00.000000000,BEST_BID,"JPM,99779,380"
2019-06-28 10:56:00.000000000,BEST_ASK,"JPM,100210,276"
2019-06-28 10:56:00.000000000,LAST_TRADE,"5,$100210.0000"
2019-06-28 10:56:00.000000000,QUERY_SPREAD,100
2019-06-28 10:56:00.000000000,BEST_BID,"JPM,99779,380"
2019-06-28 10:56:00.000000000,BEST_ASK,"JPM,100210,269"
2019-06-28 10:56:00.000000000,LAST_TRADE,"7,$100210.0000"
2019-06-28 10:56:00.000000000,QUERY_SPREAD,101
2019-06-28 10:56:00.000000000,QUERY_ORDER_STREAM,101
2019-06-28 10:56:10.000000000,QUERY_SPREAD,1
2019-06-28 10:56:10.000000000,BEST_BID,"JPM,99779,170"
2019-06-28 10:56:10.000000000,BEST_ASK,"JPM,101056,70"
2019-06-28 10:56:10.000000000,BEST_BID,"JPM,99779,170"
2019-06-28 10:56:10.000000000,BEST_ASK,"JPM,101056,70"
2019-06-28 10:56:10.000000000,BEST_BID,"JPM,99779,170"
2019-06-28 10:56:10.000000000,BEST_ASK,"JPM,101056,70"
2019-06-28 10:56:10.000000000,BEST_BID,"JPM,99779,170"
2019-06-28 10:56:10.000000000,BEST_ASK,"JPM,101056,70"
2019-06-28 10:56:10.000000000,BEST_BID,"JPM,99779,170"
2019-06-28 10:56:10.000000000,BEST_ASK,"JPM,101056,140"
2019-06-28 10:56:10.000000000,BEST_BID,"JPM,99779,170"
2019-06-28 10:56:10.000000000,BEST_ASK,"JPM,101056,140"
2019-06-28 10:56:10.000000000,BEST_BID,"JPM,99779,170"
2019-06-28 10:56:10.000000000,BEST_ASK,"JPM,101056,140"
2019-06-28 10:56:10.000000000,BEST_BID,"JPM,99779,170"
2019-06-28 10:56:10.000000000,BEST_ASK,"JPM,101056,140"
2019-06-28 10:56:20.000000000,QUERY_SPREAD,1
2019-06-28 10:56:20.000000000,BEST_BID,"JPM,99779,156"
2019-06-28 10:56:20.000000000,BEST_ASK,"JPM,101056,70"
2019-06-28 10:56:20.000000000,BEST_BID,"JPM,99779,156"
2019-06-28 10:56:20.000000000,BEST_ASK,"JPM,101056,70"
2019-06-28 10:56:20.000000000,BEST_BID,"JPM,99779,156"
2019-06-28 10:56:20.000000000,BEST_ASK,"JPM,101056,70"
2019-06-28 10:56:20.000000000,BEST_BID,"JPM,99779,156"
2019-06-28 10:56:20.000000000,BEST_ASK,"JPM,101056,70"
2019-06-28 10:56:20.000000000,BEST_BID,"JPM,99779,156"
2019-06-28 10:56:20.000000000,BEST_ASK,"JPM,101056,70"
2019-06-28 10:56:20.000000000,BEST_BID,"JPM,99779,156"
2019-06-28 10:56:20.000000000,BEST_ASK,"JPM,101056,126"
2019-06-28 10:56:20.000000000,BEST_BID,"JPM,99779,156"
2019-06-28 10:56:20.000000000,BEST_ASK,"JPM,101056,126"
2019-06-28 10:56:20.000000000,BEST_BID,"JPM,99779,156"
2019-06-28 10:56:20.000000000,BEST_ASK,"JPM,101056,126"
2019-06-28 10:56:20.000000000,BEST_BID,"JPM,99779,156"
2019-06-28 10:56:20.000000000,BEST_ASK,"JPM,101056,126"
2019-06-28 10:56:20.000000000,BEST_BID,"JPM,99779,156"
2019-06-28 10:56:20.000000000,BEST_ASK,"JPM,101056,126"
2019-06-28 10:56:29.166850872,QUERY_SPREAD,21
2019-06-28 10:56:29.166850872,BEST_BID,"JPM,99779,156"
2019-06-28 10:56:29.166850872,BEST_ASK,"JPM,100642,100"
2019-06-28 10:56:30.000000000,QUERY_SPREAD,1
2019-06-28 10:56:30.000000000,BEST_BID,"JPM,99779,156"
2019-06-28 10:56:30.000000000,BEST_ASK,"JPM,100642,100"
2019-06-28 10:56:30.000000000,BEST_BID,"JPM,99779,156"
2019-06-28 10:56:30.000000000,BEST_ASK,"JPM,100642,100"
2019-06-28 10:56:30.000000000,BEST_BID,"JPM,99779,156"
2019-06-28 10:56:30.000000000,BEST_ASK,"JPM,100642,100"
2019-06-28 10:56:30.000000000,BEST_BID,"JPM,99779,156"
2019-06-28 10:56:30.000000000,BEST_ASK,"JPM,100642,100"
2019-06-28 10:56:30.000000000,BEST_BID,"JPM,99779,156"
2019-06-28 10:56:30.000000000,BEST_ASK,"JPM,100642,100"
2019-06-28 10:56:30.000000000,BEST_BID,"JPM,99779,156"
2019-06-28 10:56:30.000000000,BEST_ASK,"JPM,100642,156"
2019-06-28 10:56:30.000000000,BEST_BID,"JPM,99779,156"
2019-06-28 10:56:30.000000000,BEST_ASK,"JPM,100642,156"
2019-06-28 10:56:30.000000000,BEST_BID,"JPM,99779,156"
2019-06-28 10:56:30.000000000,BEST_ASK,"JPM,100642,156"
2019-06-28 10:56:30.000000000,BEST_BID,"JPM,99779,156"
2019-06-28 10:56:30.000000000,BEST_ASK,"JPM,100642,156"
2019-06-28 10:56:30.000000000,BEST_BID,"JPM,99779,156"
2019-06-28 10:56:30.000000000,BEST_ASK,"JPM,100642,156"
2019-06-28 10:56:37.805599643,QUERY_ORDER_STREAM,54
2019-06-28 10:56:37.805599643,QUERY_SPREAD,54
2019-06-28 10:56:37.805599643,BEST_BID,"JPM,100210,100"
2019-06-28 10:56:37.805599643,BEST_ASK,"JPM,100642,156"
2019-06-28 10:56:40.000000000,QUERY_SPREAD,1
2019-06-28 10:56:40.000000000,BEST_BID,"JPM,100210,156"
2019-06-28 10:56:40.000000000,BEST_ASK,"JPM,100642,100"
2019-06-28 10:56:40.000000000,BEST_BID,"JPM,100210,156"
2019-06-28 10:56:40.000000000,BEST_ASK,"JPM,100642,100"
2019-06-28 10:56:40.000000000,BEST_BID,"JPM,100210,156"
2019-06-28 10:56:40.000000000,BEST_ASK,"JPM,100642,100"
2019-06-28 10:56:40.000000000,BEST_BID,"JPM,100210,156"
2019-06-28 10:56:40.000000000,BEST_ASK,"JPM,100642,100"
2019-06-28 10:56:40.000000000,BEST_BID,"JPM,100210,156"
2019-06-28 10:56:40.000000000,BEST_ASK,"JPM,100642,100"
2019-06-28 10:56:40.000000000,BEST_BID,"JPM,100210,156"
2019-06-28 10:56:40.000000000,BEST_ASK,"JPM,100642,156"
2019-06-28 10:56:40.000000000,BEST_BID,"JPM,100210,156"
2019-06-28 10:56:40.000000000,BEST_ASK,"JPM,100642,156"
2019-06-28 10:56:40.000000000,BEST_BID,"JPM,100210,156"
2019-06-28 10:56:40.000000000,BEST_ASK,"JPM,100642,156"
2019-06-28 10:56:40.000000000,BEST_BID,"JPM,100210,156"
2019-06-28 10:56:40.000000000,BEST_ASK,"JPM,100642,156"
2019-06-28 10:56:40.000000000,BEST_BID,"JPM,100210,156"
2019-06-28 10:56:40.000000000,BEST_ASK,"JPM,100642,156"
2019-06-28 10:56:50.000000000,QUERY_SPREAD,1
2019-06-28 10:56:50.000000000,BEST_BID,"JPM,100210,156"
2019-06-28 10:56:50.000000000,BEST_ASK,"JPM,100642,100"
2019-06-28 10:56:50.000000000,BEST_BID,"JPM,100210,156"
2019-06-28 10:56:50.000000000,BEST_ASK,"JPM,100642,100"
2019-06-28 10:56:50.000000000,BEST_BID,"JPM,100210,156"
2019-06-28 10:56:50.000000000,BEST_ASK,"JPM,100642,100"
2019-06-28 10:56:50.000000000,BEST_BID,"JPM,100210,156"
2019-06-28 10:56:50.000000000,BEST_ASK,"JPM,100642,100"
2019-06-28 10:56:50.000000000,BEST_BID,"JPM,100210,156"
2019-06-28 10:56:50.000000000,BEST_ASK,"JPM,100642,100"
2019-06-28 10:56:50.000000000,BEST_BID,"JPM,100210,156"
2019-06-28 10:56:50.000000000,BEST_ASK,"JPM,100642,156"
2019-06-28 10:56:50.000000000,BEST_BID,"JPM,100210,156"
2019-06-28 10:56:50.000000000,BEST_ASK,"JPM,100642,156"
2019-06-28 10:56:50.000000000,BEST_BID,"JPM,100210,156"
2019-06-28 10:56:50.000000000,BEST_ASK,"JPM,100642,156"
2019-06-28 10:56:50.000000000,BEST_BID,"JPM,100210,156"
2019-06-28 10:56:50.000000000,BEST_ASK,"JPM,100642,156"
2019-06-28 10:56:50.000000000,BEST_BID,"JPM,100210,156"
2019-06-28 10:56:50.000000000,BEST_ASK,"JPM,100642,156"
2019-06-28 10:56:59.488399666,QUERY_SPREAD,14
2019-06-28 10:56:59.488399666,BEST_BID,"JPM,100210,156"
2019-06-28 10:56:59.488399666,BEST_ASK,"JPM,100513,100"
2019-06-28 10:57:00.000000000,QUERY_SPREAD,1
2019-06-28 10:57:00.000000000,BEST_BID,"JPM,100210,240"
2019-06-28 10:57:00.000000000,BEST_ASK,"JPM,100513,100"
2019-06-28 10:57:00.000000000,BEST_BID,"JPM,100210,240"
2019-06-28 10:57:00.000000000,BEST_ASK,"JPM,100513,100"
2019-06-28 10:57:00.000000000,BEST_BID,"JPM,100210,240"
2019-06-28 10:57:00.000000000,BEST_ASK,"JPM,100513,240"
2019-06-28 10:57:00.000000000,BEST_BID,"JPM,100210,240"
2019-06-28 10:57:00.000000000,BEST_ASK,"JPM,100513,240"
2019-06-28 10:57:00.000000000,QUERY_SPREAD,77
2019-06-28 10:57:00.000000000,BEST_BID,"JPM,100210,240"
2019-06-28 10:57:00.000000000,BEST_ASK,"JPM,100513,239"
2019-06-28 10:57:00.000000000,LAST_TRADE,"1,$100513.0000"
2019-06-28 10:57:00.000000000,QUERY_SPREAD,78
2019-06-28 10:57:00.000000000,BEST_BID,"JPM,100210,240"
2019-06-28 10:57:00.000000000,BEST_ASK,"JPM,100513,235"
2019-06-28 10:57:00.000000000,LAST_TRADE,"4,$100513.0000"
2019-06-28 10:57:00.000000000,QUERY_SPREAD,79
2019-06-28 10:57:00.000000000,BEST_BID,"JPM,100210,240"
2019-06-28 10:57:00.000000000,BEST_ASK,"JPM,100513,229"
2019-06-28 10:57:00.000000000,LAST_TRADE,"6,$100513.0000"
2019-06-28 10:57:00.000000000,QUERY_SPREAD,80
2019-06-28 10:57:00.000000000,BEST_BID,"JPM,100210,240"
2019-06-28 10:57:00.000000000,BEST_ASK,"JPM,100513,224"
2019-06-28 10:57:00.000000000,LAST_TRADE,"5,$100513.0000"
2019-06-28 10:57:00.000000000,QUERY_SPREAD,81
2019-06-28 10:57:00.000000000,BEST_BID,"JPM,100210,240"
2019-06-28 10:57:00.000000000,BEST_ASK,"JPM,100513,216"
2019-06-28 10:57:00.000000000,LAST_TRADE,"8,$100513.0000"
2019-06-28 10:57:00.000000000,QUERY_SPREAD,82
2019-06-28 10:57:00.000000000,BEST_BID,"JPM,100210,240"
2019-06-28 10:57:00.000000000,BEST_ASK,"JPM,100513,208"
2019-06-28 10:57:00.000000000,LAST_TRADE,"8,$100513.0000"
2019-06-28 10:57:00.000000000,QUERY_SPREAD,83
2019-06-28 10:57:00.000000000,BEST_BID,"JPM,100210,240"
2019-06-28 10:57:00.000000000,BEST_ASK,"JPM,100513,206"
2019-06-28 10:57:00.000000000,LAST_TRADE,"2,$100513.0000"
2019-06-28 10:57:00.000000000,QUERY_SPREAD,84
2019-06-28 10:57:00.000000000,BEST_BID,"JPM,100210,240"
2019-06-28 10:57:00.000000000,BEST_ASK,"JPM,100513,205"
2019-06-28 10:57:00.000000000,LAST_TRADE,"1,$100513.0000"
2019-06-28 10:57:00.000000000,QUERY_SPREAD,85
2019-06-28 10:57:00.000000000,BEST_BID,"JPM,100210,240"
2019-06-28 10:57:00.000000000,BEST_ASK,"JPM,100513,204"
2019-06-28 10:57:00.000000000,LAST_TRADE,"1,$100513.0000"
2019-06-28 10:57:00.000000000,QUERY_SPREAD,86
2019-06-28 10:57:00.000000000,BEST_BID,"JPM,100210,240"
2019-06-28 10:57:00.000000000,BEST_ASK,"JPM,100513,198"
2019-06-28 10:57:00.000000000,LAST_TRADE,"6,$100513.0000"
2019-06-28 10:57:00.000000000,QUERY_SPREAD,87
2019-06-28 10:57:00.000000000,BEST_BID,"JPM,100210,240"
2019-06-28 10:57:00.000000000,BEST_ASK,"JPM,100513,195"
2019-06-28 10:57:00.000000000,LAST_TRADE,"3,$100513.0000"
2019-06-28 10:57:00.000000000,QUERY_SPREAD,88
2019-06-28 10:57:00.000000000,BEST_BID,"JPM,100210,240"
2019-06-28 10:57:00.000000000,BEST_ASK,"JPM,100513,191"
2019-06-28 10:57:00.000000000,LAST_TRADE,"4,$100513.0000"
2019-06-28 10:57:00.000000000,QUERY_SPREAD,89
2019-06-28 10:57:00.000000000,BEST_BID,"JPM,100210,240"
2019-06-28 10:57:00.000000000,BEST_ASK,"JPM,100513,187"
2019-06-28 10:57:00.000000000,LAST_TRADE,"4,$100513.0000"
2019-06-28 10:57:00.000000000,QUERY_SPREAD,90
2019-06-28 10:57:00.000000000,BEST_BID,"JPM,100210,240"
2019-06-28 10:57:00.000000000,BEST_ASK,"JPM,100513,180"
2019-06-28 10:57:00.000000000,LAST_TRADE,"7,$100513.0000"
2019-06-28 10:57:00.000000000,QUERY_SPREAD,91
2019-06-28 10:57:00.000000000,BEST_BID,"JPM,100210,240"
2019-06-28 10:57:00.000000000,BEST_ASK,"JPM,100513,172"
2019-06-28 10:57:00.000000000,LAST_TRADE,"8,$100513.0000"
2019-06-28 10:57:00.000000000,QUERY_SPREAD,92
2019-06-28 10:57:00.000000000,BEST_BID,"JPM,100210,240"
2019-06-28 10:57:00.000000000,BEST_ASK,"JPM,100513,167"
2019-06-28 10:57:00.000000000,LAST_TRADE,"5,$100513.0000"
2019-06-28 10:57:00.000000000,QUERY_SPREAD,93
2019-06-28 10:57:00.000000000,BEST_BID,"JPM,100210,240"
2019-06-28 10:57:00.000000000,BEST_ASK,"JPM,100513,164"
2019-06-28 10:57:00.000000000,LAST_TRADE,"3,$100513.0000"
2019-06-28 10:57:00.000000000,QUERY_SPREAD,94
2019-06-28 10:57:00.000000000,BEST_BID,"JPM,100210,240"
2019-06-28 10:57:00.000000000,BEST_ASK,"JPM,100513,160"
2019-06-28 10:57:00.000000000,LAST_TRADE,"4,$100513.0000"
2019-06-28 10:57:00.000000000,QUERY_SPREAD,95
2019-06-28 10:57:00.000000000,BEST_BID,"JPM,100210,240"
2019-06-28 10:57:00.000000000,BEST_ASK,"JPM,100513,155"
2019-06-28 10:57:00.000000000,LAST_TRADE,"5,$100513.0000"
2019-06-28 10:57:00.000000000,QUERY_SPREAD,96
2019-06-28 10:57:00.000000000,BEST_BID,"JPM,100210,240"
2019-06-28 10:57:00.000000000,BEST_ASK,"JPM,100513,154"
2019-06-28 10:57:00.000000000,LAST_TRADE,"1,$100513.0000"
2019-06-28 10:57:00.000000000,QUERY_SPREAD,97
2019-06-28 10:57:00.000000000,BEST_BID,"JPM,100210,240"
2019-06-28 10:57:00.000000000,BEST_ASK,"JPM,100513,147"
2019-06-28 10:57:00.000000000,LAST_TRADE,"7,$100513.0000"
2019-06-28 10:57:00.000000000,QUERY_SPREAD,98
2019-06-28 10:57:00.000000000,BEST_BID,"JPM,100210,240"
2019-06-28 10:57:00.000000000,BEST_ASK,"JPM,100513,141"
2019-06-28 10:57:00.000000000,LAST_TRADE,"6,$100513.0000"
2019-06-28 10:57:00.000000000,QUERY_SPREAD,99
2019-06-28 10:57:00.000000000,BEST_BID,"JPM,100210,240"
2019-06-28 10:57:00.000000000,BEST_ASK,"JPM,100513,136"
2019-06-28 10:57:00.000000000,LAST_TRADE,"5,$100513.0000"
2019-06-28 10:57:00.000000000,QUERY_SPREAD,100
2019-06-28 10:57:00.000000000,BEST_BID,"JPM,100210,240"
2019-06-28 10:57:00.000000000,BEST_ASK,"JPM,100513,129"
2019-06-28 10:57:00.000000000,LAST_TRADE,"7,$100513.0000"
2019-06-28 10:57:00.000000000,QUERY_SPREAD,101
2019-06-28 10:57:00.000000000,QUERY_ORDER_STREAM,101
2019-06-28 10:57:10.000000000,QUERY_SPREAD,1
2019-06-28 10:57:10.000000000,BEST_BID,"JPM,100210,195"
2019-06-28 10:57:10.000000000,BEST_ASK,"JPM,100642,100"
2019-06-28 10:57:10.000000000,BEST_BID,"JPM,100210,195"
2019-06-28 10:57:10.000000000,BEST_ASK,"JPM,100642,100"
2019-06-28 10:57:10.000000000,BEST_BID,"JPM,100210,195"
2019-06-28 10:57:10.000000000,BEST_ASK,"JPM,100642,100"
2019-06-28 10:57:10.000000000,BEST_BID,"JPM,100210,195"
2019-06-28 10:57:10.000000000,BEST_ASK,"JPM,100642,195"
2019-06-28 10:57:10.000000000,BEST_BID,"JPM,100210,195"
2019-06-28 10:57:10.000000000,BEST_ASK,"JPM,100642,195"
2019-06-28 10:57:10.000000000,BEST_BID,"JPM,100210,195"
2019-06-28 10:57:10.000000000,BEST_ASK,"JPM,100642,195"
2019-06-28 10:57:10.564794174,QUERY_SPREAD,10
2019-06-28 10:57:10.564794174,BEST_BID,"JPM,100494,100"
2019-06-28 10:57:10.564794174,BEST_ASK,"JPM,100642,195"
2019-06-28 10:57:12.483096995,QUERY_SPREAD,12
2019-06-28 10:57:12.483096995,BEST_BID,"JPM,100494,100"
2019-06-28 10:57:12.483096995,BEST_ASK,"JPM,100577,100"
2019-06-28 10:57:20.000000000,QUERY_SPREAD,1
2019-06-28 10:57:20.000000000,BEST_BID,"JPM,100494,380"
2019-06-28 10:57:20.000000000,BEST_ASK,"JPM,100577,100"
2019-06-28 10:57:20.000000000,BEST_BID,"JPM,100494,380"
2019-06-28 10:57:20.000000000,BEST_ASK,"JPM,100577,380"
2019-06-28 10:57:30.000000000,QUERY_SPREAD,1
2019-06-28 10:57:30.000000000,BEST_BID,"JPM,100494,170"
2019-06-28 10:57:30.000000000,BEST_ASK,"JPM,100577,100"
2019-06-28 10:57:30.000000000,BEST_BID,"JPM,100494,170"
2019-06-28 10:57:30.000000000,BEST_ASK,"JPM,100577,100"
2019-06-28 10:57:30.000000000,BEST_BID,"JPM,100494,170"
2019-06-28 10:57:30.000000000,BEST_ASK,"JPM,100577,100"
2019-06-28 10:57:30.000000000,BEST_BID,"JPM,100494,170"
2019-06-28 10:57:30.000000000,BEST_ASK,"JPM,100577,100"
2019-06-28 10:57:30.000000000,BEST_BID,"JPM,100494,170"
2019-06-28 10:57:30.000000000,BEST_ASK,"JPM,100577,170"
2019-06-28 10:57:30.000000000,BEST_BID,"JPM,100494,170"
2019-06-28 10:57:30.000000000,BEST_ASK,"JPM,100577,170"
2019-06-28 10:57:30.000000000,BEST_BID,"JPM,100494,170"
2019-06-28 10:57:30.000000000,BEST_ASK,"JPM,100577,170"
2019-06-28 10:57:30.000000000,BEST_BID,"JPM,100494,170"
2019-06-28 10:57:30.000000000,BEST_ASK,"JPM,100577,170"
2019-06-28 10:57:32.349022741,QUERY_SPREAD,42
2019-06-28 10:57:32.349022741,BEST_BID,"JPM,100494,170"
2019-06-28 10:57:32.349022741,BEST_ASK,"JPM,100577,170"
2019-06-28 10:57:40.000000000,QUERY_SPREAD,1
2019-06-28 10:57:40.000000000,BEST_BID,"JPM,100494,240"
2019-06-28 10:57:40.000000000,BEST_ASK,"JPM,100577,100"
2019-06-28 10:57:40.000000000,BEST_BID,"JPM,100494,240"
2019-06-28 10:57:40.000000000,BEST_ASK,"JPM,100577,100"
2019-06-28 10:57:40.000000000,BEST_BID,"JPM,100494,240"
2019-06-28 10:57:40.000000000,BEST_ASK,"JPM,100577,240"
2019-06-28 10:57:40.000000000,BEST_BID,"JPM,100494,240"
2019-06-28 10:57:40.000000000,BEST_ASK,"JPM,100577,240"
2019-06-28 10:57:47.405477885,QUERY_SPREAD,29
2019-06-28 10:57:47.405477885,BEST_BID,"JPM,100494,240"
2019-06-28 10:57:47.405477885,BEST_ASK,"JPM,100577,240"
2019-06-28 10:57:48.309629285,QUERY_SPREAD,13
2019-06-28 10:57:48.309629285,BEST_BID,"JPM,100494,240"
2019-06-28 10:57:48.309629285,BEST_ASK,"JPM,100577,240"
2019-06-28 10:57:50.000000000,QUERY_SPREAD,1
2019-06-28 10:57:50.000000000,BEST_BID,"JPM,100494,380"
2019-06-28 10:57:50.000000000,BEST_ASK,"JPM,100577,100"
2019-06-28 10:57:50.000000000,BEST_BID,"JPM,100494,380"
2019-06-28 10:57:50.000000000,BEST_ASK,"JPM,100577,380"
2019-06-28 10:57:54.948721889,QUERY_SPREAD,44
2019-06-28 10:57:54.948721889,BEST_BID,"JPM,100494,380"
2019-06-28 10:57:54.948721889,BEST_ASK,"JPM,100577,380"
2019-06-28 10:58:00.000000000,QUERY_SPREAD,1
2019-06-28 10:58:00.000000000,BEST_BID,"JPM,100494,156"
2019-06-28 10:58:00.000000000,BEST_ASK,"JPM,100577,100"
2019-06-28 10:58:00.000000000,BEST_BID,"JPM,100494,156"
2019-06-28 10:58:00.000000000,BEST_ASK,"JPM,100577,100"
2019-06-28 10:58:00.000000000,BEST_BID,"JPM,100494,156"
2019-06-28 10:58:00.000000000,BEST_ASK,"JPM,100577,100"
2019-06-28 10:58:00.000000000,BEST_BID,"JPM,100494,156"
2019-06-28 10:58:00.000000000,BEST_ASK,"JPM,100577,100"
2019-06-28 10:58:00.000000000,BEST_BID,"JPM,100494,156"
2019-06-28 10:58:00.000000000,BEST_ASK,"JPM,100577,100"
2019-06-28 10:58:00.000000000,BEST_BID,"JPM,100494,156"
2019-06-28 10:58:00.000000000,BEST_ASK,"JPM,100577,156"
2019-06-28 10:58:00.000000000,BEST_BID,"JPM,100494,156"
2019-06-28 10:58:00.000000000,BEST_ASK,"JPM,100577,156"
2019-06-28 10:58:00.000000000,BEST_BID,"JPM,100494,156"
2019-06-28 10:58:00.000000000,BEST_ASK,"JPM,100577,156"
2019-06-28 10:58:00.000000000,BEST_BID,"JPM,100494,156"
2019-06-28 10:58:00.000000000,BEST_ASK,"JPM,100577,156"
2019-06-28 10:58:00.000000000,BEST_BID,"JPM,100494,156"
2019-06-28 10:58:00.000000000,BEST_ASK,"JPM,100577,156"
2019-06-28 10:58:00.000000000,QUERY_SPREAD,77
2019-06-28 10:58:00.000000000,BEST_BID,"JPM,100494,156"
2019-06-28 10:58:00.000000000,BEST_ASK,"JPM,100577,155"
2019-06-28 10:58:00.000000000,LAST_TRADE,"1,$100577.0000"
2019-06-28 10:58:00.000000000,QUERY_SPREAD,78
2019-06-28 10:58:00.000000000,BEST_BID,"JPM,100494,156"
2019-06-28 10:58:00.000000000,BEST_ASK,"JPM,100577,151"
2019-06-28 10:58:00.000000000,LAST_TRADE,"4,$100577.0000"
2019-06-28 10:58:00.000000000,QUERY_SPREAD,79
2019-06-28 10:58:00.000000000,BEST_BID,"JPM,100494,156"
2019-06-28 10:58:00.000000000,BEST_ASK,"JPM,100577,145"
2019-06-28 10:58:00.000000000,LAST_TRADE,"6,$100577.0000"
2019-06-28 10:58:00.000000000,QUERY_SPREAD,80
2019-06-28 10:58:00.000000000,BEST_BID,"JPM,100494,156"
2019-06-28 10:58:00.000000000,BEST_ASK,"JPM,100577,140"
2019-06-28 10:58:00.000000000,LAST_TRADE,"5,$100577.0000"
2019-06-28 10:58:00.000000000,QUERY_SPREAD,81
2019-06-28 10:58:00.000000000,BEST_BID,"JPM,100494,156"
2019-06-28 10:58:00.000000000,BEST_ASK,"JPM,100577,132"
2019-06-28 10:58:00.000000000,LAST_TRADE,"8,$100577.0000"
2019-06-28 10:58:00.000000000,QUERY_SPREAD,82
2019-06-28 10:58:00.000000000,BEST_BID,"JPM,100494,156"
2019-06-28 10:58:00.000000000,BEST_ASK,"JPM,100577,124"
2019-06-28 10:58:00.000000000,LAST_TRADE,"8,$100577.0000"
2019-06-28 10:58:00.000000000,QUERY_SPREAD,83
2019-06-28 10:58:00.000000000,BEST_BID,"JPM,100494,156"
2019-06-28 10:58:00.000000000,BEST_ASK,"JPM,100577,122"
2019-06-28 10:58:00.000000000,LAST_TRADE,"2,$100577.0000"
2019-06-28 10:58:00.000000000,QUERY_SPREAD,84
2019-06-28 10:58:00.000000000,BEST_BID,"JPM,100494,156"
2019-06-28 10:58:00.000000000,BEST_ASK,"JPM,100577,121"
2019-06-28 10:58:00.000000000,LAST_TRADE,"1,$100577.0000"
2019-06-28 10:58:00.000000000,QUERY_SPREAD,85
2019-06-28 10:58:00.000000000,BEST_BID,"JPM,100494,156"
2019-06-28 10:58:00.000000000,BEST_ASK,"JPM,100577,120"
2019-06-28 10:58:00.000000000,LAST_TRADE,"1,$100577.0000"
2019-06-28 10:58:00.000000000,QUERY_SPREAD,86
2019-06-28 10:58:00.000000000,BEST_BID,"JPM,100494,156"
2019-06-28 10:58:00.000000000,BEST_ASK,"JPM,100577,114"
2019-06-28 10:58:00.000000000,LAST_TRADE,"6,$100577.0000"
2019-06-28 10:58:00.000000000,QUERY_SPREAD,87
2019-06-28 10:58:00.000000000,BEST_BID,"JPM,100494,156"
2019-06-28 10:58:00.000000000,BEST_ASK,"JPM,100577,111"
2019-06-28 10:58:00.000000000,LAST_TRADE,"3,$100577.0000"
2019-06-28 10:58:00.000000000,QUERY_SPREAD,88
2019-06-28 10:58:00.000000000,BEST_BID,"JPM,100494,156"
2019-06-28 10:58:00.000000000,BEST_ASK,"JPM,100577,107"
2019-06-28 10:58:00.000000000,LAST_TRADE,"4,$100577.0000"
2019-06-28 10:58:00.000000000,QUERY_SPREAD,89
2019-06-28 10:58:00.000000000,BEST_BID,"JPM,100494,156"
2019-06-28 10:58:00.000000000,BEST_ASK,"JPM,100577,103"
2019-06-28 10:58:00.000000000,LAST_TRADE,"4,$100577.0000"
2019-06-28 10:58:00.000000000,QUERY_SPREAD,90
2019-06-28 10:58:00.000000000,BEST_BID,"JPM,100494,156"
2019-06-28 10:58:00.000000000,BEST_ASK,"JPM,100577,96"
2019-06-28 10:58:00.000000000,LAST_TRADE,"7,$100577.0000"
2019-06-28 10:58:00.000000000,QUERY_SPREAD,91
2019-06-28 10:58:00.000000000,BEST_BID,"JPM,100494,156"
2019-06-28 10:58:00.000000000,BEST_ASK,"JPM,100577,88"
2019-06-28 10:58:00.000000000,LAST_TRADE,"8,$100577.0000"
2019-06-28 10:58:00.000000000,QUERY_SPREAD,92
2019-06-28 10:58:00.000000000,BEST_BID,"JPM,100494,156"
2019-06-28 10:58:00.000000000,BEST_ASK,"JPM,100577,83"
2019-06-28 10:58:00.000000000,LAST_TRADE,"5,$100577.0000"
2019-06-28 10:58:00.000000000,QUERY_SPREAD,93
2019-06-28 10:58:00.000000000,BEST_BID,"JPM,100494,156"
2019-06-28 10:58:00.000000000,BEST_ASK,"JPM,100577,80"
2019-06-28 10:58:00.000000000,LAST_TRADE,"3,$100577.0000"
2019-06-28 10:58:00.000000000,QUERY_SPREAD,94
2019-06-28 10:58:00.000000000,BEST_BID,"JPM,100494,156"
2019-06-28 10:58:00.000000000,BEST_ASK,"JPM,100577,76"
2019-06-28 10:58:00.000000000,LAST_TRADE,"4,$100577.0000"
2019-06-28 10:58:00.000000000,QUERY_SPREAD,95
2019-06-28 10:58:00.000000000,BEST_BID,"JPM,100494,156"
2019-06-28 10:58:00.000000000,BEST_ASK,"JPM,100577,71"
2019-06-28 10:58:00.000000000,LAST_TRADE,"5,$100577.0000"
2019-06-28 10:58:00.000000000,QUERY_SPREAD,96
2019-06-28 10:58:00.000000000,BEST_BID,"JPM,100494,156"
2019-06-28 10:58:00.000000000,BEST_ASK,"JPM,100577,70"
2019-06-28 10:58:00.000000000,LAST_TRADE,"1,$100577.0000"
2019-06-28 10:58:00.000000000,QUERY_SPREAD,97
2019-06-28 10:58:00.000000000,BEST_BID,"JPM,100494,156"
2019-06-28 10:58:00.000000000,BEST_ASK,"JPM,100577,63"
2019-06-28 10:58:00.000000000,LAST_TRADE,"7,$100577.0000"
2019-06-28 10:58:00.000000000,QUERY_SPREAD,98
2019-06-28 10:58:00.000000000,BEST_BID,"JPM,100494,156"
2019-06-28 10:58:00.000000000,BEST_ASK,"JPM,100577,57"
2019-06-28 10:58:00.000000000,LAST_TRADE,"6,$100577.0000"
2019-06-28 10:58:00.000000000,QUERY_SPREAD,99
2019-06-28 10:58:00.000000000,BEST_BID,"JPM,100494,156"
2019-06-28 10:58:00.000000000,BEST_ASK,"JPM,100577,52"
2019-06-28 10:58:00.000000000,LAST_TRADE,"5,$100577.0000"
2019-06-28 10:58:00.000000000,QUERY_SPREAD,100
2019-06-28 10:58:00.000000000,BEST_BID,"JPM,100494,156"
2019-06-28 10:58:00.000000000,BEST_ASK,"JPM,100577,45"
2019-06-28 10:58:00.000000000,LAST_TRADE,"7,$100577.0000"
2019-06-28 10:58:00.000000000,QUERY_SPREAD,101
2019-06-28 10:58:00.000000000,QUERY_ORDER_STREAM,101
2019-06-28 10:58:03.934571261,QUERY_SPREAD,20
2019-06-28 10:58:03.934571261,BEST_BID,"JPM,100494,56"
2019-06-28 10:58:03.934571261,BEST_ASK,"JPM,100577,45"
2019-06-28 10:58:03.934571261,LAST_TRADE,"100,$100494.0000"
2019-06-28 10:58:10.000000000,QUERY_SPREAD,1
2019-06-28 10:58:10.000000000,BEST_BID,"JPM,100210,156"
2019-06-28 10:58:10.000000000,BEST_ASK,"JPM,100642,100"
2019-06-28 10:58:10.000000000,BEST_BID,"JPM,100210,156"
2019-06-28 10:58:10.000000000,BEST_ASK,"JPM,100642,100"
2019-06-28 10:58:10.000000000,BEST_BID,"JPM,100210,156"
2019-06-28 10:58:10.000000000,BEST_ASK,"JPM,100642,100"
2019-06-28 10:58:10.000000000,BEST_BID,"JPM,100210,156"
2019-06-28 10:58:10.000000000,BEST_ASK,"JPM,100642,100"
2019-06-28 10:58:10.000000000,BEST_BID,"JPM,100210,156"
2019-06-28 10:58:10.000000000,BEST_ASK,"JPM,100642,100"
2019-06-28 10:58:10.000000000,BEST_BID,"JPM,100210,156"
2019-06-28 10:58:10.000000000,BEST_ASK,"JPM,100642,156"
2019-06-28 10:58:10.000000000,BEST_BID,"JPM,100210,156"
2019-06-28 10:58:10.000000000,BEST_ASK,"JPM,100642,156"
2019-06-28 10:58:10.000000000,BEST_BID,"JPM,100210,156"
2019-06-28 10:58:10.000000000,BEST_ASK,"JPM,100642,156"
2019-06-28 10:58:10.000000000,BEST_BID,"JPM,100210,156"
2019-06-28 10:58:10.000000000,BEST_ASK,"JPM,100642,156"
2019-06-28 10:58:10.000000000,BEST_BID,"JPM,100210,156"
2019-06-28 10:58:10.000000000,BEST_ASK,"JPM,100642,156"
2019-06-28 10:58:20.000000000,QUERY_SPREAD,1
2019-06-28 10:58:20.000000000,BEST_BID,"JPM,100210,195"
2019-06-28 10:58:20.000000000,BEST_ASK,"JPM,100642,100"
2019-06-28 10:58:20.000000000,BEST_BID,"JPM,100210,195"
2019-06-28 10:58:20.000000000,BEST_ASK,"JPM,100642,100"
2019-06-28 10:58:20.000000000,BEST_BID,"JPM,100210,195"
2019-06-28 10:58:20.000000000,BEST_ASK,"JPM,100642,100"
2019-06-28 10:58:20.000000000,BEST_BID,"JPM,100210,195"
2019-06-28 10:58:20.000000000,BEST_ASK,"JPM,100642,195"
2019-06-28 10:58:20.000000000,BEST_BID,"JPM,100210,195"
2019-06-28 10:58:20.000000000,BEST_ASK,"JPM,100642,195"
2019-06-28 10:58:20.000000000,BEST_BID,"JPM,100210,195"
2019-06-28 10:58:20.000000000,BEST_ASK,"JPM,100642,195"
2019-06-28 10:58:30.000000000,QUERY_SPREAD,1
2019-06-28 10:58:30.000000000,BEST_BID,"JPM,100210,170"
2019-06-28 10:58:30.000000000,BEST_ASK,"JPM,100642,100"
2019-06-28 10:58:30.000000000,BEST_BID,"JPM,100210,170"
2019-06-28 10:58:30.000000000,BEST_ASK,"JPM,100642,100"
2019-06-28 10:58:30.000000000,BEST_BID,"JPM,100210,170"
2019-06-28 10:58:30.000000000,BEST_ASK,"JPM,100642,100"
2019-06-28 10:58:30.000000000,BEST_BID,"JPM,100210,170"
2019-06-28 10:58:30.000000000,BEST_ASK,"JPM,100642,100"
2019-06-28 10:58:30.000000000,BEST_BID,"JPM,100210,170"
2019-06-28 10:58:30.000000000,BEST_ASK,"JPM,100642,170"
2019-06-28 10:58:30.000000000,BEST_BID,"JPM,100210,170"
2019-06-28 10:58:30.000000000,BEST_ASK,"JPM,100642,170"
2019-06-28 10:58:30.000000000,BEST_BID,"JPM,100210,170"
2019-06-28 10:58:30.000000000,BEST_ASK,"JPM,100642,170"
2019-06-28 10:58:30.000000000,BEST_BID,"JPM,100210,170"
2019-06-28 10:58:30.000000000,BEST_ASK,"JPM,100642,170"
2019-06-28 10:58:40.000000000,QUERY_SPREAD,1
2019-06-28 10:58:40.000000000,BEST_BID,"JPM,100210,170"
2019-06-28 10:58:40.000000000,BEST_ASK,"JPM,100642,100"
2019-06-28 10:58:40.000000000,BEST_BID,"JPM,100210,170"
2019-06-28 10:58:40.000000000,BEST_ASK,"JPM,100642,100"
2019-06-28 10:58:40.000000000,BEST_BID,"JPM,100210,170"
2019-06-28 10:58:40.000000000,BEST_ASK,"JPM,100642,100"
2019-06-28 10:58:40.000000000,BEST_BID,"JPM,100210,170"
2019-06-28 10:58:40.000000000,BEST_ASK,"JPM,100642,100"
2019-06-28 10:58:40.000000000,BEST_BID,"JPM,100210,170"
2019-06-28 10:58:40.000000000,BEST_ASK,"JPM,100642,170"
2019-06-28 10:58:40.000000000,BEST_BID,"JPM,100210,170"
2019-06-28 10:58:40.000000000,BEST_ASK,"JPM,100642,170"
2019-06-28 10:58:40.000000000,BEST_BID,"JPM,100210,170"
2019-06-28 10:58:40.000000000,BEST_ASK,"JPM,100642,170"
2019-06-28 10:58:40.000000000,BEST_BID,"JPM,100210,170"
2019-06-28 10:58:40.000000000,BEST_ASK,"JPM,100642,170"
2019-06-28 10:58:50.000000000,QUERY_SPREAD,1
2019-06-28 10:58:50.000000000,BEST_BID,"JPM,100210,195"
2019-06-28 10:58:50.000000000,BEST_ASK,"JPM,100642,100"
2019-06-28 10:58:50.000000000,BEST_BID,"JPM,100210,195"
2019-06-28 10:58:50.000000000,BEST_ASK,"JPM,100642,100"
2019-06-28 10:58:50.000000000,BEST_BID,"JPM,100210,195"
2019-06-28 10:58:50.000000000,BEST_ASK,"JPM,100642,100"
2019-06-28 10:58:50.000000000,BEST_BID,"JPM,100210,195"
2019-06-28 10:58:50.000000000,BEST_ASK,"JPM,100642,195"
2019-06-28 10:58:50.000000000,BEST_BID,"JPM,100210,195"
2019-06-28 10:58:50.000000000,BEST_ASK,"JPM,100642,195"
2019-06-28 10:58:50.000000000,BEST_BID,"JPM,100210,195"
2019-06-28 10:58:50.000000000,BEST_ASK,"JPM,100642,195"
2019-06-28 10:59:00.000000000,QUERY_SPREAD,1
2019-06-28 10:59:00.000000000,BEST_BID,"JPM,100210,170"
2019-06-28 10:59:00.000000000,BEST_ASK,"JPM,100642,100"
2019-06-28 10:59:00.000000000,BEST_BID,"JPM,100210,170"
2019-06-28 10:59:00.000000000,BEST_ASK,"JPM,100642,100"
2019-06-28 10:59:00.000000000,BEST_BID,"JPM,100210,170"
2019-06-28 10:59:00.000000000,BEST_ASK,"JPM,100642,100"
2019-06-28 10:59:00.000000000,BEST_BID,"JPM,100210,170"
2019-06-28 10:59:00.000000000,BEST_ASK,"JPM,100642,100"
2019-06-28 10:59:00.000000000,BEST_BID,"JPM,100210,170"
2019-06-28 10:59:00.000000000,BEST_ASK,"JPM,100642,170"
2019-06-28 10:59:00.000000000,BEST_BID,"JPM,100210,170"
2019-06-28 10:59:00.000000000,BEST_ASK,"JPM,100642,170"
2019-06-28 10:59:00.000000000,BEST_BID,"JPM,100210,170"
2019-06-28 10:59:00.000000000,BEST_ASK,"JPM,100642,170"
2019-06-28 10:59:00.000000000,BEST_BID,"JPM,100210,170"
2019-06-28 10:59:00.000000000,BEST_ASK,"JPM,100642,170"
2019-06-28 10:59:00.000000000,QUERY_SPREAD,77
2019-06-28 10:59:00.000000000,BEST_BID,"JPM,100210,170"
2019-06-28 10:59:00.000000000,BEST_ASK,"JPM,100642,169"
2019-06-28 10:59:00.000000000,LAST_TRADE,"1,$100642.0000"
2019-06-28 10:59:00.000000000,QUERY_SPREAD,78
2019-06-28 10:59:00.000000000,BEST_BID,"JPM,100210,170"
2019-06-28 10:59:00.000000000,BEST_ASK,"JPM,100642,165"
2019-06-28 10:59:00.000000000,LAST_TRADE,"4,$100642.0000"
2019-06-28 10:59:00.000000000,QUERY_SPREAD,79
2019-06-28 10:59:00.000000000,BEST_BID,"JPM,100210,170"
2019-06-28 10:59:00.000000000,BEST_ASK,"JPM,100642,159"
2019-06-28 10:59:00.000000000,LAST_TRADE,"6,$100642.0000"
2019-06-28 10:59:00.000000000,QUERY_SPREAD,80
2019-06-28 10:59:00.000000000,BEST_BID,"JPM,100210,170"
2019-06-28 10:59:00.000000000,BEST_ASK,"JPM,100642,154"
2019-06-28 10:59:00.000000000,LAST_TRADE,"5,$100642.0000"
2019-06-28 10:59:00.000000000,QUERY_SPREAD,81
2019-06-28 10:59:00.000000000,BEST_BID,"JPM,100210,170"
2019-06-28 10:59:00.000000000,BEST_ASK,"JPM,100642,146"
2019-06-28 10:59:00.000000000,LAST_TRADE,"8,$100642.0000"
2019-06-28 10:59:00.000000000,QUERY_SPREAD,82
2019-06-28 10:59:00.000000000,BEST_BID,"JPM,100210,170"
2019-06-28 10:59:00.000000000,BEST_ASK,"JPM,100642,138"
2019-06-28 10:59:00.000000000,LAST_TRADE,"8,$100642.0000"
2019-06-28 10:59:00.000000000,QUERY_SPREAD,83
2019-06-28 10:59:00.000000000,BEST_BID,"JPM,100210,170"
2019-06-28 10:59:00.000000000,BEST_ASK,"JPM,100642,136"
2019-06-28 10:59:00.000000000,LAST_TRADE,"2,$100642.0000"
2019-06-28 10:59:00.000000000,QUERY_SPREAD,84
2019-06-28 10:59:00.000000000,BEST_BID,"JPM,100210,170"
2019-06-28 10:59:00.000000000,BEST_ASK,"JPM,100642,135"
2019-06-28 10:59:00.000000000,LAST_TRADE,"1,$100642.0000"
2019-06-28 10:59:00.000000000,QUERY_SPREAD,85
2019-06-28 10:59:00.000000000,BEST_BID,"JPM,100210,170"
2019-06-28 10:59:00.000000000,BEST_ASK,"JPM,100642,134"
2019-06-28 10:59:00.000000000,LAST_TRADE,"1,$100642.0000"
2019-06-28 10:59:00.000000000,QUERY_SPREAD,86
2019-06-28 10:59:00.000000000,BEST_BID,"JPM,100210,170"
2019-06-28 10:59:00.000000000,BEST_ASK,"JPM,100642,128"
2019-06-28 10:59:00.000000000,LAST_TRADE,"6,$100642.0000"
2019-06-28 10:59:00.000000000,QUERY_SPREAD,87
2019-06-28 10:59:00.000000000,BEST_BID,"JPM,100210,170"
2019-06-28 10:59:00.000000000,BEST_ASK,"JPM,100642,125"
2019-06-28 10:59:00.000000000,LAST_TRADE,"3,$100642.0000"
2019-06-28 10:59:00.000000000,QUERY_SPREAD,88
2019-06-28 10:59:00.000000000,BEST_BID,"JPM,100210,170"
2019-06-28 10:59:00.000000000,BEST_ASK,"JPM,100642,121"
2019-06-28 10:59:00.000000000,LAST_TRADE,"4,$100642.0000"
2019-06-28 10:59:00.000000000,QUERY_SPREAD,89
2019-06-28 10:59:00.000000000,BEST_BID,"JPM,100210,170"
2019-06-28 10:59:00.000000000,BEST_ASK,"JPM,100642,117"
2019-06-28 10:59:00.000000000,LAST_TRADE,"4,$100642.0000"
2019-06-28 10:59:00.000000000,QUERY_SPREAD,90
2019-06-28 10:59:00.000000000,BEST_BID,"JPM,100210,170"
2019-06-28 10:59:00.000000000,BEST_ASK,"JPM,100642,110"
2019-06-28 10:59:00.000000000,LAST_TRADE,"7,$100642.0000"
2019-06-28 10:59:00.000000000,QUERY_SPREAD,91
2019-06-28 10:59:00.000000000,BEST_BID,"JPM,100210,170"
2019-06-28 10:59:00.000000000,BEST_ASK,"JPM,100642,102"
2019-06-28 10:59:00.000000000,LAST_TRADE,"8,$100642.0000"
2019-06-28 10:59:00.000000000,QUERY_SPREAD,92
2019-06-28 10:59:00.000000000,BEST_BID,"JPM,100210,170"
2019-06-28 10:59:00.000000000,BEST_ASK,"JPM,100642,97"
2019-06-28 10:59:00.000000000,LAST_TRADE,"5,$100642.0000"
2019-06-28 10:59:00.000000000,QUERY_SPREAD,93
2019-06-28 10:59:00.000000000,BEST_BID,"JPM,100210,170"
2019-06-28 10:59:00.000000000,BEST_ASK,"JPM,100642,94"
2019-06-28 10:59:00.000000000,LAST_TRADE,"3,$100642.0000"
2019-06-28 10:59:00.000000000,QUERY_SPREAD,94
2019-06-28 10:59:00.000000000,BEST_BID,"JPM,100210,170"
2019-06-28 10:59:00.000000000,BEST_ASK,"JPM,100642,90"
2019-06-28 10:59:00.000000000,LAST_TRADE,"4,$100642.0000"
2019-06-28 10:59:00.000000000,QUERY_SPREAD,95
2019-06-28 10:59:00.000000000,BEST_BID,"JPM,100210,170"
2019-06-28 10:59:00.000000000,BEST_ASK,"JPM,100642,85"
2019-06-28 10:59:00.000000000,LAST_TRADE,"5,$100642.0000"
2019-06-28 10:59:00.000000000,QUERY_SPREAD,96
2019-06-28 10:59:00.000000000,BEST_BID,"JPM,100210,170"
2019-06-28 10:59:00.000000000,BEST_ASK,"JPM,100642,84"
2019-06-28 10:59:00.000000000,LAST_TRADE,"1,$100642.0000"
2019-06-28 10:59:00.000000000,QUERY_SPREAD,97
2019-06-28 10:59:00.000000000,BEST_BID,"JPM,100210,170"
2019-06-28 10:59:00.000000000,BEST_ASK,"JPM,100642,77"
2019-06-28 10:59:00.000000000,LAST_TRADE,"7,$100642.0000"
2019-06-28 10:59:00.000000000,QUERY_SPREAD,98
2019-06-28 10:59:00.000000000,BEST_BID,"JPM,100210,170"
2019-06-28 10:59:00.000000000,BEST_ASK,"JPM,100642,71"
2019-06-28 10:59:00.000000000,LAST_TRADE,"6,$100642.0000"
2019-06-28 10:59:00.000000000,QUERY_SPREAD,99
2019-06-28 10:59:00.000000000,BEST_BID,"JPM,100210,170"
2019-06-28 10:59:00.000000000,BEST_ASK,"JPM,100642,66"
2019-06-28 10:59:00.000000000,LAST_TRADE,"5,$100642.0000"
2019-06-28 10:59:00.000000000,QUERY_SPREAD,100
2019-06-28 10:59:00.000000000,BEST_BID,"JPM,100210,170"
2019-06-28 10:59:00.000000000,BEST_ASK,"JPM,100642,59"
2019-06-28 10:59:00.000000000,LAST_TRADE,"7,$100642.0000"
2019-06-28 10:59:00.000000000,QUERY_SPREAD,101
2019-06-28 10:59:00.000000000,QUERY_ORDER_STREAM,101
2019-06-28 10:59:10.000000000,QUERY_SPREAD,1
2019-06-28 10:59:10.000000000,BEST_BID,"JPM,100210,240"
2019-06-28 10:59:10.000000000,BEST_ASK,"JPM,100761,100"
2019-06-28 10:59:10.000000000,BEST_BID,"JPM,100210,240"
2019-06-28 10:59:10.000000000,BEST_ASK,"JPM,100761,100"
2019-06-28 10:59:10.000000000,BEST_BID,"JPM,100210,240"
2019-06-28 10:59:10.000000000,BEST_ASK,"JPM,100761,240"
2019-06-28 10:59:10.000000000,BEST_BID,"JPM,100210,240"
2019-06-28 10:59:10.000000000,BEST_ASK,"JPM,100761,240"
2019-06-28 10:59:20.000000000,QUERY_SPREAD,1
2019-06-28 10:59:20.000000000,BEST_BID,"JPM,100210,156"
2019-06-28 10:59:20.000000000,BEST_ASK,"JPM,100761,100"
2019-06-28 10:59:20.000000000,BEST_BID,"JPM,100210,156"
2019-06-28 10:59:20.000000000,BEST_ASK,"JPM,100761,100"
2019-06-28 10:59:20.000000000,BEST_BID,"JPM,100210,156"
2019-06-28 10:59:20.000000000,BEST_ASK,"JPM,100761,100"
2019-06-28 10:59:20.000000000,BEST_BID,"JPM,100210,156"
2019-06-28 10:59:20.000000000,BEST_ASK,"JPM,100761,100"
2019-06-28 10:59:20.000000000,BEST_BID,"JPM,100210,156"
2019-06-28 10:59:20.000000000,BEST_ASK,"JPM,100761,100"
2019-06-28 10:59:20.000000000,BEST_BID,"JPM,100210,156"
2019-06-28 10:59:20.000000000,BEST_ASK,"JPM,100761,156"
2019-06-28 10:59:20.000000000,BEST_BID,"JPM,100210,156"
2019-06-28 10:59:20.000000000,BEST_ASK,"JPM,100761,156"
2019-06-28 10:59:20.000000000,BEST_BID,"JPM,100210,156"
2019-06-28 10:59:20.000000000,BEST_ASK,"JPM,100761,156"
2019-06-28 10:59:20.000000000,BEST_BID,"JPM,100210,156"
2019-06-28 10:59:20.000000000,BEST_ASK,"JPM,100761,156"
2019-06-28 10:59:20.000000000,BEST_BID,"JPM,100210,156"
2019-06-28 10:59:20.000000000,BEST_ASK,"JPM,100761,156"
2019-06-28 10:59:27.284534509,QUERY_SPREAD,15
2019-06-28 10:59:27.284534509,BEST_BID,"JPM,100210,156"
2019-06-28 10:59:27.284534509,BEST_ASK,"JPM,100761,156"
2019-06-28 10:59:30.000000000,QUERY_SPREAD,1
2019-06-28 10:59:30.000000000,BEST_BID,"JPM,100210,156"
2019-06-28 10:59:30.000000000,BEST_ASK,"JPM,100761,100"
2019-06-28 10:59:30.000000000,BEST_BID,"JPM,100210,156"
2019-06-28 10:59:30.000000000,BEST_ASK,"JPM,100761,100"
2019-06-28 10:59:30.000000000,BEST_BID,"JPM,100210,156"
2019-06-28 10:59:30.000000000,BEST_ASK,"JPM,100761,100"
2019-06-28 10:59:30.000000000,BEST_BID,"JPM,100210,156"
2019-06-28 10:59:30.000000000,BEST_ASK,"JPM,100761,100"
2019-06-28 10:59:30.000000000,BEST_BID,"JPM,100210,156"
2019-06-28 10:59:30.000000000,BEST_ASK,"JPM,100761,100"
2019-06-28 10:59:30.000000000,BEST_BID,"JPM,100210,156"
2019-06-28 10:59:30.000000000,BEST_ASK,"JPM,100761,156"
2019-06-28 10:59:30.000000000,BEST_BID,"JPM,100210,156"
2019-06-28 10:59:30.000000000,BEST_ASK,"JPM,100761,156"
2019-06-28 10:59:30.000000000,BEST_BID,"JPM,100210,156"
2019-06-28 10:59:30.000000000,BEST_ASK,"JPM,100761,156"
2019-06-28 10:59:30.000000000,BEST_BID,"JPM,100210,156"
2019-06-28 10:59:30.000000000,BEST_ASK,"JPM,100761,156"
2019-06-28 10:59:30.000000000,BEST_BID,"JPM,100210,156"
2019-06-28 10:59:30.000000000,BEST_ASK,"JPM,100761,156"
2019-06-28 10:59:40.000000000,QUERY_SPREAD,1
2019-06-28 10:59:40.000000000,BEST_BID,"JPM,100210,170"
2019-06-28 10:59:40.000000000,BEST_ASK,"JPM,100761,100"
2019-06-28 10:59:40.000000000,BEST_BID,"JPM,100210,170"
2019-06-28 10:59:40.000000000,BEST_ASK,"JPM,100761,100"
2019-06-28 10:59:40.000000000,BEST_BID,"JPM,100210,170"
2019-06-28 10:59:40.000000000,BEST_ASK,"JPM,100761,100"
2019-06-28 10:59:40.000000000,BEST_BID,"JPM,100210,170"
2019-06-28 10:59:40.000000000,BEST_ASK,"JPM,100761,100"
2019-06-28 10:59:40.000000000,BEST_BID,"JPM,100210,170"
2019-06-28 10:59:40.000000000,BEST_ASK,"JPM,100761,170"
2019-06-28 10:59:40.000000000,BEST_BID,"JPM,100210,170"
2019-06-28 10:59:40.000000000,BEST_ASK,"JPM,100761,170"
2019-06-28 10:59:40.000000000,BEST_BID,"JPM,100210,170"
2019-06-28 10:59:40.000000000,BEST_ASK,"JPM,100761,170"
2019-06-28 10:59:40.000000000,BEST_BID,"JPM,100210,170"
2019-06-28 10:59:40.000000000,BEST_ASK,"JPM,100761,170"
2019-06-28 10:59:40.538158124,QUERY_SPREAD,47
2019-06-28 10:59:40.538158124,BEST_BID,"JPM,100210,170"
2019-06-28 10:59:40.538158124,BEST_ASK,"JPM,100761,170"
2019-06-28 10:59:50.000000000,QUERY_SPREAD,1
2019-06-28 10:59:50.000000000,BEST_BID,"JPM,100210,156"
2019-06-28 10:59:50.000000000,BEST_ASK,"JPM,100761,100"
2019-06-28 10:59:50.000000000,BEST_BID,"JPM,100210,156"
2019-06-28 10:59:50.000000000,BEST_ASK,"JPM,100761,100"
2019-06-28 10:59:50.000000000,BEST_BID,"JPM,100210,156"
2019-06-28 10:59:50.000000000,BEST_ASK,"JPM,100761,100"
2019-06-28 10:59:50.000000000,BEST_BID,"JPM,100210,156"
2019-06-28 10:59:50.000000000,BEST_ASK,"JPM,100761,100"
2019-06-28 10:59:50.000000000,BEST_BID,"JPM,100210,156"
2019-06-28 10:59:50.000000000,BEST_ASK,"JPM,100761,100"
2019-06-28 10:59:50.000000000,BEST_BID,"JPM,100210,156"
2019-06-28 10:59:50.000000000,BEST_ASK,"JPM,100761,156"
2019-06-28 10:59:50.000000000,BEST_BID,"JPM,100210,156"
2019-06-28 10:59:50.000000000,BEST_ASK,"JPM,100761,156"
2019-06-28 10:59:50.000000000,BEST_BID,"JPM,100210,156"
2019-06-28 10:59:50.000000000,BEST_ASK,"JPM,100761,156"
2019-06-28 10:59:50.000000000,BEST_BID,"JPM,100210,156"
2019-06-28 10:59:50.000000000,BEST_ASK,"JPM,100761,156"
2019-06-28 10:59:50.000000000,BEST_BID,"JPM,100210,156"
2019-06-28 10:59:50.000000000,BEST_ASK,"JPM,100761,156"
2019-06-28 11:00:00.000000000,QUERY_SPREAD,1
2019-06-28 11:00:00.000000000,BEST_BID,"JPM,100210,380"
2019-06-28 11:00:00.000000000,BEST_ASK,"JPM,100761,100"
2019-06-28 11:00:00.000000000,BEST_BID,"JPM,100210,380"
2019-06-28 11:00:00.000000000,BEST_ASK,"JPM,100761,380"
2019-06-28 11:00:00.000000000,QUERY_SPREAD,77
2019-06-28 11:00:00.000000000,BEST_BID,"JPM,100210,380"
2019-06-28 11:00:00.000000000,BEST_ASK,"JPM,100761,379"
2019-06-28 11:00:00.000000000,LAST_TRADE,"1,$100761.0000"
2019-06-28 11:00:00.000000000,QUERY_SPREAD,78
2019-06-28 11:00:00.000000000,BEST_BID,"JPM,100210,380"
2019-06-28 11:00:00.000000000,BEST_ASK,"JPM,100761,375"
2019-06-28 11:00:00.000000000,LAST_TRADE,"4,$100761.0000"
2019-06-28 11:00:00.000000000,QUERY_SPREAD,79
2019-06-28 11:00:00.000000000,BEST_BID,"JPM,100210,380"
2019-06-28 11:00:00.000000000,BEST_ASK,"JPM,100761,369"
2019-06-28 11:00:00.000000000,LAST_TRADE,"6,$100761.0000"
2019-06-28 11:00:00.000000000,QUERY_SPREAD,80
2019-06-28 11:00:00.000000000,BEST_BID,"JPM,100210,380"
2019-06-28 11:00:00.000000000,BEST_ASK,"JPM,100761,364"
2019-06-28 11:00:00.000000000,LAST_TRADE,"5,$100761.0000"
2019-06-28 11:00:00.000000000,QUERY_SPREAD,81
2019-06-28 11:00:00.000000000,BEST_BID,"JPM,100210,380"
2019-06-28 11:00:00.000000000,BEST_ASK,"JPM,100761,356"
2019-06-28 11:00:00.000000000,LAST_TRADE,"8,$100761.0000"
2019-06-28 11:00:00.000000000,QUERY_SPREAD,82
2019-06-28 11:00:00.000000000,BEST_BID,"JPM,100210,380"
2019-06-28 11:00:00.000000000,BEST_ASK,"JPM,100761,348"
2019-06-28 11:00:00.000000000,LAST_TRADE,"8,$100761.0000"
2019-06-28 11:00:00.000000000,QUERY_SPREAD,83
2019-06-28 11:00:00.000000000,BEST_BID,"JPM,100210,380"
2019-06-28 11:00:00.000000000,BEST_ASK,"JPM,100761,346"
2019-06-28 11:00:00.000000000,LAST_TRADE,"2,$100761.0000"
2019-06-28 11:00:00.000000000,QUERY_SPREAD,84
2019-06-28 11:00:00.000000000,BEST_BID,"JPM,100210,380"
2019-06-28 11:00:00.000000000,BEST_ASK,"JPM,100761,345"
2019-06-28 11:00:00.000000000,LAST_TRADE,"1,$100761.0000"
2019-06-28 11:00:00.000000000,QUERY_SPREAD,85
2019-06-28 11:00:00.000000000,BEST_BID,"JPM,100210,380"
2019-06-28 11:00:00.000000000,BEST_ASK,"JPM,100761,344"
2019-06-28 11:00:00.000000000,LAST_TRADE,"1,$100761.0000"
2019-06-28 11:00:00.000000000,QUERY_SPREAD,86
2019-06-28 11:00:00.000000000,BEST_BID,"JPM,100210,380"
2019-06-28 11:00:00.000000000,BEST_ASK,"JPM,100761,338"
2019-06-28 11:00:00.000000000,LAST_TRADE,"6,$100761.0000"
2019-06-28 11:00:00.000000000,QUERY_SPREAD,87
2019-06-28 11:00:00.000000000,BEST_BID,"JPM,100210,380"
2019-06-28 11:00:00.000000000,BEST_ASK,"JPM,100761,335"
2019-06-28 11:00:00.000000000,LAST_TRADE,"3,$100761.0000"
2019-06-28 11:00:00.000000000,QUERY_SPREAD,88
2019-06-28 11:00:00.000000000,BEST_BID,"JPM,100210,380"
2019-06-28 11:00:00.000000000,BEST_ASK,"JPM,100761,331"
2019-06-28 11:00:00.000000000,LAST_TRADE,"4,$100761.0000"
2019-06-28 11:00:00.000000000,QUERY_SPREAD,89
2019-06-28 11:00:00.000000000,BEST_BID,"JPM,100210,380"
2019-06-28 11:00:00.000000000,BEST_ASK,"JPM,100761,327"
2019-06-28 11:00:00.000000000,LAST_TRADE,"4,$100761.0000"
2019-06-28 11:00:00.000000000,QUERY_SPREAD,90
2019-06-28 11:00:00.000000000,BEST_BID,"JPM,100210,380"
2019-06-28 11:00:00.000000000,BEST_ASK,"JPM,100761,320"
2019-06-28 11:00:00.000000000,LAST_TRADE,"7,$100761.0000"
2019-06-28 11:00:00.000000000,QUERY_SPREAD,91
2019-06-28 11:00:00.000000000,BEST_BID,"JPM,100210,380"
2019-06-28 11:00:00.000000000,BEST_ASK,"JPM,100761,312"
2019-06-28 11:00:00.000000000,LAST_TRADE,"8,$100761.0000"
2019-06-28 11:00:00.000000000,QUERY_SPREAD,92
2019-06-28 11:00:00.000000000,BEST_BID,"JPM,100210,380"
2019-06-28 11:00:00.000000000,BEST_ASK,"JPM,100761,307"
2019-06-28 11:00:00.000000000,LAST_TRADE,"5,$100761.0000"
2019-06-28 11:00:00.000000000,QUERY_SPREAD,93
2019-06-28 11:00:00.000000000,BEST_BID,"JPM,100210,380"
2019-06-28 11:00:00.000000000,BEST_ASK,"JPM,100761,304"
2019-06-28 11:00:00.000000000,LAST_TRADE,"3,$100761.0000"
2019-06-28 11:00:00.000000000,QUERY_SPREAD,94
2019-06-28 11:00:00.000000000,BEST_BID,"JPM,100210,380"
2019-06-28 11:00:00.000000000,BEST_ASK,"JPM,100761,300"
2019-06-28 11:00:00.000000000,LAST_TRADE,"4,$100761.0000"
2019-06-28 11:00:00.000000000,QUERY_SPREAD,95
2019-06-28 11:00:00.000000000,BEST_BID,"JPM,100210,380"
2019-06-28 11:00:00.000000000,BEST_ASK,"JPM,100761,295"
2019-06-28 11:00:00.000000000,LAST_TRADE,"5,$100761.0000"
2019-06-28 11:00:00.000000000,QUERY_SPREAD,96
2019-06-28 11:00:00.000000000,BEST_BID,"JPM,100210,380"
2019-06-28 11:00:00.000000000,BEST_ASK,"JPM,100761,294"
2019-06-28 11:00:00.000000000,LAST_TRADE,"1,$100761.0000"
2019-06-28 11:00:00.000000000,QUERY_SPREAD,97
2019-06-28 11:00:00.000000000,BEST_BID,"JPM,100210,380"
2019-06-28 11:00:00.000000000,BEST_ASK,"JPM,100761,287"
2019-06-28 11:00:00.000000000,LAST_TRADE,"7,$100761.0000"
2019-06-28 11:00:00.000000000,QUERY_SPREAD,98
2019-06-28 11:00:00.000000000,BEST_BID,"JPM,100210,380"
2019-06-28 11:00:00.000000000,BEST_ASK,"JPM,100761,281"
2019-06-28 11:00:00.000000000,LAST_TRADE,"6,$100761.0000"
2019-06-28 11:00:00.000000000,QUERY_SPREAD,99
2019-06-28 11:00:00.000000000,BEST_BID,"JPM,100210,380"
2019-06-28 11:00:00.000000000,BEST_ASK,"JPM,100761,276"
2019-06-28 11:00:00.000000000,LAST_TRADE,"5,$100761.0000"
2019-06-28 11:00:00.000000000,QUERY_SPREAD,100
2019-06-28 11:00:00.000000000,BEST_BID,"JPM,100210,380"
2019-06-28 11:00:00.000000000,BEST_ASK,"JPM,100761,269"
2019-06-28 11:00:00.000000000,LAST_TRADE,"7,$100761.0000"
2019-06-28 11:00:00.000000000,QUERY_SPREAD,101
2019-06-28 11:00:00.000000000,QUERY_ORDER_STREAM,101
2019-06-28 11:00:02.636925098,QUERY_SPREAD,50
2019-06-28 11:00:02.636925098,BEST_BID,"JPM,100210,280"
2019-06-28 11:00:02.636925098,BEST_ASK,"JPM,100761,269"
2019-06-28 11:00:02.636925098,LAST_TRADE,"100,$100210.0000"
2019-06-28 11:00:10.000000000,QUERY_SPREAD,1
2019-06-28 11:00:10.000000000,BEST_BID,"JPM,100140,240"
2019-06-28 11:00:10.000000000,BEST_ASK,"JPM,101056,1"
2019-06-28 11:00:10.000000000,BEST_BID,"JPM,100140,240"
2019-06-28 11:00:10.000000000,BEST_ASK,"JPM,101056,1"
2019-06-28 11:00:10.000000000,BEST_BID,"JPM,100140,240"
2019-06-28 11:00:10.000000000,BEST_ASK,"JPM,101056,141"
2019-06-28 11:00:10.000000000,BEST_BID,"JPM,100140,240"
2019-06-28 11:00:10.000000000,BEST_ASK,"JPM,101056,141"
2019-06-28 11:00:20.000000000,QUERY_SPREAD,1
2019-06-28 11:00:20.000000000,BEST_BID,"JPM,100140,195"
2019-06-28 11:00:20.000000000,BEST_ASK,"JPM,101056,1"
2019-06-28 11:00:20.000000000,BEST_BID,"JPM,100140,195"
2019-06-28 11:00:20.000000000,BEST_ASK,"JPM,101056,1"
2019-06-28 11:00:20.000000000,BEST_BID,"JPM,100140,195"
2019-06-28 11:00:20.000000000,BEST_ASK,"JPM,101056,1"
2019-06-28 11:00:20.000000000,BEST_BID,"JPM,100140,195"
2019-06-28 11:00:20.000000000,BEST_ASK,"JPM,101056,96"
2019-06-28 11:00:20.000000000,BEST_BID,"JPM,100140,195"
2019-06-28 11:00:20.000000000,BEST_ASK,"JPM,101056,96"
2019-06-28 11:00:20.000000000,BEST_BID,"JPM,100140,195"
2019-06-28 11:00:20.000000000,BEST_ASK,"JPM,101056,96"
2019-06-28 11:00:30.000000000,QUERY_SPREAD,1
2019-06-28 11:00:30.000000000,BEST_BID,"JPM,100140,240"
2019-06-28 11:00:30.000000000,BEST_ASK,"JPM,101056,1"
2019-06-28 11:00:30.000000000,BEST_BID,"JPM,100140,240"
2019-06-28 11:00:30.000000000,BEST_ASK,"JPM,101056,1"
2019-06-28 11:00:30.000000000,BEST_BID,"JPM,100140,240"
2019-06-28 11:00:30.000000000,BEST_ASK,"JPM,101056,141"
2019-06-28 11:00:30.000000000,BEST_BID,"JPM,100140,240"
2019-06-28 11:00:30.000000000,BEST_ASK,"JPM,101056,141"
2019-06-28 11:00:40.000000000,QUERY_SPREAD,1
2019-06-28 11:00:40.000000000,BEST_BID,"JPM,100140,195"
2019-06-28 11:00:40.000000000,BEST_ASK,"JPM,101056,1"
2019-06-28 11:00:40.000000000,BEST_BID,"JPM,100140,195"
2019-06-28 11:00:40.000000000,BEST_ASK,"JPM,101056,1"
2019-06-28 11:00:40.000000000,BEST_BID,"JPM,100140,195"
2019-06-28 11:00:40.000000000,BEST_ASK,"JPM,101056,1"
2019-06-28 11:00:40.000000000,BEST_BID,"JPM,100140,195"
2019-06-28 11:00:40.000000000,BEST_ASK,"JPM,101056,96"
2019-06-28 11:00:40.000000000,BEST_BID,"JPM,100140,195"
2019-06-28 11:00:40.000000000,BEST_ASK,"JPM,101056,96"
2019-06-28 11:00:40.000000000,BEST_BID,"JPM,100140,195"
2019-06-28 11:00:40.000000000,BEST_ASK,"JPM,101056,96"
2019-06-28 11:00:49.042315032,QUERY_SPREAD,43
2019-06-28 11:00:49.042315032,BEST_BID,"JPM,100140,195"
2019-06-28 11:00:49.042315032,BEST_ASK,"JPM,101056,96"
2019-06-28 11:00:50.000000000,QUERY_SPREAD,1
2019-06-28 11:00:50.000000000,BEST_BID,"JPM,100140,170"
2019-06-28 11:00:50.000000000,BEST_ASK,"JPM,101056,1"
2019-06-28 11:00:50.000000000,BEST_BID,"JPM,100140,170"
2019-06-28 11:00:50.000000000,BEST_ASK,"JPM,101056,1"
2019-06-28 11:00:50.000000000,BEST_BID,"JPM,100140,170"
2019-06-28 11:00:50.000000000,BEST_ASK,"JPM,101056,1"
2019-06-28 11:00:50.000000000,BEST_BID,"JPM,100140,170"
2019-06-28 11:00:50.000000000,BEST_ASK,"JPM,101056,1"
2019-06-28 11:00:50.000000000,BEST_BID,"JPM,100140,170"
2019-06-28 11:00:50.000000000,BEST_ASK,"JPM,101056,71"
2019-06-28 11:00:50.000000000,BEST_BID,"JPM,100140,170"
2019-06-28 11:00:50.000000000,BEST_ASK,"JPM,101056,71"
2019-06-28 11:00:50.000000000,BEST_BID,"JPM,100140,170"
2019-06-28 11:00:50.000000000,BEST_ASK,"JPM,101056,71"
2019-06-28 11:00:50.000000000,BEST_BID,"JPM,100140,170"
2019-06-28 11:00:50.000000000,BEST_ASK,"JPM,101056,71"
2019-06-28 11:01:00.000000000,QUERY_SPREAD,1
2019-06-28 11:01:00.000000000,BEST_BID,"JPM,100140,170"
2019-06-28 11:01:00.000000000,BEST_ASK,"JPM,101056,1"
2019-06-28 11:01:00.000000000,BEST_BID,"JPM,100140,170"
2019-06-28 11:01:00.000000000,BEST_ASK,"JPM,101056,1"
2019-06-28 11:01:00.000000000,BEST_BID,"JPM,100140,170"
2019-06-28 11:01:00.000000000,BEST_ASK,"JPM,101056,1"
2019-06-28 11:01:00.000000000,BEST_BID,"JPM,100140,170"
2019-06-28 11:01:00.000000000,BEST_ASK,"JPM,101056,1"
2019-06-28 11:01:00.000000000,BEST_BID,"JPM,100140,170"
2019-06-28 11:01:00.000000000,BEST_ASK,"JPM,101056,71"
2019-06-28 11:01:00.000000000,BEST_BID,"JPM,100140,170"
2019-06-28 11:01:00.000000000,BEST_ASK,"JPM,101056,71"
2019-06-28 11:01:00.000000000,BEST_BID,"JPM,100140,170"
2019-06-28 11:01:00.000000000,BEST_ASK,"JPM,101056,71"
2019-06-28 11:01:00.000000000,BEST_BID,"JPM,100140,170"
2019-06-28 11:01:00.000000000,BEST_ASK,"JPM,101056,71"
2019-06-28 11:01:00.000000000,QUERY_SPREAD,77
2019-06-28 11:01:00.000000000,BEST_BID,"JPM,100140,170"
2019-06-28 11:01:00.000000000,BEST_ASK,"JPM,101056,70"
2019-06-28 11:01:00.000000000,LAST_TRADE,"1,$101056.0000"
2019-06-28 11:01:00.000000000,QUERY_SPREAD,78
2019-06-28 11:01:00.000000000,BEST_BID,"JPM,100140,170"
2019-06-28 11:01:00.000000000,BEST_ASK,"JPM,101056,66"
2019-06-28 11:01:00.000000000,LAST_TRADE,"4,$101056.0000"
2019-06-28 11:01:00.000000000,QUERY_SPREAD,79
2019-06-28 11:01:00.000000000,BEST_BID,"JPM,100140,170"
2019-06-28 11:01:00.000000000,BEST_ASK,"JPM,101056,60"
2019-06-28 11:01:00.000000000,LAST_TRADE,"6,$101056.0000"
2019-06-28 11:01:00.000000000,QUERY_SPREAD,80
2019-06-28 11:01:00.000000000,BEST_BID,"JPM,100140,170"
2019-06-28 11:01:00.000000000,BEST_ASK,"JPM,101056,55"
2019-06-28 11:01:00.000000000,LAST_TRADE,"5,$101056.0000"
2019-06-28 11:01:00.000000000,QUERY_SPREAD,81
2019-06-28 11:01:00.000000000,BEST_BID,"JPM,100140,170"
2019-06-28 11:01:00.000000000,BEST_ASK,"JPM,101056,47"
2019-06-28 11:01:00.000000000,LAST_TRADE,"8,$101056.0000"
2019-06-28 11:01:00.000000000,QUERY_SPREAD,82
2019-06-28 11:01:00.000000000,BEST_BID,"JPM,100140,170"
2019-06-28 11:01:00.000000000,BEST_ASK,"JPM,101056,39"
2019-06-28 11:01:00.000000000,LAST_TRADE,"8,$101056.0000"
2019-06-28 11:01:00.000000000,QUERY_SPREAD,83
2019-06-28 11:01:00.000000000,BEST_BID,"JPM,100140,170"
2019-06-28 11:01:00.000000000,BEST_ASK,"JPM,101056,37"
2019-06-28 11:01:00.000000000,LAST_TRADE,"2,$101056.0000"
2019-06-28 11:01:00.000000000,QUERY_SPREAD,84
2019-06-28 11:01:00.000000000,BEST_BID,"JPM,100140,170"
2019-06-28 11:01:00.000000000,BEST_ASK,"JPM,101056,36"
2019-06-28 11:01:00.000000000,LAST_TRADE,"1,$101056.0000"
2019-06-28 11:01:00.000000000,QUERY_SPREAD,85
2019-06-28 11:01:00.000000000,BEST_BID,"JPM,100140,170"
2019-06-28 11:01:00.000000000,BEST_ASK,"JPM,101056,35"
2019-06-28 11:01:00.000000000,LAST_TRADE,"1,$101056.0000"
2019-06-28 11:01:00.000000000,QUERY_SPREAD,86
2019-06-28 11:01:00.000000000,BEST_BID,"JPM,100140,170"
2019-06-28 11:01:00.000000000,BEST_ASK,"JPM,101056,29"
2019-06-28 11:01:00.000000000,LAST_TRADE,"6,$101056.0000"
2019-06-28 11:01:00.000000000,QUERY_SPREAD,87
2019-06-28 11:01:00.000000000,BEST_BID,"JPM,100140,170"
2019-06-28 11:01:00.000000000,BEST_ASK,"JPM,101056,26"
2019-06-28 11:01:00.000000000,LAST_TRADE,"3,$101056.0000"
2019-06-28 11:01:00.000000000,QUERY_SPREAD,88
2019-06-28 11:01:00.000000000,BEST_BID,"JPM,100140,170"
2019-06-28 11:01:00.000000000,BEST_ASK,"JPM,101056,22"
2019-06-28 11:01:00.000000000,LAST_TRADE,"4,$101056.0000"
2019-06-28 11:01:00.000000000,QUERY_SPREAD,89
2019-06-28 11:01:00.000000000,BEST_BID,"JPM,100140,170"
2019-06-28 11:01:00.000000000,BEST_ASK,"JPM,101056,18"
2019-06-28 11:01:00.000000000,LAST_TRADE,"4,$101056.0000"
2019-06-28 11:01:00.000000000,QUERY_SPREAD,90
2019-06-28 11:01:00.000000000,BEST_BID,"JPM,100140,170"
2019-06-28 11:01:00.000000000,BEST_ASK,"JPM,101056,11"
2019-06-28 11:01:00.000000000,LAST_TRADE,"7,$101056.0000"
2019-06-28 11:01:00.000000000,QUERY_SPREAD,91
2019-06-28 11:01:00.000000000,BEST_BID,"JPM,100140,170"
2019-06-28 11:01:00.000000000,BEST_ASK,"JPM,101056,3"
2019-06-28 11:01:00.000000000,LAST_TRADE,"8,$101056.0000"
2019-06-28 11:01:00.000000000,QUERY_SPREAD,92
2019-06-28 11:01:00.000000000,BEST_BID,"JPM,101056,2"
2019-06-28 11:01:00.000000000,BEST_ASK,"JPM,101057,171"
2019-06-28 11:01:00.000000000,LAST_TRADE,"3,$101056.0000"
2019-06-28 11:01:00.000000000,QUERY_SPREAD,93
2019-06-28 11:01:00.000000000,BEST_BID,"JPM,101056,2"
2019-06-28 11:01:00.000000000,BEST_ASK,"JPM,101057,168"
2019-06-28 11:01:00.000000000,LAST_TRADE,"3,$101057.0000"
2019-06-28 11:01:00.000000000,QUERY_SPREAD,94
2019-06-28 11:01:00.000000000,BEST_BID,"JPM,101056,2"
2019-06-28 11:01:00.000000000,BEST_ASK,"JPM,101057,164"
2019-06-28 11:01:00.000000000,LAST_TRADE,"4,$101057.0000"
2019-06-28 11:01:00.000000000,QUERY_SPREAD,95
2019-06-28 11:01:00.000000000,BEST_BID,"JPM,101056,2"
2019-06-28 11:01:00.000000000,BEST_ASK,"JPM,101057,159"
2019-06-28 11:01:00.000000000,LAST_TRADE,"5,$101057.0000"
2019-06-28 11:01:00.000000000,QUERY_SPREAD,96
2019-06-28 11:01:00.000000000,BEST_BID,"JPM,101056,2"
2019-06-28 11:01:00.000000000,BEST_ASK,"JPM,101057,158"
2019-06-28 11:01:00.000000000,LAST_TRADE,"1,$101057.0000"
2019-06-28 11:01:00.000000000,QUERY_SPREAD,97
2019-06-28 11:01:00.000000000,BEST_BID,"JPM,101056,2"
2019-06-28 11:01:00.000000000,BEST_ASK,"JPM,101057,151"
2019-06-28 11:01:00.000000000,LAST_TRADE,"7,$101057.0000"
2019-06-28 11:01:00.000000000,QUERY_SPREAD,98
2019-06-28 11:01:00.000000000,BEST_BID,"JPM,101056,2"
2019-06-28 11:01:00.000000000,BEST_ASK,"JPM,101057,145"
2019-06-28 11:01:00.000000000,LAST_TRADE,"6,$101057.0000"
2019-06-28 11:01:00.000000000,QUERY_SPREAD,99
2019-06-28 11:01:00.000000000,BEST_BID,"JPM,101056,2"
2019-06-28 11:01:00.000000000,BEST_ASK,"JPM,101057,140"
2019-06-28 11:01:00.000000000,LAST_TRADE,"5,$101057.0000"
2019-06-28 11:01:00.000000000,QUERY_SPREAD,100
2019-06-28 11:01:00.000000000,BEST_BID,"JPM,101056,2"
2019-06-28 11:01:00.000000000,BEST_ASK,"JPM,101057,133"
2019-06-28 11:01:00.000000000,LAST_TRADE,"7,$101057.0000"
2019-06-28 11:01:00.000000000,QUERY_SPREAD,101
2019-06-28 11:01:00.000000000,QUERY_ORDER_STREAM,101
2019-06-28 11:01:00.000000000,BEST_BID,"JPM,101056,2"
2019-06-28 11:01:00.000000000,BEST_ASK,"JPM,101057,134"
2019-06-28 11:01:02.642182416,QUERY_SPREAD,13
2019-06-28 11:01:02.642182416,BEST_BID,"JPM,101056,2"
2019-06-28 11:01:02.642182416,BEST_ASK,"JPM,101057,134"
2019-06-28 11:01:10.000000000,QUERY_SPREAD,1
2019-06-28 11:01:10.000000000,BEST_BID,"JPM,101056,72"
2019-06-28 11:01:10.000000000,BEST_ASK,"JPM,101057,64"
2019-06-28 11:01:10.000000000,BEST_BID,"JPM,101056,72"
2019-06-28 11:01:10.000000000,BEST_ASK,"JPM,101057,64"
2019-06-28 11:01:10.000000000,BEST_BID,"JPM,101056,72"
2019-06-28 11:01:10.000000000,BEST_ASK,"JPM,101057,64"
2019-06-28 11:01:10.000000000,BEST_BID,"JPM,101056,72"
2019-06-28 11:01:10.000000000,BEST_ASK,"JPM,101057,64"
2019-06-28 11:01:10.000000000,BEST_BID,"JPM,101056,72"
2019-06-28 11:01:10.000000000,BEST_ASK,"JPM,101057,134"
2019-06-28 11:01:10.000000000,BEST_BID,"JPM,101056,72"
2019-06-28 11:01:10.000000000,BEST_ASK,"JPM,101057,134"
2019-06-28 11:01:10.000000000,BEST_BID,"JPM,101056,72"
2019-06-28 11:01:10.000000000,BEST_ASK,"JPM,101057,134"
2019-06-28 11:01:10.000000000,BEST_BID,"JPM,101056,72"
2019-06-28 11:01:10.000000000,BEST_ASK,"JPM,101057,134"
2019-06-28 11:01:20.000000000,QUERY_SPREAD,1
2019-06-28 11:01:20.000000000,BEST_BID,"JPM,101056,58"
2019-06-28 11:01:20.000000000,BEST_ASK,"JPM,101057,64"
2019-06-28 11:01:20.000000000,BEST_BID,"JPM,101056,58"
2019-06-28 11:01:20.000000000,BEST_ASK,"JPM,101057,64"
2019-06-28 11:01:20.000000000,BEST_BID,"JPM,101056,58"
2019-06-28 11:01:20.000000000,BEST_ASK,"JPM,101057,64"
2019-06-28 11:01:20.000000000,BEST_BID,"JPM,101056,58"
2019-06-28 11:01:20.000000000,BEST_ASK,"JPM,101057,64"
2019-06-28 11:01:20.000000000,BEST_BID,"JPM,101056,58"
2019-06-28 11:01:20.000000000,BEST_ASK,"JPM,101057,64"
2019-06-28 11:01:20.000000000,BEST_BID,"JPM,101056,58"
2019-06-28 11:01:20.000000000,BEST_ASK,"JPM,101057,120"
2019-06-28 11:01:20.000000000,BEST_BID,"JPM,101056,58"
2019-06-28 11:01:20.000000000,BEST_ASK,"JPM,101057,120"
2019-06-28 11:01:20.000000000,BEST_BID,"JPM,101056,58"
2019-06-28 11:01:20.000000000,BEST_ASK,"JPM,101057,120"
2019-06-28 11:01:20.000000000,BEST_BID,"JPM,101056,58"
2019-06-28 11:01:20.000000000,BEST_ASK,"JPM,101057,120"
2019-06-28 11:01:20.000000000,BEST_BID,"JPM,101056,58"
2019-06-28 11:01:20.000000000,BEST_ASK,"JPM,101057,120"
2019-06-28 11:01:26.854456341,QUERY_SPREAD,24
2019-06-28 11:01:26.854456341,BEST_BID,"JPM,101056,58"
2019-06-28 11:01:26.854456341,BEST_ASK,"JPM,101057,120"
2019-06-28 11:01:30.000000000,QUERY_SPREAD,1
2019-06-28 11:01:30.000000000,BEST_BID,"JPM,101056,142"
2019-06-28 11:01:30.000000000,BEST_ASK,"JPM,101057,64"
2019-06-28 11:01:30.000000000,BEST_BID,"JPM,101056,142"
2019-06-28 11:01:30.000000000,BEST_ASK,"JPM,101057,64"
2019-06-28 11:01:30.000000000,BEST_BID,"JPM,101056,142"
2019-06-28 11:01:30.000000000,BEST_ASK,"JPM,101057,204"
2019-06-28 11:01:30.000000000,BEST_BID,"JPM,101056,142"
2019-06-28 11:01:30.000000000,BEST_ASK,"JPM,101057,204"
2019-06-28 11:01:30.428344774,QUERY_ORDER_STREAM,63
2019-06-28 11:01:30.428344774,QUERY_SPREAD,63
2019-06-28 11:01:30.428344774,BEST_BID,"JPM,101056,142"
2019-06-28 11:01:30.428344774,BEST_ASK,"JPM,101057,304"
2019-06-28 11:01:40.000000000,QUERY_SPREAD,1
2019-06-28 11:01:40.000000000,BEST_BID,"JPM,101056,142"
2019-06-28 11:01:40.000000000,BEST_ASK,"JPM,101057,164"
2019-06-28 11:01:40.000000000,BEST_BID,"JPM,101056,142"
2019-06-28 11:01:40.000000000,BEST_ASK,"JPM,101057,164"
2019-06-28 11:01:40.000000000,BEST_BID,"JPM,101056,142"
2019-06-28 11:01:40.000000000,BEST_ASK,"JPM,101057,304"
2019-06-28 11:01:40.000000000,BEST_BID,"JPM,101056,142"
2019-06-28 11:01:40.000000000,BEST_ASK,"JPM,101057,304"
2019-06-28 11:01:50.000000000,QUERY_SPREAD,1
2019-06-28 11:01:50.000000000,BEST_BID,"JPM,101056,142"
2019-06-28 11:01:50.000000000,BEST_ASK,"JPM,101057,164"
2019-06-28 11:01:50.000000000,BEST_BID,"JPM,101056,142"
2019-06-28 11:01:50.000000000,BEST_ASK,"JPM,101057,164"
2019-06-28 11:01:50.000000000,BEST_BID,"JPM,101056,142"
2019-06-28 11:01:50.000000000,BEST_ASK,"JPM,101057,304"
2019-06-28 11:01:50.000000000,BEST_BID,"JPM,101056,142"
2019-06-28 11:01:50.000000000,BEST_ASK,"JPM,101057,304"
2019-06-28 11:02:00.000000000,QUERY_SPREAD,1
2019-06-28 11:02:00.000000000,BEST_BID,"JPM,101056,282"
2019-06-28 11:02:00.000000000,BEST_ASK,"JPM,101057,164"
2019-06-28 11:02:00.000000000,BEST_BID,"JPM,101056,282"
2019-06-28 11:02:00.000000000,BEST_ASK,"JPM,101057,444"
2019-06-28 11:02:00.000000000,QUERY_SPREAD,77
2019-06-28 11:02:00.000000000,BEST_BID,"JPM,101056,282"
2019-06-28 11:02:00.000000000,BEST_ASK,"JPM,101057,443"
2019-06-28 11:02:00.000000000,LAST_TRADE,"1,$101057.0000"
2019-06-28 11:02:00.000000000,QUERY_SPREAD,78
2019-06-28 11:02:00.000000000,BEST_BID,"JPM,101056,282"
2019-06-28 11:02:00.000000000,BEST_ASK,"JPM,101057,439"
2019-06-28 11:02:00.000000000,LAST_TRADE,"4,$101057.0000"
2019-06-28 11:02:00.000000000,QUERY_SPREAD,79
2019-06-28 11:02:00.000000000,BEST_BID,"JPM,101056,282"
2019-06-28 11:02:00.000000000,BEST_ASK,"JPM,101057,433"
2019-06-28 11:02:00.000000000,LAST_TRADE,"6,$101057.0000"
2019-06-28 11:02:00.000000000,QUERY_SPREAD,80
2019-06-28 11:02:00.000000000,BEST_BID,"JPM,101056,282"
2019-06-28 11:02:00.000000000,BEST_ASK,"JPM,101057,428"
2019-06-28 11:02:00.000000000,LAST_TRADE,"5,$101057.0000"
2019-06-28 11:02:00.000000000,QUERY_SPREAD,81
2019-06-28 11:02:00.000000000,BEST_BID,"JPM,101056,282"
2019-06-28 11:02:00.000000000,BEST_ASK,"JPM,101057,420"
2019-06-28 11:02:00.000000000,LAST_TRADE,"8,$101057.0000"
2019-06-28 11:02:00.000000000,QUERY_SPREAD,82
2019-06-28 11:02:00.000000000,BEST_BID,"JPM,101056,282"
2019-06-28 11:02:00.000000000,BEST_ASK,"JPM,101057,412"
2019-06-28 11:02:00.000000000,LAST_TRADE,"8,$101057.0000"
2019-06-28 11:02:00.000000000,QUERY_SPREAD,83
2019-06-28 11:02:00.000000000,BEST_BID,"JPM,101056,282"
2019-06-28 11:02:00.000000000,BEST_ASK,"JPM,101057,410"
2019-06-28 11:02:00.000000000,LAST_TRADE,"2,$101057.0000"
2019-06-28 11:02:00.000000000,QUERY_SPREAD,84
2019-06-28 11:02:00.000000000,BEST_BID,"JPM,101056,282"
2019-06-28 11:02:00.000000000,BEST_ASK,"JPM,101057,409"
2019-06-28 11:02:00.000000000,LAST_TRADE,"1,$101057.0000"
2019-06-28 11:02:00.000000000,QUERY_SPREAD,85
2019-06-28 11:02:00.000000000,BEST_BID,"JPM,101056,282"
2019-06-28 11:02:00.000000000,BEST_ASK,"JPM,101057,408"
2019-06-28 11:02:00.000000000,LAST_TRADE,"1,$101057.0000"
2019-06-28 11:02:00.000000000,QUERY_SPREAD,86
2019-06-28 11:02:00.000000000,BEST_BID,"JPM,101056,282"
2019-06-28 11:02:00.000000000,BEST_ASK,"JPM,101057,402"
2019-06-28 11:02:00.000000000,LAST_TRADE,"6,$101057.0000"
2019-06-28 11:02:00.000000000,QUERY_SPREAD,87
2019-06-28 11:02:00.000000000,BEST_BID,"JPM,101056,282"
2019-06-28 11:02:00.000000000,BEST_ASK,"JPM,101057,399"
2019-06-28 11:02:00.000000000,LAST_TRADE,"3,$101057.0000"
2019-06-28 11:02:00.000000000,QUERY_SPREAD,88
2019-06-28 11:02:00.000000000,BEST_BID,"JPM,101056,282"
2019-06-28 11:02:00.000000000,BEST_ASK,"JPM,101057,395"
2019-06-28 11:02:00.000000000,LAST_TRADE,"4,$101057.0000"
2019-06-28 11:02:00.000000000,QUERY_SPREAD,89
2019-06-28 11:02:00.000000000,BEST_BID,"JPM,101056,282"
2019-06-28 11:02:00.000000000,BEST_ASK,"JPM,101057,391"
2019-06-28 11:02:00.000000000,LAST_TRADE,"4,$101057.0000"
2019-06-28 11:02:00.000000000,QUERY_SPREAD,90
2019-06-28 11:02:00.000000000,BEST_BID,"JPM,101056,282"
2019-06-28 11:02:00.000000000,BEST_ASK,"JPM,101057,384"
2019-06-28 11:02:00.000000000,LAST_TRADE,"7,$101057.0000"
2019-06-28 11:02:00.000000000,QUERY_SPREAD,91
2019-06-28 11:02:00.000000000,BEST_BID,"JPM,101056,282"
2019-06-28 11:02:00.000000000,BEST_ASK,"JPM,101057,376"
2019-06-28 11:02:00.000000000,LAST_TRADE,"8,$101057.0000"
2019-06-28 11:02:00.000000000,QUERY_SPREAD,92
2019-06-28 11:02:00.000000000,BEST_BID,"JPM,101056,282"
2019-06-28 11:02:00.000000000,BEST_ASK,"JPM,101057,371"
2019-06-28 11:02:00.000000000,LAST_TRADE,"5,$101057.0000"
2019-06-28 11:02:00.000000000,QUERY_SPREAD,93
2019-06-28 11:02:00.000000000,BEST_BID,"JPM,101056,282"
2019-06-28 11:02:00.000000000,BEST_ASK,"JPM,101057,368"
2019-06-28 11:02:00.000000000,LAST_TRADE,"3,$101057.0000"
2019-06-28 11:02:00.000000000,QUERY_SPREAD,94
2019-06-28 11:02:00.000000000,BEST_BID,"JPM,101056,282"
2019-06-28 11:02:00.000000000,BEST_ASK,"JPM,101057,364"
2019-06-28 11:02:00.000000000,LAST_TRADE,"4,$101057.0000"
2019-06-28 11:02:00.000000000,QUERY_SPREAD,95
2019-06-28 11:02:00.000000000,BEST_BID,"JPM,101056,282"
2019-06-28 11:02:00.000000000,BEST_ASK,"JPM,101057,359"
2019-06-28 11:02:00.000000000,LAST_TRADE,"5,$101057.0000"
2019-06-28 11:02:00.000000000,QUERY_SPREAD,96
2019-06-28 11:02:00.000000000,BEST_BID,"JPM,101056,282"
2019-06-28 11:02:00.000000000,BEST_ASK,"JPM,101057,358"
2019-06-28 11:02:00.000000000,LAST_TRADE,"1,$101057.0000"
2019-06-28 11:02:00.000000000,QUERY_SPREAD,97
2019-06-28 11:02:00.000000000,BEST_BID,"JPM,101056,282"
2019-06-28 11:02:00.000000000,BEST_ASK,"JPM,101057,351"
2019-06-28 11:02:00.000000000,LAST_TRADE,"7,$101057.0000"
2019-06-28 11:02:00.000000000,QUERY_SPREAD,98
2019-06-28 11:02:00.000000000,BEST_BID,"JPM,101056,282"
2019-06-28 11:02:00.000000000,BEST_ASK,"JPM,101057,345"
2019-06-28 11:02:00.000000000,LAST_TRADE,"6,$101057.0000"
2019-06-28 11:02:00.000000000,QUERY_SPREAD,99
2019-06-28 11:02:00.000000000,BEST_BID,"JPM,101056,282"
2019-06-28 11:02:00.000000000,BEST_ASK,"JPM,101057,340"
2019-06-28 11:02:00.000000000,LAST_TRADE,"5,$101057.0000"
2019-06-28 11:02:00.000000000,QUERY_SPREAD,100
2019-06-28 11:02:00.000000000,BEST_BID,"JPM,101056,282"
2019-06-28 11:02:00.000000000,BEST_ASK,"JPM,101057,333"
2019-06-28 11:02:00.000000000,LAST_TRADE,"7,$101057.0000"
2019-06-28 11:02:00.000000000,QUERY_SPREAD,101
2019-06-28 11:02:00.000000000,QUERY_ORDER_STREAM,101
2019-06-28 11:02:00.000000000,BEST_BID,"JPM,101056,282"
2019-06-28 11:02:00.000000000,BEST_ASK,"JPM,101057,334"
2019-06-28 11:02:10.000000000,QUERY_SPREAD,1
2019-06-28 11:02:10.000000000,BEST_BID,"JPM,101056,282"
2019-06-28 11:02:10.000000000,BEST_ASK,"JPM,101057,54"
2019-06-28 11:02:10.000000000,BEST_BID,"JPM,101056,282"
2019-06-28 11:02:10.000000000,BEST_ASK,"JPM,101057,334"
2019-06-28 11:02:12.217971962,QUERY_SPREAD,13
2019-06-28 11:02:12.217971962,BEST_BID,"JPM,101056,182"
2019-06-28 11:02:12.217971962,BEST_ASK,"JPM,101057,334"
2019-06-28 11:02:12.217971962,LAST_TRADE,"100,$101056.0000"
2019-06-28 11:02:20.000000000,QUERY_SPREAD,1
2019-06-28 11:02:20.000000000,BEST_BID,"JPM,100140,380"
2019-06-28 11:02:20.000000000,BEST_ASK,"JPM,101057,54"
2019-06-28 11:02:20.000000000,BEST_BID,"JPM,100140,380"
2019-06-28 11:02:20.000000000,BEST_ASK,"JPM,101057,334"
2019-06-28 11:02:28.838422520,QUERY_SPREAD,26
2019-06-28 11:02:28.838422520,BEST_BID,"JPM,100140,280"
2019-06-28 11:02:28.838422520,BEST_ASK,"JPM,101057,334"
2019-06-28 11:02:28.838422520,LAST_TRADE,"100,$100140.0000"
2019-06-28 11:02:30.000000000,QUERY_SPREAD,1
2019-06-28 11:02:30.000000000,BEST_BID,"JPM,100133,240"
2019-06-28 11:02:30.000000000,BEST_ASK,"JPM,101057,54"
2019-06-28 11:02:30.000000000,BEST_BID,"JPM,100133,240"
2019-06-28 11:02:30.000000000,BEST_ASK,"JPM,101057,54"
2019-06-28 11:02:30.000000000,BEST_BID,"JPM,100133,240"
2019-06-28 11:02:30.000000000,BEST_ASK,"JPM,101057,194"
2019-06-28 11:02:30.000000000,BEST_BID,"JPM,100133,240"
2019-06-28 11:02:30.000000000,BEST_ASK,"JPM,101057,194"
2019-06-28 11:02:40.000000000,QUERY_SPREAD,1
2019-06-28 11:02:40.000000000,BEST_BID,"JPM,100133,195"
2019-06-28 11:02:40.000000000,BEST_ASK,"JPM,101057,54"
2019-06-28 11:02:40.000000000,BEST_BID,"JPM,100133,195"
2019-06-28 11:02:40.000000000,BEST_ASK,"JPM,101057,54"
2019-06-28 11:02:40.000000000,BEST_BID,"JPM,100133,195"
2019-06-28 11:02:40.000000000,BEST_ASK,"JPM,101057,54"
2019-06-28 11:02:40.000000000,BEST_BID,"JPM,100133,195"
2019-06-28 11:02:40.000000000,BEST_ASK,"JPM,101057,149"
2019-06-28 11:02:40.000000000,BEST_BID,"JPM,100133,195"
2019-06-28 11:02:40.000000000,BEST_ASK,"JPM,101057,149"
2019-06-28 11:02:40.000000000,BEST_BID,"JPM,100133,195"
2019-06-28 11:02:40.000000000,BEST_ASK,"JPM,101057,149"
2019-06-28 11:02:45.468531418,QUERY_ORDER_STREAM,63
2019-06-28 11:02:45.468531418,QUERY_SPREAD,63
2019-06-28 11:02:45.468531418,BEST_BID,"JPM,100133,195"
2019-06-28 11:02:45.468531418,BEST_ASK,"JPM,101056,100"
2019-06-28 11:02:50.000000000,QUERY_SPREAD,1
2019-06-28 11:02:50.000000000,BEST_BID,"JPM,100133,195"
2019-06-28 11:02:50.000000000,BEST_ASK,"JPM,101056,100"
2019-06-28 11:02:50.000000000,BEST_BID,"JPM,100133,195"
2019-06-28 11:02:50.000000000,BEST_ASK,"JPM,101056,100"
2019-06-28 11:02:50.000000000,BEST_BID,"JPM,100133,195"
2019-06-28 11:02:50.000000000,BEST_ASK,"JPM,101056,100"
2019-06-28 11:02:50.000000000,BEST_BID,"JPM,100133,195"
2019-06-28 11:02:50.000000000,BEST_ASK,"JPM,101056,195"
2019-06-28 11:02:50.000000000,BEST_BID,"JPM,100133,195"
2019-06-28 11:02:50.000000000,BEST_ASK,"JPM,101056,195"
2019-06-28 11:02:50.000000000,BEST_BID,"JPM,100133,195"
2019-06-28 11:02:50.000000000,BEST_ASK,"JPM,101056,195"
2019-06-28 11:02:59.253393882,QUERY_SPREAD,39
2019-06-28 11:02:59.253393882,BEST_BID,"JPM,100133,195"
2019-06-28 11:02:59.253393882,BEST_ASK,"JPM,101056,195"
2019-06-28 11:03:00.000000000,QUERY_SPREAD,1
2019-06-28 11:03:00.000000000,BEST_BID,"JPM,100133,170"
2019-06-28 11:03:00.000000000,BEST_ASK,"JPM,101056,100"
2019-06-28 11:03:00.000000000,BEST_BID,"JPM,100133,170"
2019-06-28 11:03:00.000000000,BEST_ASK,"JPM,101056,100"
2019-06-28 11:03:00.000000000,BEST_BID,"JPM,100133,170"
2019-06-28 11:03:00.000000000,BEST_ASK,"JPM,101056,100"
2019-06-28 11:03:00.000000000,BEST_BID,"JPM,100133,170"
2019-06-28 11:03:00.000000000,BEST_ASK,"JPM,101056,100"
2019-06-28 11:03:00.000000000,BEST_BID,"JPM,100133,170"
2019-06-28 11:03:00.000000000,BEST_ASK,"JPM,101056,170"
2019-06-28 11:03:00.000000000,BEST_BID,"JPM,100133,170"
2019-06-28 11:03:00.000000000,BEST_ASK,"JPM,101056,170"
2019-06-28 11:03:00.000000000,BEST_BID,"JPM,100133,170"
2019-06-28 11:03:00.000000000,BEST_ASK,"JPM,101056,170"
2019-06-28 11:03:00.000000000,BEST_BID,"JPM,100133,170"
2019-06-28 11:03:00.000000000,BEST_ASK,"JPM,101056,170"
2019-06-28 11:03:00.000000000,QUERY_SPREAD,77
2019-06-28 11:03:00.000000000,BEST_BID,"JPM,100133,170"
2019-06-28 11:03:00.000000000,BEST_ASK,"JPM,101056,169"
2019-06-28 11:03:00.000000000,LAST_TRADE,"1,$101056.0000"
2019-06-28 11:03:00.000000000,QUERY_SPREAD,78
2019-06-28 11:03:00.000000000,BEST_BID,"JPM,100133,170"
2019-06-28 11:03:00.000000000,BEST_ASK,"JPM,101056,165"
2019-06-28 11:03:00.000000000,LAST_TRADE,"4,$101056.0000"
2019-06-28 11:03:00.000000000,QUERY_SPREAD,79
2019-06-28 11:03:00.000000000,BEST_BID,"JPM,100133,170"
2019-06-28 11:03:00.000000000,BEST_ASK,"JPM,101056,159"
2019-06-28 11:03:00.000000000,LAST_TRADE,"6,$101056.0000"
2019-06-28 11:03:00.000000000,QUERY_SPREAD,80
2019-06-28 11:03:00.000000000,BEST_BID,"JPM,100133,170"
2019-06-28 11:03:00.000000000,BEST_ASK,"JPM,101056,154"
2019-06-28 11:03:00.000000000,LAST_TRADE,"5,$101056.0000"
2019-06-28 11:03:00.000000000,QUERY_SPREAD,81
2019-06-28 11:03:00.000000000,BEST_BID,"JPM,100133,170"
2019-06-28 11:03:00.000000000,BEST_ASK,"JPM,101056,146"
2019-06-28 11:03:00.000000000,LAST_TRADE,"8,$101056.0000"
2019-06-28 11:03:00.000000000,QUERY_SPREAD,82
2019-06-28 11:03:00.000000000,BEST_BID,"JPM,100133,170"
2019-06-28 11:03:00.000000000,BEST_ASK,"JPM,101056,138"
2019-06-28 11:03:00.000000000,LAST_TRADE,"8,$101056.0000"
2019-06-28 11:03:00.000000000,QUERY_SPREAD,83
2019-06-28 11:03:00.000000000,BEST_BID,"JPM,100133,170"
2019-06-28 11:03:00.000000000,BEST_ASK,"JPM,101056,136"
2019-06-28 11:03:00.000000000,LAST_TRADE,"2,$101056.0000"
2019-06-28 11:03:00.000000000,QUERY_SPREAD,84
2019-06-28 11:03:00.000000000,BEST_BID,"JPM,100133,170"
2019-06-28 11:03:00.000000000,BEST_ASK,"JPM,101056,135"
2019-06-28 11:03:00.000000000,LAST_TRADE,"1,$101056.0000"
2019-06-28 11:03:00.000000000,QUERY_SPREAD,85
2019-06-28 11:03:00.000000000,BEST_BID,"JPM,100133,170"
2019-06-28 11:03:00.000000000,BEST_ASK,"JPM,101056,134"
2019-06-28 11:03:00.000000000,LAST_TRADE,"1,$101056.0000"
2019-06-28 11:03:00.000000000,QUERY_SPREAD,86
2019-06-28 11:03:00.000000000,BEST_BID,"JPM,100133,170"
2019-06-28 11:03:00.000000000,BEST_ASK,"JPM,101056,128"
2019-06-28 11:03:00.000000000,LAST_TRADE,"6,$101056.0000"
2019-06-28 11:03:00.000000000,QUERY_SPREAD,87
2019-06-28 11:03:00.000000000,BEST_BID,"JPM,100133,170"
2019-06-28 11:03:00.000000000,BEST_ASK,"JPM,101056,125"
2019-06-28 11:03:00.000000000,LAST_TRADE,"3,$101056.0000"
2019-06-28 11:03:00.000000000,QUERY_SPREAD,88
2019-06-28 11:03:00.000000000,BEST_BID,"JPM,100133,170"
2019-06-28 11:03:00.000000000,BEST_ASK,"JPM,101056,121"
2019-06-28 11:03:00.000000000,LAST_TRADE,"4,$101056.0000"
2019-06-28 11:03:00.000000000,QUERY_SPREAD,89
2019-06-28 11:03:00.000000000,BEST_BID,"JPM,100133,170"
2019-06-28 11:03:00.000000000,BEST_ASK,"JPM,101056,117"
2019-06-28 11:03:00.000000000,LAST_TRADE,"4,$101056.0000"
2019-06-28 11:03:00.000000000,QUERY_SPREAD,90
2019-06-28 11:03:00.000000000,BEST_BID,"JPM,100133,170"
2019-06-28 11:03:00.000000000,BEST_ASK,"JPM,101056,110"
2019-06-28 11:03:00.000000000,LAST_TRADE,"7,$101056.0000"
2019-06-28 11:03:00.000000000,QUERY_SPREAD,91
2019-06-28 11:03:00.000000000,BEST_BID,"JPM,100133,170"
2019-06-28 11:03:00.000000000,BEST_ASK,"JPM,101056,102"
2019-06-28 11:03:00.000000000,LAST_TRADE,"8,$101056.0000"
2019-06-28 11:03:00.000000000,QUERY_SPREAD,92
2019-06-28 11:03:00.000000000,BEST_BID,"JPM,100133,170"
2019-06-28 11:03:00.000000000,BEST_ASK,"JPM,101056,97"
2019-06-28 11:03:00.000000000,LAST_TRADE,"5,$101056.0000"
2019-06-28 11:03:00.000000000,QUERY_SPREAD,93
2019-06-28 11:03:00.000000000,BEST_BID,"JPM,100133,170"
2019-06-28 11:03:00.000000000,BEST_ASK,"JPM,101056,94"
2019-06-28 11:03:00.000000000,LAST_TRADE,"3,$101056.0000"
2019-06-28 11:03:00.000000000,QUERY_SPREAD,94
2019-06-28 11:03:00.000000000,BEST_BID,"JPM,100133,170"
2019-06-28 11:03:00.000000000,BEST_ASK,"JPM,101056,90"
2019-06-28 11:03:00.000000000,LAST_TRADE,"4,$101056.0000"
2019-06-28 11:03:00.000000000,QUERY_SPREAD,95
2019-06-28 11:03:00.000000000,BEST_BID,"JPM,100133,170"
2019-06-28 11:03:00.000000000,BEST_ASK,"JPM,101056,85"
2019-06-28 11:03:00.000000000,LAST_TRADE,"5,$101056.0000"
2019-06-28 11:03:00.000000000,QUERY_SPREAD,96
2019-06-28 11:03:00.000000000,BEST_BID,"JPM,100133,170"
2019-06-28 11:03:00.000000000,BEST_ASK,"JPM,101056,84"
2019-06-28 11:03:00.000000000,LAST_TRADE,"1,$101056.0000"
2019-06-28 11:03:00.000000000,QUERY_SPREAD,97
2019-06-28 11:03:00.000000000,BEST_BID,"JPM,100133,170"
2019-06-28 11:03:00.000000000,BEST_ASK,"JPM,101056,77"
2019-06-28 11:03:00.000000000,LAST_TRADE,"7,$101056.0000"
2019-06-28 11:03:00.000000000,QUERY_SPREAD,98
2019-06-28 11:03:00.000000000,BEST_BID,"JPM,100133,170"
2019-06-28 11:03:00.000000000,BEST_ASK,"JPM,101056,71"
2019-06-28 11:03:00.000000000,LAST_TRADE,"6,$101056.0000"
2019-06-28 11:03:00.000000000,QUERY_SPREAD,99
2019-06-28 11:03:00.000000000,BEST_BID,"JPM,100133,170"
2019-06-28 11:03:00.000000000,BEST_ASK,"JPM,101056,66"
2019-06-28 11:03:00.000000000,LAST_TRADE,"5,$101056.0000"
2019-06-28 11:03:00.000000000,QUERY_SPREAD,100
2019-06-28 11:03:00.000000000,BEST_BID,"JPM,100133,170"
2019-06-28 11:03:00.000000000,BEST_ASK,"JPM,101056,59"
2019-06-28 11:03:00.000000000,LAST_TRADE,"7,$101056.0000"
2019-06-28 11:03:00.000000000,QUERY_SPREAD,101
2019-06-28 11:03:00.000000000,QUERY_ORDER_STREAM,101
2019-06-28 11:03:10.000000000,QUERY_SPREAD,1
2019-06-28 11:03:10.000000000,BEST_BID,"JPM,100133,156"
2019-06-28 11:03:10.000000000,BEST_ASK,"JPM,101057,1"
2019-06-28 11:03:10.000000000,BEST_BID,"JPM,100133,156"
2019-06-28 11:03:10.000000000,BEST_ASK,"JPM,101057,1"
2019-06-28 11:03:10.000000000,BEST_BID,"JPM,100133,156"
2019-06-28 11:03:10.000000000,BEST_ASK,"JPM,101057,1"
2019-06-28 11:03:10.000000000,BEST_BID,"JPM,100133,156"
2019-06-28 11:03:10.000000000,BEST_ASK,"JPM,101057,1"
2019-06-28 11:03:10.000000000,BEST_BID,"JPM,100133,156"
2019-06-28 11:03:10.000000000,BEST_ASK,"JPM,101057,1"
2019-06-28 11:03:10.000000000,BEST_BID,"JPM,100133,156"
2019-06-28 11:03:10.000000000,BEST_ASK,"JPM,101057,57"
2019-06-28 11:03:10.000000000,BEST_BID,"JPM,100133,156"
2019-06-28 11:03:10.000000000,BEST_ASK,"JPM,101057,57"
2019-06-28 11:03:10.000000000,BEST_BID,"JPM,100133,156"
2019-06-28 11:03:10.000000000,BEST_ASK,"JPM,101057,57"
2019-06-28 11:03:10.000000000,BEST_BID,"JPM,100133,156"
2019-06-28 11:03:10.000000000,BEST_ASK,"JPM,101057,57"
2019-06-28 11:03:10.000000000,BEST_BID,"JPM,100133,156"
2019-06-28 11:03:10.000000000,BEST_ASK,"JPM,101057,57"
2019-06-28 11:03:20.000000000,QUERY_SPREAD,1
2019-06-28 11:03:20.000000000,BEST_BID,"JPM,100133,170"
2019-06-28 11:03:20.000000000,BEST_ASK,"JPM,101057,1"
2019-06-28 11:03:20.000000000,BEST_BID,"JPM,100133,170"
2019-06-28 11:03:20.000000000,BEST_ASK,"JPM,101057,1"
2019-06-28 11:03:20.000000000,BEST_BID,"JPM,100133,170"
2019-06-28 11:03:20.000000000,BEST_ASK,"JPM,101057,1"
2019-06-28 11:03:20.000000000,BEST_BID,"JPM,100133,170"
2019-06-28 11:03:20.000000000,BEST_ASK,"JPM,101057,1"
2019-06-28 11:03:20.000000000,BEST_BID,"JPM,100133,170"
2019-06-28 11:03:20.000000000,BEST_ASK,"JPM,101057,71"
2019-06-28 11:03:20.000000000,BEST_BID,"JPM,100133,170"
2019-06-28 11:03:20.000000000,BEST_ASK,"JPM,101057,71"
2019-06-28 11:03:20.000000000,BEST_BID,"JPM,100133,170"
2019-06-28 11:03:20.000000000,BEST_ASK,"JPM,101057,71"
2019-06-28 11:03:20.000000000,BEST_BID,"JPM,100133,170"
2019-06-28 11:03:20.000000000,BEST_ASK,"JPM,101057,71"
2019-06-28 11:03:30.000000000,QUERY_SPREAD,1
2019-06-28 11:03:30.000000000,BEST_BID,"JPM,100133,240"
2019-06-28 11:03:30.000000000,BEST_ASK,"JPM,101057,1"
2019-06-28 11:03:30.000000000,BEST_BID,"JPM,100133,240"
2019-06-28 11:03:30.000000000,BEST_ASK,"JPM,101057,1"
2019-06-28 11:03:30.000000000,BEST_BID,"JPM,100133,240"
2019-06-28 11:03:30.000000000,BEST_ASK,"JPM,101057,141"
2019-06-28 11:03:30.000000000,BEST_BID,"JPM,100133,240"
2019-06-28 11:03:30.000000000,BEST_ASK,"JPM,101057,141"
2019-06-28 11:03:38.725601401,QUERY_ORDER_STREAM,53
2019-06-28 11:03:38.725601401,QUERY_SPREAD,53
2019-06-28 11:03:38.725601401,BEST_BID,"JPM,100133,240"
2019-06-28 11:03:38.725601401,BEST_ASK,"JPM,101056,100"
2019-06-28 11:03:40.000000000,QUERY_SPREAD,1
2019-06-28 11:03:40.000000000,BEST_BID,"JPM,100133,170"
2019-06-28 11:03:40.000000000,BEST_ASK,"JPM,101056,100"
2019-06-28 11:03:40.000000000,BEST_BID,"JPM,100133,170"
2019-06-28 11:03:40.000000000,BEST_ASK,"JPM,101056,100"
2019-06-28 11:03:40.000000000,BEST_BID,"JPM,100133,170"
2019-06-28 11:03:40.000000000,BEST_ASK,"JPM,101056,100"
2019-06-28 11:03:40.000000000,BEST_BID,"JPM,100133,170"
2019-06-28 11:03:40.000000000,BEST_ASK,"JPM,101056,100"
2019-06-28 11:03:40.000000000,BEST_BID,"JPM,100133,170"
2019-06-28 11:03:40.000000000,BEST_ASK,"JPM,101056,170"
2019-06-28 11:03:40.000000000,BEST_BID,"JPM,100133,170"
2019-06-28 11:03:40.000000000,BEST_ASK,"JPM,101056,170"
2019-06-28 11:03:40.000000000,BEST_BID,"JPM,100133,170"
2019-06-28 11:03:40.000000000,BEST_ASK,"JPM,101056,170"
2019-06-28 11:03:40.000000000,BEST_BID,"JPM,100133,170"
2019-06-28 11:03:40.000000000,BEST_ASK,"JPM,101056,170"
2019-06-28 11:03:50.000000000,QUERY_SPREAD,1
2019-06-28 11:03:50.000000000,BEST_BID,"JPM,100133,380"
2019-06-28 11:03:50.000000000,BEST_ASK,"JPM,101056,100"
2019-06-28 11:03:50.000000000,BEST_BID,"JPM,100133,380"
2019-06-28 11:03:50.000000000,BEST_ASK,"JPM,101056,380"
2019-06-28 11:04:00.000000000,QUERY_SPREAD,1
2019-06-28 11:04:00.000000000,BEST_BID,"JPM,100133,195"
2019-06-28 11:04:00.000000000,BEST_ASK,"JPM,101056,100"
2019-06-28 11:04:00.000000000,BEST_BID,"JPM,100133,195"
2019-06-28 11:04:00.000000000,BEST_ASK,"JPM,101056,100"
2019-06-28 11:04:00.000000000,BEST_BID,"JPM,100133,195"
2019-06-28 11:04:00.000000000,BEST_ASK,"JPM,101056,100"
2019-06-28 11:04:00.000000000,BEST_BID,"JPM,100133,195"
2019-06-28 11:04:00.000000000,BEST_ASK,"JPM,101056,195"
2019-06-28 11:04:00.000000000,BEST_BID,"JPM,100133,195"
2019-06-28 11:04:00.000000000,BEST_ASK,"JPM,101056,195"
2019-06-28 11:04:00.000000000,BEST_BID,"JPM,100133,195"
2019-06-28 11:04:00.000000000,BEST_ASK,"JPM,101056,195"
2019-06-28 11:04:00.000000000,QUERY_SPREAD,77
2019-06-28 11:04:00.000000000,BEST_BID,"JPM,100133,195"
2019-06-28 11:04:00.000000000,BEST_ASK,"JPM,101056,194"
2019-06-28 11:04:00.000000000,LAST_TRADE,"1,$101056.0000"
2019-06-28 11:04:00.000000000,QUERY_SPREAD,78
2019-06-28 11:04:00.000000000,BEST_BID,"JPM,100133,195"
2019-06-28 11:04:00.000000000,BEST_ASK,"JPM,101056,190"
2019-06-28 11:04:00.000000000,LAST_TRADE,"4,$101056.0000"
2019-06-28 11:04:00.000000000,QUERY_SPREAD,79
2019-06-28 11:04:00.000000000,BEST_BID,"JPM,100133,195"
2019-06-28 11:04:00.000000000,BEST_ASK,"JPM,101056,184"
2019-06-28 11:04:00.000000000,LAST_TRADE,"6,$101056.0000"
2019-06-28 11:04:00.000000000,QUERY_SPREAD,80
2019-06-28 11:04:00.000000000,BEST_BID,"JPM,100133,195"
2019-06-28 11:04:00.000000000,BEST_ASK,"JPM,101056,179"
2019-06-28 11:04:00.000000000,LAST_TRADE,"5,$101056.0000"
2019-06-28 11:04:00.000000000,QUERY_SPREAD,81
2019-06-28 11:04:00.000000000,BEST_BID,"JPM,100133,195"
2019-06-28 11:04:00.000000000,BEST_ASK,"JPM,101056,171"
2019-06-28 11:04:00.000000000,LAST_TRADE,"8,$101056.0000"
2019-06-28 11:04:00.000000000,QUERY_SPREAD,82
2019-06-28 11:04:00.000000000,BEST_BID,"JPM,100133,195"
2019-06-28 11:04:00.000000000,BEST_ASK,"JPM,101056,163"
2019-06-28 11:04:00.000000000,LAST_TRADE,"8,$101056.0000"
2019-06-28 11:04:00.000000000,QUERY_SPREAD,83
2019-06-28 11:04:00.000000000,BEST_BID,"JPM,100133,195"
2019-06-28 11:04:00.000000000,BEST_ASK,"JPM,101056,161"
2019-06-28 11:04:00.000000000,LAST_TRADE,"2,$101056.0000"
2019-06-28 11:04:00.000000000,QUERY_SPREAD,84
2019-06-28 11:04:00.000000000,BEST_BID,"JPM,100133,195"
2019-06-28 11:04:00.000000000,BEST_ASK,"JPM,101056,160"
2019-06-28 11:04:00.000000000,LAST_TRADE,"1,$101056.0000"
2019-06-28 11:04:00.000000000,QUERY_SPREAD,85
2019-06-28 11:04:00.000000000,BEST_BID,"JPM,100133,195"
2019-06-28 11:04:00.000000000,BEST_ASK,"JPM,101056,159"
2019-06-28 11:04:00.000000000,LAST_TRADE,"1,$101056.0000"
2019-06-28 11:04:00.000000000,QUERY_SPREAD,86
2019-06-28 11:04:00.000000000,BEST_BID,"JPM,100133,195"
2019-06-28 11:04:00.000000000,BEST_ASK,"JPM,101056,153"
2019-06-28 11:04:00.000000000,LAST_TRADE,"6,$101056.0000"
2019-06-28 11:04:00.000000000,QUERY_SPREAD,87
2019-06-28 11:04:00.000000000,BEST_BID,"JPM,100133,195"
2019-06-28 11:04:00.000000000,BEST_ASK,"JPM,101056,150"
2019-06-28 11:04:00.000000000,LAST_TRADE,"3,$101056.0000"
2019-06-28 11:04:00.000000000,QUERY_SPREAD,88
2019-06-28 11:04:00.000000000,BEST_BID,"JPM,100133,195"
2019-06-28 11:04:00.000000000,BEST_ASK,"JPM,101056,146"
2019-06-28 11:04:00.000000000,LAST_TRADE,"4,$101056.0000"
2019-06-28 11:04:00.000000000,QUERY_SPREAD,89
2019-06-28 11:04:00.000000000,BEST_BID,"JPM,100133,195"
2019-06-28 11:04:00.000000000,BEST_ASK,"JPM,101056,142"
2019-06-28 11:04:00.000000000,LAST_TRADE,"4,$101056.0000"
2019-06-28 11:04:00.000000000,QUERY_SPREAD,90
2019-06-28 11:04:00.000000000,BEST_BID,"JPM,100133,195"
2019-06-28 11:04:00.000000000,BEST_ASK,"JPM,101056,135"
2019-06-28 11:04:00.000000000,LAST_TRADE,"7,$101056.0000"
2019-06-28 11:04:00.000000000,QUERY_SPREAD,91
2019-06-28 11:04:00.000000000,BEST_BID,"JPM,100133,195"
2019-06-28 11:04:00.000000000,BEST_ASK,"JPM,101056,127"
2019-06-28 11:04:00.000000000,LAST_TRADE,"8,$101056.0000"
2019-06-28 11:04:00.000000000,QUERY_SPREAD,92
2019-06-28 11:04:00.000000000,BEST_BID,"JPM,100133,195"
2019-06-28 11:04:00.000000000,BEST_ASK,"JPM,101056,122"
2019-06-28 11:04:00.000000000,LAST_TRADE,"5,$101056.0000"
2019-06-28 11:04:00.000000000,QUERY_SPREAD,93
2019-06-28 11:04:00.000000000,BEST_BID,"JPM,100133,195"
2019-06-28 11:04:00.000000000,BEST_ASK,"JPM,101056,119"
2019-06-28 11:04:00.000000000,LAST_TRADE,"3,$101056.0000"
2019-06-28 11:04:00.000000000,QUERY_SPREAD,94
2019-06-28 11:04:00.000000000,BEST_BID,"JPM,100133,195"
2019-06-28 11:04:00.000000000,BEST_ASK,"JPM,101056,115"
2019-06-28 11:04:00.000000000,LAST_TRADE,"4,$101056.0000"
2019-06-28 11:04:00.000000000,QUERY_SPREAD,95
2019-06-28 11:04:00.000000000,BEST_BID,"JPM,100133,195"
2019-06-28 11:04:00.000000000,BEST_ASK,"JPM,101056,110"
2019-06-28 11:04:00.000000000,LAST_TRADE,"5,$101056.0000"
2019-06-28 11:04:00.000000000,QUERY_SPREAD,96
2019-06-28 11:04:00.000000000,BEST_BID,"JPM,100133,195"
2019-06-28 11:04:00.000000000,BEST_ASK,"JPM,101056,109"
2019-06-28 11:04:00.000000000,LAST_TRADE,"1,$101056.0000"
2019-06-28 11:04:00.000000000,QUERY_SPREAD,97
2019-06-28 11:04:00.000000000,BEST_BID,"JPM,100133,195"
2019-06-28 11:04:00.000000000,BEST_ASK,"JPM,101056,102"
2019-06-28 11:04:00.000000000,LAST_TRADE,"7,$101056.0000"
2019-06-28 11:04:00.000000000,QUERY_SPREAD,98
2019-06-28 11:04:00.000000000,BEST_BID,"JPM,100133,195"
2019-06-28 11:04:00.000000000,BEST_ASK,"JPM,101056,96"
2019-06-28 11:04:00.000000000,LAST_TRADE,"6,$101056.0000"
2019-06-28 11:04:00.000000000,QUERY_SPREAD,99
2019-06-28 11:04:00.000000000,BEST_BID,"JPM,100133,195"
2019-06-28 11:04:00.000000000,BEST_ASK,"JPM,101056,91"
2019-06-28 11:04:00.000000000,LAST_TRADE,"5,$101056.0000"
2019-06-28 11:04:00.000000000,QUERY_SPREAD,100
2019-06-28 11:04:00.000000000,BEST_BID,"JPM,100133,195"
2019-06-28 11:04:00.000000000,BEST_ASK,"JPM,101056,84"
2019-06-28 11:04:00.000000000,LAST_TRADE,"7,$101056.0000"
2019-06-28 11:04:00.000000000,QUERY_SPREAD,101
2019-06-28 11:04:00.000000000,QUERY_ORDER_STREAM,101
2019-06-28 11:04:06.087737884,QUERY_ORDER_STREAM,56
2019-06-28 11:04:06.087737884,QUERY_SPREAD,56
2019-06-28 11:04:06.087737884,BEST_BID,"JPM,100133,195"
2019-06-28 11:04:06.087737884,BEST_ASK,"JPM,101056,184"
2019-06-28 11:04:10.000000000,QUERY_SPREAD,1
2019-06-28 11:04:10.000000000,BEST_BID,"JPM,100133,240"
2019-06-28 11:04:10.000000000,BEST_ASK,"JPM,101056,100"
2019-06-28 11:04:10.000000000,BEST_BID,"JPM,100133,240"
2019-06-28 11:04:10.000000000,BEST_ASK,"JPM,101056,100"
2019-06-28 11:04:10.000000000,BEST_BID,"JPM,100133,240"
2019-06-28 11:04:10.000000000,BEST_ASK,"JPM,101056,240"
2019-06-28 11:04:10.000000000,BEST_BID,"JPM,100133,240"
2019-06-28 11:04:10.000000000,BEST_ASK,"JPM,101056,240"
2019-06-28 11:04:20.000000000,QUERY_SPREAD,1
2019-06-28 11:04:20.000000000,BEST_BID,"JPM,100133,156"
2019-06-28 11:04:20.000000000,BEST_ASK,"JPM,101056,100"
2019-06-28 11:04:20.000000000,BEST_BID,"JPM,100133,156"
2019-06-28 11:04:20.000000000,BEST_ASK,"JPM,101056,100"
2019-06-28 11:04:20.000000000,BEST_BID,"JPM,100133,156"
2019-06-28 11:04:20.000000000,BEST_ASK,"JPM,101056,100"
2019-06-28 11:04:20.000000000,BEST_BID,"JPM,100133,156"
2019-06-28 11:04:20.000000000,BEST_ASK,"JPM,101056,100"
2019-06-28 11:04:20.000000000,BEST_BID,"JPM,100133,156"
2019-06-28 11:04:20.000000000,BEST_ASK,"JPM,101056,100"
2019-06-28 11:04:20.000000000,BEST_BID,"JPM,100133,156"
2019-06-28 11:04:20.000000000,BEST_ASK,"JPM,101056,156"
2019-06-28 11:04:20.000000000,BEST_BID,"JPM,100133,156"
2019-06-28 11:04:20.000000000,BEST_ASK,"JPM,101056,156"
2019-06-28 11:04:20.000000000,BEST_BID,"JPM,100133,156"
2019-06-28 11:04:20.000000000,BEST_ASK,"JPM,101056,156"
2019-06-28 11:04:20.000000000,BEST_BID,"JPM,100133,156"
2019-06-28 11:04:20.000000000,BEST_ASK,"JPM,101056,156"
2019-06-28 11:04:20.000000000,BEST_BID,"JPM,100133,156"
2019-06-28 11:04:20.000000000,BEST_ASK,"JPM,101056,156"
2019-06-28 11:04:24.104966959,QUERY_SPREAD,30
2019-06-28 11:04:24.104966959,BEST_BID,"JPM,100133,156"
2019-06-28 11:04:24.104966959,BEST_ASK,"JPM,100256,100"
2019-06-28 11:04:27.687040515,QUERY_ORDER_STREAM,66
2019-06-28 11:04:27.687040515,QUERY_SPREAD,66
2019-06-28 11:04:27.687040515,BEST_BID,"JPM,100133,156"
2019-06-28 11:04:27.687040515,BEST_ASK,"JPM,100256,100"
2019-06-28 11:04:30.000000000,QUERY_SPREAD,1
2019-06-28 11:04:30.000000000,BEST_BID,"JPM,100133,240"
2019-06-28 11:04:30.000000000,BEST_ASK,"JPM,100256,100"
2019-06-28 11:04:30.000000000,BEST_BID,"JPM,100133,240"
2019-06-28 11:04:30.000000000,BEST_ASK,"JPM,100256,100"
2019-06-28 11:04:30.000000000,BEST_BID,"JPM,100133,240"
2019-06-28 11:04:30.000000000,BEST_ASK,"JPM,100256,240"
2019-06-28 11:04:30.000000000,BEST_BID,"JPM,100133,240"
2019-06-28 11:04:30.000000000,BEST_ASK,"JPM,100256,240"
2019-06-28 11:04:36.143977093,QUERY_ORDER_STREAM,70
2019-06-28 11:04:36.143977093,QUERY_SPREAD,70
2019-06-28 11:04:36.143977093,BEST_BID,"JPM,100133,240"
2019-06-28 11:04:36.143977093,BEST_ASK,"JPM,100256,240"
2019-06-28 11:04:39.449462727,QUERY_SPREAD,37
2019-06-28 11:04:39.449462727,BEST_BID,"JPM,100133,140"
2019-06-28 11:04:39.449462727,BEST_ASK,"JPM,100256,240"
2019-06-28 11:04:39.449462727,LAST_TRADE,"100,$100133.0000"
2019-06-28 11:04:40.000000000,QUERY_SPREAD,1
2019-06-28 11:04:40.000000000,BEST_BID,"JPM,99779,240"
2019-06-28 11:04:40.000000000,BEST_ASK,"JPM,100256,100"
2019-06-28 11:04:40.000000000,BEST_BID,"JPM,99779,240"
2019-06-28 11:04:40.000000000,BEST_ASK,"JPM,100256,100"
2019-06-28 11:04:40.000000000,BEST_BID,"JPM,99779,240"
2019-06-28 11:04:40.000000000,BEST_ASK,"JPM,100256,240"
2019-06-28 11:04:40.000000000,BEST_BID,"JPM,99779,240"
2019-06-28 11:04:40.000000000,BEST_ASK,"JPM,100256,240"
2019-06-28 11:04:40.947524702,QUERY_SPREAD,46
2019-06-28 11:04:40.947524702,BEST_BID,"JPM,99779,240"
2019-06-28 11:04:40.947524702,BEST_ASK,"JPM,99984,100"
2019-06-28 11:04:50.000000000,QUERY_SPREAD,1
2019-06-28 11:04:50.000000000,BEST_BID,"JPM,99779,380"
2019-06-28 11:04:50.000000000,BEST_ASK,"JPM,99984,100"
2019-06-28 11:04:50.000000000,BEST_BID,"JPM,99779,380"
2019-06-28 11:04:50.000000000,BEST_ASK,"JPM,99984,380"
2019-06-28 11:04:54.514676436,QUERY_SPREAD,8
2019-06-28 11:04:54.514676436,BEST_BID,"JPM,99779,380"
2019-06-28 11:04:54.514676436,BEST_ASK,"JPM,99984,280"
2019-06-28 11:04:54.514676436,LAST_TRADE,"100,$99984.0000"
2019-06-28 11:04:56.180915514,QUERY_ORDER_STREAM,76
2019-06-28 11:04:56.180915514,QUERY_SPREAD,76
2019-06-28 11:05:00.000000000,QUERY_SPREAD,1
2019-06-28 11:05:00.000000000,BEST_BID,"JPM,99779,195"
2019-06-28 11:05:00.000000000,BEST_ASK,"JPM,100256,100"
2019-06-28 11:05:00.000000000,BEST_BID,"JPM,99779,195"
2019-06-28 11:05:00.000000000,BEST_ASK,"JPM,100256,100"
2019-06-28 11:05:00.000000000,BEST_BID,"JPM,99779,195"
2019-06-28 11:05:00.000000000,BEST_ASK,"JPM,100256,100"
2019-06-28 11:05:00.000000000,BEST_BID,"JPM,99779,195"
2019-06-28 11:05:00.000000000,BEST_ASK,"JPM,100256,195"
2019-06-28 11:05:00.000000000,BEST_BID,"JPM,99779,195"
2019-06-28 11:05:00.000000000,BEST_ASK,"JPM,100256,195"
2019-06-28 11:05:00.000000000,BEST_BID,"JPM,99779,195"
2019-06-28 11:05:00.000000000,BEST_ASK,"JPM,100256,195"
2019-06-28 11:05:00.000000000,QUERY_SPREAD,77
2019-06-28 11:05:00.000000000,BEST_BID,"JPM,99779,195"
2019-06-28 11:05:00.000000000,BEST_ASK,"JPM,100256,194"
2019-06-28 11:05:00.000000000,LAST_TRADE,"1,$100256.0000"
2019-06-28 11:05:00.000000000,QUERY_SPREAD,78
2019-06-28 11:05:00.000000000,BEST_BID,"JPM,99779,195"
2019-06-28 11:05:00.000000000,BEST_ASK,"JPM,100256,190"
2019-06-28 11:05:00.000000000,LAST_TRADE,"4,$100256.0000"
2019-06-28 11:05:00.000000000,QUERY_SPREAD,79
2019-06-28 11:05:00.000000000,BEST_BID,"JPM,99779,195"
2019-06-28 11:05:00.000000000,BEST_ASK,"JPM,100256,184"
2019-06-28 11:05:00.000000000,LAST_TRADE,"6,$100256.0000"
2019-06-28 11:05:00.000000000,QUERY_SPREAD,80
2019-06-28 11:05:00.000000000,BEST_BID,"JPM,99779,195"
2019-06-28 11:05:00.000000000,BEST_ASK,"JPM,100256,179"
2019-06-28 11:05:00.000000000,LAST_TRADE,"5,$100256.0000"
2019-06-28 11:05:00.000000000,QUERY_SPREAD,81
2019-06-28 11:05:00.000000000,BEST_BID,"JPM,99779,195"
2019-06-28 11:05:00.000000000,BEST_ASK,"JPM,100256,171"
2019-06-28 11:05:00.000000000,LAST_TRADE,"8,$100256.0000"
2019-06-28 11:05:00.000000000,QUERY_SPREAD,82
2019-06-28 11:05:00.000000000,BEST_BID,"JPM,99779,195"
2019-06-28 11:05:00.000000000,BEST_ASK,"JPM,100256,163"
2019-06-28 11:05:00.000000000,LAST_TRADE,"8,$100256.0000"
2019-06-28 11:05:00.000000000,QUERY_SPREAD,83
2019-06-28 11:05:00.000000000,BEST_BID,"JPM,99779,195"
2019-06-28 11:05:00.000000000,BEST_ASK,"JPM,100256,161"
2019-06-28 11:05:00.000000000,LAST_TRADE,"2,$100256.0000"
2019-06-28 11:05:00.000000000,QUERY_SPREAD,84
2019-06-28 11:05:00.000000000,BEST_BID,"JPM,99779,195"
2019-06-28 11:05:00.000000000,BEST_ASK,"JPM,100256,160"
2019-06-28 11:05:00.000000000,LAST_TRADE,"1,$100256.0000"
2019-06-28 11:05:00.000000000,QUERY_SPREAD,85
2019-06-28 11:05:00.000000000,BEST_BID,"JPM,99779,195"
2019-06-28 11:05:00.000000000,BEST_ASK,"JPM,100256,159"
2019-06-28 11:05:00.000000000,LAST_TRADE,"1,$100256.0000"
2019-06-28 11:05:00.000000000,QUERY_SPREAD,86
2019-06-28 11:05:00.000000000,BEST_BID,"JPM,99779,195"
2019-06-28 11:05:00.000000000,BEST_ASK,"JPM,100256,153"
2019-06-28 11:05:00.000000000,LAST_TRADE,"6,$100256.0000"
2019-06-28 11:05:00.000000000,QUERY_SPREAD,87
2019-06-28 11:05:00.000000000,BEST_BID,"JPM,99779,195"
2019-06-28 11:05:00.000000000,BEST_ASK,"JPM,100256,150"
2019-06-28 11:05:00.000000000,LAST_TRADE,"3,$100256.0000"
2019-06-28 11:05:00.000000000,QUERY_SPREAD,88
2019-06-28 11:05:00.000000000,BEST_BID,"JPM,99779,195"
2019-06-28 11:05:00.000000000,BEST_ASK,"JPM,100256,146"
2019-06-28 11:05:00.000000000,LAST_TRADE,"4,$100256.0000"
2019-06-28 11:05:00.000000000,QUERY_SPREAD,89
2019-06-28 11:05:00.000000000,BEST_BID,"JPM,99779,195"
2019-06-28 11:05:00.000000000,BEST_ASK,"JPM,100256,142"
2019-06-28 11:05:00.000000000,LAST_TRADE,"4,$100256.0000"
2019-06-28 11:05:00.000000000,QUERY_SPREAD,90
2019-06-28 11:05:00.000000000,BEST_BID,"JPM,99779,195"
2019-06-28 11:05:00.000000000,BEST_ASK,"JPM,100256,135"
2019-06-28 11:05:00.000000000,LAST_TRADE,"7,$100256.0000"
2019-06-28 11:05:00.000000000,QUERY_SPREAD,91
2019-06-28 11:05:00.000000000,BEST_BID,"JPM,99779,195"
2019-06-28 11:05:00.000000000,BEST_ASK,"JPM,100256,127"
2019-06-28 11:05:00.000000000,LAST_TRADE,"8,$100256.0000"
2019-06-28 11:05:00.000000000,QUERY_SPREAD,92
2019-06-28 11:05:00.000000000,BEST_BID,"JPM,99779,195"
2019-06-28 11:05:00.000000000,BEST_ASK,"JPM,100256,122"
2019-06-28 11:05:00.000000000,LAST_TRADE,"5,$100256.0000"
2019-06-28 11:05:00.000000000,QUERY_SPREAD,93
2019-06-28 11:05:00.000000000,BEST_BID,"JPM,99779,195"
2019-06-28 11:05:00.000000000,BEST_ASK,"JPM,100256,119"
2019-06-28 11:05:00.000000000,LAST_TRADE,"3,$100256.0000"
2019-06-28 11:05:00.000000000,QUERY_SPREAD,94
2019-06-28 11:05:00.000000000,BEST_BID,"JPM,99779,195"
2019-06-28 11:05:00.000000000,BEST_ASK,"JPM,100256,115"
2019-06-28 11:05:00.000000000,LAST_TRADE,"4,$100256.0000"
2019-06-28 11:05:00.000000000,QUERY_SPREAD,95
2019-06-28 11:05:00.000000000,BEST_BID,"JPM,99779,195"
2019-06-28 11:05:00.000000000,BEST_ASK,"JPM,100256,110"
2019-06-28 11:05:00.000000000,LAST_TRADE,"5,$100256.0000"
2019-06-28 11:05:00.000000000,QUERY_SPREAD,96
2019-06-28 11:05:00.000000000,BEST_BID,"JPM,99779,195"
2019-06-28 11:05:00.000000000,BEST_ASK,"JPM,100256,109"
2019-06-28 11:05:00.000000000,LAST_TRADE,"1,$100256.0000"
2019-06-28 11:05:00.000000000,QUERY_SPREAD,97
2019-06-28 11:05:00.000000000,BEST_BID,"JPM,99779,195"
2019-06-28 11:05:00.000000000,BEST_ASK,"JPM,100256,102"
2019-06-28 11:05:00.000000000,LAST_TRADE,"7,$100256.0000"
2019-06-28 11:05:00.000000000,QUERY_SPREAD,98
2019-06-28 11:05:00.000000000,BEST_BID,"JPM,99779,195"
2019-06-28 11:05:00.000000000,BEST_ASK,"JPM,100256,96"
2019-06-28 11:05:00.000000000,LAST_TRADE,"6,$100256.0000"
2019-06-28 11:05:00.000000000,QUERY_SPREAD,99
2019-06-28 11:05:00.000000000,BEST_BID,"JPM,99779,195"
2019-06-28 11:05:00.000000000,BEST_ASK,"JPM,100256,91"
2019-06-28 11:05:00.000000000,LAST_TRADE,"5,$100256.0000"
2019-06-28 11:05:00.000000000,QUERY_SPREAD,100
2019-06-28 11:05:00.000000000,BEST_BID,"JPM,99779,195"
2019-06-28 11:05:00.000000000,BEST_ASK,"JPM,100256,84"
2019-06-28 11:05:00.000000000,LAST_TRADE,"7,$100256.0000"
2019-06-28 11:05:00.000000000,QUERY_SPREAD,101
2019-06-28 11:05:00.000000000,QUERY_ORDER_STREAM,101
2019-06-28 11:05:06.013187251,QUERY_ORDER_STREAM,67
2019-06-28 11:05:06.013187251,QUERY_SPREAD,67
2019-06-28 11:05:06.013187251,BEST_BID,"JPM,99779,195"
2019-06-28 11:05:06.013187251,BEST_ASK,"JPM,100256,184"
2019-06-28 11:05:10.000000000,QUERY_SPREAD,1
2019-06-28 11:05:10.000000000,BEST_BID,"JPM,99779,156"
2019-06-28 11:05:10.000000000,BEST_ASK,"JPM,100256,100"
2019-06-28 11:05:10.000000000,BEST_BID,"JPM,99779,156"
2019-06-28 11:05:10.000000000,BEST_ASK,"JPM,100256,100"
2019-06-28 11:05:10.000000000,BEST_BID,"JPM,99779,156"
2019-06-28 11:05:10.000000000,BEST_ASK,"JPM,100256,100"
2019-06-28 11:05:10.000000000,BEST_BID,"JPM,99779,156"
2019-06-28 11:05:10.000000000,BEST_ASK,"JPM,100256,100"
2019-06-28 11:05:10.000000000,BEST_BID,"JPM,99779,156"
2019-06-28 11:05:10.000000000,BEST_ASK,"JPM,100256,100"
2019-06-28 11:05:10.000000000,BEST_BID,"JPM,99779,156"
2019-06-28 11:05:10.000000000,BEST_ASK,"JPM,100256,156"
2019-06-28 11:05:10.000000000,BEST_BID,"JPM,99779,156"
2019-06-28 11:05:10.000000000,BEST_ASK,"JPM,100256,156"
2019-06-28 11:05:10.000000000,BEST_BID,"JPM,99779,156"
2019-06-28 11:05:10.000000000,BEST_ASK,"JPM,100256,156"
2019-06-28 11:05:10.000000000,BEST_BID,"JPM,99779,156"
2019-06-28 11:05:10.000000000,BEST_ASK,"JPM,100256,156"
2019-06-28 11:05:10.000000000,BEST_BID,"JPM,99779,156"
2019-06-28 11:05:10.000000000,BEST_ASK,"JPM,100256,156"
2019-06-28 11:05:18.819574995,QUERY_ORDER_STREAM,64
2019-06-28 11:05:18.819574995,QUERY_SPREAD,64
2019-06-28 11:05:20.000000000,QUERY_SPREAD,1
2019-06-28 11:05:20.000000000,BEST_BID,"JPM,99779,170"
2019-06-28 11:05:20.000000000,BEST_ASK,"JPM,100256,100"
2019-06-28 11:05:20.000000000,BEST_BID,"JPM,99779,170"
2019-06-28 11:05:20.000000000,BEST_ASK,"JPM,100256,100"
2019-06-28 11:05:20.000000000,BEST_BID,"JPM,99779,170"
2019-06-28 11:05:20.000000000,BEST_ASK,"JPM,100256,100"
2019-06-28 11:05:20.000000000,BEST_BID,"JPM,99779,170"
2019-06-28 11:05:20.000000000,BEST_ASK,"JPM,100256,100"
2019-06-28 11:05:20.000000000,BEST_BID,"JPM,99779,170"
2019-06-28 11:05:20.000000000,BEST_ASK,"JPM,100256,170"
2019-06-28 11:05:20.000000000,BEST_BID,"JPM,99779,170"
2019-06-28 11:05:20.000000000,BEST_ASK,"JPM,100256,170"
2019-06-28 11:05:20.000000000,BEST_BID,"JPM,99779,170"
2019-06-28 11:05:20.000000000,BEST_ASK,"JPM,100256,170"
2019-06-28 11:05:20.000000000,BEST_BID,"JPM,99779,170"
2019-06-28 11:05:20.000000000,BEST_ASK,"JPM,100256,170"
2019-06-28 11:05:30.000000000,QUERY_SPREAD,1
2019-06-28 11:05:30.000000000,BEST_BID,"JPM,99779,380"
2019-06-28 11:05:30.000000000,BEST_ASK,"JPM,100256,100"
2019-06-28 11:05:30.000000000,BEST_BID,"JPM,99779,380"
2019-06-28 11:05:30.000000000,BEST_ASK,"JPM,100256,380"
2019-06-28 11:05:34.853475324,QUERY_SPREAD,11
2019-06-28 11:05:34.853475324,BEST_BID,"JPM,99875,100"
2019-06-28 11:05:34.853475324,BEST_ASK,"JPM,100256,380"
2019-06-28 11:05:40.000000000,QUERY_SPREAD,1
2019-06-28 11:05:40.000000000,BEST_BID,"JPM,99875,156"
2019-06-28 11:05:40.000000000,BEST_ASK,"JPM,100256,100"
2019-06-28 11:05:40.000000000,BEST_BID,"JPM,99875,156"
2019-06-28 11:05:40.000000000,BEST_ASK,"JPM,100256,100"
2019-06-28 11:05:40.000000000,BEST_BID,"JPM,99875,156"
2019-06-28 11:05:40.000000000,BEST_ASK,"JPM,100256,100"
2019-06-28 11:05:40.000000000,BEST_BID,"JPM,99875,156"
2019-06-28 11:05:40.000000000,BEST_ASK,"JPM,100256,100"
2019-06-28 11:05:40.000000000,BEST_BID,"JPM,99875,156"
2019-06-28 11:05:40.000000000,BEST_ASK,"JPM,100256,100"
2019-06-28 11:05:40.000000000,BEST_BID,"JPM,99875,156"
2019-06-28 11:05:40.000000000,BEST_ASK,"JPM,100256,156"
2019-06-28 11:05:40.000000000,BEST_BID,"JPM,99875,156"
2019-06-28 11:05:40.000000000,BEST_ASK,"JPM,100256,156"
2019-06-28 11:05:40.000000000,BEST_BID,"JPM,99875,156"
2019-06-28 11:05:40.000000000,BEST_ASK,"JPM,100256,156"
2019-06-28 11:05:40.000000000,BEST_BID,"JPM,99875,156"
2019-06-28 11:05:40.000000000,BEST_ASK,"JPM,100256,156"
2019-06-28 11:05:40.000000000,BEST_BID,"JPM,99875,156"
2019-06-28 11:05:40.000000000,BEST_ASK,"JPM,100256,156"
2019-06-28 11:05:50.000000000,QUERY_SPREAD,1
2019-06-28 11:05:50.000000000,BEST_BID,"JPM,99875,156"
2019-06-28 11:05:50.000000000,BEST_ASK,"JPM,100256,100"
2019-06-28 11:05:50.000000000,BEST_BID,"JPM,99875,156"
2019-06-28 11:05:50.000000000,BEST_ASK,"JPM,100256,100"
2019-06-28 11:05:50.000000000,BEST_BID,"JPM,99875,156"
2019-06-28 11:05:50.000000000,BEST_ASK,"JPM,100256,100"
2019-06-28 11:05:50.000000000,BEST_BID,"JPM,99875,156"
2019-06-28 11:05:50.000000000,BEST_ASK,"JPM,100256,100"
2019-06-28 11:05:50.000000000,BEST_BID,"JPM,99875,156"
2019-06-28 11:05:50.000000000,BEST_ASK,"JPM,100256,100"
2019-06-28 11:05:50.000000000,BEST_BID,"JPM,99875,156"
2019-06-28 11:05:50.000000000,BEST_ASK,"JPM,100256,156"
2019-06-28 11:05:50.000000000,BEST_BID,"JPM,99875,156"
2019-06-28 11:05:50.000000000,BEST_ASK,"JPM,100256,156"
2019-06-28 11:05:50.000000000,BEST_BID,"JPM,99875,156"
2019-06-28 11:05:50.000000000,BEST_ASK,"JPM,100256,156"
2019-06-28 11:05:50.000000000,BEST_BID,"JPM,99875,156"
2019-06-28 11:05:50.000000000,BEST_ASK,"JPM,100256,156"
2019-06-28 11:05:50.000000000,BEST_BID,"JPM,99875,156"
2019-06-28 11:05:50.000000000,BEST_ASK,"JPM,100256,156"
2019-06-28 11:06:00.000000000,QUERY_SPREAD,1
2019-06-28 11:06:00.000000000,BEST_BID,"JPM,99875,240"
2019-06-28 11:06:00.000000000,BEST_ASK,"JPM,100256,100"
2019-06-28 11:06:00.000000000,BEST_BID,"JPM,99875,240"
2019-06-28 11:06:00.000000000,BEST_ASK,"JPM,100256,100"
2019-06-28 11:06:00.000000000,BEST_BID,"JPM,99875,240"
2019-06-28 11:06:00.000000000,BEST_ASK,"JPM,100256,240"
2019-06-28 11:06:00.000000000,BEST_BID,"JPM,99875,240"
2019-06-28 11:06:00.000000000,BEST_ASK,"JPM,100256,240"
2019-06-28 11:06:00.000000000,QUERY_SPREAD,77
2019-06-28 11:06:00.000000000,BEST_BID,"JPM,99875,240"
2019-06-28 11:06:00.000000000,BEST_ASK,"JPM,100256,239"
2019-06-28 11:06:00.000000000,LAST_TRADE,"1,$100256.0000"
2019-06-28 11:06:00.000000000,QUERY_SPREAD,78
2019-06-28 11:06:00.000000000,BEST_BID,"JPM,99875,240"
2019-06-28 11:06:00.000000000,BEST_ASK,"JPM,100256,235"
2019-06-28 11:06:00.000000000,LAST_TRADE,"4,$100256.0000"
2019-06-28 11:06:00.000000000,QUERY_SPREAD,79
2019-06-28 11:06:00.000000000,BEST_BID,"JPM,99875,240"
2019-06-28 11:06:00.000000000,BEST_ASK,"JPM,100256,229"
2019-06-28 11:06:00.000000000,LAST_TRADE,"6,$100256.0000"
2019-06-28 11:06:00.000000000,QUERY_SPREAD,80
2019-06-28 11:06:00.000000000,BEST_BID,"JPM,99875,240"
2019-06-28 11:06:00.000000000,BEST_ASK,"JPM,100256,224"
2019-06-28 11:06:00.000000000,LAST_TRADE,"5,$100256.0000"
2019-06-28 11:06:00.000000000,QUERY_SPREAD,81
2019-06-28 11:06:00.000000000,BEST_BID,"JPM,99875,240"
2019-06-28 11:06:00.000000000,BEST_ASK,"JPM,100256,216"
2019-06-28 11:06:00.000000000,LAST_TRADE,"8,$100256.0000"
2019-06-28 11:06:00.000000000,QUERY_SPREAD,82
2019-06-28 11:06:00.000000000,BEST_BID,"JPM,99875,240"
2019-06-28 11:06:00.000000000,BEST_ASK,"JPM,100256,208"
2019-06-28 11:06:00.000000000,LAST_TRADE,"8,$100256.0000"
2019-06-28 11:06:00.000000000,QUERY_SPREAD,83
2019-06-28 11:06:00.000000000,BEST_BID,"JPM,99875,240"
2019-06-28 11:06:00.000000000,BEST_ASK,"JPM,100256,206"
2019-06-28 11:06:00.000000000,LAST_TRADE,"2,$100256.0000"
2019-06-28 11:06:00.000000000,QUERY_SPREAD,84
2019-06-28 11:06:00.000000000,BEST_BID,"JPM,99875,240"
2019-06-28 11:06:00.000000000,BEST_ASK,"JPM,100256,205"
2019-06-28 11:06:00.000000000,LAST_TRADE,"1,$100256.0000"
2019-06-28 11:06:00.000000000,QUERY_SPREAD,85
2019-06-28 11:06:00.000000000,BEST_BID,"JPM,99875,240"
2019-06-28 11:06:00.000000000,BEST_ASK,"JPM,100256,204"
2019-06-28 11:06:00.000000000,LAST_TRADE,"1,$100256.0000"
2019-06-28 11:06:00.000000000,QUERY_SPREAD,86
2019-06-28 11:06:00.000000000,BEST_BID,"JPM,99875,240"
2019-06-28 11:06:00.000000000,BEST_ASK,"JPM,100256,198"
2019-06-28 11:06:00.000000000,LAST_TRADE,"6,$100256.0000"
2019-06-28 11:06:00.000000000,QUERY_SPREAD,87
2019-06-28 11:06:00.000000000,BEST_BID,"JPM,99875,240"
2019-06-28 11:06:00.000000000,BEST_ASK,"JPM,100256,195"
2019-06-28 11:06:00.000000000,LAST_TRADE,"3,$100256.0000"
2019-06-28 11:06:00.000000000,QUERY_SPREAD,88
2019-06-28 11:06:00.000000000,BEST_BID,"JPM,99875,240"
2019-06-28 11:06:00.000000000,BEST_ASK,"JPM,100256,191"
2019-06-28 11:06:00.000000000,LAST_TRADE,"4,$100256.0000"
2019-06-28 11:06:00.000000000,QUERY_SPREAD,89
2019-06-28 11:06:00.000000000,BEST_BID,"JPM,99875,240"
2019-06-28 11:06:00.000000000,BEST_ASK,"JPM,100256,187"
2019-06-28 11:06:00.000000000,LAST_TRADE,"4,$100256.0000"
2019-06-28 11:06:00.000000000,QUERY_SPREAD,90
2019-06-28 11:06:00.000000000,BEST_BID,"JPM,99875,240"
2019-06-28 11:06:00.000000000,BEST_ASK,"JPM,100256,180"
2019-06-28 11:06:00.000000000,LAST_TRADE,"7,$100256.0000"
2019-06-28 11:06:00.000000000,QUERY_SPREAD,91
2019-06-28 11:06:00.000000000,BEST_BID,"JPM,99875,240"
2019-06-28 11:06:00.000000000,BEST_ASK,"JPM,100256,172"
2019-06-28 11:06:00.000000000,LAST_TRADE,"8,$100256.0000"
2019-06-28 11:06:00.000000000,QUERY_SPREAD,92
2019-06-28 11:06:00.000000000,BEST_BID,"JPM,99875,240"
2019-06-28 11:06:00.000000000,BEST_ASK,"JPM,100256,167"
2019-06-28 11:06:00.000000000,LAST_TRADE,"5,$100256.0000"
2019-06-28 11:06:00.000000000,QUERY_SPREAD,93
2019-06-28 11:06:00.000000000,BEST_BID,"JPM,99875,240"
2019-06-28 11:06:00.000000000,BEST_ASK,"JPM,100256,164"
2019-06-28 11:06:00.000000000,LAST_TRADE,"3,$100256.0000"
2019-06-28 11:06:00.000000000,QUERY_SPREAD,94
2019-06-28 11:06:00.000000000,BEST_BID,"JPM,99875,240"
2019-06-28 11:06:00.000000000,BEST_ASK,"JPM,100256,160"
2019-06-28 11:06:00.000000000,LAST_TRADE,"4,$100256.0000"
2019-06-28 11:06:00.000000000,QUERY_SPREAD,95
2019-06-28 11:06:00.000000000,BEST_BID,"JPM,99875,240"
2019-06-28 11:06:00.000000000,BEST_ASK,"JPM,100256,155"
2019-06-28 11:06:00.000000000,LAST_TRADE,"5,$100256.0000"
2019-06-28 11:06:00.000000000,QUERY_SPREAD,96
2019-06-28 11:06:00.000000000,BEST_BID,"JPM,99875,240"
2019-06-28 11:06:00.000000000,BEST_ASK,"JPM,100256,154"
2019-06-28 11:06:00.000000000,LAST_TRADE,"1,$100256.0000"
2019-06-28 11:06:00.000000000,QUERY_SPREAD,97
2019-06-28 11:06:00.000000000,BEST_BID,"JPM,99875,240"
2019-06-28 11:06:00.000000000,BEST_ASK,"JPM,100256,147"
2019-06-28 11:06:00.000000000,LAST_TRADE,"7,$100256.0000"
2019-06-28 11:06:00.000000000,QUERY_SPREAD,98
2019-06-28 11:06:00.000000000,BEST_BID,"JPM,99875,240"
2019-06-28 11:06:00.000000000,BEST_ASK,"JPM,100256,141"
2019-06-28 11:06:00.000000000,LAST_TRADE,"6,$100256.0000"
2019-06-28 11:06:00.000000000,QUERY_SPREAD,99
2019-06-28 11:06:00.000000000,BEST_BID,"JPM,99875,240"
2019-06-28 11:06:00.000000000,BEST_ASK,"JPM,100256,136"
2019-06-28 11:06:00.000000000,LAST_TRADE,"5,$100256.0000"
2019-06-28 11:06:00.000000000,QUERY_SPREAD,100
2019-06-28 11:06:00.000000000,BEST_BID,"JPM,99875,240"
2019-06-28 11:06:00.000000000,BEST_ASK,"JPM,100256,129"
2019-06-28 11:06:00.000000000,LAST_TRADE,"7,$100256.0000"
2019-06-28 11:06:00.000000000,QUERY_SPREAD,101
2019-06-28 11:06:00.000000000,QUERY_ORDER_STREAM,101
2019-06-28 11:06:10.000000000,QUERY_SPREAD,1
2019-06-28 11:06:10.000000000,BEST_BID,"JPM,99875,156"
2019-06-28 11:06:10.000000000,BEST_ASK,"JPM,101056,300"
2019-06-28 11:06:10.000000000,BEST_BID,"JPM,99875,156"
2019-06-28 11:06:10.000000000,BEST_ASK,"JPM,101056,300"
2019-06-28 11:06:10.000000000,BEST_BID,"JPM,99875,156"
2019-06-28 11:06:10.000000000,BEST_ASK,"JPM,101056,300"
2019-06-28 11:06:10.000000000,BEST_BID,"JPM,99875,156"
2019-06-28 11:06:10.000000000,BEST_ASK,"JPM,101056,300"
2019-06-28 11:06:10.000000000,BEST_BID,"JPM,99875,156"
2019-06-28 11:06:10.000000000,BEST_ASK,"JPM,101056,300"
2019-06-28 11:06:10.000000000,BEST_BID,"JPM,99875,156"
2019-06-28 11:06:10.000000000,BEST_ASK,"JPM,101056,356"
2019-06-28 11:06:10.000000000,BEST_BID,"JPM,99875,156"
2019-06-28 11:06:10.000000000,BEST_ASK,"JPM,101056,356"
2019-06-28 11:06:10.000000000,BEST_BID,"JPM,99875,156"
2019-06-28 11:06:10.000000000,BEST_ASK,"JPM,101056,356"
2019-06-28 11:06:10.000000000,BEST_BID,"JPM,99875,156"
2019-06-28 11:06:10.000000000,BEST_ASK,"JPM,101056,356"
2019-06-28 11:06:10.000000000,BEST_BID,"JPM,99875,156"
2019-06-28 11:06:10.000000000,BEST_ASK,"JPM,101056,356"
2019-06-28 11:06:10.980417692,QUERY_SPREAD,49
2019-06-28 11:06:10.980417692,BEST_BID,"JPM,100030,100"
2019-06-28 11:06:10.980417692,BEST_ASK,"JPM,101056,356"
2019-06-28 11:06:20.000000000,QUERY_SPREAD,1
2019-06-28 11:06:20.000000000,BEST_BID,"JPM,100030,195"
2019-06-28 11:06:20.000000000,BEST_ASK,"JPM,101056,300"
2019-06-28 11:06:20.000000000,BEST_BID,"JPM,100030,195"
2019-06-28 11:06:20.000000000,BEST_ASK,"JPM,101056,300"
2019-06-28 11:06:20.000000000,BEST_BID,"JPM,100030,195"
2019-06-28 11:06:20.000000000,BEST_ASK,"JPM,101056,300"
2019-06-28 11:06:20.000000000,BEST_BID,"JPM,100030,195"
2019-06-28 11:06:20.000000000,BEST_ASK,"JPM,101056,395"
2019-06-28 11:06:20.000000000,BEST_BID,"JPM,100030,195"
2019-06-28 11:06:20.000000000,BEST_ASK,"JPM,101056,395"
2019-06-28 11:06:20.000000000,BEST_BID,"JPM,100030,195"
2019-06-28 11:06:20.000000000,BEST_ASK,"JPM,101056,395"
2019-06-28 11:06:30.000000000,QUERY_SPREAD,1
2019-06-28 11:06:30.000000000,BEST_BID,"JPM,100030,380"
2019-06-28 11:06:30.000000000,BEST_ASK,"JPM,101056,300"
2019-06-28 11:06:30.000000000,BEST_BID,"JPM,100030,380"
2019-06-28 11:06:30.000000000,BEST_ASK,"JPM,101056,580"
2019-06-28 11:06:31.934868431,QUERY_SPREAD,45
2019-06-28 11:06:31.934868431,BEST_BID,"JPM,100482,100"
2019-06-28 11:06:31.934868431,BEST_ASK,"JPM,101056,580"
2019-06-28 11:06:39.849216582,QUERY_SPREAD,18
2019-06-28 11:06:39.849216582,BEST_BID,"JPM,100482,100"
2019-06-28 11:06:39.849216582,BEST_ASK,"JPM,101056,580"
2019-06-28 11:06:40.000000000,QUERY_SPREAD,1
2019-06-28 11:06:40.000000000,BEST_BID,"JPM,100482,170"
2019-06-28 11:06:40.000000000,BEST_ASK,"JPM,101056,300"
2019-06-28 11:06:40.000000000,BEST_BID,"JPM,100482,170"
2019-06-28 11:06:40.000000000,BEST_ASK,"JPM,101056,300"
2019-06-28 11:06:40.000000000,BEST_BID,"JPM,100482,170"
2019-06-28 11:06:40.000000000,BEST_ASK,"JPM,101056,300"
2019-06-28 11:06:40.000000000,BEST_BID,"JPM,100482,170"
2019-06-28 11:06:40.000000000,BEST_ASK,"JPM,101056,300"
2019-06-28 11:06:40.000000000,BEST_BID,"JPM,100482,170"
2019-06-28 11:06:40.000000000,BEST_ASK,"JPM,101056,370"
2019-06-28 11:06:40.000000000,BEST_BID,"JPM,100482,170"
2019-06-28 11:06:40.000000000,BEST_ASK,"JPM,101056,370"
2019-06-28 11:06:40.000000000,BEST_BID,"JPM,100482,170"
2019-06-28 11:06:40.000000000,BEST_ASK,"JPM,101056,370"
2019-06-28 11:06:40.000000000,BEST_BID,"JPM,100482,170"
2019-06-28 11:06:40.000000000,BEST_ASK,"JPM,101056,370"
2019-06-28 11:06:50.000000000,QUERY_SPREAD,1
2019-06-28 11:06:50.000000000,BEST_BID,"JPM,100482,240"
2019-06-28 11:06:50.000000000,BEST_ASK,"JPM,101056,300"
2019-06-28 11:06:50.000000000,BEST_BID,"JPM,100482,240"
2019-06-28 11:06:50.000000000,BEST_ASK,"JPM,101056,300"
2019-06-28 11:06:50.000000000,BEST_BID,"JPM,100482,240"
2019-06-28 11:06:50.000000000,BEST_ASK,"JPM,101056,440"
2019-06-28 11:06:50.000000000,BEST_BID,"JPM,100482,240"
2019-06-28 11:06:50.000000000,BEST_ASK,"JPM,101056,440"
2019-06-28 11:07:00.000000000,QUERY_SPREAD,1
2019-06-28 11:07:00.000000000,BEST_BID,"JPM,100482,170"
2019-06-28 11:07:00.000000000,BEST_ASK,"JPM,101056,300"
2019-06-28 11:07:00.000000000,BEST_BID,"JPM,100482,170"
2019-06-28 11:07:00.000000000,BEST_ASK,"JPM,101056,300"
2019-06-28 11:07:00.000000000,BEST_BID,"JPM,100482,170"
2019-06-28 11:07:00.000000000,BEST_ASK,"JPM,101056,300"
2019-06-28 11:07:00.000000000,BEST_BID,"JPM,100482,170"
2019-06-28 11:07:00.000000000,BEST_ASK,"JPM,101056,300"
2019-06-28 11:07:00.000000000,BEST_BID,"JPM,100482,170"
2019-06-28 11:07:00.000000000,BEST_ASK,"JPM,101056,370"
2019-06-28 11:07:00.000000000,BEST_BID,"JPM,100482,170"
2019-06-28 11:07:00.000000000,BEST_ASK,"JPM,101056,370"
2019-06-28 11:07:00.000000000,BEST_BID,"JPM,100482,170"
2019-06-28 11:07:00.000000000,BEST_ASK,"JPM,101056,370"
2019-06-28 11:07:00.000000000,BEST_BID,"JPM,100482,170"
2019-06-28 11:07:00.000000000,BEST_ASK,"JPM,101056,370"
2019-06-28 11:07:00.000000000,QUERY_SPREAD,77
2019-06-28 11:07:00.000000000,BEST_BID,"JPM,100482,170"
2019-06-28 11:07:00.000000000,BEST_ASK,"JPM,101056,369"
2019-06-28 11:07:00.000000000,LAST_TRADE,"1,$101056.0000"
2019-06-28 11:07:00.000000000,QUERY_SPREAD,78
2019-06-28 11:07:00.000000000,BEST_BID,"JPM,100482,170"
2019-06-28 11:07:00.000000000,BEST_ASK,"JPM,101056,365"
2019-06-28 11:07:00.000000000,LAST_TRADE,"4,$101056.0000"
2019-06-28 11:07:00.000000000,QUERY_SPREAD,79
2019-06-28 11:07:00.000000000,BEST_BID,"JPM,100482,170"
2019-06-28 11:07:00.000000000,BEST_ASK,"JPM,101056,359"
2019-06-28 11:07:00.000000000,LAST_TRADE,"6,$101056.0000"
2019-06-28 11:07:00.000000000,QUERY_SPREAD,80
2019-06-28 11:07:00.000000000,BEST_BID,"JPM,100482,170"
2019-06-28 11:07:00.000000000,BEST_ASK,"JPM,101056,354"
2019-06-28 11:07:00.000000000,LAST_TRADE,"5,$101056.0000"
2019-06-28 11:07:00.000000000,QUERY_SPREAD,81
2019-06-28 11:07:00.000000000,BEST_BID,"JPM,100482,170"
2019-06-28 11:07:00.000000000,BEST_ASK,"JPM,101056,346"
2019-06-28 11:07:00.000000000,LAST_TRADE,"8,$101056.0000"
2019-06-28 11:07:00.000000000,QUERY_SPREAD,82
2019-06-28 11:07:00.000000000,BEST_BID,"JPM,100482,170"
2019-06-28 11:07:00.000000000,BEST_ASK,"JPM,101056,338"
2019-06-28 11:07:00.000000000,LAST_TRADE,"8,$101056.0000"
2019-06-28 11:07:00.000000000,QUERY_SPREAD,83
2019-06-28 11:07:00.000000000,BEST_BID,"JPM,100482,170"
2019-06-28 11:07:00.000000000,BEST_ASK,"JPM,101056,336"
2019-06-28 11:07:00.000000000,LAST_TRADE,"2,$101056.0000"
2019-06-28 11:07:00.000000000,QUERY_SPREAD,84
2019-06-28 11:07:00.000000000,BEST_BID,"JPM,100482,170"
2019-06-28 11:07:00.000000000,BEST_ASK,"JPM,101056,335"
2019-06-28 11:07:00.000000000,LAST_TRADE,"1,$101056.0000"
2019-06-28 11:07:00.000000000,QUERY_SPREAD,85
2019-06-28 11:07:00.000000000,BEST_BID,"JPM,100482,170"
2019-06-28 11:07:00.000000000,BEST_ASK,"JPM,101056,334"
2019-06-28 11:07:00.000000000,LAST_TRADE,"1,$101056.0000"
2019-06-28 11:07:00.000000000,QUERY_SPREAD,86
2019-06-28 11:07:00.000000000,BEST_BID,"JPM,100482,170"
2019-06-28 11:07:00.000000000,BEST_ASK,"JPM,101056,328"
2019-06-28 11:07:00.000000000,LAST_TRADE,"6,$101056.0000"
2019-06-28 11:07:00.000000000,QUERY_SPREAD,87
2019-06-28 11:07:00.000000000,BEST_BID,"JPM,100482,170"
2019-06-28 11:07:00.000000000,BEST_ASK,"JPM,101056,325"
2019-06-28 11:07:00.000000000,LAST_TRADE,"3,$101056.0000"
2019-06-28 11:07:00.000000000,QUERY_SPREAD,88
2019-06-28 11:07:00.000000000,BEST_BID,"JPM,100482,170"
2019-06-28 11:07:00.000000000,BEST_ASK,"JPM,101056,321"
2019-06-28 11:07:00.000000000,LAST_TRADE,"4,$101056.0000"
2019-06-28 11:07:00.000000000,QUERY_SPREAD,89
2019-06-28 11:07:00.000000000,BEST_BID,"JPM,100482,170"
2019-06-28 11:07:00.000000000,BEST_ASK,"JPM,101056,317"
2019-06-28 11:07:00.000000000,LAST_TRADE,"4,$101056.0000"
2019-06-28 11:07:00.000000000,QUERY_SPREAD,90
2019-06-28 11:07:00.000000000,BEST_BID,"JPM,100482,170"
2019-06-28 11:07:00.000000000,BEST_ASK,"JPM,101056,310"
2019-06-28 11:07:00.000000000,LAST_TRADE,"7,$101056.0000"
2019-06-28 11:07:00.000000000,QUERY_SPREAD,91
2019-06-28 11:07:00.000000000,BEST_BID,"JPM,100482,170"
2019-06-28 11:07:00.000000000,BEST_ASK,"JPM,101056,302"
2019-06-28 11:07:00.000000000,LAST_TRADE,"8,$101056.0000"
2019-06-28 11:07:00.000000000,QUERY_SPREAD,92
2019-06-28 11:07:00.000000000,BEST_BID,"JPM,100482,170"
2019-06-28 11:07:00.000000000,BEST_ASK,"JPM,101056,297"
2019-06-28 11:07:00.000000000,LAST_TRADE,"5,$101056.0000"
2019-06-28 11:07:00.000000000,QUERY_SPREAD,93
2019-06-28 11:07:00.000000000,BEST_BID,"JPM,100482,170"
2019-06-28 11:07:00.000000000,BEST_ASK,"JPM,101056,294"
2019-06-28 11:07:00.000000000,LAST_TRADE,"3,$101056.0000"
2019-06-28 11:07:00.000000000,QUERY_SPREAD,94
2019-06-28 11:07:00.000000000,BEST_BID,"JPM,100482,170"
2019-06-28 11:07:00.000000000,BEST_ASK,"JPM,101056,290"
2019-06-28 11:07:00.000000000,LAST_TRADE,"4,$101056.0000"
2019-06-28 11:07:00.000000000,QUERY_SPREAD,95
2019-06-28 11:07:00.000000000,BEST_BID,"JPM,100482,170"
2019-06-28 11:07:00.000000000,BEST_ASK,"JPM,101056,285"
2019-06-28 11:07:00.000000000,LAST_TRADE,"5,$101056.0000"
2019-06-28 11:07:00.000000000,QUERY_SPREAD,96
2019-06-28 11:07:00.000000000,BEST_BID,"JPM,100482,170"
2019-06-28 11:07:00.000000000,BEST_ASK,"JPM,101056,284"
2019-06-28 11:07:00.000000000,LAST_TRADE,"1,$101056.0000"
2019-06-28 11:07:00.000000000,QUERY_SPREAD,97
2019-06-28 11:07:00.000000000,BEST_BID,"JPM,100482,170"
2019-06-28 11:07:00.000000000,BEST_ASK,"JPM,101056,277"
2019-06-28 11:07:00.000000000,LAST_TRADE,"7,$101056.0000"
2019-06-28 11:07:00.000000000,QUERY_SPREAD,98
2019-06-28 11:07:00.000000000,BEST_BID,"JPM,100482,170"
2019-06-28 11:07:00.000000000,BEST_ASK,"JPM,101056,271"
2019-06-28 11:07:00.000000000,LAST_TRADE,"6,$101056.0000"
2019-06-28 11:07:00.000000000,QUERY_SPREAD,99
2019-06-28 11:07:00.000000000,BEST_BID,"JPM,100482,170"
2019-06-28 11:07:00.000000000,BEST_ASK,"JPM,101056,266"
2019-06-28 11:07:00.000000000,LAST_TRADE,"5,$101056.0000"
2019-06-28 11:07:00.000000000,QUERY_SPREAD,100
2019-06-28 11:07:00.000000000,BEST_BID,"JPM,100482,170"
2019-06-28 11:07:00.000000000,BEST_ASK,"JPM,101056,259"
2019-06-28 11:07:00.000000000,LAST_TRADE,"7,$101056.0000"
2019-06-28 11:07:00.000000000,QUERY_SPREAD,101
2019-06-28 11:07:00.000000000,QUERY_ORDER_STREAM,101
2019-06-28 11:07:09.131274513,QUERY_ORDER_STREAM,57
2019-06-28 11:07:09.131274513,QUERY_SPREAD,57
2019-06-28 11:07:10.000000000,QUERY_SPREAD,1
2019-06-28 11:07:10.000000000,BEST_BID,"JPM,100482,195"
2019-06-28 11:07:10.000000000,BEST_ASK,"JPM,101056,189"
2019-06-28 11:07:10.000000000,BEST_BID,"JPM,100482,195"
2019-06-28 11:07:10.000000000,BEST_ASK,"JPM,101056,189"
2019-06-28 11:07:10.000000000,BEST_BID,"JPM,100482,195"
2019-06-28 11:07:10.000000000,BEST_ASK,"JPM,101056,189"
2019-06-28 11:07:10.000000000,BEST_BID,"JPM,100482,195"
2019-06-28 11:07:10.000000000,BEST_ASK,"JPM,101056,284"
2019-06-28 11:07:10.000000000,BEST_BID,"JPM,100482,195"
2019-06-28 11:07:10.000000000,BEST_ASK,"JPM,101056,284"
2019-06-28 11:07:10.000000000,BEST_BID,"JPM,100482,195"
2019-06-28 11:07:10.000000000,BEST_ASK,"JPM,101056,284"
2019-06-28 11:07:16.262386778,QUERY_SPREAD,8
2019-06-28 11:07:16.262386778,BEST_BID,"JPM,100482,195"
2019-06-28 11:07:16.262386778,BEST_ASK,"JPM,101056,284"
2019-06-28 11:07:20.000000000,QUERY_SPREAD,1
2019-06-28 11:07:20.000000000,BEST_BID,"JPM,100482,170"
2019-06-28 11:07:20.000000000,BEST_ASK,"JPM,101056,189"
2019-06-28 11:07:20.000000000,BEST_BID,"JPM,100482,170"
2019-06-28 11:07:20.000000000,BEST_ASK,"JPM,101056,189"
2019-06-28 11:07:20.000000000,BEST_BID,"JPM,100482,170"
2019-06-28 11:07:20.000000000,BEST_ASK,"JPM,101056,189"
2019-06-28 11:07:20.000000000,BEST_BID,"JPM,100482,170"
2019-06-28 11:07:20.000000000,BEST_ASK,"JPM,101056,189"
2019-06-28 11:07:20.000000000,BEST_BID,"JPM,100482,170"
2019-06-28 11:07:20.000000000,BEST_ASK,"JPM,101056,259"
2019-06-28 11:07:20.000000000,BEST_BID,"JPM,100482,170"
2019-06-28 11:07:20.000000000,BEST_ASK,"JPM,101056,259"
2019-06-28 11:07:20.000000000,BEST_BID,"JPM,100482,170"
2019-06-28 11:07:20.000000000,BEST_ASK,"JPM,101056,259"
2019-06-28 11:07:20.000000000,BEST_BID,"JPM,100482,170"
2019-06-28 11:07:20.000000000,BEST_ASK,"JPM,101056,259"
2019-06-28 11:07:21.032363361,QUERY_ORDER_STREAM,67
2019-06-28 11:07:21.032363361,QUERY_SPREAD,67
2019-06-28 11:07:21.032363361,BEST_BID,"JPM,100482,170"
2019-06-28 11:07:21.032363361,BEST_ASK,"JPM,101056,359"
2019-06-28 11:07:30.000000000,QUERY_SPREAD,1
2019-06-28 11:07:30.000000000,BEST_BID,"JPM,100482,170"
2019-06-28 11:07:30.000000000,BEST_ASK,"JPM,101056,289"
2019-06-28 11:07:30.000000000,BEST_BID,"JPM,100482,170"
2019-06-28 11:07:30.000000000,BEST_ASK,"JPM,101056,289"
2019-06-28 11:07:30.000000000,BEST_BID,"JPM,100482,170"
2019-06-28 11:07:30.000000000,BEST_ASK,"JPM,101056,289"
2019-06-28 11:07:30.000000000,BEST_BID,"JPM,100482,170"
2019-06-28 11:07:30.000000000,BEST_ASK,"JPM,101056,289"
2019-06-28 11:07:30.000000000,BEST_BID,"JPM,100482,170"
2019-06-28 11:07:30.000000000,BEST_ASK,"JPM,101056,359"
2019-06-28 11:07:30.000000000,BEST_BID,"JPM,100482,170"
2019-06-28 11:07:30.000000000,BEST_ASK,"JPM,101056,359"
2019-06-28 11:07:30.000000000,BEST_BID,"JPM,100482,170"
2019-06-28 11:07:30.000000000,BEST_ASK,"JPM,101056,359"
2019-06-28 11:07:30.000000000,BEST_BID,"JPM,100482,170"
2019-06-28 11:07:30.000000000,BEST_ASK,"JPM,101056,359"
2019-06-28 11:07:34.072911760,QUERY_SPREAD,36
2019-06-28 11:07:34.072911760,BEST_BID,"JPM,100482,70"
2019-06-28 11:07:34.072911760,BEST_ASK,"JPM,101056,359"
2019-06-28 11:07:34.072911760,LAST_TRADE,"100,$100482.0000"
2019-06-28 11:07:37.236867803,QUERY_ORDER_STREAM,57
2019-06-28 11:07:37.236867803,QUERY_SPREAD,57
2019-06-28 11:07:40.000000000,QUERY_SPREAD,1
2019-06-28 11:07:40.000000000,BEST_BID,"JPM,100116,156"
2019-06-28 11:07:40.000000000,BEST_ASK,"JPM,101056,289"
2019-06-28 11:07:40.000000000,BEST_BID,"JPM,100116,156"
2019-06-28 11:07:40.000000000,BEST_ASK,"JPM,101056,289"
2019-06-28 11:07:40.000000000,BEST_BID,"JPM,100116,156"
2019-06-28 11:07:40.000000000,BEST_ASK,"JPM,101056,289"
2019-06-28 11:07:40.000000000,BEST_BID,"JPM,100116,156"
2019-06-28 11:07:40.000000000,BEST_ASK,"JPM,101056,289"
2019-06-28 11:07:40.000000000,BEST_BID,"JPM,100116,156"
2019-06-28 11:07:40.000000000,BEST_ASK,"JPM,101056,289"
2019-06-28 11:07:40.000000000,BEST_BID,"JPM,100116,156"
2019-06-28 11:07:40.000000000,BEST_ASK,"JPM,101056,345"
2019-06-28 11:07:40.000000000,BEST_BID,"JPM,100116,156"
2019-06-28 11:07:40.000000000,BEST_ASK,"JPM,101056,345"
2019-06-28 11:07:40.000000000,BEST_BID,"JPM,100116,156"
2019-06-28 11:07:40.000000000,BEST_ASK,"JPM,101056,345"
2019-06-28 11:07:40.000000000,BEST_BID,"JPM,100116,156"
2019-06-28 11:07:40.000000000,BEST_ASK,"JPM,101056,345"
2019-06-28 11:07:40.000000000,BEST_BID,"JPM,100116,156"
2019-06-28 11:07:40.000000000,BEST_ASK,"JPM,101056,345"
2019-06-28 11:07:50.000000000,QUERY_SPREAD,1
2019-06-28 11:07:50.000000000,BEST_BID,"JPM,100116,380"
2019-06-28 11:07:50.000000000,BEST_ASK,"JPM,101056,289"
2019-06-28 11:07:50.000000000,BEST_BID,"JPM,100116,380"
2019-06-28 11:07:50.000000000,BEST_ASK,"JPM,101056,569"
2019-06-28 11:07:53.823617856,QUERY_SPREAD,37
2019-06-28 11:07:53.823617856,BEST_BID,"JPM,100116,380"
2019-06-28 11:07:53.823617856,BEST_ASK,"JPM,101056,569"
2019-06-28 11:08:00.000000000,QUERY_SPREAD,1
2019-06-28 11:08:00.000000000,BEST_BID,"JPM,100116,170"
2019-06-28 11:08:00.000000000,BEST_ASK,"JPM,101056,289"
2019-06-28 11:08:00.000000000,BEST_BID,"JPM,100116,170"
2019-06-28 11:08:00.000000000,BEST_ASK,"JPM,101056,289"
2019-06-28 11:08:00.000000000,BEST_BID,"JPM,100116,170"
2019-06-28 11:08:00.000000000,BEST_ASK,"JPM,101056,289"
2019-06-28 11:08:00.000000000,BEST_BID,"JPM,100116,170"
2019-06-28 11:08:00.000000000,BEST_ASK,"JPM,101056,289"
2019-06-28 11:08:00.000000000,BEST_BID,"JPM,100116,170"
2019-06-28 11:08:00.000000000,BEST_ASK,"JPM,101056,359"
2019-06-28 11:08:00.000000000,BEST_BID,"JPM,100116,170"
2019-06-28 11:08:00.000000000,BEST_ASK,"JPM,101056,359"
2019-06-28 11:08:00.000000000,BEST_BID,"JPM,100116,170"
2019-06-28 11:08:00.000000000,BEST_ASK,"JPM,101056,359"
2019-06-28 11:08:00.000000000,BEST_BID,"JPM,100116,170"
2019-06-28 11:08:00.000000000,BEST_ASK,"JPM,101056,359"
2019-06-28 11:08:00.000000000,QUERY_SPREAD,77
2019-06-28 11:08:00.000000000,BEST_BID,"JPM,100116,170"
2019-06-28 11:08:00.000000000,BEST_ASK,"JPM,101056,358"
2019-06-28 11:08:00.000000000,LAST_TRADE,"1,$101056.0000"
2019-06-28 11:08:00.000000000,QUERY_SPREAD,78
2019-06-28 11:08:00.000000000,BEST_BID,"JPM,100116,170"
2019-06-28 11:08:00.000000000,BEST_ASK,"JPM,101056,354"
2019-06-28 11:08:00.000000000,LAST_TRADE,"4,$101056.0000"
2019-06-28 11:08:00.000000000,QUERY_SPREAD,79
2019-06-28 11:08:00.000000000,BEST_BID,"JPM,100116,170"
2019-06-28 11:08:00.000000000,BEST_ASK,"JPM,101056,348"
2019-06-28 11:08:00.000000000,LAST_TRADE,"6,$101056.0000"
2019-06-28 11:08:00.000000000,QUERY_SPREAD,80
2019-06-28 11:08:00.000000000,BEST_BID,"JPM,100116,170"
2019-06-28 11:08:00.000000000,BEST_ASK,"JPM,101056,343"
2019-06-28 11:08:00.000000000,LAST_TRADE,"5,$101056.0000"
2019-06-28 11:08:00.000000000,QUERY_SPREAD,81
2019-06-28 11:08:00.000000000,BEST_BID,"JPM,100116,170"
2019-06-28 11:08:00.000000000,BEST_ASK,"JPM,101056,335"
2019-06-28 11:08:00.000000000,LAST_TRADE,"8,$101056.0000"
2019-06-28 11:08:00.000000000,QUERY_SPREAD,82
2019-06-28 11:08:00.000000000,BEST_BID,"JPM,100116,170"
2019-06-28 11:08:00.000000000,BEST_ASK,"JPM,101056,327"
2019-06-28 11:08:00.000000000,LAST_TRADE,"8,$101056.0000"
2019-06-28 11:08:00.000000000,QUERY_SPREAD,83
2019-06-28 11:08:00.000000000,BEST_BID,"JPM,100116,170"
2019-06-28 11:08:00.000000000,BEST_ASK,"JPM,101056,325"
2019-06-28 11:08:00.000000000,LAST_TRADE,"2,$101056.0000"
2019-06-28 11:08:00.000000000,QUERY_SPREAD,84
2019-06-28 11:08:00.000000000,BEST_BID,"JPM,100116,170"
2019-06-28 11:08:00.000000000,BEST_ASK,"JPM,101056,324"
2019-06-28 11:08:00.000000000,LAST_TRADE,"1,$101056.0000"
2019-06-28 11:08:00.000000000,QUERY_SPREAD,85
2019-06-28 11:08:00.000000000,BEST_BID,"JPM,100116,170"
2019-06-28 11:08:00.000000000,BEST_ASK,"JPM,101056,323"
2019-06-28 11:08:00.000000000,LAST_TRADE,"1,$101056.0000"
2019-06-28 11:08:00.000000000,QUERY_SPREAD,86
2019-06-28 11:08:00.000000000,BEST_BID,"JPM,100116,170"
2019-06-28 11:08:00.000000000,BEST_ASK,"JPM,101056,317"
2019-06-28 11:08:00.000000000,LAST_TRADE,"6,$101056.0000"
2019-06-28 11:08:00.000000000,QUERY_SPREAD,87
2019-06-28 11:08:00.000000000,BEST_BID,"JPM,100116,170"
2019-06-28 11:08:00.000000000,BEST_ASK,"JPM,101056,314"
2019-06-28 11:08:00.000000000,LAST_TRADE,"3,$101056.0000"
2019-06-28 11:08:00.000000000,QUERY_SPREAD,88
2019-06-28 11:08:00.000000000,BEST_BID,"JPM,100116,170"
2019-06-28 11:08:00.000000000,BEST_ASK,"JPM,101056,310"
2019-06-28 11:08:00.000000000,LAST_TRADE,"4,$101056.0000"
2019-06-28 11:08:00.000000000,QUERY_SPREAD,89
2019-06-28 11:08:00.000000000,BEST_BID,"JPM,100116,170"
2019-06-28 11:08:00.000000000,BEST_ASK,"JPM,101056,306"
2019-06-28 11:08:00.000000000,LAST_TRADE,"4,$101056.0000"
2019-06-28 11:08:00.000000000,QUERY_SPREAD,90
2019-06-28 11:08:00.000000000,BEST_BID,"JPM,100116,170"
2019-06-28 11:08:00.000000000,BEST_ASK,"JPM,101056,299"
2019-06-28 11:08:00.000000000,LAST_TRADE,"7,$101056.0000"
2019-06-28 11:08:00.000000000,QUERY_SPREAD,91
2019-06-28 11:08:00.000000000,BEST_BID,"JPM,100116,170"
2019-06-28 11:08:00.000000000,BEST_ASK,"JPM,101056,291"
2019-06-28 11:08:00.000000000,LAST_TRADE,"8,$101056.0000"
2019-06-28 11:08:00.000000000,QUERY_SPREAD,92
2019-06-28 11:08:00.000000000,BEST_BID,"JPM,100116,170"
2019-06-28 11:08:00.000000000,BEST_ASK,"JPM,101056,286"
2019-06-28 11:08:00.000000000,LAST_TRADE,"5,$101056.0000"
2019-06-28 11:08:00.000000000,QUERY_SPREAD,93
2019-06-28 11:08:00.000000000,BEST_BID,"JPM,100116,170"
2019-06-28 11:08:00.000000000,BEST_ASK,"JPM,101056,283"
2019-06-28 11:08:00.000000000,LAST_TRADE,"3,$101056.0000"
2019-06-28 11:08:00.000000000,QUERY_SPREAD,94
2019-06-28 11:08:00.000000000,BEST_BID,"JPM,100116,170"
2019-06-28 11:08:00.000000000,BEST_ASK,"JPM,101056,279"
2019-06-28 11:08:00.000000000,LAST_TRADE,"4,$101056.0000"
2019-06-28 11:08:00.000000000,QUERY_SPREAD,95
2019-06-28 11:08:00.000000000,BEST_BID,"JPM,100116,170"
2019-06-28 11:08:00.000000000,BEST_ASK,"JPM,101056,274"
2019-06-28 11:08:00.000000000,LAST_TRADE,"5,$101056.0000"
2019-06-28 11:08:00.000000000,QUERY_SPREAD,96
2019-06-28 11:08:00.000000000,BEST_BID,"JPM,100116,170"
2019-06-28 11:08:00.000000000,BEST_ASK,"JPM,101056,273"
2019-06-28 11:08:00.000000000,LAST_TRADE,"1,$101056.0000"
2019-06-28 11:08:00.000000000,QUERY_SPREAD,97
2019-06-28 11:08:00.000000000,BEST_BID,"JPM,100116,170"
2019-06-28 11:08:00.000000000,BEST_ASK,"JPM,101056,266"
2019-06-28 11:08:00.000000000,LAST_TRADE,"7,$101056.0000"
2019-06-28 11:08:00.000000000,QUERY_SPREAD,98
2019-06-28 11:08:00.000000000,BEST_BID,"JPM,100116,170"
2019-06-28 11:08:00.000000000,BEST_ASK,"JPM,101056,260"
2019-06-28 11:08:00.000000000,LAST_TRADE,"6,$101056.0000"
2019-06-28 11:08:00.000000000,QUERY_SPREAD,99
2019-06-28 11:08:00.000000000,BEST_BID,"JPM,100116,170"
2019-06-28 11:08:00.000000000,BEST_ASK,"JPM,101056,255"
2019-06-28 11:08:00.000000000,LAST_TRADE,"5,$101056.0000"
2019-06-28 11:08:00.000000000,QUERY_SPREAD,100
2019-06-28 11:08:00.000000000,BEST_BID,"JPM,100116,170"
2019-06-28 11:08:00.000000000,BEST_ASK,"JPM,101056,248"
2019-06-28 11:08:00.000000000,LAST_TRADE,"7,$101056.0000"
2019-06-28 11:08:00.000000000,QUERY_SPREAD,101
2019-06-28 11:08:00.000000000,QUERY_ORDER_STREAM,101
2019-06-28 11:08:07.962219196,QUERY_SPREAD,21
2019-06-28 11:08:07.962219196,BEST_BID,"JPM,100116,170"
2019-06-28 11:08:07.962219196,BEST_ASK,"JPM,101056,248"
2019-06-28 11:08:10.000000000,QUERY_SPREAD,1
2019-06-28 11:08:10.000000000,BEST_BID,"JPM,100116,156"
2019-06-28 11:08:10.000000000,BEST_ASK,"JPM,101056,178"
2019-06-28 11:08:10.000000000,BEST_BID,"JPM,100116,156"
2019-06-28 11:08:10.000000000,BEST_ASK,"JPM,101056,178"
2019-06-28 11:08:10.000000000,BEST_BID,"JPM,100116,156"
2019-06-28 11:08:10.000000000,BEST_ASK,"JPM,101056,178"
2019-06-28 11:08:10.000000000,BEST_BID,"JPM,100116,156"
2019-06-28 11:08:10.000000000,BEST_ASK,"JPM,101056,178"
2019-06-28 11:08:10.000000000,BEST_BID,"JPM,100116,156"
2019-06-28 11:08:10.000000000,BEST_ASK,"JPM,101056,178"
2019-06-28 11:08:10.000000000,BEST_BID,"JPM,100116,156"
2019-06-28 11:08:10.000000000,BEST_ASK,"JPM,101056,234"
2019-06-28 11:08:10.000000000,BEST_BID,"JPM,100116,156"
2019-06-28 11:08:10.000000000,BEST_ASK,"JPM,101056,234"
2019-06-28 11:08:10.000000000,BEST_BID,"JPM,100116,156"
2019-06-28 11:08:10.000000000,BEST_ASK,"JPM,101056,234"
2019-06-28 11:08:10.000000000,BEST_BID,"JPM,100116,156"
2019-06-28 11:08:10.000000000,BEST_ASK,"JPM,101056,234"
2019-06-28 11:08:10.000000000,BEST_BID,"JPM,100116,156"
2019-06-28 11:08:10.000000000,BEST_ASK,"JPM,101056,234"
2019-06-28 11:08:11.248401839,QUERY_SPREAD,12
2019-06-28 11:08:11.248401839,BEST_BID,"JPM,100116,156"
2019-06-28 11:08:11.248401839,BEST_ASK,"JPM,100142,100"
2019-06-28 11:08:20.000000000,QUERY_SPREAD,1
2019-06-28 11:08:20.000000000,BEST_BID,"JPM,100116,170"
2019-06-28 11:08:20.000000000,BEST_ASK,"JPM,100142,100"
2019-06-28 11:08:20.000000000,BEST_BID,"JPM,100116,170"
2019-06-28 11:08:20.000000000,BEST_ASK,"JPM,100142,100"
2019-06-28 11:08:20.000000000,BEST_BID,"JPM,100116,170"
2019-06-28 11:08:20.000000000,BEST_ASK,"JPM,100142,100"
2019-06-28 11:08:20.000000000,BEST_BID,"JPM,100116,170"
2019-06-28 11:08:20.000000000,BEST_ASK,"JPM,100142,100"
2019-06-28 11:08:20.000000000,BEST_BID,"JPM,100116,170"
2019-06-28 11:08:20.000000000,BEST_ASK,"JPM,100142,170"
2019-06-28 11:08:20.000000000,BEST_BID,"JPM,100116,170"
2019-06-28 11:08:20.000000000,BEST_ASK,"JPM,100142,170"
2019-06-28 11:08:20.000000000,BEST_BID,"JPM,100116,170"
2019-06-28 11:08:20.000000000,BEST_ASK,"JPM,100142,170"
2019-06-28 11:08:20.000000000,BEST_BID,"JPM,100116,170"
2019-06-28 11:08:20.000000000,BEST_ASK,"JPM,100142,170"
2019-06-28 11:08:30.000000000,QUERY_SPREAD,1
2019-06-28 11:08:30.000000000,BEST_BID,"JPM,100116,156"
2019-06-28 11:08:30.000000000,BEST_ASK,"JPM,100142,100"
2019-06-28 11:08:30.000000000,BEST_BID,"JPM,100116,156"
2019-06-28 11:08:30.000000000,BEST_ASK,"JPM,100142,100"
2019-06-28 11:08:30.000000000,BEST_BID,"JPM,100116,156"
2019-06-28 11:08:30.000000000,BEST_ASK,"JPM,100142,100"
2019-06-28 11:08:30.000000000,BEST_BID,"JPM,100116,156"
2019-06-28 11:08:30.000000000,BEST_ASK,"JPM,100142,100"
2019-06-28 11:08:30.000000000,BEST_BID,"JPM,100116,156"
2019-06-28 11:08:30.000000000,BEST_ASK,"JPM,100142,100"
2019-06-28 11:08:30.000000000,BEST_BID,"JPM,100116,156"
2019-06-28 11:08:30.000000000,BEST_ASK,"JPM,100142,156"
2019-06-28 11:08:30.000000000,BEST_BID,"JPM,100116,156"
2019-06-28 11:08:30.000000000,BEST_ASK,"JPM,100142,156"
2019-06-28 11:08:30.000000000,BEST_BID,"JPM,100116,156"
2019-06-28 11:08:30.000000000,BEST_ASK,"JPM,100142,156"
2019-06-28 11:08:30.000000000,BEST_BID,"JPM,100116,156"
2019-06-28 11:08:30.000000000,BEST_ASK,"JPM,100142,156"
2019-06-28 11:08:30.000000000,BEST_BID,"JPM,100116,156"
2019-06-28 11:08:30.000000000,BEST_ASK,"JPM,100142,156"
2019-06-28 11:08:37.176082397,QUERY_SPREAD,16
2019-06-28 11:08:37.176082397,BEST_BID,"JPM,100116,156"
2019-06-28 11:08:37.176082397,BEST_ASK,"JPM,100142,156"
2019-06-28 11:08:38.073022435,QUERY_ORDER_STREAM,68
2019-06-28 11:08:38.073022435,QUERY_SPREAD,68
2019-06-28 11:08:40.000000000,QUERY_SPREAD,1
2019-06-28 11:08:40.000000000,BEST_BID,"JPM,100116,240"
2019-06-28 11:08:40.000000000,BEST_ASK,"JPM,100142,100"
2019-06-28 11:08:40.000000000,BEST_BID,"JPM,100116,240"
2019-06-28 11:08:40.000000000,BEST_ASK,"JPM,100142,100"
2019-06-28 11:08:40.000000000,BEST_BID,"JPM,100116,240"
2019-06-28 11:08:40.000000000,BEST_ASK,"JPM,100142,240"
2019-06-28 11:08:40.000000000,BEST_BID,"JPM,100116,240"
2019-06-28 11:08:40.000000000,BEST_ASK,"JPM,100142,240"
2019-06-28 11:08:50.000000000,QUERY_SPREAD,1
2019-06-28 11:08:50.000000000,BEST_BID,"JPM,100116,170"
2019-06-28 11:08:50.000000000,BEST_ASK,"JPM,100142,100"
2019-06-28 11:08:50.000000000,BEST_BID,"JPM,100116,170"
2019-06-28 11:08:50.000000000,BEST_ASK,"JPM,100142,100"
2019-06-28 11:08:50.000000000,BEST_BID,"JPM,100116,170"
2019-06-28 11:08:50.000000000,BEST_ASK,"JPM,100142,100"
2019-06-28 11:08:50.000000000,BEST_BID,"JPM,100116,170"
2019-06-28 11:08:50.000000000,BEST_ASK,"JPM,100142,100"
2019-06-28 11:08:50.000000000,BEST_BID,"JPM,100116,170"
2019-06-28 11:08:50.000000000,BEST_ASK,"JPM,100142,170"
2019-06-28 11:08:50.000000000,BEST_BID,"JPM,100116,170"
2019-06-28 11:08:50.000000000,BEST_ASK,"JPM,100142,170"
2019-06-28 11:08:50.000000000,BEST_BID,"JPM,100116,170"
2019-06-28 11:08:50.000000000,BEST_ASK,"JPM,100142,170"
2019-06-28 11:08:50.000000000,BEST_BID,"JPM,100116,170"
2019-06-28 11:08:50.000000000,BEST_ASK,"JPM,100142,170"
2019-06-28 11:08:52.532421831,QUERY_ORDER_STREAM,59
2019-06-28 11:08:52.532421831,QUERY_SPREAD,59
2019-06-28 11:09:00.000000000,QUERY_SPREAD,1
2019-06-28 11:09:00.000000000,BEST_BID,"JPM,100116,240"
2019-06-28 11:09:00.000000000,BEST_ASK,"JPM,100142,100"
2019-06-28 11:09:00.000000000,BEST_BID,"JPM,100116,240"
2019-06-28 11:09:00.000000000,BEST_ASK,"JPM,100142,100"
2019-06-28 11:09:00.000000000,BEST_BID,"JPM,100116,240"
2019-06-28 11:09:00.000000000,BEST_ASK,"JPM,100142,240"
2019-06-28 11:09:00.000000000,BEST_BID,"JPM,100116,240"
2019-06-28 11:09:00.000000000,BEST_ASK,"JPM,100142,240"
2019-06-28 11:09:00.000000000,QUERY_SPREAD,77
2019-06-28 11:09:00.000000000,BEST_BID,"JPM,100116,240"
2019-06-28 11:09:00.000000000,BEST_ASK,"JPM,100142,239"
2019-06-28 11:09:00.000000000,LAST_TRADE,"1,$100142.0000"
2019-06-28 11:09:00.000000000,QUERY_SPREAD,78
2019-06-28 11:09:00.000000000,BEST_BID,"JPM,100116,240"
2019-06-28 11:09:00.000000000,BEST_ASK,"JPM,100142,235"
2019-06-28 11:09:00.000000000,LAST_TRADE,"4,$100142.0000"
2019-06-28 11:09:00.000000000,QUERY_SPREAD,79
2019-06-28 11:09:00.000000000,BEST_BID,"JPM,100116,240"
2019-06-28 11:09:00.000000000,BEST_ASK,"JPM,100142,229"
2019-06-28 11:09:00.000000000,LAST_TRADE,"6,$100142.0000"
2019-06-28 11:09:00.000000000,QUERY_SPREAD,80
2019-06-28 11:09:00.000000000,BEST_BID,"JPM,100116,240"
2019-06-28 11:09:00.000000000,BEST_ASK,"JPM,100142,224"
2019-06-28 11:09:00.000000000,LAST_TRADE,"5,$100142.0000"
2019-06-28 11:09:00.000000000,QUERY_SPREAD,81
2019-06-28 11:09:00.000000000,BEST_BID,"JPM,100116,240"
2019-06-28 11:09:00.000000000,BEST_ASK,"JPM,100142,216"
2019-06-28 11:09:00.000000000,LAST_TRADE,"8,$100142.0000"
2019-06-28 11:09:00.000000000,QUERY_SPREAD,82
2019-06-28 11:09:00.000000000,BEST_BID,"JPM,100116,240"
2019-06-28 11:09:00.000000000,BEST_ASK,"JPM,100142,208"
2019-06-28 11:09:00.000000000,LAST_TRADE,"8,$100142.0000"
2019-06-28 11:09:00.000000000,QUERY_SPREAD,83
2019-06-28 11:09:00.000000000,BEST_BID,"JPM,100116,240"
2019-06-28 11:09:00.000000000,BEST_ASK,"JPM,100142,206"
2019-06-28 11:09:00.000000000,LAST_TRADE,"2,$100142.0000"
2019-06-28 11:09:00.000000000,QUERY_SPREAD,84
2019-06-28 11:09:00.000000000,BEST_BID,"JPM,100116,240"
2019-06-28 11:09:00.000000000,BEST_ASK,"JPM,100142,205"
2019-06-28 11:09:00.000000000,LAST_TRADE,"1,$100142.0000"
2019-06-28 11:09:00.000000000,QUERY_SPREAD,85
2019-06-28 11:09:00.000000000,BEST_BID,"JPM,100116,240"
2019-06-28 11:09:00.000000000,BEST_ASK,"JPM,100142,204"
2019-06-28 11:09:00.000000000,LAST_TRADE,"1,$100142.0000"
2019-06-28 11:09:00.000000000,QUERY_SPREAD,86
2019-06-28 11:09:00.000000000,BEST_BID,"JPM,100116,240"
2019-06-28 11:09:00.000000000,BEST_ASK,"JPM,100142,198"
2019-06-28 11:09:00.000000000,LAST_TRADE,"6,$100142.0000"
2019-06-28 11:09:00.000000000,QUERY_SPREAD,87
2019-06-28 11:09:00.000000000,BEST_BID,"JPM,100116,240"
2019-06-28 11:09:00.000000000,BEST_ASK,"JPM,100142,195"
2019-06-28 11:09:00.000000000,LAST_TRADE,"3,$100142.0000"
2019-06-28 11:09:00.000000000,QUERY_SPREAD,88
2019-06-28 11:09:00.000000000,BEST_BID,"JPM,100116,240"
2019-06-28 11:09:00.000000000,BEST_ASK,"JPM,100142,191"
2019-06-28 11:09:00.000000000,LAST_TRADE,"4,$100142.0000"
2019-06-28 11:09:00.000000000,QUERY_SPREAD,89
2019-06-28 11:09:00.000000000,BEST_BID,"JPM,100116,240"
2019-06-28 11:09:00.000000000,BEST_ASK,"JPM,100142,187"
2019-06-28 11:09:00.000000000,LAST_TRADE,"4,$100142.0000"
2019-06-28 11:09:00.000000000,QUERY_SPREAD,90
2019-06-28 11:09:00.000000000,BEST_BID,"JPM,100116,240"
2019-06-28 11:09:00.000000000,BEST_ASK,"JPM,100142,180"
2019-06-28 11:09:00.000000000,LAST_TRADE,"7,$100142.0000"
2019-06-28 11:09:00.000000000,QUERY_SPREAD,91
2019-06-28 11:09:00.000000000,BEST_BID,"JPM,100116,240"
2019-06-28 11:09:00.000000000,BEST_ASK,"JPM,100142,172"
2019-06-28 11:09:00.000000000,LAST_TRADE,"8,$100142.0000"
2019-06-28 11:09:00.000000000,QUERY_SPREAD,92
2019-06-28 11:09:00.000000000,BEST_BID,"JPM,100116,240"
2019-06-28 11:09:00.000000000,BEST_ASK,"JPM,100142,167"
2019-06-28 11:09:00.000000000,LAST_TRADE,"5,$100142.0000"
2019-06-28 11:09:00.000000000,QUERY_SPREAD,93
2019-06-28 11:09:00.000000000,BEST_BID,"JPM,100116,240"
2019-06-28 11:09:00.000000000,BEST_ASK,"JPM,100142,164"
2019-06-28 11:09:00.000000000,LAST_TRADE,"3,$100142.0000"
2019-06-28 11:09:00.000000000,QUERY_SPREAD,94
2019-06-28 11:09:00.000000000,BEST_BID,"JPM,100116,240"
2019-06-28 11:09:00.000000000,BEST_ASK,"JPM,100142,160"
2019-06-28 11:09:00.000000000,LAST_TRADE,"4,$100142.0000"
2019-06-28 11:09:00.000000000,QUERY_SPREAD,95
2019-06-28 11:09:00.000000000,BEST_BID,"JPM,100116,240"
2019-06-28 11:09:00.000000000,BEST_ASK,"JPM,100142,155"
2019-06-28 11:09:00.000000000,LAST_TRADE,"5,$100142.0000"
2019-06-28 11:09:00.000000000,QUERY_SPREAD,96
2019-06-28 11:09:00.000000000,BEST_BID,"JPM,100116,240"
2019-06-28 11:09:00.000000000,BEST_ASK,"JPM,100142,154"
2019-06-28 11:09:00.000000000,LAST_TRADE,"1,$100142.0000"
2019-06-28 11:09:00.000000000,QUERY_SPREAD,97
2019-06-28 11:09:00.000000000,BEST_BID,"JPM,100116,240"
2019-06-28 11:09:00.000000000,BEST_ASK,"JPM,100142,147"
2019-06-28 11:09:00.000000000,LAST_TRADE,"7,$100142.0000"
2019-06-28 11:09:00.000000000,QUERY_SPREAD,98
2019-06-28 11:09:00.000000000,BEST_BID,"JPM,100116,240"
2019-06-28 11:09:00.000000000,BEST_ASK,"JPM,100142,141"
2019-06-28 11:09:00.000000000,LAST_TRADE,"6,$100142.0000"
2019-06-28 11:09:00.000000000,QUERY_SPREAD,99
2019-06-28 11:09:00.000000000,BEST_BID,"JPM,100116,240"
2019-06-28 11:09:00.000000000,BEST_ASK,"JPM,100142,136"
2019-06-28 11:09:00.000000000,LAST_TRADE,"5,$100142.0000"
2019-06-28 11:09:00.000000000,QUERY_SPREAD,100
2019-06-28 11:09:00.000000000,BEST_BID,"JPM,100116,240"
2019-06-28 11:09:00.000000000,BEST_ASK,"JPM,100142,129"
2019-06-28 11:09:00.000000000,LAST_TRADE,"7,$100142.0000"
2019-06-28 11:09:00.000000000,QUERY_SPREAD,101
2019-06-28 11:09:00.000000000,QUERY_ORDER_STREAM,101
2019-06-28 11:09:01.964986735,QUERY_ORDER_STREAM,58
2019-06-28 11:09:01.964986735,QUERY_SPREAD,58
2019-06-28 11:09:10.000000000,QUERY_SPREAD,1
2019-06-28 11:09:10.000000000,BEST_BID,"JPM,100116,170"
2019-06-28 11:09:10.000000000,BEST_ASK,"JPM,100237,100"
2019-06-28 11:09:10.000000000,BEST_BID,"JPM,100116,170"
2019-06-28 11:09:10.000000000,BEST_ASK,"JPM,100237,100"
2019-06-28 11:09:10.000000000,BEST_BID,"JPM,100116,170"
2019-06-28 11:09:10.000000000,BEST_ASK,"JPM,100237,100"
2019-06-28 11:09:10.000000000,BEST_BID,"JPM,100116,170"
2019-06-28 11:09:10.000000000,BEST_ASK,"JPM,100237,100"
2019-06-28 11:09:10.000000000,BEST_BID,"JPM,100116,170"
2019-06-28 11:09:10.000000000,BEST_ASK,"JPM,100237,170"
2019-06-28 11:09:10.000000000,BEST_BID,"JPM,100116,170"
2019-06-28 11:09:10.000000000,BEST_ASK,"JPM,100237,170"
2019-06-28 11:09:10.000000000,BEST_BID,"JPM,100116,170"
2019-06-28 11:09:10.000000000,BEST_ASK,"JPM,100237,170"
2019-06-28 11:09:10.000000000,BEST_BID,"JPM,100116,170"
2019-06-28 11:09:10.000000000,BEST_ASK,"JPM,100237,170"
2019-06-28 11:09:13.448359388,QUERY_ORDER_STREAM,64
2019-06-28 11:09:13.448359388,QUERY_SPREAD,64
2019-06-28 11:09:13.448359388,BEST_BID,"JPM,100116,170"
2019-06-28 11:09:13.448359388,BEST_ASK,"JPM,100142,100"
2019-06-28 11:09:14.738452287,QUERY_SPREAD,14
2019-06-28 11:09:14.738452287,BEST_BID,"JPM,100116,170"
2019-06-28 11:09:14.738452287,BEST_ASK,"JPM,100142,100"
2019-06-28 11:09:20.000000000,QUERY_SPREAD,1
2019-06-28 11:09:20.000000000,BEST_BID,"JPM,100116,380"
2019-06-28 11:09:20.000000000,BEST_ASK,"JPM,100142,100"
2019-06-28 11:09:20.000000000,BEST_BID,"JPM,100116,380"
2019-06-28 11:09:20.000000000,BEST_ASK,"JPM,100142,380"
2019-06-28 11:09:23.104633316,QUERY_SPREAD,5
2019-06-28 11:09:23.104633316,BEST_BID,"JPM,100116,380"
2019-06-28 11:09:23.104633316,BEST_ASK,"JPM,100142,380"
2019-06-28 11:09:29.421017606,QUERY_ORDER_STREAM,56
2019-06-28 11:09:29.421017606,QUERY_SPREAD,56
2019-06-28 11:09:30.000000000,QUERY_SPREAD,1
2019-06-28 11:09:30.000000000,BEST_BID,"JPM,100116,170"
2019-06-28 11:09:30.000000000,BEST_ASK,"JPM,100142,100"
2019-06-28 11:09:30.000000000,BEST_BID,"JPM,100116,170"
2019-06-28 11:09:30.000000000,BEST_ASK,"JPM,100142,100"
2019-06-28 11:09:30.000000000,BEST_BID,"JPM,100116,170"
2019-06-28 11:09:30.000000000,BEST_ASK,"JPM,100142,100"
2019-06-28 11:09:30.000000000,BEST_BID,"JPM,100116,170"
2019-06-28 11:09:30.000000000,BEST_ASK,"JPM,100142,100"
2019-06-28 11:09:30.000000000,BEST_BID,"JPM,100116,170"
2019-06-28 11:09:30.000000000,BEST_ASK,"JPM,100142,170"
2019-06-28 11:09:30.000000000,BEST_BID,"JPM,100116,170"
2019-06-28 11:09:30.000000000,BEST_ASK,"JPM,100142,170"
2019-06-28 11:09:30.000000000,BEST_BID,"JPM,100116,170"
2019-06-28 11:09:30.000000000,BEST_ASK,"JPM,100142,170"
2019-06-28 11:09:30.000000000,BEST_BID,"JPM,100116,170"
2019-06-28 11:09:30.000000000,BEST_ASK,"JPM,100142,170"
2019-06-28 11:09:35.940671332,QUERY_ORDER_STREAM,53
2019-06-28 11:09:35.940671332,QUERY_SPREAD,53
2019-06-28 11:09:40.000000000,QUERY_SPREAD,1
2019-06-28 11:09:40.000000000,BEST_BID,"JPM,100116,240"
2019-06-28 11:09:40.000000000,BEST_ASK,"JPM,100142,100"
2019-06-28 11:09:40.000000000,BEST_BID,"JPM,100116,240"
2019-06-28 11:09:40.000000000,BEST_ASK,"JPM,100142,100"
2019-06-28 11:09:40.000000000,BEST_BID,"JPM,100116,240"
2019-06-28 11:09:40.000000000,BEST_ASK,"JPM,100142,240"
2019-06-28 11:09:40.000000000,BEST_BID,"JPM,100116,240"
2019-06-28 11:09:40.000000000,BEST_ASK,"JPM,100142,240"
2019-06-28 11:09:48.205890778,QUERY_SPREAD,10
2019-06-28 11:09:48.205890778,BEST_BID,"JPM,100116,240"
2019-06-28 11:09:48.205890778,BEST_ASK,"JPM,100142,240"
2019-06-28 11:09:50.000000000,QUERY_SPREAD,1
2019-06-28 11:09:50.000000000,BEST_BID,"JPM,100116,380"
2019-06-28 11:09:50.000000000,BEST_ASK,"JPM,100142,100"
2019-06-28 11:09:50.000000000,BEST_BID,"JPM,100116,380"
2019-06-28 11:09:50.000000000,BEST_ASK,"JPM,100142,380"
2019-06-28 11:10:00.000000000,QUERY_SPREAD,1
2019-06-28 11:10:00.000000000,BEST_BID,"JPM,100116,240"
2019-06-28 11:10:00.000000000,BEST_ASK,"JPM,100142,100"
2019-06-28 11:10:00.000000000,BEST_BID,"JPM,100116,240"
2019-06-28 11:10:00.000000000,BEST_ASK,"JPM,100142,100"
2019-06-28 11:10:00.000000000,BEST_BID,"JPM,100116,240"
2019-06-28 11:10:00.000000000,BEST_ASK,"JPM,100142,240"
2019-06-28 11:10:00.000000000,BEST_BID,"JPM,100116,240"
2019-06-28 11:10:00.000000000,BEST_ASK,"JPM,100142,240"
2019-06-28 11:10:00.000000000,QUERY_SPREAD,77
2019-06-28 11:10:00.000000000,BEST_BID,"JPM,100116,239"
2019-06-28 11:10:00.000000000,BEST_ASK,"JPM,100142,240"
2019-06-28 11:10:00.000000000,LAST_TRADE,"1,$100116.0000"
2019-06-28 11:10:00.000000000,QUERY_SPREAD,78
2019-06-28 11:10:00.000000000,BEST_BID,"JPM,100116,235"
2019-06-28 11:10:00.000000000,BEST_ASK,"JPM,100142,240"
2019-06-28 11:10:00.000000000,LAST_TRADE,"4,$100116.0000"
2019-06-28 11:10:00.000000000,QUERY_SPREAD,79
2019-06-28 11:10:00.000000000,BEST_BID,"JPM,100116,229"
2019-06-28 11:10:00.000000000,BEST_ASK,"JPM,100142,240"
2019-06-28 11:10:00.000000000,LAST_TRADE,"6,$100116.0000"
2019-06-28 11:10:00.000000000,QUERY_SPREAD,80
2019-06-28 11:10:00.000000000,BEST_BID,"JPM,100116,224"
2019-06-28 11:10:00.000000000,BEST_ASK,"JPM,100142,240"
2019-06-28 11:10:00.000000000,LAST_TRADE,"5,$100116.0000"
2019-06-28 11:10:00.000000000,QUERY_SPREAD,81
2019-06-28 11:10:00.000000000,BEST_BID,"JPM,100116,216"
2019-06-28 11:10:00.000000000,BEST_ASK,"JPM,100142,240"
2019-06-28 11:10:00.000000000,LAST_TRADE,"8,$100116.0000"
2019-06-28 11:10:00.000000000,QUERY_SPREAD,82
2019-06-28 11:10:00.000000000,BEST_BID,"JPM,100116,208"
2019-06-28 11:10:00.000000000,BEST_ASK,"JPM,100142,240"
2019-06-28 11:10:00.000000000,LAST_TRADE,"8,$100116.0000"
2019-06-28 11:10:00.000000000,QUERY_SPREAD,83
2019-06-28 11:10:00.000000000,BEST_BID,"JPM,100116,206"
2019-06-28 11:10:00.000000000,BEST_ASK,"JPM,100142,240"
2019-06-28 11:10:00.000000000,LAST_TRADE,"2,$100116.0000"
2019-06-28 11:10:00.000000000,QUERY_SPREAD,84
2019-06-28 11:10:00.000000000,BEST_BID,"JPM,100116,205"
2019-06-28 11:10:00.000000000,BEST_ASK,"JPM,100142,240"
2019-06-28 11:10:00.000000000,LAST_TRADE,"1,$100116.0000"
2019-06-28 11:10:00.000000000,QUERY_SPREAD,85
2019-06-28 11:10:00.000000000,BEST_BID,"JPM,100116,204"
2019-06-28 11:10:00.000000000,BEST_ASK,"JPM,100142,240"
2019-06-28 11:10:00.000000000,LAST_TRADE,"1,$100116.0000"
2019-06-28 11:10:00.000000000,QUERY_SPREAD,86
2019-06-28 11:10:00.000000000,BEST_BID,"JPM,100116,198"
2019-06-28 11:10:00.000000000,BEST_ASK,"JPM,100142,240"
2019-06-28 11:10:00.000000000,LAST_TRADE,"6,$100116.0000"
2019-06-28 11:10:00.000000000,QUERY_SPREAD,87
2019-06-28 11:10:00.000000000,BEST_BID,"JPM,100116,195"
2019-06-28 11:10:00.000000000,BEST_ASK,"JPM,100142,240"
2019-06-28 11:10:00.000000000,LAST_TRADE,"3,$100116.0000"
2019-06-28 11:10:00.000000000,QUERY_SPREAD,88
2019-06-28 11:10:00.000000000,BEST_BID,"JPM,100116,191"
2019-06-28 11:10:00.000000000,BEST_ASK,"JPM,100142,240"
2019-06-28 11:10:00.000000000,LAST_TRADE,"4,$100116.0000"
2019-06-28 11:10:00.000000000,QUERY_SPREAD,89
2019-06-28 11:10:00.000000000,BEST_BID,"JPM,100116,187"
2019-06-28 11:10:00.000000000,BEST_ASK,"JPM,100142,240"
2019-06-28 11:10:00.000000000,LAST_TRADE,"4,$100116.0000"
2019-06-28 11:10:00.000000000,QUERY_SPREAD,90
2019-06-28 11:10:00.000000000,BEST_BID,"JPM,100116,180"
2019-06-28 11:10:00.000000000,BEST_ASK,"JPM,100142,240"
2019-06-28 11:10:00.000000000,LAST_TRADE,"7,$100116.0000"
2019-06-28 11:10:00.000000000,QUERY_SPREAD,91
2019-06-28 11:10:00.000000000,BEST_BID,"JPM,100116,172"
2019-06-28 11:10:00.000000000,BEST_ASK,"JPM,100142,240"
2019-06-28 11:10:00.000000000,LAST_TRADE,"8,$100116.0000"
2019-06-28 11:10:00.000000000,QUERY_SPREAD,92
2019-06-28 11:10:00.000000000,BEST_BID,"JPM,100116,167"
2019-06-28 11:10:00.000000000,BEST_ASK,"JPM,100142,240"
2019-06-28 11:10:00.000000000,LAST_TRADE,"5,$100116.0000"
2019-06-28 11:10:00.000000000,QUERY_SPREAD,93
2019-06-28 11:10:00.000000000,BEST_BID,"JPM,100116,167"
2019-06-28 11:10:00.000000000,BEST_ASK,"JPM,100142,237"
2019-06-28 11:10:00.000000000,LAST_TRADE,"3,$100142.0000"
2019-06-28 11:10:00.000000000,QUERY_SPREAD,94
2019-06-28 11:10:00.000000000,BEST_BID,"JPM,100116,167"
2019-06-28 11:10:00.000000000,BEST_ASK,"JPM,100142,233"
2019-06-28 11:10:00.000000000,LAST_TRADE,"4,$100142.0000"
2019-06-28 11:10:00.000000000,QUERY_SPREAD,95
2019-06-28 11:10:00.000000000,BEST_BID,"JPM,100116,167"
2019-06-28 11:10:00.000000000,BEST_ASK,"JPM,100142,228"
2019-06-28 11:10:00.000000000,LAST_TRADE,"5,$100142.0000"
2019-06-28 11:10:00.000000000,QUERY_SPREAD,96
2019-06-28 11:10:00.000000000,BEST_BID,"JPM,100116,167"
2019-06-28 11:10:00.000000000,BEST_ASK,"JPM,100142,227"
2019-06-28 11:10:00.000000000,LAST_TRADE,"1,$100142.0000"
2019-06-28 11:10:00.000000000,QUERY_SPREAD,97
2019-06-28 11:10:00.000000000,BEST_BID,"JPM,100116,167"
2019-06-28 11:10:00.000000000,BEST_ASK,"JPM,100142,220"
2019-06-28 11:10:00.000000000,LAST_TRADE,"7,$100142.0000"
2019-06-28 11:10:00.000000000,QUERY_SPREAD,98
2019-06-28 11:10:00.000000000,BEST_BID,"JPM,100116,167"
2019-06-28 11:10:00.000000000,BEST_ASK,"JPM,100142,214"
2019-06-28 11:10:00.000000000,LAST_TRADE,"6,$100142.0000"
2019-06-28 11:10:00.000000000,QUERY_SPREAD,99
2019-06-28 11:10:00.000000000,BEST_BID,"JPM,100116,167"
2019-06-28 11:10:00.000000000,BEST_ASK,"JPM,100142,209"
2019-06-28 11:10:00.000000000,LAST_TRADE,"5,$100142.0000"
2019-06-28 11:10:00.000000000,QUERY_SPREAD,100
2019-06-28 11:10:00.000000000,BEST_BID,"JPM,100116,167"
2019-06-28 11:10:00.000000000,BEST_ASK,"JPM,100142,202"
2019-06-28 11:10:00.000000000,LAST_TRADE,"7,$100142.0000"
2019-06-28 11:10:00.000000000,QUERY_SPREAD,101
2019-06-28 11:10:00.000000000,QUERY_ORDER_STREAM,101
2019-06-28 11:10:10.000000000,QUERY_SPREAD,1
2019-06-28 11:10:10.000000000,BEST_BID,"JPM,100116,97"
2019-06-28 11:10:10.000000000,BEST_ASK,"JPM,100142,62"
2019-06-28 11:10:10.000000000,BEST_BID,"JPM,100116,97"
2019-06-28 11:10:10.000000000,BEST_ASK,"JPM,100142,62"
2019-06-28 11:10:10.000000000,BEST_BID,"JPM,100116,97"
2019-06-28 11:10:10.000000000,BEST_ASK,"JPM,100142,62"
2019-06-28 11:10:10.000000000,BEST_BID,"JPM,100116,97"
2019-06-28 11:10:10.000000000,BEST_ASK,"JPM,100142,62"
2019-06-28 11:10:10.000000000,BEST_BID,"JPM,100116,97"
2019-06-28 11:10:10.000000000,BEST_ASK,"JPM,100142,132"
2019-06-28 11:10:10.000000000,BEST_BID,"JPM,100116,97"
2019-06-28 11:10:10.000000000,BEST_ASK,"JPM,100142,132"
2019-06-28 11:10:10.000000000,BEST_BID,"JPM,100116,97"
2019-06-28 11:10:10.000000000,BEST_ASK,"JPM,100142,132"
2019-06-28 11:10:10.000000000,BEST_BID,"JPM,100116,97"
2019-06-28 11:10:10.000000000,BEST_ASK,"JPM,100142,132"
2019-06-28 11:10:20.000000000,QUERY_SPREAD,1
2019-06-28 11:10:20.000000000,BEST_BID,"JPM,100116,83"
2019-06-28 11:10:20.000000000,BEST_ASK,"JPM,100142,62"
2019-06-28 11:10:20.000000000,BEST_BID,"JPM,100116,83"
2019-06-28 11:10:20.000000000,BEST_ASK,"JPM,100142,62"
2019-06-28 11:10:20.000000000,BEST_BID,"JPM,100116,83"
2019-06-28 11:10:20.000000000,BEST_ASK,"JPM,100142,62"
2019-06-28 11:10:20.000000000,BEST_BID,"JPM,100116,83"
2019-06-28 11:10:20.000000000,BEST_ASK,"JPM,100142,62"
2019-06-28 11:10:20.000000000,BEST_BID,"JPM,100116,83"
2019-06-28 11:10:20.000000000,BEST_ASK,"JPM,100142,62"
2019-06-28 11:10:20.000000000,BEST_BID,"JPM,100116,83"
2019-06-28 11:10:20.000000000,BEST_ASK,"JPM,100142,118"
2019-06-28 11:10:20.000000000,BEST_BID,"JPM,100116,83"
2019-06-28 11:10:20.000000000,BEST_ASK,"JPM,100142,118"
2019-06-28 11:10:20.000000000,BEST_BID,"JPM,100116,83"
2019-06-28 11:10:20.000000000,BEST_ASK,"JPM,100142,118"
2019-06-28 11:10:20.000000000,BEST_BID,"JPM,100116,83"
2019-06-28 11:10:20.000000000,BEST_ASK,"JPM,100142,118"
2019-06-28 11:10:20.000000000,BEST_BID,"JPM,100116,83"
2019-06-28 11:10:20.000000000,BEST_ASK,"JPM,100142,118"
2019-06-28 11:10:30.000000000,QUERY_SPREAD,1
2019-06-28 11:10:30.000000000,BEST_BID,"JPM,100116,83"
2019-06-28 11:10:30.000000000,BEST_ASK,"JPM,100142,62"
2019-06-28 11:10:30.000000000,BEST_BID,"JPM,100116,83"
2019-06-28 11:10:30.000000000,BEST_ASK,"JPM,100142,62"
2019-06-28 11:10:30.000000000,BEST_BID,"JPM,100116,83"
2019-06-28 11:10:30.000000000,BEST_ASK,"JPM,100142,62"
2019-06-28 11:10:30.000000000,BEST_BID,"JPM,100116,83"
2019-06-28 11:10:30.000000000,BEST_ASK,"JPM,100142,62"
2019-06-28 11:10:30.000000000,BEST_BID,"JPM,100116,83"
2019-06-28 11:10:30.000000000,BEST_ASK,"JPM,100142,62"
2019-06-28 11:10:30.000000000,BEST_BID,"JPM,100116,83"
2019-06-28 11:10:30.000000000,BEST_ASK,"JPM,100142,118"
2019-06-28 11:10:30.000000000,BEST_BID,"JPM,100116,83"
2019-06-28 11:10:30.000000000,BEST_ASK,"JPM,100142,118"
2019-06-28 11:10:30.000000000,BEST_BID,"JPM,100116,83"
2019-06-28 11:10:30.000000000,BEST_ASK,"JPM,100142,118"
2019-06-28 11:10:30.000000000,BEST_BID,"JPM,100116,83"
2019-06-28 11:10:30.000000000,BEST_ASK,"JPM,100142,118"
2019-06-28 11:10:30.000000000,BEST_BID,"JPM,100116,83"
2019-06-28 11:10:30.000000000,BEST_ASK,"JPM,100142,118"
2019-06-28 11:10:33.512998168,QUERY_ORDER_STREAM,52
2019-06-28 11:10:33.512998168,QUERY_SPREAD,52
2019-06-28 11:10:34.006662082,QUERY_SPREAD,20
2019-06-28 11:10:34.006662082,BEST_BID,"JPM,100030,156"
2019-06-28 11:10:34.006662082,BEST_ASK,"JPM,100116,17"
2019-06-28 11:10:34.006662082,LAST_TRADE,"83,$100116.0000"
2019-06-28 11:10:40.000000000,QUERY_SPREAD,1
2019-06-28 11:10:40.000000000,BEST_BID,"JPM,100030,195"
2019-06-28 11:10:40.000000000,BEST_ASK,"JPM,100116,17"
2019-06-28 11:10:40.000000000,BEST_BID,"JPM,100030,195"
2019-06-28 11:10:40.000000000,BEST_ASK,"JPM,100116,17"
2019-06-28 11:10:40.000000000,BEST_BID,"JPM,100030,195"
2019-06-28 11:10:40.000000000,BEST_ASK,"JPM,100116,17"
2019-06-28 11:10:40.000000000,BEST_BID,"JPM,100030,195"
2019-06-28 11:10:40.000000000,BEST_ASK,"JPM,100116,112"
2019-06-28 11:10:40.000000000,BEST_BID,"JPM,100030,195"
2019-06-28 11:10:40.000000000,BEST_ASK,"JPM,100116,112"
2019-06-28 11:10:40.000000000,BEST_BID,"JPM,100030,195"
2019-06-28 11:10:40.000000000,BEST_ASK,"JPM,100116,112"
2019-06-28 11:10:50.000000000,QUERY_SPREAD,1
2019-06-28 11:10:50.000000000,BEST_BID,"JPM,100030,240"
2019-06-28 11:10:50.000000000,BEST_ASK,"JPM,100116,17"
2019-06-28 11:10:50.000000000,BEST_BID,"JPM,100030,240"
2019-06-28 11:10:50.000000000,BEST_ASK,"JPM,100116,17"
2019-06-28 11:10:50.000000000,BEST_BID,"JPM,100030,240"
2019-06-28 11:10:50.000000000,BEST_ASK,"JPM,100116,157"
2019-06-28 11:10:50.000000000,BEST_BID,"JPM,100030,240"
2019-06-28 11:10:50.000000000,BEST_ASK,"JPM,100116,157"
2019-06-28 11:11:00.000000000,QUERY_SPREAD,1
2019-06-28 11:11:00.000000000,BEST_BID,"JPM,100030,195"
2019-06-28 11:11:00.000000000,BEST_ASK,"JPM,100116,17"
2019-06-28 11:11:00.000000000,BEST_BID,"JPM,100030,195"
2019-06-28 11:11:00.000000000,BEST_ASK,"JPM,100116,17"
2019-06-28 11:11:00.000000000,BEST_BID,"JPM,100030,195"
2019-06-28 11:11:00.000000000,BEST_ASK,"JPM,100116,17"
2019-06-28 11:11:00.000000000,BEST_BID,"JPM,100030,195"
2019-06-28 11:11:00.000000000,BEST_ASK,"JPM,100116,112"
2019-06-28 11:11:00.000000000,BEST_BID,"JPM,100030,195"
2019-06-28 11:11:00.000000000,BEST_ASK,"JPM,100116,112"
2019-06-28 11:11:00.000000000,BEST_BID,"JPM,100030,195"
2019-06-28 11:11:00.000000000,BEST_ASK,"JPM,100116,112"
2019-06-28 11:11:00.000000000,QUERY_SPREAD,77
2019-06-28 11:11:00.000000000,BEST_BID,"JPM,100030,194"
2019-06-28 11:11:00.000000000,BEST_ASK,"JPM,100116,112"
2019-06-28 11:11:00.000000000,LAST_TRADE,"1,$100030.0000"
2019-06-28 11:11:00.000000000,QUERY_SPREAD,78
2019-06-28 11:11:00.000000000,BEST_BID,"JPM,100030,190"
2019-06-28 11:11:00.000000000,BEST_ASK,"JPM,100116,112"
2019-06-28 11:11:00.000000000,LAST_TRADE,"4,$100030.0000"
2019-06-28 11:11:00.000000000,QUERY_SPREAD,79
2019-06-28 11:11:00.000000000,BEST_BID,"JPM,100030,184"
2019-06-28 11:11:00.000000000,BEST_ASK,"JPM,100116,112"
2019-06-28 11:11:00.000000000,LAST_TRADE,"6,$100030.0000"
2019-06-28 11:11:00.000000000,QUERY_SPREAD,80
2019-06-28 11:11:00.000000000,BEST_BID,"JPM,100030,179"
2019-06-28 11:11:00.000000000,BEST_ASK,"JPM,100116,112"
2019-06-28 11:11:00.000000000,LAST_TRADE,"5,$100030.0000"
2019-06-28 11:11:00.000000000,QUERY_SPREAD,81
2019-06-28 11:11:00.000000000,BEST_BID,"JPM,100030,171"
2019-06-28 11:11:00.000000000,BEST_ASK,"JPM,100116,112"
2019-06-28 11:11:00.000000000,LAST_TRADE,"8,$100030.0000"
2019-06-28 11:11:00.000000000,QUERY_SPREAD,82
2019-06-28 11:11:00.000000000,BEST_BID,"JPM,100030,163"
2019-06-28 11:11:00.000000000,BEST_ASK,"JPM,100116,112"
2019-06-28 11:11:00.000000000,LAST_TRADE,"8,$100030.0000"
2019-06-28 11:11:00.000000000,QUERY_SPREAD,83
2019-06-28 11:11:00.000000000,BEST_BID,"JPM,100030,161"
2019-06-28 11:11:00.000000000,BEST_ASK,"JPM,100116,112"
2019-06-28 11:11:00.000000000,LAST_TRADE,"2,$100030.0000"
2019-06-28 11:11:00.000000000,QUERY_SPREAD,84
2019-06-28 11:11:00.000000000,BEST_BID,"JPM,100030,160"
2019-06-28 11:11:00.000000000,BEST_ASK,"JPM,100116,112"
2019-06-28 11:11:00.000000000,LAST_TRADE,"1,$100030.0000"
2019-06-28 11:11:00.000000000,QUERY_SPREAD,85
2019-06-28 11:11:00.000000000,BEST_BID,"JPM,100030,159"
2019-06-28 11:11:00.000000000,BEST_ASK,"JPM,100116,112"
2019-06-28 11:11:00.000000000,LAST_TRADE,"1,$100030.0000"
2019-06-28 11:11:00.000000000,QUERY_SPREAD,86
2019-06-28 11:11:00.000000000,BEST_BID,"JPM,100030,153"
2019-06-28 11:11:00.000000000,BEST_ASK,"JPM,100116,112"
2019-06-28 11:11:00.000000000,LAST_TRADE,"6,$100030.0000"
2019-06-28 11:11:00.000000000,QUERY_SPREAD,87
2019-06-28 11:11:00.000000000,BEST_BID,"JPM,100030,150"
2019-06-28 11:11:00.000000000,BEST_ASK,"JPM,100116,112"
2019-06-28 11:11:00.000000000,LAST_TRADE,"3,$100030.0000"
2019-06-28 11:11:00.000000000,QUERY_SPREAD,88
2019-06-28 11:11:00.000000000,BEST_BID,"JPM,100030,146"
2019-06-28 11:11:00.000000000,BEST_ASK,"JPM,100116,112"
2019-06-28 11:11:00.000000000,LAST_TRADE,"4,$100030.0000"
2019-06-28 11:11:00.000000000,QUERY_SPREAD,89
2019-06-28 11:11:00.000000000,BEST_BID,"JPM,100030,142"
2019-06-28 11:11:00.000000000,BEST_ASK,"JPM,100116,112"
2019-06-28 11:11:00.000000000,LAST_TRADE,"4,$100030.0000"
2019-06-28 11:11:00.000000000,QUERY_SPREAD,90
2019-06-28 11:11:00.000000000,BEST_BID,"JPM,100030,135"
2019-06-28 11:11:00.000000000,BEST_ASK,"JPM,100116,112"
2019-06-28 11:11:00.000000000,LAST_TRADE,"7,$100030.0000"
2019-06-28 11:11:00.000000000,QUERY_SPREAD,91
2019-06-28 11:11:00.000000000,BEST_BID,"JPM,100030,127"
2019-06-28 11:11:00.000000000,BEST_ASK,"JPM,100116,112"
2019-06-28 11:11:00.000000000,LAST_TRADE,"8,$100030.0000"
2019-06-28 11:11:00.000000000,QUERY_SPREAD,92
2019-06-28 11:11:00.000000000,BEST_BID,"JPM,100030,122"
2019-06-28 11:11:00.000000000,BEST_ASK,"JPM,100116,112"
2019-06-28 11:11:00.000000000,LAST_TRADE,"5,$100030.0000"
2019-06-28 11:11:00.000000000,QUERY_SPREAD,93
2019-06-28 11:11:00.000000000,BEST_BID,"JPM,100030,122"
2019-06-28 11:11:00.000000000,BEST_ASK,"JPM,100116,109"
2019-06-28 11:11:00.000000000,LAST_TRADE,"3,$100116.0000"
2019-06-28 11:11:00.000000000,QUERY_SPREAD,94
2019-06-28 11:11:00.000000000,BEST_BID,"JPM,100030,122"
2019-06-28 11:11:00.000000000,BEST_ASK,"JPM,100116,105"
2019-06-28 11:11:00.000000000,LAST_TRADE,"4,$100116.0000"
2019-06-28 11:11:00.000000000,QUERY_SPREAD,95
2019-06-28 11:11:00.000000000,BEST_BID,"JPM,100030,122"
2019-06-28 11:11:00.000000000,BEST_ASK,"JPM,100116,100"
2019-06-28 11:11:00.000000000,LAST_TRADE,"5,$100116.0000"
2019-06-28 11:11:00.000000000,QUERY_SPREAD,96
2019-06-28 11:11:00.000000000,BEST_BID,"JPM,100030,122"
2019-06-28 11:11:00.000000000,BEST_ASK,"JPM,100116,99"
2019-06-28 11:11:00.000000000,LAST_TRADE,"1,$100116.0000"
2019-06-28 11:11:00.000000000,QUERY_SPREAD,97
2019-06-28 11:11:00.000000000,BEST_BID,"JPM,100030,122"
2019-06-28 11:11:00.000000000,BEST_ASK,"JPM,100116,92"
2019-06-28 11:11:00.000000000,LAST_TRADE,"7,$100116.0000"
2019-06-28 11:11:00.000000000,QUERY_SPREAD,98
2019-06-28 11:11:00.000000000,BEST_BID,"JPM,100030,122"
2019-06-28 11:11:00.000000000,BEST_ASK,"JPM,100116,86"
2019-06-28 11:11:00.000000000,LAST_TRADE,"6,$100116.0000"
2019-06-28 11:11:00.000000000,QUERY_SPREAD,99
2019-06-28 11:11:00.000000000,BEST_BID,"JPM,100030,122"
2019-06-28 11:11:00.000000000,BEST_ASK,"JPM,100116,81"
2019-06-28 11:11:00.000000000,LAST_TRADE,"5,$100116.0000"
2019-06-28 11:11:00.000000000,QUERY_SPREAD,100
2019-06-28 11:11:00.000000000,BEST_BID,"JPM,100030,122"
2019-06-28 11:11:00.000000000,BEST_ASK,"JPM,100116,74"
2019-06-28 11:11:00.000000000,LAST_TRADE,"7,$100116.0000"
2019-06-28 11:11:00.000000000,QUERY_SPREAD,101
2019-06-28 11:11:00.000000000,QUERY_ORDER_STREAM,101
2019-06-28 11:11:01.089689965,QUERY_SPREAD,27
2019-06-28 11:11:01.089689965,BEST_BID,"JPM,100030,22"
2019-06-28 11:11:01.089689965,BEST_ASK,"JPM,100116,74"
2019-06-28 11:11:01.089689965,LAST_TRADE,"100,$100030.0000"
2019-06-28 11:11:06.392950696,QUERY_SPREAD,23
2019-06-28 11:11:06.392950696,BEST_BID,"JPM,100017,192"
2019-06-28 11:11:06.392950696,BEST_ASK,"JPM,100030,78"
2019-06-28 11:11:06.392950696,LAST_TRADE,"22,$100030.0000"
2019-06-28 11:11:08.285601330,QUERY_SPREAD,30
2019-06-28 11:11:08.285601330,BEST_BID,"JPM,100017,92"
2019-06-28 11:11:08.285601330,BEST_ASK,"JPM,100030,78"
2019-06-28 11:11:08.285601330,LAST_TRADE,"100,$100017.0000"
2019-06-28 11:11:10.000000000,QUERY_SPREAD,1
2019-06-28 11:11:10.000000000,BEST_BID,"JPM,99983,240"
2019-06-28 11:11:10.000000000,BEST_ASK,"JPM,100030,78"
2019-06-28 11:11:10.000000000,BEST_BID,"JPM,99983,240"
2019-06-28 11:11:10.000000000,BEST_ASK,"JPM,100030,78"
2019-06-28 11:11:10.000000000,BEST_BID,"JPM,99983,240"
2019-06-28 11:11:10.000000000,BEST_ASK,"JPM,100030,218"
2019-06-28 11:11:10.000000000,BEST_BID,"JPM,99983,240"
2019-06-28 11:11:10.000000000,BEST_ASK,"JPM,100030,218"
2019-06-28 11:11:20.000000000,QUERY_SPREAD,1
2019-06-28 11:11:20.000000000,BEST_BID,"JPM,99983,195"
2019-06-28 11:11:20.000000000,BEST_ASK,"JPM,100030,78"
2019-06-28 11:11:20.000000000,BEST_BID,"JPM,99983,195"
2019-06-28 11:11:20.000000000,BEST_ASK,"JPM,100030,78"
2019-06-28 11:11:20.000000000,BEST_BID,"JPM,99983,195"
2019-06-28 11:11:20.000000000,BEST_ASK,"JPM,100030,78"
2019-06-28 11:11:20.000000000,BEST_BID,"JPM,99983,195"
2019-06-28 11:11:20.000000000,BEST_ASK,"JPM,100030,173"
2019-06-28 11:11:20.000000000,BEST_BID,"JPM,99983,195"
2019-06-28 11:11:20.000000000,BEST_ASK,"JPM,100030,173"
2019-06-28 11:11:20.000000000,BEST_BID,"JPM,99983,195"
2019-06-28 11:11:20.000000000,BEST_ASK,"JPM,100030,173"
2019-06-28 11:11:20.541920756,QUERY_SPREAD,41
2019-06-28 11:11:20.541920756,BEST_BID,"JPM,99983,195"
2019-06-28 11:11:20.541920756,BEST_ASK,"JPM,100030,173"
2019-06-28 11:11:30.000000000,QUERY_SPREAD,1
2019-06-28 11:11:30.000000000,BEST_BID,"JPM,99983,195"
2019-06-28 11:11:30.000000000,BEST_ASK,"JPM,100030,78"
2019-06-28 11:11:30.000000000,BEST_BID,"JPM,99983,195"
2019-06-28 11:11:30.000000000,BEST_ASK,"JPM,100030,78"
2019-06-28 11:11:30.000000000,BEST_BID,"JPM,99983,195"
2019-06-28 11:11:30.000000000,BEST_ASK,"JPM,100030,78"
2019-06-28 11:11:30.000000000,BEST_BID,"JPM,99983,195"
2019-06-28 11:11:30.000000000,BEST_ASK,"JPM,100030,173"
2019-06-28 11:11:30.000000000,BEST_BID,"JPM,99983,195"
2019-06-28 11:11:30.000000000,BEST_ASK,"JPM,100030,173"
2019-06-28 11:11:30.000000000,BEST_BID,"JPM,99983,195"
2019-06-28 11:11:30.000000000,BEST_ASK,"JPM,100030,173"
2019-06-28 11:11:40.000000000,QUERY_SPREAD,1
2019-06-28 11:11:40.000000000,BEST_BID,"JPM,99983,380"
2019-06-28 11:11:40.000000000,BEST_ASK,"JPM,100030,78"
2019-06-28 11:11:40.000000000,BEST_BID,"JPM,99983,380"
2019-06-28 11:11:40.000000000,BEST_ASK,"JPM,100030,358"
2019-06-28 11:11:41.628567864,QUERY_SPREAD,34
2019-06-28 11:11:41.628567864,BEST_BID,"JPM,99983,380"
2019-06-28 11:11:41.628567864,BEST_ASK,"JPM,100030,358"
2019-06-28 11:11:47.137480789,QUERY_SPREAD,35
2019-06-28 11:11:47.137480789,BEST_BID,"JPM,99983,280"
2019-06-28 11:11:47.137480789,BEST_ASK,"JPM,100030,358"
2019-06-28 11:11:47.137480789,LAST_TRADE,"100,$99983.0000"
2019-06-28 11:11:50.000000000,QUERY_SPREAD,1
2019-06-28 11:11:50.000000000,BEST_BID,"JPM,99982,156"
2019-06-28 11:11:50.000000000,BEST_ASK,"JPM,100030,78"
2019-06-28 11:11:50.000000000,BEST_BID,"JPM,99982,156"
2019-06-28 11:11:50.000000000,BEST_ASK,"JPM,100030,78"
2019-06-28 11:11:50.000000000,BEST_BID,"JPM,99982,156"
2019-06-28 11:11:50.000000000,BEST_ASK,"JPM,100030,78"
2019-06-28 11:11:50.000000000,BEST_BID,"JPM,99982,156"
2019-06-28 11:11:50.000000000,BEST_ASK,"JPM,100030,78"
2019-06-28 11:11:50.000000000,BEST_BID,"JPM,99982,156"
2019-06-28 11:11:50.000000000,BEST_ASK,"JPM,100030,78"
2019-06-28 11:11:50.000000000,BEST_BID,"JPM,99982,156"
2019-06-28 11:11:50.000000000,BEST_ASK,"JPM,100030,134"
2019-06-28 11:11:50.000000000,BEST_BID,"JPM,99982,156"
2019-06-28 11:11:50.000000000,BEST_ASK,"JPM,100030,134"
2019-06-28 11:11:50.000000000,BEST_BID,"JPM,99982,156"
2019-06-28 11:11:50.000000000,BEST_ASK,"JPM,100030,134"
2019-06-28 11:11:50.000000000,BEST_BID,"JPM,99982,156"
2019-06-28 11:11:50.000000000,BEST_ASK,"JPM,100030,134"
2019-06-28 11:11:50.000000000,BEST_BID,"JPM,99982,156"
2019-06-28 11:11:50.000000000,BEST_ASK,"JPM,100030,134"
2019-06-28 11:11:59.854975149,QUERY_ORDER_STREAM,62
2019-06-28 11:11:59.854975149,QUERY_SPREAD,62
2019-06-28 11:12:00.000000000,QUERY_SPREAD,1
2019-06-28 11:12:00.000000000,BEST_BID,"JPM,99982,380"
2019-06-28 11:12:00.000000000,BEST_ASK,"JPM,100030,78"
2019-06-28 11:12:00.000000000,BEST_BID,"JPM,99982,380"
2019-06-28 11:12:00.000000000,BEST_ASK,"JPM,100030,358"
2019-06-28 11:12:00.000000000,QUERY_SPREAD,77
2019-06-28 11:12:00.000000000,BEST_BID,"JPM,99982,379"
2019-06-28 11:12:00.000000000,BEST_ASK,"JPM,100030,358"
2019-06-28 11:12:00.000000000,LAST_TRADE,"1,$99982.0000"
2019-06-28 11:12:00.000000000,QUERY_SPREAD,78
2019-06-28 11:12:00.000000000,BEST_BID,"JPM,99982,375"
2019-06-28 11:12:00.000000000,BEST_ASK,"JPM,100030,358"
2019-06-28 11:12:00.000000000,LAST_TRADE,"4,$99982.0000"
2019-06-28 11:12:00.000000000,QUERY_SPREAD,79
2019-06-28 11:12:00.000000000,BEST_BID,"JPM,99982,369"
2019-06-28 11:12:00.000000000,BEST_ASK,"JPM,100030,358"
2019-06-28 11:12:00.000000000,LAST_TRADE,"6,$99982.0000"
2019-06-28 11:12:00.000000000,QUERY_SPREAD,80
2019-06-28 11:12:00.000000000,BEST_BID,"JPM,99982,364"
2019-06-28 11:12:00.000000000,BEST_ASK,"JPM,100030,358"
2019-06-28 11:12:00.000000000,LAST_TRADE,"5,$99982.0000"
2019-06-28 11:12:00.000000000,QUERY_SPREAD,81
2019-06-28 11:12:00.000000000,BEST_BID,"JPM,99982,356"
2019-06-28 11:12:00.000000000,BEST_ASK,"JPM,100030,358"
2019-06-28 11:12:00.000000000,LAST_TRADE,"8,$99982.0000"
2019-06-28 11:12:00.000000000,QUERY_SPREAD,82
2019-06-28 11:12:00.000000000,BEST_BID,"JPM,99982,348"
2019-06-28 11:12:00.000000000,BEST_ASK,"JPM,100030,358"
2019-06-28 11:12:00.000000000,LAST_TRADE,"8,$99982.0000"
2019-06-28 11:12:00.000000000,QUERY_SPREAD,83
2019-06-28 11:12:00.000000000,BEST_BID,"JPM,99982,346"
2019-06-28 11:12:00.000000000,BEST_ASK,"JPM,100030,358"
2019-06-28 11:12:00.000000000,LAST_TRADE,"2,$99982.0000"
2019-06-28 11:12:00.000000000,QUERY_SPREAD,84
2019-06-28 11:12:00.000000000,BEST_BID,"JPM,99982,345"
2019-06-28 11:12:00.000000000,BEST_ASK,"JPM,100030,358"
2019-06-28 11:12:00.000000000,LAST_TRADE,"1,$99982.0000"
2019-06-28 11:12:00.000000000,QUERY_SPREAD,85
2019-06-28 11:12:00.000000000,BEST_BID,"JPM,99982,344"
2019-06-28 11:12:00.000000000,BEST_ASK,"JPM,100030,358"
2019-06-28 11:12:00.000000000,LAST_TRADE,"1,$99982.0000"
2019-06-28 11:12:00.000000000,QUERY_SPREAD,86
2019-06-28 11:12:00.000000000,BEST_BID,"JPM,99982,338"
2019-06-28 11:12:00.000000000,BEST_ASK,"JPM,100030,358"
2019-06-28 11:12:00.000000000,LAST_TRADE,"6,$99982.0000"
2019-06-28 11:12:00.000000000,QUERY_SPREAD,87
2019-06-28 11:12:00.000000000,BEST_BID,"JPM,99982,335"
2019-06-28 11:12:00.000000000,BEST_ASK,"JPM,100030,358"
2019-06-28 11:12:00.000000000,LAST_TRADE,"3,$99982.0000"
2019-06-28 11:12:00.000000000,QUERY_SPREAD,88
2019-06-28 11:12:00.000000000,BEST_BID,"JPM,99982,331"
2019-06-28 11:12:00.000000000,BEST_ASK,"JPM,100030,358"
2019-06-28 11:12:00.000000000,LAST_TRADE,"4,$99982.0000"
2019-06-28 11:12:00.000000000,QUERY_SPREAD,89
2019-06-28 11:12:00.000000000,BEST_BID,"JPM,99982,327"
2019-06-28 11:12:00.000000000,BEST_ASK,"JPM,100030,358"
2019-06-28 11:12:00.000000000,LAST_TRADE,"4,$99982.0000"
2019-06-28 11:12:00.000000000,QUERY_SPREAD,90
2019-06-28 11:12:00.000000000,BEST_BID,"JPM,99982,320"
2019-06-28 11:12:00.000000000,BEST_ASK,"JPM,100030,358"
2019-06-28 11:12:00.000000000,LAST_TRADE,"7,$99982.0000"
2019-06-28 11:12:00.000000000,QUERY_SPREAD,91
2019-06-28 11:12:00.000000000,BEST_BID,"JPM,99982,312"
2019-06-28 11:12:00.000000000,BEST_ASK,"JPM,100030,358"
2019-06-28 11:12:00.000000000,LAST_TRADE,"8,$99982.0000"
2019-06-28 11:12:00.000000000,QUERY_SPREAD,92
2019-06-28 11:12:00.000000000,BEST_BID,"JPM,99982,307"
2019-06-28 11:12:00.000000000,BEST_ASK,"JPM,100030,358"
2019-06-28 11:12:00.000000000,LAST_TRADE,"5,$99982.0000"
2019-06-28 11:12:00.000000000,QUERY_SPREAD,93
2019-06-28 11:12:00.000000000,BEST_BID,"JPM,99982,304"
2019-06-28 11:12:00.000000000,BEST_ASK,"JPM,100030,358"
2019-06-28 11:12:00.000000000,LAST_TRADE,"3,$99982.0000"
2019-06-28 11:12:00.000000000,QUERY_SPREAD,94
2019-06-28 11:12:00.000000000,BEST_BID,"JPM,99982,300"
2019-06-28 11:12:00.000000000,BEST_ASK,"JPM,100030,358"
2019-06-28 11:12:00.000000000,LAST_TRADE,"4,$99982.0000"
2019-06-28 11:12:00.000000000,QUERY_SPREAD,95
2019-06-28 11:12:00.000000000,BEST_BID,"JPM,99982,295"
2019-06-28 11:12:00.000000000,BEST_ASK,"JPM,100030,358"
2019-06-28 11:12:00.000000000,LAST_TRADE,"5,$99982.0000"
2019-06-28 11:12:00.000000000,QUERY_SPREAD,96
2019-06-28 11:12:00.000000000,BEST_BID,"JPM,99982,294"
2019-06-28 11:12:00.000000000,BEST_ASK,"JPM,100030,358"
2019-06-28 11:12:00.000000000,LAST_TRADE,"1,$99982.0000"
2019-06-28 11:12:00.000000000,QUERY_SPREAD,97
2019-06-28 11:12:00.000000000,BEST_BID,"JPM,99982,287"
2019-06-28 11:12:00.000000000,BEST_ASK,"JPM,100030,358"
2019-06-28 11:12:00.000000000,LAST_TRADE,"7,$99982.0000"
2019-06-28 11:12:00.000000000,QUERY_SPREAD,98
2019-06-28 11:12:00.000000000,BEST_BID,"JPM,99982,281"
2019-06-28 11:12:00.000000000,BEST_ASK,"JPM,100030,358"
2019-06-28 11:12:00.000000000,LAST_TRADE,"6,$99982.0000"
2019-06-28 11:12:00.000000000,QUERY_SPREAD,99
2019-06-28 11:12:00.000000000,BEST_BID,"JPM,99982,276"
2019-06-28 11:12:00.000000000,BEST_ASK,"JPM,100030,358"
2019-06-28 11:12:00.000000000,LAST_TRADE,"5,$99982.0000"
2019-06-28 11:12:00.000000000,QUERY_SPREAD,100
2019-06-28 11:12:00.000000000,BEST_BID,"JPM,99982,269"
2019-06-28 11:12:00.000000000,BEST_ASK,"JPM,100030,358"
2019-06-28 11:12:00.000000000,LAST_TRADE,"7,$99982.0000"
2019-06-28 11:12:00.000000000,QUERY_SPREAD,101
2019-06-28 11:12:00.000000000,QUERY_ORDER_STREAM,101
2019-06-28 11:12:10.000000000,QUERY_SPREAD,1
2019-06-28 11:12:10.000000000,BEST_BID,"JPM,99875,156"
2019-06-28 11:12:10.000000000,BEST_ASK,"JPM,100030,78"
2019-06-28 11:12:10.000000000,BEST_BID,"JPM,99875,156"
2019-06-28 11:12:10.000000000,BEST_ASK,"JPM,100030,78"
2019-06-28 11:12:10.000000000,BEST_BID,"JPM,99875,156"
2019-06-28 11:12:10.000000000,BEST_ASK,"JPM,100030,78"
2019-06-28 11:12:10.000000000,BEST_BID,"JPM,99875,156"
2019-06-28 11:12:10.000000000,BEST_ASK,"JPM,100030,78"
2019-06-28 11:12:10.000000000,BEST_BID,"JPM,99875,156"
2019-06-28 11:12:10.000000000,BEST_ASK,"JPM,100030,78"
2019-06-28 11:12:10.000000000,BEST_BID,"JPM,99875,156"
2019-06-28 11:12:10.000000000,BEST_ASK,"JPM,100030,134"
2019-06-28 11:12:10.000000000,BEST_BID,"JPM,99875,156"
2019-06-28 11:12:10.000000000,BEST_ASK,"JPM,100030,134"
2019-06-28 11:12:10.000000000,BEST_BID,"JPM,99875,156"
2019-06-28 11:12:10.000000000,BEST_ASK,"JPM,100030,134"
2019-06-28 11:12:10.000000000,BEST_BID,"JPM,99875,156"
2019-06-28 11:12:10.000000000,BEST_ASK,"JPM,100030,134"
2019-06-28 11:12:10.000000000,BEST_BID,"JPM,99875,156"
2019-06-28 11:12:10.000000000,BEST_ASK,"JPM,100030,134"
2019-06-28 11:12:20.000000000,QUERY_SPREAD,1
2019-06-28 11:12:20.000000000,BEST_BID,"JPM,99875,380"
2019-06-28 11:12:20.000000000,BEST_ASK,"JPM,100030,78"
2019-06-28 11:12:20.000000000,BEST_BID,"JPM,99875,380"
2019-06-28 11:12:20.000000000,BEST_ASK,"JPM,100030,358"
2019-06-28 11:12:30.000000000,QUERY_SPREAD,1
2019-06-28 11:12:30.000000000,BEST_BID,"JPM,99875,380"
2019-06-28 11:12:30.000000000,BEST_ASK,"JPM,100030,78"
2019-06-28 11:12:30.000000000,BEST_BID,"JPM,99875,380"
2019-06-28 11:12:30.000000000,BEST_ASK,"JPM,100030,358"
2019-06-28 11:12:35.229648670,QUERY_SPREAD,51
2019-06-28 11:12:35.229648670,BEST_BID,"JPM,99875,280"
2019-06-28 11:12:35.229648670,BEST_ASK,"JPM,100030,358"
2019-06-28 11:12:35.229648670,LAST_TRADE,"100,$99875.0000"
2019-06-28 11:12:40.000000000,QUERY_SPREAD,1
2019-06-28 11:12:40.000000000,BEST_BID,"JPM,99778,170"
2019-06-28 11:12:40.000000000,BEST_ASK,"JPM,100030,78"
2019-06-28 11:12:40.000000000,BEST_BID,"JPM,99778,170"
2019-06-28 11:12:40.000000000,BEST_ASK,"JPM,100030,78"
2019-06-28 11:12:40.000000000,BEST_BID,"JPM,99778,170"
2019-06-28 11:12:40.000000000,BEST_ASK,"JPM,100030,78"
2019-06-28 11:12:40.000000000,BEST_BID,"JPM,99778,170"
2019-06-28 11:12:40.000000000,BEST_ASK,"JPM,100030,78"
2019-06-28 11:12:40.000000000,BEST_BID,"JPM,99778,170"
2019-06-28 11:12:40.000000000,BEST_ASK,"JPM,100030,148"
2019-06-28 11:12:40.000000000,BEST_BID,"JPM,99778,170"
2019-06-28 11:12:40.000000000,BEST_ASK,"JPM,100030,148"
2019-06-28 11:12:40.000000000,BEST_BID,"JPM,99778,170"
2019-06-28 11:12:40.000000000,BEST_ASK,"JPM,100030,148"
2019-06-28 11:12:40.000000000,BEST_BID,"JPM,99778,170"
2019-06-28 11:12:40.000000000,BEST_ASK,"JPM,100030,148"
2019-06-28 11:12:50.000000000,QUERY_SPREAD,1
2019-06-28 11:12:50.000000000,BEST_BID,"JPM,99778,240"
2019-06-28 11:12:50.000000000,BEST_ASK,"JPM,100030,78"
2019-06-28 11:12:50.000000000,BEST_BID,"JPM,99778,240"
2019-06-28 11:12:50.000000000,BEST_ASK,"JPM,100030,78"
2019-06-28 11:12:50.000000000,BEST_BID,"JPM,99778,240"
2019-06-28 11:12:50.000000000,BEST_ASK,"JPM,100030,218"
2019-06-28 11:12:50.000000000,BEST_BID,"JPM,99778,240"
2019-06-28 11:12:50.000000000,BEST_ASK,"JPM,100030,218"
2019-06-28 11:12:51.697012548,QUERY_ORDER_STREAM,73
2019-06-28 11:12:51.697012548,QUERY_SPREAD,73
2019-06-28 11:12:51.697012548,BEST_BID,"JPM,99778,240"
2019-06-28 11:12:51.697012548,BEST_ASK,"JPM,99982,100"
2019-06-28 11:12:52.816332199,QUERY_SPREAD,49
2019-06-28 11:12:52.816332199,BEST_BID,"JPM,99778,140"
2019-06-28 11:12:52.816332199,BEST_ASK,"JPM,99982,100"
2019-06-28 11:12:52.816332199,LAST_TRADE,"100,$99778.0000"
2019-06-28 11:12:57.770699524,QUERY_SPREAD,44
2019-06-28 11:12:57.770699524,BEST_BID,"JPM,99778,40"
2019-06-28 11:12:57.770699524,BEST_ASK,"JPM,99982,100"
2019-06-28 11:12:57.770699524,LAST_TRADE,"100,$99778.0000"
2019-06-28 11:13:00.000000000,QUERY_SPREAD,1
2019-06-28 11:13:00.000000000,BEST_BID,"JPM,99750,195"
2019-06-28 11:13:00.000000000,BEST_ASK,"JPM,99982,100"
2019-06-28 11:13:00.000000000,BEST_BID,"JPM,99750,195"
2019-06-28 11:13:00.000000000,BEST_ASK,"JPM,99982,100"
2019-06-28 11:13:00.000000000,BEST_BID,"JPM,99750,195"
2019-06-28 11:13:00.000000000,BEST_ASK,"JPM,99982,100"
2019-06-28 11:13:00.000000000,BEST_BID,"JPM,99750,195"
2019-06-28 11:13:00.000000000,BEST_ASK,"JPM,99982,195"
2019-06-28 11:13:00.000000000,BEST_BID,"JPM,99750,195"
2019-06-28 11:13:00.000000000,BEST_ASK,"JPM,99982,195"
2019-06-28 11:13:00.000000000,BEST_BID,"JPM,99750,195"
2019-06-28 11:13:00.000000000,BEST_ASK,"JPM,99982,195"
2019-06-28 11:13:00.000000000,QUERY_SPREAD,77
2019-06-28 11:13:00.000000000,BEST_BID,"JPM,99750,195"
2019-06-28 11:13:00.000000000,BEST_ASK,"JPM,99982,194"
2019-06-28 11:13:00.000000000,LAST_TRADE,"1,$99982.0000"
2019-06-28 11:13:00.000000000,QUERY_SPREAD,78
2019-06-28 11:13:00.000000000,BEST_BID,"JPM,99750,195"
2019-06-28 11:13:00.000000000,BEST_ASK,"JPM,99982,190"
2019-06-28 11:13:00.000000000,LAST_TRADE,"4,$99982.0000"
2019-06-28 11:13:00.000000000,QUERY_SPREAD,79
2019-06-28 11:13:00.000000000,BEST_BID,"JPM,99750,195"
2019-06-28 11:13:00.000000000,BEST_ASK,"JPM,99982,184"
2019-06-28 11:13:00.000000000,LAST_TRADE,"6,$99982.0000"
2019-06-28 11:13:00.000000000,QUERY_SPREAD,80
2019-06-28 11:13:00.000000000,BEST_BID,"JPM,99750,195"
2019-06-28 11:13:00.000000000,BEST_ASK,"JPM,99982,179"
2019-06-28 11:13:00.000000000,LAST_TRADE,"5,$99982.0000"
2019-06-28 11:13:00.000000000,QUERY_SPREAD,81
2019-06-28 11:13:00.000000000,BEST_BID,"JPM,99750,195"
2019-06-28 11:13:00.000000000,BEST_ASK,"JPM,99982,171"
2019-06-28 11:13:00.000000000,LAST_TRADE,"8,$99982.0000"
2019-06-28 11:13:00.000000000,QUERY_SPREAD,82
2019-06-28 11:13:00.000000000,BEST_BID,"JPM,99750,195"
2019-06-28 11:13:00.000000000,BEST_ASK,"JPM,99982,163"
2019-06-28 11:13:00.000000000,LAST_TRADE,"8,$99982.0000"
2019-06-28 11:13:00.000000000,QUERY_SPREAD,83
2019-06-28 11:13:00.000000000,BEST_BID,"JPM,99750,195"
2019-06-28 11:13:00.000000000,BEST_ASK,"JPM,99982,161"
2019-06-28 11:13:00.000000000,LAST_TRADE,"2,$99982.0000"
2019-06-28 11:13:00.000000000,QUERY_SPREAD,84
2019-06-28 11:13:00.000000000,BEST_BID,"JPM,99750,195"
2019-06-28 11:13:00.000000000,BEST_ASK,"JPM,99982,160"
2019-06-28 11:13:00.000000000,LAST_TRADE,"1,$99982.0000"
2019-06-28 11:13:00.000000000,QUERY_SPREAD,85
2019-06-28 11:13:00.000000000,BEST_BID,"JPM,99750,195"
2019-06-28 11:13:00.000000000,BEST_ASK,"JPM,99982,159"
2019-06-28 11:13:00.000000000,LAST_TRADE,"1,$99982.0000"
2019-06-28 11:13:00.000000000,QUERY_SPREAD,86
2019-06-28 11:13:00.000000000,BEST_BID,"JPM,99750,195"
2019-06-28 11:13:00.000000000,BEST_ASK,"JPM,99982,153"
2019-06-28 11:13:00.000000000,LAST_TRADE,"6,$99982.0000"
2019-06-28 11:13:00.000000000,QUERY_SPREAD,87
2019-06-28 11:13:00.000000000,BEST_BID,"JPM,99750,195"
2019-06-28 11:13:00.000000000,BEST_ASK,"JPM,99982,150"
2019-06-28 11:13:00.000000000,LAST_TRADE,"3,$99982.0000"
2019-06-28 11:13:00.000000000,QUERY_SPREAD,88
2019-06-28 11:13:00.000000000,BEST_BID,"JPM,99750,195"
2019-06-28 11:13:00.000000000,BEST_ASK,"JPM,99982,146"
2019-06-28 11:13:00.000000000,LAST_TRADE,"4,$99982.0000"
2019-06-28 11:13:00.000000000,QUERY_SPREAD,89
2019-06-28 11:13:00.000000000,BEST_BID,"JPM,99750,195"
2019-06-28 11:13:00.000000000,BEST_ASK,"JPM,99982,142"
2019-06-28 11:13:00.000000000,LAST_TRADE,"4,$99982.0000"
2019-06-28 11:13:00.000000000,QUERY_SPREAD,90
2019-06-28 11:13:00.000000000,BEST_BID,"JPM,99750,195"
2019-06-28 11:13:00.000000000,BEST_ASK,"JPM,99982,135"
2019-06-28 11:13:00.000000000,LAST_TRADE,"7,$99982.0000"
2019-06-28 11:13:00.000000000,QUERY_SPREAD,91
2019-06-28 11:13:00.000000000,BEST_BID,"JPM,99750,195"
2019-06-28 11:13:00.000000000,BEST_ASK,"JPM,99982,127"
2019-06-28 11:13:00.000000000,LAST_TRADE,"8,$99982.0000"
2019-06-28 11:13:00.000000000,QUERY_SPREAD,92
2019-06-28 11:13:00.000000000,BEST_BID,"JPM,99750,195"
2019-06-28 11:13:00.000000000,BEST_ASK,"JPM,99982,122"
2019-06-28 11:13:00.000000000,LAST_TRADE,"5,$99982.0000"
2019-06-28 11:13:00.000000000,QUERY_SPREAD,93
2019-06-28 11:13:00.000000000,BEST_BID,"JPM,99750,195"
2019-06-28 11:13:00.000000000,BEST_ASK,"JPM,99982,119"
2019-06-28 11:13:00.000000000,LAST_TRADE,"3,$99982.0000"
2019-06-28 11:13:00.000000000,QUERY_SPREAD,94
2019-06-28 11:13:00.000000000,BEST_BID,"JPM,99750,195"
2019-06-28 11:13:00.000000000,BEST_ASK,"JPM,99982,115"
2019-06-28 11:13:00.000000000,LAST_TRADE,"4,$99982.0000"
2019-06-28 11:13:00.000000000,QUERY_SPREAD,95
2019-06-28 11:13:00.000000000,BEST_BID,"JPM,99750,195"
2019-06-28 11:13:00.000000000,BEST_ASK,"JPM,99982,110"
2019-06-28 11:13:00.000000000,LAST_TRADE,"5,$99982.0000"
2019-06-28 11:13:00.000000000,QUERY_SPREAD,96
2019-06-28 11:13:00.000000000,BEST_BID,"JPM,99750,195"
2019-06-28 11:13:00.000000000,BEST_ASK,"JPM,99982,109"
2019-06-28 11:13:00.000000000,LAST_TRADE,"1,$99982.0000"
2019-06-28 11:13:00.000000000,QUERY_SPREAD,97
2019-06-28 11:13:00.000000000,BEST_BID,"JPM,99750,195"
2019-06-28 11:13:00.000000000,BEST_ASK,"JPM,99982,102"
2019-06-28 11:13:00.000000000,LAST_TRADE,"7,$99982.0000"
2019-06-28 11:13:00.000000000,QUERY_SPREAD,98
2019-06-28 11:13:00.000000000,BEST_BID,"JPM,99750,195"
2019-06-28 11:13:00.000000000,BEST_ASK,"JPM,99982,96"
2019-06-28 11:13:00.000000000,LAST_TRADE,"6,$99982.0000"
2019-06-28 11:13:00.000000000,QUERY_SPREAD,99
2019-06-28 11:13:00.000000000,BEST_BID,"JPM,99750,195"
2019-06-28 11:13:00.000000000,BEST_ASK,"JPM,99982,91"
2019-06-28 11:13:00.000000000,LAST_TRADE,"5,$99982.0000"
2019-06-28 11:13:00.000000000,QUERY_SPREAD,100
2019-06-28 11:13:00.000000000,BEST_BID,"JPM,99750,195"
2019-06-28 11:13:00.000000000,BEST_ASK,"JPM,99982,84"
2019-06-28 11:13:00.000000000,LAST_TRADE,"7,$99982.0000"
2019-06-28 11:13:00.000000000,QUERY_SPREAD,101
2019-06-28 11:13:00.000000000,QUERY_ORDER_STREAM,101
2019-06-28 11:13:09.732392689,QUERY_ORDER_STREAM,66
2019-06-28 11:13:09.732392689,QUERY_SPREAD,66
2019-06-28 11:13:09.732392689,BEST_BID,"JPM,99750,195"
2019-06-28 11:13:09.732392689,BEST_ASK,"JPM,99982,184"
2019-06-28 11:13:10.000000000,QUERY_SPREAD,1
2019-06-28 11:13:10.000000000,BEST_BID,"JPM,99750,240"
2019-06-28 11:13:10.000000000,BEST_ASK,"JPM,99982,100"
2019-06-28 11:13:10.000000000,BEST_BID,"JPM,99750,240"
2019-06-28 11:13:10.000000000,BEST_ASK,"JPM,99982,100"
2019-06-28 11:13:10.000000000,BEST_BID,"JPM,99750,240"
2019-06-28 11:13:10.000000000,BEST_ASK,"JPM,99982,240"
2019-06-28 11:13:10.000000000,BEST_BID,"JPM,99750,240"
2019-06-28 11:13:10.000000000,BEST_ASK,"JPM,99982,240"
2019-06-28 11:13:20.000000000,QUERY_SPREAD,1
2019-06-28 11:13:20.000000000,BEST_BID,"JPM,99750,240"
2019-06-28 11:13:20.000000000,BEST_ASK,"JPM,99982,100"
2019-06-28 11:13:20.000000000,BEST_BID,"JPM,99750,240"
2019-06-28 11:13:20.000000000,BEST_ASK,"JPM,99982,100"
2019-06-28 11:13:20.000000000,BEST_BID,"JPM,99750,240"
2019-06-28 11:13:20.000000000,BEST_ASK,"JPM,99982,240"
2019-06-28 11:13:20.000000000,BEST_BID,"JPM,99750,240"
2019-06-28 11:13:20.000000000,BEST_ASK,"JPM,99982,240"
2019-06-28 11:13:20.592343645,QUERY_SPREAD,13
2019-06-28 11:13:20.592343645,BEST_BID,"JPM,99750,240"
2019-06-28 11:13:20.592343645,BEST_ASK,"JPM,99982,240"
2019-06-28 11:13:29.735686613,QUERY_SPREAD,42
2019-06-28 11:13:29.735686613,BEST_BID,"JPM,99969,100"
2019-06-28 11:13:29.735686613,BEST_ASK,"JPM,99982,240"
2019-06-28 11:13:30.000000000,QUERY_SPREAD,1
2019-06-28 11:13:30.000000000,BEST_BID,"JPM,99969,195"
2019-06-28 11:13:30.000000000,BEST_ASK,"JPM,99982,100"
2019-06-28 11:13:30.000000000,BEST_BID,"JPM,99969,195"
2019-06-28 11:13:30.000000000,BEST_ASK,"JPM,99982,100"
2019-06-28 11:13:30.000000000,BEST_BID,"JPM,99969,195"
2019-06-28 11:13:30.000000000,BEST_ASK,"JPM,99982,100"
2019-06-28 11:13:30.000000000,BEST_BID,"JPM,99969,195"
2019-06-28 11:13:30.000000000,BEST_ASK,"JPM,99982,195"
2019-06-28 11:13:30.000000000,BEST_BID,"JPM,99969,195"
2019-06-28 11:13:30.000000000,BEST_ASK,"JPM,99982,195"
2019-06-28 11:13:30.000000000,BEST_BID,"JPM,99969,195"
2019-06-28 11:13:30.000000000,BEST_ASK,"JPM,99982,195"
2019-06-28 11:13:40.000000000,QUERY_SPREAD,1
2019-06-28 11:13:40.000000000,BEST_BID,"JPM,99969,240"
2019-06-28 11:13:40.000000000,BEST_ASK,"JPM,99982,100"
2019-06-28 11:13:40.000000000,BEST_BID,"JPM,99969,240"
2019-06-28 11:13:40.000000000,BEST_ASK,"JPM,99982,100"
2019-06-28 11:13:40.000000000,BEST_BID,"JPM,99969,240"
2019-06-28 11:13:40.000000000,BEST_ASK,"JPM,99982,240"
2019-06-28 11:13:40.000000000,BEST_BID,"JPM,99969,240"
2019-06-28 11:13:40.000000000,BEST_ASK,"JPM,99982,240"
2019-06-28 11:13:50.000000000,QUERY_SPREAD,1
2019-06-28 11:13:50.000000000,BEST_BID,"JPM,99969,195"
2019-06-28 11:13:50.000000000,BEST_ASK,"JPM,99982,100"
2019-06-28 11:13:50.000000000,BEST_BID,"JPM,99969,195"
2019-06-28 11:13:50.000000000,BEST_ASK,"JPM,99982,100"
2019-06-28 11:13:50.000000000,BEST_BID,"JPM,99969,195"
2019-06-28 11:13:50.000000000,BEST_ASK,"JPM,99982,100"
2019-06-28 11:13:50.000000000,BEST_BID,"JPM,99969,195"
2019-06-28 11:13:50.000000000,BEST_ASK,"JPM,99982,195"
2019-06-28 11:13:50.000000000,BEST_BID,"JPM,99969,195"
2019-06-28 11:13:50.000000000,BEST_ASK,"JPM,99982,195"
2019-06-28 11:13:50.000000000,BEST_BID,"JPM,99969,195"
2019-06-28 11:13:50.000000000,BEST_ASK,"JPM,99982,195"
2019-06-28 11:14:00.000000000,QUERY_SPREAD,1
2019-06-28 11:14:00.000000000,BEST_BID,"JPM,99969,195"
2019-06-28 11:14:00.000000000,BEST_ASK,"JPM,99982,100"
2019-06-28 11:14:00.000000000,BEST_BID,"JPM,99969,195"
2019-06-28 11:14:00.000000000,BEST_ASK,"JPM,99982,100"
2019-06-28 11:14:00.000000000,BEST_BID,"JPM,99969,195"
2019-06-28 11:14:00.000000000,BEST_ASK,"JPM,99982,100"
2019-06-28 11:14:00.000000000,BEST_BID,"JPM,99969,195"
2019-06-28 11:14:00.000000000,BEST_ASK,"JPM,99982,195"
2019-06-28 11:14:00.000000000,BEST_BID,"JPM,99969,195"
2019-06-28 11:14:00.000000000,BEST_ASK,"JPM,99982,195"
2019-06-28 11:14:00.000000000,BEST_BID,"JPM,99969,195"
2019-06-28 11:14:00.000000000,BEST_ASK,"JPM,99982,195"
2019-06-28 11:14:00.000000000,QUERY_SPREAD,77
2019-06-28 11:14:00.000000000,BEST_BID,"JPM,99969,195"
2019-06-28 11:14:00.000000000,BEST_ASK,"JPM,99982,194"
2019-06-28 11:14:00.000000000,LAST_TRADE,"1,$99982.0000"
2019-06-28 11:14:00.000000000,QUERY_SPREAD,78
2019-06-28 11:14:00.000000000,BEST_BID,"JPM,99969,195"
2019-06-28 11:14:00.000000000,BEST_ASK,"JPM,99982,190"
2019-06-28 11:14:00.000000000,LAST_TRADE,"4,$99982.0000"
2019-06-28 11:14:00.000000000,QUERY_SPREAD,79
2019-06-28 11:14:00.000000000,BEST_BID,"JPM,99969,195"
2019-06-28 11:14:00.000000000,BEST_ASK,"JPM,99982,184"
2019-06-28 11:14:00.000000000,LAST_TRADE,"6,$99982.0000"
2019-06-28 11:14:00.000000000,QUERY_SPREAD,80
2019-06-28 11:14:00.000000000,BEST_BID,"JPM,99969,195"
2019-06-28 11:14:00.000000000,BEST_ASK,"JPM,99982,179"
2019-06-28 11:14:00.000000000,LAST_TRADE,"5,$99982.0000"
2019-06-28 11:14:00.000000000,QUERY_SPREAD,81
2019-06-28 11:14:00.000000000,BEST_BID,"JPM,99969,195"
2019-06-28 11:14:00.000000000,BEST_ASK,"JPM,99982,171"
2019-06-28 11:14:00.000000000,LAST_TRADE,"8,$99982.0000"
2019-06-28 11:14:00.000000000,QUERY_SPREAD,82
2019-06-28 11:14:00.000000000,BEST_BID,"JPM,99969,195"
2019-06-28 11:14:00.000000000,BEST_ASK,"JPM,99982,163"
2019-06-28 11:14:00.000000000,LAST_TRADE,"8,$99982.0000"
2019-06-28 11:14:00.000000000,QUERY_SPREAD,83
2019-06-28 11:14:00.000000000,BEST_BID,"JPM,99969,195"
2019-06-28 11:14:00.000000000,BEST_ASK,"JPM,99982,161"
2019-06-28 11:14:00.000000000,LAST_TRADE,"2,$99982.0000"
2019-06-28 11:14:00.000000000,QUERY_SPREAD,84
2019-06-28 11:14:00.000000000,BEST_BID,"JPM,99969,195"
2019-06-28 11:14:00.000000000,BEST_ASK,"JPM,99982,160"
2019-06-28 11:14:00.000000000,LAST_TRADE,"1,$99982.0000"
2019-06-28 11:14:00.000000000,QUERY_SPREAD,85
2019-06-28 11:14:00.000000000,BEST_BID,"JPM,99969,195"
2019-06-28 11:14:00.000000000,BEST_ASK,"JPM,99982,159"
2019-06-28 11:14:00.000000000,LAST_TRADE,"1,$99982.0000"
2019-06-28 11:14:00.000000000,QUERY_SPREAD,86
2019-06-28 11:14:00.000000000,BEST_BID,"JPM,99969,195"
2019-06-28 11:14:00.000000000,BEST_ASK,"JPM,99982,153"
2019-06-28 11:14:00.000000000,LAST_TRADE,"6,$99982.0000"
2019-06-28 11:14:00.000000000,QUERY_SPREAD,87
2019-06-28 11:14:00.000000000,BEST_BID,"JPM,99969,195"
2019-06-28 11:14:00.000000000,BEST_ASK,"JPM,99982,150"
2019-06-28 11:14:00.000000000,LAST_TRADE,"3,$99982.0000"
2019-06-28 11:14:00.000000000,QUERY_SPREAD,88
2019-06-28 11:14:00.000000000,BEST_BID,"JPM,99969,195"
2019-06-28 11:14:00.000000000,BEST_ASK,"JPM,99982,146"
2019-06-28 11:14:00.000000000,LAST_TRADE,"4,$99982.0000"
2019-06-28 11:14:00.000000000,QUERY_SPREAD,89
2019-06-28 11:14:00.000000000,BEST_BID,"JPM,99969,195"
2019-06-28 11:14:00.000000000,BEST_ASK,"JPM,99982,142"
2019-06-28 11:14:00.000000000,LAST_TRADE,"4,$99982.0000"
2019-06-28 11:14:00.000000000,QUERY_SPREAD,90
2019-06-28 11:14:00.000000000,BEST_BID,"JPM,99969,195"
2019-06-28 11:14:00.000000000,BEST_ASK,"JPM,99982,135"
2019-06-28 11:14:00.000000000,LAST_TRADE,"7,$99982.0000"
2019-06-28 11:14:00.000000000,QUERY_SPREAD,91
2019-06-28 11:14:00.000000000,BEST_BID,"JPM,99969,195"
2019-06-28 11:14:00.000000000,BEST_ASK,"JPM,99982,127"
2019-06-28 11:14:00.000000000,LAST_TRADE,"8,$99982.0000"
2019-06-28 11:14:00.000000000,QUERY_SPREAD,92
2019-06-28 11:14:00.000000000,BEST_BID,"JPM,99969,195"
2019-06-28 11:14:00.000000000,BEST_ASK,"JPM,99982,122"
2019-06-28 11:14:00.000000000,LAST_TRADE,"5,$99982.0000"
2019-06-28 11:14:00.000000000,QUERY_SPREAD,93
2019-06-28 11:14:00.000000000,BEST_BID,"JPM,99969,195"
2019-06-28 11:14:00.000000000,BEST_ASK,"JPM,99982,119"
2019-06-28 11:14:00.000000000,LAST_TRADE,"3,$99982.0000"
2019-06-28 11:14:00.000000000,QUERY_SPREAD,94
2019-06-28 11:14:00.000000000,BEST_BID,"JPM,99969,195"
2019-06-28 11:14:00.000000000,BEST_ASK,"JPM,99982,115"
2019-06-28 11:14:00.000000000,LAST_TRADE,"4,$99982.0000"
2019-06-28 11:14:00.000000000,QUERY_SPREAD,95
2019-06-28 11:14:00.000000000,BEST_BID,"JPM,99969,195"
2019-06-28 11:14:00.000000000,BEST_ASK,"JPM,99982,110"
2019-06-28 11:14:00.000000000,LAST_TRADE,"5,$99982.0000"
2019-06-28 11:14:00.000000000,QUERY_SPREAD,96
2019-06-28 11:14:00.000000000,BEST_BID,"JPM,99969,195"
2019-06-28 11:14:00.000000000,BEST_ASK,"JPM,99982,109"
2019-06-28 11:14:00.000000000,LAST_TRADE,"1,$99982.0000"
2019-06-28 11:14:00.000000000,QUERY_SPREAD,97
2019-06-28 11:14:00.000000000,BEST_BID,"JPM,99969,195"
2019-06-28 11:14:00.000000000,BEST_ASK,"JPM,99982,102"
2019-06-28 11:14:00.000000000,LAST_TRADE,"7,$99982.0000"
2019-06-28 11:14:00.000000000,QUERY_SPREAD,98
2019-06-28 11:14:00.000000000,BEST_BID,"JPM,99969,195"
2019-06-28 11:14:00.000000000,BEST_ASK,"JPM,99982,96"
2019-06-28 11:14:00.000000000,LAST_TRADE,"6,$99982.0000"
2019-06-28 11:14:00.000000000,QUERY_SPREAD,99
2019-06-28 11:14:00.000000000,BEST_BID,"JPM,99969,195"
2019-06-28 11:14:00.000000000,BEST_ASK,"JPM,99982,91"
2019-06-28 11:14:00.000000000,LAST_TRADE,"5,$99982.0000"
2019-06-28 11:14:00.000000000,QUERY_SPREAD,100
2019-06-28 11:14:00.000000000,BEST_BID,"JPM,99969,195"
2019-06-28 11:14:00.000000000,BEST_ASK,"JPM,99982,84"
2019-06-28 11:14:00.000000000,LAST_TRADE,"7,$99982.0000"
2019-06-28 11:14:00.000000000,QUERY_SPREAD,101
2019-06-28 11:14:00.000000000,QUERY_ORDER_STREAM,101
2019-06-28 11:14:01.113357518,QUERY_ORDER_STREAM,55
2019-06-28 11:14:01.113357518,QUERY_SPREAD,55
2019-06-28 11:14:01.113357518,BEST_BID,"JPM,99969,195"
2019-06-28 11:14:01.113357518,BEST_ASK,"JPM,99982,184"
2019-06-28 11:14:10.000000000,QUERY_SPREAD,1
2019-06-28 11:14:10.000000000,BEST_BID,"JPM,99969,380"
2019-06-28 11:14:10.000000000,BEST_ASK,"JPM,99982,100"
2019-06-28 11:14:10.000000000,BEST_BID,"JPM,99969,380"
2019-06-28 11:14:10.000000000,BEST_ASK,"JPM,99982,380"
2019-06-28 11:14:20.000000000,QUERY_SPREAD,1
2019-06-28 11:14:20.000000000,BEST_BID,"JPM,99969,380"
2019-06-28 11:14:20.000000000,BEST_ASK,"JPM,99982,100"
2019-06-28 11:14:20.000000000,BEST_BID,"JPM,99969,380"
2019-06-28 11:14:20.000000000,BEST_ASK,"JPM,99982,380"
2019-06-28 11:14:20.063905268,QUERY_ORDER_STREAM,71
2019-06-28 11:14:20.063905268,QUERY_SPREAD,71
2019-06-28 11:14:20.063905268,BEST_BID,"JPM,99969,380"
2019-06-28 11:14:20.063905268,BEST_ASK,"JPM,99982,480"
2019-06-28 11:14:23.856295072,QUERY_SPREAD,18
2019-06-28 11:14:23.856295072,BEST_BID,"JPM,99969,280"
2019-06-28 11:14:23.856295072,BEST_ASK,"JPM,99982,480"
2019-06-28 11:14:23.856295072,LAST_TRADE,"100,$99969.0000"
2019-06-28 11:14:24.355853349,QUERY_ORDER_STREAM,62
2019-06-28 11:14:24.355853349,QUERY_SPREAD,62
2019-06-28 11:14:24.355853349,BEST_BID,"JPM,99969,280"
2019-06-28 11:14:24.355853349,BEST_ASK,"JPM,99981,100"
2019-06-28 11:14:30.000000000,QUERY_SPREAD,1
2019-06-28 11:14:30.000000000,BEST_BID,"JPM,99750,156"
2019-06-28 11:14:30.000000000,BEST_ASK,"JPM,99981,100"
2019-06-28 11:14:30.000000000,BEST_BID,"JPM,99750,156"
2019-06-28 11:14:30.000000000,BEST_ASK,"JPM,99981,100"
2019-06-28 11:14:30.000000000,BEST_BID,"JPM,99750,156"
2019-06-28 11:14:30.000000000,BEST_ASK,"JPM,99981,100"
2019-06-28 11:14:30.000000000,BEST_BID,"JPM,99750,156"
2019-06-28 11:14:30.000000000,BEST_ASK,"JPM,99981,100"
2019-06-28 11:14:30.000000000,BEST_BID,"JPM,99750,156"
2019-06-28 11:14:30.000000000,BEST_ASK,"JPM,99981,100"
2019-06-28 11:14:30.000000000,BEST_BID,"JPM,99750,156"
2019-06-28 11:14:30.000000000,BEST_ASK,"JPM,99981,156"
2019-06-28 11:14:30.000000000,BEST_BID,"JPM,99750,156"
2019-06-28 11:14:30.000000000,BEST_ASK,"JPM,99981,156"
2019-06-28 11:14:30.000000000,BEST_BID,"JPM,99750,156"
2019-06-28 11:14:30.000000000,BEST_ASK,"JPM,99981,156"
2019-06-28 11:14:30.000000000,BEST_BID,"JPM,99750,156"
2019-06-28 11:14:30.000000000,BEST_ASK,"JPM,99981,156"
2019-06-28 11:14:30.000000000,BEST_BID,"JPM,99750,156"
2019-06-28 11:14:30.000000000,BEST_ASK,"JPM,99981,156"
2019-06-28 11:14:40.000000000,QUERY_SPREAD,1
2019-06-28 11:14:40.000000000,BEST_BID,"JPM,99750,380"
2019-06-28 11:14:40.000000000,BEST_ASK,"JPM,99981,100"
2019-06-28 11:14:40.000000000,BEST_BID,"JPM,99750,380"
2019-06-28 11:14:40.000000000,BEST_ASK,"JPM,99981,380"
2019-06-28 11:14:50.000000000,QUERY_SPREAD,1
2019-06-28 11:14:50.000000000,BEST_BID,"JPM,99750,240"
2019-06-28 11:14:50.000000000,BEST_ASK,"JPM,99981,100"
2019-06-28 11:14:50.000000000,BEST_BID,"JPM,99750,240"
2019-06-28 11:14:50.000000000,BEST_ASK,"JPM,99981,100"
2019-06-28 11:14:50.000000000,BEST_BID,"JPM,99750,240"
2019-06-28 11:14:50.000000000,BEST_ASK,"JPM,99981,240"
2019-06-28 11:14:50.000000000,BEST_BID,"JPM,99750,240"
2019-06-28 11:14:50.000000000,BEST_ASK,"JPM,99981,240"
2019-06-28 11:14:55.166373601,QUERY_ORDER_STREAM,52
2019-06-28 11:14:55.166373601,QUERY_SPREAD,52
2019-06-28 11:15:00.000000000,QUERY_SPREAD,1
2019-06-28 11:15:00.000000000,BEST_BID,"JPM,99750,195"
2019-06-28 11:15:00.000000000,BEST_ASK,"JPM,99981,100"
2019-06-28 11:15:00.000000000,BEST_BID,"JPM,99750,195"
2019-06-28 11:15:00.000000000,BEST_ASK,"JPM,99981,100"
2019-06-28 11:15:00.000000000,BEST_BID,"JPM,99750,195"
2019-06-28 11:15:00.000000000,BEST_ASK,"JPM,99981,100"
2019-06-28 11:15:00.000000000,BEST_BID,"JPM,99750,195"
2019-06-28 11:15:00.000000000,BEST_ASK,"JPM,99981,195"
2019-06-28 11:15:00.000000000,BEST_BID,"JPM,99750,195"
2019-06-28 11:15:00.000000000,BEST_ASK,"JPM,99981,195"
2019-06-28 11:15:00.000000000,BEST_BID,"JPM,99750,195"
2019-06-28 11:15:00.000000000,BEST_ASK,"JPM,99981,195"
2019-06-28 11:15:00.000000000,QUERY_SPREAD,77
2019-06-28 11:15:00.000000000,BEST_BID,"JPM,99750,194"
2019-06-28 11:15:00.000000000,BEST_ASK,"JPM,99981,195"
2019-06-28 11:15:00.000000000,LAST_TRADE,"1,$99750.0000"
2019-06-28 11:15:00.000000000,QUERY_SPREAD,78
2019-06-28 11:15:00.000000000,BEST_BID,"JPM,99750,190"
2019-06-28 11:15:00.000000000,BEST_ASK,"JPM,99981,195"
2019-06-28 11:15:00.000000000,LAST_TRADE,"4,$99750.0000"
2019-06-28 11:15:00.000000000,QUERY_SPREAD,79
2019-06-28 11:15:00.000000000,BEST_BID,"JPM,99750,184"
2019-06-28 11:15:00.000000000,BEST_ASK,"JPM,99981,195"
2019-06-28 11:15:00.000000000,LAST_TRADE,"6,$99750.0000"
2019-06-28 11:15:00.000000000,QUERY_SPREAD,80
2019-06-28 11:15:00.000000000,BEST_BID,"JPM,99750,179"
2019-06-28 11:15:00.000000000,BEST_ASK,"JPM,99981,195"
2019-06-28 11:15:00.000000000,LAST_TRADE,"5,$99750.0000"
2019-06-28 11:15:00.000000000,QUERY_SPREAD,81
2019-06-28 11:15:00.000000000,BEST_BID,"JPM,99750,171"
2019-06-28 11:15:00.000000000,BEST_ASK,"JPM,99981,195"
2019-06-28 11:15:00.000000000,LAST_TRADE,"8,$99750.0000"
2019-06-28 11:15:00.000000000,QUERY_SPREAD,82
2019-06-28 11:15:00.000000000,BEST_BID,"JPM,99750,163"
2019-06-28 11:15:00.000000000,BEST_ASK,"JPM,99981,195"
2019-06-28 11:15:00.000000000,LAST_TRADE,"8,$99750.0000"
2019-06-28 11:15:00.000000000,QUERY_SPREAD,83
2019-06-28 11:15:00.000000000,BEST_BID,"JPM,99750,161"
2019-06-28 11:15:00.000000000,BEST_ASK,"JPM,99981,195"
2019-06-28 11:15:00.000000000,LAST_TRADE,"2,$99750.0000"
2019-06-28 11:15:00.000000000,QUERY_SPREAD,84
2019-06-28 11:15:00.000000000,BEST_BID,"JPM,99750,160"
2019-06-28 11:15:00.000000000,BEST_ASK,"JPM,99981,195"
2019-06-28 11:15:00.000000000,LAST_TRADE,"1,$99750.0000"
2019-06-28 11:15:00.000000000,QUERY_SPREAD,85
2019-06-28 11:15:00.000000000,BEST_BID,"JPM,99750,159"
2019-06-28 11:15:00.000000000,BEST_ASK,"JPM,99981,195"
2019-06-28 11:15:00.000000000,LAST_TRADE,"1,$99750.0000"
2019-06-28 11:15:00.000000000,QUERY_SPREAD,86
2019-06-28 11:15:00.000000000,BEST_BID,"JPM,99750,153"
2019-06-28 11:15:00.000000000,BEST_ASK,"JPM,99981,195"
2019-06-28 11:15:00.000000000,LAST_TRADE,"6,$99750.0000"
2019-06-28 11:15:00.000000000,QUERY_SPREAD,87
2019-06-28 11:15:00.000000000,BEST_BID,"JPM,99750,150"
2019-06-28 11:15:00.000000000,BEST_ASK,"JPM,99981,195"
2019-06-28 11:15:00.000000000,LAST_TRADE,"3,$99750.0000"
2019-06-28 11:15:00.000000000,QUERY_SPREAD,88
2019-06-28 11:15:00.000000000,BEST_BID,"JPM,99750,146"
2019-06-28 11:15:00.000000000,BEST_ASK,"JPM,99981,195"
2019-06-28 11:15:00.000000000,LAST_TRADE,"4,$99750.0000"
2019-06-28 11:15:00.000000000,QUERY_SPREAD,89
2019-06-28 11:15:00.000000000,BEST_BID,"JPM,99750,142"
2019-06-28 11:15:00.000000000,BEST_ASK,"JPM,99981,195"
2019-06-28 11:15:00.000000000,LAST_TRADE,"4,$99750.0000"
2019-06-28 11:15:00.000000000,QUERY_SPREAD,90
2019-06-28 11:15:00.000000000,BEST_BID,"JPM,99750,135"
2019-06-28 11:15:00.000000000,BEST_ASK,"JPM,99981,195"
2019-06-28 11:15:00.000000000,LAST_TRADE,"7,$99750.0000"
2019-06-28 11:15:00.000000000,QUERY_SPREAD,91
2019-06-28 11:15:00.000000000,BEST_BID,"JPM,99750,127"
2019-06-28 11:15:00.000000000,BEST_ASK,"JPM,99981,195"
2019-06-28 11:15:00.000000000,LAST_TRADE,"8,$99750.0000"
2019-06-28 11:15:00.000000000,QUERY_SPREAD,92
2019-06-28 11:15:00.000000000,BEST_BID,"JPM,99750,122"
2019-06-28 11:15:00.000000000,BEST_ASK,"JPM,99981,195"
2019-06-28 11:15:00.000000000,LAST_TRADE,"5,$99750.0000"
2019-06-28 11:15:00.000000000,QUERY_SPREAD,93
2019-06-28 11:15:00.000000000,BEST_BID,"JPM,99750,122"
2019-06-28 11:15:00.000000000,BEST_ASK,"JPM,99981,192"
2019-06-28 11:15:00.000000000,LAST_TRADE,"3,$99981.0000"
2019-06-28 11:15:00.000000000,QUERY_SPREAD,94
2019-06-28 11:15:00.000000000,BEST_BID,"JPM,99750,122"
2019-06-28 11:15:00.000000000,BEST_ASK,"JPM,99981,188"
2019-06-28 11:15:00.000000000,LAST_TRADE,"4,$99981.0000"
2019-06-28 11:15:00.000000000,QUERY_SPREAD,95
2019-06-28 11:15:00.000000000,BEST_BID,"JPM,99750,122"
2019-06-28 11:15:00.000000000,BEST_ASK,"JPM,99981,183"
2019-06-28 11:15:00.000000000,LAST_TRADE,"5,$99981.0000"
2019-06-28 11:15:00.000000000,QUERY_SPREAD,96
2019-06-28 11:15:00.000000000,BEST_BID,"JPM,99750,122"
2019-06-28 11:15:00.000000000,BEST_ASK,"JPM,99981,182"
2019-06-28 11:15:00.000000000,LAST_TRADE,"1,$99981.0000"
2019-06-28 11:15:00.000000000,QUERY_SPREAD,97
2019-06-28 11:15:00.000000000,BEST_BID,"JPM,99750,122"
2019-06-28 11:15:00.000000000,BEST_ASK,"JPM,99981,175"
2019-06-28 11:15:00.000000000,LAST_TRADE,"7,$99981.0000"
2019-06-28 11:15:00.000000000,QUERY_SPREAD,98
2019-06-28 11:15:00.000000000,BEST_BID,"JPM,99750,122"
2019-06-28 11:15:00.000000000,BEST_ASK,"JPM,99981,169"
2019-06-28 11:15:00.000000000,LAST_TRADE,"6,$99981.0000"
2019-06-28 11:15:00.000000000,QUERY_SPREAD,99
2019-06-28 11:15:00.000000000,BEST_BID,"JPM,99750,122"
2019-06-28 11:15:00.000000000,BEST_ASK,"JPM,99981,164"
2019-06-28 11:15:00.000000000,LAST_TRADE,"5,$99981.0000"
2019-06-28 11:15:00.000000000,QUERY_SPREAD,100
2019-06-28 11:15:00.000000000,BEST_BID,"JPM,99750,122"
2019-06-28 11:15:00.000000000,BEST_ASK,"JPM,99981,157"
2019-06-28 11:15:00.000000000,LAST_TRADE,"7,$99981.0000"
2019-06-28 11:15:00.000000000,QUERY_SPREAD,101
2019-06-28 11:15:00.000000000,QUERY_ORDER_STREAM,101
2019-06-28 11:15:10.000000000,QUERY_SPREAD,1
2019-06-28 11:15:10.000000000,BEST_BID,"JPM,99750,167"
2019-06-28 11:15:10.000000000,BEST_ASK,"JPM,99981,62"
2019-06-28 11:15:10.000000000,BEST_BID,"JPM,99750,167"
2019-06-28 11:15:10.000000000,BEST_ASK,"JPM,99981,62"
2019-06-28 11:15:10.000000000,BEST_BID,"JPM,99750,167"
2019-06-28 11:15:10.000000000,BEST_ASK,"JPM,99981,202"
2019-06-28 11:15:10.000000000,BEST_BID,"JPM,99750,167"
2019-06-28 11:15:10.000000000,BEST_ASK,"JPM,99981,202"
2019-06-28 11:15:20.000000000,QUERY_SPREAD,1
2019-06-28 11:15:20.000000000,BEST_BID,"JPM,99750,122"
2019-06-28 11:15:20.000000000,BEST_ASK,"JPM,99981,62"
2019-06-28 11:15:20.000000000,BEST_BID,"JPM,99750,122"
2019-06-28 11:15:20.000000000,BEST_ASK,"JPM,99981,62"
2019-06-28 11:15:20.000000000,BEST_BID,"JPM,99750,122"
2019-06-28 11:15:20.000000000,BEST_ASK,"JPM,99981,62"
2019-06-28 11:15:20.000000000,BEST_BID,"JPM,99750,122"
2019-06-28 11:15:20.000000000,BEST_ASK,"JPM,99981,157"
2019-06-28 11:15:20.000000000,BEST_BID,"JPM,99750,122"
2019-06-28 11:15:20.000000000,BEST_ASK,"JPM,99981,157"
2019-06-28 11:15:20.000000000,BEST_BID,"JPM,99750,122"
2019-06-28 11:15:20.000000000,BEST_ASK,"JPM,99981,157"
2019-06-28 11:15:30.000000000,QUERY_SPREAD,1
2019-06-28 11:15:30.000000000,BEST_BID,"JPM,99750,83"
2019-06-28 11:15:30.000000000,BEST_ASK,"JPM,99981,62"
2019-06-28 11:15:30.000000000,BEST_BID,"JPM,99750,83"
2019-06-28 11:15:30.000000000,BEST_ASK,"JPM,99981,62"
2019-06-28 11:15:30.000000000,BEST_BID,"JPM,99750,83"
2019-06-28 11:15:30.000000000,BEST_ASK,"JPM,99981,62"
2019-06-28 11:15:30.000000000,BEST_BID,"JPM,99750,83"
2019-06-28 11:15:30.000000000,BEST_ASK,"JPM,99981,62"
2019-06-28 11:15:30.000000000,BEST_BID,"JPM,99750,83"
2019-06-28 11:15:30.000000000,BEST_ASK,"JPM,99981,62"
2019-06-28 11:15:30.000000000,BEST_BID,"JPM,99750,83"
2019-06-28 11:15:30.000000000,BEST_ASK,"JPM,99981,118"
2019-06-28 11:15:30.000000000,BEST_BID,"JPM,99750,83"
2019-06-28 11:15:30.000000000,BEST_ASK,"JPM,99981,118"
2019-06-28 11:15:30.000000000,BEST_BID,"JPM,99750,83"
2019-06-28 11:15:30.000000000,BEST_ASK,"JPM,99981,118"
2019-06-28 11:15:30.000000000,BEST_BID,"JPM,99750,83"
2019-06-28 11:15:30.000000000,BEST_ASK,"JPM,99981,118"
2019-06-28 11:15:30.000000000,BEST_BID,"JPM,99750,83"
2019-06-28 11:15:30.000000000,BEST_ASK,"JPM,99981,118"
2019-06-28 11:15:38.625992349,QUERY_ORDER_STREAM,53
2019-06-28 11:15:38.625992349,QUERY_SPREAD,53
2019-06-28 11:15:38.625992349,BEST_BID,"JPM,99750,83"
2019-06-28 11:15:38.625992349,BEST_ASK,"JPM,99981,218"
2019-06-28 11:15:40.000000000,QUERY_SPREAD,1
2019-06-28 11:15:40.000000000,BEST_BID,"JPM,99750,122"
2019-06-28 11:15:40.000000000,BEST_ASK,"JPM,99981,162"
2019-06-28 11:15:40.000000000,BEST_BID,"JPM,99750,122"
2019-06-28 11:15:40.000000000,BEST_ASK,"JPM,99981,162"
2019-06-28 11:15:40.000000000,BEST_BID,"JPM,99750,122"
2019-06-28 11:15:40.000000000,BEST_ASK,"JPM,99981,162"
2019-06-28 11:15:40.000000000,BEST_BID,"JPM,99750,122"
2019-06-28 11:15:40.000000000,BEST_ASK,"JPM,99981,257"
2019-06-28 11:15:40.000000000,BEST_BID,"JPM,99750,122"
2019-06-28 11:15:40.000000000,BEST_ASK,"JPM,99981,257"
2019-06-28 11:15:40.000000000,BEST_BID,"JPM,99750,122"
2019-06-28 11:15:40.000000000,BEST_ASK,"JPM,99981,257"
2019-06-28 11:15:47.982984144,QUERY_SPREAD,42
2019-06-28 11:15:47.982984144,BEST_BID,"JPM,99750,122"
2019-06-28 11:15:47.982984144,BEST_ASK,"JPM,99981,257"
2019-06-28 11:15:50.000000000,QUERY_SPREAD,1
2019-06-28 11:15:50.000000000,BEST_BID,"JPM,99750,97"
2019-06-28 11:15:50.000000000,BEST_ASK,"JPM,99981,162"
2019-06-28 11:15:50.000000000,BEST_BID,"JPM,99750,97"
2019-06-28 11:15:50.000000000,BEST_ASK,"JPM,99981,162"
2019-06-28 11:15:50.000000000,BEST_BID,"JPM,99750,97"
2019-06-28 11:15:50.000000000,BEST_ASK,"JPM,99981,162"
2019-06-28 11:15:50.000000000,BEST_BID,"JPM,99750,97"
2019-06-28 11:15:50.000000000,BEST_ASK,"JPM,99981,162"
2019-06-28 11:15:50.000000000,BEST_BID,"JPM,99750,97"
2019-06-28 11:15:50.000000000,BEST_ASK,"JPM,99981,232"
2019-06-28 11:15:50.000000000,BEST_BID,"JPM,99750,97"
2019-06-28 11:15:50.000000000,BEST_ASK,"JPM,99981,232"
2019-06-28 11:15:50.000000000,BEST_BID,"JPM,99750,97"
2019-06-28 11:15:50.000000000,BEST_ASK,"JPM,99981,232"
2019-06-28 11:15:50.000000000,BEST_BID,"JPM,99750,97"
2019-06-28 11:15:50.000000000,BEST_ASK,"JPM,99981,232"
2019-06-28 11:16:00.000000000,QUERY_SPREAD,1
2019-06-28 11:16:00.000000000,BEST_BID,"JPM,99750,307"
2019-06-28 11:16:00.000000000,BEST_ASK,"JPM,99981,162"
2019-06-28 11:16:00.000000000,BEST_BID,"JPM,99750,307"
2019-06-28 11:16:00.000000000,BEST_ASK,"JPM,99981,442"
2019-06-28 11:16:00.000000000,QUERY_SPREAD,77
2019-06-28 11:16:00.000000000,BEST_BID,"JPM,99750,306"
2019-06-28 11:16:00.000000000,BEST_ASK,"JPM,99981,442"
2019-06-28 11:16:00.000000000,LAST_TRADE,"1,$99750.0000"
2019-06-28 11:16:00.000000000,QUERY_SPREAD,78
2019-06-28 11:16:00.000000000,BEST_BID,"JPM,99750,302"
2019-06-28 11:16:00.000000000,BEST_ASK,"JPM,99981,442"
2019-06-28 11:16:00.000000000,LAST_TRADE,"4,$99750.0000"
2019-06-28 11:16:00.000000000,QUERY_SPREAD,79
2019-06-28 11:16:00.000000000,BEST_BID,"JPM,99750,296"
2019-06-28 11:16:00.000000000,BEST_ASK,"JPM,99981,442"
2019-06-28 11:16:00.000000000,LAST_TRADE,"6,$99750.0000"
2019-06-28 11:16:00.000000000,QUERY_SPREAD,80
2019-06-28 11:16:00.000000000,BEST_BID,"JPM,99750,291"
2019-06-28 11:16:00.000000000,BEST_ASK,"JPM,99981,442"
2019-06-28 11:16:00.000000000,LAST_TRADE,"5,$99750.0000"
2019-06-28 11:16:00.000000000,QUERY_SPREAD,81
2019-06-28 11:16:00.000000000,BEST_BID,"JPM,99750,283"
2019-06-28 11:16:00.000000000,BEST_ASK,"JPM,99981,442"
2019-06-28 11:16:00.000000000,LAST_TRADE,"8,$99750.0000"
2019-06-28 11:16:00.000000000,QUERY_SPREAD,82
2019-06-28 11:16:00.000000000,BEST_BID,"JPM,99750,275"
2019-06-28 11:16:00.000000000,BEST_ASK,"JPM,99981,442"
2019-06-28 11:16:00.000000000,LAST_TRADE,"8,$99750.0000"
2019-06-28 11:16:00.000000000,QUERY_SPREAD,83
2019-06-28 11:16:00.000000000,BEST_BID,"JPM,99750,273"
2019-06-28 11:16:00.000000000,BEST_ASK,"JPM,99981,442"
2019-06-28 11:16:00.000000000,LAST_TRADE,"2,$99750.0000"
2019-06-28 11:16:00.000000000,QUERY_SPREAD,84
2019-06-28 11:16:00.000000000,BEST_BID,"JPM,99750,272"
2019-06-28 11:16:00.000000000,BEST_ASK,"JPM,99981,442"
2019-06-28 11:16:00.000000000,LAST_TRADE,"1,$99750.0000"
2019-06-28 11:16:00.000000000,QUERY_SPREAD,85
2019-06-28 11:16:00.000000000,BEST_BID,"JPM,99750,271"
2019-06-28 11:16:00.000000000,BEST_ASK,"JPM,99981,442"
2019-06-28 11:16:00.000000000,LAST_TRADE,"1,$99750.0000"
2019-06-28 11:16:00.000000000,QUERY_SPREAD,86
2019-06-28 11:16:00.000000000,BEST_BID,"JPM,99750,265"
2019-06-28 11:16:00.000000000,BEST_ASK,"JPM,99981,442"
2019-06-28 11:16:00.000000000,LAST_TRADE,"6,$99750.0000"
2019-06-28 11:16:00.000000000,QUERY_SPREAD,87
2019-06-28 11:16:00.000000000,BEST_BID,"JPM,99750,262"
2019-06-28 11:16:00.000000000,BEST_ASK,"JPM,99981,442"
2019-06-28 11:16:00.000000000,LAST_TRADE,"3,$99750.0000"
2019-06-28 11:16:00.000000000,QUERY_SPREAD,88
2019-06-28 11:16:00.000000000,BEST_BID,"JPM,99750,258"
2019-06-28 11:16:00.000000000,BEST_ASK,"JPM,99981,442"
2019-06-28 11:16:00.000000000,LAST_TRADE,"4,$99750.0000"
2019-06-28 11:16:00.000000000,QUERY_SPREAD,89
2019-06-28 11:16:00.000000000,BEST_BID,"JPM,99750,254"
2019-06-28 11:16:00.000000000,BEST_ASK,"JPM,99981,442"
2019-06-28 11:16:00.000000000,LAST_TRADE,"4,$99750.0000"
2019-06-28 11:16:00.000000000,QUERY_SPREAD,90
2019-06-28 11:16:00.000000000,BEST_BID,"JPM,99750,247"
2019-06-28 11:16:00.000000000,BEST_ASK,"JPM,99981,442"
2019-06-28 11:16:00.000000000,LAST_TRADE,"7,$99750.0000"
2019-06-28 11:16:00.000000000,QUERY_SPREAD,91
2019-06-28 11:16:00.000000000,BEST_BID,"JPM,99750,239"
2019-06-28 11:16:00.000000000,BEST_ASK,"JPM,99981,442"
2019-06-28 11:16:00.000000000,LAST_TRADE,"8,$99750.0000"
2019-06-28 11:16:00.000000000,QUERY_SPREAD,92
2019-06-28 11:16:00.000000000,BEST_BID,"JPM,99750,234"
2019-06-28 11:16:00.000000000,BEST_ASK,"JPM,99981,442"
2019-06-28 11:16:00.000000000,LAST_TRADE,"5,$99750.0000"
2019-06-28 11:16:00.000000000,QUERY_SPREAD,93
2019-06-28 11:16:00.000000000,BEST_BID,"JPM,99750,231"
2019-06-28 11:16:00.000000000,BEST_ASK,"JPM,99981,442"
2019-06-28 11:16:00.000000000,LAST_TRADE,"3,$99750.0000"
2019-06-28 11:16:00.000000000,QUERY_SPREAD,94
2019-06-28 11:16:00.000000000,BEST_BID,"JPM,99750,227"
2019-06-28 11:16:00.000000000,BEST_ASK,"JPM,99981,442"
2019-06-28 11:16:00.000000000,LAST_TRADE,"4,$99750.0000"
2019-06-28 11:16:00.000000000,QUERY_SPREAD,95
2019-06-28 11:16:00.000000000,BEST_BID,"JPM,99750,222"
2019-06-28 11:16:00.000000000,BEST_ASK,"JPM,99981,442"
2019-06-28 11:16:00.000000000,LAST_TRADE,"5,$99750.0000"
2019-06-28 11:16:00.000000000,QUERY_SPREAD,96
2019-06-28 11:16:00.000000000,BEST_BID,"JPM,99750,221"
2019-06-28 11:16:00.000000000,BEST_ASK,"JPM,99981,442"
2019-06-28 11:16:00.000000000,LAST_TRADE,"1,$99750.0000"
2019-06-28 11:16:00.000000000,QUERY_SPREAD,97
2019-06-28 11:16:00.000000000,BEST_BID,"JPM,99750,214"
2019-06-28 11:16:00.000000000,BEST_ASK,"JPM,99981,442"
2019-06-28 11:16:00.000000000,LAST_TRADE,"7,$99750.0000"
2019-06-28 11:16:00.000000000,QUERY_SPREAD,98
2019-06-28 11:16:00.000000000,BEST_BID,"JPM,99750,208"
2019-06-28 11:16:00.000000000,BEST_ASK,"JPM,99981,442"
2019-06-28 11:16:00.000000000,LAST_TRADE,"6,$99750.0000"
2019-06-28 11:16:00.000000000,QUERY_SPREAD,99
2019-06-28 11:16:00.000000000,BEST_BID,"JPM,99750,203"
2019-06-28 11:16:00.000000000,BEST_ASK,"JPM,99981,442"
2019-06-28 11:16:00.000000000,LAST_TRADE,"5,$99750.0000"
2019-06-28 11:16:00.000000000,QUERY_SPREAD,100
2019-06-28 11:16:00.000000000,BEST_BID,"JPM,99750,196"
2019-06-28 11:16:00.000000000,BEST_ASK,"JPM,99981,442"
2019-06-28 11:16:00.000000000,LAST_TRADE,"7,$99750.0000"
2019-06-28 11:16:00.000000000,QUERY_SPREAD,101
2019-06-28 11:16:00.000000000,QUERY_ORDER_STREAM,101
2019-06-28 11:16:06.984012269,QUERY_ORDER_STREAM,53
2019-06-28 11:16:06.984012269,QUERY_SPREAD,53
2019-06-28 11:16:06.984012269,BEST_BID,"JPM,99750,96"
2019-06-28 11:16:06.984012269,BEST_ASK,"JPM,99981,342"
2019-06-28 11:16:06.984012269,LAST_TRADE,"100,$99750.0000"
2019-06-28 11:16:10.000000000,QUERY_SPREAD,1
2019-06-28 11:16:10.000000000,BEST_BID,"JPM,99713,170"
2019-06-28 11:16:10.000000000,BEST_ASK,"JPM,99981,62"
2019-06-28 11:16:10.000000000,BEST_BID,"JPM,99713,170"
2019-06-28 11:16:10.000000000,BEST_ASK,"JPM,99981,62"
2019-06-28 11:16:10.000000000,BEST_BID,"JPM,99713,170"
2019-06-28 11:16:10.000000000,BEST_ASK,"JPM,99981,62"
2019-06-28 11:16:10.000000000,BEST_BID,"JPM,99713,170"
2019-06-28 11:16:10.000000000,BEST_ASK,"JPM,99981,62"
2019-06-28 11:16:10.000000000,BEST_BID,"JPM,99713,170"
2019-06-28 11:16:10.000000000,BEST_ASK,"JPM,99981,132"
2019-06-28 11:16:10.000000000,BEST_BID,"JPM,99713,170"
2019-06-28 11:16:10.000000000,BEST_ASK,"JPM,99981,132"
2019-06-28 11:16:10.000000000,BEST_BID,"JPM,99713,170"
2019-06-28 11:16:10.000000000,BEST_ASK,"JPM,99981,132"
2019-06-28 11:16:10.000000000,BEST_BID,"JPM,99713,170"
2019-06-28 11:16:10.000000000,BEST_ASK,"JPM,99981,132"
2019-06-28 11:16:12.268889978,QUERY_ORDER_STREAM,65
2019-06-28 11:16:12.268889978,QUERY_SPREAD,65
2019-06-28 11:16:12.268889978,BEST_BID,"JPM,99713,170"
2019-06-28 11:16:12.268889978,BEST_ASK,"JPM,99750,100"
2019-06-28 11:16:20.000000000,QUERY_SPREAD,1
2019-06-28 11:16:20.000000000,BEST_BID,"JPM,99713,240"
2019-06-28 11:16:20.000000000,BEST_ASK,"JPM,99750,100"
2019-06-28 11:16:20.000000000,BEST_BID,"JPM,99713,240"
2019-06-28 11:16:20.000000000,BEST_ASK,"JPM,99750,100"
2019-06-28 11:16:20.000000000,BEST_BID,"JPM,99713,240"
2019-06-28 11:16:20.000000000,BEST_ASK,"JPM,99750,240"
2019-06-28 11:16:20.000000000,BEST_BID,"JPM,99713,240"
2019-06-28 11:16:20.000000000,BEST_ASK,"JPM,99750,240"
2019-06-28 11:16:30.000000000,QUERY_SPREAD,1
2019-06-28 11:16:30.000000000,BEST_BID,"JPM,99713,156"
2019-06-28 11:16:30.000000000,BEST_ASK,"JPM,99750,100"
2019-06-28 11:16:30.000000000,BEST_BID,"JPM,99713,156"
2019-06-28 11:16:30.000000000,BEST_ASK,"JPM,99750,100"
2019-06-28 11:16:30.000000000,BEST_BID,"JPM,99713,156"
2019-06-28 11:16:30.000000000,BEST_ASK,"JPM,99750,100"
2019-06-28 11:16:30.000000000,BEST_BID,"JPM,99713,156"
2019-06-28 11:16:30.000000000,BEST_ASK,"JPM,99750,100"
2019-06-28 11:16:30.000000000,BEST_BID,"JPM,99713,156"
2019-06-28 11:16:30.000000000,BEST_ASK,"JPM,99750,100"
2019-06-28 11:16:30.000000000,BEST_BID,"JPM,99713,156"
2019-06-28 11:16:30.000000000,BEST_ASK,"JPM,99750,156"
2019-06-28 11:16:30.000000000,BEST_BID,"JPM,99713,156"
2019-06-28 11:16:30.000000000,BEST_ASK,"JPM,99750,156"
2019-06-28 11:16:30.000000000,BEST_BID,"JPM,99713,156"
2019-06-28 11:16:30.000000000,BEST_ASK,"JPM,99750,156"
2019-06-28 11:16:30.000000000,BEST_BID,"JPM,99713,156"
2019-06-28 11:16:30.000000000,BEST_ASK,"JPM,99750,156"
2019-06-28 11:16:30.000000000,BEST_BID,"JPM,99713,156"
2019-06-28 11:16:30.000000000,BEST_ASK,"JPM,99750,156"
2019-06-28 11:16:40.000000000,QUERY_SPREAD,1
2019-06-28 11:16:40.000000000,BEST_BID,"JPM,99713,240"
2019-06-28 11:16:40.000000000,BEST_ASK,"JPM,99750,100"
2019-06-28 11:16:40.000000000,BEST_BID,"JPM,99713,240"
2019-06-28 11:16:40.000000000,BEST_ASK,"JPM,99750,100"
2019-06-28 11:16:40.000000000,BEST_BID,"JPM,99713,240"
2019-06-28 11:16:40.000000000,BEST_ASK,"JPM,99750,240"
2019-06-28 11:16:40.000000000,BEST_BID,"JPM,99713,240"
2019-06-28 11:16:40.000000000,BEST_ASK,"JPM,99750,240"
2019-06-28 11:16:50.000000000,QUERY_SPREAD,1
2019-06-28 11:16:50.000000000,BEST_BID,"JPM,99713,195"
2019-06-28 11:16:50.000000000,BEST_ASK,"JPM,99750,100"
2019-06-28 11:16:50.000000000,BEST_BID,"JPM,99713,195"
2019-06-28 11:16:50.000000000,BEST_ASK,"JPM,99750,100"
2019-06-28 11:16:50.000000000,BEST_BID,"JPM,99713,195"
2019-06-28 11:16:50.000000000,BEST_ASK,"JPM,99750,100"
2019-06-28 11:16:50.000000000,BEST_BID,"JPM,99713,195"
2019-06-28 11:16:50.000000000,BEST_ASK,"JPM,99750,195"
2019-06-28 11:16:50.000000000,BEST_BID,"JPM,99713,195"
2019-06-28 11:16:50.000000000,BEST_ASK,"JPM,99750,195"
2019-06-28 11:16:50.000000000,BEST_BID,"JPM,99713,195"
2019-06-28 11:16:50.000000000,BEST_ASK,"JPM,99750,195"
2019-06-28 11:16:52.316945340,QUERY_SPREAD,32
2019-06-28 11:16:52.316945340,BEST_BID,"JPM,99713,95"
2019-06-28 11:16:52.316945340,BEST_ASK,"JPM,99750,195"
2019-06-28 11:16:52.316945340,LAST_TRADE,"100,$99713.0000"
2019-06-28 11:17:00.000000000,QUERY_SPREAD,1
2019-06-28 11:17:00.000000000,BEST_BID,"JPM,99710,170"
2019-06-28 11:17:00.000000000,BEST_ASK,"JPM,99750,100"
2019-06-28 11:17:00.000000000,BEST_BID,"JPM,99710,170"
2019-06-28 11:17:00.000000000,BEST_ASK,"JPM,99750,100"
2019-06-28 11:17:00.000000000,BEST_BID,"JPM,99710,170"
2019-06-28 11:17:00.000000000,BEST_ASK,"JPM,99750,100"
2019-06-28 11:17:00.000000000,BEST_BID,"JPM,99710,170"
2019-06-28 11:17:00.000000000,BEST_ASK,"JPM,99750,100"
2019-06-28 11:17:00.000000000,BEST_BID,"JPM,99710,170"
2019-06-28 11:17:00.000000000,BEST_ASK,"JPM,99750,170"
2019-06-28 11:17:00.000000000,BEST_BID,"JPM,99710,170"
2019-06-28 11:17:00.000000000,BEST_ASK,"JPM,99750,170"
2019-06-28 11:17:00.000000000,BEST_BID,"JPM,99710,170"
2019-06-28 11:17:00.000000000,BEST_ASK,"JPM,99750,170"
2019-06-28 11:17:00.000000000,BEST_BID,"JPM,99710,170"
2019-06-28 11:17:00.000000000,BEST_ASK,"JPM,99750,170"
2019-06-28 11:17:00.000000000,QUERY_SPREAD,77
2019-06-28 11:17:00.000000000,BEST_BID,"JPM,99710,169"
2019-06-28 11:17:00.000000000,BEST_ASK,"JPM,99750,170"
2019-06-28 11:17:00.000000000,LAST_TRADE,"1,$99710.0000"
2019-06-28 11:17:00.000000000,QUERY_SPREAD,78
2019-06-28 11:17:00.000000000,BEST_BID,"JPM,99710,165"
2019-06-28 11:17:00.000000000,BEST_ASK,"JPM,99750,170"
2019-06-28 11:17:00.000000000,LAST_TRADE,"4,$99710.0000"
2019-06-28 11:17:00.000000000,QUERY_SPREAD,79
2019-06-28 11:17:00.000000000,BEST_BID,"JPM,99710,159"
2019-06-28 11:17:00.000000000,BEST_ASK,"JPM,99750,170"
2019-06-28 11:17:00.000000000,LAST_TRADE,"6,$99710.0000"
2019-06-28 11:17:00.000000000,QUERY_SPREAD,80
2019-06-28 11:17:00.000000000,BEST_BID,"JPM,99710,154"
2019-06-28 11:17:00.000000000,BEST_ASK,"JPM,99750,170"
2019-06-28 11:17:00.000000000,LAST_TRADE,"5,$99710.0000"
2019-06-28 11:17:00.000000000,QUERY_SPREAD,81
2019-06-28 11:17:00.000000000,BEST_BID,"JPM,99710,146"
2019-06-28 11:17:00.000000000,BEST_ASK,"JPM,99750,170"
2019-06-28 11:17:00.000000000,LAST_TRADE,"8,$99710.0000"
2019-06-28 11:17:00.000000000,QUERY_SPREAD,82
2019-06-28 11:17:00.000000000,BEST_BID,"JPM,99710,138"
2019-06-28 11:17:00.000000000,BEST_ASK,"JPM,99750,170"
2019-06-28 11:17:00.000000000,LAST_TRADE,"8,$99710.0000"
2019-06-28 11:17:00.000000000,QUERY_SPREAD,83
2019-06-28 11:17:00.000000000,BEST_BID,"JPM,99710,136"
2019-06-28 11:17:00.000000000,BEST_ASK,"JPM,99750,170"
2019-06-28 11:17:00.000000000,LAST_TRADE,"2,$99710.0000"
2019-06-28 11:17:00.000000000,QUERY_SPREAD,84
2019-06-28 11:17:00.000000000,BEST_BID,"JPM,99710,135"
2019-06-28 11:17:00.000000000,BEST_ASK,"JPM,99750,170"
2019-06-28 11:17:00.000000000,LAST_TRADE,"1,$99710.0000"
2019-06-28 11:17:00.000000000,QUERY_SPREAD,85
2019-06-28 11:17:00.000000000,BEST_BID,"JPM,99710,134"
2019-06-28 11:17:00.000000000,BEST_ASK,"JPM,99750,170"
2019-06-28 11:17:00.000000000,LAST_TRADE,"1,$99710.0000"
2019-06-28 11:17:00.000000000,QUERY_SPREAD,86
2019-06-28 11:17:00.000000000,BEST_BID,"JPM,99710,128"
2019-06-28 11:17:00.000000000,BEST_ASK,"JPM,99750,170"
2019-06-28 11:17:00.000000000,LAST_TRADE,"6,$99710.0000"
2019-06-28 11:17:00.000000000,QUERY_SPREAD,87
2019-06-28 11:17:00.000000000,BEST_BID,"JPM,99710,125"
2019-06-28 11:17:00.000000000,BEST_ASK,"JPM,99750,170"
2019-06-28 11:17:00.000000000,LAST_TRADE,"3,$99710.0000"
2019-06-28 11:17:00.000000000,QUERY_SPREAD,88
2019-06-28 11:17:00.000000000,BEST_BID,"JPM,99710,121"
2019-06-28 11:17:00.000000000,BEST_ASK,"JPM,99750,170"
2019-06-28 11:17:00.000000000,LAST_TRADE,"4,$99710.0000"
2019-06-28 11:17:00.000000000,QUERY_SPREAD,89
2019-06-28 11:17:00.000000000,BEST_BID,"JPM,99710,117"
2019-06-28 11:17:00.000000000,BEST_ASK,"JPM,99750,170"
2019-06-28 11:17:00.000000000,LAST_TRADE,"4,$99710.0000"
2019-06-28 11:17:00.000000000,QUERY_SPREAD,90
2019-06-28 11:17:00.000000000,BEST_BID,"JPM,99710,110"
2019-06-28 11:17:00.000000000,BEST_ASK,"JPM,99750,170"
2019-06-28 11:17:00.000000000,LAST_TRADE,"7,$99710.0000"
2019-06-28 11:17:00.000000000,QUERY_SPREAD,91
2019-06-28 11:17:00.000000000,BEST_BID,"JPM,99710,102"
2019-06-28 11:17:00.000000000,BEST_ASK,"JPM,99750,170"
2019-06-28 11:17:00.000000000,LAST_TRADE,"8,$99710.0000"
2019-06-28 11:17:00.000000000,QUERY_SPREAD,92
2019-06-28 11:17:00.000000000,BEST_BID,"JPM,99710,97"
2019-06-28 11:17:00.000000000,BEST_ASK,"JPM,99750,170"
2019-06-28 11:17:00.000000000,LAST_TRADE,"5,$99710.0000"
2019-06-28 11:17:00.000000000,QUERY_SPREAD,93
2019-06-28 11:17:00.000000000,BEST_BID,"JPM,99710,94"
2019-06-28 11:17:00.000000000,BEST_ASK,"JPM,99750,170"
2019-06-28 11:17:00.000000000,LAST_TRADE,"3,$99710.0000"
2019-06-28 11:17:00.000000000,QUERY_SPREAD,94
2019-06-28 11:17:00.000000000,BEST_BID,"JPM,99710,90"
2019-06-28 11:17:00.000000000,BEST_ASK,"JPM,99750,170"
2019-06-28 11:17:00.000000000,LAST_TRADE,"4,$99710.0000"
2019-06-28 11:17:00.000000000,QUERY_SPREAD,95
2019-06-28 11:17:00.000000000,BEST_BID,"JPM,99710,85"
2019-06-28 11:17:00.000000000,BEST_ASK,"JPM,99750,170"
2019-06-28 11:17:00.000000000,LAST_TRADE,"5,$99710.0000"
2019-06-28 11:17:00.000000000,QUERY_SPREAD,96
2019-06-28 11:17:00.000000000,BEST_BID,"JPM,99710,84"
2019-06-28 11:17:00.000000000,BEST_ASK,"JPM,99750,170"
2019-06-28 11:17:00.000000000,LAST_TRADE,"1,$99710.0000"
2019-06-28 11:17:00.000000000,QUERY_SPREAD,97
2019-06-28 11:17:00.000000000,BEST_BID,"JPM,99710,77"
2019-06-28 11:17:00.000000000,BEST_ASK,"JPM,99750,170"
2019-06-28 11:17:00.000000000,LAST_TRADE,"7,$99710.0000"
2019-06-28 11:17:00.000000000,QUERY_SPREAD,98
2019-06-28 11:17:00.000000000,BEST_BID,"JPM,99710,71"
2019-06-28 11:17:00.000000000,BEST_ASK,"JPM,99750,170"
2019-06-28 11:17:00.000000000,LAST_TRADE,"6,$99710.0000"
2019-06-28 11:17:00.000000000,QUERY_SPREAD,99
2019-06-28 11:17:00.000000000,BEST_BID,"JPM,99710,66"
2019-06-28 11:17:00.000000000,BEST_ASK,"JPM,99750,170"
2019-06-28 11:17:00.000000000,LAST_TRADE,"5,$99710.0000"
2019-06-28 11:17:00.000000000,QUERY_SPREAD,100
2019-06-28 11:17:00.000000000,BEST_BID,"JPM,99710,59"
2019-06-28 11:17:00.000000000,BEST_ASK,"JPM,99750,170"
2019-06-28 11:17:00.000000000,LAST_TRADE,"7,$99710.0000"
2019-06-28 11:17:00.000000000,QUERY_SPREAD,101
2019-06-28 11:17:00.000000000,QUERY_ORDER_STREAM,101
2019-06-28 11:17:10.000000000,QUERY_SPREAD,1
2019-06-28 11:17:10.000000000,BEST_BID,"JPM,99649,156"
2019-06-28 11:17:10.000000000,BEST_ASK,"JPM,99750,100"
2019-06-28 11:17:10.000000000,BEST_BID,"JPM,99649,156"
2019-06-28 11:17:10.000000000,BEST_ASK,"JPM,99750,100"
2019-06-28 11:17:10.000000000,BEST_BID,"JPM,99649,156"
2019-06-28 11:17:10.000000000,BEST_ASK,"JPM,99750,100"
2019-06-28 11:17:10.000000000,BEST_BID,"JPM,99649,156"
2019-06-28 11:17:10.000000000,BEST_ASK,"JPM,99750,100"
2019-06-28 11:17:10.000000000,BEST_BID,"JPM,99649,156"
2019-06-28 11:17:10.000000000,BEST_ASK,"JPM,99750,100"
2019-06-28 11:17:10.000000000,BEST_BID,"JPM,99649,156"
2019-06-28 11:17:10.000000000,BEST_ASK,"JPM,99750,156"
2019-06-28 11:17:10.000000000,BEST_BID,"JPM,99649,156"
2019-06-28 11:17:10.000000000,BEST_ASK,"JPM,99750,156"
2019-06-28 11:17:10.000000000,BEST_BID,"JPM,99649,156"
2019-06-28 11:17:10.000000000,BEST_ASK,"JPM,99750,156"
2019-06-28 11:17:10.000000000,BEST_BID,"JPM,99649,156"
2019-06-28 11:17:10.000000000,BEST_ASK,"JPM,99750,156"
2019-06-28 11:17:10.000000000,BEST_BID,"JPM,99649,156"
2019-06-28 11:17:10.000000000,BEST_ASK,"JPM,99750,156"
2019-06-28 11:17:20.000000000,QUERY_SPREAD,1
2019-06-28 11:17:20.000000000,BEST_BID,"JPM,99649,170"
2019-06-28 11:17:20.000000000,BEST_ASK,"JPM,99750,100"
2019-06-28 11:17:20.000000000,BEST_BID,"JPM,99649,170"
2019-06-28 11:17:20.000000000,BEST_ASK,"JPM,99750,100"
2019-06-28 11:17:20.000000000,BEST_BID,"JPM,99649,170"
2019-06-28 11:17:20.000000000,BEST_ASK,"JPM,99750,100"
2019-06-28 11:17:20.000000000,BEST_BID,"JPM,99649,170"
2019-06-28 11:17:20.000000000,BEST_ASK,"JPM,99750,100"
2019-06-28 11:17:20.000000000,BEST_BID,"JPM,99649,170"
2019-06-28 11:17:20.000000000,BEST_ASK,"JPM,99750,170"
2019-06-28 11:17:20.000000000,BEST_BID,"JPM,99649,170"
2019-06-28 11:17:20.000000000,BEST_ASK,"JPM,99750,170"
2019-06-28 11:17:20.000000000,BEST_BID,"JPM,99649,170"
2019-06-28 11:17:20.000000000,BEST_ASK,"JPM,99750,170"
2019-06-28 11:17:20.000000000,BEST_BID,"JPM,99649,170"
2019-06-28 11:17:20.000000000,BEST_ASK,"JPM,99750,170"
2019-06-28 11:17:21.069673022,QUERY_SPREAD,47
2019-06-28 11:17:21.069673022,BEST_BID,"JPM,99649,170"
2019-06-28 11:17:21.069673022,BEST_ASK,"JPM,99734,100"
2019-06-28 11:17:22.685955052,QUERY_SPREAD,44
2019-06-28 11:17:22.685955052,BEST_BID,"JPM,99649,170"
2019-06-28 11:17:22.685955052,BEST_ASK,"JPM,99734,100"
2019-06-28 11:17:30.000000000,QUERY_SPREAD,1
2019-06-28 11:17:30.000000000,BEST_BID,"JPM,99649,240"
2019-06-28 11:17:30.000000000,BEST_ASK,"JPM,99734,100"
2019-06-28 11:17:30.000000000,BEST_BID,"JPM,99649,240"
2019-06-28 11:17:30.000000000,BEST_ASK,"JPM,99734,100"
2019-06-28 11:17:30.000000000,BEST_BID,"JPM,99649,240"
2019-06-28 11:17:30.000000000,BEST_ASK,"JPM,99734,240"
2019-06-28 11:17:30.000000000,BEST_BID,"JPM,99649,240"
2019-06-28 11:17:30.000000000,BEST_ASK,"JPM,99734,240"
2019-06-28 11:17:40.000000000,QUERY_SPREAD,1
2019-06-28 11:17:40.000000000,BEST_BID,"JPM,99649,156"
2019-06-28 11:17:40.000000000,BEST_ASK,"JPM,99734,100"
2019-06-28 11:17:40.000000000,BEST_BID,"JPM,99649,156"
2019-06-28 11:17:40.000000000,BEST_ASK,"JPM,99734,100"
2019-06-28 11:17:40.000000000,BEST_BID,"JPM,99649,156"
2019-06-28 11:17:40.000000000,BEST_ASK,"JPM,99734,100"
2019-06-28 11:17:40.000000000,BEST_BID,"JPM,99649,156"
2019-06-28 11:17:40.000000000,BEST_ASK,"JPM,99734,100"
2019-06-28 11:17:40.000000000,BEST_BID,"JPM,99649,156"
2019-06-28 11:17:40.000000000,BEST_ASK,"JPM,99734,100"
2019-06-28 11:17:40.000000000,BEST_BID,"JPM,99649,156"
2019-06-28 11:17:40.000000000,BEST_ASK,"JPM,99734,156"
2019-06-28 11:17:40.000000000,BEST_BID,"JPM,99649,156"
2019-06-28 11:17:40.000000000,BEST_ASK,"JPM,99734,156"
2019-06-28 11:17:40.000000000,BEST_BID,"JPM,99649,156"
2019-06-28 11:17:40.000000000,BEST_ASK,"JPM,99734,156"
2019-06-28 11:17:40.000000000,BEST_BID,"JPM,99649,156"
2019-06-28 11:17:40.000000000,BEST_ASK,"JPM,99734,156"
2019-06-28 11:17:40.000000000,BEST_BID,"JPM,99649,156"
2019-06-28 11:17:40.000000000,BEST_ASK,"JPM,99734,156"
2019-06-28 11:17:50.000000000,QUERY_SPREAD,1
2019-06-28 11:17:50.000000000,BEST_BID,"JPM,99649,240"
2019-06-28 11:17:50.000000000,BEST_ASK,"JPM,99734,100"
2019-06-28 11:17:50.000000000,BEST_BID,"JPM,99649,240"
2019-06-28 11:17:50.000000000,BEST_ASK,"JPM,99734,100"
2019-06-28 11:17:50.000000000,BEST_BID,"JPM,99649,240"
2019-06-28 11:17:50.000000000,BEST_ASK,"JPM,99734,240"
2019-06-28 11:17:50.000000000,BEST_BID,"JPM,99649,240"
2019-06-28 11:17:50.000000000,BEST_ASK,"JPM,99734,240"
2019-06-28 11:17:57.614948085,QUERY_SPREAD,40
2019-06-28 11:17:57.614948085,BEST_BID,"JPM,99649,140"
2019-06-28 11:17:57.614948085,BEST_ASK,"JPM,99734,240"
2019-06-28 11:17:57.614948085,LAST_TRADE,"100,$99649.0000"
2019-06-28 11:18:00.000000000,QUERY_SPREAD,1
2019-06-28 11:18:00.000000000,BEST_BID,"JPM,99634,380"
2019-06-28 11:18:00.000000000,BEST_ASK,"JPM,99734,100"
2019-06-28 11:18:00.000000000,BEST_BID,"JPM,99634,380"
2019-06-28 11:18:00.000000000,BEST_ASK,"JPM,99734,380"
2019-06-28 11:18:00.000000000,QUERY_SPREAD,77
2019-06-28 11:18:00.000000000,BEST_BID,"JPM,99634,379"
2019-06-28 11:18:00.000000000,BEST_ASK,"JPM,99734,380"
2019-06-28 11:18:00.000000000,LAST_TRADE,"1,$99634.0000"
2019-06-28 11:18:00.000000000,QUERY_SPREAD,78
2019-06-28 11:18:00.000000000,BEST_BID,"JPM,99634,375"
2019-06-28 11:18:00.000000000,BEST_ASK,"JPM,99734,380"
2019-06-28 11:18:00.000000000,LAST_TRADE,"4,$99634.0000"
2019-06-28 11:18:00.000000000,QUERY_SPREAD,79
2019-06-28 11:18:00.000000000,BEST_BID,"JPM,99634,369"
2019-06-28 11:18:00.000000000,BEST_ASK,"JPM,99734,380"
2019-06-28 11:18:00.000000000,LAST_TRADE,"6,$99634.0000"
2019-06-28 11:18:00.000000000,QUERY_SPREAD,80
2019-06-28 11:18:00.000000000,BEST_BID,"JPM,99634,364"
2019-06-28 11:18:00.000000000,BEST_ASK,"JPM,99734,380"
2019-06-28 11:18:00.000000000,LAST_TRADE,"5,$99634.0000"
2019-06-28 11:18:00.000000000,QUERY_SPREAD,81
2019-06-28 11:18:00.000000000,BEST_BID,"JPM,99634,356"
2019-06-28 11:18:00.000000000,BEST_ASK,"JPM,99734,380"
2019-06-28 11:18:00.000000000,LAST_TRADE,"8,$99634.0000"
2019-06-28 11:18:00.000000000,QUERY_SPREAD,82
2019-06-28 11:18:00.000000000,BEST_BID,"JPM,99634,348"
2019-06-28 11:18:00.000000000,BEST_ASK,"JPM,99734,380"
2019-06-28 11:18:00.000000000,LAST_TRADE,"8,$99634.0000"
2019-06-28 11:18:00.000000000,QUERY_SPREAD,83
2019-06-28 11:18:00.000000000,BEST_BID,"JPM,99634,346"
2019-06-28 11:18:00.000000000,BEST_ASK,"JPM,99734,380"
2019-06-28 11:18:00.000000000,LAST_TRADE,"2,$99634.0000"
2019-06-28 11:18:00.000000000,QUERY_SPREAD,84
2019-06-28 11:18:00.000000000,BEST_BID,"JPM,99634,345"
2019-06-28 11:18:00.000000000,BEST_ASK,"JPM,99734,380"
2019-06-28 11:18:00.000000000,LAST_TRADE,"1,$99634.0000"
2019-06-28 11:18:00.000000000,QUERY_SPREAD,85
2019-06-28 11:18:00.000000000,BEST_BID,"JPM,99634,344"
2019-06-28 11:18:00.000000000,BEST_ASK,"JPM,99734,380"
2019-06-28 11:18:00.000000000,LAST_TRADE,"1,$99634.0000"
2019-06-28 11:18:00.000000000,QUERY_SPREAD,86
2019-06-28 11:18:00.000000000,BEST_BID,"JPM,99634,338"
2019-06-28 11:18:00.000000000,BEST_ASK,"JPM,99734,380"
2019-06-28 11:18:00.000000000,LAST_TRADE,"6,$99634.0000"
2019-06-28 11:18:00.000000000,QUERY_SPREAD,87
2019-06-28 11:18:00.000000000,BEST_BID,"JPM,99634,335"
2019-06-28 11:18:00.000000000,BEST_ASK,"JPM,99734,380"
2019-06-28 11:18:00.000000000,LAST_TRADE,"3,$99634.0000"
2019-06-28 11:18:00.000000000,QUERY_SPREAD,88
2019-06-28 11:18:00.000000000,BEST_BID,"JPM,99634,331"
2019-06-28 11:18:00.000000000,BEST_ASK,"JPM,99734,380"
2019-06-28 11:18:00.000000000,LAST_TRADE,"4,$99634.0000"
2019-06-28 11:18:00.000000000,QUERY_SPREAD,89
2019-06-28 11:18:00.000000000,BEST_BID,"JPM,99634,327"
2019-06-28 11:18:00.000000000,BEST_ASK,"JPM,99734,380"
2019-06-28 11:18:00.000000000,LAST_TRADE,"4,$99634.0000"
2019-06-28 11:18:00.000000000,QUERY_SPREAD,90
2019-06-28 11:18:00.000000000,BEST_BID,"JPM,99634,320"
2019-06-28 11:18:00.000000000,BEST_ASK,"JPM,99734,380"
2019-06-28 11:18:00.000000000,LAST_TRADE,"7,$99634.0000"
2019-06-28 11:18:00.000000000,QUERY_SPREAD,91
2019-06-28 11:18:00.000000000,BEST_BID,"JPM,99634,312"
2019-06-28 11:18:00.000000000,BEST_ASK,"JPM,99734,380"
2019-06-28 11:18:00.000000000,LAST_TRADE,"8,$99634.0000"
2019-06-28 11:18:00.000000000,QUERY_SPREAD,92
2019-06-28 11:18:00.000000000,BEST_BID,"JPM,99634,307"
2019-06-28 11:18:00.000000000,BEST_ASK,"JPM,99734,380"
2019-06-28 11:18:00.000000000,LAST_TRADE,"5,$99634.0000"
2019-06-28 11:18:00.000000000,QUERY_SPREAD,93
2019-06-28 11:18:00.000000000,BEST_BID,"JPM,99634,304"
2019-06-28 11:18:00.000000000,BEST_ASK,"JPM,99734,380"
2019-06-28 11:18:00.000000000,LAST_TRADE,"3,$99634.0000"
2019-06-28 11:18:00.000000000,QUERY_SPREAD,94
2019-06-28 11:18:00.000000000,BEST_BID,"JPM,99634,300"
2019-06-28 11:18:00.000000000,BEST_ASK,"JPM,99734,380"
2019-06-28 11:18:00.000000000,LAST_TRADE,"4,$99634.0000"
2019-06-28 11:18:00.000000000,QUERY_SPREAD,95
2019-06-28 11:18:00.000000000,BEST_BID,"JPM,99634,295"
2019-06-28 11:18:00.000000000,BEST_ASK,"JPM,99734,380"
2019-06-28 11:18:00.000000000,LAST_TRADE,"5,$99634.0000"
2019-06-28 11:18:00.000000000,QUERY_SPREAD,96
2019-06-28 11:18:00.000000000,BEST_BID,"JPM,99634,294"
2019-06-28 11:18:00.000000000,BEST_ASK,"JPM,99734,380"
2019-06-28 11:18:00.000000000,LAST_TRADE,"1,$99634.0000"
2019-06-28 11:18:00.000000000,QUERY_SPREAD,97
2019-06-28 11:18:00.000000000,BEST_BID,"JPM,99634,287"
2019-06-28 11:18:00.000000000,BEST_ASK,"JPM,99734,380"
2019-06-28 11:18:00.000000000,LAST_TRADE,"7,$99634.0000"
2019-06-28 11:18:00.000000000,QUERY_SPREAD,98
2019-06-28 11:18:00.000000000,BEST_BID,"JPM,99634,281"
2019-06-28 11:18:00.000000000,BEST_ASK,"JPM,99734,380"
2019-06-28 11:18:00.000000000,LAST_TRADE,"6,$99634.0000"
2019-06-28 11:18:00.000000000,QUERY_SPREAD,99
2019-06-28 11:18:00.000000000,BEST_BID,"JPM,99634,276"
2019-06-28 11:18:00.000000000,BEST_ASK,"JPM,99734,380"
2019-06-28 11:18:00.000000000,LAST_TRADE,"5,$99634.0000"
2019-06-28 11:18:00.000000000,QUERY_SPREAD,100
2019-06-28 11:18:00.000000000,BEST_BID,"JPM,99634,269"
2019-06-28 11:18:00.000000000,BEST_ASK,"JPM,99734,380"
2019-06-28 11:18:00.000000000,LAST_TRADE,"7,$99634.0000"
2019-06-28 11:18:00.000000000,QUERY_SPREAD,101
2019-06-28 11:18:00.000000000,QUERY_ORDER_STREAM,101
2019-06-28 11:18:05.558634449,QUERY_SPREAD,23
2019-06-28 11:18:05.558634449,BEST_BID,"JPM,99634,269"
2019-06-28 11:18:05.558634449,BEST_ASK,"JPM,99734,380"
2019-06-28 11:18:09.396431993,QUERY_ORDER_STREAM,62
2019-06-28 11:18:09.396431993,QUERY_SPREAD,62
2019-06-28 11:18:10.000000000,QUERY_SPREAD,1
2019-06-28 11:18:10.000000000,BEST_BID,"JPM,99611,170"
2019-06-28 11:18:10.000000000,BEST_ASK,"JPM,99734,100"
2019-06-28 11:18:10.000000000,BEST_BID,"JPM,99611,170"
2019-06-28 11:18:10.000000000,BEST_ASK,"JPM,99734,100"
2019-06-28 11:18:10.000000000,BEST_BID,"JPM,99611,170"
2019-06-28 11:18:10.000000000,BEST_ASK,"JPM,99734,100"
2019-06-28 11:18:10.000000000,BEST_BID,"JPM,99611,170"
2019-06-28 11:18:10.000000000,BEST_ASK,"JPM,99734,100"
2019-06-28 11:18:10.000000000,BEST_BID,"JPM,99611,170"
2019-06-28 11:18:10.000000000,BEST_ASK,"JPM,99734,170"
2019-06-28 11:18:10.000000000,BEST_BID,"JPM,99611,170"
2019-06-28 11:18:10.000000000,BEST_ASK,"JPM,99734,170"
2019-06-28 11:18:10.000000000,BEST_BID,"JPM,99611,170"
2019-06-28 11:18:10.000000000,BEST_ASK,"JPM,99734,170"
2019-06-28 11:18:10.000000000,BEST_BID,"JPM,99611,170"
2019-06-28 11:18:10.000000000,BEST_ASK,"JPM,99734,170"
2019-06-28 11:18:11.752731179,QUERY_ORDER_STREAM,54
2019-06-28 11:18:11.752731179,QUERY_SPREAD,54
2019-06-28 11:18:13.294230574,QUERY_ORDER_STREAM,66
2019-06-28 11:18:13.294230574,QUERY_SPREAD,66
2019-06-28 11:18:13.294230574,BEST_BID,"JPM,99611,170"
2019-06-28 11:18:13.294230574,BEST_ASK,"JPM,99634,100"
2019-06-28 11:18:20.000000000,QUERY_SPREAD,1
2019-06-28 11:18:20.000000000,BEST_BID,"JPM,99611,380"
2019-06-28 11:18:20.000000000,BEST_ASK,"JPM,99634,100"
2019-06-28 11:18:20.000000000,BEST_BID,"JPM,99611,380"
2019-06-28 11:18:20.000000000,BEST_ASK,"JPM,99634,380"
2019-06-28 11:18:21.525708254,QUERY_ORDER_STREAM,65
2019-06-28 11:18:21.525708254,QUERY_SPREAD,65
2019-06-28 11:18:30.000000000,QUERY_SPREAD,1
2019-06-28 11:18:30.000000000,BEST_BID,"JPM,99611,380"
2019-06-28 11:18:30.000000000,BEST_ASK,"JPM,99634,100"
2019-06-28 11:18:30.000000000,BEST_BID,"JPM,99611,380"
2019-06-28 11:18:30.000000000,BEST_ASK,"JPM,99634,380"
2019-06-28 11:18:40.000000000,QUERY_SPREAD,1
2019-06-28 11:18:40.000000000,BEST_BID,"JPM,99611,156"
2019-06-28 11:18:40.000000000,BEST_ASK,"JPM,99634,100"
2019-06-28 11:18:40.000000000,BEST_BID,"JPM,99611,156"
2019-06-28 11:18:40.000000000,BEST_ASK,"JPM,99634,100"
2019-06-28 11:18:40.000000000,BEST_BID,"JPM,99611,156"
2019-06-28 11:18:40.000000000,BEST_ASK,"JPM,99634,100"
2019-06-28 11:18:40.000000000,BEST_BID,"JPM,99611,156"
2019-06-28 11:18:40.000000000,BEST_ASK,"JPM,99634,100"
2019-06-28 11:18:40.000000000,BEST_BID,"JPM,99611,156"
2019-06-28 11:18:40.000000000,BEST_ASK,"JPM,99634,100"
2019-06-28 11:18:40.000000000,BEST_BID,"JPM,99611,156"
2019-06-28 11:18:40.000000000,BEST_ASK,"JPM,99634,156"
2019-06-28 11:18:40.000000000,BEST_BID,"JPM,99611,156"
2019-06-28 11:18:40.000000000,BEST_ASK,"JPM,99634,156"
2019-06-28 11:18:40.000000000,BEST_BID,"JPM,99611,156"
2019-06-28 11:18:40.000000000,BEST_ASK,"JPM,99634,156"
2019-06-28 11:18:40.000000000,BEST_BID,"JPM,99611,156"
2019-06-28 11:18:40.000000000,BEST_ASK,"JPM,99634,156"
2019-06-28 11:18:40.000000000,BEST_BID,"JPM,99611,156"
2019-06-28 11:18:40.000000000,BEST_ASK,"JPM,99634,156"
2019-06-28 11:18:40.181909120,QUERY_SPREAD,51
2019-06-28 11:18:40.181909120,BEST_BID,"JPM,99611,56"
2019-06-28 11:18:40.181909120,BEST_ASK,"JPM,99634,156"
2019-06-28 11:18:40.181909120,LAST_TRADE,"100,$99611.0000"
2019-06-28 11:18:50.000000000,QUERY_SPREAD,1
2019-06-28 11:18:50.000000000,BEST_BID,"JPM,99545,380"
2019-06-28 11:18:50.000000000,BEST_ASK,"JPM,99634,100"
2019-06-28 11:18:50.000000000,BEST_BID,"JPM,99545,380"
2019-06-28 11:18:50.000000000,BEST_ASK,"JPM,99634,380"
2019-06-28 11:18:51.053922020,QUERY_SPREAD,51
2019-06-28 11:18:51.053922020,BEST_BID,"JPM,99545,280"
2019-06-28 11:18:51.053922020,BEST_ASK,"JPM,99634,380"
2019-06-28 11:18:51.053922020,LAST_TRADE,"100,$99545.0000"
2019-06-28 11:19:00.000000000,QUERY_SPREAD,1
2019-06-28 11:19:00.000000000,BEST_BID,"JPM,99541,156"
2019-06-28 11:19:00.000000000,BEST_ASK,"JPM,99634,100"
2019-06-28 11:19:00.000000000,BEST_BID,"JPM,99541,156"
2019-06-28 11:19:00.000000000,BEST_ASK,"JPM,99634,100"
2019-06-28 11:19:00.000000000,BEST_BID,"JPM,99541,156"
2019-06-28 11:19:00.000000000,BEST_ASK,"JPM,99634,100"
2019-06-28 11:19:00.000000000,BEST_BID,"JPM,99541,156"
2019-06-28 11:19:00.000000000,BEST_ASK,"JPM,99634,100"
2019-06-28 11:19:00.000000000,BEST_BID,"JPM,99541,156"
2019-06-28 11:19:00.000000000,BEST_ASK,"JPM,99634,100"
2019-06-28 11:19:00.000000000,BEST_BID,"JPM,99541,156"
2019-06-28 11:19:00.000000000,BEST_ASK,"JPM,99634,156"
2019-06-28 11:19:00.000000000,BEST_BID,"JPM,99541,156"
2019-06-28 11:19:00.000000000,BEST_ASK,"JPM,99634,156"
2019-06-28 11:19:00.000000000,BEST_BID,"JPM,99541,156"
2019-06-28 11:19:00.000000000,BEST_ASK,"JPM,99634,156"
2019-06-28 11:19:00.000000000,BEST_BID,"JPM,99541,156"
2019-06-28 11:19:00.000000000,BEST_ASK,"JPM,99634,156"
2019-06-28 11:19:00.000000000,BEST_BID,"JPM,99541,156"
2019-06-28 11:19:00.000000000,BEST_ASK,"JPM,99634,156"
2019-06-28 11:19:00.000000000,QUERY_SPREAD,77
2019-06-28 11:19:00.000000000,BEST_BID,"JPM,99541,155"
2019-06-28 11:19:00.000000000,BEST_ASK,"JPM,99634,156"
2019-06-28 11:19:00.000000000,LAST_TRADE,"1,$99541.0000"
2019-06-28 11:19:00.000000000,QUERY_SPREAD,78
2019-06-28 11:19:00.000000000,BEST_BID,"JPM,99541,151"
2019-06-28 11:19:00.000000000,BEST_ASK,"JPM,99634,156"
2019-06-28 11:19:00.000000000,LAST_TRADE,"4,$99541.0000"
2019-06-28 11:19:00.000000000,QUERY_SPREAD,79
2019-06-28 11:19:00.000000000,BEST_BID,"JPM,99541,145"
2019-06-28 11:19:00.000000000,BEST_ASK,"JPM,99634,156"
2019-06-28 11:19:00.000000000,LAST_TRADE,"6,$99541.0000"
2019-06-28 11:19:00.000000000,QUERY_SPREAD,80
2019-06-28 11:19:00.000000000,BEST_BID,"JPM,99541,140"
2019-06-28 11:19:00.000000000,BEST_ASK,"JPM,99634,156"
2019-06-28 11:19:00.000000000,LAST_TRADE,"5,$99541.0000"
2019-06-28 11:19:00.000000000,QUERY_SPREAD,81
2019-06-28 11:19:00.000000000,BEST_BID,"JPM,99541,132"
2019-06-28 11:19:00.000000000,BEST_ASK,"JPM,99634,156"
2019-06-28 11:19:00.000000000,LAST_TRADE,"8,$99541.0000"
2019-06-28 11:19:00.000000000,QUERY_SPREAD,82
2019-06-28 11:19:00.000000000,BEST_BID,"JPM,99541,124"
2019-06-28 11:19:00.000000000,BEST_ASK,"JPM,99634,156"
2019-06-28 11:19:00.000000000,LAST_TRADE,"8,$99541.0000"
2019-06-28 11:19:00.000000000,QUERY_SPREAD,83
2019-06-28 11:19:00.000000000,BEST_BID,"JPM,99541,122"
2019-06-28 11:19:00.000000000,BEST_ASK,"JPM,99634,156"
2019-06-28 11:19:00.000000000,LAST_TRADE,"2,$99541.0000"
2019-06-28 11:19:00.000000000,QUERY_SPREAD,84
2019-06-28 11:19:00.000000000,BEST_BID,"JPM,99541,121"
2019-06-28 11:19:00.000000000,BEST_ASK,"JPM,99634,156"
2019-06-28 11:19:00.000000000,LAST_TRADE,"1,$99541.0000"
2019-06-28 11:19:00.000000000,QUERY_SPREAD,85
2019-06-28 11:19:00.000000000,BEST_BID,"JPM,99541,120"
2019-06-28 11:19:00.000000000,BEST_ASK,"JPM,99634,156"
2019-06-28 11:19:00.000000000,LAST_TRADE,"1,$99541.0000"
2019-06-28 11:19:00.000000000,QUERY_SPREAD,86
2019-06-28 11:19:00.000000000,BEST_BID,"JPM,99541,114"
2019-06-28 11:19:00.000000000,BEST_ASK,"JPM,99634,156"
2019-06-28 11:19:00.000000000,LAST_TRADE,"6,$99541.0000"
2019-06-28 11:19:00.000000000,QUERY_SPREAD,87
2019-06-28 11:19:00.000000000,BEST_BID,"JPM,99541,111"
2019-06-28 11:19:00.000000000,BEST_ASK,"JPM,99634,156"
2019-06-28 11:19:00.000000000,LAST_TRADE,"3,$99541.0000"
2019-06-28 11:19:00.000000000,QUERY_SPREAD,88
2019-06-28 11:19:00.000000000,BEST_BID,"JPM,99541,107"
2019-06-28 11:19:00.000000000,BEST_ASK,"JPM,99634,156"
2019-06-28 11:19:00.000000000,LAST_TRADE,"4,$99541.0000"
2019-06-28 11:19:00.000000000,QUERY_SPREAD,89
2019-06-28 11:19:00.000000000,BEST_BID,"JPM,99541,103"
2019-06-28 11:19:00.000000000,BEST_ASK,"JPM,99634,156"
2019-06-28 11:19:00.000000000,LAST_TRADE,"4,$99541.0000"
2019-06-28 11:19:00.000000000,QUERY_SPREAD,90
2019-06-28 11:19:00.000000000,BEST_BID,"JPM,99541,96"
2019-06-28 11:19:00.000000000,BEST_ASK,"JPM,99634,156"
2019-06-28 11:19:00.000000000,LAST_TRADE,"7,$99541.0000"
2019-06-28 11:19:00.000000000,QUERY_SPREAD,91
2019-06-28 11:19:00.000000000,BEST_BID,"JPM,99541,88"
2019-06-28 11:19:00.000000000,BEST_ASK,"JPM,99634,156"
2019-06-28 11:19:00.000000000,LAST_TRADE,"8,$99541.0000"
2019-06-28 11:19:00.000000000,QUERY_SPREAD,92
2019-06-28 11:19:00.000000000,BEST_BID,"JPM,99541,83"
2019-06-28 11:19:00.000000000,BEST_ASK,"JPM,99634,156"
2019-06-28 11:19:00.000000000,LAST_TRADE,"5,$99541.0000"
2019-06-28 11:19:00.000000000,QUERY_SPREAD,93
2019-06-28 11:19:00.000000000,BEST_BID,"JPM,99541,80"
2019-06-28 11:19:00.000000000,BEST_ASK,"JPM,99634,156"
2019-06-28 11:19:00.000000000,LAST_TRADE,"3,$99541.0000"
2019-06-28 11:19:00.000000000,QUERY_SPREAD,94
2019-06-28 11:19:00.000000000,BEST_BID,"JPM,99541,76"
2019-06-28 11:19:00.000000000,BEST_ASK,"JPM,99634,156"
2019-06-28 11:19:00.000000000,LAST_TRADE,"4,$99541.0000"
2019-06-28 11:19:00.000000000,QUERY_SPREAD,95
2019-06-28 11:19:00.000000000,BEST_BID,"JPM,99541,71"
2019-06-28 11:19:00.000000000,BEST_ASK,"JPM,99634,156"
2019-06-28 11:19:00.000000000,LAST_TRADE,"5,$99541.0000"
2019-06-28 11:19:00.000000000,QUERY_SPREAD,96
2019-06-28 11:19:00.000000000,BEST_BID,"JPM,99541,70"
2019-06-28 11:19:00.000000000,BEST_ASK,"JPM,99634,156"
2019-06-28 11:19:00.000000000,LAST_TRADE,"1,$99541.0000"
2019-06-28 11:19:00.000000000,QUERY_SPREAD,97
2019-06-28 11:19:00.000000000,BEST_BID,"JPM,99541,63"
2019-06-28 11:19:00.000000000,BEST_ASK,"JPM,99634,156"
2019-06-28 11:19:00.000000000,LAST_TRADE,"7,$99541.0000"
2019-06-28 11:19:00.000000000,QUERY_SPREAD,98
2019-06-28 11:19:00.000000000,BEST_BID,"JPM,99541,57"
2019-06-28 11:19:00.000000000,BEST_ASK,"JPM,99634,156"
2019-06-28 11:19:00.000000000,LAST_TRADE,"6,$99541.0000"
2019-06-28 11:19:00.000000000,QUERY_SPREAD,99
2019-06-28 11:19:00.000000000,BEST_BID,"JPM,99541,52"
2019-06-28 11:19:00.000000000,BEST_ASK,"JPM,99634,156"
2019-06-28 11:19:00.000000000,LAST_TRADE,"5,$99541.0000"
2019-06-28 11:19:00.000000000,QUERY_SPREAD,100
2019-06-28 11:19:00.000000000,BEST_BID,"JPM,99541,45"
2019-06-28 11:19:00.000000000,BEST_ASK,"JPM,99634,156"
2019-06-28 11:19:00.000000000,LAST_TRADE,"7,$99541.0000"
2019-06-28 11:19:00.000000000,QUERY_SPREAD,101
2019-06-28 11:19:00.000000000,QUERY_ORDER_STREAM,101
2019-06-28 11:19:00.000000000,BEST_BID,"JPM,99541,46"
2019-06-28 11:19:00.000000000,BEST_ASK,"JPM,99634,156"
2019-06-28 11:19:10.000000000,QUERY_SPREAD,1
2019-06-28 11:19:10.000000000,BEST_BID,"JPM,99541,96"
2019-06-28 11:19:10.000000000,BEST_ASK,"JPM,99634,100"
2019-06-28 11:19:10.000000000,BEST_BID,"JPM,99541,96"
2019-06-28 11:19:10.000000000,BEST_ASK,"JPM,99634,100"
2019-06-28 11:19:10.000000000,BEST_BID,"JPM,99541,96"
2019-06-28 11:19:10.000000000,BEST_ASK,"JPM,99634,100"
2019-06-28 11:19:10.000000000,BEST_BID,"JPM,99541,96"
2019-06-28 11:19:10.000000000,BEST_ASK,"JPM,99634,195"
2019-06-28 11:19:10.000000000,BEST_BID,"JPM,99541,96"
2019-06-28 11:19:10.000000000,BEST_ASK,"JPM,99634,195"
2019-06-28 11:19:10.000000000,BEST_BID,"JPM,99541,96"
2019-06-28 11:19:10.000000000,BEST_ASK,"JPM,99634,195"
2019-06-28 11:19:15.836024713,QUERY_SPREAD,43
2019-06-28 11:19:15.836024713,BEST_BID,"JPM,99512,192"
2019-06-28 11:19:15.836024713,BEST_ASK,"JPM,99541,4"
2019-06-28 11:19:15.836024713,LAST_TRADE,"96,$99541.0000"
2019-06-28 11:19:20.000000000,QUERY_SPREAD,1
2019-06-28 11:19:20.000000000,BEST_BID,"JPM,99512,240"
2019-06-28 11:19:20.000000000,BEST_ASK,"JPM,99541,4"
2019-06-28 11:19:20.000000000,BEST_BID,"JPM,99512,240"
2019-06-28 11:19:20.000000000,BEST_ASK,"JPM,99541,4"
2019-06-28 11:19:20.000000000,BEST_BID,"JPM,99512,240"
2019-06-28 11:19:20.000000000,BEST_ASK,"JPM,99541,144"
2019-06-28 11:19:20.000000000,BEST_BID,"JPM,99512,240"
2019-06-28 11:19:20.000000000,BEST_ASK,"JPM,99541,144"
2019-06-28 11:19:26.791129914,QUERY_SPREAD,9
2019-06-28 11:19:26.791129914,BEST_BID,"JPM,99512,240"
2019-06-28 11:19:26.791129914,BEST_ASK,"JPM,99541,144"
2019-06-28 11:19:27.324051225,QUERY_SPREAD,49
2019-06-28 11:19:27.324051225,BEST_BID,"JPM,99512,240"
2019-06-28 11:19:27.324051225,BEST_ASK,"JPM,99541,144"
2019-06-28 11:19:30.000000000,QUERY_SPREAD,1
2019-06-28 11:19:30.000000000,BEST_BID,"JPM,99512,156"
2019-06-28 11:19:30.000000000,BEST_ASK,"JPM,99541,4"
2019-06-28 11:19:30.000000000,BEST_BID,"JPM,99512,156"
2019-06-28 11:19:30.000000000,BEST_ASK,"JPM,99541,4"
2019-06-28 11:19:30.000000000,BEST_BID,"JPM,99512,156"
2019-06-28 11:19:30.000000000,BEST_ASK,"JPM,99541,4"
2019-06-28 11:19:30.000000000,BEST_BID,"JPM,99512,156"
2019-06-28 11:19:30.000000000,BEST_ASK,"JPM,99541,4"
2019-06-28 11:19:30.000000000,BEST_BID,"JPM,99512,156"
2019-06-28 11:19:30.000000000,BEST_ASK,"JPM,99541,4"
2019-06-28 11:19:30.000000000,BEST_BID,"JPM,99512,156"
2019-06-28 11:19:30.000000000,BEST_ASK,"JPM,99541,60"
2019-06-28 11:19:30.000000000,BEST_BID,"JPM,99512,156"
2019-06-28 11:19:30.000000000,BEST_ASK,"JPM,99541,60"
2019-06-28 11:19:30.000000000,BEST_BID,"JPM,99512,156"
2019-06-28 11:19:30.000000000,BEST_ASK,"JPM,99541,60"
2019-06-28 11:19:30.000000000,BEST_BID,"JPM,99512,156"
2019-06-28 11:19:30.000000000,BEST_ASK,"JPM,99541,60"
2019-06-28 11:19:30.000000000,BEST_BID,"JPM,99512,156"
2019-06-28 11:19:30.000000000,BEST_ASK,"JPM,99541,60"
2019-06-28 11:19:40.000000000,QUERY_SPREAD,1
2019-06-28 11:19:40.000000000,BEST_BID,"JPM,99512,380"
2019-06-28 11:19:40.000000000,BEST_ASK,"JPM,99541,4"
2019-06-28 11:19:40.000000000,BEST_BID,"JPM,99512,380"
2019-06-28 11:19:40.000000000,BEST_ASK,"JPM,99541,284"
2019-06-28 11:19:40.969546139,QUERY_SPREAD,2
2019-06-28 11:19:40.969546139,BEST_BID,"JPM,99512,380"
2019-06-28 11:19:40.969546139,BEST_ASK,"JPM,99541,284"
2019-06-28 11:19:50.000000000,QUERY_SPREAD,1
2019-06-28 11:19:50.000000000,BEST_BID,"JPM,99512,240"
2019-06-28 11:19:50.000000000,BEST_ASK,"JPM,99541,4"
2019-06-28 11:19:50.000000000,BEST_BID,"JPM,99512,240"
2019-06-28 11:19:50.000000000,BEST_ASK,"JPM,99541,4"
2019-06-28 11:19:50.000000000,BEST_BID,"JPM,99512,240"
2019-06-28 11:19:50.000000000,BEST_ASK,"JPM,99541,144"
2019-06-28 11:19:50.000000000,BEST_BID,"JPM,99512,240"
2019-06-28 11:19:50.000000000,BEST_ASK,"JPM,99541,144"
2019-06-28 11:19:50.353185024,QUERY_ORDER_STREAM,73
2019-06-28 11:19:50.353185024,QUERY_SPREAD,73
2019-06-28 11:19:50.353185024,BEST_BID,"JPM,99512,240"
2019-06-28 11:19:50.353185024,BEST_ASK,"JPM,99541,44"
2019-06-28 11:19:50.353185024,LAST_TRADE,"100,$99541.0000"
2019-06-28 11:19:53.153437606,QUERY_SPREAD,48
2019-06-28 11:19:53.153437606,BEST_BID,"JPM,99512,240"
2019-06-28 11:19:53.153437606,BEST_ASK,"JPM,99541,44"
2019-06-28 11:19:56.288127414,QUERY_SPREAD,29
2019-06-28 11:19:56.288127414,BEST_BID,"JPM,99512,240"
2019-06-28 11:19:56.288127414,BEST_ASK,"JPM,99541,44"
2019-06-28 11:20:00.000000000,QUERY_SPREAD,1
2019-06-28 11:20:00.000000000,BEST_BID,"JPM,99512,380"
2019-06-28 11:20:00.000000000,BEST_ASK,"JPM,99622,100"
2019-06-28 11:20:00.000000000,BEST_BID,"JPM,99512,380"
2019-06-28 11:20:00.000000000,BEST_ASK,"JPM,99622,380"
2019-06-28 11:20:00.000000000,QUERY_SPREAD,77
2019-06-28 11:20:00.000000000,BEST_BID,"JPM,99512,379"
2019-06-28 11:20:00.000000000,BEST_ASK,"JPM,99622,380"
2019-06-28 11:20:00.000000000,LAST_TRADE,"1,$99512.0000"
2019-06-28 11:20:00.000000000,QUERY_SPREAD,78
2019-06-28 11:20:00.000000000,BEST_BID,"JPM,99512,375"
2019-06-28 11:20:00.000000000,BEST_ASK,"JPM,99622,380"
2019-06-28 11:20:00.000000000,LAST_TRADE,"4,$99512.0000"
2019-06-28 11:20:00.000000000,QUERY_SPREAD,79
2019-06-28 11:20:00.000000000,BEST_BID,"JPM,99512,369"
2019-06-28 11:20:00.000000000,BEST_ASK,"JPM,99622,380"
2019-06-28 11:20:00.000000000,LAST_TRADE,"6,$99512.0000"
2019-06-28 11:20:00.000000000,QUERY_SPREAD,80
2019-06-28 11:20:00.000000000,BEST_BID,"JPM,99512,364"
2019-06-28 11:20:00.000000000,BEST_ASK,"JPM,99622,380"
2019-06-28 11:20:00.000000000,LAST_TRADE,"5,$99512.0000"
2019-06-28 11:20:00.000000000,QUERY_SPREAD,81
2019-06-28 11:20:00.000000000,BEST_BID,"JPM,99512,356"
2019-06-28 11:20:00.000000000,BEST_ASK,"JPM,99622,380"
2019-06-28 11:20:00.000000000,LAST_TRADE,"8,$99512.0000"
2019-06-28 11:20:00.000000000,QUERY_SPREAD,82
2019-06-28 11:20:00.000000000,BEST_BID,"JPM,99512,348"
2019-06-28 11:20:00.000000000,BEST_ASK,"JPM,99622,380"
2019-06-28 11:20:00.000000000,LAST_TRADE,"8,$99512.0000"
2019-06-28 11:20:00.000000000,QUERY_SPREAD,83
2019-06-28 11:20:00.000000000,BEST_BID,"JPM,99512,346"
2019-06-28 11:20:00.000000000,BEST_ASK,"JPM,99622,380"
2019-06-28 11:20:00.000000000,LAST_TRADE,"2,$99512.0000"
2019-06-28 11:20:00.000000000,QUERY_SPREAD,84
2019-06-28 11:20:00.000000000,BEST_BID,"JPM,99512,345"
2019-06-28 11:20:00.000000000,BEST_ASK,"JPM,99622,380"
2019-06-28 11:20:00.000000000,LAST_TRADE,"1,$99512.0000"
2019-06-28 11:20:00.000000000,QUERY_SPREAD,85
2019-06-28 11:20:00.000000000,BEST_BID,"JPM,99512,344"
2019-06-28 11:20:00.000000000,BEST_ASK,"JPM,99622,380"
2019-06-28 11:20:00.000000000,LAST_TRADE,"1,$99512.0000"
2019-06-28 11:20:00.000000000,QUERY_SPREAD,86
2019-06-28 11:20:00.000000000,BEST_BID,"JPM,99512,338"
2019-06-28 11:20:00.000000000,BEST_ASK,"JPM,99622,380"
2019-06-28 11:20:00.000000000,LAST_TRADE,"6,$99512.0000"
2019-06-28 11:20:00.000000000,QUERY_SPREAD,87
2019-06-28 11:20:00.000000000,BEST_BID,"JPM,99512,335"
2019-06-28 11:20:00.000000000,BEST_ASK,"JPM,99622,380"
2019-06-28 11:20:00.000000000,LAST_TRADE,"3,$99512.0000"
2019-06-28 11:20:00.000000000,QUERY_SPREAD,88
2019-06-28 11:20:00.000000000,BEST_BID,"JPM,99512,331"
2019-06-28 11:20:00.000000000,BEST_ASK,"JPM,99622,380"
2019-06-28 11:20:00.000000000,LAST_TRADE,"4,$99512.0000"
2019-06-28 11:20:00.000000000,QUERY_SPREAD,89
2019-06-28 11:20:00.000000000,BEST_BID,"JPM,99512,327"
2019-06-28 11:20:00.000000000,BEST_ASK,"JPM,99622,380"
2019-06-28 11:20:00.000000000,LAST_TRADE,"4,$99512.0000"
2019-06-28 11:20:00.000000000,QUERY_SPREAD,90
2019-06-28 11:20:00.000000000,BEST_BID,"JPM,99512,320"
2019-06-28 11:20:00.000000000,BEST_ASK,"JPM,99622,380"
2019-06-28 11:20:00.000000000,LAST_TRADE,"7,$99512.0000"
2019-06-28 11:20:00.000000000,QUERY_SPREAD,91
2019-06-28 11:20:00.000000000,BEST_BID,"JPM,99512,312"
2019-06-28 11:20:00.000000000,BEST_ASK,"JPM,99622,380"
2019-06-28 11:20:00.000000000,LAST_TRADE,"8,$99512.0000"
2019-06-28 11:20:00.000000000,QUERY_SPREAD,92
2019-06-28 11:20:00.000000000,BEST_BID,"JPM,99512,307"
2019-06-28 11:20:00.000000000,BEST_ASK,"JPM,99622,380"
2019-06-28 11:20:00.000000000,LAST_TRADE,"5,$99512.0000"
2019-06-28 11:20:00.000000000,QUERY_SPREAD,93
2019-06-28 11:20:00.000000000,BEST_BID,"JPM,99512,304"
2019-06-28 11:20:00.000000000,BEST_ASK,"JPM,99622,380"
2019-06-28 11:20:00.000000000,LAST_TRADE,"3,$99512.0000"
2019-06-28 11:20:00.000000000,QUERY_SPREAD,94
2019-06-28 11:20:00.000000000,BEST_BID,"JPM,99512,300"
2019-06-28 11:20:00.000000000,BEST_ASK,"JPM,99622,380"
2019-06-28 11:20:00.000000000,LAST_TRADE,"4,$99512.0000"
2019-06-28 11:20:00.000000000,QUERY_SPREAD,95
2019-06-28 11:20:00.000000000,BEST_BID,"JPM,99512,295"
2019-06-28 11:20:00.000000000,BEST_ASK,"JPM,99622,380"
2019-06-28 11:20:00.000000000,LAST_TRADE,"5,$99512.0000"
2019-06-28 11:20:00.000000000,QUERY_SPREAD,96
2019-06-28 11:20:00.000000000,BEST_BID,"JPM,99512,294"
2019-06-28 11:20:00.000000000,BEST_ASK,"JPM,99622,380"
2019-06-28 11:20:00.000000000,LAST_TRADE,"1,$99512.0000"
2019-06-28 11:20:00.000000000,QUERY_SPREAD,97
2019-06-28 11:20:00.000000000,BEST_BID,"JPM,99512,287"
2019-06-28 11:20:00.000000000,BEST_ASK,"JPM,99622,380"
2019-06-28 11:20:00.000000000,LAST_TRADE,"7,$99512.0000"
2019-06-28 11:20:00.000000000,QUERY_SPREAD,98
2019-06-28 11:20:00.000000000,BEST_BID,"JPM,99512,281"
2019-06-28 11:20:00.000000000,BEST_ASK,"JPM,99622,380"
2019-06-28 11:20:00.000000000,LAST_TRADE,"6,$99512.0000"
2019-06-28 11:20:00.000000000,QUERY_SPREAD,99
2019-06-28 11:20:00.000000000,BEST_BID,"JPM,99512,276"
2019-06-28 11:20:00.000000000,BEST_ASK,"JPM,99622,380"
2019-06-28 11:20:00.000000000,LAST_TRADE,"5,$99512.0000"
2019-06-28 11:20:00.000000000,QUERY_SPREAD,100
2019-06-28 11:20:00.000000000,BEST_BID,"JPM,99512,269"
2019-06-28 11:20:00.000000000,BEST_ASK,"JPM,99622,380"
2019-06-28 11:20:00.000000000,LAST_TRADE,"7,$99512.0000"
2019-06-28 11:20:00.000000000,QUERY_SPREAD,101
2019-06-28 11:20:00.000000000,QUERY_ORDER_STREAM,101
2019-06-28 11:20:00.000000000,BEST_BID,"JPM,99512,270"
2019-06-28 11:20:00.000000000,BEST_ASK,"JPM,99622,380"
2019-06-28 11:20:00.438219104,QUERY_SPREAD,47
2019-06-28 11:20:00.438219104,BEST_BID,"JPM,99512,270"
2019-06-28 11:20:00.438219104,BEST_ASK,"JPM,99622,280"
2019-06-28 11:20:00.438219104,LAST_TRADE,"100,$99622.0000"
2019-06-28 11:20:10.000000000,QUERY_SPREAD,1
2019-06-28 11:20:10.000000000,BEST_BID,"JPM,99512,71"
2019-06-28 11:20:10.000000000,BEST_ASK,"JPM,99634,100"
2019-06-28 11:20:10.000000000,BEST_BID,"JPM,99512,71"
2019-06-28 11:20:10.000000000,BEST_ASK,"JPM,99634,100"
2019-06-28 11:20:10.000000000,BEST_BID,"JPM,99512,71"
2019-06-28 11:20:10.000000000,BEST_ASK,"JPM,99634,100"
2019-06-28 11:20:10.000000000,BEST_BID,"JPM,99512,71"
2019-06-28 11:20:10.000000000,BEST_ASK,"JPM,99634,100"
2019-06-28 11:20:10.000000000,BEST_BID,"JPM,99512,71"
2019-06-28 11:20:10.000000000,BEST_ASK,"JPM,99634,170"
2019-06-28 11:20:10.000000000,BEST_BID,"JPM,99512,71"
2019-06-28 11:20:10.000000000,BEST_ASK,"JPM,99634,170"
2019-06-28 11:20:10.000000000,BEST_BID,"JPM,99512,71"
2019-06-28 11:20:10.000000000,BEST_ASK,"JPM,99634,170"
2019-06-28 11:20:10.000000000,BEST_BID,"JPM,99512,71"
2019-06-28 11:20:10.000000000,BEST_ASK,"JPM,99634,170"
2019-06-28 11:20:20.000000000,QUERY_SPREAD,1
2019-06-28 11:20:20.000000000,BEST_BID,"JPM,99512,71"
2019-06-28 11:20:20.000000000,BEST_ASK,"JPM,99634,100"
2019-06-28 11:20:20.000000000,BEST_BID,"JPM,99512,71"
2019-06-28 11:20:20.000000000,BEST_ASK,"JPM,99634,100"
2019-06-28 11:20:20.000000000,BEST_BID,"JPM,99512,71"
2019-06-28 11:20:20.000000000,BEST_ASK,"JPM,99634,100"
2019-06-28 11:20:20.000000000,BEST_BID,"JPM,99512,71"
2019-06-28 11:20:20.000000000,BEST_ASK,"JPM,99634,100"
2019-06-28 11:20:20.000000000,BEST_BID,"JPM,99512,71"
2019-06-28 11:20:20.000000000,BEST_ASK,"JPM,99634,170"
2019-06-28 11:20:20.000000000,BEST_BID,"JPM,99512,71"
2019-06-28 11:20:20.000000000,BEST_ASK,"JPM,99634,170"
2019-06-28 11:20:20.000000000,BEST_BID,"JPM,99512,71"
2019-06-28 11:20:20.000000000,BEST_ASK,"JPM,99634,170"
2019-06-28 11:20:20.000000000,BEST_BID,"JPM,99512,71"
2019-06-28 11:20:20.000000000,BEST_ASK,"JPM,99634,170"
2019-06-28 11:20:29.409929630,QUERY_ORDER_STREAM,60
2019-06-28 11:20:29.409929630,QUERY_SPREAD,60
2019-06-28 11:20:29.409929630,BEST_BID,"JPM,99513,100"
2019-06-28 11:20:29.409929630,BEST_ASK,"JPM,99634,170"
2019-06-28 11:20:30.000000000,QUERY_SPREAD,1
2019-06-28 11:20:30.000000000,BEST_BID,"JPM,99513,380"
2019-06-28 11:20:30.000000000,BEST_ASK,"JPM,99634,100"
2019-06-28 11:20:30.000000000,BEST_BID,"JPM,99513,380"
2019-06-28 11:20:30.000000000,BEST_ASK,"JPM,99634,380"
2019-06-28 11:20:40.000000000,QUERY_SPREAD,1
2019-06-28 11:20:40.000000000,BEST_BID,"JPM,99513,380"
2019-06-28 11:20:40.000000000,BEST_ASK,"JPM,99634,100"
2019-06-28 11:20:40.000000000,BEST_BID,"JPM,99513,380"
2019-06-28 11:20:40.000000000,BEST_ASK,"JPM,99634,380"
2019-06-28 11:20:50.000000000,QUERY_SPREAD,1
2019-06-28 11:20:50.000000000,BEST_BID,"JPM,99513,240"
2019-06-28 11:20:50.000000000,BEST_ASK,"JPM,99634,100"
2019-06-28 11:20:50.000000000,BEST_BID,"JPM,99513,240"
2019-06-28 11:20:50.000000000,BEST_ASK,"JPM,99634,100"
2019-06-28 11:20:50.000000000,BEST_BID,"JPM,99513,240"
2019-06-28 11:20:50.000000000,BEST_ASK,"JPM,99634,240"
2019-06-28 11:20:50.000000000,BEST_BID,"JPM,99513,240"
2019-06-28 11:20:50.000000000,BEST_ASK,"JPM,99634,240"
2019-06-28 11:20:58.155775977,QUERY_ORDER_STREAM,59
2019-06-28 11:20:58.155775977,QUERY_SPREAD,59
2019-06-28 11:21:00.000000000,QUERY_SPREAD,1
2019-06-28 11:21:00.000000000,BEST_BID,"JPM,99513,195"
2019-06-28 11:21:00.000000000,BEST_ASK,"JPM,99634,100"
2019-06-28 11:21:00.000000000,BEST_BID,"JPM,99513,195"
2019-06-28 11:21:00.000000000,BEST_ASK,"JPM,99634,100"
2019-06-28 11:21:00.000000000,BEST_BID,"JPM,99513,195"
2019-06-28 11:21:00.000000000,BEST_ASK,"JPM,99634,100"
2019-06-28 11:21:00.000000000,BEST_BID,"JPM,99513,195"
2019-06-28 11:21:00.000000000,BEST_ASK,"JPM,99634,195"
2019-06-28 11:21:00.000000000,BEST_BID,"JPM,99513,195"
2019-06-28 11:21:00.000000000,BEST_ASK,"JPM,99634,195"
2019-06-28 11:21:00.000000000,BEST_BID,"JPM,99513,195"
2019-06-28 11:21:00.000000000,BEST_ASK,"JPM,99634,195"
2019-06-28 11:21:00.000000000,QUERY_SPREAD,77
2019-06-28 11:21:00.000000000,BEST_BID,"JPM,99513,194"
2019-06-28 11:21:00.000000000,BEST_ASK,"JPM,99634,195"
2019-06-28 11:21:00.000000000,LAST_TRADE,"1,$99513.0000"
2019-06-28 11:21:00.000000000,QUERY_SPREAD,78
2019-06-28 11:21:00.000000000,BEST_BID,"JPM,99513,190"
2019-06-28 11:21:00.000000000,BEST_ASK,"JPM,99634,195"
2019-06-28 11:21:00.000000000,LAST_TRADE,"4,$99513.0000"
2019-06-28 11:21:00.000000000,QUERY_SPREAD,79
2019-06-28 11:21:00.000000000,BEST_BID,"JPM,99513,184"
2019-06-28 11:21:00.000000000,BEST_ASK,"JPM,99634,195"
2019-06-28 11:21:00.000000000,LAST_TRADE,"6,$99513.0000"
2019-06-28 11:21:00.000000000,QUERY_SPREAD,80
2019-06-28 11:21:00.000000000,BEST_BID,"JPM,99513,179"
2019-06-28 11:21:00.000000000,BEST_ASK,"JPM,99634,195"
2019-06-28 11:21:00.000000000,LAST_TRADE,"5,$99513.0000"
2019-06-28 11:21:00.000000000,QUERY_SPREAD,81
2019-06-28 11:21:00.000000000,BEST_BID,"JPM,99513,171"
2019-06-28 11:21:00.000000000,BEST_ASK,"JPM,99634,195"
2019-06-28 11:21:00.000000000,LAST_TRADE,"8,$99513.0000"
2019-06-28 11:21:00.000000000,QUERY_SPREAD,82
2019-06-28 11:21:00.000000000,BEST_BID,"JPM,99513,163"
2019-06-28 11:21:00.000000000,BEST_ASK,"JPM,99634,195"
2019-06-28 11:21:00.000000000,LAST_TRADE,"8,$99513.0000"
2019-06-28 11:21:00.000000000,QUERY_SPREAD,83
2019-06-28 11:21:00.000000000,BEST_BID,"JPM,99513,161"
2019-06-28 11:21:00.000000000,BEST_ASK,"JPM,99634,195"
2019-06-28 11:21:00.000000000,LAST_TRADE,"2,$99513.0000"
2019-06-28 11:21:00.000000000,QUERY_SPREAD,84
2019-06-28 11:21:00.000000000,BEST_BID,"JPM,99513,160"
2019-06-28 11:21:00.000000000,BEST_ASK,"JPM,99634,195"
2019-06-28 11:21:00.000000000,LAST_TRADE,"1,$99513.0000"
2019-06-28 11:21:00.000000000,QUERY_SPREAD,85
2019-06-28 11:21:00.000000000,BEST_BID,"JPM,99513,159"
2019-06-28 11:21:00.000000000,BEST_ASK,"JPM,99634,195"
2019-06-28 11:21:00.000000000,LAST_TRADE,"1,$99513.0000"
2019-06-28 11:21:00.000000000,QUERY_SPREAD,86
2019-06-28 11:21:00.000000000,BEST_BID,"JPM,99513,153"
2019-06-28 11:21:00.000000000,BEST_ASK,"JPM,99634,195"
2019-06-28 11:21:00.000000000,LAST_TRADE,"6,$99513.0000"
2019-06-28 11:21:00.000000000,QUERY_SPREAD,87
2019-06-28 11:21:00.000000000,BEST_BID,"JPM,99513,150"
2019-06-28 11:21:00.000000000,BEST_ASK,"JPM,99634,195"
2019-06-28 11:21:00.000000000,LAST_TRADE,"3,$99513.0000"
2019-06-28 11:21:00.000000000,QUERY_SPREAD,88
2019-06-28 11:21:00.000000000,BEST_BID,"JPM,99513,146"
2019-06-28 11:21:00.000000000,BEST_ASK,"JPM,99634,195"
2019-06-28 11:21:00.000000000,LAST_TRADE,"4,$99513.0000"
2019-06-28 11:21:00.000000000,QUERY_SPREAD,89
2019-06-28 11:21:00.000000000,BEST_BID,"JPM,99513,142"
2019-06-28 11:21:00.000000000,BEST_ASK,"JPM,99634,195"
2019-06-28 11:21:00.000000000,LAST_TRADE,"4,$99513.0000"
2019-06-28 11:21:00.000000000,QUERY_SPREAD,90
2019-06-28 11:21:00.000000000,BEST_BID,"JPM,99513,135"
2019-06-28 11:21:00.000000000,BEST_ASK,"JPM,99634,195"
2019-06-28 11:21:00.000000000,LAST_TRADE,"7,$99513.0000"
2019-06-28 11:21:00.000000000,QUERY_SPREAD,91
2019-06-28 11:21:00.000000000,BEST_BID,"JPM,99513,127"
2019-06-28 11:21:00.000000000,BEST_ASK,"JPM,99634,195"
2019-06-28 11:21:00.000000000,LAST_TRADE,"8,$99513.0000"
2019-06-28 11:21:00.000000000,QUERY_SPREAD,92
2019-06-28 11:21:00.000000000,BEST_BID,"JPM,99513,122"
2019-06-28 11:21:00.000000000,BEST_ASK,"JPM,99634,195"
2019-06-28 11:21:00.000000000,LAST_TRADE,"5,$99513.0000"
2019-06-28 11:21:00.000000000,QUERY_SPREAD,93
2019-06-28 11:21:00.000000000,BEST_BID,"JPM,99513,119"
2019-06-28 11:21:00.000000000,BEST_ASK,"JPM,99634,195"
2019-06-28 11:21:00.000000000,LAST_TRADE,"3,$99513.0000"
2019-06-28 11:21:00.000000000,QUERY_SPREAD,94
2019-06-28 11:21:00.000000000,BEST_BID,"JPM,99513,115"
2019-06-28 11:21:00.000000000,BEST_ASK,"JPM,99634,195"
2019-06-28 11:21:00.000000000,LAST_TRADE,"4,$99513.0000"
2019-06-28 11:21:00.000000000,QUERY_SPREAD,95
2019-06-28 11:21:00.000000000,BEST_BID,"JPM,99513,110"
2019-06-28 11:21:00.000000000,BEST_ASK,"JPM,99634,195"
2019-06-28 11:21:00.000000000,LAST_TRADE,"5,$99513.0000"
2019-06-28 11:21:00.000000000,QUERY_SPREAD,96
2019-06-28 11:21:00.000000000,BEST_BID,"JPM,99513,109"
2019-06-28 11:21:00.000000000,BEST_ASK,"JPM,99634,195"
2019-06-28 11:21:00.000000000,LAST_TRADE,"1,$99513.0000"
2019-06-28 11:21:00.000000000,QUERY_SPREAD,97
2019-06-28 11:21:00.000000000,BEST_BID,"JPM,99513,102"
2019-06-28 11:21:00.000000000,BEST_ASK,"JPM,99634,195"
2019-06-28 11:21:00.000000000,LAST_TRADE,"7,$99513.0000"
2019-06-28 11:21:00.000000000,QUERY_SPREAD,98
2019-06-28 11:21:00.000000000,BEST_BID,"JPM,99513,96"
2019-06-28 11:21:00.000000000,BEST_ASK,"JPM,99634,195"
2019-06-28 11:21:00.000000000,LAST_TRADE,"6,$99513.0000"
2019-06-28 11:21:00.000000000,QUERY_SPREAD,99
2019-06-28 11:21:00.000000000,BEST_BID,"JPM,99513,91"
2019-06-28 11:21:00.000000000,BEST_ASK,"JPM,99634,195"
2019-06-28 11:21:00.000000000,LAST_TRADE,"5,$99513.0000"
2019-06-28 11:21:00.000000000,QUERY_SPREAD,100
2019-06-28 11:21:00.000000000,BEST_BID,"JPM,99513,84"
2019-06-28 11:21:00.000000000,BEST_ASK,"JPM,99634,195"
2019-06-28 11:21:00.000000000,LAST_TRADE,"7,$99513.0000"
2019-06-28 11:21:00.000000000,QUERY_SPREAD,101
2019-06-28 11:21:00.000000000,QUERY_ORDER_STREAM,101
2019-06-28 11:21:00.000000000,BEST_BID,"JPM,99513,85"
2019-06-28 11:21:00.000000000,BEST_ASK,"JPM,99634,195"
2019-06-28 11:21:10.000000000,QUERY_SPREAD,1
2019-06-28 11:21:10.000000000,BEST_BID,"JPM,99513,71"
2019-06-28 11:21:10.000000000,BEST_ASK,"JPM,99634,100"
2019-06-28 11:21:10.000000000,BEST_BID,"JPM,99513,71"
2019-06-28 11:21:10.000000000,BEST_ASK,"JPM,99634,100"
2019-06-28 11:21:10.000000000,BEST_BID,"JPM,99513,71"
2019-06-28 11:21:10.000000000,BEST_ASK,"JPM,99634,100"
2019-06-28 11:21:10.000000000,BEST_BID,"JPM,99513,71"
2019-06-28 11:21:10.000000000,BEST_ASK,"JPM,99634,100"
2019-06-28 11:21:10.000000000,BEST_BID,"JPM,99513,71"
2019-06-28 11:21:10.000000000,BEST_ASK,"JPM,99634,170"
2019-06-28 11:21:10.000000000,BEST_BID,"JPM,99513,71"
2019-06-28 11:21:10.000000000,BEST_ASK,"JPM,99634,170"
2019-06-28 11:21:10.000000000,BEST_BID,"JPM,99513,71"
2019-06-28 11:21:10.000000000,BEST_ASK,"JPM,99634,170"
2019-06-28 11:21:10.000000000,BEST_BID,"JPM,99513,71"
2019-06-28 11:21:10.000000000,BEST_ASK,"JPM,99634,170"
2019-06-28 11:21:15.057770460,QUERY_SPREAD,8
2019-06-28 11:21:15.057770460,BEST_BID,"JPM,99513,71"
2019-06-28 11:21:15.057770460,BEST_ASK,"JPM,99634,170"
2019-06-28 11:21:18.703156344,QUERY_SPREAD,28
2019-06-28 11:21:18.703156344,BEST_BID,"JPM,99513,71"
2019-06-28 11:21:18.703156344,BEST_ASK,"JPM,99634,170"
2019-06-28 11:21:20.000000000,QUERY_SPREAD,1
2019-06-28 11:21:20.000000000,BEST_BID,"JPM,99513,57"
2019-06-28 11:21:20.000000000,BEST_ASK,"JPM,99634,100"
2019-06-28 11:21:20.000000000,BEST_BID,"JPM,99513,57"
2019-06-28 11:21:20.000000000,BEST_ASK,"JPM,99634,100"
2019-06-28 11:21:20.000000000,BEST_BID,"JPM,99513,57"
2019-06-28 11:21:20.000000000,BEST_ASK,"JPM,99634,100"
2019-06-28 11:21:20.000000000,BEST_BID,"JPM,99513,57"
2019-06-28 11:21:20.000000000,BEST_ASK,"JPM,99634,100"
2019-06-28 11:21:20.000000000,BEST_BID,"JPM,99513,57"
2019-06-28 11:21:20.000000000,BEST_ASK,"JPM,99634,100"
2019-06-28 11:21:20.000000000,BEST_BID,"JPM,99513,57"
2019-06-28 11:21:20.000000000,BEST_ASK,"JPM,99634,156"
2019-06-28 11:21:20.000000000,BEST_BID,"JPM,99513,57"
2019-06-28 11:21:20.000000000,BEST_ASK,"JPM,99634,156"
2019-06-28 11:21:20.000000000,BEST_BID,"JPM,99513,57"
2019-06-28 11:21:20.000000000,BEST_ASK,"JPM,99634,156"
2019-06-28 11:21:20.000000000,BEST_BID,"JPM,99513,57"
2019-06-28 11:21:20.000000000,BEST_ASK,"JPM,99634,156"
2019-06-28 11:21:20.000000000,BEST_BID,"JPM,99513,57"
2019-06-28 11:21:20.000000000,BEST_ASK,"JPM,99634,156"
2019-06-28 11:21:26.048327061,QUERY_ORDER_STREAM,60
2019-06-28 11:21:26.048327061,QUERY_SPREAD,60
2019-06-28 11:21:27.951579558,QUERY_ORDER_STREAM,70
2019-06-28 11:21:27.951579558,QUERY_SPREAD,70
2019-06-28 11:21:30.000000000,QUERY_SPREAD,1
2019-06-28 11:21:30.000000000,BEST_BID,"JPM,99513,281"
2019-06-28 11:21:30.000000000,BEST_ASK,"JPM,99634,100"
2019-06-28 11:21:30.000000000,BEST_BID,"JPM,99513,281"
2019-06-28 11:21:30.000000000,BEST_ASK,"JPM,99634,380"
2019-06-28 11:21:35.846679285,QUERY_ORDER_STREAM,55
2019-06-28 11:21:35.846679285,QUERY_SPREAD,55
2019-06-28 11:21:35.846679285,BEST_BID,"JPM,99513,181"
2019-06-28 11:21:35.846679285,BEST_ASK,"JPM,99634,380"
2019-06-28 11:21:35.846679285,LAST_TRADE,"100,$99513.0000"
2019-06-28 11:21:40.000000000,QUERY_SPREAD,1
2019-06-28 11:21:40.000000000,BEST_BID,"JPM,99512,71"
2019-06-28 11:21:40.000000000,BEST_ASK,"JPM,99634,100"
2019-06-28 11:21:40.000000000,BEST_BID,"JPM,99512,71"
2019-06-28 11:21:40.000000000,BEST_ASK,"JPM,99634,100"
2019-06-28 11:21:40.000000000,BEST_BID,"JPM,99512,71"
2019-06-28 11:21:40.000000000,BEST_ASK,"JPM,99634,100"
2019-06-28 11:21:40.000000000,BEST_BID,"JPM,99512,71"
2019-06-28 11:21:40.000000000,BEST_ASK,"JPM,99634,100"
2019-06-28 11:21:40.000000000,BEST_BID,"JPM,99512,71"
2019-06-28 11:21:40.000000000,BEST_ASK,"JPM,99634,170"
2019-06-28 11:21:40.000000000,BEST_BID,"JPM,99512,71"
2019-06-28 11:21:40.000000000,BEST_ASK,"JPM,99634,170"
2019-06-28 11:21:40.000000000,BEST_BID,"JPM,99512,71"
2019-06-28 11:21:40.000000000,BEST_ASK,"JPM,99634,170"
2019-06-28 11:21:40.000000000,BEST_BID,"JPM,99512,71"
2019-06-28 11:21:40.000000000,BEST_ASK,"JPM,99634,170"
2019-06-28 11:21:50.000000000,QUERY_SPREAD,1
2019-06-28 11:21:50.000000000,BEST_BID,"JPM,99512,96"
2019-06-28 11:21:50.000000000,BEST_ASK,"JPM,99634,100"
2019-06-28 11:21:50.000000000,BEST_BID,"JPM,99512,96"
2019-06-28 11:21:50.000000000,BEST_ASK,"JPM,99634,100"
2019-06-28 11:21:50.000000000,BEST_BID,"JPM,99512,96"
2019-06-28 11:21:50.000000000,BEST_ASK,"JPM,99634,100"
2019-06-28 11:21:50.000000000,BEST_BID,"JPM,99512,96"
2019-06-28 11:21:50.000000000,BEST_ASK,"JPM,99634,195"
2019-06-28 11:21:50.000000000,BEST_BID,"JPM,99512,96"
2019-06-28 11:21:50.000000000,BEST_ASK,"JPM,99634,195"
2019-06-28 11:21:50.000000000,BEST_BID,"JPM,99512,96"
2019-06-28 11:21:50.000000000,BEST_ASK,"JPM,99634,195"
2019-06-28 11:21:57.416624747,QUERY_SPREAD,43
2019-06-28 11:21:57.416624747,BEST_BID,"JPM,99512,96"
2019-06-28 11:21:57.416624747,BEST_ASK,"JPM,99634,195"
2019-06-28 11:22:00.000000000,QUERY_SPREAD,1
2019-06-28 11:22:00.000000000,BEST_BID,"JPM,99512,57"
2019-06-28 11:22:00.000000000,BEST_ASK,"JPM,99634,100"
2019-06-28 11:22:00.000000000,BEST_BID,"JPM,99512,57"
2019-06-28 11:22:00.000000000,BEST_ASK,"JPM,99634,100"
2019-06-28 11:22:00.000000000,BEST_BID,"JPM,99512,57"
2019-06-28 11:22:00.000000000,BEST_ASK,"JPM,99634,100"
2019-06-28 11:22:00.000000000,BEST_BID,"JPM,99512,57"
2019-06-28 11:22:00.000000000,BEST_ASK,"JPM,99634,100"
2019-06-28 11:22:00.000000000,BEST_BID,"JPM,99512,57"
2019-06-28 11:22:00.000000000,BEST_ASK,"JPM,99634,100"
2019-06-28 11:22:00.000000000,BEST_BID,"JPM,99512,57"
2019-06-28 11:22:00.000000000,BEST_ASK,"JPM,99634,156"
2019-06-28 11:22:00.000000000,BEST_BID,"JPM,99512,57"
2019-06-28 11:22:00.000000000,BEST_ASK,"JPM,99634,156"
2019-06-28 11:22:00.000000000,BEST_BID,"JPM,99512,57"
2019-06-28 11:22:00.000000000,BEST_ASK,"JPM,99634,156"
2019-06-28 11:22:00.000000000,BEST_BID,"JPM,99512,57"
2019-06-28 11:22:00.000000000,BEST_ASK,"JPM,99634,156"
2019-06-28 11:22:00.000000000,BEST_BID,"JPM,99512,57"
2019-06-28 11:22:00.000000000,BEST_ASK,"JPM,99634,156"
2019-06-28 11:22:00.000000000,QUERY_SPREAD,77
2019-06-28 11:22:00.000000000,BEST_BID,"JPM,99512,56"
2019-06-28 11:22:00.000000000,BEST_ASK,"JPM,99634,156"
2019-06-28 11:22:00.000000000,LAST_TRADE,"1,$99512.0000"
2019-06-28 11:22:00.000000000,QUERY_SPREAD,78
2019-06-28 11:22:00.000000000,BEST_BID,"JPM,99512,52"
2019-06-28 11:22:00.000000000,BEST_ASK,"JPM,99634,156"
2019-06-28 11:22:00.000000000,LAST_TRADE,"4,$99512.0000"
2019-06-28 11:22:00.000000000,QUERY_SPREAD,79
2019-06-28 11:22:00.000000000,BEST_BID,"JPM,99512,46"
2019-06-28 11:22:00.000000000,BEST_ASK,"JPM,99634,156"
2019-06-28 11:22:00.000000000,LAST_TRADE,"6,$99512.0000"
2019-06-28 11:22:00.000000000,QUERY_SPREAD,80
2019-06-28 11:22:00.000000000,BEST_BID,"JPM,99512,41"
2019-06-28 11:22:00.000000000,BEST_ASK,"JPM,99634,156"
2019-06-28 11:22:00.000000000,LAST_TRADE,"5,$99512.0000"
2019-06-28 11:22:00.000000000,QUERY_SPREAD,81
2019-06-28 11:22:00.000000000,BEST_BID,"JPM,99512,33"
2019-06-28 11:22:00.000000000,BEST_ASK,"JPM,99634,156"
2019-06-28 11:22:00.000000000,LAST_TRADE,"8,$99512.0000"
2019-06-28 11:22:00.000000000,QUERY_SPREAD,82
2019-06-28 11:22:00.000000000,BEST_BID,"JPM,99512,25"
2019-06-28 11:22:00.000000000,BEST_ASK,"JPM,99634,156"
2019-06-28 11:22:00.000000000,LAST_TRADE,"8,$99512.0000"
2019-06-28 11:22:00.000000000,QUERY_SPREAD,83
2019-06-28 11:22:00.000000000,BEST_BID,"JPM,99512,23"
2019-06-28 11:22:00.000000000,BEST_ASK,"JPM,99634,156"
2019-06-28 11:22:00.000000000,LAST_TRADE,"2,$99512.0000"
2019-06-28 11:22:00.000000000,QUERY_SPREAD,84
2019-06-28 11:22:00.000000000,BEST_BID,"JPM,99512,22"
2019-06-28 11:22:00.000000000,BEST_ASK,"JPM,99634,156"
2019-06-28 11:22:00.000000000,LAST_TRADE,"1,$99512.0000"
2019-06-28 11:22:00.000000000,QUERY_SPREAD,85
2019-06-28 11:22:00.000000000,BEST_BID,"JPM,99512,21"
2019-06-28 11:22:00.000000000,BEST_ASK,"JPM,99634,156"
2019-06-28 11:22:00.000000000,LAST_TRADE,"1,$99512.0000"
2019-06-28 11:22:00.000000000,QUERY_SPREAD,86
2019-06-28 11:22:00.000000000,BEST_BID,"JPM,99512,15"
2019-06-28 11:22:00.000000000,BEST_ASK,"JPM,99634,156"
2019-06-28 11:22:00.000000000,LAST_TRADE,"6,$99512.0000"
2019-06-28 11:22:00.000000000,QUERY_SPREAD,87
2019-06-28 11:22:00.000000000,BEST_BID,"JPM,99512,12"
2019-06-28 11:22:00.000000000,BEST_ASK,"JPM,99634,156"
2019-06-28 11:22:00.000000000,LAST_TRADE,"3,$99512.0000"
2019-06-28 11:22:00.000000000,QUERY_SPREAD,88
2019-06-28 11:22:00.000000000,BEST_BID,"JPM,99512,8"
2019-06-28 11:22:00.000000000,BEST_ASK,"JPM,99634,156"
2019-06-28 11:22:00.000000000,LAST_TRADE,"4,$99512.0000"
2019-06-28 11:22:00.000000000,QUERY_SPREAD,89
2019-06-28 11:22:00.000000000,BEST_BID,"JPM,99512,4"
2019-06-28 11:22:00.000000000,BEST_ASK,"JPM,99634,156"
2019-06-28 11:22:00.000000000,LAST_TRADE,"4,$99512.0000"
2019-06-28 11:22:00.000000000,QUERY_SPREAD,90
2019-06-28 11:22:00.000000000,BEST_BID,"JPM,99472,156"
2019-06-28 11:22:00.000000000,BEST_ASK,"JPM,99512,3"
2019-06-28 11:22:00.000000000,LAST_TRADE,"4,$99512.0000"
2019-06-28 11:22:00.000000000,QUERY_SPREAD,91
2019-06-28 11:22:00.000000000,BEST_BID,"JPM,99472,148"
2019-06-28 11:22:00.000000000,BEST_ASK,"JPM,99512,3"
2019-06-28 11:22:00.000000000,LAST_TRADE,"8,$99472.0000"
2019-06-28 11:22:00.000000000,QUERY_SPREAD,92
2019-06-28 11:22:00.000000000,BEST_BID,"JPM,99472,143"
2019-06-28 11:22:00.000000000,BEST_ASK,"JPM,99512,3"
2019-06-28 11:22:00.000000000,LAST_TRADE,"5,$99472.0000"
2019-06-28 11:22:00.000000000,QUERY_SPREAD,93
2019-06-28 11:22:00.000000000,BEST_BID,"JPM,99472,140"
2019-06-28 11:22:00.000000000,BEST_ASK,"JPM,99512,3"
2019-06-28 11:22:00.000000000,LAST_TRADE,"3,$99472.0000"
2019-06-28 11:22:00.000000000,QUERY_SPREAD,94
2019-06-28 11:22:00.000000000,BEST_BID,"JPM,99472,136"
2019-06-28 11:22:00.000000000,BEST_ASK,"JPM,99512,3"
2019-06-28 11:22:00.000000000,LAST_TRADE,"4,$99472.0000"
2019-06-28 11:22:00.000000000,QUERY_SPREAD,95
2019-06-28 11:22:00.000000000,BEST_BID,"JPM,99472,131"
2019-06-28 11:22:00.000000000,BEST_ASK,"JPM,99512,3"
2019-06-28 11:22:00.000000000,LAST_TRADE,"5,$99472.0000"
2019-06-28 11:22:00.000000000,QUERY_SPREAD,96
2019-06-28 11:22:00.000000000,BEST_BID,"JPM,99472,130"
2019-06-28 11:22:00.000000000,BEST_ASK,"JPM,99512,3"
2019-06-28 11:22:00.000000000,LAST_TRADE,"1,$99472.0000"
2019-06-28 11:22:00.000000000,QUERY_SPREAD,97
2019-06-28 11:22:00.000000000,BEST_BID,"JPM,99472,123"
2019-06-28 11:22:00.000000000,BEST_ASK,"JPM,99512,3"
2019-06-28 11:22:00.000000000,LAST_TRADE,"7,$99472.0000"
2019-06-28 11:22:00.000000000,QUERY_SPREAD,98
2019-06-28 11:22:00.000000000,BEST_BID,"JPM,99472,117"
2019-06-28 11:22:00.000000000,BEST_ASK,"JPM,99512,3"
2019-06-28 11:22:00.000000000,LAST_TRADE,"6,$99472.0000"
2019-06-28 11:22:00.000000000,QUERY_SPREAD,99
2019-06-28 11:22:00.000000000,BEST_BID,"JPM,99472,112"
2019-06-28 11:22:00.000000000,BEST_ASK,"JPM,99512,3"
2019-06-28 11:22:00.000000000,LAST_TRADE,"5,$99472.0000"
2019-06-28 11:22:00.000000000,QUERY_SPREAD,100
2019-06-28 11:22:00.000000000,BEST_BID,"JPM,99472,105"
2019-06-28 11:22:00.000000000,BEST_ASK,"JPM,99512,3"
2019-06-28 11:22:00.000000000,LAST_TRADE,"7,$99472.0000"
2019-06-28 11:22:00.000000000,QUERY_SPREAD,101
2019-06-28 11:22:00.000000000,QUERY_ORDER_STREAM,101
2019-06-28 11:22:00.000000000,BEST_BID,"JPM,99472,106"
2019-06-28 11:22:00.000000000,BEST_ASK,"JPM,99512,3"
2019-06-28 11:22:10.000000000,QUERY_SPREAD,1
2019-06-28 11:22:10.000000000,BEST_BID,"JPM,99472,190"
2019-06-28 11:22:10.000000000,BEST_ASK,"JPM,99512,3"
2019-06-28 11:22:10.000000000,BEST_BID,"JPM,99472,190"
2019-06-28 11:22:10.000000000,BEST_ASK,"JPM,99512,3"
2019-06-28 11:22:10.000000000,BEST_BID,"JPM,99472,190"
2019-06-28 11:22:10.000000000,BEST_ASK,"JPM,99512,143"
2019-06-28 11:22:10.000000000,BEST_BID,"JPM,99472,190"
2019-06-28 11:22:10.000000000,BEST_ASK,"JPM,99512,143"
2019-06-28 11:22:20.000000000,QUERY_SPREAD,1
2019-06-28 11:22:20.000000000,BEST_BID,"JPM,99472,106"
2019-06-28 11:22:20.000000000,BEST_ASK,"JPM,99512,3"
2019-06-28 11:22:20.000000000,BEST_BID,"JPM,99472,106"
2019-06-28 11:22:20.000000000,BEST_ASK,"JPM,99512,3"
2019-06-28 11:22:20.000000000,BEST_BID,"JPM,99472,106"
2019-06-28 11:22:20.000000000,BEST_ASK,"JPM,99512,3"
2019-06-28 11:22:20.000000000,BEST_BID,"JPM,99472,106"
2019-06-28 11:22:20.000000000,BEST_ASK,"JPM,99512,3"
2019-06-28 11:22:20.000000000,BEST_BID,"JPM,99472,106"
2019-06-28 11:22:20.000000000,BEST_ASK,"JPM,99512,3"
2019-06-28 11:22:20.000000000,BEST_BID,"JPM,99472,106"
2019-06-28 11:22:20.000000000,BEST_ASK,"JPM,99512,59"
2019-06-28 11:22:20.000000000,BEST_BID,"JPM,99472,106"
2019-06-28 11:22:20.000000000,BEST_ASK,"JPM,99512,59"
2019-06-28 11:22:20.000000000,BEST_BID,"JPM,99472,106"
2019-06-28 11:22:20.000000000,BEST_ASK,"JPM,99512,59"
2019-06-28 11:22:20.000000000,BEST_BID,"JPM,99472,106"
2019-06-28 11:22:20.000000000,BEST_ASK,"JPM,99512,59"
2019-06-28 11:22:20.000000000,BEST_BID,"JPM,99472,106"
2019-06-28 11:22:20.000000000,BEST_ASK,"JPM,99512,59"
2019-06-28 11:22:23.687861472,QUERY_SPREAD,20
2019-06-28 11:22:23.687861472,BEST_BID,"JPM,99512,41"
2019-06-28 11:22:23.687861472,BEST_ASK,"JPM,99634,156"
2019-06-28 11:22:23.687861472,LAST_TRADE,"59,$99512.0000"
2019-06-28 11:22:30.000000000,QUERY_SPREAD,1
2019-06-28 11:22:30.000000000,BEST_BID,"JPM,99512,111"
2019-06-28 11:22:30.000000000,BEST_ASK,"JPM,99634,100"
2019-06-28 11:22:30.000000000,BEST_BID,"JPM,99512,111"
2019-06-28 11:22:30.000000000,BEST_ASK,"JPM,99634,100"
2019-06-28 11:22:30.000000000,BEST_BID,"JPM,99512,111"
2019-06-28 11:22:30.000000000,BEST_ASK,"JPM,99634,100"
2019-06-28 11:22:30.000000000,BEST_BID,"JPM,99512,111"
2019-06-28 11:22:30.000000000,BEST_ASK,"JPM,99634,100"
2019-06-28 11:22:30.000000000,BEST_BID,"JPM,99512,111"
2019-06-28 11:22:30.000000000,BEST_ASK,"JPM,99634,170"
2019-06-28 11:22:30.000000000,BEST_BID,"JPM,99512,111"
2019-06-28 11:22:30.000000000,BEST_ASK,"JPM,99634,170"
2019-06-28 11:22:30.000000000,BEST_BID,"JPM,99512,111"
2019-06-28 11:22:30.000000000,BEST_ASK,"JPM,99634,170"
2019-06-28 11:22:30.000000000,BEST_BID,"JPM,99512,111"
2019-06-28 11:22:30.000000000,BEST_ASK,"JPM,99634,170"
2019-06-28 11:22:32.541216527,QUERY_SPREAD,30
2019-06-28 11:22:32.541216527,BEST_BID,"JPM,99512,111"
2019-06-28 11:22:32.541216527,BEST_ASK,"JPM,99634,70"
2019-06-28 11:22:32.541216527,LAST_TRADE,"100,$99634.0000"
2019-06-28 11:22:34.646067221,QUERY_SPREAD,4
2019-06-28 11:22:34.646067221,BEST_BID,"JPM,99512,111"
2019-06-28 11:22:34.646067221,BEST_ASK,"JPM,99634,70"
2019-06-28 11:22:40.000000000,QUERY_SPREAD,1
2019-06-28 11:22:40.000000000,BEST_BID,"JPM,99512,97"
2019-06-28 11:22:40.000000000,BEST_ASK,"JPM,99782,100"
2019-06-28 11:22:40.000000000,BEST_BID,"JPM,99512,97"
2019-06-28 11:22:40.000000000,BEST_ASK,"JPM,99782,100"
2019-06-28 11:22:40.000000000,BEST_BID,"JPM,99512,97"
2019-06-28 11:22:40.000000000,BEST_ASK,"JPM,99782,100"
2019-06-28 11:22:40.000000000,BEST_BID,"JPM,99512,97"
2019-06-28 11:22:40.000000000,BEST_ASK,"JPM,99782,100"
2019-06-28 11:22:40.000000000,BEST_BID,"JPM,99512,97"
2019-06-28 11:22:40.000000000,BEST_ASK,"JPM,99782,100"
2019-06-28 11:22:40.000000000,BEST_BID,"JPM,99512,97"
2019-06-28 11:22:40.000000000,BEST_ASK,"JPM,99782,156"
2019-06-28 11:22:40.000000000,BEST_BID,"JPM,99512,97"
2019-06-28 11:22:40.000000000,BEST_ASK,"JPM,99782,156"
2019-06-28 11:22:40.000000000,BEST_BID,"JPM,99512,97"
2019-06-28 11:22:40.000000000,BEST_ASK,"JPM,99782,156"
2019-06-28 11:22:40.000000000,BEST_BID,"JPM,99512,97"
2019-06-28 11:22:40.000000000,BEST_ASK,"JPM,99782,156"
2019-06-28 11:22:40.000000000,BEST_BID,"JPM,99512,97"
2019-06-28 11:22:40.000000000,BEST_ASK,"JPM,99782,156"
2019-06-28 11:22:50.000000000,QUERY_SPREAD,1
2019-06-28 11:22:50.000000000,BEST_BID,"JPM,99512,181"
2019-06-28 11:22:50.000000000,BEST_ASK,"JPM,99782,100"
2019-06-28 11:22:50.000000000,BEST_BID,"JPM,99512,181"
2019-06-28 11:22:50.000000000,BEST_ASK,"JPM,99782,100"
2019-06-28 11:22:50.000000000,BEST_BID,"JPM,99512,181"
2019-06-28 11:22:50.000000000,BEST_ASK,"JPM,99782,240"
2019-06-28 11:22:50.000000000,BEST_BID,"JPM,99512,181"
2019-06-28 11:22:50.000000000,BEST_ASK,"JPM,99782,240"
2019-06-28 11:23:00.000000000,QUERY_SPREAD,1
2019-06-28 11:23:00.000000000,BEST_BID,"JPM,99512,111"
2019-06-28 11:23:00.000000000,BEST_ASK,"JPM,99782,100"
2019-06-28 11:23:00.000000000,BEST_BID,"JPM,99512,111"
2019-06-28 11:23:00.000000000,BEST_ASK,"JPM,99782,100"
2019-06-28 11:23:00.000000000,BEST_BID,"JPM,99512,111"
2019-06-28 11:23:00.000000000,BEST_ASK,"JPM,99782,100"
2019-06-28 11:23:00.000000000,BEST_BID,"JPM,99512,111"
2019-06-28 11:23:00.000000000,BEST_ASK,"JPM,99782,100"
2019-06-28 11:23:00.000000000,BEST_BID,"JPM,99512,111"
2019-06-28 11:23:00.000000000,BEST_ASK,"JPM,99782,170"
2019-06-28 11:23:00.000000000,BEST_BID,"JPM,99512,111"
2019-06-28 11:23:00.000000000,BEST_ASK,"JPM,99782,170"
2019-06-28 11:23:00.000000000,BEST_BID,"JPM,99512,111"
2019-06-28 11:23:00.000000000,BEST_ASK,"JPM,99782,170"
2019-06-28 11:23:00.000000000,BEST_BID,"JPM,99512,111"
2019-06-28 11:23:00.000000000,BEST_ASK,"JPM,99782,170"
2019-06-28 11:23:00.000000000,QUERY_SPREAD,77
2019-06-28 11:23:00.000000000,BEST_BID,"JPM,99512,110"
2019-06-28 11:23:00.000000000,BEST_ASK,"JPM,99782,170"
2019-06-28 11:23:00.000000000,LAST_TRADE,"1,$99512.0000"
2019-06-28 11:23:00.000000000,QUERY_SPREAD,78
2019-06-28 11:23:00.000000000,BEST_BID,"JPM,99512,106"
2019-06-28 11:23:00.000000000,BEST_ASK,"JPM,99782,170"
2019-06-28 11:23:00.000000000,LAST_TRADE,"4,$99512.0000"
2019-06-28 11:23:00.000000000,QUERY_SPREAD,79
2019-06-28 11:23:00.000000000,BEST_BID,"JPM,99512,100"
2019-06-28 11:23:00.000000000,BEST_ASK,"JPM,99782,170"
2019-06-28 11:23:00.000000000,LAST_TRADE,"6,$99512.0000"
2019-06-28 11:23:00.000000000,QUERY_SPREAD,80
2019-06-28 11:23:00.000000000,BEST_BID,"JPM,99512,95"
2019-06-28 11:23:00.000000000,BEST_ASK,"JPM,99782,170"
2019-06-28 11:23:00.000000000,LAST_TRADE,"5,$99512.0000"
2019-06-28 11:23:00.000000000,QUERY_SPREAD,81
2019-06-28 11:23:00.000000000,BEST_BID,"JPM,99512,87"
2019-06-28 11:23:00.000000000,BEST_ASK,"JPM,99782,170"
2019-06-28 11:23:00.000000000,LAST_TRADE,"8,$99512.0000"
2019-06-28 11:23:00.000000000,QUERY_SPREAD,82
2019-06-28 11:23:00.000000000,BEST_BID,"JPM,99512,79"
2019-06-28 11:23:00.000000000,BEST_ASK,"JPM,99782,170"
2019-06-28 11:23:00.000000000,LAST_TRADE,"8,$99512.0000"
2019-06-28 11:23:00.000000000,QUERY_SPREAD,83
2019-06-28 11:23:00.000000000,BEST_BID,"JPM,99512,77"
2019-06-28 11:23:00.000000000,BEST_ASK,"JPM,99782,170"
2019-06-28 11:23:00.000000000,LAST_TRADE,"2,$99512.0000"
2019-06-28 11:23:00.000000000,QUERY_SPREAD,84
2019-06-28 11:23:00.000000000,BEST_BID,"JPM,99512,76"
2019-06-28 11:23:00.000000000,BEST_ASK,"JPM,99782,170"
2019-06-28 11:23:00.000000000,LAST_TRADE,"1,$99512.0000"
2019-06-28 11:23:00.000000000,QUERY_SPREAD,85
2019-06-28 11:23:00.000000000,BEST_BID,"JPM,99512,75"
2019-06-28 11:23:00.000000000,BEST_ASK,"JPM,99782,170"
2019-06-28 11:23:00.000000000,LAST_TRADE,"1,$99512.0000"
2019-06-28 11:23:00.000000000,QUERY_SPREAD,86
2019-06-28 11:23:00.000000000,BEST_BID,"JPM,99512,69"
2019-06-28 11:23:00.000000000,BEST_ASK,"JPM,99782,170"
2019-06-28 11:23:00.000000000,LAST_TRADE,"6,$99512.0000"
2019-06-28 11:23:00.000000000,QUERY_SPREAD,87
2019-06-28 11:23:00.000000000,BEST_BID,"JPM,99512,66"
2019-06-28 11:23:00.000000000,BEST_ASK,"JPM,99782,170"
2019-06-28 11:23:00.000000000,LAST_TRADE,"3,$99512.0000"
2019-06-28 11:23:00.000000000,QUERY_SPREAD,88
2019-06-28 11:23:00.000000000,BEST_BID,"JPM,99512,62"
2019-06-28 11:23:00.000000000,BEST_ASK,"JPM,99782,170"
2019-06-28 11:23:00.000000000,LAST_TRADE,"4,$99512.0000"
2019-06-28 11:23:00.000000000,QUERY_SPREAD,89
2019-06-28 11:23:00.000000000,BEST_BID,"JPM,99512,58"
2019-06-28 11:23:00.000000000,BEST_ASK,"JPM,99782,170"
2019-06-28 11:23:00.000000000,LAST_TRADE,"4,$99512.0000"
2019-06-28 11:23:00.000000000,QUERY_SPREAD,90
2019-06-28 11:23:00.000000000,BEST_BID,"JPM,99512,51"
2019-06-28 11:23:00.000000000,BEST_ASK,"JPM,99782,170"
2019-06-28 11:23:00.000000000,LAST_TRADE,"7,$99512.0000"
2019-06-28 11:23:00.000000000,QUERY_SPREAD,91
2019-06-28 11:23:00.000000000,BEST_BID,"JPM,99512,43"
2019-06-28 11:23:00.000000000,BEST_ASK,"JPM,99782,170"
2019-06-28 11:23:00.000000000,LAST_TRADE,"8,$99512.0000"
2019-06-28 11:23:00.000000000,QUERY_SPREAD,92
2019-06-28 11:23:00.000000000,BEST_BID,"JPM,99512,38"
2019-06-28 11:23:00.000000000,BEST_ASK,"JPM,99782,170"
2019-06-28 11:23:00.000000000,LAST_TRADE,"5,$99512.0000"
2019-06-28 11:23:00.000000000,QUERY_SPREAD,93
2019-06-28 11:23:00.000000000,BEST_BID,"JPM,99512,35"
2019-06-28 11:23:00.000000000,BEST_ASK,"JPM,99782,170"
2019-06-28 11:23:00.000000000,LAST_TRADE,"3,$99512.0000"
2019-06-28 11:23:00.000000000,QUERY_SPREAD,94
2019-06-28 11:23:00.000000000,BEST_BID,"JPM,99512,31"
2019-06-28 11:23:00.000000000,BEST_ASK,"JPM,99782,170"
2019-06-28 11:23:00.000000000,LAST_TRADE,"4,$99512.0000"
2019-06-28 11:23:00.000000000,QUERY_SPREAD,95
2019-06-28 11:23:00.000000000,BEST_BID,"JPM,99512,26"
2019-06-28 11:23:00.000000000,BEST_ASK,"JPM,99782,170"
2019-06-28 11:23:00.000000000,LAST_TRADE,"5,$99512.0000"
2019-06-28 11:23:00.000000000,QUERY_SPREAD,96
2019-06-28 11:23:00.000000000,BEST_BID,"JPM,99512,25"
2019-06-28 11:23:00.000000000,BEST_ASK,"JPM,99782,170"
2019-06-28 11:23:00.000000000,LAST_TRADE,"1,$99512.0000"
2019-06-28 11:23:00.000000000,QUERY_SPREAD,97
2019-06-28 11:23:00.000000000,BEST_BID,"JPM,99512,18"
2019-06-28 11:23:00.000000000,BEST_ASK,"JPM,99782,170"
2019-06-28 11:23:00.000000000,LAST_TRADE,"7,$99512.0000"
2019-06-28 11:23:00.000000000,QUERY_SPREAD,98
2019-06-28 11:23:00.000000000,BEST_BID,"JPM,99512,12"
2019-06-28 11:23:00.000000000,BEST_ASK,"JPM,99782,170"
2019-06-28 11:23:00.000000000,LAST_TRADE,"6,$99512.0000"
2019-06-28 11:23:00.000000000,QUERY_SPREAD,99
2019-06-28 11:23:00.000000000,BEST_BID,"JPM,99512,7"
2019-06-28 11:23:00.000000000,BEST_ASK,"JPM,99782,170"
2019-06-28 11:23:00.000000000,LAST_TRADE,"5,$99512.0000"
2019-06-28 11:23:00.000000000,QUERY_SPREAD,100
2019-06-28 11:23:00.000000000,BEST_BID,"JPM,99472,120"
2019-06-28 11:23:00.000000000,BEST_ASK,"JPM,99782,170"
2019-06-28 11:23:00.000000000,LAST_TRADE,"7,$99512.0000"
2019-06-28 11:23:00.000000000,QUERY_SPREAD,101
2019-06-28 11:23:00.000000000,QUERY_ORDER_STREAM,101
2019-06-28 11:23:10.000000000,QUERY_SPREAD,1
2019-06-28 11:23:10.000000000,BEST_BID,"JPM,99472,120"
2019-06-28 11:23:10.000000000,BEST_ASK,"JPM,99782,100"
2019-06-28 11:23:10.000000000,BEST_BID,"JPM,99472,120"
2019-06-28 11:23:10.000000000,BEST_ASK,"JPM,99782,100"
2019-06-28 11:23:10.000000000,BEST_BID,"JPM,99472,120"
2019-06-28 11:23:10.000000000,BEST_ASK,"JPM,99782,100"
2019-06-28 11:23:10.000000000,BEST_BID,"JPM,99472,120"
2019-06-28 11:23:10.000000000,BEST_ASK,"JPM,99782,100"
2019-06-28 11:23:10.000000000,BEST_BID,"JPM,99472,120"
2019-06-28 11:23:10.000000000,BEST_ASK,"JPM,99782,170"
2019-06-28 11:23:10.000000000,BEST_BID,"JPM,99472,120"
2019-06-28 11:23:10.000000000,BEST_ASK,"JPM,99782,170"
2019-06-28 11:23:10.000000000,BEST_BID,"JPM,99472,120"
2019-06-28 11:23:10.000000000,BEST_ASK,"JPM,99782,170"
2019-06-28 11:23:10.000000000,BEST_BID,"JPM,99472,120"
2019-06-28 11:23:10.000000000,BEST_ASK,"JPM,99782,170"
2019-06-28 11:23:20.000000000,QUERY_SPREAD,1
2019-06-28 11:23:20.000000000,BEST_BID,"JPM,99472,145"
2019-06-28 11:23:20.000000000,BEST_ASK,"JPM,99782,100"
2019-06-28 11:23:20.000000000,BEST_BID,"JPM,99472,145"
2019-06-28 11:23:20.000000000,BEST_ASK,"JPM,99782,100"
2019-06-28 11:23:20.000000000,BEST_BID,"JPM,99472,145"
2019-06-28 11:23:20.000000000,BEST_ASK,"JPM,99782,100"
2019-06-28 11:23:20.000000000,BEST_BID,"JPM,99472,145"
2019-06-28 11:23:20.000000000,BEST_ASK,"JPM,99782,195"
2019-06-28 11:23:20.000000000,BEST_BID,"JPM,99472,145"
2019-06-28 11:23:20.000000000,BEST_ASK,"JPM,99782,195"
2019-06-28 11:23:20.000000000,BEST_BID,"JPM,99472,145"
2019-06-28 11:23:20.000000000,BEST_ASK,"JPM,99782,195"
2019-06-28 11:23:20.744670994,QUERY_SPREAD,50
2019-06-28 11:23:20.744670994,BEST_BID,"JPM,99472,145"
2019-06-28 11:23:20.744670994,BEST_ASK,"JPM,99782,95"
2019-06-28 11:23:20.744670994,LAST_TRADE,"100,$99782.0000"
2019-06-28 11:23:30.000000000,QUERY_SPREAD,1
2019-06-28 11:23:30.000000000,BEST_BID,"JPM,99472,106"
2019-06-28 11:23:30.000000000,BEST_ASK,"JPM,99816,100"
2019-06-28 11:23:30.000000000,BEST_BID,"JPM,99472,106"
2019-06-28 11:23:30.000000000,BEST_ASK,"JPM,99816,100"
2019-06-28 11:23:30.000000000,BEST_BID,"JPM,99472,106"
2019-06-28 11:23:30.000000000,BEST_ASK,"JPM,99816,100"
2019-06-28 11:23:30.000000000,BEST_BID,"JPM,99472,106"
2019-06-28 11:23:30.000000000,BEST_ASK,"JPM,99816,100"
2019-06-28 11:23:30.000000000,BEST_BID,"JPM,99472,106"
2019-06-28 11:23:30.000000000,BEST_ASK,"JPM,99816,100"
2019-06-28 11:23:30.000000000,BEST_BID,"JPM,99472,106"
2019-06-28 11:23:30.000000000,BEST_ASK,"JPM,99816,156"
2019-06-28 11:23:30.000000000,BEST_BID,"JPM,99472,106"
2019-06-28 11:23:30.000000000,BEST_ASK,"JPM,99816,156"
2019-06-28 11:23:30.000000000,BEST_BID,"JPM,99472,106"
2019-06-28 11:23:30.000000000,BEST_ASK,"JPM,99816,156"
2019-06-28 11:23:30.000000000,BEST_BID,"JPM,99472,106"
2019-06-28 11:23:30.000000000,BEST_ASK,"JPM,99816,156"
2019-06-28 11:23:30.000000000,BEST_BID,"JPM,99472,106"
2019-06-28 11:23:30.000000000,BEST_ASK,"JPM,99816,156"
2019-06-28 11:23:37.206177100,QUERY_SPREAD,17
2019-06-28 11:23:37.206177100,BEST_BID,"JPM,99472,106"
2019-06-28 11:23:37.206177100,BEST_ASK,"JPM,99816,56"
2019-06-28 11:23:37.206177100,LAST_TRADE,"100,$99816.0000"
2019-06-28 11:23:40.000000000,QUERY_SPREAD,1
2019-06-28 11:23:40.000000000,BEST_BID,"JPM,99472,106"
2019-06-28 11:23:40.000000000,BEST_ASK,"JPM,99858,100"
2019-06-28 11:23:40.000000000,BEST_BID,"JPM,99472,106"
2019-06-28 11:23:40.000000000,BEST_ASK,"JPM,99858,100"
2019-06-28 11:23:40.000000000,BEST_BID,"JPM,99472,106"
2019-06-28 11:23:40.000000000,BEST_ASK,"JPM,99858,100"
2019-06-28 11:23:40.000000000,BEST_BID,"JPM,99472,106"
2019-06-28 11:23:40.000000000,BEST_ASK,"JPM,99858,100"
2019-06-28 11:23:40.000000000,BEST_BID,"JPM,99472,106"
2019-06-28 11:23:40.000000000,BEST_ASK,"JPM,99858,100"
2019-06-28 11:23:40.000000000,BEST_BID,"JPM,99472,106"
2019-06-28 11:23:40.000000000,BEST_ASK,"JPM,99858,156"
2019-06-28 11:23:40.000000000,BEST_BID,"JPM,99472,106"
2019-06-28 11:23:40.000000000,BEST_ASK,"JPM,99858,156"
2019-06-28 11:23:40.000000000,BEST_BID,"JPM,99472,106"
2019-06-28 11:23:40.000000000,BEST_ASK,"JPM,99858,156"
2019-06-28 11:23:40.000000000,BEST_BID,"JPM,99472,106"
2019-06-28 11:23:40.000000000,BEST_ASK,"JPM,99858,156"
2019-06-28 11:23:40.000000000,BEST_BID,"JPM,99472,106"
2019-06-28 11:23:40.000000000,BEST_ASK,"JPM,99858,156"
2019-06-28 11:23:50.000000000,QUERY_SPREAD,1
2019-06-28 11:23:50.000000000,BEST_BID,"JPM,99472,120"
2019-06-28 11:23:50.000000000,BEST_ASK,"JPM,99858,100"
2019-06-28 11:23:50.000000000,BEST_BID,"JPM,99472,120"
2019-06-28 11:23:50.000000000,BEST_ASK,"JPM,99858,100"
2019-06-28 11:23:50.000000000,BEST_BID,"JPM,99472,120"
2019-06-28 11:23:50.000000000,BEST_ASK,"JPM,99858,100"
2019-06-28 11:23:50.000000000,BEST_BID,"JPM,99472,120"
2019-06-28 11:23:50.000000000,BEST_ASK,"JPM,99858,100"
2019-06-28 11:23:50.000000000,BEST_BID,"JPM,99472,120"
2019-06-28 11:23:50.000000000,BEST_ASK,"JPM,99858,170"
2019-06-28 11:23:50.000000000,BEST_BID,"JPM,99472,120"
2019-06-28 11:23:50.000000000,BEST_ASK,"JPM,99858,170"
2019-06-28 11:23:50.000000000,BEST_BID,"JPM,99472,120"
2019-06-28 11:23:50.000000000,BEST_ASK,"JPM,99858,170"
2019-06-28 11:23:50.000000000,BEST_BID,"JPM,99472,120"
2019-06-28 11:23:50.000000000,BEST_ASK,"JPM,99858,170"
2019-06-28 11:23:57.274546255,QUERY_SPREAD,38
2019-06-28 11:23:57.274546255,BEST_BID,"JPM,99472,120"
2019-06-28 11:23:57.274546255,BEST_ASK,"JPM,99858,70"
2019-06-28 11:23:57.274546255,LAST_TRADE,"100,$99858.0000"
2019-06-28 11:24:00.000000000,QUERY_SPREAD,1
2019-06-28 11:24:00.000000000,BEST_BID,"JPM,99472,190"
2019-06-28 11:24:00.000000000,BEST_ASK,"JPM,99900,100"
2019-06-28 11:24:00.000000000,BEST_BID,"JPM,99472,190"
2019-06-28 11:24:00.000000000,BEST_ASK,"JPM,99900,100"
2019-06-28 11:24:00.000000000,BEST_BID,"JPM,99472,190"
2019-06-28 11:24:00.000000000,BEST_ASK,"JPM,99900,240"
2019-06-28 11:24:00.000000000,BEST_BID,"JPM,99472,190"
2019-06-28 11:24:00.000000000,BEST_ASK,"JPM,99900,240"
2019-06-28 11:24:00.000000000,QUERY_SPREAD,77
2019-06-28 11:24:00.000000000,BEST_BID,"JPM,99472,189"
2019-06-28 11:24:00.000000000,BEST_ASK,"JPM,99900,240"
2019-06-28 11:24:00.000000000,LAST_TRADE,"1,$99472.0000"
2019-06-28 11:24:00.000000000,QUERY_SPREAD,78
2019-06-28 11:24:00.000000000,BEST_BID,"JPM,99472,185"
2019-06-28 11:24:00.000000000,BEST_ASK,"JPM,99900,240"
2019-06-28 11:24:00.000000000,LAST_TRADE,"4,$99472.0000"
2019-06-28 11:24:00.000000000,QUERY_SPREAD,79
2019-06-28 11:24:00.000000000,BEST_BID,"JPM,99472,179"
2019-06-28 11:24:00.000000000,BEST_ASK,"JPM,99900,240"
2019-06-28 11:24:00.000000000,LAST_TRADE,"6,$99472.0000"
2019-06-28 11:24:00.000000000,QUERY_SPREAD,80
2019-06-28 11:24:00.000000000,BEST_BID,"JPM,99472,174"
2019-06-28 11:24:00.000000000,BEST_ASK,"JPM,99900,240"
2019-06-28 11:24:00.000000000,LAST_TRADE,"5,$99472.0000"
2019-06-28 11:24:00.000000000,QUERY_SPREAD,81
2019-06-28 11:24:00.000000000,BEST_BID,"JPM,99472,166"
2019-06-28 11:24:00.000000000,BEST_ASK,"JPM,99900,240"
2019-06-28 11:24:00.000000000,LAST_TRADE,"8,$99472.0000"
2019-06-28 11:24:00.000000000,QUERY_SPREAD,82
2019-06-28 11:24:00.000000000,BEST_BID,"JPM,99472,158"
2019-06-28 11:24:00.000000000,BEST_ASK,"JPM,99900,240"
2019-06-28 11:24:00.000000000,LAST_TRADE,"8,$99472.0000"
2019-06-28 11:24:00.000000000,QUERY_SPREAD,83
2019-06-28 11:24:00.000000000,BEST_BID,"JPM,99472,156"
2019-06-28 11:24:00.000000000,BEST_ASK,"JPM,99900,240"
2019-06-28 11:24:00.000000000,LAST_TRADE,"2,$99472.0000"
2019-06-28 11:24:00.000000000,QUERY_SPREAD,84
2019-06-28 11:24:00.000000000,BEST_BID,"JPM,99472,155"
2019-06-28 11:24:00.000000000,BEST_ASK,"JPM,99900,240"
2019-06-28 11:24:00.000000000,LAST_TRADE,"1,$99472.0000"
2019-06-28 11:24:00.000000000,QUERY_SPREAD,85
2019-06-28 11:24:00.000000000,BEST_BID,"JPM,99472,154"
2019-06-28 11:24:00.000000000,BEST_ASK,"JPM,99900,240"
2019-06-28 11:24:00.000000000,LAST_TRADE,"1,$99472.0000"
2019-06-28 11:24:00.000000000,QUERY_SPREAD,86
2019-06-28 11:24:00.000000000,BEST_BID,"JPM,99472,148"
2019-06-28 11:24:00.000000000,BEST_ASK,"JPM,99900,240"
2019-06-28 11:24:00.000000000,LAST_TRADE,"6,$99472.0000"
2019-06-28 11:24:00.000000000,QUERY_SPREAD,87
2019-06-28 11:24:00.000000000,BEST_BID,"JPM,99472,145"
2019-06-28 11:24:00.000000000,BEST_ASK,"JPM,99900,240"
2019-06-28 11:24:00.000000000,LAST_TRADE,"3,$99472.0000"
2019-06-28 11:24:00.000000000,QUERY_SPREAD,88
2019-06-28 11:24:00.000000000,BEST_BID,"JPM,99472,141"
2019-06-28 11:24:00.000000000,BEST_ASK,"JPM,99900,240"
2019-06-28 11:24:00.000000000,LAST_TRADE,"4,$99472.0000"
2019-06-28 11:24:00.000000000,QUERY_SPREAD,89
2019-06-28 11:24:00.000000000,BEST_BID,"JPM,99472,137"
2019-06-28 11:24:00.000000000,BEST_ASK,"JPM,99900,240"
2019-06-28 11:24:00.000000000,LAST_TRADE,"4,$99472.0000"
2019-06-28 11:24:00.000000000,QUERY_SPREAD,90
2019-06-28 11:24:00.000000000,BEST_BID,"JPM,99472,130"
2019-06-28 11:24:00.000000000,BEST_ASK,"JPM,99900,240"
2019-06-28 11:24:00.000000000,LAST_TRADE,"7,$99472.0000"
2019-06-28 11:24:00.000000000,QUERY_SPREAD,91
2019-06-28 11:24:00.000000000,BEST_BID,"JPM,99472,122"
2019-06-28 11:24:00.000000000,BEST_ASK,"JPM,99900,240"
2019-06-28 11:24:00.000000000,LAST_TRADE,"8,$99472.0000"
2019-06-28 11:24:00.000000000,QUERY_SPREAD,92
2019-06-28 11:24:00.000000000,BEST_BID,"JPM,99472,117"
2019-06-28 11:24:00.000000000,BEST_ASK,"JPM,99900,240"
2019-06-28 11:24:00.000000000,LAST_TRADE,"5,$99472.0000"
2019-06-28 11:24:00.000000000,QUERY_SPREAD,93
2019-06-28 11:24:00.000000000,BEST_BID,"JPM,99472,114"
2019-06-28 11:24:00.000000000,BEST_ASK,"JPM,99900,240"
2019-06-28 11:24:00.000000000,LAST_TRADE,"3,$99472.0000"
2019-06-28 11:24:00.000000000,QUERY_SPREAD,94
2019-06-28 11:24:00.000000000,BEST_BID,"JPM,99472,110"
2019-06-28 11:24:00.000000000,BEST_ASK,"JPM,99900,240"
2019-06-28 11:24:00.000000000,LAST_TRADE,"4,$99472.0000"
2019-06-28 11:24:00.000000000,QUERY_SPREAD,95
2019-06-28 11:24:00.000000000,BEST_BID,"JPM,99472,105"
2019-06-28 11:24:00.000000000,BEST_ASK,"JPM,99900,240"
2019-06-28 11:24:00.000000000,LAST_TRADE,"5,$99472.0000"
2019-06-28 11:24:00.000000000,QUERY_SPREAD,96
2019-06-28 11:24:00.000000000,BEST_BID,"JPM,99472,104"
2019-06-28 11:24:00.000000000,BEST_ASK,"JPM,99900,240"
2019-06-28 11:24:00.000000000,LAST_TRADE,"1,$99472.0000"
2019-06-28 11:24:00.000000000,QUERY_SPREAD,97
2019-06-28 11:24:00.000000000,BEST_BID,"JPM,99472,97"
2019-06-28 11:24:00.000000000,BEST_ASK,"JPM,99900,240"
2019-06-28 11:24:00.000000000,LAST_TRADE,"7,$99472.0000"
2019-06-28 11:24:00.000000000,QUERY_SPREAD,98
2019-06-28 11:24:00.000000000,BEST_BID,"JPM,99472,91"
2019-06-28 11:24:00.000000000,BEST_ASK,"JPM,99900,240"
2019-06-28 11:24:00.000000000,LAST_TRADE,"6,$99472.0000"
2019-06-28 11:24:00.000000000,QUERY_SPREAD,99
2019-06-28 11:24:00.000000000,BEST_BID,"JPM,99472,86"
2019-06-28 11:24:00.000000000,BEST_ASK,"JPM,99900,240"
2019-06-28 11:24:00.000000000,LAST_TRADE,"5,$99472.0000"
2019-06-28 11:24:00.000000000,QUERY_SPREAD,100
2019-06-28 11:24:00.000000000,BEST_BID,"JPM,99472,79"
2019-06-28 11:24:00.000000000,BEST_ASK,"JPM,99900,240"
2019-06-28 11:24:00.000000000,LAST_TRADE,"7,$99472.0000"
2019-06-28 11:24:00.000000000,QUERY_SPREAD,101
2019-06-28 11:24:00.000000000,QUERY_ORDER_STREAM,101
2019-06-28 11:24:06.841368432,QUERY_ORDER_STREAM,62
2019-06-28 11:24:06.841368432,QUERY_SPREAD,62
2019-06-28 11:24:10.000000000,QUERY_SPREAD,1
2019-06-28 11:24:10.000000000,BEST_BID,"JPM,99439,380"
2019-06-28 11:24:10.000000000,BEST_ASK,"JPM,99900,100"
2019-06-28 11:24:10.000000000,BEST_BID,"JPM,99439,380"
2019-06-28 11:24:10.000000000,BEST_ASK,"JPM,99900,380"
2019-06-28 11:24:17.547176637,QUERY_SPREAD,7
2019-06-28 11:24:17.547176637,BEST_BID,"JPM,99439,380"
2019-06-28 11:24:17.547176637,BEST_ASK,"JPM,99900,280"
2019-06-28 11:24:17.547176637,LAST_TRADE,"100,$99900.0000"
2019-06-28 11:24:20.000000000,QUERY_SPREAD,1
2019-06-28 11:24:20.000000000,BEST_BID,"JPM,99439,380"
2019-06-28 11:24:20.000000000,BEST_ASK,"JPM,99982,100"
2019-06-28 11:24:20.000000000,BEST_BID,"JPM,99439,380"
2019-06-28 11:24:20.000000000,BEST_ASK,"JPM,99982,380"
2019-06-28 11:24:23.145478425,QUERY_ORDER_STREAM,58
2019-06-28 11:24:23.145478425,QUERY_SPREAD,58
2019-06-28 11:24:25.424025880,QUERY_SPREAD,16
2019-06-28 11:24:25.424025880,BEST_BID,"JPM,99439,380"
2019-06-28 11:24:25.424025880,BEST_ASK,"JPM,99982,380"
2019-06-28 11:24:30.000000000,QUERY_SPREAD,1
2019-06-28 11:24:30.000000000,BEST_BID,"JPM,99439,240"
2019-06-28 11:24:30.000000000,BEST_ASK,"JPM,99982,100"
2019-06-28 11:24:30.000000000,BEST_BID,"JPM,99439,240"
2019-06-28 11:24:30.000000000,BEST_ASK,"JPM,99982,100"
2019-06-28 11:24:30.000000000,BEST_BID,"JPM,99439,240"
2019-06-28 11:24:30.000000000,BEST_ASK,"JPM,99982,240"
2019-06-28 11:24:30.000000000,BEST_BID,"JPM,99439,240"
2019-06-28 11:24:30.000000000,BEST_ASK,"JPM,99982,240"
2019-06-28 11:24:40.000000000,QUERY_SPREAD,1
2019-06-28 11:24:40.000000000,BEST_BID,"JPM,99439,240"
2019-06-28 11:24:40.000000000,BEST_ASK,"JPM,99982,100"
2019-06-28 11:24:40.000000000,BEST_BID,"JPM,99439,240"
2019-06-28 11:24:40.000000000,BEST_ASK,"JPM,99982,100"
2019-06-28 11:24:40.000000000,BEST_BID,"JPM,99439,240"
2019-06-28 11:24:40.000000000,BEST_ASK,"JPM,99982,240"
2019-06-28 11:24:40.000000000,BEST_BID,"JPM,99439,240"
2019-06-28 11:24:40.000000000,BEST_ASK,"JPM,99982,240"
2019-06-28 11:24:50.000000000,QUERY_SPREAD,1
2019-06-28 11:24:50.000000000,BEST_BID,"JPM,99439,195"
2019-06-28 11:24:50.000000000,BEST_ASK,"JPM,99982,100"
2019-06-28 11:24:50.000000000,BEST_BID,"JPM,99439,195"
2019-06-28 11:24:50.000000000,BEST_ASK,"JPM,99982,100"
2019-06-28 11:24:50.000000000,BEST_BID,"JPM,99439,195"
2019-06-28 11:24:50.000000000,BEST_ASK,"JPM,99982,100"
2019-06-28 11:24:50.000000000,BEST_BID,"JPM,99439,195"
2019-06-28 11:24:50.000000000,BEST_ASK,"JPM,99982,195"
2019-06-28 11:24:50.000000000,BEST_BID,"JPM,99439,195"
2019-06-28 11:24:50.000000000,BEST_ASK,"JPM,99982,195"
2019-06-28 11:24:50.000000000,BEST_BID,"JPM,99439,195"
2019-06-28 11:24:50.000000000,BEST_ASK,"JPM,99982,195"
2019-06-28 11:24:51.270447083,QUERY_SPREAD,24
2019-06-28 11:24:51.270447083,BEST_BID,"JPM,99439,195"
2019-06-28 11:24:51.270447083,BEST_ASK,"JPM,99982,95"
2019-06-28 11:24:51.270447083,LAST_TRADE,"100,$99982.0000"
2019-06-28 11:24:54.234496014,QUERY_ORDER_STREAM,70
2019-06-28 11:24:54.234496014,QUERY_SPREAD,70
2019-06-28 11:24:54.234496014,BEST_BID,"JPM,99900,100"
2019-06-28 11:24:54.234496014,BEST_ASK,"JPM,99982,95"
2019-06-28 11:25:00.000000000,QUERY_SPREAD,1
2019-06-28 11:25:00.000000000,BEST_BID,"JPM,99900,240"
2019-06-28 11:25:00.000000000,BEST_ASK,"JPM,100092,100"
2019-06-28 11:25:00.000000000,BEST_BID,"JPM,99900,240"
2019-06-28 11:25:00.000000000,BEST_ASK,"JPM,100092,100"
2019-06-28 11:25:00.000000000,BEST_BID,"JPM,99900,240"
2019-06-28 11:25:00.000000000,BEST_ASK,"JPM,100092,240"
2019-06-28 11:25:00.000000000,BEST_BID,"JPM,99900,240"
2019-06-28 11:25:00.000000000,BEST_ASK,"JPM,100092,240"
2019-06-28 11:25:00.000000000,QUERY_SPREAD,77
2019-06-28 11:25:00.000000000,BEST_BID,"JPM,99900,239"
2019-06-28 11:25:00.000000000,BEST_ASK,"JPM,100092,240"
2019-06-28 11:25:00.000000000,LAST_TRADE,"1,$99900.0000"
2019-06-28 11:25:00.000000000,QUERY_SPREAD,78
2019-06-28 11:25:00.000000000,BEST_BID,"JPM,99900,235"
2019-06-28 11:25:00.000000000,BEST_ASK,"JPM,100092,240"
2019-06-28 11:25:00.000000000,LAST_TRADE,"4,$99900.0000"
2019-06-28 11:25:00.000000000,QUERY_SPREAD,79
2019-06-28 11:25:00.000000000,BEST_BID,"JPM,99900,229"
2019-06-28 11:25:00.000000000,BEST_ASK,"JPM,100092,240"
2019-06-28 11:25:00.000000000,LAST_TRADE,"6,$99900.0000"
2019-06-28 11:25:00.000000000,QUERY_SPREAD,80
2019-06-28 11:25:00.000000000,BEST_BID,"JPM,99900,224"
2019-06-28 11:25:00.000000000,BEST_ASK,"JPM,100092,240"
2019-06-28 11:25:00.000000000,LAST_TRADE,"5,$99900.0000"
2019-06-28 11:25:00.000000000,QUERY_SPREAD,81
2019-06-28 11:25:00.000000000,BEST_BID,"JPM,99900,216"
2019-06-28 11:25:00.000000000,BEST_ASK,"JPM,100092,240"
2019-06-28 11:25:00.000000000,LAST_TRADE,"8,$99900.0000"
2019-06-28 11:25:00.000000000,QUERY_SPREAD,82
2019-06-28 11:25:00.000000000,BEST_BID,"JPM,99900,208"
2019-06-28 11:25:00.000000000,BEST_ASK,"JPM,100092,240"
2019-06-28 11:25:00.000000000,LAST_TRADE,"8,$99900.0000"
2019-06-28 11:25:00.000000000,QUERY_SPREAD,83
2019-06-28 11:25:00.000000000,BEST_BID,"JPM,99900,206"
2019-06-28 11:25:00.000000000,BEST_ASK,"JPM,100092,240"
2019-06-28 11:25:00.000000000,LAST_TRADE,"2,$99900.0000"
2019-06-28 11:25:00.000000000,QUERY_SPREAD,84
2019-06-28 11:25:00.000000000,BEST_BID,"JPM,99900,205"
2019-06-28 11:25:00.000000000,BEST_ASK,"JPM,100092,240"
2019-06-28 11:25:00.000000000,LAST_TRADE,"1,$99900.0000"
2019-06-28 11:25:00.000000000,QUERY_SPREAD,85
2019-06-28 11:25:00.000000000,BEST_BID,"JPM,99900,204"
2019-06-28 11:25:00.000000000,BEST_ASK,"JPM,100092,240"
2019-06-28 11:25:00.000000000,LAST_TRADE,"1,$99900.0000"
2019-06-28 11:25:00.000000000,QUERY_SPREAD,86
2019-06-28 11:25:00.000000000,BEST_BID,"JPM,99900,198"
2019-06-28 11:25:00.000000000,BEST_ASK,"JPM,100092,240"
2019-06-28 11:25:00.000000000,LAST_TRADE,"6,$99900.0000"
2019-06-28 11:25:00.000000000,QUERY_SPREAD,87
2019-06-28 11:25:00.000000000,BEST_BID,"JPM,99900,195"
2019-06-28 11:25:00.000000000,BEST_ASK,"JPM,100092,240"
2019-06-28 11:25:00.000000000,LAST_TRADE,"3,$99900.0000"
2019-06-28 11:25:00.000000000,QUERY_SPREAD,88
2019-06-28 11:25:00.000000000,BEST_BID,"JPM,99900,191"
2019-06-28 11:25:00.000000000,BEST_ASK,"JPM,100092,240"
2019-06-28 11:25:00.000000000,LAST_TRADE,"4,$99900.0000"
2019-06-28 11:25:00.000000000,QUERY_SPREAD,89
2019-06-28 11:25:00.000000000,BEST_BID,"JPM,99900,187"
2019-06-28 11:25:00.000000000,BEST_ASK,"JPM,100092,240"
2019-06-28 11:25:00.000000000,LAST_TRADE,"4,$99900.0000"
2019-06-28 11:25:00.000000000,QUERY_SPREAD,90
2019-06-28 11:25:00.000000000,BEST_BID,"JPM,99900,180"
2019-06-28 11:25:00.000000000,BEST_ASK,"JPM,100092,240"
2019-06-28 11:25:00.000000000,LAST_TRADE,"7,$99900.0000"
2019-06-28 11:25:00.000000000,QUERY_SPREAD,91
2019-06-28 11:25:00.000000000,BEST_BID,"JPM,99900,172"
2019-06-28 11:25:00.000000000,BEST_ASK,"JPM,100092,240"
2019-06-28 11:25:00.000000000,LAST_TRADE,"8,$99900.0000"
2019-06-28 11:25:00.000000000,QUERY_SPREAD,92
2019-06-28 11:25:00.000000000,BEST_BID,"JPM,99900,167"
2019-06-28 11:25:00.000000000,BEST_ASK,"JPM,100092,240"
2019-06-28 11:25:00.000000000,LAST_TRADE,"5,$99900.0000"
2019-06-28 11:25:00.000000000,QUERY_SPREAD,93
2019-06-28 11:25:00.000000000,BEST_BID,"JPM,99900,164"
2019-06-28 11:25:00.000000000,BEST_ASK,"JPM,100092,240"
2019-06-28 11:25:00.000000000,LAST_TRADE,"3,$99900.0000"
2019-06-28 11:25:00.000000000,QUERY_SPREAD,94
2019-06-28 11:25:00.000000000,BEST_BID,"JPM,99900,160"
2019-06-28 11:25:00.000000000,BEST_ASK,"JPM,100092,240"
2019-06-28 11:25:00.000000000,LAST_TRADE,"4,$99900.0000"
2019-06-28 11:25:00.000000000,QUERY_SPREAD,95
2019-06-28 11:25:00.000000000,BEST_BID,"JPM,99900,155"
2019-06-28 11:25:00.000000000,BEST_ASK,"JPM,100092,240"
2019-06-28 11:25:00.000000000,LAST_TRADE,"5,$99900.0000"
2019-06-28 11:25:00.000000000,QUERY_SPREAD,96
2019-06-28 11:25:00.000000000,BEST_BID,"JPM,99900,154"
2019-06-28 11:25:00.000000000,BEST_ASK,"JPM,100092,240"
2019-06-28 11:25:00.000000000,LAST_TRADE,"1,$99900.0000"
2019-06-28 11:25:00.000000000,QUERY_SPREAD,97
2019-06-28 11:25:00.000000000,BEST_BID,"JPM,99900,147"
2019-06-28 11:25:00.000000000,BEST_ASK,"JPM,100092,240"
2019-06-28 11:25:00.000000000,LAST_TRADE,"7,$99900.0000"
2019-06-28 11:25:00.000000000,QUERY_SPREAD,98
2019-06-28 11:25:00.000000000,BEST_BID,"JPM,99900,141"
2019-06-28 11:25:00.000000000,BEST_ASK,"JPM,100092,240"
2019-06-28 11:25:00.000000000,LAST_TRADE,"6,$99900.0000"
2019-06-28 11:25:00.000000000,QUERY_SPREAD,99
2019-06-28 11:25:00.000000000,BEST_BID,"JPM,99900,136"
2019-06-28 11:25:00.000000000,BEST_ASK,"JPM,100092,240"
2019-06-28 11:25:00.000000000,LAST_TRADE,"5,$99900.0000"
2019-06-28 11:25:00.000000000,QUERY_SPREAD,100
2019-06-28 11:25:00.000000000,BEST_BID,"JPM,99900,129"
2019-06-28 11:25:00.000000000,BEST_ASK,"JPM,100092,240"
2019-06-28 11:25:00.000000000,LAST_TRADE,"7,$99900.0000"
2019-06-28 11:25:00.000000000,QUERY_SPREAD,101
2019-06-28 11:25:00.000000000,QUERY_ORDER_STREAM,101
2019-06-28 11:25:10.000000000,QUERY_SPREAD,1
2019-06-28 11:25:10.000000000,BEST_BID,"JPM,99439,170"
2019-06-28 11:25:10.000000000,BEST_ASK,"JPM,100092,100"
2019-06-28 11:25:10.000000000,BEST_BID,"JPM,99439,170"
2019-06-28 11:25:10.000000000,BEST_ASK,"JPM,100092,100"
2019-06-28 11:25:10.000000000,BEST_BID,"JPM,99439,170"
2019-06-28 11:25:10.000000000,BEST_ASK,"JPM,100092,100"
2019-06-28 11:25:10.000000000,BEST_BID,"JPM,99439,170"
2019-06-28 11:25:10.000000000,BEST_ASK,"JPM,100092,100"
2019-06-28 11:25:10.000000000,BEST_BID,"JPM,99439,170"
2019-06-28 11:25:10.000000000,BEST_ASK,"JPM,100092,170"
2019-06-28 11:25:10.000000000,BEST_BID,"JPM,99439,170"
2019-06-28 11:25:10.000000000,BEST_ASK,"JPM,100092,170"
2019-06-28 11:25:10.000000000,BEST_BID,"JPM,99439,170"
2019-06-28 11:25:10.000000000,BEST_ASK,"JPM,100092,170"
2019-06-28 11:25:10.000000000,BEST_BID,"JPM,99439,170"
2019-06-28 11:25:10.000000000,BEST_ASK,"JPM,100092,170"
2019-06-28 11:25:20.000000000,QUERY_SPREAD,1
2019-06-28 11:25:20.000000000,BEST_BID,"JPM,99439,240"
2019-06-28 11:25:20.000000000,BEST_ASK,"JPM,100092,100"
2019-06-28 11:25:20.000000000,BEST_BID,"JPM,99439,240"
2019-06-28 11:25:20.000000000,BEST_ASK,"JPM,100092,100"
2019-06-28 11:25:20.000000000,BEST_BID,"JPM,99439,240"
2019-06-28 11:25:20.000000000,BEST_ASK,"JPM,100092,240"
2019-06-28 11:25:20.000000000,BEST_BID,"JPM,99439,240"
2019-06-28 11:25:20.000000000,BEST_ASK,"JPM,100092,240"
2019-06-28 11:25:21.739454745,QUERY_SPREAD,23
2019-06-28 11:25:21.739454745,BEST_BID,"JPM,99439,240"
2019-06-28 11:25:21.739454745,BEST_ASK,"JPM,100092,240"
2019-06-28 11:25:30.000000000,QUERY_SPREAD,1
2019-06-28 11:25:30.000000000,BEST_BID,"JPM,99439,170"
2019-06-28 11:25:30.000000000,BEST_ASK,"JPM,100092,100"
2019-06-28 11:25:30.000000000,BEST_BID,"JPM,99439,170"
2019-06-28 11:25:30.000000000,BEST_ASK,"JPM,100092,100"
2019-06-28 11:25:30.000000000,BEST_BID,"JPM,99439,170"
2019-06-28 11:25:30.000000000,BEST_ASK,"JPM,100092,100"
2019-06-28 11:25:30.000000000,BEST_BID,"JPM,99439,170"
2019-06-28 11:25:30.000000000,BEST_ASK,"JPM,100092,100"
2019-06-28 11:25:30.000000000,BEST_BID,"JPM,99439,170"
2019-06-28 11:25:30.000000000,BEST_ASK,"JPM,100092,170"
2019-06-28 11:25:30.000000000,BEST_BID,"JPM,99439,170"
2019-06-28 11:25:30.000000000,BEST_ASK,"JPM,100092,170"
2019-06-28 11:25:30.000000000,BEST_BID,"JPM,99439,170"
2019-06-28 11:25:30.000000000,BEST_ASK,"JPM,100092,170"
2019-06-28 11:25:30.000000000,BEST_BID,"JPM,99439,170"
2019-06-28 11:25:30.000000000,BEST_ASK,"JPM,100092,170"
2019-06-28 11:25:37.518781073,QUERY_SPREAD,33
2019-06-28 11:25:37.518781073,BEST_BID,"JPM,99439,170"
2019-06-28 11:25:37.518781073,BEST_ASK,"JPM,100092,70"
2019-06-28 11:25:37.518781073,LAST_TRADE,"100,$100092.0000"
2019-06-28 11:25:38.276512517,QUERY_SPREAD,42
2019-06-28 11:25:38.276512517,BEST_BID,"JPM,100092,30"
2019-06-28 11:25:38.276512517,BEST_ASK,"JPM,100142,132"
2019-06-28 11:25:38.276512517,LAST_TRADE,"70,$100092.0000"
2019-06-28 11:25:40.000000000,QUERY_SPREAD,1
2019-06-28 11:25:40.000000000,BEST_BID,"JPM,100092,86"
2019-06-28 11:25:40.000000000,BEST_ASK,"JPM,100142,62"
2019-06-28 11:25:40.000000000,BEST_BID,"JPM,100092,86"
2019-06-28 11:25:40.000000000,BEST_ASK,"JPM,100142,62"
2019-06-28 11:25:40.000000000,BEST_BID,"JPM,100092,86"
2019-06-28 11:25:40.000000000,BEST_ASK,"JPM,100142,62"
2019-06-28 11:25:40.000000000,BEST_BID,"JPM,100092,86"
2019-06-28 11:25:40.000000000,BEST_ASK,"JPM,100142,62"
2019-06-28 11:25:40.000000000,BEST_BID,"JPM,100092,86"
2019-06-28 11:25:40.000000000,BEST_ASK,"JPM,100142,62"
2019-06-28 11:25:40.000000000,BEST_BID,"JPM,100092,86"
2019-06-28 11:25:40.000000000,BEST_ASK,"JPM,100142,118"
2019-06-28 11:25:40.000000000,BEST_BID,"JPM,100092,86"
2019-06-28 11:25:40.000000000,BEST_ASK,"JPM,100142,118"
2019-06-28 11:25:40.000000000,BEST_BID,"JPM,100092,86"
2019-06-28 11:25:40.000000000,BEST_ASK,"JPM,100142,118"
2019-06-28 11:25:40.000000000,BEST_BID,"JPM,100092,86"
2019-06-28 11:25:40.000000000,BEST_ASK,"JPM,100142,118"
2019-06-28 11:25:40.000000000,BEST_BID,"JPM,100092,86"
2019-06-28 11:25:40.000000000,BEST_ASK,"JPM,100142,118"
2019-06-28 11:25:50.000000000,QUERY_SPREAD,1
2019-06-28 11:25:50.000000000,BEST_BID,"JPM,100092,125"
2019-06-28 11:25:50.000000000,BEST_ASK,"JPM,100142,62"
2019-06-28 11:25:50.000000000,BEST_BID,"JPM,100092,125"
2019-06-28 11:25:50.000000000,BEST_ASK,"JPM,100142,62"
2019-06-28 11:25:50.000000000,BEST_BID,"JPM,100092,125"
2019-06-28 11:25:50.000000000,BEST_ASK,"JPM,100142,62"
2019-06-28 11:25:50.000000000,BEST_BID,"JPM,100092,125"
2019-06-28 11:25:50.000000000,BEST_ASK,"JPM,100142,157"
2019-06-28 11:25:50.000000000,BEST_BID,"JPM,100092,125"
2019-06-28 11:25:50.000000000,BEST_ASK,"JPM,100142,157"
2019-06-28 11:25:50.000000000,BEST_BID,"JPM,100092,125"
2019-06-28 11:25:50.000000000,BEST_ASK,"JPM,100142,157"
2019-06-28 11:25:56.455783684,QUERY_SPREAD,6
2019-06-28 11:25:56.455783684,BEST_BID,"JPM,100092,125"
2019-06-28 11:25:56.455783684,BEST_ASK,"JPM,100142,157"
2019-06-28 11:26:00.000000000,QUERY_SPREAD,1
2019-06-28 11:26:00.000000000,BEST_BID,"JPM,100092,170"
2019-06-28 11:26:00.000000000,BEST_ASK,"JPM,100142,62"
2019-06-28 11:26:00.000000000,BEST_BID,"JPM,100092,170"
2019-06-28 11:26:00.000000000,BEST_ASK,"JPM,100142,62"
2019-06-28 11:26:00.000000000,BEST_BID,"JPM,100092,170"
2019-06-28 11:26:00.000000000,BEST_ASK,"JPM,100142,202"
2019-06-28 11:26:00.000000000,BEST_BID,"JPM,100092,170"
2019-06-28 11:26:00.000000000,BEST_ASK,"JPM,100142,202"
2019-06-28 11:26:00.000000000,QUERY_SPREAD,77
2019-06-28 11:26:00.000000000,BEST_BID,"JPM,100092,169"
2019-06-28 11:26:00.000000000,BEST_ASK,"JPM,100142,202"
2019-06-28 11:26:00.000000000,LAST_TRADE,"1,$100092.0000"
2019-06-28 11:26:00.000000000,QUERY_SPREAD,78
2019-06-28 11:26:00.000000000,BEST_BID,"JPM,100092,165"
2019-06-28 11:26:00.000000000,BEST_ASK,"JPM,100142,202"
2019-06-28 11:26:00.000000000,LAST_TRADE,"4,$100092.0000"
2019-06-28 11:26:00.000000000,QUERY_SPREAD,79
2019-06-28 11:26:00.000000000,BEST_BID,"JPM,100092,159"
2019-06-28 11:26:00.000000000,BEST_ASK,"JPM,100142,202"
2019-06-28 11:26:00.000000000,LAST_TRADE,"6,$100092.0000"
2019-06-28 11:26:00.000000000,QUERY_SPREAD,80
2019-06-28 11:26:00.000000000,BEST_BID,"JPM,100092,154"
2019-06-28 11:26:00.000000000,BEST_ASK,"JPM,100142,202"
2019-06-28 11:26:00.000000000,LAST_TRADE,"5,$100092.0000"
2019-06-28 11:26:00.000000000,QUERY_SPREAD,81
2019-06-28 11:26:00.000000000,BEST_BID,"JPM,100092,146"
2019-06-28 11:26:00.000000000,BEST_ASK,"JPM,100142,202"
2019-06-28 11:26:00.000000000,LAST_TRADE,"8,$100092.0000"
2019-06-28 11:26:00.000000000,QUERY_SPREAD,82
2019-06-28 11:26:00.000000000,BEST_BID,"JPM,100092,138"
2019-06-28 11:26:00.000000000,BEST_ASK,"JPM,100142,202"
2019-06-28 11:26:00.000000000,LAST_TRADE,"8,$100092.0000"
2019-06-28 11:26:00.000000000,QUERY_SPREAD,83
2019-06-28 11:26:00.000000000,BEST_BID,"JPM,100092,136"
2019-06-28 11:26:00.000000000,BEST_ASK,"JPM,100142,202"
2019-06-28 11:26:00.000000000,LAST_TRADE,"2,$100092.0000"
2019-06-28 11:26:00.000000000,QUERY_SPREAD,84
2019-06-28 11:26:00.000000000,BEST_BID,"JPM,100092,135"
2019-06-28 11:26:00.000000000,BEST_ASK,"JPM,100142,202"
2019-06-28 11:26:00.000000000,LAST_TRADE,"1,$100092.0000"
2019-06-28 11:26:00.000000000,QUERY_SPREAD,85
2019-06-28 11:26:00.000000000,BEST_BID,"JPM,100092,134"
2019-06-28 11:26:00.000000000,BEST_ASK,"JPM,100142,202"
2019-06-28 11:26:00.000000000,LAST_TRADE,"1,$100092.0000"
2019-06-28 11:26:00.000000000,QUERY_SPREAD,86
2019-06-28 11:26:00.000000000,BEST_BID,"JPM,100092,128"
2019-06-28 11:26:00.000000000,BEST_ASK,"JPM,100142,202"
2019-06-28 11:26:00.000000000,LAST_TRADE,"6,$100092.0000"
2019-06-28 11:26:00.000000000,QUERY_SPREAD,87
2019-06-28 11:26:00.000000000,BEST_BID,"JPM,100092,125"
2019-06-28 11:26:00.000000000,BEST_ASK,"JPM,100142,202"
2019-06-28 11:26:00.000000000,LAST_TRADE,"3,$100092.0000"
2019-06-28 11:26:00.000000000,QUERY_SPREAD,88
2019-06-28 11:26:00.000000000,BEST_BID,"JPM,100092,121"
2019-06-28 11:26:00.000000000,BEST_ASK,"JPM,100142,202"
2019-06-28 11:26:00.000000000,LAST_TRADE,"4,$100092.0000"
2019-06-28 11:26:00.000000000,QUERY_SPREAD,89
2019-06-28 11:26:00.000000000,BEST_BID,"JPM,100092,117"
2019-06-28 11:26:00.000000000,BEST_ASK,"JPM,100142,202"
2019-06-28 11:26:00.000000000,LAST_TRADE,"4,$100092.0000"
2019-06-28 11:26:00.000000000,QUERY_SPREAD,90
2019-06-28 11:26:00.000000000,BEST_BID,"JPM,100092,110"
2019-06-28 11:26:00.000000000,BEST_ASK,"JPM,100142,202"
2019-06-28 11:26:00.000000000,LAST_TRADE,"7,$100092.0000"
2019-06-28 11:26:00.000000000,QUERY_SPREAD,91
2019-06-28 11:26:00.000000000,BEST_BID,"JPM,100092,102"
2019-06-28 11:26:00.000000000,BEST_ASK,"JPM,100142,202"
2019-06-28 11:26:00.000000000,LAST_TRADE,"8,$100092.0000"
2019-06-28 11:26:00.000000000,QUERY_SPREAD,92
2019-06-28 11:26:00.000000000,BEST_BID,"JPM,100092,97"
2019-06-28 11:26:00.000000000,BEST_ASK,"JPM,100142,202"
2019-06-28 11:26:00.000000000,LAST_TRADE,"5,$100092.0000"
2019-06-28 11:26:00.000000000,QUERY_SPREAD,93
2019-06-28 11:26:00.000000000,BEST_BID,"JPM,100092,94"
2019-06-28 11:26:00.000000000,BEST_ASK,"JPM,100142,202"
2019-06-28 11:26:00.000000000,LAST_TRADE,"3,$100092.0000"
2019-06-28 11:26:00.000000000,QUERY_SPREAD,94
2019-06-28 11:26:00.000000000,BEST_BID,"JPM,100092,90"
2019-06-28 11:26:00.000000000,BEST_ASK,"JPM,100142,202"
2019-06-28 11:26:00.000000000,LAST_TRADE,"4,$100092.0000"
2019-06-28 11:26:00.000000000,QUERY_SPREAD,95
2019-06-28 11:26:00.000000000,BEST_BID,"JPM,100092,85"
2019-06-28 11:26:00.000000000,BEST_ASK,"JPM,100142,202"
2019-06-28 11:26:00.000000000,LAST_TRADE,"5,$100092.0000"
2019-06-28 11:26:00.000000000,QUERY_SPREAD,96
2019-06-28 11:26:00.000000000,BEST_BID,"JPM,100092,84"
2019-06-28 11:26:00.000000000,BEST_ASK,"JPM,100142,202"
2019-06-28 11:26:00.000000000,LAST_TRADE,"1,$100092.0000"
2019-06-28 11:26:00.000000000,QUERY_SPREAD,97
2019-06-28 11:26:00.000000000,BEST_BID,"JPM,100092,77"
2019-06-28 11:26:00.000000000,BEST_ASK,"JPM,100142,202"
2019-06-28 11:26:00.000000000,LAST_TRADE,"7,$100092.0000"
2019-06-28 11:26:00.000000000,QUERY_SPREAD,98
2019-06-28 11:26:00.000000000,BEST_BID,"JPM,100092,71"
2019-06-28 11:26:00.000000000,BEST_ASK,"JPM,100142,202"
2019-06-28 11:26:00.000000000,LAST_TRADE,"6,$100092.0000"
2019-06-28 11:26:00.000000000,QUERY_SPREAD,99
2019-06-28 11:26:00.000000000,BEST_BID,"JPM,100092,66"
2019-06-28 11:26:00.000000000,BEST_ASK,"JPM,100142,202"
2019-06-28 11:26:00.000000000,LAST_TRADE,"5,$100092.0000"
2019-06-28 11:26:00.000000000,QUERY_SPREAD,100
2019-06-28 11:26:00.000000000,BEST_BID,"JPM,100092,59"
2019-06-28 11:26:00.000000000,BEST_ASK,"JPM,100142,202"
2019-06-28 11:26:00.000000000,LAST_TRADE,"7,$100092.0000"
2019-06-28 11:26:00.000000000,QUERY_SPREAD,101
2019-06-28 11:26:00.000000000,QUERY_ORDER_STREAM,101
2019-06-28 11:26:10.000000000,QUERY_SPREAD,1
2019-06-28 11:26:10.000000000,BEST_BID,"JPM,99439,240"
2019-06-28 11:26:10.000000000,BEST_ASK,"JPM,100142,62"
2019-06-28 11:26:10.000000000,BEST_BID,"JPM,99439,240"
2019-06-28 11:26:10.000000000,BEST_ASK,"JPM,100142,62"
2019-06-28 11:26:10.000000000,BEST_BID,"JPM,99439,240"
2019-06-28 11:26:10.000000000,BEST_ASK,"JPM,100142,202"
2019-06-28 11:26:10.000000000,BEST_BID,"JPM,99439,240"
2019-06-28 11:26:10.000000000,BEST_ASK,"JPM,100142,202"
2019-06-28 11:26:20.000000000,QUERY_SPREAD,1
2019-06-28 11:26:20.000000000,BEST_BID,"JPM,99439,195"
2019-06-28 11:26:20.000000000,BEST_ASK,"JPM,100142,62"
2019-06-28 11:26:20.000000000,BEST_BID,"JPM,99439,195"
2019-06-28 11:26:20.000000000,BEST_ASK,"JPM,100142,62"
2019-06-28 11:26:20.000000000,BEST_BID,"JPM,99439,195"
2019-06-28 11:26:20.000000000,BEST_ASK,"JPM,100142,62"
2019-06-28 11:26:20.000000000,BEST_BID,"JPM,99439,195"
2019-06-28 11:26:20.000000000,BEST_ASK,"JPM,100142,157"
2019-06-28 11:26:20.000000000,BEST_BID,"JPM,99439,195"
2019-06-28 11:26:20.000000000,BEST_ASK,"JPM,100142,157"
2019-06-28 11:26:20.000000000,BEST_BID,"JPM,99439,195"
2019-06-28 11:26:20.000000000,BEST_ASK,"JPM,100142,157"
2019-06-28 11:26:27.879900824,QUERY_ORDER_STREAM,73
2019-06-28 11:26:27.879900824,QUERY_SPREAD,73
2019-06-28 11:26:27.879900824,BEST_BID,"JPM,100092,100"
2019-06-28 11:26:27.879900824,BEST_ASK,"JPM,100142,157"
2019-06-28 11:26:30.000000000,QUERY_SPREAD,1
2019-06-28 11:26:30.000000000,BEST_BID,"JPM,100092,380"
2019-06-28 11:26:30.000000000,BEST_ASK,"JPM,100142,62"
2019-06-28 11:26:30.000000000,BEST_BID,"JPM,100092,380"
2019-06-28 11:26:30.000000000,BEST_ASK,"JPM,100142,342"
2019-06-28 11:26:40.000000000,QUERY_SPREAD,1
2019-06-28 11:26:40.000000000,BEST_BID,"JPM,100092,195"
2019-06-28 11:26:40.000000000,BEST_ASK,"JPM,100142,62"
2019-06-28 11:26:40.000000000,BEST_BID,"JPM,100092,195"
2019-06-28 11:26:40.000000000,BEST_ASK,"JPM,100142,62"
2019-06-28 11:26:40.000000000,BEST_BID,"JPM,100092,195"
2019-06-28 11:26:40.000000000,BEST_ASK,"JPM,100142,62"
2019-06-28 11:26:40.000000000,BEST_BID,"JPM,100092,195"
2019-06-28 11:26:40.000000000,BEST_ASK,"JPM,100142,157"
2019-06-28 11:26:40.000000000,BEST_BID,"JPM,100092,195"
2019-06-28 11:26:40.000000000,BEST_ASK,"JPM,100142,157"
2019-06-28 11:26:40.000000000,BEST_BID,"JPM,100092,195"
2019-06-28 11:26:40.000000000,BEST_ASK,"JPM,100142,157"
2019-06-28 11:26:49.620695034,QUERY_SPREAD,47
2019-06-28 11:26:49.620695034,BEST_BID,"JPM,100092,195"
2019-06-28 11:26:49.620695034,BEST_ASK,"JPM,100142,57"
2019-06-28 11:26:49.620695034,LAST_TRADE,"100,$100142.0000"
2019-06-28 11:26:50.000000000,QUERY_SPREAD,1
2019-06-28 11:26:50.000000000,BEST_BID,"JPM,100092,240"
2019-06-28 11:26:50.000000000,BEST_ASK,"JPM,100197,100"
2019-06-28 11:26:50.000000000,BEST_BID,"JPM,100092,240"
2019-06-28 11:26:50.000000000,BEST_ASK,"JPM,100197,100"
2019-06-28 11:26:50.000000000,BEST_BID,"JPM,100092,240"
2019-06-28 11:26:50.000000000,BEST_ASK,"JPM,100197,240"
2019-06-28 11:26:50.000000000,BEST_BID,"JPM,100092,240"
2019-06-28 11:26:50.000000000,BEST_ASK,"JPM,100197,240"
2019-06-28 11:26:59.320168140,QUERY_SPREAD,40
2019-06-28 11:26:59.320168140,BEST_BID,"JPM,100092,240"
2019-06-28 11:26:59.320168140,BEST_ASK,"JPM,100197,240"
2019-06-28 11:27:00.000000000,QUERY_SPREAD,1
2019-06-28 11:27:00.000000000,BEST_BID,"JPM,100092,240"
2019-06-28 11:27:00.000000000,BEST_ASK,"JPM,100197,100"
2019-06-28 11:27:00.000000000,BEST_BID,"JPM,100092,240"
2019-06-28 11:27:00.000000000,BEST_ASK,"JPM,100197,100"
2019-06-28 11:27:00.000000000,BEST_BID,"JPM,100092,240"
2019-06-28 11:27:00.000000000,BEST_ASK,"JPM,100197,240"
2019-06-28 11:27:00.000000000,BEST_BID,"JPM,100092,240"
2019-06-28 11:27:00.000000000,BEST_ASK,"JPM,100197,240"
2019-06-28 11:27:00.000000000,QUERY_SPREAD,77
2019-06-28 11:27:00.000000000,BEST_BID,"JPM,100092,239"
2019-06-28 11:27:00.000000000,BEST_ASK,"JPM,100197,240"
2019-06-28 11:27:00.000000000,LAST_TRADE,"1,$100092.0000"
2019-06-28 11:27:00.000000000,QUERY_SPREAD,78
2019-06-28 11:27:00.000000000,BEST_BID,"JPM,100092,235"
2019-06-28 11:27:00.000000000,BEST_ASK,"JPM,100197,240"
2019-06-28 11:27:00.000000000,LAST_TRADE,"4,$100092.0000"
2019-06-28 11:27:00.000000000,QUERY_SPREAD,79
2019-06-28 11:27:00.000000000,BEST_BID,"JPM,100092,229"
2019-06-28 11:27:00.000000000,BEST_ASK,"JPM,100197,240"
2019-06-28 11:27:00.000000000,LAST_TRADE,"6,$100092.0000"
2019-06-28 11:27:00.000000000,QUERY_SPREAD,80
2019-06-28 11:27:00.000000000,BEST_BID,"JPM,100092,224"
2019-06-28 11:27:00.000000000,BEST_ASK,"JPM,100197,240"
2019-06-28 11:27:00.000000000,LAST_TRADE,"5,$100092.0000"
2019-06-28 11:27:00.000000000,QUERY_SPREAD,81
2019-06-28 11:27:00.000000000,BEST_BID,"JPM,100092,216"
2019-06-28 11:27:00.000000000,BEST_ASK,"JPM,100197,240"
2019-06-28 11:27:00.000000000,LAST_TRADE,"8,$100092.0000"
2019-06-28 11:27:00.000000000,QUERY_SPREAD,82
2019-06-28 11:27:00.000000000,BEST_BID,"JPM,100092,208"
2019-06-28 11:27:00.000000000,BEST_ASK,"JPM,100197,240"
2019-06-28 11:27:00.000000000,LAST_TRADE,"8,$100092.0000"
2019-06-28 11:27:00.000000000,QUERY_SPREAD,83
2019-06-28 11:27:00.000000000,BEST_BID,"JPM,100092,206"
2019-06-28 11:27:00.000000000,BEST_ASK,"JPM,100197,240"
2019-06-28 11:27:00.000000000,LAST_TRADE,"2,$100092.0000"
2019-06-28 11:27:00.000000000,QUERY_SPREAD,84
2019-06-28 11:27:00.000000000,BEST_BID,"JPM,100092,205"
2019-06-28 11:27:00.000000000,BEST_ASK,"JPM,100197,240"
2019-06-28 11:27:00.000000000,LAST_TRADE,"1,$100092.0000"
2019-06-28 11:27:00.000000000,QUERY_SPREAD,85
2019-06-28 11:27:00.000000000,BEST_BID,"JPM,100092,204"
2019-06-28 11:27:00.000000000,BEST_ASK,"JPM,100197,240"
2019-06-28 11:27:00.000000000,LAST_TRADE,"1,$100092.0000"
2019-06-28 11:27:00.000000000,QUERY_SPREAD,86
2019-06-28 11:27:00.000000000,BEST_BID,"JPM,100092,198"
2019-06-28 11:27:00.000000000,BEST_ASK,"JPM,100197,240"
2019-06-28 11:27:00.000000000,LAST_TRADE,"6,$100092.0000"
2019-06-28 11:27:00.000000000,QUERY_SPREAD,87
2019-06-28 11:27:00.000000000,BEST_BID,"JPM,100092,195"
2019-06-28 11:27:00.000000000,BEST_ASK,"JPM,100197,240"
2019-06-28 11:27:00.000000000,LAST_TRADE,"3,$100092.0000"
2019-06-28 11:27:00.000000000,QUERY_SPREAD,88
2019-06-28 11:27:00.000000000,BEST_BID,"JPM,100092,191"
2019-06-28 11:27:00.000000000,BEST_ASK,"JPM,100197,240"
2019-06-28 11:27:00.000000000,LAST_TRADE,"4,$100092.0000"
2019-06-28 11:27:00.000000000,QUERY_SPREAD,89
2019-06-28 11:27:00.000000000,BEST_BID,"JPM,100092,187"
2019-06-28 11:27:00.000000000,BEST_ASK,"JPM,100197,240"
2019-06-28 11:27:00.000000000,LAST_TRADE,"4,$100092.0000"
2019-06-28 11:27:00.000000000,QUERY_SPREAD,90
2019-06-28 11:27:00.000000000,BEST_BID,"JPM,100092,180"
2019-06-28 11:27:00.000000000,BEST_ASK,"JPM,100197,240"
2019-06-28 11:27:00.000000000,LAST_TRADE,"7,$100092.0000"
2019-06-28 11:27:00.000000000,QUERY_SPREAD,91
2019-06-28 11:27:00.000000000,BEST_BID,"JPM,100092,172"
2019-06-28 11:27:00.000000000,BEST_ASK,"JPM,100197,240"
2019-06-28 11:27:00.000000000,LAST_TRADE,"8,$100092.0000"
2019-06-28 11:27:00.000000000,QUERY_SPREAD,92
2019-06-28 11:27:00.000000000,BEST_BID,"JPM,100092,167"
2019-06-28 11:27:00.000000000,BEST_ASK,"JPM,100197,240"
2019-06-28 11:27:00.000000000,LAST_TRADE,"5,$100092.0000"
2019-06-28 11:27:00.000000000,QUERY_SPREAD,93
2019-06-28 11:27:00.000000000,BEST_BID,"JPM,100092,164"
2019-06-28 11:27:00.000000000,BEST_ASK,"JPM,100197,240"
2019-06-28 11:27:00.000000000,LAST_TRADE,"3,$100092.0000"
2019-06-28 11:27:00.000000000,QUERY_SPREAD,94
2019-06-28 11:27:00.000000000,BEST_BID,"JPM,100092,160"
2019-06-28 11:27:00.000000000,BEST_ASK,"JPM,100197,240"
2019-06-28 11:27:00.000000000,LAST_TRADE,"4,$100092.0000"
2019-06-28 11:27:00.000000000,QUERY_SPREAD,95
2019-06-28 11:27:00.000000000,BEST_BID,"JPM,100092,155"
2019-06-28 11:27:00.000000000,BEST_ASK,"JPM,100197,240"
2019-06-28 11:27:00.000000000,LAST_TRADE,"5,$100092.0000"
2019-06-28 11:27:00.000000000,QUERY_SPREAD,96
2019-06-28 11:27:00.000000000,BEST_BID,"JPM,100092,154"
2019-06-28 11:27:00.000000000,BEST_ASK,"JPM,100197,240"
2019-06-28 11:27:00.000000000,LAST_TRADE,"1,$100092.0000"
2019-06-28 11:27:00.000000000,QUERY_SPREAD,97
2019-06-28 11:27:00.000000000,BEST_BID,"JPM,100092,147"
2019-06-28 11:27:00.000000000,BEST_ASK,"JPM,100197,240"
2019-06-28 11:27:00.000000000,LAST_TRADE,"7,$100092.0000"
2019-06-28 11:27:00.000000000,QUERY_SPREAD,98
2019-06-28 11:27:00.000000000,BEST_BID,"JPM,100092,141"
2019-06-28 11:27:00.000000000,BEST_ASK,"JPM,100197,240"
2019-06-28 11:27:00.000000000,LAST_TRADE,"6,$100092.0000"
2019-06-28 11:27:00.000000000,QUERY_SPREAD,99
2019-06-28 11:27:00.000000000,BEST_BID,"JPM,100092,136"
2019-06-28 11:27:00.000000000,BEST_ASK,"JPM,100197,240"
2019-06-28 11:27:00.000000000,LAST_TRADE,"5,$100092.0000"
2019-06-28 11:27:00.000000000,QUERY_SPREAD,100
2019-06-28 11:27:00.000000000,BEST_BID,"JPM,100092,129"
2019-06-28 11:27:00.000000000,BEST_ASK,"JPM,100197,240"
2019-06-28 11:27:00.000000000,LAST_TRADE,"7,$100092.0000"
2019-06-28 11:27:00.000000000,QUERY_SPREAD,101
2019-06-28 11:27:00.000000000,QUERY_ORDER_STREAM,101
2019-06-28 11:27:05.843591439,QUERY_ORDER_STREAM,70
2019-06-28 11:27:05.843591439,QUERY_SPREAD,70
2019-06-28 11:27:10.000000000,QUERY_SPREAD,1
2019-06-28 11:27:10.000000000,BEST_BID,"JPM,99439,240"
2019-06-28 11:27:10.000000000,BEST_ASK,"JPM,100197,100"
2019-06-28 11:27:10.000000000,BEST_BID,"JPM,99439,240"
2019-06-28 11:27:10.000000000,BEST_ASK,"JPM,100197,100"
2019-06-28 11:27:10.000000000,BEST_BID,"JPM,99439,240"
2019-06-28 11:27:10.000000000,BEST_ASK,"JPM,100197,240"
2019-06-28 11:27:10.000000000,BEST_BID,"JPM,99439,240"
2019-06-28 11:27:10.000000000,BEST_ASK,"JPM,100197,240"
2019-06-28 11:27:20.000000000,QUERY_SPREAD,1
2019-06-28 11:27:20.000000000,BEST_BID,"JPM,99439,170"
2019-06-28 11:27:20.000000000,BEST_ASK,"JPM,100197,100"
2019-06-28 11:27:20.000000000,BEST_BID,"JPM,99439,170"
2019-06-28 11:27:20.000000000,BEST_ASK,"JPM,100197,100"
2019-06-28 11:27:20.000000000,BEST_BID,"JPM,99439,170"
2019-06-28 11:27:20.000000000,BEST_ASK,"JPM,100197,100"
2019-06-28 11:27:20.000000000,BEST_BID,"JPM,99439,170"
2019-06-28 11:27:20.000000000,BEST_ASK,"JPM,100197,100"
2019-06-28 11:27:20.000000000,BEST_BID,"JPM,99439,170"
2019-06-28 11:27:20.000000000,BEST_ASK,"JPM,100197,170"
2019-06-28 11:27:20.000000000,BEST_BID,"JPM,99439,170"
2019-06-28 11:27:20.000000000,BEST_ASK,"JPM,100197,170"
2019-06-28 11:27:20.000000000,BEST_BID,"JPM,99439,170"
2019-06-28 11:27:20.000000000,BEST_ASK,"JPM,100197,170"
2019-06-28 11:27:20.000000000,BEST_BID,"JPM,99439,170"
2019-06-28 11:27:20.000000000,BEST_ASK,"JPM,100197,170"
2019-06-28 11:27:20.719898042,QUERY_SPREAD,41
2019-06-28 11:27:20.719898042,BEST_BID,"JPM,99439,170"
2019-06-28 11:27:20.719898042,BEST_ASK,"JPM,100197,170"
2019-06-28 11:27:29.852947501,QUERY_ORDER_STREAM,54
2019-06-28 11:27:29.852947501,QUERY_SPREAD,54
2019-06-28 11:27:29.852947501,BEST_BID,"JPM,100092,100"
2019-06-28 11:27:29.852947501,BEST_ASK,"JPM,100197,170"
2019-06-28 11:27:30.000000000,QUERY_SPREAD,1
2019-06-28 11:27:30.000000000,BEST_BID,"JPM,100092,170"
2019-06-28 11:27:30.000000000,BEST_ASK,"JPM,100197,100"
2019-06-28 11:27:30.000000000,BEST_BID,"JPM,100092,170"
2019-06-28 11:27:30.000000000,BEST_ASK,"JPM,100197,100"
2019-06-28 11:27:30.000000000,BEST_BID,"JPM,100092,170"
2019-06-28 11:27:30.000000000,BEST_ASK,"JPM,100197,100"
2019-06-28 11:27:30.000000000,BEST_BID,"JPM,100092,170"
2019-06-28 11:27:30.000000000,BEST_ASK,"JPM,100197,100"
2019-06-28 11:27:30.000000000,BEST_BID,"JPM,100092,170"
2019-06-28 11:27:30.000000000,BEST_ASK,"JPM,100197,170"
2019-06-28 11:27:30.000000000,BEST_BID,"JPM,100092,170"
2019-06-28 11:27:30.000000000,BEST_ASK,"JPM,100197,170"
2019-06-28 11:27:30.000000000,BEST_BID,"JPM,100092,170"
2019-06-28 11:27:30.000000000,BEST_ASK,"JPM,100197,170"
2019-06-28 11:27:30.000000000,BEST_BID,"JPM,100092,170"
2019-06-28 11:27:30.000000000,BEST_ASK,"JPM,100197,170"
2019-06-28 11:27:35.003873676,QUERY_SPREAD,45
2019-06-28 11:27:35.003873676,BEST_BID,"JPM,100092,170"
2019-06-28 11:27:35.003873676,BEST_ASK,"JPM,100197,170"
2019-06-28 11:27:35.072062921,QUERY_SPREAD,7
2019-06-28 11:27:35.072062921,BEST_BID,"JPM,100092,170"
2019-06-28 11:27:35.072062921,BEST_ASK,"JPM,100197,70"
2019-06-28 11:27:35.072062921,LAST_TRADE,"100,$100197.0000"
2019-06-28 11:27:40.000000000,QUERY_SPREAD,1
2019-06-28 11:27:40.000000000,BEST_BID,"JPM,100092,170"
2019-06-28 11:27:40.000000000,BEST_ASK,"JPM,101003,100"
2019-06-28 11:27:40.000000000,BEST_BID,"JPM,100092,170"
2019-06-28 11:27:40.000000000,BEST_ASK,"JPM,101003,100"
2019-06-28 11:27:40.000000000,BEST_BID,"JPM,100092,170"
2019-06-28 11:27:40.000000000,BEST_ASK,"JPM,101003,100"
2019-06-28 11:27:40.000000000,BEST_BID,"JPM,100092,170"
2019-06-28 11:27:40.000000000,BEST_ASK,"JPM,101003,100"
2019-06-28 11:27:40.000000000,BEST_BID,"JPM,100092,170"
2019-06-28 11:27:40.000000000,BEST_ASK,"JPM,101003,170"
2019-06-28 11:27:40.000000000,BEST_BID,"JPM,100092,170"
2019-06-28 11:27:40.000000000,BEST_ASK,"JPM,101003,170"
2019-06-28 11:27:40.000000000,BEST_BID,"JPM,100092,170"
2019-06-28 11:27:40.000000000,BEST_ASK,"JPM,101003,170"
2019-06-28 11:27:40.000000000,BEST_BID,"JPM,100092,170"
2019-06-28 11:27:40.000000000,BEST_ASK,"JPM,101003,170"
2019-06-28 11:27:50.000000000,QUERY_SPREAD,1
2019-06-28 11:27:50.000000000,BEST_BID,"JPM,100092,240"
2019-06-28 11:27:50.000000000,BEST_ASK,"JPM,101003,100"
2019-06-28 11:27:50.000000000,BEST_BID,"JPM,100092,240"
2019-06-28 11:27:50.000000000,BEST_ASK,"JPM,101003,100"
2019-06-28 11:27:50.000000000,BEST_BID,"JPM,100092,240"
2019-06-28 11:27:50.000000000,BEST_ASK,"JPM,101003,240"
2019-06-28 11:27:50.000000000,BEST_BID,"JPM,100092,240"
2019-06-28 11:27:50.000000000,BEST_ASK,"JPM,101003,240"
2019-06-28 11:28:00.000000000,QUERY_SPREAD,1
2019-06-28 11:28:00.000000000,BEST_BID,"JPM,100092,156"
2019-06-28 11:28:00.000000000,BEST_ASK,"JPM,101003,100"
2019-06-28 11:28:00.000000000,BEST_BID,"JPM,100092,156"
2019-06-28 11:28:00.000000000,BEST_ASK,"JPM,101003,100"
2019-06-28 11:28:00.000000000,BEST_BID,"JPM,100092,156"
2019-06-28 11:28:00.000000000,BEST_ASK,"JPM,101003,100"
2019-06-28 11:28:00.000000000,BEST_BID,"JPM,100092,156"
2019-06-28 11:28:00.000000000,BEST_ASK,"JPM,101003,100"
2019-06-28 11:28:00.000000000,BEST_BID,"JPM,100092,156"
2019-06-28 11:28:00.000000000,BEST_ASK,"JPM,101003,100"
2019-06-28 11:28:00.000000000,BEST_BID,"JPM,100092,156"
2019-06-28 11:28:00.000000000,BEST_ASK,"JPM,101003,156"
2019-06-28 11:28:00.000000000,BEST_BID,"JPM,100092,156"
2019-06-28 11:28:00.000000000,BEST_ASK,"JPM,101003,156"
2019-06-28 11:28:00.000000000,BEST_BID,"JPM,100092,156"
2019-06-28 11:28:00.000000000,BEST_ASK,"JPM,101003,156"
2019-06-28 11:28:00.000000000,BEST_BID,"JPM,100092,156"
2019-06-28 11:28:00.000000000,BEST_ASK,"JPM,101003,156"
2019-06-28 11:28:00.000000000,BEST_BID,"JPM,100092,156"
2019-06-28 11:28:00.000000000,BEST_ASK,"JPM,101003,156"
2019-06-28 11:28:00.000000000,QUERY_SPREAD,77
2019-06-28 11:28:00.000000000,BEST_BID,"JPM,100092,155"
2019-06-28 11:28:00.000000000,BEST_ASK,"JPM,101003,156"
2019-06-28 11:28:00.000000000,LAST_TRADE,"1,$100092.0000"
2019-06-28 11:28:00.000000000,QUERY_SPREAD,78
2019-06-28 11:28:00.000000000,BEST_BID,"JPM,100092,151"
2019-06-28 11:28:00.000000000,BEST_ASK,"JPM,101003,156"
2019-06-28 11:28:00.000000000,LAST_TRADE,"4,$100092.0000"
2019-06-28 11:28:00.000000000,QUERY_SPREAD,79
2019-06-28 11:28:00.000000000,BEST_BID,"JPM,100092,145"
2019-06-28 11:28:00.000000000,BEST_ASK,"JPM,101003,156"
2019-06-28 11:28:00.000000000,LAST_TRADE,"6,$100092.0000"
2019-06-28 11:28:00.000000000,QUERY_SPREAD,80
2019-06-28 11:28:00.000000000,BEST_BID,"JPM,100092,140"
2019-06-28 11:28:00.000000000,BEST_ASK,"JPM,101003,156"
2019-06-28 11:28:00.000000000,LAST_TRADE,"5,$100092.0000"
2019-06-28 11:28:00.000000000,QUERY_SPREAD,81
2019-06-28 11:28:00.000000000,BEST_BID,"JPM,100092,132"
2019-06-28 11:28:00.000000000,BEST_ASK,"JPM,101003,156"
2019-06-28 11:28:00.000000000,LAST_TRADE,"8,$100092.0000"
2019-06-28 11:28:00.000000000,QUERY_SPREAD,82
2019-06-28 11:28:00.000000000,BEST_BID,"JPM,100092,124"
2019-06-28 11:28:00.000000000,BEST_ASK,"JPM,101003,156"
2019-06-28 11:28:00.000000000,LAST_TRADE,"8,$100092.0000"
2019-06-28 11:28:00.000000000,QUERY_SPREAD,83
2019-06-28 11:28:00.000000000,BEST_BID,"JPM,100092,122"
2019-06-28 11:28:00.000000000,BEST_ASK,"JPM,101003,156"
2019-06-28 11:28:00.000000000,LAST_TRADE,"2,$100092.0000"
2019-06-28 11:28:00.000000000,QUERY_SPREAD,84
2019-06-28 11:28:00.000000000,BEST_BID,"JPM,100092,121"
2019-06-28 11:28:00.000000000,BEST_ASK,"JPM,101003,156"
2019-06-28 11:28:00.000000000,LAST_TRADE,"1,$100092.0000"
2019-06-28 11:28:00.000000000,QUERY_SPREAD,85
2019-06-28 11:28:00.000000000,BEST_BID,"JPM,100092,120"
2019-06-28 11:28:00.000000000,BEST_ASK,"JPM,101003,156"
2019-06-28 11:28:00.000000000,LAST_TRADE,"1,$100092.0000"
2019-06-28 11:28:00.000000000,QUERY_SPREAD,86
2019-06-28 11:28:00.000000000,BEST_BID,"JPM,100092,114"
2019-06-28 11:28:00.000000000,BEST_ASK,"JPM,101003,156"
2019-06-28 11:28:00.000000000,LAST_TRADE,"6,$100092.0000"
2019-06-28 11:28:00.000000000,QUERY_SPREAD,87
2019-06-28 11:28:00.000000000,BEST_BID,"JPM,100092,111"
2019-06-28 11:28:00.000000000,BEST_ASK,"JPM,101003,156"
2019-06-28 11:28:00.000000000,LAST_TRADE,"3,$100092.0000"
2019-06-28 11:28:00.000000000,QUERY_SPREAD,88
2019-06-28 11:28:00.000000000,BEST_BID,"JPM,100092,107"
2019-06-28 11:28:00.000000000,BEST_ASK,"JPM,101003,156"
2019-06-28 11:28:00.000000000,LAST_TRADE,"4,$100092.0000"
2019-06-28 11:28:00.000000000,QUERY_SPREAD,89
2019-06-28 11:28:00.000000000,BEST_BID,"JPM,100092,103"
2019-06-28 11:28:00.000000000,BEST_ASK,"JPM,101003,156"
2019-06-28 11:28:00.000000000,LAST_TRADE,"4,$100092.0000"
2019-06-28 11:28:00.000000000,QUERY_SPREAD,90
2019-06-28 11:28:00.000000000,BEST_BID,"JPM,100092,96"
2019-06-28 11:28:00.000000000,BEST_ASK,"JPM,101003,156"
2019-06-28 11:28:00.000000000,LAST_TRADE,"7,$100092.0000"
2019-06-28 11:28:00.000000000,QUERY_SPREAD,91
2019-06-28 11:28:00.000000000,BEST_BID,"JPM,100092,88"
2019-06-28 11:28:00.000000000,BEST_ASK,"JPM,101003,156"
2019-06-28 11:28:00.000000000,LAST_TRADE,"8,$100092.0000"
2019-06-28 11:28:00.000000000,QUERY_SPREAD,92
2019-06-28 11:28:00.000000000,BEST_BID,"JPM,100092,83"
2019-06-28 11:28:00.000000000,BEST_ASK,"JPM,101003,156"
2019-06-28 11:28:00.000000000,LAST_TRADE,"5,$100092.0000"
2019-06-28 11:28:00.000000000,QUERY_SPREAD,93
2019-06-28 11:28:00.000000000,BEST_BID,"JPM,100092,80"
2019-06-28 11:28:00.000000000,BEST_ASK,"JPM,101003,156"
2019-06-28 11:28:00.000000000,LAST_TRADE,"3,$100092.0000"
2019-06-28 11:28:00.000000000,QUERY_SPREAD,94
2019-06-28 11:28:00.000000000,BEST_BID,"JPM,100092,76"
2019-06-28 11:28:00.000000000,BEST_ASK,"JPM,101003,156"
2019-06-28 11:28:00.000000000,LAST_TRADE,"4,$100092.0000"
2019-06-28 11:28:00.000000000,QUERY_SPREAD,95
2019-06-28 11:28:00.000000000,BEST_BID,"JPM,100092,71"
2019-06-28 11:28:00.000000000,BEST_ASK,"JPM,101003,156"
2019-06-28 11:28:00.000000000,LAST_TRADE,"5,$100092.0000"
2019-06-28 11:28:00.000000000,QUERY_SPREAD,96
2019-06-28 11:28:00.000000000,BEST_BID,"JPM,100092,70"
2019-06-28 11:28:00.000000000,BEST_ASK,"JPM,101003,156"
2019-06-28 11:28:00.000000000,LAST_TRADE,"1,$100092.0000"
2019-06-28 11:28:00.000000000,QUERY_SPREAD,97
2019-06-28 11:28:00.000000000,BEST_BID,"JPM,100092,63"
2019-06-28 11:28:00.000000000,BEST_ASK,"JPM,101003,156"
2019-06-28 11:28:00.000000000,LAST_TRADE,"7,$100092.0000"
2019-06-28 11:28:00.000000000,QUERY_SPREAD,98
2019-06-28 11:28:00.000000000,BEST_BID,"JPM,100092,57"
2019-06-28 11:28:00.000000000,BEST_ASK,"JPM,101003,156"
2019-06-28 11:28:00.000000000,LAST_TRADE,"6,$100092.0000"
2019-06-28 11:28:00.000000000,QUERY_SPREAD,99
2019-06-28 11:28:00.000000000,BEST_BID,"JPM,100092,52"
2019-06-28 11:28:00.000000000,BEST_ASK,"JPM,101003,156"
2019-06-28 11:28:00.000000000,LAST_TRADE,"5,$100092.0000"
2019-06-28 11:28:00.000000000,QUERY_SPREAD,100
2019-06-28 11:28:00.000000000,BEST_BID,"JPM,100092,45"
2019-06-28 11:28:00.000000000,BEST_ASK,"JPM,101003,156"
2019-06-28 11:28:00.000000000,LAST_TRADE,"7,$100092.0000"
2019-06-28 11:28:00.000000000,QUERY_SPREAD,101
2019-06-28 11:28:00.000000000,QUERY_ORDER_STREAM,101
2019-06-28 11:28:10.000000000,QUERY_SPREAD,1
2019-06-28 11:28:10.000000000,BEST_BID,"JPM,99439,170"
2019-06-28 11:28:10.000000000,BEST_ASK,"JPM,101003,100"
2019-06-28 11:28:10.000000000,BEST_BID,"JPM,99439,170"
2019-06-28 11:28:10.000000000,BEST_ASK,"JPM,101003,100"
2019-06-28 11:28:10.000000000,BEST_BID,"JPM,99439,170"
2019-06-28 11:28:10.000000000,BEST_ASK,"JPM,101003,100"
2019-06-28 11:28:10.000000000,BEST_BID,"JPM,99439,170"
2019-06-28 11:28:10.000000000,BEST_ASK,"JPM,101003,100"
2019-06-28 11:28:10.000000000,BEST_BID,"JPM,99439,170"
2019-06-28 11:28:10.000000000,BEST_ASK,"JPM,101003,170"
2019-06-28 11:28:10.000000000,BEST_BID,"JPM,99439,170"
2019-06-28 11:28:10.000000000,BEST_ASK,"JPM,101003,170"
2019-06-28 11:28:10.000000000,BEST_BID,"JPM,99439,170"
2019-06-28 11:28:10.000000000,BEST_ASK,"JPM,101003,170"
2019-06-28 11:28:10.000000000,BEST_BID,"JPM,99439,170"
2019-06-28 11:28:10.000000000,BEST_ASK,"JPM,101003,170"
2019-06-28 11:28:20.000000000,QUERY_SPREAD,1
2019-06-28 11:28:20.000000000,BEST_BID,"JPM,99439,170"
2019-06-28 11:28:20.000000000,BEST_ASK,"JPM,101003,100"
2019-06-28 11:28:20.000000000,BEST_BID,"JPM,99439,170"
2019-06-28 11:28:20.000000000,BEST_ASK,"JPM,101003,100"
2019-06-28 11:28:20.000000000,BEST_BID,"JPM,99439,170"
2019-06-28 11:28:20.000000000,BEST_ASK,"JPM,101003,100"
2019-06-28 11:28:20.000000000,BEST_BID,"JPM,99439,170"
2019-06-28 11:28:20.000000000,BEST_ASK,"JPM,101003,100"
2019-06-28 11:28:20.000000000,BEST_BID,"JPM,99439,170"
2019-06-28 11:28:20.000000000,BEST_ASK,"JPM,101003,170"
2019-06-28 11:28:20.000000000,BEST_BID,"JPM,99439,170"
2019-06-28 11:28:20.000000000,BEST_ASK,"JPM,101003,170"
2019-06-28 11:28:20.000000000,BEST_BID,"JPM,99439,170"
2019-06-28 11:28:20.000000000,BEST_ASK,"JPM,101003,170"
2019-06-28 11:28:20.000000000,BEST_BID,"JPM,99439,170"
2019-06-28 11:28:20.000000000,BEST_ASK,"JPM,101003,170"
2019-06-28 11:28:30.000000000,QUERY_SPREAD,1
2019-06-28 11:28:30.000000000,BEST_BID,"JPM,99439,195"
2019-06-28 11:28:30.000000000,BEST_ASK,"JPM,101003,100"
2019-06-28 11:28:30.000000000,BEST_BID,"JPM,99439,195"
2019-06-28 11:28:30.000000000,BEST_ASK,"JPM,101003,100"
2019-06-28 11:28:30.000000000,BEST_BID,"JPM,99439,195"
2019-06-28 11:28:30.000000000,BEST_ASK,"JPM,101003,100"
2019-06-28 11:28:30.000000000,BEST_BID,"JPM,99439,195"
2019-06-28 11:28:30.000000000,BEST_ASK,"JPM,101003,195"
2019-06-28 11:28:30.000000000,BEST_BID,"JPM,99439,195"
2019-06-28 11:28:30.000000000,BEST_ASK,"JPM,101003,195"
2019-06-28 11:28:30.000000000,BEST_BID,"JPM,99439,195"
2019-06-28 11:28:30.000000000,BEST_ASK,"JPM,101003,195"
2019-06-28 11:28:40.000000000,QUERY_SPREAD,1
2019-06-28 11:28:40.000000000,BEST_BID,"JPM,99439,240"
2019-06-28 11:28:40.000000000,BEST_ASK,"JPM,101003,100"
2019-06-28 11:28:40.000000000,BEST_BID,"JPM,99439,240"
2019-06-28 11:28:40.000000000,BEST_ASK,"JPM,101003,100"
2019-06-28 11:28:40.000000000,BEST_BID,"JPM,99439,240"
2019-06-28 11:28:40.000000000,BEST_ASK,"JPM,101003,240"
2019-06-28 11:28:40.000000000,BEST_BID,"JPM,99439,240"
2019-06-28 11:28:40.000000000,BEST_ASK,"JPM,101003,240"
2019-06-28 11:28:46.955243202,QUERY_SPREAD,6
2019-06-28 11:28:46.955243202,BEST_BID,"JPM,99439,240"
2019-06-28 11:28:46.955243202,BEST_ASK,"JPM,101003,140"
2019-06-28 11:28:46.955243202,LAST_TRADE,"100,$101003.0000"
2019-06-28 11:28:47.727143363,QUERY_SPREAD,49
2019-06-28 11:28:47.727143363,BEST_BID,"JPM,99439,240"
2019-06-28 11:28:47.727143363,BEST_ASK,"JPM,101003,140"
2019-06-28 11:28:50.000000000,QUERY_SPREAD,1
2019-06-28 11:28:50.000000000,BEST_BID,"JPM,99439,170"
2019-06-28 11:28:50.000000000,BEST_ASK,"JPM,101056,100"
2019-06-28 11:28:50.000000000,BEST_BID,"JPM,99439,170"
2019-06-28 11:28:50.000000000,BEST_ASK,"JPM,101056,100"
2019-06-28 11:28:50.000000000,BEST_BID,"JPM,99439,170"
2019-06-28 11:28:50.000000000,BEST_ASK,"JPM,101056,100"
2019-06-28 11:28:50.000000000,BEST_BID,"JPM,99439,170"
2019-06-28 11:28:50.000000000,BEST_ASK,"JPM,101056,100"
2019-06-28 11:28:50.000000000,BEST_BID,"JPM,99439,170"
2019-06-28 11:28:50.000000000,BEST_ASK,"JPM,101056,170"
2019-06-28 11:28:50.000000000,BEST_BID,"JPM,99439,170"
2019-06-28 11:28:50.000000000,BEST_ASK,"JPM,101056,170"
2019-06-28 11:28:50.000000000,BEST_BID,"JPM,99439,170"
2019-06-28 11:28:50.000000000,BEST_ASK,"JPM,101056,170"
2019-06-28 11:28:50.000000000,BEST_BID,"JPM,99439,170"
2019-06-28 11:28:50.000000000,BEST_ASK,"JPM,101056,170"
2019-06-28 11:29:00.000000000,QUERY_SPREAD,1
2019-06-28 11:29:00.000000000,BEST_BID,"JPM,99439,380"
2019-06-28 11:29:00.000000000,BEST_ASK,"JPM,101056,100"
2019-06-28 11:29:00.000000000,BEST_BID,"JPM,99439,380"
2019-06-28 11:29:00.000000000,BEST_ASK,"JPM,101056,380"
2019-06-28 11:29:00.000000000,QUERY_SPREAD,77
2019-06-28 11:29:00.000000000,BEST_BID,"JPM,99439,379"
2019-06-28 11:29:00.000000000,BEST_ASK,"JPM,101056,380"
2019-06-28 11:29:00.000000000,LAST_TRADE,"1,$99439.0000"
2019-06-28 11:29:00.000000000,QUERY_SPREAD,78
2019-06-28 11:29:00.000000000,BEST_BID,"JPM,99439,375"
2019-06-28 11:29:00.000000000,BEST_ASK,"JPM,101056,380"
2019-06-28 11:29:00.000000000,LAST_TRADE,"4,$99439.0000"
2019-06-28 11:29:00.000000000,QUERY_SPREAD,79
2019-06-28 11:29:00.000000000,BEST_BID,"JPM,99439,369"
2019-06-28 11:29:00.000000000,BEST_ASK,"JPM,101056,380"
2019-06-28 11:29:00.000000000,LAST_TRADE,"6,$99439.0000"
2019-06-28 11:29:00.000000000,QUERY_SPREAD,80
2019-06-28 11:29:00.000000000,BEST_BID,"JPM,99439,364"
2019-06-28 11:29:00.000000000,BEST_ASK,"JPM,101056,380"
2019-06-28 11:29:00.000000000,LAST_TRADE,"5,$99439.0000"
2019-06-28 11:29:00.000000000,QUERY_SPREAD,81
2019-06-28 11:29:00.000000000,BEST_BID,"JPM,99439,356"
2019-06-28 11:29:00.000000000,BEST_ASK,"JPM,101056,380"
2019-06-28 11:29:00.000000000,LAST_TRADE,"8,$99439.0000"
2019-06-28 11:29:00.000000000,QUERY_SPREAD,82
2019-06-28 11:29:00.000000000,BEST_BID,"JPM,99439,348"
2019-06-28 11:29:00.000000000,BEST_ASK,"JPM,101056,380"
2019-06-28 11:29:00.000000000,LAST_TRADE,"8,$99439.0000"
2019-06-28 11:29:00.000000000,QUERY_SPREAD,83
2019-06-28 11:29:00.000000000,BEST_BID,"JPM,99439,346"
2019-06-28 11:29:00.000000000,BEST_ASK,"JPM,101056,380"
2019-06-28 11:29:00.000000000,LAST_TRADE,"2,$99439.0000"
2019-06-28 11:29:00.000000000,QUERY_SPREAD,84
2019-06-28 11:29:00.000000000,BEST_BID,"JPM,99439,345"
2019-06-28 11:29:00.000000000,BEST_ASK,"JPM,101056,380"
2019-06-28 11:29:00.000000000,LAST_TRADE,"1,$99439.0000"
2019-06-28 11:29:00.000000000,QUERY_SPREAD,85
2019-06-28 11:29:00.000000000,BEST_BID,"JPM,99439,344"
2019-06-28 11:29:00.000000000,BEST_ASK,"JPM,101056,380"
2019-06-28 11:29:00.000000000,LAST_TRADE,"1,$99439.0000"
2019-06-28 11:29:00.000000000,QUERY_SPREAD,86
2019-06-28 11:29:00.000000000,BEST_BID,"JPM,99439,338"
2019-06-28 11:29:00.000000000,BEST_ASK,"JPM,101056,380"
2019-06-28 11:29:00.000000000,LAST_TRADE,"6,$99439.0000"
2019-06-28 11:29:00.000000000,QUERY_SPREAD,87
2019-06-28 11:29:00.000000000,BEST_BID,"JPM,99439,335"
2019-06-28 11:29:00.000000000,BEST_ASK,"JPM,101056,380"
2019-06-28 11:29:00.000000000,LAST_TRADE,"3,$99439.0000"
2019-06-28 11:29:00.000000000,QUERY_SPREAD,88
2019-06-28 11:29:00.000000000,BEST_BID,"JPM,99439,331"
2019-06-28 11:29:00.000000000,BEST_ASK,"JPM,101056,380"
2019-06-28 11:29:00.000000000,LAST_TRADE,"4,$99439.0000"
2019-06-28 11:29:00.000000000,QUERY_SPREAD,89
2019-06-28 11:29:00.000000000,BEST_BID,"JPM,99439,327"
2019-06-28 11:29:00.000000000,BEST_ASK,"JPM,101056,380"
2019-06-28 11:29:00.000000000,LAST_TRADE,"4,$99439.0000"
2019-06-28 11:29:00.000000000,QUERY_SPREAD,90
2019-06-28 11:29:00.000000000,BEST_BID,"JPM,99439,320"
2019-06-28 11:29:00.000000000,BEST_ASK,"JPM,101056,380"
2019-06-28 11:29:00.000000000,LAST_TRADE,"7,$99439.0000"
2019-06-28 11:29:00.000000000,QUERY_SPREAD,91
2019-06-28 11:29:00.000000000,BEST_BID,"JPM,99439,312"
2019-06-28 11:29:00.000000000,BEST_ASK,"JPM,101056,380"
2019-06-28 11:29:00.000000000,LAST_TRADE,"8,$99439.0000"
2019-06-28 11:29:00.000000000,QUERY_SPREAD,92
2019-06-28 11:29:00.000000000,BEST_BID,"JPM,99439,307"
2019-06-28 11:29:00.000000000,BEST_ASK,"JPM,101056,380"
2019-06-28 11:29:00.000000000,LAST_TRADE,"5,$99439.0000"
2019-06-28 11:29:00.000000000,QUERY_SPREAD,93
2019-06-28 11:29:00.000000000,BEST_BID,"JPM,99439,304"
2019-06-28 11:29:00.000000000,BEST_ASK,"JPM,101056,380"
2019-06-28 11:29:00.000000000,LAST_TRADE,"3,$99439.0000"
2019-06-28 11:29:00.000000000,QUERY_SPREAD,94
2019-06-28 11:29:00.000000000,BEST_BID,"JPM,99439,300"
2019-06-28 11:29:00.000000000,BEST_ASK,"JPM,101056,380"
2019-06-28 11:29:00.000000000,LAST_TRADE,"4,$99439.0000"
2019-06-28 11:29:00.000000000,QUERY_SPREAD,95
2019-06-28 11:29:00.000000000,BEST_BID,"JPM,99439,295"
2019-06-28 11:29:00.000000000,BEST_ASK,"JPM,101056,380"
2019-06-28 11:29:00.000000000,LAST_TRADE,"5,$99439.0000"
2019-06-28 11:29:00.000000000,QUERY_SPREAD,96
2019-06-28 11:29:00.000000000,BEST_BID,"JPM,99439,294"
2019-06-28 11:29:00.000000000,BEST_ASK,"JPM,101056,380"
2019-06-28 11:29:00.000000000,LAST_TRADE,"1,$99439.0000"
2019-06-28 11:29:00.000000000,QUERY_SPREAD,97
2019-06-28 11:29:00.000000000,BEST_BID,"JPM,99439,287"
2019-06-28 11:29:00.000000000,BEST_ASK,"JPM,101056,380"
2019-06-28 11:29:00.000000000,LAST_TRADE,"7,$99439.0000"
2019-06-28 11:29:00.000000000,QUERY_SPREAD,98
2019-06-28 11:29:00.000000000,BEST_BID,"JPM,99439,281"
2019-06-28 11:29:00.000000000,BEST_ASK,"JPM,101056,380"
2019-06-28 11:29:00.000000000,LAST_TRADE,"6,$99439.0000"
2019-06-28 11:29:00.000000000,QUERY_SPREAD,99
2019-06-28 11:29:00.000000000,BEST_BID,"JPM,99439,276"
2019-06-28 11:29:00.000000000,BEST_ASK,"JPM,101056,380"
2019-06-28 11:29:00.000000000,LAST_TRADE,"5,$99439.0000"
2019-06-28 11:29:00.000000000,QUERY_SPREAD,100
2019-06-28 11:29:00.000000000,BEST_BID,"JPM,99439,269"
2019-06-28 11:29:00.000000000,BEST_ASK,"JPM,101056,380"
2019-06-28 11:29:00.000000000,LAST_TRADE,"7,$99439.0000"
2019-06-28 11:29:00.000000000,QUERY_SPREAD,101
2019-06-28 11:29:00.000000000,QUERY_ORDER_STREAM,101
2019-06-28 11:29:00.220469284,QUERY_SPREAD,27
2019-06-28 11:29:00.220469284,BEST_BID,"JPM,99439,269"
2019-06-28 11:29:00.220469284,BEST_ASK,"JPM,101056,280"
2019-06-28 11:29:00.220469284,LAST_TRADE,"100,$101056.0000"
2019-06-28 11:29:10.000000000,QUERY_SPREAD,1
2019-06-28 11:29:10.000000000,BEST_BID,"JPM,99422,195"
2019-06-28 11:29:10.000000000,BEST_ASK,"JPM,101057,1"
2019-06-28 11:29:10.000000000,BEST_BID,"JPM,99422,195"
2019-06-28 11:29:10.000000000,BEST_ASK,"JPM,101057,1"
2019-06-28 11:29:10.000000000,BEST_BID,"JPM,99422,195"
2019-06-28 11:29:10.000000000,BEST_ASK,"JPM,101057,1"
2019-06-28 11:29:10.000000000,BEST_BID,"JPM,99422,195"
2019-06-28 11:29:10.000000000,BEST_ASK,"JPM,101057,96"
2019-06-28 11:29:10.000000000,BEST_BID,"JPM,99422,195"
2019-06-28 11:29:10.000000000,BEST_ASK,"JPM,101057,96"
2019-06-28 11:29:10.000000000,BEST_BID,"JPM,99422,195"
2019-06-28 11:29:10.000000000,BEST_ASK,"JPM,101057,96"
2019-06-28 11:29:20.000000000,QUERY_SPREAD,1
2019-06-28 11:29:20.000000000,BEST_BID,"JPM,99422,156"
2019-06-28 11:29:20.000000000,BEST_ASK,"JPM,101057,1"
2019-06-28 11:29:20.000000000,BEST_BID,"JPM,99422,156"
2019-06-28 11:29:20.000000000,BEST_ASK,"JPM,101057,1"
2019-06-28 11:29:20.000000000,BEST_BID,"JPM,99422,156"
2019-06-28 11:29:20.000000000,BEST_ASK,"JPM,101057,1"
2019-06-28 11:29:20.000000000,BEST_BID,"JPM,99422,156"
2019-06-28 11:29:20.000000000,BEST_ASK,"JPM,101057,1"
2019-06-28 11:29:20.000000000,BEST_BID,"JPM,99422,156"
2019-06-28 11:29:20.000000000,BEST_ASK,"JPM,101057,57"
2019-06-28 11:29:20.000000000,BEST_BID,"JPM,99422,156"
2019-06-28 11:29:20.000000000,BEST_ASK,"JPM,101057,57"
2019-06-28 11:29:20.000000000,BEST_BID,"JPM,99422,156"
2019-06-28 11:29:20.000000000,BEST_ASK,"JPM,101057,57"
2019-06-28 11:29:20.000000000,BEST_BID,"JPM,99422,156"
2019-06-28 11:29:20.000000000,BEST_ASK,"JPM,101057,57"
2019-06-28 11:29:20.000000000,BEST_BID,"JPM,99422,156"
2019-06-28 11:29:20.000000000,BEST_ASK,"JPM,101057,57"
2019-06-28 11:29:27.423141995,QUERY_SPREAD,47
2019-06-28 11:29:27.423141995,BEST_BID,"JPM,99422,156"
2019-06-28 11:29:27.423141995,BEST_ASK,"JPM,101057,57"
2019-06-28 11:29:27.686049066,QUERY_SPREAD,36
2019-06-28 11:29:27.686049066,BEST_BID,"JPM,101057,43"
2019-06-28 11:29:27.686049066,BEST_ASK,"JPM,101100,156"
2019-06-28 11:29:27.686049066,LAST_TRADE,"57,$101057.0000"
2019-06-28 11:29:30.000000000,QUERY_SPREAD,1
2019-06-28 11:29:30.000000000,BEST_BID,"JPM,101057,113"
2019-06-28 11:29:30.000000000,BEST_ASK,"JPM,101100,100"
2019-06-28 11:29:30.000000000,BEST_BID,"JPM,101057,113"
2019-06-28 11:29:30.000000000,BEST_ASK,"JPM,101100,100"
2019-06-28 11:29:30.000000000,BEST_BID,"JPM,101057,113"
2019-06-28 11:29:30.000000000,BEST_ASK,"JPM,101100,100"
2019-06-28 11:29:30.000000000,BEST_BID,"JPM,101057,113"
2019-06-28 11:29:30.000000000,BEST_ASK,"JPM,101100,100"
2019-06-28 11:29:30.000000000,BEST_BID,"JPM,101057,113"
2019-06-28 11:29:30.000000000,BEST_ASK,"JPM,101100,170"
2019-06-28 11:29:30.000000000,BEST_BID,"JPM,101057,113"
2019-06-28 11:29:30.000000000,BEST_ASK,"JPM,101100,170"
2019-06-28 11:29:30.000000000,BEST_BID,"JPM,101057,113"
2019-06-28 11:29:30.000000000,BEST_ASK,"JPM,101100,170"
2019-06-28 11:29:30.000000000,BEST_BID,"JPM,101057,113"
2019-06-28 11:29:30.000000000,BEST_ASK,"JPM,101100,170"
2019-06-28 11:29:40.000000000,QUERY_SPREAD,1
2019-06-28 11:29:40.000000000,BEST_BID,"JPM,101057,138"
2019-06-28 11:29:40.000000000,BEST_ASK,"JPM,101100,100"
2019-06-28 11:29:40.000000000,BEST_BID,"JPM,101057,138"
2019-06-28 11:29:40.000000000,BEST_ASK,"JPM,101100,100"
2019-06-28 11:29:40.000000000,BEST_BID,"JPM,101057,138"
2019-06-28 11:29:40.000000000,BEST_ASK,"JPM,101100,100"
2019-06-28 11:29:40.000000000,BEST_BID,"JPM,101057,138"
2019-06-28 11:29:40.000000000,BEST_ASK,"JPM,101100,195"
2019-06-28 11:29:40.000000000,BEST_BID,"JPM,101057,138"
2019-06-28 11:29:40.000000000,BEST_ASK,"JPM,101100,195"
2019-06-28 11:29:40.000000000,BEST_BID,"JPM,101057,138"
2019-06-28 11:29:40.000000000,BEST_ASK,"JPM,101100,195"
2019-06-28 11:29:45.605423718,QUERY_ORDER_STREAM,57
2019-06-28 11:29:45.605423718,QUERY_SPREAD,57
2019-06-28 11:29:50.000000000,QUERY_SPREAD,1
2019-06-28 11:29:50.000000000,BEST_BID,"JPM,101057,99"
2019-06-28 11:29:50.000000000,BEST_ASK,"JPM,101100,100"
2019-06-28 11:29:50.000000000,BEST_BID,"JPM,101057,99"
2019-06-28 11:29:50.000000000,BEST_ASK,"JPM,101100,100"
2019-06-28 11:29:50.000000000,BEST_BID,"JPM,101057,99"
2019-06-28 11:29:50.000000000,BEST_ASK,"JPM,101100,100"
2019-06-28 11:29:50.000000000,BEST_BID,"JPM,101057,99"
2019-06-28 11:29:50.000000000,BEST_ASK,"JPM,101100,100"
2019-06-28 11:29:50.000000000,BEST_BID,"JPM,101057,99"
2019-06-28 11:29:50.000000000,BEST_ASK,"JPM,101100,100"
2019-06-28 11:29:50.000000000,BEST_BID,"JPM,101057,99"
2019-06-28 11:29:50.000000000,BEST_ASK,"JPM,101100,156"
2019-06-28 11:29:50.000000000,BEST_BID,"JPM,101057,99"
2019-06-28 11:29:50.000000000,BEST_ASK,"JPM,101100,156"
2019-06-28 11:29:50.000000000,BEST_BID,"JPM,101057,99"
2019-06-28 11:29:50.000000000,BEST_ASK,"JPM,101100,156"
2019-06-28 11:29:50.000000000,BEST_BID,"JPM,101057,99"
2019-06-28 11:29:50.000000000,BEST_ASK,"JPM,101100,156"
2019-06-28 11:29:50.000000000,BEST_BID,"JPM,101057,99"
2019-06-28 11:29:50.000000000,BEST_ASK,"JPM,101100,156"
2019-06-28 11:29:59.503496796,QUERY_ORDER_STREAM,63
2019-06-28 11:29:59.503496796,QUERY_SPREAD,63
2019-06-28 11:30:00.000000000,QUERY_SPREAD,1
2019-06-28 11:30:00.000000000,BEST_BID,"JPM,101057,183"
2019-06-28 11:30:00.000000000,BEST_ASK,"JPM,101100,100"
2019-06-28 11:30:00.000000000,BEST_BID,"JPM,101057,183"
2019-06-28 11:30:00.000000000,BEST_ASK,"JPM,101100,100"
2019-06-28 11:30:00.000000000,BEST_BID,"JPM,101057,183"
2019-06-28 11:30:00.000000000,BEST_ASK,"JPM,101100,240"
2019-06-28 11:30:00.000000000,BEST_BID,"JPM,101057,183"
2019-06-28 11:30:00.000000000,BEST_ASK,"JPM,101100,240"
2019-06-28 11:30:00.000000000,QUERY_SPREAD,77
2019-06-28 11:30:00.000000000,BEST_BID,"JPM,101057,182"
2019-06-28 11:30:00.000000000,BEST_ASK,"JPM,101100,240"
2019-06-28 11:30:00.000000000,LAST_TRADE,"1,$101057.0000"
2019-06-28 11:30:00.000000000,QUERY_SPREAD,78
2019-06-28 11:30:00.000000000,BEST_BID,"JPM,101057,178"
2019-06-28 11:30:00.000000000,BEST_ASK,"JPM,101100,240"
2019-06-28 11:30:00.000000000,LAST_TRADE,"4,$101057.0000"
2019-06-28 11:30:00.000000000,QUERY_SPREAD,79
2019-06-28 11:30:00.000000000,BEST_BID,"JPM,101057,172"
2019-06-28 11:30:00.000000000,BEST_ASK,"JPM,101100,240"
2019-06-28 11:30:00.000000000,LAST_TRADE,"6,$101057.0000"
2019-06-28 11:30:00.000000000,QUERY_SPREAD,80
2019-06-28 11:30:00.000000000,BEST_BID,"JPM,101057,167"
2019-06-28 11:30:00.000000000,BEST_ASK,"JPM,101100,240"
2019-06-28 11:30:00.000000000,LAST_TRADE,"5,$101057.0000"
2019-06-28 11:30:00.000000000,QUERY_SPREAD,81
2019-06-28 11:30:00.000000000,BEST_BID,"JPM,101057,159"
2019-06-28 11:30:00.000000000,BEST_ASK,"JPM,101100,240"
2019-06-28 11:30:00.000000000,LAST_TRADE,"8,$101057.0000"
2019-06-28 11:30:00.000000000,QUERY_SPREAD,82
2019-06-28 11:30:00.000000000,BEST_BID,"JPM,101057,151"
2019-06-28 11:30:00.000000000,BEST_ASK,"JPM,101100,240"
2019-06-28 11:30:00.000000000,LAST_TRADE,"8,$101057.0000"
2019-06-28 11:30:00.000000000,QUERY_SPREAD,83
2019-06-28 11:30:00.000000000,BEST_BID,"JPM,101057,149"
2019-06-28 11:30:00.000000000,BEST_ASK,"JPM,101100,240"
2019-06-28 11:30:00.000000000,LAST_TRADE,"2,$101057.0000"
2019-06-28 11:30:00.000000000,QUERY_SPREAD,84
2019-06-28 11:30:00.000000000,BEST_BID,"JPM,101057,148"
2019-06-28 11:30:00.000000000,BEST_ASK,"JPM,101100,240"
2019-06-28 11:30:00.000000000,LAST_TRADE,"1,$101057.0000"
2019-06-28 11:30:00.000000000,QUERY_SPREAD,85
2019-06-28 11:30:00.000000000,BEST_BID,"JPM,101057,147"
2019-06-28 11:30:00.000000000,BEST_ASK,"JPM,101100,240"
2019-06-28 11:30:00.000000000,LAST_TRADE,"1,$101057.0000"
2019-06-28 11:30:00.000000000,QUERY_SPREAD,86
2019-06-28 11:30:00.000000000,BEST_BID,"JPM,101057,141"
2019-06-28 11:30:00.000000000,BEST_ASK,"JPM,101100,240"
2019-06-28 11:30:00.000000000,LAST_TRADE,"6,$101057.0000"
2019-06-28 11:30:00.000000000,QUERY_SPREAD,87
2019-06-28 11:30:00.000000000,BEST_BID,"JPM,101057,138"
2019-06-28 11:30:00.000000000,BEST_ASK,"JPM,101100,240"
2019-06-28 11:30:00.000000000,LAST_TRADE,"3,$101057.0000"
2019-06-28 11:30:00.000000000,QUERY_SPREAD,88
2019-06-28 11:30:00.000000000,BEST_BID,"JPM,101057,134"
2019-06-28 11:30:00.000000000,BEST_ASK,"JPM,101100,240"
2019-06-28 11:30:00.000000000,LAST_TRADE,"4,$101057.0000"
2019-06-28 11:30:00.000000000,QUERY_SPREAD,89
2019-06-28 11:30:00.000000000,BEST_BID,"JPM,101057,130"
2019-06-28 11:30:00.000000000,BEST_ASK,"JPM,101100,240"
2019-06-28 11:30:00.000000000,LAST_TRADE,"4,$101057.0000"
2019-06-28 11:30:00.000000000,QUERY_SPREAD,90
2019-06-28 11:30:00.000000000,BEST_BID,"JPM,101057,123"
2019-06-28 11:30:00.000000000,BEST_ASK,"JPM,101100,240"
2019-06-28 11:30:00.000000000,LAST_TRADE,"7,$101057.0000"
2019-06-28 11:30:00.000000000,QUERY_SPREAD,91
2019-06-28 11:30:00.000000000,BEST_BID,"JPM,101057,115"
2019-06-28 11:30:00.000000000,BEST_ASK,"JPM,101100,240"
2019-06-28 11:30:00.000000000,LAST_TRADE,"8,$101057.0000"
2019-06-28 11:30:00.000000000,QUERY_SPREAD,92
2019-06-28 11:30:00.000000000,BEST_BID,"JPM,101057,110"
2019-06-28 11:30:00.000000000,BEST_ASK,"JPM,101100,240"
2019-06-28 11:30:00.000000000,LAST_TRADE,"5,$101057.0000"
2019-06-28 11:30:00.000000000,QUERY_SPREAD,93
2019-06-28 11:30:00.000000000,BEST_BID,"JPM,101057,107"
2019-06-28 11:30:00.000000000,BEST_ASK,"JPM,101100,240"
2019-06-28 11:30:00.000000000,LAST_TRADE,"3,$101057.0000"
2019-06-28 11:30:00.000000000,QUERY_SPREAD,94
2019-06-28 11:30:00.000000000,BEST_BID,"JPM,101057,103"
2019-06-28 11:30:00.000000000,BEST_ASK,"JPM,101100,240"
2019-06-28 11:30:00.000000000,LAST_TRADE,"4,$101057.0000"
2019-06-28 11:30:00.000000000,QUERY_SPREAD,95
2019-06-28 11:30:00.000000000,BEST_BID,"JPM,101057,98"
2019-06-28 11:30:00.000000000,BEST_ASK,"JPM,101100,240"
2019-06-28 11:30:00.000000000,LAST_TRADE,"5,$101057.0000"
2019-06-28 11:30:00.000000000,QUERY_SPREAD,96
2019-06-28 11:30:00.000000000,BEST_BID,"JPM,101057,97"
2019-06-28 11:30:00.000000000,BEST_ASK,"JPM,101100,240"
2019-06-28 11:30:00.000000000,LAST_TRADE,"1,$101057.0000"
2019-06-28 11:30:00.000000000,QUERY_SPREAD,97
2019-06-28 11:30:00.000000000,BEST_BID,"JPM,101057,90"
2019-06-28 11:30:00.000000000,BEST_ASK,"JPM,101100,240"
2019-06-28 11:30:00.000000000,LAST_TRADE,"7,$101057.0000"
2019-06-28 11:30:00.000000000,QUERY_SPREAD,98
2019-06-28 11:30:00.000000000,BEST_BID,"JPM,101057,84"
2019-06-28 11:30:00.000000000,BEST_ASK,"JPM,101100,240"
2019-06-28 11:30:00.000000000,LAST_TRADE,"6,$101057.0000"
2019-06-28 11:30:00.000000000,QUERY_SPREAD,99
2019-06-28 11:30:00.000000000,BEST_BID,"JPM,101057,79"
2019-06-28 11:30:00.000000000,BEST_ASK,"JPM,101100,240"
2019-06-28 11:30:00.000000000,LAST_TRADE,"5,$101057.0000"
2019-06-28 11:30:00.000000000,QUERY_SPREAD,100
2019-06-28 11:30:00.000000000,BEST_BID,"JPM,101057,72"
2019-06-28 11:30:00.000000000,BEST_ASK,"JPM,101100,240"
2019-06-28 11:30:00.000000000,LAST_TRADE,"7,$101057.0000"
2019-06-28 11:30:00.000000000,QUERY_SPREAD,101
2019-06-28 11:30:00.000000000,QUERY_ORDER_STREAM,101
2019-06-28 11:30:00.000000000,BEST_BID,"JPM,101057,71"
2019-06-28 11:30:00.000000000,BEST_ASK,"JPM,101100,240"
2019-06-28 11:30:00.000000000,LAST_TRADE,"1,$101057.0000"
2019-06-28 11:30:05.043723525,QUERY_SPREAD,50
2019-06-28 11:30:05.043723525,BEST_BID,"JPM,101057,71"
2019-06-28 11:30:05.043723525,BEST_ASK,"JPM,101100,140"
2019-06-28 11:30:05.043723525,LAST_TRADE,"100,$101100.0000"
2019-06-28 11:30:05.318547035,QUERY_SPREAD,33
2019-06-28 11:30:05.318547035,BEST_BID,"JPM,101057,71"
2019-06-28 11:30:05.318547035,BEST_ASK,"JPM,101100,140"
2019-06-28 11:30:07.682197511,QUERY_ORDER_STREAM,67
2019-06-28 11:30:07.682197511,QUERY_SPREAD,67
2019-06-28 11:30:07.682197511,BEST_BID,"JPM,101057,171"
2019-06-28 11:30:07.682197511,BEST_ASK,"JPM,101100,140"
2019-06-28 11:30:09.431584052,QUERY_ORDER_STREAM,64
2019-06-28 11:30:09.431584052,QUERY_SPREAD,64
2019-06-28 11:30:09.431584052,BEST_BID,"JPM,101057,271"
2019-06-28 11:30:09.431584052,BEST_ASK,"JPM,101100,140"
2019-06-28 11:30:10.000000000,QUERY_SPREAD,1
2019-06-28 11:30:10.000000000,BEST_BID,"JPM,101057,270"
2019-06-28 11:30:10.000000000,BEST_ASK,"JPM,101362,100"
2019-06-28 11:30:10.000000000,BEST_BID,"JPM,101057,270"
2019-06-28 11:30:10.000000000,BEST_ASK,"JPM,101362,100"
2019-06-28 11:30:10.000000000,BEST_BID,"JPM,101057,270"
2019-06-28 11:30:10.000000000,BEST_ASK,"JPM,101362,100"
2019-06-28 11:30:10.000000000,BEST_BID,"JPM,101057,270"
2019-06-28 11:30:10.000000000,BEST_ASK,"JPM,101362,100"
2019-06-28 11:30:10.000000000,BEST_BID,"JPM,101057,270"
2019-06-28 11:30:10.000000000,BEST_ASK,"JPM,101362,170"
2019-06-28 11:30:10.000000000,BEST_BID,"JPM,101057,270"
2019-06-28 11:30:10.000000000,BEST_ASK,"JPM,101362,170"
2019-06-28 11:30:10.000000000,BEST_BID,"JPM,101057,270"
2019-06-28 11:30:10.000000000,BEST_ASK,"JPM,101362,170"
2019-06-28 11:30:10.000000000,BEST_BID,"JPM,101057,270"
2019-06-28 11:30:10.000000000,BEST_ASK,"JPM,101362,170"
2019-06-28 11:30:10.648443309,QUERY_ORDER_STREAM,60
2019-06-28 11:30:10.648443309,QUERY_SPREAD,60
2019-06-28 11:30:17.790768470,QUERY_ORDER_STREAM,76
2019-06-28 11:30:17.790768470,QUERY_SPREAD,76
2019-06-28 11:30:20.000000000,QUERY_SPREAD,1
2019-06-28 11:30:20.000000000,BEST_BID,"JPM,101057,480"
2019-06-28 11:30:20.000000000,BEST_ASK,"JPM,101362,100"
2019-06-28 11:30:20.000000000,BEST_BID,"JPM,101057,480"
2019-06-28 11:30:20.000000000,BEST_ASK,"JPM,101362,380"
2019-06-28 11:30:28.093691691,QUERY_SPREAD,26
2019-06-28 11:30:28.093691691,BEST_BID,"JPM,101310,100"
2019-06-28 11:30:28.093691691,BEST_ASK,"JPM,101362,380"
2019-06-28 11:30:30.000000000,QUERY_SPREAD,1
2019-06-28 11:30:30.000000000,BEST_BID,"JPM,101310,240"
2019-06-28 11:30:30.000000000,BEST_ASK,"JPM,101362,100"
2019-06-28 11:30:30.000000000,BEST_BID,"JPM,101310,240"
2019-06-28 11:30:30.000000000,BEST_ASK,"JPM,101362,100"
2019-06-28 11:30:30.000000000,BEST_BID,"JPM,101310,240"
2019-06-28 11:30:30.000000000,BEST_ASK,"JPM,101362,240"
2019-06-28 11:30:30.000000000,BEST_BID,"JPM,101310,240"
2019-06-28 11:30:30.000000000,BEST_ASK,"JPM,101362,240"
2019-06-28 11:30:40.000000000,QUERY_SPREAD,1
2019-06-28 11:30:40.000000000,BEST_BID,"JPM,101310,380"
2019-06-28 11:30:40.000000000,BEST_ASK,"JPM,101362,100"
2019-06-28 11:30:40.000000000,BEST_BID,"JPM,101310,380"
2019-06-28 11:30:40.000000000,BEST_ASK,"JPM,101362,380"
2019-06-28 11:30:50.000000000,QUERY_SPREAD,1
2019-06-28 11:30:50.000000000,BEST_BID,"JPM,101310,170"
2019-06-28 11:30:50.000000000,BEST_ASK,"JPM,101362,100"
2019-06-28 11:30:50.000000000,BEST_BID,"JPM,101310,170"
2019-06-28 11:30:50.000000000,BEST_ASK,"JPM,101362,100"
2019-06-28 11:30:50.000000000,BEST_BID,"JPM,101310,170"
2019-06-28 11:30:50.000000000,BEST_ASK,"JPM,101362,100"
2019-06-28 11:30:50.000000000,BEST_BID,"JPM,101310,170"
2019-06-28 11:30:50.000000000,BEST_ASK,"JPM,101362,100"
2019-06-28 11:30:50.000000000,BEST_BID,"JPM,101310,170"
2019-06-28 11:30:50.000000000,BEST_ASK,"JPM,101362,170"
2019-06-28 11:30:50.000000000,BEST_BID,"JPM,101310,170"
2019-06-28 11:30:50.000000000,BEST_ASK,"JPM,101362,170"
2019-06-28 11:30:50.000000000,BEST_BID,"JPM,101310,170"
2019-06-28 11:30:50.000000000,BEST_ASK,"JPM,101362,170"
2019-06-28 11:30:50.000000000,BEST_BID,"JPM,101310,170"
2019-06-28 11:30:50.000000000,BEST_ASK,"JPM,101362,170"
2019-06-28 11:30:58.388012339,QUERY_SPREAD,2
2019-06-28 11:30:58.388012339,BEST_BID,"JPM,101310,170"
2019-06-28 11:30:58.388012339,BEST_ASK,"JPM,101362,70"
2019-06-28 11:30:58.388012339,LAST_TRADE,"100,$101362.0000"
2019-06-28 11:31:00.000000000,QUERY_SPREAD,1
2019-06-28 11:31:00.000000000,BEST_BID,"JPM,101310,156"
2019-06-28 11:31:00.000000000,BEST_ASK,"JPM,101433,100"
2019-06-28 11:31:00.000000000,BEST_BID,"JPM,101310,156"
2019-06-28 11:31:00.000000000,BEST_ASK,"JPM,101433,100"
2019-06-28 11:31:00.000000000,BEST_BID,"JPM,101310,156"
2019-06-28 11:31:00.000000000,BEST_ASK,"JPM,101433,100"
2019-06-28 11:31:00.000000000,BEST_BID,"JPM,101310,156"
2019-06-28 11:31:00.000000000,BEST_ASK,"JPM,101433,100"
2019-06-28 11:31:00.000000000,BEST_BID,"JPM,101310,156"
2019-06-28 11:31:00.000000000,BEST_ASK,"JPM,101433,100"
2019-06-28 11:31:00.000000000,BEST_BID,"JPM,101310,156"
2019-06-28 11:31:00.000000000,BEST_ASK,"JPM,101433,156"
2019-06-28 11:31:00.000000000,BEST_BID,"JPM,101310,156"
2019-06-28 11:31:00.000000000,BEST_ASK,"JPM,101433,156"
2019-06-28 11:31:00.000000000,BEST_BID,"JPM,101310,156"
2019-06-28 11:31:00.000000000,BEST_ASK,"JPM,101433,156"
2019-06-28 11:31:00.000000000,BEST_BID,"JPM,101310,156"
2019-06-28 11:31:00.000000000,BEST_ASK,"JPM,101433,156"
2019-06-28 11:31:00.000000000,BEST_BID,"JPM,101310,156"
2019-06-28 11:31:00.000000000,BEST_ASK,"JPM,101433,156"
2019-06-28 11:31:00.000000000,QUERY_SPREAD,77
2019-06-28 11:31:00.000000000,BEST_BID,"JPM,101310,155"
2019-06-28 11:31:00.000000000,BEST_ASK,"JPM,101433,156"
2019-06-28 11:31:00.000000000,LAST_TRADE,"1,$101310.0000"
2019-06-28 11:31:00.000000000,QUERY_SPREAD,78
2019-06-28 11:31:00.000000000,BEST_BID,"JPM,101310,151"
2019-06-28 11:31:00.000000000,BEST_ASK,"JPM,101433,156"
2019-06-28 11:31:00.000000000,LAST_TRADE,"4,$101310.0000"
2019-06-28 11:31:00.000000000,QUERY_SPREAD,79
2019-06-28 11:31:00.000000000,BEST_BID,"JPM,101310,145"
2019-06-28 11:31:00.000000000,BEST_ASK,"JPM,101433,156"
2019-06-28 11:31:00.000000000,LAST_TRADE,"6,$101310.0000"
2019-06-28 11:31:00.000000000,QUERY_SPREAD,80
2019-06-28 11:31:00.000000000,BEST_BID,"JPM,101310,140"
2019-06-28 11:31:00.000000000,BEST_ASK,"JPM,101433,156"
2019-06-28 11:31:00.000000000,LAST_TRADE,"5,$101310.0000"
2019-06-28 11:31:00.000000000,QUERY_SPREAD,81
2019-06-28 11:31:00.000000000,BEST_BID,"JPM,101310,132"
2019-06-28 11:31:00.000000000,BEST_ASK,"JPM,101433,156"
2019-06-28 11:31:00.000000000,LAST_TRADE,"8,$101310.0000"
2019-06-28 11:31:00.000000000,QUERY_SPREAD,82
2019-06-28 11:31:00.000000000,BEST_BID,"JPM,101310,124"
2019-06-28 11:31:00.000000000,BEST_ASK,"JPM,101433,156"
2019-06-28 11:31:00.000000000,LAST_TRADE,"8,$101310.0000"
2019-06-28 11:31:00.000000000,QUERY_SPREAD,83
2019-06-28 11:31:00.000000000,BEST_BID,"JPM,101310,122"
2019-06-28 11:31:00.000000000,BEST_ASK,"JPM,101433,156"
2019-06-28 11:31:00.000000000,LAST_TRADE,"2,$101310.0000"
2019-06-28 11:31:00.000000000,QUERY_SPREAD,84
2019-06-28 11:31:00.000000000,BEST_BID,"JPM,101310,121"
2019-06-28 11:31:00.000000000,BEST_ASK,"JPM,101433,156"
2019-06-28 11:31:00.000000000,LAST_TRADE,"1,$101310.0000"
2019-06-28 11:31:00.000000000,QUERY_SPREAD,85
2019-06-28 11:31:00.000000000,BEST_BID,"JPM,101310,120"
2019-06-28 11:31:00.000000000,BEST_ASK,"JPM,101433,156"
2019-06-28 11:31:00.000000000,LAST_TRADE,"1,$101310.0000"
2019-06-28 11:31:00.000000000,QUERY_SPREAD,86
2019-06-28 11:31:00.000000000,BEST_BID,"JPM,101310,114"
2019-06-28 11:31:00.000000000,BEST_ASK,"JPM,101433,156"
2019-06-28 11:31:00.000000000,LAST_TRADE,"6,$101310.0000"
2019-06-28 11:31:00.000000000,QUERY_SPREAD,87
2019-06-28 11:31:00.000000000,BEST_BID,"JPM,101310,111"
2019-06-28 11:31:00.000000000,BEST_ASK,"JPM,101433,156"
2019-06-28 11:31:00.000000000,LAST_TRADE,"3,$101310.0000"
2019-06-28 11:31:00.000000000,QUERY_SPREAD,88
2019-06-28 11:31:00.000000000,BEST_BID,"JPM,101310,107"
2019-06-28 11:31:00.000000000,BEST_ASK,"JPM,101433,156"
2019-06-28 11:31:00.000000000,LAST_TRADE,"4,$101310.0000"
2019-06-28 11:31:00.000000000,QUERY_SPREAD,89
2019-06-28 11:31:00.000000000,BEST_BID,"JPM,101310,103"
2019-06-28 11:31:00.000000000,BEST_ASK,"JPM,101433,156"
2019-06-28 11:31:00.000000000,LAST_TRADE,"4,$101310.0000"
2019-06-28 11:31:00.000000000,QUERY_SPREAD,90
2019-06-28 11:31:00.000000000,BEST_BID,"JPM,101310,96"
2019-06-28 11:31:00.000000000,BEST_ASK,"JPM,101433,156"
2019-06-28 11:31:00.000000000,LAST_TRADE,"7,$101310.0000"
2019-06-28 11:31:00.000000000,QUERY_SPREAD,91
2019-06-28 11:31:00.000000000,BEST_BID,"JPM,101310,88"
2019-06-28 11:31:00.000000000,BEST_ASK,"JPM,101433,156"
2019-06-28 11:31:00.000000000,LAST_TRADE,"8,$101310.0000"
2019-06-28 11:31:00.000000000,QUERY_SPREAD,92
2019-06-28 11:31:00.000000000,BEST_BID,"JPM,101310,83"
2019-06-28 11:31:00.000000000,BEST_ASK,"JPM,101433,156"
2019-06-28 11:31:00.000000000,LAST_TRADE,"5,$101310.0000"
2019-06-28 11:31:00.000000000,QUERY_SPREAD,93
2019-06-28 11:31:00.000000000,BEST_BID,"JPM,101310,80"
2019-06-28 11:31:00.000000000,BEST_ASK,"JPM,101433,156"
2019-06-28 11:31:00.000000000,LAST_TRADE,"3,$101310.0000"
2019-06-28 11:31:00.000000000,QUERY_SPREAD,94
2019-06-28 11:31:00.000000000,BEST_BID,"JPM,101310,76"
2019-06-28 11:31:00.000000000,BEST_ASK,"JPM,101433,156"
2019-06-28 11:31:00.000000000,LAST_TRADE,"4,$101310.0000"
2019-06-28 11:31:00.000000000,QUERY_SPREAD,95
2019-06-28 11:31:00.000000000,BEST_BID,"JPM,101310,71"
2019-06-28 11:31:00.000000000,BEST_ASK,"JPM,101433,156"
2019-06-28 11:31:00.000000000,LAST_TRADE,"5,$101310.0000"
2019-06-28 11:31:00.000000000,QUERY_SPREAD,96
2019-06-28 11:31:00.000000000,BEST_BID,"JPM,101310,70"
2019-06-28 11:31:00.000000000,BEST_ASK,"JPM,101433,156"
2019-06-28 11:31:00.000000000,LAST_TRADE,"1,$101310.0000"
2019-06-28 11:31:00.000000000,QUERY_SPREAD,97
2019-06-28 11:31:00.000000000,BEST_BID,"JPM,101310,63"
2019-06-28 11:31:00.000000000,BEST_ASK,"JPM,101433,156"
2019-06-28 11:31:00.000000000,LAST_TRADE,"7,$101310.0000"
2019-06-28 11:31:00.000000000,QUERY_SPREAD,98
2019-06-28 11:31:00.000000000,BEST_BID,"JPM,101310,57"
2019-06-28 11:31:00.000000000,BEST_ASK,"JPM,101433,156"
2019-06-28 11:31:00.000000000,LAST_TRADE,"6,$101310.0000"
2019-06-28 11:31:00.000000000,QUERY_SPREAD,99
2019-06-28 11:31:00.000000000,BEST_BID,"JPM,101310,52"
2019-06-28 11:31:00.000000000,BEST_ASK,"JPM,101433,156"
2019-06-28 11:31:00.000000000,LAST_TRADE,"5,$101310.0000"
2019-06-28 11:31:00.000000000,QUERY_SPREAD,100
2019-06-28 11:31:00.000000000,BEST_BID,"JPM,101310,45"
2019-06-28 11:31:00.000000000,BEST_ASK,"JPM,101433,156"
2019-06-28 11:31:00.000000000,LAST_TRADE,"7,$101310.0000"
2019-06-28 11:31:00.000000000,QUERY_SPREAD,101
2019-06-28 11:31:00.000000000,QUERY_ORDER_STREAM,101
2019-06-28 11:31:00.000000000,BEST_BID,"JPM,101310,44"
2019-06-28 11:31:00.000000000,BEST_ASK,"JPM,101433,156"
2019-06-28 11:31:00.000000000,LAST_TRADE,"1,$101310.0000"
2019-06-28 11:31:08.753955432,QUERY_SPREAD,7
2019-06-28 11:31:08.753955432,BEST_BID,"JPM,101310,44"
2019-06-28 11:31:08.753955432,BEST_ASK,"JPM,101372,100"
2019-06-28 11:31:10.000000000,QUERY_SPREAD,1
2019-06-28 11:31:10.000000000,BEST_BID,"JPM,101057,340"
2019-06-28 11:31:10.000000000,BEST_ASK,"JPM,101372,100"
2019-06-28 11:31:10.000000000,BEST_BID,"JPM,101057,340"
2019-06-28 11:31:10.000000000,BEST_ASK,"JPM,101372,100"
2019-06-28 11:31:10.000000000,BEST_BID,"JPM,101057,340"
2019-06-28 11:31:10.000000000,BEST_ASK,"JPM,101372,240"
2019-06-28 11:31:10.000000000,BEST_BID,"JPM,101057,340"
2019-06-28 11:31:10.000000000,BEST_ASK,"JPM,101372,240"
2019-06-28 11:31:19.656362858,QUERY_SPREAD,13
2019-06-28 11:31:19.656362858,BEST_BID,"JPM,101057,340"
2019-06-28 11:31:19.656362858,BEST_ASK,"JPM,101369,100"
2019-06-28 11:31:20.000000000,QUERY_SPREAD,1
2019-06-28 11:31:20.000000000,BEST_BID,"JPM,101057,256"
2019-06-28 11:31:20.000000000,BEST_ASK,"JPM,101369,100"
2019-06-28 11:31:20.000000000,BEST_BID,"JPM,101057,256"
2019-06-28 11:31:20.000000000,BEST_ASK,"JPM,101369,100"
2019-06-28 11:31:20.000000000,BEST_BID,"JPM,101057,256"
2019-06-28 11:31:20.000000000,BEST_ASK,"JPM,101369,100"
2019-06-28 11:31:20.000000000,BEST_BID,"JPM,101057,256"
2019-06-28 11:31:20.000000000,BEST_ASK,"JPM,101369,100"
2019-06-28 11:31:20.000000000,BEST_BID,"JPM,101057,256"
2019-06-28 11:31:20.000000000,BEST_ASK,"JPM,101369,100"
2019-06-28 11:31:20.000000000,BEST_BID,"JPM,101057,256"
2019-06-28 11:31:20.000000000,BEST_ASK,"JPM,101369,156"
2019-06-28 11:31:20.000000000,BEST_BID,"JPM,101057,256"
2019-06-28 11:31:20.000000000,BEST_ASK,"JPM,101369,156"
2019-06-28 11:31:20.000000000,BEST_BID,"JPM,101057,256"
2019-06-28 11:31:20.000000000,BEST_ASK,"JPM,101369,156"
2019-06-28 11:31:20.000000000,BEST_BID,"JPM,101057,256"
2019-06-28 11:31:20.000000000,BEST_ASK,"JPM,101369,156"
2019-06-28 11:31:20.000000000,BEST_BID,"JPM,101057,256"
2019-06-28 11:31:20.000000000,BEST_ASK,"JPM,101369,156"
2019-06-28 11:31:30.000000000,QUERY_SPREAD,1
2019-06-28 11:31:30.000000000,BEST_BID,"JPM,101057,340"
2019-06-28 11:31:30.000000000,BEST_ASK,"JPM,101369,100"
2019-06-28 11:31:30.000000000,BEST_BID,"JPM,101057,340"
2019-06-28 11:31:30.000000000,BEST_ASK,"JPM,101369,100"
2019-06-28 11:31:30.000000000,BEST_BID,"JPM,101057,340"
2019-06-28 11:31:30.000000000,BEST_ASK,"JPM,101369,240"
2019-06-28 11:31:30.000000000,BEST_BID,"JPM,101057,340"
2019-06-28 11:31:30.000000000,BEST_ASK,"JPM,101369,240"
2019-06-28 11:31:38.139720135,QUERY_ORDER_STREAM,52
2019-06-28 11:31:38.139720135,QUERY_SPREAD,52
2019-06-28 11:31:38.139720135,BEST_BID,"JPM,101310,100"
2019-06-28 11:31:38.139720135,BEST_ASK,"JPM,101369,240"
2019-06-28 11:31:40.000000000,QUERY_SPREAD,1
2019-06-28 11:31:40.000000000,BEST_BID,"JPM,101310,380"
2019-06-28 11:31:40.000000000,BEST_ASK,"JPM,101369,100"
2019-06-28 11:31:40.000000000,BEST_BID,"JPM,101310,380"
2019-06-28 11:31:40.000000000,BEST_ASK,"JPM,101369,380"
2019-06-28 11:31:46.226482290,QUERY_ORDER_STREAM,62
2019-06-28 11:31:46.226482290,QUERY_SPREAD,62
2019-06-28 11:31:50.000000000,QUERY_SPREAD,1
2019-06-28 11:31:50.000000000,BEST_BID,"JPM,101310,195"
2019-06-28 11:31:50.000000000,BEST_ASK,"JPM,101369,100"
2019-06-28 11:31:50.000000000,BEST_BID,"JPM,101310,195"
2019-06-28 11:31:50.000000000,BEST_ASK,"JPM,101369,100"
2019-06-28 11:31:50.000000000,BEST_BID,"JPM,101310,195"
2019-06-28 11:31:50.000000000,BEST_ASK,"JPM,101369,100"
2019-06-28 11:31:50.000000000,BEST_BID,"JPM,101310,195"
2019-06-28 11:31:50.000000000,BEST_ASK,"JPM,101369,195"
2019-06-28 11:31:50.000000000,BEST_BID,"JPM,101310,195"
2019-06-28 11:31:50.000000000,BEST_ASK,"JPM,101369,195"
2019-06-28 11:31:50.000000000,BEST_BID,"JPM,101310,195"
2019-06-28 11:31:50.000000000,BEST_ASK,"JPM,101369,195"
2019-06-28 11:31:58.200438260,QUERY_SPREAD,25
2019-06-28 11:31:58.200438260,BEST_BID,"JPM,101310,195"
2019-06-28 11:31:58.200438260,BEST_ASK,"JPM,101369,95"
2019-06-28 11:31:58.200438260,LAST_TRADE,"100,$101369.0000"
2019-06-28 11:31:59.208471925,QUERY_ORDER_STREAM,54
2019-06-28 11:31:59.208471925,QUERY_SPREAD,54
2019-06-28 11:31:59.208471925,BEST_BID,"JPM,101310,195"
2019-06-28 11:31:59.208471925,BEST_ASK,"JPM,101368,100"
2019-06-28 11:32:00.000000000,QUERY_SPREAD,1
2019-06-28 11:32:00.000000000,BEST_BID,"JPM,101310,195"
2019-06-28 11:32:00.000000000,BEST_ASK,"JPM,101368,100"
2019-06-28 11:32:00.000000000,BEST_BID,"JPM,101310,195"
2019-06-28 11:32:00.000000000,BEST_ASK,"JPM,101368,100"
2019-06-28 11:32:00.000000000,BEST_BID,"JPM,101310,195"
2019-06-28 11:32:00.000000000,BEST_ASK,"JPM,101368,100"
2019-06-28 11:32:00.000000000,BEST_BID,"JPM,101310,195"
2019-06-28 11:32:00.000000000,BEST_ASK,"JPM,101368,195"
2019-06-28 11:32:00.000000000,BEST_BID,"JPM,101310,195"
2019-06-28 11:32:00.000000000,BEST_ASK,"JPM,101368,195"
2019-06-28 11:32:00.000000000,BEST_BID,"JPM,101310,195"
2019-06-28 11:32:00.000000000,BEST_ASK,"JPM,101368,195"
2019-06-28 11:32:00.000000000,QUERY_SPREAD,77
2019-06-28 11:32:00.000000000,BEST_BID,"JPM,101310,194"
2019-06-28 11:32:00.000000000,BEST_ASK,"JPM,101368,195"
2019-06-28 11:32:00.000000000,LAST_TRADE,"1,$101310.0000"
2019-06-28 11:32:00.000000000,QUERY_SPREAD,78
2019-06-28 11:32:00.000000000,BEST_BID,"JPM,101310,190"
2019-06-28 11:32:00.000000000,BEST_ASK,"JPM,101368,195"
2019-06-28 11:32:00.000000000,LAST_TRADE,"4,$101310.0000"
2019-06-28 11:32:00.000000000,QUERY_SPREAD,79
2019-06-28 11:32:00.000000000,BEST_BID,"JPM,101310,184"
2019-06-28 11:32:00.000000000,BEST_ASK,"JPM,101368,195"
2019-06-28 11:32:00.000000000,LAST_TRADE,"6,$101310.0000"
2019-06-28 11:32:00.000000000,QUERY_SPREAD,80
2019-06-28 11:32:00.000000000,BEST_BID,"JPM,101310,179"
2019-06-28 11:32:00.000000000,BEST_ASK,"JPM,101368,195"
2019-06-28 11:32:00.000000000,LAST_TRADE,"5,$101310.0000"
2019-06-28 11:32:00.000000000,QUERY_SPREAD,81
2019-06-28 11:32:00.000000000,BEST_BID,"JPM,101310,171"
2019-06-28 11:32:00.000000000,BEST_ASK,"JPM,101368,195"
2019-06-28 11:32:00.000000000,LAST_TRADE,"8,$101310.0000"
2019-06-28 11:32:00.000000000,QUERY_SPREAD,82
2019-06-28 11:32:00.000000000,BEST_BID,"JPM,101310,163"
2019-06-28 11:32:00.000000000,BEST_ASK,"JPM,101368,195"
2019-06-28 11:32:00.000000000,LAST_TRADE,"8,$101310.0000"
2019-06-28 11:32:00.000000000,QUERY_SPREAD,83
2019-06-28 11:32:00.000000000,BEST_BID,"JPM,101310,161"
2019-06-28 11:32:00.000000000,BEST_ASK,"JPM,101368,195"
2019-06-28 11:32:00.000000000,LAST_TRADE,"2,$101310.0000"
2019-06-28 11:32:00.000000000,QUERY_SPREAD,84
2019-06-28 11:32:00.000000000,BEST_BID,"JPM,101310,160"
2019-06-28 11:32:00.000000000,BEST_ASK,"JPM,101368,195"
2019-06-28 11:32:00.000000000,LAST_TRADE,"1,$101310.0000"
2019-06-28 11:32:00.000000000,QUERY_SPREAD,85
2019-06-28 11:32:00.000000000,BEST_BID,"JPM,101310,159"
2019-06-28 11:32:00.000000000,BEST_ASK,"JPM,101368,195"
2019-06-28 11:32:00.000000000,LAST_TRADE,"1,$101310.0000"
2019-06-28 11:32:00.000000000,QUERY_SPREAD,86
2019-06-28 11:32:00.000000000,BEST_BID,"JPM,101310,153"
2019-06-28 11:32:00.000000000,BEST_ASK,"JPM,101368,195"
2019-06-28 11:32:00.000000000,LAST_TRADE,"6,$101310.0000"
2019-06-28 11:32:00.000000000,QUERY_SPREAD,87
2019-06-28 11:32:00.000000000,BEST_BID,"JPM,101310,150"
2019-06-28 11:32:00.000000000,BEST_ASK,"JPM,101368,195"
2019-06-28 11:32:00.000000000,LAST_TRADE,"3,$101310.0000"
2019-06-28 11:32:00.000000000,QUERY_SPREAD,88
2019-06-28 11:32:00.000000000,BEST_BID,"JPM,101310,146"
2019-06-28 11:32:00.000000000,BEST_ASK,"JPM,101368,195"
2019-06-28 11:32:00.000000000,LAST_TRADE,"4,$101310.0000"
2019-06-28 11:32:00.000000000,QUERY_SPREAD,89
2019-06-28 11:32:00.000000000,BEST_BID,"JPM,101310,142"
2019-06-28 11:32:00.000000000,BEST_ASK,"JPM,101368,195"
2019-06-28 11:32:00.000000000,LAST_TRADE,"4,$101310.0000"
2019-06-28 11:32:00.000000000,QUERY_SPREAD,90
2019-06-28 11:32:00.000000000,BEST_BID,"JPM,101310,135"
2019-06-28 11:32:00.000000000,BEST_ASK,"JPM,101368,195"
2019-06-28 11:32:00.000000000,LAST_TRADE,"7,$101310.0000"
2019-06-28 11:32:00.000000000,QUERY_SPREAD,91
2019-06-28 11:32:00.000000000,BEST_BID,"JPM,101310,127"
2019-06-28 11:32:00.000000000,BEST_ASK,"JPM,101368,195"
2019-06-28 11:32:00.000000000,LAST_TRADE,"8,$101310.0000"
2019-06-28 11:32:00.000000000,QUERY_SPREAD,92
2019-06-28 11:32:00.000000000,BEST_BID,"JPM,101310,122"
2019-06-28 11:32:00.000000000,BEST_ASK,"JPM,101368,195"
2019-06-28 11:32:00.000000000,LAST_TRADE,"5,$101310.0000"
2019-06-28 11:32:00.000000000,QUERY_SPREAD,93
2019-06-28 11:32:00.000000000,BEST_BID,"JPM,101310,119"
2019-06-28 11:32:00.000000000,BEST_ASK,"JPM,101368,195"
2019-06-28 11:32:00.000000000,LAST_TRADE,"3,$101310.0000"
2019-06-28 11:32:00.000000000,QUERY_SPREAD,94
2019-06-28 11:32:00.000000000,BEST_BID,"JPM,101310,115"
2019-06-28 11:32:00.000000000,BEST_ASK,"JPM,101368,195"
2019-06-28 11:32:00.000000000,LAST_TRADE,"4,$101310.0000"
2019-06-28 11:32:00.000000000,QUERY_SPREAD,95
2019-06-28 11:32:00.000000000,BEST_BID,"JPM,101310,110"
2019-06-28 11:32:00.000000000,BEST_ASK,"JPM,101368,195"
2019-06-28 11:32:00.000000000,LAST_TRADE,"5,$101310.0000"
2019-06-28 11:32:00.000000000,QUERY_SPREAD,96
2019-06-28 11:32:00.000000000,BEST_BID,"JPM,101310,109"
2019-06-28 11:32:00.000000000,BEST_ASK,"JPM,101368,195"
2019-06-28 11:32:00.000000000,LAST_TRADE,"1,$101310.0000"
2019-06-28 11:32:00.000000000,QUERY_SPREAD,97
2019-06-28 11:32:00.000000000,BEST_BID,"JPM,101310,102"
2019-06-28 11:32:00.000000000,BEST_ASK,"JPM,101368,195"
2019-06-28 11:32:00.000000000,LAST_TRADE,"7,$101310.0000"
2019-06-28 11:32:00.000000000,QUERY_SPREAD,98
2019-06-28 11:32:00.000000000,BEST_BID,"JPM,101310,96"
2019-06-28 11:32:00.000000000,BEST_ASK,"JPM,101368,195"
2019-06-28 11:32:00.000000000,LAST_TRADE,"6,$101310.0000"
2019-06-28 11:32:00.000000000,QUERY_SPREAD,99
2019-06-28 11:32:00.000000000,BEST_BID,"JPM,101310,91"
2019-06-28 11:32:00.000000000,BEST_ASK,"JPM,101368,195"
2019-06-28 11:32:00.000000000,LAST_TRADE,"5,$101310.0000"
2019-06-28 11:32:00.000000000,QUERY_SPREAD,100
2019-06-28 11:32:00.000000000,BEST_BID,"JPM,101310,84"
2019-06-28 11:32:00.000000000,BEST_ASK,"JPM,101368,195"
2019-06-28 11:32:00.000000000,LAST_TRADE,"7,$101310.0000"
2019-06-28 11:32:00.000000000,QUERY_SPREAD,101
2019-06-28 11:32:00.000000000,QUERY_ORDER_STREAM,101
2019-06-28 11:32:00.000000000,BEST_BID,"JPM,101310,83"
2019-06-28 11:32:00.000000000,BEST_ASK,"JPM,101368,195"
2019-06-28 11:32:00.000000000,LAST_TRADE,"1,$101310.0000"
2019-06-28 11:32:10.000000000,QUERY_SPREAD,1
2019-06-28 11:32:10.000000000,BEST_BID,"JPM,101057,295"
2019-06-28 11:32:10.000000000,BEST_ASK,"JPM,101368,100"
2019-06-28 11:32:10.000000000,BEST_BID,"JPM,101057,295"
2019-06-28 11:32:10.000000000,BEST_ASK,"JPM,101368,100"
2019-06-28 11:32:10.000000000,BEST_BID,"JPM,101057,295"
2019-06-28 11:32:10.000000000,BEST_ASK,"JPM,101368,100"
2019-06-28 11:32:10.000000000,BEST_BID,"JPM,101057,295"
2019-06-28 11:32:10.000000000,BEST_ASK,"JPM,101368,195"
2019-06-28 11:32:10.000000000,BEST_BID,"JPM,101057,295"
2019-06-28 11:32:10.000000000,BEST_ASK,"JPM,101368,195"
2019-06-28 11:32:10.000000000,BEST_BID,"JPM,101057,295"
2019-06-28 11:32:10.000000000,BEST_ASK,"JPM,101368,195"
2019-06-28 11:32:15.530084066,QUERY_SPREAD,10
2019-06-28 11:32:15.530084066,BEST_BID,"JPM,101057,295"
2019-06-28 11:32:15.530084066,BEST_ASK,"JPM,101368,95"
2019-06-28 11:32:15.530084066,LAST_TRADE,"100,$101368.0000"
2019-06-28 11:32:20.000000000,QUERY_SPREAD,1
2019-06-28 11:32:20.000000000,BEST_BID,"JPM,101057,295"
2019-06-28 11:32:20.000000000,BEST_ASK,"JPM,101372,100"
2019-06-28 11:32:20.000000000,BEST_BID,"JPM,101057,295"
2019-06-28 11:32:20.000000000,BEST_ASK,"JPM,101372,100"
2019-06-28 11:32:20.000000000,BEST_BID,"JPM,101057,295"
2019-06-28 11:32:20.000000000,BEST_ASK,"JPM,101372,100"
2019-06-28 11:32:20.000000000,BEST_BID,"JPM,101057,295"
2019-06-28 11:32:20.000000000,BEST_ASK,"JPM,101372,195"
2019-06-28 11:32:20.000000000,BEST_BID,"JPM,101057,295"
2019-06-28 11:32:20.000000000,BEST_ASK,"JPM,101372,195"
2019-06-28 11:32:20.000000000,BEST_BID,"JPM,101057,295"
2019-06-28 11:32:20.000000000,BEST_ASK,"JPM,101372,195"
2019-06-28 11:32:22.434833155,QUERY_SPREAD,31
2019-06-28 11:32:22.434833155,BEST_BID,"JPM,101057,295"
2019-06-28 11:32:22.434833155,BEST_ASK,"JPM,101372,195"
2019-06-28 11:32:30.000000000,QUERY_SPREAD,1
2019-06-28 11:32:30.000000000,BEST_BID,"JPM,101057,270"
2019-06-28 11:32:30.000000000,BEST_ASK,"JPM,101372,100"
2019-06-28 11:32:30.000000000,BEST_BID,"JPM,101057,270"
2019-06-28 11:32:30.000000000,BEST_ASK,"JPM,101372,100"
2019-06-28 11:32:30.000000000,BEST_BID,"JPM,101057,270"
2019-06-28 11:32:30.000000000,BEST_ASK,"JPM,101372,100"
2019-06-28 11:32:30.000000000,BEST_BID,"JPM,101057,270"
2019-06-28 11:32:30.000000000,BEST_ASK,"JPM,101372,100"
2019-06-28 11:32:30.000000000,BEST_BID,"JPM,101057,270"
2019-06-28 11:32:30.000000000,BEST_ASK,"JPM,101372,170"
2019-06-28 11:32:30.000000000,BEST_BID,"JPM,101057,270"
2019-06-28 11:32:30.000000000,BEST_ASK,"JPM,101372,170"
2019-06-28 11:32:30.000000000,BEST_BID,"JPM,101057,270"
2019-06-28 11:32:30.000000000,BEST_ASK,"JPM,101372,170"
2019-06-28 11:32:30.000000000,BEST_BID,"JPM,101057,270"
2019-06-28 11:32:30.000000000,BEST_ASK,"JPM,101372,170"
2019-06-28 11:32:40.000000000,QUERY_SPREAD,1
2019-06-28 11:32:40.000000000,BEST_BID,"JPM,101057,340"
2019-06-28 11:32:40.000000000,BEST_ASK,"JPM,101372,100"
2019-06-28 11:32:40.000000000,BEST_BID,"JPM,101057,340"
2019-06-28 11:32:40.000000000,BEST_ASK,"JPM,101372,100"
2019-06-28 11:32:40.000000000,BEST_BID,"JPM,101057,340"
2019-06-28 11:32:40.000000000,BEST_ASK,"JPM,101372,240"
2019-06-28 11:32:40.000000000,BEST_BID,"JPM,101057,340"
2019-06-28 11:32:40.000000000,BEST_ASK,"JPM,101372,240"
2019-06-28 11:32:50.000000000,QUERY_SPREAD,1
2019-06-28 11:32:50.000000000,BEST_BID,"JPM,101057,256"
2019-06-28 11:32:50.000000000,BEST_ASK,"JPM,101372,100"
2019-06-28 11:32:50.000000000,BEST_BID,"JPM,101057,256"
2019-06-28 11:32:50.000000000,BEST_ASK,"JPM,101372,100"
2019-06-28 11:32:50.000000000,BEST_BID,"JPM,101057,256"
2019-06-28 11:32:50.000000000,BEST_ASK,"JPM,101372,100"
2019-06-28 11:32:50.000000000,BEST_BID,"JPM,101057,256"
2019-06-28 11:32:50.000000000,BEST_ASK,"JPM,101372,100"
2019-06-28 11:32:50.000000000,BEST_BID,"JPM,101057,256"
2019-06-28 11:32:50.000000000,BEST_ASK,"JPM,101372,100"
2019-06-28 11:32:50.000000000,BEST_BID,"JPM,101057,256"
2019-06-28 11:32:50.000000000,BEST_ASK,"JPM,101372,156"
2019-06-28 11:32:50.000000000,BEST_BID,"JPM,101057,256"
2019-06-28 11:32:50.000000000,BEST_ASK,"JPM,101372,156"
2019-06-28 11:32:50.000000000,BEST_BID,"JPM,101057,256"
2019-06-28 11:32:50.000000000,BEST_ASK,"JPM,101372,156"
2019-06-28 11:32:50.000000000,BEST_BID,"JPM,101057,256"
2019-06-28 11:32:50.000000000,BEST_ASK,"JPM,101372,156"
2019-06-28 11:32:50.000000000,BEST_BID,"JPM,101057,256"
2019-06-28 11:32:50.000000000,BEST_ASK,"JPM,101372,156"
2019-06-28 11:32:52.300610260,QUERY_ORDER_STREAM,65
2019-06-28 11:32:52.300610260,QUERY_SPREAD,65
2019-06-28 11:32:52.840567092,QUERY_ORDER_STREAM,54
2019-06-28 11:32:52.840567092,QUERY_SPREAD,54
2019-06-28 11:33:00.000000000,QUERY_SPREAD,1
2019-06-28 11:33:00.000000000,BEST_BID,"JPM,101057,480"
2019-06-28 11:33:00.000000000,BEST_ASK,"JPM,101372,100"
2019-06-28 11:33:00.000000000,BEST_BID,"JPM,101057,480"
2019-06-28 11:33:00.000000000,BEST_ASK,"JPM,101372,380"
2019-06-28 11:33:00.000000000,QUERY_SPREAD,77
2019-06-28 11:33:00.000000000,BEST_BID,"JPM,101057,479"
2019-06-28 11:33:00.000000000,BEST_ASK,"JPM,101372,380"
2019-06-28 11:33:00.000000000,LAST_TRADE,"1,$101057.0000"
2019-06-28 11:33:00.000000000,QUERY_SPREAD,78
2019-06-28 11:33:00.000000000,BEST_BID,"JPM,101057,475"
2019-06-28 11:33:00.000000000,BEST_ASK,"JPM,101372,380"
2019-06-28 11:33:00.000000000,LAST_TRADE,"4,$101057.0000"
2019-06-28 11:33:00.000000000,QUERY_SPREAD,79
2019-06-28 11:33:00.000000000,BEST_BID,"JPM,101057,469"
2019-06-28 11:33:00.000000000,BEST_ASK,"JPM,101372,380"
2019-06-28 11:33:00.000000000,LAST_TRADE,"6,$101057.0000"
2019-06-28 11:33:00.000000000,QUERY_SPREAD,80
2019-06-28 11:33:00.000000000,BEST_BID,"JPM,101057,464"
2019-06-28 11:33:00.000000000,BEST_ASK,"JPM,101372,380"
2019-06-28 11:33:00.000000000,LAST_TRADE,"5,$101057.0000"
2019-06-28 11:33:00.000000000,QUERY_SPREAD,81
2019-06-28 11:33:00.000000000,BEST_BID,"JPM,101057,456"
2019-06-28 11:33:00.000000000,BEST_ASK,"JPM,101372,380"
2019-06-28 11:33:00.000000000,LAST_TRADE,"8,$101057.0000"
2019-06-28 11:33:00.000000000,QUERY_SPREAD,82
2019-06-28 11:33:00.000000000,BEST_BID,"JPM,101057,448"
2019-06-28 11:33:00.000000000,BEST_ASK,"JPM,101372,380"
2019-06-28 11:33:00.000000000,LAST_TRADE,"8,$101057.0000"
2019-06-28 11:33:00.000000000,QUERY_SPREAD,83
2019-06-28 11:33:00.000000000,BEST_BID,"JPM,101057,446"
2019-06-28 11:33:00.000000000,BEST_ASK,"JPM,101372,380"
2019-06-28 11:33:00.000000000,LAST_TRADE,"2,$101057.0000"
2019-06-28 11:33:00.000000000,QUERY_SPREAD,84
2019-06-28 11:33:00.000000000,BEST_BID,"JPM,101057,445"
2019-06-28 11:33:00.000000000,BEST_ASK,"JPM,101372,380"
2019-06-28 11:33:00.000000000,LAST_TRADE,"1,$101057.0000"
2019-06-28 11:33:00.000000000,QUERY_SPREAD,85
2019-06-28 11:33:00.000000000,BEST_BID,"JPM,101057,444"
2019-06-28 11:33:00.000000000,BEST_ASK,"JPM,101372,380"
2019-06-28 11:33:00.000000000,LAST_TRADE,"1,$101057.0000"
2019-06-28 11:33:00.000000000,QUERY_SPREAD,86
2019-06-28 11:33:00.000000000,BEST_BID,"JPM,101057,438"
2019-06-28 11:33:00.000000000,BEST_ASK,"JPM,101372,380"
2019-06-28 11:33:00.000000000,LAST_TRADE,"6,$101057.0000"
2019-06-28 11:33:00.000000000,QUERY_SPREAD,87
2019-06-28 11:33:00.000000000,BEST_BID,"JPM,101057,435"
2019-06-28 11:33:00.000000000,BEST_ASK,"JPM,101372,380"
2019-06-28 11:33:00.000000000,LAST_TRADE,"3,$101057.0000"
2019-06-28 11:33:00.000000000,QUERY_SPREAD,88
2019-06-28 11:33:00.000000000,BEST_BID,"JPM,101057,431"
2019-06-28 11:33:00.000000000,BEST_ASK,"JPM,101372,380"
2019-06-28 11:33:00.000000000,LAST_TRADE,"4,$101057.0000"
2019-06-28 11:33:00.000000000,QUERY_SPREAD,89
2019-06-28 11:33:00.000000000,BEST_BID,"JPM,101057,427"
2019-06-28 11:33:00.000000000,BEST_ASK,"JPM,101372,380"
2019-06-28 11:33:00.000000000,LAST_TRADE,"4,$101057.0000"
2019-06-28 11:33:00.000000000,QUERY_SPREAD,90
2019-06-28 11:33:00.000000000,BEST_BID,"JPM,101057,420"
2019-06-28 11:33:00.000000000,BEST_ASK,"JPM,101372,380"
2019-06-28 11:33:00.000000000,LAST_TRADE,"7,$101057.0000"
2019-06-28 11:33:00.000000000,QUERY_SPREAD,91
2019-06-28 11:33:00.000000000,BEST_BID,"JPM,101057,412"
2019-06-28 11:33:00.000000000,BEST_ASK,"JPM,101372,380"
2019-06-28 11:33:00.000000000,LAST_TRADE,"8,$101057.0000"
2019-06-28 11:33:00.000000000,QUERY_SPREAD,92
2019-06-28 11:33:00.000000000,BEST_BID,"JPM,101057,407"
2019-06-28 11:33:00.000000000,BEST_ASK,"JPM,101372,380"
2019-06-28 11:33:00.000000000,LAST_TRADE,"5,$101057.0000"
2019-06-28 11:33:00.000000000,QUERY_SPREAD,93
2019-06-28 11:33:00.000000000,BEST_BID,"JPM,101057,404"
2019-06-28 11:33:00.000000000,BEST_ASK,"JPM,101372,380"
2019-06-28 11:33:00.000000000,LAST_TRADE,"3,$101057.0000"
2019-06-28 11:33:00.000000000,QUERY_SPREAD,94
2019-06-28 11:33:00.000000000,BEST_BID,"JPM,101057,400"
2019-06-28 11:33:00.000000000,BEST_ASK,"JPM,101372,380"
2019-06-28 11:33:00.000000000,LAST_TRADE,"4,$101057.0000"
2019-06-28 11:33:00.000000000,QUERY_SPREAD,95
2019-06-28 11:33:00.000000000,BEST_BID,"JPM,101057,395"
2019-06-28 11:33:00.000000000,BEST_ASK,"JPM,101372,380"
2019-06-28 11:33:00.000000000,LAST_TRADE,"5,$101057.0000"
2019-06-28 11:33:00.000000000,QUERY_SPREAD,96
2019-06-28 11:33:00.000000000,BEST_BID,"JPM,101057,394"
2019-06-28 11:33:00.000000000,BEST_ASK,"JPM,101372,380"
2019-06-28 11:33:00.000000000,LAST_TRADE,"1,$101057.0000"
2019-06-28 11:33:00.000000000,QUERY_SPREAD,97
2019-06-28 11:33:00.000000000,BEST_BID,"JPM,101057,387"
2019-06-28 11:33:00.000000000,BEST_ASK,"JPM,101372,380"
2019-06-28 11:33:00.000000000,LAST_TRADE,"7,$101057.0000"
2019-06-28 11:33:00.000000000,QUERY_SPREAD,98
2019-06-28 11:33:00.000000000,BEST_BID,"JPM,101057,381"
2019-06-28 11:33:00.000000000,BEST_ASK,"JPM,101372,380"
2019-06-28 11:33:00.000000000,LAST_TRADE,"6,$101057.0000"
2019-06-28 11:33:00.000000000,QUERY_SPREAD,99
2019-06-28 11:33:00.000000000,BEST_BID,"JPM,101057,376"
2019-06-28 11:33:00.000000000,BEST_ASK,"JPM,101372,380"
2019-06-28 11:33:00.000000000,LAST_TRADE,"5,$101057.0000"
2019-06-28 11:33:00.000000000,QUERY_SPREAD,100
2019-06-28 11:33:00.000000000,BEST_BID,"JPM,101057,369"
2019-06-28 11:33:00.000000000,BEST_ASK,"JPM,101372,380"
2019-06-28 11:33:00.000000000,LAST_TRADE,"7,$101057.0000"
2019-06-28 11:33:00.000000000,QUERY_SPREAD,101
2019-06-28 11:33:00.000000000,QUERY_ORDER_STREAM,101
2019-06-28 11:33:00.000000000,BEST_BID,"JPM,101057,368"
2019-06-28 11:33:00.000000000,BEST_ASK,"JPM,101372,380"
2019-06-28 11:33:00.000000000,LAST_TRADE,"1,$101057.0000"
2019-06-28 11:33:09.183126086,QUERY_SPREAD,16
2019-06-28 11:33:09.183126086,BEST_BID,"JPM,101057,368"
2019-06-28 11:33:09.183126086,BEST_ASK,"JPM,101372,380"
2019-06-28 11:33:10.000000000,QUERY_SPREAD,1
2019-06-28 11:33:10.000000000,BEST_BID,"JPM,101057,158"
2019-06-28 11:33:10.000000000,BEST_ASK,"JPM,101372,100"
2019-06-28 11:33:10.000000000,BEST_BID,"JPM,101057,158"
2019-06-28 11:33:10.000000000,BEST_ASK,"JPM,101372,100"
2019-06-28 11:33:10.000000000,BEST_BID,"JPM,101057,158"
2019-06-28 11:33:10.000000000,BEST_ASK,"JPM,101372,100"
2019-06-28 11:33:10.000000000,BEST_BID,"JPM,101057,158"
2019-06-28 11:33:10.000000000,BEST_ASK,"JPM,101372,100"
2019-06-28 11:33:10.000000000,BEST_BID,"JPM,101057,158"
2019-06-28 11:33:10.000000000,BEST_ASK,"JPM,101372,170"
2019-06-28 11:33:10.000000000,BEST_BID,"JPM,101057,158"
2019-06-28 11:33:10.000000000,BEST_ASK,"JPM,101372,170"
2019-06-28 11:33:10.000000000,BEST_BID,"JPM,101057,158"
2019-06-28 11:33:10.000000000,BEST_ASK,"JPM,101372,170"
2019-06-28 11:33:10.000000000,BEST_BID,"JPM,101057,158"
2019-06-28 11:33:10.000000000,BEST_ASK,"JPM,101372,170"
2019-06-28 11:33:15.791254567,QUERY_ORDER_STREAM,63
2019-06-28 11:33:15.791254567,QUERY_SPREAD,63
2019-06-28 11:33:20.000000000,QUERY_SPREAD,1
2019-06-28 11:33:20.000000000,BEST_BID,"JPM,101057,183"
2019-06-28 11:33:20.000000000,BEST_ASK,"JPM,101372,100"
2019-06-28 11:33:20.000000000,BEST_BID,"JPM,101057,183"
2019-06-28 11:33:20.000000000,BEST_ASK,"JPM,101372,100"
2019-06-28 11:33:20.000000000,BEST_BID,"JPM,101057,183"
2019-06-28 11:33:20.000000000,BEST_ASK,"JPM,101372,100"
2019-06-28 11:33:20.000000000,BEST_BID,"JPM,101057,183"
2019-06-28 11:33:20.000000000,BEST_ASK,"JPM,101372,195"
2019-06-28 11:33:20.000000000,BEST_BID,"JPM,101057,183"
2019-06-28 11:33:20.000000000,BEST_ASK,"JPM,101372,195"
2019-06-28 11:33:20.000000000,BEST_BID,"JPM,101057,183"
2019-06-28 11:33:20.000000000,BEST_ASK,"JPM,101372,195"
2019-06-28 11:33:26.907638690,QUERY_SPREAD,37
2019-06-28 11:33:26.907638690,BEST_BID,"JPM,101057,183"
2019-06-28 11:33:26.907638690,BEST_ASK,"JPM,101372,195"
2019-06-28 11:33:30.000000000,QUERY_SPREAD,1
2019-06-28 11:33:30.000000000,BEST_BID,"JPM,101057,144"
2019-06-28 11:33:30.000000000,BEST_ASK,"JPM,101372,100"
2019-06-28 11:33:30.000000000,BEST_BID,"JPM,101057,144"
2019-06-28 11:33:30.000000000,BEST_ASK,"JPM,101372,100"
2019-06-28 11:33:30.000000000,BEST_BID,"JPM,101057,144"
2019-06-28 11:33:30.000000000,BEST_ASK,"JPM,101372,100"
2019-06-28 11:33:30.000000000,BEST_BID,"JPM,101057,144"
2019-06-28 11:33:30.000000000,BEST_ASK,"JPM,101372,100"
2019-06-28 11:33:30.000000000,BEST_BID,"JPM,101057,144"
2019-06-28 11:33:30.000000000,BEST_ASK,"JPM,101372,100"
2019-06-28 11:33:30.000000000,BEST_BID,"JPM,101057,144"
2019-06-28 11:33:30.000000000,BEST_ASK,"JPM,101372,156"
2019-06-28 11:33:30.000000000,BEST_BID,"JPM,101057,144"
2019-06-28 11:33:30.000000000,BEST_ASK,"JPM,101372,156"
2019-06-28 11:33:30.000000000,BEST_BID,"JPM,101057,144"
2019-06-28 11:33:30.000000000,BEST_ASK,"JPM,101372,156"
2019-06-28 11:33:30.000000000,BEST_BID,"JPM,101057,144"
2019-06-28 11:33:30.000000000,BEST_ASK,"JPM,101372,156"
2019-06-28 11:33:30.000000000,BEST_BID,"JPM,101057,144"
2019-06-28 11:33:30.000000000,BEST_ASK,"JPM,101372,156"
2019-06-28 11:33:40.000000000,QUERY_SPREAD,1
2019-06-28 11:33:40.000000000,BEST_BID,"JPM,101057,183"
2019-06-28 11:33:40.000000000,BEST_ASK,"JPM,101372,100"
2019-06-28 11:33:40.000000000,BEST_BID,"JPM,101057,183"
2019-06-28 11:33:40.000000000,BEST_ASK,"JPM,101372,100"
2019-06-28 11:33:40.000000000,BEST_BID,"JPM,101057,183"
2019-06-28 11:33:40.000000000,BEST_ASK,"JPM,101372,100"
2019-06-28 11:33:40.000000000,BEST_BID,"JPM,101057,183"
2019-06-28 11:33:40.000000000,BEST_ASK,"JPM,101372,195"
2019-06-28 11:33:40.000000000,BEST_BID,"JPM,101057,183"
2019-06-28 11:33:40.000000000,BEST_ASK,"JPM,101372,195"
2019-06-28 11:33:40.000000000,BEST_BID,"JPM,101057,183"
2019-06-28 11:33:40.000000000,BEST_ASK,"JPM,101372,195"
2019-06-28 11:33:50.000000000,QUERY_SPREAD,1
2019-06-28 11:33:50.000000000,BEST_BID,"JPM,101057,158"
2019-06-28 11:33:50.000000000,BEST_ASK,"JPM,101372,100"
2019-06-28 11:33:50.000000000,BEST_BID,"JPM,101057,158"
2019-06-28 11:33:50.000000000,BEST_ASK,"JPM,101372,100"
2019-06-28 11:33:50.000000000,BEST_BID,"JPM,101057,158"
2019-06-28 11:33:50.000000000,BEST_ASK,"JPM,101372,100"
2019-06-28 11:33:50.000000000,BEST_BID,"JPM,101057,158"
2019-06-28 11:33:50.000000000,BEST_ASK,"JPM,101372,100"
2019-06-28 11:33:50.000000000,BEST_BID,"JPM,101057,158"
2019-06-28 11:33:50.000000000,BEST_ASK,"JPM,101372,170"
2019-06-28 11:33:50.000000000,BEST_BID,"JPM,101057,158"
2019-06-28 11:33:50.000000000,BEST_ASK,"JPM,101372,170"
2019-06-28 11:33:50.000000000,BEST_BID,"JPM,101057,158"
2019-06-28 11:33:50.000000000,BEST_ASK,"JPM,101372,170"
2019-06-28 11:33:50.000000000,BEST_BID,"JPM,101057,158"
2019-06-28 11:33:50.000000000,BEST_ASK,"JPM,101372,170"
2019-06-28 11:34:00.000000000,QUERY_SPREAD,1
2019-06-28 11:34:00.000000000,BEST_BID,"JPM,101057,183"
2019-06-28 11:34:00.000000000,BEST_ASK,"JPM,101372,100"
2019-06-28 11:34:00.000000000,BEST_BID,"JPM,101057,183"
2019-06-28 11:34:00.000000000,BEST_ASK,"JPM,101372,100"
2019-06-28 11:34:00.000000000,BEST_BID,"JPM,101057,183"
2019-06-28 11:34:00.000000000,BEST_ASK,"JPM,101372,100"
2019-06-28 11:34:00.000000000,BEST_BID,"JPM,101057,183"
2019-06-28 11:34:00.000000000,BEST_ASK,"JPM,101372,195"
2019-06-28 11:34:00.000000000,BEST_BID,"JPM,101057,183"
2019-06-28 11:34:00.000000000,BEST_ASK,"JPM,101372,195"
2019-06-28 11:34:00.000000000,BEST_BID,"JPM,101057,183"
2019-06-28 11:34:00.000000000,BEST_ASK,"JPM,101372,195"
2019-06-28 11:34:00.000000000,QUERY_SPREAD,77
2019-06-28 11:34:00.000000000,BEST_BID,"JPM,101057,182"
2019-06-28 11:34:00.000000000,BEST_ASK,"JPM,101372,195"
2019-06-28 11:34:00.000000000,LAST_TRADE,"1,$101057.0000"
2019-06-28 11:34:00.000000000,QUERY_SPREAD,78
2019-06-28 11:34:00.000000000,BEST_BID,"JPM,101057,178"
2019-06-28 11:34:00.000000000,BEST_ASK,"JPM,101372,195"
2019-06-28 11:34:00.000000000,LAST_TRADE,"4,$101057.0000"
2019-06-28 11:34:00.000000000,QUERY_SPREAD,79
2019-06-28 11:34:00.000000000,BEST_BID,"JPM,101057,172"
2019-06-28 11:34:00.000000000,BEST_ASK,"JPM,101372,195"
2019-06-28 11:34:00.000000000,LAST_TRADE,"6,$101057.0000"
2019-06-28 11:34:00.000000000,QUERY_SPREAD,80
2019-06-28 11:34:00.000000000,BEST_BID,"JPM,101057,167"
2019-06-28 11:34:00.000000000,BEST_ASK,"JPM,101372,195"
2019-06-28 11:34:00.000000000,LAST_TRADE,"5,$101057.0000"
2019-06-28 11:34:00.000000000,QUERY_SPREAD,81
2019-06-28 11:34:00.000000000,BEST_BID,"JPM,101057,159"
2019-06-28 11:34:00.000000000,BEST_ASK,"JPM,101372,195"
2019-06-28 11:34:00.000000000,LAST_TRADE,"8,$101057.0000"
2019-06-28 11:34:00.000000000,QUERY_SPREAD,82
2019-06-28 11:34:00.000000000,BEST_BID,"JPM,101057,151"
2019-06-28 11:34:00.000000000,BEST_ASK,"JPM,101372,195"
2019-06-28 11:34:00.000000000,LAST_TRADE,"8,$101057.0000"
2019-06-28 11:34:00.000000000,QUERY_SPREAD,83
2019-06-28 11:34:00.000000000,BEST_BID,"JPM,101057,149"
2019-06-28 11:34:00.000000000,BEST_ASK,"JPM,101372,195"
2019-06-28 11:34:00.000000000,LAST_TRADE,"2,$101057.0000"
2019-06-28 11:34:00.000000000,QUERY_SPREAD,84
2019-06-28 11:34:00.000000000,BEST_BID,"JPM,101057,148"
2019-06-28 11:34:00.000000000,BEST_ASK,"JPM,101372,195"
2019-06-28 11:34:00.000000000,LAST_TRADE,"1,$101057.0000"
2019-06-28 11:34:00.000000000,QUERY_SPREAD,85
2019-06-28 11:34:00.000000000,BEST_BID,"JPM,101057,147"
2019-06-28 11:34:00.000000000,BEST_ASK,"JPM,101372,195"
2019-06-28 11:34:00.000000000,LAST_TRADE,"1,$101057.0000"
2019-06-28 11:34:00.000000000,QUERY_SPREAD,86
2019-06-28 11:34:00.000000000,BEST_BID,"JPM,101057,141"
2019-06-28 11:34:00.000000000,BEST_ASK,"JPM,101372,195"
2019-06-28 11:34:00.000000000,LAST_TRADE,"6,$101057.0000"
2019-06-28 11:34:00.000000000,QUERY_SPREAD,87
2019-06-28 11:34:00.000000000,BEST_BID,"JPM,101057,138"
2019-06-28 11:34:00.000000000,BEST_ASK,"JPM,101372,195"
2019-06-28 11:34:00.000000000,LAST_TRADE,"3,$101057.0000"
2019-06-28 11:34:00.000000000,QUERY_SPREAD,88
2019-06-28 11:34:00.000000000,BEST_BID,"JPM,101057,134"
2019-06-28 11:34:00.000000000,BEST_ASK,"JPM,101372,195"
2019-06-28 11:34:00.000000000,LAST_TRADE,"4,$101057.0000"
2019-06-28 11:34:00.000000000,QUERY_SPREAD,89
2019-06-28 11:34:00.000000000,BEST_BID,"JPM,101057,130"
2019-06-28 11:34:00.000000000,BEST_ASK,"JPM,101372,195"
2019-06-28 11:34:00.000000000,LAST_TRADE,"4,$101057.0000"
2019-06-28 11:34:00.000000000,QUERY_SPREAD,90
2019-06-28 11:34:00.000000000,BEST_BID,"JPM,101057,123"
2019-06-28 11:34:00.000000000,BEST_ASK,"JPM,101372,195"
2019-06-28 11:34:00.000000000,LAST_TRADE,"7,$101057.0000"
2019-06-28 11:34:00.000000000,QUERY_SPREAD,91
2019-06-28 11:34:00.000000000,BEST_BID,"JPM,101057,115"
2019-06-28 11:34:00.000000000,BEST_ASK,"JPM,101372,195"
2019-06-28 11:34:00.000000000,LAST_TRADE,"8,$101057.0000"
2019-06-28 11:34:00.000000000,QUERY_SPREAD,92
2019-06-28 11:34:00.000000000,BEST_BID,"JPM,101057,110"
2019-06-28 11:34:00.000000000,BEST_ASK,"JPM,101372,195"
2019-06-28 11:34:00.000000000,LAST_TRADE,"5,$101057.0000"
2019-06-28 11:34:00.000000000,QUERY_SPREAD,93
2019-06-28 11:34:00.000000000,BEST_BID,"JPM,101057,107"
2019-06-28 11:34:00.000000000,BEST_ASK,"JPM,101372,195"
2019-06-28 11:34:00.000000000,LAST_TRADE,"3,$101057.0000"
2019-06-28 11:34:00.000000000,QUERY_SPREAD,94
2019-06-28 11:34:00.000000000,BEST_BID,"JPM,101057,103"
2019-06-28 11:34:00.000000000,BEST_ASK,"JPM,101372,195"
2019-06-28 11:34:00.000000000,LAST_TRADE,"4,$101057.0000"
2019-06-28 11:34:00.000000000,QUERY_SPREAD,95
2019-06-28 11:34:00.000000000,BEST_BID,"JPM,101057,98"
2019-06-28 11:34:00.000000000,BEST_ASK,"JPM,101372,195"
2019-06-28 11:34:00.000000000,LAST_TRADE,"5,$101057.0000"
2019-06-28 11:34:00.000000000,QUERY_SPREAD,96
2019-06-28 11:34:00.000000000,BEST_BID,"JPM,101057,97"
2019-06-28 11:34:00.000000000,BEST_ASK,"JPM,101372,195"
2019-06-28 11:34:00.000000000,LAST_TRADE,"1,$101057.0000"
2019-06-28 11:34:00.000000000,QUERY_SPREAD,97
2019-06-28 11:34:00.000000000,BEST_BID,"JPM,101057,90"
2019-06-28 11:34:00.000000000,BEST_ASK,"JPM,101372,195"
2019-06-28 11:34:00.000000000,LAST_TRADE,"7,$101057.0000"
2019-06-28 11:34:00.000000000,QUERY_SPREAD,98
2019-06-28 11:34:00.000000000,BEST_BID,"JPM,101057,84"
2019-06-28 11:34:00.000000000,BEST_ASK,"JPM,101372,195"
2019-06-28 11:34:00.000000000,LAST_TRADE,"6,$101057.0000"
2019-06-28 11:34:00.000000000,QUERY_SPREAD,99
2019-06-28 11:34:00.000000000,BEST_BID,"JPM,101057,79"
2019-06-28 11:34:00.000000000,BEST_ASK,"JPM,101372,195"
2019-06-28 11:34:00.000000000,LAST_TRADE,"5,$101057.0000"
2019-06-28 11:34:00.000000000,QUERY_SPREAD,100
2019-06-28 11:34:00.000000000,BEST_BID,"JPM,101057,72"
2019-06-28 11:34:00.000000000,BEST_ASK,"JPM,101372,195"
2019-06-28 11:34:00.000000000,LAST_TRADE,"7,$101057.0000"
2019-06-28 11:34:00.000000000,QUERY_SPREAD,101
2019-06-28 11:34:00.000000000,QUERY_ORDER_STREAM,101
2019-06-28 11:34:00.000000000,BEST_BID,"JPM,101057,71"
2019-06-28 11:34:00.000000000,BEST_ASK,"JPM,101372,195"
2019-06-28 11:34:00.000000000,LAST_TRADE,"1,$101057.0000"
2019-06-28 11:34:10.000000000,QUERY_SPREAD,1
2019-06-28 11:34:10.000000000,BEST_BID,"JPM,101052,156"
2019-06-28 11:34:10.000000000,BEST_ASK,"JPM,101372,100"
2019-06-28 11:34:10.000000000,BEST_BID,"JPM,101052,156"
2019-06-28 11:34:10.000000000,BEST_ASK,"JPM,101372,100"
2019-06-28 11:34:10.000000000,BEST_BID,"JPM,101052,156"
2019-06-28 11:34:10.000000000,BEST_ASK,"JPM,101372,100"
2019-06-28 11:34:10.000000000,BEST_BID,"JPM,101052,156"
2019-06-28 11:34:10.000000000,BEST_ASK,"JPM,101372,100"
2019-06-28 11:34:10.000000000,BEST_BID,"JPM,101052,156"
2019-06-28 11:34:10.000000000,BEST_ASK,"JPM,101372,100"
2019-06-28 11:34:10.000000000,BEST_BID,"JPM,101052,156"
2019-06-28 11:34:10.000000000,BEST_ASK,"JPM,101372,156"
2019-06-28 11:34:10.000000000,BEST_BID,"JPM,101052,156"
2019-06-28 11:34:10.000000000,BEST_ASK,"JPM,101372,156"
2019-06-28 11:34:10.000000000,BEST_BID,"JPM,101052,156"
2019-06-28 11:34:10.000000000,BEST_ASK,"JPM,101372,156"
2019-06-28 11:34:10.000000000,BEST_BID,"JPM,101052,156"
2019-06-28 11:34:10.000000000,BEST_ASK,"JPM,101372,156"
2019-06-28 11:34:10.000000000,BEST_BID,"JPM,101052,156"
2019-06-28 11:34:10.000000000,BEST_ASK,"JPM,101372,156"
2019-06-28 11:34:20.000000000,QUERY_SPREAD,1
2019-06-28 11:34:20.000000000,BEST_BID,"JPM,101052,156"
2019-06-28 11:34:20.000000000,BEST_ASK,"JPM,101372,100"
2019-06-28 11:34:20.000000000,BEST_BID,"JPM,101052,156"
2019-06-28 11:34:20.000000000,BEST_ASK,"JPM,101372,100"
2019-06-28 11:34:20.000000000,BEST_BID,"JPM,101052,156"
2019-06-28 11:34:20.000000000,BEST_ASK,"JPM,101372,100"
2019-06-28 11:34:20.000000000,BEST_BID,"JPM,101052,156"
2019-06-28 11:34:20.000000000,BEST_ASK,"JPM,101372,100"
2019-06-28 11:34:20.000000000,BEST_BID,"JPM,101052,156"
2019-06-28 11:34:20.000000000,BEST_ASK,"JPM,101372,100"
2019-06-28 11:34:20.000000000,BEST_BID,"JPM,101052,156"
2019-06-28 11:34:20.000000000,BEST_ASK,"JPM,101372,156"
2019-06-28 11:34:20.000000000,BEST_BID,"JPM,101052,156"
2019-06-28 11:34:20.000000000,BEST_ASK,"JPM,101372,156"
2019-06-28 11:34:20.000000000,BEST_BID,"JPM,101052,156"
2019-06-28 11:34:20.000000000,BEST_ASK,"JPM,101372,156"
2019-06-28 11:34:20.000000000,BEST_BID,"JPM,101052,156"
2019-06-28 11:34:20.000000000,BEST_ASK,"JPM,101372,156"
2019-06-28 11:34:20.000000000,BEST_BID,"JPM,101052,156"
2019-06-28 11:34:20.000000000,BEST_ASK,"JPM,101372,156"
2019-06-28 11:34:30.000000000,QUERY_SPREAD,1
2019-06-28 11:34:30.000000000,BEST_BID,"JPM,101052,240"
2019-06-28 11:34:30.000000000,BEST_ASK,"JPM,101372,100"
2019-06-28 11:34:30.000000000,BEST_BID,"JPM,101052,240"
2019-06-28 11:34:30.000000000,BEST_ASK,"JPM,101372,100"
2019-06-28 11:34:30.000000000,BEST_BID,"JPM,101052,240"
2019-06-28 11:34:30.000000000,BEST_ASK,"JPM,101372,240"
2019-06-28 11:34:30.000000000,BEST_BID,"JPM,101052,240"
2019-06-28 11:34:30.000000000,BEST_ASK,"JPM,101372,240"
2019-06-28 11:34:37.690583405,QUERY_SPREAD,26
2019-06-28 11:34:37.690583405,BEST_BID,"JPM,101052,240"
2019-06-28 11:34:37.690583405,BEST_ASK,"JPM,101372,240"
2019-06-28 11:34:40.000000000,QUERY_SPREAD,1
2019-06-28 11:34:40.000000000,BEST_BID,"JPM,101052,240"
2019-06-28 11:34:40.000000000,BEST_ASK,"JPM,101372,100"
2019-06-28 11:34:40.000000000,BEST_BID,"JPM,101052,240"
2019-06-28 11:34:40.000000000,BEST_ASK,"JPM,101372,100"
2019-06-28 11:34:40.000000000,BEST_BID,"JPM,101052,240"
2019-06-28 11:34:40.000000000,BEST_ASK,"JPM,101372,240"
2019-06-28 11:34:40.000000000,BEST_BID,"JPM,101052,240"
2019-06-28 11:34:40.000000000,BEST_ASK,"JPM,101372,240"
2019-06-28 11:34:40.409578487,QUERY_ORDER_STREAM,56
2019-06-28 11:34:40.409578487,QUERY_SPREAD,56
2019-06-28 11:34:40.409578487,BEST_BID,"JPM,101052,240"
2019-06-28 11:34:40.409578487,BEST_ASK,"JPM,101057,100"
2019-06-28 11:34:44.733206215,QUERY_SPREAD,10
2019-06-28 11:34:44.733206215,BEST_BID,"JPM,101052,140"
2019-06-28 11:34:44.733206215,BEST_ASK,"JPM,101057,100"
2019-06-28 11:34:44.733206215,LAST_TRADE,"100,$101052.0000"
2019-06-28 11:34:50.000000000,QUERY_SPREAD,1
2019-06-28 11:34:50.000000000,BEST_BID,"JPM,100694,156"
2019-06-28 11:34:50.000000000,BEST_ASK,"JPM,101057,100"
2019-06-28 11:34:50.000000000,BEST_BID,"JPM,100694,156"
2019-06-28 11:34:50.000000000,BEST_ASK,"JPM,101057,100"
2019-06-28 11:34:50.000000000,BEST_BID,"JPM,100694,156"
2019-06-28 11:34:50.000000000,BEST_ASK,"JPM,101057,100"
2019-06-28 11:34:50.000000000,BEST_BID,"JPM,100694,156"
2019-06-28 11:34:50.000000000,BEST_ASK,"JPM,101057,100"
2019-06-28 11:34:50.000000000,BEST_BID,"JPM,100694,156"
2019-06-28 11:34:50.000000000,BEST_ASK,"JPM,101057,100"
2019-06-28 11:34:50.000000000,BEST_BID,"JPM,100694,156"
2019-06-28 11:34:50.000000000,BEST_ASK,"JPM,101057,156"
2019-06-28 11:34:50.000000000,BEST_BID,"JPM,100694,156"
2019-06-28 11:34:50.000000000,BEST_ASK,"JPM,101057,156"
2019-06-28 11:34:50.000000000,BEST_BID,"JPM,100694,156"
2019-06-28 11:34:50.000000000,BEST_ASK,"JPM,101057,156"
2019-06-28 11:34:50.000000000,BEST_BID,"JPM,100694,156"
2019-06-28 11:34:50.000000000,BEST_ASK,"JPM,101057,156"
2019-06-28 11:34:50.000000000,BEST_BID,"JPM,100694,156"
2019-06-28 11:34:50.000000000,BEST_ASK,"JPM,101057,156"
2019-06-28 11:34:58.207369129,QUERY_SPREAD,19
2019-06-28 11:34:58.207369129,BEST_BID,"JPM,100694,156"
2019-06-28 11:34:58.207369129,BEST_ASK,"JPM,100838,100"
2019-06-28 11:35:00.000000000,QUERY_SPREAD,1
2019-06-28 11:35:00.000000000,BEST_BID,"JPM,100694,170"
2019-06-28 11:35:00.000000000,BEST_ASK,"JPM,100838,100"
2019-06-28 11:35:00.000000000,BEST_BID,"JPM,100694,170"
2019-06-28 11:35:00.000000000,BEST_ASK,"JPM,100838,100"
2019-06-28 11:35:00.000000000,BEST_BID,"JPM,100694,170"
2019-06-28 11:35:00.000000000,BEST_ASK,"JPM,100838,100"
2019-06-28 11:35:00.000000000,BEST_BID,"JPM,100694,170"
2019-06-28 11:35:00.000000000,BEST_ASK,"JPM,100838,100"
2019-06-28 11:35:00.000000000,BEST_BID,"JPM,100694,170"
2019-06-28 11:35:00.000000000,BEST_ASK,"JPM,100838,170"
2019-06-28 11:35:00.000000000,BEST_BID,"JPM,100694,170"
2019-06-28 11:35:00.000000000,BEST_ASK,"JPM,100838,170"
2019-06-28 11:35:00.000000000,BEST_BID,"JPM,100694,170"
2019-06-28 11:35:00.000000000,BEST_ASK,"JPM,100838,170"
2019-06-28 11:35:00.000000000,BEST_BID,"JPM,100694,170"
2019-06-28 11:35:00.000000000,BEST_ASK,"JPM,100838,170"
2019-06-28 11:35:00.000000000,QUERY_SPREAD,77
2019-06-28 11:35:00.000000000,BEST_BID,"JPM,100694,169"
2019-06-28 11:35:00.000000000,BEST_ASK,"JPM,100838,170"
2019-06-28 11:35:00.000000000,LAST_TRADE,"1,$100694.0000"
2019-06-28 11:35:00.000000000,QUERY_SPREAD,78
2019-06-28 11:35:00.000000000,BEST_BID,"JPM,100694,165"
2019-06-28 11:35:00.000000000,BEST_ASK,"JPM,100838,170"
2019-06-28 11:35:00.000000000,LAST_TRADE,"4,$100694.0000"
2019-06-28 11:35:00.000000000,QUERY_SPREAD,79
2019-06-28 11:35:00.000000000,BEST_BID,"JPM,100694,159"
2019-06-28 11:35:00.000000000,BEST_ASK,"JPM,100838,170"
2019-06-28 11:35:00.000000000,LAST_TRADE,"6,$100694.0000"
2019-06-28 11:35:00.000000000,QUERY_SPREAD,80
2019-06-28 11:35:00.000000000,BEST_BID,"JPM,100694,154"
2019-06-28 11:35:00.000000000,BEST_ASK,"JPM,100838,170"
2019-06-28 11:35:00.000000000,LAST_TRADE,"5,$100694.0000"
2019-06-28 11:35:00.000000000,QUERY_SPREAD,81
2019-06-28 11:35:00.000000000,BEST_BID,"JPM,100694,146"
2019-06-28 11:35:00.000000000,BEST_ASK,"JPM,100838,170"
2019-06-28 11:35:00.000000000,LAST_TRADE,"8,$100694.0000"
2019-06-28 11:35:00.000000000,QUERY_SPREAD,82
2019-06-28 11:35:00.000000000,BEST_BID,"JPM,100694,138"
2019-06-28 11:35:00.000000000,BEST_ASK,"JPM,100838,170"
2019-06-28 11:35:00.000000000,LAST_TRADE,"8,$100694.0000"
2019-06-28 11:35:00.000000000,QUERY_SPREAD,83
2019-06-28 11:35:00.000000000,BEST_BID,"JPM,100694,136"
2019-06-28 11:35:00.000000000,BEST_ASK,"JPM,100838,170"
2019-06-28 11:35:00.000000000,LAST_TRADE,"2,$100694.0000"
2019-06-28 11:35:00.000000000,QUERY_SPREAD,84
2019-06-28 11:35:00.000000000,BEST_BID,"JPM,100694,135"
2019-06-28 11:35:00.000000000,BEST_ASK,"JPM,100838,170"
2019-06-28 11:35:00.000000000,LAST_TRADE,"1,$100694.0000"
2019-06-28 11:35:00.000000000,QUERY_SPREAD,85
2019-06-28 11:35:00.000000000,BEST_BID,"JPM,100694,134"
2019-06-28 11:35:00.000000000,BEST_ASK,"JPM,100838,170"
2019-06-28 11:35:00.000000000,LAST_TRADE,"1,$100694.0000"
2019-06-28 11:35:00.000000000,QUERY_SPREAD,86
2019-06-28 11:35:00.000000000,BEST_BID,"JPM,100694,128"
2019-06-28 11:35:00.000000000,BEST_ASK,"JPM,100838,170"
2019-06-28 11:35:00.000000000,LAST_TRADE,"6,$100694.0000"
2019-06-28 11:35:00.000000000,QUERY_SPREAD,87
2019-06-28 11:35:00.000000000,BEST_BID,"JPM,100694,125"
2019-06-28 11:35:00.000000000,BEST_ASK,"JPM,100838,170"
2019-06-28 11:35:00.000000000,LAST_TRADE,"3,$100694.0000"
2019-06-28 11:35:00.000000000,QUERY_SPREAD,88
2019-06-28 11:35:00.000000000,BEST_BID,"JPM,100694,121"
2019-06-28 11:35:00.000000000,BEST_ASK,"JPM,100838,170"
2019-06-28 11:35:00.000000000,LAST_TRADE,"4,$100694.0000"
2019-06-28 11:35:00.000000000,QUERY_SPREAD,89
2019-06-28 11:35:00.000000000,BEST_BID,"JPM,100694,117"
2019-06-28 11:35:00.000000000,BEST_ASK,"JPM,100838,170"
2019-06-28 11:35:00.000000000,LAST_TRADE,"4,$100694.0000"
2019-06-28 11:35:00.000000000,QUERY_SPREAD,90
2019-06-28 11:35:00.000000000,BEST_BID,"JPM,100694,110"
2019-06-28 11:35:00.000000000,BEST_ASK,"JPM,100838,170"
2019-06-28 11:35:00.000000000,LAST_TRADE,"7,$100694.0000"
2019-06-28 11:35:00.000000000,QUERY_SPREAD,91
2019-06-28 11:35:00.000000000,BEST_BID,"JPM,100694,102"
2019-06-28 11:35:00.000000000,BEST_ASK,"JPM,100838,170"
2019-06-28 11:35:00.000000000,LAST_TRADE,"8,$100694.0000"
2019-06-28 11:35:00.000000000,QUERY_SPREAD,92
2019-06-28 11:35:00.000000000,BEST_BID,"JPM,100694,97"
2019-06-28 11:35:00.000000000,BEST_ASK,"JPM,100838,170"
2019-06-28 11:35:00.000000000,LAST_TRADE,"5,$100694.0000"
2019-06-28 11:35:00.000000000,QUERY_SPREAD,93
2019-06-28 11:35:00.000000000,BEST_BID,"JPM,100694,94"
2019-06-28 11:35:00.000000000,BEST_ASK,"JPM,100838,170"
2019-06-28 11:35:00.000000000,LAST_TRADE,"3,$100694.0000"
2019-06-28 11:35:00.000000000,QUERY_SPREAD,94
2019-06-28 11:35:00.000000000,BEST_BID,"JPM,100694,90"
2019-06-28 11:35:00.000000000,BEST_ASK,"JPM,100838,170"
2019-06-28 11:35:00.000000000,LAST_TRADE,"4,$100694.0000"
2019-06-28 11:35:00.000000000,QUERY_SPREAD,95
2019-06-28 11:35:00.000000000,BEST_BID,"JPM,100694,85"
2019-06-28 11:35:00.000000000,BEST_ASK,"JPM,100838,170"
2019-06-28 11:35:00.000000000,LAST_TRADE,"5,$100694.0000"
2019-06-28 11:35:00.000000000,QUERY_SPREAD,96
2019-06-28 11:35:00.000000000,BEST_BID,"JPM,100694,84"
2019-06-28 11:35:00.000000000,BEST_ASK,"JPM,100838,170"
2019-06-28 11:35:00.000000000,LAST_TRADE,"1,$100694.0000"
2019-06-28 11:35:00.000000000,QUERY_SPREAD,97
2019-06-28 11:35:00.000000000,BEST_BID,"JPM,100694,77"
2019-06-28 11:35:00.000000000,BEST_ASK,"JPM,100838,170"
2019-06-28 11:35:00.000000000,LAST_TRADE,"7,$100694.0000"
2019-06-28 11:35:00.000000000,QUERY_SPREAD,98
2019-06-28 11:35:00.000000000,BEST_BID,"JPM,100694,71"
2019-06-28 11:35:00.000000000,BEST_ASK,"JPM,100838,170"
2019-06-28 11:35:00.000000000,LAST_TRADE,"6,$100694.0000"
2019-06-28 11:35:00.000000000,QUERY_SPREAD,99
2019-06-28 11:35:00.000000000,BEST_BID,"JPM,100694,66"
2019-06-28 11:35:00.000000000,BEST_ASK,"JPM,100838,170"
2019-06-28 11:35:00.000000000,LAST_TRADE,"5,$100694.0000"
2019-06-28 11:35:00.000000000,QUERY_SPREAD,100
2019-06-28 11:35:00.000000000,BEST_BID,"JPM,100694,59"
2019-06-28 11:35:00.000000000,BEST_ASK,"JPM,100838,170"
2019-06-28 11:35:00.000000000,LAST_TRADE,"7,$100694.0000"
2019-06-28 11:35:00.000000000,QUERY_SPREAD,101
2019-06-28 11:35:00.000000000,QUERY_ORDER_STREAM,101
2019-06-28 11:35:02.879094854,QUERY_SPREAD,24
2019-06-28 11:35:02.879094854,BEST_BID,"JPM,100694,59"
2019-06-28 11:35:02.879094854,BEST_ASK,"JPM,100838,170"
2019-06-28 11:35:06.361111365,QUERY_ORDER_STREAM,73
2019-06-28 11:35:06.361111365,QUERY_SPREAD,73
2019-06-28 11:35:06.361111365,BEST_BID,"JPM,100642,100"
2019-06-28 11:35:06.361111365,BEST_ASK,"JPM,100694,41"
2019-06-28 11:35:06.361111365,LAST_TRADE,"59,$100694.0000"
2019-06-28 11:35:10.000000000,QUERY_SPREAD,1
2019-06-28 11:35:10.000000000,BEST_BID,"JPM,100642,156"
2019-06-28 11:35:10.000000000,BEST_ASK,"JPM,100694,41"
2019-06-28 11:35:10.000000000,BEST_BID,"JPM,100642,156"
2019-06-28 11:35:10.000000000,BEST_ASK,"JPM,100694,41"
2019-06-28 11:35:10.000000000,BEST_BID,"JPM,100642,156"
2019-06-28 11:35:10.000000000,BEST_ASK,"JPM,100694,41"
2019-06-28 11:35:10.000000000,BEST_BID,"JPM,100642,156"
2019-06-28 11:35:10.000000000,BEST_ASK,"JPM,100694,41"
2019-06-28 11:35:10.000000000,BEST_BID,"JPM,100642,156"
2019-06-28 11:35:10.000000000,BEST_ASK,"JPM,100694,41"
2019-06-28 11:35:10.000000000,BEST_BID,"JPM,100642,156"
2019-06-28 11:35:10.000000000,BEST_ASK,"JPM,100694,97"
2019-06-28 11:35:10.000000000,BEST_BID,"JPM,100642,156"
2019-06-28 11:35:10.000000000,BEST_ASK,"JPM,100694,97"
2019-06-28 11:35:10.000000000,BEST_BID,"JPM,100642,156"
2019-06-28 11:35:10.000000000,BEST_ASK,"JPM,100694,97"
2019-06-28 11:35:10.000000000,BEST_BID,"JPM,100642,156"
2019-06-28 11:35:10.000000000,BEST_ASK,"JPM,100694,97"
2019-06-28 11:35:10.000000000,BEST_BID,"JPM,100642,156"
2019-06-28 11:35:10.000000000,BEST_ASK,"JPM,100694,97"
2019-06-28 11:35:19.997693996,QUERY_SPREAD,38
2019-06-28 11:35:19.997693996,BEST_BID,"JPM,100642,56"
2019-06-28 11:35:19.997693996,BEST_ASK,"JPM,100694,97"
2019-06-28 11:35:19.997693996,LAST_TRADE,"100,$100642.0000"
2019-06-28 11:35:20.000000000,QUERY_SPREAD,1
2019-06-28 11:35:20.000000000,BEST_BID,"JPM,100595,170"
2019-06-28 11:35:20.000000000,BEST_ASK,"JPM,100694,41"
2019-06-28 11:35:20.000000000,BEST_BID,"JPM,100595,170"
2019-06-28 11:35:20.000000000,BEST_ASK,"JPM,100694,41"
2019-06-28 11:35:20.000000000,BEST_BID,"JPM,100595,170"
2019-06-28 11:35:20.000000000,BEST_ASK,"JPM,100694,41"
2019-06-28 11:35:20.000000000,BEST_BID,"JPM,100595,170"
2019-06-28 11:35:20.000000000,BEST_ASK,"JPM,100694,41"
2019-06-28 11:35:20.000000000,BEST_BID,"JPM,100595,170"
2019-06-28 11:35:20.000000000,BEST_ASK,"JPM,100694,111"
2019-06-28 11:35:20.000000000,BEST_BID,"JPM,100595,170"
2019-06-28 11:35:20.000000000,BEST_ASK,"JPM,100694,111"
2019-06-28 11:35:20.000000000,BEST_BID,"JPM,100595,170"
2019-06-28 11:35:20.000000000,BEST_ASK,"JPM,100694,111"
2019-06-28 11:35:20.000000000,BEST_BID,"JPM,100595,170"
2019-06-28 11:35:20.000000000,BEST_ASK,"JPM,100694,111"
2019-06-28 11:35:30.000000000,QUERY_SPREAD,1
2019-06-28 11:35:30.000000000,BEST_BID,"JPM,100595,156"
2019-06-28 11:35:30.000000000,BEST_ASK,"JPM,100694,41"
2019-06-28 11:35:30.000000000,BEST_BID,"JPM,100595,156"
2019-06-28 11:35:30.000000000,BEST_ASK,"JPM,100694,41"
2019-06-28 11:35:30.000000000,BEST_BID,"JPM,100595,156"
2019-06-28 11:35:30.000000000,BEST_ASK,"JPM,100694,41"
2019-06-28 11:35:30.000000000,BEST_BID,"JPM,100595,156"
2019-06-28 11:35:30.000000000,BEST_ASK,"JPM,100694,41"
2019-06-28 11:35:30.000000000,BEST_BID,"JPM,100595,156"
2019-06-28 11:35:30.000000000,BEST_ASK,"JPM,100694,41"
2019-06-28 11:35:30.000000000,BEST_BID,"JPM,100595,156"
2019-06-28 11:35:30.000000000,BEST_ASK,"JPM,100694,97"
2019-06-28 11:35:30.000000000,BEST_BID,"JPM,100595,156"
2019-06-28 11:35:30.000000000,BEST_ASK,"JPM,100694,97"
2019-06-28 11:35:30.000000000,BEST_BID,"JPM,100595,156"
2019-06-28 11:35:30.000000000,BEST_ASK,"JPM,100694,97"
2019-06-28 11:35:30.000000000,BEST_BID,"JPM,100595,156"
2019-06-28 11:35:30.000000000,BEST_ASK,"JPM,100694,97"
2019-06-28 11:35:30.000000000,BEST_BID,"JPM,100595,156"
2019-06-28 11:35:30.000000000,BEST_ASK,"JPM,100694,97"
2019-06-28 11:35:40.000000000,QUERY_SPREAD,1
2019-06-28 11:35:40.000000000,BEST_BID,"JPM,100595,195"
2019-06-28 11:35:40.000000000,BEST_ASK,"JPM,100694,41"
2019-06-28 11:35:40.000000000,BEST_BID,"JPM,100595,195"
2019-06-28 11:35:40.000000000,BEST_ASK,"JPM,100694,41"
2019-06-28 11:35:40.000000000,BEST_BID,"JPM,100595,195"
2019-06-28 11:35:40.000000000,BEST_ASK,"JPM,100694,41"
2019-06-28 11:35:40.000000000,BEST_BID,"JPM,100595,195"
2019-06-28 11:35:40.000000000,BEST_ASK,"JPM,100694,136"
2019-06-28 11:35:40.000000000,BEST_BID,"JPM,100595,195"
2019-06-28 11:35:40.000000000,BEST_ASK,"JPM,100694,136"
2019-06-28 11:35:40.000000000,BEST_BID,"JPM,100595,195"
2019-06-28 11:35:40.000000000,BEST_ASK,"JPM,100694,136"
2019-06-28 11:35:50.000000000,QUERY_SPREAD,1
2019-06-28 11:35:50.000000000,BEST_BID,"JPM,100595,156"
2019-06-28 11:35:50.000000000,BEST_ASK,"JPM,100694,41"
2019-06-28 11:35:50.000000000,BEST_BID,"JPM,100595,156"
2019-06-28 11:35:50.000000000,BEST_ASK,"JPM,100694,41"
2019-06-28 11:35:50.000000000,BEST_BID,"JPM,100595,156"
2019-06-28 11:35:50.000000000,BEST_ASK,"JPM,100694,41"
2019-06-28 11:35:50.000000000,BEST_BID,"JPM,100595,156"
2019-06-28 11:35:50.000000000,BEST_ASK,"JPM,100694,41"
2019-06-28 11:35:50.000000000,BEST_BID,"JPM,100595,156"
2019-06-28 11:35:50.000000000,BEST_ASK,"JPM,100694,41"
2019-06-28 11:35:50.000000000,BEST_BID,"JPM,100595,156"
2019-06-28 11:35:50.000000000,BEST_ASK,"JPM,100694,97"
2019-06-28 11:35:50.000000000,BEST_BID,"JPM,100595,156"
2019-06-28 11:35:50.000000000,BEST_ASK,"JPM,100694,97"
2019-06-28 11:35:50.000000000,BEST_BID,"JPM,100595,156"
2019-06-28 11:35:50.000000000,BEST_ASK,"JPM,100694,97"
2019-06-28 11:35:50.000000000,BEST_BID,"JPM,100595,156"
2019-06-28 11:35:50.000000000,BEST_ASK,"JPM,100694,97"
2019-06-28 11:35:50.000000000,BEST_BID,"JPM,100595,156"
2019-06-28 11:35:50.000000000,BEST_ASK,"JPM,100694,97"
2019-06-28 11:36:00.000000000,QUERY_SPREAD,1
2019-06-28 11:36:00.000000000,BEST_BID,"JPM,100595,195"
2019-06-28 11:36:00.000000000,BEST_ASK,"JPM,100694,41"
2019-06-28 11:36:00.000000000,BEST_BID,"JPM,100595,195"
2019-06-28 11:36:00.000000000,BEST_ASK,"JPM,100694,41"
2019-06-28 11:36:00.000000000,BEST_BID,"JPM,100595,195"
2019-06-28 11:36:00.000000000,BEST_ASK,"JPM,100694,41"
2019-06-28 11:36:00.000000000,BEST_BID,"JPM,100595,195"
2019-06-28 11:36:00.000000000,BEST_ASK,"JPM,100694,136"
2019-06-28 11:36:00.000000000,BEST_BID,"JPM,100595,195"
2019-06-28 11:36:00.000000000,BEST_ASK,"JPM,100694,136"
2019-06-28 11:36:00.000000000,BEST_BID,"JPM,100595,195"
2019-06-28 11:36:00.000000000,BEST_ASK,"JPM,100694,136"
2019-06-28 11:36:00.000000000,QUERY_SPREAD,77
2019-06-28 11:36:00.000000000,BEST_BID,"JPM,100595,195"
2019-06-28 11:36:00.000000000,BEST_ASK,"JPM,100694,135"
2019-06-28 11:36:00.000000000,LAST_TRADE,"1,$100694.0000"
2019-06-28 11:36:00.000000000,QUERY_SPREAD,78
2019-06-28 11:36:00.000000000,BEST_BID,"JPM,100595,195"
2019-06-28 11:36:00.000000000,BEST_ASK,"JPM,100694,131"
2019-06-28 11:36:00.000000000,LAST_TRADE,"4,$100694.0000"
2019-06-28 11:36:00.000000000,QUERY_SPREAD,79
2019-06-28 11:36:00.000000000,BEST_BID,"JPM,100595,195"
2019-06-28 11:36:00.000000000,BEST_ASK,"JPM,100694,125"
2019-06-28 11:36:00.000000000,LAST_TRADE,"6,$100694.0000"
2019-06-28 11:36:00.000000000,QUERY_SPREAD,80
2019-06-28 11:36:00.000000000,BEST_BID,"JPM,100595,195"
2019-06-28 11:36:00.000000000,BEST_ASK,"JPM,100694,120"
2019-06-28 11:36:00.000000000,LAST_TRADE,"5,$100694.0000"
2019-06-28 11:36:00.000000000,QUERY_SPREAD,81
2019-06-28 11:36:00.000000000,BEST_BID,"JPM,100595,195"
2019-06-28 11:36:00.000000000,BEST_ASK,"JPM,100694,112"
2019-06-28 11:36:00.000000000,LAST_TRADE,"8,$100694.0000"
2019-06-28 11:36:00.000000000,QUERY_SPREAD,82
2019-06-28 11:36:00.000000000,BEST_BID,"JPM,100595,195"
2019-06-28 11:36:00.000000000,BEST_ASK,"JPM,100694,104"
2019-06-28 11:36:00.000000000,LAST_TRADE,"8,$100694.0000"
2019-06-28 11:36:00.000000000,QUERY_SPREAD,83
2019-06-28 11:36:00.000000000,BEST_BID,"JPM,100595,195"
2019-06-28 11:36:00.000000000,BEST_ASK,"JPM,100694,102"
2019-06-28 11:36:00.000000000,LAST_TRADE,"2,$100694.0000"
2019-06-28 11:36:00.000000000,QUERY_SPREAD,84
2019-06-28 11:36:00.000000000,BEST_BID,"JPM,100595,195"
2019-06-28 11:36:00.000000000,BEST_ASK,"JPM,100694,101"
2019-06-28 11:36:00.000000000,LAST_TRADE,"1,$100694.0000"
2019-06-28 11:36:00.000000000,QUERY_SPREAD,85
2019-06-28 11:36:00.000000000,BEST_BID,"JPM,100595,195"
2019-06-28 11:36:00.000000000,BEST_ASK,"JPM,100694,100"
2019-06-28 11:36:00.000000000,LAST_TRADE,"1,$100694.0000"
2019-06-28 11:36:00.000000000,QUERY_SPREAD,86
2019-06-28 11:36:00.000000000,BEST_BID,"JPM,100595,195"
2019-06-28 11:36:00.000000000,BEST_ASK,"JPM,100694,94"
2019-06-28 11:36:00.000000000,LAST_TRADE,"6,$100694.0000"
2019-06-28 11:36:00.000000000,QUERY_SPREAD,87
2019-06-28 11:36:00.000000000,BEST_BID,"JPM,100595,195"
2019-06-28 11:36:00.000000000,BEST_ASK,"JPM,100694,91"
2019-06-28 11:36:00.000000000,LAST_TRADE,"3,$100694.0000"
2019-06-28 11:36:00.000000000,QUERY_SPREAD,88
2019-06-28 11:36:00.000000000,BEST_BID,"JPM,100595,195"
2019-06-28 11:36:00.000000000,BEST_ASK,"JPM,100694,87"
2019-06-28 11:36:00.000000000,LAST_TRADE,"4,$100694.0000"
2019-06-28 11:36:00.000000000,QUERY_SPREAD,89
2019-06-28 11:36:00.000000000,BEST_BID,"JPM,100595,195"
2019-06-28 11:36:00.000000000,BEST_ASK,"JPM,100694,83"
2019-06-28 11:36:00.000000000,LAST_TRADE,"4,$100694.0000"
2019-06-28 11:36:00.000000000,QUERY_SPREAD,90
2019-06-28 11:36:00.000000000,BEST_BID,"JPM,100595,195"
2019-06-28 11:36:00.000000000,BEST_ASK,"JPM,100694,76"
2019-06-28 11:36:00.000000000,LAST_TRADE,"7,$100694.0000"
2019-06-28 11:36:00.000000000,QUERY_SPREAD,91
2019-06-28 11:36:00.000000000,BEST_BID,"JPM,100595,195"
2019-06-28 11:36:00.000000000,BEST_ASK,"JPM,100694,68"
2019-06-28 11:36:00.000000000,LAST_TRADE,"8,$100694.0000"
2019-06-28 11:36:00.000000000,QUERY_SPREAD,92
2019-06-28 11:36:00.000000000,BEST_BID,"JPM,100595,195"
2019-06-28 11:36:00.000000000,BEST_ASK,"JPM,100694,63"
2019-06-28 11:36:00.000000000,LAST_TRADE,"5,$100694.0000"
2019-06-28 11:36:00.000000000,QUERY_SPREAD,93
2019-06-28 11:36:00.000000000,BEST_BID,"JPM,100595,195"
2019-06-28 11:36:00.000000000,BEST_ASK,"JPM,100694,60"
2019-06-28 11:36:00.000000000,LAST_TRADE,"3,$100694.0000"
2019-06-28 11:36:00.000000000,QUERY_SPREAD,94
2019-06-28 11:36:00.000000000,BEST_BID,"JPM,100595,195"
2019-06-28 11:36:00.000000000,BEST_ASK,"JPM,100694,56"
2019-06-28 11:36:00.000000000,LAST_TRADE,"4,$100694.0000"
2019-06-28 11:36:00.000000000,QUERY_SPREAD,95
2019-06-28 11:36:00.000000000,BEST_BID,"JPM,100595,195"
2019-06-28 11:36:00.000000000,BEST_ASK,"JPM,100694,51"
2019-06-28 11:36:00.000000000,LAST_TRADE,"5,$100694.0000"
2019-06-28 11:36:00.000000000,QUERY_SPREAD,96
2019-06-28 11:36:00.000000000,BEST_BID,"JPM,100595,195"
2019-06-28 11:36:00.000000000,BEST_ASK,"JPM,100694,50"
2019-06-28 11:36:00.000000000,LAST_TRADE,"1,$100694.0000"
2019-06-28 11:36:00.000000000,QUERY_SPREAD,97
2019-06-28 11:36:00.000000000,BEST_BID,"JPM,100595,195"
2019-06-28 11:36:00.000000000,BEST_ASK,"JPM,100694,43"
2019-06-28 11:36:00.000000000,LAST_TRADE,"7,$100694.0000"
2019-06-28 11:36:00.000000000,QUERY_SPREAD,98
2019-06-28 11:36:00.000000000,BEST_BID,"JPM,100595,195"
2019-06-28 11:36:00.000000000,BEST_ASK,"JPM,100694,37"
2019-06-28 11:36:00.000000000,LAST_TRADE,"6,$100694.0000"
2019-06-28 11:36:00.000000000,QUERY_SPREAD,99
2019-06-28 11:36:00.000000000,BEST_BID,"JPM,100595,195"
2019-06-28 11:36:00.000000000,BEST_ASK,"JPM,100694,32"
2019-06-28 11:36:00.000000000,LAST_TRADE,"5,$100694.0000"
2019-06-28 11:36:00.000000000,QUERY_SPREAD,100
2019-06-28 11:36:00.000000000,BEST_BID,"JPM,100595,195"
2019-06-28 11:36:00.000000000,BEST_ASK,"JPM,100694,25"
2019-06-28 11:36:00.000000000,LAST_TRADE,"7,$100694.0000"
2019-06-28 11:36:00.000000000,QUERY_SPREAD,101
2019-06-28 11:36:00.000000000,QUERY_ORDER_STREAM,101
2019-06-28 11:36:06.818483926,QUERY_SPREAD,18
2019-06-28 11:36:06.818483926,BEST_BID,"JPM,100595,95"
2019-06-28 11:36:06.818483926,BEST_ASK,"JPM,100694,25"
2019-06-28 11:36:06.818483926,LAST_TRADE,"100,$100595.0000"
2019-06-28 11:36:10.000000000,QUERY_SPREAD,1
2019-06-28 11:36:10.000000000,BEST_BID,"JPM,99422,170"
2019-06-28 11:36:10.000000000,BEST_ASK,"JPM,100838,100"
2019-06-28 11:36:10.000000000,BEST_BID,"JPM,99422,170"
2019-06-28 11:36:10.000000000,BEST_ASK,"JPM,100838,100"
2019-06-28 11:36:10.000000000,BEST_BID,"JPM,99422,170"
2019-06-28 11:36:10.000000000,BEST_ASK,"JPM,100838,100"
2019-06-28 11:36:10.000000000,BEST_BID,"JPM,99422,170"
2019-06-28 11:36:10.000000000,BEST_ASK,"JPM,100838,100"
2019-06-28 11:36:10.000000000,BEST_BID,"JPM,99422,170"
2019-06-28 11:36:10.000000000,BEST_ASK,"JPM,100838,170"
2019-06-28 11:36:10.000000000,BEST_BID,"JPM,99422,170"
2019-06-28 11:36:10.000000000,BEST_ASK,"JPM,100838,170"
2019-06-28 11:36:10.000000000,BEST_BID,"JPM,99422,170"
2019-06-28 11:36:10.000000000,BEST_ASK,"JPM,100838,170"
2019-06-28 11:36:10.000000000,BEST_BID,"JPM,99422,170"
2019-06-28 11:36:10.000000000,BEST_ASK,"JPM,100838,170"
2019-06-28 11:36:16.899305014,QUERY_ORDER_STREAM,65
2019-06-28 11:36:16.899305014,QUERY_SPREAD,65
2019-06-28 11:36:16.899305014,BEST_BID,"JPM,99422,170"
2019-06-28 11:36:16.899305014,BEST_ASK,"JPM,100694,100"
2019-06-28 11:36:17.594071527,QUERY_ORDER_STREAM,74
2019-06-28 11:36:17.594071527,QUERY_SPREAD,74
2019-06-28 11:36:20.000000000,QUERY_SPREAD,1
2019-06-28 11:36:20.000000000,BEST_BID,"JPM,99422,380"
2019-06-28 11:36:20.000000000,BEST_ASK,"JPM,100694,100"
2019-06-28 11:36:20.000000000,BEST_BID,"JPM,99422,380"
2019-06-28 11:36:20.000000000,BEST_ASK,"JPM,100694,380"
2019-06-28 11:36:26.040077052,QUERY_ORDER_STREAM,67
2019-06-28 11:36:26.040077052,QUERY_SPREAD,67
2019-06-28 11:36:26.040077052,BEST_BID,"JPM,99422,380"
2019-06-28 11:36:26.040077052,BEST_ASK,"JPM,100694,480"
2019-06-28 11:36:30.000000000,QUERY_SPREAD,1
2019-06-28 11:36:30.000000000,BEST_BID,"JPM,99422,380"
2019-06-28 11:36:30.000000000,BEST_ASK,"JPM,100694,200"
2019-06-28 11:36:30.000000000,BEST_BID,"JPM,99422,380"
2019-06-28 11:36:30.000000000,BEST_ASK,"JPM,100694,480"
2019-06-28 11:36:40.000000000,QUERY_SPREAD,1
2019-06-28 11:36:40.000000000,BEST_BID,"JPM,99422,170"
2019-06-28 11:36:40.000000000,BEST_ASK,"JPM,100694,200"
2019-06-28 11:36:40.000000000,BEST_BID,"JPM,99422,170"
2019-06-28 11:36:40.000000000,BEST_ASK,"JPM,100694,200"
2019-06-28 11:36:40.000000000,BEST_BID,"JPM,99422,170"
2019-06-28 11:36:40.000000000,BEST_ASK,"JPM,100694,200"
2019-06-28 11:36:40.000000000,BEST_BID,"JPM,99422,170"
2019-06-28 11:36:40.000000000,BEST_ASK,"JPM,100694,200"
2019-06-28 11:36:40.000000000,BEST_BID,"JPM,99422,170"
2019-06-28 11:36:40.000000000,BEST_ASK,"JPM,100694,270"
2019-06-28 11:36:40.000000000,BEST_BID,"JPM,99422,170"
2019-06-28 11:36:40.000000000,BEST_ASK,"JPM,100694,270"
2019-06-28 11:36:40.000000000,BEST_BID,"JPM,99422,170"
2019-06-28 11:36:40.000000000,BEST_ASK,"JPM,100694,270"
2019-06-28 11:36:40.000000000,BEST_BID,"JPM,99422,170"
2019-06-28 11:36:40.000000000,BEST_ASK,"JPM,100694,270"
2019-06-28 11:36:42.236026975,QUERY_ORDER_STREAM,57
2019-06-28 11:36:42.236026975,QUERY_SPREAD,57
2019-06-28 11:36:50.000000000,QUERY_SPREAD,1
2019-06-28 11:36:50.000000000,BEST_BID,"JPM,99422,240"
2019-06-28 11:36:50.000000000,BEST_ASK,"JPM,100694,200"
2019-06-28 11:36:50.000000000,BEST_BID,"JPM,99422,240"
2019-06-28 11:36:50.000000000,BEST_ASK,"JPM,100694,200"
2019-06-28 11:36:50.000000000,BEST_BID,"JPM,99422,240"
2019-06-28 11:36:50.000000000,BEST_ASK,"JPM,100694,340"
2019-06-28 11:36:50.000000000,BEST_BID,"JPM,99422,240"
2019-06-28 11:36:50.000000000,BEST_ASK,"JPM,100694,340"
2019-06-28 11:36:54.672568208,QUERY_ORDER_STREAM,73
2019-06-28 11:36:54.672568208,QUERY_SPREAD,73
2019-06-28 11:36:54.672568208,BEST_BID,"JPM,99422,240"
2019-06-28 11:36:54.672568208,BEST_ASK,"JPM,100694,440"
2019-06-28 11:36:57.799396544,QUERY_SPREAD,41
2019-06-28 11:36:57.799396544,BEST_BID,"JPM,99422,240"
2019-06-28 11:36:57.799396544,BEST_ASK,"JPM,100694,440"
2019-06-28 11:37:00.000000000,QUERY_SPREAD,1
2019-06-28 11:37:00.000000000,BEST_BID,"JPM,99422,380"
2019-06-28 11:37:00.000000000,BEST_ASK,"JPM,100694,300"
2019-06-28 11:37:00.000000000,BEST_BID,"JPM,99422,380"
2019-06-28 11:37:00.000000000,BEST_ASK,"JPM,100694,580"
2019-06-28 11:37:00.000000000,QUERY_SPREAD,77
2019-06-28 11:37:00.000000000,BEST_BID,"JPM,99422,380"
2019-06-28 11:37:00.000000000,BEST_ASK,"JPM,100694,579"
2019-06-28 11:37:00.000000000,LAST_TRADE,"1,$100694.0000"
2019-06-28 11:37:00.000000000,QUERY_SPREAD,78
2019-06-28 11:37:00.000000000,BEST_BID,"JPM,99422,380"
2019-06-28 11:37:00.000000000,BEST_ASK,"JPM,100694,575"
2019-06-28 11:37:00.000000000,LAST_TRADE,"4,$100694.0000"
2019-06-28 11:37:00.000000000,QUERY_SPREAD,79
2019-06-28 11:37:00.000000000,BEST_BID,"JPM,99422,380"
2019-06-28 11:37:00.000000000,BEST_ASK,"JPM,100694,569"
2019-06-28 11:37:00.000000000,LAST_TRADE,"6,$100694.0000"
2019-06-28 11:37:00.000000000,QUERY_SPREAD,80
2019-06-28 11:37:00.000000000,BEST_BID,"JPM,99422,380"
2019-06-28 11:37:00.000000000,BEST_ASK,"JPM,100694,564"
2019-06-28 11:37:00.000000000,LAST_TRADE,"5,$100694.0000"
2019-06-28 11:37:00.000000000,QUERY_SPREAD,81
2019-06-28 11:37:00.000000000,BEST_BID,"JPM,99422,380"
2019-06-28 11:37:00.000000000,BEST_ASK,"JPM,100694,556"
2019-06-28 11:37:00.000000000,LAST_TRADE,"8,$100694.0000"
2019-06-28 11:37:00.000000000,QUERY_SPREAD,82
2019-06-28 11:37:00.000000000,BEST_BID,"JPM,99422,380"
2019-06-28 11:37:00.000000000,BEST_ASK,"JPM,100694,548"
2019-06-28 11:37:00.000000000,LAST_TRADE,"8,$100694.0000"
2019-06-28 11:37:00.000000000,QUERY_SPREAD,83
2019-06-28 11:37:00.000000000,BEST_BID,"JPM,99422,380"
2019-06-28 11:37:00.000000000,BEST_ASK,"JPM,100694,546"
2019-06-28 11:37:00.000000000,LAST_TRADE,"2,$100694.0000"
2019-06-28 11:37:00.000000000,QUERY_SPREAD,84
2019-06-28 11:37:00.000000000,BEST_BID,"JPM,99422,380"
2019-06-28 11:37:00.000000000,BEST_ASK,"JPM,100694,545"
2019-06-28 11:37:00.000000000,LAST_TRADE,"1,$100694.0000"
2019-06-28 11:37:00.000000000,QUERY_SPREAD,85
2019-06-28 11:37:00.000000000,BEST_BID,"JPM,99422,380"
2019-06-28 11:37:00.000000000,BEST_ASK,"JPM,100694,544"
2019-06-28 11:37:00.000000000,LAST_TRADE,"1,$100694.0000"
2019-06-28 11:37:00.000000000,QUERY_SPREAD,86
2019-06-28 11:37:00.000000000,BEST_BID,"JPM,99422,380"
2019-06-28 11:37:00.000000000,BEST_ASK,"JPM,100694,538"
2019-06-28 11:37:00.000000000,LAST_TRADE,"6,$100694.0000"
2019-06-28 11:37:00.000000000,QUERY_SPREAD,87
2019-06-28 11:37:00.000000000,BEST_BID,"JPM,99422,380"
2019-06-28 11:37:00.000000000,BEST_ASK,"JPM,100694,535"
2019-06-28 11:37:00.000000000,LAST_TRADE,"3,$100694.0000"
2019-06-28 11:37:00.000000000,QUERY_SPREAD,88
2019-06-28 11:37:00.000000000,BEST_BID,"JPM,99422,380"
2019-06-28 11:37:00.000000000,BEST_ASK,"JPM,100694,531"
2019-06-28 11:37:00.000000000,LAST_TRADE,"4,$100694.0000"
2019-06-28 11:37:00.000000000,QUERY_SPREAD,89
2019-06-28 11:37:00.000000000,BEST_BID,"JPM,99422,380"
2019-06-28 11:37:00.000000000,BEST_ASK,"JPM,100694,527"
2019-06-28 11:37:00.000000000,LAST_TRADE,"4,$100694.0000"
2019-06-28 11:37:00.000000000,QUERY_SPREAD,90
2019-06-28 11:37:00.000000000,BEST_BID,"JPM,99422,380"
2019-06-28 11:37:00.000000000,BEST_ASK,"JPM,100694,520"
2019-06-28 11:37:00.000000000,LAST_TRADE,"7,$100694.0000"
2019-06-28 11:37:00.000000000,QUERY_SPREAD,91
2019-06-28 11:37:00.000000000,BEST_BID,"JPM,99422,380"
2019-06-28 11:37:00.000000000,BEST_ASK,"JPM,100694,512"
2019-06-28 11:37:00.000000000,LAST_TRADE,"8,$100694.0000"
2019-06-28 11:37:00.000000000,QUERY_SPREAD,92
2019-06-28 11:37:00.000000000,BEST_BID,"JPM,99422,380"
2019-06-28 11:37:00.000000000,BEST_ASK,"JPM,100694,507"
2019-06-28 11:37:00.000000000,LAST_TRADE,"5,$100694.0000"
2019-06-28 11:37:00.000000000,QUERY_SPREAD,93
2019-06-28 11:37:00.000000000,BEST_BID,"JPM,99422,380"
2019-06-28 11:37:00.000000000,BEST_ASK,"JPM,100694,504"
2019-06-28 11:37:00.000000000,LAST_TRADE,"3,$100694.0000"
2019-06-28 11:37:00.000000000,QUERY_SPREAD,94
2019-06-28 11:37:00.000000000,BEST_BID,"JPM,99422,380"
2019-06-28 11:37:00.000000000,BEST_ASK,"JPM,100694,500"
2019-06-28 11:37:00.000000000,LAST_TRADE,"4,$100694.0000"
2019-06-28 11:37:00.000000000,QUERY_SPREAD,95
2019-06-28 11:37:00.000000000,BEST_BID,"JPM,99422,380"
2019-06-28 11:37:00.000000000,BEST_ASK,"JPM,100694,495"
2019-06-28 11:37:00.000000000,LAST_TRADE,"5,$100694.0000"
2019-06-28 11:37:00.000000000,QUERY_SPREAD,96
2019-06-28 11:37:00.000000000,BEST_BID,"JPM,99422,380"
2019-06-28 11:37:00.000000000,BEST_ASK,"JPM,100694,494"
2019-06-28 11:37:00.000000000,LAST_TRADE,"1,$100694.0000"
2019-06-28 11:37:00.000000000,QUERY_SPREAD,97
2019-06-28 11:37:00.000000000,BEST_BID,"JPM,99422,380"
2019-06-28 11:37:00.000000000,BEST_ASK,"JPM,100694,487"
2019-06-28 11:37:00.000000000,LAST_TRADE,"7,$100694.0000"
2019-06-28 11:37:00.000000000,QUERY_SPREAD,98
2019-06-28 11:37:00.000000000,BEST_BID,"JPM,99422,380"
2019-06-28 11:37:00.000000000,BEST_ASK,"JPM,100694,481"
2019-06-28 11:37:00.000000000,LAST_TRADE,"6,$100694.0000"
2019-06-28 11:37:00.000000000,QUERY_SPREAD,99
2019-06-28 11:37:00.000000000,BEST_BID,"JPM,99422,380"
2019-06-28 11:37:00.000000000,BEST_ASK,"JPM,100694,476"
2019-06-28 11:37:00.000000000,LAST_TRADE,"5,$100694.0000"
2019-06-28 11:37:00.000000000,QUERY_SPREAD,100
2019-06-28 11:37:00.000000000,BEST_BID,"JPM,99422,380"
2019-06-28 11:37:00.000000000,BEST_ASK,"JPM,100694,469"
2019-06-28 11:37:00.000000000,LAST_TRADE,"7,$100694.0000"
2019-06-28 11:37:00.000000000,QUERY_SPREAD,101
2019-06-28 11:37:00.000000000,QUERY_ORDER_STREAM,101
2019-06-28 11:37:10.000000000,QUERY_SPREAD,1
2019-06-28 11:37:10.000000000,BEST_BID,"JPM,99422,380"
2019-06-28 11:37:10.000000000,BEST_ASK,"JPM,100694,189"
2019-06-28 11:37:10.000000000,BEST_BID,"JPM,99422,380"
2019-06-28 11:37:10.000000000,BEST_ASK,"JPM,100694,469"
2019-06-28 11:37:20.000000000,QUERY_SPREAD,1
2019-06-28 11:37:20.000000000,BEST_BID,"JPM,99422,380"
2019-06-28 11:37:20.000000000,BEST_ASK,"JPM,100694,189"
2019-06-28 11:37:20.000000000,BEST_BID,"JPM,99422,380"
2019-06-28 11:37:20.000000000,BEST_ASK,"JPM,100694,469"
2019-06-28 11:37:30.000000000,QUERY_SPREAD,1
2019-06-28 11:37:30.000000000,BEST_BID,"JPM,99422,195"
2019-06-28 11:37:30.000000000,BEST_ASK,"JPM,100694,189"
2019-06-28 11:37:30.000000000,BEST_BID,"JPM,99422,195"
2019-06-28 11:37:30.000000000,BEST_ASK,"JPM,100694,189"
2019-06-28 11:37:30.000000000,BEST_BID,"JPM,99422,195"
2019-06-28 11:37:30.000000000,BEST_ASK,"JPM,100694,189"
2019-06-28 11:37:30.000000000,BEST_BID,"JPM,99422,195"
2019-06-28 11:37:30.000000000,BEST_ASK,"JPM,100694,284"
2019-06-28 11:37:30.000000000,BEST_BID,"JPM,99422,195"
2019-06-28 11:37:30.000000000,BEST_ASK,"JPM,100694,284"
2019-06-28 11:37:30.000000000,BEST_BID,"JPM,99422,195"
2019-06-28 11:37:30.000000000,BEST_ASK,"JPM,100694,284"
2019-06-28 11:37:40.000000000,QUERY_SPREAD,1
2019-06-28 11:37:40.000000000,BEST_BID,"JPM,99422,240"
2019-06-28 11:37:40.000000000,BEST_ASK,"JPM,100694,189"
2019-06-28 11:37:40.000000000,BEST_BID,"JPM,99422,240"
2019-06-28 11:37:40.000000000,BEST_ASK,"JPM,100694,189"
2019-06-28 11:37:40.000000000,BEST_BID,"JPM,99422,240"
2019-06-28 11:37:40.000000000,BEST_ASK,"JPM,100694,329"
2019-06-28 11:37:40.000000000,BEST_BID,"JPM,99422,240"
2019-06-28 11:37:40.000000000,BEST_ASK,"JPM,100694,329"
2019-06-28 11:37:50.000000000,QUERY_SPREAD,1
2019-06-28 11:37:50.000000000,BEST_BID,"JPM,99422,195"
2019-06-28 11:37:50.000000000,BEST_ASK,"JPM,100694,189"
2019-06-28 11:37:50.000000000,BEST_BID,"JPM,99422,195"
2019-06-28 11:37:50.000000000,BEST_ASK,"JPM,100694,189"
2019-06-28 11:37:50.000000000,BEST_BID,"JPM,99422,195"
2019-06-28 11:37:50.000000000,BEST_ASK,"JPM,100694,189"
2019-06-28 11:37:50.000000000,BEST_BID,"JPM,99422,195"
2019-06-28 11:37:50.000000000,BEST_ASK,"JPM,100694,284"
2019-06-28 11:37:50.000000000,BEST_BID,"JPM,99422,195"
2019-06-28 11:37:50.000000000,BEST_ASK,"JPM,100694,284"
2019-06-28 11:37:50.000000000,BEST_BID,"JPM,99422,195"
2019-06-28 11:37:50.000000000,BEST_ASK,"JPM,100694,284"
2019-06-28 11:38:00.000000000,QUERY_SPREAD,1
2019-06-28 11:38:00.000000000,BEST_BID,"JPM,99422,240"
2019-06-28 11:38:00.000000000,BEST_ASK,"JPM,100694,189"
2019-06-28 11:38:00.000000000,BEST_BID,"JPM,99422,240"
2019-06-28 11:38:00.000000000,BEST_ASK,"JPM,100694,189"
2019-06-28 11:38:00.000000000,BEST_BID,"JPM,99422,240"
2019-06-28 11:38:00.000000000,BEST_ASK,"JPM,100694,329"
2019-06-28 11:38:00.000000000,BEST_BID,"JPM,99422,240"
2019-06-28 11:38:00.000000000,BEST_ASK,"JPM,100694,329"
2019-06-28 11:38:00.000000000,QUERY_SPREAD,77
2019-06-28 11:38:00.000000000,BEST_BID,"JPM,99422,240"
2019-06-28 11:38:00.000000000,BEST_ASK,"JPM,100694,328"
2019-06-28 11:38:00.000000000,LAST_TRADE,"1,$100694.0000"
2019-06-28 11:38:00.000000000,QUERY_SPREAD,78
2019-06-28 11:38:00.000000000,BEST_BID,"JPM,99422,240"
2019-06-28 11:38:00.000000000,BEST_ASK,"JPM,100694,324"
2019-06-28 11:38:00.000000000,LAST_TRADE,"4,$100694.0000"
2019-06-28 11:38:00.000000000,QUERY_SPREAD,79
2019-06-28 11:38:00.000000000,BEST_BID,"JPM,99422,240"
2019-06-28 11:38:00.000000000,BEST_ASK,"JPM,100694,318"
2019-06-28 11:38:00.000000000,LAST_TRADE,"6,$100694.0000"
2019-06-28 11:38:00.000000000,QUERY_SPREAD,80
2019-06-28 11:38:00.000000000,BEST_BID,"JPM,99422,240"
2019-06-28 11:38:00.000000000,BEST_ASK,"JPM,100694,313"
2019-06-28 11:38:00.000000000,LAST_TRADE,"5,$100694.0000"
2019-06-28 11:38:00.000000000,QUERY_SPREAD,81
2019-06-28 11:38:00.000000000,BEST_BID,"JPM,99422,240"
2019-06-28 11:38:00.000000000,BEST_ASK,"JPM,100694,305"
2019-06-28 11:38:00.000000000,LAST_TRADE,"8,$100694.0000"
2019-06-28 11:38:00.000000000,QUERY_SPREAD,82
2019-06-28 11:38:00.000000000,BEST_BID,"JPM,99422,240"
2019-06-28 11:38:00.000000000,BEST_ASK,"JPM,100694,297"
2019-06-28 11:38:00.000000000,LAST_TRADE,"8,$100694.0000"
2019-06-28 11:38:00.000000000,QUERY_SPREAD,83
2019-06-28 11:38:00.000000000,BEST_BID,"JPM,99422,240"
2019-06-28 11:38:00.000000000,BEST_ASK,"JPM,100694,295"
2019-06-28 11:38:00.000000000,LAST_TRADE,"2,$100694.0000"
2019-06-28 11:38:00.000000000,QUERY_SPREAD,84
2019-06-28 11:38:00.000000000,BEST_BID,"JPM,99422,240"
2019-06-28 11:38:00.000000000,BEST_ASK,"JPM,100694,294"
2019-06-28 11:38:00.000000000,LAST_TRADE,"1,$100694.0000"
2019-06-28 11:38:00.000000000,QUERY_SPREAD,85
2019-06-28 11:38:00.000000000,BEST_BID,"JPM,99422,240"
2019-06-28 11:38:00.000000000,BEST_ASK,"JPM,100694,293"
2019-06-28 11:38:00.000000000,LAST_TRADE,"1,$100694.0000"
2019-06-28 11:38:00.000000000,QUERY_SPREAD,86
2019-06-28 11:38:00.000000000,BEST_BID,"JPM,99422,240"
2019-06-28 11:38:00.000000000,BEST_ASK,"JPM,100694,287"
2019-06-28 11:38:00.000000000,LAST_TRADE,"6,$100694.0000"
2019-06-28 11:38:00.000000000,QUERY_SPREAD,87
2019-06-28 11:38:00.000000000,BEST_BID,"JPM,99422,240"
2019-06-28 11:38:00.000000000,BEST_ASK,"JPM,100694,284"
2019-06-28 11:38:00.000000000,LAST_TRADE,"3,$100694.0000"
2019-06-28 11:38:00.000000000,QUERY_SPREAD,88
2019-06-28 11:38:00.000000000,BEST_BID,"JPM,99422,240"
2019-06-28 11:38:00.000000000,BEST_ASK,"JPM,100694,280"
2019-06-28 11:38:00.000000000,LAST_TRADE,"4,$100694.0000"
2019-06-28 11:38:00.000000000,QUERY_SPREAD,89
2019-06-28 11:38:00.000000000,BEST_BID,"JPM,99422,240"
2019-06-28 11:38:00.000000000,BEST_ASK,"JPM,100694,276"
2019-06-28 11:38:00.000000000,LAST_TRADE,"4,$100694.0000"
2019-06-28 11:38:00.000000000,QUERY_SPREAD,90
2019-06-28 11:38:00.000000000,BEST_BID,"JPM,99422,240"
2019-06-28 11:38:00.000000000,BEST_ASK,"JPM,100694,269"
2019-06-28 11:38:00.000000000,LAST_TRADE,"7,$100694.0000"
2019-06-28 11:38:00.000000000,QUERY_SPREAD,91
2019-06-28 11:38:00.000000000,BEST_BID,"JPM,99422,240"
2019-06-28 11:38:00.000000000,BEST_ASK,"JPM,100694,261"
2019-06-28 11:38:00.000000000,LAST_TRADE,"8,$100694.0000"
2019-06-28 11:38:00.000000000,QUERY_SPREAD,92
2019-06-28 11:38:00.000000000,BEST_BID,"JPM,99422,240"
2019-06-28 11:38:00.000000000,BEST_ASK,"JPM,100694,256"
2019-06-28 11:38:00.000000000,LAST_TRADE,"5,$100694.0000"
2019-06-28 11:38:00.000000000,QUERY_SPREAD,93
2019-06-28 11:38:00.000000000,BEST_BID,"JPM,99422,240"
2019-06-28 11:38:00.000000000,BEST_ASK,"JPM,100694,253"
2019-06-28 11:38:00.000000000,LAST_TRADE,"3,$100694.0000"
2019-06-28 11:38:00.000000000,QUERY_SPREAD,94
2019-06-28 11:38:00.000000000,BEST_BID,"JPM,99422,240"
2019-06-28 11:38:00.000000000,BEST_ASK,"JPM,100694,249"
2019-06-28 11:38:00.000000000,LAST_TRADE,"4,$100694.0000"
2019-06-28 11:38:00.000000000,QUERY_SPREAD,95
2019-06-28 11:38:00.000000000,BEST_BID,"JPM,99422,240"
2019-06-28 11:38:00.000000000,BEST_ASK,"JPM,100694,244"
2019-06-28 11:38:00.000000000,LAST_TRADE,"5,$100694.0000"
2019-06-28 11:38:00.000000000,QUERY_SPREAD,96
2019-06-28 11:38:00.000000000,BEST_BID,"JPM,99422,240"
2019-06-28 11:38:00.000000000,BEST_ASK,"JPM,100694,243"
2019-06-28 11:38:00.000000000,LAST_TRADE,"1,$100694.0000"
2019-06-28 11:38:00.000000000,QUERY_SPREAD,97
2019-06-28 11:38:00.000000000,BEST_BID,"JPM,99422,240"
2019-06-28 11:38:00.000000000,BEST_ASK,"JPM,100694,236"
2019-06-28 11:38:00.000000000,LAST_TRADE,"7,$100694.0000"
2019-06-28 11:38:00.000000000,QUERY_SPREAD,98
2019-06-28 11:38:00.000000000,BEST_BID,"JPM,99422,240"
2019-06-28 11:38:00.000000000,BEST_ASK,"JPM,100694,230"
2019-06-28 11:38:00.000000000,LAST_TRADE,"6,$100694.0000"
2019-06-28 11:38:00.000000000,QUERY_SPREAD,99
2019-06-28 11:38:00.000000000,BEST_BID,"JPM,99422,240"
2019-06-28 11:38:00.000000000,BEST_ASK,"JPM,100694,225"
2019-06-28 11:38:00.000000000,LAST_TRADE,"5,$100694.0000"
2019-06-28 11:38:00.000000000,QUERY_SPREAD,100
2019-06-28 11:38:00.000000000,BEST_BID,"JPM,99422,240"
2019-06-28 11:38:00.000000000,BEST_ASK,"JPM,100694,218"
2019-06-28 11:38:00.000000000,LAST_TRADE,"7,$100694.0000"
2019-06-28 11:38:00.000000000,QUERY_SPREAD,101
2019-06-28 11:38:00.000000000,QUERY_ORDER_STREAM,101
2019-06-28 11:38:07.761484942,QUERY_SPREAD,47
2019-06-28 11:38:07.761484942,BEST_BID,"JPM,99422,240"
2019-06-28 11:38:07.761484942,BEST_ASK,"JPM,100694,218"
2019-06-28 11:38:08.397703013,QUERY_SPREAD,31
2019-06-28 11:38:08.397703013,BEST_BID,"JPM,99422,240"
2019-06-28 11:38:08.397703013,BEST_ASK,"JPM,99588,100"
2019-06-28 11:38:10.000000000,QUERY_SPREAD,1
2019-06-28 11:38:10.000000000,BEST_BID,"JPM,99422,170"
2019-06-28 11:38:10.000000000,BEST_ASK,"JPM,99588,100"
2019-06-28 11:38:10.000000000,BEST_BID,"JPM,99422,170"
2019-06-28 11:38:10.000000000,BEST_ASK,"JPM,99588,100"
2019-06-28 11:38:10.000000000,BEST_BID,"JPM,99422,170"
2019-06-28 11:38:10.000000000,BEST_ASK,"JPM,99588,100"
2019-06-28 11:38:10.000000000,BEST_BID,"JPM,99422,170"
2019-06-28 11:38:10.000000000,BEST_ASK,"JPM,99588,100"
2019-06-28 11:38:10.000000000,BEST_BID,"JPM,99422,170"
2019-06-28 11:38:10.000000000,BEST_ASK,"JPM,99588,170"
2019-06-28 11:38:10.000000000,BEST_BID,"JPM,99422,170"
2019-06-28 11:38:10.000000000,BEST_ASK,"JPM,99588,170"
2019-06-28 11:38:10.000000000,BEST_BID,"JPM,99422,170"
2019-06-28 11:38:10.000000000,BEST_ASK,"JPM,99588,170"
2019-06-28 11:38:10.000000000,BEST_BID,"JPM,99422,170"
2019-06-28 11:38:10.000000000,BEST_ASK,"JPM,99588,170"
2019-06-28 11:38:20.000000000,QUERY_SPREAD,1
2019-06-28 11:38:20.000000000,BEST_BID,"JPM,99422,195"
2019-06-28 11:38:20.000000000,BEST_ASK,"JPM,99588,100"
2019-06-28 11:38:20.000000000,BEST_BID,"JPM,99422,195"
2019-06-28 11:38:20.000000000,BEST_ASK,"JPM,99588,100"
2019-06-28 11:38:20.000000000,BEST_BID,"JPM,99422,195"
2019-06-28 11:38:20.000000000,BEST_ASK,"JPM,99588,100"
2019-06-28 11:38:20.000000000,BEST_BID,"JPM,99422,195"
2019-06-28 11:38:20.000000000,BEST_ASK,"JPM,99588,195"
2019-06-28 11:38:20.000000000,BEST_BID,"JPM,99422,195"
2019-06-28 11:38:20.000000000,BEST_ASK,"JPM,99588,195"
2019-06-28 11:38:20.000000000,BEST_BID,"JPM,99422,195"
2019-06-28 11:38:20.000000000,BEST_ASK,"JPM,99588,195"
2019-06-28 11:38:30.000000000,QUERY_SPREAD,1
2019-06-28 11:38:30.000000000,BEST_BID,"JPM,99422,195"
2019-06-28 11:38:30.000000000,BEST_ASK,"JPM,99588,100"
2019-06-28 11:38:30.000000000,BEST_BID,"JPM,99422,195"
2019-06-28 11:38:30.000000000,BEST_ASK,"JPM,99588,100"
2019-06-28 11:38:30.000000000,BEST_BID,"JPM,99422,195"
2019-06-28 11:38:30.000000000,BEST_ASK,"JPM,99588,100"
2019-06-28 11:38:30.000000000,BEST_BID,"JPM,99422,195"
2019-06-28 11:38:30.000000000,BEST_ASK,"JPM,99588,195"
2019-06-28 11:38:30.000000000,BEST_BID,"JPM,99422,195"
2019-06-28 11:38:30.000000000,BEST_ASK,"JPM,99588,195"
2019-06-28 11:38:30.000000000,BEST_BID,"JPM,99422,195"
2019-06-28 11:38:30.000000000,BEST_ASK,"JPM,99588,195"
2019-06-28 11:38:40.000000000,QUERY_SPREAD,1
2019-06-28 11:38:40.000000000,BEST_BID,"JPM,99422,380"
2019-06-28 11:38:40.000000000,BEST_ASK,"JPM,99588,100"
2019-06-28 11:38:40.000000000,BEST_BID,"JPM,99422,380"
2019-06-28 11:38:40.000000000,BEST_ASK,"JPM,99588,380"
2019-06-28 11:38:50.000000000,QUERY_SPREAD,1
2019-06-28 11:38:50.000000000,BEST_BID,"JPM,99422,380"
2019-06-28 11:38:50.000000000,BEST_ASK,"JPM,99588,100"
2019-06-28 11:38:50.000000000,BEST_BID,"JPM,99422,380"
2019-06-28 11:38:50.000000000,BEST_ASK,"JPM,99588,380"
2019-06-28 11:38:50.765602349,QUERY_SPREAD,51
2019-06-28 11:38:50.765602349,BEST_BID,"JPM,99422,380"
2019-06-28 11:38:50.765602349,BEST_ASK,"JPM,99588,280"
2019-06-28 11:38:50.765602349,LAST_TRADE,"100,$99588.0000"
2019-06-28 11:38:55.951017688,QUERY_SPREAD,27
2019-06-28 11:38:55.951017688,BEST_BID,"JPM,99422,380"
2019-06-28 11:38:55.951017688,BEST_ASK,"JPM,99588,280"
2019-06-28 11:38:59.084887333,QUERY_SPREAD,32
2019-06-28 11:38:59.084887333,BEST_BID,"JPM,99422,380"
2019-06-28 11:38:59.084887333,BEST_ASK,"JPM,99588,280"
2019-06-28 11:39:00.000000000,QUERY_SPREAD,1
2019-06-28 11:39:00.000000000,BEST_BID,"JPM,99422,240"
2019-06-28 11:39:00.000000000,BEST_ASK,"JPM,100000,100"
2019-06-28 11:39:00.000000000,BEST_BID,"JPM,99422,240"
2019-06-28 11:39:00.000000000,BEST_ASK,"JPM,100000,100"
2019-06-28 11:39:00.000000000,BEST_BID,"JPM,99422,240"
2019-06-28 11:39:00.000000000,BEST_ASK,"JPM,100000,240"
2019-06-28 11:39:00.000000000,BEST_BID,"JPM,99422,240"
2019-06-28 11:39:00.000000000,BEST_ASK,"JPM,100000,240"
2019-06-28 11:39:00.000000000,QUERY_SPREAD,77
2019-06-28 11:39:00.000000000,BEST_BID,"JPM,99422,240"
2019-06-28 11:39:00.000000000,BEST_ASK,"JPM,100000,239"
2019-06-28 11:39:00.000000000,LAST_TRADE,"1,$100000.0000"
2019-06-28 11:39:00.000000000,QUERY_SPREAD,78
2019-06-28 11:39:00.000000000,BEST_BID,"JPM,99422,240"
2019-06-28 11:39:00.000000000,BEST_ASK,"JPM,100000,235"
2019-06-28 11:39:00.000000000,LAST_TRADE,"4,$100000.0000"
2019-06-28 11:39:00.000000000,QUERY_SPREAD,79
2019-06-28 11:39:00.000000000,BEST_BID,"JPM,99422,240"
2019-06-28 11:39:00.000000000,BEST_ASK,"JPM,100000,229"
2019-06-28 11:39:00.000000000,LAST_TRADE,"6,$100000.0000"
2019-06-28 11:39:00.000000000,QUERY_SPREAD,80
2019-06-28 11:39:00.000000000,BEST_BID,"JPM,99422,240"
2019-06-28 11:39:00.000000000,BEST_ASK,"JPM,100000,224"
2019-06-28 11:39:00.000000000,LAST_TRADE,"5,$100000.0000"
2019-06-28 11:39:00.000000000,QUERY_SPREAD,81
2019-06-28 11:39:00.000000000,BEST_BID,"JPM,99422,240"
2019-06-28 11:39:00.000000000,BEST_ASK,"JPM,100000,216"
2019-06-28 11:39:00.000000000,LAST_TRADE,"8,$100000.0000"
2019-06-28 11:39:00.000000000,QUERY_SPREAD,82
2019-06-28 11:39:00.000000000,BEST_BID,"JPM,99422,240"
2019-06-28 11:39:00.000000000,BEST_ASK,"JPM,100000,208"
2019-06-28 11:39:00.000000000,LAST_TRADE,"8,$100000.0000"
2019-06-28 11:39:00.000000000,QUERY_SPREAD,83
2019-06-28 11:39:00.000000000,BEST_BID,"JPM,99422,240"
2019-06-28 11:39:00.000000000,BEST_ASK,"JPM,100000,206"
2019-06-28 11:39:00.000000000,LAST_TRADE,"2,$100000.0000"
2019-06-28 11:39:00.000000000,QUERY_SPREAD,84
2019-06-28 11:39:00.000000000,BEST_BID,"JPM,99422,240"
2019-06-28 11:39:00.000000000,BEST_ASK,"JPM,100000,205"
2019-06-28 11:39:00.000000000,LAST_TRADE,"1,$100000.0000"
2019-06-28 11:39:00.000000000,QUERY_SPREAD,85
2019-06-28 11:39:00.000000000,BEST_BID,"JPM,99422,240"
2019-06-28 11:39:00.000000000,BEST_ASK,"JPM,100000,204"
2019-06-28 11:39:00.000000000,LAST_TRADE,"1,$100000.0000"
2019-06-28 11:39:00.000000000,QUERY_SPREAD,86
2019-06-28 11:39:00.000000000,BEST_BID,"JPM,99422,240"
2019-06-28 11:39:00.000000000,BEST_ASK,"JPM,100000,198"
2019-06-28 11:39:00.000000000,LAST_TRADE,"6,$100000.0000"
2019-06-28 11:39:00.000000000,QUERY_SPREAD,87
2019-06-28 11:39:00.000000000,BEST_BID,"JPM,99422,240"
2019-06-28 11:39:00.000000000,BEST_ASK,"JPM,100000,195"
2019-06-28 11:39:00.000000000,LAST_TRADE,"3,$100000.0000"
2019-06-28 11:39:00.000000000,QUERY_SPREAD,88
2019-06-28 11:39:00.000000000,BEST_BID,"JPM,99422,240"
2019-06-28 11:39:00.000000000,BEST_ASK,"JPM,100000,191"
2019-06-28 11:39:00.000000000,LAST_TRADE,"4,$100000.0000"
2019-06-28 11:39:00.000000000,QUERY_SPREAD,89
2019-06-28 11:39:00.000000000,BEST_BID,"JPM,99422,240"
2019-06-28 11:39:00.000000000,BEST_ASK,"JPM,100000,187"
2019-06-28 11:39:00.000000000,LAST_TRADE,"4,$100000.0000"
2019-06-28 11:39:00.000000000,QUERY_SPREAD,90
2019-06-28 11:39:00.000000000,BEST_BID,"JPM,99422,240"
2019-06-28 11:39:00.000000000,BEST_ASK,"JPM,100000,180"
2019-06-28 11:39:00.000000000,LAST_TRADE,"7,$100000.0000"
2019-06-28 11:39:00.000000000,QUERY_SPREAD,91
2019-06-28 11:39:00.000000000,BEST_BID,"JPM,99422,240"
2019-06-28 11:39:00.000000000,BEST_ASK,"JPM,100000,172"
2019-06-28 11:39:00.000000000,LAST_TRADE,"8,$100000.0000"
2019-06-28 11:39:00.000000000,QUERY_SPREAD,92
2019-06-28 11:39:00.000000000,BEST_BID,"JPM,99422,240"
2019-06-28 11:39:00.000000000,BEST_ASK,"JPM,100000,167"
2019-06-28 11:39:00.000000000,LAST_TRADE,"5,$100000.0000"
2019-06-28 11:39:00.000000000,QUERY_SPREAD,93
2019-06-28 11:39:00.000000000,BEST_BID,"JPM,99422,240"
2019-06-28 11:39:00.000000000,BEST_ASK,"JPM,100000,164"
2019-06-28 11:39:00.000000000,LAST_TRADE,"3,$100000.0000"
2019-06-28 11:39:00.000000000,QUERY_SPREAD,94
2019-06-28 11:39:00.000000000,BEST_BID,"JPM,99422,240"
2019-06-28 11:39:00.000000000,BEST_ASK,"JPM,100000,160"
2019-06-28 11:39:00.000000000,LAST_TRADE,"4,$100000.0000"
2019-06-28 11:39:00.000000000,QUERY_SPREAD,95
2019-06-28 11:39:00.000000000,BEST_BID,"JPM,99422,240"
2019-06-28 11:39:00.000000000,BEST_ASK,"JPM,100000,155"
2019-06-28 11:39:00.000000000,LAST_TRADE,"5,$100000.0000"
2019-06-28 11:39:00.000000000,QUERY_SPREAD,96
2019-06-28 11:39:00.000000000,BEST_BID,"JPM,99422,240"
2019-06-28 11:39:00.000000000,BEST_ASK,"JPM,100000,154"
2019-06-28 11:39:00.000000000,LAST_TRADE,"1,$100000.0000"
2019-06-28 11:39:00.000000000,QUERY_SPREAD,97
2019-06-28 11:39:00.000000000,BEST_BID,"JPM,99422,240"
2019-06-28 11:39:00.000000000,BEST_ASK,"JPM,100000,147"
2019-06-28 11:39:00.000000000,LAST_TRADE,"7,$100000.0000"
2019-06-28 11:39:00.000000000,QUERY_SPREAD,98
2019-06-28 11:39:00.000000000,BEST_BID,"JPM,99422,240"
2019-06-28 11:39:00.000000000,BEST_ASK,"JPM,100000,141"
2019-06-28 11:39:00.000000000,LAST_TRADE,"6,$100000.0000"
2019-06-28 11:39:00.000000000,QUERY_SPREAD,99
2019-06-28 11:39:00.000000000,BEST_BID,"JPM,99422,240"
2019-06-28 11:39:00.000000000,BEST_ASK,"JPM,100000,136"
2019-06-28 11:39:00.000000000,LAST_TRADE,"5,$100000.0000"
2019-06-28 11:39:00.000000000,QUERY_SPREAD,100
2019-06-28 11:39:00.000000000,BEST_BID,"JPM,99422,240"
2019-06-28 11:39:00.000000000,BEST_ASK,"JPM,100000,129"
2019-06-28 11:39:00.000000000,LAST_TRADE,"7,$100000.0000"
2019-06-28 11:39:00.000000000,QUERY_SPREAD,101
2019-06-28 11:39:00.000000000,QUERY_ORDER_STREAM,101
2019-06-28 11:39:10.000000000,QUERY_SPREAD,1
2019-06-28 11:39:10.000000000,BEST_BID,"JPM,99422,240"
2019-06-28 11:39:10.000000000,BEST_ASK,"JPM,100150,100"
2019-06-28 11:39:10.000000000,BEST_BID,"JPM,99422,240"
2019-06-28 11:39:10.000000000,BEST_ASK,"JPM,100150,100"
2019-06-28 11:39:10.000000000,BEST_BID,"JPM,99422,240"
2019-06-28 11:39:10.000000000,BEST_ASK,"JPM,100150,240"
2019-06-28 11:39:10.000000000,BEST_BID,"JPM,99422,240"
2019-06-28 11:39:10.000000000,BEST_ASK,"JPM,100150,240"
2019-06-28 11:39:20.000000000,QUERY_SPREAD,1
2019-06-28 11:39:20.000000000,BEST_BID,"JPM,99422,170"
2019-06-28 11:39:20.000000000,BEST_ASK,"JPM,100150,100"
2019-06-28 11:39:20.000000000,BEST_BID,"JPM,99422,170"
2019-06-28 11:39:20.000000000,BEST_ASK,"JPM,100150,100"
2019-06-28 11:39:20.000000000,BEST_BID,"JPM,99422,170"
2019-06-28 11:39:20.000000000,BEST_ASK,"JPM,100150,100"
2019-06-28 11:39:20.000000000,BEST_BID,"JPM,99422,170"
2019-06-28 11:39:20.000000000,BEST_ASK,"JPM,100150,100"
2019-06-28 11:39:20.000000000,BEST_BID,"JPM,99422,170"
2019-06-28 11:39:20.000000000,BEST_ASK,"JPM,100150,170"
2019-06-28 11:39:20.000000000,BEST_BID,"JPM,99422,170"
2019-06-28 11:39:20.000000000,BEST_ASK,"JPM,100150,170"
2019-06-28 11:39:20.000000000,BEST_BID,"JPM,99422,170"
2019-06-28 11:39:20.000000000,BEST_ASK,"JPM,100150,170"
2019-06-28 11:39:20.000000000,BEST_BID,"JPM,99422,170"
2019-06-28 11:39:20.000000000,BEST_ASK,"JPM,100150,170"
2019-06-28 11:39:25.690324991,QUERY_SPREAD,37
2019-06-28 11:39:25.690324991,BEST_BID,"JPM,99422,170"
2019-06-28 11:39:25.690324991,BEST_ASK,"JPM,100150,170"
2019-06-28 11:39:30.000000000,QUERY_SPREAD,1
2019-06-28 11:39:30.000000000,BEST_BID,"JPM,99422,156"
2019-06-28 11:39:30.000000000,BEST_ASK,"JPM,100150,100"
2019-06-28 11:39:30.000000000,BEST_BID,"JPM,99422,156"
2019-06-28 11:39:30.000000000,BEST_ASK,"JPM,100150,100"
2019-06-28 11:39:30.000000000,BEST_BID,"JPM,99422,156"
2019-06-28 11:39:30.000000000,BEST_ASK,"JPM,100150,100"
2019-06-28 11:39:30.000000000,BEST_BID,"JPM,99422,156"
2019-06-28 11:39:30.000000000,BEST_ASK,"JPM,100150,100"
2019-06-28 11:39:30.000000000,BEST_BID,"JPM,99422,156"
2019-06-28 11:39:30.000000000,BEST_ASK,"JPM,100150,100"
2019-06-28 11:39:30.000000000,BEST_BID,"JPM,99422,156"
2019-06-28 11:39:30.000000000,BEST_ASK,"JPM,100150,156"
2019-06-28 11:39:30.000000000,BEST_BID,"JPM,99422,156"
2019-06-28 11:39:30.000000000,BEST_ASK,"JPM,100150,156"
2019-06-28 11:39:30.000000000,BEST_BID,"JPM,99422,156"
2019-06-28 11:39:30.000000000,BEST_ASK,"JPM,100150,156"
2019-06-28 11:39:30.000000000,BEST_BID,"JPM,99422,156"
2019-06-28 11:39:30.000000000,BEST_ASK,"JPM,100150,156"
2019-06-28 11:39:30.000000000,BEST_BID,"JPM,99422,156"
2019-06-28 11:39:30.000000000,BEST_ASK,"JPM,100150,156"
2019-06-28 11:39:37.703605267,QUERY_SPREAD,8
2019-06-28 11:39:37.703605267,BEST_BID,"JPM,99679,100"
2019-06-28 11:39:37.703605267,BEST_ASK,"JPM,100150,156"
2019-06-28 11:39:40.000000000,QUERY_SPREAD,1
2019-06-28 11:39:40.000000000,BEST_BID,"JPM,99679,380"
2019-06-28 11:39:40.000000000,BEST_ASK,"JPM,100150,100"
2019-06-28 11:39:40.000000000,BEST_BID,"JPM,99679,380"
2019-06-28 11:39:40.000000000,BEST_ASK,"JPM,100150,380"
2019-06-28 11:39:50.000000000,QUERY_SPREAD,1
2019-06-28 11:39:50.000000000,BEST_BID,"JPM,99679,195"
2019-06-28 11:39:50.000000000,BEST_ASK,"JPM,100150,100"
2019-06-28 11:39:50.000000000,BEST_BID,"JPM,99679,195"
2019-06-28 11:39:50.000000000,BEST_ASK,"JPM,100150,100"
2019-06-28 11:39:50.000000000,BEST_BID,"JPM,99679,195"
2019-06-28 11:39:50.000000000,BEST_ASK,"JPM,100150,100"
2019-06-28 11:39:50.000000000,BEST_BID,"JPM,99679,195"
2019-06-28 11:39:50.000000000,BEST_ASK,"JPM,100150,195"
2019-06-28 11:39:50.000000000,BEST_BID,"JPM,99679,195"
2019-06-28 11:39:50.000000000,BEST_ASK,"JPM,100150,195"
2019-06-28 11:39:50.000000000,BEST_BID,"JPM,99679,195"
2019-06-28 11:39:50.000000000,BEST_ASK,"JPM,100150,195"
2019-06-28 11:40:00.000000000,QUERY_SPREAD,1
2019-06-28 11:40:00.000000000,BEST_BID,"JPM,99679,380"
2019-06-28 11:40:00.000000000,BEST_ASK,"JPM,100150,100"
2019-06-28 11:40:00.000000000,BEST_BID,"JPM,99679,380"
2019-06-28 11:40:00.000000000,BEST_ASK,"JPM,100150,380"
2019-06-28 11:40:00.000000000,QUERY_SPREAD,77
2019-06-28 11:40:00.000000000,BEST_BID,"JPM,99679,380"
2019-06-28 11:40:00.000000000,BEST_ASK,"JPM,100150,379"
2019-06-28 11:40:00.000000000,LAST_TRADE,"1,$100150.0000"
2019-06-28 11:40:00.000000000,QUERY_SPREAD,78
2019-06-28 11:40:00.000000000,BEST_BID,"JPM,99679,380"
2019-06-28 11:40:00.000000000,BEST_ASK,"JPM,100150,375"
2019-06-28 11:40:00.000000000,LAST_TRADE,"4,$100150.0000"
2019-06-28 11:40:00.000000000,QUERY_SPREAD,79
2019-06-28 11:40:00.000000000,BEST_BID,"JPM,99679,380"
2019-06-28 11:40:00.000000000,BEST_ASK,"JPM,100150,369"
2019-06-28 11:40:00.000000000,LAST_TRADE,"6,$100150.0000"
2019-06-28 11:40:00.000000000,QUERY_SPREAD,80
2019-06-28 11:40:00.000000000,BEST_BID,"JPM,99679,380"
2019-06-28 11:40:00.000000000,BEST_ASK,"JPM,100150,364"
2019-06-28 11:40:00.000000000,LAST_TRADE,"5,$100150.0000"
2019-06-28 11:40:00.000000000,QUERY_SPREAD,81
2019-06-28 11:40:00.000000000,BEST_BID,"JPM,99679,380"
2019-06-28 11:40:00.000000000,BEST_ASK,"JPM,100150,356"
2019-06-28 11:40:00.000000000,LAST_TRADE,"8,$100150.0000"
2019-06-28 11:40:00.000000000,QUERY_SPREAD,82
2019-06-28 11:40:00.000000000,BEST_BID,"JPM,99679,380"
2019-06-28 11:40:00.000000000,BEST_ASK,"JPM,100150,348"
2019-06-28 11:40:00.000000000,LAST_TRADE,"8,$100150.0000"
2019-06-28 11:40:00.000000000,QUERY_SPREAD,83
2019-06-28 11:40:00.000000000,BEST_BID,"JPM,99679,380"
2019-06-28 11:40:00.000000000,BEST_ASK,"JPM,100150,346"
2019-06-28 11:40:00.000000000,LAST_TRADE,"2,$100150.0000"
2019-06-28 11:40:00.000000000,QUERY_SPREAD,84
2019-06-28 11:40:00.000000000,BEST_BID,"JPM,99679,380"
2019-06-28 11:40:00.000000000,BEST_ASK,"JPM,100150,345"
2019-06-28 11:40:00.000000000,LAST_TRADE,"1,$100150.0000"
2019-06-28 11:40:00.000000000,QUERY_SPREAD,85
2019-06-28 11:40:00.000000000,BEST_BID,"JPM,99679,380"
2019-06-28 11:40:00.000000000,BEST_ASK,"JPM,100150,344"
2019-06-28 11:40:00.000000000,LAST_TRADE,"1,$100150.0000"
2019-06-28 11:40:00.000000000,QUERY_SPREAD,86
2019-06-28 11:40:00.000000000,BEST_BID,"JPM,99679,380"
2019-06-28 11:40:00.000000000,BEST_ASK,"JPM,100150,338"
2019-06-28 11:40:00.000000000,LAST_TRADE,"6,$100150.0000"
2019-06-28 11:40:00.000000000,QUERY_SPREAD,87
2019-06-28 11:40:00.000000000,BEST_BID,"JPM,99679,380"
2019-06-28 11:40:00.000000000,BEST_ASK,"JPM,100150,335"
2019-06-28 11:40:00.000000000,LAST_TRADE,"3,$100150.0000"
2019-06-28 11:40:00.000000000,QUERY_SPREAD,88
2019-06-28 11:40:00.000000000,BEST_BID,"JPM,99679,380"
2019-06-28 11:40:00.000000000,BEST_ASK,"JPM,100150,331"
2019-06-28 11:40:00.000000000,LAST_TRADE,"4,$100150.0000"
2019-06-28 11:40:00.000000000,QUERY_SPREAD,89
2019-06-28 11:40:00.000000000,BEST_BID,"JPM,99679,380"
2019-06-28 11:40:00.000000000,BEST_ASK,"JPM,100150,327"
2019-06-28 11:40:00.000000000,LAST_TRADE,"4,$100150.0000"
2019-06-28 11:40:00.000000000,QUERY_SPREAD,90
2019-06-28 11:40:00.000000000,BEST_BID,"JPM,99679,380"
2019-06-28 11:40:00.000000000,BEST_ASK,"JPM,100150,320"
2019-06-28 11:40:00.000000000,LAST_TRADE,"7,$100150.0000"
2019-06-28 11:40:00.000000000,QUERY_SPREAD,91
2019-06-28 11:40:00.000000000,BEST_BID,"JPM,99679,380"
2019-06-28 11:40:00.000000000,BEST_ASK,"JPM,100150,312"
2019-06-28 11:40:00.000000000,LAST_TRADE,"8,$100150.0000"
2019-06-28 11:40:00.000000000,QUERY_SPREAD,92
2019-06-28 11:40:00.000000000,BEST_BID,"JPM,99679,380"
2019-06-28 11:40:00.000000000,BEST_ASK,"JPM,100150,307"
2019-06-28 11:40:00.000000000,LAST_TRADE,"5,$100150.0000"
2019-06-28 11:40:00.000000000,QUERY_SPREAD,93
2019-06-28 11:40:00.000000000,BEST_BID,"JPM,99679,380"
2019-06-28 11:40:00.000000000,BEST_ASK,"JPM,100150,304"
2019-06-28 11:40:00.000000000,LAST_TRADE,"3,$100150.0000"
2019-06-28 11:40:00.000000000,QUERY_SPREAD,94
2019-06-28 11:40:00.000000000,BEST_BID,"JPM,99679,380"
2019-06-28 11:40:00.000000000,BEST_ASK,"JPM,100150,300"
2019-06-28 11:40:00.000000000,LAST_TRADE,"4,$100150.0000"
2019-06-28 11:40:00.000000000,QUERY_SPREAD,95
2019-06-28 11:40:00.000000000,BEST_BID,"JPM,99679,380"
2019-06-28 11:40:00.000000000,BEST_ASK,"JPM,100150,295"
2019-06-28 11:40:00.000000000,LAST_TRADE,"5,$100150.0000"
2019-06-28 11:40:00.000000000,QUERY_SPREAD,96
2019-06-28 11:40:00.000000000,BEST_BID,"JPM,99679,380"
2019-06-28 11:40:00.000000000,BEST_ASK,"JPM,100150,294"
2019-06-28 11:40:00.000000000,LAST_TRADE,"1,$100150.0000"
2019-06-28 11:40:00.000000000,QUERY_SPREAD,97
2019-06-28 11:40:00.000000000,BEST_BID,"JPM,99679,380"
2019-06-28 11:40:00.000000000,BEST_ASK,"JPM,100150,287"
2019-06-28 11:40:00.000000000,LAST_TRADE,"7,$100150.0000"
2019-06-28 11:40:00.000000000,QUERY_SPREAD,98
2019-06-28 11:40:00.000000000,BEST_BID,"JPM,99679,380"
2019-06-28 11:40:00.000000000,BEST_ASK,"JPM,100150,281"
2019-06-28 11:40:00.000000000,LAST_TRADE,"6,$100150.0000"
2019-06-28 11:40:00.000000000,QUERY_SPREAD,99
2019-06-28 11:40:00.000000000,BEST_BID,"JPM,99679,380"
2019-06-28 11:40:00.000000000,BEST_ASK,"JPM,100150,276"
2019-06-28 11:40:00.000000000,LAST_TRADE,"5,$100150.0000"
2019-06-28 11:40:00.000000000,QUERY_SPREAD,100
2019-06-28 11:40:00.000000000,BEST_BID,"JPM,99679,380"
2019-06-28 11:40:00.000000000,BEST_ASK,"JPM,100150,269"
2019-06-28 11:40:00.000000000,LAST_TRADE,"7,$100150.0000"
2019-06-28 11:40:00.000000000,QUERY_SPREAD,101
2019-06-28 11:40:00.000000000,QUERY_ORDER_STREAM,101
2019-06-28 11:40:10.000000000,QUERY_SPREAD,1
2019-06-28 11:40:10.000000000,BEST_BID,"JPM,99679,380"
2019-06-28 11:40:10.000000000,BEST_ASK,"JPM,100152,100"
2019-06-28 11:40:10.000000000,BEST_BID,"JPM,99679,380"
2019-06-28 11:40:10.000000000,BEST_ASK,"JPM,100152,380"
2019-06-28 11:40:11.317486474,QUERY_SPREAD,24
2019-06-28 11:40:11.317486474,BEST_BID,"JPM,99679,380"
2019-06-28 11:40:11.317486474,BEST_ASK,"JPM,100152,380"
2019-06-28 11:40:20.000000000,QUERY_SPREAD,1
2019-06-28 11:40:20.000000000,BEST_BID,"JPM,99679,195"
2019-06-28 11:40:20.000000000,BEST_ASK,"JPM,100152,100"
2019-06-28 11:40:20.000000000,BEST_BID,"JPM,99679,195"
2019-06-28 11:40:20.000000000,BEST_ASK,"JPM,100152,100"
2019-06-28 11:40:20.000000000,BEST_BID,"JPM,99679,195"
2019-06-28 11:40:20.000000000,BEST_ASK,"JPM,100152,100"
2019-06-28 11:40:20.000000000,BEST_BID,"JPM,99679,195"
2019-06-28 11:40:20.000000000,BEST_ASK,"JPM,100152,195"
2019-06-28 11:40:20.000000000,BEST_BID,"JPM,99679,195"
2019-06-28 11:40:20.000000000,BEST_ASK,"JPM,100152,195"
2019-06-28 11:40:20.000000000,BEST_BID,"JPM,99679,195"
2019-06-28 11:40:20.000000000,BEST_ASK,"JPM,100152,195"
2019-06-28 11:40:30.000000000,QUERY_SPREAD,1
2019-06-28 11:40:30.000000000,BEST_BID,"JPM,99679,195"
2019-06-28 11:40:30.000000000,BEST_ASK,"JPM,100152,100"
2019-06-28 11:40:30.000000000,BEST_BID,"JPM,99679,195"
2019-06-28 11:40:30.000000000,BEST_ASK,"JPM,100152,100"
2019-06-28 11:40:30.000000000,BEST_BID,"JPM,99679,195"
2019-06-28 11:40:30.000000000,BEST_ASK,"JPM,100152,100"
2019-06-28 11:40:30.000000000,BEST_BID,"JPM,99679,195"
2019-06-28 11:40:30.000000000,BEST_ASK,"JPM,100152,195"
2019-06-28 11:40:30.000000000,BEST_BID,"JPM,99679,195"
2019-06-28 11:40:30.000000000,BEST_ASK,"JPM,100152,195"
2019-06-28 11:40:30.000000000,BEST_BID,"JPM,99679,195"
2019-06-28 11:40:30.000000000,BEST_ASK,"JPM,100152,195"
2019-06-28 11:40:33.407550639,QUERY_SPREAD,14
2019-06-28 11:40:33.407550639,BEST_BID,"JPM,99679,195"
2019-06-28 11:40:33.407550639,BEST_ASK,"JPM,100152,95"
2019-06-28 11:40:33.407550639,LAST_TRADE,"100,$100152.0000"
2019-06-28 11:40:40.000000000,QUERY_SPREAD,1
2019-06-28 11:40:40.000000000,BEST_BID,"JPM,99679,156"
2019-06-28 11:40:40.000000000,BEST_ASK,"JPM,100366,100"
2019-06-28 11:40:40.000000000,BEST_BID,"JPM,99679,156"
2019-06-28 11:40:40.000000000,BEST_ASK,"JPM,100366,100"
2019-06-28 11:40:40.000000000,BEST_BID,"JPM,99679,156"
2019-06-28 11:40:40.000000000,BEST_ASK,"JPM,100366,100"
2019-06-28 11:40:40.000000000,BEST_BID,"JPM,99679,156"
2019-06-28 11:40:40.000000000,BEST_ASK,"JPM,100366,100"
2019-06-28 11:40:40.000000000,BEST_BID,"JPM,99679,156"
2019-06-28 11:40:40.000000000,BEST_ASK,"JPM,100366,100"
2019-06-28 11:40:40.000000000,BEST_BID,"JPM,99679,156"
2019-06-28 11:40:40.000000000,BEST_ASK,"JPM,100366,156"
2019-06-28 11:40:40.000000000,BEST_BID,"JPM,99679,156"
2019-06-28 11:40:40.000000000,BEST_ASK,"JPM,100366,156"
2019-06-28 11:40:40.000000000,BEST_BID,"JPM,99679,156"
2019-06-28 11:40:40.000000000,BEST_ASK,"JPM,100366,156"
2019-06-28 11:40:40.000000000,BEST_BID,"JPM,99679,156"
2019-06-28 11:40:40.000000000,BEST_ASK,"JPM,100366,156"
2019-06-28 11:40:40.000000000,BEST_BID,"JPM,99679,156"
2019-06-28 11:40:40.000000000,BEST_ASK,"JPM,100366,156"
2019-06-28 11:40:45.461031514,QUERY_ORDER_STREAM,70
2019-06-28 11:40:45.461031514,QUERY_SPREAD,70
2019-06-28 11:40:50.000000000,QUERY_SPREAD,1
2019-06-28 11:40:50.000000000,BEST_BID,"JPM,99679,195"
2019-06-28 11:40:50.000000000,BEST_ASK,"JPM,100366,100"
2019-06-28 11:40:50.000000000,BEST_BID,"JPM,99679,195"
2019-06-28 11:40:50.000000000,BEST_ASK,"JPM,100366,100"
2019-06-28 11:40:50.000000000,BEST_BID,"JPM,99679,195"
2019-06-28 11:40:50.000000000,BEST_ASK,"JPM,100366,100"
2019-06-28 11:40:50.000000000,BEST_BID,"JPM,99679,195"
2019-06-28 11:40:50.000000000,BEST_ASK,"JPM,100366,195"
2019-06-28 11:40:50.000000000,BEST_BID,"JPM,99679,195"
2019-06-28 11:40:50.000000000,BEST_ASK,"JPM,100366,195"
2019-06-28 11:40:50.000000000,BEST_BID,"JPM,99679,195"
2019-06-28 11:40:50.000000000,BEST_ASK,"JPM,100366,195"
2019-06-28 11:41:00.000000000,QUERY_SPREAD,1
2019-06-28 11:41:00.000000000,BEST_BID,"JPM,99679,380"
2019-06-28 11:41:00.000000000,BEST_ASK,"JPM,100366,100"
2019-06-28 11:41:00.000000000,BEST_BID,"JPM,99679,380"
2019-06-28 11:41:00.000000000,BEST_ASK,"JPM,100366,380"
2019-06-28 11:41:00.000000000,QUERY_SPREAD,77
2019-06-28 11:41:00.000000000,BEST_BID,"JPM,99679,380"
2019-06-28 11:41:00.000000000,BEST_ASK,"JPM,100366,379"
2019-06-28 11:41:00.000000000,LAST_TRADE,"1,$100366.0000"
2019-06-28 11:41:00.000000000,QUERY_SPREAD,78
2019-06-28 11:41:00.000000000,BEST_BID,"JPM,99679,380"
2019-06-28 11:41:00.000000000,BEST_ASK,"JPM,100366,375"
2019-06-28 11:41:00.000000000,LAST_TRADE,"4,$100366.0000"
2019-06-28 11:41:00.000000000,QUERY_SPREAD,79
2019-06-28 11:41:00.000000000,BEST_BID,"JPM,99679,380"
2019-06-28 11:41:00.000000000,BEST_ASK,"JPM,100366,369"
2019-06-28 11:41:00.000000000,LAST_TRADE,"6,$100366.0000"
2019-06-28 11:41:00.000000000,QUERY_SPREAD,80
2019-06-28 11:41:00.000000000,BEST_BID,"JPM,99679,380"
2019-06-28 11:41:00.000000000,BEST_ASK,"JPM,100366,364"
2019-06-28 11:41:00.000000000,LAST_TRADE,"5,$100366.0000"
2019-06-28 11:41:00.000000000,QUERY_SPREAD,81
2019-06-28 11:41:00.000000000,BEST_BID,"JPM,99679,380"
2019-06-28 11:41:00.000000000,BEST_ASK,"JPM,100366,356"
2019-06-28 11:41:00.000000000,LAST_TRADE,"8,$100366.0000"
2019-06-28 11:41:00.000000000,QUERY_SPREAD,82
2019-06-28 11:41:00.000000000,BEST_BID,"JPM,99679,380"
2019-06-28 11:41:00.000000000,BEST_ASK,"JPM,100366,348"
2019-06-28 11:41:00.000000000,LAST_TRADE,"8,$100366.0000"
2019-06-28 11:41:00.000000000,QUERY_SPREAD,83
2019-06-28 11:41:00.000000000,BEST_BID,"JPM,99679,380"
2019-06-28 11:41:00.000000000,BEST_ASK,"JPM,100366,346"
2019-06-28 11:41:00.000000000,LAST_TRADE,"2,$100366.0000"
2019-06-28 11:41:00.000000000,QUERY_SPREAD,84
2019-06-28 11:41:00.000000000,BEST_BID,"JPM,99679,380"
2019-06-28 11:41:00.000000000,BEST_ASK,"JPM,100366,345"
2019-06-28 11:41:00.000000000,LAST_TRADE,"1,$100366.0000"
2019-06-28 11:41:00.000000000,QUERY_SPREAD,85
2019-06-28 11:41:00.000000000,BEST_BID,"JPM,99679,380"
2019-06-28 11:41:00.000000000,BEST_ASK,"JPM,100366,344"
2019-06-28 11:41:00.000000000,LAST_TRADE,"1,$100366.0000"
2019-06-28 11:41:00.000000000,QUERY_SPREAD,86
2019-06-28 11:41:00.000000000,BEST_BID,"JPM,99679,380"
2019-06-28 11:41:00.000000000,BEST_ASK,"JPM,100366,338"
2019-06-28 11:41:00.000000000,LAST_TRADE,"6,$100366.0000"
2019-06-28 11:41:00.000000000,QUERY_SPREAD,87
2019-06-28 11:41:00.000000000,BEST_BID,"JPM,99679,380"
2019-06-28 11:41:00.000000000,BEST_ASK,"JPM,100366,335"
2019-06-28 11:41:00.000000000,LAST_TRADE,"3,$100366.0000"
2019-06-28 11:41:00.000000000,QUERY_SPREAD,88
2019-06-28 11:41:00.000000000,BEST_BID,"JPM,99679,380"
2019-06-28 11:41:00.000000000,BEST_ASK,"JPM,100366,331"
2019-06-28 11:41:00.000000000,LAST_TRADE,"4,$100366.0000"
2019-06-28 11:41:00.000000000,QUERY_SPREAD,89
2019-06-28 11:41:00.000000000,BEST_BID,"JPM,99679,380"
2019-06-28 11:41:00.000000000,BEST_ASK,"JPM,100366,327"
2019-06-28 11:41:00.000000000,LAST_TRADE,"4,$100366.0000"
2019-06-28 11:41:00.000000000,QUERY_SPREAD,90
2019-06-28 11:41:00.000000000,BEST_BID,"JPM,99679,380"
2019-06-28 11:41:00.000000000,BEST_ASK,"JPM,100366,320"
2019-06-28 11:41:00.000000000,LAST_TRADE,"7,$100366.0000"
2019-06-28 11:41:00.000000000,QUERY_SPREAD,91
2019-06-28 11:41:00.000000000,BEST_BID,"JPM,99679,380"
2019-06-28 11:41:00.000000000,BEST_ASK,"JPM,100366,312"
2019-06-28 11:41:00.000000000,LAST_TRADE,"8,$100366.0000"
2019-06-28 11:41:00.000000000,QUERY_SPREAD,92
2019-06-28 11:41:00.000000000,BEST_BID,"JPM,99679,380"
2019-06-28 11:41:00.000000000,BEST_ASK,"JPM,100366,307"
2019-06-28 11:41:00.000000000,LAST_TRADE,"5,$100366.0000"
2019-06-28 11:41:00.000000000,QUERY_SPREAD,93
2019-06-28 11:41:00.000000000,BEST_BID,"JPM,99679,380"
2019-06-28 11:41:00.000000000,BEST_ASK,"JPM,100366,304"
2019-06-28 11:41:00.000000000,LAST_TRADE,"3,$100366.0000"
2019-06-28 11:41:00.000000000,QUERY_SPREAD,94
2019-06-28 11:41:00.000000000,BEST_BID,"JPM,99679,380"
2019-06-28 11:41:00.000000000,BEST_ASK,"JPM,100366,300"
2019-06-28 11:41:00.000000000,LAST_TRADE,"4,$100366.0000"
2019-06-28 11:41:00.000000000,QUERY_SPREAD,95
2019-06-28 11:41:00.000000000,BEST_BID,"JPM,99679,380"
2019-06-28 11:41:00.000000000,BEST_ASK,"JPM,100366,295"
2019-06-28 11:41:00.000000000,LAST_TRADE,"5,$100366.0000"
2019-06-28 11:41:00.000000000,QUERY_SPREAD,96
2019-06-28 11:41:00.000000000,BEST_BID,"JPM,99679,380"
2019-06-28 11:41:00.000000000,BEST_ASK,"JPM,100366,294"
2019-06-28 11:41:00.000000000,LAST_TRADE,"1,$100366.0000"
2019-06-28 11:41:00.000000000,QUERY_SPREAD,97
2019-06-28 11:41:00.000000000,BEST_BID,"JPM,99679,380"
2019-06-28 11:41:00.000000000,BEST_ASK,"JPM,100366,287"
2019-06-28 11:41:00.000000000,LAST_TRADE,"7,$100366.0000"
2019-06-28 11:41:00.000000000,QUERY_SPREAD,98
2019-06-28 11:41:00.000000000,BEST_BID,"JPM,99679,380"
2019-06-28 11:41:00.000000000,BEST_ASK,"JPM,100366,281"
2019-06-28 11:41:00.000000000,LAST_TRADE,"6,$100366.0000"
2019-06-28 11:41:00.000000000,QUERY_SPREAD,99
2019-06-28 11:41:00.000000000,BEST_BID,"JPM,99679,380"
2019-06-28 11:41:00.000000000,BEST_ASK,"JPM,100366,276"
2019-06-28 11:41:00.000000000,LAST_TRADE,"5,$100366.0000"
2019-06-28 11:41:00.000000000,QUERY_SPREAD,100
2019-06-28 11:41:00.000000000,BEST_BID,"JPM,99679,380"
2019-06-28 11:41:00.000000000,BEST_ASK,"JPM,100366,269"
2019-06-28 11:41:00.000000000,LAST_TRADE,"7,$100366.0000"
2019-06-28 11:41:00.000000000,QUERY_SPREAD,101
2019-06-28 11:41:00.000000000,QUERY_ORDER_STREAM,101
2019-06-28 11:41:10.000000000,QUERY_SPREAD,1
2019-06-28 11:41:10.000000000,BEST_BID,"JPM,99679,156"
2019-06-28 11:41:10.000000000,BEST_ASK,"JPM,100694,78"
2019-06-28 11:41:10.000000000,BEST_BID,"JPM,99679,156"
2019-06-28 11:41:10.000000000,BEST_ASK,"JPM,100694,78"
2019-06-28 11:41:10.000000000,BEST_BID,"JPM,99679,156"
2019-06-28 11:41:10.000000000,BEST_ASK,"JPM,100694,78"
2019-06-28 11:41:10.000000000,BEST_BID,"JPM,99679,156"
2019-06-28 11:41:10.000000000,BEST_ASK,"JPM,100694,78"
2019-06-28 11:41:10.000000000,BEST_BID,"JPM,99679,156"
2019-06-28 11:41:10.000000000,BEST_ASK,"JPM,100694,78"
2019-06-28 11:41:10.000000000,BEST_BID,"JPM,99679,156"
2019-06-28 11:41:10.000000000,BEST_ASK,"JPM,100694,134"
2019-06-28 11:41:10.000000000,BEST_BID,"JPM,99679,156"
2019-06-28 11:41:10.000000000,BEST_ASK,"JPM,100694,134"
2019-06-28 11:41:10.000000000,BEST_BID,"JPM,99679,156"
2019-06-28 11:41:10.000000000,BEST_ASK,"JPM,100694,134"
2019-06-28 11:41:10.000000000,BEST_BID,"JPM,99679,156"
2019-06-28 11:41:10.000000000,BEST_ASK,"JPM,100694,134"
2019-06-28 11:41:10.000000000,BEST_BID,"JPM,99679,156"
2019-06-28 11:41:10.000000000,BEST_ASK,"JPM,100694,134"
2019-06-28 11:41:20.000000000,QUERY_SPREAD,1
2019-06-28 11:41:20.000000000,BEST_BID,"JPM,99679,380"
2019-06-28 11:41:20.000000000,BEST_ASK,"JPM,100694,78"
2019-06-28 11:41:20.000000000,BEST_BID,"JPM,99679,380"
2019-06-28 11:41:20.000000000,BEST_ASK,"JPM,100694,358"
2019-06-28 11:41:29.888968115,QUERY_SPREAD,8
2019-06-28 11:41:29.888968115,BEST_BID,"JPM,100587,100"
2019-06-28 11:41:29.888968115,BEST_ASK,"JPM,100694,358"
2019-06-28 11:41:30.000000000,QUERY_SPREAD,1
2019-06-28 11:41:30.000000000,BEST_BID,"JPM,100587,195"
2019-06-28 11:41:30.000000000,BEST_ASK,"JPM,100694,78"
2019-06-28 11:41:30.000000000,BEST_BID,"JPM,100587,195"
2019-06-28 11:41:30.000000000,BEST_ASK,"JPM,100694,78"
2019-06-28 11:41:30.000000000,BEST_BID,"JPM,100587,195"
2019-06-28 11:41:30.000000000,BEST_ASK,"JPM,100694,78"
2019-06-28 11:41:30.000000000,BEST_BID,"JPM,100587,195"
2019-06-28 11:41:30.000000000,BEST_ASK,"JPM,100694,173"
2019-06-28 11:41:30.000000000,BEST_BID,"JPM,100587,195"
2019-06-28 11:41:30.000000000,BEST_ASK,"JPM,100694,173"
2019-06-28 11:41:30.000000000,BEST_BID,"JPM,100587,195"
2019-06-28 11:41:30.000000000,BEST_ASK,"JPM,100694,173"
2019-06-28 11:41:40.000000000,QUERY_SPREAD,1
2019-06-28 11:41:40.000000000,BEST_BID,"JPM,100587,156"
2019-06-28 11:41:40.000000000,BEST_ASK,"JPM,100694,78"
2019-06-28 11:41:40.000000000,BEST_BID,"JPM,100587,156"
2019-06-28 11:41:40.000000000,BEST_ASK,"JPM,100694,78"
2019-06-28 11:41:40.000000000,BEST_BID,"JPM,100587,156"
2019-06-28 11:41:40.000000000,BEST_ASK,"JPM,100694,78"
2019-06-28 11:41:40.000000000,BEST_BID,"JPM,100587,156"
2019-06-28 11:41:40.000000000,BEST_ASK,"JPM,100694,78"
2019-06-28 11:41:40.000000000,BEST_BID,"JPM,100587,156"
2019-06-28 11:41:40.000000000,BEST_ASK,"JPM,100694,78"
2019-06-28 11:41:40.000000000,BEST_BID,"JPM,100587,156"
2019-06-28 11:41:40.000000000,BEST_ASK,"JPM,100694,134"
2019-06-28 11:41:40.000000000,BEST_BID,"JPM,100587,156"
2019-06-28 11:41:40.000000000,BEST_ASK,"JPM,100694,134"
2019-06-28 11:41:40.000000000,BEST_BID,"JPM,100587,156"
2019-06-28 11:41:40.000000000,BEST_ASK,"JPM,100694,134"
2019-06-28 11:41:40.000000000,BEST_BID,"JPM,100587,156"
2019-06-28 11:41:40.000000000,BEST_ASK,"JPM,100694,134"
2019-06-28 11:41:40.000000000,BEST_BID,"JPM,100587,156"
2019-06-28 11:41:40.000000000,BEST_ASK,"JPM,100694,134"
2019-06-28 11:41:50.000000000,QUERY_SPREAD,1
2019-06-28 11:41:50.000000000,BEST_BID,"JPM,100587,380"
2019-06-28 11:41:50.000000000,BEST_ASK,"JPM,100694,78"
2019-06-28 11:41:50.000000000,BEST_BID,"JPM,100587,380"
2019-06-28 11:41:50.000000000,BEST_ASK,"JPM,100694,358"
2019-06-28 11:41:53.260185443,QUERY_SPREAD,37
2019-06-28 11:41:53.260185443,BEST_BID,"JPM,100587,380"
2019-06-28 11:41:53.260185443,BEST_ASK,"JPM,100694,258"
2019-06-28 11:41:53.260185443,LAST_TRADE,"100,$100694.0000"
2019-06-28 11:41:53.756347672,QUERY_SPREAD,5
2019-06-28 11:41:53.756347672,BEST_BID,"JPM,100587,380"
2019-06-28 11:41:53.756347672,BEST_ASK,"JPM,100694,158"
2019-06-28 11:41:53.756347672,LAST_TRADE,"100,$100694.0000"
2019-06-28 11:42:00.000000000,QUERY_SPREAD,1
2019-06-28 11:42:00.000000000,BEST_BID,"JPM,100587,380"
2019-06-28 11:42:00.000000000,BEST_ASK,"JPM,100838,100"
2019-06-28 11:42:00.000000000,BEST_BID,"JPM,100587,380"
2019-06-28 11:42:00.000000000,BEST_ASK,"JPM,100838,380"
2019-06-28 11:42:00.000000000,QUERY_SPREAD,77
2019-06-28 11:42:00.000000000,BEST_BID,"JPM,100587,380"
2019-06-28 11:42:00.000000000,BEST_ASK,"JPM,100838,379"
2019-06-28 11:42:00.000000000,LAST_TRADE,"1,$100838.0000"
2019-06-28 11:42:00.000000000,QUERY_SPREAD,78
2019-06-28 11:42:00.000000000,BEST_BID,"JPM,100587,380"
2019-06-28 11:42:00.000000000,BEST_ASK,"JPM,100838,375"
2019-06-28 11:42:00.000000000,LAST_TRADE,"4,$100838.0000"
2019-06-28 11:42:00.000000000,QUERY_SPREAD,79
2019-06-28 11:42:00.000000000,BEST_BID,"JPM,100587,380"
2019-06-28 11:42:00.000000000,BEST_ASK,"JPM,100838,369"
2019-06-28 11:42:00.000000000,LAST_TRADE,"6,$100838.0000"
2019-06-28 11:42:00.000000000,QUERY_SPREAD,80
2019-06-28 11:42:00.000000000,BEST_BID,"JPM,100587,380"
2019-06-28 11:42:00.000000000,BEST_ASK,"JPM,100838,364"
2019-06-28 11:42:00.000000000,LAST_TRADE,"5,$100838.0000"
2019-06-28 11:42:00.000000000,QUERY_SPREAD,81
2019-06-28 11:42:00.000000000,BEST_BID,"JPM,100587,380"
2019-06-28 11:42:00.000000000,BEST_ASK,"JPM,100838,356"
2019-06-28 11:42:00.000000000,LAST_TRADE,"8,$100838.0000"
2019-06-28 11:42:00.000000000,QUERY_SPREAD,82
2019-06-28 11:42:00.000000000,BEST_BID,"JPM,100587,380"
2019-06-28 11:42:00.000000000,BEST_ASK,"JPM,100838,348"
2019-06-28 11:42:00.000000000,LAST_TRADE,"8,$100838.0000"
2019-06-28 11:42:00.000000000,QUERY_SPREAD,83
2019-06-28 11:42:00.000000000,BEST_BID,"JPM,100587,380"
2019-06-28 11:42:00.000000000,BEST_ASK,"JPM,100838,346"
2019-06-28 11:42:00.000000000,LAST_TRADE,"2,$100838.0000"
2019-06-28 11:42:00.000000000,QUERY_SPREAD,84
2019-06-28 11:42:00.000000000,BEST_BID,"JPM,100587,380"
2019-06-28 11:42:00.000000000,BEST_ASK,"JPM,100838,345"
2019-06-28 11:42:00.000000000,LAST_TRADE,"1,$100838.0000"
2019-06-28 11:42:00.000000000,QUERY_SPREAD,85
2019-06-28 11:42:00.000000000,BEST_BID,"JPM,100587,380"
2019-06-28 11:42:00.000000000,BEST_ASK,"JPM,100838,344"
2019-06-28 11:42:00.000000000,LAST_TRADE,"1,$100838.0000"
2019-06-28 11:42:00.000000000,QUERY_SPREAD,86
2019-06-28 11:42:00.000000000,BEST_BID,"JPM,100587,380"
2019-06-28 11:42:00.000000000,BEST_ASK,"JPM,100838,338"
2019-06-28 11:42:00.000000000,LAST_TRADE,"6,$100838.0000"
2019-06-28 11:42:00.000000000,QUERY_SPREAD,87
2019-06-28 11:42:00.000000000,BEST_BID,"JPM,100587,380"
2019-06-28 11:42:00.000000000,BEST_ASK,"JPM,100838,335"
2019-06-28 11:42:00.000000000,LAST_TRADE,"3,$100838.0000"
2019-06-28 11:42:00.000000000,QUERY_SPREAD,88
2019-06-28 11:42:00.000000000,BEST_BID,"JPM,100587,380"
2019-06-28 11:42:00.000000000,BEST_ASK,"JPM,100838,331"
2019-06-28 11:42:00.000000000,LAST_TRADE,"4,$100838.0000"
2019-06-28 11:42:00.000000000,QUERY_SPREAD,89
2019-06-28 11:42:00.000000000,BEST_BID,"JPM,100587,380"
2019-06-28 11:42:00.000000000,BEST_ASK,"JPM,100838,327"
2019-06-28 11:42:00.000000000,LAST_TRADE,"4,$100838.0000"
2019-06-28 11:42:00.000000000,QUERY_SPREAD,90
2019-06-28 11:42:00.000000000,BEST_BID,"JPM,100587,380"
2019-06-28 11:42:00.000000000,BEST_ASK,"JPM,100838,320"
2019-06-28 11:42:00.000000000,LAST_TRADE,"7,$100838.0000"
2019-06-28 11:42:00.000000000,QUERY_SPREAD,91
2019-06-28 11:42:00.000000000,BEST_BID,"JPM,100587,380"
2019-06-28 11:42:00.000000000,BEST_ASK,"JPM,100838,312"
2019-06-28 11:42:00.000000000,LAST_TRADE,"8,$100838.0000"
2019-06-28 11:42:00.000000000,QUERY_SPREAD,92
2019-06-28 11:42:00.000000000,BEST_BID,"JPM,100587,380"
2019-06-28 11:42:00.000000000,BEST_ASK,"JPM,100838,307"
2019-06-28 11:42:00.000000000,LAST_TRADE,"5,$100838.0000"
2019-06-28 11:42:00.000000000,QUERY_SPREAD,93
2019-06-28 11:42:00.000000000,BEST_BID,"JPM,100587,380"
2019-06-28 11:42:00.000000000,BEST_ASK,"JPM,100838,304"
2019-06-28 11:42:00.000000000,LAST_TRADE,"3,$100838.0000"
2019-06-28 11:42:00.000000000,QUERY_SPREAD,94
2019-06-28 11:42:00.000000000,BEST_BID,"JPM,100587,380"
2019-06-28 11:42:00.000000000,BEST_ASK,"JPM,100838,300"
2019-06-28 11:42:00.000000000,LAST_TRADE,"4,$100838.0000"
2019-06-28 11:42:00.000000000,QUERY_SPREAD,95
2019-06-28 11:42:00.000000000,BEST_BID,"JPM,100587,380"
2019-06-28 11:42:00.000000000,BEST_ASK,"JPM,100838,295"
2019-06-28 11:42:00.000000000,LAST_TRADE,"5,$100838.0000"
2019-06-28 11:42:00.000000000,QUERY_SPREAD,96
2019-06-28 11:42:00.000000000,BEST_BID,"JPM,100587,380"
2019-06-28 11:42:00.000000000,BEST_ASK,"JPM,100838,294"
2019-06-28 11:42:00.000000000,LAST_TRADE,"1,$100838.0000"
2019-06-28 11:42:00.000000000,QUERY_SPREAD,97
2019-06-28 11:42:00.000000000,BEST_BID,"JPM,100587,380"
2019-06-28 11:42:00.000000000,BEST_ASK,"JPM,100838,287"
2019-06-28 11:42:00.000000000,LAST_TRADE,"7,$100838.0000"
2019-06-28 11:42:00.000000000,QUERY_SPREAD,98
2019-06-28 11:42:00.000000000,BEST_BID,"JPM,100587,380"
2019-06-28 11:42:00.000000000,BEST_ASK,"JPM,100838,281"
2019-06-28 11:42:00.000000000,LAST_TRADE,"6,$100838.0000"
2019-06-28 11:42:00.000000000,QUERY_SPREAD,99
2019-06-28 11:42:00.000000000,BEST_BID,"JPM,100587,380"
2019-06-28 11:42:00.000000000,BEST_ASK,"JPM,100838,276"
2019-06-28 11:42:00.000000000,LAST_TRADE,"5,$100838.0000"
2019-06-28 11:42:00.000000000,QUERY_SPREAD,100
2019-06-28 11:42:00.000000000,BEST_BID,"JPM,100587,380"
2019-06-28 11:42:00.000000000,BEST_ASK,"JPM,100838,269"
2019-06-28 11:42:00.000000000,LAST_TRADE,"7,$100838.0000"
2019-06-28 11:42:00.000000000,QUERY_SPREAD,101
2019-06-28 11:42:00.000000000,QUERY_ORDER_STREAM,101
2019-06-28 11:42:10.000000000,QUERY_SPREAD,1
2019-06-28 11:42:10.000000000,BEST_BID,"JPM,100587,380"
2019-06-28 11:42:10.000000000,BEST_ASK,"JPM,101057,100"
2019-06-28 11:42:10.000000000,BEST_BID,"JPM,100587,380"
2019-06-28 11:42:10.000000000,BEST_ASK,"JPM,101057,380"
2019-06-28 11:42:14.669063609,QUERY_ORDER_STREAM,73
2019-06-28 11:42:14.669063609,QUERY_SPREAD,73
2019-06-28 11:42:14.669063609,BEST_BID,"JPM,100587,380"
2019-06-28 11:42:14.669063609,BEST_ASK,"JPM,100838,100"
2019-06-28 11:42:20.000000000,QUERY_SPREAD,1
2019-06-28 11:42:20.000000000,BEST_BID,"JPM,100587,156"
2019-06-28 11:42:20.000000000,BEST_ASK,"JPM,100838,100"
2019-06-28 11:42:20.000000000,BEST_BID,"JPM,100587,156"
2019-06-28 11:42:20.000000000,BEST_ASK,"JPM,100838,100"
2019-06-28 11:42:20.000000000,BEST_BID,"JPM,100587,156"
2019-06-28 11:42:20.000000000,BEST_ASK,"JPM,100838,100"
2019-06-28 11:42:20.000000000,BEST_BID,"JPM,100587,156"
2019-06-28 11:42:20.000000000,BEST_ASK,"JPM,100838,100"
2019-06-28 11:42:20.000000000,BEST_BID,"JPM,100587,156"
2019-06-28 11:42:20.000000000,BEST_ASK,"JPM,100838,100"
2019-06-28 11:42:20.000000000,BEST_BID,"JPM,100587,156"
2019-06-28 11:42:20.000000000,BEST_ASK,"JPM,100838,156"
2019-06-28 11:42:20.000000000,BEST_BID,"JPM,100587,156"
2019-06-28 11:42:20.000000000,BEST_ASK,"JPM,100838,156"
2019-06-28 11:42:20.000000000,BEST_BID,"JPM,100587,156"
2019-06-28 11:42:20.000000000,BEST_ASK,"JPM,100838,156"
2019-06-28 11:42:20.000000000,BEST_BID,"JPM,100587,156"
2019-06-28 11:42:20.000000000,BEST_ASK,"JPM,100838,156"
2019-06-28 11:42:20.000000000,BEST_BID,"JPM,100587,156"
2019-06-28 11:42:20.000000000,BEST_ASK,"JPM,100838,156"
2019-06-28 11:42:30.000000000,QUERY_SPREAD,1
2019-06-28 11:42:30.000000000,BEST_BID,"JPM,100587,380"
2019-06-28 11:42:30.000000000,BEST_ASK,"JPM,100838,100"
2019-06-28 11:42:30.000000000,BEST_BID,"JPM,100587,380"
2019-06-28 11:42:30.000000000,BEST_ASK,"JPM,100838,380"
2019-06-28 11:42:40.000000000,QUERY_SPREAD,1
2019-06-28 11:42:40.000000000,BEST_BID,"JPM,100587,195"
2019-06-28 11:42:40.000000000,BEST_ASK,"JPM,100838,100"
2019-06-28 11:42:40.000000000,BEST_BID,"JPM,100587,195"
2019-06-28 11:42:40.000000000,BEST_ASK,"JPM,100838,100"
2019-06-28 11:42:40.000000000,BEST_BID,"JPM,100587,195"
2019-06-28 11:42:40.000000000,BEST_ASK,"JPM,100838,100"
2019-06-28 11:42:40.000000000,BEST_BID,"JPM,100587,195"
2019-06-28 11:42:40.000000000,BEST_ASK,"JPM,100838,195"
2019-06-28 11:42:40.000000000,BEST_BID,"JPM,100587,195"
2019-06-28 11:42:40.000000000,BEST_ASK,"JPM,100838,195"
2019-06-28 11:42:40.000000000,BEST_BID,"JPM,100587,195"
2019-06-28 11:42:40.000000000,BEST_ASK,"JPM,100838,195"
2019-06-28 11:42:50.000000000,QUERY_SPREAD,1
2019-06-28 11:42:50.000000000,BEST_BID,"JPM,100587,170"
2019-06-28 11:42:50.000000000,BEST_ASK,"JPM,100838,100"
2019-06-28 11:42:50.000000000,BEST_BID,"JPM,100587,170"
2019-06-28 11:42:50.000000000,BEST_ASK,"JPM,100838,100"
2019-06-28 11:42:50.000000000,BEST_BID,"JPM,100587,170"
2019-06-28 11:42:50.000000000,BEST_ASK,"JPM,100838,100"
2019-06-28 11:42:50.000000000,BEST_BID,"JPM,100587,170"
2019-06-28 11:42:50.000000000,BEST_ASK,"JPM,100838,100"
2019-06-28 11:42:50.000000000,BEST_BID,"JPM,100587,170"
2019-06-28 11:42:50.000000000,BEST_ASK,"JPM,100838,170"
2019-06-28 11:42:50.000000000,BEST_BID,"JPM,100587,170"
2019-06-28 11:42:50.000000000,BEST_ASK,"JPM,100838,170"
2019-06-28 11:42:50.000000000,BEST_BID,"JPM,100587,170"
2019-06-28 11:42:50.000000000,BEST_ASK,"JPM,100838,170"
2019-06-28 11:42:50.000000000,BEST_BID,"JPM,100587,170"
2019-06-28 11:42:50.000000000,BEST_ASK,"JPM,100838,170"
2019-06-28 11:43:00.000000000,QUERY_SPREAD,1
2019-06-28 11:43:00.000000000,BEST_BID,"JPM,100587,170"
2019-06-28 11:43:00.000000000,BEST_ASK,"JPM,100838,100"
2019-06-28 11:43:00.000000000,BEST_BID,"JPM,100587,170"
2019-06-28 11:43:00.000000000,BEST_ASK,"JPM,100838,100"
2019-06-28 11:43:00.000000000,BEST_BID,"JPM,100587,170"
2019-06-28 11:43:00.000000000,BEST_ASK,"JPM,100838,100"
2019-06-28 11:43:00.000000000,BEST_BID,"JPM,100587,170"
2019-06-28 11:43:00.000000000,BEST_ASK,"JPM,100838,100"
2019-06-28 11:43:00.000000000,BEST_BID,"JPM,100587,170"
2019-06-28 11:43:00.000000000,BEST_ASK,"JPM,100838,170"
2019-06-28 11:43:00.000000000,BEST_BID,"JPM,100587,170"
2019-06-28 11:43:00.000000000,BEST_ASK,"JPM,100838,170"
2019-06-28 11:43:00.000000000,BEST_BID,"JPM,100587,170"
2019-06-28 11:43:00.000000000,BEST_ASK,"JPM,100838,170"
2019-06-28 11:43:00.000000000,BEST_BID,"JPM,100587,170"
2019-06-28 11:43:00.000000000,BEST_ASK,"JPM,100838,170"
2019-06-28 11:43:00.000000000,QUERY_SPREAD,77
2019-06-28 11:43:00.000000000,BEST_BID,"JPM,100587,170"
2019-06-28 11:43:00.000000000,BEST_ASK,"JPM,100838,169"
2019-06-28 11:43:00.000000000,LAST_TRADE,"1,$100838.0000"
2019-06-28 11:43:00.000000000,QUERY_SPREAD,78
2019-06-28 11:43:00.000000000,BEST_BID,"JPM,100587,170"
2019-06-28 11:43:00.000000000,BEST_ASK,"JPM,100838,165"
2019-06-28 11:43:00.000000000,LAST_TRADE,"4,$100838.0000"
2019-06-28 11:43:00.000000000,QUERY_SPREAD,79
2019-06-28 11:43:00.000000000,BEST_BID,"JPM,100587,170"
2019-06-28 11:43:00.000000000,BEST_ASK,"JPM,100838,159"
2019-06-28 11:43:00.000000000,LAST_TRADE,"6,$100838.0000"
2019-06-28 11:43:00.000000000,QUERY_SPREAD,80
2019-06-28 11:43:00.000000000,BEST_BID,"JPM,100587,170"
2019-06-28 11:43:00.000000000,BEST_ASK,"JPM,100838,154"
2019-06-28 11:43:00.000000000,LAST_TRADE,"5,$100838.0000"
2019-06-28 11:43:00.000000000,QUERY_SPREAD,81
2019-06-28 11:43:00.000000000,BEST_BID,"JPM,100587,170"
2019-06-28 11:43:00.000000000,BEST_ASK,"JPM,100838,146"
2019-06-28 11:43:00.000000000,LAST_TRADE,"8,$100838.0000"
2019-06-28 11:43:00.000000000,QUERY_SPREAD,82
2019-06-28 11:43:00.000000000,BEST_BID,"JPM,100587,170"
2019-06-28 11:43:00.000000000,BEST_ASK,"JPM,100838,138"
2019-06-28 11:43:00.000000000,LAST_TRADE,"8,$100838.0000"
2019-06-28 11:43:00.000000000,QUERY_SPREAD,83
2019-06-28 11:43:00.000000000,BEST_BID,"JPM,100587,170"
2019-06-28 11:43:00.000000000,BEST_ASK,"JPM,100838,136"
2019-06-28 11:43:00.000000000,LAST_TRADE,"2,$100838.0000"
2019-06-28 11:43:00.000000000,QUERY_SPREAD,84
2019-06-28 11:43:00.000000000,BEST_BID,"JPM,100587,170"
2019-06-28 11:43:00.000000000,BEST_ASK,"JPM,100838,135"
2019-06-28 11:43:00.000000000,LAST_TRADE,"1,$100838.0000"
2019-06-28 11:43:00.000000000,QUERY_SPREAD,85
2019-06-28 11:43:00.000000000,BEST_BID,"JPM,100587,170"
2019-06-28 11:43:00.000000000,BEST_ASK,"JPM,100838,134"
2019-06-28 11:43:00.000000000,LAST_TRADE,"1,$100838.0000"
2019-06-28 11:43:00.000000000,QUERY_SPREAD,86
2019-06-28 11:43:00.000000000,BEST_BID,"JPM,100587,170"
2019-06-28 11:43:00.000000000,BEST_ASK,"JPM,100838,128"
2019-06-28 11:43:00.000000000,LAST_TRADE,"6,$100838.0000"
2019-06-28 11:43:00.000000000,QUERY_SPREAD,87
2019-06-28 11:43:00.000000000,BEST_BID,"JPM,100587,170"
2019-06-28 11:43:00.000000000,BEST_ASK,"JPM,100838,125"
2019-06-28 11:43:00.000000000,LAST_TRADE,"3,$100838.0000"
2019-06-28 11:43:00.000000000,QUERY_SPREAD,88
2019-06-28 11:43:00.000000000,BEST_BID,"JPM,100587,170"
2019-06-28 11:43:00.000000000,BEST_ASK,"JPM,100838,121"
2019-06-28 11:43:00.000000000,LAST_TRADE,"4,$100838.0000"
2019-06-28 11:43:00.000000000,QUERY_SPREAD,89
2019-06-28 11:43:00.000000000,BEST_BID,"JPM,100587,170"
2019-06-28 11:43:00.000000000,BEST_ASK,"JPM,100838,117"
2019-06-28 11:43:00.000000000,LAST_TRADE,"4,$100838.0000"
2019-06-28 11:43:00.000000000,QUERY_SPREAD,90
2019-06-28 11:43:00.000000000,BEST_BID,"JPM,100587,170"
2019-06-28 11:43:00.000000000,BEST_ASK,"JPM,100838,110"
2019-06-28 11:43:00.000000000,LAST_TRADE,"7,$100838.0000"
2019-06-28 11:43:00.000000000,QUERY_SPREAD,91
2019-06-28 11:43:00.000000000,BEST_BID,"JPM,100587,170"
2019-06-28 11:43:00.000000000,BEST_ASK,"JPM,100838,102"
2019-06-28 11:43:00.000000000,LAST_TRADE,"8,$100838.0000"
2019-06-28 11:43:00.000000000,QUERY_SPREAD,92
2019-06-28 11:43:00.000000000,BEST_BID,"JPM,100587,170"
2019-06-28 11:43:00.000000000,BEST_ASK,"JPM,100838,97"
2019-06-28 11:43:00.000000000,LAST_TRADE,"5,$100838.0000"
2019-06-28 11:43:00.000000000,QUERY_SPREAD,93
2019-06-28 11:43:00.000000000,BEST_BID,"JPM,100587,170"
2019-06-28 11:43:00.000000000,BEST_ASK,"JPM,100838,94"
2019-06-28 11:43:00.000000000,LAST_TRADE,"3,$100838.0000"
2019-06-28 11:43:00.000000000,QUERY_SPREAD,94
2019-06-28 11:43:00.000000000,BEST_BID,"JPM,100587,170"
2019-06-28 11:43:00.000000000,BEST_ASK,"JPM,100838,90"
2019-06-28 11:43:00.000000000,LAST_TRADE,"4,$100838.0000"
2019-06-28 11:43:00.000000000,QUERY_SPREAD,95
2019-06-28 11:43:00.000000000,BEST_BID,"JPM,100587,170"
2019-06-28 11:43:00.000000000,BEST_ASK,"JPM,100838,85"
2019-06-28 11:43:00.000000000,LAST_TRADE,"5,$100838.0000"
2019-06-28 11:43:00.000000000,QUERY_SPREAD,96
2019-06-28 11:43:00.000000000,BEST_BID,"JPM,100587,170"
2019-06-28 11:43:00.000000000,BEST_ASK,"JPM,100838,84"
2019-06-28 11:43:00.000000000,LAST_TRADE,"1,$100838.0000"
2019-06-28 11:43:00.000000000,QUERY_SPREAD,97
2019-06-28 11:43:00.000000000,BEST_BID,"JPM,100587,170"
2019-06-28 11:43:00.000000000,BEST_ASK,"JPM,100838,77"
2019-06-28 11:43:00.000000000,LAST_TRADE,"7,$100838.0000"
2019-06-28 11:43:00.000000000,QUERY_SPREAD,98
2019-06-28 11:43:00.000000000,BEST_BID,"JPM,100587,170"
2019-06-28 11:43:00.000000000,BEST_ASK,"JPM,100838,71"
2019-06-28 11:43:00.000000000,LAST_TRADE,"6,$100838.0000"
2019-06-28 11:43:00.000000000,QUERY_SPREAD,99
2019-06-28 11:43:00.000000000,BEST_BID,"JPM,100587,170"
2019-06-28 11:43:00.000000000,BEST_ASK,"JPM,100838,66"
2019-06-28 11:43:00.000000000,LAST_TRADE,"5,$100838.0000"
2019-06-28 11:43:00.000000000,QUERY_SPREAD,100
2019-06-28 11:43:00.000000000,BEST_BID,"JPM,100587,170"
2019-06-28 11:43:00.000000000,BEST_ASK,"JPM,100838,59"
2019-06-28 11:43:00.000000000,LAST_TRADE,"7,$100838.0000"
2019-06-28 11:43:00.000000000,QUERY_SPREAD,101
2019-06-28 11:43:00.000000000,QUERY_ORDER_STREAM,101
2019-06-28 11:43:04.918478204,QUERY_SPREAD,21
2019-06-28 11:43:04.918478204,BEST_BID,"JPM,100838,41"
2019-06-28 11:43:04.918478204,BEST_ASK,"JPM,101057,170"
2019-06-28 11:43:04.918478204,LAST_TRADE,"59,$100838.0000"
2019-06-28 11:43:10.000000000,QUERY_SPREAD,1
2019-06-28 11:43:10.000000000,BEST_BID,"JPM,100838,181"
2019-06-28 11:43:10.000000000,BEST_ASK,"JPM,101057,100"
2019-06-28 11:43:10.000000000,BEST_BID,"JPM,100838,181"
2019-06-28 11:43:10.000000000,BEST_ASK,"JPM,101057,100"
2019-06-28 11:43:10.000000000,BEST_BID,"JPM,100838,181"
2019-06-28 11:43:10.000000000,BEST_ASK,"JPM,101057,240"
2019-06-28 11:43:10.000000000,BEST_BID,"JPM,100838,181"
2019-06-28 11:43:10.000000000,BEST_ASK,"JPM,101057,240"
2019-06-28 11:43:20.000000000,QUERY_SPREAD,1
2019-06-28 11:43:20.000000000,BEST_BID,"JPM,100838,97"
2019-06-28 11:43:20.000000000,BEST_ASK,"JPM,101057,100"
2019-06-28 11:43:20.000000000,BEST_BID,"JPM,100838,97"
2019-06-28 11:43:20.000000000,BEST_ASK,"JPM,101057,100"
2019-06-28 11:43:20.000000000,BEST_BID,"JPM,100838,97"
2019-06-28 11:43:20.000000000,BEST_ASK,"JPM,101057,100"
2019-06-28 11:43:20.000000000,BEST_BID,"JPM,100838,97"
2019-06-28 11:43:20.000000000,BEST_ASK,"JPM,101057,100"
2019-06-28 11:43:20.000000000,BEST_BID,"JPM,100838,97"
2019-06-28 11:43:20.000000000,BEST_ASK,"JPM,101057,100"
2019-06-28 11:43:20.000000000,BEST_BID,"JPM,100838,97"
2019-06-28 11:43:20.000000000,BEST_ASK,"JPM,101057,156"
2019-06-28 11:43:20.000000000,BEST_BID,"JPM,100838,97"
2019-06-28 11:43:20.000000000,BEST_ASK,"JPM,101057,156"
2019-06-28 11:43:20.000000000,BEST_BID,"JPM,100838,97"
2019-06-28 11:43:20.000000000,BEST_ASK,"JPM,101057,156"
2019-06-28 11:43:20.000000000,BEST_BID,"JPM,100838,97"
2019-06-28 11:43:20.000000000,BEST_ASK,"JPM,101057,156"
2019-06-28 11:43:20.000000000,BEST_BID,"JPM,100838,97"
2019-06-28 11:43:20.000000000,BEST_ASK,"JPM,101057,156"
2019-06-28 11:43:23.367836292,QUERY_SPREAD,40
2019-06-28 11:43:23.367836292,BEST_BID,"JPM,100838,97"
2019-06-28 11:43:23.367836292,BEST_ASK,"JPM,101030,100"
2019-06-28 11:43:30.000000000,QUERY_SPREAD,1
2019-06-28 11:43:30.000000000,BEST_BID,"JPM,100838,181"
2019-06-28 11:43:30.000000000,BEST_ASK,"JPM,101030,100"
2019-06-28 11:43:30.000000000,BEST_BID,"JPM,100838,181"
2019-06-28 11:43:30.000000000,BEST_ASK,"JPM,101030,100"
2019-06-28 11:43:30.000000000,BEST_BID,"JPM,100838,181"
2019-06-28 11:43:30.000000000,BEST_ASK,"JPM,101030,240"
2019-06-28 11:43:30.000000000,BEST_BID,"JPM,100838,181"
2019-06-28 11:43:30.000000000,BEST_ASK,"JPM,101030,240"
2019-06-28 11:43:30.253113061,QUERY_SPREAD,38
2019-06-28 11:43:30.253113061,BEST_BID,"JPM,100838,181"
2019-06-28 11:43:30.253113061,BEST_ASK,"JPM,100904,100"
2019-06-28 11:43:40.000000000,QUERY_SPREAD,1
2019-06-28 11:43:40.000000000,BEST_BID,"JPM,100838,321"
2019-06-28 11:43:40.000000000,BEST_ASK,"JPM,100904,100"
2019-06-28 11:43:40.000000000,BEST_BID,"JPM,100838,321"
2019-06-28 11:43:40.000000000,BEST_ASK,"JPM,100904,380"
2019-06-28 11:43:40.137538304,QUERY_ORDER_STREAM,66
2019-06-28 11:43:40.137538304,QUERY_SPREAD,66
2019-06-28 11:43:40.137538304,BEST_BID,"JPM,100838,221"
2019-06-28 11:43:40.137538304,BEST_ASK,"JPM,100904,380"
2019-06-28 11:43:40.137538304,LAST_TRADE,"100,$100838.0000"
2019-06-28 11:43:45.067069053,QUERY_SPREAD,47
2019-06-28 11:43:45.067069053,BEST_BID,"JPM,100838,221"
2019-06-28 11:43:45.067069053,BEST_ASK,"JPM,100904,380"
2019-06-28 11:43:50.000000000,QUERY_SPREAD,1
2019-06-28 11:43:50.000000000,BEST_BID,"JPM,100722,156"
2019-06-28 11:43:50.000000000,BEST_ASK,"JPM,100904,100"
2019-06-28 11:43:50.000000000,BEST_BID,"JPM,100722,156"
2019-06-28 11:43:50.000000000,BEST_ASK,"JPM,100904,100"
2019-06-28 11:43:50.000000000,BEST_BID,"JPM,100722,156"
2019-06-28 11:43:50.000000000,BEST_ASK,"JPM,100904,100"
2019-06-28 11:43:50.000000000,BEST_BID,"JPM,100722,156"
2019-06-28 11:43:50.000000000,BEST_ASK,"JPM,100904,100"
2019-06-28 11:43:50.000000000,BEST_BID,"JPM,100722,156"
2019-06-28 11:43:50.000000000,BEST_ASK,"JPM,100904,100"
2019-06-28 11:43:50.000000000,BEST_BID,"JPM,100722,156"
2019-06-28 11:43:50.000000000,BEST_ASK,"JPM,100904,156"
2019-06-28 11:43:50.000000000,BEST_BID,"JPM,100722,156"
2019-06-28 11:43:50.000000000,BEST_ASK,"JPM,100904,156"
2019-06-28 11:43:50.000000000,BEST_BID,"JPM,100722,156"
2019-06-28 11:43:50.000000000,BEST_ASK,"JPM,100904,156"
2019-06-28 11:43:50.000000000,BEST_BID,"JPM,100722,156"
2019-06-28 11:43:50.000000000,BEST_ASK,"JPM,100904,156"
2019-06-28 11:43:50.000000000,BEST_BID,"JPM,100722,156"
2019-06-28 11:43:50.000000000,BEST_ASK,"JPM,100904,156"
2019-06-28 11:43:50.456432915,QUERY_SPREAD,28
2019-06-28 11:43:50.456432915,BEST_BID,"JPM,100722,156"
2019-06-28 11:43:50.456432915,BEST_ASK,"JPM,100904,156"
2019-06-28 11:43:54.875875530,QUERY_SPREAD,26
2019-06-28 11:43:54.875875530,BEST_BID,"JPM,100874,100"
2019-06-28 11:43:54.875875530,BEST_ASK,"JPM,100904,156"
2019-06-28 11:44:00.000000000,QUERY_SPREAD,1
2019-06-28 11:44:00.000000000,BEST_BID,"JPM,100874,240"
2019-06-28 11:44:00.000000000,BEST_ASK,"JPM,100904,100"
2019-06-28 11:44:00.000000000,BEST_BID,"JPM,100874,240"
2019-06-28 11:44:00.000000000,BEST_ASK,"JPM,100904,100"
2019-06-28 11:44:00.000000000,BEST_BID,"JPM,100874,240"
2019-06-28 11:44:00.000000000,BEST_ASK,"JPM,100904,240"
2019-06-28 11:44:00.000000000,BEST_BID,"JPM,100874,240"
2019-06-28 11:44:00.000000000,BEST_ASK,"JPM,100904,240"
2019-06-28 11:44:00.000000000,QUERY_SPREAD,77
2019-06-28 11:44:00.000000000,BEST_BID,"JPM,100874,240"
2019-06-28 11:44:00.000000000,BEST_ASK,"JPM,100904,239"
2019-06-28 11:44:00.000000000,LAST_TRADE,"1,$100904.0000"
2019-06-28 11:44:00.000000000,QUERY_SPREAD,78
2019-06-28 11:44:00.000000000,BEST_BID,"JPM,100874,240"
2019-06-28 11:44:00.000000000,BEST_ASK,"JPM,100904,235"
2019-06-28 11:44:00.000000000,LAST_TRADE,"4,$100904.0000"
2019-06-28 11:44:00.000000000,QUERY_SPREAD,79
2019-06-28 11:44:00.000000000,BEST_BID,"JPM,100874,240"
2019-06-28 11:44:00.000000000,BEST_ASK,"JPM,100904,229"
2019-06-28 11:44:00.000000000,LAST_TRADE,"6,$100904.0000"
2019-06-28 11:44:00.000000000,QUERY_SPREAD,80
2019-06-28 11:44:00.000000000,BEST_BID,"JPM,100874,240"
2019-06-28 11:44:00.000000000,BEST_ASK,"JPM,100904,224"
2019-06-28 11:44:00.000000000,LAST_TRADE,"5,$100904.0000"
2019-06-28 11:44:00.000000000,QUERY_SPREAD,81
2019-06-28 11:44:00.000000000,BEST_BID,"JPM,100874,240"
2019-06-28 11:44:00.000000000,BEST_ASK,"JPM,100904,216"
2019-06-28 11:44:00.000000000,LAST_TRADE,"8,$100904.0000"
2019-06-28 11:44:00.000000000,QUERY_SPREAD,82
2019-06-28 11:44:00.000000000,BEST_BID,"JPM,100874,240"
2019-06-28 11:44:00.000000000,BEST_ASK,"JPM,100904,208"
2019-06-28 11:44:00.000000000,LAST_TRADE,"8,$100904.0000"
2019-06-28 11:44:00.000000000,QUERY_SPREAD,83
2019-06-28 11:44:00.000000000,BEST_BID,"JPM,100874,240"
2019-06-28 11:44:00.000000000,BEST_ASK,"JPM,100904,206"
2019-06-28 11:44:00.000000000,LAST_TRADE,"2,$100904.0000"
2019-06-28 11:44:00.000000000,QUERY_SPREAD,84
2019-06-28 11:44:00.000000000,BEST_BID,"JPM,100874,240"
2019-06-28 11:44:00.000000000,BEST_ASK,"JPM,100904,205"
2019-06-28 11:44:00.000000000,LAST_TRADE,"1,$100904.0000"
2019-06-28 11:44:00.000000000,QUERY_SPREAD,85
2019-06-28 11:44:00.000000000,BEST_BID,"JPM,100874,240"
2019-06-28 11:44:00.000000000,BEST_ASK,"JPM,100904,204"
2019-06-28 11:44:00.000000000,LAST_TRADE,"1,$100904.0000"
2019-06-28 11:44:00.000000000,QUERY_SPREAD,86
2019-06-28 11:44:00.000000000,BEST_BID,"JPM,100874,240"
2019-06-28 11:44:00.000000000,BEST_ASK,"JPM,100904,198"
2019-06-28 11:44:00.000000000,LAST_TRADE,"6,$100904.0000"
2019-06-28 11:44:00.000000000,QUERY_SPREAD,87
2019-06-28 11:44:00.000000000,BEST_BID,"JPM,100874,240"
2019-06-28 11:44:00.000000000,BEST_ASK,"JPM,100904,195"
2019-06-28 11:44:00.000000000,LAST_TRADE,"3,$100904.0000"
2019-06-28 11:44:00.000000000,QUERY_SPREAD,88
2019-06-28 11:44:00.000000000,BEST_BID,"JPM,100874,240"
2019-06-28 11:44:00.000000000,BEST_ASK,"JPM,100904,191"
2019-06-28 11:44:00.000000000,LAST_TRADE,"4,$100904.0000"
2019-06-28 11:44:00.000000000,QUERY_SPREAD,89
2019-06-28 11:44:00.000000000,BEST_BID,"JPM,100874,240"
2019-06-28 11:44:00.000000000,BEST_ASK,"JPM,100904,187"
2019-06-28 11:44:00.000000000,LAST_TRADE,"4,$100904.0000"
2019-06-28 11:44:00.000000000,QUERY_SPREAD,90
2019-06-28 11:44:00.000000000,BEST_BID,"JPM,100874,240"
2019-06-28 11:44:00.000000000,BEST_ASK,"JPM,100904,180"
2019-06-28 11:44:00.000000000,LAST_TRADE,"7,$100904.0000"
2019-06-28 11:44:00.000000000,QUERY_SPREAD,91
2019-06-28 11:44:00.000000000,BEST_BID,"JPM,100874,240"
2019-06-28 11:44:00.000000000,BEST_ASK,"JPM,100904,172"
2019-06-28 11:44:00.000000000,LAST_TRADE,"8,$100904.0000"
2019-06-28 11:44:00.000000000,QUERY_SPREAD,92
2019-06-28 11:44:00.000000000,BEST_BID,"JPM,100874,240"
2019-06-28 11:44:00.000000000,BEST_ASK,"JPM,100904,167"
2019-06-28 11:44:00.000000000,LAST_TRADE,"5,$100904.0000"
2019-06-28 11:44:00.000000000,QUERY_SPREAD,93
2019-06-28 11:44:00.000000000,BEST_BID,"JPM,100874,240"
2019-06-28 11:44:00.000000000,BEST_ASK,"JPM,100904,164"
2019-06-28 11:44:00.000000000,LAST_TRADE,"3,$100904.0000"
2019-06-28 11:44:00.000000000,QUERY_SPREAD,94
2019-06-28 11:44:00.000000000,BEST_BID,"JPM,100874,240"
2019-06-28 11:44:00.000000000,BEST_ASK,"JPM,100904,160"
2019-06-28 11:44:00.000000000,LAST_TRADE,"4,$100904.0000"
2019-06-28 11:44:00.000000000,QUERY_SPREAD,95
2019-06-28 11:44:00.000000000,BEST_BID,"JPM,100874,240"
2019-06-28 11:44:00.000000000,BEST_ASK,"JPM,100904,155"
2019-06-28 11:44:00.000000000,LAST_TRADE,"5,$100904.0000"
2019-06-28 11:44:00.000000000,QUERY_SPREAD,96
2019-06-28 11:44:00.000000000,BEST_BID,"JPM,100874,240"
2019-06-28 11:44:00.000000000,BEST_ASK,"JPM,100904,154"
2019-06-28 11:44:00.000000000,LAST_TRADE,"1,$100904.0000"
2019-06-28 11:44:00.000000000,QUERY_SPREAD,97
2019-06-28 11:44:00.000000000,BEST_BID,"JPM,100874,240"
2019-06-28 11:44:00.000000000,BEST_ASK,"JPM,100904,147"
2019-06-28 11:44:00.000000000,LAST_TRADE,"7,$100904.0000"
2019-06-28 11:44:00.000000000,QUERY_SPREAD,98
2019-06-28 11:44:00.000000000,BEST_BID,"JPM,100874,240"
2019-06-28 11:44:00.000000000,BEST_ASK,"JPM,100904,141"
2019-06-28 11:44:00.000000000,LAST_TRADE,"6,$100904.0000"
2019-06-28 11:44:00.000000000,QUERY_SPREAD,99
2019-06-28 11:44:00.000000000,BEST_BID,"JPM,100874,240"
2019-06-28 11:44:00.000000000,BEST_ASK,"JPM,100904,136"
2019-06-28 11:44:00.000000000,LAST_TRADE,"5,$100904.0000"
2019-06-28 11:44:00.000000000,QUERY_SPREAD,100
2019-06-28 11:44:00.000000000,BEST_BID,"JPM,100874,240"
2019-06-28 11:44:00.000000000,BEST_ASK,"JPM,100904,129"
2019-06-28 11:44:00.000000000,LAST_TRADE,"7,$100904.0000"
2019-06-28 11:44:00.000000000,QUERY_SPREAD,101
2019-06-28 11:44:00.000000000,QUERY_ORDER_STREAM,101
2019-06-28 11:44:10.000000000,QUERY_SPREAD,1
2019-06-28 11:44:10.000000000,BEST_BID,"JPM,100874,195"
2019-06-28 11:44:10.000000000,BEST_ASK,"JPM,101030,100"
2019-06-28 11:44:10.000000000,BEST_BID,"JPM,100874,195"
2019-06-28 11:44:10.000000000,BEST_ASK,"JPM,101030,100"
2019-06-28 11:44:10.000000000,BEST_BID,"JPM,100874,195"
2019-06-28 11:44:10.000000000,BEST_ASK,"JPM,101030,100"
2019-06-28 11:44:10.000000000,BEST_BID,"JPM,100874,195"
2019-06-28 11:44:10.000000000,BEST_ASK,"JPM,101030,195"
2019-06-28 11:44:10.000000000,BEST_BID,"JPM,100874,195"
2019-06-28 11:44:10.000000000,BEST_ASK,"JPM,101030,195"
2019-06-28 11:44:10.000000000,BEST_BID,"JPM,100874,195"
2019-06-28 11:44:10.000000000,BEST_ASK,"JPM,101030,195"
2019-06-28 11:44:10.110108118,QUERY_SPREAD,42
2019-06-28 11:44:10.110108118,BEST_BID,"JPM,100874,195"
2019-06-28 11:44:10.110108118,BEST_ASK,"JPM,101030,195"
2019-06-28 11:44:18.856928140,QUERY_ORDER_STREAM,63
2019-06-28 11:44:18.856928140,QUERY_SPREAD,63
2019-06-28 11:44:18.856928140,BEST_BID,"JPM,100904,100"
2019-06-28 11:44:18.856928140,BEST_ASK,"JPM,101030,195"
2019-06-28 11:44:20.000000000,QUERY_SPREAD,1
2019-06-28 11:44:20.000000000,BEST_BID,"JPM,100904,240"
2019-06-28 11:44:20.000000000,BEST_ASK,"JPM,101030,100"
2019-06-28 11:44:20.000000000,BEST_BID,"JPM,100904,240"
2019-06-28 11:44:20.000000000,BEST_ASK,"JPM,101030,100"
2019-06-28 11:44:20.000000000,BEST_BID,"JPM,100904,240"
2019-06-28 11:44:20.000000000,BEST_ASK,"JPM,101030,240"
2019-06-28 11:44:20.000000000,BEST_BID,"JPM,100904,240"
2019-06-28 11:44:20.000000000,BEST_ASK,"JPM,101030,240"
2019-06-28 11:44:28.470157046,QUERY_SPREAD,44
2019-06-28 11:44:28.470157046,BEST_BID,"JPM,100904,240"
2019-06-28 11:44:28.470157046,BEST_ASK,"JPM,101030,240"
2019-06-28 11:44:30.000000000,QUERY_SPREAD,1
2019-06-28 11:44:30.000000000,BEST_BID,"JPM,100904,195"
2019-06-28 11:44:30.000000000,BEST_ASK,"JPM,101030,100"
2019-06-28 11:44:30.000000000,BEST_BID,"JPM,100904,195"
2019-06-28 11:44:30.000000000,BEST_ASK,"JPM,101030,100"
2019-06-28 11:44:30.000000000,BEST_BID,"JPM,100904,195"
2019-06-28 11:44:30.000000000,BEST_ASK,"JPM,101030,100"
2019-06-28 11:44:30.000000000,BEST_BID,"JPM,100904,195"
2019-06-28 11:44:30.000000000,BEST_ASK,"JPM,101030,195"
2019-06-28 11:44:30.000000000,BEST_BID,"JPM,100904,195"
2019-06-28 11:44:30.000000000,BEST_ASK,"JPM,101030,195"
2019-06-28 11:44:30.000000000,BEST_BID,"JPM,100904,195"
2019-06-28 11:44:30.000000000,BEST_ASK,"JPM,101030,195"
2019-06-28 11:44:30.668336180,QUERY_ORDER_STREAM,62
2019-06-28 11:44:30.668336180,QUERY_SPREAD,62
2019-06-28 11:44:40.000000000,QUERY_SPREAD,1
2019-06-28 11:44:40.000000000,BEST_BID,"JPM,100904,195"
2019-06-28 11:44:40.000000000,BEST_ASK,"JPM,101030,100"
2019-06-28 11:44:40.000000000,BEST_BID,"JPM,100904,195"
2019-06-28 11:44:40.000000000,BEST_ASK,"JPM,101030,100"
2019-06-28 11:44:40.000000000,BEST_BID,"JPM,100904,195"
2019-06-28 11:44:40.000000000,BEST_ASK,"JPM,101030,100"
2019-06-28 11:44:40.000000000,BEST_BID,"JPM,100904,195"
2019-06-28 11:44:40.000000000,BEST_ASK,"JPM,101030,195"
2019-06-28 11:44:40.000000000,BEST_BID,"JPM,100904,195"
2019-06-28 11:44:40.000000000,BEST_ASK,"JPM,101030,195"
2019-06-28 11:44:40.000000000,BEST_BID,"JPM,100904,195"
2019-06-28 11:44:40.000000000,BEST_ASK,"JPM,101030,195"
2019-06-28 11:44:47.338893194,QUERY_SPREAD,45
2019-06-28 11:44:47.338893194,BEST_BID,"JPM,100904,195"
2019-06-28 11:44:47.338893194,BEST_ASK,"JPM,101030,195"
2019-06-28 11:44:50.000000000,QUERY_SPREAD,1
2019-06-28 11:44:50.000000000,BEST_BID,"JPM,100904,240"
2019-06-28 11:44:50.000000000,BEST_ASK,"JPM,101030,100"
2019-06-28 11:44:50.000000000,BEST_BID,"JPM,100904,240"
2019-06-28 11:44:50.000000000,BEST_ASK,"JPM,101030,100"
2019-06-28 11:44:50.000000000,BEST_BID,"JPM,100904,240"
2019-06-28 11:44:50.000000000,BEST_ASK,"JPM,101030,240"
2019-06-28 11:44:50.000000000,BEST_BID,"JPM,100904,240"
2019-06-28 11:44:50.000000000,BEST_ASK,"JPM,101030,240"
2019-06-28 11:44:52.685960834,QUERY_SPREAD,24
2019-06-28 11:44:52.685960834,BEST_BID,"JPM,100904,240"
2019-06-28 11:44:52.685960834,BEST_ASK,"JPM,101013,100"
2019-06-28 11:45:00.000000000,QUERY_SPREAD,1
2019-06-28 11:45:00.000000000,BEST_BID,"JPM,100904,240"
2019-06-28 11:45:00.000000000,BEST_ASK,"JPM,101013,100"
2019-06-28 11:45:00.000000000,BEST_BID,"JPM,100904,240"
2019-06-28 11:45:00.000000000,BEST_ASK,"JPM,101013,100"
2019-06-28 11:45:00.000000000,BEST_BID,"JPM,100904,240"
2019-06-28 11:45:00.000000000,BEST_ASK,"JPM,101013,240"
2019-06-28 11:45:00.000000000,BEST_BID,"JPM,100904,240"
2019-06-28 11:45:00.000000000,BEST_ASK,"JPM,101013,240"
2019-06-28 11:45:00.000000000,QUERY_SPREAD,77
2019-06-28 11:45:00.000000000,BEST_BID,"JPM,100904,240"
2019-06-28 11:45:00.000000000,BEST_ASK,"JPM,101013,239"
2019-06-28 11:45:00.000000000,LAST_TRADE,"1,$101013.0000"
2019-06-28 11:45:00.000000000,QUERY_SPREAD,78
2019-06-28 11:45:00.000000000,BEST_BID,"JPM,100904,240"
2019-06-28 11:45:00.000000000,BEST_ASK,"JPM,101013,235"
2019-06-28 11:45:00.000000000,LAST_TRADE,"4,$101013.0000"
2019-06-28 11:45:00.000000000,QUERY_SPREAD,79
2019-06-28 11:45:00.000000000,BEST_BID,"JPM,100904,240"
2019-06-28 11:45:00.000000000,BEST_ASK,"JPM,101013,229"
2019-06-28 11:45:00.000000000,LAST_TRADE,"6,$101013.0000"
2019-06-28 11:45:00.000000000,QUERY_SPREAD,80
2019-06-28 11:45:00.000000000,BEST_BID,"JPM,100904,240"
2019-06-28 11:45:00.000000000,BEST_ASK,"JPM,101013,224"
2019-06-28 11:45:00.000000000,LAST_TRADE,"5,$101013.0000"
2019-06-28 11:45:00.000000000,QUERY_SPREAD,81
2019-06-28 11:45:00.000000000,BEST_BID,"JPM,100904,240"
2019-06-28 11:45:00.000000000,BEST_ASK,"JPM,101013,216"
2019-06-28 11:45:00.000000000,LAST_TRADE,"8,$101013.0000"
2019-06-28 11:45:00.000000000,QUERY_SPREAD,82
2019-06-28 11:45:00.000000000,BEST_BID,"JPM,100904,240"
2019-06-28 11:45:00.000000000,BEST_ASK,"JPM,101013,208"
2019-06-28 11:45:00.000000000,LAST_TRADE,"8,$101013.0000"
2019-06-28 11:45:00.000000000,QUERY_SPREAD,83
2019-06-28 11:45:00.000000000,BEST_BID,"JPM,100904,240"
2019-06-28 11:45:00.000000000,BEST_ASK,"JPM,101013,206"
2019-06-28 11:45:00.000000000,LAST_TRADE,"2,$101013.0000"
2019-06-28 11:45:00.000000000,QUERY_SPREAD,84
2019-06-28 11:45:00.000000000,BEST_BID,"JPM,100904,240"
2019-06-28 11:45:00.000000000,BEST_ASK,"JPM,101013,205"
2019-06-28 11:45:00.000000000,LAST_TRADE,"1,$101013.0000"
2019-06-28 11:45:00.000000000,QUERY_SPREAD,85
2019-06-28 11:45:00.000000000,BEST_BID,"JPM,100904,240"
2019-06-28 11:45:00.000000000,BEST_ASK,"JPM,101013,204"
2019-06-28 11:45:00.000000000,LAST_TRADE,"1,$101013.0000"
2019-06-28 11:45:00.000000000,QUERY_SPREAD,86
2019-06-28 11:45:00.000000000,BEST_BID,"JPM,100904,240"
2019-06-28 11:45:00.000000000,BEST_ASK,"JPM,101013,198"
2019-06-28 11:45:00.000000000,LAST_TRADE,"6,$101013.0000"
2019-06-28 11:45:00.000000000,QUERY_SPREAD,87
2019-06-28 11:45:00.000000000,BEST_BID,"JPM,100904,240"
2019-06-28 11:45:00.000000000,BEST_ASK,"JPM,101013,195"
2019-06-28 11:45:00.000000000,LAST_TRADE,"3,$101013.0000"
2019-06-28 11:45:00.000000000,QUERY_SPREAD,88
2019-06-28 11:45:00.000000000,BEST_BID,"JPM,100904,240"
2019-06-28 11:45:00.000000000,BEST_ASK,"JPM,101013,191"
2019-06-28 11:45:00.000000000,LAST_TRADE,"4,$101013.0000"
2019-06-28 11:45:00.000000000,QUERY_SPREAD,89
2019-06-28 11:45:00.000000000,BEST_BID,"JPM,100904,240"
2019-06-28 11:45:00.000000000,BEST_ASK,"JPM,101013,187"
2019-06-28 11:45:00.000000000,LAST_TRADE,"4,$101013.0000"
2019-06-28 11:45:00.000000000,QUERY_SPREAD,90
2019-06-28 11:45:00.000000000,BEST_BID,"JPM,100904,240"
2019-06-28 11:45:00.000000000,BEST_ASK,"JPM,101013,180"
2019-06-28 11:45:00.000000000,LAST_TRADE,"7,$101013.0000"
2019-06-28 11:45:00.000000000,QUERY_SPREAD,91
2019-06-28 11:45:00.000000000,BEST_BID,"JPM,100904,240"
2019-06-28 11:45:00.000000000,BEST_ASK,"JPM,101013,172"
2019-06-28 11:45:00.000000000,LAST_TRADE,"8,$101013.0000"
2019-06-28 11:45:00.000000000,QUERY_SPREAD,92
2019-06-28 11:45:00.000000000,BEST_BID,"JPM,100904,240"
2019-06-28 11:45:00.000000000,BEST_ASK,"JPM,101013,167"
2019-06-28 11:45:00.000000000,LAST_TRADE,"5,$101013.0000"
2019-06-28 11:45:00.000000000,QUERY_SPREAD,93
2019-06-28 11:45:00.000000000,BEST_BID,"JPM,100904,240"
2019-06-28 11:45:00.000000000,BEST_ASK,"JPM,101013,164"
2019-06-28 11:45:00.000000000,LAST_TRADE,"3,$101013.0000"
2019-06-28 11:45:00.000000000,QUERY_SPREAD,94
2019-06-28 11:45:00.000000000,BEST_BID,"JPM,100904,240"
2019-06-28 11:45:00.000000000,BEST_ASK,"JPM,101013,160"
2019-06-28 11:45:00.000000000,LAST_TRADE,"4,$101013.0000"
2019-06-28 11:45:00.000000000,QUERY_SPREAD,95
2019-06-28 11:45:00.000000000,BEST_BID,"JPM,100904,240"
2019-06-28 11:45:00.000000000,BEST_ASK,"JPM,101013,155"
2019-06-28 11:45:00.000000000,LAST_TRADE,"5,$101013.0000"
2019-06-28 11:45:00.000000000,QUERY_SPREAD,96
2019-06-28 11:45:00.000000000,BEST_BID,"JPM,100904,240"
2019-06-28 11:45:00.000000000,BEST_ASK,"JPM,101013,154"
2019-06-28 11:45:00.000000000,LAST_TRADE,"1,$101013.0000"
2019-06-28 11:45:00.000000000,QUERY_SPREAD,97
2019-06-28 11:45:00.000000000,BEST_BID,"JPM,100904,240"
2019-06-28 11:45:00.000000000,BEST_ASK,"JPM,101013,147"
2019-06-28 11:45:00.000000000,LAST_TRADE,"7,$101013.0000"
2019-06-28 11:45:00.000000000,QUERY_SPREAD,98
2019-06-28 11:45:00.000000000,BEST_BID,"JPM,100904,240"
2019-06-28 11:45:00.000000000,BEST_ASK,"JPM,101013,141"
2019-06-28 11:45:00.000000000,LAST_TRADE,"6,$101013.0000"
2019-06-28 11:45:00.000000000,QUERY_SPREAD,99
2019-06-28 11:45:00.000000000,BEST_BID,"JPM,100904,240"
2019-06-28 11:45:00.000000000,BEST_ASK,"JPM,101013,136"
2019-06-28 11:45:00.000000000,LAST_TRADE,"5,$101013.0000"
2019-06-28 11:45:00.000000000,QUERY_SPREAD,100
2019-06-28 11:45:00.000000000,BEST_BID,"JPM,100904,240"
2019-06-28 11:45:00.000000000,BEST_ASK,"JPM,101013,129"
2019-06-28 11:45:00.000000000,LAST_TRADE,"7,$101013.0000"
2019-06-28 11:45:00.000000000,QUERY_SPREAD,101
2019-06-28 11:45:00.000000000,QUERY_ORDER_STREAM,101
2019-06-28 11:45:03.549676136,QUERY_SPREAD,45
2019-06-28 11:45:03.549676136,BEST_BID,"JPM,100904,240"
2019-06-28 11:45:03.549676136,BEST_ASK,"JPM,101013,129"
2019-06-28 11:45:10.000000000,QUERY_SPREAD,1
2019-06-28 11:45:10.000000000,BEST_BID,"JPM,100904,156"
2019-06-28 11:45:10.000000000,BEST_ASK,"JPM,101030,100"
2019-06-28 11:45:10.000000000,BEST_BID,"JPM,100904,156"
2019-06-28 11:45:10.000000000,BEST_ASK,"JPM,101030,100"
2019-06-28 11:45:10.000000000,BEST_BID,"JPM,100904,156"
2019-06-28 11:45:10.000000000,BEST_ASK,"JPM,101030,100"
2019-06-28 11:45:10.000000000,BEST_BID,"JPM,100904,156"
2019-06-28 11:45:10.000000000,BEST_ASK,"JPM,101030,100"
2019-06-28 11:45:10.000000000,BEST_BID,"JPM,100904,156"
2019-06-28 11:45:10.000000000,BEST_ASK,"JPM,101030,100"
2019-06-28 11:45:10.000000000,BEST_BID,"JPM,100904,156"
2019-06-28 11:45:10.000000000,BEST_ASK,"JPM,101030,156"
2019-06-28 11:45:10.000000000,BEST_BID,"JPM,100904,156"
2019-06-28 11:45:10.000000000,BEST_ASK,"JPM,101030,156"
2019-06-28 11:45:10.000000000,BEST_BID,"JPM,100904,156"
2019-06-28 11:45:10.000000000,BEST_ASK,"JPM,101030,156"
2019-06-28 11:45:10.000000000,BEST_BID,"JPM,100904,156"
2019-06-28 11:45:10.000000000,BEST_ASK,"JPM,101030,156"
2019-06-28 11:45:10.000000000,BEST_BID,"JPM,100904,156"
2019-06-28 11:45:10.000000000,BEST_ASK,"JPM,101030,156"
2019-06-28 11:45:16.067756299,QUERY_ORDER_STREAM,56
2019-06-28 11:45:16.067756299,QUERY_SPREAD,56
2019-06-28 11:45:16.067756299,BEST_BID,"JPM,100904,156"
2019-06-28 11:45:16.067756299,BEST_ASK,"JPM,101013,100"
2019-06-28 11:45:20.000000000,QUERY_SPREAD,1
2019-06-28 11:45:20.000000000,BEST_BID,"JPM,100904,170"
2019-06-28 11:45:20.000000000,BEST_ASK,"JPM,101013,100"
2019-06-28 11:45:20.000000000,BEST_BID,"JPM,100904,170"
2019-06-28 11:45:20.000000000,BEST_ASK,"JPM,101013,100"
2019-06-28 11:45:20.000000000,BEST_BID,"JPM,100904,170"
2019-06-28 11:45:20.000000000,BEST_ASK,"JPM,101013,100"
2019-06-28 11:45:20.000000000,BEST_BID,"JPM,100904,170"
2019-06-28 11:45:20.000000000,BEST_ASK,"JPM,101013,100"
2019-06-28 11:45:20.000000000,BEST_BID,"JPM,100904,170"
2019-06-28 11:45:20.000000000,BEST_ASK,"JPM,101013,170"
2019-06-28 11:45:20.000000000,BEST_BID,"JPM,100904,170"
2019-06-28 11:45:20.000000000,BEST_ASK,"JPM,101013,170"
2019-06-28 11:45:20.000000000,BEST_BID,"JPM,100904,170"
2019-06-28 11:45:20.000000000,BEST_ASK,"JPM,101013,170"
2019-06-28 11:45:20.000000000,BEST_BID,"JPM,100904,170"
2019-06-28 11:45:20.000000000,BEST_ASK,"JPM,101013,170"
2019-06-28 11:45:20.788957358,QUERY_SPREAD,24
2019-06-28 11:45:20.788957358,BEST_BID,"JPM,100904,170"
2019-06-28 11:45:20.788957358,BEST_ASK,"JPM,101013,170"
2019-06-28 11:45:25.734944384,QUERY_SPREAD,7
2019-06-28 11:45:25.734944384,BEST_BID,"JPM,100904,70"
2019-06-28 11:45:25.734944384,BEST_ASK,"JPM,101013,170"
2019-06-28 11:45:25.734944384,LAST_TRADE,"100,$100904.0000"
2019-06-28 11:45:30.000000000,QUERY_SPREAD,1
2019-06-28 11:45:30.000000000,BEST_BID,"JPM,100874,195"
2019-06-28 11:45:30.000000000,BEST_ASK,"JPM,101013,100"
2019-06-28 11:45:30.000000000,BEST_BID,"JPM,100874,195"
2019-06-28 11:45:30.000000000,BEST_ASK,"JPM,101013,100"
2019-06-28 11:45:30.000000000,BEST_BID,"JPM,100874,195"
2019-06-28 11:45:30.000000000,BEST_ASK,"JPM,101013,100"
2019-06-28 11:45:30.000000000,BEST_BID,"JPM,100874,195"
2019-06-28 11:45:30.000000000,BEST_ASK,"JPM,101013,195"
2019-06-28 11:45:30.000000000,BEST_BID,"JPM,100874,195"
2019-06-28 11:45:30.000000000,BEST_ASK,"JPM,101013,195"
2019-06-28 11:45:30.000000000,BEST_BID,"JPM,100874,195"
2019-06-28 11:45:30.000000000,BEST_ASK,"JPM,101013,195"
2019-06-28 11:45:35.206338617,QUERY_SPREAD,30
2019-06-28 11:45:35.206338617,BEST_BID,"JPM,100874,195"
2019-06-28 11:45:35.206338617,BEST_ASK,"JPM,101013,195"
2019-06-28 11:45:36.208725831,QUERY_ORDER_STREAM,66
2019-06-28 11:45:36.208725831,QUERY_SPREAD,66
2019-06-28 11:45:40.000000000,QUERY_SPREAD,1
2019-06-28 11:45:40.000000000,BEST_BID,"JPM,100874,195"
2019-06-28 11:45:40.000000000,BEST_ASK,"JPM,101013,100"
2019-06-28 11:45:40.000000000,BEST_BID,"JPM,100874,195"
2019-06-28 11:45:40.000000000,BEST_ASK,"JPM,101013,100"
2019-06-28 11:45:40.000000000,BEST_BID,"JPM,100874,195"
2019-06-28 11:45:40.000000000,BEST_ASK,"JPM,101013,100"
2019-06-28 11:45:40.000000000,BEST_BID,"JPM,100874,195"
2019-06-28 11:45:40.000000000,BEST_ASK,"JPM,101013,195"
2019-06-28 11:45:40.000000000,BEST_BID,"JPM,100874,195"
2019-06-28 11:45:40.000000000,BEST_ASK,"JPM,101013,195"
2019-06-28 11:45:40.000000000,BEST_BID,"JPM,100874,195"
2019-06-28 11:45:40.000000000,BEST_ASK,"JPM,101013,195"
2019-06-28 11:45:50.000000000,QUERY_SPREAD,1
2019-06-28 11:45:50.000000000,BEST_BID,"JPM,100874,156"
2019-06-28 11:45:50.000000000,BEST_ASK,"JPM,101013,100"
2019-06-28 11:45:50.000000000,BEST_BID,"JPM,100874,156"
2019-06-28 11:45:50.000000000,BEST_ASK,"JPM,101013,100"
2019-06-28 11:45:50.000000000,BEST_BID,"JPM,100874,156"
2019-06-28 11:45:50.000000000,BEST_ASK,"JPM,101013,100"
2019-06-28 11:45:50.000000000,BEST_BID,"JPM,100874,156"
2019-06-28 11:45:50.000000000,BEST_ASK,"JPM,101013,100"
2019-06-28 11:45:50.000000000,BEST_BID,"JPM,100874,156"
2019-06-28 11:45:50.000000000,BEST_ASK,"JPM,101013,100"
2019-06-28 11:45:50.000000000,BEST_BID,"JPM,100874,156"
2019-06-28 11:45:50.000000000,BEST_ASK,"JPM,101013,156"
2019-06-28 11:45:50.000000000,BEST_BID,"JPM,100874,156"
2019-06-28 11:45:50.000000000,BEST_ASK,"JPM,101013,156"
2019-06-28 11:45:50.000000000,BEST_BID,"JPM,100874,156"
2019-06-28 11:45:50.000000000,BEST_ASK,"JPM,101013,156"
2019-06-28 11:45:50.000000000,BEST_BID,"JPM,100874,156"
2019-06-28 11:45:50.000000000,BEST_ASK,"JPM,101013,156"
2019-06-28 11:45:50.000000000,BEST_BID,"JPM,100874,156"
2019-06-28 11:45:50.000000000,BEST_ASK,"JPM,101013,156"
2019-06-28 11:46:00.000000000,QUERY_SPREAD,1
2019-06-28 11:46:00.000000000,BEST_BID,"JPM,100874,240"
2019-06-28 11:46:00.000000000,BEST_ASK,"JPM,101013,100"
2019-06-28 11:46:00.000000000,BEST_BID,"JPM,100874,240"
2019-06-28 11:46:00.000000000,BEST_ASK,"JPM,101013,100"
2019-06-28 11:46:00.000000000,BEST_BID,"JPM,100874,240"
2019-06-28 11:46:00.000000000,BEST_ASK,"JPM,101013,240"
2019-06-28 11:46:00.000000000,BEST_BID,"JPM,100874,240"
2019-06-28 11:46:00.000000000,BEST_ASK,"JPM,101013,240"
2019-06-28 11:46:00.000000000,QUERY_SPREAD,77
2019-06-28 11:46:00.000000000,BEST_BID,"JPM,100874,240"
2019-06-28 11:46:00.000000000,BEST_ASK,"JPM,101013,239"
2019-06-28 11:46:00.000000000,LAST_TRADE,"1,$101013.0000"
2019-06-28 11:46:00.000000000,QUERY_SPREAD,78
2019-06-28 11:46:00.000000000,BEST_BID,"JPM,100874,240"
2019-06-28 11:46:00.000000000,BEST_ASK,"JPM,101013,235"
2019-06-28 11:46:00.000000000,LAST_TRADE,"4,$101013.0000"
2019-06-28 11:46:00.000000000,QUERY_SPREAD,79
2019-06-28 11:46:00.000000000,BEST_BID,"JPM,100874,240"
2019-06-28 11:46:00.000000000,BEST_ASK,"JPM,101013,229"
2019-06-28 11:46:00.000000000,LAST_TRADE,"6,$101013.0000"
2019-06-28 11:46:00.000000000,QUERY_SPREAD,80
2019-06-28 11:46:00.000000000,BEST_BID,"JPM,100874,240"
2019-06-28 11:46:00.000000000,BEST_ASK,"JPM,101013,224"
2019-06-28 11:46:00.000000000,LAST_TRADE,"5,$101013.0000"
2019-06-28 11:46:00.000000000,QUERY_SPREAD,81
2019-06-28 11:46:00.000000000,BEST_BID,"JPM,100874,240"
2019-06-28 11:46:00.000000000,BEST_ASK,"JPM,101013,216"
2019-06-28 11:46:00.000000000,LAST_TRADE,"8,$101013.0000"
2019-06-28 11:46:00.000000000,QUERY_SPREAD,82
2019-06-28 11:46:00.000000000,BEST_BID,"JPM,100874,240"
2019-06-28 11:46:00.000000000,BEST_ASK,"JPM,101013,208"
2019-06-28 11:46:00.000000000,LAST_TRADE,"8,$101013.0000"
2019-06-28 11:46:00.000000000,QUERY_SPREAD,83
2019-06-28 11:46:00.000000000,BEST_BID,"JPM,100874,240"
2019-06-28 11:46:00.000000000,BEST_ASK,"JPM,101013,206"
2019-06-28 11:46:00.000000000,LAST_TRADE,"2,$101013.0000"
2019-06-28 11:46:00.000000000,QUERY_SPREAD,84
2019-06-28 11:46:00.000000000,BEST_BID,"JPM,100874,240"
2019-06-28 11:46:00.000000000,BEST_ASK,"JPM,101013,205"
2019-06-28 11:46:00.000000000,LAST_TRADE,"1,$101013.0000"
2019-06-28 11:46:00.000000000,QUERY_SPREAD,85
2019-06-28 11:46:00.000000000,BEST_BID,"JPM,100874,240"
2019-06-28 11:46:00.000000000,BEST_ASK,"JPM,101013,204"
2019-06-28 11:46:00.000000000,LAST_TRADE,"1,$101013.0000"
2019-06-28 11:46:00.000000000,QUERY_SPREAD,86
2019-06-28 11:46:00.000000000,BEST_BID,"JPM,100874,240"
2019-06-28 11:46:00.000000000,BEST_ASK,"JPM,101013,198"
2019-06-28 11:46:00.000000000,LAST_TRADE,"6,$101013.0000"
2019-06-28 11:46:00.000000000,QUERY_SPREAD,87
2019-06-28 11:46:00.000000000,BEST_BID,"JPM,100874,240"
2019-06-28 11:46:00.000000000,BEST_ASK,"JPM,101013,195"
2019-06-28 11:46:00.000000000,LAST_TRADE,"3,$101013.0000"
2019-06-28 11:46:00.000000000,QUERY_SPREAD,88
2019-06-28 11:46:00.000000000,BEST_BID,"JPM,100874,240"
2019-06-28 11:46:00.000000000,BEST_ASK,"JPM,101013,191"
2019-06-28 11:46:00.000000000,LAST_TRADE,"4,$101013.0000"
2019-06-28 11:46:00.000000000,QUERY_SPREAD,89
2019-06-28 11:46:00.000000000,BEST_BID,"JPM,100874,240"
2019-06-28 11:46:00.000000000,BEST_ASK,"JPM,101013,187"
2019-06-28 11:46:00.000000000,LAST_TRADE,"4,$101013.0000"
2019-06-28 11:46:00.000000000,QUERY_SPREAD,90
2019-06-28 11:46:00.000000000,BEST_BID,"JPM,100874,240"
2019-06-28 11:46:00.000000000,BEST_ASK,"JPM,101013,180"
2019-06-28 11:46:00.000000000,LAST_TRADE,"7,$101013.0000"
2019-06-28 11:46:00.000000000,QUERY_SPREAD,91
2019-06-28 11:46:00.000000000,BEST_BID,"JPM,100874,240"
2019-06-28 11:46:00.000000000,BEST_ASK,"JPM,101013,172"
2019-06-28 11:46:00.000000000,LAST_TRADE,"8,$101013.0000"
2019-06-28 11:46:00.000000000,QUERY_SPREAD,92
2019-06-28 11:46:00.000000000,BEST_BID,"JPM,100874,240"
2019-06-28 11:46:00.000000000,BEST_ASK,"JPM,101013,167"
2019-06-28 11:46:00.000000000,LAST_TRADE,"5,$101013.0000"
2019-06-28 11:46:00.000000000,QUERY_SPREAD,93
2019-06-28 11:46:00.000000000,BEST_BID,"JPM,100874,240"
2019-06-28 11:46:00.000000000,BEST_ASK,"JPM,101013,164"
2019-06-28 11:46:00.000000000,LAST_TRADE,"3,$101013.0000"
2019-06-28 11:46:00.000000000,QUERY_SPREAD,94
2019-06-28 11:46:00.000000000,BEST_BID,"JPM,100874,240"
2019-06-28 11:46:00.000000000,BEST_ASK,"JPM,101013,160"
2019-06-28 11:46:00.000000000,LAST_TRADE,"4,$101013.0000"
2019-06-28 11:46:00.000000000,QUERY_SPREAD,95
2019-06-28 11:46:00.000000000,BEST_BID,"JPM,100874,240"
2019-06-28 11:46:00.000000000,BEST_ASK,"JPM,101013,155"
2019-06-28 11:46:00.000000000,LAST_TRADE,"5,$101013.0000"
2019-06-28 11:46:00.000000000,QUERY_SPREAD,96
2019-06-28 11:46:00.000000000,BEST_BID,"JPM,100874,240"
2019-06-28 11:46:00.000000000,BEST_ASK,"JPM,101013,154"
2019-06-28 11:46:00.000000000,LAST_TRADE,"1,$101013.0000"
2019-06-28 11:46:00.000000000,QUERY_SPREAD,97
2019-06-28 11:46:00.000000000,BEST_BID,"JPM,100874,240"
2019-06-28 11:46:00.000000000,BEST_ASK,"JPM,101013,147"
2019-06-28 11:46:00.000000000,LAST_TRADE,"7,$101013.0000"
2019-06-28 11:46:00.000000000,QUERY_SPREAD,98
2019-06-28 11:46:00.000000000,BEST_BID,"JPM,100874,240"
2019-06-28 11:46:00.000000000,BEST_ASK,"JPM,101013,141"
2019-06-28 11:46:00.000000000,LAST_TRADE,"6,$101013.0000"
2019-06-28 11:46:00.000000000,QUERY_SPREAD,99
2019-06-28 11:46:00.000000000,BEST_BID,"JPM,100874,240"
2019-06-28 11:46:00.000000000,BEST_ASK,"JPM,101013,136"
2019-06-28 11:46:00.000000000,LAST_TRADE,"5,$101013.0000"
2019-06-28 11:46:00.000000000,QUERY_SPREAD,100
2019-06-28 11:46:00.000000000,BEST_BID,"JPM,100874,240"
2019-06-28 11:46:00.000000000,BEST_ASK,"JPM,101013,129"
2019-06-28 11:46:00.000000000,LAST_TRADE,"7,$101013.0000"
2019-06-28 11:46:00.000000000,QUERY_SPREAD,101
2019-06-28 11:46:00.000000000,QUERY_ORDER_STREAM,101
2019-06-28 11:46:08.511858202,QUERY_SPREAD,22
2019-06-28 11:46:08.511858202,BEST_BID,"JPM,100874,240"
2019-06-28 11:46:08.511858202,BEST_ASK,"JPM,101013,129"
2019-06-28 11:46:10.000000000,QUERY_SPREAD,1
2019-06-28 11:46:10.000000000,BEST_BID,"JPM,100874,240"
2019-06-28 11:46:10.000000000,BEST_ASK,"JPM,101030,100"
2019-06-28 11:46:10.000000000,BEST_BID,"JPM,100874,240"
2019-06-28 11:46:10.000000000,BEST_ASK,"JPM,101030,100"
2019-06-28 11:46:10.000000000,BEST_BID,"JPM,100874,240"
2019-06-28 11:46:10.000000000,BEST_ASK,"JPM,101030,240"
2019-06-28 11:46:10.000000000,BEST_BID,"JPM,100874,240"
2019-06-28 11:46:10.000000000,BEST_ASK,"JPM,101030,240"
2019-06-28 11:46:20.000000000,QUERY_SPREAD,1
2019-06-28 11:46:20.000000000,BEST_BID,"JPM,100874,170"
2019-06-28 11:46:20.000000000,BEST_ASK,"JPM,101030,100"
2019-06-28 11:46:20.000000000,BEST_BID,"JPM,100874,170"
2019-06-28 11:46:20.000000000,BEST_ASK,"JPM,101030,100"
2019-06-28 11:46:20.000000000,BEST_BID,"JPM,100874,170"
2019-06-28 11:46:20.000000000,BEST_ASK,"JPM,101030,100"
2019-06-28 11:46:20.000000000,BEST_BID,"JPM,100874,170"
2019-06-28 11:46:20.000000000,BEST_ASK,"JPM,101030,100"
2019-06-28 11:46:20.000000000,BEST_BID,"JPM,100874,170"
2019-06-28 11:46:20.000000000,BEST_ASK,"JPM,101030,170"
2019-06-28 11:46:20.000000000,BEST_BID,"JPM,100874,170"
2019-06-28 11:46:20.000000000,BEST_ASK,"JPM,101030,170"
2019-06-28 11:46:20.000000000,BEST_BID,"JPM,100874,170"
2019-06-28 11:46:20.000000000,BEST_ASK,"JPM,101030,170"
2019-06-28 11:46:20.000000000,BEST_BID,"JPM,100874,170"
2019-06-28 11:46:20.000000000,BEST_ASK,"JPM,101030,170"
2019-06-28 11:46:30.000000000,QUERY_SPREAD,1
2019-06-28 11:46:30.000000000,BEST_BID,"JPM,100874,240"
2019-06-28 11:46:30.000000000,BEST_ASK,"JPM,101030,100"
2019-06-28 11:46:30.000000000,BEST_BID,"JPM,100874,240"
2019-06-28 11:46:30.000000000,BEST_ASK,"JPM,101030,100"
2019-06-28 11:46:30.000000000,BEST_BID,"JPM,100874,240"
2019-06-28 11:46:30.000000000,BEST_ASK,"JPM,101030,240"
2019-06-28 11:46:30.000000000,BEST_BID,"JPM,100874,240"
2019-06-28 11:46:30.000000000,BEST_ASK,"JPM,101030,240"
2019-06-28 11:46:40.000000000,QUERY_SPREAD,1
2019-06-28 11:46:40.000000000,BEST_BID,"JPM,100874,170"
2019-06-28 11:46:40.000000000,BEST_ASK,"JPM,101030,100"
2019-06-28 11:46:40.000000000,BEST_BID,"JPM,100874,170"
2019-06-28 11:46:40.000000000,BEST_ASK,"JPM,101030,100"
2019-06-28 11:46:40.000000000,BEST_BID,"JPM,100874,170"
2019-06-28 11:46:40.000000000,BEST_ASK,"JPM,101030,100"
2019-06-28 11:46:40.000000000,BEST_BID,"JPM,100874,170"
2019-06-28 11:46:40.000000000,BEST_ASK,"JPM,101030,100"
2019-06-28 11:46:40.000000000,BEST_BID,"JPM,100874,170"
2019-06-28 11:46:40.000000000,BEST_ASK,"JPM,101030,170"
2019-06-28 11:46:40.000000000,BEST_BID,"JPM,100874,170"
2019-06-28 11:46:40.000000000,BEST_ASK,"JPM,101030,170"
2019-06-28 11:46:40.000000000,BEST_BID,"JPM,100874,170"
2019-06-28 11:46:40.000000000,BEST_ASK,"JPM,101030,170"
2019-06-28 11:46:40.000000000,BEST_BID,"JPM,100874,170"
2019-06-28 11:46:40.000000000,BEST_ASK,"JPM,101030,170"
2019-06-28 11:46:45.675974916,QUERY_SPREAD,9
2019-06-28 11:46:45.675974916,BEST_BID,"JPM,100874,170"
2019-06-28 11:46:45.675974916,BEST_ASK,"JPM,101030,70"
2019-06-28 11:46:45.675974916,LAST_TRADE,"100,$101030.0000"
2019-06-28 11:46:50.000000000,QUERY_SPREAD,1
2019-06-28 11:46:50.000000000,BEST_BID,"JPM,100874,156"
2019-06-28 11:46:50.000000000,BEST_ASK,"JPM,101044,100"
2019-06-28 11:46:50.000000000,BEST_BID,"JPM,100874,156"
2019-06-28 11:46:50.000000000,BEST_ASK,"JPM,101044,100"
2019-06-28 11:46:50.000000000,BEST_BID,"JPM,100874,156"
2019-06-28 11:46:50.000000000,BEST_ASK,"JPM,101044,100"
2019-06-28 11:46:50.000000000,BEST_BID,"JPM,100874,156"
2019-06-28 11:46:50.000000000,BEST_ASK,"JPM,101044,100"
2019-06-28 11:46:50.000000000,BEST_BID,"JPM,100874,156"
2019-06-28 11:46:50.000000000,BEST_ASK,"JPM,101044,100"
2019-06-28 11:46:50.000000000,BEST_BID,"JPM,100874,156"
2019-06-28 11:46:50.000000000,BEST_ASK,"JPM,101044,156"
2019-06-28 11:46:50.000000000,BEST_BID,"JPM,100874,156"
2019-06-28 11:46:50.000000000,BEST_ASK,"JPM,101044,156"
2019-06-28 11:46:50.000000000,BEST_BID,"JPM,100874,156"
2019-06-28 11:46:50.000000000,BEST_ASK,"JPM,101044,156"
2019-06-28 11:46:50.000000000,BEST_BID,"JPM,100874,156"
2019-06-28 11:46:50.000000000,BEST_ASK,"JPM,101044,156"
2019-06-28 11:47:00.000000000,QUERY_SPREAD,1
2019-06-28 11:47:00.000000000,BEST_BID,"JPM,100874,240"
2019-06-28 11:47:00.000000000,BEST_ASK,"JPM,101044,100"
2019-06-28 11:47:00.000000000,BEST_BID,"JPM,100874,240"
2019-06-28 11:47:00.000000000,BEST_ASK,"JPM,101044,100"
2019-06-28 11:47:00.000000000,BEST_BID,"JPM,100874,240"
2019-06-28 11:47:00.000000000,BEST_ASK,"JPM,101044,240"
2019-06-28 11:47:00.000000000,BEST_BID,"JPM,100874,240"
2019-06-28 11:47:00.000000000,BEST_ASK,"JPM,101044,240"
2019-06-28 11:47:00.000000000,QUERY_SPREAD,77
2019-06-28 11:47:00.000000000,BEST_BID,"JPM,100874,240"
2019-06-28 11:47:00.000000000,BEST_ASK,"JPM,101044,239"
2019-06-28 11:47:00.000000000,LAST_TRADE,"1,$101044.0000"
2019-06-28 11:47:00.000000000,QUERY_SPREAD,78
2019-06-28 11:47:00.000000000,BEST_BID,"JPM,100874,240"
2019-06-28 11:47:00.000000000,BEST_ASK,"JPM,101044,235"
2019-06-28 11:47:00.000000000,LAST_TRADE,"4,$101044.0000"
2019-06-28 11:47:00.000000000,QUERY_SPREAD,79
2019-06-28 11:47:00.000000000,BEST_BID,"JPM,100874,240"
2019-06-28 11:47:00.000000000,BEST_ASK,"JPM,101044,229"
2019-06-28 11:47:00.000000000,LAST_TRADE,"6,$101044.0000"
2019-06-28 11:47:00.000000000,QUERY_SPREAD,80
2019-06-28 11:47:00.000000000,BEST_BID,"JPM,100874,240"
2019-06-28 11:47:00.000000000,BEST_ASK,"JPM,101044,224"
2019-06-28 11:47:00.000000000,LAST_TRADE,"5,$101044.0000"
2019-06-28 11:47:00.000000000,QUERY_SPREAD,81
2019-06-28 11:47:00.000000000,BEST_BID,"JPM,100874,240"
2019-06-28 11:47:00.000000000,BEST_ASK,"JPM,101044,216"
2019-06-28 11:47:00.000000000,LAST_TRADE,"8,$101044.0000"
2019-06-28 11:47:00.000000000,QUERY_SPREAD,82
2019-06-28 11:47:00.000000000,BEST_BID,"JPM,100874,240"
2019-06-28 11:47:00.000000000,BEST_ASK,"JPM,101044,208"
2019-06-28 11:47:00.000000000,LAST_TRADE,"8,$101044.0000"
2019-06-28 11:47:00.000000000,QUERY_SPREAD,83
2019-06-28 11:47:00.000000000,BEST_BID,"JPM,100874,240"
2019-06-28 11:47:00.000000000,BEST_ASK,"JPM,101044,206"
2019-06-28 11:47:00.000000000,LAST_TRADE,"2,$101044.0000"
2019-06-28 11:47:00.000000000,QUERY_SPREAD,84
2019-06-28 11:47:00.000000000,BEST_BID,"JPM,100874,240"
2019-06-28 11:47:00.000000000,BEST_ASK,"JPM,101044,205"
2019-06-28 11:47:00.000000000,LAST_TRADE,"1,$101044.0000"
2019-06-28 11:47:00.000000000,QUERY_SPREAD,85
2019-06-28 11:47:00.000000000,BEST_BID,"JPM,100874,240"
2019-06-28 11:47:00.000000000,BEST_ASK,"JPM,101044,204"
2019-06-28 11:47:00.000000000,LAST_TRADE,"1,$101044.0000"
2019-06-28 11:47:00.000000000,QUERY_SPREAD,86
2019-06-28 11:47:00.000000000,BEST_BID,"JPM,100874,240"
2019-06-28 11:47:00.000000000,BEST_ASK,"JPM,101044,198"
2019-06-28 11:47:00.000000000,LAST_TRADE,"6,$101044.0000"
2019-06-28 11:47:00.000000000,QUERY_SPREAD,87
2019-06-28 11:47:00.000000000,BEST_BID,"JPM,100874,240"
2019-06-28 11:47:00.000000000,BEST_ASK,"JPM,101044,195"
2019-06-28 11:47:00.000000000,LAST_TRADE,"3,$101044.0000"
2019-06-28 11:47:00.000000000,QUERY_SPREAD,88
2019-06-28 11:47:00.000000000,BEST_BID,"JPM,100874,240"
2019-06-28 11:47:00.000000000,BEST_ASK,"JPM,101044,191"
2019-06-28 11:47:00.000000000,LAST_TRADE,"4,$101044.0000"
2019-06-28 11:47:00.000000000,QUERY_SPREAD,89
2019-06-28 11:47:00.000000000,BEST_BID,"JPM,100874,240"
2019-06-28 11:47:00.000000000,BEST_ASK,"JPM,101044,187"
2019-06-28 11:47:00.000000000,LAST_TRADE,"4,$101044.0000"
2019-06-28 11:47:00.000000000,QUERY_SPREAD,90
2019-06-28 11:47:00.000000000,BEST_BID,"JPM,100874,240"
2019-06-28 11:47:00.000000000,BEST_ASK,"JPM,101044,180"
2019-06-28 11:47:00.000000000,LAST_TRADE,"7,$101044.0000"
2019-06-28 11:47:00.000000000,QUERY_SPREAD,91
2019-06-28 11:47:00.000000000,BEST_BID,"JPM,100874,240"
2019-06-28 11:47:00.000000000,BEST_ASK,"JPM,101044,172"
2019-06-28 11:47:00.000000000,LAST_TRADE,"8,$101044.0000"
2019-06-28 11:47:00.000000000,QUERY_SPREAD,92
2019-06-28 11:47:00.000000000,BEST_BID,"JPM,100874,240"
2019-06-28 11:47:00.000000000,BEST_ASK,"JPM,101044,167"
2019-06-28 11:47:00.000000000,LAST_TRADE,"5,$101044.0000"
2019-06-28 11:47:00.000000000,QUERY_SPREAD,93
2019-06-28 11:47:00.000000000,BEST_BID,"JPM,100874,240"
2019-06-28 11:47:00.000000000,BEST_ASK,"JPM,101044,164"
2019-06-28 11:47:00.000000000,LAST_TRADE,"3,$101044.0000"
2019-06-28 11:47:00.000000000,QUERY_SPREAD,94
2019-06-28 11:47:00.000000000,BEST_BID,"JPM,100874,240"
2019-06-28 11:47:00.000000000,BEST_ASK,"JPM,101044,160"
2019-06-28 11:47:00.000000000,LAST_TRADE,"4,$101044.0000"
2019-06-28 11:47:00.000000000,QUERY_SPREAD,95
2019-06-28 11:47:00.000000000,BEST_BID,"JPM,100874,240"
2019-06-28 11:47:00.000000000,BEST_ASK,"JPM,101044,155"
2019-06-28 11:47:00.000000000,LAST_TRADE,"5,$101044.0000"
2019-06-28 11:47:00.000000000,QUERY_SPREAD,96
2019-06-28 11:47:00.000000000,BEST_BID,"JPM,100874,240"
2019-06-28 11:47:00.000000000,BEST_ASK,"JPM,101044,154"
2019-06-28 11:47:00.000000000,LAST_TRADE,"1,$101044.0000"
2019-06-28 11:47:00.000000000,QUERY_SPREAD,97
2019-06-28 11:47:00.000000000,BEST_BID,"JPM,100874,240"
2019-06-28 11:47:00.000000000,BEST_ASK,"JPM,101044,147"
2019-06-28 11:47:00.000000000,LAST_TRADE,"7,$101044.0000"
2019-06-28 11:47:00.000000000,QUERY_SPREAD,98
2019-06-28 11:47:00.000000000,BEST_BID,"JPM,100874,240"
2019-06-28 11:47:00.000000000,BEST_ASK,"JPM,101044,141"
2019-06-28 11:47:00.000000000,LAST_TRADE,"6,$101044.0000"
2019-06-28 11:47:00.000000000,QUERY_SPREAD,99
2019-06-28 11:47:00.000000000,BEST_BID,"JPM,100874,240"
2019-06-28 11:47:00.000000000,BEST_ASK,"JPM,101044,136"
2019-06-28 11:47:00.000000000,LAST_TRADE,"5,$101044.0000"
2019-06-28 11:47:00.000000000,QUERY_SPREAD,100
2019-06-28 11:47:00.000000000,BEST_BID,"JPM,100874,240"
2019-06-28 11:47:00.000000000,BEST_ASK,"JPM,101044,129"
2019-06-28 11:47:00.000000000,LAST_TRADE,"7,$101044.0000"
2019-06-28 11:47:00.000000000,QUERY_SPREAD,101
2019-06-28 11:47:00.000000000,QUERY_ORDER_STREAM,101
2019-06-28 11:47:10.000000000,QUERY_SPREAD,1
2019-06-28 11:47:10.000000000,BEST_BID,"JPM,100874,195"
2019-06-28 11:47:10.000000000,BEST_ASK,"JPM,101447,100"
2019-06-28 11:47:10.000000000,BEST_BID,"JPM,100874,195"
2019-06-28 11:47:10.000000000,BEST_ASK,"JPM,101447,100"
2019-06-28 11:47:10.000000000,BEST_BID,"JPM,100874,195"
2019-06-28 11:47:10.000000000,BEST_ASK,"JPM,101447,100"
2019-06-28 11:47:10.000000000,BEST_BID,"JPM,100874,195"
2019-06-28 11:47:10.000000000,BEST_ASK,"JPM,101447,195"
2019-06-28 11:47:10.000000000,BEST_BID,"JPM,100874,195"
2019-06-28 11:47:10.000000000,BEST_ASK,"JPM,101447,195"
2019-06-28 11:47:10.000000000,BEST_BID,"JPM,100874,195"
2019-06-28 11:47:10.000000000,BEST_ASK,"JPM,101447,195"
2019-06-28 11:47:20.000000000,QUERY_SPREAD,1
2019-06-28 11:47:20.000000000,BEST_BID,"JPM,100874,240"
2019-06-28 11:47:20.000000000,BEST_ASK,"JPM,101447,100"
2019-06-28 11:47:20.000000000,BEST_BID,"JPM,100874,240"
2019-06-28 11:47:20.000000000,BEST_ASK,"JPM,101447,100"
2019-06-28 11:47:20.000000000,BEST_BID,"JPM,100874,240"
2019-06-28 11:47:20.000000000,BEST_ASK,"JPM,101447,240"
2019-06-28 11:47:20.000000000,BEST_BID,"JPM,100874,240"
2019-06-28 11:47:20.000000000,BEST_ASK,"JPM,101447,240"
2019-06-28 11:47:30.000000000,QUERY_SPREAD,1
2019-06-28 11:47:30.000000000,BEST_BID,"JPM,100874,380"
2019-06-28 11:47:30.000000000,BEST_ASK,"JPM,101447,100"
2019-06-28 11:47:30.000000000,BEST_BID,"JPM,100874,380"
2019-06-28 11:47:30.000000000,BEST_ASK,"JPM,101447,380"
2019-06-28 11:47:40.000000000,QUERY_SPREAD,1
2019-06-28 11:47:40.000000000,BEST_BID,"JPM,100874,156"
2019-06-28 11:47:40.000000000,BEST_ASK,"JPM,101447,100"
2019-06-28 11:47:40.000000000,BEST_BID,"JPM,100874,156"
2019-06-28 11:47:40.000000000,BEST_ASK,"JPM,101447,100"
2019-06-28 11:47:40.000000000,BEST_BID,"JPM,100874,156"
2019-06-28 11:47:40.000000000,BEST_ASK,"JPM,101447,100"
2019-06-28 11:47:40.000000000,BEST_BID,"JPM,100874,156"
2019-06-28 11:47:40.000000000,BEST_ASK,"JPM,101447,100"
2019-06-28 11:47:40.000000000,BEST_BID,"JPM,100874,156"
2019-06-28 11:47:40.000000000,BEST_ASK,"JPM,101447,100"
2019-06-28 11:47:40.000000000,BEST_BID,"JPM,100874,156"
2019-06-28 11:47:40.000000000,BEST_ASK,"JPM,101447,156"
2019-06-28 11:47:40.000000000,BEST_BID,"JPM,100874,156"
2019-06-28 11:47:40.000000000,BEST_ASK,"JPM,101447,156"
2019-06-28 11:47:40.000000000,BEST_BID,"JPM,100874,156"
2019-06-28 11:47:40.000000000,BEST_ASK,"JPM,101447,156"
2019-06-28 11:47:50.000000000,QUERY_SPREAD,1
2019-06-28 11:47:50.000000000,BEST_BID,"JPM,100874,240"
2019-06-28 11:47:50.000000000,BEST_ASK,"JPM,101447,100"
2019-06-28 11:47:50.000000000,BEST_BID,"JPM,100874,240"
2019-06-28 11:47:50.000000000,BEST_ASK,"JPM,101447,100"
2019-06-28 11:47:50.000000000,BEST_BID,"JPM,100874,240"
2019-06-28 11:47:50.000000000,BEST_ASK,"JPM,101447,240"
2019-06-28 11:47:50.000000000,BEST_BID,"JPM,100874,240"
2019-06-28 11:47:50.000000000,BEST_ASK,"JPM,101447,240"
2019-06-28 11:47:56.469352946,QUERY_SPREAD,15
2019-06-28 11:47:56.469352946,BEST_BID,"JPM,100874,240"
2019-06-28 11:47:56.469352946,BEST_ASK,"JPM,101447,140"
2019-06-28 11:47:56.469352946,LAST_TRADE,"100,$101447.0000"
2019-06-28 11:48:00.000000000,QUERY_SPREAD,1
2019-06-28 11:48:00.000000000,BEST_BID,"JPM,100874,170"
2019-06-28 11:48:00.000000000,BEST_ASK,"JPM,101452,100"
2019-06-28 11:48:00.000000000,BEST_BID,"JPM,100874,170"
2019-06-28 11:48:00.000000000,BEST_ASK,"JPM,101452,100"
2019-06-28 11:48:00.000000000,BEST_BID,"JPM,100874,170"
2019-06-28 11:48:00.000000000,BEST_ASK,"JPM,101452,100"
2019-06-28 11:48:00.000000000,BEST_BID,"JPM,100874,170"
2019-06-28 11:48:00.000000000,BEST_ASK,"JPM,101452,100"
2019-06-28 11:48:00.000000000,BEST_BID,"JPM,100874,170"
2019-06-28 11:48:00.000000000,BEST_ASK,"JPM,101452,170"
2019-06-28 11:48:00.000000000,BEST_BID,"JPM,100874,170"
2019-06-28 11:48:00.000000000,BEST_ASK,"JPM,101452,170"
2019-06-28 11:48:00.000000000,QUERY_SPREAD,77
2019-06-28 11:48:00.000000000,BEST_BID,"JPM,100874,170"
2019-06-28 11:48:00.000000000,BEST_ASK,"JPM,101452,169"
2019-06-28 11:48:00.000000000,LAST_TRADE,"1,$101452.0000"
2019-06-28 11:48:00.000000000,QUERY_SPREAD,78
2019-06-28 11:48:00.000000000,BEST_BID,"JPM,100874,170"
2019-06-28 11:48:00.000000000,BEST_ASK,"JPM,101452,165"
2019-06-28 11:48:00.000000000,LAST_TRADE,"4,$101452.0000"
2019-06-28 11:48:00.000000000,QUERY_SPREAD,79
2019-06-28 11:48:00.000000000,BEST_BID,"JPM,100874,170"
2019-06-28 11:48:00.000000000,BEST_ASK,"JPM,101452,159"
2019-06-28 11:48:00.000000000,LAST_TRADE,"6,$101452.0000"
2019-06-28 11:48:00.000000000,QUERY_SPREAD,80
2019-06-28 11:48:00.000000000,BEST_BID,"JPM,100874,170"
2019-06-28 11:48:00.000000000,BEST_ASK,"JPM,101452,154"
2019-06-28 11:48:00.000000000,LAST_TRADE,"5,$101452.0000"
2019-06-28 11:48:00.000000000,QUERY_SPREAD,81
2019-06-28 11:48:00.000000000,BEST_BID,"JPM,100874,170"
2019-06-28 11:48:00.000000000,BEST_ASK,"JPM,101452,146"
2019-06-28 11:48:00.000000000,LAST_TRADE,"8,$101452.0000"
2019-06-28 11:48:00.000000000,QUERY_SPREAD,82
2019-06-28 11:48:00.000000000,BEST_BID,"JPM,100874,170"
2019-06-28 11:48:00.000000000,BEST_ASK,"JPM,101452,138"
2019-06-28 11:48:00.000000000,LAST_TRADE,"8,$101452.0000"
2019-06-28 11:48:00.000000000,QUERY_SPREAD,83
2019-06-28 11:48:00.000000000,BEST_BID,"JPM,100874,170"
2019-06-28 11:48:00.000000000,BEST_ASK,"JPM,101452,136"
2019-06-28 11:48:00.000000000,LAST_TRADE,"2,$101452.0000"
2019-06-28 11:48:00.000000000,QUERY_SPREAD,84
2019-06-28 11:48:00.000000000,BEST_BID,"JPM,100874,170"
2019-06-28 11:48:00.000000000,BEST_ASK,"JPM,101452,135"
2019-06-28 11:48:00.000000000,LAST_TRADE,"1,$101452.0000"
2019-06-28 11:48:00.000000000,QUERY_SPREAD,85
2019-06-28 11:48:00.000000000,BEST_BID,"JPM,100874,170"
2019-06-28 11:48:00.000000000,BEST_ASK,"JPM,101452,134"
2019-06-28 11:48:00.000000000,LAST_TRADE,"1,$101452.0000"
2019-06-28 11:48:00.000000000,QUERY_SPREAD,86
2019-06-28 11:48:00.000000000,BEST_BID,"JPM,100874,170"
2019-06-28 11:48:00.000000000,BEST_ASK,"JPM,101452,128"
2019-06-28 11:48:00.000000000,LAST_TRADE,"6,$101452.0000"
2019-06-28 11:48:00.000000000,QUERY_SPREAD,87
2019-06-28 11:48:00.000000000,BEST_BID,"JPM,100874,170"
2019-06-28 11:48:00.000000000,BEST_ASK,"JPM,101452,125"
2019-06-28 11:48:00.000000000,LAST_TRADE,"3,$101452.0000"
2019-06-28 11:48:00.000000000,QUERY_SPREAD,88
2019-06-28 11:48:00.000000000,BEST_BID,"JPM,100874,170"
2019-06-28 11:48:00.000000000,BEST_ASK,"JPM,101452,121"
2019-06-28 11:48:00.000000000,LAST_TRADE,"4,$101452.0000"
2019-06-28 11:48:00.000000000,QUERY_SPREAD,89
2019-06-28 11:48:00.000000000,BEST_BID,"JPM,100874,170"
2019-06-28 11:48:00.000000000,BEST_ASK,"JPM,101452,117"
2019-06-28 11:48:00.000000000,LAST_TRADE,"4,$101452.0000"
2019-06-28 11:48:00.000000000,QUERY_SPREAD,90
2019-06-28 11:48:00.000000000,BEST_BID,"JPM,100874,170"
2019-06-28 11:48:00.000000000,BEST_ASK,"JPM,101452,110"
2019-06-28 11:48:00.000000000,LAST_TRADE,"7,$101452.0000"
2019-06-28 11:48:00.000000000,QUERY_SPREAD,91
2019-06-28 11:48:00.000000000,BEST_BID,"JPM,100874,170"
2019-06-28 11:48:00.000000000,BEST_ASK,"JPM,101452,102"
2019-06-28 11:48:00.000000000,LAST_TRADE,"8,$101452.0000"
2019-06-28 11:48:00.000000000,QUERY_SPREAD,92
2019-06-28 11:48:00.000000000,BEST_BID,"JPM,100874,170"
2019-06-28 11:48:00.000000000,BEST_ASK,"JPM,101452,97"
2019-06-28 11:48:00.000000000,LAST_TRADE,"5,$101452.0000"
2019-06-28 11:48:00.000000000,QUERY_SPREAD,93
2019-06-28 11:48:00.000000000,BEST_BID,"JPM,100874,170"
2019-06-28 11:48:00.000000000,BEST_ASK,"JPM,101452,94"
2019-06-28 11:48:00.000000000,LAST_TRADE,"3,$101452.0000"
2019-06-28 11:48:00.000000000,QUERY_SPREAD,94
2019-06-28 11:48:00.000000000,BEST_BID,"JPM,100874,170"
2019-06-28 11:48:00.000000000,BEST_ASK,"JPM,101452,90"
2019-06-28 11:48:00.000000000,LAST_TRADE,"4,$101452.0000"
2019-06-28 11:48:00.000000000,QUERY_SPREAD,95
2019-06-28 11:48:00.000000000,BEST_BID,"JPM,100874,170"
2019-06-28 11:48:00.000000000,BEST_ASK,"JPM,101452,85"
2019-06-28 11:48:00.000000000,LAST_TRADE,"5,$101452.0000"
2019-06-28 11:48:00.000000000,QUERY_SPREAD,96
2019-06-28 11:48:00.000000000,BEST_BID,"JPM,100874,170"
2019-06-28 11:48:00.000000000,BEST_ASK,"JPM,101452,84"
2019-06-28 11:48:00.000000000,LAST_TRADE,"1,$101452.0000"
2019-06-28 11:48:00.000000000,QUERY_SPREAD,97
2019-06-28 11:48:00.000000000,BEST_BID,"JPM,100874,170"
2019-06-28 11:48:00.000000000,BEST_ASK,"JPM,101452,77"
2019-06-28 11:48:00.000000000,LAST_TRADE,"7,$101452.0000"
2019-06-28 11:48:00.000000000,QUERY_SPREAD,98
2019-06-28 11:48:00.000000000,BEST_BID,"JPM,100874,170"
2019-06-28 11:48:00.000000000,BEST_ASK,"JPM,101452,71"
2019-06-28 11:48:00.000000000,LAST_TRADE,"6,$101452.0000"
2019-06-28 11:48:00.000000000,QUERY_SPREAD,99
2019-06-28 11:48:00.000000000,BEST_BID,"JPM,100874,170"
2019-06-28 11:48:00.000000000,BEST_ASK,"JPM,101452,66"
2019-06-28 11:48:00.000000000,LAST_TRADE,"5,$101452.0000"
2019-06-28 11:48:00.000000000,QUERY_SPREAD,100
2019-06-28 11:48:00.000000000,BEST_BID,"JPM,100874,170"
2019-06-28 11:48:00.000000000,BEST_ASK,"JPM,101452,59"
2019-06-28 11:48:00.000000000,LAST_TRADE,"7,$101452.0000"
2019-06-28 11:48:00.000000000,QUERY_SPREAD,101
2019-06-28 11:48:00.000000000,QUERY_ORDER_STREAM,101
2019-06-28 11:48:10.000000000,QUERY_SPREAD,1
2019-06-28 11:48:11.814164728,QUERY_SPREAD,18
2019-06-28 11:48:11.814164728,BEST_BID,"JPM,100874,100"
2019-06-28 11:48:11.814164728,BEST_ASK,"JPM,101813,100"
2019-06-28 11:48:20.000000000,QUERY_SPREAD,1
2019-06-28 11:48:20.000000000,BEST_BID,"JPM,100874,170"
2019-06-28 11:48:20.000000000,BEST_ASK,"JPM,101813,100"
2019-06-28 11:48:20.000000000,BEST_BID,"JPM,100874,170"
2019-06-28 11:48:20.000000000,BEST_ASK,"JPM,101813,100"
2019-06-28 11:48:20.000000000,BEST_BID,"JPM,100874,170"
2019-06-28 11:48:20.000000000,BEST_ASK,"JPM,101813,100"
2019-06-28 11:48:20.000000000,BEST_BID,"JPM,100874,170"
2019-06-28 11:48:20.000000000,BEST_ASK,"JPM,101813,100"
2019-06-28 11:48:20.000000000,BEST_BID,"JPM,100874,170"
2019-06-28 11:48:20.000000000,BEST_ASK,"JPM,101813,170"
2019-06-28 11:48:20.000000000,BEST_BID,"JPM,100874,170"
2019-06-28 11:48:20.000000000,BEST_ASK,"JPM,101813,170"
2019-06-28 11:48:21.830709982,QUERY_SPREAD,15
2019-06-28 11:48:21.830709982,BEST_BID,"JPM,100874,170"
2019-06-28 11:48:21.830709982,BEST_ASK,"JPM,101813,170"
2019-06-28 11:48:25.185915639,QUERY_SPREAD,3
2019-06-28 11:48:25.185915639,BEST_BID,"JPM,100874,170"
2019-06-28 11:48:25.185915639,BEST_ASK,"JPM,101615,100"
2019-06-28 11:48:30.000000000,QUERY_SPREAD,1
2019-06-28 11:48:30.000000000,BEST_BID,"JPM,100874,195"
2019-06-28 11:48:30.000000000,BEST_ASK,"JPM,101615,100"
2019-06-28 11:48:30.000000000,BEST_BID,"JPM,100874,195"
2019-06-28 11:48:30.000000000,BEST_ASK,"JPM,101615,100"
2019-06-28 11:48:30.000000000,BEST_BID,"JPM,100874,195"
2019-06-28 11:48:30.000000000,BEST_ASK,"JPM,101615,100"
2019-06-28 11:48:30.000000000,BEST_BID,"JPM,100874,195"
2019-06-28 11:48:30.000000000,BEST_ASK,"JPM,101615,195"
2019-06-28 11:48:30.000000000,BEST_BID,"JPM,100874,195"
2019-06-28 11:48:30.000000000,BEST_ASK,"JPM,101615,195"
2019-06-28 11:48:30.000000000,BEST_BID,"JPM,100874,195"
2019-06-28 11:48:30.000000000,BEST_ASK,"JPM,101615,195"
2019-06-28 11:48:34.438852318,QUERY_ORDER_STREAM,55
2019-06-28 11:48:34.438852318,QUERY_SPREAD,55
2019-06-28 11:48:34.438852318,BEST_BID,"JPM,101452,100"
2019-06-28 11:48:34.438852318,BEST_ASK,"JPM,101615,195"
2019-06-28 11:48:40.000000000,QUERY_SPREAD,1
2019-06-28 11:48:40.000000000,BEST_BID,"JPM,101452,156"
2019-06-28 11:48:40.000000000,BEST_ASK,"JPM,101615,100"
2019-06-28 11:48:40.000000000,BEST_BID,"JPM,101452,156"
2019-06-28 11:48:40.000000000,BEST_ASK,"JPM,101615,100"
2019-06-28 11:48:40.000000000,BEST_BID,"JPM,101452,156"
2019-06-28 11:48:40.000000000,BEST_ASK,"JPM,101615,100"
2019-06-28 11:48:40.000000000,BEST_BID,"JPM,101452,156"
2019-06-28 11:48:40.000000000,BEST_ASK,"JPM,101615,100"
2019-06-28 11:48:40.000000000,BEST_BID,"JPM,101452,156"
2019-06-28 11:48:40.000000000,BEST_ASK,"JPM,101615,100"
2019-06-28 11:48:40.000000000,BEST_BID,"JPM,101452,156"
2019-06-28 11:48:40.000000000,BEST_ASK,"JPM,101615,156"
2019-06-28 11:48:40.000000000,BEST_BID,"JPM,101452,156"
2019-06-28 11:48:40.000000000,BEST_ASK,"JPM,101615,156"
2019-06-28 11:48:40.000000000,BEST_BID,"JPM,101452,156"
2019-06-28 11:48:40.000000000,BEST_ASK,"JPM,101615,156"
2019-06-28 11:48:40.000000000,BEST_BID,"JPM,101452,156"
2019-06-28 11:48:40.000000000,BEST_ASK,"JPM,101615,156"
2019-06-28 11:48:50.000000000,QUERY_SPREAD,1
2019-06-28 11:48:50.000000000,BEST_BID,"JPM,101452,170"
2019-06-28 11:48:50.000000000,BEST_ASK,"JPM,101615,100"
2019-06-28 11:48:50.000000000,BEST_BID,"JPM,101452,170"
2019-06-28 11:48:50.000000000,BEST_ASK,"JPM,101615,100"
2019-06-28 11:48:50.000000000,BEST_BID,"JPM,101452,170"
2019-06-28 11:48:50.000000000,BEST_ASK,"JPM,101615,100"
2019-06-28 11:48:50.000000000,BEST_BID,"JPM,101452,170"
2019-06-28 11:48:50.000000000,BEST_ASK,"JPM,101615,100"
2019-06-28 11:48:50.000000000,BEST_BID,"JPM,101452,170"
2019-06-28 11:48:50.000000000,BEST_ASK,"JPM,101615,170"
2019-06-28 11:48:50.000000000,BEST_BID,"JPM,101452,170"
2019-06-28 11:48:50.000000000,BEST_ASK,"JPM,101615,170"
2019-06-28 11:48:50.000000000,BEST_BID,"JPM,101452,170"
2019-06-28 11:48:50.000000000,BEST_ASK,"JPM,101615,170"
2019-06-28 11:48:50.000000000,BEST_BID,"JPM,101452,170"
2019-06-28 11:48:50.000000000,BEST_ASK,"JPM,101615,170"
2019-06-28 11:48:54.667699546,QUERY_SPREAD,12
2019-06-28 11:48:54.667699546,BEST_BID,"JPM,101588,100"
2019-06-28 11:48:54.667699546,BEST_ASK,"JPM,101615,170"
2019-06-28 11:49:00.000000000,QUERY_SPREAD,1
2019-06-28 11:49:00.000000000,BEST_BID,"JPM,101588,195"
2019-06-28 11:49:00.000000000,BEST_ASK,"JPM,101615,100"
2019-06-28 11:49:00.000000000,BEST_BID,"JPM,101588,195"
2019-06-28 11:49:00.000000000,BEST_ASK,"JPM,101615,100"
2019-06-28 11:49:00.000000000,BEST_BID,"JPM,101588,195"
2019-06-28 11:49:00.000000000,BEST_ASK,"JPM,101615,100"
2019-06-28 11:49:00.000000000,BEST_BID,"JPM,101588,195"
2019-06-28 11:49:00.000000000,BEST_ASK,"JPM,101615,195"
2019-06-28 11:49:00.000000000,BEST_BID,"JPM,101588,195"
2019-06-28 11:49:00.000000000,BEST_ASK,"JPM,101615,195"
2019-06-28 11:49:00.000000000,BEST_BID,"JPM,101588,195"
2019-06-28 11:49:00.000000000,BEST_ASK,"JPM,101615,195"
2019-06-28 11:49:00.000000000,QUERY_SPREAD,77
2019-06-28 11:49:00.000000000,BEST_BID,"JPM,101588,195"
2019-06-28 11:49:00.000000000,BEST_ASK,"JPM,101615,194"
2019-06-28 11:49:00.000000000,LAST_TRADE,"1,$101615.0000"
2019-06-28 11:49:00.000000000,QUERY_SPREAD,78
2019-06-28 11:49:00.000000000,BEST_BID,"JPM,101588,195"
2019-06-28 11:49:00.000000000,BEST_ASK,"JPM,101615,190"
2019-06-28 11:49:00.000000000,LAST_TRADE,"4,$101615.0000"
2019-06-28 11:49:00.000000000,QUERY_SPREAD,79
2019-06-28 11:49:00.000000000,BEST_BID,"JPM,101588,195"
2019-06-28 11:49:00.000000000,BEST_ASK,"JPM,101615,184"
2019-06-28 11:49:00.000000000,LAST_TRADE,"6,$101615.0000"
2019-06-28 11:49:00.000000000,QUERY_SPREAD,80
2019-06-28 11:49:00.000000000,BEST_BID,"JPM,101588,195"
2019-06-28 11:49:00.000000000,BEST_ASK,"JPM,101615,179"
2019-06-28 11:49:00.000000000,LAST_TRADE,"5,$101615.0000"
2019-06-28 11:49:00.000000000,QUERY_SPREAD,81
2019-06-28 11:49:00.000000000,BEST_BID,"JPM,101588,195"
2019-06-28 11:49:00.000000000,BEST_ASK,"JPM,101615,171"
2019-06-28 11:49:00.000000000,LAST_TRADE,"8,$101615.0000"
2019-06-28 11:49:00.000000000,QUERY_SPREAD,82
2019-06-28 11:49:00.000000000,BEST_BID,"JPM,101588,195"
2019-06-28 11:49:00.000000000,BEST_ASK,"JPM,101615,163"
2019-06-28 11:49:00.000000000,LAST_TRADE,"8,$101615.0000"
2019-06-28 11:49:00.000000000,QUERY_SPREAD,83
2019-06-28 11:49:00.000000000,BEST_BID,"JPM,101588,195"
2019-06-28 11:49:00.000000000,BEST_ASK,"JPM,101615,161"
2019-06-28 11:49:00.000000000,LAST_TRADE,"2,$101615.0000"
2019-06-28 11:49:00.000000000,QUERY_SPREAD,84
2019-06-28 11:49:00.000000000,BEST_BID,"JPM,101588,195"
2019-06-28 11:49:00.000000000,BEST_ASK,"JPM,101615,160"
2019-06-28 11:49:00.000000000,LAST_TRADE,"1,$101615.0000"
2019-06-28 11:49:00.000000000,QUERY_SPREAD,85
2019-06-28 11:49:00.000000000,BEST_BID,"JPM,101588,195"
2019-06-28 11:49:00.000000000,BEST_ASK,"JPM,101615,159"
2019-06-28 11:49:00.000000000,LAST_TRADE,"1,$101615.0000"
2019-06-28 11:49:00.000000000,QUERY_SPREAD,86
2019-06-28 11:49:00.000000000,BEST_BID,"JPM,101588,195"
2019-06-28 11:49:00.000000000,BEST_ASK,"JPM,101615,153"
2019-06-28 11:49:00.000000000,LAST_TRADE,"6,$101615.0000"
2019-06-28 11:49:00.000000000,QUERY_SPREAD,87
2019-06-28 11:49:00.000000000,BEST_BID,"JPM,101588,195"
2019-06-28 11:49:00.000000000,BEST_ASK,"JPM,101615,150"
2019-06-28 11:49:00.000000000,LAST_TRADE,"3,$101615.0000"
2019-06-28 11:49:00.000000000,QUERY_SPREAD,88
2019-06-28 11:49:00.000000000,BEST_BID,"JPM,101588,195"
2019-06-28 11:49:00.000000000,BEST_ASK,"JPM,101615,146"
2019-06-28 11:49:00.000000000,LAST_TRADE,"4,$101615.0000"
2019-06-28 11:49:00.000000000,QUERY_SPREAD,89
2019-06-28 11:49:00.000000000,BEST_BID,"JPM,101588,195"
2019-06-28 11:49:00.000000000,BEST_ASK,"JPM,101615,142"
2019-06-28 11:49:00.000000000,LAST_TRADE,"4,$101615.0000"
2019-06-28 11:49:00.000000000,QUERY_SPREAD,90
2019-06-28 11:49:00.000000000,BEST_BID,"JPM,101588,195"
2019-06-28 11:49:00.000000000,BEST_ASK,"JPM,101615,135"
2019-06-28 11:49:00.000000000,LAST_TRADE,"7,$101615.0000"
2019-06-28 11:49:00.000000000,QUERY_SPREAD,91
2019-06-28 11:49:00.000000000,BEST_BID,"JPM,101588,195"
2019-06-28 11:49:00.000000000,BEST_ASK,"JPM,101615,127"
2019-06-28 11:49:00.000000000,LAST_TRADE,"8,$101615.0000"
2019-06-28 11:49:00.000000000,QUERY_SPREAD,92
2019-06-28 11:49:00.000000000,BEST_BID,"JPM,101588,195"
2019-06-28 11:49:00.000000000,BEST_ASK,"JPM,101615,122"
2019-06-28 11:49:00.000000000,LAST_TRADE,"5,$101615.0000"
2019-06-28 11:49:00.000000000,QUERY_SPREAD,93
2019-06-28 11:49:00.000000000,BEST_BID,"JPM,101588,195"
2019-06-28 11:49:00.000000000,BEST_ASK,"JPM,101615,119"
2019-06-28 11:49:00.000000000,LAST_TRADE,"3,$101615.0000"
2019-06-28 11:49:00.000000000,QUERY_SPREAD,94
2019-06-28 11:49:00.000000000,BEST_BID,"JPM,101588,195"
2019-06-28 11:49:00.000000000,BEST_ASK,"JPM,101615,115"
2019-06-28 11:49:00.000000000,LAST_TRADE,"4,$101615.0000"
2019-06-28 11:49:00.000000000,QUERY_SPREAD,95
2019-06-28 11:49:00.000000000,BEST_BID,"JPM,101588,195"
2019-06-28 11:49:00.000000000,BEST_ASK,"JPM,101615,110"
2019-06-28 11:49:00.000000000,LAST_TRADE,"5,$101615.0000"
2019-06-28 11:49:00.000000000,QUERY_SPREAD,96
2019-06-28 11:49:00.000000000,BEST_BID,"JPM,101588,195"
2019-06-28 11:49:00.000000000,BEST_ASK,"JPM,101615,109"
2019-06-28 11:49:00.000000000,LAST_TRADE,"1,$101615.0000"
2019-06-28 11:49:00.000000000,QUERY_SPREAD,97
2019-06-28 11:49:00.000000000,BEST_BID,"JPM,101588,195"
2019-06-28 11:49:00.000000000,BEST_ASK,"JPM,101615,102"
2019-06-28 11:49:00.000000000,LAST_TRADE,"7,$101615.0000"
2019-06-28 11:49:00.000000000,QUERY_SPREAD,98
2019-06-28 11:49:00.000000000,BEST_BID,"JPM,101588,195"
2019-06-28 11:49:00.000000000,BEST_ASK,"JPM,101615,96"
2019-06-28 11:49:00.000000000,LAST_TRADE,"6,$101615.0000"
2019-06-28 11:49:00.000000000,QUERY_SPREAD,99
2019-06-28 11:49:00.000000000,BEST_BID,"JPM,101588,195"
2019-06-28 11:49:00.000000000,BEST_ASK,"JPM,101615,91"
2019-06-28 11:49:00.000000000,LAST_TRADE,"5,$101615.0000"
2019-06-28 11:49:00.000000000,QUERY_SPREAD,100
2019-06-28 11:49:00.000000000,BEST_BID,"JPM,101588,195"
2019-06-28 11:49:00.000000000,BEST_ASK,"JPM,101615,84"
2019-06-28 11:49:00.000000000,LAST_TRADE,"7,$101615.0000"
2019-06-28 11:49:00.000000000,QUERY_SPREAD,101
2019-06-28 11:49:00.000000000,QUERY_ORDER_STREAM,101
2019-06-28 11:49:00.000000000,BEST_BID,"JPM,101588,195"
2019-06-28 11:49:00.000000000,BEST_ASK,"JPM,101615,85"
2019-06-28 11:49:05.199782263,QUERY_ORDER_STREAM,75
2019-06-28 11:49:05.199782263,QUERY_SPREAD,75
2019-06-28 11:49:10.000000000,QUERY_SPREAD,1
2019-06-28 11:49:10.000000000,BEST_BID,"JPM,101588,240"
2019-06-28 11:49:10.000000000,BEST_ASK,"JPM,101615,1"
2019-06-28 11:49:10.000000000,BEST_BID,"JPM,101588,240"
2019-06-28 11:49:10.000000000,BEST_ASK,"JPM,101615,1"
2019-06-28 11:49:10.000000000,BEST_BID,"JPM,101588,240"
2019-06-28 11:49:10.000000000,BEST_ASK,"JPM,101615,141"
2019-06-28 11:49:10.000000000,BEST_BID,"JPM,101588,240"
2019-06-28 11:49:10.000000000,BEST_ASK,"JPM,101615,141"
2019-06-28 11:49:11.244758868,QUERY_ORDER_STREAM,73
2019-06-28 11:49:11.244758868,QUERY_SPREAD,73
2019-06-28 11:49:11.244758868,BEST_BID,"JPM,101588,240"
2019-06-28 11:49:11.244758868,BEST_ASK,"JPM,101615,41"
2019-06-28 11:49:11.244758868,LAST_TRADE,"100,$101615.0000"
2019-06-28 11:49:20.000000000,QUERY_SPREAD,1
2019-06-28 11:49:20.000000000,BEST_BID,"JPM,101588,240"
2019-06-28 11:49:20.000000000,BEST_ASK,"JPM,101813,100"
2019-06-28 11:49:20.000000000,BEST_BID,"JPM,101588,240"
2019-06-28 11:49:20.000000000,BEST_ASK,"JPM,101813,100"
2019-06-28 11:49:20.000000000,BEST_BID,"JPM,101588,240"
2019-06-28 11:49:20.000000000,BEST_ASK,"JPM,101813,240"
2019-06-28 11:49:20.000000000,BEST_BID,"JPM,101588,240"
2019-06-28 11:49:20.000000000,BEST_ASK,"JPM,101813,240"
2019-06-28 11:49:22.650445037,QUERY_SPREAD,43
2019-06-28 11:49:22.650445037,BEST_BID,"JPM,101588,240"
2019-06-28 11:49:22.650445037,BEST_ASK,"JPM,101813,240"
2019-06-28 11:49:29.679836462,QUERY_SPREAD,20
2019-06-28 11:49:29.679836462,BEST_BID,"JPM,101597,100"
2019-06-28 11:49:29.679836462,BEST_ASK,"JPM,101813,240"
2019-06-28 11:49:30.000000000,QUERY_SPREAD,1
2019-06-28 11:49:30.000000000,BEST_BID,"JPM,101597,195"
2019-06-28 11:49:30.000000000,BEST_ASK,"JPM,101813,100"
2019-06-28 11:49:30.000000000,BEST_BID,"JPM,101597,195"
2019-06-28 11:49:30.000000000,BEST_ASK,"JPM,101813,100"
2019-06-28 11:49:30.000000000,BEST_BID,"JPM,101597,195"
2019-06-28 11:49:30.000000000,BEST_ASK,"JPM,101813,100"
2019-06-28 11:49:30.000000000,BEST_BID,"JPM,101597,195"
2019-06-28 11:49:30.000000000,BEST_ASK,"JPM,101813,195"
2019-06-28 11:49:30.000000000,BEST_BID,"JPM,101597,195"
2019-06-28 11:49:30.000000000,BEST_ASK,"JPM,101813,195"
2019-06-28 11:49:30.000000000,BEST_BID,"JPM,101597,195"
2019-06-28 11:49:30.000000000,BEST_ASK,"JPM,101813,195"
2019-06-28 11:49:40.000000000,QUERY_SPREAD,1
2019-06-28 11:49:40.000000000,BEST_BID,"JPM,101597,380"
2019-06-28 11:49:40.000000000,BEST_ASK,"JPM,101813,100"
2019-06-28 11:49:40.000000000,BEST_BID,"JPM,101597,380"
2019-06-28 11:49:40.000000000,BEST_ASK,"JPM,101813,380"
2019-06-28 11:49:44.114948610,QUERY_ORDER_STREAM,76
2019-06-28 11:49:44.114948610,QUERY_SPREAD,76
2019-06-28 11:49:44.114948610,BEST_BID,"JPM,101597,380"
2019-06-28 11:49:44.114948610,BEST_ASK,"JPM,101615,100"
2019-06-28 11:49:50.000000000,QUERY_SPREAD,1
2019-06-28 11:49:50.000000000,BEST_BID,"JPM,101597,240"
2019-06-28 11:49:50.000000000,BEST_ASK,"JPM,101615,100"
2019-06-28 11:49:50.000000000,BEST_BID,"JPM,101597,240"
2019-06-28 11:49:50.000000000,BEST_ASK,"JPM,101615,100"
2019-06-28 11:49:50.000000000,BEST_BID,"JPM,101597,240"
2019-06-28 11:49:50.000000000,BEST_ASK,"JPM,101615,240"
2019-06-28 11:49:50.000000000,BEST_BID,"JPM,101597,240"
2019-06-28 11:49:50.000000000,BEST_ASK,"JPM,101615,240"
2019-06-28 11:50:00.000000000,QUERY_SPREAD,1
2019-06-28 11:50:00.000000000,BEST_BID,"JPM,101597,195"
2019-06-28 11:50:00.000000000,BEST_ASK,"JPM,101615,100"
2019-06-28 11:50:00.000000000,BEST_BID,"JPM,101597,195"
2019-06-28 11:50:00.000000000,BEST_ASK,"JPM,101615,100"
2019-06-28 11:50:00.000000000,BEST_BID,"JPM,101597,195"
2019-06-28 11:50:00.000000000,BEST_ASK,"JPM,101615,100"
2019-06-28 11:50:00.000000000,BEST_BID,"JPM,101597,195"
2019-06-28 11:50:00.000000000,BEST_ASK,"JPM,101615,195"
2019-06-28 11:50:00.000000000,BEST_BID,"JPM,101597,195"
2019-06-28 11:50:00.000000000,BEST_ASK,"JPM,101615,195"
2019-06-28 11:50:00.000000000,BEST_BID,"JPM,101597,195"
2019-06-28 11:50:00.000000000,BEST_ASK,"JPM,101615,195"
2019-06-28 11:50:00.000000000,QUERY_SPREAD,77
2019-06-28 11:50:00.000000000,BEST_BID,"JPM,101597,195"
2019-06-28 11:50:00.000000000,BEST_ASK,"JPM,101615,194"
2019-06-28 11:50:00.000000000,LAST_TRADE,"1,$101615.0000"
2019-06-28 11:50:00.000000000,QUERY_SPREAD,78
2019-06-28 11:50:00.000000000,BEST_BID,"JPM,101597,195"
2019-06-28 11:50:00.000000000,BEST_ASK,"JPM,101615,190"
2019-06-28 11:50:00.000000000,LAST_TRADE,"4,$101615.0000"
2019-06-28 11:50:00.000000000,QUERY_SPREAD,79
2019-06-28 11:50:00.000000000,BEST_BID,"JPM,101597,195"
2019-06-28 11:50:00.000000000,BEST_ASK,"JPM,101615,184"
2019-06-28 11:50:00.000000000,LAST_TRADE,"6,$101615.0000"
2019-06-28 11:50:00.000000000,QUERY_SPREAD,80
2019-06-28 11:50:00.000000000,BEST_BID,"JPM,101597,195"
2019-06-28 11:50:00.000000000,BEST_ASK,"JPM,101615,179"
2019-06-28 11:50:00.000000000,LAST_TRADE,"5,$101615.0000"
2019-06-28 11:50:00.000000000,QUERY_SPREAD,81
2019-06-28 11:50:00.000000000,BEST_BID,"JPM,101597,195"
2019-06-28 11:50:00.000000000,BEST_ASK,"JPM,101615,171"
2019-06-28 11:50:00.000000000,LAST_TRADE,"8,$101615.0000"
2019-06-28 11:50:00.000000000,QUERY_SPREAD,82
2019-06-28 11:50:00.000000000,BEST_BID,"JPM,101597,195"
2019-06-28 11:50:00.000000000,BEST_ASK,"JPM,101615,163"
2019-06-28 11:50:00.000000000,LAST_TRADE,"8,$101615.0000"
2019-06-28 11:50:00.000000000,QUERY_SPREAD,83
2019-06-28 11:50:00.000000000,BEST_BID,"JPM,101597,195"
2019-06-28 11:50:00.000000000,BEST_ASK,"JPM,101615,161"
2019-06-28 11:50:00.000000000,LAST_TRADE,"2,$101615.0000"
2019-06-28 11:50:00.000000000,QUERY_SPREAD,84
2019-06-28 11:50:00.000000000,BEST_BID,"JPM,101597,195"
2019-06-28 11:50:00.000000000,BEST_ASK,"JPM,101615,160"
2019-06-28 11:50:00.000000000,LAST_TRADE,"1,$101615.0000"
2019-06-28 11:50:00.000000000,QUERY_SPREAD,85
2019-06-28 11:50:00.000000000,BEST_BID,"JPM,101597,195"
2019-06-28 11:50:00.000000000,BEST_ASK,"JPM,101615,159"
2019-06-28 11:50:00.000000000,LAST_TRADE,"1,$101615.0000"
2019-06-28 11:50:00.000000000,QUERY_SPREAD,86
2019-06-28 11:50:00.000000000,BEST_BID,"JPM,101597,195"
2019-06-28 11:50:00.000000000,BEST_ASK,"JPM,101615,153"
2019-06-28 11:50:00.000000000,LAST_TRADE,"6,$101615.0000"
2019-06-28 11:50:00.000000000,QUERY_SPREAD,87
2019-06-28 11:50:00.000000000,BEST_BID,"JPM,101597,195"
2019-06-28 11:50:00.000000000,BEST_ASK,"JPM,101615,150"
2019-06-28 11:50:00.000000000,LAST_TRADE,"3,$101615.0000"
2019-06-28 11:50:00.000000000,QUERY_SPREAD,88
2019-06-28 11:50:00.000000000,BEST_BID,"JPM,101597,195"
2019-06-28 11:50:00.000000000,BEST_ASK,"JPM,101615,146"
2019-06-28 11:50:00.000000000,LAST_TRADE,"4,$101615.0000"
2019-06-28 11:50:00.000000000,QUERY_SPREAD,89
2019-06-28 11:50:00.000000000,BEST_BID,"JPM,101597,195"
2019-06-28 11:50:00.000000000,BEST_ASK,"JPM,101615,142"
2019-06-28 11:50:00.000000000,LAST_TRADE,"4,$101615.0000"
2019-06-28 11:50:00.000000000,QUERY_SPREAD,90
2019-06-28 11:50:00.000000000,BEST_BID,"JPM,101597,195"
2019-06-28 11:50:00.000000000,BEST_ASK,"JPM,101615,135"
2019-06-28 11:50:00.000000000,LAST_TRADE,"7,$101615.0000"
2019-06-28 11:50:00.000000000,QUERY_SPREAD,91
2019-06-28 11:50:00.000000000,BEST_BID,"JPM,101597,195"
2019-06-28 11:50:00.000000000,BEST_ASK,"JPM,101615,127"
2019-06-28 11:50:00.000000000,LAST_TRADE,"8,$101615.0000"
2019-06-28 11:50:00.000000000,QUERY_SPREAD,92
2019-06-28 11:50:00.000000000,BEST_BID,"JPM,101597,195"
2019-06-28 11:50:00.000000000,BEST_ASK,"JPM,101615,122"
2019-06-28 11:50:00.000000000,LAST_TRADE,"5,$101615.0000"
2019-06-28 11:50:00.000000000,QUERY_SPREAD,93
2019-06-28 11:50:00.000000000,BEST_BID,"JPM,101597,195"
2019-06-28 11:50:00.000000000,BEST_ASK,"JPM,101615,119"
2019-06-28 11:50:00.000000000,LAST_TRADE,"3,$101615.0000"
2019-06-28 11:50:00.000000000,QUERY_SPREAD,94
2019-06-28 11:50:00.000000000,BEST_BID,"JPM,101597,195"
2019-06-28 11:50:00.000000000,BEST_ASK,"JPM,101615,115"
2019-06-28 11:50:00.000000000,LAST_TRADE,"4,$101615.0000"
2019-06-28 11:50:00.000000000,QUERY_SPREAD,95
2019-06-28 11:50:00.000000000,BEST_BID,"JPM,101597,195"
2019-06-28 11:50:00.000000000,BEST_ASK,"JPM,101615,110"
2019-06-28 11:50:00.000000000,LAST_TRADE,"5,$101615.0000"
2019-06-28 11:50:00.000000000,QUERY_SPREAD,96
2019-06-28 11:50:00.000000000,BEST_BID,"JPM,101597,195"
2019-06-28 11:50:00.000000000,BEST_ASK,"JPM,101615,109"
2019-06-28 11:50:00.000000000,LAST_TRADE,"1,$101615.0000"
2019-06-28 11:50:00.000000000,QUERY_SPREAD,97
2019-06-28 11:50:00.000000000,BEST_BID,"JPM,101597,195"
2019-06-28 11:50:00.000000000,BEST_ASK,"JPM,101615,102"
2019-06-28 11:50:00.000000000,LAST_TRADE,"7,$101615.0000"
2019-06-28 11:50:00.000000000,QUERY_SPREAD,98
2019-06-28 11:50:00.000000000,BEST_BID,"JPM,101597,195"
2019-06-28 11:50:00.000000000,BEST_ASK,"JPM,101615,96"
2019-06-28 11:50:00.000000000,LAST_TRADE,"6,$101615.0000"
2019-06-28 11:50:00.000000000,QUERY_SPREAD,99
2019-06-28 11:50:00.000000000,BEST_BID,"JPM,101597,195"
2019-06-28 11:50:00.000000000,BEST_ASK,"JPM,101615,91"
2019-06-28 11:50:00.000000000,LAST_TRADE,"5,$101615.0000"
2019-06-28 11:50:00.000000000,QUERY_SPREAD,100
2019-06-28 11:50:00.000000000,BEST_BID,"JPM,101597,195"
2019-06-28 11:50:00.000000000,BEST_ASK,"JPM,101615,84"
2019-06-28 11:50:00.000000000,LAST_TRADE,"7,$101615.0000"
2019-06-28 11:50:00.000000000,QUERY_SPREAD,101
2019-06-28 11:50:00.000000000,QUERY_ORDER_STREAM,101
2019-06-28 11:50:00.000000000,BEST_BID,"JPM,101597,195"
2019-06-28 11:50:00.000000000,BEST_ASK,"JPM,101615,85"
2019-06-28 11:50:07.540379975,QUERY_SPREAD,6
2019-06-28 11:50:07.540379975,BEST_BID,"JPM,101597,195"
2019-06-28 11:50:07.540379975,BEST_ASK,"JPM,101615,85"
2019-06-28 11:50:10.000000000,QUERY_SPREAD,1
2019-06-28 11:50:10.000000000,BEST_BID,"JPM,101597,170"
2019-06-28 11:50:10.000000000,BEST_ASK,"JPM,101615,1"
2019-06-28 11:50:10.000000000,BEST_BID,"JPM,101597,170"
2019-06-28 11:50:10.000000000,BEST_ASK,"JPM,101615,1"
2019-06-28 11:50:10.000000000,BEST_BID,"JPM,101597,170"
2019-06-28 11:50:10.000000000,BEST_ASK,"JPM,101615,1"
2019-06-28 11:50:10.000000000,BEST_BID,"JPM,101597,170"
2019-06-28 11:50:10.000000000,BEST_ASK,"JPM,101615,1"
2019-06-28 11:50:10.000000000,BEST_BID,"JPM,101597,170"
2019-06-28 11:50:10.000000000,BEST_ASK,"JPM,101615,71"
2019-06-28 11:50:10.000000000,BEST_BID,"JPM,101597,170"
2019-06-28 11:50:10.000000000,BEST_ASK,"JPM,101615,71"
2019-06-28 11:50:10.000000000,BEST_BID,"JPM,101597,170"
2019-06-28 11:50:10.000000000,BEST_ASK,"JPM,101615,71"
2019-06-28 11:50:10.000000000,BEST_BID,"JPM,101597,170"
2019-06-28 11:50:10.000000000,BEST_ASK,"JPM,101615,71"
2019-06-28 11:50:20.000000000,QUERY_SPREAD,1
2019-06-28 11:50:20.000000000,BEST_BID,"JPM,101597,380"
2019-06-28 11:50:20.000000000,BEST_ASK,"JPM,101615,1"
2019-06-28 11:50:20.000000000,BEST_BID,"JPM,101597,380"
2019-06-28 11:50:20.000000000,BEST_ASK,"JPM,101615,281"
2019-06-28 11:50:24.696682155,QUERY_SPREAD,5
2019-06-28 11:50:24.696682155,BEST_BID,"JPM,101597,380"
2019-06-28 11:50:24.696682155,BEST_ASK,"JPM,101615,281"
2019-06-28 11:50:27.108521261,QUERY_SPREAD,39
2019-06-28 11:50:27.108521261,BEST_BID,"JPM,101597,280"
2019-06-28 11:50:27.108521261,BEST_ASK,"JPM,101615,281"
2019-06-28 11:50:27.108521261,LAST_TRADE,"100,$101597.0000"
2019-06-28 11:50:30.000000000,QUERY_SPREAD,1
2019-06-28 11:50:30.000000000,BEST_BID,"JPM,101588,195"
2019-06-28 11:50:30.000000000,BEST_ASK,"JPM,101615,1"
2019-06-28 11:50:30.000000000,BEST_BID,"JPM,101588,195"
2019-06-28 11:50:30.000000000,BEST_ASK,"JPM,101615,1"
2019-06-28 11:50:30.000000000,BEST_BID,"JPM,101588,195"
2019-06-28 11:50:30.000000000,BEST_ASK,"JPM,101615,1"
2019-06-28 11:50:30.000000000,BEST_BID,"JPM,101588,195"
2019-06-28 11:50:30.000000000,BEST_ASK,"JPM,101615,96"
2019-06-28 11:50:30.000000000,BEST_BID,"JPM,101588,195"
2019-06-28 11:50:30.000000000,BEST_ASK,"JPM,101615,96"
2019-06-28 11:50:30.000000000,BEST_BID,"JPM,101588,195"
2019-06-28 11:50:30.000000000,BEST_ASK,"JPM,101615,96"
2019-06-28 11:50:40.000000000,QUERY_SPREAD,1
2019-06-28 11:50:40.000000000,BEST_BID,"JPM,101588,240"
2019-06-28 11:50:40.000000000,BEST_ASK,"JPM,101615,1"
2019-06-28 11:50:40.000000000,BEST_BID,"JPM,101588,240"
2019-06-28 11:50:40.000000000,BEST_ASK,"JPM,101615,1"
2019-06-28 11:50:40.000000000,BEST_BID,"JPM,101588,240"
2019-06-28 11:50:40.000000000,BEST_ASK,"JPM,101615,141"
2019-06-28 11:50:40.000000000,BEST_BID,"JPM,101588,240"
2019-06-28 11:50:40.000000000,BEST_ASK,"JPM,101615,141"
2019-06-28 11:50:40.612752378,QUERY_SPREAD,49
2019-06-28 11:50:40.612752378,BEST_BID,"JPM,101588,240"
2019-06-28 11:50:40.612752378,BEST_ASK,"JPM,101615,141"
2019-06-28 11:50:41.537043927,QUERY_ORDER_STREAM,58
2019-06-28 11:50:41.537043927,QUERY_SPREAD,58
2019-06-28 11:50:50.000000000,QUERY_SPREAD,1
2019-06-28 11:50:50.000000000,BEST_BID,"JPM,101588,380"
2019-06-28 11:50:50.000000000,BEST_ASK,"JPM,101615,1"
2019-06-28 11:50:50.000000000,BEST_BID,"JPM,101588,380"
2019-06-28 11:50:50.000000000,BEST_ASK,"JPM,101615,281"
2019-06-28 11:51:00.000000000,QUERY_SPREAD,1
2019-06-28 11:51:00.000000000,BEST_BID,"JPM,101588,170"
2019-06-28 11:51:00.000000000,BEST_ASK,"JPM,101615,1"
2019-06-28 11:51:00.000000000,BEST_BID,"JPM,101588,170"
2019-06-28 11:51:00.000000000,BEST_ASK,"JPM,101615,1"
2019-06-28 11:51:00.000000000,BEST_BID,"JPM,101588,170"
2019-06-28 11:51:00.000000000,BEST_ASK,"JPM,101615,1"
2019-06-28 11:51:00.000000000,BEST_BID,"JPM,101588,170"
2019-06-28 11:51:00.000000000,BEST_ASK,"JPM,101615,1"
2019-06-28 11:51:00.000000000,BEST_BID,"JPM,101588,170"
2019-06-28 11:51:00.000000000,BEST_ASK,"JPM,101615,71"
2019-06-28 11:51:00.000000000,BEST_BID,"JPM,101588,170"
2019-06-28 11:51:00.000000000,BEST_ASK,"JPM,101615,71"
2019-06-28 11:51:00.000000000,BEST_BID,"JPM,101588,170"
2019-06-28 11:51:00.000000000,BEST_ASK,"JPM,101615,71"
2019-06-28 11:51:00.000000000,BEST_BID,"JPM,101588,170"
2019-06-28 11:51:00.000000000,BEST_ASK,"JPM,101615,71"
2019-06-28 11:51:00.000000000,QUERY_SPREAD,77
2019-06-28 11:51:00.000000000,BEST_BID,"JPM,101588,170"
2019-06-28 11:51:00.000000000,BEST_ASK,"JPM,101615,70"
2019-06-28 11:51:00.000000000,LAST_TRADE,"1,$101615.0000"
2019-06-28 11:51:00.000000000,QUERY_SPREAD,78
2019-06-28 11:51:00.000000000,BEST_BID,"JPM,101588,170"
2019-06-28 11:51:00.000000000,BEST_ASK,"JPM,101615,66"
2019-06-28 11:51:00.000000000,LAST_TRADE,"4,$101615.0000"
2019-06-28 11:51:00.000000000,QUERY_SPREAD,79
2019-06-28 11:51:00.000000000,BEST_BID,"JPM,101588,170"
2019-06-28 11:51:00.000000000,BEST_ASK,"JPM,101615,60"
2019-06-28 11:51:00.000000000,LAST_TRADE,"6,$101615.0000"
2019-06-28 11:51:00.000000000,QUERY_SPREAD,80
2019-06-28 11:51:00.000000000,BEST_BID,"JPM,101588,170"
2019-06-28 11:51:00.000000000,BEST_ASK,"JPM,101615,55"
2019-06-28 11:51:00.000000000,LAST_TRADE,"5,$101615.0000"
2019-06-28 11:51:00.000000000,QUERY_SPREAD,81
2019-06-28 11:51:00.000000000,BEST_BID,"JPM,101588,170"
2019-06-28 11:51:00.000000000,BEST_ASK,"JPM,101615,47"
2019-06-28 11:51:00.000000000,LAST_TRADE,"8,$101615.0000"
2019-06-28 11:51:00.000000000,QUERY_SPREAD,82
2019-06-28 11:51:00.000000000,BEST_BID,"JPM,101588,170"
2019-06-28 11:51:00.000000000,BEST_ASK,"JPM,101615,39"
2019-06-28 11:51:00.000000000,LAST_TRADE,"8,$101615.0000"
2019-06-28 11:51:00.000000000,QUERY_SPREAD,83
2019-06-28 11:51:00.000000000,BEST_BID,"JPM,101588,170"
2019-06-28 11:51:00.000000000,BEST_ASK,"JPM,101615,37"
2019-06-28 11:51:00.000000000,LAST_TRADE,"2,$101615.0000"
2019-06-28 11:51:00.000000000,QUERY_SPREAD,84
2019-06-28 11:51:00.000000000,BEST_BID,"JPM,101588,170"
2019-06-28 11:51:00.000000000,BEST_ASK,"JPM,101615,36"
2019-06-28 11:51:00.000000000,LAST_TRADE,"1,$101615.0000"
2019-06-28 11:51:00.000000000,QUERY_SPREAD,85
2019-06-28 11:51:00.000000000,BEST_BID,"JPM,101588,170"
2019-06-28 11:51:00.000000000,BEST_ASK,"JPM,101615,35"
2019-06-28 11:51:00.000000000,LAST_TRADE,"1,$101615.0000"
2019-06-28 11:51:00.000000000,QUERY_SPREAD,86
2019-06-28 11:51:00.000000000,BEST_BID,"JPM,101588,170"
2019-06-28 11:51:00.000000000,BEST_ASK,"JPM,101615,29"
2019-06-28 11:51:00.000000000,LAST_TRADE,"6,$101615.0000"
2019-06-28 11:51:00.000000000,QUERY_SPREAD,87
2019-06-28 11:51:00.000000000,BEST_BID,"JPM,101588,170"
2019-06-28 11:51:00.000000000,BEST_ASK,"JPM,101615,26"
2019-06-28 11:51:00.000000000,LAST_TRADE,"3,$101615.0000"
2019-06-28 11:51:00.000000000,QUERY_SPREAD,88
2019-06-28 11:51:00.000000000,BEST_BID,"JPM,101588,170"
2019-06-28 11:51:00.000000000,BEST_ASK,"JPM,101615,22"
2019-06-28 11:51:00.000000000,LAST_TRADE,"4,$101615.0000"
2019-06-28 11:51:00.000000000,QUERY_SPREAD,89
2019-06-28 11:51:00.000000000,BEST_BID,"JPM,101588,170"
2019-06-28 11:51:00.000000000,BEST_ASK,"JPM,101615,18"
2019-06-28 11:51:00.000000000,LAST_TRADE,"4,$101615.0000"
2019-06-28 11:51:00.000000000,QUERY_SPREAD,90
2019-06-28 11:51:00.000000000,BEST_BID,"JPM,101588,170"
2019-06-28 11:51:00.000000000,BEST_ASK,"JPM,101615,11"
2019-06-28 11:51:00.000000000,LAST_TRADE,"7,$101615.0000"
2019-06-28 11:51:00.000000000,QUERY_SPREAD,91
2019-06-28 11:51:00.000000000,BEST_BID,"JPM,101588,170"
2019-06-28 11:51:00.000000000,BEST_ASK,"JPM,101615,3"
2019-06-28 11:51:00.000000000,LAST_TRADE,"8,$101615.0000"
2019-06-28 11:51:00.000000000,QUERY_SPREAD,92
2019-06-28 11:51:00.000000000,BEST_BID,"JPM,101615,2"
2019-06-28 11:51:00.000000000,BEST_ASK,"JPM,101650,170"
2019-06-28 11:51:00.000000000,LAST_TRADE,"3,$101615.0000"
2019-06-28 11:51:00.000000000,QUERY_SPREAD,93
2019-06-28 11:51:00.000000000,BEST_BID,"JPM,101615,2"
2019-06-28 11:51:00.000000000,BEST_ASK,"JPM,101650,167"
2019-06-28 11:51:00.000000000,LAST_TRADE,"3,$101650.0000"
2019-06-28 11:51:00.000000000,QUERY_SPREAD,94
2019-06-28 11:51:00.000000000,BEST_BID,"JPM,101615,2"
2019-06-28 11:51:00.000000000,BEST_ASK,"JPM,101650,163"
2019-06-28 11:51:00.000000000,LAST_TRADE,"4,$101650.0000"
2019-06-28 11:51:00.000000000,QUERY_SPREAD,95
2019-06-28 11:51:00.000000000,BEST_BID,"JPM,101615,2"
2019-06-28 11:51:00.000000000,BEST_ASK,"JPM,101650,158"
2019-06-28 11:51:00.000000000,LAST_TRADE,"5,$101650.0000"
2019-06-28 11:51:00.000000000,QUERY_SPREAD,96
2019-06-28 11:51:00.000000000,BEST_BID,"JPM,101615,2"
2019-06-28 11:51:00.000000000,BEST_ASK,"JPM,101650,157"
2019-06-28 11:51:00.000000000,LAST_TRADE,"1,$101650.0000"
2019-06-28 11:51:00.000000000,QUERY_SPREAD,97
2019-06-28 11:51:00.000000000,BEST_BID,"JPM,101615,2"
2019-06-28 11:51:00.000000000,BEST_ASK,"JPM,101650,150"
2019-06-28 11:51:00.000000000,LAST_TRADE,"7,$101650.0000"
2019-06-28 11:51:00.000000000,QUERY_SPREAD,98
2019-06-28 11:51:00.000000000,BEST_BID,"JPM,101615,2"
2019-06-28 11:51:00.000000000,BEST_ASK,"JPM,101650,144"
2019-06-28 11:51:00.000000000,LAST_TRADE,"6,$101650.0000"
2019-06-28 11:51:00.000000000,QUERY_SPREAD,99
2019-06-28 11:51:00.000000000,BEST_BID,"JPM,101615,2"
2019-06-28 11:51:00.000000000,BEST_ASK,"JPM,101650,139"
2019-06-28 11:51:00.000000000,LAST_TRADE,"5,$101650.0000"
2019-06-28 11:51:00.000000000,QUERY_SPREAD,100
2019-06-28 11:51:00.000000000,BEST_BID,"JPM,101615,2"
2019-06-28 11:51:00.000000000,BEST_ASK,"JPM,101650,132"
2019-06-28 11:51:00.000000000,LAST_TRADE,"7,$101650.0000"
2019-06-28 11:51:00.000000000,QUERY_SPREAD,101
2019-06-28 11:51:00.000000000,QUERY_ORDER_STREAM,101
2019-06-28 11:51:00.000000000,BEST_BID,"JPM,101615,2"
2019-06-28 11:51:00.000000000,BEST_ASK,"JPM,101650,133"
2019-06-28 11:51:10.000000000,QUERY_SPREAD,1
2019-06-28 11:51:10.000000000,BEST_BID,"JPM,101615,72"
2019-06-28 11:51:10.000000000,BEST_ASK,"JPM,101650,63"
2019-06-28 11:51:10.000000000,BEST_BID,"JPM,101615,72"
2019-06-28 11:51:10.000000000,BEST_ASK,"JPM,101650,63"
2019-06-28 11:51:10.000000000,BEST_BID,"JPM,101615,72"
2019-06-28 11:51:10.000000000,BEST_ASK,"JPM,101650,63"
2019-06-28 11:51:10.000000000,BEST_BID,"JPM,101615,72"
2019-06-28 11:51:10.000000000,BEST_ASK,"JPM,101650,63"
2019-06-28 11:51:10.000000000,BEST_BID,"JPM,101615,72"
2019-06-28 11:51:10.000000000,BEST_ASK,"JPM,101650,133"
2019-06-28 11:51:10.000000000,BEST_BID,"JPM,101615,72"
2019-06-28 11:51:10.000000000,BEST_ASK,"JPM,101650,133"
2019-06-28 11:51:10.000000000,BEST_BID,"JPM,101615,72"
2019-06-28 11:51:10.000000000,BEST_ASK,"JPM,101650,133"
2019-06-28 11:51:10.000000000,BEST_BID,"JPM,101615,72"
2019-06-28 11:51:10.000000000,BEST_ASK,"JPM,101650,133"
2019-06-28 11:51:20.000000000,QUERY_SPREAD,1
2019-06-28 11:51:20.000000000,BEST_BID,"JPM,101615,142"
2019-06-28 11:51:20.000000000,BEST_ASK,"JPM,101650,63"
2019-06-28 11:51:20.000000000,BEST_BID,"JPM,101615,142"
2019-06-28 11:51:20.000000000,BEST_ASK,"JPM,101650,63"
2019-06-28 11:51:20.000000000,BEST_BID,"JPM,101615,142"
2019-06-28 11:51:20.000000000,BEST_ASK,"JPM,101650,203"
2019-06-28 11:51:20.000000000,BEST_BID,"JPM,101615,142"
2019-06-28 11:51:20.000000000,BEST_ASK,"JPM,101650,203"
2019-06-28 11:51:30.000000000,QUERY_SPREAD,1
2019-06-28 11:51:30.000000000,BEST_BID,"JPM,101615,282"
2019-06-28 11:51:30.000000000,BEST_ASK,"JPM,101650,63"
2019-06-28 11:51:30.000000000,BEST_BID,"JPM,101615,282"
2019-06-28 11:51:30.000000000,BEST_ASK,"JPM,101650,343"
2019-06-28 11:51:37.903840708,QUERY_ORDER_STREAM,72
2019-06-28 11:51:37.903840708,QUERY_SPREAD,72
2019-06-28 11:51:40.000000000,QUERY_SPREAD,1
2019-06-28 11:51:40.000000000,BEST_BID,"JPM,101615,58"
2019-06-28 11:51:40.000000000,BEST_ASK,"JPM,101650,63"
2019-06-28 11:51:40.000000000,BEST_BID,"JPM,101615,58"
2019-06-28 11:51:40.000000000,BEST_ASK,"JPM,101650,63"
2019-06-28 11:51:40.000000000,BEST_BID,"JPM,101615,58"
2019-06-28 11:51:40.000000000,BEST_ASK,"JPM,101650,63"
2019-06-28 11:51:40.000000000,BEST_BID,"JPM,101615,58"
2019-06-28 11:51:40.000000000,BEST_ASK,"JPM,101650,63"
2019-06-28 11:51:40.000000000,BEST_BID,"JPM,101615,58"
2019-06-28 11:51:40.000000000,BEST_ASK,"JPM,101650,63"
2019-06-28 11:51:40.000000000,BEST_BID,"JPM,101615,58"
2019-06-28 11:51:40.000000000,BEST_ASK,"JPM,101650,119"
2019-06-28 11:51:40.000000000,BEST_BID,"JPM,101615,58"
2019-06-28 11:51:40.000000000,BEST_ASK,"JPM,101650,119"
2019-06-28 11:51:40.000000000,BEST_BID,"JPM,101615,58"
2019-06-28 11:51:40.000000000,BEST_ASK,"JPM,101650,119"
2019-06-28 11:51:40.000000000,BEST_BID,"JPM,101615,58"
2019-06-28 11:51:40.000000000,BEST_ASK,"JPM,101650,119"
2019-06-28 11:51:40.000000000,BEST_BID,"JPM,101615,58"
2019-06-28 11:51:40.000000000,BEST_ASK,"JPM,101650,119"
2019-06-28 11:51:50.000000000,QUERY_SPREAD,1
2019-06-28 11:51:50.000000000,BEST_BID,"JPM,101615,58"
2019-06-28 11:51:50.000000000,BEST_ASK,"JPM,101650,63"
2019-06-28 11:51:50.000000000,BEST_BID,"JPM,101615,58"
2019-06-28 11:51:50.000000000,BEST_ASK,"JPM,101650,63"
2019-06-28 11:51:50.000000000,BEST_BID,"JPM,101615,58"
2019-06-28 11:51:50.000000000,BEST_ASK,"JPM,101650,63"
2019-06-28 11:51:50.000000000,BEST_BID,"JPM,101615,58"
2019-06-28 11:51:50.000000000,BEST_ASK,"JPM,101650,63"
2019-06-28 11:51:50.000000000,BEST_BID,"JPM,101615,58"
2019-06-28 11:51:50.000000000,BEST_ASK,"JPM,101650,63"
2019-06-28 11:51:50.000000000,BEST_BID,"JPM,101615,58"
2019-06-28 11:51:50.000000000,BEST_ASK,"JPM,101650,119"
2019-06-28 11:51:50.000000000,BEST_BID,"JPM,101615,58"
2019-06-28 11:51:50.000000000,BEST_ASK,"JPM,101650,119"
2019-06-28 11:51:50.000000000,BEST_BID,"JPM,101615,58"
2019-06-28 11:51:50.000000000,BEST_ASK,"JPM,101650,119"
2019-06-28 11:51:50.000000000,BEST_BID,"JPM,101615,58"
2019-06-28 11:51:50.000000000,BEST_ASK,"JPM,101650,119"
2019-06-28 11:51:50.000000000,BEST_BID,"JPM,101615,58"
2019-06-28 11:51:50.000000000,BEST_ASK,"JPM,101650,119"
2019-06-28 11:51:50.403078624,QUERY_SPREAD,41
2019-06-28 11:51:50.403078624,BEST_BID,"JPM,101588,156"
2019-06-28 11:51:50.403078624,BEST_ASK,"JPM,101615,42"
2019-06-28 11:51:50.403078624,LAST_TRADE,"58,$101615.0000"
2019-06-28 11:51:53.227383478,QUERY_ORDER_STREAM,57
2019-06-28 11:51:53.227383478,QUERY_SPREAD,57
2019-06-28 11:51:53.227383478,BEST_BID,"JPM,101588,156"
2019-06-28 11:51:53.227383478,BEST_ASK,"JPM,101615,42"
2019-06-28 11:52:00.000000000,QUERY_SPREAD,1
2019-06-28 11:52:00.000000000,BEST_BID,"JPM,101588,156"
2019-06-28 11:52:00.000000000,BEST_ASK,"JPM,101615,42"
2019-06-28 11:52:00.000000000,BEST_BID,"JPM,101588,156"
2019-06-28 11:52:00.000000000,BEST_ASK,"JPM,101615,42"
2019-06-28 11:52:00.000000000,BEST_BID,"JPM,101588,156"
2019-06-28 11:52:00.000000000,BEST_ASK,"JPM,101615,42"
2019-06-28 11:52:00.000000000,BEST_BID,"JPM,101588,156"
2019-06-28 11:52:00.000000000,BEST_ASK,"JPM,101615,42"
2019-06-28 11:52:00.000000000,BEST_BID,"JPM,101588,156"
2019-06-28 11:52:00.000000000,BEST_ASK,"JPM,101615,42"
2019-06-28 11:52:00.000000000,BEST_BID,"JPM,101588,156"
2019-06-28 11:52:00.000000000,BEST_ASK,"JPM,101615,98"
2019-06-28 11:52:00.000000000,BEST_BID,"JPM,101588,156"
2019-06-28 11:52:00.000000000,BEST_ASK,"JPM,101615,98"
2019-06-28 11:52:00.000000000,BEST_BID,"JPM,101588,156"
2019-06-28 11:52:00.000000000,BEST_ASK,"JPM,101615,98"
2019-06-28 11:52:00.000000000,BEST_BID,"JPM,101588,156"
2019-06-28 11:52:00.000000000,BEST_ASK,"JPM,101615,98"
2019-06-28 11:52:00.000000000,BEST_BID,"JPM,101588,156"
2019-06-28 11:52:00.000000000,BEST_ASK,"JPM,101615,98"
2019-06-28 11:52:00.000000000,QUERY_SPREAD,77
2019-06-28 11:52:00.000000000,BEST_BID,"JPM,101588,156"
2019-06-28 11:52:00.000000000,BEST_ASK,"JPM,101615,97"
2019-06-28 11:52:00.000000000,LAST_TRADE,"1,$101615.0000"
2019-06-28 11:52:00.000000000,QUERY_SPREAD,78
2019-06-28 11:52:00.000000000,BEST_BID,"JPM,101588,156"
2019-06-28 11:52:00.000000000,BEST_ASK,"JPM,101615,93"
2019-06-28 11:52:00.000000000,LAST_TRADE,"4,$101615.0000"
2019-06-28 11:52:00.000000000,QUERY_SPREAD,79
2019-06-28 11:52:00.000000000,BEST_BID,"JPM,101588,156"
2019-06-28 11:52:00.000000000,BEST_ASK,"JPM,101615,87"
2019-06-28 11:52:00.000000000,LAST_TRADE,"6,$101615.0000"
2019-06-28 11:52:00.000000000,QUERY_SPREAD,80
2019-06-28 11:52:00.000000000,BEST_BID,"JPM,101588,156"
2019-06-28 11:52:00.000000000,BEST_ASK,"JPM,101615,82"
2019-06-28 11:52:00.000000000,LAST_TRADE,"5,$101615.0000"
2019-06-28 11:52:00.000000000,QUERY_SPREAD,81
2019-06-28 11:52:00.000000000,BEST_BID,"JPM,101588,156"
2019-06-28 11:52:00.000000000,BEST_ASK,"JPM,101615,74"
2019-06-28 11:52:00.000000000,LAST_TRADE,"8,$101615.0000"
2019-06-28 11:52:00.000000000,QUERY_SPREAD,82
2019-06-28 11:52:00.000000000,BEST_BID,"JPM,101588,156"
2019-06-28 11:52:00.000000000,BEST_ASK,"JPM,101615,66"
2019-06-28 11:52:00.000000000,LAST_TRADE,"8,$101615.0000"
2019-06-28 11:52:00.000000000,QUERY_SPREAD,83
2019-06-28 11:52:00.000000000,BEST_BID,"JPM,101588,156"
2019-06-28 11:52:00.000000000,BEST_ASK,"JPM,101615,64"
2019-06-28 11:52:00.000000000,LAST_TRADE,"2,$101615.0000"
2019-06-28 11:52:00.000000000,QUERY_SPREAD,84
2019-06-28 11:52:00.000000000,BEST_BID,"JPM,101588,156"
2019-06-28 11:52:00.000000000,BEST_ASK,"JPM,101615,63"
2019-06-28 11:52:00.000000000,LAST_TRADE,"1,$101615.0000"
2019-06-28 11:52:00.000000000,QUERY_SPREAD,85
2019-06-28 11:52:00.000000000,BEST_BID,"JPM,101588,156"
2019-06-28 11:52:00.000000000,BEST_ASK,"JPM,101615,62"
2019-06-28 11:52:00.000000000,LAST_TRADE,"1,$101615.0000"
2019-06-28 11:52:00.000000000,QUERY_SPREAD,86
2019-06-28 11:52:00.000000000,BEST_BID,"JPM,101588,156"
2019-06-28 11:52:00.000000000,BEST_ASK,"JPM,101615,56"
2019-06-28 11:52:00.000000000,LAST_TRADE,"6,$101615.0000"
2019-06-28 11:52:00.000000000,QUERY_SPREAD,87
2019-06-28 11:52:00.000000000,BEST_BID,"JPM,101588,156"
2019-06-28 11:52:00.000000000,BEST_ASK,"JPM,101615,53"
2019-06-28 11:52:00.000000000,LAST_TRADE,"3,$101615.0000"
2019-06-28 11:52:00.000000000,QUERY_SPREAD,88
2019-06-28 11:52:00.000000000,BEST_BID,"JPM,101588,156"
2019-06-28 11:52:00.000000000,BEST_ASK,"JPM,101615,49"
2019-06-28 11:52:00.000000000,LAST_TRADE,"4,$101615.0000"
2019-06-28 11:52:00.000000000,QUERY_SPREAD,89
2019-06-28 11:52:00.000000000,BEST_BID,"JPM,101588,156"
2019-06-28 11:52:00.000000000,BEST_ASK,"JPM,101615,45"
2019-06-28 11:52:00.000000000,LAST_TRADE,"4,$101615.0000"
2019-06-28 11:52:00.000000000,QUERY_SPREAD,90
2019-06-28 11:52:00.000000000,BEST_BID,"JPM,101588,156"
2019-06-28 11:52:00.000000000,BEST_ASK,"JPM,101615,38"
2019-06-28 11:52:00.000000000,LAST_TRADE,"7,$101615.0000"
2019-06-28 11:52:00.000000000,QUERY_SPREAD,91
2019-06-28 11:52:00.000000000,BEST_BID,"JPM,101588,156"
2019-06-28 11:52:00.000000000,BEST_ASK,"JPM,101615,30"
2019-06-28 11:52:00.000000000,LAST_TRADE,"8,$101615.0000"
2019-06-28 11:52:00.000000000,QUERY_SPREAD,92
2019-06-28 11:52:00.000000000,BEST_BID,"JPM,101588,156"
2019-06-28 11:52:00.000000000,BEST_ASK,"JPM,101615,25"
2019-06-28 11:52:00.000000000,LAST_TRADE,"5,$101615.0000"
2019-06-28 11:52:00.000000000,QUERY_SPREAD,93
2019-06-28 11:52:00.000000000,BEST_BID,"JPM,101588,156"
2019-06-28 11:52:00.000000000,BEST_ASK,"JPM,101615,22"
2019-06-28 11:52:00.000000000,LAST_TRADE,"3,$101615.0000"
2019-06-28 11:52:00.000000000,QUERY_SPREAD,94
2019-06-28 11:52:00.000000000,BEST_BID,"JPM,101588,156"
2019-06-28 11:52:00.000000000,BEST_ASK,"JPM,101615,18"
2019-06-28 11:52:00.000000000,LAST_TRADE,"4,$101615.0000"
2019-06-28 11:52:00.000000000,QUERY_SPREAD,95
2019-06-28 11:52:00.000000000,BEST_BID,"JPM,101588,156"
2019-06-28 11:52:00.000000000,BEST_ASK,"JPM,101615,13"
2019-06-28 11:52:00.000000000,LAST_TRADE,"5,$101615.0000"
2019-06-28 11:52:00.000000000,QUERY_SPREAD,96
2019-06-28 11:52:00.000000000,BEST_BID,"JPM,101588,156"
2019-06-28 11:52:00.000000000,BEST_ASK,"JPM,101615,12"
2019-06-28 11:52:00.000000000,LAST_TRADE,"1,$101615.0000"
2019-06-28 11:52:00.000000000,QUERY_SPREAD,97
2019-06-28 11:52:00.000000000,BEST_BID,"JPM,101588,156"
2019-06-28 11:52:00.000000000,BEST_ASK,"JPM,101615,5"
2019-06-28 11:52:00.000000000,LAST_TRADE,"7,$101615.0000"
2019-06-28 11:52:00.000000000,QUERY_SPREAD,98
2019-06-28 11:52:00.000000000,BEST_BID,"JPM,101615,1"
2019-06-28 11:52:00.000000000,BEST_ASK,"JPM,101649,156"
2019-06-28 11:52:00.000000000,LAST_TRADE,"5,$101615.0000"
2019-06-28 11:52:00.000000000,QUERY_SPREAD,99
2019-06-28 11:52:00.000000000,BEST_BID,"JPM,101615,1"
2019-06-28 11:52:00.000000000,BEST_ASK,"JPM,101649,151"
2019-06-28 11:52:00.000000000,LAST_TRADE,"5,$101649.0000"
2019-06-28 11:52:00.000000000,QUERY_SPREAD,100
2019-06-28 11:52:00.000000000,BEST_BID,"JPM,101615,1"
2019-06-28 11:52:00.000000000,BEST_ASK,"JPM,101649,144"
2019-06-28 11:52:00.000000000,LAST_TRADE,"7,$101649.0000"
2019-06-28 11:52:00.000000000,QUERY_SPREAD,101
2019-06-28 11:52:00.000000000,QUERY_ORDER_STREAM,101
2019-06-28 11:52:00.000000000,BEST_BID,"JPM,101615,1"
2019-06-28 11:52:00.000000000,BEST_ASK,"JPM,101649,145"
2019-06-28 11:52:03.946689720,QUERY_SPREAD,20
2019-06-28 11:52:03.946689720,BEST_BID,"JPM,101588,156"
2019-06-28 11:52:03.946689720,BEST_ASK,"JPM,101615,99"
2019-06-28 11:52:03.946689720,LAST_TRADE,"1,$101615.0000"
2019-06-28 11:52:10.000000000,QUERY_SPREAD,1
2019-06-28 11:52:10.000000000,BEST_BID,"JPM,101588,240"
2019-06-28 11:52:10.000000000,BEST_ASK,"JPM,101615,99"
2019-06-28 11:52:10.000000000,BEST_BID,"JPM,101588,240"
2019-06-28 11:52:10.000000000,BEST_ASK,"JPM,101615,99"
2019-06-28 11:52:10.000000000,BEST_BID,"JPM,101588,240"
2019-06-28 11:52:10.000000000,BEST_ASK,"JPM,101615,239"
2019-06-28 11:52:10.000000000,BEST_BID,"JPM,101588,240"
2019-06-28 11:52:10.000000000,BEST_ASK,"JPM,101615,239"
2019-06-28 11:52:20.000000000,QUERY_SPREAD,1
2019-06-28 11:52:20.000000000,BEST_BID,"JPM,101588,240"
2019-06-28 11:52:20.000000000,BEST_ASK,"JPM,101615,99"
2019-06-28 11:52:20.000000000,BEST_BID,"JPM,101588,240"
2019-06-28 11:52:20.000000000,BEST_ASK,"JPM,101615,99"
2019-06-28 11:52:20.000000000,BEST_BID,"JPM,101588,240"
2019-06-28 11:52:20.000000000,BEST_ASK,"JPM,101615,239"
2019-06-28 11:52:20.000000000,BEST_BID,"JPM,101588,240"
2019-06-28 11:52:20.000000000,BEST_ASK,"JPM,101615,239"
2019-06-28 11:52:25.830842705,QUERY_ORDER_STREAM,56
2019-06-28 11:52:25.830842705,QUERY_SPREAD,56
2019-06-28 11:52:26.510882895,QUERY_ORDER_STREAM,57
2019-06-28 11:52:26.510882895,QUERY_SPREAD,57
2019-06-28 11:52:26.510882895,BEST_BID,"JPM,101588,240"
2019-06-28 11:52:26.510882895,BEST_ASK,"JPM,101615,239"
2019-06-28 11:52:30.000000000,QUERY_SPREAD,1
2019-06-28 11:52:30.000000000,BEST_BID,"JPM,101588,156"
2019-06-28 11:52:30.000000000,BEST_ASK,"JPM,101615,99"
2019-06-28 11:52:30.000000000,BEST_BID,"JPM,101588,156"
2019-06-28 11:52:30.000000000,BEST_ASK,"JPM,101615,99"
2019-06-28 11:52:30.000000000,BEST_BID,"JPM,101588,156"
2019-06-28 11:52:30.000000000,BEST_ASK,"JPM,101615,99"
2019-06-28 11:52:30.000000000,BEST_BID,"JPM,101588,156"
2019-06-28 11:52:30.000000000,BEST_ASK,"JPM,101615,99"
2019-06-28 11:52:30.000000000,BEST_BID,"JPM,101588,156"
2019-06-28 11:52:30.000000000,BEST_ASK,"JPM,101615,99"
2019-06-28 11:52:30.000000000,BEST_BID,"JPM,101588,156"
2019-06-28 11:52:30.000000000,BEST_ASK,"JPM,101615,155"
2019-06-28 11:52:30.000000000,BEST_BID,"JPM,101588,156"
2019-06-28 11:52:30.000000000,BEST_ASK,"JPM,101615,155"
2019-06-28 11:52:30.000000000,BEST_BID,"JPM,101588,156"
2019-06-28 11:52:30.000000000,BEST_ASK,"JPM,101615,155"
2019-06-28 11:52:30.000000000,BEST_BID,"JPM,101588,156"
2019-06-28 11:52:30.000000000,BEST_ASK,"JPM,101615,155"
2019-06-28 11:52:30.000000000,BEST_BID,"JPM,101588,156"
2019-06-28 11:52:30.000000000,BEST_ASK,"JPM,101615,155"
2019-06-28 11:52:40.000000000,QUERY_SPREAD,1
2019-06-28 11:52:40.000000000,BEST_BID,"JPM,101588,170"
2019-06-28 11:52:40.000000000,BEST_ASK,"JPM,101615,99"
2019-06-28 11:52:40.000000000,BEST_BID,"JPM,101588,170"
2019-06-28 11:52:40.000000000,BEST_ASK,"JPM,101615,99"
2019-06-28 11:52:40.000000000,BEST_BID,"JPM,101588,170"
2019-06-28 11:52:40.000000000,BEST_ASK,"JPM,101615,99"
2019-06-28 11:52:40.000000000,BEST_BID,"JPM,101588,170"
2019-06-28 11:52:40.000000000,BEST_ASK,"JPM,101615,99"
2019-06-28 11:52:40.000000000,BEST_BID,"JPM,101588,170"
2019-06-28 11:52:40.000000000,BEST_ASK,"JPM,101615,169"
2019-06-28 11:52:40.000000000,BEST_BID,"JPM,101588,170"
2019-06-28 11:52:40.000000000,BEST_ASK,"JPM,101615,169"
2019-06-28 11:52:40.000000000,BEST_BID,"JPM,101588,170"
2019-06-28 11:52:40.000000000,BEST_ASK,"JPM,101615,169"
2019-06-28 11:52:40.000000000,BEST_BID,"JPM,101588,170"
2019-06-28 11:52:40.000000000,BEST_ASK,"JPM,101615,169"
2019-06-28 11:52:45.369307584,QUERY_ORDER_STREAM,53
2019-06-28 11:52:45.369307584,QUERY_SPREAD,53
2019-06-28 11:52:50.000000000,QUERY_SPREAD,1
2019-06-28 11:52:50.000000000,BEST_BID,"JPM,101588,240"
2019-06-28 11:52:50.000000000,BEST_ASK,"JPM,101615,99"
2019-06-28 11:52:50.000000000,BEST_BID,"JPM,101588,240"
2019-06-28 11:52:50.000000000,BEST_ASK,"JPM,101615,99"
2019-06-28 11:52:50.000000000,BEST_BID,"JPM,101588,240"
2019-06-28 11:52:50.000000000,BEST_ASK,"JPM,101615,239"
2019-06-28 11:52:50.000000000,BEST_BID,"JPM,101588,240"
2019-06-28 11:52:50.000000000,BEST_ASK,"JPM,101615,239"
2019-06-28 11:52:51.961578882,QUERY_SPREAD,16
2019-06-28 11:52:51.961578882,BEST_BID,"JPM,101588,140"
2019-06-28 11:52:51.961578882,BEST_ASK,"JPM,101615,239"
2019-06-28 11:52:51.961578882,LAST_TRADE,"100,$101588.0000"
2019-06-28 11:52:59.765114985,QUERY_ORDER_STREAM,73
2019-06-28 11:52:59.765114985,QUERY_SPREAD,73
2019-06-28 11:53:00.000000000,QUERY_SPREAD,1
2019-06-28 11:53:00.000000000,BEST_BID,"JPM,101452,240"
2019-06-28 11:53:00.000000000,BEST_ASK,"JPM,101615,99"
2019-06-28 11:53:00.000000000,BEST_BID,"JPM,101452,240"
2019-06-28 11:53:00.000000000,BEST_ASK,"JPM,101615,99"
2019-06-28 11:53:00.000000000,BEST_BID,"JPM,101452,240"
2019-06-28 11:53:00.000000000,BEST_ASK,"JPM,101615,239"
2019-06-28 11:53:00.000000000,BEST_BID,"JPM,101452,240"
2019-06-28 11:53:00.000000000,BEST_ASK,"JPM,101615,239"
2019-06-28 11:53:00.000000000,QUERY_SPREAD,77
2019-06-28 11:53:00.000000000,BEST_BID,"JPM,101452,240"
2019-06-28 11:53:00.000000000,BEST_ASK,"JPM,101615,238"
2019-06-28 11:53:00.000000000,LAST_TRADE,"1,$101615.0000"
2019-06-28 11:53:00.000000000,QUERY_SPREAD,78
2019-06-28 11:53:00.000000000,BEST_BID,"JPM,101452,240"
2019-06-28 11:53:00.000000000,BEST_ASK,"JPM,101615,234"
2019-06-28 11:53:00.000000000,LAST_TRADE,"4,$101615.0000"
2019-06-28 11:53:00.000000000,QUERY_SPREAD,79
2019-06-28 11:53:00.000000000,BEST_BID,"JPM,101452,240"
2019-06-28 11:53:00.000000000,BEST_ASK,"JPM,101615,228"
2019-06-28 11:53:00.000000000,LAST_TRADE,"6,$101615.0000"
2019-06-28 11:53:00.000000000,QUERY_SPREAD,80
2019-06-28 11:53:00.000000000,BEST_BID,"JPM,101452,240"
2019-06-28 11:53:00.000000000,BEST_ASK,"JPM,101615,223"
2019-06-28 11:53:00.000000000,LAST_TRADE,"5,$101615.0000"
2019-06-28 11:53:00.000000000,QUERY_SPREAD,81
2019-06-28 11:53:00.000000000,BEST_BID,"JPM,101452,240"
2019-06-28 11:53:00.000000000,BEST_ASK,"JPM,101615,215"
2019-06-28 11:53:00.000000000,LAST_TRADE,"8,$101615.0000"
2019-06-28 11:53:00.000000000,QUERY_SPREAD,82
2019-06-28 11:53:00.000000000,BEST_BID,"JPM,101452,240"
2019-06-28 11:53:00.000000000,BEST_ASK,"JPM,101615,207"
2019-06-28 11:53:00.000000000,LAST_TRADE,"8,$101615.0000"
2019-06-28 11:53:00.000000000,QUERY_SPREAD,83
2019-06-28 11:53:00.000000000,BEST_BID,"JPM,101452,240"
2019-06-28 11:53:00.000000000,BEST_ASK,"JPM,101615,205"
2019-06-28 11:53:00.000000000,LAST_TRADE,"2,$101615.0000"
2019-06-28 11:53:00.000000000,QUERY_SPREAD,84
2019-06-28 11:53:00.000000000,BEST_BID,"JPM,101452,240"
2019-06-28 11:53:00.000000000,BEST_ASK,"JPM,101615,204"
2019-06-28 11:53:00.000000000,LAST_TRADE,"1,$101615.0000"
2019-06-28 11:53:00.000000000,QUERY_SPREAD,85
2019-06-28 11:53:00.000000000,BEST_BID,"JPM,101452,240"
2019-06-28 11:53:00.000000000,BEST_ASK,"JPM,101615,203"
2019-06-28 11:53:00.000000000,LAST_TRADE,"1,$101615.0000"
2019-06-28 11:53:00.000000000,QUERY_SPREAD,86
2019-06-28 11:53:00.000000000,BEST_BID,"JPM,101452,240"
2019-06-28 11:53:00.000000000,BEST_ASK,"JPM,101615,197"
2019-06-28 11:53:00.000000000,LAST_TRADE,"6,$101615.0000"
2019-06-28 11:53:00.000000000,QUERY_SPREAD,87
2019-06-28 11:53:00.000000000,BEST_BID,"JPM,101452,240"
2019-06-28 11:53:00.000000000,BEST_ASK,"JPM,101615,194"
2019-06-28 11:53:00.000000000,LAST_TRADE,"3,$101615.0000"
2019-06-28 11:53:00.000000000,QUERY_SPREAD,88
2019-06-28 11:53:00.000000000,BEST_BID,"JPM,101452,240"
2019-06-28 11:53:00.000000000,BEST_ASK,"JPM,101615,190"
2019-06-28 11:53:00.000000000,LAST_TRADE,"4,$101615.0000"
2019-06-28 11:53:00.000000000,QUERY_SPREAD,89
2019-06-28 11:53:00.000000000,BEST_BID,"JPM,101452,240"
2019-06-28 11:53:00.000000000,BEST_ASK,"JPM,101615,186"
2019-06-28 11:53:00.000000000,LAST_TRADE,"4,$101615.0000"
2019-06-28 11:53:00.000000000,QUERY_SPREAD,90
2019-06-28 11:53:00.000000000,BEST_BID,"JPM,101452,240"
2019-06-28 11:53:00.000000000,BEST_ASK,"JPM,101615,179"
2019-06-28 11:53:00.000000000,LAST_TRADE,"7,$101615.0000"
2019-06-28 11:53:00.000000000,QUERY_SPREAD,91
2019-06-28 11:53:00.000000000,BEST_BID,"JPM,101452,240"
2019-06-28 11:53:00.000000000,BEST_ASK,"JPM,101615,171"
2019-06-28 11:53:00.000000000,LAST_TRADE,"8,$101615.0000"
2019-06-28 11:53:00.000000000,QUERY_SPREAD,92
2019-06-28 11:53:00.000000000,BEST_BID,"JPM,101452,240"
2019-06-28 11:53:00.000000000,BEST_ASK,"JPM,101615,166"
2019-06-28 11:53:00.000000000,LAST_TRADE,"5,$101615.0000"
2019-06-28 11:53:00.000000000,QUERY_SPREAD,93
2019-06-28 11:53:00.000000000,BEST_BID,"JPM,101452,240"
2019-06-28 11:53:00.000000000,BEST_ASK,"JPM,101615,163"
2019-06-28 11:53:00.000000000,LAST_TRADE,"3,$101615.0000"
2019-06-28 11:53:00.000000000,QUERY_SPREAD,94
2019-06-28 11:53:00.000000000,BEST_BID,"JPM,101452,240"
2019-06-28 11:53:00.000000000,BEST_ASK,"JPM,101615,159"
2019-06-28 11:53:00.000000000,LAST_TRADE,"4,$101615.0000"
2019-06-28 11:53:00.000000000,QUERY_SPREAD,95
2019-06-28 11:53:00.000000000,BEST_BID,"JPM,101452,240"
2019-06-28 11:53:00.000000000,BEST_ASK,"JPM,101615,154"
2019-06-28 11:53:00.000000000,LAST_TRADE,"5,$101615.0000"
2019-06-28 11:53:00.000000000,QUERY_SPREAD,96
2019-06-28 11:53:00.000000000,BEST_BID,"JPM,101452,240"
2019-06-28 11:53:00.000000000,BEST_ASK,"JPM,101615,153"
2019-06-28 11:53:00.000000000,LAST_TRADE,"1,$101615.0000"
2019-06-28 11:53:00.000000000,QUERY_SPREAD,97
2019-06-28 11:53:00.000000000,BEST_BID,"JPM,101452,240"
2019-06-28 11:53:00.000000000,BEST_ASK,"JPM,101615,146"
2019-06-28 11:53:00.000000000,LAST_TRADE,"7,$101615.0000"
2019-06-28 11:53:00.000000000,QUERY_SPREAD,98
2019-06-28 11:53:00.000000000,BEST_BID,"JPM,101452,240"
2019-06-28 11:53:00.000000000,BEST_ASK,"JPM,101615,140"
2019-06-28 11:53:00.000000000,LAST_TRADE,"6,$101615.0000"
2019-06-28 11:53:00.000000000,QUERY_SPREAD,99
2019-06-28 11:53:00.000000000,BEST_BID,"JPM,101452,240"
2019-06-28 11:53:00.000000000,BEST_ASK,"JPM,101615,135"
2019-06-28 11:53:00.000000000,LAST_TRADE,"5,$101615.0000"
2019-06-28 11:53:00.000000000,QUERY_SPREAD,100
2019-06-28 11:53:00.000000000,BEST_BID,"JPM,101452,240"
2019-06-28 11:53:00.000000000,BEST_ASK,"JPM,101615,128"
2019-06-28 11:53:00.000000000,LAST_TRADE,"7,$101615.0000"
2019-06-28 11:53:00.000000000,QUERY_SPREAD,101
2019-06-28 11:53:00.000000000,QUERY_ORDER_STREAM,101
2019-06-28 11:53:00.000000000,BEST_BID,"JPM,101452,240"
2019-06-28 11:53:00.000000000,BEST_ASK,"JPM,101615,129"
2019-06-28 11:53:04.720245739,QUERY_SPREAD,12
2019-06-28 11:53:04.720245739,BEST_BID,"JPM,101452,240"
2019-06-28 11:53:04.720245739,BEST_ASK,"JPM,101615,129"
2019-06-28 11:53:10.000000000,QUERY_SPREAD,1
2019-06-28 11:53:10.000000000,BEST_BID,"JPM,101452,195"
2019-06-28 11:53:10.000000000,BEST_ASK,"JPM,101615,1"
2019-06-28 11:53:10.000000000,BEST_BID,"JPM,101452,195"
2019-06-28 11:53:10.000000000,BEST_ASK,"JPM,101615,1"
2019-06-28 11:53:10.000000000,BEST_BID,"JPM,101452,195"
2019-06-28 11:53:10.000000000,BEST_ASK,"JPM,101615,1"
2019-06-28 11:53:10.000000000,BEST_BID,"JPM,101452,195"
2019-06-28 11:53:10.000000000,BEST_ASK,"JPM,101615,96"
2019-06-28 11:53:10.000000000,BEST_BID,"JPM,101452,195"
2019-06-28 11:53:10.000000000,BEST_ASK,"JPM,101615,96"
2019-06-28 11:53:10.000000000,BEST_BID,"JPM,101452,195"
2019-06-28 11:53:10.000000000,BEST_ASK,"JPM,101615,96"
2019-06-28 11:53:13.956693842,QUERY_SPREAD,27
2019-06-28 11:53:13.956693842,BEST_BID,"JPM,101452,195"
2019-06-28 11:53:13.956693842,BEST_ASK,"JPM,101615,96"
2019-06-28 11:53:20.000000000,QUERY_SPREAD,1
2019-06-28 11:53:20.000000000,BEST_BID,"JPM,101452,195"
2019-06-28 11:53:20.000000000,BEST_ASK,"JPM,101615,1"
2019-06-28 11:53:20.000000000,BEST_BID,"JPM,101452,195"
2019-06-28 11:53:20.000000000,BEST_ASK,"JPM,101615,1"
2019-06-28 11:53:20.000000000,BEST_BID,"JPM,101452,195"
2019-06-28 11:53:20.000000000,BEST_ASK,"JPM,101615,1"
2019-06-28 11:53:20.000000000,BEST_BID,"JPM,101452,195"
2019-06-28 11:53:20.000000000,BEST_ASK,"JPM,101615,96"
2019-06-28 11:53:20.000000000,BEST_BID,"JPM,101452,195"
2019-06-28 11:53:20.000000000,BEST_ASK,"JPM,101615,96"
2019-06-28 11:53:20.000000000,BEST_BID,"JPM,101452,195"
2019-06-28 11:53:20.000000000,BEST_ASK,"JPM,101615,96"
2019-06-28 11:53:30.000000000,QUERY_SPREAD,1
2019-06-28 11:53:30.000000000,BEST_BID,"JPM,101452,170"
2019-06-28 11:53:30.000000000,BEST_ASK,"JPM,101615,1"
2019-06-28 11:53:30.000000000,BEST_BID,"JPM,101452,170"
2019-06-28 11:53:30.000000000,BEST_ASK,"JPM,101615,1"
2019-06-28 11:53:30.000000000,BEST_BID,"JPM,101452,170"
2019-06-28 11:53:30.000000000,BEST_ASK,"JPM,101615,1"
2019-06-28 11:53:30.000000000,BEST_BID,"JPM,101452,170"
2019-06-28 11:53:30.000000000,BEST_ASK,"JPM,101615,1"
2019-06-28 11:53:30.000000000,BEST_BID,"JPM,101452,170"
2019-06-28 11:53:30.000000000,BEST_ASK,"JPM,101615,71"
2019-06-28 11:53:30.000000000,BEST_BID,"JPM,101452,170"
2019-06-28 11:53:30.000000000,BEST_ASK,"JPM,101615,71"
2019-06-28 11:53:30.000000000,BEST_BID,"JPM,101452,170"
2019-06-28 11:53:30.000000000,BEST_ASK,"JPM,101615,71"
2019-06-28 11:53:30.000000000,BEST_BID,"JPM,101452,170"
2019-06-28 11:53:30.000000000,BEST_ASK,"JPM,101615,71"
2019-06-28 11:53:40.000000000,QUERY_SPREAD,1
2019-06-28 11:53:40.000000000,BEST_BID,"JPM,101452,240"
2019-06-28 11:53:40.000000000,BEST_ASK,"JPM,101615,1"
2019-06-28 11:53:40.000000000,BEST_BID,"JPM,101452,240"
2019-06-28 11:53:40.000000000,BEST_ASK,"JPM,101615,1"
2019-06-28 11:53:40.000000000,BEST_BID,"JPM,101452,240"
2019-06-28 11:53:40.000000000,BEST_ASK,"JPM,101615,141"
2019-06-28 11:53:40.000000000,BEST_BID,"JPM,101452,240"
2019-06-28 11:53:40.000000000,BEST_ASK,"JPM,101615,141"
2019-06-28 11:53:41.855870765,QUERY_ORDER_STREAM,65
2019-06-28 11:53:41.855870765,QUERY_SPREAD,65
2019-06-28 11:53:41.855870765,BEST_BID,"JPM,101452,240"
2019-06-28 11:53:41.855870765,BEST_ASK,"JPM,101615,241"
2019-06-28 11:53:43.739385429,QUERY_SPREAD,2
2019-06-28 11:53:43.739385429,BEST_BID,"JPM,101452,140"
2019-06-28 11:53:43.739385429,BEST_ASK,"JPM,101615,241"
2019-06-28 11:53:43.739385429,LAST_TRADE,"100,$101452.0000"
2019-06-28 11:53:50.000000000,QUERY_SPREAD,1
2019-06-28 11:53:50.000000000,BEST_BID,"JPM,101150,195"
2019-06-28 11:53:50.000000000,BEST_ASK,"JPM,101615,101"
2019-06-28 11:53:50.000000000,BEST_BID,"JPM,101150,195"
2019-06-28 11:53:50.000000000,BEST_ASK,"JPM,101615,101"
2019-06-28 11:53:50.000000000,BEST_BID,"JPM,101150,195"
2019-06-28 11:53:50.000000000,BEST_ASK,"JPM,101615,101"
2019-06-28 11:53:50.000000000,BEST_BID,"JPM,101150,195"
2019-06-28 11:53:50.000000000,BEST_ASK,"JPM,101615,196"
2019-06-28 11:53:50.000000000,BEST_BID,"JPM,101150,195"
2019-06-28 11:53:50.000000000,BEST_ASK,"JPM,101615,196"
2019-06-28 11:53:50.000000000,BEST_BID,"JPM,101150,195"
2019-06-28 11:53:50.000000000,BEST_ASK,"JPM,101615,196"
2019-06-28 11:54:00.000000000,QUERY_SPREAD,1
2019-06-28 11:54:00.000000000,BEST_BID,"JPM,101150,240"
2019-06-28 11:54:00.000000000,BEST_ASK,"JPM,101615,101"
2019-06-28 11:54:00.000000000,BEST_BID,"JPM,101150,240"
2019-06-28 11:54:00.000000000,BEST_ASK,"JPM,101615,101"
2019-06-28 11:54:00.000000000,BEST_BID,"JPM,101150,240"
2019-06-28 11:54:00.000000000,BEST_ASK,"JPM,101615,241"
2019-06-28 11:54:00.000000000,BEST_BID,"JPM,101150,240"
2019-06-28 11:54:00.000000000,BEST_ASK,"JPM,101615,241"
2019-06-28 11:54:00.000000000,QUERY_SPREAD,77
2019-06-28 11:54:00.000000000,BEST_BID,"JPM,101150,240"
2019-06-28 11:54:00.000000000,BEST_ASK,"JPM,101615,240"
2019-06-28 11:54:00.000000000,LAST_TRADE,"1,$101615.0000"
2019-06-28 11:54:00.000000000,QUERY_SPREAD,78
2019-06-28 11:54:00.000000000,BEST_BID,"JPM,101150,240"
2019-06-28 11:54:00.000000000,BEST_ASK,"JPM,101615,236"
2019-06-28 11:54:00.000000000,LAST_TRADE,"4,$101615.0000"
2019-06-28 11:54:00.000000000,QUERY_SPREAD,79
2019-06-28 11:54:00.000000000,BEST_BID,"JPM,101150,240"
2019-06-28 11:54:00.000000000,BEST_ASK,"JPM,101615,230"
2019-06-28 11:54:00.000000000,LAST_TRADE,"6,$101615.0000"
2019-06-28 11:54:00.000000000,QUERY_SPREAD,80
2019-06-28 11:54:00.000000000,BEST_BID,"JPM,101150,240"
2019-06-28 11:54:00.000000000,BEST_ASK,"JPM,101615,225"
2019-06-28 11:54:00.000000000,LAST_TRADE,"5,$101615.0000"
2019-06-28 11:54:00.000000000,QUERY_SPREAD,81
2019-06-28 11:54:00.000000000,BEST_BID,"JPM,101150,240"
2019-06-28 11:54:00.000000000,BEST_ASK,"JPM,101615,217"
2019-06-28 11:54:00.000000000,LAST_TRADE,"8,$101615.0000"
2019-06-28 11:54:00.000000000,QUERY_SPREAD,82
2019-06-28 11:54:00.000000000,BEST_BID,"JPM,101150,240"
2019-06-28 11:54:00.000000000,BEST_ASK,"JPM,101615,209"
2019-06-28 11:54:00.000000000,LAST_TRADE,"8,$101615.0000"
2019-06-28 11:54:00.000000000,QUERY_SPREAD,83
2019-06-28 11:54:00.000000000,BEST_BID,"JPM,101150,240"
2019-06-28 11:54:00.000000000,BEST_ASK,"JPM,101615,207"
2019-06-28 11:54:00.000000000,LAST_TRADE,"2,$101615.0000"
2019-06-28 11:54:00.000000000,QUERY_SPREAD,84
2019-06-28 11:54:00.000000000,BEST_BID,"JPM,101150,240"
2019-06-28 11:54:00.000000000,BEST_ASK,"JPM,101615,206"
2019-06-28 11:54:00.000000000,LAST_TRADE,"1,$101615.0000"
2019-06-28 11:54:00.000000000,QUERY_SPREAD,85
2019-06-28 11:54:00.000000000,BEST_BID,"JPM,101150,240"
2019-06-28 11:54:00.000000000,BEST_ASK,"JPM,101615,205"
2019-06-28 11:54:00.000000000,LAST_TRADE,"1,$101615.0000"
2019-06-28 11:54:00.000000000,QUERY_SPREAD,86
2019-06-28 11:54:00.000000000,BEST_BID,"JPM,101150,240"
2019-06-28 11:54:00.000000000,BEST_ASK,"JPM,101615,199"
2019-06-28 11:54:00.000000000,LAST_TRADE,"6,$101615.0000"
2019-06-28 11:54:00.000000000,QUERY_SPREAD,87
2019-06-28 11:54:00.000000000,BEST_BID,"JPM,101150,240"
2019-06-28 11:54:00.000000000,BEST_ASK,"JPM,101615,196"
2019-06-28 11:54:00.000000000,LAST_TRADE,"3,$101615.0000"
2019-06-28 11:54:00.000000000,QUERY_SPREAD,88
2019-06-28 11:54:00.000000000,BEST_BID,"JPM,101150,240"
2019-06-28 11:54:00.000000000,BEST_ASK,"JPM,101615,192"
2019-06-28 11:54:00.000000000,LAST_TRADE,"4,$101615.0000"
2019-06-28 11:54:00.000000000,QUERY_SPREAD,89
2019-06-28 11:54:00.000000000,BEST_BID,"JPM,101150,240"
2019-06-28 11:54:00.000000000,BEST_ASK,"JPM,101615,188"
2019-06-28 11:54:00.000000000,LAST_TRADE,"4,$101615.0000"
2019-06-28 11:54:00.000000000,QUERY_SPREAD,90
2019-06-28 11:54:00.000000000,BEST_BID,"JPM,101150,240"
2019-06-28 11:54:00.000000000,BEST_ASK,"JPM,101615,181"
2019-06-28 11:54:00.000000000,LAST_TRADE,"7,$101615.0000"
2019-06-28 11:54:00.000000000,QUERY_SPREAD,91
2019-06-28 11:54:00.000000000,BEST_BID,"JPM,101150,240"
2019-06-28 11:54:00.000000000,BEST_ASK,"JPM,101615,173"
2019-06-28 11:54:00.000000000,LAST_TRADE,"8,$101615.0000"
2019-06-28 11:54:00.000000000,QUERY_SPREAD,92
2019-06-28 11:54:00.000000000,BEST_BID,"JPM,101150,240"
2019-06-28 11:54:00.000000000,BEST_ASK,"JPM,101615,168"
2019-06-28 11:54:00.000000000,LAST_TRADE,"5,$101615.0000"
2019-06-28 11:54:00.000000000,QUERY_SPREAD,93
2019-06-28 11:54:00.000000000,BEST_BID,"JPM,101150,240"
2019-06-28 11:54:00.000000000,BEST_ASK,"JPM,101615,165"
2019-06-28 11:54:00.000000000,LAST_TRADE,"3,$101615.0000"
2019-06-28 11:54:00.000000000,QUERY_SPREAD,94
2019-06-28 11:54:00.000000000,BEST_BID,"JPM,101150,240"
2019-06-28 11:54:00.000000000,BEST_ASK,"JPM,101615,161"
2019-06-28 11:54:00.000000000,LAST_TRADE,"4,$101615.0000"
2019-06-28 11:54:00.000000000,QUERY_SPREAD,95
2019-06-28 11:54:00.000000000,BEST_BID,"JPM,101150,240"
2019-06-28 11:54:00.000000000,BEST_ASK,"JPM,101615,156"
2019-06-28 11:54:00.000000000,LAST_TRADE,"5,$101615.0000"
2019-06-28 11:54:00.000000000,QUERY_SPREAD,96
2019-06-28 11:54:00.000000000,BEST_BID,"JPM,101150,240"
2019-06-28 11:54:00.000000000,BEST_ASK,"JPM,101615,155"
2019-06-28 11:54:00.000000000,LAST_TRADE,"1,$101615.0000"
2019-06-28 11:54:00.000000000,QUERY_SPREAD,97
2019-06-28 11:54:00.000000000,BEST_BID,"JPM,101150,240"
2019-06-28 11:54:00.000000000,BEST_ASK,"JPM,101615,148"
2019-06-28 11:54:00.000000000,LAST_TRADE,"7,$101615.0000"
2019-06-28 11:54:00.000000000,QUERY_SPREAD,98
2019-06-28 11:54:00.000000000,BEST_BID,"JPM,101150,240"
2019-06-28 11:54:00.000000000,BEST_ASK,"JPM,101615,142"
2019-06-28 11:54:00.000000000,LAST_TRADE,"6,$101615.0000"
2019-06-28 11:54:00.000000000,QUERY_SPREAD,99
2019-06-28 11:54:00.000000000,BEST_BID,"JPM,101150,240"
2019-06-28 11:54:00.000000000,BEST_ASK,"JPM,101615,137"
2019-06-28 11:54:00.000000000,LAST_TRADE,"5,$101615.0000"
2019-06-28 11:54:00.000000000,QUERY_SPREAD,100
2019-06-28 11:54:00.000000000,BEST_BID,"JPM,101150,240"
2019-06-28 11:54:00.000000000,BEST_ASK,"JPM,101615,130"
2019-06-28 11:54:00.000000000,LAST_TRADE,"7,$101615.0000"
2019-06-28 11:54:00.000000000,QUERY_SPREAD,101
2019-06-28 11:54:00.000000000,QUERY_ORDER_STREAM,101
2019-06-28 11:54:07.053122697,QUERY_SPREAD,21
2019-06-28 11:54:07.053122697,BEST_BID,"JPM,101150,240"
2019-06-28 11:54:07.053122697,BEST_ASK,"JPM,101615,130"
2019-06-28 11:54:10.000000000,QUERY_SPREAD,1
2019-06-28 11:54:10.000000000,BEST_BID,"JPM,101150,156"
2019-06-28 11:54:10.000000000,BEST_ASK,"JPM,101648,100"
2019-06-28 11:54:10.000000000,BEST_BID,"JPM,101150,156"
2019-06-28 11:54:10.000000000,BEST_ASK,"JPM,101648,100"
2019-06-28 11:54:10.000000000,BEST_BID,"JPM,101150,156"
2019-06-28 11:54:10.000000000,BEST_ASK,"JPM,101648,100"
2019-06-28 11:54:10.000000000,BEST_BID,"JPM,101150,156"
2019-06-28 11:54:10.000000000,BEST_ASK,"JPM,101648,100"
2019-06-28 11:54:10.000000000,BEST_BID,"JPM,101150,156"
2019-06-28 11:54:10.000000000,BEST_ASK,"JPM,101648,100"
2019-06-28 11:54:10.000000000,BEST_BID,"JPM,101150,156"
2019-06-28 11:54:10.000000000,BEST_ASK,"JPM,101648,156"
2019-06-28 11:54:10.000000000,BEST_BID,"JPM,101150,156"
2019-06-28 11:54:10.000000000,BEST_ASK,"JPM,101648,156"
2019-06-28 11:54:10.000000000,BEST_BID,"JPM,101150,156"
2019-06-28 11:54:10.000000000,BEST_ASK,"JPM,101648,156"
2019-06-28 11:54:10.000000000,BEST_BID,"JPM,101150,156"
2019-06-28 11:54:10.000000000,BEST_ASK,"JPM,101648,156"
2019-06-28 11:54:10.000000000,BEST_BID,"JPM,101150,156"
2019-06-28 11:54:10.000000000,BEST_ASK,"JPM,101648,156"
2019-06-28 11:54:10.977704735,QUERY_SPREAD,7
2019-06-28 11:54:10.977704735,BEST_BID,"JPM,101150,156"
2019-06-28 11:54:10.977704735,BEST_ASK,"JPM,101648,156"
2019-06-28 11:54:14.538883302,QUERY_SPREAD,12
2019-06-28 11:54:14.538883302,BEST_BID,"JPM,101150,56"
2019-06-28 11:54:14.538883302,BEST_ASK,"JPM,101648,156"
2019-06-28 11:54:14.538883302,LAST_TRADE,"100,$101150.0000"
2019-06-28 11:54:17.077558817,QUERY_SPREAD,46
2019-06-28 11:54:17.077558817,BEST_BID,"JPM,100994,56"
2019-06-28 11:54:17.077558817,BEST_ASK,"JPM,101150,44"
2019-06-28 11:54:17.077558817,LAST_TRADE,"56,$101150.0000"
2019-06-28 11:54:20.000000000,QUERY_SPREAD,1
2019-06-28 11:54:20.000000000,BEST_BID,"JPM,100901,380"
2019-06-28 11:54:20.000000000,BEST_ASK,"JPM,101150,44"
2019-06-28 11:54:20.000000000,BEST_BID,"JPM,100901,380"
2019-06-28 11:54:20.000000000,BEST_ASK,"JPM,101150,324"
2019-06-28 11:54:20.045993785,QUERY_ORDER_STREAM,63
2019-06-28 11:54:20.045993785,QUERY_SPREAD,63
2019-06-28 11:54:25.574755553,QUERY_ORDER_STREAM,65
2019-06-28 11:54:25.574755553,QUERY_SPREAD,65
2019-06-28 11:54:30.000000000,QUERY_SPREAD,1
2019-06-28 11:54:30.000000000,BEST_BID,"JPM,100901,380"
2019-06-28 11:54:30.000000000,BEST_ASK,"JPM,101150,44"
2019-06-28 11:54:30.000000000,BEST_BID,"JPM,100901,380"
2019-06-28 11:54:30.000000000,BEST_ASK,"JPM,101150,324"
2019-06-28 11:54:36.078378320,QUERY_SPREAD,11
2019-06-28 11:54:36.078378320,BEST_BID,"JPM,100901,280"
2019-06-28 11:54:36.078378320,BEST_ASK,"JPM,101150,324"
2019-06-28 11:54:36.078378320,LAST_TRADE,"100,$100901.0000"
2019-06-28 11:54:40.000000000,QUERY_SPREAD,1
2019-06-28 11:54:40.000000000,BEST_BID,"JPM,100896,170"
2019-06-28 11:54:40.000000000,BEST_ASK,"JPM,101150,44"
2019-06-28 11:54:40.000000000,BEST_BID,"JPM,100896,170"
2019-06-28 11:54:40.000000000,BEST_ASK,"JPM,101150,44"
2019-06-28 11:54:40.000000000,BEST_BID,"JPM,100896,170"
2019-06-28 11:54:40.000000000,BEST_ASK,"JPM,101150,44"
2019-06-28 11:54:40.000000000,BEST_BID,"JPM,100896,170"
2019-06-28 11:54:40.000000000,BEST_ASK,"JPM,101150,44"
2019-06-28 11:54:40.000000000,BEST_BID,"JPM,100896,170"
2019-06-28 11:54:40.000000000,BEST_ASK,"JPM,101150,114"
2019-06-28 11:54:40.000000000,BEST_BID,"JPM,100896,170"
2019-06-28 11:54:40.000000000,BEST_ASK,"JPM,101150,114"
2019-06-28 11:54:40.000000000,BEST_BID,"JPM,100896,170"
2019-06-28 11:54:40.000000000,BEST_ASK,"JPM,101150,114"
2019-06-28 11:54:40.000000000,BEST_BID,"JPM,100896,170"
2019-06-28 11:54:40.000000000,BEST_ASK,"JPM,101150,114"
2019-06-28 11:54:50.000000000,QUERY_SPREAD,1
2019-06-28 11:54:50.000000000,BEST_BID,"JPM,100896,240"
2019-06-28 11:54:50.000000000,BEST_ASK,"JPM,101150,44"
2019-06-28 11:54:50.000000000,BEST_BID,"JPM,100896,240"
2019-06-28 11:54:50.000000000,BEST_ASK,"JPM,101150,44"
2019-06-28 11:54:50.000000000,BEST_BID,"JPM,100896,240"
2019-06-28 11:54:50.000000000,BEST_ASK,"JPM,101150,184"
2019-06-28 11:54:50.000000000,BEST_BID,"JPM,100896,240"
2019-06-28 11:54:50.000000000,BEST_ASK,"JPM,101150,184"
2019-06-28 11:54:58.625066382,QUERY_ORDER_STREAM,56
2019-06-28 11:54:58.625066382,QUERY_SPREAD,56
2019-06-28 11:54:58.625066382,BEST_BID,"JPM,100902,100"
2019-06-28 11:54:58.625066382,BEST_ASK,"JPM,101150,184"
2019-06-28 11:55:00.000000000,QUERY_SPREAD,1
2019-06-28 11:55:00.000000000,BEST_BID,"JPM,100902,195"
2019-06-28 11:55:00.000000000,BEST_ASK,"JPM,101150,44"
2019-06-28 11:55:00.000000000,BEST_BID,"JPM,100902,195"
2019-06-28 11:55:00.000000000,BEST_ASK,"JPM,101150,44"
2019-06-28 11:55:00.000000000,BEST_BID,"JPM,100902,195"
2019-06-28 11:55:00.000000000,BEST_ASK,"JPM,101150,44"
2019-06-28 11:55:00.000000000,BEST_BID,"JPM,100902,195"
2019-06-28 11:55:00.000000000,BEST_ASK,"JPM,101150,139"
2019-06-28 11:55:00.000000000,BEST_BID,"JPM,100902,195"
2019-06-28 11:55:00.000000000,BEST_ASK,"JPM,101150,139"
2019-06-28 11:55:00.000000000,BEST_BID,"JPM,100902,195"
2019-06-28 11:55:00.000000000,BEST_ASK,"JPM,101150,139"
2019-06-28 11:55:00.000000000,QUERY_SPREAD,77
2019-06-28 11:55:00.000000000,BEST_BID,"JPM,100902,195"
2019-06-28 11:55:00.000000000,BEST_ASK,"JPM,101150,138"
2019-06-28 11:55:00.000000000,LAST_TRADE,"1,$101150.0000"
2019-06-28 11:55:00.000000000,QUERY_SPREAD,78
2019-06-28 11:55:00.000000000,BEST_BID,"JPM,100902,195"
2019-06-28 11:55:00.000000000,BEST_ASK,"JPM,101150,134"
2019-06-28 11:55:00.000000000,LAST_TRADE,"4,$101150.0000"
2019-06-28 11:55:00.000000000,QUERY_SPREAD,79
2019-06-28 11:55:00.000000000,BEST_BID,"JPM,100902,195"
2019-06-28 11:55:00.000000000,BEST_ASK,"JPM,101150,128"
2019-06-28 11:55:00.000000000,LAST_TRADE,"6,$101150.0000"
2019-06-28 11:55:00.000000000,QUERY_SPREAD,80
2019-06-28 11:55:00.000000000,BEST_BID,"JPM,100902,195"
2019-06-28 11:55:00.000000000,BEST_ASK,"JPM,101150,123"
2019-06-28 11:55:00.000000000,LAST_TRADE,"5,$101150.0000"
2019-06-28 11:55:00.000000000,QUERY_SPREAD,81
2019-06-28 11:55:00.000000000,BEST_BID,"JPM,100902,195"
2019-06-28 11:55:00.000000000,BEST_ASK,"JPM,101150,115"
2019-06-28 11:55:00.000000000,LAST_TRADE,"8,$101150.0000"
2019-06-28 11:55:00.000000000,QUERY_SPREAD,82
2019-06-28 11:55:00.000000000,BEST_BID,"JPM,100902,195"
2019-06-28 11:55:00.000000000,BEST_ASK,"JPM,101150,107"
2019-06-28 11:55:00.000000000,LAST_TRADE,"8,$101150.0000"
2019-06-28 11:55:00.000000000,QUERY_SPREAD,83
2019-06-28 11:55:00.000000000,BEST_BID,"JPM,100902,195"
2019-06-28 11:55:00.000000000,BEST_ASK,"JPM,101150,105"
2019-06-28 11:55:00.000000000,LAST_TRADE,"2,$101150.0000"
2019-06-28 11:55:00.000000000,QUERY_SPREAD,84
2019-06-28 11:55:00.000000000,BEST_BID,"JPM,100902,195"
2019-06-28 11:55:00.000000000,BEST_ASK,"JPM,101150,104"
2019-06-28 11:55:00.000000000,LAST_TRADE,"1,$101150.0000"
2019-06-28 11:55:00.000000000,QUERY_SPREAD,85
2019-06-28 11:55:00.000000000,BEST_BID,"JPM,100902,195"
2019-06-28 11:55:00.000000000,BEST_ASK,"JPM,101150,103"
2019-06-28 11:55:00.000000000,LAST_TRADE,"1,$101150.0000"
2019-06-28 11:55:00.000000000,QUERY_SPREAD,86
2019-06-28 11:55:00.000000000,BEST_BID,"JPM,100902,195"
2019-06-28 11:55:00.000000000,BEST_ASK,"JPM,101150,97"
2019-06-28 11:55:00.000000000,LAST_TRADE,"6,$101150.0000"
2019-06-28 11:55:00.000000000,QUERY_SPREAD,87
2019-06-28 11:55:00.000000000,BEST_BID,"JPM,100902,195"
2019-06-28 11:55:00.000000000,BEST_ASK,"JPM,101150,94"
2019-06-28 11:55:00.000000000,LAST_TRADE,"3,$101150.0000"
2019-06-28 11:55:00.000000000,QUERY_SPREAD,88
2019-06-28 11:55:00.000000000,BEST_BID,"JPM,100902,195"
2019-06-28 11:55:00.000000000,BEST_ASK,"JPM,101150,90"
2019-06-28 11:55:00.000000000,LAST_TRADE,"4,$101150.0000"
2019-06-28 11:55:00.000000000,QUERY_SPREAD,89
2019-06-28 11:55:00.000000000,BEST_BID,"JPM,100902,195"
2019-06-28 11:55:00.000000000,BEST_ASK,"JPM,101150,86"
2019-06-28 11:55:00.000000000,LAST_TRADE,"4,$101150.0000"
2019-06-28 11:55:00.000000000,QUERY_SPREAD,90
2019-06-28 11:55:00.000000000,BEST_BID,"JPM,100902,195"
2019-06-28 11:55:00.000000000,BEST_ASK,"JPM,101150,79"
2019-06-28 11:55:00.000000000,LAST_TRADE,"7,$101150.0000"
2019-06-28 11:55:00.000000000,QUERY_SPREAD,91
2019-06-28 11:55:00.000000000,BEST_BID,"JPM,100902,195"
2019-06-28 11:55:00.000000000,BEST_ASK,"JPM,101150,71"
2019-06-28 11:55:00.000000000,LAST_TRADE,"8,$101150.0000"
2019-06-28 11:55:00.000000000,QUERY_SPREAD,92
2019-06-28 11:55:00.000000000,BEST_BID,"JPM,100902,195"
2019-06-28 11:55:00.000000000,BEST_ASK,"JPM,101150,66"
2019-06-28 11:55:00.000000000,LAST_TRADE,"5,$101150.0000"
2019-06-28 11:55:00.000000000,QUERY_SPREAD,93
2019-06-28 11:55:00.000000000,BEST_BID,"JPM,100902,195"
2019-06-28 11:55:00.000000000,BEST_ASK,"JPM,101150,63"
2019-06-28 11:55:00.000000000,LAST_TRADE,"3,$101150.0000"
2019-06-28 11:55:00.000000000,QUERY_SPREAD,94
2019-06-28 11:55:00.000000000,BEST_BID,"JPM,100902,195"
2019-06-28 11:55:00.000000000,BEST_ASK,"JPM,101150,59"
2019-06-28 11:55:00.000000000,LAST_TRADE,"4,$101150.0000"
2019-06-28 11:55:00.000000000,QUERY_SPREAD,95
2019-06-28 11:55:00.000000000,BEST_BID,"JPM,100902,195"
2019-06-28 11:55:00.000000000,BEST_ASK,"JPM,101150,54"
2019-06-28 11:55:00.000000000,LAST_TRADE,"5,$101150.0000"
2019-06-28 11:55:00.000000000,QUERY_SPREAD,96
2019-06-28 11:55:00.000000000,BEST_BID,"JPM,100902,195"
2019-06-28 11:55:00.000000000,BEST_ASK,"JPM,101150,53"
2019-06-28 11:55:00.000000000,LAST_TRADE,"1,$101150.0000"
2019-06-28 11:55:00.000000000,QUERY_SPREAD,97
2019-06-28 11:55:00.000000000,BEST_BID,"JPM,100902,195"
2019-06-28 11:55:00.000000000,BEST_ASK,"JPM,101150,46"
2019-06-28 11:55:00.000000000,LAST_TRADE,"7,$101150.0000"
2019-06-28 11:55:00.000000000,QUERY_SPREAD,98
2019-06-28 11:55:00.000000000,BEST_BID,"JPM,100902,195"
2019-06-28 11:55:00.000000000,BEST_ASK,"JPM,101150,40"
2019-06-28 11:55:00.000000000,LAST_TRADE,"6,$101150.0000"
2019-06-28 11:55:00.000000000,QUERY_SPREAD,99
2019-06-28 11:55:00.000000000,BEST_BID,"JPM,100902,195"
2019-06-28 11:55:00.000000000,BEST_ASK,"JPM,101150,35"
2019-06-28 11:55:00.000000000,LAST_TRADE,"5,$101150.0000"
2019-06-28 11:55:00.000000000,QUERY_SPREAD,100
2019-06-28 11:55:00.000000000,BEST_BID,"JPM,100902,195"
2019-06-28 11:55:00.000000000,BEST_ASK,"JPM,101150,28"
2019-06-28 11:55:00.000000000,LAST_TRADE,"7,$101150.0000"
2019-06-28 11:55:00.000000000,QUERY_SPREAD,101
2019-06-28 11:55:00.000000000,QUERY_ORDER_STREAM,101
2019-06-28 11:55:01.186026132,QUERY_SPREAD,19
2019-06-28 11:55:01.186026132,BEST_BID,"JPM,100902,195"
2019-06-28 11:55:01.186026132,BEST_ASK,"JPM,101056,100"
2019-06-28 11:55:05.798184817,QUERY_SPREAD,28
2019-06-28 11:55:05.798184817,BEST_BID,"JPM,100902,95"
2019-06-28 11:55:05.798184817,BEST_ASK,"JPM,101056,100"
2019-06-28 11:55:05.798184817,LAST_TRADE,"100,$100902.0000"
2019-06-28 11:55:10.000000000,QUERY_SPREAD,1
2019-06-28 11:55:10.000000000,BEST_BID,"JPM,100896,156"
2019-06-28 11:55:10.000000000,BEST_ASK,"JPM,101056,100"
2019-06-28 11:55:10.000000000,BEST_BID,"JPM,100896,156"
2019-06-28 11:55:10.000000000,BEST_ASK,"JPM,101056,100"
2019-06-28 11:55:10.000000000,BEST_BID,"JPM,100896,156"
2019-06-28 11:55:10.000000000,BEST_ASK,"JPM,101056,100"
2019-06-28 11:55:10.000000000,BEST_BID,"JPM,100896,156"
2019-06-28 11:55:10.000000000,BEST_ASK,"JPM,101056,100"
2019-06-28 11:55:10.000000000,BEST_BID,"JPM,100896,156"
2019-06-28 11:55:10.000000000,BEST_ASK,"JPM,101056,100"
2019-06-28 11:55:10.000000000,BEST_BID,"JPM,100896,156"
2019-06-28 11:55:10.000000000,BEST_ASK,"JPM,101056,156"
2019-06-28 11:55:10.000000000,BEST_BID,"JPM,100896,156"
2019-06-28 11:55:10.000000000,BEST_ASK,"JPM,101056,156"
2019-06-28 11:55:10.000000000,BEST_BID,"JPM,100896,156"
2019-06-28 11:55:10.000000000,BEST_ASK,"JPM,101056,156"
2019-06-28 11:55:10.000000000,BEST_BID,"JPM,100896,156"
2019-06-28 11:55:10.000000000,BEST_ASK,"JPM,101056,156"
2019-06-28 11:55:10.000000000,BEST_BID,"JPM,100896,156"
2019-06-28 11:55:10.000000000,BEST_ASK,"JPM,101056,156"
2019-06-28 11:55:20.000000000,QUERY_SPREAD,1
2019-06-28 11:55:20.000000000,BEST_BID,"JPM,100896,240"
2019-06-28 11:55:20.000000000,BEST_ASK,"JPM,101056,100"
2019-06-28 11:55:20.000000000,BEST_BID,"JPM,100896,240"
2019-06-28 11:55:20.000000000,BEST_ASK,"JPM,101056,100"
2019-06-28 11:55:20.000000000,BEST_BID,"JPM,100896,240"
2019-06-28 11:55:20.000000000,BEST_ASK,"JPM,101056,240"
2019-06-28 11:55:20.000000000,BEST_BID,"JPM,100896,240"
2019-06-28 11:55:20.000000000,BEST_ASK,"JPM,101056,240"
2019-06-28 11:55:26.402971554,QUERY_ORDER_STREAM,67
2019-06-28 11:55:26.402971554,QUERY_SPREAD,67
2019-06-28 11:55:26.402971554,BEST_BID,"JPM,100896,240"
2019-06-28 11:55:26.402971554,BEST_ASK,"JPM,101055,100"
2019-06-28 11:55:30.000000000,QUERY_SPREAD,1
2019-06-28 11:55:30.000000000,BEST_BID,"JPM,100896,156"
2019-06-28 11:55:30.000000000,BEST_ASK,"JPM,101055,100"
2019-06-28 11:55:30.000000000,BEST_BID,"JPM,100896,156"
2019-06-28 11:55:30.000000000,BEST_ASK,"JPM,101055,100"
2019-06-28 11:55:30.000000000,BEST_BID,"JPM,100896,156"
2019-06-28 11:55:30.000000000,BEST_ASK,"JPM,101055,100"
2019-06-28 11:55:30.000000000,BEST_BID,"JPM,100896,156"
2019-06-28 11:55:30.000000000,BEST_ASK,"JPM,101055,100"
2019-06-28 11:55:30.000000000,BEST_BID,"JPM,100896,156"
2019-06-28 11:55:30.000000000,BEST_ASK,"JPM,101055,100"
2019-06-28 11:55:30.000000000,BEST_BID,"JPM,100896,156"
2019-06-28 11:55:30.000000000,BEST_ASK,"JPM,101055,156"
2019-06-28 11:55:30.000000000,BEST_BID,"JPM,100896,156"
2019-06-28 11:55:30.000000000,BEST_ASK,"JPM,101055,156"
2019-06-28 11:55:30.000000000,BEST_BID,"JPM,100896,156"
2019-06-28 11:55:30.000000000,BEST_ASK,"JPM,101055,156"
2019-06-28 11:55:30.000000000,BEST_BID,"JPM,100896,156"
2019-06-28 11:55:30.000000000,BEST_ASK,"JPM,101055,156"
2019-06-28 11:55:30.000000000,BEST_BID,"JPM,100896,156"
2019-06-28 11:55:30.000000000,BEST_ASK,"JPM,101055,156"
2019-06-28 11:55:40.000000000,QUERY_SPREAD,1
2019-06-28 11:55:40.000000000,BEST_BID,"JPM,100896,156"
2019-06-28 11:55:40.000000000,BEST_ASK,"JPM,101055,100"
2019-06-28 11:55:40.000000000,BEST_BID,"JPM,100896,156"
2019-06-28 11:55:40.000000000,BEST_ASK,"JPM,101055,100"
2019-06-28 11:55:40.000000000,BEST_BID,"JPM,100896,156"
2019-06-28 11:55:40.000000000,BEST_ASK,"JPM,101055,100"
2019-06-28 11:55:40.000000000,BEST_BID,"JPM,100896,156"
2019-06-28 11:55:40.000000000,BEST_ASK,"JPM,101055,100"
2019-06-28 11:55:40.000000000,BEST_BID,"JPM,100896,156"
2019-06-28 11:55:40.000000000,BEST_ASK,"JPM,101055,100"
2019-06-28 11:55:40.000000000,BEST_BID,"JPM,100896,156"
2019-06-28 11:55:40.000000000,BEST_ASK,"JPM,101055,156"
2019-06-28 11:55:40.000000000,BEST_BID,"JPM,100896,156"
2019-06-28 11:55:40.000000000,BEST_ASK,"JPM,101055,156"
2019-06-28 11:55:40.000000000,BEST_BID,"JPM,100896,156"
2019-06-28 11:55:40.000000000,BEST_ASK,"JPM,101055,156"
2019-06-28 11:55:40.000000000,BEST_BID,"JPM,100896,156"
2019-06-28 11:55:40.000000000,BEST_ASK,"JPM,101055,156"
2019-06-28 11:55:40.000000000,BEST_BID,"JPM,100896,156"
2019-06-28 11:55:40.000000000,BEST_ASK,"JPM,101055,156"
2019-06-28 11:55:44.285075208,QUERY_SPREAD,48
2019-06-28 11:55:44.285075208,BEST_BID,"JPM,100896,156"
2019-06-28 11:55:44.285075208,BEST_ASK,"JPM,101055,156"
2019-06-28 11:55:50.000000000,QUERY_SPREAD,1
2019-06-28 11:55:50.000000000,BEST_BID,"JPM,100896,170"
2019-06-28 11:55:50.000000000,BEST_ASK,"JPM,101055,100"
2019-06-28 11:55:50.000000000,BEST_BID,"JPM,100896,170"
2019-06-28 11:55:50.000000000,BEST_ASK,"JPM,101055,100"
2019-06-28 11:55:50.000000000,BEST_BID,"JPM,100896,170"
2019-06-28 11:55:50.000000000,BEST_ASK,"JPM,101055,100"
2019-06-28 11:55:50.000000000,BEST_BID,"JPM,100896,170"
2019-06-28 11:55:50.000000000,BEST_ASK,"JPM,101055,100"
2019-06-28 11:55:50.000000000,BEST_BID,"JPM,100896,170"
2019-06-28 11:55:50.000000000,BEST_ASK,"JPM,101055,170"
2019-06-28 11:55:50.000000000,BEST_BID,"JPM,100896,170"
2019-06-28 11:55:50.000000000,BEST_ASK,"JPM,101055,170"
2019-06-28 11:55:50.000000000,BEST_BID,"JPM,100896,170"
2019-06-28 11:55:50.000000000,BEST_ASK,"JPM,101055,170"
2019-06-28 11:55:50.000000000,BEST_BID,"JPM,100896,170"
2019-06-28 11:55:50.000000000,BEST_ASK,"JPM,101055,170"
2019-06-28 11:55:51.165496709,QUERY_SPREAD,44
2019-06-28 11:55:51.165496709,BEST_BID,"JPM,100896,170"
2019-06-28 11:55:51.165496709,BEST_ASK,"JPM,101055,170"
2019-06-28 11:56:00.000000000,QUERY_SPREAD,1
2019-06-28 11:56:00.000000000,BEST_BID,"JPM,100896,380"
2019-06-28 11:56:00.000000000,BEST_ASK,"JPM,101055,100"
2019-06-28 11:56:00.000000000,BEST_BID,"JPM,100896,380"
2019-06-28 11:56:00.000000000,BEST_ASK,"JPM,101055,380"
2019-06-28 11:56:00.000000000,QUERY_SPREAD,77
2019-06-28 11:56:00.000000000,BEST_BID,"JPM,100896,380"
2019-06-28 11:56:00.000000000,BEST_ASK,"JPM,101055,379"
2019-06-28 11:56:00.000000000,LAST_TRADE,"1,$101055.0000"
2019-06-28 11:56:00.000000000,QUERY_SPREAD,78
2019-06-28 11:56:00.000000000,BEST_BID,"JPM,100896,380"
2019-06-28 11:56:00.000000000,BEST_ASK,"JPM,101055,375"
2019-06-28 11:56:00.000000000,LAST_TRADE,"4,$101055.0000"
2019-06-28 11:56:00.000000000,QUERY_SPREAD,79
2019-06-28 11:56:00.000000000,BEST_BID,"JPM,100896,380"
2019-06-28 11:56:00.000000000,BEST_ASK,"JPM,101055,369"
2019-06-28 11:56:00.000000000,LAST_TRADE,"6,$101055.0000"
2019-06-28 11:56:00.000000000,QUERY_SPREAD,80
2019-06-28 11:56:00.000000000,BEST_BID,"JPM,100896,380"
2019-06-28 11:56:00.000000000,BEST_ASK,"JPM,101055,364"
2019-06-28 11:56:00.000000000,LAST_TRADE,"5,$101055.0000"
2019-06-28 11:56:00.000000000,QUERY_SPREAD,81
2019-06-28 11:56:00.000000000,BEST_BID,"JPM,100896,380"
2019-06-28 11:56:00.000000000,BEST_ASK,"JPM,101055,356"
2019-06-28 11:56:00.000000000,LAST_TRADE,"8,$101055.0000"
2019-06-28 11:56:00.000000000,QUERY_SPREAD,82
2019-06-28 11:56:00.000000000,BEST_BID,"JPM,100896,380"
2019-06-28 11:56:00.000000000,BEST_ASK,"JPM,101055,348"
2019-06-28 11:56:00.000000000,LAST_TRADE,"8,$101055.0000"
2019-06-28 11:56:00.000000000,QUERY_SPREAD,83
2019-06-28 11:56:00.000000000,BEST_BID,"JPM,100896,380"
2019-06-28 11:56:00.000000000,BEST_ASK,"JPM,101055,346"
2019-06-28 11:56:00.000000000,LAST_TRADE,"2,$101055.0000"
2019-06-28 11:56:00.000000000,QUERY_SPREAD,84
2019-06-28 11:56:00.000000000,BEST_BID,"JPM,100896,380"
2019-06-28 11:56:00.000000000,BEST_ASK,"JPM,101055,345"
2019-06-28 11:56:00.000000000,LAST_TRADE,"1,$101055.0000"
2019-06-28 11:56:00.000000000,QUERY_SPREAD,85
2019-06-28 11:56:00.000000000,BEST_BID,"JPM,100896,380"
2019-06-28 11:56:00.000000000,BEST_ASK,"JPM,101055,344"
2019-06-28 11:56:00.000000000,LAST_TRADE,"1,$101055.0000"
2019-06-28 11:56:00.000000000,QUERY_SPREAD,86
2019-06-28 11:56:00.000000000,BEST_BID,"JPM,100896,380"
2019-06-28 11:56:00.000000000,BEST_ASK,"JPM,101055,338"
2019-06-28 11:56:00.000000000,LAST_TRADE,"6,$101055.0000"
2019-06-28 11:56:00.000000000,QUERY_SPREAD,87
2019-06-28 11:56:00.000000000,BEST_BID,"JPM,100896,380"
2019-06-28 11:56:00.000000000,BEST_ASK,"JPM,101055,335"
2019-06-28 11:56:00.000000000,LAST_TRADE,"3,$101055.0000"
2019-06-28 11:56:00.000000000,QUERY_SPREAD,88
2019-06-28 11:56:00.000000000,BEST_BID,"JPM,100896,380"
2019-06-28 11:56:00.000000000,BEST_ASK,"JPM,101055,331"
2019-06-28 11:56:00.000000000,LAST_TRADE,"4,$101055.0000"
2019-06-28 11:56:00.000000000,QUERY_SPREAD,89
2019-06-28 11:56:00.000000000,BEST_BID,"JPM,100896,380"
2019-06-28 11:56:00.000000000,BEST_ASK,"JPM,101055,327"
2019-06-28 11:56:00.000000000,LAST_TRADE,"4,$101055.0000"
2019-06-28 11:56:00.000000000,QUERY_SPREAD,90
2019-06-28 11:56:00.000000000,BEST_BID,"JPM,100896,380"
2019-06-28 11:56:00.000000000,BEST_ASK,"JPM,101055,320"
2019-06-28 11:56:00.000000000,LAST_TRADE,"7,$101055.0000"
2019-06-28 11:56:00.000000000,QUERY_SPREAD,91
2019-06-28 11:56:00.000000000,BEST_BID,"JPM,100896,380"
2019-06-28 11:56:00.000000000,BEST_ASK,"JPM,101055,312"
2019-06-28 11:56:00.000000000,LAST_TRADE,"8,$101055.0000"
2019-06-28 11:56:00.000000000,QUERY_SPREAD,92
2019-06-28 11:56:00.000000000,BEST_BID,"JPM,100896,380"
2019-06-28 11:56:00.000000000,BEST_ASK,"JPM,101055,307"
2019-06-28 11:56:00.000000000,LAST_TRADE,"5,$101055.0000"
2019-06-28 11:56:00.000000000,QUERY_SPREAD,93
2019-06-28 11:56:00.000000000,BEST_BID,"JPM,100896,380"
2019-06-28 11:56:00.000000000,BEST_ASK,"JPM,101055,304"
2019-06-28 11:56:00.000000000,LAST_TRADE,"3,$101055.0000"
2019-06-28 11:56:00.000000000,QUERY_SPREAD,94
2019-06-28 11:56:00.000000000,BEST_BID,"JPM,100896,380"
2019-06-28 11:56:00.000000000,BEST_ASK,"JPM,101055,300"
2019-06-28 11:56:00.000000000,LAST_TRADE,"4,$101055.0000"
2019-06-28 11:56:00.000000000,QUERY_SPREAD,95
2019-06-28 11:56:00.000000000,BEST_BID,"JPM,100896,380"
2019-06-28 11:56:00.000000000,BEST_ASK,"JPM,101055,295"
2019-06-28 11:56:00.000000000,LAST_TRADE,"5,$101055.0000"
2019-06-28 11:56:00.000000000,QUERY_SPREAD,96
2019-06-28 11:56:00.000000000,BEST_BID,"JPM,100896,380"
2019-06-28 11:56:00.000000000,BEST_ASK,"JPM,101055,294"
2019-06-28 11:56:00.000000000,LAST_TRADE,"1,$101055.0000"
2019-06-28 11:56:00.000000000,QUERY_SPREAD,97
2019-06-28 11:56:00.000000000,BEST_BID,"JPM,100896,380"
2019-06-28 11:56:00.000000000,BEST_ASK,"JPM,101055,287"
2019-06-28 11:56:00.000000000,LAST_TRADE,"7,$101055.0000"
2019-06-28 11:56:00.000000000,QUERY_SPREAD,98
2019-06-28 11:56:00.000000000,BEST_BID,"JPM,100896,380"
2019-06-28 11:56:00.000000000,BEST_ASK,"JPM,101055,281"
2019-06-28 11:56:00.000000000,LAST_TRADE,"6,$101055.0000"
2019-06-28 11:56:00.000000000,QUERY_SPREAD,99
2019-06-28 11:56:00.000000000,BEST_BID,"JPM,100896,380"
2019-06-28 11:56:00.000000000,BEST_ASK,"JPM,101055,276"
2019-06-28 11:56:00.000000000,LAST_TRADE,"5,$101055.0000"
2019-06-28 11:56:00.000000000,QUERY_SPREAD,100
2019-06-28 11:56:00.000000000,BEST_BID,"JPM,100896,380"
2019-06-28 11:56:00.000000000,BEST_ASK,"JPM,101055,269"
2019-06-28 11:56:00.000000000,LAST_TRADE,"7,$101055.0000"
2019-06-28 11:56:00.000000000,QUERY_SPREAD,101
2019-06-28 11:56:00.000000000,QUERY_ORDER_STREAM,101
2019-06-28 11:56:10.000000000,QUERY_SPREAD,1
2019-06-28 11:56:10.000000000,BEST_BID,"JPM,100896,170"
2019-06-28 11:56:10.000000000,BEST_ASK,"JPM,101056,100"
2019-06-28 11:56:10.000000000,BEST_BID,"JPM,100896,170"
2019-06-28 11:56:10.000000000,BEST_ASK,"JPM,101056,100"
2019-06-28 11:56:10.000000000,BEST_BID,"JPM,100896,170"
2019-06-28 11:56:10.000000000,BEST_ASK,"JPM,101056,100"
2019-06-28 11:56:10.000000000,BEST_BID,"JPM,100896,170"
2019-06-28 11:56:10.000000000,BEST_ASK,"JPM,101056,100"
2019-06-28 11:56:10.000000000,BEST_BID,"JPM,100896,170"
2019-06-28 11:56:10.000000000,BEST_ASK,"JPM,101056,170"
2019-06-28 11:56:10.000000000,BEST_BID,"JPM,100896,170"
2019-06-28 11:56:10.000000000,BEST_ASK,"JPM,101056,170"
2019-06-28 11:56:10.000000000,BEST_BID,"JPM,100896,170"
2019-06-28 11:56:10.000000000,BEST_ASK,"JPM,101056,170"
2019-06-28 11:56:10.000000000,BEST_BID,"JPM,100896,170"
2019-06-28 11:56:10.000000000,BEST_ASK,"JPM,101056,170"
2019-06-28 11:56:20.000000000,QUERY_SPREAD,1
2019-06-28 11:56:20.000000000,BEST_BID,"JPM,100896,380"
2019-06-28 11:56:20.000000000,BEST_ASK,"JPM,101056,100"
2019-06-28 11:56:20.000000000,BEST_BID,"JPM,100896,380"
2019-06-28 11:56:20.000000000,BEST_ASK,"JPM,101056,380"
2019-06-28 11:56:22.475041477,QUERY_ORDER_STREAM,61
2019-06-28 11:56:22.475041477,QUERY_SPREAD,61
2019-06-28 11:56:22.475041477,BEST_BID,"JPM,100896,380"
2019-06-28 11:56:22.475041477,BEST_ASK,"JPM,101055,100"
2019-06-28 11:56:22.847324930,QUERY_SPREAD,49
2019-06-28 11:56:22.847324930,BEST_BID,"JPM,100896,280"
2019-06-28 11:56:22.847324930,BEST_ASK,"JPM,101055,100"
2019-06-28 11:56:22.847324930,LAST_TRADE,"100,$100896.0000"
2019-06-28 11:56:30.000000000,QUERY_SPREAD,1
2019-06-28 11:56:30.000000000,BEST_BID,"JPM,100874,240"
2019-06-28 11:56:30.000000000,BEST_ASK,"JPM,101055,100"
2019-06-28 11:56:30.000000000,BEST_BID,"JPM,100874,240"
2019-06-28 11:56:30.000000000,BEST_ASK,"JPM,101055,100"
2019-06-28 11:56:30.000000000,BEST_BID,"JPM,100874,240"
2019-06-28 11:56:30.000000000,BEST_ASK,"JPM,101055,240"
2019-06-28 11:56:30.000000000,BEST_BID,"JPM,100874,240"
2019-06-28 11:56:30.000000000,BEST_ASK,"JPM,101055,240"
2019-06-28 11:56:30.895766399,QUERY_SPREAD,15
2019-06-28 11:56:30.895766399,BEST_BID,"JPM,100874,240"
2019-06-28 11:56:30.895766399,BEST_ASK,"JPM,100989,100"
2019-06-28 11:56:31.504236831,QUERY_SPREAD,5
2019-06-28 11:56:31.504236831,BEST_BID,"JPM,100874,240"
2019-06-28 11:56:31.504236831,BEST_ASK,"JPM,100989,100"
2019-06-28 11:56:40.000000000,QUERY_SPREAD,1
2019-06-28 11:56:40.000000000,BEST_BID,"JPM,100874,170"
2019-06-28 11:56:40.000000000,BEST_ASK,"JPM,100989,100"
2019-06-28 11:56:40.000000000,BEST_BID,"JPM,100874,170"
2019-06-28 11:56:40.000000000,BEST_ASK,"JPM,100989,100"
2019-06-28 11:56:40.000000000,BEST_BID,"JPM,100874,170"
2019-06-28 11:56:40.000000000,BEST_ASK,"JPM,100989,100"
2019-06-28 11:56:40.000000000,BEST_BID,"JPM,100874,170"
2019-06-28 11:56:40.000000000,BEST_ASK,"JPM,100989,100"
2019-06-28 11:56:40.000000000,BEST_BID,"JPM,100874,170"
2019-06-28 11:56:40.000000000,BEST_ASK,"JPM,100989,170"
2019-06-28 11:56:40.000000000,BEST_BID,"JPM,100874,170"
2019-06-28 11:56:40.000000000,BEST_ASK,"JPM,100989,170"
2019-06-28 11:56:40.000000000,BEST_BID,"JPM,100874,170"
2019-06-28 11:56:40.000000000,BEST_ASK,"JPM,100989,170"
2019-06-28 11:56:40.000000000,BEST_BID,"JPM,100874,170"
2019-06-28 11:56:40.000000000,BEST_ASK,"JPM,100989,170"
2019-06-28 11:56:45.675715543,QUERY_SPREAD,50
2019-06-28 11:56:45.675715543,BEST_BID,"JPM,100874,70"
2019-06-28 11:56:45.675715543,BEST_ASK,"JPM,100989,170"
2019-06-28 11:56:45.675715543,LAST_TRADE,"100,$100874.0000"
2019-06-28 11:56:49.604551248,QUERY_ORDER_STREAM,67
2019-06-28 11:56:49.604551248,QUERY_SPREAD,67
2019-06-28 11:56:50.000000000,QUERY_SPREAD,1
2019-06-28 11:56:50.000000000,BEST_BID,"JPM,100842,170"
2019-06-28 11:56:50.000000000,BEST_ASK,"JPM,100989,100"
2019-06-28 11:56:50.000000000,BEST_BID,"JPM,100842,170"
2019-06-28 11:56:50.000000000,BEST_ASK,"JPM,100989,100"
2019-06-28 11:56:50.000000000,BEST_BID,"JPM,100842,170"
2019-06-28 11:56:50.000000000,BEST_ASK,"JPM,100989,100"
2019-06-28 11:56:50.000000000,BEST_BID,"JPM,100842,170"
2019-06-28 11:56:50.000000000,BEST_ASK,"JPM,100989,100"
2019-06-28 11:56:50.000000000,BEST_BID,"JPM,100842,170"
2019-06-28 11:56:50.000000000,BEST_ASK,"JPM,100989,170"
2019-06-28 11:56:50.000000000,BEST_BID,"JPM,100842,170"
2019-06-28 11:56:50.000000000,BEST_ASK,"JPM,100989,170"
2019-06-28 11:56:50.000000000,BEST_BID,"JPM,100842,170"
2019-06-28 11:56:50.000000000,BEST_ASK,"JPM,100989,170"
2019-06-28 11:56:50.000000000,BEST_BID,"JPM,100842,170"
2019-06-28 11:56:50.000000000,BEST_ASK,"JPM,100989,170"
2019-06-28 11:57:00.000000000,QUERY_SPREAD,1
2019-06-28 11:57:00.000000000,BEST_BID,"JPM,100842,170"
2019-06-28 11:57:00.000000000,BEST_ASK,"JPM,100989,100"
2019-06-28 11:57:00.000000000,BEST_BID,"JPM,100842,170"
2019-06-28 11:57:00.000000000,BEST_ASK,"JPM,100989,100"
2019-06-28 11:57:00.000000000,BEST_BID,"JPM,100842,170"
2019-06-28 11:57:00.000000000,BEST_ASK,"JPM,100989,100"
2019-06-28 11:57:00.000000000,BEST_BID,"JPM,100842,170"
2019-06-28 11:57:00.000000000,BEST_ASK,"JPM,100989,100"
2019-06-28 11:57:00.000000000,BEST_BID,"JPM,100842,170"
2019-06-28 11:57:00.000000000,BEST_ASK,"JPM,100989,170"
2019-06-28 11:57:00.000000000,BEST_BID,"JPM,100842,170"
2019-06-28 11:57:00.000000000,BEST_ASK,"JPM,100989,170"
2019-06-28 11:57:00.000000000,BEST_BID,"JPM,100842,170"
2019-06-28 11:57:00.000000000,BEST_ASK,"JPM,100989,170"
2019-06-28 11:57:00.000000000,BEST_BID,"JPM,100842,170"
2019-06-28 11:57:00.000000000,BEST_ASK,"JPM,100989,170"
2019-06-28 11:57:00.000000000,QUERY_SPREAD,77
2019-06-28 11:57:00.000000000,BEST_BID,"JPM,100842,170"
2019-06-28 11:57:00.000000000,BEST_ASK,"JPM,100989,169"
2019-06-28 11:57:00.000000000,LAST_TRADE,"1,$100989.0000"
2019-06-28 11:57:00.000000000,QUERY_SPREAD,78
2019-06-28 11:57:00.000000000,BEST_BID,"JPM,100842,170"
2019-06-28 11:57:00.000000000,BEST_ASK,"JPM,100989,165"
2019-06-28 11:57:00.000000000,LAST_TRADE,"4,$100989.0000"
2019-06-28 11:57:00.000000000,QUERY_SPREAD,79
2019-06-28 11:57:00.000000000,BEST_BID,"JPM,100842,170"
2019-06-28 11:57:00.000000000,BEST_ASK,"JPM,100989,159"
2019-06-28 11:57:00.000000000,LAST_TRADE,"6,$100989.0000"
2019-06-28 11:57:00.000000000,QUERY_SPREAD,80
2019-06-28 11:57:00.000000000,BEST_BID,"JPM,100842,170"
2019-06-28 11:57:00.000000000,BEST_ASK,"JPM,100989,154"
2019-06-28 11:57:00.000000000,LAST_TRADE,"5,$100989.0000"
2019-06-28 11:57:00.000000000,QUERY_SPREAD,81
2019-06-28 11:57:00.000000000,BEST_BID,"JPM,100842,170"
2019-06-28 11:57:00.000000000,BEST_ASK,"JPM,100989,146"
2019-06-28 11:57:00.000000000,LAST_TRADE,"8,$100989.0000"
2019-06-28 11:57:00.000000000,QUERY_SPREAD,82
2019-06-28 11:57:00.000000000,BEST_BID,"JPM,100842,170"
2019-06-28 11:57:00.000000000,BEST_ASK,"JPM,100989,138"
2019-06-28 11:57:00.000000000,LAST_TRADE,"8,$100989.0000"
2019-06-28 11:57:00.000000000,QUERY_SPREAD,83
2019-06-28 11:57:00.000000000,BEST_BID,"JPM,100842,170"
2019-06-28 11:57:00.000000000,BEST_ASK,"JPM,100989,136"
2019-06-28 11:57:00.000000000,LAST_TRADE,"2,$100989.0000"
2019-06-28 11:57:00.000000000,QUERY_SPREAD,84
2019-06-28 11:57:00.000000000,BEST_BID,"JPM,100842,170"
2019-06-28 11:57:00.000000000,BEST_ASK,"JPM,100989,135"
2019-06-28 11:57:00.000000000,LAST_TRADE,"1,$100989.0000"
2019-06-28 11:57:00.000000000,QUERY_SPREAD,85
2019-06-28 11:57:00.000000000,BEST_BID,"JPM,100842,170"
2019-06-28 11:57:00.000000000,BEST_ASK,"JPM,100989,134"
2019-06-28 11:57:00.000000000,LAST_TRADE,"1,$100989.0000"
2019-06-28 11:57:00.000000000,QUERY_SPREAD,86
2019-06-28 11:57:00.000000000,BEST_BID,"JPM,100842,170"
2019-06-28 11:57:00.000000000,BEST_ASK,"JPM,100989,128"
2019-06-28 11:57:00.000000000,LAST_TRADE,"6,$100989.0000"
2019-06-28 11:57:00.000000000,QUERY_SPREAD,87
2019-06-28 11:57:00.000000000,BEST_BID,"JPM,100842,170"
2019-06-28 11:57:00.000000000,BEST_ASK,"JPM,100989,125"
2019-06-28 11:57:00.000000000,LAST_TRADE,"3,$100989.0000"
2019-06-28 11:57:00.000000000,QUERY_SPREAD,88
2019-06-28 11:57:00.000000000,BEST_BID,"JPM,100842,170"
2019-06-28 11:57:00.000000000,BEST_ASK,"JPM,100989,121"
2019-06-28 11:57:00.000000000,LAST_TRADE,"4,$100989.0000"
2019-06-28 11:57:00.000000000,QUERY_SPREAD,89
2019-06-28 11:57:00.000000000,BEST_BID,"JPM,100842,170"
2019-06-28 11:57:00.000000000,BEST_ASK,"JPM,100989,117"
2019-06-28 11:57:00.000000000,LAST_TRADE,"4,$100989.0000"
2019-06-28 11:57:00.000000000,QUERY_SPREAD,90
2019-06-28 11:57:00.000000000,BEST_BID,"JPM,100842,170"
2019-06-28 11:57:00.000000000,BEST_ASK,"JPM,100989,110"
2019-06-28 11:57:00.000000000,LAST_TRADE,"7,$100989.0000"
2019-06-28 11:57:00.000000000,QUERY_SPREAD,91
2019-06-28 11:57:00.000000000,BEST_BID,"JPM,100842,170"
2019-06-28 11:57:00.000000000,BEST_ASK,"JPM,100989,102"
2019-06-28 11:57:00.000000000,LAST_TRADE,"8,$100989.0000"
2019-06-28 11:57:00.000000000,QUERY_SPREAD,92
2019-06-28 11:57:00.000000000,BEST_BID,"JPM,100842,170"
2019-06-28 11:57:00.000000000,BEST_ASK,"JPM,100989,97"
2019-06-28 11:57:00.000000000,LAST_TRADE,"5,$100989.0000"
2019-06-28 11:57:00.000000000,QUERY_SPREAD,93
2019-06-28 11:57:00.000000000,BEST_BID,"JPM,100842,170"
2019-06-28 11:57:00.000000000,BEST_ASK,"JPM,100989,94"
2019-06-28 11:57:00.000000000,LAST_TRADE,"3,$100989.0000"
2019-06-28 11:57:00.000000000,QUERY_SPREAD,94
2019-06-28 11:57:00.000000000,BEST_BID,"JPM,100842,170"
2019-06-28 11:57:00.000000000,BEST_ASK,"JPM,100989,90"
2019-06-28 11:57:00.000000000,LAST_TRADE,"4,$100989.0000"
2019-06-28 11:57:00.000000000,QUERY_SPREAD,95
2019-06-28 11:57:00.000000000,BEST_BID,"JPM,100842,170"
2019-06-28 11:57:00.000000000,BEST_ASK,"JPM,100989,85"
2019-06-28 11:57:00.000000000,LAST_TRADE,"5,$100989.0000"
2019-06-28 11:57:00.000000000,QUERY_SPREAD,96
2019-06-28 11:57:00.000000000,BEST_BID,"JPM,100842,170"
2019-06-28 11:57:00.000000000,BEST_ASK,"JPM,100989,84"
2019-06-28 11:57:00.000000000,LAST_TRADE,"1,$100989.0000"
2019-06-28 11:57:00.000000000,QUERY_SPREAD,97
2019-06-28 11:57:00.000000000,BEST_BID,"JPM,100842,170"
2019-06-28 11:57:00.000000000,BEST_ASK,"JPM,100989,77"
2019-06-28 11:57:00.000000000,LAST_TRADE,"7,$100989.0000"
2019-06-28 11:57:00.000000000,QUERY_SPREAD,98
2019-06-28 11:57:00.000000000,BEST_BID,"JPM,100842,170"
2019-06-28 11:57:00.000000000,BEST_ASK,"JPM,100989,71"
2019-06-28 11:57:00.000000000,LAST_TRADE,"6,$100989.0000"
2019-06-28 11:57:00.000000000,QUERY_SPREAD,99
2019-06-28 11:57:00.000000000,BEST_BID,"JPM,100842,170"
2019-06-28 11:57:00.000000000,BEST_ASK,"JPM,100989,66"
2019-06-28 11:57:00.000000000,LAST_TRADE,"5,$100989.0000"
2019-06-28 11:57:00.000000000,QUERY_SPREAD,100
2019-06-28 11:57:00.000000000,BEST_BID,"JPM,100842,170"
2019-06-28 11:57:00.000000000,BEST_ASK,"JPM,100989,59"
2019-06-28 11:57:00.000000000,LAST_TRADE,"7,$100989.0000"
2019-06-28 11:57:00.000000000,QUERY_SPREAD,101
2019-06-28 11:57:00.000000000,QUERY_ORDER_STREAM,101
2019-06-28 11:57:10.000000000,QUERY_SPREAD,1
2019-06-28 11:57:10.000000000,BEST_BID,"JPM,100842,156"
2019-06-28 11:57:10.000000000,BEST_ASK,"JPM,101055,100"
2019-06-28 11:57:10.000000000,BEST_BID,"JPM,100842,156"
2019-06-28 11:57:10.000000000,BEST_ASK,"JPM,101055,100"
2019-06-28 11:57:10.000000000,BEST_BID,"JPM,100842,156"
2019-06-28 11:57:10.000000000,BEST_ASK,"JPM,101055,100"
2019-06-28 11:57:10.000000000,BEST_BID,"JPM,100842,156"
2019-06-28 11:57:10.000000000,BEST_ASK,"JPM,101055,100"
2019-06-28 11:57:10.000000000,BEST_BID,"JPM,100842,156"
2019-06-28 11:57:10.000000000,BEST_ASK,"JPM,101055,100"
2019-06-28 11:57:10.000000000,BEST_BID,"JPM,100842,156"
2019-06-28 11:57:10.000000000,BEST_ASK,"JPM,101055,156"
2019-06-28 11:57:10.000000000,BEST_BID,"JPM,100842,156"
2019-06-28 11:57:10.000000000,BEST_ASK,"JPM,101055,156"
2019-06-28 11:57:10.000000000,BEST_BID,"JPM,100842,156"
2019-06-28 11:57:10.000000000,BEST_ASK,"JPM,101055,156"
2019-06-28 11:57:10.000000000,BEST_BID,"JPM,100842,156"
2019-06-28 11:57:10.000000000,BEST_ASK,"JPM,101055,156"
2019-06-28 11:57:10.000000000,BEST_BID,"JPM,100842,156"
2019-06-28 11:57:10.000000000,BEST_ASK,"JPM,101055,156"
2019-06-28 11:57:19.513195219,QUERY_ORDER_STREAM,75
2019-06-28 11:57:19.513195219,QUERY_SPREAD,75
2019-06-28 11:57:19.513195219,BEST_BID,"JPM,100842,156"
2019-06-28 11:57:19.513195219,BEST_ASK,"JPM,100989,100"
2019-06-28 11:57:20.000000000,QUERY_SPREAD,1
2019-06-28 11:57:20.000000000,BEST_BID,"JPM,100842,195"
2019-06-28 11:57:20.000000000,BEST_ASK,"JPM,100989,100"
2019-06-28 11:57:20.000000000,BEST_BID,"JPM,100842,195"
2019-06-28 11:57:20.000000000,BEST_ASK,"JPM,100989,100"
2019-06-28 11:57:20.000000000,BEST_BID,"JPM,100842,195"
2019-06-28 11:57:20.000000000,BEST_ASK,"JPM,100989,100"
2019-06-28 11:57:20.000000000,BEST_BID,"JPM,100842,195"
2019-06-28 11:57:20.000000000,BEST_ASK,"JPM,100989,195"
2019-06-28 11:57:20.000000000,BEST_BID,"JPM,100842,195"
2019-06-28 11:57:20.000000000,BEST_ASK,"JPM,100989,195"
2019-06-28 11:57:20.000000000,BEST_BID,"JPM,100842,195"
2019-06-28 11:57:20.000000000,BEST_ASK,"JPM,100989,195"
2019-06-28 11:57:26.147718698,QUERY_SPREAD,34
2019-06-28 11:57:26.147718698,BEST_BID,"JPM,100842,195"
2019-06-28 11:57:26.147718698,BEST_ASK,"JPM,100989,195"
2019-06-28 11:57:26.539766578,QUERY_SPREAD,22
2019-06-28 11:57:26.539766578,BEST_BID,"JPM,100842,195"
2019-06-28 11:57:26.539766578,BEST_ASK,"JPM,100989,195"
2019-06-28 11:57:30.000000000,QUERY_SPREAD,1
2019-06-28 11:57:30.000000000,BEST_BID,"JPM,100842,170"
2019-06-28 11:57:30.000000000,BEST_ASK,"JPM,100989,100"
2019-06-28 11:57:30.000000000,BEST_BID,"JPM,100842,170"
2019-06-28 11:57:30.000000000,BEST_ASK,"JPM,100989,100"
2019-06-28 11:57:30.000000000,BEST_BID,"JPM,100842,170"
2019-06-28 11:57:30.000000000,BEST_ASK,"JPM,100989,100"
2019-06-28 11:57:30.000000000,BEST_BID,"JPM,100842,170"
2019-06-28 11:57:30.000000000,BEST_ASK,"JPM,100989,100"
2019-06-28 11:57:30.000000000,BEST_BID,"JPM,100842,170"
2019-06-28 11:57:30.000000000,BEST_ASK,"JPM,100989,170"
2019-06-28 11:57:30.000000000,BEST_BID,"JPM,100842,170"
2019-06-28 11:57:30.000000000,BEST_ASK,"JPM,100989,170"
2019-06-28 11:57:30.000000000,BEST_BID,"JPM,100842,170"
2019-06-28 11:57:30.000000000,BEST_ASK,"JPM,100989,170"
2019-06-28 11:57:30.000000000,BEST_BID,"JPM,100842,170"
2019-06-28 11:57:30.000000000,BEST_ASK,"JPM,100989,170"
2019-06-28 11:57:33.325470971,QUERY_SPREAD,11
2019-06-28 11:57:33.325470971,BEST_BID,"JPM,100842,70"
2019-06-28 11:57:33.325470971,BEST_ASK,"JPM,100989,170"
2019-06-28 11:57:33.325470971,LAST_TRADE,"100,$100842.0000"
2019-06-28 11:57:37.304328561,QUERY_SPREAD,11
2019-06-28 11:57:37.304328561,BEST_BID,"JPM,100842,70"
2019-06-28 11:57:37.304328561,BEST_ASK,"JPM,100989,170"
2019-06-28 11:57:40.000000000,QUERY_SPREAD,1
2019-06-28 11:57:40.000000000,BEST_BID,"JPM,100763,195"
2019-06-28 11:57:40.000000000,BEST_ASK,"JPM,100989,100"
2019-06-28 11:57:40.000000000,BEST_BID,"JPM,100763,195"
2019-06-28 11:57:40.000000000,BEST_ASK,"JPM,100989,100"
2019-06-28 11:57:40.000000000,BEST_BID,"JPM,100763,195"
2019-06-28 11:57:40.000000000,BEST_ASK,"JPM,100989,100"
2019-06-28 11:57:40.000000000,BEST_BID,"JPM,100763,195"
2019-06-28 11:57:40.000000000,BEST_ASK,"JPM,100989,195"
2019-06-28 11:57:40.000000000,BEST_BID,"JPM,100763,195"
2019-06-28 11:57:40.000000000,BEST_ASK,"JPM,100989,195"
2019-06-28 11:57:40.000000000,BEST_BID,"JPM,100763,195"
2019-06-28 11:57:40.000000000,BEST_ASK,"JPM,100989,195"
2019-06-28 11:57:46.510975913,QUERY_SPREAD,38
2019-06-28 11:57:46.510975913,BEST_BID,"JPM,100763,195"
2019-06-28 11:57:46.510975913,BEST_ASK,"JPM,100989,195"
2019-06-28 11:57:50.000000000,QUERY_SPREAD,1
2019-06-28 11:57:50.000000000,BEST_BID,"JPM,100763,170"
2019-06-28 11:57:50.000000000,BEST_ASK,"JPM,100989,100"
2019-06-28 11:57:50.000000000,BEST_BID,"JPM,100763,170"
2019-06-28 11:57:50.000000000,BEST_ASK,"JPM,100989,100"
2019-06-28 11:57:50.000000000,BEST_BID,"JPM,100763,170"
2019-06-28 11:57:50.000000000,BEST_ASK,"JPM,100989,100"
2019-06-28 11:57:50.000000000,BEST_BID,"JPM,100763,170"
2019-06-28 11:57:50.000000000,BEST_ASK,"JPM,100989,100"
2019-06-28 11:57:50.000000000,BEST_BID,"JPM,100763,170"
2019-06-28 11:57:50.000000000,BEST_ASK,"JPM,100989,170"
2019-06-28 11:57:50.000000000,BEST_BID,"JPM,100763,170"
2019-06-28 11:57:50.000000000,BEST_ASK,"JPM,100989,170"
2019-06-28 11:57:50.000000000,BEST_BID,"JPM,100763,170"
2019-06-28 11:57:50.000000000,BEST_ASK,"JPM,100989,170"
2019-06-28 11:57:50.000000000,BEST_BID,"JPM,100763,170"
2019-06-28 11:57:50.000000000,BEST_ASK,"JPM,100989,170"
2019-06-28 11:57:54.927901680,QUERY_SPREAD,22
2019-06-28 11:57:54.927901680,BEST_BID,"JPM,100763,170"
2019-06-28 11:57:54.927901680,BEST_ASK,"JPM,100989,170"
2019-06-28 11:57:59.528509970,QUERY_ORDER_STREAM,71
2019-06-28 11:57:59.528509970,QUERY_SPREAD,71
2019-06-28 11:58:00.000000000,QUERY_SPREAD,1
2019-06-28 11:58:00.000000000,BEST_BID,"JPM,100763,380"
2019-06-28 11:58:00.000000000,BEST_ASK,"JPM,100989,100"
2019-06-28 11:58:00.000000000,BEST_BID,"JPM,100763,380"
2019-06-28 11:58:00.000000000,BEST_ASK,"JPM,100989,380"
2019-06-28 11:58:00.000000000,QUERY_SPREAD,77
2019-06-28 11:58:00.000000000,BEST_BID,"JPM,100763,380"
2019-06-28 11:58:00.000000000,BEST_ASK,"JPM,100989,379"
2019-06-28 11:58:00.000000000,LAST_TRADE,"1,$100989.0000"
2019-06-28 11:58:00.000000000,QUERY_SPREAD,78
2019-06-28 11:58:00.000000000,BEST_BID,"JPM,100763,380"
2019-06-28 11:58:00.000000000,BEST_ASK,"JPM,100989,375"
2019-06-28 11:58:00.000000000,LAST_TRADE,"4,$100989.0000"
2019-06-28 11:58:00.000000000,QUERY_SPREAD,79
2019-06-28 11:58:00.000000000,BEST_BID,"JPM,100763,380"
2019-06-28 11:58:00.000000000,BEST_ASK,"JPM,100989,369"
2019-06-28 11:58:00.000000000,LAST_TRADE,"6,$100989.0000"
2019-06-28 11:58:00.000000000,QUERY_SPREAD,80
2019-06-28 11:58:00.000000000,BEST_BID,"JPM,100763,380"
2019-06-28 11:58:00.000000000,BEST_ASK,"JPM,100989,364"
2019-06-28 11:58:00.000000000,LAST_TRADE,"5,$100989.0000"
2019-06-28 11:58:00.000000000,QUERY_SPREAD,81
2019-06-28 11:58:00.000000000,BEST_BID,"JPM,100763,380"
2019-06-28 11:58:00.000000000,BEST_ASK,"JPM,100989,356"
2019-06-28 11:58:00.000000000,LAST_TRADE,"8,$100989.0000"
2019-06-28 11:58:00.000000000,QUERY_SPREAD,82
2019-06-28 11:58:00.000000000,BEST_BID,"JPM,100763,380"
2019-06-28 11:58:00.000000000,BEST_ASK,"JPM,100989,348"
2019-06-28 11:58:00.000000000,LAST_TRADE,"8,$100989.0000"
2019-06-28 11:58:00.000000000,QUERY_SPREAD,83
2019-06-28 11:58:00.000000000,BEST_BID,"JPM,100763,380"
2019-06-28 11:58:00.000000000,BEST_ASK,"JPM,100989,346"
2019-06-28 11:58:00.000000000,LAST_TRADE,"2,$100989.0000"
2019-06-28 11:58:00.000000000,QUERY_SPREAD,84
2019-06-28 11:58:00.000000000,BEST_BID,"JPM,100763,380"
2019-06-28 11:58:00.000000000,BEST_ASK,"JPM,100989,345"
2019-06-28 11:58:00.000000000,LAST_TRADE,"1,$100989.0000"
2019-06-28 11:58:00.000000000,QUERY_SPREAD,85
2019-06-28 11:58:00.000000000,BEST_BID,"JPM,100763,380"
2019-06-28 11:58:00.000000000,BEST_ASK,"JPM,100989,344"
2019-06-28 11:58:00.000000000,LAST_TRADE,"1,$100989.0000"
2019-06-28 11:58:00.000000000,QUERY_SPREAD,86
2019-06-28 11:58:00.000000000,BEST_BID,"JPM,100763,380"
2019-06-28 11:58:00.000000000,BEST_ASK,"JPM,100989,338"
2019-06-28 11:58:00.000000000,LAST_TRADE,"6,$100989.0000"
2019-06-28 11:58:00.000000000,QUERY_SPREAD,87
2019-06-28 11:58:00.000000000,BEST_BID,"JPM,100763,380"
2019-06-28 11:58:00.000000000,BEST_ASK,"JPM,100989,335"
2019-06-28 11:58:00.000000000,LAST_TRADE,"3,$100989.0000"
2019-06-28 11:58:00.000000000,QUERY_SPREAD,88
2019-06-28 11:58:00.000000000,BEST_BID,"JPM,100763,380"
2019-06-28 11:58:00.000000000,BEST_ASK,"JPM,100989,331"
2019-06-28 11:58:00.000000000,LAST_TRADE,"4,$100989.0000"
2019-06-28 11:58:00.000000000,QUERY_SPREAD,89
2019-06-28 11:58:00.000000000,BEST_BID,"JPM,100763,380"
2019-06-28 11:58:00.000000000,BEST_ASK,"JPM,100989,327"
2019-06-28 11:58:00.000000000,LAST_TRADE,"4,$100989.0000"
2019-06-28 11:58:00.000000000,QUERY_SPREAD,90
2019-06-28 11:58:00.000000000,BEST_BID,"JPM,100763,380"
2019-06-28 11:58:00.000000000,BEST_ASK,"JPM,100989,320"
2019-06-28 11:58:00.000000000,LAST_TRADE,"7,$100989.0000"
2019-06-28 11:58:00.000000000,QUERY_SPREAD,91
2019-06-28 11:58:00.000000000,BEST_BID,"JPM,100763,380"
2019-06-28 11:58:00.000000000,BEST_ASK,"JPM,100989,312"
2019-06-28 11:58:00.000000000,LAST_TRADE,"8,$100989.0000"
2019-06-28 11:58:00.000000000,QUERY_SPREAD,92
2019-06-28 11:58:00.000000000,BEST_BID,"JPM,100763,380"
2019-06-28 11:58:00.000000000,BEST_ASK,"JPM,100989,307"
2019-06-28 11:58:00.000000000,LAST_TRADE,"5,$100989.0000"
2019-06-28 11:58:00.000000000,QUERY_SPREAD,93
2019-06-28 11:58:00.000000000,BEST_BID,"JPM,100763,380"
2019-06-28 11:58:00.000000000,BEST_ASK,"JPM,100989,304"
2019-06-28 11:58:00.000000000,LAST_TRADE,"3,$100989.0000"
2019-06-28 11:58:00.000000000,QUERY_SPREAD,94
2019-06-28 11:58:00.000000000,BEST_BID,"JPM,100763,380"
2019-06-28 11:58:00.000000000,BEST_ASK,"JPM,100989,300"
2019-06-28 11:58:00.000000000,LAST_TRADE,"4,$100989.0000"
2019-06-28 11:58:00.000000000,QUERY_SPREAD,95
2019-06-28 11:58:00.000000000,BEST_BID,"JPM,100763,380"
2019-06-28 11:58:00.000000000,BEST_ASK,"JPM,100989,295"
2019-06-28 11:58:00.000000000,LAST_TRADE,"5,$100989.0000"
2019-06-28 11:58:00.000000000,QUERY_SPREAD,96
2019-06-28 11:58:00.000000000,BEST_BID,"JPM,100763,380"
2019-06-28 11:58:00.000000000,BEST_ASK,"JPM,100989,294"
2019-06-28 11:58:00.000000000,LAST_TRADE,"1,$100989.0000"
2019-06-28 11:58:00.000000000,QUERY_SPREAD,97
2019-06-28 11:58:00.000000000,BEST_BID,"JPM,100763,380"
2019-06-28 11:58:00.000000000,BEST_ASK,"JPM,100989,287"
2019-06-28 11:58:00.000000000,LAST_TRADE,"7,$100989.0000"
2019-06-28 11:58:00.000000000,QUERY_SPREAD,98
2019-06-28 11:58:00.000000000,BEST_BID,"JPM,100763,380"
2019-06-28 11:58:00.000000000,BEST_ASK,"JPM,100989,281"
2019-06-28 11:58:00.000000000,LAST_TRADE,"6,$100989.0000"
2019-06-28 11:58:00.000000000,QUERY_SPREAD,99
2019-06-28 11:58:00.000000000,BEST_BID,"JPM,100763,380"
2019-06-28 11:58:00.000000000,BEST_ASK,"JPM,100989,276"
2019-06-28 11:58:00.000000000,LAST_TRADE,"5,$100989.0000"
2019-06-28 11:58:00.000000000,QUERY_SPREAD,100
2019-06-28 11:58:00.000000000,BEST_BID,"JPM,100763,380"
2019-06-28 11:58:00.000000000,BEST_ASK,"JPM,100989,269"
2019-06-28 11:58:00.000000000,LAST_TRADE,"7,$100989.0000"
2019-06-28 11:58:00.000000000,QUERY_SPREAD,101
2019-06-28 11:58:00.000000000,QUERY_ORDER_STREAM,101
2019-06-28 11:58:09.364111795,QUERY_SPREAD,8
2019-06-28 11:58:09.364111795,BEST_BID,"JPM,100763,380"
2019-06-28 11:58:09.364111795,BEST_ASK,"JPM,100989,269"
2019-06-28 11:58:10.000000000,QUERY_SPREAD,1
2019-06-28 11:58:10.000000000,BEST_BID,"JPM,100763,195"
2019-06-28 11:58:10.000000000,BEST_ASK,"JPM,101055,100"
2019-06-28 11:58:10.000000000,BEST_BID,"JPM,100763,195"
2019-06-28 11:58:10.000000000,BEST_ASK,"JPM,101055,100"
2019-06-28 11:58:10.000000000,BEST_BID,"JPM,100763,195"
2019-06-28 11:58:10.000000000,BEST_ASK,"JPM,101055,100"
2019-06-28 11:58:10.000000000,BEST_BID,"JPM,100763,195"
2019-06-28 11:58:10.000000000,BEST_ASK,"JPM,101055,195"
2019-06-28 11:58:10.000000000,BEST_BID,"JPM,100763,195"
2019-06-28 11:58:10.000000000,BEST_ASK,"JPM,101055,195"
2019-06-28 11:58:10.000000000,BEST_BID,"JPM,100763,195"
2019-06-28 11:58:10.000000000,BEST_ASK,"JPM,101055,195"
2019-06-28 11:58:16.247446664,QUERY_ORDER_STREAM,56
2019-06-28 11:58:16.247446664,QUERY_SPREAD,56
2019-06-28 11:58:20.000000000,QUERY_SPREAD,1
2019-06-28 11:58:20.000000000,BEST_BID,"JPM,100763,195"
2019-06-28 11:58:20.000000000,BEST_ASK,"JPM,101055,100"
2019-06-28 11:58:20.000000000,BEST_BID,"JPM,100763,195"
2019-06-28 11:58:20.000000000,BEST_ASK,"JPM,101055,100"
2019-06-28 11:58:20.000000000,BEST_BID,"JPM,100763,195"
2019-06-28 11:58:20.000000000,BEST_ASK,"JPM,101055,100"
2019-06-28 11:58:20.000000000,BEST_BID,"JPM,100763,195"
2019-06-28 11:58:20.000000000,BEST_ASK,"JPM,101055,195"
2019-06-28 11:58:20.000000000,BEST_BID,"JPM,100763,195"
2019-06-28 11:58:20.000000000,BEST_ASK,"JPM,101055,195"
2019-06-28 11:58:20.000000000,BEST_BID,"JPM,100763,195"
2019-06-28 11:58:20.000000000,BEST_ASK,"JPM,101055,195"
2019-06-28 11:58:23.938887888,QUERY_SPREAD,4
2019-06-28 11:58:23.938887888,BEST_BID,"JPM,100763,95"
2019-06-28 11:58:23.938887888,BEST_ASK,"JPM,101055,195"
2019-06-28 11:58:23.938887888,LAST_TRADE,"100,$100763.0000"
2019-06-28 11:58:29.708338720,QUERY_SPREAD,17
2019-06-28 11:58:29.708338720,BEST_BID,"JPM,100758,192"
2019-06-28 11:58:29.708338720,BEST_ASK,"JPM,100763,5"
2019-06-28 11:58:29.708338720,LAST_TRADE,"95,$100763.0000"
2019-06-28 11:58:30.000000000,QUERY_SPREAD,1
2019-06-28 11:58:30.000000000,BEST_BID,"JPM,100758,170"
2019-06-28 11:58:30.000000000,BEST_ASK,"JPM,100763,5"
2019-06-28 11:58:30.000000000,BEST_BID,"JPM,100758,170"
2019-06-28 11:58:30.000000000,BEST_ASK,"JPM,100763,5"
2019-06-28 11:58:30.000000000,BEST_BID,"JPM,100758,170"
2019-06-28 11:58:30.000000000,BEST_ASK,"JPM,100763,5"
2019-06-28 11:58:30.000000000,BEST_BID,"JPM,100758,170"
2019-06-28 11:58:30.000000000,BEST_ASK,"JPM,100763,5"
2019-06-28 11:58:30.000000000,BEST_BID,"JPM,100758,170"
2019-06-28 11:58:30.000000000,BEST_ASK,"JPM,100763,75"
2019-06-28 11:58:30.000000000,BEST_BID,"JPM,100758,170"
2019-06-28 11:58:30.000000000,BEST_ASK,"JPM,100763,75"
2019-06-28 11:58:30.000000000,BEST_BID,"JPM,100758,170"
2019-06-28 11:58:30.000000000,BEST_ASK,"JPM,100763,75"
2019-06-28 11:58:30.000000000,BEST_BID,"JPM,100758,170"
2019-06-28 11:58:30.000000000,BEST_ASK,"JPM,100763,75"
2019-06-28 11:58:30.466069882,QUERY_ORDER_STREAM,62
2019-06-28 11:58:30.466069882,QUERY_SPREAD,62
2019-06-28 11:58:40.000000000,QUERY_SPREAD,1
2019-06-28 11:58:40.000000000,BEST_BID,"JPM,100758,170"
2019-06-28 11:58:40.000000000,BEST_ASK,"JPM,100763,5"
2019-06-28 11:58:40.000000000,BEST_BID,"JPM,100758,170"
2019-06-28 11:58:40.000000000,BEST_ASK,"JPM,100763,5"
2019-06-28 11:58:40.000000000,BEST_BID,"JPM,100758,170"
2019-06-28 11:58:40.000000000,BEST_ASK,"JPM,100763,5"
2019-06-28 11:58:40.000000000,BEST_BID,"JPM,100758,170"
2019-06-28 11:58:40.000000000,BEST_ASK,"JPM,100763,5"
2019-06-28 11:58:40.000000000,BEST_BID,"JPM,100758,170"
2019-06-28 11:58:40.000000000,BEST_ASK,"JPM,100763,75"
2019-06-28 11:58:40.000000000,BEST_BID,"JPM,100758,170"
2019-06-28 11:58:40.000000000,BEST_ASK,"JPM,100763,75"
2019-06-28 11:58:40.000000000,BEST_BID,"JPM,100758,170"
2019-06-28 11:58:40.000000000,BEST_ASK,"JPM,100763,75"
2019-06-28 11:58:40.000000000,BEST_BID,"JPM,100758,170"
2019-06-28 11:58:40.000000000,BEST_ASK,"JPM,100763,75"
2019-06-28 11:58:43.803872677,QUERY_SPREAD,31
2019-06-28 11:58:43.803872677,BEST_BID,"JPM,100758,70"
2019-06-28 11:58:43.803872677,BEST_ASK,"JPM,100763,75"
2019-06-28 11:58:43.803872677,LAST_TRADE,"100,$100758.0000"
2019-06-28 11:58:50.000000000,QUERY_SPREAD,1
2019-06-28 11:58:50.000000000,BEST_BID,"JPM,100722,240"
2019-06-28 11:58:50.000000000,BEST_ASK,"JPM,100763,5"
2019-06-28 11:58:50.000000000,BEST_BID,"JPM,100722,240"
2019-06-28 11:58:50.000000000,BEST_ASK,"JPM,100763,5"
2019-06-28 11:58:50.000000000,BEST_BID,"JPM,100722,240"
2019-06-28 11:58:50.000000000,BEST_ASK,"JPM,100763,145"
2019-06-28 11:58:50.000000000,BEST_BID,"JPM,100722,240"
2019-06-28 11:58:50.000000000,BEST_ASK,"JPM,100763,145"
2019-06-28 11:58:58.926595708,QUERY_SPREAD,5
2019-06-28 11:58:58.926595708,BEST_BID,"JPM,100722,140"
2019-06-28 11:58:58.926595708,BEST_ASK,"JPM,100763,145"
2019-06-28 11:58:58.926595708,LAST_TRADE,"100,$100722.0000"
2019-06-28 11:59:00.000000000,QUERY_SPREAD,1
2019-06-28 11:59:00.000000000,BEST_BID,"JPM,100705,195"
2019-06-28 11:59:00.000000000,BEST_ASK,"JPM,100763,5"
2019-06-28 11:59:00.000000000,BEST_BID,"JPM,100705,195"
2019-06-28 11:59:00.000000000,BEST_ASK,"JPM,100763,5"
2019-06-28 11:59:00.000000000,BEST_BID,"JPM,100705,195"
2019-06-28 11:59:00.000000000,BEST_ASK,"JPM,100763,5"
2019-06-28 11:59:00.000000000,BEST_BID,"JPM,100705,195"
2019-06-28 11:59:00.000000000,BEST_ASK,"JPM,100763,100"
2019-06-28 11:59:00.000000000,BEST_BID,"JPM,100705,195"
2019-06-28 11:59:00.000000000,BEST_ASK,"JPM,100763,100"
2019-06-28 11:59:00.000000000,BEST_BID,"JPM,100705,195"
2019-06-28 11:59:00.000000000,BEST_ASK,"JPM,100763,100"
2019-06-28 11:59:00.000000000,QUERY_SPREAD,77
2019-06-28 11:59:00.000000000,BEST_BID,"JPM,100705,195"
2019-06-28 11:59:00.000000000,BEST_ASK,"JPM,100763,99"
2019-06-28 11:59:00.000000000,LAST_TRADE,"1,$100763.0000"
2019-06-28 11:59:00.000000000,QUERY_SPREAD,78
2019-06-28 11:59:00.000000000,BEST_BID,"JPM,100705,195"
2019-06-28 11:59:00.000000000,BEST_ASK,"JPM,100763,95"
2019-06-28 11:59:00.000000000,LAST_TRADE,"4,$100763.0000"
2019-06-28 11:59:00.000000000,QUERY_SPREAD,79
2019-06-28 11:59:00.000000000,BEST_BID,"JPM,100705,195"
2019-06-28 11:59:00.000000000,BEST_ASK,"JPM,100763,89"
2019-06-28 11:59:00.000000000,LAST_TRADE,"6,$100763.0000"
2019-06-28 11:59:00.000000000,QUERY_SPREAD,80
2019-06-28 11:59:00.000000000,BEST_BID,"JPM,100705,195"
2019-06-28 11:59:00.000000000,BEST_ASK,"JPM,100763,84"
2019-06-28 11:59:00.000000000,LAST_TRADE,"5,$100763.0000"
2019-06-28 11:59:00.000000000,QUERY_SPREAD,81
2019-06-28 11:59:00.000000000,BEST_BID,"JPM,100705,195"
2019-06-28 11:59:00.000000000,BEST_ASK,"JPM,100763,76"
2019-06-28 11:59:00.000000000,LAST_TRADE,"8,$100763.0000"
2019-06-28 11:59:00.000000000,QUERY_SPREAD,82
2019-06-28 11:59:00.000000000,BEST_BID,"JPM,100705,195"
2019-06-28 11:59:00.000000000,BEST_ASK,"JPM,100763,68"
2019-06-28 11:59:00.000000000,LAST_TRADE,"8,$100763.0000"
2019-06-28 11:59:00.000000000,QUERY_SPREAD,83
2019-06-28 11:59:00.000000000,BEST_BID,"JPM,100705,195"
2019-06-28 11:59:00.000000000,BEST_ASK,"JPM,100763,66"
2019-06-28 11:59:00.000000000,LAST_TRADE,"2,$100763.0000"
2019-06-28 11:59:00.000000000,QUERY_SPREAD,84
2019-06-28 11:59:00.000000000,BEST_BID,"JPM,100705,195"
2019-06-28 11:59:00.000000000,BEST_ASK,"JPM,100763,65"
2019-06-28 11:59:00.000000000,LAST_TRADE,"1,$100763.0000"
2019-06-28 11:59:00.000000000,QUERY_SPREAD,85
2019-06-28 11:59:00.000000000,BEST_BID,"JPM,100705,195"
2019-06-28 11:59:00.000000000,BEST_ASK,"JPM,100763,64"
2019-06-28 11:59:00.000000000,LAST_TRADE,"1,$100763.0000"
2019-06-28 11:59:00.000000000,QUERY_SPREAD,86
2019-06-28 11:59:00.000000000,BEST_BID,"JPM,100705,195"
2019-06-28 11:59:00.000000000,BEST_ASK,"JPM,100763,58"
2019-06-28 11:59:00.000000000,LAST_TRADE,"6,$100763.0000"
2019-06-28 11:59:00.000000000,QUERY_SPREAD,87
2019-06-28 11:59:00.000000000,BEST_BID,"JPM,100705,195"
2019-06-28 11:59:00.000000000,BEST_ASK,"JPM,100763,55"
2019-06-28 11:59:00.000000000,LAST_TRADE,"3,$100763.0000"
2019-06-28 11:59:00.000000000,QUERY_SPREAD,88
2019-06-28 11:59:00.000000000,BEST_BID,"JPM,100705,195"
2019-06-28 11:59:00.000000000,BEST_ASK,"JPM,100763,51"
2019-06-28 11:59:00.000000000,LAST_TRADE,"4,$100763.0000"
2019-06-28 11:59:00.000000000,QUERY_SPREAD,89
2019-06-28 11:59:00.000000000,BEST_BID,"JPM,100705,195"
2019-06-28 11:59:00.000000000,BEST_ASK,"JPM,100763,47"
2019-06-28 11:59:00.000000000,LAST_TRADE,"4,$100763.0000"
2019-06-28 11:59:00.000000000,QUERY_SPREAD,90
2019-06-28 11:59:00.000000000,BEST_BID,"JPM,100705,195"
2019-06-28 11:59:00.000000000,BEST_ASK,"JPM,100763,40"
2019-06-28 11:59:00.000000000,LAST_TRADE,"7,$100763.0000"
2019-06-28 11:59:00.000000000,QUERY_SPREAD,91
2019-06-28 11:59:00.000000000,BEST_BID,"JPM,100705,195"
2019-06-28 11:59:00.000000000,BEST_ASK,"JPM,100763,32"
2019-06-28 11:59:00.000000000,LAST_TRADE,"8,$100763.0000"
2019-06-28 11:59:00.000000000,QUERY_SPREAD,92
2019-06-28 11:59:00.000000000,BEST_BID,"JPM,100705,195"
2019-06-28 11:59:00.000000000,BEST_ASK,"JPM,100763,27"
2019-06-28 11:59:00.000000000,LAST_TRADE,"5,$100763.0000"
2019-06-28 11:59:00.000000000,QUERY_SPREAD,93
2019-06-28 11:59:00.000000000,BEST_BID,"JPM,100705,195"
2019-06-28 11:59:00.000000000,BEST_ASK,"JPM,100763,24"
2019-06-28 11:59:00.000000000,LAST_TRADE,"3,$100763.0000"
2019-06-28 11:59:00.000000000,QUERY_SPREAD,94
2019-06-28 11:59:00.000000000,BEST_BID,"JPM,100705,195"
2019-06-28 11:59:00.000000000,BEST_ASK,"JPM,100763,20"
2019-06-28 11:59:00.000000000,LAST_TRADE,"4,$100763.0000"
2019-06-28 11:59:00.000000000,QUERY_SPREAD,95
2019-06-28 11:59:00.000000000,BEST_BID,"JPM,100705,195"
2019-06-28 11:59:00.000000000,BEST_ASK,"JPM,100763,15"
2019-06-28 11:59:00.000000000,LAST_TRADE,"5,$100763.0000"
2019-06-28 11:59:00.000000000,QUERY_SPREAD,96
2019-06-28 11:59:00.000000000,BEST_BID,"JPM,100705,195"
2019-06-28 11:59:00.000000000,BEST_ASK,"JPM,100763,14"
2019-06-28 11:59:00.000000000,LAST_TRADE,"1,$100763.0000"
2019-06-28 11:59:00.000000000,QUERY_SPREAD,97
2019-06-28 11:59:00.000000000,BEST_BID,"JPM,100705,195"
2019-06-28 11:59:00.000000000,BEST_ASK,"JPM,100763,7"
2019-06-28 11:59:00.000000000,LAST_TRADE,"7,$100763.0000"
2019-06-28 11:59:00.000000000,QUERY_SPREAD,98
2019-06-28 11:59:00.000000000,BEST_BID,"JPM,100705,195"
2019-06-28 11:59:00.000000000,BEST_ASK,"JPM,100763,1"
2019-06-28 11:59:00.000000000,LAST_TRADE,"6,$100763.0000"
2019-06-28 11:59:00.000000000,QUERY_SPREAD,99
2019-06-28 11:59:00.000000000,BEST_BID,"JPM,100763,4"
2019-06-28 11:59:00.000000000,BEST_ASK,"JPM,101055,192"
2019-06-28 11:59:00.000000000,LAST_TRADE,"1,$100763.0000"
2019-06-28 11:59:00.000000000,QUERY_SPREAD,100
2019-06-28 11:59:00.000000000,BEST_BID,"JPM,100763,4"
2019-06-28 11:59:00.000000000,BEST_ASK,"JPM,101055,185"
2019-06-28 11:59:00.000000000,LAST_TRADE,"7,$101055.0000"
2019-06-28 11:59:00.000000000,QUERY_SPREAD,101
2019-06-28 11:59:00.000000000,QUERY_ORDER_STREAM,101
2019-06-28 11:59:10.000000000,QUERY_SPREAD,1
2019-06-28 11:59:10.000000000,BEST_BID,"JPM,100763,60"
2019-06-28 11:59:10.000000000,BEST_ASK,"JPM,101055,93"
2019-06-28 11:59:10.000000000,BEST_BID,"JPM,100763,60"
2019-06-28 11:59:10.000000000,BEST_ASK,"JPM,101055,93"
2019-06-28 11:59:10.000000000,BEST_BID,"JPM,100763,60"
2019-06-28 11:59:10.000000000,BEST_ASK,"JPM,101055,93"
2019-06-28 11:59:10.000000000,BEST_BID,"JPM,100763,60"
2019-06-28 11:59:10.000000000,BEST_ASK,"JPM,101055,93"
2019-06-28 11:59:10.000000000,BEST_BID,"JPM,100763,60"
2019-06-28 11:59:10.000000000,BEST_ASK,"JPM,101055,93"
2019-06-28 11:59:10.000000000,BEST_BID,"JPM,100763,60"
2019-06-28 11:59:10.000000000,BEST_ASK,"JPM,101055,149"
2019-06-28 11:59:10.000000000,BEST_BID,"JPM,100763,60"
2019-06-28 11:59:10.000000000,BEST_ASK,"JPM,101055,149"
2019-06-28 11:59:10.000000000,BEST_BID,"JPM,100763,60"
2019-06-28 11:59:10.000000000,BEST_ASK,"JPM,101055,149"
2019-06-28 11:59:10.000000000,BEST_BID,"JPM,100763,60"
2019-06-28 11:59:10.000000000,BEST_ASK,"JPM,101055,149"
2019-06-28 11:59:10.000000000,BEST_BID,"JPM,100763,60"
2019-06-28 11:59:10.000000000,BEST_ASK,"JPM,101055,149"
2019-06-28 11:59:11.462962061,QUERY_SPREAD,27
2019-06-28 11:59:11.462962061,BEST_BID,"JPM,100763,60"
2019-06-28 11:59:11.462962061,BEST_ASK,"JPM,101055,149"
2019-06-28 11:59:20.000000000,QUERY_SPREAD,1
2019-06-28 11:59:20.000000000,BEST_BID,"JPM,100763,74"
2019-06-28 11:59:20.000000000,BEST_ASK,"JPM,101055,93"
2019-06-28 11:59:20.000000000,BEST_BID,"JPM,100763,74"
2019-06-28 11:59:20.000000000,BEST_ASK,"JPM,101055,93"
2019-06-28 11:59:20.000000000,BEST_BID,"JPM,100763,74"
2019-06-28 11:59:20.000000000,BEST_ASK,"JPM,101055,93"
2019-06-28 11:59:20.000000000,BEST_BID,"JPM,100763,74"
2019-06-28 11:59:20.000000000,BEST_ASK,"JPM,101055,93"
2019-06-28 11:59:20.000000000,BEST_BID,"JPM,100763,74"
2019-06-28 11:59:20.000000000,BEST_ASK,"JPM,101055,163"
2019-06-28 11:59:20.000000000,BEST_BID,"JPM,100763,74"
2019-06-28 11:59:20.000000000,BEST_ASK,"JPM,101055,163"
2019-06-28 11:59:20.000000000,BEST_BID,"JPM,100763,74"
2019-06-28 11:59:20.000000000,BEST_ASK,"JPM,101055,163"
2019-06-28 11:59:20.000000000,BEST_BID,"JPM,100763,74"
2019-06-28 11:59:20.000000000,BEST_ASK,"JPM,101055,163"
2019-06-28 11:59:20.488758856,QUERY_SPREAD,46
2019-06-28 11:59:20.488758856,BEST_BID,"JPM,100763,74"
2019-06-28 11:59:20.488758856,BEST_ASK,"JPM,101055,163"
2019-06-28 11:59:30.000000000,QUERY_SPREAD,1
2019-06-28 11:59:30.000000000,BEST_BID,"JPM,100763,144"
2019-06-28 11:59:30.000000000,BEST_ASK,"JPM,101055,93"
2019-06-28 11:59:30.000000000,BEST_BID,"JPM,100763,144"
2019-06-28 11:59:30.000000000,BEST_ASK,"JPM,101055,93"
2019-06-28 11:59:30.000000000,BEST_BID,"JPM,100763,144"
2019-06-28 11:59:30.000000000,BEST_ASK,"JPM,101055,233"
2019-06-28 11:59:30.000000000,BEST_BID,"JPM,100763,144"
2019-06-28 11:59:30.000000000,BEST_ASK,"JPM,101055,233"
2019-06-28 11:59:32.236368634,QUERY_ORDER_STREAM,69
2019-06-28 11:59:32.236368634,QUERY_SPREAD,69
2019-06-28 11:59:40.000000000,QUERY_SPREAD,1
2019-06-28 11:59:40.000000000,BEST_BID,"JPM,100763,74"
2019-06-28 11:59:40.000000000,BEST_ASK,"JPM,101055,93"
2019-06-28 11:59:40.000000000,BEST_BID,"JPM,100763,74"
2019-06-28 11:59:40.000000000,BEST_ASK,"JPM,101055,93"
2019-06-28 11:59:40.000000000,BEST_BID,"JPM,100763,74"
2019-06-28 11:59:40.000000000,BEST_ASK,"JPM,101055,93"
2019-06-28 11:59:40.000000000,BEST_BID,"JPM,100763,74"
2019-06-28 11:59:40.000000000,BEST_ASK,"JPM,101055,93"
2019-06-28 11:59:40.000000000,BEST_BID,"JPM,100763,74"
2019-06-28 11:59:40.000000000,BEST_ASK,"JPM,101055,163"
2019-06-28 11:59:40.000000000,BEST_BID,"JPM,100763,74"
2019-06-28 11:59:40.000000000,BEST_ASK,"JPM,101055,163"
2019-06-28 11:59:40.000000000,BEST_BID,"JPM,100763,74"
2019-06-28 11:59:40.000000000,BEST_ASK,"JPM,101055,163"
2019-06-28 11:59:40.000000000,BEST_BID,"JPM,100763,74"
2019-06-28 11:59:40.000000000,BEST_ASK,"JPM,101055,163"
2019-06-28 11:59:49.220423912,QUERY_SPREAD,7
2019-06-28 11:59:49.220423912,BEST_BID,"JPM,100705,170"
2019-06-28 11:59:49.220423912,BEST_ASK,"JPM,100763,26"
2019-06-28 11:59:49.220423912,LAST_TRADE,"74,$100763.0000"
2019-06-28 11:59:50.000000000,QUERY_SPREAD,1
2019-06-28 11:59:50.000000000,BEST_BID,"JPM,100705,170"
2019-06-28 11:59:50.000000000,BEST_ASK,"JPM,100763,26"
2019-06-28 11:59:50.000000000,BEST_BID,"JPM,100705,170"
2019-06-28 11:59:50.000000000,BEST_ASK,"JPM,100763,26"
2019-06-28 11:59:50.000000000,BEST_BID,"JPM,100705,170"
2019-06-28 11:59:50.000000000,BEST_ASK,"JPM,100763,26"
2019-06-28 11:59:50.000000000,BEST_BID,"JPM,100705,170"
2019-06-28 11:59:50.000000000,BEST_ASK,"JPM,100763,26"
2019-06-28 11:59:50.000000000,BEST_BID,"JPM,100705,170"
2019-06-28 11:59:50.000000000,BEST_ASK,"JPM,100763,96"
2019-06-28 11:59:50.000000000,BEST_BID,"JPM,100705,170"
2019-06-28 11:59:50.000000000,BEST_ASK,"JPM,100763,96"
2019-06-28 11:59:50.000000000,BEST_BID,"JPM,100705,170"
2019-06-28 11:59:50.000000000,BEST_ASK,"JPM,100763,96"
2019-06-28 11:59:50.000000000,BEST_BID,"JPM,100705,170"
2019-06-28 11:59:50.000000000,BEST_ASK,"JPM,100763,96"
2019-06-28 12:00:00.000000000,QUERY_SPREAD,1
2019-06-28 12:00:00.000000000,BEST_BID,"JPM,100705,156"
2019-06-28 12:00:00.000000000,BEST_ASK,"JPM,100763,26"
2019-06-28 12:00:00.000000000,BEST_BID,"JPM,100705,156"
2019-06-28 12:00:00.000000000,BEST_ASK,"JPM,100763,26"
2019-06-28 12:00:00.000000000,BEST_BID,"JPM,100705,156"
2019-06-28 12:00:00.000000000,BEST_ASK,"JPM,100763,26"
2019-06-28 12:00:00.000000000,BEST_BID,"JPM,100705,156"
2019-06-28 12:00:00.000000000,BEST_ASK,"JPM,100763,26"
2019-06-28 12:00:00.000000000,BEST_BID,"JPM,100705,156"
2019-06-28 12:00:00.000000000,BEST_ASK,"JPM,100763,26"
2019-06-28 12:00:00.000000000,BEST_BID,"JPM,100705,156"
2019-06-28 12:00:00.000000000,BEST_ASK,"JPM,100763,82"
2019-06-28 12:00:00.000000000,BEST_BID,"JPM,100705,156"
2019-06-28 12:00:00.000000000,BEST_ASK,"JPM,100763,82"
2019-06-28 12:00:00.000000000,BEST_BID,"JPM,100705,156"
2019-06-28 12:00:00.000000000,BEST_ASK,"JPM,100763,82"
2019-06-28 12:00:00.000000000,BEST_BID,"JPM,100705,156"
2019-06-28 12:00:00.000000000,BEST_ASK,"JPM,100763,82"
2019-06-28 12:00:00.000000000,BEST_BID,"JPM,100705,156"
2019-06-28 12:00:00.000000000,BEST_ASK,"JPM,100763,82"
2019-06-28 12:00:00.000000000,QUERY_SPREAD,77
2019-06-28 12:00:00.000000000,BEST_BID,"JPM,100705,156"
2019-06-28 12:00:00.000000000,BEST_ASK,"JPM,100763,81"
2019-06-28 12:00:00.000000000,LAST_TRADE,"1,$100763.0000"
2019-06-28 12:00:00.000000000,QUERY_SPREAD,78
2019-06-28 12:00:00.000000000,BEST_BID,"JPM,100705,156"
2019-06-28 12:00:00.000000000,BEST_ASK,"JPM,100763,77"
2019-06-28 12:00:00.000000000,LAST_TRADE,"4,$100763.0000"
2019-06-28 12:00:00.000000000,QUERY_SPREAD,79
2019-06-28 12:00:00.000000000,BEST_BID,"JPM,100705,156"
2019-06-28 12:00:00.000000000,BEST_ASK,"JPM,100763,71"
2019-06-28 12:00:00.000000000,LAST_TRADE,"6,$100763.0000"
2019-06-28 12:00:00.000000000,QUERY_SPREAD,80
2019-06-28 12:00:00.000000000,BEST_BID,"JPM,100705,156"
2019-06-28 12:00:00.000000000,BEST_ASK,"JPM,100763,66"
2019-06-28 12:00:00.000000000,LAST_TRADE,"5,$100763.0000"
2019-06-28 12:00:00.000000000,QUERY_SPREAD,81
2019-06-28 12:00:00.000000000,BEST_BID,"JPM,100705,156"
2019-06-28 12:00:00.000000000,BEST_ASK,"JPM,100763,58"
2019-06-28 12:00:00.000000000,LAST_TRADE,"8,$100763.0000"
2019-06-28 12:00:00.000000000,QUERY_SPREAD,82
2019-06-28 12:00:00.000000000,BEST_BID,"JPM,100705,156"
2019-06-28 12:00:00.000000000,BEST_ASK,"JPM,100763,50"
2019-06-28 12:00:00.000000000,LAST_TRADE,"8,$100763.0000"
2019-06-28 12:00:00.000000000,QUERY_SPREAD,83
2019-06-28 12:00:00.000000000,BEST_BID,"JPM,100705,156"
2019-06-28 12:00:00.000000000,BEST_ASK,"JPM,100763,48"
2019-06-28 12:00:00.000000000,LAST_TRADE,"2,$100763.0000"
2019-06-28 12:00:00.000000000,QUERY_SPREAD,84
2019-06-28 12:00:00.000000000,BEST_BID,"JPM,100705,156"
2019-06-28 12:00:00.000000000,BEST_ASK,"JPM,100763,47"
2019-06-28 12:00:00.000000000,LAST_TRADE,"1,$100763.0000"
2019-06-28 12:00:00.000000000,QUERY_SPREAD,85
2019-06-28 12:00:00.000000000,BEST_BID,"JPM,100705,156"
2019-06-28 12:00:00.000000000,BEST_ASK,"JPM,100763,46"
2019-06-28 12:00:00.000000000,LAST_TRADE,"1,$100763.0000"
2019-06-28 12:00:00.000000000,QUERY_SPREAD,86
2019-06-28 12:00:00.000000000,BEST_BID,"JPM,100705,156"
2019-06-28 12:00:00.000000000,BEST_ASK,"JPM,100763,40"
2019-06-28 12:00:00.000000000,LAST_TRADE,"6,$100763.0000"
2019-06-28 12:00:00.000000000,QUERY_SPREAD,87
2019-06-28 12:00:00.000000000,BEST_BID,"JPM,100705,156"
2019-06-28 12:00:00.000000000,BEST_ASK,"JPM,100763,37"
2019-06-28 12:00:00.000000000,LAST_TRADE,"3,$100763.0000"
2019-06-28 12:00:00.000000000,QUERY_SPREAD,88
2019-06-28 12:00:00.000000000,BEST_BID,"JPM,100705,156"
2019-06-28 12:00:00.000000000,BEST_ASK,"JPM,100763,33"
2019-06-28 12:00:00.000000000,LAST_TRADE,"4,$100763.0000"
2019-06-28 12:00:00.000000000,QUERY_SPREAD,89
2019-06-28 12:00:00.000000000,BEST_BID,"JPM,100705,156"
2019-06-28 12:00:00.000000000,BEST_ASK,"JPM,100763,29"
2019-06-28 12:00:00.000000000,LAST_TRADE,"4,$100763.0000"
2019-06-28 12:00:00.000000000,QUERY_SPREAD,90
2019-06-28 12:00:00.000000000,BEST_BID,"JPM,100705,156"
2019-06-28 12:00:00.000000000,BEST_ASK,"JPM,100763,22"
2019-06-28 12:00:00.000000000,LAST_TRADE,"7,$100763.0000"
2019-06-28 12:00:00.000000000,QUERY_SPREAD,91
2019-06-28 12:00:00.000000000,BEST_BID,"JPM,100705,156"
2019-06-28 12:00:00.000000000,BEST_ASK,"JPM,100763,14"
2019-06-28 12:00:00.000000000,LAST_TRADE,"8,$100763.0000"
2019-06-28 12:00:00.000000000,QUERY_SPREAD,92
2019-06-28 12:00:00.000000000,BEST_BID,"JPM,100705,156"
2019-06-28 12:00:00.000000000,BEST_ASK,"JPM,100763,9"
2019-06-28 12:00:00.000000000,LAST_TRADE,"5,$100763.0000"
2019-06-28 12:00:00.000000000,QUERY_SPREAD,93
2019-06-28 12:00:00.000000000,BEST_BID,"JPM,100705,156"
2019-06-28 12:00:00.000000000,BEST_ASK,"JPM,100763,6"
2019-06-28 12:00:00.000000000,LAST_TRADE,"3,$100763.0000"
2019-06-28 12:00:00.000000000,QUERY_SPREAD,94
2019-06-28 12:00:00.000000000,BEST_BID,"JPM,100705,156"
2019-06-28 12:00:00.000000000,BEST_ASK,"JPM,100763,2"
2019-06-28 12:00:00.000000000,LAST_TRADE,"4,$100763.0000"
2019-06-28 12:00:00.000000000,QUERY_SPREAD,95
2019-06-28 12:00:00.000000000,BEST_BID,"JPM,100763,3"
2019-06-28 12:00:00.000000000,BEST_ASK,"JPM,101055,149"
2019-06-28 12:00:00.000000000,LAST_TRADE,"2,$100763.0000"
2019-06-28 12:00:00.000000000,QUERY_SPREAD,96
2019-06-28 12:00:00.000000000,BEST_BID,"JPM,100763,3"
2019-06-28 12:00:00.000000000,BEST_ASK,"JPM,101055,148"
2019-06-28 12:00:00.000000000,LAST_TRADE,"1,$101055.0000"
2019-06-28 12:00:00.000000000,QUERY_SPREAD,97
2019-06-28 12:00:00.000000000,BEST_BID,"JPM,100763,3"
2019-06-28 12:00:00.000000000,BEST_ASK,"JPM,101055,141"
2019-06-28 12:00:00.000000000,LAST_TRADE,"7,$101055.0000"
2019-06-28 12:00:00.000000000,QUERY_SPREAD,98
2019-06-28 12:00:00.000000000,BEST_BID,"JPM,100763,3"
2019-06-28 12:00:00.000000000,BEST_ASK,"JPM,101055,135"
2019-06-28 12:00:00.000000000,LAST_TRADE,"6,$101055.0000"
2019-06-28 12:00:00.000000000,QUERY_SPREAD,99
2019-06-28 12:00:00.000000000,BEST_BID,"JPM,100763,3"
2019-06-28 12:00:00.000000000,BEST_ASK,"JPM,101055,130"
2019-06-28 12:00:00.000000000,LAST_TRADE,"5,$101055.0000"
2019-06-28 12:00:00.000000000,QUERY_SPREAD,100
2019-06-28 12:00:00.000000000,BEST_BID,"JPM,100763,3"
2019-06-28 12:00:00.000000000,BEST_ASK,"JPM,101055,123"
2019-06-28 12:00:00.000000000,LAST_TRADE,"7,$101055.0000"
2019-06-28 12:00:00.000000000,QUERY_SPREAD,101
2019-06-28 12:00:00.000000000,QUERY_ORDER_STREAM,101
2019-06-28 12:00:02.061466844,QUERY_SPREAD,15
2019-06-28 12:00:02.061466844,BEST_BID,"JPM,100705,156"
2019-06-28 12:00:02.061466844,BEST_ASK,"JPM,100763,97"
2019-06-28 12:00:02.061466844,LAST_TRADE,"3,$100763.0000"
2019-06-28 12:00:10.000000000,QUERY_SPREAD,1
2019-06-28 12:00:10.000000000,BEST_BID,"JPM,100705,380"
2019-06-28 12:00:10.000000000,BEST_ASK,"JPM,100763,97"
2019-06-28 12:00:10.000000000,BEST_BID,"JPM,100705,380"
2019-06-28 12:00:10.000000000,BEST_ASK,"JPM,100763,377"
2019-06-28 12:00:20.000000000,QUERY_SPREAD,1
2019-06-28 12:00:20.000000000,BEST_BID,"JPM,100705,170"
2019-06-28 12:00:20.000000000,BEST_ASK,"JPM,100763,97"
2019-06-28 12:00:20.000000000,BEST_BID,"JPM,100705,170"
2019-06-28 12:00:20.000000000,BEST_ASK,"JPM,100763,97"
2019-06-28 12:00:20.000000000,BEST_BID,"JPM,100705,170"
2019-06-28 12:00:20.000000000,BEST_ASK,"JPM,100763,97"
2019-06-28 12:00:20.000000000,BEST_BID,"JPM,100705,170"
2019-06-28 12:00:20.000000000,BEST_ASK,"JPM,100763,97"
2019-06-28 12:00:20.000000000,BEST_BID,"JPM,100705,170"
2019-06-28 12:00:20.000000000,BEST_ASK,"JPM,100763,167"
2019-06-28 12:00:20.000000000,BEST_BID,"JPM,100705,170"
2019-06-28 12:00:20.000000000,BEST_ASK,"JPM,100763,167"
2019-06-28 12:00:20.000000000,BEST_BID,"JPM,100705,170"
2019-06-28 12:00:20.000000000,BEST_ASK,"JPM,100763,167"
2019-06-28 12:00:20.000000000,BEST_BID,"JPM,100705,170"
2019-06-28 12:00:20.000000000,BEST_ASK,"JPM,100763,167"
2019-06-28 12:00:30.000000000,QUERY_SPREAD,1
2019-06-28 12:00:30.000000000,BEST_BID,"JPM,100705,380"
2019-06-28 12:00:30.000000000,BEST_ASK,"JPM,100763,97"
2019-06-28 12:00:30.000000000,BEST_BID,"JPM,100705,380"
2019-06-28 12:00:30.000000000,BEST_ASK,"JPM,100763,377"
2019-06-28 12:00:31.018405053,QUERY_SPREAD,19
2019-06-28 12:00:31.018405053,BEST_BID,"JPM,100705,280"
2019-06-28 12:00:31.018405053,BEST_ASK,"JPM,100763,377"
2019-06-28 12:00:31.018405053,LAST_TRADE,"100,$100705.0000"
2019-06-28 12:00:33.611222632,QUERY_ORDER_STREAM,57
2019-06-28 12:00:33.611222632,QUERY_SPREAD,57
2019-06-28 12:00:33.611222632,BEST_BID,"JPM,100705,280"
2019-06-28 12:00:33.611222632,BEST_ASK,"JPM,100762,100"
2019-06-28 12:00:40.000000000,QUERY_SPREAD,1
2019-06-28 12:00:40.000000000,BEST_BID,"JPM,100699,240"
2019-06-28 12:00:40.000000000,BEST_ASK,"JPM,100762,100"
2019-06-28 12:00:40.000000000,BEST_BID,"JPM,100699,240"
2019-06-28 12:00:40.000000000,BEST_ASK,"JPM,100762,100"
2019-06-28 12:00:40.000000000,BEST_BID,"JPM,100699,240"
2019-06-28 12:00:40.000000000,BEST_ASK,"JPM,100762,240"
2019-06-28 12:00:40.000000000,BEST_BID,"JPM,100699,240"
2019-06-28 12:00:40.000000000,BEST_ASK,"JPM,100762,240"
2019-06-28 12:00:43.863355742,QUERY_SPREAD,19
2019-06-28 12:00:43.863355742,BEST_BID,"JPM,100699,140"
2019-06-28 12:00:43.863355742,BEST_ASK,"JPM,100762,240"
2019-06-28 12:00:43.863355742,LAST_TRADE,"100,$100699.0000"
2019-06-28 12:00:48.666834368,QUERY_SPREAD,18
2019-06-28 12:00:48.666834368,BEST_BID,"JPM,100699,140"
2019-06-28 12:00:48.666834368,BEST_ASK,"JPM,100762,240"
2019-06-28 12:00:50.000000000,QUERY_SPREAD,1
2019-06-28 12:00:50.000000000,BEST_BID,"JPM,100675,240"
2019-06-28 12:00:50.000000000,BEST_ASK,"JPM,100762,100"
2019-06-28 12:00:50.000000000,BEST_BID,"JPM,100675,240"
2019-06-28 12:00:50.000000000,BEST_ASK,"JPM,100762,100"
2019-06-28 12:00:50.000000000,BEST_BID,"JPM,100675,240"
2019-06-28 12:00:50.000000000,BEST_ASK,"JPM,100762,240"
2019-06-28 12:00:50.000000000,BEST_BID,"JPM,100675,240"
2019-06-28 12:00:50.000000000,BEST_ASK,"JPM,100762,240"
2019-06-28 12:00:58.051013813,QUERY_SPREAD,15
2019-06-28 12:00:58.051013813,BEST_BID,"JPM,100687,100"
2019-06-28 12:00:58.051013813,BEST_ASK,"JPM,100762,240"
2019-06-28 12:01:00.000000000,QUERY_SPREAD,1
2019-06-28 12:01:00.000000000,BEST_BID,"JPM,100687,380"
2019-06-28 12:01:00.000000000,BEST_ASK,"JPM,100762,100"
2019-06-28 12:01:00.000000000,BEST_BID,"JPM,100687,380"
2019-06-28 12:01:00.000000000,BEST_ASK,"JPM,100762,380"
2019-06-28 12:01:00.000000000,QUERY_SPREAD,77
2019-06-28 12:01:00.000000000,BEST_BID,"JPM,100687,380"
2019-06-28 12:01:00.000000000,BEST_ASK,"JPM,100762,379"
2019-06-28 12:01:00.000000000,LAST_TRADE,"1,$100762.0000"
2019-06-28 12:01:00.000000000,QUERY_SPREAD,78
2019-06-28 12:01:00.000000000,BEST_BID,"JPM,100687,380"
2019-06-28 12:01:00.000000000,BEST_ASK,"JPM,100762,375"
2019-06-28 12:01:00.000000000,LAST_TRADE,"4,$100762.0000"
2019-06-28 12:01:00.000000000,QUERY_SPREAD,79
2019-06-28 12:01:00.000000000,BEST_BID,"JPM,100687,380"
2019-06-28 12:01:00.000000000,BEST_ASK,"JPM,100762,369"
2019-06-28 12:01:00.000000000,LAST_TRADE,"6,$100762.0000"
2019-06-28 12:01:00.000000000,QUERY_SPREAD,80
2019-06-28 12:01:00.000000000,BEST_BID,"JPM,100687,380"
2019-06-28 12:01:00.000000000,BEST_ASK,"JPM,100762,364"
2019-06-28 12:01:00.000000000,LAST_TRADE,"5,$100762.0000"
2019-06-28 12:01:00.000000000,QUERY_SPREAD,81
2019-06-28 12:01:00.000000000,BEST_BID,"JPM,100687,380"
2019-06-28 12:01:00.000000000,BEST_ASK,"JPM,100762,356"
2019-06-28 12:01:00.000000000,LAST_TRADE,"8,$100762.0000"
2019-06-28 12:01:00.000000000,QUERY_SPREAD,82
2019-06-28 12:01:00.000000000,BEST_BID,"JPM,100687,380"
2019-06-28 12:01:00.000000000,BEST_ASK,"JPM,100762,348"
2019-06-28 12:01:00.000000000,LAST_TRADE,"8,$100762.0000"
2019-06-28 12:01:00.000000000,QUERY_SPREAD,83
2019-06-28 12:01:00.000000000,BEST_BID,"JPM,100687,380"
2019-06-28 12:01:00.000000000,BEST_ASK,"JPM,100762,346"
2019-06-28 12:01:00.000000000,LAST_TRADE,"2,$100762.0000"
2019-06-28 12:01:00.000000000,QUERY_SPREAD,84
2019-06-28 12:01:00.000000000,BEST_BID,"JPM,100687,380"
2019-06-28 12:01:00.000000000,BEST_ASK,"JPM,100762,345"
2019-06-28 12:01:00.000000000,LAST_TRADE,"1,$100762.0000"
2019-06-28 12:01:00.000000000,QUERY_SPREAD,85
2019-06-28 12:01:00.000000000,BEST_BID,"JPM,100687,380"
2019-06-28 12:01:00.000000000,BEST_ASK,"JPM,100762,344"
2019-06-28 12:01:00.000000000,LAST_TRADE,"1,$100762.0000"
2019-06-28 12:01:00.000000000,QUERY_SPREAD,86
2019-06-28 12:01:00.000000000,BEST_BID,"JPM,100687,380"
2019-06-28 12:01:00.000000000,BEST_ASK,"JPM,100762,338"
2019-06-28 12:01:00.000000000,LAST_TRADE,"6,$100762.0000"
2019-06-28 12:01:00.000000000,QUERY_SPREAD,87
2019-06-28 12:01:00.000000000,BEST_BID,"JPM,100687,380"
2019-06-28 12:01:00.000000000,BEST_ASK,"JPM,100762,335"
2019-06-28 12:01:00.000000000,LAST_TRADE,"3,$100762.0000"
2019-06-28 12:01:00.000000000,QUERY_SPREAD,88
2019-06-28 12:01:00.000000000,BEST_BID,"JPM,100687,380"
2019-06-28 12:01:00.000000000,BEST_ASK,"JPM,100762,331"
2019-06-28 12:01:00.000000000,LAST_TRADE,"4,$100762.0000"
2019-06-28 12:01:00.000000000,QUERY_SPREAD,89
2019-06-28 12:01:00.000000000,BEST_BID,"JPM,100687,380"
2019-06-28 12:01:00.000000000,BEST_ASK,"JPM,100762,327"
2019-06-28 12:01:00.000000000,LAST_TRADE,"4,$100762.0000"
2019-06-28 12:01:00.000000000,QUERY_SPREAD,90
2019-06-28 12:01:00.000000000,BEST_BID,"JPM,100687,380"
2019-06-28 12:01:00.000000000,BEST_ASK,"JPM,100762,320"
2019-06-28 12:01:00.000000000,LAST_TRADE,"7,$100762.0000"
2019-06-28 12:01:00.000000000,QUERY_SPREAD,91
2019-06-28 12:01:00.000000000,BEST_BID,"JPM,100687,380"
2019-06-28 12:01:00.000000000,BEST_ASK,"JPM,100762,312"
2019-06-28 12:01:00.000000000,LAST_TRADE,"8,$100762.0000"
2019-06-28 12:01:00.000000000,QUERY_SPREAD,92
2019-06-28 12:01:00.000000000,BEST_BID,"JPM,100687,380"
2019-06-28 12:01:00.000000000,BEST_ASK,"JPM,100762,307"
2019-06-28 12:01:00.000000000,LAST_TRADE,"5,$100762.0000"
2019-06-28 12:01:00.000000000,QUERY_SPREAD,93
2019-06-28 12:01:00.000000000,BEST_BID,"JPM,100687,380"
2019-06-28 12:01:00.000000000,BEST_ASK,"JPM,100762,304"
2019-06-28 12:01:00.000000000,LAST_TRADE,"3,$100762.0000"
2019-06-28 12:01:00.000000000,QUERY_SPREAD,94
2019-06-28 12:01:00.000000000,BEST_BID,"JPM,100687,380"
2019-06-28 12:01:00.000000000,BEST_ASK,"JPM,100762,300"
2019-06-28 12:01:00.000000000,LAST_TRADE,"4,$100762.0000"
2019-06-28 12:01:00.000000000,QUERY_SPREAD,95
2019-06-28 12:01:00.000000000,BEST_BID,"JPM,100687,380"
2019-06-28 12:01:00.000000000,BEST_ASK,"JPM,100762,295"
2019-06-28 12:01:00.000000000,LAST_TRADE,"5,$100762.0000"
2019-06-28 12:01:00.000000000,QUERY_SPREAD,96
2019-06-28 12:01:00.000000000,BEST_BID,"JPM,100687,380"
2019-06-28 12:01:00.000000000,BEST_ASK,"JPM,100762,294"
2019-06-28 12:01:00.000000000,LAST_TRADE,"1,$100762.0000"
2019-06-28 12:01:00.000000000,QUERY_SPREAD,97
2019-06-28 12:01:00.000000000,BEST_BID,"JPM,100687,380"
2019-06-28 12:01:00.000000000,BEST_ASK,"JPM,100762,287"
2019-06-28 12:01:00.000000000,LAST_TRADE,"7,$100762.0000"
2019-06-28 12:01:00.000000000,QUERY_SPREAD,98
2019-06-28 12:01:00.000000000,BEST_BID,"JPM,100687,380"
2019-06-28 12:01:00.000000000,BEST_ASK,"JPM,100762,281"
2019-06-28 12:01:00.000000000,LAST_TRADE,"6,$100762.0000"
2019-06-28 12:01:00.000000000,QUERY_SPREAD,99
2019-06-28 12:01:00.000000000,BEST_BID,"JPM,100687,380"
2019-06-28 12:01:00.000000000,BEST_ASK,"JPM,100762,276"
2019-06-28 12:01:00.000000000,LAST_TRADE,"5,$100762.0000"
2019-06-28 12:01:00.000000000,QUERY_SPREAD,100
2019-06-28 12:01:00.000000000,BEST_BID,"JPM,100687,380"
2019-06-28 12:01:00.000000000,BEST_ASK,"JPM,100762,269"
2019-06-28 12:01:00.000000000,LAST_TRADE,"7,$100762.0000"
2019-06-28 12:01:00.000000000,QUERY_SPREAD,101
2019-06-28 12:01:00.000000000,QUERY_ORDER_STREAM,101
2019-06-28 12:01:10.000000000,QUERY_SPREAD,1
2019-06-28 12:01:10.000000000,BEST_BID,"JPM,100687,170"
2019-06-28 12:01:10.000000000,BEST_ASK,"JPM,101055,67"
2019-06-28 12:01:10.000000000,BEST_BID,"JPM,100687,170"
2019-06-28 12:01:10.000000000,BEST_ASK,"JPM,101055,67"
2019-06-28 12:01:10.000000000,BEST_BID,"JPM,100687,170"
2019-06-28 12:01:10.000000000,BEST_ASK,"JPM,101055,67"
2019-06-28 12:01:10.000000000,BEST_BID,"JPM,100687,170"
2019-06-28 12:01:10.000000000,BEST_ASK,"JPM,101055,67"
2019-06-28 12:01:10.000000000,BEST_BID,"JPM,100687,170"
2019-06-28 12:01:10.000000000,BEST_ASK,"JPM,101055,137"
2019-06-28 12:01:10.000000000,BEST_BID,"JPM,100687,170"
2019-06-28 12:01:10.000000000,BEST_ASK,"JPM,101055,137"
2019-06-28 12:01:10.000000000,BEST_BID,"JPM,100687,170"
2019-06-28 12:01:10.000000000,BEST_ASK,"JPM,101055,137"
2019-06-28 12:01:10.000000000,BEST_BID,"JPM,100687,170"
2019-06-28 12:01:10.000000000,BEST_ASK,"JPM,101055,137"
2019-06-28 12:01:20.000000000,QUERY_SPREAD,1
2019-06-28 12:01:20.000000000,BEST_BID,"JPM,100687,240"
2019-06-28 12:01:20.000000000,BEST_ASK,"JPM,101055,67"
2019-06-28 12:01:20.000000000,BEST_BID,"JPM,100687,240"
2019-06-28 12:01:20.000000000,BEST_ASK,"JPM,101055,67"
2019-06-28 12:01:20.000000000,BEST_BID,"JPM,100687,240"
2019-06-28 12:01:20.000000000,BEST_ASK,"JPM,101055,207"
2019-06-28 12:01:20.000000000,BEST_BID,"JPM,100687,240"
2019-06-28 12:01:20.000000000,BEST_ASK,"JPM,101055,207"
2019-06-28 12:01:25.717863478,QUERY_ORDER_STREAM,76
2019-06-28 12:01:25.717863478,QUERY_SPREAD,76
2019-06-28 12:01:30.000000000,QUERY_SPREAD,1
2019-06-28 12:01:30.000000000,BEST_BID,"JPM,100687,156"
2019-06-28 12:01:30.000000000,BEST_ASK,"JPM,101055,67"
2019-06-28 12:01:30.000000000,BEST_BID,"JPM,100687,156"
2019-06-28 12:01:30.000000000,BEST_ASK,"JPM,101055,67"
2019-06-28 12:01:30.000000000,BEST_BID,"JPM,100687,156"
2019-06-28 12:01:30.000000000,BEST_ASK,"JPM,101055,67"
2019-06-28 12:01:30.000000000,BEST_BID,"JPM,100687,156"
2019-06-28 12:01:30.000000000,BEST_ASK,"JPM,101055,67"
2019-06-28 12:01:30.000000000,BEST_BID,"JPM,100687,156"
2019-06-28 12:01:30.000000000,BEST_ASK,"JPM,101055,67"
2019-06-28 12:01:30.000000000,BEST_BID,"JPM,100687,156"
2019-06-28 12:01:30.000000000,BEST_ASK,"JPM,101055,123"
2019-06-28 12:01:30.000000000,BEST_BID,"JPM,100687,156"
2019-06-28 12:01:30.000000000,BEST_ASK,"JPM,101055,123"
2019-06-28 12:01:30.000000000,BEST_BID,"JPM,100687,156"
2019-06-28 12:01:30.000000000,BEST_ASK,"JPM,101055,123"
2019-06-28 12:01:30.000000000,BEST_BID,"JPM,100687,156"
2019-06-28 12:01:30.000000000,BEST_ASK,"JPM,101055,123"
2019-06-28 12:01:30.000000000,BEST_BID,"JPM,100687,156"
2019-06-28 12:01:30.000000000,BEST_ASK,"JPM,101055,123"
2019-06-28 12:01:34.834947967,QUERY_ORDER_STREAM,57
2019-06-28 12:01:34.834947967,QUERY_SPREAD,57
2019-06-28 12:01:40.000000000,QUERY_SPREAD,1
2019-06-28 12:01:40.000000000,BEST_BID,"JPM,100687,380"
2019-06-28 12:01:40.000000000,BEST_ASK,"JPM,101055,67"
2019-06-28 12:01:40.000000000,BEST_BID,"JPM,100687,380"
2019-06-28 12:01:40.000000000,BEST_ASK,"JPM,101055,347"
2019-06-28 12:01:48.597076385,QUERY_SPREAD,18
2019-06-28 12:01:48.597076385,BEST_BID,"JPM,100687,380"
2019-06-28 12:01:48.597076385,BEST_ASK,"JPM,101055,247"
2019-06-28 12:01:48.597076385,LAST_TRADE,"100,$101055.0000"
2019-06-28 12:01:50.000000000,QUERY_SPREAD,1
2019-06-28 12:01:50.000000000,BEST_BID,"JPM,100687,240"
2019-06-28 12:01:50.000000000,BEST_ASK,"JPM,101649,1"
2019-06-28 12:01:50.000000000,BEST_BID,"JPM,100687,240"
2019-06-28 12:01:50.000000000,BEST_ASK,"JPM,101649,1"
2019-06-28 12:01:50.000000000,BEST_BID,"JPM,100687,240"
2019-06-28 12:01:50.000000000,BEST_ASK,"JPM,101649,141"
2019-06-28 12:01:50.000000000,BEST_BID,"JPM,100687,240"
2019-06-28 12:01:50.000000000,BEST_ASK,"JPM,101649,141"
2019-06-28 12:02:00.000000000,QUERY_SPREAD,1
2019-06-28 12:02:00.000000000,BEST_BID,"JPM,100687,195"
2019-06-28 12:02:00.000000000,BEST_ASK,"JPM,101649,1"
2019-06-28 12:02:00.000000000,BEST_BID,"JPM,100687,195"
2019-06-28 12:02:00.000000000,BEST_ASK,"JPM,101649,1"
2019-06-28 12:02:00.000000000,BEST_BID,"JPM,100687,195"
2019-06-28 12:02:00.000000000,BEST_ASK,"JPM,101649,1"
2019-06-28 12:02:00.000000000,BEST_BID,"JPM,100687,195"
2019-06-28 12:02:00.000000000,BEST_ASK,"JPM,101649,96"
2019-06-28 12:02:00.000000000,BEST_BID,"JPM,100687,195"
2019-06-28 12:02:00.000000000,BEST_ASK,"JPM,101649,96"
2019-06-28 12:02:00.000000000,BEST_BID,"JPM,100687,195"
2019-06-28 12:02:00.000000000,BEST_ASK,"JPM,101649,96"
2019-06-28 12:02:00.000000000,QUERY_SPREAD,77
2019-06-28 12:02:00.000000000,BEST_BID,"JPM,100687,195"
2019-06-28 12:02:00.000000000,BEST_ASK,"JPM,101649,95"
2019-06-28 12:02:00.000000000,LAST_TRADE,"1,$101649.0000"
2019-06-28 12:02:00.000000000,QUERY_SPREAD,78
2019-06-28 12:02:00.000000000,BEST_BID,"JPM,100687,195"
2019-06-28 12:02:00.000000000,BEST_ASK,"JPM,101649,91"
2019-06-28 12:02:00.000000000,LAST_TRADE,"4,$101649.0000"
2019-06-28 12:02:00.000000000,QUERY_SPREAD,79
2019-06-28 12:02:00.000000000,BEST_BID,"JPM,100687,195"
2019-06-28 12:02:00.000000000,BEST_ASK,"JPM,101649,85"
2019-06-28 12:02:00.000000000,LAST_TRADE,"6,$101649.0000"
2019-06-28 12:02:00.000000000,QUERY_SPREAD,80
2019-06-28 12:02:00.000000000,BEST_BID,"JPM,100687,195"
2019-06-28 12:02:00.000000000,BEST_ASK,"JPM,101649,80"
2019-06-28 12:02:00.000000000,LAST_TRADE,"5,$101649.0000"
2019-06-28 12:02:00.000000000,QUERY_SPREAD,81
2019-06-28 12:02:00.000000000,BEST_BID,"JPM,100687,195"
2019-06-28 12:02:00.000000000,BEST_ASK,"JPM,101649,72"
2019-06-28 12:02:00.000000000,LAST_TRADE,"8,$101649.0000"
2019-06-28 12:02:00.000000000,QUERY_SPREAD,82
2019-06-28 12:02:00.000000000,BEST_BID,"JPM,100687,195"
2019-06-28 12:02:00.000000000,BEST_ASK,"JPM,101649,64"
2019-06-28 12:02:00.000000000,LAST_TRADE,"8,$101649.0000"
2019-06-28 12:02:00.000000000,QUERY_SPREAD,83
2019-06-28 12:02:00.000000000,BEST_BID,"JPM,100687,195"
2019-06-28 12:02:00.000000000,BEST_ASK,"JPM,101649,62"
2019-06-28 12:02:00.000000000,LAST_TRADE,"2,$101649.0000"
2019-06-28 12:02:00.000000000,QUERY_SPREAD,84
2019-06-28 12:02:00.000000000,BEST_BID,"JPM,100687,195"
2019-06-28 12:02:00.000000000,BEST_ASK,"JPM,101649,61"
2019-06-28 12:02:00.000000000,LAST_TRADE,"1,$101649.0000"
2019-06-28 12:02:00.000000000,QUERY_SPREAD,85
2019-06-28 12:02:00.000000000,BEST_BID,"JPM,100687,195"
2019-06-28 12:02:00.000000000,BEST_ASK,"JPM,101649,60"
2019-06-28 12:02:00.000000000,LAST_TRADE,"1,$101649.0000"
2019-06-28 12:02:00.000000000,QUERY_SPREAD,86
2019-06-28 12:02:00.000000000,BEST_BID,"JPM,100687,195"
2019-06-28 12:02:00.000000000,BEST_ASK,"JPM,101649,54"
2019-06-28 12:02:00.000000000,LAST_TRADE,"6,$101649.0000"
2019-06-28 12:02:00.000000000,QUERY_SPREAD,87
2019-06-28 12:02:00.000000000,BEST_BID,"JPM,100687,195"
2019-06-28 12:02:00.000000000,BEST_ASK,"JPM,101649,51"
2019-06-28 12:02:00.000000000,LAST_TRADE,"3,$101649.0000"
2019-06-28 12:02:00.000000000,QUERY_SPREAD,88
2019-06-28 12:02:00.000000000,BEST_BID,"JPM,100687,195"
2019-06-28 12:02:00.000000000,BEST_ASK,"JPM,101649,47"
2019-06-28 12:02:00.000000000,LAST_TRADE,"4,$101649.0000"
2019-06-28 12:02:00.000000000,QUERY_SPREAD,89
2019-06-28 12:02:00.000000000,BEST_BID,"JPM,100687,195"
2019-06-28 12:02:00.000000000,BEST_ASK,"JPM,101649,43"
2019-06-28 12:02:00.000000000,LAST_TRADE,"4,$101649.0000"
2019-06-28 12:02:00.000000000,QUERY_SPREAD,90
2019-06-28 12:02:00.000000000,BEST_BID,"JPM,100687,195"
2019-06-28 12:02:00.000000000,BEST_ASK,"JPM,101649,36"
2019-06-28 12:02:00.000000000,LAST_TRADE,"7,$101649.0000"
2019-06-28 12:02:00.000000000,QUERY_SPREAD,91
2019-06-28 12:02:00.000000000,BEST_BID,"JPM,100687,195"
2019-06-28 12:02:00.000000000,BEST_ASK,"JPM,101649,28"
2019-06-28 12:02:00.000000000,LAST_TRADE,"8,$101649.0000"
2019-06-28 12:02:00.000000000,QUERY_SPREAD,92
2019-06-28 12:02:00.000000000,BEST_BID,"JPM,100687,195"
2019-06-28 12:02:00.000000000,BEST_ASK,"JPM,101649,23"
2019-06-28 12:02:00.000000000,LAST_TRADE,"5,$101649.0000"
2019-06-28 12:02:00.000000000,QUERY_SPREAD,93
2019-06-28 12:02:00.000000000,BEST_BID,"JPM,100687,195"
2019-06-28 12:02:00.000000000,BEST_ASK,"JPM,101649,20"
2019-06-28 12:02:00.000000000,LAST_TRADE,"3,$101649.0000"
2019-06-28 12:02:00.000000000,QUERY_SPREAD,94
2019-06-28 12:02:00.000000000,BEST_BID,"JPM,100687,195"
2019-06-28 12:02:00.000000000,BEST_ASK,"JPM,101649,16"
2019-06-28 12:02:00.000000000,LAST_TRADE,"4,$101649.0000"
2019-06-28 12:02:00.000000000,QUERY_SPREAD,95
2019-06-28 12:02:00.000000000,BEST_BID,"JPM,100687,195"
2019-06-28 12:02:00.000000000,BEST_ASK,"JPM,101649,11"
2019-06-28 12:02:00.000000000,LAST_TRADE,"5,$101649.0000"
2019-06-28 12:02:00.000000000,QUERY_SPREAD,96
2019-06-28 12:02:00.000000000,BEST_BID,"JPM,100687,195"
2019-06-28 12:02:00.000000000,BEST_ASK,"JPM,101649,10"
2019-06-28 12:02:00.000000000,LAST_TRADE,"1,$101649.0000"
2019-06-28 12:02:00.000000000,QUERY_SPREAD,97
2019-06-28 12:02:00.000000000,BEST_BID,"JPM,100687,195"
2019-06-28 12:02:00.000000000,BEST_ASK,"JPM,101649,3"
2019-06-28 12:02:00.000000000,LAST_TRADE,"7,$101649.0000"
2019-06-28 12:02:00.000000000,QUERY_SPREAD,98
2019-06-28 12:02:00.000000000,BEST_BID,"JPM,101649,3"
2019-06-28 12:02:00.000000000,BEST_ASK,"JPM,101650,93"
2019-06-28 12:02:00.000000000,LAST_TRADE,"3,$101649.0000"
2019-06-28 12:02:00.000000000,QUERY_SPREAD,99
2019-06-28 12:02:00.000000000,BEST_BID,"JPM,101649,3"
2019-06-28 12:02:00.000000000,BEST_ASK,"JPM,101650,88"
2019-06-28 12:02:00.000000000,LAST_TRADE,"5,$101650.0000"
2019-06-28 12:02:00.000000000,QUERY_SPREAD,100
2019-06-28 12:02:00.000000000,BEST_BID,"JPM,101649,3"
2019-06-28 12:02:00.000000000,BEST_ASK,"JPM,101650,81"
2019-06-28 12:02:00.000000000,LAST_TRADE,"7,$101650.0000"
2019-06-28 12:02:00.000000000,QUERY_SPREAD,101
2019-06-28 12:02:00.000000000,QUERY_ORDER_STREAM,101
2019-06-28 12:02:00.000000000,BEST_BID,"JPM,101649,3"
2019-06-28 12:02:00.000000000,BEST_ASK,"JPM,101650,82"
2019-06-28 12:02:02.288615146,QUERY_SPREAD,37
2019-06-28 12:02:02.288615146,BEST_BID,"JPM,100687,195"
2019-06-28 12:02:02.288615146,BEST_ASK,"JPM,101649,97"
2019-06-28 12:02:02.288615146,LAST_TRADE,"3,$101649.0000"
2019-06-28 12:02:10.000000000,QUERY_SPREAD,1
2019-06-28 12:02:10.000000000,BEST_BID,"JPM,100687,170"
2019-06-28 12:02:10.000000000,BEST_ASK,"JPM,101649,97"
2019-06-28 12:02:10.000000000,BEST_BID,"JPM,100687,170"
2019-06-28 12:02:10.000000000,BEST_ASK,"JPM,101649,97"
2019-06-28 12:02:10.000000000,BEST_BID,"JPM,100687,170"
2019-06-28 12:02:10.000000000,BEST_ASK,"JPM,101649,97"
2019-06-28 12:02:10.000000000,BEST_BID,"JPM,100687,170"
2019-06-28 12:02:10.000000000,BEST_ASK,"JPM,101649,97"
2019-06-28 12:02:10.000000000,BEST_BID,"JPM,100687,170"
2019-06-28 12:02:10.000000000,BEST_ASK,"JPM,101649,167"
2019-06-28 12:02:10.000000000,BEST_BID,"JPM,100687,170"
2019-06-28 12:02:10.000000000,BEST_ASK,"JPM,101649,167"
2019-06-28 12:02:10.000000000,BEST_BID,"JPM,100687,170"
2019-06-28 12:02:10.000000000,BEST_ASK,"JPM,101649,167"
2019-06-28 12:02:10.000000000,BEST_BID,"JPM,100687,170"
2019-06-28 12:02:10.000000000,BEST_ASK,"JPM,101649,167"
2019-06-28 12:02:20.000000000,QUERY_SPREAD,1
2019-06-28 12:02:20.000000000,BEST_BID,"JPM,100687,195"
2019-06-28 12:02:20.000000000,BEST_ASK,"JPM,101649,97"
2019-06-28 12:02:20.000000000,BEST_BID,"JPM,100687,195"
2019-06-28 12:02:20.000000000,BEST_ASK,"JPM,101649,97"
2019-06-28 12:02:20.000000000,BEST_BID,"JPM,100687,195"
2019-06-28 12:02:20.000000000,BEST_ASK,"JPM,101649,97"
2019-06-28 12:02:20.000000000,BEST_BID,"JPM,100687,195"
2019-06-28 12:02:20.000000000,BEST_ASK,"JPM,101649,192"
2019-06-28 12:02:20.000000000,BEST_BID,"JPM,100687,195"
2019-06-28 12:02:20.000000000,BEST_ASK,"JPM,101649,192"
2019-06-28 12:02:20.000000000,BEST_BID,"JPM,100687,195"
2019-06-28 12:02:20.000000000,BEST_ASK,"JPM,101649,192"
2019-06-28 12:02:30.000000000,QUERY_SPREAD,1
2019-06-28 12:02:30.000000000,BEST_BID,"JPM,100687,195"
2019-06-28 12:02:30.000000000,BEST_ASK,"JPM,101649,97"
2019-06-28 12:02:30.000000000,BEST_BID,"JPM,100687,195"
2019-06-28 12:02:30.000000000,BEST_ASK,"JPM,101649,97"
2019-06-28 12:02:30.000000000,BEST_BID,"JPM,100687,195"
2019-06-28 12:02:30.000000000,BEST_ASK,"JPM,101649,97"
2019-06-28 12:02:30.000000000,BEST_BID,"JPM,100687,195"
2019-06-28 12:02:30.000000000,BEST_ASK,"JPM,101649,192"
2019-06-28 12:02:30.000000000,BEST_BID,"JPM,100687,195"
2019-06-28 12:02:30.000000000,BEST_ASK,"JPM,101649,192"
2019-06-28 12:02:30.000000000,BEST_BID,"JPM,100687,195"
2019-06-28 12:02:30.000000000,BEST_ASK,"JPM,101649,192"
2019-06-28 12:02:33.427711536,QUERY_SPREAD,37
2019-06-28 12:02:33.427711536,BEST_BID,"JPM,100687,195"
2019-06-28 12:02:33.427711536,BEST_ASK,"JPM,101469,100"
2019-06-28 12:02:40.000000000,QUERY_SPREAD,1
2019-06-28 12:02:40.000000000,BEST_BID,"JPM,100687,240"
2019-06-28 12:02:40.000000000,BEST_ASK,"JPM,101469,100"
2019-06-28 12:02:40.000000000,BEST_BID,"JPM,100687,240"
2019-06-28 12:02:40.000000000,BEST_ASK,"JPM,101469,100"
2019-06-28 12:02:40.000000000,BEST_BID,"JPM,100687,240"
2019-06-28 12:02:40.000000000,BEST_ASK,"JPM,101469,240"
2019-06-28 12:02:40.000000000,BEST_BID,"JPM,100687,240"
2019-06-28 12:02:40.000000000,BEST_ASK,"JPM,101469,240"
2019-06-28 12:02:50.000000000,QUERY_SPREAD,1
2019-06-28 12:02:50.000000000,BEST_BID,"JPM,100687,170"
2019-06-28 12:02:50.000000000,BEST_ASK,"JPM,101469,100"
2019-06-28 12:02:50.000000000,BEST_BID,"JPM,100687,170"
2019-06-28 12:02:50.000000000,BEST_ASK,"JPM,101469,100"
2019-06-28 12:02:50.000000000,BEST_BID,"JPM,100687,170"
2019-06-28 12:02:50.000000000,BEST_ASK,"JPM,101469,100"
2019-06-28 12:02:50.000000000,BEST_BID,"JPM,100687,170"
2019-06-28 12:02:50.000000000,BEST_ASK,"JPM,101469,100"
2019-06-28 12:02:50.000000000,BEST_BID,"JPM,100687,170"
2019-06-28 12:02:50.000000000,BEST_ASK,"JPM,101469,170"
2019-06-28 12:02:50.000000000,BEST_BID,"JPM,100687,170"
2019-06-28 12:02:50.000000000,BEST_ASK,"JPM,101469,170"
2019-06-28 12:02:50.000000000,BEST_BID,"JPM,100687,170"
2019-06-28 12:02:50.000000000,BEST_ASK,"JPM,101469,170"
2019-06-28 12:02:50.000000000,BEST_BID,"JPM,100687,170"
2019-06-28 12:02:50.000000000,BEST_ASK,"JPM,101469,170"
2019-06-28 12:03:00.000000000,QUERY_SPREAD,1
2019-06-28 12:03:00.000000000,BEST_BID,"JPM,100687,170"
2019-06-28 12:03:00.000000000,BEST_ASK,"JPM,101469,100"
2019-06-28 12:03:00.000000000,BEST_BID,"JPM,100687,170"
2019-06-28 12:03:00.000000000,BEST_ASK,"JPM,101469,100"
2019-06-28 12:03:00.000000000,BEST_BID,"JPM,100687,170"
2019-06-28 12:03:00.000000000,BEST_ASK,"JPM,101469,100"
2019-06-28 12:03:00.000000000,BEST_BID,"JPM,100687,170"
2019-06-28 12:03:00.000000000,BEST_ASK,"JPM,101469,100"
2019-06-28 12:03:00.000000000,BEST_BID,"JPM,100687,170"
2019-06-28 12:03:00.000000000,BEST_ASK,"JPM,101469,170"
2019-06-28 12:03:00.000000000,BEST_BID,"JPM,100687,170"
2019-06-28 12:03:00.000000000,BEST_ASK,"JPM,101469,170"
2019-06-28 12:03:00.000000000,BEST_BID,"JPM,100687,170"
2019-06-28 12:03:00.000000000,BEST_ASK,"JPM,101469,170"
2019-06-28 12:03:00.000000000,BEST_BID,"JPM,100687,170"
2019-06-28 12:03:00.000000000,BEST_ASK,"JPM,101469,170"
2019-06-28 12:03:00.000000000,QUERY_SPREAD,77
2019-06-28 12:03:00.000000000,BEST_BID,"JPM,100687,170"
2019-06-28 12:03:00.000000000,BEST_ASK,"JPM,101469,169"
2019-06-28 12:03:00.000000000,LAST_TRADE,"1,$101469.0000"
2019-06-28 12:03:00.000000000,QUERY_SPREAD,78
2019-06-28 12:03:00.000000000,BEST_BID,"JPM,100687,170"
2019-06-28 12:03:00.000000000,BEST_ASK,"JPM,101469,165"
2019-06-28 12:03:00.000000000,LAST_TRADE,"4,$101469.0000"
2019-06-28 12:03:00.000000000,QUERY_SPREAD,79
2019-06-28 12:03:00.000000000,BEST_BID,"JPM,100687,170"
2019-06-28 12:03:00.000000000,BEST_ASK,"JPM,101469,159"
2019-06-28 12:03:00.000000000,LAST_TRADE,"6,$101469.0000"
2019-06-28 12:03:00.000000000,QUERY_SPREAD,80
2019-06-28 12:03:00.000000000,BEST_BID,"JPM,100687,170"
2019-06-28 12:03:00.000000000,BEST_ASK,"JPM,101469,154"
2019-06-28 12:03:00.000000000,LAST_TRADE,"5,$101469.0000"
2019-06-28 12:03:00.000000000,QUERY_SPREAD,81
2019-06-28 12:03:00.000000000,BEST_BID,"JPM,100687,170"
2019-06-28 12:03:00.000000000,BEST_ASK,"JPM,101469,146"
2019-06-28 12:03:00.000000000,LAST_TRADE,"8,$101469.0000"
2019-06-28 12:03:00.000000000,QUERY_SPREAD,82
2019-06-28 12:03:00.000000000,BEST_BID,"JPM,100687,170"
2019-06-28 12:03:00.000000000,BEST_ASK,"JPM,101469,138"
2019-06-28 12:03:00.000000000,LAST_TRADE,"8,$101469.0000"
2019-06-28 12:03:00.000000000,QUERY_SPREAD,83
2019-06-28 12:03:00.000000000,BEST_BID,"JPM,100687,170"
2019-06-28 12:03:00.000000000,BEST_ASK,"JPM,101469,136"
2019-06-28 12:03:00.000000000,LAST_TRADE,"2,$101469.0000"
2019-06-28 12:03:00.000000000,QUERY_SPREAD,84
2019-06-28 12:03:00.000000000,BEST_BID,"JPM,100687,170"
2019-06-28 12:03:00.000000000,BEST_ASK,"JPM,101469,135"
2019-06-28 12:03:00.000000000,LAST_TRADE,"1,$101469.0000"
2019-06-28 12:03:00.000000000,QUERY_SPREAD,85
2019-06-28 12:03:00.000000000,BEST_BID,"JPM,100687,170"
2019-06-28 12:03:00.000000000,BEST_ASK,"JPM,101469,134"
2019-06-28 12:03:00.000000000,LAST_TRADE,"1,$101469.0000"
2019-06-28 12:03:00.000000000,QUERY_SPREAD,86
2019-06-28 12:03:00.000000000,BEST_BID,"JPM,100687,170"
2019-06-28 12:03:00.000000000,BEST_ASK,"JPM,101469,128"
2019-06-28 12:03:00.000000000,LAST_TRADE,"6,$101469.0000"
2019-06-28 12:03:00.000000000,QUERY_SPREAD,87
2019-06-28 12:03:00.000000000,BEST_BID,"JPM,100687,170"
2019-06-28 12:03:00.000000000,BEST_ASK,"JPM,101469,125"
2019-06-28 12:03:00.000000000,LAST_TRADE,"3,$101469.0000"
2019-06-28 12:03:00.000000000,QUERY_SPREAD,88
2019-06-28 12:03:00.000000000,BEST_BID,"JPM,100687,170"
2019-06-28 12:03:00.000000000,BEST_ASK,"JPM,101469,121"
2019-06-28 12:03:00.000000000,LAST_TRADE,"4,$101469.0000"
2019-06-28 12:03:00.000000000,QUERY_SPREAD,89
2019-06-28 12:03:00.000000000,BEST_BID,"JPM,100687,170"
2019-06-28 12:03:00.000000000,BEST_ASK,"JPM,101469,117"
2019-06-28 12:03:00.000000000,LAST_TRADE,"4,$101469.0000"
2019-06-28 12:03:00.000000000,QUERY_SPREAD,90
2019-06-28 12:03:00.000000000,BEST_BID,"JPM,100687,170"
2019-06-28 12:03:00.000000000,BEST_ASK,"JPM,101469,110"
2019-06-28 12:03:00.000000000,LAST_TRADE,"7,$101469.0000"
2019-06-28 12:03:00.000000000,QUERY_SPREAD,91
2019-06-28 12:03:00.000000000,BEST_BID,"JPM,100687,170"
2019-06-28 12:03:00.000000000,BEST_ASK,"JPM,101469,102"
2019-06-28 12:03:00.000000000,LAST_TRADE,"8,$101469.0000"
2019-06-28 12:03:00.000000000,QUERY_SPREAD,92
2019-06-28 12:03:00.000000000,BEST_BID,"JPM,100687,170"
2019-06-28 12:03:00.000000000,BEST_ASK,"JPM,101469,97"
2019-06-28 12:03:00.000000000,LAST_TRADE,"5,$101469.0000"
2019-06-28 12:03:00.000000000,QUERY_SPREAD,93
2019-06-28 12:03:00.000000000,BEST_BID,"JPM,100687,170"
2019-06-28 12:03:00.000000000,BEST_ASK,"JPM,101469,94"
2019-06-28 12:03:00.000000000,LAST_TRADE,"3,$101469.0000"
2019-06-28 12:03:00.000000000,QUERY_SPREAD,94
2019-06-28 12:03:00.000000000,BEST_BID,"JPM,100687,170"
2019-06-28 12:03:00.000000000,BEST_ASK,"JPM,101469,90"
2019-06-28 12:03:00.000000000,LAST_TRADE,"4,$101469.0000"
2019-06-28 12:03:00.000000000,QUERY_SPREAD,95
2019-06-28 12:03:00.000000000,BEST_BID,"JPM,100687,170"
2019-06-28 12:03:00.000000000,BEST_ASK,"JPM,101469,85"
2019-06-28 12:03:00.000000000,LAST_TRADE,"5,$101469.0000"
2019-06-28 12:03:00.000000000,QUERY_SPREAD,96
2019-06-28 12:03:00.000000000,BEST_BID,"JPM,100687,170"
2019-06-28 12:03:00.000000000,BEST_ASK,"JPM,101469,84"
2019-06-28 12:03:00.000000000,LAST_TRADE,"1,$101469.0000"
2019-06-28 12:03:00.000000000,QUERY_SPREAD,97
2019-06-28 12:03:00.000000000,BEST_BID,"JPM,100687,170"
2019-06-28 12:03:00.000000000,BEST_ASK,"JPM,101469,77"
2019-06-28 12:03:00.000000000,LAST_TRADE,"7,$101469.0000"
2019-06-28 12:03:00.000000000,QUERY_SPREAD,98
2019-06-28 12:03:00.000000000,BEST_BID,"JPM,100687,170"
2019-06-28 12:03:00.000000000,BEST_ASK,"JPM,101469,71"
2019-06-28 12:03:00.000000000,LAST_TRADE,"6,$101469.0000"
2019-06-28 12:03:00.000000000,QUERY_SPREAD,99
2019-06-28 12:03:00.000000000,BEST_BID,"JPM,100687,170"
2019-06-28 12:03:00.000000000,BEST_ASK,"JPM,101469,66"
2019-06-28 12:03:00.000000000,LAST_TRADE,"5,$101469.0000"
2019-06-28 12:03:00.000000000,QUERY_SPREAD,100
2019-06-28 12:03:00.000000000,BEST_BID,"JPM,100687,170"
2019-06-28 12:03:00.000000000,BEST_ASK,"JPM,101469,59"
2019-06-28 12:03:00.000000000,LAST_TRADE,"7,$101469.0000"
2019-06-28 12:03:00.000000000,QUERY_SPREAD,101
2019-06-28 12:03:00.000000000,QUERY_ORDER_STREAM,101
2019-06-28 12:03:07.669160653,QUERY_SPREAD,48
2019-06-28 12:03:07.669160653,BEST_BID,"JPM,100687,170"
2019-06-28 12:03:07.669160653,BEST_ASK,"JPM,101469,59"
2019-06-28 12:03:10.000000000,QUERY_SPREAD,1
2019-06-28 12:03:10.000000000,BEST_BID,"JPM,100687,240"
2019-06-28 12:03:10.000000000,BEST_ASK,"JPM,101650,1"
2019-06-28 12:03:10.000000000,BEST_BID,"JPM,100687,240"
2019-06-28 12:03:10.000000000,BEST_ASK,"JPM,101650,1"
2019-06-28 12:03:10.000000000,BEST_BID,"JPM,100687,240"
2019-06-28 12:03:10.000000000,BEST_ASK,"JPM,101650,141"
2019-06-28 12:03:10.000000000,BEST_BID,"JPM,100687,240"
2019-06-28 12:03:10.000000000,BEST_ASK,"JPM,101650,141"
2019-06-28 12:03:20.000000000,QUERY_SPREAD,1
2019-06-28 12:03:20.000000000,BEST_BID,"JPM,100687,195"
2019-06-28 12:03:20.000000000,BEST_ASK,"JPM,101650,1"
2019-06-28 12:03:20.000000000,BEST_BID,"JPM,100687,195"
2019-06-28 12:03:20.000000000,BEST_ASK,"JPM,101650,1"
2019-06-28 12:03:20.000000000,BEST_BID,"JPM,100687,195"
2019-06-28 12:03:20.000000000,BEST_ASK,"JPM,101650,1"
2019-06-28 12:03:20.000000000,BEST_BID,"JPM,100687,195"
2019-06-28 12:03:20.000000000,BEST_ASK,"JPM,101650,96"
2019-06-28 12:03:20.000000000,BEST_BID,"JPM,100687,195"
2019-06-28 12:03:20.000000000,BEST_ASK,"JPM,101650,96"
2019-06-28 12:03:20.000000000,BEST_BID,"JPM,100687,195"
2019-06-28 12:03:20.000000000,BEST_ASK,"JPM,101650,96"
2019-06-28 12:03:24.384020148,QUERY_SPREAD,12
2019-06-28 12:03:24.384020148,BEST_BID,"JPM,100687,195"
2019-06-28 12:03:24.384020148,BEST_ASK,"JPM,101055,100"
2019-06-28 12:03:27.911387696,QUERY_ORDER_STREAM,62
2019-06-28 12:03:27.911387696,QUERY_SPREAD,62
2019-06-28 12:03:27.911387696,BEST_BID,"JPM,100687,195"
2019-06-28 12:03:27.911387696,BEST_ASK,"JPM,101055,100"
2019-06-28 12:03:30.000000000,QUERY_SPREAD,1
2019-06-28 12:03:30.000000000,BEST_BID,"JPM,100687,195"
2019-06-28 12:03:30.000000000,BEST_ASK,"JPM,101055,100"
2019-06-28 12:03:30.000000000,BEST_BID,"JPM,100687,195"
2019-06-28 12:03:30.000000000,BEST_ASK,"JPM,101055,100"
2019-06-28 12:03:30.000000000,BEST_BID,"JPM,100687,195"
2019-06-28 12:03:30.000000000,BEST_ASK,"JPM,101055,100"
2019-06-28 12:03:30.000000000,BEST_BID,"JPM,100687,195"
2019-06-28 12:03:30.000000000,BEST_ASK,"JPM,101055,195"
2019-06-28 12:03:30.000000000,BEST_BID,"JPM,100687,195"
2019-06-28 12:03:30.000000000,BEST_ASK,"JPM,101055,195"
2019-06-28 12:03:30.000000000,BEST_BID,"JPM,100687,195"
2019-06-28 12:03:30.000000000,BEST_ASK,"JPM,101055,195"
2019-06-28 12:03:40.000000000,QUERY_SPREAD,1
2019-06-28 12:03:40.000000000,BEST_BID,"JPM,100687,170"
2019-06-28 12:03:40.000000000,BEST_ASK,"JPM,101055,100"
2019-06-28 12:03:40.000000000,BEST_BID,"JPM,100687,170"
2019-06-28 12:03:40.000000000,BEST_ASK,"JPM,101055,100"
2019-06-28 12:03:40.000000000,BEST_BID,"JPM,100687,170"
2019-06-28 12:03:40.000000000,BEST_ASK,"JPM,101055,100"
2019-06-28 12:03:40.000000000,BEST_BID,"JPM,100687,170"
2019-06-28 12:03:40.000000000,BEST_ASK,"JPM,101055,100"
2019-06-28 12:03:40.000000000,BEST_BID,"JPM,100687,170"
2019-06-28 12:03:40.000000000,BEST_ASK,"JPM,101055,170"
2019-06-28 12:03:40.000000000,BEST_BID,"JPM,100687,170"
2019-06-28 12:03:40.000000000,BEST_ASK,"JPM,101055,170"
2019-06-28 12:03:40.000000000,BEST_BID,"JPM,100687,170"
2019-06-28 12:03:40.000000000,BEST_ASK,"JPM,101055,170"
2019-06-28 12:03:40.000000000,BEST_BID,"JPM,100687,170"
2019-06-28 12:03:40.000000000,BEST_ASK,"JPM,101055,170"
2019-06-28 12:03:50.000000000,QUERY_SPREAD,1
2019-06-28 12:03:50.000000000,BEST_BID,"JPM,100687,380"
2019-06-28 12:03:50.000000000,BEST_ASK,"JPM,101055,100"
2019-06-28 12:03:50.000000000,BEST_BID,"JPM,100687,380"
2019-06-28 12:03:50.000000000,BEST_ASK,"JPM,101055,380"
2019-06-28 12:04:00.000000000,QUERY_SPREAD,1
2019-06-28 12:04:00.000000000,BEST_BID,"JPM,100687,195"
2019-06-28 12:04:00.000000000,BEST_ASK,"JPM,101055,100"
2019-06-28 12:04:00.000000000,BEST_BID,"JPM,100687,195"
2019-06-28 12:04:00.000000000,BEST_ASK,"JPM,101055,100"
2019-06-28 12:04:00.000000000,BEST_BID,"JPM,100687,195"
2019-06-28 12:04:00.000000000,BEST_ASK,"JPM,101055,100"
2019-06-28 12:04:00.000000000,BEST_BID,"JPM,100687,195"
2019-06-28 12:04:00.000000000,BEST_ASK,"JPM,101055,195"
2019-06-28 12:04:00.000000000,BEST_BID,"JPM,100687,195"
2019-06-28 12:04:00.000000000,BEST_ASK,"JPM,101055,195"
2019-06-28 12:04:00.000000000,BEST_BID,"JPM,100687,195"
2019-06-28 12:04:00.000000000,BEST_ASK,"JPM,101055,195"
2019-06-28 12:04:00.000000000,QUERY_SPREAD,77
2019-06-28 12:04:00.000000000,BEST_BID,"JPM,100687,195"
2019-06-28 12:04:00.000000000,BEST_ASK,"JPM,101055,194"
2019-06-28 12:04:00.000000000,LAST_TRADE,"1,$101055.0000"
2019-06-28 12:04:00.000000000,QUERY_SPREAD,78
2019-06-28 12:04:00.000000000,BEST_BID,"JPM,100687,195"
2019-06-28 12:04:00.000000000,BEST_ASK,"JPM,101055,190"
2019-06-28 12:04:00.000000000,LAST_TRADE,"4,$101055.0000"
2019-06-28 12:04:00.000000000,QUERY_SPREAD,79
2019-06-28 12:04:00.000000000,BEST_BID,"JPM,100687,195"
2019-06-28 12:04:00.000000000,BEST_ASK,"JPM,101055,184"
2019-06-28 12:04:00.000000000,LAST_TRADE,"6,$101055.0000"
2019-06-28 12:04:00.000000000,QUERY_SPREAD,80
2019-06-28 12:04:00.000000000,BEST_BID,"JPM,100687,195"
2019-06-28 12:04:00.000000000,BEST_ASK,"JPM,101055,179"
2019-06-28 12:04:00.000000000,LAST_TRADE,"5,$101055.0000"
2019-06-28 12:04:00.000000000,QUERY_SPREAD,81
2019-06-28 12:04:00.000000000,BEST_BID,"JPM,100687,195"
2019-06-28 12:04:00.000000000,BEST_ASK,"JPM,101055,171"
2019-06-28 12:04:00.000000000,LAST_TRADE,"8,$101055.0000"
2019-06-28 12:04:00.000000000,QUERY_SPREAD,82
2019-06-28 12:04:00.000000000,BEST_BID,"JPM,100687,195"
2019-06-28 12:04:00.000000000,BEST_ASK,"JPM,101055,163"
2019-06-28 12:04:00.000000000,LAST_TRADE,"8,$101055.0000"
2019-06-28 12:04:00.000000000,QUERY_SPREAD,83
2019-06-28 12:04:00.000000000,BEST_BID,"JPM,100687,195"
2019-06-28 12:04:00.000000000,BEST_ASK,"JPM,101055,161"
2019-06-28 12:04:00.000000000,LAST_TRADE,"2,$101055.0000"
2019-06-28 12:04:00.000000000,QUERY_SPREAD,84
2019-06-28 12:04:00.000000000,BEST_BID,"JPM,100687,195"
2019-06-28 12:04:00.000000000,BEST_ASK,"JPM,101055,160"
2019-06-28 12:04:00.000000000,LAST_TRADE,"1,$101055.0000"
2019-06-28 12:04:00.000000000,QUERY_SPREAD,85
2019-06-28 12:04:00.000000000,BEST_BID,"JPM,100687,195"
2019-06-28 12:04:00.000000000,BEST_ASK,"JPM,101055,159"
2019-06-28 12:04:00.000000000,LAST_TRADE,"1,$101055.0000"
2019-06-28 12:04:00.000000000,QUERY_SPREAD,86
2019-06-28 12:04:00.000000000,BEST_BID,"JPM,100687,195"
2019-06-28 12:04:00.000000000,BEST_ASK,"JPM,101055,153"
2019-06-28 12:04:00.000000000,LAST_TRADE,"6,$101055.0000"
2019-06-28 12:04:00.000000000,QUERY_SPREAD,87
2019-06-28 12:04:00.000000000,BEST_BID,"JPM,100687,195"
2019-06-28 12:04:00.000000000,BEST_ASK,"JPM,101055,150"
2019-06-28 12:04:00.000000000,LAST_TRADE,"3,$101055.0000"
2019-06-28 12:04:00.000000000,QUERY_SPREAD,88
2019-06-28 12:04:00.000000000,BEST_BID,"JPM,100687,195"
2019-06-28 12:04:00.000000000,BEST_ASK,"JPM,101055,146"
2019-06-28 12:04:00.000000000,LAST_TRADE,"4,$101055.0000"
2019-06-28 12:04:00.000000000,QUERY_SPREAD,89
2019-06-28 12:04:00.000000000,BEST_BID,"JPM,100687,195"
2019-06-28 12:04:00.000000000,BEST_ASK,"JPM,101055,142"
2019-06-28 12:04:00.000000000,LAST_TRADE,"4,$101055.0000"
2019-06-28 12:04:00.000000000,QUERY_SPREAD,90
2019-06-28 12:04:00.000000000,BEST_BID,"JPM,100687,195"
2019-06-28 12:04:00.000000000,BEST_ASK,"JPM,101055,135"
2019-06-28 12:04:00.000000000,LAST_TRADE,"7,$101055.0000"
2019-06-28 12:04:00.000000000,QUERY_SPREAD,91
2019-06-28 12:04:00.000000000,BEST_BID,"JPM,100687,195"
2019-06-28 12:04:00.000000000,BEST_ASK,"JPM,101055,127"
2019-06-28 12:04:00.000000000,LAST_TRADE,"8,$101055.0000"
2019-06-28 12:04:00.000000000,QUERY_SPREAD,92
2019-06-28 12:04:00.000000000,BEST_BID,"JPM,100687,195"
2019-06-28 12:04:00.000000000,BEST_ASK,"JPM,101055,122"
2019-06-28 12:04:00.000000000,LAST_TRADE,"5,$101055.0000"
2019-06-28 12:04:00.000000000,QUERY_SPREAD,93
2019-06-28 12:04:00.000000000,BEST_BID,"JPM,100687,195"
2019-06-28 12:04:00.000000000,BEST_ASK,"JPM,101055,119"
2019-06-28 12:04:00.000000000,LAST_TRADE,"3,$101055.0000"
2019-06-28 12:04:00.000000000,QUERY_SPREAD,94
2019-06-28 12:04:00.000000000,BEST_BID,"JPM,100687,195"
2019-06-28 12:04:00.000000000,BEST_ASK,"JPM,101055,115"
2019-06-28 12:04:00.000000000,LAST_TRADE,"4,$101055.0000"
2019-06-28 12:04:00.000000000,QUERY_SPREAD,95
2019-06-28 12:04:00.000000000,BEST_BID,"JPM,100687,195"
2019-06-28 12:04:00.000000000,BEST_ASK,"JPM,101055,110"
2019-06-28 12:04:00.000000000,LAST_TRADE,"5,$101055.0000"
2019-06-28 12:04:00.000000000,QUERY_SPREAD,96
2019-06-28 12:04:00.000000000,BEST_BID,"JPM,100687,195"
2019-06-28 12:04:00.000000000,BEST_ASK,"JPM,101055,109"
2019-06-28 12:04:00.000000000,LAST_TRADE,"1,$101055.0000"
2019-06-28 12:04:00.000000000,QUERY_SPREAD,97
2019-06-28 12:04:00.000000000,BEST_BID,"JPM,100687,195"
2019-06-28 12:04:00.000000000,BEST_ASK,"JPM,101055,102"
2019-06-28 12:04:00.000000000,LAST_TRADE,"7,$101055.0000"
2019-06-28 12:04:00.000000000,QUERY_SPREAD,98
2019-06-28 12:04:00.000000000,BEST_BID,"JPM,100687,195"
2019-06-28 12:04:00.000000000,BEST_ASK,"JPM,101055,96"
2019-06-28 12:04:00.000000000,LAST_TRADE,"6,$101055.0000"
2019-06-28 12:04:00.000000000,QUERY_SPREAD,99
2019-06-28 12:04:00.000000000,BEST_BID,"JPM,100687,195"
2019-06-28 12:04:00.000000000,BEST_ASK,"JPM,101055,91"
2019-06-28 12:04:00.000000000,LAST_TRADE,"5,$101055.0000"
2019-06-28 12:04:00.000000000,QUERY_SPREAD,100
2019-06-28 12:04:00.000000000,BEST_BID,"JPM,100687,195"
2019-06-28 12:04:00.000000000,BEST_ASK,"JPM,101055,84"
2019-06-28 12:04:00.000000000,LAST_TRADE,"7,$101055.0000"
2019-06-28 12:04:00.000000000,QUERY_SPREAD,101
2019-06-28 12:04:00.000000000,QUERY_ORDER_STREAM,101
2019-06-28 12:04:10.000000000,QUERY_SPREAD,1
2019-06-28 12:04:10.000000000,BEST_BID,"JPM,100687,240"
2019-06-28 12:04:10.000000000,BEST_ASK,"JPM,101469,100"
2019-06-28 12:04:10.000000000,BEST_BID,"JPM,100687,240"
2019-06-28 12:04:10.000000000,BEST_ASK,"JPM,101469,100"
2019-06-28 12:04:10.000000000,BEST_BID,"JPM,100687,240"
2019-06-28 12:04:10.000000000,BEST_ASK,"JPM,101469,240"
2019-06-28 12:04:10.000000000,BEST_BID,"JPM,100687,240"
2019-06-28 12:04:10.000000000,BEST_ASK,"JPM,101469,240"
2019-06-28 12:04:20.000000000,QUERY_SPREAD,1
2019-06-28 12:04:20.000000000,BEST_BID,"JPM,100687,195"
2019-06-28 12:04:20.000000000,BEST_ASK,"JPM,101469,100"
2019-06-28 12:04:20.000000000,BEST_BID,"JPM,100687,195"
2019-06-28 12:04:20.000000000,BEST_ASK,"JPM,101469,100"
2019-06-28 12:04:20.000000000,BEST_BID,"JPM,100687,195"
2019-06-28 12:04:20.000000000,BEST_ASK,"JPM,101469,100"
2019-06-28 12:04:20.000000000,BEST_BID,"JPM,100687,195"
2019-06-28 12:04:20.000000000,BEST_ASK,"JPM,101469,195"
2019-06-28 12:04:20.000000000,BEST_BID,"JPM,100687,195"
2019-06-28 12:04:20.000000000,BEST_ASK,"JPM,101469,195"
2019-06-28 12:04:20.000000000,BEST_BID,"JPM,100687,195"
2019-06-28 12:04:20.000000000,BEST_ASK,"JPM,101469,195"
2019-06-28 12:04:24.610601272,QUERY_SPREAD,49
2019-06-28 12:04:24.610601272,BEST_BID,"JPM,100687,95"
2019-06-28 12:04:24.610601272,BEST_ASK,"JPM,101469,195"
2019-06-28 12:04:24.610601272,LAST_TRADE,"100,$100687.0000"
2019-06-28 12:04:30.000000000,QUERY_SPREAD,1
2019-06-28 12:04:30.000000000,BEST_BID,"JPM,100675,240"
2019-06-28 12:04:30.000000000,BEST_ASK,"JPM,101469,100"
2019-06-28 12:04:30.000000000,BEST_BID,"JPM,100675,240"
2019-06-28 12:04:30.000000000,BEST_ASK,"JPM,101469,100"
2019-06-28 12:04:30.000000000,BEST_BID,"JPM,100675,240"
2019-06-28 12:04:30.000000000,BEST_ASK,"JPM,101469,240"
2019-06-28 12:04:30.000000000,BEST_BID,"JPM,100675,240"
2019-06-28 12:04:30.000000000,BEST_ASK,"JPM,101469,240"
2019-06-28 12:04:34.082741051,QUERY_SPREAD,48
2019-06-28 12:04:34.082741051,BEST_BID,"JPM,100675,240"
2019-06-28 12:04:34.082741051,BEST_ASK,"JPM,101469,240"
2019-06-28 12:04:40.000000000,QUERY_SPREAD,1
2019-06-28 12:04:40.000000000,BEST_BID,"JPM,100675,170"
2019-06-28 12:04:40.000000000,BEST_ASK,"JPM,101469,100"
2019-06-28 12:04:40.000000000,BEST_BID,"JPM,100675,170"
2019-06-28 12:04:40.000000000,BEST_ASK,"JPM,101469,100"
2019-06-28 12:04:40.000000000,BEST_BID,"JPM,100675,170"
2019-06-28 12:04:40.000000000,BEST_ASK,"JPM,101469,100"
2019-06-28 12:04:40.000000000,BEST_BID,"JPM,100675,170"
2019-06-28 12:04:40.000000000,BEST_ASK,"JPM,101469,100"
2019-06-28 12:04:40.000000000,BEST_BID,"JPM,100675,170"
2019-06-28 12:04:40.000000000,BEST_ASK,"JPM,101469,170"
2019-06-28 12:04:40.000000000,BEST_BID,"JPM,100675,170"
2019-06-28 12:04:40.000000000,BEST_ASK,"JPM,101469,170"
2019-06-28 12:04:40.000000000,BEST_BID,"JPM,100675,170"
2019-06-28 12:04:40.000000000,BEST_ASK,"JPM,101469,170"
2019-06-28 12:04:40.000000000,BEST_BID,"JPM,100675,170"
2019-06-28 12:04:40.000000000,BEST_ASK,"JPM,101469,170"
2019-06-28 12:04:41.480249349,QUERY_SPREAD,16
2019-06-28 12:04:41.480249349,BEST_BID,"JPM,100675,170"
2019-06-28 12:04:41.480249349,BEST_ASK,"JPM,101469,170"
2019-06-28 12:04:44.363078730,QUERY_SPREAD,50
2019-06-28 12:04:44.363078730,BEST_BID,"JPM,100675,70"
2019-06-28 12:04:44.363078730,BEST_ASK,"JPM,101469,170"
2019-06-28 12:04:44.363078730,LAST_TRADE,"100,$100675.0000"
2019-06-28 12:04:49.709188305,QUERY_SPREAD,26
2019-06-28 12:04:49.709188305,BEST_BID,"JPM,100675,70"
2019-06-28 12:04:49.709188305,BEST_ASK,"JPM,101469,170"
2019-06-28 12:04:50.000000000,QUERY_SPREAD,1
2019-06-28 12:04:50.000000000,BEST_BID,"JPM,100521,195"
2019-06-28 12:04:50.000000000,BEST_ASK,"JPM,101469,100"
2019-06-28 12:04:50.000000000,BEST_BID,"JPM,100521,195"
2019-06-28 12:04:50.000000000,BEST_ASK,"JPM,101469,100"
2019-06-28 12:04:50.000000000,BEST_BID,"JPM,100521,195"
2019-06-28 12:04:50.000000000,BEST_ASK,"JPM,101469,100"
2019-06-28 12:04:50.000000000,BEST_BID,"JPM,100521,195"
2019-06-28 12:04:50.000000000,BEST_ASK,"JPM,101469,195"
2019-06-28 12:04:50.000000000,BEST_BID,"JPM,100521,195"
2019-06-28 12:04:50.000000000,BEST_ASK,"JPM,101469,195"
2019-06-28 12:04:50.000000000,BEST_BID,"JPM,100521,195"
2019-06-28 12:04:50.000000000,BEST_ASK,"JPM,101469,195"
2019-06-28 12:04:51.437764343,QUERY_SPREAD,23
2019-06-28 12:04:51.437764343,BEST_BID,"JPM,100521,95"
2019-06-28 12:04:51.437764343,BEST_ASK,"JPM,101469,195"
2019-06-28 12:04:51.437764343,LAST_TRADE,"100,$100521.0000"
2019-06-28 12:04:57.575602971,QUERY_ORDER_STREAM,54
2019-06-28 12:04:57.575602971,QUERY_SPREAD,54
2019-06-28 12:05:00.000000000,QUERY_SPREAD,1
2019-06-28 12:05:00.000000000,BEST_BID,"JPM,100468,380"
2019-06-28 12:05:00.000000000,BEST_ASK,"JPM,101469,100"
2019-06-28 12:05:00.000000000,BEST_BID,"JPM,100468,380"
2019-06-28 12:05:00.000000000,BEST_ASK,"JPM,101469,380"
2019-06-28 12:05:00.000000000,QUERY_SPREAD,77
2019-06-28 12:05:00.000000000,BEST_BID,"JPM,100468,380"
2019-06-28 12:05:00.000000000,BEST_ASK,"JPM,101469,379"
2019-06-28 12:05:00.000000000,LAST_TRADE,"1,$101469.0000"
2019-06-28 12:05:00.000000000,QUERY_SPREAD,78
2019-06-28 12:05:00.000000000,BEST_BID,"JPM,100468,380"
2019-06-28 12:05:00.000000000,BEST_ASK,"JPM,101469,375"
2019-06-28 12:05:00.000000000,LAST_TRADE,"4,$101469.0000"
2019-06-28 12:05:00.000000000,QUERY_SPREAD,79
2019-06-28 12:05:00.000000000,BEST_BID,"JPM,100468,380"
2019-06-28 12:05:00.000000000,BEST_ASK,"JPM,101469,369"
2019-06-28 12:05:00.000000000,LAST_TRADE,"6,$101469.0000"
2019-06-28 12:05:00.000000000,QUERY_SPREAD,80
2019-06-28 12:05:00.000000000,BEST_BID,"JPM,100468,380"
2019-06-28 12:05:00.000000000,BEST_ASK,"JPM,101469,364"
2019-06-28 12:05:00.000000000,LAST_TRADE,"5,$101469.0000"
2019-06-28 12:05:00.000000000,QUERY_SPREAD,81
2019-06-28 12:05:00.000000000,BEST_BID,"JPM,100468,380"
2019-06-28 12:05:00.000000000,BEST_ASK,"JPM,101469,356"
2019-06-28 12:05:00.000000000,LAST_TRADE,"8,$101469.0000"
2019-06-28 12:05:00.000000000,QUERY_SPREAD,82
2019-06-28 12:05:00.000000000,BEST_BID,"JPM,100468,380"
2019-06-28 12:05:00.000000000,BEST_ASK,"JPM,101469,348"
2019-06-28 12:05:00.000000000,LAST_TRADE,"8,$101469.0000"
2019-06-28 12:05:00.000000000,QUERY_SPREAD,83
2019-06-28 12:05:00.000000000,BEST_BID,"JPM,100468,380"
2019-06-28 12:05:00.000000000,BEST_ASK,"JPM,101469,346"
2019-06-28 12:05:00.000000000,LAST_TRADE,"2,$101469.0000"
2019-06-28 12:05:00.000000000,QUERY_SPREAD,84
2019-06-28 12:05:00.000000000,BEST_BID,"JPM,100468,380"
2019-06-28 12:05:00.000000000,BEST_ASK,"JPM,101469,345"
2019-06-28 12:05:00.000000000,LAST_TRADE,"1,$101469.0000"
2019-06-28 12:05:00.000000000,QUERY_SPREAD,85
2019-06-28 12:05:00.000000000,BEST_BID,"JPM,100468,380"
2019-06-28 12:05:00.000000000,BEST_ASK,"JPM,101469,344"
2019-06-28 12:05:00.000000000,LAST_TRADE,"1,$101469.0000"
2019-06-28 12:05:00.000000000,QUERY_SPREAD,86
2019-06-28 12:05:00.000000000,BEST_BID,"JPM,100468,380"
2019-06-28 12:05:00.000000000,BEST_ASK,"JPM,101469,338"
2019-06-28 12:05:00.000000000,LAST_TRADE,"6,$101469.0000"
2019-06-28 12:05:00.000000000,QUERY_SPREAD,87
2019-06-28 12:05:00.000000000,BEST_BID,"JPM,100468,380"
2019-06-28 12:05:00.000000000,BEST_ASK,"JPM,101469,335"
2019-06-28 12:05:00.000000000,LAST_TRADE,"3,$101469.0000"
2019-06-28 12:05:00.000000000,QUERY_SPREAD,88
2019-06-28 12:05:00.000000000,BEST_BID,"JPM,100468,380"
2019-06-28 12:05:00.000000000,BEST_ASK,"JPM,101469,331"
2019-06-28 12:05:00.000000000,LAST_TRADE,"4,$101469.0000"
2019-06-28 12:05:00.000000000,QUERY_SPREAD,89
2019-06-28 12:05:00.000000000,BEST_BID,"JPM,100468,380"
2019-06-28 12:05:00.000000000,BEST_ASK,"JPM,101469,327"
2019-06-28 12:05:00.000000000,LAST_TRADE,"4,$101469.0000"
2019-06-28 12:05:00.000000000,QUERY_SPREAD,90
2019-06-28 12:05:00.000000000,BEST_BID,"JPM,100468,380"
2019-06-28 12:05:00.000000000,BEST_ASK,"JPM,101469,320"
2019-06-28 12:05:00.000000000,LAST_TRADE,"7,$101469.0000"
2019-06-28 12:05:00.000000000,QUERY_SPREAD,91
2019-06-28 12:05:00.000000000,BEST_BID,"JPM,100468,380"
2019-06-28 12:05:00.000000000,BEST_ASK,"JPM,101469,312"
2019-06-28 12:05:00.000000000,LAST_TRADE,"8,$101469.0000"
2019-06-28 12:05:00.000000000,QUERY_SPREAD,92
2019-06-28 12:05:00.000000000,BEST_BID,"JPM,100468,380"
2019-06-28 12:05:00.000000000,BEST_ASK,"JPM,101469,307"
2019-06-28 12:05:00.000000000,LAST_TRADE,"5,$101469.0000"
2019-06-28 12:05:00.000000000,QUERY_SPREAD,93
2019-06-28 12:05:00.000000000,BEST_BID,"JPM,100468,380"
2019-06-28 12:05:00.000000000,BEST_ASK,"JPM,101469,304"
2019-06-28 12:05:00.000000000,LAST_TRADE,"3,$101469.0000"
2019-06-28 12:05:00.000000000,QUERY_SPREAD,94
2019-06-28 12:05:00.000000000,BEST_BID,"JPM,100468,380"
2019-06-28 12:05:00.000000000,BEST_ASK,"JPM,101469,300"
2019-06-28 12:05:00.000000000,LAST_TRADE,"4,$101469.0000"
2019-06-28 12:05:00.000000000,QUERY_SPREAD,95
2019-06-28 12:05:00.000000000,BEST_BID,"JPM,100468,380"
2019-06-28 12:05:00.000000000,BEST_ASK,"JPM,101469,295"
2019-06-28 12:05:00.000000000,LAST_TRADE,"5,$101469.0000"
2019-06-28 12:05:00.000000000,QUERY_SPREAD,96
2019-06-28 12:05:00.000000000,BEST_BID,"JPM,100468,380"
2019-06-28 12:05:00.000000000,BEST_ASK,"JPM,101469,294"
2019-06-28 12:05:00.000000000,LAST_TRADE,"1,$101469.0000"
2019-06-28 12:05:00.000000000,QUERY_SPREAD,97
2019-06-28 12:05:00.000000000,BEST_BID,"JPM,100468,380"
2019-06-28 12:05:00.000000000,BEST_ASK,"JPM,101469,287"
2019-06-28 12:05:00.000000000,LAST_TRADE,"7,$101469.0000"
2019-06-28 12:05:00.000000000,QUERY_SPREAD,98
2019-06-28 12:05:00.000000000,BEST_BID,"JPM,100468,380"
2019-06-28 12:05:00.000000000,BEST_ASK,"JPM,101469,281"
2019-06-28 12:05:00.000000000,LAST_TRADE,"6,$101469.0000"
2019-06-28 12:05:00.000000000,QUERY_SPREAD,99
2019-06-28 12:05:00.000000000,BEST_BID,"JPM,100468,380"
2019-06-28 12:05:00.000000000,BEST_ASK,"JPM,101469,276"
2019-06-28 12:05:00.000000000,LAST_TRADE,"5,$101469.0000"
2019-06-28 12:05:00.000000000,QUERY_SPREAD,100
2019-06-28 12:05:00.000000000,BEST_BID,"JPM,100468,380"
2019-06-28 12:05:00.000000000,BEST_ASK,"JPM,101469,269"
2019-06-28 12:05:00.000000000,LAST_TRADE,"7,$101469.0000"
2019-06-28 12:05:00.000000000,QUERY_SPREAD,101
2019-06-28 12:05:00.000000000,QUERY_ORDER_STREAM,101
2019-06-28 12:05:03.867665352,QUERY_SPREAD,5
2019-06-28 12:05:03.867665352,BEST_BID,"JPM,100468,280"
2019-06-28 12:05:03.867665352,BEST_ASK,"JPM,101469,269"
2019-06-28 12:05:03.867665352,LAST_TRADE,"100,$100468.0000"
2019-06-28 12:05:10.000000000,QUERY_SPREAD,1
2019-06-28 12:05:10.000000000,BEST_BID,"JPM,100258,380"
2019-06-28 12:05:10.000000000,BEST_ASK,"JPM,101650,1"
2019-06-28 12:05:10.000000000,BEST_BID,"JPM,100258,380"
2019-06-28 12:05:10.000000000,BEST_ASK,"JPM,101650,281"
2019-06-28 12:05:10.875354889,QUERY_SPREAD,22
2019-06-28 12:05:10.875354889,BEST_BID,"JPM,100272,100"
2019-06-28 12:05:10.875354889,BEST_ASK,"JPM,101650,281"
2019-06-28 12:05:16.099049485,QUERY_SPREAD,24
2019-06-28 12:05:16.099049485,BEST_BID,"JPM,100272,100"
2019-06-28 12:05:16.099049485,BEST_ASK,"JPM,100703,100"
2019-06-28 12:05:20.000000000,QUERY_SPREAD,1
2019-06-28 12:05:20.000000000,BEST_BID,"JPM,100272,380"
2019-06-28 12:05:20.000000000,BEST_ASK,"JPM,100703,100"
2019-06-28 12:05:20.000000000,BEST_BID,"JPM,100272,380"
2019-06-28 12:05:20.000000000,BEST_ASK,"JPM,100703,380"
2019-06-28 12:05:30.000000000,QUERY_SPREAD,1
2019-06-28 12:05:30.000000000,BEST_BID,"JPM,100272,156"
2019-06-28 12:05:30.000000000,BEST_ASK,"JPM,100703,100"
2019-06-28 12:05:30.000000000,BEST_BID,"JPM,100272,156"
2019-06-28 12:05:30.000000000,BEST_ASK,"JPM,100703,100"
2019-06-28 12:05:30.000000000,BEST_BID,"JPM,100272,156"
2019-06-28 12:05:30.000000000,BEST_ASK,"JPM,100703,100"
2019-06-28 12:05:30.000000000,BEST_BID,"JPM,100272,156"
2019-06-28 12:05:30.000000000,BEST_ASK,"JPM,100703,100"
2019-06-28 12:05:30.000000000,BEST_BID,"JPM,100272,156"
2019-06-28 12:05:30.000000000,BEST_ASK,"JPM,100703,100"
2019-06-28 12:05:30.000000000,BEST_BID,"JPM,100272,156"
2019-06-28 12:05:30.000000000,BEST_ASK,"JPM,100703,156"
2019-06-28 12:05:30.000000000,BEST_BID,"JPM,100272,156"
2019-06-28 12:05:30.000000000,BEST_ASK,"JPM,100703,156"
2019-06-28 12:05:30.000000000,BEST_BID,"JPM,100272,156"
2019-06-28 12:05:30.000000000,BEST_ASK,"JPM,100703,156"
2019-06-28 12:05:30.000000000,BEST_BID,"JPM,100272,156"
2019-06-28 12:05:30.000000000,BEST_ASK,"JPM,100703,156"
2019-06-28 12:05:30.000000000,BEST_BID,"JPM,100272,156"
2019-06-28 12:05:30.000000000,BEST_ASK,"JPM,100703,156"
2019-06-28 12:05:35.980250339,QUERY_SPREAD,39
2019-06-28 12:05:35.980250339,BEST_BID,"JPM,100272,156"
2019-06-28 12:05:35.980250339,BEST_ASK,"JPM,100292,100"
2019-06-28 12:05:40.000000000,QUERY_SPREAD,1
2019-06-28 12:05:40.000000000,BEST_BID,"JPM,100272,240"
2019-06-28 12:05:40.000000000,BEST_ASK,"JPM,100292,100"
2019-06-28 12:05:40.000000000,BEST_BID,"JPM,100272,240"
2019-06-28 12:05:40.000000000,BEST_ASK,"JPM,100292,100"
2019-06-28 12:05:40.000000000,BEST_BID,"JPM,100272,240"
2019-06-28 12:05:40.000000000,BEST_ASK,"JPM,100292,240"
2019-06-28 12:05:40.000000000,BEST_BID,"JPM,100272,240"
2019-06-28 12:05:40.000000000,BEST_ASK,"JPM,100292,240"
2019-06-28 12:05:50.000000000,QUERY_SPREAD,1
2019-06-28 12:05:50.000000000,BEST_BID,"JPM,100272,156"
2019-06-28 12:05:50.000000000,BEST_ASK,"JPM,100292,100"
2019-06-28 12:05:50.000000000,BEST_BID,"JPM,100272,156"
2019-06-28 12:05:50.000000000,BEST_ASK,"JPM,100292,100"
2019-06-28 12:05:50.000000000,BEST_BID,"JPM,100272,156"
2019-06-28 12:05:50.000000000,BEST_ASK,"JPM,100292,100"
2019-06-28 12:05:50.000000000,BEST_BID,"JPM,100272,156"
2019-06-28 12:05:50.000000000,BEST_ASK,"JPM,100292,100"
2019-06-28 12:05:50.000000000,BEST_BID,"JPM,100272,156"
2019-06-28 12:05:50.000000000,BEST_ASK,"JPM,100292,100"
2019-06-28 12:05:50.000000000,BEST_BID,"JPM,100272,156"
2019-06-28 12:05:50.000000000,BEST_ASK,"JPM,100292,156"
2019-06-28 12:05:50.000000000,BEST_BID,"JPM,100272,156"
2019-06-28 12:05:50.000000000,BEST_ASK,"JPM,100292,156"
2019-06-28 12:05:50.000000000,BEST_BID,"JPM,100272,156"
2019-06-28 12:05:50.000000000,BEST_ASK,"JPM,100292,156"
2019-06-28 12:05:50.000000000,BEST_BID,"JPM,100272,156"
2019-06-28 12:05:50.000000000,BEST_ASK,"JPM,100292,156"
2019-06-28 12:05:50.000000000,BEST_BID,"JPM,100272,156"
2019-06-28 12:05:50.000000000,BEST_ASK,"JPM,100292,156"
2019-06-28 12:06:00.000000000,QUERY_SPREAD,1
2019-06-28 12:06:00.000000000,BEST_BID,"JPM,100272,380"
2019-06-28 12:06:00.000000000,BEST_ASK,"JPM,100292,100"
2019-06-28 12:06:00.000000000,BEST_BID,"JPM,100272,380"
2019-06-28 12:06:00.000000000,BEST_ASK,"JPM,100292,380"
2019-06-28 12:06:00.000000000,QUERY_SPREAD,77
2019-06-28 12:06:00.000000000,BEST_BID,"JPM,100272,380"
2019-06-28 12:06:00.000000000,BEST_ASK,"JPM,100292,379"
2019-06-28 12:06:00.000000000,LAST_TRADE,"1,$100292.0000"
2019-06-28 12:06:00.000000000,QUERY_SPREAD,78
2019-06-28 12:06:00.000000000,BEST_BID,"JPM,100272,380"
2019-06-28 12:06:00.000000000,BEST_ASK,"JPM,100292,375"
2019-06-28 12:06:00.000000000,LAST_TRADE,"4,$100292.0000"
2019-06-28 12:06:00.000000000,QUERY_SPREAD,79
2019-06-28 12:06:00.000000000,BEST_BID,"JPM,100272,380"
2019-06-28 12:06:00.000000000,BEST_ASK,"JPM,100292,369"
2019-06-28 12:06:00.000000000,LAST_TRADE,"6,$100292.0000"
2019-06-28 12:06:00.000000000,QUERY_SPREAD,80
2019-06-28 12:06:00.000000000,BEST_BID,"JPM,100272,380"
2019-06-28 12:06:00.000000000,BEST_ASK,"JPM,100292,364"
2019-06-28 12:06:00.000000000,LAST_TRADE,"5,$100292.0000"
2019-06-28 12:06:00.000000000,QUERY_SPREAD,81
2019-06-28 12:06:00.000000000,BEST_BID,"JPM,100272,380"
2019-06-28 12:06:00.000000000,BEST_ASK,"JPM,100292,356"
2019-06-28 12:06:00.000000000,LAST_TRADE,"8,$100292.0000"
2019-06-28 12:06:00.000000000,QUERY_SPREAD,82
2019-06-28 12:06:00.000000000,BEST_BID,"JPM,100272,380"
2019-06-28 12:06:00.000000000,BEST_ASK,"JPM,100292,348"
2019-06-28 12:06:00.000000000,LAST_TRADE,"8,$100292.0000"
2019-06-28 12:06:00.000000000,QUERY_SPREAD,83
2019-06-28 12:06:00.000000000,BEST_BID,"JPM,100272,380"
2019-06-28 12:06:00.000000000,BEST_ASK,"JPM,100292,346"
2019-06-28 12:06:00.000000000,LAST_TRADE,"2,$100292.0000"
2019-06-28 12:06:00.000000000,QUERY_SPREAD,84
2019-06-28 12:06:00.000000000,BEST_BID,"JPM,100272,380"
2019-06-28 12:06:00.000000000,BEST_ASK,"JPM,100292,345"
2019-06-28 12:06:00.000000000,LAST_TRADE,"1,$100292.0000"
2019-06-28 12:06:00.000000000,QUERY_SPREAD,85
2019-06-28 12:06:00.000000000,BEST_BID,"JPM,100272,380"
2019-06-28 12:06:00.000000000,BEST_ASK,"JPM,100292,344"
2019-06-28 12:06:00.000000000,LAST_TRADE,"1,$100292.0000"
2019-06-28 12:06:00.000000000,QUERY_SPREAD,86
2019-06-28 12:06:00.000000000,BEST_BID,"JPM,100272,380"
2019-06-28 12:06:00.000000000,BEST_ASK,"JPM,100292,338"
2019-06-28 12:06:00.000000000,LAST_TRADE,"6,$100292.0000"
2019-06-28 12:06:00.000000000,QUERY_SPREAD,87
2019-06-28 12:06:00.000000000,BEST_BID,"JPM,100272,380"
2019-06-28 12:06:00.000000000,BEST_ASK,"JPM,100292,335"
2019-06-28 12:06:00.000000000,LAST_TRADE,"3,$100292.0000"
2019-06-28 12:06:00.000000000,QUERY_SPREAD,88
2019-06-28 12:06:00.000000000,BEST_BID,"JPM,100272,380"
2019-06-28 12:06:00.000000000,BEST_ASK,"JPM,100292,331"
2019-06-28 12:06:00.000000000,LAST_TRADE,"4,$100292.0000"
2019-06-28 12:06:00.000000000,QUERY_SPREAD,89
2019-06-28 12:06:00.000000000,BEST_BID,"JPM,100272,380"
2019-06-28 12:06:00.000000000,BEST_ASK,"JPM,100292,327"
2019-06-28 12:06:00.000000000,LAST_TRADE,"4,$100292.0000"
2019-06-28 12:06:00.000000000,QUERY_SPREAD,90
2019-06-28 12:06:00.000000000,BEST_BID,"JPM,100272,380"
2019-06-28 12:06:00.000000000,BEST_ASK,"JPM,100292,320"
2019-06-28 12:06:00.000000000,LAST_TRADE,"7,$100292.0000"
2019-06-28 12:06:00.000000000,QUERY_SPREAD,91
2019-06-28 12:06:00.000000000,BEST_BID,"JPM,100272,380"
2019-06-28 12:06:00.000000000,BEST_ASK,"JPM,100292,312"
2019-06-28 12:06:00.000000000,LAST_TRADE,"8,$100292.0000"
2019-06-28 12:06:00.000000000,QUERY_SPREAD,92
2019-06-28 12:06:00.000000000,BEST_BID,"JPM,100272,380"
2019-06-28 12:06:00.000000000,BEST_ASK,"JPM,100292,307"
2019-06-28 12:06:00.000000000,LAST_TRADE,"5,$100292.0000"
2019-06-28 12:06:00.000000000,QUERY_SPREAD,93
2019-06-28 12:06:00.000000000,BEST_BID,"JPM,100272,380"
2019-06-28 12:06:00.000000000,BEST_ASK,"JPM,100292,304"
2019-06-28 12:06:00.000000000,LAST_TRADE,"3,$100292.0000"
2019-06-28 12:06:00.000000000,QUERY_SPREAD,94
2019-06-28 12:06:00.000000000,BEST_BID,"JPM,100272,380"
2019-06-28 12:06:00.000000000,BEST_ASK,"JPM,100292,300"
2019-06-28 12:06:00.000000000,LAST_TRADE,"4,$100292.0000"
2019-06-28 12:06:00.000000000,QUERY_SPREAD,95
2019-06-28 12:06:00.000000000,BEST_BID,"JPM,100272,380"
2019-06-28 12:06:00.000000000,BEST_ASK,"JPM,100292,295"
2019-06-28 12:06:00.000000000,LAST_TRADE,"5,$100292.0000"
2019-06-28 12:06:00.000000000,QUERY_SPREAD,96
2019-06-28 12:06:00.000000000,BEST_BID,"JPM,100272,380"
2019-06-28 12:06:00.000000000,BEST_ASK,"JPM,100292,294"
2019-06-28 12:06:00.000000000,LAST_TRADE,"1,$100292.0000"
2019-06-28 12:06:00.000000000,QUERY_SPREAD,97
2019-06-28 12:06:00.000000000,BEST_BID,"JPM,100272,380"
2019-06-28 12:06:00.000000000,BEST_ASK,"JPM,100292,287"
2019-06-28 12:06:00.000000000,LAST_TRADE,"7,$100292.0000"
2019-06-28 12:06:00.000000000,QUERY_SPREAD,98
2019-06-28 12:06:00.000000000,BEST_BID,"JPM,100272,380"
2019-06-28 12:06:00.000000000,BEST_ASK,"JPM,100292,281"
2019-06-28 12:06:00.000000000,LAST_TRADE,"6,$100292.0000"
2019-06-28 12:06:00.000000000,QUERY_SPREAD,99
2019-06-28 12:06:00.000000000,BEST_BID,"JPM,100272,380"
2019-06-28 12:06:00.000000000,BEST_ASK,"JPM,100292,276"
2019-06-28 12:06:00.000000000,LAST_TRADE,"5,$100292.0000"
2019-06-28 12:06:00.000000000,QUERY_SPREAD,100
2019-06-28 12:06:00.000000000,BEST_BID,"JPM,100272,380"
2019-06-28 12:06:00.000000000,BEST_ASK,"JPM,100292,269"
2019-06-28 12:06:00.000000000,LAST_TRADE,"7,$100292.0000"
2019-06-28 12:06:00.000000000,QUERY_SPREAD,101
2019-06-28 12:06:00.000000000,QUERY_ORDER_STREAM,101
2019-06-28 12:06:06.135294340,QUERY_ORDER_STREAM,70
2019-06-28 12:06:06.135294340,QUERY_SPREAD,70
2019-06-28 12:06:06.135294340,BEST_BID,"JPM,100272,380"
2019-06-28 12:06:06.135294340,BEST_ASK,"JPM,100292,169"
2019-06-28 12:06:06.135294340,LAST_TRADE,"100,$100292.0000"
2019-06-28 12:06:10.000000000,QUERY_SPREAD,1
2019-06-28 12:06:10.000000000,BEST_BID,"JPM,100272,380"
2019-06-28 12:06:10.000000000,BEST_ASK,"JPM,100703,100"
2019-06-28 12:06:10.000000000,BEST_BID,"JPM,100272,380"
2019-06-28 12:06:10.000000000,BEST_ASK,"JPM,100703,380"
2019-06-28 12:06:14.346929470,QUERY_SPREAD,40
2019-06-28 12:06:14.346929470,BEST_BID,"JPM,100272,380"
2019-06-28 12:06:14.346929470,BEST_ASK,"JPM,100542,100"
2019-06-28 12:06:17.446431466,QUERY_SPREAD,16
2019-06-28 12:06:17.446431466,BEST_BID,"JPM,100272,380"
2019-06-28 12:06:17.446431466,BEST_ASK,"JPM,100542,100"
2019-06-28 12:06:20.000000000,QUERY_SPREAD,1
2019-06-28 12:06:20.000000000,BEST_BID,"JPM,100272,240"
2019-06-28 12:06:20.000000000,BEST_ASK,"JPM,100542,100"
2019-06-28 12:06:20.000000000,BEST_BID,"JPM,100272,240"
2019-06-28 12:06:20.000000000,BEST_ASK,"JPM,100542,100"
2019-06-28 12:06:20.000000000,BEST_BID,"JPM,100272,240"
2019-06-28 12:06:20.000000000,BEST_ASK,"JPM,100542,240"
2019-06-28 12:06:20.000000000,BEST_BID,"JPM,100272,240"
2019-06-28 12:06:20.000000000,BEST_ASK,"JPM,100542,240"
2019-06-28 12:06:30.000000000,QUERY_SPREAD,1
2019-06-28 12:06:30.000000000,BEST_BID,"JPM,100272,156"
2019-06-28 12:06:30.000000000,BEST_ASK,"JPM,100542,100"
2019-06-28 12:06:30.000000000,BEST_BID,"JPM,100272,156"
2019-06-28 12:06:30.000000000,BEST_ASK,"JPM,100542,100"
2019-06-28 12:06:30.000000000,BEST_BID,"JPM,100272,156"
2019-06-28 12:06:30.000000000,BEST_ASK,"JPM,100542,100"
2019-06-28 12:06:30.000000000,BEST_BID,"JPM,100272,156"
2019-06-28 12:06:30.000000000,BEST_ASK,"JPM,100542,100"
2019-06-28 12:06:30.000000000,BEST_BID,"JPM,100272,156"
2019-06-28 12:06:30.000000000,BEST_ASK,"JPM,100542,100"
2019-06-28 12:06:30.000000000,BEST_BID,"JPM,100272,156"
2019-06-28 12:06:30.000000000,BEST_ASK,"JPM,100542,156"
2019-06-28 12:06:30.000000000,BEST_BID,"JPM,100272,156"
2019-06-28 12:06:30.000000000,BEST_ASK,"JPM,100542,156"
2019-06-28 12:06:30.000000000,BEST_BID,"JPM,100272,156"
2019-06-28 12:06:30.000000000,BEST_ASK,"JPM,100542,156"
2019-06-28 12:06:30.000000000,BEST_BID,"JPM,100272,156"
2019-06-28 12:06:30.000000000,BEST_ASK,"JPM,100542,156"
2019-06-28 12:06:30.000000000,BEST_BID,"JPM,100272,156"
2019-06-28 12:06:30.000000000,BEST_ASK,"JPM,100542,156"
2019-06-28 12:06:31.894898040,QUERY_SPREAD,50
2019-06-28 12:06:31.894898040,BEST_BID,"JPM,100456,100"
2019-06-28 12:06:31.894898040,BEST_ASK,"JPM,100542,156"
2019-06-28 12:06:33.907503627,QUERY_SPREAD,20
2019-06-28 12:06:33.907503627,BEST_BID,"JPM,100456,100"
2019-06-28 12:06:33.907503627,BEST_ASK,"JPM,100482,100"
2019-06-28 12:06:35.381955657,QUERY_SPREAD,39
2019-06-28 12:06:35.381955657,BEST_BID,"JPM,100272,156"
2019-06-28 12:06:35.381955657,BEST_ASK,"JPM,100482,100"
2019-06-28 12:06:35.381955657,LAST_TRADE,"100,$100456.0000"
2019-06-28 12:06:40.000000000,QUERY_SPREAD,1
2019-06-28 12:06:40.000000000,BEST_BID,"JPM,100272,156"
2019-06-28 12:06:40.000000000,BEST_ASK,"JPM,100482,100"
2019-06-28 12:06:40.000000000,BEST_BID,"JPM,100272,156"
2019-06-28 12:06:40.000000000,BEST_ASK,"JPM,100482,100"
2019-06-28 12:06:40.000000000,BEST_BID,"JPM,100272,156"
2019-06-28 12:06:40.000000000,BEST_ASK,"JPM,100482,100"
2019-06-28 12:06:40.000000000,BEST_BID,"JPM,100272,156"
2019-06-28 12:06:40.000000000,BEST_ASK,"JPM,100482,100"
2019-06-28 12:06:40.000000000,BEST_BID,"JPM,100272,156"
2019-06-28 12:06:40.000000000,BEST_ASK,"JPM,100482,100"
2019-06-28 12:06:40.000000000,BEST_BID,"JPM,100272,156"
2019-06-28 12:06:40.000000000,BEST_ASK,"JPM,100482,156"
2019-06-28 12:06:40.000000000,BEST_BID,"JPM,100272,156"
2019-06-28 12:06:40.000000000,BEST_ASK,"JPM,100482,156"
2019-06-28 12:06:40.000000000,BEST_BID,"JPM,100272,156"
2019-06-28 12:06:40.000000000,BEST_ASK,"JPM,100482,156"
2019-06-28 12:06:40.000000000,BEST_BID,"JPM,100272,156"
2019-06-28 12:06:40.000000000,BEST_ASK,"JPM,100482,156"
2019-06-28 12:06:40.000000000,BEST_BID,"JPM,100272,156"
2019-06-28 12:06:40.000000000,BEST_ASK,"JPM,100482,156"
2019-06-28 12:06:45.549816986,QUERY_SPREAD,10
2019-06-28 12:06:45.549816986,BEST_BID,"JPM,100272,156"
2019-06-28 12:06:45.549816986,BEST_ASK,"JPM,100482,156"
2019-06-28 12:06:50.000000000,QUERY_SPREAD,1
2019-06-28 12:06:50.000000000,BEST_BID,"JPM,100272,170"
2019-06-28 12:06:50.000000000,BEST_ASK,"JPM,100482,100"
2019-06-28 12:06:50.000000000,BEST_BID,"JPM,100272,170"
2019-06-28 12:06:50.000000000,BEST_ASK,"JPM,100482,100"
2019-06-28 12:06:50.000000000,BEST_BID,"JPM,100272,170"
2019-06-28 12:06:50.000000000,BEST_ASK,"JPM,100482,100"
2019-06-28 12:06:50.000000000,BEST_BID,"JPM,100272,170"
2019-06-28 12:06:50.000000000,BEST_ASK,"JPM,100482,100"
2019-06-28 12:06:50.000000000,BEST_BID,"JPM,100272,170"
2019-06-28 12:06:50.000000000,BEST_ASK,"JPM,100482,170"
2019-06-28 12:06:50.000000000,BEST_BID,"JPM,100272,170"
2019-06-28 12:06:50.000000000,BEST_ASK,"JPM,100482,170"
2019-06-28 12:06:50.000000000,BEST_BID,"JPM,100272,170"
2019-06-28 12:06:50.000000000,BEST_ASK,"JPM,100482,170"
2019-06-28 12:06:50.000000000,BEST_BID,"JPM,100272,170"
2019-06-28 12:06:50.000000000,BEST_ASK,"JPM,100482,170"
2019-06-28 12:07:00.000000000,QUERY_SPREAD,1
2019-06-28 12:07:00.000000000,BEST_BID,"JPM,100272,195"
2019-06-28 12:07:00.000000000,BEST_ASK,"JPM,100482,100"
2019-06-28 12:07:00.000000000,BEST_BID,"JPM,100272,195"
2019-06-28 12:07:00.000000000,BEST_ASK,"JPM,100482,100"
2019-06-28 12:07:00.000000000,BEST_BID,"JPM,100272,195"
2019-06-28 12:07:00.000000000,BEST_ASK,"JPM,100482,100"
2019-06-28 12:07:00.000000000,BEST_BID,"JPM,100272,195"
2019-06-28 12:07:00.000000000,BEST_ASK,"JPM,100482,195"
2019-06-28 12:07:00.000000000,BEST_BID,"JPM,100272,195"
2019-06-28 12:07:00.000000000,BEST_ASK,"JPM,100482,195"
2019-06-28 12:07:00.000000000,BEST_BID,"JPM,100272,195"
2019-06-28 12:07:00.000000000,BEST_ASK,"JPM,100482,195"
2019-06-28 12:07:00.000000000,QUERY_SPREAD,77
2019-06-28 12:07:00.000000000,BEST_BID,"JPM,100272,195"
2019-06-28 12:07:00.000000000,BEST_ASK,"JPM,100482,194"
2019-06-28 12:07:00.000000000,LAST_TRADE,"1,$100482.0000"
2019-06-28 12:07:00.000000000,QUERY_SPREAD,78
2019-06-28 12:07:00.000000000,BEST_BID,"JPM,100272,195"
2019-06-28 12:07:00.000000000,BEST_ASK,"JPM,100482,190"
2019-06-28 12:07:00.000000000,LAST_TRADE,"4,$100482.0000"
2019-06-28 12:07:00.000000000,QUERY_SPREAD,79
2019-06-28 12:07:00.000000000,BEST_BID,"JPM,100272,195"
2019-06-28 12:07:00.000000000,BEST_ASK,"JPM,100482,184"
2019-06-28 12:07:00.000000000,LAST_TRADE,"6,$100482.0000"
2019-06-28 12:07:00.000000000,QUERY_SPREAD,80
2019-06-28 12:07:00.000000000,BEST_BID,"JPM,100272,195"
2019-06-28 12:07:00.000000000,BEST_ASK,"JPM,100482,179"
2019-06-28 12:07:00.000000000,LAST_TRADE,"5,$100482.0000"
2019-06-28 12:07:00.000000000,QUERY_SPREAD,81
2019-06-28 12:07:00.000000000,BEST_BID,"JPM,100272,195"
2019-06-28 12:07:00.000000000,BEST_ASK,"JPM,100482,171"
2019-06-28 12:07:00.000000000,LAST_TRADE,"8,$100482.0000"
2019-06-28 12:07:00.000000000,QUERY_SPREAD,82
2019-06-28 12:07:00.000000000,BEST_BID,"JPM,100272,195"
2019-06-28 12:07:00.000000000,BEST_ASK,"JPM,100482,163"
2019-06-28 12:07:00.000000000,LAST_TRADE,"8,$100482.0000"
2019-06-28 12:07:00.000000000,QUERY_SPREAD,83
2019-06-28 12:07:00.000000000,BEST_BID,"JPM,100272,195"
2019-06-28 12:07:00.000000000,BEST_ASK,"JPM,100482,161"
2019-06-28 12:07:00.000000000,LAST_TRADE,"2,$100482.0000"
2019-06-28 12:07:00.000000000,QUERY_SPREAD,84
2019-06-28 12:07:00.000000000,BEST_BID,"JPM,100272,195"
2019-06-28 12:07:00.000000000,BEST_ASK,"JPM,100482,160"
2019-06-28 12:07:00.000000000,LAST_TRADE,"1,$100482.0000"
2019-06-28 12:07:00.000000000,QUERY_SPREAD,85
2019-06-28 12:07:00.000000000,BEST_BID,"JPM,100272,195"
2019-06-28 12:07:00.000000000,BEST_ASK,"JPM,100482,159"
2019-06-28 12:07:00.000000000,LAST_TRADE,"1,$100482.0000"
2019-06-28 12:07:00.000000000,QUERY_SPREAD,86
2019-06-28 12:07:00.000000000,BEST_BID,"JPM,100272,195"
2019-06-28 12:07:00.000000000,BEST_ASK,"JPM,100482,153"
2019-06-28 12:07:00.000000000,LAST_TRADE,"6,$100482.0000"
2019-06-28 12:07:00.000000000,QUERY_SPREAD,87
2019-06-28 12:07:00.000000000,BEST_BID,"JPM,100272,195"
2019-06-28 12:07:00.000000000,BEST_ASK,"JPM,100482,150"
2019-06-28 12:07:00.000000000,LAST_TRADE,"3,$100482.0000"
2019-06-28 12:07:00.000000000,QUERY_SPREAD,88
2019-06-28 12:07:00.000000000,BEST_BID,"JPM,100272,195"
2019-06-28 12:07:00.000000000,BEST_ASK,"JPM,100482,146"
2019-06-28 12:07:00.000000000,LAST_TRADE,"4,$100482.0000"
2019-06-28 12:07:00.000000000,QUERY_SPREAD,89
2019-06-28 12:07:00.000000000,BEST_BID,"JPM,100272,195"
2019-06-28 12:07:00.000000000,BEST_ASK,"JPM,100482,142"
2019-06-28 12:07:00.000000000,LAST_TRADE,"4,$100482.0000"
2019-06-28 12:07:00.000000000,QUERY_SPREAD,90
2019-06-28 12:07:00.000000000,BEST_BID,"JPM,100272,195"
2019-06-28 12:07:00.000000000,BEST_ASK,"JPM,100482,135"
2019-06-28 12:07:00.000000000,LAST_TRADE,"7,$100482.0000"
2019-06-28 12:07:00.000000000,QUERY_SPREAD,91
2019-06-28 12:07:00.000000000,BEST_BID,"JPM,100272,195"
2019-06-28 12:07:00.000000000,BEST_ASK,"JPM,100482,127"
2019-06-28 12:07:00.000000000,LAST_TRADE,"8,$100482.0000"
2019-06-28 12:07:00.000000000,QUERY_SPREAD,92
2019-06-28 12:07:00.000000000,BEST_BID,"JPM,100272,195"
2019-06-28 12:07:00.000000000,BEST_ASK,"JPM,100482,122"
2019-06-28 12:07:00.000000000,LAST_TRADE,"5,$100482.0000"
2019-06-28 12:07:00.000000000,QUERY_SPREAD,93
2019-06-28 12:07:00.000000000,BEST_BID,"JPM,100272,195"
2019-06-28 12:07:00.000000000,BEST_ASK,"JPM,100482,119"
2019-06-28 12:07:00.000000000,LAST_TRADE,"3,$100482.0000"
2019-06-28 12:07:00.000000000,QUERY_SPREAD,94
2019-06-28 12:07:00.000000000,BEST_BID,"JPM,100272,195"
2019-06-28 12:07:00.000000000,BEST_ASK,"JPM,100482,115"
2019-06-28 12:07:00.000000000,LAST_TRADE,"4,$100482.0000"
2019-06-28 12:07:00.000000000,QUERY_SPREAD,95
2019-06-28 12:07:00.000000000,BEST_BID,"JPM,100272,195"
2019-06-28 12:07:00.000000000,BEST_ASK,"JPM,100482,110"
2019-06-28 12:07:00.000000000,LAST_TRADE,"5,$100482.0000"
2019-06-28 12:07:00.000000000,QUERY_SPREAD,96
2019-06-28 12:07:00.000000000,BEST_BID,"JPM,100272,195"
2019-06-28 12:07:00.000000000,BEST_ASK,"JPM,100482,109"
2019-06-28 12:07:00.000000000,LAST_TRADE,"1,$100482.0000"
2019-06-28 12:07:00.000000000,QUERY_SPREAD,97
2019-06-28 12:07:00.000000000,BEST_BID,"JPM,100272,195"
2019-06-28 12:07:00.000000000,BEST_ASK,"JPM,100482,102"
2019-06-28 12:07:00.000000000,LAST_TRADE,"7,$100482.0000"
2019-06-28 12:07:00.000000000,QUERY_SPREAD,98
2019-06-28 12:07:00.000000000,BEST_BID,"JPM,100272,195"
2019-06-28 12:07:00.000000000,BEST_ASK,"JPM,100482,96"
2019-06-28 12:07:00.000000000,LAST_TRADE,"6,$100482.0000"
2019-06-28 12:07:00.000000000,QUERY_SPREAD,99
2019-06-28 12:07:00.000000000,BEST_BID,"JPM,100272,195"
2019-06-28 12:07:00.000000000,BEST_ASK,"JPM,100482,91"
2019-06-28 12:07:00.000000000,LAST_TRADE,"5,$100482.0000"
2019-06-28 12:07:00.000000000,QUERY_SPREAD,100
2019-06-28 12:07:00.000000000,BEST_BID,"JPM,100272,195"
2019-06-28 12:07:00.000000000,BEST_ASK,"JPM,100482,84"
2019-06-28 12:07:00.000000000,LAST_TRADE,"7,$100482.0000"
2019-06-28 12:07:00.000000000,QUERY_SPREAD,101
2019-06-28 12:07:00.000000000,QUERY_ORDER_STREAM,101
2019-06-28 12:07:10.000000000,QUERY_SPREAD,1
2019-06-28 12:07:10.000000000,BEST_BID,"JPM,100272,380"
2019-06-28 12:07:10.000000000,BEST_ASK,"JPM,100542,100"
2019-06-28 12:07:10.000000000,BEST_BID,"JPM,100272,380"
2019-06-28 12:07:10.000000000,BEST_ASK,"JPM,100542,380"
2019-06-28 12:07:20.000000000,QUERY_SPREAD,1
2019-06-28 12:07:20.000000000,BEST_BID,"JPM,100272,195"
2019-06-28 12:07:20.000000000,BEST_ASK,"JPM,100542,100"
2019-06-28 12:07:20.000000000,BEST_BID,"JPM,100272,195"
2019-06-28 12:07:20.000000000,BEST_ASK,"JPM,100542,100"
2019-06-28 12:07:20.000000000,BEST_BID,"JPM,100272,195"
2019-06-28 12:07:20.000000000,BEST_ASK,"JPM,100542,100"
2019-06-28 12:07:20.000000000,BEST_BID,"JPM,100272,195"
2019-06-28 12:07:20.000000000,BEST_ASK,"JPM,100542,195"
2019-06-28 12:07:20.000000000,BEST_BID,"JPM,100272,195"
2019-06-28 12:07:20.000000000,BEST_ASK,"JPM,100542,195"
2019-06-28 12:07:20.000000000,BEST_BID,"JPM,100272,195"
2019-06-28 12:07:20.000000000,BEST_ASK,"JPM,100542,195"
2019-06-28 12:07:30.000000000,QUERY_SPREAD,1
2019-06-28 12:07:30.000000000,BEST_BID,"JPM,100272,380"
2019-06-28 12:07:30.000000000,BEST_ASK,"JPM,100542,100"
2019-06-28 12:07:30.000000000,BEST_BID,"JPM,100272,380"
2019-06-28 12:07:30.000000000,BEST_ASK,"JPM,100542,380"
2019-06-28 12:07:40.000000000,QUERY_SPREAD,1
2019-06-28 12:07:40.000000000,BEST_BID,"JPM,100272,240"
2019-06-28 12:07:40.000000000,BEST_ASK,"JPM,100542,100"
2019-06-28 12:07:40.000000000,BEST_BID,"JPM,100272,240"
2019-06-28 12:07:40.000000000,BEST_ASK,"JPM,100542,100"
2019-06-28 12:07:40.000000000,BEST_BID,"JPM,100272,240"
2019-06-28 12:07:40.000000000,BEST_ASK,"JPM,100542,240"
2019-06-28 12:07:40.000000000,BEST_BID,"JPM,100272,240"
2019-06-28 12:07:40.000000000,BEST_ASK,"JPM,100542,240"
2019-06-28 12:07:40.242009260,QUERY_SPREAD,4
2019-06-28 12:07:40.242009260,BEST_BID,"JPM,100272,240"
2019-06-28 12:07:40.242009260,BEST_ASK,"JPM,100542,240"
2019-06-28 12:07:49.035158799,QUERY_SPREAD,39
2019-06-28 12:07:49.035158799,BEST_BID,"JPM,100272,240"
2019-06-28 12:07:49.035158799,BEST_ASK,"JPM,100542,240"
2019-06-28 12:07:50.000000000,QUERY_SPREAD,1
2019-06-28 12:07:50.000000000,BEST_BID,"JPM,100272,380"
2019-06-28 12:07:50.000000000,BEST_ASK,"JPM,100542,100"
2019-06-28 12:07:50.000000000,BEST_BID,"JPM,100272,380"
2019-06-28 12:07:50.000000000,BEST_ASK,"JPM,100542,380"
2019-06-28 12:07:51.068046502,QUERY_SPREAD,35
2019-06-28 12:07:51.068046502,BEST_BID,"JPM,100272,380"
2019-06-28 12:07:51.068046502,BEST_ASK,"JPM,100542,280"
2019-06-28 12:07:51.068046502,LAST_TRADE,"100,$100542.0000"
2019-06-28 12:07:52.371421745,QUERY_ORDER_STREAM,63
2019-06-28 12:07:52.371421745,QUERY_SPREAD,63
2019-06-28 12:07:52.371421745,BEST_BID,"JPM,100272,380"
2019-06-28 12:07:52.371421745,BEST_ASK,"JPM,100542,380"
2019-06-28 12:08:00.000000000,QUERY_SPREAD,1
2019-06-28 12:08:00.000000000,BEST_BID,"JPM,100272,170"
2019-06-28 12:08:00.000000000,BEST_ASK,"JPM,100542,100"
2019-06-28 12:08:00.000000000,BEST_BID,"JPM,100272,170"
2019-06-28 12:08:00.000000000,BEST_ASK,"JPM,100542,100"
2019-06-28 12:08:00.000000000,BEST_BID,"JPM,100272,170"
2019-06-28 12:08:00.000000000,BEST_ASK,"JPM,100542,100"
2019-06-28 12:08:00.000000000,BEST_BID,"JPM,100272,170"
2019-06-28 12:08:00.000000000,BEST_ASK,"JPM,100542,100"
2019-06-28 12:08:00.000000000,BEST_BID,"JPM,100272,170"
2019-06-28 12:08:00.000000000,BEST_ASK,"JPM,100542,170"
2019-06-28 12:08:00.000000000,BEST_BID,"JPM,100272,170"
2019-06-28 12:08:00.000000000,BEST_ASK,"JPM,100542,170"
2019-06-28 12:08:00.000000000,BEST_BID,"JPM,100272,170"
2019-06-28 12:08:00.000000000,BEST_ASK,"JPM,100542,170"
2019-06-28 12:08:00.000000000,BEST_BID,"JPM,100272,170"
2019-06-28 12:08:00.000000000,BEST_ASK,"JPM,100542,170"
2019-06-28 12:08:00.000000000,QUERY_SPREAD,77
2019-06-28 12:08:00.000000000,BEST_BID,"JPM,100272,170"
2019-06-28 12:08:00.000000000,BEST_ASK,"JPM,100542,169"
2019-06-28 12:08:00.000000000,LAST_TRADE,"1,$100542.0000"
2019-06-28 12:08:00.000000000,QUERY_SPREAD,78
2019-06-28 12:08:00.000000000,BEST_BID,"JPM,100272,170"
2019-06-28 12:08:00.000000000,BEST_ASK,"JPM,100542,165"
2019-06-28 12:08:00.000000000,LAST_TRADE,"4,$100542.0000"
2019-06-28 12:08:00.000000000,QUERY_SPREAD,79
2019-06-28 12:08:00.000000000,BEST_BID,"JPM,100272,170"
2019-06-28 12:08:00.000000000,BEST_ASK,"JPM,100542,159"
2019-06-28 12:08:00.000000000,LAST_TRADE,"6,$100542.0000"
2019-06-28 12:08:00.000000000,QUERY_SPREAD,80
2019-06-28 12:08:00.000000000,BEST_BID,"JPM,100272,170"
2019-06-28 12:08:00.000000000,BEST_ASK,"JPM,100542,154"
2019-06-28 12:08:00.000000000,LAST_TRADE,"5,$100542.0000"
2019-06-28 12:08:00.000000000,QUERY_SPREAD,81
2019-06-28 12:08:00.000000000,BEST_BID,"JPM,100272,170"
2019-06-28 12:08:00.000000000,BEST_ASK,"JPM,100542,146"
2019-06-28 12:08:00.000000000,LAST_TRADE,"8,$100542.0000"
2019-06-28 12:08:00.000000000,QUERY_SPREAD,82
2019-06-28 12:08:00.000000000,BEST_BID,"JPM,100272,170"
2019-06-28 12:08:00.000000000,BEST_ASK,"JPM,100542,138"
2019-06-28 12:08:00.000000000,LAST_TRADE,"8,$100542.0000"
2019-06-28 12:08:00.000000000,QUERY_SPREAD,83
2019-06-28 12:08:00.000000000,BEST_BID,"JPM,100272,170"
2019-06-28 12:08:00.000000000,BEST_ASK,"JPM,100542,136"
2019-06-28 12:08:00.000000000,LAST_TRADE,"2,$100542.0000"
2019-06-28 12:08:00.000000000,QUERY_SPREAD,84
2019-06-28 12:08:00.000000000,BEST_BID,"JPM,100272,170"
2019-06-28 12:08:00.000000000,BEST_ASK,"JPM,100542,135"
2019-06-28 12:08:00.000000000,LAST_TRADE,"1,$100542.0000"
2019-06-28 12:08:00.000000000,QUERY_SPREAD,85
2019-06-28 12:08:00.000000000,BEST_BID,"JPM,100272,170"
2019-06-28 12:08:00.000000000,BEST_ASK,"JPM,100542,134"
2019-06-28 12:08:00.000000000,LAST_TRADE,"1,$100542.0000"
2019-06-28 12:08:00.000000000,QUERY_SPREAD,86
2019-06-28 12:08:00.000000000,BEST_BID,"JPM,100272,170"
2019-06-28 12:08:00.000000000,BEST_ASK,"JPM,100542,128"
2019-06-28 12:08:00.000000000,LAST_TRADE,"6,$100542.0000"
2019-06-28 12:08:00.000000000,QUERY_SPREAD,87
2019-06-28 12:08:00.000000000,BEST_BID,"JPM,100272,170"
2019-06-28 12:08:00.000000000,BEST_ASK,"JPM,100542,125"
2019-06-28 12:08:00.000000000,LAST_TRADE,"3,$100542.0000"
2019-06-28 12:08:00.000000000,QUERY_SPREAD,88
2019-06-28 12:08:00.000000000,BEST_BID,"JPM,100272,170"
2019-06-28 12:08:00.000000000,BEST_ASK,"JPM,100542,121"
2019-06-28 12:08:00.000000000,LAST_TRADE,"4,$100542.0000"
2019-06-28 12:08:00.000000000,QUERY_SPREAD,89
2019-06-28 12:08:00.000000000,BEST_BID,"JPM,100272,170"
2019-06-28 12:08:00.000000000,BEST_ASK,"JPM,100542,117"
2019-06-28 12:08:00.000000000,LAST_TRADE,"4,$100542.0000"
2019-06-28 12:08:00.000000000,QUERY_SPREAD,90
2019-06-28 12:08:00.000000000,BEST_BID,"JPM,100272,170"
2019-06-28 12:08:00.000000000,BEST_ASK,"JPM,100542,110"
2019-06-28 12:08:00.000000000,LAST_TRADE,"7,$100542.0000"
2019-06-28 12:08:00.000000000,QUERY_SPREAD,91
2019-06-28 12:08:00.000000000,BEST_BID,"JPM,100272,170"
2019-06-28 12:08:00.000000000,BEST_ASK,"JPM,100542,102"
2019-06-28 12:08:00.000000000,LAST_TRADE,"8,$100542.0000"
2019-06-28 12:08:00.000000000,QUERY_SPREAD,92
2019-06-28 12:08:00.000000000,BEST_BID,"JPM,100272,170"
2019-06-28 12:08:00.000000000,BEST_ASK,"JPM,100542,97"
2019-06-28 12:08:00.000000000,LAST_TRADE,"5,$100542.0000"
2019-06-28 12:08:00.000000000,QUERY_SPREAD,93
2019-06-28 12:08:00.000000000,BEST_BID,"JPM,100272,170"
2019-06-28 12:08:00.000000000,BEST_ASK,"JPM,100542,94"
2019-06-28 12:08:00.000000000,LAST_TRADE,"3,$100542.0000"
2019-06-28 12:08:00.000000000,QUERY_SPREAD,94
2019-06-28 12:08:00.000000000,BEST_BID,"JPM,100272,170"
2019-06-28 12:08:00.000000000,BEST_ASK,"JPM,100542,90"
2019-06-28 12:08:00.000000000,LAST_TRADE,"4,$100542.0000"
2019-06-28 12:08:00.000000000,QUERY_SPREAD,95
2019-06-28 12:08:00.000000000,BEST_BID,"JPM,100272,170"
2019-06-28 12:08:00.000000000,BEST_ASK,"JPM,100542,85"
2019-06-28 12:08:00.000000000,LAST_TRADE,"5,$100542.0000"
2019-06-28 12:08:00.000000000,QUERY_SPREAD,96
2019-06-28 12:08:00.000000000,BEST_BID,"JPM,100272,170"
2019-06-28 12:08:00.000000000,BEST_ASK,"JPM,100542,84"
2019-06-28 12:08:00.000000000,LAST_TRADE,"1,$100542.0000"
2019-06-28 12:08:00.000000000,QUERY_SPREAD,97
2019-06-28 12:08:00.000000000,BEST_BID,"JPM,100272,170"
2019-06-28 12:08:00.000000000,BEST_ASK,"JPM,100542,77"
2019-06-28 12:08:00.000000000,LAST_TRADE,"7,$100542.0000"
2019-06-28 12:08:00.000000000,QUERY_SPREAD,98
2019-06-28 12:08:00.000000000,BEST_BID,"JPM,100272,170"
2019-06-28 12:08:00.000000000,BEST_ASK,"JPM,100542,71"
2019-06-28 12:08:00.000000000,LAST_TRADE,"6,$100542.0000"
2019-06-28 12:08:00.000000000,QUERY_SPREAD,99
2019-06-28 12:08:00.000000000,BEST_BID,"JPM,100272,170"
2019-06-28 12:08:00.000000000,BEST_ASK,"JPM,100542,66"
2019-06-28 12:08:00.000000000,LAST_TRADE,"5,$100542.0000"
2019-06-28 12:08:00.000000000,QUERY_SPREAD,100
2019-06-28 12:08:00.000000000,BEST_BID,"JPM,100272,170"
2019-06-28 12:08:00.000000000,BEST_ASK,"JPM,100542,59"
2019-06-28 12:08:00.000000000,LAST_TRADE,"7,$100542.0000"
2019-06-28 12:08:00.000000000,QUERY_SPREAD,101
2019-06-28 12:08:00.000000000,QUERY_ORDER_STREAM,101
2019-06-28 12:08:03.784006252,QUERY_SPREAD,22
2019-06-28 12:08:03.784006252,BEST_BID,"JPM,100484,100"
2019-06-28 12:08:03.784006252,BEST_ASK,"JPM,100542,59"
2019-06-28 12:08:10.000000000,QUERY_SPREAD,1
2019-06-28 12:08:10.000000000,BEST_BID,"JPM,100484,240"
2019-06-28 12:08:10.000000000,BEST_ASK,"JPM,100698,100"
2019-06-28 12:08:10.000000000,BEST_BID,"JPM,100484,240"
2019-06-28 12:08:10.000000000,BEST_ASK,"JPM,100698,100"
2019-06-28 12:08:10.000000000,BEST_BID,"JPM,100484,240"
2019-06-28 12:08:10.000000000,BEST_ASK,"JPM,100698,240"
2019-06-28 12:08:10.000000000,BEST_BID,"JPM,100484,240"
2019-06-28 12:08:10.000000000,BEST_ASK,"JPM,100698,240"
2019-06-28 12:08:14.555572639,QUERY_ORDER_STREAM,73
2019-06-28 12:08:14.555572639,QUERY_SPREAD,73
2019-06-28 12:08:20.000000000,QUERY_SPREAD,1
2019-06-28 12:08:20.000000000,BEST_BID,"JPM,100484,156"
2019-06-28 12:08:20.000000000,BEST_ASK,"JPM,100698,100"
2019-06-28 12:08:20.000000000,BEST_BID,"JPM,100484,156"
2019-06-28 12:08:20.000000000,BEST_ASK,"JPM,100698,100"
2019-06-28 12:08:20.000000000,BEST_BID,"JPM,100484,156"
2019-06-28 12:08:20.000000000,BEST_ASK,"JPM,100698,100"
2019-06-28 12:08:20.000000000,BEST_BID,"JPM,100484,156"
2019-06-28 12:08:20.000000000,BEST_ASK,"JPM,100698,100"
2019-06-28 12:08:20.000000000,BEST_BID,"JPM,100484,156"
2019-06-28 12:08:20.000000000,BEST_ASK,"JPM,100698,100"
2019-06-28 12:08:20.000000000,BEST_BID,"JPM,100484,156"
2019-06-28 12:08:20.000000000,BEST_ASK,"JPM,100698,156"
2019-06-28 12:08:20.000000000,BEST_BID,"JPM,100484,156"
2019-06-28 12:08:20.000000000,BEST_ASK,"JPM,100698,156"
2019-06-28 12:08:20.000000000,BEST_BID,"JPM,100484,156"
2019-06-28 12:08:20.000000000,BEST_ASK,"JPM,100698,156"
2019-06-28 12:08:20.000000000,BEST_BID,"JPM,100484,156"
2019-06-28 12:08:20.000000000,BEST_ASK,"JPM,100698,156"
2019-06-28 12:08:20.000000000,BEST_BID,"JPM,100484,156"
2019-06-28 12:08:20.000000000,BEST_ASK,"JPM,100698,156"
2019-06-28 12:08:30.000000000,QUERY_SPREAD,1
2019-06-28 12:08:30.000000000,BEST_BID,"JPM,100484,195"
2019-06-28 12:08:30.000000000,BEST_ASK,"JPM,100698,100"
2019-06-28 12:08:30.000000000,BEST_BID,"JPM,100484,195"
2019-06-28 12:08:30.000000000,BEST_ASK,"JPM,100698,100"
2019-06-28 12:08:30.000000000,BEST_BID,"JPM,100484,195"
2019-06-28 12:08:30.000000000,BEST_ASK,"JPM,100698,100"
2019-06-28 12:08:30.000000000,BEST_BID,"JPM,100484,195"
2019-06-28 12:08:30.000000000,BEST_ASK,"JPM,100698,195"
2019-06-28 12:08:30.000000000,BEST_BID,"JPM,100484,195"
2019-06-28 12:08:30.000000000,BEST_ASK,"JPM,100698,195"
2019-06-28 12:08:30.000000000,BEST_BID,"JPM,100484,195"
2019-06-28 12:08:30.000000000,BEST_ASK,"JPM,100698,195"
2019-06-28 12:08:32.106341520,QUERY_SPREAD,43
2019-06-28 12:08:32.106341520,BEST_BID,"JPM,100484,195"
2019-06-28 12:08:32.106341520,BEST_ASK,"JPM,100698,195"
2019-06-28 12:08:40.000000000,QUERY_SPREAD,1
2019-06-28 12:08:40.000000000,BEST_BID,"JPM,100484,195"
2019-06-28 12:08:40.000000000,BEST_ASK,"JPM,100698,100"
2019-06-28 12:08:40.000000000,BEST_BID,"JPM,100484,195"
2019-06-28 12:08:40.000000000,BEST_ASK,"JPM,100698,100"
2019-06-28 12:08:40.000000000,BEST_BID,"JPM,100484,195"
2019-06-28 12:08:40.000000000,BEST_ASK,"JPM,100698,100"
2019-06-28 12:08:40.000000000,BEST_BID,"JPM,100484,195"
2019-06-28 12:08:40.000000000,BEST_ASK,"JPM,100698,195"
2019-06-28 12:08:40.000000000,BEST_BID,"JPM,100484,195"
2019-06-28 12:08:40.000000000,BEST_ASK,"JPM,100698,195"
2019-06-28 12:08:40.000000000,BEST_BID,"JPM,100484,195"
2019-06-28 12:08:40.000000000,BEST_ASK,"JPM,100698,195"
2019-06-28 12:08:43.935100489,QUERY_ORDER_STREAM,76
2019-06-28 12:08:43.935100489,QUERY_SPREAD,76
2019-06-28 12:08:43.935100489,BEST_BID,"JPM,100484,195"
2019-06-28 12:08:43.935100489,BEST_ASK,"JPM,100542,100"
2019-06-28 12:08:48.134720974,QUERY_ORDER_STREAM,72
2019-06-28 12:08:48.134720974,QUERY_SPREAD,72
2019-06-28 12:08:48.134720974,BEST_BID,"JPM,100484,195"
2019-06-28 12:08:48.134720974,BEST_ASK,"JPM,100698,195"
2019-06-28 12:08:48.134720974,LAST_TRADE,"100,$100542.0000"
2019-06-28 12:08:50.000000000,QUERY_SPREAD,1
2019-06-28 12:08:50.000000000,BEST_BID,"JPM,100484,170"
2019-06-28 12:08:50.000000000,BEST_ASK,"JPM,100698,100"
2019-06-28 12:08:50.000000000,BEST_BID,"JPM,100484,170"
2019-06-28 12:08:50.000000000,BEST_ASK,"JPM,100698,100"
2019-06-28 12:08:50.000000000,BEST_BID,"JPM,100484,170"
2019-06-28 12:08:50.000000000,BEST_ASK,"JPM,100698,100"
2019-06-28 12:08:50.000000000,BEST_BID,"JPM,100484,170"
2019-06-28 12:08:50.000000000,BEST_ASK,"JPM,100698,100"
2019-06-28 12:08:50.000000000,BEST_BID,"JPM,100484,170"
2019-06-28 12:08:50.000000000,BEST_ASK,"JPM,100698,170"
2019-06-28 12:08:50.000000000,BEST_BID,"JPM,100484,170"
2019-06-28 12:08:50.000000000,BEST_ASK,"JPM,100698,170"
2019-06-28 12:08:50.000000000,BEST_BID,"JPM,100484,170"
2019-06-28 12:08:50.000000000,BEST_ASK,"JPM,100698,170"
2019-06-28 12:08:50.000000000,BEST_BID,"JPM,100484,170"
2019-06-28 12:08:50.000000000,BEST_ASK,"JPM,100698,170"
2019-06-28 12:08:53.891325196,QUERY_ORDER_STREAM,59
2019-06-28 12:08:53.891325196,QUERY_SPREAD,59
2019-06-28 12:09:00.000000000,QUERY_SPREAD,1
2019-06-28 12:09:00.000000000,BEST_BID,"JPM,100484,170"
2019-06-28 12:09:00.000000000,BEST_ASK,"JPM,100698,100"
2019-06-28 12:09:00.000000000,BEST_BID,"JPM,100484,170"
2019-06-28 12:09:00.000000000,BEST_ASK,"JPM,100698,100"
2019-06-28 12:09:00.000000000,BEST_BID,"JPM,100484,170"
2019-06-28 12:09:00.000000000,BEST_ASK,"JPM,100698,100"
2019-06-28 12:09:00.000000000,BEST_BID,"JPM,100484,170"
2019-06-28 12:09:00.000000000,BEST_ASK,"JPM,100698,100"
2019-06-28 12:09:00.000000000,BEST_BID,"JPM,100484,170"
2019-06-28 12:09:00.000000000,BEST_ASK,"JPM,100698,170"
2019-06-28 12:09:00.000000000,BEST_BID,"JPM,100484,170"
2019-06-28 12:09:00.000000000,BEST_ASK,"JPM,100698,170"
2019-06-28 12:09:00.000000000,BEST_BID,"JPM,100484,170"
2019-06-28 12:09:00.000000000,BEST_ASK,"JPM,100698,170"
2019-06-28 12:09:00.000000000,BEST_BID,"JPM,100484,170"
2019-06-28 12:09:00.000000000,BEST_ASK,"JPM,100698,170"
2019-06-28 12:09:00.000000000,QUERY_SPREAD,77
2019-06-28 12:09:00.000000000,BEST_BID,"JPM,100484,170"
2019-06-28 12:09:00.000000000,BEST_ASK,"JPM,100698,169"
2019-06-28 12:09:00.000000000,LAST_TRADE,"1,$100698.0000"
2019-06-28 12:09:00.000000000,QUERY_SPREAD,78
2019-06-28 12:09:00.000000000,BEST_BID,"JPM,100484,170"
2019-06-28 12:09:00.000000000,BEST_ASK,"JPM,100698,165"
2019-06-28 12:09:00.000000000,LAST_TRADE,"4,$100698.0000"
2019-06-28 12:09:00.000000000,QUERY_SPREAD,79
2019-06-28 12:09:00.000000000,BEST_BID,"JPM,100484,170"
2019-06-28 12:09:00.000000000,BEST_ASK,"JPM,100698,159"
2019-06-28 12:09:00.000000000,LAST_TRADE,"6,$100698.0000"
2019-06-28 12:09:00.000000000,QUERY_SPREAD,80
2019-06-28 12:09:00.000000000,BEST_BID,"JPM,100484,170"
2019-06-28 12:09:00.000000000,BEST_ASK,"JPM,100698,154"
2019-06-28 12:09:00.000000000,LAST_TRADE,"5,$100698.0000"
2019-06-28 12:09:00.000000000,QUERY_SPREAD,81
2019-06-28 12:09:00.000000000,BEST_BID,"JPM,100484,170"
2019-06-28 12:09:00.000000000,BEST_ASK,"JPM,100698,146"
2019-06-28 12:09:00.000000000,LAST_TRADE,"8,$100698.0000"
2019-06-28 12:09:00.000000000,QUERY_SPREAD,82
2019-06-28 12:09:00.000000000,BEST_BID,"JPM,100484,170"
2019-06-28 12:09:00.000000000,BEST_ASK,"JPM,100698,138"
2019-06-28 12:09:00.000000000,LAST_TRADE,"8,$100698.0000"
2019-06-28 12:09:00.000000000,QUERY_SPREAD,83
2019-06-28 12:09:00.000000000,BEST_BID,"JPM,100484,170"
2019-06-28 12:09:00.000000000,BEST_ASK,"JPM,100698,136"
2019-06-28 12:09:00.000000000,LAST_TRADE,"2,$100698.0000"
2019-06-28 12:09:00.000000000,QUERY_SPREAD,84
2019-06-28 12:09:00.000000000,BEST_BID,"JPM,100484,170"
2019-06-28 12:09:00.000000000,BEST_ASK,"JPM,100698,135"
2019-06-28 12:09:00.000000000,LAST_TRADE,"1,$100698.0000"
2019-06-28 12:09:00.000000000,QUERY_SPREAD,85
2019-06-28 12:09:00.000000000,BEST_BID,"JPM,100484,170"
2019-06-28 12:09:00.000000000,BEST_ASK,"JPM,100698,134"
2019-06-28 12:09:00.000000000,LAST_TRADE,"1,$100698.0000"
2019-06-28 12:09:00.000000000,QUERY_SPREAD,86
2019-06-28 12:09:00.000000000,BEST_BID,"JPM,100484,170"
2019-06-28 12:09:00.000000000,BEST_ASK,"JPM,100698,128"
2019-06-28 12:09:00.000000000,LAST_TRADE,"6,$100698.0000"
2019-06-28 12:09:00.000000000,QUERY_SPREAD,87
2019-06-28 12:09:00.000000000,BEST_BID,"JPM,100484,170"
2019-06-28 12:09:00.000000000,BEST_ASK,"JPM,100698,125"
2019-06-28 12:09:00.000000000,LAST_TRADE,"3,$100698.0000"
2019-06-28 12:09:00.000000000,QUERY_SPREAD,88
2019-06-28 12:09:00.000000000,BEST_BID,"JPM,100484,170"
2019-06-28 12:09:00.000000000,BEST_ASK,"JPM,100698,121"
2019-06-28 12:09:00.000000000,LAST_TRADE,"4,$100698.0000"
2019-06-28 12:09:00.000000000,QUERY_SPREAD,89
2019-06-28 12:09:00.000000000,BEST_BID,"JPM,100484,170"
2019-06-28 12:09:00.000000000,BEST_ASK,"JPM,100698,117"
2019-06-28 12:09:00.000000000,LAST_TRADE,"4,$100698.0000"
2019-06-28 12:09:00.000000000,QUERY_SPREAD,90
2019-06-28 12:09:00.000000000,BEST_BID,"JPM,100484,170"
2019-06-28 12:09:00.000000000,BEST_ASK,"JPM,100698,110"
2019-06-28 12:09:00.000000000,LAST_TRADE,"7,$100698.0000"
2019-06-28 12:09:00.000000000,QUERY_SPREAD,91
2019-06-28 12:09:00.000000000,BEST_BID,"JPM,100484,170"
2019-06-28 12:09:00.000000000,BEST_ASK,"JPM,100698,102"
2019-06-28 12:09:00.000000000,LAST_TRADE,"8,$100698.0000"
2019-06-28 12:09:00.000000000,QUERY_SPREAD,92
2019-06-28 12:09:00.000000000,BEST_BID,"JPM,100484,170"
2019-06-28 12:09:00.000000000,BEST_ASK,"JPM,100698,97"
2019-06-28 12:09:00.000000000,LAST_TRADE,"5,$100698.0000"
2019-06-28 12:09:00.000000000,QUERY_SPREAD,93
2019-06-28 12:09:00.000000000,BEST_BID,"JPM,100484,170"
2019-06-28 12:09:00.000000000,BEST_ASK,"JPM,100698,94"
2019-06-28 12:09:00.000000000,LAST_TRADE,"3,$100698.0000"
2019-06-28 12:09:00.000000000,QUERY_SPREAD,94
2019-06-28 12:09:00.000000000,BEST_BID,"JPM,100484,170"
2019-06-28 12:09:00.000000000,BEST_ASK,"JPM,100698,90"
2019-06-28 12:09:00.000000000,LAST_TRADE,"4,$100698.0000"
2019-06-28 12:09:00.000000000,QUERY_SPREAD,95
2019-06-28 12:09:00.000000000,BEST_BID,"JPM,100484,170"
2019-06-28 12:09:00.000000000,BEST_ASK,"JPM,100698,85"
2019-06-28 12:09:00.000000000,LAST_TRADE,"5,$100698.0000"
2019-06-28 12:09:00.000000000,QUERY_SPREAD,96
2019-06-28 12:09:00.000000000,BEST_BID,"JPM,100484,170"
2019-06-28 12:09:00.000000000,BEST_ASK,"JPM,100698,84"
2019-06-28 12:09:00.000000000,LAST_TRADE,"1,$100698.0000"
2019-06-28 12:09:00.000000000,QUERY_SPREAD,97
2019-06-28 12:09:00.000000000,BEST_BID,"JPM,100484,170"
2019-06-28 12:09:00.000000000,BEST_ASK,"JPM,100698,77"
2019-06-28 12:09:00.000000000,LAST_TRADE,"7,$100698.0000"
2019-06-28 12:09:00.000000000,QUERY_SPREAD,98
2019-06-28 12:09:00.000000000,BEST_BID,"JPM,100484,170"
2019-06-28 12:09:00.000000000,BEST_ASK,"JPM,100698,71"
2019-06-28 12:09:00.000000000,LAST_TRADE,"6,$100698.0000"
2019-06-28 12:09:00.000000000,QUERY_SPREAD,99
2019-06-28 12:09:00.000000000,BEST_BID,"JPM,100484,170"
2019-06-28 12:09:00.000000000,BEST_ASK,"JPM,100698,66"
2019-06-28 12:09:00.000000000,LAST_TRADE,"5,$100698.0000"
2019-06-28 12:09:00.000000000,QUERY_SPREAD,100
2019-06-28 12:09:00.000000000,BEST_BID,"JPM,100484,170"
2019-06-28 12:09:00.000000000,BEST_ASK,"JPM,100698,59"
2019-06-28 12:09:00.000000000,LAST_TRADE,"7,$100698.0000"
2019-06-28 12:09:00.000000000,QUERY_SPREAD,101
2019-06-28 12:09:00.000000000,QUERY_ORDER_STREAM,101
2019-06-28 12:09:10.000000000,QUERY_SPREAD,1
2019-06-28 12:09:10.000000000,BEST_BID,"JPM,100484,170"
2019-06-28 12:09:10.000000000,BEST_ASK,"JPM,100703,100"
2019-06-28 12:09:10.000000000,BEST_BID,"JPM,100484,170"
2019-06-28 12:09:10.000000000,BEST_ASK,"JPM,100703,100"
2019-06-28 12:09:10.000000000,BEST_BID,"JPM,100484,170"
2019-06-28 12:09:10.000000000,BEST_ASK,"JPM,100703,100"
2019-06-28 12:09:10.000000000,BEST_BID,"JPM,100484,170"
2019-06-28 12:09:10.000000000,BEST_ASK,"JPM,100703,100"
2019-06-28 12:09:10.000000000,BEST_BID,"JPM,100484,170"
2019-06-28 12:09:10.000000000,BEST_ASK,"JPM,100703,170"
2019-06-28 12:09:10.000000000,BEST_BID,"JPM,100484,170"
2019-06-28 12:09:10.000000000,BEST_ASK,"JPM,100703,170"
2019-06-28 12:09:10.000000000,BEST_BID,"JPM,100484,170"
2019-06-28 12:09:10.000000000,BEST_ASK,"JPM,100703,170"
2019-06-28 12:09:10.000000000,BEST_BID,"JPM,100484,170"
2019-06-28 12:09:10.000000000,BEST_ASK,"JPM,100703,170"
2019-06-28 12:09:20.000000000,QUERY_SPREAD,1
2019-06-28 12:09:20.000000000,BEST_BID,"JPM,100484,240"
2019-06-28 12:09:20.000000000,BEST_ASK,"JPM,100703,100"
2019-06-28 12:09:20.000000000,BEST_BID,"JPM,100484,240"
2019-06-28 12:09:20.000000000,BEST_ASK,"JPM,100703,100"
2019-06-28 12:09:20.000000000,BEST_BID,"JPM,100484,240"
2019-06-28 12:09:20.000000000,BEST_ASK,"JPM,100703,240"
2019-06-28 12:09:20.000000000,BEST_BID,"JPM,100484,240"
2019-06-28 12:09:20.000000000,BEST_ASK,"JPM,100703,240"
2019-06-28 12:09:30.000000000,QUERY_SPREAD,1
2019-06-28 12:09:30.000000000,BEST_BID,"JPM,100484,240"
2019-06-28 12:09:30.000000000,BEST_ASK,"JPM,100703,100"
2019-06-28 12:09:30.000000000,BEST_BID,"JPM,100484,240"
2019-06-28 12:09:30.000000000,BEST_ASK,"JPM,100703,100"
2019-06-28 12:09:30.000000000,BEST_BID,"JPM,100484,240"
2019-06-28 12:09:30.000000000,BEST_ASK,"JPM,100703,240"
2019-06-28 12:09:30.000000000,BEST_BID,"JPM,100484,240"
2019-06-28 12:09:30.000000000,BEST_ASK,"JPM,100703,240"
2019-06-28 12:09:35.057836142,QUERY_ORDER_STREAM,62
2019-06-28 12:09:35.057836142,QUERY_SPREAD,62
2019-06-28 12:09:35.057836142,BEST_BID,"JPM,100484,240"
2019-06-28 12:09:35.057836142,BEST_ASK,"JPM,100698,100"
2019-06-28 12:09:38.904831410,QUERY_SPREAD,22
2019-06-28 12:09:38.904831410,BEST_BID,"JPM,100484,140"
2019-06-28 12:09:38.904831410,BEST_ASK,"JPM,100698,100"
2019-06-28 12:09:40.000000000,QUERY_SPREAD,1
2019-06-28 12:09:40.000000000,BEST_BID,"JPM,100481,380"
2019-06-28 12:09:40.000000000,BEST_ASK,"JPM,100698,100"
2019-06-28 12:09:40.000000000,BEST_BID,"JPM,100481,380"
2019-06-28 12:09:40.000000000,BEST_ASK,"JPM,100698,380"
2019-06-28 12:09:42.121332329,QUERY_SPREAD,23
2019-06-28 12:09:42.121332329,BEST_BID,"JPM,100625,100"
2019-06-28 12:09:42.121332329,BEST_ASK,"JPM,100698,380"
2019-06-28 12:09:50.000000000,QUERY_SPREAD,1
2019-06-28 12:09:50.000000000,BEST_BID,"JPM,100625,195"
2019-06-28 12:09:50.000000000,BEST_ASK,"JPM,100698,100"
2019-06-28 12:09:50.000000000,BEST_BID,"JPM,100625,195"
2019-06-28 12:09:50.000000000,BEST_ASK,"JPM,100698,100"
2019-06-28 12:09:50.000000000,BEST_BID,"JPM,100625,195"
2019-06-28 12:09:50.000000000,BEST_ASK,"JPM,100698,100"
2019-06-28 12:09:50.000000000,BEST_BID,"JPM,100625,195"
2019-06-28 12:09:50.000000000,BEST_ASK,"JPM,100698,195"
2019-06-28 12:09:50.000000000,BEST_BID,"JPM,100625,195"
2019-06-28 12:09:50.000000000,BEST_ASK,"JPM,100698,195"
2019-06-28 12:09:50.000000000,BEST_BID,"JPM,100625,195"
2019-06-28 12:09:50.000000000,BEST_ASK,"JPM,100698,195"
2019-06-28 12:09:57.401827451,QUERY_ORDER_STREAM,76
2019-06-28 12:09:57.401827451,QUERY_SPREAD,76
2019-06-28 12:10:00.000000000,QUERY_SPREAD,1
2019-06-28 12:10:00.000000000,BEST_BID,"JPM,100625,380"
2019-06-28 12:10:00.000000000,BEST_ASK,"JPM,100698,100"
2019-06-28 12:10:00.000000000,BEST_BID,"JPM,100625,380"
2019-06-28 12:10:00.000000000,BEST_ASK,"JPM,100698,380"
2019-06-28 12:10:00.000000000,QUERY_SPREAD,77
2019-06-28 12:10:00.000000000,BEST_BID,"JPM,100625,380"
2019-06-28 12:10:00.000000000,BEST_ASK,"JPM,100698,379"
2019-06-28 12:10:00.000000000,LAST_TRADE,"1,$100698.0000"
2019-06-28 12:10:00.000000000,QUERY_SPREAD,78
2019-06-28 12:10:00.000000000,BEST_BID,"JPM,100625,380"
2019-06-28 12:10:00.000000000,BEST_ASK,"JPM,100698,375"
2019-06-28 12:10:00.000000000,LAST_TRADE,"4,$100698.0000"
2019-06-28 12:10:00.000000000,QUERY_SPREAD,79
2019-06-28 12:10:00.000000000,BEST_BID,"JPM,100625,380"
2019-06-28 12:10:00.000000000,BEST_ASK,"JPM,100698,369"
2019-06-28 12:10:00.000000000,LAST_TRADE,"6,$100698.0000"
2019-06-28 12:10:00.000000000,QUERY_SPREAD,80
2019-06-28 12:10:00.000000000,BEST_BID,"JPM,100625,380"
2019-06-28 12:10:00.000000000,BEST_ASK,"JPM,100698,364"
2019-06-28 12:10:00.000000000,LAST_TRADE,"5,$100698.0000"
2019-06-28 12:10:00.000000000,QUERY_SPREAD,81
2019-06-28 12:10:00.000000000,BEST_BID,"JPM,100625,380"
2019-06-28 12:10:00.000000000,BEST_ASK,"JPM,100698,356"
2019-06-28 12:10:00.000000000,LAST_TRADE,"8,$100698.0000"
2019-06-28 12:10:00.000000000,QUERY_SPREAD,82
2019-06-28 12:10:00.000000000,BEST_BID,"JPM,100625,380"
2019-06-28 12:10:00.000000000,BEST_ASK,"JPM,100698,348"
2019-06-28 12:10:00.000000000,LAST_TRADE,"8,$100698.0000"
2019-06-28 12:10:00.000000000,QUERY_SPREAD,83
2019-06-28 12:10:00.000000000,BEST_BID,"JPM,100625,380"
2019-06-28 12:10:00.000000000,BEST_ASK,"JPM,100698,346"
2019-06-28 12:10:00.000000000,LAST_TRADE,"2,$100698.0000"
2019-06-28 12:10:00.000000000,QUERY_SPREAD,84
2019-06-28 12:10:00.000000000,BEST_BID,"JPM,100625,380"
2019-06-28 12:10:00.000000000,BEST_ASK,"JPM,100698,345"
2019-06-28 12:10:00.000000000,LAST_TRADE,"1,$100698.0000"
2019-06-28 12:10:00.000000000,QUERY_SPREAD,85
2019-06-28 12:10:00.000000000,BEST_BID,"JPM,100625,380"
2019-06-28 12:10:00.000000000,BEST_ASK,"JPM,100698,344"
2019-06-28 12:10:00.000000000,LAST_TRADE,"1,$100698.0000"
2019-06-28 12:10:00.000000000,QUERY_SPREAD,86
2019-06-28 12:10:00.000000000,BEST_BID,"JPM,100625,380"
2019-06-28 12:10:00.000000000,BEST_ASK,"JPM,100698,338"
2019-06-28 12:10:00.000000000,LAST_TRADE,"6,$100698.0000"
2019-06-28 12:10:00.000000000,QUERY_SPREAD,87
2019-06-28 12:10:00.000000000,BEST_BID,"JPM,100625,380"
2019-06-28 12:10:00.000000000,BEST_ASK,"JPM,100698,335"
2019-06-28 12:10:00.000000000,LAST_TRADE,"3,$100698.0000"
2019-06-28 12:10:00.000000000,QUERY_SPREAD,88
2019-06-28 12:10:00.000000000,BEST_BID,"JPM,100625,380"
2019-06-28 12:10:00.000000000,BEST_ASK,"JPM,100698,331"
2019-06-28 12:10:00.000000000,LAST_TRADE,"4,$100698.0000"
2019-06-28 12:10:00.000000000,QUERY_SPREAD,89
2019-06-28 12:10:00.000000000,BEST_BID,"JPM,100625,380"
2019-06-28 12:10:00.000000000,BEST_ASK,"JPM,100698,327"
2019-06-28 12:10:00.000000000,LAST_TRADE,"4,$100698.0000"
2019-06-28 12:10:00.000000000,QUERY_SPREAD,90
2019-06-28 12:10:00.000000000,BEST_BID,"JPM,100625,380"
2019-06-28 12:10:00.000000000,BEST_ASK,"JPM,100698,320"
2019-06-28 12:10:00.000000000,LAST_TRADE,"7,$100698.0000"
2019-06-28 12:10:00.000000000,QUERY_SPREAD,91
2019-06-28 12:10:00.000000000,BEST_BID,"JPM,100625,380"
2019-06-28 12:10:00.000000000,BEST_ASK,"JPM,100698,312"
2019-06-28 12:10:00.000000000,LAST_TRADE,"8,$100698.0000"
2019-06-28 12:10:00.000000000,QUERY_SPREAD,92
2019-06-28 12:10:00.000000000,BEST_BID,"JPM,100625,380"
2019-06-28 12:10:00.000000000,BEST_ASK,"JPM,100698,307"
2019-06-28 12:10:00.000000000,LAST_TRADE,"5,$100698.0000"
2019-06-28 12:10:00.000000000,QUERY_SPREAD,93
2019-06-28 12:10:00.000000000,BEST_BID,"JPM,100625,380"
2019-06-28 12:10:00.000000000,BEST_ASK,"JPM,100698,304"
2019-06-28 12:10:00.000000000,LAST_TRADE,"3,$100698.0000"
2019-06-28 12:10:00.000000000,QUERY_SPREAD,94
2019-06-28 12:10:00.000000000,BEST_BID,"JPM,100625,380"
2019-06-28 12:10:00.000000000,BEST_ASK,"JPM,100698,300"
2019-06-28 12:10:00.000000000,LAST_TRADE,"4,$100698.0000"
2019-06-28 12:10:00.000000000,QUERY_SPREAD,95
2019-06-28 12:10:00.000000000,BEST_BID,"JPM,100625,380"
2019-06-28 12:10:00.000000000,BEST_ASK,"JPM,100698,295"
2019-06-28 12:10:00.000000000,LAST_TRADE,"5,$100698.0000"
2019-06-28 12:10:00.000000000,QUERY_SPREAD,96
2019-06-28 12:10:00.000000000,BEST_BID,"JPM,100625,380"
2019-06-28 12:10:00.000000000,BEST_ASK,"JPM,100698,294"
2019-06-28 12:10:00.000000000,LAST_TRADE,"1,$100698.0000"
2019-06-28 12:10:00.000000000,QUERY_SPREAD,97
2019-06-28 12:10:00.000000000,BEST_BID,"JPM,100625,380"
2019-06-28 12:10:00.000000000,BEST_ASK,"JPM,100698,287"
2019-06-28 12:10:00.000000000,LAST_TRADE,"7,$100698.0000"
2019-06-28 12:10:00.000000000,QUERY_SPREAD,98
2019-06-28 12:10:00.000000000,BEST_BID,"JPM,100625,380"
2019-06-28 12:10:00.000000000,BEST_ASK,"JPM,100698,281"
2019-06-28 12:10:00.000000000,LAST_TRADE,"6,$100698.0000"
2019-06-28 12:10:00.000000000,QUERY_SPREAD,99
2019-06-28 12:10:00.000000000,BEST_BID,"JPM,100625,380"
2019-06-28 12:10:00.000000000,BEST_ASK,"JPM,100698,276"
2019-06-28 12:10:00.000000000,LAST_TRADE,"5,$100698.0000"
2019-06-28 12:10:00.000000000,QUERY_SPREAD,100
2019-06-28 12:10:00.000000000,BEST_BID,"JPM,100625,380"
2019-06-28 12:10:00.000000000,BEST_ASK,"JPM,100698,269"
2019-06-28 12:10:00.000000000,LAST_TRADE,"7,$100698.0000"
2019-06-28 12:10:00.000000000,QUERY_SPREAD,101
2019-06-28 12:10:00.000000000,QUERY_ORDER_STREAM,101
2019-06-28 12:10:09.000965021,QUERY_ORDER_STREAM,59
2019-06-28 12:10:09.000965021,QUERY_SPREAD,59
2019-06-28 12:10:10.000000000,QUERY_SPREAD,1
2019-06-28 12:10:10.000000000,BEST_BID,"JPM,100625,195"
2019-06-28 12:10:10.000000000,BEST_ASK,"JPM,100703,100"
2019-06-28 12:10:10.000000000,BEST_BID,"JPM,100625,195"
2019-06-28 12:10:10.000000000,BEST_ASK,"JPM,100703,100"
2019-06-28 12:10:10.000000000,BEST_BID,"JPM,100625,195"
2019-06-28 12:10:10.000000000,BEST_ASK,"JPM,100703,100"
2019-06-28 12:10:10.000000000,BEST_BID,"JPM,100625,195"
2019-06-28 12:10:10.000000000,BEST_ASK,"JPM,100703,195"
2019-06-28 12:10:10.000000000,BEST_BID,"JPM,100625,195"
2019-06-28 12:10:10.000000000,BEST_ASK,"JPM,100703,195"
2019-06-28 12:10:10.000000000,BEST_BID,"JPM,100625,195"
2019-06-28 12:10:10.000000000,BEST_ASK,"JPM,100703,195"
2019-06-28 12:10:20.000000000,QUERY_SPREAD,1
2019-06-28 12:10:20.000000000,BEST_BID,"JPM,100625,240"
2019-06-28 12:10:20.000000000,BEST_ASK,"JPM,100703,100"
2019-06-28 12:10:20.000000000,BEST_BID,"JPM,100625,240"
2019-06-28 12:10:20.000000000,BEST_ASK,"JPM,100703,100"
2019-06-28 12:10:20.000000000,BEST_BID,"JPM,100625,240"
2019-06-28 12:10:20.000000000,BEST_ASK,"JPM,100703,240"
2019-06-28 12:10:20.000000000,BEST_BID,"JPM,100625,240"
2019-06-28 12:10:20.000000000,BEST_ASK,"JPM,100703,240"
2019-06-28 12:10:30.000000000,QUERY_SPREAD,1
2019-06-28 12:10:30.000000000,BEST_BID,"JPM,100625,195"
2019-06-28 12:10:30.000000000,BEST_ASK,"JPM,100703,100"
2019-06-28 12:10:30.000000000,BEST_BID,"JPM,100625,195"
2019-06-28 12:10:30.000000000,BEST_ASK,"JPM,100703,100"
2019-06-28 12:10:30.000000000,BEST_BID,"JPM,100625,195"
2019-06-28 12:10:30.000000000,BEST_ASK,"JPM,100703,100"
2019-06-28 12:10:30.000000000,BEST_BID,"JPM,100625,195"
2019-06-28 12:10:30.000000000,BEST_ASK,"JPM,100703,195"
2019-06-28 12:10:30.000000000,BEST_BID,"JPM,100625,195"
2019-06-28 12:10:30.000000000,BEST_ASK,"JPM,100703,195"
2019-06-28 12:10:30.000000000,BEST_BID,"JPM,100625,195"
2019-06-28 12:10:30.000000000,BEST_ASK,"JPM,100703,195"
2019-06-28 12:10:33.105876492,QUERY_SPREAD,9
2019-06-28 12:10:33.105876492,BEST_BID,"JPM,100625,195"
2019-06-28 12:10:33.105876492,BEST_ASK,"JPM,100703,195"
2019-06-28 12:10:36.832262383,QUERY_SPREAD,41
2019-06-28 12:10:36.832262383,BEST_BID,"JPM,100693,100"
2019-06-28 12:10:36.832262383,BEST_ASK,"JPM,100703,195"
2019-06-28 12:10:40.000000000,QUERY_SPREAD,1
2019-06-28 12:10:40.000000000,BEST_BID,"JPM,100693,170"
2019-06-28 12:10:40.000000000,BEST_ASK,"JPM,100703,100"
2019-06-28 12:10:40.000000000,BEST_BID,"JPM,100693,170"
2019-06-28 12:10:40.000000000,BEST_ASK,"JPM,100703,100"
2019-06-28 12:10:40.000000000,BEST_BID,"JPM,100693,170"
2019-06-28 12:10:40.000000000,BEST_ASK,"JPM,100703,100"
2019-06-28 12:10:40.000000000,BEST_BID,"JPM,100693,170"
2019-06-28 12:10:40.000000000,BEST_ASK,"JPM,100703,100"
2019-06-28 12:10:40.000000000,BEST_BID,"JPM,100693,170"
2019-06-28 12:10:40.000000000,BEST_ASK,"JPM,100703,170"
2019-06-28 12:10:40.000000000,BEST_BID,"JPM,100693,170"
2019-06-28 12:10:40.000000000,BEST_ASK,"JPM,100703,170"
2019-06-28 12:10:40.000000000,BEST_BID,"JPM,100693,170"
2019-06-28 12:10:40.000000000,BEST_ASK,"JPM,100703,170"
2019-06-28 12:10:40.000000000,BEST_BID,"JPM,100693,170"
2019-06-28 12:10:40.000000000,BEST_ASK,"JPM,100703,170"
2019-06-28 12:10:44.997430865,QUERY_ORDER_STREAM,55
2019-06-28 12:10:44.997430865,QUERY_SPREAD,55
2019-06-28 12:10:44.997430865,BEST_BID,"JPM,100698,100"
2019-06-28 12:10:44.997430865,BEST_ASK,"JPM,100703,170"
2019-06-28 12:10:50.000000000,QUERY_SPREAD,1
2019-06-28 12:10:50.000000000,BEST_BID,"JPM,100698,380"
2019-06-28 12:10:50.000000000,BEST_ASK,"JPM,100703,100"
2019-06-28 12:10:50.000000000,BEST_BID,"JPM,100698,380"
2019-06-28 12:10:50.000000000,BEST_ASK,"JPM,100703,380"
2019-06-28 12:10:56.261525457,QUERY_ORDER_STREAM,69
2019-06-28 12:10:56.261525457,QUERY_SPREAD,69
2019-06-28 12:10:56.261525457,BEST_BID,"JPM,100698,480"
2019-06-28 12:10:56.261525457,BEST_ASK,"JPM,100703,380"
2019-06-28 12:11:00.000000000,QUERY_SPREAD,1
2019-06-28 12:11:00.000000000,BEST_BID,"JPM,100698,270"
2019-06-28 12:11:00.000000000,BEST_ASK,"JPM,100703,100"
2019-06-28 12:11:00.000000000,BEST_BID,"JPM,100698,270"
2019-06-28 12:11:00.000000000,BEST_ASK,"JPM,100703,100"
2019-06-28 12:11:00.000000000,BEST_BID,"JPM,100698,270"
2019-06-28 12:11:00.000000000,BEST_ASK,"JPM,100703,100"
2019-06-28 12:11:00.000000000,BEST_BID,"JPM,100698,270"
2019-06-28 12:11:00.000000000,BEST_ASK,"JPM,100703,100"
2019-06-28 12:11:00.000000000,BEST_BID,"JPM,100698,270"
2019-06-28 12:11:00.000000000,BEST_ASK,"JPM,100703,170"
2019-06-28 12:11:00.000000000,BEST_BID,"JPM,100698,270"
2019-06-28 12:11:00.000000000,BEST_ASK,"JPM,100703,170"
2019-06-28 12:11:00.000000000,BEST_BID,"JPM,100698,270"
2019-06-28 12:11:00.000000000,BEST_ASK,"JPM,100703,170"
2019-06-28 12:11:00.000000000,BEST_BID,"JPM,100698,270"
2019-06-28 12:11:00.000000000,BEST_ASK,"JPM,100703,170"
2019-06-28 12:11:00.000000000,QUERY_SPREAD,77
2019-06-28 12:11:00.000000000,BEST_BID,"JPM,100698,270"
2019-06-28 12:11:00.000000000,BEST_ASK,"JPM,100703,169"
2019-06-28 12:11:00.000000000,LAST_TRADE,"1,$100703.0000"
2019-06-28 12:11:00.000000000,QUERY_SPREAD,78
2019-06-28 12:11:00.000000000,BEST_BID,"JPM,100698,270"
2019-06-28 12:11:00.000000000,BEST_ASK,"JPM,100703,165"
2019-06-28 12:11:00.000000000,LAST_TRADE,"4,$100703.0000"
2019-06-28 12:11:00.000000000,QUERY_SPREAD,79
2019-06-28 12:11:00.000000000,BEST_BID,"JPM,100698,270"
2019-06-28 12:11:00.000000000,BEST_ASK,"JPM,100703,159"
2019-06-28 12:11:00.000000000,LAST_TRADE,"6,$100703.0000"
2019-06-28 12:11:00.000000000,QUERY_SPREAD,80
2019-06-28 12:11:00.000000000,BEST_BID,"JPM,100698,270"
2019-06-28 12:11:00.000000000,BEST_ASK,"JPM,100703,154"
2019-06-28 12:11:00.000000000,LAST_TRADE,"5,$100703.0000"
2019-06-28 12:11:00.000000000,QUERY_SPREAD,81
2019-06-28 12:11:00.000000000,BEST_BID,"JPM,100698,270"
2019-06-28 12:11:00.000000000,BEST_ASK,"JPM,100703,146"
2019-06-28 12:11:00.000000000,LAST_TRADE,"8,$100703.0000"
2019-06-28 12:11:00.000000000,QUERY_SPREAD,82
2019-06-28 12:11:00.000000000,BEST_BID,"JPM,100698,270"
2019-06-28 12:11:00.000000000,BEST_ASK,"JPM,100703,138"
2019-06-28 12:11:00.000000000,LAST_TRADE,"8,$100703.0000"
2019-06-28 12:11:00.000000000,QUERY_SPREAD,83
2019-06-28 12:11:00.000000000,BEST_BID,"JPM,100698,270"
2019-06-28 12:11:00.000000000,BEST_ASK,"JPM,100703,136"
2019-06-28 12:11:00.000000000,LAST_TRADE,"2,$100703.0000"
2019-06-28 12:11:00.000000000,QUERY_SPREAD,84
2019-06-28 12:11:00.000000000,BEST_BID,"JPM,100698,270"
2019-06-28 12:11:00.000000000,BEST_ASK,"JPM,100703,135"
2019-06-28 12:11:00.000000000,LAST_TRADE,"1,$100703.0000"
2019-06-28 12:11:00.000000000,QUERY_SPREAD,85
2019-06-28 12:11:00.000000000,BEST_BID,"JPM,100698,270"
2019-06-28 12:11:00.000000000,BEST_ASK,"JPM,100703,134"
2019-06-28 12:11:00.000000000,LAST_TRADE,"1,$100703.0000"
2019-06-28 12:11:00.000000000,QUERY_SPREAD,86
2019-06-28 12:11:00.000000000,BEST_BID,"JPM,100698,270"
2019-06-28 12:11:00.000000000,BEST_ASK,"JPM,100703,128"
2019-06-28 12:11:00.000000000,LAST_TRADE,"6,$100703.0000"
2019-06-28 12:11:00.000000000,QUERY_SPREAD,87
2019-06-28 12:11:00.000000000,BEST_BID,"JPM,100698,270"
2019-06-28 12:11:00.000000000,BEST_ASK,"JPM,100703,125"
2019-06-28 12:11:00.000000000,LAST_TRADE,"3,$100703.0000"
2019-06-28 12:11:00.000000000,QUERY_SPREAD,88
2019-06-28 12:11:00.000000000,BEST_BID,"JPM,100698,270"
2019-06-28 12:11:00.000000000,BEST_ASK,"JPM,100703,121"
2019-06-28 12:11:00.000000000,LAST_TRADE,"4,$100703.0000"
2019-06-28 12:11:00.000000000,QUERY_SPREAD,89
2019-06-28 12:11:00.000000000,BEST_BID,"JPM,100698,270"
2019-06-28 12:11:00.000000000,BEST_ASK,"JPM,100703,117"
2019-06-28 12:11:00.000000000,LAST_TRADE,"4,$100703.0000"
2019-06-28 12:11:00.000000000,QUERY_SPREAD,90
2019-06-28 12:11:00.000000000,BEST_BID,"JPM,100698,270"
2019-06-28 12:11:00.000000000,BEST_ASK,"JPM,100703,110"
2019-06-28 12:11:00.000000000,LAST_TRADE,"7,$100703.0000"
2019-06-28 12:11:00.000000000,QUERY_SPREAD,91
2019-06-28 12:11:00.000000000,BEST_BID,"JPM,100698,270"
2019-06-28 12:11:00.000000000,BEST_ASK,"JPM,100703,102"
2019-06-28 12:11:00.000000000,LAST_TRADE,"8,$100703.0000"
2019-06-28 12:11:00.000000000,QUERY_SPREAD,92
2019-06-28 12:11:00.000000000,BEST_BID,"JPM,100698,270"
2019-06-28 12:11:00.000000000,BEST_ASK,"JPM,100703,97"
2019-06-28 12:11:00.000000000,LAST_TRADE,"5,$100703.0000"
2019-06-28 12:11:00.000000000,QUERY_SPREAD,93
2019-06-28 12:11:00.000000000,BEST_BID,"JPM,100698,270"
2019-06-28 12:11:00.000000000,BEST_ASK,"JPM,100703,94"
2019-06-28 12:11:00.000000000,LAST_TRADE,"3,$100703.0000"
2019-06-28 12:11:00.000000000,QUERY_SPREAD,94
2019-06-28 12:11:00.000000000,BEST_BID,"JPM,100698,270"
2019-06-28 12:11:00.000000000,BEST_ASK,"JPM,100703,90"
2019-06-28 12:11:00.000000000,LAST_TRADE,"4,$100703.0000"
2019-06-28 12:11:00.000000000,QUERY_SPREAD,95
2019-06-28 12:11:00.000000000,BEST_BID,"JPM,100698,270"
2019-06-28 12:11:00.000000000,BEST_ASK,"JPM,100703,85"
2019-06-28 12:11:00.000000000,LAST_TRADE,"5,$100703.0000"
2019-06-28 12:11:00.000000000,QUERY_SPREAD,96
2019-06-28 12:11:00.000000000,BEST_BID,"JPM,100698,270"
2019-06-28 12:11:00.000000000,BEST_ASK,"JPM,100703,84"
2019-06-28 12:11:00.000000000,LAST_TRADE,"1,$100703.0000"
2019-06-28 12:11:00.000000000,QUERY_SPREAD,97
2019-06-28 12:11:00.000000000,BEST_BID,"JPM,100698,270"
2019-06-28 12:11:00.000000000,BEST_ASK,"JPM,100703,77"
2019-06-28 12:11:00.000000000,LAST_TRADE,"7,$100703.0000"
2019-06-28 12:11:00.000000000,QUERY_SPREAD,98
2019-06-28 12:11:00.000000000,BEST_BID,"JPM,100698,270"
2019-06-28 12:11:00.000000000,BEST_ASK,"JPM,100703,71"
2019-06-28 12:11:00.000000000,LAST_TRADE,"6,$100703.0000"
2019-06-28 12:11:00.000000000,QUERY_SPREAD,99
2019-06-28 12:11:00.000000000,BEST_BID,"JPM,100698,270"
2019-06-28 12:11:00.000000000,BEST_ASK,"JPM,100703,66"
2019-06-28 12:11:00.000000000,LAST_TRADE,"5,$100703.0000"
2019-06-28 12:11:00.000000000,QUERY_SPREAD,100
2019-06-28 12:11:00.000000000,BEST_BID,"JPM,100698,270"
2019-06-28 12:11:00.000000000,BEST_ASK,"JPM,100703,59"
2019-06-28 12:11:00.000000000,LAST_TRADE,"7,$100703.0000"
2019-06-28 12:11:00.000000000,QUERY_SPREAD,101
2019-06-28 12:11:00.000000000,QUERY_ORDER_STREAM,101
2019-06-28 12:11:09.699288724,QUERY_SPREAD,4
2019-06-28 12:11:09.699288724,BEST_BID,"JPM,100703,41"
2019-06-28 12:11:09.699288724,BEST_ASK,"JPM,100764,170"
2019-06-28 12:11:09.699288724,LAST_TRADE,"59,$100703.0000"
2019-06-28 12:11:10.000000000,QUERY_SPREAD,1
2019-06-28 12:11:10.000000000,BEST_BID,"JPM,100703,111"
2019-06-28 12:11:10.000000000,BEST_ASK,"JPM,100764,100"
2019-06-28 12:11:10.000000000,BEST_BID,"JPM,100703,111"
2019-06-28 12:11:10.000000000,BEST_ASK,"JPM,100764,100"
2019-06-28 12:11:10.000000000,BEST_BID,"JPM,100703,111"
2019-06-28 12:11:10.000000000,BEST_ASK,"JPM,100764,100"
2019-06-28 12:11:10.000000000,BEST_BID,"JPM,100703,111"
2019-06-28 12:11:10.000000000,BEST_ASK,"JPM,100764,100"
2019-06-28 12:11:10.000000000,BEST_BID,"JPM,100703,111"
2019-06-28 12:11:10.000000000,BEST_ASK,"JPM,100764,170"
2019-06-28 12:11:10.000000000,BEST_BID,"JPM,100703,111"
2019-06-28 12:11:10.000000000,BEST_ASK,"JPM,100764,170"
2019-06-28 12:11:10.000000000,BEST_BID,"JPM,100703,111"
2019-06-28 12:11:10.000000000,BEST_ASK,"JPM,100764,170"
2019-06-28 12:11:10.000000000,BEST_BID,"JPM,100703,111"
2019-06-28 12:11:10.000000000,BEST_ASK,"JPM,100764,170"
2019-06-28 12:11:11.544863306,QUERY_ORDER_STREAM,71
2019-06-28 12:11:11.544863306,QUERY_SPREAD,71
2019-06-28 12:11:20.000000000,QUERY_SPREAD,1
2019-06-28 12:11:20.000000000,BEST_BID,"JPM,100703,321"
2019-06-28 12:11:20.000000000,BEST_ASK,"JPM,100764,100"
2019-06-28 12:11:20.000000000,BEST_BID,"JPM,100703,321"
2019-06-28 12:11:20.000000000,BEST_ASK,"JPM,100764,380"
2019-06-28 12:11:26.869229972,QUERY_SPREAD,17
2019-06-28 12:11:26.869229972,BEST_BID,"JPM,100703,321"
2019-06-28 12:11:26.869229972,BEST_ASK,"JPM,100764,280"
2019-06-28 12:11:26.869229972,LAST_TRADE,"100,$100764.0000"
2019-06-28 12:11:30.000000000,QUERY_SPREAD,1
2019-06-28 12:11:30.000000000,BEST_BID,"JPM,100703,111"
2019-06-28 12:11:30.000000000,BEST_ASK,"JPM,100873,100"
2019-06-28 12:11:30.000000000,BEST_BID,"JPM,100703,111"
2019-06-28 12:11:30.000000000,BEST_ASK,"JPM,100873,100"
2019-06-28 12:11:30.000000000,BEST_BID,"JPM,100703,111"
2019-06-28 12:11:30.000000000,BEST_ASK,"JPM,100873,100"
2019-06-28 12:11:30.000000000,BEST_BID,"JPM,100703,111"
2019-06-28 12:11:30.000000000,BEST_ASK,"JPM,100873,100"
2019-06-28 12:11:30.000000000,BEST_BID,"JPM,100703,111"
2019-06-28 12:11:30.000000000,BEST_ASK,"JPM,100873,170"
2019-06-28 12:11:30.000000000,BEST_BID,"JPM,100703,111"
2019-06-28 12:11:30.000000000,BEST_ASK,"JPM,100873,170"
2019-06-28 12:11:30.000000000,BEST_BID,"JPM,100703,111"
2019-06-28 12:11:30.000000000,BEST_ASK,"JPM,100873,170"
2019-06-28 12:11:30.000000000,BEST_BID,"JPM,100703,111"
2019-06-28 12:11:30.000000000,BEST_ASK,"JPM,100873,170"
2019-06-28 12:11:40.000000000,QUERY_SPREAD,1
2019-06-28 12:11:40.000000000,BEST_BID,"JPM,100703,111"
2019-06-28 12:11:40.000000000,BEST_ASK,"JPM,100873,100"
2019-06-28 12:11:40.000000000,BEST_BID,"JPM,100703,111"
2019-06-28 12:11:40.000000000,BEST_ASK,"JPM,100873,100"
2019-06-28 12:11:40.000000000,BEST_BID,"JPM,100703,111"
2019-06-28 12:11:40.000000000,BEST_ASK,"JPM,100873,100"
2019-06-28 12:11:40.000000000,BEST_BID,"JPM,100703,111"
2019-06-28 12:11:40.000000000,BEST_ASK,"JPM,100873,100"
2019-06-28 12:11:40.000000000,BEST_BID,"JPM,100703,111"
2019-06-28 12:11:40.000000000,BEST_ASK,"JPM,100873,170"
2019-06-28 12:11:40.000000000,BEST_BID,"JPM,100703,111"
2019-06-28 12:11:40.000000000,BEST_ASK,"JPM,100873,170"
2019-06-28 12:11:40.000000000,BEST_BID,"JPM,100703,111"
2019-06-28 12:11:40.000000000,BEST_ASK,"JPM,100873,170"
2019-06-28 12:11:40.000000000,BEST_BID,"JPM,100703,111"
2019-06-28 12:11:40.000000000,BEST_ASK,"JPM,100873,170"
2019-06-28 12:11:50.000000000,QUERY_SPREAD,1
2019-06-28 12:11:50.000000000,BEST_BID,"JPM,100703,136"
2019-06-28 12:11:50.000000000,BEST_ASK,"JPM,100873,100"
2019-06-28 12:11:50.000000000,BEST_BID,"JPM,100703,136"
2019-06-28 12:11:50.000000000,BEST_ASK,"JPM,100873,100"
2019-06-28 12:11:50.000000000,BEST_BID,"JPM,100703,136"
2019-06-28 12:11:50.000000000,BEST_ASK,"JPM,100873,100"
2019-06-28 12:11:50.000000000,BEST_BID,"JPM,100703,136"
2019-06-28 12:11:50.000000000,BEST_ASK,"JPM,100873,195"
2019-06-28 12:11:50.000000000,BEST_BID,"JPM,100703,136"
2019-06-28 12:11:50.000000000,BEST_ASK,"JPM,100873,195"
2019-06-28 12:11:50.000000000,BEST_BID,"JPM,100703,136"
2019-06-28 12:11:50.000000000,BEST_ASK,"JPM,100873,195"
2019-06-28 12:11:57.877496102,QUERY_ORDER_STREAM,56
2019-06-28 12:11:57.877496102,QUERY_SPREAD,56
2019-06-28 12:12:00.000000000,QUERY_SPREAD,1
2019-06-28 12:12:00.000000000,BEST_BID,"JPM,100703,321"
2019-06-28 12:12:00.000000000,BEST_ASK,"JPM,100873,100"
2019-06-28 12:12:00.000000000,BEST_BID,"JPM,100703,321"
2019-06-28 12:12:00.000000000,BEST_ASK,"JPM,100873,380"
2019-06-28 12:12:00.000000000,QUERY_SPREAD,77
2019-06-28 12:12:00.000000000,BEST_BID,"JPM,100703,321"
2019-06-28 12:12:00.000000000,BEST_ASK,"JPM,100873,379"
2019-06-28 12:12:00.000000000,LAST_TRADE,"1,$100873.0000"
2019-06-28 12:12:00.000000000,QUERY_SPREAD,78
2019-06-28 12:12:00.000000000,BEST_BID,"JPM,100703,321"
2019-06-28 12:12:00.000000000,BEST_ASK,"JPM,100873,375"
2019-06-28 12:12:00.000000000,LAST_TRADE,"4,$100873.0000"
2019-06-28 12:12:00.000000000,QUERY_SPREAD,79
2019-06-28 12:12:00.000000000,BEST_BID,"JPM,100703,321"
2019-06-28 12:12:00.000000000,BEST_ASK,"JPM,100873,369"
2019-06-28 12:12:00.000000000,LAST_TRADE,"6,$100873.0000"
2019-06-28 12:12:00.000000000,QUERY_SPREAD,80
2019-06-28 12:12:00.000000000,BEST_BID,"JPM,100703,321"
2019-06-28 12:12:00.000000000,BEST_ASK,"JPM,100873,364"
2019-06-28 12:12:00.000000000,LAST_TRADE,"5,$100873.0000"
2019-06-28 12:12:00.000000000,QUERY_SPREAD,81
2019-06-28 12:12:00.000000000,BEST_BID,"JPM,100703,321"
2019-06-28 12:12:00.000000000,BEST_ASK,"JPM,100873,356"
2019-06-28 12:12:00.000000000,LAST_TRADE,"8,$100873.0000"
2019-06-28 12:12:00.000000000,QUERY_SPREAD,82
2019-06-28 12:12:00.000000000,BEST_BID,"JPM,100703,321"
2019-06-28 12:12:00.000000000,BEST_ASK,"JPM,100873,348"
2019-06-28 12:12:00.000000000,LAST_TRADE,"8,$100873.0000"
2019-06-28 12:12:00.000000000,QUERY_SPREAD,83
2019-06-28 12:12:00.000000000,BEST_BID,"JPM,100703,321"
2019-06-28 12:12:00.000000000,BEST_ASK,"JPM,100873,346"
2019-06-28 12:12:00.000000000,LAST_TRADE,"2,$100873.0000"
2019-06-28 12:12:00.000000000,QUERY_SPREAD,84
2019-06-28 12:12:00.000000000,BEST_BID,"JPM,100703,321"
2019-06-28 12:12:00.000000000,BEST_ASK,"JPM,100873,345"
2019-06-28 12:12:00.000000000,LAST_TRADE,"1,$100873.0000"
2019-06-28 12:12:00.000000000,QUERY_SPREAD,85
2019-06-28 12:12:00.000000000,BEST_BID,"JPM,100703,321"
2019-06-28 12:12:00.000000000,BEST_ASK,"JPM,100873,344"
2019-06-28 12:12:00.000000000,LAST_TRADE,"1,$100873.0000"
2019-06-28 12:12:00.000000000,QUERY_SPREAD,86
2019-06-28 12:12:00.000000000,BEST_BID,"JPM,100703,321"
2019-06-28 12:12:00.000000000,BEST_ASK,"JPM,100873,338"
2019-06-28 12:12:00.000000000,LAST_TRADE,"6,$100873.0000"
2019-06-28 12:12:00.000000000,QUERY_SPREAD,87
2019-06-28 12:12:00.000000000,BEST_BID,"JPM,100703,321"
2019-06-28 12:12:00.000000000,BEST_ASK,"JPM,100873,335"
2019-06-28 12:12:00.000000000,LAST_TRADE,"3,$100873.0000"
2019-06-28 12:12:00.000000000,QUERY_SPREAD,88
2019-06-28 12:12:00.000000000,BEST_BID,"JPM,100703,321"
2019-06-28 12:12:00.000000000,BEST_ASK,"JPM,100873,331"
2019-06-28 12:12:00.000000000,LAST_TRADE,"4,$100873.0000"
2019-06-28 12:12:00.000000000,QUERY_SPREAD,89
2019-06-28 12:12:00.000000000,BEST_BID,"JPM,100703,321"
2019-06-28 12:12:00.000000000,BEST_ASK,"JPM,100873,327"
2019-06-28 12:12:00.000000000,LAST_TRADE,"4,$100873.0000"
2019-06-28 12:12:00.000000000,QUERY_SPREAD,90
2019-06-28 12:12:00.000000000,BEST_BID,"JPM,100703,321"
2019-06-28 12:12:00.000000000,BEST_ASK,"JPM,100873,320"
2019-06-28 12:12:00.000000000,LAST_TRADE,"7,$100873.0000"
2019-06-28 12:12:00.000000000,QUERY_SPREAD,91
2019-06-28 12:12:00.000000000,BEST_BID,"JPM,100703,321"
2019-06-28 12:12:00.000000000,BEST_ASK,"JPM,100873,312"
2019-06-28 12:12:00.000000000,LAST_TRADE,"8,$100873.0000"
2019-06-28 12:12:00.000000000,QUERY_SPREAD,92
2019-06-28 12:12:00.000000000,BEST_BID,"JPM,100703,321"
2019-06-28 12:12:00.000000000,BEST_ASK,"JPM,100873,307"
2019-06-28 12:12:00.000000000,LAST_TRADE,"5,$100873.0000"
2019-06-28 12:12:00.000000000,QUERY_SPREAD,93
2019-06-28 12:12:00.000000000,BEST_BID,"JPM,100703,321"
2019-06-28 12:12:00.000000000,BEST_ASK,"JPM,100873,304"
2019-06-28 12:12:00.000000000,LAST_TRADE,"3,$100873.0000"
2019-06-28 12:12:00.000000000,QUERY_SPREAD,94
2019-06-28 12:12:00.000000000,BEST_BID,"JPM,100703,321"
2019-06-28 12:12:00.000000000,BEST_ASK,"JPM,100873,300"
2019-06-28 12:12:00.000000000,LAST_TRADE,"4,$100873.0000"
2019-06-28 12:12:00.000000000,QUERY_SPREAD,95
2019-06-28 12:12:00.000000000,BEST_BID,"JPM,100703,321"
2019-06-28 12:12:00.000000000,BEST_ASK,"JPM,100873,295"
2019-06-28 12:12:00.000000000,LAST_TRADE,"5,$100873.0000"
2019-06-28 12:12:00.000000000,QUERY_SPREAD,96
2019-06-28 12:12:00.000000000,BEST_BID,"JPM,100703,321"
2019-06-28 12:12:00.000000000,BEST_ASK,"JPM,100873,294"
2019-06-28 12:12:00.000000000,LAST_TRADE,"1,$100873.0000"
2019-06-28 12:12:00.000000000,QUERY_SPREAD,97
2019-06-28 12:12:00.000000000,BEST_BID,"JPM,100703,321"
2019-06-28 12:12:00.000000000,BEST_ASK,"JPM,100873,287"
2019-06-28 12:12:00.000000000,LAST_TRADE,"7,$100873.0000"
2019-06-28 12:12:00.000000000,QUERY_SPREAD,98
2019-06-28 12:12:00.000000000,BEST_BID,"JPM,100703,321"
2019-06-28 12:12:00.000000000,BEST_ASK,"JPM,100873,281"
2019-06-28 12:12:00.000000000,LAST_TRADE,"6,$100873.0000"
2019-06-28 12:12:00.000000000,QUERY_SPREAD,99
2019-06-28 12:12:00.000000000,BEST_BID,"JPM,100703,321"
2019-06-28 12:12:00.000000000,BEST_ASK,"JPM,100873,276"
2019-06-28 12:12:00.000000000,LAST_TRADE,"5,$100873.0000"
2019-06-28 12:12:00.000000000,QUERY_SPREAD,100
2019-06-28 12:12:00.000000000,BEST_BID,"JPM,100703,321"
2019-06-28 12:12:00.000000000,BEST_ASK,"JPM,100873,269"
2019-06-28 12:12:00.000000000,LAST_TRADE,"7,$100873.0000"
2019-06-28 12:12:00.000000000,QUERY_SPREAD,101
2019-06-28 12:12:00.000000000,QUERY_ORDER_STREAM,101
2019-06-28 12:12:10.000000000,QUERY_SPREAD,1
2019-06-28 12:12:10.000000000,BEST_BID,"JPM,100703,136"
2019-06-28 12:12:10.000000000,BEST_ASK,"JPM,100926,100"
2019-06-28 12:12:10.000000000,BEST_BID,"JPM,100703,136"
2019-06-28 12:12:10.000000000,BEST_ASK,"JPM,100926,100"
2019-06-28 12:12:10.000000000,BEST_BID,"JPM,100703,136"
2019-06-28 12:12:10.000000000,BEST_ASK,"JPM,100926,100"
2019-06-28 12:12:10.000000000,BEST_BID,"JPM,100703,136"
2019-06-28 12:12:10.000000000,BEST_ASK,"JPM,100926,195"
2019-06-28 12:12:10.000000000,BEST_BID,"JPM,100703,136"
2019-06-28 12:12:10.000000000,BEST_ASK,"JPM,100926,195"
2019-06-28 12:12:10.000000000,BEST_BID,"JPM,100703,136"
2019-06-28 12:12:10.000000000,BEST_ASK,"JPM,100926,195"
2019-06-28 12:12:20.000000000,QUERY_SPREAD,1
2019-06-28 12:12:20.000000000,BEST_BID,"JPM,100703,181"
2019-06-28 12:12:20.000000000,BEST_ASK,"JPM,100926,100"
2019-06-28 12:12:20.000000000,BEST_BID,"JPM,100703,181"
2019-06-28 12:12:20.000000000,BEST_ASK,"JPM,100926,100"
2019-06-28 12:12:20.000000000,BEST_BID,"JPM,100703,181"
2019-06-28 12:12:20.000000000,BEST_ASK,"JPM,100926,240"
2019-06-28 12:12:20.000000000,BEST_BID,"JPM,100703,181"
2019-06-28 12:12:20.000000000,BEST_ASK,"JPM,100926,240"
2019-06-28 12:12:22.285023155,QUERY_SPREAD,15
2019-06-28 12:12:22.285023155,BEST_BID,"JPM,100843,100"
2019-06-28 12:12:22.285023155,BEST_ASK,"JPM,100926,240"
2019-06-28 12:12:24.031549061,QUERY_ORDER_STREAM,59
2019-06-28 12:12:24.031549061,QUERY_SPREAD,59
2019-06-28 12:12:30.000000000,QUERY_SPREAD,1
2019-06-28 12:12:30.000000000,BEST_BID,"JPM,100843,380"
2019-06-28 12:12:30.000000000,BEST_ASK,"JPM,100926,100"
2019-06-28 12:12:30.000000000,BEST_BID,"JPM,100843,380"
2019-06-28 12:12:30.000000000,BEST_ASK,"JPM,100926,380"
2019-06-28 12:12:32.591339902,QUERY_SPREAD,35
2019-06-28 12:12:32.591339902,BEST_BID,"JPM,100843,280"
2019-06-28 12:12:32.591339902,BEST_ASK,"JPM,100926,380"
2019-06-28 12:12:32.591339902,LAST_TRADE,"100,$100843.0000"
2019-06-28 12:12:36.912697996,QUERY_SPREAD,39
2019-06-28 12:12:36.912697996,BEST_BID,"JPM,100843,180"
2019-06-28 12:12:36.912697996,BEST_ASK,"JPM,100926,380"
2019-06-28 12:12:36.912697996,LAST_TRADE,"100,$100843.0000"
2019-06-28 12:12:40.000000000,QUERY_SPREAD,1
2019-06-28 12:12:40.000000000,BEST_BID,"JPM,100703,97"
2019-06-28 12:12:40.000000000,BEST_ASK,"JPM,100926,100"
2019-06-28 12:12:40.000000000,BEST_BID,"JPM,100703,97"
2019-06-28 12:12:40.000000000,BEST_ASK,"JPM,100926,100"
2019-06-28 12:12:40.000000000,BEST_BID,"JPM,100703,97"
2019-06-28 12:12:40.000000000,BEST_ASK,"JPM,100926,100"
2019-06-28 12:12:40.000000000,BEST_BID,"JPM,100703,97"
2019-06-28 12:12:40.000000000,BEST_ASK,"JPM,100926,100"
2019-06-28 12:12:40.000000000,BEST_BID,"JPM,100703,97"
2019-06-28 12:12:40.000000000,BEST_ASK,"JPM,100926,100"
2019-06-28 12:12:40.000000000,BEST_BID,"JPM,100703,97"
2019-06-28 12:12:40.000000000,BEST_ASK,"JPM,100926,156"
2019-06-28 12:12:40.000000000,BEST_BID,"JPM,100703,97"
2019-06-28 12:12:40.000000000,BEST_ASK,"JPM,100926,156"
2019-06-28 12:12:40.000000000,BEST_BID,"JPM,100703,97"
2019-06-28 12:12:40.000000000,BEST_ASK,"JPM,100926,156"
2019-06-28 12:12:40.000000000,BEST_BID,"JPM,100703,97"
2019-06-28 12:12:40.000000000,BEST_ASK,"JPM,100926,156"
2019-06-28 12:12:50.000000000,QUERY_SPREAD,1
2019-06-28 12:12:50.000000000,BEST_BID,"JPM,100703,321"
2019-06-28 12:12:50.000000000,BEST_ASK,"JPM,100926,100"
2019-06-28 12:12:50.000000000,BEST_BID,"JPM,100703,321"
2019-06-28 12:12:50.000000000,BEST_ASK,"JPM,100926,380"
2019-06-28 12:12:50.307180875,QUERY_SPREAD,12
2019-06-28 12:12:50.307180875,BEST_BID,"JPM,100857,100"
2019-06-28 12:12:50.307180875,BEST_ASK,"JPM,100926,380"
2019-06-28 12:12:53.499024079,QUERY_ORDER_STREAM,53
2019-06-28 12:12:53.499024079,QUERY_SPREAD,53
2019-06-28 12:12:56.315474977,QUERY_ORDER_STREAM,62
2019-06-28 12:12:56.315474977,QUERY_SPREAD,62
2019-06-28 12:13:00.000000000,QUERY_SPREAD,1
2019-06-28 12:13:00.000000000,BEST_BID,"JPM,100857,195"
2019-06-28 12:13:00.000000000,BEST_ASK,"JPM,100926,100"
2019-06-28 12:13:00.000000000,BEST_BID,"JPM,100857,195"
2019-06-28 12:13:00.000000000,BEST_ASK,"JPM,100926,100"
2019-06-28 12:13:00.000000000,BEST_BID,"JPM,100857,195"
2019-06-28 12:13:00.000000000,BEST_ASK,"JPM,100926,100"
2019-06-28 12:13:00.000000000,BEST_BID,"JPM,100857,195"
2019-06-28 12:13:00.000000000,BEST_ASK,"JPM,100926,195"
2019-06-28 12:13:00.000000000,BEST_BID,"JPM,100857,195"
2019-06-28 12:13:00.000000000,BEST_ASK,"JPM,100926,195"
2019-06-28 12:13:00.000000000,BEST_BID,"JPM,100857,195"
2019-06-28 12:13:00.000000000,BEST_ASK,"JPM,100926,195"
2019-06-28 12:13:00.000000000,QUERY_SPREAD,77
2019-06-28 12:13:00.000000000,BEST_BID,"JPM,100857,195"
2019-06-28 12:13:00.000000000,BEST_ASK,"JPM,100926,194"
2019-06-28 12:13:00.000000000,LAST_TRADE,"1,$100926.0000"
2019-06-28 12:13:00.000000000,QUERY_SPREAD,78
2019-06-28 12:13:00.000000000,BEST_BID,"JPM,100857,195"
2019-06-28 12:13:00.000000000,BEST_ASK,"JPM,100926,190"
2019-06-28 12:13:00.000000000,LAST_TRADE,"4,$100926.0000"
2019-06-28 12:13:00.000000000,QUERY_SPREAD,79
2019-06-28 12:13:00.000000000,BEST_BID,"JPM,100857,195"
2019-06-28 12:13:00.000000000,BEST_ASK,"JPM,100926,184"
2019-06-28 12:13:00.000000000,LAST_TRADE,"6,$100926.0000"
2019-06-28 12:13:00.000000000,QUERY_SPREAD,80
2019-06-28 12:13:00.000000000,BEST_BID,"JPM,100857,195"
2019-06-28 12:13:00.000000000,BEST_ASK,"JPM,100926,179"
2019-06-28 12:13:00.000000000,LAST_TRADE,"5,$100926.0000"
2019-06-28 12:13:00.000000000,QUERY_SPREAD,81
2019-06-28 12:13:00.000000000,BEST_BID,"JPM,100857,195"
2019-06-28 12:13:00.000000000,BEST_ASK,"JPM,100926,171"
2019-06-28 12:13:00.000000000,LAST_TRADE,"8,$100926.0000"
2019-06-28 12:13:00.000000000,QUERY_SPREAD,82
2019-06-28 12:13:00.000000000,BEST_BID,"JPM,100857,195"
2019-06-28 12:13:00.000000000,BEST_ASK,"JPM,100926,163"
2019-06-28 12:13:00.000000000,LAST_TRADE,"8,$100926.0000"
2019-06-28 12:13:00.000000000,QUERY_SPREAD,83
2019-06-28 12:13:00.000000000,BEST_BID,"JPM,100857,195"
2019-06-28 12:13:00.000000000,BEST_ASK,"JPM,100926,161"
2019-06-28 12:13:00.000000000,LAST_TRADE,"2,$100926.0000"
2019-06-28 12:13:00.000000000,QUERY_SPREAD,84
2019-06-28 12:13:00.000000000,BEST_BID,"JPM,100857,195"
2019-06-28 12:13:00.000000000,BEST_ASK,"JPM,100926,160"
2019-06-28 12:13:00.000000000,LAST_TRADE,"1,$100926.0000"
2019-06-28 12:13:00.000000000,QUERY_SPREAD,85
2019-06-28 12:13:00.000000000,BEST_BID,"JPM,100857,195"
2019-06-28 12:13:00.000000000,BEST_ASK,"JPM,100926,159"
2019-06-28 12:13:00.000000000,LAST_TRADE,"1,$100926.0000"
2019-06-28 12:13:00.000000000,QUERY_SPREAD,86
2019-06-28 12:13:00.000000000,BEST_BID,"JPM,100857,195"
2019-06-28 12:13:00.000000000,BEST_ASK,"JPM,100926,153"
2019-06-28 12:13:00.000000000,LAST_TRADE,"6,$100926.0000"
2019-06-28 12:13:00.000000000,QUERY_SPREAD,87
2019-06-28 12:13:00.000000000,BEST_BID,"JPM,100857,195"
2019-06-28 12:13:00.000000000,BEST_ASK,"JPM,100926,150"
2019-06-28 12:13:00.000000000,LAST_TRADE,"3,$100926.0000"
2019-06-28 12:13:00.000000000,QUERY_SPREAD,88
2019-06-28 12:13:00.000000000,BEST_BID,"JPM,100857,195"
2019-06-28 12:13:00.000000000,BEST_ASK,"JPM,100926,146"
2019-06-28 12:13:00.000000000,LAST_TRADE,"4,$100926.0000"
2019-06-28 12:13:00.000000000,QUERY_SPREAD,89
2019-06-28 12:13:00.000000000,BEST_BID,"JPM,100857,195"
2019-06-28 12:13:00.000000000,BEST_ASK,"JPM,100926,142"
2019-06-28 12:13:00.000000000,LAST_TRADE,"4,$100926.0000"
2019-06-28 12:13:00.000000000,QUERY_SPREAD,90
2019-06-28 12:13:00.000000000,BEST_BID,"JPM,100857,195"
2019-06-28 12:13:00.000000000,BEST_ASK,"JPM,100926,135"
2019-06-28 12:13:00.000000000,LAST_TRADE,"7,$100926.0000"
2019-06-28 12:13:00.000000000,QUERY_SPREAD,91
2019-06-28 12:13:00.000000000,BEST_BID,"JPM,100857,195"
2019-06-28 12:13:00.000000000,BEST_ASK,"JPM,100926,127"
2019-06-28 12:13:00.000000000,LAST_TRADE,"8,$100926.0000"
2019-06-28 12:13:00.000000000,QUERY_SPREAD,92
2019-06-28 12:13:00.000000000,BEST_BID,"JPM,100857,195"
2019-06-28 12:13:00.000000000,BEST_ASK,"JPM,100926,122"
2019-06-28 12:13:00.000000000,LAST_TRADE,"5,$100926.0000"
2019-06-28 12:13:00.000000000,QUERY_SPREAD,93
2019-06-28 12:13:00.000000000,BEST_BID,"JPM,100857,195"
2019-06-28 12:13:00.000000000,BEST_ASK,"JPM,100926,119"
2019-06-28 12:13:00.000000000,LAST_TRADE,"3,$100926.0000"
2019-06-28 12:13:00.000000000,QUERY_SPREAD,94
2019-06-28 12:13:00.000000000,BEST_BID,"JPM,100857,195"
2019-06-28 12:13:00.000000000,BEST_ASK,"JPM,100926,115"
2019-06-28 12:13:00.000000000,LAST_TRADE,"4,$100926.0000"
2019-06-28 12:13:00.000000000,QUERY_SPREAD,95
2019-06-28 12:13:00.000000000,BEST_BID,"JPM,100857,195"
2019-06-28 12:13:00.000000000,BEST_ASK,"JPM,100926,110"
2019-06-28 12:13:00.000000000,LAST_TRADE,"5,$100926.0000"
2019-06-28 12:13:00.000000000,QUERY_SPREAD,96
2019-06-28 12:13:00.000000000,BEST_BID,"JPM,100857,195"
2019-06-28 12:13:00.000000000,BEST_ASK,"JPM,100926,109"
2019-06-28 12:13:00.000000000,LAST_TRADE,"1,$100926.0000"
2019-06-28 12:13:00.000000000,QUERY_SPREAD,97
2019-06-28 12:13:00.000000000,BEST_BID,"JPM,100857,195"
2019-06-28 12:13:00.000000000,BEST_ASK,"JPM,100926,102"
2019-06-28 12:13:00.000000000,LAST_TRADE,"7,$100926.0000"
2019-06-28 12:13:00.000000000,QUERY_SPREAD,98
2019-06-28 12:13:00.000000000,BEST_BID,"JPM,100857,195"
2019-06-28 12:13:00.000000000,BEST_ASK,"JPM,100926,96"
2019-06-28 12:13:00.000000000,LAST_TRADE,"6,$100926.0000"
2019-06-28 12:13:00.000000000,QUERY_SPREAD,99
2019-06-28 12:13:00.000000000,BEST_BID,"JPM,100857,195"
2019-06-28 12:13:00.000000000,BEST_ASK,"JPM,100926,91"
2019-06-28 12:13:00.000000000,LAST_TRADE,"5,$100926.0000"
2019-06-28 12:13:00.000000000,QUERY_SPREAD,100
2019-06-28 12:13:00.000000000,BEST_BID,"JPM,100857,195"
2019-06-28 12:13:00.000000000,BEST_ASK,"JPM,100926,84"
2019-06-28 12:13:00.000000000,LAST_TRADE,"7,$100926.0000"
2019-06-28 12:13:00.000000000,QUERY_SPREAD,101
2019-06-28 12:13:00.000000000,QUERY_ORDER_STREAM,101
2019-06-28 12:13:10.000000000,QUERY_SPREAD,1
2019-06-28 12:13:10.000000000,BEST_BID,"JPM,100857,170"
2019-06-28 12:13:10.000000000,BEST_ASK,"JPM,101650,1"
2019-06-28 12:13:10.000000000,BEST_BID,"JPM,100857,170"
2019-06-28 12:13:10.000000000,BEST_ASK,"JPM,101650,1"
2019-06-28 12:13:10.000000000,BEST_BID,"JPM,100857,170"
2019-06-28 12:13:10.000000000,BEST_ASK,"JPM,101650,1"
2019-06-28 12:13:10.000000000,BEST_BID,"JPM,100857,170"
2019-06-28 12:13:10.000000000,BEST_ASK,"JPM,101650,1"
2019-06-28 12:13:10.000000000,BEST_BID,"JPM,100857,170"
2019-06-28 12:13:10.000000000,BEST_ASK,"JPM,101650,71"
2019-06-28 12:13:10.000000000,BEST_BID,"JPM,100857,170"
2019-06-28 12:13:10.000000000,BEST_ASK,"JPM,101650,71"
2019-06-28 12:13:10.000000000,BEST_BID,"JPM,100857,170"
2019-06-28 12:13:10.000000000,BEST_ASK,"JPM,101650,71"
2019-06-28 12:13:20.000000000,QUERY_SPREAD,1
2019-06-28 12:13:20.000000000,BEST_BID,"JPM,100857,195"
2019-06-28 12:13:20.000000000,BEST_ASK,"JPM,101650,1"
2019-06-28 12:13:20.000000000,BEST_BID,"JPM,100857,195"
2019-06-28 12:13:20.000000000,BEST_ASK,"JPM,101650,1"
2019-06-28 12:13:20.000000000,BEST_BID,"JPM,100857,195"
2019-06-28 12:13:20.000000000,BEST_ASK,"JPM,101650,1"
2019-06-28 12:13:20.000000000,BEST_BID,"JPM,100857,195"
2019-06-28 12:13:20.000000000,BEST_ASK,"JPM,101650,96"
2019-06-28 12:13:20.000000000,BEST_BID,"JPM,100857,195"
2019-06-28 12:13:20.000000000,BEST_ASK,"JPM,101650,96"
2019-06-28 12:13:20.000000000,BEST_BID,"JPM,100857,195"
2019-06-28 12:13:20.000000000,BEST_ASK,"JPM,101650,96"
2019-06-28 12:13:25.566357603,QUERY_SPREAD,44
2019-06-28 12:13:25.566357603,BEST_BID,"JPM,100857,195"
2019-06-28 12:13:25.566357603,BEST_ASK,"JPM,101077,100"
2019-06-28 12:13:30.000000000,QUERY_SPREAD,1
2019-06-28 12:13:30.000000000,BEST_BID,"JPM,100857,195"
2019-06-28 12:13:30.000000000,BEST_ASK,"JPM,101077,100"
2019-06-28 12:13:30.000000000,BEST_BID,"JPM,100857,195"
2019-06-28 12:13:30.000000000,BEST_ASK,"JPM,101077,100"
2019-06-28 12:13:30.000000000,BEST_BID,"JPM,100857,195"
2019-06-28 12:13:30.000000000,BEST_ASK,"JPM,101077,100"
2019-06-28 12:13:30.000000000,BEST_BID,"JPM,100857,195"
2019-06-28 12:13:30.000000000,BEST_ASK,"JPM,101077,195"
2019-06-28 12:13:30.000000000,BEST_BID,"JPM,100857,195"
2019-06-28 12:13:30.000000000,BEST_ASK,"JPM,101077,195"
2019-06-28 12:13:30.000000000,BEST_BID,"JPM,100857,195"
2019-06-28 12:13:30.000000000,BEST_ASK,"JPM,101077,195"
2019-06-28 12:13:40.000000000,QUERY_SPREAD,1
2019-06-28 12:13:40.000000000,BEST_BID,"JPM,100857,240"
2019-06-28 12:13:40.000000000,BEST_ASK,"JPM,101077,100"
2019-06-28 12:13:40.000000000,BEST_BID,"JPM,100857,240"
2019-06-28 12:13:40.000000000,BEST_ASK,"JPM,101077,100"
2019-06-28 12:13:40.000000000,BEST_BID,"JPM,100857,240"
2019-06-28 12:13:40.000000000,BEST_ASK,"JPM,101077,240"
2019-06-28 12:13:40.000000000,BEST_BID,"JPM,100857,240"
2019-06-28 12:13:40.000000000,BEST_ASK,"JPM,101077,240"
2019-06-28 12:13:41.589795576,QUERY_SPREAD,32
2019-06-28 12:13:41.589795576,BEST_BID,"JPM,100857,140"
2019-06-28 12:13:41.589795576,BEST_ASK,"JPM,101077,240"
2019-06-28 12:13:41.589795576,LAST_TRADE,"100,$100857.0000"
2019-06-28 12:13:44.671972948,QUERY_SPREAD,25
2019-06-28 12:13:44.671972948,BEST_BID,"JPM,100857,40"
2019-06-28 12:13:44.671972948,BEST_ASK,"JPM,101077,240"
2019-06-28 12:13:44.671972948,LAST_TRADE,"100,$100857.0000"
2019-06-28 12:13:50.000000000,QUERY_SPREAD,1
2019-06-28 12:13:50.000000000,BEST_BID,"JPM,100703,321"
2019-06-28 12:13:50.000000000,BEST_ASK,"JPM,101077,100"
2019-06-28 12:13:50.000000000,BEST_BID,"JPM,100703,321"
2019-06-28 12:13:50.000000000,BEST_ASK,"JPM,101077,380"
2019-06-28 12:13:54.991087213,QUERY_SPREAD,21
2019-06-28 12:13:54.991087213,BEST_BID,"JPM,100784,100"
2019-06-28 12:13:54.991087213,BEST_ASK,"JPM,101077,380"
2019-06-28 12:14:00.000000000,QUERY_SPREAD,1
2019-06-28 12:14:00.000000000,BEST_BID,"JPM,100784,380"
2019-06-28 12:14:00.000000000,BEST_ASK,"JPM,101077,100"
2019-06-28 12:14:00.000000000,BEST_BID,"JPM,100784,380"
2019-06-28 12:14:00.000000000,BEST_ASK,"JPM,101077,380"
2019-06-28 12:14:00.000000000,QUERY_SPREAD,77
2019-06-28 12:14:00.000000000,BEST_BID,"JPM,100784,379"
2019-06-28 12:14:00.000000000,BEST_ASK,"JPM,101077,380"
2019-06-28 12:14:00.000000000,LAST_TRADE,"1,$100784.0000"
2019-06-28 12:14:00.000000000,QUERY_SPREAD,78
2019-06-28 12:14:00.000000000,BEST_BID,"JPM,100784,375"
2019-06-28 12:14:00.000000000,BEST_ASK,"JPM,101077,380"
2019-06-28 12:14:00.000000000,LAST_TRADE,"4,$100784.0000"
2019-06-28 12:14:00.000000000,QUERY_SPREAD,79
2019-06-28 12:14:00.000000000,BEST_BID,"JPM,100784,369"
2019-06-28 12:14:00.000000000,BEST_ASK,"JPM,101077,380"
2019-06-28 12:14:00.000000000,LAST_TRADE,"6,$100784.0000"
2019-06-28 12:14:00.000000000,QUERY_SPREAD,80
2019-06-28 12:14:00.000000000,BEST_BID,"JPM,100784,364"
2019-06-28 12:14:00.000000000,BEST_ASK,"JPM,101077,380"
2019-06-28 12:14:00.000000000,LAST_TRADE,"5,$100784.0000"
2019-06-28 12:14:00.000000000,QUERY_SPREAD,81
2019-06-28 12:14:00.000000000,BEST_BID,"JPM,100784,356"
2019-06-28 12:14:00.000000000,BEST_ASK,"JPM,101077,380"
2019-06-28 12:14:00.000000000,LAST_TRADE,"8,$100784.0000"
2019-06-28 12:14:00.000000000,QUERY_SPREAD,82
2019-06-28 12:14:00.000000000,BEST_BID,"JPM,100784,348"
2019-06-28 12:14:00.000000000,BEST_ASK,"JPM,101077,380"
2019-06-28 12:14:00.000000000,LAST_TRADE,"8,$100784.0000"
2019-06-28 12:14:00.000000000,QUERY_SPREAD,83
2019-06-28 12:14:00.000000000,BEST_BID,"JPM,100784,346"
2019-06-28 12:14:00.000000000,BEST_ASK,"JPM,101077,380"
2019-06-28 12:14:00.000000000,LAST_TRADE,"2,$100784.0000"
2019-06-28 12:14:00.000000000,QUERY_SPREAD,84
2019-06-28 12:14:00.000000000,BEST_BID,"JPM,100784,345"
2019-06-28 12:14:00.000000000,BEST_ASK,"JPM,101077,380"
2019-06-28 12:14:00.000000000,LAST_TRADE,"1,$100784.0000"
2019-06-28 12:14:00.000000000,QUERY_SPREAD,85
2019-06-28 12:14:00.000000000,BEST_BID,"JPM,100784,344"
2019-06-28 12:14:00.000000000,BEST_ASK,"JPM,101077,380"
2019-06-28 12:14:00.000000000,LAST_TRADE,"1,$100784.0000"
2019-06-28 12:14:00.000000000,QUERY_SPREAD,86
2019-06-28 12:14:00.000000000,BEST_BID,"JPM,100784,338"
2019-06-28 12:14:00.000000000,BEST_ASK,"JPM,101077,380"
2019-06-28 12:14:00.000000000,LAST_TRADE,"6,$100784.0000"
2019-06-28 12:14:00.000000000,QUERY_SPREAD,87
2019-06-28 12:14:00.000000000,BEST_BID,"JPM,100784,335"
2019-06-28 12:14:00.000000000,BEST_ASK,"JPM,101077,380"
2019-06-28 12:14:00.000000000,LAST_TRADE,"3,$100784.0000"
2019-06-28 12:14:00.000000000,QUERY_SPREAD,88
2019-06-28 12:14:00.000000000,BEST_BID,"JPM,100784,331"
2019-06-28 12:14:00.000000000,BEST_ASK,"JPM,101077,380"
2019-06-28 12:14:00.000000000,LAST_TRADE,"4,$100784.0000"
2019-06-28 12:14:00.000000000,QUERY_SPREAD,89
2019-06-28 12:14:00.000000000,BEST_BID,"JPM,100784,327"
2019-06-28 12:14:00.000000000,BEST_ASK,"JPM,101077,380"
2019-06-28 12:14:00.000000000,LAST_TRADE,"4,$100784.0000"
2019-06-28 12:14:00.000000000,QUERY_SPREAD,90
2019-06-28 12:14:00.000000000,BEST_BID,"JPM,100784,320"
2019-06-28 12:14:00.000000000,BEST_ASK,"JPM,101077,380"
2019-06-28 12:14:00.000000000,LAST_TRADE,"7,$100784.0000"
2019-06-28 12:14:00.000000000,QUERY_SPREAD,91
2019-06-28 12:14:00.000000000,BEST_BID,"JPM,100784,312"
2019-06-28 12:14:00.000000000,BEST_ASK,"JPM,101077,380"
2019-06-28 12:14:00.000000000,LAST_TRADE,"8,$100784.0000"
2019-06-28 12:14:00.000000000,QUERY_SPREAD,92
2019-06-28 12:14:00.000000000,BEST_BID,"JPM,100784,307"
2019-06-28 12:14:00.000000000,BEST_ASK,"JPM,101077,380"
2019-06-28 12:14:00.000000000,LAST_TRADE,"5,$100784.0000"
2019-06-28 12:14:00.000000000,QUERY_SPREAD,93
2019-06-28 12:14:00.000000000,BEST_BID,"JPM,100784,304"
2019-06-28 12:14:00.000000000,BEST_ASK,"JPM,101077,380"
2019-06-28 12:14:00.000000000,LAST_TRADE,"3,$100784.0000"
2019-06-28 12:14:00.000000000,QUERY_SPREAD,94
2019-06-28 12:14:00.000000000,BEST_BID,"JPM,100784,300"
2019-06-28 12:14:00.000000000,BEST_ASK,"JPM,101077,380"
2019-06-28 12:14:00.000000000,LAST_TRADE,"4,$100784.0000"
2019-06-28 12:14:00.000000000,QUERY_SPREAD,95
2019-06-28 12:14:00.000000000,BEST_BID,"JPM,100784,295"
2019-06-28 12:14:00.000000000,BEST_ASK,"JPM,101077,380"
2019-06-28 12:14:00.000000000,LAST_TRADE,"5,$100784.0000"
2019-06-28 12:14:00.000000000,QUERY_SPREAD,96
2019-06-28 12:14:00.000000000,BEST_BID,"JPM,100784,294"
2019-06-28 12:14:00.000000000,BEST_ASK,"JPM,101077,380"
2019-06-28 12:14:00.000000000,LAST_TRADE,"1,$100784.0000"
2019-06-28 12:14:00.000000000,QUERY_SPREAD,97
2019-06-28 12:14:00.000000000,BEST_BID,"JPM,100784,287"
2019-06-28 12:14:00.000000000,BEST_ASK,"JPM,101077,380"
2019-06-28 12:14:00.000000000,LAST_TRADE,"7,$100784.0000"
2019-06-28 12:14:00.000000000,QUERY_SPREAD,98
2019-06-28 12:14:00.000000000,BEST_BID,"JPM,100784,281"
2019-06-28 12:14:00.000000000,BEST_ASK,"JPM,101077,380"
2019-06-28 12:14:00.000000000,LAST_TRADE,"6,$100784.0000"
2019-06-28 12:14:00.000000000,QUERY_SPREAD,99
2019-06-28 12:14:00.000000000,BEST_BID,"JPM,100784,281"
2019-06-28 12:14:00.000000000,BEST_ASK,"JPM,101077,375"
2019-06-28 12:14:00.000000000,LAST_TRADE,"5,$101077.0000"
2019-06-28 12:14:00.000000000,QUERY_SPREAD,100
2019-06-28 12:14:00.000000000,BEST_BID,"JPM,100784,281"
2019-06-28 12:14:00.000000000,BEST_ASK,"JPM,101077,368"
2019-06-28 12:14:00.000000000,LAST_TRADE,"7,$101077.0000"
2019-06-28 12:14:00.000000000,QUERY_SPREAD,101
2019-06-28 12:14:00.000000000,QUERY_ORDER_STREAM,101
2019-06-28 12:14:10.000000000,QUERY_SPREAD,1
2019-06-28 12:14:10.000000000,BEST_BID,"JPM,100784,281"
2019-06-28 12:14:10.000000000,BEST_ASK,"JPM,101077,88"
2019-06-28 12:14:10.000000000,BEST_BID,"JPM,100784,281"
2019-06-28 12:14:10.000000000,BEST_ASK,"JPM,101077,368"
2019-06-28 12:14:20.000000000,QUERY_SPREAD,1
2019-06-28 12:14:20.000000000,BEST_BID,"JPM,100784,141"
2019-06-28 12:14:20.000000000,BEST_ASK,"JPM,101077,88"
2019-06-28 12:14:20.000000000,BEST_BID,"JPM,100784,141"
2019-06-28 12:14:20.000000000,BEST_ASK,"JPM,101077,88"
2019-06-28 12:14:20.000000000,BEST_BID,"JPM,100784,141"
2019-06-28 12:14:20.000000000,BEST_ASK,"JPM,101077,228"
2019-06-28 12:14:20.000000000,BEST_BID,"JPM,100784,141"
2019-06-28 12:14:20.000000000,BEST_ASK,"JPM,101077,228"
2019-06-28 12:14:29.393869515,QUERY_SPREAD,22
2019-06-28 12:14:29.393869515,BEST_BID,"JPM,100784,141"
2019-06-28 12:14:29.393869515,BEST_ASK,"JPM,101077,128"
2019-06-28 12:14:29.393869515,LAST_TRADE,"100,$101077.0000"
2019-06-28 12:14:30.000000000,QUERY_SPREAD,1
2019-06-28 12:14:30.000000000,BEST_BID,"JPM,100784,96"
2019-06-28 12:14:30.000000000,BEST_ASK,"JPM,101650,1"
2019-06-28 12:14:30.000000000,BEST_BID,"JPM,100784,96"
2019-06-28 12:14:30.000000000,BEST_ASK,"JPM,101650,1"
2019-06-28 12:14:30.000000000,BEST_BID,"JPM,100784,96"
2019-06-28 12:14:30.000000000,BEST_ASK,"JPM,101650,1"
2019-06-28 12:14:30.000000000,BEST_BID,"JPM,100784,96"
2019-06-28 12:14:30.000000000,BEST_ASK,"JPM,101650,96"
2019-06-28 12:14:30.000000000,BEST_BID,"JPM,100784,96"
2019-06-28 12:14:30.000000000,BEST_ASK,"JPM,101650,96"
2019-06-28 12:14:30.000000000,BEST_BID,"JPM,100784,96"
2019-06-28 12:14:30.000000000,BEST_ASK,"JPM,101650,96"
2019-06-28 12:14:40.000000000,QUERY_SPREAD,1
2019-06-28 12:14:40.000000000,BEST_BID,"JPM,100784,281"
2019-06-28 12:14:40.000000000,BEST_ASK,"JPM,101650,1"
2019-06-28 12:14:40.000000000,BEST_BID,"JPM,100784,281"
2019-06-28 12:14:40.000000000,BEST_ASK,"JPM,101650,281"
2019-06-28 12:14:50.000000000,QUERY_SPREAD,1
2019-06-28 12:14:50.000000000,BEST_BID,"JPM,100784,96"
2019-06-28 12:14:50.000000000,BEST_ASK,"JPM,101650,1"
2019-06-28 12:14:50.000000000,BEST_BID,"JPM,100784,96"
2019-06-28 12:14:50.000000000,BEST_ASK,"JPM,101650,1"
2019-06-28 12:14:50.000000000,BEST_BID,"JPM,100784,96"
2019-06-28 12:14:50.000000000,BEST_ASK,"JPM,101650,1"
2019-06-28 12:14:50.000000000,BEST_BID,"JPM,100784,96"
2019-06-28 12:14:50.000000000,BEST_ASK,"JPM,101650,96"
2019-06-28 12:14:50.000000000,BEST_BID,"JPM,100784,96"
2019-06-28 12:14:50.000000000,BEST_ASK,"JPM,101650,96"
2019-06-28 12:14:50.000000000,BEST_BID,"JPM,100784,96"
2019-06-28 12:14:50.000000000,BEST_ASK,"JPM,101650,96"
2019-06-28 12:15:00.000000000,QUERY_SPREAD,1
2019-06-28 12:15:00.000000000,BEST_BID,"JPM,100784,57"
2019-06-28 12:15:00.000000000,BEST_ASK,"JPM,101650,1"
2019-06-28 12:15:00.000000000,BEST_BID,"JPM,100784,57"
2019-06-28 12:15:00.000000000,BEST_ASK,"JPM,101650,1"
2019-06-28 12:15:00.000000000,BEST_BID,"JPM,100784,57"
2019-06-28 12:15:00.000000000,BEST_ASK,"JPM,101650,1"
2019-06-28 12:15:00.000000000,BEST_BID,"JPM,100784,57"
2019-06-28 12:15:00.000000000,BEST_ASK,"JPM,101650,1"
2019-06-28 12:15:00.000000000,BEST_BID,"JPM,100784,57"
2019-06-28 12:15:00.000000000,BEST_ASK,"JPM,101650,1"
2019-06-28 12:15:00.000000000,BEST_BID,"JPM,100784,57"
2019-06-28 12:15:00.000000000,BEST_ASK,"JPM,101650,57"
2019-06-28 12:15:00.000000000,BEST_BID,"JPM,100784,57"
2019-06-28 12:15:00.000000000,BEST_ASK,"JPM,101650,57"
2019-06-28 12:15:00.000000000,BEST_BID,"JPM,100784,57"
2019-06-28 12:15:00.000000000,BEST_ASK,"JPM,101650,57"
2019-06-28 12:15:00.000000000,QUERY_SPREAD,77
2019-06-28 12:15:00.000000000,BEST_BID,"JPM,100784,56"
2019-06-28 12:15:00.000000000,BEST_ASK,"JPM,101650,57"
2019-06-28 12:15:00.000000000,LAST_TRADE,"1,$100784.0000"
2019-06-28 12:15:00.000000000,QUERY_SPREAD,78
2019-06-28 12:15:00.000000000,BEST_BID,"JPM,100784,52"
2019-06-28 12:15:00.000000000,BEST_ASK,"JPM,101650,57"
2019-06-28 12:15:00.000000000,LAST_TRADE,"4,$100784.0000"
2019-06-28 12:15:00.000000000,QUERY_SPREAD,79
2019-06-28 12:15:00.000000000,BEST_BID,"JPM,100784,46"
2019-06-28 12:15:00.000000000,BEST_ASK,"JPM,101650,57"
2019-06-28 12:15:00.000000000,LAST_TRADE,"6,$100784.0000"
2019-06-28 12:15:00.000000000,QUERY_SPREAD,80
2019-06-28 12:15:00.000000000,BEST_BID,"JPM,100784,41"
2019-06-28 12:15:00.000000000,BEST_ASK,"JPM,101650,57"
2019-06-28 12:15:00.000000000,LAST_TRADE,"5,$100784.0000"
2019-06-28 12:15:00.000000000,QUERY_SPREAD,81
2019-06-28 12:15:00.000000000,BEST_BID,"JPM,100784,33"
2019-06-28 12:15:00.000000000,BEST_ASK,"JPM,101650,57"
2019-06-28 12:15:00.000000000,LAST_TRADE,"8,$100784.0000"
2019-06-28 12:15:00.000000000,QUERY_SPREAD,82
2019-06-28 12:15:00.000000000,BEST_BID,"JPM,100784,25"
2019-06-28 12:15:00.000000000,BEST_ASK,"JPM,101650,57"
2019-06-28 12:15:00.000000000,LAST_TRADE,"8,$100784.0000"
2019-06-28 12:15:00.000000000,QUERY_SPREAD,83
2019-06-28 12:15:00.000000000,BEST_BID,"JPM,100784,23"
2019-06-28 12:15:00.000000000,BEST_ASK,"JPM,101650,57"
2019-06-28 12:15:00.000000000,LAST_TRADE,"2,$100784.0000"
2019-06-28 12:15:00.000000000,QUERY_SPREAD,84
2019-06-28 12:15:00.000000000,BEST_BID,"JPM,100784,22"
2019-06-28 12:15:00.000000000,BEST_ASK,"JPM,101650,57"
2019-06-28 12:15:00.000000000,LAST_TRADE,"1,$100784.0000"
2019-06-28 12:15:00.000000000,QUERY_SPREAD,85
2019-06-28 12:15:00.000000000,BEST_BID,"JPM,100784,21"
2019-06-28 12:15:00.000000000,BEST_ASK,"JPM,101650,57"
2019-06-28 12:15:00.000000000,LAST_TRADE,"1,$100784.0000"
2019-06-28 12:15:00.000000000,QUERY_SPREAD,86
2019-06-28 12:15:00.000000000,BEST_BID,"JPM,100784,15"
2019-06-28 12:15:00.000000000,BEST_ASK,"JPM,101650,57"
2019-06-28 12:15:00.000000000,LAST_TRADE,"6,$100784.0000"
2019-06-28 12:15:00.000000000,QUERY_SPREAD,87
2019-06-28 12:15:00.000000000,BEST_BID,"JPM,100784,12"
2019-06-28 12:15:00.000000000,BEST_ASK,"JPM,101650,57"
2019-06-28 12:15:00.000000000,LAST_TRADE,"3,$100784.0000"
2019-06-28 12:15:00.000000000,QUERY_SPREAD,88
2019-06-28 12:15:00.000000000,BEST_BID,"JPM,100784,8"
2019-06-28 12:15:00.000000000,BEST_ASK,"JPM,101650,57"
2019-06-28 12:15:00.000000000,LAST_TRADE,"4,$100784.0000"
2019-06-28 12:15:00.000000000,QUERY_SPREAD,89
2019-06-28 12:15:00.000000000,BEST_BID,"JPM,100784,4"
2019-06-28 12:15:00.000000000,BEST_ASK,"JPM,101650,57"
2019-06-28 12:15:00.000000000,LAST_TRADE,"4,$100784.0000"
2019-06-28 12:15:00.000000000,QUERY_SPREAD,90
2019-06-28 12:15:00.000000000,BEST_BID,"JPM,100703,97"
2019-06-28 12:15:00.000000000,BEST_ASK,"JPM,100784,3"
2019-06-28 12:15:00.000000000,LAST_TRADE,"4,$100784.0000"
2019-06-28 12:15:00.000000000,QUERY_SPREAD,91
2019-06-28 12:15:00.000000000,BEST_BID,"JPM,100703,89"
2019-06-28 12:15:00.000000000,BEST_ASK,"JPM,100784,3"
2019-06-28 12:15:00.000000000,LAST_TRADE,"8,$100703.0000"
2019-06-28 12:15:00.000000000,QUERY_SPREAD,92
2019-06-28 12:15:00.000000000,BEST_BID,"JPM,100703,84"
2019-06-28 12:15:00.000000000,BEST_ASK,"JPM,100784,3"
2019-06-28 12:15:00.000000000,LAST_TRADE,"5,$100703.0000"
2019-06-28 12:15:00.000000000,QUERY_SPREAD,93
2019-06-28 12:15:00.000000000,BEST_BID,"JPM,100703,81"
2019-06-28 12:15:00.000000000,BEST_ASK,"JPM,100784,3"
2019-06-28 12:15:00.000000000,LAST_TRADE,"3,$100703.0000"
2019-06-28 12:15:00.000000000,QUERY_SPREAD,94
2019-06-28 12:15:00.000000000,BEST_BID,"JPM,100703,77"
2019-06-28 12:15:00.000000000,BEST_ASK,"JPM,100784,3"
2019-06-28 12:15:00.000000000,LAST_TRADE,"4,$100703.0000"
2019-06-28 12:15:00.000000000,QUERY_SPREAD,95
2019-06-28 12:15:00.000000000,BEST_BID,"JPM,100703,72"
2019-06-28 12:15:00.000000000,BEST_ASK,"JPM,100784,3"
2019-06-28 12:15:00.000000000,LAST_TRADE,"5,$100703.0000"
2019-06-28 12:15:00.000000000,QUERY_SPREAD,96
2019-06-28 12:15:00.000000000,BEST_BID,"JPM,100703,71"
2019-06-28 12:15:00.000000000,BEST_ASK,"JPM,100784,3"
2019-06-28 12:15:00.000000000,LAST_TRADE,"1,$100703.0000"
2019-06-28 12:15:00.000000000,QUERY_SPREAD,97
2019-06-28 12:15:00.000000000,BEST_BID,"JPM,100703,64"
2019-06-28 12:15:00.000000000,BEST_ASK,"JPM,100784,3"
2019-06-28 12:15:00.000000000,LAST_TRADE,"7,$100703.0000"
2019-06-28 12:15:00.000000000,QUERY_SPREAD,98
2019-06-28 12:15:00.000000000,BEST_BID,"JPM,100703,58"
2019-06-28 12:15:00.000000000,BEST_ASK,"JPM,100784,3"
2019-06-28 12:15:00.000000000,LAST_TRADE,"6,$100703.0000"
2019-06-28 12:15:00.000000000,QUERY_SPREAD,99
2019-06-28 12:15:00.000000000,BEST_BID,"JPM,100703,53"
2019-06-28 12:15:00.000000000,BEST_ASK,"JPM,100784,3"
2019-06-28 12:15:00.000000000,LAST_TRADE,"5,$100703.0000"
2019-06-28 12:15:00.000000000,QUERY_SPREAD,100
2019-06-28 12:15:00.000000000,BEST_BID,"JPM,100703,46"
2019-06-28 12:15:00.000000000,BEST_ASK,"JPM,100784,3"
2019-06-28 12:15:00.000000000,LAST_TRADE,"7,$100703.0000"
2019-06-28 12:15:00.000000000,QUERY_SPREAD,101
2019-06-28 12:15:00.000000000,QUERY_ORDER_STREAM,101
2019-06-28 12:15:00.057397151,QUERY_ORDER_STREAM,74
2019-06-28 12:15:00.057397151,QUERY_SPREAD,74
2019-06-28 12:15:00.057397151,BEST_BID,"JPM,100703,146"
2019-06-28 12:15:00.057397151,BEST_ASK,"JPM,100784,3"
2019-06-28 12:15:10.000000000,QUERY_SPREAD,1
2019-06-28 12:15:10.000000000,BEST_BID,"JPM,100703,156"
2019-06-28 12:15:10.000000000,BEST_ASK,"JPM,100784,3"
2019-06-28 12:15:10.000000000,BEST_BID,"JPM,100703,156"
2019-06-28 12:15:10.000000000,BEST_ASK,"JPM,100784,3"
2019-06-28 12:15:10.000000000,BEST_BID,"JPM,100703,156"
2019-06-28 12:15:10.000000000,BEST_ASK,"JPM,100784,3"
2019-06-28 12:15:10.000000000,BEST_BID,"JPM,100703,156"
2019-06-28 12:15:10.000000000,BEST_ASK,"JPM,100784,3"
2019-06-28 12:15:10.000000000,BEST_BID,"JPM,100703,156"
2019-06-28 12:15:10.000000000,BEST_ASK,"JPM,100784,3"
2019-06-28 12:15:10.000000000,BEST_BID,"JPM,100703,156"
2019-06-28 12:15:10.000000000,BEST_ASK,"JPM,100784,59"
2019-06-28 12:15:10.000000000,BEST_BID,"JPM,100703,156"
2019-06-28 12:15:10.000000000,BEST_ASK,"JPM,100784,59"
2019-06-28 12:15:10.000000000,BEST_BID,"JPM,100703,156"
2019-06-28 12:15:10.000000000,BEST_ASK,"JPM,100784,59"
2019-06-28 12:15:10.000000000,BEST_BID,"JPM,100703,156"
2019-06-28 12:15:10.000000000,BEST_ASK,"JPM,100784,59"
2019-06-28 12:15:20.000000000,QUERY_SPREAD,1
2019-06-28 12:15:20.000000000,BEST_BID,"JPM,100703,195"
2019-06-28 12:15:20.000000000,BEST_ASK,"JPM,100784,3"
2019-06-28 12:15:20.000000000,BEST_BID,"JPM,100703,195"
2019-06-28 12:15:20.000000000,BEST_ASK,"JPM,100784,3"
2019-06-28 12:15:20.000000000,BEST_BID,"JPM,100703,195"
2019-06-28 12:15:20.000000000,BEST_ASK,"JPM,100784,3"
2019-06-28 12:15:20.000000000,BEST_BID,"JPM,100703,195"
2019-06-28 12:15:20.000000000,BEST_ASK,"JPM,100784,98"
2019-06-28 12:15:20.000000000,BEST_BID,"JPM,100703,195"
2019-06-28 12:15:20.000000000,BEST_ASK,"JPM,100784,98"
2019-06-28 12:15:20.000000000,BEST_BID,"JPM,100703,195"
2019-06-28 12:15:20.000000000,BEST_ASK,"JPM,100784,98"
2019-06-28 12:15:30.000000000,QUERY_SPREAD,1
2019-06-28 12:15:30.000000000,BEST_BID,"JPM,100703,156"
2019-06-28 12:15:30.000000000,BEST_ASK,"JPM,100784,3"
2019-06-28 12:15:30.000000000,BEST_BID,"JPM,100703,156"
2019-06-28 12:15:30.000000000,BEST_ASK,"JPM,100784,3"
2019-06-28 12:15:30.000000000,BEST_BID,"JPM,100703,156"
2019-06-28 12:15:30.000000000,BEST_ASK,"JPM,100784,3"
2019-06-28 12:15:30.000000000,BEST_BID,"JPM,100703,156"
2019-06-28 12:15:30.000000000,BEST_ASK,"JPM,100784,3"
2019-06-28 12:15:30.000000000,BEST_BID,"JPM,100703,156"
2019-06-28 12:15:30.000000000,BEST_ASK,"JPM,100784,3"
2019-06-28 12:15:30.000000000,BEST_BID,"JPM,100703,156"
2019-06-28 12:15:30.000000000,BEST_ASK,"JPM,100784,59"
2019-06-28 12:15:30.000000000,BEST_BID,"JPM,100703,156"
2019-06-28 12:15:30.000000000,BEST_ASK,"JPM,100784,59"
2019-06-28 12:15:30.000000000,BEST_BID,"JPM,100703,156"
2019-06-28 12:15:30.000000000,BEST_ASK,"JPM,100784,59"
2019-06-28 12:15:30.000000000,BEST_BID,"JPM,100703,156"
2019-06-28 12:15:30.000000000,BEST_ASK,"JPM,100784,59"
2019-06-28 12:15:40.000000000,QUERY_SPREAD,1
2019-06-28 12:15:40.000000000,BEST_BID,"JPM,100703,170"
2019-06-28 12:15:40.000000000,BEST_ASK,"JPM,100784,3"
2019-06-28 12:15:40.000000000,BEST_BID,"JPM,100703,170"
2019-06-28 12:15:40.000000000,BEST_ASK,"JPM,100784,3"
2019-06-28 12:15:40.000000000,BEST_BID,"JPM,100703,170"
2019-06-28 12:15:40.000000000,BEST_ASK,"JPM,100784,3"
2019-06-28 12:15:40.000000000,BEST_BID,"JPM,100703,170"
2019-06-28 12:15:40.000000000,BEST_ASK,"JPM,100784,3"
2019-06-28 12:15:40.000000000,BEST_BID,"JPM,100703,170"
2019-06-28 12:15:40.000000000,BEST_ASK,"JPM,100784,73"
2019-06-28 12:15:40.000000000,BEST_BID,"JPM,100703,170"
2019-06-28 12:15:40.000000000,BEST_ASK,"JPM,100784,73"
2019-06-28 12:15:40.000000000,BEST_BID,"JPM,100703,170"
2019-06-28 12:15:40.000000000,BEST_ASK,"JPM,100784,73"
2019-06-28 12:15:40.000000000,BEST_BID,"JPM,100703,170"
2019-06-28 12:15:40.000000000,BEST_ASK,"JPM,100784,73"
2019-06-28 12:15:46.871289258,QUERY_SPREAD,45
2019-06-28 12:15:46.871289258,BEST_BID,"JPM,100703,170"
2019-06-28 12:15:46.871289258,BEST_ASK,"JPM,100784,73"
2019-06-28 12:15:50.000000000,QUERY_SPREAD,1
2019-06-28 12:15:50.000000000,BEST_BID,"JPM,100703,380"
2019-06-28 12:15:50.000000000,BEST_ASK,"JPM,100784,3"
2019-06-28 12:15:50.000000000,BEST_BID,"JPM,100703,380"
2019-06-28 12:15:50.000000000,BEST_ASK,"JPM,100784,283"
2019-06-28 12:15:50.871086472,QUERY_SPREAD,31
2019-06-28 12:15:50.871086472,BEST_BID,"JPM,100703,380"
2019-06-28 12:15:50.871086472,BEST_ASK,"JPM,100784,183"
2019-06-28 12:15:50.871086472,LAST_TRADE,"100,$100784.0000"
2019-06-28 12:15:58.218369639,QUERY_SPREAD,22
2019-06-28 12:15:58.218369639,BEST_BID,"JPM,100703,380"
2019-06-28 12:15:58.218369639,BEST_ASK,"JPM,100784,183"
2019-06-28 12:16:00.000000000,QUERY_SPREAD,1
2019-06-28 12:16:00.000000000,BEST_BID,"JPM,100703,156"
2019-06-28 12:16:00.000000000,BEST_ASK,"JPM,101476,100"
2019-06-28 12:16:00.000000000,BEST_BID,"JPM,100703,156"
2019-06-28 12:16:00.000000000,BEST_ASK,"JPM,101476,100"
2019-06-28 12:16:00.000000000,BEST_BID,"JPM,100703,156"
2019-06-28 12:16:00.000000000,BEST_ASK,"JPM,101476,100"
2019-06-28 12:16:00.000000000,BEST_BID,"JPM,100703,156"
2019-06-28 12:16:00.000000000,BEST_ASK,"JPM,101476,100"
2019-06-28 12:16:00.000000000,BEST_BID,"JPM,100703,156"
2019-06-28 12:16:00.000000000,BEST_ASK,"JPM,101476,100"
2019-06-28 12:16:00.000000000,BEST_BID,"JPM,100703,156"
2019-06-28 12:16:00.000000000,BEST_ASK,"JPM,101476,156"
2019-06-28 12:16:00.000000000,BEST_BID,"JPM,100703,156"
2019-06-28 12:16:00.000000000,BEST_ASK,"JPM,101476,156"
2019-06-28 12:16:00.000000000,BEST_BID,"JPM,100703,156"
2019-06-28 12:16:00.000000000,BEST_ASK,"JPM,101476,156"
2019-06-28 12:16:00.000000000,BEST_BID,"JPM,100703,156"
2019-06-28 12:16:00.000000000,BEST_ASK,"JPM,101476,156"
2019-06-28 12:16:00.000000000,BEST_BID,"JPM,100703,156"
2019-06-28 12:16:00.000000000,BEST_ASK,"JPM,101476,156"
2019-06-28 12:16:00.000000000,QUERY_SPREAD,77
2019-06-28 12:16:00.000000000,BEST_BID,"JPM,100703,155"
2019-06-28 12:16:00.000000000,BEST_ASK,"JPM,101476,156"
2019-06-28 12:16:00.000000000,LAST_TRADE,"1,$100703.0000"
2019-06-28 12:16:00.000000000,QUERY_SPREAD,78
2019-06-28 12:16:00.000000000,BEST_BID,"JPM,100703,151"
2019-06-28 12:16:00.000000000,BEST_ASK,"JPM,101476,156"
2019-06-28 12:16:00.000000000,LAST_TRADE,"4,$100703.0000"
2019-06-28 12:16:00.000000000,QUERY_SPREAD,79
2019-06-28 12:16:00.000000000,BEST_BID,"JPM,100703,145"
2019-06-28 12:16:00.000000000,BEST_ASK,"JPM,101476,156"
2019-06-28 12:16:00.000000000,LAST_TRADE,"6,$100703.0000"
2019-06-28 12:16:00.000000000,QUERY_SPREAD,80
2019-06-28 12:16:00.000000000,BEST_BID,"JPM,100703,140"
2019-06-28 12:16:00.000000000,BEST_ASK,"JPM,101476,156"
2019-06-28 12:16:00.000000000,LAST_TRADE,"5,$100703.0000"
2019-06-28 12:16:00.000000000,QUERY_SPREAD,81
2019-06-28 12:16:00.000000000,BEST_BID,"JPM,100703,132"
2019-06-28 12:16:00.000000000,BEST_ASK,"JPM,101476,156"
2019-06-28 12:16:00.000000000,LAST_TRADE,"8,$100703.0000"
2019-06-28 12:16:00.000000000,QUERY_SPREAD,82
2019-06-28 12:16:00.000000000,BEST_BID,"JPM,100703,124"
2019-06-28 12:16:00.000000000,BEST_ASK,"JPM,101476,156"
2019-06-28 12:16:00.000000000,LAST_TRADE,"8,$100703.0000"
2019-06-28 12:16:00.000000000,QUERY_SPREAD,83
2019-06-28 12:16:00.000000000,BEST_BID,"JPM,100703,122"
2019-06-28 12:16:00.000000000,BEST_ASK,"JPM,101476,156"
2019-06-28 12:16:00.000000000,LAST_TRADE,"2,$100703.0000"
2019-06-28 12:16:00.000000000,QUERY_SPREAD,84
2019-06-28 12:16:00.000000000,BEST_BID,"JPM,100703,121"
2019-06-28 12:16:00.000000000,BEST_ASK,"JPM,101476,156"
2019-06-28 12:16:00.000000000,LAST_TRADE,"1,$100703.0000"
2019-06-28 12:16:00.000000000,QUERY_SPREAD,85
2019-06-28 12:16:00.000000000,BEST_BID,"JPM,100703,120"
2019-06-28 12:16:00.000000000,BEST_ASK,"JPM,101476,156"
2019-06-28 12:16:00.000000000,LAST_TRADE,"1,$100703.0000"
2019-06-28 12:16:00.000000000,QUERY_SPREAD,86
2019-06-28 12:16:00.000000000,BEST_BID,"JPM,100703,114"
2019-06-28 12:16:00.000000000,BEST_ASK,"JPM,101476,156"
2019-06-28 12:16:00.000000000,LAST_TRADE,"6,$100703.0000"
2019-06-28 12:16:00.000000000,QUERY_SPREAD,87
2019-06-28 12:16:00.000000000,BEST_BID,"JPM,100703,111"
2019-06-28 12:16:00.000000000,BEST_ASK,"JPM,101476,156"
2019-06-28 12:16:00.000000000,LAST_TRADE,"3,$100703.0000"
2019-06-28 12:16:00.000000000,QUERY_SPREAD,88
2019-06-28 12:16:00.000000000,BEST_BID,"JPM,100703,107"
2019-06-28 12:16:00.000000000,BEST_ASK,"JPM,101476,156"
2019-06-28 12:16:00.000000000,LAST_TRADE,"4,$100703.0000"
2019-06-28 12:16:00.000000000,QUERY_SPREAD,89
2019-06-28 12:16:00.000000000,BEST_BID,"JPM,100703,103"
2019-06-28 12:16:00.000000000,BEST_ASK,"JPM,101476,156"
2019-06-28 12:16:00.000000000,LAST_TRADE,"4,$100703.0000"
2019-06-28 12:16:00.000000000,QUERY_SPREAD,90
2019-06-28 12:16:00.000000000,BEST_BID,"JPM,100703,96"
2019-06-28 12:16:00.000000000,BEST_ASK,"JPM,101476,156"
2019-06-28 12:16:00.000000000,LAST_TRADE,"7,$100703.0000"
2019-06-28 12:16:00.000000000,QUERY_SPREAD,91
2019-06-28 12:16:00.000000000,BEST_BID,"JPM,100703,88"
2019-06-28 12:16:00.000000000,BEST_ASK,"JPM,101476,156"
2019-06-28 12:16:00.000000000,LAST_TRADE,"8,$100703.0000"
2019-06-28 12:16:00.000000000,QUERY_SPREAD,92
2019-06-28 12:16:00.000000000,BEST_BID,"JPM,100703,83"
2019-06-28 12:16:00.000000000,BEST_ASK,"JPM,101476,156"
2019-06-28 12:16:00.000000000,LAST_TRADE,"5,$100703.0000"
2019-06-28 12:16:00.000000000,QUERY_SPREAD,93
2019-06-28 12:16:00.000000000,BEST_BID,"JPM,100703,80"
2019-06-28 12:16:00.000000000,BEST_ASK,"JPM,101476,156"
2019-06-28 12:16:00.000000000,LAST_TRADE,"3,$100703.0000"
2019-06-28 12:16:00.000000000,QUERY_SPREAD,94
2019-06-28 12:16:00.000000000,BEST_BID,"JPM,100703,76"
2019-06-28 12:16:00.000000000,BEST_ASK,"JPM,101476,156"
2019-06-28 12:16:00.000000000,LAST_TRADE,"4,$100703.0000"
2019-06-28 12:16:00.000000000,QUERY_SPREAD,95
2019-06-28 12:16:00.000000000,BEST_BID,"JPM,100703,71"
2019-06-28 12:16:00.000000000,BEST_ASK,"JPM,101476,156"
2019-06-28 12:16:00.000000000,LAST_TRADE,"5,$100703.0000"
2019-06-28 12:16:00.000000000,QUERY_SPREAD,96
2019-06-28 12:16:00.000000000,BEST_BID,"JPM,100703,70"
2019-06-28 12:16:00.000000000,BEST_ASK,"JPM,101476,156"
2019-06-28 12:16:00.000000000,LAST_TRADE,"1,$100703.0000"
2019-06-28 12:16:00.000000000,QUERY_SPREAD,97
2019-06-28 12:16:00.000000000,BEST_BID,"JPM,100703,63"
2019-06-28 12:16:00.000000000,BEST_ASK,"JPM,101476,156"
2019-06-28 12:16:00.000000000,LAST_TRADE,"7,$100703.0000"
2019-06-28 12:16:00.000000000,QUERY_SPREAD,98
2019-06-28 12:16:00.000000000,BEST_BID,"JPM,100703,57"
2019-06-28 12:16:00.000000000,BEST_ASK,"JPM,101476,156"
2019-06-28 12:16:00.000000000,LAST_TRADE,"6,$100703.0000"
2019-06-28 12:16:00.000000000,QUERY_SPREAD,99
2019-06-28 12:16:00.000000000,BEST_BID,"JPM,100703,52"
2019-06-28 12:16:00.000000000,BEST_ASK,"JPM,101476,156"
2019-06-28 12:16:00.000000000,LAST_TRADE,"5,$100703.0000"
2019-06-28 12:16:00.000000000,QUERY_SPREAD,100
2019-06-28 12:16:00.000000000,BEST_BID,"JPM,100703,45"
2019-06-28 12:16:00.000000000,BEST_ASK,"JPM,101476,156"
2019-06-28 12:16:00.000000000,LAST_TRADE,"7,$100703.0000"
2019-06-28 12:16:00.000000000,QUERY_SPREAD,101
2019-06-28 12:16:00.000000000,QUERY_ORDER_STREAM,101
2019-06-28 12:16:10.000000000,QUERY_SPREAD,1
2019-06-28 12:16:10.000000000,BEST_BID,"JPM,100698,295"
2019-06-28 12:16:10.000000000,BEST_ASK,"JPM,101476,100"
2019-06-28 12:16:10.000000000,BEST_BID,"JPM,100698,295"
2019-06-28 12:16:10.000000000,BEST_ASK,"JPM,101476,100"
2019-06-28 12:16:10.000000000,BEST_BID,"JPM,100698,295"
2019-06-28 12:16:10.000000000,BEST_ASK,"JPM,101476,100"
2019-06-28 12:16:10.000000000,BEST_BID,"JPM,100698,295"
2019-06-28 12:16:10.000000000,BEST_ASK,"JPM,101476,195"
2019-06-28 12:16:10.000000000,BEST_BID,"JPM,100698,295"
2019-06-28 12:16:10.000000000,BEST_ASK,"JPM,101476,195"
2019-06-28 12:16:10.000000000,BEST_BID,"JPM,100698,295"
2019-06-28 12:16:10.000000000,BEST_ASK,"JPM,101476,195"
2019-06-28 12:16:20.000000000,QUERY_SPREAD,1
2019-06-28 12:16:20.000000000,BEST_BID,"JPM,100698,270"
2019-06-28 12:16:20.000000000,BEST_ASK,"JPM,101476,100"
2019-06-28 12:16:20.000000000,BEST_BID,"JPM,100698,270"
2019-06-28 12:16:20.000000000,BEST_ASK,"JPM,101476,100"
2019-06-28 12:16:20.000000000,BEST_BID,"JPM,100698,270"
2019-06-28 12:16:20.000000000,BEST_ASK,"JPM,101476,100"
2019-06-28 12:16:20.000000000,BEST_BID,"JPM,100698,270"
2019-06-28 12:16:20.000000000,BEST_ASK,"JPM,101476,100"
2019-06-28 12:16:20.000000000,BEST_BID,"JPM,100698,270"
2019-06-28 12:16:20.000000000,BEST_ASK,"JPM,101476,170"
2019-06-28 12:16:20.000000000,BEST_BID,"JPM,100698,270"
2019-06-28 12:16:20.000000000,BEST_ASK,"JPM,101476,170"
2019-06-28 12:16:20.000000000,BEST_BID,"JPM,100698,270"
2019-06-28 12:16:20.000000000,BEST_ASK,"JPM,101476,170"
2019-06-28 12:16:20.000000000,BEST_BID,"JPM,100698,270"
2019-06-28 12:16:20.000000000,BEST_ASK,"JPM,101476,170"
2019-06-28 12:16:27.374745320,QUERY_SPREAD,7
2019-06-28 12:16:27.374745320,BEST_BID,"JPM,101452,100"
2019-06-28 12:16:27.374745320,BEST_ASK,"JPM,101476,170"
2019-06-28 12:16:30.000000000,QUERY_SPREAD,1
2019-06-28 12:16:30.000000000,BEST_BID,"JPM,101452,170"
2019-06-28 12:16:30.000000000,BEST_ASK,"JPM,101476,100"
2019-06-28 12:16:30.000000000,BEST_BID,"JPM,101452,170"
2019-06-28 12:16:30.000000000,BEST_ASK,"JPM,101476,100"
2019-06-28 12:16:30.000000000,BEST_BID,"JPM,101452,170"
2019-06-28 12:16:30.000000000,BEST_ASK,"JPM,101476,100"
2019-06-28 12:16:30.000000000,BEST_BID,"JPM,101452,170"
2019-06-28 12:16:30.000000000,BEST_ASK,"JPM,101476,100"
2019-06-28 12:16:30.000000000,BEST_BID,"JPM,101452,170"
2019-06-28 12:16:30.000000000,BEST_ASK,"JPM,101476,170"
2019-06-28 12:16:30.000000000,BEST_BID,"JPM,101452,170"
2019-06-28 12:16:30.000000000,BEST_ASK,"JPM,101476,170"
2019-06-28 12:16:30.000000000,BEST_BID,"JPM,101452,170"
2019-06-28 12:16:30.000000000,BEST_ASK,"JPM,101476,170"
2019-06-28 12:16:30.000000000,BEST_BID,"JPM,101452,170"
2019-06-28 12:16:30.000000000,BEST_ASK,"JPM,101476,170"
2019-06-28 12:16:40.000000000,QUERY_SPREAD,1
2019-06-28 12:16:40.000000000,BEST_BID,"JPM,101452,195"
2019-06-28 12:16:40.000000000,BEST_ASK,"JPM,101476,100"
2019-06-28 12:16:40.000000000,BEST_BID,"JPM,101452,195"
2019-06-28 12:16:40.000000000,BEST_ASK,"JPM,101476,100"
2019-06-28 12:16:40.000000000,BEST_BID,"JPM,101452,195"
2019-06-28 12:16:40.000000000,BEST_ASK,"JPM,101476,100"
2019-06-28 12:16:40.000000000,BEST_BID,"JPM,101452,195"
2019-06-28 12:16:40.000000000,BEST_ASK,"JPM,101476,195"
2019-06-28 12:16:40.000000000,BEST_BID,"JPM,101452,195"
2019-06-28 12:16:40.000000000,BEST_ASK,"JPM,101476,195"
2019-06-28 12:16:40.000000000,BEST_BID,"JPM,101452,195"
2019-06-28 12:16:40.000000000,BEST_ASK,"JPM,101476,195"
2019-06-28 12:16:41.938464509,QUERY_SPREAD,44
2019-06-28 12:16:41.938464509,BEST_BID,"JPM,101452,195"
2019-06-28 12:16:41.938464509,BEST_ASK,"JPM,101476,195"
2019-06-28 12:16:50.000000000,QUERY_SPREAD,1
2019-06-28 12:16:50.000000000,BEST_BID,"JPM,101452,240"
2019-06-28 12:16:50.000000000,BEST_ASK,"JPM,101476,100"
2019-06-28 12:16:50.000000000,BEST_BID,"JPM,101452,240"
2019-06-28 12:16:50.000000000,BEST_ASK,"JPM,101476,100"
2019-06-28 12:16:50.000000000,BEST_BID,"JPM,101452,240"
2019-06-28 12:16:50.000000000,BEST_ASK,"JPM,101476,240"
2019-06-28 12:16:50.000000000,BEST_BID,"JPM,101452,240"
2019-06-28 12:16:50.000000000,BEST_ASK,"JPM,101476,240"
2019-06-28 12:17:00.000000000,QUERY_SPREAD,1
2019-06-28 12:17:00.000000000,BEST_BID,"JPM,101452,240"
2019-06-28 12:17:00.000000000,BEST_ASK,"JPM,101476,100"
2019-06-28 12:17:00.000000000,BEST_BID,"JPM,101452,240"
2019-06-28 12:17:00.000000000,BEST_ASK,"JPM,101476,100"
2019-06-28 12:17:00.000000000,BEST_BID,"JPM,101452,240"
2019-06-28 12:17:00.000000000,BEST_ASK,"JPM,101476,240"
2019-06-28 12:17:00.000000000,BEST_BID,"JPM,101452,240"
2019-06-28 12:17:00.000000000,BEST_ASK,"JPM,101476,240"
2019-06-28 12:17:00.000000000,QUERY_SPREAD,77
2019-06-28 12:17:00.000000000,BEST_BID,"JPM,101452,239"
2019-06-28 12:17:00.000000000,BEST_ASK,"JPM,101476,240"
2019-06-28 12:17:00.000000000,LAST_TRADE,"1,$101452.0000"
2019-06-28 12:17:00.000000000,QUERY_SPREAD,78
2019-06-28 12:17:00.000000000,BEST_BID,"JPM,101452,235"
2019-06-28 12:17:00.000000000,BEST_ASK,"JPM,101476,240"
2019-06-28 12:17:00.000000000,LAST_TRADE,"4,$101452.0000"
2019-06-28 12:17:00.000000000,QUERY_SPREAD,79
2019-06-28 12:17:00.000000000,BEST_BID,"JPM,101452,229"
2019-06-28 12:17:00.000000000,BEST_ASK,"JPM,101476,240"
2019-06-28 12:17:00.000000000,LAST_TRADE,"6,$101452.0000"
2019-06-28 12:17:00.000000000,QUERY_SPREAD,80
2019-06-28 12:17:00.000000000,BEST_BID,"JPM,101452,224"
2019-06-28 12:17:00.000000000,BEST_ASK,"JPM,101476,240"
2019-06-28 12:17:00.000000000,LAST_TRADE,"5,$101452.0000"
2019-06-28 12:17:00.000000000,QUERY_SPREAD,81
2019-06-28 12:17:00.000000000,BEST_BID,"JPM,101452,216"
2019-06-28 12:17:00.000000000,BEST_ASK,"JPM,101476,240"
2019-06-28 12:17:00.000000000,LAST_TRADE,"8,$101452.0000"
2019-06-28 12:17:00.000000000,QUERY_SPREAD,82
2019-06-28 12:17:00.000000000,BEST_BID,"JPM,101452,208"
2019-06-28 12:17:00.000000000,BEST_ASK,"JPM,101476,240"
2019-06-28 12:17:00.000000000,LAST_TRADE,"8,$101452.0000"
2019-06-28 12:17:00.000000000,QUERY_SPREAD,83
2019-06-28 12:17:00.000000000,BEST_BID,"JPM,101452,206"
2019-06-28 12:17:00.000000000,BEST_ASK,"JPM,101476,240"
2019-06-28 12:17:00.000000000,LAST_TRADE,"2,$101452.0000"
2019-06-28 12:17:00.000000000,QUERY_SPREAD,84
2019-06-28 12:17:00.000000000,BEST_BID,"JPM,101452,205"
2019-06-28 12:17:00.000000000,BEST_ASK,"JPM,101476,240"
2019-06-28 12:17:00.000000000,LAST_TRADE,"1,$101452.0000"
2019-06-28 12:17:00.000000000,QUERY_SPREAD,85
2019-06-28 12:17:00.000000000,BEST_BID,"JPM,101452,204"
2019-06-28 12:17:00.000000000,BEST_ASK,"JPM,101476,240"
2019-06-28 12:17:00.000000000,LAST_TRADE,"1,$101452.0000"
2019-06-28 12:17:00.000000000,QUERY_SPREAD,86
2019-06-28 12:17:00.000000000,BEST_BID,"JPM,101452,198"
2019-06-28 12:17:00.000000000,BEST_ASK,"JPM,101476,240"
2019-06-28 12:17:00.000000000,LAST_TRADE,"6,$101452.0000"
2019-06-28 12:17:00.000000000,QUERY_SPREAD,87
2019-06-28 12:17:00.000000000,BEST_BID,"JPM,101452,195"
2019-06-28 12:17:00.000000000,BEST_ASK,"JPM,101476,240"
2019-06-28 12:17:00.000000000,LAST_TRADE,"3,$101452.0000"
2019-06-28 12:17:00.000000000,QUERY_SPREAD,88
2019-06-28 12:17:00.000000000,BEST_BID,"JPM,101452,191"
2019-06-28 12:17:00.000000000,BEST_ASK,"JPM,101476,240"
2019-06-28 12:17:00.000000000,LAST_TRADE,"4,$101452.0000"
2019-06-28 12:17:00.000000000,QUERY_SPREAD,89
2019-06-28 12:17:00.000000000,BEST_BID,"JPM,101452,187"
2019-06-28 12:17:00.000000000,BEST_ASK,"JPM,101476,240"
2019-06-28 12:17:00.000000000,LAST_TRADE,"4,$101452.0000"
2019-06-28 12:17:00.000000000,QUERY_SPREAD,90
2019-06-28 12:17:00.000000000,BEST_BID,"JPM,101452,180"
2019-06-28 12:17:00.000000000,BEST_ASK,"JPM,101476,240"
2019-06-28 12:17:00.000000000,LAST_TRADE,"7,$101452.0000"
2019-06-28 12:17:00.000000000,QUERY_SPREAD,91
2019-06-28 12:17:00.000000000,BEST_BID,"JPM,101452,172"
2019-06-28 12:17:00.000000000,BEST_ASK,"JPM,101476,240"
2019-06-28 12:17:00.000000000,LAST_TRADE,"8,$101452.0000"
2019-06-28 12:17:00.000000000,QUERY_SPREAD,92
2019-06-28 12:17:00.000000000,BEST_BID,"JPM,101452,167"
2019-06-28 12:17:00.000000000,BEST_ASK,"JPM,101476,240"
2019-06-28 12:17:00.000000000,LAST_TRADE,"5,$101452.0000"
2019-06-28 12:17:00.000000000,QUERY_SPREAD,93
2019-06-28 12:17:00.000000000,BEST_BID,"JPM,101452,164"
2019-06-28 12:17:00.000000000,BEST_ASK,"JPM,101476,240"
2019-06-28 12:17:00.000000000,LAST_TRADE,"3,$101452.0000"
2019-06-28 12:17:00.000000000,QUERY_SPREAD,94
2019-06-28 12:17:00.000000000,BEST_BID,"JPM,101452,160"
2019-06-28 12:17:00.000000000,BEST_ASK,"JPM,101476,240"
2019-06-28 12:17:00.000000000,LAST_TRADE,"4,$101452.0000"
2019-06-28 12:17:00.000000000,QUERY_SPREAD,95
2019-06-28 12:17:00.000000000,BEST_BID,"JPM,101452,155"
2019-06-28 12:17:00.000000000,BEST_ASK,"JPM,101476,240"
2019-06-28 12:17:00.000000000,LAST_TRADE,"5,$101452.0000"
2019-06-28 12:17:00.000000000,QUERY_SPREAD,96
2019-06-28 12:17:00.000000000,BEST_BID,"JPM,101452,154"
2019-06-28 12:17:00.000000000,BEST_ASK,"JPM,101476,240"
2019-06-28 12:17:00.000000000,LAST_TRADE,"1,$101452.0000"
2019-06-28 12:17:00.000000000,QUERY_SPREAD,97
2019-06-28 12:17:00.000000000,BEST_BID,"JPM,101452,147"
2019-06-28 12:17:00.000000000,BEST_ASK,"JPM,101476,240"
2019-06-28 12:17:00.000000000,LAST_TRADE,"7,$101452.0000"
2019-06-28 12:17:00.000000000,QUERY_SPREAD,98
2019-06-28 12:17:00.000000000,BEST_BID,"JPM,101452,141"
2019-06-28 12:17:00.000000000,BEST_ASK,"JPM,101476,240"
2019-06-28 12:17:00.000000000,LAST_TRADE,"6,$101452.0000"
2019-06-28 12:17:00.000000000,QUERY_SPREAD,99
2019-06-28 12:17:00.000000000,BEST_BID,"JPM,101452,136"
2019-06-28 12:17:00.000000000,BEST_ASK,"JPM,101476,240"
2019-06-28 12:17:00.000000000,LAST_TRADE,"5,$101452.0000"
2019-06-28 12:17:00.000000000,QUERY_SPREAD,100
2019-06-28 12:17:00.000000000,BEST_BID,"JPM,101452,129"
2019-06-28 12:17:00.000000000,BEST_ASK,"JPM,101476,240"
2019-06-28 12:17:00.000000000,LAST_TRADE,"7,$101452.0000"
2019-06-28 12:17:00.000000000,QUERY_SPREAD,101
2019-06-28 12:17:00.000000000,QUERY_ORDER_STREAM,101
2019-06-28 12:17:10.000000000,QUERY_SPREAD,1
2019-06-28 12:17:10.000000000,BEST_BID,"JPM,101314,240"
2019-06-28 12:17:10.000000000,BEST_ASK,"JPM,101476,100"
2019-06-28 12:17:10.000000000,BEST_BID,"JPM,101314,240"
2019-06-28 12:17:10.000000000,BEST_ASK,"JPM,101476,100"
2019-06-28 12:17:10.000000000,BEST_BID,"JPM,101314,240"
2019-06-28 12:17:10.000000000,BEST_ASK,"JPM,101476,240"
2019-06-28 12:17:10.000000000,BEST_BID,"JPM,101314,240"
2019-06-28 12:17:10.000000000,BEST_ASK,"JPM,101476,240"
2019-06-28 12:17:18.532969703,QUERY_SPREAD,47
2019-06-28 12:17:18.532969703,BEST_BID,"JPM,101314,140"
2019-06-28 12:17:18.532969703,BEST_ASK,"JPM,101476,240"
2019-06-28 12:17:18.532969703,LAST_TRADE,"100,$101314.0000"
2019-06-28 12:17:20.000000000,QUERY_SPREAD,1
2019-06-28 12:17:20.000000000,BEST_BID,"JPM,100698,480"
2019-06-28 12:17:20.000000000,BEST_ASK,"JPM,101476,100"
2019-06-28 12:17:20.000000000,BEST_BID,"JPM,100698,480"
2019-06-28 12:17:20.000000000,BEST_ASK,"JPM,101476,380"
2019-06-28 12:17:29.721055615,QUERY_ORDER_STREAM,55
2019-06-28 12:17:29.721055615,QUERY_SPREAD,55
2019-06-28 12:17:29.721055615,BEST_BID,"JPM,100698,380"
2019-06-28 12:17:29.721055615,BEST_ASK,"JPM,101452,100"
2019-06-28 12:17:30.000000000,QUERY_SPREAD,1
2019-06-28 12:17:30.000000000,BEST_BID,"JPM,100698,170"
2019-06-28 12:17:30.000000000,BEST_ASK,"JPM,101452,100"
2019-06-28 12:17:30.000000000,BEST_BID,"JPM,100698,170"
2019-06-28 12:17:30.000000000,BEST_ASK,"JPM,101452,100"
2019-06-28 12:17:30.000000000,BEST_BID,"JPM,100698,170"
2019-06-28 12:17:30.000000000,BEST_ASK,"JPM,101452,100"
2019-06-28 12:17:30.000000000,BEST_BID,"JPM,100698,170"
2019-06-28 12:17:30.000000000,BEST_ASK,"JPM,101452,100"
2019-06-28 12:17:30.000000000,BEST_BID,"JPM,100698,170"
2019-06-28 12:17:30.000000000,BEST_ASK,"JPM,101452,170"
2019-06-28 12:17:30.000000000,BEST_BID,"JPM,100698,170"
2019-06-28 12:17:30.000000000,BEST_ASK,"JPM,101452,170"
2019-06-28 12:17:30.000000000,BEST_BID,"JPM,100698,170"
2019-06-28 12:17:30.000000000,BEST_ASK,"JPM,101452,170"
2019-06-28 12:17:30.000000000,BEST_BID,"JPM,100698,170"
2019-06-28 12:17:30.000000000,BEST_ASK,"JPM,101452,170"
2019-06-28 12:17:38.448946541,QUERY_SPREAD,23
2019-06-28 12:17:38.448946541,BEST_BID,"JPM,101203,100"
2019-06-28 12:17:38.448946541,BEST_ASK,"JPM,101452,170"
2019-06-28 12:17:40.000000000,QUERY_SPREAD,1
2019-06-28 12:17:40.000000000,BEST_BID,"JPM,101203,156"
2019-06-28 12:17:40.000000000,BEST_ASK,"JPM,101452,100"
2019-06-28 12:17:40.000000000,BEST_BID,"JPM,101203,156"
2019-06-28 12:17:40.000000000,BEST_ASK,"JPM,101452,100"
2019-06-28 12:17:40.000000000,BEST_BID,"JPM,101203,156"
2019-06-28 12:17:40.000000000,BEST_ASK,"JPM,101452,100"
2019-06-28 12:17:40.000000000,BEST_BID,"JPM,101203,156"
2019-06-28 12:17:40.000000000,BEST_ASK,"JPM,101452,100"
2019-06-28 12:17:40.000000000,BEST_BID,"JPM,101203,156"
2019-06-28 12:17:40.000000000,BEST_ASK,"JPM,101452,100"
2019-06-28 12:17:40.000000000,BEST_BID,"JPM,101203,156"
2019-06-28 12:17:40.000000000,BEST_ASK,"JPM,101452,156"
2019-06-28 12:17:40.000000000,BEST_BID,"JPM,101203,156"
2019-06-28 12:17:40.000000000,BEST_ASK,"JPM,101452,156"
2019-06-28 12:17:40.000000000,BEST_BID,"JPM,101203,156"
2019-06-28 12:17:40.000000000,BEST_ASK,"JPM,101452,156"
2019-06-28 12:17:40.000000000,BEST_BID,"JPM,101203,156"
2019-06-28 12:17:40.000000000,BEST_ASK,"JPM,101452,156"
2019-06-28 12:17:40.000000000,BEST_BID,"JPM,101203,156"
2019-06-28 12:17:40.000000000,BEST_ASK,"JPM,101452,156"
2019-06-28 12:17:42.173427131,QUERY_SPREAD,21
2019-06-28 12:17:42.173427131,BEST_BID,"JPM,101203,156"
2019-06-28 12:17:42.173427131,BEST_ASK,"JPM,101452,156"
2019-06-28 12:17:50.000000000,QUERY_SPREAD,1
2019-06-28 12:17:50.000000000,BEST_BID,"JPM,101203,170"
2019-06-28 12:17:50.000000000,BEST_ASK,"JPM,101452,100"
2019-06-28 12:17:50.000000000,BEST_BID,"JPM,101203,170"
2019-06-28 12:17:50.000000000,BEST_ASK,"JPM,101452,100"
2019-06-28 12:17:50.000000000,BEST_BID,"JPM,101203,170"
2019-06-28 12:17:50.000000000,BEST_ASK,"JPM,101452,100"
2019-06-28 12:17:50.000000000,BEST_BID,"JPM,101203,170"
2019-06-28 12:17:50.000000000,BEST_ASK,"JPM,101452,100"
2019-06-28 12:17:50.000000000,BEST_BID,"JPM,101203,170"
2019-06-28 12:17:50.000000000,BEST_ASK,"JPM,101452,170"
2019-06-28 12:17:50.000000000,BEST_BID,"JPM,101203,170"
2019-06-28 12:17:50.000000000,BEST_ASK,"JPM,101452,170"
2019-06-28 12:17:50.000000000,BEST_BID,"JPM,101203,170"
2019-06-28 12:17:50.000000000,BEST_ASK,"JPM,101452,170"
2019-06-28 12:17:50.000000000,BEST_BID,"JPM,101203,170"
2019-06-28 12:17:50.000000000,BEST_ASK,"JPM,101452,170"
2019-06-28 12:18:00.000000000,QUERY_SPREAD,1
2019-06-28 12:18:00.000000000,BEST_BID,"JPM,101203,195"
2019-06-28 12:18:00.000000000,BEST_ASK,"JPM,101452,100"
2019-06-28 12:18:00.000000000,BEST_BID,"JPM,101203,195"
2019-06-28 12:18:00.000000000,BEST_ASK,"JPM,101452,100"
2019-06-28 12:18:00.000000000,BEST_BID,"JPM,101203,195"
2019-06-28 12:18:00.000000000,BEST_ASK,"JPM,101452,100"
2019-06-28 12:18:00.000000000,BEST_BID,"JPM,101203,195"
2019-06-28 12:18:00.000000000,BEST_ASK,"JPM,101452,195"
2019-06-28 12:18:00.000000000,BEST_BID,"JPM,101203,195"
2019-06-28 12:18:00.000000000,BEST_ASK,"JPM,101452,195"
2019-06-28 12:18:00.000000000,BEST_BID,"JPM,101203,195"
2019-06-28 12:18:00.000000000,BEST_ASK,"JPM,101452,195"
2019-06-28 12:18:00.000000000,QUERY_SPREAD,77
2019-06-28 12:18:00.000000000,BEST_BID,"JPM,101203,194"
2019-06-28 12:18:00.000000000,BEST_ASK,"JPM,101452,195"
2019-06-28 12:18:00.000000000,LAST_TRADE,"1,$101203.0000"
2019-06-28 12:18:00.000000000,QUERY_SPREAD,78
2019-06-28 12:18:00.000000000,BEST_BID,"JPM,101203,190"
2019-06-28 12:18:00.000000000,BEST_ASK,"JPM,101452,195"
2019-06-28 12:18:00.000000000,LAST_TRADE,"4,$101203.0000"
2019-06-28 12:18:00.000000000,QUERY_SPREAD,79
2019-06-28 12:18:00.000000000,BEST_BID,"JPM,101203,184"
2019-06-28 12:18:00.000000000,BEST_ASK,"JPM,101452,195"
2019-06-28 12:18:00.000000000,LAST_TRADE,"6,$101203.0000"
2019-06-28 12:18:00.000000000,QUERY_SPREAD,80
2019-06-28 12:18:00.000000000,BEST_BID,"JPM,101203,179"
2019-06-28 12:18:00.000000000,BEST_ASK,"JPM,101452,195"
2019-06-28 12:18:00.000000000,LAST_TRADE,"5,$101203.0000"
2019-06-28 12:18:00.000000000,QUERY_SPREAD,81
2019-06-28 12:18:00.000000000,BEST_BID,"JPM,101203,171"
2019-06-28 12:18:00.000000000,BEST_ASK,"JPM,101452,195"
2019-06-28 12:18:00.000000000,LAST_TRADE,"8,$101203.0000"
2019-06-28 12:18:00.000000000,QUERY_SPREAD,82
2019-06-28 12:18:00.000000000,BEST_BID,"JPM,101203,163"
2019-06-28 12:18:00.000000000,BEST_ASK,"JPM,101452,195"
2019-06-28 12:18:00.000000000,LAST_TRADE,"8,$101203.0000"
2019-06-28 12:18:00.000000000,QUERY_SPREAD,83
2019-06-28 12:18:00.000000000,BEST_BID,"JPM,101203,161"
2019-06-28 12:18:00.000000000,BEST_ASK,"JPM,101452,195"
2019-06-28 12:18:00.000000000,LAST_TRADE,"2,$101203.0000"
2019-06-28 12:18:00.000000000,QUERY_SPREAD,84
2019-06-28 12:18:00.000000000,BEST_BID,"JPM,101203,160"
2019-06-28 12:18:00.000000000,BEST_ASK,"JPM,101452,195"
2019-06-28 12:18:00.000000000,LAST_TRADE,"1,$101203.0000"
2019-06-28 12:18:00.000000000,QUERY_SPREAD,85
2019-06-28 12:18:00.000000000,BEST_BID,"JPM,101203,159"
2019-06-28 12:18:00.000000000,BEST_ASK,"JPM,101452,195"
2019-06-28 12:18:00.000000000,LAST_TRADE,"1,$101203.0000"
2019-06-28 12:18:00.000000000,QUERY_SPREAD,86
2019-06-28 12:18:00.000000000,BEST_BID,"JPM,101203,153"
2019-06-28 12:18:00.000000000,BEST_ASK,"JPM,101452,195"
2019-06-28 12:18:00.000000000,LAST_TRADE,"6,$101203.0000"
2019-06-28 12:18:00.000000000,QUERY_SPREAD,87
2019-06-28 12:18:00.000000000,BEST_BID,"JPM,101203,150"
2019-06-28 12:18:00.000000000,BEST_ASK,"JPM,101452,195"
2019-06-28 12:18:00.000000000,LAST_TRADE,"3,$101203.0000"
2019-06-28 12:18:00.000000000,QUERY_SPREAD,88
2019-06-28 12:18:00.000000000,BEST_BID,"JPM,101203,146"
2019-06-28 12:18:00.000000000,BEST_ASK,"JPM,101452,195"
2019-06-28 12:18:00.000000000,LAST_TRADE,"4,$101203.0000"
2019-06-28 12:18:00.000000000,QUERY_SPREAD,89
2019-06-28 12:18:00.000000000,BEST_BID,"JPM,101203,142"
2019-06-28 12:18:00.000000000,BEST_ASK,"JPM,101452,195"
2019-06-28 12:18:00.000000000,LAST_TRADE,"4,$101203.0000"
2019-06-28 12:18:00.000000000,QUERY_SPREAD,90
2019-06-28 12:18:00.000000000,BEST_BID,"JPM,101203,135"
2019-06-28 12:18:00.000000000,BEST_ASK,"JPM,101452,195"
2019-06-28 12:18:00.000000000,LAST_TRADE,"7,$101203.0000"
2019-06-28 12:18:00.000000000,QUERY_SPREAD,91
2019-06-28 12:18:00.000000000,BEST_BID,"JPM,101203,127"
2019-06-28 12:18:00.000000000,BEST_ASK,"JPM,101452,195"
2019-06-28 12:18:00.000000000,LAST_TRADE,"8,$101203.0000"
2019-06-28 12:18:00.000000000,QUERY_SPREAD,92
2019-06-28 12:18:00.000000000,BEST_BID,"JPM,101203,122"
2019-06-28 12:18:00.000000000,BEST_ASK,"JPM,101452,195"
2019-06-28 12:18:00.000000000,LAST_TRADE,"5,$101203.0000"
2019-06-28 12:18:00.000000000,QUERY_SPREAD,93
2019-06-28 12:18:00.000000000,BEST_BID,"JPM,101203,119"
2019-06-28 12:18:00.000000000,BEST_ASK,"JPM,101452,195"
2019-06-28 12:18:00.000000000,LAST_TRADE,"3,$101203.0000"
2019-06-28 12:18:00.000000000,QUERY_SPREAD,94
2019-06-28 12:18:00.000000000,BEST_BID,"JPM,101203,115"
2019-06-28 12:18:00.000000000,BEST_ASK,"JPM,101452,195"
2019-06-28 12:18:00.000000000,LAST_TRADE,"4,$101203.0000"
2019-06-28 12:18:00.000000000,QUERY_SPREAD,95
2019-06-28 12:18:00.000000000,BEST_BID,"JPM,101203,110"
2019-06-28 12:18:00.000000000,BEST_ASK,"JPM,101452,195"
2019-06-28 12:18:00.000000000,LAST_TRADE,"5,$101203.0000"
2019-06-28 12:18:00.000000000,QUERY_SPREAD,96
2019-06-28 12:18:00.000000000,BEST_BID,"JPM,101203,109"
2019-06-28 12:18:00.000000000,BEST_ASK,"JPM,101452,195"
2019-06-28 12:18:00.000000000,LAST_TRADE,"1,$101203.0000"
2019-06-28 12:18:00.000000000,QUERY_SPREAD,97
2019-06-28 12:18:00.000000000,BEST_BID,"JPM,101203,102"
2019-06-28 12:18:00.000000000,BEST_ASK,"JPM,101452,195"
2019-06-28 12:18:00.000000000,LAST_TRADE,"7,$101203.0000"
2019-06-28 12:18:00.000000000,QUERY_SPREAD,98
2019-06-28 12:18:00.000000000,BEST_BID,"JPM,101203,96"
2019-06-28 12:18:00.000000000,BEST_ASK,"JPM,101452,195"
2019-06-28 12:18:00.000000000,LAST_TRADE,"6,$101203.0000"
2019-06-28 12:18:00.000000000,QUERY_SPREAD,99
2019-06-28 12:18:00.000000000,BEST_BID,"JPM,101203,91"
2019-06-28 12:18:00.000000000,BEST_ASK,"JPM,101452,195"
2019-06-28 12:18:00.000000000,LAST_TRADE,"5,$101203.0000"
2019-06-28 12:18:00.000000000,QUERY_SPREAD,100
2019-06-28 12:18:00.000000000,BEST_BID,"JPM,101203,84"
2019-06-28 12:18:00.000000000,BEST_ASK,"JPM,101452,195"
2019-06-28 12:18:00.000000000,LAST_TRADE,"7,$101203.0000"
2019-06-28 12:18:00.000000000,QUERY_SPREAD,101
2019-06-28 12:18:00.000000000,QUERY_ORDER_STREAM,101
2019-06-28 12:18:10.000000000,QUERY_SPREAD,1
2019-06-28 12:18:10.000000000,BEST_BID,"JPM,101005,240"
2019-06-28 12:18:10.000000000,BEST_ASK,"JPM,101452,100"
2019-06-28 12:18:10.000000000,BEST_BID,"JPM,101005,240"
2019-06-28 12:18:10.000000000,BEST_ASK,"JPM,101452,100"
2019-06-28 12:18:10.000000000,BEST_BID,"JPM,101005,240"
2019-06-28 12:18:10.000000000,BEST_ASK,"JPM,101452,240"
2019-06-28 12:18:10.000000000,BEST_BID,"JPM,101005,240"
2019-06-28 12:18:10.000000000,BEST_ASK,"JPM,101452,240"
2019-06-28 12:18:19.874573864,QUERY_ORDER_STREAM,72
2019-06-28 12:18:19.874573864,QUERY_SPREAD,72
2019-06-28 12:18:19.874573864,BEST_BID,"JPM,101005,240"
2019-06-28 12:18:19.874573864,BEST_ASK,"JPM,101203,100"
2019-06-28 12:18:20.000000000,QUERY_SPREAD,1
2019-06-28 12:18:20.000000000,BEST_BID,"JPM,101005,156"
2019-06-28 12:18:20.000000000,BEST_ASK,"JPM,101203,100"
2019-06-28 12:18:20.000000000,BEST_BID,"JPM,101005,156"
2019-06-28 12:18:20.000000000,BEST_ASK,"JPM,101203,100"
2019-06-28 12:18:20.000000000,BEST_BID,"JPM,101005,156"
2019-06-28 12:18:20.000000000,BEST_ASK,"JPM,101203,100"
2019-06-28 12:18:20.000000000,BEST_BID,"JPM,101005,156"
2019-06-28 12:18:20.000000000,BEST_ASK,"JPM,101203,100"
2019-06-28 12:18:20.000000000,BEST_BID,"JPM,101005,156"
2019-06-28 12:18:20.000000000,BEST_ASK,"JPM,101203,100"
2019-06-28 12:18:20.000000000,BEST_BID,"JPM,101005,156"
2019-06-28 12:18:20.000000000,BEST_ASK,"JPM,101203,156"
2019-06-28 12:18:20.000000000,BEST_BID,"JPM,101005,156"
2019-06-28 12:18:20.000000000,BEST_ASK,"JPM,101203,156"
2019-06-28 12:18:20.000000000,BEST_BID,"JPM,101005,156"
2019-06-28 12:18:20.000000000,BEST_ASK,"JPM,101203,156"
2019-06-28 12:18:20.000000000,BEST_BID,"JPM,101005,156"
2019-06-28 12:18:20.000000000,BEST_ASK,"JPM,101203,156"
2019-06-28 12:18:20.000000000,BEST_BID,"JPM,101005,156"
2019-06-28 12:18:20.000000000,BEST_ASK,"JPM,101203,156"
2019-06-28 12:18:21.695307231,QUERY_ORDER_STREAM,66
2019-06-28 12:18:21.695307231,QUERY_SPREAD,66
2019-06-28 12:18:21.695307231,BEST_BID,"JPM,101005,156"
2019-06-28 12:18:21.695307231,BEST_ASK,"JPM,101203,256"
2019-06-28 12:18:30.000000000,QUERY_SPREAD,1
2019-06-28 12:18:30.000000000,BEST_BID,"JPM,101005,380"
2019-06-28 12:18:30.000000000,BEST_ASK,"JPM,101203,200"
2019-06-28 12:18:30.000000000,BEST_BID,"JPM,101005,380"
2019-06-28 12:18:30.000000000,BEST_ASK,"JPM,101203,480"
2019-06-28 12:18:31.948281815,QUERY_SPREAD,11
2019-06-28 12:18:31.948281815,BEST_BID,"JPM,101005,280"
2019-06-28 12:18:31.948281815,BEST_ASK,"JPM,101203,480"
2019-06-28 12:18:31.948281815,LAST_TRADE,"100,$101005.0000"
2019-06-28 12:18:40.000000000,QUERY_SPREAD,1
2019-06-28 12:18:40.000000000,BEST_BID,"JPM,100698,170"
2019-06-28 12:18:40.000000000,BEST_ASK,"JPM,101203,200"
2019-06-28 12:18:40.000000000,BEST_BID,"JPM,100698,170"
2019-06-28 12:18:40.000000000,BEST_ASK,"JPM,101203,200"
2019-06-28 12:18:40.000000000,BEST_BID,"JPM,100698,170"
2019-06-28 12:18:40.000000000,BEST_ASK,"JPM,101203,200"
2019-06-28 12:18:40.000000000,BEST_BID,"JPM,100698,170"
2019-06-28 12:18:40.000000000,BEST_ASK,"JPM,101203,200"
2019-06-28 12:18:40.000000000,BEST_BID,"JPM,100698,170"
2019-06-28 12:18:40.000000000,BEST_ASK,"JPM,101203,270"
2019-06-28 12:18:40.000000000,BEST_BID,"JPM,100698,170"
2019-06-28 12:18:40.000000000,BEST_ASK,"JPM,101203,270"
2019-06-28 12:18:40.000000000,BEST_BID,"JPM,100698,170"
2019-06-28 12:18:40.000000000,BEST_ASK,"JPM,101203,270"
2019-06-28 12:18:40.000000000,BEST_BID,"JPM,100698,170"
2019-06-28 12:18:40.000000000,BEST_ASK,"JPM,101203,270"
2019-06-28 12:18:43.376485194,QUERY_SPREAD,35
2019-06-28 12:18:43.376485194,BEST_BID,"JPM,100893,100"
2019-06-28 12:18:43.376485194,BEST_ASK,"JPM,101203,270"
2019-06-28 12:18:50.000000000,QUERY_SPREAD,1
2019-06-28 12:18:50.000000000,BEST_BID,"JPM,100893,195"
2019-06-28 12:18:50.000000000,BEST_ASK,"JPM,101203,200"
2019-06-28 12:18:50.000000000,BEST_BID,"JPM,100893,195"
2019-06-28 12:18:50.000000000,BEST_ASK,"JPM,101203,200"
2019-06-28 12:18:50.000000000,BEST_BID,"JPM,100893,195"
2019-06-28 12:18:50.000000000,BEST_ASK,"JPM,101203,200"
2019-06-28 12:18:50.000000000,BEST_BID,"JPM,100893,195"
2019-06-28 12:18:50.000000000,BEST_ASK,"JPM,101203,295"
2019-06-28 12:18:50.000000000,BEST_BID,"JPM,100893,195"
2019-06-28 12:18:50.000000000,BEST_ASK,"JPM,101203,295"
2019-06-28 12:18:50.000000000,BEST_BID,"JPM,100893,195"
2019-06-28 12:18:50.000000000,BEST_ASK,"JPM,101203,295"
2019-06-28 12:19:00.000000000,QUERY_SPREAD,1
2019-06-28 12:19:00.000000000,BEST_BID,"JPM,100893,240"
2019-06-28 12:19:00.000000000,BEST_ASK,"JPM,101203,200"
2019-06-28 12:19:00.000000000,BEST_BID,"JPM,100893,240"
2019-06-28 12:19:00.000000000,BEST_ASK,"JPM,101203,200"
2019-06-28 12:19:00.000000000,BEST_BID,"JPM,100893,240"
2019-06-28 12:19:00.000000000,BEST_ASK,"JPM,101203,340"
2019-06-28 12:19:00.000000000,BEST_BID,"JPM,100893,240"
2019-06-28 12:19:00.000000000,BEST_ASK,"JPM,101203,340"
2019-06-28 12:19:00.000000000,QUERY_SPREAD,77
2019-06-28 12:19:00.000000000,BEST_BID,"JPM,100893,239"
2019-06-28 12:19:00.000000000,BEST_ASK,"JPM,101203,340"
2019-06-28 12:19:00.000000000,LAST_TRADE,"1,$100893.0000"
2019-06-28 12:19:00.000000000,QUERY_SPREAD,78
2019-06-28 12:19:00.000000000,BEST_BID,"JPM,100893,235"
2019-06-28 12:19:00.000000000,BEST_ASK,"JPM,101203,340"
2019-06-28 12:19:00.000000000,LAST_TRADE,"4,$100893.0000"
2019-06-28 12:19:00.000000000,QUERY_SPREAD,79
2019-06-28 12:19:00.000000000,BEST_BID,"JPM,100893,229"
2019-06-28 12:19:00.000000000,BEST_ASK,"JPM,101203,340"
2019-06-28 12:19:00.000000000,LAST_TRADE,"6,$100893.0000"
2019-06-28 12:19:00.000000000,QUERY_SPREAD,80
2019-06-28 12:19:00.000000000,BEST_BID,"JPM,100893,224"
2019-06-28 12:19:00.000000000,BEST_ASK,"JPM,101203,340"
2019-06-28 12:19:00.000000000,LAST_TRADE,"5,$100893.0000"
2019-06-28 12:19:00.000000000,QUERY_SPREAD,81
2019-06-28 12:19:00.000000000,BEST_BID,"JPM,100893,216"
2019-06-28 12:19:00.000000000,BEST_ASK,"JPM,101203,340"
2019-06-28 12:19:00.000000000,LAST_TRADE,"8,$100893.0000"
2019-06-28 12:19:00.000000000,QUERY_SPREAD,82
2019-06-28 12:19:00.000000000,BEST_BID,"JPM,100893,208"
2019-06-28 12:19:00.000000000,BEST_ASK,"JPM,101203,340"
2019-06-28 12:19:00.000000000,LAST_TRADE,"8,$100893.0000"
2019-06-28 12:19:00.000000000,QUERY_SPREAD,83
2019-06-28 12:19:00.000000000,BEST_BID,"JPM,100893,206"
2019-06-28 12:19:00.000000000,BEST_ASK,"JPM,101203,340"
2019-06-28 12:19:00.000000000,LAST_TRADE,"2,$100893.0000"
2019-06-28 12:19:00.000000000,QUERY_SPREAD,84
2019-06-28 12:19:00.000000000,BEST_BID,"JPM,100893,205"
2019-06-28 12:19:00.000000000,BEST_ASK,"JPM,101203,340"
2019-06-28 12:19:00.000000000,LAST_TRADE,"1,$100893.0000"
2019-06-28 12:19:00.000000000,QUERY_SPREAD,85
2019-06-28 12:19:00.000000000,BEST_BID,"JPM,100893,204"
2019-06-28 12:19:00.000000000,BEST_ASK,"JPM,101203,340"
2019-06-28 12:19:00.000000000,LAST_TRADE,"1,$100893.0000"
2019-06-28 12:19:00.000000000,QUERY_SPREAD,86
2019-06-28 12:19:00.000000000,BEST_BID,"JPM,100893,198"
2019-06-28 12:19:00.000000000,BEST_ASK,"JPM,101203,340"
2019-06-28 12:19:00.000000000,LAST_TRADE,"6,$100893.0000"
2019-06-28 12:19:00.000000000,QUERY_SPREAD,87
2019-06-28 12:19:00.000000000,BEST_BID,"JPM,100893,195"
2019-06-28 12:19:00.000000000,BEST_ASK,"JPM,101203,340"
2019-06-28 12:19:00.000000000,LAST_TRADE,"3,$100893.0000"
2019-06-28 12:19:00.000000000,QUERY_SPREAD,88
2019-06-28 12:19:00.000000000,BEST_BID,"JPM,100893,191"
2019-06-28 12:19:00.000000000,BEST_ASK,"JPM,101203,340"
2019-06-28 12:19:00.000000000,LAST_TRADE,"4,$100893.0000"
2019-06-28 12:19:00.000000000,QUERY_SPREAD,89
2019-06-28 12:19:00.000000000,BEST_BID,"JPM,100893,187"
2019-06-28 12:19:00.000000000,BEST_ASK,"JPM,101203,340"
2019-06-28 12:19:00.000000000,LAST_TRADE,"4,$100893.0000"
2019-06-28 12:19:00.000000000,QUERY_SPREAD,90
2019-06-28 12:19:00.000000000,BEST_BID,"JPM,100893,180"
2019-06-28 12:19:00.000000000,BEST_ASK,"JPM,101203,340"
2019-06-28 12:19:00.000000000,LAST_TRADE,"7,$100893.0000"
2019-06-28 12:19:00.000000000,QUERY_SPREAD,91
2019-06-28 12:19:00.000000000,BEST_BID,"JPM,100893,172"
2019-06-28 12:19:00.000000000,BEST_ASK,"JPM,101203,340"
2019-06-28 12:19:00.000000000,LAST_TRADE,"8,$100893.0000"
2019-06-28 12:19:00.000000000,QUERY_SPREAD,92
2019-06-28 12:19:00.000000000,BEST_BID,"JPM,100893,167"
2019-06-28 12:19:00.000000000,BEST_ASK,"JPM,101203,340"
2019-06-28 12:19:00.000000000,LAST_TRADE,"5,$100893.0000"
2019-06-28 12:19:00.000000000,QUERY_SPREAD,93
2019-06-28 12:19:00.000000000,BEST_BID,"JPM,100893,164"
2019-06-28 12:19:00.000000000,BEST_ASK,"JPM,101203,340"
2019-06-28 12:19:00.000000000,LAST_TRADE,"3,$100893.0000"
2019-06-28 12:19:00.000000000,QUERY_SPREAD,94
2019-06-28 12:19:00.000000000,BEST_BID,"JPM,100893,160"
2019-06-28 12:19:00.000000000,BEST_ASK,"JPM,101203,340"
2019-06-28 12:19:00.000000000,LAST_TRADE,"4,$100893.0000"
2019-06-28 12:19:00.000000000,QUERY_SPREAD,95
2019-06-28 12:19:00.000000000,BEST_BID,"JPM,100893,155"
2019-06-28 12:19:00.000000000,BEST_ASK,"JPM,101203,340"
2019-06-28 12:19:00.000000000,LAST_TRADE,"5,$100893.0000"
2019-06-28 12:19:00.000000000,QUERY_SPREAD,96
2019-06-28 12:19:00.000000000,BEST_BID,"JPM,100893,154"
2019-06-28 12:19:00.000000000,BEST_ASK,"JPM,101203,340"
2019-06-28 12:19:00.000000000,LAST_TRADE,"1,$100893.0000"
2019-06-28 12:19:00.000000000,QUERY_SPREAD,97
2019-06-28 12:19:00.000000000,BEST_BID,"JPM,100893,147"
2019-06-28 12:19:00.000000000,BEST_ASK,"JPM,101203,340"
2019-06-28 12:19:00.000000000,LAST_TRADE,"7,$100893.0000"
2019-06-28 12:19:00.000000000,QUERY_SPREAD,98
2019-06-28 12:19:00.000000000,BEST_BID,"JPM,100893,141"
2019-06-28 12:19:00.000000000,BEST_ASK,"JPM,101203,340"
2019-06-28 12:19:00.000000000,LAST_TRADE,"6,$100893.0000"
2019-06-28 12:19:00.000000000,QUERY_SPREAD,99
2019-06-28 12:19:00.000000000,BEST_BID,"JPM,100893,136"
2019-06-28 12:19:00.000000000,BEST_ASK,"JPM,101203,340"
2019-06-28 12:19:00.000000000,LAST_TRADE,"5,$100893.0000"
2019-06-28 12:19:00.000000000,QUERY_SPREAD,100
2019-06-28 12:19:00.000000000,BEST_BID,"JPM,100893,129"
2019-06-28 12:19:00.000000000,BEST_ASK,"JPM,101203,340"
2019-06-28 12:19:00.000000000,LAST_TRADE,"7,$100893.0000"
2019-06-28 12:19:00.000000000,QUERY_SPREAD,101
2019-06-28 12:19:00.000000000,QUERY_ORDER_STREAM,101
2019-06-28 12:19:10.000000000,QUERY_SPREAD,1
2019-06-28 12:19:10.000000000,BEST_BID,"JPM,100698,380"
2019-06-28 12:19:10.000000000,BEST_ASK,"JPM,101203,200"
2019-06-28 12:19:10.000000000,BEST_BID,"JPM,100698,380"
2019-06-28 12:19:10.000000000,BEST_ASK,"JPM,101203,480"
2019-06-28 12:19:14.697029016,QUERY_SPREAD,37
2019-06-28 12:19:14.697029016,BEST_BID,"JPM,100698,380"
2019-06-28 12:19:14.697029016,BEST_ASK,"JPM,101203,480"
2019-06-28 12:19:20.000000000,QUERY_SPREAD,1
2019-06-28 12:19:20.000000000,BEST_BID,"JPM,100698,240"
2019-06-28 12:19:20.000000000,BEST_ASK,"JPM,101203,200"
2019-06-28 12:19:20.000000000,BEST_BID,"JPM,100698,240"
2019-06-28 12:19:20.000000000,BEST_ASK,"JPM,101203,200"
2019-06-28 12:19:20.000000000,BEST_BID,"JPM,100698,240"
2019-06-28 12:19:20.000000000,BEST_ASK,"JPM,101203,340"
2019-06-28 12:19:20.000000000,BEST_BID,"JPM,100698,240"
2019-06-28 12:19:20.000000000,BEST_ASK,"JPM,101203,340"
2019-06-28 12:19:23.077901108,QUERY_SPREAD,49
2019-06-28 12:19:23.077901108,BEST_BID,"JPM,100698,240"
2019-06-28 12:19:23.077901108,BEST_ASK,"JPM,101203,340"
2019-06-28 12:19:30.000000000,QUERY_SPREAD,1
2019-06-28 12:19:30.000000000,BEST_BID,"JPM,100698,380"
2019-06-28 12:19:30.000000000,BEST_ASK,"JPM,101203,200"
2019-06-28 12:19:30.000000000,BEST_BID,"JPM,100698,380"
2019-06-28 12:19:30.000000000,BEST_ASK,"JPM,101203,480"
2019-06-28 12:19:40.000000000,QUERY_SPREAD,1
2019-06-28 12:19:40.000000000,BEST_BID,"JPM,100698,156"
2019-06-28 12:19:40.000000000,BEST_ASK,"JPM,101203,200"
2019-06-28 12:19:40.000000000,BEST_BID,"JPM,100698,156"
2019-06-28 12:19:40.000000000,BEST_ASK,"JPM,101203,200"
2019-06-28 12:19:40.000000000,BEST_BID,"JPM,100698,156"
2019-06-28 12:19:40.000000000,BEST_ASK,"JPM,101203,200"
2019-06-28 12:19:40.000000000,BEST_BID,"JPM,100698,156"
2019-06-28 12:19:40.000000000,BEST_ASK,"JPM,101203,200"
2019-06-28 12:19:40.000000000,BEST_BID,"JPM,100698,156"
2019-06-28 12:19:40.000000000,BEST_ASK,"JPM,101203,200"
2019-06-28 12:19:40.000000000,BEST_BID,"JPM,100698,156"
2019-06-28 12:19:40.000000000,BEST_ASK,"JPM,101203,256"
2019-06-28 12:19:40.000000000,BEST_BID,"JPM,100698,156"
2019-06-28 12:19:40.000000000,BEST_ASK,"JPM,101203,256"
2019-06-28 12:19:40.000000000,BEST_BID,"JPM,100698,156"
2019-06-28 12:19:40.000000000,BEST_ASK,"JPM,101203,256"
2019-06-28 12:19:40.000000000,BEST_BID,"JPM,100698,156"
2019-06-28 12:19:40.000000000,BEST_ASK,"JPM,101203,256"
2019-06-28 12:19:40.000000000,BEST_BID,"JPM,100698,156"
2019-06-28 12:19:40.000000000,BEST_ASK,"JPM,101203,256"
2019-06-28 12:19:44.295297075,QUERY_SPREAD,44
2019-06-28 12:19:44.295297075,BEST_BID,"JPM,100698,156"
2019-06-28 12:19:44.295297075,BEST_ASK,"JPM,101203,256"
2019-06-28 12:19:50.000000000,QUERY_SPREAD,1
2019-06-28 12:19:50.000000000,BEST_BID,"JPM,100698,156"
2019-06-28 12:19:50.000000000,BEST_ASK,"JPM,101203,200"
2019-06-28 12:19:50.000000000,BEST_BID,"JPM,100698,156"
2019-06-28 12:19:50.000000000,BEST_ASK,"JPM,101203,200"
2019-06-28 12:19:50.000000000,BEST_BID,"JPM,100698,156"
2019-06-28 12:19:50.000000000,BEST_ASK,"JPM,101203,200"
2019-06-28 12:19:50.000000000,BEST_BID,"JPM,100698,156"
2019-06-28 12:19:50.000000000,BEST_ASK,"JPM,101203,200"
2019-06-28 12:19:50.000000000,BEST_BID,"JPM,100698,156"
2019-06-28 12:19:50.000000000,BEST_ASK,"JPM,101203,200"
2019-06-28 12:19:50.000000000,BEST_BID,"JPM,100698,156"
2019-06-28 12:19:50.000000000,BEST_ASK,"JPM,101203,256"
2019-06-28 12:19:50.000000000,BEST_BID,"JPM,100698,156"
2019-06-28 12:19:50.000000000,BEST_ASK,"JPM,101203,256"
2019-06-28 12:19:50.000000000,BEST_BID,"JPM,100698,156"
2019-06-28 12:19:50.000000000,BEST_ASK,"JPM,101203,256"
2019-06-28 12:19:50.000000000,BEST_BID,"JPM,100698,156"
2019-06-28 12:19:50.000000000,BEST_ASK,"JPM,101203,256"
2019-06-28 12:19:50.000000000,BEST_BID,"JPM,100698,156"
2019-06-28 12:19:50.000000000,BEST_ASK,"JPM,101203,256"
2019-06-28 12:19:56.492022312,QUERY_SPREAD,41
2019-06-28 12:19:56.492022312,BEST_BID,"JPM,100698,56"
2019-06-28 12:19:56.492022312,BEST_ASK,"JPM,101203,256"
2019-06-28 12:19:56.492022312,LAST_TRADE,"100,$100698.0000"
2019-06-28 12:20:00.000000000,QUERY_SPREAD,1
2019-06-28 12:20:00.000000000,BEST_BID,"JPM,100519,195"
2019-06-28 12:20:00.000000000,BEST_ASK,"JPM,101203,200"
2019-06-28 12:20:00.000000000,BEST_BID,"JPM,100519,195"
2019-06-28 12:20:00.000000000,BEST_ASK,"JPM,101203,200"
2019-06-28 12:20:00.000000000,BEST_BID,"JPM,100519,195"
2019-06-28 12:20:00.000000000,BEST_ASK,"JPM,101203,200"
2019-06-28 12:20:00.000000000,BEST_BID,"JPM,100519,195"
2019-06-28 12:20:00.000000000,BEST_ASK,"JPM,101203,295"
2019-06-28 12:20:00.000000000,BEST_BID,"JPM,100519,195"
2019-06-28 12:20:00.000000000,BEST_ASK,"JPM,101203,295"
2019-06-28 12:20:00.000000000,BEST_BID,"JPM,100519,195"
2019-06-28 12:20:00.000000000,BEST_ASK,"JPM,101203,295"
2019-06-28 12:20:00.000000000,QUERY_SPREAD,77
2019-06-28 12:20:00.000000000,BEST_BID,"JPM,100519,194"
2019-06-28 12:20:00.000000000,BEST_ASK,"JPM,101203,295"
2019-06-28 12:20:00.000000000,LAST_TRADE,"1,$100519.0000"
2019-06-28 12:20:00.000000000,QUERY_SPREAD,78
2019-06-28 12:20:00.000000000,BEST_BID,"JPM,100519,190"
2019-06-28 12:20:00.000000000,BEST_ASK,"JPM,101203,295"
2019-06-28 12:20:00.000000000,LAST_TRADE,"4,$100519.0000"
2019-06-28 12:20:00.000000000,QUERY_SPREAD,79
2019-06-28 12:20:00.000000000,BEST_BID,"JPM,100519,184"
2019-06-28 12:20:00.000000000,BEST_ASK,"JPM,101203,295"
2019-06-28 12:20:00.000000000,LAST_TRADE,"6,$100519.0000"
2019-06-28 12:20:00.000000000,QUERY_SPREAD,80
2019-06-28 12:20:00.000000000,BEST_BID,"JPM,100519,179"
2019-06-28 12:20:00.000000000,BEST_ASK,"JPM,101203,295"
2019-06-28 12:20:00.000000000,LAST_TRADE,"5,$100519.0000"
2019-06-28 12:20:00.000000000,QUERY_SPREAD,81
2019-06-28 12:20:00.000000000,BEST_BID,"JPM,100519,171"
2019-06-28 12:20:00.000000000,BEST_ASK,"JPM,101203,295"
2019-06-28 12:20:00.000000000,LAST_TRADE,"8,$100519.0000"
2019-06-28 12:20:00.000000000,QUERY_SPREAD,82
2019-06-28 12:20:00.000000000,BEST_BID,"JPM,100519,163"
2019-06-28 12:20:00.000000000,BEST_ASK,"JPM,101203,295"
2019-06-28 12:20:00.000000000,LAST_TRADE,"8,$100519.0000"
2019-06-28 12:20:00.000000000,QUERY_SPREAD,83
2019-06-28 12:20:00.000000000,BEST_BID,"JPM,100519,161"
2019-06-28 12:20:00.000000000,BEST_ASK,"JPM,101203,295"
2019-06-28 12:20:00.000000000,LAST_TRADE,"2,$100519.0000"
2019-06-28 12:20:00.000000000,QUERY_SPREAD,84
2019-06-28 12:20:00.000000000,BEST_BID,"JPM,100519,160"
2019-06-28 12:20:00.000000000,BEST_ASK,"JPM,101203,295"
2019-06-28 12:20:00.000000000,LAST_TRADE,"1,$100519.0000"
2019-06-28 12:20:00.000000000,QUERY_SPREAD,85
2019-06-28 12:20:00.000000000,BEST_BID,"JPM,100519,159"
2019-06-28 12:20:00.000000000,BEST_ASK,"JPM,101203,295"
2019-06-28 12:20:00.000000000,LAST_TRADE,"1,$100519.0000"
2019-06-28 12:20:00.000000000,QUERY_SPREAD,86
2019-06-28 12:20:00.000000000,BEST_BID,"JPM,100519,153"
2019-06-28 12:20:00.000000000,BEST_ASK,"JPM,101203,295"
2019-06-28 12:20:00.000000000,LAST_TRADE,"6,$100519.0000"
2019-06-28 12:20:00.000000000,QUERY_SPREAD,87
2019-06-28 12:20:00.000000000,BEST_BID,"JPM,100519,150"
2019-06-28 12:20:00.000000000,BEST_ASK,"JPM,101203,295"
2019-06-28 12:20:00.000000000,LAST_TRADE,"3,$100519.0000"
2019-06-28 12:20:00.000000000,QUERY_SPREAD,88
2019-06-28 12:20:00.000000000,BEST_BID,"JPM,100519,146"
2019-06-28 12:20:00.000000000,BEST_ASK,"JPM,101203,295"
2019-06-28 12:20:00.000000000,LAST_TRADE,"4,$100519.0000"
2019-06-28 12:20:00.000000000,QUERY_SPREAD,89
2019-06-28 12:20:00.000000000,BEST_BID,"JPM,100519,142"
2019-06-28 12:20:00.000000000,BEST_ASK,"JPM,101203,295"
2019-06-28 12:20:00.000000000,LAST_TRADE,"4,$100519.0000"
2019-06-28 12:20:00.000000000,QUERY_SPREAD,90
2019-06-28 12:20:00.000000000,BEST_BID,"JPM,100519,135"
2019-06-28 12:20:00.000000000,BEST_ASK,"JPM,101203,295"
2019-06-28 12:20:00.000000000,LAST_TRADE,"7,$100519.0000"
2019-06-28 12:20:00.000000000,QUERY_SPREAD,91
2019-06-28 12:20:00.000000000,BEST_BID,"JPM,100519,127"
2019-06-28 12:20:00.000000000,BEST_ASK,"JPM,101203,295"
2019-06-28 12:20:00.000000000,LAST_TRADE,"8,$100519.0000"
2019-06-28 12:20:00.000000000,QUERY_SPREAD,92
2019-06-28 12:20:00.000000000,BEST_BID,"JPM,100519,122"
2019-06-28 12:20:00.000000000,BEST_ASK,"JPM,101203,295"
2019-06-28 12:20:00.000000000,LAST_TRADE,"5,$100519.0000"
2019-06-28 12:20:00.000000000,QUERY_SPREAD,93
2019-06-28 12:20:00.000000000,BEST_BID,"JPM,100519,119"
2019-06-28 12:20:00.000000000,BEST_ASK,"JPM,101203,295"
2019-06-28 12:20:00.000000000,LAST_TRADE,"3,$100519.0000"
2019-06-28 12:20:00.000000000,QUERY_SPREAD,94
2019-06-28 12:20:00.000000000,BEST_BID,"JPM,100519,115"
2019-06-28 12:20:00.000000000,BEST_ASK,"JPM,101203,295"
2019-06-28 12:20:00.000000000,LAST_TRADE,"4,$100519.0000"
2019-06-28 12:20:00.000000000,QUERY_SPREAD,95
2019-06-28 12:20:00.000000000,BEST_BID,"JPM,100519,110"
2019-06-28 12:20:00.000000000,BEST_ASK,"JPM,101203,295"
2019-06-28 12:20:00.000000000,LAST_TRADE,"5,$100519.0000"
2019-06-28 12:20:00.000000000,QUERY_SPREAD,96
2019-06-28 12:20:00.000000000,BEST_BID,"JPM,100519,109"
2019-06-28 12:20:00.000000000,BEST_ASK,"JPM,101203,295"
2019-06-28 12:20:00.000000000,LAST_TRADE,"1,$100519.0000"
2019-06-28 12:20:00.000000000,QUERY_SPREAD,97
2019-06-28 12:20:00.000000000,BEST_BID,"JPM,100519,102"
2019-06-28 12:20:00.000000000,BEST_ASK,"JPM,101203,295"
2019-06-28 12:20:00.000000000,LAST_TRADE,"7,$100519.0000"
2019-06-28 12:20:00.000000000,QUERY_SPREAD,98
2019-06-28 12:20:00.000000000,BEST_BID,"JPM,100519,96"
2019-06-28 12:20:00.000000000,BEST_ASK,"JPM,101203,295"
2019-06-28 12:20:00.000000000,LAST_TRADE,"6,$100519.0000"
2019-06-28 12:20:00.000000000,QUERY_SPREAD,99
2019-06-28 12:20:00.000000000,BEST_BID,"JPM,100519,91"
2019-06-28 12:20:00.000000000,BEST_ASK,"JPM,101203,295"
2019-06-28 12:20:00.000000000,LAST_TRADE,"5,$100519.0000"
2019-06-28 12:20:00.000000000,QUERY_SPREAD,100
2019-06-28 12:20:00.000000000,BEST_BID,"JPM,100519,84"
2019-06-28 12:20:00.000000000,BEST_ASK,"JPM,101203,295"
2019-06-28 12:20:00.000000000,LAST_TRADE,"7,$100519.0000"
2019-06-28 12:20:00.000000000,QUERY_SPREAD,101
2019-06-28 12:20:00.000000000,QUERY_ORDER_STREAM,101
2019-06-28 12:20:10.000000000,QUERY_SPREAD,1
2019-06-28 12:20:10.000000000,BEST_BID,"JPM,100481,195"
2019-06-28 12:20:10.000000000,BEST_ASK,"JPM,101203,200"
2019-06-28 12:20:10.000000000,BEST_BID,"JPM,100481,195"
2019-06-28 12:20:10.000000000,BEST_ASK,"JPM,101203,200"
2019-06-28 12:20:10.000000000,BEST_BID,"JPM,100481,195"
2019-06-28 12:20:10.000000000,BEST_ASK,"JPM,101203,200"
2019-06-28 12:20:10.000000000,BEST_BID,"JPM,100481,195"
2019-06-28 12:20:10.000000000,BEST_ASK,"JPM,101203,295"
2019-06-28 12:20:10.000000000,BEST_BID,"JPM,100481,195"
2019-06-28 12:20:10.000000000,BEST_ASK,"JPM,101203,295"
2019-06-28 12:20:10.000000000,BEST_BID,"JPM,100481,195"
2019-06-28 12:20:10.000000000,BEST_ASK,"JPM,101203,295"
2019-06-28 12:20:20.000000000,QUERY_SPREAD,1
2019-06-28 12:20:20.000000000,BEST_BID,"JPM,100481,380"
2019-06-28 12:20:20.000000000,BEST_ASK,"JPM,101203,200"
2019-06-28 12:20:20.000000000,BEST_BID,"JPM,100481,380"
2019-06-28 12:20:20.000000000,BEST_ASK,"JPM,101203,480"
2019-06-28 12:20:30.000000000,QUERY_SPREAD,1
2019-06-28 12:20:30.000000000,BEST_BID,"JPM,100481,170"
2019-06-28 12:20:30.000000000,BEST_ASK,"JPM,101203,200"
2019-06-28 12:20:30.000000000,BEST_BID,"JPM,100481,170"
2019-06-28 12:20:30.000000000,BEST_ASK,"JPM,101203,200"
2019-06-28 12:20:30.000000000,BEST_BID,"JPM,100481,170"
2019-06-28 12:20:30.000000000,BEST_ASK,"JPM,101203,200"
2019-06-28 12:20:30.000000000,BEST_BID,"JPM,100481,170"
2019-06-28 12:20:30.000000000,BEST_ASK,"JPM,101203,200"
2019-06-28 12:20:30.000000000,BEST_BID,"JPM,100481,170"
2019-06-28 12:20:30.000000000,BEST_ASK,"JPM,101203,270"
2019-06-28 12:20:30.000000000,BEST_BID,"JPM,100481,170"
2019-06-28 12:20:30.000000000,BEST_ASK,"JPM,101203,270"
2019-06-28 12:20:30.000000000,BEST_BID,"JPM,100481,170"
2019-06-28 12:20:30.000000000,BEST_ASK,"JPM,101203,270"
2019-06-28 12:20:30.000000000,BEST_BID,"JPM,100481,170"
2019-06-28 12:20:30.000000000,BEST_ASK,"JPM,101203,270"
2019-06-28 12:20:40.000000000,QUERY_SPREAD,1
2019-06-28 12:20:40.000000000,BEST_BID,"JPM,100481,380"
2019-06-28 12:20:40.000000000,BEST_ASK,"JPM,101203,200"
2019-06-28 12:20:40.000000000,BEST_BID,"JPM,100481,380"
2019-06-28 12:20:40.000000000,BEST_ASK,"JPM,101203,480"
2019-06-28 12:20:50.000000000,QUERY_SPREAD,1
2019-06-28 12:20:50.000000000,BEST_BID,"JPM,100481,170"
2019-06-28 12:20:50.000000000,BEST_ASK,"JPM,101203,200"
2019-06-28 12:20:50.000000000,BEST_BID,"JPM,100481,170"
2019-06-28 12:20:50.000000000,BEST_ASK,"JPM,101203,200"
2019-06-28 12:20:50.000000000,BEST_BID,"JPM,100481,170"
2019-06-28 12:20:50.000000000,BEST_ASK,"JPM,101203,200"
2019-06-28 12:20:50.000000000,BEST_BID,"JPM,100481,170"
2019-06-28 12:20:50.000000000,BEST_ASK,"JPM,101203,200"
2019-06-28 12:20:50.000000000,BEST_BID,"JPM,100481,170"
2019-06-28 12:20:50.000000000,BEST_ASK,"JPM,101203,270"
2019-06-28 12:20:50.000000000,BEST_BID,"JPM,100481,170"
2019-06-28 12:20:50.000000000,BEST_ASK,"JPM,101203,270"
2019-06-28 12:20:50.000000000,BEST_BID,"JPM,100481,170"
2019-06-28 12:20:50.000000000,BEST_ASK,"JPM,101203,270"
2019-06-28 12:20:50.000000000,BEST_BID,"JPM,100481,170"
2019-06-28 12:20:50.000000000,BEST_ASK,"JPM,101203,270"
2019-06-28 12:21:00.000000000,QUERY_SPREAD,1
2019-06-28 12:21:00.000000000,BEST_BID,"JPM,100481,195"
2019-06-28 12:21:00.000000000,BEST_ASK,"JPM,101203,200"
2019-06-28 12:21:00.000000000,BEST_BID,"JPM,100481,195"
2019-06-28 12:21:00.000000000,BEST_ASK,"JPM,101203,200"
2019-06-28 12:21:00.000000000,BEST_BID,"JPM,100481,195"
2019-06-28 12:21:00.000000000,BEST_ASK,"JPM,101203,200"
2019-06-28 12:21:00.000000000,BEST_BID,"JPM,100481,195"
2019-06-28 12:21:00.000000000,BEST_ASK,"JPM,101203,295"
2019-06-28 12:21:00.000000000,BEST_BID,"JPM,100481,195"
2019-06-28 12:21:00.000000000,BEST_ASK,"JPM,101203,295"
2019-06-28 12:21:00.000000000,BEST_BID,"JPM,100481,195"
2019-06-28 12:21:00.000000000,BEST_ASK,"JPM,101203,295"
2019-06-28 12:21:00.000000000,QUERY_SPREAD,77
2019-06-28 12:21:00.000000000,BEST_BID,"JPM,100481,194"
2019-06-28 12:21:00.000000000,BEST_ASK,"JPM,101203,295"
2019-06-28 12:21:00.000000000,LAST_TRADE,"1,$100481.0000"
2019-06-28 12:21:00.000000000,QUERY_SPREAD,78
2019-06-28 12:21:00.000000000,BEST_BID,"JPM,100481,190"
2019-06-28 12:21:00.000000000,BEST_ASK,"JPM,101203,295"
2019-06-28 12:21:00.000000000,LAST_TRADE,"4,$100481.0000"
2019-06-28 12:21:00.000000000,QUERY_SPREAD,79
2019-06-28 12:21:00.000000000,BEST_BID,"JPM,100481,184"
2019-06-28 12:21:00.000000000,BEST_ASK,"JPM,101203,295"
2019-06-28 12:21:00.000000000,LAST_TRADE,"6,$100481.0000"
2019-06-28 12:21:00.000000000,QUERY_SPREAD,80
2019-06-28 12:21:00.000000000,BEST_BID,"JPM,100481,179"
2019-06-28 12:21:00.000000000,BEST_ASK,"JPM,101203,295"
2019-06-28 12:21:00.000000000,LAST_TRADE,"5,$100481.0000"
2019-06-28 12:21:00.000000000,QUERY_SPREAD,81
2019-06-28 12:21:00.000000000,BEST_BID,"JPM,100481,171"
2019-06-28 12:21:00.000000000,BEST_ASK,"JPM,101203,295"
2019-06-28 12:21:00.000000000,LAST_TRADE,"8,$100481.0000"
2019-06-28 12:21:00.000000000,QUERY_SPREAD,82
2019-06-28 12:21:00.000000000,BEST_BID,"JPM,100481,163"
2019-06-28 12:21:00.000000000,BEST_ASK,"JPM,101203,295"
2019-06-28 12:21:00.000000000,LAST_TRADE,"8,$100481.0000"
2019-06-28 12:21:00.000000000,QUERY_SPREAD,83
2019-06-28 12:21:00.000000000,BEST_BID,"JPM,100481,161"
2019-06-28 12:21:00.000000000,BEST_ASK,"JPM,101203,295"
2019-06-28 12:21:00.000000000,LAST_TRADE,"2,$100481.0000"
2019-06-28 12:21:00.000000000,QUERY_SPREAD,84
2019-06-28 12:21:00.000000000,BEST_BID,"JPM,100481,160"
2019-06-28 12:21:00.000000000,BEST_ASK,"JPM,101203,295"
2019-06-28 12:21:00.000000000,LAST_TRADE,"1,$100481.0000"
2019-06-28 12:21:00.000000000,QUERY_SPREAD,85
2019-06-28 12:21:00.000000000,BEST_BID,"JPM,100481,159"
2019-06-28 12:21:00.000000000,BEST_ASK,"JPM,101203,295"
2019-06-28 12:21:00.000000000,LAST_TRADE,"1,$100481.0000"
2019-06-28 12:21:00.000000000,QUERY_SPREAD,86
2019-06-28 12:21:00.000000000,BEST_BID,"JPM,100481,153"
2019-06-28 12:21:00.000000000,BEST_ASK,"JPM,101203,295"
2019-06-28 12:21:00.000000000,LAST_TRADE,"6,$100481.0000"
2019-06-28 12:21:00.000000000,QUERY_SPREAD,87
2019-06-28 12:21:00.000000000,BEST_BID,"JPM,100481,150"
2019-06-28 12:21:00.000000000,BEST_ASK,"JPM,101203,295"
2019-06-28 12:21:00.000000000,LAST_TRADE,"3,$100481.0000"
2019-06-28 12:21:00.000000000,QUERY_SPREAD,88
2019-06-28 12:21:00.000000000,BEST_BID,"JPM,100481,146"
2019-06-28 12:21:00.000000000,BEST_ASK,"JPM,101203,295"
2019-06-28 12:21:00.000000000,LAST_TRADE,"4,$100481.0000"
2019-06-28 12:21:00.000000000,QUERY_SPREAD,89
2019-06-28 12:21:00.000000000,BEST_BID,"JPM,100481,142"
2019-06-28 12:21:00.000000000,BEST_ASK,"JPM,101203,295"
2019-06-28 12:21:00.000000000,LAST_TRADE,"4,$100481.0000"
2019-06-28 12:21:00.000000000,QUERY_SPREAD,90
2019-06-28 12:21:00.000000000,BEST_BID,"JPM,100481,135"
2019-06-28 12:21:00.000000000,BEST_ASK,"JPM,101203,295"
2019-06-28 12:21:00.000000000,LAST_TRADE,"7,$100481.0000"
2019-06-28 12:21:00.000000000,QUERY_SPREAD,91
2019-06-28 12:21:00.000000000,BEST_BID,"JPM,100481,127"
2019-06-28 12:21:00.000000000,BEST_ASK,"JPM,101203,295"
2019-06-28 12:21:00.000000000,LAST_TRADE,"8,$100481.0000"
2019-06-28 12:21:00.000000000,QUERY_SPREAD,92
2019-06-28 12:21:00.000000000,BEST_BID,"JPM,100481,122"
2019-06-28 12:21:00.000000000,BEST_ASK,"JPM,101203,295"
2019-06-28 12:21:00.000000000,LAST_TRADE,"5,$100481.0000"
2019-06-28 12:21:00.000000000,QUERY_SPREAD,93
2019-06-28 12:21:00.000000000,BEST_BID,"JPM,100481,119"
2019-06-28 12:21:00.000000000,BEST_ASK,"JPM,101203,295"
2019-06-28 12:21:00.000000000,LAST_TRADE,"3,$100481.0000"
2019-06-28 12:21:00.000000000,QUERY_SPREAD,94
2019-06-28 12:21:00.000000000,BEST_BID,"JPM,100481,115"
2019-06-28 12:21:00.000000000,BEST_ASK,"JPM,101203,295"
2019-06-28 12:21:00.000000000,LAST_TRADE,"4,$100481.0000"
2019-06-28 12:21:00.000000000,QUERY_SPREAD,95
2019-06-28 12:21:00.000000000,BEST_BID,"JPM,100481,110"
2019-06-28 12:21:00.000000000,BEST_ASK,"JPM,101203,295"
2019-06-28 12:21:00.000000000,LAST_TRADE,"5,$100481.0000"
2019-06-28 12:21:00.000000000,QUERY_SPREAD,96
2019-06-28 12:21:00.000000000,BEST_BID,"JPM,100481,109"
2019-06-28 12:21:00.000000000,BEST_ASK,"JPM,101203,295"
2019-06-28 12:21:00.000000000,LAST_TRADE,"1,$100481.0000"
2019-06-28 12:21:00.000000000,QUERY_SPREAD,97
2019-06-28 12:21:00.000000000,BEST_BID,"JPM,100481,102"
2019-06-28 12:21:00.000000000,BEST_ASK,"JPM,101203,295"
2019-06-28 12:21:00.000000000,LAST_TRADE,"7,$100481.0000"
2019-06-28 12:21:00.000000000,QUERY_SPREAD,98
2019-06-28 12:21:00.000000000,BEST_BID,"JPM,100481,96"
2019-06-28 12:21:00.000000000,BEST_ASK,"JPM,101203,295"
2019-06-28 12:21:00.000000000,LAST_TRADE,"6,$100481.0000"
2019-06-28 12:21:00.000000000,QUERY_SPREAD,99
2019-06-28 12:21:00.000000000,BEST_BID,"JPM,100481,91"
2019-06-28 12:21:00.000000000,BEST_ASK,"JPM,101203,295"
2019-06-28 12:21:00.000000000,LAST_TRADE,"5,$100481.0000"
2019-06-28 12:21:00.000000000,QUERY_SPREAD,100
2019-06-28 12:21:00.000000000,BEST_BID,"JPM,100481,84"
2019-06-28 12:21:00.000000000,BEST_ASK,"JPM,101203,295"
2019-06-28 12:21:00.000000000,LAST_TRADE,"7,$100481.0000"
2019-06-28 12:21:00.000000000,QUERY_SPREAD,101
2019-06-28 12:21:00.000000000,QUERY_ORDER_STREAM,101
2019-06-28 12:21:04.053712908,QUERY_SPREAD,17
2019-06-28 12:21:04.053712908,BEST_BID,"JPM,100481,84"
2019-06-28 12:21:04.053712908,BEST_ASK,"JPM,101203,195"
2019-06-28 12:21:04.053712908,LAST_TRADE,"100,$101203.0000"
2019-06-28 12:21:10.000000000,QUERY_SPREAD,1
2019-06-28 12:21:10.000000000,BEST_BID,"JPM,100347,380"
2019-06-28 12:21:10.000000000,BEST_ASK,"JPM,101203,100"
2019-06-28 12:21:10.000000000,BEST_BID,"JPM,100347,380"
2019-06-28 12:21:10.000000000,BEST_ASK,"JPM,101203,380"
2019-06-28 12:21:20.000000000,QUERY_SPREAD,1
2019-06-28 12:21:20.000000000,BEST_BID,"JPM,100347,240"
2019-06-28 12:21:20.000000000,BEST_ASK,"JPM,101203,100"
2019-06-28 12:21:20.000000000,BEST_BID,"JPM,100347,240"
2019-06-28 12:21:20.000000000,BEST_ASK,"JPM,101203,100"
2019-06-28 12:21:20.000000000,BEST_BID,"JPM,100347,240"
2019-06-28 12:21:20.000000000,BEST_ASK,"JPM,101203,240"
2019-06-28 12:21:20.000000000,BEST_BID,"JPM,100347,240"
2019-06-28 12:21:20.000000000,BEST_ASK,"JPM,101203,240"
2019-06-28 12:21:20.513817332,QUERY_SPREAD,24
2019-06-28 12:21:20.513817332,BEST_BID,"JPM,100794,100"
2019-06-28 12:21:20.513817332,BEST_ASK,"JPM,101203,240"
2019-06-28 12:21:30.000000000,QUERY_SPREAD,1
2019-06-28 12:21:30.000000000,BEST_BID,"JPM,100794,195"
2019-06-28 12:21:30.000000000,BEST_ASK,"JPM,101203,100"
2019-06-28 12:21:30.000000000,BEST_BID,"JPM,100794,195"
2019-06-28 12:21:30.000000000,BEST_ASK,"JPM,101203,100"
2019-06-28 12:21:30.000000000,BEST_BID,"JPM,100794,195"
2019-06-28 12:21:30.000000000,BEST_ASK,"JPM,101203,100"
2019-06-28 12:21:30.000000000,BEST_BID,"JPM,100794,195"
2019-06-28 12:21:30.000000000,BEST_ASK,"JPM,101203,195"
2019-06-28 12:21:30.000000000,BEST_BID,"JPM,100794,195"
2019-06-28 12:21:30.000000000,BEST_ASK,"JPM,101203,195"
2019-06-28 12:21:30.000000000,BEST_BID,"JPM,100794,195"
2019-06-28 12:21:30.000000000,BEST_ASK,"JPM,101203,195"
2019-06-28 12:21:30.988770473,QUERY_SPREAD,2
2019-06-28 12:21:30.988770473,BEST_BID,"JPM,100794,195"
2019-06-28 12:21:30.988770473,BEST_ASK,"JPM,101005,100"
2019-06-28 12:21:40.000000000,QUERY_SPREAD,1
2019-06-28 12:21:40.000000000,BEST_BID,"JPM,100794,195"
2019-06-28 12:21:40.000000000,BEST_ASK,"JPM,101005,100"
2019-06-28 12:21:40.000000000,BEST_BID,"JPM,100794,195"
2019-06-28 12:21:40.000000000,BEST_ASK,"JPM,101005,100"
2019-06-28 12:21:40.000000000,BEST_BID,"JPM,100794,195"
2019-06-28 12:21:40.000000000,BEST_ASK,"JPM,101005,100"
2019-06-28 12:21:40.000000000,BEST_BID,"JPM,100794,195"
2019-06-28 12:21:40.000000000,BEST_ASK,"JPM,101005,195"
2019-06-28 12:21:40.000000000,BEST_BID,"JPM,100794,195"
2019-06-28 12:21:40.000000000,BEST_ASK,"JPM,101005,195"
2019-06-28 12:21:40.000000000,BEST_BID,"JPM,100794,195"
2019-06-28 12:21:40.000000000,BEST_ASK,"JPM,101005,195"
2019-06-28 12:21:47.030093822,QUERY_SPREAD,19
2019-06-28 12:21:47.030093822,BEST_BID,"JPM,100815,100"
2019-06-28 12:21:47.030093822,BEST_ASK,"JPM,101005,195"
2019-06-28 12:21:50.000000000,QUERY_SPREAD,1
2019-06-28 12:21:50.000000000,BEST_BID,"JPM,100815,380"
2019-06-28 12:21:50.000000000,BEST_ASK,"JPM,101005,100"
2019-06-28 12:21:50.000000000,BEST_BID,"JPM,100815,380"
2019-06-28 12:21:50.000000000,BEST_ASK,"JPM,101005,380"
2019-06-28 12:21:56.044077918,QUERY_SPREAD,40
2019-06-28 12:21:56.044077918,BEST_BID,"JPM,100892,100"
2019-06-28 12:21:56.044077918,BEST_ASK,"JPM,101005,380"
2019-06-28 12:22:00.000000000,QUERY_SPREAD,1
2019-06-28 12:22:00.000000000,BEST_BID,"JPM,100892,195"
2019-06-28 12:22:00.000000000,BEST_ASK,"JPM,101005,100"
2019-06-28 12:22:00.000000000,BEST_BID,"JPM,100892,195"
2019-06-28 12:22:00.000000000,BEST_ASK,"JPM,101005,100"
2019-06-28 12:22:00.000000000,BEST_BID,"JPM,100892,195"
2019-06-28 12:22:00.000000000,BEST_ASK,"JPM,101005,100"
2019-06-28 12:22:00.000000000,BEST_BID,"JPM,100892,195"
2019-06-28 12:22:00.000000000,BEST_ASK,"JPM,101005,195"
2019-06-28 12:22:00.000000000,BEST_BID,"JPM,100892,195"
2019-06-28 12:22:00.000000000,BEST_ASK,"JPM,101005,195"
2019-06-28 12:22:00.000000000,BEST_BID,"JPM,100892,195"
2019-06-28 12:22:00.000000000,BEST_ASK,"JPM,101005,195"
2019-06-28 12:22:00.000000000,QUERY_SPREAD,77
2019-06-28 12:22:00.000000000,BEST_BID,"JPM,100892,194"
2019-06-28 12:22:00.000000000,BEST_ASK,"JPM,101005,195"
2019-06-28 12:22:00.000000000,LAST_TRADE,"1,$100892.0000"
2019-06-28 12:22:00.000000000,QUERY_SPREAD,78
2019-06-28 12:22:00.000000000,BEST_BID,"JPM,100892,190"
2019-06-28 12:22:00.000000000,BEST_ASK,"JPM,101005,195"
2019-06-28 12:22:00.000000000,LAST_TRADE,"4,$100892.0000"
2019-06-28 12:22:00.000000000,QUERY_SPREAD,79
2019-06-28 12:22:00.000000000,BEST_BID,"JPM,100892,184"
2019-06-28 12:22:00.000000000,BEST_ASK,"JPM,101005,195"
2019-06-28 12:22:00.000000000,LAST_TRADE,"6,$100892.0000"
2019-06-28 12:22:00.000000000,QUERY_SPREAD,80
2019-06-28 12:22:00.000000000,BEST_BID,"JPM,100892,179"
2019-06-28 12:22:00.000000000,BEST_ASK,"JPM,101005,195"
2019-06-28 12:22:00.000000000,LAST_TRADE,"5,$100892.0000"
2019-06-28 12:22:00.000000000,QUERY_SPREAD,81
2019-06-28 12:22:00.000000000,BEST_BID,"JPM,100892,171"
2019-06-28 12:22:00.000000000,BEST_ASK,"JPM,101005,195"
2019-06-28 12:22:00.000000000,LAST_TRADE,"8,$100892.0000"
2019-06-28 12:22:00.000000000,QUERY_SPREAD,82
2019-06-28 12:22:00.000000000,BEST_BID,"JPM,100892,163"
2019-06-28 12:22:00.000000000,BEST_ASK,"JPM,101005,195"
2019-06-28 12:22:00.000000000,LAST_TRADE,"8,$100892.0000"
2019-06-28 12:22:00.000000000,QUERY_SPREAD,83
2019-06-28 12:22:00.000000000,BEST_BID,"JPM,100892,161"
2019-06-28 12:22:00.000000000,BEST_ASK,"JPM,101005,195"
2019-06-28 12:22:00.000000000,LAST_TRADE,"2,$100892.0000"
2019-06-28 12:22:00.000000000,QUERY_SPREAD,84
2019-06-28 12:22:00.000000000,BEST_BID,"JPM,100892,160"
2019-06-28 12:22:00.000000000,BEST_ASK,"JPM,101005,195"
2019-06-28 12:22:00.000000000,LAST_TRADE,"1,$100892.0000"
2019-06-28 12:22:00.000000000,QUERY_SPREAD,85
2019-06-28 12:22:00.000000000,BEST_BID,"JPM,100892,159"
2019-06-28 12:22:00.000000000,BEST_ASK,"JPM,101005,195"
2019-06-28 12:22:00.000000000,LAST_TRADE,"1,$100892.0000"
2019-06-28 12:22:00.000000000,QUERY_SPREAD,86
2019-06-28 12:22:00.000000000,BEST_BID,"JPM,100892,153"
2019-06-28 12:22:00.000000000,BEST_ASK,"JPM,101005,195"
2019-06-28 12:22:00.000000000,LAST_TRADE,"6,$100892.0000"
2019-06-28 12:22:00.000000000,QUERY_SPREAD,87
2019-06-28 12:22:00.000000000,BEST_BID,"JPM,100892,150"
2019-06-28 12:22:00.000000000,BEST_ASK,"JPM,101005,195"
2019-06-28 12:22:00.000000000,LAST_TRADE,"3,$100892.0000"
2019-06-28 12:22:00.000000000,QUERY_SPREAD,88
2019-06-28 12:22:00.000000000,BEST_BID,"JPM,100892,146"
2019-06-28 12:22:00.000000000,BEST_ASK,"JPM,101005,195"
2019-06-28 12:22:00.000000000,LAST_TRADE,"4,$100892.0000"
2019-06-28 12:22:00.000000000,QUERY_SPREAD,89
2019-06-28 12:22:00.000000000,BEST_BID,"JPM,100892,142"
2019-06-28 12:22:00.000000000,BEST_ASK,"JPM,101005,195"
2019-06-28 12:22:00.000000000,LAST_TRADE,"4,$100892.0000"
2019-06-28 12:22:00.000000000,QUERY_SPREAD,90
2019-06-28 12:22:00.000000000,BEST_BID,"JPM,100892,135"
2019-06-28 12:22:00.000000000,BEST_ASK,"JPM,101005,195"
2019-06-28 12:22:00.000000000,LAST_TRADE,"7,$100892.0000"
2019-06-28 12:22:00.000000000,QUERY_SPREAD,91
2019-06-28 12:22:00.000000000,BEST_BID,"JPM,100892,127"
2019-06-28 12:22:00.000000000,BEST_ASK,"JPM,101005,195"
2019-06-28 12:22:00.000000000,LAST_TRADE,"8,$100892.0000"
2019-06-28 12:22:00.000000000,QUERY_SPREAD,92
2019-06-28 12:22:00.000000000,BEST_BID,"JPM,100892,122"
2019-06-28 12:22:00.000000000,BEST_ASK,"JPM,101005,195"
2019-06-28 12:22:00.000000000,LAST_TRADE,"5,$100892.0000"
2019-06-28 12:22:00.000000000,QUERY_SPREAD,93
2019-06-28 12:22:00.000000000,BEST_BID,"JPM,100892,119"
2019-06-28 12:22:00.000000000,BEST_ASK,"JPM,101005,195"
2019-06-28 12:22:00.000000000,LAST_TRADE,"3,$100892.0000"
2019-06-28 12:22:00.000000000,QUERY_SPREAD,94
2019-06-28 12:22:00.000000000,BEST_BID,"JPM,100892,115"
2019-06-28 12:22:00.000000000,BEST_ASK,"JPM,101005,195"
2019-06-28 12:22:00.000000000,LAST_TRADE,"4,$100892.0000"
2019-06-28 12:22:00.000000000,QUERY_SPREAD,95
2019-06-28 12:22:00.000000000,BEST_BID,"JPM,100892,110"
2019-06-28 12:22:00.000000000,BEST_ASK,"JPM,101005,195"
2019-06-28 12:22:00.000000000,LAST_TRADE,"5,$100892.0000"
2019-06-28 12:22:00.000000000,QUERY_SPREAD,96
2019-06-28 12:22:00.000000000,BEST_BID,"JPM,100892,109"
2019-06-28 12:22:00.000000000,BEST_ASK,"JPM,101005,195"
2019-06-28 12:22:00.000000000,LAST_TRADE,"1,$100892.0000"
2019-06-28 12:22:00.000000000,QUERY_SPREAD,97
2019-06-28 12:22:00.000000000,BEST_BID,"JPM,100892,102"
2019-06-28 12:22:00.000000000,BEST_ASK,"JPM,101005,195"
2019-06-28 12:22:00.000000000,LAST_TRADE,"7,$100892.0000"
2019-06-28 12:22:00.000000000,QUERY_SPREAD,98
2019-06-28 12:22:00.000000000,BEST_BID,"JPM,100892,96"
2019-06-28 12:22:00.000000000,BEST_ASK,"JPM,101005,195"
2019-06-28 12:22:00.000000000,LAST_TRADE,"6,$100892.0000"
2019-06-28 12:22:00.000000000,QUERY_SPREAD,99
2019-06-28 12:22:00.000000000,BEST_BID,"JPM,100892,91"
2019-06-28 12:22:00.000000000,BEST_ASK,"JPM,101005,195"
2019-06-28 12:22:00.000000000,LAST_TRADE,"5,$100892.0000"
2019-06-28 12:22:00.000000000,QUERY_SPREAD,100
2019-06-28 12:22:00.000000000,BEST_BID,"JPM,100892,84"
2019-06-28 12:22:00.000000000,BEST_ASK,"JPM,101005,195"
2019-06-28 12:22:00.000000000,LAST_TRADE,"7,$100892.0000"
2019-06-28 12:22:00.000000000,QUERY_SPREAD,101
2019-06-28 12:22:00.000000000,QUERY_ORDER_STREAM,101
2019-06-28 12:22:08.380037773,QUERY_ORDER_STREAM,69
2019-06-28 12:22:08.380037773,QUERY_SPREAD,69
2019-06-28 12:22:10.000000000,QUERY_SPREAD,1
2019-06-28 12:22:10.000000000,BEST_BID,"JPM,100815,156"
2019-06-28 12:22:10.000000000,BEST_ASK,"JPM,101005,100"
2019-06-28 12:22:10.000000000,BEST_BID,"JPM,100815,156"
2019-06-28 12:22:10.000000000,BEST_ASK,"JPM,101005,100"
2019-06-28 12:22:10.000000000,BEST_BID,"JPM,100815,156"
2019-06-28 12:22:10.000000000,BEST_ASK,"JPM,101005,100"
2019-06-28 12:22:10.000000000,BEST_BID,"JPM,100815,156"
2019-06-28 12:22:10.000000000,BEST_ASK,"JPM,101005,100"
2019-06-28 12:22:10.000000000,BEST_BID,"JPM,100815,156"
2019-06-28 12:22:10.000000000,BEST_ASK,"JPM,101005,100"
2019-06-28 12:22:10.000000000,BEST_BID,"JPM,100815,156"
2019-06-28 12:22:10.000000000,BEST_ASK,"JPM,101005,156"
2019-06-28 12:22:10.000000000,BEST_BID,"JPM,100815,156"
2019-06-28 12:22:10.000000000,BEST_ASK,"JPM,101005,156"
2019-06-28 12:22:10.000000000,BEST_BID,"JPM,100815,156"
2019-06-28 12:22:10.000000000,BEST_ASK,"JPM,101005,156"
2019-06-28 12:22:10.000000000,BEST_BID,"JPM,100815,156"
2019-06-28 12:22:10.000000000,BEST_ASK,"JPM,101005,156"
2019-06-28 12:22:10.000000000,BEST_BID,"JPM,100815,156"
2019-06-28 12:22:10.000000000,BEST_ASK,"JPM,101005,156"
2019-06-28 12:22:15.419917383,QUERY_SPREAD,27
2019-06-28 12:22:15.419917383,BEST_BID,"JPM,100815,156"
2019-06-28 12:22:15.419917383,BEST_ASK,"JPM,101005,156"
2019-06-28 12:22:20.000000000,QUERY_SPREAD,1
2019-06-28 12:22:20.000000000,BEST_BID,"JPM,100815,195"
2019-06-28 12:22:20.000000000,BEST_ASK,"JPM,101005,100"
2019-06-28 12:22:20.000000000,BEST_BID,"JPM,100815,195"
2019-06-28 12:22:20.000000000,BEST_ASK,"JPM,101005,100"
2019-06-28 12:22:20.000000000,BEST_BID,"JPM,100815,195"
2019-06-28 12:22:20.000000000,BEST_ASK,"JPM,101005,100"
2019-06-28 12:22:20.000000000,BEST_BID,"JPM,100815,195"
2019-06-28 12:22:20.000000000,BEST_ASK,"JPM,101005,195"
2019-06-28 12:22:20.000000000,BEST_BID,"JPM,100815,195"
2019-06-28 12:22:20.000000000,BEST_ASK,"JPM,101005,195"
2019-06-28 12:22:20.000000000,BEST_BID,"JPM,100815,195"
2019-06-28 12:22:20.000000000,BEST_ASK,"JPM,101005,195"
2019-06-28 12:22:29.661202876,QUERY_ORDER_STREAM,73
2019-06-28 12:22:29.661202876,QUERY_SPREAD,73
2019-06-28 12:22:30.000000000,QUERY_SPREAD,1
2019-06-28 12:22:30.000000000,BEST_BID,"JPM,100815,240"
2019-06-28 12:22:30.000000000,BEST_ASK,"JPM,101005,100"
2019-06-28 12:22:30.000000000,BEST_BID,"JPM,100815,240"
2019-06-28 12:22:30.000000000,BEST_ASK,"JPM,101005,100"
2019-06-28 12:22:30.000000000,BEST_BID,"JPM,100815,240"
2019-06-28 12:22:30.000000000,BEST_ASK,"JPM,101005,240"
2019-06-28 12:22:30.000000000,BEST_BID,"JPM,100815,240"
2019-06-28 12:22:30.000000000,BEST_ASK,"JPM,101005,240"
2019-06-28 12:22:32.107551067,QUERY_ORDER_STREAM,70
2019-06-28 12:22:32.107551067,QUERY_SPREAD,70
2019-06-28 12:22:32.107551067,BEST_BID,"JPM,100815,240"
2019-06-28 12:22:32.107551067,BEST_ASK,"JPM,100892,100"
2019-06-28 12:22:40.000000000,QUERY_SPREAD,1
2019-06-28 12:22:40.000000000,BEST_BID,"JPM,100815,170"
2019-06-28 12:22:40.000000000,BEST_ASK,"JPM,100892,100"
2019-06-28 12:22:40.000000000,BEST_BID,"JPM,100815,170"
2019-06-28 12:22:40.000000000,BEST_ASK,"JPM,100892,100"
2019-06-28 12:22:40.000000000,BEST_BID,"JPM,100815,170"
2019-06-28 12:22:40.000000000,BEST_ASK,"JPM,100892,100"
2019-06-28 12:22:40.000000000,BEST_BID,"JPM,100815,170"
2019-06-28 12:22:40.000000000,BEST_ASK,"JPM,100892,100"
2019-06-28 12:22:40.000000000,BEST_BID,"JPM,100815,170"
2019-06-28 12:22:40.000000000,BEST_ASK,"JPM,100892,170"
2019-06-28 12:22:40.000000000,BEST_BID,"JPM,100815,170"
2019-06-28 12:22:40.000000000,BEST_ASK,"JPM,100892,170"
2019-06-28 12:22:40.000000000,BEST_BID,"JPM,100815,170"
2019-06-28 12:22:40.000000000,BEST_ASK,"JPM,100892,170"
2019-06-28 12:22:40.000000000,BEST_BID,"JPM,100815,170"
2019-06-28 12:22:40.000000000,BEST_ASK,"JPM,100892,170"
2019-06-28 12:22:50.000000000,QUERY_SPREAD,1
2019-06-28 12:22:50.000000000,BEST_BID,"JPM,100815,240"
2019-06-28 12:22:50.000000000,BEST_ASK,"JPM,100892,100"
2019-06-28 12:22:50.000000000,BEST_BID,"JPM,100815,240"
2019-06-28 12:22:50.000000000,BEST_ASK,"JPM,100892,100"
2019-06-28 12:22:50.000000000,BEST_BID,"JPM,100815,240"
2019-06-28 12:22:50.000000000,BEST_ASK,"JPM,100892,240"
2019-06-28 12:22:50.000000000,BEST_BID,"JPM,100815,240"
2019-06-28 12:22:50.000000000,BEST_ASK,"JPM,100892,240"
2019-06-28 12:22:50.507177314,QUERY_SPREAD,34
2019-06-28 12:22:50.507177314,BEST_BID,"JPM,100815,140"
2019-06-28 12:22:50.507177314,BEST_ASK,"JPM,100892,240"
2019-06-28 12:22:50.507177314,LAST_TRADE,"100,$100815.0000"
2019-06-28 12:22:57.959793552,QUERY_ORDER_STREAM,57
2019-06-28 12:22:57.959793552,QUERY_SPREAD,57
2019-06-28 12:23:00.000000000,QUERY_SPREAD,1
2019-06-28 12:23:00.000000000,BEST_BID,"JPM,100794,380"
2019-06-28 12:23:00.000000000,BEST_ASK,"JPM,100892,100"
2019-06-28 12:23:00.000000000,BEST_BID,"JPM,100794,380"
2019-06-28 12:23:00.000000000,BEST_ASK,"JPM,100892,380"
2019-06-28 12:23:00.000000000,QUERY_SPREAD,77
2019-06-28 12:23:00.000000000,BEST_BID,"JPM,100794,379"
2019-06-28 12:23:00.000000000,BEST_ASK,"JPM,100892,380"
2019-06-28 12:23:00.000000000,LAST_TRADE,"1,$100794.0000"
2019-06-28 12:23:00.000000000,QUERY_SPREAD,78
2019-06-28 12:23:00.000000000,BEST_BID,"JPM,100794,375"
2019-06-28 12:23:00.000000000,BEST_ASK,"JPM,100892,380"
2019-06-28 12:23:00.000000000,LAST_TRADE,"4,$100794.0000"
2019-06-28 12:23:00.000000000,QUERY_SPREAD,79
2019-06-28 12:23:00.000000000,BEST_BID,"JPM,100794,369"
2019-06-28 12:23:00.000000000,BEST_ASK,"JPM,100892,380"
2019-06-28 12:23:00.000000000,LAST_TRADE,"6,$100794.0000"
2019-06-28 12:23:00.000000000,QUERY_SPREAD,80
2019-06-28 12:23:00.000000000,BEST_BID,"JPM,100794,364"
2019-06-28 12:23:00.000000000,BEST_ASK,"JPM,100892,380"
2019-06-28 12:23:00.000000000,LAST_TRADE,"5,$100794.0000"
2019-06-28 12:23:00.000000000,QUERY_SPREAD,81
2019-06-28 12:23:00.000000000,BEST_BID,"JPM,100794,356"
2019-06-28 12:23:00.000000000,BEST_ASK,"JPM,100892,380"
2019-06-28 12:23:00.000000000,LAST_TRADE,"8,$100794.0000"
2019-06-28 12:23:00.000000000,QUERY_SPREAD,82
2019-06-28 12:23:00.000000000,BEST_BID,"JPM,100794,348"
2019-06-28 12:23:00.000000000,BEST_ASK,"JPM,100892,380"
2019-06-28 12:23:00.000000000,LAST_TRADE,"8,$100794.0000"
2019-06-28 12:23:00.000000000,QUERY_SPREAD,83
2019-06-28 12:23:00.000000000,BEST_BID,"JPM,100794,346"
2019-06-28 12:23:00.000000000,BEST_ASK,"JPM,100892,380"
2019-06-28 12:23:00.000000000,LAST_TRADE,"2,$100794.0000"
2019-06-28 12:23:00.000000000,QUERY_SPREAD,84
2019-06-28 12:23:00.000000000,BEST_BID,"JPM,100794,345"
2019-06-28 12:23:00.000000000,BEST_ASK,"JPM,100892,380"
2019-06-28 12:23:00.000000000,LAST_TRADE,"1,$100794.0000"
2019-06-28 12:23:00.000000000,QUERY_SPREAD,85
2019-06-28 12:23:00.000000000,BEST_BID,"JPM,100794,344"
2019-06-28 12:23:00.000000000,BEST_ASK,"JPM,100892,380"
2019-06-28 12:23:00.000000000,LAST_TRADE,"1,$100794.0000"
2019-06-28 12:23:00.000000000,QUERY_SPREAD,86
2019-06-28 12:23:00.000000000,BEST_BID,"JPM,100794,338"
2019-06-28 12:23:00.000000000,BEST_ASK,"JPM,100892,380"
2019-06-28 12:23:00.000000000,LAST_TRADE,"6,$100794.0000"
2019-06-28 12:23:00.000000000,QUERY_SPREAD,87
2019-06-28 12:23:00.000000000,BEST_BID,"JPM,100794,335"
2019-06-28 12:23:00.000000000,BEST_ASK,"JPM,100892,380"
2019-06-28 12:23:00.000000000,LAST_TRADE,"3,$100794.0000"
2019-06-28 12:23:00.000000000,QUERY_SPREAD,88
2019-06-28 12:23:00.000000000,BEST_BID,"JPM,100794,331"
2019-06-28 12:23:00.000000000,BEST_ASK,"JPM,100892,380"
2019-06-28 12:23:00.000000000,LAST_TRADE,"4,$100794.0000"
2019-06-28 12:23:00.000000000,QUERY_SPREAD,89
2019-06-28 12:23:00.000000000,BEST_BID,"JPM,100794,327"
2019-06-28 12:23:00.000000000,BEST_ASK,"JPM,100892,380"
2019-06-28 12:23:00.000000000,LAST_TRADE,"4,$100794.0000"
2019-06-28 12:23:00.000000000,QUERY_SPREAD,90
2019-06-28 12:23:00.000000000,BEST_BID,"JPM,100794,320"
2019-06-28 12:23:00.000000000,BEST_ASK,"JPM,100892,380"
2019-06-28 12:23:00.000000000,LAST_TRADE,"7,$100794.0000"
2019-06-28 12:23:00.000000000,QUERY_SPREAD,91
2019-06-28 12:23:00.000000000,BEST_BID,"JPM,100794,312"
2019-06-28 12:23:00.000000000,BEST_ASK,"JPM,100892,380"
2019-06-28 12:23:00.000000000,LAST_TRADE,"8,$100794.0000"
2019-06-28 12:23:00.000000000,QUERY_SPREAD,92
2019-06-28 12:23:00.000000000,BEST_BID,"JPM,100794,307"
2019-06-28 12:23:00.000000000,BEST_ASK,"JPM,100892,380"
2019-06-28 12:23:00.000000000,LAST_TRADE,"5,$100794.0000"
2019-06-28 12:23:00.000000000,QUERY_SPREAD,93
2019-06-28 12:23:00.000000000,BEST_BID,"JPM,100794,304"
2019-06-28 12:23:00.000000000,BEST_ASK,"JPM,100892,380"
2019-06-28 12:23:00.000000000,LAST_TRADE,"3,$100794.0000"
2019-06-28 12:23:00.000000000,QUERY_SPREAD,94
2019-06-28 12:23:00.000000000,BEST_BID,"JPM,100794,300"
2019-06-28 12:23:00.000000000,BEST_ASK,"JPM,100892,380"
2019-06-28 12:23:00.000000000,LAST_TRADE,"4,$100794.0000"
2019-06-28 12:23:00.000000000,QUERY_SPREAD,95
2019-06-28 12:23:00.000000000,BEST_BID,"JPM,100794,295"
2019-06-28 12:23:00.000000000,BEST_ASK,"JPM,100892,380"
2019-06-28 12:23:00.000000000,LAST_TRADE,"5,$100794.0000"
2019-06-28 12:23:00.000000000,QUERY_SPREAD,96
2019-06-28 12:23:00.000000000,BEST_BID,"JPM,100794,294"
2019-06-28 12:23:00.000000000,BEST_ASK,"JPM,100892,380"
2019-06-28 12:23:00.000000000,LAST_TRADE,"1,$100794.0000"
2019-06-28 12:23:00.000000000,QUERY_SPREAD,97
2019-06-28 12:23:00.000000000,BEST_BID,"JPM,100794,287"
2019-06-28 12:23:00.000000000,BEST_ASK,"JPM,100892,380"
2019-06-28 12:23:00.000000000,LAST_TRADE,"7,$100794.0000"
2019-06-28 12:23:00.000000000,QUERY_SPREAD,98
2019-06-28 12:23:00.000000000,BEST_BID,"JPM,100794,281"
2019-06-28 12:23:00.000000000,BEST_ASK,"JPM,100892,380"
2019-06-28 12:23:00.000000000,LAST_TRADE,"6,$100794.0000"
2019-06-28 12:23:00.000000000,QUERY_SPREAD,99
2019-06-28 12:23:00.000000000,BEST_BID,"JPM,100794,276"
2019-06-28 12:23:00.000000000,BEST_ASK,"JPM,100892,380"
2019-06-28 12:23:00.000000000,LAST_TRADE,"5,$100794.0000"
2019-06-28 12:23:00.000000000,QUERY_SPREAD,100
2019-06-28 12:23:00.000000000,BEST_BID,"JPM,100794,269"
2019-06-28 12:23:00.000000000,BEST_ASK,"JPM,100892,380"
2019-06-28 12:23:00.000000000,LAST_TRADE,"7,$100794.0000"
2019-06-28 12:23:00.000000000,QUERY_SPREAD,101
2019-06-28 12:23:00.000000000,QUERY_ORDER_STREAM,101
2019-06-28 12:23:10.000000000,QUERY_SPREAD,1
2019-06-28 12:23:10.000000000,BEST_BID,"JPM,100541,380"
2019-06-28 12:23:10.000000000,BEST_ASK,"JPM,100892,100"
2019-06-28 12:23:10.000000000,BEST_BID,"JPM,100541,380"
2019-06-28 12:23:10.000000000,BEST_ASK,"JPM,100892,380"
2019-06-28 12:23:11.257532661,QUERY_SPREAD,31
2019-06-28 12:23:11.257532661,BEST_BID,"JPM,100541,380"
2019-06-28 12:23:11.257532661,BEST_ASK,"JPM,100892,380"
2019-06-28 12:23:18.453599118,QUERY_SPREAD,37
2019-06-28 12:23:18.453599118,BEST_BID,"JPM,100541,380"
2019-06-28 12:23:18.453599118,BEST_ASK,"JPM,100607,100"
2019-06-28 12:23:20.000000000,QUERY_SPREAD,1
2019-06-28 12:23:20.000000000,BEST_BID,"JPM,100541,156"
2019-06-28 12:23:20.000000000,BEST_ASK,"JPM,100607,100"
2019-06-28 12:23:20.000000000,BEST_BID,"JPM,100541,156"
2019-06-28 12:23:20.000000000,BEST_ASK,"JPM,100607,100"
2019-06-28 12:23:20.000000000,BEST_BID,"JPM,100541,156"
2019-06-28 12:23:20.000000000,BEST_ASK,"JPM,100607,100"
2019-06-28 12:23:20.000000000,BEST_BID,"JPM,100541,156"
2019-06-28 12:23:20.000000000,BEST_ASK,"JPM,100607,100"
2019-06-28 12:23:20.000000000,BEST_BID,"JPM,100541,156"
2019-06-28 12:23:20.000000000,BEST_ASK,"JPM,100607,100"
2019-06-28 12:23:20.000000000,BEST_BID,"JPM,100541,156"
2019-06-28 12:23:20.000000000,BEST_ASK,"JPM,100607,156"
2019-06-28 12:23:20.000000000,BEST_BID,"JPM,100541,156"
2019-06-28 12:23:20.000000000,BEST_ASK,"JPM,100607,156"
2019-06-28 12:23:20.000000000,BEST_BID,"JPM,100541,156"
2019-06-28 12:23:20.000000000,BEST_ASK,"JPM,100607,156"
2019-06-28 12:23:20.000000000,BEST_BID,"JPM,100541,156"
2019-06-28 12:23:20.000000000,BEST_ASK,"JPM,100607,156"
2019-06-28 12:23:20.000000000,BEST_BID,"JPM,100541,156"
2019-06-28 12:23:20.000000000,BEST_ASK,"JPM,100607,156"
2019-06-28 12:23:30.000000000,QUERY_SPREAD,1
2019-06-28 12:23:30.000000000,BEST_BID,"JPM,100541,195"
2019-06-28 12:23:30.000000000,BEST_ASK,"JPM,100607,100"
2019-06-28 12:23:30.000000000,BEST_BID,"JPM,100541,195"
2019-06-28 12:23:30.000000000,BEST_ASK,"JPM,100607,100"
2019-06-28 12:23:30.000000000,BEST_BID,"JPM,100541,195"
2019-06-28 12:23:30.000000000,BEST_ASK,"JPM,100607,100"
2019-06-28 12:23:30.000000000,BEST_BID,"JPM,100541,195"
2019-06-28 12:23:30.000000000,BEST_ASK,"JPM,100607,195"
2019-06-28 12:23:30.000000000,BEST_BID,"JPM,100541,195"
2019-06-28 12:23:30.000000000,BEST_ASK,"JPM,100607,195"
2019-06-28 12:23:30.000000000,BEST_BID,"JPM,100541,195"
2019-06-28 12:23:30.000000000,BEST_ASK,"JPM,100607,195"
2019-06-28 12:23:37.496099482,QUERY_SPREAD,14
2019-06-28 12:23:37.496099482,BEST_BID,"JPM,100541,195"
2019-06-28 12:23:37.496099482,BEST_ASK,"JPM,100607,195"
2019-06-28 12:23:40.000000000,QUERY_SPREAD,1
2019-06-28 12:23:40.000000000,BEST_BID,"JPM,100541,170"
2019-06-28 12:23:40.000000000,BEST_ASK,"JPM,100607,100"
2019-06-28 12:23:40.000000000,BEST_BID,"JPM,100541,170"
2019-06-28 12:23:40.000000000,BEST_ASK,"JPM,100607,100"
2019-06-28 12:23:40.000000000,BEST_BID,"JPM,100541,170"
2019-06-28 12:23:40.000000000,BEST_ASK,"JPM,100607,100"
2019-06-28 12:23:40.000000000,BEST_BID,"JPM,100541,170"
2019-06-28 12:23:40.000000000,BEST_ASK,"JPM,100607,100"
2019-06-28 12:23:40.000000000,BEST_BID,"JPM,100541,170"
2019-06-28 12:23:40.000000000,BEST_ASK,"JPM,100607,170"
2019-06-28 12:23:40.000000000,BEST_BID,"JPM,100541,170"
2019-06-28 12:23:40.000000000,BEST_ASK,"JPM,100607,170"
2019-06-28 12:23:40.000000000,BEST_BID,"JPM,100541,170"
2019-06-28 12:23:40.000000000,BEST_ASK,"JPM,100607,170"
2019-06-28 12:23:40.000000000,BEST_BID,"JPM,100541,170"
2019-06-28 12:23:40.000000000,BEST_ASK,"JPM,100607,170"
2019-06-28 12:23:43.534942456,QUERY_SPREAD,18
2019-06-28 12:23:43.534942456,BEST_BID,"JPM,100541,170"
2019-06-28 12:23:43.534942456,BEST_ASK,"JPM,100607,170"
2019-06-28 12:23:50.000000000,QUERY_SPREAD,1
2019-06-28 12:23:50.000000000,BEST_BID,"JPM,100541,170"
2019-06-28 12:23:50.000000000,BEST_ASK,"JPM,100607,100"
2019-06-28 12:23:50.000000000,BEST_BID,"JPM,100541,170"
2019-06-28 12:23:50.000000000,BEST_ASK,"JPM,100607,100"
2019-06-28 12:23:50.000000000,BEST_BID,"JPM,100541,170"
2019-06-28 12:23:50.000000000,BEST_ASK,"JPM,100607,100"
2019-06-28 12:23:50.000000000,BEST_BID,"JPM,100541,170"
2019-06-28 12:23:50.000000000,BEST_ASK,"JPM,100607,100"
2019-06-28 12:23:50.000000000,BEST_BID,"JPM,100541,170"
2019-06-28 12:23:50.000000000,BEST_ASK,"JPM,100607,170"
2019-06-28 12:23:50.000000000,BEST_BID,"JPM,100541,170"
2019-06-28 12:23:50.000000000,BEST_ASK,"JPM,100607,170"
2019-06-28 12:23:50.000000000,BEST_BID,"JPM,100541,170"
2019-06-28 12:23:50.000000000,BEST_ASK,"JPM,100607,170"
2019-06-28 12:23:50.000000000,BEST_BID,"JPM,100541,170"
2019-06-28 12:23:50.000000000,BEST_ASK,"JPM,100607,170"
2019-06-28 12:24:00.000000000,QUERY_SPREAD,1
2019-06-28 12:24:00.000000000,BEST_BID,"JPM,100541,170"
2019-06-28 12:24:00.000000000,BEST_ASK,"JPM,100607,100"
2019-06-28 12:24:00.000000000,BEST_BID,"JPM,100541,170"
2019-06-28 12:24:00.000000000,BEST_ASK,"JPM,100607,100"
2019-06-28 12:24:00.000000000,BEST_BID,"JPM,100541,170"
2019-06-28 12:24:00.000000000,BEST_ASK,"JPM,100607,100"
2019-06-28 12:24:00.000000000,BEST_BID,"JPM,100541,170"
2019-06-28 12:24:00.000000000,BEST_ASK,"JPM,100607,100"
2019-06-28 12:24:00.000000000,BEST_BID,"JPM,100541,170"
2019-06-28 12:24:00.000000000,BEST_ASK,"JPM,100607,170"
2019-06-28 12:24:00.000000000,BEST_BID,"JPM,100541,170"
2019-06-28 12:24:00.000000000,BEST_ASK,"JPM,100607,170"
2019-06-28 12:24:00.000000000,BEST_BID,"JPM,100541,170"
2019-06-28 12:24:00.000000000,BEST_ASK,"JPM,100607,170"
2019-06-28 12:24:00.000000000,BEST_BID,"JPM,100541,170"
2019-06-28 12:24:00.000000000,BEST_ASK,"JPM,100607,170"
2019-06-28 12:24:00.000000000,QUERY_SPREAD,77
2019-06-28 12:24:00.000000000,BEST_BID,"JPM,100541,169"
2019-06-28 12:24:00.000000000,BEST_ASK,"JPM,100607,170"
2019-06-28 12:24:00.000000000,LAST_TRADE,"1,$100541.0000"
2019-06-28 12:24:00.000000000,QUERY_SPREAD,78
2019-06-28 12:24:00.000000000,BEST_BID,"JPM,100541,165"
2019-06-28 12:24:00.000000000,BEST_ASK,"JPM,100607,170"
2019-06-28 12:24:00.000000000,LAST_TRADE,"4,$100541.0000"
2019-06-28 12:24:00.000000000,QUERY_SPREAD,79
2019-06-28 12:24:00.000000000,BEST_BID,"JPM,100541,159"
2019-06-28 12:24:00.000000000,BEST_ASK,"JPM,100607,170"
2019-06-28 12:24:00.000000000,LAST_TRADE,"6,$100541.0000"
2019-06-28 12:24:00.000000000,QUERY_SPREAD,80
2019-06-28 12:24:00.000000000,BEST_BID,"JPM,100541,154"
2019-06-28 12:24:00.000000000,BEST_ASK,"JPM,100607,170"
2019-06-28 12:24:00.000000000,LAST_TRADE,"5,$100541.0000"
2019-06-28 12:24:00.000000000,QUERY_SPREAD,81
2019-06-28 12:24:00.000000000,BEST_BID,"JPM,100541,146"
2019-06-28 12:24:00.000000000,BEST_ASK,"JPM,100607,170"
2019-06-28 12:24:00.000000000,LAST_TRADE,"8,$100541.0000"
2019-06-28 12:24:00.000000000,QUERY_SPREAD,82
2019-06-28 12:24:00.000000000,BEST_BID,"JPM,100541,138"
2019-06-28 12:24:00.000000000,BEST_ASK,"JPM,100607,170"
2019-06-28 12:24:00.000000000,LAST_TRADE,"8,$100541.0000"
2019-06-28 12:24:00.000000000,QUERY_SPREAD,83
2019-06-28 12:24:00.000000000,BEST_BID,"JPM,100541,136"
2019-06-28 12:24:00.000000000,BEST_ASK,"JPM,100607,170"
2019-06-28 12:24:00.000000000,LAST_TRADE,"2,$100541.0000"
2019-06-28 12:24:00.000000000,QUERY_SPREAD,84
2019-06-28 12:24:00.000000000,BEST_BID,"JPM,100541,135"
2019-06-28 12:24:00.000000000,BEST_ASK,"JPM,100607,170"
2019-06-28 12:24:00.000000000,LAST_TRADE,"1,$100541.0000"
2019-06-28 12:24:00.000000000,QUERY_SPREAD,85
2019-06-28 12:24:00.000000000,BEST_BID,"JPM,100541,134"
2019-06-28 12:24:00.000000000,BEST_ASK,"JPM,100607,170"
2019-06-28 12:24:00.000000000,LAST_TRADE,"1,$100541.0000"
2019-06-28 12:24:00.000000000,QUERY_SPREAD,86
2019-06-28 12:24:00.000000000,BEST_BID,"JPM,100541,128"
2019-06-28 12:24:00.000000000,BEST_ASK,"JPM,100607,170"
2019-06-28 12:24:00.000000000,LAST_TRADE,"6,$100541.0000"
2019-06-28 12:24:00.000000000,QUERY_SPREAD,87
2019-06-28 12:24:00.000000000,BEST_BID,"JPM,100541,125"
2019-06-28 12:24:00.000000000,BEST_ASK,"JPM,100607,170"
2019-06-28 12:24:00.000000000,LAST_TRADE,"3,$100541.0000"
2019-06-28 12:24:00.000000000,QUERY_SPREAD,88
2019-06-28 12:24:00.000000000,BEST_BID,"JPM,100541,121"
2019-06-28 12:24:00.000000000,BEST_ASK,"JPM,100607,170"
2019-06-28 12:24:00.000000000,LAST_TRADE,"4,$100541.0000"
2019-06-28 12:24:00.000000000,QUERY_SPREAD,89
2019-06-28 12:24:00.000000000,BEST_BID,"JPM,100541,117"
2019-06-28 12:24:00.000000000,BEST_ASK,"JPM,100607,170"
2019-06-28 12:24:00.000000000,LAST_TRADE,"4,$100541.0000"
2019-06-28 12:24:00.000000000,QUERY_SPREAD,90
2019-06-28 12:24:00.000000000,BEST_BID,"JPM,100541,110"
2019-06-28 12:24:00.000000000,BEST_ASK,"JPM,100607,170"
2019-06-28 12:24:00.000000000,LAST_TRADE,"7,$100541.0000"
2019-06-28 12:24:00.000000000,QUERY_SPREAD,91
2019-06-28 12:24:00.000000000,BEST_BID,"JPM,100541,102"
2019-06-28 12:24:00.000000000,BEST_ASK,"JPM,100607,170"
2019-06-28 12:24:00.000000000,LAST_TRADE,"8,$100541.0000"
2019-06-28 12:24:00.000000000,QUERY_SPREAD,92
2019-06-28 12:24:00.000000000,BEST_BID,"JPM,100541,97"
2019-06-28 12:24:00.000000000,BEST_ASK,"JPM,100607,170"
2019-06-28 12:24:00.000000000,LAST_TRADE,"5,$100541.0000"
2019-06-28 12:24:00.000000000,QUERY_SPREAD,93
2019-06-28 12:24:00.000000000,BEST_BID,"JPM,100541,94"
2019-06-28 12:24:00.000000000,BEST_ASK,"JPM,100607,170"
2019-06-28 12:24:00.000000000,LAST_TRADE,"3,$100541.0000"
2019-06-28 12:24:00.000000000,QUERY_SPREAD,94
2019-06-28 12:24:00.000000000,BEST_BID,"JPM,100541,90"
2019-06-28 12:24:00.000000000,BEST_ASK,"JPM,100607,170"
2019-06-28 12:24:00.000000000,LAST_TRADE,"4,$100541.0000"
2019-06-28 12:24:00.000000000,QUERY_SPREAD,95
2019-06-28 12:24:00.000000000,BEST_BID,"JPM,100541,85"
2019-06-28 12:24:00.000000000,BEST_ASK,"JPM,100607,170"
2019-06-28 12:24:00.000000000,LAST_TRADE,"5,$100541.0000"
2019-06-28 12:24:00.000000000,QUERY_SPREAD,96
2019-06-28 12:24:00.000000000,BEST_BID,"JPM,100541,84"
2019-06-28 12:24:00.000000000,BEST_ASK,"JPM,100607,170"
2019-06-28 12:24:00.000000000,LAST_TRADE,"1,$100541.0000"
2019-06-28 12:24:00.000000000,QUERY_SPREAD,97
2019-06-28 12:24:00.000000000,BEST_BID,"JPM,100541,77"
2019-06-28 12:24:00.000000000,BEST_ASK,"JPM,100607,170"
2019-06-28 12:24:00.000000000,LAST_TRADE,"7,$100541.0000"
2019-06-28 12:24:00.000000000,QUERY_SPREAD,98
2019-06-28 12:24:00.000000000,BEST_BID,"JPM,100541,71"
2019-06-28 12:24:00.000000000,BEST_ASK,"JPM,100607,170"
2019-06-28 12:24:00.000000000,LAST_TRADE,"6,$100541.0000"
2019-06-28 12:24:00.000000000,QUERY_SPREAD,99
2019-06-28 12:24:00.000000000,BEST_BID,"JPM,100541,66"
2019-06-28 12:24:00.000000000,BEST_ASK,"JPM,100607,170"
2019-06-28 12:24:00.000000000,LAST_TRADE,"5,$100541.0000"
2019-06-28 12:24:00.000000000,QUERY_SPREAD,100
2019-06-28 12:24:00.000000000,BEST_BID,"JPM,100541,59"
2019-06-28 12:24:00.000000000,BEST_ASK,"JPM,100607,170"
2019-06-28 12:24:00.000000000,LAST_TRADE,"7,$100541.0000"
2019-06-28 12:24:00.000000000,QUERY_SPREAD,101
2019-06-28 12:24:00.000000000,QUERY_ORDER_STREAM,101
2019-06-28 12:24:03.567864808,QUERY_ORDER_STREAM,57
2019-06-28 12:24:03.567864808,QUERY_SPREAD,57
2019-06-28 12:24:03.567864808,BEST_BID,"JPM,100541,159"
2019-06-28 12:24:03.567864808,BEST_ASK,"JPM,100607,170"
2019-06-28 12:24:10.000000000,QUERY_SPREAD,1
2019-06-28 12:24:10.000000000,BEST_BID,"JPM,100541,156"
2019-06-28 12:24:10.000000000,BEST_ASK,"JPM,100607,100"
2019-06-28 12:24:10.000000000,BEST_BID,"JPM,100541,156"
2019-06-28 12:24:10.000000000,BEST_ASK,"JPM,100607,100"
2019-06-28 12:24:10.000000000,BEST_BID,"JPM,100541,156"
2019-06-28 12:24:10.000000000,BEST_ASK,"JPM,100607,100"
2019-06-28 12:24:10.000000000,BEST_BID,"JPM,100541,156"
2019-06-28 12:24:10.000000000,BEST_ASK,"JPM,100607,100"
2019-06-28 12:24:10.000000000,BEST_BID,"JPM,100541,156"
2019-06-28 12:24:10.000000000,BEST_ASK,"JPM,100607,100"
2019-06-28 12:24:10.000000000,BEST_BID,"JPM,100541,156"
2019-06-28 12:24:10.000000000,BEST_ASK,"JPM,100607,156"
2019-06-28 12:24:10.000000000,BEST_BID,"JPM,100541,156"
2019-06-28 12:24:10.000000000,BEST_ASK,"JPM,100607,156"
2019-06-28 12:24:10.000000000,BEST_BID,"JPM,100541,156"
2019-06-28 12:24:10.000000000,BEST_ASK,"JPM,100607,156"
2019-06-28 12:24:10.000000000,BEST_BID,"JPM,100541,156"
2019-06-28 12:24:10.000000000,BEST_ASK,"JPM,100607,156"
2019-06-28 12:24:10.000000000,BEST_BID,"JPM,100541,156"
2019-06-28 12:24:10.000000000,BEST_ASK,"JPM,100607,156"
2019-06-28 12:24:14.294887391,QUERY_ORDER_STREAM,68
2019-06-28 12:24:14.294887391,QUERY_SPREAD,68
2019-06-28 12:24:14.724789146,QUERY_ORDER_STREAM,66
2019-06-28 12:24:14.724789146,QUERY_SPREAD,66
2019-06-28 12:24:14.724789146,BEST_BID,"JPM,100541,256"
2019-06-28 12:24:14.724789146,BEST_ASK,"JPM,100607,156"
2019-06-28 12:24:20.000000000,QUERY_SPREAD,1
2019-06-28 12:24:20.000000000,BEST_BID,"JPM,100541,480"
2019-06-28 12:24:20.000000000,BEST_ASK,"JPM,100607,100"
2019-06-28 12:24:20.000000000,BEST_BID,"JPM,100541,480"
2019-06-28 12:24:20.000000000,BEST_ASK,"JPM,100607,380"
2019-06-28 12:24:30.000000000,QUERY_SPREAD,1
2019-06-28 12:24:30.000000000,BEST_BID,"JPM,100541,480"
2019-06-28 12:24:30.000000000,BEST_ASK,"JPM,100607,100"
2019-06-28 12:24:30.000000000,BEST_BID,"JPM,100541,480"
2019-06-28 12:24:30.000000000,BEST_ASK,"JPM,100607,380"
2019-06-28 12:24:30.923285306,QUERY_SPREAD,7
2019-06-28 12:24:30.923285306,BEST_BID,"JPM,100541,480"
2019-06-28 12:24:30.923285306,BEST_ASK,"JPM,100607,380"
2019-06-28 12:24:40.000000000,QUERY_SPREAD,1
2019-06-28 12:24:40.000000000,BEST_BID,"JPM,100541,480"
2019-06-28 12:24:40.000000000,BEST_ASK,"JPM,100607,100"
2019-06-28 12:24:40.000000000,BEST_BID,"JPM,100541,480"
2019-06-28 12:24:40.000000000,BEST_ASK,"JPM,100607,380"
2019-06-28 12:24:44.958526509,QUERY_SPREAD,33
2019-06-28 12:24:44.958526509,BEST_BID,"JPM,100541,480"
2019-06-28 12:24:44.958526509,BEST_ASK,"JPM,100607,380"
2019-06-28 12:24:46.659417149,QUERY_SPREAD,46
2019-06-28 12:24:46.659417149,BEST_BID,"JPM,100541,480"
2019-06-28 12:24:46.659417149,BEST_ASK,"JPM,100607,280"
2019-06-28 12:24:46.659417149,LAST_TRADE,"100,$100607.0000"
2019-06-28 12:24:50.000000000,QUERY_SPREAD,1
2019-06-28 12:24:50.000000000,BEST_BID,"JPM,100541,295"
2019-06-28 12:24:50.000000000,BEST_ASK,"JPM,100817,100"
2019-06-28 12:24:50.000000000,BEST_BID,"JPM,100541,295"
2019-06-28 12:24:50.000000000,BEST_ASK,"JPM,100817,100"
2019-06-28 12:24:50.000000000,BEST_BID,"JPM,100541,295"
2019-06-28 12:24:50.000000000,BEST_ASK,"JPM,100817,100"
2019-06-28 12:24:50.000000000,BEST_BID,"JPM,100541,295"
2019-06-28 12:24:50.000000000,BEST_ASK,"JPM,100817,195"
2019-06-28 12:24:50.000000000,BEST_BID,"JPM,100541,295"
2019-06-28 12:24:50.000000000,BEST_ASK,"JPM,100817,195"
2019-06-28 12:24:50.000000000,BEST_BID,"JPM,100541,295"
2019-06-28 12:24:50.000000000,BEST_ASK,"JPM,100817,195"
2019-06-28 12:24:54.325124244,QUERY_SPREAD,30
2019-06-28 12:24:54.325124244,BEST_BID,"JPM,100541,295"
2019-06-28 12:24:54.325124244,BEST_ASK,"JPM,100817,195"
2019-06-28 12:25:00.000000000,QUERY_SPREAD,1
2019-06-28 12:25:00.000000000,BEST_BID,"JPM,100541,340"
2019-06-28 12:25:00.000000000,BEST_ASK,"JPM,100817,100"
2019-06-28 12:25:00.000000000,BEST_BID,"JPM,100541,340"
2019-06-28 12:25:00.000000000,BEST_ASK,"JPM,100817,100"
2019-06-28 12:25:00.000000000,BEST_BID,"JPM,100541,340"
2019-06-28 12:25:00.000000000,BEST_ASK,"JPM,100817,240"
2019-06-28 12:25:00.000000000,BEST_BID,"JPM,100541,340"
2019-06-28 12:25:00.000000000,BEST_ASK,"JPM,100817,240"
2019-06-28 12:25:00.000000000,QUERY_SPREAD,77
2019-06-28 12:25:00.000000000,BEST_BID,"JPM,100541,339"
2019-06-28 12:25:00.000000000,BEST_ASK,"JPM,100817,240"
2019-06-28 12:25:00.000000000,LAST_TRADE,"1,$100541.0000"
2019-06-28 12:25:00.000000000,QUERY_SPREAD,78
2019-06-28 12:25:00.000000000,BEST_BID,"JPM,100541,335"
2019-06-28 12:25:00.000000000,BEST_ASK,"JPM,100817,240"
2019-06-28 12:25:00.000000000,LAST_TRADE,"4,$100541.0000"
2019-06-28 12:25:00.000000000,QUERY_SPREAD,79
2019-06-28 12:25:00.000000000,BEST_BID,"JPM,100541,329"
2019-06-28 12:25:00.000000000,BEST_ASK,"JPM,100817,240"
2019-06-28 12:25:00.000000000,LAST_TRADE,"6,$100541.0000"
2019-06-28 12:25:00.000000000,QUERY_SPREAD,80
2019-06-28 12:25:00.000000000,BEST_BID,"JPM,100541,324"
2019-06-28 12:25:00.000000000,BEST_ASK,"JPM,100817,240"
2019-06-28 12:25:00.000000000,LAST_TRADE,"5,$100541.0000"
2019-06-28 12:25:00.000000000,QUERY_SPREAD,81
2019-06-28 12:25:00.000000000,BEST_BID,"JPM,100541,316"
2019-06-28 12:25:00.000000000,BEST_ASK,"JPM,100817,240"
2019-06-28 12:25:00.000000000,LAST_TRADE,"8,$100541.0000"
2019-06-28 12:25:00.000000000,QUERY_SPREAD,82
2019-06-28 12:25:00.000000000,BEST_BID,"JPM,100541,308"
2019-06-28 12:25:00.000000000,BEST_ASK,"JPM,100817,240"
2019-06-28 12:25:00.000000000,LAST_TRADE,"8,$100541.0000"
2019-06-28 12:25:00.000000000,QUERY_SPREAD,83
2019-06-28 12:25:00.000000000,BEST_BID,"JPM,100541,306"
2019-06-28 12:25:00.000000000,BEST_ASK,"JPM,100817,240"
2019-06-28 12:25:00.000000000,LAST_TRADE,"2,$100541.0000"
2019-06-28 12:25:00.000000000,QUERY_SPREAD,84
2019-06-28 12:25:00.000000000,BEST_BID,"JPM,100541,305"
2019-06-28 12:25:00.000000000,BEST_ASK,"JPM,100817,240"
2019-06-28 12:25:00.000000000,LAST_TRADE,"1,$100541.0000"
2019-06-28 12:25:00.000000000,QUERY_SPREAD,85
2019-06-28 12:25:00.000000000,BEST_BID,"JPM,100541,304"
2019-06-28 12:25:00.000000000,BEST_ASK,"JPM,100817,240"
2019-06-28 12:25:00.000000000,LAST_TRADE,"1,$100541.0000"
2019-06-28 12:25:00.000000000,QUERY_SPREAD,86
2019-06-28 12:25:00.000000000,BEST_BID,"JPM,100541,298"
2019-06-28 12:25:00.000000000,BEST_ASK,"JPM,100817,240"
2019-06-28 12:25:00.000000000,LAST_TRADE,"6,$100541.0000"
2019-06-28 12:25:00.000000000,QUERY_SPREAD,87
2019-06-28 12:25:00.000000000,BEST_BID,"JPM,100541,295"
2019-06-28 12:25:00.000000000,BEST_ASK,"JPM,100817,240"
2019-06-28 12:25:00.000000000,LAST_TRADE,"3,$100541.0000"
2019-06-28 12:25:00.000000000,QUERY_SPREAD,88
2019-06-28 12:25:00.000000000,BEST_BID,"JPM,100541,291"
2019-06-28 12:25:00.000000000,BEST_ASK,"JPM,100817,240"
2019-06-28 12:25:00.000000000,LAST_TRADE,"4,$100541.0000"
2019-06-28 12:25:00.000000000,QUERY_SPREAD,89
2019-06-28 12:25:00.000000000,BEST_BID,"JPM,100541,287"
2019-06-28 12:25:00.000000000,BEST_ASK,"JPM,100817,240"
2019-06-28 12:25:00.000000000,LAST_TRADE,"4,$100541.0000"
2019-06-28 12:25:00.000000000,QUERY_SPREAD,90
2019-06-28 12:25:00.000000000,BEST_BID,"JPM,100541,280"
2019-06-28 12:25:00.000000000,BEST_ASK,"JPM,100817,240"
2019-06-28 12:25:00.000000000,LAST_TRADE,"7,$100541.0000"
2019-06-28 12:25:00.000000000,QUERY_SPREAD,91
2019-06-28 12:25:00.000000000,BEST_BID,"JPM,100541,272"
2019-06-28 12:25:00.000000000,BEST_ASK,"JPM,100817,240"
2019-06-28 12:25:00.000000000,LAST_TRADE,"8,$100541.0000"
2019-06-28 12:25:00.000000000,QUERY_SPREAD,92
2019-06-28 12:25:00.000000000,BEST_BID,"JPM,100541,267"
2019-06-28 12:25:00.000000000,BEST_ASK,"JPM,100817,240"
2019-06-28 12:25:00.000000000,LAST_TRADE,"5,$100541.0000"
2019-06-28 12:25:00.000000000,QUERY_SPREAD,93
2019-06-28 12:25:00.000000000,BEST_BID,"JPM,100541,264"
2019-06-28 12:25:00.000000000,BEST_ASK,"JPM,100817,240"
2019-06-28 12:25:00.000000000,LAST_TRADE,"3,$100541.0000"
2019-06-28 12:25:00.000000000,QUERY_SPREAD,94
2019-06-28 12:25:00.000000000,BEST_BID,"JPM,100541,260"
2019-06-28 12:25:00.000000000,BEST_ASK,"JPM,100817,240"
2019-06-28 12:25:00.000000000,LAST_TRADE,"4,$100541.0000"
2019-06-28 12:25:00.000000000,QUERY_SPREAD,95
2019-06-28 12:25:00.000000000,BEST_BID,"JPM,100541,255"
2019-06-28 12:25:00.000000000,BEST_ASK,"JPM,100817,240"
2019-06-28 12:25:00.000000000,LAST_TRADE,"5,$100541.0000"
2019-06-28 12:25:00.000000000,QUERY_SPREAD,96
2019-06-28 12:25:00.000000000,BEST_BID,"JPM,100541,254"
2019-06-28 12:25:00.000000000,BEST_ASK,"JPM,100817,240"
2019-06-28 12:25:00.000000000,LAST_TRADE,"1,$100541.0000"
2019-06-28 12:25:00.000000000,QUERY_SPREAD,97
2019-06-28 12:25:00.000000000,BEST_BID,"JPM,100541,247"
2019-06-28 12:25:00.000000000,BEST_ASK,"JPM,100817,240"
2019-06-28 12:25:00.000000000,LAST_TRADE,"7,$100541.0000"
2019-06-28 12:25:00.000000000,QUERY_SPREAD,98
2019-06-28 12:25:00.000000000,BEST_BID,"JPM,100541,241"
2019-06-28 12:25:00.000000000,BEST_ASK,"JPM,100817,240"
2019-06-28 12:25:00.000000000,LAST_TRADE,"6,$100541.0000"
2019-06-28 12:25:00.000000000,QUERY_SPREAD,99
2019-06-28 12:25:00.000000000,BEST_BID,"JPM,100541,236"
2019-06-28 12:25:00.000000000,BEST_ASK,"JPM,100817,240"
2019-06-28 12:25:00.000000000,LAST_TRADE,"5,$100541.0000"
2019-06-28 12:25:00.000000000,QUERY_SPREAD,100
2019-06-28 12:25:00.000000000,BEST_BID,"JPM,100541,229"
2019-06-28 12:25:00.000000000,BEST_ASK,"JPM,100817,240"
2019-06-28 12:25:00.000000000,LAST_TRADE,"7,$100541.0000"
2019-06-28 12:25:00.000000000,QUERY_SPREAD,101
2019-06-28 12:25:00.000000000,QUERY_ORDER_STREAM,101
2019-06-28 12:25:10.000000000,QUERY_SPREAD,1
2019-06-28 12:25:10.000000000,BEST_BID,"JPM,100541,184"
2019-06-28 12:25:10.000000000,BEST_ASK,"JPM,100817,100"
2019-06-28 12:25:10.000000000,BEST_BID,"JPM,100541,184"
2019-06-28 12:25:10.000000000,BEST_ASK,"JPM,100817,100"
2019-06-28 12:25:10.000000000,BEST_BID,"JPM,100541,184"
2019-06-28 12:25:10.000000000,BEST_ASK,"JPM,100817,100"
2019-06-28 12:25:10.000000000,BEST_BID,"JPM,100541,184"
2019-06-28 12:25:10.000000000,BEST_ASK,"JPM,100817,195"
2019-06-28 12:25:10.000000000,BEST_BID,"JPM,100541,184"
2019-06-28 12:25:10.000000000,BEST_ASK,"JPM,100817,195"
2019-06-28 12:25:10.000000000,BEST_BID,"JPM,100541,184"
2019-06-28 12:25:10.000000000,BEST_ASK,"JPM,100817,195"
2019-06-28 12:25:19.783101655,QUERY_SPREAD,10
2019-06-28 12:25:19.783101655,BEST_BID,"JPM,100653,100"
2019-06-28 12:25:19.783101655,BEST_ASK,"JPM,100817,195"
2019-06-28 12:25:20.000000000,QUERY_SPREAD,1
2019-06-28 12:25:20.000000000,BEST_BID,"JPM,100653,170"
2019-06-28 12:25:20.000000000,BEST_ASK,"JPM,100817,100"
2019-06-28 12:25:20.000000000,BEST_BID,"JPM,100653,170"
2019-06-28 12:25:20.000000000,BEST_ASK,"JPM,100817,100"
2019-06-28 12:25:20.000000000,BEST_BID,"JPM,100653,170"
2019-06-28 12:25:20.000000000,BEST_ASK,"JPM,100817,100"
2019-06-28 12:25:20.000000000,BEST_BID,"JPM,100653,170"
2019-06-28 12:25:20.000000000,BEST_ASK,"JPM,100817,100"
2019-06-28 12:25:20.000000000,BEST_BID,"JPM,100653,170"
2019-06-28 12:25:20.000000000,BEST_ASK,"JPM,100817,170"
2019-06-28 12:25:20.000000000,BEST_BID,"JPM,100653,170"
2019-06-28 12:25:20.000000000,BEST_ASK,"JPM,100817,170"
2019-06-28 12:25:20.000000000,BEST_BID,"JPM,100653,170"
2019-06-28 12:25:20.000000000,BEST_ASK,"JPM,100817,170"
2019-06-28 12:25:20.000000000,BEST_BID,"JPM,100653,170"
2019-06-28 12:25:20.000000000,BEST_ASK,"JPM,100817,170"
2019-06-28 12:25:28.654474169,QUERY_SPREAD,50
2019-06-28 12:25:28.654474169,BEST_BID,"JPM,100653,170"
2019-06-28 12:25:28.654474169,BEST_ASK,"JPM,100817,170"
2019-06-28 12:25:30.000000000,QUERY_SPREAD,1
2019-06-28 12:25:30.000000000,BEST_BID,"JPM,100653,170"
2019-06-28 12:25:30.000000000,BEST_ASK,"JPM,100817,100"
2019-06-28 12:25:30.000000000,BEST_BID,"JPM,100653,170"
2019-06-28 12:25:30.000000000,BEST_ASK,"JPM,100817,100"
2019-06-28 12:25:30.000000000,BEST_BID,"JPM,100653,170"
2019-06-28 12:25:30.000000000,BEST_ASK,"JPM,100817,100"
2019-06-28 12:25:30.000000000,BEST_BID,"JPM,100653,170"
2019-06-28 12:25:30.000000000,BEST_ASK,"JPM,100817,100"
2019-06-28 12:25:30.000000000,BEST_BID,"JPM,100653,170"
2019-06-28 12:25:30.000000000,BEST_ASK,"JPM,100817,170"
2019-06-28 12:25:30.000000000,BEST_BID,"JPM,100653,170"
2019-06-28 12:25:30.000000000,BEST_ASK,"JPM,100817,170"
2019-06-28 12:25:30.000000000,BEST_BID,"JPM,100653,170"
2019-06-28 12:25:30.000000000,BEST_ASK,"JPM,100817,170"
2019-06-28 12:25:30.000000000,BEST_BID,"JPM,100653,170"
2019-06-28 12:25:30.000000000,BEST_ASK,"JPM,100817,170"
2019-06-28 12:25:40.000000000,QUERY_SPREAD,1
2019-06-28 12:25:40.000000000,BEST_BID,"JPM,100653,380"
2019-06-28 12:25:40.000000000,BEST_ASK,"JPM,100817,100"
2019-06-28 12:25:40.000000000,BEST_BID,"JPM,100653,380"
2019-06-28 12:25:40.000000000,BEST_ASK,"JPM,100817,380"
2019-06-28 12:25:50.000000000,QUERY_SPREAD,1
2019-06-28 12:25:50.000000000,BEST_BID,"JPM,100653,380"
2019-06-28 12:25:50.000000000,BEST_ASK,"JPM,100817,100"
2019-06-28 12:25:50.000000000,BEST_BID,"JPM,100653,380"
2019-06-28 12:25:50.000000000,BEST_ASK,"JPM,100817,380"
2019-06-28 12:25:52.423145852,QUERY_SPREAD,21
2019-06-28 12:25:52.423145852,BEST_BID,"JPM,100653,280"
2019-06-28 12:25:52.423145852,BEST_ASK,"JPM,100817,380"
2019-06-28 12:25:52.423145852,LAST_TRADE,"100,$100653.0000"
2019-06-28 12:25:54.914559148,QUERY_SPREAD,37
2019-06-28 12:25:54.914559148,BEST_BID,"JPM,100653,280"
2019-06-28 12:25:54.914559148,BEST_ASK,"JPM,100817,380"
2019-06-28 12:25:56.250721680,QUERY_ORDER_STREAM,57
2019-06-28 12:25:56.250721680,QUERY_SPREAD,57
2019-06-28 12:25:56.250721680,BEST_BID,"JPM,100653,180"
2019-06-28 12:25:56.250721680,BEST_ASK,"JPM,100817,380"
2019-06-28 12:25:56.250721680,LAST_TRADE,"100,$100653.0000"
2019-06-28 12:25:58.462706428,QUERY_ORDER_STREAM,59
2019-06-28 12:25:58.462706428,QUERY_SPREAD,59
2019-06-28 12:25:58.462706428,BEST_BID,"JPM,100653,80"
2019-06-28 12:25:58.462706428,BEST_ASK,"JPM,100817,380"
2019-06-28 12:25:58.462706428,LAST_TRADE,"100,$100653.0000"
2019-06-28 12:26:00.000000000,QUERY_SPREAD,1
2019-06-28 12:26:00.000000000,BEST_BID,"JPM,100541,369"
2019-06-28 12:26:00.000000000,BEST_ASK,"JPM,100817,100"
2019-06-28 12:26:00.000000000,BEST_BID,"JPM,100541,369"
2019-06-28 12:26:00.000000000,BEST_ASK,"JPM,100817,380"
2019-06-28 12:26:00.000000000,QUERY_SPREAD,77
2019-06-28 12:26:00.000000000,BEST_BID,"JPM,100541,368"
2019-06-28 12:26:00.000000000,BEST_ASK,"JPM,100817,380"
2019-06-28 12:26:00.000000000,LAST_TRADE,"1,$100541.0000"
2019-06-28 12:26:00.000000000,QUERY_SPREAD,78
2019-06-28 12:26:00.000000000,BEST_BID,"JPM,100541,364"
2019-06-28 12:26:00.000000000,BEST_ASK,"JPM,100817,380"
2019-06-28 12:26:00.000000000,LAST_TRADE,"4,$100541.0000"
2019-06-28 12:26:00.000000000,QUERY_SPREAD,79
2019-06-28 12:26:00.000000000,BEST_BID,"JPM,100541,358"
2019-06-28 12:26:00.000000000,BEST_ASK,"JPM,100817,380"
2019-06-28 12:26:00.000000000,LAST_TRADE,"6,$100541.0000"
2019-06-28 12:26:00.000000000,QUERY_SPREAD,80
2019-06-28 12:26:00.000000000,BEST_BID,"JPM,100541,353"
2019-06-28 12:26:00.000000000,BEST_ASK,"JPM,100817,380"
2019-06-28 12:26:00.000000000,LAST_TRADE,"5,$100541.0000"
2019-06-28 12:26:00.000000000,QUERY_SPREAD,81
2019-06-28 12:26:00.000000000,BEST_BID,"JPM,100541,345"
2019-06-28 12:26:00.000000000,BEST_ASK,"JPM,100817,380"
2019-06-28 12:26:00.000000000,LAST_TRADE,"8,$100541.0000"
2019-06-28 12:26:00.000000000,QUERY_SPREAD,82
2019-06-28 12:26:00.000000000,BEST_BID,"JPM,100541,337"
2019-06-28 12:26:00.000000000,BEST_ASK,"JPM,100817,380"
2019-06-28 12:26:00.000000000,LAST_TRADE,"8,$100541.0000"
2019-06-28 12:26:00.000000000,QUERY_SPREAD,83
2019-06-28 12:26:00.000000000,BEST_BID,"JPM,100541,335"
2019-06-28 12:26:00.000000000,BEST_ASK,"JPM,100817,380"
2019-06-28 12:26:00.000000000,LAST_TRADE,"2,$100541.0000"
2019-06-28 12:26:00.000000000,QUERY_SPREAD,84
2019-06-28 12:26:00.000000000,BEST_BID,"JPM,100541,334"
2019-06-28 12:26:00.000000000,BEST_ASK,"JPM,100817,380"
2019-06-28 12:26:00.000000000,LAST_TRADE,"1,$100541.0000"
2019-06-28 12:26:00.000000000,QUERY_SPREAD,85
2019-06-28 12:26:00.000000000,BEST_BID,"JPM,100541,333"
2019-06-28 12:26:00.000000000,BEST_ASK,"JPM,100817,380"
2019-06-28 12:26:00.000000000,LAST_TRADE,"1,$100541.0000"
2019-06-28 12:26:00.000000000,QUERY_SPREAD,86
2019-06-28 12:26:00.000000000,BEST_BID,"JPM,100541,327"
2019-06-28 12:26:00.000000000,BEST_ASK,"JPM,100817,380"
2019-06-28 12:26:00.000000000,LAST_TRADE,"6,$100541.0000"
2019-06-28 12:26:00.000000000,QUERY_SPREAD,87
2019-06-28 12:26:00.000000000,BEST_BID,"JPM,100541,324"
2019-06-28 12:26:00.000000000,BEST_ASK,"JPM,100817,380"
2019-06-28 12:26:00.000000000,LAST_TRADE,"3,$100541.0000"
2019-06-28 12:26:00.000000000,QUERY_SPREAD,88
2019-06-28 12:26:00.000000000,BEST_BID,"JPM,100541,320"
2019-06-28 12:26:00.000000000,BEST_ASK,"JPM,100817,380"
2019-06-28 12:26:00.000000000,LAST_TRADE,"4,$100541.0000"
2019-06-28 12:26:00.000000000,QUERY_SPREAD,89
2019-06-28 12:26:00.000000000,BEST_BID,"JPM,100541,316"
2019-06-28 12:26:00.000000000,BEST_ASK,"JPM,100817,380"
2019-06-28 12:26:00.000000000,LAST_TRADE,"4,$100541.0000"
2019-06-28 12:26:00.000000000,QUERY_SPREAD,90
2019-06-28 12:26:00.000000000,BEST_BID,"JPM,100541,309"
2019-06-28 12:26:00.000000000,BEST_ASK,"JPM,100817,380"
2019-06-28 12:26:00.000000000,LAST_TRADE,"7,$100541.0000"
2019-06-28 12:26:00.000000000,QUERY_SPREAD,91
2019-06-28 12:26:00.000000000,BEST_BID,"JPM,100541,301"
2019-06-28 12:26:00.000000000,BEST_ASK,"JPM,100817,380"
2019-06-28 12:26:00.000000000,LAST_TRADE,"8,$100541.0000"
2019-06-28 12:26:00.000000000,QUERY_SPREAD,92
2019-06-28 12:26:00.000000000,BEST_BID,"JPM,100541,296"
2019-06-28 12:26:00.000000000,BEST_ASK,"JPM,100817,380"
2019-06-28 12:26:00.000000000,LAST_TRADE,"5,$100541.0000"
2019-06-28 12:26:00.000000000,QUERY_SPREAD,93
2019-06-28 12:26:00.000000000,BEST_BID,"JPM,100541,293"
2019-06-28 12:26:00.000000000,BEST_ASK,"JPM,100817,380"
2019-06-28 12:26:00.000000000,LAST_TRADE,"3,$100541.0000"
2019-06-28 12:26:00.000000000,QUERY_SPREAD,94
2019-06-28 12:26:00.000000000,BEST_BID,"JPM,100541,289"
2019-06-28 12:26:00.000000000,BEST_ASK,"JPM,100817,380"
2019-06-28 12:26:00.000000000,LAST_TRADE,"4,$100541.0000"
2019-06-28 12:26:00.000000000,QUERY_SPREAD,95
2019-06-28 12:26:00.000000000,BEST_BID,"JPM,100541,284"
2019-06-28 12:26:00.000000000,BEST_ASK,"JPM,100817,380"
2019-06-28 12:26:00.000000000,LAST_TRADE,"5,$100541.0000"
2019-06-28 12:26:00.000000000,QUERY_SPREAD,96
2019-06-28 12:26:00.000000000,BEST_BID,"JPM,100541,283"
2019-06-28 12:26:00.000000000,BEST_ASK,"JPM,100817,380"
2019-06-28 12:26:00.000000000,LAST_TRADE,"1,$100541.0000"
2019-06-28 12:26:00.000000000,QUERY_SPREAD,97
2019-06-28 12:26:00.000000000,BEST_BID,"JPM,100541,276"
2019-06-28 12:26:00.000000000,BEST_ASK,"JPM,100817,380"
2019-06-28 12:26:00.000000000,LAST_TRADE,"7,$100541.0000"
2019-06-28 12:26:00.000000000,QUERY_SPREAD,98
2019-06-28 12:26:00.000000000,BEST_BID,"JPM,100541,270"
2019-06-28 12:26:00.000000000,BEST_ASK,"JPM,100817,380"
2019-06-28 12:26:00.000000000,LAST_TRADE,"6,$100541.0000"
2019-06-28 12:26:00.000000000,QUERY_SPREAD,99
2019-06-28 12:26:00.000000000,BEST_BID,"JPM,100541,265"
2019-06-28 12:26:00.000000000,BEST_ASK,"JPM,100817,380"
2019-06-28 12:26:00.000000000,LAST_TRADE,"5,$100541.0000"
2019-06-28 12:26:00.000000000,QUERY_SPREAD,100
2019-06-28 12:26:00.000000000,BEST_BID,"JPM,100541,258"
2019-06-28 12:26:00.000000000,BEST_ASK,"JPM,100817,380"
2019-06-28 12:26:00.000000000,LAST_TRADE,"7,$100541.0000"
2019-06-28 12:26:00.000000000,QUERY_SPREAD,101
2019-06-28 12:26:00.000000000,QUERY_ORDER_STREAM,101
2019-06-28 12:26:10.000000000,QUERY_SPREAD,1
2019-06-28 12:26:10.000000000,BEST_BID,"JPM,100519,380"
2019-06-28 12:26:10.000000000,BEST_ASK,"JPM,100817,100"
2019-06-28 12:26:10.000000000,BEST_BID,"JPM,100519,380"
2019-06-28 12:26:10.000000000,BEST_ASK,"JPM,100817,380"
2019-06-28 12:26:11.283144757,QUERY_SPREAD,14
2019-06-28 12:26:11.283144757,BEST_BID,"JPM,100519,280"
2019-06-28 12:26:11.283144757,BEST_ASK,"JPM,100817,280"
2019-06-28 12:26:11.283144757,LAST_TRADE,"100,$100519.0000"
2019-06-28 12:26:20.000000000,QUERY_SPREAD,1
2019-06-28 12:26:20.000000000,BEST_BID,"JPM,100473,195"
2019-06-28 12:26:20.000000000,BEST_ASK,"JPM,100892,100"
2019-06-28 12:26:20.000000000,BEST_BID,"JPM,100473,195"
2019-06-28 12:26:20.000000000,BEST_ASK,"JPM,100892,100"
2019-06-28 12:26:20.000000000,BEST_BID,"JPM,100473,195"
2019-06-28 12:26:20.000000000,BEST_ASK,"JPM,100892,100"
2019-06-28 12:26:20.000000000,BEST_BID,"JPM,100473,195"
2019-06-28 12:26:20.000000000,BEST_ASK,"JPM,100892,195"
2019-06-28 12:26:20.000000000,BEST_BID,"JPM,100473,195"
2019-06-28 12:26:20.000000000,BEST_ASK,"JPM,100892,195"
2019-06-28 12:26:20.000000000,BEST_BID,"JPM,100473,195"
2019-06-28 12:26:20.000000000,BEST_ASK,"JPM,100892,195"
2019-06-28 12:26:23.479522785,QUERY_SPREAD,49
2019-06-28 12:26:23.479522785,BEST_BID,"JPM,100473,95"
2019-06-28 12:26:23.479522785,BEST_ASK,"JPM,100892,195"
2019-06-28 12:26:23.479522785,LAST_TRADE,"100,$100473.0000"
2019-06-28 12:26:26.760718471,QUERY_SPREAD,23
2019-06-28 12:26:26.760718471,BEST_BID,"JPM,100473,95"
2019-06-28 12:26:26.760718471,BEST_ASK,"JPM,100892,195"
2019-06-28 12:26:30.000000000,QUERY_SPREAD,1
2019-06-28 12:26:30.000000000,BEST_BID,"JPM,100435,240"
2019-06-28 12:26:30.000000000,BEST_ASK,"JPM,100892,100"
2019-06-28 12:26:30.000000000,BEST_BID,"JPM,100435,240"
2019-06-28 12:26:30.000000000,BEST_ASK,"JPM,100892,100"
2019-06-28 12:26:30.000000000,BEST_BID,"JPM,100435,240"
2019-06-28 12:26:30.000000000,BEST_ASK,"JPM,100892,240"
2019-06-28 12:26:30.000000000,BEST_BID,"JPM,100435,240"
2019-06-28 12:26:30.000000000,BEST_ASK,"JPM,100892,240"
2019-06-28 12:26:40.000000000,QUERY_SPREAD,1
2019-06-28 12:26:40.000000000,BEST_BID,"JPM,100435,195"
2019-06-28 12:26:40.000000000,BEST_ASK,"JPM,100892,100"
2019-06-28 12:26:40.000000000,BEST_BID,"JPM,100435,195"
2019-06-28 12:26:40.000000000,BEST_ASK,"JPM,100892,100"
2019-06-28 12:26:40.000000000,BEST_BID,"JPM,100435,195"
2019-06-28 12:26:40.000000000,BEST_ASK,"JPM,100892,100"
2019-06-28 12:26:40.000000000,BEST_BID,"JPM,100435,195"
2019-06-28 12:26:40.000000000,BEST_ASK,"JPM,100892,195"
2019-06-28 12:26:40.000000000,BEST_BID,"JPM,100435,195"
2019-06-28 12:26:40.000000000,BEST_ASK,"JPM,100892,195"
2019-06-28 12:26:40.000000000,BEST_BID,"JPM,100435,195"
2019-06-28 12:26:40.000000000,BEST_ASK,"JPM,100892,195"
2019-06-28 12:26:40.282993284,QUERY_SPREAD,22
2019-06-28 12:26:40.282993284,BEST_BID,"JPM,100435,195"
2019-06-28 12:26:40.282993284,BEST_ASK,"JPM,100621,100"
2019-06-28 12:26:47.330240473,QUERY_SPREAD,8
2019-06-28 12:26:47.330240473,BEST_BID,"JPM,100522,100"
2019-06-28 12:26:47.330240473,BEST_ASK,"JPM,100621,100"
2019-06-28 12:26:50.000000000,QUERY_SPREAD,1
2019-06-28 12:26:50.000000000,BEST_BID,"JPM,100522,380"
2019-06-28 12:26:50.000000000,BEST_ASK,"JPM,100621,100"
2019-06-28 12:26:50.000000000,BEST_BID,"JPM,100522,380"
2019-06-28 12:26:50.000000000,BEST_ASK,"JPM,100621,380"
2019-06-28 12:27:00.000000000,QUERY_SPREAD,1
2019-06-28 12:27:00.000000000,BEST_BID,"JPM,100522,195"
2019-06-28 12:27:00.000000000,BEST_ASK,"JPM,100621,100"
2019-06-28 12:27:00.000000000,BEST_BID,"JPM,100522,195"
2019-06-28 12:27:00.000000000,BEST_ASK,"JPM,100621,100"
2019-06-28 12:27:00.000000000,BEST_BID,"JPM,100522,195"
2019-06-28 12:27:00.000000000,BEST_ASK,"JPM,100621,100"
2019-06-28 12:27:00.000000000,BEST_BID,"JPM,100522,195"
2019-06-28 12:27:00.000000000,BEST_ASK,"JPM,100621,195"
2019-06-28 12:27:00.000000000,BEST_BID,"JPM,100522,195"
2019-06-28 12:27:00.000000000,BEST_ASK,"JPM,100621,195"
2019-06-28 12:27:00.000000000,BEST_BID,"JPM,100522,195"
2019-06-28 12:27:00.000000000,BEST_ASK,"JPM,100621,195"
2019-06-28 12:27:00.000000000,QUERY_SPREAD,77
2019-06-28 12:27:00.000000000,BEST_BID,"JPM,100522,194"
2019-06-28 12:27:00.000000000,BEST_ASK,"JPM,100621,195"
2019-06-28 12:27:00.000000000,LAST_TRADE,"1,$100522.0000"
2019-06-28 12:27:00.000000000,QUERY_SPREAD,78
2019-06-28 12:27:00.000000000,BEST_BID,"JPM,100522,190"
2019-06-28 12:27:00.000000000,BEST_ASK,"JPM,100621,195"
2019-06-28 12:27:00.000000000,LAST_TRADE,"4,$100522.0000"
2019-06-28 12:27:00.000000000,QUERY_SPREAD,79
2019-06-28 12:27:00.000000000,BEST_BID,"JPM,100522,184"
2019-06-28 12:27:00.000000000,BEST_ASK,"JPM,100621,195"
2019-06-28 12:27:00.000000000,LAST_TRADE,"6,$100522.0000"
2019-06-28 12:27:00.000000000,QUERY_SPREAD,80
2019-06-28 12:27:00.000000000,BEST_BID,"JPM,100522,179"
2019-06-28 12:27:00.000000000,BEST_ASK,"JPM,100621,195"
2019-06-28 12:27:00.000000000,LAST_TRADE,"5,$100522.0000"
2019-06-28 12:27:00.000000000,QUERY_SPREAD,81
2019-06-28 12:27:00.000000000,BEST_BID,"JPM,100522,171"
2019-06-28 12:27:00.000000000,BEST_ASK,"JPM,100621,195"
2019-06-28 12:27:00.000000000,LAST_TRADE,"8,$100522.0000"
2019-06-28 12:27:00.000000000,QUERY_SPREAD,82
2019-06-28 12:27:00.000000000,BEST_BID,"JPM,100522,163"
2019-06-28 12:27:00.000000000,BEST_ASK,"JPM,100621,195"
2019-06-28 12:27:00.000000000,LAST_TRADE,"8,$100522.0000"
2019-06-28 12:27:00.000000000,QUERY_SPREAD,83
2019-06-28 12:27:00.000000000,BEST_BID,"JPM,100522,161"
2019-06-28 12:27:00.000000000,BEST_ASK,"JPM,100621,195"
2019-06-28 12:27:00.000000000,LAST_TRADE,"2,$100522.0000"
2019-06-28 12:27:00.000000000,QUERY_SPREAD,84
2019-06-28 12:27:00.000000000,BEST_BID,"JPM,100522,160"
2019-06-28 12:27:00.000000000,BEST_ASK,"JPM,100621,195"
2019-06-28 12:27:00.000000000,LAST_TRADE,"1,$100522.0000"
2019-06-28 12:27:00.000000000,QUERY_SPREAD,85
2019-06-28 12:27:00.000000000,BEST_BID,"JPM,100522,159"
2019-06-28 12:27:00.000000000,BEST_ASK,"JPM,100621,195"
2019-06-28 12:27:00.000000000,LAST_TRADE,"1,$100522.0000"
2019-06-28 12:27:00.000000000,QUERY_SPREAD,86
2019-06-28 12:27:00.000000000,BEST_BID,"JPM,100522,153"
2019-06-28 12:27:00.000000000,BEST_ASK,"JPM,100621,195"
2019-06-28 12:27:00.000000000,LAST_TRADE,"6,$100522.0000"
2019-06-28 12:27:00.000000000,QUERY_SPREAD,87
2019-06-28 12:27:00.000000000,BEST_BID,"JPM,100522,150"
2019-06-28 12:27:00.000000000,BEST_ASK,"JPM,100621,195"
2019-06-28 12:27:00.000000000,LAST_TRADE,"3,$100522.0000"
2019-06-28 12:27:00.000000000,QUERY_SPREAD,88
2019-06-28 12:27:00.000000000,BEST_BID,"JPM,100522,146"
2019-06-28 12:27:00.000000000,BEST_ASK,"JPM,100621,195"
2019-06-28 12:27:00.000000000,LAST_TRADE,"4,$100522.0000"
2019-06-28 12:27:00.000000000,QUERY_SPREAD,89
2019-06-28 12:27:00.000000000,BEST_BID,"JPM,100522,142"
2019-06-28 12:27:00.000000000,BEST_ASK,"JPM,100621,195"
2019-06-28 12:27:00.000000000,LAST_TRADE,"4,$100522.0000"
2019-06-28 12:27:00.000000000,QUERY_SPREAD,90
2019-06-28 12:27:00.000000000,BEST_BID,"JPM,100522,135"
2019-06-28 12:27:00.000000000,BEST_ASK,"JPM,100621,195"
2019-06-28 12:27:00.000000000,LAST_TRADE,"7,$100522.0000"
2019-06-28 12:27:00.000000000,QUERY_SPREAD,91
2019-06-28 12:27:00.000000000,BEST_BID,"JPM,100522,127"
2019-06-28 12:27:00.000000000,BEST_ASK,"JPM,100621,195"
2019-06-28 12:27:00.000000000,LAST_TRADE,"8,$100522.0000"
2019-06-28 12:27:00.000000000,QUERY_SPREAD,92
2019-06-28 12:27:00.000000000,BEST_BID,"JPM,100522,122"
2019-06-28 12:27:00.000000000,BEST_ASK,"JPM,100621,195"
2019-06-28 12:27:00.000000000,LAST_TRADE,"5,$100522.0000"
2019-06-28 12:27:00.000000000,QUERY_SPREAD,93
2019-06-28 12:27:00.000000000,BEST_BID,"JPM,100522,119"
2019-06-28 12:27:00.000000000,BEST_ASK,"JPM,100621,195"
2019-06-28 12:27:00.000000000,LAST_TRADE,"3,$100522.0000"
2019-06-28 12:27:00.000000000,QUERY_SPREAD,94
2019-06-28 12:27:00.000000000,BEST_BID,"JPM,100522,115"
2019-06-28 12:27:00.000000000,BEST_ASK,"JPM,100621,195"
2019-06-28 12:27:00.000000000,LAST_TRADE,"4,$100522.0000"
2019-06-28 12:27:00.000000000,QUERY_SPREAD,95
2019-06-28 12:27:00.000000000,BEST_BID,"JPM,100522,110"
2019-06-28 12:27:00.000000000,BEST_ASK,"JPM,100621,195"
2019-06-28 12:27:00.000000000,LAST_TRADE,"5,$100522.0000"
2019-06-28 12:27:00.000000000,QUERY_SPREAD,96
2019-06-28 12:27:00.000000000,BEST_BID,"JPM,100522,109"
2019-06-28 12:27:00.000000000,BEST_ASK,"JPM,100621,195"
2019-06-28 12:27:00.000000000,LAST_TRADE,"1,$100522.0000"
2019-06-28 12:27:00.000000000,QUERY_SPREAD,97
2019-06-28 12:27:00.000000000,BEST_BID,"JPM,100522,102"
2019-06-28 12:27:00.000000000,BEST_ASK,"JPM,100621,195"
2019-06-28 12:27:00.000000000,LAST_TRADE,"7,$100522.0000"
2019-06-28 12:27:00.000000000,QUERY_SPREAD,98
2019-06-28 12:27:00.000000000,BEST_BID,"JPM,100522,96"
2019-06-28 12:27:00.000000000,BEST_ASK,"JPM,100621,195"
2019-06-28 12:27:00.000000000,LAST_TRADE,"6,$100522.0000"
2019-06-28 12:27:00.000000000,QUERY_SPREAD,99
2019-06-28 12:27:00.000000000,BEST_BID,"JPM,100522,91"
2019-06-28 12:27:00.000000000,BEST_ASK,"JPM,100621,195"
2019-06-28 12:27:00.000000000,LAST_TRADE,"5,$100522.0000"
2019-06-28 12:27:00.000000000,QUERY_SPREAD,100
2019-06-28 12:27:00.000000000,BEST_BID,"JPM,100522,84"
2019-06-28 12:27:00.000000000,BEST_ASK,"JPM,100621,195"
2019-06-28 12:27:00.000000000,LAST_TRADE,"7,$100522.0000"
2019-06-28 12:27:00.000000000,QUERY_SPREAD,101
2019-06-28 12:27:00.000000000,QUERY_ORDER_STREAM,101
2019-06-28 12:27:10.000000000,QUERY_SPREAD,1
2019-06-28 12:27:10.000000000,BEST_BID,"JPM,100435,156"
2019-06-28 12:27:10.000000000,BEST_ASK,"JPM,100621,100"
2019-06-28 12:27:10.000000000,BEST_BID,"JPM,100435,156"
2019-06-28 12:27:10.000000000,BEST_ASK,"JPM,100621,100"
2019-06-28 12:27:10.000000000,BEST_BID,"JPM,100435,156"
2019-06-28 12:27:10.000000000,BEST_ASK,"JPM,100621,100"
2019-06-28 12:27:10.000000000,BEST_BID,"JPM,100435,156"
2019-06-28 12:27:10.000000000,BEST_ASK,"JPM,100621,100"
2019-06-28 12:27:10.000000000,BEST_BID,"JPM,100435,156"
2019-06-28 12:27:10.000000000,BEST_ASK,"JPM,100621,100"
2019-06-28 12:27:10.000000000,BEST_BID,"JPM,100435,156"
2019-06-28 12:27:10.000000000,BEST_ASK,"JPM,100621,156"
2019-06-28 12:27:10.000000000,BEST_BID,"JPM,100435,156"
2019-06-28 12:27:10.000000000,BEST_ASK,"JPM,100621,156"
2019-06-28 12:27:10.000000000,BEST_BID,"JPM,100435,156"
2019-06-28 12:27:10.000000000,BEST_ASK,"JPM,100621,156"
2019-06-28 12:27:10.000000000,BEST_BID,"JPM,100435,156"
2019-06-28 12:27:10.000000000,BEST_ASK,"JPM,100621,156"
2019-06-28 12:27:10.000000000,BEST_BID,"JPM,100435,156"
2019-06-28 12:27:10.000000000,BEST_ASK,"JPM,100621,156"
2019-06-28 12:27:20.000000000,QUERY_SPREAD,1
2019-06-28 12:27:20.000000000,BEST_BID,"JPM,100435,170"
2019-06-28 12:27:20.000000000,BEST_ASK,"JPM,100621,100"
2019-06-28 12:27:20.000000000,BEST_BID,"JPM,100435,170"
2019-06-28 12:27:20.000000000,BEST_ASK,"JPM,100621,100"
2019-06-28 12:27:20.000000000,BEST_BID,"JPM,100435,170"
2019-06-28 12:27:20.000000000,BEST_ASK,"JPM,100621,100"
2019-06-28 12:27:20.000000000,BEST_BID,"JPM,100435,170"
2019-06-28 12:27:20.000000000,BEST_ASK,"JPM,100621,100"
2019-06-28 12:27:20.000000000,BEST_BID,"JPM,100435,170"
2019-06-28 12:27:20.000000000,BEST_ASK,"JPM,100621,170"
2019-06-28 12:27:20.000000000,BEST_BID,"JPM,100435,170"
2019-06-28 12:27:20.000000000,BEST_ASK,"JPM,100621,170"
2019-06-28 12:27:20.000000000,BEST_BID,"JPM,100435,170"
2019-06-28 12:27:20.000000000,BEST_ASK,"JPM,100621,170"
2019-06-28 12:27:20.000000000,BEST_BID,"JPM,100435,170"
2019-06-28 12:27:20.000000000,BEST_ASK,"JPM,100621,170"
2019-06-28 12:27:29.938093969,QUERY_SPREAD,19
2019-06-28 12:27:29.938093969,BEST_BID,"JPM,100435,170"
2019-06-28 12:27:29.938093969,BEST_ASK,"JPM,100522,100"
2019-06-28 12:27:30.000000000,QUERY_SPREAD,1
2019-06-28 12:27:30.000000000,BEST_BID,"JPM,100435,156"
2019-06-28 12:27:30.000000000,BEST_ASK,"JPM,100522,100"
2019-06-28 12:27:30.000000000,BEST_BID,"JPM,100435,156"
2019-06-28 12:27:30.000000000,BEST_ASK,"JPM,100522,100"
2019-06-28 12:27:30.000000000,BEST_BID,"JPM,100435,156"
2019-06-28 12:27:30.000000000,BEST_ASK,"JPM,100522,100"
2019-06-28 12:27:30.000000000,BEST_BID,"JPM,100435,156"
2019-06-28 12:27:30.000000000,BEST_ASK,"JPM,100522,100"
2019-06-28 12:27:30.000000000,BEST_BID,"JPM,100435,156"
2019-06-28 12:27:30.000000000,BEST_ASK,"JPM,100522,100"
2019-06-28 12:27:30.000000000,BEST_BID,"JPM,100435,156"
2019-06-28 12:27:30.000000000,BEST_ASK,"JPM,100522,156"
2019-06-28 12:27:30.000000000,BEST_BID,"JPM,100435,156"
2019-06-28 12:27:30.000000000,BEST_ASK,"JPM,100522,156"
2019-06-28 12:27:30.000000000,BEST_BID,"JPM,100435,156"
2019-06-28 12:27:30.000000000,BEST_ASK,"JPM,100522,156"
2019-06-28 12:27:30.000000000,BEST_BID,"JPM,100435,156"
2019-06-28 12:27:30.000000000,BEST_ASK,"JPM,100522,156"
2019-06-28 12:27:30.000000000,BEST_BID,"JPM,100435,156"
2019-06-28 12:27:30.000000000,BEST_ASK,"JPM,100522,156"
2019-06-28 12:27:40.000000000,QUERY_SPREAD,1
2019-06-28 12:27:40.000000000,BEST_BID,"JPM,100435,240"
2019-06-28 12:27:40.000000000,BEST_ASK,"JPM,100522,100"
2019-06-28 12:27:40.000000000,BEST_BID,"JPM,100435,240"
2019-06-28 12:27:40.000000000,BEST_ASK,"JPM,100522,100"
2019-06-28 12:27:40.000000000,BEST_BID,"JPM,100435,240"
2019-06-28 12:27:40.000000000,BEST_ASK,"JPM,100522,240"
2019-06-28 12:27:40.000000000,BEST_BID,"JPM,100435,240"
2019-06-28 12:27:40.000000000,BEST_ASK,"JPM,100522,240"
2019-06-28 12:27:50.000000000,QUERY_SPREAD,1
2019-06-28 12:27:50.000000000,BEST_BID,"JPM,100435,195"
2019-06-28 12:27:50.000000000,BEST_ASK,"JPM,100522,100"
2019-06-28 12:27:50.000000000,BEST_BID,"JPM,100435,195"
2019-06-28 12:27:50.000000000,BEST_ASK,"JPM,100522,100"
2019-06-28 12:27:50.000000000,BEST_BID,"JPM,100435,195"
2019-06-28 12:27:50.000000000,BEST_ASK,"JPM,100522,100"
2019-06-28 12:27:50.000000000,BEST_BID,"JPM,100435,195"
2019-06-28 12:27:50.000000000,BEST_ASK,"JPM,100522,195"
2019-06-28 12:27:50.000000000,BEST_BID,"JPM,100435,195"
2019-06-28 12:27:50.000000000,BEST_ASK,"JPM,100522,195"
2019-06-28 12:27:50.000000000,BEST_BID,"JPM,100435,195"
2019-06-28 12:27:50.000000000,BEST_ASK,"JPM,100522,195"
2019-06-28 12:27:57.469782167,QUERY_ORDER_STREAM,55
2019-06-28 12:27:57.469782167,QUERY_SPREAD,55
2019-06-28 12:27:57.469782167,BEST_BID,"JPM,100435,195"
2019-06-28 12:27:57.469782167,BEST_ASK,"JPM,100522,295"
2019-06-28 12:28:00.000000000,QUERY_SPREAD,1
2019-06-28 12:28:00.000000000,BEST_BID,"JPM,100435,170"
2019-06-28 12:28:00.000000000,BEST_ASK,"JPM,100522,200"
2019-06-28 12:28:00.000000000,BEST_BID,"JPM,100435,170"
2019-06-28 12:28:00.000000000,BEST_ASK,"JPM,100522,200"
2019-06-28 12:28:00.000000000,BEST_BID,"JPM,100435,170"
2019-06-28 12:28:00.000000000,BEST_ASK,"JPM,100522,200"
2019-06-28 12:28:00.000000000,BEST_BID,"JPM,100435,170"
2019-06-28 12:28:00.000000000,BEST_ASK,"JPM,100522,200"
2019-06-28 12:28:00.000000000,BEST_BID,"JPM,100435,170"
2019-06-28 12:28:00.000000000,BEST_ASK,"JPM,100522,270"
2019-06-28 12:28:00.000000000,BEST_BID,"JPM,100435,170"
2019-06-28 12:28:00.000000000,BEST_ASK,"JPM,100522,270"
2019-06-28 12:28:00.000000000,BEST_BID,"JPM,100435,170"
2019-06-28 12:28:00.000000000,BEST_ASK,"JPM,100522,270"
2019-06-28 12:28:00.000000000,BEST_BID,"JPM,100435,170"
2019-06-28 12:28:00.000000000,BEST_ASK,"JPM,100522,270"
2019-06-28 12:28:00.000000000,QUERY_SPREAD,77
2019-06-28 12:28:00.000000000,BEST_BID,"JPM,100435,169"
2019-06-28 12:28:00.000000000,BEST_ASK,"JPM,100522,270"
2019-06-28 12:28:00.000000000,LAST_TRADE,"1,$100435.0000"
2019-06-28 12:28:00.000000000,QUERY_SPREAD,78
2019-06-28 12:28:00.000000000,BEST_BID,"JPM,100435,165"
2019-06-28 12:28:00.000000000,BEST_ASK,"JPM,100522,270"
2019-06-28 12:28:00.000000000,LAST_TRADE,"4,$100435.0000"
2019-06-28 12:28:00.000000000,QUERY_SPREAD,79
2019-06-28 12:28:00.000000000,BEST_BID,"JPM,100435,159"
2019-06-28 12:28:00.000000000,BEST_ASK,"JPM,100522,270"
2019-06-28 12:28:00.000000000,LAST_TRADE,"6,$100435.0000"
2019-06-28 12:28:00.000000000,QUERY_SPREAD,80
2019-06-28 12:28:00.000000000,BEST_BID,"JPM,100435,154"
2019-06-28 12:28:00.000000000,BEST_ASK,"JPM,100522,270"
2019-06-28 12:28:00.000000000,LAST_TRADE,"5,$100435.0000"
2019-06-28 12:28:00.000000000,QUERY_SPREAD,81
2019-06-28 12:28:00.000000000,BEST_BID,"JPM,100435,146"
2019-06-28 12:28:00.000000000,BEST_ASK,"JPM,100522,270"
2019-06-28 12:28:00.000000000,LAST_TRADE,"8,$100435.0000"
2019-06-28 12:28:00.000000000,QUERY_SPREAD,82
2019-06-28 12:28:00.000000000,BEST_BID,"JPM,100435,138"
2019-06-28 12:28:00.000000000,BEST_ASK,"JPM,100522,270"
2019-06-28 12:28:00.000000000,LAST_TRADE,"8,$100435.0000"
2019-06-28 12:28:00.000000000,QUERY_SPREAD,83
2019-06-28 12:28:00.000000000,BEST_BID,"JPM,100435,136"
2019-06-28 12:28:00.000000000,BEST_ASK,"JPM,100522,270"
2019-06-28 12:28:00.000000000,LAST_TRADE,"2,$100435.0000"
2019-06-28 12:28:00.000000000,QUERY_SPREAD,84
2019-06-28 12:28:00.000000000,BEST_BID,"JPM,100435,135"
2019-06-28 12:28:00.000000000,BEST_ASK,"JPM,100522,270"
2019-06-28 12:28:00.000000000,LAST_TRADE,"1,$100435.0000"
2019-06-28 12:28:00.000000000,QUERY_SPREAD,85
2019-06-28 12:28:00.000000000,BEST_BID,"JPM,100435,134"
2019-06-28 12:28:00.000000000,BEST_ASK,"JPM,100522,270"
2019-06-28 12:28:00.000000000,LAST_TRADE,"1,$100435.0000"
2019-06-28 12:28:00.000000000,QUERY_SPREAD,86
2019-06-28 12:28:00.000000000,BEST_BID,"JPM,100435,128"
2019-06-28 12:28:00.000000000,BEST_ASK,"JPM,100522,270"
2019-06-28 12:28:00.000000000,LAST_TRADE,"6,$100435.0000"
2019-06-28 12:28:00.000000000,QUERY_SPREAD,87
2019-06-28 12:28:00.000000000,BEST_BID,"JPM,100435,125"
2019-06-28 12:28:00.000000000,BEST_ASK,"JPM,100522,270"
2019-06-28 12:28:00.000000000,LAST_TRADE,"3,$100435.0000"
2019-06-28 12:28:00.000000000,QUERY_SPREAD,88
2019-06-28 12:28:00.000000000,BEST_BID,"JPM,100435,121"
2019-06-28 12:28:00.000000000,BEST_ASK,"JPM,100522,270"
2019-06-28 12:28:00.000000000,LAST_TRADE,"4,$100435.0000"
2019-06-28 12:28:00.000000000,QUERY_SPREAD,89
2019-06-28 12:28:00.000000000,BEST_BID,"JPM,100435,117"
2019-06-28 12:28:00.000000000,BEST_ASK,"JPM,100522,270"
2019-06-28 12:28:00.000000000,LAST_TRADE,"4,$100435.0000"
2019-06-28 12:28:00.000000000,QUERY_SPREAD,90
2019-06-28 12:28:00.000000000,BEST_BID,"JPM,100435,110"
2019-06-28 12:28:00.000000000,BEST_ASK,"JPM,100522,270"
2019-06-28 12:28:00.000000000,LAST_TRADE,"7,$100435.0000"
2019-06-28 12:28:00.000000000,QUERY_SPREAD,91
2019-06-28 12:28:00.000000000,BEST_BID,"JPM,100435,102"
2019-06-28 12:28:00.000000000,BEST_ASK,"JPM,100522,270"
2019-06-28 12:28:00.000000000,LAST_TRADE,"8,$100435.0000"
2019-06-28 12:28:00.000000000,QUERY_SPREAD,92
2019-06-28 12:28:00.000000000,BEST_BID,"JPM,100435,97"
2019-06-28 12:28:00.000000000,BEST_ASK,"JPM,100522,270"
2019-06-28 12:28:00.000000000,LAST_TRADE,"5,$100435.0000"
2019-06-28 12:28:00.000000000,QUERY_SPREAD,93
2019-06-28 12:28:00.000000000,BEST_BID,"JPM,100435,94"
2019-06-28 12:28:00.000000000,BEST_ASK,"JPM,100522,270"
2019-06-28 12:28:00.000000000,LAST_TRADE,"3,$100435.0000"
2019-06-28 12:28:00.000000000,QUERY_SPREAD,94
2019-06-28 12:28:00.000000000,BEST_BID,"JPM,100435,90"
2019-06-28 12:28:00.000000000,BEST_ASK,"JPM,100522,270"
2019-06-28 12:28:00.000000000,LAST_TRADE,"4,$100435.0000"
2019-06-28 12:28:00.000000000,QUERY_SPREAD,95
2019-06-28 12:28:00.000000000,BEST_BID,"JPM,100435,85"
2019-06-28 12:28:00.000000000,BEST_ASK,"JPM,100522,270"
2019-06-28 12:28:00.000000000,LAST_TRADE,"5,$100435.0000"
2019-06-28 12:28:00.000000000,QUERY_SPREAD,96
2019-06-28 12:28:00.000000000,BEST_BID,"JPM,100435,84"
2019-06-28 12:28:00.000000000,BEST_ASK,"JPM,100522,270"
2019-06-28 12:28:00.000000000,LAST_TRADE,"1,$100435.0000"
2019-06-28 12:28:00.000000000,QUERY_SPREAD,97
2019-06-28 12:28:00.000000000,BEST_BID,"JPM,100435,77"
2019-06-28 12:28:00.000000000,BEST_ASK,"JPM,100522,270"
2019-06-28 12:28:00.000000000,LAST_TRADE,"7,$100435.0000"
2019-06-28 12:28:00.000000000,QUERY_SPREAD,98
2019-06-28 12:28:00.000000000,BEST_BID,"JPM,100435,71"
2019-06-28 12:28:00.000000000,BEST_ASK,"JPM,100522,270"
2019-06-28 12:28:00.000000000,LAST_TRADE,"6,$100435.0000"
2019-06-28 12:28:00.000000000,QUERY_SPREAD,99
2019-06-28 12:28:00.000000000,BEST_BID,"JPM,100435,66"
2019-06-28 12:28:00.000000000,BEST_ASK,"JPM,100522,270"
2019-06-28 12:28:00.000000000,LAST_TRADE,"5,$100435.0000"
2019-06-28 12:28:00.000000000,QUERY_SPREAD,100
2019-06-28 12:28:00.000000000,BEST_BID,"JPM,100435,59"
2019-06-28 12:28:00.000000000,BEST_ASK,"JPM,100522,270"
2019-06-28 12:28:00.000000000,LAST_TRADE,"7,$100435.0000"
2019-06-28 12:28:00.000000000,QUERY_SPREAD,101
2019-06-28 12:28:00.000000000,QUERY_ORDER_STREAM,101
2019-06-28 12:28:00.899869760,QUERY_SPREAD,19
2019-06-28 12:28:00.899869760,BEST_BID,"JPM,100435,59"
2019-06-28 12:28:00.899869760,BEST_ASK,"JPM,100522,170"
2019-06-28 12:28:03.941679859,QUERY_SPREAD,24
2019-06-28 12:28:03.941679859,BEST_BID,"JPM,100435,59"
2019-06-28 12:28:03.941679859,BEST_ASK,"JPM,100522,170"
2019-06-28 12:28:04.155469922,QUERY_SPREAD,17
2019-06-28 12:28:04.155469922,BEST_BID,"JPM,100435,59"
2019-06-28 12:28:04.155469922,BEST_ASK,"JPM,100522,170"
2019-06-28 12:28:07.108990968,QUERY_SPREAD,26
2019-06-28 12:28:07.108990968,BEST_BID,"JPM,100435,59"
2019-06-28 12:28:07.108990968,BEST_ASK,"JPM,100522,170"
2019-06-28 12:28:10.000000000,QUERY_SPREAD,1
2019-06-28 12:28:10.000000000,BEST_BID,"JPM,100390,195"
2019-06-28 12:28:10.000000000,BEST_ASK,"JPM,100522,100"
2019-06-28 12:28:10.000000000,BEST_BID,"JPM,100390,195"
2019-06-28 12:28:10.000000000,BEST_ASK,"JPM,100522,100"
2019-06-28 12:28:10.000000000,BEST_BID,"JPM,100390,195"
2019-06-28 12:28:10.000000000,BEST_ASK,"JPM,100522,100"
2019-06-28 12:28:10.000000000,BEST_BID,"JPM,100390,195"
2019-06-28 12:28:10.000000000,BEST_ASK,"JPM,100522,195"
2019-06-28 12:28:10.000000000,BEST_BID,"JPM,100390,195"
2019-06-28 12:28:10.000000000,BEST_ASK,"JPM,100522,195"
2019-06-28 12:28:10.000000000,BEST_BID,"JPM,100390,195"
2019-06-28 12:28:10.000000000,BEST_ASK,"JPM,100522,195"
2019-06-28 12:28:14.970154103,QUERY_SPREAD,27
2019-06-28 12:28:14.970154103,BEST_BID,"JPM,100390,195"
2019-06-28 12:28:14.970154103,BEST_ASK,"JPM,100492,100"
2019-06-28 12:28:18.414390804,QUERY_SPREAD,35
2019-06-28 12:28:18.414390804,BEST_BID,"JPM,100390,195"
2019-06-28 12:28:18.414390804,BEST_ASK,"JPM,100442,100"
2019-06-28 12:28:20.000000000,QUERY_SPREAD,1
2019-06-28 12:28:20.000000000,BEST_BID,"JPM,100390,380"
2019-06-28 12:28:20.000000000,BEST_ASK,"JPM,100442,100"
2019-06-28 12:28:20.000000000,BEST_BID,"JPM,100390,380"
2019-06-28 12:28:20.000000000,BEST_ASK,"JPM,100442,380"
2019-06-28 12:28:25.031564376,QUERY_SPREAD,24
2019-06-28 12:28:25.031564376,BEST_BID,"JPM,100390,380"
2019-06-28 12:28:25.031564376,BEST_ASK,"JPM,100442,380"
2019-06-28 12:28:30.000000000,QUERY_SPREAD,1
2019-06-28 12:28:30.000000000,BEST_BID,"JPM,100390,240"
2019-06-28 12:28:30.000000000,BEST_ASK,"JPM,100442,100"
2019-06-28 12:28:30.000000000,BEST_BID,"JPM,100390,240"
2019-06-28 12:28:30.000000000,BEST_ASK,"JPM,100442,100"
2019-06-28 12:28:30.000000000,BEST_BID,"JPM,100390,240"
2019-06-28 12:28:30.000000000,BEST_ASK,"JPM,100442,240"
2019-06-28 12:28:30.000000000,BEST_BID,"JPM,100390,240"
2019-06-28 12:28:30.000000000,BEST_ASK,"JPM,100442,240"
2019-06-28 12:28:32.408774394,QUERY_SPREAD,34
2019-06-28 12:28:32.408774394,BEST_BID,"JPM,100390,240"
2019-06-28 12:28:32.408774394,BEST_ASK,"JPM,100406,100"
2019-06-28 12:28:40.000000000,QUERY_SPREAD,1
2019-06-28 12:28:40.000000000,BEST_BID,"JPM,100390,240"
2019-06-28 12:28:40.000000000,BEST_ASK,"JPM,100406,100"
2019-06-28 12:28:40.000000000,BEST_BID,"JPM,100390,240"
2019-06-28 12:28:40.000000000,BEST_ASK,"JPM,100406,100"
2019-06-28 12:28:40.000000000,BEST_BID,"JPM,100390,240"
2019-06-28 12:28:40.000000000,BEST_ASK,"JPM,100406,240"
2019-06-28 12:28:40.000000000,BEST_BID,"JPM,100390,240"
2019-06-28 12:28:40.000000000,BEST_ASK,"JPM,100406,240"
2019-06-28 12:28:50.000000000,QUERY_SPREAD,1
2019-06-28 12:28:50.000000000,BEST_BID,"JPM,100390,195"
2019-06-28 12:28:50.000000000,BEST_ASK,"JPM,100406,100"
2019-06-28 12:28:50.000000000,BEST_BID,"JPM,100390,195"
2019-06-28 12:28:50.000000000,BEST_ASK,"JPM,100406,100"
2019-06-28 12:28:50.000000000,BEST_BID,"JPM,100390,195"
2019-06-28 12:28:50.000000000,BEST_ASK,"JPM,100406,100"
2019-06-28 12:28:50.000000000,BEST_BID,"JPM,100390,195"
2019-06-28 12:28:50.000000000,BEST_ASK,"JPM,100406,195"
2019-06-28 12:28:50.000000000,BEST_BID,"JPM,100390,195"
2019-06-28 12:28:50.000000000,BEST_ASK,"JPM,100406,195"
2019-06-28 12:28:50.000000000,BEST_BID,"JPM,100390,195"
2019-06-28 12:28:50.000000000,BEST_ASK,"JPM,100406,195"
2019-06-28 12:29:00.000000000,QUERY_SPREAD,1
2019-06-28 12:29:00.000000000,BEST_BID,"JPM,100390,380"
2019-06-28 12:29:00.000000000,BEST_ASK,"JPM,100406,100"
2019-06-28 12:29:00.000000000,BEST_BID,"JPM,100390,380"
2019-06-28 12:29:00.000000000,BEST_ASK,"JPM,100406,380"
2019-06-28 12:29:00.000000000,QUERY_SPREAD,77
2019-06-28 12:29:00.000000000,BEST_BID,"JPM,100390,379"
2019-06-28 12:29:00.000000000,BEST_ASK,"JPM,100406,380"
2019-06-28 12:29:00.000000000,LAST_TRADE,"1,$100390.0000"
2019-06-28 12:29:00.000000000,QUERY_SPREAD,78
2019-06-28 12:29:00.000000000,BEST_BID,"JPM,100390,375"
2019-06-28 12:29:00.000000000,BEST_ASK,"JPM,100406,380"
2019-06-28 12:29:00.000000000,LAST_TRADE,"4,$100390.0000"
2019-06-28 12:29:00.000000000,QUERY_SPREAD,79
2019-06-28 12:29:00.000000000,BEST_BID,"JPM,100390,369"
2019-06-28 12:29:00.000000000,BEST_ASK,"JPM,100406,380"
2019-06-28 12:29:00.000000000,LAST_TRADE,"6,$100390.0000"
2019-06-28 12:29:00.000000000,QUERY_SPREAD,80
2019-06-28 12:29:00.000000000,BEST_BID,"JPM,100390,364"
2019-06-28 12:29:00.000000000,BEST_ASK,"JPM,100406,380"
2019-06-28 12:29:00.000000000,LAST_TRADE,"5,$100390.0000"
2019-06-28 12:29:00.000000000,QUERY_SPREAD,81
2019-06-28 12:29:00.000000000,BEST_BID,"JPM,100390,356"
2019-06-28 12:29:00.000000000,BEST_ASK,"JPM,100406,380"
2019-06-28 12:29:00.000000000,LAST_TRADE,"8,$100390.0000"
2019-06-28 12:29:00.000000000,QUERY_SPREAD,82
2019-06-28 12:29:00.000000000,BEST_BID,"JPM,100390,348"
2019-06-28 12:29:00.000000000,BEST_ASK,"JPM,100406,380"
2019-06-28 12:29:00.000000000,LAST_TRADE,"8,$100390.0000"
2019-06-28 12:29:00.000000000,QUERY_SPREAD,83
2019-06-28 12:29:00.000000000,BEST_BID,"JPM,100390,346"
2019-06-28 12:29:00.000000000,BEST_ASK,"JPM,100406,380"
2019-06-28 12:29:00.000000000,LAST_TRADE,"2,$100390.0000"
2019-06-28 12:29:00.000000000,QUERY_SPREAD,84
2019-06-28 12:29:00.000000000,BEST_BID,"JPM,100390,345"
2019-06-28 12:29:00.000000000,BEST_ASK,"JPM,100406,380"
2019-06-28 12:29:00.000000000,LAST_TRADE,"1,$100390.0000"
2019-06-28 12:29:00.000000000,QUERY_SPREAD,85
2019-06-28 12:29:00.000000000,BEST_BID,"JPM,100390,344"
2019-06-28 12:29:00.000000000,BEST_ASK,"JPM,100406,380"
2019-06-28 12:29:00.000000000,LAST_TRADE,"1,$100390.0000"
2019-06-28 12:29:00.000000000,QUERY_SPREAD,86
2019-06-28 12:29:00.000000000,BEST_BID,"JPM,100390,338"
2019-06-28 12:29:00.000000000,BEST_ASK,"JPM,100406,380"
2019-06-28 12:29:00.000000000,LAST_TRADE,"6,$100390.0000"
2019-06-28 12:29:00.000000000,QUERY_SPREAD,87
2019-06-28 12:29:00.000000000,BEST_BID,"JPM,100390,335"
2019-06-28 12:29:00.000000000,BEST_ASK,"JPM,100406,380"
2019-06-28 12:29:00.000000000,LAST_TRADE,"3,$100390.0000"
2019-06-28 12:29:00.000000000,QUERY_SPREAD,88
2019-06-28 12:29:00.000000000,BEST_BID,"JPM,100390,331"
2019-06-28 12:29:00.000000000,BEST_ASK,"JPM,100406,380"
2019-06-28 12:29:00.000000000,LAST_TRADE,"4,$100390.0000"
2019-06-28 12:29:00.000000000,QUERY_SPREAD,89
2019-06-28 12:29:00.000000000,BEST_BID,"JPM,100390,327"
2019-06-28 12:29:00.000000000,BEST_ASK,"JPM,100406,380"
2019-06-28 12:29:00.000000000,LAST_TRADE,"4,$100390.0000"
2019-06-28 12:29:00.000000000,QUERY_SPREAD,90
2019-06-28 12:29:00.000000000,BEST_BID,"JPM,100390,320"
2019-06-28 12:29:00.000000000,BEST_ASK,"JPM,100406,380"
2019-06-28 12:29:00.000000000,LAST_TRADE,"7,$100390.0000"
2019-06-28 12:29:00.000000000,QUERY_SPREAD,91
2019-06-28 12:29:00.000000000,BEST_BID,"JPM,100390,312"
2019-06-28 12:29:00.000000000,BEST_ASK,"JPM,100406,380"
2019-06-28 12:29:00.000000000,LAST_TRADE,"8,$100390.0000"
2019-06-28 12:29:00.000000000,QUERY_SPREAD,92
2019-06-28 12:29:00.000000000,BEST_BID,"JPM,100390,307"
2019-06-28 12:29:00.000000000,BEST_ASK,"JPM,100406,380"
2019-06-28 12:29:00.000000000,LAST_TRADE,"5,$100390.0000"
2019-06-28 12:29:00.000000000,QUERY_SPREAD,93
2019-06-28 12:29:00.000000000,BEST_BID,"JPM,100390,304"
2019-06-28 12:29:00.000000000,BEST_ASK,"JPM,100406,380"
2019-06-28 12:29:00.000000000,LAST_TRADE,"3,$100390.0000"
2019-06-28 12:29:00.000000000,QUERY_SPREAD,94
2019-06-28 12:29:00.000000000,BEST_BID,"JPM,100390,300"
2019-06-28 12:29:00.000000000,BEST_ASK,"JPM,100406,380"
2019-06-28 12:29:00.000000000,LAST_TRADE,"4,$100390.0000"
2019-06-28 12:29:00.000000000,QUERY_SPREAD,95
2019-06-28 12:29:00.000000000,BEST_BID,"JPM,100390,295"
2019-06-28 12:29:00.000000000,BEST_ASK,"JPM,100406,380"
2019-06-28 12:29:00.000000000,LAST_TRADE,"5,$100390.0000"
2019-06-28 12:29:00.000000000,QUERY_SPREAD,96
2019-06-28 12:29:00.000000000,BEST_BID,"JPM,100390,294"
2019-06-28 12:29:00.000000000,BEST_ASK,"JPM,100406,380"
2019-06-28 12:29:00.000000000,LAST_TRADE,"1,$100390.0000"
2019-06-28 12:29:00.000000000,QUERY_SPREAD,97
2019-06-28 12:29:00.000000000,BEST_BID,"JPM,100390,287"
2019-06-28 12:29:00.000000000,BEST_ASK,"JPM,100406,380"
2019-06-28 12:29:00.000000000,LAST_TRADE,"7,$100390.0000"
2019-06-28 12:29:00.000000000,QUERY_SPREAD,98
2019-06-28 12:29:00.000000000,BEST_BID,"JPM,100390,281"
2019-06-28 12:29:00.000000000,BEST_ASK,"JPM,100406,380"
2019-06-28 12:29:00.000000000,LAST_TRADE,"6,$100390.0000"
2019-06-28 12:29:00.000000000,QUERY_SPREAD,99
2019-06-28 12:29:00.000000000,BEST_BID,"JPM,100390,276"
2019-06-28 12:29:00.000000000,BEST_ASK,"JPM,100406,380"
2019-06-28 12:29:00.000000000,LAST_TRADE,"5,$100390.0000"
2019-06-28 12:29:00.000000000,QUERY_SPREAD,100
2019-06-28 12:29:00.000000000,BEST_BID,"JPM,100390,269"
2019-06-28 12:29:00.000000000,BEST_ASK,"JPM,100406,380"
2019-06-28 12:29:00.000000000,LAST_TRADE,"7,$100390.0000"
2019-06-28 12:29:00.000000000,QUERY_SPREAD,101
2019-06-28 12:29:00.000000000,QUERY_ORDER_STREAM,101
2019-06-28 12:29:10.000000000,QUERY_SPREAD,1
2019-06-28 12:29:10.000000000,BEST_BID,"JPM,100357,170"
2019-06-28 12:29:10.000000000,BEST_ASK,"JPM,100406,100"
2019-06-28 12:29:10.000000000,BEST_BID,"JPM,100357,170"
2019-06-28 12:29:10.000000000,BEST_ASK,"JPM,100406,100"
2019-06-28 12:29:10.000000000,BEST_BID,"JPM,100357,170"
2019-06-28 12:29:10.000000000,BEST_ASK,"JPM,100406,100"
2019-06-28 12:29:10.000000000,BEST_BID,"JPM,100357,170"
2019-06-28 12:29:10.000000000,BEST_ASK,"JPM,100406,100"
2019-06-28 12:29:10.000000000,BEST_BID,"JPM,100357,170"
2019-06-28 12:29:10.000000000,BEST_ASK,"JPM,100406,170"
2019-06-28 12:29:10.000000000,BEST_BID,"JPM,100357,170"
2019-06-28 12:29:10.000000000,BEST_ASK,"JPM,100406,170"
2019-06-28 12:29:10.000000000,BEST_BID,"JPM,100357,170"
2019-06-28 12:29:10.000000000,BEST_ASK,"JPM,100406,170"
2019-06-28 12:29:10.000000000,BEST_BID,"JPM,100357,170"
2019-06-28 12:29:10.000000000,BEST_ASK,"JPM,100406,170"
2019-06-28 12:29:17.883622914,QUERY_SPREAD,20
2019-06-28 12:29:17.883622914,BEST_BID,"JPM,100357,170"
2019-06-28 12:29:17.883622914,BEST_ASK,"JPM,100406,170"
2019-06-28 12:29:20.000000000,QUERY_SPREAD,1
2019-06-28 12:29:20.000000000,BEST_BID,"JPM,100357,170"
2019-06-28 12:29:20.000000000,BEST_ASK,"JPM,100406,100"
2019-06-28 12:29:20.000000000,BEST_BID,"JPM,100357,170"
2019-06-28 12:29:20.000000000,BEST_ASK,"JPM,100406,100"
2019-06-28 12:29:20.000000000,BEST_BID,"JPM,100357,170"
2019-06-28 12:29:20.000000000,BEST_ASK,"JPM,100406,100"
2019-06-28 12:29:20.000000000,BEST_BID,"JPM,100357,170"
2019-06-28 12:29:20.000000000,BEST_ASK,"JPM,100406,100"
2019-06-28 12:29:20.000000000,BEST_BID,"JPM,100357,170"
2019-06-28 12:29:20.000000000,BEST_ASK,"JPM,100406,170"
2019-06-28 12:29:20.000000000,BEST_BID,"JPM,100357,170"
2019-06-28 12:29:20.000000000,BEST_ASK,"JPM,100406,170"
2019-06-28 12:29:20.000000000,BEST_BID,"JPM,100357,170"
2019-06-28 12:29:20.000000000,BEST_ASK,"JPM,100406,170"
2019-06-28 12:29:20.000000000,BEST_BID,"JPM,100357,170"
2019-06-28 12:29:20.000000000,BEST_ASK,"JPM,100406,170"
2019-06-28 12:29:25.297081595,QUERY_SPREAD,51
2019-06-28 12:29:25.297081595,BEST_BID,"JPM,100385,100"
2019-06-28 12:29:25.297081595,BEST_ASK,"JPM,100406,170"
2019-06-28 12:29:27.101706386,QUERY_SPREAD,2
2019-06-28 12:29:27.101706386,BEST_BID,"JPM,100385,100"
2019-06-28 12:29:27.101706386,BEST_ASK,"JPM,100406,170"
2019-06-28 12:29:29.772282841,QUERY_SPREAD,22
2019-06-28 12:29:29.772282841,BEST_BID,"JPM,100385,100"
2019-06-28 12:29:29.772282841,BEST_ASK,"JPM,100406,170"
2019-06-28 12:29:30.000000000,QUERY_SPREAD,1
2019-06-28 12:29:30.000000000,BEST_BID,"JPM,100385,195"
2019-06-28 12:29:30.000000000,BEST_ASK,"JPM,100406,100"
2019-06-28 12:29:30.000000000,BEST_BID,"JPM,100385,195"
2019-06-28 12:29:30.000000000,BEST_ASK,"JPM,100406,100"
2019-06-28 12:29:30.000000000,BEST_BID,"JPM,100385,195"
2019-06-28 12:29:30.000000000,BEST_ASK,"JPM,100406,100"
2019-06-28 12:29:30.000000000,BEST_BID,"JPM,100385,195"
2019-06-28 12:29:30.000000000,BEST_ASK,"JPM,100406,195"
2019-06-28 12:29:30.000000000,BEST_BID,"JPM,100385,195"
2019-06-28 12:29:30.000000000,BEST_ASK,"JPM,100406,195"
2019-06-28 12:29:30.000000000,BEST_BID,"JPM,100385,195"
2019-06-28 12:29:30.000000000,BEST_ASK,"JPM,100406,195"
2019-06-28 12:29:33.594720760,QUERY_SPREAD,5
2019-06-28 12:29:33.594720760,BEST_BID,"JPM,100385,195"
2019-06-28 12:29:33.594720760,BEST_ASK,"JPM,100406,95"
2019-06-28 12:29:33.594720760,LAST_TRADE,"100,$100406.0000"
2019-06-28 12:29:40.000000000,QUERY_SPREAD,1
2019-06-28 12:29:40.000000000,BEST_BID,"JPM,100385,380"
2019-06-28 12:29:40.000000000,BEST_ASK,"JPM,100442,100"
2019-06-28 12:29:40.000000000,BEST_BID,"JPM,100385,380"
2019-06-28 12:29:40.000000000,BEST_ASK,"JPM,100442,380"
2019-06-28 12:29:50.000000000,QUERY_SPREAD,1
2019-06-28 12:29:50.000000000,BEST_BID,"JPM,100385,195"
2019-06-28 12:29:50.000000000,BEST_ASK,"JPM,100442,100"
2019-06-28 12:29:50.000000000,BEST_BID,"JPM,100385,195"
2019-06-28 12:29:50.000000000,BEST_ASK,"JPM,100442,100"
2019-06-28 12:29:50.000000000,BEST_BID,"JPM,100385,195"
2019-06-28 12:29:50.000000000,BEST_ASK,"JPM,100442,100"
2019-06-28 12:29:50.000000000,BEST_BID,"JPM,100385,195"
2019-06-28 12:29:50.000000000,BEST_ASK,"JPM,100442,195"
2019-06-28 12:29:50.000000000,BEST_BID,"JPM,100385,195"
2019-06-28 12:29:50.000000000,BEST_ASK,"JPM,100442,195"
2019-06-28 12:29:50.000000000,BEST_BID,"JPM,100385,195"
2019-06-28 12:29:50.000000000,BEST_ASK,"JPM,100442,195"
2019-06-28 12:29:55.399274132,QUERY_SPREAD,42
2019-06-28 12:29:55.399274132,BEST_BID,"JPM,100385,195"
2019-06-28 12:29:55.399274132,BEST_ASK,"JPM,100442,195"
2019-06-28 12:29:55.840713597,QUERY_SPREAD,18
2019-06-28 12:29:55.840713597,BEST_BID,"JPM,100385,95"
2019-06-28 12:29:55.840713597,BEST_ASK,"JPM,100442,195"
2019-06-28 12:29:55.840713597,LAST_TRADE,"100,$100385.0000"
2019-06-28 12:29:57.317176477,QUERY_SPREAD,15
2019-06-28 12:29:57.317176477,BEST_BID,"JPM,100385,95"
2019-06-28 12:29:57.317176477,BEST_ASK,"JPM,100442,195"
2019-06-28 12:30:00.000000000,QUERY_SPREAD,1
2019-06-28 12:30:00.000000000,BEST_BID,"JPM,100357,380"
2019-06-28 12:30:00.000000000,BEST_ASK,"JPM,100442,100"
2019-06-28 12:30:00.000000000,BEST_BID,"JPM,100357,380"
2019-06-28 12:30:00.000000000,BEST_ASK,"JPM,100442,380"
2019-06-28 12:30:00.000000000,QUERY_SPREAD,77
2019-06-28 12:30:00.000000000,BEST_BID,"JPM,100357,379"
2019-06-28 12:30:00.000000000,BEST_ASK,"JPM,100442,380"
2019-06-28 12:30:00.000000000,LAST_TRADE,"1,$100357.0000"
2019-06-28 12:30:00.000000000,QUERY_SPREAD,78
2019-06-28 12:30:00.000000000,BEST_BID,"JPM,100357,375"
2019-06-28 12:30:00.000000000,BEST_ASK,"JPM,100442,380"
2019-06-28 12:30:00.000000000,LAST_TRADE,"4,$100357.0000"
2019-06-28 12:30:00.000000000,QUERY_SPREAD,79
2019-06-28 12:30:00.000000000,BEST_BID,"JPM,100357,369"
2019-06-28 12:30:00.000000000,BEST_ASK,"JPM,100442,380"
2019-06-28 12:30:00.000000000,LAST_TRADE,"6,$100357.0000"
2019-06-28 12:30:00.000000000,QUERY_SPREAD,80
2019-06-28 12:30:00.000000000,BEST_BID,"JPM,100357,364"
2019-06-28 12:30:00.000000000,BEST_ASK,"JPM,100442,380"
2019-06-28 12:30:00.000000000,LAST_TRADE,"5,$100357.0000"
2019-06-28 12:30:00.000000000,QUERY_SPREAD,81
2019-06-28 12:30:00.000000000,BEST_BID,"JPM,100357,356"
2019-06-28 12:30:00.000000000,BEST_ASK,"JPM,100442,380"
2019-06-28 12:30:00.000000000,LAST_TRADE,"8,$100357.0000"
2019-06-28 12:30:00.000000000,QUERY_SPREAD,82
2019-06-28 12:30:00.000000000,BEST_BID,"JPM,100357,348"
2019-06-28 12:30:00.000000000,BEST_ASK,"JPM,100442,380"
2019-06-28 12:30:00.000000000,LAST_TRADE,"8,$100357.0000"
2019-06-28 12:30:00.000000000,QUERY_SPREAD,83
2019-06-28 12:30:00.000000000,BEST_BID,"JPM,100357,346"
2019-06-28 12:30:00.000000000,BEST_ASK,"JPM,100442,380"
2019-06-28 12:30:00.000000000,LAST_TRADE,"2,$100357.0000"
2019-06-28 12:30:00.000000000,QUERY_SPREAD,84
2019-06-28 12:30:00.000000000,BEST_BID,"JPM,100357,345"
2019-06-28 12:30:00.000000000,BEST_ASK,"JPM,100442,380"
2019-06-28 12:30:00.000000000,LAST_TRADE,"1,$100357.0000"
2019-06-28 12:30:00.000000000,QUERY_SPREAD,85
2019-06-28 12:30:00.000000000,BEST_BID,"JPM,100357,344"
2019-06-28 12:30:00.000000000,BEST_ASK,"JPM,100442,380"
2019-06-28 12:30:00.000000000,LAST_TRADE,"1,$100357.0000"
2019-06-28 12:30:00.000000000,QUERY_SPREAD,86
2019-06-28 12:30:00.000000000,BEST_BID,"JPM,100357,338"
2019-06-28 12:30:00.000000000,BEST_ASK,"JPM,100442,380"
2019-06-28 12:30:00.000000000,LAST_TRADE,"6,$100357.0000"
2019-06-28 12:30:00.000000000,QUERY_SPREAD,87
2019-06-28 12:30:00.000000000,BEST_BID,"JPM,100357,335"
2019-06-28 12:30:00.000000000,BEST_ASK,"JPM,100442,380"
2019-06-28 12:30:00.000000000,LAST_TRADE,"3,$100357.0000"
2019-06-28 12:30:00.000000000,QUERY_SPREAD,88
2019-06-28 12:30:00.000000000,BEST_BID,"JPM,100357,331"
2019-06-28 12:30:00.000000000,BEST_ASK,"JPM,100442,380"
2019-06-28 12:30:00.000000000,LAST_TRADE,"4,$100357.0000"
2019-06-28 12:30:00.000000000,QUERY_SPREAD,89
2019-06-28 12:30:00.000000000,BEST_BID,"JPM,100357,327"
2019-06-28 12:30:00.000000000,BEST_ASK,"JPM,100442,380"
2019-06-28 12:30:00.000000000,LAST_TRADE,"4,$100357.0000"
2019-06-28 12:30:00.000000000,QUERY_SPREAD,90
2019-06-28 12:30:00.000000000,BEST_BID,"JPM,100357,320"
2019-06-28 12:30:00.000000000,BEST_ASK,"JPM,100442,380"
2019-06-28 12:30:00.000000000,LAST_TRADE,"7,$100357.0000"
2019-06-28 12:30:00.000000000,QUERY_SPREAD,91
2019-06-28 12:30:00.000000000,BEST_BID,"JPM,100357,312"
2019-06-28 12:30:00.000000000,BEST_ASK,"JPM,100442,380"
2019-06-28 12:30:00.000000000,LAST_TRADE,"8,$100357.0000"
2019-06-28 12:30:00.000000000,QUERY_SPREAD,92
2019-06-28 12:30:00.000000000,BEST_BID,"JPM,100357,307"
2019-06-28 12:30:00.000000000,BEST_ASK,"JPM,100442,380"
2019-06-28 12:30:00.000000000,LAST_TRADE,"5,$100357.0000"
2019-06-28 12:30:00.000000000,QUERY_SPREAD,93
2019-06-28 12:30:00.000000000,BEST_BID,"JPM,100357,304"
2019-06-28 12:30:00.000000000,BEST_ASK,"JPM,100442,380"
2019-06-28 12:30:00.000000000,LAST_TRADE,"3,$100357.0000"
2019-06-28 12:30:00.000000000,QUERY_SPREAD,94
2019-06-28 12:30:00.000000000,BEST_BID,"JPM,100357,300"
2019-06-28 12:30:00.000000000,BEST_ASK,"JPM,100442,380"
2019-06-28 12:30:00.000000000,LAST_TRADE,"4,$100357.0000"
2019-06-28 12:30:00.000000000,QUERY_SPREAD,95
2019-06-28 12:30:00.000000000,BEST_BID,"JPM,100357,295"
2019-06-28 12:30:00.000000000,BEST_ASK,"JPM,100442,380"
2019-06-28 12:30:00.000000000,LAST_TRADE,"5,$100357.0000"
2019-06-28 12:30:00.000000000,QUERY_SPREAD,96
2019-06-28 12:30:00.000000000,BEST_BID,"JPM,100357,294"
2019-06-28 12:30:00.000000000,BEST_ASK,"JPM,100442,380"
2019-06-28 12:30:00.000000000,LAST_TRADE,"1,$100357.0000"
2019-06-28 12:30:00.000000000,QUERY_SPREAD,97
2019-06-28 12:30:00.000000000,BEST_BID,"JPM,100357,287"
2019-06-28 12:30:00.000000000,BEST_ASK,"JPM,100442,380"
2019-06-28 12:30:00.000000000,LAST_TRADE,"7,$100357.0000"
2019-06-28 12:30:00.000000000,QUERY_SPREAD,98
2019-06-28 12:30:00.000000000,BEST_BID,"JPM,100357,281"
2019-06-28 12:30:00.000000000,BEST_ASK,"JPM,100442,380"
2019-06-28 12:30:00.000000000,LAST_TRADE,"6,$100357.0000"
2019-06-28 12:30:00.000000000,QUERY_SPREAD,99
2019-06-28 12:30:00.000000000,BEST_BID,"JPM,100357,276"
2019-06-28 12:30:00.000000000,BEST_ASK,"JPM,100442,380"
2019-06-28 12:30:00.000000000,LAST_TRADE,"5,$100357.0000"
2019-06-28 12:30:00.000000000,QUERY_SPREAD,100
2019-06-28 12:30:00.000000000,BEST_BID,"JPM,100357,269"
2019-06-28 12:30:00.000000000,BEST_ASK,"JPM,100442,380"
2019-06-28 12:30:00.000000000,LAST_TRADE,"7,$100357.0000"
2019-06-28 12:30:00.000000000,QUERY_SPREAD,101
2019-06-28 12:30:00.000000000,QUERY_ORDER_STREAM,101
2019-06-28 12:30:03.650486874,QUERY_SPREAD,4
2019-06-28 12:30:03.650486874,BEST_BID,"JPM,100357,269"
2019-06-28 12:30:03.650486874,BEST_ASK,"JPM,100442,380"
2019-06-28 12:30:10.000000000,QUERY_SPREAD,1
2019-06-28 12:30:10.000000000,BEST_BID,"JPM,100353,156"
2019-06-28 12:30:10.000000000,BEST_ASK,"JPM,100442,100"
2019-06-28 12:30:10.000000000,BEST_BID,"JPM,100353,156"
2019-06-28 12:30:10.000000000,BEST_ASK,"JPM,100442,100"
2019-06-28 12:30:10.000000000,BEST_BID,"JPM,100353,156"
2019-06-28 12:30:10.000000000,BEST_ASK,"JPM,100442,100"
2019-06-28 12:30:10.000000000,BEST_BID,"JPM,100353,156"
2019-06-28 12:30:10.000000000,BEST_ASK,"JPM,100442,100"
2019-06-28 12:30:10.000000000,BEST_BID,"JPM,100353,156"
2019-06-28 12:30:10.000000000,BEST_ASK,"JPM,100442,100"
2019-06-28 12:30:10.000000000,BEST_BID,"JPM,100353,156"
2019-06-28 12:30:10.000000000,BEST_ASK,"JPM,100442,156"
2019-06-28 12:30:10.000000000,BEST_BID,"JPM,100353,156"
2019-06-28 12:30:10.000000000,BEST_ASK,"JPM,100442,156"
2019-06-28 12:30:10.000000000,BEST_BID,"JPM,100353,156"
2019-06-28 12:30:10.000000000,BEST_ASK,"JPM,100442,156"
2019-06-28 12:30:10.000000000,BEST_BID,"JPM,100353,156"
2019-06-28 12:30:10.000000000,BEST_ASK,"JPM,100442,156"
2019-06-28 12:30:10.000000000,BEST_BID,"JPM,100353,156"
2019-06-28 12:30:10.000000000,BEST_ASK,"JPM,100442,156"
2019-06-28 12:30:20.000000000,QUERY_SPREAD,1
2019-06-28 12:30:20.000000000,BEST_BID,"JPM,100353,170"
2019-06-28 12:30:20.000000000,BEST_ASK,"JPM,100442,100"
2019-06-28 12:30:20.000000000,BEST_BID,"JPM,100353,170"
2019-06-28 12:30:20.000000000,BEST_ASK,"JPM,100442,100"
2019-06-28 12:30:20.000000000,BEST_BID,"JPM,100353,170"
2019-06-28 12:30:20.000000000,BEST_ASK,"JPM,100442,100"
2019-06-28 12:30:20.000000000,BEST_BID,"JPM,100353,170"
2019-06-28 12:30:20.000000000,BEST_ASK,"JPM,100442,100"
2019-06-28 12:30:20.000000000,BEST_BID,"JPM,100353,170"
2019-06-28 12:30:20.000000000,BEST_ASK,"JPM,100442,170"
2019-06-28 12:30:20.000000000,BEST_BID,"JPM,100353,170"
2019-06-28 12:30:20.000000000,BEST_ASK,"JPM,100442,170"
2019-06-28 12:30:20.000000000,BEST_BID,"JPM,100353,170"
2019-06-28 12:30:20.000000000,BEST_ASK,"JPM,100442,170"
2019-06-28 12:30:20.000000000,BEST_BID,"JPM,100353,170"
2019-06-28 12:30:20.000000000,BEST_ASK,"JPM,100442,170"
2019-06-28 12:30:30.000000000,QUERY_SPREAD,1
2019-06-28 12:30:30.000000000,BEST_BID,"JPM,100353,195"
2019-06-28 12:30:30.000000000,BEST_ASK,"JPM,100442,100"
2019-06-28 12:30:30.000000000,BEST_BID,"JPM,100353,195"
2019-06-28 12:30:30.000000000,BEST_ASK,"JPM,100442,100"
2019-06-28 12:30:30.000000000,BEST_BID,"JPM,100353,195"
2019-06-28 12:30:30.000000000,BEST_ASK,"JPM,100442,100"
2019-06-28 12:30:30.000000000,BEST_BID,"JPM,100353,195"
2019-06-28 12:30:30.000000000,BEST_ASK,"JPM,100442,195"
2019-06-28 12:30:30.000000000,BEST_BID,"JPM,100353,195"
2019-06-28 12:30:30.000000000,BEST_ASK,"JPM,100442,195"
2019-06-28 12:30:30.000000000,BEST_BID,"JPM,100353,195"
2019-06-28 12:30:30.000000000,BEST_ASK,"JPM,100442,195"
2019-06-28 12:30:31.107883068,QUERY_SPREAD,28
2019-06-28 12:30:31.107883068,BEST_BID,"JPM,100353,95"
2019-06-28 12:30:31.107883068,BEST_ASK,"JPM,100442,195"
2019-06-28 12:30:31.107883068,LAST_TRADE,"100,$100353.0000"
2019-06-28 12:30:40.000000000,QUERY_SPREAD,1
2019-06-28 12:30:40.000000000,BEST_BID,"JPM,100316,156"
2019-06-28 12:30:40.000000000,BEST_ASK,"JPM,100442,100"
2019-06-28 12:30:40.000000000,BEST_BID,"JPM,100316,156"
2019-06-28 12:30:40.000000000,BEST_ASK,"JPM,100442,100"
2019-06-28 12:30:40.000000000,BEST_BID,"JPM,100316,156"
2019-06-28 12:30:40.000000000,BEST_ASK,"JPM,100442,100"
2019-06-28 12:30:40.000000000,BEST_BID,"JPM,100316,156"
2019-06-28 12:30:40.000000000,BEST_ASK,"JPM,100442,100"
2019-06-28 12:30:40.000000000,BEST_BID,"JPM,100316,156"
2019-06-28 12:30:40.000000000,BEST_ASK,"JPM,100442,100"
2019-06-28 12:30:40.000000000,BEST_BID,"JPM,100316,156"
2019-06-28 12:30:40.000000000,BEST_ASK,"JPM,100442,156"
2019-06-28 12:30:40.000000000,BEST_BID,"JPM,100316,156"
2019-06-28 12:30:40.000000000,BEST_ASK,"JPM,100442,156"
2019-06-28 12:30:40.000000000,BEST_BID,"JPM,100316,156"
2019-06-28 12:30:40.000000000,BEST_ASK,"JPM,100442,156"
2019-06-28 12:30:40.000000000,BEST_BID,"JPM,100316,156"
2019-06-28 12:30:40.000000000,BEST_ASK,"JPM,100442,156"
2019-06-28 12:30:40.000000000,BEST_BID,"JPM,100316,156"
2019-06-28 12:30:40.000000000,BEST_ASK,"JPM,100442,156"
2019-06-28 12:30:43.541149237,QUERY_SPREAD,9
2019-06-28 12:30:43.541149237,BEST_BID,"JPM,100316,56"
2019-06-28 12:30:43.541149237,BEST_ASK,"JPM,100442,156"
2019-06-28 12:30:43.541149237,LAST_TRADE,"100,$100316.0000"
2019-06-28 12:30:50.000000000,QUERY_SPREAD,1
2019-06-28 12:30:50.000000000,BEST_BID,"JPM,100296,195"
2019-06-28 12:30:50.000000000,BEST_ASK,"JPM,100442,100"
2019-06-28 12:30:50.000000000,BEST_BID,"JPM,100296,195"
2019-06-28 12:30:50.000000000,BEST_ASK,"JPM,100442,100"
2019-06-28 12:30:50.000000000,BEST_BID,"JPM,100296,195"
2019-06-28 12:30:50.000000000,BEST_ASK,"JPM,100442,100"
2019-06-28 12:30:50.000000000,BEST_BID,"JPM,100296,195"
2019-06-28 12:30:50.000000000,BEST_ASK,"JPM,100442,195"
2019-06-28 12:30:50.000000000,BEST_BID,"JPM,100296,195"
2019-06-28 12:30:50.000000000,BEST_ASK,"JPM,100442,195"
2019-06-28 12:30:50.000000000,BEST_BID,"JPM,100296,195"
2019-06-28 12:30:50.000000000,BEST_ASK,"JPM,100442,195"
2019-06-28 12:31:00.000000000,QUERY_SPREAD,1
2019-06-28 12:31:00.000000000,BEST_BID,"JPM,100296,380"
2019-06-28 12:31:00.000000000,BEST_ASK,"JPM,100442,100"
2019-06-28 12:31:00.000000000,BEST_BID,"JPM,100296,380"
2019-06-28 12:31:00.000000000,BEST_ASK,"JPM,100442,380"
2019-06-28 12:31:00.000000000,QUERY_SPREAD,77
2019-06-28 12:31:00.000000000,BEST_BID,"JPM,100296,379"
2019-06-28 12:31:00.000000000,BEST_ASK,"JPM,100442,380"
2019-06-28 12:31:00.000000000,LAST_TRADE,"1,$100296.0000"
2019-06-28 12:31:00.000000000,QUERY_SPREAD,78
2019-06-28 12:31:00.000000000,BEST_BID,"JPM,100296,375"
2019-06-28 12:31:00.000000000,BEST_ASK,"JPM,100442,380"
2019-06-28 12:31:00.000000000,LAST_TRADE,"4,$100296.0000"
2019-06-28 12:31:00.000000000,QUERY_SPREAD,79
2019-06-28 12:31:00.000000000,BEST_BID,"JPM,100296,369"
2019-06-28 12:31:00.000000000,BEST_ASK,"JPM,100442,380"
2019-06-28 12:31:00.000000000,LAST_TRADE,"6,$100296.0000"
2019-06-28 12:31:00.000000000,QUERY_SPREAD,80
2019-06-28 12:31:00.000000000,BEST_BID,"JPM,100296,364"
2019-06-28 12:31:00.000000000,BEST_ASK,"JPM,100442,380"
2019-06-28 12:31:00.000000000,LAST_TRADE,"5,$100296.0000"
2019-06-28 12:31:00.000000000,QUERY_SPREAD,81
2019-06-28 12:31:00.000000000,BEST_BID,"JPM,100296,356"
2019-06-28 12:31:00.000000000,BEST_ASK,"JPM,100442,380"
2019-06-28 12:31:00.000000000,LAST_TRADE,"8,$100296.0000"
2019-06-28 12:31:00.000000000,QUERY_SPREAD,82
2019-06-28 12:31:00.000000000,BEST_BID,"JPM,100296,348"
2019-06-28 12:31:00.000000000,BEST_ASK,"JPM,100442,380"
2019-06-28 12:31:00.000000000,LAST_TRADE,"8,$100296.0000"
2019-06-28 12:31:00.000000000,QUERY_SPREAD,83
2019-06-28 12:31:00.000000000,BEST_BID,"JPM,100296,346"
2019-06-28 12:31:00.000000000,BEST_ASK,"JPM,100442,380"
2019-06-28 12:31:00.000000000,LAST_TRADE,"2,$100296.0000"
2019-06-28 12:31:00.000000000,QUERY_SPREAD,84
2019-06-28 12:31:00.000000000,BEST_BID,"JPM,100296,345"
2019-06-28 12:31:00.000000000,BEST_ASK,"JPM,100442,380"
2019-06-28 12:31:00.000000000,LAST_TRADE,"1,$100296.0000"
2019-06-28 12:31:00.000000000,QUERY_SPREAD,85
2019-06-28 12:31:00.000000000,BEST_BID,"JPM,100296,344"
2019-06-28 12:31:00.000000000,BEST_ASK,"JPM,100442,380"
2019-06-28 12:31:00.000000000,LAST_TRADE,"1,$100296.0000"
2019-06-28 12:31:00.000000000,QUERY_SPREAD,86
2019-06-28 12:31:00.000000000,BEST_BID,"JPM,100296,338"
2019-06-28 12:31:00.000000000,BEST_ASK,"JPM,100442,380"
2019-06-28 12:31:00.000000000,LAST_TRADE,"6,$100296.0000"
2019-06-28 12:31:00.000000000,QUERY_SPREAD,87
2019-06-28 12:31:00.000000000,BEST_BID,"JPM,100296,335"
2019-06-28 12:31:00.000000000,BEST_ASK,"JPM,100442,380"
2019-06-28 12:31:00.000000000,LAST_TRADE,"3,$100296.0000"
2019-06-28 12:31:00.000000000,QUERY_SPREAD,88
2019-06-28 12:31:00.000000000,BEST_BID,"JPM,100296,331"
2019-06-28 12:31:00.000000000,BEST_ASK,"JPM,100442,380"
2019-06-28 12:31:00.000000000,LAST_TRADE,"4,$100296.0000"
2019-06-28 12:31:00.000000000,QUERY_SPREAD,89
2019-06-28 12:31:00.000000000,BEST_BID,"JPM,100296,327"
2019-06-28 12:31:00.000000000,BEST_ASK,"JPM,100442,380"
2019-06-28 12:31:00.000000000,LAST_TRADE,"4,$100296.0000"
2019-06-28 12:31:00.000000000,QUERY_SPREAD,90
2019-06-28 12:31:00.000000000,BEST_BID,"JPM,100296,320"
2019-06-28 12:31:00.000000000,BEST_ASK,"JPM,100442,380"
2019-06-28 12:31:00.000000000,LAST_TRADE,"7,$100296.0000"
2019-06-28 12:31:00.000000000,QUERY_SPREAD,91
2019-06-28 12:31:00.000000000,BEST_BID,"JPM,100296,312"
2019-06-28 12:31:00.000000000,BEST_ASK,"JPM,100442,380"
2019-06-28 12:31:00.000000000,LAST_TRADE,"8,$100296.0000"
2019-06-28 12:31:00.000000000,QUERY_SPREAD,92
2019-06-28 12:31:00.000000000,BEST_BID,"JPM,100296,307"
2019-06-28 12:31:00.000000000,BEST_ASK,"JPM,100442,380"
2019-06-28 12:31:00.000000000,LAST_TRADE,"5,$100296.0000"
2019-06-28 12:31:00.000000000,QUERY_SPREAD,93
2019-06-28 12:31:00.000000000,BEST_BID,"JPM,100296,304"
2019-06-28 12:31:00.000000000,BEST_ASK,"JPM,100442,380"
2019-06-28 12:31:00.000000000,LAST_TRADE,"3,$100296.0000"
2019-06-28 12:31:00.000000000,QUERY_SPREAD,94
2019-06-28 12:31:00.000000000,BEST_BID,"JPM,100296,300"
2019-06-28 12:31:00.000000000,BEST_ASK,"JPM,100442,380"
2019-06-28 12:31:00.000000000,LAST_TRADE,"4,$100296.0000"
2019-06-28 12:31:00.000000000,QUERY_SPREAD,95
2019-06-28 12:31:00.000000000,BEST_BID,"JPM,100296,295"
2019-06-28 12:31:00.000000000,BEST_ASK,"JPM,100442,380"
2019-06-28 12:31:00.000000000,LAST_TRADE,"5,$100296.0000"
2019-06-28 12:31:00.000000000,QUERY_SPREAD,96
2019-06-28 12:31:00.000000000,BEST_BID,"JPM,100296,294"
2019-06-28 12:31:00.000000000,BEST_ASK,"JPM,100442,380"
2019-06-28 12:31:00.000000000,LAST_TRADE,"1,$100296.0000"
2019-06-28 12:31:00.000000000,QUERY_SPREAD,97
2019-06-28 12:31:00.000000000,BEST_BID,"JPM,100296,287"
2019-06-28 12:31:00.000000000,BEST_ASK,"JPM,100442,380"
2019-06-28 12:31:00.000000000,LAST_TRADE,"7,$100296.0000"
2019-06-28 12:31:00.000000000,QUERY_SPREAD,98
2019-06-28 12:31:00.000000000,BEST_BID,"JPM,100296,281"
2019-06-28 12:31:00.000000000,BEST_ASK,"JPM,100442,380"
2019-06-28 12:31:00.000000000,LAST_TRADE,"6,$100296.0000"
2019-06-28 12:31:00.000000000,QUERY_SPREAD,99
2019-06-28 12:31:00.000000000,BEST_BID,"JPM,100296,276"
2019-06-28 12:31:00.000000000,BEST_ASK,"JPM,100442,380"
2019-06-28 12:31:00.000000000,LAST_TRADE,"5,$100296.0000"
2019-06-28 12:31:00.000000000,QUERY_SPREAD,100
2019-06-28 12:31:00.000000000,BEST_BID,"JPM,100296,269"
2019-06-28 12:31:00.000000000,BEST_ASK,"JPM,100442,380"
2019-06-28 12:31:00.000000000,LAST_TRADE,"7,$100296.0000"
2019-06-28 12:31:00.000000000,QUERY_SPREAD,101
2019-06-28 12:31:00.000000000,QUERY_ORDER_STREAM,101
2019-06-28 12:31:02.317051848,QUERY_SPREAD,23
2019-06-28 12:31:02.317051848,BEST_BID,"JPM,100296,269"
2019-06-28 12:31:02.317051848,BEST_ASK,"JPM,100442,380"
2019-06-28 12:31:10.000000000,QUERY_SPREAD,1
2019-06-28 12:31:10.000000000,BEST_BID,"JPM,100219,380"
2019-06-28 12:31:10.000000000,BEST_ASK,"JPM,100442,100"
2019-06-28 12:31:10.000000000,BEST_BID,"JPM,100219,380"
2019-06-28 12:31:10.000000000,BEST_ASK,"JPM,100442,380"
2019-06-28 12:31:10.701287370,QUERY_SPREAD,30
2019-06-28 12:31:10.701287370,BEST_BID,"JPM,100219,380"
2019-06-28 12:31:10.701287370,BEST_ASK,"JPM,100442,380"
2019-06-28 12:31:17.452288270,QUERY_SPREAD,10
2019-06-28 12:31:17.452288270,BEST_BID,"JPM,100219,380"
2019-06-28 12:31:17.452288270,BEST_ASK,"JPM,100442,380"
2019-06-28 12:31:20.000000000,QUERY_SPREAD,1
2019-06-28 12:31:20.000000000,BEST_BID,"JPM,100219,156"
2019-06-28 12:31:20.000000000,BEST_ASK,"JPM,100442,100"
2019-06-28 12:31:20.000000000,BEST_BID,"JPM,100219,156"
2019-06-28 12:31:20.000000000,BEST_ASK,"JPM,100442,100"
2019-06-28 12:31:20.000000000,BEST_BID,"JPM,100219,156"
2019-06-28 12:31:20.000000000,BEST_ASK,"JPM,100442,100"
2019-06-28 12:31:20.000000000,BEST_BID,"JPM,100219,156"
2019-06-28 12:31:20.000000000,BEST_ASK,"JPM,100442,100"
2019-06-28 12:31:20.000000000,BEST_BID,"JPM,100219,156"
2019-06-28 12:31:20.000000000,BEST_ASK,"JPM,100442,100"
2019-06-28 12:31:20.000000000,BEST_BID,"JPM,100219,156"
2019-06-28 12:31:20.000000000,BEST_ASK,"JPM,100442,156"
2019-06-28 12:31:20.000000000,BEST_BID,"JPM,100219,156"
2019-06-28 12:31:20.000000000,BEST_ASK,"JPM,100442,156"
2019-06-28 12:31:20.000000000,BEST_BID,"JPM,100219,156"
2019-06-28 12:31:20.000000000,BEST_ASK,"JPM,100442,156"
2019-06-28 12:31:20.000000000,BEST_BID,"JPM,100219,156"
2019-06-28 12:31:20.000000000,BEST_ASK,"JPM,100442,156"
2019-06-28 12:31:20.000000000,BEST_BID,"JPM,100219,156"
2019-06-28 12:31:20.000000000,BEST_ASK,"JPM,100442,156"
2019-06-28 12:31:27.325776177,QUERY_SPREAD,50
2019-06-28 12:31:27.325776177,BEST_BID,"JPM,100419,100"
2019-06-28 12:31:27.325776177,BEST_ASK,"JPM,100442,156"
2019-06-28 12:31:27.596933968,QUERY_SPREAD,12
2019-06-28 12:31:27.596933968,BEST_BID,"JPM,100419,100"
2019-06-28 12:31:27.596933968,BEST_ASK,"JPM,100442,156"
2019-06-28 12:31:30.000000000,QUERY_SPREAD,1
2019-06-28 12:31:30.000000000,BEST_BID,"JPM,100419,195"
2019-06-28 12:31:30.000000000,BEST_ASK,"JPM,100442,100"
2019-06-28 12:31:30.000000000,BEST_BID,"JPM,100419,195"
2019-06-28 12:31:30.000000000,BEST_ASK,"JPM,100442,100"
2019-06-28 12:31:30.000000000,BEST_BID,"JPM,100419,195"
2019-06-28 12:31:30.000000000,BEST_ASK,"JPM,100442,100"
2019-06-28 12:31:30.000000000,BEST_BID,"JPM,100419,195"
2019-06-28 12:31:30.000000000,BEST_ASK,"JPM,100442,195"
2019-06-28 12:31:30.000000000,BEST_BID,"JPM,100419,195"
2019-06-28 12:31:30.000000000,BEST_ASK,"JPM,100442,195"
2019-06-28 12:31:30.000000000,BEST_BID,"JPM,100419,195"
2019-06-28 12:31:30.000000000,BEST_ASK,"JPM,100442,195"
2019-06-28 12:31:33.258360754,QUERY_SPREAD,43
2019-06-28 12:31:33.258360754,BEST_BID,"JPM,100419,195"
2019-06-28 12:31:33.258360754,BEST_ASK,"JPM,100442,195"
2019-06-28 12:31:39.547314371,QUERY_SPREAD,3
2019-06-28 12:31:39.547314371,BEST_BID,"JPM,100419,195"
2019-06-28 12:31:39.547314371,BEST_ASK,"JPM,100442,195"
2019-06-28 12:31:40.000000000,QUERY_SPREAD,1
2019-06-28 12:31:40.000000000,BEST_BID,"JPM,100419,240"
2019-06-28 12:31:40.000000000,BEST_ASK,"JPM,100442,100"
2019-06-28 12:31:40.000000000,BEST_BID,"JPM,100419,240"
2019-06-28 12:31:40.000000000,BEST_ASK,"JPM,100442,100"
2019-06-28 12:31:40.000000000,BEST_BID,"JPM,100419,240"
2019-06-28 12:31:40.000000000,BEST_ASK,"JPM,100442,240"
2019-06-28 12:31:40.000000000,BEST_BID,"JPM,100419,240"
2019-06-28 12:31:40.000000000,BEST_ASK,"JPM,100442,240"
2019-06-28 12:31:45.968530648,QUERY_SPREAD,39
2019-06-28 12:31:45.968530648,BEST_BID,"JPM,100419,240"
2019-06-28 12:31:45.968530648,BEST_ASK,"JPM,100442,140"
2019-06-28 12:31:45.968530648,LAST_TRADE,"100,$100442.0000"
2019-06-28 12:31:50.000000000,QUERY_SPREAD,1
2019-06-28 12:31:50.000000000,BEST_BID,"JPM,100419,170"
2019-06-28 12:31:50.000000000,BEST_ASK,"JPM,100492,100"
2019-06-28 12:31:50.000000000,BEST_BID,"JPM,100419,170"
2019-06-28 12:31:50.000000000,BEST_ASK,"JPM,100492,100"
2019-06-28 12:31:50.000000000,BEST_BID,"JPM,100419,170"
2019-06-28 12:31:50.000000000,BEST_ASK,"JPM,100492,100"
2019-06-28 12:31:50.000000000,BEST_BID,"JPM,100419,170"
2019-06-28 12:31:50.000000000,BEST_ASK,"JPM,100492,100"
2019-06-28 12:31:50.000000000,BEST_BID,"JPM,100419,170"
2019-06-28 12:31:50.000000000,BEST_ASK,"JPM,100492,170"
2019-06-28 12:31:50.000000000,BEST_BID,"JPM,100419,170"
2019-06-28 12:31:50.000000000,BEST_ASK,"JPM,100492,170"
2019-06-28 12:31:50.000000000,BEST_BID,"JPM,100419,170"
2019-06-28 12:31:50.000000000,BEST_ASK,"JPM,100492,170"
2019-06-28 12:31:50.000000000,BEST_BID,"JPM,100419,170"
2019-06-28 12:31:50.000000000,BEST_ASK,"JPM,100492,170"
2019-06-28 12:31:53.225274339,QUERY_ORDER_STREAM,58
2019-06-28 12:31:53.225274339,QUERY_SPREAD,58
2019-06-28 12:32:00.000000000,QUERY_SPREAD,1
2019-06-28 12:32:00.000000000,BEST_BID,"JPM,100419,156"
2019-06-28 12:32:00.000000000,BEST_ASK,"JPM,100492,100"
2019-06-28 12:32:00.000000000,BEST_BID,"JPM,100419,156"
2019-06-28 12:32:00.000000000,BEST_ASK,"JPM,100492,100"
2019-06-28 12:32:00.000000000,BEST_BID,"JPM,100419,156"
2019-06-28 12:32:00.000000000,BEST_ASK,"JPM,100492,100"
2019-06-28 12:32:00.000000000,BEST_BID,"JPM,100419,156"
2019-06-28 12:32:00.000000000,BEST_ASK,"JPM,100492,100"
2019-06-28 12:32:00.000000000,BEST_BID,"JPM,100419,156"
2019-06-28 12:32:00.000000000,BEST_ASK,"JPM,100492,100"
2019-06-28 12:32:00.000000000,BEST_BID,"JPM,100419,156"
2019-06-28 12:32:00.000000000,BEST_ASK,"JPM,100492,156"
2019-06-28 12:32:00.000000000,BEST_BID,"JPM,100419,156"
2019-06-28 12:32:00.000000000,BEST_ASK,"JPM,100492,156"
2019-06-28 12:32:00.000000000,BEST_BID,"JPM,100419,156"
2019-06-28 12:32:00.000000000,BEST_ASK,"JPM,100492,156"
2019-06-28 12:32:00.000000000,BEST_BID,"JPM,100419,156"
2019-06-28 12:32:00.000000000,BEST_ASK,"JPM,100492,156"
2019-06-28 12:32:00.000000000,BEST_BID,"JPM,100419,156"
2019-06-28 12:32:00.000000000,BEST_ASK,"JPM,100492,156"
2019-06-28 12:32:00.000000000,QUERY_SPREAD,77
2019-06-28 12:32:00.000000000,BEST_BID,"JPM,100419,155"
2019-06-28 12:32:00.000000000,BEST_ASK,"JPM,100492,156"
2019-06-28 12:32:00.000000000,LAST_TRADE,"1,$100419.0000"
2019-06-28 12:32:00.000000000,QUERY_SPREAD,78
2019-06-28 12:32:00.000000000,BEST_BID,"JPM,100419,151"
2019-06-28 12:32:00.000000000,BEST_ASK,"JPM,100492,156"
2019-06-28 12:32:00.000000000,LAST_TRADE,"4,$100419.0000"
2019-06-28 12:32:00.000000000,QUERY_SPREAD,79
2019-06-28 12:32:00.000000000,BEST_BID,"JPM,100419,145"
2019-06-28 12:32:00.000000000,BEST_ASK,"JPM,100492,156"
2019-06-28 12:32:00.000000000,LAST_TRADE,"6,$100419.0000"
2019-06-28 12:32:00.000000000,QUERY_SPREAD,80
2019-06-28 12:32:00.000000000,BEST_BID,"JPM,100419,140"
2019-06-28 12:32:00.000000000,BEST_ASK,"JPM,100492,156"
2019-06-28 12:32:00.000000000,LAST_TRADE,"5,$100419.0000"
2019-06-28 12:32:00.000000000,QUERY_SPREAD,81
2019-06-28 12:32:00.000000000,BEST_BID,"JPM,100419,132"
2019-06-28 12:32:00.000000000,BEST_ASK,"JPM,100492,156"
2019-06-28 12:32:00.000000000,LAST_TRADE,"8,$100419.0000"
2019-06-28 12:32:00.000000000,QUERY_SPREAD,82
2019-06-28 12:32:00.000000000,BEST_BID,"JPM,100419,124"
2019-06-28 12:32:00.000000000,BEST_ASK,"JPM,100492,156"
2019-06-28 12:32:00.000000000,LAST_TRADE,"8,$100419.0000"
2019-06-28 12:32:00.000000000,QUERY_SPREAD,83
2019-06-28 12:32:00.000000000,BEST_BID,"JPM,100419,122"
2019-06-28 12:32:00.000000000,BEST_ASK,"JPM,100492,156"
2019-06-28 12:32:00.000000000,LAST_TRADE,"2,$100419.0000"
2019-06-28 12:32:00.000000000,QUERY_SPREAD,84
2019-06-28 12:32:00.000000000,BEST_BID,"JPM,100419,121"
2019-06-28 12:32:00.000000000,BEST_ASK,"JPM,100492,156"
2019-06-28 12:32:00.000000000,LAST_TRADE,"1,$100419.0000"
2019-06-28 12:32:00.000000000,QUERY_SPREAD,85
2019-06-28 12:32:00.000000000,BEST_BID,"JPM,100419,120"
2019-06-28 12:32:00.000000000,BEST_ASK,"JPM,100492,156"
2019-06-28 12:32:00.000000000,LAST_TRADE,"1,$100419.0000"
2019-06-28 12:32:00.000000000,QUERY_SPREAD,86
2019-06-28 12:32:00.000000000,BEST_BID,"JPM,100419,114"
2019-06-28 12:32:00.000000000,BEST_ASK,"JPM,100492,156"
2019-06-28 12:32:00.000000000,LAST_TRADE,"6,$100419.0000"
2019-06-28 12:32:00.000000000,QUERY_SPREAD,87
2019-06-28 12:32:00.000000000,BEST_BID,"JPM,100419,111"
2019-06-28 12:32:00.000000000,BEST_ASK,"JPM,100492,156"
2019-06-28 12:32:00.000000000,LAST_TRADE,"3,$100419.0000"
2019-06-28 12:32:00.000000000,QUERY_SPREAD,88
2019-06-28 12:32:00.000000000,BEST_BID,"JPM,100419,107"
2019-06-28 12:32:00.000000000,BEST_ASK,"JPM,100492,156"
2019-06-28 12:32:00.000000000,LAST_TRADE,"4,$100419.0000"
2019-06-28 12:32:00.000000000,QUERY_SPREAD,89
2019-06-28 12:32:00.000000000,BEST_BID,"JPM,100419,103"
2019-06-28 12:32:00.000000000,BEST_ASK,"JPM,100492,156"
2019-06-28 12:32:00.000000000,LAST_TRADE,"4,$100419.0000"
2019-06-28 12:32:00.000000000,QUERY_SPREAD,90
2019-06-28 12:32:00.000000000,BEST_BID,"JPM,100419,96"
2019-06-28 12:32:00.000000000,BEST_ASK,"JPM,100492,156"
2019-06-28 12:32:00.000000000,LAST_TRADE,"7,$100419.0000"
2019-06-28 12:32:00.000000000,QUERY_SPREAD,91
2019-06-28 12:32:00.000000000,BEST_BID,"JPM,100419,88"
2019-06-28 12:32:00.000000000,BEST_ASK,"JPM,100492,156"
2019-06-28 12:32:00.000000000,LAST_TRADE,"8,$100419.0000"
2019-06-28 12:32:00.000000000,QUERY_SPREAD,92
2019-06-28 12:32:00.000000000,BEST_BID,"JPM,100419,83"
2019-06-28 12:32:00.000000000,BEST_ASK,"JPM,100492,156"
2019-06-28 12:32:00.000000000,LAST_TRADE,"5,$100419.0000"
2019-06-28 12:32:00.000000000,QUERY_SPREAD,93
2019-06-28 12:32:00.000000000,BEST_BID,"JPM,100419,80"
2019-06-28 12:32:00.000000000,BEST_ASK,"JPM,100492,156"
2019-06-28 12:32:00.000000000,LAST_TRADE,"3,$100419.0000"
2019-06-28 12:32:00.000000000,QUERY_SPREAD,94
2019-06-28 12:32:00.000000000,BEST_BID,"JPM,100419,76"
2019-06-28 12:32:00.000000000,BEST_ASK,"JPM,100492,156"
2019-06-28 12:32:00.000000000,LAST_TRADE,"4,$100419.0000"
2019-06-28 12:32:00.000000000,QUERY_SPREAD,95
2019-06-28 12:32:00.000000000,BEST_BID,"JPM,100419,71"
2019-06-28 12:32:00.000000000,BEST_ASK,"JPM,100492,156"
2019-06-28 12:32:00.000000000,LAST_TRADE,"5,$100419.0000"
2019-06-28 12:32:00.000000000,QUERY_SPREAD,96
2019-06-28 12:32:00.000000000,BEST_BID,"JPM,100419,70"
2019-06-28 12:32:00.000000000,BEST_ASK,"JPM,100492,156"
2019-06-28 12:32:00.000000000,LAST_TRADE,"1,$100419.0000"
2019-06-28 12:32:00.000000000,QUERY_SPREAD,97
2019-06-28 12:32:00.000000000,BEST_BID,"JPM,100419,63"
2019-06-28 12:32:00.000000000,BEST_ASK,"JPM,100492,156"
2019-06-28 12:32:00.000000000,LAST_TRADE,"7,$100419.0000"
2019-06-28 12:32:00.000000000,QUERY_SPREAD,98
2019-06-28 12:32:00.000000000,BEST_BID,"JPM,100419,57"
2019-06-28 12:32:00.000000000,BEST_ASK,"JPM,100492,156"
2019-06-28 12:32:00.000000000,LAST_TRADE,"6,$100419.0000"
2019-06-28 12:32:00.000000000,QUERY_SPREAD,99
2019-06-28 12:32:00.000000000,BEST_BID,"JPM,100419,52"
2019-06-28 12:32:00.000000000,BEST_ASK,"JPM,100492,156"
2019-06-28 12:32:00.000000000,LAST_TRADE,"5,$100419.0000"
2019-06-28 12:32:00.000000000,QUERY_SPREAD,100
2019-06-28 12:32:00.000000000,BEST_BID,"JPM,100419,45"
2019-06-28 12:32:00.000000000,BEST_ASK,"JPM,100492,156"
2019-06-28 12:32:00.000000000,LAST_TRADE,"7,$100419.0000"
2019-06-28 12:32:00.000000000,QUERY_SPREAD,101
2019-06-28 12:32:00.000000000,QUERY_ORDER_STREAM,101
2019-06-28 12:32:01.123957075,QUERY_ORDER_STREAM,69
2019-06-28 12:32:01.123957075,QUERY_SPREAD,69
2019-06-28 12:32:05.671727643,QUERY_ORDER_STREAM,73
2019-06-28 12:32:05.671727643,QUERY_SPREAD,73
2019-06-28 12:32:05.671727643,BEST_BID,"JPM,100419,145"
2019-06-28 12:32:05.671727643,BEST_ASK,"JPM,100492,156"
2019-06-28 12:32:09.063005169,QUERY_SPREAD,8
2019-06-28 12:32:09.063005169,BEST_BID,"JPM,100419,145"
2019-06-28 12:32:09.063005169,BEST_ASK,"JPM,100492,156"
2019-06-28 12:32:10.000000000,QUERY_SPREAD,1
2019-06-28 12:32:10.000000000,BEST_BID,"JPM,100419,240"
2019-06-28 12:32:10.000000000,BEST_ASK,"JPM,100492,100"
2019-06-28 12:32:10.000000000,BEST_BID,"JPM,100419,240"
2019-06-28 12:32:10.000000000,BEST_ASK,"JPM,100492,100"
2019-06-28 12:32:10.000000000,BEST_BID,"JPM,100419,240"
2019-06-28 12:32:10.000000000,BEST_ASK,"JPM,100492,240"
2019-06-28 12:32:10.000000000,BEST_BID,"JPM,100419,240"
2019-06-28 12:32:10.000000000,BEST_ASK,"JPM,100492,240"
2019-06-28 12:32:18.422364534,QUERY_SPREAD,26
2019-06-28 12:32:18.422364534,BEST_BID,"JPM,100419,240"
2019-06-28 12:32:18.422364534,BEST_ASK,"JPM,100492,240"
2019-06-28 12:32:20.000000000,QUERY_SPREAD,1
2019-06-28 12:32:20.000000000,BEST_BID,"JPM,100419,170"
2019-06-28 12:32:20.000000000,BEST_ASK,"JPM,100492,100"
2019-06-28 12:32:20.000000000,BEST_BID,"JPM,100419,170"
2019-06-28 12:32:20.000000000,BEST_ASK,"JPM,100492,100"
2019-06-28 12:32:20.000000000,BEST_BID,"JPM,100419,170"
2019-06-28 12:32:20.000000000,BEST_ASK,"JPM,100492,100"
2019-06-28 12:32:20.000000000,BEST_BID,"JPM,100419,170"
2019-06-28 12:32:20.000000000,BEST_ASK,"JPM,100492,100"
2019-06-28 12:32:20.000000000,BEST_BID,"JPM,100419,170"
2019-06-28 12:32:20.000000000,BEST_ASK,"JPM,100492,170"
2019-06-28 12:32:20.000000000,BEST_BID,"JPM,100419,170"
2019-06-28 12:32:20.000000000,BEST_ASK,"JPM,100492,170"
2019-06-28 12:32:20.000000000,BEST_BID,"JPM,100419,170"
2019-06-28 12:32:20.000000000,BEST_ASK,"JPM,100492,170"
2019-06-28 12:32:20.000000000,BEST_BID,"JPM,100419,170"
2019-06-28 12:32:20.000000000,BEST_ASK,"JPM,100492,170"
2019-06-28 12:32:21.324858383,QUERY_SPREAD,28
2019-06-28 12:32:21.324858383,BEST_BID,"JPM,100419,170"
2019-06-28 12:32:21.324858383,BEST_ASK,"JPM,100492,170"
2019-06-28 12:32:30.000000000,QUERY_SPREAD,1
2019-06-28 12:32:30.000000000,BEST_BID,"JPM,100419,380"
2019-06-28 12:32:30.000000000,BEST_ASK,"JPM,100492,100"
2019-06-28 12:32:30.000000000,BEST_BID,"JPM,100419,380"
2019-06-28 12:32:30.000000000,BEST_ASK,"JPM,100492,380"
2019-06-28 12:32:40.000000000,QUERY_SPREAD,1
2019-06-28 12:32:40.000000000,BEST_BID,"JPM,100419,195"
2019-06-28 12:32:40.000000000,BEST_ASK,"JPM,100492,100"
2019-06-28 12:32:40.000000000,BEST_BID,"JPM,100419,195"
2019-06-28 12:32:40.000000000,BEST_ASK,"JPM,100492,100"
2019-06-28 12:32:40.000000000,BEST_BID,"JPM,100419,195"
2019-06-28 12:32:40.000000000,BEST_ASK,"JPM,100492,100"
2019-06-28 12:32:40.000000000,BEST_BID,"JPM,100419,195"
2019-06-28 12:32:40.000000000,BEST_ASK,"JPM,100492,195"
2019-06-28 12:32:40.000000000,BEST_BID,"JPM,100419,195"
2019-06-28 12:32:40.000000000,BEST_ASK,"JPM,100492,195"
2019-06-28 12:32:40.000000000,BEST_BID,"JPM,100419,195"
2019-06-28 12:32:40.000000000,BEST_ASK,"JPM,100492,195"
2019-06-28 12:32:50.000000000,QUERY_SPREAD,1
2019-06-28 12:32:50.000000000,BEST_BID,"JPM,100419,195"
2019-06-28 12:32:50.000000000,BEST_ASK,"JPM,100492,100"
2019-06-28 12:32:50.000000000,BEST_BID,"JPM,100419,195"
2019-06-28 12:32:50.000000000,BEST_ASK,"JPM,100492,100"
2019-06-28 12:32:50.000000000,BEST_BID,"JPM,100419,195"
2019-06-28 12:32:50.000000000,BEST_ASK,"JPM,100492,100"
2019-06-28 12:32:50.000000000,BEST_BID,"JPM,100419,195"
2019-06-28 12:32:50.000000000,BEST_ASK,"JPM,100492,195"
2019-06-28 12:32:50.000000000,BEST_BID,"JPM,100419,195"
2019-06-28 12:32:50.000000000,BEST_ASK,"JPM,100492,195"
2019-06-28 12:32:50.000000000,BEST_BID,"JPM,100419,195"
2019-06-28 12:32:50.000000000,BEST_ASK,"JPM,100492,195"
2019-06-28 12:32:55.645303870,QUERY_SPREAD,47
2019-06-28 12:32:55.645303870,BEST_BID,"JPM,100419,195"
2019-06-28 12:32:55.645303870,BEST_ASK,"JPM,100492,195"
2019-06-28 12:33:00.000000000,QUERY_SPREAD,1
2019-06-28 12:33:00.000000000,BEST_BID,"JPM,100419,156"
2019-06-28 12:33:00.000000000,BEST_ASK,"JPM,100492,100"
2019-06-28 12:33:00.000000000,BEST_BID,"JPM,100419,156"
2019-06-28 12:33:00.000000000,BEST_ASK,"JPM,100492,100"
2019-06-28 12:33:00.000000000,BEST_BID,"JPM,100419,156"
2019-06-28 12:33:00.000000000,BEST_ASK,"JPM,100492,100"
2019-06-28 12:33:00.000000000,BEST_BID,"JPM,100419,156"
2019-06-28 12:33:00.000000000,BEST_ASK,"JPM,100492,100"
2019-06-28 12:33:00.000000000,BEST_BID,"JPM,100419,156"
2019-06-28 12:33:00.000000000,BEST_ASK,"JPM,100492,100"
2019-06-28 12:33:00.000000000,BEST_BID,"JPM,100419,156"
2019-06-28 12:33:00.000000000,BEST_ASK,"JPM,100492,156"
2019-06-28 12:33:00.000000000,BEST_BID,"JPM,100419,156"
2019-06-28 12:33:00.000000000,BEST_ASK,"JPM,100492,156"
2019-06-28 12:33:00.000000000,BEST_BID,"JPM,100419,156"
2019-06-28 12:33:00.000000000,BEST_ASK,"JPM,100492,156"
2019-06-28 12:33:00.000000000,BEST_BID,"JPM,100419,156"
2019-06-28 12:33:00.000000000,BEST_ASK,"JPM,100492,156"
2019-06-28 12:33:00.000000000,BEST_BID,"JPM,100419,156"
2019-06-28 12:33:00.000000000,BEST_ASK,"JPM,100492,156"
2019-06-28 12:33:00.000000000,QUERY_SPREAD,77
2019-06-28 12:33:00.000000000,BEST_BID,"JPM,100419,155"
2019-06-28 12:33:00.000000000,BEST_ASK,"JPM,100492,156"
2019-06-28 12:33:00.000000000,LAST_TRADE,"1,$100419.0000"
2019-06-28 12:33:00.000000000,QUERY_SPREAD,78
2019-06-28 12:33:00.000000000,BEST_BID,"JPM,100419,151"
2019-06-28 12:33:00.000000000,BEST_ASK,"JPM,100492,156"
2019-06-28 12:33:00.000000000,LAST_TRADE,"4,$100419.0000"
2019-06-28 12:33:00.000000000,QUERY_SPREAD,79
2019-06-28 12:33:00.000000000,BEST_BID,"JPM,100419,145"
2019-06-28 12:33:00.000000000,BEST_ASK,"JPM,100492,156"
2019-06-28 12:33:00.000000000,LAST_TRADE,"6,$100419.0000"
2019-06-28 12:33:00.000000000,QUERY_SPREAD,80
2019-06-28 12:33:00.000000000,BEST_BID,"JPM,100419,140"
2019-06-28 12:33:00.000000000,BEST_ASK,"JPM,100492,156"
2019-06-28 12:33:00.000000000,LAST_TRADE,"5,$100419.0000"
2019-06-28 12:33:00.000000000,QUERY_SPREAD,81
2019-06-28 12:33:00.000000000,BEST_BID,"JPM,100419,132"
2019-06-28 12:33:00.000000000,BEST_ASK,"JPM,100492,156"
2019-06-28 12:33:00.000000000,LAST_TRADE,"8,$100419.0000"
2019-06-28 12:33:00.000000000,QUERY_SPREAD,82
2019-06-28 12:33:00.000000000,BEST_BID,"JPM,100419,124"
2019-06-28 12:33:00.000000000,BEST_ASK,"JPM,100492,156"
2019-06-28 12:33:00.000000000,LAST_TRADE,"8,$100419.0000"
2019-06-28 12:33:00.000000000,QUERY_SPREAD,83
2019-06-28 12:33:00.000000000,BEST_BID,"JPM,100419,122"
2019-06-28 12:33:00.000000000,BEST_ASK,"JPM,100492,156"
2019-06-28 12:33:00.000000000,LAST_TRADE,"2,$100419.0000"
2019-06-28 12:33:00.000000000,QUERY_SPREAD,84
2019-06-28 12:33:00.000000000,BEST_BID,"JPM,100419,121"
2019-06-28 12:33:00.000000000,BEST_ASK,"JPM,100492,156"
2019-06-28 12:33:00.000000000,LAST_TRADE,"1,$100419.0000"
2019-06-28 12:33:00.000000000,QUERY_SPREAD,85
2019-06-28 12:33:00.000000000,BEST_BID,"JPM,100419,120"
2019-06-28 12:33:00.000000000,BEST_ASK,"JPM,100492,156"
2019-06-28 12:33:00.000000000,LAST_TRADE,"1,$100419.0000"
2019-06-28 12:33:00.000000000,QUERY_SPREAD,86
2019-06-28 12:33:00.000000000,BEST_BID,"JPM,100419,114"
2019-06-28 12:33:00.000000000,BEST_ASK,"JPM,100492,156"
2019-06-28 12:33:00.000000000,LAST_TRADE,"6,$100419.0000"
2019-06-28 12:33:00.000000000,QUERY_SPREAD,87
2019-06-28 12:33:00.000000000,BEST_BID,"JPM,100419,111"
2019-06-28 12:33:00.000000000,BEST_ASK,"JPM,100492,156"
2019-06-28 12:33:00.000000000,LAST_TRADE,"3,$100419.0000"
2019-06-28 12:33:00.000000000,QUERY_SPREAD,88
2019-06-28 12:33:00.000000000,BEST_BID,"JPM,100419,107"
2019-06-28 12:33:00.000000000,BEST_ASK,"JPM,100492,156"
2019-06-28 12:33:00.000000000,LAST_TRADE,"4,$100419.0000"
2019-06-28 12:33:00.000000000,QUERY_SPREAD,89
2019-06-28 12:33:00.000000000,BEST_BID,"JPM,100419,103"
2019-06-28 12:33:00.000000000,BEST_ASK,"JPM,100492,156"
2019-06-28 12:33:00.000000000,LAST_TRADE,"4,$100419.0000"
2019-06-28 12:33:00.000000000,QUERY_SPREAD,90
2019-06-28 12:33:00.000000000,BEST_BID,"JPM,100419,96"
2019-06-28 12:33:00.000000000,BEST_ASK,"JPM,100492,156"
2019-06-28 12:33:00.000000000,LAST_TRADE,"7,$100419.0000"
2019-06-28 12:33:00.000000000,QUERY_SPREAD,91
2019-06-28 12:33:00.000000000,BEST_BID,"JPM,100419,88"
2019-06-28 12:33:00.000000000,BEST_ASK,"JPM,100492,156"
2019-06-28 12:33:00.000000000,LAST_TRADE,"8,$100419.0000"
2019-06-28 12:33:00.000000000,QUERY_SPREAD,92
2019-06-28 12:33:00.000000000,BEST_BID,"JPM,100419,83"
2019-06-28 12:33:00.000000000,BEST_ASK,"JPM,100492,156"
2019-06-28 12:33:00.000000000,LAST_TRADE,"5,$100419.0000"
2019-06-28 12:33:00.000000000,QUERY_SPREAD,93
2019-06-28 12:33:00.000000000,BEST_BID,"JPM,100419,80"
2019-06-28 12:33:00.000000000,BEST_ASK,"JPM,100492,156"
2019-06-28 12:33:00.000000000,LAST_TRADE,"3,$100419.0000"
2019-06-28 12:33:00.000000000,QUERY_SPREAD,94
2019-06-28 12:33:00.000000000,BEST_BID,"JPM,100419,76"
2019-06-28 12:33:00.000000000,BEST_ASK,"JPM,100492,156"
2019-06-28 12:33:00.000000000,LAST_TRADE,"4,$100419.0000"
2019-06-28 12:33:00.000000000,QUERY_SPREAD,95
2019-06-28 12:33:00.000000000,BEST_BID,"JPM,100419,71"
2019-06-28 12:33:00.000000000,BEST_ASK,"JPM,100492,156"
2019-06-28 12:33:00.000000000,LAST_TRADE,"5,$100419.0000"
2019-06-28 12:33:00.000000000,QUERY_SPREAD,96
2019-06-28 12:33:00.000000000,BEST_BID,"JPM,100419,70"
2019-06-28 12:33:00.000000000,BEST_ASK,"JPM,100492,156"
2019-06-28 12:33:00.000000000,LAST_TRADE,"1,$100419.0000"
2019-06-28 12:33:00.000000000,QUERY_SPREAD,97
2019-06-28 12:33:00.000000000,BEST_BID,"JPM,100419,63"
2019-06-28 12:33:00.000000000,BEST_ASK,"JPM,100492,156"
2019-06-28 12:33:00.000000000,LAST_TRADE,"7,$100419.0000"
2019-06-28 12:33:00.000000000,QUERY_SPREAD,98
2019-06-28 12:33:00.000000000,BEST_BID,"JPM,100419,57"
2019-06-28 12:33:00.000000000,BEST_ASK,"JPM,100492,156"
2019-06-28 12:33:00.000000000,LAST_TRADE,"6,$100419.0000"
2019-06-28 12:33:00.000000000,QUERY_SPREAD,99
2019-06-28 12:33:00.000000000,BEST_BID,"JPM,100419,52"
2019-06-28 12:33:00.000000000,BEST_ASK,"JPM,100492,156"
2019-06-28 12:33:00.000000000,LAST_TRADE,"5,$100419.0000"
2019-06-28 12:33:00.000000000,QUERY_SPREAD,100
2019-06-28 12:33:00.000000000,BEST_BID,"JPM,100419,45"
2019-06-28 12:33:00.000000000,BEST_ASK,"JPM,100492,156"
2019-06-28 12:33:00.000000000,LAST_TRADE,"7,$100419.0000"
2019-06-28 12:33:00.000000000,QUERY_SPREAD,101
2019-06-28 12:33:00.000000000,QUERY_ORDER_STREAM,101
2019-06-28 12:33:08.924431649,QUERY_SPREAD,39
2019-06-28 12:33:08.924431649,BEST_BID,"JPM,100419,45"
2019-06-28 12:33:08.924431649,BEST_ASK,"JPM,100492,156"
2019-06-28 12:33:10.000000000,QUERY_SPREAD,1
2019-06-28 12:33:10.000000000,BEST_BID,"JPM,100301,170"
2019-06-28 12:33:10.000000000,BEST_ASK,"JPM,100492,100"
2019-06-28 12:33:10.000000000,BEST_BID,"JPM,100301,170"
2019-06-28 12:33:10.000000000,BEST_ASK,"JPM,100492,100"
2019-06-28 12:33:10.000000000,BEST_BID,"JPM,100301,170"
2019-06-28 12:33:10.000000000,BEST_ASK,"JPM,100492,100"
2019-06-28 12:33:10.000000000,BEST_BID,"JPM,100301,170"
2019-06-28 12:33:10.000000000,BEST_ASK,"JPM,100492,100"
2019-06-28 12:33:10.000000000,BEST_BID,"JPM,100301,170"
2019-06-28 12:33:10.000000000,BEST_ASK,"JPM,100492,170"
2019-06-28 12:33:10.000000000,BEST_BID,"JPM,100301,170"
2019-06-28 12:33:10.000000000,BEST_ASK,"JPM,100492,170"
2019-06-28 12:33:10.000000000,BEST_BID,"JPM,100301,170"
2019-06-28 12:33:10.000000000,BEST_ASK,"JPM,100492,170"
2019-06-28 12:33:10.000000000,BEST_BID,"JPM,100301,170"
2019-06-28 12:33:10.000000000,BEST_ASK,"JPM,100492,170"
2019-06-28 12:33:10.499949674,QUERY_SPREAD,43
2019-06-28 12:33:10.499949674,BEST_BID,"JPM,100301,170"
2019-06-28 12:33:10.499949674,BEST_ASK,"JPM,100492,170"
2019-06-28 12:33:20.000000000,QUERY_SPREAD,1
2019-06-28 12:33:20.000000000,BEST_BID,"JPM,100301,240"
2019-06-28 12:33:20.000000000,BEST_ASK,"JPM,100492,100"
2019-06-28 12:33:20.000000000,BEST_BID,"JPM,100301,240"
2019-06-28 12:33:20.000000000,BEST_ASK,"JPM,100492,100"
2019-06-28 12:33:20.000000000,BEST_BID,"JPM,100301,240"
2019-06-28 12:33:20.000000000,BEST_ASK,"JPM,100492,240"
2019-06-28 12:33:20.000000000,BEST_BID,"JPM,100301,240"
2019-06-28 12:33:20.000000000,BEST_ASK,"JPM,100492,240"
2019-06-28 12:33:21.850719553,QUERY_SPREAD,22
2019-06-28 12:33:21.850719553,BEST_BID,"JPM,100301,240"
2019-06-28 12:33:21.850719553,BEST_ASK,"JPM,100492,140"
2019-06-28 12:33:21.850719553,LAST_TRADE,"100,$100492.0000"
2019-06-28 12:33:30.000000000,QUERY_SPREAD,1
2019-06-28 12:33:30.000000000,BEST_BID,"JPM,100301,380"
2019-06-28 12:33:30.000000000,BEST_ASK,"JPM,100494,100"
2019-06-28 12:33:30.000000000,BEST_BID,"JPM,100301,380"
2019-06-28 12:33:30.000000000,BEST_ASK,"JPM,100494,380"
2019-06-28 12:33:36.669726695,QUERY_ORDER_STREAM,74
2019-06-28 12:33:36.669726695,QUERY_SPREAD,74
2019-06-28 12:33:36.761439269,QUERY_SPREAD,37
2019-06-28 12:33:36.761439269,BEST_BID,"JPM,100301,380"
2019-06-28 12:33:36.761439269,BEST_ASK,"JPM,100494,380"
2019-06-28 12:33:36.840181461,QUERY_ORDER_STREAM,74
2019-06-28 12:33:36.840181461,QUERY_SPREAD,74
2019-06-28 12:33:36.840181461,BEST_BID,"JPM,100419,100"
2019-06-28 12:33:36.840181461,BEST_ASK,"JPM,100494,380"
2019-06-28 12:33:40.000000000,QUERY_SPREAD,1
2019-06-28 12:33:40.000000000,BEST_BID,"JPM,100419,170"
2019-06-28 12:33:40.000000000,BEST_ASK,"JPM,100494,100"
2019-06-28 12:33:40.000000000,BEST_BID,"JPM,100419,170"
2019-06-28 12:33:40.000000000,BEST_ASK,"JPM,100494,100"
2019-06-28 12:33:40.000000000,BEST_BID,"JPM,100419,170"
2019-06-28 12:33:40.000000000,BEST_ASK,"JPM,100494,100"
2019-06-28 12:33:40.000000000,BEST_BID,"JPM,100419,170"
2019-06-28 12:33:40.000000000,BEST_ASK,"JPM,100494,100"
2019-06-28 12:33:40.000000000,BEST_BID,"JPM,100419,170"
2019-06-28 12:33:40.000000000,BEST_ASK,"JPM,100494,170"
2019-06-28 12:33:40.000000000,BEST_BID,"JPM,100419,170"
2019-06-28 12:33:40.000000000,BEST_ASK,"JPM,100494,170"
2019-06-28 12:33:40.000000000,BEST_BID,"JPM,100419,170"
2019-06-28 12:33:40.000000000,BEST_ASK,"JPM,100494,170"
2019-06-28 12:33:40.000000000,BEST_BID,"JPM,100419,170"
2019-06-28 12:33:40.000000000,BEST_ASK,"JPM,100494,170"
2019-06-28 12:33:47.752681810,QUERY_SPREAD,47
2019-06-28 12:33:47.752681810,BEST_BID,"JPM,100419,170"
2019-06-28 12:33:47.752681810,BEST_ASK,"JPM,100494,70"
2019-06-28 12:33:47.752681810,LAST_TRADE,"100,$100494.0000"
2019-06-28 12:33:50.000000000,QUERY_SPREAD,1
2019-06-28 12:33:50.000000000,BEST_BID,"JPM,100419,380"
2019-06-28 12:33:50.000000000,BEST_ASK,"JPM,100522,100"
2019-06-28 12:33:50.000000000,BEST_BID,"JPM,100419,380"
2019-06-28 12:33:50.000000000,BEST_ASK,"JPM,100522,380"
2019-06-28 12:34:00.000000000,QUERY_SPREAD,1
2019-06-28 12:34:00.000000000,BEST_BID,"JPM,100419,156"
2019-06-28 12:34:00.000000000,BEST_ASK,"JPM,100522,100"
2019-06-28 12:34:00.000000000,BEST_BID,"JPM,100419,156"
2019-06-28 12:34:00.000000000,BEST_ASK,"JPM,100522,100"
2019-06-28 12:34:00.000000000,BEST_BID,"JPM,100419,156"
2019-06-28 12:34:00.000000000,BEST_ASK,"JPM,100522,100"
2019-06-28 12:34:00.000000000,BEST_BID,"JPM,100419,156"
2019-06-28 12:34:00.000000000,BEST_ASK,"JPM,100522,100"
2019-06-28 12:34:00.000000000,BEST_BID,"JPM,100419,156"
2019-06-28 12:34:00.000000000,BEST_ASK,"JPM,100522,100"
2019-06-28 12:34:00.000000000,BEST_BID,"JPM,100419,156"
2019-06-28 12:34:00.000000000,BEST_ASK,"JPM,100522,156"
2019-06-28 12:34:00.000000000,BEST_BID,"JPM,100419,156"
2019-06-28 12:34:00.000000000,BEST_ASK,"JPM,100522,156"
2019-06-28 12:34:00.000000000,BEST_BID,"JPM,100419,156"
2019-06-28 12:34:00.000000000,BEST_ASK,"JPM,100522,156"
2019-06-28 12:34:00.000000000,BEST_BID,"JPM,100419,156"
2019-06-28 12:34:00.000000000,BEST_ASK,"JPM,100522,156"
2019-06-28 12:34:00.000000000,BEST_BID,"JPM,100419,156"
2019-06-28 12:34:00.000000000,BEST_ASK,"JPM,100522,156"
2019-06-28 12:34:00.000000000,QUERY_SPREAD,77
2019-06-28 12:34:00.000000000,BEST_BID,"JPM,100419,155"
2019-06-28 12:34:00.000000000,BEST_ASK,"JPM,100522,156"
2019-06-28 12:34:00.000000000,LAST_TRADE,"1,$100419.0000"
2019-06-28 12:34:00.000000000,QUERY_SPREAD,78
2019-06-28 12:34:00.000000000,BEST_BID,"JPM,100419,151"
2019-06-28 12:34:00.000000000,BEST_ASK,"JPM,100522,156"
2019-06-28 12:34:00.000000000,LAST_TRADE,"4,$100419.0000"
2019-06-28 12:34:00.000000000,QUERY_SPREAD,79
2019-06-28 12:34:00.000000000,BEST_BID,"JPM,100419,145"
2019-06-28 12:34:00.000000000,BEST_ASK,"JPM,100522,156"
2019-06-28 12:34:00.000000000,LAST_TRADE,"6,$100419.0000"
2019-06-28 12:34:00.000000000,QUERY_SPREAD,80
2019-06-28 12:34:00.000000000,BEST_BID,"JPM,100419,140"
2019-06-28 12:34:00.000000000,BEST_ASK,"JPM,100522,156"
2019-06-28 12:34:00.000000000,LAST_TRADE,"5,$100419.0000"
2019-06-28 12:34:00.000000000,QUERY_SPREAD,81
2019-06-28 12:34:00.000000000,BEST_BID,"JPM,100419,132"
2019-06-28 12:34:00.000000000,BEST_ASK,"JPM,100522,156"
2019-06-28 12:34:00.000000000,LAST_TRADE,"8,$100419.0000"
2019-06-28 12:34:00.000000000,QUERY_SPREAD,82
2019-06-28 12:34:00.000000000,BEST_BID,"JPM,100419,124"
2019-06-28 12:34:00.000000000,BEST_ASK,"JPM,100522,156"
2019-06-28 12:34:00.000000000,LAST_TRADE,"8,$100419.0000"
2019-06-28 12:34:00.000000000,QUERY_SPREAD,83
2019-06-28 12:34:00.000000000,BEST_BID,"JPM,100419,122"
2019-06-28 12:34:00.000000000,BEST_ASK,"JPM,100522,156"
2019-06-28 12:34:00.000000000,LAST_TRADE,"2,$100419.0000"
2019-06-28 12:34:00.000000000,QUERY_SPREAD,84
2019-06-28 12:34:00.000000000,BEST_BID,"JPM,100419,121"
2019-06-28 12:34:00.000000000,BEST_ASK,"JPM,100522,156"
2019-06-28 12:34:00.000000000,LAST_TRADE,"1,$100419.0000"
2019-06-28 12:34:00.000000000,QUERY_SPREAD,85
2019-06-28 12:34:00.000000000,BEST_BID,"JPM,100419,120"
2019-06-28 12:34:00.000000000,BEST_ASK,"JPM,100522,156"
2019-06-28 12:34:00.000000000,LAST_TRADE,"1,$100419.0000"
2019-06-28 12:34:00.000000000,QUERY_SPREAD,86
2019-06-28 12:34:00.000000000,BEST_BID,"JPM,100419,114"
2019-06-28 12:34:00.000000000,BEST_ASK,"JPM,100522,156"
2019-06-28 12:34:00.000000000,LAST_TRADE,"6,$100419.0000"
2019-06-28 12:34:00.000000000,QUERY_SPREAD,87
2019-06-28 12:34:00.000000000,BEST_BID,"JPM,100419,111"
2019-06-28 12:34:00.000000000,BEST_ASK,"JPM,100522,156"
2019-06-28 12:34:00.000000000,LAST_TRADE,"3,$100419.0000"
2019-06-28 12:34:00.000000000,QUERY_SPREAD,88
2019-06-28 12:34:00.000000000,BEST_BID,"JPM,100419,107"
2019-06-28 12:34:00.000000000,BEST_ASK,"JPM,100522,156"
2019-06-28 12:34:00.000000000,LAST_TRADE,"4,$100419.0000"
2019-06-28 12:34:00.000000000,QUERY_SPREAD,89
2019-06-28 12:34:00.000000000,BEST_BID,"JPM,100419,103"
2019-06-28 12:34:00.000000000,BEST_ASK,"JPM,100522,156"
2019-06-28 12:34:00.000000000,LAST_TRADE,"4,$100419.0000"
2019-06-28 12:34:00.000000000,QUERY_SPREAD,90
2019-06-28 12:34:00.000000000,BEST_BID,"JPM,100419,96"
2019-06-28 12:34:00.000000000,BEST_ASK,"JPM,100522,156"
2019-06-28 12:34:00.000000000,LAST_TRADE,"7,$100419.0000"
2019-06-28 12:34:00.000000000,QUERY_SPREAD,91
2019-06-28 12:34:00.000000000,BEST_BID,"JPM,100419,88"
2019-06-28 12:34:00.000000000,BEST_ASK,"JPM,100522,156"
2019-06-28 12:34:00.000000000,LAST_TRADE,"8,$100419.0000"
2019-06-28 12:34:00.000000000,QUERY_SPREAD,92
2019-06-28 12:34:00.000000000,BEST_BID,"JPM,100419,83"
2019-06-28 12:34:00.000000000,BEST_ASK,"JPM,100522,156"
2019-06-28 12:34:00.000000000,LAST_TRADE,"5,$100419.0000"
2019-06-28 12:34:00.000000000,QUERY_SPREAD,93
2019-06-28 12:34:00.000000000,BEST_BID,"JPM,100419,80"
2019-06-28 12:34:00.000000000,BEST_ASK,"JPM,100522,156"
2019-06-28 12:34:00.000000000,LAST_TRADE,"3,$100419.0000"
2019-06-28 12:34:00.000000000,QUERY_SPREAD,94
2019-06-28 12:34:00.000000000,BEST_BID,"JPM,100419,76"
2019-06-28 12:34:00.000000000,BEST_ASK,"JPM,100522,156"
2019-06-28 12:34:00.000000000,LAST_TRADE,"4,$100419.0000"
2019-06-28 12:34:00.000000000,QUERY_SPREAD,95
2019-06-28 12:34:00.000000000,BEST_BID,"JPM,100419,71"
2019-06-28 12:34:00.000000000,BEST_ASK,"JPM,100522,156"
2019-06-28 12:34:00.000000000,LAST_TRADE,"5,$100419.0000"
2019-06-28 12:34:00.000000000,QUERY_SPREAD,96
2019-06-28 12:34:00.000000000,BEST_BID,"JPM,100419,70"
2019-06-28 12:34:00.000000000,BEST_ASK,"JPM,100522,156"
2019-06-28 12:34:00.000000000,LAST_TRADE,"1,$100419.0000"
2019-06-28 12:34:00.000000000,QUERY_SPREAD,97
2019-06-28 12:34:00.000000000,BEST_BID,"JPM,100419,63"
2019-06-28 12:34:00.000000000,BEST_ASK,"JPM,100522,156"
2019-06-28 12:34:00.000000000,LAST_TRADE,"7,$100419.0000"
2019-06-28 12:34:00.000000000,QUERY_SPREAD,98
2019-06-28 12:34:00.000000000,BEST_BID,"JPM,100419,57"
2019-06-28 12:34:00.000000000,BEST_ASK,"JPM,100522,156"
2019-06-28 12:34:00.000000000,LAST_TRADE,"6,$100419.0000"
2019-06-28 12:34:00.000000000,QUERY_SPREAD,99
2019-06-28 12:34:00.000000000,BEST_BID,"JPM,100419,52"
2019-06-28 12:34:00.000000000,BEST_ASK,"JPM,100522,156"
2019-06-28 12:34:00.000000000,LAST_TRADE,"5,$100419.0000"
2019-06-28 12:34:00.000000000,QUERY_SPREAD,100
2019-06-28 12:34:00.000000000,BEST_BID,"JPM,100419,45"
2019-06-28 12:34:00.000000000,BEST_ASK,"JPM,100522,156"
2019-06-28 12:34:00.000000000,LAST_TRADE,"7,$100419.0000"
2019-06-28 12:34:00.000000000,QUERY_SPREAD,101
2019-06-28 12:34:00.000000000,QUERY_ORDER_STREAM,101
2019-06-28 12:34:10.000000000,QUERY_SPREAD,1
2019-06-28 12:34:10.000000000,BEST_BID,"JPM,100301,240"
2019-06-28 12:34:10.000000000,BEST_ASK,"JPM,100522,100"
2019-06-28 12:34:10.000000000,BEST_BID,"JPM,100301,240"
2019-06-28 12:34:10.000000000,BEST_ASK,"JPM,100522,100"
2019-06-28 12:34:10.000000000,BEST_BID,"JPM,100301,240"
2019-06-28 12:34:10.000000000,BEST_ASK,"JPM,100522,240"
2019-06-28 12:34:10.000000000,BEST_BID,"JPM,100301,240"
2019-06-28 12:34:10.000000000,BEST_ASK,"JPM,100522,240"
2019-06-28 12:34:20.000000000,QUERY_SPREAD,1
2019-06-28 12:34:20.000000000,BEST_BID,"JPM,100301,380"
2019-06-28 12:34:20.000000000,BEST_ASK,"JPM,100522,100"
2019-06-28 12:34:20.000000000,BEST_BID,"JPM,100301,380"
2019-06-28 12:34:20.000000000,BEST_ASK,"JPM,100522,380"
2019-06-28 12:34:26.605585803,QUERY_SPREAD,8
2019-06-28 12:34:26.605585803,BEST_BID,"JPM,100301,380"
2019-06-28 12:34:26.605585803,BEST_ASK,"JPM,100522,380"
2019-06-28 12:34:30.000000000,QUERY_SPREAD,1
2019-06-28 12:34:30.000000000,BEST_BID,"JPM,100301,240"
2019-06-28 12:34:30.000000000,BEST_ASK,"JPM,100522,100"
2019-06-28 12:34:30.000000000,BEST_BID,"JPM,100301,240"
2019-06-28 12:34:30.000000000,BEST_ASK,"JPM,100522,100"
2019-06-28 12:34:30.000000000,BEST_BID,"JPM,100301,240"
2019-06-28 12:34:30.000000000,BEST_ASK,"JPM,100522,240"
2019-06-28 12:34:30.000000000,BEST_BID,"JPM,100301,240"
2019-06-28 12:34:30.000000000,BEST_ASK,"JPM,100522,240"
2019-06-28 12:34:30.293402801,QUERY_SPREAD,31
2019-06-28 12:34:30.293402801,BEST_BID,"JPM,100301,240"
2019-06-28 12:34:30.293402801,BEST_ASK,"JPM,100522,140"
2019-06-28 12:34:30.293402801,LAST_TRADE,"100,$100522.0000"
2019-06-28 12:34:40.000000000,QUERY_SPREAD,1
2019-06-28 12:34:40.000000000,BEST_BID,"JPM,100301,240"
2019-06-28 12:34:40.000000000,BEST_ASK,"JPM,100533,100"
2019-06-28 12:34:40.000000000,BEST_BID,"JPM,100301,240"
2019-06-28 12:34:40.000000000,BEST_ASK,"JPM,100533,100"
2019-06-28 12:34:40.000000000,BEST_BID,"JPM,100301,240"
2019-06-28 12:34:40.000000000,BEST_ASK,"JPM,100533,240"
2019-06-28 12:34:40.000000000,BEST_BID,"JPM,100301,240"
2019-06-28 12:34:40.000000000,BEST_ASK,"JPM,100533,240"
2019-06-28 12:34:41.639999392,QUERY_SPREAD,15
2019-06-28 12:34:41.639999392,BEST_BID,"JPM,100301,240"
2019-06-28 12:34:41.639999392,BEST_ASK,"JPM,100533,240"
2019-06-28 12:34:47.370380920,QUERY_SPREAD,8
2019-06-28 12:34:47.370380920,BEST_BID,"JPM,100301,240"
2019-06-28 12:34:47.370380920,BEST_ASK,"JPM,100533,240"
2019-06-28 12:34:50.000000000,QUERY_SPREAD,1
2019-06-28 12:34:50.000000000,BEST_BID,"JPM,100301,195"
2019-06-28 12:34:50.000000000,BEST_ASK,"JPM,100533,100"
2019-06-28 12:34:50.000000000,BEST_BID,"JPM,100301,195"
2019-06-28 12:34:50.000000000,BEST_ASK,"JPM,100533,100"
2019-06-28 12:34:50.000000000,BEST_BID,"JPM,100301,195"
2019-06-28 12:34:50.000000000,BEST_ASK,"JPM,100533,100"
2019-06-28 12:34:50.000000000,BEST_BID,"JPM,100301,195"
2019-06-28 12:34:50.000000000,BEST_ASK,"JPM,100533,195"
2019-06-28 12:34:50.000000000,BEST_BID,"JPM,100301,195"
2019-06-28 12:34:50.000000000,BEST_ASK,"JPM,100533,195"
2019-06-28 12:34:50.000000000,BEST_BID,"JPM,100301,195"
2019-06-28 12:34:50.000000000,BEST_ASK,"JPM,100533,195"
2019-06-28 12:34:50.413504364,QUERY_ORDER_STREAM,71
2019-06-28 12:34:50.413504364,QUERY_SPREAD,71
2019-06-28 12:34:57.375883213,QUERY_ORDER_STREAM,76
2019-06-28 12:34:57.375883213,QUERY_SPREAD,76
2019-06-28 12:35:00.000000000,QUERY_SPREAD,1
2019-06-28 12:35:00.000000000,BEST_BID,"JPM,100301,380"
2019-06-28 12:35:00.000000000,BEST_ASK,"JPM,100533,100"
2019-06-28 12:35:00.000000000,BEST_BID,"JPM,100301,380"
2019-06-28 12:35:00.000000000,BEST_ASK,"JPM,100533,380"
2019-06-28 12:35:00.000000000,QUERY_SPREAD,77
2019-06-28 12:35:00.000000000,BEST_BID,"JPM,100301,379"
2019-06-28 12:35:00.000000000,BEST_ASK,"JPM,100533,380"
2019-06-28 12:35:00.000000000,LAST_TRADE,"1,$100301.0000"
2019-06-28 12:35:00.000000000,QUERY_SPREAD,78
2019-06-28 12:35:00.000000000,BEST_BID,"JPM,100301,375"
2019-06-28 12:35:00.000000000,BEST_ASK,"JPM,100533,380"
2019-06-28 12:35:00.000000000,LAST_TRADE,"4,$100301.0000"
2019-06-28 12:35:00.000000000,QUERY_SPREAD,79
2019-06-28 12:35:00.000000000,BEST_BID,"JPM,100301,369"
2019-06-28 12:35:00.000000000,BEST_ASK,"JPM,100533,380"
2019-06-28 12:35:00.000000000,LAST_TRADE,"6,$100301.0000"
2019-06-28 12:35:00.000000000,QUERY_SPREAD,80
2019-06-28 12:35:00.000000000,BEST_BID,"JPM,100301,364"
2019-06-28 12:35:00.000000000,BEST_ASK,"JPM,100533,380"
2019-06-28 12:35:00.000000000,LAST_TRADE,"5,$100301.0000"
2019-06-28 12:35:00.000000000,QUERY_SPREAD,81
2019-06-28 12:35:00.000000000,BEST_BID,"JPM,100301,356"
2019-06-28 12:35:00.000000000,BEST_ASK,"JPM,100533,380"
2019-06-28 12:35:00.000000000,LAST_TRADE,"8,$100301.0000"
2019-06-28 12:35:00.000000000,QUERY_SPREAD,82
2019-06-28 12:35:00.000000000,BEST_BID,"JPM,100301,348"
2019-06-28 12:35:00.000000000,BEST_ASK,"JPM,100533,380"
2019-06-28 12:35:00.000000000,LAST_TRADE,"8,$100301.0000"
2019-06-28 12:35:00.000000000,QUERY_SPREAD,83
2019-06-28 12:35:00.000000000,BEST_BID,"JPM,100301,346"
2019-06-28 12:35:00.000000000,BEST_ASK,"JPM,100533,380"
2019-06-28 12:35:00.000000000,LAST_TRADE,"2,$100301.0000"
2019-06-28 12:35:00.000000000,QUERY_SPREAD,84
2019-06-28 12:35:00.000000000,BEST_BID,"JPM,100301,345"
2019-06-28 12:35:00.000000000,BEST_ASK,"JPM,100533,380"
2019-06-28 12:35:00.000000000,LAST_TRADE,"1,$100301.0000"
2019-06-28 12:35:00.000000000,QUERY_SPREAD,85
2019-06-28 12:35:00.000000000,BEST_BID,"JPM,100301,344"
2019-06-28 12:35:00.000000000,BEST_ASK,"JPM,100533,380"
2019-06-28 12:35:00.000000000,LAST_TRADE,"1,$100301.0000"
2019-06-28 12:35:00.000000000,QUERY_SPREAD,86
2019-06-28 12:35:00.000000000,BEST_BID,"JPM,100301,338"
2019-06-28 12:35:00.000000000,BEST_ASK,"JPM,100533,380"
2019-06-28 12:35:00.000000000,LAST_TRADE,"6,$100301.0000"
2019-06-28 12:35:00.000000000,QUERY_SPREAD,87
2019-06-28 12:35:00.000000000,BEST_BID,"JPM,100301,335"
2019-06-28 12:35:00.000000000,BEST_ASK,"JPM,100533,380"
2019-06-28 12:35:00.000000000,LAST_TRADE,"3,$100301.0000"
2019-06-28 12:35:00.000000000,QUERY_SPREAD,88
2019-06-28 12:35:00.000000000,BEST_BID,"JPM,100301,331"
2019-06-28 12:35:00.000000000,BEST_ASK,"JPM,100533,380"
2019-06-28 12:35:00.000000000,LAST_TRADE,"4,$100301.0000"
2019-06-28 12:35:00.000000000,QUERY_SPREAD,89
2019-06-28 12:35:00.000000000,BEST_BID,"JPM,100301,327"
2019-06-28 12:35:00.000000000,BEST_ASK,"JPM,100533,380"
2019-06-28 12:35:00.000000000,LAST_TRADE,"4,$100301.0000"
2019-06-28 12:35:00.000000000,QUERY_SPREAD,90
2019-06-28 12:35:00.000000000,BEST_BID,"JPM,100301,320"
2019-06-28 12:35:00.000000000,BEST_ASK,"JPM,100533,380"
2019-06-28 12:35:00.000000000,LAST_TRADE,"7,$100301.0000"
2019-06-28 12:35:00.000000000,QUERY_SPREAD,91
2019-06-28 12:35:00.000000000,BEST_BID,"JPM,100301,312"
2019-06-28 12:35:00.000000000,BEST_ASK,"JPM,100533,380"
2019-06-28 12:35:00.000000000,LAST_TRADE,"8,$100301.0000"
2019-06-28 12:35:00.000000000,QUERY_SPREAD,92
2019-06-28 12:35:00.000000000,BEST_BID,"JPM,100301,307"
2019-06-28 12:35:00.000000000,BEST_ASK,"JPM,100533,380"
2019-06-28 12:35:00.000000000,LAST_TRADE,"5,$100301.0000"
2019-06-28 12:35:00.000000000,QUERY_SPREAD,93
2019-06-28 12:35:00.000000000,BEST_BID,"JPM,100301,304"
2019-06-28 12:35:00.000000000,BEST_ASK,"JPM,100533,380"
2019-06-28 12:35:00.000000000,LAST_TRADE,"3,$100301.0000"
2019-06-28 12:35:00.000000000,QUERY_SPREAD,94
2019-06-28 12:35:00.000000000,BEST_BID,"JPM,100301,300"
2019-06-28 12:35:00.000000000,BEST_ASK,"JPM,100533,380"
2019-06-28 12:35:00.000000000,LAST_TRADE,"4,$100301.0000"
2019-06-28 12:35:00.000000000,QUERY_SPREAD,95
2019-06-28 12:35:00.000000000,BEST_BID,"JPM,100301,295"
2019-06-28 12:35:00.000000000,BEST_ASK,"JPM,100533,380"
2019-06-28 12:35:00.000000000,LAST_TRADE,"5,$100301.0000"
2019-06-28 12:35:00.000000000,QUERY_SPREAD,96
2019-06-28 12:35:00.000000000,BEST_BID,"JPM,100301,294"
2019-06-28 12:35:00.000000000,BEST_ASK,"JPM,100533,380"
2019-06-28 12:35:00.000000000,LAST_TRADE,"1,$100301.0000"
2019-06-28 12:35:00.000000000,QUERY_SPREAD,97
2019-06-28 12:35:00.000000000,BEST_BID,"JPM,100301,287"
2019-06-28 12:35:00.000000000,BEST_ASK,"JPM,100533,380"
2019-06-28 12:35:00.000000000,LAST_TRADE,"7,$100301.0000"
2019-06-28 12:35:00.000000000,QUERY_SPREAD,98
2019-06-28 12:35:00.000000000,BEST_BID,"JPM,100301,281"
2019-06-28 12:35:00.000000000,BEST_ASK,"JPM,100533,380"
2019-06-28 12:35:00.000000000,LAST_TRADE,"6,$100301.0000"
2019-06-28 12:35:00.000000000,QUERY_SPREAD,99
2019-06-28 12:35:00.000000000,BEST_BID,"JPM,100301,276"
2019-06-28 12:35:00.000000000,BEST_ASK,"JPM,100533,380"
2019-06-28 12:35:00.000000000,LAST_TRADE,"5,$100301.0000"
2019-06-28 12:35:00.000000000,QUERY_SPREAD,100
2019-06-28 12:35:00.000000000,BEST_BID,"JPM,100301,269"
2019-06-28 12:35:00.000000000,BEST_ASK,"JPM,100533,380"
2019-06-28 12:35:00.000000000,LAST_TRADE,"7,$100301.0000"
2019-06-28 12:35:00.000000000,QUERY_SPREAD,101
2019-06-28 12:35:00.000000000,QUERY_ORDER_STREAM,101
2019-06-28 12:35:02.052882462,QUERY_ORDER_STREAM,62
2019-06-28 12:35:02.052882462,QUERY_SPREAD,62
2019-06-28 12:35:02.052882462,BEST_BID,"JPM,100301,369"
2019-06-28 12:35:02.052882462,BEST_ASK,"JPM,100533,380"
2019-06-28 12:35:10.000000000,QUERY_SPREAD,1
2019-06-28 12:35:10.000000000,BEST_BID,"JPM,100301,380"
2019-06-28 12:35:10.000000000,BEST_ASK,"JPM,100533,100"
2019-06-28 12:35:10.000000000,BEST_BID,"JPM,100301,380"
2019-06-28 12:35:10.000000000,BEST_ASK,"JPM,100533,380"
2019-06-28 12:35:18.746473001,QUERY_ORDER_STREAM,58
2019-06-28 12:35:18.746473001,QUERY_SPREAD,58
2019-06-28 12:35:18.746473001,BEST_BID,"JPM,100301,480"
2019-06-28 12:35:18.746473001,BEST_ASK,"JPM,100533,380"
2019-06-28 12:35:20.000000000,QUERY_SPREAD,1
2019-06-28 12:35:20.000000000,BEST_BID,"JPM,100301,480"
2019-06-28 12:35:20.000000000,BEST_ASK,"JPM,100533,100"
2019-06-28 12:35:20.000000000,BEST_BID,"JPM,100301,480"
2019-06-28 12:35:20.000000000,BEST_ASK,"JPM,100533,380"
2019-06-28 12:35:30.000000000,QUERY_SPREAD,1
2019-06-28 12:35:30.000000000,BEST_BID,"JPM,100301,256"
2019-06-28 12:35:30.000000000,BEST_ASK,"JPM,100533,100"
2019-06-28 12:35:30.000000000,BEST_BID,"JPM,100301,256"
2019-06-28 12:35:30.000000000,BEST_ASK,"JPM,100533,100"
2019-06-28 12:35:30.000000000,BEST_BID,"JPM,100301,256"
2019-06-28 12:35:30.000000000,BEST_ASK,"JPM,100533,100"
2019-06-28 12:35:30.000000000,BEST_BID,"JPM,100301,256"
2019-06-28 12:35:30.000000000,BEST_ASK,"JPM,100533,100"
2019-06-28 12:35:30.000000000,BEST_BID,"JPM,100301,256"
2019-06-28 12:35:30.000000000,BEST_ASK,"JPM,100533,100"
2019-06-28 12:35:30.000000000,BEST_BID,"JPM,100301,256"
2019-06-28 12:35:30.000000000,BEST_ASK,"JPM,100533,156"
2019-06-28 12:35:30.000000000,BEST_BID,"JPM,100301,256"
2019-06-28 12:35:30.000000000,BEST_ASK,"JPM,100533,156"
2019-06-28 12:35:30.000000000,BEST_BID,"JPM,100301,256"
2019-06-28 12:35:30.000000000,BEST_ASK,"JPM,100533,156"
2019-06-28 12:35:30.000000000,BEST_BID,"JPM,100301,256"
2019-06-28 12:35:30.000000000,BEST_ASK,"JPM,100533,156"
2019-06-28 12:35:30.000000000,BEST_BID,"JPM,100301,256"
2019-06-28 12:35:30.000000000,BEST_ASK,"JPM,100533,156"
2019-06-28 12:35:31.873625266,QUERY_ORDER_STREAM,69
2019-06-28 12:35:31.873625266,QUERY_SPREAD,69
2019-06-28 12:35:31.873625266,BEST_BID,"JPM,100301,356"
2019-06-28 12:35:31.873625266,BEST_ASK,"JPM,100533,156"
2019-06-28 12:35:32.971811202,QUERY_SPREAD,20
2019-06-28 12:35:32.971811202,BEST_BID,"JPM,100301,356"
2019-06-28 12:35:32.971811202,BEST_ASK,"JPM,100533,56"
2019-06-28 12:35:32.971811202,LAST_TRADE,"100,$100533.0000"
2019-06-28 12:35:40.000000000,QUERY_SPREAD,1
2019-06-28 12:35:40.000000000,BEST_BID,"JPM,100301,580"
2019-06-28 12:35:40.000000000,BEST_ASK,"JPM,100551,100"
2019-06-28 12:35:40.000000000,BEST_BID,"JPM,100301,580"
2019-06-28 12:35:40.000000000,BEST_ASK,"JPM,100551,380"
2019-06-28 12:35:50.000000000,QUERY_SPREAD,1
2019-06-28 12:35:50.000000000,BEST_BID,"JPM,100301,395"
2019-06-28 12:35:50.000000000,BEST_ASK,"JPM,100551,100"
2019-06-28 12:35:50.000000000,BEST_BID,"JPM,100301,395"
2019-06-28 12:35:50.000000000,BEST_ASK,"JPM,100551,100"
2019-06-28 12:35:50.000000000,BEST_BID,"JPM,100301,395"
2019-06-28 12:35:50.000000000,BEST_ASK,"JPM,100551,100"
2019-06-28 12:35:50.000000000,BEST_BID,"JPM,100301,395"
2019-06-28 12:35:50.000000000,BEST_ASK,"JPM,100551,195"
2019-06-28 12:35:50.000000000,BEST_BID,"JPM,100301,395"
2019-06-28 12:35:50.000000000,BEST_ASK,"JPM,100551,195"
2019-06-28 12:35:50.000000000,BEST_BID,"JPM,100301,395"
2019-06-28 12:35:50.000000000,BEST_ASK,"JPM,100551,195"
2019-06-28 12:36:00.000000000,QUERY_SPREAD,1
2019-06-28 12:36:00.000000000,BEST_BID,"JPM,100301,440"
2019-06-28 12:36:00.000000000,BEST_ASK,"JPM,100551,100"
2019-06-28 12:36:00.000000000,BEST_BID,"JPM,100301,440"
2019-06-28 12:36:00.000000000,BEST_ASK,"JPM,100551,100"
2019-06-28 12:36:00.000000000,BEST_BID,"JPM,100301,440"
2019-06-28 12:36:00.000000000,BEST_ASK,"JPM,100551,240"
2019-06-28 12:36:00.000000000,BEST_BID,"JPM,100301,440"
2019-06-28 12:36:00.000000000,BEST_ASK,"JPM,100551,240"
2019-06-28 12:36:00.000000000,QUERY_SPREAD,77
2019-06-28 12:36:00.000000000,BEST_BID,"JPM,100301,439"
2019-06-28 12:36:00.000000000,BEST_ASK,"JPM,100551,240"
2019-06-28 12:36:00.000000000,LAST_TRADE,"1,$100301.0000"
2019-06-28 12:36:00.000000000,QUERY_SPREAD,78
2019-06-28 12:36:00.000000000,BEST_BID,"JPM,100301,435"
2019-06-28 12:36:00.000000000,BEST_ASK,"JPM,100551,240"
2019-06-28 12:36:00.000000000,LAST_TRADE,"4,$100301.0000"
2019-06-28 12:36:00.000000000,QUERY_SPREAD,79
2019-06-28 12:36:00.000000000,BEST_BID,"JPM,100301,429"
2019-06-28 12:36:00.000000000,BEST_ASK,"JPM,100551,240"
2019-06-28 12:36:00.000000000,LAST_TRADE,"6,$100301.0000"
2019-06-28 12:36:00.000000000,QUERY_SPREAD,80
2019-06-28 12:36:00.000000000,BEST_BID,"JPM,100301,424"
2019-06-28 12:36:00.000000000,BEST_ASK,"JPM,100551,240"
2019-06-28 12:36:00.000000000,LAST_TRADE,"5,$100301.0000"
2019-06-28 12:36:00.000000000,QUERY_SPREAD,81
2019-06-28 12:36:00.000000000,BEST_BID,"JPM,100301,416"
2019-06-28 12:36:00.000000000,BEST_ASK,"JPM,100551,240"
2019-06-28 12:36:00.000000000,LAST_TRADE,"8,$100301.0000"
2019-06-28 12:36:00.000000000,QUERY_SPREAD,82
2019-06-28 12:36:00.000000000,BEST_BID,"JPM,100301,408"
2019-06-28 12:36:00.000000000,BEST_ASK,"JPM,100551,240"
2019-06-28 12:36:00.000000000,LAST_TRADE,"8,$100301.0000"
2019-06-28 12:36:00.000000000,QUERY_SPREAD,83
2019-06-28 12:36:00.000000000,BEST_BID,"JPM,100301,406"
2019-06-28 12:36:00.000000000,BEST_ASK,"JPM,100551,240"
2019-06-28 12:36:00.000000000,LAST_TRADE,"2,$100301.0000"
2019-06-28 12:36:00.000000000,QUERY_SPREAD,84
2019-06-28 12:36:00.000000000,BEST_BID,"JPM,100301,405"
2019-06-28 12:36:00.000000000,BEST_ASK,"JPM,100551,240"
2019-06-28 12:36:00.000000000,LAST_TRADE,"1,$100301.0000"
2019-06-28 12:36:00.000000000,QUERY_SPREAD,85
2019-06-28 12:36:00.000000000,BEST_BID,"JPM,100301,404"
2019-06-28 12:36:00.000000000,BEST_ASK,"JPM,100551,240"
2019-06-28 12:36:00.000000000,LAST_TRADE,"1,$100301.0000"
2019-06-28 12:36:00.000000000,QUERY_SPREAD,86
2019-06-28 12:36:00.000000000,BEST_BID,"JPM,100301,398"
2019-06-28 12:36:00.000000000,BEST_ASK,"JPM,100551,240"
2019-06-28 12:36:00.000000000,LAST_TRADE,"6,$100301.0000"
2019-06-28 12:36:00.000000000,QUERY_SPREAD,87
2019-06-28 12:36:00.000000000,BEST_BID,"JPM,100301,395"
2019-06-28 12:36:00.000000000,BEST_ASK,"JPM,100551,240"
2019-06-28 12:36:00.000000000,LAST_TRADE,"3,$100301.0000"
2019-06-28 12:36:00.000000000,QUERY_SPREAD,88
2019-06-28 12:36:00.000000000,BEST_BID,"JPM,100301,391"
2019-06-28 12:36:00.000000000,BEST_ASK,"JPM,100551,240"
2019-06-28 12:36:00.000000000,LAST_TRADE,"4,$100301.0000"
2019-06-28 12:36:00.000000000,QUERY_SPREAD,89
2019-06-28 12:36:00.000000000,BEST_BID,"JPM,100301,387"
2019-06-28 12:36:00.000000000,BEST_ASK,"JPM,100551,240"
2019-06-28 12:36:00.000000000,LAST_TRADE,"4,$100301.0000"
2019-06-28 12:36:00.000000000,QUERY_SPREAD,90
2019-06-28 12:36:00.000000000,BEST_BID,"JPM,100301,380"
2019-06-28 12:36:00.000000000,BEST_ASK,"JPM,100551,240"
2019-06-28 12:36:00.000000000,LAST_TRADE,"7,$100301.0000"
2019-06-28 12:36:00.000000000,QUERY_SPREAD,91
2019-06-28 12:36:00.000000000,BEST_BID,"JPM,100301,372"
2019-06-28 12:36:00.000000000,BEST_ASK,"JPM,100551,240"
2019-06-28 12:36:00.000000000,LAST_TRADE,"8,$100301.0000"
2019-06-28 12:36:00.000000000,QUERY_SPREAD,92
2019-06-28 12:36:00.000000000,BEST_BID,"JPM,100301,367"
2019-06-28 12:36:00.000000000,BEST_ASK,"JPM,100551,240"
2019-06-28 12:36:00.000000000,LAST_TRADE,"5,$100301.0000"
2019-06-28 12:36:00.000000000,QUERY_SPREAD,93
2019-06-28 12:36:00.000000000,BEST_BID,"JPM,100301,364"
2019-06-28 12:36:00.000000000,BEST_ASK,"JPM,100551,240"
2019-06-28 12:36:00.000000000,LAST_TRADE,"3,$100301.0000"
2019-06-28 12:36:00.000000000,QUERY_SPREAD,94
2019-06-28 12:36:00.000000000,BEST_BID,"JPM,100301,360"
2019-06-28 12:36:00.000000000,BEST_ASK,"JPM,100551,240"
2019-06-28 12:36:00.000000000,LAST_TRADE,"4,$100301.0000"
2019-06-28 12:36:00.000000000,QUERY_SPREAD,95
2019-06-28 12:36:00.000000000,BEST_BID,"JPM,100301,355"
2019-06-28 12:36:00.000000000,BEST_ASK,"JPM,100551,240"
2019-06-28 12:36:00.000000000,LAST_TRADE,"5,$100301.0000"
2019-06-28 12:36:00.000000000,QUERY_SPREAD,96
2019-06-28 12:36:00.000000000,BEST_BID,"JPM,100301,354"
2019-06-28 12:36:00.000000000,BEST_ASK,"JPM,100551,240"
2019-06-28 12:36:00.000000000,LAST_TRADE,"1,$100301.0000"
2019-06-28 12:36:00.000000000,QUERY_SPREAD,97
2019-06-28 12:36:00.000000000,BEST_BID,"JPM,100301,347"
2019-06-28 12:36:00.000000000,BEST_ASK,"JPM,100551,240"
2019-06-28 12:36:00.000000000,LAST_TRADE,"7,$100301.0000"
2019-06-28 12:36:00.000000000,QUERY_SPREAD,98
2019-06-28 12:36:00.000000000,BEST_BID,"JPM,100301,341"
2019-06-28 12:36:00.000000000,BEST_ASK,"JPM,100551,240"
2019-06-28 12:36:00.000000000,LAST_TRADE,"6,$100301.0000"
2019-06-28 12:36:00.000000000,QUERY_SPREAD,99
2019-06-28 12:36:00.000000000,BEST_BID,"JPM,100301,336"
2019-06-28 12:36:00.000000000,BEST_ASK,"JPM,100551,240"
2019-06-28 12:36:00.000000000,LAST_TRADE,"5,$100301.0000"
2019-06-28 12:36:00.000000000,QUERY_SPREAD,100
2019-06-28 12:36:00.000000000,BEST_BID,"JPM,100301,329"
2019-06-28 12:36:00.000000000,BEST_ASK,"JPM,100551,240"
2019-06-28 12:36:00.000000000,LAST_TRADE,"7,$100301.0000"
2019-06-28 12:36:00.000000000,QUERY_SPREAD,101
2019-06-28 12:36:00.000000000,QUERY_ORDER_STREAM,101
2019-06-28 12:36:09.726136995,QUERY_ORDER_STREAM,61
2019-06-28 12:36:09.726136995,QUERY_SPREAD,61
2019-06-28 12:36:10.000000000,QUERY_SPREAD,1
2019-06-28 12:36:10.000000000,BEST_BID,"JPM,100301,284"
2019-06-28 12:36:10.000000000,BEST_ASK,"JPM,100551,100"
2019-06-28 12:36:10.000000000,BEST_BID,"JPM,100301,284"
2019-06-28 12:36:10.000000000,BEST_ASK,"JPM,100551,100"
2019-06-28 12:36:10.000000000,BEST_BID,"JPM,100301,284"
2019-06-28 12:36:10.000000000,BEST_ASK,"JPM,100551,100"
2019-06-28 12:36:10.000000000,BEST_BID,"JPM,100301,284"
2019-06-28 12:36:10.000000000,BEST_ASK,"JPM,100551,195"
2019-06-28 12:36:10.000000000,BEST_BID,"JPM,100301,284"
2019-06-28 12:36:10.000000000,BEST_ASK,"JPM,100551,195"
2019-06-28 12:36:10.000000000,BEST_BID,"JPM,100301,284"
2019-06-28 12:36:10.000000000,BEST_ASK,"JPM,100551,195"
2019-06-28 12:36:16.817562722,QUERY_SPREAD,27
2019-06-28 12:36:16.817562722,BEST_BID,"JPM,100301,284"
2019-06-28 12:36:16.817562722,BEST_ASK,"JPM,100551,95"
2019-06-28 12:36:16.817562722,LAST_TRADE,"100,$100551.0000"
2019-06-28 12:36:20.000000000,QUERY_SPREAD,1
2019-06-28 12:36:20.000000000,BEST_BID,"JPM,100301,245"
2019-06-28 12:36:20.000000000,BEST_ASK,"JPM,100555,100"
2019-06-28 12:36:20.000000000,BEST_BID,"JPM,100301,245"
2019-06-28 12:36:20.000000000,BEST_ASK,"JPM,100555,100"
2019-06-28 12:36:20.000000000,BEST_BID,"JPM,100301,245"
2019-06-28 12:36:20.000000000,BEST_ASK,"JPM,100555,100"
2019-06-28 12:36:20.000000000,BEST_BID,"JPM,100301,245"
2019-06-28 12:36:20.000000000,BEST_ASK,"JPM,100555,100"
2019-06-28 12:36:20.000000000,BEST_BID,"JPM,100301,245"
2019-06-28 12:36:20.000000000,BEST_ASK,"JPM,100555,100"
2019-06-28 12:36:20.000000000,BEST_BID,"JPM,100301,245"
2019-06-28 12:36:20.000000000,BEST_ASK,"JPM,100555,156"
2019-06-28 12:36:20.000000000,BEST_BID,"JPM,100301,245"
2019-06-28 12:36:20.000000000,BEST_ASK,"JPM,100555,156"
2019-06-28 12:36:20.000000000,BEST_BID,"JPM,100301,245"
2019-06-28 12:36:20.000000000,BEST_ASK,"JPM,100555,156"
2019-06-28 12:36:20.000000000,BEST_BID,"JPM,100301,245"
2019-06-28 12:36:20.000000000,BEST_ASK,"JPM,100555,156"
2019-06-28 12:36:20.000000000,BEST_BID,"JPM,100301,245"
2019-06-28 12:36:20.000000000,BEST_ASK,"JPM,100555,156"
2019-06-28 12:36:30.000000000,QUERY_SPREAD,1
2019-06-28 12:36:30.000000000,BEST_BID,"JPM,100301,329"
2019-06-28 12:36:30.000000000,BEST_ASK,"JPM,100555,100"
2019-06-28 12:36:30.000000000,BEST_BID,"JPM,100301,329"
2019-06-28 12:36:30.000000000,BEST_ASK,"JPM,100555,100"
2019-06-28 12:36:30.000000000,BEST_BID,"JPM,100301,329"
2019-06-28 12:36:30.000000000,BEST_ASK,"JPM,100555,240"
2019-06-28 12:36:30.000000000,BEST_BID,"JPM,100301,329"
2019-06-28 12:36:30.000000000,BEST_ASK,"JPM,100555,240"
2019-06-28 12:36:40.000000000,QUERY_SPREAD,1
2019-06-28 12:36:40.000000000,BEST_BID,"JPM,100301,259"
2019-06-28 12:36:40.000000000,BEST_ASK,"JPM,100555,100"
2019-06-28 12:36:40.000000000,BEST_BID,"JPM,100301,259"
2019-06-28 12:36:40.000000000,BEST_ASK,"JPM,100555,100"
2019-06-28 12:36:40.000000000,BEST_BID,"JPM,100301,259"
2019-06-28 12:36:40.000000000,BEST_ASK,"JPM,100555,100"
2019-06-28 12:36:40.000000000,BEST_BID,"JPM,100301,259"
2019-06-28 12:36:40.000000000,BEST_ASK,"JPM,100555,100"
2019-06-28 12:36:40.000000000,BEST_BID,"JPM,100301,259"
2019-06-28 12:36:40.000000000,BEST_ASK,"JPM,100555,170"
2019-06-28 12:36:40.000000000,BEST_BID,"JPM,100301,259"
2019-06-28 12:36:40.000000000,BEST_ASK,"JPM,100555,170"
2019-06-28 12:36:40.000000000,BEST_BID,"JPM,100301,259"
2019-06-28 12:36:40.000000000,BEST_ASK,"JPM,100555,170"
2019-06-28 12:36:40.000000000,BEST_BID,"JPM,100301,259"
2019-06-28 12:36:40.000000000,BEST_ASK,"JPM,100555,170"
2019-06-28 12:36:43.222906215,QUERY_ORDER_STREAM,52
2019-06-28 12:36:43.222906215,QUERY_SPREAD,52
2019-06-28 12:36:46.999105157,QUERY_ORDER_STREAM,73
2019-06-28 12:36:46.999105157,QUERY_SPREAD,73
2019-06-28 12:36:50.000000000,QUERY_SPREAD,1
2019-06-28 12:36:50.000000000,BEST_BID,"JPM,100301,284"
2019-06-28 12:36:50.000000000,BEST_ASK,"JPM,100555,100"
2019-06-28 12:36:50.000000000,BEST_BID,"JPM,100301,284"
2019-06-28 12:36:50.000000000,BEST_ASK,"JPM,100555,100"
2019-06-28 12:36:50.000000000,BEST_BID,"JPM,100301,284"
2019-06-28 12:36:50.000000000,BEST_ASK,"JPM,100555,100"
2019-06-28 12:36:50.000000000,BEST_BID,"JPM,100301,284"
2019-06-28 12:36:50.000000000,BEST_ASK,"JPM,100555,195"
2019-06-28 12:36:50.000000000,BEST_BID,"JPM,100301,284"
2019-06-28 12:36:50.000000000,BEST_ASK,"JPM,100555,195"
2019-06-28 12:36:50.000000000,BEST_BID,"JPM,100301,284"
2019-06-28 12:36:50.000000000,BEST_ASK,"JPM,100555,195"
2019-06-28 12:36:52.935585211,QUERY_ORDER_STREAM,75
2019-06-28 12:36:52.935585211,QUERY_SPREAD,75
2019-06-28 12:36:52.935585211,BEST_BID,"JPM,100302,100"
2019-06-28 12:36:52.935585211,BEST_ASK,"JPM,100555,195"
2019-06-28 12:36:56.360513965,QUERY_ORDER_STREAM,54
2019-06-28 12:36:56.360513965,QUERY_SPREAD,54
2019-06-28 12:37:00.000000000,QUERY_SPREAD,1
2019-06-28 12:37:00.000000000,BEST_BID,"JPM,100302,380"
2019-06-28 12:37:00.000000000,BEST_ASK,"JPM,100555,100"
2019-06-28 12:37:00.000000000,BEST_BID,"JPM,100302,380"
2019-06-28 12:37:00.000000000,BEST_ASK,"JPM,100555,380"
2019-06-28 12:37:00.000000000,QUERY_SPREAD,77
2019-06-28 12:37:00.000000000,BEST_BID,"JPM,100302,379"
2019-06-28 12:37:00.000000000,BEST_ASK,"JPM,100555,380"
2019-06-28 12:37:00.000000000,LAST_TRADE,"1,$100302.0000"
2019-06-28 12:37:00.000000000,QUERY_SPREAD,78
2019-06-28 12:37:00.000000000,BEST_BID,"JPM,100302,375"
2019-06-28 12:37:00.000000000,BEST_ASK,"JPM,100555,380"
2019-06-28 12:37:00.000000000,LAST_TRADE,"4,$100302.0000"
2019-06-28 12:37:00.000000000,QUERY_SPREAD,79
2019-06-28 12:37:00.000000000,BEST_BID,"JPM,100302,369"
2019-06-28 12:37:00.000000000,BEST_ASK,"JPM,100555,380"
2019-06-28 12:37:00.000000000,LAST_TRADE,"6,$100302.0000"
2019-06-28 12:37:00.000000000,QUERY_SPREAD,80
2019-06-28 12:37:00.000000000,BEST_BID,"JPM,100302,364"
2019-06-28 12:37:00.000000000,BEST_ASK,"JPM,100555,380"
2019-06-28 12:37:00.000000000,LAST_TRADE,"5,$100302.0000"
2019-06-28 12:37:00.000000000,QUERY_SPREAD,81
2019-06-28 12:37:00.000000000,BEST_BID,"JPM,100302,356"
2019-06-28 12:37:00.000000000,BEST_ASK,"JPM,100555,380"
2019-06-28 12:37:00.000000000,LAST_TRADE,"8,$100302.0000"
2019-06-28 12:37:00.000000000,QUERY_SPREAD,82
2019-06-28 12:37:00.000000000,BEST_BID,"JPM,100302,348"
2019-06-28 12:37:00.000000000,BEST_ASK,"JPM,100555,380"
2019-06-28 12:37:00.000000000,LAST_TRADE,"8,$100302.0000"
2019-06-28 12:37:00.000000000,QUERY_SPREAD,83
2019-06-28 12:37:00.000000000,BEST_BID,"JPM,100302,346"
2019-06-28 12:37:00.000000000,BEST_ASK,"JPM,100555,380"
2019-06-28 12:37:00.000000000,LAST_TRADE,"2,$100302.0000"
2019-06-28 12:37:00.000000000,QUERY_SPREAD,84
2019-06-28 12:37:00.000000000,BEST_BID,"JPM,100302,345"
2019-06-28 12:37:00.000000000,BEST_ASK,"JPM,100555,380"
2019-06-28 12:37:00.000000000,LAST_TRADE,"1,$100302.0000"
2019-06-28 12:37:00.000000000,QUERY_SPREAD,85
2019-06-28 12:37:00.000000000,BEST_BID,"JPM,100302,344"
2019-06-28 12:37:00.000000000,BEST_ASK,"JPM,100555,380"
2019-06-28 12:37:00.000000000,LAST_TRADE,"1,$100302.0000"
2019-06-28 12:37:00.000000000,QUERY_SPREAD,86
2019-06-28 12:37:00.000000000,BEST_BID,"JPM,100302,338"
2019-06-28 12:37:00.000000000,BEST_ASK,"JPM,100555,380"
2019-06-28 12:37:00.000000000,LAST_TRADE,"6,$100302.0000"
2019-06-28 12:37:00.000000000,QUERY_SPREAD,87
2019-06-28 12:37:00.000000000,BEST_BID,"JPM,100302,335"
2019-06-28 12:37:00.000000000,BEST_ASK,"JPM,100555,380"
2019-06-28 12:37:00.000000000,LAST_TRADE,"3,$100302.0000"
2019-06-28 12:37:00.000000000,QUERY_SPREAD,88
2019-06-28 12:37:00.000000000,BEST_BID,"JPM,100302,331"
2019-06-28 12:37:00.000000000,BEST_ASK,"JPM,100555,380"
2019-06-28 12:37:00.000000000,LAST_TRADE,"4,$100302.0000"
2019-06-28 12:37:00.000000000,QUERY_SPREAD,89
2019-06-28 12:37:00.000000000,BEST_BID,"JPM,100302,327"
2019-06-28 12:37:00.000000000,BEST_ASK,"JPM,100555,380"
2019-06-28 12:37:00.000000000,LAST_TRADE,"4,$100302.0000"
2019-06-28 12:37:00.000000000,QUERY_SPREAD,90
2019-06-28 12:37:00.000000000,BEST_BID,"JPM,100302,320"
2019-06-28 12:37:00.000000000,BEST_ASK,"JPM,100555,380"
2019-06-28 12:37:00.000000000,LAST_TRADE,"7,$100302.0000"
2019-06-28 12:37:00.000000000,QUERY_SPREAD,91
2019-06-28 12:37:00.000000000,BEST_BID,"JPM,100302,312"
2019-06-28 12:37:00.000000000,BEST_ASK,"JPM,100555,380"
2019-06-28 12:37:00.000000000,LAST_TRADE,"8,$100302.0000"
2019-06-28 12:37:00.000000000,QUERY_SPREAD,92
2019-06-28 12:37:00.000000000,BEST_BID,"JPM,100302,307"
2019-06-28 12:37:00.000000000,BEST_ASK,"JPM,100555,380"
2019-06-28 12:37:00.000000000,LAST_TRADE,"5,$100302.0000"
2019-06-28 12:37:00.000000000,QUERY_SPREAD,93
2019-06-28 12:37:00.000000000,BEST_BID,"JPM,100302,304"
2019-06-28 12:37:00.000000000,BEST_ASK,"JPM,100555,380"
2019-06-28 12:37:00.000000000,LAST_TRADE,"3,$100302.0000"
2019-06-28 12:37:00.000000000,QUERY_SPREAD,94
2019-06-28 12:37:00.000000000,BEST_BID,"JPM,100302,300"
2019-06-28 12:37:00.000000000,BEST_ASK,"JPM,100555,380"
2019-06-28 12:37:00.000000000,LAST_TRADE,"4,$100302.0000"
2019-06-28 12:37:00.000000000,QUERY_SPREAD,95
2019-06-28 12:37:00.000000000,BEST_BID,"JPM,100302,295"
2019-06-28 12:37:00.000000000,BEST_ASK,"JPM,100555,380"
2019-06-28 12:37:00.000000000,LAST_TRADE,"5,$100302.0000"
2019-06-28 12:37:00.000000000,QUERY_SPREAD,96
2019-06-28 12:37:00.000000000,BEST_BID,"JPM,100302,294"
2019-06-28 12:37:00.000000000,BEST_ASK,"JPM,100555,380"
2019-06-28 12:37:00.000000000,LAST_TRADE,"1,$100302.0000"
2019-06-28 12:37:00.000000000,QUERY_SPREAD,97
2019-06-28 12:37:00.000000000,BEST_BID,"JPM,100302,287"
2019-06-28 12:37:00.000000000,BEST_ASK,"JPM,100555,380"
2019-06-28 12:37:00.000000000,LAST_TRADE,"7,$100302.0000"
2019-06-28 12:37:00.000000000,QUERY_SPREAD,98
2019-06-28 12:37:00.000000000,BEST_BID,"JPM,100302,281"
2019-06-28 12:37:00.000000000,BEST_ASK,"JPM,100555,380"
2019-06-28 12:37:00.000000000,LAST_TRADE,"6,$100302.0000"
2019-06-28 12:37:00.000000000,QUERY_SPREAD,99
2019-06-28 12:37:00.000000000,BEST_BID,"JPM,100302,276"
2019-06-28 12:37:00.000000000,BEST_ASK,"JPM,100555,380"
2019-06-28 12:37:00.000000000,LAST_TRADE,"5,$100302.0000"
2019-06-28 12:37:00.000000000,QUERY_SPREAD,100
2019-06-28 12:37:00.000000000,BEST_BID,"JPM,100302,269"
2019-06-28 12:37:00.000000000,BEST_ASK,"JPM,100555,380"
2019-06-28 12:37:00.000000000,LAST_TRADE,"7,$100302.0000"
2019-06-28 12:37:00.000000000,QUERY_SPREAD,101
2019-06-28 12:37:00.000000000,QUERY_ORDER_STREAM,101
2019-06-28 12:37:03.189272486,QUERY_SPREAD,40
2019-06-28 12:37:03.189272486,BEST_BID,"JPM,100302,269"
2019-06-28 12:37:03.189272486,BEST_ASK,"JPM,100555,280"
2019-06-28 12:37:03.189272486,LAST_TRADE,"100,$100555.0000"
2019-06-28 12:37:07.318718358,QUERY_ORDER_STREAM,61
2019-06-28 12:37:07.318718358,QUERY_SPREAD,61
2019-06-28 12:37:10.000000000,QUERY_SPREAD,1
2019-06-28 12:37:10.000000000,BEST_BID,"JPM,100301,284"
2019-06-28 12:37:10.000000000,BEST_ASK,"JPM,100581,100"
2019-06-28 12:37:10.000000000,BEST_BID,"JPM,100301,284"
2019-06-28 12:37:10.000000000,BEST_ASK,"JPM,100581,100"
2019-06-28 12:37:10.000000000,BEST_BID,"JPM,100301,284"
2019-06-28 12:37:10.000000000,BEST_ASK,"JPM,100581,100"
2019-06-28 12:37:10.000000000,BEST_BID,"JPM,100301,284"
2019-06-28 12:37:10.000000000,BEST_ASK,"JPM,100581,195"
2019-06-28 12:37:10.000000000,BEST_BID,"JPM,100301,284"
2019-06-28 12:37:10.000000000,BEST_ASK,"JPM,100581,195"
2019-06-28 12:37:10.000000000,BEST_BID,"JPM,100301,284"
2019-06-28 12:37:10.000000000,BEST_ASK,"JPM,100581,195"
2019-06-28 12:37:20.000000000,QUERY_SPREAD,1
2019-06-28 12:37:20.000000000,BEST_BID,"JPM,100301,469"
2019-06-28 12:37:20.000000000,BEST_ASK,"JPM,100581,100"
2019-06-28 12:37:20.000000000,BEST_BID,"JPM,100301,469"
2019-06-28 12:37:20.000000000,BEST_ASK,"JPM,100581,380"
2019-06-28 12:37:30.000000000,QUERY_SPREAD,1
2019-06-28 12:37:30.000000000,BEST_BID,"JPM,100301,284"
2019-06-28 12:37:30.000000000,BEST_ASK,"JPM,100581,100"
2019-06-28 12:37:30.000000000,BEST_BID,"JPM,100301,284"
2019-06-28 12:37:30.000000000,BEST_ASK,"JPM,100581,100"
2019-06-28 12:37:30.000000000,BEST_BID,"JPM,100301,284"
2019-06-28 12:37:30.000000000,BEST_ASK,"JPM,100581,100"
2019-06-28 12:37:30.000000000,BEST_BID,"JPM,100301,284"
2019-06-28 12:37:30.000000000,BEST_ASK,"JPM,100581,195"
2019-06-28 12:37:30.000000000,BEST_BID,"JPM,100301,284"
2019-06-28 12:37:30.000000000,BEST_ASK,"JPM,100581,195"
2019-06-28 12:37:30.000000000,BEST_BID,"JPM,100301,284"
2019-06-28 12:37:30.000000000,BEST_ASK,"JPM,100581,195"
2019-06-28 12:37:40.000000000,QUERY_SPREAD,1
2019-06-28 12:37:40.000000000,BEST_BID,"JPM,100301,329"
2019-06-28 12:37:40.000000000,BEST_ASK,"JPM,100581,100"
2019-06-28 12:37:40.000000000,BEST_BID,"JPM,100301,329"
2019-06-28 12:37:40.000000000,BEST_ASK,"JPM,100581,100"
2019-06-28 12:37:40.000000000,BEST_BID,"JPM,100301,329"
2019-06-28 12:37:40.000000000,BEST_ASK,"JPM,100581,240"
2019-06-28 12:37:40.000000000,BEST_BID,"JPM,100301,329"
2019-06-28 12:37:40.000000000,BEST_ASK,"JPM,100581,240"
2019-06-28 12:37:41.433569375,QUERY_ORDER_STREAM,72
2019-06-28 12:37:41.433569375,QUERY_SPREAD,72
2019-06-28 12:37:50.000000000,QUERY_SPREAD,1
2019-06-28 12:37:50.000000000,BEST_BID,"JPM,100301,259"
2019-06-28 12:37:50.000000000,BEST_ASK,"JPM,100581,100"
2019-06-28 12:37:50.000000000,BEST_BID,"JPM,100301,259"
2019-06-28 12:37:50.000000000,BEST_ASK,"JPM,100581,100"
2019-06-28 12:37:50.000000000,BEST_BID,"JPM,100301,259"
2019-06-28 12:37:50.000000000,BEST_ASK,"JPM,100581,100"
2019-06-28 12:37:50.000000000,BEST_BID,"JPM,100301,259"
2019-06-28 12:37:50.000000000,BEST_ASK,"JPM,100581,100"
2019-06-28 12:37:50.000000000,BEST_BID,"JPM,100301,259"
2019-06-28 12:37:50.000000000,BEST_ASK,"JPM,100581,170"
2019-06-28 12:37:50.000000000,BEST_BID,"JPM,100301,259"
2019-06-28 12:37:50.000000000,BEST_ASK,"JPM,100581,170"
2019-06-28 12:37:50.000000000,BEST_BID,"JPM,100301,259"
2019-06-28 12:37:50.000000000,BEST_ASK,"JPM,100581,170"
2019-06-28 12:37:50.000000000,BEST_BID,"JPM,100301,259"
2019-06-28 12:37:50.000000000,BEST_ASK,"JPM,100581,170"
2019-06-28 12:38:00.000000000,QUERY_SPREAD,1
2019-06-28 12:38:00.000000000,BEST_BID,"JPM,100301,245"
2019-06-28 12:38:00.000000000,BEST_ASK,"JPM,100581,100"
2019-06-28 12:38:00.000000000,BEST_BID,"JPM,100301,245"
2019-06-28 12:38:00.000000000,BEST_ASK,"JPM,100581,100"
2019-06-28 12:38:00.000000000,BEST_BID,"JPM,100301,245"
2019-06-28 12:38:00.000000000,BEST_ASK,"JPM,100581,100"
2019-06-28 12:38:00.000000000,BEST_BID,"JPM,100301,245"
2019-06-28 12:38:00.000000000,BEST_ASK,"JPM,100581,100"
2019-06-28 12:38:00.000000000,BEST_BID,"JPM,100301,245"
2019-06-28 12:38:00.000000000,BEST_ASK,"JPM,100581,100"
2019-06-28 12:38:00.000000000,BEST_BID,"JPM,100301,245"
2019-06-28 12:38:00.000000000,BEST_ASK,"JPM,100581,156"
2019-06-28 12:38:00.000000000,BEST_BID,"JPM,100301,245"
2019-06-28 12:38:00.000000000,BEST_ASK,"JPM,100581,156"
2019-06-28 12:38:00.000000000,BEST_BID,"JPM,100301,245"
2019-06-28 12:38:00.000000000,BEST_ASK,"JPM,100581,156"
2019-06-28 12:38:00.000000000,BEST_BID,"JPM,100301,245"
2019-06-28 12:38:00.000000000,BEST_ASK,"JPM,100581,156"
2019-06-28 12:38:00.000000000,BEST_BID,"JPM,100301,245"
2019-06-28 12:38:00.000000000,BEST_ASK,"JPM,100581,156"
2019-06-28 12:38:00.000000000,QUERY_SPREAD,77
2019-06-28 12:38:00.000000000,BEST_BID,"JPM,100301,244"
2019-06-28 12:38:00.000000000,BEST_ASK,"JPM,100581,156"
2019-06-28 12:38:00.000000000,LAST_TRADE,"1,$100301.0000"
2019-06-28 12:38:00.000000000,QUERY_SPREAD,78
2019-06-28 12:38:00.000000000,BEST_BID,"JPM,100301,240"
2019-06-28 12:38:00.000000000,BEST_ASK,"JPM,100581,156"
2019-06-28 12:38:00.000000000,LAST_TRADE,"4,$100301.0000"
2019-06-28 12:38:00.000000000,QUERY_SPREAD,79
2019-06-28 12:38:00.000000000,BEST_BID,"JPM,100301,234"
2019-06-28 12:38:00.000000000,BEST_ASK,"JPM,100581,156"
2019-06-28 12:38:00.000000000,LAST_TRADE,"6,$100301.0000"
2019-06-28 12:38:00.000000000,QUERY_SPREAD,80
2019-06-28 12:38:00.000000000,BEST_BID,"JPM,100301,229"
2019-06-28 12:38:00.000000000,BEST_ASK,"JPM,100581,156"
2019-06-28 12:38:00.000000000,LAST_TRADE,"5,$100301.0000"
2019-06-28 12:38:00.000000000,QUERY_SPREAD,81
2019-06-28 12:38:00.000000000,BEST_BID,"JPM,100301,221"
2019-06-28 12:38:00.000000000,BEST_ASK,"JPM,100581,156"
2019-06-28 12:38:00.000000000,LAST_TRADE,"8,$100301.0000"
2019-06-28 12:38:00.000000000,QUERY_SPREAD,82
2019-06-28 12:38:00.000000000,BEST_BID,"JPM,100301,213"
2019-06-28 12:38:00.000000000,BEST_ASK,"JPM,100581,156"
2019-06-28 12:38:00.000000000,LAST_TRADE,"8,$100301.0000"
2019-06-28 12:38:00.000000000,QUERY_SPREAD,83
2019-06-28 12:38:00.000000000,BEST_BID,"JPM,100301,211"
2019-06-28 12:38:00.000000000,BEST_ASK,"JPM,100581,156"
2019-06-28 12:38:00.000000000,LAST_TRADE,"2,$100301.0000"
2019-06-28 12:38:00.000000000,QUERY_SPREAD,84
2019-06-28 12:38:00.000000000,BEST_BID,"JPM,100301,210"
2019-06-28 12:38:00.000000000,BEST_ASK,"JPM,100581,156"
2019-06-28 12:38:00.000000000,LAST_TRADE,"1,$100301.0000"
2019-06-28 12:38:00.000000000,QUERY_SPREAD,85
2019-06-28 12:38:00.000000000,BEST_BID,"JPM,100301,209"
2019-06-28 12:38:00.000000000,BEST_ASK,"JPM,100581,156"
2019-06-28 12:38:00.000000000,LAST_TRADE,"1,$100301.0000"
2019-06-28 12:38:00.000000000,QUERY_SPREAD,86
2019-06-28 12:38:00.000000000,BEST_BID,"JPM,100301,203"
2019-06-28 12:38:00.000000000,BEST_ASK,"JPM,100581,156"
2019-06-28 12:38:00.000000000,LAST_TRADE,"6,$100301.0000"
2019-06-28 12:38:00.000000000,QUERY_SPREAD,87
2019-06-28 12:38:00.000000000,BEST_BID,"JPM,100301,200"
2019-06-28 12:38:00.000000000,BEST_ASK,"JPM,100581,156"
2019-06-28 12:38:00.000000000,LAST_TRADE,"3,$100301.0000"
2019-06-28 12:38:00.000000000,QUERY_SPREAD,88
2019-06-28 12:38:00.000000000,BEST_BID,"JPM,100301,196"
2019-06-28 12:38:00.000000000,BEST_ASK,"JPM,100581,156"
2019-06-28 12:38:00.000000000,LAST_TRADE,"4,$100301.0000"
2019-06-28 12:38:00.000000000,QUERY_SPREAD,89
2019-06-28 12:38:00.000000000,BEST_BID,"JPM,100301,192"
2019-06-28 12:38:00.000000000,BEST_ASK,"JPM,100581,156"
2019-06-28 12:38:00.000000000,LAST_TRADE,"4,$100301.0000"
2019-06-28 12:38:00.000000000,QUERY_SPREAD,90
2019-06-28 12:38:00.000000000,BEST_BID,"JPM,100301,185"
2019-06-28 12:38:00.000000000,BEST_ASK,"JPM,100581,156"
2019-06-28 12:38:00.000000000,LAST_TRADE,"7,$100301.0000"
2019-06-28 12:38:00.000000000,QUERY_SPREAD,91
2019-06-28 12:38:00.000000000,BEST_BID,"JPM,100301,177"
2019-06-28 12:38:00.000000000,BEST_ASK,"JPM,100581,156"
2019-06-28 12:38:00.000000000,LAST_TRADE,"8,$100301.0000"
2019-06-28 12:38:00.000000000,QUERY_SPREAD,92
2019-06-28 12:38:00.000000000,BEST_BID,"JPM,100301,172"
2019-06-28 12:38:00.000000000,BEST_ASK,"JPM,100581,156"
2019-06-28 12:38:00.000000000,LAST_TRADE,"5,$100301.0000"
2019-06-28 12:38:00.000000000,QUERY_SPREAD,93
2019-06-28 12:38:00.000000000,BEST_BID,"JPM,100301,169"
2019-06-28 12:38:00.000000000,BEST_ASK,"JPM,100581,156"
2019-06-28 12:38:00.000000000,LAST_TRADE,"3,$100301.0000"
2019-06-28 12:38:00.000000000,QUERY_SPREAD,94
2019-06-28 12:38:00.000000000,BEST_BID,"JPM,100301,165"
2019-06-28 12:38:00.000000000,BEST_ASK,"JPM,100581,156"
2019-06-28 12:38:00.000000000,LAST_TRADE,"4,$100301.0000"
2019-06-28 12:38:00.000000000,QUERY_SPREAD,95
2019-06-28 12:38:00.000000000,BEST_BID,"JPM,100301,160"
2019-06-28 12:38:00.000000000,BEST_ASK,"JPM,100581,156"
2019-06-28 12:38:00.000000000,LAST_TRADE,"5,$100301.0000"
2019-06-28 12:38:00.000000000,QUERY_SPREAD,96
2019-06-28 12:38:00.000000000,BEST_BID,"JPM,100301,159"
2019-06-28 12:38:00.000000000,BEST_ASK,"JPM,100581,156"
2019-06-28 12:38:00.000000000,LAST_TRADE,"1,$100301.0000"
2019-06-28 12:38:00.000000000,QUERY_SPREAD,97
2019-06-28 12:38:00.000000000,BEST_BID,"JPM,100301,152"
2019-06-28 12:38:00.000000000,BEST_ASK,"JPM,100581,156"
2019-06-28 12:38:00.000000000,LAST_TRADE,"7,$100301.0000"
2019-06-28 12:38:00.000000000,QUERY_SPREAD,98
2019-06-28 12:38:00.000000000,BEST_BID,"JPM,100301,146"
2019-06-28 12:38:00.000000000,BEST_ASK,"JPM,100581,156"
2019-06-28 12:38:00.000000000,LAST_TRADE,"6,$100301.0000"
2019-06-28 12:38:00.000000000,QUERY_SPREAD,99
2019-06-28 12:38:00.000000000,BEST_BID,"JPM,100301,141"
2019-06-28 12:38:00.000000000,BEST_ASK,"JPM,100581,156"
2019-06-28 12:38:00.000000000,LAST_TRADE,"5,$100301.0000"
2019-06-28 12:38:00.000000000,QUERY_SPREAD,100
2019-06-28 12:38:00.000000000,BEST_BID,"JPM,100301,134"
2019-06-28 12:38:00.000000000,BEST_ASK,"JPM,100581,156"
2019-06-28 12:38:00.000000000,LAST_TRADE,"7,$100301.0000"
2019-06-28 12:38:00.000000000,QUERY_SPREAD,101
2019-06-28 12:38:00.000000000,QUERY_ORDER_STREAM,101
2019-06-28 12:38:03.046268815,QUERY_SPREAD,28
2019-06-28 12:38:03.046268815,BEST_BID,"JPM,100301,134"
2019-06-28 12:38:03.046268815,BEST_ASK,"JPM,100581,156"
2019-06-28 12:38:10.000000000,QUERY_SPREAD,1
2019-06-28 12:38:10.000000000,BEST_BID,"JPM,100301,148"
2019-06-28 12:38:10.000000000,BEST_ASK,"JPM,100581,100"
2019-06-28 12:38:10.000000000,BEST_BID,"JPM,100301,148"
2019-06-28 12:38:10.000000000,BEST_ASK,"JPM,100581,100"
2019-06-28 12:38:10.000000000,BEST_BID,"JPM,100301,148"
2019-06-28 12:38:10.000000000,BEST_ASK,"JPM,100581,100"
2019-06-28 12:38:10.000000000,BEST_BID,"JPM,100301,148"
2019-06-28 12:38:10.000000000,BEST_ASK,"JPM,100581,100"
2019-06-28 12:38:10.000000000,BEST_BID,"JPM,100301,148"
2019-06-28 12:38:10.000000000,BEST_ASK,"JPM,100581,170"
2019-06-28 12:38:10.000000000,BEST_BID,"JPM,100301,148"
2019-06-28 12:38:10.000000000,BEST_ASK,"JPM,100581,170"
2019-06-28 12:38:10.000000000,BEST_BID,"JPM,100301,148"
2019-06-28 12:38:10.000000000,BEST_ASK,"JPM,100581,170"
2019-06-28 12:38:10.000000000,BEST_BID,"JPM,100301,148"
2019-06-28 12:38:10.000000000,BEST_ASK,"JPM,100581,170"
2019-06-28 12:38:18.392606571,QUERY_SPREAD,4
2019-06-28 12:38:18.392606571,BEST_BID,"JPM,100301,148"
2019-06-28 12:38:18.392606571,BEST_ASK,"JPM,100581,170"
2019-06-28 12:38:20.000000000,QUERY_SPREAD,1
2019-06-28 12:38:20.000000000,BEST_BID,"JPM,100301,218"
2019-06-28 12:38:20.000000000,BEST_ASK,"JPM,100581,100"
2019-06-28 12:38:20.000000000,BEST_BID,"JPM,100301,218"
2019-06-28 12:38:20.000000000,BEST_ASK,"JPM,100581,100"
2019-06-28 12:38:20.000000000,BEST_BID,"JPM,100301,218"
2019-06-28 12:38:20.000000000,BEST_ASK,"JPM,100581,240"
2019-06-28 12:38:20.000000000,BEST_BID,"JPM,100301,218"
2019-06-28 12:38:20.000000000,BEST_ASK,"JPM,100581,240"
2019-06-28 12:38:21.773331354,QUERY_ORDER_STREAM,65
2019-06-28 12:38:21.773331354,QUERY_SPREAD,65
2019-06-28 12:38:30.000000000,QUERY_SPREAD,1
2019-06-28 12:38:30.000000000,BEST_BID,"JPM,100301,218"
2019-06-28 12:38:30.000000000,BEST_ASK,"JPM,100581,100"
2019-06-28 12:38:30.000000000,BEST_BID,"JPM,100301,218"
2019-06-28 12:38:30.000000000,BEST_ASK,"JPM,100581,100"
2019-06-28 12:38:30.000000000,BEST_BID,"JPM,100301,218"
2019-06-28 12:38:30.000000000,BEST_ASK,"JPM,100581,240"
2019-06-28 12:38:30.000000000,BEST_BID,"JPM,100301,218"
2019-06-28 12:38:30.000000000,BEST_ASK,"JPM,100581,240"
2019-06-28 12:38:34.894501919,QUERY_SPREAD,34
2019-06-28 12:38:34.894501919,BEST_BID,"JPM,100301,218"
2019-06-28 12:38:34.894501919,BEST_ASK,"JPM,100581,140"
2019-06-28 12:38:34.894501919,LAST_TRADE,"100,$100581.0000"
2019-06-28 12:38:40.000000000,QUERY_SPREAD,1
2019-06-28 12:38:40.000000000,BEST_BID,"JPM,100301,358"
2019-06-28 12:38:40.000000000,BEST_ASK,"JPM,100585,100"
2019-06-28 12:38:40.000000000,BEST_BID,"JPM,100301,358"
2019-06-28 12:38:40.000000000,BEST_ASK,"JPM,100585,380"
2019-06-28 12:38:50.000000000,QUERY_SPREAD,1
2019-06-28 12:38:50.000000000,BEST_BID,"JPM,100301,148"
2019-06-28 12:38:50.000000000,BEST_ASK,"JPM,100585,100"
2019-06-28 12:38:50.000000000,BEST_BID,"JPM,100301,148"
2019-06-28 12:38:50.000000000,BEST_ASK,"JPM,100585,100"
2019-06-28 12:38:50.000000000,BEST_BID,"JPM,100301,148"
2019-06-28 12:38:50.000000000,BEST_ASK,"JPM,100585,100"
2019-06-28 12:38:50.000000000,BEST_BID,"JPM,100301,148"
2019-06-28 12:38:50.000000000,BEST_ASK,"JPM,100585,100"
2019-06-28 12:38:50.000000000,BEST_BID,"JPM,100301,148"
2019-06-28 12:38:50.000000000,BEST_ASK,"JPM,100585,170"
2019-06-28 12:38:50.000000000,BEST_BID,"JPM,100301,148"
2019-06-28 12:38:50.000000000,BEST_ASK,"JPM,100585,170"
2019-06-28 12:38:50.000000000,BEST_BID,"JPM,100301,148"
2019-06-28 12:38:50.000000000,BEST_ASK,"JPM,100585,170"
2019-06-28 12:38:50.000000000,BEST_BID,"JPM,100301,148"
2019-06-28 12:38:50.000000000,BEST_ASK,"JPM,100585,170"
2019-06-28 12:39:00.000000000,QUERY_SPREAD,1
2019-06-28 12:39:00.000000000,BEST_BID,"JPM,100301,173"
2019-06-28 12:39:00.000000000,BEST_ASK,"JPM,100585,100"
2019-06-28 12:39:00.000000000,BEST_BID,"JPM,100301,173"
2019-06-28 12:39:00.000000000,BEST_ASK,"JPM,100585,100"
2019-06-28 12:39:00.000000000,BEST_BID,"JPM,100301,173"
2019-06-28 12:39:00.000000000,BEST_ASK,"JPM,100585,100"
2019-06-28 12:39:00.000000000,BEST_BID,"JPM,100301,173"
2019-06-28 12:39:00.000000000,BEST_ASK,"JPM,100585,195"
2019-06-28 12:39:00.000000000,BEST_BID,"JPM,100301,173"
2019-06-28 12:39:00.000000000,BEST_ASK,"JPM,100585,195"
2019-06-28 12:39:00.000000000,BEST_BID,"JPM,100301,173"
2019-06-28 12:39:00.000000000,BEST_ASK,"JPM,100585,195"
2019-06-28 12:39:00.000000000,QUERY_SPREAD,77
2019-06-28 12:39:00.000000000,BEST_BID,"JPM,100301,172"
2019-06-28 12:39:00.000000000,BEST_ASK,"JPM,100585,195"
2019-06-28 12:39:00.000000000,LAST_TRADE,"1,$100301.0000"
2019-06-28 12:39:00.000000000,QUERY_SPREAD,78
2019-06-28 12:39:00.000000000,BEST_BID,"JPM,100301,168"
2019-06-28 12:39:00.000000000,BEST_ASK,"JPM,100585,195"
2019-06-28 12:39:00.000000000,LAST_TRADE,"4,$100301.0000"
2019-06-28 12:39:00.000000000,QUERY_SPREAD,79
2019-06-28 12:39:00.000000000,BEST_BID,"JPM,100301,162"
2019-06-28 12:39:00.000000000,BEST_ASK,"JPM,100585,195"
2019-06-28 12:39:00.000000000,LAST_TRADE,"6,$100301.0000"
2019-06-28 12:39:00.000000000,QUERY_SPREAD,80
2019-06-28 12:39:00.000000000,BEST_BID,"JPM,100301,157"
2019-06-28 12:39:00.000000000,BEST_ASK,"JPM,100585,195"
2019-06-28 12:39:00.000000000,LAST_TRADE,"5,$100301.0000"
2019-06-28 12:39:00.000000000,QUERY_SPREAD,81
2019-06-28 12:39:00.000000000,BEST_BID,"JPM,100301,149"
2019-06-28 12:39:00.000000000,BEST_ASK,"JPM,100585,195"
2019-06-28 12:39:00.000000000,LAST_TRADE,"8,$100301.0000"
2019-06-28 12:39:00.000000000,QUERY_SPREAD,82
2019-06-28 12:39:00.000000000,BEST_BID,"JPM,100301,141"
2019-06-28 12:39:00.000000000,BEST_ASK,"JPM,100585,195"
2019-06-28 12:39:00.000000000,LAST_TRADE,"8,$100301.0000"
2019-06-28 12:39:00.000000000,QUERY_SPREAD,83
2019-06-28 12:39:00.000000000,BEST_BID,"JPM,100301,139"
2019-06-28 12:39:00.000000000,BEST_ASK,"JPM,100585,195"
2019-06-28 12:39:00.000000000,LAST_TRADE,"2,$100301.0000"
2019-06-28 12:39:00.000000000,QUERY_SPREAD,84
2019-06-28 12:39:00.000000000,BEST_BID,"JPM,100301,138"
2019-06-28 12:39:00.000000000,BEST_ASK,"JPM,100585,195"
2019-06-28 12:39:00.000000000,LAST_TRADE,"1,$100301.0000"
2019-06-28 12:39:00.000000000,QUERY_SPREAD,85
2019-06-28 12:39:00.000000000,BEST_BID,"JPM,100301,137"
2019-06-28 12:39:00.000000000,BEST_ASK,"JPM,100585,195"
2019-06-28 12:39:00.000000000,LAST_TRADE,"1,$100301.0000"
2019-06-28 12:39:00.000000000,QUERY_SPREAD,86
2019-06-28 12:39:00.000000000,BEST_BID,"JPM,100301,131"
2019-06-28 12:39:00.000000000,BEST_ASK,"JPM,100585,195"
2019-06-28 12:39:00.000000000,LAST_TRADE,"6,$100301.0000"
2019-06-28 12:39:00.000000000,QUERY_SPREAD,87
2019-06-28 12:39:00.000000000,BEST_BID,"JPM,100301,128"
2019-06-28 12:39:00.000000000,BEST_ASK,"JPM,100585,195"
2019-06-28 12:39:00.000000000,LAST_TRADE,"3,$100301.0000"
2019-06-28 12:39:00.000000000,QUERY_SPREAD,88
2019-06-28 12:39:00.000000000,BEST_BID,"JPM,100301,124"
2019-06-28 12:39:00.000000000,BEST_ASK,"JPM,100585,195"
2019-06-28 12:39:00.000000000,LAST_TRADE,"4,$100301.0000"
2019-06-28 12:39:00.000000000,QUERY_SPREAD,89
2019-06-28 12:39:00.000000000,BEST_BID,"JPM,100301,120"
2019-06-28 12:39:00.000000000,BEST_ASK,"JPM,100585,195"
2019-06-28 12:39:00.000000000,LAST_TRADE,"4,$100301.0000"
2019-06-28 12:39:00.000000000,QUERY_SPREAD,90
2019-06-28 12:39:00.000000000,BEST_BID,"JPM,100301,113"
2019-06-28 12:39:00.000000000,BEST_ASK,"JPM,100585,195"
2019-06-28 12:39:00.000000000,LAST_TRADE,"7,$100301.0000"
2019-06-28 12:39:00.000000000,QUERY_SPREAD,91
2019-06-28 12:39:00.000000000,BEST_BID,"JPM,100301,105"
2019-06-28 12:39:00.000000000,BEST_ASK,"JPM,100585,195"
2019-06-28 12:39:00.000000000,LAST_TRADE,"8,$100301.0000"
2019-06-28 12:39:00.000000000,QUERY_SPREAD,92
2019-06-28 12:39:00.000000000,BEST_BID,"JPM,100301,100"
2019-06-28 12:39:00.000000000,BEST_ASK,"JPM,100585,195"
2019-06-28 12:39:00.000000000,LAST_TRADE,"5,$100301.0000"
2019-06-28 12:39:00.000000000,QUERY_SPREAD,93
2019-06-28 12:39:00.000000000,BEST_BID,"JPM,100301,97"
2019-06-28 12:39:00.000000000,BEST_ASK,"JPM,100585,195"
2019-06-28 12:39:00.000000000,LAST_TRADE,"3,$100301.0000"
2019-06-28 12:39:00.000000000,QUERY_SPREAD,94
2019-06-28 12:39:00.000000000,BEST_BID,"JPM,100301,93"
2019-06-28 12:39:00.000000000,BEST_ASK,"JPM,100585,195"
2019-06-28 12:39:00.000000000,LAST_TRADE,"4,$100301.0000"
2019-06-28 12:39:00.000000000,QUERY_SPREAD,95
2019-06-28 12:39:00.000000000,BEST_BID,"JPM,100301,88"
2019-06-28 12:39:00.000000000,BEST_ASK,"JPM,100585,195"
2019-06-28 12:39:00.000000000,LAST_TRADE,"5,$100301.0000"
2019-06-28 12:39:00.000000000,QUERY_SPREAD,96
2019-06-28 12:39:00.000000000,BEST_BID,"JPM,100301,87"
2019-06-28 12:39:00.000000000,BEST_ASK,"JPM,100585,195"
2019-06-28 12:39:00.000000000,LAST_TRADE,"1,$100301.0000"
2019-06-28 12:39:00.000000000,QUERY_SPREAD,97
2019-06-28 12:39:00.000000000,BEST_BID,"JPM,100301,80"
2019-06-28 12:39:00.000000000,BEST_ASK,"JPM,100585,195"
2019-06-28 12:39:00.000000000,LAST_TRADE,"7,$100301.0000"
2019-06-28 12:39:00.000000000,QUERY_SPREAD,98
2019-06-28 12:39:00.000000000,BEST_BID,"JPM,100301,74"
2019-06-28 12:39:00.000000000,BEST_ASK,"JPM,100585,195"
2019-06-28 12:39:00.000000000,LAST_TRADE,"6,$100301.0000"
2019-06-28 12:39:00.000000000,QUERY_SPREAD,99
2019-06-28 12:39:00.000000000,BEST_BID,"JPM,100301,69"
2019-06-28 12:39:00.000000000,BEST_ASK,"JPM,100585,195"
2019-06-28 12:39:00.000000000,LAST_TRADE,"5,$100301.0000"
2019-06-28 12:39:00.000000000,QUERY_SPREAD,100
2019-06-28 12:39:00.000000000,BEST_BID,"JPM,100301,62"
2019-06-28 12:39:00.000000000,BEST_ASK,"JPM,100585,195"
2019-06-28 12:39:00.000000000,LAST_TRADE,"7,$100301.0000"
2019-06-28 12:39:00.000000000,QUERY_SPREAD,101
2019-06-28 12:39:00.000000000,QUERY_ORDER_STREAM,101
2019-06-28 12:39:10.000000000,QUERY_SPREAD,1
2019-06-28 12:39:10.000000000,BEST_BID,"JPM,100206,195"
2019-06-28 12:39:10.000000000,BEST_ASK,"JPM,100585,100"
2019-06-28 12:39:10.000000000,BEST_BID,"JPM,100206,195"
2019-06-28 12:39:10.000000000,BEST_ASK,"JPM,100585,100"
2019-06-28 12:39:10.000000000,BEST_BID,"JPM,100206,195"
2019-06-28 12:39:10.000000000,BEST_ASK,"JPM,100585,100"
2019-06-28 12:39:10.000000000,BEST_BID,"JPM,100206,195"
2019-06-28 12:39:10.000000000,BEST_ASK,"JPM,100585,195"
2019-06-28 12:39:10.000000000,BEST_BID,"JPM,100206,195"
2019-06-28 12:39:10.000000000,BEST_ASK,"JPM,100585,195"
2019-06-28 12:39:10.000000000,BEST_BID,"JPM,100206,195"
2019-06-28 12:39:10.000000000,BEST_ASK,"JPM,100585,195"
2019-06-28 12:39:20.000000000,QUERY_SPREAD,1
2019-06-28 12:39:20.000000000,BEST_BID,"JPM,100206,195"
2019-06-28 12:39:20.000000000,BEST_ASK,"JPM,100585,100"
2019-06-28 12:39:20.000000000,BEST_BID,"JPM,100206,195"
2019-06-28 12:39:20.000000000,BEST_ASK,"JPM,100585,100"
2019-06-28 12:39:20.000000000,BEST_BID,"JPM,100206,195"
2019-06-28 12:39:20.000000000,BEST_ASK,"JPM,100585,100"
2019-06-28 12:39:20.000000000,BEST_BID,"JPM,100206,195"
2019-06-28 12:39:20.000000000,BEST_ASK,"JPM,100585,195"
2019-06-28 12:39:20.000000000,BEST_BID,"JPM,100206,195"
2019-06-28 12:39:20.000000000,BEST_ASK,"JPM,100585,195"
2019-06-28 12:39:20.000000000,BEST_BID,"JPM,100206,195"
2019-06-28 12:39:20.000000000,BEST_ASK,"JPM,100585,195"
2019-06-28 12:39:30.000000000,QUERY_SPREAD,1
2019-06-28 12:39:30.000000000,BEST_BID,"JPM,100206,170"
2019-06-28 12:39:30.000000000,BEST_ASK,"JPM,100585,100"
2019-06-28 12:39:30.000000000,BEST_BID,"JPM,100206,170"
2019-06-28 12:39:30.000000000,BEST_ASK,"JPM,100585,100"
2019-06-28 12:39:30.000000000,BEST_BID,"JPM,100206,170"
2019-06-28 12:39:30.000000000,BEST_ASK,"JPM,100585,100"
2019-06-28 12:39:30.000000000,BEST_BID,"JPM,100206,170"
2019-06-28 12:39:30.000000000,BEST_ASK,"JPM,100585,100"
2019-06-28 12:39:30.000000000,BEST_BID,"JPM,100206,170"
2019-06-28 12:39:30.000000000,BEST_ASK,"JPM,100585,170"
2019-06-28 12:39:30.000000000,BEST_BID,"JPM,100206,170"
2019-06-28 12:39:30.000000000,BEST_ASK,"JPM,100585,170"
2019-06-28 12:39:30.000000000,BEST_BID,"JPM,100206,170"
2019-06-28 12:39:30.000000000,BEST_ASK,"JPM,100585,170"
2019-06-28 12:39:30.000000000,BEST_BID,"JPM,100206,170"
2019-06-28 12:39:30.000000000,BEST_ASK,"JPM,100585,170"
2019-06-28 12:39:30.680652981,QUERY_SPREAD,21
2019-06-28 12:39:30.680652981,BEST_BID,"JPM,100206,170"
2019-06-28 12:39:30.680652981,BEST_ASK,"JPM,100585,70"
2019-06-28 12:39:30.680652981,LAST_TRADE,"100,$100585.0000"
2019-06-28 12:39:40.000000000,QUERY_SPREAD,1
2019-06-28 12:39:40.000000000,BEST_BID,"JPM,100206,195"
2019-06-28 12:39:40.000000000,BEST_ASK,"JPM,100589,100"
2019-06-28 12:39:40.000000000,BEST_BID,"JPM,100206,195"
2019-06-28 12:39:40.000000000,BEST_ASK,"JPM,100589,100"
2019-06-28 12:39:40.000000000,BEST_BID,"JPM,100206,195"
2019-06-28 12:39:40.000000000,BEST_ASK,"JPM,100589,100"
2019-06-28 12:39:40.000000000,BEST_BID,"JPM,100206,195"
2019-06-28 12:39:40.000000000,BEST_ASK,"JPM,100589,195"
2019-06-28 12:39:40.000000000,BEST_BID,"JPM,100206,195"
2019-06-28 12:39:40.000000000,BEST_ASK,"JPM,100589,195"
2019-06-28 12:39:40.000000000,BEST_BID,"JPM,100206,195"
2019-06-28 12:39:40.000000000,BEST_ASK,"JPM,100589,195"
2019-06-28 12:39:50.000000000,QUERY_SPREAD,1
2019-06-28 12:39:50.000000000,BEST_BID,"JPM,100206,240"
2019-06-28 12:39:50.000000000,BEST_ASK,"JPM,100589,100"
2019-06-28 12:39:50.000000000,BEST_BID,"JPM,100206,240"
2019-06-28 12:39:50.000000000,BEST_ASK,"JPM,100589,100"
2019-06-28 12:39:50.000000000,BEST_BID,"JPM,100206,240"
2019-06-28 12:39:50.000000000,BEST_ASK,"JPM,100589,240"
2019-06-28 12:39:50.000000000,BEST_BID,"JPM,100206,240"
2019-06-28 12:39:50.000000000,BEST_ASK,"JPM,100589,240"
2019-06-28 12:39:54.323652140,QUERY_ORDER_STREAM,73
2019-06-28 12:39:54.323652140,QUERY_SPREAD,73
2019-06-28 12:40:00.000000000,QUERY_SPREAD,1
2019-06-28 12:40:00.000000000,BEST_BID,"JPM,100206,170"
2019-06-28 12:40:00.000000000,BEST_ASK,"JPM,100589,100"
2019-06-28 12:40:00.000000000,BEST_BID,"JPM,100206,170"
2019-06-28 12:40:00.000000000,BEST_ASK,"JPM,100589,100"
2019-06-28 12:40:00.000000000,BEST_BID,"JPM,100206,170"
2019-06-28 12:40:00.000000000,BEST_ASK,"JPM,100589,100"
2019-06-28 12:40:00.000000000,BEST_BID,"JPM,100206,170"
2019-06-28 12:40:00.000000000,BEST_ASK,"JPM,100589,100"
2019-06-28 12:40:00.000000000,BEST_BID,"JPM,100206,170"
2019-06-28 12:40:00.000000000,BEST_ASK,"JPM,100589,170"
2019-06-28 12:40:00.000000000,BEST_BID,"JPM,100206,170"
2019-06-28 12:40:00.000000000,BEST_ASK,"JPM,100589,170"
2019-06-28 12:40:00.000000000,BEST_BID,"JPM,100206,170"
2019-06-28 12:40:00.000000000,BEST_ASK,"JPM,100589,170"
2019-06-28 12:40:00.000000000,BEST_BID,"JPM,100206,170"
2019-06-28 12:40:00.000000000,BEST_ASK,"JPM,100589,170"
2019-06-28 12:40:00.000000000,QUERY_SPREAD,77
2019-06-28 12:40:00.000000000,BEST_BID,"JPM,100206,169"
2019-06-28 12:40:00.000000000,BEST_ASK,"JPM,100589,170"
2019-06-28 12:40:00.000000000,LAST_TRADE,"1,$100206.0000"
2019-06-28 12:40:00.000000000,QUERY_SPREAD,78
2019-06-28 12:40:00.000000000,BEST_BID,"JPM,100206,165"
2019-06-28 12:40:00.000000000,BEST_ASK,"JPM,100589,170"
2019-06-28 12:40:00.000000000,LAST_TRADE,"4,$100206.0000"
2019-06-28 12:40:00.000000000,QUERY_SPREAD,79
2019-06-28 12:40:00.000000000,BEST_BID,"JPM,100206,159"
2019-06-28 12:40:00.000000000,BEST_ASK,"JPM,100589,170"
2019-06-28 12:40:00.000000000,LAST_TRADE,"6,$100206.0000"
2019-06-28 12:40:00.000000000,QUERY_SPREAD,80
2019-06-28 12:40:00.000000000,BEST_BID,"JPM,100206,154"
2019-06-28 12:40:00.000000000,BEST_ASK,"JPM,100589,170"
2019-06-28 12:40:00.000000000,LAST_TRADE,"5,$100206.0000"
2019-06-28 12:40:00.000000000,QUERY_SPREAD,81
2019-06-28 12:40:00.000000000,BEST_BID,"JPM,100206,146"
2019-06-28 12:40:00.000000000,BEST_ASK,"JPM,100589,170"
2019-06-28 12:40:00.000000000,LAST_TRADE,"8,$100206.0000"
2019-06-28 12:40:00.000000000,QUERY_SPREAD,82
2019-06-28 12:40:00.000000000,BEST_BID,"JPM,100206,138"
2019-06-28 12:40:00.000000000,BEST_ASK,"JPM,100589,170"
2019-06-28 12:40:00.000000000,LAST_TRADE,"8,$100206.0000"
2019-06-28 12:40:00.000000000,QUERY_SPREAD,83
2019-06-28 12:40:00.000000000,BEST_BID,"JPM,100206,136"
2019-06-28 12:40:00.000000000,BEST_ASK,"JPM,100589,170"
2019-06-28 12:40:00.000000000,LAST_TRADE,"2,$100206.0000"
2019-06-28 12:40:00.000000000,QUERY_SPREAD,84
2019-06-28 12:40:00.000000000,BEST_BID,"JPM,100206,135"
2019-06-28 12:40:00.000000000,BEST_ASK,"JPM,100589,170"
2019-06-28 12:40:00.000000000,LAST_TRADE,"1,$100206.0000"
2019-06-28 12:40:00.000000000,QUERY_SPREAD,85
2019-06-28 12:40:00.000000000,BEST_BID,"JPM,100206,134"
2019-06-28 12:40:00.000000000,BEST_ASK,"JPM,100589,170"
2019-06-28 12:40:00.000000000,LAST_TRADE,"1,$100206.0000"
2019-06-28 12:40:00.000000000,QUERY_SPREAD,86
2019-06-28 12:40:00.000000000,BEST_BID,"JPM,100206,128"
2019-06-28 12:40:00.000000000,BEST_ASK,"JPM,100589,170"
2019-06-28 12:40:00.000000000,LAST_TRADE,"6,$100206.0000"
2019-06-28 12:40:00.000000000,QUERY_SPREAD,87
2019-06-28 12:40:00.000000000,BEST_BID,"JPM,100206,125"
2019-06-28 12:40:00.000000000,BEST_ASK,"JPM,100589,170"
2019-06-28 12:40:00.000000000,LAST_TRADE,"3,$100206.0000"
2019-06-28 12:40:00.000000000,QUERY_SPREAD,88
2019-06-28 12:40:00.000000000,BEST_BID,"JPM,100206,121"
2019-06-28 12:40:00.000000000,BEST_ASK,"JPM,100589,170"
2019-06-28 12:40:00.000000000,LAST_TRADE,"4,$100206.0000"
2019-06-28 12:40:00.000000000,QUERY_SPREAD,89
2019-06-28 12:40:00.000000000,BEST_BID,"JPM,100206,117"
2019-06-28 12:40:00.000000000,BEST_ASK,"JPM,100589,170"
2019-06-28 12:40:00.000000000,LAST_TRADE,"4,$100206.0000"
2019-06-28 12:40:00.000000000,QUERY_SPREAD,90
2019-06-28 12:40:00.000000000,BEST_BID,"JPM,100206,110"
2019-06-28 12:40:00.000000000,BEST_ASK,"JPM,100589,170"
2019-06-28 12:40:00.000000000,LAST_TRADE,"7,$100206.0000"
2019-06-28 12:40:00.000000000,QUERY_SPREAD,91
2019-06-28 12:40:00.000000000,BEST_BID,"JPM,100206,102"
2019-06-28 12:40:00.000000000,BEST_ASK,"JPM,100589,170"
2019-06-28 12:40:00.000000000,LAST_TRADE,"8,$100206.0000"
2019-06-28 12:40:00.000000000,QUERY_SPREAD,92
2019-06-28 12:40:00.000000000,BEST_BID,"JPM,100206,97"
2019-06-28 12:40:00.000000000,BEST_ASK,"JPM,100589,170"
2019-06-28 12:40:00.000000000,LAST_TRADE,"5,$100206.0000"
2019-06-28 12:40:00.000000000,QUERY_SPREAD,93
2019-06-28 12:40:00.000000000,BEST_BID,"JPM,100206,94"
2019-06-28 12:40:00.000000000,BEST_ASK,"JPM,100589,170"
2019-06-28 12:40:00.000000000,LAST_TRADE,"3,$100206.0000"
2019-06-28 12:40:00.000000000,QUERY_SPREAD,94
2019-06-28 12:40:00.000000000,BEST_BID,"JPM,100206,90"
2019-06-28 12:40:00.000000000,BEST_ASK,"JPM,100589,170"
2019-06-28 12:40:00.000000000,LAST_TRADE,"4,$100206.0000"
2019-06-28 12:40:00.000000000,QUERY_SPREAD,95
2019-06-28 12:40:00.000000000,BEST_BID,"JPM,100206,85"
2019-06-28 12:40:00.000000000,BEST_ASK,"JPM,100589,170"
2019-06-28 12:40:00.000000000,LAST_TRADE,"5,$100206.0000"
2019-06-28 12:40:00.000000000,QUERY_SPREAD,96
2019-06-28 12:40:00.000000000,BEST_BID,"JPM,100206,84"
2019-06-28 12:40:00.000000000,BEST_ASK,"JPM,100589,170"
2019-06-28 12:40:00.000000000,LAST_TRADE,"1,$100206.0000"
2019-06-28 12:40:00.000000000,QUERY_SPREAD,97
2019-06-28 12:40:00.000000000,BEST_BID,"JPM,100206,77"
2019-06-28 12:40:00.000000000,BEST_ASK,"JPM,100589,170"
2019-06-28 12:40:00.000000000,LAST_TRADE,"7,$100206.0000"
2019-06-28 12:40:00.000000000,QUERY_SPREAD,98
2019-06-28 12:40:00.000000000,BEST_BID,"JPM,100206,71"
2019-06-28 12:40:00.000000000,BEST_ASK,"JPM,100589,170"
2019-06-28 12:40:00.000000000,LAST_TRADE,"6,$100206.0000"
2019-06-28 12:40:00.000000000,QUERY_SPREAD,99
2019-06-28 12:40:00.000000000,BEST_BID,"JPM,100206,66"
2019-06-28 12:40:00.000000000,BEST_ASK,"JPM,100589,170"
2019-06-28 12:40:00.000000000,LAST_TRADE,"5,$100206.0000"
2019-06-28 12:40:00.000000000,QUERY_SPREAD,100
2019-06-28 12:40:00.000000000,BEST_BID,"JPM,100206,59"
2019-06-28 12:40:00.000000000,BEST_ASK,"JPM,100589,170"
2019-06-28 12:40:00.000000000,LAST_TRADE,"7,$100206.0000"
2019-06-28 12:40:00.000000000,QUERY_SPREAD,101
2019-06-28 12:40:00.000000000,QUERY_ORDER_STREAM,101
2019-06-28 12:40:08.622622200,QUERY_ORDER_STREAM,53
2019-06-28 12:40:08.622622200,QUERY_SPREAD,53
2019-06-28 12:40:08.622622200,BEST_BID,"JPM,100206,159"
2019-06-28 12:40:08.622622200,BEST_ASK,"JPM,100589,170"
2019-06-28 12:40:10.000000000,QUERY_SPREAD,1
2019-06-28 12:40:10.000000000,BEST_BID,"JPM,100206,240"
2019-06-28 12:40:10.000000000,BEST_ASK,"JPM,100589,100"
2019-06-28 12:40:10.000000000,BEST_BID,"JPM,100206,240"
2019-06-28 12:40:10.000000000,BEST_ASK,"JPM,100589,100"
2019-06-28 12:40:10.000000000,BEST_BID,"JPM,100206,240"
2019-06-28 12:40:10.000000000,BEST_ASK,"JPM,100589,240"
2019-06-28 12:40:10.000000000,BEST_BID,"JPM,100206,240"
2019-06-28 12:40:10.000000000,BEST_ASK,"JPM,100589,240"
2019-06-28 12:40:13.275812960,QUERY_ORDER_STREAM,70
2019-06-28 12:40:13.275812960,QUERY_SPREAD,70
2019-06-28 12:40:20.000000000,QUERY_SPREAD,1
2019-06-28 12:40:20.000000000,BEST_BID,"JPM,100206,240"
2019-06-28 12:40:20.000000000,BEST_ASK,"JPM,100589,100"
2019-06-28 12:40:20.000000000,BEST_BID,"JPM,100206,240"
2019-06-28 12:40:20.000000000,BEST_ASK,"JPM,100589,100"
2019-06-28 12:40:20.000000000,BEST_BID,"JPM,100206,240"
2019-06-28 12:40:20.000000000,BEST_ASK,"JPM,100589,240"
2019-06-28 12:40:20.000000000,BEST_BID,"JPM,100206,240"
2019-06-28 12:40:20.000000000,BEST_ASK,"JPM,100589,240"
2019-06-28 12:40:25.360135589,QUERY_SPREAD,38
2019-06-28 12:40:25.360135589,BEST_BID,"JPM,100367,100"
2019-06-28 12:40:25.360135589,BEST_ASK,"JPM,100589,240"
2019-06-28 12:40:25.467844954,QUERY_ORDER_STREAM,68
2019-06-28 12:40:25.467844954,QUERY_SPREAD,68
2019-06-28 12:40:27.457412197,QUERY_SPREAD,49
2019-06-28 12:40:27.457412197,BEST_BID,"JPM,100367,100"
2019-06-28 12:40:27.457412197,BEST_ASK,"JPM,100589,240"
2019-06-28 12:40:30.000000000,QUERY_SPREAD,1
2019-06-28 12:40:30.000000000,BEST_BID,"JPM,100367,156"
2019-06-28 12:40:30.000000000,BEST_ASK,"JPM,100589,100"
2019-06-28 12:40:30.000000000,BEST_BID,"JPM,100367,156"
2019-06-28 12:40:30.000000000,BEST_ASK,"JPM,100589,100"
2019-06-28 12:40:30.000000000,BEST_BID,"JPM,100367,156"
2019-06-28 12:40:30.000000000,BEST_ASK,"JPM,100589,100"
2019-06-28 12:40:30.000000000,BEST_BID,"JPM,100367,156"
2019-06-28 12:40:30.000000000,BEST_ASK,"JPM,100589,100"
2019-06-28 12:40:30.000000000,BEST_BID,"JPM,100367,156"
2019-06-28 12:40:30.000000000,BEST_ASK,"JPM,100589,100"
2019-06-28 12:40:30.000000000,BEST_BID,"JPM,100367,156"
2019-06-28 12:40:30.000000000,BEST_ASK,"JPM,100589,156"
2019-06-28 12:40:30.000000000,BEST_BID,"JPM,100367,156"
2019-06-28 12:40:30.000000000,BEST_ASK,"JPM,100589,156"
2019-06-28 12:40:30.000000000,BEST_BID,"JPM,100367,156"
2019-06-28 12:40:30.000000000,BEST_ASK,"JPM,100589,156"
2019-06-28 12:40:30.000000000,BEST_BID,"JPM,100367,156"
2019-06-28 12:40:30.000000000,BEST_ASK,"JPM,100589,156"
2019-06-28 12:40:30.000000000,BEST_BID,"JPM,100367,156"
2019-06-28 12:40:30.000000000,BEST_ASK,"JPM,100589,156"
2019-06-28 12:40:30.312154790,QUERY_ORDER_STREAM,52
2019-06-28 12:40:30.312154790,QUERY_SPREAD,52
2019-06-28 12:40:30.312154790,BEST_BID,"JPM,100367,156"
2019-06-28 12:40:30.312154790,BEST_ASK,"JPM,100589,156"
2019-06-28 12:40:34.097912054,QUERY_SPREAD,25
2019-06-28 12:40:34.097912054,BEST_BID,"JPM,100367,156"
2019-06-28 12:40:34.097912054,BEST_ASK,"JPM,100589,56"
2019-06-28 12:40:34.097912054,LAST_TRADE,"100,$100589.0000"
2019-06-28 12:40:40.000000000,QUERY_SPREAD,1
2019-06-28 12:40:40.000000000,BEST_BID,"JPM,100367,156"
2019-06-28 12:40:40.000000000,BEST_ASK,"JPM,100661,100"
2019-06-28 12:40:40.000000000,BEST_BID,"JPM,100367,156"
2019-06-28 12:40:40.000000000,BEST_ASK,"JPM,100661,100"
2019-06-28 12:40:40.000000000,BEST_BID,"JPM,100367,156"
2019-06-28 12:40:40.000000000,BEST_ASK,"JPM,100661,100"
2019-06-28 12:40:40.000000000,BEST_BID,"JPM,100367,156"
2019-06-28 12:40:40.000000000,BEST_ASK,"JPM,100661,100"
2019-06-28 12:40:40.000000000,BEST_BID,"JPM,100367,156"
2019-06-28 12:40:40.000000000,BEST_ASK,"JPM,100661,100"
2019-06-28 12:40:40.000000000,BEST_BID,"JPM,100367,156"
2019-06-28 12:40:40.000000000,BEST_ASK,"JPM,100661,156"
2019-06-28 12:40:40.000000000,BEST_BID,"JPM,100367,156"
2019-06-28 12:40:40.000000000,BEST_ASK,"JPM,100661,156"
2019-06-28 12:40:40.000000000,BEST_BID,"JPM,100367,156"
2019-06-28 12:40:40.000000000,BEST_ASK,"JPM,100661,156"
2019-06-28 12:40:40.000000000,BEST_BID,"JPM,100367,156"
2019-06-28 12:40:40.000000000,BEST_ASK,"JPM,100661,156"
2019-06-28 12:40:40.000000000,BEST_BID,"JPM,100367,156"
2019-06-28 12:40:40.000000000,BEST_ASK,"JPM,100661,156"
2019-06-28 12:40:41.533437060,QUERY_SPREAD,16
2019-06-28 12:40:41.533437060,BEST_BID,"JPM,100367,156"
2019-06-28 12:40:41.533437060,BEST_ASK,"JPM,100661,156"
2019-06-28 12:40:48.529414683,QUERY_ORDER_STREAM,73
2019-06-28 12:40:48.529414683,QUERY_SPREAD,73
2019-06-28 12:40:48.529414683,BEST_BID,"JPM,100367,156"
2019-06-28 12:40:48.529414683,BEST_ASK,"JPM,100588,100"
2019-06-28 12:40:50.000000000,QUERY_SPREAD,1
2019-06-28 12:40:50.000000000,BEST_BID,"JPM,100367,380"
2019-06-28 12:40:50.000000000,BEST_ASK,"JPM,100588,100"
2019-06-28 12:40:50.000000000,BEST_BID,"JPM,100367,380"
2019-06-28 12:40:50.000000000,BEST_ASK,"JPM,100588,380"
2019-06-28 12:41:00.000000000,QUERY_SPREAD,1
2019-06-28 12:41:00.000000000,BEST_BID,"JPM,100367,170"
2019-06-28 12:41:00.000000000,BEST_ASK,"JPM,100588,100"
2019-06-28 12:41:00.000000000,BEST_BID,"JPM,100367,170"
2019-06-28 12:41:00.000000000,BEST_ASK,"JPM,100588,100"
2019-06-28 12:41:00.000000000,BEST_BID,"JPM,100367,170"
2019-06-28 12:41:00.000000000,BEST_ASK,"JPM,100588,100"
2019-06-28 12:41:00.000000000,BEST_BID,"JPM,100367,170"
2019-06-28 12:41:00.000000000,BEST_ASK,"JPM,100588,100"
2019-06-28 12:41:00.000000000,BEST_BID,"JPM,100367,170"
2019-06-28 12:41:00.000000000,BEST_ASK,"JPM,100588,170"
2019-06-28 12:41:00.000000000,BEST_BID,"JPM,100367,170"
2019-06-28 12:41:00.000000000,BEST_ASK,"JPM,100588,170"
2019-06-28 12:41:00.000000000,BEST_BID,"JPM,100367,170"
2019-06-28 12:41:00.000000000,BEST_ASK,"JPM,100588,170"
2019-06-28 12:41:00.000000000,BEST_BID,"JPM,100367,170"
2019-06-28 12:41:00.000000000,BEST_ASK,"JPM,100588,170"
2019-06-28 12:41:00.000000000,QUERY_SPREAD,77
2019-06-28 12:41:00.000000000,BEST_BID,"JPM,100367,169"
2019-06-28 12:41:00.000000000,BEST_ASK,"JPM,100588,170"
2019-06-28 12:41:00.000000000,LAST_TRADE,"1,$100367.0000"
2019-06-28 12:41:00.000000000,QUERY_SPREAD,78
2019-06-28 12:41:00.000000000,BEST_BID,"JPM,100367,165"
2019-06-28 12:41:00.000000000,BEST_ASK,"JPM,100588,170"
2019-06-28 12:41:00.000000000,LAST_TRADE,"4,$100367.0000"
2019-06-28 12:41:00.000000000,QUERY_SPREAD,79
2019-06-28 12:41:00.000000000,BEST_BID,"JPM,100367,159"
2019-06-28 12:41:00.000000000,BEST_ASK,"JPM,100588,170"
2019-06-28 12:41:00.000000000,LAST_TRADE,"6,$100367.0000"
2019-06-28 12:41:00.000000000,QUERY_SPREAD,80
2019-06-28 12:41:00.000000000,BEST_BID,"JPM,100367,154"
2019-06-28 12:41:00.000000000,BEST_ASK,"JPM,100588,170"
2019-06-28 12:41:00.000000000,LAST_TRADE,"5,$100367.0000"
2019-06-28 12:41:00.000000000,QUERY_SPREAD,81
2019-06-28 12:41:00.000000000,BEST_BID,"JPM,100367,146"
2019-06-28 12:41:00.000000000,BEST_ASK,"JPM,100588,170"
2019-06-28 12:41:00.000000000,LAST_TRADE,"8,$100367.0000"
2019-06-28 12:41:00.000000000,QUERY_SPREAD,82
2019-06-28 12:41:00.000000000,BEST_BID,"JPM,100367,138"
2019-06-28 12:41:00.000000000,BEST_ASK,"JPM,100588,170"
2019-06-28 12:41:00.000000000,LAST_TRADE,"8,$100367.0000"
2019-06-28 12:41:00.000000000,QUERY_SPREAD,83
2019-06-28 12:41:00.000000000,BEST_BID,"JPM,100367,136"
2019-06-28 12:41:00.000000000,BEST_ASK,"JPM,100588,170"
2019-06-28 12:41:00.000000000,LAST_TRADE,"2,$100367.0000"
2019-06-28 12:41:00.000000000,QUERY_SPREAD,84
2019-06-28 12:41:00.000000000,BEST_BID,"JPM,100367,135"
2019-06-28 12:41:00.000000000,BEST_ASK,"JPM,100588,170"
2019-06-28 12:41:00.000000000,LAST_TRADE,"1,$100367.0000"
2019-06-28 12:41:00.000000000,QUERY_SPREAD,85
2019-06-28 12:41:00.000000000,BEST_BID,"JPM,100367,134"
2019-06-28 12:41:00.000000000,BEST_ASK,"JPM,100588,170"
2019-06-28 12:41:00.000000000,LAST_TRADE,"1,$100367.0000"
2019-06-28 12:41:00.000000000,QUERY_SPREAD,86
2019-06-28 12:41:00.000000000,BEST_BID,"JPM,100367,128"
2019-06-28 12:41:00.000000000,BEST_ASK,"JPM,100588,170"
2019-06-28 12:41:00.000000000,LAST_TRADE,"6,$100367.0000"
2019-06-28 12:41:00.000000000,QUERY_SPREAD,87
2019-06-28 12:41:00.000000000,BEST_BID,"JPM,100367,125"
2019-06-28 12:41:00.000000000,BEST_ASK,"JPM,100588,170"
2019-06-28 12:41:00.000000000,LAST_TRADE,"3,$100367.0000"
2019-06-28 12:41:00.000000000,QUERY_SPREAD,88
2019-06-28 12:41:00.000000000,BEST_BID,"JPM,100367,121"
2019-06-28 12:41:00.000000000,BEST_ASK,"JPM,100588,170"
2019-06-28 12:41:00.000000000,LAST_TRADE,"4,$100367.0000"
2019-06-28 12:41:00.000000000,QUERY_SPREAD,89
2019-06-28 12:41:00.000000000,BEST_BID,"JPM,100367,117"
2019-06-28 12:41:00.000000000,BEST_ASK,"JPM,100588,170"
2019-06-28 12:41:00.000000000,LAST_TRADE,"4,$100367.0000"
2019-06-28 12:41:00.000000000,QUERY_SPREAD,90
2019-06-28 12:41:00.000000000,BEST_BID,"JPM,100367,110"
2019-06-28 12:41:00.000000000,BEST_ASK,"JPM,100588,170"
2019-06-28 12:41:00.000000000,LAST_TRADE,"7,$100367.0000"
2019-06-28 12:41:00.000000000,QUERY_SPREAD,91
2019-06-28 12:41:00.000000000,BEST_BID,"JPM,100367,102"
2019-06-28 12:41:00.000000000,BEST_ASK,"JPM,100588,170"
2019-06-28 12:41:00.000000000,LAST_TRADE,"8,$100367.0000"
2019-06-28 12:41:00.000000000,QUERY_SPREAD,92
2019-06-28 12:41:00.000000000,BEST_BID,"JPM,100367,97"
2019-06-28 12:41:00.000000000,BEST_ASK,"JPM,100588,170"
2019-06-28 12:41:00.000000000,LAST_TRADE,"5,$100367.0000"
2019-06-28 12:41:00.000000000,QUERY_SPREAD,93
2019-06-28 12:41:00.000000000,BEST_BID,"JPM,100367,94"
2019-06-28 12:41:00.000000000,BEST_ASK,"JPM,100588,170"
2019-06-28 12:41:00.000000000,LAST_TRADE,"3,$100367.0000"
2019-06-28 12:41:00.000000000,QUERY_SPREAD,94
2019-06-28 12:41:00.000000000,BEST_BID,"JPM,100367,90"
2019-06-28 12:41:00.000000000,BEST_ASK,"JPM,100588,170"
2019-06-28 12:41:00.000000000,LAST_TRADE,"4,$100367.0000"
2019-06-28 12:41:00.000000000,QUERY_SPREAD,95
2019-06-28 12:41:00.000000000,BEST_BID,"JPM,100367,85"
2019-06-28 12:41:00.000000000,BEST_ASK,"JPM,100588,170"
2019-06-28 12:41:00.000000000,LAST_TRADE,"5,$100367.0000"
2019-06-28 12:41:00.000000000,QUERY_SPREAD,96
2019-06-28 12:41:00.000000000,BEST_BID,"JPM,100367,84"
2019-06-28 12:41:00.000000000,BEST_ASK,"JPM,100588,170"
2019-06-28 12:41:00.000000000,LAST_TRADE,"1,$100367.0000"
2019-06-28 12:41:00.000000000,QUERY_SPREAD,97
2019-06-28 12:41:00.000000000,BEST_BID,"JPM,100367,77"
2019-06-28 12:41:00.000000000,BEST_ASK,"JPM,100588,170"
2019-06-28 12:41:00.000000000,LAST_TRADE,"7,$100367.0000"
2019-06-28 12:41:00.000000000,QUERY_SPREAD,98
2019-06-28 12:41:00.000000000,BEST_BID,"JPM,100367,71"
2019-06-28 12:41:00.000000000,BEST_ASK,"JPM,100588,170"
2019-06-28 12:41:00.000000000,LAST_TRADE,"6,$100367.0000"
2019-06-28 12:41:00.000000000,QUERY_SPREAD,99
2019-06-28 12:41:00.000000000,BEST_BID,"JPM,100367,66"
2019-06-28 12:41:00.000000000,BEST_ASK,"JPM,100588,170"
2019-06-28 12:41:00.000000000,LAST_TRADE,"5,$100367.0000"
2019-06-28 12:41:00.000000000,QUERY_SPREAD,100
2019-06-28 12:41:00.000000000,BEST_BID,"JPM,100367,59"
2019-06-28 12:41:00.000000000,BEST_ASK,"JPM,100588,170"
2019-06-28 12:41:00.000000000,LAST_TRADE,"7,$100367.0000"
2019-06-28 12:41:00.000000000,QUERY_SPREAD,101
2019-06-28 12:41:00.000000000,QUERY_ORDER_STREAM,101
2019-06-28 12:41:10.000000000,QUERY_SPREAD,1
2019-06-28 12:41:10.000000000,BEST_BID,"JPM,100206,256"
2019-06-28 12:41:10.000000000,BEST_ASK,"JPM,100588,100"
2019-06-28 12:41:10.000000000,BEST_BID,"JPM,100206,256"
2019-06-28 12:41:10.000000000,BEST_ASK,"JPM,100588,100"
2019-06-28 12:41:10.000000000,BEST_BID,"JPM,100206,256"
2019-06-28 12:41:10.000000000,BEST_ASK,"JPM,100588,100"
2019-06-28 12:41:10.000000000,BEST_BID,"JPM,100206,256"
2019-06-28 12:41:10.000000000,BEST_ASK,"JPM,100588,100"
2019-06-28 12:41:10.000000000,BEST_BID,"JPM,100206,256"
2019-06-28 12:41:10.000000000,BEST_ASK,"JPM,100588,100"
2019-06-28 12:41:10.000000000,BEST_BID,"JPM,100206,256"
2019-06-28 12:41:10.000000000,BEST_ASK,"JPM,100588,156"
2019-06-28 12:41:10.000000000,BEST_BID,"JPM,100206,256"
2019-06-28 12:41:10.000000000,BEST_ASK,"JPM,100588,156"
2019-06-28 12:41:10.000000000,BEST_BID,"JPM,100206,256"
2019-06-28 12:41:10.000000000,BEST_ASK,"JPM,100588,156"
2019-06-28 12:41:10.000000000,BEST_BID,"JPM,100206,256"
2019-06-28 12:41:10.000000000,BEST_ASK,"JPM,100588,156"
2019-06-28 12:41:10.000000000,BEST_BID,"JPM,100206,256"
2019-06-28 12:41:10.000000000,BEST_ASK,"JPM,100588,156"
2019-06-28 12:41:20.000000000,QUERY_SPREAD,1
2019-06-28 12:41:20.000000000,BEST_BID,"JPM,100206,480"
2019-06-28 12:41:20.000000000,BEST_ASK,"JPM,100588,100"
2019-06-28 12:41:20.000000000,BEST_BID,"JPM,100206,480"
2019-06-28 12:41:20.000000000,BEST_ASK,"JPM,100588,380"
2019-06-28 12:41:30.000000000,QUERY_SPREAD,1
2019-06-28 12:41:30.000000000,BEST_BID,"JPM,100206,340"
2019-06-28 12:41:30.000000000,BEST_ASK,"JPM,100588,100"
2019-06-28 12:41:30.000000000,BEST_BID,"JPM,100206,340"
2019-06-28 12:41:30.000000000,BEST_ASK,"JPM,100588,100"
2019-06-28 12:41:30.000000000,BEST_BID,"JPM,100206,340"
2019-06-28 12:41:30.000000000,BEST_ASK,"JPM,100588,240"
2019-06-28 12:41:30.000000000,BEST_BID,"JPM,100206,340"
2019-06-28 12:41:30.000000000,BEST_ASK,"JPM,100588,240"
2019-06-28 12:41:40.000000000,QUERY_SPREAD,1
2019-06-28 12:41:40.000000000,BEST_BID,"JPM,100206,480"
2019-06-28 12:41:40.000000000,BEST_ASK,"JPM,100588,100"
2019-06-28 12:41:40.000000000,BEST_BID,"JPM,100206,480"
2019-06-28 12:41:40.000000000,BEST_ASK,"JPM,100588,380"
2019-06-28 12:41:41.888812507,QUERY_SPREAD,40
2019-06-28 12:41:41.888812507,BEST_BID,"JPM,100206,480"
2019-06-28 12:41:41.888812507,BEST_ASK,"JPM,100427,100"
2019-06-28 12:41:50.000000000,QUERY_SPREAD,1
2019-06-28 12:41:50.000000000,BEST_BID,"JPM,100206,256"
2019-06-28 12:41:50.000000000,BEST_ASK,"JPM,100427,100"
2019-06-28 12:41:50.000000000,BEST_BID,"JPM,100206,256"
2019-06-28 12:41:50.000000000,BEST_ASK,"JPM,100427,100"
2019-06-28 12:41:50.000000000,BEST_BID,"JPM,100206,256"
2019-06-28 12:41:50.000000000,BEST_ASK,"JPM,100427,100"
2019-06-28 12:41:50.000000000,BEST_BID,"JPM,100206,256"
2019-06-28 12:41:50.000000000,BEST_ASK,"JPM,100427,100"
2019-06-28 12:41:50.000000000,BEST_BID,"JPM,100206,256"
2019-06-28 12:41:50.000000000,BEST_ASK,"JPM,100427,100"
2019-06-28 12:41:50.000000000,BEST_BID,"JPM,100206,256"
2019-06-28 12:41:50.000000000,BEST_ASK,"JPM,100427,156"
2019-06-28 12:41:50.000000000,BEST_BID,"JPM,100206,256"
2019-06-28 12:41:50.000000000,BEST_ASK,"JPM,100427,156"
2019-06-28 12:41:50.000000000,BEST_BID,"JPM,100206,256"
2019-06-28 12:41:50.000000000,BEST_ASK,"JPM,100427,156"
2019-06-28 12:41:50.000000000,BEST_BID,"JPM,100206,256"
2019-06-28 12:41:50.000000000,BEST_ASK,"JPM,100427,156"
2019-06-28 12:41:50.000000000,BEST_BID,"JPM,100206,256"
2019-06-28 12:41:50.000000000,BEST_ASK,"JPM,100427,156"
2019-06-28 12:41:50.902531900,QUERY_ORDER_STREAM,64
2019-06-28 12:41:50.902531900,QUERY_SPREAD,64
2019-06-28 12:42:00.000000000,QUERY_SPREAD,1
2019-06-28 12:42:00.000000000,BEST_BID,"JPM,100206,295"
2019-06-28 12:42:00.000000000,BEST_ASK,"JPM,100427,100"
2019-06-28 12:42:00.000000000,BEST_BID,"JPM,100206,295"
2019-06-28 12:42:00.000000000,BEST_ASK,"JPM,100427,100"
2019-06-28 12:42:00.000000000,BEST_BID,"JPM,100206,295"
2019-06-28 12:42:00.000000000,BEST_ASK,"JPM,100427,100"
2019-06-28 12:42:00.000000000,BEST_BID,"JPM,100206,295"
2019-06-28 12:42:00.000000000,BEST_ASK,"JPM,100427,195"
2019-06-28 12:42:00.000000000,BEST_BID,"JPM,100206,295"
2019-06-28 12:42:00.000000000,BEST_ASK,"JPM,100427,195"
2019-06-28 12:42:00.000000000,BEST_BID,"JPM,100206,295"
2019-06-28 12:42:00.000000000,BEST_ASK,"JPM,100427,195"
2019-06-28 12:42:00.000000000,QUERY_SPREAD,77
2019-06-28 12:42:00.000000000,BEST_BID,"JPM,100206,294"
2019-06-28 12:42:00.000000000,BEST_ASK,"JPM,100427,195"
2019-06-28 12:42:00.000000000,LAST_TRADE,"1,$100206.0000"
2019-06-28 12:42:00.000000000,QUERY_SPREAD,78
2019-06-28 12:42:00.000000000,BEST_BID,"JPM,100206,290"
2019-06-28 12:42:00.000000000,BEST_ASK,"JPM,100427,195"
2019-06-28 12:42:00.000000000,LAST_TRADE,"4,$100206.0000"
2019-06-28 12:42:00.000000000,QUERY_SPREAD,79
2019-06-28 12:42:00.000000000,BEST_BID,"JPM,100206,284"
2019-06-28 12:42:00.000000000,BEST_ASK,"JPM,100427,195"
2019-06-28 12:42:00.000000000,LAST_TRADE,"6,$100206.0000"
2019-06-28 12:42:00.000000000,QUERY_SPREAD,80
2019-06-28 12:42:00.000000000,BEST_BID,"JPM,100206,279"
2019-06-28 12:42:00.000000000,BEST_ASK,"JPM,100427,195"
2019-06-28 12:42:00.000000000,LAST_TRADE,"5,$100206.0000"
2019-06-28 12:42:00.000000000,QUERY_SPREAD,81
2019-06-28 12:42:00.000000000,BEST_BID,"JPM,100206,271"
2019-06-28 12:42:00.000000000,BEST_ASK,"JPM,100427,195"
2019-06-28 12:42:00.000000000,LAST_TRADE,"8,$100206.0000"
2019-06-28 12:42:00.000000000,QUERY_SPREAD,82
2019-06-28 12:42:00.000000000,BEST_BID,"JPM,100206,263"
2019-06-28 12:42:00.000000000,BEST_ASK,"JPM,100427,195"
2019-06-28 12:42:00.000000000,LAST_TRADE,"8,$100206.0000"
2019-06-28 12:42:00.000000000,QUERY_SPREAD,83
2019-06-28 12:42:00.000000000,BEST_BID,"JPM,100206,261"
2019-06-28 12:42:00.000000000,BEST_ASK,"JPM,100427,195"
2019-06-28 12:42:00.000000000,LAST_TRADE,"2,$100206.0000"
2019-06-28 12:42:00.000000000,QUERY_SPREAD,84
2019-06-28 12:42:00.000000000,BEST_BID,"JPM,100206,260"
2019-06-28 12:42:00.000000000,BEST_ASK,"JPM,100427,195"
2019-06-28 12:42:00.000000000,LAST_TRADE,"1,$100206.0000"
2019-06-28 12:42:00.000000000,QUERY_SPREAD,85
2019-06-28 12:42:00.000000000,BEST_BID,"JPM,100206,259"
2019-06-28 12:42:00.000000000,BEST_ASK,"JPM,100427,195"
2019-06-28 12:42:00.000000000,LAST_TRADE,"1,$100206.0000"
2019-06-28 12:42:00.000000000,QUERY_SPREAD,86
2019-06-28 12:42:00.000000000,BEST_BID,"JPM,100206,253"
2019-06-28 12:42:00.000000000,BEST_ASK,"JPM,100427,195"
2019-06-28 12:42:00.000000000,LAST_TRADE,"6,$100206.0000"
2019-06-28 12:42:00.000000000,QUERY_SPREAD,87
2019-06-28 12:42:00.000000000,BEST_BID,"JPM,100206,250"
2019-06-28 12:42:00.000000000,BEST_ASK,"JPM,100427,195"
2019-06-28 12:42:00.000000000,LAST_TRADE,"3,$100206.0000"
2019-06-28 12:42:00.000000000,QUERY_SPREAD,88
2019-06-28 12:42:00.000000000,BEST_BID,"JPM,100206,246"
2019-06-28 12:42:00.000000000,BEST_ASK,"JPM,100427,195"
2019-06-28 12:42:00.000000000,LAST_TRADE,"4,$100206.0000"
2019-06-28 12:42:00.000000000,QUERY_SPREAD,89
2019-06-28 12:42:00.000000000,BEST_BID,"JPM,100206,242"
2019-06-28 12:42:00.000000000,BEST_ASK,"JPM,100427,195"
2019-06-28 12:42:00.000000000,LAST_TRADE,"4,$100206.0000"
2019-06-28 12:42:00.000000000,QUERY_SPREAD,90
2019-06-28 12:42:00.000000000,BEST_BID,"JPM,100206,235"
2019-06-28 12:42:00.000000000,BEST_ASK,"JPM,100427,195"
2019-06-28 12:42:00.000000000,LAST_TRADE,"7,$100206.0000"
2019-06-28 12:42:00.000000000,QUERY_SPREAD,91
2019-06-28 12:42:00.000000000,BEST_BID,"JPM,100206,227"
2019-06-28 12:42:00.000000000,BEST_ASK,"JPM,100427,195"
2019-06-28 12:42:00.000000000,LAST_TRADE,"8,$100206.0000"
2019-06-28 12:42:00.000000000,QUERY_SPREAD,92
2019-06-28 12:42:00.000000000,BEST_BID,"JPM,100206,222"
2019-06-28 12:42:00.000000000,BEST_ASK,"JPM,100427,195"
2019-06-28 12:42:00.000000000,LAST_TRADE,"5,$100206.0000"
2019-06-28 12:42:00.000000000,QUERY_SPREAD,93
2019-06-28 12:42:00.000000000,BEST_BID,"JPM,100206,219"
2019-06-28 12:42:00.000000000,BEST_ASK,"JPM,100427,195"
2019-06-28 12:42:00.000000000,LAST_TRADE,"3,$100206.0000"
2019-06-28 12:42:00.000000000,QUERY_SPREAD,94
2019-06-28 12:42:00.000000000,BEST_BID,"JPM,100206,215"
2019-06-28 12:42:00.000000000,BEST_ASK,"JPM,100427,195"
2019-06-28 12:42:00.000000000,LAST_TRADE,"4,$100206.0000"
2019-06-28 12:42:00.000000000,QUERY_SPREAD,95
2019-06-28 12:42:00.000000000,BEST_BID,"JPM,100206,210"
2019-06-28 12:42:00.000000000,BEST_ASK,"JPM,100427,195"
2019-06-28 12:42:00.000000000,LAST_TRADE,"5,$100206.0000"
2019-06-28 12:42:00.000000000,QUERY_SPREAD,96
2019-06-28 12:42:00.000000000,BEST_BID,"JPM,100206,209"
2019-06-28 12:42:00.000000000,BEST_ASK,"JPM,100427,195"
2019-06-28 12:42:00.000000000,LAST_TRADE,"1,$100206.0000"
2019-06-28 12:42:00.000000000,QUERY_SPREAD,97
2019-06-28 12:42:00.000000000,BEST_BID,"JPM,100206,202"
2019-06-28 12:42:00.000000000,BEST_ASK,"JPM,100427,195"
2019-06-28 12:42:00.000000000,LAST_TRADE,"7,$100206.0000"
2019-06-28 12:42:00.000000000,QUERY_SPREAD,98
2019-06-28 12:42:00.000000000,BEST_BID,"JPM,100206,196"
2019-06-28 12:42:00.000000000,BEST_ASK,"JPM,100427,195"
2019-06-28 12:42:00.000000000,LAST_TRADE,"6,$100206.0000"
2019-06-28 12:42:00.000000000,QUERY_SPREAD,99
2019-06-28 12:42:00.000000000,BEST_BID,"JPM,100206,191"
2019-06-28 12:42:00.000000000,BEST_ASK,"JPM,100427,195"
2019-06-28 12:42:00.000000000,LAST_TRADE,"5,$100206.0000"
2019-06-28 12:42:00.000000000,QUERY_SPREAD,100
2019-06-28 12:42:00.000000000,BEST_BID,"JPM,100206,184"
2019-06-28 12:42:00.000000000,BEST_ASK,"JPM,100427,195"
2019-06-28 12:42:00.000000000,LAST_TRADE,"7,$100206.0000"
2019-06-28 12:42:00.000000000,QUERY_SPREAD,101
2019-06-28 12:42:00.000000000,QUERY_ORDER_STREAM,101
2019-06-28 12:42:03.004146537,QUERY_ORDER_STREAM,62
2019-06-28 12:42:03.004146537,QUERY_SPREAD,62
2019-06-28 12:42:05.937035014,QUERY_SPREAD,39
2019-06-28 12:42:05.937035014,BEST_BID,"JPM,100296,100"
2019-06-28 12:42:05.937035014,BEST_ASK,"JPM,100427,195"
2019-06-28 12:42:06.577906909,QUERY_ORDER_STREAM,69
2019-06-28 12:42:06.577906909,QUERY_SPREAD,69
2019-06-28 12:42:10.000000000,QUERY_SPREAD,1
2019-06-28 12:42:10.000000000,BEST_BID,"JPM,100296,195"
2019-06-28 12:42:10.000000000,BEST_ASK,"JPM,100427,100"
2019-06-28 12:42:10.000000000,BEST_BID,"JPM,100296,195"
2019-06-28 12:42:10.000000000,BEST_ASK,"JPM,100427,100"
2019-06-28 12:42:10.000000000,BEST_BID,"JPM,100296,195"
2019-06-28 12:42:10.000000000,BEST_ASK,"JPM,100427,100"
2019-06-28 12:42:10.000000000,BEST_BID,"JPM,100296,195"
2019-06-28 12:42:10.000000000,BEST_ASK,"JPM,100427,195"
2019-06-28 12:42:10.000000000,BEST_BID,"JPM,100296,195"
2019-06-28 12:42:10.000000000,BEST_ASK,"JPM,100427,195"
2019-06-28 12:42:10.000000000,BEST_BID,"JPM,100296,195"
2019-06-28 12:42:10.000000000,BEST_ASK,"JPM,100427,195"
2019-06-28 12:42:16.088917143,QUERY_ORDER_STREAM,56
2019-06-28 12:42:16.088917143,QUERY_SPREAD,56
2019-06-28 12:42:16.088917143,BEST_BID,"JPM,100296,195"
2019-06-28 12:42:16.088917143,BEST_ASK,"JPM,100427,195"
2019-06-28 12:42:18.279859237,QUERY_SPREAD,32
2019-06-28 12:42:18.279859237,BEST_BID,"JPM,100296,195"
2019-06-28 12:42:18.279859237,BEST_ASK,"JPM,100410,100"
2019-06-28 12:42:20.000000000,QUERY_SPREAD,1
2019-06-28 12:42:20.000000000,BEST_BID,"JPM,100296,240"
2019-06-28 12:42:20.000000000,BEST_ASK,"JPM,100410,100"
2019-06-28 12:42:20.000000000,BEST_BID,"JPM,100296,240"
2019-06-28 12:42:20.000000000,BEST_ASK,"JPM,100410,100"
2019-06-28 12:42:20.000000000,BEST_BID,"JPM,100296,240"
2019-06-28 12:42:20.000000000,BEST_ASK,"JPM,100410,240"
2019-06-28 12:42:20.000000000,BEST_BID,"JPM,100296,240"
2019-06-28 12:42:20.000000000,BEST_ASK,"JPM,100410,240"
2019-06-28 12:42:30.000000000,QUERY_SPREAD,1
2019-06-28 12:42:30.000000000,BEST_BID,"JPM,100296,195"
2019-06-28 12:42:30.000000000,BEST_ASK,"JPM,100410,100"
2019-06-28 12:42:30.000000000,BEST_BID,"JPM,100296,195"
2019-06-28 12:42:30.000000000,BEST_ASK,"JPM,100410,100"
2019-06-28 12:42:30.000000000,BEST_BID,"JPM,100296,195"
2019-06-28 12:42:30.000000000,BEST_ASK,"JPM,100410,100"
2019-06-28 12:42:30.000000000,BEST_BID,"JPM,100296,195"
2019-06-28 12:42:30.000000000,BEST_ASK,"JPM,100410,195"
2019-06-28 12:42:30.000000000,BEST_BID,"JPM,100296,195"
2019-06-28 12:42:30.000000000,BEST_ASK,"JPM,100410,195"
2019-06-28 12:42:30.000000000,BEST_BID,"JPM,100296,195"
2019-06-28 12:42:30.000000000,BEST_ASK,"JPM,100410,195"
2019-06-28 12:42:39.330620628,QUERY_SPREAD,35
2019-06-28 12:42:39.330620628,BEST_BID,"JPM,100296,195"
2019-06-28 12:42:39.330620628,BEST_ASK,"JPM,100410,95"
2019-06-28 12:42:39.330620628,LAST_TRADE,"100,$100410.0000"
2019-06-28 12:42:40.000000000,QUERY_SPREAD,1
2019-06-28 12:42:40.000000000,BEST_BID,"JPM,100296,195"
2019-06-28 12:42:40.000000000,BEST_ASK,"JPM,100427,100"
2019-06-28 12:42:40.000000000,BEST_BID,"JPM,100296,195"
2019-06-28 12:42:40.000000000,BEST_ASK,"JPM,100427,100"
2019-06-28 12:42:40.000000000,BEST_BID,"JPM,100296,195"
2019-06-28 12:42:40.000000000,BEST_ASK,"JPM,100427,100"
2019-06-28 12:42:40.000000000,BEST_BID,"JPM,100296,195"
2019-06-28 12:42:40.000000000,BEST_ASK,"JPM,100427,195"
2019-06-28 12:42:40.000000000,BEST_BID,"JPM,100296,195"
2019-06-28 12:42:40.000000000,BEST_ASK,"JPM,100427,195"
2019-06-28 12:42:40.000000000,BEST_BID,"JPM,100296,195"
2019-06-28 12:42:40.000000000,BEST_ASK,"JPM,100427,195"
2019-06-28 12:42:46.072422996,QUERY_SPREAD,5
2019-06-28 12:42:46.072422996,BEST_BID,"JPM,100418,100"
2019-06-28 12:42:46.072422996,BEST_ASK,"JPM,100427,195"
2019-06-28 12:42:47.389468134,QUERY_SPREAD,12
2019-06-28 12:42:47.389468134,BEST_BID,"JPM,100418,100"
2019-06-28 12:42:47.389468134,BEST_ASK,"JPM,100427,95"
2019-06-28 12:42:47.389468134,LAST_TRADE,"100,$100427.0000"
2019-06-28 12:42:50.000000000,QUERY_SPREAD,1
2019-06-28 12:42:50.000000000,BEST_BID,"JPM,100418,195"
2019-06-28 12:42:50.000000000,BEST_ASK,"JPM,100588,100"
2019-06-28 12:42:50.000000000,BEST_BID,"JPM,100418,195"
2019-06-28 12:42:50.000000000,BEST_ASK,"JPM,100588,100"
2019-06-28 12:42:50.000000000,BEST_BID,"JPM,100418,195"
2019-06-28 12:42:50.000000000,BEST_ASK,"JPM,100588,100"
2019-06-28 12:42:50.000000000,BEST_BID,"JPM,100418,195"
2019-06-28 12:42:50.000000000,BEST_ASK,"JPM,100588,195"
2019-06-28 12:42:50.000000000,BEST_BID,"JPM,100418,195"
2019-06-28 12:42:50.000000000,BEST_ASK,"JPM,100588,195"
2019-06-28 12:42:50.000000000,BEST_BID,"JPM,100418,195"
2019-06-28 12:42:50.000000000,BEST_ASK,"JPM,100588,195"
2019-06-28 12:42:58.501984379,QUERY_SPREAD,49
2019-06-28 12:42:58.501984379,BEST_BID,"JPM,100549,100"
2019-06-28 12:42:58.501984379,BEST_ASK,"JPM,100588,195"
2019-06-28 12:43:00.000000000,QUERY_SPREAD,1
2019-06-28 12:43:00.000000000,BEST_BID,"JPM,100549,170"
2019-06-28 12:43:00.000000000,BEST_ASK,"JPM,100588,100"
2019-06-28 12:43:00.000000000,BEST_BID,"JPM,100549,170"
2019-06-28 12:43:00.000000000,BEST_ASK,"JPM,100588,100"
2019-06-28 12:43:00.000000000,BEST_BID,"JPM,100549,170"
2019-06-28 12:43:00.000000000,BEST_ASK,"JPM,100588,100"
2019-06-28 12:43:00.000000000,BEST_BID,"JPM,100549,170"
2019-06-28 12:43:00.000000000,BEST_ASK,"JPM,100588,100"
2019-06-28 12:43:00.000000000,BEST_BID,"JPM,100549,170"
2019-06-28 12:43:00.000000000,BEST_ASK,"JPM,100588,170"
2019-06-28 12:43:00.000000000,BEST_BID,"JPM,100549,170"
2019-06-28 12:43:00.000000000,BEST_ASK,"JPM,100588,170"
2019-06-28 12:43:00.000000000,BEST_BID,"JPM,100549,170"
2019-06-28 12:43:00.000000000,BEST_ASK,"JPM,100588,170"
2019-06-28 12:43:00.000000000,BEST_BID,"JPM,100549,170"
2019-06-28 12:43:00.000000000,BEST_ASK,"JPM,100588,170"
2019-06-28 12:43:00.000000000,QUERY_SPREAD,77
2019-06-28 12:43:00.000000000,BEST_BID,"JPM,100549,169"
2019-06-28 12:43:00.000000000,BEST_ASK,"JPM,100588,170"
2019-06-28 12:43:00.000000000,LAST_TRADE,"1,$100549.0000"
2019-06-28 12:43:00.000000000,QUERY_SPREAD,78
2019-06-28 12:43:00.000000000,BEST_BID,"JPM,100549,165"
2019-06-28 12:43:00.000000000,BEST_ASK,"JPM,100588,170"
2019-06-28 12:43:00.000000000,LAST_TRADE,"4,$100549.0000"
2019-06-28 12:43:00.000000000,QUERY_SPREAD,79
2019-06-28 12:43:00.000000000,BEST_BID,"JPM,100549,159"
2019-06-28 12:43:00.000000000,BEST_ASK,"JPM,100588,170"
2019-06-28 12:43:00.000000000,LAST_TRADE,"6,$100549.0000"
2019-06-28 12:43:00.000000000,QUERY_SPREAD,80
2019-06-28 12:43:00.000000000,BEST_BID,"JPM,100549,154"
2019-06-28 12:43:00.000000000,BEST_ASK,"JPM,100588,170"
2019-06-28 12:43:00.000000000,LAST_TRADE,"5,$100549.0000"
2019-06-28 12:43:00.000000000,QUERY_SPREAD,81
2019-06-28 12:43:00.000000000,BEST_BID,"JPM,100549,146"
2019-06-28 12:43:00.000000000,BEST_ASK,"JPM,100588,170"
2019-06-28 12:43:00.000000000,LAST_TRADE,"8,$100549.0000"
2019-06-28 12:43:00.000000000,QUERY_SPREAD,82
2019-06-28 12:43:00.000000000,BEST_BID,"JPM,100549,138"
2019-06-28 12:43:00.000000000,BEST_ASK,"JPM,100588,170"
2019-06-28 12:43:00.000000000,LAST_TRADE,"8,$100549.0000"
2019-06-28 12:43:00.000000000,QUERY_SPREAD,83
2019-06-28 12:43:00.000000000,BEST_BID,"JPM,100549,136"
2019-06-28 12:43:00.000000000,BEST_ASK,"JPM,100588,170"
2019-06-28 12:43:00.000000000,LAST_TRADE,"2,$100549.0000"
2019-06-28 12:43:00.000000000,QUERY_SPREAD,84
2019-06-28 12:43:00.000000000,BEST_BID,"JPM,100549,135"
2019-06-28 12:43:00.000000000,BEST_ASK,"JPM,100588,170"
2019-06-28 12:43:00.000000000,LAST_TRADE,"1,$100549.0000"
2019-06-28 12:43:00.000000000,QUERY_SPREAD,85
2019-06-28 12:43:00.000000000,BEST_BID,"JPM,100549,134"
2019-06-28 12:43:00.000000000,BEST_ASK,"JPM,100588,170"
2019-06-28 12:43:00.000000000,LAST_TRADE,"1,$100549.0000"
2019-06-28 12:43:00.000000000,QUERY_SPREAD,86
2019-06-28 12:43:00.000000000,BEST_BID,"JPM,100549,128"
2019-06-28 12:43:00.000000000,BEST_ASK,"JPM,100588,170"
2019-06-28 12:43:00.000000000,LAST_TRADE,"6,$100549.0000"
2019-06-28 12:43:00.000000000,QUERY_SPREAD,87
2019-06-28 12:43:00.000000000,BEST_BID,"JPM,100549,125"
2019-06-28 12:43:00.000000000,BEST_ASK,"JPM,100588,170"
2019-06-28 12:43:00.000000000,LAST_TRADE,"3,$100549.0000"
2019-06-28 12:43:00.000000000,QUERY_SPREAD,88
2019-06-28 12:43:00.000000000,BEST_BID,"JPM,100549,121"
2019-06-28 12:43:00.000000000,BEST_ASK,"JPM,100588,170"
2019-06-28 12:43:00.000000000,LAST_TRADE,"4,$100549.0000"
2019-06-28 12:43:00.000000000,QUERY_SPREAD,89
2019-06-28 12:43:00.000000000,BEST_BID,"JPM,100549,117"
2019-06-28 12:43:00.000000000,BEST_ASK,"JPM,100588,170"
2019-06-28 12:43:00.000000000,LAST_TRADE,"4,$100549.0000"
2019-06-28 12:43:00.000000000,QUERY_SPREAD,90
2019-06-28 12:43:00.000000000,BEST_BID,"JPM,100549,110"
2019-06-28 12:43:00.000000000,BEST_ASK,"JPM,100588,170"
2019-06-28 12:43:00.000000000,LAST_TRADE,"7,$100549.0000"
2019-06-28 12:43:00.000000000,QUERY_SPREAD,91
2019-06-28 12:43:00.000000000,BEST_BID,"JPM,100549,102"
2019-06-28 12:43:00.000000000,BEST_ASK,"JPM,100588,170"
2019-06-28 12:43:00.000000000,LAST_TRADE,"8,$100549.0000"
2019-06-28 12:43:00.000000000,QUERY_SPREAD,92
2019-06-28 12:43:00.000000000,BEST_BID,"JPM,100549,97"
2019-06-28 12:43:00.000000000,BEST_ASK,"JPM,100588,170"
2019-06-28 12:43:00.000000000,LAST_TRADE,"5,$100549.0000"
2019-06-28 12:43:00.000000000,QUERY_SPREAD,93
2019-06-28 12:43:00.000000000,BEST_BID,"JPM,100549,94"
2019-06-28 12:43:00.000000000,BEST_ASK,"JPM,100588,170"
2019-06-28 12:43:00.000000000,LAST_TRADE,"3,$100549.0000"
2019-06-28 12:43:00.000000000,QUERY_SPREAD,94
2019-06-28 12:43:00.000000000,BEST_BID,"JPM,100549,90"
2019-06-28 12:43:00.000000000,BEST_ASK,"JPM,100588,170"
2019-06-28 12:43:00.000000000,LAST_TRADE,"4,$100549.0000"
2019-06-28 12:43:00.000000000,QUERY_SPREAD,95
2019-06-28 12:43:00.000000000,BEST_BID,"JPM,100549,85"
2019-06-28 12:43:00.000000000,BEST_ASK,"JPM,100588,170"
2019-06-28 12:43:00.000000000,LAST_TRADE,"5,$100549.0000"
2019-06-28 12:43:00.000000000,QUERY_SPREAD,96
2019-06-28 12:43:00.000000000,BEST_BID,"JPM,100549,84"
2019-06-28 12:43:00.000000000,BEST_ASK,"JPM,100588,170"
2019-06-28 12:43:00.000000000,LAST_TRADE,"1,$100549.0000"
2019-06-28 12:43:00.000000000,QUERY_SPREAD,97
2019-06-28 12:43:00.000000000,BEST_BID,"JPM,100549,77"
2019-06-28 12:43:00.000000000,BEST_ASK,"JPM,100588,170"
2019-06-28 12:43:00.000000000,LAST_TRADE,"7,$100549.0000"
2019-06-28 12:43:00.000000000,QUERY_SPREAD,98
2019-06-28 12:43:00.000000000,BEST_BID,"JPM,100549,71"
2019-06-28 12:43:00.000000000,BEST_ASK,"JPM,100588,170"
2019-06-28 12:43:00.000000000,LAST_TRADE,"6,$100549.0000"
2019-06-28 12:43:00.000000000,QUERY_SPREAD,99
2019-06-28 12:43:00.000000000,BEST_BID,"JPM,100549,66"
2019-06-28 12:43:00.000000000,BEST_ASK,"JPM,100588,170"
2019-06-28 12:43:00.000000000,LAST_TRADE,"5,$100549.0000"
2019-06-28 12:43:00.000000000,QUERY_SPREAD,100
2019-06-28 12:43:00.000000000,BEST_BID,"JPM,100549,59"
2019-06-28 12:43:00.000000000,BEST_ASK,"JPM,100588,170"
2019-06-28 12:43:00.000000000,LAST_TRADE,"7,$100549.0000"
2019-06-28 12:43:00.000000000,QUERY_SPREAD,101
2019-06-28 12:43:00.000000000,QUERY_ORDER_STREAM,101
2019-06-28 12:43:10.000000000,QUERY_SPREAD,1
2019-06-28 12:43:10.000000000,BEST_BID,"JPM,100418,240"
2019-06-28 12:43:10.000000000,BEST_ASK,"JPM,100588,100"
2019-06-28 12:43:10.000000000,BEST_BID,"JPM,100418,240"
2019-06-28 12:43:10.000000000,BEST_ASK,"JPM,100588,100"
2019-06-28 12:43:10.000000000,BEST_BID,"JPM,100418,240"
2019-06-28 12:43:10.000000000,BEST_ASK,"JPM,100588,240"
2019-06-28 12:43:10.000000000,BEST_BID,"JPM,100418,240"
2019-06-28 12:43:10.000000000,BEST_ASK,"JPM,100588,240"
2019-06-28 12:43:20.000000000,QUERY_SPREAD,1
2019-06-28 12:43:20.000000000,BEST_BID,"JPM,100418,380"
2019-06-28 12:43:20.000000000,BEST_ASK,"JPM,100588,100"
2019-06-28 12:43:20.000000000,BEST_BID,"JPM,100418,380"
2019-06-28 12:43:20.000000000,BEST_ASK,"JPM,100588,380"
2019-06-28 12:43:29.467105201,QUERY_ORDER_STREAM,53
2019-06-28 12:43:29.467105201,QUERY_SPREAD,53
2019-06-28 12:43:29.467105201,BEST_BID,"JPM,100418,380"
2019-06-28 12:43:29.467105201,BEST_ASK,"JPM,100549,100"
2019-06-28 12:43:30.000000000,QUERY_SPREAD,1
2019-06-28 12:43:30.000000000,BEST_BID,"JPM,100418,195"
2019-06-28 12:43:30.000000000,BEST_ASK,"JPM,100549,100"
2019-06-28 12:43:30.000000000,BEST_BID,"JPM,100418,195"
2019-06-28 12:43:30.000000000,BEST_ASK,"JPM,100549,100"
2019-06-28 12:43:30.000000000,BEST_BID,"JPM,100418,195"
2019-06-28 12:43:30.000000000,BEST_ASK,"JPM,100549,100"
2019-06-28 12:43:30.000000000,BEST_BID,"JPM,100418,195"
2019-06-28 12:43:30.000000000,BEST_ASK,"JPM,100549,195"
2019-06-28 12:43:30.000000000,BEST_BID,"JPM,100418,195"
2019-06-28 12:43:30.000000000,BEST_ASK,"JPM,100549,195"
2019-06-28 12:43:30.000000000,BEST_BID,"JPM,100418,195"
2019-06-28 12:43:30.000000000,BEST_ASK,"JPM,100549,195"
2019-06-28 12:43:40.000000000,QUERY_SPREAD,1
2019-06-28 12:43:40.000000000,BEST_BID,"JPM,100418,195"
2019-06-28 12:43:40.000000000,BEST_ASK,"JPM,100549,100"
2019-06-28 12:43:40.000000000,BEST_BID,"JPM,100418,195"
2019-06-28 12:43:40.000000000,BEST_ASK,"JPM,100549,100"
2019-06-28 12:43:40.000000000,BEST_BID,"JPM,100418,195"
2019-06-28 12:43:40.000000000,BEST_ASK,"JPM,100549,100"
2019-06-28 12:43:40.000000000,BEST_BID,"JPM,100418,195"
2019-06-28 12:43:40.000000000,BEST_ASK,"JPM,100549,195"
2019-06-28 12:43:40.000000000,BEST_BID,"JPM,100418,195"
2019-06-28 12:43:40.000000000,BEST_ASK,"JPM,100549,195"
2019-06-28 12:43:40.000000000,BEST_BID,"JPM,100418,195"
2019-06-28 12:43:40.000000000,BEST_ASK,"JPM,100549,195"
2019-06-28 12:43:42.775116013,QUERY_SPREAD,48
2019-06-28 12:43:42.775116013,BEST_BID,"JPM,100418,95"
2019-06-28 12:43:42.775116013,BEST_ASK,"JPM,100549,195"
2019-06-28 12:43:42.775116013,LAST_TRADE,"100,$100418.0000"
2019-06-28 12:43:50.000000000,QUERY_SPREAD,1
2019-06-28 12:43:50.000000000,BEST_BID,"JPM,100296,156"
2019-06-28 12:43:50.000000000,BEST_ASK,"JPM,100549,100"
2019-06-28 12:43:50.000000000,BEST_BID,"JPM,100296,156"
2019-06-28 12:43:50.000000000,BEST_ASK,"JPM,100549,100"
2019-06-28 12:43:50.000000000,BEST_BID,"JPM,100296,156"
2019-06-28 12:43:50.000000000,BEST_ASK,"JPM,100549,100"
2019-06-28 12:43:50.000000000,BEST_BID,"JPM,100296,156"
2019-06-28 12:43:50.000000000,BEST_ASK,"JPM,100549,100"
2019-06-28 12:43:50.000000000,BEST_BID,"JPM,100296,156"
2019-06-28 12:43:50.000000000,BEST_ASK,"JPM,100549,100"
2019-06-28 12:43:50.000000000,BEST_BID,"JPM,100296,156"
2019-06-28 12:43:50.000000000,BEST_ASK,"JPM,100549,156"
2019-06-28 12:43:50.000000000,BEST_BID,"JPM,100296,156"
2019-06-28 12:43:50.000000000,BEST_ASK,"JPM,100549,156"
2019-06-28 12:43:50.000000000,BEST_BID,"JPM,100296,156"
2019-06-28 12:43:50.000000000,BEST_ASK,"JPM,100549,156"
2019-06-28 12:43:50.000000000,BEST_BID,"JPM,100296,156"
2019-06-28 12:43:50.000000000,BEST_ASK,"JPM,100549,156"
2019-06-28 12:43:50.000000000,BEST_BID,"JPM,100296,156"
2019-06-28 12:43:50.000000000,BEST_ASK,"JPM,100549,156"
2019-06-28 12:44:00.000000000,QUERY_SPREAD,1
2019-06-28 12:44:00.000000000,BEST_BID,"JPM,100296,380"
2019-06-28 12:44:00.000000000,BEST_ASK,"JPM,100549,100"
2019-06-28 12:44:00.000000000,BEST_BID,"JPM,100296,380"
2019-06-28 12:44:00.000000000,BEST_ASK,"JPM,100549,380"
2019-06-28 12:44:00.000000000,QUERY_SPREAD,77
2019-06-28 12:44:00.000000000,BEST_BID,"JPM,100296,379"
2019-06-28 12:44:00.000000000,BEST_ASK,"JPM,100549,380"
2019-06-28 12:44:00.000000000,LAST_TRADE,"1,$100296.0000"
2019-06-28 12:44:00.000000000,QUERY_SPREAD,78
2019-06-28 12:44:00.000000000,BEST_BID,"JPM,100296,375"
2019-06-28 12:44:00.000000000,BEST_ASK,"JPM,100549,380"
2019-06-28 12:44:00.000000000,LAST_TRADE,"4,$100296.0000"
2019-06-28 12:44:00.000000000,QUERY_SPREAD,79
2019-06-28 12:44:00.000000000,BEST_BID,"JPM,100296,369"
2019-06-28 12:44:00.000000000,BEST_ASK,"JPM,100549,380"
2019-06-28 12:44:00.000000000,LAST_TRADE,"6,$100296.0000"
2019-06-28 12:44:00.000000000,QUERY_SPREAD,80
2019-06-28 12:44:00.000000000,BEST_BID,"JPM,100296,364"
2019-06-28 12:44:00.000000000,BEST_ASK,"JPM,100549,380"
2019-06-28 12:44:00.000000000,LAST_TRADE,"5,$100296.0000"
2019-06-28 12:44:00.000000000,QUERY_SPREAD,81
2019-06-28 12:44:00.000000000,BEST_BID,"JPM,100296,356"
2019-06-28 12:44:00.000000000,BEST_ASK,"JPM,100549,380"
2019-06-28 12:44:00.000000000,LAST_TRADE,"8,$100296.0000"
2019-06-28 12:44:00.000000000,QUERY_SPREAD,82
2019-06-28 12:44:00.000000000,BEST_BID,"JPM,100296,348"
2019-06-28 12:44:00.000000000,BEST_ASK,"JPM,100549,380"
2019-06-28 12:44:00.000000000,LAST_TRADE,"8,$100296.0000"
2019-06-28 12:44:00.000000000,QUERY_SPREAD,83
2019-06-28 12:44:00.000000000,BEST_BID,"JPM,100296,346"
2019-06-28 12:44:00.000000000,BEST_ASK,"JPM,100549,380"
2019-06-28 12:44:00.000000000,LAST_TRADE,"2,$100296.0000"
2019-06-28 12:44:00.000000000,QUERY_SPREAD,84
2019-06-28 12:44:00.000000000,BEST_BID,"JPM,100296,345"
2019-06-28 12:44:00.000000000,BEST_ASK,"JPM,100549,380"
2019-06-28 12:44:00.000000000,LAST_TRADE,"1,$100296.0000"
2019-06-28 12:44:00.000000000,QUERY_SPREAD,85
2019-06-28 12:44:00.000000000,BEST_BID,"JPM,100296,344"
2019-06-28 12:44:00.000000000,BEST_ASK,"JPM,100549,380"
2019-06-28 12:44:00.000000000,LAST_TRADE,"1,$100296.0000"
2019-06-28 12:44:00.000000000,QUERY_SPREAD,86
2019-06-28 12:44:00.000000000,BEST_BID,"JPM,100296,338"
2019-06-28 12:44:00.000000000,BEST_ASK,"JPM,100549,380"
2019-06-28 12:44:00.000000000,LAST_TRADE,"6,$100296.0000"
2019-06-28 12:44:00.000000000,QUERY_SPREAD,87
2019-06-28 12:44:00.000000000,BEST_BID,"JPM,100296,335"
2019-06-28 12:44:00.000000000,BEST_ASK,"JPM,100549,380"
2019-06-28 12:44:00.000000000,LAST_TRADE,"3,$100296.0000"
2019-06-28 12:44:00.000000000,QUERY_SPREAD,88
2019-06-28 12:44:00.000000000,BEST_BID,"JPM,100296,331"
2019-06-28 12:44:00.000000000,BEST_ASK,"JPM,100549,380"
2019-06-28 12:44:00.000000000,LAST_TRADE,"4,$100296.0000"
2019-06-28 12:44:00.000000000,QUERY_SPREAD,89
2019-06-28 12:44:00.000000000,BEST_BID,"JPM,100296,327"
2019-06-28 12:44:00.000000000,BEST_ASK,"JPM,100549,380"
2019-06-28 12:44:00.000000000,LAST_TRADE,"4,$100296.0000"
2019-06-28 12:44:00.000000000,QUERY_SPREAD,90
2019-06-28 12:44:00.000000000,BEST_BID,"JPM,100296,320"
2019-06-28 12:44:00.000000000,BEST_ASK,"JPM,100549,380"
2019-06-28 12:44:00.000000000,LAST_TRADE,"7,$100296.0000"
2019-06-28 12:44:00.000000000,QUERY_SPREAD,91
2019-06-28 12:44:00.000000000,BEST_BID,"JPM,100296,312"
2019-06-28 12:44:00.000000000,BEST_ASK,"JPM,100549,380"
2019-06-28 12:44:00.000000000,LAST_TRADE,"8,$100296.0000"
2019-06-28 12:44:00.000000000,QUERY_SPREAD,92
2019-06-28 12:44:00.000000000,BEST_BID,"JPM,100296,307"
2019-06-28 12:44:00.000000000,BEST_ASK,"JPM,100549,380"
2019-06-28 12:44:00.000000000,LAST_TRADE,"5,$100296.0000"
2019-06-28 12:44:00.000000000,QUERY_SPREAD,93
2019-06-28 12:44:00.000000000,BEST_BID,"JPM,100296,304"
2019-06-28 12:44:00.000000000,BEST_ASK,"JPM,100549,380"
2019-06-28 12:44:00.000000000,LAST_TRADE,"3,$100296.0000"
2019-06-28 12:44:00.000000000,QUERY_SPREAD,94
2019-06-28 12:44:00.000000000,BEST_BID,"JPM,100296,300"
2019-06-28 12:44:00.000000000,BEST_ASK,"JPM,100549,380"
2019-06-28 12:44:00.000000000,LAST_TRADE,"4,$100296.0000"
2019-06-28 12:44:00.000000000,QUERY_SPREAD,95
2019-06-28 12:44:00.000000000,BEST_BID,"JPM,100296,295"
2019-06-28 12:44:00.000000000,BEST_ASK,"JPM,100549,380"
2019-06-28 12:44:00.000000000,LAST_TRADE,"5,$100296.0000"
2019-06-28 12:44:00.000000000,QUERY_SPREAD,96
2019-06-28 12:44:00.000000000,BEST_BID,"JPM,100296,294"
2019-06-28 12:44:00.000000000,BEST_ASK,"JPM,100549,380"
2019-06-28 12:44:00.000000000,LAST_TRADE,"1,$100296.0000"
2019-06-28 12:44:00.000000000,QUERY_SPREAD,97
2019-06-28 12:44:00.000000000,BEST_BID,"JPM,100296,287"
2019-06-28 12:44:00.000000000,BEST_ASK,"JPM,100549,380"
2019-06-28 12:44:00.000000000,LAST_TRADE,"7,$100296.0000"
2019-06-28 12:44:00.000000000,QUERY_SPREAD,98
2019-06-28 12:44:00.000000000,BEST_BID,"JPM,100296,281"
2019-06-28 12:44:00.000000000,BEST_ASK,"JPM,100549,380"
2019-06-28 12:44:00.000000000,LAST_TRADE,"6,$100296.0000"
2019-06-28 12:44:00.000000000,QUERY_SPREAD,99
2019-06-28 12:44:00.000000000,BEST_BID,"JPM,100296,276"
2019-06-28 12:44:00.000000000,BEST_ASK,"JPM,100549,380"
2019-06-28 12:44:00.000000000,LAST_TRADE,"5,$100296.0000"
2019-06-28 12:44:00.000000000,QUERY_SPREAD,100
2019-06-28 12:44:00.000000000,BEST_BID,"JPM,100296,269"
2019-06-28 12:44:00.000000000,BEST_ASK,"JPM,100549,380"
2019-06-28 12:44:00.000000000,LAST_TRADE,"7,$100296.0000"
2019-06-28 12:44:00.000000000,QUERY_SPREAD,101
2019-06-28 12:44:00.000000000,QUERY_ORDER_STREAM,101
2019-06-28 12:44:07.480196216,QUERY_SPREAD,23
2019-06-28 12:44:07.480196216,BEST_BID,"JPM,100296,269"
2019-06-28 12:44:07.480196216,BEST_ASK,"JPM,100549,380"
2019-06-28 12:44:10.000000000,QUERY_SPREAD,1
2019-06-28 12:44:10.000000000,BEST_BID,"JPM,100206,284"
2019-06-28 12:44:10.000000000,BEST_ASK,"JPM,100549,100"
2019-06-28 12:44:10.000000000,BEST_BID,"JPM,100206,284"
2019-06-28 12:44:10.000000000,BEST_ASK,"JPM,100549,100"
2019-06-28 12:44:10.000000000,BEST_BID,"JPM,100206,284"
2019-06-28 12:44:10.000000000,BEST_ASK,"JPM,100549,100"
2019-06-28 12:44:10.000000000,BEST_BID,"JPM,100206,284"
2019-06-28 12:44:10.000000000,BEST_ASK,"JPM,100549,195"
2019-06-28 12:44:10.000000000,BEST_BID,"JPM,100206,284"
2019-06-28 12:44:10.000000000,BEST_ASK,"JPM,100549,195"
2019-06-28 12:44:10.000000000,BEST_BID,"JPM,100206,284"
2019-06-28 12:44:10.000000000,BEST_ASK,"JPM,100549,195"
2019-06-28 12:44:12.467467507,QUERY_SPREAD,25
2019-06-28 12:44:12.467467507,BEST_BID,"JPM,100206,184"
2019-06-28 12:44:12.467467507,BEST_ASK,"JPM,100549,195"
2019-06-28 12:44:12.467467507,LAST_TRADE,"100,$100206.0000"
2019-06-28 12:44:17.064909300,QUERY_SPREAD,36
2019-06-28 12:44:17.064909300,BEST_BID,"JPM,100206,184"
2019-06-28 12:44:17.064909300,BEST_ASK,"JPM,100283,100"
2019-06-28 12:44:20.000000000,QUERY_SPREAD,1
2019-06-28 12:44:20.000000000,BEST_BID,"JPM,100206,145"
2019-06-28 12:44:20.000000000,BEST_ASK,"JPM,100283,100"
2019-06-28 12:44:20.000000000,BEST_BID,"JPM,100206,145"
2019-06-28 12:44:20.000000000,BEST_ASK,"JPM,100283,100"
2019-06-28 12:44:20.000000000,BEST_BID,"JPM,100206,145"
2019-06-28 12:44:20.000000000,BEST_ASK,"JPM,100283,100"
2019-06-28 12:44:20.000000000,BEST_BID,"JPM,100206,145"
2019-06-28 12:44:20.000000000,BEST_ASK,"JPM,100283,100"
2019-06-28 12:44:20.000000000,BEST_BID,"JPM,100206,145"
2019-06-28 12:44:20.000000000,BEST_ASK,"JPM,100283,100"
2019-06-28 12:44:20.000000000,BEST_BID,"JPM,100206,145"
2019-06-28 12:44:20.000000000,BEST_ASK,"JPM,100283,156"
2019-06-28 12:44:20.000000000,BEST_BID,"JPM,100206,145"
2019-06-28 12:44:20.000000000,BEST_ASK,"JPM,100283,156"
2019-06-28 12:44:20.000000000,BEST_BID,"JPM,100206,145"
2019-06-28 12:44:20.000000000,BEST_ASK,"JPM,100283,156"
2019-06-28 12:44:20.000000000,BEST_BID,"JPM,100206,145"
2019-06-28 12:44:20.000000000,BEST_ASK,"JPM,100283,156"
2019-06-28 12:44:20.000000000,BEST_BID,"JPM,100206,145"
2019-06-28 12:44:20.000000000,BEST_ASK,"JPM,100283,156"
2019-06-28 12:44:30.000000000,QUERY_SPREAD,1
2019-06-28 12:44:30.000000000,BEST_BID,"JPM,100206,145"
2019-06-28 12:44:30.000000000,BEST_ASK,"JPM,100283,100"
2019-06-28 12:44:30.000000000,BEST_BID,"JPM,100206,145"
2019-06-28 12:44:30.000000000,BEST_ASK,"JPM,100283,100"
2019-06-28 12:44:30.000000000,BEST_BID,"JPM,100206,145"
2019-06-28 12:44:30.000000000,BEST_ASK,"JPM,100283,100"
2019-06-28 12:44:30.000000000,BEST_BID,"JPM,100206,145"
2019-06-28 12:44:30.000000000,BEST_ASK,"JPM,100283,100"
2019-06-28 12:44:30.000000000,BEST_BID,"JPM,100206,145"
2019-06-28 12:44:30.000000000,BEST_ASK,"JPM,100283,100"
2019-06-28 12:44:30.000000000,BEST_BID,"JPM,100206,145"
2019-06-28 12:44:30.000000000,BEST_ASK,"JPM,100283,156"
2019-06-28 12:44:30.000000000,BEST_BID,"JPM,100206,145"
2019-06-28 12:44:30.000000000,BEST_ASK,"JPM,100283,156"
2019-06-28 12:44:30.000000000,BEST_BID,"JPM,100206,145"
2019-06-28 12:44:30.000000000,BEST_ASK,"JPM,100283,156"
2019-06-28 12:44:30.000000000,BEST_BID,"JPM,100206,145"
2019-06-28 12:44:30.000000000,BEST_ASK,"JPM,100283,156"
2019-06-28 12:44:30.000000000,BEST_BID,"JPM,100206,145"
2019-06-28 12:44:30.000000000,BEST_ASK,"JPM,100283,156"
2019-06-28 12:44:40.000000000,QUERY_SPREAD,1
2019-06-28 12:44:40.000000000,BEST_BID,"JPM,100206,229"
2019-06-28 12:44:40.000000000,BEST_ASK,"JPM,100283,100"
2019-06-28 12:44:40.000000000,BEST_BID,"JPM,100206,229"
2019-06-28 12:44:40.000000000,BEST_ASK,"JPM,100283,100"
2019-06-28 12:44:40.000000000,BEST_BID,"JPM,100206,229"
2019-06-28 12:44:40.000000000,BEST_ASK,"JPM,100283,240"
2019-06-28 12:44:40.000000000,BEST_BID,"JPM,100206,229"
2019-06-28 12:44:40.000000000,BEST_ASK,"JPM,100283,240"
2019-06-28 12:44:48.367019652,QUERY_SPREAD,13
2019-06-28 12:44:48.367019652,BEST_BID,"JPM,100206,229"
2019-06-28 12:44:48.367019652,BEST_ASK,"JPM,100283,240"
2019-06-28 12:44:50.000000000,QUERY_SPREAD,1
2019-06-28 12:44:50.000000000,BEST_BID,"JPM,100206,369"
2019-06-28 12:44:50.000000000,BEST_ASK,"JPM,100283,100"
2019-06-28 12:44:50.000000000,BEST_BID,"JPM,100206,369"
2019-06-28 12:44:50.000000000,BEST_ASK,"JPM,100283,380"
2019-06-28 12:45:00.000000000,QUERY_SPREAD,1
2019-06-28 12:45:00.000000000,BEST_BID,"JPM,100206,369"
2019-06-28 12:45:00.000000000,BEST_ASK,"JPM,100283,100"
2019-06-28 12:45:00.000000000,BEST_BID,"JPM,100206,369"
2019-06-28 12:45:00.000000000,BEST_ASK,"JPM,100283,380"
2019-06-28 12:45:00.000000000,QUERY_SPREAD,77
2019-06-28 12:45:00.000000000,BEST_BID,"JPM,100206,368"
2019-06-28 12:45:00.000000000,BEST_ASK,"JPM,100283,380"
2019-06-28 12:45:00.000000000,LAST_TRADE,"1,$100206.0000"
2019-06-28 12:45:00.000000000,QUERY_SPREAD,78
2019-06-28 12:45:00.000000000,BEST_BID,"JPM,100206,364"
2019-06-28 12:45:00.000000000,BEST_ASK,"JPM,100283,380"
2019-06-28 12:45:00.000000000,LAST_TRADE,"4,$100206.0000"
2019-06-28 12:45:00.000000000,QUERY_SPREAD,79
2019-06-28 12:45:00.000000000,BEST_BID,"JPM,100206,358"
2019-06-28 12:45:00.000000000,BEST_ASK,"JPM,100283,380"
2019-06-28 12:45:00.000000000,LAST_TRADE,"6,$100206.0000"
2019-06-28 12:45:00.000000000,QUERY_SPREAD,80
2019-06-28 12:45:00.000000000,BEST_BID,"JPM,100206,353"
2019-06-28 12:45:00.000000000,BEST_ASK,"JPM,100283,380"
2019-06-28 12:45:00.000000000,LAST_TRADE,"5,$100206.0000"
2019-06-28 12:45:00.000000000,QUERY_SPREAD,81
2019-06-28 12:45:00.000000000,BEST_BID,"JPM,100206,345"
2019-06-28 12:45:00.000000000,BEST_ASK,"JPM,100283,380"
2019-06-28 12:45:00.000000000,LAST_TRADE,"8,$100206.0000"
2019-06-28 12:45:00.000000000,QUERY_SPREAD,82
2019-06-28 12:45:00.000000000,BEST_BID,"JPM,100206,337"
2019-06-28 12:45:00.000000000,BEST_ASK,"JPM,100283,380"
2019-06-28 12:45:00.000000000,LAST_TRADE,"8,$100206.0000"
2019-06-28 12:45:00.000000000,QUERY_SPREAD,83
2019-06-28 12:45:00.000000000,BEST_BID,"JPM,100206,335"
2019-06-28 12:45:00.000000000,BEST_ASK,"JPM,100283,380"
2019-06-28 12:45:00.000000000,LAST_TRADE,"2,$100206.0000"
2019-06-28 12:45:00.000000000,QUERY_SPREAD,84
2019-06-28 12:45:00.000000000,BEST_BID,"JPM,100206,334"
2019-06-28 12:45:00.000000000,BEST_ASK,"JPM,100283,380"
2019-06-28 12:45:00.000000000,LAST_TRADE,"1,$100206.0000"
2019-06-28 12:45:00.000000000,QUERY_SPREAD,85
2019-06-28 12:45:00.000000000,BEST_BID,"JPM,100206,333"
2019-06-28 12:45:00.000000000,BEST_ASK,"JPM,100283,380"
2019-06-28 12:45:00.000000000,LAST_TRADE,"1,$100206.0000"
2019-06-28 12:45:00.000000000,QUERY_SPREAD,86
2019-06-28 12:45:00.000000000,BEST_BID,"JPM,100206,327"
2019-06-28 12:45:00.000000000,BEST_ASK,"JPM,100283,380"
2019-06-28 12:45:00.000000000,LAST_TRADE,"6,$100206.0000"
2019-06-28 12:45:00.000000000,QUERY_SPREAD,87
2019-06-28 12:45:00.000000000,BEST_BID,"JPM,100206,324"
2019-06-28 12:45:00.000000000,BEST_ASK,"JPM,100283,380"
2019-06-28 12:45:00.000000000,LAST_TRADE,"3,$100206.0000"
2019-06-28 12:45:00.000000000,QUERY_SPREAD,88
2019-06-28 12:45:00.000000000,BEST_BID,"JPM,100206,320"
2019-06-28 12:45:00.000000000,BEST_ASK,"JPM,100283,380"
2019-06-28 12:45:00.000000000,LAST_TRADE,"4,$100206.0000"
2019-06-28 12:45:00.000000000,QUERY_SPREAD,89
2019-06-28 12:45:00.000000000,BEST_BID,"JPM,100206,316"
2019-06-28 12:45:00.000000000,BEST_ASK,"JPM,100283,380"
2019-06-28 12:45:00.000000000,LAST_TRADE,"4,$100206.0000"
2019-06-28 12:45:00.000000000,QUERY_SPREAD,90
2019-06-28 12:45:00.000000000,BEST_BID,"JPM,100206,309"
2019-06-28 12:45:00.000000000,BEST_ASK,"JPM,100283,380"
2019-06-28 12:45:00.000000000,LAST_TRADE,"7,$100206.0000"
2019-06-28 12:45:00.000000000,QUERY_SPREAD,91
2019-06-28 12:45:00.000000000,BEST_BID,"JPM,100206,301"
2019-06-28 12:45:00.000000000,BEST_ASK,"JPM,100283,380"
2019-06-28 12:45:00.000000000,LAST_TRADE,"8,$100206.0000"
2019-06-28 12:45:00.000000000,QUERY_SPREAD,92
2019-06-28 12:45:00.000000000,BEST_BID,"JPM,100206,296"
2019-06-28 12:45:00.000000000,BEST_ASK,"JPM,100283,380"
2019-06-28 12:45:00.000000000,LAST_TRADE,"5,$100206.0000"
2019-06-28 12:45:00.000000000,QUERY_SPREAD,93
2019-06-28 12:45:00.000000000,BEST_BID,"JPM,100206,293"
2019-06-28 12:45:00.000000000,BEST_ASK,"JPM,100283,380"
2019-06-28 12:45:00.000000000,LAST_TRADE,"3,$100206.0000"
2019-06-28 12:45:00.000000000,QUERY_SPREAD,94
2019-06-28 12:45:00.000000000,BEST_BID,"JPM,100206,289"
2019-06-28 12:45:00.000000000,BEST_ASK,"JPM,100283,380"
2019-06-28 12:45:00.000000000,LAST_TRADE,"4,$100206.0000"
2019-06-28 12:45:00.000000000,QUERY_SPREAD,95
2019-06-28 12:45:00.000000000,BEST_BID,"JPM,100206,284"
2019-06-28 12:45:00.000000000,BEST_ASK,"JPM,100283,380"
2019-06-28 12:45:00.000000000,LAST_TRADE,"5,$100206.0000"
2019-06-28 12:45:00.000000000,QUERY_SPREAD,96
2019-06-28 12:45:00.000000000,BEST_BID,"JPM,100206,283"
2019-06-28 12:45:00.000000000,BEST_ASK,"JPM,100283,380"
2019-06-28 12:45:00.000000000,LAST_TRADE,"1,$100206.0000"
2019-06-28 12:45:00.000000000,QUERY_SPREAD,97
2019-06-28 12:45:00.000000000,BEST_BID,"JPM,100206,276"
2019-06-28 12:45:00.000000000,BEST_ASK,"JPM,100283,380"
2019-06-28 12:45:00.000000000,LAST_TRADE,"7,$100206.0000"
2019-06-28 12:45:00.000000000,QUERY_SPREAD,98
2019-06-28 12:45:00.000000000,BEST_BID,"JPM,100206,270"
2019-06-28 12:45:00.000000000,BEST_ASK,"JPM,100283,380"
2019-06-28 12:45:00.000000000,LAST_TRADE,"6,$100206.0000"
2019-06-28 12:45:00.000000000,QUERY_SPREAD,99
2019-06-28 12:45:00.000000000,BEST_BID,"JPM,100206,265"
2019-06-28 12:45:00.000000000,BEST_ASK,"JPM,100283,380"
2019-06-28 12:45:00.000000000,LAST_TRADE,"5,$100206.0000"
2019-06-28 12:45:00.000000000,QUERY_SPREAD,100
2019-06-28 12:45:00.000000000,BEST_BID,"JPM,100206,258"
2019-06-28 12:45:00.000000000,BEST_ASK,"JPM,100283,380"
2019-06-28 12:45:00.000000000,LAST_TRADE,"7,$100206.0000"
2019-06-28 12:45:00.000000000,QUERY_SPREAD,101
2019-06-28 12:45:00.000000000,QUERY_ORDER_STREAM,101
2019-06-28 12:45:10.000000000,QUERY_SPREAD,1
2019-06-28 12:45:10.000000000,BEST_BID,"JPM,100170,380"
2019-06-28 12:45:10.000000000,BEST_ASK,"JPM,100283,100"
2019-06-28 12:45:10.000000000,BEST_BID,"JPM,100170,380"
2019-06-28 12:45:10.000000000,BEST_ASK,"JPM,100283,380"
2019-06-28 12:45:20.000000000,QUERY_SPREAD,1
2019-06-28 12:45:20.000000000,BEST_BID,"JPM,100170,240"
2019-06-28 12:45:20.000000000,BEST_ASK,"JPM,100283,100"
2019-06-28 12:45:20.000000000,BEST_BID,"JPM,100170,240"
2019-06-28 12:45:20.000000000,BEST_ASK,"JPM,100283,100"
2019-06-28 12:45:20.000000000,BEST_BID,"JPM,100170,240"
2019-06-28 12:45:20.000000000,BEST_ASK,"JPM,100283,240"
2019-06-28 12:45:20.000000000,BEST_BID,"JPM,100170,240"
2019-06-28 12:45:20.000000000,BEST_ASK,"JPM,100283,240"
2019-06-28 12:45:29.807667996,QUERY_ORDER_STREAM,57
2019-06-28 12:45:29.807667996,QUERY_SPREAD,57
2019-06-28 12:45:30.000000000,QUERY_SPREAD,1
2019-06-28 12:45:30.000000000,BEST_BID,"JPM,100170,195"
2019-06-28 12:45:30.000000000,BEST_ASK,"JPM,100283,100"
2019-06-28 12:45:30.000000000,BEST_BID,"JPM,100170,195"
2019-06-28 12:45:30.000000000,BEST_ASK,"JPM,100283,100"
2019-06-28 12:45:30.000000000,BEST_BID,"JPM,100170,195"
2019-06-28 12:45:30.000000000,BEST_ASK,"JPM,100283,100"
2019-06-28 12:45:30.000000000,BEST_BID,"JPM,100170,195"
2019-06-28 12:45:30.000000000,BEST_ASK,"JPM,100283,195"
2019-06-28 12:45:30.000000000,BEST_BID,"JPM,100170,195"
2019-06-28 12:45:30.000000000,BEST_ASK,"JPM,100283,195"
2019-06-28 12:45:30.000000000,BEST_BID,"JPM,100170,195"
2019-06-28 12:45:30.000000000,BEST_ASK,"JPM,100283,195"
2019-06-28 12:45:40.000000000,QUERY_SPREAD,1
2019-06-28 12:45:40.000000000,BEST_BID,"JPM,100170,170"
2019-06-28 12:45:40.000000000,BEST_ASK,"JPM,100283,100"
2019-06-28 12:45:40.000000000,BEST_BID,"JPM,100170,170"
2019-06-28 12:45:40.000000000,BEST_ASK,"JPM,100283,100"
2019-06-28 12:45:40.000000000,BEST_BID,"JPM,100170,170"
2019-06-28 12:45:40.000000000,BEST_ASK,"JPM,100283,100"
2019-06-28 12:45:40.000000000,BEST_BID,"JPM,100170,170"
2019-06-28 12:45:40.000000000,BEST_ASK,"JPM,100283,100"
2019-06-28 12:45:40.000000000,BEST_BID,"JPM,100170,170"
2019-06-28 12:45:40.000000000,BEST_ASK,"JPM,100283,170"
2019-06-28 12:45:40.000000000,BEST_BID,"JPM,100170,170"
2019-06-28 12:45:40.000000000,BEST_ASK,"JPM,100283,170"
2019-06-28 12:45:40.000000000,BEST_BID,"JPM,100170,170"
2019-06-28 12:45:40.000000000,BEST_ASK,"JPM,100283,170"
2019-06-28 12:45:40.000000000,BEST_BID,"JPM,100170,170"
2019-06-28 12:45:40.000000000,BEST_ASK,"JPM,100283,170"
2019-06-28 12:45:40.623121150,QUERY_SPREAD,20
2019-06-28 12:45:40.623121150,BEST_BID,"JPM,100170,170"
2019-06-28 12:45:40.623121150,BEST_ASK,"JPM,100283,170"
2019-06-28 12:45:42.117970665,QUERY_SPREAD,3
2019-06-28 12:45:42.117970665,BEST_BID,"JPM,100170,70"
2019-06-28 12:45:42.117970665,BEST_ASK,"JPM,100283,170"
2019-06-28 12:45:42.117970665,LAST_TRADE,"100,$100170.0000"
2019-06-28 12:45:50.000000000,QUERY_SPREAD,1
2019-06-28 12:45:50.000000000,BEST_BID,"JPM,100040,240"
2019-06-28 12:45:50.000000000,BEST_ASK,"JPM,100283,100"
2019-06-28 12:45:50.000000000,BEST_BID,"JPM,100040,240"
2019-06-28 12:45:50.000000000,BEST_ASK,"JPM,100283,100"
2019-06-28 12:45:50.000000000,BEST_BID,"JPM,100040,240"
2019-06-28 12:45:50.000000000,BEST_ASK,"JPM,100283,240"
2019-06-28 12:45:50.000000000,BEST_BID,"JPM,100040,240"
2019-06-28 12:45:50.000000000,BEST_ASK,"JPM,100283,240"
2019-06-28 12:46:00.000000000,QUERY_SPREAD,1
2019-06-28 12:46:00.000000000,BEST_BID,"JPM,100040,195"
2019-06-28 12:46:00.000000000,BEST_ASK,"JPM,100283,100"
2019-06-28 12:46:00.000000000,BEST_BID,"JPM,100040,195"
2019-06-28 12:46:00.000000000,BEST_ASK,"JPM,100283,100"
2019-06-28 12:46:00.000000000,BEST_BID,"JPM,100040,195"
2019-06-28 12:46:00.000000000,BEST_ASK,"JPM,100283,100"
2019-06-28 12:46:00.000000000,BEST_BID,"JPM,100040,195"
2019-06-28 12:46:00.000000000,BEST_ASK,"JPM,100283,195"
2019-06-28 12:46:00.000000000,BEST_BID,"JPM,100040,195"
2019-06-28 12:46:00.000000000,BEST_ASK,"JPM,100283,195"
2019-06-28 12:46:00.000000000,BEST_BID,"JPM,100040,195"
2019-06-28 12:46:00.000000000,BEST_ASK,"JPM,100283,195"
2019-06-28 12:46:00.000000000,QUERY_SPREAD,77
2019-06-28 12:46:00.000000000,BEST_BID,"JPM,100040,194"
2019-06-28 12:46:00.000000000,BEST_ASK,"JPM,100283,195"
2019-06-28 12:46:00.000000000,LAST_TRADE,"1,$100040.0000"
2019-06-28 12:46:00.000000000,QUERY_SPREAD,78
2019-06-28 12:46:00.000000000,BEST_BID,"JPM,100040,190"
2019-06-28 12:46:00.000000000,BEST_ASK,"JPM,100283,195"
2019-06-28 12:46:00.000000000,LAST_TRADE,"4,$100040.0000"
2019-06-28 12:46:00.000000000,QUERY_SPREAD,79
2019-06-28 12:46:00.000000000,BEST_BID,"JPM,100040,184"
2019-06-28 12:46:00.000000000,BEST_ASK,"JPM,100283,195"
2019-06-28 12:46:00.000000000,LAST_TRADE,"6,$100040.0000"
2019-06-28 12:46:00.000000000,QUERY_SPREAD,80
2019-06-28 12:46:00.000000000,BEST_BID,"JPM,100040,179"
2019-06-28 12:46:00.000000000,BEST_ASK,"JPM,100283,195"
2019-06-28 12:46:00.000000000,LAST_TRADE,"5,$100040.0000"
2019-06-28 12:46:00.000000000,QUERY_SPREAD,81
2019-06-28 12:46:00.000000000,BEST_BID,"JPM,100040,171"
2019-06-28 12:46:00.000000000,BEST_ASK,"JPM,100283,195"
2019-06-28 12:46:00.000000000,LAST_TRADE,"8,$100040.0000"
2019-06-28 12:46:00.000000000,QUERY_SPREAD,82
2019-06-28 12:46:00.000000000,BEST_BID,"JPM,100040,163"
2019-06-28 12:46:00.000000000,BEST_ASK,"JPM,100283,195"
2019-06-28 12:46:00.000000000,LAST_TRADE,"8,$100040.0000"
2019-06-28 12:46:00.000000000,QUERY_SPREAD,83
2019-06-28 12:46:00.000000000,BEST_BID,"JPM,100040,161"
2019-06-28 12:46:00.000000000,BEST_ASK,"JPM,100283,195"
2019-06-28 12:46:00.000000000,LAST_TRADE,"2,$100040.0000"
2019-06-28 12:46:00.000000000,QUERY_SPREAD,84
2019-06-28 12:46:00.000000000,BEST_BID,"JPM,100040,160"
2019-06-28 12:46:00.000000000,BEST_ASK,"JPM,100283,195"
2019-06-28 12:46:00.000000000,LAST_TRADE,"1,$100040.0000"
2019-06-28 12:46:00.000000000,QUERY_SPREAD,85
2019-06-28 12:46:00.000000000,BEST_BID,"JPM,100040,159"
2019-06-28 12:46:00.000000000,BEST_ASK,"JPM,100283,195"
2019-06-28 12:46:00.000000000,LAST_TRADE,"1,$100040.0000"
2019-06-28 12:46:00.000000000,QUERY_SPREAD,86
2019-06-28 12:46:00.000000000,BEST_BID,"JPM,100040,153"
2019-06-28 12:46:00.000000000,BEST_ASK,"JPM,100283,195"
2019-06-28 12:46:00.000000000,LAST_TRADE,"6,$100040.0000"
2019-06-28 12:46:00.000000000,QUERY_SPREAD,87
2019-06-28 12:46:00.000000000,BEST_BID,"JPM,100040,150"
2019-06-28 12:46:00.000000000,BEST_ASK,"JPM,100283,195"
2019-06-28 12:46:00.000000000,LAST_TRADE,"3,$100040.0000"
2019-06-28 12:46:00.000000000,QUERY_SPREAD,88
2019-06-28 12:46:00.000000000,BEST_BID,"JPM,100040,146"
2019-06-28 12:46:00.000000000,BEST_ASK,"JPM,100283,195"
2019-06-28 12:46:00.000000000,LAST_TRADE,"4,$100040.0000"
2019-06-28 12:46:00.000000000,QUERY_SPREAD,89
2019-06-28 12:46:00.000000000,BEST_BID,"JPM,100040,142"
2019-06-28 12:46:00.000000000,BEST_ASK,"JPM,100283,195"
2019-06-28 12:46:00.000000000,LAST_TRADE,"4,$100040.0000"
2019-06-28 12:46:00.000000000,QUERY_SPREAD,90
2019-06-28 12:46:00.000000000,BEST_BID,"JPM,100040,135"
2019-06-28 12:46:00.000000000,BEST_ASK,"JPM,100283,195"
2019-06-28 12:46:00.000000000,LAST_TRADE,"7,$100040.0000"
2019-06-28 12:46:00.000000000,QUERY_SPREAD,91
2019-06-28 12:46:00.000000000,BEST_BID,"JPM,100040,127"
2019-06-28 12:46:00.000000000,BEST_ASK,"JPM,100283,195"
2019-06-28 12:46:00.000000000,LAST_TRADE,"8,$100040.0000"
2019-06-28 12:46:00.000000000,QUERY_SPREAD,92
2019-06-28 12:46:00.000000000,BEST_BID,"JPM,100040,122"
2019-06-28 12:46:00.000000000,BEST_ASK,"JPM,100283,195"
2019-06-28 12:46:00.000000000,LAST_TRADE,"5,$100040.0000"
2019-06-28 12:46:00.000000000,QUERY_SPREAD,93
2019-06-28 12:46:00.000000000,BEST_BID,"JPM,100040,119"
2019-06-28 12:46:00.000000000,BEST_ASK,"JPM,100283,195"
2019-06-28 12:46:00.000000000,LAST_TRADE,"3,$100040.0000"
2019-06-28 12:46:00.000000000,QUERY_SPREAD,94
2019-06-28 12:46:00.000000000,BEST_BID,"JPM,100040,115"
2019-06-28 12:46:00.000000000,BEST_ASK,"JPM,100283,195"
2019-06-28 12:46:00.000000000,LAST_TRADE,"4,$100040.0000"
2019-06-28 12:46:00.000000000,QUERY_SPREAD,95
2019-06-28 12:46:00.000000000,BEST_BID,"JPM,100040,110"
2019-06-28 12:46:00.000000000,BEST_ASK,"JPM,100283,195"
2019-06-28 12:46:00.000000000,LAST_TRADE,"5,$100040.0000"
2019-06-28 12:46:00.000000000,QUERY_SPREAD,96
2019-06-28 12:46:00.000000000,BEST_BID,"JPM,100040,109"
2019-06-28 12:46:00.000000000,BEST_ASK,"JPM,100283,195"
2019-06-28 12:46:00.000000000,LAST_TRADE,"1,$100040.0000"
2019-06-28 12:46:00.000000000,QUERY_SPREAD,97
2019-06-28 12:46:00.000000000,BEST_BID,"JPM,100040,102"
2019-06-28 12:46:00.000000000,BEST_ASK,"JPM,100283,195"
2019-06-28 12:46:00.000000000,LAST_TRADE,"7,$100040.0000"
2019-06-28 12:46:00.000000000,QUERY_SPREAD,98
2019-06-28 12:46:00.000000000,BEST_BID,"JPM,100040,96"
2019-06-28 12:46:00.000000000,BEST_ASK,"JPM,100283,195"
2019-06-28 12:46:00.000000000,LAST_TRADE,"6,$100040.0000"
2019-06-28 12:46:00.000000000,QUERY_SPREAD,99
2019-06-28 12:46:00.000000000,BEST_BID,"JPM,100040,91"
2019-06-28 12:46:00.000000000,BEST_ASK,"JPM,100283,195"
2019-06-28 12:46:00.000000000,LAST_TRADE,"5,$100040.0000"
2019-06-28 12:46:00.000000000,QUERY_SPREAD,100
2019-06-28 12:46:00.000000000,BEST_BID,"JPM,100040,84"
2019-06-28 12:46:00.000000000,BEST_ASK,"JPM,100283,195"
2019-06-28 12:46:00.000000000,LAST_TRADE,"7,$100040.0000"
2019-06-28 12:46:00.000000000,QUERY_SPREAD,101
2019-06-28 12:46:00.000000000,QUERY_ORDER_STREAM,101
2019-06-28 12:46:00.000000000,BEST_BID,"JPM,100040,85"
2019-06-28 12:46:00.000000000,BEST_ASK,"JPM,100283,195"
2019-06-28 12:46:09.361521706,QUERY_SPREAD,33
2019-06-28 12:46:09.361521706,BEST_BID,"JPM,100186,100"
2019-06-28 12:46:09.361521706,BEST_ASK,"JPM,100283,195"
2019-06-28 12:46:10.000000000,QUERY_SPREAD,1
2019-06-28 12:46:10.000000000,BEST_BID,"JPM,100186,156"
2019-06-28 12:46:10.000000000,BEST_ASK,"JPM,100283,100"
2019-06-28 12:46:10.000000000,BEST_BID,"JPM,100186,156"
2019-06-28 12:46:10.000000000,BEST_ASK,"JPM,100283,100"
2019-06-28 12:46:10.000000000,BEST_BID,"JPM,100186,156"
2019-06-28 12:46:10.000000000,BEST_ASK,"JPM,100283,100"
2019-06-28 12:46:10.000000000,BEST_BID,"JPM,100186,156"
2019-06-28 12:46:10.000000000,BEST_ASK,"JPM,100283,100"
2019-06-28 12:46:10.000000000,BEST_BID,"JPM,100186,156"
2019-06-28 12:46:10.000000000,BEST_ASK,"JPM,100283,156"
2019-06-28 12:46:10.000000000,BEST_BID,"JPM,100186,156"
2019-06-28 12:46:10.000000000,BEST_ASK,"JPM,100283,156"
2019-06-28 12:46:10.000000000,BEST_BID,"JPM,100186,156"
2019-06-28 12:46:10.000000000,BEST_ASK,"JPM,100283,156"
2019-06-28 12:46:10.000000000,BEST_BID,"JPM,100186,156"
2019-06-28 12:46:10.000000000,BEST_ASK,"JPM,100283,156"
2019-06-28 12:46:10.000000000,BEST_BID,"JPM,100186,156"
2019-06-28 12:46:10.000000000,BEST_ASK,"JPM,100283,156"
2019-06-28 12:46:15.943375214,QUERY_SPREAD,33
2019-06-28 12:46:15.943375214,BEST_BID,"JPM,100186,56"
2019-06-28 12:46:15.943375214,BEST_ASK,"JPM,100283,156"
2019-06-28 12:46:20.000000000,QUERY_SPREAD,1
2019-06-28 12:46:20.000000000,BEST_BID,"JPM,100085,156"
2019-06-28 12:46:20.000000000,BEST_ASK,"JPM,100283,100"
2019-06-28 12:46:20.000000000,BEST_BID,"JPM,100085,156"
2019-06-28 12:46:20.000000000,BEST_ASK,"JPM,100283,100"
2019-06-28 12:46:20.000000000,BEST_BID,"JPM,100085,156"
2019-06-28 12:46:20.000000000,BEST_ASK,"JPM,100283,100"
2019-06-28 12:46:20.000000000,BEST_BID,"JPM,100085,156"
2019-06-28 12:46:20.000000000,BEST_ASK,"JPM,100283,100"
2019-06-28 12:46:20.000000000,BEST_BID,"JPM,100085,156"
2019-06-28 12:46:20.000000000,BEST_ASK,"JPM,100283,156"
2019-06-28 12:46:20.000000000,BEST_BID,"JPM,100085,156"
2019-06-28 12:46:20.000000000,BEST_ASK,"JPM,100283,156"
2019-06-28 12:46:20.000000000,BEST_BID,"JPM,100085,156"
2019-06-28 12:46:20.000000000,BEST_ASK,"JPM,100283,156"
2019-06-28 12:46:20.000000000,BEST_BID,"JPM,100085,156"
2019-06-28 12:46:20.000000000,BEST_ASK,"JPM,100283,156"
2019-06-28 12:46:20.000000000,BEST_BID,"JPM,100085,156"
2019-06-28 12:46:20.000000000,BEST_ASK,"JPM,100283,156"
2019-06-28 12:46:24.306318224,QUERY_ORDER_STREAM,57
2019-06-28 12:46:24.306318224,QUERY_SPREAD,57
2019-06-28 12:46:24.306318224,BEST_BID,"JPM,100085,156"
2019-06-28 12:46:24.306318224,BEST_ASK,"JPM,100283,156"
2019-06-28 12:46:30.000000000,QUERY_SPREAD,1
2019-06-28 12:46:30.000000000,BEST_BID,"JPM,100085,156"
2019-06-28 12:46:30.000000000,BEST_ASK,"JPM,100283,100"
2019-06-28 12:46:30.000000000,BEST_BID,"JPM,100085,156"
2019-06-28 12:46:30.000000000,BEST_ASK,"JPM,100283,100"
2019-06-28 12:46:30.000000000,BEST_BID,"JPM,100085,156"
2019-06-28 12:46:30.000000000,BEST_ASK,"JPM,100283,100"
2019-06-28 12:46:30.000000000,BEST_BID,"JPM,100085,156"
2019-06-28 12:46:30.000000000,BEST_ASK,"JPM,100283,100"
2019-06-28 12:46:30.000000000,BEST_BID,"JPM,100085,156"
2019-06-28 12:46:30.000000000,BEST_ASK,"JPM,100283,156"
2019-06-28 12:46:30.000000000,BEST_BID,"JPM,100085,156"
2019-06-28 12:46:30.000000000,BEST_ASK,"JPM,100283,156"
2019-06-28 12:46:30.000000000,BEST_BID,"JPM,100085,156"
2019-06-28 12:46:30.000000000,BEST_ASK,"JPM,100283,156"
2019-06-28 12:46:30.000000000,BEST_BID,"JPM,100085,156"
2019-06-28 12:46:30.000000000,BEST_ASK,"JPM,100283,156"
2019-06-28 12:46:30.000000000,BEST_BID,"JPM,100085,156"
2019-06-28 12:46:30.000000000,BEST_ASK,"JPM,100283,156"
2019-06-28 12:46:40.000000000,QUERY_SPREAD,1
2019-06-28 12:46:40.000000000,BEST_BID,"JPM,100085,195"
2019-06-28 12:46:40.000000000,BEST_ASK,"JPM,100283,100"
2019-06-28 12:46:40.000000000,BEST_BID,"JPM,100085,195"
2019-06-28 12:46:40.000000000,BEST_ASK,"JPM,100283,100"
2019-06-28 12:46:40.000000000,BEST_BID,"JPM,100085,195"
2019-06-28 12:46:40.000000000,BEST_ASK,"JPM,100283,100"
2019-06-28 12:46:40.000000000,BEST_BID,"JPM,100085,195"
2019-06-28 12:46:40.000000000,BEST_ASK,"JPM,100283,195"
2019-06-28 12:46:40.000000000,BEST_BID,"JPM,100085,195"
2019-06-28 12:46:40.000000000,BEST_ASK,"JPM,100283,195"
2019-06-28 12:46:40.000000000,BEST_BID,"JPM,100085,195"
2019-06-28 12:46:40.000000000,BEST_ASK,"JPM,100283,195"
2019-06-28 12:46:50.000000000,QUERY_SPREAD,1
2019-06-28 12:46:50.000000000,BEST_BID,"JPM,100085,170"
2019-06-28 12:46:50.000000000,BEST_ASK,"JPM,100283,100"
2019-06-28 12:46:50.000000000,BEST_BID,"JPM,100085,170"
2019-06-28 12:46:50.000000000,BEST_ASK,"JPM,100283,100"
2019-06-28 12:46:50.000000000,BEST_BID,"JPM,100085,170"
2019-06-28 12:46:50.000000000,BEST_ASK,"JPM,100283,100"
2019-06-28 12:46:50.000000000,BEST_BID,"JPM,100085,170"
2019-06-28 12:46:50.000000000,BEST_ASK,"JPM,100283,100"
2019-06-28 12:46:50.000000000,BEST_BID,"JPM,100085,170"
2019-06-28 12:46:50.000000000,BEST_ASK,"JPM,100283,170"
2019-06-28 12:46:50.000000000,BEST_BID,"JPM,100085,170"
2019-06-28 12:46:50.000000000,BEST_ASK,"JPM,100283,170"
2019-06-28 12:46:50.000000000,BEST_BID,"JPM,100085,170"
2019-06-28 12:46:50.000000000,BEST_ASK,"JPM,100283,170"
2019-06-28 12:46:50.000000000,BEST_BID,"JPM,100085,170"
2019-06-28 12:46:50.000000000,BEST_ASK,"JPM,100283,170"
2019-06-28 12:46:52.847582330,QUERY_SPREAD,27
2019-06-28 12:46:52.847582330,BEST_BID,"JPM,100085,170"
2019-06-28 12:46:52.847582330,BEST_ASK,"JPM,100283,70"
2019-06-28 12:46:52.847582330,LAST_TRADE,"100,$100283.0000"
2019-06-28 12:46:59.266740110,QUERY_ORDER_STREAM,70
2019-06-28 12:46:59.266740110,QUERY_SPREAD,70
2019-06-28 12:46:59.266740110,BEST_BID,"JPM,100187,100"
2019-06-28 12:46:59.266740110,BEST_ASK,"JPM,100283,70"
2019-06-28 12:47:00.000000000,QUERY_SPREAD,1
2019-06-28 12:47:00.000000000,BEST_BID,"JPM,100187,380"
2019-06-28 12:47:00.000000000,BEST_ASK,"JPM,100339,100"
2019-06-28 12:47:00.000000000,BEST_BID,"JPM,100187,380"
2019-06-28 12:47:00.000000000,BEST_ASK,"JPM,100339,380"
2019-06-28 12:47:00.000000000,QUERY_SPREAD,77
2019-06-28 12:47:00.000000000,BEST_BID,"JPM,100187,379"
2019-06-28 12:47:00.000000000,BEST_ASK,"JPM,100339,380"
2019-06-28 12:47:00.000000000,LAST_TRADE,"1,$100187.0000"
2019-06-28 12:47:00.000000000,QUERY_SPREAD,78
2019-06-28 12:47:00.000000000,BEST_BID,"JPM,100187,375"
2019-06-28 12:47:00.000000000,BEST_ASK,"JPM,100339,380"
2019-06-28 12:47:00.000000000,LAST_TRADE,"4,$100187.0000"
2019-06-28 12:47:00.000000000,QUERY_SPREAD,79
2019-06-28 12:47:00.000000000,BEST_BID,"JPM,100187,369"
2019-06-28 12:47:00.000000000,BEST_ASK,"JPM,100339,380"
2019-06-28 12:47:00.000000000,LAST_TRADE,"6,$100187.0000"
2019-06-28 12:47:00.000000000,QUERY_SPREAD,80
2019-06-28 12:47:00.000000000,BEST_BID,"JPM,100187,364"
2019-06-28 12:47:00.000000000,BEST_ASK,"JPM,100339,380"
2019-06-28 12:47:00.000000000,LAST_TRADE,"5,$100187.0000"
2019-06-28 12:47:00.000000000,QUERY_SPREAD,81
2019-06-28 12:47:00.000000000,BEST_BID,"JPM,100187,356"
2019-06-28 12:47:00.000000000,BEST_ASK,"JPM,100339,380"
2019-06-28 12:47:00.000000000,LAST_TRADE,"8,$100187.0000"
2019-06-28 12:47:00.000000000,QUERY_SPREAD,82
2019-06-28 12:47:00.000000000,BEST_BID,"JPM,100187,348"
2019-06-28 12:47:00.000000000,BEST_ASK,"JPM,100339,380"
2019-06-28 12:47:00.000000000,LAST_TRADE,"8,$100187.0000"
2019-06-28 12:47:00.000000000,QUERY_SPREAD,83
2019-06-28 12:47:00.000000000,BEST_BID,"JPM,100187,346"
2019-06-28 12:47:00.000000000,BEST_ASK,"JPM,100339,380"
2019-06-28 12:47:00.000000000,LAST_TRADE,"2,$100187.0000"
2019-06-28 12:47:00.000000000,QUERY_SPREAD,84
2019-06-28 12:47:00.000000000,BEST_BID,"JPM,100187,345"
2019-06-28 12:47:00.000000000,BEST_ASK,"JPM,100339,380"
2019-06-28 12:47:00.000000000,LAST_TRADE,"1,$100187.0000"
2019-06-28 12:47:00.000000000,QUERY_SPREAD,85
2019-06-28 12:47:00.000000000,BEST_BID,"JPM,100187,344"
2019-06-28 12:47:00.000000000,BEST_ASK,"JPM,100339,380"
2019-06-28 12:47:00.000000000,LAST_TRADE,"1,$100187.0000"
2019-06-28 12:47:00.000000000,QUERY_SPREAD,86
2019-06-28 12:47:00.000000000,BEST_BID,"JPM,100187,338"
2019-06-28 12:47:00.000000000,BEST_ASK,"JPM,100339,380"
2019-06-28 12:47:00.000000000,LAST_TRADE,"6,$100187.0000"
2019-06-28 12:47:00.000000000,QUERY_SPREAD,87
2019-06-28 12:47:00.000000000,BEST_BID,"JPM,100187,335"
2019-06-28 12:47:00.000000000,BEST_ASK,"JPM,100339,380"
2019-06-28 12:47:00.000000000,LAST_TRADE,"3,$100187.0000"
2019-06-28 12:47:00.000000000,QUERY_SPREAD,88
2019-06-28 12:47:00.000000000,BEST_BID,"JPM,100187,331"
2019-06-28 12:47:00.000000000,BEST_ASK,"JPM,100339,380"
2019-06-28 12:47:00.000000000,LAST_TRADE,"4,$100187.0000"
2019-06-28 12:47:00.000000000,QUERY_SPREAD,89
2019-06-28 12:47:00.000000000,BEST_BID,"JPM,100187,327"
2019-06-28 12:47:00.000000000,BEST_ASK,"JPM,100339,380"
2019-06-28 12:47:00.000000000,LAST_TRADE,"4,$100187.0000"
2019-06-28 12:47:00.000000000,QUERY_SPREAD,90
2019-06-28 12:47:00.000000000,BEST_BID,"JPM,100187,320"
2019-06-28 12:47:00.000000000,BEST_ASK,"JPM,100339,380"
2019-06-28 12:47:00.000000000,LAST_TRADE,"7,$100187.0000"
2019-06-28 12:47:00.000000000,QUERY_SPREAD,91
2019-06-28 12:47:00.000000000,BEST_BID,"JPM,100187,312"
2019-06-28 12:47:00.000000000,BEST_ASK,"JPM,100339,380"
2019-06-28 12:47:00.000000000,LAST_TRADE,"8,$100187.0000"
2019-06-28 12:47:00.000000000,QUERY_SPREAD,92
2019-06-28 12:47:00.000000000,BEST_BID,"JPM,100187,307"
2019-06-28 12:47:00.000000000,BEST_ASK,"JPM,100339,380"
2019-06-28 12:47:00.000000000,LAST_TRADE,"5,$100187.0000"
2019-06-28 12:47:00.000000000,QUERY_SPREAD,93
2019-06-28 12:47:00.000000000,BEST_BID,"JPM,100187,304"
2019-06-28 12:47:00.000000000,BEST_ASK,"JPM,100339,380"
2019-06-28 12:47:00.000000000,LAST_TRADE,"3,$100187.0000"
2019-06-28 12:47:00.000000000,QUERY_SPREAD,94
2019-06-28 12:47:00.000000000,BEST_BID,"JPM,100187,300"
2019-06-28 12:47:00.000000000,BEST_ASK,"JPM,100339,380"
2019-06-28 12:47:00.000000000,LAST_TRADE,"4,$100187.0000"
2019-06-28 12:47:00.000000000,QUERY_SPREAD,95
2019-06-28 12:47:00.000000000,BEST_BID,"JPM,100187,295"
2019-06-28 12:47:00.000000000,BEST_ASK,"JPM,100339,380"
2019-06-28 12:47:00.000000000,LAST_TRADE,"5,$100187.0000"
2019-06-28 12:47:00.000000000,QUERY_SPREAD,96
2019-06-28 12:47:00.000000000,BEST_BID,"JPM,100187,294"
2019-06-28 12:47:00.000000000,BEST_ASK,"JPM,100339,380"
2019-06-28 12:47:00.000000000,LAST_TRADE,"1,$100187.0000"
2019-06-28 12:47:00.000000000,QUERY_SPREAD,97
2019-06-28 12:47:00.000000000,BEST_BID,"JPM,100187,287"
2019-06-28 12:47:00.000000000,BEST_ASK,"JPM,100339,380"
2019-06-28 12:47:00.000000000,LAST_TRADE,"7,$100187.0000"
2019-06-28 12:47:00.000000000,QUERY_SPREAD,98
2019-06-28 12:47:00.000000000,BEST_BID,"JPM,100187,281"
2019-06-28 12:47:00.000000000,BEST_ASK,"JPM,100339,380"
2019-06-28 12:47:00.000000000,LAST_TRADE,"6,$100187.0000"
2019-06-28 12:47:00.000000000,QUERY_SPREAD,99
2019-06-28 12:47:00.000000000,BEST_BID,"JPM,100187,276"
2019-06-28 12:47:00.000000000,BEST_ASK,"JPM,100339,380"
2019-06-28 12:47:00.000000000,LAST_TRADE,"5,$100187.0000"
2019-06-28 12:47:00.000000000,QUERY_SPREAD,100
2019-06-28 12:47:00.000000000,BEST_BID,"JPM,100187,269"
2019-06-28 12:47:00.000000000,BEST_ASK,"JPM,100339,380"
2019-06-28 12:47:00.000000000,LAST_TRADE,"7,$100187.0000"
2019-06-28 12:47:00.000000000,QUERY_SPREAD,101
2019-06-28 12:47:00.000000000,QUERY_ORDER_STREAM,101
2019-06-28 12:47:10.000000000,QUERY_SPREAD,1
2019-06-28 12:47:10.000000000,BEST_BID,"JPM,100085,156"
2019-06-28 12:47:10.000000000,BEST_ASK,"JPM,100339,100"
2019-06-28 12:47:10.000000000,BEST_BID,"JPM,100085,156"
2019-06-28 12:47:10.000000000,BEST_ASK,"JPM,100339,100"
2019-06-28 12:47:10.000000000,BEST_BID,"JPM,100085,156"
2019-06-28 12:47:10.000000000,BEST_ASK,"JPM,100339,100"
2019-06-28 12:47:10.000000000,BEST_BID,"JPM,100085,156"
2019-06-28 12:47:10.000000000,BEST_ASK,"JPM,100339,100"
2019-06-28 12:47:10.000000000,BEST_BID,"JPM,100085,156"
2019-06-28 12:47:10.000000000,BEST_ASK,"JPM,100339,156"
2019-06-28 12:47:10.000000000,BEST_BID,"JPM,100085,156"
2019-06-28 12:47:10.000000000,BEST_ASK,"JPM,100339,156"
2019-06-28 12:47:10.000000000,BEST_BID,"JPM,100085,156"
2019-06-28 12:47:10.000000000,BEST_ASK,"JPM,100339,156"
2019-06-28 12:47:10.000000000,BEST_BID,"JPM,100085,156"
2019-06-28 12:47:10.000000000,BEST_ASK,"JPM,100339,156"
2019-06-28 12:47:10.000000000,BEST_BID,"JPM,100085,156"
2019-06-28 12:47:10.000000000,BEST_ASK,"JPM,100339,156"
2019-06-28 12:47:20.000000000,QUERY_SPREAD,1
2019-06-28 12:47:20.000000000,BEST_BID,"JPM,100085,156"
2019-06-28 12:47:20.000000000,BEST_ASK,"JPM,100339,100"
2019-06-28 12:47:20.000000000,BEST_BID,"JPM,100085,156"
2019-06-28 12:47:20.000000000,BEST_ASK,"JPM,100339,100"
2019-06-28 12:47:20.000000000,BEST_BID,"JPM,100085,156"
2019-06-28 12:47:20.000000000,BEST_ASK,"JPM,100339,100"
2019-06-28 12:47:20.000000000,BEST_BID,"JPM,100085,156"
2019-06-28 12:47:20.000000000,BEST_ASK,"JPM,100339,100"
2019-06-28 12:47:20.000000000,BEST_BID,"JPM,100085,156"
2019-06-28 12:47:20.000000000,BEST_ASK,"JPM,100339,156"
2019-06-28 12:47:20.000000000,BEST_BID,"JPM,100085,156"
2019-06-28 12:47:20.000000000,BEST_ASK,"JPM,100339,156"
2019-06-28 12:47:20.000000000,BEST_BID,"JPM,100085,156"
2019-06-28 12:47:20.000000000,BEST_ASK,"JPM,100339,156"
2019-06-28 12:47:20.000000000,BEST_BID,"JPM,100085,156"
2019-06-28 12:47:20.000000000,BEST_ASK,"JPM,100339,156"
2019-06-28 12:47:20.000000000,BEST_BID,"JPM,100085,156"
2019-06-28 12:47:20.000000000,BEST_ASK,"JPM,100339,156"
2019-06-28 12:47:20.512284565,QUERY_SPREAD,9
2019-06-28 12:47:20.512284565,BEST_BID,"JPM,100085,156"
2019-06-28 12:47:20.512284565,BEST_ASK,"JPM,100339,156"
2019-06-28 12:47:21.004143991,QUERY_SPREAD,14
2019-06-28 12:47:21.004143991,BEST_BID,"JPM,100085,156"
2019-06-28 12:47:21.004143991,BEST_ASK,"JPM,100339,156"
2019-06-28 12:47:29.901238577,QUERY_ORDER_STREAM,53
2019-06-28 12:47:29.901238577,QUERY_SPREAD,53
2019-06-28 12:47:30.000000000,QUERY_SPREAD,1
2019-06-28 12:47:30.000000000,BEST_BID,"JPM,100085,380"
2019-06-28 12:47:30.000000000,BEST_ASK,"JPM,100339,100"
2019-06-28 12:47:30.000000000,BEST_BID,"JPM,100085,380"
2019-06-28 12:47:30.000000000,BEST_ASK,"JPM,100339,380"
2019-06-28 12:47:32.822250886,QUERY_SPREAD,36
2019-06-28 12:47:32.822250886,BEST_BID,"JPM,100085,280"
2019-06-28 12:47:32.822250886,BEST_ASK,"JPM,100339,380"
2019-06-28 12:47:32.822250886,LAST_TRADE,"100,$100085.0000"
2019-06-28 12:47:35.615262176,QUERY_SPREAD,39
2019-06-28 12:47:35.615262176,BEST_BID,"JPM,100085,180"
2019-06-28 12:47:35.615262176,BEST_ASK,"JPM,100339,380"
2019-06-28 12:47:35.615262176,LAST_TRADE,"100,$100085.0000"
2019-06-28 12:47:40.000000000,QUERY_SPREAD,1
2019-06-28 12:47:40.000000000,BEST_BID,"JPM,100040,157"
2019-06-28 12:47:40.000000000,BEST_ASK,"JPM,100339,100"
2019-06-28 12:47:40.000000000,BEST_BID,"JPM,100040,157"
2019-06-28 12:47:40.000000000,BEST_ASK,"JPM,100339,100"
2019-06-28 12:47:40.000000000,BEST_BID,"JPM,100040,157"
2019-06-28 12:47:40.000000000,BEST_ASK,"JPM,100339,100"
2019-06-28 12:47:40.000000000,BEST_BID,"JPM,100040,157"
2019-06-28 12:47:40.000000000,BEST_ASK,"JPM,100339,156"
2019-06-28 12:47:40.000000000,BEST_BID,"JPM,100040,157"
2019-06-28 12:47:40.000000000,BEST_ASK,"JPM,100339,156"
2019-06-28 12:47:40.000000000,BEST_BID,"JPM,100040,157"
2019-06-28 12:47:40.000000000,BEST_ASK,"JPM,100339,156"
2019-06-28 12:47:40.000000000,BEST_BID,"JPM,100040,157"
2019-06-28 12:47:40.000000000,BEST_ASK,"JPM,100339,156"
2019-06-28 12:47:40.000000000,BEST_BID,"JPM,100040,157"
2019-06-28 12:47:40.000000000,BEST_ASK,"JPM,100339,156"
2019-06-28 12:47:44.984925878,QUERY_ORDER_STREAM,54
2019-06-28 12:47:44.984925878,QUERY_SPREAD,54
2019-06-28 12:47:44.984925878,BEST_BID,"JPM,100086,100"
2019-06-28 12:47:44.984925878,BEST_ASK,"JPM,100339,156"
2019-06-28 12:47:50.000000000,QUERY_SPREAD,1
2019-06-28 12:47:50.000000000,BEST_BID,"JPM,100086,156"
2019-06-28 12:47:50.000000000,BEST_ASK,"JPM,100339,100"
2019-06-28 12:47:50.000000000,BEST_BID,"JPM,100086,156"
2019-06-28 12:47:50.000000000,BEST_ASK,"JPM,100339,100"
2019-06-28 12:47:50.000000000,BEST_BID,"JPM,100086,156"
2019-06-28 12:47:50.000000000,BEST_ASK,"JPM,100339,100"
2019-06-28 12:47:50.000000000,BEST_BID,"JPM,100086,156"
2019-06-28 12:47:50.000000000,BEST_ASK,"JPM,100339,100"
2019-06-28 12:47:50.000000000,BEST_BID,"JPM,100086,156"
2019-06-28 12:47:50.000000000,BEST_ASK,"JPM,100339,156"
2019-06-28 12:47:50.000000000,BEST_BID,"JPM,100086,156"
2019-06-28 12:47:50.000000000,BEST_ASK,"JPM,100339,156"
2019-06-28 12:47:50.000000000,BEST_BID,"JPM,100086,156"
2019-06-28 12:47:50.000000000,BEST_ASK,"JPM,100339,156"
2019-06-28 12:47:50.000000000,BEST_BID,"JPM,100086,156"
2019-06-28 12:47:50.000000000,BEST_ASK,"JPM,100339,156"
2019-06-28 12:47:50.000000000,BEST_BID,"JPM,100086,156"
2019-06-28 12:47:50.000000000,BEST_ASK,"JPM,100339,156"
2019-06-28 12:47:59.894617124,QUERY_SPREAD,17
2019-06-28 12:47:59.894617124,BEST_BID,"JPM,100086,156"
2019-06-28 12:47:59.894617124,BEST_ASK,"JPM,100339,156"
2019-06-28 12:48:00.000000000,QUERY_SPREAD,1
2019-06-28 12:48:00.000000000,BEST_BID,"JPM,100086,156"
2019-06-28 12:48:00.000000000,BEST_ASK,"JPM,100339,100"
2019-06-28 12:48:00.000000000,BEST_BID,"JPM,100086,156"
2019-06-28 12:48:00.000000000,BEST_ASK,"JPM,100339,100"
2019-06-28 12:48:00.000000000,BEST_BID,"JPM,100086,156"
2019-06-28 12:48:00.000000000,BEST_ASK,"JPM,100339,100"
2019-06-28 12:48:00.000000000,BEST_BID,"JPM,100086,156"
2019-06-28 12:48:00.000000000,BEST_ASK,"JPM,100339,100"
2019-06-28 12:48:00.000000000,BEST_BID,"JPM,100086,156"
2019-06-28 12:48:00.000000000,BEST_ASK,"JPM,100339,156"
2019-06-28 12:48:00.000000000,BEST_BID,"JPM,100086,156"
2019-06-28 12:48:00.000000000,BEST_ASK,"JPM,100339,156"
2019-06-28 12:48:00.000000000,BEST_BID,"JPM,100086,156"
2019-06-28 12:48:00.000000000,BEST_ASK,"JPM,100339,156"
2019-06-28 12:48:00.000000000,BEST_BID,"JPM,100086,156"
2019-06-28 12:48:00.000000000,BEST_ASK,"JPM,100339,156"
2019-06-28 12:48:00.000000000,BEST_BID,"JPM,100086,156"
2019-06-28 12:48:00.000000000,BEST_ASK,"JPM,100339,156"
2019-06-28 12:48:00.000000000,QUERY_SPREAD,77
2019-06-28 12:48:00.000000000,BEST_BID,"JPM,100086,155"
2019-06-28 12:48:00.000000000,BEST_ASK,"JPM,100339,156"
2019-06-28 12:48:00.000000000,LAST_TRADE,"1,$100086.0000"
2019-06-28 12:48:00.000000000,QUERY_SPREAD,78
2019-06-28 12:48:00.000000000,BEST_BID,"JPM,100086,151"
2019-06-28 12:48:00.000000000,BEST_ASK,"JPM,100339,156"
2019-06-28 12:48:00.000000000,LAST_TRADE,"4,$100086.0000"
2019-06-28 12:48:00.000000000,QUERY_SPREAD,79
2019-06-28 12:48:00.000000000,BEST_BID,"JPM,100086,145"
2019-06-28 12:48:00.000000000,BEST_ASK,"JPM,100339,156"
2019-06-28 12:48:00.000000000,LAST_TRADE,"6,$100086.0000"
2019-06-28 12:48:00.000000000,QUERY_SPREAD,80
2019-06-28 12:48:00.000000000,BEST_BID,"JPM,100086,140"
2019-06-28 12:48:00.000000000,BEST_ASK,"JPM,100339,156"
2019-06-28 12:48:00.000000000,LAST_TRADE,"5,$100086.0000"
2019-06-28 12:48:00.000000000,QUERY_SPREAD,81
2019-06-28 12:48:00.000000000,BEST_BID,"JPM,100086,132"
2019-06-28 12:48:00.000000000,BEST_ASK,"JPM,100339,156"
2019-06-28 12:48:00.000000000,LAST_TRADE,"8,$100086.0000"
2019-06-28 12:48:00.000000000,QUERY_SPREAD,82
2019-06-28 12:48:00.000000000,BEST_BID,"JPM,100086,124"
2019-06-28 12:48:00.000000000,BEST_ASK,"JPM,100339,156"
2019-06-28 12:48:00.000000000,LAST_TRADE,"8,$100086.0000"
2019-06-28 12:48:00.000000000,QUERY_SPREAD,83
2019-06-28 12:48:00.000000000,BEST_BID,"JPM,100086,122"
2019-06-28 12:48:00.000000000,BEST_ASK,"JPM,100339,156"
2019-06-28 12:48:00.000000000,LAST_TRADE,"2,$100086.0000"
2019-06-28 12:48:00.000000000,QUERY_SPREAD,84
2019-06-28 12:48:00.000000000,BEST_BID,"JPM,100086,121"
2019-06-28 12:48:00.000000000,BEST_ASK,"JPM,100339,156"
2019-06-28 12:48:00.000000000,LAST_TRADE,"1,$100086.0000"
2019-06-28 12:48:00.000000000,QUERY_SPREAD,85
2019-06-28 12:48:00.000000000,BEST_BID,"JPM,100086,120"
2019-06-28 12:48:00.000000000,BEST_ASK,"JPM,100339,156"
2019-06-28 12:48:00.000000000,LAST_TRADE,"1,$100086.0000"
2019-06-28 12:48:00.000000000,QUERY_SPREAD,86
2019-06-28 12:48:00.000000000,BEST_BID,"JPM,100086,114"
2019-06-28 12:48:00.000000000,BEST_ASK,"JPM,100339,156"
2019-06-28 12:48:00.000000000,LAST_TRADE,"6,$100086.0000"
2019-06-28 12:48:00.000000000,QUERY_SPREAD,87
2019-06-28 12:48:00.000000000,BEST_BID,"JPM,100086,111"
2019-06-28 12:48:00.000000000,BEST_ASK,"JPM,100339,156"
2019-06-28 12:48:00.000000000,LAST_TRADE,"3,$100086.0000"
2019-06-28 12:48:00.000000000,QUERY_SPREAD,88
2019-06-28 12:48:00.000000000,BEST_BID,"JPM,100086,107"
2019-06-28 12:48:00.000000000,BEST_ASK,"JPM,100339,156"
2019-06-28 12:48:00.000000000,LAST_TRADE,"4,$100086.0000"
2019-06-28 12:48:00.000000000,QUERY_SPREAD,89
2019-06-28 12:48:00.000000000,BEST_BID,"JPM,100086,103"
2019-06-28 12:48:00.000000000,BEST_ASK,"JPM,100339,156"
2019-06-28 12:48:00.000000000,LAST_TRADE,"4,$100086.0000"
2019-06-28 12:48:00.000000000,QUERY_SPREAD,90
2019-06-28 12:48:00.000000000,BEST_BID,"JPM,100086,96"
2019-06-28 12:48:00.000000000,BEST_ASK,"JPM,100339,156"
2019-06-28 12:48:00.000000000,LAST_TRADE,"7,$100086.0000"
2019-06-28 12:48:00.000000000,QUERY_SPREAD,91
2019-06-28 12:48:00.000000000,BEST_BID,"JPM,100086,88"
2019-06-28 12:48:00.000000000,BEST_ASK,"JPM,100339,156"
2019-06-28 12:48:00.000000000,LAST_TRADE,"8,$100086.0000"
2019-06-28 12:48:00.000000000,QUERY_SPREAD,92
2019-06-28 12:48:00.000000000,BEST_BID,"JPM,100086,83"
2019-06-28 12:48:00.000000000,BEST_ASK,"JPM,100339,156"
2019-06-28 12:48:00.000000000,LAST_TRADE,"5,$100086.0000"
2019-06-28 12:48:00.000000000,QUERY_SPREAD,93
2019-06-28 12:48:00.000000000,BEST_BID,"JPM,100086,80"
2019-06-28 12:48:00.000000000,BEST_ASK,"JPM,100339,156"
2019-06-28 12:48:00.000000000,LAST_TRADE,"3,$100086.0000"
2019-06-28 12:48:00.000000000,QUERY_SPREAD,94
2019-06-28 12:48:00.000000000,BEST_BID,"JPM,100086,76"
2019-06-28 12:48:00.000000000,BEST_ASK,"JPM,100339,156"
2019-06-28 12:48:00.000000000,LAST_TRADE,"4,$100086.0000"
2019-06-28 12:48:00.000000000,QUERY_SPREAD,95
2019-06-28 12:48:00.000000000,BEST_BID,"JPM,100086,71"
2019-06-28 12:48:00.000000000,BEST_ASK,"JPM,100339,156"
2019-06-28 12:48:00.000000000,LAST_TRADE,"5,$100086.0000"
2019-06-28 12:48:00.000000000,QUERY_SPREAD,96
2019-06-28 12:48:00.000000000,BEST_BID,"JPM,100086,70"
2019-06-28 12:48:00.000000000,BEST_ASK,"JPM,100339,156"
2019-06-28 12:48:00.000000000,LAST_TRADE,"1,$100086.0000"
2019-06-28 12:48:00.000000000,QUERY_SPREAD,97
2019-06-28 12:48:00.000000000,BEST_BID,"JPM,100086,63"
2019-06-28 12:48:00.000000000,BEST_ASK,"JPM,100339,156"
2019-06-28 12:48:00.000000000,LAST_TRADE,"7,$100086.0000"
2019-06-28 12:48:00.000000000,QUERY_SPREAD,98
2019-06-28 12:48:00.000000000,BEST_BID,"JPM,100086,57"
2019-06-28 12:48:00.000000000,BEST_ASK,"JPM,100339,156"
2019-06-28 12:48:00.000000000,LAST_TRADE,"6,$100086.0000"
2019-06-28 12:48:00.000000000,QUERY_SPREAD,99
2019-06-28 12:48:00.000000000,BEST_BID,"JPM,100086,52"
2019-06-28 12:48:00.000000000,BEST_ASK,"JPM,100339,156"
2019-06-28 12:48:00.000000000,LAST_TRADE,"5,$100086.0000"
2019-06-28 12:48:00.000000000,QUERY_SPREAD,100
2019-06-28 12:48:00.000000000,BEST_BID,"JPM,100086,45"
2019-06-28 12:48:00.000000000,BEST_ASK,"JPM,100339,156"
2019-06-28 12:48:00.000000000,LAST_TRADE,"7,$100086.0000"
2019-06-28 12:48:00.000000000,QUERY_SPREAD,101
2019-06-28 12:48:00.000000000,QUERY_ORDER_STREAM,101
2019-06-28 12:48:10.000000000,QUERY_SPREAD,1
2019-06-28 12:48:10.000000000,BEST_BID,"JPM,100040,171"
2019-06-28 12:48:10.000000000,BEST_ASK,"JPM,100339,100"
2019-06-28 12:48:10.000000000,BEST_BID,"JPM,100040,171"
2019-06-28 12:48:10.000000000,BEST_ASK,"JPM,100339,100"
2019-06-28 12:48:10.000000000,BEST_BID,"JPM,100040,171"
2019-06-28 12:48:10.000000000,BEST_ASK,"JPM,100339,100"
2019-06-28 12:48:10.000000000,BEST_BID,"JPM,100040,171"
2019-06-28 12:48:10.000000000,BEST_ASK,"JPM,100339,170"
2019-06-28 12:48:10.000000000,BEST_BID,"JPM,100040,171"
2019-06-28 12:48:10.000000000,BEST_ASK,"JPM,100339,170"
2019-06-28 12:48:10.000000000,BEST_BID,"JPM,100040,171"
2019-06-28 12:48:10.000000000,BEST_ASK,"JPM,100339,170"
2019-06-28 12:48:10.000000000,BEST_BID,"JPM,100040,171"
2019-06-28 12:48:10.000000000,BEST_ASK,"JPM,100339,170"
2019-06-28 12:48:20.000000000,QUERY_SPREAD,1
2019-06-28 12:48:20.000000000,BEST_BID,"JPM,100040,171"
2019-06-28 12:48:20.000000000,BEST_ASK,"JPM,100339,100"
2019-06-28 12:48:20.000000000,BEST_BID,"JPM,100040,171"
2019-06-28 12:48:20.000000000,BEST_ASK,"JPM,100339,100"
2019-06-28 12:48:20.000000000,BEST_BID,"JPM,100040,171"
2019-06-28 12:48:20.000000000,BEST_ASK,"JPM,100339,100"
2019-06-28 12:48:20.000000000,BEST_BID,"JPM,100040,171"
2019-06-28 12:48:20.000000000,BEST_ASK,"JPM,100339,170"
2019-06-28 12:48:20.000000000,BEST_BID,"JPM,100040,171"
2019-06-28 12:48:20.000000000,BEST_ASK,"JPM,100339,170"
2019-06-28 12:48:20.000000000,BEST_BID,"JPM,100040,171"
2019-06-28 12:48:20.000000000,BEST_ASK,"JPM,100339,170"
2019-06-28 12:48:20.000000000,BEST_BID,"JPM,100040,171"
2019-06-28 12:48:20.000000000,BEST_ASK,"JPM,100339,170"
2019-06-28 12:48:20.975431789,QUERY_SPREAD,48
2019-06-28 12:48:20.975431789,BEST_BID,"JPM,100113,100"
2019-06-28 12:48:20.975431789,BEST_ASK,"JPM,100339,170"
2019-06-28 12:48:24.728829347,QUERY_SPREAD,11
2019-06-28 12:48:24.728829347,BEST_BID,"JPM,100125,100"
2019-06-28 12:48:24.728829347,BEST_ASK,"JPM,100339,170"
2019-06-28 12:48:30.000000000,QUERY_SPREAD,1
2019-06-28 12:48:30.000000000,BEST_BID,"JPM,100125,170"
2019-06-28 12:48:30.000000000,BEST_ASK,"JPM,100339,100"
2019-06-28 12:48:30.000000000,BEST_BID,"JPM,100125,170"
2019-06-28 12:48:30.000000000,BEST_ASK,"JPM,100339,100"
2019-06-28 12:48:30.000000000,BEST_BID,"JPM,100125,170"
2019-06-28 12:48:30.000000000,BEST_ASK,"JPM,100339,100"
2019-06-28 12:48:30.000000000,BEST_BID,"JPM,100125,170"
2019-06-28 12:48:30.000000000,BEST_ASK,"JPM,100339,100"
2019-06-28 12:48:30.000000000,BEST_BID,"JPM,100125,170"
2019-06-28 12:48:30.000000000,BEST_ASK,"JPM,100339,170"
2019-06-28 12:48:30.000000000,BEST_BID,"JPM,100125,170"
2019-06-28 12:48:30.000000000,BEST_ASK,"JPM,100339,170"
2019-06-28 12:48:30.000000000,BEST_BID,"JPM,100125,170"
2019-06-28 12:48:30.000000000,BEST_ASK,"JPM,100339,170"
2019-06-28 12:48:30.000000000,BEST_BID,"JPM,100125,170"
2019-06-28 12:48:30.000000000,BEST_ASK,"JPM,100339,170"
2019-06-28 12:48:36.823649334,QUERY_ORDER_STREAM,76
2019-06-28 12:48:36.823649334,QUERY_SPREAD,76
2019-06-28 12:48:36.823649334,BEST_BID,"JPM,100125,170"
2019-06-28 12:48:36.823649334,BEST_ASK,"JPM,100339,170"
2019-06-28 12:48:40.000000000,QUERY_SPREAD,1
2019-06-28 12:48:40.000000000,BEST_BID,"JPM,100125,156"
2019-06-28 12:48:40.000000000,BEST_ASK,"JPM,100339,100"
2019-06-28 12:48:40.000000000,BEST_BID,"JPM,100125,156"
2019-06-28 12:48:40.000000000,BEST_ASK,"JPM,100339,100"
2019-06-28 12:48:40.000000000,BEST_BID,"JPM,100125,156"
2019-06-28 12:48:40.000000000,BEST_ASK,"JPM,100339,100"
2019-06-28 12:48:40.000000000,BEST_BID,"JPM,100125,156"
2019-06-28 12:48:40.000000000,BEST_ASK,"JPM,100339,100"
2019-06-28 12:48:40.000000000,BEST_BID,"JPM,100125,156"
2019-06-28 12:48:40.000000000,BEST_ASK,"JPM,100339,100"
2019-06-28 12:48:40.000000000,BEST_BID,"JPM,100125,156"
2019-06-28 12:48:40.000000000,BEST_ASK,"JPM,100339,156"
2019-06-28 12:48:40.000000000,BEST_BID,"JPM,100125,156"
2019-06-28 12:48:40.000000000,BEST_ASK,"JPM,100339,156"
2019-06-28 12:48:40.000000000,BEST_BID,"JPM,100125,156"
2019-06-28 12:48:40.000000000,BEST_ASK,"JPM,100339,156"
2019-06-28 12:48:40.000000000,BEST_BID,"JPM,100125,156"
2019-06-28 12:48:40.000000000,BEST_ASK,"JPM,100339,156"
2019-06-28 12:48:40.000000000,BEST_BID,"JPM,100125,156"
2019-06-28 12:48:40.000000000,BEST_ASK,"JPM,100339,156"
2019-06-28 12:48:50.000000000,QUERY_SPREAD,1
2019-06-28 12:48:50.000000000,BEST_BID,"JPM,100125,170"
2019-06-28 12:48:50.000000000,BEST_ASK,"JPM,100339,100"
2019-06-28 12:48:50.000000000,BEST_BID,"JPM,100125,170"
2019-06-28 12:48:50.000000000,BEST_ASK,"JPM,100339,100"
2019-06-28 12:48:50.000000000,BEST_BID,"JPM,100125,170"
2019-06-28 12:48:50.000000000,BEST_ASK,"JPM,100339,100"
2019-06-28 12:48:50.000000000,BEST_BID,"JPM,100125,170"
2019-06-28 12:48:50.000000000,BEST_ASK,"JPM,100339,100"
2019-06-28 12:48:50.000000000,BEST_BID,"JPM,100125,170"
2019-06-28 12:48:50.000000000,BEST_ASK,"JPM,100339,170"
2019-06-28 12:48:50.000000000,BEST_BID,"JPM,100125,170"
2019-06-28 12:48:50.000000000,BEST_ASK,"JPM,100339,170"
2019-06-28 12:48:50.000000000,BEST_BID,"JPM,100125,170"
2019-06-28 12:48:50.000000000,BEST_ASK,"JPM,100339,170"
2019-06-28 12:48:50.000000000,BEST_BID,"JPM,100125,170"
2019-06-28 12:48:50.000000000,BEST_ASK,"JPM,100339,170"
2019-06-28 12:48:54.350680833,QUERY_SPREAD,22
2019-06-28 12:48:54.350680833,BEST_BID,"JPM,100125,170"
2019-06-28 12:48:54.350680833,BEST_ASK,"JPM,100339,170"
2019-06-28 12:48:57.059907638,QUERY_ORDER_STREAM,75
2019-06-28 12:48:57.059907638,QUERY_SPREAD,75
2019-06-28 12:49:00.000000000,QUERY_SPREAD,1
2019-06-28 12:49:00.000000000,BEST_BID,"JPM,100125,156"
2019-06-28 12:49:00.000000000,BEST_ASK,"JPM,100339,100"
2019-06-28 12:49:00.000000000,BEST_BID,"JPM,100125,156"
2019-06-28 12:49:00.000000000,BEST_ASK,"JPM,100339,100"
2019-06-28 12:49:00.000000000,BEST_BID,"JPM,100125,156"
2019-06-28 12:49:00.000000000,BEST_ASK,"JPM,100339,100"
2019-06-28 12:49:00.000000000,BEST_BID,"JPM,100125,156"
2019-06-28 12:49:00.000000000,BEST_ASK,"JPM,100339,100"
2019-06-28 12:49:00.000000000,BEST_BID,"JPM,100125,156"
2019-06-28 12:49:00.000000000,BEST_ASK,"JPM,100339,100"
2019-06-28 12:49:00.000000000,BEST_BID,"JPM,100125,156"
2019-06-28 12:49:00.000000000,BEST_ASK,"JPM,100339,156"
2019-06-28 12:49:00.000000000,BEST_BID,"JPM,100125,156"
2019-06-28 12:49:00.000000000,BEST_ASK,"JPM,100339,156"
2019-06-28 12:49:00.000000000,BEST_BID,"JPM,100125,156"
2019-06-28 12:49:00.000000000,BEST_ASK,"JPM,100339,156"
2019-06-28 12:49:00.000000000,BEST_BID,"JPM,100125,156"
2019-06-28 12:49:00.000000000,BEST_ASK,"JPM,100339,156"
2019-06-28 12:49:00.000000000,BEST_BID,"JPM,100125,156"
2019-06-28 12:49:00.000000000,BEST_ASK,"JPM,100339,156"
2019-06-28 12:49:00.000000000,QUERY_SPREAD,77
2019-06-28 12:49:00.000000000,BEST_BID,"JPM,100125,155"
2019-06-28 12:49:00.000000000,BEST_ASK,"JPM,100339,156"
2019-06-28 12:49:00.000000000,LAST_TRADE,"1,$100125.0000"
2019-06-28 12:49:00.000000000,QUERY_SPREAD,78
2019-06-28 12:49:00.000000000,BEST_BID,"JPM,100125,151"
2019-06-28 12:49:00.000000000,BEST_ASK,"JPM,100339,156"
2019-06-28 12:49:00.000000000,LAST_TRADE,"4,$100125.0000"
2019-06-28 12:49:00.000000000,QUERY_SPREAD,79
2019-06-28 12:49:00.000000000,BEST_BID,"JPM,100125,145"
2019-06-28 12:49:00.000000000,BEST_ASK,"JPM,100339,156"
2019-06-28 12:49:00.000000000,LAST_TRADE,"6,$100125.0000"
2019-06-28 12:49:00.000000000,QUERY_SPREAD,80
2019-06-28 12:49:00.000000000,BEST_BID,"JPM,100125,140"
2019-06-28 12:49:00.000000000,BEST_ASK,"JPM,100339,156"
2019-06-28 12:49:00.000000000,LAST_TRADE,"5,$100125.0000"
2019-06-28 12:49:00.000000000,QUERY_SPREAD,81
2019-06-28 12:49:00.000000000,BEST_BID,"JPM,100125,132"
2019-06-28 12:49:00.000000000,BEST_ASK,"JPM,100339,156"
2019-06-28 12:49:00.000000000,LAST_TRADE,"8,$100125.0000"
2019-06-28 12:49:00.000000000,QUERY_SPREAD,82
2019-06-28 12:49:00.000000000,BEST_BID,"JPM,100125,124"
2019-06-28 12:49:00.000000000,BEST_ASK,"JPM,100339,156"
2019-06-28 12:49:00.000000000,LAST_TRADE,"8,$100125.0000"
2019-06-28 12:49:00.000000000,QUERY_SPREAD,83
2019-06-28 12:49:00.000000000,BEST_BID,"JPM,100125,122"
2019-06-28 12:49:00.000000000,BEST_ASK,"JPM,100339,156"
2019-06-28 12:49:00.000000000,LAST_TRADE,"2,$100125.0000"
2019-06-28 12:49:00.000000000,QUERY_SPREAD,84
2019-06-28 12:49:00.000000000,BEST_BID,"JPM,100125,121"
2019-06-28 12:49:00.000000000,BEST_ASK,"JPM,100339,156"
2019-06-28 12:49:00.000000000,LAST_TRADE,"1,$100125.0000"
2019-06-28 12:49:00.000000000,QUERY_SPREAD,85
2019-06-28 12:49:00.000000000,BEST_BID,"JPM,100125,120"
2019-06-28 12:49:00.000000000,BEST_ASK,"JPM,100339,156"
2019-06-28 12:49:00.000000000,LAST_TRADE,"1,$100125.0000"
2019-06-28 12:49:00.000000000,QUERY_SPREAD,86
2019-06-28 12:49:00.000000000,BEST_BID,"JPM,100125,114"
2019-06-28 12:49:00.000000000,BEST_ASK,"JPM,100339,156"
2019-06-28 12:49:00.000000000,LAST_TRADE,"6,$100125.0000"
2019-06-28 12:49:00.000000000,QUERY_SPREAD,87
2019-06-28 12:49:00.000000000,BEST_BID,"JPM,100125,111"
2019-06-28 12:49:00.000000000,BEST_ASK,"JPM,100339,156"
2019-06-28 12:49:00.000000000,LAST_TRADE,"3,$100125.0000"
2019-06-28 12:49:00.000000000,QUERY_SPREAD,88
2019-06-28 12:49:00.000000000,BEST_BID,"JPM,100125,107"
2019-06-28 12:49:00.000000000,BEST_ASK,"JPM,100339,156"
2019-06-28 12:49:00.000000000,LAST_TRADE,"4,$100125.0000"
2019-06-28 12:49:00.000000000,QUERY_SPREAD,89
2019-06-28 12:49:00.000000000,BEST_BID,"JPM,100125,103"
2019-06-28 12:49:00.000000000,BEST_ASK,"JPM,100339,156"
2019-06-28 12:49:00.000000000,LAST_TRADE,"4,$100125.0000"
2019-06-28 12:49:00.000000000,QUERY_SPREAD,90
2019-06-28 12:49:00.000000000,BEST_BID,"JPM,100125,96"
2019-06-28 12:49:00.000000000,BEST_ASK,"JPM,100339,156"
2019-06-28 12:49:00.000000000,LAST_TRADE,"7,$100125.0000"
2019-06-28 12:49:00.000000000,QUERY_SPREAD,91
2019-06-28 12:49:00.000000000,BEST_BID,"JPM,100125,88"
2019-06-28 12:49:00.000000000,BEST_ASK,"JPM,100339,156"
2019-06-28 12:49:00.000000000,LAST_TRADE,"8,$100125.0000"
2019-06-28 12:49:00.000000000,QUERY_SPREAD,92
2019-06-28 12:49:00.000000000,BEST_BID,"JPM,100125,83"
2019-06-28 12:49:00.000000000,BEST_ASK,"JPM,100339,156"
2019-06-28 12:49:00.000000000,LAST_TRADE,"5,$100125.0000"
2019-06-28 12:49:00.000000000,QUERY_SPREAD,93
2019-06-28 12:49:00.000000000,BEST_BID,"JPM,100125,80"
2019-06-28 12:49:00.000000000,BEST_ASK,"JPM,100339,156"
2019-06-28 12:49:00.000000000,LAST_TRADE,"3,$100125.0000"
2019-06-28 12:49:00.000000000,QUERY_SPREAD,94
2019-06-28 12:49:00.000000000,BEST_BID,"JPM,100125,76"
2019-06-28 12:49:00.000000000,BEST_ASK,"JPM,100339,156"
2019-06-28 12:49:00.000000000,LAST_TRADE,"4,$100125.0000"
2019-06-28 12:49:00.000000000,QUERY_SPREAD,95
2019-06-28 12:49:00.000000000,BEST_BID,"JPM,100125,71"
2019-06-28 12:49:00.000000000,BEST_ASK,"JPM,100339,156"
2019-06-28 12:49:00.000000000,LAST_TRADE,"5,$100125.0000"
2019-06-28 12:49:00.000000000,QUERY_SPREAD,96
2019-06-28 12:49:00.000000000,BEST_BID,"JPM,100125,70"
2019-06-28 12:49:00.000000000,BEST_ASK,"JPM,100339,156"
2019-06-28 12:49:00.000000000,LAST_TRADE,"1,$100125.0000"
2019-06-28 12:49:00.000000000,QUERY_SPREAD,97
2019-06-28 12:49:00.000000000,BEST_BID,"JPM,100125,63"
2019-06-28 12:49:00.000000000,BEST_ASK,"JPM,100339,156"
2019-06-28 12:49:00.000000000,LAST_TRADE,"7,$100125.0000"
2019-06-28 12:49:00.000000000,QUERY_SPREAD,98
2019-06-28 12:49:00.000000000,BEST_BID,"JPM,100125,57"
2019-06-28 12:49:00.000000000,BEST_ASK,"JPM,100339,156"
2019-06-28 12:49:00.000000000,LAST_TRADE,"6,$100125.0000"
2019-06-28 12:49:00.000000000,QUERY_SPREAD,99
2019-06-28 12:49:00.000000000,BEST_BID,"JPM,100125,52"
2019-06-28 12:49:00.000000000,BEST_ASK,"JPM,100339,156"
2019-06-28 12:49:00.000000000,LAST_TRADE,"5,$100125.0000"
2019-06-28 12:49:00.000000000,QUERY_SPREAD,100
2019-06-28 12:49:00.000000000,BEST_BID,"JPM,100125,45"
2019-06-28 12:49:00.000000000,BEST_ASK,"JPM,100339,156"
2019-06-28 12:49:00.000000000,LAST_TRADE,"7,$100125.0000"
2019-06-28 12:49:00.000000000,QUERY_SPREAD,101
2019-06-28 12:49:00.000000000,QUERY_ORDER_STREAM,101
2019-06-28 12:49:10.000000000,QUERY_SPREAD,1
2019-06-28 12:49:10.000000000,BEST_BID,"JPM,100121,195"
2019-06-28 12:49:10.000000000,BEST_ASK,"JPM,100339,100"
2019-06-28 12:49:10.000000000,BEST_BID,"JPM,100121,195"
2019-06-28 12:49:10.000000000,BEST_ASK,"JPM,100339,100"
2019-06-28 12:49:10.000000000,BEST_BID,"JPM,100121,195"
2019-06-28 12:49:10.000000000,BEST_ASK,"JPM,100339,100"
2019-06-28 12:49:10.000000000,BEST_BID,"JPM,100121,195"
2019-06-28 12:49:10.000000000,BEST_ASK,"JPM,100339,195"
2019-06-28 12:49:10.000000000,BEST_BID,"JPM,100121,195"
2019-06-28 12:49:10.000000000,BEST_ASK,"JPM,100339,195"
2019-06-28 12:49:10.000000000,BEST_BID,"JPM,100121,195"
2019-06-28 12:49:10.000000000,BEST_ASK,"JPM,100339,195"
2019-06-28 12:49:20.000000000,QUERY_SPREAD,1
2019-06-28 12:49:20.000000000,BEST_BID,"JPM,100121,195"
2019-06-28 12:49:20.000000000,BEST_ASK,"JPM,100339,100"
2019-06-28 12:49:20.000000000,BEST_BID,"JPM,100121,195"
2019-06-28 12:49:20.000000000,BEST_ASK,"JPM,100339,100"
2019-06-28 12:49:20.000000000,BEST_BID,"JPM,100121,195"
2019-06-28 12:49:20.000000000,BEST_ASK,"JPM,100339,100"
2019-06-28 12:49:20.000000000,BEST_BID,"JPM,100121,195"
2019-06-28 12:49:20.000000000,BEST_ASK,"JPM,100339,195"
2019-06-28 12:49:20.000000000,BEST_BID,"JPM,100121,195"
2019-06-28 12:49:20.000000000,BEST_ASK,"JPM,100339,195"
2019-06-28 12:49:20.000000000,BEST_BID,"JPM,100121,195"
2019-06-28 12:49:20.000000000,BEST_ASK,"JPM,100339,195"
2019-06-28 12:49:30.000000000,QUERY_SPREAD,1
2019-06-28 12:49:30.000000000,BEST_BID,"JPM,100121,156"
2019-06-28 12:49:30.000000000,BEST_ASK,"JPM,100339,100"
2019-06-28 12:49:30.000000000,BEST_BID,"JPM,100121,156"
2019-06-28 12:49:30.000000000,BEST_ASK,"JPM,100339,100"
2019-06-28 12:49:30.000000000,BEST_BID,"JPM,100121,156"
2019-06-28 12:49:30.000000000,BEST_ASK,"JPM,100339,100"
2019-06-28 12:49:30.000000000,BEST_BID,"JPM,100121,156"
2019-06-28 12:49:30.000000000,BEST_ASK,"JPM,100339,100"
2019-06-28 12:49:30.000000000,BEST_BID,"JPM,100121,156"
2019-06-28 12:49:30.000000000,BEST_ASK,"JPM,100339,100"
2019-06-28 12:49:30.000000000,BEST_BID,"JPM,100121,156"
2019-06-28 12:49:30.000000000,BEST_ASK,"JPM,100339,156"
2019-06-28 12:49:30.000000000,BEST_BID,"JPM,100121,156"
2019-06-28 12:49:30.000000000,BEST_ASK,"JPM,100339,156"
2019-06-28 12:49:30.000000000,BEST_BID,"JPM,100121,156"
2019-06-28 12:49:30.000000000,BEST_ASK,"JPM,100339,156"
2019-06-28 12:49:30.000000000,BEST_BID,"JPM,100121,156"
2019-06-28 12:49:30.000000000,BEST_ASK,"JPM,100339,156"
2019-06-28 12:49:30.000000000,BEST_BID,"JPM,100121,156"
2019-06-28 12:49:30.000000000,BEST_ASK,"JPM,100339,156"
2019-06-28 12:49:31.669888482,QUERY_ORDER_STREAM,65
2019-06-28 12:49:31.669888482,QUERY_SPREAD,65
2019-06-28 12:49:40.000000000,QUERY_SPREAD,1
2019-06-28 12:49:40.000000000,BEST_BID,"JPM,100121,380"
2019-06-28 12:49:40.000000000,BEST_ASK,"JPM,100339,100"
2019-06-28 12:49:40.000000000,BEST_BID,"JPM,100121,380"
2019-06-28 12:49:40.000000000,BEST_ASK,"JPM,100339,380"
2019-06-28 12:49:46.282201174,QUERY_SPREAD,25
2019-06-28 12:49:46.282201174,BEST_BID,"JPM,100121,380"
2019-06-28 12:49:46.282201174,BEST_ASK,"JPM,100339,280"
2019-06-28 12:49:46.282201174,LAST_TRADE,"100,$100339.0000"
2019-06-28 12:49:50.000000000,QUERY_SPREAD,1
2019-06-28 12:49:50.000000000,BEST_BID,"JPM,100121,195"
2019-06-28 12:49:50.000000000,BEST_ASK,"JPM,100372,100"
2019-06-28 12:49:50.000000000,BEST_BID,"JPM,100121,195"
2019-06-28 12:49:50.000000000,BEST_ASK,"JPM,100372,100"
2019-06-28 12:49:50.000000000,BEST_BID,"JPM,100121,195"
2019-06-28 12:49:50.000000000,BEST_ASK,"JPM,100372,100"
2019-06-28 12:49:50.000000000,BEST_BID,"JPM,100121,195"
2019-06-28 12:49:50.000000000,BEST_ASK,"JPM,100372,195"
2019-06-28 12:49:50.000000000,BEST_BID,"JPM,100121,195"
2019-06-28 12:49:50.000000000,BEST_ASK,"JPM,100372,195"
2019-06-28 12:49:50.000000000,BEST_BID,"JPM,100121,195"
2019-06-28 12:49:50.000000000,BEST_ASK,"JPM,100372,195"
2019-06-28 12:50:00.000000000,QUERY_SPREAD,1
2019-06-28 12:50:00.000000000,BEST_BID,"JPM,100121,170"
2019-06-28 12:50:00.000000000,BEST_ASK,"JPM,100372,100"
2019-06-28 12:50:00.000000000,BEST_BID,"JPM,100121,170"
2019-06-28 12:50:00.000000000,BEST_ASK,"JPM,100372,100"
2019-06-28 12:50:00.000000000,BEST_BID,"JPM,100121,170"
2019-06-28 12:50:00.000000000,BEST_ASK,"JPM,100372,100"
2019-06-28 12:50:00.000000000,BEST_BID,"JPM,100121,170"
2019-06-28 12:50:00.000000000,BEST_ASK,"JPM,100372,100"
2019-06-28 12:50:00.000000000,BEST_BID,"JPM,100121,170"
2019-06-28 12:50:00.000000000,BEST_ASK,"JPM,100372,170"
2019-06-28 12:50:00.000000000,BEST_BID,"JPM,100121,170"
2019-06-28 12:50:00.000000000,BEST_ASK,"JPM,100372,170"
2019-06-28 12:50:00.000000000,BEST_BID,"JPM,100121,170"
2019-06-28 12:50:00.000000000,BEST_ASK,"JPM,100372,170"
2019-06-28 12:50:00.000000000,BEST_BID,"JPM,100121,170"
2019-06-28 12:50:00.000000000,BEST_ASK,"JPM,100372,170"
2019-06-28 12:50:00.000000000,QUERY_SPREAD,77
2019-06-28 12:50:00.000000000,BEST_BID,"JPM,100121,169"
2019-06-28 12:50:00.000000000,BEST_ASK,"JPM,100372,170"
2019-06-28 12:50:00.000000000,LAST_TRADE,"1,$100121.0000"
2019-06-28 12:50:00.000000000,QUERY_SPREAD,78
2019-06-28 12:50:00.000000000,BEST_BID,"JPM,100121,165"
2019-06-28 12:50:00.000000000,BEST_ASK,"JPM,100372,170"
2019-06-28 12:50:00.000000000,LAST_TRADE,"4,$100121.0000"
2019-06-28 12:50:00.000000000,QUERY_SPREAD,79
2019-06-28 12:50:00.000000000,BEST_BID,"JPM,100121,159"
2019-06-28 12:50:00.000000000,BEST_ASK,"JPM,100372,170"
2019-06-28 12:50:00.000000000,LAST_TRADE,"6,$100121.0000"
2019-06-28 12:50:00.000000000,QUERY_SPREAD,80
2019-06-28 12:50:00.000000000,BEST_BID,"JPM,100121,154"
2019-06-28 12:50:00.000000000,BEST_ASK,"JPM,100372,170"
2019-06-28 12:50:00.000000000,LAST_TRADE,"5,$100121.0000"
2019-06-28 12:50:00.000000000,QUERY_SPREAD,81
2019-06-28 12:50:00.000000000,BEST_BID,"JPM,100121,146"
2019-06-28 12:50:00.000000000,BEST_ASK,"JPM,100372,170"
2019-06-28 12:50:00.000000000,LAST_TRADE,"8,$100121.0000"
2019-06-28 12:50:00.000000000,QUERY_SPREAD,82
2019-06-28 12:50:00.000000000,BEST_BID,"JPM,100121,138"
2019-06-28 12:50:00.000000000,BEST_ASK,"JPM,100372,170"
2019-06-28 12:50:00.000000000,LAST_TRADE,"8,$100121.0000"
2019-06-28 12:50:00.000000000,QUERY_SPREAD,83
2019-06-28 12:50:00.000000000,BEST_BID,"JPM,100121,136"
2019-06-28 12:50:00.000000000,BEST_ASK,"JPM,100372,170"
2019-06-28 12:50:00.000000000,LAST_TRADE,"2,$100121.0000"
2019-06-28 12:50:00.000000000,QUERY_SPREAD,84
2019-06-28 12:50:00.000000000,BEST_BID,"JPM,100121,135"
2019-06-28 12:50:00.000000000,BEST_ASK,"JPM,100372,170"
2019-06-28 12:50:00.000000000,LAST_TRADE,"1,$100121.0000"
2019-06-28 12:50:00.000000000,QUERY_SPREAD,85
2019-06-28 12:50:00.000000000,BEST_BID,"JPM,100121,134"
2019-06-28 12:50:00.000000000,BEST_ASK,"JPM,100372,170"
2019-06-28 12:50:00.000000000,LAST_TRADE,"1,$100121.0000"
2019-06-28 12:50:00.000000000,QUERY_SPREAD,86
2019-06-28 12:50:00.000000000,BEST_BID,"JPM,100121,128"
2019-06-28 12:50:00.000000000,BEST_ASK,"JPM,100372,170"
2019-06-28 12:50:00.000000000,LAST_TRADE,"6,$100121.0000"
2019-06-28 12:50:00.000000000,QUERY_SPREAD,87
2019-06-28 12:50:00.000000000,BEST_BID,"JPM,100121,125"
2019-06-28 12:50:00.000000000,BEST_ASK,"JPM,100372,170"
2019-06-28 12:50:00.000000000,LAST_TRADE,"3,$100121.0000"
2019-06-28 12:50:00.000000000,QUERY_SPREAD,88
2019-06-28 12:50:00.000000000,BEST_BID,"JPM,100121,121"
2019-06-28 12:50:00.000000000,BEST_ASK,"JPM,100372,170"
2019-06-28 12:50:00.000000000,LAST_TRADE,"4,$100121.0000"
2019-06-28 12:50:00.000000000,QUERY_SPREAD,89
2019-06-28 12:50:00.000000000,BEST_BID,"JPM,100121,117"
2019-06-28 12:50:00.000000000,BEST_ASK,"JPM,100372,170"
2019-06-28 12:50:00.000000000,LAST_TRADE,"4,$100121.0000"
2019-06-28 12:50:00.000000000,QUERY_SPREAD,90
2019-06-28 12:50:00.000000000,BEST_BID,"JPM,100121,110"
2019-06-28 12:50:00.000000000,BEST_ASK,"JPM,100372,170"
2019-06-28 12:50:00.000000000,LAST_TRADE,"7,$100121.0000"
2019-06-28 12:50:00.000000000,QUERY_SPREAD,91
2019-06-28 12:50:00.000000000,BEST_BID,"JPM,100121,102"
2019-06-28 12:50:00.000000000,BEST_ASK,"JPM,100372,170"
2019-06-28 12:50:00.000000000,LAST_TRADE,"8,$100121.0000"
2019-06-28 12:50:00.000000000,QUERY_SPREAD,92
2019-06-28 12:50:00.000000000,BEST_BID,"JPM,100121,97"
2019-06-28 12:50:00.000000000,BEST_ASK,"JPM,100372,170"
2019-06-28 12:50:00.000000000,LAST_TRADE,"5,$100121.0000"
2019-06-28 12:50:00.000000000,QUERY_SPREAD,93
2019-06-28 12:50:00.000000000,BEST_BID,"JPM,100121,94"
2019-06-28 12:50:00.000000000,BEST_ASK,"JPM,100372,170"
2019-06-28 12:50:00.000000000,LAST_TRADE,"3,$100121.0000"
2019-06-28 12:50:00.000000000,QUERY_SPREAD,94
2019-06-28 12:50:00.000000000,BEST_BID,"JPM,100121,90"
2019-06-28 12:50:00.000000000,BEST_ASK,"JPM,100372,170"
2019-06-28 12:50:00.000000000,LAST_TRADE,"4,$100121.0000"
2019-06-28 12:50:00.000000000,QUERY_SPREAD,95
2019-06-28 12:50:00.000000000,BEST_BID,"JPM,100121,85"
2019-06-28 12:50:00.000000000,BEST_ASK,"JPM,100372,170"
2019-06-28 12:50:00.000000000,LAST_TRADE,"5,$100121.0000"
2019-06-28 12:50:00.000000000,QUERY_SPREAD,96
2019-06-28 12:50:00.000000000,BEST_BID,"JPM,100121,84"
2019-06-28 12:50:00.000000000,BEST_ASK,"JPM,100372,170"
2019-06-28 12:50:00.000000000,LAST_TRADE,"1,$100121.0000"
2019-06-28 12:50:00.000000000,QUERY_SPREAD,97
2019-06-28 12:50:00.000000000,BEST_BID,"JPM,100121,77"
2019-06-28 12:50:00.000000000,BEST_ASK,"JPM,100372,170"
2019-06-28 12:50:00.000000000,LAST_TRADE,"7,$100121.0000"
2019-06-28 12:50:00.000000000,QUERY_SPREAD,98
2019-06-28 12:50:00.000000000,BEST_BID,"JPM,100121,71"
2019-06-28 12:50:00.000000000,BEST_ASK,"JPM,100372,170"
2019-06-28 12:50:00.000000000,LAST_TRADE,"6,$100121.0000"
2019-06-28 12:50:00.000000000,QUERY_SPREAD,99
2019-06-28 12:50:00.000000000,BEST_BID,"JPM,100121,66"
2019-06-28 12:50:00.000000000,BEST_ASK,"JPM,100372,170"
2019-06-28 12:50:00.000000000,LAST_TRADE,"5,$100121.0000"
2019-06-28 12:50:00.000000000,QUERY_SPREAD,100
2019-06-28 12:50:00.000000000,BEST_BID,"JPM,100121,59"
2019-06-28 12:50:00.000000000,BEST_ASK,"JPM,100372,170"
2019-06-28 12:50:00.000000000,LAST_TRADE,"7,$100121.0000"
2019-06-28 12:50:00.000000000,QUERY_SPREAD,101
2019-06-28 12:50:00.000000000,QUERY_ORDER_STREAM,101
2019-06-28 12:50:02.216258360,QUERY_SPREAD,28
2019-06-28 12:50:02.216258360,BEST_BID,"JPM,100121,59"
2019-06-28 12:50:02.216258360,BEST_ASK,"JPM,100372,70"
2019-06-28 12:50:02.216258360,LAST_TRADE,"100,$100372.0000"
2019-06-28 12:50:10.000000000,QUERY_SPREAD,1
2019-06-28 12:50:10.000000000,BEST_BID,"JPM,100113,195"
2019-06-28 12:50:10.000000000,BEST_ASK,"JPM,100380,100"
2019-06-28 12:50:10.000000000,BEST_BID,"JPM,100113,195"
2019-06-28 12:50:10.000000000,BEST_ASK,"JPM,100380,100"
2019-06-28 12:50:10.000000000,BEST_BID,"JPM,100113,195"
2019-06-28 12:50:10.000000000,BEST_ASK,"JPM,100380,100"
2019-06-28 12:50:10.000000000,BEST_BID,"JPM,100113,195"
2019-06-28 12:50:10.000000000,BEST_ASK,"JPM,100380,195"
2019-06-28 12:50:10.000000000,BEST_BID,"JPM,100113,195"
2019-06-28 12:50:10.000000000,BEST_ASK,"JPM,100380,195"
2019-06-28 12:50:10.000000000,BEST_BID,"JPM,100113,195"
2019-06-28 12:50:10.000000000,BEST_ASK,"JPM,100380,195"
2019-06-28 12:50:13.965817325,QUERY_ORDER_STREAM,72
2019-06-28 12:50:13.965817325,QUERY_SPREAD,72
2019-06-28 12:50:13.965817325,BEST_BID,"JPM,100121,100"
2019-06-28 12:50:13.965817325,BEST_ASK,"JPM,100380,195"
2019-06-28 12:50:20.000000000,QUERY_SPREAD,1
2019-06-28 12:50:20.000000000,BEST_BID,"JPM,100121,380"
2019-06-28 12:50:20.000000000,BEST_ASK,"JPM,100380,100"
2019-06-28 12:50:20.000000000,BEST_BID,"JPM,100121,380"
2019-06-28 12:50:20.000000000,BEST_ASK,"JPM,100380,380"
2019-06-28 12:50:24.692299966,QUERY_SPREAD,39
2019-06-28 12:50:24.692299966,BEST_BID,"JPM,100121,380"
2019-06-28 12:50:24.692299966,BEST_ASK,"JPM,100380,280"
2019-06-28 12:50:24.692299966,LAST_TRADE,"100,$100380.0000"
2019-06-28 12:50:30.000000000,QUERY_SPREAD,1
2019-06-28 12:50:30.000000000,BEST_BID,"JPM,100121,170"
2019-06-28 12:50:30.000000000,BEST_ASK,"JPM,100409,100"
2019-06-28 12:50:30.000000000,BEST_BID,"JPM,100121,170"
2019-06-28 12:50:30.000000000,BEST_ASK,"JPM,100409,100"
2019-06-28 12:50:30.000000000,BEST_BID,"JPM,100121,170"
2019-06-28 12:50:30.000000000,BEST_ASK,"JPM,100409,100"
2019-06-28 12:50:30.000000000,BEST_BID,"JPM,100121,170"
2019-06-28 12:50:30.000000000,BEST_ASK,"JPM,100409,100"
2019-06-28 12:50:30.000000000,BEST_BID,"JPM,100121,170"
2019-06-28 12:50:30.000000000,BEST_ASK,"JPM,100409,170"
2019-06-28 12:50:30.000000000,BEST_BID,"JPM,100121,170"
2019-06-28 12:50:30.000000000,BEST_ASK,"JPM,100409,170"
2019-06-28 12:50:30.000000000,BEST_BID,"JPM,100121,170"
2019-06-28 12:50:30.000000000,BEST_ASK,"JPM,100409,170"
2019-06-28 12:50:30.000000000,BEST_BID,"JPM,100121,170"
2019-06-28 12:50:30.000000000,BEST_ASK,"JPM,100409,170"
2019-06-28 12:50:40.000000000,QUERY_SPREAD,1
2019-06-28 12:50:40.000000000,BEST_BID,"JPM,100121,240"
2019-06-28 12:50:40.000000000,BEST_ASK,"JPM,100409,100"
2019-06-28 12:50:40.000000000,BEST_BID,"JPM,100121,240"
2019-06-28 12:50:40.000000000,BEST_ASK,"JPM,100409,100"
2019-06-28 12:50:40.000000000,BEST_BID,"JPM,100121,240"
2019-06-28 12:50:40.000000000,BEST_ASK,"JPM,100409,240"
2019-06-28 12:50:40.000000000,BEST_BID,"JPM,100121,240"
2019-06-28 12:50:40.000000000,BEST_ASK,"JPM,100409,240"
2019-06-28 12:50:50.000000000,QUERY_SPREAD,1
2019-06-28 12:50:50.000000000,BEST_BID,"JPM,100121,156"
2019-06-28 12:50:50.000000000,BEST_ASK,"JPM,100409,100"
2019-06-28 12:50:50.000000000,BEST_BID,"JPM,100121,156"
2019-06-28 12:50:50.000000000,BEST_ASK,"JPM,100409,100"
2019-06-28 12:50:50.000000000,BEST_BID,"JPM,100121,156"
2019-06-28 12:50:50.000000000,BEST_ASK,"JPM,100409,100"
2019-06-28 12:50:50.000000000,BEST_BID,"JPM,100121,156"
2019-06-28 12:50:50.000000000,BEST_ASK,"JPM,100409,100"
2019-06-28 12:50:50.000000000,BEST_BID,"JPM,100121,156"
2019-06-28 12:50:50.000000000,BEST_ASK,"JPM,100409,100"
2019-06-28 12:50:50.000000000,BEST_BID,"JPM,100121,156"
2019-06-28 12:50:50.000000000,BEST_ASK,"JPM,100409,156"
2019-06-28 12:50:50.000000000,BEST_BID,"JPM,100121,156"
2019-06-28 12:50:50.000000000,BEST_ASK,"JPM,100409,156"
2019-06-28 12:50:50.000000000,BEST_BID,"JPM,100121,156"
2019-06-28 12:50:50.000000000,BEST_ASK,"JPM,100409,156"
2019-06-28 12:50:50.000000000,BEST_BID,"JPM,100121,156"
2019-06-28 12:50:50.000000000,BEST_ASK,"JPM,100409,156"
2019-06-28 12:50:50.000000000,BEST_BID,"JPM,100121,156"
2019-06-28 12:50:50.000000000,BEST_ASK,"JPM,100409,156"
2019-06-28 12:51:00.000000000,QUERY_SPREAD,1
2019-06-28 12:51:00.000000000,BEST_BID,"JPM,100121,380"
2019-06-28 12:51:00.000000000,BEST_ASK,"JPM,100409,100"
2019-06-28 12:51:00.000000000,BEST_BID,"JPM,100121,380"
2019-06-28 12:51:00.000000000,BEST_ASK,"JPM,100409,380"
2019-06-28 12:51:00.000000000,QUERY_SPREAD,77
2019-06-28 12:51:00.000000000,BEST_BID,"JPM,100121,379"
2019-06-28 12:51:00.000000000,BEST_ASK,"JPM,100409,380"
2019-06-28 12:51:00.000000000,LAST_TRADE,"1,$100121.0000"
2019-06-28 12:51:00.000000000,QUERY_SPREAD,78
2019-06-28 12:51:00.000000000,BEST_BID,"JPM,100121,375"
2019-06-28 12:51:00.000000000,BEST_ASK,"JPM,100409,380"
2019-06-28 12:51:00.000000000,LAST_TRADE,"4,$100121.0000"
2019-06-28 12:51:00.000000000,QUERY_SPREAD,79
2019-06-28 12:51:00.000000000,BEST_BID,"JPM,100121,369"
2019-06-28 12:51:00.000000000,BEST_ASK,"JPM,100409,380"
2019-06-28 12:51:00.000000000,LAST_TRADE,"6,$100121.0000"
2019-06-28 12:51:00.000000000,QUERY_SPREAD,80
2019-06-28 12:51:00.000000000,BEST_BID,"JPM,100121,364"
2019-06-28 12:51:00.000000000,BEST_ASK,"JPM,100409,380"
2019-06-28 12:51:00.000000000,LAST_TRADE,"5,$100121.0000"
2019-06-28 12:51:00.000000000,QUERY_SPREAD,81
2019-06-28 12:51:00.000000000,BEST_BID,"JPM,100121,356"
2019-06-28 12:51:00.000000000,BEST_ASK,"JPM,100409,380"
2019-06-28 12:51:00.000000000,LAST_TRADE,"8,$100121.0000"
2019-06-28 12:51:00.000000000,QUERY_SPREAD,82
2019-06-28 12:51:00.000000000,BEST_BID,"JPM,100121,348"
2019-06-28 12:51:00.000000000,BEST_ASK,"JPM,100409,380"
2019-06-28 12:51:00.000000000,LAST_TRADE,"8,$100121.0000"
2019-06-28 12:51:00.000000000,QUERY_SPREAD,83
2019-06-28 12:51:00.000000000,BEST_BID,"JPM,100121,346"
2019-06-28 12:51:00.000000000,BEST_ASK,"JPM,100409,380"
2019-06-28 12:51:00.000000000,LAST_TRADE,"2,$100121.0000"
2019-06-28 12:51:00.000000000,QUERY_SPREAD,84
2019-06-28 12:51:00.000000000,BEST_BID,"JPM,100121,345"
2019-06-28 12:51:00.000000000,BEST_ASK,"JPM,100409,380"
2019-06-28 12:51:00.000000000,LAST_TRADE,"1,$100121.0000"
2019-06-28 12:51:00.000000000,QUERY_SPREAD,85
2019-06-28 12:51:00.000000000,BEST_BID,"JPM,100121,344"
2019-06-28 12:51:00.000000000,BEST_ASK,"JPM,100409,380"
2019-06-28 12:51:00.000000000,LAST_TRADE,"1,$100121.0000"
2019-06-28 12:51:00.000000000,QUERY_SPREAD,86
2019-06-28 12:51:00.000000000,BEST_BID,"JPM,100121,338"
2019-06-28 12:51:00.000000000,BEST_ASK,"JPM,100409,380"
2019-06-28 12:51:00.000000000,LAST_TRADE,"6,$100121.0000"
2019-06-28 12:51:00.000000000,QUERY_SPREAD,87
2019-06-28 12:51:00.000000000,BEST_BID,"JPM,100121,335"
2019-06-28 12:51:00.000000000,BEST_ASK,"JPM,100409,380"
2019-06-28 12:51:00.000000000,LAST_TRADE,"3,$100121.0000"
2019-06-28 12:51:00.000000000,QUERY_SPREAD,88
2019-06-28 12:51:00.000000000,BEST_BID,"JPM,100121,331"
2019-06-28 12:51:00.000000000,BEST_ASK,"JPM,100409,380"
2019-06-28 12:51:00.000000000,LAST_TRADE,"4,$100121.0000"
2019-06-28 12:51:00.000000000,QUERY_SPREAD,89
2019-06-28 12:51:00.000000000,BEST_BID,"JPM,100121,327"
2019-06-28 12:51:00.000000000,BEST_ASK,"JPM,100409,380"
2019-06-28 12:51:00.000000000,LAST_TRADE,"4,$100121.0000"
2019-06-28 12:51:00.000000000,QUERY_SPREAD,90
2019-06-28 12:51:00.000000000,BEST_BID,"JPM,100121,320"
2019-06-28 12:51:00.000000000,BEST_ASK,"JPM,100409,380"
2019-06-28 12:51:00.000000000,LAST_TRADE,"7,$100121.0000"
2019-06-28 12:51:00.000000000,QUERY_SPREAD,91
2019-06-28 12:51:00.000000000,BEST_BID,"JPM,100121,312"
2019-06-28 12:51:00.000000000,BEST_ASK,"JPM,100409,380"
2019-06-28 12:51:00.000000000,LAST_TRADE,"8,$100121.0000"
2019-06-28 12:51:00.000000000,QUERY_SPREAD,92
2019-06-28 12:51:00.000000000,BEST_BID,"JPM,100121,307"
2019-06-28 12:51:00.000000000,BEST_ASK,"JPM,100409,380"
2019-06-28 12:51:00.000000000,LAST_TRADE,"5,$100121.0000"
2019-06-28 12:51:00.000000000,QUERY_SPREAD,93
2019-06-28 12:51:00.000000000,BEST_BID,"JPM,100121,304"
2019-06-28 12:51:00.000000000,BEST_ASK,"JPM,100409,380"
2019-06-28 12:51:00.000000000,LAST_TRADE,"3,$100121.0000"
2019-06-28 12:51:00.000000000,QUERY_SPREAD,94
2019-06-28 12:51:00.000000000,BEST_BID,"JPM,100121,300"
2019-06-28 12:51:00.000000000,BEST_ASK,"JPM,100409,380"
2019-06-28 12:51:00.000000000,LAST_TRADE,"4,$100121.0000"
2019-06-28 12:51:00.000000000,QUERY_SPREAD,95
2019-06-28 12:51:00.000000000,BEST_BID,"JPM,100121,295"
2019-06-28 12:51:00.000000000,BEST_ASK,"JPM,100409,380"
2019-06-28 12:51:00.000000000,LAST_TRADE,"5,$100121.0000"
2019-06-28 12:51:00.000000000,QUERY_SPREAD,96
2019-06-28 12:51:00.000000000,BEST_BID,"JPM,100121,294"
2019-06-28 12:51:00.000000000,BEST_ASK,"JPM,100409,380"
2019-06-28 12:51:00.000000000,LAST_TRADE,"1,$100121.0000"
2019-06-28 12:51:00.000000000,QUERY_SPREAD,97
2019-06-28 12:51:00.000000000,BEST_BID,"JPM,100121,287"
2019-06-28 12:51:00.000000000,BEST_ASK,"JPM,100409,380"
2019-06-28 12:51:00.000000000,LAST_TRADE,"7,$100121.0000"
2019-06-28 12:51:00.000000000,QUERY_SPREAD,98
2019-06-28 12:51:00.000000000,BEST_BID,"JPM,100121,281"
2019-06-28 12:51:00.000000000,BEST_ASK,"JPM,100409,380"
2019-06-28 12:51:00.000000000,LAST_TRADE,"6,$100121.0000"
2019-06-28 12:51:00.000000000,QUERY_SPREAD,99
2019-06-28 12:51:00.000000000,BEST_BID,"JPM,100121,276"
2019-06-28 12:51:00.000000000,BEST_ASK,"JPM,100409,380"
2019-06-28 12:51:00.000000000,LAST_TRADE,"5,$100121.0000"
2019-06-28 12:51:00.000000000,QUERY_SPREAD,100
2019-06-28 12:51:00.000000000,BEST_BID,"JPM,100121,269"
2019-06-28 12:51:00.000000000,BEST_ASK,"JPM,100409,380"
2019-06-28 12:51:00.000000000,LAST_TRADE,"7,$100121.0000"
2019-06-28 12:51:00.000000000,QUERY_SPREAD,101
2019-06-28 12:51:00.000000000,QUERY_ORDER_STREAM,101
2019-06-28 12:51:10.000000000,QUERY_SPREAD,1
2019-06-28 12:51:10.000000000,BEST_BID,"JPM,100113,380"
2019-06-28 12:51:10.000000000,BEST_ASK,"JPM,100409,100"
2019-06-28 12:51:10.000000000,BEST_BID,"JPM,100113,380"
2019-06-28 12:51:10.000000000,BEST_ASK,"JPM,100409,380"
2019-06-28 12:51:13.973805114,QUERY_SPREAD,8
2019-06-28 12:51:13.973805114,BEST_BID,"JPM,100113,380"
2019-06-28 12:51:13.973805114,BEST_ASK,"JPM,100409,380"
2019-06-28 12:51:14.868399121,QUERY_SPREAD,48
2019-06-28 12:51:14.868399121,BEST_BID,"JPM,100113,280"
2019-06-28 12:51:14.868399121,BEST_ASK,"JPM,100409,380"
2019-06-28 12:51:16.188058036,QUERY_SPREAD,37
2019-06-28 12:51:16.188058036,BEST_BID,"JPM,100113,280"
2019-06-28 12:51:16.188058036,BEST_ASK,"JPM,100409,380"
2019-06-28 12:51:17.702075952,QUERY_SPREAD,12
2019-06-28 12:51:17.702075952,BEST_BID,"JPM,100113,280"
2019-06-28 12:51:17.702075952,BEST_ASK,"JPM,100409,380"
2019-06-28 12:51:20.000000000,QUERY_SPREAD,1
2019-06-28 12:51:20.000000000,BEST_BID,"JPM,100086,170"
2019-06-28 12:51:20.000000000,BEST_ASK,"JPM,100409,100"
2019-06-28 12:51:20.000000000,BEST_BID,"JPM,100086,170"
2019-06-28 12:51:20.000000000,BEST_ASK,"JPM,100409,100"
2019-06-28 12:51:20.000000000,BEST_BID,"JPM,100086,170"
2019-06-28 12:51:20.000000000,BEST_ASK,"JPM,100409,100"
2019-06-28 12:51:20.000000000,BEST_BID,"JPM,100086,170"
2019-06-28 12:51:20.000000000,BEST_ASK,"JPM,100409,100"
2019-06-28 12:51:20.000000000,BEST_BID,"JPM,100086,170"
2019-06-28 12:51:20.000000000,BEST_ASK,"JPM,100409,170"
2019-06-28 12:51:20.000000000,BEST_BID,"JPM,100086,170"
2019-06-28 12:51:20.000000000,BEST_ASK,"JPM,100409,170"
2019-06-28 12:51:20.000000000,BEST_BID,"JPM,100086,170"
2019-06-28 12:51:20.000000000,BEST_ASK,"JPM,100409,170"
2019-06-28 12:51:20.000000000,BEST_BID,"JPM,100086,170"
2019-06-28 12:51:20.000000000,BEST_ASK,"JPM,100409,170"
2019-06-28 12:51:30.000000000,QUERY_SPREAD,1
2019-06-28 12:51:30.000000000,BEST_BID,"JPM,100086,156"
2019-06-28 12:51:30.000000000,BEST_ASK,"JPM,100409,100"
2019-06-28 12:51:30.000000000,BEST_BID,"JPM,100086,156"
2019-06-28 12:51:30.000000000,BEST_ASK,"JPM,100409,100"
2019-06-28 12:51:30.000000000,BEST_BID,"JPM,100086,156"
2019-06-28 12:51:30.000000000,BEST_ASK,"JPM,100409,100"
2019-06-28 12:51:30.000000000,BEST_BID,"JPM,100086,156"
2019-06-28 12:51:30.000000000,BEST_ASK,"JPM,100409,100"
2019-06-28 12:51:30.000000000,BEST_BID,"JPM,100086,156"
2019-06-28 12:51:30.000000000,BEST_ASK,"JPM,100409,100"
2019-06-28 12:51:30.000000000,BEST_BID,"JPM,100086,156"
2019-06-28 12:51:30.000000000,BEST_ASK,"JPM,100409,156"
2019-06-28 12:51:30.000000000,BEST_BID,"JPM,100086,156"
2019-06-28 12:51:30.000000000,BEST_ASK,"JPM,100409,156"
2019-06-28 12:51:30.000000000,BEST_BID,"JPM,100086,156"
2019-06-28 12:51:30.000000000,BEST_ASK,"JPM,100409,156"
2019-06-28 12:51:30.000000000,BEST_BID,"JPM,100086,156"
2019-06-28 12:51:30.000000000,BEST_ASK,"JPM,100409,156"
2019-06-28 12:51:30.000000000,BEST_BID,"JPM,100086,156"
2019-06-28 12:51:30.000000000,BEST_ASK,"JPM,100409,156"
2019-06-28 12:51:36.409982076,QUERY_ORDER_STREAM,67
2019-06-28 12:51:36.409982076,QUERY_SPREAD,67
2019-06-28 12:51:40.000000000,QUERY_SPREAD,1
2019-06-28 12:51:40.000000000,BEST_BID,"JPM,100086,156"
2019-06-28 12:51:40.000000000,BEST_ASK,"JPM,100409,100"
2019-06-28 12:51:40.000000000,BEST_BID,"JPM,100086,156"
2019-06-28 12:51:40.000000000,BEST_ASK,"JPM,100409,100"
2019-06-28 12:51:40.000000000,BEST_BID,"JPM,100086,156"
2019-06-28 12:51:40.000000000,BEST_ASK,"JPM,100409,100"
2019-06-28 12:51:40.000000000,BEST_BID,"JPM,100086,156"
2019-06-28 12:51:40.000000000,BEST_ASK,"JPM,100409,100"
2019-06-28 12:51:40.000000000,BEST_BID,"JPM,100086,156"
2019-06-28 12:51:40.000000000,BEST_ASK,"JPM,100409,100"
2019-06-28 12:51:40.000000000,BEST_BID,"JPM,100086,156"
2019-06-28 12:51:40.000000000,BEST_ASK,"JPM,100409,156"
2019-06-28 12:51:40.000000000,BEST_BID,"JPM,100086,156"
2019-06-28 12:51:40.000000000,BEST_ASK,"JPM,100409,156"
2019-06-28 12:51:40.000000000,BEST_BID,"JPM,100086,156"
2019-06-28 12:51:40.000000000,BEST_ASK,"JPM,100409,156"
2019-06-28 12:51:40.000000000,BEST_BID,"JPM,100086,156"
2019-06-28 12:51:40.000000000,BEST_ASK,"JPM,100409,156"
2019-06-28 12:51:40.000000000,BEST_BID,"JPM,100086,156"
2019-06-28 12:51:40.000000000,BEST_ASK,"JPM,100409,156"
2019-06-28 12:51:41.672395399,QUERY_SPREAD,12
2019-06-28 12:51:41.672395399,BEST_BID,"JPM,100086,156"
2019-06-28 12:51:41.672395399,BEST_ASK,"JPM,100311,100"
2019-06-28 12:51:49.763124749,QUERY_ORDER_STREAM,53
2019-06-28 12:51:49.763124749,QUERY_SPREAD,53
2019-06-28 12:51:49.763124749,BEST_BID,"JPM,100121,100"
2019-06-28 12:51:49.763124749,BEST_ASK,"JPM,100311,100"
2019-06-28 12:51:50.000000000,QUERY_SPREAD,1
2019-06-28 12:51:50.000000000,BEST_BID,"JPM,100121,156"
2019-06-28 12:51:50.000000000,BEST_ASK,"JPM,100311,100"
2019-06-28 12:51:50.000000000,BEST_BID,"JPM,100121,156"
2019-06-28 12:51:50.000000000,BEST_ASK,"JPM,100311,100"
2019-06-28 12:51:50.000000000,BEST_BID,"JPM,100121,156"
2019-06-28 12:51:50.000000000,BEST_ASK,"JPM,100311,100"
2019-06-28 12:51:50.000000000,BEST_BID,"JPM,100121,156"
2019-06-28 12:51:50.000000000,BEST_ASK,"JPM,100311,100"
2019-06-28 12:51:50.000000000,BEST_BID,"JPM,100121,156"
2019-06-28 12:51:50.000000000,BEST_ASK,"JPM,100311,100"
2019-06-28 12:51:50.000000000,BEST_BID,"JPM,100121,156"
2019-06-28 12:51:50.000000000,BEST_ASK,"JPM,100311,156"
2019-06-28 12:51:50.000000000,BEST_BID,"JPM,100121,156"
2019-06-28 12:51:50.000000000,BEST_ASK,"JPM,100311,156"
2019-06-28 12:51:50.000000000,BEST_BID,"JPM,100121,156"
2019-06-28 12:51:50.000000000,BEST_ASK,"JPM,100311,156"
2019-06-28 12:51:50.000000000,BEST_BID,"JPM,100121,156"
2019-06-28 12:51:50.000000000,BEST_ASK,"JPM,100311,156"
2019-06-28 12:51:50.000000000,BEST_BID,"JPM,100121,156"
2019-06-28 12:51:50.000000000,BEST_ASK,"JPM,100311,156"
2019-06-28 12:51:54.181591457,QUERY_ORDER_STREAM,66
2019-06-28 12:51:54.181591457,QUERY_SPREAD,66
2019-06-28 12:51:54.181591457,BEST_BID,"JPM,100121,256"
2019-06-28 12:51:54.181591457,BEST_ASK,"JPM,100311,156"
2019-06-28 12:51:54.432423876,QUERY_ORDER_STREAM,54
2019-06-28 12:51:54.432423876,QUERY_SPREAD,54
2019-06-28 12:51:54.432423876,BEST_BID,"JPM,100121,156"
2019-06-28 12:51:54.432423876,BEST_ASK,"JPM,100311,156"
2019-06-28 12:51:54.432423876,LAST_TRADE,"100,$100121.0000"
2019-06-28 12:52:00.000000000,QUERY_SPREAD,1
2019-06-28 12:52:00.000000000,BEST_BID,"JPM,100121,380"
2019-06-28 12:52:00.000000000,BEST_ASK,"JPM,100311,100"
2019-06-28 12:52:00.000000000,BEST_BID,"JPM,100121,380"
2019-06-28 12:52:00.000000000,BEST_ASK,"JPM,100311,380"
2019-06-28 12:52:00.000000000,QUERY_SPREAD,77
2019-06-28 12:52:00.000000000,BEST_BID,"JPM,100121,379"
2019-06-28 12:52:00.000000000,BEST_ASK,"JPM,100311,380"
2019-06-28 12:52:00.000000000,LAST_TRADE,"1,$100121.0000"
2019-06-28 12:52:00.000000000,QUERY_SPREAD,78
2019-06-28 12:52:00.000000000,BEST_BID,"JPM,100121,375"
2019-06-28 12:52:00.000000000,BEST_ASK,"JPM,100311,380"
2019-06-28 12:52:00.000000000,LAST_TRADE,"4,$100121.0000"
2019-06-28 12:52:00.000000000,QUERY_SPREAD,79
2019-06-28 12:52:00.000000000,BEST_BID,"JPM,100121,369"
2019-06-28 12:52:00.000000000,BEST_ASK,"JPM,100311,380"
2019-06-28 12:52:00.000000000,LAST_TRADE,"6,$100121.0000"
2019-06-28 12:52:00.000000000,QUERY_SPREAD,80
2019-06-28 12:52:00.000000000,BEST_BID,"JPM,100121,364"
2019-06-28 12:52:00.000000000,BEST_ASK,"JPM,100311,380"
2019-06-28 12:52:00.000000000,LAST_TRADE,"5,$100121.0000"
2019-06-28 12:52:00.000000000,QUERY_SPREAD,81
2019-06-28 12:52:00.000000000,BEST_BID,"JPM,100121,356"
2019-06-28 12:52:00.000000000,BEST_ASK,"JPM,100311,380"
2019-06-28 12:52:00.000000000,LAST_TRADE,"8,$100121.0000"
2019-06-28 12:52:00.000000000,QUERY_SPREAD,82
2019-06-28 12:52:00.000000000,BEST_BID,"JPM,100121,348"
2019-06-28 12:52:00.000000000,BEST_ASK,"JPM,100311,380"
2019-06-28 12:52:00.000000000,LAST_TRADE,"8,$100121.0000"
2019-06-28 12:52:00.000000000,QUERY_SPREAD,83
2019-06-28 12:52:00.000000000,BEST_BID,"JPM,100121,346"
2019-06-28 12:52:00.000000000,BEST_ASK,"JPM,100311,380"
2019-06-28 12:52:00.000000000,LAST_TRADE,"2,$100121.0000"
2019-06-28 12:52:00.000000000,QUERY_SPREAD,84
2019-06-28 12:52:00.000000000,BEST_BID,"JPM,100121,345"
2019-06-28 12:52:00.000000000,BEST_ASK,"JPM,100311,380"
2019-06-28 12:52:00.000000000,LAST_TRADE,"1,$100121.0000"
2019-06-28 12:52:00.000000000,QUERY_SPREAD,85
2019-06-28 12:52:00.000000000,BEST_BID,"JPM,100121,344"
2019-06-28 12:52:00.000000000,BEST_ASK,"JPM,100311,380"
2019-06-28 12:52:00.000000000,LAST_TRADE,"1,$100121.0000"
2019-06-28 12:52:00.000000000,QUERY_SPREAD,86
2019-06-28 12:52:00.000000000,BEST_BID,"JPM,100121,338"
2019-06-28 12:52:00.000000000,BEST_ASK,"JPM,100311,380"
2019-06-28 12:52:00.000000000,LAST_TRADE,"6,$100121.0000"
2019-06-28 12:52:00.000000000,QUERY_SPREAD,87
2019-06-28 12:52:00.000000000,BEST_BID,"JPM,100121,335"
2019-06-28 12:52:00.000000000,BEST_ASK,"JPM,100311,380"
2019-06-28 12:52:00.000000000,LAST_TRADE,"3,$100121.0000"
2019-06-28 12:52:00.000000000,QUERY_SPREAD,88
2019-06-28 12:52:00.000000000,BEST_BID,"JPM,100121,331"
2019-06-28 12:52:00.000000000,BEST_ASK,"JPM,100311,380"
2019-06-28 12:52:00.000000000,LAST_TRADE,"4,$100121.0000"
2019-06-28 12:52:00.000000000,QUERY_SPREAD,89
2019-06-28 12:52:00.000000000,BEST_BID,"JPM,100121,327"
2019-06-28 12:52:00.000000000,BEST_ASK,"JPM,100311,380"
2019-06-28 12:52:00.000000000,LAST_TRADE,"4,$100121.0000"
2019-06-28 12:52:00.000000000,QUERY_SPREAD,90
2019-06-28 12:52:00.000000000,BEST_BID,"JPM,100121,320"
2019-06-28 12:52:00.000000000,BEST_ASK,"JPM,100311,380"
2019-06-28 12:52:00.000000000,LAST_TRADE,"7,$100121.0000"
2019-06-28 12:52:00.000000000,QUERY_SPREAD,91
2019-06-28 12:52:00.000000000,BEST_BID,"JPM,100121,312"
2019-06-28 12:52:00.000000000,BEST_ASK,"JPM,100311,380"
2019-06-28 12:52:00.000000000,LAST_TRADE,"8,$100121.0000"
2019-06-28 12:52:00.000000000,QUERY_SPREAD,92
2019-06-28 12:52:00.000000000,BEST_BID,"JPM,100121,307"
2019-06-28 12:52:00.000000000,BEST_ASK,"JPM,100311,380"
2019-06-28 12:52:00.000000000,LAST_TRADE,"5,$100121.0000"
2019-06-28 12:52:00.000000000,QUERY_SPREAD,93
2019-06-28 12:52:00.000000000,BEST_BID,"JPM,100121,304"
2019-06-28 12:52:00.000000000,BEST_ASK,"JPM,100311,380"
2019-06-28 12:52:00.000000000,LAST_TRADE,"3,$100121.0000"
2019-06-28 12:52:00.000000000,QUERY_SPREAD,94
2019-06-28 12:52:00.000000000,BEST_BID,"JPM,100121,300"
2019-06-28 12:52:00.000000000,BEST_ASK,"JPM,100311,380"
2019-06-28 12:52:00.000000000,LAST_TRADE,"4,$100121.0000"
2019-06-28 12:52:00.000000000,QUERY_SPREAD,95
2019-06-28 12:52:00.000000000,BEST_BID,"JPM,100121,295"
2019-06-28 12:52:00.000000000,BEST_ASK,"JPM,100311,380"
2019-06-28 12:52:00.000000000,LAST_TRADE,"5,$100121.0000"
2019-06-28 12:52:00.000000000,QUERY_SPREAD,96
2019-06-28 12:52:00.000000000,BEST_BID,"JPM,100121,294"
2019-06-28 12:52:00.000000000,BEST_ASK,"JPM,100311,380"
2019-06-28 12:52:00.000000000,LAST_TRADE,"1,$100121.0000"
2019-06-28 12:52:00.000000000,QUERY_SPREAD,97
2019-06-28 12:52:00.000000000,BEST_BID,"JPM,100121,287"
2019-06-28 12:52:00.000000000,BEST_ASK,"JPM,100311,380"
2019-06-28 12:52:00.000000000,LAST_TRADE,"7,$100121.0000"
2019-06-28 12:52:00.000000000,QUERY_SPREAD,98
2019-06-28 12:52:00.000000000,BEST_BID,"JPM,100121,281"
2019-06-28 12:52:00.000000000,BEST_ASK,"JPM,100311,380"
2019-06-28 12:52:00.000000000,LAST_TRADE,"6,$100121.0000"
2019-06-28 12:52:00.000000000,QUERY_SPREAD,99
2019-06-28 12:52:00.000000000,BEST_BID,"JPM,100121,276"
2019-06-28 12:52:00.000000000,BEST_ASK,"JPM,100311,380"
2019-06-28 12:52:00.000000000,LAST_TRADE,"5,$100121.0000"
2019-06-28 12:52:00.000000000,QUERY_SPREAD,100
2019-06-28 12:52:00.000000000,BEST_BID,"JPM,100121,269"
2019-06-28 12:52:00.000000000,BEST_ASK,"JPM,100311,380"
2019-06-28 12:52:00.000000000,LAST_TRADE,"7,$100121.0000"
2019-06-28 12:52:00.000000000,QUERY_SPREAD,101
2019-06-28 12:52:00.000000000,QUERY_ORDER_STREAM,101
2019-06-28 12:52:10.000000000,QUERY_SPREAD,1
2019-06-28 12:52:10.000000000,BEST_BID,"JPM,100086,170"
2019-06-28 12:52:10.000000000,BEST_ASK,"JPM,100311,100"
2019-06-28 12:52:10.000000000,BEST_BID,"JPM,100086,170"
2019-06-28 12:52:10.000000000,BEST_ASK,"JPM,100311,100"
2019-06-28 12:52:10.000000000,BEST_BID,"JPM,100086,170"
2019-06-28 12:52:10.000000000,BEST_ASK,"JPM,100311,100"
2019-06-28 12:52:10.000000000,BEST_BID,"JPM,100086,170"
2019-06-28 12:52:10.000000000,BEST_ASK,"JPM,100311,100"
2019-06-28 12:52:10.000000000,BEST_BID,"JPM,100086,170"
2019-06-28 12:52:10.000000000,BEST_ASK,"JPM,100311,170"
2019-06-28 12:52:10.000000000,BEST_BID,"JPM,100086,170"
2019-06-28 12:52:10.000000000,BEST_ASK,"JPM,100311,170"
2019-06-28 12:52:10.000000000,BEST_BID,"JPM,100086,170"
2019-06-28 12:52:10.000000000,BEST_ASK,"JPM,100311,170"
2019-06-28 12:52:10.000000000,BEST_BID,"JPM,100086,170"
2019-06-28 12:52:10.000000000,BEST_ASK,"JPM,100311,170"
2019-06-28 12:52:12.722064685,QUERY_ORDER_STREAM,76
2019-06-28 12:52:12.722064685,QUERY_SPREAD,76
2019-06-28 12:52:20.000000000,QUERY_SPREAD,1
2019-06-28 12:52:20.000000000,BEST_BID,"JPM,100040,196"
2019-06-28 12:52:20.000000000,BEST_ASK,"JPM,100311,100"
2019-06-28 12:52:20.000000000,BEST_BID,"JPM,100040,196"
2019-06-28 12:52:20.000000000,BEST_ASK,"JPM,100311,100"
2019-06-28 12:52:20.000000000,BEST_BID,"JPM,100040,196"
2019-06-28 12:52:20.000000000,BEST_ASK,"JPM,100311,100"
2019-06-28 12:52:20.000000000,BEST_BID,"JPM,100040,196"
2019-06-28 12:52:20.000000000,BEST_ASK,"JPM,100311,195"
2019-06-28 12:52:20.000000000,BEST_BID,"JPM,100040,196"
2019-06-28 12:52:20.000000000,BEST_ASK,"JPM,100311,195"
2019-06-28 12:52:20.000000000,BEST_BID,"JPM,100040,196"
2019-06-28 12:52:20.000000000,BEST_ASK,"JPM,100311,195"
2019-06-28 12:52:30.000000000,QUERY_SPREAD,1
2019-06-28 12:52:30.000000000,BEST_BID,"JPM,100040,171"
2019-06-28 12:52:30.000000000,BEST_ASK,"JPM,100311,100"
2019-06-28 12:52:30.000000000,BEST_BID,"JPM,100040,171"
2019-06-28 12:52:30.000000000,BEST_ASK,"JPM,100311,100"
2019-06-28 12:52:30.000000000,BEST_BID,"JPM,100040,171"
2019-06-28 12:52:30.000000000,BEST_ASK,"JPM,100311,100"
2019-06-28 12:52:30.000000000,BEST_BID,"JPM,100040,171"
2019-06-28 12:52:30.000000000,BEST_ASK,"JPM,100311,100"
2019-06-28 12:52:30.000000000,BEST_BID,"JPM,100040,171"
2019-06-28 12:52:30.000000000,BEST_ASK,"JPM,100311,170"
2019-06-28 12:52:30.000000000,BEST_BID,"JPM,100040,171"
2019-06-28 12:52:30.000000000,BEST_ASK,"JPM,100311,170"
2019-06-28 12:52:30.000000000,BEST_BID,"JPM,100040,171"
2019-06-28 12:52:30.000000000,BEST_ASK,"JPM,100311,170"
2019-06-28 12:52:30.000000000,BEST_BID,"JPM,100040,171"
2019-06-28 12:52:30.000000000,BEST_ASK,"JPM,100311,170"
2019-06-28 12:52:40.000000000,QUERY_SPREAD,1
2019-06-28 12:52:40.000000000,BEST_BID,"JPM,100040,241"
2019-06-28 12:52:40.000000000,BEST_ASK,"JPM,100311,100"
2019-06-28 12:52:40.000000000,BEST_BID,"JPM,100040,241"
2019-06-28 12:52:40.000000000,BEST_ASK,"JPM,100311,100"
2019-06-28 12:52:40.000000000,BEST_BID,"JPM,100040,241"
2019-06-28 12:52:40.000000000,BEST_ASK,"JPM,100311,240"
2019-06-28 12:52:40.000000000,BEST_BID,"JPM,100040,241"
2019-06-28 12:52:40.000000000,BEST_ASK,"JPM,100311,240"
2019-06-28 12:52:48.689581785,QUERY_ORDER_STREAM,73
2019-06-28 12:52:48.689581785,QUERY_SPREAD,73
2019-06-28 12:52:48.700016865,QUERY_ORDER_STREAM,65
2019-06-28 12:52:48.700016865,QUERY_SPREAD,65
2019-06-28 12:52:48.700016865,BEST_BID,"JPM,100121,100"
2019-06-28 12:52:48.700016865,BEST_ASK,"JPM,100311,240"
2019-06-28 12:52:50.000000000,QUERY_SPREAD,1
2019-06-28 12:52:50.000000000,BEST_BID,"JPM,100121,195"
2019-06-28 12:52:50.000000000,BEST_ASK,"JPM,100311,100"
2019-06-28 12:52:50.000000000,BEST_BID,"JPM,100121,195"
2019-06-28 12:52:50.000000000,BEST_ASK,"JPM,100311,100"
2019-06-28 12:52:50.000000000,BEST_BID,"JPM,100121,195"
2019-06-28 12:52:50.000000000,BEST_ASK,"JPM,100311,100"
2019-06-28 12:52:50.000000000,BEST_BID,"JPM,100121,195"
2019-06-28 12:52:50.000000000,BEST_ASK,"JPM,100311,195"
2019-06-28 12:52:50.000000000,BEST_BID,"JPM,100121,195"
2019-06-28 12:52:50.000000000,BEST_ASK,"JPM,100311,195"
2019-06-28 12:52:50.000000000,BEST_BID,"JPM,100121,195"
2019-06-28 12:52:50.000000000,BEST_ASK,"JPM,100311,195"
2019-06-28 12:52:53.294376089,QUERY_ORDER_STREAM,59
2019-06-28 12:52:53.294376089,QUERY_SPREAD,59
2019-06-28 12:53:00.000000000,QUERY_SPREAD,1
2019-06-28 12:53:00.000000000,BEST_BID,"JPM,100121,380"
2019-06-28 12:53:00.000000000,BEST_ASK,"JPM,100311,100"
2019-06-28 12:53:00.000000000,BEST_BID,"JPM,100121,380"
2019-06-28 12:53:00.000000000,BEST_ASK,"JPM,100311,380"
2019-06-28 12:53:00.000000000,QUERY_SPREAD,77
2019-06-28 12:53:00.000000000,BEST_BID,"JPM,100121,379"
2019-06-28 12:53:00.000000000,BEST_ASK,"JPM,100311,380"
2019-06-28 12:53:00.000000000,LAST_TRADE,"1,$100121.0000"
2019-06-28 12:53:00.000000000,QUERY_SPREAD,78
2019-06-28 12:53:00.000000000,BEST_BID,"JPM,100121,375"
2019-06-28 12:53:00.000000000,BEST_ASK,"JPM,100311,380"
2019-06-28 12:53:00.000000000,LAST_TRADE,"4,$100121.0000"
2019-06-28 12:53:00.000000000,QUERY_SPREAD,79
2019-06-28 12:53:00.000000000,BEST_BID,"JPM,100121,369"
2019-06-28 12:53:00.000000000,BEST_ASK,"JPM,100311,380"
2019-06-28 12:53:00.000000000,LAST_TRADE,"6,$100121.0000"
2019-06-28 12:53:00.000000000,QUERY_SPREAD,80
2019-06-28 12:53:00.000000000,BEST_BID,"JPM,100121,364"
2019-06-28 12:53:00.000000000,BEST_ASK,"JPM,100311,380"
2019-06-28 12:53:00.000000000,LAST_TRADE,"5,$100121.0000"
2019-06-28 12:53:00.000000000,QUERY_SPREAD,81
2019-06-28 12:53:00.000000000,BEST_BID,"JPM,100121,356"
2019-06-28 12:53:00.000000000,BEST_ASK,"JPM,100311,380"
2019-06-28 12:53:00.000000000,LAST_TRADE,"8,$100121.0000"
2019-06-28 12:53:00.000000000,QUERY_SPREAD,82
2019-06-28 12:53:00.000000000,BEST_BID,"JPM,100121,348"
2019-06-28 12:53:00.000000000,BEST_ASK,"JPM,100311,380"
2019-06-28 12:53:00.000000000,LAST_TRADE,"8,$100121.0000"
2019-06-28 12:53:00.000000000,QUERY_SPREAD,83
2019-06-28 12:53:00.000000000,BEST_BID,"JPM,100121,346"
2019-06-28 12:53:00.000000000,BEST_ASK,"JPM,100311,380"
2019-06-28 12:53:00.000000000,LAST_TRADE,"2,$100121.0000"
2019-06-28 12:53:00.000000000,QUERY_SPREAD,84
2019-06-28 12:53:00.000000000,BEST_BID,"JPM,100121,345"
2019-06-28 12:53:00.000000000,BEST_ASK,"JPM,100311,380"
2019-06-28 12:53:00.000000000,LAST_TRADE,"1,$100121.0000"
2019-06-28 12:53:00.000000000,QUERY_SPREAD,85
2019-06-28 12:53:00.000000000,BEST_BID,"JPM,100121,344"
2019-06-28 12:53:00.000000000,BEST_ASK,"JPM,100311,380"
2019-06-28 12:53:00.000000000,LAST_TRADE,"1,$100121.0000"
2019-06-28 12:53:00.000000000,QUERY_SPREAD,86
2019-06-28 12:53:00.000000000,BEST_BID,"JPM,100121,338"
2019-06-28 12:53:00.000000000,BEST_ASK,"JPM,100311,380"
2019-06-28 12:53:00.000000000,LAST_TRADE,"6,$100121.0000"
2019-06-28 12:53:00.000000000,QUERY_SPREAD,87
2019-06-28 12:53:00.000000000,BEST_BID,"JPM,100121,335"
2019-06-28 12:53:00.000000000,BEST_ASK,"JPM,100311,380"
2019-06-28 12:53:00.000000000,LAST_TRADE,"3,$100121.0000"
2019-06-28 12:53:00.000000000,QUERY_SPREAD,88
2019-06-28 12:53:00.000000000,BEST_BID,"JPM,100121,331"
2019-06-28 12:53:00.000000000,BEST_ASK,"JPM,100311,380"
2019-06-28 12:53:00.000000000,LAST_TRADE,"4,$100121.0000"
2019-06-28 12:53:00.000000000,QUERY_SPREAD,89
2019-06-28 12:53:00.000000000,BEST_BID,"JPM,100121,327"
2019-06-28 12:53:00.000000000,BEST_ASK,"JPM,100311,380"
2019-06-28 12:53:00.000000000,LAST_TRADE,"4,$100121.0000"
2019-06-28 12:53:00.000000000,QUERY_SPREAD,90
2019-06-28 12:53:00.000000000,BEST_BID,"JPM,100121,320"
2019-06-28 12:53:00.000000000,BEST_ASK,"JPM,100311,380"
2019-06-28 12:53:00.000000000,LAST_TRADE,"7,$100121.0000"
2019-06-28 12:53:00.000000000,QUERY_SPREAD,91
2019-06-28 12:53:00.000000000,BEST_BID,"JPM,100121,312"
2019-06-28 12:53:00.000000000,BEST_ASK,"JPM,100311,380"
2019-06-28 12:53:00.000000000,LAST_TRADE,"8,$100121.0000"
2019-06-28 12:53:00.000000000,QUERY_SPREAD,92
2019-06-28 12:53:00.000000000,BEST_BID,"JPM,100121,307"
2019-06-28 12:53:00.000000000,BEST_ASK,"JPM,100311,380"
2019-06-28 12:53:00.000000000,LAST_TRADE,"5,$100121.0000"
2019-06-28 12:53:00.000000000,QUERY_SPREAD,93
2019-06-28 12:53:00.000000000,BEST_BID,"JPM,100121,304"
2019-06-28 12:53:00.000000000,BEST_ASK,"JPM,100311,380"
2019-06-28 12:53:00.000000000,LAST_TRADE,"3,$100121.0000"
2019-06-28 12:53:00.000000000,QUERY_SPREAD,94
2019-06-28 12:53:00.000000000,BEST_BID,"JPM,100121,300"
2019-06-28 12:53:00.000000000,BEST_ASK,"JPM,100311,380"
2019-06-28 12:53:00.000000000,LAST_TRADE,"4,$100121.0000"
2019-06-28 12:53:00.000000000,QUERY_SPREAD,95
2019-06-28 12:53:00.000000000,BEST_BID,"JPM,100121,295"
2019-06-28 12:53:00.000000000,BEST_ASK,"JPM,100311,380"
2019-06-28 12:53:00.000000000,LAST_TRADE,"5,$100121.0000"
2019-06-28 12:53:00.000000000,QUERY_SPREAD,96
2019-06-28 12:53:00.000000000,BEST_BID,"JPM,100121,294"
2019-06-28 12:53:00.000000000,BEST_ASK,"JPM,100311,380"
2019-06-28 12:53:00.000000000,LAST_TRADE,"1,$100121.0000"
2019-06-28 12:53:00.000000000,QUERY_SPREAD,97
2019-06-28 12:53:00.000000000,BEST_BID,"JPM,100121,287"
2019-06-28 12:53:00.000000000,BEST_ASK,"JPM,100311,380"
2019-06-28 12:53:00.000000000,LAST_TRADE,"7,$100121.0000"
2019-06-28 12:53:00.000000000,QUERY_SPREAD,98
2019-06-28 12:53:00.000000000,BEST_BID,"JPM,100121,281"
2019-06-28 12:53:00.000000000,BEST_ASK,"JPM,100311,380"
2019-06-28 12:53:00.000000000,LAST_TRADE,"6,$100121.0000"
2019-06-28 12:53:00.000000000,QUERY_SPREAD,99
2019-06-28 12:53:00.000000000,BEST_BID,"JPM,100121,276"
2019-06-28 12:53:00.000000000,BEST_ASK,"JPM,100311,380"
2019-06-28 12:53:00.000000000,LAST_TRADE,"5,$100121.0000"
2019-06-28 12:53:00.000000000,QUERY_SPREAD,100
2019-06-28 12:53:00.000000000,BEST_BID,"JPM,100121,269"
2019-06-28 12:53:00.000000000,BEST_ASK,"JPM,100311,380"
2019-06-28 12:53:00.000000000,LAST_TRADE,"7,$100121.0000"
2019-06-28 12:53:00.000000000,QUERY_SPREAD,101
2019-06-28 12:53:00.000000000,QUERY_ORDER_STREAM,101
2019-06-28 12:53:10.000000000,QUERY_SPREAD,1
2019-06-28 12:53:10.000000000,BEST_BID,"JPM,100040,171"
2019-06-28 12:53:10.000000000,BEST_ASK,"JPM,100311,100"
2019-06-28 12:53:10.000000000,BEST_BID,"JPM,100040,171"
2019-06-28 12:53:10.000000000,BEST_ASK,"JPM,100311,100"
2019-06-28 12:53:10.000000000,BEST_BID,"JPM,100040,171"
2019-06-28 12:53:10.000000000,BEST_ASK,"JPM,100311,100"
2019-06-28 12:53:10.000000000,BEST_BID,"JPM,100040,171"
2019-06-28 12:53:10.000000000,BEST_ASK,"JPM,100311,100"
2019-06-28 12:53:10.000000000,BEST_BID,"JPM,100040,171"
2019-06-28 12:53:10.000000000,BEST_ASK,"JPM,100311,170"
2019-06-28 12:53:10.000000000,BEST_BID,"JPM,100040,171"
2019-06-28 12:53:10.000000000,BEST_ASK,"JPM,100311,170"
2019-06-28 12:53:10.000000000,BEST_BID,"JPM,100040,171"
2019-06-28 12:53:10.000000000,BEST_ASK,"JPM,100311,170"
2019-06-28 12:53:10.000000000,BEST_BID,"JPM,100040,171"
2019-06-28 12:53:10.000000000,BEST_ASK,"JPM,100311,170"
2019-06-28 12:53:15.059930746,QUERY_SPREAD,25
2019-06-28 12:53:15.059930746,BEST_BID,"JPM,100040,171"
2019-06-28 12:53:15.059930746,BEST_ASK,"JPM,100311,170"
2019-06-28 12:53:20.000000000,QUERY_SPREAD,1
2019-06-28 12:53:20.000000000,BEST_BID,"JPM,100040,196"
2019-06-28 12:53:20.000000000,BEST_ASK,"JPM,100311,100"
2019-06-28 12:53:20.000000000,BEST_BID,"JPM,100040,196"
2019-06-28 12:53:20.000000000,BEST_ASK,"JPM,100311,100"
2019-06-28 12:53:20.000000000,BEST_BID,"JPM,100040,196"
2019-06-28 12:53:20.000000000,BEST_ASK,"JPM,100311,100"
2019-06-28 12:53:20.000000000,BEST_BID,"JPM,100040,196"
2019-06-28 12:53:20.000000000,BEST_ASK,"JPM,100311,195"
2019-06-28 12:53:20.000000000,BEST_BID,"JPM,100040,196"
2019-06-28 12:53:20.000000000,BEST_ASK,"JPM,100311,195"
2019-06-28 12:53:20.000000000,BEST_BID,"JPM,100040,196"
2019-06-28 12:53:20.000000000,BEST_ASK,"JPM,100311,195"
2019-06-28 12:53:30.000000000,QUERY_SPREAD,1
2019-06-28 12:53:30.000000000,BEST_BID,"JPM,100040,196"
2019-06-28 12:53:30.000000000,BEST_ASK,"JPM,100311,100"
2019-06-28 12:53:30.000000000,BEST_BID,"JPM,100040,196"
2019-06-28 12:53:30.000000000,BEST_ASK,"JPM,100311,100"
2019-06-28 12:53:30.000000000,BEST_BID,"JPM,100040,196"
2019-06-28 12:53:30.000000000,BEST_ASK,"JPM,100311,100"
2019-06-28 12:53:30.000000000,BEST_BID,"JPM,100040,196"
2019-06-28 12:53:30.000000000,BEST_ASK,"JPM,100311,195"
2019-06-28 12:53:30.000000000,BEST_BID,"JPM,100040,196"
2019-06-28 12:53:30.000000000,BEST_ASK,"JPM,100311,195"
2019-06-28 12:53:30.000000000,BEST_BID,"JPM,100040,196"
2019-06-28 12:53:30.000000000,BEST_ASK,"JPM,100311,195"
2019-06-28 12:53:32.546729116,QUERY_SPREAD,22
2019-06-28 12:53:32.546729116,BEST_BID,"JPM,100040,196"
2019-06-28 12:53:32.546729116,BEST_ASK,"JPM,100226,100"
2019-06-28 12:53:33.395240834,QUERY_ORDER_STREAM,60
2019-06-28 12:53:33.395240834,QUERY_SPREAD,60
2019-06-28 12:53:37.872103122,QUERY_ORDER_STREAM,59
2019-06-28 12:53:37.872103122,QUERY_SPREAD,59
2019-06-28 12:53:40.000000000,QUERY_SPREAD,1
2019-06-28 12:53:40.000000000,BEST_BID,"JPM,100040,196"
2019-06-28 12:53:40.000000000,BEST_ASK,"JPM,100226,100"
2019-06-28 12:53:40.000000000,BEST_BID,"JPM,100040,196"
2019-06-28 12:53:40.000000000,BEST_ASK,"JPM,100226,100"
2019-06-28 12:53:40.000000000,BEST_BID,"JPM,100040,196"
2019-06-28 12:53:40.000000000,BEST_ASK,"JPM,100226,100"
2019-06-28 12:53:40.000000000,BEST_BID,"JPM,100040,196"
2019-06-28 12:53:40.000000000,BEST_ASK,"JPM,100226,195"
2019-06-28 12:53:40.000000000,BEST_BID,"JPM,100040,196"
2019-06-28 12:53:40.000000000,BEST_ASK,"JPM,100226,195"
2019-06-28 12:53:40.000000000,BEST_BID,"JPM,100040,196"
2019-06-28 12:53:40.000000000,BEST_ASK,"JPM,100226,195"
2019-06-28 12:53:50.000000000,QUERY_SPREAD,1
2019-06-28 12:53:50.000000000,BEST_BID,"JPM,100040,196"
2019-06-28 12:53:50.000000000,BEST_ASK,"JPM,100226,100"
2019-06-28 12:53:50.000000000,BEST_BID,"JPM,100040,196"
2019-06-28 12:53:50.000000000,BEST_ASK,"JPM,100226,100"
2019-06-28 12:53:50.000000000,BEST_BID,"JPM,100040,196"
2019-06-28 12:53:50.000000000,BEST_ASK,"JPM,100226,100"
2019-06-28 12:53:50.000000000,BEST_BID,"JPM,100040,196"
2019-06-28 12:53:50.000000000,BEST_ASK,"JPM,100226,195"
2019-06-28 12:53:50.000000000,BEST_BID,"JPM,100040,196"
2019-06-28 12:53:50.000000000,BEST_ASK,"JPM,100226,195"
2019-06-28 12:53:50.000000000,BEST_BID,"JPM,100040,196"
2019-06-28 12:53:50.000000000,BEST_ASK,"JPM,100226,195"
2019-06-28 12:53:53.589745655,QUERY_SPREAD,5
2019-06-28 12:53:53.589745655,BEST_BID,"JPM,100040,196"
2019-06-28 12:53:53.589745655,BEST_ASK,"JPM,100226,195"
2019-06-28 12:53:56.857356085,QUERY_ORDER_STREAM,58
2019-06-28 12:53:56.857356085,QUERY_SPREAD,58
2019-06-28 12:53:59.089229283,QUERY_SPREAD,34
2019-06-28 12:53:59.089229283,BEST_BID,"JPM,100040,196"
2019-06-28 12:53:59.089229283,BEST_ASK,"JPM,100226,95"
2019-06-28 12:53:59.089229283,LAST_TRADE,"100,$100226.0000"
2019-06-28 12:54:00.000000000,QUERY_SPREAD,1
2019-06-28 12:54:00.000000000,BEST_BID,"JPM,100040,241"
2019-06-28 12:54:00.000000000,BEST_ASK,"JPM,100311,100"
2019-06-28 12:54:00.000000000,BEST_BID,"JPM,100040,241"
2019-06-28 12:54:00.000000000,BEST_ASK,"JPM,100311,100"
2019-06-28 12:54:00.000000000,BEST_BID,"JPM,100040,241"
2019-06-28 12:54:00.000000000,BEST_ASK,"JPM,100311,240"
2019-06-28 12:54:00.000000000,BEST_BID,"JPM,100040,241"
2019-06-28 12:54:00.000000000,BEST_ASK,"JPM,100311,240"
2019-06-28 12:54:00.000000000,QUERY_SPREAD,77
2019-06-28 12:54:00.000000000,BEST_BID,"JPM,100040,240"
2019-06-28 12:54:00.000000000,BEST_ASK,"JPM,100311,240"
2019-06-28 12:54:00.000000000,LAST_TRADE,"1,$100040.0000"
2019-06-28 12:54:00.000000000,QUERY_SPREAD,78
2019-06-28 12:54:00.000000000,BEST_BID,"JPM,100040,236"
2019-06-28 12:54:00.000000000,BEST_ASK,"JPM,100311,240"
2019-06-28 12:54:00.000000000,LAST_TRADE,"4,$100040.0000"
2019-06-28 12:54:00.000000000,QUERY_SPREAD,79
2019-06-28 12:54:00.000000000,BEST_BID,"JPM,100040,230"
2019-06-28 12:54:00.000000000,BEST_ASK,"JPM,100311,240"
2019-06-28 12:54:00.000000000,LAST_TRADE,"6,$100040.0000"
2019-06-28 12:54:00.000000000,QUERY_SPREAD,80
2019-06-28 12:54:00.000000000,BEST_BID,"JPM,100040,225"
2019-06-28 12:54:00.000000000,BEST_ASK,"JPM,100311,240"
2019-06-28 12:54:00.000000000,LAST_TRADE,"5,$100040.0000"
2019-06-28 12:54:00.000000000,QUERY_SPREAD,81
2019-06-28 12:54:00.000000000,BEST_BID,"JPM,100040,217"
2019-06-28 12:54:00.000000000,BEST_ASK,"JPM,100311,240"
2019-06-28 12:54:00.000000000,LAST_TRADE,"8,$100040.0000"
2019-06-28 12:54:00.000000000,QUERY_SPREAD,82
2019-06-28 12:54:00.000000000,BEST_BID,"JPM,100040,209"
2019-06-28 12:54:00.000000000,BEST_ASK,"JPM,100311,240"
2019-06-28 12:54:00.000000000,LAST_TRADE,"8,$100040.0000"
2019-06-28 12:54:00.000000000,QUERY_SPREAD,83
2019-06-28 12:54:00.000000000,BEST_BID,"JPM,100040,207"
2019-06-28 12:54:00.000000000,BEST_ASK,"JPM,100311,240"
2019-06-28 12:54:00.000000000,LAST_TRADE,"2,$100040.0000"
2019-06-28 12:54:00.000000000,QUERY_SPREAD,84
2019-06-28 12:54:00.000000000,BEST_BID,"JPM,100040,206"
2019-06-28 12:54:00.000000000,BEST_ASK,"JPM,100311,240"
2019-06-28 12:54:00.000000000,LAST_TRADE,"1,$100040.0000"
2019-06-28 12:54:00.000000000,QUERY_SPREAD,85
2019-06-28 12:54:00.000000000,BEST_BID,"JPM,100040,205"
2019-06-28 12:54:00.000000000,BEST_ASK,"JPM,100311,240"
2019-06-28 12:54:00.000000000,LAST_TRADE,"1,$100040.0000"
2019-06-28 12:54:00.000000000,QUERY_SPREAD,86
2019-06-28 12:54:00.000000000,BEST_BID,"JPM,100040,199"
2019-06-28 12:54:00.000000000,BEST_ASK,"JPM,100311,240"
2019-06-28 12:54:00.000000000,LAST_TRADE,"6,$100040.0000"
2019-06-28 12:54:00.000000000,QUERY_SPREAD,87
2019-06-28 12:54:00.000000000,BEST_BID,"JPM,100040,196"
2019-06-28 12:54:00.000000000,BEST_ASK,"JPM,100311,240"
2019-06-28 12:54:00.000000000,LAST_TRADE,"3,$100040.0000"
2019-06-28 12:54:00.000000000,QUERY_SPREAD,88
2019-06-28 12:54:00.000000000,BEST_BID,"JPM,100040,192"
2019-06-28 12:54:00.000000000,BEST_ASK,"JPM,100311,240"
2019-06-28 12:54:00.000000000,LAST_TRADE,"4,$100040.0000"
2019-06-28 12:54:00.000000000,QUERY_SPREAD,89
2019-06-28 12:54:00.000000000,BEST_BID,"JPM,100040,188"
2019-06-28 12:54:00.000000000,BEST_ASK,"JPM,100311,240"
2019-06-28 12:54:00.000000000,LAST_TRADE,"4,$100040.0000"
2019-06-28 12:54:00.000000000,QUERY_SPREAD,90
2019-06-28 12:54:00.000000000,BEST_BID,"JPM,100040,181"
2019-06-28 12:54:00.000000000,BEST_ASK,"JPM,100311,240"
2019-06-28 12:54:00.000000000,LAST_TRADE,"7,$100040.0000"
2019-06-28 12:54:00.000000000,QUERY_SPREAD,91
2019-06-28 12:54:00.000000000,BEST_BID,"JPM,100040,173"
2019-06-28 12:54:00.000000000,BEST_ASK,"JPM,100311,240"
2019-06-28 12:54:00.000000000,LAST_TRADE,"8,$100040.0000"
2019-06-28 12:54:00.000000000,QUERY_SPREAD,92
2019-06-28 12:54:00.000000000,BEST_BID,"JPM,100040,168"
2019-06-28 12:54:00.000000000,BEST_ASK,"JPM,100311,240"
2019-06-28 12:54:00.000000000,LAST_TRADE,"5,$100040.0000"
2019-06-28 12:54:00.000000000,QUERY_SPREAD,93
2019-06-28 12:54:00.000000000,BEST_BID,"JPM,100040,165"
2019-06-28 12:54:00.000000000,BEST_ASK,"JPM,100311,240"
2019-06-28 12:54:00.000000000,LAST_TRADE,"3,$100040.0000"
2019-06-28 12:54:00.000000000,QUERY_SPREAD,94
2019-06-28 12:54:00.000000000,BEST_BID,"JPM,100040,161"
2019-06-28 12:54:00.000000000,BEST_ASK,"JPM,100311,240"
2019-06-28 12:54:00.000000000,LAST_TRADE,"4,$100040.0000"
2019-06-28 12:54:00.000000000,QUERY_SPREAD,95
2019-06-28 12:54:00.000000000,BEST_BID,"JPM,100040,156"
2019-06-28 12:54:00.000000000,BEST_ASK,"JPM,100311,240"
2019-06-28 12:54:00.000000000,LAST_TRADE,"5,$100040.0000"
2019-06-28 12:54:00.000000000,QUERY_SPREAD,96
2019-06-28 12:54:00.000000000,BEST_BID,"JPM,100040,155"
2019-06-28 12:54:00.000000000,BEST_ASK,"JPM,100311,240"
2019-06-28 12:54:00.000000000,LAST_TRADE,"1,$100040.0000"
2019-06-28 12:54:00.000000000,QUERY_SPREAD,97
2019-06-28 12:54:00.000000000,BEST_BID,"JPM,100040,148"
2019-06-28 12:54:00.000000000,BEST_ASK,"JPM,100311,240"
2019-06-28 12:54:00.000000000,LAST_TRADE,"7,$100040.0000"
2019-06-28 12:54:00.000000000,QUERY_SPREAD,98
2019-06-28 12:54:00.000000000,BEST_BID,"JPM,100040,142"
2019-06-28 12:54:00.000000000,BEST_ASK,"JPM,100311,240"
2019-06-28 12:54:00.000000000,LAST_TRADE,"6,$100040.0000"
2019-06-28 12:54:00.000000000,QUERY_SPREAD,99
2019-06-28 12:54:00.000000000,BEST_BID,"JPM,100040,137"
2019-06-28 12:54:00.000000000,BEST_ASK,"JPM,100311,240"
2019-06-28 12:54:00.000000000,LAST_TRADE,"5,$100040.0000"
2019-06-28 12:54:00.000000000,QUERY_SPREAD,100
2019-06-28 12:54:00.000000000,BEST_BID,"JPM,100040,130"
2019-06-28 12:54:00.000000000,BEST_ASK,"JPM,100311,240"
2019-06-28 12:54:00.000000000,LAST_TRADE,"7,$100040.0000"
2019-06-28 12:54:00.000000000,QUERY_SPREAD,101
2019-06-28 12:54:00.000000000,QUERY_ORDER_STREAM,101
2019-06-28 12:54:04.646980504,QUERY_SPREAD,44
2019-06-28 12:54:04.646980504,BEST_BID,"JPM,100181,100"
2019-06-28 12:54:04.646980504,BEST_ASK,"JPM,100311,240"
2019-06-28 12:54:05.036306461,QUERY_ORDER_STREAM,62
2019-06-28 12:54:05.036306461,QUERY_SPREAD,62
2019-06-28 12:54:05.036306461,BEST_BID,"JPM,100181,100"
2019-06-28 12:54:05.036306461,BEST_ASK,"JPM,100311,240"
2019-06-28 12:54:10.000000000,QUERY_SPREAD,1
2019-06-28 12:54:10.000000000,BEST_BID,"JPM,100181,380"
2019-06-28 12:54:10.000000000,BEST_ASK,"JPM,100311,100"
2019-06-28 12:54:10.000000000,BEST_BID,"JPM,100181,380"
2019-06-28 12:54:10.000000000,BEST_ASK,"JPM,100311,380"
2019-06-28 12:54:20.000000000,QUERY_SPREAD,1
2019-06-28 12:54:20.000000000,BEST_BID,"JPM,100181,195"
2019-06-28 12:54:20.000000000,BEST_ASK,"JPM,100311,100"
2019-06-28 12:54:20.000000000,BEST_BID,"JPM,100181,195"
2019-06-28 12:54:20.000000000,BEST_ASK,"JPM,100311,100"
2019-06-28 12:54:20.000000000,BEST_BID,"JPM,100181,195"
2019-06-28 12:54:20.000000000,BEST_ASK,"JPM,100311,100"
2019-06-28 12:54:20.000000000,BEST_BID,"JPM,100181,195"
2019-06-28 12:54:20.000000000,BEST_ASK,"JPM,100311,195"
2019-06-28 12:54:20.000000000,BEST_BID,"JPM,100181,195"
2019-06-28 12:54:20.000000000,BEST_ASK,"JPM,100311,195"
2019-06-28 12:54:20.000000000,BEST_BID,"JPM,100181,195"
2019-06-28 12:54:20.000000000,BEST_ASK,"JPM,100311,195"
2019-06-28 12:54:21.382738352,QUERY_ORDER_STREAM,57
2019-06-28 12:54:21.382738352,QUERY_SPREAD,57
2019-06-28 12:54:30.000000000,QUERY_SPREAD,1
2019-06-28 12:54:30.000000000,BEST_BID,"JPM,100181,195"
2019-06-28 12:54:30.000000000,BEST_ASK,"JPM,100311,100"
2019-06-28 12:54:30.000000000,BEST_BID,"JPM,100181,195"
2019-06-28 12:54:30.000000000,BEST_ASK,"JPM,100311,100"
2019-06-28 12:54:30.000000000,BEST_BID,"JPM,100181,195"
2019-06-28 12:54:30.000000000,BEST_ASK,"JPM,100311,100"
2019-06-28 12:54:30.000000000,BEST_BID,"JPM,100181,195"
2019-06-28 12:54:30.000000000,BEST_ASK,"JPM,100311,195"
2019-06-28 12:54:30.000000000,BEST_BID,"JPM,100181,195"
2019-06-28 12:54:30.000000000,BEST_ASK,"JPM,100311,195"
2019-06-28 12:54:30.000000000,BEST_BID,"JPM,100181,195"
2019-06-28 12:54:30.000000000,BEST_ASK,"JPM,100311,195"
2019-06-28 12:54:30.692335729,QUERY_SPREAD,42
2019-06-28 12:54:30.692335729,BEST_BID,"JPM,100181,195"
2019-06-28 12:54:30.692335729,BEST_ASK,"JPM,100311,195"
2019-06-28 12:54:35.457393227,QUERY_SPREAD,48
2019-06-28 12:54:35.457393227,BEST_BID,"JPM,100181,95"
2019-06-28 12:54:35.457393227,BEST_ASK,"JPM,100311,195"
2019-06-28 12:54:35.457393227,LAST_TRADE,"100,$100181.0000"
2019-06-28 12:54:40.000000000,QUERY_SPREAD,1
2019-06-28 12:54:40.000000000,BEST_BID,"JPM,100040,380"
2019-06-28 12:54:40.000000000,BEST_ASK,"JPM,100311,100"
2019-06-28 12:54:40.000000000,BEST_BID,"JPM,100040,380"
2019-06-28 12:54:40.000000000,BEST_ASK,"JPM,100311,380"
2019-06-28 12:54:50.000000000,QUERY_SPREAD,1
2019-06-28 12:54:50.000000000,BEST_BID,"JPM,100040,380"
2019-06-28 12:54:50.000000000,BEST_ASK,"JPM,100311,100"
2019-06-28 12:54:50.000000000,BEST_BID,"JPM,100040,380"
2019-06-28 12:54:50.000000000,BEST_ASK,"JPM,100311,380"
2019-06-28 12:54:55.496599654,QUERY_SPREAD,34
2019-06-28 12:54:55.496599654,BEST_BID,"JPM,100040,380"
2019-06-28 12:54:55.496599654,BEST_ASK,"JPM,100311,380"
2019-06-28 12:54:59.965892335,QUERY_ORDER_STREAM,68
2019-06-28 12:54:59.965892335,QUERY_SPREAD,68
2019-06-28 12:55:00.000000000,QUERY_SPREAD,1
2019-06-28 12:55:00.000000000,BEST_BID,"JPM,100040,380"
2019-06-28 12:55:00.000000000,BEST_ASK,"JPM,100311,100"
2019-06-28 12:55:00.000000000,BEST_BID,"JPM,100040,380"
2019-06-28 12:55:00.000000000,BEST_ASK,"JPM,100311,380"
2019-06-28 12:55:00.000000000,QUERY_SPREAD,77
2019-06-28 12:55:00.000000000,BEST_BID,"JPM,100040,379"
2019-06-28 12:55:00.000000000,BEST_ASK,"JPM,100311,380"
2019-06-28 12:55:00.000000000,LAST_TRADE,"1,$100040.0000"
2019-06-28 12:55:00.000000000,QUERY_SPREAD,78
2019-06-28 12:55:00.000000000,BEST_BID,"JPM,100040,375"
2019-06-28 12:55:00.000000000,BEST_ASK,"JPM,100311,380"
2019-06-28 12:55:00.000000000,LAST_TRADE,"4,$100040.0000"
2019-06-28 12:55:00.000000000,QUERY_SPREAD,79
2019-06-28 12:55:00.000000000,BEST_BID,"JPM,100040,369"
2019-06-28 12:55:00.000000000,BEST_ASK,"JPM,100311,380"
2019-06-28 12:55:00.000000000,LAST_TRADE,"6,$100040.0000"
2019-06-28 12:55:00.000000000,QUERY_SPREAD,80
2019-06-28 12:55:00.000000000,BEST_BID,"JPM,100040,364"
2019-06-28 12:55:00.000000000,BEST_ASK,"JPM,100311,380"
2019-06-28 12:55:00.000000000,LAST_TRADE,"5,$100040.0000"
2019-06-28 12:55:00.000000000,QUERY_SPREAD,81
2019-06-28 12:55:00.000000000,BEST_BID,"JPM,100040,356"
2019-06-28 12:55:00.000000000,BEST_ASK,"JPM,100311,380"
2019-06-28 12:55:00.000000000,LAST_TRADE,"8,$100040.0000"
2019-06-28 12:55:00.000000000,QUERY_SPREAD,82
2019-06-28 12:55:00.000000000,BEST_BID,"JPM,100040,348"
2019-06-28 12:55:00.000000000,BEST_ASK,"JPM,100311,380"
2019-06-28 12:55:00.000000000,LAST_TRADE,"8,$100040.0000"
2019-06-28 12:55:00.000000000,QUERY_SPREAD,83
2019-06-28 12:55:00.000000000,BEST_BID,"JPM,100040,346"
2019-06-28 12:55:00.000000000,BEST_ASK,"JPM,100311,380"
2019-06-28 12:55:00.000000000,LAST_TRADE,"2,$100040.0000"
2019-06-28 12:55:00.000000000,QUERY_SPREAD,84
2019-06-28 12:55:00.000000000,BEST_BID,"JPM,100040,345"
2019-06-28 12:55:00.000000000,BEST_ASK,"JPM,100311,380"
2019-06-28 12:55:00.000000000,LAST_TRADE,"1,$100040.0000"
2019-06-28 12:55:00.000000000,QUERY_SPREAD,85
2019-06-28 12:55:00.000000000,BEST_BID,"JPM,100040,344"
2019-06-28 12:55:00.000000000,BEST_ASK,"JPM,100311,380"
2019-06-28 12:55:00.000000000,LAST_TRADE,"1,$100040.0000"
2019-06-28 12:55:00.000000000,QUERY_SPREAD,86
2019-06-28 12:55:00.000000000,BEST_BID,"JPM,100040,338"
2019-06-28 12:55:00.000000000,BEST_ASK,"JPM,100311,380"
2019-06-28 12:55:00.000000000,LAST_TRADE,"6,$100040.0000"
2019-06-28 12:55:00.000000000,QUERY_SPREAD,87
2019-06-28 12:55:00.000000000,BEST_BID,"JPM,100040,335"
2019-06-28 12:55:00.000000000,BEST_ASK,"JPM,100311,380"
2019-06-28 12:55:00.000000000,LAST_TRADE,"3,$100040.0000"
2019-06-28 12:55:00.000000000,QUERY_SPREAD,88
2019-06-28 12:55:00.000000000,BEST_BID,"JPM,100040,331"
2019-06-28 12:55:00.000000000,BEST_ASK,"JPM,100311,380"
2019-06-28 12:55:00.000000000,LAST_TRADE,"4,$100040.0000"
2019-06-28 12:55:00.000000000,QUERY_SPREAD,89
2019-06-28 12:55:00.000000000,BEST_BID,"JPM,100040,327"
2019-06-28 12:55:00.000000000,BEST_ASK,"JPM,100311,380"
2019-06-28 12:55:00.000000000,LAST_TRADE,"4,$100040.0000"
2019-06-28 12:55:00.000000000,QUERY_SPREAD,90
2019-06-28 12:55:00.000000000,BEST_BID,"JPM,100040,320"
2019-06-28 12:55:00.000000000,BEST_ASK,"JPM,100311,380"
2019-06-28 12:55:00.000000000,LAST_TRADE,"7,$100040.0000"
2019-06-28 12:55:00.000000000,QUERY_SPREAD,91
2019-06-28 12:55:00.000000000,BEST_BID,"JPM,100040,312"
2019-06-28 12:55:00.000000000,BEST_ASK,"JPM,100311,380"
2019-06-28 12:55:00.000000000,LAST_TRADE,"8,$100040.0000"
2019-06-28 12:55:00.000000000,QUERY_SPREAD,92
2019-06-28 12:55:00.000000000,BEST_BID,"JPM,100040,307"
2019-06-28 12:55:00.000000000,BEST_ASK,"JPM,100311,380"
2019-06-28 12:55:00.000000000,LAST_TRADE,"5,$100040.0000"
2019-06-28 12:55:00.000000000,QUERY_SPREAD,93
2019-06-28 12:55:00.000000000,BEST_BID,"JPM,100040,304"
2019-06-28 12:55:00.000000000,BEST_ASK,"JPM,100311,380"
2019-06-28 12:55:00.000000000,LAST_TRADE,"3,$100040.0000"
2019-06-28 12:55:00.000000000,QUERY_SPREAD,94
2019-06-28 12:55:00.000000000,BEST_BID,"JPM,100040,300"
2019-06-28 12:55:00.000000000,BEST_ASK,"JPM,100311,380"
2019-06-28 12:55:00.000000000,LAST_TRADE,"4,$100040.0000"
2019-06-28 12:55:00.000000000,QUERY_SPREAD,95
2019-06-28 12:55:00.000000000,BEST_BID,"JPM,100040,295"
2019-06-28 12:55:00.000000000,BEST_ASK,"JPM,100311,380"
2019-06-28 12:55:00.000000000,LAST_TRADE,"5,$100040.0000"
2019-06-28 12:55:00.000000000,QUERY_SPREAD,96
2019-06-28 12:55:00.000000000,BEST_BID,"JPM,100040,294"
2019-06-28 12:55:00.000000000,BEST_ASK,"JPM,100311,380"
2019-06-28 12:55:00.000000000,LAST_TRADE,"1,$100040.0000"
2019-06-28 12:55:00.000000000,QUERY_SPREAD,97
2019-06-28 12:55:00.000000000,BEST_BID,"JPM,100040,287"
2019-06-28 12:55:00.000000000,BEST_ASK,"JPM,100311,380"
2019-06-28 12:55:00.000000000,LAST_TRADE,"7,$100040.0000"
2019-06-28 12:55:00.000000000,QUERY_SPREAD,98
2019-06-28 12:55:00.000000000,BEST_BID,"JPM,100040,281"
2019-06-28 12:55:00.000000000,BEST_ASK,"JPM,100311,380"
2019-06-28 12:55:00.000000000,LAST_TRADE,"6,$100040.0000"
2019-06-28 12:55:00.000000000,QUERY_SPREAD,99
2019-06-28 12:55:00.000000000,BEST_BID,"JPM,100040,276"
2019-06-28 12:55:00.000000000,BEST_ASK,"JPM,100311,380"
2019-06-28 12:55:00.000000000,LAST_TRADE,"5,$100040.0000"
2019-06-28 12:55:00.000000000,QUERY_SPREAD,100
2019-06-28 12:55:00.000000000,BEST_BID,"JPM,100040,269"
2019-06-28 12:55:00.000000000,BEST_ASK,"JPM,100311,380"
2019-06-28 12:55:00.000000000,LAST_TRADE,"7,$100040.0000"
2019-06-28 12:55:00.000000000,QUERY_SPREAD,101
2019-06-28 12:55:00.000000000,QUERY_ORDER_STREAM,101
2019-06-28 12:55:03.890311586,QUERY_SPREAD,31
2019-06-28 12:55:03.890311586,BEST_BID,"JPM,100040,269"
2019-06-28 12:55:03.890311586,BEST_ASK,"JPM,100133,100"
2019-06-28 12:55:05.361152430,QUERY_ORDER_STREAM,56
2019-06-28 12:55:05.361152430,QUERY_SPREAD,56
2019-06-28 12:55:10.000000000,QUERY_SPREAD,1
2019-06-28 12:55:10.000000000,BEST_BID,"JPM,100025,156"
2019-06-28 12:55:10.000000000,BEST_ASK,"JPM,100133,100"
2019-06-28 12:55:10.000000000,BEST_BID,"JPM,100025,156"
2019-06-28 12:55:10.000000000,BEST_ASK,"JPM,100133,100"
2019-06-28 12:55:10.000000000,BEST_BID,"JPM,100025,156"
2019-06-28 12:55:10.000000000,BEST_ASK,"JPM,100133,100"
2019-06-28 12:55:10.000000000,BEST_BID,"JPM,100025,156"
2019-06-28 12:55:10.000000000,BEST_ASK,"JPM,100133,100"
2019-06-28 12:55:10.000000000,BEST_BID,"JPM,100025,156"
2019-06-28 12:55:10.000000000,BEST_ASK,"JPM,100133,100"
2019-06-28 12:55:10.000000000,BEST_BID,"JPM,100025,156"
2019-06-28 12:55:10.000000000,BEST_ASK,"JPM,100133,156"
2019-06-28 12:55:10.000000000,BEST_BID,"JPM,100025,156"
2019-06-28 12:55:10.000000000,BEST_ASK,"JPM,100133,156"
2019-06-28 12:55:10.000000000,BEST_BID,"JPM,100025,156"
2019-06-28 12:55:10.000000000,BEST_ASK,"JPM,100133,156"
2019-06-28 12:55:10.000000000,BEST_BID,"JPM,100025,156"
2019-06-28 12:55:10.000000000,BEST_ASK,"JPM,100133,156"
2019-06-28 12:55:10.000000000,BEST_BID,"JPM,100025,156"
2019-06-28 12:55:10.000000000,BEST_ASK,"JPM,100133,156"
2019-06-28 12:55:13.117690941,QUERY_SPREAD,24
2019-06-28 12:55:13.117690941,BEST_BID,"JPM,100025,156"
2019-06-28 12:55:13.117690941,BEST_ASK,"JPM,100133,156"
2019-06-28 12:55:15.608154869,QUERY_SPREAD,10
2019-06-28 12:55:15.608154869,BEST_BID,"JPM,100025,156"
2019-06-28 12:55:15.608154869,BEST_ASK,"JPM,100133,156"
2019-06-28 12:55:20.000000000,QUERY_SPREAD,1
2019-06-28 12:55:20.000000000,BEST_BID,"JPM,100025,380"
2019-06-28 12:55:20.000000000,BEST_ASK,"JPM,100133,100"
2019-06-28 12:55:20.000000000,BEST_BID,"JPM,100025,380"
2019-06-28 12:55:20.000000000,BEST_ASK,"JPM,100133,380"
2019-06-28 12:55:30.000000000,QUERY_SPREAD,1
2019-06-28 12:55:30.000000000,BEST_BID,"JPM,100025,170"
2019-06-28 12:55:30.000000000,BEST_ASK,"JPM,100133,100"
2019-06-28 12:55:30.000000000,BEST_BID,"JPM,100025,170"
2019-06-28 12:55:30.000000000,BEST_ASK,"JPM,100133,100"
2019-06-28 12:55:30.000000000,BEST_BID,"JPM,100025,170"
2019-06-28 12:55:30.000000000,BEST_ASK,"JPM,100133,100"
2019-06-28 12:55:30.000000000,BEST_BID,"JPM,100025,170"
2019-06-28 12:55:30.000000000,BEST_ASK,"JPM,100133,100"
2019-06-28 12:55:30.000000000,BEST_BID,"JPM,100025,170"
2019-06-28 12:55:30.000000000,BEST_ASK,"JPM,100133,170"
2019-06-28 12:55:30.000000000,BEST_BID,"JPM,100025,170"
2019-06-28 12:55:30.000000000,BEST_ASK,"JPM,100133,170"
2019-06-28 12:55:30.000000000,BEST_BID,"JPM,100025,170"
2019-06-28 12:55:30.000000000,BEST_ASK,"JPM,100133,170"
2019-06-28 12:55:30.000000000,BEST_BID,"JPM,100025,170"
2019-06-28 12:55:30.000000000,BEST_ASK,"JPM,100133,170"
2019-06-28 12:55:40.000000000,QUERY_SPREAD,1
2019-06-28 12:55:40.000000000,BEST_BID,"JPM,100025,240"
2019-06-28 12:55:40.000000000,BEST_ASK,"JPM,100133,100"
2019-06-28 12:55:40.000000000,BEST_BID,"JPM,100025,240"
2019-06-28 12:55:40.000000000,BEST_ASK,"JPM,100133,100"
2019-06-28 12:55:40.000000000,BEST_BID,"JPM,100025,240"
2019-06-28 12:55:40.000000000,BEST_ASK,"JPM,100133,240"
2019-06-28 12:55:40.000000000,BEST_BID,"JPM,100025,240"
2019-06-28 12:55:40.000000000,BEST_ASK,"JPM,100133,240"
2019-06-28 12:55:44.504164763,QUERY_SPREAD,51
2019-06-28 12:55:44.504164763,BEST_BID,"JPM,100025,140"
2019-06-28 12:55:44.504164763,BEST_ASK,"JPM,100133,240"
2019-06-28 12:55:44.504164763,LAST_TRADE,"100,$100025.0000"
2019-06-28 12:55:50.000000000,QUERY_SPREAD,1
2019-06-28 12:55:50.000000000,BEST_BID,"JPM,100021,240"
2019-06-28 12:55:50.000000000,BEST_ASK,"JPM,100133,100"
2019-06-28 12:55:50.000000000,BEST_BID,"JPM,100021,240"
2019-06-28 12:55:50.000000000,BEST_ASK,"JPM,100133,100"
2019-06-28 12:55:50.000000000,BEST_BID,"JPM,100021,240"
2019-06-28 12:55:50.000000000,BEST_ASK,"JPM,100133,240"
2019-06-28 12:55:50.000000000,BEST_BID,"JPM,100021,240"
2019-06-28 12:55:50.000000000,BEST_ASK,"JPM,100133,240"
2019-06-28 12:55:53.806535820,QUERY_SPREAD,42
2019-06-28 12:55:53.806535820,BEST_BID,"JPM,100021,140"
2019-06-28 12:55:53.806535820,BEST_ASK,"JPM,100133,240"
2019-06-28 12:55:53.806535820,LAST_TRADE,"100,$100021.0000"
2019-06-28 12:56:00.000000000,QUERY_SPREAD,1
2019-06-28 12:56:00.000000000,BEST_BID,"JPM,99910,240"
2019-06-28 12:56:00.000000000,BEST_ASK,"JPM,100133,100"
2019-06-28 12:56:00.000000000,BEST_BID,"JPM,99910,240"
2019-06-28 12:56:00.000000000,BEST_ASK,"JPM,100133,100"
2019-06-28 12:56:00.000000000,BEST_BID,"JPM,99910,240"
2019-06-28 12:56:00.000000000,BEST_ASK,"JPM,100133,240"
2019-06-28 12:56:00.000000000,BEST_BID,"JPM,99910,240"
2019-06-28 12:56:00.000000000,BEST_ASK,"JPM,100133,240"
2019-06-28 12:56:00.000000000,QUERY_SPREAD,77
2019-06-28 12:56:00.000000000,BEST_BID,"JPM,99910,239"
2019-06-28 12:56:00.000000000,BEST_ASK,"JPM,100133,240"
2019-06-28 12:56:00.000000000,LAST_TRADE,"1,$99910.0000"
2019-06-28 12:56:00.000000000,QUERY_SPREAD,78
2019-06-28 12:56:00.000000000,BEST_BID,"JPM,99910,235"
2019-06-28 12:56:00.000000000,BEST_ASK,"JPM,100133,240"
2019-06-28 12:56:00.000000000,LAST_TRADE,"4,$99910.0000"
2019-06-28 12:56:00.000000000,QUERY_SPREAD,79
2019-06-28 12:56:00.000000000,BEST_BID,"JPM,99910,229"
2019-06-28 12:56:00.000000000,BEST_ASK,"JPM,100133,240"
2019-06-28 12:56:00.000000000,LAST_TRADE,"6,$99910.0000"
2019-06-28 12:56:00.000000000,QUERY_SPREAD,80
2019-06-28 12:56:00.000000000,BEST_BID,"JPM,99910,224"
2019-06-28 12:56:00.000000000,BEST_ASK,"JPM,100133,240"
2019-06-28 12:56:00.000000000,LAST_TRADE,"5,$99910.0000"
2019-06-28 12:56:00.000000000,QUERY_SPREAD,81
2019-06-28 12:56:00.000000000,BEST_BID,"JPM,99910,216"
2019-06-28 12:56:00.000000000,BEST_ASK,"JPM,100133,240"
2019-06-28 12:56:00.000000000,LAST_TRADE,"8,$99910.0000"
2019-06-28 12:56:00.000000000,QUERY_SPREAD,82
2019-06-28 12:56:00.000000000,BEST_BID,"JPM,99910,208"
2019-06-28 12:56:00.000000000,BEST_ASK,"JPM,100133,240"
2019-06-28 12:56:00.000000000,LAST_TRADE,"8,$99910.0000"
2019-06-28 12:56:00.000000000,QUERY_SPREAD,83
2019-06-28 12:56:00.000000000,BEST_BID,"JPM,99910,206"
2019-06-28 12:56:00.000000000,BEST_ASK,"JPM,100133,240"
2019-06-28 12:56:00.000000000,LAST_TRADE,"2,$99910.0000"
2019-06-28 12:56:00.000000000,QUERY_SPREAD,84
2019-06-28 12:56:00.000000000,BEST_BID,"JPM,99910,205"
2019-06-28 12:56:00.000000000,BEST_ASK,"JPM,100133,240"
2019-06-28 12:56:00.000000000,LAST_TRADE,"1,$99910.0000"
2019-06-28 12:56:00.000000000,QUERY_SPREAD,85
2019-06-28 12:56:00.000000000,BEST_BID,"JPM,99910,204"
2019-06-28 12:56:00.000000000,BEST_ASK,"JPM,100133,240"
2019-06-28 12:56:00.000000000,LAST_TRADE,"1,$99910.0000"
2019-06-28 12:56:00.000000000,QUERY_SPREAD,86
2019-06-28 12:56:00.000000000,BEST_BID,"JPM,99910,198"
2019-06-28 12:56:00.000000000,BEST_ASK,"JPM,100133,240"
2019-06-28 12:56:00.000000000,LAST_TRADE,"6,$99910.0000"
2019-06-28 12:56:00.000000000,QUERY_SPREAD,87
2019-06-28 12:56:00.000000000,BEST_BID,"JPM,99910,195"
2019-06-28 12:56:00.000000000,BEST_ASK,"JPM,100133,240"
2019-06-28 12:56:00.000000000,LAST_TRADE,"3,$99910.0000"
2019-06-28 12:56:00.000000000,QUERY_SPREAD,88
2019-06-28 12:56:00.000000000,BEST_BID,"JPM,99910,191"
2019-06-28 12:56:00.000000000,BEST_ASK,"JPM,100133,240"
2019-06-28 12:56:00.000000000,LAST_TRADE,"4,$99910.0000"
2019-06-28 12:56:00.000000000,QUERY_SPREAD,89
2019-06-28 12:56:00.000000000,BEST_BID,"JPM,99910,187"
2019-06-28 12:56:00.000000000,BEST_ASK,"JPM,100133,240"
2019-06-28 12:56:00.000000000,LAST_TRADE,"4,$99910.0000"
2019-06-28 12:56:00.000000000,QUERY_SPREAD,90
2019-06-28 12:56:00.000000000,BEST_BID,"JPM,99910,180"
2019-06-28 12:56:00.000000000,BEST_ASK,"JPM,100133,240"
2019-06-28 12:56:00.000000000,LAST_TRADE,"7,$99910.0000"
2019-06-28 12:56:00.000000000,QUERY_SPREAD,91
2019-06-28 12:56:00.000000000,BEST_BID,"JPM,99910,172"
2019-06-28 12:56:00.000000000,BEST_ASK,"JPM,100133,240"
2019-06-28 12:56:00.000000000,LAST_TRADE,"8,$99910.0000"
2019-06-28 12:56:00.000000000,QUERY_SPREAD,92
2019-06-28 12:56:00.000000000,BEST_BID,"JPM,99910,167"
2019-06-28 12:56:00.000000000,BEST_ASK,"JPM,100133,240"
2019-06-28 12:56:00.000000000,LAST_TRADE,"5,$99910.0000"
2019-06-28 12:56:00.000000000,QUERY_SPREAD,93
2019-06-28 12:56:00.000000000,BEST_BID,"JPM,99910,164"
2019-06-28 12:56:00.000000000,BEST_ASK,"JPM,100133,240"
2019-06-28 12:56:00.000000000,LAST_TRADE,"3,$99910.0000"
2019-06-28 12:56:00.000000000,QUERY_SPREAD,94
2019-06-28 12:56:00.000000000,BEST_BID,"JPM,99910,160"
2019-06-28 12:56:00.000000000,BEST_ASK,"JPM,100133,240"
2019-06-28 12:56:00.000000000,LAST_TRADE,"4,$99910.0000"
2019-06-28 12:56:00.000000000,QUERY_SPREAD,95
2019-06-28 12:56:00.000000000,BEST_BID,"JPM,99910,155"
2019-06-28 12:56:00.000000000,BEST_ASK,"JPM,100133,240"
2019-06-28 12:56:00.000000000,LAST_TRADE,"5,$99910.0000"
2019-06-28 12:56:00.000000000,QUERY_SPREAD,96
2019-06-28 12:56:00.000000000,BEST_BID,"JPM,99910,154"
2019-06-28 12:56:00.000000000,BEST_ASK,"JPM,100133,240"
2019-06-28 12:56:00.000000000,LAST_TRADE,"1,$99910.0000"
2019-06-28 12:56:00.000000000,QUERY_SPREAD,97
2019-06-28 12:56:00.000000000,BEST_BID,"JPM,99910,147"
2019-06-28 12:56:00.000000000,BEST_ASK,"JPM,100133,240"
2019-06-28 12:56:00.000000000,LAST_TRADE,"7,$99910.0000"
2019-06-28 12:56:00.000000000,QUERY_SPREAD,98
2019-06-28 12:56:00.000000000,BEST_BID,"JPM,99910,141"
2019-06-28 12:56:00.000000000,BEST_ASK,"JPM,100133,240"
2019-06-28 12:56:00.000000000,LAST_TRADE,"6,$99910.0000"
2019-06-28 12:56:00.000000000,QUERY_SPREAD,99
2019-06-28 12:56:00.000000000,BEST_BID,"JPM,99910,136"
2019-06-28 12:56:00.000000000,BEST_ASK,"JPM,100133,240"
2019-06-28 12:56:00.000000000,LAST_TRADE,"5,$99910.0000"
2019-06-28 12:56:00.000000000,QUERY_SPREAD,100
2019-06-28 12:56:00.000000000,BEST_BID,"JPM,99910,129"
2019-06-28 12:56:00.000000000,BEST_ASK,"JPM,100133,240"
2019-06-28 12:56:00.000000000,LAST_TRADE,"7,$99910.0000"
2019-06-28 12:56:00.000000000,QUERY_SPREAD,101
2019-06-28 12:56:00.000000000,QUERY_ORDER_STREAM,101
2019-06-28 12:56:00.000000000,BEST_BID,"JPM,99910,130"
2019-06-28 12:56:00.000000000,BEST_ASK,"JPM,100133,240"
2019-06-28 12:56:10.000000000,QUERY_SPREAD,1
2019-06-28 12:56:10.000000000,BEST_BID,"JPM,99910,57"
2019-06-28 12:56:10.000000000,BEST_ASK,"JPM,100133,100"
2019-06-28 12:56:10.000000000,BEST_BID,"JPM,99910,57"
2019-06-28 12:56:10.000000000,BEST_ASK,"JPM,100133,100"
2019-06-28 12:56:10.000000000,BEST_BID,"JPM,99910,57"
2019-06-28 12:56:10.000000000,BEST_ASK,"JPM,100133,100"
2019-06-28 12:56:10.000000000,BEST_BID,"JPM,99910,57"
2019-06-28 12:56:10.000000000,BEST_ASK,"JPM,100133,100"
2019-06-28 12:56:10.000000000,BEST_BID,"JPM,99910,57"
2019-06-28 12:56:10.000000000,BEST_ASK,"JPM,100133,100"
2019-06-28 12:56:10.000000000,BEST_BID,"JPM,99910,57"
2019-06-28 12:56:10.000000000,BEST_ASK,"JPM,100133,156"
2019-06-28 12:56:10.000000000,BEST_BID,"JPM,99910,57"
2019-06-28 12:56:10.000000000,BEST_ASK,"JPM,100133,156"
2019-06-28 12:56:10.000000000,BEST_BID,"JPM,99910,57"
2019-06-28 12:56:10.000000000,BEST_ASK,"JPM,100133,156"
2019-06-28 12:56:10.000000000,BEST_BID,"JPM,99910,57"
2019-06-28 12:56:10.000000000,BEST_ASK,"JPM,100133,156"
2019-06-28 12:56:10.000000000,BEST_BID,"JPM,99910,57"
2019-06-28 12:56:10.000000000,BEST_ASK,"JPM,100133,156"
2019-06-28 12:56:20.000000000,QUERY_SPREAD,1
2019-06-28 12:56:20.000000000,BEST_BID,"JPM,99910,57"
2019-06-28 12:56:20.000000000,BEST_ASK,"JPM,100133,100"
2019-06-28 12:56:20.000000000,BEST_BID,"JPM,99910,57"
2019-06-28 12:56:20.000000000,BEST_ASK,"JPM,100133,100"
2019-06-28 12:56:20.000000000,BEST_BID,"JPM,99910,57"
2019-06-28 12:56:20.000000000,BEST_ASK,"JPM,100133,100"
2019-06-28 12:56:20.000000000,BEST_BID,"JPM,99910,57"
2019-06-28 12:56:20.000000000,BEST_ASK,"JPM,100133,100"
2019-06-28 12:56:20.000000000,BEST_BID,"JPM,99910,57"
2019-06-28 12:56:20.000000000,BEST_ASK,"JPM,100133,100"
2019-06-28 12:56:20.000000000,BEST_BID,"JPM,99910,57"
2019-06-28 12:56:20.000000000,BEST_ASK,"JPM,100133,156"
2019-06-28 12:56:20.000000000,BEST_BID,"JPM,99910,57"
2019-06-28 12:56:20.000000000,BEST_ASK,"JPM,100133,156"
2019-06-28 12:56:20.000000000,BEST_BID,"JPM,99910,57"
2019-06-28 12:56:20.000000000,BEST_ASK,"JPM,100133,156"
2019-06-28 12:56:20.000000000,BEST_BID,"JPM,99910,57"
2019-06-28 12:56:20.000000000,BEST_ASK,"JPM,100133,156"
2019-06-28 12:56:20.000000000,BEST_BID,"JPM,99910,57"
2019-06-28 12:56:20.000000000,BEST_ASK,"JPM,100133,156"
2019-06-28 12:56:30.000000000,QUERY_SPREAD,1
2019-06-28 12:56:30.000000000,BEST_BID,"JPM,99910,96"
2019-06-28 12:56:30.000000000,BEST_ASK,"JPM,100133,100"
2019-06-28 12:56:30.000000000,BEST_BID,"JPM,99910,96"
2019-06-28 12:56:30.000000000,BEST_ASK,"JPM,100133,100"
2019-06-28 12:56:30.000000000,BEST_BID,"JPM,99910,96"
2019-06-28 12:56:30.000000000,BEST_ASK,"JPM,100133,100"
2019-06-28 12:56:30.000000000,BEST_BID,"JPM,99910,96"
2019-06-28 12:56:30.000000000,BEST_ASK,"JPM,100133,195"
2019-06-28 12:56:30.000000000,BEST_BID,"JPM,99910,96"
2019-06-28 12:56:30.000000000,BEST_ASK,"JPM,100133,195"
2019-06-28 12:56:30.000000000,BEST_BID,"JPM,99910,96"
2019-06-28 12:56:30.000000000,BEST_ASK,"JPM,100133,195"
2019-06-28 12:56:39.272816786,QUERY_SPREAD,41
2019-06-28 12:56:39.272816786,BEST_BID,"JPM,99910,96"
2019-06-28 12:56:39.272816786,BEST_ASK,"JPM,100133,195"
2019-06-28 12:56:40.000000000,QUERY_SPREAD,1
2019-06-28 12:56:40.000000000,BEST_BID,"JPM,99910,57"
2019-06-28 12:56:40.000000000,BEST_ASK,"JPM,100133,100"
2019-06-28 12:56:40.000000000,BEST_BID,"JPM,99910,57"
2019-06-28 12:56:40.000000000,BEST_ASK,"JPM,100133,100"
2019-06-28 12:56:40.000000000,BEST_BID,"JPM,99910,57"
2019-06-28 12:56:40.000000000,BEST_ASK,"JPM,100133,100"
2019-06-28 12:56:40.000000000,BEST_BID,"JPM,99910,57"
2019-06-28 12:56:40.000000000,BEST_ASK,"JPM,100133,100"
2019-06-28 12:56:40.000000000,BEST_BID,"JPM,99910,57"
2019-06-28 12:56:40.000000000,BEST_ASK,"JPM,100133,100"
2019-06-28 12:56:40.000000000,BEST_BID,"JPM,99910,57"
2019-06-28 12:56:40.000000000,BEST_ASK,"JPM,100133,156"
2019-06-28 12:56:40.000000000,BEST_BID,"JPM,99910,57"
2019-06-28 12:56:40.000000000,BEST_ASK,"JPM,100133,156"
2019-06-28 12:56:40.000000000,BEST_BID,"JPM,99910,57"
2019-06-28 12:56:40.000000000,BEST_ASK,"JPM,100133,156"
2019-06-28 12:56:40.000000000,BEST_BID,"JPM,99910,57"
2019-06-28 12:56:40.000000000,BEST_ASK,"JPM,100133,156"
2019-06-28 12:56:40.000000000,BEST_BID,"JPM,99910,57"
2019-06-28 12:56:40.000000000,BEST_ASK,"JPM,100133,156"
2019-06-28 12:56:50.000000000,QUERY_SPREAD,1
2019-06-28 12:56:50.000000000,BEST_BID,"JPM,99910,281"
2019-06-28 12:56:50.000000000,BEST_ASK,"JPM,100133,100"
2019-06-28 12:56:50.000000000,BEST_BID,"JPM,99910,281"
2019-06-28 12:56:50.000000000,BEST_ASK,"JPM,100133,380"
2019-06-28 12:57:00.000000000,QUERY_SPREAD,1
2019-06-28 12:57:00.000000000,BEST_BID,"JPM,99910,96"
2019-06-28 12:57:00.000000000,BEST_ASK,"JPM,100133,100"
2019-06-28 12:57:00.000000000,BEST_BID,"JPM,99910,96"
2019-06-28 12:57:00.000000000,BEST_ASK,"JPM,100133,100"
2019-06-28 12:57:00.000000000,BEST_BID,"JPM,99910,96"
2019-06-28 12:57:00.000000000,BEST_ASK,"JPM,100133,100"
2019-06-28 12:57:00.000000000,BEST_BID,"JPM,99910,96"
2019-06-28 12:57:00.000000000,BEST_ASK,"JPM,100133,195"
2019-06-28 12:57:00.000000000,BEST_BID,"JPM,99910,96"
2019-06-28 12:57:00.000000000,BEST_ASK,"JPM,100133,195"
2019-06-28 12:57:00.000000000,BEST_BID,"JPM,99910,96"
2019-06-28 12:57:00.000000000,BEST_ASK,"JPM,100133,195"
2019-06-28 12:57:00.000000000,QUERY_SPREAD,77
2019-06-28 12:57:00.000000000,BEST_BID,"JPM,99910,95"
2019-06-28 12:57:00.000000000,BEST_ASK,"JPM,100133,195"
2019-06-28 12:57:00.000000000,LAST_TRADE,"1,$99910.0000"
2019-06-28 12:57:00.000000000,QUERY_SPREAD,78
2019-06-28 12:57:00.000000000,BEST_BID,"JPM,99910,91"
2019-06-28 12:57:00.000000000,BEST_ASK,"JPM,100133,195"
2019-06-28 12:57:00.000000000,LAST_TRADE,"4,$99910.0000"
2019-06-28 12:57:00.000000000,QUERY_SPREAD,79
2019-06-28 12:57:00.000000000,BEST_BID,"JPM,99910,85"
2019-06-28 12:57:00.000000000,BEST_ASK,"JPM,100133,195"
2019-06-28 12:57:00.000000000,LAST_TRADE,"6,$99910.0000"
2019-06-28 12:57:00.000000000,QUERY_SPREAD,80
2019-06-28 12:57:00.000000000,BEST_BID,"JPM,99910,80"
2019-06-28 12:57:00.000000000,BEST_ASK,"JPM,100133,195"
2019-06-28 12:57:00.000000000,LAST_TRADE,"5,$99910.0000"
2019-06-28 12:57:00.000000000,QUERY_SPREAD,81
2019-06-28 12:57:00.000000000,BEST_BID,"JPM,99910,72"
2019-06-28 12:57:00.000000000,BEST_ASK,"JPM,100133,195"
2019-06-28 12:57:00.000000000,LAST_TRADE,"8,$99910.0000"
2019-06-28 12:57:00.000000000,QUERY_SPREAD,82
2019-06-28 12:57:00.000000000,BEST_BID,"JPM,99910,64"
2019-06-28 12:57:00.000000000,BEST_ASK,"JPM,100133,195"
2019-06-28 12:57:00.000000000,LAST_TRADE,"8,$99910.0000"
2019-06-28 12:57:00.000000000,QUERY_SPREAD,83
2019-06-28 12:57:00.000000000,BEST_BID,"JPM,99910,62"
2019-06-28 12:57:00.000000000,BEST_ASK,"JPM,100133,195"
2019-06-28 12:57:00.000000000,LAST_TRADE,"2,$99910.0000"
2019-06-28 12:57:00.000000000,QUERY_SPREAD,84
2019-06-28 12:57:00.000000000,BEST_BID,"JPM,99910,61"
2019-06-28 12:57:00.000000000,BEST_ASK,"JPM,100133,195"
2019-06-28 12:57:00.000000000,LAST_TRADE,"1,$99910.0000"
2019-06-28 12:57:00.000000000,QUERY_SPREAD,85
2019-06-28 12:57:00.000000000,BEST_BID,"JPM,99910,60"
2019-06-28 12:57:00.000000000,BEST_ASK,"JPM,100133,195"
2019-06-28 12:57:00.000000000,LAST_TRADE,"1,$99910.0000"
2019-06-28 12:57:00.000000000,QUERY_SPREAD,86
2019-06-28 12:57:00.000000000,BEST_BID,"JPM,99910,54"
2019-06-28 12:57:00.000000000,BEST_ASK,"JPM,100133,195"
2019-06-28 12:57:00.000000000,LAST_TRADE,"6,$99910.0000"
2019-06-28 12:57:00.000000000,QUERY_SPREAD,87
2019-06-28 12:57:00.000000000,BEST_BID,"JPM,99910,51"
2019-06-28 12:57:00.000000000,BEST_ASK,"JPM,100133,195"
2019-06-28 12:57:00.000000000,LAST_TRADE,"3,$99910.0000"
2019-06-28 12:57:00.000000000,QUERY_SPREAD,88
2019-06-28 12:57:00.000000000,BEST_BID,"JPM,99910,47"
2019-06-28 12:57:00.000000000,BEST_ASK,"JPM,100133,195"
2019-06-28 12:57:00.000000000,LAST_TRADE,"4,$99910.0000"
2019-06-28 12:57:00.000000000,QUERY_SPREAD,89
2019-06-28 12:57:00.000000000,BEST_BID,"JPM,99910,43"
2019-06-28 12:57:00.000000000,BEST_ASK,"JPM,100133,195"
2019-06-28 12:57:00.000000000,LAST_TRADE,"4,$99910.0000"
2019-06-28 12:57:00.000000000,QUERY_SPREAD,90
2019-06-28 12:57:00.000000000,BEST_BID,"JPM,99910,36"
2019-06-28 12:57:00.000000000,BEST_ASK,"JPM,100133,195"
2019-06-28 12:57:00.000000000,LAST_TRADE,"7,$99910.0000"
2019-06-28 12:57:00.000000000,QUERY_SPREAD,91
2019-06-28 12:57:00.000000000,BEST_BID,"JPM,99910,28"
2019-06-28 12:57:00.000000000,BEST_ASK,"JPM,100133,195"
2019-06-28 12:57:00.000000000,LAST_TRADE,"8,$99910.0000"
2019-06-28 12:57:00.000000000,QUERY_SPREAD,92
2019-06-28 12:57:00.000000000,BEST_BID,"JPM,99910,23"
2019-06-28 12:57:00.000000000,BEST_ASK,"JPM,100133,195"
2019-06-28 12:57:00.000000000,LAST_TRADE,"5,$99910.0000"
2019-06-28 12:57:00.000000000,QUERY_SPREAD,93
2019-06-28 12:57:00.000000000,BEST_BID,"JPM,99910,20"
2019-06-28 12:57:00.000000000,BEST_ASK,"JPM,100133,195"
2019-06-28 12:57:00.000000000,LAST_TRADE,"3,$99910.0000"
2019-06-28 12:57:00.000000000,QUERY_SPREAD,94
2019-06-28 12:57:00.000000000,BEST_BID,"JPM,99910,16"
2019-06-28 12:57:00.000000000,BEST_ASK,"JPM,100133,195"
2019-06-28 12:57:00.000000000,LAST_TRADE,"4,$99910.0000"
2019-06-28 12:57:00.000000000,QUERY_SPREAD,95
2019-06-28 12:57:00.000000000,BEST_BID,"JPM,99910,11"
2019-06-28 12:57:00.000000000,BEST_ASK,"JPM,100133,195"
2019-06-28 12:57:00.000000000,LAST_TRADE,"5,$99910.0000"
2019-06-28 12:57:00.000000000,QUERY_SPREAD,96
2019-06-28 12:57:00.000000000,BEST_BID,"JPM,99910,10"
2019-06-28 12:57:00.000000000,BEST_ASK,"JPM,100133,195"
2019-06-28 12:57:00.000000000,LAST_TRADE,"1,$99910.0000"
2019-06-28 12:57:00.000000000,QUERY_SPREAD,97
2019-06-28 12:57:00.000000000,BEST_BID,"JPM,99910,3"
2019-06-28 12:57:00.000000000,BEST_ASK,"JPM,100133,195"
2019-06-28 12:57:00.000000000,LAST_TRADE,"7,$99910.0000"
2019-06-28 12:57:00.000000000,QUERY_SPREAD,98
2019-06-28 12:57:00.000000000,BEST_BID,"JPM,99898,192"
2019-06-28 12:57:00.000000000,BEST_ASK,"JPM,99910,3"
2019-06-28 12:57:00.000000000,LAST_TRADE,"3,$99910.0000"
2019-06-28 12:57:00.000000000,QUERY_SPREAD,99
2019-06-28 12:57:00.000000000,BEST_BID,"JPM,99898,187"
2019-06-28 12:57:00.000000000,BEST_ASK,"JPM,99910,3"
2019-06-28 12:57:00.000000000,LAST_TRADE,"5,$99898.0000"
2019-06-28 12:57:00.000000000,QUERY_SPREAD,100
2019-06-28 12:57:00.000000000,BEST_BID,"JPM,99898,180"
2019-06-28 12:57:00.000000000,BEST_ASK,"JPM,99910,3"
2019-06-28 12:57:00.000000000,LAST_TRADE,"7,$99898.0000"
2019-06-28 12:57:00.000000000,QUERY_SPREAD,101
2019-06-28 12:57:00.000000000,QUERY_ORDER_STREAM,101
2019-06-28 12:57:00.000000000,BEST_BID,"JPM,99898,181"
2019-06-28 12:57:00.000000000,BEST_ASK,"JPM,99910,3"
2019-06-28 12:57:10.000000000,QUERY_SPREAD,1
2019-06-28 12:57:10.000000000,BEST_BID,"JPM,99898,145"
2019-06-28 12:57:10.000000000,BEST_ASK,"JPM,99910,3"
2019-06-28 12:57:10.000000000,BEST_BID,"JPM,99898,145"
2019-06-28 12:57:10.000000000,BEST_ASK,"JPM,99910,3"
2019-06-28 12:57:10.000000000,BEST_BID,"JPM,99898,145"
2019-06-28 12:57:10.000000000,BEST_ASK,"JPM,99910,3"
2019-06-28 12:57:10.000000000,BEST_BID,"JPM,99898,145"
2019-06-28 12:57:10.000000000,BEST_ASK,"JPM,99910,3"
2019-06-28 12:57:10.000000000,BEST_BID,"JPM,99898,145"
2019-06-28 12:57:10.000000000,BEST_ASK,"JPM,99910,3"
2019-06-28 12:57:10.000000000,BEST_BID,"JPM,99898,145"
2019-06-28 12:57:10.000000000,BEST_ASK,"JPM,99910,59"
2019-06-28 12:57:10.000000000,BEST_BID,"JPM,99898,145"
2019-06-28 12:57:10.000000000,BEST_ASK,"JPM,99910,59"
2019-06-28 12:57:10.000000000,BEST_BID,"JPM,99898,145"
2019-06-28 12:57:10.000000000,BEST_ASK,"JPM,99910,59"
2019-06-28 12:57:10.000000000,BEST_BID,"JPM,99898,145"
2019-06-28 12:57:10.000000000,BEST_ASK,"JPM,99910,59"
2019-06-28 12:57:10.000000000,BEST_BID,"JPM,99898,145"
2019-06-28 12:57:10.000000000,BEST_ASK,"JPM,99910,59"
2019-06-28 12:57:12.247830388,QUERY_SPREAD,18
2019-06-28 12:57:12.247830388,BEST_BID,"JPM,99898,145"
2019-06-28 12:57:12.247830388,BEST_ASK,"JPM,99910,59"
2019-06-28 12:57:20.000000000,QUERY_SPREAD,1
2019-06-28 12:57:20.000000000,BEST_BID,"JPM,99898,159"
2019-06-28 12:57:20.000000000,BEST_ASK,"JPM,99910,3"
2019-06-28 12:57:20.000000000,BEST_BID,"JPM,99898,159"
2019-06-28 12:57:20.000000000,BEST_ASK,"JPM,99910,3"
2019-06-28 12:57:20.000000000,BEST_BID,"JPM,99898,159"
2019-06-28 12:57:20.000000000,BEST_ASK,"JPM,99910,3"
2019-06-28 12:57:20.000000000,BEST_BID,"JPM,99898,159"
2019-06-28 12:57:20.000000000,BEST_ASK,"JPM,99910,3"
2019-06-28 12:57:20.000000000,BEST_BID,"JPM,99898,159"
2019-06-28 12:57:20.000000000,BEST_ASK,"JPM,99910,73"
2019-06-28 12:57:20.000000000,BEST_BID,"JPM,99898,159"
2019-06-28 12:57:20.000000000,BEST_ASK,"JPM,99910,73"
2019-06-28 12:57:20.000000000,BEST_BID,"JPM,99898,159"
2019-06-28 12:57:20.000000000,BEST_ASK,"JPM,99910,73"
2019-06-28 12:57:20.000000000,BEST_BID,"JPM,99898,159"
2019-06-28 12:57:20.000000000,BEST_ASK,"JPM,99910,73"
2019-06-28 12:57:30.000000000,QUERY_SPREAD,1
2019-06-28 12:57:30.000000000,BEST_BID,"JPM,99898,229"
2019-06-28 12:57:30.000000000,BEST_ASK,"JPM,99910,3"
2019-06-28 12:57:30.000000000,BEST_BID,"JPM,99898,229"
2019-06-28 12:57:30.000000000,BEST_ASK,"JPM,99910,3"
2019-06-28 12:57:30.000000000,BEST_BID,"JPM,99898,229"
2019-06-28 12:57:30.000000000,BEST_ASK,"JPM,99910,143"
2019-06-28 12:57:30.000000000,BEST_BID,"JPM,99898,229"
2019-06-28 12:57:30.000000000,BEST_ASK,"JPM,99910,143"
2019-06-28 12:57:40.000000000,QUERY_SPREAD,1
2019-06-28 12:57:40.000000000,BEST_BID,"JPM,99898,159"
2019-06-28 12:57:40.000000000,BEST_ASK,"JPM,99910,3"
2019-06-28 12:57:40.000000000,BEST_BID,"JPM,99898,159"
2019-06-28 12:57:40.000000000,BEST_ASK,"JPM,99910,3"
2019-06-28 12:57:40.000000000,BEST_BID,"JPM,99898,159"
2019-06-28 12:57:40.000000000,BEST_ASK,"JPM,99910,3"
2019-06-28 12:57:40.000000000,BEST_BID,"JPM,99898,159"
2019-06-28 12:57:40.000000000,BEST_ASK,"JPM,99910,3"
2019-06-28 12:57:40.000000000,BEST_BID,"JPM,99898,159"
2019-06-28 12:57:40.000000000,BEST_ASK,"JPM,99910,73"
2019-06-28 12:57:40.000000000,BEST_BID,"JPM,99898,159"
2019-06-28 12:57:40.000000000,BEST_ASK,"JPM,99910,73"
2019-06-28 12:57:40.000000000,BEST_BID,"JPM,99898,159"
2019-06-28 12:57:40.000000000,BEST_ASK,"JPM,99910,73"
2019-06-28 12:57:40.000000000,BEST_BID,"JPM,99898,159"
2019-06-28 12:57:40.000000000,BEST_ASK,"JPM,99910,73"
2019-06-28 12:57:47.440896162,QUERY_SPREAD,15
2019-06-28 12:57:47.440896162,BEST_BID,"JPM,99898,159"
2019-06-28 12:57:47.440896162,BEST_ASK,"JPM,99910,73"
2019-06-28 12:57:50.000000000,QUERY_SPREAD,1
2019-06-28 12:57:50.000000000,BEST_BID,"JPM,99898,184"
2019-06-28 12:57:50.000000000,BEST_ASK,"JPM,99910,3"
2019-06-28 12:57:50.000000000,BEST_BID,"JPM,99898,184"
2019-06-28 12:57:50.000000000,BEST_ASK,"JPM,99910,3"
2019-06-28 12:57:50.000000000,BEST_BID,"JPM,99898,184"
2019-06-28 12:57:50.000000000,BEST_ASK,"JPM,99910,3"
2019-06-28 12:57:50.000000000,BEST_BID,"JPM,99898,184"
2019-06-28 12:57:50.000000000,BEST_ASK,"JPM,99910,98"
2019-06-28 12:57:50.000000000,BEST_BID,"JPM,99898,184"
2019-06-28 12:57:50.000000000,BEST_ASK,"JPM,99910,98"
2019-06-28 12:57:50.000000000,BEST_BID,"JPM,99898,184"
2019-06-28 12:57:50.000000000,BEST_ASK,"JPM,99910,98"
2019-06-28 12:57:59.889210399,QUERY_SPREAD,44
2019-06-28 12:57:59.889210399,BEST_BID,"JPM,99898,84"
2019-06-28 12:57:59.889210399,BEST_ASK,"JPM,99910,98"
2019-06-28 12:57:59.889210399,LAST_TRADE,"100,$99898.0000"
2019-06-28 12:58:00.000000000,QUERY_SPREAD,1
2019-06-28 12:58:00.000000000,BEST_BID,"JPM,99858,240"
2019-06-28 12:58:00.000000000,BEST_ASK,"JPM,99910,3"
2019-06-28 12:58:00.000000000,BEST_BID,"JPM,99858,240"
2019-06-28 12:58:00.000000000,BEST_ASK,"JPM,99910,3"
2019-06-28 12:58:00.000000000,BEST_BID,"JPM,99858,240"
2019-06-28 12:58:00.000000000,BEST_ASK,"JPM,99910,143"
2019-06-28 12:58:00.000000000,BEST_BID,"JPM,99858,240"
2019-06-28 12:58:00.000000000,BEST_ASK,"JPM,99910,143"
2019-06-28 12:58:00.000000000,QUERY_SPREAD,77
2019-06-28 12:58:00.000000000,BEST_BID,"JPM,99858,239"
2019-06-28 12:58:00.000000000,BEST_ASK,"JPM,99910,143"
2019-06-28 12:58:00.000000000,LAST_TRADE,"1,$99858.0000"
2019-06-28 12:58:00.000000000,QUERY_SPREAD,78
2019-06-28 12:58:00.000000000,BEST_BID,"JPM,99858,235"
2019-06-28 12:58:00.000000000,BEST_ASK,"JPM,99910,143"
2019-06-28 12:58:00.000000000,LAST_TRADE,"4,$99858.0000"
2019-06-28 12:58:00.000000000,QUERY_SPREAD,79
2019-06-28 12:58:00.000000000,BEST_BID,"JPM,99858,229"
2019-06-28 12:58:00.000000000,BEST_ASK,"JPM,99910,143"
2019-06-28 12:58:00.000000000,LAST_TRADE,"6,$99858.0000"
2019-06-28 12:58:00.000000000,QUERY_SPREAD,80
2019-06-28 12:58:00.000000000,BEST_BID,"JPM,99858,224"
2019-06-28 12:58:00.000000000,BEST_ASK,"JPM,99910,143"
2019-06-28 12:58:00.000000000,LAST_TRADE,"5,$99858.0000"
2019-06-28 12:58:00.000000000,QUERY_SPREAD,81
2019-06-28 12:58:00.000000000,BEST_BID,"JPM,99858,216"
2019-06-28 12:58:00.000000000,BEST_ASK,"JPM,99910,143"
2019-06-28 12:58:00.000000000,LAST_TRADE,"8,$99858.0000"
2019-06-28 12:58:00.000000000,QUERY_SPREAD,82
2019-06-28 12:58:00.000000000,BEST_BID,"JPM,99858,208"
2019-06-28 12:58:00.000000000,BEST_ASK,"JPM,99910,143"
2019-06-28 12:58:00.000000000,LAST_TRADE,"8,$99858.0000"
2019-06-28 12:58:00.000000000,QUERY_SPREAD,83
2019-06-28 12:58:00.000000000,BEST_BID,"JPM,99858,206"
2019-06-28 12:58:00.000000000,BEST_ASK,"JPM,99910,143"
2019-06-28 12:58:00.000000000,LAST_TRADE,"2,$99858.0000"
2019-06-28 12:58:00.000000000,QUERY_SPREAD,84
2019-06-28 12:58:00.000000000,BEST_BID,"JPM,99858,205"
2019-06-28 12:58:00.000000000,BEST_ASK,"JPM,99910,143"
2019-06-28 12:58:00.000000000,LAST_TRADE,"1,$99858.0000"
2019-06-28 12:58:00.000000000,QUERY_SPREAD,85
2019-06-28 12:58:00.000000000,BEST_BID,"JPM,99858,204"
2019-06-28 12:58:00.000000000,BEST_ASK,"JPM,99910,143"
2019-06-28 12:58:00.000000000,LAST_TRADE,"1,$99858.0000"
2019-06-28 12:58:00.000000000,QUERY_SPREAD,86
2019-06-28 12:58:00.000000000,BEST_BID,"JPM,99858,198"
2019-06-28 12:58:00.000000000,BEST_ASK,"JPM,99910,143"
2019-06-28 12:58:00.000000000,LAST_TRADE,"6,$99858.0000"
2019-06-28 12:58:00.000000000,QUERY_SPREAD,87
2019-06-28 12:58:00.000000000,BEST_BID,"JPM,99858,195"
2019-06-28 12:58:00.000000000,BEST_ASK,"JPM,99910,143"
2019-06-28 12:58:00.000000000,LAST_TRADE,"3,$99858.0000"
2019-06-28 12:58:00.000000000,QUERY_SPREAD,88
2019-06-28 12:58:00.000000000,BEST_BID,"JPM,99858,191"
2019-06-28 12:58:00.000000000,BEST_ASK,"JPM,99910,143"
2019-06-28 12:58:00.000000000,LAST_TRADE,"4,$99858.0000"
2019-06-28 12:58:00.000000000,QUERY_SPREAD,89
2019-06-28 12:58:00.000000000,BEST_BID,"JPM,99858,187"
2019-06-28 12:58:00.000000000,BEST_ASK,"JPM,99910,143"
2019-06-28 12:58:00.000000000,LAST_TRADE,"4,$99858.0000"
2019-06-28 12:58:00.000000000,QUERY_SPREAD,90
2019-06-28 12:58:00.000000000,BEST_BID,"JPM,99858,180"
2019-06-28 12:58:00.000000000,BEST_ASK,"JPM,99910,143"
2019-06-28 12:58:00.000000000,LAST_TRADE,"7,$99858.0000"
2019-06-28 12:58:00.000000000,QUERY_SPREAD,91
2019-06-28 12:58:00.000000000,BEST_BID,"JPM,99858,172"
2019-06-28 12:58:00.000000000,BEST_ASK,"JPM,99910,143"
2019-06-28 12:58:00.000000000,LAST_TRADE,"8,$99858.0000"
2019-06-28 12:58:00.000000000,QUERY_SPREAD,92
2019-06-28 12:58:00.000000000,BEST_BID,"JPM,99858,167"
2019-06-28 12:58:00.000000000,BEST_ASK,"JPM,99910,143"
2019-06-28 12:58:00.000000000,LAST_TRADE,"5,$99858.0000"
2019-06-28 12:58:00.000000000,QUERY_SPREAD,93
2019-06-28 12:58:00.000000000,BEST_BID,"JPM,99858,164"
2019-06-28 12:58:00.000000000,BEST_ASK,"JPM,99910,143"
2019-06-28 12:58:00.000000000,LAST_TRADE,"3,$99858.0000"
2019-06-28 12:58:00.000000000,QUERY_SPREAD,94
2019-06-28 12:58:00.000000000,BEST_BID,"JPM,99858,160"
2019-06-28 12:58:00.000000000,BEST_ASK,"JPM,99910,143"
2019-06-28 12:58:00.000000000,LAST_TRADE,"4,$99858.0000"
2019-06-28 12:58:00.000000000,QUERY_SPREAD,95
2019-06-28 12:58:00.000000000,BEST_BID,"JPM,99858,155"
2019-06-28 12:58:00.000000000,BEST_ASK,"JPM,99910,143"
2019-06-28 12:58:00.000000000,LAST_TRADE,"5,$99858.0000"
2019-06-28 12:58:00.000000000,QUERY_SPREAD,96
2019-06-28 12:58:00.000000000,BEST_BID,"JPM,99858,154"
2019-06-28 12:58:00.000000000,BEST_ASK,"JPM,99910,143"
2019-06-28 12:58:00.000000000,LAST_TRADE,"1,$99858.0000"
2019-06-28 12:58:00.000000000,QUERY_SPREAD,97
2019-06-28 12:58:00.000000000,BEST_BID,"JPM,99858,147"
2019-06-28 12:58:00.000000000,BEST_ASK,"JPM,99910,143"
2019-06-28 12:58:00.000000000,LAST_TRADE,"7,$99858.0000"
2019-06-28 12:58:00.000000000,QUERY_SPREAD,98
2019-06-28 12:58:00.000000000,BEST_BID,"JPM,99858,141"
2019-06-28 12:58:00.000000000,BEST_ASK,"JPM,99910,143"
2019-06-28 12:58:00.000000000,LAST_TRADE,"6,$99858.0000"
2019-06-28 12:58:00.000000000,QUERY_SPREAD,99
2019-06-28 12:58:00.000000000,BEST_BID,"JPM,99858,136"
2019-06-28 12:58:00.000000000,BEST_ASK,"JPM,99910,143"
2019-06-28 12:58:00.000000000,LAST_TRADE,"5,$99858.0000"
2019-06-28 12:58:00.000000000,QUERY_SPREAD,100
2019-06-28 12:58:00.000000000,BEST_BID,"JPM,99858,129"
2019-06-28 12:58:00.000000000,BEST_ASK,"JPM,99910,143"
2019-06-28 12:58:00.000000000,LAST_TRADE,"7,$99858.0000"
2019-06-28 12:58:00.000000000,QUERY_SPREAD,101
2019-06-28 12:58:00.000000000,QUERY_ORDER_STREAM,101
2019-06-28 12:58:00.000000000,BEST_BID,"JPM,99858,130"
2019-06-28 12:58:00.000000000,BEST_ASK,"JPM,99910,143"
2019-06-28 12:58:03.341977275,QUERY_SPREAD,21
2019-06-28 12:58:03.341977275,BEST_BID,"JPM,99858,130"
2019-06-28 12:58:03.341977275,BEST_ASK,"JPM,99910,143"
2019-06-28 12:58:10.000000000,QUERY_SPREAD,1
2019-06-28 12:58:10.000000000,BEST_BID,"JPM,99858,96"
2019-06-28 12:58:10.000000000,BEST_ASK,"JPM,99910,3"
2019-06-28 12:58:10.000000000,BEST_BID,"JPM,99858,96"
2019-06-28 12:58:10.000000000,BEST_ASK,"JPM,99910,3"
2019-06-28 12:58:10.000000000,BEST_BID,"JPM,99858,96"
2019-06-28 12:58:10.000000000,BEST_ASK,"JPM,99910,3"
2019-06-28 12:58:10.000000000,BEST_BID,"JPM,99858,96"
2019-06-28 12:58:10.000000000,BEST_ASK,"JPM,99910,98"
2019-06-28 12:58:10.000000000,BEST_BID,"JPM,99858,96"
2019-06-28 12:58:10.000000000,BEST_ASK,"JPM,99910,98"
2019-06-28 12:58:10.000000000,BEST_BID,"JPM,99858,96"
2019-06-28 12:58:10.000000000,BEST_ASK,"JPM,99910,98"
2019-06-28 12:58:15.138985551,QUERY_SPREAD,36
2019-06-28 12:58:15.138985551,BEST_BID,"JPM,99858,96"
2019-06-28 12:58:15.138985551,BEST_ASK,"JPM,99910,98"
2019-06-28 12:58:20.000000000,QUERY_SPREAD,1
2019-06-28 12:58:20.000000000,BEST_BID,"JPM,99858,141"
2019-06-28 12:58:20.000000000,BEST_ASK,"JPM,99910,3"
2019-06-28 12:58:20.000000000,BEST_BID,"JPM,99858,141"
2019-06-28 12:58:20.000000000,BEST_ASK,"JPM,99910,3"
2019-06-28 12:58:20.000000000,BEST_BID,"JPM,99858,141"
2019-06-28 12:58:20.000000000,BEST_ASK,"JPM,99910,143"
2019-06-28 12:58:20.000000000,BEST_BID,"JPM,99858,141"
2019-06-28 12:58:20.000000000,BEST_ASK,"JPM,99910,143"
2019-06-28 12:58:21.235977340,QUERY_SPREAD,31
2019-06-28 12:58:21.235977340,BEST_BID,"JPM,99858,141"
2019-06-28 12:58:21.235977340,BEST_ASK,"JPM,99910,143"
2019-06-28 12:58:30.000000000,QUERY_SPREAD,1
2019-06-28 12:58:30.000000000,BEST_BID,"JPM,99858,71"
2019-06-28 12:58:30.000000000,BEST_ASK,"JPM,99910,3"
2019-06-28 12:58:30.000000000,BEST_BID,"JPM,99858,71"
2019-06-28 12:58:30.000000000,BEST_ASK,"JPM,99910,3"
2019-06-28 12:58:30.000000000,BEST_BID,"JPM,99858,71"
2019-06-28 12:58:30.000000000,BEST_ASK,"JPM,99910,3"
2019-06-28 12:58:30.000000000,BEST_BID,"JPM,99858,71"
2019-06-28 12:58:30.000000000,BEST_ASK,"JPM,99910,3"
2019-06-28 12:58:30.000000000,BEST_BID,"JPM,99858,71"
2019-06-28 12:58:30.000000000,BEST_ASK,"JPM,99910,73"
2019-06-28 12:58:30.000000000,BEST_BID,"JPM,99858,71"
2019-06-28 12:58:30.000000000,BEST_ASK,"JPM,99910,73"
2019-06-28 12:58:30.000000000,BEST_BID,"JPM,99858,71"
2019-06-28 12:58:30.000000000,BEST_ASK,"JPM,99910,73"
2019-06-28 12:58:30.000000000,BEST_BID,"JPM,99858,71"
2019-06-28 12:58:30.000000000,BEST_ASK,"JPM,99910,73"
2019-06-28 12:58:37.725767980,QUERY_ORDER_STREAM,70
2019-06-28 12:58:37.725767980,QUERY_SPREAD,70
2019-06-28 12:58:37.725767980,BEST_BID,"JPM,99823,170"
2019-06-28 12:58:37.725767980,BEST_ASK,"JPM,99858,29"
2019-06-28 12:58:37.725767980,LAST_TRADE,"71,$99858.0000"
2019-06-28 12:58:40.000000000,QUERY_SPREAD,1
2019-06-28 12:58:40.000000000,BEST_BID,"JPM,99823,156"
2019-06-28 12:58:40.000000000,BEST_ASK,"JPM,99858,29"
2019-06-28 12:58:40.000000000,BEST_BID,"JPM,99823,156"
2019-06-28 12:58:40.000000000,BEST_ASK,"JPM,99858,29"
2019-06-28 12:58:40.000000000,BEST_BID,"JPM,99823,156"
2019-06-28 12:58:40.000000000,BEST_ASK,"JPM,99858,29"
2019-06-28 12:58:40.000000000,BEST_BID,"JPM,99823,156"
2019-06-28 12:58:40.000000000,BEST_ASK,"JPM,99858,29"
2019-06-28 12:58:40.000000000,BEST_BID,"JPM,99823,156"
2019-06-28 12:58:40.000000000,BEST_ASK,"JPM,99858,29"
2019-06-28 12:58:40.000000000,BEST_BID,"JPM,99823,156"
2019-06-28 12:58:40.000000000,BEST_ASK,"JPM,99858,85"
2019-06-28 12:58:40.000000000,BEST_BID,"JPM,99823,156"
2019-06-28 12:58:40.000000000,BEST_ASK,"JPM,99858,85"
2019-06-28 12:58:40.000000000,BEST_BID,"JPM,99823,156"
2019-06-28 12:58:40.000000000,BEST_ASK,"JPM,99858,85"
2019-06-28 12:58:40.000000000,BEST_BID,"JPM,99823,156"
2019-06-28 12:58:40.000000000,BEST_ASK,"JPM,99858,85"
2019-06-28 12:58:40.000000000,BEST_BID,"JPM,99823,156"
2019-06-28 12:58:40.000000000,BEST_ASK,"JPM,99858,85"
2019-06-28 12:58:50.000000000,QUERY_SPREAD,1
2019-06-28 12:58:50.000000000,BEST_BID,"JPM,99823,240"
2019-06-28 12:58:50.000000000,BEST_ASK,"JPM,99858,29"
2019-06-28 12:58:50.000000000,BEST_BID,"JPM,99823,240"
2019-06-28 12:58:50.000000000,BEST_ASK,"JPM,99858,29"
2019-06-28 12:58:50.000000000,BEST_BID,"JPM,99823,240"
2019-06-28 12:58:50.000000000,BEST_ASK,"JPM,99858,169"
2019-06-28 12:58:50.000000000,BEST_BID,"JPM,99823,240"
2019-06-28 12:58:50.000000000,BEST_ASK,"JPM,99858,169"
2019-06-28 12:58:55.761512903,QUERY_SPREAD,15
2019-06-28 12:58:55.761512903,BEST_BID,"JPM,99823,240"
2019-06-28 12:58:55.761512903,BEST_ASK,"JPM,99858,169"
2019-06-28 12:59:00.000000000,QUERY_SPREAD,1
2019-06-28 12:59:00.000000000,BEST_BID,"JPM,99823,380"
2019-06-28 12:59:00.000000000,BEST_ASK,"JPM,99858,29"
2019-06-28 12:59:00.000000000,BEST_BID,"JPM,99823,380"
2019-06-28 12:59:00.000000000,BEST_ASK,"JPM,99858,309"
2019-06-28 12:59:00.000000000,QUERY_SPREAD,77
2019-06-28 12:59:00.000000000,BEST_BID,"JPM,99823,379"
2019-06-28 12:59:00.000000000,BEST_ASK,"JPM,99858,309"
2019-06-28 12:59:00.000000000,LAST_TRADE,"1,$99823.0000"
2019-06-28 12:59:00.000000000,QUERY_SPREAD,78
2019-06-28 12:59:00.000000000,BEST_BID,"JPM,99823,375"
2019-06-28 12:59:00.000000000,BEST_ASK,"JPM,99858,309"
2019-06-28 12:59:00.000000000,LAST_TRADE,"4,$99823.0000"
2019-06-28 12:59:00.000000000,QUERY_SPREAD,79
2019-06-28 12:59:00.000000000,BEST_BID,"JPM,99823,369"
2019-06-28 12:59:00.000000000,BEST_ASK,"JPM,99858,309"
2019-06-28 12:59:00.000000000,LAST_TRADE,"6,$99823.0000"
2019-06-28 12:59:00.000000000,QUERY_SPREAD,80
2019-06-28 12:59:00.000000000,BEST_BID,"JPM,99823,364"
2019-06-28 12:59:00.000000000,BEST_ASK,"JPM,99858,309"
2019-06-28 12:59:00.000000000,LAST_TRADE,"5,$99823.0000"
2019-06-28 12:59:00.000000000,QUERY_SPREAD,81
2019-06-28 12:59:00.000000000,BEST_BID,"JPM,99823,356"
2019-06-28 12:59:00.000000000,BEST_ASK,"JPM,99858,309"
2019-06-28 12:59:00.000000000,LAST_TRADE,"8,$99823.0000"
2019-06-28 12:59:00.000000000,QUERY_SPREAD,82
2019-06-28 12:59:00.000000000,BEST_BID,"JPM,99823,348"
2019-06-28 12:59:00.000000000,BEST_ASK,"JPM,99858,309"
2019-06-28 12:59:00.000000000,LAST_TRADE,"8,$99823.0000"
2019-06-28 12:59:00.000000000,QUERY_SPREAD,83
2019-06-28 12:59:00.000000000,BEST_BID,"JPM,99823,346"
2019-06-28 12:59:00.000000000,BEST_ASK,"JPM,99858,309"
2019-06-28 12:59:00.000000000,LAST_TRADE,"2,$99823.0000"
2019-06-28 12:59:00.000000000,QUERY_SPREAD,84
2019-06-28 12:59:00.000000000,BEST_BID,"JPM,99823,345"
2019-06-28 12:59:00.000000000,BEST_ASK,"JPM,99858,309"
2019-06-28 12:59:00.000000000,LAST_TRADE,"1,$99823.0000"
2019-06-28 12:59:00.000000000,QUERY_SPREAD,85
2019-06-28 12:59:00.000000000,BEST_BID,"JPM,99823,344"
2019-06-28 12:59:00.000000000,BEST_ASK,"JPM,99858,309"
2019-06-28 12:59:00.000000000,LAST_TRADE,"1,$99823.0000"
2019-06-28 12:59:00.000000000,QUERY_SPREAD,86
2019-06-28 12:59:00.000000000,BEST_BID,"JPM,99823,338"
2019-06-28 12:59:00.000000000,BEST_ASK,"JPM,99858,309"
2019-06-28 12:59:00.000000000,LAST_TRADE,"6,$99823.0000"
2019-06-28 12:59:00.000000000,QUERY_SPREAD,87
2019-06-28 12:59:00.000000000,BEST_BID,"JPM,99823,335"
2019-06-28 12:59:00.000000000,BEST_ASK,"JPM,99858,309"
2019-06-28 12:59:00.000000000,LAST_TRADE,"3,$99823.0000"
2019-06-28 12:59:00.000000000,QUERY_SPREAD,88
2019-06-28 12:59:00.000000000,BEST_BID,"JPM,99823,331"
2019-06-28 12:59:00.000000000,BEST_ASK,"JPM,99858,309"
2019-06-28 12:59:00.000000000,LAST_TRADE,"4,$99823.0000"
2019-06-28 12:59:00.000000000,QUERY_SPREAD,89
2019-06-28 12:59:00.000000000,BEST_BID,"JPM,99823,327"
2019-06-28 12:59:00.000000000,BEST_ASK,"JPM,99858,309"
2019-06-28 12:59:00.000000000,LAST_TRADE,"4,$99823.0000"
2019-06-28 12:59:00.000000000,QUERY_SPREAD,90
2019-06-28 12:59:00.000000000,BEST_BID,"JPM,99823,320"
2019-06-28 12:59:00.000000000,BEST_ASK,"JPM,99858,309"
2019-06-28 12:59:00.000000000,LAST_TRADE,"7,$99823.0000"
2019-06-28 12:59:00.000000000,QUERY_SPREAD,91
2019-06-28 12:59:00.000000000,BEST_BID,"JPM,99823,312"
2019-06-28 12:59:00.000000000,BEST_ASK,"JPM,99858,309"
2019-06-28 12:59:00.000000000,LAST_TRADE,"8,$99823.0000"
2019-06-28 12:59:00.000000000,QUERY_SPREAD,92
2019-06-28 12:59:00.000000000,BEST_BID,"JPM,99823,307"
2019-06-28 12:59:00.000000000,BEST_ASK,"JPM,99858,309"
2019-06-28 12:59:00.000000000,LAST_TRADE,"5,$99823.0000"
2019-06-28 12:59:00.000000000,QUERY_SPREAD,93
2019-06-28 12:59:00.000000000,BEST_BID,"JPM,99823,304"
2019-06-28 12:59:00.000000000,BEST_ASK,"JPM,99858,309"
2019-06-28 12:59:00.000000000,LAST_TRADE,"3,$99823.0000"
2019-06-28 12:59:00.000000000,QUERY_SPREAD,94
2019-06-28 12:59:00.000000000,BEST_BID,"JPM,99823,300"
2019-06-28 12:59:00.000000000,BEST_ASK,"JPM,99858,309"
2019-06-28 12:59:00.000000000,LAST_TRADE,"4,$99823.0000"
2019-06-28 12:59:00.000000000,QUERY_SPREAD,95
2019-06-28 12:59:00.000000000,BEST_BID,"JPM,99823,295"
2019-06-28 12:59:00.000000000,BEST_ASK,"JPM,99858,309"
2019-06-28 12:59:00.000000000,LAST_TRADE,"5,$99823.0000"
2019-06-28 12:59:00.000000000,QUERY_SPREAD,96
2019-06-28 12:59:00.000000000,BEST_BID,"JPM,99823,294"
2019-06-28 12:59:00.000000000,BEST_ASK,"JPM,99858,309"
2019-06-28 12:59:00.000000000,LAST_TRADE,"1,$99823.0000"
2019-06-28 12:59:00.000000000,QUERY_SPREAD,97
2019-06-28 12:59:00.000000000,BEST_BID,"JPM,99823,287"
2019-06-28 12:59:00.000000000,BEST_ASK,"JPM,99858,309"
2019-06-28 12:59:00.000000000,LAST_TRADE,"7,$99823.0000"
2019-06-28 12:59:00.000000000,QUERY_SPREAD,98
2019-06-28 12:59:00.000000000,BEST_BID,"JPM,99823,281"
2019-06-28 12:59:00.000000000,BEST_ASK,"JPM,99858,309"
2019-06-28 12:59:00.000000000,LAST_TRADE,"6,$99823.0000"
2019-06-28 12:59:00.000000000,QUERY_SPREAD,99
2019-06-28 12:59:00.000000000,BEST_BID,"JPM,99823,276"
2019-06-28 12:59:00.000000000,BEST_ASK,"JPM,99858,309"
2019-06-28 12:59:00.000000000,LAST_TRADE,"5,$99823.0000"
2019-06-28 12:59:00.000000000,QUERY_SPREAD,100
2019-06-28 12:59:00.000000000,BEST_BID,"JPM,99823,269"
2019-06-28 12:59:00.000000000,BEST_ASK,"JPM,99858,309"
2019-06-28 12:59:00.000000000,LAST_TRADE,"7,$99823.0000"
2019-06-28 12:59:00.000000000,QUERY_SPREAD,101
2019-06-28 12:59:00.000000000,QUERY_ORDER_STREAM,101
2019-06-28 12:59:00.000000000,BEST_BID,"JPM,99823,270"
2019-06-28 12:59:00.000000000,BEST_ASK,"JPM,99858,309"
2019-06-28 12:59:03.669414210,QUERY_SPREAD,18
2019-06-28 12:59:03.669414210,BEST_BID,"JPM,99823,270"
2019-06-28 12:59:03.669414210,BEST_ASK,"JPM,99858,309"
2019-06-28 12:59:10.000000000,QUERY_SPREAD,1
2019-06-28 12:59:10.000000000,BEST_BID,"JPM,99823,71"
2019-06-28 12:59:10.000000000,BEST_ASK,"JPM,99858,29"
2019-06-28 12:59:10.000000000,BEST_BID,"JPM,99823,71"
2019-06-28 12:59:10.000000000,BEST_ASK,"JPM,99858,29"
2019-06-28 12:59:10.000000000,BEST_BID,"JPM,99823,71"
2019-06-28 12:59:10.000000000,BEST_ASK,"JPM,99858,29"
2019-06-28 12:59:10.000000000,BEST_BID,"JPM,99823,71"
2019-06-28 12:59:10.000000000,BEST_ASK,"JPM,99858,29"
2019-06-28 12:59:10.000000000,BEST_BID,"JPM,99823,71"
2019-06-28 12:59:10.000000000,BEST_ASK,"JPM,99858,99"
2019-06-28 12:59:10.000000000,BEST_BID,"JPM,99823,71"
2019-06-28 12:59:10.000000000,BEST_ASK,"JPM,99858,99"
2019-06-28 12:59:10.000000000,BEST_BID,"JPM,99823,71"
2019-06-28 12:59:10.000000000,BEST_ASK,"JPM,99858,99"
2019-06-28 12:59:10.000000000,BEST_BID,"JPM,99823,71"
2019-06-28 12:59:10.000000000,BEST_ASK,"JPM,99858,99"
2019-06-28 12:59:18.304258139,QUERY_SPREAD,11
2019-06-28 12:59:18.304258139,BEST_BID,"JPM,99858,1"
2019-06-28 12:59:18.304258139,BEST_ASK,"JPM,99910,73"
2019-06-28 12:59:18.304258139,LAST_TRADE,"99,$99858.0000"
2019-06-28 12:59:20.000000000,QUERY_SPREAD,1
2019-06-28 12:59:20.000000000,BEST_BID,"JPM,99858,96"
2019-06-28 12:59:20.000000000,BEST_ASK,"JPM,99910,3"
2019-06-28 12:59:20.000000000,BEST_BID,"JPM,99858,96"
2019-06-28 12:59:20.000000000,BEST_ASK,"JPM,99910,3"
2019-06-28 12:59:20.000000000,BEST_BID,"JPM,99858,96"
2019-06-28 12:59:20.000000000,BEST_ASK,"JPM,99910,3"
2019-06-28 12:59:20.000000000,BEST_BID,"JPM,99858,96"
2019-06-28 12:59:20.000000000,BEST_ASK,"JPM,99910,98"
2019-06-28 12:59:20.000000000,BEST_BID,"JPM,99858,96"
2019-06-28 12:59:20.000000000,BEST_ASK,"JPM,99910,98"
2019-06-28 12:59:20.000000000,BEST_BID,"JPM,99858,96"
2019-06-28 12:59:20.000000000,BEST_ASK,"JPM,99910,98"
2019-06-28 12:59:30.000000000,QUERY_SPREAD,1
2019-06-28 12:59:30.000000000,BEST_BID,"JPM,99858,141"
2019-06-28 12:59:30.000000000,BEST_ASK,"JPM,99910,3"
2019-06-28 12:59:30.000000000,BEST_BID,"JPM,99858,141"
2019-06-28 12:59:30.000000000,BEST_ASK,"JPM,99910,3"
2019-06-28 12:59:30.000000000,BEST_BID,"JPM,99858,141"
2019-06-28 12:59:30.000000000,BEST_ASK,"JPM,99910,143"
2019-06-28 12:59:30.000000000,BEST_BID,"JPM,99858,141"
2019-06-28 12:59:30.000000000,BEST_ASK,"JPM,99910,143"
2019-06-28 12:59:36.344368357,QUERY_SPREAD,8
2019-06-28 12:59:36.344368357,BEST_BID,"JPM,99858,41"
2019-06-28 12:59:36.344368357,BEST_ASK,"JPM,99910,143"
2019-06-28 12:59:36.344368357,LAST_TRADE,"100,$99858.0000"
2019-06-28 12:59:37.970498856,QUERY_ORDER_STREAM,53
2019-06-28 12:59:37.970498856,QUERY_SPREAD,53
2019-06-28 12:59:40.000000000,QUERY_SPREAD,1
2019-06-28 12:59:40.000000000,BEST_BID,"JPM,99823,141"
2019-06-28 12:59:40.000000000,BEST_ASK,"JPM,99910,3"
2019-06-28 12:59:40.000000000,BEST_BID,"JPM,99823,141"
2019-06-28 12:59:40.000000000,BEST_ASK,"JPM,99910,3"
2019-06-28 12:59:40.000000000,BEST_BID,"JPM,99823,141"
2019-06-28 12:59:40.000000000,BEST_ASK,"JPM,99910,143"
2019-06-28 12:59:40.000000000,BEST_BID,"JPM,99823,141"
2019-06-28 12:59:40.000000000,BEST_ASK,"JPM,99910,143"
2019-06-28 12:59:42.668883421,QUERY_SPREAD,25
2019-06-28 12:59:42.668883421,BEST_BID,"JPM,99823,141"
2019-06-28 12:59:42.668883421,BEST_ASK,"JPM,99910,43"
2019-06-28 12:59:42.668883421,LAST_TRADE,"100,$99910.0000"
2019-06-28 12:59:44.119606712,QUERY_SPREAD,39
2019-06-28 12:59:44.119606712,BEST_BID,"JPM,99823,141"
2019-06-28 12:59:44.119606712,BEST_ASK,"JPM,99910,43"
2019-06-28 12:59:50.000000000,QUERY_SPREAD,1
2019-06-28 12:59:50.000000000,BEST_BID,"JPM,99823,141"
2019-06-28 12:59:50.000000000,BEST_ASK,"JPM,99929,100"
2019-06-28 12:59:50.000000000,BEST_BID,"JPM,99823,141"
2019-06-28 12:59:50.000000000,BEST_ASK,"JPM,99929,100"
2019-06-28 12:59:50.000000000,BEST_BID,"JPM,99823,141"
2019-06-28 12:59:50.000000000,BEST_ASK,"JPM,99929,240"
2019-06-28 12:59:50.000000000,BEST_BID,"JPM,99823,141"
2019-06-28 12:59:50.000000000,BEST_ASK,"JPM,99929,240"
2019-06-28 12:59:57.266992484,QUERY_SPREAD,32
2019-06-28 12:59:57.266992484,BEST_BID,"JPM,99823,141"
2019-06-28 12:59:57.266992484,BEST_ASK,"JPM,99929,240"
2019-06-28 12:59:57.782523160,QUERY_SPREAD,43
2019-06-28 12:59:57.782523160,BEST_BID,"JPM,99823,141"
2019-06-28 12:59:57.782523160,BEST_ASK,"JPM,99929,240"
2019-06-28 13:00:00.000000000,QUERY_SPREAD,1
2019-06-28 13:00:00.000000000,BEST_BID,"JPM,99823,57"
2019-06-28 13:00:00.000000000,BEST_ASK,"JPM,99929,100"
2019-06-28 13:00:00.000000000,BEST_BID,"JPM,99823,57"
2019-06-28 13:00:00.000000000,BEST_ASK,"JPM,99929,100"
2019-06-28 13:00:00.000000000,BEST_BID,"JPM,99823,57"
2019-06-28 13:00:00.000000000,BEST_ASK,"JPM,99929,100"
2019-06-28 13:00:00.000000000,BEST_BID,"JPM,99823,57"
2019-06-28 13:00:00.000000000,BEST_ASK,"JPM,99929,100"
2019-06-28 13:00:00.000000000,BEST_BID,"JPM,99823,57"
2019-06-28 13:00:00.000000000,BEST_ASK,"JPM,99929,100"
2019-06-28 13:00:00.000000000,BEST_BID,"JPM,99823,57"
2019-06-28 13:00:00.000000000,BEST_ASK,"JPM,99929,156"
2019-06-28 13:00:00.000000000,BEST_BID,"JPM,99823,57"
2019-06-28 13:00:00.000000000,BEST_ASK,"JPM,99929,156"
2019-06-28 13:00:00.000000000,BEST_BID,"JPM,99823,57"
2019-06-28 13:00:00.000000000,BEST_ASK,"JPM,99929,156"
2019-06-28 13:00:00.000000000,BEST_BID,"JPM,99823,57"
2019-06-28 13:00:00.000000000,BEST_ASK,"JPM,99929,156"
2019-06-28 13:00:00.000000000,BEST_BID,"JPM,99823,57"
2019-06-28 13:00:00.000000000,BEST_ASK,"JPM,99929,156"
2019-06-28 13:00:00.000000000,QUERY_SPREAD,77
2019-06-28 13:00:00.000000000,BEST_BID,"JPM,99823,56"
2019-06-28 13:00:00.000000000,BEST_ASK,"JPM,99929,156"
2019-06-28 13:00:00.000000000,LAST_TRADE,"1,$99823.0000"
2019-06-28 13:00:00.000000000,QUERY_SPREAD,78
2019-06-28 13:00:00.000000000,BEST_BID,"JPM,99823,52"
2019-06-28 13:00:00.000000000,BEST_ASK,"JPM,99929,156"
2019-06-28 13:00:00.000000000,LAST_TRADE,"4,$99823.0000"
2019-06-28 13:00:00.000000000,QUERY_SPREAD,79
2019-06-28 13:00:00.000000000,BEST_BID,"JPM,99823,46"
2019-06-28 13:00:00.000000000,BEST_ASK,"JPM,99929,156"
2019-06-28 13:00:00.000000000,LAST_TRADE,"6,$99823.0000"
2019-06-28 13:00:00.000000000,QUERY_SPREAD,80
2019-06-28 13:00:00.000000000,BEST_BID,"JPM,99823,41"
2019-06-28 13:00:00.000000000,BEST_ASK,"JPM,99929,156"
2019-06-28 13:00:00.000000000,LAST_TRADE,"5,$99823.0000"
2019-06-28 13:00:00.000000000,QUERY_SPREAD,81
2019-06-28 13:00:00.000000000,BEST_BID,"JPM,99823,33"
2019-06-28 13:00:00.000000000,BEST_ASK,"JPM,99929,156"
2019-06-28 13:00:00.000000000,LAST_TRADE,"8,$99823.0000"
2019-06-28 13:00:00.000000000,QUERY_SPREAD,82
2019-06-28 13:00:00.000000000,BEST_BID,"JPM,99823,25"
2019-06-28 13:00:00.000000000,BEST_ASK,"JPM,99929,156"
2019-06-28 13:00:00.000000000,LAST_TRADE,"8,$99823.0000"
2019-06-28 13:00:00.000000000,QUERY_SPREAD,83
2019-06-28 13:00:00.000000000,BEST_BID,"JPM,99823,23"
2019-06-28 13:00:00.000000000,BEST_ASK,"JPM,99929,156"
2019-06-28 13:00:00.000000000,LAST_TRADE,"2,$99823.0000"
2019-06-28 13:00:00.000000000,QUERY_SPREAD,84
2019-06-28 13:00:00.000000000,BEST_BID,"JPM,99823,22"
2019-06-28 13:00:00.000000000,BEST_ASK,"JPM,99929,156"
2019-06-28 13:00:00.000000000,LAST_TRADE,"1,$99823.0000"
2019-06-28 13:00:00.000000000,QUERY_SPREAD,85
2019-06-28 13:00:00.000000000,BEST_BID,"JPM,99823,21"
2019-06-28 13:00:00.000000000,BEST_ASK,"JPM,99929,156"
2019-06-28 13:00:00.000000000,LAST_TRADE,"1,$99823.0000"
2019-06-28 13:00:00.000000000,QUERY_SPREAD,86
2019-06-28 13:00:00.000000000,BEST_BID,"JPM,99823,15"
2019-06-28 13:00:00.000000000,BEST_ASK,"JPM,99929,156"
2019-06-28 13:00:00.000000000,LAST_TRADE,"6,$99823.0000"
2019-06-28 13:00:00.000000000,QUERY_SPREAD,87
2019-06-28 13:00:00.000000000,BEST_BID,"JPM,99823,12"
2019-06-28 13:00:00.000000000,BEST_ASK,"JPM,99929,156"
2019-06-28 13:00:00.000000000,LAST_TRADE,"3,$99823.0000"
2019-06-28 13:00:00.000000000,QUERY_SPREAD,88
2019-06-28 13:00:00.000000000,BEST_BID,"JPM,99823,8"
2019-06-28 13:00:00.000000000,BEST_ASK,"JPM,99929,156"
2019-06-28 13:00:00.000000000,LAST_TRADE,"4,$99823.0000"
2019-06-28 13:00:00.000000000,QUERY_SPREAD,89
2019-06-28 13:00:00.000000000,BEST_BID,"JPM,99823,4"
2019-06-28 13:00:00.000000000,BEST_ASK,"JPM,99929,156"
2019-06-28 13:00:00.000000000,LAST_TRADE,"4,$99823.0000"
2019-06-28 13:00:00.000000000,QUERY_SPREAD,90
2019-06-28 13:00:00.000000000,BEST_BID,"JPM,99812,156"
2019-06-28 13:00:00.000000000,BEST_ASK,"JPM,99823,3"
2019-06-28 13:00:00.000000000,LAST_TRADE,"4,$99823.0000"
2019-06-28 13:00:00.000000000,QUERY_SPREAD,91
2019-06-28 13:00:00.000000000,BEST_BID,"JPM,99812,148"
2019-06-28 13:00:00.000000000,BEST_ASK,"JPM,99823,3"
2019-06-28 13:00:00.000000000,LAST_TRADE,"8,$99812.0000"
2019-06-28 13:00:00.000000000,QUERY_SPREAD,92
2019-06-28 13:00:00.000000000,BEST_BID,"JPM,99812,143"
2019-06-28 13:00:00.000000000,BEST_ASK,"JPM,99823,3"
2019-06-28 13:00:00.000000000,LAST_TRADE,"5,$99812.0000"
2019-06-28 13:00:00.000000000,QUERY_SPREAD,93
2019-06-28 13:00:00.000000000,BEST_BID,"JPM,99812,140"
2019-06-28 13:00:00.000000000,BEST_ASK,"JPM,99823,3"
2019-06-28 13:00:00.000000000,LAST_TRADE,"3,$99812.0000"
2019-06-28 13:00:00.000000000,QUERY_SPREAD,94
2019-06-28 13:00:00.000000000,BEST_BID,"JPM,99812,136"
2019-06-28 13:00:00.000000000,BEST_ASK,"JPM,99823,3"
2019-06-28 13:00:00.000000000,LAST_TRADE,"4,$99812.0000"
2019-06-28 13:00:00.000000000,QUERY_SPREAD,95
2019-06-28 13:00:00.000000000,BEST_BID,"JPM,99812,131"
2019-06-28 13:00:00.000000000,BEST_ASK,"JPM,99823,3"
2019-06-28 13:00:00.000000000,LAST_TRADE,"5,$99812.0000"
2019-06-28 13:00:00.000000000,QUERY_SPREAD,96
2019-06-28 13:00:00.000000000,BEST_BID,"JPM,99812,130"
2019-06-28 13:00:00.000000000,BEST_ASK,"JPM,99823,3"
2019-06-28 13:00:00.000000000,LAST_TRADE,"1,$99812.0000"
2019-06-28 13:00:00.000000000,QUERY_SPREAD,97
2019-06-28 13:00:00.000000000,BEST_BID,"JPM,99812,123"
2019-06-28 13:00:00.000000000,BEST_ASK,"JPM,99823,3"
2019-06-28 13:00:00.000000000,LAST_TRADE,"7,$99812.0000"
2019-06-28 13:00:00.000000000,QUERY_SPREAD,98
2019-06-28 13:00:00.000000000,BEST_BID,"JPM,99812,117"
2019-06-28 13:00:00.000000000,BEST_ASK,"JPM,99823,3"
2019-06-28 13:00:00.000000000,LAST_TRADE,"6,$99812.0000"
2019-06-28 13:00:00.000000000,QUERY_SPREAD,99
2019-06-28 13:00:00.000000000,BEST_BID,"JPM,99812,112"
2019-06-28 13:00:00.000000000,BEST_ASK,"JPM,99823,3"
2019-06-28 13:00:00.000000000,LAST_TRADE,"5,$99812.0000"
2019-06-28 13:00:00.000000000,QUERY_SPREAD,100
2019-06-28 13:00:00.000000000,BEST_BID,"JPM,99812,105"
2019-06-28 13:00:00.000000000,BEST_ASK,"JPM,99823,3"
2019-06-28 13:00:00.000000000,LAST_TRADE,"7,$99812.0000"
2019-06-28 13:00:00.000000000,QUERY_SPREAD,101
2019-06-28 13:00:00.000000000,QUERY_ORDER_STREAM,101
2019-06-28 13:00:00.000000000,BEST_BID,"JPM,99812,106"
2019-06-28 13:00:00.000000000,BEST_ASK,"JPM,99823,3"
2019-06-28 13:00:10.000000000,QUERY_SPREAD,1
2019-06-28 13:00:10.000000000,BEST_BID,"JPM,99812,330"
2019-06-28 13:00:10.000000000,BEST_ASK,"JPM,99823,3"
2019-06-28 13:00:10.000000000,BEST_BID,"JPM,99812,330"
2019-06-28 13:00:10.000000000,BEST_ASK,"JPM,99823,283"
2019-06-28 13:00:14.914180402,QUERY_SPREAD,7
2019-06-28 13:00:14.914180402,BEST_BID,"JPM,99812,330"
2019-06-28 13:00:14.914180402,BEST_ASK,"JPM,99823,283"
2019-06-28 13:00:20.000000000,QUERY_SPREAD,1
2019-06-28 13:00:20.000000000,BEST_BID,"JPM,99812,330"
2019-06-28 13:00:20.000000000,BEST_ASK,"JPM,99823,3"
2019-06-28 13:00:20.000000000,BEST_BID,"JPM,99812,330"
2019-06-28 13:00:20.000000000,BEST_ASK,"JPM,99823,283"
2019-06-28 13:00:30.000000000,QUERY_SPREAD,1
2019-06-28 13:00:30.000000000,BEST_BID,"JPM,99812,190"
2019-06-28 13:00:30.000000000,BEST_ASK,"JPM,99823,3"
2019-06-28 13:00:30.000000000,BEST_BID,"JPM,99812,190"
2019-06-28 13:00:30.000000000,BEST_ASK,"JPM,99823,3"
2019-06-28 13:00:30.000000000,BEST_BID,"JPM,99812,190"
2019-06-28 13:00:30.000000000,BEST_ASK,"JPM,99823,143"
2019-06-28 13:00:30.000000000,BEST_BID,"JPM,99812,190"
2019-06-28 13:00:30.000000000,BEST_ASK,"JPM,99823,143"
2019-06-28 13:00:32.607713185,QUERY_SPREAD,17
2019-06-28 13:00:32.607713185,BEST_BID,"JPM,99812,190"
2019-06-28 13:00:32.607713185,BEST_ASK,"JPM,99823,143"
2019-06-28 13:00:36.010950956,QUERY_SPREAD,3
2019-06-28 13:00:36.010950956,BEST_BID,"JPM,99812,90"
2019-06-28 13:00:36.010950956,BEST_ASK,"JPM,99823,143"
2019-06-28 13:00:36.010950956,LAST_TRADE,"100,$99812.0000"
2019-06-28 13:00:40.000000000,QUERY_SPREAD,1
2019-06-28 13:00:40.000000000,BEST_BID,"JPM,99694,195"
2019-06-28 13:00:40.000000000,BEST_ASK,"JPM,99823,3"
2019-06-28 13:00:40.000000000,BEST_BID,"JPM,99694,195"
2019-06-28 13:00:40.000000000,BEST_ASK,"JPM,99823,3"
2019-06-28 13:00:40.000000000,BEST_BID,"JPM,99694,195"
2019-06-28 13:00:40.000000000,BEST_ASK,"JPM,99823,3"
2019-06-28 13:00:40.000000000,BEST_BID,"JPM,99694,195"
2019-06-28 13:00:40.000000000,BEST_ASK,"JPM,99823,98"
2019-06-28 13:00:40.000000000,BEST_BID,"JPM,99694,195"
2019-06-28 13:00:40.000000000,BEST_ASK,"JPM,99823,98"
2019-06-28 13:00:40.000000000,BEST_BID,"JPM,99694,195"
2019-06-28 13:00:40.000000000,BEST_ASK,"JPM,99823,98"
2019-06-28 13:00:49.012180780,QUERY_SPREAD,8
2019-06-28 13:00:49.012180780,BEST_BID,"JPM,99694,195"
2019-06-28 13:00:49.012180780,BEST_ASK,"JPM,99823,98"
2019-06-28 13:00:50.000000000,QUERY_SPREAD,1
2019-06-28 13:00:50.000000000,BEST_BID,"JPM,99694,156"
2019-06-28 13:00:50.000000000,BEST_ASK,"JPM,99823,3"
2019-06-28 13:00:50.000000000,BEST_BID,"JPM,99694,156"
2019-06-28 13:00:50.000000000,BEST_ASK,"JPM,99823,3"
2019-06-28 13:00:50.000000000,BEST_BID,"JPM,99694,156"
2019-06-28 13:00:50.000000000,BEST_ASK,"JPM,99823,3"
2019-06-28 13:00:50.000000000,BEST_BID,"JPM,99694,156"
2019-06-28 13:00:50.000000000,BEST_ASK,"JPM,99823,3"
2019-06-28 13:00:50.000000000,BEST_BID,"JPM,99694,156"
2019-06-28 13:00:50.000000000,BEST_ASK,"JPM,99823,3"
2019-06-28 13:00:50.000000000,BEST_BID,"JPM,99694,156"
2019-06-28 13:00:50.000000000,BEST_ASK,"JPM,99823,59"
2019-06-28 13:00:50.000000000,BEST_BID,"JPM,99694,156"
2019-06-28 13:00:50.000000000,BEST_ASK,"JPM,99823,59"
2019-06-28 13:00:50.000000000,BEST_BID,"JPM,99694,156"
2019-06-28 13:00:50.000000000,BEST_ASK,"JPM,99823,59"
2019-06-28 13:00:50.000000000,BEST_BID,"JPM,99694,156"
2019-06-28 13:00:50.000000000,BEST_ASK,"JPM,99823,59"
2019-06-28 13:00:50.000000000,BEST_BID,"JPM,99694,156"
2019-06-28 13:00:50.000000000,BEST_ASK,"JPM,99823,59"
2019-06-28 13:01:00.000000000,QUERY_SPREAD,1
2019-06-28 13:01:00.000000000,BEST_BID,"JPM,99694,195"
2019-06-28 13:01:00.000000000,BEST_ASK,"JPM,99823,3"
2019-06-28 13:01:00.000000000,BEST_BID,"JPM,99694,195"
2019-06-28 13:01:00.000000000,BEST_ASK,"JPM,99823,3"
2019-06-28 13:01:00.000000000,BEST_BID,"JPM,99694,195"
2019-06-28 13:01:00.000000000,BEST_ASK,"JPM,99823,3"
2019-06-28 13:01:00.000000000,BEST_BID,"JPM,99694,195"
2019-06-28 13:01:00.000000000,BEST_ASK,"JPM,99823,98"
2019-06-28 13:01:00.000000000,BEST_BID,"JPM,99694,195"
2019-06-28 13:01:00.000000000,BEST_ASK,"JPM,99823,98"
2019-06-28 13:01:00.000000000,BEST_BID,"JPM,99694,195"
2019-06-28 13:01:00.000000000,BEST_ASK,"JPM,99823,98"
2019-06-28 13:01:00.000000000,QUERY_SPREAD,77
2019-06-28 13:01:00.000000000,BEST_BID,"JPM,99694,194"
2019-06-28 13:01:00.000000000,BEST_ASK,"JPM,99823,98"
2019-06-28 13:01:00.000000000,LAST_TRADE,"1,$99694.0000"
2019-06-28 13:01:00.000000000,QUERY_SPREAD,78
2019-06-28 13:01:00.000000000,BEST_BID,"JPM,99694,190"
2019-06-28 13:01:00.000000000,BEST_ASK,"JPM,99823,98"
2019-06-28 13:01:00.000000000,LAST_TRADE,"4,$99694.0000"
2019-06-28 13:01:00.000000000,QUERY_SPREAD,79
2019-06-28 13:01:00.000000000,BEST_BID,"JPM,99694,184"
2019-06-28 13:01:00.000000000,BEST_ASK,"JPM,99823,98"
2019-06-28 13:01:00.000000000,LAST_TRADE,"6,$99694.0000"
2019-06-28 13:01:00.000000000,QUERY_SPREAD,80
2019-06-28 13:01:00.000000000,BEST_BID,"JPM,99694,179"
2019-06-28 13:01:00.000000000,BEST_ASK,"JPM,99823,98"
2019-06-28 13:01:00.000000000,LAST_TRADE,"5,$99694.0000"
2019-06-28 13:01:00.000000000,QUERY_SPREAD,81
2019-06-28 13:01:00.000000000,BEST_BID,"JPM,99694,171"
2019-06-28 13:01:00.000000000,BEST_ASK,"JPM,99823,98"
2019-06-28 13:01:00.000000000,LAST_TRADE,"8,$99694.0000"
2019-06-28 13:01:00.000000000,QUERY_SPREAD,82
2019-06-28 13:01:00.000000000,BEST_BID,"JPM,99694,163"
2019-06-28 13:01:00.000000000,BEST_ASK,"JPM,99823,98"
2019-06-28 13:01:00.000000000,LAST_TRADE,"8,$99694.0000"
2019-06-28 13:01:00.000000000,QUERY_SPREAD,83
2019-06-28 13:01:00.000000000,BEST_BID,"JPM,99694,161"
2019-06-28 13:01:00.000000000,BEST_ASK,"JPM,99823,98"
2019-06-28 13:01:00.000000000,LAST_TRADE,"2,$99694.0000"
2019-06-28 13:01:00.000000000,QUERY_SPREAD,84
2019-06-28 13:01:00.000000000,BEST_BID,"JPM,99694,160"
2019-06-28 13:01:00.000000000,BEST_ASK,"JPM,99823,98"
2019-06-28 13:01:00.000000000,LAST_TRADE,"1,$99694.0000"
2019-06-28 13:01:00.000000000,QUERY_SPREAD,85
2019-06-28 13:01:00.000000000,BEST_BID,"JPM,99694,159"
2019-06-28 13:01:00.000000000,BEST_ASK,"JPM,99823,98"
2019-06-28 13:01:00.000000000,LAST_TRADE,"1,$99694.0000"
2019-06-28 13:01:00.000000000,QUERY_SPREAD,86
2019-06-28 13:01:00.000000000,BEST_BID,"JPM,99694,153"
2019-06-28 13:01:00.000000000,BEST_ASK,"JPM,99823,98"
2019-06-28 13:01:00.000000000,LAST_TRADE,"6,$99694.0000"
2019-06-28 13:01:00.000000000,QUERY_SPREAD,87
2019-06-28 13:01:00.000000000,BEST_BID,"JPM,99694,150"
2019-06-28 13:01:00.000000000,BEST_ASK,"JPM,99823,98"
2019-06-28 13:01:00.000000000,LAST_TRADE,"3,$99694.0000"
2019-06-28 13:01:00.000000000,QUERY_SPREAD,88
2019-06-28 13:01:00.000000000,BEST_BID,"JPM,99694,146"
2019-06-28 13:01:00.000000000,BEST_ASK,"JPM,99823,98"
2019-06-28 13:01:00.000000000,LAST_TRADE,"4,$99694.0000"
2019-06-28 13:01:00.000000000,QUERY_SPREAD,89
2019-06-28 13:01:00.000000000,BEST_BID,"JPM,99694,142"
2019-06-28 13:01:00.000000000,BEST_ASK,"JPM,99823,98"
2019-06-28 13:01:00.000000000,LAST_TRADE,"4,$99694.0000"
2019-06-28 13:01:00.000000000,QUERY_SPREAD,90
2019-06-28 13:01:00.000000000,BEST_BID,"JPM,99694,135"
2019-06-28 13:01:00.000000000,BEST_ASK,"JPM,99823,98"
2019-06-28 13:01:00.000000000,LAST_TRADE,"7,$99694.0000"
2019-06-28 13:01:00.000000000,QUERY_SPREAD,91
2019-06-28 13:01:00.000000000,BEST_BID,"JPM,99694,127"
2019-06-28 13:01:00.000000000,BEST_ASK,"JPM,99823,98"
2019-06-28 13:01:00.000000000,LAST_TRADE,"8,$99694.0000"
2019-06-28 13:01:00.000000000,QUERY_SPREAD,92
2019-06-28 13:01:00.000000000,BEST_BID,"JPM,99694,122"
2019-06-28 13:01:00.000000000,BEST_ASK,"JPM,99823,98"
2019-06-28 13:01:00.000000000,LAST_TRADE,"5,$99694.0000"
2019-06-28 13:01:00.000000000,QUERY_SPREAD,93
2019-06-28 13:01:00.000000000,BEST_BID,"JPM,99694,119"
2019-06-28 13:01:00.000000000,BEST_ASK,"JPM,99823,98"
2019-06-28 13:01:00.000000000,LAST_TRADE,"3,$99694.0000"
2019-06-28 13:01:00.000000000,QUERY_SPREAD,94
2019-06-28 13:01:00.000000000,BEST_BID,"JPM,99694,115"
2019-06-28 13:01:00.000000000,BEST_ASK,"JPM,99823,98"
2019-06-28 13:01:00.000000000,LAST_TRADE,"4,$99694.0000"
2019-06-28 13:01:00.000000000,QUERY_SPREAD,95
2019-06-28 13:01:00.000000000,BEST_BID,"JPM,99694,110"
2019-06-28 13:01:00.000000000,BEST_ASK,"JPM,99823,98"
2019-06-28 13:01:00.000000000,LAST_TRADE,"5,$99694.0000"
2019-06-28 13:01:00.000000000,QUERY_SPREAD,96
2019-06-28 13:01:00.000000000,BEST_BID,"JPM,99694,109"
2019-06-28 13:01:00.000000000,BEST_ASK,"JPM,99823,98"
2019-06-28 13:01:00.000000000,LAST_TRADE,"1,$99694.0000"
2019-06-28 13:01:00.000000000,QUERY_SPREAD,97
2019-06-28 13:01:00.000000000,BEST_BID,"JPM,99694,102"
2019-06-28 13:01:00.000000000,BEST_ASK,"JPM,99823,98"
2019-06-28 13:01:00.000000000,LAST_TRADE,"7,$99694.0000"
2019-06-28 13:01:00.000000000,QUERY_SPREAD,98
2019-06-28 13:01:00.000000000,BEST_BID,"JPM,99694,96"
2019-06-28 13:01:00.000000000,BEST_ASK,"JPM,99823,98"
2019-06-28 13:01:00.000000000,LAST_TRADE,"6,$99694.0000"
2019-06-28 13:01:00.000000000,QUERY_SPREAD,99
2019-06-28 13:01:00.000000000,BEST_BID,"JPM,99694,91"
2019-06-28 13:01:00.000000000,BEST_ASK,"JPM,99823,98"
2019-06-28 13:01:00.000000000,LAST_TRADE,"5,$99694.0000"
2019-06-28 13:01:00.000000000,QUERY_SPREAD,100
2019-06-28 13:01:00.000000000,BEST_BID,"JPM,99694,84"
2019-06-28 13:01:00.000000000,BEST_ASK,"JPM,99823,98"
2019-06-28 13:01:00.000000000,LAST_TRADE,"7,$99694.0000"
2019-06-28 13:01:00.000000000,QUERY_SPREAD,101
2019-06-28 13:01:00.000000000,QUERY_ORDER_STREAM,101
2019-06-28 13:01:00.000000000,BEST_BID,"JPM,99694,85"
2019-06-28 13:01:00.000000000,BEST_ASK,"JPM,99823,98"
2019-06-28 13:01:10.000000000,QUERY_SPREAD,1
2019-06-28 13:01:10.000000000,BEST_BID,"JPM,99694,71"
2019-06-28 13:01:10.000000000,BEST_ASK,"JPM,99823,3"
2019-06-28 13:01:10.000000000,BEST_BID,"JPM,99694,71"
2019-06-28 13:01:10.000000000,BEST_ASK,"JPM,99823,3"
2019-06-28 13:01:10.000000000,BEST_BID,"JPM,99694,71"
2019-06-28 13:01:10.000000000,BEST_ASK,"JPM,99823,3"
2019-06-28 13:01:10.000000000,BEST_BID,"JPM,99694,71"
2019-06-28 13:01:10.000000000,BEST_ASK,"JPM,99823,3"
2019-06-28 13:01:10.000000000,BEST_BID,"JPM,99694,71"
2019-06-28 13:01:10.000000000,BEST_ASK,"JPM,99823,73"
2019-06-28 13:01:10.000000000,BEST_BID,"JPM,99694,71"
2019-06-28 13:01:10.000000000,BEST_ASK,"JPM,99823,73"
2019-06-28 13:01:10.000000000,BEST_BID,"JPM,99694,71"
2019-06-28 13:01:10.000000000,BEST_ASK,"JPM,99823,73"
2019-06-28 13:01:10.000000000,BEST_BID,"JPM,99694,71"
2019-06-28 13:01:10.000000000,BEST_ASK,"JPM,99823,73"
2019-06-28 13:01:17.904396919,QUERY_SPREAD,13
2019-06-28 13:01:17.904396919,BEST_BID,"JPM,99694,71"
2019-06-28 13:01:17.904396919,BEST_ASK,"JPM,99823,73"
2019-06-28 13:01:20.000000000,QUERY_SPREAD,1
2019-06-28 13:01:20.000000000,BEST_BID,"JPM,99694,96"
2019-06-28 13:01:20.000000000,BEST_ASK,"JPM,99823,3"
2019-06-28 13:01:20.000000000,BEST_BID,"JPM,99694,96"
2019-06-28 13:01:20.000000000,BEST_ASK,"JPM,99823,3"
2019-06-28 13:01:20.000000000,BEST_BID,"JPM,99694,96"
2019-06-28 13:01:20.000000000,BEST_ASK,"JPM,99823,3"
2019-06-28 13:01:20.000000000,BEST_BID,"JPM,99694,96"
2019-06-28 13:01:20.000000000,BEST_ASK,"JPM,99823,98"
2019-06-28 13:01:20.000000000,BEST_BID,"JPM,99694,96"
2019-06-28 13:01:20.000000000,BEST_ASK,"JPM,99823,98"
2019-06-28 13:01:20.000000000,BEST_BID,"JPM,99694,96"
2019-06-28 13:01:20.000000000,BEST_ASK,"JPM,99823,98"
2019-06-28 13:01:30.000000000,QUERY_SPREAD,1
2019-06-28 13:01:30.000000000,BEST_BID,"JPM,99694,141"
2019-06-28 13:01:30.000000000,BEST_ASK,"JPM,99823,3"
2019-06-28 13:01:30.000000000,BEST_BID,"JPM,99694,141"
2019-06-28 13:01:30.000000000,BEST_ASK,"JPM,99823,3"
2019-06-28 13:01:30.000000000,BEST_BID,"JPM,99694,141"
2019-06-28 13:01:30.000000000,BEST_ASK,"JPM,99823,143"
2019-06-28 13:01:30.000000000,BEST_BID,"JPM,99694,141"
2019-06-28 13:01:30.000000000,BEST_ASK,"JPM,99823,143"
2019-06-28 13:01:40.000000000,QUERY_SPREAD,1
2019-06-28 13:01:40.000000000,BEST_BID,"JPM,99694,96"
2019-06-28 13:01:40.000000000,BEST_ASK,"JPM,99823,3"
2019-06-28 13:01:40.000000000,BEST_BID,"JPM,99694,96"
2019-06-28 13:01:40.000000000,BEST_ASK,"JPM,99823,3"
2019-06-28 13:01:40.000000000,BEST_BID,"JPM,99694,96"
2019-06-28 13:01:40.000000000,BEST_ASK,"JPM,99823,3"
2019-06-28 13:01:40.000000000,BEST_BID,"JPM,99694,96"
2019-06-28 13:01:40.000000000,BEST_ASK,"JPM,99823,98"
2019-06-28 13:01:40.000000000,BEST_BID,"JPM,99694,96"
2019-06-28 13:01:40.000000000,BEST_ASK,"JPM,99823,98"
2019-06-28 13:01:40.000000000,BEST_BID,"JPM,99694,96"
2019-06-28 13:01:40.000000000,BEST_ASK,"JPM,99823,98"
2019-06-28 13:01:46.557075728,QUERY_SPREAD,32
2019-06-28 13:01:46.557075728,BEST_BID,"JPM,99694,96"
2019-06-28 13:01:46.557075728,BEST_ASK,"JPM,99823,98"
2019-06-28 13:01:50.000000000,QUERY_SPREAD,1
2019-06-28 13:01:50.000000000,BEST_BID,"JPM,99694,96"
2019-06-28 13:01:50.000000000,BEST_ASK,"JPM,99823,3"
2019-06-28 13:01:50.000000000,BEST_BID,"JPM,99694,96"
2019-06-28 13:01:50.000000000,BEST_ASK,"JPM,99823,3"
2019-06-28 13:01:50.000000000,BEST_BID,"JPM,99694,96"
2019-06-28 13:01:50.000000000,BEST_ASK,"JPM,99823,3"
2019-06-28 13:01:50.000000000,BEST_BID,"JPM,99694,96"
2019-06-28 13:01:50.000000000,BEST_ASK,"JPM,99823,98"
2019-06-28 13:01:50.000000000,BEST_BID,"JPM,99694,96"
2019-06-28 13:01:50.000000000,BEST_ASK,"JPM,99823,98"
2019-06-28 13:01:50.000000000,BEST_BID,"JPM,99694,96"
2019-06-28 13:01:50.000000000,BEST_ASK,"JPM,99823,98"
2019-06-28 13:02:00.000000000,QUERY_SPREAD,1
2019-06-28 13:02:00.000000000,BEST_BID,"JPM,99694,96"
2019-06-28 13:02:00.000000000,BEST_ASK,"JPM,99823,3"
2019-06-28 13:02:00.000000000,BEST_BID,"JPM,99694,96"
2019-06-28 13:02:00.000000000,BEST_ASK,"JPM,99823,3"
2019-06-28 13:02:00.000000000,BEST_BID,"JPM,99694,96"
2019-06-28 13:02:00.000000000,BEST_ASK,"JPM,99823,3"
2019-06-28 13:02:00.000000000,BEST_BID,"JPM,99694,96"
2019-06-28 13:02:00.000000000,BEST_ASK,"JPM,99823,98"
2019-06-28 13:02:00.000000000,BEST_BID,"JPM,99694,96"
2019-06-28 13:02:00.000000000,BEST_ASK,"JPM,99823,98"
2019-06-28 13:02:00.000000000,BEST_BID,"JPM,99694,96"
2019-06-28 13:02:00.000000000,BEST_ASK,"JPM,99823,98"
2019-06-28 13:02:00.000000000,QUERY_SPREAD,77
2019-06-28 13:02:00.000000000,BEST_BID,"JPM,99694,95"
2019-06-28 13:02:00.000000000,BEST_ASK,"JPM,99823,98"
2019-06-28 13:02:00.000000000,LAST_TRADE,"1,$99694.0000"
2019-06-28 13:02:00.000000000,QUERY_SPREAD,78
2019-06-28 13:02:00.000000000,BEST_BID,"JPM,99694,91"
2019-06-28 13:02:00.000000000,BEST_ASK,"JPM,99823,98"
2019-06-28 13:02:00.000000000,LAST_TRADE,"4,$99694.0000"
2019-06-28 13:02:00.000000000,QUERY_SPREAD,79
2019-06-28 13:02:00.000000000,BEST_BID,"JPM,99694,85"
2019-06-28 13:02:00.000000000,BEST_ASK,"JPM,99823,98"
2019-06-28 13:02:00.000000000,LAST_TRADE,"6,$99694.0000"
2019-06-28 13:02:00.000000000,QUERY_SPREAD,80
2019-06-28 13:02:00.000000000,BEST_BID,"JPM,99694,80"
2019-06-28 13:02:00.000000000,BEST_ASK,"JPM,99823,98"
2019-06-28 13:02:00.000000000,LAST_TRADE,"5,$99694.0000"
2019-06-28 13:02:00.000000000,QUERY_SPREAD,81
2019-06-28 13:02:00.000000000,BEST_BID,"JPM,99694,72"
2019-06-28 13:02:00.000000000,BEST_ASK,"JPM,99823,98"
2019-06-28 13:02:00.000000000,LAST_TRADE,"8,$99694.0000"
2019-06-28 13:02:00.000000000,QUERY_SPREAD,82
2019-06-28 13:02:00.000000000,BEST_BID,"JPM,99694,64"
2019-06-28 13:02:00.000000000,BEST_ASK,"JPM,99823,98"
2019-06-28 13:02:00.000000000,LAST_TRADE,"8,$99694.0000"
2019-06-28 13:02:00.000000000,QUERY_SPREAD,83
2019-06-28 13:02:00.000000000,BEST_BID,"JPM,99694,62"
2019-06-28 13:02:00.000000000,BEST_ASK,"JPM,99823,98"
2019-06-28 13:02:00.000000000,LAST_TRADE,"2,$99694.0000"
2019-06-28 13:02:00.000000000,QUERY_SPREAD,84
2019-06-28 13:02:00.000000000,BEST_BID,"JPM,99694,61"
2019-06-28 13:02:00.000000000,BEST_ASK,"JPM,99823,98"
2019-06-28 13:02:00.000000000,LAST_TRADE,"1,$99694.0000"
2019-06-28 13:02:00.000000000,QUERY_SPREAD,85
2019-06-28 13:02:00.000000000,BEST_BID,"JPM,99694,60"
2019-06-28 13:02:00.000000000,BEST_ASK,"JPM,99823,98"
2019-06-28 13:02:00.000000000,LAST_TRADE,"1,$99694.0000"
2019-06-28 13:02:00.000000000,QUERY_SPREAD,86
2019-06-28 13:02:00.000000000,BEST_BID,"JPM,99694,54"
2019-06-28 13:02:00.000000000,BEST_ASK,"JPM,99823,98"
2019-06-28 13:02:00.000000000,LAST_TRADE,"6,$99694.0000"
2019-06-28 13:02:00.000000000,QUERY_SPREAD,87
2019-06-28 13:02:00.000000000,BEST_BID,"JPM,99694,51"
2019-06-28 13:02:00.000000000,BEST_ASK,"JPM,99823,98"
2019-06-28 13:02:00.000000000,LAST_TRADE,"3,$99694.0000"
2019-06-28 13:02:00.000000000,QUERY_SPREAD,88
2019-06-28 13:02:00.000000000,BEST_BID,"JPM,99694,47"
2019-06-28 13:02:00.000000000,BEST_ASK,"JPM,99823,98"
2019-06-28 13:02:00.000000000,LAST_TRADE,"4,$99694.0000"
2019-06-28 13:02:00.000000000,QUERY_SPREAD,89
2019-06-28 13:02:00.000000000,BEST_BID,"JPM,99694,43"
2019-06-28 13:02:00.000000000,BEST_ASK,"JPM,99823,98"
2019-06-28 13:02:00.000000000,LAST_TRADE,"4,$99694.0000"
2019-06-28 13:02:00.000000000,QUERY_SPREAD,90
2019-06-28 13:02:00.000000000,BEST_BID,"JPM,99694,36"
2019-06-28 13:02:00.000000000,BEST_ASK,"JPM,99823,98"
2019-06-28 13:02:00.000000000,LAST_TRADE,"7,$99694.0000"
2019-06-28 13:02:00.000000000,QUERY_SPREAD,91
2019-06-28 13:02:00.000000000,BEST_BID,"JPM,99694,28"
2019-06-28 13:02:00.000000000,BEST_ASK,"JPM,99823,98"
2019-06-28 13:02:00.000000000,LAST_TRADE,"8,$99694.0000"
2019-06-28 13:02:00.000000000,QUERY_SPREAD,92
2019-06-28 13:02:00.000000000,BEST_BID,"JPM,99694,23"
2019-06-28 13:02:00.000000000,BEST_ASK,"JPM,99823,98"
2019-06-28 13:02:00.000000000,LAST_TRADE,"5,$99694.0000"
2019-06-28 13:02:00.000000000,QUERY_SPREAD,93
2019-06-28 13:02:00.000000000,BEST_BID,"JPM,99694,20"
2019-06-28 13:02:00.000000000,BEST_ASK,"JPM,99823,98"
2019-06-28 13:02:00.000000000,LAST_TRADE,"3,$99694.0000"
2019-06-28 13:02:00.000000000,QUERY_SPREAD,94
2019-06-28 13:02:00.000000000,BEST_BID,"JPM,99694,16"
2019-06-28 13:02:00.000000000,BEST_ASK,"JPM,99823,98"
2019-06-28 13:02:00.000000000,LAST_TRADE,"4,$99694.0000"
2019-06-28 13:02:00.000000000,QUERY_SPREAD,95
2019-06-28 13:02:00.000000000,BEST_BID,"JPM,99694,11"
2019-06-28 13:02:00.000000000,BEST_ASK,"JPM,99823,98"
2019-06-28 13:02:00.000000000,LAST_TRADE,"5,$99694.0000"
2019-06-28 13:02:00.000000000,QUERY_SPREAD,96
2019-06-28 13:02:00.000000000,BEST_BID,"JPM,99694,10"
2019-06-28 13:02:00.000000000,BEST_ASK,"JPM,99823,98"
2019-06-28 13:02:00.000000000,LAST_TRADE,"1,$99694.0000"
2019-06-28 13:02:00.000000000,QUERY_SPREAD,97
2019-06-28 13:02:00.000000000,BEST_BID,"JPM,99694,3"
2019-06-28 13:02:00.000000000,BEST_ASK,"JPM,99823,98"
2019-06-28 13:02:00.000000000,LAST_TRADE,"7,$99694.0000"
2019-06-28 13:02:00.000000000,QUERY_SPREAD,98
2019-06-28 13:02:00.000000000,BEST_BID,"JPM,99624,192"
2019-06-28 13:02:00.000000000,BEST_ASK,"JPM,99694,3"
2019-06-28 13:02:00.000000000,LAST_TRADE,"3,$99694.0000"
2019-06-28 13:02:00.000000000,QUERY_SPREAD,99
2019-06-28 13:02:00.000000000,BEST_BID,"JPM,99624,187"
2019-06-28 13:02:00.000000000,BEST_ASK,"JPM,99694,3"
2019-06-28 13:02:00.000000000,LAST_TRADE,"5,$99624.0000"
2019-06-28 13:02:00.000000000,QUERY_SPREAD,100
2019-06-28 13:02:00.000000000,BEST_BID,"JPM,99624,180"
2019-06-28 13:02:00.000000000,BEST_ASK,"JPM,99694,3"
2019-06-28 13:02:00.000000000,LAST_TRADE,"7,$99624.0000"
2019-06-28 13:02:00.000000000,QUERY_SPREAD,101
2019-06-28 13:02:00.000000000,QUERY_ORDER_STREAM,101
2019-06-28 13:02:00.000000000,BEST_BID,"JPM,99624,181"
2019-06-28 13:02:00.000000000,BEST_ASK,"JPM,99694,3"
2019-06-28 13:02:06.419870767,QUERY_SPREAD,20
2019-06-28 13:02:06.419870767,BEST_BID,"JPM,99624,81"
2019-06-28 13:02:06.419870767,BEST_ASK,"JPM,99694,3"
2019-06-28 13:02:06.419870767,LAST_TRADE,"100,$99624.0000"
2019-06-28 13:02:08.808441357,QUERY_SPREAD,2
2019-06-28 13:02:08.808441357,BEST_BID,"JPM,99624,81"
2019-06-28 13:02:08.808441357,BEST_ASK,"JPM,99694,3"
2019-06-28 13:02:10.000000000,QUERY_SPREAD,1
2019-06-28 13:02:10.000000000,BEST_BID,"JPM,99624,57"
2019-06-28 13:02:10.000000000,BEST_ASK,"JPM,99694,3"
2019-06-28 13:02:10.000000000,BEST_BID,"JPM,99624,57"
2019-06-28 13:02:10.000000000,BEST_ASK,"JPM,99694,3"
2019-06-28 13:02:10.000000000,BEST_BID,"JPM,99624,57"
2019-06-28 13:02:10.000000000,BEST_ASK,"JPM,99694,3"
2019-06-28 13:02:10.000000000,BEST_BID,"JPM,99624,57"
2019-06-28 13:02:10.000000000,BEST_ASK,"JPM,99694,3"
2019-06-28 13:02:10.000000000,BEST_BID,"JPM,99624,57"
2019-06-28 13:02:10.000000000,BEST_ASK,"JPM,99694,3"
2019-06-28 13:02:10.000000000,BEST_BID,"JPM,99624,57"
2019-06-28 13:02:10.000000000,BEST_ASK,"JPM,99694,59"
2019-06-28 13:02:10.000000000,BEST_BID,"JPM,99624,57"
2019-06-28 13:02:10.000000000,BEST_ASK,"JPM,99694,59"
2019-06-28 13:02:10.000000000,BEST_BID,"JPM,99624,57"
2019-06-28 13:02:10.000000000,BEST_ASK,"JPM,99694,59"
2019-06-28 13:02:10.000000000,BEST_BID,"JPM,99624,57"
2019-06-28 13:02:10.000000000,BEST_ASK,"JPM,99694,59"
2019-06-28 13:02:10.000000000,BEST_BID,"JPM,99624,57"
2019-06-28 13:02:10.000000000,BEST_ASK,"JPM,99694,59"
2019-06-28 13:02:20.000000000,QUERY_SPREAD,1
2019-06-28 13:02:20.000000000,BEST_BID,"JPM,99624,57"
2019-06-28 13:02:20.000000000,BEST_ASK,"JPM,99694,3"
2019-06-28 13:02:20.000000000,BEST_BID,"JPM,99624,57"
2019-06-28 13:02:20.000000000,BEST_ASK,"JPM,99694,3"
2019-06-28 13:02:20.000000000,BEST_BID,"JPM,99624,57"
2019-06-28 13:02:20.000000000,BEST_ASK,"JPM,99694,3"
2019-06-28 13:02:20.000000000,BEST_BID,"JPM,99624,57"
2019-06-28 13:02:20.000000000,BEST_ASK,"JPM,99694,3"
2019-06-28 13:02:20.000000000,BEST_BID,"JPM,99624,57"
2019-06-28 13:02:20.000000000,BEST_ASK,"JPM,99694,3"
2019-06-28 13:02:20.000000000,BEST_BID,"JPM,99624,57"
2019-06-28 13:02:20.000000000,BEST_ASK,"JPM,99694,59"
2019-06-28 13:02:20.000000000,BEST_BID,"JPM,99624,57"
2019-06-28 13:02:20.000000000,BEST_ASK,"JPM,99694,59"
2019-06-28 13:02:20.000000000,BEST_BID,"JPM,99624,57"
2019-06-28 13:02:20.000000000,BEST_ASK,"JPM,99694,59"
2019-06-28 13:02:20.000000000,BEST_BID,"JPM,99624,57"
2019-06-28 13:02:20.000000000,BEST_ASK,"JPM,99694,59"
2019-06-28 13:02:20.000000000,BEST_BID,"JPM,99624,57"
2019-06-28 13:02:20.000000000,BEST_ASK,"JPM,99694,59"
2019-06-28 13:02:30.000000000,QUERY_SPREAD,1
2019-06-28 13:02:30.000000000,BEST_BID,"JPM,99624,57"
2019-06-28 13:02:30.000000000,BEST_ASK,"JPM,99694,3"
2019-06-28 13:02:30.000000000,BEST_BID,"JPM,99624,57"
2019-06-28 13:02:30.000000000,BEST_ASK,"JPM,99694,3"
2019-06-28 13:02:30.000000000,BEST_BID,"JPM,99624,57"
2019-06-28 13:02:30.000000000,BEST_ASK,"JPM,99694,3"
2019-06-28 13:02:30.000000000,BEST_BID,"JPM,99624,57"
2019-06-28 13:02:30.000000000,BEST_ASK,"JPM,99694,3"
2019-06-28 13:02:30.000000000,BEST_BID,"JPM,99624,57"
2019-06-28 13:02:30.000000000,BEST_ASK,"JPM,99694,3"
2019-06-28 13:02:30.000000000,BEST_BID,"JPM,99624,57"
2019-06-28 13:02:30.000000000,BEST_ASK,"JPM,99694,59"
2019-06-28 13:02:30.000000000,BEST_BID,"JPM,99624,57"
2019-06-28 13:02:30.000000000,BEST_ASK,"JPM,99694,59"
2019-06-28 13:02:30.000000000,BEST_BID,"JPM,99624,57"
2019-06-28 13:02:30.000000000,BEST_ASK,"JPM,99694,59"
2019-06-28 13:02:30.000000000,BEST_BID,"JPM,99624,57"
2019-06-28 13:02:30.000000000,BEST_ASK,"JPM,99694,59"
2019-06-28 13:02:30.000000000,BEST_BID,"JPM,99624,57"
2019-06-28 13:02:30.000000000,BEST_ASK,"JPM,99694,59"
2019-06-28 13:02:34.869873379,QUERY_SPREAD,32
2019-06-28 13:02:34.869873379,BEST_BID,"JPM,99613,156"
2019-06-28 13:02:34.869873379,BEST_ASK,"JPM,99624,43"
2019-06-28 13:02:34.869873379,LAST_TRADE,"57,$99624.0000"
2019-06-28 13:02:38.194777203,QUERY_SPREAD,41
2019-06-28 13:02:38.194777203,BEST_BID,"JPM,99613,56"
2019-06-28 13:02:38.194777203,BEST_ASK,"JPM,99624,43"
2019-06-28 13:02:38.194777203,LAST_TRADE,"100,$99613.0000"
2019-06-28 13:02:40.000000000,QUERY_SPREAD,1
2019-06-28 13:02:40.000000000,BEST_BID,"JPM,99608,380"
2019-06-28 13:02:40.000000000,BEST_ASK,"JPM,99624,43"
2019-06-28 13:02:40.000000000,BEST_BID,"JPM,99608,380"
2019-06-28 13:02:40.000000000,BEST_ASK,"JPM,99624,323"
2019-06-28 13:02:49.376227131,QUERY_SPREAD,13
2019-06-28 13:02:49.376227131,BEST_BID,"JPM,99608,380"
2019-06-28 13:02:49.376227131,BEST_ASK,"JPM,99624,323"
2019-06-28 13:02:50.000000000,QUERY_SPREAD,1
2019-06-28 13:02:50.000000000,BEST_BID,"JPM,99608,380"
2019-06-28 13:02:50.000000000,BEST_ASK,"JPM,99624,43"
2019-06-28 13:02:50.000000000,BEST_BID,"JPM,99608,380"
2019-06-28 13:02:50.000000000,BEST_ASK,"JPM,99624,323"
2019-06-28 13:02:52.198572619,QUERY_ORDER_STREAM,60
2019-06-28 13:02:52.198572619,QUERY_SPREAD,60
2019-06-28 13:03:00.000000000,QUERY_SPREAD,1
2019-06-28 13:03:00.000000000,BEST_BID,"JPM,99608,240"
2019-06-28 13:03:00.000000000,BEST_ASK,"JPM,99624,43"
2019-06-28 13:03:00.000000000,BEST_BID,"JPM,99608,240"
2019-06-28 13:03:00.000000000,BEST_ASK,"JPM,99624,43"
2019-06-28 13:03:00.000000000,BEST_BID,"JPM,99608,240"
2019-06-28 13:03:00.000000000,BEST_ASK,"JPM,99624,183"
2019-06-28 13:03:00.000000000,BEST_BID,"JPM,99608,240"
2019-06-28 13:03:00.000000000,BEST_ASK,"JPM,99624,183"
2019-06-28 13:03:00.000000000,QUERY_SPREAD,77
2019-06-28 13:03:00.000000000,BEST_BID,"JPM,99608,239"
2019-06-28 13:03:00.000000000,BEST_ASK,"JPM,99624,183"
2019-06-28 13:03:00.000000000,LAST_TRADE,"1,$99608.0000"
2019-06-28 13:03:00.000000000,QUERY_SPREAD,78
2019-06-28 13:03:00.000000000,BEST_BID,"JPM,99608,235"
2019-06-28 13:03:00.000000000,BEST_ASK,"JPM,99624,183"
2019-06-28 13:03:00.000000000,LAST_TRADE,"4,$99608.0000"
2019-06-28 13:03:00.000000000,QUERY_SPREAD,79
2019-06-28 13:03:00.000000000,BEST_BID,"JPM,99608,229"
2019-06-28 13:03:00.000000000,BEST_ASK,"JPM,99624,183"
2019-06-28 13:03:00.000000000,LAST_TRADE,"6,$99608.0000"
2019-06-28 13:03:00.000000000,QUERY_SPREAD,80
2019-06-28 13:03:00.000000000,BEST_BID,"JPM,99608,224"
2019-06-28 13:03:00.000000000,BEST_ASK,"JPM,99624,183"
2019-06-28 13:03:00.000000000,LAST_TRADE,"5,$99608.0000"
2019-06-28 13:03:00.000000000,QUERY_SPREAD,81
2019-06-28 13:03:00.000000000,BEST_BID,"JPM,99608,216"
2019-06-28 13:03:00.000000000,BEST_ASK,"JPM,99624,183"
2019-06-28 13:03:00.000000000,LAST_TRADE,"8,$99608.0000"
2019-06-28 13:03:00.000000000,QUERY_SPREAD,82
2019-06-28 13:03:00.000000000,BEST_BID,"JPM,99608,208"
2019-06-28 13:03:00.000000000,BEST_ASK,"JPM,99624,183"
2019-06-28 13:03:00.000000000,LAST_TRADE,"8,$99608.0000"
2019-06-28 13:03:00.000000000,QUERY_SPREAD,83
2019-06-28 13:03:00.000000000,BEST_BID,"JPM,99608,206"
2019-06-28 13:03:00.000000000,BEST_ASK,"JPM,99624,183"
2019-06-28 13:03:00.000000000,LAST_TRADE,"2,$99608.0000"
2019-06-28 13:03:00.000000000,QUERY_SPREAD,84
2019-06-28 13:03:00.000000000,BEST_BID,"JPM,99608,205"
2019-06-28 13:03:00.000000000,BEST_ASK,"JPM,99624,183"
2019-06-28 13:03:00.000000000,LAST_TRADE,"1,$99608.0000"
2019-06-28 13:03:00.000000000,QUERY_SPREAD,85
2019-06-28 13:03:00.000000000,BEST_BID,"JPM,99608,204"
2019-06-28 13:03:00.000000000,BEST_ASK,"JPM,99624,183"
2019-06-28 13:03:00.000000000,LAST_TRADE,"1,$99608.0000"
2019-06-28 13:03:00.000000000,QUERY_SPREAD,86
2019-06-28 13:03:00.000000000,BEST_BID,"JPM,99608,198"
2019-06-28 13:03:00.000000000,BEST_ASK,"JPM,99624,183"
2019-06-28 13:03:00.000000000,LAST_TRADE,"6,$99608.0000"
2019-06-28 13:03:00.000000000,QUERY_SPREAD,87
2019-06-28 13:03:00.000000000,BEST_BID,"JPM,99608,195"
2019-06-28 13:03:00.000000000,BEST_ASK,"JPM,99624,183"
2019-06-28 13:03:00.000000000,LAST_TRADE,"3,$99608.0000"
2019-06-28 13:03:00.000000000,QUERY_SPREAD,88
2019-06-28 13:03:00.000000000,BEST_BID,"JPM,99608,191"
2019-06-28 13:03:00.000000000,BEST_ASK,"JPM,99624,183"
2019-06-28 13:03:00.000000000,LAST_TRADE,"4,$99608.0000"
2019-06-28 13:03:00.000000000,QUERY_SPREAD,89
2019-06-28 13:03:00.000000000,BEST_BID,"JPM,99608,187"
2019-06-28 13:03:00.000000000,BEST_ASK,"JPM,99624,183"
2019-06-28 13:03:00.000000000,LAST_TRADE,"4,$99608.0000"
2019-06-28 13:03:00.000000000,QUERY_SPREAD,90
2019-06-28 13:03:00.000000000,BEST_BID,"JPM,99608,180"
2019-06-28 13:03:00.000000000,BEST_ASK,"JPM,99624,183"
2019-06-28 13:03:00.000000000,LAST_TRADE,"7,$99608.0000"
2019-06-28 13:03:00.000000000,QUERY_SPREAD,91
2019-06-28 13:03:00.000000000,BEST_BID,"JPM,99608,172"
2019-06-28 13:03:00.000000000,BEST_ASK,"JPM,99624,183"
2019-06-28 13:03:00.000000000,LAST_TRADE,"8,$99608.0000"
2019-06-28 13:03:00.000000000,QUERY_SPREAD,92
2019-06-28 13:03:00.000000000,BEST_BID,"JPM,99608,167"
2019-06-28 13:03:00.000000000,BEST_ASK,"JPM,99624,183"
2019-06-28 13:03:00.000000000,LAST_TRADE,"5,$99608.0000"
2019-06-28 13:03:00.000000000,QUERY_SPREAD,93
2019-06-28 13:03:00.000000000,BEST_BID,"JPM,99608,164"
2019-06-28 13:03:00.000000000,BEST_ASK,"JPM,99624,183"
2019-06-28 13:03:00.000000000,LAST_TRADE,"3,$99608.0000"
2019-06-28 13:03:00.000000000,QUERY_SPREAD,94
2019-06-28 13:03:00.000000000,BEST_BID,"JPM,99608,160"
2019-06-28 13:03:00.000000000,BEST_ASK,"JPM,99624,183"
2019-06-28 13:03:00.000000000,LAST_TRADE,"4,$99608.0000"
2019-06-28 13:03:00.000000000,QUERY_SPREAD,95
2019-06-28 13:03:00.000000000,BEST_BID,"JPM,99608,155"
2019-06-28 13:03:00.000000000,BEST_ASK,"JPM,99624,183"
2019-06-28 13:03:00.000000000,LAST_TRADE,"5,$99608.0000"
2019-06-28 13:03:00.000000000,QUERY_SPREAD,96
2019-06-28 13:03:00.000000000,BEST_BID,"JPM,99608,154"
2019-06-28 13:03:00.000000000,BEST_ASK,"JPM,99624,183"
2019-06-28 13:03:00.000000000,LAST_TRADE,"1,$99608.0000"
2019-06-28 13:03:00.000000000,QUERY_SPREAD,97
2019-06-28 13:03:00.000000000,BEST_BID,"JPM,99608,147"
2019-06-28 13:03:00.000000000,BEST_ASK,"JPM,99624,183"
2019-06-28 13:03:00.000000000,LAST_TRADE,"7,$99608.0000"
2019-06-28 13:03:00.000000000,QUERY_SPREAD,98
2019-06-28 13:03:00.000000000,BEST_BID,"JPM,99608,141"
2019-06-28 13:03:00.000000000,BEST_ASK,"JPM,99624,183"
2019-06-28 13:03:00.000000000,LAST_TRADE,"6,$99608.0000"
2019-06-28 13:03:00.000000000,QUERY_SPREAD,99
2019-06-28 13:03:00.000000000,BEST_BID,"JPM,99608,136"
2019-06-28 13:03:00.000000000,BEST_ASK,"JPM,99624,183"
2019-06-28 13:03:00.000000000,LAST_TRADE,"5,$99608.0000"
2019-06-28 13:03:00.000000000,QUERY_SPREAD,100
2019-06-28 13:03:00.000000000,BEST_BID,"JPM,99608,129"
2019-06-28 13:03:00.000000000,BEST_ASK,"JPM,99624,183"
2019-06-28 13:03:00.000000000,LAST_TRADE,"7,$99608.0000"
2019-06-28 13:03:00.000000000,QUERY_SPREAD,101
2019-06-28 13:03:00.000000000,QUERY_ORDER_STREAM,101
2019-06-28 13:03:00.000000000,BEST_BID,"JPM,99608,130"
2019-06-28 13:03:00.000000000,BEST_ASK,"JPM,99624,183"
2019-06-28 13:03:04.372109553,QUERY_SPREAD,9
2019-06-28 13:03:04.372109553,BEST_BID,"JPM,99608,130"
2019-06-28 13:03:04.372109553,BEST_ASK,"JPM,99624,183"
2019-06-28 13:03:06.662184941,QUERY_ORDER_STREAM,74
2019-06-28 13:03:06.662184941,QUERY_SPREAD,74
2019-06-28 13:03:10.000000000,QUERY_SPREAD,1
2019-06-28 13:03:10.000000000,BEST_BID,"JPM,99608,96"
2019-06-28 13:03:10.000000000,BEST_ASK,"JPM,99624,43"
2019-06-28 13:03:10.000000000,BEST_BID,"JPM,99608,96"
2019-06-28 13:03:10.000000000,BEST_ASK,"JPM,99624,43"
2019-06-28 13:03:10.000000000,BEST_BID,"JPM,99608,96"
2019-06-28 13:03:10.000000000,BEST_ASK,"JPM,99624,43"
2019-06-28 13:03:10.000000000,BEST_BID,"JPM,99608,96"
2019-06-28 13:03:10.000000000,BEST_ASK,"JPM,99624,138"
2019-06-28 13:03:10.000000000,BEST_BID,"JPM,99608,96"
2019-06-28 13:03:10.000000000,BEST_ASK,"JPM,99624,138"
2019-06-28 13:03:10.000000000,BEST_BID,"JPM,99608,96"
2019-06-28 13:03:10.000000000,BEST_ASK,"JPM,99624,138"
2019-06-28 13:03:20.000000000,QUERY_SPREAD,1
2019-06-28 13:03:20.000000000,BEST_BID,"JPM,99608,57"
2019-06-28 13:03:20.000000000,BEST_ASK,"JPM,99624,43"
2019-06-28 13:03:20.000000000,BEST_BID,"JPM,99608,57"
2019-06-28 13:03:20.000000000,BEST_ASK,"JPM,99624,43"
2019-06-28 13:03:20.000000000,BEST_BID,"JPM,99608,57"
2019-06-28 13:03:20.000000000,BEST_ASK,"JPM,99624,43"
2019-06-28 13:03:20.000000000,BEST_BID,"JPM,99608,57"
2019-06-28 13:03:20.000000000,BEST_ASK,"JPM,99624,43"
2019-06-28 13:03:20.000000000,BEST_BID,"JPM,99608,57"
2019-06-28 13:03:20.000000000,BEST_ASK,"JPM,99624,43"
2019-06-28 13:03:20.000000000,BEST_BID,"JPM,99608,57"
2019-06-28 13:03:20.000000000,BEST_ASK,"JPM,99624,99"
2019-06-28 13:03:20.000000000,BEST_BID,"JPM,99608,57"
2019-06-28 13:03:20.000000000,BEST_ASK,"JPM,99624,99"
2019-06-28 13:03:20.000000000,BEST_BID,"JPM,99608,57"
2019-06-28 13:03:20.000000000,BEST_ASK,"JPM,99624,99"
2019-06-28 13:03:20.000000000,BEST_BID,"JPM,99608,57"
2019-06-28 13:03:20.000000000,BEST_ASK,"JPM,99624,99"
2019-06-28 13:03:20.000000000,BEST_BID,"JPM,99608,57"
2019-06-28 13:03:20.000000000,BEST_ASK,"JPM,99624,99"
2019-06-28 13:03:30.000000000,QUERY_SPREAD,1
2019-06-28 13:03:30.000000000,BEST_BID,"JPM,99608,281"
2019-06-28 13:03:30.000000000,BEST_ASK,"JPM,99624,43"
2019-06-28 13:03:30.000000000,BEST_BID,"JPM,99608,281"
2019-06-28 13:03:30.000000000,BEST_ASK,"JPM,99624,323"
2019-06-28 13:03:40.000000000,QUERY_SPREAD,1
2019-06-28 13:03:40.000000000,BEST_BID,"JPM,99608,71"
2019-06-28 13:03:40.000000000,BEST_ASK,"JPM,99624,43"
2019-06-28 13:03:40.000000000,BEST_BID,"JPM,99608,71"
2019-06-28 13:03:40.000000000,BEST_ASK,"JPM,99624,43"
2019-06-28 13:03:40.000000000,BEST_BID,"JPM,99608,71"
2019-06-28 13:03:40.000000000,BEST_ASK,"JPM,99624,43"
2019-06-28 13:03:40.000000000,BEST_BID,"JPM,99608,71"
2019-06-28 13:03:40.000000000,BEST_ASK,"JPM,99624,43"
2019-06-28 13:03:40.000000000,BEST_BID,"JPM,99608,71"
2019-06-28 13:03:40.000000000,BEST_ASK,"JPM,99624,113"
2019-06-28 13:03:40.000000000,BEST_BID,"JPM,99608,71"
2019-06-28 13:03:40.000000000,BEST_ASK,"JPM,99624,113"
2019-06-28 13:03:40.000000000,BEST_BID,"JPM,99608,71"
2019-06-28 13:03:40.000000000,BEST_ASK,"JPM,99624,113"
2019-06-28 13:03:40.000000000,BEST_BID,"JPM,99608,71"
2019-06-28 13:03:40.000000000,BEST_ASK,"JPM,99624,113"
2019-06-28 13:03:49.881790629,QUERY_SPREAD,25
2019-06-28 13:03:49.881790629,BEST_BID,"JPM,99603,170"
2019-06-28 13:03:49.881790629,BEST_ASK,"JPM,99608,29"
2019-06-28 13:03:49.881790629,LAST_TRADE,"71,$99608.0000"
2019-06-28 13:03:50.000000000,QUERY_SPREAD,1
2019-06-28 13:03:50.000000000,BEST_BID,"JPM,99603,156"
2019-06-28 13:03:50.000000000,BEST_ASK,"JPM,99608,29"
2019-06-28 13:03:50.000000000,BEST_BID,"JPM,99603,156"
2019-06-28 13:03:50.000000000,BEST_ASK,"JPM,99608,29"
2019-06-28 13:03:50.000000000,BEST_BID,"JPM,99603,156"
2019-06-28 13:03:50.000000000,BEST_ASK,"JPM,99608,29"
2019-06-28 13:03:50.000000000,BEST_BID,"JPM,99603,156"
2019-06-28 13:03:50.000000000,BEST_ASK,"JPM,99608,29"
2019-06-28 13:03:50.000000000,BEST_BID,"JPM,99603,156"
2019-06-28 13:03:50.000000000,BEST_ASK,"JPM,99608,85"
2019-06-28 13:03:50.000000000,BEST_BID,"JPM,99603,156"
2019-06-28 13:03:50.000000000,BEST_ASK,"JPM,99608,85"
2019-06-28 13:03:50.000000000,BEST_BID,"JPM,99603,156"
2019-06-28 13:03:50.000000000,BEST_ASK,"JPM,99608,85"
2019-06-28 13:03:50.000000000,BEST_BID,"JPM,99603,156"
2019-06-28 13:03:50.000000000,BEST_ASK,"JPM,99608,85"
2019-06-28 13:03:50.000000000,BEST_BID,"JPM,99603,156"
2019-06-28 13:03:50.000000000,BEST_ASK,"JPM,99608,85"
2019-06-28 13:04:00.000000000,QUERY_SPREAD,1
2019-06-28 13:04:00.000000000,BEST_BID,"JPM,99603,195"
2019-06-28 13:04:00.000000000,BEST_ASK,"JPM,99608,29"
2019-06-28 13:04:00.000000000,BEST_BID,"JPM,99603,195"
2019-06-28 13:04:00.000000000,BEST_ASK,"JPM,99608,29"
2019-06-28 13:04:00.000000000,BEST_BID,"JPM,99603,195"
2019-06-28 13:04:00.000000000,BEST_ASK,"JPM,99608,29"
2019-06-28 13:04:00.000000000,BEST_BID,"JPM,99603,195"
2019-06-28 13:04:00.000000000,BEST_ASK,"JPM,99608,124"
2019-06-28 13:04:00.000000000,BEST_BID,"JPM,99603,195"
2019-06-28 13:04:00.000000000,BEST_ASK,"JPM,99608,124"
2019-06-28 13:04:00.000000000,BEST_BID,"JPM,99603,195"
2019-06-28 13:04:00.000000000,BEST_ASK,"JPM,99608,124"
2019-06-28 13:04:00.000000000,QUERY_SPREAD,77
2019-06-28 13:04:00.000000000,BEST_BID,"JPM,99603,194"
2019-06-28 13:04:00.000000000,BEST_ASK,"JPM,99608,124"
2019-06-28 13:04:00.000000000,LAST_TRADE,"1,$99603.0000"
2019-06-28 13:04:00.000000000,QUERY_SPREAD,78
2019-06-28 13:04:00.000000000,BEST_BID,"JPM,99603,190"
2019-06-28 13:04:00.000000000,BEST_ASK,"JPM,99608,124"
2019-06-28 13:04:00.000000000,LAST_TRADE,"4,$99603.0000"
2019-06-28 13:04:00.000000000,QUERY_SPREAD,79
2019-06-28 13:04:00.000000000,BEST_BID,"JPM,99603,184"
2019-06-28 13:04:00.000000000,BEST_ASK,"JPM,99608,124"
2019-06-28 13:04:00.000000000,LAST_TRADE,"6,$99603.0000"
2019-06-28 13:04:00.000000000,QUERY_SPREAD,80
2019-06-28 13:04:00.000000000,BEST_BID,"JPM,99603,179"
2019-06-28 13:04:00.000000000,BEST_ASK,"JPM,99608,124"
2019-06-28 13:04:00.000000000,LAST_TRADE,"5,$99603.0000"
2019-06-28 13:04:00.000000000,QUERY_SPREAD,81
2019-06-28 13:04:00.000000000,BEST_BID,"JPM,99603,171"
2019-06-28 13:04:00.000000000,BEST_ASK,"JPM,99608,124"
2019-06-28 13:04:00.000000000,LAST_TRADE,"8,$99603.0000"
2019-06-28 13:04:00.000000000,QUERY_SPREAD,82
2019-06-28 13:04:00.000000000,BEST_BID,"JPM,99603,163"
2019-06-28 13:04:00.000000000,BEST_ASK,"JPM,99608,124"
2019-06-28 13:04:00.000000000,LAST_TRADE,"8,$99603.0000"
2019-06-28 13:04:00.000000000,QUERY_SPREAD,83
2019-06-28 13:04:00.000000000,BEST_BID,"JPM,99603,161"
2019-06-28 13:04:00.000000000,BEST_ASK,"JPM,99608,124"
2019-06-28 13:04:00.000000000,LAST_TRADE,"2,$99603.0000"
2019-06-28 13:04:00.000000000,QUERY_SPREAD,84
2019-06-28 13:04:00.000000000,BEST_BID,"JPM,99603,160"
2019-06-28 13:04:00.000000000,BEST_ASK,"JPM,99608,124"
2019-06-28 13:04:00.000000000,LAST_TRADE,"1,$99603.0000"
2019-06-28 13:04:00.000000000,QUERY_SPREAD,85
2019-06-28 13:04:00.000000000,BEST_BID,"JPM,99603,159"
2019-06-28 13:04:00.000000000,BEST_ASK,"JPM,99608,124"
2019-06-28 13:04:00.000000000,LAST_TRADE,"1,$99603.0000"
2019-06-28 13:04:00.000000000,QUERY_SPREAD,86
2019-06-28 13:04:00.000000000,BEST_BID,"JPM,99603,153"
2019-06-28 13:04:00.000000000,BEST_ASK,"JPM,99608,124"
2019-06-28 13:04:00.000000000,LAST_TRADE,"6,$99603.0000"
2019-06-28 13:04:00.000000000,QUERY_SPREAD,87
2019-06-28 13:04:00.000000000,BEST_BID,"JPM,99603,150"
2019-06-28 13:04:00.000000000,BEST_ASK,"JPM,99608,124"
2019-06-28 13:04:00.000000000,LAST_TRADE,"3,$99603.0000"
2019-06-28 13:04:00.000000000,QUERY_SPREAD,88
2019-06-28 13:04:00.000000000,BEST_BID,"JPM,99603,146"
2019-06-28 13:04:00.000000000,BEST_ASK,"JPM,99608,124"
2019-06-28 13:04:00.000000000,LAST_TRADE,"4,$99603.0000"
2019-06-28 13:04:00.000000000,QUERY_SPREAD,89
2019-06-28 13:04:00.000000000,BEST_BID,"JPM,99603,142"
2019-06-28 13:04:00.000000000,BEST_ASK,"JPM,99608,124"
2019-06-28 13:04:00.000000000,LAST_TRADE,"4,$99603.0000"
2019-06-28 13:04:00.000000000,QUERY_SPREAD,90
2019-06-28 13:04:00.000000000,BEST_BID,"JPM,99603,135"
2019-06-28 13:04:00.000000000,BEST_ASK,"JPM,99608,124"
2019-06-28 13:04:00.000000000,LAST_TRADE,"7,$99603.0000"
2019-06-28 13:04:00.000000000,QUERY_SPREAD,91
2019-06-28 13:04:00.000000000,BEST_BID,"JPM,99603,127"
2019-06-28 13:04:00.000000000,BEST_ASK,"JPM,99608,124"
2019-06-28 13:04:00.000000000,LAST_TRADE,"8,$99603.0000"
2019-06-28 13:04:00.000000000,QUERY_SPREAD,92
2019-06-28 13:04:00.000000000,BEST_BID,"JPM,99603,122"
2019-06-28 13:04:00.000000000,BEST_ASK,"JPM,99608,124"
2019-06-28 13:04:00.000000000,LAST_TRADE,"5,$99603.0000"
2019-06-28 13:04:00.000000000,QUERY_SPREAD,93
2019-06-28 13:04:00.000000000,BEST_BID,"JPM,99603,119"
2019-06-28 13:04:00.000000000,BEST_ASK,"JPM,99608,124"
2019-06-28 13:04:00.000000000,LAST_TRADE,"3,$99603.0000"
2019-06-28 13:04:00.000000000,QUERY_SPREAD,94
2019-06-28 13:04:00.000000000,BEST_BID,"JPM,99603,115"
2019-06-28 13:04:00.000000000,BEST_ASK,"JPM,99608,124"
2019-06-28 13:04:00.000000000,LAST_TRADE,"4,$99603.0000"
2019-06-28 13:04:00.000000000,QUERY_SPREAD,95
2019-06-28 13:04:00.000000000,BEST_BID,"JPM,99603,110"
2019-06-28 13:04:00.000000000,BEST_ASK,"JPM,99608,124"
2019-06-28 13:04:00.000000000,LAST_TRADE,"5,$99603.0000"
2019-06-28 13:04:00.000000000,QUERY_SPREAD,96
2019-06-28 13:04:00.000000000,BEST_BID,"JPM,99603,109"
2019-06-28 13:04:00.000000000,BEST_ASK,"JPM,99608,124"
2019-06-28 13:04:00.000000000,LAST_TRADE,"1,$99603.0000"
2019-06-28 13:04:00.000000000,QUERY_SPREAD,97
2019-06-28 13:04:00.000000000,BEST_BID,"JPM,99603,102"
2019-06-28 13:04:00.000000000,BEST_ASK,"JPM,99608,124"
2019-06-28 13:04:00.000000000,LAST_TRADE,"7,$99603.0000"
2019-06-28 13:04:00.000000000,QUERY_SPREAD,98
2019-06-28 13:04:00.000000000,BEST_BID,"JPM,99603,96"
2019-06-28 13:04:00.000000000,BEST_ASK,"JPM,99608,124"
2019-06-28 13:04:00.000000000,LAST_TRADE,"6,$99603.0000"
2019-06-28 13:04:00.000000000,QUERY_SPREAD,99
2019-06-28 13:04:00.000000000,BEST_BID,"JPM,99603,91"
2019-06-28 13:04:00.000000000,BEST_ASK,"JPM,99608,124"
2019-06-28 13:04:00.000000000,LAST_TRADE,"5,$99603.0000"
2019-06-28 13:04:00.000000000,QUERY_SPREAD,100
2019-06-28 13:04:00.000000000,BEST_BID,"JPM,99603,84"
2019-06-28 13:04:00.000000000,BEST_ASK,"JPM,99608,124"
2019-06-28 13:04:00.000000000,LAST_TRADE,"7,$99603.0000"
2019-06-28 13:04:00.000000000,QUERY_SPREAD,101
2019-06-28 13:04:00.000000000,QUERY_ORDER_STREAM,101
2019-06-28 13:04:00.000000000,BEST_BID,"JPM,99603,85"
2019-06-28 13:04:00.000000000,BEST_ASK,"JPM,99608,124"
2019-06-28 13:04:10.000000000,QUERY_SPREAD,1
2019-06-28 13:04:10.000000000,BEST_BID,"JPM,99603,71"
2019-06-28 13:04:10.000000000,BEST_ASK,"JPM,99608,29"
2019-06-28 13:04:10.000000000,BEST_BID,"JPM,99603,71"
2019-06-28 13:04:10.000000000,BEST_ASK,"JPM,99608,29"
2019-06-28 13:04:10.000000000,BEST_BID,"JPM,99603,71"
2019-06-28 13:04:10.000000000,BEST_ASK,"JPM,99608,29"
2019-06-28 13:04:10.000000000,BEST_BID,"JPM,99603,71"
2019-06-28 13:04:10.000000000,BEST_ASK,"JPM,99608,29"
2019-06-28 13:04:10.000000000,BEST_BID,"JPM,99603,71"
2019-06-28 13:04:10.000000000,BEST_ASK,"JPM,99608,99"
2019-06-28 13:04:10.000000000,BEST_BID,"JPM,99603,71"
2019-06-28 13:04:10.000000000,BEST_ASK,"JPM,99608,99"
2019-06-28 13:04:10.000000000,BEST_BID,"JPM,99603,71"
2019-06-28 13:04:10.000000000,BEST_ASK,"JPM,99608,99"
2019-06-28 13:04:10.000000000,BEST_BID,"JPM,99603,71"
2019-06-28 13:04:10.000000000,BEST_ASK,"JPM,99608,99"
2019-06-28 13:04:12.712199846,QUERY_SPREAD,48
2019-06-28 13:04:12.712199846,BEST_BID,"JPM,99603,71"
2019-06-28 13:04:12.712199846,BEST_ASK,"JPM,99608,99"
2019-06-28 13:04:20.000000000,QUERY_SPREAD,1
2019-06-28 13:04:20.000000000,BEST_BID,"JPM,99603,71"
2019-06-28 13:04:20.000000000,BEST_ASK,"JPM,99608,29"
2019-06-28 13:04:20.000000000,BEST_BID,"JPM,99603,71"
2019-06-28 13:04:20.000000000,BEST_ASK,"JPM,99608,29"
2019-06-28 13:04:20.000000000,BEST_BID,"JPM,99603,71"
2019-06-28 13:04:20.000000000,BEST_ASK,"JPM,99608,29"
2019-06-28 13:04:20.000000000,BEST_BID,"JPM,99603,71"
2019-06-28 13:04:20.000000000,BEST_ASK,"JPM,99608,29"
2019-06-28 13:04:20.000000000,BEST_BID,"JPM,99603,71"
2019-06-28 13:04:20.000000000,BEST_ASK,"JPM,99608,99"
2019-06-28 13:04:20.000000000,BEST_BID,"JPM,99603,71"
2019-06-28 13:04:20.000000000,BEST_ASK,"JPM,99608,99"
2019-06-28 13:04:20.000000000,BEST_BID,"JPM,99603,71"
2019-06-28 13:04:20.000000000,BEST_ASK,"JPM,99608,99"
2019-06-28 13:04:20.000000000,BEST_BID,"JPM,99603,71"
2019-06-28 13:04:20.000000000,BEST_ASK,"JPM,99608,99"
2019-06-28 13:04:30.000000000,QUERY_SPREAD,1
2019-06-28 13:04:30.000000000,BEST_BID,"JPM,99603,71"
2019-06-28 13:04:30.000000000,BEST_ASK,"JPM,99608,29"
2019-06-28 13:04:30.000000000,BEST_BID,"JPM,99603,71"
2019-06-28 13:04:30.000000000,BEST_ASK,"JPM,99608,29"
2019-06-28 13:04:30.000000000,BEST_BID,"JPM,99603,71"
2019-06-28 13:04:30.000000000,BEST_ASK,"JPM,99608,29"
2019-06-28 13:04:30.000000000,BEST_BID,"JPM,99603,71"
2019-06-28 13:04:30.000000000,BEST_ASK,"JPM,99608,29"
2019-06-28 13:04:30.000000000,BEST_BID,"JPM,99603,71"
2019-06-28 13:04:30.000000000,BEST_ASK,"JPM,99608,99"
2019-06-28 13:04:30.000000000,BEST_BID,"JPM,99603,71"
2019-06-28 13:04:30.000000000,BEST_ASK,"JPM,99608,99"
2019-06-28 13:04:30.000000000,BEST_BID,"JPM,99603,71"
2019-06-28 13:04:30.000000000,BEST_ASK,"JPM,99608,99"
2019-06-28 13:04:30.000000000,BEST_BID,"JPM,99603,71"
2019-06-28 13:04:30.000000000,BEST_ASK,"JPM,99608,99"
2019-06-28 13:04:38.361026877,QUERY_ORDER_STREAM,55
2019-06-28 13:04:38.361026877,QUERY_SPREAD,55
2019-06-28 13:04:40.000000000,QUERY_SPREAD,1
2019-06-28 13:04:40.000000000,BEST_BID,"JPM,99603,141"
2019-06-28 13:04:40.000000000,BEST_ASK,"JPM,99608,29"
2019-06-28 13:04:40.000000000,BEST_BID,"JPM,99603,141"
2019-06-28 13:04:40.000000000,BEST_ASK,"JPM,99608,29"
2019-06-28 13:04:40.000000000,BEST_BID,"JPM,99603,141"
2019-06-28 13:04:40.000000000,BEST_ASK,"JPM,99608,169"
2019-06-28 13:04:40.000000000,BEST_BID,"JPM,99603,141"
2019-06-28 13:04:40.000000000,BEST_ASK,"JPM,99608,169"
2019-06-28 13:04:50.000000000,QUERY_SPREAD,1
2019-06-28 13:04:50.000000000,BEST_BID,"JPM,99603,57"
2019-06-28 13:04:50.000000000,BEST_ASK,"JPM,99608,29"
2019-06-28 13:04:50.000000000,BEST_BID,"JPM,99603,57"
2019-06-28 13:04:50.000000000,BEST_ASK,"JPM,99608,29"
2019-06-28 13:04:50.000000000,BEST_BID,"JPM,99603,57"
2019-06-28 13:04:50.000000000,BEST_ASK,"JPM,99608,29"
2019-06-28 13:04:50.000000000,BEST_BID,"JPM,99603,57"
2019-06-28 13:04:50.000000000,BEST_ASK,"JPM,99608,29"
2019-06-28 13:04:50.000000000,BEST_BID,"JPM,99603,57"
2019-06-28 13:04:50.000000000,BEST_ASK,"JPM,99608,29"
2019-06-28 13:04:50.000000000,BEST_BID,"JPM,99603,57"
2019-06-28 13:04:50.000000000,BEST_ASK,"JPM,99608,85"
2019-06-28 13:04:50.000000000,BEST_BID,"JPM,99603,57"
2019-06-28 13:04:50.000000000,BEST_ASK,"JPM,99608,85"
2019-06-28 13:04:50.000000000,BEST_BID,"JPM,99603,57"
2019-06-28 13:04:50.000000000,BEST_ASK,"JPM,99608,85"
2019-06-28 13:04:50.000000000,BEST_BID,"JPM,99603,57"
2019-06-28 13:04:50.000000000,BEST_ASK,"JPM,99608,85"
2019-06-28 13:04:50.000000000,BEST_BID,"JPM,99603,57"
2019-06-28 13:04:50.000000000,BEST_ASK,"JPM,99608,85"
2019-06-28 13:04:53.419514873,QUERY_SPREAD,20
2019-06-28 13:04:53.419514873,BEST_BID,"JPM,99603,57"
2019-06-28 13:04:53.419514873,BEST_ASK,"JPM,99608,85"
2019-06-28 13:04:55.582038486,QUERY_SPREAD,10
2019-06-28 13:04:55.582038486,BEST_BID,"JPM,99603,57"
2019-06-28 13:04:55.582038486,BEST_ASK,"JPM,99608,85"
2019-06-28 13:05:00.000000000,QUERY_SPREAD,1
2019-06-28 13:05:00.000000000,BEST_BID,"JPM,99603,141"
2019-06-28 13:05:00.000000000,BEST_ASK,"JPM,99608,29"
2019-06-28 13:05:00.000000000,BEST_BID,"JPM,99603,141"
2019-06-28 13:05:00.000000000,BEST_ASK,"JPM,99608,29"
2019-06-28 13:05:00.000000000,BEST_BID,"JPM,99603,141"
2019-06-28 13:05:00.000000000,BEST_ASK,"JPM,99608,169"
2019-06-28 13:05:00.000000000,BEST_BID,"JPM,99603,141"
2019-06-28 13:05:00.000000000,BEST_ASK,"JPM,99608,169"
2019-06-28 13:05:00.000000000,QUERY_SPREAD,77
2019-06-28 13:05:00.000000000,BEST_BID,"JPM,99603,140"
2019-06-28 13:05:00.000000000,BEST_ASK,"JPM,99608,169"
2019-06-28 13:05:00.000000000,LAST_TRADE,"1,$99603.0000"
2019-06-28 13:05:00.000000000,QUERY_SPREAD,78
2019-06-28 13:05:00.000000000,BEST_BID,"JPM,99603,136"
2019-06-28 13:05:00.000000000,BEST_ASK,"JPM,99608,169"
2019-06-28 13:05:00.000000000,LAST_TRADE,"4,$99603.0000"
2019-06-28 13:05:00.000000000,QUERY_SPREAD,79
2019-06-28 13:05:00.000000000,BEST_BID,"JPM,99603,130"
2019-06-28 13:05:00.000000000,BEST_ASK,"JPM,99608,169"
2019-06-28 13:05:00.000000000,LAST_TRADE,"6,$99603.0000"
2019-06-28 13:05:00.000000000,QUERY_SPREAD,80
2019-06-28 13:05:00.000000000,BEST_BID,"JPM,99603,125"
2019-06-28 13:05:00.000000000,BEST_ASK,"JPM,99608,169"
2019-06-28 13:05:00.000000000,LAST_TRADE,"5,$99603.0000"
2019-06-28 13:05:00.000000000,QUERY_SPREAD,81
2019-06-28 13:05:00.000000000,BEST_BID,"JPM,99603,117"
2019-06-28 13:05:00.000000000,BEST_ASK,"JPM,99608,169"
2019-06-28 13:05:00.000000000,LAST_TRADE,"8,$99603.0000"
2019-06-28 13:05:00.000000000,QUERY_SPREAD,82
2019-06-28 13:05:00.000000000,BEST_BID,"JPM,99603,109"
2019-06-28 13:05:00.000000000,BEST_ASK,"JPM,99608,169"
2019-06-28 13:05:00.000000000,LAST_TRADE,"8,$99603.0000"
2019-06-28 13:05:00.000000000,QUERY_SPREAD,83
2019-06-28 13:05:00.000000000,BEST_BID,"JPM,99603,107"
2019-06-28 13:05:00.000000000,BEST_ASK,"JPM,99608,169"
2019-06-28 13:05:00.000000000,LAST_TRADE,"2,$99603.0000"
2019-06-28 13:05:00.000000000,QUERY_SPREAD,84
2019-06-28 13:05:00.000000000,BEST_BID,"JPM,99603,106"
2019-06-28 13:05:00.000000000,BEST_ASK,"JPM,99608,169"
2019-06-28 13:05:00.000000000,LAST_TRADE,"1,$99603.0000"
2019-06-28 13:05:00.000000000,QUERY_SPREAD,85
2019-06-28 13:05:00.000000000,BEST_BID,"JPM,99603,105"
2019-06-28 13:05:00.000000000,BEST_ASK,"JPM,99608,169"
2019-06-28 13:05:00.000000000,LAST_TRADE,"1,$99603.0000"
2019-06-28 13:05:00.000000000,QUERY_SPREAD,86
2019-06-28 13:05:00.000000000,BEST_BID,"JPM,99603,99"
2019-06-28 13:05:00.000000000,BEST_ASK,"JPM,99608,169"
2019-06-28 13:05:00.000000000,LAST_TRADE,"6,$99603.0000"
2019-06-28 13:05:00.000000000,QUERY_SPREAD,87
2019-06-28 13:05:00.000000000,BEST_BID,"JPM,99603,96"
2019-06-28 13:05:00.000000000,BEST_ASK,"JPM,99608,169"
2019-06-28 13:05:00.000000000,LAST_TRADE,"3,$99603.0000"
2019-06-28 13:05:00.000000000,QUERY_SPREAD,88
2019-06-28 13:05:00.000000000,BEST_BID,"JPM,99603,92"
2019-06-28 13:05:00.000000000,BEST_ASK,"JPM,99608,169"
2019-06-28 13:05:00.000000000,LAST_TRADE,"4,$99603.0000"
2019-06-28 13:05:00.000000000,QUERY_SPREAD,89
2019-06-28 13:05:00.000000000,BEST_BID,"JPM,99603,88"
2019-06-28 13:05:00.000000000,BEST_ASK,"JPM,99608,169"
2019-06-28 13:05:00.000000000,LAST_TRADE,"4,$99603.0000"
2019-06-28 13:05:00.000000000,QUERY_SPREAD,90
2019-06-28 13:05:00.000000000,BEST_BID,"JPM,99603,81"
2019-06-28 13:05:00.000000000,BEST_ASK,"JPM,99608,169"
2019-06-28 13:05:00.000000000,LAST_TRADE,"7,$99603.0000"
2019-06-28 13:05:00.000000000,QUERY_SPREAD,91
2019-06-28 13:05:00.000000000,BEST_BID,"JPM,99603,73"
2019-06-28 13:05:00.000000000,BEST_ASK,"JPM,99608,169"
2019-06-28 13:05:00.000000000,LAST_TRADE,"8,$99603.0000"
2019-06-28 13:05:00.000000000,QUERY_SPREAD,92
2019-06-28 13:05:00.000000000,BEST_BID,"JPM,99603,68"
2019-06-28 13:05:00.000000000,BEST_ASK,"JPM,99608,169"
2019-06-28 13:05:00.000000000,LAST_TRADE,"5,$99603.0000"
2019-06-28 13:05:00.000000000,QUERY_SPREAD,93
2019-06-28 13:05:00.000000000,BEST_BID,"JPM,99603,65"
2019-06-28 13:05:00.000000000,BEST_ASK,"JPM,99608,169"
2019-06-28 13:05:00.000000000,LAST_TRADE,"3,$99603.0000"
2019-06-28 13:05:00.000000000,QUERY_SPREAD,94
2019-06-28 13:05:00.000000000,BEST_BID,"JPM,99603,61"
2019-06-28 13:05:00.000000000,BEST_ASK,"JPM,99608,169"
2019-06-28 13:05:00.000000000,LAST_TRADE,"4,$99603.0000"
2019-06-28 13:05:00.000000000,QUERY_SPREAD,95
2019-06-28 13:05:00.000000000,BEST_BID,"JPM,99603,56"
2019-06-28 13:05:00.000000000,BEST_ASK,"JPM,99608,169"
2019-06-28 13:05:00.000000000,LAST_TRADE,"5,$99603.0000"
2019-06-28 13:05:00.000000000,QUERY_SPREAD,96
2019-06-28 13:05:00.000000000,BEST_BID,"JPM,99603,55"
2019-06-28 13:05:00.000000000,BEST_ASK,"JPM,99608,169"
2019-06-28 13:05:00.000000000,LAST_TRADE,"1,$99603.0000"
2019-06-28 13:05:00.000000000,QUERY_SPREAD,97
2019-06-28 13:05:00.000000000,BEST_BID,"JPM,99603,48"
2019-06-28 13:05:00.000000000,BEST_ASK,"JPM,99608,169"
2019-06-28 13:05:00.000000000,LAST_TRADE,"7,$99603.0000"
2019-06-28 13:05:00.000000000,QUERY_SPREAD,98
2019-06-28 13:05:00.000000000,BEST_BID,"JPM,99603,42"
2019-06-28 13:05:00.000000000,BEST_ASK,"JPM,99608,169"
2019-06-28 13:05:00.000000000,LAST_TRADE,"6,$99603.0000"
2019-06-28 13:05:00.000000000,QUERY_SPREAD,99
2019-06-28 13:05:00.000000000,BEST_BID,"JPM,99603,37"
2019-06-28 13:05:00.000000000,BEST_ASK,"JPM,99608,169"
2019-06-28 13:05:00.000000000,LAST_TRADE,"5,$99603.0000"
2019-06-28 13:05:00.000000000,QUERY_SPREAD,100
2019-06-28 13:05:00.000000000,BEST_BID,"JPM,99603,30"
2019-06-28 13:05:00.000000000,BEST_ASK,"JPM,99608,169"
2019-06-28 13:05:00.000000000,LAST_TRADE,"7,$99603.0000"
2019-06-28 13:05:00.000000000,QUERY_SPREAD,101
2019-06-28 13:05:00.000000000,QUERY_ORDER_STREAM,101
2019-06-28 13:05:00.000000000,BEST_BID,"JPM,99603,31"
2019-06-28 13:05:00.000000000,BEST_ASK,"JPM,99608,169"
2019-06-28 13:05:10.000000000,QUERY_SPREAD,1
2019-06-28 13:05:10.000000000,BEST_BID,"JPM,99603,57"
2019-06-28 13:05:10.000000000,BEST_ASK,"JPM,99608,29"
2019-06-28 13:05:10.000000000,BEST_BID,"JPM,99603,57"
2019-06-28 13:05:10.000000000,BEST_ASK,"JPM,99608,29"
2019-06-28 13:05:10.000000000,BEST_BID,"JPM,99603,57"
2019-06-28 13:05:10.000000000,BEST_ASK,"JPM,99608,29"
2019-06-28 13:05:10.000000000,BEST_BID,"JPM,99603,57"
2019-06-28 13:05:10.000000000,BEST_ASK,"JPM,99608,29"
2019-06-28 13:05:10.000000000,BEST_BID,"JPM,99603,57"
2019-06-28 13:05:10.000000000,BEST_ASK,"JPM,99608,29"
2019-06-28 13:05:10.000000000,BEST_BID,"JPM,99603,57"
2019-06-28 13:05:10.000000000,BEST_ASK,"JPM,99608,85"
2019-06-28 13:05:10.000000000,BEST_BID,"JPM,99603,57"
2019-06-28 13:05:10.000000000,BEST_ASK,"JPM,99608,85"
2019-06-28 13:05:10.000000000,BEST_BID,"JPM,99603,57"
2019-06-28 13:05:10.000000000,BEST_ASK,"JPM,99608,85"
2019-06-28 13:05:10.000000000,BEST_BID,"JPM,99603,57"
2019-06-28 13:05:10.000000000,BEST_ASK,"JPM,99608,85"
2019-06-28 13:05:10.000000000,BEST_BID,"JPM,99603,57"
2019-06-28 13:05:10.000000000,BEST_ASK,"JPM,99608,85"
2019-06-28 13:05:10.899001104,QUERY_ORDER_STREAM,59
2019-06-28 13:05:10.899001104,QUERY_SPREAD,59
2019-06-28 13:05:10.899001104,BEST_BID,"JPM,99441,156"
2019-06-28 13:05:10.899001104,BEST_ASK,"JPM,99603,43"
2019-06-28 13:05:10.899001104,LAST_TRADE,"57,$99603.0000"
2019-06-28 13:05:17.571836871,QUERY_ORDER_STREAM,55
2019-06-28 13:05:17.571836871,QUERY_SPREAD,55
2019-06-28 13:05:17.571836871,BEST_BID,"JPM,99441,156"
2019-06-28 13:05:17.571836871,BEST_ASK,"JPM,99603,143"
2019-06-28 13:05:20.000000000,QUERY_SPREAD,1
2019-06-28 13:05:20.000000000,BEST_BID,"JPM,99441,380"
2019-06-28 13:05:20.000000000,BEST_ASK,"JPM,99603,143"
2019-06-28 13:05:20.000000000,BEST_BID,"JPM,99441,380"
2019-06-28 13:05:20.000000000,BEST_ASK,"JPM,99603,423"
2019-06-28 13:05:26.484791136,QUERY_SPREAD,2
2019-06-28 13:05:26.484791136,BEST_BID,"JPM,99511,100"
2019-06-28 13:05:26.484791136,BEST_ASK,"JPM,99603,423"
2019-06-28 13:05:30.000000000,QUERY_SPREAD,1
2019-06-28 13:05:30.000000000,BEST_BID,"JPM,99511,195"
2019-06-28 13:05:30.000000000,BEST_ASK,"JPM,99603,143"
2019-06-28 13:05:30.000000000,BEST_BID,"JPM,99511,195"
2019-06-28 13:05:30.000000000,BEST_ASK,"JPM,99603,143"
2019-06-28 13:05:30.000000000,BEST_BID,"JPM,99511,195"
2019-06-28 13:05:30.000000000,BEST_ASK,"JPM,99603,143"
2019-06-28 13:05:30.000000000,BEST_BID,"JPM,99511,195"
2019-06-28 13:05:30.000000000,BEST_ASK,"JPM,99603,238"
2019-06-28 13:05:30.000000000,BEST_BID,"JPM,99511,195"
2019-06-28 13:05:30.000000000,BEST_ASK,"JPM,99603,238"
2019-06-28 13:05:30.000000000,BEST_BID,"JPM,99511,195"
2019-06-28 13:05:30.000000000,BEST_ASK,"JPM,99603,238"
2019-06-28 13:05:40.000000000,QUERY_SPREAD,1
2019-06-28 13:05:40.000000000,BEST_BID,"JPM,99511,170"
2019-06-28 13:05:40.000000000,BEST_ASK,"JPM,99603,143"
2019-06-28 13:05:40.000000000,BEST_BID,"JPM,99511,170"
2019-06-28 13:05:40.000000000,BEST_ASK,"JPM,99603,143"
2019-06-28 13:05:40.000000000,BEST_BID,"JPM,99511,170"
2019-06-28 13:05:40.000000000,BEST_ASK,"JPM,99603,143"
2019-06-28 13:05:40.000000000,BEST_BID,"JPM,99511,170"
2019-06-28 13:05:40.000000000,BEST_ASK,"JPM,99603,143"
2019-06-28 13:05:40.000000000,BEST_BID,"JPM,99511,170"
2019-06-28 13:05:40.000000000,BEST_ASK,"JPM,99603,213"
2019-06-28 13:05:40.000000000,BEST_BID,"JPM,99511,170"
2019-06-28 13:05:40.000000000,BEST_ASK,"JPM,99603,213"
2019-06-28 13:05:40.000000000,BEST_BID,"JPM,99511,170"
2019-06-28 13:05:40.000000000,BEST_ASK,"JPM,99603,213"
2019-06-28 13:05:40.000000000,BEST_BID,"JPM,99511,170"
2019-06-28 13:05:40.000000000,BEST_ASK,"JPM,99603,213"
2019-06-28 13:05:48.672258189,QUERY_SPREAD,40
2019-06-28 13:05:48.672258189,BEST_BID,"JPM,99511,70"
2019-06-28 13:05:48.672258189,BEST_ASK,"JPM,99603,213"
2019-06-28 13:05:48.672258189,LAST_TRADE,"100,$99511.0000"
2019-06-28 13:05:48.730851034,QUERY_SPREAD,18
2019-06-28 13:05:48.730851034,BEST_BID,"JPM,99511,70"
2019-06-28 13:05:48.730851034,BEST_ASK,"JPM,99603,213"
2019-06-28 13:05:50.000000000,QUERY_SPREAD,1
2019-06-28 13:05:50.000000000,BEST_BID,"JPM,99441,240"
2019-06-28 13:05:50.000000000,BEST_ASK,"JPM,99603,143"
2019-06-28 13:05:50.000000000,BEST_BID,"JPM,99441,240"
2019-06-28 13:05:50.000000000,BEST_ASK,"JPM,99603,143"
2019-06-28 13:05:50.000000000,BEST_BID,"JPM,99441,240"
2019-06-28 13:05:50.000000000,BEST_ASK,"JPM,99603,283"
2019-06-28 13:05:50.000000000,BEST_BID,"JPM,99441,240"
2019-06-28 13:05:50.000000000,BEST_ASK,"JPM,99603,283"
2019-06-28 13:06:00.000000000,QUERY_SPREAD,1
2019-06-28 13:06:00.000000000,BEST_BID,"JPM,99441,240"
2019-06-28 13:06:00.000000000,BEST_ASK,"JPM,99603,143"
2019-06-28 13:06:00.000000000,BEST_BID,"JPM,99441,240"
2019-06-28 13:06:00.000000000,BEST_ASK,"JPM,99603,143"
2019-06-28 13:06:00.000000000,BEST_BID,"JPM,99441,240"
2019-06-28 13:06:00.000000000,BEST_ASK,"JPM,99603,283"
2019-06-28 13:06:00.000000000,BEST_BID,"JPM,99441,240"
2019-06-28 13:06:00.000000000,BEST_ASK,"JPM,99603,283"
2019-06-28 13:06:00.000000000,QUERY_SPREAD,77
2019-06-28 13:06:00.000000000,BEST_BID,"JPM,99441,239"
2019-06-28 13:06:00.000000000,BEST_ASK,"JPM,99603,283"
2019-06-28 13:06:00.000000000,LAST_TRADE,"1,$99441.0000"
2019-06-28 13:06:00.000000000,QUERY_SPREAD,78
2019-06-28 13:06:00.000000000,BEST_BID,"JPM,99441,235"
2019-06-28 13:06:00.000000000,BEST_ASK,"JPM,99603,283"
2019-06-28 13:06:00.000000000,LAST_TRADE,"4,$99441.0000"
2019-06-28 13:06:00.000000000,QUERY_SPREAD,79
2019-06-28 13:06:00.000000000,BEST_BID,"JPM,99441,229"
2019-06-28 13:06:00.000000000,BEST_ASK,"JPM,99603,283"
2019-06-28 13:06:00.000000000,LAST_TRADE,"6,$99441.0000"
2019-06-28 13:06:00.000000000,QUERY_SPREAD,80
2019-06-28 13:06:00.000000000,BEST_BID,"JPM,99441,224"
2019-06-28 13:06:00.000000000,BEST_ASK,"JPM,99603,283"
2019-06-28 13:06:00.000000000,LAST_TRADE,"5,$99441.0000"
2019-06-28 13:06:00.000000000,QUERY_SPREAD,81
2019-06-28 13:06:00.000000000,BEST_BID,"JPM,99441,216"
2019-06-28 13:06:00.000000000,BEST_ASK,"JPM,99603,283"
2019-06-28 13:06:00.000000000,LAST_TRADE,"8,$99441.0000"
2019-06-28 13:06:00.000000000,QUERY_SPREAD,82
2019-06-28 13:06:00.000000000,BEST_BID,"JPM,99441,208"
2019-06-28 13:06:00.000000000,BEST_ASK,"JPM,99603,283"
2019-06-28 13:06:00.000000000,LAST_TRADE,"8,$99441.0000"
2019-06-28 13:06:00.000000000,QUERY_SPREAD,83
2019-06-28 13:06:00.000000000,BEST_BID,"JPM,99441,206"
2019-06-28 13:06:00.000000000,BEST_ASK,"JPM,99603,283"
2019-06-28 13:06:00.000000000,LAST_TRADE,"2,$99441.0000"
2019-06-28 13:06:00.000000000,QUERY_SPREAD,84
2019-06-28 13:06:00.000000000,BEST_BID,"JPM,99441,205"
2019-06-28 13:06:00.000000000,BEST_ASK,"JPM,99603,283"
2019-06-28 13:06:00.000000000,LAST_TRADE,"1,$99441.0000"
2019-06-28 13:06:00.000000000,QUERY_SPREAD,85
2019-06-28 13:06:00.000000000,BEST_BID,"JPM,99441,204"
2019-06-28 13:06:00.000000000,BEST_ASK,"JPM,99603,283"
2019-06-28 13:06:00.000000000,LAST_TRADE,"1,$99441.0000"
2019-06-28 13:06:00.000000000,QUERY_SPREAD,86
2019-06-28 13:06:00.000000000,BEST_BID,"JPM,99441,198"
2019-06-28 13:06:00.000000000,BEST_ASK,"JPM,99603,283"
2019-06-28 13:06:00.000000000,LAST_TRADE,"6,$99441.0000"
2019-06-28 13:06:00.000000000,QUERY_SPREAD,87
2019-06-28 13:06:00.000000000,BEST_BID,"JPM,99441,195"
2019-06-28 13:06:00.000000000,BEST_ASK,"JPM,99603,283"
2019-06-28 13:06:00.000000000,LAST_TRADE,"3,$99441.0000"
2019-06-28 13:06:00.000000000,QUERY_SPREAD,88
2019-06-28 13:06:00.000000000,BEST_BID,"JPM,99441,191"
2019-06-28 13:06:00.000000000,BEST_ASK,"JPM,99603,283"
2019-06-28 13:06:00.000000000,LAST_TRADE,"4,$99441.0000"
2019-06-28 13:06:00.000000000,QUERY_SPREAD,89
2019-06-28 13:06:00.000000000,BEST_BID,"JPM,99441,187"
2019-06-28 13:06:00.000000000,BEST_ASK,"JPM,99603,283"
2019-06-28 13:06:00.000000000,LAST_TRADE,"4,$99441.0000"
2019-06-28 13:06:00.000000000,QUERY_SPREAD,90
2019-06-28 13:06:00.000000000,BEST_BID,"JPM,99441,180"
2019-06-28 13:06:00.000000000,BEST_ASK,"JPM,99603,283"
2019-06-28 13:06:00.000000000,LAST_TRADE,"7,$99441.0000"
2019-06-28 13:06:00.000000000,QUERY_SPREAD,91
2019-06-28 13:06:00.000000000,BEST_BID,"JPM,99441,172"
2019-06-28 13:06:00.000000000,BEST_ASK,"JPM,99603,283"
2019-06-28 13:06:00.000000000,LAST_TRADE,"8,$99441.0000"
2019-06-28 13:06:00.000000000,QUERY_SPREAD,92
2019-06-28 13:06:00.000000000,BEST_BID,"JPM,99441,167"
2019-06-28 13:06:00.000000000,BEST_ASK,"JPM,99603,283"
2019-06-28 13:06:00.000000000,LAST_TRADE,"5,$99441.0000"
2019-06-28 13:06:00.000000000,QUERY_SPREAD,93
2019-06-28 13:06:00.000000000,BEST_BID,"JPM,99441,164"
2019-06-28 13:06:00.000000000,BEST_ASK,"JPM,99603,283"
2019-06-28 13:06:00.000000000,LAST_TRADE,"3,$99441.0000"
2019-06-28 13:06:00.000000000,QUERY_SPREAD,94
2019-06-28 13:06:00.000000000,BEST_BID,"JPM,99441,160"
2019-06-28 13:06:00.000000000,BEST_ASK,"JPM,99603,283"
2019-06-28 13:06:00.000000000,LAST_TRADE,"4,$99441.0000"
2019-06-28 13:06:00.000000000,QUERY_SPREAD,95
2019-06-28 13:06:00.000000000,BEST_BID,"JPM,99441,155"
2019-06-28 13:06:00.000000000,BEST_ASK,"JPM,99603,283"
2019-06-28 13:06:00.000000000,LAST_TRADE,"5,$99441.0000"
2019-06-28 13:06:00.000000000,QUERY_SPREAD,96
2019-06-28 13:06:00.000000000,BEST_BID,"JPM,99441,154"
2019-06-28 13:06:00.000000000,BEST_ASK,"JPM,99603,283"
2019-06-28 13:06:00.000000000,LAST_TRADE,"1,$99441.0000"
2019-06-28 13:06:00.000000000,QUERY_SPREAD,97
2019-06-28 13:06:00.000000000,BEST_BID,"JPM,99441,147"
2019-06-28 13:06:00.000000000,BEST_ASK,"JPM,99603,283"
2019-06-28 13:06:00.000000000,LAST_TRADE,"7,$99441.0000"
2019-06-28 13:06:00.000000000,QUERY_SPREAD,98
2019-06-28 13:06:00.000000000,BEST_BID,"JPM,99441,141"
2019-06-28 13:06:00.000000000,BEST_ASK,"JPM,99603,283"
2019-06-28 13:06:00.000000000,LAST_TRADE,"6,$99441.0000"
2019-06-28 13:06:00.000000000,QUERY_SPREAD,99
2019-06-28 13:06:00.000000000,BEST_BID,"JPM,99441,136"
2019-06-28 13:06:00.000000000,BEST_ASK,"JPM,99603,283"
2019-06-28 13:06:00.000000000,LAST_TRADE,"5,$99441.0000"
2019-06-28 13:06:00.000000000,QUERY_SPREAD,100
2019-06-28 13:06:00.000000000,BEST_BID,"JPM,99441,129"
2019-06-28 13:06:00.000000000,BEST_ASK,"JPM,99603,283"
2019-06-28 13:06:00.000000000,LAST_TRADE,"7,$99441.0000"
2019-06-28 13:06:00.000000000,QUERY_SPREAD,101
2019-06-28 13:06:00.000000000,QUERY_ORDER_STREAM,101
2019-06-28 13:06:00.000000000,BEST_BID,"JPM,99441,130"
2019-06-28 13:06:00.000000000,BEST_ASK,"JPM,99603,283"
2019-06-28 13:06:10.000000000,QUERY_SPREAD,1
2019-06-28 13:06:10.000000000,BEST_BID,"JPM,99441,141"
2019-06-28 13:06:10.000000000,BEST_ASK,"JPM,99603,143"
2019-06-28 13:06:10.000000000,BEST_BID,"JPM,99441,141"
2019-06-28 13:06:10.000000000,BEST_ASK,"JPM,99603,143"
2019-06-28 13:06:10.000000000,BEST_BID,"JPM,99441,141"
2019-06-28 13:06:10.000000000,BEST_ASK,"JPM,99603,283"
2019-06-28 13:06:10.000000000,BEST_BID,"JPM,99441,141"
2019-06-28 13:06:10.000000000,BEST_ASK,"JPM,99603,283"
2019-06-28 13:06:19.975297114,QUERY_SPREAD,4
2019-06-28 13:06:19.975297114,BEST_BID,"JPM,99441,141"
2019-06-28 13:06:19.975297114,BEST_ASK,"JPM,99603,283"
2019-06-28 13:06:20.000000000,QUERY_SPREAD,1
2019-06-28 13:06:20.000000000,BEST_BID,"JPM,99441,96"
2019-06-28 13:06:20.000000000,BEST_ASK,"JPM,99603,143"
2019-06-28 13:06:20.000000000,BEST_BID,"JPM,99441,96"
2019-06-28 13:06:20.000000000,BEST_ASK,"JPM,99603,143"
2019-06-28 13:06:20.000000000,BEST_BID,"JPM,99441,96"
2019-06-28 13:06:20.000000000,BEST_ASK,"JPM,99603,143"
2019-06-28 13:06:20.000000000,BEST_BID,"JPM,99441,96"
2019-06-28 13:06:20.000000000,BEST_ASK,"JPM,99603,238"
2019-06-28 13:06:20.000000000,BEST_BID,"JPM,99441,96"
2019-06-28 13:06:20.000000000,BEST_ASK,"JPM,99603,238"
2019-06-28 13:06:20.000000000,BEST_BID,"JPM,99441,96"
2019-06-28 13:06:20.000000000,BEST_ASK,"JPM,99603,238"
2019-06-28 13:06:30.000000000,QUERY_SPREAD,1
2019-06-28 13:06:30.000000000,BEST_BID,"JPM,99441,141"
2019-06-28 13:06:30.000000000,BEST_ASK,"JPM,99603,143"
2019-06-28 13:06:30.000000000,BEST_BID,"JPM,99441,141"
2019-06-28 13:06:30.000000000,BEST_ASK,"JPM,99603,143"
2019-06-28 13:06:30.000000000,BEST_BID,"JPM,99441,141"
2019-06-28 13:06:30.000000000,BEST_ASK,"JPM,99603,283"
2019-06-28 13:06:30.000000000,BEST_BID,"JPM,99441,141"
2019-06-28 13:06:30.000000000,BEST_ASK,"JPM,99603,283"
2019-06-28 13:06:33.715551556,QUERY_SPREAD,47
2019-06-28 13:06:33.715551556,BEST_BID,"JPM,99441,41"
2019-06-28 13:06:33.715551556,BEST_ASK,"JPM,99603,283"
2019-06-28 13:06:33.715551556,LAST_TRADE,"100,$99441.0000"
2019-06-28 13:06:33.928566362,QUERY_SPREAD,45
2019-06-28 13:06:33.928566362,BEST_BID,"JPM,99441,41"
2019-06-28 13:06:33.928566362,BEST_ASK,"JPM,99603,283"
2019-06-28 13:06:40.000000000,QUERY_SPREAD,1
2019-06-28 13:06:40.000000000,BEST_BID,"JPM,99391,195"
2019-06-28 13:06:40.000000000,BEST_ASK,"JPM,99603,143"
2019-06-28 13:06:40.000000000,BEST_BID,"JPM,99391,195"
2019-06-28 13:06:40.000000000,BEST_ASK,"JPM,99603,143"
2019-06-28 13:06:40.000000000,BEST_BID,"JPM,99391,195"
2019-06-28 13:06:40.000000000,BEST_ASK,"JPM,99603,143"
2019-06-28 13:06:40.000000000,BEST_BID,"JPM,99391,195"
2019-06-28 13:06:40.000000000,BEST_ASK,"JPM,99603,238"
2019-06-28 13:06:40.000000000,BEST_BID,"JPM,99391,195"
2019-06-28 13:06:40.000000000,BEST_ASK,"JPM,99603,238"
2019-06-28 13:06:40.000000000,BEST_BID,"JPM,99391,195"
2019-06-28 13:06:40.000000000,BEST_ASK,"JPM,99603,238"
2019-06-28 13:06:50.000000000,QUERY_SPREAD,1
2019-06-28 13:06:50.000000000,BEST_BID,"JPM,99391,156"
2019-06-28 13:06:50.000000000,BEST_ASK,"JPM,99603,143"
2019-06-28 13:06:50.000000000,BEST_BID,"JPM,99391,156"
2019-06-28 13:06:50.000000000,BEST_ASK,"JPM,99603,143"
2019-06-28 13:06:50.000000000,BEST_BID,"JPM,99391,156"
2019-06-28 13:06:50.000000000,BEST_ASK,"JPM,99603,143"
2019-06-28 13:06:50.000000000,BEST_BID,"JPM,99391,156"
2019-06-28 13:06:50.000000000,BEST_ASK,"JPM,99603,143"
2019-06-28 13:06:50.000000000,BEST_BID,"JPM,99391,156"
2019-06-28 13:06:50.000000000,BEST_ASK,"JPM,99603,143"
2019-06-28 13:06:50.000000000,BEST_BID,"JPM,99391,156"
2019-06-28 13:06:50.000000000,BEST_ASK,"JPM,99603,199"
2019-06-28 13:06:50.000000000,BEST_BID,"JPM,99391,156"
2019-06-28 13:06:50.000000000,BEST_ASK,"JPM,99603,199"
2019-06-28 13:06:50.000000000,BEST_BID,"JPM,99391,156"
2019-06-28 13:06:50.000000000,BEST_ASK,"JPM,99603,199"
2019-06-28 13:06:50.000000000,BEST_BID,"JPM,99391,156"
2019-06-28 13:06:50.000000000,BEST_ASK,"JPM,99603,199"
2019-06-28 13:06:50.000000000,BEST_BID,"JPM,99391,156"
2019-06-28 13:06:50.000000000,BEST_ASK,"JPM,99603,199"
2019-06-28 13:07:00.000000000,QUERY_SPREAD,1
2019-06-28 13:07:00.000000000,BEST_BID,"JPM,99391,156"
2019-06-28 13:07:00.000000000,BEST_ASK,"JPM,99603,143"
2019-06-28 13:07:00.000000000,BEST_BID,"JPM,99391,156"
2019-06-28 13:07:00.000000000,BEST_ASK,"JPM,99603,143"
2019-06-28 13:07:00.000000000,BEST_BID,"JPM,99391,156"
2019-06-28 13:07:00.000000000,BEST_ASK,"JPM,99603,143"
2019-06-28 13:07:00.000000000,BEST_BID,"JPM,99391,156"
2019-06-28 13:07:00.000000000,BEST_ASK,"JPM,99603,143"
2019-06-28 13:07:00.000000000,BEST_BID,"JPM,99391,156"
2019-06-28 13:07:00.000000000,BEST_ASK,"JPM,99603,143"
2019-06-28 13:07:00.000000000,BEST_BID,"JPM,99391,156"
2019-06-28 13:07:00.000000000,BEST_ASK,"JPM,99603,199"
2019-06-28 13:07:00.000000000,BEST_BID,"JPM,99391,156"
2019-06-28 13:07:00.000000000,BEST_ASK,"JPM,99603,199"
2019-06-28 13:07:00.000000000,BEST_BID,"JPM,99391,156"
2019-06-28 13:07:00.000000000,BEST_ASK,"JPM,99603,199"
2019-06-28 13:07:00.000000000,BEST_BID,"JPM,99391,156"
2019-06-28 13:07:00.000000000,BEST_ASK,"JPM,99603,199"
2019-06-28 13:07:00.000000000,BEST_BID,"JPM,99391,156"
2019-06-28 13:07:00.000000000,BEST_ASK,"JPM,99603,199"
2019-06-28 13:07:00.000000000,QUERY_SPREAD,77
2019-06-28 13:07:00.000000000,BEST_BID,"JPM,99391,155"
2019-06-28 13:07:00.000000000,BEST_ASK,"JPM,99603,199"
2019-06-28 13:07:00.000000000,LAST_TRADE,"1,$99391.0000"
2019-06-28 13:07:00.000000000,QUERY_SPREAD,78
2019-06-28 13:07:00.000000000,BEST_BID,"JPM,99391,151"
2019-06-28 13:07:00.000000000,BEST_ASK,"JPM,99603,199"
2019-06-28 13:07:00.000000000,LAST_TRADE,"4,$99391.0000"
2019-06-28 13:07:00.000000000,QUERY_SPREAD,79
2019-06-28 13:07:00.000000000,BEST_BID,"JPM,99391,145"
2019-06-28 13:07:00.000000000,BEST_ASK,"JPM,99603,199"
2019-06-28 13:07:00.000000000,LAST_TRADE,"6,$99391.0000"
2019-06-28 13:07:00.000000000,QUERY_SPREAD,80
2019-06-28 13:07:00.000000000,BEST_BID,"JPM,99391,140"
2019-06-28 13:07:00.000000000,BEST_ASK,"JPM,99603,199"
2019-06-28 13:07:00.000000000,LAST_TRADE,"5,$99391.0000"
2019-06-28 13:07:00.000000000,QUERY_SPREAD,81
2019-06-28 13:07:00.000000000,BEST_BID,"JPM,99391,132"
2019-06-28 13:07:00.000000000,BEST_ASK,"JPM,99603,199"
2019-06-28 13:07:00.000000000,LAST_TRADE,"8,$99391.0000"
2019-06-28 13:07:00.000000000,QUERY_SPREAD,82
2019-06-28 13:07:00.000000000,BEST_BID,"JPM,99391,124"
2019-06-28 13:07:00.000000000,BEST_ASK,"JPM,99603,199"
2019-06-28 13:07:00.000000000,LAST_TRADE,"8,$99391.0000"
2019-06-28 13:07:00.000000000,QUERY_SPREAD,83
2019-06-28 13:07:00.000000000,BEST_BID,"JPM,99391,122"
2019-06-28 13:07:00.000000000,BEST_ASK,"JPM,99603,199"
2019-06-28 13:07:00.000000000,LAST_TRADE,"2,$99391.0000"
2019-06-28 13:07:00.000000000,QUERY_SPREAD,84
2019-06-28 13:07:00.000000000,BEST_BID,"JPM,99391,121"
2019-06-28 13:07:00.000000000,BEST_ASK,"JPM,99603,199"
2019-06-28 13:07:00.000000000,LAST_TRADE,"1,$99391.0000"
2019-06-28 13:07:00.000000000,QUERY_SPREAD,85
2019-06-28 13:07:00.000000000,BEST_BID,"JPM,99391,120"
2019-06-28 13:07:00.000000000,BEST_ASK,"JPM,99603,199"
2019-06-28 13:07:00.000000000,LAST_TRADE,"1,$99391.0000"
2019-06-28 13:07:00.000000000,QUERY_SPREAD,86
2019-06-28 13:07:00.000000000,BEST_BID,"JPM,99391,114"
2019-06-28 13:07:00.000000000,BEST_ASK,"JPM,99603,199"
2019-06-28 13:07:00.000000000,LAST_TRADE,"6,$99391.0000"
2019-06-28 13:07:00.000000000,QUERY_SPREAD,87
2019-06-28 13:07:00.000000000,BEST_BID,"JPM,99391,111"
2019-06-28 13:07:00.000000000,BEST_ASK,"JPM,99603,199"
2019-06-28 13:07:00.000000000,LAST_TRADE,"3,$99391.0000"
2019-06-28 13:07:00.000000000,QUERY_SPREAD,88
2019-06-28 13:07:00.000000000,BEST_BID,"JPM,99391,107"
2019-06-28 13:07:00.000000000,BEST_ASK,"JPM,99603,199"
2019-06-28 13:07:00.000000000,LAST_TRADE,"4,$99391.0000"
2019-06-28 13:07:00.000000000,QUERY_SPREAD,89
2019-06-28 13:07:00.000000000,BEST_BID,"JPM,99391,103"
2019-06-28 13:07:00.000000000,BEST_ASK,"JPM,99603,199"
2019-06-28 13:07:00.000000000,LAST_TRADE,"4,$99391.0000"
2019-06-28 13:07:00.000000000,QUERY_SPREAD,90
2019-06-28 13:07:00.000000000,BEST_BID,"JPM,99391,96"
2019-06-28 13:07:00.000000000,BEST_ASK,"JPM,99603,199"
2019-06-28 13:07:00.000000000,LAST_TRADE,"7,$99391.0000"
2019-06-28 13:07:00.000000000,QUERY_SPREAD,91
2019-06-28 13:07:00.000000000,BEST_BID,"JPM,99391,88"
2019-06-28 13:07:00.000000000,BEST_ASK,"JPM,99603,199"
2019-06-28 13:07:00.000000000,LAST_TRADE,"8,$99391.0000"
2019-06-28 13:07:00.000000000,QUERY_SPREAD,92
2019-06-28 13:07:00.000000000,BEST_BID,"JPM,99391,83"
2019-06-28 13:07:00.000000000,BEST_ASK,"JPM,99603,199"
2019-06-28 13:07:00.000000000,LAST_TRADE,"5,$99391.0000"
2019-06-28 13:07:00.000000000,QUERY_SPREAD,93
2019-06-28 13:07:00.000000000,BEST_BID,"JPM,99391,80"
2019-06-28 13:07:00.000000000,BEST_ASK,"JPM,99603,199"
2019-06-28 13:07:00.000000000,LAST_TRADE,"3,$99391.0000"
2019-06-28 13:07:00.000000000,QUERY_SPREAD,94
2019-06-28 13:07:00.000000000,BEST_BID,"JPM,99391,76"
2019-06-28 13:07:00.000000000,BEST_ASK,"JPM,99603,199"
2019-06-28 13:07:00.000000000,LAST_TRADE,"4,$99391.0000"
2019-06-28 13:07:00.000000000,QUERY_SPREAD,95
2019-06-28 13:07:00.000000000,BEST_BID,"JPM,99391,71"
2019-06-28 13:07:00.000000000,BEST_ASK,"JPM,99603,199"
2019-06-28 13:07:00.000000000,LAST_TRADE,"5,$99391.0000"
2019-06-28 13:07:00.000000000,QUERY_SPREAD,96
2019-06-28 13:07:00.000000000,BEST_BID,"JPM,99391,70"
2019-06-28 13:07:00.000000000,BEST_ASK,"JPM,99603,199"
2019-06-28 13:07:00.000000000,LAST_TRADE,"1,$99391.0000"
2019-06-28 13:07:00.000000000,QUERY_SPREAD,97
2019-06-28 13:07:00.000000000,BEST_BID,"JPM,99391,63"
2019-06-28 13:07:00.000000000,BEST_ASK,"JPM,99603,199"
2019-06-28 13:07:00.000000000,LAST_TRADE,"7,$99391.0000"
2019-06-28 13:07:00.000000000,QUERY_SPREAD,98
2019-06-28 13:07:00.000000000,BEST_BID,"JPM,99391,57"
2019-06-28 13:07:00.000000000,BEST_ASK,"JPM,99603,199"
2019-06-28 13:07:00.000000000,LAST_TRADE,"6,$99391.0000"
2019-06-28 13:07:00.000000000,QUERY_SPREAD,99
2019-06-28 13:07:00.000000000,BEST_BID,"JPM,99391,52"
2019-06-28 13:07:00.000000000,BEST_ASK,"JPM,99603,199"
2019-06-28 13:07:00.000000000,LAST_TRADE,"5,$99391.0000"
2019-06-28 13:07:00.000000000,QUERY_SPREAD,100
2019-06-28 13:07:00.000000000,BEST_BID,"JPM,99391,45"
2019-06-28 13:07:00.000000000,BEST_ASK,"JPM,99603,199"
2019-06-28 13:07:00.000000000,LAST_TRADE,"7,$99391.0000"
2019-06-28 13:07:00.000000000,QUERY_SPREAD,101
2019-06-28 13:07:00.000000000,QUERY_ORDER_STREAM,101
2019-06-28 13:07:00.000000000,BEST_BID,"JPM,99391,46"
2019-06-28 13:07:00.000000000,BEST_ASK,"JPM,99603,199"
2019-06-28 13:07:10.000000000,QUERY_SPREAD,1
2019-06-28 13:07:10.000000000,BEST_BID,"JPM,99391,57"
2019-06-28 13:07:10.000000000,BEST_ASK,"JPM,99603,143"
2019-06-28 13:07:10.000000000,BEST_BID,"JPM,99391,57"
2019-06-28 13:07:10.000000000,BEST_ASK,"JPM,99603,143"
2019-06-28 13:07:10.000000000,BEST_BID,"JPM,99391,57"
2019-06-28 13:07:10.000000000,BEST_ASK,"JPM,99603,143"
2019-06-28 13:07:10.000000000,BEST_BID,"JPM,99391,57"
2019-06-28 13:07:10.000000000,BEST_ASK,"JPM,99603,143"
2019-06-28 13:07:10.000000000,BEST_BID,"JPM,99391,57"
2019-06-28 13:07:10.000000000,BEST_ASK,"JPM,99603,143"
2019-06-28 13:07:10.000000000,BEST_BID,"JPM,99391,57"
2019-06-28 13:07:10.000000000,BEST_ASK,"JPM,99603,199"
2019-06-28 13:07:10.000000000,BEST_BID,"JPM,99391,57"
2019-06-28 13:07:10.000000000,BEST_ASK,"JPM,99603,199"
2019-06-28 13:07:10.000000000,BEST_BID,"JPM,99391,57"
2019-06-28 13:07:10.000000000,BEST_ASK,"JPM,99603,199"
2019-06-28 13:07:10.000000000,BEST_BID,"JPM,99391,57"
2019-06-28 13:07:10.000000000,BEST_ASK,"JPM,99603,199"
2019-06-28 13:07:10.000000000,BEST_BID,"JPM,99391,57"
2019-06-28 13:07:10.000000000,BEST_ASK,"JPM,99603,199"
2019-06-28 13:07:10.852548787,QUERY_ORDER_STREAM,54
2019-06-28 13:07:10.852548787,QUERY_SPREAD,54
2019-06-28 13:07:10.852548787,BEST_BID,"JPM,99197,156"
2019-06-28 13:07:10.852548787,BEST_ASK,"JPM,99391,43"
2019-06-28 13:07:10.852548787,LAST_TRADE,"57,$99391.0000"
2019-06-28 13:07:16.056908952,QUERY_ORDER_STREAM,74
2019-06-28 13:07:16.056908952,QUERY_SPREAD,74
2019-06-28 13:07:20.000000000,QUERY_SPREAD,1
2019-06-28 13:07:20.000000000,BEST_BID,"JPM,99197,240"
2019-06-28 13:07:20.000000000,BEST_ASK,"JPM,99391,43"
2019-06-28 13:07:20.000000000,BEST_BID,"JPM,99197,240"
2019-06-28 13:07:20.000000000,BEST_ASK,"JPM,99391,43"
2019-06-28 13:07:20.000000000,BEST_BID,"JPM,99197,240"
2019-06-28 13:07:20.000000000,BEST_ASK,"JPM,99391,183"
2019-06-28 13:07:20.000000000,BEST_BID,"JPM,99197,240"
2019-06-28 13:07:20.000000000,BEST_ASK,"JPM,99391,183"
2019-06-28 13:07:21.063476346,QUERY_SPREAD,9
2019-06-28 13:07:21.063476346,BEST_BID,"JPM,99197,140"
2019-06-28 13:07:21.063476346,BEST_ASK,"JPM,99391,183"
2019-06-28 13:07:21.063476346,LAST_TRADE,"100,$99197.0000"
2019-06-28 13:07:26.208495345,QUERY_SPREAD,49
2019-06-28 13:07:26.208495345,BEST_BID,"JPM,99197,140"
2019-06-28 13:07:26.208495345,BEST_ASK,"JPM,99391,183"
2019-06-28 13:07:30.000000000,QUERY_SPREAD,1
2019-06-28 13:07:30.000000000,BEST_BID,"JPM,99195,156"
2019-06-28 13:07:30.000000000,BEST_ASK,"JPM,99391,43"
2019-06-28 13:07:30.000000000,BEST_BID,"JPM,99195,156"
2019-06-28 13:07:30.000000000,BEST_ASK,"JPM,99391,43"
2019-06-28 13:07:30.000000000,BEST_BID,"JPM,99195,156"
2019-06-28 13:07:30.000000000,BEST_ASK,"JPM,99391,43"
2019-06-28 13:07:30.000000000,BEST_BID,"JPM,99195,156"
2019-06-28 13:07:30.000000000,BEST_ASK,"JPM,99391,43"
2019-06-28 13:07:30.000000000,BEST_BID,"JPM,99195,156"
2019-06-28 13:07:30.000000000,BEST_ASK,"JPM,99391,43"
2019-06-28 13:07:30.000000000,BEST_BID,"JPM,99195,156"
2019-06-28 13:07:30.000000000,BEST_ASK,"JPM,99391,99"
2019-06-28 13:07:30.000000000,BEST_BID,"JPM,99195,156"
2019-06-28 13:07:30.000000000,BEST_ASK,"JPM,99391,99"
2019-06-28 13:07:30.000000000,BEST_BID,"JPM,99195,156"
2019-06-28 13:07:30.000000000,BEST_ASK,"JPM,99391,99"
2019-06-28 13:07:30.000000000,BEST_BID,"JPM,99195,156"
2019-06-28 13:07:30.000000000,BEST_ASK,"JPM,99391,99"
2019-06-28 13:07:30.000000000,BEST_BID,"JPM,99195,156"
2019-06-28 13:07:30.000000000,BEST_ASK,"JPM,99391,99"
2019-06-28 13:07:32.962257959,QUERY_ORDER_STREAM,76
2019-06-28 13:07:32.962257959,QUERY_SPREAD,76
2019-06-28 13:07:40.000000000,QUERY_SPREAD,1
2019-06-28 13:07:40.000000000,BEST_BID,"JPM,99195,380"
2019-06-28 13:07:40.000000000,BEST_ASK,"JPM,99391,43"
2019-06-28 13:07:40.000000000,BEST_BID,"JPM,99195,380"
2019-06-28 13:07:40.000000000,BEST_ASK,"JPM,99391,323"
2019-06-28 13:07:45.717889324,QUERY_SPREAD,24
2019-06-28 13:07:45.717889324,BEST_BID,"JPM,99195,280"
2019-06-28 13:07:45.717889324,BEST_ASK,"JPM,99391,323"
2019-06-28 13:07:45.717889324,LAST_TRADE,"100,$99195.0000"
2019-06-28 13:07:50.000000000,QUERY_SPREAD,1
2019-06-28 13:07:50.000000000,BEST_BID,"JPM,99083,195"
2019-06-28 13:07:50.000000000,BEST_ASK,"JPM,99391,43"
2019-06-28 13:07:50.000000000,BEST_BID,"JPM,99083,195"
2019-06-28 13:07:50.000000000,BEST_ASK,"JPM,99391,43"
2019-06-28 13:07:50.000000000,BEST_BID,"JPM,99083,195"
2019-06-28 13:07:50.000000000,BEST_ASK,"JPM,99391,43"
2019-06-28 13:07:50.000000000,BEST_BID,"JPM,99083,195"
2019-06-28 13:07:50.000000000,BEST_ASK,"JPM,99391,138"
2019-06-28 13:07:50.000000000,BEST_BID,"JPM,99083,195"
2019-06-28 13:07:50.000000000,BEST_ASK,"JPM,99391,138"
2019-06-28 13:07:50.000000000,BEST_BID,"JPM,99083,195"
2019-06-28 13:07:50.000000000,BEST_ASK,"JPM,99391,138"
2019-06-28 13:08:00.000000000,QUERY_SPREAD,1
2019-06-28 13:08:00.000000000,BEST_BID,"JPM,99083,380"
2019-06-28 13:08:00.000000000,BEST_ASK,"JPM,99391,43"
2019-06-28 13:08:00.000000000,BEST_BID,"JPM,99083,380"
2019-06-28 13:08:00.000000000,BEST_ASK,"JPM,99391,323"
2019-06-28 13:08:00.000000000,QUERY_SPREAD,77
2019-06-28 13:08:00.000000000,BEST_BID,"JPM,99083,379"
2019-06-28 13:08:00.000000000,BEST_ASK,"JPM,99391,323"
2019-06-28 13:08:00.000000000,LAST_TRADE,"1,$99083.0000"
2019-06-28 13:08:00.000000000,QUERY_SPREAD,78
2019-06-28 13:08:00.000000000,BEST_BID,"JPM,99083,375"
2019-06-28 13:08:00.000000000,BEST_ASK,"JPM,99391,323"
2019-06-28 13:08:00.000000000,LAST_TRADE,"4,$99083.0000"
2019-06-28 13:08:00.000000000,QUERY_SPREAD,79
2019-06-28 13:08:00.000000000,BEST_BID,"JPM,99083,369"
2019-06-28 13:08:00.000000000,BEST_ASK,"JPM,99391,323"
2019-06-28 13:08:00.000000000,LAST_TRADE,"6,$99083.0000"
2019-06-28 13:08:00.000000000,QUERY_SPREAD,80
2019-06-28 13:08:00.000000000,BEST_BID,"JPM,99083,364"
2019-06-28 13:08:00.000000000,BEST_ASK,"JPM,99391,323"
2019-06-28 13:08:00.000000000,LAST_TRADE,"5,$99083.0000"
2019-06-28 13:08:00.000000000,QUERY_SPREAD,81
2019-06-28 13:08:00.000000000,BEST_BID,"JPM,99083,356"
2019-06-28 13:08:00.000000000,BEST_ASK,"JPM,99391,323"
2019-06-28 13:08:00.000000000,LAST_TRADE,"8,$99083.0000"
2019-06-28 13:08:00.000000000,QUERY_SPREAD,82
2019-06-28 13:08:00.000000000,BEST_BID,"JPM,99083,348"
2019-06-28 13:08:00.000000000,BEST_ASK,"JPM,99391,323"
2019-06-28 13:08:00.000000000,LAST_TRADE,"8,$99083.0000"
2019-06-28 13:08:00.000000000,QUERY_SPREAD,83
2019-06-28 13:08:00.000000000,BEST_BID,"JPM,99083,346"
2019-06-28 13:08:00.000000000,BEST_ASK,"JPM,99391,323"
2019-06-28 13:08:00.000000000,LAST_TRADE,"2,$99083.0000"
2019-06-28 13:08:00.000000000,QUERY_SPREAD,84
2019-06-28 13:08:00.000000000,BEST_BID,"JPM,99083,345"
2019-06-28 13:08:00.000000000,BEST_ASK,"JPM,99391,323"
2019-06-28 13:08:00.000000000,LAST_TRADE,"1,$99083.0000"
2019-06-28 13:08:00.000000000,QUERY_SPREAD,85
2019-06-28 13:08:00.000000000,BEST_BID,"JPM,99083,344"
2019-06-28 13:08:00.000000000,BEST_ASK,"JPM,99391,323"
2019-06-28 13:08:00.000000000,LAST_TRADE,"1,$99083.0000"
2019-06-28 13:08:00.000000000,QUERY_SPREAD,86
2019-06-28 13:08:00.000000000,BEST_BID,"JPM,99083,338"
2019-06-28 13:08:00.000000000,BEST_ASK,"JPM,99391,323"
2019-06-28 13:08:00.000000000,LAST_TRADE,"6,$99083.0000"
2019-06-28 13:08:00.000000000,QUERY_SPREAD,87
2019-06-28 13:08:00.000000000,BEST_BID,"JPM,99083,335"
2019-06-28 13:08:00.000000000,BEST_ASK,"JPM,99391,323"
2019-06-28 13:08:00.000000000,LAST_TRADE,"3,$99083.0000"
2019-06-28 13:08:00.000000000,QUERY_SPREAD,88
2019-06-28 13:08:00.000000000,BEST_BID,"JPM,99083,331"
2019-06-28 13:08:00.000000000,BEST_ASK,"JPM,99391,323"
2019-06-28 13:08:00.000000000,LAST_TRADE,"4,$99083.0000"
2019-06-28 13:08:00.000000000,QUERY_SPREAD,89
2019-06-28 13:08:00.000000000,BEST_BID,"JPM,99083,327"
2019-06-28 13:08:00.000000000,BEST_ASK,"JPM,99391,323"
2019-06-28 13:08:00.000000000,LAST_TRADE,"4,$99083.0000"
2019-06-28 13:08:00.000000000,QUERY_SPREAD,90
2019-06-28 13:08:00.000000000,BEST_BID,"JPM,99083,320"
2019-06-28 13:08:00.000000000,BEST_ASK,"JPM,99391,323"
2019-06-28 13:08:00.000000000,LAST_TRADE,"7,$99083.0000"
2019-06-28 13:08:00.000000000,QUERY_SPREAD,91
2019-06-28 13:08:00.000000000,BEST_BID,"JPM,99083,312"
2019-06-28 13:08:00.000000000,BEST_ASK,"JPM,99391,323"
2019-06-28 13:08:00.000000000,LAST_TRADE,"8,$99083.0000"
2019-06-28 13:08:00.000000000,QUERY_SPREAD,92
2019-06-28 13:08:00.000000000,BEST_BID,"JPM,99083,307"
2019-06-28 13:08:00.000000000,BEST_ASK,"JPM,99391,323"
2019-06-28 13:08:00.000000000,LAST_TRADE,"5,$99083.0000"
2019-06-28 13:08:00.000000000,QUERY_SPREAD,93
2019-06-28 13:08:00.000000000,BEST_BID,"JPM,99083,304"
2019-06-28 13:08:00.000000000,BEST_ASK,"JPM,99391,323"
2019-06-28 13:08:00.000000000,LAST_TRADE,"3,$99083.0000"
2019-06-28 13:08:00.000000000,QUERY_SPREAD,94
2019-06-28 13:08:00.000000000,BEST_BID,"JPM,99083,300"
2019-06-28 13:08:00.000000000,BEST_ASK,"JPM,99391,323"
2019-06-28 13:08:00.000000000,LAST_TRADE,"4,$99083.0000"
2019-06-28 13:08:00.000000000,QUERY_SPREAD,95
2019-06-28 13:08:00.000000000,BEST_BID,"JPM,99083,295"
2019-06-28 13:08:00.000000000,BEST_ASK,"JPM,99391,323"
2019-06-28 13:08:00.000000000,LAST_TRADE,"5,$99083.0000"
2019-06-28 13:08:00.000000000,QUERY_SPREAD,96
2019-06-28 13:08:00.000000000,BEST_BID,"JPM,99083,294"
2019-06-28 13:08:00.000000000,BEST_ASK,"JPM,99391,323"
2019-06-28 13:08:00.000000000,LAST_TRADE,"1,$99083.0000"
2019-06-28 13:08:00.000000000,QUERY_SPREAD,97
2019-06-28 13:08:00.000000000,BEST_BID,"JPM,99083,287"
2019-06-28 13:08:00.000000000,BEST_ASK,"JPM,99391,323"
2019-06-28 13:08:00.000000000,LAST_TRADE,"7,$99083.0000"
2019-06-28 13:08:00.000000000,QUERY_SPREAD,98
2019-06-28 13:08:00.000000000,BEST_BID,"JPM,99083,281"
2019-06-28 13:08:00.000000000,BEST_ASK,"JPM,99391,323"
2019-06-28 13:08:00.000000000,LAST_TRADE,"6,$99083.0000"
2019-06-28 13:08:00.000000000,QUERY_SPREAD,99
2019-06-28 13:08:00.000000000,BEST_BID,"JPM,99083,276"
2019-06-28 13:08:00.000000000,BEST_ASK,"JPM,99391,323"
2019-06-28 13:08:00.000000000,LAST_TRADE,"5,$99083.0000"
2019-06-28 13:08:00.000000000,QUERY_SPREAD,100
2019-06-28 13:08:00.000000000,BEST_BID,"JPM,99083,269"
2019-06-28 13:08:00.000000000,BEST_ASK,"JPM,99391,323"
2019-06-28 13:08:00.000000000,LAST_TRADE,"7,$99083.0000"
2019-06-28 13:08:00.000000000,QUERY_SPREAD,101
2019-06-28 13:08:00.000000000,QUERY_ORDER_STREAM,101
2019-06-28 13:08:00.000000000,BEST_BID,"JPM,99083,270"
2019-06-28 13:08:00.000000000,BEST_ASK,"JPM,99391,323"
2019-06-28 13:08:07.650202671,QUERY_SPREAD,38
2019-06-28 13:08:07.650202671,BEST_BID,"JPM,99083,270"
2019-06-28 13:08:07.650202671,BEST_ASK,"JPM,99391,323"
2019-06-28 13:08:09.976854437,QUERY_ORDER_STREAM,59
2019-06-28 13:08:09.976854437,QUERY_SPREAD,59
2019-06-28 13:08:10.000000000,QUERY_SPREAD,1
2019-06-28 13:08:10.000000000,BEST_BID,"JPM,99083,141"
2019-06-28 13:08:10.000000000,BEST_ASK,"JPM,99391,43"
2019-06-28 13:08:10.000000000,BEST_BID,"JPM,99083,141"
2019-06-28 13:08:10.000000000,BEST_ASK,"JPM,99391,43"
2019-06-28 13:08:10.000000000,BEST_BID,"JPM,99083,141"
2019-06-28 13:08:10.000000000,BEST_ASK,"JPM,99391,183"
2019-06-28 13:08:10.000000000,BEST_BID,"JPM,99083,141"
2019-06-28 13:08:10.000000000,BEST_ASK,"JPM,99391,183"
2019-06-28 13:08:20.000000000,QUERY_SPREAD,1
2019-06-28 13:08:20.000000000,BEST_BID,"JPM,99083,57"
2019-06-28 13:08:20.000000000,BEST_ASK,"JPM,99391,43"
2019-06-28 13:08:20.000000000,BEST_BID,"JPM,99083,57"
2019-06-28 13:08:20.000000000,BEST_ASK,"JPM,99391,43"
2019-06-28 13:08:20.000000000,BEST_BID,"JPM,99083,57"
2019-06-28 13:08:20.000000000,BEST_ASK,"JPM,99391,43"
2019-06-28 13:08:20.000000000,BEST_BID,"JPM,99083,57"
2019-06-28 13:08:20.000000000,BEST_ASK,"JPM,99391,43"
2019-06-28 13:08:20.000000000,BEST_BID,"JPM,99083,57"
2019-06-28 13:08:20.000000000,BEST_ASK,"JPM,99391,43"
2019-06-28 13:08:20.000000000,BEST_BID,"JPM,99083,57"
2019-06-28 13:08:20.000000000,BEST_ASK,"JPM,99391,99"
2019-06-28 13:08:20.000000000,BEST_BID,"JPM,99083,57"
2019-06-28 13:08:20.000000000,BEST_ASK,"JPM,99391,99"
2019-06-28 13:08:20.000000000,BEST_BID,"JPM,99083,57"
2019-06-28 13:08:20.000000000,BEST_ASK,"JPM,99391,99"
2019-06-28 13:08:20.000000000,BEST_BID,"JPM,99083,57"
2019-06-28 13:08:20.000000000,BEST_ASK,"JPM,99391,99"
2019-06-28 13:08:20.000000000,BEST_BID,"JPM,99083,57"
2019-06-28 13:08:20.000000000,BEST_ASK,"JPM,99391,99"
2019-06-28 13:08:30.000000000,QUERY_SPREAD,1
2019-06-28 13:08:30.000000000,BEST_BID,"JPM,99083,71"
2019-06-28 13:08:30.000000000,BEST_ASK,"JPM,99391,43"
2019-06-28 13:08:30.000000000,BEST_BID,"JPM,99083,71"
2019-06-28 13:08:30.000000000,BEST_ASK,"JPM,99391,43"
2019-06-28 13:08:30.000000000,BEST_BID,"JPM,99083,71"
2019-06-28 13:08:30.000000000,BEST_ASK,"JPM,99391,43"
2019-06-28 13:08:30.000000000,BEST_BID,"JPM,99083,71"
2019-06-28 13:08:30.000000000,BEST_ASK,"JPM,99391,43"
2019-06-28 13:08:30.000000000,BEST_BID,"JPM,99083,71"
2019-06-28 13:08:30.000000000,BEST_ASK,"JPM,99391,113"
2019-06-28 13:08:30.000000000,BEST_BID,"JPM,99083,71"
2019-06-28 13:08:30.000000000,BEST_ASK,"JPM,99391,113"
2019-06-28 13:08:30.000000000,BEST_BID,"JPM,99083,71"
2019-06-28 13:08:30.000000000,BEST_ASK,"JPM,99391,113"
2019-06-28 13:08:30.000000000,BEST_BID,"JPM,99083,71"
2019-06-28 13:08:30.000000000,BEST_ASK,"JPM,99391,113"
2019-06-28 13:08:40.000000000,QUERY_SPREAD,1
2019-06-28 13:08:40.000000000,BEST_BID,"JPM,99083,71"
2019-06-28 13:08:40.000000000,BEST_ASK,"JPM,99391,43"
2019-06-28 13:08:40.000000000,BEST_BID,"JPM,99083,71"
2019-06-28 13:08:40.000000000,BEST_ASK,"JPM,99391,43"
2019-06-28 13:08:40.000000000,BEST_BID,"JPM,99083,71"
2019-06-28 13:08:40.000000000,BEST_ASK,"JPM,99391,43"
2019-06-28 13:08:40.000000000,BEST_BID,"JPM,99083,71"
2019-06-28 13:08:40.000000000,BEST_ASK,"JPM,99391,43"
2019-06-28 13:08:40.000000000,BEST_BID,"JPM,99083,71"
2019-06-28 13:08:40.000000000,BEST_ASK,"JPM,99391,113"
2019-06-28 13:08:40.000000000,BEST_BID,"JPM,99083,71"
2019-06-28 13:08:40.000000000,BEST_ASK,"JPM,99391,113"
2019-06-28 13:08:40.000000000,BEST_BID,"JPM,99083,71"
2019-06-28 13:08:40.000000000,BEST_ASK,"JPM,99391,113"
2019-06-28 13:08:40.000000000,BEST_BID,"JPM,99083,71"
2019-06-28 13:08:40.000000000,BEST_ASK,"JPM,99391,113"
2019-06-28 13:08:50.000000000,QUERY_SPREAD,1
2019-06-28 13:08:50.000000000,BEST_BID,"JPM,99083,57"
2019-06-28 13:08:50.000000000,BEST_ASK,"JPM,99391,43"
2019-06-28 13:08:50.000000000,BEST_BID,"JPM,99083,57"
2019-06-28 13:08:50.000000000,BEST_ASK,"JPM,99391,43"
2019-06-28 13:08:50.000000000,BEST_BID,"JPM,99083,57"
2019-06-28 13:08:50.000000000,BEST_ASK,"JPM,99391,43"
2019-06-28 13:08:50.000000000,BEST_BID,"JPM,99083,57"
2019-06-28 13:08:50.000000000,BEST_ASK,"JPM,99391,43"
2019-06-28 13:08:50.000000000,BEST_BID,"JPM,99083,57"
2019-06-28 13:08:50.000000000,BEST_ASK,"JPM,99391,43"
2019-06-28 13:08:50.000000000,BEST_BID,"JPM,99083,57"
2019-06-28 13:08:50.000000000,BEST_ASK,"JPM,99391,99"
2019-06-28 13:08:50.000000000,BEST_BID,"JPM,99083,57"
2019-06-28 13:08:50.000000000,BEST_ASK,"JPM,99391,99"
2019-06-28 13:08:50.000000000,BEST_BID,"JPM,99083,57"
2019-06-28 13:08:50.000000000,BEST_ASK,"JPM,99391,99"
2019-06-28 13:08:50.000000000,BEST_BID,"JPM,99083,57"
2019-06-28 13:08:50.000000000,BEST_ASK,"JPM,99391,99"
2019-06-28 13:08:50.000000000,BEST_BID,"JPM,99083,57"
2019-06-28 13:08:50.000000000,BEST_ASK,"JPM,99391,99"
2019-06-28 13:08:52.011043461,QUERY_SPREAD,4
2019-06-28 13:08:52.011043461,BEST_BID,"JPM,99385,100"
2019-06-28 13:08:52.011043461,BEST_ASK,"JPM,99391,99"
2019-06-28 13:08:53.145421575,QUERY_SPREAD,25
2019-06-28 13:08:53.145421575,BEST_BID,"JPM,99385,100"
2019-06-28 13:08:53.145421575,BEST_ASK,"JPM,99391,99"
2019-06-28 13:09:00.000000000,QUERY_SPREAD,1
2019-06-28 13:09:00.000000000,BEST_BID,"JPM,99385,195"
2019-06-28 13:09:00.000000000,BEST_ASK,"JPM,99391,43"
2019-06-28 13:09:00.000000000,BEST_BID,"JPM,99385,195"
2019-06-28 13:09:00.000000000,BEST_ASK,"JPM,99391,43"
2019-06-28 13:09:00.000000000,BEST_BID,"JPM,99385,195"
2019-06-28 13:09:00.000000000,BEST_ASK,"JPM,99391,43"
2019-06-28 13:09:00.000000000,BEST_BID,"JPM,99385,195"
2019-06-28 13:09:00.000000000,BEST_ASK,"JPM,99391,138"
2019-06-28 13:09:00.000000000,BEST_BID,"JPM,99385,195"
2019-06-28 13:09:00.000000000,BEST_ASK,"JPM,99391,138"
2019-06-28 13:09:00.000000000,BEST_BID,"JPM,99385,195"
2019-06-28 13:09:00.000000000,BEST_ASK,"JPM,99391,138"
2019-06-28 13:09:00.000000000,QUERY_SPREAD,77
2019-06-28 13:09:00.000000000,BEST_BID,"JPM,99385,194"
2019-06-28 13:09:00.000000000,BEST_ASK,"JPM,99391,138"
2019-06-28 13:09:00.000000000,LAST_TRADE,"1,$99385.0000"
2019-06-28 13:09:00.000000000,QUERY_SPREAD,78
2019-06-28 13:09:00.000000000,BEST_BID,"JPM,99385,190"
2019-06-28 13:09:00.000000000,BEST_ASK,"JPM,99391,138"
2019-06-28 13:09:00.000000000,LAST_TRADE,"4,$99385.0000"
2019-06-28 13:09:00.000000000,QUERY_SPREAD,79
2019-06-28 13:09:00.000000000,BEST_BID,"JPM,99385,184"
2019-06-28 13:09:00.000000000,BEST_ASK,"JPM,99391,138"
2019-06-28 13:09:00.000000000,LAST_TRADE,"6,$99385.0000"
2019-06-28 13:09:00.000000000,QUERY_SPREAD,80
2019-06-28 13:09:00.000000000,BEST_BID,"JPM,99385,179"
2019-06-28 13:09:00.000000000,BEST_ASK,"JPM,99391,138"
2019-06-28 13:09:00.000000000,LAST_TRADE,"5,$99385.0000"
2019-06-28 13:09:00.000000000,QUERY_SPREAD,81
2019-06-28 13:09:00.000000000,BEST_BID,"JPM,99385,171"
2019-06-28 13:09:00.000000000,BEST_ASK,"JPM,99391,138"
2019-06-28 13:09:00.000000000,LAST_TRADE,"8,$99385.0000"
2019-06-28 13:09:00.000000000,QUERY_SPREAD,82
2019-06-28 13:09:00.000000000,BEST_BID,"JPM,99385,163"
2019-06-28 13:09:00.000000000,BEST_ASK,"JPM,99391,138"
2019-06-28 13:09:00.000000000,LAST_TRADE,"8,$99385.0000"
2019-06-28 13:09:00.000000000,QUERY_SPREAD,83
2019-06-28 13:09:00.000000000,BEST_BID,"JPM,99385,161"
2019-06-28 13:09:00.000000000,BEST_ASK,"JPM,99391,138"
2019-06-28 13:09:00.000000000,LAST_TRADE,"2,$99385.0000"
2019-06-28 13:09:00.000000000,QUERY_SPREAD,84
2019-06-28 13:09:00.000000000,BEST_BID,"JPM,99385,160"
2019-06-28 13:09:00.000000000,BEST_ASK,"JPM,99391,138"
2019-06-28 13:09:00.000000000,LAST_TRADE,"1,$99385.0000"
2019-06-28 13:09:00.000000000,QUERY_SPREAD,85
2019-06-28 13:09:00.000000000,BEST_BID,"JPM,99385,159"
2019-06-28 13:09:00.000000000,BEST_ASK,"JPM,99391,138"
2019-06-28 13:09:00.000000000,LAST_TRADE,"1,$99385.0000"
2019-06-28 13:09:00.000000000,QUERY_SPREAD,86
2019-06-28 13:09:00.000000000,BEST_BID,"JPM,99385,153"
2019-06-28 13:09:00.000000000,BEST_ASK,"JPM,99391,138"
2019-06-28 13:09:00.000000000,LAST_TRADE,"6,$99385.0000"
2019-06-28 13:09:00.000000000,QUERY_SPREAD,87
2019-06-28 13:09:00.000000000,BEST_BID,"JPM,99385,150"
2019-06-28 13:09:00.000000000,BEST_ASK,"JPM,99391,138"
2019-06-28 13:09:00.000000000,LAST_TRADE,"3,$99385.0000"
2019-06-28 13:09:00.000000000,QUERY_SPREAD,88
2019-06-28 13:09:00.000000000,BEST_BID,"JPM,99385,146"
2019-06-28 13:09:00.000000000,BEST_ASK,"JPM,99391,138"
2019-06-28 13:09:00.000000000,LAST_TRADE,"4,$99385.0000"
2019-06-28 13:09:00.000000000,QUERY_SPREAD,89
2019-06-28 13:09:00.000000000,BEST_BID,"JPM,99385,142"
2019-06-28 13:09:00.000000000,BEST_ASK,"JPM,99391,138"
2019-06-28 13:09:00.000000000,LAST_TRADE,"4,$99385.0000"
2019-06-28 13:09:00.000000000,QUERY_SPREAD,90
2019-06-28 13:09:00.000000000,BEST_BID,"JPM,99385,135"
2019-06-28 13:09:00.000000000,BEST_ASK,"JPM,99391,138"
2019-06-28 13:09:00.000000000,LAST_TRADE,"7,$99385.0000"
2019-06-28 13:09:00.000000000,QUERY_SPREAD,91
2019-06-28 13:09:00.000000000,BEST_BID,"JPM,99385,127"
2019-06-28 13:09:00.000000000,BEST_ASK,"JPM,99391,138"
2019-06-28 13:09:00.000000000,LAST_TRADE,"8,$99385.0000"
2019-06-28 13:09:00.000000000,QUERY_SPREAD,92
2019-06-28 13:09:00.000000000,BEST_BID,"JPM,99385,122"
2019-06-28 13:09:00.000000000,BEST_ASK,"JPM,99391,138"
2019-06-28 13:09:00.000000000,LAST_TRADE,"5,$99385.0000"
2019-06-28 13:09:00.000000000,QUERY_SPREAD,93
2019-06-28 13:09:00.000000000,BEST_BID,"JPM,99385,119"
2019-06-28 13:09:00.000000000,BEST_ASK,"JPM,99391,138"
2019-06-28 13:09:00.000000000,LAST_TRADE,"3,$99385.0000"
2019-06-28 13:09:00.000000000,QUERY_SPREAD,94
2019-06-28 13:09:00.000000000,BEST_BID,"JPM,99385,115"
2019-06-28 13:09:00.000000000,BEST_ASK,"JPM,99391,138"
2019-06-28 13:09:00.000000000,LAST_TRADE,"4,$99385.0000"
2019-06-28 13:09:00.000000000,QUERY_SPREAD,95
2019-06-28 13:09:00.000000000,BEST_BID,"JPM,99385,110"
2019-06-28 13:09:00.000000000,BEST_ASK,"JPM,99391,138"
2019-06-28 13:09:00.000000000,LAST_TRADE,"5,$99385.0000"
2019-06-28 13:09:00.000000000,QUERY_SPREAD,96
2019-06-28 13:09:00.000000000,BEST_BID,"JPM,99385,109"
2019-06-28 13:09:00.000000000,BEST_ASK,"JPM,99391,138"
2019-06-28 13:09:00.000000000,LAST_TRADE,"1,$99385.0000"
2019-06-28 13:09:00.000000000,QUERY_SPREAD,97
2019-06-28 13:09:00.000000000,BEST_BID,"JPM,99385,102"
2019-06-28 13:09:00.000000000,BEST_ASK,"JPM,99391,138"
2019-06-28 13:09:00.000000000,LAST_TRADE,"7,$99385.0000"
2019-06-28 13:09:00.000000000,QUERY_SPREAD,98
2019-06-28 13:09:00.000000000,BEST_BID,"JPM,99385,96"
2019-06-28 13:09:00.000000000,BEST_ASK,"JPM,99391,138"
2019-06-28 13:09:00.000000000,LAST_TRADE,"6,$99385.0000"
2019-06-28 13:09:00.000000000,QUERY_SPREAD,99
2019-06-28 13:09:00.000000000,BEST_BID,"JPM,99385,91"
2019-06-28 13:09:00.000000000,BEST_ASK,"JPM,99391,138"
2019-06-28 13:09:00.000000000,LAST_TRADE,"5,$99385.0000"
2019-06-28 13:09:00.000000000,QUERY_SPREAD,100
2019-06-28 13:09:00.000000000,BEST_BID,"JPM,99385,84"
2019-06-28 13:09:00.000000000,BEST_ASK,"JPM,99391,138"
2019-06-28 13:09:00.000000000,LAST_TRADE,"7,$99385.0000"
2019-06-28 13:09:00.000000000,QUERY_SPREAD,101
2019-06-28 13:09:00.000000000,QUERY_ORDER_STREAM,101
2019-06-28 13:09:00.000000000,BEST_BID,"JPM,99385,85"
2019-06-28 13:09:00.000000000,BEST_ASK,"JPM,99391,138"
2019-06-28 13:09:10.000000000,QUERY_SPREAD,1
2019-06-28 13:09:10.000000000,BEST_BID,"JPM,99385,57"
2019-06-28 13:09:10.000000000,BEST_ASK,"JPM,99391,43"
2019-06-28 13:09:10.000000000,BEST_BID,"JPM,99385,57"
2019-06-28 13:09:10.000000000,BEST_ASK,"JPM,99391,43"
2019-06-28 13:09:10.000000000,BEST_BID,"JPM,99385,57"
2019-06-28 13:09:10.000000000,BEST_ASK,"JPM,99391,43"
2019-06-28 13:09:10.000000000,BEST_BID,"JPM,99385,57"
2019-06-28 13:09:10.000000000,BEST_ASK,"JPM,99391,43"
2019-06-28 13:09:10.000000000,BEST_BID,"JPM,99385,57"
2019-06-28 13:09:10.000000000,BEST_ASK,"JPM,99391,43"
2019-06-28 13:09:10.000000000,BEST_BID,"JPM,99385,57"
2019-06-28 13:09:10.000000000,BEST_ASK,"JPM,99391,99"
2019-06-28 13:09:10.000000000,BEST_BID,"JPM,99385,57"
2019-06-28 13:09:10.000000000,BEST_ASK,"JPM,99391,99"
2019-06-28 13:09:10.000000000,BEST_BID,"JPM,99385,57"
2019-06-28 13:09:10.000000000,BEST_ASK,"JPM,99391,99"
2019-06-28 13:09:10.000000000,BEST_BID,"JPM,99385,57"
2019-06-28 13:09:10.000000000,BEST_ASK,"JPM,99391,99"
2019-06-28 13:09:10.000000000,BEST_BID,"JPM,99385,57"
2019-06-28 13:09:10.000000000,BEST_ASK,"JPM,99391,99"
2019-06-28 13:09:15.417355199,QUERY_SPREAD,10
2019-06-28 13:09:15.417355199,BEST_BID,"JPM,99083,57"
2019-06-28 13:09:15.417355199,BEST_ASK,"JPM,99385,43"
2019-06-28 13:09:15.417355199,LAST_TRADE,"57,$99385.0000"
2019-06-28 13:09:16.556965791,QUERY_ORDER_STREAM,57
2019-06-28 13:09:16.556965791,QUERY_SPREAD,57
2019-06-28 13:09:19.478277532,QUERY_ORDER_STREAM,68
2019-06-28 13:09:19.478277532,QUERY_SPREAD,68
2019-06-28 13:09:19.478277532,BEST_BID,"JPM,99083,57"
2019-06-28 13:09:19.478277532,BEST_ASK,"JPM,99385,143"
2019-06-28 13:09:20.000000000,QUERY_SPREAD,1
2019-06-28 13:09:20.000000000,BEST_BID,"JPM,99083,71"
2019-06-28 13:09:20.000000000,BEST_ASK,"JPM,99385,143"
2019-06-28 13:09:20.000000000,BEST_BID,"JPM,99083,71"
2019-06-28 13:09:20.000000000,BEST_ASK,"JPM,99385,143"
2019-06-28 13:09:20.000000000,BEST_BID,"JPM,99083,71"
2019-06-28 13:09:20.000000000,BEST_ASK,"JPM,99385,143"
2019-06-28 13:09:20.000000000,BEST_BID,"JPM,99083,71"
2019-06-28 13:09:20.000000000,BEST_ASK,"JPM,99385,143"
2019-06-28 13:09:20.000000000,BEST_BID,"JPM,99083,71"
2019-06-28 13:09:20.000000000,BEST_ASK,"JPM,99385,213"
2019-06-28 13:09:20.000000000,BEST_BID,"JPM,99083,71"
2019-06-28 13:09:20.000000000,BEST_ASK,"JPM,99385,213"
2019-06-28 13:09:20.000000000,BEST_BID,"JPM,99083,71"
2019-06-28 13:09:20.000000000,BEST_ASK,"JPM,99385,213"
2019-06-28 13:09:20.000000000,BEST_BID,"JPM,99083,71"
2019-06-28 13:09:20.000000000,BEST_ASK,"JPM,99385,213"
2019-06-28 13:09:30.000000000,QUERY_SPREAD,1
2019-06-28 13:09:30.000000000,BEST_BID,"JPM,99083,57"
2019-06-28 13:09:30.000000000,BEST_ASK,"JPM,99385,143"
2019-06-28 13:09:30.000000000,BEST_BID,"JPM,99083,57"
2019-06-28 13:09:30.000000000,BEST_ASK,"JPM,99385,143"
2019-06-28 13:09:30.000000000,BEST_BID,"JPM,99083,57"
2019-06-28 13:09:30.000000000,BEST_ASK,"JPM,99385,143"
2019-06-28 13:09:30.000000000,BEST_BID,"JPM,99083,57"
2019-06-28 13:09:30.000000000,BEST_ASK,"JPM,99385,143"
2019-06-28 13:09:30.000000000,BEST_BID,"JPM,99083,57"
2019-06-28 13:09:30.000000000,BEST_ASK,"JPM,99385,143"
2019-06-28 13:09:30.000000000,BEST_BID,"JPM,99083,57"
2019-06-28 13:09:30.000000000,BEST_ASK,"JPM,99385,199"
2019-06-28 13:09:30.000000000,BEST_BID,"JPM,99083,57"
2019-06-28 13:09:30.000000000,BEST_ASK,"JPM,99385,199"
2019-06-28 13:09:30.000000000,BEST_BID,"JPM,99083,57"
2019-06-28 13:09:30.000000000,BEST_ASK,"JPM,99385,199"
2019-06-28 13:09:30.000000000,BEST_BID,"JPM,99083,57"
2019-06-28 13:09:30.000000000,BEST_ASK,"JPM,99385,199"
2019-06-28 13:09:30.000000000,BEST_BID,"JPM,99083,57"
2019-06-28 13:09:30.000000000,BEST_ASK,"JPM,99385,199"
2019-06-28 13:09:40.000000000,QUERY_SPREAD,1
2019-06-28 13:09:40.000000000,BEST_BID,"JPM,99083,57"
2019-06-28 13:09:40.000000000,BEST_ASK,"JPM,99385,143"
2019-06-28 13:09:40.000000000,BEST_BID,"JPM,99083,57"
2019-06-28 13:09:40.000000000,BEST_ASK,"JPM,99385,143"
2019-06-28 13:09:40.000000000,BEST_BID,"JPM,99083,57"
2019-06-28 13:09:40.000000000,BEST_ASK,"JPM,99385,143"
2019-06-28 13:09:40.000000000,BEST_BID,"JPM,99083,57"
2019-06-28 13:09:40.000000000,BEST_ASK,"JPM,99385,143"
2019-06-28 13:09:40.000000000,BEST_BID,"JPM,99083,57"
2019-06-28 13:09:40.000000000,BEST_ASK,"JPM,99385,143"
2019-06-28 13:09:40.000000000,BEST_BID,"JPM,99083,57"
2019-06-28 13:09:40.000000000,BEST_ASK,"JPM,99385,199"
2019-06-28 13:09:40.000000000,BEST_BID,"JPM,99083,57"
2019-06-28 13:09:40.000000000,BEST_ASK,"JPM,99385,199"
2019-06-28 13:09:40.000000000,BEST_BID,"JPM,99083,57"
2019-06-28 13:09:40.000000000,BEST_ASK,"JPM,99385,199"
2019-06-28 13:09:40.000000000,BEST_BID,"JPM,99083,57"
2019-06-28 13:09:40.000000000,BEST_ASK,"JPM,99385,199"
2019-06-28 13:09:40.000000000,BEST_BID,"JPM,99083,57"
2019-06-28 13:09:40.000000000,BEST_ASK,"JPM,99385,199"
2019-06-28 13:09:40.339558709,QUERY_SPREAD,39
2019-06-28 13:09:40.339558709,BEST_BID,"JPM,99086,100"
2019-06-28 13:09:40.339558709,BEST_ASK,"JPM,99385,199"
2019-06-28 13:09:44.664302229,QUERY_SPREAD,40
2019-06-28 13:09:44.664302229,BEST_BID,"JPM,99086,100"
2019-06-28 13:09:44.664302229,BEST_ASK,"JPM,99385,199"
2019-06-28 13:09:50.000000000,QUERY_SPREAD,1
2019-06-28 13:09:50.000000000,BEST_BID,"JPM,99086,195"
2019-06-28 13:09:50.000000000,BEST_ASK,"JPM,99385,143"
2019-06-28 13:09:50.000000000,BEST_BID,"JPM,99086,195"
2019-06-28 13:09:50.000000000,BEST_ASK,"JPM,99385,143"
2019-06-28 13:09:50.000000000,BEST_BID,"JPM,99086,195"
2019-06-28 13:09:50.000000000,BEST_ASK,"JPM,99385,143"
2019-06-28 13:09:50.000000000,BEST_BID,"JPM,99086,195"
2019-06-28 13:09:50.000000000,BEST_ASK,"JPM,99385,238"
2019-06-28 13:09:50.000000000,BEST_BID,"JPM,99086,195"
2019-06-28 13:09:50.000000000,BEST_ASK,"JPM,99385,238"
2019-06-28 13:09:50.000000000,BEST_BID,"JPM,99086,195"
2019-06-28 13:09:50.000000000,BEST_ASK,"JPM,99385,238"
2019-06-28 13:10:00.000000000,QUERY_SPREAD,1
2019-06-28 13:10:00.000000000,BEST_BID,"JPM,99086,170"
2019-06-28 13:10:00.000000000,BEST_ASK,"JPM,99385,143"
2019-06-28 13:10:00.000000000,BEST_BID,"JPM,99086,170"
2019-06-28 13:10:00.000000000,BEST_ASK,"JPM,99385,143"
2019-06-28 13:10:00.000000000,BEST_BID,"JPM,99086,170"
2019-06-28 13:10:00.000000000,BEST_ASK,"JPM,99385,143"
2019-06-28 13:10:00.000000000,BEST_BID,"JPM,99086,170"
2019-06-28 13:10:00.000000000,BEST_ASK,"JPM,99385,143"
2019-06-28 13:10:00.000000000,BEST_BID,"JPM,99086,170"
2019-06-28 13:10:00.000000000,BEST_ASK,"JPM,99385,213"
2019-06-28 13:10:00.000000000,BEST_BID,"JPM,99086,170"
2019-06-28 13:10:00.000000000,BEST_ASK,"JPM,99385,213"
2019-06-28 13:10:00.000000000,BEST_BID,"JPM,99086,170"
2019-06-28 13:10:00.000000000,BEST_ASK,"JPM,99385,213"
2019-06-28 13:10:00.000000000,BEST_BID,"JPM,99086,170"
2019-06-28 13:10:00.000000000,BEST_ASK,"JPM,99385,213"
2019-06-28 13:10:00.000000000,QUERY_SPREAD,77
2019-06-28 13:10:00.000000000,BEST_BID,"JPM,99086,169"
2019-06-28 13:10:00.000000000,BEST_ASK,"JPM,99385,213"
2019-06-28 13:10:00.000000000,LAST_TRADE,"1,$99086.0000"
2019-06-28 13:10:00.000000000,QUERY_SPREAD,78
2019-06-28 13:10:00.000000000,BEST_BID,"JPM,99086,165"
2019-06-28 13:10:00.000000000,BEST_ASK,"JPM,99385,213"
2019-06-28 13:10:00.000000000,LAST_TRADE,"4,$99086.0000"
2019-06-28 13:10:00.000000000,QUERY_SPREAD,79
2019-06-28 13:10:00.000000000,BEST_BID,"JPM,99086,159"
2019-06-28 13:10:00.000000000,BEST_ASK,"JPM,99385,213"
2019-06-28 13:10:00.000000000,LAST_TRADE,"6,$99086.0000"
2019-06-28 13:10:00.000000000,QUERY_SPREAD,80
2019-06-28 13:10:00.000000000,BEST_BID,"JPM,99086,154"
2019-06-28 13:10:00.000000000,BEST_ASK,"JPM,99385,213"
2019-06-28 13:10:00.000000000,LAST_TRADE,"5,$99086.0000"
2019-06-28 13:10:00.000000000,QUERY_SPREAD,81
2019-06-28 13:10:00.000000000,BEST_BID,"JPM,99086,146"
2019-06-28 13:10:00.000000000,BEST_ASK,"JPM,99385,213"
2019-06-28 13:10:00.000000000,LAST_TRADE,"8,$99086.0000"
2019-06-28 13:10:00.000000000,QUERY_SPREAD,82
2019-06-28 13:10:00.000000000,BEST_BID,"JPM,99086,138"
2019-06-28 13:10:00.000000000,BEST_ASK,"JPM,99385,213"
2019-06-28 13:10:00.000000000,LAST_TRADE,"8,$99086.0000"
2019-06-28 13:10:00.000000000,QUERY_SPREAD,83
2019-06-28 13:10:00.000000000,BEST_BID,"JPM,99086,136"
2019-06-28 13:10:00.000000000,BEST_ASK,"JPM,99385,213"
2019-06-28 13:10:00.000000000,LAST_TRADE,"2,$99086.0000"
2019-06-28 13:10:00.000000000,QUERY_SPREAD,84
2019-06-28 13:10:00.000000000,BEST_BID,"JPM,99086,135"
2019-06-28 13:10:00.000000000,BEST_ASK,"JPM,99385,213"
2019-06-28 13:10:00.000000000,LAST_TRADE,"1,$99086.0000"
2019-06-28 13:10:00.000000000,QUERY_SPREAD,85
2019-06-28 13:10:00.000000000,BEST_BID,"JPM,99086,134"
2019-06-28 13:10:00.000000000,BEST_ASK,"JPM,99385,213"
2019-06-28 13:10:00.000000000,LAST_TRADE,"1,$99086.0000"
2019-06-28 13:10:00.000000000,QUERY_SPREAD,86
2019-06-28 13:10:00.000000000,BEST_BID,"JPM,99086,128"
2019-06-28 13:10:00.000000000,BEST_ASK,"JPM,99385,213"
2019-06-28 13:10:00.000000000,LAST_TRADE,"6,$99086.0000"
2019-06-28 13:10:00.000000000,QUERY_SPREAD,87
2019-06-28 13:10:00.000000000,BEST_BID,"JPM,99086,125"
2019-06-28 13:10:00.000000000,BEST_ASK,"JPM,99385,213"
2019-06-28 13:10:00.000000000,LAST_TRADE,"3,$99086.0000"
2019-06-28 13:10:00.000000000,QUERY_SPREAD,88
2019-06-28 13:10:00.000000000,BEST_BID,"JPM,99086,121"
2019-06-28 13:10:00.000000000,BEST_ASK,"JPM,99385,213"
2019-06-28 13:10:00.000000000,LAST_TRADE,"4,$99086.0000"
2019-06-28 13:10:00.000000000,QUERY_SPREAD,89
2019-06-28 13:10:00.000000000,BEST_BID,"JPM,99086,117"
2019-06-28 13:10:00.000000000,BEST_ASK,"JPM,99385,213"
2019-06-28 13:10:00.000000000,LAST_TRADE,"4,$99086.0000"
2019-06-28 13:10:00.000000000,QUERY_SPREAD,90
2019-06-28 13:10:00.000000000,BEST_BID,"JPM,99086,110"
2019-06-28 13:10:00.000000000,BEST_ASK,"JPM,99385,213"
2019-06-28 13:10:00.000000000,LAST_TRADE,"7,$99086.0000"
2019-06-28 13:10:00.000000000,QUERY_SPREAD,91
2019-06-28 13:10:00.000000000,BEST_BID,"JPM,99086,102"
2019-06-28 13:10:00.000000000,BEST_ASK,"JPM,99385,213"
2019-06-28 13:10:00.000000000,LAST_TRADE,"8,$99086.0000"
2019-06-28 13:10:00.000000000,QUERY_SPREAD,92
2019-06-28 13:10:00.000000000,BEST_BID,"JPM,99086,97"
2019-06-28 13:10:00.000000000,BEST_ASK,"JPM,99385,213"
2019-06-28 13:10:00.000000000,LAST_TRADE,"5,$99086.0000"
2019-06-28 13:10:00.000000000,QUERY_SPREAD,93
2019-06-28 13:10:00.000000000,BEST_BID,"JPM,99086,94"
2019-06-28 13:10:00.000000000,BEST_ASK,"JPM,99385,213"
2019-06-28 13:10:00.000000000,LAST_TRADE,"3,$99086.0000"
2019-06-28 13:10:00.000000000,QUERY_SPREAD,94
2019-06-28 13:10:00.000000000,BEST_BID,"JPM,99086,90"
2019-06-28 13:10:00.000000000,BEST_ASK,"JPM,99385,213"
2019-06-28 13:10:00.000000000,LAST_TRADE,"4,$99086.0000"
2019-06-28 13:10:00.000000000,QUERY_SPREAD,95
2019-06-28 13:10:00.000000000,BEST_BID,"JPM,99086,85"
2019-06-28 13:10:00.000000000,BEST_ASK,"JPM,99385,213"
2019-06-28 13:10:00.000000000,LAST_TRADE,"5,$99086.0000"
2019-06-28 13:10:00.000000000,QUERY_SPREAD,96
2019-06-28 13:10:00.000000000,BEST_BID,"JPM,99086,84"
2019-06-28 13:10:00.000000000,BEST_ASK,"JPM,99385,213"
2019-06-28 13:10:00.000000000,LAST_TRADE,"1,$99086.0000"
2019-06-28 13:10:00.000000000,QUERY_SPREAD,97
2019-06-28 13:10:00.000000000,BEST_BID,"JPM,99086,77"
2019-06-28 13:10:00.000000000,BEST_ASK,"JPM,99385,213"
2019-06-28 13:10:00.000000000,LAST_TRADE,"7,$99086.0000"
2019-06-28 13:10:00.000000000,QUERY_SPREAD,98
2019-06-28 13:10:00.000000000,BEST_BID,"JPM,99086,71"
2019-06-28 13:10:00.000000000,BEST_ASK,"JPM,99385,213"
2019-06-28 13:10:00.000000000,LAST_TRADE,"6,$99086.0000"
2019-06-28 13:10:00.000000000,QUERY_SPREAD,99
2019-06-28 13:10:00.000000000,BEST_BID,"JPM,99086,66"
2019-06-28 13:10:00.000000000,BEST_ASK,"JPM,99385,213"
2019-06-28 13:10:00.000000000,LAST_TRADE,"5,$99086.0000"
2019-06-28 13:10:00.000000000,QUERY_SPREAD,100
2019-06-28 13:10:00.000000000,BEST_BID,"JPM,99086,59"
2019-06-28 13:10:00.000000000,BEST_ASK,"JPM,99385,213"
2019-06-28 13:10:00.000000000,LAST_TRADE,"7,$99086.0000"
2019-06-28 13:10:00.000000000,QUERY_SPREAD,101
2019-06-28 13:10:00.000000000,QUERY_ORDER_STREAM,101
2019-06-28 13:10:00.000000000,BEST_BID,"JPM,99086,60"
2019-06-28 13:10:00.000000000,BEST_ASK,"JPM,99385,213"
2019-06-28 13:10:07.422533453,QUERY_SPREAD,5
2019-06-28 13:10:07.422533453,BEST_BID,"JPM,99083,71"
2019-06-28 13:10:07.422533453,BEST_ASK,"JPM,99086,40"
2019-06-28 13:10:07.422533453,LAST_TRADE,"60,$99086.0000"
2019-06-28 13:10:10.000000000,QUERY_SPREAD,1
2019-06-28 13:10:10.000000000,BEST_BID,"JPM,99083,141"
2019-06-28 13:10:10.000000000,BEST_ASK,"JPM,99086,40"
2019-06-28 13:10:10.000000000,BEST_BID,"JPM,99083,141"
2019-06-28 13:10:10.000000000,BEST_ASK,"JPM,99086,40"
2019-06-28 13:10:10.000000000,BEST_BID,"JPM,99083,141"
2019-06-28 13:10:10.000000000,BEST_ASK,"JPM,99086,180"
2019-06-28 13:10:10.000000000,BEST_BID,"JPM,99083,141"
2019-06-28 13:10:10.000000000,BEST_ASK,"JPM,99086,180"
2019-06-28 13:10:20.000000000,QUERY_SPREAD,1
2019-06-28 13:10:20.000000000,BEST_BID,"JPM,99083,71"
2019-06-28 13:10:20.000000000,BEST_ASK,"JPM,99086,40"
2019-06-28 13:10:20.000000000,BEST_BID,"JPM,99083,71"
2019-06-28 13:10:20.000000000,BEST_ASK,"JPM,99086,40"
2019-06-28 13:10:20.000000000,BEST_BID,"JPM,99083,71"
2019-06-28 13:10:20.000000000,BEST_ASK,"JPM,99086,40"
2019-06-28 13:10:20.000000000,BEST_BID,"JPM,99083,71"
2019-06-28 13:10:20.000000000,BEST_ASK,"JPM,99086,40"
2019-06-28 13:10:20.000000000,BEST_BID,"JPM,99083,71"
2019-06-28 13:10:20.000000000,BEST_ASK,"JPM,99086,110"
2019-06-28 13:10:20.000000000,BEST_BID,"JPM,99083,71"
2019-06-28 13:10:20.000000000,BEST_ASK,"JPM,99086,110"
2019-06-28 13:10:20.000000000,BEST_BID,"JPM,99083,71"
2019-06-28 13:10:20.000000000,BEST_ASK,"JPM,99086,110"
2019-06-28 13:10:20.000000000,BEST_BID,"JPM,99083,71"
2019-06-28 13:10:20.000000000,BEST_ASK,"JPM,99086,110"
2019-06-28 13:10:22.189700223,QUERY_ORDER_STREAM,62
2019-06-28 13:10:22.189700223,QUERY_SPREAD,62
2019-06-28 13:10:22.659811446,QUERY_ORDER_STREAM,76
2019-06-28 13:10:22.659811446,QUERY_SPREAD,76
2019-06-28 13:10:22.659811446,BEST_BID,"JPM,99083,71"
2019-06-28 13:10:22.659811446,BEST_ASK,"JPM,99086,210"
2019-06-28 13:10:25.764392374,QUERY_SPREAD,27
2019-06-28 13:10:25.764392374,BEST_BID,"JPM,99083,71"
2019-06-28 13:10:25.764392374,BEST_ASK,"JPM,99086,110"
2019-06-28 13:10:25.764392374,LAST_TRADE,"100,$99086.0000"
2019-06-28 13:10:30.000000000,QUERY_SPREAD,1
2019-06-28 13:10:30.000000000,BEST_BID,"JPM,99083,57"
2019-06-28 13:10:30.000000000,BEST_ASK,"JPM,99086,100"
2019-06-28 13:10:30.000000000,BEST_BID,"JPM,99083,57"
2019-06-28 13:10:30.000000000,BEST_ASK,"JPM,99086,100"
2019-06-28 13:10:30.000000000,BEST_BID,"JPM,99083,57"
2019-06-28 13:10:30.000000000,BEST_ASK,"JPM,99086,100"
2019-06-28 13:10:30.000000000,BEST_BID,"JPM,99083,57"
2019-06-28 13:10:30.000000000,BEST_ASK,"JPM,99086,100"
2019-06-28 13:10:30.000000000,BEST_BID,"JPM,99083,57"
2019-06-28 13:10:30.000000000,BEST_ASK,"JPM,99086,100"
2019-06-28 13:10:30.000000000,BEST_BID,"JPM,99083,57"
2019-06-28 13:10:30.000000000,BEST_ASK,"JPM,99086,156"
2019-06-28 13:10:30.000000000,BEST_BID,"JPM,99083,57"
2019-06-28 13:10:30.000000000,BEST_ASK,"JPM,99086,156"
2019-06-28 13:10:30.000000000,BEST_BID,"JPM,99083,57"
2019-06-28 13:10:30.000000000,BEST_ASK,"JPM,99086,156"
2019-06-28 13:10:30.000000000,BEST_BID,"JPM,99083,57"
2019-06-28 13:10:30.000000000,BEST_ASK,"JPM,99086,156"
2019-06-28 13:10:30.000000000,BEST_BID,"JPM,99083,57"
2019-06-28 13:10:30.000000000,BEST_ASK,"JPM,99086,156"
2019-06-28 13:10:34.206881330,QUERY_SPREAD,16
2019-06-28 13:10:34.206881330,BEST_BID,"JPM,99083,57"
2019-06-28 13:10:34.206881330,BEST_ASK,"JPM,99086,156"
2019-06-28 13:10:40.000000000,QUERY_SPREAD,1
2019-06-28 13:10:40.000000000,BEST_BID,"JPM,99083,141"
2019-06-28 13:10:40.000000000,BEST_ASK,"JPM,99086,100"
2019-06-28 13:10:40.000000000,BEST_BID,"JPM,99083,141"
2019-06-28 13:10:40.000000000,BEST_ASK,"JPM,99086,100"
2019-06-28 13:10:40.000000000,BEST_BID,"JPM,99083,141"
2019-06-28 13:10:40.000000000,BEST_ASK,"JPM,99086,240"
2019-06-28 13:10:40.000000000,BEST_BID,"JPM,99083,141"
2019-06-28 13:10:40.000000000,BEST_ASK,"JPM,99086,240"
2019-06-28 13:10:47.392674507,QUERY_SPREAD,48
2019-06-28 13:10:47.392674507,BEST_BID,"JPM,99083,141"
2019-06-28 13:10:47.392674507,BEST_ASK,"JPM,99086,140"
2019-06-28 13:10:47.392674507,LAST_TRADE,"100,$99086.0000"
2019-06-28 13:10:50.000000000,QUERY_SPREAD,1
2019-06-28 13:10:50.000000000,BEST_BID,"JPM,99083,57"
2019-06-28 13:10:50.000000000,BEST_ASK,"JPM,99385,143"
2019-06-28 13:10:50.000000000,BEST_BID,"JPM,99083,57"
2019-06-28 13:10:50.000000000,BEST_ASK,"JPM,99385,143"
2019-06-28 13:10:50.000000000,BEST_BID,"JPM,99083,57"
2019-06-28 13:10:50.000000000,BEST_ASK,"JPM,99385,143"
2019-06-28 13:10:50.000000000,BEST_BID,"JPM,99083,57"
2019-06-28 13:10:50.000000000,BEST_ASK,"JPM,99385,143"
2019-06-28 13:10:50.000000000,BEST_BID,"JPM,99083,57"
2019-06-28 13:10:50.000000000,BEST_ASK,"JPM,99385,143"
2019-06-28 13:10:50.000000000,BEST_BID,"JPM,99083,57"
2019-06-28 13:10:50.000000000,BEST_ASK,"JPM,99385,199"
2019-06-28 13:10:50.000000000,BEST_BID,"JPM,99083,57"
2019-06-28 13:10:50.000000000,BEST_ASK,"JPM,99385,199"
2019-06-28 13:10:50.000000000,BEST_BID,"JPM,99083,57"
2019-06-28 13:10:50.000000000,BEST_ASK,"JPM,99385,199"
2019-06-28 13:10:50.000000000,BEST_BID,"JPM,99083,57"
2019-06-28 13:10:50.000000000,BEST_ASK,"JPM,99385,199"
2019-06-28 13:10:50.000000000,BEST_BID,"JPM,99083,57"
2019-06-28 13:10:50.000000000,BEST_ASK,"JPM,99385,199"
2019-06-28 13:10:53.848665726,QUERY_ORDER_STREAM,73
2019-06-28 13:10:53.848665726,QUERY_SPREAD,73
2019-06-28 13:10:53.848665726,BEST_BID,"JPM,99086,100"
2019-06-28 13:10:53.848665726,BEST_ASK,"JPM,99385,199"
2019-06-28 13:10:55.896273266,QUERY_ORDER_STREAM,76
2019-06-28 13:10:55.896273266,QUERY_SPREAD,76
2019-06-28 13:10:55.896273266,BEST_BID,"JPM,99086,200"
2019-06-28 13:10:55.896273266,BEST_ASK,"JPM,99385,199"
2019-06-28 13:11:00.000000000,QUERY_SPREAD,1
2019-06-28 13:11:00.000000000,BEST_BID,"JPM,99086,480"
2019-06-28 13:11:00.000000000,BEST_ASK,"JPM,99385,143"
2019-06-28 13:11:00.000000000,BEST_BID,"JPM,99086,480"
2019-06-28 13:11:00.000000000,BEST_ASK,"JPM,99385,423"
2019-06-28 13:11:00.000000000,QUERY_SPREAD,77
2019-06-28 13:11:00.000000000,BEST_BID,"JPM,99086,479"
2019-06-28 13:11:00.000000000,BEST_ASK,"JPM,99385,423"
2019-06-28 13:11:00.000000000,LAST_TRADE,"1,$99086.0000"
2019-06-28 13:11:00.000000000,QUERY_SPREAD,78
2019-06-28 13:11:00.000000000,BEST_BID,"JPM,99086,475"
2019-06-28 13:11:00.000000000,BEST_ASK,"JPM,99385,423"
2019-06-28 13:11:00.000000000,LAST_TRADE,"4,$99086.0000"
2019-06-28 13:11:00.000000000,QUERY_SPREAD,79
2019-06-28 13:11:00.000000000,BEST_BID,"JPM,99086,469"
2019-06-28 13:11:00.000000000,BEST_ASK,"JPM,99385,423"
2019-06-28 13:11:00.000000000,LAST_TRADE,"6,$99086.0000"
2019-06-28 13:11:00.000000000,QUERY_SPREAD,80
2019-06-28 13:11:00.000000000,BEST_BID,"JPM,99086,464"
2019-06-28 13:11:00.000000000,BEST_ASK,"JPM,99385,423"
2019-06-28 13:11:00.000000000,LAST_TRADE,"5,$99086.0000"
2019-06-28 13:11:00.000000000,QUERY_SPREAD,81
2019-06-28 13:11:00.000000000,BEST_BID,"JPM,99086,456"
2019-06-28 13:11:00.000000000,BEST_ASK,"JPM,99385,423"
2019-06-28 13:11:00.000000000,LAST_TRADE,"8,$99086.0000"
2019-06-28 13:11:00.000000000,QUERY_SPREAD,82
2019-06-28 13:11:00.000000000,BEST_BID,"JPM,99086,448"
2019-06-28 13:11:00.000000000,BEST_ASK,"JPM,99385,423"
2019-06-28 13:11:00.000000000,LAST_TRADE,"8,$99086.0000"
2019-06-28 13:11:00.000000000,QUERY_SPREAD,83
2019-06-28 13:11:00.000000000,BEST_BID,"JPM,99086,446"
2019-06-28 13:11:00.000000000,BEST_ASK,"JPM,99385,423"
2019-06-28 13:11:00.000000000,LAST_TRADE,"2,$99086.0000"
2019-06-28 13:11:00.000000000,QUERY_SPREAD,84
2019-06-28 13:11:00.000000000,BEST_BID,"JPM,99086,445"
2019-06-28 13:11:00.000000000,BEST_ASK,"JPM,99385,423"
2019-06-28 13:11:00.000000000,LAST_TRADE,"1,$99086.0000"
2019-06-28 13:11:00.000000000,QUERY_SPREAD,85
2019-06-28 13:11:00.000000000,BEST_BID,"JPM,99086,444"
2019-06-28 13:11:00.000000000,BEST_ASK,"JPM,99385,423"
2019-06-28 13:11:00.000000000,LAST_TRADE,"1,$99086.0000"
2019-06-28 13:11:00.000000000,QUERY_SPREAD,86
2019-06-28 13:11:00.000000000,BEST_BID,"JPM,99086,438"
2019-06-28 13:11:00.000000000,BEST_ASK,"JPM,99385,423"
2019-06-28 13:11:00.000000000,LAST_TRADE,"6,$99086.0000"
2019-06-28 13:11:00.000000000,QUERY_SPREAD,87
2019-06-28 13:11:00.000000000,BEST_BID,"JPM,99086,435"
2019-06-28 13:11:00.000000000,BEST_ASK,"JPM,99385,423"
2019-06-28 13:11:00.000000000,LAST_TRADE,"3,$99086.0000"
2019-06-28 13:11:00.000000000,QUERY_SPREAD,88
2019-06-28 13:11:00.000000000,BEST_BID,"JPM,99086,431"
2019-06-28 13:11:00.000000000,BEST_ASK,"JPM,99385,423"
2019-06-28 13:11:00.000000000,LAST_TRADE,"4,$99086.0000"
2019-06-28 13:11:00.000000000,QUERY_SPREAD,89
2019-06-28 13:11:00.000000000,BEST_BID,"JPM,99086,427"
2019-06-28 13:11:00.000000000,BEST_ASK,"JPM,99385,423"
2019-06-28 13:11:00.000000000,LAST_TRADE,"4,$99086.0000"
2019-06-28 13:11:00.000000000,QUERY_SPREAD,90
2019-06-28 13:11:00.000000000,BEST_BID,"JPM,99086,420"
2019-06-28 13:11:00.000000000,BEST_ASK,"JPM,99385,423"
2019-06-28 13:11:00.000000000,LAST_TRADE,"7,$99086.0000"
2019-06-28 13:11:00.000000000,QUERY_SPREAD,91
2019-06-28 13:11:00.000000000,BEST_BID,"JPM,99086,412"
2019-06-28 13:11:00.000000000,BEST_ASK,"JPM,99385,423"
2019-06-28 13:11:00.000000000,LAST_TRADE,"8,$99086.0000"
2019-06-28 13:11:00.000000000,QUERY_SPREAD,92
2019-06-28 13:11:00.000000000,BEST_BID,"JPM,99086,407"
2019-06-28 13:11:00.000000000,BEST_ASK,"JPM,99385,423"
2019-06-28 13:11:00.000000000,LAST_TRADE,"5,$99086.0000"
2019-06-28 13:11:00.000000000,QUERY_SPREAD,93
2019-06-28 13:11:00.000000000,BEST_BID,"JPM,99086,404"
2019-06-28 13:11:00.000000000,BEST_ASK,"JPM,99385,423"
2019-06-28 13:11:00.000000000,LAST_TRADE,"3,$99086.0000"
2019-06-28 13:11:00.000000000,QUERY_SPREAD,94
2019-06-28 13:11:00.000000000,BEST_BID,"JPM,99086,400"
2019-06-28 13:11:00.000000000,BEST_ASK,"JPM,99385,423"
2019-06-28 13:11:00.000000000,LAST_TRADE,"4,$99086.0000"
2019-06-28 13:11:00.000000000,QUERY_SPREAD,95
2019-06-28 13:11:00.000000000,BEST_BID,"JPM,99086,395"
2019-06-28 13:11:00.000000000,BEST_ASK,"JPM,99385,423"
2019-06-28 13:11:00.000000000,LAST_TRADE,"5,$99086.0000"
2019-06-28 13:11:00.000000000,QUERY_SPREAD,96
2019-06-28 13:11:00.000000000,BEST_BID,"JPM,99086,394"
2019-06-28 13:11:00.000000000,BEST_ASK,"JPM,99385,423"
2019-06-28 13:11:00.000000000,LAST_TRADE,"1,$99086.0000"
2019-06-28 13:11:00.000000000,QUERY_SPREAD,97
2019-06-28 13:11:00.000000000,BEST_BID,"JPM,99086,387"
2019-06-28 13:11:00.000000000,BEST_ASK,"JPM,99385,423"
2019-06-28 13:11:00.000000000,LAST_TRADE,"7,$99086.0000"
2019-06-28 13:11:00.000000000,QUERY_SPREAD,98
2019-06-28 13:11:00.000000000,BEST_BID,"JPM,99086,381"
2019-06-28 13:11:00.000000000,BEST_ASK,"JPM,99385,423"
2019-06-28 13:11:00.000000000,LAST_TRADE,"6,$99086.0000"
2019-06-28 13:11:00.000000000,QUERY_SPREAD,99
2019-06-28 13:11:00.000000000,BEST_BID,"JPM,99086,376"
2019-06-28 13:11:00.000000000,BEST_ASK,"JPM,99385,423"
2019-06-28 13:11:00.000000000,LAST_TRADE,"5,$99086.0000"
2019-06-28 13:11:00.000000000,QUERY_SPREAD,100
2019-06-28 13:11:00.000000000,BEST_BID,"JPM,99086,369"
2019-06-28 13:11:00.000000000,BEST_ASK,"JPM,99385,423"
2019-06-28 13:11:00.000000000,LAST_TRADE,"7,$99086.0000"
2019-06-28 13:11:00.000000000,QUERY_SPREAD,101
2019-06-28 13:11:00.000000000,QUERY_ORDER_STREAM,101
2019-06-28 13:11:00.000000000,BEST_BID,"JPM,99086,370"
2019-06-28 13:11:00.000000000,BEST_ASK,"JPM,99385,423"
2019-06-28 13:11:06.817573205,QUERY_ORDER_STREAM,68
2019-06-28 13:11:06.817573205,QUERY_SPREAD,68
2019-06-28 13:11:06.817573205,BEST_BID,"JPM,99086,470"
2019-06-28 13:11:06.817573205,BEST_ASK,"JPM,99385,323"
2019-06-28 13:11:10.000000000,QUERY_SPREAD,1
2019-06-28 13:11:10.000000000,BEST_BID,"JPM,99086,330"
2019-06-28 13:11:10.000000000,BEST_ASK,"JPM,99385,43"
2019-06-28 13:11:10.000000000,BEST_BID,"JPM,99086,330"
2019-06-28 13:11:10.000000000,BEST_ASK,"JPM,99385,43"
2019-06-28 13:11:10.000000000,BEST_BID,"JPM,99086,330"
2019-06-28 13:11:10.000000000,BEST_ASK,"JPM,99385,183"
2019-06-28 13:11:10.000000000,BEST_BID,"JPM,99086,330"
2019-06-28 13:11:10.000000000,BEST_ASK,"JPM,99385,183"
2019-06-28 13:11:18.412937352,QUERY_SPREAD,28
2019-06-28 13:11:18.412937352,BEST_BID,"JPM,99086,330"
2019-06-28 13:11:18.412937352,BEST_ASK,"JPM,99258,100"
2019-06-28 13:11:20.000000000,QUERY_SPREAD,1
2019-06-28 13:11:20.000000000,BEST_BID,"JPM,99086,260"
2019-06-28 13:11:20.000000000,BEST_ASK,"JPM,99258,100"
2019-06-28 13:11:20.000000000,BEST_BID,"JPM,99086,260"
2019-06-28 13:11:20.000000000,BEST_ASK,"JPM,99258,100"
2019-06-28 13:11:20.000000000,BEST_BID,"JPM,99086,260"
2019-06-28 13:11:20.000000000,BEST_ASK,"JPM,99258,100"
2019-06-28 13:11:20.000000000,BEST_BID,"JPM,99086,260"
2019-06-28 13:11:20.000000000,BEST_ASK,"JPM,99258,100"
2019-06-28 13:11:20.000000000,BEST_BID,"JPM,99086,260"
2019-06-28 13:11:20.000000000,BEST_ASK,"JPM,99258,170"
2019-06-28 13:11:20.000000000,BEST_BID,"JPM,99086,260"
2019-06-28 13:11:20.000000000,BEST_ASK,"JPM,99258,170"
2019-06-28 13:11:20.000000000,BEST_BID,"JPM,99086,260"
2019-06-28 13:11:20.000000000,BEST_ASK,"JPM,99258,170"
2019-06-28 13:11:20.000000000,BEST_BID,"JPM,99086,260"
2019-06-28 13:11:20.000000000,BEST_ASK,"JPM,99258,170"
2019-06-28 13:11:30.000000000,QUERY_SPREAD,1
2019-06-28 13:11:30.000000000,BEST_BID,"JPM,99086,470"
2019-06-28 13:11:30.000000000,BEST_ASK,"JPM,99258,100"
2019-06-28 13:11:30.000000000,BEST_BID,"JPM,99086,470"
2019-06-28 13:11:30.000000000,BEST_ASK,"JPM,99258,380"
2019-06-28 13:11:40.000000000,QUERY_SPREAD,1
2019-06-28 13:11:40.000000000,BEST_BID,"JPM,99086,330"
2019-06-28 13:11:40.000000000,BEST_ASK,"JPM,99258,100"
2019-06-28 13:11:40.000000000,BEST_BID,"JPM,99086,330"
2019-06-28 13:11:40.000000000,BEST_ASK,"JPM,99258,100"
2019-06-28 13:11:40.000000000,BEST_BID,"JPM,99086,330"
2019-06-28 13:11:40.000000000,BEST_ASK,"JPM,99258,240"
2019-06-28 13:11:40.000000000,BEST_BID,"JPM,99086,330"
2019-06-28 13:11:40.000000000,BEST_ASK,"JPM,99258,240"
2019-06-28 13:11:50.000000000,QUERY_SPREAD,1
2019-06-28 13:11:50.000000000,BEST_BID,"JPM,99086,246"
2019-06-28 13:11:50.000000000,BEST_ASK,"JPM,99258,100"
2019-06-28 13:11:50.000000000,BEST_BID,"JPM,99086,246"
2019-06-28 13:11:50.000000000,BEST_ASK,"JPM,99258,100"
2019-06-28 13:11:50.000000000,BEST_BID,"JPM,99086,246"
2019-06-28 13:11:50.000000000,BEST_ASK,"JPM,99258,100"
2019-06-28 13:11:50.000000000,BEST_BID,"JPM,99086,246"
2019-06-28 13:11:50.000000000,BEST_ASK,"JPM,99258,100"
2019-06-28 13:11:50.000000000,BEST_BID,"JPM,99086,246"
2019-06-28 13:11:50.000000000,BEST_ASK,"JPM,99258,100"
2019-06-28 13:11:50.000000000,BEST_BID,"JPM,99086,246"
2019-06-28 13:11:50.000000000,BEST_ASK,"JPM,99258,156"
2019-06-28 13:11:50.000000000,BEST_BID,"JPM,99086,246"
2019-06-28 13:11:50.000000000,BEST_ASK,"JPM,99258,156"
2019-06-28 13:11:50.000000000,BEST_BID,"JPM,99086,246"
2019-06-28 13:11:50.000000000,BEST_ASK,"JPM,99258,156"
2019-06-28 13:11:50.000000000,BEST_BID,"JPM,99086,246"
2019-06-28 13:11:50.000000000,BEST_ASK,"JPM,99258,156"
2019-06-28 13:11:50.000000000,BEST_BID,"JPM,99086,246"
2019-06-28 13:11:50.000000000,BEST_ASK,"JPM,99258,156"
2019-06-28 13:11:54.457305719,QUERY_ORDER_STREAM,55
2019-06-28 13:11:54.457305719,QUERY_SPREAD,55
2019-06-28 13:11:54.457305719,BEST_BID,"JPM,99086,146"
2019-06-28 13:11:54.457305719,BEST_ASK,"JPM,99258,156"
2019-06-28 13:11:54.457305719,LAST_TRADE,"100,$99086.0000"
2019-06-28 13:12:00.000000000,QUERY_SPREAD,1
2019-06-28 13:12:00.000000000,BEST_BID,"JPM,99086,185"
2019-06-28 13:12:00.000000000,BEST_ASK,"JPM,99258,100"
2019-06-28 13:12:00.000000000,BEST_BID,"JPM,99086,185"
2019-06-28 13:12:00.000000000,BEST_ASK,"JPM,99258,100"
2019-06-28 13:12:00.000000000,BEST_BID,"JPM,99086,185"
2019-06-28 13:12:00.000000000,BEST_ASK,"JPM,99258,100"
2019-06-28 13:12:00.000000000,BEST_BID,"JPM,99086,185"
2019-06-28 13:12:00.000000000,BEST_ASK,"JPM,99258,195"
2019-06-28 13:12:00.000000000,BEST_BID,"JPM,99086,185"
2019-06-28 13:12:00.000000000,BEST_ASK,"JPM,99258,195"
2019-06-28 13:12:00.000000000,BEST_BID,"JPM,99086,185"
2019-06-28 13:12:00.000000000,BEST_ASK,"JPM,99258,195"
2019-06-28 13:12:00.000000000,QUERY_SPREAD,77
2019-06-28 13:12:00.000000000,BEST_BID,"JPM,99086,184"
2019-06-28 13:12:00.000000000,BEST_ASK,"JPM,99258,195"
2019-06-28 13:12:00.000000000,LAST_TRADE,"1,$99086.0000"
2019-06-28 13:12:00.000000000,QUERY_SPREAD,78
2019-06-28 13:12:00.000000000,BEST_BID,"JPM,99086,180"
2019-06-28 13:12:00.000000000,BEST_ASK,"JPM,99258,195"
2019-06-28 13:12:00.000000000,LAST_TRADE,"4,$99086.0000"
2019-06-28 13:12:00.000000000,QUERY_SPREAD,79
2019-06-28 13:12:00.000000000,BEST_BID,"JPM,99086,174"
2019-06-28 13:12:00.000000000,BEST_ASK,"JPM,99258,195"
2019-06-28 13:12:00.000000000,LAST_TRADE,"6,$99086.0000"
2019-06-28 13:12:00.000000000,QUERY_SPREAD,80
2019-06-28 13:12:00.000000000,BEST_BID,"JPM,99086,169"
2019-06-28 13:12:00.000000000,BEST_ASK,"JPM,99258,195"
2019-06-28 13:12:00.000000000,LAST_TRADE,"5,$99086.0000"
2019-06-28 13:12:00.000000000,QUERY_SPREAD,81
2019-06-28 13:12:00.000000000,BEST_BID,"JPM,99086,161"
2019-06-28 13:12:00.000000000,BEST_ASK,"JPM,99258,195"
2019-06-28 13:12:00.000000000,LAST_TRADE,"8,$99086.0000"
2019-06-28 13:12:00.000000000,QUERY_SPREAD,82
2019-06-28 13:12:00.000000000,BEST_BID,"JPM,99086,153"
2019-06-28 13:12:00.000000000,BEST_ASK,"JPM,99258,195"
2019-06-28 13:12:00.000000000,LAST_TRADE,"8,$99086.0000"
2019-06-28 13:12:00.000000000,QUERY_SPREAD,83
2019-06-28 13:12:00.000000000,BEST_BID,"JPM,99086,151"
2019-06-28 13:12:00.000000000,BEST_ASK,"JPM,99258,195"
2019-06-28 13:12:00.000000000,LAST_TRADE,"2,$99086.0000"
2019-06-28 13:12:00.000000000,QUERY_SPREAD,84
2019-06-28 13:12:00.000000000,BEST_BID,"JPM,99086,150"
2019-06-28 13:12:00.000000000,BEST_ASK,"JPM,99258,195"
2019-06-28 13:12:00.000000000,LAST_TRADE,"1,$99086.0000"
2019-06-28 13:12:00.000000000,QUERY_SPREAD,85
2019-06-28 13:12:00.000000000,BEST_BID,"JPM,99086,149"
2019-06-28 13:12:00.000000000,BEST_ASK,"JPM,99258,195"
2019-06-28 13:12:00.000000000,LAST_TRADE,"1,$99086.0000"
2019-06-28 13:12:00.000000000,QUERY_SPREAD,86
2019-06-28 13:12:00.000000000,BEST_BID,"JPM,99086,143"
2019-06-28 13:12:00.000000000,BEST_ASK,"JPM,99258,195"
2019-06-28 13:12:00.000000000,LAST_TRADE,"6,$99086.0000"
2019-06-28 13:12:00.000000000,QUERY_SPREAD,87
2019-06-28 13:12:00.000000000,BEST_BID,"JPM,99086,140"
2019-06-28 13:12:00.000000000,BEST_ASK,"JPM,99258,195"
2019-06-28 13:12:00.000000000,LAST_TRADE,"3,$99086.0000"
2019-06-28 13:12:00.000000000,QUERY_SPREAD,88
2019-06-28 13:12:00.000000000,BEST_BID,"JPM,99086,136"
2019-06-28 13:12:00.000000000,BEST_ASK,"JPM,99258,195"
2019-06-28 13:12:00.000000000,LAST_TRADE,"4,$99086.0000"
2019-06-28 13:12:00.000000000,QUERY_SPREAD,89
2019-06-28 13:12:00.000000000,BEST_BID,"JPM,99086,132"
2019-06-28 13:12:00.000000000,BEST_ASK,"JPM,99258,195"
2019-06-28 13:12:00.000000000,LAST_TRADE,"4,$99086.0000"
2019-06-28 13:12:00.000000000,QUERY_SPREAD,90
2019-06-28 13:12:00.000000000,BEST_BID,"JPM,99086,125"
2019-06-28 13:12:00.000000000,BEST_ASK,"JPM,99258,195"
2019-06-28 13:12:00.000000000,LAST_TRADE,"7,$99086.0000"
2019-06-28 13:12:00.000000000,QUERY_SPREAD,91
2019-06-28 13:12:00.000000000,BEST_BID,"JPM,99086,117"
2019-06-28 13:12:00.000000000,BEST_ASK,"JPM,99258,195"
2019-06-28 13:12:00.000000000,LAST_TRADE,"8,$99086.0000"
2019-06-28 13:12:00.000000000,QUERY_SPREAD,92
2019-06-28 13:12:00.000000000,BEST_BID,"JPM,99086,112"
2019-06-28 13:12:00.000000000,BEST_ASK,"JPM,99258,195"
2019-06-28 13:12:00.000000000,LAST_TRADE,"5,$99086.0000"
2019-06-28 13:12:00.000000000,QUERY_SPREAD,93
2019-06-28 13:12:00.000000000,BEST_BID,"JPM,99086,109"
2019-06-28 13:12:00.000000000,BEST_ASK,"JPM,99258,195"
2019-06-28 13:12:00.000000000,LAST_TRADE,"3,$99086.0000"
2019-06-28 13:12:00.000000000,QUERY_SPREAD,94
2019-06-28 13:12:00.000000000,BEST_BID,"JPM,99086,105"
2019-06-28 13:12:00.000000000,BEST_ASK,"JPM,99258,195"
2019-06-28 13:12:00.000000000,LAST_TRADE,"4,$99086.0000"
2019-06-28 13:12:00.000000000,QUERY_SPREAD,95
2019-06-28 13:12:00.000000000,BEST_BID,"JPM,99086,100"
2019-06-28 13:12:00.000000000,BEST_ASK,"JPM,99258,195"
2019-06-28 13:12:00.000000000,LAST_TRADE,"5,$99086.0000"
2019-06-28 13:12:00.000000000,QUERY_SPREAD,96
2019-06-28 13:12:00.000000000,BEST_BID,"JPM,99086,99"
2019-06-28 13:12:00.000000000,BEST_ASK,"JPM,99258,195"
2019-06-28 13:12:00.000000000,LAST_TRADE,"1,$99086.0000"
2019-06-28 13:12:00.000000000,QUERY_SPREAD,97
2019-06-28 13:12:00.000000000,BEST_BID,"JPM,99086,92"
2019-06-28 13:12:00.000000000,BEST_ASK,"JPM,99258,195"
2019-06-28 13:12:00.000000000,LAST_TRADE,"7,$99086.0000"
2019-06-28 13:12:00.000000000,QUERY_SPREAD,98
2019-06-28 13:12:00.000000000,BEST_BID,"JPM,99086,86"
2019-06-28 13:12:00.000000000,BEST_ASK,"JPM,99258,195"
2019-06-28 13:12:00.000000000,LAST_TRADE,"6,$99086.0000"
2019-06-28 13:12:00.000000000,QUERY_SPREAD,99
2019-06-28 13:12:00.000000000,BEST_BID,"JPM,99086,81"
2019-06-28 13:12:00.000000000,BEST_ASK,"JPM,99258,195"
2019-06-28 13:12:00.000000000,LAST_TRADE,"5,$99086.0000"
2019-06-28 13:12:00.000000000,QUERY_SPREAD,100
2019-06-28 13:12:00.000000000,BEST_BID,"JPM,99086,74"
2019-06-28 13:12:00.000000000,BEST_ASK,"JPM,99258,195"
2019-06-28 13:12:00.000000000,LAST_TRADE,"7,$99086.0000"
2019-06-28 13:12:00.000000000,QUERY_SPREAD,101
2019-06-28 13:12:00.000000000,QUERY_ORDER_STREAM,101
2019-06-28 13:12:00.000000000,BEST_BID,"JPM,99086,75"
2019-06-28 13:12:00.000000000,BEST_ASK,"JPM,99258,195"
2019-06-28 13:12:10.000000000,QUERY_SPREAD,1
2019-06-28 13:12:10.000000000,BEST_BID,"JPM,99086,281"
2019-06-28 13:12:10.000000000,BEST_ASK,"JPM,99258,100"
2019-06-28 13:12:10.000000000,BEST_BID,"JPM,99086,281"
2019-06-28 13:12:10.000000000,BEST_ASK,"JPM,99258,380"
2019-06-28 13:12:20.000000000,QUERY_SPREAD,1
2019-06-28 13:12:20.000000000,BEST_BID,"JPM,99086,57"
2019-06-28 13:12:20.000000000,BEST_ASK,"JPM,99258,100"
2019-06-28 13:12:20.000000000,BEST_BID,"JPM,99086,57"
2019-06-28 13:12:20.000000000,BEST_ASK,"JPM,99258,100"
2019-06-28 13:12:20.000000000,BEST_BID,"JPM,99086,57"
2019-06-28 13:12:20.000000000,BEST_ASK,"JPM,99258,100"
2019-06-28 13:12:20.000000000,BEST_BID,"JPM,99086,57"
2019-06-28 13:12:20.000000000,BEST_ASK,"JPM,99258,100"
2019-06-28 13:12:20.000000000,BEST_BID,"JPM,99086,57"
2019-06-28 13:12:20.000000000,BEST_ASK,"JPM,99258,100"
2019-06-28 13:12:20.000000000,BEST_BID,"JPM,99086,57"
2019-06-28 13:12:20.000000000,BEST_ASK,"JPM,99258,156"
2019-06-28 13:12:20.000000000,BEST_BID,"JPM,99086,57"
2019-06-28 13:12:20.000000000,BEST_ASK,"JPM,99258,156"
2019-06-28 13:12:20.000000000,BEST_BID,"JPM,99086,57"
2019-06-28 13:12:20.000000000,BEST_ASK,"JPM,99258,156"
2019-06-28 13:12:20.000000000,BEST_BID,"JPM,99086,57"
2019-06-28 13:12:20.000000000,BEST_ASK,"JPM,99258,156"
2019-06-28 13:12:20.000000000,BEST_BID,"JPM,99086,57"
2019-06-28 13:12:20.000000000,BEST_ASK,"JPM,99258,156"
2019-06-28 13:12:30.000000000,QUERY_SPREAD,1
2019-06-28 13:12:30.000000000,BEST_BID,"JPM,99086,57"
2019-06-28 13:12:30.000000000,BEST_ASK,"JPM,99258,100"
2019-06-28 13:12:30.000000000,BEST_BID,"JPM,99086,57"
2019-06-28 13:12:30.000000000,BEST_ASK,"JPM,99258,100"
2019-06-28 13:12:30.000000000,BEST_BID,"JPM,99086,57"
2019-06-28 13:12:30.000000000,BEST_ASK,"JPM,99258,100"
2019-06-28 13:12:30.000000000,BEST_BID,"JPM,99086,57"
2019-06-28 13:12:30.000000000,BEST_ASK,"JPM,99258,100"
2019-06-28 13:12:30.000000000,BEST_BID,"JPM,99086,57"
2019-06-28 13:12:30.000000000,BEST_ASK,"JPM,99258,100"
2019-06-28 13:12:30.000000000,BEST_BID,"JPM,99086,57"
2019-06-28 13:12:30.000000000,BEST_ASK,"JPM,99258,156"
2019-06-28 13:12:30.000000000,BEST_BID,"JPM,99086,57"
2019-06-28 13:12:30.000000000,BEST_ASK,"JPM,99258,156"
2019-06-28 13:12:30.000000000,BEST_BID,"JPM,99086,57"
2019-06-28 13:12:30.000000000,BEST_ASK,"JPM,99258,156"
2019-06-28 13:12:30.000000000,BEST_BID,"JPM,99086,57"
2019-06-28 13:12:30.000000000,BEST_ASK,"JPM,99258,156"
2019-06-28 13:12:30.000000000,BEST_BID,"JPM,99086,57"
2019-06-28 13:12:30.000000000,BEST_ASK,"JPM,99258,156"
2019-06-28 13:12:40.000000000,QUERY_SPREAD,1
2019-06-28 13:12:40.000000000,BEST_BID,"JPM,99086,281"
2019-06-28 13:12:40.000000000,BEST_ASK,"JPM,99258,100"
2019-06-28 13:12:40.000000000,BEST_BID,"JPM,99086,281"
2019-06-28 13:12:40.000000000,BEST_ASK,"JPM,99258,380"
2019-06-28 13:12:50.000000000,QUERY_SPREAD,1
2019-06-28 13:12:50.000000000,BEST_BID,"JPM,99086,71"
2019-06-28 13:12:50.000000000,BEST_ASK,"JPM,99258,100"
2019-06-28 13:12:50.000000000,BEST_BID,"JPM,99086,71"
2019-06-28 13:12:50.000000000,BEST_ASK,"JPM,99258,100"
2019-06-28 13:12:50.000000000,BEST_BID,"JPM,99086,71"
2019-06-28 13:12:50.000000000,BEST_ASK,"JPM,99258,100"
2019-06-28 13:12:50.000000000,BEST_BID,"JPM,99086,71"
2019-06-28 13:12:50.000000000,BEST_ASK,"JPM,99258,100"
2019-06-28 13:12:50.000000000,BEST_BID,"JPM,99086,71"
2019-06-28 13:12:50.000000000,BEST_ASK,"JPM,99258,170"
2019-06-28 13:12:50.000000000,BEST_BID,"JPM,99086,71"
2019-06-28 13:12:50.000000000,BEST_ASK,"JPM,99258,170"
2019-06-28 13:12:50.000000000,BEST_BID,"JPM,99086,71"
2019-06-28 13:12:50.000000000,BEST_ASK,"JPM,99258,170"
2019-06-28 13:12:50.000000000,BEST_BID,"JPM,99086,71"
2019-06-28 13:12:50.000000000,BEST_ASK,"JPM,99258,170"
2019-06-28 13:12:54.857733761,QUERY_SPREAD,43
2019-06-28 13:12:54.857733761,BEST_BID,"JPM,99086,71"
2019-06-28 13:12:54.857733761,BEST_ASK,"JPM,99258,170"
2019-06-28 13:13:00.000000000,QUERY_SPREAD,1
2019-06-28 13:13:00.000000000,BEST_BID,"JPM,99086,96"
2019-06-28 13:13:00.000000000,BEST_ASK,"JPM,99258,100"
2019-06-28 13:13:00.000000000,BEST_BID,"JPM,99086,96"
2019-06-28 13:13:00.000000000,BEST_ASK,"JPM,99258,100"
2019-06-28 13:13:00.000000000,BEST_BID,"JPM,99086,96"
2019-06-28 13:13:00.000000000,BEST_ASK,"JPM,99258,100"
2019-06-28 13:13:00.000000000,BEST_BID,"JPM,99086,96"
2019-06-28 13:13:00.000000000,BEST_ASK,"JPM,99258,195"
2019-06-28 13:13:00.000000000,BEST_BID,"JPM,99086,96"
2019-06-28 13:13:00.000000000,BEST_ASK,"JPM,99258,195"
2019-06-28 13:13:00.000000000,BEST_BID,"JPM,99086,96"
2019-06-28 13:13:00.000000000,BEST_ASK,"JPM,99258,195"
2019-06-28 13:13:00.000000000,QUERY_SPREAD,77
2019-06-28 13:13:00.000000000,BEST_BID,"JPM,99086,95"
2019-06-28 13:13:00.000000000,BEST_ASK,"JPM,99258,195"
2019-06-28 13:13:00.000000000,LAST_TRADE,"1,$99086.0000"
2019-06-28 13:13:00.000000000,QUERY_SPREAD,78
2019-06-28 13:13:00.000000000,BEST_BID,"JPM,99086,91"
2019-06-28 13:13:00.000000000,BEST_ASK,"JPM,99258,195"
2019-06-28 13:13:00.000000000,LAST_TRADE,"4,$99086.0000"
2019-06-28 13:13:00.000000000,QUERY_SPREAD,79
2019-06-28 13:13:00.000000000,BEST_BID,"JPM,99086,85"
2019-06-28 13:13:00.000000000,BEST_ASK,"JPM,99258,195"
2019-06-28 13:13:00.000000000,LAST_TRADE,"6,$99086.0000"
2019-06-28 13:13:00.000000000,QUERY_SPREAD,80
2019-06-28 13:13:00.000000000,BEST_BID,"JPM,99086,80"
2019-06-28 13:13:00.000000000,BEST_ASK,"JPM,99258,195"
2019-06-28 13:13:00.000000000,LAST_TRADE,"5,$99086.0000"
2019-06-28 13:13:00.000000000,QUERY_SPREAD,81
2019-06-28 13:13:00.000000000,BEST_BID,"JPM,99086,72"
2019-06-28 13:13:00.000000000,BEST_ASK,"JPM,99258,195"
2019-06-28 13:13:00.000000000,LAST_TRADE,"8,$99086.0000"
2019-06-28 13:13:00.000000000,QUERY_SPREAD,82
2019-06-28 13:13:00.000000000,BEST_BID,"JPM,99086,64"
2019-06-28 13:13:00.000000000,BEST_ASK,"JPM,99258,195"
2019-06-28 13:13:00.000000000,LAST_TRADE,"8,$99086.0000"
2019-06-28 13:13:00.000000000,QUERY_SPREAD,83
2019-06-28 13:13:00.000000000,BEST_BID,"JPM,99086,62"
2019-06-28 13:13:00.000000000,BEST_ASK,"JPM,99258,195"
2019-06-28 13:13:00.000000000,LAST_TRADE,"2,$99086.0000"
2019-06-28 13:13:00.000000000,QUERY_SPREAD,84
2019-06-28 13:13:00.000000000,BEST_BID,"JPM,99086,61"
2019-06-28 13:13:00.000000000,BEST_ASK,"JPM,99258,195"
2019-06-28 13:13:00.000000000,LAST_TRADE,"1,$99086.0000"
2019-06-28 13:13:00.000000000,QUERY_SPREAD,85
2019-06-28 13:13:00.000000000,BEST_BID,"JPM,99086,60"
2019-06-28 13:13:00.000000000,BEST_ASK,"JPM,99258,195"
2019-06-28 13:13:00.000000000,LAST_TRADE,"1,$99086.0000"
2019-06-28 13:13:00.000000000,QUERY_SPREAD,86
2019-06-28 13:13:00.000000000,BEST_BID,"JPM,99086,54"
2019-06-28 13:13:00.000000000,BEST_ASK,"JPM,99258,195"
2019-06-28 13:13:00.000000000,LAST_TRADE,"6,$99086.0000"
2019-06-28 13:13:00.000000000,QUERY_SPREAD,87
2019-06-28 13:13:00.000000000,BEST_BID,"JPM,99086,51"
2019-06-28 13:13:00.000000000,BEST_ASK,"JPM,99258,195"
2019-06-28 13:13:00.000000000,LAST_TRADE,"3,$99086.0000"
2019-06-28 13:13:00.000000000,QUERY_SPREAD,88
2019-06-28 13:13:00.000000000,BEST_BID,"JPM,99086,47"
2019-06-28 13:13:00.000000000,BEST_ASK,"JPM,99258,195"
2019-06-28 13:13:00.000000000,LAST_TRADE,"4,$99086.0000"
2019-06-28 13:13:00.000000000,QUERY_SPREAD,89
2019-06-28 13:13:00.000000000,BEST_BID,"JPM,99086,43"
2019-06-28 13:13:00.000000000,BEST_ASK,"JPM,99258,195"
2019-06-28 13:13:00.000000000,LAST_TRADE,"4,$99086.0000"
2019-06-28 13:13:00.000000000,QUERY_SPREAD,90
2019-06-28 13:13:00.000000000,BEST_BID,"JPM,99086,36"
2019-06-28 13:13:00.000000000,BEST_ASK,"JPM,99258,195"
2019-06-28 13:13:00.000000000,LAST_TRADE,"7,$99086.0000"
2019-06-28 13:13:00.000000000,QUERY_SPREAD,91
2019-06-28 13:13:00.000000000,BEST_BID,"JPM,99086,28"
2019-06-28 13:13:00.000000000,BEST_ASK,"JPM,99258,195"
2019-06-28 13:13:00.000000000,LAST_TRADE,"8,$99086.0000"
2019-06-28 13:13:00.000000000,QUERY_SPREAD,92
2019-06-28 13:13:00.000000000,BEST_BID,"JPM,99086,23"
2019-06-28 13:13:00.000000000,BEST_ASK,"JPM,99258,195"
2019-06-28 13:13:00.000000000,LAST_TRADE,"5,$99086.0000"
2019-06-28 13:13:00.000000000,QUERY_SPREAD,93
2019-06-28 13:13:00.000000000,BEST_BID,"JPM,99086,20"
2019-06-28 13:13:00.000000000,BEST_ASK,"JPM,99258,195"
2019-06-28 13:13:00.000000000,LAST_TRADE,"3,$99086.0000"
2019-06-28 13:13:00.000000000,QUERY_SPREAD,94
2019-06-28 13:13:00.000000000,BEST_BID,"JPM,99086,16"
2019-06-28 13:13:00.000000000,BEST_ASK,"JPM,99258,195"
2019-06-28 13:13:00.000000000,LAST_TRADE,"4,$99086.0000"
2019-06-28 13:13:00.000000000,QUERY_SPREAD,95
2019-06-28 13:13:00.000000000,BEST_BID,"JPM,99086,11"
2019-06-28 13:13:00.000000000,BEST_ASK,"JPM,99258,195"
2019-06-28 13:13:00.000000000,LAST_TRADE,"5,$99086.0000"
2019-06-28 13:13:00.000000000,QUERY_SPREAD,96
2019-06-28 13:13:00.000000000,BEST_BID,"JPM,99086,10"
2019-06-28 13:13:00.000000000,BEST_ASK,"JPM,99258,195"
2019-06-28 13:13:00.000000000,LAST_TRADE,"1,$99086.0000"
2019-06-28 13:13:00.000000000,QUERY_SPREAD,97
2019-06-28 13:13:00.000000000,BEST_BID,"JPM,99086,3"
2019-06-28 13:13:00.000000000,BEST_ASK,"JPM,99258,195"
2019-06-28 13:13:00.000000000,LAST_TRADE,"7,$99086.0000"
2019-06-28 13:13:00.000000000,QUERY_SPREAD,98
2019-06-28 13:13:00.000000000,BEST_BID,"JPM,99083,93"
2019-06-28 13:13:00.000000000,BEST_ASK,"JPM,99086,3"
2019-06-28 13:13:00.000000000,LAST_TRADE,"3,$99086.0000"
2019-06-28 13:13:00.000000000,QUERY_SPREAD,99
2019-06-28 13:13:00.000000000,BEST_BID,"JPM,99083,88"
2019-06-28 13:13:00.000000000,BEST_ASK,"JPM,99086,3"
2019-06-28 13:13:00.000000000,LAST_TRADE,"5,$99083.0000"
2019-06-28 13:13:00.000000000,QUERY_SPREAD,100
2019-06-28 13:13:00.000000000,BEST_BID,"JPM,99083,81"
2019-06-28 13:13:00.000000000,BEST_ASK,"JPM,99086,3"
2019-06-28 13:13:00.000000000,LAST_TRADE,"7,$99083.0000"
2019-06-28 13:13:00.000000000,QUERY_SPREAD,101
2019-06-28 13:13:00.000000000,QUERY_ORDER_STREAM,101
2019-06-28 13:13:00.000000000,BEST_BID,"JPM,99083,82"
2019-06-28 13:13:00.000000000,BEST_ASK,"JPM,99086,3"
2019-06-28 13:13:08.491717789,QUERY_SPREAD,23
2019-06-28 13:13:08.491717789,BEST_BID,"JPM,99083,82"
2019-06-28 13:13:08.491717789,BEST_ASK,"JPM,99086,3"
2019-06-28 13:13:10.000000000,QUERY_SPREAD,1
2019-06-28 13:13:10.000000000,BEST_BID,"JPM,99083,141"
2019-06-28 13:13:10.000000000,BEST_ASK,"JPM,99086,3"
2019-06-28 13:13:10.000000000,BEST_BID,"JPM,99083,141"
2019-06-28 13:13:10.000000000,BEST_ASK,"JPM,99086,3"
2019-06-28 13:13:10.000000000,BEST_BID,"JPM,99083,141"
2019-06-28 13:13:10.000000000,BEST_ASK,"JPM,99086,143"
2019-06-28 13:13:10.000000000,BEST_BID,"JPM,99083,141"
2019-06-28 13:13:10.000000000,BEST_ASK,"JPM,99086,143"
2019-06-28 13:13:20.000000000,QUERY_SPREAD,1
2019-06-28 13:13:20.000000000,BEST_BID,"JPM,99083,281"
2019-06-28 13:13:20.000000000,BEST_ASK,"JPM,99086,3"
2019-06-28 13:13:20.000000000,BEST_BID,"JPM,99083,281"
2019-06-28 13:13:20.000000000,BEST_ASK,"JPM,99086,283"
2019-06-28 13:13:30.000000000,QUERY_SPREAD,1
2019-06-28 13:13:30.000000000,BEST_BID,"JPM,99083,141"
2019-06-28 13:13:30.000000000,BEST_ASK,"JPM,99086,3"
2019-06-28 13:13:30.000000000,BEST_BID,"JPM,99083,141"
2019-06-28 13:13:30.000000000,BEST_ASK,"JPM,99086,3"
2019-06-28 13:13:30.000000000,BEST_BID,"JPM,99083,141"
2019-06-28 13:13:30.000000000,BEST_ASK,"JPM,99086,143"
2019-06-28 13:13:30.000000000,BEST_BID,"JPM,99083,141"
2019-06-28 13:13:30.000000000,BEST_ASK,"JPM,99086,143"
2019-06-28 13:13:40.000000000,QUERY_SPREAD,1
2019-06-28 13:13:40.000000000,BEST_BID,"JPM,99083,141"
2019-06-28 13:13:40.000000000,BEST_ASK,"JPM,99086,3"
2019-06-28 13:13:40.000000000,BEST_BID,"JPM,99083,141"
2019-06-28 13:13:40.000000000,BEST_ASK,"JPM,99086,3"
2019-06-28 13:13:40.000000000,BEST_BID,"JPM,99083,141"
2019-06-28 13:13:40.000000000,BEST_ASK,"JPM,99086,143"
2019-06-28 13:13:40.000000000,BEST_BID,"JPM,99083,141"
2019-06-28 13:13:40.000000000,BEST_ASK,"JPM,99086,143"
2019-06-28 13:13:41.544165911,QUERY_SPREAD,25
2019-06-28 13:13:41.544165911,BEST_BID,"JPM,99083,141"
2019-06-28 13:13:41.544165911,BEST_ASK,"JPM,99086,43"
2019-06-28 13:13:41.544165911,LAST_TRADE,"100,$99086.0000"
2019-06-28 13:13:50.000000000,QUERY_SPREAD,1
2019-06-28 13:13:50.000000000,BEST_BID,"JPM,99083,96"
2019-06-28 13:13:50.000000000,BEST_ASK,"JPM,99258,100"
2019-06-28 13:13:50.000000000,BEST_BID,"JPM,99083,96"
2019-06-28 13:13:50.000000000,BEST_ASK,"JPM,99258,100"
2019-06-28 13:13:50.000000000,BEST_BID,"JPM,99083,96"
2019-06-28 13:13:50.000000000,BEST_ASK,"JPM,99258,100"
2019-06-28 13:13:50.000000000,BEST_BID,"JPM,99083,96"
2019-06-28 13:13:50.000000000,BEST_ASK,"JPM,99258,195"
2019-06-28 13:13:50.000000000,BEST_BID,"JPM,99083,96"
2019-06-28 13:13:50.000000000,BEST_ASK,"JPM,99258,195"
2019-06-28 13:13:50.000000000,BEST_BID,"JPM,99083,96"
2019-06-28 13:13:50.000000000,BEST_ASK,"JPM,99258,195"
2019-06-28 13:13:55.005658307,QUERY_SPREAD,44
2019-06-28 13:13:55.005658307,BEST_BID,"JPM,99083,96"
2019-06-28 13:13:55.005658307,BEST_ASK,"JPM,99258,195"
2019-06-28 13:13:56.184953753,QUERY_ORDER_STREAM,70
2019-06-28 13:13:56.184953753,QUERY_SPREAD,70
2019-06-28 13:13:58.766540871,QUERY_ORDER_STREAM,61
2019-06-28 13:13:58.766540871,QUERY_SPREAD,61
2019-06-28 13:14:00.000000000,QUERY_SPREAD,1
2019-06-28 13:14:00.000000000,BEST_BID,"JPM,99083,141"
2019-06-28 13:14:00.000000000,BEST_ASK,"JPM,99258,100"
2019-06-28 13:14:00.000000000,BEST_BID,"JPM,99083,141"
2019-06-28 13:14:00.000000000,BEST_ASK,"JPM,99258,100"
2019-06-28 13:14:00.000000000,BEST_BID,"JPM,99083,141"
2019-06-28 13:14:00.000000000,BEST_ASK,"JPM,99258,240"
2019-06-28 13:14:00.000000000,BEST_BID,"JPM,99083,141"
2019-06-28 13:14:00.000000000,BEST_ASK,"JPM,99258,240"
2019-06-28 13:14:00.000000000,QUERY_SPREAD,77
2019-06-28 13:14:00.000000000,BEST_BID,"JPM,99083,140"
2019-06-28 13:14:00.000000000,BEST_ASK,"JPM,99258,240"
2019-06-28 13:14:00.000000000,LAST_TRADE,"1,$99083.0000"
2019-06-28 13:14:00.000000000,QUERY_SPREAD,78
2019-06-28 13:14:00.000000000,BEST_BID,"JPM,99083,136"
2019-06-28 13:14:00.000000000,BEST_ASK,"JPM,99258,240"
2019-06-28 13:14:00.000000000,LAST_TRADE,"4,$99083.0000"
2019-06-28 13:14:00.000000000,QUERY_SPREAD,79
2019-06-28 13:14:00.000000000,BEST_BID,"JPM,99083,130"
2019-06-28 13:14:00.000000000,BEST_ASK,"JPM,99258,240"
2019-06-28 13:14:00.000000000,LAST_TRADE,"6,$99083.0000"
2019-06-28 13:14:00.000000000,QUERY_SPREAD,80
2019-06-28 13:14:00.000000000,BEST_BID,"JPM,99083,125"
2019-06-28 13:14:00.000000000,BEST_ASK,"JPM,99258,240"
2019-06-28 13:14:00.000000000,LAST_TRADE,"5,$99083.0000"
2019-06-28 13:14:00.000000000,QUERY_SPREAD,81
2019-06-28 13:14:00.000000000,BEST_BID,"JPM,99083,117"
2019-06-28 13:14:00.000000000,BEST_ASK,"JPM,99258,240"
2019-06-28 13:14:00.000000000,LAST_TRADE,"8,$99083.0000"
2019-06-28 13:14:00.000000000,QUERY_SPREAD,82
2019-06-28 13:14:00.000000000,BEST_BID,"JPM,99083,109"
2019-06-28 13:14:00.000000000,BEST_ASK,"JPM,99258,240"
2019-06-28 13:14:00.000000000,LAST_TRADE,"8,$99083.0000"
2019-06-28 13:14:00.000000000,QUERY_SPREAD,83
2019-06-28 13:14:00.000000000,BEST_BID,"JPM,99083,107"
2019-06-28 13:14:00.000000000,BEST_ASK,"JPM,99258,240"
2019-06-28 13:14:00.000000000,LAST_TRADE,"2,$99083.0000"
2019-06-28 13:14:00.000000000,QUERY_SPREAD,84
2019-06-28 13:14:00.000000000,BEST_BID,"JPM,99083,106"
2019-06-28 13:14:00.000000000,BEST_ASK,"JPM,99258,240"
2019-06-28 13:14:00.000000000,LAST_TRADE,"1,$99083.0000"
2019-06-28 13:14:00.000000000,QUERY_SPREAD,85
2019-06-28 13:14:00.000000000,BEST_BID,"JPM,99083,105"
2019-06-28 13:14:00.000000000,BEST_ASK,"JPM,99258,240"
2019-06-28 13:14:00.000000000,LAST_TRADE,"1,$99083.0000"
2019-06-28 13:14:00.000000000,QUERY_SPREAD,86
2019-06-28 13:14:00.000000000,BEST_BID,"JPM,99083,99"
2019-06-28 13:14:00.000000000,BEST_ASK,"JPM,99258,240"
2019-06-28 13:14:00.000000000,LAST_TRADE,"6,$99083.0000"
2019-06-28 13:14:00.000000000,QUERY_SPREAD,87
2019-06-28 13:14:00.000000000,BEST_BID,"JPM,99083,96"
2019-06-28 13:14:00.000000000,BEST_ASK,"JPM,99258,240"
2019-06-28 13:14:00.000000000,LAST_TRADE,"3,$99083.0000"
2019-06-28 13:14:00.000000000,QUERY_SPREAD,88
2019-06-28 13:14:00.000000000,BEST_BID,"JPM,99083,92"
2019-06-28 13:14:00.000000000,BEST_ASK,"JPM,99258,240"
2019-06-28 13:14:00.000000000,LAST_TRADE,"4,$99083.0000"
2019-06-28 13:14:00.000000000,QUERY_SPREAD,89
2019-06-28 13:14:00.000000000,BEST_BID,"JPM,99083,88"
2019-06-28 13:14:00.000000000,BEST_ASK,"JPM,99258,240"
2019-06-28 13:14:00.000000000,LAST_TRADE,"4,$99083.0000"
2019-06-28 13:14:00.000000000,QUERY_SPREAD,90
2019-06-28 13:14:00.000000000,BEST_BID,"JPM,99083,81"
2019-06-28 13:14:00.000000000,BEST_ASK,"JPM,99258,240"
2019-06-28 13:14:00.000000000,LAST_TRADE,"7,$99083.0000"
2019-06-28 13:14:00.000000000,QUERY_SPREAD,91
2019-06-28 13:14:00.000000000,BEST_BID,"JPM,99083,73"
2019-06-28 13:14:00.000000000,BEST_ASK,"JPM,99258,240"
2019-06-28 13:14:00.000000000,LAST_TRADE,"8,$99083.0000"
2019-06-28 13:14:00.000000000,QUERY_SPREAD,92
2019-06-28 13:14:00.000000000,BEST_BID,"JPM,99083,68"
2019-06-28 13:14:00.000000000,BEST_ASK,"JPM,99258,240"
2019-06-28 13:14:00.000000000,LAST_TRADE,"5,$99083.0000"
2019-06-28 13:14:00.000000000,QUERY_SPREAD,93
2019-06-28 13:14:00.000000000,BEST_BID,"JPM,99083,65"
2019-06-28 13:14:00.000000000,BEST_ASK,"JPM,99258,240"
2019-06-28 13:14:00.000000000,LAST_TRADE,"3,$99083.0000"
2019-06-28 13:14:00.000000000,QUERY_SPREAD,94
2019-06-28 13:14:00.000000000,BEST_BID,"JPM,99083,61"
2019-06-28 13:14:00.000000000,BEST_ASK,"JPM,99258,240"
2019-06-28 13:14:00.000000000,LAST_TRADE,"4,$99083.0000"
2019-06-28 13:14:00.000000000,QUERY_SPREAD,95
2019-06-28 13:14:00.000000000,BEST_BID,"JPM,99083,56"
2019-06-28 13:14:00.000000000,BEST_ASK,"JPM,99258,240"
2019-06-28 13:14:00.000000000,LAST_TRADE,"5,$99083.0000"
2019-06-28 13:14:00.000000000,QUERY_SPREAD,96
2019-06-28 13:14:00.000000000,BEST_BID,"JPM,99083,55"
2019-06-28 13:14:00.000000000,BEST_ASK,"JPM,99258,240"
2019-06-28 13:14:00.000000000,LAST_TRADE,"1,$99083.0000"
2019-06-28 13:14:00.000000000,QUERY_SPREAD,97
2019-06-28 13:14:00.000000000,BEST_BID,"JPM,99083,48"
2019-06-28 13:14:00.000000000,BEST_ASK,"JPM,99258,240"
2019-06-28 13:14:00.000000000,LAST_TRADE,"7,$99083.0000"
2019-06-28 13:14:00.000000000,QUERY_SPREAD,98
2019-06-28 13:14:00.000000000,BEST_BID,"JPM,99083,42"
2019-06-28 13:14:00.000000000,BEST_ASK,"JPM,99258,240"
2019-06-28 13:14:00.000000000,LAST_TRADE,"6,$99083.0000"
2019-06-28 13:14:00.000000000,QUERY_SPREAD,99
2019-06-28 13:14:00.000000000,BEST_BID,"JPM,99083,37"
2019-06-28 13:14:00.000000000,BEST_ASK,"JPM,99258,240"
2019-06-28 13:14:00.000000000,LAST_TRADE,"5,$99083.0000"
2019-06-28 13:14:00.000000000,QUERY_SPREAD,100
2019-06-28 13:14:00.000000000,BEST_BID,"JPM,99083,30"
2019-06-28 13:14:00.000000000,BEST_ASK,"JPM,99258,240"
2019-06-28 13:14:00.000000000,LAST_TRADE,"7,$99083.0000"
2019-06-28 13:14:00.000000000,QUERY_SPREAD,101
2019-06-28 13:14:00.000000000,QUERY_ORDER_STREAM,101
2019-06-28 13:14:00.000000000,BEST_BID,"JPM,99083,31"
2019-06-28 13:14:00.000000000,BEST_ASK,"JPM,99258,240"
2019-06-28 13:14:10.000000000,QUERY_SPREAD,1
2019-06-28 13:14:10.000000000,BEST_BID,"JPM,99083,281"
2019-06-28 13:14:10.000000000,BEST_ASK,"JPM,99258,100"
2019-06-28 13:14:10.000000000,BEST_BID,"JPM,99083,281"
2019-06-28 13:14:10.000000000,BEST_ASK,"JPM,99258,380"
2019-06-28 13:14:17.637409222,QUERY_SPREAD,42
2019-06-28 13:14:17.637409222,BEST_BID,"JPM,99083,281"
2019-06-28 13:14:17.637409222,BEST_ASK,"JPM,99258,380"
2019-06-28 13:14:20.000000000,QUERY_SPREAD,1
2019-06-28 13:14:20.000000000,BEST_BID,"JPM,99083,281"
2019-06-28 13:14:20.000000000,BEST_ASK,"JPM,99258,100"
2019-06-28 13:14:20.000000000,BEST_BID,"JPM,99083,281"
2019-06-28 13:14:20.000000000,BEST_ASK,"JPM,99258,380"
2019-06-28 13:14:30.000000000,QUERY_SPREAD,1
2019-06-28 13:14:30.000000000,BEST_BID,"JPM,99083,71"
2019-06-28 13:14:30.000000000,BEST_ASK,"JPM,99258,100"
2019-06-28 13:14:30.000000000,BEST_BID,"JPM,99083,71"
2019-06-28 13:14:30.000000000,BEST_ASK,"JPM,99258,100"
2019-06-28 13:14:30.000000000,BEST_BID,"JPM,99083,71"
2019-06-28 13:14:30.000000000,BEST_ASK,"JPM,99258,100"
2019-06-28 13:14:30.000000000,BEST_BID,"JPM,99083,71"
2019-06-28 13:14:30.000000000,BEST_ASK,"JPM,99258,100"
2019-06-28 13:14:30.000000000,BEST_BID,"JPM,99083,71"
2019-06-28 13:14:30.000000000,BEST_ASK,"JPM,99258,170"
2019-06-28 13:14:30.000000000,BEST_BID,"JPM,99083,71"
2019-06-28 13:14:30.000000000,BEST_ASK,"JPM,99258,170"
2019-06-28 13:14:30.000000000,BEST_BID,"JPM,99083,71"
2019-06-28 13:14:30.000000000,BEST_ASK,"JPM,99258,170"
2019-06-28 13:14:30.000000000,BEST_BID,"JPM,99083,71"
2019-06-28 13:14:30.000000000,BEST_ASK,"JPM,99258,170"
2019-06-28 13:14:31.592935168,QUERY_ORDER_STREAM,58
2019-06-28 13:14:31.592935168,QUERY_SPREAD,58
2019-06-28 13:14:40.000000000,QUERY_SPREAD,1
2019-06-28 13:14:40.000000000,BEST_BID,"JPM,99083,281"
2019-06-28 13:14:40.000000000,BEST_ASK,"JPM,99258,100"
2019-06-28 13:14:40.000000000,BEST_BID,"JPM,99083,281"
2019-06-28 13:14:40.000000000,BEST_ASK,"JPM,99258,380"
2019-06-28 13:14:50.000000000,QUERY_SPREAD,1
2019-06-28 13:14:50.000000000,BEST_BID,"JPM,99083,281"
2019-06-28 13:14:50.000000000,BEST_ASK,"JPM,99258,100"
2019-06-28 13:14:50.000000000,BEST_BID,"JPM,99083,281"
2019-06-28 13:14:50.000000000,BEST_ASK,"JPM,99258,380"
2019-06-28 13:15:00.000000000,QUERY_SPREAD,1
2019-06-28 13:15:00.000000000,BEST_BID,"JPM,99083,281"
2019-06-28 13:15:00.000000000,BEST_ASK,"JPM,99258,100"
2019-06-28 13:15:00.000000000,BEST_BID,"JPM,99083,281"
2019-06-28 13:15:00.000000000,BEST_ASK,"JPM,99258,380"
2019-06-28 13:15:00.000000000,QUERY_SPREAD,77
2019-06-28 13:15:00.000000000,BEST_BID,"JPM,99083,280"
2019-06-28 13:15:00.000000000,BEST_ASK,"JPM,99258,380"
2019-06-28 13:15:00.000000000,LAST_TRADE,"1,$99083.0000"
2019-06-28 13:15:00.000000000,QUERY_SPREAD,78
2019-06-28 13:15:00.000000000,BEST_BID,"JPM,99083,276"
2019-06-28 13:15:00.000000000,BEST_ASK,"JPM,99258,380"
2019-06-28 13:15:00.000000000,LAST_TRADE,"4,$99083.0000"
2019-06-28 13:15:00.000000000,QUERY_SPREAD,79
2019-06-28 13:15:00.000000000,BEST_BID,"JPM,99083,270"
2019-06-28 13:15:00.000000000,BEST_ASK,"JPM,99258,380"
2019-06-28 13:15:00.000000000,LAST_TRADE,"6,$99083.0000"
2019-06-28 13:15:00.000000000,QUERY_SPREAD,80
2019-06-28 13:15:00.000000000,BEST_BID,"JPM,99083,265"
2019-06-28 13:15:00.000000000,BEST_ASK,"JPM,99258,380"
2019-06-28 13:15:00.000000000,LAST_TRADE,"5,$99083.0000"
2019-06-28 13:15:00.000000000,QUERY_SPREAD,81
2019-06-28 13:15:00.000000000,BEST_BID,"JPM,99083,257"
2019-06-28 13:15:00.000000000,BEST_ASK,"JPM,99258,380"
2019-06-28 13:15:00.000000000,LAST_TRADE,"8,$99083.0000"
2019-06-28 13:15:00.000000000,QUERY_SPREAD,82
2019-06-28 13:15:00.000000000,BEST_BID,"JPM,99083,249"
2019-06-28 13:15:00.000000000,BEST_ASK,"JPM,99258,380"
2019-06-28 13:15:00.000000000,LAST_TRADE,"8,$99083.0000"
2019-06-28 13:15:00.000000000,QUERY_SPREAD,83
2019-06-28 13:15:00.000000000,BEST_BID,"JPM,99083,247"
2019-06-28 13:15:00.000000000,BEST_ASK,"JPM,99258,380"
2019-06-28 13:15:00.000000000,LAST_TRADE,"2,$99083.0000"
2019-06-28 13:15:00.000000000,QUERY_SPREAD,84
2019-06-28 13:15:00.000000000,BEST_BID,"JPM,99083,246"
2019-06-28 13:15:00.000000000,BEST_ASK,"JPM,99258,380"
2019-06-28 13:15:00.000000000,LAST_TRADE,"1,$99083.0000"
2019-06-28 13:15:00.000000000,QUERY_SPREAD,85
2019-06-28 13:15:00.000000000,BEST_BID,"JPM,99083,245"
2019-06-28 13:15:00.000000000,BEST_ASK,"JPM,99258,380"
2019-06-28 13:15:00.000000000,LAST_TRADE,"1,$99083.0000"
2019-06-28 13:15:00.000000000,QUERY_SPREAD,86
2019-06-28 13:15:00.000000000,BEST_BID,"JPM,99083,239"
2019-06-28 13:15:00.000000000,BEST_ASK,"JPM,99258,380"
2019-06-28 13:15:00.000000000,LAST_TRADE,"6,$99083.0000"
2019-06-28 13:15:00.000000000,QUERY_SPREAD,87
2019-06-28 13:15:00.000000000,BEST_BID,"JPM,99083,236"
2019-06-28 13:15:00.000000000,BEST_ASK,"JPM,99258,380"
2019-06-28 13:15:00.000000000,LAST_TRADE,"3,$99083.0000"
2019-06-28 13:15:00.000000000,QUERY_SPREAD,88
2019-06-28 13:15:00.000000000,BEST_BID,"JPM,99083,232"
2019-06-28 13:15:00.000000000,BEST_ASK,"JPM,99258,380"
2019-06-28 13:15:00.000000000,LAST_TRADE,"4,$99083.0000"
2019-06-28 13:15:00.000000000,QUERY_SPREAD,89
2019-06-28 13:15:00.000000000,BEST_BID,"JPM,99083,228"
2019-06-28 13:15:00.000000000,BEST_ASK,"JPM,99258,380"
2019-06-28 13:15:00.000000000,LAST_TRADE,"4,$99083.0000"
2019-06-28 13:15:00.000000000,QUERY_SPREAD,90
2019-06-28 13:15:00.000000000,BEST_BID,"JPM,99083,221"
2019-06-28 13:15:00.000000000,BEST_ASK,"JPM,99258,380"
2019-06-28 13:15:00.000000000,LAST_TRADE,"7,$99083.0000"
2019-06-28 13:15:00.000000000,QUERY_SPREAD,91
2019-06-28 13:15:00.000000000,BEST_BID,"JPM,99083,213"
2019-06-28 13:15:00.000000000,BEST_ASK,"JPM,99258,380"
2019-06-28 13:15:00.000000000,LAST_TRADE,"8,$99083.0000"
2019-06-28 13:15:00.000000000,QUERY_SPREAD,92
2019-06-28 13:15:00.000000000,BEST_BID,"JPM,99083,208"
2019-06-28 13:15:00.000000000,BEST_ASK,"JPM,99258,380"
2019-06-28 13:15:00.000000000,LAST_TRADE,"5,$99083.0000"
2019-06-28 13:15:00.000000000,QUERY_SPREAD,93
2019-06-28 13:15:00.000000000,BEST_BID,"JPM,99083,205"
2019-06-28 13:15:00.000000000,BEST_ASK,"JPM,99258,380"
2019-06-28 13:15:00.000000000,LAST_TRADE,"3,$99083.0000"
2019-06-28 13:15:00.000000000,QUERY_SPREAD,94
2019-06-28 13:15:00.000000000,BEST_BID,"JPM,99083,201"
2019-06-28 13:15:00.000000000,BEST_ASK,"JPM,99258,380"
2019-06-28 13:15:00.000000000,LAST_TRADE,"4,$99083.0000"
2019-06-28 13:15:00.000000000,QUERY_SPREAD,95
2019-06-28 13:15:00.000000000,BEST_BID,"JPM,99083,196"
2019-06-28 13:15:00.000000000,BEST_ASK,"JPM,99258,380"
2019-06-28 13:15:00.000000000,LAST_TRADE,"5,$99083.0000"
2019-06-28 13:15:00.000000000,QUERY_SPREAD,96
2019-06-28 13:15:00.000000000,BEST_BID,"JPM,99083,195"
2019-06-28 13:15:00.000000000,BEST_ASK,"JPM,99258,380"
2019-06-28 13:15:00.000000000,LAST_TRADE,"1,$99083.0000"
2019-06-28 13:15:00.000000000,QUERY_SPREAD,97
2019-06-28 13:15:00.000000000,BEST_BID,"JPM,99083,188"
2019-06-28 13:15:00.000000000,BEST_ASK,"JPM,99258,380"
2019-06-28 13:15:00.000000000,LAST_TRADE,"7,$99083.0000"
2019-06-28 13:15:00.000000000,QUERY_SPREAD,98
2019-06-28 13:15:00.000000000,BEST_BID,"JPM,99083,182"
2019-06-28 13:15:00.000000000,BEST_ASK,"JPM,99258,380"
2019-06-28 13:15:00.000000000,LAST_TRADE,"6,$99083.0000"
2019-06-28 13:15:00.000000000,QUERY_SPREAD,99
2019-06-28 13:15:00.000000000,BEST_BID,"JPM,99083,177"
2019-06-28 13:15:00.000000000,BEST_ASK,"JPM,99258,380"
2019-06-28 13:15:00.000000000,LAST_TRADE,"5,$99083.0000"
2019-06-28 13:15:00.000000000,QUERY_SPREAD,100
2019-06-28 13:15:00.000000000,BEST_BID,"JPM,99083,170"
2019-06-28 13:15:00.000000000,BEST_ASK,"JPM,99258,380"
2019-06-28 13:15:00.000000000,LAST_TRADE,"7,$99083.0000"
2019-06-28 13:15:00.000000000,QUERY_SPREAD,101
2019-06-28 13:15:00.000000000,QUERY_ORDER_STREAM,101
2019-06-28 13:15:00.000000000,BEST_BID,"JPM,99083,171"
2019-06-28 13:15:00.000000000,BEST_ASK,"JPM,99258,380"
2019-06-28 13:15:10.000000000,QUERY_SPREAD,1
2019-06-28 13:15:10.000000000,BEST_BID,"JPM,99083,96"
2019-06-28 13:15:10.000000000,BEST_ASK,"JPM,99258,100"
2019-06-28 13:15:10.000000000,BEST_BID,"JPM,99083,96"
2019-06-28 13:15:10.000000000,BEST_ASK,"JPM,99258,100"
2019-06-28 13:15:10.000000000,BEST_BID,"JPM,99083,96"
2019-06-28 13:15:10.000000000,BEST_ASK,"JPM,99258,100"
2019-06-28 13:15:10.000000000,BEST_BID,"JPM,99083,96"
2019-06-28 13:15:10.000000000,BEST_ASK,"JPM,99258,195"
2019-06-28 13:15:10.000000000,BEST_BID,"JPM,99083,96"
2019-06-28 13:15:10.000000000,BEST_ASK,"JPM,99258,195"
2019-06-28 13:15:10.000000000,BEST_BID,"JPM,99083,96"
2019-06-28 13:15:10.000000000,BEST_ASK,"JPM,99258,195"
2019-06-28 13:15:20.000000000,QUERY_SPREAD,1
2019-06-28 13:15:20.000000000,BEST_BID,"JPM,99083,96"
2019-06-28 13:15:20.000000000,BEST_ASK,"JPM,99258,100"
2019-06-28 13:15:20.000000000,BEST_BID,"JPM,99083,96"
2019-06-28 13:15:20.000000000,BEST_ASK,"JPM,99258,100"
2019-06-28 13:15:20.000000000,BEST_BID,"JPM,99083,96"
2019-06-28 13:15:20.000000000,BEST_ASK,"JPM,99258,100"
2019-06-28 13:15:20.000000000,BEST_BID,"JPM,99083,96"
2019-06-28 13:15:20.000000000,BEST_ASK,"JPM,99258,195"
2019-06-28 13:15:20.000000000,BEST_BID,"JPM,99083,96"
2019-06-28 13:15:20.000000000,BEST_ASK,"JPM,99258,195"
2019-06-28 13:15:20.000000000,BEST_BID,"JPM,99083,96"
2019-06-28 13:15:20.000000000,BEST_ASK,"JPM,99258,195"
2019-06-28 13:15:27.697620851,QUERY_SPREAD,15
2019-06-28 13:15:27.697620851,BEST_BID,"JPM,99083,96"
2019-06-28 13:15:27.697620851,BEST_ASK,"JPM,99258,95"
2019-06-28 13:15:27.697620851,LAST_TRADE,"100,$99258.0000"
2019-06-28 13:15:30.000000000,QUERY_SPREAD,1
2019-06-28 13:15:30.000000000,BEST_BID,"JPM,99083,57"
2019-06-28 13:15:30.000000000,BEST_ASK,"JPM,99385,43"
2019-06-28 13:15:30.000000000,BEST_BID,"JPM,99083,57"
2019-06-28 13:15:30.000000000,BEST_ASK,"JPM,99385,43"
2019-06-28 13:15:30.000000000,BEST_BID,"JPM,99083,57"
2019-06-28 13:15:30.000000000,BEST_ASK,"JPM,99385,43"
2019-06-28 13:15:30.000000000,BEST_BID,"JPM,99083,57"
2019-06-28 13:15:30.000000000,BEST_ASK,"JPM,99385,43"
2019-06-28 13:15:30.000000000,BEST_BID,"JPM,99083,57"
2019-06-28 13:15:30.000000000,BEST_ASK,"JPM,99385,43"
2019-06-28 13:15:30.000000000,BEST_BID,"JPM,99083,57"
2019-06-28 13:15:30.000000000,BEST_ASK,"JPM,99385,99"
2019-06-28 13:15:30.000000000,BEST_BID,"JPM,99083,57"
2019-06-28 13:15:30.000000000,BEST_ASK,"JPM,99385,99"
2019-06-28 13:15:30.000000000,BEST_BID,"JPM,99083,57"
2019-06-28 13:15:30.000000000,BEST_ASK,"JPM,99385,99"
2019-06-28 13:15:30.000000000,BEST_BID,"JPM,99083,57"
2019-06-28 13:15:30.000000000,BEST_ASK,"JPM,99385,99"
2019-06-28 13:15:30.000000000,BEST_BID,"JPM,99083,57"
2019-06-28 13:15:30.000000000,BEST_ASK,"JPM,99385,99"
2019-06-28 13:15:38.991929825,QUERY_SPREAD,20
2019-06-28 13:15:38.991929825,BEST_BID,"JPM,99083,57"
2019-06-28 13:15:38.991929825,BEST_ASK,"JPM,99385,99"
2019-06-28 13:15:40.000000000,QUERY_SPREAD,1
2019-06-28 13:15:40.000000000,BEST_BID,"JPM,99083,57"
2019-06-28 13:15:40.000000000,BEST_ASK,"JPM,99385,43"
2019-06-28 13:15:40.000000000,BEST_BID,"JPM,99083,57"
2019-06-28 13:15:40.000000000,BEST_ASK,"JPM,99385,43"
2019-06-28 13:15:40.000000000,BEST_BID,"JPM,99083,57"
2019-06-28 13:15:40.000000000,BEST_ASK,"JPM,99385,43"
2019-06-28 13:15:40.000000000,BEST_BID,"JPM,99083,57"
2019-06-28 13:15:40.000000000,BEST_ASK,"JPM,99385,43"
2019-06-28 13:15:40.000000000,BEST_BID,"JPM,99083,57"
2019-06-28 13:15:40.000000000,BEST_ASK,"JPM,99385,43"
2019-06-28 13:15:40.000000000,BEST_BID,"JPM,99083,57"
2019-06-28 13:15:40.000000000,BEST_ASK,"JPM,99385,99"
2019-06-28 13:15:40.000000000,BEST_BID,"JPM,99083,57"
2019-06-28 13:15:40.000000000,BEST_ASK,"JPM,99385,99"
2019-06-28 13:15:40.000000000,BEST_BID,"JPM,99083,57"
2019-06-28 13:15:40.000000000,BEST_ASK,"JPM,99385,99"
2019-06-28 13:15:40.000000000,BEST_BID,"JPM,99083,57"
2019-06-28 13:15:40.000000000,BEST_ASK,"JPM,99385,99"
2019-06-28 13:15:40.000000000,BEST_BID,"JPM,99083,57"
2019-06-28 13:15:40.000000000,BEST_ASK,"JPM,99385,99"
2019-06-28 13:15:50.000000000,QUERY_SPREAD,1
2019-06-28 13:15:50.000000000,BEST_BID,"JPM,99083,281"
2019-06-28 13:15:50.000000000,BEST_ASK,"JPM,99385,43"
2019-06-28 13:15:50.000000000,BEST_BID,"JPM,99083,281"
2019-06-28 13:15:50.000000000,BEST_ASK,"JPM,99385,323"
2019-06-28 13:15:59.069675258,QUERY_SPREAD,39
2019-06-28 13:15:59.069675258,BEST_BID,"JPM,99083,281"
2019-06-28 13:15:59.069675258,BEST_ASK,"JPM,99385,323"
2019-06-28 13:16:00.000000000,QUERY_SPREAD,1
2019-06-28 13:16:00.000000000,BEST_BID,"JPM,99083,57"
2019-06-28 13:16:00.000000000,BEST_ASK,"JPM,99385,43"
2019-06-28 13:16:00.000000000,BEST_BID,"JPM,99083,57"
2019-06-28 13:16:00.000000000,BEST_ASK,"JPM,99385,43"
2019-06-28 13:16:00.000000000,BEST_BID,"JPM,99083,57"
2019-06-28 13:16:00.000000000,BEST_ASK,"JPM,99385,43"
2019-06-28 13:16:00.000000000,BEST_BID,"JPM,99083,57"
2019-06-28 13:16:00.000000000,BEST_ASK,"JPM,99385,43"
2019-06-28 13:16:00.000000000,BEST_BID,"JPM,99083,57"
2019-06-28 13:16:00.000000000,BEST_ASK,"JPM,99385,43"
2019-06-28 13:16:00.000000000,BEST_BID,"JPM,99083,57"
2019-06-28 13:16:00.000000000,BEST_ASK,"JPM,99385,99"
2019-06-28 13:16:00.000000000,BEST_BID,"JPM,99083,57"
2019-06-28 13:16:00.000000000,BEST_ASK,"JPM,99385,99"
2019-06-28 13:16:00.000000000,BEST_BID,"JPM,99083,57"
2019-06-28 13:16:00.000000000,BEST_ASK,"JPM,99385,99"
2019-06-28 13:16:00.000000000,BEST_BID,"JPM,99083,57"
2019-06-28 13:16:00.000000000,BEST_ASK,"JPM,99385,99"
2019-06-28 13:16:00.000000000,BEST_BID,"JPM,99083,57"
2019-06-28 13:16:00.000000000,BEST_ASK,"JPM,99385,99"
2019-06-28 13:16:00.000000000,QUERY_SPREAD,77
2019-06-28 13:16:00.000000000,BEST_BID,"JPM,99083,56"
2019-06-28 13:16:00.000000000,BEST_ASK,"JPM,99385,99"
2019-06-28 13:16:00.000000000,LAST_TRADE,"1,$99083.0000"
2019-06-28 13:16:00.000000000,QUERY_SPREAD,78
2019-06-28 13:16:00.000000000,BEST_BID,"JPM,99083,52"
2019-06-28 13:16:00.000000000,BEST_ASK,"JPM,99385,99"
2019-06-28 13:16:00.000000000,LAST_TRADE,"4,$99083.0000"
2019-06-28 13:16:00.000000000,QUERY_SPREAD,79
2019-06-28 13:16:00.000000000,BEST_BID,"JPM,99083,46"
2019-06-28 13:16:00.000000000,BEST_ASK,"JPM,99385,99"
2019-06-28 13:16:00.000000000,LAST_TRADE,"6,$99083.0000"
2019-06-28 13:16:00.000000000,QUERY_SPREAD,80
2019-06-28 13:16:00.000000000,BEST_BID,"JPM,99083,41"
2019-06-28 13:16:00.000000000,BEST_ASK,"JPM,99385,99"
2019-06-28 13:16:00.000000000,LAST_TRADE,"5,$99083.0000"
2019-06-28 13:16:00.000000000,QUERY_SPREAD,81
2019-06-28 13:16:00.000000000,BEST_BID,"JPM,99083,33"
2019-06-28 13:16:00.000000000,BEST_ASK,"JPM,99385,99"
2019-06-28 13:16:00.000000000,LAST_TRADE,"8,$99083.0000"
2019-06-28 13:16:00.000000000,QUERY_SPREAD,82
2019-06-28 13:16:00.000000000,BEST_BID,"JPM,99083,25"
2019-06-28 13:16:00.000000000,BEST_ASK,"JPM,99385,99"
2019-06-28 13:16:00.000000000,LAST_TRADE,"8,$99083.0000"
2019-06-28 13:16:00.000000000,QUERY_SPREAD,83
2019-06-28 13:16:00.000000000,BEST_BID,"JPM,99083,23"
2019-06-28 13:16:00.000000000,BEST_ASK,"JPM,99385,99"
2019-06-28 13:16:00.000000000,LAST_TRADE,"2,$99083.0000"
2019-06-28 13:16:00.000000000,QUERY_SPREAD,84
2019-06-28 13:16:00.000000000,BEST_BID,"JPM,99083,22"
2019-06-28 13:16:00.000000000,BEST_ASK,"JPM,99385,99"
2019-06-28 13:16:00.000000000,LAST_TRADE,"1,$99083.0000"
2019-06-28 13:16:00.000000000,QUERY_SPREAD,85
2019-06-28 13:16:00.000000000,BEST_BID,"JPM,99083,21"
2019-06-28 13:16:00.000000000,BEST_ASK,"JPM,99385,99"
2019-06-28 13:16:00.000000000,LAST_TRADE,"1,$99083.0000"
2019-06-28 13:16:00.000000000,QUERY_SPREAD,86
2019-06-28 13:16:00.000000000,BEST_BID,"JPM,99083,15"
2019-06-28 13:16:00.000000000,BEST_ASK,"JPM,99385,99"
2019-06-28 13:16:00.000000000,LAST_TRADE,"6,$99083.0000"
2019-06-28 13:16:00.000000000,QUERY_SPREAD,87
2019-06-28 13:16:00.000000000,BEST_BID,"JPM,99083,12"
2019-06-28 13:16:00.000000000,BEST_ASK,"JPM,99385,99"
2019-06-28 13:16:00.000000000,LAST_TRADE,"3,$99083.0000"
2019-06-28 13:16:00.000000000,QUERY_SPREAD,88
2019-06-28 13:16:00.000000000,BEST_BID,"JPM,99083,8"
2019-06-28 13:16:00.000000000,BEST_ASK,"JPM,99385,99"
2019-06-28 13:16:00.000000000,LAST_TRADE,"4,$99083.0000"
2019-06-28 13:16:00.000000000,QUERY_SPREAD,89
2019-06-28 13:16:00.000000000,BEST_BID,"JPM,99083,4"
2019-06-28 13:16:00.000000000,BEST_ASK,"JPM,99385,99"
2019-06-28 13:16:00.000000000,LAST_TRADE,"4,$99083.0000"
2019-06-28 13:16:00.000000000,QUERY_SPREAD,90
2019-06-28 13:16:00.000000000,BEST_BID,"JPM,99076,156"
2019-06-28 13:16:00.000000000,BEST_ASK,"JPM,99083,3"
2019-06-28 13:16:00.000000000,LAST_TRADE,"4,$99083.0000"
2019-06-28 13:16:00.000000000,QUERY_SPREAD,91
2019-06-28 13:16:00.000000000,BEST_BID,"JPM,99076,148"
2019-06-28 13:16:00.000000000,BEST_ASK,"JPM,99083,3"
2019-06-28 13:16:00.000000000,LAST_TRADE,"8,$99076.0000"
2019-06-28 13:16:00.000000000,QUERY_SPREAD,92
2019-06-28 13:16:00.000000000,BEST_BID,"JPM,99076,143"
2019-06-28 13:16:00.000000000,BEST_ASK,"JPM,99083,3"
2019-06-28 13:16:00.000000000,LAST_TRADE,"5,$99076.0000"
2019-06-28 13:16:00.000000000,QUERY_SPREAD,93
2019-06-28 13:16:00.000000000,BEST_BID,"JPM,99076,140"
2019-06-28 13:16:00.000000000,BEST_ASK,"JPM,99083,3"
2019-06-28 13:16:00.000000000,LAST_TRADE,"3,$99076.0000"
2019-06-28 13:16:00.000000000,QUERY_SPREAD,94
2019-06-28 13:16:00.000000000,BEST_BID,"JPM,99076,136"
2019-06-28 13:16:00.000000000,BEST_ASK,"JPM,99083,3"
2019-06-28 13:16:00.000000000,LAST_TRADE,"4,$99076.0000"
2019-06-28 13:16:00.000000000,QUERY_SPREAD,95
2019-06-28 13:16:00.000000000,BEST_BID,"JPM,99076,131"
2019-06-28 13:16:00.000000000,BEST_ASK,"JPM,99083,3"
2019-06-28 13:16:00.000000000,LAST_TRADE,"5,$99076.0000"
2019-06-28 13:16:00.000000000,QUERY_SPREAD,96
2019-06-28 13:16:00.000000000,BEST_BID,"JPM,99076,130"
2019-06-28 13:16:00.000000000,BEST_ASK,"JPM,99083,3"
2019-06-28 13:16:00.000000000,LAST_TRADE,"1,$99076.0000"
2019-06-28 13:16:00.000000000,QUERY_SPREAD,97
2019-06-28 13:16:00.000000000,BEST_BID,"JPM,99076,123"
2019-06-28 13:16:00.000000000,BEST_ASK,"JPM,99083,3"
2019-06-28 13:16:00.000000000,LAST_TRADE,"7,$99076.0000"
2019-06-28 13:16:00.000000000,QUERY_SPREAD,98
2019-06-28 13:16:00.000000000,BEST_BID,"JPM,99076,117"
2019-06-28 13:16:00.000000000,BEST_ASK,"JPM,99083,3"
2019-06-28 13:16:00.000000000,LAST_TRADE,"6,$99076.0000"
2019-06-28 13:16:00.000000000,QUERY_SPREAD,99
2019-06-28 13:16:00.000000000,BEST_BID,"JPM,99076,112"
2019-06-28 13:16:00.000000000,BEST_ASK,"JPM,99083,3"
2019-06-28 13:16:00.000000000,LAST_TRADE,"5,$99076.0000"
2019-06-28 13:16:00.000000000,QUERY_SPREAD,100
2019-06-28 13:16:00.000000000,BEST_BID,"JPM,99076,105"
2019-06-28 13:16:00.000000000,BEST_ASK,"JPM,99083,3"
2019-06-28 13:16:00.000000000,LAST_TRADE,"7,$99076.0000"
2019-06-28 13:16:00.000000000,QUERY_SPREAD,101
2019-06-28 13:16:00.000000000,QUERY_ORDER_STREAM,101
2019-06-28 13:16:00.000000000,BEST_BID,"JPM,99076,106"
2019-06-28 13:16:00.000000000,BEST_ASK,"JPM,99083,3"
2019-06-28 13:16:07.315537434,QUERY_SPREAD,35
2019-06-28 13:16:07.315537434,BEST_BID,"JPM,99076,106"
2019-06-28 13:16:07.315537434,BEST_ASK,"JPM,99083,3"
2019-06-28 13:16:10.000000000,QUERY_SPREAD,1
2019-06-28 13:16:10.000000000,BEST_BID,"JPM,99076,145"
2019-06-28 13:16:10.000000000,BEST_ASK,"JPM,99083,3"
2019-06-28 13:16:10.000000000,BEST_BID,"JPM,99076,145"
2019-06-28 13:16:10.000000000,BEST_ASK,"JPM,99083,3"
2019-06-28 13:16:10.000000000,BEST_BID,"JPM,99076,145"
2019-06-28 13:16:10.000000000,BEST_ASK,"JPM,99083,3"
2019-06-28 13:16:10.000000000,BEST_BID,"JPM,99076,145"
2019-06-28 13:16:10.000000000,BEST_ASK,"JPM,99083,98"
2019-06-28 13:16:10.000000000,BEST_BID,"JPM,99076,145"
2019-06-28 13:16:10.000000000,BEST_ASK,"JPM,99083,98"
2019-06-28 13:16:10.000000000,BEST_BID,"JPM,99076,145"
2019-06-28 13:16:10.000000000,BEST_ASK,"JPM,99083,98"
2019-06-28 13:16:17.800206517,QUERY_SPREAD,28
2019-06-28 13:16:17.800206517,BEST_BID,"JPM,99083,2"
2019-06-28 13:16:17.800206517,BEST_ASK,"JPM,99385,135"
2019-06-28 13:16:17.800206517,LAST_TRADE,"98,$99083.0000"
2019-06-28 13:16:19.230867094,QUERY_SPREAD,49
2019-06-28 13:16:19.230867094,BEST_BID,"JPM,99083,2"
2019-06-28 13:16:19.230867094,BEST_ASK,"JPM,99385,35"
2019-06-28 13:16:19.230867094,LAST_TRADE,"100,$99385.0000"
2019-06-28 13:16:20.000000000,QUERY_SPREAD,1
2019-06-28 13:16:20.000000000,BEST_BID,"JPM,99083,58"
2019-06-28 13:16:20.000000000,BEST_ASK,"JPM,99391,43"
2019-06-28 13:16:20.000000000,BEST_BID,"JPM,99083,58"
2019-06-28 13:16:20.000000000,BEST_ASK,"JPM,99391,43"
2019-06-28 13:16:20.000000000,BEST_BID,"JPM,99083,58"
2019-06-28 13:16:20.000000000,BEST_ASK,"JPM,99391,43"
2019-06-28 13:16:20.000000000,BEST_BID,"JPM,99083,58"
2019-06-28 13:16:20.000000000,BEST_ASK,"JPM,99391,43"
2019-06-28 13:16:20.000000000,BEST_BID,"JPM,99083,58"
2019-06-28 13:16:20.000000000,BEST_ASK,"JPM,99391,43"
2019-06-28 13:16:20.000000000,BEST_BID,"JPM,99083,58"
2019-06-28 13:16:20.000000000,BEST_ASK,"JPM,99391,99"
2019-06-28 13:16:20.000000000,BEST_BID,"JPM,99083,58"
2019-06-28 13:16:20.000000000,BEST_ASK,"JPM,99391,99"
2019-06-28 13:16:20.000000000,BEST_BID,"JPM,99083,58"
2019-06-28 13:16:20.000000000,BEST_ASK,"JPM,99391,99"
2019-06-28 13:16:20.000000000,BEST_BID,"JPM,99083,58"
2019-06-28 13:16:20.000000000,BEST_ASK,"JPM,99391,99"
2019-06-28 13:16:20.000000000,BEST_BID,"JPM,99083,58"
2019-06-28 13:16:20.000000000,BEST_ASK,"JPM,99391,99"
2019-06-28 13:16:20.498651623,QUERY_SPREAD,2
2019-06-28 13:16:20.498651623,BEST_BID,"JPM,99083,58"
2019-06-28 13:16:20.498651623,BEST_ASK,"JPM,99391,99"
2019-06-28 13:16:20.836208512,QUERY_ORDER_STREAM,54
2019-06-28 13:16:20.836208512,QUERY_SPREAD,54
2019-06-28 13:16:20.836208512,BEST_BID,"JPM,99083,158"
2019-06-28 13:16:20.836208512,BEST_ASK,"JPM,99391,56"
2019-06-28 13:16:23.586402648,QUERY_SPREAD,14
2019-06-28 13:16:23.586402648,BEST_BID,"JPM,99083,158"
2019-06-28 13:16:23.586402648,BEST_ASK,"JPM,99391,56"
2019-06-28 13:16:29.740820259,QUERY_SPREAD,4
2019-06-28 13:16:29.740820259,BEST_BID,"JPM,99083,158"
2019-06-28 13:16:29.740820259,BEST_ASK,"JPM,99391,56"
2019-06-28 13:16:30.000000000,QUERY_SPREAD,1
2019-06-28 13:16:30.000000000,BEST_BID,"JPM,99083,382"
2019-06-28 13:16:30.000000000,BEST_ASK,"JPM,99420,100"
2019-06-28 13:16:30.000000000,BEST_BID,"JPM,99083,382"
2019-06-28 13:16:30.000000000,BEST_ASK,"JPM,99420,380"
2019-06-28 13:16:33.480045469,QUERY_SPREAD,26
2019-06-28 13:16:33.480045469,BEST_BID,"JPM,99083,382"
2019-06-28 13:16:33.480045469,BEST_ASK,"JPM,99420,380"
2019-06-28 13:16:40.000000000,QUERY_SPREAD,1
2019-06-28 13:16:40.000000000,BEST_BID,"JPM,99083,242"
2019-06-28 13:16:40.000000000,BEST_ASK,"JPM,99420,100"
2019-06-28 13:16:40.000000000,BEST_BID,"JPM,99083,242"
2019-06-28 13:16:40.000000000,BEST_ASK,"JPM,99420,100"
2019-06-28 13:16:40.000000000,BEST_BID,"JPM,99083,242"
2019-06-28 13:16:40.000000000,BEST_ASK,"JPM,99420,240"
2019-06-28 13:16:40.000000000,BEST_BID,"JPM,99083,242"
2019-06-28 13:16:40.000000000,BEST_ASK,"JPM,99420,240"
2019-06-28 13:16:44.559956144,QUERY_SPREAD,25
2019-06-28 13:16:44.559956144,BEST_BID,"JPM,99083,242"
2019-06-28 13:16:44.559956144,BEST_ASK,"JPM,99420,140"
2019-06-28 13:16:44.559956144,LAST_TRADE,"100,$99420.0000"
2019-06-28 13:16:50.000000000,QUERY_SPREAD,1
2019-06-28 13:16:50.000000000,BEST_BID,"JPM,99083,158"
2019-06-28 13:16:50.000000000,BEST_ASK,"JPM,99477,100"
2019-06-28 13:16:50.000000000,BEST_BID,"JPM,99083,158"
2019-06-28 13:16:50.000000000,BEST_ASK,"JPM,99477,100"
2019-06-28 13:16:50.000000000,BEST_BID,"JPM,99083,158"
2019-06-28 13:16:50.000000000,BEST_ASK,"JPM,99477,100"
2019-06-28 13:16:50.000000000,BEST_BID,"JPM,99083,158"
2019-06-28 13:16:50.000000000,BEST_ASK,"JPM,99477,100"
2019-06-28 13:16:50.000000000,BEST_BID,"JPM,99083,158"
2019-06-28 13:16:50.000000000,BEST_ASK,"JPM,99477,100"
2019-06-28 13:16:50.000000000,BEST_BID,"JPM,99083,158"
2019-06-28 13:16:50.000000000,BEST_ASK,"JPM,99477,156"
2019-06-28 13:16:50.000000000,BEST_BID,"JPM,99083,158"
2019-06-28 13:16:50.000000000,BEST_ASK,"JPM,99477,156"
2019-06-28 13:16:50.000000000,BEST_BID,"JPM,99083,158"
2019-06-28 13:16:50.000000000,BEST_ASK,"JPM,99477,156"
2019-06-28 13:16:50.000000000,BEST_BID,"JPM,99083,158"
2019-06-28 13:16:50.000000000,BEST_ASK,"JPM,99477,156"
2019-06-28 13:16:50.000000000,BEST_BID,"JPM,99083,158"
2019-06-28 13:16:50.000000000,BEST_ASK,"JPM,99477,156"
2019-06-28 13:16:51.217425472,QUERY_SPREAD,6
2019-06-28 13:16:51.217425472,BEST_BID,"JPM,99083,158"
2019-06-28 13:16:51.217425472,BEST_ASK,"JPM,99477,156"
2019-06-28 13:17:00.000000000,QUERY_SPREAD,1
2019-06-28 13:17:00.000000000,BEST_BID,"JPM,99083,158"
2019-06-28 13:17:00.000000000,BEST_ASK,"JPM,99477,100"
2019-06-28 13:17:00.000000000,BEST_BID,"JPM,99083,158"
2019-06-28 13:17:00.000000000,BEST_ASK,"JPM,99477,100"
2019-06-28 13:17:00.000000000,BEST_BID,"JPM,99083,158"
2019-06-28 13:17:00.000000000,BEST_ASK,"JPM,99477,100"
2019-06-28 13:17:00.000000000,BEST_BID,"JPM,99083,158"
2019-06-28 13:17:00.000000000,BEST_ASK,"JPM,99477,100"
2019-06-28 13:17:00.000000000,BEST_BID,"JPM,99083,158"
2019-06-28 13:17:00.000000000,BEST_ASK,"JPM,99477,100"
2019-06-28 13:17:00.000000000,BEST_BID,"JPM,99083,158"
2019-06-28 13:17:00.000000000,BEST_ASK,"JPM,99477,156"
2019-06-28 13:17:00.000000000,BEST_BID,"JPM,99083,158"
2019-06-28 13:17:00.000000000,BEST_ASK,"JPM,99477,156"
2019-06-28 13:17:00.000000000,BEST_BID,"JPM,99083,158"
2019-06-28 13:17:00.000000000,BEST_ASK,"JPM,99477,156"
2019-06-28 13:17:00.000000000,BEST_BID,"JPM,99083,158"
2019-06-28 13:17:00.000000000,BEST_ASK,"JPM,99477,156"
2019-06-28 13:17:00.000000000,BEST_BID,"JPM,99083,158"
2019-06-28 13:17:00.000000000,BEST_ASK,"JPM,99477,156"
2019-06-28 13:17:00.000000000,QUERY_SPREAD,77
2019-06-28 13:17:00.000000000,BEST_BID,"JPM,99083,157"
2019-06-28 13:17:00.000000000,BEST_ASK,"JPM,99477,156"
2019-06-28 13:17:00.000000000,LAST_TRADE,"1,$99083.0000"
2019-06-28 13:17:00.000000000,QUERY_SPREAD,78
2019-06-28 13:17:00.000000000,BEST_BID,"JPM,99083,153"
2019-06-28 13:17:00.000000000,BEST_ASK,"JPM,99477,156"
2019-06-28 13:17:00.000000000,LAST_TRADE,"4,$99083.0000"
2019-06-28 13:17:00.000000000,QUERY_SPREAD,79
2019-06-28 13:17:00.000000000,BEST_BID,"JPM,99083,147"
2019-06-28 13:17:00.000000000,BEST_ASK,"JPM,99477,156"
2019-06-28 13:17:00.000000000,LAST_TRADE,"6,$99083.0000"
2019-06-28 13:17:00.000000000,QUERY_SPREAD,80
2019-06-28 13:17:00.000000000,BEST_BID,"JPM,99083,142"
2019-06-28 13:17:00.000000000,BEST_ASK,"JPM,99477,156"
2019-06-28 13:17:00.000000000,LAST_TRADE,"5,$99083.0000"
2019-06-28 13:17:00.000000000,QUERY_SPREAD,81
2019-06-28 13:17:00.000000000,BEST_BID,"JPM,99083,134"
2019-06-28 13:17:00.000000000,BEST_ASK,"JPM,99477,156"
2019-06-28 13:17:00.000000000,LAST_TRADE,"8,$99083.0000"
2019-06-28 13:17:00.000000000,QUERY_SPREAD,82
2019-06-28 13:17:00.000000000,BEST_BID,"JPM,99083,126"
2019-06-28 13:17:00.000000000,BEST_ASK,"JPM,99477,156"
2019-06-28 13:17:00.000000000,LAST_TRADE,"8,$99083.0000"
2019-06-28 13:17:00.000000000,QUERY_SPREAD,83
2019-06-28 13:17:00.000000000,BEST_BID,"JPM,99083,124"
2019-06-28 13:17:00.000000000,BEST_ASK,"JPM,99477,156"
2019-06-28 13:17:00.000000000,LAST_TRADE,"2,$99083.0000"
2019-06-28 13:17:00.000000000,QUERY_SPREAD,84
2019-06-28 13:17:00.000000000,BEST_BID,"JPM,99083,123"
2019-06-28 13:17:00.000000000,BEST_ASK,"JPM,99477,156"
2019-06-28 13:17:00.000000000,LAST_TRADE,"1,$99083.0000"
2019-06-28 13:17:00.000000000,QUERY_SPREAD,85
2019-06-28 13:17:00.000000000,BEST_BID,"JPM,99083,122"
2019-06-28 13:17:00.000000000,BEST_ASK,"JPM,99477,156"
2019-06-28 13:17:00.000000000,LAST_TRADE,"1,$99083.0000"
2019-06-28 13:17:00.000000000,QUERY_SPREAD,86
2019-06-28 13:17:00.000000000,BEST_BID,"JPM,99083,116"
2019-06-28 13:17:00.000000000,BEST_ASK,"JPM,99477,156"
2019-06-28 13:17:00.000000000,LAST_TRADE,"6,$99083.0000"
2019-06-28 13:17:00.000000000,QUERY_SPREAD,87
2019-06-28 13:17:00.000000000,BEST_BID,"JPM,99083,113"
2019-06-28 13:17:00.000000000,BEST_ASK,"JPM,99477,156"
2019-06-28 13:17:00.000000000,LAST_TRADE,"3,$99083.0000"
2019-06-28 13:17:00.000000000,QUERY_SPREAD,88
2019-06-28 13:17:00.000000000,BEST_BID,"JPM,99083,109"
2019-06-28 13:17:00.000000000,BEST_ASK,"JPM,99477,156"
2019-06-28 13:17:00.000000000,LAST_TRADE,"4,$99083.0000"
2019-06-28 13:17:00.000000000,QUERY_SPREAD,89
2019-06-28 13:17:00.000000000,BEST_BID,"JPM,99083,105"
2019-06-28 13:17:00.000000000,BEST_ASK,"JPM,99477,156"
2019-06-28 13:17:00.000000000,LAST_TRADE,"4,$99083.0000"
2019-06-28 13:17:00.000000000,QUERY_SPREAD,90
2019-06-28 13:17:00.000000000,BEST_BID,"JPM,99083,98"
2019-06-28 13:17:00.000000000,BEST_ASK,"JPM,99477,156"
2019-06-28 13:17:00.000000000,LAST_TRADE,"7,$99083.0000"
2019-06-28 13:17:00.000000000,QUERY_SPREAD,91
2019-06-28 13:17:00.000000000,BEST_BID,"JPM,99083,90"
2019-06-28 13:17:00.000000000,BEST_ASK,"JPM,99477,156"
2019-06-28 13:17:00.000000000,LAST_TRADE,"8,$99083.0000"
2019-06-28 13:17:00.000000000,QUERY_SPREAD,92
2019-06-28 13:17:00.000000000,BEST_BID,"JPM,99083,85"
2019-06-28 13:17:00.000000000,BEST_ASK,"JPM,99477,156"
2019-06-28 13:17:00.000000000,LAST_TRADE,"5,$99083.0000"
2019-06-28 13:17:00.000000000,QUERY_SPREAD,93
2019-06-28 13:17:00.000000000,BEST_BID,"JPM,99083,82"
2019-06-28 13:17:00.000000000,BEST_ASK,"JPM,99477,156"
2019-06-28 13:17:00.000000000,LAST_TRADE,"3,$99083.0000"
2019-06-28 13:17:00.000000000,QUERY_SPREAD,94
2019-06-28 13:17:00.000000000,BEST_BID,"JPM,99083,78"
2019-06-28 13:17:00.000000000,BEST_ASK,"JPM,99477,156"
2019-06-28 13:17:00.000000000,LAST_TRADE,"4,$99083.0000"
2019-06-28 13:17:00.000000000,QUERY_SPREAD,95
2019-06-28 13:17:00.000000000,BEST_BID,"JPM,99083,73"
2019-06-28 13:17:00.000000000,BEST_ASK,"JPM,99477,156"
2019-06-28 13:17:00.000000000,LAST_TRADE,"5,$99083.0000"
2019-06-28 13:17:00.000000000,QUERY_SPREAD,96
2019-06-28 13:17:00.000000000,BEST_BID,"JPM,99083,72"
2019-06-28 13:17:00.000000000,BEST_ASK,"JPM,99477,156"
2019-06-28 13:17:00.000000000,LAST_TRADE,"1,$99083.0000"
2019-06-28 13:17:00.000000000,QUERY_SPREAD,97
2019-06-28 13:17:00.000000000,BEST_BID,"JPM,99083,65"
2019-06-28 13:17:00.000000000,BEST_ASK,"JPM,99477,156"
2019-06-28 13:17:00.000000000,LAST_TRADE,"7,$99083.0000"
2019-06-28 13:17:00.000000000,QUERY_SPREAD,98
2019-06-28 13:17:00.000000000,BEST_BID,"JPM,99083,59"
2019-06-28 13:17:00.000000000,BEST_ASK,"JPM,99477,156"
2019-06-28 13:17:00.000000000,LAST_TRADE,"6,$99083.0000"
2019-06-28 13:17:00.000000000,QUERY_SPREAD,99
2019-06-28 13:17:00.000000000,BEST_BID,"JPM,99083,54"
2019-06-28 13:17:00.000000000,BEST_ASK,"JPM,99477,156"
2019-06-28 13:17:00.000000000,LAST_TRADE,"5,$99083.0000"
2019-06-28 13:17:00.000000000,QUERY_SPREAD,100
2019-06-28 13:17:00.000000000,BEST_BID,"JPM,99083,47"
2019-06-28 13:17:00.000000000,BEST_ASK,"JPM,99477,156"
2019-06-28 13:17:00.000000000,LAST_TRADE,"7,$99083.0000"
2019-06-28 13:17:00.000000000,QUERY_SPREAD,101
2019-06-28 13:17:00.000000000,QUERY_ORDER_STREAM,101
2019-06-28 13:17:05.712312136,QUERY_SPREAD,17
2019-06-28 13:17:05.712312136,BEST_BID,"JPM,99083,47"
2019-06-28 13:17:05.712312136,BEST_ASK,"JPM,99477,56"
2019-06-28 13:17:05.712312136,LAST_TRADE,"100,$99477.0000"
2019-06-28 13:17:10.000000000,QUERY_SPREAD,1
2019-06-28 13:17:10.000000000,BEST_BID,"JPM,99076,330"
2019-06-28 13:17:10.000000000,BEST_ASK,"JPM,99624,43"
2019-06-28 13:17:10.000000000,BEST_BID,"JPM,99076,330"
2019-06-28 13:17:10.000000000,BEST_ASK,"JPM,99624,323"
2019-06-28 13:17:20.000000000,QUERY_SPREAD,1
2019-06-28 13:17:20.000000000,BEST_BID,"JPM,99076,106"
2019-06-28 13:17:20.000000000,BEST_ASK,"JPM,99624,43"
2019-06-28 13:17:20.000000000,BEST_BID,"JPM,99076,106"
2019-06-28 13:17:20.000000000,BEST_ASK,"JPM,99624,43"
2019-06-28 13:17:20.000000000,BEST_BID,"JPM,99076,106"
2019-06-28 13:17:20.000000000,BEST_ASK,"JPM,99624,43"
2019-06-28 13:17:20.000000000,BEST_BID,"JPM,99076,106"
2019-06-28 13:17:20.000000000,BEST_ASK,"JPM,99624,43"
2019-06-28 13:17:20.000000000,BEST_BID,"JPM,99076,106"
2019-06-28 13:17:20.000000000,BEST_ASK,"JPM,99624,43"
2019-06-28 13:17:20.000000000,BEST_BID,"JPM,99076,106"
2019-06-28 13:17:20.000000000,BEST_ASK,"JPM,99624,99"
2019-06-28 13:17:20.000000000,BEST_BID,"JPM,99076,106"
2019-06-28 13:17:20.000000000,BEST_ASK,"JPM,99624,99"
2019-06-28 13:17:20.000000000,BEST_BID,"JPM,99076,106"
2019-06-28 13:17:20.000000000,BEST_ASK,"JPM,99624,99"
2019-06-28 13:17:20.000000000,BEST_BID,"JPM,99076,106"
2019-06-28 13:17:20.000000000,BEST_ASK,"JPM,99624,99"
2019-06-28 13:17:20.000000000,BEST_BID,"JPM,99076,106"
2019-06-28 13:17:20.000000000,BEST_ASK,"JPM,99624,99"
2019-06-28 13:17:30.000000000,QUERY_SPREAD,1
2019-06-28 13:17:30.000000000,BEST_BID,"JPM,99076,106"
2019-06-28 13:17:30.000000000,BEST_ASK,"JPM,99624,43"
2019-06-28 13:17:30.000000000,BEST_BID,"JPM,99076,106"
2019-06-28 13:17:30.000000000,BEST_ASK,"JPM,99624,43"
2019-06-28 13:17:30.000000000,BEST_BID,"JPM,99076,106"
2019-06-28 13:17:30.000000000,BEST_ASK,"JPM,99624,43"
2019-06-28 13:17:30.000000000,BEST_BID,"JPM,99076,106"
2019-06-28 13:17:30.000000000,BEST_ASK,"JPM,99624,43"
2019-06-28 13:17:30.000000000,BEST_BID,"JPM,99076,106"
2019-06-28 13:17:30.000000000,BEST_ASK,"JPM,99624,43"
2019-06-28 13:17:30.000000000,BEST_BID,"JPM,99076,106"
2019-06-28 13:17:30.000000000,BEST_ASK,"JPM,99624,99"
2019-06-28 13:17:30.000000000,BEST_BID,"JPM,99076,106"
2019-06-28 13:17:30.000000000,BEST_ASK,"JPM,99624,99"
2019-06-28 13:17:30.000000000,BEST_BID,"JPM,99076,106"
2019-06-28 13:17:30.000000000,BEST_ASK,"JPM,99624,99"
2019-06-28 13:17:30.000000000,BEST_BID,"JPM,99076,106"
2019-06-28 13:17:30.000000000,BEST_ASK,"JPM,99624,99"
2019-06-28 13:17:30.000000000,BEST_BID,"JPM,99076,106"
2019-06-28 13:17:30.000000000,BEST_ASK,"JPM,99624,99"
2019-06-28 13:17:40.000000000,QUERY_SPREAD,1
2019-06-28 13:17:40.000000000,BEST_BID,"JPM,99076,190"
2019-06-28 13:17:40.000000000,BEST_ASK,"JPM,99624,43"
2019-06-28 13:17:40.000000000,BEST_BID,"JPM,99076,190"
2019-06-28 13:17:40.000000000,BEST_ASK,"JPM,99624,43"
2019-06-28 13:17:40.000000000,BEST_BID,"JPM,99076,190"
2019-06-28 13:17:40.000000000,BEST_ASK,"JPM,99624,183"
2019-06-28 13:17:40.000000000,BEST_BID,"JPM,99076,190"
2019-06-28 13:17:40.000000000,BEST_ASK,"JPM,99624,183"
2019-06-28 13:17:40.928881203,QUERY_SPREAD,21
2019-06-28 13:17:40.928881203,BEST_BID,"JPM,99076,190"
2019-06-28 13:17:40.928881203,BEST_ASK,"JPM,99624,83"
2019-06-28 13:17:40.928881203,LAST_TRADE,"100,$99624.0000"
2019-06-28 13:17:50.000000000,QUERY_SPREAD,1
2019-06-28 13:17:50.000000000,BEST_BID,"JPM,99076,190"
2019-06-28 13:17:50.000000000,BEST_ASK,"JPM,99629,100"
2019-06-28 13:17:50.000000000,BEST_BID,"JPM,99076,190"
2019-06-28 13:17:50.000000000,BEST_ASK,"JPM,99629,100"
2019-06-28 13:17:50.000000000,BEST_BID,"JPM,99076,190"
2019-06-28 13:17:50.000000000,BEST_ASK,"JPM,99629,240"
2019-06-28 13:17:50.000000000,BEST_BID,"JPM,99076,190"
2019-06-28 13:17:50.000000000,BEST_ASK,"JPM,99629,240"
2019-06-28 13:17:58.934058097,QUERY_SPREAD,32
2019-06-28 13:17:58.934058097,BEST_BID,"JPM,99076,190"
2019-06-28 13:17:58.934058097,BEST_ASK,"JPM,99629,140"
2019-06-28 13:17:58.934058097,LAST_TRADE,"100,$99629.0000"
2019-06-28 13:18:00.000000000,QUERY_SPREAD,1
2019-06-28 13:18:00.000000000,BEST_BID,"JPM,99076,106"
2019-06-28 13:18:00.000000000,BEST_ASK,"JPM,99694,3"
2019-06-28 13:18:00.000000000,BEST_BID,"JPM,99076,106"
2019-06-28 13:18:00.000000000,BEST_ASK,"JPM,99694,3"
2019-06-28 13:18:00.000000000,BEST_BID,"JPM,99076,106"
2019-06-28 13:18:00.000000000,BEST_ASK,"JPM,99694,3"
2019-06-28 13:18:00.000000000,BEST_BID,"JPM,99076,106"
2019-06-28 13:18:00.000000000,BEST_ASK,"JPM,99694,3"
2019-06-28 13:18:00.000000000,BEST_BID,"JPM,99076,106"
2019-06-28 13:18:00.000000000,BEST_ASK,"JPM,99694,3"
2019-06-28 13:18:00.000000000,BEST_BID,"JPM,99076,106"
2019-06-28 13:18:00.000000000,BEST_ASK,"JPM,99694,59"
2019-06-28 13:18:00.000000000,BEST_BID,"JPM,99076,106"
2019-06-28 13:18:00.000000000,BEST_ASK,"JPM,99694,59"
2019-06-28 13:18:00.000000000,BEST_BID,"JPM,99076,106"
2019-06-28 13:18:00.000000000,BEST_ASK,"JPM,99694,59"
2019-06-28 13:18:00.000000000,BEST_BID,"JPM,99076,106"
2019-06-28 13:18:00.000000000,BEST_ASK,"JPM,99694,59"
2019-06-28 13:18:00.000000000,BEST_BID,"JPM,99076,106"
2019-06-28 13:18:00.000000000,BEST_ASK,"JPM,99694,59"
2019-06-28 13:18:00.000000000,QUERY_SPREAD,77
2019-06-28 13:18:00.000000000,BEST_BID,"JPM,99076,105"
2019-06-28 13:18:00.000000000,BEST_ASK,"JPM,99694,59"
2019-06-28 13:18:00.000000000,LAST_TRADE,"1,$99076.0000"
2019-06-28 13:18:00.000000000,QUERY_SPREAD,78
2019-06-28 13:18:00.000000000,BEST_BID,"JPM,99076,101"
2019-06-28 13:18:00.000000000,BEST_ASK,"JPM,99694,59"
2019-06-28 13:18:00.000000000,LAST_TRADE,"4,$99076.0000"
2019-06-28 13:18:00.000000000,QUERY_SPREAD,79
2019-06-28 13:18:00.000000000,BEST_BID,"JPM,99076,95"
2019-06-28 13:18:00.000000000,BEST_ASK,"JPM,99694,59"
2019-06-28 13:18:00.000000000,LAST_TRADE,"6,$99076.0000"
2019-06-28 13:18:00.000000000,QUERY_SPREAD,80
2019-06-28 13:18:00.000000000,BEST_BID,"JPM,99076,90"
2019-06-28 13:18:00.000000000,BEST_ASK,"JPM,99694,59"
2019-06-28 13:18:00.000000000,LAST_TRADE,"5,$99076.0000"
2019-06-28 13:18:00.000000000,QUERY_SPREAD,81
2019-06-28 13:18:00.000000000,BEST_BID,"JPM,99076,82"
2019-06-28 13:18:00.000000000,BEST_ASK,"JPM,99694,59"
2019-06-28 13:18:00.000000000,LAST_TRADE,"8,$99076.0000"
2019-06-28 13:18:00.000000000,QUERY_SPREAD,82
2019-06-28 13:18:00.000000000,BEST_BID,"JPM,99076,74"
2019-06-28 13:18:00.000000000,BEST_ASK,"JPM,99694,59"
2019-06-28 13:18:00.000000000,LAST_TRADE,"8,$99076.0000"
2019-06-28 13:18:00.000000000,QUERY_SPREAD,83
2019-06-28 13:18:00.000000000,BEST_BID,"JPM,99076,72"
2019-06-28 13:18:00.000000000,BEST_ASK,"JPM,99694,59"
2019-06-28 13:18:00.000000000,LAST_TRADE,"2,$99076.0000"
2019-06-28 13:18:00.000000000,QUERY_SPREAD,84
2019-06-28 13:18:00.000000000,BEST_BID,"JPM,99076,71"
2019-06-28 13:18:00.000000000,BEST_ASK,"JPM,99694,59"
2019-06-28 13:18:00.000000000,LAST_TRADE,"1,$99076.0000"
2019-06-28 13:18:00.000000000,QUERY_SPREAD,85
2019-06-28 13:18:00.000000000,BEST_BID,"JPM,99076,70"
2019-06-28 13:18:00.000000000,BEST_ASK,"JPM,99694,59"
2019-06-28 13:18:00.000000000,LAST_TRADE,"1,$99076.0000"
2019-06-28 13:18:00.000000000,QUERY_SPREAD,86
2019-06-28 13:18:00.000000000,BEST_BID,"JPM,99076,64"
2019-06-28 13:18:00.000000000,BEST_ASK,"JPM,99694,59"
2019-06-28 13:18:00.000000000,LAST_TRADE,"6,$99076.0000"
2019-06-28 13:18:00.000000000,QUERY_SPREAD,87
2019-06-28 13:18:00.000000000,BEST_BID,"JPM,99076,61"
2019-06-28 13:18:00.000000000,BEST_ASK,"JPM,99694,59"
2019-06-28 13:18:00.000000000,LAST_TRADE,"3,$99076.0000"
2019-06-28 13:18:00.000000000,QUERY_SPREAD,88
2019-06-28 13:18:00.000000000,BEST_BID,"JPM,99076,57"
2019-06-28 13:18:00.000000000,BEST_ASK,"JPM,99694,59"
2019-06-28 13:18:00.000000000,LAST_TRADE,"4,$99076.0000"
2019-06-28 13:18:00.000000000,QUERY_SPREAD,89
2019-06-28 13:18:00.000000000,BEST_BID,"JPM,99076,53"
2019-06-28 13:18:00.000000000,BEST_ASK,"JPM,99694,59"
2019-06-28 13:18:00.000000000,LAST_TRADE,"4,$99076.0000"
2019-06-28 13:18:00.000000000,QUERY_SPREAD,90
2019-06-28 13:18:00.000000000,BEST_BID,"JPM,99076,46"
2019-06-28 13:18:00.000000000,BEST_ASK,"JPM,99694,59"
2019-06-28 13:18:00.000000000,LAST_TRADE,"7,$99076.0000"
2019-06-28 13:18:00.000000000,QUERY_SPREAD,91
2019-06-28 13:18:00.000000000,BEST_BID,"JPM,99076,38"
2019-06-28 13:18:00.000000000,BEST_ASK,"JPM,99694,59"
2019-06-28 13:18:00.000000000,LAST_TRADE,"8,$99076.0000"
2019-06-28 13:18:00.000000000,QUERY_SPREAD,92
2019-06-28 13:18:00.000000000,BEST_BID,"JPM,99076,33"
2019-06-28 13:18:00.000000000,BEST_ASK,"JPM,99694,59"
2019-06-28 13:18:00.000000000,LAST_TRADE,"5,$99076.0000"
2019-06-28 13:18:00.000000000,QUERY_SPREAD,93
2019-06-28 13:18:00.000000000,BEST_BID,"JPM,99076,30"
2019-06-28 13:18:00.000000000,BEST_ASK,"JPM,99694,59"
2019-06-28 13:18:00.000000000,LAST_TRADE,"3,$99076.0000"
2019-06-28 13:18:00.000000000,QUERY_SPREAD,94
2019-06-28 13:18:00.000000000,BEST_BID,"JPM,99076,26"
2019-06-28 13:18:00.000000000,BEST_ASK,"JPM,99694,59"
2019-06-28 13:18:00.000000000,LAST_TRADE,"4,$99076.0000"
2019-06-28 13:18:00.000000000,QUERY_SPREAD,95
2019-06-28 13:18:00.000000000,BEST_BID,"JPM,99076,21"
2019-06-28 13:18:00.000000000,BEST_ASK,"JPM,99694,59"
2019-06-28 13:18:00.000000000,LAST_TRADE,"5,$99076.0000"
2019-06-28 13:18:00.000000000,QUERY_SPREAD,96
2019-06-28 13:18:00.000000000,BEST_BID,"JPM,99076,20"
2019-06-28 13:18:00.000000000,BEST_ASK,"JPM,99694,59"
2019-06-28 13:18:00.000000000,LAST_TRADE,"1,$99076.0000"
2019-06-28 13:18:00.000000000,QUERY_SPREAD,97
2019-06-28 13:18:00.000000000,BEST_BID,"JPM,99076,13"
2019-06-28 13:18:00.000000000,BEST_ASK,"JPM,99694,59"
2019-06-28 13:18:00.000000000,LAST_TRADE,"7,$99076.0000"
2019-06-28 13:18:00.000000000,QUERY_SPREAD,98
2019-06-28 13:18:00.000000000,BEST_BID,"JPM,99076,7"
2019-06-28 13:18:00.000000000,BEST_ASK,"JPM,99694,59"
2019-06-28 13:18:00.000000000,LAST_TRADE,"6,$99076.0000"
2019-06-28 13:18:00.000000000,QUERY_SPREAD,99
2019-06-28 13:18:00.000000000,BEST_BID,"JPM,99076,2"
2019-06-28 13:18:00.000000000,BEST_ASK,"JPM,99694,59"
2019-06-28 13:18:00.000000000,LAST_TRADE,"5,$99076.0000"
2019-06-28 13:18:00.000000000,QUERY_SPREAD,100
2019-06-28 13:18:00.000000000,BEST_BID,"JPM,98983,156"
2019-06-28 13:18:00.000000000,BEST_ASK,"JPM,99076,5"
2019-06-28 13:18:00.000000000,LAST_TRADE,"2,$99076.0000"
2019-06-28 13:18:00.000000000,QUERY_SPREAD,101
2019-06-28 13:18:00.000000000,QUERY_ORDER_STREAM,101
2019-06-28 13:18:00.000000000,BEST_BID,"JPM,98983,156"
2019-06-28 13:18:00.000000000,BEST_ASK,"JPM,99076,4"
2019-06-28 13:18:00.000000000,LAST_TRADE,"1,$99076.0000"
2019-06-28 13:18:10.000000000,QUERY_SPREAD,1
2019-06-28 13:18:10.000000000,BEST_BID,"JPM,98983,170"
2019-06-28 13:18:10.000000000,BEST_ASK,"JPM,99076,4"
2019-06-28 13:18:10.000000000,BEST_BID,"JPM,98983,170"
2019-06-28 13:18:10.000000000,BEST_ASK,"JPM,99076,4"
2019-06-28 13:18:10.000000000,BEST_BID,"JPM,98983,170"
2019-06-28 13:18:10.000000000,BEST_ASK,"JPM,99076,4"
2019-06-28 13:18:10.000000000,BEST_BID,"JPM,98983,170"
2019-06-28 13:18:10.000000000,BEST_ASK,"JPM,99076,4"
2019-06-28 13:18:10.000000000,BEST_BID,"JPM,98983,170"
2019-06-28 13:18:10.000000000,BEST_ASK,"JPM,99076,74"
2019-06-28 13:18:10.000000000,BEST_BID,"JPM,98983,170"
2019-06-28 13:18:10.000000000,BEST_ASK,"JPM,99076,74"
2019-06-28 13:18:10.000000000,BEST_BID,"JPM,98983,170"
2019-06-28 13:18:10.000000000,BEST_ASK,"JPM,99076,74"
2019-06-28 13:18:10.000000000,BEST_BID,"JPM,98983,170"
2019-06-28 13:18:10.000000000,BEST_ASK,"JPM,99076,74"
2019-06-28 13:18:18.799896635,QUERY_ORDER_STREAM,57
2019-06-28 13:18:18.799896635,QUERY_SPREAD,57
2019-06-28 13:18:20.000000000,QUERY_SPREAD,1
2019-06-28 13:18:20.000000000,BEST_BID,"JPM,98983,170"
2019-06-28 13:18:20.000000000,BEST_ASK,"JPM,99076,4"
2019-06-28 13:18:20.000000000,BEST_BID,"JPM,98983,170"
2019-06-28 13:18:20.000000000,BEST_ASK,"JPM,99076,4"
2019-06-28 13:18:20.000000000,BEST_BID,"JPM,98983,170"
2019-06-28 13:18:20.000000000,BEST_ASK,"JPM,99076,4"
2019-06-28 13:18:20.000000000,BEST_BID,"JPM,98983,170"
2019-06-28 13:18:20.000000000,BEST_ASK,"JPM,99076,4"
2019-06-28 13:18:20.000000000,BEST_BID,"JPM,98983,170"
2019-06-28 13:18:20.000000000,BEST_ASK,"JPM,99076,74"
2019-06-28 13:18:20.000000000,BEST_BID,"JPM,98983,170"
2019-06-28 13:18:20.000000000,BEST_ASK,"JPM,99076,74"
2019-06-28 13:18:20.000000000,BEST_BID,"JPM,98983,170"
2019-06-28 13:18:20.000000000,BEST_ASK,"JPM,99076,74"
2019-06-28 13:18:20.000000000,BEST_BID,"JPM,98983,170"
2019-06-28 13:18:20.000000000,BEST_ASK,"JPM,99076,74"
2019-06-28 13:18:30.000000000,QUERY_SPREAD,1
2019-06-28 13:18:30.000000000,BEST_BID,"JPM,98983,240"
2019-06-28 13:18:30.000000000,BEST_ASK,"JPM,99076,4"
2019-06-28 13:18:30.000000000,BEST_BID,"JPM,98983,240"
2019-06-28 13:18:30.000000000,BEST_ASK,"JPM,99076,4"
2019-06-28 13:18:30.000000000,BEST_BID,"JPM,98983,240"
2019-06-28 13:18:30.000000000,BEST_ASK,"JPM,99076,144"
2019-06-28 13:18:30.000000000,BEST_BID,"JPM,98983,240"
2019-06-28 13:18:30.000000000,BEST_ASK,"JPM,99076,144"
2019-06-28 13:18:40.000000000,QUERY_SPREAD,1
2019-06-28 13:18:40.000000000,BEST_BID,"JPM,98983,240"
2019-06-28 13:18:40.000000000,BEST_ASK,"JPM,99076,4"
2019-06-28 13:18:40.000000000,BEST_BID,"JPM,98983,240"
2019-06-28 13:18:40.000000000,BEST_ASK,"JPM,99076,4"
2019-06-28 13:18:40.000000000,BEST_BID,"JPM,98983,240"
2019-06-28 13:18:40.000000000,BEST_ASK,"JPM,99076,144"
2019-06-28 13:18:40.000000000,BEST_BID,"JPM,98983,240"
2019-06-28 13:18:40.000000000,BEST_ASK,"JPM,99076,144"
2019-06-28 13:18:50.000000000,QUERY_SPREAD,1
2019-06-28 13:18:50.000000000,BEST_BID,"JPM,98983,240"
2019-06-28 13:18:50.000000000,BEST_ASK,"JPM,99076,4"
2019-06-28 13:18:50.000000000,BEST_BID,"JPM,98983,240"
2019-06-28 13:18:50.000000000,BEST_ASK,"JPM,99076,4"
2019-06-28 13:18:50.000000000,BEST_BID,"JPM,98983,240"
2019-06-28 13:18:50.000000000,BEST_ASK,"JPM,99076,144"
2019-06-28 13:18:50.000000000,BEST_BID,"JPM,98983,240"
2019-06-28 13:18:50.000000000,BEST_ASK,"JPM,99076,144"
2019-06-28 13:19:00.000000000,QUERY_SPREAD,1
2019-06-28 13:19:00.000000000,BEST_BID,"JPM,98983,170"
2019-06-28 13:19:00.000000000,BEST_ASK,"JPM,99076,4"
2019-06-28 13:19:00.000000000,BEST_BID,"JPM,98983,170"
2019-06-28 13:19:00.000000000,BEST_ASK,"JPM,99076,4"
2019-06-28 13:19:00.000000000,BEST_BID,"JPM,98983,170"
2019-06-28 13:19:00.000000000,BEST_ASK,"JPM,99076,4"
2019-06-28 13:19:00.000000000,BEST_BID,"JPM,98983,170"
2019-06-28 13:19:00.000000000,BEST_ASK,"JPM,99076,4"
2019-06-28 13:19:00.000000000,BEST_BID,"JPM,98983,170"
2019-06-28 13:19:00.000000000,BEST_ASK,"JPM,99076,74"
2019-06-28 13:19:00.000000000,BEST_BID,"JPM,98983,170"
2019-06-28 13:19:00.000000000,BEST_ASK,"JPM,99076,74"
2019-06-28 13:19:00.000000000,BEST_BID,"JPM,98983,170"
2019-06-28 13:19:00.000000000,BEST_ASK,"JPM,99076,74"
2019-06-28 13:19:00.000000000,BEST_BID,"JPM,98983,170"
2019-06-28 13:19:00.000000000,BEST_ASK,"JPM,99076,74"
2019-06-28 13:19:00.000000000,QUERY_SPREAD,77
2019-06-28 13:19:00.000000000,BEST_BID,"JPM,98983,169"
2019-06-28 13:19:00.000000000,BEST_ASK,"JPM,99076,74"
2019-06-28 13:19:00.000000000,LAST_TRADE,"1,$98983.0000"
2019-06-28 13:19:00.000000000,QUERY_SPREAD,78
2019-06-28 13:19:00.000000000,BEST_BID,"JPM,98983,165"
2019-06-28 13:19:00.000000000,BEST_ASK,"JPM,99076,74"
2019-06-28 13:19:00.000000000,LAST_TRADE,"4,$98983.0000"
2019-06-28 13:19:00.000000000,QUERY_SPREAD,79
2019-06-28 13:19:00.000000000,BEST_BID,"JPM,98983,159"
2019-06-28 13:19:00.000000000,BEST_ASK,"JPM,99076,74"
2019-06-28 13:19:00.000000000,LAST_TRADE,"6,$98983.0000"
2019-06-28 13:19:00.000000000,QUERY_SPREAD,80
2019-06-28 13:19:00.000000000,BEST_BID,"JPM,98983,154"
2019-06-28 13:19:00.000000000,BEST_ASK,"JPM,99076,74"
2019-06-28 13:19:00.000000000,LAST_TRADE,"5,$98983.0000"
2019-06-28 13:19:00.000000000,QUERY_SPREAD,81
2019-06-28 13:19:00.000000000,BEST_BID,"JPM,98983,146"
2019-06-28 13:19:00.000000000,BEST_ASK,"JPM,99076,74"
2019-06-28 13:19:00.000000000,LAST_TRADE,"8,$98983.0000"
2019-06-28 13:19:00.000000000,QUERY_SPREAD,82
2019-06-28 13:19:00.000000000,BEST_BID,"JPM,98983,138"
2019-06-28 13:19:00.000000000,BEST_ASK,"JPM,99076,74"
2019-06-28 13:19:00.000000000,LAST_TRADE,"8,$98983.0000"
2019-06-28 13:19:00.000000000,QUERY_SPREAD,83
2019-06-28 13:19:00.000000000,BEST_BID,"JPM,98983,136"
2019-06-28 13:19:00.000000000,BEST_ASK,"JPM,99076,74"
2019-06-28 13:19:00.000000000,LAST_TRADE,"2,$98983.0000"
2019-06-28 13:19:00.000000000,QUERY_SPREAD,84
2019-06-28 13:19:00.000000000,BEST_BID,"JPM,98983,135"
2019-06-28 13:19:00.000000000,BEST_ASK,"JPM,99076,74"
2019-06-28 13:19:00.000000000,LAST_TRADE,"1,$98983.0000"
2019-06-28 13:19:00.000000000,QUERY_SPREAD,85
2019-06-28 13:19:00.000000000,BEST_BID,"JPM,98983,134"
2019-06-28 13:19:00.000000000,BEST_ASK,"JPM,99076,74"
2019-06-28 13:19:00.000000000,LAST_TRADE,"1,$98983.0000"
2019-06-28 13:19:00.000000000,QUERY_SPREAD,86
2019-06-28 13:19:00.000000000,BEST_BID,"JPM,98983,128"
2019-06-28 13:19:00.000000000,BEST_ASK,"JPM,99076,74"
2019-06-28 13:19:00.000000000,LAST_TRADE,"6,$98983.0000"
2019-06-28 13:19:00.000000000,QUERY_SPREAD,87
2019-06-28 13:19:00.000000000,BEST_BID,"JPM,98983,125"
2019-06-28 13:19:00.000000000,BEST_ASK,"JPM,99076,74"
2019-06-28 13:19:00.000000000,LAST_TRADE,"3,$98983.0000"
2019-06-28 13:19:00.000000000,QUERY_SPREAD,88
2019-06-28 13:19:00.000000000,BEST_BID,"JPM,98983,121"
2019-06-28 13:19:00.000000000,BEST_ASK,"JPM,99076,74"
2019-06-28 13:19:00.000000000,LAST_TRADE,"4,$98983.0000"
2019-06-28 13:19:00.000000000,QUERY_SPREAD,89
2019-06-28 13:19:00.000000000,BEST_BID,"JPM,98983,117"
2019-06-28 13:19:00.000000000,BEST_ASK,"JPM,99076,74"
2019-06-28 13:19:00.000000000,LAST_TRADE,"4,$98983.0000"
2019-06-28 13:19:00.000000000,QUERY_SPREAD,90
2019-06-28 13:19:00.000000000,BEST_BID,"JPM,98983,110"
2019-06-28 13:19:00.000000000,BEST_ASK,"JPM,99076,74"
2019-06-28 13:19:00.000000000,LAST_TRADE,"7,$98983.0000"
2019-06-28 13:19:00.000000000,QUERY_SPREAD,91
2019-06-28 13:19:00.000000000,BEST_BID,"JPM,98983,102"
2019-06-28 13:19:00.000000000,BEST_ASK,"JPM,99076,74"
2019-06-28 13:19:00.000000000,LAST_TRADE,"8,$98983.0000"
2019-06-28 13:19:00.000000000,QUERY_SPREAD,92
2019-06-28 13:19:00.000000000,BEST_BID,"JPM,98983,97"
2019-06-28 13:19:00.000000000,BEST_ASK,"JPM,99076,74"
2019-06-28 13:19:00.000000000,LAST_TRADE,"5,$98983.0000"
2019-06-28 13:19:00.000000000,QUERY_SPREAD,93
2019-06-28 13:19:00.000000000,BEST_BID,"JPM,98983,94"
2019-06-28 13:19:00.000000000,BEST_ASK,"JPM,99076,74"
2019-06-28 13:19:00.000000000,LAST_TRADE,"3,$98983.0000"
2019-06-28 13:19:00.000000000,QUERY_SPREAD,94
2019-06-28 13:19:00.000000000,BEST_BID,"JPM,98983,90"
2019-06-28 13:19:00.000000000,BEST_ASK,"JPM,99076,74"
2019-06-28 13:19:00.000000000,LAST_TRADE,"4,$98983.0000"
2019-06-28 13:19:00.000000000,QUERY_SPREAD,95
2019-06-28 13:19:00.000000000,BEST_BID,"JPM,98983,85"
2019-06-28 13:19:00.000000000,BEST_ASK,"JPM,99076,74"
2019-06-28 13:19:00.000000000,LAST_TRADE,"5,$98983.0000"
2019-06-28 13:19:00.000000000,QUERY_SPREAD,96
2019-06-28 13:19:00.000000000,BEST_BID,"JPM,98983,84"
2019-06-28 13:19:00.000000000,BEST_ASK,"JPM,99076,74"
2019-06-28 13:19:00.000000000,LAST_TRADE,"1,$98983.0000"
2019-06-28 13:19:00.000000000,QUERY_SPREAD,97
2019-06-28 13:19:00.000000000,BEST_BID,"JPM,98983,77"
2019-06-28 13:19:00.000000000,BEST_ASK,"JPM,99076,74"
2019-06-28 13:19:00.000000000,LAST_TRADE,"7,$98983.0000"
2019-06-28 13:19:00.000000000,QUERY_SPREAD,98
2019-06-28 13:19:00.000000000,BEST_BID,"JPM,98983,71"
2019-06-28 13:19:00.000000000,BEST_ASK,"JPM,99076,74"
2019-06-28 13:19:00.000000000,LAST_TRADE,"6,$98983.0000"
2019-06-28 13:19:00.000000000,QUERY_SPREAD,99
2019-06-28 13:19:00.000000000,BEST_BID,"JPM,98983,66"
2019-06-28 13:19:00.000000000,BEST_ASK,"JPM,99076,74"
2019-06-28 13:19:00.000000000,LAST_TRADE,"5,$98983.0000"
2019-06-28 13:19:00.000000000,QUERY_SPREAD,100
2019-06-28 13:19:00.000000000,BEST_BID,"JPM,98983,59"
2019-06-28 13:19:00.000000000,BEST_ASK,"JPM,99076,74"
2019-06-28 13:19:00.000000000,LAST_TRADE,"7,$98983.0000"
2019-06-28 13:19:00.000000000,QUERY_SPREAD,101
2019-06-28 13:19:00.000000000,QUERY_ORDER_STREAM,101
2019-06-28 13:19:00.000000000,BEST_BID,"JPM,98983,60"
2019-06-28 13:19:00.000000000,BEST_ASK,"JPM,99076,74"
2019-06-28 13:19:10.000000000,QUERY_SPREAD,1
2019-06-28 13:19:10.000000000,BEST_BID,"JPM,98983,96"
2019-06-28 13:19:10.000000000,BEST_ASK,"JPM,99076,4"
2019-06-28 13:19:10.000000000,BEST_BID,"JPM,98983,96"
2019-06-28 13:19:10.000000000,BEST_ASK,"JPM,99076,4"
2019-06-28 13:19:10.000000000,BEST_BID,"JPM,98983,96"
2019-06-28 13:19:10.000000000,BEST_ASK,"JPM,99076,4"
2019-06-28 13:19:10.000000000,BEST_BID,"JPM,98983,96"
2019-06-28 13:19:10.000000000,BEST_ASK,"JPM,99076,99"
2019-06-28 13:19:10.000000000,BEST_BID,"JPM,98983,96"
2019-06-28 13:19:10.000000000,BEST_ASK,"JPM,99076,99"
2019-06-28 13:19:10.000000000,BEST_BID,"JPM,98983,96"
2019-06-28 13:19:10.000000000,BEST_ASK,"JPM,99076,99"
2019-06-28 13:19:12.695708462,QUERY_SPREAD,28
2019-06-28 13:19:12.695708462,BEST_BID,"JPM,98983,96"
2019-06-28 13:19:12.695708462,BEST_ASK,"JPM,99076,99"
2019-06-28 13:19:20.000000000,QUERY_SPREAD,1
2019-06-28 13:19:20.000000000,BEST_BID,"JPM,98983,281"
2019-06-28 13:19:20.000000000,BEST_ASK,"JPM,99076,4"
2019-06-28 13:19:20.000000000,BEST_BID,"JPM,98983,281"
2019-06-28 13:19:20.000000000,BEST_ASK,"JPM,99076,284"
2019-06-28 13:19:30.000000000,QUERY_SPREAD,1
2019-06-28 13:19:30.000000000,BEST_BID,"JPM,98983,96"
2019-06-28 13:19:30.000000000,BEST_ASK,"JPM,99076,4"
2019-06-28 13:19:30.000000000,BEST_BID,"JPM,98983,96"
2019-06-28 13:19:30.000000000,BEST_ASK,"JPM,99076,4"
2019-06-28 13:19:30.000000000,BEST_BID,"JPM,98983,96"
2019-06-28 13:19:30.000000000,BEST_ASK,"JPM,99076,4"
2019-06-28 13:19:30.000000000,BEST_BID,"JPM,98983,96"
2019-06-28 13:19:30.000000000,BEST_ASK,"JPM,99076,99"
2019-06-28 13:19:30.000000000,BEST_BID,"JPM,98983,96"
2019-06-28 13:19:30.000000000,BEST_ASK,"JPM,99076,99"
2019-06-28 13:19:30.000000000,BEST_BID,"JPM,98983,96"
2019-06-28 13:19:30.000000000,BEST_ASK,"JPM,99076,99"
2019-06-28 13:19:40.000000000,QUERY_SPREAD,1
2019-06-28 13:19:40.000000000,BEST_BID,"JPM,98983,57"
2019-06-28 13:19:40.000000000,BEST_ASK,"JPM,99076,4"
2019-06-28 13:19:40.000000000,BEST_BID,"JPM,98983,57"
2019-06-28 13:19:40.000000000,BEST_ASK,"JPM,99076,4"
2019-06-28 13:19:40.000000000,BEST_BID,"JPM,98983,57"
2019-06-28 13:19:40.000000000,BEST_ASK,"JPM,99076,4"
2019-06-28 13:19:40.000000000,BEST_BID,"JPM,98983,57"
2019-06-28 13:19:40.000000000,BEST_ASK,"JPM,99076,4"
2019-06-28 13:19:40.000000000,BEST_BID,"JPM,98983,57"
2019-06-28 13:19:40.000000000,BEST_ASK,"JPM,99076,4"
2019-06-28 13:19:40.000000000,BEST_BID,"JPM,98983,57"
2019-06-28 13:19:40.000000000,BEST_ASK,"JPM,99076,60"
2019-06-28 13:19:40.000000000,BEST_BID,"JPM,98983,57"
2019-06-28 13:19:40.000000000,BEST_ASK,"JPM,99076,60"
2019-06-28 13:19:40.000000000,BEST_BID,"JPM,98983,57"
2019-06-28 13:19:40.000000000,BEST_ASK,"JPM,99076,60"
2019-06-28 13:19:40.000000000,BEST_BID,"JPM,98983,57"
2019-06-28 13:19:40.000000000,BEST_ASK,"JPM,99076,60"
2019-06-28 13:19:40.000000000,BEST_BID,"JPM,98983,57"
2019-06-28 13:19:40.000000000,BEST_ASK,"JPM,99076,60"
2019-06-28 13:19:42.445500153,QUERY_SPREAD,6
2019-06-28 13:19:42.445500153,BEST_BID,"JPM,99076,40"
2019-06-28 13:19:42.445500153,BEST_ASK,"JPM,99694,59"
2019-06-28 13:19:42.445500153,LAST_TRADE,"60,$99076.0000"
2019-06-28 13:19:50.000000000,QUERY_SPREAD,1
2019-06-28 13:19:50.000000000,BEST_BID,"JPM,99076,135"
2019-06-28 13:19:50.000000000,BEST_ASK,"JPM,99694,3"
2019-06-28 13:19:50.000000000,BEST_BID,"JPM,99076,135"
2019-06-28 13:19:50.000000000,BEST_ASK,"JPM,99694,3"
2019-06-28 13:19:50.000000000,BEST_BID,"JPM,99076,135"
2019-06-28 13:19:50.000000000,BEST_ASK,"JPM,99694,3"
2019-06-28 13:19:50.000000000,BEST_BID,"JPM,99076,135"
2019-06-28 13:19:50.000000000,BEST_ASK,"JPM,99694,98"
2019-06-28 13:19:50.000000000,BEST_BID,"JPM,99076,135"
2019-06-28 13:19:50.000000000,BEST_ASK,"JPM,99694,98"
2019-06-28 13:19:50.000000000,BEST_BID,"JPM,99076,135"
2019-06-28 13:19:50.000000000,BEST_ASK,"JPM,99694,98"
2019-06-28 13:19:59.589243677,QUERY_SPREAD,21
2019-06-28 13:19:59.589243677,BEST_BID,"JPM,99694,2"
2019-06-28 13:19:59.589243677,BEST_ASK,"JPM,99715,192"
2019-06-28 13:19:59.589243677,LAST_TRADE,"98,$99694.0000"
2019-06-28 13:20:00.000000000,QUERY_SPREAD,1
2019-06-28 13:20:00.000000000,BEST_BID,"JPM,99694,72"
2019-06-28 13:20:00.000000000,BEST_ASK,"JPM,99715,100"
2019-06-28 13:20:00.000000000,BEST_BID,"JPM,99694,72"
2019-06-28 13:20:00.000000000,BEST_ASK,"JPM,99715,100"
2019-06-28 13:20:00.000000000,BEST_BID,"JPM,99694,72"
2019-06-28 13:20:00.000000000,BEST_ASK,"JPM,99715,100"
2019-06-28 13:20:00.000000000,BEST_BID,"JPM,99694,72"
2019-06-28 13:20:00.000000000,BEST_ASK,"JPM,99715,100"
2019-06-28 13:20:00.000000000,BEST_BID,"JPM,99694,72"
2019-06-28 13:20:00.000000000,BEST_ASK,"JPM,99715,170"
2019-06-28 13:20:00.000000000,BEST_BID,"JPM,99694,72"
2019-06-28 13:20:00.000000000,BEST_ASK,"JPM,99715,170"
2019-06-28 13:20:00.000000000,BEST_BID,"JPM,99694,72"
2019-06-28 13:20:00.000000000,BEST_ASK,"JPM,99715,170"
2019-06-28 13:20:00.000000000,BEST_BID,"JPM,99694,72"
2019-06-28 13:20:00.000000000,BEST_ASK,"JPM,99715,170"
2019-06-28 13:20:00.000000000,QUERY_SPREAD,77
2019-06-28 13:20:00.000000000,BEST_BID,"JPM,99694,71"
2019-06-28 13:20:00.000000000,BEST_ASK,"JPM,99715,170"
2019-06-28 13:20:00.000000000,LAST_TRADE,"1,$99694.0000"
2019-06-28 13:20:00.000000000,QUERY_SPREAD,78
2019-06-28 13:20:00.000000000,BEST_BID,"JPM,99694,67"
2019-06-28 13:20:00.000000000,BEST_ASK,"JPM,99715,170"
2019-06-28 13:20:00.000000000,LAST_TRADE,"4,$99694.0000"
2019-06-28 13:20:00.000000000,QUERY_SPREAD,79
2019-06-28 13:20:00.000000000,BEST_BID,"JPM,99694,61"
2019-06-28 13:20:00.000000000,BEST_ASK,"JPM,99715,170"
2019-06-28 13:20:00.000000000,LAST_TRADE,"6,$99694.0000"
2019-06-28 13:20:00.000000000,QUERY_SPREAD,80
2019-06-28 13:20:00.000000000,BEST_BID,"JPM,99694,56"
2019-06-28 13:20:00.000000000,BEST_ASK,"JPM,99715,170"
2019-06-28 13:20:00.000000000,LAST_TRADE,"5,$99694.0000"
2019-06-28 13:20:00.000000000,QUERY_SPREAD,81
2019-06-28 13:20:00.000000000,BEST_BID,"JPM,99694,48"
2019-06-28 13:20:00.000000000,BEST_ASK,"JPM,99715,170"
2019-06-28 13:20:00.000000000,LAST_TRADE,"8,$99694.0000"
2019-06-28 13:20:00.000000000,QUERY_SPREAD,82
2019-06-28 13:20:00.000000000,BEST_BID,"JPM,99694,40"
2019-06-28 13:20:00.000000000,BEST_ASK,"JPM,99715,170"
2019-06-28 13:20:00.000000000,LAST_TRADE,"8,$99694.0000"
2019-06-28 13:20:00.000000000,QUERY_SPREAD,83
2019-06-28 13:20:00.000000000,BEST_BID,"JPM,99694,38"
2019-06-28 13:20:00.000000000,BEST_ASK,"JPM,99715,170"
2019-06-28 13:20:00.000000000,LAST_TRADE,"2,$99694.0000"
2019-06-28 13:20:00.000000000,QUERY_SPREAD,84
2019-06-28 13:20:00.000000000,BEST_BID,"JPM,99694,37"
2019-06-28 13:20:00.000000000,BEST_ASK,"JPM,99715,170"
2019-06-28 13:20:00.000000000,LAST_TRADE,"1,$99694.0000"
2019-06-28 13:20:00.000000000,QUERY_SPREAD,85
2019-06-28 13:20:00.000000000,BEST_BID,"JPM,99694,36"
2019-06-28 13:20:00.000000000,BEST_ASK,"JPM,99715,170"
2019-06-28 13:20:00.000000000,LAST_TRADE,"1,$99694.0000"
2019-06-28 13:20:00.000000000,QUERY_SPREAD,86
2019-06-28 13:20:00.000000000,BEST_BID,"JPM,99694,30"
2019-06-28 13:20:00.000000000,BEST_ASK,"JPM,99715,170"
2019-06-28 13:20:00.000000000,LAST_TRADE,"6,$99694.0000"
2019-06-28 13:20:00.000000000,QUERY_SPREAD,87
2019-06-28 13:20:00.000000000,BEST_BID,"JPM,99694,27"
2019-06-28 13:20:00.000000000,BEST_ASK,"JPM,99715,170"
2019-06-28 13:20:00.000000000,LAST_TRADE,"3,$99694.0000"
2019-06-28 13:20:00.000000000,QUERY_SPREAD,88
2019-06-28 13:20:00.000000000,BEST_BID,"JPM,99694,23"
2019-06-28 13:20:00.000000000,BEST_ASK,"JPM,99715,170"
2019-06-28 13:20:00.000000000,LAST_TRADE,"4,$99694.0000"
2019-06-28 13:20:00.000000000,QUERY_SPREAD,89
2019-06-28 13:20:00.000000000,BEST_BID,"JPM,99694,19"
2019-06-28 13:20:00.000000000,BEST_ASK,"JPM,99715,170"
2019-06-28 13:20:00.000000000,LAST_TRADE,"4,$99694.0000"
2019-06-28 13:20:00.000000000,QUERY_SPREAD,90
2019-06-28 13:20:00.000000000,BEST_BID,"JPM,99694,12"
2019-06-28 13:20:00.000000000,BEST_ASK,"JPM,99715,170"
2019-06-28 13:20:00.000000000,LAST_TRADE,"7,$99694.0000"
2019-06-28 13:20:00.000000000,QUERY_SPREAD,91
2019-06-28 13:20:00.000000000,BEST_BID,"JPM,99694,4"
2019-06-28 13:20:00.000000000,BEST_ASK,"JPM,99715,170"
2019-06-28 13:20:00.000000000,LAST_TRADE,"8,$99694.0000"
2019-06-28 13:20:00.000000000,QUERY_SPREAD,92
2019-06-28 13:20:00.000000000,BEST_BID,"JPM,99076,110"
2019-06-28 13:20:00.000000000,BEST_ASK,"JPM,99694,1"
2019-06-28 13:20:00.000000000,LAST_TRADE,"4,$99694.0000"
2019-06-28 13:20:00.000000000,QUERY_SPREAD,93
2019-06-28 13:20:00.000000000,BEST_BID,"JPM,99076,107"
2019-06-28 13:20:00.000000000,BEST_ASK,"JPM,99694,1"
2019-06-28 13:20:00.000000000,LAST_TRADE,"3,$99076.0000"
2019-06-28 13:20:00.000000000,QUERY_SPREAD,94
2019-06-28 13:20:00.000000000,BEST_BID,"JPM,99076,103"
2019-06-28 13:20:00.000000000,BEST_ASK,"JPM,99694,1"
2019-06-28 13:20:00.000000000,LAST_TRADE,"4,$99076.0000"
2019-06-28 13:20:00.000000000,QUERY_SPREAD,95
2019-06-28 13:20:00.000000000,BEST_BID,"JPM,99076,98"
2019-06-28 13:20:00.000000000,BEST_ASK,"JPM,99694,1"
2019-06-28 13:20:00.000000000,LAST_TRADE,"5,$99076.0000"
2019-06-28 13:20:00.000000000,QUERY_SPREAD,96
2019-06-28 13:20:00.000000000,BEST_BID,"JPM,99076,97"
2019-06-28 13:20:00.000000000,BEST_ASK,"JPM,99694,1"
2019-06-28 13:20:00.000000000,LAST_TRADE,"1,$99076.0000"
2019-06-28 13:20:00.000000000,QUERY_SPREAD,97
2019-06-28 13:20:00.000000000,BEST_BID,"JPM,99076,90"
2019-06-28 13:20:00.000000000,BEST_ASK,"JPM,99694,1"
2019-06-28 13:20:00.000000000,LAST_TRADE,"7,$99076.0000"
2019-06-28 13:20:00.000000000,QUERY_SPREAD,98
2019-06-28 13:20:00.000000000,BEST_BID,"JPM,99076,84"
2019-06-28 13:20:00.000000000,BEST_ASK,"JPM,99694,1"
2019-06-28 13:20:00.000000000,LAST_TRADE,"6,$99076.0000"
2019-06-28 13:20:00.000000000,QUERY_SPREAD,99
2019-06-28 13:20:00.000000000,BEST_BID,"JPM,99076,79"
2019-06-28 13:20:00.000000000,BEST_ASK,"JPM,99694,1"
2019-06-28 13:20:00.000000000,LAST_TRADE,"5,$99076.0000"
2019-06-28 13:20:00.000000000,QUERY_SPREAD,100
2019-06-28 13:20:00.000000000,BEST_BID,"JPM,99076,72"
2019-06-28 13:20:00.000000000,BEST_ASK,"JPM,99694,1"
2019-06-28 13:20:00.000000000,LAST_TRADE,"7,$99076.0000"
2019-06-28 13:20:00.000000000,QUERY_SPREAD,101
2019-06-28 13:20:00.000000000,QUERY_ORDER_STREAM,101
2019-06-28 13:20:10.000000000,QUERY_SPREAD,1
2019-06-28 13:20:10.000000000,BEST_BID,"JPM,99076,97"
2019-06-28 13:20:10.000000000,BEST_ASK,"JPM,99694,1"
2019-06-28 13:20:10.000000000,BEST_BID,"JPM,99076,97"
2019-06-28 13:20:10.000000000,BEST_ASK,"JPM,99694,1"
2019-06-28 13:20:10.000000000,BEST_BID,"JPM,99076,97"
2019-06-28 13:20:10.000000000,BEST_ASK,"JPM,99694,1"
2019-06-28 13:20:10.000000000,BEST_BID,"JPM,99076,97"
2019-06-28 13:20:10.000000000,BEST_ASK,"JPM,99694,96"
2019-06-28 13:20:10.000000000,BEST_BID,"JPM,99076,97"
2019-06-28 13:20:10.000000000,BEST_ASK,"JPM,99694,96"
2019-06-28 13:20:10.000000000,BEST_BID,"JPM,99076,97"
2019-06-28 13:20:10.000000000,BEST_ASK,"JPM,99694,96"
2019-06-28 13:20:16.813149802,QUERY_SPREAD,44
2019-06-28 13:20:16.813149802,BEST_BID,"JPM,99694,4"
2019-06-28 13:20:16.813149802,BEST_ASK,"JPM,99715,92"
2019-06-28 13:20:16.813149802,LAST_TRADE,"96,$99694.0000"
2019-06-28 13:20:20.000000000,QUERY_SPREAD,1
2019-06-28 13:20:20.000000000,BEST_BID,"JPM,99694,74"
2019-06-28 13:20:20.000000000,BEST_ASK,"JPM,99823,3"
2019-06-28 13:20:20.000000000,BEST_BID,"JPM,99694,74"
2019-06-28 13:20:20.000000000,BEST_ASK,"JPM,99823,3"
2019-06-28 13:20:20.000000000,BEST_BID,"JPM,99694,74"
2019-06-28 13:20:20.000000000,BEST_ASK,"JPM,99823,3"
2019-06-28 13:20:20.000000000,BEST_BID,"JPM,99694,74"
2019-06-28 13:20:20.000000000,BEST_ASK,"JPM,99823,3"
2019-06-28 13:20:20.000000000,BEST_BID,"JPM,99694,74"
2019-06-28 13:20:20.000000000,BEST_ASK,"JPM,99823,73"
2019-06-28 13:20:20.000000000,BEST_BID,"JPM,99694,74"
2019-06-28 13:20:20.000000000,BEST_ASK,"JPM,99823,73"
2019-06-28 13:20:20.000000000,BEST_BID,"JPM,99694,74"
2019-06-28 13:20:20.000000000,BEST_ASK,"JPM,99823,73"
2019-06-28 13:20:20.000000000,BEST_BID,"JPM,99694,74"
2019-06-28 13:20:20.000000000,BEST_ASK,"JPM,99823,73"
2019-06-28 13:20:22.968076091,QUERY_ORDER_STREAM,75
2019-06-28 13:20:22.968076091,QUERY_SPREAD,75
2019-06-28 13:20:22.968076091,BEST_BID,"JPM,99694,74"
2019-06-28 13:20:22.968076091,BEST_ASK,"JPM,99823,73"
2019-06-28 13:20:28.422057302,QUERY_SPREAD,11
2019-06-28 13:20:28.422057302,BEST_BID,"JPM,99694,74"
2019-06-28 13:20:28.422057302,BEST_ASK,"JPM,99823,73"
2019-06-28 13:20:29.615356477,QUERY_ORDER_STREAM,76
2019-06-28 13:20:29.615356477,QUERY_SPREAD,76
2019-06-28 13:20:29.615356477,BEST_BID,"JPM,99694,74"
2019-06-28 13:20:29.615356477,BEST_ASK,"JPM,99823,73"
2019-06-28 13:20:30.000000000,QUERY_SPREAD,1
2019-06-28 13:20:30.000000000,BEST_BID,"JPM,99694,99"
2019-06-28 13:20:30.000000000,BEST_ASK,"JPM,99823,3"
2019-06-28 13:20:30.000000000,BEST_BID,"JPM,99694,99"
2019-06-28 13:20:30.000000000,BEST_ASK,"JPM,99823,3"
2019-06-28 13:20:30.000000000,BEST_BID,"JPM,99694,99"
2019-06-28 13:20:30.000000000,BEST_ASK,"JPM,99823,3"
2019-06-28 13:20:30.000000000,BEST_BID,"JPM,99694,99"
2019-06-28 13:20:30.000000000,BEST_ASK,"JPM,99823,98"
2019-06-28 13:20:30.000000000,BEST_BID,"JPM,99694,99"
2019-06-28 13:20:30.000000000,BEST_ASK,"JPM,99823,98"
2019-06-28 13:20:30.000000000,BEST_BID,"JPM,99694,99"
2019-06-28 13:20:30.000000000,BEST_ASK,"JPM,99823,98"
2019-06-28 13:20:40.000000000,QUERY_SPREAD,1
2019-06-28 13:20:40.000000000,BEST_BID,"JPM,99694,99"
2019-06-28 13:20:40.000000000,BEST_ASK,"JPM,99823,3"
2019-06-28 13:20:40.000000000,BEST_BID,"JPM,99694,99"
2019-06-28 13:20:40.000000000,BEST_ASK,"JPM,99823,3"
2019-06-28 13:20:40.000000000,BEST_BID,"JPM,99694,99"
2019-06-28 13:20:40.000000000,BEST_ASK,"JPM,99823,3"
2019-06-28 13:20:40.000000000,BEST_BID,"JPM,99694,99"
2019-06-28 13:20:40.000000000,BEST_ASK,"JPM,99823,98"
2019-06-28 13:20:40.000000000,BEST_BID,"JPM,99694,99"
2019-06-28 13:20:40.000000000,BEST_ASK,"JPM,99823,98"
2019-06-28 13:20:40.000000000,BEST_BID,"JPM,99694,99"
2019-06-28 13:20:40.000000000,BEST_ASK,"JPM,99823,98"
2019-06-28 13:20:50.000000000,QUERY_SPREAD,1
2019-06-28 13:20:50.000000000,BEST_BID,"JPM,99694,144"
2019-06-28 13:20:50.000000000,BEST_ASK,"JPM,99823,3"
2019-06-28 13:20:50.000000000,BEST_BID,"JPM,99694,144"
2019-06-28 13:20:50.000000000,BEST_ASK,"JPM,99823,3"
2019-06-28 13:20:50.000000000,BEST_BID,"JPM,99694,144"
2019-06-28 13:20:50.000000000,BEST_ASK,"JPM,99823,143"
2019-06-28 13:20:50.000000000,BEST_BID,"JPM,99694,144"
2019-06-28 13:20:50.000000000,BEST_ASK,"JPM,99823,143"
2019-06-28 13:21:00.000000000,QUERY_SPREAD,1
2019-06-28 13:21:00.000000000,BEST_BID,"JPM,99694,144"
2019-06-28 13:21:00.000000000,BEST_ASK,"JPM,99823,3"
2019-06-28 13:21:00.000000000,BEST_BID,"JPM,99694,144"
2019-06-28 13:21:00.000000000,BEST_ASK,"JPM,99823,3"
2019-06-28 13:21:00.000000000,BEST_BID,"JPM,99694,144"
2019-06-28 13:21:00.000000000,BEST_ASK,"JPM,99823,143"
2019-06-28 13:21:00.000000000,BEST_BID,"JPM,99694,144"
2019-06-28 13:21:00.000000000,BEST_ASK,"JPM,99823,143"
2019-06-28 13:21:00.000000000,QUERY_SPREAD,77
2019-06-28 13:21:00.000000000,BEST_BID,"JPM,99694,143"
2019-06-28 13:21:00.000000000,BEST_ASK,"JPM,99823,143"
2019-06-28 13:21:00.000000000,LAST_TRADE,"1,$99694.0000"
2019-06-28 13:21:00.000000000,QUERY_SPREAD,78
2019-06-28 13:21:00.000000000,BEST_BID,"JPM,99694,139"
2019-06-28 13:21:00.000000000,BEST_ASK,"JPM,99823,143"
2019-06-28 13:21:00.000000000,LAST_TRADE,"4,$99694.0000"
2019-06-28 13:21:00.000000000,QUERY_SPREAD,79
2019-06-28 13:21:00.000000000,BEST_BID,"JPM,99694,133"
2019-06-28 13:21:00.000000000,BEST_ASK,"JPM,99823,143"
2019-06-28 13:21:00.000000000,LAST_TRADE,"6,$99694.0000"
2019-06-28 13:21:00.000000000,QUERY_SPREAD,80
2019-06-28 13:21:00.000000000,BEST_BID,"JPM,99694,128"
2019-06-28 13:21:00.000000000,BEST_ASK,"JPM,99823,143"
2019-06-28 13:21:00.000000000,LAST_TRADE,"5,$99694.0000"
2019-06-28 13:21:00.000000000,QUERY_SPREAD,81
2019-06-28 13:21:00.000000000,BEST_BID,"JPM,99694,120"
2019-06-28 13:21:00.000000000,BEST_ASK,"JPM,99823,143"
2019-06-28 13:21:00.000000000,LAST_TRADE,"8,$99694.0000"
2019-06-28 13:21:00.000000000,QUERY_SPREAD,82
2019-06-28 13:21:00.000000000,BEST_BID,"JPM,99694,112"
2019-06-28 13:21:00.000000000,BEST_ASK,"JPM,99823,143"
2019-06-28 13:21:00.000000000,LAST_TRADE,"8,$99694.0000"
2019-06-28 13:21:00.000000000,QUERY_SPREAD,83
2019-06-28 13:21:00.000000000,BEST_BID,"JPM,99694,110"
2019-06-28 13:21:00.000000000,BEST_ASK,"JPM,99823,143"
2019-06-28 13:21:00.000000000,LAST_TRADE,"2,$99694.0000"
2019-06-28 13:21:00.000000000,QUERY_SPREAD,84
2019-06-28 13:21:00.000000000,BEST_BID,"JPM,99694,109"
2019-06-28 13:21:00.000000000,BEST_ASK,"JPM,99823,143"
2019-06-28 13:21:00.000000000,LAST_TRADE,"1,$99694.0000"
2019-06-28 13:21:00.000000000,QUERY_SPREAD,85
2019-06-28 13:21:00.000000000,BEST_BID,"JPM,99694,108"
2019-06-28 13:21:00.000000000,BEST_ASK,"JPM,99823,143"
2019-06-28 13:21:00.000000000,LAST_TRADE,"1,$99694.0000"
2019-06-28 13:21:00.000000000,QUERY_SPREAD,86
2019-06-28 13:21:00.000000000,BEST_BID,"JPM,99694,102"
2019-06-28 13:21:00.000000000,BEST_ASK,"JPM,99823,143"
2019-06-28 13:21:00.000000000,LAST_TRADE,"6,$99694.0000"
2019-06-28 13:21:00.000000000,QUERY_SPREAD,87
2019-06-28 13:21:00.000000000,BEST_BID,"JPM,99694,99"
2019-06-28 13:21:00.000000000,BEST_ASK,"JPM,99823,143"
2019-06-28 13:21:00.000000000,LAST_TRADE,"3,$99694.0000"
2019-06-28 13:21:00.000000000,QUERY_SPREAD,88
2019-06-28 13:21:00.000000000,BEST_BID,"JPM,99694,95"
2019-06-28 13:21:00.000000000,BEST_ASK,"JPM,99823,143"
2019-06-28 13:21:00.000000000,LAST_TRADE,"4,$99694.0000"
2019-06-28 13:21:00.000000000,QUERY_SPREAD,89
2019-06-28 13:21:00.000000000,BEST_BID,"JPM,99694,91"
2019-06-28 13:21:00.000000000,BEST_ASK,"JPM,99823,143"
2019-06-28 13:21:00.000000000,LAST_TRADE,"4,$99694.0000"
2019-06-28 13:21:00.000000000,QUERY_SPREAD,90
2019-06-28 13:21:00.000000000,BEST_BID,"JPM,99694,84"
2019-06-28 13:21:00.000000000,BEST_ASK,"JPM,99823,143"
2019-06-28 13:21:00.000000000,LAST_TRADE,"7,$99694.0000"
2019-06-28 13:21:00.000000000,QUERY_SPREAD,91
2019-06-28 13:21:00.000000000,BEST_BID,"JPM,99694,76"
2019-06-28 13:21:00.000000000,BEST_ASK,"JPM,99823,143"
2019-06-28 13:21:00.000000000,LAST_TRADE,"8,$99694.0000"
2019-06-28 13:21:00.000000000,QUERY_SPREAD,92
2019-06-28 13:21:00.000000000,BEST_BID,"JPM,99694,71"
2019-06-28 13:21:00.000000000,BEST_ASK,"JPM,99823,143"
2019-06-28 13:21:00.000000000,LAST_TRADE,"5,$99694.0000"
2019-06-28 13:21:00.000000000,QUERY_SPREAD,93
2019-06-28 13:21:00.000000000,BEST_BID,"JPM,99694,68"
2019-06-28 13:21:00.000000000,BEST_ASK,"JPM,99823,143"
2019-06-28 13:21:00.000000000,LAST_TRADE,"3,$99694.0000"
2019-06-28 13:21:00.000000000,QUERY_SPREAD,94
2019-06-28 13:21:00.000000000,BEST_BID,"JPM,99694,64"
2019-06-28 13:21:00.000000000,BEST_ASK,"JPM,99823,143"
2019-06-28 13:21:00.000000000,LAST_TRADE,"4,$99694.0000"
2019-06-28 13:21:00.000000000,QUERY_SPREAD,95
2019-06-28 13:21:00.000000000,BEST_BID,"JPM,99694,59"
2019-06-28 13:21:00.000000000,BEST_ASK,"JPM,99823,143"
2019-06-28 13:21:00.000000000,LAST_TRADE,"5,$99694.0000"
2019-06-28 13:21:00.000000000,QUERY_SPREAD,96
2019-06-28 13:21:00.000000000,BEST_BID,"JPM,99694,58"
2019-06-28 13:21:00.000000000,BEST_ASK,"JPM,99823,143"
2019-06-28 13:21:00.000000000,LAST_TRADE,"1,$99694.0000"
2019-06-28 13:21:00.000000000,QUERY_SPREAD,97
2019-06-28 13:21:00.000000000,BEST_BID,"JPM,99694,51"
2019-06-28 13:21:00.000000000,BEST_ASK,"JPM,99823,143"
2019-06-28 13:21:00.000000000,LAST_TRADE,"7,$99694.0000"
2019-06-28 13:21:00.000000000,QUERY_SPREAD,98
2019-06-28 13:21:00.000000000,BEST_BID,"JPM,99694,45"
2019-06-28 13:21:00.000000000,BEST_ASK,"JPM,99823,143"
2019-06-28 13:21:00.000000000,LAST_TRADE,"6,$99694.0000"
2019-06-28 13:21:00.000000000,QUERY_SPREAD,99
2019-06-28 13:21:00.000000000,BEST_BID,"JPM,99694,40"
2019-06-28 13:21:00.000000000,BEST_ASK,"JPM,99823,143"
2019-06-28 13:21:00.000000000,LAST_TRADE,"5,$99694.0000"
2019-06-28 13:21:00.000000000,QUERY_SPREAD,100
2019-06-28 13:21:00.000000000,BEST_BID,"JPM,99694,33"
2019-06-28 13:21:00.000000000,BEST_ASK,"JPM,99823,143"
2019-06-28 13:21:00.000000000,LAST_TRADE,"7,$99694.0000"
2019-06-28 13:21:00.000000000,QUERY_SPREAD,101
2019-06-28 13:21:00.000000000,QUERY_ORDER_STREAM,101
2019-06-28 13:21:10.000000000,QUERY_SPREAD,1
2019-06-28 13:21:10.000000000,BEST_BID,"JPM,99077,256"
2019-06-28 13:21:10.000000000,BEST_ASK,"JPM,99823,3"
2019-06-28 13:21:10.000000000,BEST_BID,"JPM,99077,256"
2019-06-28 13:21:10.000000000,BEST_ASK,"JPM,99823,3"
2019-06-28 13:21:10.000000000,BEST_BID,"JPM,99077,256"
2019-06-28 13:21:10.000000000,BEST_ASK,"JPM,99823,3"
2019-06-28 13:21:10.000000000,BEST_BID,"JPM,99077,256"
2019-06-28 13:21:10.000000000,BEST_ASK,"JPM,99823,3"
2019-06-28 13:21:10.000000000,BEST_BID,"JPM,99077,256"
2019-06-28 13:21:10.000000000,BEST_ASK,"JPM,99823,3"
2019-06-28 13:21:10.000000000,BEST_BID,"JPM,99077,256"
2019-06-28 13:21:10.000000000,BEST_ASK,"JPM,99823,59"
2019-06-28 13:21:10.000000000,BEST_BID,"JPM,99077,256"
2019-06-28 13:21:10.000000000,BEST_ASK,"JPM,99823,59"
2019-06-28 13:21:10.000000000,BEST_BID,"JPM,99077,256"
2019-06-28 13:21:10.000000000,BEST_ASK,"JPM,99823,59"
2019-06-28 13:21:10.000000000,BEST_BID,"JPM,99077,256"
2019-06-28 13:21:10.000000000,BEST_ASK,"JPM,99823,59"
2019-06-28 13:21:10.000000000,BEST_BID,"JPM,99077,256"
2019-06-28 13:21:10.000000000,BEST_ASK,"JPM,99823,59"
2019-06-28 13:21:20.000000000,QUERY_SPREAD,1
2019-06-28 13:21:20.000000000,BEST_BID,"JPM,99077,270"
2019-06-28 13:21:20.000000000,BEST_ASK,"JPM,99823,3"
2019-06-28 13:21:20.000000000,BEST_BID,"JPM,99077,270"
2019-06-28 13:21:20.000000000,BEST_ASK,"JPM,99823,3"
2019-06-28 13:21:20.000000000,BEST_BID,"JPM,99077,270"
2019-06-28 13:21:20.000000000,BEST_ASK,"JPM,99823,3"
2019-06-28 13:21:20.000000000,BEST_BID,"JPM,99077,270"
2019-06-28 13:21:20.000000000,BEST_ASK,"JPM,99823,3"
2019-06-28 13:21:20.000000000,BEST_BID,"JPM,99077,270"
2019-06-28 13:21:20.000000000,BEST_ASK,"JPM,99823,73"
2019-06-28 13:21:20.000000000,BEST_BID,"JPM,99077,270"
2019-06-28 13:21:20.000000000,BEST_ASK,"JPM,99823,73"
2019-06-28 13:21:20.000000000,BEST_BID,"JPM,99077,270"
2019-06-28 13:21:20.000000000,BEST_ASK,"JPM,99823,73"
2019-06-28 13:21:20.000000000,BEST_BID,"JPM,99077,270"
2019-06-28 13:21:20.000000000,BEST_ASK,"JPM,99823,73"
2019-06-28 13:21:22.253664506,QUERY_SPREAD,10
2019-06-28 13:21:22.253664506,BEST_BID,"JPM,99823,27"
2019-06-28 13:21:22.253664506,BEST_ASK,"JPM,99988,170"
2019-06-28 13:21:22.253664506,LAST_TRADE,"73,$99823.0000"
2019-06-28 13:21:30.000000000,QUERY_SPREAD,1
2019-06-28 13:21:30.000000000,BEST_BID,"JPM,99823,122"
2019-06-28 13:21:30.000000000,BEST_ASK,"JPM,99988,100"
2019-06-28 13:21:30.000000000,BEST_BID,"JPM,99823,122"
2019-06-28 13:21:30.000000000,BEST_ASK,"JPM,99988,100"
2019-06-28 13:21:30.000000000,BEST_BID,"JPM,99823,122"
2019-06-28 13:21:30.000000000,BEST_ASK,"JPM,99988,100"
2019-06-28 13:21:30.000000000,BEST_BID,"JPM,99823,122"
2019-06-28 13:21:30.000000000,BEST_ASK,"JPM,99988,195"
2019-06-28 13:21:30.000000000,BEST_BID,"JPM,99823,122"
2019-06-28 13:21:30.000000000,BEST_ASK,"JPM,99988,195"
2019-06-28 13:21:30.000000000,BEST_BID,"JPM,99823,122"
2019-06-28 13:21:30.000000000,BEST_ASK,"JPM,99988,195"
2019-06-28 13:21:31.174442142,QUERY_SPREAD,12
2019-06-28 13:21:31.174442142,BEST_BID,"JPM,99823,122"
2019-06-28 13:21:31.174442142,BEST_ASK,"JPM,99988,95"
2019-06-28 13:21:31.174442142,LAST_TRADE,"100,$99988.0000"
2019-06-28 13:21:40.000000000,QUERY_SPREAD,1
2019-06-28 13:21:40.000000000,BEST_BID,"JPM,99823,122"
2019-06-28 13:21:40.000000000,BEST_ASK,"JPM,100099,100"
2019-06-28 13:21:40.000000000,BEST_BID,"JPM,99823,122"
2019-06-28 13:21:40.000000000,BEST_ASK,"JPM,100099,100"
2019-06-28 13:21:40.000000000,BEST_BID,"JPM,99823,122"
2019-06-28 13:21:40.000000000,BEST_ASK,"JPM,100099,100"
2019-06-28 13:21:40.000000000,BEST_BID,"JPM,99823,122"
2019-06-28 13:21:40.000000000,BEST_ASK,"JPM,100099,195"
2019-06-28 13:21:40.000000000,BEST_BID,"JPM,99823,122"
2019-06-28 13:21:40.000000000,BEST_ASK,"JPM,100099,195"
2019-06-28 13:21:40.000000000,BEST_BID,"JPM,99823,122"
2019-06-28 13:21:40.000000000,BEST_ASK,"JPM,100099,195"
2019-06-28 13:21:50.000000000,QUERY_SPREAD,1
2019-06-28 13:21:50.000000000,BEST_BID,"JPM,99823,97"
2019-06-28 13:21:50.000000000,BEST_ASK,"JPM,100099,100"
2019-06-28 13:21:50.000000000,BEST_BID,"JPM,99823,97"
2019-06-28 13:21:50.000000000,BEST_ASK,"JPM,100099,100"
2019-06-28 13:21:50.000000000,BEST_BID,"JPM,99823,97"
2019-06-28 13:21:50.000000000,BEST_ASK,"JPM,100099,100"
2019-06-28 13:21:50.000000000,BEST_BID,"JPM,99823,97"
2019-06-28 13:21:50.000000000,BEST_ASK,"JPM,100099,100"
2019-06-28 13:21:50.000000000,BEST_BID,"JPM,99823,97"
2019-06-28 13:21:50.000000000,BEST_ASK,"JPM,100099,170"
2019-06-28 13:21:50.000000000,BEST_BID,"JPM,99823,97"
2019-06-28 13:21:50.000000000,BEST_ASK,"JPM,100099,170"
2019-06-28 13:21:50.000000000,BEST_BID,"JPM,99823,97"
2019-06-28 13:21:50.000000000,BEST_ASK,"JPM,100099,170"
2019-06-28 13:21:50.000000000,BEST_BID,"JPM,99823,97"
2019-06-28 13:21:50.000000000,BEST_ASK,"JPM,100099,170"
2019-06-28 13:21:54.445429379,QUERY_SPREAD,27
2019-06-28 13:21:54.445429379,BEST_BID,"JPM,99823,97"
2019-06-28 13:21:54.445429379,BEST_ASK,"JPM,100099,70"
2019-06-28 13:21:54.445429379,LAST_TRADE,"100,$100099.0000"
2019-06-28 13:22:00.000000000,QUERY_SPREAD,1
2019-06-28 13:22:00.000000000,BEST_BID,"JPM,99823,97"
2019-06-28 13:22:00.000000000,BEST_ASK,"JPM,100356,100"
2019-06-28 13:22:00.000000000,BEST_BID,"JPM,99823,97"
2019-06-28 13:22:00.000000000,BEST_ASK,"JPM,100356,100"
2019-06-28 13:22:00.000000000,BEST_BID,"JPM,99823,97"
2019-06-28 13:22:00.000000000,BEST_ASK,"JPM,100356,100"
2019-06-28 13:22:00.000000000,BEST_BID,"JPM,99823,97"
2019-06-28 13:22:00.000000000,BEST_ASK,"JPM,100356,100"
2019-06-28 13:22:00.000000000,BEST_BID,"JPM,99823,97"
2019-06-28 13:22:00.000000000,BEST_ASK,"JPM,100356,170"
2019-06-28 13:22:00.000000000,BEST_BID,"JPM,99823,97"
2019-06-28 13:22:00.000000000,BEST_ASK,"JPM,100356,170"
2019-06-28 13:22:00.000000000,BEST_BID,"JPM,99823,97"
2019-06-28 13:22:00.000000000,BEST_ASK,"JPM,100356,170"
2019-06-28 13:22:00.000000000,BEST_BID,"JPM,99823,97"
2019-06-28 13:22:00.000000000,BEST_ASK,"JPM,100356,170"
2019-06-28 13:22:00.000000000,QUERY_SPREAD,77
2019-06-28 13:22:00.000000000,BEST_BID,"JPM,99823,96"
2019-06-28 13:22:00.000000000,BEST_ASK,"JPM,100356,170"
2019-06-28 13:22:00.000000000,LAST_TRADE,"1,$99823.0000"
2019-06-28 13:22:00.000000000,QUERY_SPREAD,78
2019-06-28 13:22:00.000000000,BEST_BID,"JPM,99823,92"
2019-06-28 13:22:00.000000000,BEST_ASK,"JPM,100356,170"
2019-06-28 13:22:00.000000000,LAST_TRADE,"4,$99823.0000"
2019-06-28 13:22:00.000000000,QUERY_SPREAD,79
2019-06-28 13:22:00.000000000,BEST_BID,"JPM,99823,86"
2019-06-28 13:22:00.000000000,BEST_ASK,"JPM,100356,170"
2019-06-28 13:22:00.000000000,LAST_TRADE,"6,$99823.0000"
2019-06-28 13:22:00.000000000,QUERY_SPREAD,80
2019-06-28 13:22:00.000000000,BEST_BID,"JPM,99823,81"
2019-06-28 13:22:00.000000000,BEST_ASK,"JPM,100356,170"
2019-06-28 13:22:00.000000000,LAST_TRADE,"5,$99823.0000"
2019-06-28 13:22:00.000000000,QUERY_SPREAD,81
2019-06-28 13:22:00.000000000,BEST_BID,"JPM,99823,73"
2019-06-28 13:22:00.000000000,BEST_ASK,"JPM,100356,170"
2019-06-28 13:22:00.000000000,LAST_TRADE,"8,$99823.0000"
2019-06-28 13:22:00.000000000,QUERY_SPREAD,82
2019-06-28 13:22:00.000000000,BEST_BID,"JPM,99823,65"
2019-06-28 13:22:00.000000000,BEST_ASK,"JPM,100356,170"
2019-06-28 13:22:00.000000000,LAST_TRADE,"8,$99823.0000"
2019-06-28 13:22:00.000000000,QUERY_SPREAD,83
2019-06-28 13:22:00.000000000,BEST_BID,"JPM,99823,63"
2019-06-28 13:22:00.000000000,BEST_ASK,"JPM,100356,170"
2019-06-28 13:22:00.000000000,LAST_TRADE,"2,$99823.0000"
2019-06-28 13:22:00.000000000,QUERY_SPREAD,84
2019-06-28 13:22:00.000000000,BEST_BID,"JPM,99823,62"
2019-06-28 13:22:00.000000000,BEST_ASK,"JPM,100356,170"
2019-06-28 13:22:00.000000000,LAST_TRADE,"1,$99823.0000"
2019-06-28 13:22:00.000000000,QUERY_SPREAD,85
2019-06-28 13:22:00.000000000,BEST_BID,"JPM,99823,61"
2019-06-28 13:22:00.000000000,BEST_ASK,"JPM,100356,170"
2019-06-28 13:22:00.000000000,LAST_TRADE,"1,$99823.0000"
2019-06-28 13:22:00.000000000,QUERY_SPREAD,86
2019-06-28 13:22:00.000000000,BEST_BID,"JPM,99823,55"
2019-06-28 13:22:00.000000000,BEST_ASK,"JPM,100356,170"
2019-06-28 13:22:00.000000000,LAST_TRADE,"6,$99823.0000"
2019-06-28 13:22:00.000000000,QUERY_SPREAD,87
2019-06-28 13:22:00.000000000,BEST_BID,"JPM,99823,52"
2019-06-28 13:22:00.000000000,BEST_ASK,"JPM,100356,170"
2019-06-28 13:22:00.000000000,LAST_TRADE,"3,$99823.0000"
2019-06-28 13:22:00.000000000,QUERY_SPREAD,88
2019-06-28 13:22:00.000000000,BEST_BID,"JPM,99823,48"
2019-06-28 13:22:00.000000000,BEST_ASK,"JPM,100356,170"
2019-06-28 13:22:00.000000000,LAST_TRADE,"4,$99823.0000"
2019-06-28 13:22:00.000000000,QUERY_SPREAD,89
2019-06-28 13:22:00.000000000,BEST_BID,"JPM,99823,44"
2019-06-28 13:22:00.000000000,BEST_ASK,"JPM,100356,170"
2019-06-28 13:22:00.000000000,LAST_TRADE,"4,$99823.0000"
2019-06-28 13:22:00.000000000,QUERY_SPREAD,90
2019-06-28 13:22:00.000000000,BEST_BID,"JPM,99823,37"
2019-06-28 13:22:00.000000000,BEST_ASK,"JPM,100356,170"
2019-06-28 13:22:00.000000000,LAST_TRADE,"7,$99823.0000"
2019-06-28 13:22:00.000000000,QUERY_SPREAD,91
2019-06-28 13:22:00.000000000,BEST_BID,"JPM,99823,29"
2019-06-28 13:22:00.000000000,BEST_ASK,"JPM,100356,170"
2019-06-28 13:22:00.000000000,LAST_TRADE,"8,$99823.0000"
2019-06-28 13:22:00.000000000,QUERY_SPREAD,92
2019-06-28 13:22:00.000000000,BEST_BID,"JPM,99823,24"
2019-06-28 13:22:00.000000000,BEST_ASK,"JPM,100356,170"
2019-06-28 13:22:00.000000000,LAST_TRADE,"5,$99823.0000"
2019-06-28 13:22:00.000000000,QUERY_SPREAD,93
2019-06-28 13:22:00.000000000,BEST_BID,"JPM,99823,21"
2019-06-28 13:22:00.000000000,BEST_ASK,"JPM,100356,170"
2019-06-28 13:22:00.000000000,LAST_TRADE,"3,$99823.0000"
2019-06-28 13:22:00.000000000,QUERY_SPREAD,94
2019-06-28 13:22:00.000000000,BEST_BID,"JPM,99823,17"
2019-06-28 13:22:00.000000000,BEST_ASK,"JPM,100356,170"
2019-06-28 13:22:00.000000000,LAST_TRADE,"4,$99823.0000"
2019-06-28 13:22:00.000000000,QUERY_SPREAD,95
2019-06-28 13:22:00.000000000,BEST_BID,"JPM,99823,12"
2019-06-28 13:22:00.000000000,BEST_ASK,"JPM,100356,170"
2019-06-28 13:22:00.000000000,LAST_TRADE,"5,$99823.0000"
2019-06-28 13:22:00.000000000,QUERY_SPREAD,96
2019-06-28 13:22:00.000000000,BEST_BID,"JPM,99823,11"
2019-06-28 13:22:00.000000000,BEST_ASK,"JPM,100356,170"
2019-06-28 13:22:00.000000000,LAST_TRADE,"1,$99823.0000"
2019-06-28 13:22:00.000000000,QUERY_SPREAD,97
2019-06-28 13:22:00.000000000,BEST_BID,"JPM,99823,4"
2019-06-28 13:22:00.000000000,BEST_ASK,"JPM,100356,170"
2019-06-28 13:22:00.000000000,LAST_TRADE,"7,$99823.0000"
2019-06-28 13:22:00.000000000,QUERY_SPREAD,98
2019-06-28 13:22:00.000000000,BEST_BID,"JPM,99077,270"
2019-06-28 13:22:00.000000000,BEST_ASK,"JPM,99823,2"
2019-06-28 13:22:00.000000000,LAST_TRADE,"4,$99823.0000"
2019-06-28 13:22:00.000000000,QUERY_SPREAD,99
2019-06-28 13:22:00.000000000,BEST_BID,"JPM,99077,265"
2019-06-28 13:22:00.000000000,BEST_ASK,"JPM,99823,2"
2019-06-28 13:22:00.000000000,LAST_TRADE,"5,$99077.0000"
2019-06-28 13:22:00.000000000,QUERY_SPREAD,100
2019-06-28 13:22:00.000000000,BEST_BID,"JPM,99077,258"
2019-06-28 13:22:00.000000000,BEST_ASK,"JPM,99823,2"
2019-06-28 13:22:00.000000000,LAST_TRADE,"7,$99077.0000"
2019-06-28 13:22:00.000000000,QUERY_SPREAD,101
2019-06-28 13:22:00.000000000,QUERY_ORDER_STREAM,101
2019-06-28 13:22:10.000000000,QUERY_SPREAD,1
2019-06-28 13:22:10.000000000,BEST_BID,"JPM,99077,468"
2019-06-28 13:22:10.000000000,BEST_ASK,"JPM,99823,2"
2019-06-28 13:22:10.000000000,BEST_BID,"JPM,99077,468"
2019-06-28 13:22:10.000000000,BEST_ASK,"JPM,99823,282"
2019-06-28 13:22:12.433858525,QUERY_ORDER_STREAM,65
2019-06-28 13:22:12.433858525,QUERY_SPREAD,65
2019-06-28 13:22:20.000000000,QUERY_SPREAD,1
2019-06-28 13:22:20.000000000,BEST_BID,"JPM,99077,258"
2019-06-28 13:22:20.000000000,BEST_ASK,"JPM,99823,2"
2019-06-28 13:22:20.000000000,BEST_BID,"JPM,99077,258"
2019-06-28 13:22:20.000000000,BEST_ASK,"JPM,99823,2"
2019-06-28 13:22:20.000000000,BEST_BID,"JPM,99077,258"
2019-06-28 13:22:20.000000000,BEST_ASK,"JPM,99823,2"
2019-06-28 13:22:20.000000000,BEST_BID,"JPM,99077,258"
2019-06-28 13:22:20.000000000,BEST_ASK,"JPM,99823,2"
2019-06-28 13:22:20.000000000,BEST_BID,"JPM,99077,258"
2019-06-28 13:22:20.000000000,BEST_ASK,"JPM,99823,72"
2019-06-28 13:22:20.000000000,BEST_BID,"JPM,99077,258"
2019-06-28 13:22:20.000000000,BEST_ASK,"JPM,99823,72"
2019-06-28 13:22:20.000000000,BEST_BID,"JPM,99077,258"
2019-06-28 13:22:20.000000000,BEST_ASK,"JPM,99823,72"
2019-06-28 13:22:20.000000000,BEST_BID,"JPM,99077,258"
2019-06-28 13:22:20.000000000,BEST_ASK,"JPM,99823,72"
2019-06-28 13:22:24.667263807,QUERY_ORDER_STREAM,75
2019-06-28 13:22:24.667263807,QUERY_SPREAD,75
2019-06-28 13:22:24.667263807,BEST_BID,"JPM,99077,270"
2019-06-28 13:22:24.667263807,BEST_ASK,"JPM,99823,72"
2019-06-28 13:22:30.000000000,QUERY_SPREAD,1
2019-06-28 13:22:30.000000000,BEST_BID,"JPM,99077,270"
2019-06-28 13:22:30.000000000,BEST_ASK,"JPM,99823,2"
2019-06-28 13:22:30.000000000,BEST_BID,"JPM,99077,270"
2019-06-28 13:22:30.000000000,BEST_ASK,"JPM,99823,2"
2019-06-28 13:22:30.000000000,BEST_BID,"JPM,99077,270"
2019-06-28 13:22:30.000000000,BEST_ASK,"JPM,99823,2"
2019-06-28 13:22:30.000000000,BEST_BID,"JPM,99077,270"
2019-06-28 13:22:30.000000000,BEST_ASK,"JPM,99823,2"
2019-06-28 13:22:30.000000000,BEST_BID,"JPM,99077,270"
2019-06-28 13:22:30.000000000,BEST_ASK,"JPM,99823,72"
2019-06-28 13:22:30.000000000,BEST_BID,"JPM,99077,270"
2019-06-28 13:22:30.000000000,BEST_ASK,"JPM,99823,72"
2019-06-28 13:22:30.000000000,BEST_BID,"JPM,99077,270"
2019-06-28 13:22:30.000000000,BEST_ASK,"JPM,99823,72"
2019-06-28 13:22:30.000000000,BEST_BID,"JPM,99077,270"
2019-06-28 13:22:30.000000000,BEST_ASK,"JPM,99823,72"
2019-06-28 13:22:37.603264878,QUERY_ORDER_STREAM,73
2019-06-28 13:22:37.603264878,QUERY_SPREAD,73
2019-06-28 13:22:40.000000000,QUERY_SPREAD,1
2019-06-28 13:22:40.000000000,BEST_BID,"JPM,99077,295"
2019-06-28 13:22:40.000000000,BEST_ASK,"JPM,99823,2"
2019-06-28 13:22:40.000000000,BEST_BID,"JPM,99077,295"
2019-06-28 13:22:40.000000000,BEST_ASK,"JPM,99823,2"
2019-06-28 13:22:40.000000000,BEST_BID,"JPM,99077,295"
2019-06-28 13:22:40.000000000,BEST_ASK,"JPM,99823,2"
2019-06-28 13:22:40.000000000,BEST_BID,"JPM,99077,295"
2019-06-28 13:22:40.000000000,BEST_ASK,"JPM,99823,97"
2019-06-28 13:22:40.000000000,BEST_BID,"JPM,99077,295"
2019-06-28 13:22:40.000000000,BEST_ASK,"JPM,99823,97"
2019-06-28 13:22:40.000000000,BEST_BID,"JPM,99077,295"
2019-06-28 13:22:40.000000000,BEST_ASK,"JPM,99823,97"
2019-06-28 13:22:50.000000000,QUERY_SPREAD,1
2019-06-28 13:22:50.000000000,BEST_BID,"JPM,99077,480"
2019-06-28 13:22:50.000000000,BEST_ASK,"JPM,99823,2"
2019-06-28 13:22:50.000000000,BEST_BID,"JPM,99077,480"
2019-06-28 13:22:50.000000000,BEST_ASK,"JPM,99823,282"
2019-06-28 13:22:56.673153739,QUERY_ORDER_STREAM,57
2019-06-28 13:22:56.673153739,QUERY_SPREAD,57
2019-06-28 13:22:56.673153739,BEST_BID,"JPM,99077,580"
2019-06-28 13:22:56.673153739,BEST_ASK,"JPM,99823,282"
2019-06-28 13:23:00.000000000,QUERY_SPREAD,1
2019-06-28 13:23:00.000000000,BEST_BID,"JPM,99077,356"
2019-06-28 13:23:00.000000000,BEST_ASK,"JPM,99823,2"
2019-06-28 13:23:00.000000000,BEST_BID,"JPM,99077,356"
2019-06-28 13:23:00.000000000,BEST_ASK,"JPM,99823,2"
2019-06-28 13:23:00.000000000,BEST_BID,"JPM,99077,356"
2019-06-28 13:23:00.000000000,BEST_ASK,"JPM,99823,2"
2019-06-28 13:23:00.000000000,BEST_BID,"JPM,99077,356"
2019-06-28 13:23:00.000000000,BEST_ASK,"JPM,99823,2"
2019-06-28 13:23:00.000000000,BEST_BID,"JPM,99077,356"
2019-06-28 13:23:00.000000000,BEST_ASK,"JPM,99823,2"
2019-06-28 13:23:00.000000000,BEST_BID,"JPM,99077,356"
2019-06-28 13:23:00.000000000,BEST_ASK,"JPM,99823,58"
2019-06-28 13:23:00.000000000,BEST_BID,"JPM,99077,356"
2019-06-28 13:23:00.000000000,BEST_ASK,"JPM,99823,58"
2019-06-28 13:23:00.000000000,BEST_BID,"JPM,99077,356"
2019-06-28 13:23:00.000000000,BEST_ASK,"JPM,99823,58"
2019-06-28 13:23:00.000000000,BEST_BID,"JPM,99077,356"
2019-06-28 13:23:00.000000000,BEST_ASK,"JPM,99823,58"
2019-06-28 13:23:00.000000000,BEST_BID,"JPM,99077,356"
2019-06-28 13:23:00.000000000,BEST_ASK,"JPM,99823,58"
2019-06-28 13:23:00.000000000,QUERY_SPREAD,77
2019-06-28 13:23:00.000000000,BEST_BID,"JPM,99077,355"
2019-06-28 13:23:00.000000000,BEST_ASK,"JPM,99823,58"
2019-06-28 13:23:00.000000000,LAST_TRADE,"1,$99077.0000"
2019-06-28 13:23:00.000000000,QUERY_SPREAD,78
2019-06-28 13:23:00.000000000,BEST_BID,"JPM,99077,351"
2019-06-28 13:23:00.000000000,BEST_ASK,"JPM,99823,58"
2019-06-28 13:23:00.000000000,LAST_TRADE,"4,$99077.0000"
2019-06-28 13:23:00.000000000,QUERY_SPREAD,79
2019-06-28 13:23:00.000000000,BEST_BID,"JPM,99077,345"
2019-06-28 13:23:00.000000000,BEST_ASK,"JPM,99823,58"
2019-06-28 13:23:00.000000000,LAST_TRADE,"6,$99077.0000"
2019-06-28 13:23:00.000000000,QUERY_SPREAD,80
2019-06-28 13:23:00.000000000,BEST_BID,"JPM,99077,340"
2019-06-28 13:23:00.000000000,BEST_ASK,"JPM,99823,58"
2019-06-28 13:23:00.000000000,LAST_TRADE,"5,$99077.0000"
2019-06-28 13:23:00.000000000,QUERY_SPREAD,81
2019-06-28 13:23:00.000000000,BEST_BID,"JPM,99077,332"
2019-06-28 13:23:00.000000000,BEST_ASK,"JPM,99823,58"
2019-06-28 13:23:00.000000000,LAST_TRADE,"8,$99077.0000"
2019-06-28 13:23:00.000000000,QUERY_SPREAD,82
2019-06-28 13:23:00.000000000,BEST_BID,"JPM,99077,324"
2019-06-28 13:23:00.000000000,BEST_ASK,"JPM,99823,58"
2019-06-28 13:23:00.000000000,LAST_TRADE,"8,$99077.0000"
2019-06-28 13:23:00.000000000,QUERY_SPREAD,83
2019-06-28 13:23:00.000000000,BEST_BID,"JPM,99077,322"
2019-06-28 13:23:00.000000000,BEST_ASK,"JPM,99823,58"
2019-06-28 13:23:00.000000000,LAST_TRADE,"2,$99077.0000"
2019-06-28 13:23:00.000000000,QUERY_SPREAD,84
2019-06-28 13:23:00.000000000,BEST_BID,"JPM,99077,321"
2019-06-28 13:23:00.000000000,BEST_ASK,"JPM,99823,58"
2019-06-28 13:23:00.000000000,LAST_TRADE,"1,$99077.0000"
2019-06-28 13:23:00.000000000,QUERY_SPREAD,85
2019-06-28 13:23:00.000000000,BEST_BID,"JPM,99077,320"
2019-06-28 13:23:00.000000000,BEST_ASK,"JPM,99823,58"
2019-06-28 13:23:00.000000000,LAST_TRADE,"1,$99077.0000"
2019-06-28 13:23:00.000000000,QUERY_SPREAD,86
2019-06-28 13:23:00.000000000,BEST_BID,"JPM,99077,314"
2019-06-28 13:23:00.000000000,BEST_ASK,"JPM,99823,58"
2019-06-28 13:23:00.000000000,LAST_TRADE,"6,$99077.0000"
2019-06-28 13:23:00.000000000,QUERY_SPREAD,87
2019-06-28 13:23:00.000000000,BEST_BID,"JPM,99077,311"
2019-06-28 13:23:00.000000000,BEST_ASK,"JPM,99823,58"
2019-06-28 13:23:00.000000000,LAST_TRADE,"3,$99077.0000"
2019-06-28 13:23:00.000000000,QUERY_SPREAD,88
2019-06-28 13:23:00.000000000,BEST_BID,"JPM,99077,307"
2019-06-28 13:23:00.000000000,BEST_ASK,"JPM,99823,58"
2019-06-28 13:23:00.000000000,LAST_TRADE,"4,$99077.0000"
2019-06-28 13:23:00.000000000,QUERY_SPREAD,89
2019-06-28 13:23:00.000000000,BEST_BID,"JPM,99077,303"
2019-06-28 13:23:00.000000000,BEST_ASK,"JPM,99823,58"
2019-06-28 13:23:00.000000000,LAST_TRADE,"4,$99077.0000"
2019-06-28 13:23:00.000000000,QUERY_SPREAD,90
2019-06-28 13:23:00.000000000,BEST_BID,"JPM,99077,296"
2019-06-28 13:23:00.000000000,BEST_ASK,"JPM,99823,58"
2019-06-28 13:23:00.000000000,LAST_TRADE,"7,$99077.0000"
2019-06-28 13:23:00.000000000,QUERY_SPREAD,91
2019-06-28 13:23:00.000000000,BEST_BID,"JPM,99077,288"
2019-06-28 13:23:00.000000000,BEST_ASK,"JPM,99823,58"
2019-06-28 13:23:00.000000000,LAST_TRADE,"8,$99077.0000"
2019-06-28 13:23:00.000000000,QUERY_SPREAD,92
2019-06-28 13:23:00.000000000,BEST_BID,"JPM,99077,283"
2019-06-28 13:23:00.000000000,BEST_ASK,"JPM,99823,58"
2019-06-28 13:23:00.000000000,LAST_TRADE,"5,$99077.0000"
2019-06-28 13:23:00.000000000,QUERY_SPREAD,93
2019-06-28 13:23:00.000000000,BEST_BID,"JPM,99077,280"
2019-06-28 13:23:00.000000000,BEST_ASK,"JPM,99823,58"
2019-06-28 13:23:00.000000000,LAST_TRADE,"3,$99077.0000"
2019-06-28 13:23:00.000000000,QUERY_SPREAD,94
2019-06-28 13:23:00.000000000,BEST_BID,"JPM,99077,276"
2019-06-28 13:23:00.000000000,BEST_ASK,"JPM,99823,58"
2019-06-28 13:23:00.000000000,LAST_TRADE,"4,$99077.0000"
2019-06-28 13:23:00.000000000,QUERY_SPREAD,95
2019-06-28 13:23:00.000000000,BEST_BID,"JPM,99077,271"
2019-06-28 13:23:00.000000000,BEST_ASK,"JPM,99823,58"
2019-06-28 13:23:00.000000000,LAST_TRADE,"5,$99077.0000"
2019-06-28 13:23:00.000000000,QUERY_SPREAD,96
2019-06-28 13:23:00.000000000,BEST_BID,"JPM,99077,270"
2019-06-28 13:23:00.000000000,BEST_ASK,"JPM,99823,58"
2019-06-28 13:23:00.000000000,LAST_TRADE,"1,$99077.0000"
2019-06-28 13:23:00.000000000,QUERY_SPREAD,97
2019-06-28 13:23:00.000000000,BEST_BID,"JPM,99077,263"
2019-06-28 13:23:00.000000000,BEST_ASK,"JPM,99823,58"
2019-06-28 13:23:00.000000000,LAST_TRADE,"7,$99077.0000"
2019-06-28 13:23:00.000000000,QUERY_SPREAD,98
2019-06-28 13:23:00.000000000,BEST_BID,"JPM,99077,257"
2019-06-28 13:23:00.000000000,BEST_ASK,"JPM,99823,58"
2019-06-28 13:23:00.000000000,LAST_TRADE,"6,$99077.0000"
2019-06-28 13:23:00.000000000,QUERY_SPREAD,99
2019-06-28 13:23:00.000000000,BEST_BID,"JPM,99077,252"
2019-06-28 13:23:00.000000000,BEST_ASK,"JPM,99823,58"
2019-06-28 13:23:00.000000000,LAST_TRADE,"5,$99077.0000"
2019-06-28 13:23:00.000000000,QUERY_SPREAD,100
2019-06-28 13:23:00.000000000,BEST_BID,"JPM,99077,245"
2019-06-28 13:23:00.000000000,BEST_ASK,"JPM,99823,58"
2019-06-28 13:23:00.000000000,LAST_TRADE,"7,$99077.0000"
2019-06-28 13:23:00.000000000,QUERY_SPREAD,101
2019-06-28 13:23:00.000000000,QUERY_ORDER_STREAM,101
2019-06-28 13:23:09.778833604,QUERY_SPREAD,40
2019-06-28 13:23:09.778833604,BEST_BID,"JPM,99823,42"
2019-06-28 13:23:09.778833604,BEST_ASK,"JPM,100356,156"
2019-06-28 13:23:09.778833604,LAST_TRADE,"58,$99823.0000"
2019-06-28 13:23:10.000000000,QUERY_SPREAD,1
2019-06-28 13:23:10.000000000,BEST_BID,"JPM,99823,112"
2019-06-28 13:23:10.000000000,BEST_ASK,"JPM,100356,100"
2019-06-28 13:23:10.000000000,BEST_BID,"JPM,99823,112"
2019-06-28 13:23:10.000000000,BEST_ASK,"JPM,100356,100"
2019-06-28 13:23:10.000000000,BEST_BID,"JPM,99823,112"
2019-06-28 13:23:10.000000000,BEST_ASK,"JPM,100356,100"
2019-06-28 13:23:10.000000000,BEST_BID,"JPM,99823,112"
2019-06-28 13:23:10.000000000,BEST_ASK,"JPM,100356,100"
2019-06-28 13:23:10.000000000,BEST_BID,"JPM,99823,112"
2019-06-28 13:23:10.000000000,BEST_ASK,"JPM,100356,170"
2019-06-28 13:23:10.000000000,BEST_BID,"JPM,99823,112"
2019-06-28 13:23:10.000000000,BEST_ASK,"JPM,100356,170"
2019-06-28 13:23:10.000000000,BEST_BID,"JPM,99823,112"
2019-06-28 13:23:10.000000000,BEST_ASK,"JPM,100356,170"
2019-06-28 13:23:10.000000000,BEST_BID,"JPM,99823,112"
2019-06-28 13:23:10.000000000,BEST_ASK,"JPM,100356,170"
2019-06-28 13:23:10.732087453,QUERY_ORDER_STREAM,58
2019-06-28 13:23:10.732087453,QUERY_SPREAD,58
2019-06-28 13:23:17.966536258,QUERY_ORDER_STREAM,65
2019-06-28 13:23:17.966536258,QUERY_SPREAD,65
2019-06-28 13:23:17.966536258,BEST_BID,"JPM,99823,112"
2019-06-28 13:23:17.966536258,BEST_ASK,"JPM,100356,170"
2019-06-28 13:23:20.000000000,QUERY_SPREAD,1
2019-06-28 13:23:20.000000000,BEST_BID,"JPM,99823,98"
2019-06-28 13:23:20.000000000,BEST_ASK,"JPM,100356,100"
2019-06-28 13:23:20.000000000,BEST_BID,"JPM,99823,98"
2019-06-28 13:23:20.000000000,BEST_ASK,"JPM,100356,100"
2019-06-28 13:23:20.000000000,BEST_BID,"JPM,99823,98"
2019-06-28 13:23:20.000000000,BEST_ASK,"JPM,100356,100"
2019-06-28 13:23:20.000000000,BEST_BID,"JPM,99823,98"
2019-06-28 13:23:20.000000000,BEST_ASK,"JPM,100356,100"
2019-06-28 13:23:20.000000000,BEST_BID,"JPM,99823,98"
2019-06-28 13:23:20.000000000,BEST_ASK,"JPM,100356,100"
2019-06-28 13:23:20.000000000,BEST_BID,"JPM,99823,98"
2019-06-28 13:23:20.000000000,BEST_ASK,"JPM,100356,156"
2019-06-28 13:23:20.000000000,BEST_BID,"JPM,99823,98"
2019-06-28 13:23:20.000000000,BEST_ASK,"JPM,100356,156"
2019-06-28 13:23:20.000000000,BEST_BID,"JPM,99823,98"
2019-06-28 13:23:20.000000000,BEST_ASK,"JPM,100356,156"
2019-06-28 13:23:20.000000000,BEST_BID,"JPM,99823,98"
2019-06-28 13:23:20.000000000,BEST_ASK,"JPM,100356,156"
2019-06-28 13:23:20.000000000,BEST_BID,"JPM,99823,98"
2019-06-28 13:23:20.000000000,BEST_ASK,"JPM,100356,156"
2019-06-28 13:23:29.373655089,QUERY_SPREAD,37
2019-06-28 13:23:29.373655089,BEST_BID,"JPM,99823,98"
2019-06-28 13:23:29.373655089,BEST_ASK,"JPM,100356,56"
2019-06-28 13:23:29.373655089,LAST_TRADE,"100,$100356.0000"
2019-06-28 13:23:30.000000000,QUERY_SPREAD,1
2019-06-28 13:23:30.000000000,BEST_BID,"JPM,99823,182"
2019-06-28 13:23:30.000000000,BEST_ASK,"JPM,100369,100"
2019-06-28 13:23:30.000000000,BEST_BID,"JPM,99823,182"
2019-06-28 13:23:30.000000000,BEST_ASK,"JPM,100369,100"
2019-06-28 13:23:30.000000000,BEST_BID,"JPM,99823,182"
2019-06-28 13:23:30.000000000,BEST_ASK,"JPM,100369,240"
2019-06-28 13:23:30.000000000,BEST_BID,"JPM,99823,182"
2019-06-28 13:23:30.000000000,BEST_ASK,"JPM,100369,240"
2019-06-28 13:23:31.306259908,QUERY_SPREAD,31
2019-06-28 13:23:31.306259908,BEST_BID,"JPM,99823,182"
2019-06-28 13:23:31.306259908,BEST_ASK,"JPM,100369,140"
2019-06-28 13:23:31.306259908,LAST_TRADE,"100,$100369.0000"
2019-06-28 13:23:40.000000000,QUERY_SPREAD,1
2019-06-28 13:23:40.000000000,BEST_BID,"JPM,99823,182"
2019-06-28 13:23:40.000000000,BEST_ASK,"JPM,100393,100"
2019-06-28 13:23:40.000000000,BEST_BID,"JPM,99823,182"
2019-06-28 13:23:40.000000000,BEST_ASK,"JPM,100393,100"
2019-06-28 13:23:40.000000000,BEST_BID,"JPM,99823,182"
2019-06-28 13:23:40.000000000,BEST_ASK,"JPM,100393,240"
2019-06-28 13:23:40.000000000,BEST_BID,"JPM,99823,182"
2019-06-28 13:23:40.000000000,BEST_ASK,"JPM,100393,240"
2019-06-28 13:23:50.000000000,QUERY_SPREAD,1
2019-06-28 13:23:50.000000000,BEST_BID,"JPM,99823,98"
2019-06-28 13:23:50.000000000,BEST_ASK,"JPM,100393,100"
2019-06-28 13:23:50.000000000,BEST_BID,"JPM,99823,98"
2019-06-28 13:23:50.000000000,BEST_ASK,"JPM,100393,100"
2019-06-28 13:23:50.000000000,BEST_BID,"JPM,99823,98"
2019-06-28 13:23:50.000000000,BEST_ASK,"JPM,100393,100"
2019-06-28 13:23:50.000000000,BEST_BID,"JPM,99823,98"
2019-06-28 13:23:50.000000000,BEST_ASK,"JPM,100393,100"
2019-06-28 13:23:50.000000000,BEST_BID,"JPM,99823,98"
2019-06-28 13:23:50.000000000,BEST_ASK,"JPM,100393,100"
2019-06-28 13:23:50.000000000,BEST_BID,"JPM,99823,98"
2019-06-28 13:23:50.000000000,BEST_ASK,"JPM,100393,156"
2019-06-28 13:23:50.000000000,BEST_BID,"JPM,99823,98"
2019-06-28 13:23:50.000000000,BEST_ASK,"JPM,100393,156"
2019-06-28 13:23:50.000000000,BEST_BID,"JPM,99823,98"
2019-06-28 13:23:50.000000000,BEST_ASK,"JPM,100393,156"
2019-06-28 13:23:50.000000000,BEST_BID,"JPM,99823,98"
2019-06-28 13:23:50.000000000,BEST_ASK,"JPM,100393,156"
2019-06-28 13:23:50.000000000,BEST_BID,"JPM,99823,98"
2019-06-28 13:23:50.000000000,BEST_ASK,"JPM,100393,156"
2019-06-28 13:23:50.427592906,QUERY_SPREAD,19
2019-06-28 13:23:50.427592906,BEST_BID,"JPM,99823,98"
2019-06-28 13:23:50.427592906,BEST_ASK,"JPM,100393,156"
2019-06-28 13:24:00.000000000,QUERY_SPREAD,1
2019-06-28 13:24:00.000000000,BEST_BID,"JPM,99823,137"
2019-06-28 13:24:00.000000000,BEST_ASK,"JPM,100393,100"
2019-06-28 13:24:00.000000000,BEST_BID,"JPM,99823,137"
2019-06-28 13:24:00.000000000,BEST_ASK,"JPM,100393,100"
2019-06-28 13:24:00.000000000,BEST_BID,"JPM,99823,137"
2019-06-28 13:24:00.000000000,BEST_ASK,"JPM,100393,100"
2019-06-28 13:24:00.000000000,BEST_BID,"JPM,99823,137"
2019-06-28 13:24:00.000000000,BEST_ASK,"JPM,100393,195"
2019-06-28 13:24:00.000000000,BEST_BID,"JPM,99823,137"
2019-06-28 13:24:00.000000000,BEST_ASK,"JPM,100393,195"
2019-06-28 13:24:00.000000000,BEST_BID,"JPM,99823,137"
2019-06-28 13:24:00.000000000,BEST_ASK,"JPM,100393,195"
2019-06-28 13:24:00.000000000,QUERY_SPREAD,77
2019-06-28 13:24:00.000000000,BEST_BID,"JPM,99823,136"
2019-06-28 13:24:00.000000000,BEST_ASK,"JPM,100393,195"
2019-06-28 13:24:00.000000000,LAST_TRADE,"1,$99823.0000"
2019-06-28 13:24:00.000000000,QUERY_SPREAD,78
2019-06-28 13:24:00.000000000,BEST_BID,"JPM,99823,132"
2019-06-28 13:24:00.000000000,BEST_ASK,"JPM,100393,195"
2019-06-28 13:24:00.000000000,LAST_TRADE,"4,$99823.0000"
2019-06-28 13:24:00.000000000,QUERY_SPREAD,79
2019-06-28 13:24:00.000000000,BEST_BID,"JPM,99823,126"
2019-06-28 13:24:00.000000000,BEST_ASK,"JPM,100393,195"
2019-06-28 13:24:00.000000000,LAST_TRADE,"6,$99823.0000"
2019-06-28 13:24:00.000000000,QUERY_SPREAD,80
2019-06-28 13:24:00.000000000,BEST_BID,"JPM,99823,121"
2019-06-28 13:24:00.000000000,BEST_ASK,"JPM,100393,195"
2019-06-28 13:24:00.000000000,LAST_TRADE,"5,$99823.0000"
2019-06-28 13:24:00.000000000,QUERY_SPREAD,81
2019-06-28 13:24:00.000000000,BEST_BID,"JPM,99823,113"
2019-06-28 13:24:00.000000000,BEST_ASK,"JPM,100393,195"
2019-06-28 13:24:00.000000000,LAST_TRADE,"8,$99823.0000"
2019-06-28 13:24:00.000000000,QUERY_SPREAD,82
2019-06-28 13:24:00.000000000,BEST_BID,"JPM,99823,105"
2019-06-28 13:24:00.000000000,BEST_ASK,"JPM,100393,195"
2019-06-28 13:24:00.000000000,LAST_TRADE,"8,$99823.0000"
2019-06-28 13:24:00.000000000,QUERY_SPREAD,83
2019-06-28 13:24:00.000000000,BEST_BID,"JPM,99823,103"
2019-06-28 13:24:00.000000000,BEST_ASK,"JPM,100393,195"
2019-06-28 13:24:00.000000000,LAST_TRADE,"2,$99823.0000"
2019-06-28 13:24:00.000000000,QUERY_SPREAD,84
2019-06-28 13:24:00.000000000,BEST_BID,"JPM,99823,102"
2019-06-28 13:24:00.000000000,BEST_ASK,"JPM,100393,195"
2019-06-28 13:24:00.000000000,LAST_TRADE,"1,$99823.0000"
2019-06-28 13:24:00.000000000,QUERY_SPREAD,85
2019-06-28 13:24:00.000000000,BEST_BID,"JPM,99823,101"
2019-06-28 13:24:00.000000000,BEST_ASK,"JPM,100393,195"
2019-06-28 13:24:00.000000000,LAST_TRADE,"1,$99823.0000"
2019-06-28 13:24:00.000000000,QUERY_SPREAD,86
2019-06-28 13:24:00.000000000,BEST_BID,"JPM,99823,95"
2019-06-28 13:24:00.000000000,BEST_ASK,"JPM,100393,195"
2019-06-28 13:24:00.000000000,LAST_TRADE,"6,$99823.0000"
2019-06-28 13:24:00.000000000,QUERY_SPREAD,87
2019-06-28 13:24:00.000000000,BEST_BID,"JPM,99823,92"
2019-06-28 13:24:00.000000000,BEST_ASK,"JPM,100393,195"
2019-06-28 13:24:00.000000000,LAST_TRADE,"3,$99823.0000"
2019-06-28 13:24:00.000000000,QUERY_SPREAD,88
2019-06-28 13:24:00.000000000,BEST_BID,"JPM,99823,88"
2019-06-28 13:24:00.000000000,BEST_ASK,"JPM,100393,195"
2019-06-28 13:24:00.000000000,LAST_TRADE,"4,$99823.0000"
2019-06-28 13:24:00.000000000,QUERY_SPREAD,89
2019-06-28 13:24:00.000000000,BEST_BID,"JPM,99823,84"
2019-06-28 13:24:00.000000000,BEST_ASK,"JPM,100393,195"
2019-06-28 13:24:00.000000000,LAST_TRADE,"4,$99823.0000"
2019-06-28 13:24:00.000000000,QUERY_SPREAD,90
2019-06-28 13:24:00.000000000,BEST_BID,"JPM,99823,77"
2019-06-28 13:24:00.000000000,BEST_ASK,"JPM,100393,195"
2019-06-28 13:24:00.000000000,LAST_TRADE,"7,$99823.0000"
2019-06-28 13:24:00.000000000,QUERY_SPREAD,91
2019-06-28 13:24:00.000000000,BEST_BID,"JPM,99823,69"
2019-06-28 13:24:00.000000000,BEST_ASK,"JPM,100393,195"
2019-06-28 13:24:00.000000000,LAST_TRADE,"8,$99823.0000"
2019-06-28 13:24:00.000000000,QUERY_SPREAD,92
2019-06-28 13:24:00.000000000,BEST_BID,"JPM,99823,64"
2019-06-28 13:24:00.000000000,BEST_ASK,"JPM,100393,195"
2019-06-28 13:24:00.000000000,LAST_TRADE,"5,$99823.0000"
2019-06-28 13:24:00.000000000,QUERY_SPREAD,93
2019-06-28 13:24:00.000000000,BEST_BID,"JPM,99823,61"
2019-06-28 13:24:00.000000000,BEST_ASK,"JPM,100393,195"
2019-06-28 13:24:00.000000000,LAST_TRADE,"3,$99823.0000"
2019-06-28 13:24:00.000000000,QUERY_SPREAD,94
2019-06-28 13:24:00.000000000,BEST_BID,"JPM,99823,57"
2019-06-28 13:24:00.000000000,BEST_ASK,"JPM,100393,195"
2019-06-28 13:24:00.000000000,LAST_TRADE,"4,$99823.0000"
2019-06-28 13:24:00.000000000,QUERY_SPREAD,95
2019-06-28 13:24:00.000000000,BEST_BID,"JPM,99823,52"
2019-06-28 13:24:00.000000000,BEST_ASK,"JPM,100393,195"
2019-06-28 13:24:00.000000000,LAST_TRADE,"5,$99823.0000"
2019-06-28 13:24:00.000000000,QUERY_SPREAD,96
2019-06-28 13:24:00.000000000,BEST_BID,"JPM,99823,51"
2019-06-28 13:24:00.000000000,BEST_ASK,"JPM,100393,195"
2019-06-28 13:24:00.000000000,LAST_TRADE,"1,$99823.0000"
2019-06-28 13:24:00.000000000,QUERY_SPREAD,97
2019-06-28 13:24:00.000000000,BEST_BID,"JPM,99823,44"
2019-06-28 13:24:00.000000000,BEST_ASK,"JPM,100393,195"
2019-06-28 13:24:00.000000000,LAST_TRADE,"7,$99823.0000"
2019-06-28 13:24:00.000000000,QUERY_SPREAD,98
2019-06-28 13:24:00.000000000,BEST_BID,"JPM,99823,38"
2019-06-28 13:24:00.000000000,BEST_ASK,"JPM,100393,195"
2019-06-28 13:24:00.000000000,LAST_TRADE,"6,$99823.0000"
2019-06-28 13:24:00.000000000,QUERY_SPREAD,99
2019-06-28 13:24:00.000000000,BEST_BID,"JPM,99823,33"
2019-06-28 13:24:00.000000000,BEST_ASK,"JPM,100393,195"
2019-06-28 13:24:00.000000000,LAST_TRADE,"5,$99823.0000"
2019-06-28 13:24:00.000000000,QUERY_SPREAD,100
2019-06-28 13:24:00.000000000,BEST_BID,"JPM,99823,26"
2019-06-28 13:24:00.000000000,BEST_ASK,"JPM,100393,195"
2019-06-28 13:24:00.000000000,LAST_TRADE,"7,$99823.0000"
2019-06-28 13:24:00.000000000,QUERY_SPREAD,101
2019-06-28 13:24:00.000000000,QUERY_ORDER_STREAM,101
2019-06-28 13:24:07.068493041,QUERY_ORDER_STREAM,59
2019-06-28 13:24:07.068493041,QUERY_SPREAD,59
2019-06-28 13:24:10.000000000,QUERY_SPREAD,1
2019-06-28 13:24:10.000000000,BEST_BID,"JPM,99077,569"
2019-06-28 13:24:10.000000000,BEST_ASK,"JPM,100393,100"
2019-06-28 13:24:10.000000000,BEST_BID,"JPM,99077,569"
2019-06-28 13:24:10.000000000,BEST_ASK,"JPM,100393,380"
2019-06-28 13:24:12.143601374,QUERY_ORDER_STREAM,62
2019-06-28 13:24:12.143601374,QUERY_SPREAD,62
2019-06-28 13:24:13.998009070,QUERY_ORDER_STREAM,63
2019-06-28 13:24:13.998009070,QUERY_SPREAD,63
2019-06-28 13:24:20.000000000,QUERY_SPREAD,1
2019-06-28 13:24:20.000000000,BEST_BID,"JPM,99077,345"
2019-06-28 13:24:20.000000000,BEST_ASK,"JPM,100393,100"
2019-06-28 13:24:20.000000000,BEST_BID,"JPM,99077,345"
2019-06-28 13:24:20.000000000,BEST_ASK,"JPM,100393,100"
2019-06-28 13:24:20.000000000,BEST_BID,"JPM,99077,345"
2019-06-28 13:24:20.000000000,BEST_ASK,"JPM,100393,100"
2019-06-28 13:24:20.000000000,BEST_BID,"JPM,99077,345"
2019-06-28 13:24:20.000000000,BEST_ASK,"JPM,100393,100"
2019-06-28 13:24:20.000000000,BEST_BID,"JPM,99077,345"
2019-06-28 13:24:20.000000000,BEST_ASK,"JPM,100393,100"
2019-06-28 13:24:20.000000000,BEST_BID,"JPM,99077,345"
2019-06-28 13:24:20.000000000,BEST_ASK,"JPM,100393,156"
2019-06-28 13:24:20.000000000,BEST_BID,"JPM,99077,345"
2019-06-28 13:24:20.000000000,BEST_ASK,"JPM,100393,156"
2019-06-28 13:24:20.000000000,BEST_BID,"JPM,99077,345"
2019-06-28 13:24:20.000000000,BEST_ASK,"JPM,100393,156"
2019-06-28 13:24:20.000000000,BEST_BID,"JPM,99077,345"
2019-06-28 13:24:20.000000000,BEST_ASK,"JPM,100393,156"
2019-06-28 13:24:20.000000000,BEST_BID,"JPM,99077,345"
2019-06-28 13:24:20.000000000,BEST_ASK,"JPM,100393,156"
2019-06-28 13:24:30.000000000,QUERY_SPREAD,1
2019-06-28 13:24:30.000000000,BEST_BID,"JPM,99077,345"
2019-06-28 13:24:30.000000000,BEST_ASK,"JPM,100393,100"
2019-06-28 13:24:30.000000000,BEST_BID,"JPM,99077,345"
2019-06-28 13:24:30.000000000,BEST_ASK,"JPM,100393,100"
2019-06-28 13:24:30.000000000,BEST_BID,"JPM,99077,345"
2019-06-28 13:24:30.000000000,BEST_ASK,"JPM,100393,100"
2019-06-28 13:24:30.000000000,BEST_BID,"JPM,99077,345"
2019-06-28 13:24:30.000000000,BEST_ASK,"JPM,100393,100"
2019-06-28 13:24:30.000000000,BEST_BID,"JPM,99077,345"
2019-06-28 13:24:30.000000000,BEST_ASK,"JPM,100393,100"
2019-06-28 13:24:30.000000000,BEST_BID,"JPM,99077,345"
2019-06-28 13:24:30.000000000,BEST_ASK,"JPM,100393,156"
2019-06-28 13:24:30.000000000,BEST_BID,"JPM,99077,345"
2019-06-28 13:24:30.000000000,BEST_ASK,"JPM,100393,156"
2019-06-28 13:24:30.000000000,BEST_BID,"JPM,99077,345"
2019-06-28 13:24:30.000000000,BEST_ASK,"JPM,100393,156"
2019-06-28 13:24:30.000000000,BEST_BID,"JPM,99077,345"
2019-06-28 13:24:30.000000000,BEST_ASK,"JPM,100393,156"
2019-06-28 13:24:30.000000000,BEST_BID,"JPM,99077,345"
2019-06-28 13:24:30.000000000,BEST_ASK,"JPM,100393,156"
2019-06-28 13:24:37.769427108,QUERY_SPREAD,36
2019-06-28 13:24:37.769427108,BEST_BID,"JPM,99077,345"
2019-06-28 13:24:37.769427108,BEST_ASK,"JPM,100393,56"
2019-06-28 13:24:37.769427108,LAST_TRADE,"100,$100393.0000"
2019-06-28 13:24:40.000000000,QUERY_SPREAD,1
2019-06-28 13:24:40.000000000,BEST_BID,"JPM,99077,429"
2019-06-28 13:24:40.000000000,BEST_ASK,"JPM,100408,100"
2019-06-28 13:24:40.000000000,BEST_BID,"JPM,99077,429"
2019-06-28 13:24:40.000000000,BEST_ASK,"JPM,100408,100"
2019-06-28 13:24:40.000000000,BEST_BID,"JPM,99077,429"
2019-06-28 13:24:40.000000000,BEST_ASK,"JPM,100408,240"
2019-06-28 13:24:40.000000000,BEST_BID,"JPM,99077,429"
2019-06-28 13:24:40.000000000,BEST_ASK,"JPM,100408,240"
2019-06-28 13:24:50.000000000,QUERY_SPREAD,1
2019-06-28 13:24:50.000000000,BEST_BID,"JPM,99077,345"
2019-06-28 13:24:50.000000000,BEST_ASK,"JPM,100408,100"
2019-06-28 13:24:50.000000000,BEST_BID,"JPM,99077,345"
2019-06-28 13:24:50.000000000,BEST_ASK,"JPM,100408,100"
2019-06-28 13:24:50.000000000,BEST_BID,"JPM,99077,345"
2019-06-28 13:24:50.000000000,BEST_ASK,"JPM,100408,100"
2019-06-28 13:24:50.000000000,BEST_BID,"JPM,99077,345"
2019-06-28 13:24:50.000000000,BEST_ASK,"JPM,100408,100"
2019-06-28 13:24:50.000000000,BEST_BID,"JPM,99077,345"
2019-06-28 13:24:50.000000000,BEST_ASK,"JPM,100408,100"
2019-06-28 13:24:50.000000000,BEST_BID,"JPM,99077,345"
2019-06-28 13:24:50.000000000,BEST_ASK,"JPM,100408,156"
2019-06-28 13:24:50.000000000,BEST_BID,"JPM,99077,345"
2019-06-28 13:24:50.000000000,BEST_ASK,"JPM,100408,156"
2019-06-28 13:24:50.000000000,BEST_BID,"JPM,99077,345"
2019-06-28 13:24:50.000000000,BEST_ASK,"JPM,100408,156"
2019-06-28 13:24:50.000000000,BEST_BID,"JPM,99077,345"
2019-06-28 13:24:50.000000000,BEST_ASK,"JPM,100408,156"
2019-06-28 13:24:50.000000000,BEST_BID,"JPM,99077,345"
2019-06-28 13:24:50.000000000,BEST_ASK,"JPM,100408,156"
2019-06-28 13:25:00.000000000,QUERY_SPREAD,1
2019-06-28 13:25:00.000000000,BEST_BID,"JPM,99077,345"
2019-06-28 13:25:00.000000000,BEST_ASK,"JPM,100408,100"
2019-06-28 13:25:00.000000000,BEST_BID,"JPM,99077,345"
2019-06-28 13:25:00.000000000,BEST_ASK,"JPM,100408,100"
2019-06-28 13:25:00.000000000,BEST_BID,"JPM,99077,345"
2019-06-28 13:25:00.000000000,BEST_ASK,"JPM,100408,100"
2019-06-28 13:25:00.000000000,BEST_BID,"JPM,99077,345"
2019-06-28 13:25:00.000000000,BEST_ASK,"JPM,100408,100"
2019-06-28 13:25:00.000000000,BEST_BID,"JPM,99077,345"
2019-06-28 13:25:00.000000000,BEST_ASK,"JPM,100408,100"
2019-06-28 13:25:00.000000000,BEST_BID,"JPM,99077,345"
2019-06-28 13:25:00.000000000,BEST_ASK,"JPM,100408,156"
2019-06-28 13:25:00.000000000,BEST_BID,"JPM,99077,345"
2019-06-28 13:25:00.000000000,BEST_ASK,"JPM,100408,156"
2019-06-28 13:25:00.000000000,BEST_BID,"JPM,99077,345"
2019-06-28 13:25:00.000000000,BEST_ASK,"JPM,100408,156"
2019-06-28 13:25:00.000000000,BEST_BID,"JPM,99077,345"
2019-06-28 13:25:00.000000000,BEST_ASK,"JPM,100408,156"
2019-06-28 13:25:00.000000000,BEST_BID,"JPM,99077,345"
2019-06-28 13:25:00.000000000,BEST_ASK,"JPM,100408,156"
2019-06-28 13:25:00.000000000,QUERY_SPREAD,77
2019-06-28 13:25:00.000000000,BEST_BID,"JPM,99077,344"
2019-06-28 13:25:00.000000000,BEST_ASK,"JPM,100408,156"
2019-06-28 13:25:00.000000000,LAST_TRADE,"1,$99077.0000"
2019-06-28 13:25:00.000000000,QUERY_SPREAD,78
2019-06-28 13:25:00.000000000,BEST_BID,"JPM,99077,340"
2019-06-28 13:25:00.000000000,BEST_ASK,"JPM,100408,156"
2019-06-28 13:25:00.000000000,LAST_TRADE,"4,$99077.0000"
2019-06-28 13:25:00.000000000,QUERY_SPREAD,79
2019-06-28 13:25:00.000000000,BEST_BID,"JPM,99077,334"
2019-06-28 13:25:00.000000000,BEST_ASK,"JPM,100408,156"
2019-06-28 13:25:00.000000000,LAST_TRADE,"6,$99077.0000"
2019-06-28 13:25:00.000000000,QUERY_SPREAD,80
2019-06-28 13:25:00.000000000,BEST_BID,"JPM,99077,329"
2019-06-28 13:25:00.000000000,BEST_ASK,"JPM,100408,156"
2019-06-28 13:25:00.000000000,LAST_TRADE,"5,$99077.0000"
2019-06-28 13:25:00.000000000,QUERY_SPREAD,81
2019-06-28 13:25:00.000000000,BEST_BID,"JPM,99077,321"
2019-06-28 13:25:00.000000000,BEST_ASK,"JPM,100408,156"
2019-06-28 13:25:00.000000000,LAST_TRADE,"8,$99077.0000"
2019-06-28 13:25:00.000000000,QUERY_SPREAD,82
2019-06-28 13:25:00.000000000,BEST_BID,"JPM,99077,313"
2019-06-28 13:25:00.000000000,BEST_ASK,"JPM,100408,156"
2019-06-28 13:25:00.000000000,LAST_TRADE,"8,$99077.0000"
2019-06-28 13:25:00.000000000,QUERY_SPREAD,83
2019-06-28 13:25:00.000000000,BEST_BID,"JPM,99077,311"
2019-06-28 13:25:00.000000000,BEST_ASK,"JPM,100408,156"
2019-06-28 13:25:00.000000000,LAST_TRADE,"2,$99077.0000"
2019-06-28 13:25:00.000000000,QUERY_SPREAD,84
2019-06-28 13:25:00.000000000,BEST_BID,"JPM,99077,310"
2019-06-28 13:25:00.000000000,BEST_ASK,"JPM,100408,156"
2019-06-28 13:25:00.000000000,LAST_TRADE,"1,$99077.0000"
2019-06-28 13:25:00.000000000,QUERY_SPREAD,85
2019-06-28 13:25:00.000000000,BEST_BID,"JPM,99077,309"
2019-06-28 13:25:00.000000000,BEST_ASK,"JPM,100408,156"
2019-06-28 13:25:00.000000000,LAST_TRADE,"1,$99077.0000"
2019-06-28 13:25:00.000000000,QUERY_SPREAD,86
2019-06-28 13:25:00.000000000,BEST_BID,"JPM,99077,303"
2019-06-28 13:25:00.000000000,BEST_ASK,"JPM,100408,156"
2019-06-28 13:25:00.000000000,LAST_TRADE,"6,$99077.0000"
2019-06-28 13:25:00.000000000,QUERY_SPREAD,87
2019-06-28 13:25:00.000000000,BEST_BID,"JPM,99077,300"
2019-06-28 13:25:00.000000000,BEST_ASK,"JPM,100408,156"
2019-06-28 13:25:00.000000000,LAST_TRADE,"3,$99077.0000"
2019-06-28 13:25:00.000000000,QUERY_SPREAD,88
2019-06-28 13:25:00.000000000,BEST_BID,"JPM,99077,296"
2019-06-28 13:25:00.000000000,BEST_ASK,"JPM,100408,156"
2019-06-28 13:25:00.000000000,LAST_TRADE,"4,$99077.0000"
2019-06-28 13:25:00.000000000,QUERY_SPREAD,89
2019-06-28 13:25:00.000000000,BEST_BID,"JPM,99077,292"
2019-06-28 13:25:00.000000000,BEST_ASK,"JPM,100408,156"
2019-06-28 13:25:00.000000000,LAST_TRADE,"4,$99077.0000"
2019-06-28 13:25:00.000000000,QUERY_SPREAD,90
2019-06-28 13:25:00.000000000,BEST_BID,"JPM,99077,285"
2019-06-28 13:25:00.000000000,BEST_ASK,"JPM,100408,156"
2019-06-28 13:25:00.000000000,LAST_TRADE,"7,$99077.0000"
2019-06-28 13:25:00.000000000,QUERY_SPREAD,91
2019-06-28 13:25:00.000000000,BEST_BID,"JPM,99077,277"
2019-06-28 13:25:00.000000000,BEST_ASK,"JPM,100408,156"
2019-06-28 13:25:00.000000000,LAST_TRADE,"8,$99077.0000"
2019-06-28 13:25:00.000000000,QUERY_SPREAD,92
2019-06-28 13:25:00.000000000,BEST_BID,"JPM,99077,272"
2019-06-28 13:25:00.000000000,BEST_ASK,"JPM,100408,156"
2019-06-28 13:25:00.000000000,LAST_TRADE,"5,$99077.0000"
2019-06-28 13:25:00.000000000,QUERY_SPREAD,93
2019-06-28 13:25:00.000000000,BEST_BID,"JPM,99077,269"
2019-06-28 13:25:00.000000000,BEST_ASK,"JPM,100408,156"
2019-06-28 13:25:00.000000000,LAST_TRADE,"3,$99077.0000"
2019-06-28 13:25:00.000000000,QUERY_SPREAD,94
2019-06-28 13:25:00.000000000,BEST_BID,"JPM,99077,265"
2019-06-28 13:25:00.000000000,BEST_ASK,"JPM,100408,156"
2019-06-28 13:25:00.000000000,LAST_TRADE,"4,$99077.0000"
2019-06-28 13:25:00.000000000,QUERY_SPREAD,95
2019-06-28 13:25:00.000000000,BEST_BID,"JPM,99077,260"
2019-06-28 13:25:00.000000000,BEST_ASK,"JPM,100408,156"
2019-06-28 13:25:00.000000000,LAST_TRADE,"5,$99077.0000"
2019-06-28 13:25:00.000000000,QUERY_SPREAD,96
2019-06-28 13:25:00.000000000,BEST_BID,"JPM,99077,259"
2019-06-28 13:25:00.000000000,BEST_ASK,"JPM,100408,156"
2019-06-28 13:25:00.000000000,LAST_TRADE,"1,$99077.0000"
2019-06-28 13:25:00.000000000,QUERY_SPREAD,97
2019-06-28 13:25:00.000000000,BEST_BID,"JPM,99077,252"
2019-06-28 13:25:00.000000000,BEST_ASK,"JPM,100408,156"
2019-06-28 13:25:00.000000000,LAST_TRADE,"7,$99077.0000"
2019-06-28 13:25:00.000000000,QUERY_SPREAD,98
2019-06-28 13:25:00.000000000,BEST_BID,"JPM,99077,246"
2019-06-28 13:25:00.000000000,BEST_ASK,"JPM,100408,156"
2019-06-28 13:25:00.000000000,LAST_TRADE,"6,$99077.0000"
2019-06-28 13:25:00.000000000,QUERY_SPREAD,99
2019-06-28 13:25:00.000000000,BEST_BID,"JPM,99077,241"
2019-06-28 13:25:00.000000000,BEST_ASK,"JPM,100408,156"
2019-06-28 13:25:00.000000000,LAST_TRADE,"5,$99077.0000"
2019-06-28 13:25:00.000000000,QUERY_SPREAD,100
2019-06-28 13:25:00.000000000,BEST_BID,"JPM,99077,234"
2019-06-28 13:25:00.000000000,BEST_ASK,"JPM,100408,156"
2019-06-28 13:25:00.000000000,LAST_TRADE,"7,$99077.0000"
2019-06-28 13:25:00.000000000,QUERY_SPREAD,101
2019-06-28 13:25:00.000000000,QUERY_ORDER_STREAM,101
2019-06-28 13:25:05.111302964,QUERY_SPREAD,38
2019-06-28 13:25:05.111302964,BEST_BID,"JPM,99077,234"
2019-06-28 13:25:05.111302964,BEST_ASK,"JPM,100408,56"
2019-06-28 13:25:05.111302964,LAST_TRADE,"100,$100408.0000"
2019-06-28 13:25:10.000000000,QUERY_SPREAD,1
2019-06-28 13:25:10.000000000,BEST_BID,"JPM,99077,318"
2019-06-28 13:25:10.000000000,BEST_ASK,"JPM,100428,100"
2019-06-28 13:25:10.000000000,BEST_BID,"JPM,99077,318"
2019-06-28 13:25:10.000000000,BEST_ASK,"JPM,100428,100"
2019-06-28 13:25:10.000000000,BEST_BID,"JPM,99077,318"
2019-06-28 13:25:10.000000000,BEST_ASK,"JPM,100428,240"
2019-06-28 13:25:10.000000000,BEST_BID,"JPM,99077,318"
2019-06-28 13:25:10.000000000,BEST_ASK,"JPM,100428,240"
2019-06-28 13:25:15.496292065,QUERY_SPREAD,2
2019-06-28 13:25:15.496292065,BEST_BID,"JPM,99077,318"
2019-06-28 13:25:15.496292065,BEST_ASK,"JPM,100428,240"
2019-06-28 13:25:16.594627359,QUERY_SPREAD,13
2019-06-28 13:25:16.594627359,BEST_BID,"JPM,99077,318"
2019-06-28 13:25:16.594627359,BEST_ASK,"JPM,100428,140"
2019-06-28 13:25:16.594627359,LAST_TRADE,"100,$100428.0000"
2019-06-28 13:25:20.000000000,QUERY_SPREAD,1
2019-06-28 13:25:20.000000000,BEST_BID,"JPM,99077,458"
2019-06-28 13:25:20.000000000,BEST_ASK,"JPM,100469,100"
2019-06-28 13:25:20.000000000,BEST_BID,"JPM,99077,458"
2019-06-28 13:25:20.000000000,BEST_ASK,"JPM,100469,380"
2019-06-28 13:25:27.781019889,QUERY_SPREAD,20
2019-06-28 13:25:27.781019889,BEST_BID,"JPM,99077,458"
2019-06-28 13:25:27.781019889,BEST_ASK,"JPM,100469,280"
2019-06-28 13:25:27.781019889,LAST_TRADE,"100,$100469.0000"
2019-06-28 13:25:30.000000000,QUERY_SPREAD,1
2019-06-28 13:25:30.000000000,BEST_BID,"JPM,99077,273"
2019-06-28 13:25:30.000000000,BEST_ASK,"JPM,100621,100"
2019-06-28 13:25:30.000000000,BEST_BID,"JPM,99077,273"
2019-06-28 13:25:30.000000000,BEST_ASK,"JPM,100621,100"
2019-06-28 13:25:30.000000000,BEST_BID,"JPM,99077,273"
2019-06-28 13:25:30.000000000,BEST_ASK,"JPM,100621,100"
2019-06-28 13:25:30.000000000,BEST_BID,"JPM,99077,273"
2019-06-28 13:25:30.000000000,BEST_ASK,"JPM,100621,195"
2019-06-28 13:25:30.000000000,BEST_BID,"JPM,99077,273"
2019-06-28 13:25:30.000000000,BEST_ASK,"JPM,100621,195"
2019-06-28 13:25:30.000000000,BEST_BID,"JPM,99077,273"
2019-06-28 13:25:30.000000000,BEST_ASK,"JPM,100621,195"
2019-06-28 13:25:40.000000000,QUERY_SPREAD,1
2019-06-28 13:25:40.000000000,BEST_BID,"JPM,99077,234"
2019-06-28 13:25:40.000000000,BEST_ASK,"JPM,100621,100"
2019-06-28 13:25:40.000000000,BEST_BID,"JPM,99077,234"
2019-06-28 13:25:40.000000000,BEST_ASK,"JPM,100621,100"
2019-06-28 13:25:40.000000000,BEST_BID,"JPM,99077,234"
2019-06-28 13:25:40.000000000,BEST_ASK,"JPM,100621,100"
2019-06-28 13:25:40.000000000,BEST_BID,"JPM,99077,234"
2019-06-28 13:25:40.000000000,BEST_ASK,"JPM,100621,100"
2019-06-28 13:25:40.000000000,BEST_BID,"JPM,99077,234"
2019-06-28 13:25:40.000000000,BEST_ASK,"JPM,100621,100"
2019-06-28 13:25:40.000000000,BEST_BID,"JPM,99077,234"
2019-06-28 13:25:40.000000000,BEST_ASK,"JPM,100621,156"
2019-06-28 13:25:40.000000000,BEST_BID,"JPM,99077,234"
2019-06-28 13:25:40.000000000,BEST_ASK,"JPM,100621,156"
2019-06-28 13:25:40.000000000,BEST_BID,"JPM,99077,234"
2019-06-28 13:25:40.000000000,BEST_ASK,"JPM,100621,156"
2019-06-28 13:25:40.000000000,BEST_BID,"JPM,99077,234"
2019-06-28 13:25:40.000000000,BEST_ASK,"JPM,100621,156"
2019-06-28 13:25:40.000000000,BEST_BID,"JPM,99077,234"
2019-06-28 13:25:40.000000000,BEST_ASK,"JPM,100621,156"
2019-06-28 13:25:50.000000000,QUERY_SPREAD,1
2019-06-28 13:25:50.000000000,BEST_BID,"JPM,99077,273"
2019-06-28 13:25:50.000000000,BEST_ASK,"JPM,100621,100"
2019-06-28 13:25:50.000000000,BEST_BID,"JPM,99077,273"
2019-06-28 13:25:50.000000000,BEST_ASK,"JPM,100621,100"
2019-06-28 13:25:50.000000000,BEST_BID,"JPM,99077,273"
2019-06-28 13:25:50.000000000,BEST_ASK,"JPM,100621,100"
2019-06-28 13:25:50.000000000,BEST_BID,"JPM,99077,273"
2019-06-28 13:25:50.000000000,BEST_ASK,"JPM,100621,195"
2019-06-28 13:25:50.000000000,BEST_BID,"JPM,99077,273"
2019-06-28 13:25:50.000000000,BEST_ASK,"JPM,100621,195"
2019-06-28 13:25:50.000000000,BEST_BID,"JPM,99077,273"
2019-06-28 13:25:50.000000000,BEST_ASK,"JPM,100621,195"
2019-06-28 13:25:52.484404453,QUERY_ORDER_STREAM,56
2019-06-28 13:25:52.484404453,QUERY_SPREAD,56
2019-06-28 13:26:00.000000000,QUERY_SPREAD,1
2019-06-28 13:26:00.000000000,BEST_BID,"JPM,99077,234"
2019-06-28 13:26:00.000000000,BEST_ASK,"JPM,100621,100"
2019-06-28 13:26:00.000000000,BEST_BID,"JPM,99077,234"
2019-06-28 13:26:00.000000000,BEST_ASK,"JPM,100621,100"
2019-06-28 13:26:00.000000000,BEST_BID,"JPM,99077,234"
2019-06-28 13:26:00.000000000,BEST_ASK,"JPM,100621,100"
2019-06-28 13:26:00.000000000,BEST_BID,"JPM,99077,234"
2019-06-28 13:26:00.000000000,BEST_ASK,"JPM,100621,100"
2019-06-28 13:26:00.000000000,BEST_BID,"JPM,99077,234"
2019-06-28 13:26:00.000000000,BEST_ASK,"JPM,100621,100"
2019-06-28 13:26:00.000000000,BEST_BID,"JPM,99077,234"
2019-06-28 13:26:00.000000000,BEST_ASK,"JPM,100621,156"
2019-06-28 13:26:00.000000000,BEST_BID,"JPM,99077,234"
2019-06-28 13:26:00.000000000,BEST_ASK,"JPM,100621,156"
2019-06-28 13:26:00.000000000,BEST_BID,"JPM,99077,234"
2019-06-28 13:26:00.000000000,BEST_ASK,"JPM,100621,156"
2019-06-28 13:26:00.000000000,BEST_BID,"JPM,99077,234"
2019-06-28 13:26:00.000000000,BEST_ASK,"JPM,100621,156"
2019-06-28 13:26:00.000000000,BEST_BID,"JPM,99077,234"
2019-06-28 13:26:00.000000000,BEST_ASK,"JPM,100621,156"
2019-06-28 13:26:00.000000000,QUERY_SPREAD,77
2019-06-28 13:26:00.000000000,BEST_BID,"JPM,99077,233"
2019-06-28 13:26:00.000000000,BEST_ASK,"JPM,100621,156"
2019-06-28 13:26:00.000000000,LAST_TRADE,"1,$99077.0000"
2019-06-28 13:26:00.000000000,QUERY_SPREAD,78
2019-06-28 13:26:00.000000000,BEST_BID,"JPM,99077,229"
2019-06-28 13:26:00.000000000,BEST_ASK,"JPM,100621,156"
2019-06-28 13:26:00.000000000,LAST_TRADE,"4,$99077.0000"
2019-06-28 13:26:00.000000000,QUERY_SPREAD,79
2019-06-28 13:26:00.000000000,BEST_BID,"JPM,99077,223"
2019-06-28 13:26:00.000000000,BEST_ASK,"JPM,100621,156"
2019-06-28 13:26:00.000000000,LAST_TRADE,"6,$99077.0000"
2019-06-28 13:26:00.000000000,QUERY_SPREAD,80
2019-06-28 13:26:00.000000000,BEST_BID,"JPM,99077,218"
2019-06-28 13:26:00.000000000,BEST_ASK,"JPM,100621,156"
2019-06-28 13:26:00.000000000,LAST_TRADE,"5,$99077.0000"
2019-06-28 13:26:00.000000000,QUERY_SPREAD,81
2019-06-28 13:26:00.000000000,BEST_BID,"JPM,99077,210"
2019-06-28 13:26:00.000000000,BEST_ASK,"JPM,100621,156"
2019-06-28 13:26:00.000000000,LAST_TRADE,"8,$99077.0000"
2019-06-28 13:26:00.000000000,QUERY_SPREAD,82
2019-06-28 13:26:00.000000000,BEST_BID,"JPM,99077,202"
2019-06-28 13:26:00.000000000,BEST_ASK,"JPM,100621,156"
2019-06-28 13:26:00.000000000,LAST_TRADE,"8,$99077.0000"
2019-06-28 13:26:00.000000000,QUERY_SPREAD,83
2019-06-28 13:26:00.000000000,BEST_BID,"JPM,99077,200"
2019-06-28 13:26:00.000000000,BEST_ASK,"JPM,100621,156"
2019-06-28 13:26:00.000000000,LAST_TRADE,"2,$99077.0000"
2019-06-28 13:26:00.000000000,QUERY_SPREAD,84
2019-06-28 13:26:00.000000000,BEST_BID,"JPM,99077,199"
2019-06-28 13:26:00.000000000,BEST_ASK,"JPM,100621,156"
2019-06-28 13:26:00.000000000,LAST_TRADE,"1,$99077.0000"
2019-06-28 13:26:00.000000000,QUERY_SPREAD,85
2019-06-28 13:26:00.000000000,BEST_BID,"JPM,99077,198"
2019-06-28 13:26:00.000000000,BEST_ASK,"JPM,100621,156"
2019-06-28 13:26:00.000000000,LAST_TRADE,"1,$99077.0000"
2019-06-28 13:26:00.000000000,QUERY_SPREAD,86
2019-06-28 13:26:00.000000000,BEST_BID,"JPM,99077,192"
2019-06-28 13:26:00.000000000,BEST_ASK,"JPM,100621,156"
2019-06-28 13:26:00.000000000,LAST_TRADE,"6,$99077.0000"
2019-06-28 13:26:00.000000000,QUERY_SPREAD,87
2019-06-28 13:26:00.000000000,BEST_BID,"JPM,99077,189"
2019-06-28 13:26:00.000000000,BEST_ASK,"JPM,100621,156"
2019-06-28 13:26:00.000000000,LAST_TRADE,"3,$99077.0000"
2019-06-28 13:26:00.000000000,QUERY_SPREAD,88
2019-06-28 13:26:00.000000000,BEST_BID,"JPM,99077,185"
2019-06-28 13:26:00.000000000,BEST_ASK,"JPM,100621,156"
2019-06-28 13:26:00.000000000,LAST_TRADE,"4,$99077.0000"
2019-06-28 13:26:00.000000000,QUERY_SPREAD,89
2019-06-28 13:26:00.000000000,BEST_BID,"JPM,99077,181"
2019-06-28 13:26:00.000000000,BEST_ASK,"JPM,100621,156"
2019-06-28 13:26:00.000000000,LAST_TRADE,"4,$99077.0000"
2019-06-28 13:26:00.000000000,QUERY_SPREAD,90
2019-06-28 13:26:00.000000000,BEST_BID,"JPM,99077,174"
2019-06-28 13:26:00.000000000,BEST_ASK,"JPM,100621,156"
2019-06-28 13:26:00.000000000,LAST_TRADE,"7,$99077.0000"
2019-06-28 13:26:00.000000000,QUERY_SPREAD,91
2019-06-28 13:26:00.000000000,BEST_BID,"JPM,99077,166"
2019-06-28 13:26:00.000000000,BEST_ASK,"JPM,100621,156"
2019-06-28 13:26:00.000000000,LAST_TRADE,"8,$99077.0000"
2019-06-28 13:26:00.000000000,QUERY_SPREAD,92
2019-06-28 13:26:00.000000000,BEST_BID,"JPM,99077,161"
2019-06-28 13:26:00.000000000,BEST_ASK,"JPM,100621,156"
2019-06-28 13:26:00.000000000,LAST_TRADE,"5,$99077.0000"
2019-06-28 13:26:00.000000000,QUERY_SPREAD,93
2019-06-28 13:26:00.000000000,BEST_BID,"JPM,99077,158"
2019-06-28 13:26:00.000000000,BEST_ASK,"JPM,100621,156"
2019-06-28 13:26:00.000000000,LAST_TRADE,"3,$99077.0000"
2019-06-28 13:26:00.000000000,QUERY_SPREAD,94
2019-06-28 13:26:00.000000000,BEST_BID,"JPM,99077,154"
2019-06-28 13:26:00.000000000,BEST_ASK,"JPM,100621,156"
2019-06-28 13:26:00.000000000,LAST_TRADE,"4,$99077.0000"
2019-06-28 13:26:00.000000000,QUERY_SPREAD,95
2019-06-28 13:26:00.000000000,BEST_BID,"JPM,99077,149"
2019-06-28 13:26:00.000000000,BEST_ASK,"JPM,100621,156"
2019-06-28 13:26:00.000000000,LAST_TRADE,"5,$99077.0000"
2019-06-28 13:26:00.000000000,QUERY_SPREAD,96
2019-06-28 13:26:00.000000000,BEST_BID,"JPM,99077,148"
2019-06-28 13:26:00.000000000,BEST_ASK,"JPM,100621,156"
2019-06-28 13:26:00.000000000,LAST_TRADE,"1,$99077.0000"
2019-06-28 13:26:00.000000000,QUERY_SPREAD,97
2019-06-28 13:26:00.000000000,BEST_BID,"JPM,99077,141"
2019-06-28 13:26:00.000000000,BEST_ASK,"JPM,100621,156"
2019-06-28 13:26:00.000000000,LAST_TRADE,"7,$99077.0000"
2019-06-28 13:26:00.000000000,QUERY_SPREAD,98
2019-06-28 13:26:00.000000000,BEST_BID,"JPM,99077,135"
2019-06-28 13:26:00.000000000,BEST_ASK,"JPM,100621,156"
2019-06-28 13:26:00.000000000,LAST_TRADE,"6,$99077.0000"
2019-06-28 13:26:00.000000000,QUERY_SPREAD,99
2019-06-28 13:26:00.000000000,BEST_BID,"JPM,99077,130"
2019-06-28 13:26:00.000000000,BEST_ASK,"JPM,100621,156"
2019-06-28 13:26:00.000000000,LAST_TRADE,"5,$99077.0000"
2019-06-28 13:26:00.000000000,QUERY_SPREAD,100
2019-06-28 13:26:00.000000000,BEST_BID,"JPM,99077,123"
2019-06-28 13:26:00.000000000,BEST_ASK,"JPM,100621,156"
2019-06-28 13:26:00.000000000,LAST_TRADE,"7,$99077.0000"
2019-06-28 13:26:00.000000000,QUERY_SPREAD,101
2019-06-28 13:26:00.000000000,QUERY_ORDER_STREAM,101
2019-06-28 13:26:09.021871966,QUERY_ORDER_STREAM,70
2019-06-28 13:26:09.021871966,QUERY_SPREAD,70
2019-06-28 13:26:10.000000000,QUERY_SPREAD,1
2019-06-28 13:26:10.000000000,BEST_BID,"JPM,99077,123"
2019-06-28 13:26:10.000000000,BEST_ASK,"JPM,100621,100"
2019-06-28 13:26:10.000000000,BEST_BID,"JPM,99077,123"
2019-06-28 13:26:10.000000000,BEST_ASK,"JPM,100621,100"
2019-06-28 13:26:10.000000000,BEST_BID,"JPM,99077,123"
2019-06-28 13:26:10.000000000,BEST_ASK,"JPM,100621,100"
2019-06-28 13:26:10.000000000,BEST_BID,"JPM,99077,123"
2019-06-28 13:26:10.000000000,BEST_ASK,"JPM,100621,100"
2019-06-28 13:26:10.000000000,BEST_BID,"JPM,99077,123"
2019-06-28 13:26:10.000000000,BEST_ASK,"JPM,100621,100"
2019-06-28 13:26:10.000000000,BEST_BID,"JPM,99077,123"
2019-06-28 13:26:10.000000000,BEST_ASK,"JPM,100621,156"
2019-06-28 13:26:10.000000000,BEST_BID,"JPM,99077,123"
2019-06-28 13:26:10.000000000,BEST_ASK,"JPM,100621,156"
2019-06-28 13:26:10.000000000,BEST_BID,"JPM,99077,123"
2019-06-28 13:26:10.000000000,BEST_ASK,"JPM,100621,156"
2019-06-28 13:26:10.000000000,BEST_BID,"JPM,99077,123"
2019-06-28 13:26:10.000000000,BEST_ASK,"JPM,100621,156"
2019-06-28 13:26:10.000000000,BEST_BID,"JPM,99077,123"
2019-06-28 13:26:10.000000000,BEST_ASK,"JPM,100621,156"
2019-06-28 13:26:20.000000000,QUERY_SPREAD,1
2019-06-28 13:26:20.000000000,BEST_BID,"JPM,99077,123"
2019-06-28 13:26:20.000000000,BEST_ASK,"JPM,100621,100"
2019-06-28 13:26:20.000000000,BEST_BID,"JPM,99077,123"
2019-06-28 13:26:20.000000000,BEST_ASK,"JPM,100621,100"
2019-06-28 13:26:20.000000000,BEST_BID,"JPM,99077,123"
2019-06-28 13:26:20.000000000,BEST_ASK,"JPM,100621,100"
2019-06-28 13:26:20.000000000,BEST_BID,"JPM,99077,123"
2019-06-28 13:26:20.000000000,BEST_ASK,"JPM,100621,100"
2019-06-28 13:26:20.000000000,BEST_BID,"JPM,99077,123"
2019-06-28 13:26:20.000000000,BEST_ASK,"JPM,100621,100"
2019-06-28 13:26:20.000000000,BEST_BID,"JPM,99077,123"
2019-06-28 13:26:20.000000000,BEST_ASK,"JPM,100621,156"
2019-06-28 13:26:20.000000000,BEST_BID,"JPM,99077,123"
2019-06-28 13:26:20.000000000,BEST_ASK,"JPM,100621,156"
2019-06-28 13:26:20.000000000,BEST_BID,"JPM,99077,123"
2019-06-28 13:26:20.000000000,BEST_ASK,"JPM,100621,156"
2019-06-28 13:26:20.000000000,BEST_BID,"JPM,99077,123"
2019-06-28 13:26:20.000000000,BEST_ASK,"JPM,100621,156"
2019-06-28 13:26:20.000000000,BEST_BID,"JPM,99077,123"
2019-06-28 13:26:20.000000000,BEST_ASK,"JPM,100621,156"
2019-06-28 13:26:30.000000000,QUERY_SPREAD,1
2019-06-28 13:26:30.000000000,BEST_BID,"JPM,99077,123"
2019-06-28 13:26:30.000000000,BEST_ASK,"JPM,100621,100"
2019-06-28 13:26:30.000000000,BEST_BID,"JPM,99077,123"
2019-06-28 13:26:30.000000000,BEST_ASK,"JPM,100621,100"
2019-06-28 13:26:30.000000000,BEST_BID,"JPM,99077,123"
2019-06-28 13:26:30.000000000,BEST_ASK,"JPM,100621,100"
2019-06-28 13:26:30.000000000,BEST_BID,"JPM,99077,123"
2019-06-28 13:26:30.000000000,BEST_ASK,"JPM,100621,100"
2019-06-28 13:26:30.000000000,BEST_BID,"JPM,99077,123"
2019-06-28 13:26:30.000000000,BEST_ASK,"JPM,100621,100"
2019-06-28 13:26:30.000000000,BEST_BID,"JPM,99077,123"
2019-06-28 13:26:30.000000000,BEST_ASK,"JPM,100621,156"
2019-06-28 13:26:30.000000000,BEST_BID,"JPM,99077,123"
2019-06-28 13:26:30.000000000,BEST_ASK,"JPM,100621,156"
2019-06-28 13:26:30.000000000,BEST_BID,"JPM,99077,123"
2019-06-28 13:26:30.000000000,BEST_ASK,"JPM,100621,156"
2019-06-28 13:26:30.000000000,BEST_BID,"JPM,99077,123"
2019-06-28 13:26:30.000000000,BEST_ASK,"JPM,100621,156"
2019-06-28 13:26:30.000000000,BEST_BID,"JPM,99077,123"
2019-06-28 13:26:30.000000000,BEST_ASK,"JPM,100621,156"
2019-06-28 13:26:40.000000000,QUERY_SPREAD,1
2019-06-28 13:26:40.000000000,BEST_BID,"JPM,99077,207"
2019-06-28 13:26:40.000000000,BEST_ASK,"JPM,100621,100"
2019-06-28 13:26:40.000000000,BEST_BID,"JPM,99077,207"
2019-06-28 13:26:40.000000000,BEST_ASK,"JPM,100621,100"
2019-06-28 13:26:40.000000000,BEST_BID,"JPM,99077,207"
2019-06-28 13:26:40.000000000,BEST_ASK,"JPM,100621,240"
2019-06-28 13:26:40.000000000,BEST_BID,"JPM,99077,207"
2019-06-28 13:26:40.000000000,BEST_ASK,"JPM,100621,240"
2019-06-28 13:26:50.000000000,QUERY_SPREAD,1
2019-06-28 13:26:50.000000000,BEST_BID,"JPM,99077,207"
2019-06-28 13:26:50.000000000,BEST_ASK,"JPM,100621,100"
2019-06-28 13:26:50.000000000,BEST_BID,"JPM,99077,207"
2019-06-28 13:26:50.000000000,BEST_ASK,"JPM,100621,100"
2019-06-28 13:26:50.000000000,BEST_BID,"JPM,99077,207"
2019-06-28 13:26:50.000000000,BEST_ASK,"JPM,100621,240"
2019-06-28 13:26:50.000000000,BEST_BID,"JPM,99077,207"
2019-06-28 13:26:50.000000000,BEST_ASK,"JPM,100621,240"
2019-06-28 13:26:56.053895285,QUERY_SPREAD,40
2019-06-28 13:26:56.053895285,BEST_BID,"JPM,99077,207"
2019-06-28 13:26:56.053895285,BEST_ASK,"JPM,100383,100"
2019-06-28 13:26:58.045487219,QUERY_SPREAD,17
2019-06-28 13:26:58.045487219,BEST_BID,"JPM,100183,100"
2019-06-28 13:26:58.045487219,BEST_ASK,"JPM,100383,100"
2019-06-28 13:27:00.000000000,QUERY_SPREAD,1
2019-06-28 13:27:00.000000000,BEST_BID,"JPM,100183,156"
2019-06-28 13:27:00.000000000,BEST_ASK,"JPM,100383,100"
2019-06-28 13:27:00.000000000,BEST_BID,"JPM,100183,156"
2019-06-28 13:27:00.000000000,BEST_ASK,"JPM,100383,100"
2019-06-28 13:27:00.000000000,BEST_BID,"JPM,100183,156"
2019-06-28 13:27:00.000000000,BEST_ASK,"JPM,100383,100"
2019-06-28 13:27:00.000000000,BEST_BID,"JPM,100183,156"
2019-06-28 13:27:00.000000000,BEST_ASK,"JPM,100383,100"
2019-06-28 13:27:00.000000000,BEST_BID,"JPM,100183,156"
2019-06-28 13:27:00.000000000,BEST_ASK,"JPM,100383,100"
2019-06-28 13:27:00.000000000,BEST_BID,"JPM,100183,156"
2019-06-28 13:27:00.000000000,BEST_ASK,"JPM,100383,156"
2019-06-28 13:27:00.000000000,BEST_BID,"JPM,100183,156"
2019-06-28 13:27:00.000000000,BEST_ASK,"JPM,100383,156"
2019-06-28 13:27:00.000000000,BEST_BID,"JPM,100183,156"
2019-06-28 13:27:00.000000000,BEST_ASK,"JPM,100383,156"
2019-06-28 13:27:00.000000000,BEST_BID,"JPM,100183,156"
2019-06-28 13:27:00.000000000,BEST_ASK,"JPM,100383,156"
2019-06-28 13:27:00.000000000,BEST_BID,"JPM,100183,156"
2019-06-28 13:27:00.000000000,BEST_ASK,"JPM,100383,156"
2019-06-28 13:27:00.000000000,QUERY_SPREAD,77
2019-06-28 13:27:00.000000000,BEST_BID,"JPM,100183,155"
2019-06-28 13:27:00.000000000,BEST_ASK,"JPM,100383,156"
2019-06-28 13:27:00.000000000,LAST_TRADE,"1,$100183.0000"
2019-06-28 13:27:00.000000000,QUERY_SPREAD,78
2019-06-28 13:27:00.000000000,BEST_BID,"JPM,100183,151"
2019-06-28 13:27:00.000000000,BEST_ASK,"JPM,100383,156"
2019-06-28 13:27:00.000000000,LAST_TRADE,"4,$100183.0000"
2019-06-28 13:27:00.000000000,QUERY_SPREAD,79
2019-06-28 13:27:00.000000000,BEST_BID,"JPM,100183,145"
2019-06-28 13:27:00.000000000,BEST_ASK,"JPM,100383,156"
2019-06-28 13:27:00.000000000,LAST_TRADE,"6,$100183.0000"
2019-06-28 13:27:00.000000000,QUERY_SPREAD,80
2019-06-28 13:27:00.000000000,BEST_BID,"JPM,100183,140"
2019-06-28 13:27:00.000000000,BEST_ASK,"JPM,100383,156"
2019-06-28 13:27:00.000000000,LAST_TRADE,"5,$100183.0000"
2019-06-28 13:27:00.000000000,QUERY_SPREAD,81
2019-06-28 13:27:00.000000000,BEST_BID,"JPM,100183,132"
2019-06-28 13:27:00.000000000,BEST_ASK,"JPM,100383,156"
2019-06-28 13:27:00.000000000,LAST_TRADE,"8,$100183.0000"
2019-06-28 13:27:00.000000000,QUERY_SPREAD,82
2019-06-28 13:27:00.000000000,BEST_BID,"JPM,100183,124"
2019-06-28 13:27:00.000000000,BEST_ASK,"JPM,100383,156"
2019-06-28 13:27:00.000000000,LAST_TRADE,"8,$100183.0000"
2019-06-28 13:27:00.000000000,QUERY_SPREAD,83
2019-06-28 13:27:00.000000000,BEST_BID,"JPM,100183,122"
2019-06-28 13:27:00.000000000,BEST_ASK,"JPM,100383,156"
2019-06-28 13:27:00.000000000,LAST_TRADE,"2,$100183.0000"
2019-06-28 13:27:00.000000000,QUERY_SPREAD,84
2019-06-28 13:27:00.000000000,BEST_BID,"JPM,100183,121"
2019-06-28 13:27:00.000000000,BEST_ASK,"JPM,100383,156"
2019-06-28 13:27:00.000000000,LAST_TRADE,"1,$100183.0000"
2019-06-28 13:27:00.000000000,QUERY_SPREAD,85
2019-06-28 13:27:00.000000000,BEST_BID,"JPM,100183,120"
2019-06-28 13:27:00.000000000,BEST_ASK,"JPM,100383,156"
2019-06-28 13:27:00.000000000,LAST_TRADE,"1,$100183.0000"
2019-06-28 13:27:00.000000000,QUERY_SPREAD,86
2019-06-28 13:27:00.000000000,BEST_BID,"JPM,100183,114"
2019-06-28 13:27:00.000000000,BEST_ASK,"JPM,100383,156"
2019-06-28 13:27:00.000000000,LAST_TRADE,"6,$100183.0000"
2019-06-28 13:27:00.000000000,QUERY_SPREAD,87
2019-06-28 13:27:00.000000000,BEST_BID,"JPM,100183,111"
2019-06-28 13:27:00.000000000,BEST_ASK,"JPM,100383,156"
2019-06-28 13:27:00.000000000,LAST_TRADE,"3,$100183.0000"
2019-06-28 13:27:00.000000000,QUERY_SPREAD,88
2019-06-28 13:27:00.000000000,BEST_BID,"JPM,100183,107"
2019-06-28 13:27:00.000000000,BEST_ASK,"JPM,100383,156"
2019-06-28 13:27:00.000000000,LAST_TRADE,"4,$100183.0000"
2019-06-28 13:27:00.000000000,QUERY_SPREAD,89
2019-06-28 13:27:00.000000000,BEST_BID,"JPM,100183,103"
2019-06-28 13:27:00.000000000,BEST_ASK,"JPM,100383,156"
2019-06-28 13:27:00.000000000,LAST_TRADE,"4,$100183.0000"
2019-06-28 13:27:00.000000000,QUERY_SPREAD,90
2019-06-28 13:27:00.000000000,BEST_BID,"JPM,100183,96"
2019-06-28 13:27:00.000000000,BEST_ASK,"JPM,100383,156"
2019-06-28 13:27:00.000000000,LAST_TRADE,"7,$100183.0000"
2019-06-28 13:27:00.000000000,QUERY_SPREAD,91
2019-06-28 13:27:00.000000000,BEST_BID,"JPM,100183,88"
2019-06-28 13:27:00.000000000,BEST_ASK,"JPM,100383,156"
2019-06-28 13:27:00.000000000,LAST_TRADE,"8,$100183.0000"
2019-06-28 13:27:00.000000000,QUERY_SPREAD,92
2019-06-28 13:27:00.000000000,BEST_BID,"JPM,100183,83"
2019-06-28 13:27:00.000000000,BEST_ASK,"JPM,100383,156"
2019-06-28 13:27:00.000000000,LAST_TRADE,"5,$100183.0000"
2019-06-28 13:27:00.000000000,QUERY_SPREAD,93
2019-06-28 13:27:00.000000000,BEST_BID,"JPM,100183,80"
2019-06-28 13:27:00.000000000,BEST_ASK,"JPM,100383,156"
2019-06-28 13:27:00.000000000,LAST_TRADE,"3,$100183.0000"
2019-06-28 13:27:00.000000000,QUERY_SPREAD,94
2019-06-28 13:27:00.000000000,BEST_BID,"JPM,100183,76"
2019-06-28 13:27:00.000000000,BEST_ASK,"JPM,100383,156"
2019-06-28 13:27:00.000000000,LAST_TRADE,"4,$100183.0000"
2019-06-28 13:27:00.000000000,QUERY_SPREAD,95
2019-06-28 13:27:00.000000000,BEST_BID,"JPM,100183,71"
2019-06-28 13:27:00.000000000,BEST_ASK,"JPM,100383,156"
2019-06-28 13:27:00.000000000,LAST_TRADE,"5,$100183.0000"
2019-06-28 13:27:00.000000000,QUERY_SPREAD,96
2019-06-28 13:27:00.000000000,BEST_BID,"JPM,100183,70"
2019-06-28 13:27:00.000000000,BEST_ASK,"JPM,100383,156"
2019-06-28 13:27:00.000000000,LAST_TRADE,"1,$100183.0000"
2019-06-28 13:27:00.000000000,QUERY_SPREAD,97
2019-06-28 13:27:00.000000000,BEST_BID,"JPM,100183,63"
2019-06-28 13:27:00.000000000,BEST_ASK,"JPM,100383,156"
2019-06-28 13:27:00.000000000,LAST_TRADE,"7,$100183.0000"
2019-06-28 13:27:00.000000000,QUERY_SPREAD,98
2019-06-28 13:27:00.000000000,BEST_BID,"JPM,100183,57"
2019-06-28 13:27:00.000000000,BEST_ASK,"JPM,100383,156"
2019-06-28 13:27:00.000000000,LAST_TRADE,"6,$100183.0000"
2019-06-28 13:27:00.000000000,QUERY_SPREAD,99
2019-06-28 13:27:00.000000000,BEST_BID,"JPM,100183,52"
2019-06-28 13:27:00.000000000,BEST_ASK,"JPM,100383,156"
2019-06-28 13:27:00.000000000,LAST_TRADE,"5,$100183.0000"
2019-06-28 13:27:00.000000000,QUERY_SPREAD,100
2019-06-28 13:27:00.000000000,BEST_BID,"JPM,100183,45"
2019-06-28 13:27:00.000000000,BEST_ASK,"JPM,100383,156"
2019-06-28 13:27:00.000000000,LAST_TRADE,"7,$100183.0000"
2019-06-28 13:27:00.000000000,QUERY_SPREAD,101
2019-06-28 13:27:00.000000000,QUERY_ORDER_STREAM,101
2019-06-28 13:27:07.341620223,QUERY_SPREAD,51
2019-06-28 13:27:07.341620223,BEST_BID,"JPM,100183,45"
2019-06-28 13:27:07.341620223,BEST_ASK,"JPM,100383,156"
2019-06-28 13:27:10.000000000,QUERY_SPREAD,1
2019-06-28 13:27:10.000000000,BEST_BID,"JPM,100129,380"
2019-06-28 13:27:10.000000000,BEST_ASK,"JPM,100383,100"
2019-06-28 13:27:10.000000000,BEST_BID,"JPM,100129,380"
2019-06-28 13:27:10.000000000,BEST_ASK,"JPM,100383,380"
2019-06-28 13:27:20.000000000,QUERY_SPREAD,1
2019-06-28 13:27:20.000000000,BEST_BID,"JPM,100129,195"
2019-06-28 13:27:20.000000000,BEST_ASK,"JPM,100383,100"
2019-06-28 13:27:20.000000000,BEST_BID,"JPM,100129,195"
2019-06-28 13:27:20.000000000,BEST_ASK,"JPM,100383,100"
2019-06-28 13:27:20.000000000,BEST_BID,"JPM,100129,195"
2019-06-28 13:27:20.000000000,BEST_ASK,"JPM,100383,100"
2019-06-28 13:27:20.000000000,BEST_BID,"JPM,100129,195"
2019-06-28 13:27:20.000000000,BEST_ASK,"JPM,100383,195"
2019-06-28 13:27:20.000000000,BEST_BID,"JPM,100129,195"
2019-06-28 13:27:20.000000000,BEST_ASK,"JPM,100383,195"
2019-06-28 13:27:20.000000000,BEST_BID,"JPM,100129,195"
2019-06-28 13:27:20.000000000,BEST_ASK,"JPM,100383,195"
2019-06-28 13:27:30.000000000,QUERY_SPREAD,1
2019-06-28 13:27:30.000000000,BEST_BID,"JPM,100129,156"
2019-06-28 13:27:30.000000000,BEST_ASK,"JPM,100383,100"
2019-06-28 13:27:30.000000000,BEST_BID,"JPM,100129,156"
2019-06-28 13:27:30.000000000,BEST_ASK,"JPM,100383,100"
2019-06-28 13:27:30.000000000,BEST_BID,"JPM,100129,156"
2019-06-28 13:27:30.000000000,BEST_ASK,"JPM,100383,100"
2019-06-28 13:27:30.000000000,BEST_BID,"JPM,100129,156"
2019-06-28 13:27:30.000000000,BEST_ASK,"JPM,100383,100"
2019-06-28 13:27:30.000000000,BEST_BID,"JPM,100129,156"
2019-06-28 13:27:30.000000000,BEST_ASK,"JPM,100383,100"
2019-06-28 13:27:30.000000000,BEST_BID,"JPM,100129,156"
2019-06-28 13:27:30.000000000,BEST_ASK,"JPM,100383,156"
2019-06-28 13:27:30.000000000,BEST_BID,"JPM,100129,156"
2019-06-28 13:27:30.000000000,BEST_ASK,"JPM,100383,156"
2019-06-28 13:27:30.000000000,BEST_BID,"JPM,100129,156"
2019-06-28 13:27:30.000000000,BEST_ASK,"JPM,100383,156"
2019-06-28 13:27:30.000000000,BEST_BID,"JPM,100129,156"
2019-06-28 13:27:30.000000000,BEST_ASK,"JPM,100383,156"
2019-06-28 13:27:30.000000000,BEST_BID,"JPM,100129,156"
2019-06-28 13:27:30.000000000,BEST_ASK,"JPM,100383,156"
2019-06-28 13:27:40.000000000,QUERY_SPREAD,1
2019-06-28 13:27:40.000000000,BEST_BID,"JPM,100129,156"
2019-06-28 13:27:40.000000000,BEST_ASK,"JPM,100383,100"
2019-06-28 13:27:40.000000000,BEST_BID,"JPM,100129,156"
2019-06-28 13:27:40.000000000,BEST_ASK,"JPM,100383,100"
2019-06-28 13:27:40.000000000,BEST_BID,"JPM,100129,156"
2019-06-28 13:27:40.000000000,BEST_ASK,"JPM,100383,100"
2019-06-28 13:27:40.000000000,BEST_BID,"JPM,100129,156"
2019-06-28 13:27:40.000000000,BEST_ASK,"JPM,100383,100"
2019-06-28 13:27:40.000000000,BEST_BID,"JPM,100129,156"
2019-06-28 13:27:40.000000000,BEST_ASK,"JPM,100383,100"
2019-06-28 13:27:40.000000000,BEST_BID,"JPM,100129,156"
2019-06-28 13:27:40.000000000,BEST_ASK,"JPM,100383,156"
2019-06-28 13:27:40.000000000,BEST_BID,"JPM,100129,156"
2019-06-28 13:27:40.000000000,BEST_ASK,"JPM,100383,156"
2019-06-28 13:27:40.000000000,BEST_BID,"JPM,100129,156"
2019-06-28 13:27:40.000000000,BEST_ASK,"JPM,100383,156"
2019-06-28 13:27:40.000000000,BEST_BID,"JPM,100129,156"
2019-06-28 13:27:40.000000000,BEST_ASK,"JPM,100383,156"
2019-06-28 13:27:40.000000000,BEST_BID,"JPM,100129,156"
2019-06-28 13:27:40.000000000,BEST_ASK,"JPM,100383,156"
2019-06-28 13:27:41.564324199,QUERY_SPREAD,6
2019-06-28 13:27:41.564324199,BEST_BID,"JPM,100129,156"
2019-06-28 13:27:41.564324199,BEST_ASK,"JPM,100383,156"
2019-06-28 13:27:50.000000000,QUERY_SPREAD,1
2019-06-28 13:27:50.000000000,BEST_BID,"JPM,100129,380"
2019-06-28 13:27:50.000000000,BEST_ASK,"JPM,100383,100"
2019-06-28 13:27:50.000000000,BEST_BID,"JPM,100129,380"
2019-06-28 13:27:50.000000000,BEST_ASK,"JPM,100383,380"
2019-06-28 13:28:00.000000000,QUERY_SPREAD,1
2019-06-28 13:28:00.000000000,BEST_BID,"JPM,100129,380"
2019-06-28 13:28:00.000000000,BEST_ASK,"JPM,100383,100"
2019-06-28 13:28:00.000000000,BEST_BID,"JPM,100129,380"
2019-06-28 13:28:00.000000000,BEST_ASK,"JPM,100383,380"
2019-06-28 13:28:00.000000000,QUERY_SPREAD,77
2019-06-28 13:28:00.000000000,BEST_BID,"JPM,100129,379"
2019-06-28 13:28:00.000000000,BEST_ASK,"JPM,100383,380"
2019-06-28 13:28:00.000000000,LAST_TRADE,"1,$100129.0000"
2019-06-28 13:28:00.000000000,QUERY_SPREAD,78
2019-06-28 13:28:00.000000000,BEST_BID,"JPM,100129,375"
2019-06-28 13:28:00.000000000,BEST_ASK,"JPM,100383,380"
2019-06-28 13:28:00.000000000,LAST_TRADE,"4,$100129.0000"
2019-06-28 13:28:00.000000000,QUERY_SPREAD,79
2019-06-28 13:28:00.000000000,BEST_BID,"JPM,100129,369"
2019-06-28 13:28:00.000000000,BEST_ASK,"JPM,100383,380"
2019-06-28 13:28:00.000000000,LAST_TRADE,"6,$100129.0000"
2019-06-28 13:28:00.000000000,QUERY_SPREAD,80
2019-06-28 13:28:00.000000000,BEST_BID,"JPM,100129,364"
2019-06-28 13:28:00.000000000,BEST_ASK,"JPM,100383,380"
2019-06-28 13:28:00.000000000,LAST_TRADE,"5,$100129.0000"
2019-06-28 13:28:00.000000000,QUERY_SPREAD,81
2019-06-28 13:28:00.000000000,BEST_BID,"JPM,100129,356"
2019-06-28 13:28:00.000000000,BEST_ASK,"JPM,100383,380"
2019-06-28 13:28:00.000000000,LAST_TRADE,"8,$100129.0000"
2019-06-28 13:28:00.000000000,QUERY_SPREAD,82
2019-06-28 13:28:00.000000000,BEST_BID,"JPM,100129,348"
2019-06-28 13:28:00.000000000,BEST_ASK,"JPM,100383,380"
2019-06-28 13:28:00.000000000,LAST_TRADE,"8,$100129.0000"
2019-06-28 13:28:00.000000000,QUERY_SPREAD,83
2019-06-28 13:28:00.000000000,BEST_BID,"JPM,100129,346"
2019-06-28 13:28:00.000000000,BEST_ASK,"JPM,100383,380"
2019-06-28 13:28:00.000000000,LAST_TRADE,"2,$100129.0000"
2019-06-28 13:28:00.000000000,QUERY_SPREAD,84
2019-06-28 13:28:00.000000000,BEST_BID,"JPM,100129,345"
2019-06-28 13:28:00.000000000,BEST_ASK,"JPM,100383,380"
2019-06-28 13:28:00.000000000,LAST_TRADE,"1,$100129.0000"
2019-06-28 13:28:00.000000000,QUERY_SPREAD,85
2019-06-28 13:28:00.000000000,BEST_BID,"JPM,100129,344"
2019-06-28 13:28:00.000000000,BEST_ASK,"JPM,100383,380"
2019-06-28 13:28:00.000000000,LAST_TRADE,"1,$100129.0000"
2019-06-28 13:28:00.000000000,QUERY_SPREAD,86
2019-06-28 13:28:00.000000000,BEST_BID,"JPM,100129,338"
2019-06-28 13:28:00.000000000,BEST_ASK,"JPM,100383,380"
2019-06-28 13:28:00.000000000,LAST_TRADE,"6,$100129.0000"
2019-06-28 13:28:00.000000000,QUERY_SPREAD,87
2019-06-28 13:28:00.000000000,BEST_BID,"JPM,100129,335"
2019-06-28 13:28:00.000000000,BEST_ASK,"JPM,100383,380"
2019-06-28 13:28:00.000000000,LAST_TRADE,"3,$100129.0000"
2019-06-28 13:28:00.000000000,QUERY_SPREAD,88
2019-06-28 13:28:00.000000000,BEST_BID,"JPM,100129,331"
2019-06-28 13:28:00.000000000,BEST_ASK,"JPM,100383,380"
2019-06-28 13:28:00.000000000,LAST_TRADE,"4,$100129.0000"
2019-06-28 13:28:00.000000000,QUERY_SPREAD,89
2019-06-28 13:28:00.000000000,BEST_BID,"JPM,100129,327"
2019-06-28 13:28:00.000000000,BEST_ASK,"JPM,100383,380"
2019-06-28 13:28:00.000000000,LAST_TRADE,"4,$100129.0000"
2019-06-28 13:28:00.000000000,QUERY_SPREAD,90
2019-06-28 13:28:00.000000000,BEST_BID,"JPM,100129,320"
2019-06-28 13:28:00.000000000,BEST_ASK,"JPM,100383,380"
2019-06-28 13:28:00.000000000,LAST_TRADE,"7,$100129.0000"
2019-06-28 13:28:00.000000000,QUERY_SPREAD,91
2019-06-28 13:28:00.000000000,BEST_BID,"JPM,100129,312"
2019-06-28 13:28:00.000000000,BEST_ASK,"JPM,100383,380"
2019-06-28 13:28:00.000000000,LAST_TRADE,"8,$100129.0000"
2019-06-28 13:28:00.000000000,QUERY_SPREAD,92
2019-06-28 13:28:00.000000000,BEST_BID,"JPM,100129,307"
2019-06-28 13:28:00.000000000,BEST_ASK,"JPM,100383,380"
2019-06-28 13:28:00.000000000,LAST_TRADE,"5,$100129.0000"
2019-06-28 13:28:00.000000000,QUERY_SPREAD,93
2019-06-28 13:28:00.000000000,BEST_BID,"JPM,100129,304"
2019-06-28 13:28:00.000000000,BEST_ASK,"JPM,100383,380"
2019-06-28 13:28:00.000000000,LAST_TRADE,"3,$100129.0000"
2019-06-28 13:28:00.000000000,QUERY_SPREAD,94
2019-06-28 13:28:00.000000000,BEST_BID,"JPM,100129,300"
2019-06-28 13:28:00.000000000,BEST_ASK,"JPM,100383,380"
2019-06-28 13:28:00.000000000,LAST_TRADE,"4,$100129.0000"
2019-06-28 13:28:00.000000000,QUERY_SPREAD,95
2019-06-28 13:28:00.000000000,BEST_BID,"JPM,100129,295"
2019-06-28 13:28:00.000000000,BEST_ASK,"JPM,100383,380"
2019-06-28 13:28:00.000000000,LAST_TRADE,"5,$100129.0000"
2019-06-28 13:28:00.000000000,QUERY_SPREAD,96
2019-06-28 13:28:00.000000000,BEST_BID,"JPM,100129,294"
2019-06-28 13:28:00.000000000,BEST_ASK,"JPM,100383,380"
2019-06-28 13:28:00.000000000,LAST_TRADE,"1,$100129.0000"
2019-06-28 13:28:00.000000000,QUERY_SPREAD,97
2019-06-28 13:28:00.000000000,BEST_BID,"JPM,100129,287"
2019-06-28 13:28:00.000000000,BEST_ASK,"JPM,100383,380"
2019-06-28 13:28:00.000000000,LAST_TRADE,"7,$100129.0000"
2019-06-28 13:28:00.000000000,QUERY_SPREAD,98
2019-06-28 13:28:00.000000000,BEST_BID,"JPM,100129,281"
2019-06-28 13:28:00.000000000,BEST_ASK,"JPM,100383,380"
2019-06-28 13:28:00.000000000,LAST_TRADE,"6,$100129.0000"
2019-06-28 13:28:00.000000000,QUERY_SPREAD,99
2019-06-28 13:28:00.000000000,BEST_BID,"JPM,100129,276"
2019-06-28 13:28:00.000000000,BEST_ASK,"JPM,100383,380"
2019-06-28 13:28:00.000000000,LAST_TRADE,"5,$100129.0000"
2019-06-28 13:28:00.000000000,QUERY_SPREAD,100
2019-06-28 13:28:00.000000000,BEST_BID,"JPM,100129,269"
2019-06-28 13:28:00.000000000,BEST_ASK,"JPM,100383,380"
2019-06-28 13:28:00.000000000,LAST_TRADE,"7,$100129.0000"
2019-06-28 13:28:00.000000000,QUERY_SPREAD,101
2019-06-28 13:28:00.000000000,QUERY_ORDER_STREAM,101
2019-06-28 13:28:05.691420935,QUERY_ORDER_STREAM,52
2019-06-28 13:28:05.691420935,QUERY_SPREAD,52
2019-06-28 13:28:10.000000000,QUERY_SPREAD,1
2019-06-28 13:28:10.000000000,BEST_BID,"JPM,99077,162"
2019-06-28 13:28:10.000000000,BEST_ASK,"JPM,100383,100"
2019-06-28 13:28:10.000000000,BEST_BID,"JPM,99077,162"
2019-06-28 13:28:10.000000000,BEST_ASK,"JPM,100383,100"
2019-06-28 13:28:10.000000000,BEST_BID,"JPM,99077,162"
2019-06-28 13:28:10.000000000,BEST_ASK,"JPM,100383,100"
2019-06-28 13:28:10.000000000,BEST_BID,"JPM,99077,162"
2019-06-28 13:28:10.000000000,BEST_ASK,"JPM,100383,195"
2019-06-28 13:28:10.000000000,BEST_BID,"JPM,99077,162"
2019-06-28 13:28:10.000000000,BEST_ASK,"JPM,100383,195"
2019-06-28 13:28:10.000000000,BEST_BID,"JPM,99077,162"
2019-06-28 13:28:10.000000000,BEST_ASK,"JPM,100383,195"
2019-06-28 13:28:17.739665789,QUERY_SPREAD,18
2019-06-28 13:28:17.739665789,BEST_BID,"JPM,99077,162"
2019-06-28 13:28:17.739665789,BEST_ASK,"JPM,100383,195"
2019-06-28 13:28:20.000000000,QUERY_SPREAD,1
2019-06-28 13:28:20.000000000,BEST_BID,"JPM,99077,162"
2019-06-28 13:28:20.000000000,BEST_ASK,"JPM,100383,100"
2019-06-28 13:28:20.000000000,BEST_BID,"JPM,99077,162"
2019-06-28 13:28:20.000000000,BEST_ASK,"JPM,100383,100"
2019-06-28 13:28:20.000000000,BEST_BID,"JPM,99077,162"
2019-06-28 13:28:20.000000000,BEST_ASK,"JPM,100383,100"
2019-06-28 13:28:20.000000000,BEST_BID,"JPM,99077,162"
2019-06-28 13:28:20.000000000,BEST_ASK,"JPM,100383,195"
2019-06-28 13:28:20.000000000,BEST_BID,"JPM,99077,162"
2019-06-28 13:28:20.000000000,BEST_ASK,"JPM,100383,195"
2019-06-28 13:28:20.000000000,BEST_BID,"JPM,99077,162"
2019-06-28 13:28:20.000000000,BEST_ASK,"JPM,100383,195"
2019-06-28 13:28:21.915398728,QUERY_ORDER_STREAM,62
2019-06-28 13:28:21.915398728,QUERY_SPREAD,62
2019-06-28 13:28:21.915398728,BEST_BID,"JPM,100129,100"
2019-06-28 13:28:21.915398728,BEST_ASK,"JPM,100383,195"
2019-06-28 13:28:29.149098752,QUERY_SPREAD,49
2019-06-28 13:28:29.149098752,BEST_BID,"JPM,100129,100"
2019-06-28 13:28:29.149098752,BEST_ASK,"JPM,100383,195"
2019-06-28 13:28:30.000000000,QUERY_SPREAD,1
2019-06-28 13:28:30.000000000,BEST_BID,"JPM,100129,195"
2019-06-28 13:28:30.000000000,BEST_ASK,"JPM,100383,100"
2019-06-28 13:28:30.000000000,BEST_BID,"JPM,100129,195"
2019-06-28 13:28:30.000000000,BEST_ASK,"JPM,100383,100"
2019-06-28 13:28:30.000000000,BEST_BID,"JPM,100129,195"
2019-06-28 13:28:30.000000000,BEST_ASK,"JPM,100383,100"
2019-06-28 13:28:30.000000000,BEST_BID,"JPM,100129,195"
2019-06-28 13:28:30.000000000,BEST_ASK,"JPM,100383,195"
2019-06-28 13:28:30.000000000,BEST_BID,"JPM,100129,195"
2019-06-28 13:28:30.000000000,BEST_ASK,"JPM,100383,195"
2019-06-28 13:28:30.000000000,BEST_BID,"JPM,100129,195"
2019-06-28 13:28:30.000000000,BEST_ASK,"JPM,100383,195"
2019-06-28 13:28:40.000000000,QUERY_SPREAD,1
2019-06-28 13:28:40.000000000,BEST_BID,"JPM,100129,240"
2019-06-28 13:28:40.000000000,BEST_ASK,"JPM,100383,100"
2019-06-28 13:28:40.000000000,BEST_BID,"JPM,100129,240"
2019-06-28 13:28:40.000000000,BEST_ASK,"JPM,100383,100"
2019-06-28 13:28:40.000000000,BEST_BID,"JPM,100129,240"
2019-06-28 13:28:40.000000000,BEST_ASK,"JPM,100383,240"
2019-06-28 13:28:40.000000000,BEST_BID,"JPM,100129,240"
2019-06-28 13:28:40.000000000,BEST_ASK,"JPM,100383,240"
2019-06-28 13:28:48.983475578,QUERY_ORDER_STREAM,63
2019-06-28 13:28:48.983475578,QUERY_SPREAD,63
2019-06-28 13:28:48.983475578,BEST_BID,"JPM,100129,340"
2019-06-28 13:28:48.983475578,BEST_ASK,"JPM,100383,240"
2019-06-28 13:28:50.000000000,QUERY_SPREAD,1
2019-06-28 13:28:50.000000000,BEST_BID,"JPM,100129,270"
2019-06-28 13:28:50.000000000,BEST_ASK,"JPM,100383,100"
2019-06-28 13:28:50.000000000,BEST_BID,"JPM,100129,270"
2019-06-28 13:28:50.000000000,BEST_ASK,"JPM,100383,100"
2019-06-28 13:28:50.000000000,BEST_BID,"JPM,100129,270"
2019-06-28 13:28:50.000000000,BEST_ASK,"JPM,100383,100"
2019-06-28 13:28:50.000000000,BEST_BID,"JPM,100129,270"
2019-06-28 13:28:50.000000000,BEST_ASK,"JPM,100383,100"
2019-06-28 13:28:50.000000000,BEST_BID,"JPM,100129,270"
2019-06-28 13:28:50.000000000,BEST_ASK,"JPM,100383,170"
2019-06-28 13:28:50.000000000,BEST_BID,"JPM,100129,270"
2019-06-28 13:28:50.000000000,BEST_ASK,"JPM,100383,170"
2019-06-28 13:28:50.000000000,BEST_BID,"JPM,100129,270"
2019-06-28 13:28:50.000000000,BEST_ASK,"JPM,100383,170"
2019-06-28 13:28:50.000000000,BEST_BID,"JPM,100129,270"
2019-06-28 13:28:50.000000000,BEST_ASK,"JPM,100383,170"
2019-06-28 13:29:00.000000000,QUERY_SPREAD,1
2019-06-28 13:29:00.000000000,BEST_BID,"JPM,100129,480"
2019-06-28 13:29:00.000000000,BEST_ASK,"JPM,100383,100"
2019-06-28 13:29:00.000000000,BEST_BID,"JPM,100129,480"
2019-06-28 13:29:00.000000000,BEST_ASK,"JPM,100383,380"
2019-06-28 13:29:00.000000000,QUERY_SPREAD,77
2019-06-28 13:29:00.000000000,BEST_BID,"JPM,100129,479"
2019-06-28 13:29:00.000000000,BEST_ASK,"JPM,100383,380"
2019-06-28 13:29:00.000000000,LAST_TRADE,"1,$100129.0000"
2019-06-28 13:29:00.000000000,QUERY_SPREAD,78
2019-06-28 13:29:00.000000000,BEST_BID,"JPM,100129,475"
2019-06-28 13:29:00.000000000,BEST_ASK,"JPM,100383,380"
2019-06-28 13:29:00.000000000,LAST_TRADE,"4,$100129.0000"
2019-06-28 13:29:00.000000000,QUERY_SPREAD,79
2019-06-28 13:29:00.000000000,BEST_BID,"JPM,100129,469"
2019-06-28 13:29:00.000000000,BEST_ASK,"JPM,100383,380"
2019-06-28 13:29:00.000000000,LAST_TRADE,"6,$100129.0000"
2019-06-28 13:29:00.000000000,QUERY_SPREAD,80
2019-06-28 13:29:00.000000000,BEST_BID,"JPM,100129,464"
2019-06-28 13:29:00.000000000,BEST_ASK,"JPM,100383,380"
2019-06-28 13:29:00.000000000,LAST_TRADE,"5,$100129.0000"
2019-06-28 13:29:00.000000000,QUERY_SPREAD,81
2019-06-28 13:29:00.000000000,BEST_BID,"JPM,100129,456"
2019-06-28 13:29:00.000000000,BEST_ASK,"JPM,100383,380"
2019-06-28 13:29:00.000000000,LAST_TRADE,"8,$100129.0000"
2019-06-28 13:29:00.000000000,QUERY_SPREAD,82
2019-06-28 13:29:00.000000000,BEST_BID,"JPM,100129,448"
2019-06-28 13:29:00.000000000,BEST_ASK,"JPM,100383,380"
2019-06-28 13:29:00.000000000,LAST_TRADE,"8,$100129.0000"
2019-06-28 13:29:00.000000000,QUERY_SPREAD,83
2019-06-28 13:29:00.000000000,BEST_BID,"JPM,100129,446"
2019-06-28 13:29:00.000000000,BEST_ASK,"JPM,100383,380"
2019-06-28 13:29:00.000000000,LAST_TRADE,"2,$100129.0000"
2019-06-28 13:29:00.000000000,QUERY_SPREAD,84
2019-06-28 13:29:00.000000000,BEST_BID,"JPM,100129,445"
2019-06-28 13:29:00.000000000,BEST_ASK,"JPM,100383,380"
2019-06-28 13:29:00.000000000,LAST_TRADE,"1,$100129.0000"
2019-06-28 13:29:00.000000000,QUERY_SPREAD,85
2019-06-28 13:29:00.000000000,BEST_BID,"JPM,100129,444"
2019-06-28 13:29:00.000000000,BEST_ASK,"JPM,100383,380"
2019-06-28 13:29:00.000000000,LAST_TRADE,"1,$100129.0000"
2019-06-28 13:29:00.000000000,QUERY_SPREAD,86
2019-06-28 13:29:00.000000000,BEST_BID,"JPM,100129,438"
2019-06-28 13:29:00.000000000,BEST_ASK,"JPM,100383,380"
2019-06-28 13:29:00.000000000,LAST_TRADE,"6,$100129.0000"
2019-06-28 13:29:00.000000000,QUERY_SPREAD,87
2019-06-28 13:29:00.000000000,BEST_BID,"JPM,100129,435"
2019-06-28 13:29:00.000000000,BEST_ASK,"JPM,100383,380"
2019-06-28 13:29:00.000000000,LAST_TRADE,"3,$100129.0000"
2019-06-28 13:29:00.000000000,QUERY_SPREAD,88
2019-06-28 13:29:00.000000000,BEST_BID,"JPM,100129,431"
2019-06-28 13:29:00.000000000,BEST_ASK,"JPM,100383,380"
2019-06-28 13:29:00.000000000,LAST_TRADE,"4,$100129.0000"
2019-06-28 13:29:00.000000000,QUERY_SPREAD,89
2019-06-28 13:29:00.000000000,BEST_BID,"JPM,100129,427"
2019-06-28 13:29:00.000000000,BEST_ASK,"JPM,100383,380"
2019-06-28 13:29:00.000000000,LAST_TRADE,"4,$100129.0000"
2019-06-28 13:29:00.000000000,QUERY_SPREAD,90
2019-06-28 13:29:00.000000000,BEST_BID,"JPM,100129,420"
2019-06-28 13:29:00.000000000,BEST_ASK,"JPM,100383,380"
2019-06-28 13:29:00.000000000,LAST_TRADE,"7,$100129.0000"
2019-06-28 13:29:00.000000000,QUERY_SPREAD,91
2019-06-28 13:29:00.000000000,BEST_BID,"JPM,100129,412"
2019-06-28 13:29:00.000000000,BEST_ASK,"JPM,100383,380"
2019-06-28 13:29:00.000000000,LAST_TRADE,"8,$100129.0000"
2019-06-28 13:29:00.000000000,QUERY_SPREAD,92
2019-06-28 13:29:00.000000000,BEST_BID,"JPM,100129,407"
2019-06-28 13:29:00.000000000,BEST_ASK,"JPM,100383,380"
2019-06-28 13:29:00.000000000,LAST_TRADE,"5,$100129.0000"
2019-06-28 13:29:00.000000000,QUERY_SPREAD,93
2019-06-28 13:29:00.000000000,BEST_BID,"JPM,100129,404"
2019-06-28 13:29:00.000000000,BEST_ASK,"JPM,100383,380"
2019-06-28 13:29:00.000000000,LAST_TRADE,"3,$100129.0000"
2019-06-28 13:29:00.000000000,QUERY_SPREAD,94
2019-06-28 13:29:00.000000000,BEST_BID,"JPM,100129,400"
2019-06-28 13:29:00.000000000,BEST_ASK,"JPM,100383,380"
2019-06-28 13:29:00.000000000,LAST_TRADE,"4,$100129.0000"
2019-06-28 13:29:00.000000000,QUERY_SPREAD,95
2019-06-28 13:29:00.000000000,BEST_BID,"JPM,100129,395"
2019-06-28 13:29:00.000000000,BEST_ASK,"JPM,100383,380"
2019-06-28 13:29:00.000000000,LAST_TRADE,"5,$100129.0000"
2019-06-28 13:29:00.000000000,QUERY_SPREAD,96
2019-06-28 13:29:00.000000000,BEST_BID,"JPM,100129,394"
2019-06-28 13:29:00.000000000,BEST_ASK,"JPM,100383,380"
2019-06-28 13:29:00.000000000,LAST_TRADE,"1,$100129.0000"
2019-06-28 13:29:00.000000000,QUERY_SPREAD,97
2019-06-28 13:29:00.000000000,BEST_BID,"JPM,100129,387"
2019-06-28 13:29:00.000000000,BEST_ASK,"JPM,100383,380"
2019-06-28 13:29:00.000000000,LAST_TRADE,"7,$100129.0000"
2019-06-28 13:29:00.000000000,QUERY_SPREAD,98
2019-06-28 13:29:00.000000000,BEST_BID,"JPM,100129,381"
2019-06-28 13:29:00.000000000,BEST_ASK,"JPM,100383,380"
2019-06-28 13:29:00.000000000,LAST_TRADE,"6,$100129.0000"
2019-06-28 13:29:00.000000000,QUERY_SPREAD,99
2019-06-28 13:29:00.000000000,BEST_BID,"JPM,100129,376"
2019-06-28 13:29:00.000000000,BEST_ASK,"JPM,100383,380"
2019-06-28 13:29:00.000000000,LAST_TRADE,"5,$100129.0000"
2019-06-28 13:29:00.000000000,QUERY_SPREAD,100
2019-06-28 13:29:00.000000000,BEST_BID,"JPM,100129,369"
2019-06-28 13:29:00.000000000,BEST_ASK,"JPM,100383,380"
2019-06-28 13:29:00.000000000,LAST_TRADE,"7,$100129.0000"
2019-06-28 13:29:00.000000000,QUERY_SPREAD,101
2019-06-28 13:29:00.000000000,QUERY_ORDER_STREAM,101
2019-06-28 13:29:02.987830752,QUERY_ORDER_STREAM,53
2019-06-28 13:29:02.987830752,QUERY_SPREAD,53
2019-06-28 13:29:04.449064112,QUERY_SPREAD,30
2019-06-28 13:29:04.449064112,BEST_BID,"JPM,100129,369"
2019-06-28 13:29:04.449064112,BEST_ASK,"JPM,100383,280"
2019-06-28 13:29:04.449064112,LAST_TRADE,"100,$100383.0000"
2019-06-28 13:29:10.000000000,QUERY_SPREAD,1
2019-06-28 13:29:10.000000000,BEST_BID,"JPM,100129,229"
2019-06-28 13:29:10.000000000,BEST_ASK,"JPM,100447,100"
2019-06-28 13:29:10.000000000,BEST_BID,"JPM,100129,229"
2019-06-28 13:29:10.000000000,BEST_ASK,"JPM,100447,100"
2019-06-28 13:29:10.000000000,BEST_BID,"JPM,100129,229"
2019-06-28 13:29:10.000000000,BEST_ASK,"JPM,100447,240"
2019-06-28 13:29:10.000000000,BEST_BID,"JPM,100129,229"
2019-06-28 13:29:10.000000000,BEST_ASK,"JPM,100447,240"
2019-06-28 13:29:15.347227465,QUERY_ORDER_STREAM,70
2019-06-28 13:29:15.347227465,QUERY_SPREAD,70
2019-06-28 13:29:15.347227465,BEST_BID,"JPM,100129,329"
2019-06-28 13:29:15.347227465,BEST_ASK,"JPM,100447,240"
2019-06-28 13:29:15.670643858,QUERY_SPREAD,37
2019-06-28 13:29:15.670643858,BEST_BID,"JPM,100446,100"
2019-06-28 13:29:15.670643858,BEST_ASK,"JPM,100447,240"
2019-06-28 13:29:17.128077306,QUERY_SPREAD,29
2019-06-28 13:29:17.128077306,BEST_BID,"JPM,100446,100"
2019-06-28 13:29:17.128077306,BEST_ASK,"JPM,100447,240"
2019-06-28 13:29:20.000000000,QUERY_SPREAD,1
2019-06-28 13:29:20.000000000,BEST_BID,"JPM,100446,170"
2019-06-28 13:29:20.000000000,BEST_ASK,"JPM,100447,100"
2019-06-28 13:29:20.000000000,BEST_BID,"JPM,100446,170"
2019-06-28 13:29:20.000000000,BEST_ASK,"JPM,100447,100"
2019-06-28 13:29:20.000000000,BEST_BID,"JPM,100446,170"
2019-06-28 13:29:20.000000000,BEST_ASK,"JPM,100447,100"
2019-06-28 13:29:20.000000000,BEST_BID,"JPM,100446,170"
2019-06-28 13:29:20.000000000,BEST_ASK,"JPM,100447,100"
2019-06-28 13:29:20.000000000,BEST_BID,"JPM,100446,170"
2019-06-28 13:29:20.000000000,BEST_ASK,"JPM,100447,170"
2019-06-28 13:29:20.000000000,BEST_BID,"JPM,100446,170"
2019-06-28 13:29:20.000000000,BEST_ASK,"JPM,100447,170"
2019-06-28 13:29:20.000000000,BEST_BID,"JPM,100446,170"
2019-06-28 13:29:20.000000000,BEST_ASK,"JPM,100447,170"
2019-06-28 13:29:20.000000000,BEST_BID,"JPM,100446,170"
2019-06-28 13:29:20.000000000,BEST_ASK,"JPM,100447,170"
2019-06-28 13:29:21.357861191,QUERY_SPREAD,13
2019-06-28 13:29:21.357861191,BEST_BID,"JPM,100446,170"
2019-06-28 13:29:21.357861191,BEST_ASK,"JPM,100447,170"
2019-06-28 13:29:22.199473749,QUERY_SPREAD,38
2019-06-28 13:29:22.199473749,BEST_BID,"JPM,100446,170"
2019-06-28 13:29:22.199473749,BEST_ASK,"JPM,100447,170"
2019-06-28 13:29:30.000000000,QUERY_SPREAD,1
2019-06-28 13:29:30.000000000,BEST_BID,"JPM,100446,195"
2019-06-28 13:29:30.000000000,BEST_ASK,"JPM,100447,100"
2019-06-28 13:29:30.000000000,BEST_BID,"JPM,100446,195"
2019-06-28 13:29:30.000000000,BEST_ASK,"JPM,100447,100"
2019-06-28 13:29:30.000000000,BEST_BID,"JPM,100446,195"
2019-06-28 13:29:30.000000000,BEST_ASK,"JPM,100447,100"
2019-06-28 13:29:30.000000000,BEST_BID,"JPM,100446,195"
2019-06-28 13:29:30.000000000,BEST_ASK,"JPM,100447,195"
2019-06-28 13:29:30.000000000,BEST_BID,"JPM,100446,195"
2019-06-28 13:29:30.000000000,BEST_ASK,"JPM,100447,195"
2019-06-28 13:29:30.000000000,BEST_BID,"JPM,100446,195"
2019-06-28 13:29:30.000000000,BEST_ASK,"JPM,100447,195"
2019-06-28 13:29:38.522836899,QUERY_ORDER_STREAM,72
2019-06-28 13:29:38.522836899,QUERY_SPREAD,72
2019-06-28 13:29:38.522836899,BEST_BID,"JPM,100446,195"
2019-06-28 13:29:38.522836899,BEST_ASK,"JPM,100447,195"
2019-06-28 13:29:40.000000000,QUERY_SPREAD,1
2019-06-28 13:29:40.000000000,BEST_BID,"JPM,100446,195"
2019-06-28 13:29:40.000000000,BEST_ASK,"JPM,100447,100"
2019-06-28 13:29:40.000000000,BEST_BID,"JPM,100446,195"
2019-06-28 13:29:40.000000000,BEST_ASK,"JPM,100447,100"
2019-06-28 13:29:40.000000000,BEST_BID,"JPM,100446,195"
2019-06-28 13:29:40.000000000,BEST_ASK,"JPM,100447,100"
2019-06-28 13:29:40.000000000,BEST_BID,"JPM,100446,195"
2019-06-28 13:29:40.000000000,BEST_ASK,"JPM,100447,195"
2019-06-28 13:29:40.000000000,BEST_BID,"JPM,100446,195"
2019-06-28 13:29:40.000000000,BEST_ASK,"JPM,100447,195"
2019-06-28 13:29:40.000000000,BEST_BID,"JPM,100446,195"
2019-06-28 13:29:40.000000000,BEST_ASK,"JPM,100447,195"
2019-06-28 13:29:43.176957692,QUERY_ORDER_STREAM,63
2019-06-28 13:29:43.176957692,QUERY_SPREAD,63
2019-06-28 13:29:47.292199825,QUERY_ORDER_STREAM,52
2019-06-28 13:29:47.292199825,QUERY_SPREAD,52
2019-06-28 13:29:48.994056842,QUERY_SPREAD,33
2019-06-28 13:29:48.994056842,BEST_BID,"JPM,100446,195"
2019-06-28 13:29:48.994056842,BEST_ASK,"JPM,100447,95"
2019-06-28 13:29:48.994056842,LAST_TRADE,"100,$100447.0000"
2019-06-28 13:29:50.000000000,QUERY_SPREAD,1
2019-06-28 13:29:50.000000000,BEST_BID,"JPM,100446,380"
2019-06-28 13:29:50.000000000,BEST_ASK,"JPM,100600,100"
2019-06-28 13:29:50.000000000,BEST_BID,"JPM,100446,380"
2019-06-28 13:29:50.000000000,BEST_ASK,"JPM,100600,380"
2019-06-28 13:30:00.000000000,QUERY_SPREAD,1
2019-06-28 13:30:00.000000000,BEST_BID,"JPM,100446,195"
2019-06-28 13:30:00.000000000,BEST_ASK,"JPM,100600,100"
2019-06-28 13:30:00.000000000,BEST_BID,"JPM,100446,195"
2019-06-28 13:30:00.000000000,BEST_ASK,"JPM,100600,100"
2019-06-28 13:30:00.000000000,BEST_BID,"JPM,100446,195"
2019-06-28 13:30:00.000000000,BEST_ASK,"JPM,100600,100"
2019-06-28 13:30:00.000000000,BEST_BID,"JPM,100446,195"
2019-06-28 13:30:00.000000000,BEST_ASK,"JPM,100600,195"
2019-06-28 13:30:00.000000000,BEST_BID,"JPM,100446,195"
2019-06-28 13:30:00.000000000,BEST_ASK,"JPM,100600,195"
2019-06-28 13:30:00.000000000,BEST_BID,"JPM,100446,195"
2019-06-28 13:30:00.000000000,BEST_ASK,"JPM,100600,195"
2019-06-28 13:30:00.000000000,QUERY_SPREAD,77
2019-06-28 13:30:00.000000000,BEST_BID,"JPM,100446,194"
2019-06-28 13:30:00.000000000,BEST_ASK,"JPM,100600,195"
2019-06-28 13:30:00.000000000,LAST_TRADE,"1,$100446.0000"
2019-06-28 13:30:00.000000000,QUERY_SPREAD,78
2019-06-28 13:30:00.000000000,BEST_BID,"JPM,100446,190"
2019-06-28 13:30:00.000000000,BEST_ASK,"JPM,100600,195"
2019-06-28 13:30:00.000000000,LAST_TRADE,"4,$100446.0000"
2019-06-28 13:30:00.000000000,QUERY_SPREAD,79
2019-06-28 13:30:00.000000000,BEST_BID,"JPM,100446,184"
2019-06-28 13:30:00.000000000,BEST_ASK,"JPM,100600,195"
2019-06-28 13:30:00.000000000,LAST_TRADE,"6,$100446.0000"
2019-06-28 13:30:00.000000000,QUERY_SPREAD,80
2019-06-28 13:30:00.000000000,BEST_BID,"JPM,100446,179"
2019-06-28 13:30:00.000000000,BEST_ASK,"JPM,100600,195"
2019-06-28 13:30:00.000000000,LAST_TRADE,"5,$100446.0000"
2019-06-28 13:30:00.000000000,QUERY_SPREAD,81
2019-06-28 13:30:00.000000000,BEST_BID,"JPM,100446,171"
2019-06-28 13:30:00.000000000,BEST_ASK,"JPM,100600,195"
2019-06-28 13:30:00.000000000,LAST_TRADE,"8,$100446.0000"
2019-06-28 13:30:00.000000000,QUERY_SPREAD,82
2019-06-28 13:30:00.000000000,BEST_BID,"JPM,100446,163"
2019-06-28 13:30:00.000000000,BEST_ASK,"JPM,100600,195"
2019-06-28 13:30:00.000000000,LAST_TRADE,"8,$100446.0000"
2019-06-28 13:30:00.000000000,QUERY_SPREAD,83
2019-06-28 13:30:00.000000000,BEST_BID,"JPM,100446,161"
2019-06-28 13:30:00.000000000,BEST_ASK,"JPM,100600,195"
2019-06-28 13:30:00.000000000,LAST_TRADE,"2,$100446.0000"
2019-06-28 13:30:00.000000000,QUERY_SPREAD,84
2019-06-28 13:30:00.000000000,BEST_BID,"JPM,100446,160"
2019-06-28 13:30:00.000000000,BEST_ASK,"JPM,100600,195"
2019-06-28 13:30:00.000000000,LAST_TRADE,"1,$100446.0000"
2019-06-28 13:30:00.000000000,QUERY_SPREAD,85
2019-06-28 13:30:00.000000000,BEST_BID,"JPM,100446,159"
2019-06-28 13:30:00.000000000,BEST_ASK,"JPM,100600,195"
2019-06-28 13:30:00.000000000,LAST_TRADE,"1,$100446.0000"
2019-06-28 13:30:00.000000000,QUERY_SPREAD,86
2019-06-28 13:30:00.000000000,BEST_BID,"JPM,100446,153"
2019-06-28 13:30:00.000000000,BEST_ASK,"JPM,100600,195"
2019-06-28 13:30:00.000000000,LAST_TRADE,"6,$100446.0000"
2019-06-28 13:30:00.000000000,QUERY_SPREAD,87
2019-06-28 13:30:00.000000000,BEST_BID,"JPM,100446,150"
2019-06-28 13:30:00.000000000,BEST_ASK,"JPM,100600,195"
2019-06-28 13:30:00.000000000,LAST_TRADE,"3,$100446.0000"
2019-06-28 13:30:00.000000000,QUERY_SPREAD,88
2019-06-28 13:30:00.000000000,BEST_BID,"JPM,100446,146"
2019-06-28 13:30:00.000000000,BEST_ASK,"JPM,100600,195"
2019-06-28 13:30:00.000000000,LAST_TRADE,"4,$100446.0000"
2019-06-28 13:30:00.000000000,QUERY_SPREAD,89
2019-06-28 13:30:00.000000000,BEST_BID,"JPM,100446,142"
2019-06-28 13:30:00.000000000,BEST_ASK,"JPM,100600,195"
2019-06-28 13:30:00.000000000,LAST_TRADE,"4,$100446.0000"
2019-06-28 13:30:00.000000000,QUERY_SPREAD,90
2019-06-28 13:30:00.000000000,BEST_BID,"JPM,100446,135"
2019-06-28 13:30:00.000000000,BEST_ASK,"JPM,100600,195"
2019-06-28 13:30:00.000000000,LAST_TRADE,"7,$100446.0000"
2019-06-28 13:30:00.000000000,QUERY_SPREAD,91
2019-06-28 13:30:00.000000000,BEST_BID,"JPM,100446,127"
2019-06-28 13:30:00.000000000,BEST_ASK,"JPM,100600,195"
2019-06-28 13:30:00.000000000,LAST_TRADE,"8,$100446.0000"
2019-06-28 13:30:00.000000000,QUERY_SPREAD,92
2019-06-28 13:30:00.000000000,BEST_BID,"JPM,100446,122"
2019-06-28 13:30:00.000000000,BEST_ASK,"JPM,100600,195"
2019-06-28 13:30:00.000000000,LAST_TRADE,"5,$100446.0000"
2019-06-28 13:30:00.000000000,QUERY_SPREAD,93
2019-06-28 13:30:00.000000000,BEST_BID,"JPM,100446,119"
2019-06-28 13:30:00.000000000,BEST_ASK,"JPM,100600,195"
2019-06-28 13:30:00.000000000,LAST_TRADE,"3,$100446.0000"
2019-06-28 13:30:00.000000000,QUERY_SPREAD,94
2019-06-28 13:30:00.000000000,BEST_BID,"JPM,100446,115"
2019-06-28 13:30:00.000000000,BEST_ASK,"JPM,100600,195"
2019-06-28 13:30:00.000000000,LAST_TRADE,"4,$100446.0000"
2019-06-28 13:30:00.000000000,QUERY_SPREAD,95
2019-06-28 13:30:00.000000000,BEST_BID,"JPM,100446,110"
2019-06-28 13:30:00.000000000,BEST_ASK,"JPM,100600,195"
2019-06-28 13:30:00.000000000,LAST_TRADE,"5,$100446.0000"
2019-06-28 13:30:00.000000000,QUERY_SPREAD,96
2019-06-28 13:30:00.000000000,BEST_BID,"JPM,100446,109"
2019-06-28 13:30:00.000000000,BEST_ASK,"JPM,100600,195"
2019-06-28 13:30:00.000000000,LAST_TRADE,"1,$100446.0000"
2019-06-28 13:30:00.000000000,QUERY_SPREAD,97
2019-06-28 13:30:00.000000000,BEST_BID,"JPM,100446,102"
2019-06-28 13:30:00.000000000,BEST_ASK,"JPM,100600,195"
2019-06-28 13:30:00.000000000,LAST_TRADE,"7,$100446.0000"
2019-06-28 13:30:00.000000000,QUERY_SPREAD,98
2019-06-28 13:30:00.000000000,BEST_BID,"JPM,100446,96"
2019-06-28 13:30:00.000000000,BEST_ASK,"JPM,100600,195"
2019-06-28 13:30:00.000000000,LAST_TRADE,"6,$100446.0000"
2019-06-28 13:30:00.000000000,QUERY_SPREAD,99
2019-06-28 13:30:00.000000000,BEST_BID,"JPM,100446,91"
2019-06-28 13:30:00.000000000,BEST_ASK,"JPM,100600,195"
2019-06-28 13:30:00.000000000,LAST_TRADE,"5,$100446.0000"
2019-06-28 13:30:00.000000000,QUERY_SPREAD,100
2019-06-28 13:30:00.000000000,BEST_BID,"JPM,100446,84"
2019-06-28 13:30:00.000000000,BEST_ASK,"JPM,100600,195"
2019-06-28 13:30:00.000000000,LAST_TRADE,"7,$100446.0000"
2019-06-28 13:30:00.000000000,QUERY_SPREAD,101
2019-06-28 13:30:00.000000000,QUERY_ORDER_STREAM,101
2019-06-28 13:30:00.000000000,BEST_BID,"JPM,100446,83"
2019-06-28 13:30:00.000000000,BEST_ASK,"JPM,100600,195"
2019-06-28 13:30:00.000000000,LAST_TRADE,"1,$100446.0000"
2019-06-28 13:30:10.000000000,QUERY_SPREAD,1
2019-06-28 13:30:10.000000000,BEST_BID,"JPM,100437,240"
2019-06-28 13:30:10.000000000,BEST_ASK,"JPM,100600,100"
2019-06-28 13:30:10.000000000,BEST_BID,"JPM,100437,240"
2019-06-28 13:30:10.000000000,BEST_ASK,"JPM,100600,100"
2019-06-28 13:30:10.000000000,BEST_BID,"JPM,100437,240"
2019-06-28 13:30:10.000000000,BEST_ASK,"JPM,100600,240"
2019-06-28 13:30:10.000000000,BEST_BID,"JPM,100437,240"
2019-06-28 13:30:10.000000000,BEST_ASK,"JPM,100600,240"
2019-06-28 13:30:20.000000000,QUERY_SPREAD,1
2019-06-28 13:30:20.000000000,BEST_BID,"JPM,100437,240"
2019-06-28 13:30:20.000000000,BEST_ASK,"JPM,100600,100"
2019-06-28 13:30:20.000000000,BEST_BID,"JPM,100437,240"
2019-06-28 13:30:20.000000000,BEST_ASK,"JPM,100600,100"
2019-06-28 13:30:20.000000000,BEST_BID,"JPM,100437,240"
2019-06-28 13:30:20.000000000,BEST_ASK,"JPM,100600,240"
2019-06-28 13:30:20.000000000,BEST_BID,"JPM,100437,240"
2019-06-28 13:30:20.000000000,BEST_ASK,"JPM,100600,240"
2019-06-28 13:30:24.599100157,QUERY_SPREAD,22
2019-06-28 13:30:24.599100157,BEST_BID,"JPM,100437,240"
2019-06-28 13:30:24.599100157,BEST_ASK,"JPM,100600,140"
2019-06-28 13:30:24.599100157,LAST_TRADE,"100,$100600.0000"
2019-06-28 13:30:30.000000000,QUERY_SPREAD,1
2019-06-28 13:30:30.000000000,BEST_BID,"JPM,100437,195"
2019-06-28 13:30:30.000000000,BEST_ASK,"JPM,100621,100"
2019-06-28 13:30:30.000000000,BEST_BID,"JPM,100437,195"
2019-06-28 13:30:30.000000000,BEST_ASK,"JPM,100621,100"
2019-06-28 13:30:30.000000000,BEST_BID,"JPM,100437,195"
2019-06-28 13:30:30.000000000,BEST_ASK,"JPM,100621,100"
2019-06-28 13:30:30.000000000,BEST_BID,"JPM,100437,195"
2019-06-28 13:30:30.000000000,BEST_ASK,"JPM,100621,195"
2019-06-28 13:30:30.000000000,BEST_BID,"JPM,100437,195"
2019-06-28 13:30:30.000000000,BEST_ASK,"JPM,100621,195"
2019-06-28 13:30:30.000000000,BEST_BID,"JPM,100437,195"
2019-06-28 13:30:30.000000000,BEST_ASK,"JPM,100621,195"
2019-06-28 13:30:40.000000000,QUERY_SPREAD,1
2019-06-28 13:30:40.000000000,BEST_BID,"JPM,100437,240"
2019-06-28 13:30:40.000000000,BEST_ASK,"JPM,100621,100"
2019-06-28 13:30:40.000000000,BEST_BID,"JPM,100437,240"
2019-06-28 13:30:40.000000000,BEST_ASK,"JPM,100621,100"
2019-06-28 13:30:40.000000000,BEST_BID,"JPM,100437,240"
2019-06-28 13:30:40.000000000,BEST_ASK,"JPM,100621,240"
2019-06-28 13:30:40.000000000,BEST_BID,"JPM,100437,240"
2019-06-28 13:30:40.000000000,BEST_ASK,"JPM,100621,240"
2019-06-28 13:30:50.000000000,QUERY_SPREAD,1
2019-06-28 13:30:50.000000000,BEST_BID,"JPM,100437,195"
2019-06-28 13:30:50.000000000,BEST_ASK,"JPM,100621,100"
2019-06-28 13:30:50.000000000,BEST_BID,"JPM,100437,195"
2019-06-28 13:30:50.000000000,BEST_ASK,"JPM,100621,100"
2019-06-28 13:30:50.000000000,BEST_BID,"JPM,100437,195"
2019-06-28 13:30:50.000000000,BEST_ASK,"JPM,100621,100"
2019-06-28 13:30:50.000000000,BEST_BID,"JPM,100437,195"
2019-06-28 13:30:50.000000000,BEST_ASK,"JPM,100621,195"
2019-06-28 13:30:50.000000000,BEST_BID,"JPM,100437,195"
2019-06-28 13:30:50.000000000,BEST_ASK,"JPM,100621,195"
2019-06-28 13:30:50.000000000,BEST_BID,"JPM,100437,195"
2019-06-28 13:30:50.000000000,BEST_ASK,"JPM,100621,195"
2019-06-28 13:30:52.142158698,QUERY_SPREAD,28
2019-06-28 13:30:52.142158698,BEST_BID,"JPM,100437,195"
2019-06-28 13:30:52.142158698,BEST_ASK,"JPM,100621,95"
2019-06-28 13:30:52.142158698,LAST_TRADE,"100,$100621.0000"
2019-06-28 13:31:00.000000000,QUERY_SPREAD,1
2019-06-28 13:31:00.000000000,BEST_BID,"JPM,100437,170"
2019-06-28 13:31:00.000000000,BEST_ASK,"JPM,100777,100"
2019-06-28 13:31:00.000000000,BEST_BID,"JPM,100437,170"
2019-06-28 13:31:00.000000000,BEST_ASK,"JPM,100777,100"
2019-06-28 13:31:00.000000000,BEST_BID,"JPM,100437,170"
2019-06-28 13:31:00.000000000,BEST_ASK,"JPM,100777,100"
2019-06-28 13:31:00.000000000,BEST_BID,"JPM,100437,170"
2019-06-28 13:31:00.000000000,BEST_ASK,"JPM,100777,100"
2019-06-28 13:31:00.000000000,BEST_BID,"JPM,100437,170"
2019-06-28 13:31:00.000000000,BEST_ASK,"JPM,100777,170"
2019-06-28 13:31:00.000000000,BEST_BID,"JPM,100437,170"
2019-06-28 13:31:00.000000000,BEST_ASK,"JPM,100777,170"
2019-06-28 13:31:00.000000000,BEST_BID,"JPM,100437,170"
2019-06-28 13:31:00.000000000,BEST_ASK,"JPM,100777,170"
2019-06-28 13:31:00.000000000,BEST_BID,"JPM,100437,170"
2019-06-28 13:31:00.000000000,BEST_ASK,"JPM,100777,170"
2019-06-28 13:31:00.000000000,QUERY_SPREAD,77
2019-06-28 13:31:00.000000000,BEST_BID,"JPM,100437,169"
2019-06-28 13:31:00.000000000,BEST_ASK,"JPM,100777,170"
2019-06-28 13:31:00.000000000,LAST_TRADE,"1,$100437.0000"
2019-06-28 13:31:00.000000000,QUERY_SPREAD,78
2019-06-28 13:31:00.000000000,BEST_BID,"JPM,100437,165"
2019-06-28 13:31:00.000000000,BEST_ASK,"JPM,100777,170"
2019-06-28 13:31:00.000000000,LAST_TRADE,"4,$100437.0000"
2019-06-28 13:31:00.000000000,QUERY_SPREAD,79
2019-06-28 13:31:00.000000000,BEST_BID,"JPM,100437,159"
2019-06-28 13:31:00.000000000,BEST_ASK,"JPM,100777,170"
2019-06-28 13:31:00.000000000,LAST_TRADE,"6,$100437.0000"
2019-06-28 13:31:00.000000000,QUERY_SPREAD,80
2019-06-28 13:31:00.000000000,BEST_BID,"JPM,100437,154"
2019-06-28 13:31:00.000000000,BEST_ASK,"JPM,100777,170"
2019-06-28 13:31:00.000000000,LAST_TRADE,"5,$100437.0000"
2019-06-28 13:31:00.000000000,QUERY_SPREAD,81
2019-06-28 13:31:00.000000000,BEST_BID,"JPM,100437,146"
2019-06-28 13:31:00.000000000,BEST_ASK,"JPM,100777,170"
2019-06-28 13:31:00.000000000,LAST_TRADE,"8,$100437.0000"
2019-06-28 13:31:00.000000000,QUERY_SPREAD,82
2019-06-28 13:31:00.000000000,BEST_BID,"JPM,100437,138"
2019-06-28 13:31:00.000000000,BEST_ASK,"JPM,100777,170"
2019-06-28 13:31:00.000000000,LAST_TRADE,"8,$100437.0000"
2019-06-28 13:31:00.000000000,QUERY_SPREAD,83
2019-06-28 13:31:00.000000000,BEST_BID,"JPM,100437,136"
2019-06-28 13:31:00.000000000,BEST_ASK,"JPM,100777,170"
2019-06-28 13:31:00.000000000,LAST_TRADE,"2,$100437.0000"
2019-06-28 13:31:00.000000000,QUERY_SPREAD,84
2019-06-28 13:31:00.000000000,BEST_BID,"JPM,100437,135"
2019-06-28 13:31:00.000000000,BEST_ASK,"JPM,100777,170"
2019-06-28 13:31:00.000000000,LAST_TRADE,"1,$100437.0000"
2019-06-28 13:31:00.000000000,QUERY_SPREAD,85
2019-06-28 13:31:00.000000000,BEST_BID,"JPM,100437,134"
2019-06-28 13:31:00.000000000,BEST_ASK,"JPM,100777,170"
2019-06-28 13:31:00.000000000,LAST_TRADE,"1,$100437.0000"
2019-06-28 13:31:00.000000000,QUERY_SPREAD,86
2019-06-28 13:31:00.000000000,BEST_BID,"JPM,100437,128"
2019-06-28 13:31:00.000000000,BEST_ASK,"JPM,100777,170"
2019-06-28 13:31:00.000000000,LAST_TRADE,"6,$100437.0000"
2019-06-28 13:31:00.000000000,QUERY_SPREAD,87
2019-06-28 13:31:00.000000000,BEST_BID,"JPM,100437,125"
2019-06-28 13:31:00.000000000,BEST_ASK,"JPM,100777,170"
2019-06-28 13:31:00.000000000,LAST_TRADE,"3,$100437.0000"
2019-06-28 13:31:00.000000000,QUERY_SPREAD,88
2019-06-28 13:31:00.000000000,BEST_BID,"JPM,100437,121"
2019-06-28 13:31:00.000000000,BEST_ASK,"JPM,100777,170"
2019-06-28 13:31:00.000000000,LAST_TRADE,"4,$100437.0000"
2019-06-28 13:31:00.000000000,QUERY_SPREAD,89
2019-06-28 13:31:00.000000000,BEST_BID,"JPM,100437,117"
2019-06-28 13:31:00.000000000,BEST_ASK,"JPM,100777,170"
2019-06-28 13:31:00.000000000,LAST_TRADE,"4,$100437.0000"
2019-06-28 13:31:00.000000000,QUERY_SPREAD,90
2019-06-28 13:31:00.000000000,BEST_BID,"JPM,100437,110"
2019-06-28 13:31:00.000000000,BEST_ASK,"JPM,100777,170"
2019-06-28 13:31:00.000000000,LAST_TRADE,"7,$100437.0000"
2019-06-28 13:31:00.000000000,QUERY_SPREAD,91
2019-06-28 13:31:00.000000000,BEST_BID,"JPM,100437,102"
2019-06-28 13:31:00.000000000,BEST_ASK,"JPM,100777,170"
2019-06-28 13:31:00.000000000,LAST_TRADE,"8,$100437.0000"
2019-06-28 13:31:00.000000000,QUERY_SPREAD,92
2019-06-28 13:31:00.000000000,BEST_BID,"JPM,100437,97"
2019-06-28 13:31:00.000000000,BEST_ASK,"JPM,100777,170"
2019-06-28 13:31:00.000000000,LAST_TRADE,"5,$100437.0000"
2019-06-28 13:31:00.000000000,QUERY_SPREAD,93
2019-06-28 13:31:00.000000000,BEST_BID,"JPM,100437,94"
2019-06-28 13:31:00.000000000,BEST_ASK,"JPM,100777,170"
2019-06-28 13:31:00.000000000,LAST_TRADE,"3,$100437.0000"
2019-06-28 13:31:00.000000000,QUERY_SPREAD,94
2019-06-28 13:31:00.000000000,BEST_BID,"JPM,100437,90"
2019-06-28 13:31:00.000000000,BEST_ASK,"JPM,100777,170"
2019-06-28 13:31:00.000000000,LAST_TRADE,"4,$100437.0000"
2019-06-28 13:31:00.000000000,QUERY_SPREAD,95
2019-06-28 13:31:00.000000000,BEST_BID,"JPM,100437,85"
2019-06-28 13:31:00.000000000,BEST_ASK,"JPM,100777,170"
2019-06-28 13:31:00.000000000,LAST_TRADE,"5,$100437.0000"
2019-06-28 13:31:00.000000000,QUERY_SPREAD,96
2019-06-28 13:31:00.000000000,BEST_BID,"JPM,100437,84"
2019-06-28 13:31:00.000000000,BEST_ASK,"JPM,100777,170"
2019-06-28 13:31:00.000000000,LAST_TRADE,"1,$100437.0000"
2019-06-28 13:31:00.000000000,QUERY_SPREAD,97
2019-06-28 13:31:00.000000000,BEST_BID,"JPM,100437,77"
2019-06-28 13:31:00.000000000,BEST_ASK,"JPM,100777,170"
2019-06-28 13:31:00.000000000,LAST_TRADE,"7,$100437.0000"
2019-06-28 13:31:00.000000000,QUERY_SPREAD,98
2019-06-28 13:31:00.000000000,BEST_BID,"JPM,100437,71"
2019-06-28 13:31:00.000000000,BEST_ASK,"JPM,100777,170"
2019-06-28 13:31:00.000000000,LAST_TRADE,"6,$100437.0000"
2019-06-28 13:31:00.000000000,QUERY_SPREAD,99
2019-06-28 13:31:00.000000000,BEST_BID,"JPM,100437,66"
2019-06-28 13:31:00.000000000,BEST_ASK,"JPM,100777,170"
2019-06-28 13:31:00.000000000,LAST_TRADE,"5,$100437.0000"
2019-06-28 13:31:00.000000000,QUERY_SPREAD,100
2019-06-28 13:31:00.000000000,BEST_BID,"JPM,100437,59"
2019-06-28 13:31:00.000000000,BEST_ASK,"JPM,100777,170"
2019-06-28 13:31:00.000000000,LAST_TRADE,"7,$100437.0000"
2019-06-28 13:31:00.000000000,QUERY_SPREAD,101
2019-06-28 13:31:00.000000000,QUERY_ORDER_STREAM,101
2019-06-28 13:31:00.000000000,BEST_BID,"JPM,100437,58"
2019-06-28 13:31:00.000000000,BEST_ASK,"JPM,100777,170"
2019-06-28 13:31:00.000000000,LAST_TRADE,"1,$100437.0000"
2019-06-28 13:31:05.600590134,QUERY_ORDER_STREAM,65
2019-06-28 13:31:05.600590134,QUERY_SPREAD,65
2019-06-28 13:31:10.000000000,QUERY_SPREAD,1
2019-06-28 13:31:10.000000000,BEST_BID,"JPM,100325,195"
2019-06-28 13:31:10.000000000,BEST_ASK,"JPM,100777,100"
2019-06-28 13:31:10.000000000,BEST_BID,"JPM,100325,195"
2019-06-28 13:31:10.000000000,BEST_ASK,"JPM,100777,100"
2019-06-28 13:31:10.000000000,BEST_BID,"JPM,100325,195"
2019-06-28 13:31:10.000000000,BEST_ASK,"JPM,100777,100"
2019-06-28 13:31:10.000000000,BEST_BID,"JPM,100325,195"
2019-06-28 13:31:10.000000000,BEST_ASK,"JPM,100777,195"
2019-06-28 13:31:10.000000000,BEST_BID,"JPM,100325,195"
2019-06-28 13:31:10.000000000,BEST_ASK,"JPM,100777,195"
2019-06-28 13:31:10.000000000,BEST_BID,"JPM,100325,195"
2019-06-28 13:31:10.000000000,BEST_ASK,"JPM,100777,195"
2019-06-28 13:31:20.000000000,QUERY_SPREAD,1
2019-06-28 13:31:20.000000000,BEST_BID,"JPM,100325,195"
2019-06-28 13:31:20.000000000,BEST_ASK,"JPM,100777,100"
2019-06-28 13:31:20.000000000,BEST_BID,"JPM,100325,195"
2019-06-28 13:31:20.000000000,BEST_ASK,"JPM,100777,100"
2019-06-28 13:31:20.000000000,BEST_BID,"JPM,100325,195"
2019-06-28 13:31:20.000000000,BEST_ASK,"JPM,100777,100"
2019-06-28 13:31:20.000000000,BEST_BID,"JPM,100325,195"
2019-06-28 13:31:20.000000000,BEST_ASK,"JPM,100777,195"
2019-06-28 13:31:20.000000000,BEST_BID,"JPM,100325,195"
2019-06-28 13:31:20.000000000,BEST_ASK,"JPM,100777,195"
2019-06-28 13:31:20.000000000,BEST_BID,"JPM,100325,195"
2019-06-28 13:31:20.000000000,BEST_ASK,"JPM,100777,195"
2019-06-28 13:31:30.000000000,QUERY_SPREAD,1
2019-06-28 13:31:30.000000000,BEST_BID,"JPM,100325,240"
2019-06-28 13:31:30.000000000,BEST_ASK,"JPM,100777,100"
2019-06-28 13:31:30.000000000,BEST_BID,"JPM,100325,240"
2019-06-28 13:31:30.000000000,BEST_ASK,"JPM,100777,100"
2019-06-28 13:31:30.000000000,BEST_BID,"JPM,100325,240"
2019-06-28 13:31:30.000000000,BEST_ASK,"JPM,100777,240"
2019-06-28 13:31:30.000000000,BEST_BID,"JPM,100325,240"
2019-06-28 13:31:30.000000000,BEST_ASK,"JPM,100777,240"
2019-06-28 13:31:32.633176970,QUERY_ORDER_STREAM,72
2019-06-28 13:31:32.633176970,QUERY_SPREAD,72
2019-06-28 13:31:33.565265712,QUERY_ORDER_STREAM,69
2019-06-28 13:31:33.565265712,QUERY_SPREAD,69
2019-06-28 13:31:33.565265712,BEST_BID,"JPM,100437,100"
2019-06-28 13:31:33.565265712,BEST_ASK,"JPM,100777,240"
2019-06-28 13:31:40.000000000,QUERY_SPREAD,1
2019-06-28 13:31:40.000000000,BEST_BID,"JPM,100437,195"
2019-06-28 13:31:40.000000000,BEST_ASK,"JPM,100777,100"
2019-06-28 13:31:40.000000000,BEST_BID,"JPM,100437,195"
2019-06-28 13:31:40.000000000,BEST_ASK,"JPM,100777,100"
2019-06-28 13:31:40.000000000,BEST_BID,"JPM,100437,195"
2019-06-28 13:31:40.000000000,BEST_ASK,"JPM,100777,100"
2019-06-28 13:31:40.000000000,BEST_BID,"JPM,100437,195"
2019-06-28 13:31:40.000000000,BEST_ASK,"JPM,100777,195"
2019-06-28 13:31:40.000000000,BEST_BID,"JPM,100437,195"
2019-06-28 13:31:40.000000000,BEST_ASK,"JPM,100777,195"
2019-06-28 13:31:40.000000000,BEST_BID,"JPM,100437,195"
2019-06-28 13:31:40.000000000,BEST_ASK,"JPM,100777,195"
2019-06-28 13:31:50.000000000,QUERY_SPREAD,1
2019-06-28 13:31:50.000000000,BEST_BID,"JPM,100437,240"
2019-06-28 13:31:50.000000000,BEST_ASK,"JPM,100777,100"
2019-06-28 13:31:50.000000000,BEST_BID,"JPM,100437,240"
2019-06-28 13:31:50.000000000,BEST_ASK,"JPM,100777,100"
2019-06-28 13:31:50.000000000,BEST_BID,"JPM,100437,240"
2019-06-28 13:31:50.000000000,BEST_ASK,"JPM,100777,240"
2019-06-28 13:31:50.000000000,BEST_BID,"JPM,100437,240"
2019-06-28 13:31:50.000000000,BEST_ASK,"JPM,100777,240"
2019-06-28 13:31:57.051279817,QUERY_SPREAD,8
2019-06-28 13:31:57.051279817,BEST_BID,"JPM,100437,240"
2019-06-28 13:31:57.051279817,BEST_ASK,"JPM,100777,240"
2019-06-28 13:31:57.365040511,QUERY_SPREAD,49
2019-06-28 13:31:57.365040511,BEST_BID,"JPM,100437,240"
2019-06-28 13:31:57.365040511,BEST_ASK,"JPM,100777,240"
2019-06-28 13:31:58.579976551,QUERY_ORDER_STREAM,76
2019-06-28 13:31:58.579976551,QUERY_SPREAD,76
2019-06-28 13:31:58.579976551,BEST_BID,"JPM,100437,340"
2019-06-28 13:31:58.579976551,BEST_ASK,"JPM,100777,240"
2019-06-28 13:32:00.000000000,QUERY_SPREAD,1
2019-06-28 13:32:00.000000000,BEST_BID,"JPM,100437,480"
2019-06-28 13:32:00.000000000,BEST_ASK,"JPM,100777,100"
2019-06-28 13:32:00.000000000,BEST_BID,"JPM,100437,480"
2019-06-28 13:32:00.000000000,BEST_ASK,"JPM,100777,380"
2019-06-28 13:32:00.000000000,QUERY_SPREAD,77
2019-06-28 13:32:00.000000000,BEST_BID,"JPM,100437,479"
2019-06-28 13:32:00.000000000,BEST_ASK,"JPM,100777,380"
2019-06-28 13:32:00.000000000,LAST_TRADE,"1,$100437.0000"
2019-06-28 13:32:00.000000000,QUERY_SPREAD,78
2019-06-28 13:32:00.000000000,BEST_BID,"JPM,100437,475"
2019-06-28 13:32:00.000000000,BEST_ASK,"JPM,100777,380"
2019-06-28 13:32:00.000000000,LAST_TRADE,"4,$100437.0000"
2019-06-28 13:32:00.000000000,QUERY_SPREAD,79
2019-06-28 13:32:00.000000000,BEST_BID,"JPM,100437,469"
2019-06-28 13:32:00.000000000,BEST_ASK,"JPM,100777,380"
2019-06-28 13:32:00.000000000,LAST_TRADE,"6,$100437.0000"
2019-06-28 13:32:00.000000000,QUERY_SPREAD,80
2019-06-28 13:32:00.000000000,BEST_BID,"JPM,100437,464"
2019-06-28 13:32:00.000000000,BEST_ASK,"JPM,100777,380"
2019-06-28 13:32:00.000000000,LAST_TRADE,"5,$100437.0000"
2019-06-28 13:32:00.000000000,QUERY_SPREAD,81
2019-06-28 13:32:00.000000000,BEST_BID,"JPM,100437,456"
2019-06-28 13:32:00.000000000,BEST_ASK,"JPM,100777,380"
2019-06-28 13:32:00.000000000,LAST_TRADE,"8,$100437.0000"
2019-06-28 13:32:00.000000000,QUERY_SPREAD,82
2019-06-28 13:32:00.000000000,BEST_BID,"JPM,100437,448"
2019-06-28 13:32:00.000000000,BEST_ASK,"JPM,100777,380"
2019-06-28 13:32:00.000000000,LAST_TRADE,"8,$100437.0000"
2019-06-28 13:32:00.000000000,QUERY_SPREAD,83
2019-06-28 13:32:00.000000000,BEST_BID,"JPM,100437,446"
2019-06-28 13:32:00.000000000,BEST_ASK,"JPM,100777,380"
2019-06-28 13:32:00.000000000,LAST_TRADE,"2,$100437.0000"
2019-06-28 13:32:00.000000000,QUERY_SPREAD,84
2019-06-28 13:32:00.000000000,BEST_BID,"JPM,100437,445"
2019-06-28 13:32:00.000000000,BEST_ASK,"JPM,100777,380"
2019-06-28 13:32:00.000000000,LAST_TRADE,"1,$100437.0000"
2019-06-28 13:32:00.000000000,QUERY_SPREAD,85
2019-06-28 13:32:00.000000000,BEST_BID,"JPM,100437,444"
2019-06-28 13:32:00.000000000,BEST_ASK,"JPM,100777,380"
2019-06-28 13:32:00.000000000,LAST_TRADE,"1,$100437.0000"
2019-06-28 13:32:00.000000000,QUERY_SPREAD,86
2019-06-28 13:32:00.000000000,BEST_BID,"JPM,100437,438"
2019-06-28 13:32:00.000000000,BEST_ASK,"JPM,100777,380"
2019-06-28 13:32:00.000000000,LAST_TRADE,"6,$100437.0000"
2019-06-28 13:32:00.000000000,QUERY_SPREAD,87
2019-06-28 13:32:00.000000000,BEST_BID,"JPM,100437,435"
2019-06-28 13:32:00.000000000,BEST_ASK,"JPM,100777,380"
2019-06-28 13:32:00.000000000,LAST_TRADE,"3,$100437.0000"
2019-06-28 13:32:00.000000000,QUERY_SPREAD,88
2019-06-28 13:32:00.000000000,BEST_BID,"JPM,100437,431"
2019-06-28 13:32:00.000000000,BEST_ASK,"JPM,100777,380"
2019-06-28 13:32:00.000000000,LAST_TRADE,"4,$100437.0000"
2019-06-28 13:32:00.000000000,QUERY_SPREAD,89
2019-06-28 13:32:00.000000000,BEST_BID,"JPM,100437,427"
2019-06-28 13:32:00.000000000,BEST_ASK,"JPM,100777,380"
2019-06-28 13:32:00.000000000,LAST_TRADE,"4,$100437.0000"
2019-06-28 13:32:00.000000000,QUERY_SPREAD,90
2019-06-28 13:32:00.000000000,BEST_BID,"JPM,100437,420"
2019-06-28 13:32:00.000000000,BEST_ASK,"JPM,100777,380"
2019-06-28 13:32:00.000000000,LAST_TRADE,"7,$100437.0000"
2019-06-28 13:32:00.000000000,QUERY_SPREAD,91
2019-06-28 13:32:00.000000000,BEST_BID,"JPM,100437,412"
2019-06-28 13:32:00.000000000,BEST_ASK,"JPM,100777,380"
2019-06-28 13:32:00.000000000,LAST_TRADE,"8,$100437.0000"
2019-06-28 13:32:00.000000000,QUERY_SPREAD,92
2019-06-28 13:32:00.000000000,BEST_BID,"JPM,100437,407"
2019-06-28 13:32:00.000000000,BEST_ASK,"JPM,100777,380"
2019-06-28 13:32:00.000000000,LAST_TRADE,"5,$100437.0000"
2019-06-28 13:32:00.000000000,QUERY_SPREAD,93
2019-06-28 13:32:00.000000000,BEST_BID,"JPM,100437,404"
2019-06-28 13:32:00.000000000,BEST_ASK,"JPM,100777,380"
2019-06-28 13:32:00.000000000,LAST_TRADE,"3,$100437.0000"
2019-06-28 13:32:00.000000000,QUERY_SPREAD,94
2019-06-28 13:32:00.000000000,BEST_BID,"JPM,100437,400"
2019-06-28 13:32:00.000000000,BEST_ASK,"JPM,100777,380"
2019-06-28 13:32:00.000000000,LAST_TRADE,"4,$100437.0000"
2019-06-28 13:32:00.000000000,QUERY_SPREAD,95
2019-06-28 13:32:00.000000000,BEST_BID,"JPM,100437,395"
2019-06-28 13:32:00.000000000,BEST_ASK,"JPM,100777,380"
2019-06-28 13:32:00.000000000,LAST_TRADE,"5,$100437.0000"
2019-06-28 13:32:00.000000000,QUERY_SPREAD,96
2019-06-28 13:32:00.000000000,BEST_BID,"JPM,100437,394"
2019-06-28 13:32:00.000000000,BEST_ASK,"JPM,100777,380"
2019-06-28 13:32:00.000000000,LAST_TRADE,"1,$100437.0000"
2019-06-28 13:32:00.000000000,QUERY_SPREAD,97
2019-06-28 13:32:00.000000000,BEST_BID,"JPM,100437,387"
2019-06-28 13:32:00.000000000,BEST_ASK,"JPM,100777,380"
2019-06-28 13:32:00.000000000,LAST_TRADE,"7,$100437.0000"
2019-06-28 13:32:00.000000000,QUERY_SPREAD,98
2019-06-28 13:32:00.000000000,BEST_BID,"JPM,100437,381"
2019-06-28 13:32:00.000000000,BEST_ASK,"JPM,100777,380"
2019-06-28 13:32:00.000000000,LAST_TRADE,"6,$100437.0000"
2019-06-28 13:32:00.000000000,QUERY_SPREAD,99
2019-06-28 13:32:00.000000000,BEST_BID,"JPM,100437,376"
2019-06-28 13:32:00.000000000,BEST_ASK,"JPM,100777,380"
2019-06-28 13:32:00.000000000,LAST_TRADE,"5,$100437.0000"
2019-06-28 13:32:00.000000000,QUERY_SPREAD,100
2019-06-28 13:32:00.000000000,BEST_BID,"JPM,100437,369"
2019-06-28 13:32:00.000000000,BEST_ASK,"JPM,100777,380"
2019-06-28 13:32:00.000000000,LAST_TRADE,"7,$100437.0000"
2019-06-28 13:32:00.000000000,QUERY_SPREAD,101
2019-06-28 13:32:00.000000000,QUERY_ORDER_STREAM,101
2019-06-28 13:32:00.000000000,BEST_BID,"JPM,100437,368"
2019-06-28 13:32:00.000000000,BEST_ASK,"JPM,100777,380"
2019-06-28 13:32:00.000000000,LAST_TRADE,"1,$100437.0000"
2019-06-28 13:32:09.926092761,QUERY_ORDER_STREAM,59
2019-06-28 13:32:09.926092761,QUERY_SPREAD,59
2019-06-28 13:32:09.926092761,BEST_BID,"JPM,100437,468"
2019-06-28 13:32:09.926092761,BEST_ASK,"JPM,100777,380"
2019-06-28 13:32:10.000000000,QUERY_SPREAD,1
2019-06-28 13:32:10.000000000,BEST_BID,"JPM,100437,328"
2019-06-28 13:32:10.000000000,BEST_ASK,"JPM,100777,100"
2019-06-28 13:32:10.000000000,BEST_BID,"JPM,100437,328"
2019-06-28 13:32:10.000000000,BEST_ASK,"JPM,100777,100"
2019-06-28 13:32:10.000000000,BEST_BID,"JPM,100437,328"
2019-06-28 13:32:10.000000000,BEST_ASK,"JPM,100777,240"
2019-06-28 13:32:10.000000000,BEST_BID,"JPM,100437,328"
2019-06-28 13:32:10.000000000,BEST_ASK,"JPM,100777,240"
2019-06-28 13:32:13.799156754,QUERY_SPREAD,13
2019-06-28 13:32:13.799156754,BEST_BID,"JPM,100437,328"
2019-06-28 13:32:13.799156754,BEST_ASK,"JPM,100777,140"
2019-06-28 13:32:13.799156754,LAST_TRADE,"100,$100777.0000"
2019-06-28 13:32:14.065388077,QUERY_SPREAD,49
2019-06-28 13:32:14.065388077,BEST_BID,"JPM,100437,328"
2019-06-28 13:32:14.065388077,BEST_ASK,"JPM,100777,140"
2019-06-28 13:32:18.048957604,QUERY_ORDER_STREAM,65
2019-06-28 13:32:18.048957604,QUERY_SPREAD,65
2019-06-28 13:32:18.048957604,BEST_BID,"JPM,100438,100"
2019-06-28 13:32:18.048957604,BEST_ASK,"JPM,100777,140"
2019-06-28 13:32:20.000000000,QUERY_SPREAD,1
2019-06-28 13:32:20.000000000,BEST_BID,"JPM,100438,380"
2019-06-28 13:32:20.000000000,BEST_ASK,"JPM,100805,100"
2019-06-28 13:32:20.000000000,BEST_BID,"JPM,100438,380"
2019-06-28 13:32:20.000000000,BEST_ASK,"JPM,100805,380"
2019-06-28 13:32:30.000000000,QUERY_SPREAD,1
2019-06-28 13:32:30.000000000,BEST_BID,"JPM,100438,170"
2019-06-28 13:32:30.000000000,BEST_ASK,"JPM,100805,100"
2019-06-28 13:32:30.000000000,BEST_BID,"JPM,100438,170"
2019-06-28 13:32:30.000000000,BEST_ASK,"JPM,100805,100"
2019-06-28 13:32:30.000000000,BEST_BID,"JPM,100438,170"
2019-06-28 13:32:30.000000000,BEST_ASK,"JPM,100805,100"
2019-06-28 13:32:30.000000000,BEST_BID,"JPM,100438,170"
2019-06-28 13:32:30.000000000,BEST_ASK,"JPM,100805,100"
2019-06-28 13:32:30.000000000,BEST_BID,"JPM,100438,170"
2019-06-28 13:32:30.000000000,BEST_ASK,"JPM,100805,170"
2019-06-28 13:32:30.000000000,BEST_BID,"JPM,100438,170"
2019-06-28 13:32:30.000000000,BEST_ASK,"JPM,100805,170"
2019-06-28 13:32:30.000000000,BEST_BID,"JPM,100438,170"
2019-06-28 13:32:30.000000000,BEST_ASK,"JPM,100805,170"
2019-06-28 13:32:30.000000000,BEST_BID,"JPM,100438,170"
2019-06-28 13:32:30.000000000,BEST_ASK,"JPM,100805,170"
2019-06-28 13:32:36.133901594,QUERY_SPREAD,48
2019-06-28 13:32:36.133901594,BEST_BID,"JPM,100438,170"
2019-06-28 13:32:36.133901594,BEST_ASK,"JPM,100805,70"
2019-06-28 13:32:36.133901594,LAST_TRADE,"100,$100805.0000"
2019-06-28 13:32:38.378840820,QUERY_ORDER_STREAM,73
2019-06-28 13:32:38.378840820,QUERY_SPREAD,73
2019-06-28 13:32:38.503331998,QUERY_SPREAD,33
2019-06-28 13:32:38.503331998,BEST_BID,"JPM,100438,170"
2019-06-28 13:32:38.503331998,BEST_ASK,"JPM,100805,70"
2019-06-28 13:32:40.000000000,QUERY_SPREAD,1
2019-06-28 13:32:40.000000000,BEST_BID,"JPM,100438,195"
2019-06-28 13:32:40.000000000,BEST_ASK,"JPM,101132,100"
2019-06-28 13:32:40.000000000,BEST_BID,"JPM,100438,195"
2019-06-28 13:32:40.000000000,BEST_ASK,"JPM,101132,100"
2019-06-28 13:32:40.000000000,BEST_BID,"JPM,100438,195"
2019-06-28 13:32:40.000000000,BEST_ASK,"JPM,101132,100"
2019-06-28 13:32:40.000000000,BEST_BID,"JPM,100438,195"
2019-06-28 13:32:40.000000000,BEST_ASK,"JPM,101132,195"
2019-06-28 13:32:40.000000000,BEST_BID,"JPM,100438,195"
2019-06-28 13:32:40.000000000,BEST_ASK,"JPM,101132,195"
2019-06-28 13:32:40.000000000,BEST_BID,"JPM,100438,195"
2019-06-28 13:32:40.000000000,BEST_ASK,"JPM,101132,195"
2019-06-28 13:32:50.000000000,QUERY_SPREAD,1
2019-06-28 13:32:50.000000000,BEST_BID,"JPM,100438,156"
2019-06-28 13:32:50.000000000,BEST_ASK,"JPM,101132,100"
2019-06-28 13:32:50.000000000,BEST_BID,"JPM,100438,156"
2019-06-28 13:32:50.000000000,BEST_ASK,"JPM,101132,100"
2019-06-28 13:32:50.000000000,BEST_BID,"JPM,100438,156"
2019-06-28 13:32:50.000000000,BEST_ASK,"JPM,101132,100"
2019-06-28 13:32:50.000000000,BEST_BID,"JPM,100438,156"
2019-06-28 13:32:50.000000000,BEST_ASK,"JPM,101132,100"
2019-06-28 13:32:50.000000000,BEST_BID,"JPM,100438,156"
2019-06-28 13:32:50.000000000,BEST_ASK,"JPM,101132,100"
2019-06-28 13:32:50.000000000,BEST_BID,"JPM,100438,156"
2019-06-28 13:32:50.000000000,BEST_ASK,"JPM,101132,156"
2019-06-28 13:32:50.000000000,BEST_BID,"JPM,100438,156"
2019-06-28 13:32:50.000000000,BEST_ASK,"JPM,101132,156"
2019-06-28 13:32:50.000000000,BEST_BID,"JPM,100438,156"
2019-06-28 13:32:50.000000000,BEST_ASK,"JPM,101132,156"
2019-06-28 13:32:50.000000000,BEST_BID,"JPM,100438,156"
2019-06-28 13:32:50.000000000,BEST_ASK,"JPM,101132,156"
2019-06-28 13:32:50.000000000,BEST_BID,"JPM,100438,156"
2019-06-28 13:32:50.000000000,BEST_ASK,"JPM,101132,156"
2019-06-28 13:32:59.466130847,QUERY_SPREAD,26
2019-06-28 13:32:59.466130847,BEST_BID,"JPM,100799,100"
2019-06-28 13:32:59.466130847,BEST_ASK,"JPM,101132,156"
2019-06-28 13:33:00.000000000,QUERY_SPREAD,1
2019-06-28 13:33:00.000000000,BEST_BID,"JPM,100799,240"
2019-06-28 13:33:00.000000000,BEST_ASK,"JPM,101132,100"
2019-06-28 13:33:00.000000000,BEST_BID,"JPM,100799,240"
2019-06-28 13:33:00.000000000,BEST_ASK,"JPM,101132,100"
2019-06-28 13:33:00.000000000,BEST_BID,"JPM,100799,240"
2019-06-28 13:33:00.000000000,BEST_ASK,"JPM,101132,240"
2019-06-28 13:33:00.000000000,BEST_BID,"JPM,100799,240"
2019-06-28 13:33:00.000000000,BEST_ASK,"JPM,101132,240"
2019-06-28 13:33:00.000000000,QUERY_SPREAD,77
2019-06-28 13:33:00.000000000,BEST_BID,"JPM,100799,240"
2019-06-28 13:33:00.000000000,BEST_ASK,"JPM,101132,239"
2019-06-28 13:33:00.000000000,LAST_TRADE,"1,$101132.0000"
2019-06-28 13:33:00.000000000,QUERY_SPREAD,78
2019-06-28 13:33:00.000000000,BEST_BID,"JPM,100799,240"
2019-06-28 13:33:00.000000000,BEST_ASK,"JPM,101132,235"
2019-06-28 13:33:00.000000000,LAST_TRADE,"4,$101132.0000"
2019-06-28 13:33:00.000000000,QUERY_SPREAD,79
2019-06-28 13:33:00.000000000,BEST_BID,"JPM,100799,240"
2019-06-28 13:33:00.000000000,BEST_ASK,"JPM,101132,229"
2019-06-28 13:33:00.000000000,LAST_TRADE,"6,$101132.0000"
2019-06-28 13:33:00.000000000,QUERY_SPREAD,80
2019-06-28 13:33:00.000000000,BEST_BID,"JPM,100799,240"
2019-06-28 13:33:00.000000000,BEST_ASK,"JPM,101132,224"
2019-06-28 13:33:00.000000000,LAST_TRADE,"5,$101132.0000"
2019-06-28 13:33:00.000000000,QUERY_SPREAD,81
2019-06-28 13:33:00.000000000,BEST_BID,"JPM,100799,240"
2019-06-28 13:33:00.000000000,BEST_ASK,"JPM,101132,216"
2019-06-28 13:33:00.000000000,LAST_TRADE,"8,$101132.0000"
2019-06-28 13:33:00.000000000,QUERY_SPREAD,82
2019-06-28 13:33:00.000000000,BEST_BID,"JPM,100799,240"
2019-06-28 13:33:00.000000000,BEST_ASK,"JPM,101132,208"
2019-06-28 13:33:00.000000000,LAST_TRADE,"8,$101132.0000"
2019-06-28 13:33:00.000000000,QUERY_SPREAD,83
2019-06-28 13:33:00.000000000,BEST_BID,"JPM,100799,240"
2019-06-28 13:33:00.000000000,BEST_ASK,"JPM,101132,206"
2019-06-28 13:33:00.000000000,LAST_TRADE,"2,$101132.0000"
2019-06-28 13:33:00.000000000,QUERY_SPREAD,84
2019-06-28 13:33:00.000000000,BEST_BID,"JPM,100799,240"
2019-06-28 13:33:00.000000000,BEST_ASK,"JPM,101132,205"
2019-06-28 13:33:00.000000000,LAST_TRADE,"1,$101132.0000"
2019-06-28 13:33:00.000000000,QUERY_SPREAD,85
2019-06-28 13:33:00.000000000,BEST_BID,"JPM,100799,240"
2019-06-28 13:33:00.000000000,BEST_ASK,"JPM,101132,204"
2019-06-28 13:33:00.000000000,LAST_TRADE,"1,$101132.0000"
2019-06-28 13:33:00.000000000,QUERY_SPREAD,86
2019-06-28 13:33:00.000000000,BEST_BID,"JPM,100799,240"
2019-06-28 13:33:00.000000000,BEST_ASK,"JPM,101132,198"
2019-06-28 13:33:00.000000000,LAST_TRADE,"6,$101132.0000"
2019-06-28 13:33:00.000000000,QUERY_SPREAD,87
2019-06-28 13:33:00.000000000,BEST_BID,"JPM,100799,240"
2019-06-28 13:33:00.000000000,BEST_ASK,"JPM,101132,195"
2019-06-28 13:33:00.000000000,LAST_TRADE,"3,$101132.0000"
2019-06-28 13:33:00.000000000,QUERY_SPREAD,88
2019-06-28 13:33:00.000000000,BEST_BID,"JPM,100799,240"
2019-06-28 13:33:00.000000000,BEST_ASK,"JPM,101132,191"
2019-06-28 13:33:00.000000000,LAST_TRADE,"4,$101132.0000"
2019-06-28 13:33:00.000000000,QUERY_SPREAD,89
2019-06-28 13:33:00.000000000,BEST_BID,"JPM,100799,240"
2019-06-28 13:33:00.000000000,BEST_ASK,"JPM,101132,187"
2019-06-28 13:33:00.000000000,LAST_TRADE,"4,$101132.0000"
2019-06-28 13:33:00.000000000,QUERY_SPREAD,90
2019-06-28 13:33:00.000000000,BEST_BID,"JPM,100799,240"
2019-06-28 13:33:00.000000000,BEST_ASK,"JPM,101132,180"
2019-06-28 13:33:00.000000000,LAST_TRADE,"7,$101132.0000"
2019-06-28 13:33:00.000000000,QUERY_SPREAD,91
2019-06-28 13:33:00.000000000,BEST_BID,"JPM,100799,240"
2019-06-28 13:33:00.000000000,BEST_ASK,"JPM,101132,172"
2019-06-28 13:33:00.000000000,LAST_TRADE,"8,$101132.0000"
2019-06-28 13:33:00.000000000,QUERY_SPREAD,92
2019-06-28 13:33:00.000000000,BEST_BID,"JPM,100799,240"
2019-06-28 13:33:00.000000000,BEST_ASK,"JPM,101132,167"
2019-06-28 13:33:00.000000000,LAST_TRADE,"5,$101132.0000"
2019-06-28 13:33:00.000000000,QUERY_SPREAD,93
2019-06-28 13:33:00.000000000,BEST_BID,"JPM,100799,240"
2019-06-28 13:33:00.000000000,BEST_ASK,"JPM,101132,164"
2019-06-28 13:33:00.000000000,LAST_TRADE,"3,$101132.0000"
2019-06-28 13:33:00.000000000,QUERY_SPREAD,94
2019-06-28 13:33:00.000000000,BEST_BID,"JPM,100799,240"
2019-06-28 13:33:00.000000000,BEST_ASK,"JPM,101132,160"
2019-06-28 13:33:00.000000000,LAST_TRADE,"4,$101132.0000"
2019-06-28 13:33:00.000000000,QUERY_SPREAD,95
2019-06-28 13:33:00.000000000,BEST_BID,"JPM,100799,240"
2019-06-28 13:33:00.000000000,BEST_ASK,"JPM,101132,155"
2019-06-28 13:33:00.000000000,LAST_TRADE,"5,$101132.0000"
2019-06-28 13:33:00.000000000,QUERY_SPREAD,96
2019-06-28 13:33:00.000000000,BEST_BID,"JPM,100799,240"
2019-06-28 13:33:00.000000000,BEST_ASK,"JPM,101132,154"
2019-06-28 13:33:00.000000000,LAST_TRADE,"1,$101132.0000"
2019-06-28 13:33:00.000000000,QUERY_SPREAD,97
2019-06-28 13:33:00.000000000,BEST_BID,"JPM,100799,240"
2019-06-28 13:33:00.000000000,BEST_ASK,"JPM,101132,147"
2019-06-28 13:33:00.000000000,LAST_TRADE,"7,$101132.0000"
2019-06-28 13:33:00.000000000,QUERY_SPREAD,98
2019-06-28 13:33:00.000000000,BEST_BID,"JPM,100799,240"
2019-06-28 13:33:00.000000000,BEST_ASK,"JPM,101132,141"
2019-06-28 13:33:00.000000000,LAST_TRADE,"6,$101132.0000"
2019-06-28 13:33:00.000000000,QUERY_SPREAD,99
2019-06-28 13:33:00.000000000,BEST_BID,"JPM,100799,235"
2019-06-28 13:33:00.000000000,BEST_ASK,"JPM,101132,141"
2019-06-28 13:33:00.000000000,LAST_TRADE,"5,$100799.0000"
2019-06-28 13:33:00.000000000,QUERY_SPREAD,100
2019-06-28 13:33:00.000000000,BEST_BID,"JPM,100799,228"
2019-06-28 13:33:00.000000000,BEST_ASK,"JPM,101132,141"
2019-06-28 13:33:00.000000000,LAST_TRADE,"7,$100799.0000"
2019-06-28 13:33:00.000000000,QUERY_SPREAD,101
2019-06-28 13:33:00.000000000,QUERY_ORDER_STREAM,101
2019-06-28 13:33:00.000000000,BEST_BID,"JPM,100799,227"
2019-06-28 13:33:00.000000000,BEST_ASK,"JPM,101132,141"
2019-06-28 13:33:00.000000000,LAST_TRADE,"1,$100799.0000"
2019-06-28 13:33:06.344268756,QUERY_SPREAD,12
2019-06-28 13:33:06.344268756,BEST_BID,"JPM,100799,227"
2019-06-28 13:33:06.344268756,BEST_ASK,"JPM,100982,100"
2019-06-28 13:33:10.000000000,QUERY_SPREAD,1
2019-06-28 13:33:10.000000000,BEST_BID,"JPM,100799,367"
2019-06-28 13:33:10.000000000,BEST_ASK,"JPM,100982,100"
2019-06-28 13:33:10.000000000,BEST_BID,"JPM,100799,367"
2019-06-28 13:33:10.000000000,BEST_ASK,"JPM,100982,380"
2019-06-28 13:33:18.972989652,QUERY_ORDER_STREAM,64
2019-06-28 13:33:18.972989652,QUERY_SPREAD,64
2019-06-28 13:33:18.972989652,BEST_BID,"JPM,100799,467"
2019-06-28 13:33:18.972989652,BEST_ASK,"JPM,100982,380"
2019-06-28 13:33:20.000000000,QUERY_SPREAD,1
2019-06-28 13:33:20.000000000,BEST_BID,"JPM,100799,282"
2019-06-28 13:33:20.000000000,BEST_ASK,"JPM,100982,100"
2019-06-28 13:33:20.000000000,BEST_BID,"JPM,100799,282"
2019-06-28 13:33:20.000000000,BEST_ASK,"JPM,100982,100"
2019-06-28 13:33:20.000000000,BEST_BID,"JPM,100799,282"
2019-06-28 13:33:20.000000000,BEST_ASK,"JPM,100982,100"
2019-06-28 13:33:20.000000000,BEST_BID,"JPM,100799,282"
2019-06-28 13:33:20.000000000,BEST_ASK,"JPM,100982,195"
2019-06-28 13:33:20.000000000,BEST_BID,"JPM,100799,282"
2019-06-28 13:33:20.000000000,BEST_ASK,"JPM,100982,195"
2019-06-28 13:33:20.000000000,BEST_BID,"JPM,100799,282"
2019-06-28 13:33:20.000000000,BEST_ASK,"JPM,100982,195"
2019-06-28 13:33:30.000000000,QUERY_SPREAD,1
2019-06-28 13:33:30.000000000,BEST_BID,"JPM,100799,282"
2019-06-28 13:33:30.000000000,BEST_ASK,"JPM,100982,100"
2019-06-28 13:33:30.000000000,BEST_BID,"JPM,100799,282"
2019-06-28 13:33:30.000000000,BEST_ASK,"JPM,100982,100"
2019-06-28 13:33:30.000000000,BEST_BID,"JPM,100799,282"
2019-06-28 13:33:30.000000000,BEST_ASK,"JPM,100982,100"
2019-06-28 13:33:30.000000000,BEST_BID,"JPM,100799,282"
2019-06-28 13:33:30.000000000,BEST_ASK,"JPM,100982,195"
2019-06-28 13:33:30.000000000,BEST_BID,"JPM,100799,282"
2019-06-28 13:33:30.000000000,BEST_ASK,"JPM,100982,195"
2019-06-28 13:33:30.000000000,BEST_BID,"JPM,100799,282"
2019-06-28 13:33:30.000000000,BEST_ASK,"JPM,100982,195"
2019-06-28 13:33:40.000000000,QUERY_SPREAD,1
2019-06-28 13:33:40.000000000,BEST_BID,"JPM,100799,282"
2019-06-28 13:33:40.000000000,BEST_ASK,"JPM,100982,100"
2019-06-28 13:33:40.000000000,BEST_BID,"JPM,100799,282"
2019-06-28 13:33:40.000000000,BEST_ASK,"JPM,100982,100"
2019-06-28 13:33:40.000000000,BEST_BID,"JPM,100799,282"
2019-06-28 13:33:40.000000000,BEST_ASK,"JPM,100982,100"
2019-06-28 13:33:40.000000000,BEST_BID,"JPM,100799,282"
2019-06-28 13:33:40.000000000,BEST_ASK,"JPM,100982,195"
2019-06-28 13:33:40.000000000,BEST_BID,"JPM,100799,282"
2019-06-28 13:33:40.000000000,BEST_ASK,"JPM,100982,195"
2019-06-28 13:33:40.000000000,BEST_BID,"JPM,100799,282"
2019-06-28 13:33:40.000000000,BEST_ASK,"JPM,100982,195"
2019-06-28 13:33:43.129975661,QUERY_ORDER_STREAM,58
2019-06-28 13:33:43.129975661,QUERY_SPREAD,58
2019-06-28 13:33:43.129975661,BEST_BID,"JPM,100799,382"
2019-06-28 13:33:43.129975661,BEST_ASK,"JPM,100982,195"
2019-06-28 13:33:50.000000000,QUERY_SPREAD,1
2019-06-28 13:33:50.000000000,BEST_BID,"JPM,100799,427"
2019-06-28 13:33:50.000000000,BEST_ASK,"JPM,100982,100"
2019-06-28 13:33:50.000000000,BEST_BID,"JPM,100799,427"
2019-06-28 13:33:50.000000000,BEST_ASK,"JPM,100982,100"
2019-06-28 13:33:50.000000000,BEST_BID,"JPM,100799,427"
2019-06-28 13:33:50.000000000,BEST_ASK,"JPM,100982,240"
2019-06-28 13:33:50.000000000,BEST_BID,"JPM,100799,427"
2019-06-28 13:33:50.000000000,BEST_ASK,"JPM,100982,240"
2019-06-28 13:34:00.000000000,QUERY_SPREAD,1
2019-06-28 13:34:00.000000000,BEST_BID,"JPM,100799,343"
2019-06-28 13:34:00.000000000,BEST_ASK,"JPM,100982,100"
2019-06-28 13:34:00.000000000,BEST_BID,"JPM,100799,343"
2019-06-28 13:34:00.000000000,BEST_ASK,"JPM,100982,100"
2019-06-28 13:34:00.000000000,BEST_BID,"JPM,100799,343"
2019-06-28 13:34:00.000000000,BEST_ASK,"JPM,100982,100"
2019-06-28 13:34:00.000000000,BEST_BID,"JPM,100799,343"
2019-06-28 13:34:00.000000000,BEST_ASK,"JPM,100982,100"
2019-06-28 13:34:00.000000000,BEST_BID,"JPM,100799,343"
2019-06-28 13:34:00.000000000,BEST_ASK,"JPM,100982,100"
2019-06-28 13:34:00.000000000,BEST_BID,"JPM,100799,343"
2019-06-28 13:34:00.000000000,BEST_ASK,"JPM,100982,156"
2019-06-28 13:34:00.000000000,BEST_BID,"JPM,100799,343"
2019-06-28 13:34:00.000000000,BEST_ASK,"JPM,100982,156"
2019-06-28 13:34:00.000000000,BEST_BID,"JPM,100799,343"
2019-06-28 13:34:00.000000000,BEST_ASK,"JPM,100982,156"
2019-06-28 13:34:00.000000000,BEST_BID,"JPM,100799,343"
2019-06-28 13:34:00.000000000,BEST_ASK,"JPM,100982,156"
2019-06-28 13:34:00.000000000,BEST_BID,"JPM,100799,343"
2019-06-28 13:34:00.000000000,BEST_ASK,"JPM,100982,156"
2019-06-28 13:34:00.000000000,QUERY_SPREAD,77
2019-06-28 13:34:00.000000000,BEST_BID,"JPM,100799,343"
2019-06-28 13:34:00.000000000,BEST_ASK,"JPM,100982,155"
2019-06-28 13:34:00.000000000,LAST_TRADE,"1,$100982.0000"
2019-06-28 13:34:00.000000000,QUERY_SPREAD,78
2019-06-28 13:34:00.000000000,BEST_BID,"JPM,100799,343"
2019-06-28 13:34:00.000000000,BEST_ASK,"JPM,100982,151"
2019-06-28 13:34:00.000000000,LAST_TRADE,"4,$100982.0000"
2019-06-28 13:34:00.000000000,QUERY_SPREAD,79
2019-06-28 13:34:00.000000000,BEST_BID,"JPM,100799,343"
2019-06-28 13:34:00.000000000,BEST_ASK,"JPM,100982,145"
2019-06-28 13:34:00.000000000,LAST_TRADE,"6,$100982.0000"
2019-06-28 13:34:00.000000000,QUERY_SPREAD,80
2019-06-28 13:34:00.000000000,BEST_BID,"JPM,100799,343"
2019-06-28 13:34:00.000000000,BEST_ASK,"JPM,100982,140"
2019-06-28 13:34:00.000000000,LAST_TRADE,"5,$100982.0000"
2019-06-28 13:34:00.000000000,QUERY_SPREAD,81
2019-06-28 13:34:00.000000000,BEST_BID,"JPM,100799,343"
2019-06-28 13:34:00.000000000,BEST_ASK,"JPM,100982,132"
2019-06-28 13:34:00.000000000,LAST_TRADE,"8,$100982.0000"
2019-06-28 13:34:00.000000000,QUERY_SPREAD,82
2019-06-28 13:34:00.000000000,BEST_BID,"JPM,100799,343"
2019-06-28 13:34:00.000000000,BEST_ASK,"JPM,100982,124"
2019-06-28 13:34:00.000000000,LAST_TRADE,"8,$100982.0000"
2019-06-28 13:34:00.000000000,QUERY_SPREAD,83
2019-06-28 13:34:00.000000000,BEST_BID,"JPM,100799,343"
2019-06-28 13:34:00.000000000,BEST_ASK,"JPM,100982,122"
2019-06-28 13:34:00.000000000,LAST_TRADE,"2,$100982.0000"
2019-06-28 13:34:00.000000000,QUERY_SPREAD,84
2019-06-28 13:34:00.000000000,BEST_BID,"JPM,100799,343"
2019-06-28 13:34:00.000000000,BEST_ASK,"JPM,100982,121"
2019-06-28 13:34:00.000000000,LAST_TRADE,"1,$100982.0000"
2019-06-28 13:34:00.000000000,QUERY_SPREAD,85
2019-06-28 13:34:00.000000000,BEST_BID,"JPM,100799,343"
2019-06-28 13:34:00.000000000,BEST_ASK,"JPM,100982,120"
2019-06-28 13:34:00.000000000,LAST_TRADE,"1,$100982.0000"
2019-06-28 13:34:00.000000000,QUERY_SPREAD,86
2019-06-28 13:34:00.000000000,BEST_BID,"JPM,100799,343"
2019-06-28 13:34:00.000000000,BEST_ASK,"JPM,100982,114"
2019-06-28 13:34:00.000000000,LAST_TRADE,"6,$100982.0000"
2019-06-28 13:34:00.000000000,QUERY_SPREAD,87
2019-06-28 13:34:00.000000000,BEST_BID,"JPM,100799,343"
2019-06-28 13:34:00.000000000,BEST_ASK,"JPM,100982,111"
2019-06-28 13:34:00.000000000,LAST_TRADE,"3,$100982.0000"
2019-06-28 13:34:00.000000000,QUERY_SPREAD,88
2019-06-28 13:34:00.000000000,BEST_BID,"JPM,100799,343"
2019-06-28 13:34:00.000000000,BEST_ASK,"JPM,100982,107"
2019-06-28 13:34:00.000000000,LAST_TRADE,"4,$100982.0000"
2019-06-28 13:34:00.000000000,QUERY_SPREAD,89
2019-06-28 13:34:00.000000000,BEST_BID,"JPM,100799,343"
2019-06-28 13:34:00.000000000,BEST_ASK,"JPM,100982,103"
2019-06-28 13:34:00.000000000,LAST_TRADE,"4,$100982.0000"
2019-06-28 13:34:00.000000000,QUERY_SPREAD,90
2019-06-28 13:34:00.000000000,BEST_BID,"JPM,100799,343"
2019-06-28 13:34:00.000000000,BEST_ASK,"JPM,100982,96"
2019-06-28 13:34:00.000000000,LAST_TRADE,"7,$100982.0000"
2019-06-28 13:34:00.000000000,QUERY_SPREAD,91
2019-06-28 13:34:00.000000000,BEST_BID,"JPM,100799,343"
2019-06-28 13:34:00.000000000,BEST_ASK,"JPM,100982,88"
2019-06-28 13:34:00.000000000,LAST_TRADE,"8,$100982.0000"
2019-06-28 13:34:00.000000000,QUERY_SPREAD,92
2019-06-28 13:34:00.000000000,BEST_BID,"JPM,100799,343"
2019-06-28 13:34:00.000000000,BEST_ASK,"JPM,100982,83"
2019-06-28 13:34:00.000000000,LAST_TRADE,"5,$100982.0000"
2019-06-28 13:34:00.000000000,QUERY_SPREAD,93
2019-06-28 13:34:00.000000000,BEST_BID,"JPM,100799,343"
2019-06-28 13:34:00.000000000,BEST_ASK,"JPM,100982,80"
2019-06-28 13:34:00.000000000,LAST_TRADE,"3,$100982.0000"
2019-06-28 13:34:00.000000000,QUERY_SPREAD,94
2019-06-28 13:34:00.000000000,BEST_BID,"JPM,100799,343"
2019-06-28 13:34:00.000000000,BEST_ASK,"JPM,100982,76"
2019-06-28 13:34:00.000000000,LAST_TRADE,"4,$100982.0000"
2019-06-28 13:34:00.000000000,QUERY_SPREAD,95
2019-06-28 13:34:00.000000000,BEST_BID,"JPM,100799,343"
2019-06-28 13:34:00.000000000,BEST_ASK,"JPM,100982,71"
2019-06-28 13:34:00.000000000,LAST_TRADE,"5,$100982.0000"
2019-06-28 13:34:00.000000000,QUERY_SPREAD,96
2019-06-28 13:34:00.000000000,BEST_BID,"JPM,100799,343"
2019-06-28 13:34:00.000000000,BEST_ASK,"JPM,100982,70"
2019-06-28 13:34:00.000000000,LAST_TRADE,"1,$100982.0000"
2019-06-28 13:34:00.000000000,QUERY_SPREAD,97
2019-06-28 13:34:00.000000000,BEST_BID,"JPM,100799,343"
2019-06-28 13:34:00.000000000,BEST_ASK,"JPM,100982,63"
2019-06-28 13:34:00.000000000,LAST_TRADE,"7,$100982.0000"
2019-06-28 13:34:00.000000000,QUERY_SPREAD,98
2019-06-28 13:34:00.000000000,BEST_BID,"JPM,100799,343"
2019-06-28 13:34:00.000000000,BEST_ASK,"JPM,100982,57"
2019-06-28 13:34:00.000000000,LAST_TRADE,"6,$100982.0000"
2019-06-28 13:34:00.000000000,QUERY_SPREAD,99
2019-06-28 13:34:00.000000000,BEST_BID,"JPM,100799,343"
2019-06-28 13:34:00.000000000,BEST_ASK,"JPM,100982,52"
2019-06-28 13:34:00.000000000,LAST_TRADE,"5,$100982.0000"
2019-06-28 13:34:00.000000000,QUERY_SPREAD,100
2019-06-28 13:34:00.000000000,BEST_BID,"JPM,100799,343"
2019-06-28 13:34:00.000000000,BEST_ASK,"JPM,100982,45"
2019-06-28 13:34:00.000000000,LAST_TRADE,"7,$100982.0000"
2019-06-28 13:34:00.000000000,QUERY_SPREAD,101
2019-06-28 13:34:00.000000000,QUERY_ORDER_STREAM,101
2019-06-28 13:34:00.000000000,BEST_BID,"JPM,100799,343"
2019-06-28 13:34:00.000000000,BEST_ASK,"JPM,100982,46"
2019-06-28 13:34:10.000000000,QUERY_SPREAD,1
2019-06-28 13:34:10.000000000,BEST_BID,"JPM,100799,343"
2019-06-28 13:34:10.000000000,BEST_ASK,"JPM,100982,1"
2019-06-28 13:34:10.000000000,BEST_BID,"JPM,100799,343"
2019-06-28 13:34:10.000000000,BEST_ASK,"JPM,100982,1"
2019-06-28 13:34:10.000000000,BEST_BID,"JPM,100799,343"
2019-06-28 13:34:10.000000000,BEST_ASK,"JPM,100982,1"
2019-06-28 13:34:10.000000000,BEST_BID,"JPM,100799,343"
2019-06-28 13:34:10.000000000,BEST_ASK,"JPM,100982,1"
2019-06-28 13:34:10.000000000,BEST_BID,"JPM,100799,343"
2019-06-28 13:34:10.000000000,BEST_ASK,"JPM,100982,1"
2019-06-28 13:34:10.000000000,BEST_BID,"JPM,100799,343"
2019-06-28 13:34:10.000000000,BEST_ASK,"JPM,100982,57"
2019-06-28 13:34:10.000000000,BEST_BID,"JPM,100799,343"
2019-06-28 13:34:10.000000000,BEST_ASK,"JPM,100982,57"
2019-06-28 13:34:10.000000000,BEST_BID,"JPM,100799,343"
2019-06-28 13:34:10.000000000,BEST_ASK,"JPM,100982,57"
2019-06-28 13:34:10.000000000,BEST_BID,"JPM,100799,343"
2019-06-28 13:34:10.000000000,BEST_ASK,"JPM,100982,57"
2019-06-28 13:34:10.000000000,BEST_BID,"JPM,100799,343"
2019-06-28 13:34:10.000000000,BEST_ASK,"JPM,100982,57"
2019-06-28 13:34:13.545496017,QUERY_SPREAD,6
2019-06-28 13:34:13.545496017,BEST_BID,"JPM,100982,43"
2019-06-28 13:34:13.545496017,BEST_ASK,"JPM,101132,57"
2019-06-28 13:34:13.545496017,LAST_TRADE,"57,$100982.0000"
2019-06-28 13:34:20.000000000,QUERY_SPREAD,1
2019-06-28 13:34:20.000000000,BEST_BID,"JPM,100982,323"
2019-06-28 13:34:20.000000000,BEST_ASK,"JPM,101132,1"
2019-06-28 13:34:20.000000000,BEST_BID,"JPM,100982,323"
2019-06-28 13:34:20.000000000,BEST_ASK,"JPM,101132,281"
2019-06-28 13:34:30.000000000,QUERY_SPREAD,1
2019-06-28 13:34:30.000000000,BEST_BID,"JPM,100982,323"
2019-06-28 13:34:30.000000000,BEST_ASK,"JPM,101132,1"
2019-06-28 13:34:30.000000000,BEST_BID,"JPM,100982,323"
2019-06-28 13:34:30.000000000,BEST_ASK,"JPM,101132,281"
2019-06-28 13:34:39.866172262,QUERY_ORDER_STREAM,66
2019-06-28 13:34:39.866172262,QUERY_SPREAD,66
2019-06-28 13:34:40.000000000,QUERY_SPREAD,1
2019-06-28 13:34:40.000000000,BEST_BID,"JPM,100982,113"
2019-06-28 13:34:40.000000000,BEST_ASK,"JPM,101132,1"
2019-06-28 13:34:40.000000000,BEST_BID,"JPM,100982,113"
2019-06-28 13:34:40.000000000,BEST_ASK,"JPM,101132,1"
2019-06-28 13:34:40.000000000,BEST_BID,"JPM,100982,113"
2019-06-28 13:34:40.000000000,BEST_ASK,"JPM,101132,1"
2019-06-28 13:34:40.000000000,BEST_BID,"JPM,100982,113"
2019-06-28 13:34:40.000000000,BEST_ASK,"JPM,101132,1"
2019-06-28 13:34:40.000000000,BEST_BID,"JPM,100982,113"
2019-06-28 13:34:40.000000000,BEST_ASK,"JPM,101132,71"
2019-06-28 13:34:40.000000000,BEST_BID,"JPM,100982,113"
2019-06-28 13:34:40.000000000,BEST_ASK,"JPM,101132,71"
2019-06-28 13:34:40.000000000,BEST_BID,"JPM,100982,113"
2019-06-28 13:34:40.000000000,BEST_ASK,"JPM,101132,71"
2019-06-28 13:34:40.000000000,BEST_BID,"JPM,100982,113"
2019-06-28 13:34:40.000000000,BEST_ASK,"JPM,101132,71"
2019-06-28 13:34:41.556822472,QUERY_SPREAD,5
2019-06-28 13:34:41.556822472,BEST_BID,"JPM,101132,29"
2019-06-28 13:34:41.556822472,BEST_ASK,"JPM,101293,170"
2019-06-28 13:34:41.556822472,LAST_TRADE,"71,$101132.0000"
2019-06-28 13:34:44.501749220,QUERY_SPREAD,38
2019-06-28 13:34:44.501749220,BEST_BID,"JPM,101132,29"
2019-06-28 13:34:44.501749220,BEST_ASK,"JPM,101293,170"
2019-06-28 13:34:50.000000000,QUERY_SPREAD,1
2019-06-28 13:34:50.000000000,BEST_BID,"JPM,101132,169"
2019-06-28 13:34:50.000000000,BEST_ASK,"JPM,101293,100"
2019-06-28 13:34:50.000000000,BEST_BID,"JPM,101132,169"
2019-06-28 13:34:50.000000000,BEST_ASK,"JPM,101293,100"
2019-06-28 13:34:50.000000000,BEST_BID,"JPM,101132,169"
2019-06-28 13:34:50.000000000,BEST_ASK,"JPM,101293,240"
2019-06-28 13:34:50.000000000,BEST_BID,"JPM,101132,169"
2019-06-28 13:34:50.000000000,BEST_ASK,"JPM,101293,240"
2019-06-28 13:35:00.000000000,QUERY_SPREAD,1
2019-06-28 13:35:00.000000000,BEST_BID,"JPM,101132,124"
2019-06-28 13:35:00.000000000,BEST_ASK,"JPM,101293,100"
2019-06-28 13:35:00.000000000,BEST_BID,"JPM,101132,124"
2019-06-28 13:35:00.000000000,BEST_ASK,"JPM,101293,100"
2019-06-28 13:35:00.000000000,BEST_BID,"JPM,101132,124"
2019-06-28 13:35:00.000000000,BEST_ASK,"JPM,101293,100"
2019-06-28 13:35:00.000000000,BEST_BID,"JPM,101132,124"
2019-06-28 13:35:00.000000000,BEST_ASK,"JPM,101293,195"
2019-06-28 13:35:00.000000000,BEST_BID,"JPM,101132,124"
2019-06-28 13:35:00.000000000,BEST_ASK,"JPM,101293,195"
2019-06-28 13:35:00.000000000,BEST_BID,"JPM,101132,124"
2019-06-28 13:35:00.000000000,BEST_ASK,"JPM,101293,195"
2019-06-28 13:35:00.000000000,QUERY_SPREAD,77
2019-06-28 13:35:00.000000000,BEST_BID,"JPM,101132,124"
2019-06-28 13:35:00.000000000,BEST_ASK,"JPM,101293,194"
2019-06-28 13:35:00.000000000,LAST_TRADE,"1,$101293.0000"
2019-06-28 13:35:00.000000000,QUERY_SPREAD,78
2019-06-28 13:35:00.000000000,BEST_BID,"JPM,101132,124"
2019-06-28 13:35:00.000000000,BEST_ASK,"JPM,101293,190"
2019-06-28 13:35:00.000000000,LAST_TRADE,"4,$101293.0000"
2019-06-28 13:35:00.000000000,QUERY_SPREAD,79
2019-06-28 13:35:00.000000000,BEST_BID,"JPM,101132,124"
2019-06-28 13:35:00.000000000,BEST_ASK,"JPM,101293,184"
2019-06-28 13:35:00.000000000,LAST_TRADE,"6,$101293.0000"
2019-06-28 13:35:00.000000000,QUERY_SPREAD,80
2019-06-28 13:35:00.000000000,BEST_BID,"JPM,101132,124"
2019-06-28 13:35:00.000000000,BEST_ASK,"JPM,101293,179"
2019-06-28 13:35:00.000000000,LAST_TRADE,"5,$101293.0000"
2019-06-28 13:35:00.000000000,QUERY_SPREAD,81
2019-06-28 13:35:00.000000000,BEST_BID,"JPM,101132,124"
2019-06-28 13:35:00.000000000,BEST_ASK,"JPM,101293,171"
2019-06-28 13:35:00.000000000,LAST_TRADE,"8,$101293.0000"
2019-06-28 13:35:00.000000000,QUERY_SPREAD,82
2019-06-28 13:35:00.000000000,BEST_BID,"JPM,101132,124"
2019-06-28 13:35:00.000000000,BEST_ASK,"JPM,101293,163"
2019-06-28 13:35:00.000000000,LAST_TRADE,"8,$101293.0000"
2019-06-28 13:35:00.000000000,QUERY_SPREAD,83
2019-06-28 13:35:00.000000000,BEST_BID,"JPM,101132,124"
2019-06-28 13:35:00.000000000,BEST_ASK,"JPM,101293,161"
2019-06-28 13:35:00.000000000,LAST_TRADE,"2,$101293.0000"
2019-06-28 13:35:00.000000000,QUERY_SPREAD,84
2019-06-28 13:35:00.000000000,BEST_BID,"JPM,101132,124"
2019-06-28 13:35:00.000000000,BEST_ASK,"JPM,101293,160"
2019-06-28 13:35:00.000000000,LAST_TRADE,"1,$101293.0000"
2019-06-28 13:35:00.000000000,QUERY_SPREAD,85
2019-06-28 13:35:00.000000000,BEST_BID,"JPM,101132,124"
2019-06-28 13:35:00.000000000,BEST_ASK,"JPM,101293,159"
2019-06-28 13:35:00.000000000,LAST_TRADE,"1,$101293.0000"
2019-06-28 13:35:00.000000000,QUERY_SPREAD,86
2019-06-28 13:35:00.000000000,BEST_BID,"JPM,101132,124"
2019-06-28 13:35:00.000000000,BEST_ASK,"JPM,101293,153"
2019-06-28 13:35:00.000000000,LAST_TRADE,"6,$101293.0000"
2019-06-28 13:35:00.000000000,QUERY_SPREAD,87
2019-06-28 13:35:00.000000000,BEST_BID,"JPM,101132,124"
2019-06-28 13:35:00.000000000,BEST_ASK,"JPM,101293,150"
2019-06-28 13:35:00.000000000,LAST_TRADE,"3,$101293.0000"
2019-06-28 13:35:00.000000000,QUERY_SPREAD,88
2019-06-28 13:35:00.000000000,BEST_BID,"JPM,101132,124"
2019-06-28 13:35:00.000000000,BEST_ASK,"JPM,101293,146"
2019-06-28 13:35:00.000000000,LAST_TRADE,"4,$101293.0000"
2019-06-28 13:35:00.000000000,QUERY_SPREAD,89
2019-06-28 13:35:00.000000000,BEST_BID,"JPM,101132,124"
2019-06-28 13:35:00.000000000,BEST_ASK,"JPM,101293,142"
2019-06-28 13:35:00.000000000,LAST_TRADE,"4,$101293.0000"
2019-06-28 13:35:00.000000000,QUERY_SPREAD,90
2019-06-28 13:35:00.000000000,BEST_BID,"JPM,101132,124"
2019-06-28 13:35:00.000000000,BEST_ASK,"JPM,101293,135"
2019-06-28 13:35:00.000000000,LAST_TRADE,"7,$101293.0000"
2019-06-28 13:35:00.000000000,QUERY_SPREAD,91
2019-06-28 13:35:00.000000000,BEST_BID,"JPM,101132,124"
2019-06-28 13:35:00.000000000,BEST_ASK,"JPM,101293,127"
2019-06-28 13:35:00.000000000,LAST_TRADE,"8,$101293.0000"
2019-06-28 13:35:00.000000000,QUERY_SPREAD,92
2019-06-28 13:35:00.000000000,BEST_BID,"JPM,101132,124"
2019-06-28 13:35:00.000000000,BEST_ASK,"JPM,101293,122"
2019-06-28 13:35:00.000000000,LAST_TRADE,"5,$101293.0000"
2019-06-28 13:35:00.000000000,QUERY_SPREAD,93
2019-06-28 13:35:00.000000000,BEST_BID,"JPM,101132,124"
2019-06-28 13:35:00.000000000,BEST_ASK,"JPM,101293,119"
2019-06-28 13:35:00.000000000,LAST_TRADE,"3,$101293.0000"
2019-06-28 13:35:00.000000000,QUERY_SPREAD,94
2019-06-28 13:35:00.000000000,BEST_BID,"JPM,101132,124"
2019-06-28 13:35:00.000000000,BEST_ASK,"JPM,101293,115"
2019-06-28 13:35:00.000000000,LAST_TRADE,"4,$101293.0000"
2019-06-28 13:35:00.000000000,QUERY_SPREAD,95
2019-06-28 13:35:00.000000000,BEST_BID,"JPM,101132,124"
2019-06-28 13:35:00.000000000,BEST_ASK,"JPM,101293,110"
2019-06-28 13:35:00.000000000,LAST_TRADE,"5,$101293.0000"
2019-06-28 13:35:00.000000000,QUERY_SPREAD,96
2019-06-28 13:35:00.000000000,BEST_BID,"JPM,101132,124"
2019-06-28 13:35:00.000000000,BEST_ASK,"JPM,101293,109"
2019-06-28 13:35:00.000000000,LAST_TRADE,"1,$101293.0000"
2019-06-28 13:35:00.000000000,QUERY_SPREAD,97
2019-06-28 13:35:00.000000000,BEST_BID,"JPM,101132,124"
2019-06-28 13:35:00.000000000,BEST_ASK,"JPM,101293,102"
2019-06-28 13:35:00.000000000,LAST_TRADE,"7,$101293.0000"
2019-06-28 13:35:00.000000000,QUERY_SPREAD,98
2019-06-28 13:35:00.000000000,BEST_BID,"JPM,101132,124"
2019-06-28 13:35:00.000000000,BEST_ASK,"JPM,101293,96"
2019-06-28 13:35:00.000000000,LAST_TRADE,"6,$101293.0000"
2019-06-28 13:35:00.000000000,QUERY_SPREAD,99
2019-06-28 13:35:00.000000000,BEST_BID,"JPM,101132,124"
2019-06-28 13:35:00.000000000,BEST_ASK,"JPM,101293,91"
2019-06-28 13:35:00.000000000,LAST_TRADE,"5,$101293.0000"
2019-06-28 13:35:00.000000000,QUERY_SPREAD,100
2019-06-28 13:35:00.000000000,BEST_BID,"JPM,101132,124"
2019-06-28 13:35:00.000000000,BEST_ASK,"JPM,101293,84"
2019-06-28 13:35:00.000000000,LAST_TRADE,"7,$101293.0000"
2019-06-28 13:35:00.000000000,QUERY_SPREAD,101
2019-06-28 13:35:00.000000000,QUERY_ORDER_STREAM,101
2019-06-28 13:35:00.000000000,BEST_BID,"JPM,101132,124"
2019-06-28 13:35:00.000000000,BEST_ASK,"JPM,101293,85"
2019-06-28 13:35:05.277873132,QUERY_SPREAD,31
2019-06-28 13:35:05.277873132,BEST_BID,"JPM,101132,124"
2019-06-28 13:35:05.277873132,BEST_ASK,"JPM,101293,85"
2019-06-28 13:35:10.000000000,QUERY_SPREAD,1
2019-06-28 13:35:10.000000000,BEST_BID,"JPM,101132,85"
2019-06-28 13:35:10.000000000,BEST_ASK,"JPM,101293,1"
2019-06-28 13:35:10.000000000,BEST_BID,"JPM,101132,85"
2019-06-28 13:35:10.000000000,BEST_ASK,"JPM,101293,1"
2019-06-28 13:35:10.000000000,BEST_BID,"JPM,101132,85"
2019-06-28 13:35:10.000000000,BEST_ASK,"JPM,101293,1"
2019-06-28 13:35:10.000000000,BEST_BID,"JPM,101132,85"
2019-06-28 13:35:10.000000000,BEST_ASK,"JPM,101293,1"
2019-06-28 13:35:10.000000000,BEST_BID,"JPM,101132,85"
2019-06-28 13:35:10.000000000,BEST_ASK,"JPM,101293,1"
2019-06-28 13:35:10.000000000,BEST_BID,"JPM,101132,85"
2019-06-28 13:35:10.000000000,BEST_ASK,"JPM,101293,57"
2019-06-28 13:35:10.000000000,BEST_BID,"JPM,101132,85"
2019-06-28 13:35:10.000000000,BEST_ASK,"JPM,101293,57"
2019-06-28 13:35:10.000000000,BEST_BID,"JPM,101132,85"
2019-06-28 13:35:10.000000000,BEST_ASK,"JPM,101293,57"
2019-06-28 13:35:10.000000000,BEST_BID,"JPM,101132,85"
2019-06-28 13:35:10.000000000,BEST_ASK,"JPM,101293,57"
2019-06-28 13:35:10.000000000,BEST_BID,"JPM,101132,85"
2019-06-28 13:35:10.000000000,BEST_ASK,"JPM,101293,57"
2019-06-28 13:35:20.000000000,QUERY_SPREAD,1
2019-06-28 13:35:20.000000000,BEST_BID,"JPM,101132,309"
2019-06-28 13:35:20.000000000,BEST_ASK,"JPM,101293,1"
2019-06-28 13:35:20.000000000,BEST_BID,"JPM,101132,309"
2019-06-28 13:35:20.000000000,BEST_ASK,"JPM,101293,281"
2019-06-28 13:35:27.486266439,QUERY_SPREAD,7
2019-06-28 13:35:27.486266439,BEST_BID,"JPM,101132,209"
2019-06-28 13:35:27.486266439,BEST_ASK,"JPM,101293,281"
2019-06-28 13:35:27.486266439,LAST_TRADE,"100,$101132.0000"
2019-06-28 13:35:30.000000000,QUERY_SPREAD,1
2019-06-28 13:35:30.000000000,BEST_BID,"JPM,100982,138"
2019-06-28 13:35:30.000000000,BEST_ASK,"JPM,101293,1"
2019-06-28 13:35:30.000000000,BEST_BID,"JPM,100982,138"
2019-06-28 13:35:30.000000000,BEST_ASK,"JPM,101293,1"
2019-06-28 13:35:30.000000000,BEST_BID,"JPM,100982,138"
2019-06-28 13:35:30.000000000,BEST_ASK,"JPM,101293,1"
2019-06-28 13:35:30.000000000,BEST_BID,"JPM,100982,138"
2019-06-28 13:35:30.000000000,BEST_ASK,"JPM,101293,96"
2019-06-28 13:35:30.000000000,BEST_BID,"JPM,100982,138"
2019-06-28 13:35:30.000000000,BEST_ASK,"JPM,101293,96"
2019-06-28 13:35:30.000000000,BEST_BID,"JPM,100982,138"
2019-06-28 13:35:30.000000000,BEST_ASK,"JPM,101293,96"
2019-06-28 13:35:40.000000000,QUERY_SPREAD,1
2019-06-28 13:35:40.000000000,BEST_BID,"JPM,100982,113"
2019-06-28 13:35:40.000000000,BEST_ASK,"JPM,101293,1"
2019-06-28 13:35:40.000000000,BEST_BID,"JPM,100982,113"
2019-06-28 13:35:40.000000000,BEST_ASK,"JPM,101293,1"
2019-06-28 13:35:40.000000000,BEST_BID,"JPM,100982,113"
2019-06-28 13:35:40.000000000,BEST_ASK,"JPM,101293,1"
2019-06-28 13:35:40.000000000,BEST_BID,"JPM,100982,113"
2019-06-28 13:35:40.000000000,BEST_ASK,"JPM,101293,1"
2019-06-28 13:35:40.000000000,BEST_BID,"JPM,100982,113"
2019-06-28 13:35:40.000000000,BEST_ASK,"JPM,101293,71"
2019-06-28 13:35:40.000000000,BEST_BID,"JPM,100982,113"
2019-06-28 13:35:40.000000000,BEST_ASK,"JPM,101293,71"
2019-06-28 13:35:40.000000000,BEST_BID,"JPM,100982,113"
2019-06-28 13:35:40.000000000,BEST_ASK,"JPM,101293,71"
2019-06-28 13:35:40.000000000,BEST_BID,"JPM,100982,113"
2019-06-28 13:35:40.000000000,BEST_ASK,"JPM,101293,71"
2019-06-28 13:35:41.403924549,QUERY_ORDER_STREAM,59
2019-06-28 13:35:41.403924549,QUERY_SPREAD,59
2019-06-28 13:35:45.217364361,QUERY_ORDER_STREAM,73
2019-06-28 13:35:45.217364361,QUERY_SPREAD,73
2019-06-28 13:35:45.217364361,BEST_BID,"JPM,100982,113"
2019-06-28 13:35:45.217364361,BEST_ASK,"JPM,101292,100"
2019-06-28 13:35:50.000000000,QUERY_SPREAD,1
2019-06-28 13:35:50.000000000,BEST_BID,"JPM,100982,183"
2019-06-28 13:35:50.000000000,BEST_ASK,"JPM,101292,100"
2019-06-28 13:35:50.000000000,BEST_BID,"JPM,100982,183"
2019-06-28 13:35:50.000000000,BEST_ASK,"JPM,101292,100"
2019-06-28 13:35:50.000000000,BEST_BID,"JPM,100982,183"
2019-06-28 13:35:50.000000000,BEST_ASK,"JPM,101292,240"
2019-06-28 13:35:50.000000000,BEST_BID,"JPM,100982,183"
2019-06-28 13:35:50.000000000,BEST_ASK,"JPM,101292,240"
2019-06-28 13:35:55.045381563,QUERY_SPREAD,48
2019-06-28 13:35:55.045381563,BEST_BID,"JPM,100982,183"
2019-06-28 13:35:55.045381563,BEST_ASK,"JPM,101292,240"
2019-06-28 13:36:00.000000000,QUERY_SPREAD,1
2019-06-28 13:36:00.000000000,BEST_BID,"JPM,100982,99"
2019-06-28 13:36:00.000000000,BEST_ASK,"JPM,101292,100"
2019-06-28 13:36:00.000000000,BEST_BID,"JPM,100982,99"
2019-06-28 13:36:00.000000000,BEST_ASK,"JPM,101292,100"
2019-06-28 13:36:00.000000000,BEST_BID,"JPM,100982,99"
2019-06-28 13:36:00.000000000,BEST_ASK,"JPM,101292,100"
2019-06-28 13:36:00.000000000,BEST_BID,"JPM,100982,99"
2019-06-28 13:36:00.000000000,BEST_ASK,"JPM,101292,100"
2019-06-28 13:36:00.000000000,BEST_BID,"JPM,100982,99"
2019-06-28 13:36:00.000000000,BEST_ASK,"JPM,101292,100"
2019-06-28 13:36:00.000000000,BEST_BID,"JPM,100982,99"
2019-06-28 13:36:00.000000000,BEST_ASK,"JPM,101292,156"
2019-06-28 13:36:00.000000000,BEST_BID,"JPM,100982,99"
2019-06-28 13:36:00.000000000,BEST_ASK,"JPM,101292,156"
2019-06-28 13:36:00.000000000,BEST_BID,"JPM,100982,99"
2019-06-28 13:36:00.000000000,BEST_ASK,"JPM,101292,156"
2019-06-28 13:36:00.000000000,BEST_BID,"JPM,100982,99"
2019-06-28 13:36:00.000000000,BEST_ASK,"JPM,101292,156"
2019-06-28 13:36:00.000000000,BEST_BID,"JPM,100982,99"
2019-06-28 13:36:00.000000000,BEST_ASK,"JPM,101292,156"
2019-06-28 13:36:00.000000000,QUERY_SPREAD,77
2019-06-28 13:36:00.000000000,BEST_BID,"JPM,100982,99"
2019-06-28 13:36:00.000000000,BEST_ASK,"JPM,101292,155"
2019-06-28 13:36:00.000000000,LAST_TRADE,"1,$101292.0000"
2019-06-28 13:36:00.000000000,QUERY_SPREAD,78
2019-06-28 13:36:00.000000000,BEST_BID,"JPM,100982,99"
2019-06-28 13:36:00.000000000,BEST_ASK,"JPM,101292,151"
2019-06-28 13:36:00.000000000,LAST_TRADE,"4,$101292.0000"
2019-06-28 13:36:00.000000000,QUERY_SPREAD,79
2019-06-28 13:36:00.000000000,BEST_BID,"JPM,100982,99"
2019-06-28 13:36:00.000000000,BEST_ASK,"JPM,101292,145"
2019-06-28 13:36:00.000000000,LAST_TRADE,"6,$101292.0000"
2019-06-28 13:36:00.000000000,QUERY_SPREAD,80
2019-06-28 13:36:00.000000000,BEST_BID,"JPM,100982,99"
2019-06-28 13:36:00.000000000,BEST_ASK,"JPM,101292,140"
2019-06-28 13:36:00.000000000,LAST_TRADE,"5,$101292.0000"
2019-06-28 13:36:00.000000000,QUERY_SPREAD,81
2019-06-28 13:36:00.000000000,BEST_BID,"JPM,100982,99"
2019-06-28 13:36:00.000000000,BEST_ASK,"JPM,101292,132"
2019-06-28 13:36:00.000000000,LAST_TRADE,"8,$101292.0000"
2019-06-28 13:36:00.000000000,QUERY_SPREAD,82
2019-06-28 13:36:00.000000000,BEST_BID,"JPM,100982,99"
2019-06-28 13:36:00.000000000,BEST_ASK,"JPM,101292,124"
2019-06-28 13:36:00.000000000,LAST_TRADE,"8,$101292.0000"
2019-06-28 13:36:00.000000000,QUERY_SPREAD,83
2019-06-28 13:36:00.000000000,BEST_BID,"JPM,100982,99"
2019-06-28 13:36:00.000000000,BEST_ASK,"JPM,101292,122"
2019-06-28 13:36:00.000000000,LAST_TRADE,"2,$101292.0000"
2019-06-28 13:36:00.000000000,QUERY_SPREAD,84
2019-06-28 13:36:00.000000000,BEST_BID,"JPM,100982,99"
2019-06-28 13:36:00.000000000,BEST_ASK,"JPM,101292,121"
2019-06-28 13:36:00.000000000,LAST_TRADE,"1,$101292.0000"
2019-06-28 13:36:00.000000000,QUERY_SPREAD,85
2019-06-28 13:36:00.000000000,BEST_BID,"JPM,100982,99"
2019-06-28 13:36:00.000000000,BEST_ASK,"JPM,101292,120"
2019-06-28 13:36:00.000000000,LAST_TRADE,"1,$101292.0000"
2019-06-28 13:36:00.000000000,QUERY_SPREAD,86
2019-06-28 13:36:00.000000000,BEST_BID,"JPM,100982,99"
2019-06-28 13:36:00.000000000,BEST_ASK,"JPM,101292,114"
2019-06-28 13:36:00.000000000,LAST_TRADE,"6,$101292.0000"
2019-06-28 13:36:00.000000000,QUERY_SPREAD,87
2019-06-28 13:36:00.000000000,BEST_BID,"JPM,100982,99"
2019-06-28 13:36:00.000000000,BEST_ASK,"JPM,101292,111"
2019-06-28 13:36:00.000000000,LAST_TRADE,"3,$101292.0000"
2019-06-28 13:36:00.000000000,QUERY_SPREAD,88
2019-06-28 13:36:00.000000000,BEST_BID,"JPM,100982,99"
2019-06-28 13:36:00.000000000,BEST_ASK,"JPM,101292,107"
2019-06-28 13:36:00.000000000,LAST_TRADE,"4,$101292.0000"
2019-06-28 13:36:00.000000000,QUERY_SPREAD,89
2019-06-28 13:36:00.000000000,BEST_BID,"JPM,100982,99"
2019-06-28 13:36:00.000000000,BEST_ASK,"JPM,101292,103"
2019-06-28 13:36:00.000000000,LAST_TRADE,"4,$101292.0000"
2019-06-28 13:36:00.000000000,QUERY_SPREAD,90
2019-06-28 13:36:00.000000000,BEST_BID,"JPM,100982,99"
2019-06-28 13:36:00.000000000,BEST_ASK,"JPM,101292,96"
2019-06-28 13:36:00.000000000,LAST_TRADE,"7,$101292.0000"
2019-06-28 13:36:00.000000000,QUERY_SPREAD,91
2019-06-28 13:36:00.000000000,BEST_BID,"JPM,100982,99"
2019-06-28 13:36:00.000000000,BEST_ASK,"JPM,101292,88"
2019-06-28 13:36:00.000000000,LAST_TRADE,"8,$101292.0000"
2019-06-28 13:36:00.000000000,QUERY_SPREAD,92
2019-06-28 13:36:00.000000000,BEST_BID,"JPM,100982,99"
2019-06-28 13:36:00.000000000,BEST_ASK,"JPM,101292,83"
2019-06-28 13:36:00.000000000,LAST_TRADE,"5,$101292.0000"
2019-06-28 13:36:00.000000000,QUERY_SPREAD,93
2019-06-28 13:36:00.000000000,BEST_BID,"JPM,100982,99"
2019-06-28 13:36:00.000000000,BEST_ASK,"JPM,101292,80"
2019-06-28 13:36:00.000000000,LAST_TRADE,"3,$101292.0000"
2019-06-28 13:36:00.000000000,QUERY_SPREAD,94
2019-06-28 13:36:00.000000000,BEST_BID,"JPM,100982,99"
2019-06-28 13:36:00.000000000,BEST_ASK,"JPM,101292,76"
2019-06-28 13:36:00.000000000,LAST_TRADE,"4,$101292.0000"
2019-06-28 13:36:00.000000000,QUERY_SPREAD,95
2019-06-28 13:36:00.000000000,BEST_BID,"JPM,100982,99"
2019-06-28 13:36:00.000000000,BEST_ASK,"JPM,101292,71"
2019-06-28 13:36:00.000000000,LAST_TRADE,"5,$101292.0000"
2019-06-28 13:36:00.000000000,QUERY_SPREAD,96
2019-06-28 13:36:00.000000000,BEST_BID,"JPM,100982,99"
2019-06-28 13:36:00.000000000,BEST_ASK,"JPM,101292,70"
2019-06-28 13:36:00.000000000,LAST_TRADE,"1,$101292.0000"
2019-06-28 13:36:00.000000000,QUERY_SPREAD,97
2019-06-28 13:36:00.000000000,BEST_BID,"JPM,100982,99"
2019-06-28 13:36:00.000000000,BEST_ASK,"JPM,101292,63"
2019-06-28 13:36:00.000000000,LAST_TRADE,"7,$101292.0000"
2019-06-28 13:36:00.000000000,QUERY_SPREAD,98
2019-06-28 13:36:00.000000000,BEST_BID,"JPM,100982,99"
2019-06-28 13:36:00.000000000,BEST_ASK,"JPM,101292,57"
2019-06-28 13:36:00.000000000,LAST_TRADE,"6,$101292.0000"
2019-06-28 13:36:00.000000000,QUERY_SPREAD,99
2019-06-28 13:36:00.000000000,BEST_BID,"JPM,100982,99"
2019-06-28 13:36:00.000000000,BEST_ASK,"JPM,101292,52"
2019-06-28 13:36:00.000000000,LAST_TRADE,"5,$101292.0000"
2019-06-28 13:36:00.000000000,QUERY_SPREAD,100
2019-06-28 13:36:00.000000000,BEST_BID,"JPM,100982,99"
2019-06-28 13:36:00.000000000,BEST_ASK,"JPM,101292,45"
2019-06-28 13:36:00.000000000,LAST_TRADE,"7,$101292.0000"
2019-06-28 13:36:00.000000000,QUERY_SPREAD,101
2019-06-28 13:36:00.000000000,QUERY_ORDER_STREAM,101
2019-06-28 13:36:00.000000000,BEST_BID,"JPM,100982,99"
2019-06-28 13:36:00.000000000,BEST_ASK,"JPM,101292,46"
2019-06-28 13:36:10.000000000,QUERY_SPREAD,1
2019-06-28 13:36:10.000000000,BEST_BID,"JPM,100982,138"
2019-06-28 13:36:10.000000000,BEST_ASK,"JPM,101292,1"
2019-06-28 13:36:10.000000000,BEST_BID,"JPM,100982,138"
2019-06-28 13:36:10.000000000,BEST_ASK,"JPM,101292,1"
2019-06-28 13:36:10.000000000,BEST_BID,"JPM,100982,138"
2019-06-28 13:36:10.000000000,BEST_ASK,"JPM,101292,1"
2019-06-28 13:36:10.000000000,BEST_BID,"JPM,100982,138"
2019-06-28 13:36:10.000000000,BEST_ASK,"JPM,101292,96"
2019-06-28 13:36:10.000000000,BEST_BID,"JPM,100982,138"
2019-06-28 13:36:10.000000000,BEST_ASK,"JPM,101292,96"
2019-06-28 13:36:10.000000000,BEST_BID,"JPM,100982,138"
2019-06-28 13:36:10.000000000,BEST_ASK,"JPM,101292,96"
2019-06-28 13:36:20.000000000,QUERY_SPREAD,1
2019-06-28 13:36:20.000000000,BEST_BID,"JPM,100982,183"
2019-06-28 13:36:20.000000000,BEST_ASK,"JPM,101292,1"
2019-06-28 13:36:20.000000000,BEST_BID,"JPM,100982,183"
2019-06-28 13:36:20.000000000,BEST_ASK,"JPM,101292,1"
2019-06-28 13:36:20.000000000,BEST_BID,"JPM,100982,183"
2019-06-28 13:36:20.000000000,BEST_ASK,"JPM,101292,141"
2019-06-28 13:36:20.000000000,BEST_BID,"JPM,100982,183"
2019-06-28 13:36:20.000000000,BEST_ASK,"JPM,101292,141"
2019-06-28 13:36:20.552198925,QUERY_ORDER_STREAM,76
2019-06-28 13:36:20.552198925,QUERY_SPREAD,76
2019-06-28 13:36:30.000000000,QUERY_SPREAD,1
2019-06-28 13:36:30.000000000,BEST_BID,"JPM,100982,99"
2019-06-28 13:36:30.000000000,BEST_ASK,"JPM,101292,1"
2019-06-28 13:36:30.000000000,BEST_BID,"JPM,100982,99"
2019-06-28 13:36:30.000000000,BEST_ASK,"JPM,101292,1"
2019-06-28 13:36:30.000000000,BEST_BID,"JPM,100982,99"
2019-06-28 13:36:30.000000000,BEST_ASK,"JPM,101292,1"
2019-06-28 13:36:30.000000000,BEST_BID,"JPM,100982,99"
2019-06-28 13:36:30.000000000,BEST_ASK,"JPM,101292,1"
2019-06-28 13:36:30.000000000,BEST_BID,"JPM,100982,99"
2019-06-28 13:36:30.000000000,BEST_ASK,"JPM,101292,1"
2019-06-28 13:36:30.000000000,BEST_BID,"JPM,100982,99"
2019-06-28 13:36:30.000000000,BEST_ASK,"JPM,101292,57"
2019-06-28 13:36:30.000000000,BEST_BID,"JPM,100982,99"
2019-06-28 13:36:30.000000000,BEST_ASK,"JPM,101292,57"
2019-06-28 13:36:30.000000000,BEST_BID,"JPM,100982,99"
2019-06-28 13:36:30.000000000,BEST_ASK,"JPM,101292,57"
2019-06-28 13:36:30.000000000,BEST_BID,"JPM,100982,99"
2019-06-28 13:36:30.000000000,BEST_ASK,"JPM,101292,57"
2019-06-28 13:36:30.000000000,BEST_BID,"JPM,100982,99"
2019-06-28 13:36:30.000000000,BEST_ASK,"JPM,101292,57"
2019-06-28 13:36:37.208522022,QUERY_ORDER_STREAM,57
2019-06-28 13:36:37.208522022,QUERY_SPREAD,57
2019-06-28 13:36:37.208522022,BEST_BID,"JPM,100982,99"
2019-06-28 13:36:37.208522022,BEST_ASK,"JPM,101292,157"
2019-06-28 13:36:40.000000000,QUERY_SPREAD,1
2019-06-28 13:36:40.000000000,BEST_BID,"JPM,100982,138"
2019-06-28 13:36:40.000000000,BEST_ASK,"JPM,101292,101"
2019-06-28 13:36:40.000000000,BEST_BID,"JPM,100982,138"
2019-06-28 13:36:40.000000000,BEST_ASK,"JPM,101292,101"
2019-06-28 13:36:40.000000000,BEST_BID,"JPM,100982,138"
2019-06-28 13:36:40.000000000,BEST_ASK,"JPM,101292,101"
2019-06-28 13:36:40.000000000,BEST_BID,"JPM,100982,138"
2019-06-28 13:36:40.000000000,BEST_ASK,"JPM,101292,196"
2019-06-28 13:36:40.000000000,BEST_BID,"JPM,100982,138"
2019-06-28 13:36:40.000000000,BEST_ASK,"JPM,101292,196"
2019-06-28 13:36:40.000000000,BEST_BID,"JPM,100982,138"
2019-06-28 13:36:40.000000000,BEST_ASK,"JPM,101292,196"
2019-06-28 13:36:42.071399555,QUERY_ORDER_STREAM,76
2019-06-28 13:36:42.071399555,QUERY_SPREAD,76
2019-06-28 13:36:42.071399555,BEST_BID,"JPM,100982,138"
2019-06-28 13:36:42.071399555,BEST_ASK,"JPM,101292,296"
2019-06-28 13:36:45.282150277,QUERY_SPREAD,12
2019-06-28 13:36:45.282150277,BEST_BID,"JPM,101018,100"
2019-06-28 13:36:45.282150277,BEST_ASK,"JPM,101292,296"
2019-06-28 13:36:50.000000000,QUERY_SPREAD,1
2019-06-28 13:36:50.000000000,BEST_BID,"JPM,101018,170"
2019-06-28 13:36:50.000000000,BEST_ASK,"JPM,101292,201"
2019-06-28 13:36:50.000000000,BEST_BID,"JPM,101018,170"
2019-06-28 13:36:50.000000000,BEST_ASK,"JPM,101292,201"
2019-06-28 13:36:50.000000000,BEST_BID,"JPM,101018,170"
2019-06-28 13:36:50.000000000,BEST_ASK,"JPM,101292,201"
2019-06-28 13:36:50.000000000,BEST_BID,"JPM,101018,170"
2019-06-28 13:36:50.000000000,BEST_ASK,"JPM,101292,201"
2019-06-28 13:36:50.000000000,BEST_BID,"JPM,101018,170"
2019-06-28 13:36:50.000000000,BEST_ASK,"JPM,101292,271"
2019-06-28 13:36:50.000000000,BEST_BID,"JPM,101018,170"
2019-06-28 13:36:50.000000000,BEST_ASK,"JPM,101292,271"
2019-06-28 13:36:50.000000000,BEST_BID,"JPM,101018,170"
2019-06-28 13:36:50.000000000,BEST_ASK,"JPM,101292,271"
2019-06-28 13:36:50.000000000,BEST_BID,"JPM,101018,170"
2019-06-28 13:36:50.000000000,BEST_ASK,"JPM,101292,271"
2019-06-28 13:37:00.000000000,QUERY_SPREAD,1
2019-06-28 13:37:00.000000000,BEST_BID,"JPM,101018,156"
2019-06-28 13:37:00.000000000,BEST_ASK,"JPM,101292,201"
2019-06-28 13:37:00.000000000,BEST_BID,"JPM,101018,156"
2019-06-28 13:37:00.000000000,BEST_ASK,"JPM,101292,201"
2019-06-28 13:37:00.000000000,BEST_BID,"JPM,101018,156"
2019-06-28 13:37:00.000000000,BEST_ASK,"JPM,101292,201"
2019-06-28 13:37:00.000000000,BEST_BID,"JPM,101018,156"
2019-06-28 13:37:00.000000000,BEST_ASK,"JPM,101292,201"
2019-06-28 13:37:00.000000000,BEST_BID,"JPM,101018,156"
2019-06-28 13:37:00.000000000,BEST_ASK,"JPM,101292,201"
2019-06-28 13:37:00.000000000,BEST_BID,"JPM,101018,156"
2019-06-28 13:37:00.000000000,BEST_ASK,"JPM,101292,257"
2019-06-28 13:37:00.000000000,BEST_BID,"JPM,101018,156"
2019-06-28 13:37:00.000000000,BEST_ASK,"JPM,101292,257"
2019-06-28 13:37:00.000000000,BEST_BID,"JPM,101018,156"
2019-06-28 13:37:00.000000000,BEST_ASK,"JPM,101292,257"
2019-06-28 13:37:00.000000000,BEST_BID,"JPM,101018,156"
2019-06-28 13:37:00.000000000,BEST_ASK,"JPM,101292,257"
2019-06-28 13:37:00.000000000,BEST_BID,"JPM,101018,156"
2019-06-28 13:37:00.000000000,BEST_ASK,"JPM,101292,257"
2019-06-28 13:37:00.000000000,QUERY_SPREAD,77
2019-06-28 13:37:00.000000000,BEST_BID,"JPM,101018,156"
2019-06-28 13:37:00.000000000,BEST_ASK,"JPM,101292,256"
2019-06-28 13:37:00.000000000,LAST_TRADE,"1,$101292.0000"
2019-06-28 13:37:00.000000000,QUERY_SPREAD,78
2019-06-28 13:37:00.000000000,BEST_BID,"JPM,101018,156"
2019-06-28 13:37:00.000000000,BEST_ASK,"JPM,101292,252"
2019-06-28 13:37:00.000000000,LAST_TRADE,"4,$101292.0000"
2019-06-28 13:37:00.000000000,QUERY_SPREAD,79
2019-06-28 13:37:00.000000000,BEST_BID,"JPM,101018,156"
2019-06-28 13:37:00.000000000,BEST_ASK,"JPM,101292,246"
2019-06-28 13:37:00.000000000,LAST_TRADE,"6,$101292.0000"
2019-06-28 13:37:00.000000000,QUERY_SPREAD,80
2019-06-28 13:37:00.000000000,BEST_BID,"JPM,101018,156"
2019-06-28 13:37:00.000000000,BEST_ASK,"JPM,101292,241"
2019-06-28 13:37:00.000000000,LAST_TRADE,"5,$101292.0000"
2019-06-28 13:37:00.000000000,QUERY_SPREAD,81
2019-06-28 13:37:00.000000000,BEST_BID,"JPM,101018,156"
2019-06-28 13:37:00.000000000,BEST_ASK,"JPM,101292,233"
2019-06-28 13:37:00.000000000,LAST_TRADE,"8,$101292.0000"
2019-06-28 13:37:00.000000000,QUERY_SPREAD,82
2019-06-28 13:37:00.000000000,BEST_BID,"JPM,101018,156"
2019-06-28 13:37:00.000000000,BEST_ASK,"JPM,101292,225"
2019-06-28 13:37:00.000000000,LAST_TRADE,"8,$101292.0000"
2019-06-28 13:37:00.000000000,QUERY_SPREAD,83
2019-06-28 13:37:00.000000000,BEST_BID,"JPM,101018,156"
2019-06-28 13:37:00.000000000,BEST_ASK,"JPM,101292,223"
2019-06-28 13:37:00.000000000,LAST_TRADE,"2,$101292.0000"
2019-06-28 13:37:00.000000000,QUERY_SPREAD,84
2019-06-28 13:37:00.000000000,BEST_BID,"JPM,101018,156"
2019-06-28 13:37:00.000000000,BEST_ASK,"JPM,101292,222"
2019-06-28 13:37:00.000000000,LAST_TRADE,"1,$101292.0000"
2019-06-28 13:37:00.000000000,QUERY_SPREAD,85
2019-06-28 13:37:00.000000000,BEST_BID,"JPM,101018,156"
2019-06-28 13:37:00.000000000,BEST_ASK,"JPM,101292,221"
2019-06-28 13:37:00.000000000,LAST_TRADE,"1,$101292.0000"
2019-06-28 13:37:00.000000000,QUERY_SPREAD,86
2019-06-28 13:37:00.000000000,BEST_BID,"JPM,101018,156"
2019-06-28 13:37:00.000000000,BEST_ASK,"JPM,101292,215"
2019-06-28 13:37:00.000000000,LAST_TRADE,"6,$101292.0000"
2019-06-28 13:37:00.000000000,QUERY_SPREAD,87
2019-06-28 13:37:00.000000000,BEST_BID,"JPM,101018,156"
2019-06-28 13:37:00.000000000,BEST_ASK,"JPM,101292,212"
2019-06-28 13:37:00.000000000,LAST_TRADE,"3,$101292.0000"
2019-06-28 13:37:00.000000000,QUERY_SPREAD,88
2019-06-28 13:37:00.000000000,BEST_BID,"JPM,101018,156"
2019-06-28 13:37:00.000000000,BEST_ASK,"JPM,101292,208"
2019-06-28 13:37:00.000000000,LAST_TRADE,"4,$101292.0000"
2019-06-28 13:37:00.000000000,QUERY_SPREAD,89
2019-06-28 13:37:00.000000000,BEST_BID,"JPM,101018,156"
2019-06-28 13:37:00.000000000,BEST_ASK,"JPM,101292,204"
2019-06-28 13:37:00.000000000,LAST_TRADE,"4,$101292.0000"
2019-06-28 13:37:00.000000000,QUERY_SPREAD,90
2019-06-28 13:37:00.000000000,BEST_BID,"JPM,101018,156"
2019-06-28 13:37:00.000000000,BEST_ASK,"JPM,101292,197"
2019-06-28 13:37:00.000000000,LAST_TRADE,"7,$101292.0000"
2019-06-28 13:37:00.000000000,QUERY_SPREAD,91
2019-06-28 13:37:00.000000000,BEST_BID,"JPM,101018,156"
2019-06-28 13:37:00.000000000,BEST_ASK,"JPM,101292,189"
2019-06-28 13:37:00.000000000,LAST_TRADE,"8,$101292.0000"
2019-06-28 13:37:00.000000000,QUERY_SPREAD,92
2019-06-28 13:37:00.000000000,BEST_BID,"JPM,101018,156"
2019-06-28 13:37:00.000000000,BEST_ASK,"JPM,101292,184"
2019-06-28 13:37:00.000000000,LAST_TRADE,"5,$101292.0000"
2019-06-28 13:37:00.000000000,QUERY_SPREAD,93
2019-06-28 13:37:00.000000000,BEST_BID,"JPM,101018,156"
2019-06-28 13:37:00.000000000,BEST_ASK,"JPM,101292,181"
2019-06-28 13:37:00.000000000,LAST_TRADE,"3,$101292.0000"
2019-06-28 13:37:00.000000000,QUERY_SPREAD,94
2019-06-28 13:37:00.000000000,BEST_BID,"JPM,101018,156"
2019-06-28 13:37:00.000000000,BEST_ASK,"JPM,101292,177"
2019-06-28 13:37:00.000000000,LAST_TRADE,"4,$101292.0000"
2019-06-28 13:37:00.000000000,QUERY_SPREAD,95
2019-06-28 13:37:00.000000000,BEST_BID,"JPM,101018,156"
2019-06-28 13:37:00.000000000,BEST_ASK,"JPM,101292,172"
2019-06-28 13:37:00.000000000,LAST_TRADE,"5,$101292.0000"
2019-06-28 13:37:00.000000000,QUERY_SPREAD,96
2019-06-28 13:37:00.000000000,BEST_BID,"JPM,101018,156"
2019-06-28 13:37:00.000000000,BEST_ASK,"JPM,101292,171"
2019-06-28 13:37:00.000000000,LAST_TRADE,"1,$101292.0000"
2019-06-28 13:37:00.000000000,QUERY_SPREAD,97
2019-06-28 13:37:00.000000000,BEST_BID,"JPM,101018,156"
2019-06-28 13:37:00.000000000,BEST_ASK,"JPM,101292,164"
2019-06-28 13:37:00.000000000,LAST_TRADE,"7,$101292.0000"
2019-06-28 13:37:00.000000000,QUERY_SPREAD,98
2019-06-28 13:37:00.000000000,BEST_BID,"JPM,101018,156"
2019-06-28 13:37:00.000000000,BEST_ASK,"JPM,101292,158"
2019-06-28 13:37:00.000000000,LAST_TRADE,"6,$101292.0000"
2019-06-28 13:37:00.000000000,QUERY_SPREAD,99
2019-06-28 13:37:00.000000000,BEST_BID,"JPM,101018,156"
2019-06-28 13:37:00.000000000,BEST_ASK,"JPM,101292,153"
2019-06-28 13:37:00.000000000,LAST_TRADE,"5,$101292.0000"
2019-06-28 13:37:00.000000000,QUERY_SPREAD,100
2019-06-28 13:37:00.000000000,BEST_BID,"JPM,101018,156"
2019-06-28 13:37:00.000000000,BEST_ASK,"JPM,101292,146"
2019-06-28 13:37:00.000000000,LAST_TRADE,"7,$101292.0000"
2019-06-28 13:37:00.000000000,QUERY_SPREAD,101
2019-06-28 13:37:00.000000000,QUERY_ORDER_STREAM,101
2019-06-28 13:37:00.000000000,BEST_BID,"JPM,101018,156"
2019-06-28 13:37:00.000000000,BEST_ASK,"JPM,101292,147"
2019-06-28 13:37:10.000000000,QUERY_SPREAD,1
2019-06-28 13:37:10.000000000,BEST_BID,"JPM,101018,380"
2019-06-28 13:37:10.000000000,BEST_ASK,"JPM,101292,91"
2019-06-28 13:37:10.000000000,BEST_BID,"JPM,101018,380"
2019-06-28 13:37:10.000000000,BEST_ASK,"JPM,101292,371"
2019-06-28 13:37:20.000000000,QUERY_SPREAD,1
2019-06-28 13:37:20.000000000,BEST_BID,"JPM,101018,240"
2019-06-28 13:37:20.000000000,BEST_ASK,"JPM,101292,91"
2019-06-28 13:37:20.000000000,BEST_BID,"JPM,101018,240"
2019-06-28 13:37:20.000000000,BEST_ASK,"JPM,101292,91"
2019-06-28 13:37:20.000000000,BEST_BID,"JPM,101018,240"
2019-06-28 13:37:20.000000000,BEST_ASK,"JPM,101292,231"
2019-06-28 13:37:20.000000000,BEST_BID,"JPM,101018,240"
2019-06-28 13:37:20.000000000,BEST_ASK,"JPM,101292,231"
2019-06-28 13:37:30.000000000,QUERY_SPREAD,1
2019-06-28 13:37:30.000000000,BEST_BID,"JPM,101018,195"
2019-06-28 13:37:30.000000000,BEST_ASK,"JPM,101292,91"
2019-06-28 13:37:30.000000000,BEST_BID,"JPM,101018,195"
2019-06-28 13:37:30.000000000,BEST_ASK,"JPM,101292,91"
2019-06-28 13:37:30.000000000,BEST_BID,"JPM,101018,195"
2019-06-28 13:37:30.000000000,BEST_ASK,"JPM,101292,91"
2019-06-28 13:37:30.000000000,BEST_BID,"JPM,101018,195"
2019-06-28 13:37:30.000000000,BEST_ASK,"JPM,101292,186"
2019-06-28 13:37:30.000000000,BEST_BID,"JPM,101018,195"
2019-06-28 13:37:30.000000000,BEST_ASK,"JPM,101292,186"
2019-06-28 13:37:30.000000000,BEST_BID,"JPM,101018,195"
2019-06-28 13:37:30.000000000,BEST_ASK,"JPM,101292,186"
2019-06-28 13:37:40.000000000,QUERY_SPREAD,1
2019-06-28 13:37:40.000000000,BEST_BID,"JPM,101018,240"
2019-06-28 13:37:40.000000000,BEST_ASK,"JPM,101292,91"
2019-06-28 13:37:40.000000000,BEST_BID,"JPM,101018,240"
2019-06-28 13:37:40.000000000,BEST_ASK,"JPM,101292,91"
2019-06-28 13:37:40.000000000,BEST_BID,"JPM,101018,240"
2019-06-28 13:37:40.000000000,BEST_ASK,"JPM,101292,231"
2019-06-28 13:37:40.000000000,BEST_BID,"JPM,101018,240"
2019-06-28 13:37:40.000000000,BEST_ASK,"JPM,101292,231"
2019-06-28 13:37:41.011153139,QUERY_SPREAD,3
2019-06-28 13:37:41.011153139,BEST_BID,"JPM,101018,240"
2019-06-28 13:37:41.011153139,BEST_ASK,"JPM,101292,231"
2019-06-28 13:37:46.511519024,QUERY_SPREAD,44
2019-06-28 13:37:46.511519024,BEST_BID,"JPM,101230,100"
2019-06-28 13:37:46.511519024,BEST_ASK,"JPM,101292,231"
2019-06-28 13:37:48.824320610,QUERY_SPREAD,16
2019-06-28 13:37:48.824320610,BEST_BID,"JPM,101230,100"
2019-06-28 13:37:48.824320610,BEST_ASK,"JPM,101292,131"
2019-06-28 13:37:48.824320610,LAST_TRADE,"100,$101292.0000"
2019-06-28 13:37:50.000000000,QUERY_SPREAD,1
2019-06-28 13:37:50.000000000,BEST_BID,"JPM,101230,195"
2019-06-28 13:37:50.000000000,BEST_ASK,"JPM,101293,1"
2019-06-28 13:37:50.000000000,BEST_BID,"JPM,101230,195"
2019-06-28 13:37:50.000000000,BEST_ASK,"JPM,101293,1"
2019-06-28 13:37:50.000000000,BEST_BID,"JPM,101230,195"
2019-06-28 13:37:50.000000000,BEST_ASK,"JPM,101293,1"
2019-06-28 13:37:50.000000000,BEST_BID,"JPM,101230,195"
2019-06-28 13:37:50.000000000,BEST_ASK,"JPM,101293,96"
2019-06-28 13:37:50.000000000,BEST_BID,"JPM,101230,195"
2019-06-28 13:37:50.000000000,BEST_ASK,"JPM,101293,96"
2019-06-28 13:37:50.000000000,BEST_BID,"JPM,101230,195"
2019-06-28 13:37:50.000000000,BEST_ASK,"JPM,101293,96"
2019-06-28 13:38:00.000000000,QUERY_SPREAD,1
2019-06-28 13:38:00.000000000,BEST_BID,"JPM,101230,170"
2019-06-28 13:38:00.000000000,BEST_ASK,"JPM,101293,1"
2019-06-28 13:38:00.000000000,BEST_BID,"JPM,101230,170"
2019-06-28 13:38:00.000000000,BEST_ASK,"JPM,101293,1"
2019-06-28 13:38:00.000000000,BEST_BID,"JPM,101230,170"
2019-06-28 13:38:00.000000000,BEST_ASK,"JPM,101293,1"
2019-06-28 13:38:00.000000000,BEST_BID,"JPM,101230,170"
2019-06-28 13:38:00.000000000,BEST_ASK,"JPM,101293,1"
2019-06-28 13:38:00.000000000,BEST_BID,"JPM,101230,170"
2019-06-28 13:38:00.000000000,BEST_ASK,"JPM,101293,71"
2019-06-28 13:38:00.000000000,BEST_BID,"JPM,101230,170"
2019-06-28 13:38:00.000000000,BEST_ASK,"JPM,101293,71"
2019-06-28 13:38:00.000000000,BEST_BID,"JPM,101230,170"
2019-06-28 13:38:00.000000000,BEST_ASK,"JPM,101293,71"
2019-06-28 13:38:00.000000000,BEST_BID,"JPM,101230,170"
2019-06-28 13:38:00.000000000,BEST_ASK,"JPM,101293,71"
2019-06-28 13:38:00.000000000,QUERY_SPREAD,77
2019-06-28 13:38:00.000000000,BEST_BID,"JPM,101230,170"
2019-06-28 13:38:00.000000000,BEST_ASK,"JPM,101293,70"
2019-06-28 13:38:00.000000000,LAST_TRADE,"1,$101293.0000"
2019-06-28 13:38:00.000000000,QUERY_SPREAD,78
2019-06-28 13:38:00.000000000,BEST_BID,"JPM,101230,170"
2019-06-28 13:38:00.000000000,BEST_ASK,"JPM,101293,66"
2019-06-28 13:38:00.000000000,LAST_TRADE,"4,$101293.0000"
2019-06-28 13:38:00.000000000,QUERY_SPREAD,79
2019-06-28 13:38:00.000000000,BEST_BID,"JPM,101230,170"
2019-06-28 13:38:00.000000000,BEST_ASK,"JPM,101293,60"
2019-06-28 13:38:00.000000000,LAST_TRADE,"6,$101293.0000"
2019-06-28 13:38:00.000000000,QUERY_SPREAD,80
2019-06-28 13:38:00.000000000,BEST_BID,"JPM,101230,170"
2019-06-28 13:38:00.000000000,BEST_ASK,"JPM,101293,55"
2019-06-28 13:38:00.000000000,LAST_TRADE,"5,$101293.0000"
2019-06-28 13:38:00.000000000,QUERY_SPREAD,81
2019-06-28 13:38:00.000000000,BEST_BID,"JPM,101230,170"
2019-06-28 13:38:00.000000000,BEST_ASK,"JPM,101293,47"
2019-06-28 13:38:00.000000000,LAST_TRADE,"8,$101293.0000"
2019-06-28 13:38:00.000000000,QUERY_SPREAD,82
2019-06-28 13:38:00.000000000,BEST_BID,"JPM,101230,170"
2019-06-28 13:38:00.000000000,BEST_ASK,"JPM,101293,39"
2019-06-28 13:38:00.000000000,LAST_TRADE,"8,$101293.0000"
2019-06-28 13:38:00.000000000,QUERY_SPREAD,83
2019-06-28 13:38:00.000000000,BEST_BID,"JPM,101230,170"
2019-06-28 13:38:00.000000000,BEST_ASK,"JPM,101293,37"
2019-06-28 13:38:00.000000000,LAST_TRADE,"2,$101293.0000"
2019-06-28 13:38:00.000000000,QUERY_SPREAD,84
2019-06-28 13:38:00.000000000,BEST_BID,"JPM,101230,170"
2019-06-28 13:38:00.000000000,BEST_ASK,"JPM,101293,36"
2019-06-28 13:38:00.000000000,LAST_TRADE,"1,$101293.0000"
2019-06-28 13:38:00.000000000,QUERY_SPREAD,85
2019-06-28 13:38:00.000000000,BEST_BID,"JPM,101230,170"
2019-06-28 13:38:00.000000000,BEST_ASK,"JPM,101293,35"
2019-06-28 13:38:00.000000000,LAST_TRADE,"1,$101293.0000"
2019-06-28 13:38:00.000000000,QUERY_SPREAD,86
2019-06-28 13:38:00.000000000,BEST_BID,"JPM,101230,170"
2019-06-28 13:38:00.000000000,BEST_ASK,"JPM,101293,29"
2019-06-28 13:38:00.000000000,LAST_TRADE,"6,$101293.0000"
2019-06-28 13:38:00.000000000,QUERY_SPREAD,87
2019-06-28 13:38:00.000000000,BEST_BID,"JPM,101230,170"
2019-06-28 13:38:00.000000000,BEST_ASK,"JPM,101293,26"
2019-06-28 13:38:00.000000000,LAST_TRADE,"3,$101293.0000"
2019-06-28 13:38:00.000000000,QUERY_SPREAD,88
2019-06-28 13:38:00.000000000,BEST_BID,"JPM,101230,170"
2019-06-28 13:38:00.000000000,BEST_ASK,"JPM,101293,22"
2019-06-28 13:38:00.000000000,LAST_TRADE,"4,$101293.0000"
2019-06-28 13:38:00.000000000,QUERY_SPREAD,89
2019-06-28 13:38:00.000000000,BEST_BID,"JPM,101230,170"
2019-06-28 13:38:00.000000000,BEST_ASK,"JPM,101293,18"
2019-06-28 13:38:00.000000000,LAST_TRADE,"4,$101293.0000"
2019-06-28 13:38:00.000000000,QUERY_SPREAD,90
2019-06-28 13:38:00.000000000,BEST_BID,"JPM,101230,170"
2019-06-28 13:38:00.000000000,BEST_ASK,"JPM,101293,11"
2019-06-28 13:38:00.000000000,LAST_TRADE,"7,$101293.0000"
2019-06-28 13:38:00.000000000,QUERY_SPREAD,91
2019-06-28 13:38:00.000000000,BEST_BID,"JPM,101230,170"
2019-06-28 13:38:00.000000000,BEST_ASK,"JPM,101293,3"
2019-06-28 13:38:00.000000000,LAST_TRADE,"8,$101293.0000"
2019-06-28 13:38:00.000000000,QUERY_SPREAD,92
2019-06-28 13:38:00.000000000,BEST_BID,"JPM,101293,2"
2019-06-28 13:38:00.000000000,BEST_ASK,"JPM,101295,170"
2019-06-28 13:38:00.000000000,LAST_TRADE,"3,$101293.0000"
2019-06-28 13:38:00.000000000,QUERY_SPREAD,93
2019-06-28 13:38:00.000000000,BEST_BID,"JPM,101293,2"
2019-06-28 13:38:00.000000000,BEST_ASK,"JPM,101295,167"
2019-06-28 13:38:00.000000000,LAST_TRADE,"3,$101295.0000"
2019-06-28 13:38:00.000000000,QUERY_SPREAD,94
2019-06-28 13:38:00.000000000,BEST_BID,"JPM,101293,2"
2019-06-28 13:38:00.000000000,BEST_ASK,"JPM,101295,163"
2019-06-28 13:38:00.000000000,LAST_TRADE,"4,$101295.0000"
2019-06-28 13:38:00.000000000,QUERY_SPREAD,95
2019-06-28 13:38:00.000000000,BEST_BID,"JPM,101293,2"
2019-06-28 13:38:00.000000000,BEST_ASK,"JPM,101295,158"
2019-06-28 13:38:00.000000000,LAST_TRADE,"5,$101295.0000"
2019-06-28 13:38:00.000000000,QUERY_SPREAD,96
2019-06-28 13:38:00.000000000,BEST_BID,"JPM,101293,2"
2019-06-28 13:38:00.000000000,BEST_ASK,"JPM,101295,157"
2019-06-28 13:38:00.000000000,LAST_TRADE,"1,$101295.0000"
2019-06-28 13:38:00.000000000,QUERY_SPREAD,97
2019-06-28 13:38:00.000000000,BEST_BID,"JPM,101293,2"
2019-06-28 13:38:00.000000000,BEST_ASK,"JPM,101295,150"
2019-06-28 13:38:00.000000000,LAST_TRADE,"7,$101295.0000"
2019-06-28 13:38:00.000000000,QUERY_SPREAD,98
2019-06-28 13:38:00.000000000,BEST_BID,"JPM,101293,2"
2019-06-28 13:38:00.000000000,BEST_ASK,"JPM,101295,144"
2019-06-28 13:38:00.000000000,LAST_TRADE,"6,$101295.0000"
2019-06-28 13:38:00.000000000,QUERY_SPREAD,99
2019-06-28 13:38:00.000000000,BEST_BID,"JPM,101293,2"
2019-06-28 13:38:00.000000000,BEST_ASK,"JPM,101295,139"
2019-06-28 13:38:00.000000000,LAST_TRADE,"5,$101295.0000"
2019-06-28 13:38:00.000000000,QUERY_SPREAD,100
2019-06-28 13:38:00.000000000,BEST_BID,"JPM,101293,2"
2019-06-28 13:38:00.000000000,BEST_ASK,"JPM,101295,132"
2019-06-28 13:38:00.000000000,LAST_TRADE,"7,$101295.0000"
2019-06-28 13:38:00.000000000,QUERY_SPREAD,101
2019-06-28 13:38:00.000000000,QUERY_ORDER_STREAM,101
2019-06-28 13:38:00.000000000,BEST_BID,"JPM,101293,2"
2019-06-28 13:38:00.000000000,BEST_ASK,"JPM,101295,133"
2019-06-28 13:38:00.935450772,QUERY_SPREAD,51
2019-06-28 13:38:00.935450772,BEST_BID,"JPM,101230,170"
2019-06-28 13:38:00.935450772,BEST_ASK,"JPM,101293,98"
2019-06-28 13:38:00.935450772,LAST_TRADE,"2,$101293.0000"
2019-06-28 13:38:05.521448268,QUERY_SPREAD,7
2019-06-28 13:38:05.521448268,BEST_BID,"JPM,101230,70"
2019-06-28 13:38:05.521448268,BEST_ASK,"JPM,101293,98"
2019-06-28 13:38:05.521448268,LAST_TRADE,"100,$101230.0000"
2019-06-28 13:38:10.000000000,QUERY_SPREAD,1
2019-06-28 13:38:10.000000000,BEST_BID,"JPM,101018,156"
2019-06-28 13:38:10.000000000,BEST_ASK,"JPM,101293,98"
2019-06-28 13:38:10.000000000,BEST_BID,"JPM,101018,156"
2019-06-28 13:38:10.000000000,BEST_ASK,"JPM,101293,98"
2019-06-28 13:38:10.000000000,BEST_BID,"JPM,101018,156"
2019-06-28 13:38:10.000000000,BEST_ASK,"JPM,101293,98"
2019-06-28 13:38:10.000000000,BEST_BID,"JPM,101018,156"
2019-06-28 13:38:10.000000000,BEST_ASK,"JPM,101293,98"
2019-06-28 13:38:10.000000000,BEST_BID,"JPM,101018,156"
2019-06-28 13:38:10.000000000,BEST_ASK,"JPM,101293,98"
2019-06-28 13:38:10.000000000,BEST_BID,"JPM,101018,156"
2019-06-28 13:38:10.000000000,BEST_ASK,"JPM,101293,154"
2019-06-28 13:38:10.000000000,BEST_BID,"JPM,101018,156"
2019-06-28 13:38:10.000000000,BEST_ASK,"JPM,101293,154"
2019-06-28 13:38:10.000000000,BEST_BID,"JPM,101018,156"
2019-06-28 13:38:10.000000000,BEST_ASK,"JPM,101293,154"
2019-06-28 13:38:10.000000000,BEST_BID,"JPM,101018,156"
2019-06-28 13:38:10.000000000,BEST_ASK,"JPM,101293,154"
2019-06-28 13:38:10.000000000,BEST_BID,"JPM,101018,156"
2019-06-28 13:38:10.000000000,BEST_ASK,"JPM,101293,154"
2019-06-28 13:38:12.913288704,QUERY_SPREAD,28
2019-06-28 13:38:12.913288704,BEST_BID,"JPM,101018,156"
2019-06-28 13:38:12.913288704,BEST_ASK,"JPM,101239,100"
2019-06-28 13:38:17.112361103,QUERY_ORDER_STREAM,64
2019-06-28 13:38:17.112361103,QUERY_SPREAD,64
2019-06-28 13:38:17.112361103,BEST_BID,"JPM,101230,100"
2019-06-28 13:38:17.112361103,BEST_ASK,"JPM,101239,100"
2019-06-28 13:38:20.000000000,QUERY_SPREAD,1
2019-06-28 13:38:20.000000000,BEST_BID,"JPM,101230,240"
2019-06-28 13:38:20.000000000,BEST_ASK,"JPM,101239,100"
2019-06-28 13:38:20.000000000,BEST_BID,"JPM,101230,240"
2019-06-28 13:38:20.000000000,BEST_ASK,"JPM,101239,100"
2019-06-28 13:38:20.000000000,BEST_BID,"JPM,101230,240"
2019-06-28 13:38:20.000000000,BEST_ASK,"JPM,101239,240"
2019-06-28 13:38:20.000000000,BEST_BID,"JPM,101230,240"
2019-06-28 13:38:20.000000000,BEST_ASK,"JPM,101239,240"
2019-06-28 13:38:23.541828412,QUERY_SPREAD,8
2019-06-28 13:38:23.541828412,BEST_BID,"JPM,101230,240"
2019-06-28 13:38:23.541828412,BEST_ASK,"JPM,101239,240"
2019-06-28 13:38:30.000000000,QUERY_SPREAD,1
2019-06-28 13:38:30.000000000,BEST_BID,"JPM,101230,195"
2019-06-28 13:38:30.000000000,BEST_ASK,"JPM,101239,100"
2019-06-28 13:38:30.000000000,BEST_BID,"JPM,101230,195"
2019-06-28 13:38:30.000000000,BEST_ASK,"JPM,101239,100"
2019-06-28 13:38:30.000000000,BEST_BID,"JPM,101230,195"
2019-06-28 13:38:30.000000000,BEST_ASK,"JPM,101239,100"
2019-06-28 13:38:30.000000000,BEST_BID,"JPM,101230,195"
2019-06-28 13:38:30.000000000,BEST_ASK,"JPM,101239,195"
2019-06-28 13:38:30.000000000,BEST_BID,"JPM,101230,195"
2019-06-28 13:38:30.000000000,BEST_ASK,"JPM,101239,195"
2019-06-28 13:38:30.000000000,BEST_BID,"JPM,101230,195"
2019-06-28 13:38:30.000000000,BEST_ASK,"JPM,101239,195"
2019-06-28 13:38:40.000000000,QUERY_SPREAD,1
2019-06-28 13:38:40.000000000,BEST_BID,"JPM,101230,170"
2019-06-28 13:38:40.000000000,BEST_ASK,"JPM,101239,100"
2019-06-28 13:38:40.000000000,BEST_BID,"JPM,101230,170"
2019-06-28 13:38:40.000000000,BEST_ASK,"JPM,101239,100"
2019-06-28 13:38:40.000000000,BEST_BID,"JPM,101230,170"
2019-06-28 13:38:40.000000000,BEST_ASK,"JPM,101239,100"
2019-06-28 13:38:40.000000000,BEST_BID,"JPM,101230,170"
2019-06-28 13:38:40.000000000,BEST_ASK,"JPM,101239,100"
2019-06-28 13:38:40.000000000,BEST_BID,"JPM,101230,170"
2019-06-28 13:38:40.000000000,BEST_ASK,"JPM,101239,170"
2019-06-28 13:38:40.000000000,BEST_BID,"JPM,101230,170"
2019-06-28 13:38:40.000000000,BEST_ASK,"JPM,101239,170"
2019-06-28 13:38:40.000000000,BEST_BID,"JPM,101230,170"
2019-06-28 13:38:40.000000000,BEST_ASK,"JPM,101239,170"
2019-06-28 13:38:40.000000000,BEST_BID,"JPM,101230,170"
2019-06-28 13:38:40.000000000,BEST_ASK,"JPM,101239,170"
2019-06-28 13:38:50.000000000,QUERY_SPREAD,1
2019-06-28 13:38:50.000000000,BEST_BID,"JPM,101230,195"
2019-06-28 13:38:50.000000000,BEST_ASK,"JPM,101239,100"
2019-06-28 13:38:50.000000000,BEST_BID,"JPM,101230,195"
2019-06-28 13:38:50.000000000,BEST_ASK,"JPM,101239,100"
2019-06-28 13:38:50.000000000,BEST_BID,"JPM,101230,195"
2019-06-28 13:38:50.000000000,BEST_ASK,"JPM,101239,100"
2019-06-28 13:38:50.000000000,BEST_BID,"JPM,101230,195"
2019-06-28 13:38:50.000000000,BEST_ASK,"JPM,101239,195"
2019-06-28 13:38:50.000000000,BEST_BID,"JPM,101230,195"
2019-06-28 13:38:50.000000000,BEST_ASK,"JPM,101239,195"
2019-06-28 13:38:50.000000000,BEST_BID,"JPM,101230,195"
2019-06-28 13:38:50.000000000,BEST_ASK,"JPM,101239,195"
2019-06-28 13:39:00.000000000,QUERY_SPREAD,1
2019-06-28 13:39:00.000000000,BEST_BID,"JPM,101230,380"
2019-06-28 13:39:00.000000000,BEST_ASK,"JPM,101239,100"
2019-06-28 13:39:00.000000000,BEST_BID,"JPM,101230,380"
2019-06-28 13:39:00.000000000,BEST_ASK,"JPM,101239,380"
2019-06-28 13:39:00.000000000,QUERY_SPREAD,77
2019-06-28 13:39:00.000000000,BEST_BID,"JPM,101230,380"
2019-06-28 13:39:00.000000000,BEST_ASK,"JPM,101239,379"
2019-06-28 13:39:00.000000000,LAST_TRADE,"1,$101239.0000"
2019-06-28 13:39:00.000000000,QUERY_SPREAD,78
2019-06-28 13:39:00.000000000,BEST_BID,"JPM,101230,380"
2019-06-28 13:39:00.000000000,BEST_ASK,"JPM,101239,375"
2019-06-28 13:39:00.000000000,LAST_TRADE,"4,$101239.0000"
2019-06-28 13:39:00.000000000,QUERY_SPREAD,79
2019-06-28 13:39:00.000000000,BEST_BID,"JPM,101230,380"
2019-06-28 13:39:00.000000000,BEST_ASK,"JPM,101239,369"
2019-06-28 13:39:00.000000000,LAST_TRADE,"6,$101239.0000"
2019-06-28 13:39:00.000000000,QUERY_SPREAD,80
2019-06-28 13:39:00.000000000,BEST_BID,"JPM,101230,380"
2019-06-28 13:39:00.000000000,BEST_ASK,"JPM,101239,364"
2019-06-28 13:39:00.000000000,LAST_TRADE,"5,$101239.0000"
2019-06-28 13:39:00.000000000,QUERY_SPREAD,81
2019-06-28 13:39:00.000000000,BEST_BID,"JPM,101230,380"
2019-06-28 13:39:00.000000000,BEST_ASK,"JPM,101239,356"
2019-06-28 13:39:00.000000000,LAST_TRADE,"8,$101239.0000"
2019-06-28 13:39:00.000000000,QUERY_SPREAD,82
2019-06-28 13:39:00.000000000,BEST_BID,"JPM,101230,380"
2019-06-28 13:39:00.000000000,BEST_ASK,"JPM,101239,348"
2019-06-28 13:39:00.000000000,LAST_TRADE,"8,$101239.0000"
2019-06-28 13:39:00.000000000,QUERY_SPREAD,83
2019-06-28 13:39:00.000000000,BEST_BID,"JPM,101230,380"
2019-06-28 13:39:00.000000000,BEST_ASK,"JPM,101239,346"
2019-06-28 13:39:00.000000000,LAST_TRADE,"2,$101239.0000"
2019-06-28 13:39:00.000000000,QUERY_SPREAD,84
2019-06-28 13:39:00.000000000,BEST_BID,"JPM,101230,380"
2019-06-28 13:39:00.000000000,BEST_ASK,"JPM,101239,345"
2019-06-28 13:39:00.000000000,LAST_TRADE,"1,$101239.0000"
2019-06-28 13:39:00.000000000,QUERY_SPREAD,85
2019-06-28 13:39:00.000000000,BEST_BID,"JPM,101230,380"
2019-06-28 13:39:00.000000000,BEST_ASK,"JPM,101239,344"
2019-06-28 13:39:00.000000000,LAST_TRADE,"1,$101239.0000"
2019-06-28 13:39:00.000000000,QUERY_SPREAD,86
2019-06-28 13:39:00.000000000,BEST_BID,"JPM,101230,380"
2019-06-28 13:39:00.000000000,BEST_ASK,"JPM,101239,338"
2019-06-28 13:39:00.000000000,LAST_TRADE,"6,$101239.0000"
2019-06-28 13:39:00.000000000,QUERY_SPREAD,87
2019-06-28 13:39:00.000000000,BEST_BID,"JPM,101230,380"
2019-06-28 13:39:00.000000000,BEST_ASK,"JPM,101239,335"
2019-06-28 13:39:00.000000000,LAST_TRADE,"3,$101239.0000"
2019-06-28 13:39:00.000000000,QUERY_SPREAD,88
2019-06-28 13:39:00.000000000,BEST_BID,"JPM,101230,380"
2019-06-28 13:39:00.000000000,BEST_ASK,"JPM,101239,331"
2019-06-28 13:39:00.000000000,LAST_TRADE,"4,$101239.0000"
2019-06-28 13:39:00.000000000,QUERY_SPREAD,89
2019-06-28 13:39:00.000000000,BEST_BID,"JPM,101230,380"
2019-06-28 13:39:00.000000000,BEST_ASK,"JPM,101239,327"
2019-06-28 13:39:00.000000000,LAST_TRADE,"4,$101239.0000"
2019-06-28 13:39:00.000000000,QUERY_SPREAD,90
2019-06-28 13:39:00.000000000,BEST_BID,"JPM,101230,380"
2019-06-28 13:39:00.000000000,BEST_ASK,"JPM,101239,320"
2019-06-28 13:39:00.000000000,LAST_TRADE,"7,$101239.0000"
2019-06-28 13:39:00.000000000,QUERY_SPREAD,91
2019-06-28 13:39:00.000000000,BEST_BID,"JPM,101230,380"
2019-06-28 13:39:00.000000000,BEST_ASK,"JPM,101239,312"
2019-06-28 13:39:00.000000000,LAST_TRADE,"8,$101239.0000"
2019-06-28 13:39:00.000000000,QUERY_SPREAD,92
2019-06-28 13:39:00.000000000,BEST_BID,"JPM,101230,380"
2019-06-28 13:39:00.000000000,BEST_ASK,"JPM,101239,307"
2019-06-28 13:39:00.000000000,LAST_TRADE,"5,$101239.0000"
2019-06-28 13:39:00.000000000,QUERY_SPREAD,93
2019-06-28 13:39:00.000000000,BEST_BID,"JPM,101230,380"
2019-06-28 13:39:00.000000000,BEST_ASK,"JPM,101239,304"
2019-06-28 13:39:00.000000000,LAST_TRADE,"3,$101239.0000"
2019-06-28 13:39:00.000000000,QUERY_SPREAD,94
2019-06-28 13:39:00.000000000,BEST_BID,"JPM,101230,380"
2019-06-28 13:39:00.000000000,BEST_ASK,"JPM,101239,300"
2019-06-28 13:39:00.000000000,LAST_TRADE,"4,$101239.0000"
2019-06-28 13:39:00.000000000,QUERY_SPREAD,95
2019-06-28 13:39:00.000000000,BEST_BID,"JPM,101230,380"
2019-06-28 13:39:00.000000000,BEST_ASK,"JPM,101239,295"
2019-06-28 13:39:00.000000000,LAST_TRADE,"5,$101239.0000"
2019-06-28 13:39:00.000000000,QUERY_SPREAD,96
2019-06-28 13:39:00.000000000,BEST_BID,"JPM,101230,380"
2019-06-28 13:39:00.000000000,BEST_ASK,"JPM,101239,294"
2019-06-28 13:39:00.000000000,LAST_TRADE,"1,$101239.0000"
2019-06-28 13:39:00.000000000,QUERY_SPREAD,97
2019-06-28 13:39:00.000000000,BEST_BID,"JPM,101230,380"
2019-06-28 13:39:00.000000000,BEST_ASK,"JPM,101239,287"
2019-06-28 13:39:00.000000000,LAST_TRADE,"7,$101239.0000"
2019-06-28 13:39:00.000000000,QUERY_SPREAD,98
2019-06-28 13:39:00.000000000,BEST_BID,"JPM,101230,380"
2019-06-28 13:39:00.000000000,BEST_ASK,"JPM,101239,281"
2019-06-28 13:39:00.000000000,LAST_TRADE,"6,$101239.0000"
2019-06-28 13:39:00.000000000,QUERY_SPREAD,99
2019-06-28 13:39:00.000000000,BEST_BID,"JPM,101230,380"
2019-06-28 13:39:00.000000000,BEST_ASK,"JPM,101239,276"
2019-06-28 13:39:00.000000000,LAST_TRADE,"5,$101239.0000"
2019-06-28 13:39:00.000000000,QUERY_SPREAD,100
2019-06-28 13:39:00.000000000,BEST_BID,"JPM,101230,380"
2019-06-28 13:39:00.000000000,BEST_ASK,"JPM,101239,269"
2019-06-28 13:39:00.000000000,LAST_TRADE,"7,$101239.0000"
2019-06-28 13:39:00.000000000,QUERY_SPREAD,101
2019-06-28 13:39:00.000000000,QUERY_ORDER_STREAM,101
2019-06-28 13:39:00.000000000,BEST_BID,"JPM,101230,380"
2019-06-28 13:39:00.000000000,BEST_ASK,"JPM,101239,270"
2019-06-28 13:39:10.000000000,QUERY_SPREAD,1
2019-06-28 13:39:10.000000000,BEST_BID,"JPM,101230,195"
2019-06-28 13:39:10.000000000,BEST_ASK,"JPM,101239,1"
2019-06-28 13:39:10.000000000,BEST_BID,"JPM,101230,195"
2019-06-28 13:39:10.000000000,BEST_ASK,"JPM,101239,1"
2019-06-28 13:39:10.000000000,BEST_BID,"JPM,101230,195"
2019-06-28 13:39:10.000000000,BEST_ASK,"JPM,101239,1"
2019-06-28 13:39:10.000000000,BEST_BID,"JPM,101230,195"
2019-06-28 13:39:10.000000000,BEST_ASK,"JPM,101239,96"
2019-06-28 13:39:10.000000000,BEST_BID,"JPM,101230,195"
2019-06-28 13:39:10.000000000,BEST_ASK,"JPM,101239,96"
2019-06-28 13:39:10.000000000,BEST_BID,"JPM,101230,195"
2019-06-28 13:39:10.000000000,BEST_ASK,"JPM,101239,96"
2019-06-28 13:39:20.000000000,QUERY_SPREAD,1
2019-06-28 13:39:20.000000000,BEST_BID,"JPM,101230,380"
2019-06-28 13:39:20.000000000,BEST_ASK,"JPM,101239,1"
2019-06-28 13:39:20.000000000,BEST_BID,"JPM,101230,380"
2019-06-28 13:39:20.000000000,BEST_ASK,"JPM,101239,281"
2019-06-28 13:39:29.019271030,QUERY_SPREAD,42
2019-06-28 13:39:29.019271030,BEST_BID,"JPM,101230,380"
2019-06-28 13:39:29.019271030,BEST_ASK,"JPM,101239,281"
2019-06-28 13:39:30.000000000,QUERY_SPREAD,1
2019-06-28 13:39:30.000000000,BEST_BID,"JPM,101230,240"
2019-06-28 13:39:30.000000000,BEST_ASK,"JPM,101239,1"
2019-06-28 13:39:30.000000000,BEST_BID,"JPM,101230,240"
2019-06-28 13:39:30.000000000,BEST_ASK,"JPM,101239,1"
2019-06-28 13:39:30.000000000,BEST_BID,"JPM,101230,240"
2019-06-28 13:39:30.000000000,BEST_ASK,"JPM,101239,141"
2019-06-28 13:39:30.000000000,BEST_BID,"JPM,101230,240"
2019-06-28 13:39:30.000000000,BEST_ASK,"JPM,101239,141"
2019-06-28 13:39:40.000000000,QUERY_SPREAD,1
2019-06-28 13:39:40.000000000,BEST_BID,"JPM,101230,156"
2019-06-28 13:39:40.000000000,BEST_ASK,"JPM,101239,1"
2019-06-28 13:39:40.000000000,BEST_BID,"JPM,101230,156"
2019-06-28 13:39:40.000000000,BEST_ASK,"JPM,101239,1"
2019-06-28 13:39:40.000000000,BEST_BID,"JPM,101230,156"
2019-06-28 13:39:40.000000000,BEST_ASK,"JPM,101239,1"
2019-06-28 13:39:40.000000000,BEST_BID,"JPM,101230,156"
2019-06-28 13:39:40.000000000,BEST_ASK,"JPM,101239,1"
2019-06-28 13:39:40.000000000,BEST_BID,"JPM,101230,156"
2019-06-28 13:39:40.000000000,BEST_ASK,"JPM,101239,1"
2019-06-28 13:39:40.000000000,BEST_BID,"JPM,101230,156"
2019-06-28 13:39:40.000000000,BEST_ASK,"JPM,101239,57"
2019-06-28 13:39:40.000000000,BEST_BID,"JPM,101230,156"
2019-06-28 13:39:40.000000000,BEST_ASK,"JPM,101239,57"
2019-06-28 13:39:40.000000000,BEST_BID,"JPM,101230,156"
2019-06-28 13:39:40.000000000,BEST_ASK,"JPM,101239,57"
2019-06-28 13:39:40.000000000,BEST_BID,"JPM,101230,156"
2019-06-28 13:39:40.000000000,BEST_ASK,"JPM,101239,57"
2019-06-28 13:39:40.000000000,BEST_BID,"JPM,101230,156"
2019-06-28 13:39:40.000000000,BEST_ASK,"JPM,101239,57"
2019-06-28 13:39:50.000000000,QUERY_SPREAD,1
2019-06-28 13:39:50.000000000,BEST_BID,"JPM,101230,156"
2019-06-28 13:39:50.000000000,BEST_ASK,"JPM,101239,1"
2019-06-28 13:39:50.000000000,BEST_BID,"JPM,101230,156"
2019-06-28 13:39:50.000000000,BEST_ASK,"JPM,101239,1"
2019-06-28 13:39:50.000000000,BEST_BID,"JPM,101230,156"
2019-06-28 13:39:50.000000000,BEST_ASK,"JPM,101239,1"
2019-06-28 13:39:50.000000000,BEST_BID,"JPM,101230,156"
2019-06-28 13:39:50.000000000,BEST_ASK,"JPM,101239,1"
2019-06-28 13:39:50.000000000,BEST_BID,"JPM,101230,156"
2019-06-28 13:39:50.000000000,BEST_ASK,"JPM,101239,1"
2019-06-28 13:39:50.000000000,BEST_BID,"JPM,101230,156"
2019-06-28 13:39:50.000000000,BEST_ASK,"JPM,101239,57"
2019-06-28 13:39:50.000000000,BEST_BID,"JPM,101230,156"
2019-06-28 13:39:50.000000000,BEST_ASK,"JPM,101239,57"
2019-06-28 13:39:50.000000000,BEST_BID,"JPM,101230,156"
2019-06-28 13:39:50.000000000,BEST_ASK,"JPM,101239,57"
2019-06-28 13:39:50.000000000,BEST_BID,"JPM,101230,156"
2019-06-28 13:39:50.000000000,BEST_ASK,"JPM,101239,57"
2019-06-28 13:39:50.000000000,BEST_BID,"JPM,101230,156"
2019-06-28 13:39:50.000000000,BEST_ASK,"JPM,101239,57"
2019-06-28 13:39:55.501791177,QUERY_SPREAD,24
2019-06-28 13:39:55.501791177,BEST_BID,"JPM,101230,56"
2019-06-28 13:39:55.501791177,BEST_ASK,"JPM,101239,57"
2019-06-28 13:39:55.501791177,LAST_TRADE,"100,$101230.0000"
2019-06-28 13:39:59.176121219,QUERY_SPREAD,43
2019-06-28 13:39:59.176121219,BEST_BID,"JPM,101230,56"
2019-06-28 13:39:59.176121219,BEST_ASK,"JPM,101239,57"
2019-06-28 13:40:00.000000000,QUERY_SPREAD,1
2019-06-28 13:40:00.000000000,BEST_BID,"JPM,101018,380"
2019-06-28 13:40:00.000000000,BEST_ASK,"JPM,101239,1"
2019-06-28 13:40:00.000000000,BEST_BID,"JPM,101018,380"
2019-06-28 13:40:00.000000000,BEST_ASK,"JPM,101239,281"
2019-06-28 13:40:00.000000000,QUERY_SPREAD,77
2019-06-28 13:40:00.000000000,BEST_BID,"JPM,101018,380"
2019-06-28 13:40:00.000000000,BEST_ASK,"JPM,101239,280"
2019-06-28 13:40:00.000000000,LAST_TRADE,"1,$101239.0000"
2019-06-28 13:40:00.000000000,QUERY_SPREAD,78
2019-06-28 13:40:00.000000000,BEST_BID,"JPM,101018,380"
2019-06-28 13:40:00.000000000,BEST_ASK,"JPM,101239,276"
2019-06-28 13:40:00.000000000,LAST_TRADE,"4,$101239.0000"
2019-06-28 13:40:00.000000000,QUERY_SPREAD,79
2019-06-28 13:40:00.000000000,BEST_BID,"JPM,101018,380"
2019-06-28 13:40:00.000000000,BEST_ASK,"JPM,101239,270"
2019-06-28 13:40:00.000000000,LAST_TRADE,"6,$101239.0000"
2019-06-28 13:40:00.000000000,QUERY_SPREAD,80
2019-06-28 13:40:00.000000000,BEST_BID,"JPM,101018,380"
2019-06-28 13:40:00.000000000,BEST_ASK,"JPM,101239,265"
2019-06-28 13:40:00.000000000,LAST_TRADE,"5,$101239.0000"
2019-06-28 13:40:00.000000000,QUERY_SPREAD,81
2019-06-28 13:40:00.000000000,BEST_BID,"JPM,101018,380"
2019-06-28 13:40:00.000000000,BEST_ASK,"JPM,101239,257"
2019-06-28 13:40:00.000000000,LAST_TRADE,"8,$101239.0000"
2019-06-28 13:40:00.000000000,QUERY_SPREAD,82
2019-06-28 13:40:00.000000000,BEST_BID,"JPM,101018,380"
2019-06-28 13:40:00.000000000,BEST_ASK,"JPM,101239,249"
2019-06-28 13:40:00.000000000,LAST_TRADE,"8,$101239.0000"
2019-06-28 13:40:00.000000000,QUERY_SPREAD,83
2019-06-28 13:40:00.000000000,BEST_BID,"JPM,101018,380"
2019-06-28 13:40:00.000000000,BEST_ASK,"JPM,101239,247"
2019-06-28 13:40:00.000000000,LAST_TRADE,"2,$101239.0000"
2019-06-28 13:40:00.000000000,QUERY_SPREAD,84
2019-06-28 13:40:00.000000000,BEST_BID,"JPM,101018,380"
2019-06-28 13:40:00.000000000,BEST_ASK,"JPM,101239,246"
2019-06-28 13:40:00.000000000,LAST_TRADE,"1,$101239.0000"
2019-06-28 13:40:00.000000000,QUERY_SPREAD,85
2019-06-28 13:40:00.000000000,BEST_BID,"JPM,101018,380"
2019-06-28 13:40:00.000000000,BEST_ASK,"JPM,101239,245"
2019-06-28 13:40:00.000000000,LAST_TRADE,"1,$101239.0000"
2019-06-28 13:40:00.000000000,QUERY_SPREAD,86
2019-06-28 13:40:00.000000000,BEST_BID,"JPM,101018,380"
2019-06-28 13:40:00.000000000,BEST_ASK,"JPM,101239,239"
2019-06-28 13:40:00.000000000,LAST_TRADE,"6,$101239.0000"
2019-06-28 13:40:00.000000000,QUERY_SPREAD,87
2019-06-28 13:40:00.000000000,BEST_BID,"JPM,101018,380"
2019-06-28 13:40:00.000000000,BEST_ASK,"JPM,101239,236"
2019-06-28 13:40:00.000000000,LAST_TRADE,"3,$101239.0000"
2019-06-28 13:40:00.000000000,QUERY_SPREAD,88
2019-06-28 13:40:00.000000000,BEST_BID,"JPM,101018,380"
2019-06-28 13:40:00.000000000,BEST_ASK,"JPM,101239,232"
2019-06-28 13:40:00.000000000,LAST_TRADE,"4,$101239.0000"
2019-06-28 13:40:00.000000000,QUERY_SPREAD,89
2019-06-28 13:40:00.000000000,BEST_BID,"JPM,101018,380"
2019-06-28 13:40:00.000000000,BEST_ASK,"JPM,101239,228"
2019-06-28 13:40:00.000000000,LAST_TRADE,"4,$101239.0000"
2019-06-28 13:40:00.000000000,QUERY_SPREAD,90
2019-06-28 13:40:00.000000000,BEST_BID,"JPM,101018,380"
2019-06-28 13:40:00.000000000,BEST_ASK,"JPM,101239,221"
2019-06-28 13:40:00.000000000,LAST_TRADE,"7,$101239.0000"
2019-06-28 13:40:00.000000000,QUERY_SPREAD,91
2019-06-28 13:40:00.000000000,BEST_BID,"JPM,101018,380"
2019-06-28 13:40:00.000000000,BEST_ASK,"JPM,101239,213"
2019-06-28 13:40:00.000000000,LAST_TRADE,"8,$101239.0000"
2019-06-28 13:40:00.000000000,QUERY_SPREAD,92
2019-06-28 13:40:00.000000000,BEST_BID,"JPM,101018,380"
2019-06-28 13:40:00.000000000,BEST_ASK,"JPM,101239,208"
2019-06-28 13:40:00.000000000,LAST_TRADE,"5,$101239.0000"
2019-06-28 13:40:00.000000000,QUERY_SPREAD,93
2019-06-28 13:40:00.000000000,BEST_BID,"JPM,101018,380"
2019-06-28 13:40:00.000000000,BEST_ASK,"JPM,101239,205"
2019-06-28 13:40:00.000000000,LAST_TRADE,"3,$101239.0000"
2019-06-28 13:40:00.000000000,QUERY_SPREAD,94
2019-06-28 13:40:00.000000000,BEST_BID,"JPM,101018,380"
2019-06-28 13:40:00.000000000,BEST_ASK,"JPM,101239,201"
2019-06-28 13:40:00.000000000,LAST_TRADE,"4,$101239.0000"
2019-06-28 13:40:00.000000000,QUERY_SPREAD,95
2019-06-28 13:40:00.000000000,BEST_BID,"JPM,101018,380"
2019-06-28 13:40:00.000000000,BEST_ASK,"JPM,101239,196"
2019-06-28 13:40:00.000000000,LAST_TRADE,"5,$101239.0000"
2019-06-28 13:40:00.000000000,QUERY_SPREAD,96
2019-06-28 13:40:00.000000000,BEST_BID,"JPM,101018,380"
2019-06-28 13:40:00.000000000,BEST_ASK,"JPM,101239,195"
2019-06-28 13:40:00.000000000,LAST_TRADE,"1,$101239.0000"
2019-06-28 13:40:00.000000000,QUERY_SPREAD,97
2019-06-28 13:40:00.000000000,BEST_BID,"JPM,101018,380"
2019-06-28 13:40:00.000000000,BEST_ASK,"JPM,101239,188"
2019-06-28 13:40:00.000000000,LAST_TRADE,"7,$101239.0000"
2019-06-28 13:40:00.000000000,QUERY_SPREAD,98
2019-06-28 13:40:00.000000000,BEST_BID,"JPM,101018,380"
2019-06-28 13:40:00.000000000,BEST_ASK,"JPM,101239,182"
2019-06-28 13:40:00.000000000,LAST_TRADE,"6,$101239.0000"
2019-06-28 13:40:00.000000000,QUERY_SPREAD,99
2019-06-28 13:40:00.000000000,BEST_BID,"JPM,101018,380"
2019-06-28 13:40:00.000000000,BEST_ASK,"JPM,101239,177"
2019-06-28 13:40:00.000000000,LAST_TRADE,"5,$101239.0000"
2019-06-28 13:40:00.000000000,QUERY_SPREAD,100
2019-06-28 13:40:00.000000000,BEST_BID,"JPM,101018,380"
2019-06-28 13:40:00.000000000,BEST_ASK,"JPM,101239,170"
2019-06-28 13:40:00.000000000,LAST_TRADE,"7,$101239.0000"
2019-06-28 13:40:00.000000000,QUERY_SPREAD,101
2019-06-28 13:40:00.000000000,QUERY_ORDER_STREAM,101
2019-06-28 13:40:00.000000000,BEST_BID,"JPM,101018,380"
2019-06-28 13:40:00.000000000,BEST_ASK,"JPM,101239,171"
2019-06-28 13:40:10.000000000,QUERY_SPREAD,1
2019-06-28 13:40:10.000000000,BEST_BID,"JPM,101018,240"
2019-06-28 13:40:10.000000000,BEST_ASK,"JPM,101239,1"
2019-06-28 13:40:10.000000000,BEST_BID,"JPM,101018,240"
2019-06-28 13:40:10.000000000,BEST_ASK,"JPM,101239,1"
2019-06-28 13:40:10.000000000,BEST_BID,"JPM,101018,240"
2019-06-28 13:40:10.000000000,BEST_ASK,"JPM,101239,141"
2019-06-28 13:40:10.000000000,BEST_BID,"JPM,101018,240"
2019-06-28 13:40:10.000000000,BEST_ASK,"JPM,101239,141"
2019-06-28 13:40:20.000000000,QUERY_SPREAD,1
2019-06-28 13:40:20.000000000,BEST_BID,"JPM,101018,170"
2019-06-28 13:40:20.000000000,BEST_ASK,"JPM,101239,1"
2019-06-28 13:40:20.000000000,BEST_BID,"JPM,101018,170"
2019-06-28 13:40:20.000000000,BEST_ASK,"JPM,101239,1"
2019-06-28 13:40:20.000000000,BEST_BID,"JPM,101018,170"
2019-06-28 13:40:20.000000000,BEST_ASK,"JPM,101239,1"
2019-06-28 13:40:20.000000000,BEST_BID,"JPM,101018,170"
2019-06-28 13:40:20.000000000,BEST_ASK,"JPM,101239,1"
2019-06-28 13:40:20.000000000,BEST_BID,"JPM,101018,170"
2019-06-28 13:40:20.000000000,BEST_ASK,"JPM,101239,71"
2019-06-28 13:40:20.000000000,BEST_BID,"JPM,101018,170"
2019-06-28 13:40:20.000000000,BEST_ASK,"JPM,101239,71"
2019-06-28 13:40:20.000000000,BEST_BID,"JPM,101018,170"
2019-06-28 13:40:20.000000000,BEST_ASK,"JPM,101239,71"
2019-06-28 13:40:20.000000000,BEST_BID,"JPM,101018,170"
2019-06-28 13:40:20.000000000,BEST_ASK,"JPM,101239,71"
2019-06-28 13:40:30.000000000,QUERY_SPREAD,1
2019-06-28 13:40:30.000000000,BEST_BID,"JPM,101018,156"
2019-06-28 13:40:30.000000000,BEST_ASK,"JPM,101239,1"
2019-06-28 13:40:30.000000000,BEST_BID,"JPM,101018,156"
2019-06-28 13:40:30.000000000,BEST_ASK,"JPM,101239,1"
2019-06-28 13:40:30.000000000,BEST_BID,"JPM,101018,156"
2019-06-28 13:40:30.000000000,BEST_ASK,"JPM,101239,1"
2019-06-28 13:40:30.000000000,BEST_BID,"JPM,101018,156"
2019-06-28 13:40:30.000000000,BEST_ASK,"JPM,101239,1"
2019-06-28 13:40:30.000000000,BEST_BID,"JPM,101018,156"
2019-06-28 13:40:30.000000000,BEST_ASK,"JPM,101239,1"
2019-06-28 13:40:30.000000000,BEST_BID,"JPM,101018,156"
2019-06-28 13:40:30.000000000,BEST_ASK,"JPM,101239,57"
2019-06-28 13:40:30.000000000,BEST_BID,"JPM,101018,156"
2019-06-28 13:40:30.000000000,BEST_ASK,"JPM,101239,57"
2019-06-28 13:40:30.000000000,BEST_BID,"JPM,101018,156"
2019-06-28 13:40:30.000000000,BEST_ASK,"JPM,101239,57"
2019-06-28 13:40:30.000000000,BEST_BID,"JPM,101018,156"
2019-06-28 13:40:30.000000000,BEST_ASK,"JPM,101239,57"
2019-06-28 13:40:30.000000000,BEST_BID,"JPM,101018,156"
2019-06-28 13:40:30.000000000,BEST_ASK,"JPM,101239,57"
2019-06-28 13:40:30.708224060,QUERY_ORDER_STREAM,56
2019-06-28 13:40:30.708224060,QUERY_SPREAD,56
2019-06-28 13:40:30.708224060,BEST_BID,"JPM,101018,156"
2019-06-28 13:40:30.708224060,BEST_ASK,"JPM,101239,157"
2019-06-28 13:40:40.000000000,QUERY_SPREAD,1
2019-06-28 13:40:40.000000000,BEST_BID,"JPM,101018,240"
2019-06-28 13:40:40.000000000,BEST_ASK,"JPM,101239,101"
2019-06-28 13:40:40.000000000,BEST_BID,"JPM,101018,240"
2019-06-28 13:40:40.000000000,BEST_ASK,"JPM,101239,101"
2019-06-28 13:40:40.000000000,BEST_BID,"JPM,101018,240"
2019-06-28 13:40:40.000000000,BEST_ASK,"JPM,101239,241"
2019-06-28 13:40:40.000000000,BEST_BID,"JPM,101018,240"
2019-06-28 13:40:40.000000000,BEST_ASK,"JPM,101239,241"
2019-06-28 13:40:42.378025656,QUERY_SPREAD,50
2019-06-28 13:40:42.378025656,BEST_BID,"JPM,101018,240"
2019-06-28 13:40:42.378025656,BEST_ASK,"JPM,101239,241"
2019-06-28 13:40:48.879850417,QUERY_SPREAD,28
2019-06-28 13:40:48.879850417,BEST_BID,"JPM,101018,140"
2019-06-28 13:40:48.879850417,BEST_ASK,"JPM,101239,241"
2019-06-28 13:40:48.879850417,LAST_TRADE,"100,$101018.0000"
2019-06-28 13:40:50.000000000,QUERY_SPREAD,1
2019-06-28 13:40:50.000000000,BEST_BID,"JPM,100982,323"
2019-06-28 13:40:50.000000000,BEST_ASK,"JPM,101239,101"
2019-06-28 13:40:50.000000000,BEST_BID,"JPM,100982,323"
2019-06-28 13:40:50.000000000,BEST_ASK,"JPM,101239,381"
2019-06-28 13:40:50.809485400,QUERY_ORDER_STREAM,59
2019-06-28 13:40:50.809485400,QUERY_SPREAD,59
2019-06-28 13:40:50.958404263,QUERY_ORDER_STREAM,70
2019-06-28 13:40:50.958404263,QUERY_SPREAD,70
2019-06-28 13:41:00.000000000,QUERY_SPREAD,1
2019-06-28 13:41:00.000000000,BEST_BID,"JPM,100982,183"
2019-06-28 13:41:00.000000000,BEST_ASK,"JPM,101239,101"
2019-06-28 13:41:00.000000000,BEST_BID,"JPM,100982,183"
2019-06-28 13:41:00.000000000,BEST_ASK,"JPM,101239,101"
2019-06-28 13:41:00.000000000,BEST_BID,"JPM,100982,183"
2019-06-28 13:41:00.000000000,BEST_ASK,"JPM,101239,241"
2019-06-28 13:41:00.000000000,BEST_BID,"JPM,100982,183"
2019-06-28 13:41:00.000000000,BEST_ASK,"JPM,101239,241"
2019-06-28 13:41:00.000000000,QUERY_SPREAD,77
2019-06-28 13:41:00.000000000,BEST_BID,"JPM,100982,183"
2019-06-28 13:41:00.000000000,BEST_ASK,"JPM,101239,240"
2019-06-28 13:41:00.000000000,LAST_TRADE,"1,$101239.0000"
2019-06-28 13:41:00.000000000,QUERY_SPREAD,78
2019-06-28 13:41:00.000000000,BEST_BID,"JPM,100982,183"
2019-06-28 13:41:00.000000000,BEST_ASK,"JPM,101239,236"
2019-06-28 13:41:00.000000000,LAST_TRADE,"4,$101239.0000"
2019-06-28 13:41:00.000000000,QUERY_SPREAD,79
2019-06-28 13:41:00.000000000,BEST_BID,"JPM,100982,183"
2019-06-28 13:41:00.000000000,BEST_ASK,"JPM,101239,230"
2019-06-28 13:41:00.000000000,LAST_TRADE,"6,$101239.0000"
2019-06-28 13:41:00.000000000,QUERY_SPREAD,80
2019-06-28 13:41:00.000000000,BEST_BID,"JPM,100982,183"
2019-06-28 13:41:00.000000000,BEST_ASK,"JPM,101239,225"
2019-06-28 13:41:00.000000000,LAST_TRADE,"5,$101239.0000"
2019-06-28 13:41:00.000000000,QUERY_SPREAD,81
2019-06-28 13:41:00.000000000,BEST_BID,"JPM,100982,183"
2019-06-28 13:41:00.000000000,BEST_ASK,"JPM,101239,217"
2019-06-28 13:41:00.000000000,LAST_TRADE,"8,$101239.0000"
2019-06-28 13:41:00.000000000,QUERY_SPREAD,82
2019-06-28 13:41:00.000000000,BEST_BID,"JPM,100982,183"
2019-06-28 13:41:00.000000000,BEST_ASK,"JPM,101239,209"
2019-06-28 13:41:00.000000000,LAST_TRADE,"8,$101239.0000"
2019-06-28 13:41:00.000000000,QUERY_SPREAD,83
2019-06-28 13:41:00.000000000,BEST_BID,"JPM,100982,183"
2019-06-28 13:41:00.000000000,BEST_ASK,"JPM,101239,207"
2019-06-28 13:41:00.000000000,LAST_TRADE,"2,$101239.0000"
2019-06-28 13:41:00.000000000,QUERY_SPREAD,84
2019-06-28 13:41:00.000000000,BEST_BID,"JPM,100982,183"
2019-06-28 13:41:00.000000000,BEST_ASK,"JPM,101239,206"
2019-06-28 13:41:00.000000000,LAST_TRADE,"1,$101239.0000"
2019-06-28 13:41:00.000000000,QUERY_SPREAD,85
2019-06-28 13:41:00.000000000,BEST_BID,"JPM,100982,183"
2019-06-28 13:41:00.000000000,BEST_ASK,"JPM,101239,205"
2019-06-28 13:41:00.000000000,LAST_TRADE,"1,$101239.0000"
2019-06-28 13:41:00.000000000,QUERY_SPREAD,86
2019-06-28 13:41:00.000000000,BEST_BID,"JPM,100982,183"
2019-06-28 13:41:00.000000000,BEST_ASK,"JPM,101239,199"
2019-06-28 13:41:00.000000000,LAST_TRADE,"6,$101239.0000"
2019-06-28 13:41:00.000000000,QUERY_SPREAD,87
2019-06-28 13:41:00.000000000,BEST_BID,"JPM,100982,183"
2019-06-28 13:41:00.000000000,BEST_ASK,"JPM,101239,196"
2019-06-28 13:41:00.000000000,LAST_TRADE,"3,$101239.0000"
2019-06-28 13:41:00.000000000,QUERY_SPREAD,88
2019-06-28 13:41:00.000000000,BEST_BID,"JPM,100982,183"
2019-06-28 13:41:00.000000000,BEST_ASK,"JPM,101239,192"
2019-06-28 13:41:00.000000000,LAST_TRADE,"4,$101239.0000"
2019-06-28 13:41:00.000000000,QUERY_SPREAD,89
2019-06-28 13:41:00.000000000,BEST_BID,"JPM,100982,183"
2019-06-28 13:41:00.000000000,BEST_ASK,"JPM,101239,188"
2019-06-28 13:41:00.000000000,LAST_TRADE,"4,$101239.0000"
2019-06-28 13:41:00.000000000,QUERY_SPREAD,90
2019-06-28 13:41:00.000000000,BEST_BID,"JPM,100982,183"
2019-06-28 13:41:00.000000000,BEST_ASK,"JPM,101239,181"
2019-06-28 13:41:00.000000000,LAST_TRADE,"7,$101239.0000"
2019-06-28 13:41:00.000000000,QUERY_SPREAD,91
2019-06-28 13:41:00.000000000,BEST_BID,"JPM,100982,183"
2019-06-28 13:41:00.000000000,BEST_ASK,"JPM,101239,173"
2019-06-28 13:41:00.000000000,LAST_TRADE,"8,$101239.0000"
2019-06-28 13:41:00.000000000,QUERY_SPREAD,92
2019-06-28 13:41:00.000000000,BEST_BID,"JPM,100982,183"
2019-06-28 13:41:00.000000000,BEST_ASK,"JPM,101239,168"
2019-06-28 13:41:00.000000000,LAST_TRADE,"5,$101239.0000"
2019-06-28 13:41:00.000000000,QUERY_SPREAD,93
2019-06-28 13:41:00.000000000,BEST_BID,"JPM,100982,183"
2019-06-28 13:41:00.000000000,BEST_ASK,"JPM,101239,165"
2019-06-28 13:41:00.000000000,LAST_TRADE,"3,$101239.0000"
2019-06-28 13:41:00.000000000,QUERY_SPREAD,94
2019-06-28 13:41:00.000000000,BEST_BID,"JPM,100982,183"
2019-06-28 13:41:00.000000000,BEST_ASK,"JPM,101239,161"
2019-06-28 13:41:00.000000000,LAST_TRADE,"4,$101239.0000"
2019-06-28 13:41:00.000000000,QUERY_SPREAD,95
2019-06-28 13:41:00.000000000,BEST_BID,"JPM,100982,183"
2019-06-28 13:41:00.000000000,BEST_ASK,"JPM,101239,156"
2019-06-28 13:41:00.000000000,LAST_TRADE,"5,$101239.0000"
2019-06-28 13:41:00.000000000,QUERY_SPREAD,96
2019-06-28 13:41:00.000000000,BEST_BID,"JPM,100982,183"
2019-06-28 13:41:00.000000000,BEST_ASK,"JPM,101239,155"
2019-06-28 13:41:00.000000000,LAST_TRADE,"1,$101239.0000"
2019-06-28 13:41:00.000000000,QUERY_SPREAD,97
2019-06-28 13:41:00.000000000,BEST_BID,"JPM,100982,183"
2019-06-28 13:41:00.000000000,BEST_ASK,"JPM,101239,148"
2019-06-28 13:41:00.000000000,LAST_TRADE,"7,$101239.0000"
2019-06-28 13:41:00.000000000,QUERY_SPREAD,98
2019-06-28 13:41:00.000000000,BEST_BID,"JPM,100982,183"
2019-06-28 13:41:00.000000000,BEST_ASK,"JPM,101239,142"
2019-06-28 13:41:00.000000000,LAST_TRADE,"6,$101239.0000"
2019-06-28 13:41:00.000000000,QUERY_SPREAD,99
2019-06-28 13:41:00.000000000,BEST_BID,"JPM,100982,183"
2019-06-28 13:41:00.000000000,BEST_ASK,"JPM,101239,137"
2019-06-28 13:41:00.000000000,LAST_TRADE,"5,$101239.0000"
2019-06-28 13:41:00.000000000,QUERY_SPREAD,100
2019-06-28 13:41:00.000000000,BEST_BID,"JPM,100982,183"
2019-06-28 13:41:00.000000000,BEST_ASK,"JPM,101239,130"
2019-06-28 13:41:00.000000000,LAST_TRADE,"7,$101239.0000"
2019-06-28 13:41:00.000000000,QUERY_SPREAD,101
2019-06-28 13:41:00.000000000,QUERY_ORDER_STREAM,101
2019-06-28 13:41:00.000000000,BEST_BID,"JPM,100982,183"
2019-06-28 13:41:00.000000000,BEST_ASK,"JPM,101239,131"
2019-06-28 13:41:06.084427170,QUERY_SPREAD,19
2019-06-28 13:41:06.084427170,BEST_BID,"JPM,100982,183"
2019-06-28 13:41:06.084427170,BEST_ASK,"JPM,101239,131"
2019-06-28 13:41:10.000000000,QUERY_SPREAD,1
2019-06-28 13:41:10.000000000,BEST_BID,"JPM,100982,113"
2019-06-28 13:41:10.000000000,BEST_ASK,"JPM,101239,1"
2019-06-28 13:41:10.000000000,BEST_BID,"JPM,100982,113"
2019-06-28 13:41:10.000000000,BEST_ASK,"JPM,101239,1"
2019-06-28 13:41:10.000000000,BEST_BID,"JPM,100982,113"
2019-06-28 13:41:10.000000000,BEST_ASK,"JPM,101239,1"
2019-06-28 13:41:10.000000000,BEST_BID,"JPM,100982,113"
2019-06-28 13:41:10.000000000,BEST_ASK,"JPM,101239,1"
2019-06-28 13:41:10.000000000,BEST_BID,"JPM,100982,113"
2019-06-28 13:41:10.000000000,BEST_ASK,"JPM,101239,71"
2019-06-28 13:41:10.000000000,BEST_BID,"JPM,100982,113"
2019-06-28 13:41:10.000000000,BEST_ASK,"JPM,101239,71"
2019-06-28 13:41:10.000000000,BEST_BID,"JPM,100982,113"
2019-06-28 13:41:10.000000000,BEST_ASK,"JPM,101239,71"
2019-06-28 13:41:10.000000000,BEST_BID,"JPM,100982,113"
2019-06-28 13:41:10.000000000,BEST_ASK,"JPM,101239,71"
2019-06-28 13:41:20.000000000,QUERY_SPREAD,1
2019-06-28 13:41:20.000000000,BEST_BID,"JPM,100982,323"
2019-06-28 13:41:20.000000000,BEST_ASK,"JPM,101239,1"
2019-06-28 13:41:20.000000000,BEST_BID,"JPM,100982,323"
2019-06-28 13:41:20.000000000,BEST_ASK,"JPM,101239,281"
2019-06-28 13:41:30.000000000,QUERY_SPREAD,1
2019-06-28 13:41:30.000000000,BEST_BID,"JPM,100982,99"
2019-06-28 13:41:30.000000000,BEST_ASK,"JPM,101239,1"
2019-06-28 13:41:30.000000000,BEST_BID,"JPM,100982,99"
2019-06-28 13:41:30.000000000,BEST_ASK,"JPM,101239,1"
2019-06-28 13:41:30.000000000,BEST_BID,"JPM,100982,99"
2019-06-28 13:41:30.000000000,BEST_ASK,"JPM,101239,1"
2019-06-28 13:41:30.000000000,BEST_BID,"JPM,100982,99"
2019-06-28 13:41:30.000000000,BEST_ASK,"JPM,101239,1"
2019-06-28 13:41:30.000000000,BEST_BID,"JPM,100982,99"
2019-06-28 13:41:30.000000000,BEST_ASK,"JPM,101239,1"
2019-06-28 13:41:30.000000000,BEST_BID,"JPM,100982,99"
2019-06-28 13:41:30.000000000,BEST_ASK,"JPM,101239,57"
2019-06-28 13:41:30.000000000,BEST_BID,"JPM,100982,99"
2019-06-28 13:41:30.000000000,BEST_ASK,"JPM,101239,57"
2019-06-28 13:41:30.000000000,BEST_BID,"JPM,100982,99"
2019-06-28 13:41:30.000000000,BEST_ASK,"JPM,101239,57"
2019-06-28 13:41:30.000000000,BEST_BID,"JPM,100982,99"
2019-06-28 13:41:30.000000000,BEST_ASK,"JPM,101239,57"
2019-06-28 13:41:30.000000000,BEST_BID,"JPM,100982,99"
2019-06-28 13:41:30.000000000,BEST_ASK,"JPM,101239,57"
2019-06-28 13:41:40.000000000,QUERY_SPREAD,1
2019-06-28 13:41:40.000000000,BEST_BID,"JPM,100982,138"
2019-06-28 13:41:40.000000000,BEST_ASK,"JPM,101239,1"
2019-06-28 13:41:40.000000000,BEST_BID,"JPM,100982,138"
2019-06-28 13:41:40.000000000,BEST_ASK,"JPM,101239,1"
2019-06-28 13:41:40.000000000,BEST_BID,"JPM,100982,138"
2019-06-28 13:41:40.000000000,BEST_ASK,"JPM,101239,1"
2019-06-28 13:41:40.000000000,BEST_BID,"JPM,100982,138"
2019-06-28 13:41:40.000000000,BEST_ASK,"JPM,101239,96"
2019-06-28 13:41:40.000000000,BEST_BID,"JPM,100982,138"
2019-06-28 13:41:40.000000000,BEST_ASK,"JPM,101239,96"
2019-06-28 13:41:40.000000000,BEST_BID,"JPM,100982,138"
2019-06-28 13:41:40.000000000,BEST_ASK,"JPM,101239,96"
2019-06-28 13:41:43.423254687,QUERY_SPREAD,8
2019-06-28 13:41:43.423254687,BEST_BID,"JPM,100982,38"
2019-06-28 13:41:43.423254687,BEST_ASK,"JPM,101239,96"
2019-06-28 13:41:43.423254687,LAST_TRADE,"100,$100982.0000"
2019-06-28 13:41:50.000000000,QUERY_SPREAD,1
2019-06-28 13:41:50.000000000,BEST_BID,"JPM,100929,380"
2019-06-28 13:41:50.000000000,BEST_ASK,"JPM,101239,1"
2019-06-28 13:41:50.000000000,BEST_BID,"JPM,100929,380"
2019-06-28 13:41:50.000000000,BEST_ASK,"JPM,101239,281"
2019-06-28 13:41:50.222158764,QUERY_SPREAD,49
2019-06-28 13:41:50.222158764,BEST_BID,"JPM,100929,280"
2019-06-28 13:41:50.222158764,BEST_ASK,"JPM,101239,281"
2019-06-28 13:41:50.222158764,LAST_TRADE,"100,$100929.0000"
2019-06-28 13:42:00.000000000,QUERY_SPREAD,1
2019-06-28 13:42:00.000000000,BEST_BID,"JPM,100821,380"
2019-06-28 13:42:00.000000000,BEST_ASK,"JPM,101239,1"
2019-06-28 13:42:00.000000000,BEST_BID,"JPM,100821,380"
2019-06-28 13:42:00.000000000,BEST_ASK,"JPM,101239,281"
2019-06-28 13:42:00.000000000,QUERY_SPREAD,77
2019-06-28 13:42:00.000000000,BEST_BID,"JPM,100821,380"
2019-06-28 13:42:00.000000000,BEST_ASK,"JPM,101239,280"
2019-06-28 13:42:00.000000000,LAST_TRADE,"1,$101239.0000"
2019-06-28 13:42:00.000000000,QUERY_SPREAD,78
2019-06-28 13:42:00.000000000,BEST_BID,"JPM,100821,380"
2019-06-28 13:42:00.000000000,BEST_ASK,"JPM,101239,276"
2019-06-28 13:42:00.000000000,LAST_TRADE,"4,$101239.0000"
2019-06-28 13:42:00.000000000,QUERY_SPREAD,79
2019-06-28 13:42:00.000000000,BEST_BID,"JPM,100821,380"
2019-06-28 13:42:00.000000000,BEST_ASK,"JPM,101239,270"
2019-06-28 13:42:00.000000000,LAST_TRADE,"6,$101239.0000"
2019-06-28 13:42:00.000000000,QUERY_SPREAD,80
2019-06-28 13:42:00.000000000,BEST_BID,"JPM,100821,380"
2019-06-28 13:42:00.000000000,BEST_ASK,"JPM,101239,265"
2019-06-28 13:42:00.000000000,LAST_TRADE,"5,$101239.0000"
2019-06-28 13:42:00.000000000,QUERY_SPREAD,81
2019-06-28 13:42:00.000000000,BEST_BID,"JPM,100821,380"
2019-06-28 13:42:00.000000000,BEST_ASK,"JPM,101239,257"
2019-06-28 13:42:00.000000000,LAST_TRADE,"8,$101239.0000"
2019-06-28 13:42:00.000000000,QUERY_SPREAD,82
2019-06-28 13:42:00.000000000,BEST_BID,"JPM,100821,380"
2019-06-28 13:42:00.000000000,BEST_ASK,"JPM,101239,249"
2019-06-28 13:42:00.000000000,LAST_TRADE,"8,$101239.0000"
2019-06-28 13:42:00.000000000,QUERY_SPREAD,83
2019-06-28 13:42:00.000000000,BEST_BID,"JPM,100821,380"
2019-06-28 13:42:00.000000000,BEST_ASK,"JPM,101239,247"
2019-06-28 13:42:00.000000000,LAST_TRADE,"2,$101239.0000"
2019-06-28 13:42:00.000000000,QUERY_SPREAD,84
2019-06-28 13:42:00.000000000,BEST_BID,"JPM,100821,380"
2019-06-28 13:42:00.000000000,BEST_ASK,"JPM,101239,246"
2019-06-28 13:42:00.000000000,LAST_TRADE,"1,$101239.0000"
2019-06-28 13:42:00.000000000,QUERY_SPREAD,85
2019-06-28 13:42:00.000000000,BEST_BID,"JPM,100821,380"
2019-06-28 13:42:00.000000000,BEST_ASK,"JPM,101239,245"
2019-06-28 13:42:00.000000000,LAST_TRADE,"1,$101239.0000"
2019-06-28 13:42:00.000000000,QUERY_SPREAD,86
2019-06-28 13:42:00.000000000,BEST_BID,"JPM,100821,380"
2019-06-28 13:42:00.000000000,BEST_ASK,"JPM,101239,239"
2019-06-28 13:42:00.000000000,LAST_TRADE,"6,$101239.0000"
2019-06-28 13:42:00.000000000,QUERY_SPREAD,87
2019-06-28 13:42:00.000000000,BEST_BID,"JPM,100821,380"
2019-06-28 13:42:00.000000000,BEST_ASK,"JPM,101239,236"
2019-06-28 13:42:00.000000000,LAST_TRADE,"3,$101239.0000"
2019-06-28 13:42:00.000000000,QUERY_SPREAD,88
2019-06-28 13:42:00.000000000,BEST_BID,"JPM,100821,380"
2019-06-28 13:42:00.000000000,BEST_ASK,"JPM,101239,232"
2019-06-28 13:42:00.000000000,LAST_TRADE,"4,$101239.0000"
2019-06-28 13:42:00.000000000,QUERY_SPREAD,89
2019-06-28 13:42:00.000000000,BEST_BID,"JPM,100821,380"
2019-06-28 13:42:00.000000000,BEST_ASK,"JPM,101239,228"
2019-06-28 13:42:00.000000000,LAST_TRADE,"4,$101239.0000"
2019-06-28 13:42:00.000000000,QUERY_SPREAD,90
2019-06-28 13:42:00.000000000,BEST_BID,"JPM,100821,380"
2019-06-28 13:42:00.000000000,BEST_ASK,"JPM,101239,221"
2019-06-28 13:42:00.000000000,LAST_TRADE,"7,$101239.0000"
2019-06-28 13:42:00.000000000,QUERY_SPREAD,91
2019-06-28 13:42:00.000000000,BEST_BID,"JPM,100821,380"
2019-06-28 13:42:00.000000000,BEST_ASK,"JPM,101239,213"
2019-06-28 13:42:00.000000000,LAST_TRADE,"8,$101239.0000"
2019-06-28 13:42:00.000000000,QUERY_SPREAD,92
2019-06-28 13:42:00.000000000,BEST_BID,"JPM,100821,380"
2019-06-28 13:42:00.000000000,BEST_ASK,"JPM,101239,208"
2019-06-28 13:42:00.000000000,LAST_TRADE,"5,$101239.0000"
2019-06-28 13:42:00.000000000,QUERY_SPREAD,93
2019-06-28 13:42:00.000000000,BEST_BID,"JPM,100821,380"
2019-06-28 13:42:00.000000000,BEST_ASK,"JPM,101239,205"
2019-06-28 13:42:00.000000000,LAST_TRADE,"3,$101239.0000"
2019-06-28 13:42:00.000000000,QUERY_SPREAD,94
2019-06-28 13:42:00.000000000,BEST_BID,"JPM,100821,380"
2019-06-28 13:42:00.000000000,BEST_ASK,"JPM,101239,201"
2019-06-28 13:42:00.000000000,LAST_TRADE,"4,$101239.0000"
2019-06-28 13:42:00.000000000,QUERY_SPREAD,95
2019-06-28 13:42:00.000000000,BEST_BID,"JPM,100821,380"
2019-06-28 13:42:00.000000000,BEST_ASK,"JPM,101239,196"
2019-06-28 13:42:00.000000000,LAST_TRADE,"5,$101239.0000"
2019-06-28 13:42:00.000000000,QUERY_SPREAD,96
2019-06-28 13:42:00.000000000,BEST_BID,"JPM,100821,380"
2019-06-28 13:42:00.000000000,BEST_ASK,"JPM,101239,195"
2019-06-28 13:42:00.000000000,LAST_TRADE,"1,$101239.0000"
2019-06-28 13:42:00.000000000,QUERY_SPREAD,97
2019-06-28 13:42:00.000000000,BEST_BID,"JPM,100821,380"
2019-06-28 13:42:00.000000000,BEST_ASK,"JPM,101239,188"
2019-06-28 13:42:00.000000000,LAST_TRADE,"7,$101239.0000"
2019-06-28 13:42:00.000000000,QUERY_SPREAD,98
2019-06-28 13:42:00.000000000,BEST_BID,"JPM,100821,380"
2019-06-28 13:42:00.000000000,BEST_ASK,"JPM,101239,182"
2019-06-28 13:42:00.000000000,LAST_TRADE,"6,$101239.0000"
2019-06-28 13:42:00.000000000,QUERY_SPREAD,99
2019-06-28 13:42:00.000000000,BEST_BID,"JPM,100821,380"
2019-06-28 13:42:00.000000000,BEST_ASK,"JPM,101239,177"
2019-06-28 13:42:00.000000000,LAST_TRADE,"5,$101239.0000"
2019-06-28 13:42:00.000000000,QUERY_SPREAD,100
2019-06-28 13:42:00.000000000,BEST_BID,"JPM,100821,380"
2019-06-28 13:42:00.000000000,BEST_ASK,"JPM,101239,170"
2019-06-28 13:42:00.000000000,LAST_TRADE,"7,$101239.0000"
2019-06-28 13:42:00.000000000,QUERY_SPREAD,101
2019-06-28 13:42:00.000000000,QUERY_ORDER_STREAM,101
2019-06-28 13:42:07.084316935,QUERY_SPREAD,17
2019-06-28 13:42:07.084316935,BEST_BID,"JPM,100821,280"
2019-06-28 13:42:07.084316935,BEST_ASK,"JPM,101239,170"
2019-06-28 13:42:07.084316935,LAST_TRADE,"100,$100821.0000"
2019-06-28 13:42:10.000000000,QUERY_SPREAD,1
2019-06-28 13:42:10.000000000,BEST_BID,"JPM,100799,257"
2019-06-28 13:42:10.000000000,BEST_ASK,"JPM,101293,98"
2019-06-28 13:42:10.000000000,BEST_BID,"JPM,100799,257"
2019-06-28 13:42:10.000000000,BEST_ASK,"JPM,101293,98"
2019-06-28 13:42:10.000000000,BEST_BID,"JPM,100799,257"
2019-06-28 13:42:10.000000000,BEST_ASK,"JPM,101293,98"
2019-06-28 13:42:10.000000000,BEST_BID,"JPM,100799,257"
2019-06-28 13:42:10.000000000,BEST_ASK,"JPM,101293,98"
2019-06-28 13:42:10.000000000,BEST_BID,"JPM,100799,257"
2019-06-28 13:42:10.000000000,BEST_ASK,"JPM,101293,168"
2019-06-28 13:42:10.000000000,BEST_BID,"JPM,100799,257"
2019-06-28 13:42:10.000000000,BEST_ASK,"JPM,101293,168"
2019-06-28 13:42:10.000000000,BEST_BID,"JPM,100799,257"
2019-06-28 13:42:10.000000000,BEST_ASK,"JPM,101293,168"
2019-06-28 13:42:10.000000000,BEST_BID,"JPM,100799,257"
2019-06-28 13:42:10.000000000,BEST_ASK,"JPM,101293,168"
2019-06-28 13:42:18.076244846,QUERY_SPREAD,42
2019-06-28 13:42:18.076244846,BEST_BID,"JPM,100799,157"
2019-06-28 13:42:18.076244846,BEST_ASK,"JPM,101293,168"
2019-06-28 13:42:18.076244846,LAST_TRADE,"100,$100799.0000"
2019-06-28 13:42:20.000000000,QUERY_SPREAD,1
2019-06-28 13:42:20.000000000,BEST_BID,"JPM,100799,143"
2019-06-28 13:42:20.000000000,BEST_ASK,"JPM,101293,98"
2019-06-28 13:42:20.000000000,BEST_BID,"JPM,100799,143"
2019-06-28 13:42:20.000000000,BEST_ASK,"JPM,101293,98"
2019-06-28 13:42:20.000000000,BEST_BID,"JPM,100799,143"
2019-06-28 13:42:20.000000000,BEST_ASK,"JPM,101293,98"
2019-06-28 13:42:20.000000000,BEST_BID,"JPM,100799,143"
2019-06-28 13:42:20.000000000,BEST_ASK,"JPM,101293,98"
2019-06-28 13:42:20.000000000,BEST_BID,"JPM,100799,143"
2019-06-28 13:42:20.000000000,BEST_ASK,"JPM,101293,98"
2019-06-28 13:42:20.000000000,BEST_BID,"JPM,100799,143"
2019-06-28 13:42:20.000000000,BEST_ASK,"JPM,101293,154"
2019-06-28 13:42:20.000000000,BEST_BID,"JPM,100799,143"
2019-06-28 13:42:20.000000000,BEST_ASK,"JPM,101293,154"
2019-06-28 13:42:20.000000000,BEST_BID,"JPM,100799,143"
2019-06-28 13:42:20.000000000,BEST_ASK,"JPM,101293,154"
2019-06-28 13:42:20.000000000,BEST_BID,"JPM,100799,143"
2019-06-28 13:42:20.000000000,BEST_ASK,"JPM,101293,154"
2019-06-28 13:42:20.000000000,BEST_BID,"JPM,100799,143"
2019-06-28 13:42:20.000000000,BEST_ASK,"JPM,101293,154"
2019-06-28 13:42:23.402148003,QUERY_ORDER_STREAM,64
2019-06-28 13:42:23.402148003,QUERY_SPREAD,64
2019-06-28 13:42:30.000000000,QUERY_SPREAD,1
2019-06-28 13:42:30.000000000,BEST_BID,"JPM,100799,227"
2019-06-28 13:42:30.000000000,BEST_ASK,"JPM,101293,98"
2019-06-28 13:42:30.000000000,BEST_BID,"JPM,100799,227"
2019-06-28 13:42:30.000000000,BEST_ASK,"JPM,101293,98"
2019-06-28 13:42:30.000000000,BEST_BID,"JPM,100799,227"
2019-06-28 13:42:30.000000000,BEST_ASK,"JPM,101293,238"
2019-06-28 13:42:30.000000000,BEST_BID,"JPM,100799,227"
2019-06-28 13:42:30.000000000,BEST_ASK,"JPM,101293,238"
2019-06-28 13:42:40.000000000,QUERY_SPREAD,1
2019-06-28 13:42:40.000000000,BEST_BID,"JPM,100799,157"
2019-06-28 13:42:40.000000000,BEST_ASK,"JPM,101293,98"
2019-06-28 13:42:40.000000000,BEST_BID,"JPM,100799,157"
2019-06-28 13:42:40.000000000,BEST_ASK,"JPM,101293,98"
2019-06-28 13:42:40.000000000,BEST_BID,"JPM,100799,157"
2019-06-28 13:42:40.000000000,BEST_ASK,"JPM,101293,98"
2019-06-28 13:42:40.000000000,BEST_BID,"JPM,100799,157"
2019-06-28 13:42:40.000000000,BEST_ASK,"JPM,101293,98"
2019-06-28 13:42:40.000000000,BEST_BID,"JPM,100799,157"
2019-06-28 13:42:40.000000000,BEST_ASK,"JPM,101293,168"
2019-06-28 13:42:40.000000000,BEST_BID,"JPM,100799,157"
2019-06-28 13:42:40.000000000,BEST_ASK,"JPM,101293,168"
2019-06-28 13:42:40.000000000,BEST_BID,"JPM,100799,157"
2019-06-28 13:42:40.000000000,BEST_ASK,"JPM,101293,168"
2019-06-28 13:42:40.000000000,BEST_BID,"JPM,100799,157"
2019-06-28 13:42:40.000000000,BEST_ASK,"JPM,101293,168"
2019-06-28 13:42:44.881807679,QUERY_ORDER_STREAM,66
2019-06-28 13:42:44.881807679,QUERY_SPREAD,66
2019-06-28 13:42:44.881807679,BEST_BID,"JPM,100799,157"
2019-06-28 13:42:44.881807679,BEST_ASK,"JPM,100821,100"
2019-06-28 13:42:48.012037006,QUERY_SPREAD,5
2019-06-28 13:42:48.012037006,BEST_BID,"JPM,100799,57"
2019-06-28 13:42:48.012037006,BEST_ASK,"JPM,100821,100"
2019-06-28 13:42:48.012037006,LAST_TRADE,"100,$100799.0000"
2019-06-28 13:42:50.000000000,QUERY_SPREAD,1
2019-06-28 13:42:50.000000000,BEST_BID,"JPM,100754,156"
2019-06-28 13:42:50.000000000,BEST_ASK,"JPM,100821,100"
2019-06-28 13:42:50.000000000,BEST_BID,"JPM,100754,156"
2019-06-28 13:42:50.000000000,BEST_ASK,"JPM,100821,100"
2019-06-28 13:42:50.000000000,BEST_BID,"JPM,100754,156"
2019-06-28 13:42:50.000000000,BEST_ASK,"JPM,100821,100"
2019-06-28 13:42:50.000000000,BEST_BID,"JPM,100754,156"
2019-06-28 13:42:50.000000000,BEST_ASK,"JPM,100821,100"
2019-06-28 13:42:50.000000000,BEST_BID,"JPM,100754,156"
2019-06-28 13:42:50.000000000,BEST_ASK,"JPM,100821,100"
2019-06-28 13:42:50.000000000,BEST_BID,"JPM,100754,156"
2019-06-28 13:42:50.000000000,BEST_ASK,"JPM,100821,156"
2019-06-28 13:42:50.000000000,BEST_BID,"JPM,100754,156"
2019-06-28 13:42:50.000000000,BEST_ASK,"JPM,100821,156"
2019-06-28 13:42:50.000000000,BEST_BID,"JPM,100754,156"
2019-06-28 13:42:50.000000000,BEST_ASK,"JPM,100821,156"
2019-06-28 13:42:50.000000000,BEST_BID,"JPM,100754,156"
2019-06-28 13:42:50.000000000,BEST_ASK,"JPM,100821,156"
2019-06-28 13:42:50.000000000,BEST_BID,"JPM,100754,156"
2019-06-28 13:42:50.000000000,BEST_ASK,"JPM,100821,156"
2019-06-28 13:43:00.000000000,QUERY_SPREAD,1
2019-06-28 13:43:00.000000000,BEST_BID,"JPM,100754,170"
2019-06-28 13:43:00.000000000,BEST_ASK,"JPM,100821,100"
2019-06-28 13:43:00.000000000,BEST_BID,"JPM,100754,170"
2019-06-28 13:43:00.000000000,BEST_ASK,"JPM,100821,100"
2019-06-28 13:43:00.000000000,BEST_BID,"JPM,100754,170"
2019-06-28 13:43:00.000000000,BEST_ASK,"JPM,100821,100"
2019-06-28 13:43:00.000000000,BEST_BID,"JPM,100754,170"
2019-06-28 13:43:00.000000000,BEST_ASK,"JPM,100821,100"
2019-06-28 13:43:00.000000000,BEST_BID,"JPM,100754,170"
2019-06-28 13:43:00.000000000,BEST_ASK,"JPM,100821,170"
2019-06-28 13:43:00.000000000,BEST_BID,"JPM,100754,170"
2019-06-28 13:43:00.000000000,BEST_ASK,"JPM,100821,170"
2019-06-28 13:43:00.000000000,BEST_BID,"JPM,100754,170"
2019-06-28 13:43:00.000000000,BEST_ASK,"JPM,100821,170"
2019-06-28 13:43:00.000000000,BEST_BID,"JPM,100754,170"
2019-06-28 13:43:00.000000000,BEST_ASK,"JPM,100821,170"
2019-06-28 13:43:00.000000000,QUERY_SPREAD,77
2019-06-28 13:43:00.000000000,BEST_BID,"JPM,100754,170"
2019-06-28 13:43:00.000000000,BEST_ASK,"JPM,100821,169"
2019-06-28 13:43:00.000000000,LAST_TRADE,"1,$100821.0000"
2019-06-28 13:43:00.000000000,QUERY_SPREAD,78
2019-06-28 13:43:00.000000000,BEST_BID,"JPM,100754,170"
2019-06-28 13:43:00.000000000,BEST_ASK,"JPM,100821,165"
2019-06-28 13:43:00.000000000,LAST_TRADE,"4,$100821.0000"
2019-06-28 13:43:00.000000000,QUERY_SPREAD,79
2019-06-28 13:43:00.000000000,BEST_BID,"JPM,100754,170"
2019-06-28 13:43:00.000000000,BEST_ASK,"JPM,100821,159"
2019-06-28 13:43:00.000000000,LAST_TRADE,"6,$100821.0000"
2019-06-28 13:43:00.000000000,QUERY_SPREAD,80
2019-06-28 13:43:00.000000000,BEST_BID,"JPM,100754,170"
2019-06-28 13:43:00.000000000,BEST_ASK,"JPM,100821,154"
2019-06-28 13:43:00.000000000,LAST_TRADE,"5,$100821.0000"
2019-06-28 13:43:00.000000000,QUERY_SPREAD,81
2019-06-28 13:43:00.000000000,BEST_BID,"JPM,100754,170"
2019-06-28 13:43:00.000000000,BEST_ASK,"JPM,100821,146"
2019-06-28 13:43:00.000000000,LAST_TRADE,"8,$100821.0000"
2019-06-28 13:43:00.000000000,QUERY_SPREAD,82
2019-06-28 13:43:00.000000000,BEST_BID,"JPM,100754,170"
2019-06-28 13:43:00.000000000,BEST_ASK,"JPM,100821,138"
2019-06-28 13:43:00.000000000,LAST_TRADE,"8,$100821.0000"
2019-06-28 13:43:00.000000000,QUERY_SPREAD,83
2019-06-28 13:43:00.000000000,BEST_BID,"JPM,100754,170"
2019-06-28 13:43:00.000000000,BEST_ASK,"JPM,100821,136"
2019-06-28 13:43:00.000000000,LAST_TRADE,"2,$100821.0000"
2019-06-28 13:43:00.000000000,QUERY_SPREAD,84
2019-06-28 13:43:00.000000000,BEST_BID,"JPM,100754,170"
2019-06-28 13:43:00.000000000,BEST_ASK,"JPM,100821,135"
2019-06-28 13:43:00.000000000,LAST_TRADE,"1,$100821.0000"
2019-06-28 13:43:00.000000000,QUERY_SPREAD,85
2019-06-28 13:43:00.000000000,BEST_BID,"JPM,100754,170"
2019-06-28 13:43:00.000000000,BEST_ASK,"JPM,100821,134"
2019-06-28 13:43:00.000000000,LAST_TRADE,"1,$100821.0000"
2019-06-28 13:43:00.000000000,QUERY_SPREAD,86
2019-06-28 13:43:00.000000000,BEST_BID,"JPM,100754,170"
2019-06-28 13:43:00.000000000,BEST_ASK,"JPM,100821,128"
2019-06-28 13:43:00.000000000,LAST_TRADE,"6,$100821.0000"
2019-06-28 13:43:00.000000000,QUERY_SPREAD,87
2019-06-28 13:43:00.000000000,BEST_BID,"JPM,100754,170"
2019-06-28 13:43:00.000000000,BEST_ASK,"JPM,100821,125"
2019-06-28 13:43:00.000000000,LAST_TRADE,"3,$100821.0000"
2019-06-28 13:43:00.000000000,QUERY_SPREAD,88
2019-06-28 13:43:00.000000000,BEST_BID,"JPM,100754,170"
2019-06-28 13:43:00.000000000,BEST_ASK,"JPM,100821,121"
2019-06-28 13:43:00.000000000,LAST_TRADE,"4,$100821.0000"
2019-06-28 13:43:00.000000000,QUERY_SPREAD,89
2019-06-28 13:43:00.000000000,BEST_BID,"JPM,100754,170"
2019-06-28 13:43:00.000000000,BEST_ASK,"JPM,100821,117"
2019-06-28 13:43:00.000000000,LAST_TRADE,"4,$100821.0000"
2019-06-28 13:43:00.000000000,QUERY_SPREAD,90
2019-06-28 13:43:00.000000000,BEST_BID,"JPM,100754,170"
2019-06-28 13:43:00.000000000,BEST_ASK,"JPM,100821,110"
2019-06-28 13:43:00.000000000,LAST_TRADE,"7,$100821.0000"
2019-06-28 13:43:00.000000000,QUERY_SPREAD,91
2019-06-28 13:43:00.000000000,BEST_BID,"JPM,100754,170"
2019-06-28 13:43:00.000000000,BEST_ASK,"JPM,100821,102"
2019-06-28 13:43:00.000000000,LAST_TRADE,"8,$100821.0000"
2019-06-28 13:43:00.000000000,QUERY_SPREAD,92
2019-06-28 13:43:00.000000000,BEST_BID,"JPM,100754,170"
2019-06-28 13:43:00.000000000,BEST_ASK,"JPM,100821,97"
2019-06-28 13:43:00.000000000,LAST_TRADE,"5,$100821.0000"
2019-06-28 13:43:00.000000000,QUERY_SPREAD,93
2019-06-28 13:43:00.000000000,BEST_BID,"JPM,100754,170"
2019-06-28 13:43:00.000000000,BEST_ASK,"JPM,100821,94"
2019-06-28 13:43:00.000000000,LAST_TRADE,"3,$100821.0000"
2019-06-28 13:43:00.000000000,QUERY_SPREAD,94
2019-06-28 13:43:00.000000000,BEST_BID,"JPM,100754,170"
2019-06-28 13:43:00.000000000,BEST_ASK,"JPM,100821,90"
2019-06-28 13:43:00.000000000,LAST_TRADE,"4,$100821.0000"
2019-06-28 13:43:00.000000000,QUERY_SPREAD,95
2019-06-28 13:43:00.000000000,BEST_BID,"JPM,100754,170"
2019-06-28 13:43:00.000000000,BEST_ASK,"JPM,100821,85"
2019-06-28 13:43:00.000000000,LAST_TRADE,"5,$100821.0000"
2019-06-28 13:43:00.000000000,QUERY_SPREAD,96
2019-06-28 13:43:00.000000000,BEST_BID,"JPM,100754,170"
2019-06-28 13:43:00.000000000,BEST_ASK,"JPM,100821,84"
2019-06-28 13:43:00.000000000,LAST_TRADE,"1,$100821.0000"
2019-06-28 13:43:00.000000000,QUERY_SPREAD,97
2019-06-28 13:43:00.000000000,BEST_BID,"JPM,100754,170"
2019-06-28 13:43:00.000000000,BEST_ASK,"JPM,100821,77"
2019-06-28 13:43:00.000000000,LAST_TRADE,"7,$100821.0000"
2019-06-28 13:43:00.000000000,QUERY_SPREAD,98
2019-06-28 13:43:00.000000000,BEST_BID,"JPM,100754,170"
2019-06-28 13:43:00.000000000,BEST_ASK,"JPM,100821,71"
2019-06-28 13:43:00.000000000,LAST_TRADE,"6,$100821.0000"
2019-06-28 13:43:00.000000000,QUERY_SPREAD,99
2019-06-28 13:43:00.000000000,BEST_BID,"JPM,100754,170"
2019-06-28 13:43:00.000000000,BEST_ASK,"JPM,100821,66"
2019-06-28 13:43:00.000000000,LAST_TRADE,"5,$100821.0000"
2019-06-28 13:43:00.000000000,QUERY_SPREAD,100
2019-06-28 13:43:00.000000000,BEST_BID,"JPM,100754,170"
2019-06-28 13:43:00.000000000,BEST_ASK,"JPM,100821,59"
2019-06-28 13:43:00.000000000,LAST_TRADE,"7,$100821.0000"
2019-06-28 13:43:00.000000000,QUERY_SPREAD,101
2019-06-28 13:43:00.000000000,QUERY_ORDER_STREAM,101
2019-06-28 13:43:10.000000000,QUERY_SPREAD,1
2019-06-28 13:43:10.000000000,BEST_BID,"JPM,100754,170"
2019-06-28 13:43:10.000000000,BEST_ASK,"JPM,101293,98"
2019-06-28 13:43:10.000000000,BEST_BID,"JPM,100754,170"
2019-06-28 13:43:10.000000000,BEST_ASK,"JPM,101293,98"
2019-06-28 13:43:10.000000000,BEST_BID,"JPM,100754,170"
2019-06-28 13:43:10.000000000,BEST_ASK,"JPM,101293,98"
2019-06-28 13:43:10.000000000,BEST_BID,"JPM,100754,170"
2019-06-28 13:43:10.000000000,BEST_ASK,"JPM,101293,98"
2019-06-28 13:43:10.000000000,BEST_BID,"JPM,100754,170"
2019-06-28 13:43:10.000000000,BEST_ASK,"JPM,101293,168"
2019-06-28 13:43:10.000000000,BEST_BID,"JPM,100754,170"
2019-06-28 13:43:10.000000000,BEST_ASK,"JPM,101293,168"
2019-06-28 13:43:10.000000000,BEST_BID,"JPM,100754,170"
2019-06-28 13:43:10.000000000,BEST_ASK,"JPM,101293,168"
2019-06-28 13:43:10.000000000,BEST_BID,"JPM,100754,170"
2019-06-28 13:43:10.000000000,BEST_ASK,"JPM,101293,168"
2019-06-28 13:43:12.073496185,QUERY_SPREAD,44
2019-06-28 13:43:12.073496185,BEST_BID,"JPM,100754,170"
2019-06-28 13:43:12.073496185,BEST_ASK,"JPM,101293,168"
2019-06-28 13:43:20.000000000,QUERY_SPREAD,1
2019-06-28 13:43:20.000000000,BEST_BID,"JPM,100754,195"
2019-06-28 13:43:20.000000000,BEST_ASK,"JPM,101293,98"
2019-06-28 13:43:20.000000000,BEST_BID,"JPM,100754,195"
2019-06-28 13:43:20.000000000,BEST_ASK,"JPM,101293,98"
2019-06-28 13:43:20.000000000,BEST_BID,"JPM,100754,195"
2019-06-28 13:43:20.000000000,BEST_ASK,"JPM,101293,98"
2019-06-28 13:43:20.000000000,BEST_BID,"JPM,100754,195"
2019-06-28 13:43:20.000000000,BEST_ASK,"JPM,101293,193"
2019-06-28 13:43:20.000000000,BEST_BID,"JPM,100754,195"
2019-06-28 13:43:20.000000000,BEST_ASK,"JPM,101293,193"
2019-06-28 13:43:20.000000000,BEST_BID,"JPM,100754,195"
2019-06-28 13:43:20.000000000,BEST_ASK,"JPM,101293,193"
2019-06-28 13:43:30.000000000,QUERY_SPREAD,1
2019-06-28 13:43:30.000000000,BEST_BID,"JPM,100754,156"
2019-06-28 13:43:30.000000000,BEST_ASK,"JPM,101293,98"
2019-06-28 13:43:30.000000000,BEST_BID,"JPM,100754,156"
2019-06-28 13:43:30.000000000,BEST_ASK,"JPM,101293,98"
2019-06-28 13:43:30.000000000,BEST_BID,"JPM,100754,156"
2019-06-28 13:43:30.000000000,BEST_ASK,"JPM,101293,98"
2019-06-28 13:43:30.000000000,BEST_BID,"JPM,100754,156"
2019-06-28 13:43:30.000000000,BEST_ASK,"JPM,101293,98"
2019-06-28 13:43:30.000000000,BEST_BID,"JPM,100754,156"
2019-06-28 13:43:30.000000000,BEST_ASK,"JPM,101293,98"
2019-06-28 13:43:30.000000000,BEST_BID,"JPM,100754,156"
2019-06-28 13:43:30.000000000,BEST_ASK,"JPM,101293,154"
2019-06-28 13:43:30.000000000,BEST_BID,"JPM,100754,156"
2019-06-28 13:43:30.000000000,BEST_ASK,"JPM,101293,154"
2019-06-28 13:43:30.000000000,BEST_BID,"JPM,100754,156"
2019-06-28 13:43:30.000000000,BEST_ASK,"JPM,101293,154"
2019-06-28 13:43:30.000000000,BEST_BID,"JPM,100754,156"
2019-06-28 13:43:30.000000000,BEST_ASK,"JPM,101293,154"
2019-06-28 13:43:30.000000000,BEST_BID,"JPM,100754,156"
2019-06-28 13:43:30.000000000,BEST_ASK,"JPM,101293,154"
2019-06-28 13:43:36.010541080,QUERY_SPREAD,14
2019-06-28 13:43:36.010541080,BEST_BID,"JPM,100754,156"
2019-06-28 13:43:36.010541080,BEST_ASK,"JPM,101293,154"
2019-06-28 13:43:40.000000000,QUERY_SPREAD,1
2019-06-28 13:43:40.000000000,BEST_BID,"JPM,100754,380"
2019-06-28 13:43:40.000000000,BEST_ASK,"JPM,101293,98"
2019-06-28 13:43:40.000000000,BEST_BID,"JPM,100754,380"
2019-06-28 13:43:40.000000000,BEST_ASK,"JPM,101293,378"
2019-06-28 13:43:50.000000000,QUERY_SPREAD,1
2019-06-28 13:43:50.000000000,BEST_BID,"JPM,100754,380"
2019-06-28 13:43:50.000000000,BEST_ASK,"JPM,101293,98"
2019-06-28 13:43:50.000000000,BEST_BID,"JPM,100754,380"
2019-06-28 13:43:50.000000000,BEST_ASK,"JPM,101293,378"
2019-06-28 13:44:00.000000000,QUERY_SPREAD,1
2019-06-28 13:44:00.000000000,BEST_BID,"JPM,100754,240"
2019-06-28 13:44:00.000000000,BEST_ASK,"JPM,101293,98"
2019-06-28 13:44:00.000000000,BEST_BID,"JPM,100754,240"
2019-06-28 13:44:00.000000000,BEST_ASK,"JPM,101293,98"
2019-06-28 13:44:00.000000000,BEST_BID,"JPM,100754,240"
2019-06-28 13:44:00.000000000,BEST_ASK,"JPM,101293,238"
2019-06-28 13:44:00.000000000,BEST_BID,"JPM,100754,240"
2019-06-28 13:44:00.000000000,BEST_ASK,"JPM,101293,238"
2019-06-28 13:44:00.000000000,QUERY_SPREAD,77
2019-06-28 13:44:00.000000000,BEST_BID,"JPM,100754,240"
2019-06-28 13:44:00.000000000,BEST_ASK,"JPM,101293,237"
2019-06-28 13:44:00.000000000,LAST_TRADE,"1,$101293.0000"
2019-06-28 13:44:00.000000000,QUERY_SPREAD,78
2019-06-28 13:44:00.000000000,BEST_BID,"JPM,100754,240"
2019-06-28 13:44:00.000000000,BEST_ASK,"JPM,101293,233"
2019-06-28 13:44:00.000000000,LAST_TRADE,"4,$101293.0000"
2019-06-28 13:44:00.000000000,QUERY_SPREAD,79
2019-06-28 13:44:00.000000000,BEST_BID,"JPM,100754,240"
2019-06-28 13:44:00.000000000,BEST_ASK,"JPM,101293,227"
2019-06-28 13:44:00.000000000,LAST_TRADE,"6,$101293.0000"
2019-06-28 13:44:00.000000000,QUERY_SPREAD,80
2019-06-28 13:44:00.000000000,BEST_BID,"JPM,100754,240"
2019-06-28 13:44:00.000000000,BEST_ASK,"JPM,101293,222"
2019-06-28 13:44:00.000000000,LAST_TRADE,"5,$101293.0000"
2019-06-28 13:44:00.000000000,QUERY_SPREAD,81
2019-06-28 13:44:00.000000000,BEST_BID,"JPM,100754,240"
2019-06-28 13:44:00.000000000,BEST_ASK,"JPM,101293,214"
2019-06-28 13:44:00.000000000,LAST_TRADE,"8,$101293.0000"
2019-06-28 13:44:00.000000000,QUERY_SPREAD,82
2019-06-28 13:44:00.000000000,BEST_BID,"JPM,100754,240"
2019-06-28 13:44:00.000000000,BEST_ASK,"JPM,101293,206"
2019-06-28 13:44:00.000000000,LAST_TRADE,"8,$101293.0000"
2019-06-28 13:44:00.000000000,QUERY_SPREAD,83
2019-06-28 13:44:00.000000000,BEST_BID,"JPM,100754,240"
2019-06-28 13:44:00.000000000,BEST_ASK,"JPM,101293,204"
2019-06-28 13:44:00.000000000,LAST_TRADE,"2,$101293.0000"
2019-06-28 13:44:00.000000000,QUERY_SPREAD,84
2019-06-28 13:44:00.000000000,BEST_BID,"JPM,100754,240"
2019-06-28 13:44:00.000000000,BEST_ASK,"JPM,101293,203"
2019-06-28 13:44:00.000000000,LAST_TRADE,"1,$101293.0000"
2019-06-28 13:44:00.000000000,QUERY_SPREAD,85
2019-06-28 13:44:00.000000000,BEST_BID,"JPM,100754,240"
2019-06-28 13:44:00.000000000,BEST_ASK,"JPM,101293,202"
2019-06-28 13:44:00.000000000,LAST_TRADE,"1,$101293.0000"
2019-06-28 13:44:00.000000000,QUERY_SPREAD,86
2019-06-28 13:44:00.000000000,BEST_BID,"JPM,100754,240"
2019-06-28 13:44:00.000000000,BEST_ASK,"JPM,101293,196"
2019-06-28 13:44:00.000000000,LAST_TRADE,"6,$101293.0000"
2019-06-28 13:44:00.000000000,QUERY_SPREAD,87
2019-06-28 13:44:00.000000000,BEST_BID,"JPM,100754,240"
2019-06-28 13:44:00.000000000,BEST_ASK,"JPM,101293,193"
2019-06-28 13:44:00.000000000,LAST_TRADE,"3,$101293.0000"
2019-06-28 13:44:00.000000000,QUERY_SPREAD,88
2019-06-28 13:44:00.000000000,BEST_BID,"JPM,100754,240"
2019-06-28 13:44:00.000000000,BEST_ASK,"JPM,101293,189"
2019-06-28 13:44:00.000000000,LAST_TRADE,"4,$101293.0000"
2019-06-28 13:44:00.000000000,QUERY_SPREAD,89
2019-06-28 13:44:00.000000000,BEST_BID,"JPM,100754,240"
2019-06-28 13:44:00.000000000,BEST_ASK,"JPM,101293,185"
2019-06-28 13:44:00.000000000,LAST_TRADE,"4,$101293.0000"
2019-06-28 13:44:00.000000000,QUERY_SPREAD,90
2019-06-28 13:44:00.000000000,BEST_BID,"JPM,100754,240"
2019-06-28 13:44:00.000000000,BEST_ASK,"JPM,101293,178"
2019-06-28 13:44:00.000000000,LAST_TRADE,"7,$101293.0000"
2019-06-28 13:44:00.000000000,QUERY_SPREAD,91
2019-06-28 13:44:00.000000000,BEST_BID,"JPM,100754,240"
2019-06-28 13:44:00.000000000,BEST_ASK,"JPM,101293,170"
2019-06-28 13:44:00.000000000,LAST_TRADE,"8,$101293.0000"
2019-06-28 13:44:00.000000000,QUERY_SPREAD,92
2019-06-28 13:44:00.000000000,BEST_BID,"JPM,100754,240"
2019-06-28 13:44:00.000000000,BEST_ASK,"JPM,101293,165"
2019-06-28 13:44:00.000000000,LAST_TRADE,"5,$101293.0000"
2019-06-28 13:44:00.000000000,QUERY_SPREAD,93
2019-06-28 13:44:00.000000000,BEST_BID,"JPM,100754,240"
2019-06-28 13:44:00.000000000,BEST_ASK,"JPM,101293,162"
2019-06-28 13:44:00.000000000,LAST_TRADE,"3,$101293.0000"
2019-06-28 13:44:00.000000000,QUERY_SPREAD,94
2019-06-28 13:44:00.000000000,BEST_BID,"JPM,100754,240"
2019-06-28 13:44:00.000000000,BEST_ASK,"JPM,101293,158"
2019-06-28 13:44:00.000000000,LAST_TRADE,"4,$101293.0000"
2019-06-28 13:44:00.000000000,QUERY_SPREAD,95
2019-06-28 13:44:00.000000000,BEST_BID,"JPM,100754,240"
2019-06-28 13:44:00.000000000,BEST_ASK,"JPM,101293,153"
2019-06-28 13:44:00.000000000,LAST_TRADE,"5,$101293.0000"
2019-06-28 13:44:00.000000000,QUERY_SPREAD,96
2019-06-28 13:44:00.000000000,BEST_BID,"JPM,100754,240"
2019-06-28 13:44:00.000000000,BEST_ASK,"JPM,101293,152"
2019-06-28 13:44:00.000000000,LAST_TRADE,"1,$101293.0000"
2019-06-28 13:44:00.000000000,QUERY_SPREAD,97
2019-06-28 13:44:00.000000000,BEST_BID,"JPM,100754,240"
2019-06-28 13:44:00.000000000,BEST_ASK,"JPM,101293,145"
2019-06-28 13:44:00.000000000,LAST_TRADE,"7,$101293.0000"
2019-06-28 13:44:00.000000000,QUERY_SPREAD,98
2019-06-28 13:44:00.000000000,BEST_BID,"JPM,100754,240"
2019-06-28 13:44:00.000000000,BEST_ASK,"JPM,101293,139"
2019-06-28 13:44:00.000000000,LAST_TRADE,"6,$101293.0000"
2019-06-28 13:44:00.000000000,QUERY_SPREAD,99
2019-06-28 13:44:00.000000000,BEST_BID,"JPM,100754,240"
2019-06-28 13:44:00.000000000,BEST_ASK,"JPM,101293,134"
2019-06-28 13:44:00.000000000,LAST_TRADE,"5,$101293.0000"
2019-06-28 13:44:00.000000000,QUERY_SPREAD,100
2019-06-28 13:44:00.000000000,BEST_BID,"JPM,100754,240"
2019-06-28 13:44:00.000000000,BEST_ASK,"JPM,101293,127"
2019-06-28 13:44:00.000000000,LAST_TRADE,"7,$101293.0000"
2019-06-28 13:44:00.000000000,QUERY_SPREAD,101
2019-06-28 13:44:00.000000000,QUERY_ORDER_STREAM,101
2019-06-28 13:44:10.000000000,QUERY_SPREAD,1
2019-06-28 13:44:10.000000000,BEST_BID,"JPM,100754,380"
2019-06-28 13:44:10.000000000,BEST_ASK,"JPM,101295,63"
2019-06-28 13:44:10.000000000,BEST_BID,"JPM,100754,380"
2019-06-28 13:44:10.000000000,BEST_ASK,"JPM,101295,343"
2019-06-28 13:44:20.000000000,QUERY_SPREAD,1
2019-06-28 13:44:20.000000000,BEST_BID,"JPM,100754,380"
2019-06-28 13:44:20.000000000,BEST_ASK,"JPM,101295,63"
2019-06-28 13:44:20.000000000,BEST_BID,"JPM,100754,380"
2019-06-28 13:44:20.000000000,BEST_ASK,"JPM,101295,343"
2019-06-28 13:44:20.760255615,QUERY_SPREAD,23
2019-06-28 13:44:20.760255615,BEST_BID,"JPM,100754,380"
2019-06-28 13:44:20.760255615,BEST_ASK,"JPM,101295,343"
2019-06-28 13:44:30.000000000,QUERY_SPREAD,1
2019-06-28 13:44:30.000000000,BEST_BID,"JPM,100754,240"
2019-06-28 13:44:30.000000000,BEST_ASK,"JPM,101295,63"
2019-06-28 13:44:30.000000000,BEST_BID,"JPM,100754,240"
2019-06-28 13:44:30.000000000,BEST_ASK,"JPM,101295,63"
2019-06-28 13:44:30.000000000,BEST_BID,"JPM,100754,240"
2019-06-28 13:44:30.000000000,BEST_ASK,"JPM,101295,203"
2019-06-28 13:44:30.000000000,BEST_BID,"JPM,100754,240"
2019-06-28 13:44:30.000000000,BEST_ASK,"JPM,101295,203"
2019-06-28 13:44:32.865672740,QUERY_ORDER_STREAM,74
2019-06-28 13:44:32.865672740,QUERY_SPREAD,74
2019-06-28 13:44:40.000000000,QUERY_SPREAD,1
2019-06-28 13:44:40.000000000,BEST_BID,"JPM,100754,195"
2019-06-28 13:44:40.000000000,BEST_ASK,"JPM,101295,63"
2019-06-28 13:44:40.000000000,BEST_BID,"JPM,100754,195"
2019-06-28 13:44:40.000000000,BEST_ASK,"JPM,101295,63"
2019-06-28 13:44:40.000000000,BEST_BID,"JPM,100754,195"
2019-06-28 13:44:40.000000000,BEST_ASK,"JPM,101295,63"
2019-06-28 13:44:40.000000000,BEST_BID,"JPM,100754,195"
2019-06-28 13:44:40.000000000,BEST_ASK,"JPM,101295,158"
2019-06-28 13:44:40.000000000,BEST_BID,"JPM,100754,195"
2019-06-28 13:44:40.000000000,BEST_ASK,"JPM,101295,158"
2019-06-28 13:44:40.000000000,BEST_BID,"JPM,100754,195"
2019-06-28 13:44:40.000000000,BEST_ASK,"JPM,101295,158"
2019-06-28 13:44:43.102463555,QUERY_ORDER_STREAM,74
2019-06-28 13:44:43.102463555,QUERY_SPREAD,74
2019-06-28 13:44:50.000000000,QUERY_SPREAD,1
2019-06-28 13:44:50.000000000,BEST_BID,"JPM,100754,240"
2019-06-28 13:44:50.000000000,BEST_ASK,"JPM,101295,63"
2019-06-28 13:44:50.000000000,BEST_BID,"JPM,100754,240"
2019-06-28 13:44:50.000000000,BEST_ASK,"JPM,101295,63"
2019-06-28 13:44:50.000000000,BEST_BID,"JPM,100754,240"
2019-06-28 13:44:50.000000000,BEST_ASK,"JPM,101295,203"
2019-06-28 13:44:50.000000000,BEST_BID,"JPM,100754,240"
2019-06-28 13:44:50.000000000,BEST_ASK,"JPM,101295,203"
2019-06-28 13:45:00.000000000,QUERY_SPREAD,1
2019-06-28 13:45:00.000000000,BEST_BID,"JPM,100754,170"
2019-06-28 13:45:00.000000000,BEST_ASK,"JPM,101295,63"
2019-06-28 13:45:00.000000000,BEST_BID,"JPM,100754,170"
2019-06-28 13:45:00.000000000,BEST_ASK,"JPM,101295,63"
2019-06-28 13:45:00.000000000,BEST_BID,"JPM,100754,170"
2019-06-28 13:45:00.000000000,BEST_ASK,"JPM,101295,63"
2019-06-28 13:45:00.000000000,BEST_BID,"JPM,100754,170"
2019-06-28 13:45:00.000000000,BEST_ASK,"JPM,101295,63"
2019-06-28 13:45:00.000000000,BEST_BID,"JPM,100754,170"
2019-06-28 13:45:00.000000000,BEST_ASK,"JPM,101295,133"
2019-06-28 13:45:00.000000000,BEST_BID,"JPM,100754,170"
2019-06-28 13:45:00.000000000,BEST_ASK,"JPM,101295,133"
2019-06-28 13:45:00.000000000,BEST_BID,"JPM,100754,170"
2019-06-28 13:45:00.000000000,BEST_ASK,"JPM,101295,133"
2019-06-28 13:45:00.000000000,BEST_BID,"JPM,100754,170"
2019-06-28 13:45:00.000000000,BEST_ASK,"JPM,101295,133"
2019-06-28 13:45:00.000000000,QUERY_SPREAD,77
2019-06-28 13:45:00.000000000,BEST_BID,"JPM,100754,170"
2019-06-28 13:45:00.000000000,BEST_ASK,"JPM,101295,132"
2019-06-28 13:45:00.000000000,LAST_TRADE,"1,$101295.0000"
2019-06-28 13:45:00.000000000,QUERY_SPREAD,78
2019-06-28 13:45:00.000000000,BEST_BID,"JPM,100754,170"
2019-06-28 13:45:00.000000000,BEST_ASK,"JPM,101295,128"
2019-06-28 13:45:00.000000000,LAST_TRADE,"4,$101295.0000"
2019-06-28 13:45:00.000000000,QUERY_SPREAD,79
2019-06-28 13:45:00.000000000,BEST_BID,"JPM,100754,170"
2019-06-28 13:45:00.000000000,BEST_ASK,"JPM,101295,122"
2019-06-28 13:45:00.000000000,LAST_TRADE,"6,$101295.0000"
2019-06-28 13:45:00.000000000,QUERY_SPREAD,80
2019-06-28 13:45:00.000000000,BEST_BID,"JPM,100754,170"
2019-06-28 13:45:00.000000000,BEST_ASK,"JPM,101295,117"
2019-06-28 13:45:00.000000000,LAST_TRADE,"5,$101295.0000"
2019-06-28 13:45:00.000000000,QUERY_SPREAD,81
2019-06-28 13:45:00.000000000,BEST_BID,"JPM,100754,170"
2019-06-28 13:45:00.000000000,BEST_ASK,"JPM,101295,109"
2019-06-28 13:45:00.000000000,LAST_TRADE,"8,$101295.0000"
2019-06-28 13:45:00.000000000,QUERY_SPREAD,82
2019-06-28 13:45:00.000000000,BEST_BID,"JPM,100754,170"
2019-06-28 13:45:00.000000000,BEST_ASK,"JPM,101295,101"
2019-06-28 13:45:00.000000000,LAST_TRADE,"8,$101295.0000"
2019-06-28 13:45:00.000000000,QUERY_SPREAD,83
2019-06-28 13:45:00.000000000,BEST_BID,"JPM,100754,170"
2019-06-28 13:45:00.000000000,BEST_ASK,"JPM,101295,99"
2019-06-28 13:45:00.000000000,LAST_TRADE,"2,$101295.0000"
2019-06-28 13:45:00.000000000,QUERY_SPREAD,84
2019-06-28 13:45:00.000000000,BEST_BID,"JPM,100754,170"
2019-06-28 13:45:00.000000000,BEST_ASK,"JPM,101295,98"
2019-06-28 13:45:00.000000000,LAST_TRADE,"1,$101295.0000"
2019-06-28 13:45:00.000000000,QUERY_SPREAD,85
2019-06-28 13:45:00.000000000,BEST_BID,"JPM,100754,170"
2019-06-28 13:45:00.000000000,BEST_ASK,"JPM,101295,97"
2019-06-28 13:45:00.000000000,LAST_TRADE,"1,$101295.0000"
2019-06-28 13:45:00.000000000,QUERY_SPREAD,86
2019-06-28 13:45:00.000000000,BEST_BID,"JPM,100754,170"
2019-06-28 13:45:00.000000000,BEST_ASK,"JPM,101295,91"
2019-06-28 13:45:00.000000000,LAST_TRADE,"6,$101295.0000"
2019-06-28 13:45:00.000000000,QUERY_SPREAD,87
2019-06-28 13:45:00.000000000,BEST_BID,"JPM,100754,170"
2019-06-28 13:45:00.000000000,BEST_ASK,"JPM,101295,88"
2019-06-28 13:45:00.000000000,LAST_TRADE,"3,$101295.0000"
2019-06-28 13:45:00.000000000,QUERY_SPREAD,88
2019-06-28 13:45:00.000000000,BEST_BID,"JPM,100754,170"
2019-06-28 13:45:00.000000000,BEST_ASK,"JPM,101295,84"
2019-06-28 13:45:00.000000000,LAST_TRADE,"4,$101295.0000"
2019-06-28 13:45:00.000000000,QUERY_SPREAD,89
2019-06-28 13:45:00.000000000,BEST_BID,"JPM,100754,170"
2019-06-28 13:45:00.000000000,BEST_ASK,"JPM,101295,80"
2019-06-28 13:45:00.000000000,LAST_TRADE,"4,$101295.0000"
2019-06-28 13:45:00.000000000,QUERY_SPREAD,90
2019-06-28 13:45:00.000000000,BEST_BID,"JPM,100754,170"
2019-06-28 13:45:00.000000000,BEST_ASK,"JPM,101295,73"
2019-06-28 13:45:00.000000000,LAST_TRADE,"7,$101295.0000"
2019-06-28 13:45:00.000000000,QUERY_SPREAD,91
2019-06-28 13:45:00.000000000,BEST_BID,"JPM,100754,170"
2019-06-28 13:45:00.000000000,BEST_ASK,"JPM,101295,65"
2019-06-28 13:45:00.000000000,LAST_TRADE,"8,$101295.0000"
2019-06-28 13:45:00.000000000,QUERY_SPREAD,92
2019-06-28 13:45:00.000000000,BEST_BID,"JPM,100754,170"
2019-06-28 13:45:00.000000000,BEST_ASK,"JPM,101295,60"
2019-06-28 13:45:00.000000000,LAST_TRADE,"5,$101295.0000"
2019-06-28 13:45:00.000000000,QUERY_SPREAD,93
2019-06-28 13:45:00.000000000,BEST_BID,"JPM,100754,170"
2019-06-28 13:45:00.000000000,BEST_ASK,"JPM,101295,57"
2019-06-28 13:45:00.000000000,LAST_TRADE,"3,$101295.0000"
2019-06-28 13:45:00.000000000,QUERY_SPREAD,94
2019-06-28 13:45:00.000000000,BEST_BID,"JPM,100754,170"
2019-06-28 13:45:00.000000000,BEST_ASK,"JPM,101295,53"
2019-06-28 13:45:00.000000000,LAST_TRADE,"4,$101295.0000"
2019-06-28 13:45:00.000000000,QUERY_SPREAD,95
2019-06-28 13:45:00.000000000,BEST_BID,"JPM,100754,170"
2019-06-28 13:45:00.000000000,BEST_ASK,"JPM,101295,48"
2019-06-28 13:45:00.000000000,LAST_TRADE,"5,$101295.0000"
2019-06-28 13:45:00.000000000,QUERY_SPREAD,96
2019-06-28 13:45:00.000000000,BEST_BID,"JPM,100754,170"
2019-06-28 13:45:00.000000000,BEST_ASK,"JPM,101295,47"
2019-06-28 13:45:00.000000000,LAST_TRADE,"1,$101295.0000"
2019-06-28 13:45:00.000000000,QUERY_SPREAD,97
2019-06-28 13:45:00.000000000,BEST_BID,"JPM,100754,170"
2019-06-28 13:45:00.000000000,BEST_ASK,"JPM,101295,40"
2019-06-28 13:45:00.000000000,LAST_TRADE,"7,$101295.0000"
2019-06-28 13:45:00.000000000,QUERY_SPREAD,98
2019-06-28 13:45:00.000000000,BEST_BID,"JPM,100754,170"
2019-06-28 13:45:00.000000000,BEST_ASK,"JPM,101295,34"
2019-06-28 13:45:00.000000000,LAST_TRADE,"6,$101295.0000"
2019-06-28 13:45:00.000000000,QUERY_SPREAD,99
2019-06-28 13:45:00.000000000,BEST_BID,"JPM,100754,170"
2019-06-28 13:45:00.000000000,BEST_ASK,"JPM,101295,29"
2019-06-28 13:45:00.000000000,LAST_TRADE,"5,$101295.0000"
2019-06-28 13:45:00.000000000,QUERY_SPREAD,100
2019-06-28 13:45:00.000000000,BEST_BID,"JPM,100754,170"
2019-06-28 13:45:00.000000000,BEST_ASK,"JPM,101295,22"
2019-06-28 13:45:00.000000000,LAST_TRADE,"7,$101295.0000"
2019-06-28 13:45:00.000000000,QUERY_SPREAD,101
2019-06-28 13:45:00.000000000,QUERY_ORDER_STREAM,101
2019-06-28 13:45:02.056572324,QUERY_SPREAD,6
2019-06-28 13:45:02.056572324,BEST_BID,"JPM,100754,70"
2019-06-28 13:45:02.056572324,BEST_ASK,"JPM,101295,22"
2019-06-28 13:45:02.056572324,LAST_TRADE,"100,$100754.0000"
2019-06-28 13:45:10.000000000,QUERY_SPREAD,1
2019-06-28 13:45:10.000000000,BEST_BID,"JPM,100699,380"
2019-06-28 13:45:10.000000000,BEST_ASK,"JPM,101305,100"
2019-06-28 13:45:10.000000000,BEST_BID,"JPM,100699,380"
2019-06-28 13:45:10.000000000,BEST_ASK,"JPM,101305,380"
2019-06-28 13:45:11.248118582,QUERY_ORDER_STREAM,61
2019-06-28 13:45:11.248118582,QUERY_SPREAD,61
2019-06-28 13:45:13.120281017,QUERY_SPREAD,45
2019-06-28 13:45:13.120281017,BEST_BID,"JPM,100699,280"
2019-06-28 13:45:13.120281017,BEST_ASK,"JPM,101305,380"
2019-06-28 13:45:13.120281017,LAST_TRADE,"100,$100699.0000"
2019-06-28 13:45:20.000000000,QUERY_SPREAD,1
2019-06-28 13:45:20.000000000,BEST_BID,"JPM,100680,240"
2019-06-28 13:45:20.000000000,BEST_ASK,"JPM,101305,100"
2019-06-28 13:45:20.000000000,BEST_BID,"JPM,100680,240"
2019-06-28 13:45:20.000000000,BEST_ASK,"JPM,101305,100"
2019-06-28 13:45:20.000000000,BEST_BID,"JPM,100680,240"
2019-06-28 13:45:20.000000000,BEST_ASK,"JPM,101305,240"
2019-06-28 13:45:20.000000000,BEST_BID,"JPM,100680,240"
2019-06-28 13:45:20.000000000,BEST_ASK,"JPM,101305,240"
2019-06-28 13:45:21.012386210,QUERY_SPREAD,46
2019-06-28 13:45:21.012386210,BEST_BID,"JPM,100680,240"
2019-06-28 13:45:21.012386210,BEST_ASK,"JPM,101305,240"
2019-06-28 13:45:30.000000000,QUERY_SPREAD,1
2019-06-28 13:45:30.000000000,BEST_BID,"JPM,100680,195"
2019-06-28 13:45:30.000000000,BEST_ASK,"JPM,101305,100"
2019-06-28 13:45:30.000000000,BEST_BID,"JPM,100680,195"
2019-06-28 13:45:30.000000000,BEST_ASK,"JPM,101305,100"
2019-06-28 13:45:30.000000000,BEST_BID,"JPM,100680,195"
2019-06-28 13:45:30.000000000,BEST_ASK,"JPM,101305,100"
2019-06-28 13:45:30.000000000,BEST_BID,"JPM,100680,195"
2019-06-28 13:45:30.000000000,BEST_ASK,"JPM,101305,195"
2019-06-28 13:45:30.000000000,BEST_BID,"JPM,100680,195"
2019-06-28 13:45:30.000000000,BEST_ASK,"JPM,101305,195"
2019-06-28 13:45:30.000000000,BEST_BID,"JPM,100680,195"
2019-06-28 13:45:30.000000000,BEST_ASK,"JPM,101305,195"
2019-06-28 13:45:39.924951453,QUERY_ORDER_STREAM,65
2019-06-28 13:45:39.924951453,QUERY_SPREAD,65
2019-06-28 13:45:40.000000000,QUERY_SPREAD,1
2019-06-28 13:45:40.000000000,BEST_BID,"JPM,100680,380"
2019-06-28 13:45:40.000000000,BEST_ASK,"JPM,101305,100"
2019-06-28 13:45:40.000000000,BEST_BID,"JPM,100680,380"
2019-06-28 13:45:40.000000000,BEST_ASK,"JPM,101305,380"
2019-06-28 13:45:50.000000000,QUERY_SPREAD,1
2019-06-28 13:45:50.000000000,BEST_BID,"JPM,100680,195"
2019-06-28 13:45:50.000000000,BEST_ASK,"JPM,101305,100"
2019-06-28 13:45:50.000000000,BEST_BID,"JPM,100680,195"
2019-06-28 13:45:50.000000000,BEST_ASK,"JPM,101305,100"
2019-06-28 13:45:50.000000000,BEST_BID,"JPM,100680,195"
2019-06-28 13:45:50.000000000,BEST_ASK,"JPM,101305,100"
2019-06-28 13:45:50.000000000,BEST_BID,"JPM,100680,195"
2019-06-28 13:45:50.000000000,BEST_ASK,"JPM,101305,195"
2019-06-28 13:45:50.000000000,BEST_BID,"JPM,100680,195"
2019-06-28 13:45:50.000000000,BEST_ASK,"JPM,101305,195"
2019-06-28 13:45:50.000000000,BEST_BID,"JPM,100680,195"
2019-06-28 13:45:50.000000000,BEST_ASK,"JPM,101305,195"
2019-06-28 13:46:00.000000000,QUERY_SPREAD,1
2019-06-28 13:46:00.000000000,BEST_BID,"JPM,100680,240"
2019-06-28 13:46:00.000000000,BEST_ASK,"JPM,101305,100"
2019-06-28 13:46:00.000000000,BEST_BID,"JPM,100680,240"
2019-06-28 13:46:00.000000000,BEST_ASK,"JPM,101305,100"
2019-06-28 13:46:00.000000000,BEST_BID,"JPM,100680,240"
2019-06-28 13:46:00.000000000,BEST_ASK,"JPM,101305,240"
2019-06-28 13:46:00.000000000,BEST_BID,"JPM,100680,240"
2019-06-28 13:46:00.000000000,BEST_ASK,"JPM,101305,240"
2019-06-28 13:46:00.000000000,QUERY_SPREAD,77
2019-06-28 13:46:00.000000000,BEST_BID,"JPM,100680,240"
2019-06-28 13:46:00.000000000,BEST_ASK,"JPM,101305,239"
2019-06-28 13:46:00.000000000,LAST_TRADE,"1,$101305.0000"
2019-06-28 13:46:00.000000000,QUERY_SPREAD,78
2019-06-28 13:46:00.000000000,BEST_BID,"JPM,100680,240"
2019-06-28 13:46:00.000000000,BEST_ASK,"JPM,101305,235"
2019-06-28 13:46:00.000000000,LAST_TRADE,"4,$101305.0000"
2019-06-28 13:46:00.000000000,QUERY_SPREAD,79
2019-06-28 13:46:00.000000000,BEST_BID,"JPM,100680,240"
2019-06-28 13:46:00.000000000,BEST_ASK,"JPM,101305,229"
2019-06-28 13:46:00.000000000,LAST_TRADE,"6,$101305.0000"
2019-06-28 13:46:00.000000000,QUERY_SPREAD,80
2019-06-28 13:46:00.000000000,BEST_BID,"JPM,100680,240"
2019-06-28 13:46:00.000000000,BEST_ASK,"JPM,101305,224"
2019-06-28 13:46:00.000000000,LAST_TRADE,"5,$101305.0000"
2019-06-28 13:46:00.000000000,QUERY_SPREAD,81
2019-06-28 13:46:00.000000000,BEST_BID,"JPM,100680,240"
2019-06-28 13:46:00.000000000,BEST_ASK,"JPM,101305,216"
2019-06-28 13:46:00.000000000,LAST_TRADE,"8,$101305.0000"
2019-06-28 13:46:00.000000000,QUERY_SPREAD,82
2019-06-28 13:46:00.000000000,BEST_BID,"JPM,100680,240"
2019-06-28 13:46:00.000000000,BEST_ASK,"JPM,101305,208"
2019-06-28 13:46:00.000000000,LAST_TRADE,"8,$101305.0000"
2019-06-28 13:46:00.000000000,QUERY_SPREAD,83
2019-06-28 13:46:00.000000000,BEST_BID,"JPM,100680,240"
2019-06-28 13:46:00.000000000,BEST_ASK,"JPM,101305,206"
2019-06-28 13:46:00.000000000,LAST_TRADE,"2,$101305.0000"
2019-06-28 13:46:00.000000000,QUERY_SPREAD,84
2019-06-28 13:46:00.000000000,BEST_BID,"JPM,100680,240"
2019-06-28 13:46:00.000000000,BEST_ASK,"JPM,101305,205"
2019-06-28 13:46:00.000000000,LAST_TRADE,"1,$101305.0000"
2019-06-28 13:46:00.000000000,QUERY_SPREAD,85
2019-06-28 13:46:00.000000000,BEST_BID,"JPM,100680,240"
2019-06-28 13:46:00.000000000,BEST_ASK,"JPM,101305,204"
2019-06-28 13:46:00.000000000,LAST_TRADE,"1,$101305.0000"
2019-06-28 13:46:00.000000000,QUERY_SPREAD,86
2019-06-28 13:46:00.000000000,BEST_BID,"JPM,100680,240"
2019-06-28 13:46:00.000000000,BEST_ASK,"JPM,101305,198"
2019-06-28 13:46:00.000000000,LAST_TRADE,"6,$101305.0000"
2019-06-28 13:46:00.000000000,QUERY_SPREAD,87
2019-06-28 13:46:00.000000000,BEST_BID,"JPM,100680,240"
2019-06-28 13:46:00.000000000,BEST_ASK,"JPM,101305,195"
2019-06-28 13:46:00.000000000,LAST_TRADE,"3,$101305.0000"
2019-06-28 13:46:00.000000000,QUERY_SPREAD,88
2019-06-28 13:46:00.000000000,BEST_BID,"JPM,100680,240"
2019-06-28 13:46:00.000000000,BEST_ASK,"JPM,101305,191"
2019-06-28 13:46:00.000000000,LAST_TRADE,"4,$101305.0000"
2019-06-28 13:46:00.000000000,QUERY_SPREAD,89
2019-06-28 13:46:00.000000000,BEST_BID,"JPM,100680,240"
2019-06-28 13:46:00.000000000,BEST_ASK,"JPM,101305,187"
2019-06-28 13:46:00.000000000,LAST_TRADE,"4,$101305.0000"
2019-06-28 13:46:00.000000000,QUERY_SPREAD,90
2019-06-28 13:46:00.000000000,BEST_BID,"JPM,100680,240"
2019-06-28 13:46:00.000000000,BEST_ASK,"JPM,101305,180"
2019-06-28 13:46:00.000000000,LAST_TRADE,"7,$101305.0000"
2019-06-28 13:46:00.000000000,QUERY_SPREAD,91
2019-06-28 13:46:00.000000000,BEST_BID,"JPM,100680,240"
2019-06-28 13:46:00.000000000,BEST_ASK,"JPM,101305,172"
2019-06-28 13:46:00.000000000,LAST_TRADE,"8,$101305.0000"
2019-06-28 13:46:00.000000000,QUERY_SPREAD,92
2019-06-28 13:46:00.000000000,BEST_BID,"JPM,100680,240"
2019-06-28 13:46:00.000000000,BEST_ASK,"JPM,101305,167"
2019-06-28 13:46:00.000000000,LAST_TRADE,"5,$101305.0000"
2019-06-28 13:46:00.000000000,QUERY_SPREAD,93
2019-06-28 13:46:00.000000000,BEST_BID,"JPM,100680,240"
2019-06-28 13:46:00.000000000,BEST_ASK,"JPM,101305,164"
2019-06-28 13:46:00.000000000,LAST_TRADE,"3,$101305.0000"
2019-06-28 13:46:00.000000000,QUERY_SPREAD,94
2019-06-28 13:46:00.000000000,BEST_BID,"JPM,100680,240"
2019-06-28 13:46:00.000000000,BEST_ASK,"JPM,101305,160"
2019-06-28 13:46:00.000000000,LAST_TRADE,"4,$101305.0000"
2019-06-28 13:46:00.000000000,QUERY_SPREAD,95
2019-06-28 13:46:00.000000000,BEST_BID,"JPM,100680,240"
2019-06-28 13:46:00.000000000,BEST_ASK,"JPM,101305,155"
2019-06-28 13:46:00.000000000,LAST_TRADE,"5,$101305.0000"
2019-06-28 13:46:00.000000000,QUERY_SPREAD,96
2019-06-28 13:46:00.000000000,BEST_BID,"JPM,100680,240"
2019-06-28 13:46:00.000000000,BEST_ASK,"JPM,101305,154"
2019-06-28 13:46:00.000000000,LAST_TRADE,"1,$101305.0000"
2019-06-28 13:46:00.000000000,QUERY_SPREAD,97
2019-06-28 13:46:00.000000000,BEST_BID,"JPM,100680,240"
2019-06-28 13:46:00.000000000,BEST_ASK,"JPM,101305,147"
2019-06-28 13:46:00.000000000,LAST_TRADE,"7,$101305.0000"
2019-06-28 13:46:00.000000000,QUERY_SPREAD,98
2019-06-28 13:46:00.000000000,BEST_BID,"JPM,100680,240"
2019-06-28 13:46:00.000000000,BEST_ASK,"JPM,101305,141"
2019-06-28 13:46:00.000000000,LAST_TRADE,"6,$101305.0000"
2019-06-28 13:46:00.000000000,QUERY_SPREAD,99
2019-06-28 13:46:00.000000000,BEST_BID,"JPM,100680,240"
2019-06-28 13:46:00.000000000,BEST_ASK,"JPM,101305,136"
2019-06-28 13:46:00.000000000,LAST_TRADE,"5,$101305.0000"
2019-06-28 13:46:00.000000000,QUERY_SPREAD,100
2019-06-28 13:46:00.000000000,BEST_BID,"JPM,100680,240"
2019-06-28 13:46:00.000000000,BEST_ASK,"JPM,101305,129"
2019-06-28 13:46:00.000000000,LAST_TRADE,"7,$101305.0000"
2019-06-28 13:46:00.000000000,QUERY_SPREAD,101
2019-06-28 13:46:00.000000000,QUERY_ORDER_STREAM,101
2019-06-28 13:46:01.403950480,QUERY_ORDER_STREAM,60
2019-06-28 13:46:01.403950480,QUERY_SPREAD,60
2019-06-28 13:46:10.000000000,QUERY_SPREAD,1
2019-06-28 13:46:10.000000000,BEST_BID,"JPM,100680,195"
2019-06-28 13:46:10.000000000,BEST_ASK,"JPM,101448,100"
2019-06-28 13:46:10.000000000,BEST_BID,"JPM,100680,195"
2019-06-28 13:46:10.000000000,BEST_ASK,"JPM,101448,100"
2019-06-28 13:46:10.000000000,BEST_BID,"JPM,100680,195"
2019-06-28 13:46:10.000000000,BEST_ASK,"JPM,101448,100"
2019-06-28 13:46:10.000000000,BEST_BID,"JPM,100680,195"
2019-06-28 13:46:10.000000000,BEST_ASK,"JPM,101448,195"
2019-06-28 13:46:10.000000000,BEST_BID,"JPM,100680,195"
2019-06-28 13:46:10.000000000,BEST_ASK,"JPM,101448,195"
2019-06-28 13:46:10.000000000,BEST_BID,"JPM,100680,195"
2019-06-28 13:46:10.000000000,BEST_ASK,"JPM,101448,195"
2019-06-28 13:46:20.000000000,QUERY_SPREAD,1
2019-06-28 13:46:20.000000000,BEST_BID,"JPM,100680,195"
2019-06-28 13:46:20.000000000,BEST_ASK,"JPM,101448,100"
2019-06-28 13:46:20.000000000,BEST_BID,"JPM,100680,195"
2019-06-28 13:46:20.000000000,BEST_ASK,"JPM,101448,100"
2019-06-28 13:46:20.000000000,BEST_BID,"JPM,100680,195"
2019-06-28 13:46:20.000000000,BEST_ASK,"JPM,101448,100"
2019-06-28 13:46:20.000000000,BEST_BID,"JPM,100680,195"
2019-06-28 13:46:20.000000000,BEST_ASK,"JPM,101448,195"
2019-06-28 13:46:20.000000000,BEST_BID,"JPM,100680,195"
2019-06-28 13:46:20.000000000,BEST_ASK,"JPM,101448,195"
2019-06-28 13:46:20.000000000,BEST_BID,"JPM,100680,195"
2019-06-28 13:46:20.000000000,BEST_ASK,"JPM,101448,195"
2019-06-28 13:46:30.000000000,QUERY_SPREAD,1
2019-06-28 13:46:30.000000000,BEST_BID,"JPM,100680,240"
2019-06-28 13:46:30.000000000,BEST_ASK,"JPM,101448,100"
2019-06-28 13:46:30.000000000,BEST_BID,"JPM,100680,240"
2019-06-28 13:46:30.000000000,BEST_ASK,"JPM,101448,100"
2019-06-28 13:46:30.000000000,BEST_BID,"JPM,100680,240"
2019-06-28 13:46:30.000000000,BEST_ASK,"JPM,101448,240"
2019-06-28 13:46:30.000000000,BEST_BID,"JPM,100680,240"
2019-06-28 13:46:30.000000000,BEST_ASK,"JPM,101448,240"
2019-06-28 13:46:40.000000000,QUERY_SPREAD,1
2019-06-28 13:46:40.000000000,BEST_BID,"JPM,100680,195"
2019-06-28 13:46:40.000000000,BEST_ASK,"JPM,101448,100"
2019-06-28 13:46:40.000000000,BEST_BID,"JPM,100680,195"
2019-06-28 13:46:40.000000000,BEST_ASK,"JPM,101448,100"
2019-06-28 13:46:40.000000000,BEST_BID,"JPM,100680,195"
2019-06-28 13:46:40.000000000,BEST_ASK,"JPM,101448,100"
2019-06-28 13:46:40.000000000,BEST_BID,"JPM,100680,195"
2019-06-28 13:46:40.000000000,BEST_ASK,"JPM,101448,195"
2019-06-28 13:46:40.000000000,BEST_BID,"JPM,100680,195"
2019-06-28 13:46:40.000000000,BEST_ASK,"JPM,101448,195"
2019-06-28 13:46:40.000000000,BEST_BID,"JPM,100680,195"
2019-06-28 13:46:40.000000000,BEST_ASK,"JPM,101448,195"
2019-06-28 13:46:50.000000000,QUERY_SPREAD,1
2019-06-28 13:46:50.000000000,BEST_BID,"JPM,100680,240"
2019-06-28 13:46:50.000000000,BEST_ASK,"JPM,101448,100"
2019-06-28 13:46:50.000000000,BEST_BID,"JPM,100680,240"
2019-06-28 13:46:50.000000000,BEST_ASK,"JPM,101448,100"
2019-06-28 13:46:50.000000000,BEST_BID,"JPM,100680,240"
2019-06-28 13:46:50.000000000,BEST_ASK,"JPM,101448,240"
2019-06-28 13:46:50.000000000,BEST_BID,"JPM,100680,240"
2019-06-28 13:46:50.000000000,BEST_ASK,"JPM,101448,240"
2019-06-28 13:46:56.560363794,QUERY_ORDER_STREAM,56
2019-06-28 13:46:56.560363794,QUERY_SPREAD,56
2019-06-28 13:47:00.000000000,QUERY_SPREAD,1
2019-06-28 13:47:00.000000000,BEST_BID,"JPM,100680,380"
2019-06-28 13:47:00.000000000,BEST_ASK,"JPM,101448,100"
2019-06-28 13:47:00.000000000,BEST_BID,"JPM,100680,380"
2019-06-28 13:47:00.000000000,BEST_ASK,"JPM,101448,380"
2019-06-28 13:47:00.000000000,QUERY_SPREAD,77
2019-06-28 13:47:00.000000000,BEST_BID,"JPM,100680,380"
2019-06-28 13:47:00.000000000,BEST_ASK,"JPM,101448,379"
2019-06-28 13:47:00.000000000,LAST_TRADE,"1,$101448.0000"
2019-06-28 13:47:00.000000000,QUERY_SPREAD,78
2019-06-28 13:47:00.000000000,BEST_BID,"JPM,100680,380"
2019-06-28 13:47:00.000000000,BEST_ASK,"JPM,101448,375"
2019-06-28 13:47:00.000000000,LAST_TRADE,"4,$101448.0000"
2019-06-28 13:47:00.000000000,QUERY_SPREAD,79
2019-06-28 13:47:00.000000000,BEST_BID,"JPM,100680,380"
2019-06-28 13:47:00.000000000,BEST_ASK,"JPM,101448,369"
2019-06-28 13:47:00.000000000,LAST_TRADE,"6,$101448.0000"
2019-06-28 13:47:00.000000000,QUERY_SPREAD,80
2019-06-28 13:47:00.000000000,BEST_BID,"JPM,100680,380"
2019-06-28 13:47:00.000000000,BEST_ASK,"JPM,101448,364"
2019-06-28 13:47:00.000000000,LAST_TRADE,"5,$101448.0000"
2019-06-28 13:47:00.000000000,QUERY_SPREAD,81
2019-06-28 13:47:00.000000000,BEST_BID,"JPM,100680,380"
2019-06-28 13:47:00.000000000,BEST_ASK,"JPM,101448,356"
2019-06-28 13:47:00.000000000,LAST_TRADE,"8,$101448.0000"
2019-06-28 13:47:00.000000000,QUERY_SPREAD,82
2019-06-28 13:47:00.000000000,BEST_BID,"JPM,100680,380"
2019-06-28 13:47:00.000000000,BEST_ASK,"JPM,101448,348"
2019-06-28 13:47:00.000000000,LAST_TRADE,"8,$101448.0000"
2019-06-28 13:47:00.000000000,QUERY_SPREAD,83
2019-06-28 13:47:00.000000000,BEST_BID,"JPM,100680,380"
2019-06-28 13:47:00.000000000,BEST_ASK,"JPM,101448,346"
2019-06-28 13:47:00.000000000,LAST_TRADE,"2,$101448.0000"
2019-06-28 13:47:00.000000000,QUERY_SPREAD,84
2019-06-28 13:47:00.000000000,BEST_BID,"JPM,100680,380"
2019-06-28 13:47:00.000000000,BEST_ASK,"JPM,101448,345"
2019-06-28 13:47:00.000000000,LAST_TRADE,"1,$101448.0000"
2019-06-28 13:47:00.000000000,QUERY_SPREAD,85
2019-06-28 13:47:00.000000000,BEST_BID,"JPM,100680,380"
2019-06-28 13:47:00.000000000,BEST_ASK,"JPM,101448,344"
2019-06-28 13:47:00.000000000,LAST_TRADE,"1,$101448.0000"
2019-06-28 13:47:00.000000000,QUERY_SPREAD,86
2019-06-28 13:47:00.000000000,BEST_BID,"JPM,100680,380"
2019-06-28 13:47:00.000000000,BEST_ASK,"JPM,101448,338"
2019-06-28 13:47:00.000000000,LAST_TRADE,"6,$101448.0000"
2019-06-28 13:47:00.000000000,QUERY_SPREAD,87
2019-06-28 13:47:00.000000000,BEST_BID,"JPM,100680,380"
2019-06-28 13:47:00.000000000,BEST_ASK,"JPM,101448,335"
2019-06-28 13:47:00.000000000,LAST_TRADE,"3,$101448.0000"
2019-06-28 13:47:00.000000000,QUERY_SPREAD,88
2019-06-28 13:47:00.000000000,BEST_BID,"JPM,100680,380"
2019-06-28 13:47:00.000000000,BEST_ASK,"JPM,101448,331"
2019-06-28 13:47:00.000000000,LAST_TRADE,"4,$101448.0000"
2019-06-28 13:47:00.000000000,QUERY_SPREAD,89
2019-06-28 13:47:00.000000000,BEST_BID,"JPM,100680,380"
2019-06-28 13:47:00.000000000,BEST_ASK,"JPM,101448,327"
2019-06-28 13:47:00.000000000,LAST_TRADE,"4,$101448.0000"
2019-06-28 13:47:00.000000000,QUERY_SPREAD,90
2019-06-28 13:47:00.000000000,BEST_BID,"JPM,100680,380"
2019-06-28 13:47:00.000000000,BEST_ASK,"JPM,101448,320"
2019-06-28 13:47:00.000000000,LAST_TRADE,"7,$101448.0000"
2019-06-28 13:47:00.000000000,QUERY_SPREAD,91
2019-06-28 13:47:00.000000000,BEST_BID,"JPM,100680,380"
2019-06-28 13:47:00.000000000,BEST_ASK,"JPM,101448,312"
2019-06-28 13:47:00.000000000,LAST_TRADE,"8,$101448.0000"
2019-06-28 13:47:00.000000000,QUERY_SPREAD,92
2019-06-28 13:47:00.000000000,BEST_BID,"JPM,100680,380"
2019-06-28 13:47:00.000000000,BEST_ASK,"JPM,101448,307"
2019-06-28 13:47:00.000000000,LAST_TRADE,"5,$101448.0000"
2019-06-28 13:47:00.000000000,QUERY_SPREAD,93
2019-06-28 13:47:00.000000000,BEST_BID,"JPM,100680,380"
2019-06-28 13:47:00.000000000,BEST_ASK,"JPM,101448,304"
2019-06-28 13:47:00.000000000,LAST_TRADE,"3,$101448.0000"
2019-06-28 13:47:00.000000000,QUERY_SPREAD,94
2019-06-28 13:47:00.000000000,BEST_BID,"JPM,100680,380"
2019-06-28 13:47:00.000000000,BEST_ASK,"JPM,101448,300"
2019-06-28 13:47:00.000000000,LAST_TRADE,"4,$101448.0000"
2019-06-28 13:47:00.000000000,QUERY_SPREAD,95
2019-06-28 13:47:00.000000000,BEST_BID,"JPM,100680,380"
2019-06-28 13:47:00.000000000,BEST_ASK,"JPM,101448,295"
2019-06-28 13:47:00.000000000,LAST_TRADE,"5,$101448.0000"
2019-06-28 13:47:00.000000000,QUERY_SPREAD,96
2019-06-28 13:47:00.000000000,BEST_BID,"JPM,100680,380"
2019-06-28 13:47:00.000000000,BEST_ASK,"JPM,101448,294"
2019-06-28 13:47:00.000000000,LAST_TRADE,"1,$101448.0000"
2019-06-28 13:47:00.000000000,QUERY_SPREAD,97
2019-06-28 13:47:00.000000000,BEST_BID,"JPM,100680,380"
2019-06-28 13:47:00.000000000,BEST_ASK,"JPM,101448,287"
2019-06-28 13:47:00.000000000,LAST_TRADE,"7,$101448.0000"
2019-06-28 13:47:00.000000000,QUERY_SPREAD,98
2019-06-28 13:47:00.000000000,BEST_BID,"JPM,100680,380"
2019-06-28 13:47:00.000000000,BEST_ASK,"JPM,101448,281"
2019-06-28 13:47:00.000000000,LAST_TRADE,"6,$101448.0000"
2019-06-28 13:47:00.000000000,QUERY_SPREAD,99
2019-06-28 13:47:00.000000000,BEST_BID,"JPM,100680,380"
2019-06-28 13:47:00.000000000,BEST_ASK,"JPM,101448,276"
2019-06-28 13:47:00.000000000,LAST_TRADE,"5,$101448.0000"
2019-06-28 13:47:00.000000000,QUERY_SPREAD,100
2019-06-28 13:47:00.000000000,BEST_BID,"JPM,100680,380"
2019-06-28 13:47:00.000000000,BEST_ASK,"JPM,101448,269"
2019-06-28 13:47:00.000000000,LAST_TRADE,"7,$101448.0000"
2019-06-28 13:47:00.000000000,QUERY_SPREAD,101
2019-06-28 13:47:00.000000000,QUERY_ORDER_STREAM,101
2019-06-28 13:47:05.296035229,QUERY_SPREAD,38
2019-06-28 13:47:05.296035229,BEST_BID,"JPM,100680,280"
2019-06-28 13:47:05.296035229,BEST_ASK,"JPM,101448,269"
2019-06-28 13:47:05.296035229,LAST_TRADE,"100,$100680.0000"
2019-06-28 13:47:10.000000000,QUERY_SPREAD,1
2019-06-28 13:47:10.000000000,BEST_BID,"JPM,100541,170"
2019-06-28 13:47:10.000000000,BEST_ASK,"JPM,101561,100"
2019-06-28 13:47:10.000000000,BEST_BID,"JPM,100541,170"
2019-06-28 13:47:10.000000000,BEST_ASK,"JPM,101561,100"
2019-06-28 13:47:10.000000000,BEST_BID,"JPM,100541,170"
2019-06-28 13:47:10.000000000,BEST_ASK,"JPM,101561,100"
2019-06-28 13:47:10.000000000,BEST_BID,"JPM,100541,170"
2019-06-28 13:47:10.000000000,BEST_ASK,"JPM,101561,100"
2019-06-28 13:47:10.000000000,BEST_BID,"JPM,100541,170"
2019-06-28 13:47:10.000000000,BEST_ASK,"JPM,101561,170"
2019-06-28 13:47:10.000000000,BEST_BID,"JPM,100541,170"
2019-06-28 13:47:10.000000000,BEST_ASK,"JPM,101561,170"
2019-06-28 13:47:10.000000000,BEST_BID,"JPM,100541,170"
2019-06-28 13:47:10.000000000,BEST_ASK,"JPM,101561,170"
2019-06-28 13:47:18.786084106,QUERY_SPREAD,23
2019-06-28 13:47:18.786084106,BEST_BID,"JPM,100611,100"
2019-06-28 13:47:18.786084106,BEST_ASK,"JPM,101561,170"
2019-06-28 13:47:19.001330676,QUERY_ORDER_STREAM,57
2019-06-28 13:47:19.001330676,QUERY_SPREAD,57
2019-06-28 13:47:19.001330676,BEST_BID,"JPM,100611,100"
2019-06-28 13:47:19.001330676,BEST_ASK,"JPM,101448,100"
2019-06-28 13:47:20.000000000,QUERY_SPREAD,1
2019-06-28 13:47:20.000000000,BEST_BID,"JPM,100611,156"
2019-06-28 13:47:20.000000000,BEST_ASK,"JPM,101448,100"
2019-06-28 13:47:20.000000000,BEST_BID,"JPM,100611,156"
2019-06-28 13:47:20.000000000,BEST_ASK,"JPM,101448,100"
2019-06-28 13:47:20.000000000,BEST_BID,"JPM,100611,156"
2019-06-28 13:47:20.000000000,BEST_ASK,"JPM,101448,100"
2019-06-28 13:47:20.000000000,BEST_BID,"JPM,100611,156"
2019-06-28 13:47:20.000000000,BEST_ASK,"JPM,101448,100"
2019-06-28 13:47:20.000000000,BEST_BID,"JPM,100611,156"
2019-06-28 13:47:20.000000000,BEST_ASK,"JPM,101448,100"
2019-06-28 13:47:20.000000000,BEST_BID,"JPM,100611,156"
2019-06-28 13:47:20.000000000,BEST_ASK,"JPM,101448,156"
2019-06-28 13:47:20.000000000,BEST_BID,"JPM,100611,156"
2019-06-28 13:47:20.000000000,BEST_ASK,"JPM,101448,156"
2019-06-28 13:47:20.000000000,BEST_BID,"JPM,100611,156"
2019-06-28 13:47:20.000000000,BEST_ASK,"JPM,101448,156"
2019-06-28 13:47:20.000000000,BEST_BID,"JPM,100611,156"
2019-06-28 13:47:20.000000000,BEST_ASK,"JPM,101448,156"
2019-06-28 13:47:30.000000000,QUERY_SPREAD,1
2019-06-28 13:47:30.000000000,BEST_BID,"JPM,100611,240"
2019-06-28 13:47:30.000000000,BEST_ASK,"JPM,101448,100"
2019-06-28 13:47:30.000000000,BEST_BID,"JPM,100611,240"
2019-06-28 13:47:30.000000000,BEST_ASK,"JPM,101448,100"
2019-06-28 13:47:30.000000000,BEST_BID,"JPM,100611,240"
2019-06-28 13:47:30.000000000,BEST_ASK,"JPM,101448,240"
2019-06-28 13:47:30.000000000,BEST_BID,"JPM,100611,240"
2019-06-28 13:47:30.000000000,BEST_ASK,"JPM,101448,240"
2019-06-28 13:47:40.000000000,QUERY_SPREAD,1
2019-06-28 13:47:40.000000000,BEST_BID,"JPM,100611,195"
2019-06-28 13:47:40.000000000,BEST_ASK,"JPM,101448,100"
2019-06-28 13:47:40.000000000,BEST_BID,"JPM,100611,195"
2019-06-28 13:47:40.000000000,BEST_ASK,"JPM,101448,100"
2019-06-28 13:47:40.000000000,BEST_BID,"JPM,100611,195"
2019-06-28 13:47:40.000000000,BEST_ASK,"JPM,101448,100"
2019-06-28 13:47:40.000000000,BEST_BID,"JPM,100611,195"
2019-06-28 13:47:40.000000000,BEST_ASK,"JPM,101448,195"
2019-06-28 13:47:40.000000000,BEST_BID,"JPM,100611,195"
2019-06-28 13:47:40.000000000,BEST_ASK,"JPM,101448,195"
2019-06-28 13:47:40.000000000,BEST_BID,"JPM,100611,195"
2019-06-28 13:47:40.000000000,BEST_ASK,"JPM,101448,195"
2019-06-28 13:47:42.897218313,QUERY_SPREAD,27
2019-06-28 13:47:42.897218313,BEST_BID,"JPM,100877,100"
2019-06-28 13:47:42.897218313,BEST_ASK,"JPM,101448,195"
2019-06-28 13:47:45.522693284,QUERY_SPREAD,26
2019-06-28 13:47:45.522693284,BEST_BID,"JPM,100611,195"
2019-06-28 13:47:45.522693284,BEST_ASK,"JPM,101448,195"
2019-06-28 13:47:45.522693284,LAST_TRADE,"100,$100877.0000"
2019-06-28 13:47:48.839330785,QUERY_SPREAD,8
2019-06-28 13:47:48.839330785,BEST_BID,"JPM,100852,100"
2019-06-28 13:47:48.839330785,BEST_ASK,"JPM,101448,195"
2019-06-28 13:47:50.000000000,QUERY_SPREAD,1
2019-06-28 13:47:50.000000000,BEST_BID,"JPM,100852,170"
2019-06-28 13:47:50.000000000,BEST_ASK,"JPM,101448,100"
2019-06-28 13:47:50.000000000,BEST_BID,"JPM,100852,170"
2019-06-28 13:47:50.000000000,BEST_ASK,"JPM,101448,100"
2019-06-28 13:47:50.000000000,BEST_BID,"JPM,100852,170"
2019-06-28 13:47:50.000000000,BEST_ASK,"JPM,101448,100"
2019-06-28 13:47:50.000000000,BEST_BID,"JPM,100852,170"
2019-06-28 13:47:50.000000000,BEST_ASK,"JPM,101448,100"
2019-06-28 13:47:50.000000000,BEST_BID,"JPM,100852,170"
2019-06-28 13:47:50.000000000,BEST_ASK,"JPM,101448,170"
2019-06-28 13:47:50.000000000,BEST_BID,"JPM,100852,170"
2019-06-28 13:47:50.000000000,BEST_ASK,"JPM,101448,170"
2019-06-28 13:47:50.000000000,BEST_BID,"JPM,100852,170"
2019-06-28 13:47:50.000000000,BEST_ASK,"JPM,101448,170"
2019-06-28 13:47:50.000000000,BEST_BID,"JPM,100852,170"
2019-06-28 13:47:50.000000000,BEST_ASK,"JPM,101448,170"
2019-06-28 13:47:51.321979276,QUERY_ORDER_STREAM,54
2019-06-28 13:47:51.321979276,QUERY_SPREAD,54
2019-06-28 13:47:51.321979276,BEST_BID,"JPM,100852,170"
2019-06-28 13:47:51.321979276,BEST_ASK,"JPM,100877,100"
2019-06-28 13:47:53.176046273,QUERY_SPREAD,27
2019-06-28 13:47:53.176046273,BEST_BID,"JPM,100852,70"
2019-06-28 13:47:53.176046273,BEST_ASK,"JPM,100877,100"
2019-06-28 13:47:53.176046273,LAST_TRADE,"100,$100852.0000"
2019-06-28 13:47:59.606538475,QUERY_ORDER_STREAM,53
2019-06-28 13:47:59.606538475,QUERY_SPREAD,53
2019-06-28 13:47:59.606538475,BEST_BID,"JPM,100852,70"
2019-06-28 13:47:59.606538475,BEST_ASK,"JPM,100876,100"
2019-06-28 13:48:00.000000000,QUERY_SPREAD,1
2019-06-28 13:48:00.000000000,BEST_BID,"JPM,100611,195"
2019-06-28 13:48:00.000000000,BEST_ASK,"JPM,100876,100"
2019-06-28 13:48:00.000000000,BEST_BID,"JPM,100611,195"
2019-06-28 13:48:00.000000000,BEST_ASK,"JPM,100876,100"
2019-06-28 13:48:00.000000000,BEST_BID,"JPM,100611,195"
2019-06-28 13:48:00.000000000,BEST_ASK,"JPM,100876,100"
2019-06-28 13:48:00.000000000,BEST_BID,"JPM,100611,195"
2019-06-28 13:48:00.000000000,BEST_ASK,"JPM,100876,195"
2019-06-28 13:48:00.000000000,BEST_BID,"JPM,100611,195"
2019-06-28 13:48:00.000000000,BEST_ASK,"JPM,100876,195"
2019-06-28 13:48:00.000000000,BEST_BID,"JPM,100611,195"
2019-06-28 13:48:00.000000000,BEST_ASK,"JPM,100876,195"
2019-06-28 13:48:00.000000000,QUERY_SPREAD,77
2019-06-28 13:48:00.000000000,BEST_BID,"JPM,100611,195"
2019-06-28 13:48:00.000000000,BEST_ASK,"JPM,100876,194"
2019-06-28 13:48:00.000000000,LAST_TRADE,"1,$100876.0000"
2019-06-28 13:48:00.000000000,QUERY_SPREAD,78
2019-06-28 13:48:00.000000000,BEST_BID,"JPM,100611,195"
2019-06-28 13:48:00.000000000,BEST_ASK,"JPM,100876,190"
2019-06-28 13:48:00.000000000,LAST_TRADE,"4,$100876.0000"
2019-06-28 13:48:00.000000000,QUERY_SPREAD,79
2019-06-28 13:48:00.000000000,BEST_BID,"JPM,100611,195"
2019-06-28 13:48:00.000000000,BEST_ASK,"JPM,100876,184"
2019-06-28 13:48:00.000000000,LAST_TRADE,"6,$100876.0000"
2019-06-28 13:48:00.000000000,QUERY_SPREAD,80
2019-06-28 13:48:00.000000000,BEST_BID,"JPM,100611,195"
2019-06-28 13:48:00.000000000,BEST_ASK,"JPM,100876,179"
2019-06-28 13:48:00.000000000,LAST_TRADE,"5,$100876.0000"
2019-06-28 13:48:00.000000000,QUERY_SPREAD,81
2019-06-28 13:48:00.000000000,BEST_BID,"JPM,100611,195"
2019-06-28 13:48:00.000000000,BEST_ASK,"JPM,100876,171"
2019-06-28 13:48:00.000000000,LAST_TRADE,"8,$100876.0000"
2019-06-28 13:48:00.000000000,QUERY_SPREAD,82
2019-06-28 13:48:00.000000000,BEST_BID,"JPM,100611,195"
2019-06-28 13:48:00.000000000,BEST_ASK,"JPM,100876,163"
2019-06-28 13:48:00.000000000,LAST_TRADE,"8,$100876.0000"
2019-06-28 13:48:00.000000000,QUERY_SPREAD,83
2019-06-28 13:48:00.000000000,BEST_BID,"JPM,100611,195"
2019-06-28 13:48:00.000000000,BEST_ASK,"JPM,100876,161"
2019-06-28 13:48:00.000000000,LAST_TRADE,"2,$100876.0000"
2019-06-28 13:48:00.000000000,QUERY_SPREAD,84
2019-06-28 13:48:00.000000000,BEST_BID,"JPM,100611,195"
2019-06-28 13:48:00.000000000,BEST_ASK,"JPM,100876,160"
2019-06-28 13:48:00.000000000,LAST_TRADE,"1,$100876.0000"
2019-06-28 13:48:00.000000000,QUERY_SPREAD,85
2019-06-28 13:48:00.000000000,BEST_BID,"JPM,100611,195"
2019-06-28 13:48:00.000000000,BEST_ASK,"JPM,100876,159"
2019-06-28 13:48:00.000000000,LAST_TRADE,"1,$100876.0000"
2019-06-28 13:48:00.000000000,QUERY_SPREAD,86
2019-06-28 13:48:00.000000000,BEST_BID,"JPM,100611,195"
2019-06-28 13:48:00.000000000,BEST_ASK,"JPM,100876,153"
2019-06-28 13:48:00.000000000,LAST_TRADE,"6,$100876.0000"
2019-06-28 13:48:00.000000000,QUERY_SPREAD,87
2019-06-28 13:48:00.000000000,BEST_BID,"JPM,100611,195"
2019-06-28 13:48:00.000000000,BEST_ASK,"JPM,100876,150"
2019-06-28 13:48:00.000000000,LAST_TRADE,"3,$100876.0000"
2019-06-28 13:48:00.000000000,QUERY_SPREAD,88
2019-06-28 13:48:00.000000000,BEST_BID,"JPM,100611,195"
2019-06-28 13:48:00.000000000,BEST_ASK,"JPM,100876,146"
2019-06-28 13:48:00.000000000,LAST_TRADE,"4,$100876.0000"
2019-06-28 13:48:00.000000000,QUERY_SPREAD,89
2019-06-28 13:48:00.000000000,BEST_BID,"JPM,100611,195"
2019-06-28 13:48:00.000000000,BEST_ASK,"JPM,100876,142"
2019-06-28 13:48:00.000000000,LAST_TRADE,"4,$100876.0000"
2019-06-28 13:48:00.000000000,QUERY_SPREAD,90
2019-06-28 13:48:00.000000000,BEST_BID,"JPM,100611,195"
2019-06-28 13:48:00.000000000,BEST_ASK,"JPM,100876,135"
2019-06-28 13:48:00.000000000,LAST_TRADE,"7,$100876.0000"
2019-06-28 13:48:00.000000000,QUERY_SPREAD,91
2019-06-28 13:48:00.000000000,BEST_BID,"JPM,100611,195"
2019-06-28 13:48:00.000000000,BEST_ASK,"JPM,100876,127"
2019-06-28 13:48:00.000000000,LAST_TRADE,"8,$100876.0000"
2019-06-28 13:48:00.000000000,QUERY_SPREAD,92
2019-06-28 13:48:00.000000000,BEST_BID,"JPM,100611,195"
2019-06-28 13:48:00.000000000,BEST_ASK,"JPM,100876,122"
2019-06-28 13:48:00.000000000,LAST_TRADE,"5,$100876.0000"
2019-06-28 13:48:00.000000000,QUERY_SPREAD,93
2019-06-28 13:48:00.000000000,BEST_BID,"JPM,100611,195"
2019-06-28 13:48:00.000000000,BEST_ASK,"JPM,100876,119"
2019-06-28 13:48:00.000000000,LAST_TRADE,"3,$100876.0000"
2019-06-28 13:48:00.000000000,QUERY_SPREAD,94
2019-06-28 13:48:00.000000000,BEST_BID,"JPM,100611,195"
2019-06-28 13:48:00.000000000,BEST_ASK,"JPM,100876,115"
2019-06-28 13:48:00.000000000,LAST_TRADE,"4,$100876.0000"
2019-06-28 13:48:00.000000000,QUERY_SPREAD,95
2019-06-28 13:48:00.000000000,BEST_BID,"JPM,100611,195"
2019-06-28 13:48:00.000000000,BEST_ASK,"JPM,100876,110"
2019-06-28 13:48:00.000000000,LAST_TRADE,"5,$100876.0000"
2019-06-28 13:48:00.000000000,QUERY_SPREAD,96
2019-06-28 13:48:00.000000000,BEST_BID,"JPM,100611,195"
2019-06-28 13:48:00.000000000,BEST_ASK,"JPM,100876,109"
2019-06-28 13:48:00.000000000,LAST_TRADE,"1,$100876.0000"
2019-06-28 13:48:00.000000000,QUERY_SPREAD,97
2019-06-28 13:48:00.000000000,BEST_BID,"JPM,100611,195"
2019-06-28 13:48:00.000000000,BEST_ASK,"JPM,100876,102"
2019-06-28 13:48:00.000000000,LAST_TRADE,"7,$100876.0000"
2019-06-28 13:48:00.000000000,QUERY_SPREAD,98
2019-06-28 13:48:00.000000000,BEST_BID,"JPM,100611,195"
2019-06-28 13:48:00.000000000,BEST_ASK,"JPM,100876,96"
2019-06-28 13:48:00.000000000,LAST_TRADE,"6,$100876.0000"
2019-06-28 13:48:00.000000000,QUERY_SPREAD,99
2019-06-28 13:48:00.000000000,BEST_BID,"JPM,100611,195"
2019-06-28 13:48:00.000000000,BEST_ASK,"JPM,100876,91"
2019-06-28 13:48:00.000000000,LAST_TRADE,"5,$100876.0000"
2019-06-28 13:48:00.000000000,QUERY_SPREAD,100
2019-06-28 13:48:00.000000000,BEST_BID,"JPM,100611,195"
2019-06-28 13:48:00.000000000,BEST_ASK,"JPM,100876,84"
2019-06-28 13:48:00.000000000,LAST_TRADE,"7,$100876.0000"
2019-06-28 13:48:00.000000000,QUERY_SPREAD,101
2019-06-28 13:48:00.000000000,QUERY_ORDER_STREAM,101
2019-06-28 13:48:10.000000000,QUERY_SPREAD,1
2019-06-28 13:48:10.000000000,BEST_BID,"JPM,100611,170"
2019-06-28 13:48:10.000000000,BEST_ASK,"JPM,100877,100"
2019-06-28 13:48:10.000000000,BEST_BID,"JPM,100611,170"
2019-06-28 13:48:10.000000000,BEST_ASK,"JPM,100877,100"
2019-06-28 13:48:10.000000000,BEST_BID,"JPM,100611,170"
2019-06-28 13:48:10.000000000,BEST_ASK,"JPM,100877,100"
2019-06-28 13:48:10.000000000,BEST_BID,"JPM,100611,170"
2019-06-28 13:48:10.000000000,BEST_ASK,"JPM,100877,100"
2019-06-28 13:48:10.000000000,BEST_BID,"JPM,100611,170"
2019-06-28 13:48:10.000000000,BEST_ASK,"JPM,100877,170"
2019-06-28 13:48:10.000000000,BEST_BID,"JPM,100611,170"
2019-06-28 13:48:10.000000000,BEST_ASK,"JPM,100877,170"
2019-06-28 13:48:10.000000000,BEST_BID,"JPM,100611,170"
2019-06-28 13:48:10.000000000,BEST_ASK,"JPM,100877,170"
2019-06-28 13:48:10.000000000,BEST_BID,"JPM,100611,170"
2019-06-28 13:48:10.000000000,BEST_ASK,"JPM,100877,170"
2019-06-28 13:48:20.000000000,QUERY_SPREAD,1
2019-06-28 13:48:20.000000000,BEST_BID,"JPM,100611,170"
2019-06-28 13:48:20.000000000,BEST_ASK,"JPM,100877,100"
2019-06-28 13:48:20.000000000,BEST_BID,"JPM,100611,170"
2019-06-28 13:48:20.000000000,BEST_ASK,"JPM,100877,100"
2019-06-28 13:48:20.000000000,BEST_BID,"JPM,100611,170"
2019-06-28 13:48:20.000000000,BEST_ASK,"JPM,100877,100"
2019-06-28 13:48:20.000000000,BEST_BID,"JPM,100611,170"
2019-06-28 13:48:20.000000000,BEST_ASK,"JPM,100877,100"
2019-06-28 13:48:20.000000000,BEST_BID,"JPM,100611,170"
2019-06-28 13:48:20.000000000,BEST_ASK,"JPM,100877,170"
2019-06-28 13:48:20.000000000,BEST_BID,"JPM,100611,170"
2019-06-28 13:48:20.000000000,BEST_ASK,"JPM,100877,170"
2019-06-28 13:48:20.000000000,BEST_BID,"JPM,100611,170"
2019-06-28 13:48:20.000000000,BEST_ASK,"JPM,100877,170"
2019-06-28 13:48:20.000000000,BEST_BID,"JPM,100611,170"
2019-06-28 13:48:20.000000000,BEST_ASK,"JPM,100877,170"
2019-06-28 13:48:22.412881582,QUERY_SPREAD,51
2019-06-28 13:48:22.412881582,BEST_BID,"JPM,100611,170"
2019-06-28 13:48:22.412881582,BEST_ASK,"JPM,100857,100"
2019-06-28 13:48:26.760119982,QUERY_SPREAD,42
2019-06-28 13:48:26.760119982,BEST_BID,"JPM,100611,170"
2019-06-28 13:48:26.760119982,BEST_ASK,"JPM,100857,100"
2019-06-28 13:48:30.000000000,QUERY_SPREAD,1
2019-06-28 13:48:30.000000000,BEST_BID,"JPM,100611,240"
2019-06-28 13:48:30.000000000,BEST_ASK,"JPM,100857,100"
2019-06-28 13:48:30.000000000,BEST_BID,"JPM,100611,240"
2019-06-28 13:48:30.000000000,BEST_ASK,"JPM,100857,100"
2019-06-28 13:48:30.000000000,BEST_BID,"JPM,100611,240"
2019-06-28 13:48:30.000000000,BEST_ASK,"JPM,100857,240"
2019-06-28 13:48:30.000000000,BEST_BID,"JPM,100611,240"
2019-06-28 13:48:30.000000000,BEST_ASK,"JPM,100857,240"
2019-06-28 13:48:35.131244531,QUERY_SPREAD,34
2019-06-28 13:48:35.131244531,BEST_BID,"JPM,100828,100"
2019-06-28 13:48:35.131244531,BEST_ASK,"JPM,100857,240"
2019-06-28 13:48:40.000000000,QUERY_SPREAD,1
2019-06-28 13:48:40.000000000,BEST_BID,"JPM,100828,195"
2019-06-28 13:48:40.000000000,BEST_ASK,"JPM,100857,100"
2019-06-28 13:48:40.000000000,BEST_BID,"JPM,100828,195"
2019-06-28 13:48:40.000000000,BEST_ASK,"JPM,100857,100"
2019-06-28 13:48:40.000000000,BEST_BID,"JPM,100828,195"
2019-06-28 13:48:40.000000000,BEST_ASK,"JPM,100857,100"
2019-06-28 13:48:40.000000000,BEST_BID,"JPM,100828,195"
2019-06-28 13:48:40.000000000,BEST_ASK,"JPM,100857,195"
2019-06-28 13:48:40.000000000,BEST_BID,"JPM,100828,195"
2019-06-28 13:48:40.000000000,BEST_ASK,"JPM,100857,195"
2019-06-28 13:48:40.000000000,BEST_BID,"JPM,100828,195"
2019-06-28 13:48:40.000000000,BEST_ASK,"JPM,100857,195"
2019-06-28 13:48:48.059513907,QUERY_SPREAD,19
2019-06-28 13:48:48.059513907,BEST_BID,"JPM,100828,195"
2019-06-28 13:48:48.059513907,BEST_ASK,"JPM,100839,100"
2019-06-28 13:48:48.944779044,QUERY_SPREAD,38
2019-06-28 13:48:48.944779044,BEST_BID,"JPM,100828,95"
2019-06-28 13:48:48.944779044,BEST_ASK,"JPM,100839,100"
2019-06-28 13:48:48.944779044,LAST_TRADE,"100,$100828.0000"
2019-06-28 13:48:50.000000000,QUERY_SPREAD,1
2019-06-28 13:48:50.000000000,BEST_BID,"JPM,100611,380"
2019-06-28 13:48:50.000000000,BEST_ASK,"JPM,100839,100"
2019-06-28 13:48:50.000000000,BEST_BID,"JPM,100611,380"
2019-06-28 13:48:50.000000000,BEST_ASK,"JPM,100839,380"
2019-06-28 13:49:00.000000000,QUERY_SPREAD,1
2019-06-28 13:49:00.000000000,BEST_BID,"JPM,100611,240"
2019-06-28 13:49:00.000000000,BEST_ASK,"JPM,100839,100"
2019-06-28 13:49:00.000000000,BEST_BID,"JPM,100611,240"
2019-06-28 13:49:00.000000000,BEST_ASK,"JPM,100839,100"
2019-06-28 13:49:00.000000000,BEST_BID,"JPM,100611,240"
2019-06-28 13:49:00.000000000,BEST_ASK,"JPM,100839,240"
2019-06-28 13:49:00.000000000,BEST_BID,"JPM,100611,240"
2019-06-28 13:49:00.000000000,BEST_ASK,"JPM,100839,240"
2019-06-28 13:49:00.000000000,QUERY_SPREAD,77
2019-06-28 13:49:00.000000000,BEST_BID,"JPM,100611,240"
2019-06-28 13:49:00.000000000,BEST_ASK,"JPM,100839,239"
2019-06-28 13:49:00.000000000,LAST_TRADE,"1,$100839.0000"
2019-06-28 13:49:00.000000000,QUERY_SPREAD,78
2019-06-28 13:49:00.000000000,BEST_BID,"JPM,100611,240"
2019-06-28 13:49:00.000000000,BEST_ASK,"JPM,100839,235"
2019-06-28 13:49:00.000000000,LAST_TRADE,"4,$100839.0000"
2019-06-28 13:49:00.000000000,QUERY_SPREAD,79
2019-06-28 13:49:00.000000000,BEST_BID,"JPM,100611,240"
2019-06-28 13:49:00.000000000,BEST_ASK,"JPM,100839,229"
2019-06-28 13:49:00.000000000,LAST_TRADE,"6,$100839.0000"
2019-06-28 13:49:00.000000000,QUERY_SPREAD,80
2019-06-28 13:49:00.000000000,BEST_BID,"JPM,100611,240"
2019-06-28 13:49:00.000000000,BEST_ASK,"JPM,100839,224"
2019-06-28 13:49:00.000000000,LAST_TRADE,"5,$100839.0000"
2019-06-28 13:49:00.000000000,QUERY_SPREAD,81
2019-06-28 13:49:00.000000000,BEST_BID,"JPM,100611,240"
2019-06-28 13:49:00.000000000,BEST_ASK,"JPM,100839,216"
2019-06-28 13:49:00.000000000,LAST_TRADE,"8,$100839.0000"
2019-06-28 13:49:00.000000000,QUERY_SPREAD,82
2019-06-28 13:49:00.000000000,BEST_BID,"JPM,100611,240"
2019-06-28 13:49:00.000000000,BEST_ASK,"JPM,100839,208"
2019-06-28 13:49:00.000000000,LAST_TRADE,"8,$100839.0000"
2019-06-28 13:49:00.000000000,QUERY_SPREAD,83
2019-06-28 13:49:00.000000000,BEST_BID,"JPM,100611,240"
2019-06-28 13:49:00.000000000,BEST_ASK,"JPM,100839,206"
2019-06-28 13:49:00.000000000,LAST_TRADE,"2,$100839.0000"
2019-06-28 13:49:00.000000000,QUERY_SPREAD,84
2019-06-28 13:49:00.000000000,BEST_BID,"JPM,100611,240"
2019-06-28 13:49:00.000000000,BEST_ASK,"JPM,100839,205"
2019-06-28 13:49:00.000000000,LAST_TRADE,"1,$100839.0000"
2019-06-28 13:49:00.000000000,QUERY_SPREAD,85
2019-06-28 13:49:00.000000000,BEST_BID,"JPM,100611,240"
2019-06-28 13:49:00.000000000,BEST_ASK,"JPM,100839,204"
2019-06-28 13:49:00.000000000,LAST_TRADE,"1,$100839.0000"
2019-06-28 13:49:00.000000000,QUERY_SPREAD,86
2019-06-28 13:49:00.000000000,BEST_BID,"JPM,100611,240"
2019-06-28 13:49:00.000000000,BEST_ASK,"JPM,100839,198"
2019-06-28 13:49:00.000000000,LAST_TRADE,"6,$100839.0000"
2019-06-28 13:49:00.000000000,QUERY_SPREAD,87
2019-06-28 13:49:00.000000000,BEST_BID,"JPM,100611,240"
2019-06-28 13:49:00.000000000,BEST_ASK,"JPM,100839,195"
2019-06-28 13:49:00.000000000,LAST_TRADE,"3,$100839.0000"
2019-06-28 13:49:00.000000000,QUERY_SPREAD,88
2019-06-28 13:49:00.000000000,BEST_BID,"JPM,100611,240"
2019-06-28 13:49:00.000000000,BEST_ASK,"JPM,100839,191"
2019-06-28 13:49:00.000000000,LAST_TRADE,"4,$100839.0000"
2019-06-28 13:49:00.000000000,QUERY_SPREAD,89
2019-06-28 13:49:00.000000000,BEST_BID,"JPM,100611,240"
2019-06-28 13:49:00.000000000,BEST_ASK,"JPM,100839,187"
2019-06-28 13:49:00.000000000,LAST_TRADE,"4,$100839.0000"
2019-06-28 13:49:00.000000000,QUERY_SPREAD,90
2019-06-28 13:49:00.000000000,BEST_BID,"JPM,100611,240"
2019-06-28 13:49:00.000000000,BEST_ASK,"JPM,100839,180"
2019-06-28 13:49:00.000000000,LAST_TRADE,"7,$100839.0000"
2019-06-28 13:49:00.000000000,QUERY_SPREAD,91
2019-06-28 13:49:00.000000000,BEST_BID,"JPM,100611,240"
2019-06-28 13:49:00.000000000,BEST_ASK,"JPM,100839,172"
2019-06-28 13:49:00.000000000,LAST_TRADE,"8,$100839.0000"
2019-06-28 13:49:00.000000000,QUERY_SPREAD,92
2019-06-28 13:49:00.000000000,BEST_BID,"JPM,100611,240"
2019-06-28 13:49:00.000000000,BEST_ASK,"JPM,100839,167"
2019-06-28 13:49:00.000000000,LAST_TRADE,"5,$100839.0000"
2019-06-28 13:49:00.000000000,QUERY_SPREAD,93
2019-06-28 13:49:00.000000000,BEST_BID,"JPM,100611,240"
2019-06-28 13:49:00.000000000,BEST_ASK,"JPM,100839,164"
2019-06-28 13:49:00.000000000,LAST_TRADE,"3,$100839.0000"
2019-06-28 13:49:00.000000000,QUERY_SPREAD,94
2019-06-28 13:49:00.000000000,BEST_BID,"JPM,100611,240"
2019-06-28 13:49:00.000000000,BEST_ASK,"JPM,100839,160"
2019-06-28 13:49:00.000000000,LAST_TRADE,"4,$100839.0000"
2019-06-28 13:49:00.000000000,QUERY_SPREAD,95
2019-06-28 13:49:00.000000000,BEST_BID,"JPM,100611,240"
2019-06-28 13:49:00.000000000,BEST_ASK,"JPM,100839,155"
2019-06-28 13:49:00.000000000,LAST_TRADE,"5,$100839.0000"
2019-06-28 13:49:00.000000000,QUERY_SPREAD,96
2019-06-28 13:49:00.000000000,BEST_BID,"JPM,100611,240"
2019-06-28 13:49:00.000000000,BEST_ASK,"JPM,100839,154"
2019-06-28 13:49:00.000000000,LAST_TRADE,"1,$100839.0000"
2019-06-28 13:49:00.000000000,QUERY_SPREAD,97
2019-06-28 13:49:00.000000000,BEST_BID,"JPM,100611,240"
2019-06-28 13:49:00.000000000,BEST_ASK,"JPM,100839,147"
2019-06-28 13:49:00.000000000,LAST_TRADE,"7,$100839.0000"
2019-06-28 13:49:00.000000000,QUERY_SPREAD,98
2019-06-28 13:49:00.000000000,BEST_BID,"JPM,100611,240"
2019-06-28 13:49:00.000000000,BEST_ASK,"JPM,100839,141"
2019-06-28 13:49:00.000000000,LAST_TRADE,"6,$100839.0000"
2019-06-28 13:49:00.000000000,QUERY_SPREAD,99
2019-06-28 13:49:00.000000000,BEST_BID,"JPM,100611,240"
2019-06-28 13:49:00.000000000,BEST_ASK,"JPM,100839,136"
2019-06-28 13:49:00.000000000,LAST_TRADE,"5,$100839.0000"
2019-06-28 13:49:00.000000000,QUERY_SPREAD,100
2019-06-28 13:49:00.000000000,BEST_BID,"JPM,100611,240"
2019-06-28 13:49:00.000000000,BEST_ASK,"JPM,100839,129"
2019-06-28 13:49:00.000000000,LAST_TRADE,"7,$100839.0000"
2019-06-28 13:49:00.000000000,QUERY_SPREAD,101
2019-06-28 13:49:00.000000000,QUERY_ORDER_STREAM,101
2019-06-28 13:49:04.388889795,QUERY_SPREAD,7
2019-06-28 13:49:04.388889795,BEST_BID,"JPM,100611,140"
2019-06-28 13:49:04.388889795,BEST_ASK,"JPM,100839,129"
2019-06-28 13:49:04.388889795,LAST_TRADE,"100,$100611.0000"
2019-06-28 13:49:10.000000000,QUERY_SPREAD,1
2019-06-28 13:49:10.000000000,BEST_BID,"JPM,100541,240"
2019-06-28 13:49:10.000000000,BEST_ASK,"JPM,100857,100"
2019-06-28 13:49:10.000000000,BEST_BID,"JPM,100541,240"
2019-06-28 13:49:10.000000000,BEST_ASK,"JPM,100857,100"
2019-06-28 13:49:10.000000000,BEST_BID,"JPM,100541,240"
2019-06-28 13:49:10.000000000,BEST_ASK,"JPM,100857,240"
2019-06-28 13:49:10.000000000,BEST_BID,"JPM,100541,240"
2019-06-28 13:49:10.000000000,BEST_ASK,"JPM,100857,240"
2019-06-28 13:49:19.034557331,QUERY_SPREAD,7
2019-06-28 13:49:19.034557331,BEST_BID,"JPM,100541,140"
2019-06-28 13:49:19.034557331,BEST_ASK,"JPM,100857,240"
2019-06-28 13:49:19.034557331,LAST_TRADE,"100,$100541.0000"
2019-06-28 13:49:20.000000000,QUERY_SPREAD,1
2019-06-28 13:49:20.000000000,BEST_BID,"JPM,100412,240"
2019-06-28 13:49:20.000000000,BEST_ASK,"JPM,100857,100"
2019-06-28 13:49:20.000000000,BEST_BID,"JPM,100412,240"
2019-06-28 13:49:20.000000000,BEST_ASK,"JPM,100857,100"
2019-06-28 13:49:20.000000000,BEST_BID,"JPM,100412,240"
2019-06-28 13:49:20.000000000,BEST_ASK,"JPM,100857,240"
2019-06-28 13:49:20.000000000,BEST_BID,"JPM,100412,240"
2019-06-28 13:49:20.000000000,BEST_ASK,"JPM,100857,240"
2019-06-28 13:49:20.525411336,QUERY_ORDER_STREAM,68
2019-06-28 13:49:20.525411336,QUERY_SPREAD,68
2019-06-28 13:49:30.000000000,QUERY_SPREAD,1
2019-06-28 13:49:30.000000000,BEST_BID,"JPM,100412,195"
2019-06-28 13:49:30.000000000,BEST_ASK,"JPM,100857,100"
2019-06-28 13:49:30.000000000,BEST_BID,"JPM,100412,195"
2019-06-28 13:49:30.000000000,BEST_ASK,"JPM,100857,100"
2019-06-28 13:49:30.000000000,BEST_BID,"JPM,100412,195"
2019-06-28 13:49:30.000000000,BEST_ASK,"JPM,100857,100"
2019-06-28 13:49:30.000000000,BEST_BID,"JPM,100412,195"
2019-06-28 13:49:30.000000000,BEST_ASK,"JPM,100857,195"
2019-06-28 13:49:30.000000000,BEST_BID,"JPM,100412,195"
2019-06-28 13:49:30.000000000,BEST_ASK,"JPM,100857,195"
2019-06-28 13:49:30.000000000,BEST_BID,"JPM,100412,195"
2019-06-28 13:49:30.000000000,BEST_ASK,"JPM,100857,195"
2019-06-28 13:49:31.991104153,QUERY_SPREAD,26
2019-06-28 13:49:31.991104153,BEST_BID,"JPM,100412,195"
2019-06-28 13:49:31.991104153,BEST_ASK,"JPM,100857,195"
2019-06-28 13:49:40.000000000,QUERY_SPREAD,1
2019-06-28 13:49:40.000000000,BEST_BID,"JPM,100412,156"
2019-06-28 13:49:40.000000000,BEST_ASK,"JPM,100857,100"
2019-06-28 13:49:40.000000000,BEST_BID,"JPM,100412,156"
2019-06-28 13:49:40.000000000,BEST_ASK,"JPM,100857,100"
2019-06-28 13:49:40.000000000,BEST_BID,"JPM,100412,156"
2019-06-28 13:49:40.000000000,BEST_ASK,"JPM,100857,100"
2019-06-28 13:49:40.000000000,BEST_BID,"JPM,100412,156"
2019-06-28 13:49:40.000000000,BEST_ASK,"JPM,100857,100"
2019-06-28 13:49:40.000000000,BEST_BID,"JPM,100412,156"
2019-06-28 13:49:40.000000000,BEST_ASK,"JPM,100857,100"
2019-06-28 13:49:40.000000000,BEST_BID,"JPM,100412,156"
2019-06-28 13:49:40.000000000,BEST_ASK,"JPM,100857,156"
2019-06-28 13:49:40.000000000,BEST_BID,"JPM,100412,156"
2019-06-28 13:49:40.000000000,BEST_ASK,"JPM,100857,156"
2019-06-28 13:49:40.000000000,BEST_BID,"JPM,100412,156"
2019-06-28 13:49:40.000000000,BEST_ASK,"JPM,100857,156"
2019-06-28 13:49:40.000000000,BEST_BID,"JPM,100412,156"
2019-06-28 13:49:40.000000000,BEST_ASK,"JPM,100857,156"
2019-06-28 13:49:40.000000000,BEST_BID,"JPM,100412,156"
2019-06-28 13:49:40.000000000,BEST_ASK,"JPM,100857,156"
2019-06-28 13:49:50.000000000,QUERY_SPREAD,1
2019-06-28 13:49:50.000000000,BEST_BID,"JPM,100412,195"
2019-06-28 13:49:50.000000000,BEST_ASK,"JPM,100857,100"
2019-06-28 13:49:50.000000000,BEST_BID,"JPM,100412,195"
2019-06-28 13:49:50.000000000,BEST_ASK,"JPM,100857,100"
2019-06-28 13:49:50.000000000,BEST_BID,"JPM,100412,195"
2019-06-28 13:49:50.000000000,BEST_ASK,"JPM,100857,100"
2019-06-28 13:49:50.000000000,BEST_BID,"JPM,100412,195"
2019-06-28 13:49:50.000000000,BEST_ASK,"JPM,100857,195"
2019-06-28 13:49:50.000000000,BEST_BID,"JPM,100412,195"
2019-06-28 13:49:50.000000000,BEST_ASK,"JPM,100857,195"
2019-06-28 13:49:50.000000000,BEST_BID,"JPM,100412,195"
2019-06-28 13:49:50.000000000,BEST_ASK,"JPM,100857,195"
2019-06-28 13:49:51.469817558,QUERY_SPREAD,18
2019-06-28 13:49:51.469817558,BEST_BID,"JPM,100412,195"
2019-06-28 13:49:51.469817558,BEST_ASK,"JPM,100857,195"
2019-06-28 13:50:00.000000000,QUERY_SPREAD,1
2019-06-28 13:50:00.000000000,BEST_BID,"JPM,100412,156"
2019-06-28 13:50:00.000000000,BEST_ASK,"JPM,100857,100"
2019-06-28 13:50:00.000000000,BEST_BID,"JPM,100412,156"
2019-06-28 13:50:00.000000000,BEST_ASK,"JPM,100857,100"
2019-06-28 13:50:00.000000000,BEST_BID,"JPM,100412,156"
2019-06-28 13:50:00.000000000,BEST_ASK,"JPM,100857,100"
2019-06-28 13:50:00.000000000,BEST_BID,"JPM,100412,156"
2019-06-28 13:50:00.000000000,BEST_ASK,"JPM,100857,100"
2019-06-28 13:50:00.000000000,BEST_BID,"JPM,100412,156"
2019-06-28 13:50:00.000000000,BEST_ASK,"JPM,100857,100"
2019-06-28 13:50:00.000000000,BEST_BID,"JPM,100412,156"
2019-06-28 13:50:00.000000000,BEST_ASK,"JPM,100857,156"
2019-06-28 13:50:00.000000000,BEST_BID,"JPM,100412,156"
2019-06-28 13:50:00.000000000,BEST_ASK,"JPM,100857,156"
2019-06-28 13:50:00.000000000,BEST_BID,"JPM,100412,156"
2019-06-28 13:50:00.000000000,BEST_ASK,"JPM,100857,156"
2019-06-28 13:50:00.000000000,BEST_BID,"JPM,100412,156"
2019-06-28 13:50:00.000000000,BEST_ASK,"JPM,100857,156"
2019-06-28 13:50:00.000000000,BEST_BID,"JPM,100412,156"
2019-06-28 13:50:00.000000000,BEST_ASK,"JPM,100857,156"
2019-06-28 13:50:00.000000000,QUERY_SPREAD,77
2019-06-28 13:50:00.000000000,BEST_BID,"JPM,100412,156"
2019-06-28 13:50:00.000000000,BEST_ASK,"JPM,100857,155"
2019-06-28 13:50:00.000000000,LAST_TRADE,"1,$100857.0000"
2019-06-28 13:50:00.000000000,QUERY_SPREAD,78
2019-06-28 13:50:00.000000000,BEST_BID,"JPM,100412,156"
2019-06-28 13:50:00.000000000,BEST_ASK,"JPM,100857,151"
2019-06-28 13:50:00.000000000,LAST_TRADE,"4,$100857.0000"
2019-06-28 13:50:00.000000000,QUERY_SPREAD,79
2019-06-28 13:50:00.000000000,BEST_BID,"JPM,100412,156"
2019-06-28 13:50:00.000000000,BEST_ASK,"JPM,100857,145"
2019-06-28 13:50:00.000000000,LAST_TRADE,"6,$100857.0000"
2019-06-28 13:50:00.000000000,QUERY_SPREAD,80
2019-06-28 13:50:00.000000000,BEST_BID,"JPM,100412,156"
2019-06-28 13:50:00.000000000,BEST_ASK,"JPM,100857,140"
2019-06-28 13:50:00.000000000,LAST_TRADE,"5,$100857.0000"
2019-06-28 13:50:00.000000000,QUERY_SPREAD,81
2019-06-28 13:50:00.000000000,BEST_BID,"JPM,100412,156"
2019-06-28 13:50:00.000000000,BEST_ASK,"JPM,100857,132"
2019-06-28 13:50:00.000000000,LAST_TRADE,"8,$100857.0000"
2019-06-28 13:50:00.000000000,QUERY_SPREAD,82
2019-06-28 13:50:00.000000000,BEST_BID,"JPM,100412,156"
2019-06-28 13:50:00.000000000,BEST_ASK,"JPM,100857,124"
2019-06-28 13:50:00.000000000,LAST_TRADE,"8,$100857.0000"
2019-06-28 13:50:00.000000000,QUERY_SPREAD,83
2019-06-28 13:50:00.000000000,BEST_BID,"JPM,100412,156"
2019-06-28 13:50:00.000000000,BEST_ASK,"JPM,100857,122"
2019-06-28 13:50:00.000000000,LAST_TRADE,"2,$100857.0000"
2019-06-28 13:50:00.000000000,QUERY_SPREAD,84
2019-06-28 13:50:00.000000000,BEST_BID,"JPM,100412,156"
2019-06-28 13:50:00.000000000,BEST_ASK,"JPM,100857,121"
2019-06-28 13:50:00.000000000,LAST_TRADE,"1,$100857.0000"
2019-06-28 13:50:00.000000000,QUERY_SPREAD,85
2019-06-28 13:50:00.000000000,BEST_BID,"JPM,100412,156"
2019-06-28 13:50:00.000000000,BEST_ASK,"JPM,100857,120"
2019-06-28 13:50:00.000000000,LAST_TRADE,"1,$100857.0000"
2019-06-28 13:50:00.000000000,QUERY_SPREAD,86
2019-06-28 13:50:00.000000000,BEST_BID,"JPM,100412,156"
2019-06-28 13:50:00.000000000,BEST_ASK,"JPM,100857,114"
2019-06-28 13:50:00.000000000,LAST_TRADE,"6,$100857.0000"
2019-06-28 13:50:00.000000000,QUERY_SPREAD,87
2019-06-28 13:50:00.000000000,BEST_BID,"JPM,100412,156"
2019-06-28 13:50:00.000000000,BEST_ASK,"JPM,100857,111"
2019-06-28 13:50:00.000000000,LAST_TRADE,"3,$100857.0000"
2019-06-28 13:50:00.000000000,QUERY_SPREAD,88
2019-06-28 13:50:00.000000000,BEST_BID,"JPM,100412,156"
2019-06-28 13:50:00.000000000,BEST_ASK,"JPM,100857,107"
2019-06-28 13:50:00.000000000,LAST_TRADE,"4,$100857.0000"
2019-06-28 13:50:00.000000000,QUERY_SPREAD,89
2019-06-28 13:50:00.000000000,BEST_BID,"JPM,100412,156"
2019-06-28 13:50:00.000000000,BEST_ASK,"JPM,100857,103"
2019-06-28 13:50:00.000000000,LAST_TRADE,"4,$100857.0000"
2019-06-28 13:50:00.000000000,QUERY_SPREAD,90
2019-06-28 13:50:00.000000000,BEST_BID,"JPM,100412,156"
2019-06-28 13:50:00.000000000,BEST_ASK,"JPM,100857,96"
2019-06-28 13:50:00.000000000,LAST_TRADE,"7,$100857.0000"
2019-06-28 13:50:00.000000000,QUERY_SPREAD,91
2019-06-28 13:50:00.000000000,BEST_BID,"JPM,100412,156"
2019-06-28 13:50:00.000000000,BEST_ASK,"JPM,100857,88"
2019-06-28 13:50:00.000000000,LAST_TRADE,"8,$100857.0000"
2019-06-28 13:50:00.000000000,QUERY_SPREAD,92
2019-06-28 13:50:00.000000000,BEST_BID,"JPM,100412,156"
2019-06-28 13:50:00.000000000,BEST_ASK,"JPM,100857,83"
2019-06-28 13:50:00.000000000,LAST_TRADE,"5,$100857.0000"
2019-06-28 13:50:00.000000000,QUERY_SPREAD,93
2019-06-28 13:50:00.000000000,BEST_BID,"JPM,100412,156"
2019-06-28 13:50:00.000000000,BEST_ASK,"JPM,100857,80"
2019-06-28 13:50:00.000000000,LAST_TRADE,"3,$100857.0000"
2019-06-28 13:50:00.000000000,QUERY_SPREAD,94
2019-06-28 13:50:00.000000000,BEST_BID,"JPM,100412,156"
2019-06-28 13:50:00.000000000,BEST_ASK,"JPM,100857,76"
2019-06-28 13:50:00.000000000,LAST_TRADE,"4,$100857.0000"
2019-06-28 13:50:00.000000000,QUERY_SPREAD,95
2019-06-28 13:50:00.000000000,BEST_BID,"JPM,100412,156"
2019-06-28 13:50:00.000000000,BEST_ASK,"JPM,100857,71"
2019-06-28 13:50:00.000000000,LAST_TRADE,"5,$100857.0000"
2019-06-28 13:50:00.000000000,QUERY_SPREAD,96
2019-06-28 13:50:00.000000000,BEST_BID,"JPM,100412,156"
2019-06-28 13:50:00.000000000,BEST_ASK,"JPM,100857,70"
2019-06-28 13:50:00.000000000,LAST_TRADE,"1,$100857.0000"
2019-06-28 13:50:00.000000000,QUERY_SPREAD,97
2019-06-28 13:50:00.000000000,BEST_BID,"JPM,100412,156"
2019-06-28 13:50:00.000000000,BEST_ASK,"JPM,100857,63"
2019-06-28 13:50:00.000000000,LAST_TRADE,"7,$100857.0000"
2019-06-28 13:50:00.000000000,QUERY_SPREAD,98
2019-06-28 13:50:00.000000000,BEST_BID,"JPM,100412,156"
2019-06-28 13:50:00.000000000,BEST_ASK,"JPM,100857,57"
2019-06-28 13:50:00.000000000,LAST_TRADE,"6,$100857.0000"
2019-06-28 13:50:00.000000000,QUERY_SPREAD,99
2019-06-28 13:50:00.000000000,BEST_BID,"JPM,100412,156"
2019-06-28 13:50:00.000000000,BEST_ASK,"JPM,100857,52"
2019-06-28 13:50:00.000000000,LAST_TRADE,"5,$100857.0000"
2019-06-28 13:50:00.000000000,QUERY_SPREAD,100
2019-06-28 13:50:00.000000000,BEST_BID,"JPM,100412,156"
2019-06-28 13:50:00.000000000,BEST_ASK,"JPM,100857,45"
2019-06-28 13:50:00.000000000,LAST_TRADE,"7,$100857.0000"
2019-06-28 13:50:00.000000000,QUERY_SPREAD,101
2019-06-28 13:50:00.000000000,QUERY_ORDER_STREAM,101
2019-06-28 13:50:10.000000000,QUERY_SPREAD,1
2019-06-28 13:50:10.000000000,BEST_BID,"JPM,100412,380"
2019-06-28 13:50:10.000000000,BEST_ASK,"JPM,100877,100"
2019-06-28 13:50:10.000000000,BEST_BID,"JPM,100412,380"
2019-06-28 13:50:10.000000000,BEST_ASK,"JPM,100877,380"
2019-06-28 13:50:12.749319424,QUERY_ORDER_STREAM,57
2019-06-28 13:50:12.749319424,QUERY_SPREAD,57
2019-06-28 13:50:12.749319424,BEST_BID,"JPM,100412,380"
2019-06-28 13:50:12.749319424,BEST_ASK,"JPM,100857,100"
2019-06-28 13:50:20.000000000,QUERY_SPREAD,1
2019-06-28 13:50:20.000000000,BEST_BID,"JPM,100412,195"
2019-06-28 13:50:20.000000000,BEST_ASK,"JPM,100857,100"
2019-06-28 13:50:20.000000000,BEST_BID,"JPM,100412,195"
2019-06-28 13:50:20.000000000,BEST_ASK,"JPM,100857,100"
2019-06-28 13:50:20.000000000,BEST_BID,"JPM,100412,195"
2019-06-28 13:50:20.000000000,BEST_ASK,"JPM,100857,100"
2019-06-28 13:50:20.000000000,BEST_BID,"JPM,100412,195"
2019-06-28 13:50:20.000000000,BEST_ASK,"JPM,100857,195"
2019-06-28 13:50:20.000000000,BEST_BID,"JPM,100412,195"
2019-06-28 13:50:20.000000000,BEST_ASK,"JPM,100857,195"
2019-06-28 13:50:20.000000000,BEST_BID,"JPM,100412,195"
2019-06-28 13:50:20.000000000,BEST_ASK,"JPM,100857,195"
2019-06-28 13:50:30.000000000,QUERY_SPREAD,1
2019-06-28 13:50:30.000000000,BEST_BID,"JPM,100412,195"
2019-06-28 13:50:30.000000000,BEST_ASK,"JPM,100857,100"
2019-06-28 13:50:30.000000000,BEST_BID,"JPM,100412,195"
2019-06-28 13:50:30.000000000,BEST_ASK,"JPM,100857,100"
2019-06-28 13:50:30.000000000,BEST_BID,"JPM,100412,195"
2019-06-28 13:50:30.000000000,BEST_ASK,"JPM,100857,100"
2019-06-28 13:50:30.000000000,BEST_BID,"JPM,100412,195"
2019-06-28 13:50:30.000000000,BEST_ASK,"JPM,100857,195"
2019-06-28 13:50:30.000000000,BEST_BID,"JPM,100412,195"
2019-06-28 13:50:30.000000000,BEST_ASK,"JPM,100857,195"
2019-06-28 13:50:30.000000000,BEST_BID,"JPM,100412,195"
2019-06-28 13:50:30.000000000,BEST_ASK,"JPM,100857,195"
2019-06-28 13:50:40.000000000,QUERY_SPREAD,1
2019-06-28 13:50:40.000000000,BEST_BID,"JPM,100412,195"
2019-06-28 13:50:40.000000000,BEST_ASK,"JPM,100857,100"
2019-06-28 13:50:40.000000000,BEST_BID,"JPM,100412,195"
2019-06-28 13:50:40.000000000,BEST_ASK,"JPM,100857,100"
2019-06-28 13:50:40.000000000,BEST_BID,"JPM,100412,195"
2019-06-28 13:50:40.000000000,BEST_ASK,"JPM,100857,100"
2019-06-28 13:50:40.000000000,BEST_BID,"JPM,100412,195"
2019-06-28 13:50:40.000000000,BEST_ASK,"JPM,100857,195"
2019-06-28 13:50:40.000000000,BEST_BID,"JPM,100412,195"
2019-06-28 13:50:40.000000000,BEST_ASK,"JPM,100857,195"
2019-06-28 13:50:40.000000000,BEST_BID,"JPM,100412,195"
2019-06-28 13:50:40.000000000,BEST_ASK,"JPM,100857,195"
2019-06-28 13:50:45.838174110,QUERY_SPREAD,40
2019-06-28 13:50:45.838174110,BEST_BID,"JPM,100412,195"
2019-06-28 13:50:45.838174110,BEST_ASK,"JPM,100857,95"
2019-06-28 13:50:45.838174110,LAST_TRADE,"100,$100857.0000"
2019-06-28 13:50:50.000000000,QUERY_SPREAD,1
2019-06-28 13:50:50.000000000,BEST_BID,"JPM,100412,156"
2019-06-28 13:50:50.000000000,BEST_ASK,"JPM,100877,100"
2019-06-28 13:50:50.000000000,BEST_BID,"JPM,100412,156"
2019-06-28 13:50:50.000000000,BEST_ASK,"JPM,100877,100"
2019-06-28 13:50:50.000000000,BEST_BID,"JPM,100412,156"
2019-06-28 13:50:50.000000000,BEST_ASK,"JPM,100877,100"
2019-06-28 13:50:50.000000000,BEST_BID,"JPM,100412,156"
2019-06-28 13:50:50.000000000,BEST_ASK,"JPM,100877,100"
2019-06-28 13:50:50.000000000,BEST_BID,"JPM,100412,156"
2019-06-28 13:50:50.000000000,BEST_ASK,"JPM,100877,100"
2019-06-28 13:50:50.000000000,BEST_BID,"JPM,100412,156"
2019-06-28 13:50:50.000000000,BEST_ASK,"JPM,100877,156"
2019-06-28 13:50:50.000000000,BEST_BID,"JPM,100412,156"
2019-06-28 13:50:50.000000000,BEST_ASK,"JPM,100877,156"
2019-06-28 13:50:50.000000000,BEST_BID,"JPM,100412,156"
2019-06-28 13:50:50.000000000,BEST_ASK,"JPM,100877,156"
2019-06-28 13:50:50.000000000,BEST_BID,"JPM,100412,156"
2019-06-28 13:50:50.000000000,BEST_ASK,"JPM,100877,156"
2019-06-28 13:50:50.000000000,BEST_BID,"JPM,100412,156"
2019-06-28 13:50:50.000000000,BEST_ASK,"JPM,100877,156"
2019-06-28 13:50:57.105141008,QUERY_SPREAD,35
2019-06-28 13:50:57.105141008,BEST_BID,"JPM,100412,156"
2019-06-28 13:50:57.105141008,BEST_ASK,"JPM,100877,56"
2019-06-28 13:50:57.105141008,LAST_TRADE,"100,$100877.0000"
2019-06-28 13:51:00.000000000,QUERY_SPREAD,1
2019-06-28 13:51:00.000000000,BEST_BID,"JPM,100412,170"
2019-06-28 13:51:00.000000000,BEST_ASK,"JPM,100924,100"
2019-06-28 13:51:00.000000000,BEST_BID,"JPM,100412,170"
2019-06-28 13:51:00.000000000,BEST_ASK,"JPM,100924,100"
2019-06-28 13:51:00.000000000,BEST_BID,"JPM,100412,170"
2019-06-28 13:51:00.000000000,BEST_ASK,"JPM,100924,100"
2019-06-28 13:51:00.000000000,BEST_BID,"JPM,100412,170"
2019-06-28 13:51:00.000000000,BEST_ASK,"JPM,100924,100"
2019-06-28 13:51:00.000000000,BEST_BID,"JPM,100412,170"
2019-06-28 13:51:00.000000000,BEST_ASK,"JPM,100924,170"
2019-06-28 13:51:00.000000000,BEST_BID,"JPM,100412,170"
2019-06-28 13:51:00.000000000,BEST_ASK,"JPM,100924,170"
2019-06-28 13:51:00.000000000,BEST_BID,"JPM,100412,170"
2019-06-28 13:51:00.000000000,BEST_ASK,"JPM,100924,170"
2019-06-28 13:51:00.000000000,BEST_BID,"JPM,100412,170"
2019-06-28 13:51:00.000000000,BEST_ASK,"JPM,100924,170"
2019-06-28 13:51:00.000000000,QUERY_SPREAD,77
2019-06-28 13:51:00.000000000,BEST_BID,"JPM,100412,170"
2019-06-28 13:51:00.000000000,BEST_ASK,"JPM,100924,169"
2019-06-28 13:51:00.000000000,LAST_TRADE,"1,$100924.0000"
2019-06-28 13:51:00.000000000,QUERY_SPREAD,78
2019-06-28 13:51:00.000000000,BEST_BID,"JPM,100412,170"
2019-06-28 13:51:00.000000000,BEST_ASK,"JPM,100924,165"
2019-06-28 13:51:00.000000000,LAST_TRADE,"4,$100924.0000"
2019-06-28 13:51:00.000000000,QUERY_SPREAD,79
2019-06-28 13:51:00.000000000,BEST_BID,"JPM,100412,170"
2019-06-28 13:51:00.000000000,BEST_ASK,"JPM,100924,159"
2019-06-28 13:51:00.000000000,LAST_TRADE,"6,$100924.0000"
2019-06-28 13:51:00.000000000,QUERY_SPREAD,80
2019-06-28 13:51:00.000000000,BEST_BID,"JPM,100412,170"
2019-06-28 13:51:00.000000000,BEST_ASK,"JPM,100924,154"
2019-06-28 13:51:00.000000000,LAST_TRADE,"5,$100924.0000"
2019-06-28 13:51:00.000000000,QUERY_SPREAD,81
2019-06-28 13:51:00.000000000,BEST_BID,"JPM,100412,170"
2019-06-28 13:51:00.000000000,BEST_ASK,"JPM,100924,146"
2019-06-28 13:51:00.000000000,LAST_TRADE,"8,$100924.0000"
2019-06-28 13:51:00.000000000,QUERY_SPREAD,82
2019-06-28 13:51:00.000000000,BEST_BID,"JPM,100412,170"
2019-06-28 13:51:00.000000000,BEST_ASK,"JPM,100924,138"
2019-06-28 13:51:00.000000000,LAST_TRADE,"8,$100924.0000"
2019-06-28 13:51:00.000000000,QUERY_SPREAD,83
2019-06-28 13:51:00.000000000,BEST_BID,"JPM,100412,170"
2019-06-28 13:51:00.000000000,BEST_ASK,"JPM,100924,136"
2019-06-28 13:51:00.000000000,LAST_TRADE,"2,$100924.0000"
2019-06-28 13:51:00.000000000,QUERY_SPREAD,84
2019-06-28 13:51:00.000000000,BEST_BID,"JPM,100412,170"
2019-06-28 13:51:00.000000000,BEST_ASK,"JPM,100924,135"
2019-06-28 13:51:00.000000000,LAST_TRADE,"1,$100924.0000"
2019-06-28 13:51:00.000000000,QUERY_SPREAD,85
2019-06-28 13:51:00.000000000,BEST_BID,"JPM,100412,170"
2019-06-28 13:51:00.000000000,BEST_ASK,"JPM,100924,134"
2019-06-28 13:51:00.000000000,LAST_TRADE,"1,$100924.0000"
2019-06-28 13:51:00.000000000,QUERY_SPREAD,86
2019-06-28 13:51:00.000000000,BEST_BID,"JPM,100412,170"
2019-06-28 13:51:00.000000000,BEST_ASK,"JPM,100924,128"
2019-06-28 13:51:00.000000000,LAST_TRADE,"6,$100924.0000"
2019-06-28 13:51:00.000000000,QUERY_SPREAD,87
2019-06-28 13:51:00.000000000,BEST_BID,"JPM,100412,170"
2019-06-28 13:51:00.000000000,BEST_ASK,"JPM,100924,125"
2019-06-28 13:51:00.000000000,LAST_TRADE,"3,$100924.0000"
2019-06-28 13:51:00.000000000,QUERY_SPREAD,88
2019-06-28 13:51:00.000000000,BEST_BID,"JPM,100412,170"
2019-06-28 13:51:00.000000000,BEST_ASK,"JPM,100924,121"
2019-06-28 13:51:00.000000000,LAST_TRADE,"4,$100924.0000"
2019-06-28 13:51:00.000000000,QUERY_SPREAD,89
2019-06-28 13:51:00.000000000,BEST_BID,"JPM,100412,170"
2019-06-28 13:51:00.000000000,BEST_ASK,"JPM,100924,117"
2019-06-28 13:51:00.000000000,LAST_TRADE,"4,$100924.0000"
2019-06-28 13:51:00.000000000,QUERY_SPREAD,90
2019-06-28 13:51:00.000000000,BEST_BID,"JPM,100412,170"
2019-06-28 13:51:00.000000000,BEST_ASK,"JPM,100924,110"
2019-06-28 13:51:00.000000000,LAST_TRADE,"7,$100924.0000"
2019-06-28 13:51:00.000000000,QUERY_SPREAD,91
2019-06-28 13:51:00.000000000,BEST_BID,"JPM,100412,170"
2019-06-28 13:51:00.000000000,BEST_ASK,"JPM,100924,102"
2019-06-28 13:51:00.000000000,LAST_TRADE,"8,$100924.0000"
2019-06-28 13:51:00.000000000,QUERY_SPREAD,92
2019-06-28 13:51:00.000000000,BEST_BID,"JPM,100412,170"
2019-06-28 13:51:00.000000000,BEST_ASK,"JPM,100924,97"
2019-06-28 13:51:00.000000000,LAST_TRADE,"5,$100924.0000"
2019-06-28 13:51:00.000000000,QUERY_SPREAD,93
2019-06-28 13:51:00.000000000,BEST_BID,"JPM,100412,170"
2019-06-28 13:51:00.000000000,BEST_ASK,"JPM,100924,94"
2019-06-28 13:51:00.000000000,LAST_TRADE,"3,$100924.0000"
2019-06-28 13:51:00.000000000,QUERY_SPREAD,94
2019-06-28 13:51:00.000000000,BEST_BID,"JPM,100412,170"
2019-06-28 13:51:00.000000000,BEST_ASK,"JPM,100924,90"
2019-06-28 13:51:00.000000000,LAST_TRADE,"4,$100924.0000"
2019-06-28 13:51:00.000000000,QUERY_SPREAD,95
2019-06-28 13:51:00.000000000,BEST_BID,"JPM,100412,170"
2019-06-28 13:51:00.000000000,BEST_ASK,"JPM,100924,85"
2019-06-28 13:51:00.000000000,LAST_TRADE,"5,$100924.0000"
2019-06-28 13:51:00.000000000,QUERY_SPREAD,96
2019-06-28 13:51:00.000000000,BEST_BID,"JPM,100412,170"
2019-06-28 13:51:00.000000000,BEST_ASK,"JPM,100924,84"
2019-06-28 13:51:00.000000000,LAST_TRADE,"1,$100924.0000"
2019-06-28 13:51:00.000000000,QUERY_SPREAD,97
2019-06-28 13:51:00.000000000,BEST_BID,"JPM,100412,170"
2019-06-28 13:51:00.000000000,BEST_ASK,"JPM,100924,77"
2019-06-28 13:51:00.000000000,LAST_TRADE,"7,$100924.0000"
2019-06-28 13:51:00.000000000,QUERY_SPREAD,98
2019-06-28 13:51:00.000000000,BEST_BID,"JPM,100412,170"
2019-06-28 13:51:00.000000000,BEST_ASK,"JPM,100924,71"
2019-06-28 13:51:00.000000000,LAST_TRADE,"6,$100924.0000"
2019-06-28 13:51:00.000000000,QUERY_SPREAD,99
2019-06-28 13:51:00.000000000,BEST_BID,"JPM,100412,170"
2019-06-28 13:51:00.000000000,BEST_ASK,"JPM,100924,66"
2019-06-28 13:51:00.000000000,LAST_TRADE,"5,$100924.0000"
2019-06-28 13:51:00.000000000,QUERY_SPREAD,100
2019-06-28 13:51:00.000000000,BEST_BID,"JPM,100412,170"
2019-06-28 13:51:00.000000000,BEST_ASK,"JPM,100924,59"
2019-06-28 13:51:00.000000000,LAST_TRADE,"7,$100924.0000"
2019-06-28 13:51:00.000000000,QUERY_SPREAD,101
2019-06-28 13:51:00.000000000,QUERY_ORDER_STREAM,101
2019-06-28 13:51:00.246774080,QUERY_SPREAD,49
2019-06-28 13:51:00.246774080,BEST_BID,"JPM,100412,170"
2019-06-28 13:51:00.246774080,BEST_ASK,"JPM,100924,59"
2019-06-28 13:51:10.000000000,QUERY_SPREAD,1
2019-06-28 13:51:10.000000000,BEST_BID,"JPM,100412,170"
2019-06-28 13:51:10.000000000,BEST_ASK,"JPM,100965,100"
2019-06-28 13:51:10.000000000,BEST_BID,"JPM,100412,170"
2019-06-28 13:51:10.000000000,BEST_ASK,"JPM,100965,100"
2019-06-28 13:51:10.000000000,BEST_BID,"JPM,100412,170"
2019-06-28 13:51:10.000000000,BEST_ASK,"JPM,100965,100"
2019-06-28 13:51:10.000000000,BEST_BID,"JPM,100412,170"
2019-06-28 13:51:10.000000000,BEST_ASK,"JPM,100965,100"
2019-06-28 13:51:10.000000000,BEST_BID,"JPM,100412,170"
2019-06-28 13:51:10.000000000,BEST_ASK,"JPM,100965,170"
2019-06-28 13:51:10.000000000,BEST_BID,"JPM,100412,170"
2019-06-28 13:51:10.000000000,BEST_ASK,"JPM,100965,170"
2019-06-28 13:51:10.000000000,BEST_BID,"JPM,100412,170"
2019-06-28 13:51:10.000000000,BEST_ASK,"JPM,100965,170"
2019-06-28 13:51:10.000000000,BEST_BID,"JPM,100412,170"
2019-06-28 13:51:10.000000000,BEST_ASK,"JPM,100965,170"
2019-06-28 13:51:15.681413288,QUERY_SPREAD,25
2019-06-28 13:51:15.681413288,BEST_BID,"JPM,100412,170"
2019-06-28 13:51:15.681413288,BEST_ASK,"JPM,100660,100"
2019-06-28 13:51:16.857690331,QUERY_SPREAD,5
2019-06-28 13:51:16.857690331,BEST_BID,"JPM,100412,170"
2019-06-28 13:51:16.857690331,BEST_ASK,"JPM,100616,100"
2019-06-28 13:51:20.000000000,QUERY_SPREAD,1
2019-06-28 13:51:20.000000000,BEST_BID,"JPM,100412,240"
2019-06-28 13:51:20.000000000,BEST_ASK,"JPM,100616,100"
2019-06-28 13:51:20.000000000,BEST_BID,"JPM,100412,240"
2019-06-28 13:51:20.000000000,BEST_ASK,"JPM,100616,100"
2019-06-28 13:51:20.000000000,BEST_BID,"JPM,100412,240"
2019-06-28 13:51:20.000000000,BEST_ASK,"JPM,100616,240"
2019-06-28 13:51:20.000000000,BEST_BID,"JPM,100412,240"
2019-06-28 13:51:20.000000000,BEST_ASK,"JPM,100616,240"
2019-06-28 13:51:30.000000000,QUERY_SPREAD,1
2019-06-28 13:51:30.000000000,BEST_BID,"JPM,100412,170"
2019-06-28 13:51:30.000000000,BEST_ASK,"JPM,100616,100"
2019-06-28 13:51:30.000000000,BEST_BID,"JPM,100412,170"
2019-06-28 13:51:30.000000000,BEST_ASK,"JPM,100616,100"
2019-06-28 13:51:30.000000000,BEST_BID,"JPM,100412,170"
2019-06-28 13:51:30.000000000,BEST_ASK,"JPM,100616,100"
2019-06-28 13:51:30.000000000,BEST_BID,"JPM,100412,170"
2019-06-28 13:51:30.000000000,BEST_ASK,"JPM,100616,100"
2019-06-28 13:51:30.000000000,BEST_BID,"JPM,100412,170"
2019-06-28 13:51:30.000000000,BEST_ASK,"JPM,100616,170"
2019-06-28 13:51:30.000000000,BEST_BID,"JPM,100412,170"
2019-06-28 13:51:30.000000000,BEST_ASK,"JPM,100616,170"
2019-06-28 13:51:30.000000000,BEST_BID,"JPM,100412,170"
2019-06-28 13:51:30.000000000,BEST_ASK,"JPM,100616,170"
2019-06-28 13:51:30.000000000,BEST_BID,"JPM,100412,170"
2019-06-28 13:51:30.000000000,BEST_ASK,"JPM,100616,170"
2019-06-28 13:51:37.141443089,QUERY_SPREAD,15
2019-06-28 13:51:37.141443089,BEST_BID,"JPM,100412,170"
2019-06-28 13:51:37.141443089,BEST_ASK,"JPM,100616,170"
2019-06-28 13:51:40.000000000,QUERY_SPREAD,1
2019-06-28 13:51:40.000000000,BEST_BID,"JPM,100412,195"
2019-06-28 13:51:40.000000000,BEST_ASK,"JPM,100616,100"
2019-06-28 13:51:40.000000000,BEST_BID,"JPM,100412,195"
2019-06-28 13:51:40.000000000,BEST_ASK,"JPM,100616,100"
2019-06-28 13:51:40.000000000,BEST_BID,"JPM,100412,195"
2019-06-28 13:51:40.000000000,BEST_ASK,"JPM,100616,100"
2019-06-28 13:51:40.000000000,BEST_BID,"JPM,100412,195"
2019-06-28 13:51:40.000000000,BEST_ASK,"JPM,100616,195"
2019-06-28 13:51:40.000000000,BEST_BID,"JPM,100412,195"
2019-06-28 13:51:40.000000000,BEST_ASK,"JPM,100616,195"
2019-06-28 13:51:40.000000000,BEST_BID,"JPM,100412,195"
2019-06-28 13:51:40.000000000,BEST_ASK,"JPM,100616,195"
2019-06-28 13:51:40.340033452,QUERY_ORDER_STREAM,72
2019-06-28 13:51:40.340033452,QUERY_SPREAD,72
2019-06-28 13:51:40.340033452,BEST_BID,"JPM,100412,195"
2019-06-28 13:51:40.340033452,BEST_ASK,"JPM,100616,195"
2019-06-28 13:51:41.017931068,QUERY_SPREAD,15
2019-06-28 13:51:41.017931068,BEST_BID,"JPM,100412,195"
2019-06-28 13:51:41.017931068,BEST_ASK,"JPM,100616,195"
2019-06-28 13:51:47.129718871,QUERY_SPREAD,7
2019-06-28 13:51:47.129718871,BEST_BID,"JPM,100412,195"
2019-06-28 13:51:47.129718871,BEST_ASK,"JPM,100520,100"
2019-06-28 13:51:50.000000000,QUERY_SPREAD,1
2019-06-28 13:51:50.000000000,BEST_BID,"JPM,100412,380"
2019-06-28 13:51:50.000000000,BEST_ASK,"JPM,100520,100"
2019-06-28 13:51:50.000000000,BEST_BID,"JPM,100412,380"
2019-06-28 13:51:50.000000000,BEST_ASK,"JPM,100520,380"
2019-06-28 13:52:00.000000000,QUERY_SPREAD,1
2019-06-28 13:52:00.000000000,BEST_BID,"JPM,100412,380"
2019-06-28 13:52:00.000000000,BEST_ASK,"JPM,100520,100"
2019-06-28 13:52:00.000000000,BEST_BID,"JPM,100412,380"
2019-06-28 13:52:00.000000000,BEST_ASK,"JPM,100520,380"
2019-06-28 13:52:00.000000000,QUERY_SPREAD,77
2019-06-28 13:52:00.000000000,BEST_BID,"JPM,100412,380"
2019-06-28 13:52:00.000000000,BEST_ASK,"JPM,100520,379"
2019-06-28 13:52:00.000000000,LAST_TRADE,"1,$100520.0000"
2019-06-28 13:52:00.000000000,QUERY_SPREAD,78
2019-06-28 13:52:00.000000000,BEST_BID,"JPM,100412,380"
2019-06-28 13:52:00.000000000,BEST_ASK,"JPM,100520,375"
2019-06-28 13:52:00.000000000,LAST_TRADE,"4,$100520.0000"
2019-06-28 13:52:00.000000000,QUERY_SPREAD,79
2019-06-28 13:52:00.000000000,BEST_BID,"JPM,100412,380"
2019-06-28 13:52:00.000000000,BEST_ASK,"JPM,100520,369"
2019-06-28 13:52:00.000000000,LAST_TRADE,"6,$100520.0000"
2019-06-28 13:52:00.000000000,QUERY_SPREAD,80
2019-06-28 13:52:00.000000000,BEST_BID,"JPM,100412,380"
2019-06-28 13:52:00.000000000,BEST_ASK,"JPM,100520,364"
2019-06-28 13:52:00.000000000,LAST_TRADE,"5,$100520.0000"
2019-06-28 13:52:00.000000000,QUERY_SPREAD,81
2019-06-28 13:52:00.000000000,BEST_BID,"JPM,100412,380"
2019-06-28 13:52:00.000000000,BEST_ASK,"JPM,100520,356"
2019-06-28 13:52:00.000000000,LAST_TRADE,"8,$100520.0000"
2019-06-28 13:52:00.000000000,QUERY_SPREAD,82
2019-06-28 13:52:00.000000000,BEST_BID,"JPM,100412,380"
2019-06-28 13:52:00.000000000,BEST_ASK,"JPM,100520,348"
2019-06-28 13:52:00.000000000,LAST_TRADE,"8,$100520.0000"
2019-06-28 13:52:00.000000000,QUERY_SPREAD,83
2019-06-28 13:52:00.000000000,BEST_BID,"JPM,100412,380"
2019-06-28 13:52:00.000000000,BEST_ASK,"JPM,100520,346"
2019-06-28 13:52:00.000000000,LAST_TRADE,"2,$100520.0000"
2019-06-28 13:52:00.000000000,QUERY_SPREAD,84
2019-06-28 13:52:00.000000000,BEST_BID,"JPM,100412,380"
2019-06-28 13:52:00.000000000,BEST_ASK,"JPM,100520,345"
2019-06-28 13:52:00.000000000,LAST_TRADE,"1,$100520.0000"
2019-06-28 13:52:00.000000000,QUERY_SPREAD,85
2019-06-28 13:52:00.000000000,BEST_BID,"JPM,100412,380"
2019-06-28 13:52:00.000000000,BEST_ASK,"JPM,100520,344"
2019-06-28 13:52:00.000000000,LAST_TRADE,"1,$100520.0000"
2019-06-28 13:52:00.000000000,QUERY_SPREAD,86
2019-06-28 13:52:00.000000000,BEST_BID,"JPM,100412,380"
2019-06-28 13:52:00.000000000,BEST_ASK,"JPM,100520,338"
2019-06-28 13:52:00.000000000,LAST_TRADE,"6,$100520.0000"
2019-06-28 13:52:00.000000000,QUERY_SPREAD,87
2019-06-28 13:52:00.000000000,BEST_BID,"JPM,100412,380"
2019-06-28 13:52:00.000000000,BEST_ASK,"JPM,100520,335"
2019-06-28 13:52:00.000000000,LAST_TRADE,"3,$100520.0000"
2019-06-28 13:52:00.000000000,QUERY_SPREAD,88
2019-06-28 13:52:00.000000000,BEST_BID,"JPM,100412,380"
2019-06-28 13:52:00.000000000,BEST_ASK,"JPM,100520,331"
2019-06-28 13:52:00.000000000,LAST_TRADE,"4,$100520.0000"
2019-06-28 13:52:00.000000000,QUERY_SPREAD,89
2019-06-28 13:52:00.000000000,BEST_BID,"JPM,100412,380"
2019-06-28 13:52:00.000000000,BEST_ASK,"JPM,100520,327"
2019-06-28 13:52:00.000000000,LAST_TRADE,"4,$100520.0000"
2019-06-28 13:52:00.000000000,QUERY_SPREAD,90
2019-06-28 13:52:00.000000000,BEST_BID,"JPM,100412,380"
2019-06-28 13:52:00.000000000,BEST_ASK,"JPM,100520,320"
2019-06-28 13:52:00.000000000,LAST_TRADE,"7,$100520.0000"
2019-06-28 13:52:00.000000000,QUERY_SPREAD,91
2019-06-28 13:52:00.000000000,BEST_BID,"JPM,100412,380"
2019-06-28 13:52:00.000000000,BEST_ASK,"JPM,100520,312"
2019-06-28 13:52:00.000000000,LAST_TRADE,"8,$100520.0000"
2019-06-28 13:52:00.000000000,QUERY_SPREAD,92
2019-06-28 13:52:00.000000000,BEST_BID,"JPM,100412,380"
2019-06-28 13:52:00.000000000,BEST_ASK,"JPM,100520,307"
2019-06-28 13:52:00.000000000,LAST_TRADE,"5,$100520.0000"
2019-06-28 13:52:00.000000000,QUERY_SPREAD,93
2019-06-28 13:52:00.000000000,BEST_BID,"JPM,100412,380"
2019-06-28 13:52:00.000000000,BEST_ASK,"JPM,100520,304"
2019-06-28 13:52:00.000000000,LAST_TRADE,"3,$100520.0000"
2019-06-28 13:52:00.000000000,QUERY_SPREAD,94
2019-06-28 13:52:00.000000000,BEST_BID,"JPM,100412,380"
2019-06-28 13:52:00.000000000,BEST_ASK,"JPM,100520,300"
2019-06-28 13:52:00.000000000,LAST_TRADE,"4,$100520.0000"
2019-06-28 13:52:00.000000000,QUERY_SPREAD,95
2019-06-28 13:52:00.000000000,BEST_BID,"JPM,100412,380"
2019-06-28 13:52:00.000000000,BEST_ASK,"JPM,100520,295"
2019-06-28 13:52:00.000000000,LAST_TRADE,"5,$100520.0000"
2019-06-28 13:52:00.000000000,QUERY_SPREAD,96
2019-06-28 13:52:00.000000000,BEST_BID,"JPM,100412,380"
2019-06-28 13:52:00.000000000,BEST_ASK,"JPM,100520,294"
2019-06-28 13:52:00.000000000,LAST_TRADE,"1,$100520.0000"
2019-06-28 13:52:00.000000000,QUERY_SPREAD,97
2019-06-28 13:52:00.000000000,BEST_BID,"JPM,100412,380"
2019-06-28 13:52:00.000000000,BEST_ASK,"JPM,100520,287"
2019-06-28 13:52:00.000000000,LAST_TRADE,"7,$100520.0000"
2019-06-28 13:52:00.000000000,QUERY_SPREAD,98
2019-06-28 13:52:00.000000000,BEST_BID,"JPM,100412,380"
2019-06-28 13:52:00.000000000,BEST_ASK,"JPM,100520,281"
2019-06-28 13:52:00.000000000,LAST_TRADE,"6,$100520.0000"
2019-06-28 13:52:00.000000000,QUERY_SPREAD,99
2019-06-28 13:52:00.000000000,BEST_BID,"JPM,100412,380"
2019-06-28 13:52:00.000000000,BEST_ASK,"JPM,100520,276"
2019-06-28 13:52:00.000000000,LAST_TRADE,"5,$100520.0000"
2019-06-28 13:52:00.000000000,QUERY_SPREAD,100
2019-06-28 13:52:00.000000000,BEST_BID,"JPM,100412,380"
2019-06-28 13:52:00.000000000,BEST_ASK,"JPM,100520,269"
2019-06-28 13:52:00.000000000,LAST_TRADE,"7,$100520.0000"
2019-06-28 13:52:00.000000000,QUERY_SPREAD,101
2019-06-28 13:52:00.000000000,QUERY_ORDER_STREAM,101
2019-06-28 13:52:10.000000000,QUERY_SPREAD,1
2019-06-28 13:52:10.000000000,BEST_BID,"JPM,100412,380"
2019-06-28 13:52:10.000000000,BEST_ASK,"JPM,100616,100"
2019-06-28 13:52:10.000000000,BEST_BID,"JPM,100412,380"
2019-06-28 13:52:10.000000000,BEST_ASK,"JPM,100616,380"
2019-06-28 13:52:16.463992990,QUERY_SPREAD,40
2019-06-28 13:52:16.463992990,BEST_BID,"JPM,100412,380"
2019-06-28 13:52:16.463992990,BEST_ASK,"JPM,100611,100"
2019-06-28 13:52:20.000000000,QUERY_SPREAD,1
2019-06-28 13:52:20.000000000,BEST_BID,"JPM,100412,380"
2019-06-28 13:52:20.000000000,BEST_ASK,"JPM,100611,100"
2019-06-28 13:52:20.000000000,BEST_BID,"JPM,100412,380"
2019-06-28 13:52:20.000000000,BEST_ASK,"JPM,100611,380"
2019-06-28 13:52:30.000000000,QUERY_SPREAD,1
2019-06-28 13:52:30.000000000,BEST_BID,"JPM,100412,380"
2019-06-28 13:52:30.000000000,BEST_ASK,"JPM,100611,100"
2019-06-28 13:52:30.000000000,BEST_BID,"JPM,100412,380"
2019-06-28 13:52:30.000000000,BEST_ASK,"JPM,100611,380"
2019-06-28 13:52:34.756830409,QUERY_ORDER_STREAM,74
2019-06-28 13:52:34.756830409,QUERY_SPREAD,74
2019-06-28 13:52:34.756830409,BEST_BID,"JPM,100520,100"
2019-06-28 13:52:34.756830409,BEST_ASK,"JPM,100611,380"
2019-06-28 13:52:40.000000000,QUERY_SPREAD,1
2019-06-28 13:52:40.000000000,BEST_BID,"JPM,100520,195"
2019-06-28 13:52:40.000000000,BEST_ASK,"JPM,100611,100"
2019-06-28 13:52:40.000000000,BEST_BID,"JPM,100520,195"
2019-06-28 13:52:40.000000000,BEST_ASK,"JPM,100611,100"
2019-06-28 13:52:40.000000000,BEST_BID,"JPM,100520,195"
2019-06-28 13:52:40.000000000,BEST_ASK,"JPM,100611,100"
2019-06-28 13:52:40.000000000,BEST_BID,"JPM,100520,195"
2019-06-28 13:52:40.000000000,BEST_ASK,"JPM,100611,195"
2019-06-28 13:52:40.000000000,BEST_BID,"JPM,100520,195"
2019-06-28 13:52:40.000000000,BEST_ASK,"JPM,100611,195"
2019-06-28 13:52:40.000000000,BEST_BID,"JPM,100520,195"
2019-06-28 13:52:40.000000000,BEST_ASK,"JPM,100611,195"
2019-06-28 13:52:43.835943518,QUERY_SPREAD,30
2019-06-28 13:52:43.835943518,BEST_BID,"JPM,100520,195"
2019-06-28 13:52:43.835943518,BEST_ASK,"JPM,100611,195"
2019-06-28 13:52:50.000000000,QUERY_SPREAD,1
2019-06-28 13:52:50.000000000,BEST_BID,"JPM,100520,170"
2019-06-28 13:52:50.000000000,BEST_ASK,"JPM,100611,100"
2019-06-28 13:52:50.000000000,BEST_BID,"JPM,100520,170"
2019-06-28 13:52:50.000000000,BEST_ASK,"JPM,100611,100"
2019-06-28 13:52:50.000000000,BEST_BID,"JPM,100520,170"
2019-06-28 13:52:50.000000000,BEST_ASK,"JPM,100611,100"
2019-06-28 13:52:50.000000000,BEST_BID,"JPM,100520,170"
2019-06-28 13:52:50.000000000,BEST_ASK,"JPM,100611,100"
2019-06-28 13:52:50.000000000,BEST_BID,"JPM,100520,170"
2019-06-28 13:52:50.000000000,BEST_ASK,"JPM,100611,170"
2019-06-28 13:52:50.000000000,BEST_BID,"JPM,100520,170"
2019-06-28 13:52:50.000000000,BEST_ASK,"JPM,100611,170"
2019-06-28 13:52:50.000000000,BEST_BID,"JPM,100520,170"
2019-06-28 13:52:50.000000000,BEST_ASK,"JPM,100611,170"
2019-06-28 13:52:50.000000000,BEST_BID,"JPM,100520,170"
2019-06-28 13:52:50.000000000,BEST_ASK,"JPM,100611,170"
2019-06-28 13:53:00.000000000,QUERY_SPREAD,1
2019-06-28 13:53:00.000000000,BEST_BID,"JPM,100520,156"
2019-06-28 13:53:00.000000000,BEST_ASK,"JPM,100611,100"
2019-06-28 13:53:00.000000000,BEST_BID,"JPM,100520,156"
2019-06-28 13:53:00.000000000,BEST_ASK,"JPM,100611,100"
2019-06-28 13:53:00.000000000,BEST_BID,"JPM,100520,156"
2019-06-28 13:53:00.000000000,BEST_ASK,"JPM,100611,100"
2019-06-28 13:53:00.000000000,BEST_BID,"JPM,100520,156"
2019-06-28 13:53:00.000000000,BEST_ASK,"JPM,100611,100"
2019-06-28 13:53:00.000000000,BEST_BID,"JPM,100520,156"
2019-06-28 13:53:00.000000000,BEST_ASK,"JPM,100611,100"
2019-06-28 13:53:00.000000000,BEST_BID,"JPM,100520,156"
2019-06-28 13:53:00.000000000,BEST_ASK,"JPM,100611,156"
2019-06-28 13:53:00.000000000,BEST_BID,"JPM,100520,156"
2019-06-28 13:53:00.000000000,BEST_ASK,"JPM,100611,156"
2019-06-28 13:53:00.000000000,BEST_BID,"JPM,100520,156"
2019-06-28 13:53:00.000000000,BEST_ASK,"JPM,100611,156"
2019-06-28 13:53:00.000000000,BEST_BID,"JPM,100520,156"
2019-06-28 13:53:00.000000000,BEST_ASK,"JPM,100611,156"
2019-06-28 13:53:00.000000000,BEST_BID,"JPM,100520,156"
2019-06-28 13:53:00.000000000,BEST_ASK,"JPM,100611,156"
2019-06-28 13:53:00.000000000,QUERY_SPREAD,77
2019-06-28 13:53:00.000000000,BEST_BID,"JPM,100520,156"
2019-06-28 13:53:00.000000000,BEST_ASK,"JPM,100611,155"
2019-06-28 13:53:00.000000000,LAST_TRADE,"1,$100611.0000"
2019-06-28 13:53:00.000000000,QUERY_SPREAD,78
2019-06-28 13:53:00.000000000,BEST_BID,"JPM,100520,156"
2019-06-28 13:53:00.000000000,BEST_ASK,"JPM,100611,151"
2019-06-28 13:53:00.000000000,LAST_TRADE,"4,$100611.0000"
2019-06-28 13:53:00.000000000,QUERY_SPREAD,79
2019-06-28 13:53:00.000000000,BEST_BID,"JPM,100520,156"
2019-06-28 13:53:00.000000000,BEST_ASK,"JPM,100611,145"
2019-06-28 13:53:00.000000000,LAST_TRADE,"6,$100611.0000"
2019-06-28 13:53:00.000000000,QUERY_SPREAD,80
2019-06-28 13:53:00.000000000,BEST_BID,"JPM,100520,156"
2019-06-28 13:53:00.000000000,BEST_ASK,"JPM,100611,140"
2019-06-28 13:53:00.000000000,LAST_TRADE,"5,$100611.0000"
2019-06-28 13:53:00.000000000,QUERY_SPREAD,81
2019-06-28 13:53:00.000000000,BEST_BID,"JPM,100520,156"
2019-06-28 13:53:00.000000000,BEST_ASK,"JPM,100611,132"
2019-06-28 13:53:00.000000000,LAST_TRADE,"8,$100611.0000"
2019-06-28 13:53:00.000000000,QUERY_SPREAD,82
2019-06-28 13:53:00.000000000,BEST_BID,"JPM,100520,156"
2019-06-28 13:53:00.000000000,BEST_ASK,"JPM,100611,124"
2019-06-28 13:53:00.000000000,LAST_TRADE,"8,$100611.0000"
2019-06-28 13:53:00.000000000,QUERY_SPREAD,83
2019-06-28 13:53:00.000000000,BEST_BID,"JPM,100520,156"
2019-06-28 13:53:00.000000000,BEST_ASK,"JPM,100611,122"
2019-06-28 13:53:00.000000000,LAST_TRADE,"2,$100611.0000"
2019-06-28 13:53:00.000000000,QUERY_SPREAD,84
2019-06-28 13:53:00.000000000,BEST_BID,"JPM,100520,156"
2019-06-28 13:53:00.000000000,BEST_ASK,"JPM,100611,121"
2019-06-28 13:53:00.000000000,LAST_TRADE,"1,$100611.0000"
2019-06-28 13:53:00.000000000,QUERY_SPREAD,85
2019-06-28 13:53:00.000000000,BEST_BID,"JPM,100520,156"
2019-06-28 13:53:00.000000000,BEST_ASK,"JPM,100611,120"
2019-06-28 13:53:00.000000000,LAST_TRADE,"1,$100611.0000"
2019-06-28 13:53:00.000000000,QUERY_SPREAD,86
2019-06-28 13:53:00.000000000,BEST_BID,"JPM,100520,156"
2019-06-28 13:53:00.000000000,BEST_ASK,"JPM,100611,114"
2019-06-28 13:53:00.000000000,LAST_TRADE,"6,$100611.0000"
2019-06-28 13:53:00.000000000,QUERY_SPREAD,87
2019-06-28 13:53:00.000000000,BEST_BID,"JPM,100520,156"
2019-06-28 13:53:00.000000000,BEST_ASK,"JPM,100611,111"
2019-06-28 13:53:00.000000000,LAST_TRADE,"3,$100611.0000"
2019-06-28 13:53:00.000000000,QUERY_SPREAD,88
2019-06-28 13:53:00.000000000,BEST_BID,"JPM,100520,156"
2019-06-28 13:53:00.000000000,BEST_ASK,"JPM,100611,107"
2019-06-28 13:53:00.000000000,LAST_TRADE,"4,$100611.0000"
2019-06-28 13:53:00.000000000,QUERY_SPREAD,89
2019-06-28 13:53:00.000000000,BEST_BID,"JPM,100520,156"
2019-06-28 13:53:00.000000000,BEST_ASK,"JPM,100611,103"
2019-06-28 13:53:00.000000000,LAST_TRADE,"4,$100611.0000"
2019-06-28 13:53:00.000000000,QUERY_SPREAD,90
2019-06-28 13:53:00.000000000,BEST_BID,"JPM,100520,156"
2019-06-28 13:53:00.000000000,BEST_ASK,"JPM,100611,96"
2019-06-28 13:53:00.000000000,LAST_TRADE,"7,$100611.0000"
2019-06-28 13:53:00.000000000,QUERY_SPREAD,91
2019-06-28 13:53:00.000000000,BEST_BID,"JPM,100520,156"
2019-06-28 13:53:00.000000000,BEST_ASK,"JPM,100611,88"
2019-06-28 13:53:00.000000000,LAST_TRADE,"8,$100611.0000"
2019-06-28 13:53:00.000000000,QUERY_SPREAD,92
2019-06-28 13:53:00.000000000,BEST_BID,"JPM,100520,156"
2019-06-28 13:53:00.000000000,BEST_ASK,"JPM,100611,83"
2019-06-28 13:53:00.000000000,LAST_TRADE,"5,$100611.0000"
2019-06-28 13:53:00.000000000,QUERY_SPREAD,93
2019-06-28 13:53:00.000000000,BEST_BID,"JPM,100520,156"
2019-06-28 13:53:00.000000000,BEST_ASK,"JPM,100611,80"
2019-06-28 13:53:00.000000000,LAST_TRADE,"3,$100611.0000"
2019-06-28 13:53:00.000000000,QUERY_SPREAD,94
2019-06-28 13:53:00.000000000,BEST_BID,"JPM,100520,156"
2019-06-28 13:53:00.000000000,BEST_ASK,"JPM,100611,76"
2019-06-28 13:53:00.000000000,LAST_TRADE,"4,$100611.0000"
2019-06-28 13:53:00.000000000,QUERY_SPREAD,95
2019-06-28 13:53:00.000000000,BEST_BID,"JPM,100520,156"
2019-06-28 13:53:00.000000000,BEST_ASK,"JPM,100611,71"
2019-06-28 13:53:00.000000000,LAST_TRADE,"5,$100611.0000"
2019-06-28 13:53:00.000000000,QUERY_SPREAD,96
2019-06-28 13:53:00.000000000,BEST_BID,"JPM,100520,156"
2019-06-28 13:53:00.000000000,BEST_ASK,"JPM,100611,70"
2019-06-28 13:53:00.000000000,LAST_TRADE,"1,$100611.0000"
2019-06-28 13:53:00.000000000,QUERY_SPREAD,97
2019-06-28 13:53:00.000000000,BEST_BID,"JPM,100520,156"
2019-06-28 13:53:00.000000000,BEST_ASK,"JPM,100611,63"
2019-06-28 13:53:00.000000000,LAST_TRADE,"7,$100611.0000"
2019-06-28 13:53:00.000000000,QUERY_SPREAD,98
2019-06-28 13:53:00.000000000,BEST_BID,"JPM,100520,156"
2019-06-28 13:53:00.000000000,BEST_ASK,"JPM,100611,57"
2019-06-28 13:53:00.000000000,LAST_TRADE,"6,$100611.0000"
2019-06-28 13:53:00.000000000,QUERY_SPREAD,99
2019-06-28 13:53:00.000000000,BEST_BID,"JPM,100520,156"
2019-06-28 13:53:00.000000000,BEST_ASK,"JPM,100611,52"
2019-06-28 13:53:00.000000000,LAST_TRADE,"5,$100611.0000"
2019-06-28 13:53:00.000000000,QUERY_SPREAD,100
2019-06-28 13:53:00.000000000,BEST_BID,"JPM,100520,156"
2019-06-28 13:53:00.000000000,BEST_ASK,"JPM,100611,45"
2019-06-28 13:53:00.000000000,LAST_TRADE,"7,$100611.0000"
2019-06-28 13:53:00.000000000,QUERY_SPREAD,101
2019-06-28 13:53:00.000000000,QUERY_ORDER_STREAM,101
2019-06-28 13:53:09.963742434,QUERY_SPREAD,3
2019-06-28 13:53:09.963742434,BEST_BID,"JPM,100520,156"
2019-06-28 13:53:09.963742434,BEST_ASK,"JPM,100611,45"
2019-06-28 13:53:10.000000000,QUERY_SPREAD,1
2019-06-28 13:53:10.000000000,BEST_BID,"JPM,100520,156"
2019-06-28 13:53:10.000000000,BEST_ASK,"JPM,100616,100"
2019-06-28 13:53:10.000000000,BEST_BID,"JPM,100520,156"
2019-06-28 13:53:10.000000000,BEST_ASK,"JPM,100616,100"
2019-06-28 13:53:10.000000000,BEST_BID,"JPM,100520,156"
2019-06-28 13:53:10.000000000,BEST_ASK,"JPM,100616,100"
2019-06-28 13:53:10.000000000,BEST_BID,"JPM,100520,156"
2019-06-28 13:53:10.000000000,BEST_ASK,"JPM,100616,100"
2019-06-28 13:53:10.000000000,BEST_BID,"JPM,100520,156"
2019-06-28 13:53:10.000000000,BEST_ASK,"JPM,100616,100"
2019-06-28 13:53:10.000000000,BEST_BID,"JPM,100520,156"
2019-06-28 13:53:10.000000000,BEST_ASK,"JPM,100616,156"
2019-06-28 13:53:10.000000000,BEST_BID,"JPM,100520,156"
2019-06-28 13:53:10.000000000,BEST_ASK,"JPM,100616,156"
2019-06-28 13:53:10.000000000,BEST_BID,"JPM,100520,156"
2019-06-28 13:53:10.000000000,BEST_ASK,"JPM,100616,156"
2019-06-28 13:53:10.000000000,BEST_BID,"JPM,100520,156"
2019-06-28 13:53:10.000000000,BEST_ASK,"JPM,100616,156"
2019-06-28 13:53:10.000000000,BEST_BID,"JPM,100520,156"
2019-06-28 13:53:10.000000000,BEST_ASK,"JPM,100616,156"
2019-06-28 13:53:20.000000000,QUERY_SPREAD,1
2019-06-28 13:53:20.000000000,BEST_BID,"JPM,100520,240"
2019-06-28 13:53:20.000000000,BEST_ASK,"JPM,100616,100"
2019-06-28 13:53:20.000000000,BEST_BID,"JPM,100520,240"
2019-06-28 13:53:20.000000000,BEST_ASK,"JPM,100616,100"
2019-06-28 13:53:20.000000000,BEST_BID,"JPM,100520,240"
2019-06-28 13:53:20.000000000,BEST_ASK,"JPM,100616,240"
2019-06-28 13:53:20.000000000,BEST_BID,"JPM,100520,240"
2019-06-28 13:53:20.000000000,BEST_ASK,"JPM,100616,240"
2019-06-28 13:53:22.150888603,QUERY_ORDER_STREAM,69
2019-06-28 13:53:22.150888603,QUERY_SPREAD,69
2019-06-28 13:53:30.000000000,QUERY_SPREAD,1
2019-06-28 13:53:30.000000000,BEST_BID,"JPM,100520,170"
2019-06-28 13:53:30.000000000,BEST_ASK,"JPM,100616,100"
2019-06-28 13:53:30.000000000,BEST_BID,"JPM,100520,170"
2019-06-28 13:53:30.000000000,BEST_ASK,"JPM,100616,100"
2019-06-28 13:53:30.000000000,BEST_BID,"JPM,100520,170"
2019-06-28 13:53:30.000000000,BEST_ASK,"JPM,100616,100"
2019-06-28 13:53:30.000000000,BEST_BID,"JPM,100520,170"
2019-06-28 13:53:30.000000000,BEST_ASK,"JPM,100616,100"
2019-06-28 13:53:30.000000000,BEST_BID,"JPM,100520,170"
2019-06-28 13:53:30.000000000,BEST_ASK,"JPM,100616,170"
2019-06-28 13:53:30.000000000,BEST_BID,"JPM,100520,170"
2019-06-28 13:53:30.000000000,BEST_ASK,"JPM,100616,170"
2019-06-28 13:53:30.000000000,BEST_BID,"JPM,100520,170"
2019-06-28 13:53:30.000000000,BEST_ASK,"JPM,100616,170"
2019-06-28 13:53:30.000000000,BEST_BID,"JPM,100520,170"
2019-06-28 13:53:30.000000000,BEST_ASK,"JPM,100616,170"
2019-06-28 13:53:30.481223037,QUERY_SPREAD,7
2019-06-28 13:53:30.481223037,BEST_BID,"JPM,100520,170"
2019-06-28 13:53:30.481223037,BEST_ASK,"JPM,100616,70"
2019-06-28 13:53:30.481223037,LAST_TRADE,"100,$100616.0000"
2019-06-28 13:53:40.000000000,QUERY_SPREAD,1
2019-06-28 13:53:40.000000000,BEST_BID,"JPM,100520,195"
2019-06-28 13:53:40.000000000,BEST_ASK,"JPM,100660,100"
2019-06-28 13:53:40.000000000,BEST_BID,"JPM,100520,195"
2019-06-28 13:53:40.000000000,BEST_ASK,"JPM,100660,100"
2019-06-28 13:53:40.000000000,BEST_BID,"JPM,100520,195"
2019-06-28 13:53:40.000000000,BEST_ASK,"JPM,100660,100"
2019-06-28 13:53:40.000000000,BEST_BID,"JPM,100520,195"
2019-06-28 13:53:40.000000000,BEST_ASK,"JPM,100660,195"
2019-06-28 13:53:40.000000000,BEST_BID,"JPM,100520,195"
2019-06-28 13:53:40.000000000,BEST_ASK,"JPM,100660,195"
2019-06-28 13:53:40.000000000,BEST_BID,"JPM,100520,195"
2019-06-28 13:53:40.000000000,BEST_ASK,"JPM,100660,195"
2019-06-28 13:53:41.812723163,QUERY_SPREAD,32
2019-06-28 13:53:41.812723163,BEST_BID,"JPM,100520,195"
2019-06-28 13:53:41.812723163,BEST_ASK,"JPM,100660,195"
2019-06-28 13:53:46.800839190,QUERY_SPREAD,49
2019-06-28 13:53:46.800839190,BEST_BID,"JPM,100520,195"
2019-06-28 13:53:46.800839190,BEST_ASK,"JPM,100660,95"
2019-06-28 13:53:46.800839190,LAST_TRADE,"100,$100660.0000"
2019-06-28 13:53:50.000000000,QUERY_SPREAD,1
2019-06-28 13:53:50.000000000,BEST_BID,"JPM,100520,380"
2019-06-28 13:53:50.000000000,BEST_ASK,"JPM,100745,100"
2019-06-28 13:53:50.000000000,BEST_BID,"JPM,100520,380"
2019-06-28 13:53:50.000000000,BEST_ASK,"JPM,100745,380"
2019-06-28 13:54:00.000000000,QUERY_SPREAD,1
2019-06-28 13:54:00.000000000,BEST_BID,"JPM,100520,170"
2019-06-28 13:54:00.000000000,BEST_ASK,"JPM,100745,100"
2019-06-28 13:54:00.000000000,BEST_BID,"JPM,100520,170"
2019-06-28 13:54:00.000000000,BEST_ASK,"JPM,100745,100"
2019-06-28 13:54:00.000000000,BEST_BID,"JPM,100520,170"
2019-06-28 13:54:00.000000000,BEST_ASK,"JPM,100745,100"
2019-06-28 13:54:00.000000000,BEST_BID,"JPM,100520,170"
2019-06-28 13:54:00.000000000,BEST_ASK,"JPM,100745,100"
2019-06-28 13:54:00.000000000,BEST_BID,"JPM,100520,170"
2019-06-28 13:54:00.000000000,BEST_ASK,"JPM,100745,170"
2019-06-28 13:54:00.000000000,BEST_BID,"JPM,100520,170"
2019-06-28 13:54:00.000000000,BEST_ASK,"JPM,100745,170"
2019-06-28 13:54:00.000000000,BEST_BID,"JPM,100520,170"
2019-06-28 13:54:00.000000000,BEST_ASK,"JPM,100745,170"
2019-06-28 13:54:00.000000000,BEST_BID,"JPM,100520,170"
2019-06-28 13:54:00.000000000,BEST_ASK,"JPM,100745,170"
2019-06-28 13:54:00.000000000,QUERY_SPREAD,77
2019-06-28 13:54:00.000000000,BEST_BID,"JPM,100520,170"
2019-06-28 13:54:00.000000000,BEST_ASK,"JPM,100745,169"
2019-06-28 13:54:00.000000000,LAST_TRADE,"1,$100745.0000"
2019-06-28 13:54:00.000000000,QUERY_SPREAD,78
2019-06-28 13:54:00.000000000,BEST_BID,"JPM,100520,170"
2019-06-28 13:54:00.000000000,BEST_ASK,"JPM,100745,165"
2019-06-28 13:54:00.000000000,LAST_TRADE,"4,$100745.0000"
2019-06-28 13:54:00.000000000,QUERY_SPREAD,79
2019-06-28 13:54:00.000000000,BEST_BID,"JPM,100520,170"
2019-06-28 13:54:00.000000000,BEST_ASK,"JPM,100745,159"
2019-06-28 13:54:00.000000000,LAST_TRADE,"6,$100745.0000"
2019-06-28 13:54:00.000000000,QUERY_SPREAD,80
2019-06-28 13:54:00.000000000,BEST_BID,"JPM,100520,170"
2019-06-28 13:54:00.000000000,BEST_ASK,"JPM,100745,154"
2019-06-28 13:54:00.000000000,LAST_TRADE,"5,$100745.0000"
2019-06-28 13:54:00.000000000,QUERY_SPREAD,81
2019-06-28 13:54:00.000000000,BEST_BID,"JPM,100520,170"
2019-06-28 13:54:00.000000000,BEST_ASK,"JPM,100745,146"
2019-06-28 13:54:00.000000000,LAST_TRADE,"8,$100745.0000"
2019-06-28 13:54:00.000000000,QUERY_SPREAD,82
2019-06-28 13:54:00.000000000,BEST_BID,"JPM,100520,170"
2019-06-28 13:54:00.000000000,BEST_ASK,"JPM,100745,138"
2019-06-28 13:54:00.000000000,LAST_TRADE,"8,$100745.0000"
2019-06-28 13:54:00.000000000,QUERY_SPREAD,83
2019-06-28 13:54:00.000000000,BEST_BID,"JPM,100520,170"
2019-06-28 13:54:00.000000000,BEST_ASK,"JPM,100745,136"
2019-06-28 13:54:00.000000000,LAST_TRADE,"2,$100745.0000"
2019-06-28 13:54:00.000000000,QUERY_SPREAD,84
2019-06-28 13:54:00.000000000,BEST_BID,"JPM,100520,170"
2019-06-28 13:54:00.000000000,BEST_ASK,"JPM,100745,135"
2019-06-28 13:54:00.000000000,LAST_TRADE,"1,$100745.0000"
2019-06-28 13:54:00.000000000,QUERY_SPREAD,85
2019-06-28 13:54:00.000000000,BEST_BID,"JPM,100520,170"
2019-06-28 13:54:00.000000000,BEST_ASK,"JPM,100745,134"
2019-06-28 13:54:00.000000000,LAST_TRADE,"1,$100745.0000"
2019-06-28 13:54:00.000000000,QUERY_SPREAD,86
2019-06-28 13:54:00.000000000,BEST_BID,"JPM,100520,170"
2019-06-28 13:54:00.000000000,BEST_ASK,"JPM,100745,128"
2019-06-28 13:54:00.000000000,LAST_TRADE,"6,$100745.0000"
2019-06-28 13:54:00.000000000,QUERY_SPREAD,87
2019-06-28 13:54:00.000000000,BEST_BID,"JPM,100520,170"
2019-06-28 13:54:00.000000000,BEST_ASK,"JPM,100745,125"
2019-06-28 13:54:00.000000000,LAST_TRADE,"3,$100745.0000"
2019-06-28 13:54:00.000000000,QUERY_SPREAD,88
2019-06-28 13:54:00.000000000,BEST_BID,"JPM,100520,170"
2019-06-28 13:54:00.000000000,BEST_ASK,"JPM,100745,121"
2019-06-28 13:54:00.000000000,LAST_TRADE,"4,$100745.0000"
2019-06-28 13:54:00.000000000,QUERY_SPREAD,89
2019-06-28 13:54:00.000000000,BEST_BID,"JPM,100520,170"
2019-06-28 13:54:00.000000000,BEST_ASK,"JPM,100745,117"
2019-06-28 13:54:00.000000000,LAST_TRADE,"4,$100745.0000"
2019-06-28 13:54:00.000000000,QUERY_SPREAD,90
2019-06-28 13:54:00.000000000,BEST_BID,"JPM,100520,170"
2019-06-28 13:54:00.000000000,BEST_ASK,"JPM,100745,110"
2019-06-28 13:54:00.000000000,LAST_TRADE,"7,$100745.0000"
2019-06-28 13:54:00.000000000,QUERY_SPREAD,91
2019-06-28 13:54:00.000000000,BEST_BID,"JPM,100520,170"
2019-06-28 13:54:00.000000000,BEST_ASK,"JPM,100745,102"
2019-06-28 13:54:00.000000000,LAST_TRADE,"8,$100745.0000"
2019-06-28 13:54:00.000000000,QUERY_SPREAD,92
2019-06-28 13:54:00.000000000,BEST_BID,"JPM,100520,170"
2019-06-28 13:54:00.000000000,BEST_ASK,"JPM,100745,97"
2019-06-28 13:54:00.000000000,LAST_TRADE,"5,$100745.0000"
2019-06-28 13:54:00.000000000,QUERY_SPREAD,93
2019-06-28 13:54:00.000000000,BEST_BID,"JPM,100520,170"
2019-06-28 13:54:00.000000000,BEST_ASK,"JPM,100745,94"
2019-06-28 13:54:00.000000000,LAST_TRADE,"3,$100745.0000"
2019-06-28 13:54:00.000000000,QUERY_SPREAD,94
2019-06-28 13:54:00.000000000,BEST_BID,"JPM,100520,170"
2019-06-28 13:54:00.000000000,BEST_ASK,"JPM,100745,90"
2019-06-28 13:54:00.000000000,LAST_TRADE,"4,$100745.0000"
2019-06-28 13:54:00.000000000,QUERY_SPREAD,95
2019-06-28 13:54:00.000000000,BEST_BID,"JPM,100520,170"
2019-06-28 13:54:00.000000000,BEST_ASK,"JPM,100745,85"
2019-06-28 13:54:00.000000000,LAST_TRADE,"5,$100745.0000"
2019-06-28 13:54:00.000000000,QUERY_SPREAD,96
2019-06-28 13:54:00.000000000,BEST_BID,"JPM,100520,170"
2019-06-28 13:54:00.000000000,BEST_ASK,"JPM,100745,84"
2019-06-28 13:54:00.000000000,LAST_TRADE,"1,$100745.0000"
2019-06-28 13:54:00.000000000,QUERY_SPREAD,97
2019-06-28 13:54:00.000000000,BEST_BID,"JPM,100520,170"
2019-06-28 13:54:00.000000000,BEST_ASK,"JPM,100745,77"
2019-06-28 13:54:00.000000000,LAST_TRADE,"7,$100745.0000"
2019-06-28 13:54:00.000000000,QUERY_SPREAD,98
2019-06-28 13:54:00.000000000,BEST_BID,"JPM,100520,170"
2019-06-28 13:54:00.000000000,BEST_ASK,"JPM,100745,71"
2019-06-28 13:54:00.000000000,LAST_TRADE,"6,$100745.0000"
2019-06-28 13:54:00.000000000,QUERY_SPREAD,99
2019-06-28 13:54:00.000000000,BEST_BID,"JPM,100520,170"
2019-06-28 13:54:00.000000000,BEST_ASK,"JPM,100745,66"
2019-06-28 13:54:00.000000000,LAST_TRADE,"5,$100745.0000"
2019-06-28 13:54:00.000000000,QUERY_SPREAD,100
2019-06-28 13:54:00.000000000,BEST_BID,"JPM,100520,170"
2019-06-28 13:54:00.000000000,BEST_ASK,"JPM,100745,59"
2019-06-28 13:54:00.000000000,LAST_TRADE,"7,$100745.0000"
2019-06-28 13:54:00.000000000,QUERY_SPREAD,101
2019-06-28 13:54:00.000000000,QUERY_ORDER_STREAM,101
2019-06-28 13:54:00.656255239,QUERY_SPREAD,38
2019-06-28 13:54:00.656255239,BEST_BID,"JPM,100745,41"
2019-06-28 13:54:00.656255239,BEST_ASK,"JPM,100788,170"
2019-06-28 13:54:00.656255239,LAST_TRADE,"59,$100745.0000"
2019-06-28 13:54:10.000000000,QUERY_SPREAD,1
2019-06-28 13:54:10.000000000,BEST_BID,"JPM,100745,181"
2019-06-28 13:54:10.000000000,BEST_ASK,"JPM,100788,100"
2019-06-28 13:54:10.000000000,BEST_BID,"JPM,100745,181"
2019-06-28 13:54:10.000000000,BEST_ASK,"JPM,100788,100"
2019-06-28 13:54:10.000000000,BEST_BID,"JPM,100745,181"
2019-06-28 13:54:10.000000000,BEST_ASK,"JPM,100788,240"
2019-06-28 13:54:10.000000000,BEST_BID,"JPM,100745,181"
2019-06-28 13:54:10.000000000,BEST_ASK,"JPM,100788,240"
2019-06-28 13:54:20.000000000,QUERY_SPREAD,1
2019-06-28 13:54:20.000000000,BEST_BID,"JPM,100745,181"
2019-06-28 13:54:20.000000000,BEST_ASK,"JPM,100788,100"
2019-06-28 13:54:20.000000000,BEST_BID,"JPM,100745,181"
2019-06-28 13:54:20.000000000,BEST_ASK,"JPM,100788,100"
2019-06-28 13:54:20.000000000,BEST_BID,"JPM,100745,181"
2019-06-28 13:54:20.000000000,BEST_ASK,"JPM,100788,240"
2019-06-28 13:54:20.000000000,BEST_BID,"JPM,100745,181"
2019-06-28 13:54:20.000000000,BEST_ASK,"JPM,100788,240"
2019-06-28 13:54:30.000000000,QUERY_SPREAD,1
2019-06-28 13:54:30.000000000,BEST_BID,"JPM,100745,181"
2019-06-28 13:54:30.000000000,BEST_ASK,"JPM,100788,100"
2019-06-28 13:54:30.000000000,BEST_BID,"JPM,100745,181"
2019-06-28 13:54:30.000000000,BEST_ASK,"JPM,100788,100"
2019-06-28 13:54:30.000000000,BEST_BID,"JPM,100745,181"
2019-06-28 13:54:30.000000000,BEST_ASK,"JPM,100788,240"
2019-06-28 13:54:30.000000000,BEST_BID,"JPM,100745,181"
2019-06-28 13:54:30.000000000,BEST_ASK,"JPM,100788,240"
2019-06-28 13:54:35.800619464,QUERY_SPREAD,27
2019-06-28 13:54:35.800619464,BEST_BID,"JPM,100745,181"
2019-06-28 13:54:35.800619464,BEST_ASK,"JPM,100788,240"
2019-06-28 13:54:40.000000000,QUERY_SPREAD,1
2019-06-28 13:54:40.000000000,BEST_BID,"JPM,100745,97"
2019-06-28 13:54:40.000000000,BEST_ASK,"JPM,100788,100"
2019-06-28 13:54:40.000000000,BEST_BID,"JPM,100745,97"
2019-06-28 13:54:40.000000000,BEST_ASK,"JPM,100788,100"
2019-06-28 13:54:40.000000000,BEST_BID,"JPM,100745,97"
2019-06-28 13:54:40.000000000,BEST_ASK,"JPM,100788,100"
2019-06-28 13:54:40.000000000,BEST_BID,"JPM,100745,97"
2019-06-28 13:54:40.000000000,BEST_ASK,"JPM,100788,100"
2019-06-28 13:54:40.000000000,BEST_BID,"JPM,100745,97"
2019-06-28 13:54:40.000000000,BEST_ASK,"JPM,100788,100"
2019-06-28 13:54:40.000000000,BEST_BID,"JPM,100745,97"
2019-06-28 13:54:40.000000000,BEST_ASK,"JPM,100788,156"
2019-06-28 13:54:40.000000000,BEST_BID,"JPM,100745,97"
2019-06-28 13:54:40.000000000,BEST_ASK,"JPM,100788,156"
2019-06-28 13:54:40.000000000,BEST_BID,"JPM,100745,97"
2019-06-28 13:54:40.000000000,BEST_ASK,"JPM,100788,156"
2019-06-28 13:54:40.000000000,BEST_BID,"JPM,100745,97"
2019-06-28 13:54:40.000000000,BEST_ASK,"JPM,100788,156"
2019-06-28 13:54:40.000000000,BEST_BID,"JPM,100745,97"
2019-06-28 13:54:40.000000000,BEST_ASK,"JPM,100788,156"
2019-06-28 13:54:50.000000000,QUERY_SPREAD,1
2019-06-28 13:54:50.000000000,BEST_BID,"JPM,100745,111"
2019-06-28 13:54:50.000000000,BEST_ASK,"JPM,100788,100"
2019-06-28 13:54:50.000000000,BEST_BID,"JPM,100745,111"
2019-06-28 13:54:50.000000000,BEST_ASK,"JPM,100788,100"
2019-06-28 13:54:50.000000000,BEST_BID,"JPM,100745,111"
2019-06-28 13:54:50.000000000,BEST_ASK,"JPM,100788,100"
2019-06-28 13:54:50.000000000,BEST_BID,"JPM,100745,111"
2019-06-28 13:54:50.000000000,BEST_ASK,"JPM,100788,100"
2019-06-28 13:54:50.000000000,BEST_BID,"JPM,100745,111"
2019-06-28 13:54:50.000000000,BEST_ASK,"JPM,100788,170"
2019-06-28 13:54:50.000000000,BEST_BID,"JPM,100745,111"
2019-06-28 13:54:50.000000000,BEST_ASK,"JPM,100788,170"
2019-06-28 13:54:50.000000000,BEST_BID,"JPM,100745,111"
2019-06-28 13:54:50.000000000,BEST_ASK,"JPM,100788,170"
2019-06-28 13:54:50.000000000,BEST_BID,"JPM,100745,111"
2019-06-28 13:54:50.000000000,BEST_ASK,"JPM,100788,170"
2019-06-28 13:54:58.022340563,QUERY_SPREAD,41
2019-06-28 13:54:58.022340563,BEST_BID,"JPM,100745,111"
2019-06-28 13:54:58.022340563,BEST_ASK,"JPM,100788,170"
2019-06-28 13:55:00.000000000,QUERY_SPREAD,1
2019-06-28 13:55:00.000000000,BEST_BID,"JPM,100745,111"
2019-06-28 13:55:00.000000000,BEST_ASK,"JPM,100788,100"
2019-06-28 13:55:00.000000000,BEST_BID,"JPM,100745,111"
2019-06-28 13:55:00.000000000,BEST_ASK,"JPM,100788,100"
2019-06-28 13:55:00.000000000,BEST_BID,"JPM,100745,111"
2019-06-28 13:55:00.000000000,BEST_ASK,"JPM,100788,100"
2019-06-28 13:55:00.000000000,BEST_BID,"JPM,100745,111"
2019-06-28 13:55:00.000000000,BEST_ASK,"JPM,100788,100"
2019-06-28 13:55:00.000000000,BEST_BID,"JPM,100745,111"
2019-06-28 13:55:00.000000000,BEST_ASK,"JPM,100788,170"
2019-06-28 13:55:00.000000000,BEST_BID,"JPM,100745,111"
2019-06-28 13:55:00.000000000,BEST_ASK,"JPM,100788,170"
2019-06-28 13:55:00.000000000,BEST_BID,"JPM,100745,111"
2019-06-28 13:55:00.000000000,BEST_ASK,"JPM,100788,170"
2019-06-28 13:55:00.000000000,BEST_BID,"JPM,100745,111"
2019-06-28 13:55:00.000000000,BEST_ASK,"JPM,100788,170"
2019-06-28 13:55:00.000000000,QUERY_SPREAD,77
2019-06-28 13:55:00.000000000,BEST_BID,"JPM,100745,111"
2019-06-28 13:55:00.000000000,BEST_ASK,"JPM,100788,169"
2019-06-28 13:55:00.000000000,LAST_TRADE,"1,$100788.0000"
2019-06-28 13:55:00.000000000,QUERY_SPREAD,78
2019-06-28 13:55:00.000000000,BEST_BID,"JPM,100745,111"
2019-06-28 13:55:00.000000000,BEST_ASK,"JPM,100788,165"
2019-06-28 13:55:00.000000000,LAST_TRADE,"4,$100788.0000"
2019-06-28 13:55:00.000000000,QUERY_SPREAD,79
2019-06-28 13:55:00.000000000,BEST_BID,"JPM,100745,111"
2019-06-28 13:55:00.000000000,BEST_ASK,"JPM,100788,159"
2019-06-28 13:55:00.000000000,LAST_TRADE,"6,$100788.0000"
2019-06-28 13:55:00.000000000,QUERY_SPREAD,80
2019-06-28 13:55:00.000000000,BEST_BID,"JPM,100745,111"
2019-06-28 13:55:00.000000000,BEST_ASK,"JPM,100788,154"
2019-06-28 13:55:00.000000000,LAST_TRADE,"5,$100788.0000"
2019-06-28 13:55:00.000000000,QUERY_SPREAD,81
2019-06-28 13:55:00.000000000,BEST_BID,"JPM,100745,111"
2019-06-28 13:55:00.000000000,BEST_ASK,"JPM,100788,146"
2019-06-28 13:55:00.000000000,LAST_TRADE,"8,$100788.0000"
2019-06-28 13:55:00.000000000,QUERY_SPREAD,82
2019-06-28 13:55:00.000000000,BEST_BID,"JPM,100745,111"
2019-06-28 13:55:00.000000000,BEST_ASK,"JPM,100788,138"
2019-06-28 13:55:00.000000000,LAST_TRADE,"8,$100788.0000"
2019-06-28 13:55:00.000000000,QUERY_SPREAD,83
2019-06-28 13:55:00.000000000,BEST_BID,"JPM,100745,111"
2019-06-28 13:55:00.000000000,BEST_ASK,"JPM,100788,136"
2019-06-28 13:55:00.000000000,LAST_TRADE,"2,$100788.0000"
2019-06-28 13:55:00.000000000,QUERY_SPREAD,84
2019-06-28 13:55:00.000000000,BEST_BID,"JPM,100745,111"
2019-06-28 13:55:00.000000000,BEST_ASK,"JPM,100788,135"
2019-06-28 13:55:00.000000000,LAST_TRADE,"1,$100788.0000"
2019-06-28 13:55:00.000000000,QUERY_SPREAD,85
2019-06-28 13:55:00.000000000,BEST_BID,"JPM,100745,111"
2019-06-28 13:55:00.000000000,BEST_ASK,"JPM,100788,134"
2019-06-28 13:55:00.000000000,LAST_TRADE,"1,$100788.0000"
2019-06-28 13:55:00.000000000,QUERY_SPREAD,86
2019-06-28 13:55:00.000000000,BEST_BID,"JPM,100745,111"
2019-06-28 13:55:00.000000000,BEST_ASK,"JPM,100788,128"
2019-06-28 13:55:00.000000000,LAST_TRADE,"6,$100788.0000"
2019-06-28 13:55:00.000000000,QUERY_SPREAD,87
2019-06-28 13:55:00.000000000,BEST_BID,"JPM,100745,111"
2019-06-28 13:55:00.000000000,BEST_ASK,"JPM,100788,125"
2019-06-28 13:55:00.000000000,LAST_TRADE,"3,$100788.0000"
2019-06-28 13:55:00.000000000,QUERY_SPREAD,88
2019-06-28 13:55:00.000000000,BEST_BID,"JPM,100745,111"
2019-06-28 13:55:00.000000000,BEST_ASK,"JPM,100788,121"
2019-06-28 13:55:00.000000000,LAST_TRADE,"4,$100788.0000"
2019-06-28 13:55:00.000000000,QUERY_SPREAD,89
2019-06-28 13:55:00.000000000,BEST_BID,"JPM,100745,111"
2019-06-28 13:55:00.000000000,BEST_ASK,"JPM,100788,117"
2019-06-28 13:55:00.000000000,LAST_TRADE,"4,$100788.0000"
2019-06-28 13:55:00.000000000,QUERY_SPREAD,90
2019-06-28 13:55:00.000000000,BEST_BID,"JPM,100745,111"
2019-06-28 13:55:00.000000000,BEST_ASK,"JPM,100788,110"
2019-06-28 13:55:00.000000000,LAST_TRADE,"7,$100788.0000"
2019-06-28 13:55:00.000000000,QUERY_SPREAD,91
2019-06-28 13:55:00.000000000,BEST_BID,"JPM,100745,111"
2019-06-28 13:55:00.000000000,BEST_ASK,"JPM,100788,102"
2019-06-28 13:55:00.000000000,LAST_TRADE,"8,$100788.0000"
2019-06-28 13:55:00.000000000,QUERY_SPREAD,92
2019-06-28 13:55:00.000000000,BEST_BID,"JPM,100745,111"
2019-06-28 13:55:00.000000000,BEST_ASK,"JPM,100788,97"
2019-06-28 13:55:00.000000000,LAST_TRADE,"5,$100788.0000"
2019-06-28 13:55:00.000000000,QUERY_SPREAD,93
2019-06-28 13:55:00.000000000,BEST_BID,"JPM,100745,111"
2019-06-28 13:55:00.000000000,BEST_ASK,"JPM,100788,94"
2019-06-28 13:55:00.000000000,LAST_TRADE,"3,$100788.0000"
2019-06-28 13:55:00.000000000,QUERY_SPREAD,94
2019-06-28 13:55:00.000000000,BEST_BID,"JPM,100745,111"
2019-06-28 13:55:00.000000000,BEST_ASK,"JPM,100788,90"
2019-06-28 13:55:00.000000000,LAST_TRADE,"4,$100788.0000"
2019-06-28 13:55:00.000000000,QUERY_SPREAD,95
2019-06-28 13:55:00.000000000,BEST_BID,"JPM,100745,111"
2019-06-28 13:55:00.000000000,BEST_ASK,"JPM,100788,85"
2019-06-28 13:55:00.000000000,LAST_TRADE,"5,$100788.0000"
2019-06-28 13:55:00.000000000,QUERY_SPREAD,96
2019-06-28 13:55:00.000000000,BEST_BID,"JPM,100745,111"
2019-06-28 13:55:00.000000000,BEST_ASK,"JPM,100788,84"
2019-06-28 13:55:00.000000000,LAST_TRADE,"1,$100788.0000"
2019-06-28 13:55:00.000000000,QUERY_SPREAD,97
2019-06-28 13:55:00.000000000,BEST_BID,"JPM,100745,111"
2019-06-28 13:55:00.000000000,BEST_ASK,"JPM,100788,77"
2019-06-28 13:55:00.000000000,LAST_TRADE,"7,$100788.0000"
2019-06-28 13:55:00.000000000,QUERY_SPREAD,98
2019-06-28 13:55:00.000000000,BEST_BID,"JPM,100745,111"
2019-06-28 13:55:00.000000000,BEST_ASK,"JPM,100788,71"
2019-06-28 13:55:00.000000000,LAST_TRADE,"6,$100788.0000"
2019-06-28 13:55:00.000000000,QUERY_SPREAD,99
2019-06-28 13:55:00.000000000,BEST_BID,"JPM,100745,111"
2019-06-28 13:55:00.000000000,BEST_ASK,"JPM,100788,66"
2019-06-28 13:55:00.000000000,LAST_TRADE,"5,$100788.0000"
2019-06-28 13:55:00.000000000,QUERY_SPREAD,100
2019-06-28 13:55:00.000000000,BEST_BID,"JPM,100745,111"
2019-06-28 13:55:00.000000000,BEST_ASK,"JPM,100788,59"
2019-06-28 13:55:00.000000000,LAST_TRADE,"7,$100788.0000"
2019-06-28 13:55:00.000000000,QUERY_SPREAD,101
2019-06-28 13:55:00.000000000,QUERY_ORDER_STREAM,101
2019-06-28 13:55:00.603695052,QUERY_SPREAD,22
2019-06-28 13:55:00.603695052,BEST_BID,"JPM,100745,111"
2019-06-28 13:55:00.603695052,BEST_ASK,"JPM,100788,59"
2019-06-28 13:55:07.819770753,QUERY_SPREAD,2
2019-06-28 13:55:07.819770753,BEST_BID,"JPM,100745,111"
2019-06-28 13:55:07.819770753,BEST_ASK,"JPM,100788,59"
2019-06-28 13:55:10.000000000,QUERY_SPREAD,1
2019-06-28 13:55:10.000000000,BEST_BID,"JPM,100745,181"
2019-06-28 13:55:10.000000000,BEST_ASK,"JPM,100924,100"
2019-06-28 13:55:10.000000000,BEST_BID,"JPM,100745,181"
2019-06-28 13:55:10.000000000,BEST_ASK,"JPM,100924,100"
2019-06-28 13:55:10.000000000,BEST_BID,"JPM,100745,181"
2019-06-28 13:55:10.000000000,BEST_ASK,"JPM,100924,240"
2019-06-28 13:55:10.000000000,BEST_BID,"JPM,100745,181"
2019-06-28 13:55:10.000000000,BEST_ASK,"JPM,100924,240"
2019-06-28 13:55:16.499381052,QUERY_SPREAD,33
2019-06-28 13:55:16.499381052,BEST_BID,"JPM,100853,100"
2019-06-28 13:55:16.499381052,BEST_ASK,"JPM,100924,240"
2019-06-28 13:55:20.000000000,QUERY_SPREAD,1
2019-06-28 13:55:20.000000000,BEST_BID,"JPM,100853,240"
2019-06-28 13:55:20.000000000,BEST_ASK,"JPM,100924,100"
2019-06-28 13:55:20.000000000,BEST_BID,"JPM,100853,240"
2019-06-28 13:55:20.000000000,BEST_ASK,"JPM,100924,100"
2019-06-28 13:55:20.000000000,BEST_BID,"JPM,100853,240"
2019-06-28 13:55:20.000000000,BEST_ASK,"JPM,100924,240"
2019-06-28 13:55:20.000000000,BEST_BID,"JPM,100853,240"
2019-06-28 13:55:20.000000000,BEST_ASK,"JPM,100924,240"
2019-06-28 13:55:22.896958453,QUERY_SPREAD,4
2019-06-28 13:55:22.896958453,BEST_BID,"JPM,100853,240"
2019-06-28 13:55:22.896958453,BEST_ASK,"JPM,100924,240"
2019-06-28 13:55:30.000000000,QUERY_SPREAD,1
2019-06-28 13:55:30.000000000,BEST_BID,"JPM,100853,240"
2019-06-28 13:55:30.000000000,BEST_ASK,"JPM,100924,100"
2019-06-28 13:55:30.000000000,BEST_BID,"JPM,100853,240"
2019-06-28 13:55:30.000000000,BEST_ASK,"JPM,100924,100"
2019-06-28 13:55:30.000000000,BEST_BID,"JPM,100853,240"
2019-06-28 13:55:30.000000000,BEST_ASK,"JPM,100924,240"
2019-06-28 13:55:30.000000000,BEST_BID,"JPM,100853,240"
2019-06-28 13:55:30.000000000,BEST_ASK,"JPM,100924,240"
2019-06-28 13:55:40.000000000,QUERY_SPREAD,1
2019-06-28 13:55:40.000000000,BEST_BID,"JPM,100853,240"
2019-06-28 13:55:40.000000000,BEST_ASK,"JPM,100924,100"
2019-06-28 13:55:40.000000000,BEST_BID,"JPM,100853,240"
2019-06-28 13:55:40.000000000,BEST_ASK,"JPM,100924,100"
2019-06-28 13:55:40.000000000,BEST_BID,"JPM,100853,240"
2019-06-28 13:55:40.000000000,BEST_ASK,"JPM,100924,240"
2019-06-28 13:55:40.000000000,BEST_BID,"JPM,100853,240"
2019-06-28 13:55:40.000000000,BEST_ASK,"JPM,100924,240"
2019-06-28 13:55:50.000000000,QUERY_SPREAD,1
2019-06-28 13:55:50.000000000,BEST_BID,"JPM,100853,380"
2019-06-28 13:55:50.000000000,BEST_ASK,"JPM,100924,100"
2019-06-28 13:55:50.000000000,BEST_BID,"JPM,100853,380"
2019-06-28 13:55:50.000000000,BEST_ASK,"JPM,100924,380"
2019-06-28 13:55:56.275803252,QUERY_SPREAD,11
2019-06-28 13:55:56.275803252,BEST_BID,"JPM,100853,380"
2019-06-28 13:55:56.275803252,BEST_ASK,"JPM,100924,280"
2019-06-28 13:55:56.275803252,LAST_TRADE,"100,$100924.0000"
2019-06-28 13:56:00.000000000,QUERY_SPREAD,1
2019-06-28 13:56:00.000000000,BEST_BID,"JPM,100853,195"
2019-06-28 13:56:00.000000000,BEST_ASK,"JPM,100965,100"
2019-06-28 13:56:00.000000000,BEST_BID,"JPM,100853,195"
2019-06-28 13:56:00.000000000,BEST_ASK,"JPM,100965,100"
2019-06-28 13:56:00.000000000,BEST_BID,"JPM,100853,195"
2019-06-28 13:56:00.000000000,BEST_ASK,"JPM,100965,100"
2019-06-28 13:56:00.000000000,BEST_BID,"JPM,100853,195"
2019-06-28 13:56:00.000000000,BEST_ASK,"JPM,100965,195"
2019-06-28 13:56:00.000000000,BEST_BID,"JPM,100853,195"
2019-06-28 13:56:00.000000000,BEST_ASK,"JPM,100965,195"
2019-06-28 13:56:00.000000000,BEST_BID,"JPM,100853,195"
2019-06-28 13:56:00.000000000,BEST_ASK,"JPM,100965,195"
2019-06-28 13:56:00.000000000,QUERY_SPREAD,77
2019-06-28 13:56:00.000000000,BEST_BID,"JPM,100853,195"
2019-06-28 13:56:00.000000000,BEST_ASK,"JPM,100965,194"
2019-06-28 13:56:00.000000000,LAST_TRADE,"1,$100965.0000"
2019-06-28 13:56:00.000000000,QUERY_SPREAD,78
2019-06-28 13:56:00.000000000,BEST_BID,"JPM,100853,195"
2019-06-28 13:56:00.000000000,BEST_ASK,"JPM,100965,190"
2019-06-28 13:56:00.000000000,LAST_TRADE,"4,$100965.0000"
2019-06-28 13:56:00.000000000,QUERY_SPREAD,79
2019-06-28 13:56:00.000000000,BEST_BID,"JPM,100853,195"
2019-06-28 13:56:00.000000000,BEST_ASK,"JPM,100965,184"
2019-06-28 13:56:00.000000000,LAST_TRADE,"6,$100965.0000"
2019-06-28 13:56:00.000000000,QUERY_SPREAD,80
2019-06-28 13:56:00.000000000,BEST_BID,"JPM,100853,195"
2019-06-28 13:56:00.000000000,BEST_ASK,"JPM,100965,179"
2019-06-28 13:56:00.000000000,LAST_TRADE,"5,$100965.0000"
2019-06-28 13:56:00.000000000,QUERY_SPREAD,81
2019-06-28 13:56:00.000000000,BEST_BID,"JPM,100853,195"
2019-06-28 13:56:00.000000000,BEST_ASK,"JPM,100965,171"
2019-06-28 13:56:00.000000000,LAST_TRADE,"8,$100965.0000"
2019-06-28 13:56:00.000000000,QUERY_SPREAD,82
2019-06-28 13:56:00.000000000,BEST_BID,"JPM,100853,195"
2019-06-28 13:56:00.000000000,BEST_ASK,"JPM,100965,163"
2019-06-28 13:56:00.000000000,LAST_TRADE,"8,$100965.0000"
2019-06-28 13:56:00.000000000,QUERY_SPREAD,83
2019-06-28 13:56:00.000000000,BEST_BID,"JPM,100853,195"
2019-06-28 13:56:00.000000000,BEST_ASK,"JPM,100965,161"
2019-06-28 13:56:00.000000000,LAST_TRADE,"2,$100965.0000"
2019-06-28 13:56:00.000000000,QUERY_SPREAD,84
2019-06-28 13:56:00.000000000,BEST_BID,"JPM,100853,195"
2019-06-28 13:56:00.000000000,BEST_ASK,"JPM,100965,160"
2019-06-28 13:56:00.000000000,LAST_TRADE,"1,$100965.0000"
2019-06-28 13:56:00.000000000,QUERY_SPREAD,85
2019-06-28 13:56:00.000000000,BEST_BID,"JPM,100853,195"
2019-06-28 13:56:00.000000000,BEST_ASK,"JPM,100965,159"
2019-06-28 13:56:00.000000000,LAST_TRADE,"1,$100965.0000"
2019-06-28 13:56:00.000000000,QUERY_SPREAD,86
2019-06-28 13:56:00.000000000,BEST_BID,"JPM,100853,195"
2019-06-28 13:56:00.000000000,BEST_ASK,"JPM,100965,153"
2019-06-28 13:56:00.000000000,LAST_TRADE,"6,$100965.0000"
2019-06-28 13:56:00.000000000,QUERY_SPREAD,87
2019-06-28 13:56:00.000000000,BEST_BID,"JPM,100853,195"
2019-06-28 13:56:00.000000000,BEST_ASK,"JPM,100965,150"
2019-06-28 13:56:00.000000000,LAST_TRADE,"3,$100965.0000"
2019-06-28 13:56:00.000000000,QUERY_SPREAD,88
2019-06-28 13:56:00.000000000,BEST_BID,"JPM,100853,195"
2019-06-28 13:56:00.000000000,BEST_ASK,"JPM,100965,146"
2019-06-28 13:56:00.000000000,LAST_TRADE,"4,$100965.0000"
2019-06-28 13:56:00.000000000,QUERY_SPREAD,89
2019-06-28 13:56:00.000000000,BEST_BID,"JPM,100853,195"
2019-06-28 13:56:00.000000000,BEST_ASK,"JPM,100965,142"
2019-06-28 13:56:00.000000000,LAST_TRADE,"4,$100965.0000"
2019-06-28 13:56:00.000000000,QUERY_SPREAD,90
2019-06-28 13:56:00.000000000,BEST_BID,"JPM,100853,195"
2019-06-28 13:56:00.000000000,BEST_ASK,"JPM,100965,135"
2019-06-28 13:56:00.000000000,LAST_TRADE,"7,$100965.0000"
2019-06-28 13:56:00.000000000,QUERY_SPREAD,91
2019-06-28 13:56:00.000000000,BEST_BID,"JPM,100853,195"
2019-06-28 13:56:00.000000000,BEST_ASK,"JPM,100965,127"
2019-06-28 13:56:00.000000000,LAST_TRADE,"8,$100965.0000"
2019-06-28 13:56:00.000000000,QUERY_SPREAD,92
2019-06-28 13:56:00.000000000,BEST_BID,"JPM,100853,195"
2019-06-28 13:56:00.000000000,BEST_ASK,"JPM,100965,122"
2019-06-28 13:56:00.000000000,LAST_TRADE,"5,$100965.0000"
2019-06-28 13:56:00.000000000,QUERY_SPREAD,93
2019-06-28 13:56:00.000000000,BEST_BID,"JPM,100853,195"
2019-06-28 13:56:00.000000000,BEST_ASK,"JPM,100965,119"
2019-06-28 13:56:00.000000000,LAST_TRADE,"3,$100965.0000"
2019-06-28 13:56:00.000000000,QUERY_SPREAD,94
2019-06-28 13:56:00.000000000,BEST_BID,"JPM,100853,195"
2019-06-28 13:56:00.000000000,BEST_ASK,"JPM,100965,115"
2019-06-28 13:56:00.000000000,LAST_TRADE,"4,$100965.0000"
2019-06-28 13:56:00.000000000,QUERY_SPREAD,95
2019-06-28 13:56:00.000000000,BEST_BID,"JPM,100853,195"
2019-06-28 13:56:00.000000000,BEST_ASK,"JPM,100965,110"
2019-06-28 13:56:00.000000000,LAST_TRADE,"5,$100965.0000"
2019-06-28 13:56:00.000000000,QUERY_SPREAD,96
2019-06-28 13:56:00.000000000,BEST_BID,"JPM,100853,195"
2019-06-28 13:56:00.000000000,BEST_ASK,"JPM,100965,109"
2019-06-28 13:56:00.000000000,LAST_TRADE,"1,$100965.0000"
2019-06-28 13:56:00.000000000,QUERY_SPREAD,97
2019-06-28 13:56:00.000000000,BEST_BID,"JPM,100853,195"
2019-06-28 13:56:00.000000000,BEST_ASK,"JPM,100965,102"
2019-06-28 13:56:00.000000000,LAST_TRADE,"7,$100965.0000"
2019-06-28 13:56:00.000000000,QUERY_SPREAD,98
2019-06-28 13:56:00.000000000,BEST_BID,"JPM,100853,195"
2019-06-28 13:56:00.000000000,BEST_ASK,"JPM,100965,96"
2019-06-28 13:56:00.000000000,LAST_TRADE,"6,$100965.0000"
2019-06-28 13:56:00.000000000,QUERY_SPREAD,99
2019-06-28 13:56:00.000000000,BEST_BID,"JPM,100853,195"
2019-06-28 13:56:00.000000000,BEST_ASK,"JPM,100965,91"
2019-06-28 13:56:00.000000000,LAST_TRADE,"5,$100965.0000"
2019-06-28 13:56:00.000000000,QUERY_SPREAD,100
2019-06-28 13:56:00.000000000,BEST_BID,"JPM,100853,195"
2019-06-28 13:56:00.000000000,BEST_ASK,"JPM,100965,84"
2019-06-28 13:56:00.000000000,LAST_TRADE,"7,$100965.0000"
2019-06-28 13:56:00.000000000,QUERY_SPREAD,101
2019-06-28 13:56:00.000000000,QUERY_ORDER_STREAM,101
2019-06-28 13:56:03.769974263,QUERY_SPREAD,43
2019-06-28 13:56:03.769974263,BEST_BID,"JPM,100936,100"
2019-06-28 13:56:03.769974263,BEST_ASK,"JPM,100965,84"
2019-06-28 13:56:08.958607144,QUERY_ORDER_STREAM,69
2019-06-28 13:56:08.958607144,QUERY_SPREAD,69
2019-06-28 13:56:10.000000000,QUERY_SPREAD,1
2019-06-28 13:56:10.000000000,BEST_BID,"JPM,100936,195"
2019-06-28 13:56:10.000000000,BEST_ASK,"JPM,101012,100"
2019-06-28 13:56:10.000000000,BEST_BID,"JPM,100936,195"
2019-06-28 13:56:10.000000000,BEST_ASK,"JPM,101012,100"
2019-06-28 13:56:10.000000000,BEST_BID,"JPM,100936,195"
2019-06-28 13:56:10.000000000,BEST_ASK,"JPM,101012,100"
2019-06-28 13:56:10.000000000,BEST_BID,"JPM,100936,195"
2019-06-28 13:56:10.000000000,BEST_ASK,"JPM,101012,195"
2019-06-28 13:56:10.000000000,BEST_BID,"JPM,100936,195"
2019-06-28 13:56:10.000000000,BEST_ASK,"JPM,101012,195"
2019-06-28 13:56:10.000000000,BEST_BID,"JPM,100936,195"
2019-06-28 13:56:10.000000000,BEST_ASK,"JPM,101012,195"
2019-06-28 13:56:20.000000000,QUERY_SPREAD,1
2019-06-28 13:56:20.000000000,BEST_BID,"JPM,100936,170"
2019-06-28 13:56:20.000000000,BEST_ASK,"JPM,101012,100"
2019-06-28 13:56:20.000000000,BEST_BID,"JPM,100936,170"
2019-06-28 13:56:20.000000000,BEST_ASK,"JPM,101012,100"
2019-06-28 13:56:20.000000000,BEST_BID,"JPM,100936,170"
2019-06-28 13:56:20.000000000,BEST_ASK,"JPM,101012,100"
2019-06-28 13:56:20.000000000,BEST_BID,"JPM,100936,170"
2019-06-28 13:56:20.000000000,BEST_ASK,"JPM,101012,100"
2019-06-28 13:56:20.000000000,BEST_BID,"JPM,100936,170"
2019-06-28 13:56:20.000000000,BEST_ASK,"JPM,101012,170"
2019-06-28 13:56:20.000000000,BEST_BID,"JPM,100936,170"
2019-06-28 13:56:20.000000000,BEST_ASK,"JPM,101012,170"
2019-06-28 13:56:20.000000000,BEST_BID,"JPM,100936,170"
2019-06-28 13:56:20.000000000,BEST_ASK,"JPM,101012,170"
2019-06-28 13:56:20.000000000,BEST_BID,"JPM,100936,170"
2019-06-28 13:56:20.000000000,BEST_ASK,"JPM,101012,170"
2019-06-28 13:56:30.000000000,QUERY_SPREAD,1
2019-06-28 13:56:30.000000000,BEST_BID,"JPM,100936,156"
2019-06-28 13:56:30.000000000,BEST_ASK,"JPM,101012,100"
2019-06-28 13:56:30.000000000,BEST_BID,"JPM,100936,156"
2019-06-28 13:56:30.000000000,BEST_ASK,"JPM,101012,100"
2019-06-28 13:56:30.000000000,BEST_BID,"JPM,100936,156"
2019-06-28 13:56:30.000000000,BEST_ASK,"JPM,101012,100"
2019-06-28 13:56:30.000000000,BEST_BID,"JPM,100936,156"
2019-06-28 13:56:30.000000000,BEST_ASK,"JPM,101012,100"
2019-06-28 13:56:30.000000000,BEST_BID,"JPM,100936,156"
2019-06-28 13:56:30.000000000,BEST_ASK,"JPM,101012,100"
2019-06-28 13:56:30.000000000,BEST_BID,"JPM,100936,156"
2019-06-28 13:56:30.000000000,BEST_ASK,"JPM,101012,156"
2019-06-28 13:56:30.000000000,BEST_BID,"JPM,100936,156"
2019-06-28 13:56:30.000000000,BEST_ASK,"JPM,101012,156"
2019-06-28 13:56:30.000000000,BEST_BID,"JPM,100936,156"
2019-06-28 13:56:30.000000000,BEST_ASK,"JPM,101012,156"
2019-06-28 13:56:30.000000000,BEST_BID,"JPM,100936,156"
2019-06-28 13:56:30.000000000,BEST_ASK,"JPM,101012,156"
2019-06-28 13:56:30.000000000,BEST_BID,"JPM,100936,156"
2019-06-28 13:56:30.000000000,BEST_ASK,"JPM,101012,156"
2019-06-28 13:56:35.587998881,QUERY_SPREAD,39
2019-06-28 13:56:35.587998881,BEST_BID,"JPM,100936,156"
2019-06-28 13:56:35.587998881,BEST_ASK,"JPM,101012,156"
2019-06-28 13:56:40.000000000,QUERY_SPREAD,1
2019-06-28 13:56:40.000000000,BEST_BID,"JPM,100936,156"
2019-06-28 13:56:40.000000000,BEST_ASK,"JPM,101012,100"
2019-06-28 13:56:40.000000000,BEST_BID,"JPM,100936,156"
2019-06-28 13:56:40.000000000,BEST_ASK,"JPM,101012,100"
2019-06-28 13:56:40.000000000,BEST_BID,"JPM,100936,156"
2019-06-28 13:56:40.000000000,BEST_ASK,"JPM,101012,100"
2019-06-28 13:56:40.000000000,BEST_BID,"JPM,100936,156"
2019-06-28 13:56:40.000000000,BEST_ASK,"JPM,101012,100"
2019-06-28 13:56:40.000000000,BEST_BID,"JPM,100936,156"
2019-06-28 13:56:40.000000000,BEST_ASK,"JPM,101012,100"
2019-06-28 13:56:40.000000000,BEST_BID,"JPM,100936,156"
2019-06-28 13:56:40.000000000,BEST_ASK,"JPM,101012,156"
2019-06-28 13:56:40.000000000,BEST_BID,"JPM,100936,156"
2019-06-28 13:56:40.000000000,BEST_ASK,"JPM,101012,156"
2019-06-28 13:56:40.000000000,BEST_BID,"JPM,100936,156"
2019-06-28 13:56:40.000000000,BEST_ASK,"JPM,101012,156"
2019-06-28 13:56:40.000000000,BEST_BID,"JPM,100936,156"
2019-06-28 13:56:40.000000000,BEST_ASK,"JPM,101012,156"
2019-06-28 13:56:40.000000000,BEST_BID,"JPM,100936,156"
2019-06-28 13:56:40.000000000,BEST_ASK,"JPM,101012,156"
2019-06-28 13:56:50.000000000,QUERY_SPREAD,1
2019-06-28 13:56:50.000000000,BEST_BID,"JPM,100936,380"
2019-06-28 13:56:50.000000000,BEST_ASK,"JPM,101012,100"
2019-06-28 13:56:50.000000000,BEST_BID,"JPM,100936,380"
2019-06-28 13:56:50.000000000,BEST_ASK,"JPM,101012,380"
2019-06-28 13:56:57.744942590,QUERY_SPREAD,32
2019-06-28 13:56:57.744942590,BEST_BID,"JPM,100936,280"
2019-06-28 13:56:57.744942590,BEST_ASK,"JPM,101012,280"
2019-06-28 13:56:57.744942590,LAST_TRADE,"100,$100936.0000"
2019-06-28 13:56:59.485186951,QUERY_SPREAD,13
2019-06-28 13:56:59.485186951,BEST_BID,"JPM,100936,180"
2019-06-28 13:56:59.485186951,BEST_ASK,"JPM,101012,280"
2019-06-28 13:56:59.485186951,LAST_TRADE,"100,$100936.0000"
2019-06-28 13:57:00.000000000,QUERY_SPREAD,1
2019-06-28 13:57:00.000000000,BEST_BID,"JPM,100853,170"
2019-06-28 13:57:00.000000000,BEST_ASK,"JPM,101022,100"
2019-06-28 13:57:00.000000000,BEST_BID,"JPM,100853,170"
2019-06-28 13:57:00.000000000,BEST_ASK,"JPM,101022,100"
2019-06-28 13:57:00.000000000,BEST_BID,"JPM,100853,170"
2019-06-28 13:57:00.000000000,BEST_ASK,"JPM,101022,100"
2019-06-28 13:57:00.000000000,BEST_BID,"JPM,100853,170"
2019-06-28 13:57:00.000000000,BEST_ASK,"JPM,101022,100"
2019-06-28 13:57:00.000000000,BEST_BID,"JPM,100853,170"
2019-06-28 13:57:00.000000000,BEST_ASK,"JPM,101022,170"
2019-06-28 13:57:00.000000000,BEST_BID,"JPM,100853,170"
2019-06-28 13:57:00.000000000,BEST_ASK,"JPM,101022,170"
2019-06-28 13:57:00.000000000,BEST_BID,"JPM,100853,170"
2019-06-28 13:57:00.000000000,BEST_ASK,"JPM,101022,170"
2019-06-28 13:57:00.000000000,BEST_BID,"JPM,100853,170"
2019-06-28 13:57:00.000000000,BEST_ASK,"JPM,101022,170"
2019-06-28 13:57:00.000000000,QUERY_SPREAD,77
2019-06-28 13:57:00.000000000,BEST_BID,"JPM,100853,170"
2019-06-28 13:57:00.000000000,BEST_ASK,"JPM,101022,169"
2019-06-28 13:57:00.000000000,LAST_TRADE,"1,$101022.0000"
2019-06-28 13:57:00.000000000,QUERY_SPREAD,78
2019-06-28 13:57:00.000000000,BEST_BID,"JPM,100853,170"
2019-06-28 13:57:00.000000000,BEST_ASK,"JPM,101022,165"
2019-06-28 13:57:00.000000000,LAST_TRADE,"4,$101022.0000"
2019-06-28 13:57:00.000000000,QUERY_SPREAD,79
2019-06-28 13:57:00.000000000,BEST_BID,"JPM,100853,170"
2019-06-28 13:57:00.000000000,BEST_ASK,"JPM,101022,159"
2019-06-28 13:57:00.000000000,LAST_TRADE,"6,$101022.0000"
2019-06-28 13:57:00.000000000,QUERY_SPREAD,80
2019-06-28 13:57:00.000000000,BEST_BID,"JPM,100853,170"
2019-06-28 13:57:00.000000000,BEST_ASK,"JPM,101022,154"
2019-06-28 13:57:00.000000000,LAST_TRADE,"5,$101022.0000"
2019-06-28 13:57:00.000000000,QUERY_SPREAD,81
2019-06-28 13:57:00.000000000,BEST_BID,"JPM,100853,170"
2019-06-28 13:57:00.000000000,BEST_ASK,"JPM,101022,146"
2019-06-28 13:57:00.000000000,LAST_TRADE,"8,$101022.0000"
2019-06-28 13:57:00.000000000,QUERY_SPREAD,82
2019-06-28 13:57:00.000000000,BEST_BID,"JPM,100853,170"
2019-06-28 13:57:00.000000000,BEST_ASK,"JPM,101022,138"
2019-06-28 13:57:00.000000000,LAST_TRADE,"8,$101022.0000"
2019-06-28 13:57:00.000000000,QUERY_SPREAD,83
2019-06-28 13:57:00.000000000,BEST_BID,"JPM,100853,170"
2019-06-28 13:57:00.000000000,BEST_ASK,"JPM,101022,136"
2019-06-28 13:57:00.000000000,LAST_TRADE,"2,$101022.0000"
2019-06-28 13:57:00.000000000,QUERY_SPREAD,84
2019-06-28 13:57:00.000000000,BEST_BID,"JPM,100853,170"
2019-06-28 13:57:00.000000000,BEST_ASK,"JPM,101022,135"
2019-06-28 13:57:00.000000000,LAST_TRADE,"1,$101022.0000"
2019-06-28 13:57:00.000000000,QUERY_SPREAD,85
2019-06-28 13:57:00.000000000,BEST_BID,"JPM,100853,170"
2019-06-28 13:57:00.000000000,BEST_ASK,"JPM,101022,134"
2019-06-28 13:57:00.000000000,LAST_TRADE,"1,$101022.0000"
2019-06-28 13:57:00.000000000,QUERY_SPREAD,86
2019-06-28 13:57:00.000000000,BEST_BID,"JPM,100853,170"
2019-06-28 13:57:00.000000000,BEST_ASK,"JPM,101022,128"
2019-06-28 13:57:00.000000000,LAST_TRADE,"6,$101022.0000"
2019-06-28 13:57:00.000000000,QUERY_SPREAD,87
2019-06-28 13:57:00.000000000,BEST_BID,"JPM,100853,170"
2019-06-28 13:57:00.000000000,BEST_ASK,"JPM,101022,125"
2019-06-28 13:57:00.000000000,LAST_TRADE,"3,$101022.0000"
2019-06-28 13:57:00.000000000,QUERY_SPREAD,88
2019-06-28 13:57:00.000000000,BEST_BID,"JPM,100853,170"
2019-06-28 13:57:00.000000000,BEST_ASK,"JPM,101022,121"
2019-06-28 13:57:00.000000000,LAST_TRADE,"4,$101022.0000"
2019-06-28 13:57:00.000000000,QUERY_SPREAD,89
2019-06-28 13:57:00.000000000,BEST_BID,"JPM,100853,170"
2019-06-28 13:57:00.000000000,BEST_ASK,"JPM,101022,117"
2019-06-28 13:57:00.000000000,LAST_TRADE,"4,$101022.0000"
2019-06-28 13:57:00.000000000,QUERY_SPREAD,90
2019-06-28 13:57:00.000000000,BEST_BID,"JPM,100853,170"
2019-06-28 13:57:00.000000000,BEST_ASK,"JPM,101022,110"
2019-06-28 13:57:00.000000000,LAST_TRADE,"7,$101022.0000"
2019-06-28 13:57:00.000000000,QUERY_SPREAD,91
2019-06-28 13:57:00.000000000,BEST_BID,"JPM,100853,170"
2019-06-28 13:57:00.000000000,BEST_ASK,"JPM,101022,102"
2019-06-28 13:57:00.000000000,LAST_TRADE,"8,$101022.0000"
2019-06-28 13:57:00.000000000,QUERY_SPREAD,92
2019-06-28 13:57:00.000000000,BEST_BID,"JPM,100853,170"
2019-06-28 13:57:00.000000000,BEST_ASK,"JPM,101022,97"
2019-06-28 13:57:00.000000000,LAST_TRADE,"5,$101022.0000"
2019-06-28 13:57:00.000000000,QUERY_SPREAD,93
2019-06-28 13:57:00.000000000,BEST_BID,"JPM,100853,170"
2019-06-28 13:57:00.000000000,BEST_ASK,"JPM,101022,94"
2019-06-28 13:57:00.000000000,LAST_TRADE,"3,$101022.0000"
2019-06-28 13:57:00.000000000,QUERY_SPREAD,94
2019-06-28 13:57:00.000000000,BEST_BID,"JPM,100853,170"
2019-06-28 13:57:00.000000000,BEST_ASK,"JPM,101022,90"
2019-06-28 13:57:00.000000000,LAST_TRADE,"4,$101022.0000"
2019-06-28 13:57:00.000000000,QUERY_SPREAD,95
2019-06-28 13:57:00.000000000,BEST_BID,"JPM,100853,170"
2019-06-28 13:57:00.000000000,BEST_ASK,"JPM,101022,85"
2019-06-28 13:57:00.000000000,LAST_TRADE,"5,$101022.0000"
2019-06-28 13:57:00.000000000,QUERY_SPREAD,96
2019-06-28 13:57:00.000000000,BEST_BID,"JPM,100853,170"
2019-06-28 13:57:00.000000000,BEST_ASK,"JPM,101022,84"
2019-06-28 13:57:00.000000000,LAST_TRADE,"1,$101022.0000"
2019-06-28 13:57:00.000000000,QUERY_SPREAD,97
2019-06-28 13:57:00.000000000,BEST_BID,"JPM,100853,170"
2019-06-28 13:57:00.000000000,BEST_ASK,"JPM,101022,77"
2019-06-28 13:57:00.000000000,LAST_TRADE,"7,$101022.0000"
2019-06-28 13:57:00.000000000,QUERY_SPREAD,98
2019-06-28 13:57:00.000000000,BEST_BID,"JPM,100853,170"
2019-06-28 13:57:00.000000000,BEST_ASK,"JPM,101022,71"
2019-06-28 13:57:00.000000000,LAST_TRADE,"6,$101022.0000"
2019-06-28 13:57:00.000000000,QUERY_SPREAD,99
2019-06-28 13:57:00.000000000,BEST_BID,"JPM,100853,170"
2019-06-28 13:57:00.000000000,BEST_ASK,"JPM,101022,66"
2019-06-28 13:57:00.000000000,LAST_TRADE,"5,$101022.0000"
2019-06-28 13:57:00.000000000,QUERY_SPREAD,100
2019-06-28 13:57:00.000000000,BEST_BID,"JPM,100853,170"
2019-06-28 13:57:00.000000000,BEST_ASK,"JPM,101022,59"
2019-06-28 13:57:00.000000000,LAST_TRADE,"7,$101022.0000"
2019-06-28 13:57:00.000000000,QUERY_SPREAD,101
2019-06-28 13:57:00.000000000,QUERY_ORDER_STREAM,101
2019-06-28 13:57:09.761209421,QUERY_SPREAD,43
2019-06-28 13:57:09.761209421,BEST_BID,"JPM,100853,70"
2019-06-28 13:57:09.761209421,BEST_ASK,"JPM,101022,59"
2019-06-28 13:57:09.761209421,LAST_TRADE,"100,$100853.0000"
2019-06-28 13:57:10.000000000,QUERY_SPREAD,1
2019-06-28 13:57:10.000000000,BEST_BID,"JPM,100745,236"
2019-06-28 13:57:10.000000000,BEST_ASK,"JPM,101067,100"
2019-06-28 13:57:10.000000000,BEST_BID,"JPM,100745,236"
2019-06-28 13:57:10.000000000,BEST_ASK,"JPM,101067,100"
2019-06-28 13:57:10.000000000,BEST_BID,"JPM,100745,236"
2019-06-28 13:57:10.000000000,BEST_ASK,"JPM,101067,100"
2019-06-28 13:57:10.000000000,BEST_BID,"JPM,100745,236"
2019-06-28 13:57:10.000000000,BEST_ASK,"JPM,101067,195"
2019-06-28 13:57:10.000000000,BEST_BID,"JPM,100745,236"
2019-06-28 13:57:10.000000000,BEST_ASK,"JPM,101067,195"
2019-06-28 13:57:10.000000000,BEST_BID,"JPM,100745,236"
2019-06-28 13:57:10.000000000,BEST_ASK,"JPM,101067,195"
2019-06-28 13:57:10.724388591,QUERY_ORDER_STREAM,71
2019-06-28 13:57:10.724388591,QUERY_SPREAD,71
2019-06-28 13:57:20.000000000,QUERY_SPREAD,1
2019-06-28 13:57:20.000000000,BEST_BID,"JPM,100745,236"
2019-06-28 13:57:20.000000000,BEST_ASK,"JPM,101067,100"
2019-06-28 13:57:20.000000000,BEST_BID,"JPM,100745,236"
2019-06-28 13:57:20.000000000,BEST_ASK,"JPM,101067,100"
2019-06-28 13:57:20.000000000,BEST_BID,"JPM,100745,236"
2019-06-28 13:57:20.000000000,BEST_ASK,"JPM,101067,100"
2019-06-28 13:57:20.000000000,BEST_BID,"JPM,100745,236"
2019-06-28 13:57:20.000000000,BEST_ASK,"JPM,101067,195"
2019-06-28 13:57:20.000000000,BEST_BID,"JPM,100745,236"
2019-06-28 13:57:20.000000000,BEST_ASK,"JPM,101067,195"
2019-06-28 13:57:20.000000000,BEST_BID,"JPM,100745,236"
2019-06-28 13:57:20.000000000,BEST_ASK,"JPM,101067,195"
2019-06-28 13:57:25.007541508,QUERY_SPREAD,6
2019-06-28 13:57:25.007541508,BEST_BID,"JPM,100745,136"
2019-06-28 13:57:25.007541508,BEST_ASK,"JPM,101067,195"
2019-06-28 13:57:25.007541508,LAST_TRADE,"100,$100745.0000"
2019-06-28 13:57:30.000000000,QUERY_SPREAD,1
2019-06-28 13:57:30.000000000,BEST_BID,"JPM,100745,136"
2019-06-28 13:57:30.000000000,BEST_ASK,"JPM,101067,100"
2019-06-28 13:57:30.000000000,BEST_BID,"JPM,100745,136"
2019-06-28 13:57:30.000000000,BEST_ASK,"JPM,101067,100"
2019-06-28 13:57:30.000000000,BEST_BID,"JPM,100745,136"
2019-06-28 13:57:30.000000000,BEST_ASK,"JPM,101067,100"
2019-06-28 13:57:30.000000000,BEST_BID,"JPM,100745,136"
2019-06-28 13:57:30.000000000,BEST_ASK,"JPM,101067,195"
2019-06-28 13:57:30.000000000,BEST_BID,"JPM,100745,136"
2019-06-28 13:57:30.000000000,BEST_ASK,"JPM,101067,195"
2019-06-28 13:57:30.000000000,BEST_BID,"JPM,100745,136"
2019-06-28 13:57:30.000000000,BEST_ASK,"JPM,101067,195"
2019-06-28 13:57:40.000000000,QUERY_SPREAD,1
2019-06-28 13:57:40.000000000,BEST_BID,"JPM,100745,97"
2019-06-28 13:57:40.000000000,BEST_ASK,"JPM,101067,100"
2019-06-28 13:57:40.000000000,BEST_BID,"JPM,100745,97"
2019-06-28 13:57:40.000000000,BEST_ASK,"JPM,101067,100"
2019-06-28 13:57:40.000000000,BEST_BID,"JPM,100745,97"
2019-06-28 13:57:40.000000000,BEST_ASK,"JPM,101067,100"
2019-06-28 13:57:40.000000000,BEST_BID,"JPM,100745,97"
2019-06-28 13:57:40.000000000,BEST_ASK,"JPM,101067,100"
2019-06-28 13:57:40.000000000,BEST_BID,"JPM,100745,97"
2019-06-28 13:57:40.000000000,BEST_ASK,"JPM,101067,100"
2019-06-28 13:57:40.000000000,BEST_BID,"JPM,100745,97"
2019-06-28 13:57:40.000000000,BEST_ASK,"JPM,101067,156"
2019-06-28 13:57:40.000000000,BEST_BID,"JPM,100745,97"
2019-06-28 13:57:40.000000000,BEST_ASK,"JPM,101067,156"
2019-06-28 13:57:40.000000000,BEST_BID,"JPM,100745,97"
2019-06-28 13:57:40.000000000,BEST_ASK,"JPM,101067,156"
2019-06-28 13:57:40.000000000,BEST_BID,"JPM,100745,97"
2019-06-28 13:57:40.000000000,BEST_ASK,"JPM,101067,156"
2019-06-28 13:57:50.000000000,QUERY_SPREAD,1
2019-06-28 13:57:50.000000000,BEST_BID,"JPM,100745,181"
2019-06-28 13:57:50.000000000,BEST_ASK,"JPM,101067,100"
2019-06-28 13:57:50.000000000,BEST_BID,"JPM,100745,181"
2019-06-28 13:57:50.000000000,BEST_ASK,"JPM,101067,100"
2019-06-28 13:57:50.000000000,BEST_BID,"JPM,100745,181"
2019-06-28 13:57:50.000000000,BEST_ASK,"JPM,101067,240"
2019-06-28 13:57:50.000000000,BEST_BID,"JPM,100745,181"
2019-06-28 13:57:50.000000000,BEST_ASK,"JPM,101067,240"
2019-06-28 13:58:00.000000000,QUERY_SPREAD,1
2019-06-28 13:58:00.000000000,BEST_BID,"JPM,100745,136"
2019-06-28 13:58:00.000000000,BEST_ASK,"JPM,101067,100"
2019-06-28 13:58:00.000000000,BEST_BID,"JPM,100745,136"
2019-06-28 13:58:00.000000000,BEST_ASK,"JPM,101067,100"
2019-06-28 13:58:00.000000000,BEST_BID,"JPM,100745,136"
2019-06-28 13:58:00.000000000,BEST_ASK,"JPM,101067,100"
2019-06-28 13:58:00.000000000,BEST_BID,"JPM,100745,136"
2019-06-28 13:58:00.000000000,BEST_ASK,"JPM,101067,195"
2019-06-28 13:58:00.000000000,BEST_BID,"JPM,100745,136"
2019-06-28 13:58:00.000000000,BEST_ASK,"JPM,101067,195"
2019-06-28 13:58:00.000000000,BEST_BID,"JPM,100745,136"
2019-06-28 13:58:00.000000000,BEST_ASK,"JPM,101067,195"
2019-06-28 13:58:00.000000000,QUERY_SPREAD,77
2019-06-28 13:58:00.000000000,BEST_BID,"JPM,100745,136"
2019-06-28 13:58:00.000000000,BEST_ASK,"JPM,101067,194"
2019-06-28 13:58:00.000000000,LAST_TRADE,"1,$101067.0000"
2019-06-28 13:58:00.000000000,QUERY_SPREAD,78
2019-06-28 13:58:00.000000000,BEST_BID,"JPM,100745,136"
2019-06-28 13:58:00.000000000,BEST_ASK,"JPM,101067,190"
2019-06-28 13:58:00.000000000,LAST_TRADE,"4,$101067.0000"
2019-06-28 13:58:00.000000000,QUERY_SPREAD,79
2019-06-28 13:58:00.000000000,BEST_BID,"JPM,100745,136"
2019-06-28 13:58:00.000000000,BEST_ASK,"JPM,101067,184"
2019-06-28 13:58:00.000000000,LAST_TRADE,"6,$101067.0000"
2019-06-28 13:58:00.000000000,QUERY_SPREAD,80
2019-06-28 13:58:00.000000000,BEST_BID,"JPM,100745,136"
2019-06-28 13:58:00.000000000,BEST_ASK,"JPM,101067,179"
2019-06-28 13:58:00.000000000,LAST_TRADE,"5,$101067.0000"
2019-06-28 13:58:00.000000000,QUERY_SPREAD,81
2019-06-28 13:58:00.000000000,BEST_BID,"JPM,100745,136"
2019-06-28 13:58:00.000000000,BEST_ASK,"JPM,101067,171"
2019-06-28 13:58:00.000000000,LAST_TRADE,"8,$101067.0000"
2019-06-28 13:58:00.000000000,QUERY_SPREAD,82
2019-06-28 13:58:00.000000000,BEST_BID,"JPM,100745,136"
2019-06-28 13:58:00.000000000,BEST_ASK,"JPM,101067,163"
2019-06-28 13:58:00.000000000,LAST_TRADE,"8,$101067.0000"
2019-06-28 13:58:00.000000000,QUERY_SPREAD,83
2019-06-28 13:58:00.000000000,BEST_BID,"JPM,100745,136"
2019-06-28 13:58:00.000000000,BEST_ASK,"JPM,101067,161"
2019-06-28 13:58:00.000000000,LAST_TRADE,"2,$101067.0000"
2019-06-28 13:58:00.000000000,QUERY_SPREAD,84
2019-06-28 13:58:00.000000000,BEST_BID,"JPM,100745,136"
2019-06-28 13:58:00.000000000,BEST_ASK,"JPM,101067,160"
2019-06-28 13:58:00.000000000,LAST_TRADE,"1,$101067.0000"
2019-06-28 13:58:00.000000000,QUERY_SPREAD,85
2019-06-28 13:58:00.000000000,BEST_BID,"JPM,100745,136"
2019-06-28 13:58:00.000000000,BEST_ASK,"JPM,101067,159"
2019-06-28 13:58:00.000000000,LAST_TRADE,"1,$101067.0000"
2019-06-28 13:58:00.000000000,QUERY_SPREAD,86
2019-06-28 13:58:00.000000000,BEST_BID,"JPM,100745,136"
2019-06-28 13:58:00.000000000,BEST_ASK,"JPM,101067,153"
2019-06-28 13:58:00.000000000,LAST_TRADE,"6,$101067.0000"
2019-06-28 13:58:00.000000000,QUERY_SPREAD,87
2019-06-28 13:58:00.000000000,BEST_BID,"JPM,100745,136"
2019-06-28 13:58:00.000000000,BEST_ASK,"JPM,101067,150"
2019-06-28 13:58:00.000000000,LAST_TRADE,"3,$101067.0000"
2019-06-28 13:58:00.000000000,QUERY_SPREAD,88
2019-06-28 13:58:00.000000000,BEST_BID,"JPM,100745,136"
2019-06-28 13:58:00.000000000,BEST_ASK,"JPM,101067,146"
2019-06-28 13:58:00.000000000,LAST_TRADE,"4,$101067.0000"
2019-06-28 13:58:00.000000000,QUERY_SPREAD,89
2019-06-28 13:58:00.000000000,BEST_BID,"JPM,100745,136"
2019-06-28 13:58:00.000000000,BEST_ASK,"JPM,101067,142"
2019-06-28 13:58:00.000000000,LAST_TRADE,"4,$101067.0000"
2019-06-28 13:58:00.000000000,QUERY_SPREAD,90
2019-06-28 13:58:00.000000000,BEST_BID,"JPM,100745,136"
2019-06-28 13:58:00.000000000,BEST_ASK,"JPM,101067,135"
2019-06-28 13:58:00.000000000,LAST_TRADE,"7,$101067.0000"
2019-06-28 13:58:00.000000000,QUERY_SPREAD,91
2019-06-28 13:58:00.000000000,BEST_BID,"JPM,100745,136"
2019-06-28 13:58:00.000000000,BEST_ASK,"JPM,101067,127"
2019-06-28 13:58:00.000000000,LAST_TRADE,"8,$101067.0000"
2019-06-28 13:58:00.000000000,QUERY_SPREAD,92
2019-06-28 13:58:00.000000000,BEST_BID,"JPM,100745,136"
2019-06-28 13:58:00.000000000,BEST_ASK,"JPM,101067,122"
2019-06-28 13:58:00.000000000,LAST_TRADE,"5,$101067.0000"
2019-06-28 13:58:00.000000000,QUERY_SPREAD,93
2019-06-28 13:58:00.000000000,BEST_BID,"JPM,100745,136"
2019-06-28 13:58:00.000000000,BEST_ASK,"JPM,101067,119"
2019-06-28 13:58:00.000000000,LAST_TRADE,"3,$101067.0000"
2019-06-28 13:58:00.000000000,QUERY_SPREAD,94
2019-06-28 13:58:00.000000000,BEST_BID,"JPM,100745,136"
2019-06-28 13:58:00.000000000,BEST_ASK,"JPM,101067,115"
2019-06-28 13:58:00.000000000,LAST_TRADE,"4,$101067.0000"
2019-06-28 13:58:00.000000000,QUERY_SPREAD,95
2019-06-28 13:58:00.000000000,BEST_BID,"JPM,100745,136"
2019-06-28 13:58:00.000000000,BEST_ASK,"JPM,101067,110"
2019-06-28 13:58:00.000000000,LAST_TRADE,"5,$101067.0000"
2019-06-28 13:58:00.000000000,QUERY_SPREAD,96
2019-06-28 13:58:00.000000000,BEST_BID,"JPM,100745,136"
2019-06-28 13:58:00.000000000,BEST_ASK,"JPM,101067,109"
2019-06-28 13:58:00.000000000,LAST_TRADE,"1,$101067.0000"
2019-06-28 13:58:00.000000000,QUERY_SPREAD,97
2019-06-28 13:58:00.000000000,BEST_BID,"JPM,100745,136"
2019-06-28 13:58:00.000000000,BEST_ASK,"JPM,101067,102"
2019-06-28 13:58:00.000000000,LAST_TRADE,"7,$101067.0000"
2019-06-28 13:58:00.000000000,QUERY_SPREAD,98
2019-06-28 13:58:00.000000000,BEST_BID,"JPM,100745,136"
2019-06-28 13:58:00.000000000,BEST_ASK,"JPM,101067,96"
2019-06-28 13:58:00.000000000,LAST_TRADE,"6,$101067.0000"
2019-06-28 13:58:00.000000000,QUERY_SPREAD,99
2019-06-28 13:58:00.000000000,BEST_BID,"JPM,100745,136"
2019-06-28 13:58:00.000000000,BEST_ASK,"JPM,101067,91"
2019-06-28 13:58:00.000000000,LAST_TRADE,"5,$101067.0000"
2019-06-28 13:58:00.000000000,QUERY_SPREAD,100
2019-06-28 13:58:00.000000000,BEST_BID,"JPM,100745,136"
2019-06-28 13:58:00.000000000,BEST_ASK,"JPM,101067,84"
2019-06-28 13:58:00.000000000,LAST_TRADE,"7,$101067.0000"
2019-06-28 13:58:00.000000000,QUERY_SPREAD,101
2019-06-28 13:58:00.000000000,QUERY_ORDER_STREAM,101
2019-06-28 13:58:10.000000000,QUERY_SPREAD,1
2019-06-28 13:58:10.000000000,BEST_BID,"JPM,100745,181"
2019-06-28 13:58:10.000000000,BEST_ASK,"JPM,101129,100"
2019-06-28 13:58:10.000000000,BEST_BID,"JPM,100745,181"
2019-06-28 13:58:10.000000000,BEST_ASK,"JPM,101129,100"
2019-06-28 13:58:10.000000000,BEST_BID,"JPM,100745,181"
2019-06-28 13:58:10.000000000,BEST_ASK,"JPM,101129,240"
2019-06-28 13:58:10.000000000,BEST_BID,"JPM,100745,181"
2019-06-28 13:58:10.000000000,BEST_ASK,"JPM,101129,240"
2019-06-28 13:58:11.122576610,QUERY_SPREAD,34
2019-06-28 13:58:11.122576610,BEST_BID,"JPM,100745,181"
2019-06-28 13:58:11.122576610,BEST_ASK,"JPM,101129,240"
2019-06-28 13:58:19.029362278,QUERY_SPREAD,48
2019-06-28 13:58:19.029362278,BEST_BID,"JPM,100745,181"
2019-06-28 13:58:19.029362278,BEST_ASK,"JPM,101129,240"
2019-06-28 13:58:19.484979991,QUERY_SPREAD,21
2019-06-28 13:58:19.484979991,BEST_BID,"JPM,100745,181"
2019-06-28 13:58:19.484979991,BEST_ASK,"JPM,101129,240"
2019-06-28 13:58:20.000000000,QUERY_SPREAD,1
2019-06-28 13:58:20.000000000,BEST_BID,"JPM,100745,181"
2019-06-28 13:58:20.000000000,BEST_ASK,"JPM,101129,100"
2019-06-28 13:58:20.000000000,BEST_BID,"JPM,100745,181"
2019-06-28 13:58:20.000000000,BEST_ASK,"JPM,101129,100"
2019-06-28 13:58:20.000000000,BEST_BID,"JPM,100745,181"
2019-06-28 13:58:20.000000000,BEST_ASK,"JPM,101129,240"
2019-06-28 13:58:20.000000000,BEST_BID,"JPM,100745,181"
2019-06-28 13:58:20.000000000,BEST_ASK,"JPM,101129,240"
2019-06-28 13:58:30.000000000,QUERY_SPREAD,1
2019-06-28 13:58:30.000000000,BEST_BID,"JPM,100745,321"
2019-06-28 13:58:30.000000000,BEST_ASK,"JPM,101129,100"
2019-06-28 13:58:30.000000000,BEST_BID,"JPM,100745,321"
2019-06-28 13:58:30.000000000,BEST_ASK,"JPM,101129,380"
2019-06-28 13:58:31.018266164,QUERY_ORDER_STREAM,64
2019-06-28 13:58:31.018266164,QUERY_SPREAD,64
2019-06-28 13:58:40.000000000,QUERY_SPREAD,1
2019-06-28 13:58:40.000000000,BEST_BID,"JPM,100745,321"
2019-06-28 13:58:40.000000000,BEST_ASK,"JPM,101129,100"
2019-06-28 13:58:40.000000000,BEST_BID,"JPM,100745,321"
2019-06-28 13:58:40.000000000,BEST_ASK,"JPM,101129,380"
2019-06-28 13:58:43.002463675,QUERY_ORDER_STREAM,73
2019-06-28 13:58:43.002463675,QUERY_SPREAD,73
2019-06-28 13:58:50.000000000,QUERY_SPREAD,1
2019-06-28 13:58:50.000000000,BEST_BID,"JPM,100745,111"
2019-06-28 13:58:50.000000000,BEST_ASK,"JPM,101129,100"
2019-06-28 13:58:50.000000000,BEST_BID,"JPM,100745,111"
2019-06-28 13:58:50.000000000,BEST_ASK,"JPM,101129,100"
2019-06-28 13:58:50.000000000,BEST_BID,"JPM,100745,111"
2019-06-28 13:58:50.000000000,BEST_ASK,"JPM,101129,100"
2019-06-28 13:58:50.000000000,BEST_BID,"JPM,100745,111"
2019-06-28 13:58:50.000000000,BEST_ASK,"JPM,101129,100"
2019-06-28 13:58:50.000000000,BEST_BID,"JPM,100745,111"
2019-06-28 13:58:50.000000000,BEST_ASK,"JPM,101129,170"
2019-06-28 13:58:50.000000000,BEST_BID,"JPM,100745,111"
2019-06-28 13:58:50.000000000,BEST_ASK,"JPM,101129,170"
2019-06-28 13:58:50.000000000,BEST_BID,"JPM,100745,111"
2019-06-28 13:58:50.000000000,BEST_ASK,"JPM,101129,170"
2019-06-28 13:58:51.934407852,QUERY_ORDER_STREAM,66
2019-06-28 13:58:51.934407852,QUERY_SPREAD,66
2019-06-28 13:59:00.000000000,QUERY_SPREAD,1
2019-06-28 13:59:00.000000000,BEST_BID,"JPM,100745,181"
2019-06-28 13:59:00.000000000,BEST_ASK,"JPM,101129,100"
2019-06-28 13:59:00.000000000,BEST_BID,"JPM,100745,181"
2019-06-28 13:59:00.000000000,BEST_ASK,"JPM,101129,100"
2019-06-28 13:59:00.000000000,BEST_BID,"JPM,100745,181"
2019-06-28 13:59:00.000000000,BEST_ASK,"JPM,101129,240"
2019-06-28 13:59:00.000000000,BEST_BID,"JPM,100745,181"
2019-06-28 13:59:00.000000000,BEST_ASK,"JPM,101129,240"
2019-06-28 13:59:00.000000000,QUERY_SPREAD,77
2019-06-28 13:59:00.000000000,BEST_BID,"JPM,100745,181"
2019-06-28 13:59:00.000000000,BEST_ASK,"JPM,101129,239"
2019-06-28 13:59:00.000000000,LAST_TRADE,"1,$101129.0000"
2019-06-28 13:59:00.000000000,QUERY_SPREAD,78
2019-06-28 13:59:00.000000000,BEST_BID,"JPM,100745,181"
2019-06-28 13:59:00.000000000,BEST_ASK,"JPM,101129,235"
2019-06-28 13:59:00.000000000,LAST_TRADE,"4,$101129.0000"
2019-06-28 13:59:00.000000000,QUERY_SPREAD,79
2019-06-28 13:59:00.000000000,BEST_BID,"JPM,100745,181"
2019-06-28 13:59:00.000000000,BEST_ASK,"JPM,101129,229"
2019-06-28 13:59:00.000000000,LAST_TRADE,"6,$101129.0000"
2019-06-28 13:59:00.000000000,QUERY_SPREAD,80
2019-06-28 13:59:00.000000000,BEST_BID,"JPM,100745,181"
2019-06-28 13:59:00.000000000,BEST_ASK,"JPM,101129,224"
2019-06-28 13:59:00.000000000,LAST_TRADE,"5,$101129.0000"
2019-06-28 13:59:00.000000000,QUERY_SPREAD,81
2019-06-28 13:59:00.000000000,BEST_BID,"JPM,100745,181"
2019-06-28 13:59:00.000000000,BEST_ASK,"JPM,101129,216"
2019-06-28 13:59:00.000000000,LAST_TRADE,"8,$101129.0000"
2019-06-28 13:59:00.000000000,QUERY_SPREAD,82
2019-06-28 13:59:00.000000000,BEST_BID,"JPM,100745,181"
2019-06-28 13:59:00.000000000,BEST_ASK,"JPM,101129,208"
2019-06-28 13:59:00.000000000,LAST_TRADE,"8,$101129.0000"
2019-06-28 13:59:00.000000000,QUERY_SPREAD,83
2019-06-28 13:59:00.000000000,BEST_BID,"JPM,100745,181"
2019-06-28 13:59:00.000000000,BEST_ASK,"JPM,101129,206"
2019-06-28 13:59:00.000000000,LAST_TRADE,"2,$101129.0000"
2019-06-28 13:59:00.000000000,QUERY_SPREAD,84
2019-06-28 13:59:00.000000000,BEST_BID,"JPM,100745,181"
2019-06-28 13:59:00.000000000,BEST_ASK,"JPM,101129,205"
2019-06-28 13:59:00.000000000,LAST_TRADE,"1,$101129.0000"
2019-06-28 13:59:00.000000000,QUERY_SPREAD,85
2019-06-28 13:59:00.000000000,BEST_BID,"JPM,100745,181"
2019-06-28 13:59:00.000000000,BEST_ASK,"JPM,101129,204"
2019-06-28 13:59:00.000000000,LAST_TRADE,"1,$101129.0000"
2019-06-28 13:59:00.000000000,QUERY_SPREAD,86
2019-06-28 13:59:00.000000000,BEST_BID,"JPM,100745,181"
2019-06-28 13:59:00.000000000,BEST_ASK,"JPM,101129,198"
2019-06-28 13:59:00.000000000,LAST_TRADE,"6,$101129.0000"
2019-06-28 13:59:00.000000000,QUERY_SPREAD,87
2019-06-28 13:59:00.000000000,BEST_BID,"JPM,100745,181"
2019-06-28 13:59:00.000000000,BEST_ASK,"JPM,101129,195"
2019-06-28 13:59:00.000000000,LAST_TRADE,"3,$101129.0000"
2019-06-28 13:59:00.000000000,QUERY_SPREAD,88
2019-06-28 13:59:00.000000000,BEST_BID,"JPM,100745,181"
2019-06-28 13:59:00.000000000,BEST_ASK,"JPM,101129,191"
2019-06-28 13:59:00.000000000,LAST_TRADE,"4,$101129.0000"
2019-06-28 13:59:00.000000000,QUERY_SPREAD,89
2019-06-28 13:59:00.000000000,BEST_BID,"JPM,100745,181"
2019-06-28 13:59:00.000000000,BEST_ASK,"JPM,101129,187"
2019-06-28 13:59:00.000000000,LAST_TRADE,"4,$101129.0000"
2019-06-28 13:59:00.000000000,QUERY_SPREAD,90
2019-06-28 13:59:00.000000000,BEST_BID,"JPM,100745,181"
2019-06-28 13:59:00.000000000,BEST_ASK,"JPM,101129,180"
2019-06-28 13:59:00.000000000,LAST_TRADE,"7,$101129.0000"
2019-06-28 13:59:00.000000000,QUERY_SPREAD,91
2019-06-28 13:59:00.000000000,BEST_BID,"JPM,100745,181"
2019-06-28 13:59:00.000000000,BEST_ASK,"JPM,101129,172"
2019-06-28 13:59:00.000000000,LAST_TRADE,"8,$101129.0000"
2019-06-28 13:59:00.000000000,QUERY_SPREAD,92
2019-06-28 13:59:00.000000000,BEST_BID,"JPM,100745,181"
2019-06-28 13:59:00.000000000,BEST_ASK,"JPM,101129,167"
2019-06-28 13:59:00.000000000,LAST_TRADE,"5,$101129.0000"
2019-06-28 13:59:00.000000000,QUERY_SPREAD,93
2019-06-28 13:59:00.000000000,BEST_BID,"JPM,100745,181"
2019-06-28 13:59:00.000000000,BEST_ASK,"JPM,101129,164"
2019-06-28 13:59:00.000000000,LAST_TRADE,"3,$101129.0000"
2019-06-28 13:59:00.000000000,QUERY_SPREAD,94
2019-06-28 13:59:00.000000000,BEST_BID,"JPM,100745,181"
2019-06-28 13:59:00.000000000,BEST_ASK,"JPM,101129,160"
2019-06-28 13:59:00.000000000,LAST_TRADE,"4,$101129.0000"
2019-06-28 13:59:00.000000000,QUERY_SPREAD,95
2019-06-28 13:59:00.000000000,BEST_BID,"JPM,100745,181"
2019-06-28 13:59:00.000000000,BEST_ASK,"JPM,101129,155"
2019-06-28 13:59:00.000000000,LAST_TRADE,"5,$101129.0000"
2019-06-28 13:59:00.000000000,QUERY_SPREAD,96
2019-06-28 13:59:00.000000000,BEST_BID,"JPM,100745,181"
2019-06-28 13:59:00.000000000,BEST_ASK,"JPM,101129,154"
2019-06-28 13:59:00.000000000,LAST_TRADE,"1,$101129.0000"
2019-06-28 13:59:00.000000000,QUERY_SPREAD,97
2019-06-28 13:59:00.000000000,BEST_BID,"JPM,100745,181"
2019-06-28 13:59:00.000000000,BEST_ASK,"JPM,101129,147"
2019-06-28 13:59:00.000000000,LAST_TRADE,"7,$101129.0000"
2019-06-28 13:59:00.000000000,QUERY_SPREAD,98
2019-06-28 13:59:00.000000000,BEST_BID,"JPM,100745,181"
2019-06-28 13:59:00.000000000,BEST_ASK,"JPM,101129,141"
2019-06-28 13:59:00.000000000,LAST_TRADE,"6,$101129.0000"
2019-06-28 13:59:00.000000000,QUERY_SPREAD,99
2019-06-28 13:59:00.000000000,BEST_BID,"JPM,100745,181"
2019-06-28 13:59:00.000000000,BEST_ASK,"JPM,101129,136"
2019-06-28 13:59:00.000000000,LAST_TRADE,"5,$101129.0000"
2019-06-28 13:59:00.000000000,QUERY_SPREAD,100
2019-06-28 13:59:00.000000000,BEST_BID,"JPM,100745,181"
2019-06-28 13:59:00.000000000,BEST_ASK,"JPM,101129,129"
2019-06-28 13:59:00.000000000,LAST_TRADE,"7,$101129.0000"
2019-06-28 13:59:00.000000000,QUERY_SPREAD,101
2019-06-28 13:59:00.000000000,QUERY_ORDER_STREAM,101
2019-06-28 13:59:02.244557233,QUERY_SPREAD,29
2019-06-28 13:59:02.244557233,BEST_BID,"JPM,100745,81"
2019-06-28 13:59:02.244557233,BEST_ASK,"JPM,101129,129"
2019-06-28 13:59:02.244557233,LAST_TRADE,"100,$100745.0000"
2019-06-28 13:59:06.386809905,QUERY_ORDER_STREAM,71
2019-06-28 13:59:06.386809905,QUERY_SPREAD,71
2019-06-28 13:59:06.386809905,BEST_BID,"JPM,100745,81"
2019-06-28 13:59:06.386809905,BEST_ASK,"JPM,101129,229"
2019-06-28 13:59:10.000000000,QUERY_SPREAD,1
2019-06-28 13:59:10.000000000,BEST_BID,"JPM,100648,156"
2019-06-28 13:59:10.000000000,BEST_ASK,"JPM,101129,100"
2019-06-28 13:59:10.000000000,BEST_BID,"JPM,100648,156"
2019-06-28 13:59:10.000000000,BEST_ASK,"JPM,101129,100"
2019-06-28 13:59:10.000000000,BEST_BID,"JPM,100648,156"
2019-06-28 13:59:10.000000000,BEST_ASK,"JPM,101129,100"
2019-06-28 13:59:10.000000000,BEST_BID,"JPM,100648,156"
2019-06-28 13:59:10.000000000,BEST_ASK,"JPM,101129,100"
2019-06-28 13:59:10.000000000,BEST_BID,"JPM,100648,156"
2019-06-28 13:59:10.000000000,BEST_ASK,"JPM,101129,100"
2019-06-28 13:59:10.000000000,BEST_BID,"JPM,100648,156"
2019-06-28 13:59:10.000000000,BEST_ASK,"JPM,101129,156"
2019-06-28 13:59:10.000000000,BEST_BID,"JPM,100648,156"
2019-06-28 13:59:10.000000000,BEST_ASK,"JPM,101129,156"
2019-06-28 13:59:10.000000000,BEST_BID,"JPM,100648,156"
2019-06-28 13:59:10.000000000,BEST_ASK,"JPM,101129,156"
2019-06-28 13:59:15.840502199,QUERY_SPREAD,31
2019-06-28 13:59:15.840502199,BEST_BID,"JPM,100648,56"
2019-06-28 13:59:15.840502199,BEST_ASK,"JPM,101129,156"
2019-06-28 13:59:15.840502199,LAST_TRADE,"100,$100648.0000"
2019-06-28 13:59:20.000000000,QUERY_SPREAD,1
2019-06-28 13:59:20.000000000,BEST_BID,"JPM,100588,170"
2019-06-28 13:59:20.000000000,BEST_ASK,"JPM,101129,100"
2019-06-28 13:59:20.000000000,BEST_BID,"JPM,100588,170"
2019-06-28 13:59:20.000000000,BEST_ASK,"JPM,101129,100"
2019-06-28 13:59:20.000000000,BEST_BID,"JPM,100588,170"
2019-06-28 13:59:20.000000000,BEST_ASK,"JPM,101129,100"
2019-06-28 13:59:20.000000000,BEST_BID,"JPM,100588,170"
2019-06-28 13:59:20.000000000,BEST_ASK,"JPM,101129,100"
2019-06-28 13:59:20.000000000,BEST_BID,"JPM,100588,170"
2019-06-28 13:59:20.000000000,BEST_ASK,"JPM,101129,170"
2019-06-28 13:59:20.000000000,BEST_BID,"JPM,100588,170"
2019-06-28 13:59:20.000000000,BEST_ASK,"JPM,101129,170"
2019-06-28 13:59:20.000000000,BEST_BID,"JPM,100588,170"
2019-06-28 13:59:20.000000000,BEST_ASK,"JPM,101129,170"
2019-06-28 13:59:22.622547991,QUERY_SPREAD,38
2019-06-28 13:59:22.622547991,BEST_BID,"JPM,100588,70"
2019-06-28 13:59:22.622547991,BEST_ASK,"JPM,101129,170"
2019-06-28 13:59:22.622547991,LAST_TRADE,"100,$100588.0000"
2019-06-28 13:59:30.000000000,QUERY_SPREAD,1
2019-06-28 13:59:30.000000000,BEST_BID,"JPM,100520,195"
2019-06-28 13:59:30.000000000,BEST_ASK,"JPM,101129,100"
2019-06-28 13:59:30.000000000,BEST_BID,"JPM,100520,195"
2019-06-28 13:59:30.000000000,BEST_ASK,"JPM,101129,100"
2019-06-28 13:59:30.000000000,BEST_BID,"JPM,100520,195"
2019-06-28 13:59:30.000000000,BEST_ASK,"JPM,101129,100"
2019-06-28 13:59:30.000000000,BEST_BID,"JPM,100520,195"
2019-06-28 13:59:30.000000000,BEST_ASK,"JPM,101129,195"
2019-06-28 13:59:30.000000000,BEST_BID,"JPM,100520,195"
2019-06-28 13:59:30.000000000,BEST_ASK,"JPM,101129,195"
2019-06-28 13:59:30.000000000,BEST_BID,"JPM,100520,195"
2019-06-28 13:59:30.000000000,BEST_ASK,"JPM,101129,195"
2019-06-28 13:59:38.170503774,QUERY_SPREAD,25
2019-06-28 13:59:38.170503774,BEST_BID,"JPM,100520,95"
2019-06-28 13:59:38.170503774,BEST_ASK,"JPM,101129,195"
2019-06-28 13:59:38.170503774,LAST_TRADE,"100,$100520.0000"
2019-06-28 13:59:40.000000000,QUERY_SPREAD,1
2019-06-28 13:59:40.000000000,BEST_BID,"JPM,100412,240"
2019-06-28 13:59:40.000000000,BEST_ASK,"JPM,101129,100"
2019-06-28 13:59:40.000000000,BEST_BID,"JPM,100412,240"
2019-06-28 13:59:40.000000000,BEST_ASK,"JPM,101129,100"
2019-06-28 13:59:40.000000000,BEST_BID,"JPM,100412,240"
2019-06-28 13:59:40.000000000,BEST_ASK,"JPM,101129,240"
2019-06-28 13:59:40.000000000,BEST_BID,"JPM,100412,240"
2019-06-28 13:59:40.000000000,BEST_ASK,"JPM,101129,240"
2019-06-28 13:59:40.989449156,QUERY_ORDER_STREAM,53
2019-06-28 13:59:40.989449156,QUERY_SPREAD,53
2019-06-28 13:59:40.989449156,BEST_BID,"JPM,100412,240"
2019-06-28 13:59:40.989449156,BEST_ASK,"JPM,100588,100"
2019-06-28 13:59:50.000000000,QUERY_SPREAD,1
2019-06-28 13:59:50.000000000,BEST_BID,"JPM,100412,195"
2019-06-28 13:59:50.000000000,BEST_ASK,"JPM,100588,100"
2019-06-28 13:59:50.000000000,BEST_BID,"JPM,100412,195"
2019-06-28 13:59:50.000000000,BEST_ASK,"JPM,100588,100"
2019-06-28 13:59:50.000000000,BEST_BID,"JPM,100412,195"
2019-06-28 13:59:50.000000000,BEST_ASK,"JPM,100588,100"
2019-06-28 13:59:50.000000000,BEST_BID,"JPM,100412,195"
2019-06-28 13:59:50.000000000,BEST_ASK,"JPM,100588,195"
2019-06-28 13:59:50.000000000,BEST_BID,"JPM,100412,195"
2019-06-28 13:59:50.000000000,BEST_ASK,"JPM,100588,195"
2019-06-28 13:59:50.000000000,BEST_BID,"JPM,100412,195"
2019-06-28 13:59:50.000000000,BEST_ASK,"JPM,100588,195"
2019-06-28 13:59:55.935992875,QUERY_ORDER_STREAM,52
2019-06-28 13:59:55.935992875,QUERY_SPREAD,52
2019-06-28 13:59:55.935992875,BEST_BID,"JPM,100412,195"
2019-06-28 13:59:55.935992875,BEST_ASK,"JPM,100588,295"
2019-06-28 13:59:59.856906448,QUERY_ORDER_STREAM,69
2019-06-28 13:59:59.856906448,QUERY_SPREAD,69
2019-06-28 14:00:00.000000000,QUERY_SPREAD,1
2019-06-28 14:00:00.000000000,BEST_BID,"JPM,100412,156"
2019-06-28 14:00:00.000000000,BEST_ASK,"JPM,100588,200"
2019-06-28 14:00:00.000000000,BEST_BID,"JPM,100412,156"
2019-06-28 14:00:00.000000000,BEST_ASK,"JPM,100588,200"
2019-06-28 14:00:00.000000000,BEST_BID,"JPM,100412,156"
2019-06-28 14:00:00.000000000,BEST_ASK,"JPM,100588,200"
2019-06-28 14:00:00.000000000,BEST_BID,"JPM,100412,156"
2019-06-28 14:00:00.000000000,BEST_ASK,"JPM,100588,200"
2019-06-28 14:00:00.000000000,BEST_BID,"JPM,100412,156"
2019-06-28 14:00:00.000000000,BEST_ASK,"JPM,100588,200"
2019-06-28 14:00:00.000000000,BEST_BID,"JPM,100412,156"
2019-06-28 14:00:00.000000000,BEST_ASK,"JPM,100588,256"
2019-06-28 14:00:00.000000000,BEST_BID,"JPM,100412,156"
2019-06-28 14:00:00.000000000,BEST_ASK,"JPM,100588,256"
2019-06-28 14:00:00.000000000,BEST_BID,"JPM,100412,156"
2019-06-28 14:00:00.000000000,BEST_ASK,"JPM,100588,256"
2019-06-28 14:00:00.000000000,BEST_BID,"JPM,100412,156"
2019-06-28 14:00:00.000000000,BEST_ASK,"JPM,100588,256"
2019-06-28 14:00:00.000000000,QUERY_SPREAD,77
2019-06-28 14:00:00.000000000,BEST_BID,"JPM,100412,156"
2019-06-28 14:00:00.000000000,BEST_ASK,"JPM,100588,255"
2019-06-28 14:00:00.000000000,LAST_TRADE,"1,$100588.0000"
2019-06-28 14:00:00.000000000,QUERY_SPREAD,78
2019-06-28 14:00:00.000000000,BEST_BID,"JPM,100412,156"
2019-06-28 14:00:00.000000000,BEST_ASK,"JPM,100588,251"
2019-06-28 14:00:00.000000000,LAST_TRADE,"4,$100588.0000"
2019-06-28 14:00:00.000000000,QUERY_SPREAD,79
2019-06-28 14:00:00.000000000,BEST_BID,"JPM,100412,156"
2019-06-28 14:00:00.000000000,BEST_ASK,"JPM,100588,245"
2019-06-28 14:00:00.000000000,LAST_TRADE,"6,$100588.0000"
2019-06-28 14:00:00.000000000,QUERY_SPREAD,80
2019-06-28 14:00:00.000000000,BEST_BID,"JPM,100412,156"
2019-06-28 14:00:00.000000000,BEST_ASK,"JPM,100588,240"
2019-06-28 14:00:00.000000000,LAST_TRADE,"5,$100588.0000"
2019-06-28 14:00:00.000000000,QUERY_SPREAD,81
2019-06-28 14:00:00.000000000,BEST_BID,"JPM,100412,156"
2019-06-28 14:00:00.000000000,BEST_ASK,"JPM,100588,232"
2019-06-28 14:00:00.000000000,LAST_TRADE,"8,$100588.0000"
2019-06-28 14:00:00.000000000,QUERY_SPREAD,82
2019-06-28 14:00:00.000000000,BEST_BID,"JPM,100412,156"
2019-06-28 14:00:00.000000000,BEST_ASK,"JPM,100588,224"
2019-06-28 14:00:00.000000000,LAST_TRADE,"8,$100588.0000"
2019-06-28 14:00:00.000000000,QUERY_SPREAD,83
2019-06-28 14:00:00.000000000,BEST_BID,"JPM,100412,156"
2019-06-28 14:00:00.000000000,BEST_ASK,"JPM,100588,222"
2019-06-28 14:00:00.000000000,LAST_TRADE,"2,$100588.0000"
2019-06-28 14:00:00.000000000,QUERY_SPREAD,84
2019-06-28 14:00:00.000000000,BEST_BID,"JPM,100412,156"
2019-06-28 14:00:00.000000000,BEST_ASK,"JPM,100588,221"
2019-06-28 14:00:00.000000000,LAST_TRADE,"1,$100588.0000"
2019-06-28 14:00:00.000000000,QUERY_SPREAD,85
2019-06-28 14:00:00.000000000,BEST_BID,"JPM,100412,156"
2019-06-28 14:00:00.000000000,BEST_ASK,"JPM,100588,220"
2019-06-28 14:00:00.000000000,LAST_TRADE,"1,$100588.0000"
2019-06-28 14:00:00.000000000,QUERY_SPREAD,86
2019-06-28 14:00:00.000000000,BEST_BID,"JPM,100412,156"
2019-06-28 14:00:00.000000000,BEST_ASK,"JPM,100588,214"
2019-06-28 14:00:00.000000000,LAST_TRADE,"6,$100588.0000"
2019-06-28 14:00:00.000000000,QUERY_SPREAD,87
2019-06-28 14:00:00.000000000,BEST_BID,"JPM,100412,156"
2019-06-28 14:00:00.000000000,BEST_ASK,"JPM,100588,211"
2019-06-28 14:00:00.000000000,LAST_TRADE,"3,$100588.0000"
2019-06-28 14:00:00.000000000,QUERY_SPREAD,88
2019-06-28 14:00:00.000000000,BEST_BID,"JPM,100412,156"
2019-06-28 14:00:00.000000000,BEST_ASK,"JPM,100588,207"
2019-06-28 14:00:00.000000000,LAST_TRADE,"4,$100588.0000"
2019-06-28 14:00:00.000000000,QUERY_SPREAD,89
2019-06-28 14:00:00.000000000,BEST_BID,"JPM,100412,156"
2019-06-28 14:00:00.000000000,BEST_ASK,"JPM,100588,203"
2019-06-28 14:00:00.000000000,LAST_TRADE,"4,$100588.0000"
2019-06-28 14:00:00.000000000,QUERY_SPREAD,90
2019-06-28 14:00:00.000000000,BEST_BID,"JPM,100412,156"
2019-06-28 14:00:00.000000000,BEST_ASK,"JPM,100588,196"
2019-06-28 14:00:00.000000000,LAST_TRADE,"7,$100588.0000"
2019-06-28 14:00:00.000000000,QUERY_SPREAD,91
2019-06-28 14:00:00.000000000,BEST_BID,"JPM,100412,156"
2019-06-28 14:00:00.000000000,BEST_ASK,"JPM,100588,188"
2019-06-28 14:00:00.000000000,LAST_TRADE,"8,$100588.0000"
2019-06-28 14:00:00.000000000,QUERY_SPREAD,92
2019-06-28 14:00:00.000000000,BEST_BID,"JPM,100412,156"
2019-06-28 14:00:00.000000000,BEST_ASK,"JPM,100588,183"
2019-06-28 14:00:00.000000000,LAST_TRADE,"5,$100588.0000"
2019-06-28 14:00:00.000000000,QUERY_SPREAD,93
2019-06-28 14:00:00.000000000,BEST_BID,"JPM,100412,156"
2019-06-28 14:00:00.000000000,BEST_ASK,"JPM,100588,180"
2019-06-28 14:00:00.000000000,LAST_TRADE,"3,$100588.0000"
2019-06-28 14:00:00.000000000,QUERY_SPREAD,94
2019-06-28 14:00:00.000000000,BEST_BID,"JPM,100412,156"
2019-06-28 14:00:00.000000000,BEST_ASK,"JPM,100588,176"
2019-06-28 14:00:00.000000000,LAST_TRADE,"4,$100588.0000"
2019-06-28 14:00:00.000000000,QUERY_SPREAD,95
2019-06-28 14:00:00.000000000,BEST_BID,"JPM,100412,156"
2019-06-28 14:00:00.000000000,BEST_ASK,"JPM,100588,171"
2019-06-28 14:00:00.000000000,LAST_TRADE,"5,$100588.0000"
2019-06-28 14:00:00.000000000,QUERY_SPREAD,96
2019-06-28 14:00:00.000000000,BEST_BID,"JPM,100412,156"
2019-06-28 14:00:00.000000000,BEST_ASK,"JPM,100588,170"
2019-06-28 14:00:00.000000000,LAST_TRADE,"1,$100588.0000"
2019-06-28 14:00:00.000000000,QUERY_SPREAD,97
2019-06-28 14:00:00.000000000,BEST_BID,"JPM,100412,156"
2019-06-28 14:00:00.000000000,BEST_ASK,"JPM,100588,163"
2019-06-28 14:00:00.000000000,LAST_TRADE,"7,$100588.0000"
2019-06-28 14:00:00.000000000,QUERY_SPREAD,98
2019-06-28 14:00:00.000000000,BEST_BID,"JPM,100412,156"
2019-06-28 14:00:00.000000000,BEST_ASK,"JPM,100588,157"
2019-06-28 14:00:00.000000000,LAST_TRADE,"6,$100588.0000"
2019-06-28 14:00:00.000000000,QUERY_SPREAD,99
2019-06-28 14:00:00.000000000,BEST_BID,"JPM,100412,156"
2019-06-28 14:00:00.000000000,BEST_ASK,"JPM,100588,152"
2019-06-28 14:00:00.000000000,LAST_TRADE,"5,$100588.0000"
2019-06-28 14:00:00.000000000,QUERY_SPREAD,100
2019-06-28 14:00:00.000000000,BEST_BID,"JPM,100412,156"
2019-06-28 14:00:00.000000000,BEST_ASK,"JPM,100588,145"
2019-06-28 14:00:00.000000000,LAST_TRADE,"7,$100588.0000"
2019-06-28 14:00:00.000000000,QUERY_SPREAD,101
2019-06-28 14:00:00.000000000,QUERY_ORDER_STREAM,101
2019-06-28 14:00:01.294099204,QUERY_SPREAD,14
2019-06-28 14:00:01.294099204,BEST_BID,"JPM,100412,56"
2019-06-28 14:00:01.294099204,BEST_ASK,"JPM,100588,145"
2019-06-28 14:00:01.294099204,LAST_TRADE,"100,$100412.0000"
2019-06-28 14:00:10.000000000,QUERY_SPREAD,1
2019-06-28 14:00:10.000000000,BEST_BID,"JPM,100374,195"
2019-06-28 14:00:10.000000000,BEST_ASK,"JPM,100588,89"
2019-06-28 14:00:10.000000000,BEST_BID,"JPM,100374,195"
2019-06-28 14:00:10.000000000,BEST_ASK,"JPM,100588,89"
2019-06-28 14:00:10.000000000,BEST_BID,"JPM,100374,195"
2019-06-28 14:00:10.000000000,BEST_ASK,"JPM,100588,89"
2019-06-28 14:00:10.000000000,BEST_BID,"JPM,100374,195"
2019-06-28 14:00:10.000000000,BEST_ASK,"JPM,100588,184"
2019-06-28 14:00:10.000000000,BEST_BID,"JPM,100374,195"
2019-06-28 14:00:10.000000000,BEST_ASK,"JPM,100588,184"
2019-06-28 14:00:10.000000000,BEST_BID,"JPM,100374,195"
2019-06-28 14:00:10.000000000,BEST_ASK,"JPM,100588,184"
2019-06-28 14:00:15.140110144,QUERY_ORDER_STREAM,58
2019-06-28 14:00:15.140110144,QUERY_SPREAD,58
2019-06-28 14:00:15.922571028,QUERY_SPREAD,38
2019-06-28 14:00:15.922571028,BEST_BID,"JPM,100374,195"
2019-06-28 14:00:15.922571028,BEST_ASK,"JPM,100588,184"
2019-06-28 14:00:16.023439685,QUERY_SPREAD,30
2019-06-28 14:00:16.023439685,BEST_BID,"JPM,100374,95"
2019-06-28 14:00:16.023439685,BEST_ASK,"JPM,100588,184"
2019-06-28 14:00:16.023439685,LAST_TRADE,"100,$100374.0000"
2019-06-28 14:00:20.000000000,QUERY_SPREAD,1
2019-06-28 14:00:20.000000000,BEST_BID,"JPM,100081,195"
2019-06-28 14:00:20.000000000,BEST_ASK,"JPM,100588,89"
2019-06-28 14:00:20.000000000,BEST_BID,"JPM,100081,195"
2019-06-28 14:00:20.000000000,BEST_ASK,"JPM,100588,89"
2019-06-28 14:00:20.000000000,BEST_BID,"JPM,100081,195"
2019-06-28 14:00:20.000000000,BEST_ASK,"JPM,100588,89"
2019-06-28 14:00:20.000000000,BEST_BID,"JPM,100081,195"
2019-06-28 14:00:20.000000000,BEST_ASK,"JPM,100588,184"
2019-06-28 14:00:20.000000000,BEST_BID,"JPM,100081,195"
2019-06-28 14:00:20.000000000,BEST_ASK,"JPM,100588,184"
2019-06-28 14:00:20.000000000,BEST_BID,"JPM,100081,195"
2019-06-28 14:00:20.000000000,BEST_ASK,"JPM,100588,184"
2019-06-28 14:00:26.169516606,QUERY_ORDER_STREAM,62
2019-06-28 14:00:26.169516606,QUERY_SPREAD,62
2019-06-28 14:00:26.169516606,BEST_BID,"JPM,100081,195"
2019-06-28 14:00:26.169516606,BEST_ASK,"JPM,100412,100"
2019-06-28 14:00:27.381919969,QUERY_ORDER_STREAM,58
2019-06-28 14:00:27.381919969,QUERY_SPREAD,58
2019-06-28 14:00:27.381919969,BEST_BID,"JPM,100081,195"
2019-06-28 14:00:27.381919969,BEST_ASK,"JPM,100412,200"
2019-06-28 14:00:30.000000000,QUERY_SPREAD,1
2019-06-28 14:00:30.000000000,BEST_BID,"JPM,100081,170"
2019-06-28 14:00:30.000000000,BEST_ASK,"JPM,100412,200"
2019-06-28 14:00:30.000000000,BEST_BID,"JPM,100081,170"
2019-06-28 14:00:30.000000000,BEST_ASK,"JPM,100412,200"
2019-06-28 14:00:30.000000000,BEST_BID,"JPM,100081,170"
2019-06-28 14:00:30.000000000,BEST_ASK,"JPM,100412,200"
2019-06-28 14:00:30.000000000,BEST_BID,"JPM,100081,170"
2019-06-28 14:00:30.000000000,BEST_ASK,"JPM,100412,200"
2019-06-28 14:00:30.000000000,BEST_BID,"JPM,100081,170"
2019-06-28 14:00:30.000000000,BEST_ASK,"JPM,100412,270"
2019-06-28 14:00:30.000000000,BEST_BID,"JPM,100081,170"
2019-06-28 14:00:30.000000000,BEST_ASK,"JPM,100412,270"
2019-06-28 14:00:30.000000000,BEST_BID,"JPM,100081,170"
2019-06-28 14:00:30.000000000,BEST_ASK,"JPM,100412,270"
2019-06-28 14:00:30.000000000,BEST_BID,"JPM,100081,170"
2019-06-28 14:00:30.000000000,BEST_ASK,"JPM,100412,270"
2019-06-28 14:00:40.000000000,QUERY_SPREAD,1
2019-06-28 14:00:40.000000000,BEST_BID,"JPM,100081,156"
2019-06-28 14:00:40.000000000,BEST_ASK,"JPM,100412,200"
2019-06-28 14:00:40.000000000,BEST_BID,"JPM,100081,156"
2019-06-28 14:00:40.000000000,BEST_ASK,"JPM,100412,200"
2019-06-28 14:00:40.000000000,BEST_BID,"JPM,100081,156"
2019-06-28 14:00:40.000000000,BEST_ASK,"JPM,100412,200"
2019-06-28 14:00:40.000000000,BEST_BID,"JPM,100081,156"
2019-06-28 14:00:40.000000000,BEST_ASK,"JPM,100412,200"
2019-06-28 14:00:40.000000000,BEST_BID,"JPM,100081,156"
2019-06-28 14:00:40.000000000,BEST_ASK,"JPM,100412,200"
2019-06-28 14:00:40.000000000,BEST_BID,"JPM,100081,156"
2019-06-28 14:00:40.000000000,BEST_ASK,"JPM,100412,256"
2019-06-28 14:00:40.000000000,BEST_BID,"JPM,100081,156"
2019-06-28 14:00:40.000000000,BEST_ASK,"JPM,100412,256"
2019-06-28 14:00:40.000000000,BEST_BID,"JPM,100081,156"
2019-06-28 14:00:40.000000000,BEST_ASK,"JPM,100412,256"
2019-06-28 14:00:40.000000000,BEST_BID,"JPM,100081,156"
2019-06-28 14:00:40.000000000,BEST_ASK,"JPM,100412,256"
2019-06-28 14:00:40.000000000,BEST_BID,"JPM,100081,156"
2019-06-28 14:00:40.000000000,BEST_ASK,"JPM,100412,256"
2019-06-28 14:00:45.180005317,QUERY_ORDER_STREAM,75
2019-06-28 14:00:45.180005317,QUERY_SPREAD,75
2019-06-28 14:00:50.000000000,QUERY_SPREAD,1
2019-06-28 14:00:50.000000000,BEST_BID,"JPM,100081,195"
2019-06-28 14:00:50.000000000,BEST_ASK,"JPM,100412,200"
2019-06-28 14:00:50.000000000,BEST_BID,"JPM,100081,195"
2019-06-28 14:00:50.000000000,BEST_ASK,"JPM,100412,200"
2019-06-28 14:00:50.000000000,BEST_BID,"JPM,100081,195"
2019-06-28 14:00:50.000000000,BEST_ASK,"JPM,100412,200"
2019-06-28 14:00:50.000000000,BEST_BID,"JPM,100081,195"
2019-06-28 14:00:50.000000000,BEST_ASK,"JPM,100412,295"
2019-06-28 14:00:50.000000000,BEST_BID,"JPM,100081,195"
2019-06-28 14:00:50.000000000,BEST_ASK,"JPM,100412,295"
2019-06-28 14:00:50.000000000,BEST_BID,"JPM,100081,195"
2019-06-28 14:00:50.000000000,BEST_ASK,"JPM,100412,295"
2019-06-28 14:00:56.248886580,QUERY_SPREAD,47
2019-06-28 14:00:56.248886580,BEST_BID,"JPM,100081,95"
2019-06-28 14:00:56.248886580,BEST_ASK,"JPM,100412,295"
2019-06-28 14:00:56.248886580,LAST_TRADE,"100,$100081.0000"
2019-06-28 14:01:00.000000000,QUERY_SPREAD,1
2019-06-28 14:01:00.000000000,BEST_BID,"JPM,99416,380"
2019-06-28 14:01:00.000000000,BEST_ASK,"JPM,100412,200"
2019-06-28 14:01:00.000000000,BEST_BID,"JPM,99416,380"
2019-06-28 14:01:00.000000000,BEST_ASK,"JPM,100412,480"
2019-06-28 14:01:00.000000000,QUERY_SPREAD,77
2019-06-28 14:01:00.000000000,BEST_BID,"JPM,99416,380"
2019-06-28 14:01:00.000000000,BEST_ASK,"JPM,100412,479"
2019-06-28 14:01:00.000000000,LAST_TRADE,"1,$100412.0000"
2019-06-28 14:01:00.000000000,QUERY_SPREAD,78
2019-06-28 14:01:00.000000000,BEST_BID,"JPM,99416,380"
2019-06-28 14:01:00.000000000,BEST_ASK,"JPM,100412,475"
2019-06-28 14:01:00.000000000,LAST_TRADE,"4,$100412.0000"
2019-06-28 14:01:00.000000000,QUERY_SPREAD,79
2019-06-28 14:01:00.000000000,BEST_BID,"JPM,99416,380"
2019-06-28 14:01:00.000000000,BEST_ASK,"JPM,100412,469"
2019-06-28 14:01:00.000000000,LAST_TRADE,"6,$100412.0000"
2019-06-28 14:01:00.000000000,QUERY_SPREAD,80
2019-06-28 14:01:00.000000000,BEST_BID,"JPM,99416,380"
2019-06-28 14:01:00.000000000,BEST_ASK,"JPM,100412,464"
2019-06-28 14:01:00.000000000,LAST_TRADE,"5,$100412.0000"
2019-06-28 14:01:00.000000000,QUERY_SPREAD,81
2019-06-28 14:01:00.000000000,BEST_BID,"JPM,99416,380"
2019-06-28 14:01:00.000000000,BEST_ASK,"JPM,100412,456"
2019-06-28 14:01:00.000000000,LAST_TRADE,"8,$100412.0000"
2019-06-28 14:01:00.000000000,QUERY_SPREAD,82
2019-06-28 14:01:00.000000000,BEST_BID,"JPM,99416,380"
2019-06-28 14:01:00.000000000,BEST_ASK,"JPM,100412,448"
2019-06-28 14:01:00.000000000,LAST_TRADE,"8,$100412.0000"
2019-06-28 14:01:00.000000000,QUERY_SPREAD,83
2019-06-28 14:01:00.000000000,BEST_BID,"JPM,99416,380"
2019-06-28 14:01:00.000000000,BEST_ASK,"JPM,100412,446"
2019-06-28 14:01:00.000000000,LAST_TRADE,"2,$100412.0000"
2019-06-28 14:01:00.000000000,QUERY_SPREAD,84
2019-06-28 14:01:00.000000000,BEST_BID,"JPM,99416,380"
2019-06-28 14:01:00.000000000,BEST_ASK,"JPM,100412,445"
2019-06-28 14:01:00.000000000,LAST_TRADE,"1,$100412.0000"
2019-06-28 14:01:00.000000000,QUERY_SPREAD,85
2019-06-28 14:01:00.000000000,BEST_BID,"JPM,99416,380"
2019-06-28 14:01:00.000000000,BEST_ASK,"JPM,100412,444"
2019-06-28 14:01:00.000000000,LAST_TRADE,"1,$100412.0000"
2019-06-28 14:01:00.000000000,QUERY_SPREAD,86
2019-06-28 14:01:00.000000000,BEST_BID,"JPM,99416,380"
2019-06-28 14:01:00.000000000,BEST_ASK,"JPM,100412,438"
2019-06-28 14:01:00.000000000,LAST_TRADE,"6,$100412.0000"
2019-06-28 14:01:00.000000000,QUERY_SPREAD,87
2019-06-28 14:01:00.000000000,BEST_BID,"JPM,99416,380"
2019-06-28 14:01:00.000000000,BEST_ASK,"JPM,100412,435"
2019-06-28 14:01:00.000000000,LAST_TRADE,"3,$100412.0000"
2019-06-28 14:01:00.000000000,QUERY_SPREAD,88
2019-06-28 14:01:00.000000000,BEST_BID,"JPM,99416,380"
2019-06-28 14:01:00.000000000,BEST_ASK,"JPM,100412,431"
2019-06-28 14:01:00.000000000,LAST_TRADE,"4,$100412.0000"
2019-06-28 14:01:00.000000000,QUERY_SPREAD,89
2019-06-28 14:01:00.000000000,BEST_BID,"JPM,99416,380"
2019-06-28 14:01:00.000000000,BEST_ASK,"JPM,100412,427"
2019-06-28 14:01:00.000000000,LAST_TRADE,"4,$100412.0000"
2019-06-28 14:01:00.000000000,QUERY_SPREAD,90
2019-06-28 14:01:00.000000000,BEST_BID,"JPM,99416,380"
2019-06-28 14:01:00.000000000,BEST_ASK,"JPM,100412,420"
2019-06-28 14:01:00.000000000,LAST_TRADE,"7,$100412.0000"
2019-06-28 14:01:00.000000000,QUERY_SPREAD,91
2019-06-28 14:01:00.000000000,BEST_BID,"JPM,99416,380"
2019-06-28 14:01:00.000000000,BEST_ASK,"JPM,100412,412"
2019-06-28 14:01:00.000000000,LAST_TRADE,"8,$100412.0000"
2019-06-28 14:01:00.000000000,QUERY_SPREAD,92
2019-06-28 14:01:00.000000000,BEST_BID,"JPM,99416,380"
2019-06-28 14:01:00.000000000,BEST_ASK,"JPM,100412,407"
2019-06-28 14:01:00.000000000,LAST_TRADE,"5,$100412.0000"
2019-06-28 14:01:00.000000000,QUERY_SPREAD,93
2019-06-28 14:01:00.000000000,BEST_BID,"JPM,99416,380"
2019-06-28 14:01:00.000000000,BEST_ASK,"JPM,100412,404"
2019-06-28 14:01:00.000000000,LAST_TRADE,"3,$100412.0000"
2019-06-28 14:01:00.000000000,QUERY_SPREAD,94
2019-06-28 14:01:00.000000000,BEST_BID,"JPM,99416,380"
2019-06-28 14:01:00.000000000,BEST_ASK,"JPM,100412,400"
2019-06-28 14:01:00.000000000,LAST_TRADE,"4,$100412.0000"
2019-06-28 14:01:00.000000000,QUERY_SPREAD,95
2019-06-28 14:01:00.000000000,BEST_BID,"JPM,99416,380"
2019-06-28 14:01:00.000000000,BEST_ASK,"JPM,100412,395"
2019-06-28 14:01:00.000000000,LAST_TRADE,"5,$100412.0000"
2019-06-28 14:01:00.000000000,QUERY_SPREAD,96
2019-06-28 14:01:00.000000000,BEST_BID,"JPM,99416,380"
2019-06-28 14:01:00.000000000,BEST_ASK,"JPM,100412,394"
2019-06-28 14:01:00.000000000,LAST_TRADE,"1,$100412.0000"
2019-06-28 14:01:00.000000000,QUERY_SPREAD,97
2019-06-28 14:01:00.000000000,BEST_BID,"JPM,99416,380"
2019-06-28 14:01:00.000000000,BEST_ASK,"JPM,100412,387"
2019-06-28 14:01:00.000000000,LAST_TRADE,"7,$100412.0000"
2019-06-28 14:01:00.000000000,QUERY_SPREAD,98
2019-06-28 14:01:00.000000000,BEST_BID,"JPM,99416,380"
2019-06-28 14:01:00.000000000,BEST_ASK,"JPM,100412,381"
2019-06-28 14:01:00.000000000,LAST_TRADE,"6,$100412.0000"
2019-06-28 14:01:00.000000000,QUERY_SPREAD,99
2019-06-28 14:01:00.000000000,BEST_BID,"JPM,99416,380"
2019-06-28 14:01:00.000000000,BEST_ASK,"JPM,100412,376"
2019-06-28 14:01:00.000000000,LAST_TRADE,"5,$100412.0000"
2019-06-28 14:01:00.000000000,QUERY_SPREAD,100
2019-06-28 14:01:00.000000000,BEST_BID,"JPM,99416,380"
2019-06-28 14:01:00.000000000,BEST_ASK,"JPM,100412,369"
2019-06-28 14:01:00.000000000,LAST_TRADE,"7,$100412.0000"
2019-06-28 14:01:00.000000000,QUERY_SPREAD,101
2019-06-28 14:01:00.000000000,QUERY_ORDER_STREAM,101
2019-06-28 14:01:10.000000000,QUERY_SPREAD,1
2019-06-28 14:01:10.000000000,BEST_BID,"JPM,99416,240"
2019-06-28 14:01:10.000000000,BEST_ASK,"JPM,100412,89"
2019-06-28 14:01:10.000000000,BEST_BID,"JPM,99416,240"
2019-06-28 14:01:10.000000000,BEST_ASK,"JPM,100412,89"
2019-06-28 14:01:10.000000000,BEST_BID,"JPM,99416,240"
2019-06-28 14:01:10.000000000,BEST_ASK,"JPM,100412,229"
2019-06-28 14:01:10.000000000,BEST_BID,"JPM,99416,240"
2019-06-28 14:01:10.000000000,BEST_ASK,"JPM,100412,229"
2019-06-28 14:01:16.526636936,QUERY_ORDER_STREAM,62
2019-06-28 14:01:16.526636936,QUERY_SPREAD,62
2019-06-28 14:01:16.526636936,BEST_BID,"JPM,99416,240"
2019-06-28 14:01:16.526636936,BEST_ASK,"JPM,100412,329"
2019-06-28 14:01:20.000000000,QUERY_SPREAD,1
2019-06-28 14:01:20.000000000,BEST_BID,"JPM,99416,170"
2019-06-28 14:01:20.000000000,BEST_ASK,"JPM,100412,189"
2019-06-28 14:01:20.000000000,BEST_BID,"JPM,99416,170"
2019-06-28 14:01:20.000000000,BEST_ASK,"JPM,100412,189"
2019-06-28 14:01:20.000000000,BEST_BID,"JPM,99416,170"
2019-06-28 14:01:20.000000000,BEST_ASK,"JPM,100412,189"
2019-06-28 14:01:20.000000000,BEST_BID,"JPM,99416,170"
2019-06-28 14:01:20.000000000,BEST_ASK,"JPM,100412,189"
2019-06-28 14:01:20.000000000,BEST_BID,"JPM,99416,170"
2019-06-28 14:01:20.000000000,BEST_ASK,"JPM,100412,259"
2019-06-28 14:01:20.000000000,BEST_BID,"JPM,99416,170"
2019-06-28 14:01:20.000000000,BEST_ASK,"JPM,100412,259"
2019-06-28 14:01:20.000000000,BEST_BID,"JPM,99416,170"
2019-06-28 14:01:20.000000000,BEST_ASK,"JPM,100412,259"
2019-06-28 14:01:20.000000000,BEST_BID,"JPM,99416,170"
2019-06-28 14:01:20.000000000,BEST_ASK,"JPM,100412,259"
2019-06-28 14:01:23.429425305,QUERY_SPREAD,2
2019-06-28 14:01:23.429425305,BEST_BID,"JPM,99416,170"
2019-06-28 14:01:23.429425305,BEST_ASK,"JPM,99876,100"
2019-06-28 14:01:30.000000000,QUERY_SPREAD,1
2019-06-28 14:01:30.000000000,BEST_BID,"JPM,99416,240"
2019-06-28 14:01:30.000000000,BEST_ASK,"JPM,99876,100"
2019-06-28 14:01:30.000000000,BEST_BID,"JPM,99416,240"
2019-06-28 14:01:30.000000000,BEST_ASK,"JPM,99876,100"
2019-06-28 14:01:30.000000000,BEST_BID,"JPM,99416,240"
2019-06-28 14:01:30.000000000,BEST_ASK,"JPM,99876,240"
2019-06-28 14:01:30.000000000,BEST_BID,"JPM,99416,240"
2019-06-28 14:01:30.000000000,BEST_ASK,"JPM,99876,240"
2019-06-28 14:01:40.000000000,QUERY_SPREAD,1
2019-06-28 14:01:40.000000000,BEST_BID,"JPM,99416,170"
2019-06-28 14:01:40.000000000,BEST_ASK,"JPM,99876,100"
2019-06-28 14:01:40.000000000,BEST_BID,"JPM,99416,170"
2019-06-28 14:01:40.000000000,BEST_ASK,"JPM,99876,100"
2019-06-28 14:01:40.000000000,BEST_BID,"JPM,99416,170"
2019-06-28 14:01:40.000000000,BEST_ASK,"JPM,99876,100"
2019-06-28 14:01:40.000000000,BEST_BID,"JPM,99416,170"
2019-06-28 14:01:40.000000000,BEST_ASK,"JPM,99876,100"
2019-06-28 14:01:40.000000000,BEST_BID,"JPM,99416,170"
2019-06-28 14:01:40.000000000,BEST_ASK,"JPM,99876,170"
2019-06-28 14:01:40.000000000,BEST_BID,"JPM,99416,170"
2019-06-28 14:01:40.000000000,BEST_ASK,"JPM,99876,170"
2019-06-28 14:01:40.000000000,BEST_BID,"JPM,99416,170"
2019-06-28 14:01:40.000000000,BEST_ASK,"JPM,99876,170"
2019-06-28 14:01:40.000000000,BEST_BID,"JPM,99416,170"
2019-06-28 14:01:40.000000000,BEST_ASK,"JPM,99876,170"
2019-06-28 14:01:50.000000000,QUERY_SPREAD,1
2019-06-28 14:01:50.000000000,BEST_BID,"JPM,99416,240"
2019-06-28 14:01:50.000000000,BEST_ASK,"JPM,99876,100"
2019-06-28 14:01:50.000000000,BEST_BID,"JPM,99416,240"
2019-06-28 14:01:50.000000000,BEST_ASK,"JPM,99876,100"
2019-06-28 14:01:50.000000000,BEST_BID,"JPM,99416,240"
2019-06-28 14:01:50.000000000,BEST_ASK,"JPM,99876,240"
2019-06-28 14:01:50.000000000,BEST_BID,"JPM,99416,240"
2019-06-28 14:01:50.000000000,BEST_ASK,"JPM,99876,240"
2019-06-28 14:01:51.161826029,QUERY_SPREAD,41
2019-06-28 14:01:51.161826029,BEST_BID,"JPM,99416,240"
2019-06-28 14:01:51.161826029,BEST_ASK,"JPM,99580,100"
2019-06-28 14:01:53.001986558,QUERY_ORDER_STREAM,71
2019-06-28 14:01:53.001986558,QUERY_SPREAD,71
2019-06-28 14:02:00.000000000,QUERY_SPREAD,1
2019-06-28 14:02:00.000000000,BEST_BID,"JPM,99416,156"
2019-06-28 14:02:00.000000000,BEST_ASK,"JPM,99580,100"
2019-06-28 14:02:00.000000000,BEST_BID,"JPM,99416,156"
2019-06-28 14:02:00.000000000,BEST_ASK,"JPM,99580,100"
2019-06-28 14:02:00.000000000,BEST_BID,"JPM,99416,156"
2019-06-28 14:02:00.000000000,BEST_ASK,"JPM,99580,100"
2019-06-28 14:02:00.000000000,BEST_BID,"JPM,99416,156"
2019-06-28 14:02:00.000000000,BEST_ASK,"JPM,99580,100"
2019-06-28 14:02:00.000000000,BEST_BID,"JPM,99416,156"
2019-06-28 14:02:00.000000000,BEST_ASK,"JPM,99580,100"
2019-06-28 14:02:00.000000000,BEST_BID,"JPM,99416,156"
2019-06-28 14:02:00.000000000,BEST_ASK,"JPM,99580,156"
2019-06-28 14:02:00.000000000,BEST_BID,"JPM,99416,156"
2019-06-28 14:02:00.000000000,BEST_ASK,"JPM,99580,156"
2019-06-28 14:02:00.000000000,BEST_BID,"JPM,99416,156"
2019-06-28 14:02:00.000000000,BEST_ASK,"JPM,99580,156"
2019-06-28 14:02:00.000000000,BEST_BID,"JPM,99416,156"
2019-06-28 14:02:00.000000000,BEST_ASK,"JPM,99580,156"
2019-06-28 14:02:00.000000000,BEST_BID,"JPM,99416,156"
2019-06-28 14:02:00.000000000,BEST_ASK,"JPM,99580,156"
2019-06-28 14:02:00.000000000,QUERY_SPREAD,77
2019-06-28 14:02:00.000000000,BEST_BID,"JPM,99416,156"
2019-06-28 14:02:00.000000000,BEST_ASK,"JPM,99580,155"
2019-06-28 14:02:00.000000000,LAST_TRADE,"1,$99580.0000"
2019-06-28 14:02:00.000000000,QUERY_SPREAD,78
2019-06-28 14:02:00.000000000,BEST_BID,"JPM,99416,156"
2019-06-28 14:02:00.000000000,BEST_ASK,"JPM,99580,151"
2019-06-28 14:02:00.000000000,LAST_TRADE,"4,$99580.0000"
2019-06-28 14:02:00.000000000,QUERY_SPREAD,79
2019-06-28 14:02:00.000000000,BEST_BID,"JPM,99416,156"
2019-06-28 14:02:00.000000000,BEST_ASK,"JPM,99580,145"
2019-06-28 14:02:00.000000000,LAST_TRADE,"6,$99580.0000"
2019-06-28 14:02:00.000000000,QUERY_SPREAD,80
2019-06-28 14:02:00.000000000,BEST_BID,"JPM,99416,156"
2019-06-28 14:02:00.000000000,BEST_ASK,"JPM,99580,140"
2019-06-28 14:02:00.000000000,LAST_TRADE,"5,$99580.0000"
2019-06-28 14:02:00.000000000,QUERY_SPREAD,81
2019-06-28 14:02:00.000000000,BEST_BID,"JPM,99416,156"
2019-06-28 14:02:00.000000000,BEST_ASK,"JPM,99580,132"
2019-06-28 14:02:00.000000000,LAST_TRADE,"8,$99580.0000"
2019-06-28 14:02:00.000000000,QUERY_SPREAD,82
2019-06-28 14:02:00.000000000,BEST_BID,"JPM,99416,156"
2019-06-28 14:02:00.000000000,BEST_ASK,"JPM,99580,124"
2019-06-28 14:02:00.000000000,LAST_TRADE,"8,$99580.0000"
2019-06-28 14:02:00.000000000,QUERY_SPREAD,83
2019-06-28 14:02:00.000000000,BEST_BID,"JPM,99416,156"
2019-06-28 14:02:00.000000000,BEST_ASK,"JPM,99580,122"
2019-06-28 14:02:00.000000000,LAST_TRADE,"2,$99580.0000"
2019-06-28 14:02:00.000000000,QUERY_SPREAD,84
2019-06-28 14:02:00.000000000,BEST_BID,"JPM,99416,156"
2019-06-28 14:02:00.000000000,BEST_ASK,"JPM,99580,121"
2019-06-28 14:02:00.000000000,LAST_TRADE,"1,$99580.0000"
2019-06-28 14:02:00.000000000,QUERY_SPREAD,85
2019-06-28 14:02:00.000000000,BEST_BID,"JPM,99416,156"
2019-06-28 14:02:00.000000000,BEST_ASK,"JPM,99580,120"
2019-06-28 14:02:00.000000000,LAST_TRADE,"1,$99580.0000"
2019-06-28 14:02:00.000000000,QUERY_SPREAD,86
2019-06-28 14:02:00.000000000,BEST_BID,"JPM,99416,156"
2019-06-28 14:02:00.000000000,BEST_ASK,"JPM,99580,114"
2019-06-28 14:02:00.000000000,LAST_TRADE,"6,$99580.0000"
2019-06-28 14:02:00.000000000,QUERY_SPREAD,87
2019-06-28 14:02:00.000000000,BEST_BID,"JPM,99416,156"
2019-06-28 14:02:00.000000000,BEST_ASK,"JPM,99580,111"
2019-06-28 14:02:00.000000000,LAST_TRADE,"3,$99580.0000"
2019-06-28 14:02:00.000000000,QUERY_SPREAD,88
2019-06-28 14:02:00.000000000,BEST_BID,"JPM,99416,156"
2019-06-28 14:02:00.000000000,BEST_ASK,"JPM,99580,107"
2019-06-28 14:02:00.000000000,LAST_TRADE,"4,$99580.0000"
2019-06-28 14:02:00.000000000,QUERY_SPREAD,89
2019-06-28 14:02:00.000000000,BEST_BID,"JPM,99416,156"
2019-06-28 14:02:00.000000000,BEST_ASK,"JPM,99580,103"
2019-06-28 14:02:00.000000000,LAST_TRADE,"4,$99580.0000"
2019-06-28 14:02:00.000000000,QUERY_SPREAD,90
2019-06-28 14:02:00.000000000,BEST_BID,"JPM,99416,156"
2019-06-28 14:02:00.000000000,BEST_ASK,"JPM,99580,96"
2019-06-28 14:02:00.000000000,LAST_TRADE,"7,$99580.0000"
2019-06-28 14:02:00.000000000,QUERY_SPREAD,91
2019-06-28 14:02:00.000000000,BEST_BID,"JPM,99416,156"
2019-06-28 14:02:00.000000000,BEST_ASK,"JPM,99580,88"
2019-06-28 14:02:00.000000000,LAST_TRADE,"8,$99580.0000"
2019-06-28 14:02:00.000000000,QUERY_SPREAD,92
2019-06-28 14:02:00.000000000,BEST_BID,"JPM,99416,156"
2019-06-28 14:02:00.000000000,BEST_ASK,"JPM,99580,83"
2019-06-28 14:02:00.000000000,LAST_TRADE,"5,$99580.0000"
2019-06-28 14:02:00.000000000,QUERY_SPREAD,93
2019-06-28 14:02:00.000000000,BEST_BID,"JPM,99416,156"
2019-06-28 14:02:00.000000000,BEST_ASK,"JPM,99580,80"
2019-06-28 14:02:00.000000000,LAST_TRADE,"3,$99580.0000"
2019-06-28 14:02:00.000000000,QUERY_SPREAD,94
2019-06-28 14:02:00.000000000,BEST_BID,"JPM,99416,156"
2019-06-28 14:02:00.000000000,BEST_ASK,"JPM,99580,76"
2019-06-28 14:02:00.000000000,LAST_TRADE,"4,$99580.0000"
2019-06-28 14:02:00.000000000,QUERY_SPREAD,95
2019-06-28 14:02:00.000000000,BEST_BID,"JPM,99416,156"
2019-06-28 14:02:00.000000000,BEST_ASK,"JPM,99580,71"
2019-06-28 14:02:00.000000000,LAST_TRADE,"5,$99580.0000"
2019-06-28 14:02:00.000000000,QUERY_SPREAD,96
2019-06-28 14:02:00.000000000,BEST_BID,"JPM,99416,156"
2019-06-28 14:02:00.000000000,BEST_ASK,"JPM,99580,70"
2019-06-28 14:02:00.000000000,LAST_TRADE,"1,$99580.0000"
2019-06-28 14:02:00.000000000,QUERY_SPREAD,97
2019-06-28 14:02:00.000000000,BEST_BID,"JPM,99416,156"
2019-06-28 14:02:00.000000000,BEST_ASK,"JPM,99580,63"
2019-06-28 14:02:00.000000000,LAST_TRADE,"7,$99580.0000"
2019-06-28 14:02:00.000000000,QUERY_SPREAD,98
2019-06-28 14:02:00.000000000,BEST_BID,"JPM,99416,156"
2019-06-28 14:02:00.000000000,BEST_ASK,"JPM,99580,57"
2019-06-28 14:02:00.000000000,LAST_TRADE,"6,$99580.0000"
2019-06-28 14:02:00.000000000,QUERY_SPREAD,99
2019-06-28 14:02:00.000000000,BEST_BID,"JPM,99416,156"
2019-06-28 14:02:00.000000000,BEST_ASK,"JPM,99580,52"
2019-06-28 14:02:00.000000000,LAST_TRADE,"5,$99580.0000"
2019-06-28 14:02:00.000000000,QUERY_SPREAD,100
2019-06-28 14:02:00.000000000,BEST_BID,"JPM,99416,156"
2019-06-28 14:02:00.000000000,BEST_ASK,"JPM,99580,45"
2019-06-28 14:02:00.000000000,LAST_TRADE,"7,$99580.0000"
2019-06-28 14:02:00.000000000,QUERY_SPREAD,101
2019-06-28 14:02:00.000000000,QUERY_ORDER_STREAM,101
2019-06-28 14:02:10.000000000,QUERY_SPREAD,1
2019-06-28 14:02:10.000000000,BEST_BID,"JPM,99416,170"
2019-06-28 14:02:10.000000000,BEST_ASK,"JPM,99876,100"
2019-06-28 14:02:10.000000000,BEST_BID,"JPM,99416,170"
2019-06-28 14:02:10.000000000,BEST_ASK,"JPM,99876,100"
2019-06-28 14:02:10.000000000,BEST_BID,"JPM,99416,170"
2019-06-28 14:02:10.000000000,BEST_ASK,"JPM,99876,100"
2019-06-28 14:02:10.000000000,BEST_BID,"JPM,99416,170"
2019-06-28 14:02:10.000000000,BEST_ASK,"JPM,99876,100"
2019-06-28 14:02:10.000000000,BEST_BID,"JPM,99416,170"
2019-06-28 14:02:10.000000000,BEST_ASK,"JPM,99876,170"
2019-06-28 14:02:10.000000000,BEST_BID,"JPM,99416,170"
2019-06-28 14:02:10.000000000,BEST_ASK,"JPM,99876,170"
2019-06-28 14:02:10.000000000,BEST_BID,"JPM,99416,170"
2019-06-28 14:02:10.000000000,BEST_ASK,"JPM,99876,170"
2019-06-28 14:02:10.000000000,BEST_BID,"JPM,99416,170"
2019-06-28 14:02:10.000000000,BEST_ASK,"JPM,99876,170"
2019-06-28 14:02:14.907342413,QUERY_SPREAD,7
2019-06-28 14:02:14.907342413,BEST_BID,"JPM,99416,70"
2019-06-28 14:02:14.907342413,BEST_ASK,"JPM,99876,170"
2019-06-28 14:02:14.907342413,LAST_TRADE,"100,$99416.0000"
2019-06-28 14:02:20.000000000,QUERY_SPREAD,1
2019-06-28 14:02:20.000000000,BEST_BID,"JPM,99252,240"
2019-06-28 14:02:20.000000000,BEST_ASK,"JPM,99876,100"
2019-06-28 14:02:20.000000000,BEST_BID,"JPM,99252,240"
2019-06-28 14:02:20.000000000,BEST_ASK,"JPM,99876,100"
2019-06-28 14:02:20.000000000,BEST_BID,"JPM,99252,240"
2019-06-28 14:02:20.000000000,BEST_ASK,"JPM,99876,240"
2019-06-28 14:02:20.000000000,BEST_BID,"JPM,99252,240"
2019-06-28 14:02:20.000000000,BEST_ASK,"JPM,99876,240"
2019-06-28 14:02:25.288816155,QUERY_SPREAD,18
2019-06-28 14:02:25.288816155,BEST_BID,"JPM,99604,100"
2019-06-28 14:02:25.288816155,BEST_ASK,"JPM,99876,240"
2019-06-28 14:02:30.000000000,QUERY_SPREAD,1
2019-06-28 14:02:30.000000000,BEST_BID,"JPM,99604,156"
2019-06-28 14:02:30.000000000,BEST_ASK,"JPM,99876,100"
2019-06-28 14:02:30.000000000,BEST_BID,"JPM,99604,156"
2019-06-28 14:02:30.000000000,BEST_ASK,"JPM,99876,100"
2019-06-28 14:02:30.000000000,BEST_BID,"JPM,99604,156"
2019-06-28 14:02:30.000000000,BEST_ASK,"JPM,99876,100"
2019-06-28 14:02:30.000000000,BEST_BID,"JPM,99604,156"
2019-06-28 14:02:30.000000000,BEST_ASK,"JPM,99876,100"
2019-06-28 14:02:30.000000000,BEST_BID,"JPM,99604,156"
2019-06-28 14:02:30.000000000,BEST_ASK,"JPM,99876,100"
2019-06-28 14:02:30.000000000,BEST_BID,"JPM,99604,156"
2019-06-28 14:02:30.000000000,BEST_ASK,"JPM,99876,156"
2019-06-28 14:02:30.000000000,BEST_BID,"JPM,99604,156"
2019-06-28 14:02:30.000000000,BEST_ASK,"JPM,99876,156"
2019-06-28 14:02:30.000000000,BEST_BID,"JPM,99604,156"
2019-06-28 14:02:30.000000000,BEST_ASK,"JPM,99876,156"
2019-06-28 14:02:30.000000000,BEST_BID,"JPM,99604,156"
2019-06-28 14:02:30.000000000,BEST_ASK,"JPM,99876,156"
2019-06-28 14:02:30.000000000,BEST_BID,"JPM,99604,156"
2019-06-28 14:02:30.000000000,BEST_ASK,"JPM,99876,156"
2019-06-28 14:02:40.000000000,QUERY_SPREAD,1
2019-06-28 14:02:40.000000000,BEST_BID,"JPM,99604,240"
2019-06-28 14:02:40.000000000,BEST_ASK,"JPM,99876,100"
2019-06-28 14:02:40.000000000,BEST_BID,"JPM,99604,240"
2019-06-28 14:02:40.000000000,BEST_ASK,"JPM,99876,100"
2019-06-28 14:02:40.000000000,BEST_BID,"JPM,99604,240"
2019-06-28 14:02:40.000000000,BEST_ASK,"JPM,99876,240"
2019-06-28 14:02:40.000000000,BEST_BID,"JPM,99604,240"
2019-06-28 14:02:40.000000000,BEST_ASK,"JPM,99876,240"
2019-06-28 14:02:50.000000000,QUERY_SPREAD,1
2019-06-28 14:02:50.000000000,BEST_BID,"JPM,99604,170"
2019-06-28 14:02:50.000000000,BEST_ASK,"JPM,99876,100"
2019-06-28 14:02:50.000000000,BEST_BID,"JPM,99604,170"
2019-06-28 14:02:50.000000000,BEST_ASK,"JPM,99876,100"
2019-06-28 14:02:50.000000000,BEST_BID,"JPM,99604,170"
2019-06-28 14:02:50.000000000,BEST_ASK,"JPM,99876,100"
2019-06-28 14:02:50.000000000,BEST_BID,"JPM,99604,170"
2019-06-28 14:02:50.000000000,BEST_ASK,"JPM,99876,100"
2019-06-28 14:02:50.000000000,BEST_BID,"JPM,99604,170"
2019-06-28 14:02:50.000000000,BEST_ASK,"JPM,99876,170"
2019-06-28 14:02:50.000000000,BEST_BID,"JPM,99604,170"
2019-06-28 14:02:50.000000000,BEST_ASK,"JPM,99876,170"
2019-06-28 14:02:50.000000000,BEST_BID,"JPM,99604,170"
2019-06-28 14:02:50.000000000,BEST_ASK,"JPM,99876,170"
2019-06-28 14:02:50.000000000,BEST_BID,"JPM,99604,170"
2019-06-28 14:02:50.000000000,BEST_ASK,"JPM,99876,170"
2019-06-28 14:02:52.229905584,QUERY_SPREAD,14
2019-06-28 14:02:52.229905584,BEST_BID,"JPM,99604,170"
2019-06-28 14:02:52.229905584,BEST_ASK,"JPM,99876,170"
2019-06-28 14:03:00.000000000,QUERY_SPREAD,1
2019-06-28 14:03:00.000000000,BEST_BID,"JPM,99604,240"
2019-06-28 14:03:00.000000000,BEST_ASK,"JPM,99876,100"
2019-06-28 14:03:00.000000000,BEST_BID,"JPM,99604,240"
2019-06-28 14:03:00.000000000,BEST_ASK,"JPM,99876,100"
2019-06-28 14:03:00.000000000,BEST_BID,"JPM,99604,240"
2019-06-28 14:03:00.000000000,BEST_ASK,"JPM,99876,240"
2019-06-28 14:03:00.000000000,BEST_BID,"JPM,99604,240"
2019-06-28 14:03:00.000000000,BEST_ASK,"JPM,99876,240"
2019-06-28 14:03:00.000000000,QUERY_SPREAD,77
2019-06-28 14:03:00.000000000,BEST_BID,"JPM,99604,240"
2019-06-28 14:03:00.000000000,BEST_ASK,"JPM,99876,239"
2019-06-28 14:03:00.000000000,LAST_TRADE,"1,$99876.0000"
2019-06-28 14:03:00.000000000,QUERY_SPREAD,78
2019-06-28 14:03:00.000000000,BEST_BID,"JPM,99604,240"
2019-06-28 14:03:00.000000000,BEST_ASK,"JPM,99876,235"
2019-06-28 14:03:00.000000000,LAST_TRADE,"4,$99876.0000"
2019-06-28 14:03:00.000000000,QUERY_SPREAD,79
2019-06-28 14:03:00.000000000,BEST_BID,"JPM,99604,240"
2019-06-28 14:03:00.000000000,BEST_ASK,"JPM,99876,229"
2019-06-28 14:03:00.000000000,LAST_TRADE,"6,$99876.0000"
2019-06-28 14:03:00.000000000,QUERY_SPREAD,80
2019-06-28 14:03:00.000000000,BEST_BID,"JPM,99604,240"
2019-06-28 14:03:00.000000000,BEST_ASK,"JPM,99876,224"
2019-06-28 14:03:00.000000000,LAST_TRADE,"5,$99876.0000"
2019-06-28 14:03:00.000000000,QUERY_SPREAD,81
2019-06-28 14:03:00.000000000,BEST_BID,"JPM,99604,240"
2019-06-28 14:03:00.000000000,BEST_ASK,"JPM,99876,216"
2019-06-28 14:03:00.000000000,LAST_TRADE,"8,$99876.0000"
2019-06-28 14:03:00.000000000,QUERY_SPREAD,82
2019-06-28 14:03:00.000000000,BEST_BID,"JPM,99604,240"
2019-06-28 14:03:00.000000000,BEST_ASK,"JPM,99876,208"
2019-06-28 14:03:00.000000000,LAST_TRADE,"8,$99876.0000"
2019-06-28 14:03:00.000000000,QUERY_SPREAD,83
2019-06-28 14:03:00.000000000,BEST_BID,"JPM,99604,240"
2019-06-28 14:03:00.000000000,BEST_ASK,"JPM,99876,206"
2019-06-28 14:03:00.000000000,LAST_TRADE,"2,$99876.0000"
2019-06-28 14:03:00.000000000,QUERY_SPREAD,84
2019-06-28 14:03:00.000000000,BEST_BID,"JPM,99604,240"
2019-06-28 14:03:00.000000000,BEST_ASK,"JPM,99876,205"
2019-06-28 14:03:00.000000000,LAST_TRADE,"1,$99876.0000"
2019-06-28 14:03:00.000000000,QUERY_SPREAD,85
2019-06-28 14:03:00.000000000,BEST_BID,"JPM,99604,240"
2019-06-28 14:03:00.000000000,BEST_ASK,"JPM,99876,204"
2019-06-28 14:03:00.000000000,LAST_TRADE,"1,$99876.0000"
2019-06-28 14:03:00.000000000,QUERY_SPREAD,86
2019-06-28 14:03:00.000000000,BEST_BID,"JPM,99604,240"
2019-06-28 14:03:00.000000000,BEST_ASK,"JPM,99876,198"
2019-06-28 14:03:00.000000000,LAST_TRADE,"6,$99876.0000"
2019-06-28 14:03:00.000000000,QUERY_SPREAD,87
2019-06-28 14:03:00.000000000,BEST_BID,"JPM,99604,240"
2019-06-28 14:03:00.000000000,BEST_ASK,"JPM,99876,195"
2019-06-28 14:03:00.000000000,LAST_TRADE,"3,$99876.0000"
2019-06-28 14:03:00.000000000,QUERY_SPREAD,88
2019-06-28 14:03:00.000000000,BEST_BID,"JPM,99604,240"
2019-06-28 14:03:00.000000000,BEST_ASK,"JPM,99876,191"
2019-06-28 14:03:00.000000000,LAST_TRADE,"4,$99876.0000"
2019-06-28 14:03:00.000000000,QUERY_SPREAD,89
2019-06-28 14:03:00.000000000,BEST_BID,"JPM,99604,240"
2019-06-28 14:03:00.000000000,BEST_ASK,"JPM,99876,187"
2019-06-28 14:03:00.000000000,LAST_TRADE,"4,$99876.0000"
2019-06-28 14:03:00.000000000,QUERY_SPREAD,90
2019-06-28 14:03:00.000000000,BEST_BID,"JPM,99604,240"
2019-06-28 14:03:00.000000000,BEST_ASK,"JPM,99876,180"
2019-06-28 14:03:00.000000000,LAST_TRADE,"7,$99876.0000"
2019-06-28 14:03:00.000000000,QUERY_SPREAD,91
2019-06-28 14:03:00.000000000,BEST_BID,"JPM,99604,240"
2019-06-28 14:03:00.000000000,BEST_ASK,"JPM,99876,172"
2019-06-28 14:03:00.000000000,LAST_TRADE,"8,$99876.0000"
2019-06-28 14:03:00.000000000,QUERY_SPREAD,92
2019-06-28 14:03:00.000000000,BEST_BID,"JPM,99604,240"
2019-06-28 14:03:00.000000000,BEST_ASK,"JPM,99876,167"
2019-06-28 14:03:00.000000000,LAST_TRADE,"5,$99876.0000"
2019-06-28 14:03:00.000000000,QUERY_SPREAD,93
2019-06-28 14:03:00.000000000,BEST_BID,"JPM,99604,240"
2019-06-28 14:03:00.000000000,BEST_ASK,"JPM,99876,164"
2019-06-28 14:03:00.000000000,LAST_TRADE,"3,$99876.0000"
2019-06-28 14:03:00.000000000,QUERY_SPREAD,94
2019-06-28 14:03:00.000000000,BEST_BID,"JPM,99604,240"
2019-06-28 14:03:00.000000000,BEST_ASK,"JPM,99876,160"
2019-06-28 14:03:00.000000000,LAST_TRADE,"4,$99876.0000"
2019-06-28 14:03:00.000000000,QUERY_SPREAD,95
2019-06-28 14:03:00.000000000,BEST_BID,"JPM,99604,240"
2019-06-28 14:03:00.000000000,BEST_ASK,"JPM,99876,155"
2019-06-28 14:03:00.000000000,LAST_TRADE,"5,$99876.0000"
2019-06-28 14:03:00.000000000,QUERY_SPREAD,96
2019-06-28 14:03:00.000000000,BEST_BID,"JPM,99604,240"
2019-06-28 14:03:00.000000000,BEST_ASK,"JPM,99876,154"
2019-06-28 14:03:00.000000000,LAST_TRADE,"1,$99876.0000"
2019-06-28 14:03:00.000000000,QUERY_SPREAD,97
2019-06-28 14:03:00.000000000,BEST_BID,"JPM,99604,240"
2019-06-28 14:03:00.000000000,BEST_ASK,"JPM,99876,147"
2019-06-28 14:03:00.000000000,LAST_TRADE,"7,$99876.0000"
2019-06-28 14:03:00.000000000,QUERY_SPREAD,98
2019-06-28 14:03:00.000000000,BEST_BID,"JPM,99604,240"
2019-06-28 14:03:00.000000000,BEST_ASK,"JPM,99876,141"
2019-06-28 14:03:00.000000000,LAST_TRADE,"6,$99876.0000"
2019-06-28 14:03:00.000000000,QUERY_SPREAD,99
2019-06-28 14:03:00.000000000,BEST_BID,"JPM,99604,240"
2019-06-28 14:03:00.000000000,BEST_ASK,"JPM,99876,136"
2019-06-28 14:03:00.000000000,LAST_TRADE,"5,$99876.0000"
2019-06-28 14:03:00.000000000,QUERY_SPREAD,100
2019-06-28 14:03:00.000000000,BEST_BID,"JPM,99604,240"
2019-06-28 14:03:00.000000000,BEST_ASK,"JPM,99876,129"
2019-06-28 14:03:00.000000000,LAST_TRADE,"7,$99876.0000"
2019-06-28 14:03:00.000000000,QUERY_SPREAD,101
2019-06-28 14:03:00.000000000,QUERY_ORDER_STREAM,101
2019-06-28 14:03:02.608764731,QUERY_SPREAD,21
2019-06-28 14:03:02.608764731,BEST_BID,"JPM,99604,240"
2019-06-28 14:03:02.608764731,BEST_ASK,"JPM,99876,129"
2019-06-28 14:03:05.417504744,QUERY_ORDER_STREAM,74
2019-06-28 14:03:05.417504744,QUERY_SPREAD,74
2019-06-28 14:03:05.417504744,BEST_BID,"JPM,99604,240"
2019-06-28 14:03:05.417504744,BEST_ASK,"JPM,99876,229"
2019-06-28 14:03:09.117503416,QUERY_ORDER_STREAM,53
2019-06-28 14:03:09.117503416,QUERY_SPREAD,53
2019-06-28 14:03:10.000000000,QUERY_SPREAD,1
2019-06-28 14:03:10.000000000,BEST_BID,"JPM,99604,240"
2019-06-28 14:03:10.000000000,BEST_ASK,"JPM,99876,100"
2019-06-28 14:03:10.000000000,BEST_BID,"JPM,99604,240"
2019-06-28 14:03:10.000000000,BEST_ASK,"JPM,99876,100"
2019-06-28 14:03:10.000000000,BEST_BID,"JPM,99604,240"
2019-06-28 14:03:10.000000000,BEST_ASK,"JPM,99876,240"
2019-06-28 14:03:10.000000000,BEST_BID,"JPM,99604,240"
2019-06-28 14:03:10.000000000,BEST_ASK,"JPM,99876,240"
2019-06-28 14:03:20.000000000,QUERY_SPREAD,1
2019-06-28 14:03:20.000000000,BEST_BID,"JPM,99604,170"
2019-06-28 14:03:20.000000000,BEST_ASK,"JPM,99876,100"
2019-06-28 14:03:20.000000000,BEST_BID,"JPM,99604,170"
2019-06-28 14:03:20.000000000,BEST_ASK,"JPM,99876,100"
2019-06-28 14:03:20.000000000,BEST_BID,"JPM,99604,170"
2019-06-28 14:03:20.000000000,BEST_ASK,"JPM,99876,100"
2019-06-28 14:03:20.000000000,BEST_BID,"JPM,99604,170"
2019-06-28 14:03:20.000000000,BEST_ASK,"JPM,99876,100"
2019-06-28 14:03:20.000000000,BEST_BID,"JPM,99604,170"
2019-06-28 14:03:20.000000000,BEST_ASK,"JPM,99876,170"
2019-06-28 14:03:20.000000000,BEST_BID,"JPM,99604,170"
2019-06-28 14:03:20.000000000,BEST_ASK,"JPM,99876,170"
2019-06-28 14:03:20.000000000,BEST_BID,"JPM,99604,170"
2019-06-28 14:03:20.000000000,BEST_ASK,"JPM,99876,170"
2019-06-28 14:03:20.000000000,BEST_BID,"JPM,99604,170"
2019-06-28 14:03:20.000000000,BEST_ASK,"JPM,99876,170"
2019-06-28 14:03:22.580714409,QUERY_ORDER_STREAM,69
2019-06-28 14:03:22.580714409,QUERY_SPREAD,69
2019-06-28 14:03:30.000000000,QUERY_SPREAD,1
2019-06-28 14:03:30.000000000,BEST_BID,"JPM,99604,195"
2019-06-28 14:03:30.000000000,BEST_ASK,"JPM,99876,100"
2019-06-28 14:03:30.000000000,BEST_BID,"JPM,99604,195"
2019-06-28 14:03:30.000000000,BEST_ASK,"JPM,99876,100"
2019-06-28 14:03:30.000000000,BEST_BID,"JPM,99604,195"
2019-06-28 14:03:30.000000000,BEST_ASK,"JPM,99876,100"
2019-06-28 14:03:30.000000000,BEST_BID,"JPM,99604,195"
2019-06-28 14:03:30.000000000,BEST_ASK,"JPM,99876,195"
2019-06-28 14:03:30.000000000,BEST_BID,"JPM,99604,195"
2019-06-28 14:03:30.000000000,BEST_ASK,"JPM,99876,195"
2019-06-28 14:03:30.000000000,BEST_BID,"JPM,99604,195"
2019-06-28 14:03:30.000000000,BEST_ASK,"JPM,99876,195"
2019-06-28 14:03:40.000000000,QUERY_SPREAD,1
2019-06-28 14:03:40.000000000,BEST_BID,"JPM,99604,195"
2019-06-28 14:03:40.000000000,BEST_ASK,"JPM,99876,100"
2019-06-28 14:03:40.000000000,BEST_BID,"JPM,99604,195"
2019-06-28 14:03:40.000000000,BEST_ASK,"JPM,99876,100"
2019-06-28 14:03:40.000000000,BEST_BID,"JPM,99604,195"
2019-06-28 14:03:40.000000000,BEST_ASK,"JPM,99876,100"
2019-06-28 14:03:40.000000000,BEST_BID,"JPM,99604,195"
2019-06-28 14:03:40.000000000,BEST_ASK,"JPM,99876,195"
2019-06-28 14:03:40.000000000,BEST_BID,"JPM,99604,195"
2019-06-28 14:03:40.000000000,BEST_ASK,"JPM,99876,195"
2019-06-28 14:03:40.000000000,BEST_BID,"JPM,99604,195"
2019-06-28 14:03:40.000000000,BEST_ASK,"JPM,99876,195"
2019-06-28 14:03:42.793297835,QUERY_SPREAD,29
2019-06-28 14:03:42.793297835,BEST_BID,"JPM,99604,195"
2019-06-28 14:03:42.793297835,BEST_ASK,"JPM,99876,195"
2019-06-28 14:03:49.532032138,QUERY_ORDER_STREAM,55
2019-06-28 14:03:49.532032138,QUERY_SPREAD,55
2019-06-28 14:03:50.000000000,QUERY_SPREAD,1
2019-06-28 14:03:50.000000000,BEST_BID,"JPM,99604,156"
2019-06-28 14:03:50.000000000,BEST_ASK,"JPM,99876,100"
2019-06-28 14:03:50.000000000,BEST_BID,"JPM,99604,156"
2019-06-28 14:03:50.000000000,BEST_ASK,"JPM,99876,100"
2019-06-28 14:03:50.000000000,BEST_BID,"JPM,99604,156"
2019-06-28 14:03:50.000000000,BEST_ASK,"JPM,99876,100"
2019-06-28 14:03:50.000000000,BEST_BID,"JPM,99604,156"
2019-06-28 14:03:50.000000000,BEST_ASK,"JPM,99876,100"
2019-06-28 14:03:50.000000000,BEST_BID,"JPM,99604,156"
2019-06-28 14:03:50.000000000,BEST_ASK,"JPM,99876,100"
2019-06-28 14:03:50.000000000,BEST_BID,"JPM,99604,156"
2019-06-28 14:03:50.000000000,BEST_ASK,"JPM,99876,156"
2019-06-28 14:03:50.000000000,BEST_BID,"JPM,99604,156"
2019-06-28 14:03:50.000000000,BEST_ASK,"JPM,99876,156"
2019-06-28 14:03:50.000000000,BEST_BID,"JPM,99604,156"
2019-06-28 14:03:50.000000000,BEST_ASK,"JPM,99876,156"
2019-06-28 14:03:50.000000000,BEST_BID,"JPM,99604,156"
2019-06-28 14:03:50.000000000,BEST_ASK,"JPM,99876,156"
2019-06-28 14:03:50.000000000,BEST_BID,"JPM,99604,156"
2019-06-28 14:03:50.000000000,BEST_ASK,"JPM,99876,156"
2019-06-28 14:04:00.000000000,QUERY_SPREAD,1
2019-06-28 14:04:00.000000000,BEST_BID,"JPM,99604,240"
2019-06-28 14:04:00.000000000,BEST_ASK,"JPM,99876,100"
2019-06-28 14:04:00.000000000,BEST_BID,"JPM,99604,240"
2019-06-28 14:04:00.000000000,BEST_ASK,"JPM,99876,100"
2019-06-28 14:04:00.000000000,BEST_BID,"JPM,99604,240"
2019-06-28 14:04:00.000000000,BEST_ASK,"JPM,99876,240"
2019-06-28 14:04:00.000000000,BEST_BID,"JPM,99604,240"
2019-06-28 14:04:00.000000000,BEST_ASK,"JPM,99876,240"
2019-06-28 14:04:00.000000000,QUERY_SPREAD,77
2019-06-28 14:04:00.000000000,BEST_BID,"JPM,99604,240"
2019-06-28 14:04:00.000000000,BEST_ASK,"JPM,99876,239"
2019-06-28 14:04:00.000000000,LAST_TRADE,"1,$99876.0000"
2019-06-28 14:04:00.000000000,QUERY_SPREAD,78
2019-06-28 14:04:00.000000000,BEST_BID,"JPM,99604,240"
2019-06-28 14:04:00.000000000,BEST_ASK,"JPM,99876,235"
2019-06-28 14:04:00.000000000,LAST_TRADE,"4,$99876.0000"
2019-06-28 14:04:00.000000000,QUERY_SPREAD,79
2019-06-28 14:04:00.000000000,BEST_BID,"JPM,99604,240"
2019-06-28 14:04:00.000000000,BEST_ASK,"JPM,99876,229"
2019-06-28 14:04:00.000000000,LAST_TRADE,"6,$99876.0000"
2019-06-28 14:04:00.000000000,QUERY_SPREAD,80
2019-06-28 14:04:00.000000000,BEST_BID,"JPM,99604,240"
2019-06-28 14:04:00.000000000,BEST_ASK,"JPM,99876,224"
2019-06-28 14:04:00.000000000,LAST_TRADE,"5,$99876.0000"
2019-06-28 14:04:00.000000000,QUERY_SPREAD,81
2019-06-28 14:04:00.000000000,BEST_BID,"JPM,99604,240"
2019-06-28 14:04:00.000000000,BEST_ASK,"JPM,99876,216"
2019-06-28 14:04:00.000000000,LAST_TRADE,"8,$99876.0000"
2019-06-28 14:04:00.000000000,QUERY_SPREAD,82
2019-06-28 14:04:00.000000000,BEST_BID,"JPM,99604,240"
2019-06-28 14:04:00.000000000,BEST_ASK,"JPM,99876,208"
2019-06-28 14:04:00.000000000,LAST_TRADE,"8,$99876.0000"
2019-06-28 14:04:00.000000000,QUERY_SPREAD,83
2019-06-28 14:04:00.000000000,BEST_BID,"JPM,99604,240"
2019-06-28 14:04:00.000000000,BEST_ASK,"JPM,99876,206"
2019-06-28 14:04:00.000000000,LAST_TRADE,"2,$99876.0000"
2019-06-28 14:04:00.000000000,QUERY_SPREAD,84
2019-06-28 14:04:00.000000000,BEST_BID,"JPM,99604,240"
2019-06-28 14:04:00.000000000,BEST_ASK,"JPM,99876,205"
2019-06-28 14:04:00.000000000,LAST_TRADE,"1,$99876.0000"
2019-06-28 14:04:00.000000000,QUERY_SPREAD,85
2019-06-28 14:04:00.000000000,BEST_BID,"JPM,99604,240"
2019-06-28 14:04:00.000000000,BEST_ASK,"JPM,99876,204"
2019-06-28 14:04:00.000000000,LAST_TRADE,"1,$99876.0000"
2019-06-28 14:04:00.000000000,QUERY_SPREAD,86
2019-06-28 14:04:00.000000000,BEST_BID,"JPM,99604,240"
2019-06-28 14:04:00.000000000,BEST_ASK,"JPM,99876,198"
2019-06-28 14:04:00.000000000,LAST_TRADE,"6,$99876.0000"
2019-06-28 14:04:00.000000000,QUERY_SPREAD,87
2019-06-28 14:04:00.000000000,BEST_BID,"JPM,99604,240"
2019-06-28 14:04:00.000000000,BEST_ASK,"JPM,99876,195"
2019-06-28 14:04:00.000000000,LAST_TRADE,"3,$99876.0000"
2019-06-28 14:04:00.000000000,QUERY_SPREAD,88
2019-06-28 14:04:00.000000000,BEST_BID,"JPM,99604,240"
2019-06-28 14:04:00.000000000,BEST_ASK,"JPM,99876,191"
2019-06-28 14:04:00.000000000,LAST_TRADE,"4,$99876.0000"
2019-06-28 14:04:00.000000000,QUERY_SPREAD,89
2019-06-28 14:04:00.000000000,BEST_BID,"JPM,99604,240"
2019-06-28 14:04:00.000000000,BEST_ASK,"JPM,99876,187"
2019-06-28 14:04:00.000000000,LAST_TRADE,"4,$99876.0000"
2019-06-28 14:04:00.000000000,QUERY_SPREAD,90
2019-06-28 14:04:00.000000000,BEST_BID,"JPM,99604,240"
2019-06-28 14:04:00.000000000,BEST_ASK,"JPM,99876,180"
2019-06-28 14:04:00.000000000,LAST_TRADE,"7,$99876.0000"
2019-06-28 14:04:00.000000000,QUERY_SPREAD,91
2019-06-28 14:04:00.000000000,BEST_BID,"JPM,99604,240"
2019-06-28 14:04:00.000000000,BEST_ASK,"JPM,99876,172"
2019-06-28 14:04:00.000000000,LAST_TRADE,"8,$99876.0000"
2019-06-28 14:04:00.000000000,QUERY_SPREAD,92
2019-06-28 14:04:00.000000000,BEST_BID,"JPM,99604,240"
2019-06-28 14:04:00.000000000,BEST_ASK,"JPM,99876,167"
2019-06-28 14:04:00.000000000,LAST_TRADE,"5,$99876.0000"
2019-06-28 14:04:00.000000000,QUERY_SPREAD,93
2019-06-28 14:04:00.000000000,BEST_BID,"JPM,99604,240"
2019-06-28 14:04:00.000000000,BEST_ASK,"JPM,99876,164"
2019-06-28 14:04:00.000000000,LAST_TRADE,"3,$99876.0000"
2019-06-28 14:04:00.000000000,QUERY_SPREAD,94
2019-06-28 14:04:00.000000000,BEST_BID,"JPM,99604,240"
2019-06-28 14:04:00.000000000,BEST_ASK,"JPM,99876,160"
2019-06-28 14:04:00.000000000,LAST_TRADE,"4,$99876.0000"
2019-06-28 14:04:00.000000000,QUERY_SPREAD,95
2019-06-28 14:04:00.000000000,BEST_BID,"JPM,99604,240"
2019-06-28 14:04:00.000000000,BEST_ASK,"JPM,99876,155"
2019-06-28 14:04:00.000000000,LAST_TRADE,"5,$99876.0000"
2019-06-28 14:04:00.000000000,QUERY_SPREAD,96
2019-06-28 14:04:00.000000000,BEST_BID,"JPM,99604,240"
2019-06-28 14:04:00.000000000,BEST_ASK,"JPM,99876,154"
2019-06-28 14:04:00.000000000,LAST_TRADE,"1,$99876.0000"
2019-06-28 14:04:00.000000000,QUERY_SPREAD,97
2019-06-28 14:04:00.000000000,BEST_BID,"JPM,99604,240"
2019-06-28 14:04:00.000000000,BEST_ASK,"JPM,99876,147"
2019-06-28 14:04:00.000000000,LAST_TRADE,"7,$99876.0000"
2019-06-28 14:04:00.000000000,QUERY_SPREAD,98
2019-06-28 14:04:00.000000000,BEST_BID,"JPM,99604,240"
2019-06-28 14:04:00.000000000,BEST_ASK,"JPM,99876,141"
2019-06-28 14:04:00.000000000,LAST_TRADE,"6,$99876.0000"
2019-06-28 14:04:00.000000000,QUERY_SPREAD,99
2019-06-28 14:04:00.000000000,BEST_BID,"JPM,99604,240"
2019-06-28 14:04:00.000000000,BEST_ASK,"JPM,99876,136"
2019-06-28 14:04:00.000000000,LAST_TRADE,"5,$99876.0000"
2019-06-28 14:04:00.000000000,QUERY_SPREAD,100
2019-06-28 14:04:00.000000000,BEST_BID,"JPM,99604,240"
2019-06-28 14:04:00.000000000,BEST_ASK,"JPM,99876,129"
2019-06-28 14:04:00.000000000,LAST_TRADE,"7,$99876.0000"
2019-06-28 14:04:00.000000000,QUERY_SPREAD,101
2019-06-28 14:04:00.000000000,QUERY_ORDER_STREAM,101
2019-06-28 14:04:07.810509864,QUERY_SPREAD,13
2019-06-28 14:04:07.810509864,BEST_BID,"JPM,99604,240"
2019-06-28 14:04:07.810509864,BEST_ASK,"JPM,99679,100"
2019-06-28 14:04:10.000000000,QUERY_SPREAD,1
2019-06-28 14:04:10.000000000,BEST_BID,"JPM,99604,170"
2019-06-28 14:04:10.000000000,BEST_ASK,"JPM,99679,100"
2019-06-28 14:04:10.000000000,BEST_BID,"JPM,99604,170"
2019-06-28 14:04:10.000000000,BEST_ASK,"JPM,99679,100"
2019-06-28 14:04:10.000000000,BEST_BID,"JPM,99604,170"
2019-06-28 14:04:10.000000000,BEST_ASK,"JPM,99679,100"
2019-06-28 14:04:10.000000000,BEST_BID,"JPM,99604,170"
2019-06-28 14:04:10.000000000,BEST_ASK,"JPM,99679,100"
2019-06-28 14:04:10.000000000,BEST_BID,"JPM,99604,170"
2019-06-28 14:04:10.000000000,BEST_ASK,"JPM,99679,170"
2019-06-28 14:04:10.000000000,BEST_BID,"JPM,99604,170"
2019-06-28 14:04:10.000000000,BEST_ASK,"JPM,99679,170"
2019-06-28 14:04:10.000000000,BEST_BID,"JPM,99604,170"
2019-06-28 14:04:10.000000000,BEST_ASK,"JPM,99679,170"
2019-06-28 14:04:10.000000000,BEST_BID,"JPM,99604,170"
2019-06-28 14:04:10.000000000,BEST_ASK,"JPM,99679,170"
2019-06-28 14:04:16.623132663,QUERY_ORDER_STREAM,70
2019-06-28 14:04:16.623132663,QUERY_SPREAD,70
2019-06-28 14:04:16.623132663,BEST_BID,"JPM,99604,170"
2019-06-28 14:04:16.623132663,BEST_ASK,"JPM,99679,170"
2019-06-28 14:04:20.000000000,QUERY_SPREAD,1
2019-06-28 14:04:20.000000000,BEST_BID,"JPM,99604,170"
2019-06-28 14:04:20.000000000,BEST_ASK,"JPM,99679,100"
2019-06-28 14:04:20.000000000,BEST_BID,"JPM,99604,170"
2019-06-28 14:04:20.000000000,BEST_ASK,"JPM,99679,100"
2019-06-28 14:04:20.000000000,BEST_BID,"JPM,99604,170"
2019-06-28 14:04:20.000000000,BEST_ASK,"JPM,99679,100"
2019-06-28 14:04:20.000000000,BEST_BID,"JPM,99604,170"
2019-06-28 14:04:20.000000000,BEST_ASK,"JPM,99679,100"
2019-06-28 14:04:20.000000000,BEST_BID,"JPM,99604,170"
2019-06-28 14:04:20.000000000,BEST_ASK,"JPM,99679,170"
2019-06-28 14:04:20.000000000,BEST_BID,"JPM,99604,170"
2019-06-28 14:04:20.000000000,BEST_ASK,"JPM,99679,170"
2019-06-28 14:04:20.000000000,BEST_BID,"JPM,99604,170"
2019-06-28 14:04:20.000000000,BEST_ASK,"JPM,99679,170"
2019-06-28 14:04:20.000000000,BEST_BID,"JPM,99604,170"
2019-06-28 14:04:20.000000000,BEST_ASK,"JPM,99679,170"
2019-06-28 14:04:30.000000000,QUERY_SPREAD,1
2019-06-28 14:04:30.000000000,BEST_BID,"JPM,99604,195"
2019-06-28 14:04:30.000000000,BEST_ASK,"JPM,99679,100"
2019-06-28 14:04:30.000000000,BEST_BID,"JPM,99604,195"
2019-06-28 14:04:30.000000000,BEST_ASK,"JPM,99679,100"
2019-06-28 14:04:30.000000000,BEST_BID,"JPM,99604,195"
2019-06-28 14:04:30.000000000,BEST_ASK,"JPM,99679,100"
2019-06-28 14:04:30.000000000,BEST_BID,"JPM,99604,195"
2019-06-28 14:04:30.000000000,BEST_ASK,"JPM,99679,195"
2019-06-28 14:04:30.000000000,BEST_BID,"JPM,99604,195"
2019-06-28 14:04:30.000000000,BEST_ASK,"JPM,99679,195"
2019-06-28 14:04:30.000000000,BEST_BID,"JPM,99604,195"
2019-06-28 14:04:30.000000000,BEST_ASK,"JPM,99679,195"
2019-06-28 14:04:32.689293798,QUERY_ORDER_STREAM,75
2019-06-28 14:04:32.689293798,QUERY_SPREAD,75
2019-06-28 14:04:32.689293798,BEST_BID,"JPM,99604,195"
2019-06-28 14:04:32.689293798,BEST_ASK,"JPM,99679,195"
2019-06-28 14:04:40.000000000,QUERY_SPREAD,1
2019-06-28 14:04:40.000000000,BEST_BID,"JPM,99604,156"
2019-06-28 14:04:40.000000000,BEST_ASK,"JPM,99679,100"
2019-06-28 14:04:40.000000000,BEST_BID,"JPM,99604,156"
2019-06-28 14:04:40.000000000,BEST_ASK,"JPM,99679,100"
2019-06-28 14:04:40.000000000,BEST_BID,"JPM,99604,156"
2019-06-28 14:04:40.000000000,BEST_ASK,"JPM,99679,100"
2019-06-28 14:04:40.000000000,BEST_BID,"JPM,99604,156"
2019-06-28 14:04:40.000000000,BEST_ASK,"JPM,99679,100"
2019-06-28 14:04:40.000000000,BEST_BID,"JPM,99604,156"
2019-06-28 14:04:40.000000000,BEST_ASK,"JPM,99679,100"
2019-06-28 14:04:40.000000000,BEST_BID,"JPM,99604,156"
2019-06-28 14:04:40.000000000,BEST_ASK,"JPM,99679,156"
2019-06-28 14:04:40.000000000,BEST_BID,"JPM,99604,156"
2019-06-28 14:04:40.000000000,BEST_ASK,"JPM,99679,156"
2019-06-28 14:04:40.000000000,BEST_BID,"JPM,99604,156"
2019-06-28 14:04:40.000000000,BEST_ASK,"JPM,99679,156"
2019-06-28 14:04:40.000000000,BEST_BID,"JPM,99604,156"
2019-06-28 14:04:40.000000000,BEST_ASK,"JPM,99679,156"
2019-06-28 14:04:40.000000000,BEST_BID,"JPM,99604,156"
2019-06-28 14:04:40.000000000,BEST_ASK,"JPM,99679,156"
2019-06-28 14:04:40.300109719,QUERY_SPREAD,21
2019-06-28 14:04:40.300109719,BEST_BID,"JPM,99604,56"
2019-06-28 14:04:40.300109719,BEST_ASK,"JPM,99679,156"
2019-06-28 14:04:40.300109719,LAST_TRADE,"100,$99604.0000"
2019-06-28 14:04:50.000000000,QUERY_SPREAD,1
2019-06-28 14:04:50.000000000,BEST_BID,"JPM,99392,240"
2019-06-28 14:04:50.000000000,BEST_ASK,"JPM,99679,100"
2019-06-28 14:04:50.000000000,BEST_BID,"JPM,99392,240"
2019-06-28 14:04:50.000000000,BEST_ASK,"JPM,99679,100"
2019-06-28 14:04:50.000000000,BEST_BID,"JPM,99392,240"
2019-06-28 14:04:50.000000000,BEST_ASK,"JPM,99679,240"
2019-06-28 14:04:50.000000000,BEST_BID,"JPM,99392,240"
2019-06-28 14:04:50.000000000,BEST_ASK,"JPM,99679,240"
2019-06-28 14:05:00.000000000,QUERY_SPREAD,1
2019-06-28 14:05:00.000000000,BEST_BID,"JPM,99392,170"
2019-06-28 14:05:00.000000000,BEST_ASK,"JPM,99679,100"
2019-06-28 14:05:00.000000000,BEST_BID,"JPM,99392,170"
2019-06-28 14:05:00.000000000,BEST_ASK,"JPM,99679,100"
2019-06-28 14:05:00.000000000,BEST_BID,"JPM,99392,170"
2019-06-28 14:05:00.000000000,BEST_ASK,"JPM,99679,100"
2019-06-28 14:05:00.000000000,BEST_BID,"JPM,99392,170"
2019-06-28 14:05:00.000000000,BEST_ASK,"JPM,99679,100"
2019-06-28 14:05:00.000000000,BEST_BID,"JPM,99392,170"
2019-06-28 14:05:00.000000000,BEST_ASK,"JPM,99679,170"
2019-06-28 14:05:00.000000000,BEST_BID,"JPM,99392,170"
2019-06-28 14:05:00.000000000,BEST_ASK,"JPM,99679,170"
2019-06-28 14:05:00.000000000,BEST_BID,"JPM,99392,170"
2019-06-28 14:05:00.000000000,BEST_ASK,"JPM,99679,170"
2019-06-28 14:05:00.000000000,BEST_BID,"JPM,99392,170"
2019-06-28 14:05:00.000000000,BEST_ASK,"JPM,99679,170"
2019-06-28 14:05:00.000000000,QUERY_SPREAD,77
2019-06-28 14:05:00.000000000,BEST_BID,"JPM,99392,170"
2019-06-28 14:05:00.000000000,BEST_ASK,"JPM,99679,169"
2019-06-28 14:05:00.000000000,LAST_TRADE,"1,$99679.0000"
2019-06-28 14:05:00.000000000,QUERY_SPREAD,78
2019-06-28 14:05:00.000000000,BEST_BID,"JPM,99392,170"
2019-06-28 14:05:00.000000000,BEST_ASK,"JPM,99679,165"
2019-06-28 14:05:00.000000000,LAST_TRADE,"4,$99679.0000"
2019-06-28 14:05:00.000000000,QUERY_SPREAD,79
2019-06-28 14:05:00.000000000,BEST_BID,"JPM,99392,170"
2019-06-28 14:05:00.000000000,BEST_ASK,"JPM,99679,159"
2019-06-28 14:05:00.000000000,LAST_TRADE,"6,$99679.0000"
2019-06-28 14:05:00.000000000,QUERY_SPREAD,80
2019-06-28 14:05:00.000000000,BEST_BID,"JPM,99392,170"
2019-06-28 14:05:00.000000000,BEST_ASK,"JPM,99679,154"
2019-06-28 14:05:00.000000000,LAST_TRADE,"5,$99679.0000"
2019-06-28 14:05:00.000000000,QUERY_SPREAD,81
2019-06-28 14:05:00.000000000,BEST_BID,"JPM,99392,170"
2019-06-28 14:05:00.000000000,BEST_ASK,"JPM,99679,146"
2019-06-28 14:05:00.000000000,LAST_TRADE,"8,$99679.0000"
2019-06-28 14:05:00.000000000,QUERY_SPREAD,82
2019-06-28 14:05:00.000000000,BEST_BID,"JPM,99392,170"
2019-06-28 14:05:00.000000000,BEST_ASK,"JPM,99679,138"
2019-06-28 14:05:00.000000000,LAST_TRADE,"8,$99679.0000"
2019-06-28 14:05:00.000000000,QUERY_SPREAD,83
2019-06-28 14:05:00.000000000,BEST_BID,"JPM,99392,170"
2019-06-28 14:05:00.000000000,BEST_ASK,"JPM,99679,136"
2019-06-28 14:05:00.000000000,LAST_TRADE,"2,$99679.0000"
2019-06-28 14:05:00.000000000,QUERY_SPREAD,84
2019-06-28 14:05:00.000000000,BEST_BID,"JPM,99392,170"
2019-06-28 14:05:00.000000000,BEST_ASK,"JPM,99679,135"
2019-06-28 14:05:00.000000000,LAST_TRADE,"1,$99679.0000"
2019-06-28 14:05:00.000000000,QUERY_SPREAD,85
2019-06-28 14:05:00.000000000,BEST_BID,"JPM,99392,170"
2019-06-28 14:05:00.000000000,BEST_ASK,"JPM,99679,134"
2019-06-28 14:05:00.000000000,LAST_TRADE,"1,$99679.0000"
2019-06-28 14:05:00.000000000,QUERY_SPREAD,86
2019-06-28 14:05:00.000000000,BEST_BID,"JPM,99392,170"
2019-06-28 14:05:00.000000000,BEST_ASK,"JPM,99679,128"
2019-06-28 14:05:00.000000000,LAST_TRADE,"6,$99679.0000"
2019-06-28 14:05:00.000000000,QUERY_SPREAD,87
2019-06-28 14:05:00.000000000,BEST_BID,"JPM,99392,170"
2019-06-28 14:05:00.000000000,BEST_ASK,"JPM,99679,125"
2019-06-28 14:05:00.000000000,LAST_TRADE,"3,$99679.0000"
2019-06-28 14:05:00.000000000,QUERY_SPREAD,88
2019-06-28 14:05:00.000000000,BEST_BID,"JPM,99392,170"
2019-06-28 14:05:00.000000000,BEST_ASK,"JPM,99679,121"
2019-06-28 14:05:00.000000000,LAST_TRADE,"4,$99679.0000"
2019-06-28 14:05:00.000000000,QUERY_SPREAD,89
2019-06-28 14:05:00.000000000,BEST_BID,"JPM,99392,170"
2019-06-28 14:05:00.000000000,BEST_ASK,"JPM,99679,117"
2019-06-28 14:05:00.000000000,LAST_TRADE,"4,$99679.0000"
2019-06-28 14:05:00.000000000,QUERY_SPREAD,90
2019-06-28 14:05:00.000000000,BEST_BID,"JPM,99392,170"
2019-06-28 14:05:00.000000000,BEST_ASK,"JPM,99679,110"
2019-06-28 14:05:00.000000000,LAST_TRADE,"7,$99679.0000"
2019-06-28 14:05:00.000000000,QUERY_SPREAD,91
2019-06-28 14:05:00.000000000,BEST_BID,"JPM,99392,170"
2019-06-28 14:05:00.000000000,BEST_ASK,"JPM,99679,102"
2019-06-28 14:05:00.000000000,LAST_TRADE,"8,$99679.0000"
2019-06-28 14:05:00.000000000,QUERY_SPREAD,92
2019-06-28 14:05:00.000000000,BEST_BID,"JPM,99392,170"
2019-06-28 14:05:00.000000000,BEST_ASK,"JPM,99679,97"
2019-06-28 14:05:00.000000000,LAST_TRADE,"5,$99679.0000"
2019-06-28 14:05:00.000000000,QUERY_SPREAD,93
2019-06-28 14:05:00.000000000,BEST_BID,"JPM,99392,170"
2019-06-28 14:05:00.000000000,BEST_ASK,"JPM,99679,94"
2019-06-28 14:05:00.000000000,LAST_TRADE,"3,$99679.0000"
2019-06-28 14:05:00.000000000,QUERY_SPREAD,94
2019-06-28 14:05:00.000000000,BEST_BID,"JPM,99392,170"
2019-06-28 14:05:00.000000000,BEST_ASK,"JPM,99679,90"
2019-06-28 14:05:00.000000000,LAST_TRADE,"4,$99679.0000"
2019-06-28 14:05:00.000000000,QUERY_SPREAD,95
2019-06-28 14:05:00.000000000,BEST_BID,"JPM,99392,170"
2019-06-28 14:05:00.000000000,BEST_ASK,"JPM,99679,85"
2019-06-28 14:05:00.000000000,LAST_TRADE,"5,$99679.0000"
2019-06-28 14:05:00.000000000,QUERY_SPREAD,96
2019-06-28 14:05:00.000000000,BEST_BID,"JPM,99392,170"
2019-06-28 14:05:00.000000000,BEST_ASK,"JPM,99679,84"
2019-06-28 14:05:00.000000000,LAST_TRADE,"1,$99679.0000"
2019-06-28 14:05:00.000000000,QUERY_SPREAD,97
2019-06-28 14:05:00.000000000,BEST_BID,"JPM,99392,170"
2019-06-28 14:05:00.000000000,BEST_ASK,"JPM,99679,77"
2019-06-28 14:05:00.000000000,LAST_TRADE,"7,$99679.0000"
2019-06-28 14:05:00.000000000,QUERY_SPREAD,98
2019-06-28 14:05:00.000000000,BEST_BID,"JPM,99392,170"
2019-06-28 14:05:00.000000000,BEST_ASK,"JPM,99679,71"
2019-06-28 14:05:00.000000000,LAST_TRADE,"6,$99679.0000"
2019-06-28 14:05:00.000000000,QUERY_SPREAD,99
2019-06-28 14:05:00.000000000,BEST_BID,"JPM,99392,170"
2019-06-28 14:05:00.000000000,BEST_ASK,"JPM,99679,66"
2019-06-28 14:05:00.000000000,LAST_TRADE,"5,$99679.0000"
2019-06-28 14:05:00.000000000,QUERY_SPREAD,100
2019-06-28 14:05:00.000000000,BEST_BID,"JPM,99392,170"
2019-06-28 14:05:00.000000000,BEST_ASK,"JPM,99679,59"
2019-06-28 14:05:00.000000000,LAST_TRADE,"7,$99679.0000"
2019-06-28 14:05:00.000000000,QUERY_SPREAD,101
2019-06-28 14:05:00.000000000,QUERY_ORDER_STREAM,101
2019-06-28 14:05:10.000000000,QUERY_SPREAD,1
2019-06-28 14:05:10.000000000,BEST_BID,"JPM,99392,240"
2019-06-28 14:05:10.000000000,BEST_ASK,"JPM,99876,200"
2019-06-28 14:05:10.000000000,BEST_BID,"JPM,99392,240"
2019-06-28 14:05:10.000000000,BEST_ASK,"JPM,99876,200"
2019-06-28 14:05:10.000000000,BEST_BID,"JPM,99392,240"
2019-06-28 14:05:10.000000000,BEST_ASK,"JPM,99876,340"
2019-06-28 14:05:10.000000000,BEST_BID,"JPM,99392,240"
2019-06-28 14:05:10.000000000,BEST_ASK,"JPM,99876,340"
2019-06-28 14:05:14.170194527,QUERY_ORDER_STREAM,60
2019-06-28 14:05:14.170194527,QUERY_SPREAD,60
2019-06-28 14:05:14.170194527,BEST_BID,"JPM,99392,240"
2019-06-28 14:05:14.170194527,BEST_ASK,"JPM,99679,100"
2019-06-28 14:05:20.000000000,QUERY_SPREAD,1
2019-06-28 14:05:20.000000000,BEST_BID,"JPM,99392,240"
2019-06-28 14:05:20.000000000,BEST_ASK,"JPM,99679,100"
2019-06-28 14:05:20.000000000,BEST_BID,"JPM,99392,240"
2019-06-28 14:05:20.000000000,BEST_ASK,"JPM,99679,100"
2019-06-28 14:05:20.000000000,BEST_BID,"JPM,99392,240"
2019-06-28 14:05:20.000000000,BEST_ASK,"JPM,99679,240"
2019-06-28 14:05:20.000000000,BEST_BID,"JPM,99392,240"
2019-06-28 14:05:20.000000000,BEST_ASK,"JPM,99679,240"
2019-06-28 14:05:30.000000000,QUERY_SPREAD,1
2019-06-28 14:05:30.000000000,BEST_BID,"JPM,99392,380"
2019-06-28 14:05:30.000000000,BEST_ASK,"JPM,99679,100"
2019-06-28 14:05:30.000000000,BEST_BID,"JPM,99392,380"
2019-06-28 14:05:30.000000000,BEST_ASK,"JPM,99679,380"
2019-06-28 14:05:36.744658492,QUERY_SPREAD,2
2019-06-28 14:05:36.744658492,BEST_BID,"JPM,99392,380"
2019-06-28 14:05:36.744658492,BEST_ASK,"JPM,99679,280"
2019-06-28 14:05:36.744658492,LAST_TRADE,"100,$99679.0000"
2019-06-28 14:05:37.099153511,QUERY_SPREAD,10
2019-06-28 14:05:37.099153511,BEST_BID,"JPM,99392,380"
2019-06-28 14:05:37.099153511,BEST_ASK,"JPM,99427,100"
2019-06-28 14:05:40.000000000,QUERY_SPREAD,1
2019-06-28 14:05:40.000000000,BEST_BID,"JPM,99392,170"
2019-06-28 14:05:40.000000000,BEST_ASK,"JPM,99427,100"
2019-06-28 14:05:40.000000000,BEST_BID,"JPM,99392,170"
2019-06-28 14:05:40.000000000,BEST_ASK,"JPM,99427,100"
2019-06-28 14:05:40.000000000,BEST_BID,"JPM,99392,170"
2019-06-28 14:05:40.000000000,BEST_ASK,"JPM,99427,100"
2019-06-28 14:05:40.000000000,BEST_BID,"JPM,99392,170"
2019-06-28 14:05:40.000000000,BEST_ASK,"JPM,99427,100"
2019-06-28 14:05:40.000000000,BEST_BID,"JPM,99392,170"
2019-06-28 14:05:40.000000000,BEST_ASK,"JPM,99427,170"
2019-06-28 14:05:40.000000000,BEST_BID,"JPM,99392,170"
2019-06-28 14:05:40.000000000,BEST_ASK,"JPM,99427,170"
2019-06-28 14:05:40.000000000,BEST_BID,"JPM,99392,170"
2019-06-28 14:05:40.000000000,BEST_ASK,"JPM,99427,170"
2019-06-28 14:05:40.000000000,BEST_BID,"JPM,99392,170"
2019-06-28 14:05:40.000000000,BEST_ASK,"JPM,99427,170"
2019-06-28 14:05:42.006388727,QUERY_SPREAD,37
2019-06-28 14:05:42.006388727,BEST_BID,"JPM,99392,170"
2019-06-28 14:05:42.006388727,BEST_ASK,"JPM,99427,170"
2019-06-28 14:05:45.799729857,QUERY_SPREAD,41
2019-06-28 14:05:45.799729857,BEST_BID,"JPM,99392,170"
2019-06-28 14:05:45.799729857,BEST_ASK,"JPM,99427,70"
2019-06-28 14:05:45.799729857,LAST_TRADE,"100,$99427.0000"
2019-06-28 14:05:50.000000000,QUERY_SPREAD,1
2019-06-28 14:05:50.000000000,BEST_BID,"JPM,99392,240"
2019-06-28 14:05:50.000000000,BEST_ASK,"JPM,99643,100"
2019-06-28 14:05:50.000000000,BEST_BID,"JPM,99392,240"
2019-06-28 14:05:50.000000000,BEST_ASK,"JPM,99643,100"
2019-06-28 14:05:50.000000000,BEST_BID,"JPM,99392,240"
2019-06-28 14:05:50.000000000,BEST_ASK,"JPM,99643,240"
2019-06-28 14:05:50.000000000,BEST_BID,"JPM,99392,240"
2019-06-28 14:05:50.000000000,BEST_ASK,"JPM,99643,240"
2019-06-28 14:05:59.193408632,QUERY_SPREAD,33
2019-06-28 14:05:59.193408632,BEST_BID,"JPM,99392,240"
2019-06-28 14:05:59.193408632,BEST_ASK,"JPM,99444,100"
2019-06-28 14:05:59.389977976,QUERY_SPREAD,24
2019-06-28 14:05:59.389977976,BEST_BID,"JPM,99392,240"
2019-06-28 14:05:59.389977976,BEST_ASK,"JPM,99444,100"
2019-06-28 14:06:00.000000000,QUERY_SPREAD,1
2019-06-28 14:06:00.000000000,BEST_BID,"JPM,99392,195"
2019-06-28 14:06:00.000000000,BEST_ASK,"JPM,99444,100"
2019-06-28 14:06:00.000000000,BEST_BID,"JPM,99392,195"
2019-06-28 14:06:00.000000000,BEST_ASK,"JPM,99444,100"
2019-06-28 14:06:00.000000000,BEST_BID,"JPM,99392,195"
2019-06-28 14:06:00.000000000,BEST_ASK,"JPM,99444,100"
2019-06-28 14:06:00.000000000,BEST_BID,"JPM,99392,195"
2019-06-28 14:06:00.000000000,BEST_ASK,"JPM,99444,195"
2019-06-28 14:06:00.000000000,BEST_BID,"JPM,99392,195"
2019-06-28 14:06:00.000000000,BEST_ASK,"JPM,99444,195"
2019-06-28 14:06:00.000000000,BEST_BID,"JPM,99392,195"
2019-06-28 14:06:00.000000000,BEST_ASK,"JPM,99444,195"
2019-06-28 14:06:00.000000000,QUERY_SPREAD,77
2019-06-28 14:06:00.000000000,BEST_BID,"JPM,99392,194"
2019-06-28 14:06:00.000000000,BEST_ASK,"JPM,99444,195"
2019-06-28 14:06:00.000000000,LAST_TRADE,"1,$99392.0000"
2019-06-28 14:06:00.000000000,QUERY_SPREAD,78
2019-06-28 14:06:00.000000000,BEST_BID,"JPM,99392,190"
2019-06-28 14:06:00.000000000,BEST_ASK,"JPM,99444,195"
2019-06-28 14:06:00.000000000,LAST_TRADE,"4,$99392.0000"
2019-06-28 14:06:00.000000000,QUERY_SPREAD,79
2019-06-28 14:06:00.000000000,BEST_BID,"JPM,99392,184"
2019-06-28 14:06:00.000000000,BEST_ASK,"JPM,99444,195"
2019-06-28 14:06:00.000000000,LAST_TRADE,"6,$99392.0000"
2019-06-28 14:06:00.000000000,QUERY_SPREAD,80
2019-06-28 14:06:00.000000000,BEST_BID,"JPM,99392,179"
2019-06-28 14:06:00.000000000,BEST_ASK,"JPM,99444,195"
2019-06-28 14:06:00.000000000,LAST_TRADE,"5,$99392.0000"
2019-06-28 14:06:00.000000000,QUERY_SPREAD,81
2019-06-28 14:06:00.000000000,BEST_BID,"JPM,99392,171"
2019-06-28 14:06:00.000000000,BEST_ASK,"JPM,99444,195"
2019-06-28 14:06:00.000000000,LAST_TRADE,"8,$99392.0000"
2019-06-28 14:06:00.000000000,QUERY_SPREAD,82
2019-06-28 14:06:00.000000000,BEST_BID,"JPM,99392,163"
2019-06-28 14:06:00.000000000,BEST_ASK,"JPM,99444,195"
2019-06-28 14:06:00.000000000,LAST_TRADE,"8,$99392.0000"
2019-06-28 14:06:00.000000000,QUERY_SPREAD,83
2019-06-28 14:06:00.000000000,BEST_BID,"JPM,99392,161"
2019-06-28 14:06:00.000000000,BEST_ASK,"JPM,99444,195"
2019-06-28 14:06:00.000000000,LAST_TRADE,"2,$99392.0000"
2019-06-28 14:06:00.000000000,QUERY_SPREAD,84
2019-06-28 14:06:00.000000000,BEST_BID,"JPM,99392,160"
2019-06-28 14:06:00.000000000,BEST_ASK,"JPM,99444,195"
2019-06-28 14:06:00.000000000,LAST_TRADE,"1,$99392.0000"
2019-06-28 14:06:00.000000000,QUERY_SPREAD,85
2019-06-28 14:06:00.000000000,BEST_BID,"JPM,99392,159"
2019-06-28 14:06:00.000000000,BEST_ASK,"JPM,99444,195"
2019-06-28 14:06:00.000000000,LAST_TRADE,"1,$99392.0000"
2019-06-28 14:06:00.000000000,QUERY_SPREAD,86
2019-06-28 14:06:00.000000000,BEST_BID,"JPM,99392,153"
2019-06-28 14:06:00.000000000,BEST_ASK,"JPM,99444,195"
2019-06-28 14:06:00.000000000,LAST_TRADE,"6,$99392.0000"
2019-06-28 14:06:00.000000000,QUERY_SPREAD,87
2019-06-28 14:06:00.000000000,BEST_BID,"JPM,99392,150"
2019-06-28 14:06:00.000000000,BEST_ASK,"JPM,99444,195"
2019-06-28 14:06:00.000000000,LAST_TRADE,"3,$99392.0000"
2019-06-28 14:06:00.000000000,QUERY_SPREAD,88
2019-06-28 14:06:00.000000000,BEST_BID,"JPM,99392,146"
2019-06-28 14:06:00.000000000,BEST_ASK,"JPM,99444,195"
2019-06-28 14:06:00.000000000,LAST_TRADE,"4,$99392.0000"
2019-06-28 14:06:00.000000000,QUERY_SPREAD,89
2019-06-28 14:06:00.000000000,BEST_BID,"JPM,99392,142"
2019-06-28 14:06:00.000000000,BEST_ASK,"JPM,99444,195"
2019-06-28 14:06:00.000000000,LAST_TRADE,"4,$99392.0000"
2019-06-28 14:06:00.000000000,QUERY_SPREAD,90
2019-06-28 14:06:00.000000000,BEST_BID,"JPM,99392,135"
2019-06-28 14:06:00.000000000,BEST_ASK,"JPM,99444,195"
2019-06-28 14:06:00.000000000,LAST_TRADE,"7,$99392.0000"
2019-06-28 14:06:00.000000000,QUERY_SPREAD,91
2019-06-28 14:06:00.000000000,BEST_BID,"JPM,99392,127"
2019-06-28 14:06:00.000000000,BEST_ASK,"JPM,99444,195"
2019-06-28 14:06:00.000000000,LAST_TRADE,"8,$99392.0000"
2019-06-28 14:06:00.000000000,QUERY_SPREAD,92
2019-06-28 14:06:00.000000000,BEST_BID,"JPM,99392,122"
2019-06-28 14:06:00.000000000,BEST_ASK,"JPM,99444,195"
2019-06-28 14:06:00.000000000,LAST_TRADE,"5,$99392.0000"
2019-06-28 14:06:00.000000000,QUERY_SPREAD,93
2019-06-28 14:06:00.000000000,BEST_BID,"JPM,99392,119"
2019-06-28 14:06:00.000000000,BEST_ASK,"JPM,99444,195"
2019-06-28 14:06:00.000000000,LAST_TRADE,"3,$99392.0000"
2019-06-28 14:06:00.000000000,QUERY_SPREAD,94
2019-06-28 14:06:00.000000000,BEST_BID,"JPM,99392,115"
2019-06-28 14:06:00.000000000,BEST_ASK,"JPM,99444,195"
2019-06-28 14:06:00.000000000,LAST_TRADE,"4,$99392.0000"
2019-06-28 14:06:00.000000000,QUERY_SPREAD,95
2019-06-28 14:06:00.000000000,BEST_BID,"JPM,99392,110"
2019-06-28 14:06:00.000000000,BEST_ASK,"JPM,99444,195"
2019-06-28 14:06:00.000000000,LAST_TRADE,"5,$99392.0000"
2019-06-28 14:06:00.000000000,QUERY_SPREAD,96
2019-06-28 14:06:00.000000000,BEST_BID,"JPM,99392,109"
2019-06-28 14:06:00.000000000,BEST_ASK,"JPM,99444,195"
2019-06-28 14:06:00.000000000,LAST_TRADE,"1,$99392.0000"
2019-06-28 14:06:00.000000000,QUERY_SPREAD,97
2019-06-28 14:06:00.000000000,BEST_BID,"JPM,99392,102"
2019-06-28 14:06:00.000000000,BEST_ASK,"JPM,99444,195"
2019-06-28 14:06:00.000000000,LAST_TRADE,"7,$99392.0000"
2019-06-28 14:06:00.000000000,QUERY_SPREAD,98
2019-06-28 14:06:00.000000000,BEST_BID,"JPM,99392,96"
2019-06-28 14:06:00.000000000,BEST_ASK,"JPM,99444,195"
2019-06-28 14:06:00.000000000,LAST_TRADE,"6,$99392.0000"
2019-06-28 14:06:00.000000000,QUERY_SPREAD,99
2019-06-28 14:06:00.000000000,BEST_BID,"JPM,99392,91"
2019-06-28 14:06:00.000000000,BEST_ASK,"JPM,99444,195"
2019-06-28 14:06:00.000000000,LAST_TRADE,"5,$99392.0000"
2019-06-28 14:06:00.000000000,QUERY_SPREAD,100
2019-06-28 14:06:00.000000000,BEST_BID,"JPM,99392,84"
2019-06-28 14:06:00.000000000,BEST_ASK,"JPM,99444,195"
2019-06-28 14:06:00.000000000,LAST_TRADE,"7,$99392.0000"
2019-06-28 14:06:00.000000000,QUERY_SPREAD,101
2019-06-28 14:06:00.000000000,QUERY_ORDER_STREAM,101
2019-06-28 14:06:00.000000000,BEST_BID,"JPM,99392,85"
2019-06-28 14:06:00.000000000,BEST_ASK,"JPM,99444,195"
2019-06-28 14:06:04.068707898,QUERY_ORDER_STREAM,54
2019-06-28 14:06:04.068707898,QUERY_SPREAD,54
2019-06-28 14:06:08.764024456,QUERY_SPREAD,31
2019-06-28 14:06:08.764024456,BEST_BID,"JPM,99392,85"
2019-06-28 14:06:08.764024456,BEST_ASK,"JPM,99444,195"
2019-06-28 14:06:10.000000000,QUERY_SPREAD,1
2019-06-28 14:06:10.000000000,BEST_BID,"JPM,99392,96"
2019-06-28 14:06:10.000000000,BEST_ASK,"JPM,99444,100"
2019-06-28 14:06:10.000000000,BEST_BID,"JPM,99392,96"
2019-06-28 14:06:10.000000000,BEST_ASK,"JPM,99444,100"
2019-06-28 14:06:10.000000000,BEST_BID,"JPM,99392,96"
2019-06-28 14:06:10.000000000,BEST_ASK,"JPM,99444,100"
2019-06-28 14:06:10.000000000,BEST_BID,"JPM,99392,96"
2019-06-28 14:06:10.000000000,BEST_ASK,"JPM,99444,195"
2019-06-28 14:06:10.000000000,BEST_BID,"JPM,99392,96"
2019-06-28 14:06:10.000000000,BEST_ASK,"JPM,99444,195"
2019-06-28 14:06:10.000000000,BEST_BID,"JPM,99392,96"
2019-06-28 14:06:10.000000000,BEST_ASK,"JPM,99444,195"
2019-06-28 14:06:20.000000000,QUERY_SPREAD,1
2019-06-28 14:06:20.000000000,BEST_BID,"JPM,99392,96"
2019-06-28 14:06:20.000000000,BEST_ASK,"JPM,99444,100"
2019-06-28 14:06:20.000000000,BEST_BID,"JPM,99392,96"
2019-06-28 14:06:20.000000000,BEST_ASK,"JPM,99444,100"
2019-06-28 14:06:20.000000000,BEST_BID,"JPM,99392,96"
2019-06-28 14:06:20.000000000,BEST_ASK,"JPM,99444,100"
2019-06-28 14:06:20.000000000,BEST_BID,"JPM,99392,96"
2019-06-28 14:06:20.000000000,BEST_ASK,"JPM,99444,195"
2019-06-28 14:06:20.000000000,BEST_BID,"JPM,99392,96"
2019-06-28 14:06:20.000000000,BEST_ASK,"JPM,99444,195"
2019-06-28 14:06:20.000000000,BEST_BID,"JPM,99392,96"
2019-06-28 14:06:20.000000000,BEST_ASK,"JPM,99444,195"
2019-06-28 14:06:30.000000000,QUERY_SPREAD,1
2019-06-28 14:06:30.000000000,BEST_BID,"JPM,99392,281"
2019-06-28 14:06:30.000000000,BEST_ASK,"JPM,99444,100"
2019-06-28 14:06:30.000000000,BEST_BID,"JPM,99392,281"
2019-06-28 14:06:30.000000000,BEST_ASK,"JPM,99444,380"
2019-06-28 14:06:36.073855302,QUERY_SPREAD,14
2019-06-28 14:06:36.073855302,BEST_BID,"JPM,99392,281"
2019-06-28 14:06:36.073855302,BEST_ASK,"JPM,99444,280"
2019-06-28 14:06:36.073855302,LAST_TRADE,"100,$99444.0000"
2019-06-28 14:06:40.000000000,QUERY_SPREAD,1
2019-06-28 14:06:40.000000000,BEST_BID,"JPM,99392,71"
2019-06-28 14:06:40.000000000,BEST_ASK,"JPM,99469,100"
2019-06-28 14:06:40.000000000,BEST_BID,"JPM,99392,71"
2019-06-28 14:06:40.000000000,BEST_ASK,"JPM,99469,100"
2019-06-28 14:06:40.000000000,BEST_BID,"JPM,99392,71"
2019-06-28 14:06:40.000000000,BEST_ASK,"JPM,99469,100"
2019-06-28 14:06:40.000000000,BEST_BID,"JPM,99392,71"
2019-06-28 14:06:40.000000000,BEST_ASK,"JPM,99469,100"
2019-06-28 14:06:40.000000000,BEST_BID,"JPM,99392,71"
2019-06-28 14:06:40.000000000,BEST_ASK,"JPM,99469,170"
2019-06-28 14:06:40.000000000,BEST_BID,"JPM,99392,71"
2019-06-28 14:06:40.000000000,BEST_ASK,"JPM,99469,170"
2019-06-28 14:06:40.000000000,BEST_BID,"JPM,99392,71"
2019-06-28 14:06:40.000000000,BEST_ASK,"JPM,99469,170"
2019-06-28 14:06:40.000000000,BEST_BID,"JPM,99392,71"
2019-06-28 14:06:40.000000000,BEST_ASK,"JPM,99469,170"
2019-06-28 14:06:44.784967445,QUERY_SPREAD,51
2019-06-28 14:06:44.784967445,BEST_BID,"JPM,99392,71"
2019-06-28 14:06:44.784967445,BEST_ASK,"JPM,99469,70"
2019-06-28 14:06:44.784967445,LAST_TRADE,"100,$99469.0000"
2019-06-28 14:06:50.000000000,QUERY_SPREAD,1
2019-06-28 14:06:50.000000000,BEST_BID,"JPM,99392,281"
2019-06-28 14:06:50.000000000,BEST_ASK,"JPM,99643,100"
2019-06-28 14:06:50.000000000,BEST_BID,"JPM,99392,281"
2019-06-28 14:06:50.000000000,BEST_ASK,"JPM,99643,380"
2019-06-28 14:06:50.956497240,QUERY_SPREAD,50
2019-06-28 14:06:50.956497240,BEST_BID,"JPM,99482,100"
2019-06-28 14:06:50.956497240,BEST_ASK,"JPM,99643,380"
2019-06-28 14:06:58.125674089,QUERY_ORDER_STREAM,65
2019-06-28 14:06:58.125674089,QUERY_SPREAD,65
2019-06-28 14:06:58.125674089,BEST_BID,"JPM,99482,100"
2019-06-28 14:06:58.125674089,BEST_ASK,"JPM,99643,380"
2019-06-28 14:06:59.759859849,QUERY_SPREAD,51
2019-06-28 14:06:59.759859849,BEST_BID,"JPM,99482,100"
2019-06-28 14:06:59.759859849,BEST_ASK,"JPM,99643,380"
2019-06-28 14:07:00.000000000,QUERY_SPREAD,1
2019-06-28 14:07:00.000000000,BEST_BID,"JPM,99482,170"
2019-06-28 14:07:00.000000000,BEST_ASK,"JPM,99643,100"
2019-06-28 14:07:00.000000000,BEST_BID,"JPM,99482,170"
2019-06-28 14:07:00.000000000,BEST_ASK,"JPM,99643,100"
2019-06-28 14:07:00.000000000,BEST_BID,"JPM,99482,170"
2019-06-28 14:07:00.000000000,BEST_ASK,"JPM,99643,100"
2019-06-28 14:07:00.000000000,BEST_BID,"JPM,99482,170"
2019-06-28 14:07:00.000000000,BEST_ASK,"JPM,99643,100"
2019-06-28 14:07:00.000000000,BEST_BID,"JPM,99482,170"
2019-06-28 14:07:00.000000000,BEST_ASK,"JPM,99643,170"
2019-06-28 14:07:00.000000000,BEST_BID,"JPM,99482,170"
2019-06-28 14:07:00.000000000,BEST_ASK,"JPM,99643,170"
2019-06-28 14:07:00.000000000,BEST_BID,"JPM,99482,170"
2019-06-28 14:07:00.000000000,BEST_ASK,"JPM,99643,170"
2019-06-28 14:07:00.000000000,BEST_BID,"JPM,99482,170"
2019-06-28 14:07:00.000000000,BEST_ASK,"JPM,99643,170"
2019-06-28 14:07:00.000000000,QUERY_SPREAD,77
2019-06-28 14:07:00.000000000,BEST_BID,"JPM,99482,169"
2019-06-28 14:07:00.000000000,BEST_ASK,"JPM,99643,170"
2019-06-28 14:07:00.000000000,LAST_TRADE,"1,$99482.0000"
2019-06-28 14:07:00.000000000,QUERY_SPREAD,78
2019-06-28 14:07:00.000000000,BEST_BID,"JPM,99482,165"
2019-06-28 14:07:00.000000000,BEST_ASK,"JPM,99643,170"
2019-06-28 14:07:00.000000000,LAST_TRADE,"4,$99482.0000"
2019-06-28 14:07:00.000000000,QUERY_SPREAD,79
2019-06-28 14:07:00.000000000,BEST_BID,"JPM,99482,159"
2019-06-28 14:07:00.000000000,BEST_ASK,"JPM,99643,170"
2019-06-28 14:07:00.000000000,LAST_TRADE,"6,$99482.0000"
2019-06-28 14:07:00.000000000,QUERY_SPREAD,80
2019-06-28 14:07:00.000000000,BEST_BID,"JPM,99482,154"
2019-06-28 14:07:00.000000000,BEST_ASK,"JPM,99643,170"
2019-06-28 14:07:00.000000000,LAST_TRADE,"5,$99482.0000"
2019-06-28 14:07:00.000000000,QUERY_SPREAD,81
2019-06-28 14:07:00.000000000,BEST_BID,"JPM,99482,146"
2019-06-28 14:07:00.000000000,BEST_ASK,"JPM,99643,170"
2019-06-28 14:07:00.000000000,LAST_TRADE,"8,$99482.0000"
2019-06-28 14:07:00.000000000,QUERY_SPREAD,82
2019-06-28 14:07:00.000000000,BEST_BID,"JPM,99482,138"
2019-06-28 14:07:00.000000000,BEST_ASK,"JPM,99643,170"
2019-06-28 14:07:00.000000000,LAST_TRADE,"8,$99482.0000"
2019-06-28 14:07:00.000000000,QUERY_SPREAD,83
2019-06-28 14:07:00.000000000,BEST_BID,"JPM,99482,136"
2019-06-28 14:07:00.000000000,BEST_ASK,"JPM,99643,170"
2019-06-28 14:07:00.000000000,LAST_TRADE,"2,$99482.0000"
2019-06-28 14:07:00.000000000,QUERY_SPREAD,84
2019-06-28 14:07:00.000000000,BEST_BID,"JPM,99482,135"
2019-06-28 14:07:00.000000000,BEST_ASK,"JPM,99643,170"
2019-06-28 14:07:00.000000000,LAST_TRADE,"1,$99482.0000"
2019-06-28 14:07:00.000000000,QUERY_SPREAD,85
2019-06-28 14:07:00.000000000,BEST_BID,"JPM,99482,134"
2019-06-28 14:07:00.000000000,BEST_ASK,"JPM,99643,170"
2019-06-28 14:07:00.000000000,LAST_TRADE,"1,$99482.0000"
2019-06-28 14:07:00.000000000,QUERY_SPREAD,86
2019-06-28 14:07:00.000000000,BEST_BID,"JPM,99482,128"
2019-06-28 14:07:00.000000000,BEST_ASK,"JPM,99643,170"
2019-06-28 14:07:00.000000000,LAST_TRADE,"6,$99482.0000"
2019-06-28 14:07:00.000000000,QUERY_SPREAD,87
2019-06-28 14:07:00.000000000,BEST_BID,"JPM,99482,125"
2019-06-28 14:07:00.000000000,BEST_ASK,"JPM,99643,170"
2019-06-28 14:07:00.000000000,LAST_TRADE,"3,$99482.0000"
2019-06-28 14:07:00.000000000,QUERY_SPREAD,88
2019-06-28 14:07:00.000000000,BEST_BID,"JPM,99482,121"
2019-06-28 14:07:00.000000000,BEST_ASK,"JPM,99643,170"
2019-06-28 14:07:00.000000000,LAST_TRADE,"4,$99482.0000"
2019-06-28 14:07:00.000000000,QUERY_SPREAD,89
2019-06-28 14:07:00.000000000,BEST_BID,"JPM,99482,117"
2019-06-28 14:07:00.000000000,BEST_ASK,"JPM,99643,170"
2019-06-28 14:07:00.000000000,LAST_TRADE,"4,$99482.0000"
2019-06-28 14:07:00.000000000,QUERY_SPREAD,90
2019-06-28 14:07:00.000000000,BEST_BID,"JPM,99482,110"
2019-06-28 14:07:00.000000000,BEST_ASK,"JPM,99643,170"
2019-06-28 14:07:00.000000000,LAST_TRADE,"7,$99482.0000"
2019-06-28 14:07:00.000000000,QUERY_SPREAD,91
2019-06-28 14:07:00.000000000,BEST_BID,"JPM,99482,102"
2019-06-28 14:07:00.000000000,BEST_ASK,"JPM,99643,170"
2019-06-28 14:07:00.000000000,LAST_TRADE,"8,$99482.0000"
2019-06-28 14:07:00.000000000,QUERY_SPREAD,92
2019-06-28 14:07:00.000000000,BEST_BID,"JPM,99482,97"
2019-06-28 14:07:00.000000000,BEST_ASK,"JPM,99643,170"
2019-06-28 14:07:00.000000000,LAST_TRADE,"5,$99482.0000"
2019-06-28 14:07:00.000000000,QUERY_SPREAD,93
2019-06-28 14:07:00.000000000,BEST_BID,"JPM,99482,94"
2019-06-28 14:07:00.000000000,BEST_ASK,"JPM,99643,170"
2019-06-28 14:07:00.000000000,LAST_TRADE,"3,$99482.0000"
2019-06-28 14:07:00.000000000,QUERY_SPREAD,94
2019-06-28 14:07:00.000000000,BEST_BID,"JPM,99482,90"
2019-06-28 14:07:00.000000000,BEST_ASK,"JPM,99643,170"
2019-06-28 14:07:00.000000000,LAST_TRADE,"4,$99482.0000"
2019-06-28 14:07:00.000000000,QUERY_SPREAD,95
2019-06-28 14:07:00.000000000,BEST_BID,"JPM,99482,85"
2019-06-28 14:07:00.000000000,BEST_ASK,"JPM,99643,170"
2019-06-28 14:07:00.000000000,LAST_TRADE,"5,$99482.0000"
2019-06-28 14:07:00.000000000,QUERY_SPREAD,96
2019-06-28 14:07:00.000000000,BEST_BID,"JPM,99482,84"
2019-06-28 14:07:00.000000000,BEST_ASK,"JPM,99643,170"
2019-06-28 14:07:00.000000000,LAST_TRADE,"1,$99482.0000"
2019-06-28 14:07:00.000000000,QUERY_SPREAD,97
2019-06-28 14:07:00.000000000,BEST_BID,"JPM,99482,77"
2019-06-28 14:07:00.000000000,BEST_ASK,"JPM,99643,170"
2019-06-28 14:07:00.000000000,LAST_TRADE,"7,$99482.0000"
2019-06-28 14:07:00.000000000,QUERY_SPREAD,98
2019-06-28 14:07:00.000000000,BEST_BID,"JPM,99482,71"
2019-06-28 14:07:00.000000000,BEST_ASK,"JPM,99643,170"
2019-06-28 14:07:00.000000000,LAST_TRADE,"6,$99482.0000"
2019-06-28 14:07:00.000000000,QUERY_SPREAD,99
2019-06-28 14:07:00.000000000,BEST_BID,"JPM,99482,66"
2019-06-28 14:07:00.000000000,BEST_ASK,"JPM,99643,170"
2019-06-28 14:07:00.000000000,LAST_TRADE,"5,$99482.0000"
2019-06-28 14:07:00.000000000,QUERY_SPREAD,100
2019-06-28 14:07:00.000000000,BEST_BID,"JPM,99482,59"
2019-06-28 14:07:00.000000000,BEST_ASK,"JPM,99643,170"
2019-06-28 14:07:00.000000000,LAST_TRADE,"7,$99482.0000"
2019-06-28 14:07:00.000000000,QUERY_SPREAD,101
2019-06-28 14:07:00.000000000,QUERY_ORDER_STREAM,101
2019-06-28 14:07:10.000000000,QUERY_SPREAD,1
2019-06-28 14:07:10.000000000,BEST_BID,"JPM,99444,195"
2019-06-28 14:07:10.000000000,BEST_ASK,"JPM,99643,100"
2019-06-28 14:07:10.000000000,BEST_BID,"JPM,99444,195"
2019-06-28 14:07:10.000000000,BEST_ASK,"JPM,99643,100"
2019-06-28 14:07:10.000000000,BEST_BID,"JPM,99444,195"
2019-06-28 14:07:10.000000000,BEST_ASK,"JPM,99643,100"
2019-06-28 14:07:10.000000000,BEST_BID,"JPM,99444,195"
2019-06-28 14:07:10.000000000,BEST_ASK,"JPM,99643,195"
2019-06-28 14:07:10.000000000,BEST_BID,"JPM,99444,195"
2019-06-28 14:07:10.000000000,BEST_ASK,"JPM,99643,195"
2019-06-28 14:07:10.000000000,BEST_BID,"JPM,99444,195"
2019-06-28 14:07:10.000000000,BEST_ASK,"JPM,99643,195"
2019-06-28 14:07:15.176325118,QUERY_SPREAD,13
2019-06-28 14:07:15.176325118,BEST_BID,"JPM,99444,195"
2019-06-28 14:07:15.176325118,BEST_ASK,"JPM,99643,95"
2019-06-28 14:07:15.176325118,LAST_TRADE,"100,$99643.0000"
2019-06-28 14:07:20.000000000,QUERY_SPREAD,1
2019-06-28 14:07:20.000000000,BEST_BID,"JPM,99444,156"
2019-06-28 14:07:20.000000000,BEST_ASK,"JPM,99693,100"
2019-06-28 14:07:20.000000000,BEST_BID,"JPM,99444,156"
2019-06-28 14:07:20.000000000,BEST_ASK,"JPM,99693,100"
2019-06-28 14:07:20.000000000,BEST_BID,"JPM,99444,156"
2019-06-28 14:07:20.000000000,BEST_ASK,"JPM,99693,100"
2019-06-28 14:07:20.000000000,BEST_BID,"JPM,99444,156"
2019-06-28 14:07:20.000000000,BEST_ASK,"JPM,99693,100"
2019-06-28 14:07:20.000000000,BEST_BID,"JPM,99444,156"
2019-06-28 14:07:20.000000000,BEST_ASK,"JPM,99693,100"
2019-06-28 14:07:20.000000000,BEST_BID,"JPM,99444,156"
2019-06-28 14:07:20.000000000,BEST_ASK,"JPM,99693,156"
2019-06-28 14:07:20.000000000,BEST_BID,"JPM,99444,156"
2019-06-28 14:07:20.000000000,BEST_ASK,"JPM,99693,156"
2019-06-28 14:07:20.000000000,BEST_BID,"JPM,99444,156"
2019-06-28 14:07:20.000000000,BEST_ASK,"JPM,99693,156"
2019-06-28 14:07:20.000000000,BEST_BID,"JPM,99444,156"
2019-06-28 14:07:20.000000000,BEST_ASK,"JPM,99693,156"
2019-06-28 14:07:20.000000000,BEST_BID,"JPM,99444,156"
2019-06-28 14:07:20.000000000,BEST_ASK,"JPM,99693,156"
2019-06-28 14:07:28.087360260,QUERY_SPREAD,39
2019-06-28 14:07:28.087360260,BEST_BID,"JPM,99531,100"
2019-06-28 14:07:28.087360260,BEST_ASK,"JPM,99693,156"
2019-06-28 14:07:30.000000000,QUERY_SPREAD,1
2019-06-28 14:07:30.000000000,BEST_BID,"JPM,99531,195"
2019-06-28 14:07:30.000000000,BEST_ASK,"JPM,99693,100"
2019-06-28 14:07:30.000000000,BEST_BID,"JPM,99531,195"
2019-06-28 14:07:30.000000000,BEST_ASK,"JPM,99693,100"
2019-06-28 14:07:30.000000000,BEST_BID,"JPM,99531,195"
2019-06-28 14:07:30.000000000,BEST_ASK,"JPM,99693,100"
2019-06-28 14:07:30.000000000,BEST_BID,"JPM,99531,195"
2019-06-28 14:07:30.000000000,BEST_ASK,"JPM,99693,195"
2019-06-28 14:07:30.000000000,BEST_BID,"JPM,99531,195"
2019-06-28 14:07:30.000000000,BEST_ASK,"JPM,99693,195"
2019-06-28 14:07:30.000000000,BEST_BID,"JPM,99531,195"
2019-06-28 14:07:30.000000000,BEST_ASK,"JPM,99693,195"
2019-06-28 14:07:40.000000000,QUERY_SPREAD,1
2019-06-28 14:07:40.000000000,BEST_BID,"JPM,99531,170"
2019-06-28 14:07:40.000000000,BEST_ASK,"JPM,99693,100"
2019-06-28 14:07:40.000000000,BEST_BID,"JPM,99531,170"
2019-06-28 14:07:40.000000000,BEST_ASK,"JPM,99693,100"
2019-06-28 14:07:40.000000000,BEST_BID,"JPM,99531,170"
2019-06-28 14:07:40.000000000,BEST_ASK,"JPM,99693,100"
2019-06-28 14:07:40.000000000,BEST_BID,"JPM,99531,170"
2019-06-28 14:07:40.000000000,BEST_ASK,"JPM,99693,100"
2019-06-28 14:07:40.000000000,BEST_BID,"JPM,99531,170"
2019-06-28 14:07:40.000000000,BEST_ASK,"JPM,99693,170"
2019-06-28 14:07:40.000000000,BEST_BID,"JPM,99531,170"
2019-06-28 14:07:40.000000000,BEST_ASK,"JPM,99693,170"
2019-06-28 14:07:40.000000000,BEST_BID,"JPM,99531,170"
2019-06-28 14:07:40.000000000,BEST_ASK,"JPM,99693,170"
2019-06-28 14:07:40.000000000,BEST_BID,"JPM,99531,170"
2019-06-28 14:07:40.000000000,BEST_ASK,"JPM,99693,170"
2019-06-28 14:07:43.296144077,QUERY_ORDER_STREAM,67
2019-06-28 14:07:43.296144077,QUERY_SPREAD,67
2019-06-28 14:07:43.296144077,BEST_BID,"JPM,99531,170"
2019-06-28 14:07:43.296144077,BEST_ASK,"JPM,99693,170"
2019-06-28 14:07:50.000000000,QUERY_SPREAD,1
2019-06-28 14:07:50.000000000,BEST_BID,"JPM,99531,170"
2019-06-28 14:07:50.000000000,BEST_ASK,"JPM,99693,100"
2019-06-28 14:07:50.000000000,BEST_BID,"JPM,99531,170"
2019-06-28 14:07:50.000000000,BEST_ASK,"JPM,99693,100"
2019-06-28 14:07:50.000000000,BEST_BID,"JPM,99531,170"
2019-06-28 14:07:50.000000000,BEST_ASK,"JPM,99693,100"
2019-06-28 14:07:50.000000000,BEST_BID,"JPM,99531,170"
2019-06-28 14:07:50.000000000,BEST_ASK,"JPM,99693,100"
2019-06-28 14:07:50.000000000,BEST_BID,"JPM,99531,170"
2019-06-28 14:07:50.000000000,BEST_ASK,"JPM,99693,170"
2019-06-28 14:07:50.000000000,BEST_BID,"JPM,99531,170"
2019-06-28 14:07:50.000000000,BEST_ASK,"JPM,99693,170"
2019-06-28 14:07:50.000000000,BEST_BID,"JPM,99531,170"
2019-06-28 14:07:50.000000000,BEST_ASK,"JPM,99693,170"
2019-06-28 14:07:50.000000000,BEST_BID,"JPM,99531,170"
2019-06-28 14:07:50.000000000,BEST_ASK,"JPM,99693,170"
2019-06-28 14:08:00.000000000,QUERY_SPREAD,1
2019-06-28 14:08:00.000000000,BEST_BID,"JPM,99531,156"
2019-06-28 14:08:00.000000000,BEST_ASK,"JPM,99693,100"
2019-06-28 14:08:00.000000000,BEST_BID,"JPM,99531,156"
2019-06-28 14:08:00.000000000,BEST_ASK,"JPM,99693,100"
2019-06-28 14:08:00.000000000,BEST_BID,"JPM,99531,156"
2019-06-28 14:08:00.000000000,BEST_ASK,"JPM,99693,100"
2019-06-28 14:08:00.000000000,BEST_BID,"JPM,99531,156"
2019-06-28 14:08:00.000000000,BEST_ASK,"JPM,99693,100"
2019-06-28 14:08:00.000000000,BEST_BID,"JPM,99531,156"
2019-06-28 14:08:00.000000000,BEST_ASK,"JPM,99693,100"
2019-06-28 14:08:00.000000000,BEST_BID,"JPM,99531,156"
2019-06-28 14:08:00.000000000,BEST_ASK,"JPM,99693,156"
2019-06-28 14:08:00.000000000,BEST_BID,"JPM,99531,156"
2019-06-28 14:08:00.000000000,BEST_ASK,"JPM,99693,156"
2019-06-28 14:08:00.000000000,BEST_BID,"JPM,99531,156"
2019-06-28 14:08:00.000000000,BEST_ASK,"JPM,99693,156"
2019-06-28 14:08:00.000000000,BEST_BID,"JPM,99531,156"
2019-06-28 14:08:00.000000000,BEST_ASK,"JPM,99693,156"
2019-06-28 14:08:00.000000000,BEST_BID,"JPM,99531,156"
2019-06-28 14:08:00.000000000,BEST_ASK,"JPM,99693,156"
2019-06-28 14:08:00.000000000,QUERY_SPREAD,77
2019-06-28 14:08:00.000000000,BEST_BID,"JPM,99531,155"
2019-06-28 14:08:00.000000000,BEST_ASK,"JPM,99693,156"
2019-06-28 14:08:00.000000000,LAST_TRADE,"1,$99531.0000"
2019-06-28 14:08:00.000000000,QUERY_SPREAD,78
2019-06-28 14:08:00.000000000,BEST_BID,"JPM,99531,151"
2019-06-28 14:08:00.000000000,BEST_ASK,"JPM,99693,156"
2019-06-28 14:08:00.000000000,LAST_TRADE,"4,$99531.0000"
2019-06-28 14:08:00.000000000,QUERY_SPREAD,79
2019-06-28 14:08:00.000000000,BEST_BID,"JPM,99531,145"
2019-06-28 14:08:00.000000000,BEST_ASK,"JPM,99693,156"
2019-06-28 14:08:00.000000000,LAST_TRADE,"6,$99531.0000"
2019-06-28 14:08:00.000000000,QUERY_SPREAD,80
2019-06-28 14:08:00.000000000,BEST_BID,"JPM,99531,140"
2019-06-28 14:08:00.000000000,BEST_ASK,"JPM,99693,156"
2019-06-28 14:08:00.000000000,LAST_TRADE,"5,$99531.0000"
2019-06-28 14:08:00.000000000,QUERY_SPREAD,81
2019-06-28 14:08:00.000000000,BEST_BID,"JPM,99531,132"
2019-06-28 14:08:00.000000000,BEST_ASK,"JPM,99693,156"
2019-06-28 14:08:00.000000000,LAST_TRADE,"8,$99531.0000"
2019-06-28 14:08:00.000000000,QUERY_SPREAD,82
2019-06-28 14:08:00.000000000,BEST_BID,"JPM,99531,124"
2019-06-28 14:08:00.000000000,BEST_ASK,"JPM,99693,156"
2019-06-28 14:08:00.000000000,LAST_TRADE,"8,$99531.0000"
2019-06-28 14:08:00.000000000,QUERY_SPREAD,83
2019-06-28 14:08:00.000000000,BEST_BID,"JPM,99531,122"
2019-06-28 14:08:00.000000000,BEST_ASK,"JPM,99693,156"
2019-06-28 14:08:00.000000000,LAST_TRADE,"2,$99531.0000"
2019-06-28 14:08:00.000000000,QUERY_SPREAD,84
2019-06-28 14:08:00.000000000,BEST_BID,"JPM,99531,121"
2019-06-28 14:08:00.000000000,BEST_ASK,"JPM,99693,156"
2019-06-28 14:08:00.000000000,LAST_TRADE,"1,$99531.0000"
2019-06-28 14:08:00.000000000,QUERY_SPREAD,85
2019-06-28 14:08:00.000000000,BEST_BID,"JPM,99531,120"
2019-06-28 14:08:00.000000000,BEST_ASK,"JPM,99693,156"
2019-06-28 14:08:00.000000000,LAST_TRADE,"1,$99531.0000"
2019-06-28 14:08:00.000000000,QUERY_SPREAD,86
2019-06-28 14:08:00.000000000,BEST_BID,"JPM,99531,114"
2019-06-28 14:08:00.000000000,BEST_ASK,"JPM,99693,156"
2019-06-28 14:08:00.000000000,LAST_TRADE,"6,$99531.0000"
2019-06-28 14:08:00.000000000,QUERY_SPREAD,87
2019-06-28 14:08:00.000000000,BEST_BID,"JPM,99531,111"
2019-06-28 14:08:00.000000000,BEST_ASK,"JPM,99693,156"
2019-06-28 14:08:00.000000000,LAST_TRADE,"3,$99531.0000"
2019-06-28 14:08:00.000000000,QUERY_SPREAD,88
2019-06-28 14:08:00.000000000,BEST_BID,"JPM,99531,107"
2019-06-28 14:08:00.000000000,BEST_ASK,"JPM,99693,156"
2019-06-28 14:08:00.000000000,LAST_TRADE,"4,$99531.0000"
2019-06-28 14:08:00.000000000,QUERY_SPREAD,89
2019-06-28 14:08:00.000000000,BEST_BID,"JPM,99531,103"
2019-06-28 14:08:00.000000000,BEST_ASK,"JPM,99693,156"
2019-06-28 14:08:00.000000000,LAST_TRADE,"4,$99531.0000"
2019-06-28 14:08:00.000000000,QUERY_SPREAD,90
2019-06-28 14:08:00.000000000,BEST_BID,"JPM,99531,96"
2019-06-28 14:08:00.000000000,BEST_ASK,"JPM,99693,156"
2019-06-28 14:08:00.000000000,LAST_TRADE,"7,$99531.0000"
2019-06-28 14:08:00.000000000,QUERY_SPREAD,91
2019-06-28 14:08:00.000000000,BEST_BID,"JPM,99531,88"
2019-06-28 14:08:00.000000000,BEST_ASK,"JPM,99693,156"
2019-06-28 14:08:00.000000000,LAST_TRADE,"8,$99531.0000"
2019-06-28 14:08:00.000000000,QUERY_SPREAD,92
2019-06-28 14:08:00.000000000,BEST_BID,"JPM,99531,83"
2019-06-28 14:08:00.000000000,BEST_ASK,"JPM,99693,156"
2019-06-28 14:08:00.000000000,LAST_TRADE,"5,$99531.0000"
2019-06-28 14:08:00.000000000,QUERY_SPREAD,93
2019-06-28 14:08:00.000000000,BEST_BID,"JPM,99531,80"
2019-06-28 14:08:00.000000000,BEST_ASK,"JPM,99693,156"
2019-06-28 14:08:00.000000000,LAST_TRADE,"3,$99531.0000"
2019-06-28 14:08:00.000000000,QUERY_SPREAD,94
2019-06-28 14:08:00.000000000,BEST_BID,"JPM,99531,76"
2019-06-28 14:08:00.000000000,BEST_ASK,"JPM,99693,156"
2019-06-28 14:08:00.000000000,LAST_TRADE,"4,$99531.0000"
2019-06-28 14:08:00.000000000,QUERY_SPREAD,95
2019-06-28 14:08:00.000000000,BEST_BID,"JPM,99531,71"
2019-06-28 14:08:00.000000000,BEST_ASK,"JPM,99693,156"
2019-06-28 14:08:00.000000000,LAST_TRADE,"5,$99531.0000"
2019-06-28 14:08:00.000000000,QUERY_SPREAD,96
2019-06-28 14:08:00.000000000,BEST_BID,"JPM,99531,70"
2019-06-28 14:08:00.000000000,BEST_ASK,"JPM,99693,156"
2019-06-28 14:08:00.000000000,LAST_TRADE,"1,$99531.0000"
2019-06-28 14:08:00.000000000,QUERY_SPREAD,97
2019-06-28 14:08:00.000000000,BEST_BID,"JPM,99531,63"
2019-06-28 14:08:00.000000000,BEST_ASK,"JPM,99693,156"
2019-06-28 14:08:00.000000000,LAST_TRADE,"7,$99531.0000"
2019-06-28 14:08:00.000000000,QUERY_SPREAD,98
2019-06-28 14:08:00.000000000,BEST_BID,"JPM,99531,57"
2019-06-28 14:08:00.000000000,BEST_ASK,"JPM,99693,156"
2019-06-28 14:08:00.000000000,LAST_TRADE,"6,$99531.0000"
2019-06-28 14:08:00.000000000,QUERY_SPREAD,99
2019-06-28 14:08:00.000000000,BEST_BID,"JPM,99531,52"
2019-06-28 14:08:00.000000000,BEST_ASK,"JPM,99693,156"
2019-06-28 14:08:00.000000000,LAST_TRADE,"5,$99531.0000"
2019-06-28 14:08:00.000000000,QUERY_SPREAD,100
2019-06-28 14:08:00.000000000,BEST_BID,"JPM,99531,45"
2019-06-28 14:08:00.000000000,BEST_ASK,"JPM,99693,156"
2019-06-28 14:08:00.000000000,LAST_TRADE,"7,$99531.0000"
2019-06-28 14:08:00.000000000,QUERY_SPREAD,101
2019-06-28 14:08:00.000000000,QUERY_ORDER_STREAM,101
2019-06-28 14:08:03.520969252,QUERY_SPREAD,32
2019-06-28 14:08:03.520969252,BEST_BID,"JPM,99531,45"
2019-06-28 14:08:03.520969252,BEST_ASK,"JPM,99693,156"
2019-06-28 14:08:10.000000000,QUERY_SPREAD,1
2019-06-28 14:08:10.000000000,BEST_BID,"JPM,99482,170"
2019-06-28 14:08:10.000000000,BEST_ASK,"JPM,99693,100"
2019-06-28 14:08:10.000000000,BEST_BID,"JPM,99482,170"
2019-06-28 14:08:10.000000000,BEST_ASK,"JPM,99693,100"
2019-06-28 14:08:10.000000000,BEST_BID,"JPM,99482,170"
2019-06-28 14:08:10.000000000,BEST_ASK,"JPM,99693,100"
2019-06-28 14:08:10.000000000,BEST_BID,"JPM,99482,170"
2019-06-28 14:08:10.000000000,BEST_ASK,"JPM,99693,100"
2019-06-28 14:08:10.000000000,BEST_BID,"JPM,99482,170"
2019-06-28 14:08:10.000000000,BEST_ASK,"JPM,99693,170"
2019-06-28 14:08:10.000000000,BEST_BID,"JPM,99482,170"
2019-06-28 14:08:10.000000000,BEST_ASK,"JPM,99693,170"
2019-06-28 14:08:10.000000000,BEST_BID,"JPM,99482,170"
2019-06-28 14:08:10.000000000,BEST_ASK,"JPM,99693,170"
2019-06-28 14:08:10.000000000,BEST_BID,"JPM,99482,170"
2019-06-28 14:08:10.000000000,BEST_ASK,"JPM,99693,170"
2019-06-28 14:08:20.000000000,QUERY_SPREAD,1
2019-06-28 14:08:20.000000000,BEST_BID,"JPM,99482,156"
2019-06-28 14:08:20.000000000,BEST_ASK,"JPM,99693,100"
2019-06-28 14:08:20.000000000,BEST_BID,"JPM,99482,156"
2019-06-28 14:08:20.000000000,BEST_ASK,"JPM,99693,100"
2019-06-28 14:08:20.000000000,BEST_BID,"JPM,99482,156"
2019-06-28 14:08:20.000000000,BEST_ASK,"JPM,99693,100"
2019-06-28 14:08:20.000000000,BEST_BID,"JPM,99482,156"
2019-06-28 14:08:20.000000000,BEST_ASK,"JPM,99693,100"
2019-06-28 14:08:20.000000000,BEST_BID,"JPM,99482,156"
2019-06-28 14:08:20.000000000,BEST_ASK,"JPM,99693,100"
2019-06-28 14:08:20.000000000,BEST_BID,"JPM,99482,156"
2019-06-28 14:08:20.000000000,BEST_ASK,"JPM,99693,156"
2019-06-28 14:08:20.000000000,BEST_BID,"JPM,99482,156"
2019-06-28 14:08:20.000000000,BEST_ASK,"JPM,99693,156"
2019-06-28 14:08:20.000000000,BEST_BID,"JPM,99482,156"
2019-06-28 14:08:20.000000000,BEST_ASK,"JPM,99693,156"
2019-06-28 14:08:20.000000000,BEST_BID,"JPM,99482,156"
2019-06-28 14:08:20.000000000,BEST_ASK,"JPM,99693,156"
2019-06-28 14:08:20.000000000,BEST_BID,"JPM,99482,156"
2019-06-28 14:08:20.000000000,BEST_ASK,"JPM,99693,156"
2019-06-28 14:08:28.065742031,QUERY_SPREAD,39
2019-06-28 14:08:28.065742031,BEST_BID,"JPM,99482,156"
2019-06-28 14:08:28.065742031,BEST_ASK,"JPM,99693,156"
2019-06-28 14:08:30.000000000,QUERY_SPREAD,1
2019-06-28 14:08:30.000000000,BEST_BID,"JPM,99482,156"
2019-06-28 14:08:30.000000000,BEST_ASK,"JPM,99693,100"
2019-06-28 14:08:30.000000000,BEST_BID,"JPM,99482,156"
2019-06-28 14:08:30.000000000,BEST_ASK,"JPM,99693,100"
2019-06-28 14:08:30.000000000,BEST_BID,"JPM,99482,156"
2019-06-28 14:08:30.000000000,BEST_ASK,"JPM,99693,100"
2019-06-28 14:08:30.000000000,BEST_BID,"JPM,99482,156"
2019-06-28 14:08:30.000000000,BEST_ASK,"JPM,99693,100"
2019-06-28 14:08:30.000000000,BEST_BID,"JPM,99482,156"
2019-06-28 14:08:30.000000000,BEST_ASK,"JPM,99693,100"
2019-06-28 14:08:30.000000000,BEST_BID,"JPM,99482,156"
2019-06-28 14:08:30.000000000,BEST_ASK,"JPM,99693,156"
2019-06-28 14:08:30.000000000,BEST_BID,"JPM,99482,156"
2019-06-28 14:08:30.000000000,BEST_ASK,"JPM,99693,156"
2019-06-28 14:08:30.000000000,BEST_BID,"JPM,99482,156"
2019-06-28 14:08:30.000000000,BEST_ASK,"JPM,99693,156"
2019-06-28 14:08:30.000000000,BEST_BID,"JPM,99482,156"
2019-06-28 14:08:30.000000000,BEST_ASK,"JPM,99693,156"
2019-06-28 14:08:30.000000000,BEST_BID,"JPM,99482,156"
2019-06-28 14:08:30.000000000,BEST_ASK,"JPM,99693,156"
2019-06-28 14:08:40.000000000,QUERY_SPREAD,1
2019-06-28 14:08:40.000000000,BEST_BID,"JPM,99482,240"
2019-06-28 14:08:40.000000000,BEST_ASK,"JPM,99693,100"
2019-06-28 14:08:40.000000000,BEST_BID,"JPM,99482,240"
2019-06-28 14:08:40.000000000,BEST_ASK,"JPM,99693,100"
2019-06-28 14:08:40.000000000,BEST_BID,"JPM,99482,240"
2019-06-28 14:08:40.000000000,BEST_ASK,"JPM,99693,240"
2019-06-28 14:08:40.000000000,BEST_BID,"JPM,99482,240"
2019-06-28 14:08:40.000000000,BEST_ASK,"JPM,99693,240"
2019-06-28 14:08:50.000000000,QUERY_SPREAD,1
2019-06-28 14:08:50.000000000,BEST_BID,"JPM,99482,195"
2019-06-28 14:08:50.000000000,BEST_ASK,"JPM,99693,100"
2019-06-28 14:08:50.000000000,BEST_BID,"JPM,99482,195"
2019-06-28 14:08:50.000000000,BEST_ASK,"JPM,99693,100"
2019-06-28 14:08:50.000000000,BEST_BID,"JPM,99482,195"
2019-06-28 14:08:50.000000000,BEST_ASK,"JPM,99693,100"
2019-06-28 14:08:50.000000000,BEST_BID,"JPM,99482,195"
2019-06-28 14:08:50.000000000,BEST_ASK,"JPM,99693,195"
2019-06-28 14:08:50.000000000,BEST_BID,"JPM,99482,195"
2019-06-28 14:08:50.000000000,BEST_ASK,"JPM,99693,195"
2019-06-28 14:08:50.000000000,BEST_BID,"JPM,99482,195"
2019-06-28 14:08:50.000000000,BEST_ASK,"JPM,99693,195"
2019-06-28 14:08:57.994464340,QUERY_SPREAD,42
2019-06-28 14:08:57.994464340,BEST_BID,"JPM,99482,195"
2019-06-28 14:08:57.994464340,BEST_ASK,"JPM,99693,95"
2019-06-28 14:08:57.994464340,LAST_TRADE,"100,$99693.0000"
2019-06-28 14:09:00.000000000,QUERY_SPREAD,1
2019-06-28 14:09:00.000000000,BEST_BID,"JPM,99482,195"
2019-06-28 14:09:00.000000000,BEST_ASK,"JPM,99839,100"
2019-06-28 14:09:00.000000000,BEST_BID,"JPM,99482,195"
2019-06-28 14:09:00.000000000,BEST_ASK,"JPM,99839,100"
2019-06-28 14:09:00.000000000,BEST_BID,"JPM,99482,195"
2019-06-28 14:09:00.000000000,BEST_ASK,"JPM,99839,100"
2019-06-28 14:09:00.000000000,BEST_BID,"JPM,99482,195"
2019-06-28 14:09:00.000000000,BEST_ASK,"JPM,99839,195"
2019-06-28 14:09:00.000000000,BEST_BID,"JPM,99482,195"
2019-06-28 14:09:00.000000000,BEST_ASK,"JPM,99839,195"
2019-06-28 14:09:00.000000000,BEST_BID,"JPM,99482,195"
2019-06-28 14:09:00.000000000,BEST_ASK,"JPM,99839,195"
2019-06-28 14:09:00.000000000,QUERY_SPREAD,77
2019-06-28 14:09:00.000000000,BEST_BID,"JPM,99482,194"
2019-06-28 14:09:00.000000000,BEST_ASK,"JPM,99839,195"
2019-06-28 14:09:00.000000000,LAST_TRADE,"1,$99482.0000"
2019-06-28 14:09:00.000000000,QUERY_SPREAD,78
2019-06-28 14:09:00.000000000,BEST_BID,"JPM,99482,190"
2019-06-28 14:09:00.000000000,BEST_ASK,"JPM,99839,195"
2019-06-28 14:09:00.000000000,LAST_TRADE,"4,$99482.0000"
2019-06-28 14:09:00.000000000,QUERY_SPREAD,79
2019-06-28 14:09:00.000000000,BEST_BID,"JPM,99482,184"
2019-06-28 14:09:00.000000000,BEST_ASK,"JPM,99839,195"
2019-06-28 14:09:00.000000000,LAST_TRADE,"6,$99482.0000"
2019-06-28 14:09:00.000000000,QUERY_SPREAD,80
2019-06-28 14:09:00.000000000,BEST_BID,"JPM,99482,179"
2019-06-28 14:09:00.000000000,BEST_ASK,"JPM,99839,195"
2019-06-28 14:09:00.000000000,LAST_TRADE,"5,$99482.0000"
2019-06-28 14:09:00.000000000,QUERY_SPREAD,81
2019-06-28 14:09:00.000000000,BEST_BID,"JPM,99482,171"
2019-06-28 14:09:00.000000000,BEST_ASK,"JPM,99839,195"
2019-06-28 14:09:00.000000000,LAST_TRADE,"8,$99482.0000"
2019-06-28 14:09:00.000000000,QUERY_SPREAD,82
2019-06-28 14:09:00.000000000,BEST_BID,"JPM,99482,163"
2019-06-28 14:09:00.000000000,BEST_ASK,"JPM,99839,195"
2019-06-28 14:09:00.000000000,LAST_TRADE,"8,$99482.0000"
2019-06-28 14:09:00.000000000,QUERY_SPREAD,83
2019-06-28 14:09:00.000000000,BEST_BID,"JPM,99482,161"
2019-06-28 14:09:00.000000000,BEST_ASK,"JPM,99839,195"
2019-06-28 14:09:00.000000000,LAST_TRADE,"2,$99482.0000"
2019-06-28 14:09:00.000000000,QUERY_SPREAD,84
2019-06-28 14:09:00.000000000,BEST_BID,"JPM,99482,160"
2019-06-28 14:09:00.000000000,BEST_ASK,"JPM,99839,195"
2019-06-28 14:09:00.000000000,LAST_TRADE,"1,$99482.0000"
2019-06-28 14:09:00.000000000,QUERY_SPREAD,85
2019-06-28 14:09:00.000000000,BEST_BID,"JPM,99482,159"
2019-06-28 14:09:00.000000000,BEST_ASK,"JPM,99839,195"
2019-06-28 14:09:00.000000000,LAST_TRADE,"1,$99482.0000"
2019-06-28 14:09:00.000000000,QUERY_SPREAD,86
2019-06-28 14:09:00.000000000,BEST_BID,"JPM,99482,153"
2019-06-28 14:09:00.000000000,BEST_ASK,"JPM,99839,195"
2019-06-28 14:09:00.000000000,LAST_TRADE,"6,$99482.0000"
2019-06-28 14:09:00.000000000,QUERY_SPREAD,87
2019-06-28 14:09:00.000000000,BEST_BID,"JPM,99482,150"
2019-06-28 14:09:00.000000000,BEST_ASK,"JPM,99839,195"
2019-06-28 14:09:00.000000000,LAST_TRADE,"3,$99482.0000"
2019-06-28 14:09:00.000000000,QUERY_SPREAD,88
2019-06-28 14:09:00.000000000,BEST_BID,"JPM,99482,146"
2019-06-28 14:09:00.000000000,BEST_ASK,"JPM,99839,195"
2019-06-28 14:09:00.000000000,LAST_TRADE,"4,$99482.0000"
2019-06-28 14:09:00.000000000,QUERY_SPREAD,89
2019-06-28 14:09:00.000000000,BEST_BID,"JPM,99482,142"
2019-06-28 14:09:00.000000000,BEST_ASK,"JPM,99839,195"
2019-06-28 14:09:00.000000000,LAST_TRADE,"4,$99482.0000"
2019-06-28 14:09:00.000000000,QUERY_SPREAD,90
2019-06-28 14:09:00.000000000,BEST_BID,"JPM,99482,135"
2019-06-28 14:09:00.000000000,BEST_ASK,"JPM,99839,195"
2019-06-28 14:09:00.000000000,LAST_TRADE,"7,$99482.0000"
2019-06-28 14:09:00.000000000,QUERY_SPREAD,91
2019-06-28 14:09:00.000000000,BEST_BID,"JPM,99482,127"
2019-06-28 14:09:00.000000000,BEST_ASK,"JPM,99839,195"
2019-06-28 14:09:00.000000000,LAST_TRADE,"8,$99482.0000"
2019-06-28 14:09:00.000000000,QUERY_SPREAD,92
2019-06-28 14:09:00.000000000,BEST_BID,"JPM,99482,122"
2019-06-28 14:09:00.000000000,BEST_ASK,"JPM,99839,195"
2019-06-28 14:09:00.000000000,LAST_TRADE,"5,$99482.0000"
2019-06-28 14:09:00.000000000,QUERY_SPREAD,93
2019-06-28 14:09:00.000000000,BEST_BID,"JPM,99482,119"
2019-06-28 14:09:00.000000000,BEST_ASK,"JPM,99839,195"
2019-06-28 14:09:00.000000000,LAST_TRADE,"3,$99482.0000"
2019-06-28 14:09:00.000000000,QUERY_SPREAD,94
2019-06-28 14:09:00.000000000,BEST_BID,"JPM,99482,115"
2019-06-28 14:09:00.000000000,BEST_ASK,"JPM,99839,195"
2019-06-28 14:09:00.000000000,LAST_TRADE,"4,$99482.0000"
2019-06-28 14:09:00.000000000,QUERY_SPREAD,95
2019-06-28 14:09:00.000000000,BEST_BID,"JPM,99482,110"
2019-06-28 14:09:00.000000000,BEST_ASK,"JPM,99839,195"
2019-06-28 14:09:00.000000000,LAST_TRADE,"5,$99482.0000"
2019-06-28 14:09:00.000000000,QUERY_SPREAD,96
2019-06-28 14:09:00.000000000,BEST_BID,"JPM,99482,109"
2019-06-28 14:09:00.000000000,BEST_ASK,"JPM,99839,195"
2019-06-28 14:09:00.000000000,LAST_TRADE,"1,$99482.0000"
2019-06-28 14:09:00.000000000,QUERY_SPREAD,97
2019-06-28 14:09:00.000000000,BEST_BID,"JPM,99482,102"
2019-06-28 14:09:00.000000000,BEST_ASK,"JPM,99839,195"
2019-06-28 14:09:00.000000000,LAST_TRADE,"7,$99482.0000"
2019-06-28 14:09:00.000000000,QUERY_SPREAD,98
2019-06-28 14:09:00.000000000,BEST_BID,"JPM,99482,96"
2019-06-28 14:09:00.000000000,BEST_ASK,"JPM,99839,195"
2019-06-28 14:09:00.000000000,LAST_TRADE,"6,$99482.0000"
2019-06-28 14:09:00.000000000,QUERY_SPREAD,99
2019-06-28 14:09:00.000000000,BEST_BID,"JPM,99482,91"
2019-06-28 14:09:00.000000000,BEST_ASK,"JPM,99839,195"
2019-06-28 14:09:00.000000000,LAST_TRADE,"5,$99482.0000"
2019-06-28 14:09:00.000000000,QUERY_SPREAD,100
2019-06-28 14:09:00.000000000,BEST_BID,"JPM,99482,84"
2019-06-28 14:09:00.000000000,BEST_ASK,"JPM,99839,195"
2019-06-28 14:09:00.000000000,LAST_TRADE,"7,$99482.0000"
2019-06-28 14:09:00.000000000,QUERY_SPREAD,101
2019-06-28 14:09:00.000000000,QUERY_ORDER_STREAM,101
2019-06-28 14:09:10.000000000,QUERY_SPREAD,1
2019-06-28 14:09:10.000000000,BEST_BID,"JPM,99444,156"
2019-06-28 14:09:10.000000000,BEST_ASK,"JPM,99839,100"
2019-06-28 14:09:10.000000000,BEST_BID,"JPM,99444,156"
2019-06-28 14:09:10.000000000,BEST_ASK,"JPM,99839,100"
2019-06-28 14:09:10.000000000,BEST_BID,"JPM,99444,156"
2019-06-28 14:09:10.000000000,BEST_ASK,"JPM,99839,100"
2019-06-28 14:09:10.000000000,BEST_BID,"JPM,99444,156"
2019-06-28 14:09:10.000000000,BEST_ASK,"JPM,99839,100"
2019-06-28 14:09:10.000000000,BEST_BID,"JPM,99444,156"
2019-06-28 14:09:10.000000000,BEST_ASK,"JPM,99839,100"
2019-06-28 14:09:10.000000000,BEST_BID,"JPM,99444,156"
2019-06-28 14:09:10.000000000,BEST_ASK,"JPM,99839,156"
2019-06-28 14:09:10.000000000,BEST_BID,"JPM,99444,156"
2019-06-28 14:09:10.000000000,BEST_ASK,"JPM,99839,156"
2019-06-28 14:09:10.000000000,BEST_BID,"JPM,99444,156"
2019-06-28 14:09:10.000000000,BEST_ASK,"JPM,99839,156"
2019-06-28 14:09:10.000000000,BEST_BID,"JPM,99444,156"
2019-06-28 14:09:10.000000000,BEST_ASK,"JPM,99839,156"
2019-06-28 14:09:10.000000000,BEST_BID,"JPM,99444,156"
2019-06-28 14:09:10.000000000,BEST_ASK,"JPM,99839,156"
2019-06-28 14:09:15.421211933,QUERY_ORDER_STREAM,53
2019-06-28 14:09:15.421211933,QUERY_SPREAD,53
2019-06-28 14:09:17.364439863,QUERY_SPREAD,49
2019-06-28 14:09:17.364439863,BEST_BID,"JPM,99818,100"
2019-06-28 14:09:17.364439863,BEST_ASK,"JPM,99839,156"
2019-06-28 14:09:19.549301363,QUERY_ORDER_STREAM,54
2019-06-28 14:09:19.549301363,QUERY_SPREAD,54
2019-06-28 14:09:19.549301363,BEST_BID,"JPM,99818,100"
2019-06-28 14:09:19.549301363,BEST_ASK,"JPM,99839,156"
2019-06-28 14:09:20.000000000,QUERY_SPREAD,1
2019-06-28 14:09:20.000000000,BEST_BID,"JPM,99818,170"
2019-06-28 14:09:20.000000000,BEST_ASK,"JPM,99839,100"
2019-06-28 14:09:20.000000000,BEST_BID,"JPM,99818,170"
2019-06-28 14:09:20.000000000,BEST_ASK,"JPM,99839,100"
2019-06-28 14:09:20.000000000,BEST_BID,"JPM,99818,170"
2019-06-28 14:09:20.000000000,BEST_ASK,"JPM,99839,100"
2019-06-28 14:09:20.000000000,BEST_BID,"JPM,99818,170"
2019-06-28 14:09:20.000000000,BEST_ASK,"JPM,99839,100"
2019-06-28 14:09:20.000000000,BEST_BID,"JPM,99818,170"
2019-06-28 14:09:20.000000000,BEST_ASK,"JPM,99839,170"
2019-06-28 14:09:20.000000000,BEST_BID,"JPM,99818,170"
2019-06-28 14:09:20.000000000,BEST_ASK,"JPM,99839,170"
2019-06-28 14:09:20.000000000,BEST_BID,"JPM,99818,170"
2019-06-28 14:09:20.000000000,BEST_ASK,"JPM,99839,170"
2019-06-28 14:09:20.000000000,BEST_BID,"JPM,99818,170"
2019-06-28 14:09:20.000000000,BEST_ASK,"JPM,99839,170"
2019-06-28 14:09:22.798950793,QUERY_ORDER_STREAM,59
2019-06-28 14:09:22.798950793,QUERY_SPREAD,59
2019-06-28 14:09:22.798950793,BEST_BID,"JPM,99818,170"
2019-06-28 14:09:22.798950793,BEST_ASK,"JPM,99839,170"
2019-06-28 14:09:30.000000000,QUERY_SPREAD,1
2019-06-28 14:09:30.000000000,BEST_BID,"JPM,99818,170"
2019-06-28 14:09:30.000000000,BEST_ASK,"JPM,99839,100"
2019-06-28 14:09:30.000000000,BEST_BID,"JPM,99818,170"
2019-06-28 14:09:30.000000000,BEST_ASK,"JPM,99839,100"
2019-06-28 14:09:30.000000000,BEST_BID,"JPM,99818,170"
2019-06-28 14:09:30.000000000,BEST_ASK,"JPM,99839,100"
2019-06-28 14:09:30.000000000,BEST_BID,"JPM,99818,170"
2019-06-28 14:09:30.000000000,BEST_ASK,"JPM,99839,100"
2019-06-28 14:09:30.000000000,BEST_BID,"JPM,99818,170"
2019-06-28 14:09:30.000000000,BEST_ASK,"JPM,99839,170"
2019-06-28 14:09:30.000000000,BEST_BID,"JPM,99818,170"
2019-06-28 14:09:30.000000000,BEST_ASK,"JPM,99839,170"
2019-06-28 14:09:30.000000000,BEST_BID,"JPM,99818,170"
2019-06-28 14:09:30.000000000,BEST_ASK,"JPM,99839,170"
2019-06-28 14:09:30.000000000,BEST_BID,"JPM,99818,170"
2019-06-28 14:09:30.000000000,BEST_ASK,"JPM,99839,170"
2019-06-28 14:09:40.000000000,QUERY_SPREAD,1
2019-06-28 14:09:40.000000000,BEST_BID,"JPM,99818,156"
2019-06-28 14:09:40.000000000,BEST_ASK,"JPM,99839,100"
2019-06-28 14:09:40.000000000,BEST_BID,"JPM,99818,156"
2019-06-28 14:09:40.000000000,BEST_ASK,"JPM,99839,100"
2019-06-28 14:09:40.000000000,BEST_BID,"JPM,99818,156"
2019-06-28 14:09:40.000000000,BEST_ASK,"JPM,99839,100"
2019-06-28 14:09:40.000000000,BEST_BID,"JPM,99818,156"
2019-06-28 14:09:40.000000000,BEST_ASK,"JPM,99839,100"
2019-06-28 14:09:40.000000000,BEST_BID,"JPM,99818,156"
2019-06-28 14:09:40.000000000,BEST_ASK,"JPM,99839,100"
2019-06-28 14:09:40.000000000,BEST_BID,"JPM,99818,156"
2019-06-28 14:09:40.000000000,BEST_ASK,"JPM,99839,156"
2019-06-28 14:09:40.000000000,BEST_BID,"JPM,99818,156"
2019-06-28 14:09:40.000000000,BEST_ASK,"JPM,99839,156"
2019-06-28 14:09:40.000000000,BEST_BID,"JPM,99818,156"
2019-06-28 14:09:40.000000000,BEST_ASK,"JPM,99839,156"
2019-06-28 14:09:40.000000000,BEST_BID,"JPM,99818,156"
2019-06-28 14:09:40.000000000,BEST_ASK,"JPM,99839,156"
2019-06-28 14:09:40.000000000,BEST_BID,"JPM,99818,156"
2019-06-28 14:09:40.000000000,BEST_ASK,"JPM,99839,156"
2019-06-28 14:09:50.000000000,QUERY_SPREAD,1
2019-06-28 14:09:50.000000000,BEST_BID,"JPM,99818,195"
2019-06-28 14:09:50.000000000,BEST_ASK,"JPM,99839,100"
2019-06-28 14:09:50.000000000,BEST_BID,"JPM,99818,195"
2019-06-28 14:09:50.000000000,BEST_ASK,"JPM,99839,100"
2019-06-28 14:09:50.000000000,BEST_BID,"JPM,99818,195"
2019-06-28 14:09:50.000000000,BEST_ASK,"JPM,99839,100"
2019-06-28 14:09:50.000000000,BEST_BID,"JPM,99818,195"
2019-06-28 14:09:50.000000000,BEST_ASK,"JPM,99839,195"
2019-06-28 14:09:50.000000000,BEST_BID,"JPM,99818,195"
2019-06-28 14:09:50.000000000,BEST_ASK,"JPM,99839,195"
2019-06-28 14:09:50.000000000,BEST_BID,"JPM,99818,195"
2019-06-28 14:09:50.000000000,BEST_ASK,"JPM,99839,195"
2019-06-28 14:09:59.202618231,QUERY_SPREAD,26
2019-06-28 14:09:59.202618231,BEST_BID,"JPM,99818,195"
2019-06-28 14:09:59.202618231,BEST_ASK,"JPM,99839,195"
2019-06-28 14:10:00.000000000,QUERY_SPREAD,1
2019-06-28 14:10:00.000000000,BEST_BID,"JPM,99818,195"
2019-06-28 14:10:00.000000000,BEST_ASK,"JPM,99839,100"
2019-06-28 14:10:00.000000000,BEST_BID,"JPM,99818,195"
2019-06-28 14:10:00.000000000,BEST_ASK,"JPM,99839,100"
2019-06-28 14:10:00.000000000,BEST_BID,"JPM,99818,195"
2019-06-28 14:10:00.000000000,BEST_ASK,"JPM,99839,100"
2019-06-28 14:10:00.000000000,BEST_BID,"JPM,99818,195"
2019-06-28 14:10:00.000000000,BEST_ASK,"JPM,99839,195"
2019-06-28 14:10:00.000000000,BEST_BID,"JPM,99818,195"
2019-06-28 14:10:00.000000000,BEST_ASK,"JPM,99839,195"
2019-06-28 14:10:00.000000000,BEST_BID,"JPM,99818,195"
2019-06-28 14:10:00.000000000,BEST_ASK,"JPM,99839,195"
2019-06-28 14:10:00.000000000,QUERY_SPREAD,77
2019-06-28 14:10:00.000000000,BEST_BID,"JPM,99818,194"
2019-06-28 14:10:00.000000000,BEST_ASK,"JPM,99839,195"
2019-06-28 14:10:00.000000000,LAST_TRADE,"1,$99818.0000"
2019-06-28 14:10:00.000000000,QUERY_SPREAD,78
2019-06-28 14:10:00.000000000,BEST_BID,"JPM,99818,190"
2019-06-28 14:10:00.000000000,BEST_ASK,"JPM,99839,195"
2019-06-28 14:10:00.000000000,LAST_TRADE,"4,$99818.0000"
2019-06-28 14:10:00.000000000,QUERY_SPREAD,79
2019-06-28 14:10:00.000000000,BEST_BID,"JPM,99818,184"
2019-06-28 14:10:00.000000000,BEST_ASK,"JPM,99839,195"
2019-06-28 14:10:00.000000000,LAST_TRADE,"6,$99818.0000"
2019-06-28 14:10:00.000000000,QUERY_SPREAD,80
2019-06-28 14:10:00.000000000,BEST_BID,"JPM,99818,179"
2019-06-28 14:10:00.000000000,BEST_ASK,"JPM,99839,195"
2019-06-28 14:10:00.000000000,LAST_TRADE,"5,$99818.0000"
2019-06-28 14:10:00.000000000,QUERY_SPREAD,81
2019-06-28 14:10:00.000000000,BEST_BID,"JPM,99818,171"
2019-06-28 14:10:00.000000000,BEST_ASK,"JPM,99839,195"
2019-06-28 14:10:00.000000000,LAST_TRADE,"8,$99818.0000"
2019-06-28 14:10:00.000000000,QUERY_SPREAD,82
2019-06-28 14:10:00.000000000,BEST_BID,"JPM,99818,163"
2019-06-28 14:10:00.000000000,BEST_ASK,"JPM,99839,195"
2019-06-28 14:10:00.000000000,LAST_TRADE,"8,$99818.0000"
2019-06-28 14:10:00.000000000,QUERY_SPREAD,83
2019-06-28 14:10:00.000000000,BEST_BID,"JPM,99818,161"
2019-06-28 14:10:00.000000000,BEST_ASK,"JPM,99839,195"
2019-06-28 14:10:00.000000000,LAST_TRADE,"2,$99818.0000"
2019-06-28 14:10:00.000000000,QUERY_SPREAD,84
2019-06-28 14:10:00.000000000,BEST_BID,"JPM,99818,160"
2019-06-28 14:10:00.000000000,BEST_ASK,"JPM,99839,195"
2019-06-28 14:10:00.000000000,LAST_TRADE,"1,$99818.0000"
2019-06-28 14:10:00.000000000,QUERY_SPREAD,85
2019-06-28 14:10:00.000000000,BEST_BID,"JPM,99818,159"
2019-06-28 14:10:00.000000000,BEST_ASK,"JPM,99839,195"
2019-06-28 14:10:00.000000000,LAST_TRADE,"1,$99818.0000"
2019-06-28 14:10:00.000000000,QUERY_SPREAD,86
2019-06-28 14:10:00.000000000,BEST_BID,"JPM,99818,153"
2019-06-28 14:10:00.000000000,BEST_ASK,"JPM,99839,195"
2019-06-28 14:10:00.000000000,LAST_TRADE,"6,$99818.0000"
2019-06-28 14:10:00.000000000,QUERY_SPREAD,87
2019-06-28 14:10:00.000000000,BEST_BID,"JPM,99818,150"
2019-06-28 14:10:00.000000000,BEST_ASK,"JPM,99839,195"
2019-06-28 14:10:00.000000000,LAST_TRADE,"3,$99818.0000"
2019-06-28 14:10:00.000000000,QUERY_SPREAD,88
2019-06-28 14:10:00.000000000,BEST_BID,"JPM,99818,146"
2019-06-28 14:10:00.000000000,BEST_ASK,"JPM,99839,195"
2019-06-28 14:10:00.000000000,LAST_TRADE,"4,$99818.0000"
2019-06-28 14:10:00.000000000,QUERY_SPREAD,89
2019-06-28 14:10:00.000000000,BEST_BID,"JPM,99818,142"
2019-06-28 14:10:00.000000000,BEST_ASK,"JPM,99839,195"
2019-06-28 14:10:00.000000000,LAST_TRADE,"4,$99818.0000"
2019-06-28 14:10:00.000000000,QUERY_SPREAD,90
2019-06-28 14:10:00.000000000,BEST_BID,"JPM,99818,135"
2019-06-28 14:10:00.000000000,BEST_ASK,"JPM,99839,195"
2019-06-28 14:10:00.000000000,LAST_TRADE,"7,$99818.0000"
2019-06-28 14:10:00.000000000,QUERY_SPREAD,91
2019-06-28 14:10:00.000000000,BEST_BID,"JPM,99818,127"
2019-06-28 14:10:00.000000000,BEST_ASK,"JPM,99839,195"
2019-06-28 14:10:00.000000000,LAST_TRADE,"8,$99818.0000"
2019-06-28 14:10:00.000000000,QUERY_SPREAD,92
2019-06-28 14:10:00.000000000,BEST_BID,"JPM,99818,122"
2019-06-28 14:10:00.000000000,BEST_ASK,"JPM,99839,195"
2019-06-28 14:10:00.000000000,LAST_TRADE,"5,$99818.0000"
2019-06-28 14:10:00.000000000,QUERY_SPREAD,93
2019-06-28 14:10:00.000000000,BEST_BID,"JPM,99818,119"
2019-06-28 14:10:00.000000000,BEST_ASK,"JPM,99839,195"
2019-06-28 14:10:00.000000000,LAST_TRADE,"3,$99818.0000"
2019-06-28 14:10:00.000000000,QUERY_SPREAD,94
2019-06-28 14:10:00.000000000,BEST_BID,"JPM,99818,115"
2019-06-28 14:10:00.000000000,BEST_ASK,"JPM,99839,195"
2019-06-28 14:10:00.000000000,LAST_TRADE,"4,$99818.0000"
2019-06-28 14:10:00.000000000,QUERY_SPREAD,95
2019-06-28 14:10:00.000000000,BEST_BID,"JPM,99818,110"
2019-06-28 14:10:00.000000000,BEST_ASK,"JPM,99839,195"
2019-06-28 14:10:00.000000000,LAST_TRADE,"5,$99818.0000"
2019-06-28 14:10:00.000000000,QUERY_SPREAD,96
2019-06-28 14:10:00.000000000,BEST_BID,"JPM,99818,109"
2019-06-28 14:10:00.000000000,BEST_ASK,"JPM,99839,195"
2019-06-28 14:10:00.000000000,LAST_TRADE,"1,$99818.0000"
2019-06-28 14:10:00.000000000,QUERY_SPREAD,97
2019-06-28 14:10:00.000000000,BEST_BID,"JPM,99818,102"
2019-06-28 14:10:00.000000000,BEST_ASK,"JPM,99839,195"
2019-06-28 14:10:00.000000000,LAST_TRADE,"7,$99818.0000"
2019-06-28 14:10:00.000000000,QUERY_SPREAD,98
2019-06-28 14:10:00.000000000,BEST_BID,"JPM,99818,96"
2019-06-28 14:10:00.000000000,BEST_ASK,"JPM,99839,195"
2019-06-28 14:10:00.000000000,LAST_TRADE,"6,$99818.0000"
2019-06-28 14:10:00.000000000,QUERY_SPREAD,99
2019-06-28 14:10:00.000000000,BEST_BID,"JPM,99818,91"
2019-06-28 14:10:00.000000000,BEST_ASK,"JPM,99839,195"
2019-06-28 14:10:00.000000000,LAST_TRADE,"5,$99818.0000"
2019-06-28 14:10:00.000000000,QUERY_SPREAD,100
2019-06-28 14:10:00.000000000,BEST_BID,"JPM,99818,84"
2019-06-28 14:10:00.000000000,BEST_ASK,"JPM,99839,195"
2019-06-28 14:10:00.000000000,LAST_TRADE,"7,$99818.0000"
2019-06-28 14:10:00.000000000,QUERY_SPREAD,101
2019-06-28 14:10:00.000000000,QUERY_ORDER_STREAM,101
2019-06-28 14:10:03.550537521,QUERY_SPREAD,2
2019-06-28 14:10:03.550537521,BEST_BID,"JPM,99818,84"
2019-06-28 14:10:03.550537521,BEST_ASK,"JPM,99839,95"
2019-06-28 14:10:03.550537521,LAST_TRADE,"100,$99839.0000"
2019-06-28 14:10:10.000000000,QUERY_SPREAD,1
2019-06-28 14:10:10.000000000,BEST_BID,"JPM,99482,295"
2019-06-28 14:10:10.000000000,BEST_ASK,"JPM,99876,200"
2019-06-28 14:10:10.000000000,BEST_BID,"JPM,99482,295"
2019-06-28 14:10:10.000000000,BEST_ASK,"JPM,99876,200"
2019-06-28 14:10:10.000000000,BEST_BID,"JPM,99482,295"
2019-06-28 14:10:10.000000000,BEST_ASK,"JPM,99876,200"
2019-06-28 14:10:10.000000000,BEST_BID,"JPM,99482,295"
2019-06-28 14:10:10.000000000,BEST_ASK,"JPM,99876,295"
2019-06-28 14:10:10.000000000,BEST_BID,"JPM,99482,295"
2019-06-28 14:10:10.000000000,BEST_ASK,"JPM,99876,295"
2019-06-28 14:10:10.000000000,BEST_BID,"JPM,99482,295"
2019-06-28 14:10:10.000000000,BEST_ASK,"JPM,99876,295"
2019-06-28 14:10:20.000000000,QUERY_SPREAD,1
2019-06-28 14:10:20.000000000,BEST_BID,"JPM,99482,480"
2019-06-28 14:10:20.000000000,BEST_ASK,"JPM,99876,200"
2019-06-28 14:10:20.000000000,BEST_BID,"JPM,99482,480"
2019-06-28 14:10:20.000000000,BEST_ASK,"JPM,99876,480"
2019-06-28 14:10:25.410115830,QUERY_ORDER_STREAM,69
2019-06-28 14:10:25.410115830,QUERY_SPREAD,69
2019-06-28 14:10:25.410115830,BEST_BID,"JPM,99818,100"
2019-06-28 14:10:25.410115830,BEST_ASK,"JPM,99876,480"
2019-06-28 14:10:30.000000000,QUERY_SPREAD,1
2019-06-28 14:10:30.000000000,BEST_BID,"JPM,99818,380"
2019-06-28 14:10:30.000000000,BEST_ASK,"JPM,99876,200"
2019-06-28 14:10:30.000000000,BEST_BID,"JPM,99818,380"
2019-06-28 14:10:30.000000000,BEST_ASK,"JPM,99876,480"
2019-06-28 14:10:40.000000000,QUERY_SPREAD,1
2019-06-28 14:10:40.000000000,BEST_BID,"JPM,99818,170"
2019-06-28 14:10:40.000000000,BEST_ASK,"JPM,99876,200"
2019-06-28 14:10:40.000000000,BEST_BID,"JPM,99818,170"
2019-06-28 14:10:40.000000000,BEST_ASK,"JPM,99876,200"
2019-06-28 14:10:40.000000000,BEST_BID,"JPM,99818,170"
2019-06-28 14:10:40.000000000,BEST_ASK,"JPM,99876,200"
2019-06-28 14:10:40.000000000,BEST_BID,"JPM,99818,170"
2019-06-28 14:10:40.000000000,BEST_ASK,"JPM,99876,200"
2019-06-28 14:10:40.000000000,BEST_BID,"JPM,99818,170"
2019-06-28 14:10:40.000000000,BEST_ASK,"JPM,99876,270"
2019-06-28 14:10:40.000000000,BEST_BID,"JPM,99818,170"
2019-06-28 14:10:40.000000000,BEST_ASK,"JPM,99876,270"
2019-06-28 14:10:40.000000000,BEST_BID,"JPM,99818,170"
2019-06-28 14:10:40.000000000,BEST_ASK,"JPM,99876,270"
2019-06-28 14:10:40.000000000,BEST_BID,"JPM,99818,170"
2019-06-28 14:10:40.000000000,BEST_ASK,"JPM,99876,270"
2019-06-28 14:10:50.000000000,QUERY_SPREAD,1
2019-06-28 14:10:50.000000000,BEST_BID,"JPM,99818,195"
2019-06-28 14:10:50.000000000,BEST_ASK,"JPM,99876,200"
2019-06-28 14:10:50.000000000,BEST_BID,"JPM,99818,195"
2019-06-28 14:10:50.000000000,BEST_ASK,"JPM,99876,200"
2019-06-28 14:10:50.000000000,BEST_BID,"JPM,99818,195"
2019-06-28 14:10:50.000000000,BEST_ASK,"JPM,99876,200"
2019-06-28 14:10:50.000000000,BEST_BID,"JPM,99818,195"
2019-06-28 14:10:50.000000000,BEST_ASK,"JPM,99876,295"
2019-06-28 14:10:50.000000000,BEST_BID,"JPM,99818,195"
2019-06-28 14:10:50.000000000,BEST_ASK,"JPM,99876,295"
2019-06-28 14:10:50.000000000,BEST_BID,"JPM,99818,195"
2019-06-28 14:10:50.000000000,BEST_ASK,"JPM,99876,295"
2019-06-28 14:10:54.789252763,QUERY_SPREAD,46
2019-06-28 14:10:54.789252763,BEST_BID,"JPM,99818,195"
2019-06-28 14:10:54.789252763,BEST_ASK,"JPM,99876,295"
2019-06-28 14:10:57.336345207,QUERY_SPREAD,21
2019-06-28 14:10:57.336345207,BEST_BID,"JPM,99818,195"
2019-06-28 14:10:57.336345207,BEST_ASK,"JPM,99876,195"
2019-06-28 14:10:57.336345207,LAST_TRADE,"100,$99876.0000"
2019-06-28 14:11:00.000000000,QUERY_SPREAD,1
2019-06-28 14:11:00.000000000,BEST_BID,"JPM,99818,240"
2019-06-28 14:11:00.000000000,BEST_ASK,"JPM,99876,100"
2019-06-28 14:11:00.000000000,BEST_BID,"JPM,99818,240"
2019-06-28 14:11:00.000000000,BEST_ASK,"JPM,99876,100"
2019-06-28 14:11:00.000000000,BEST_BID,"JPM,99818,240"
2019-06-28 14:11:00.000000000,BEST_ASK,"JPM,99876,240"
2019-06-28 14:11:00.000000000,BEST_BID,"JPM,99818,240"
2019-06-28 14:11:00.000000000,BEST_ASK,"JPM,99876,240"
2019-06-28 14:11:00.000000000,QUERY_SPREAD,77
2019-06-28 14:11:00.000000000,BEST_BID,"JPM,99818,239"
2019-06-28 14:11:00.000000000,BEST_ASK,"JPM,99876,240"
2019-06-28 14:11:00.000000000,LAST_TRADE,"1,$99818.0000"
2019-06-28 14:11:00.000000000,QUERY_SPREAD,78
2019-06-28 14:11:00.000000000,BEST_BID,"JPM,99818,235"
2019-06-28 14:11:00.000000000,BEST_ASK,"JPM,99876,240"
2019-06-28 14:11:00.000000000,LAST_TRADE,"4,$99818.0000"
2019-06-28 14:11:00.000000000,QUERY_SPREAD,79
2019-06-28 14:11:00.000000000,BEST_BID,"JPM,99818,229"
2019-06-28 14:11:00.000000000,BEST_ASK,"JPM,99876,240"
2019-06-28 14:11:00.000000000,LAST_TRADE,"6,$99818.0000"
2019-06-28 14:11:00.000000000,QUERY_SPREAD,80
2019-06-28 14:11:00.000000000,BEST_BID,"JPM,99818,224"
2019-06-28 14:11:00.000000000,BEST_ASK,"JPM,99876,240"
2019-06-28 14:11:00.000000000,LAST_TRADE,"5,$99818.0000"
2019-06-28 14:11:00.000000000,QUERY_SPREAD,81
2019-06-28 14:11:00.000000000,BEST_BID,"JPM,99818,216"
2019-06-28 14:11:00.000000000,BEST_ASK,"JPM,99876,240"
2019-06-28 14:11:00.000000000,LAST_TRADE,"8,$99818.0000"
2019-06-28 14:11:00.000000000,QUERY_SPREAD,82
2019-06-28 14:11:00.000000000,BEST_BID,"JPM,99818,208"
2019-06-28 14:11:00.000000000,BEST_ASK,"JPM,99876,240"
2019-06-28 14:11:00.000000000,LAST_TRADE,"8,$99818.0000"
2019-06-28 14:11:00.000000000,QUERY_SPREAD,83
2019-06-28 14:11:00.000000000,BEST_BID,"JPM,99818,206"
2019-06-28 14:11:00.000000000,BEST_ASK,"JPM,99876,240"
2019-06-28 14:11:00.000000000,LAST_TRADE,"2,$99818.0000"
2019-06-28 14:11:00.000000000,QUERY_SPREAD,84
2019-06-28 14:11:00.000000000,BEST_BID,"JPM,99818,205"
2019-06-28 14:11:00.000000000,BEST_ASK,"JPM,99876,240"
2019-06-28 14:11:00.000000000,LAST_TRADE,"1,$99818.0000"
2019-06-28 14:11:00.000000000,QUERY_SPREAD,85
2019-06-28 14:11:00.000000000,BEST_BID,"JPM,99818,204"
2019-06-28 14:11:00.000000000,BEST_ASK,"JPM,99876,240"
2019-06-28 14:11:00.000000000,LAST_TRADE,"1,$99818.0000"
2019-06-28 14:11:00.000000000,QUERY_SPREAD,86
2019-06-28 14:11:00.000000000,BEST_BID,"JPM,99818,198"
2019-06-28 14:11:00.000000000,BEST_ASK,"JPM,99876,240"
2019-06-28 14:11:00.000000000,LAST_TRADE,"6,$99818.0000"
2019-06-28 14:11:00.000000000,QUERY_SPREAD,87
2019-06-28 14:11:00.000000000,BEST_BID,"JPM,99818,195"
2019-06-28 14:11:00.000000000,BEST_ASK,"JPM,99876,240"
2019-06-28 14:11:00.000000000,LAST_TRADE,"3,$99818.0000"
2019-06-28 14:11:00.000000000,QUERY_SPREAD,88
2019-06-28 14:11:00.000000000,BEST_BID,"JPM,99818,191"
2019-06-28 14:11:00.000000000,BEST_ASK,"JPM,99876,240"
2019-06-28 14:11:00.000000000,LAST_TRADE,"4,$99818.0000"
2019-06-28 14:11:00.000000000,QUERY_SPREAD,89
2019-06-28 14:11:00.000000000,BEST_BID,"JPM,99818,187"
2019-06-28 14:11:00.000000000,BEST_ASK,"JPM,99876,240"
2019-06-28 14:11:00.000000000,LAST_TRADE,"4,$99818.0000"
2019-06-28 14:11:00.000000000,QUERY_SPREAD,90
2019-06-28 14:11:00.000000000,BEST_BID,"JPM,99818,180"
2019-06-28 14:11:00.000000000,BEST_ASK,"JPM,99876,240"
2019-06-28 14:11:00.000000000,LAST_TRADE,"7,$99818.0000"
2019-06-28 14:11:00.000000000,QUERY_SPREAD,91
2019-06-28 14:11:00.000000000,BEST_BID,"JPM,99818,172"
2019-06-28 14:11:00.000000000,BEST_ASK,"JPM,99876,240"
2019-06-28 14:11:00.000000000,LAST_TRADE,"8,$99818.0000"
2019-06-28 14:11:00.000000000,QUERY_SPREAD,92
2019-06-28 14:11:00.000000000,BEST_BID,"JPM,99818,167"
2019-06-28 14:11:00.000000000,BEST_ASK,"JPM,99876,240"
2019-06-28 14:11:00.000000000,LAST_TRADE,"5,$99818.0000"
2019-06-28 14:11:00.000000000,QUERY_SPREAD,93
2019-06-28 14:11:00.000000000,BEST_BID,"JPM,99818,164"
2019-06-28 14:11:00.000000000,BEST_ASK,"JPM,99876,240"
2019-06-28 14:11:00.000000000,LAST_TRADE,"3,$99818.0000"
2019-06-28 14:11:00.000000000,QUERY_SPREAD,94
2019-06-28 14:11:00.000000000,BEST_BID,"JPM,99818,160"
2019-06-28 14:11:00.000000000,BEST_ASK,"JPM,99876,240"
2019-06-28 14:11:00.000000000,LAST_TRADE,"4,$99818.0000"
2019-06-28 14:11:00.000000000,QUERY_SPREAD,95
2019-06-28 14:11:00.000000000,BEST_BID,"JPM,99818,155"
2019-06-28 14:11:00.000000000,BEST_ASK,"JPM,99876,240"
2019-06-28 14:11:00.000000000,LAST_TRADE,"5,$99818.0000"
2019-06-28 14:11:00.000000000,QUERY_SPREAD,96
2019-06-28 14:11:00.000000000,BEST_BID,"JPM,99818,154"
2019-06-28 14:11:00.000000000,BEST_ASK,"JPM,99876,240"
2019-06-28 14:11:00.000000000,LAST_TRADE,"1,$99818.0000"
2019-06-28 14:11:00.000000000,QUERY_SPREAD,97
2019-06-28 14:11:00.000000000,BEST_BID,"JPM,99818,147"
2019-06-28 14:11:00.000000000,BEST_ASK,"JPM,99876,240"
2019-06-28 14:11:00.000000000,LAST_TRADE,"7,$99818.0000"
2019-06-28 14:11:00.000000000,QUERY_SPREAD,98
2019-06-28 14:11:00.000000000,BEST_BID,"JPM,99818,141"
2019-06-28 14:11:00.000000000,BEST_ASK,"JPM,99876,240"
2019-06-28 14:11:00.000000000,LAST_TRADE,"6,$99818.0000"
2019-06-28 14:11:00.000000000,QUERY_SPREAD,99
2019-06-28 14:11:00.000000000,BEST_BID,"JPM,99818,136"
2019-06-28 14:11:00.000000000,BEST_ASK,"JPM,99876,240"
2019-06-28 14:11:00.000000000,LAST_TRADE,"5,$99818.0000"
2019-06-28 14:11:00.000000000,QUERY_SPREAD,100
2019-06-28 14:11:00.000000000,BEST_BID,"JPM,99818,129"
2019-06-28 14:11:00.000000000,BEST_ASK,"JPM,99876,240"
2019-06-28 14:11:00.000000000,LAST_TRADE,"7,$99818.0000"
2019-06-28 14:11:00.000000000,QUERY_SPREAD,101
2019-06-28 14:11:00.000000000,QUERY_ORDER_STREAM,101
2019-06-28 14:11:03.274605956,QUERY_SPREAD,9
2019-06-28 14:11:03.274605956,BEST_BID,"JPM,99818,129"
2019-06-28 14:11:03.274605956,BEST_ASK,"JPM,99876,240"
2019-06-28 14:11:10.000000000,QUERY_SPREAD,1
2019-06-28 14:11:10.000000000,BEST_BID,"JPM,99482,480"
2019-06-28 14:11:10.000000000,BEST_ASK,"JPM,99876,100"
2019-06-28 14:11:10.000000000,BEST_BID,"JPM,99482,480"
2019-06-28 14:11:10.000000000,BEST_ASK,"JPM,99876,380"
2019-06-28 14:11:15.395225628,QUERY_SPREAD,25
2019-06-28 14:11:15.395225628,BEST_BID,"JPM,99482,480"
2019-06-28 14:11:15.395225628,BEST_ASK,"JPM,99876,280"
2019-06-28 14:11:15.395225628,LAST_TRADE,"100,$99876.0000"
2019-06-28 14:11:20.000000000,QUERY_SPREAD,1
2019-06-28 14:11:20.000000000,BEST_BID,"JPM,99482,256"
2019-06-28 14:11:20.000000000,BEST_ASK,"JPM,99898,100"
2019-06-28 14:11:20.000000000,BEST_BID,"JPM,99482,256"
2019-06-28 14:11:20.000000000,BEST_ASK,"JPM,99898,100"
2019-06-28 14:11:20.000000000,BEST_BID,"JPM,99482,256"
2019-06-28 14:11:20.000000000,BEST_ASK,"JPM,99898,100"
2019-06-28 14:11:20.000000000,BEST_BID,"JPM,99482,256"
2019-06-28 14:11:20.000000000,BEST_ASK,"JPM,99898,100"
2019-06-28 14:11:20.000000000,BEST_BID,"JPM,99482,256"
2019-06-28 14:11:20.000000000,BEST_ASK,"JPM,99898,100"
2019-06-28 14:11:20.000000000,BEST_BID,"JPM,99482,256"
2019-06-28 14:11:20.000000000,BEST_ASK,"JPM,99898,156"
2019-06-28 14:11:20.000000000,BEST_BID,"JPM,99482,256"
2019-06-28 14:11:20.000000000,BEST_ASK,"JPM,99898,156"
2019-06-28 14:11:20.000000000,BEST_BID,"JPM,99482,256"
2019-06-28 14:11:20.000000000,BEST_ASK,"JPM,99898,156"
2019-06-28 14:11:20.000000000,BEST_BID,"JPM,99482,256"
2019-06-28 14:11:20.000000000,BEST_ASK,"JPM,99898,156"
2019-06-28 14:11:20.000000000,BEST_BID,"JPM,99482,256"
2019-06-28 14:11:20.000000000,BEST_ASK,"JPM,99898,156"
2019-06-28 14:11:30.000000000,QUERY_SPREAD,1
2019-06-28 14:11:30.000000000,BEST_BID,"JPM,99482,295"
2019-06-28 14:11:30.000000000,BEST_ASK,"JPM,99898,100"
2019-06-28 14:11:30.000000000,BEST_BID,"JPM,99482,295"
2019-06-28 14:11:30.000000000,BEST_ASK,"JPM,99898,100"
2019-06-28 14:11:30.000000000,BEST_BID,"JPM,99482,295"
2019-06-28 14:11:30.000000000,BEST_ASK,"JPM,99898,100"
2019-06-28 14:11:30.000000000,BEST_BID,"JPM,99482,295"
2019-06-28 14:11:30.000000000,BEST_ASK,"JPM,99898,195"
2019-06-28 14:11:30.000000000,BEST_BID,"JPM,99482,295"
2019-06-28 14:11:30.000000000,BEST_ASK,"JPM,99898,195"
2019-06-28 14:11:30.000000000,BEST_BID,"JPM,99482,295"
2019-06-28 14:11:30.000000000,BEST_ASK,"JPM,99898,195"
2019-06-28 14:11:34.210876716,QUERY_ORDER_STREAM,72
2019-06-28 14:11:34.210876716,QUERY_SPREAD,72
2019-06-28 14:11:40.000000000,QUERY_SPREAD,1
2019-06-28 14:11:40.000000000,BEST_BID,"JPM,99482,270"
2019-06-28 14:11:40.000000000,BEST_ASK,"JPM,99898,100"
2019-06-28 14:11:40.000000000,BEST_BID,"JPM,99482,270"
2019-06-28 14:11:40.000000000,BEST_ASK,"JPM,99898,100"
2019-06-28 14:11:40.000000000,BEST_BID,"JPM,99482,270"
2019-06-28 14:11:40.000000000,BEST_ASK,"JPM,99898,100"
2019-06-28 14:11:40.000000000,BEST_BID,"JPM,99482,270"
2019-06-28 14:11:40.000000000,BEST_ASK,"JPM,99898,100"
2019-06-28 14:11:40.000000000,BEST_BID,"JPM,99482,270"
2019-06-28 14:11:40.000000000,BEST_ASK,"JPM,99898,170"
2019-06-28 14:11:40.000000000,BEST_BID,"JPM,99482,270"
2019-06-28 14:11:40.000000000,BEST_ASK,"JPM,99898,170"
2019-06-28 14:11:40.000000000,BEST_BID,"JPM,99482,270"
2019-06-28 14:11:40.000000000,BEST_ASK,"JPM,99898,170"
2019-06-28 14:11:40.000000000,BEST_BID,"JPM,99482,270"
2019-06-28 14:11:40.000000000,BEST_ASK,"JPM,99898,170"
2019-06-28 14:11:46.496545766,QUERY_SPREAD,34
2019-06-28 14:11:46.496545766,BEST_BID,"JPM,99482,270"
2019-06-28 14:11:46.496545766,BEST_ASK,"JPM,99898,170"
2019-06-28 14:11:50.000000000,QUERY_SPREAD,1
2019-06-28 14:11:50.000000000,BEST_BID,"JPM,99482,270"
2019-06-28 14:11:50.000000000,BEST_ASK,"JPM,99898,100"
2019-06-28 14:11:50.000000000,BEST_BID,"JPM,99482,270"
2019-06-28 14:11:50.000000000,BEST_ASK,"JPM,99898,100"
2019-06-28 14:11:50.000000000,BEST_BID,"JPM,99482,270"
2019-06-28 14:11:50.000000000,BEST_ASK,"JPM,99898,100"
2019-06-28 14:11:50.000000000,BEST_BID,"JPM,99482,270"
2019-06-28 14:11:50.000000000,BEST_ASK,"JPM,99898,100"
2019-06-28 14:11:50.000000000,BEST_BID,"JPM,99482,270"
2019-06-28 14:11:50.000000000,BEST_ASK,"JPM,99898,170"
2019-06-28 14:11:50.000000000,BEST_BID,"JPM,99482,270"
2019-06-28 14:11:50.000000000,BEST_ASK,"JPM,99898,170"
2019-06-28 14:11:50.000000000,BEST_BID,"JPM,99482,270"
2019-06-28 14:11:50.000000000,BEST_ASK,"JPM,99898,170"
2019-06-28 14:11:50.000000000,BEST_BID,"JPM,99482,270"
2019-06-28 14:11:50.000000000,BEST_ASK,"JPM,99898,170"
2019-06-28 14:12:00.000000000,QUERY_SPREAD,1
2019-06-28 14:12:00.000000000,BEST_BID,"JPM,99482,295"
2019-06-28 14:12:00.000000000,BEST_ASK,"JPM,99898,100"
2019-06-28 14:12:00.000000000,BEST_BID,"JPM,99482,295"
2019-06-28 14:12:00.000000000,BEST_ASK,"JPM,99898,100"
2019-06-28 14:12:00.000000000,BEST_BID,"JPM,99482,295"
2019-06-28 14:12:00.000000000,BEST_ASK,"JPM,99898,100"
2019-06-28 14:12:00.000000000,BEST_BID,"JPM,99482,295"
2019-06-28 14:12:00.000000000,BEST_ASK,"JPM,99898,195"
2019-06-28 14:12:00.000000000,BEST_BID,"JPM,99482,295"
2019-06-28 14:12:00.000000000,BEST_ASK,"JPM,99898,195"
2019-06-28 14:12:00.000000000,BEST_BID,"JPM,99482,295"
2019-06-28 14:12:00.000000000,BEST_ASK,"JPM,99898,195"
2019-06-28 14:12:00.000000000,QUERY_SPREAD,77
2019-06-28 14:12:00.000000000,BEST_BID,"JPM,99482,294"
2019-06-28 14:12:00.000000000,BEST_ASK,"JPM,99898,195"
2019-06-28 14:12:00.000000000,LAST_TRADE,"1,$99482.0000"
2019-06-28 14:12:00.000000000,QUERY_SPREAD,78
2019-06-28 14:12:00.000000000,BEST_BID,"JPM,99482,290"
2019-06-28 14:12:00.000000000,BEST_ASK,"JPM,99898,195"
2019-06-28 14:12:00.000000000,LAST_TRADE,"4,$99482.0000"
2019-06-28 14:12:00.000000000,QUERY_SPREAD,79
2019-06-28 14:12:00.000000000,BEST_BID,"JPM,99482,284"
2019-06-28 14:12:00.000000000,BEST_ASK,"JPM,99898,195"
2019-06-28 14:12:00.000000000,LAST_TRADE,"6,$99482.0000"
2019-06-28 14:12:00.000000000,QUERY_SPREAD,80
2019-06-28 14:12:00.000000000,BEST_BID,"JPM,99482,279"
2019-06-28 14:12:00.000000000,BEST_ASK,"JPM,99898,195"
2019-06-28 14:12:00.000000000,LAST_TRADE,"5,$99482.0000"
2019-06-28 14:12:00.000000000,QUERY_SPREAD,81
2019-06-28 14:12:00.000000000,BEST_BID,"JPM,99482,271"
2019-06-28 14:12:00.000000000,BEST_ASK,"JPM,99898,195"
2019-06-28 14:12:00.000000000,LAST_TRADE,"8,$99482.0000"
2019-06-28 14:12:00.000000000,QUERY_SPREAD,82
2019-06-28 14:12:00.000000000,BEST_BID,"JPM,99482,263"
2019-06-28 14:12:00.000000000,BEST_ASK,"JPM,99898,195"
2019-06-28 14:12:00.000000000,LAST_TRADE,"8,$99482.0000"
2019-06-28 14:12:00.000000000,QUERY_SPREAD,83
2019-06-28 14:12:00.000000000,BEST_BID,"JPM,99482,261"
2019-06-28 14:12:00.000000000,BEST_ASK,"JPM,99898,195"
2019-06-28 14:12:00.000000000,LAST_TRADE,"2,$99482.0000"
2019-06-28 14:12:00.000000000,QUERY_SPREAD,84
2019-06-28 14:12:00.000000000,BEST_BID,"JPM,99482,260"
2019-06-28 14:12:00.000000000,BEST_ASK,"JPM,99898,195"
2019-06-28 14:12:00.000000000,LAST_TRADE,"1,$99482.0000"
2019-06-28 14:12:00.000000000,QUERY_SPREAD,85
2019-06-28 14:12:00.000000000,BEST_BID,"JPM,99482,259"
2019-06-28 14:12:00.000000000,BEST_ASK,"JPM,99898,195"
2019-06-28 14:12:00.000000000,LAST_TRADE,"1,$99482.0000"
2019-06-28 14:12:00.000000000,QUERY_SPREAD,86
2019-06-28 14:12:00.000000000,BEST_BID,"JPM,99482,253"
2019-06-28 14:12:00.000000000,BEST_ASK,"JPM,99898,195"
2019-06-28 14:12:00.000000000,LAST_TRADE,"6,$99482.0000"
2019-06-28 14:12:00.000000000,QUERY_SPREAD,87
2019-06-28 14:12:00.000000000,BEST_BID,"JPM,99482,250"
2019-06-28 14:12:00.000000000,BEST_ASK,"JPM,99898,195"
2019-06-28 14:12:00.000000000,LAST_TRADE,"3,$99482.0000"
2019-06-28 14:12:00.000000000,QUERY_SPREAD,88
2019-06-28 14:12:00.000000000,BEST_BID,"JPM,99482,246"
2019-06-28 14:12:00.000000000,BEST_ASK,"JPM,99898,195"
2019-06-28 14:12:00.000000000,LAST_TRADE,"4,$99482.0000"
2019-06-28 14:12:00.000000000,QUERY_SPREAD,89
2019-06-28 14:12:00.000000000,BEST_BID,"JPM,99482,242"
2019-06-28 14:12:00.000000000,BEST_ASK,"JPM,99898,195"
2019-06-28 14:12:00.000000000,LAST_TRADE,"4,$99482.0000"
2019-06-28 14:12:00.000000000,QUERY_SPREAD,90
2019-06-28 14:12:00.000000000,BEST_BID,"JPM,99482,235"
2019-06-28 14:12:00.000000000,BEST_ASK,"JPM,99898,195"
2019-06-28 14:12:00.000000000,LAST_TRADE,"7,$99482.0000"
2019-06-28 14:12:00.000000000,QUERY_SPREAD,91
2019-06-28 14:12:00.000000000,BEST_BID,"JPM,99482,227"
2019-06-28 14:12:00.000000000,BEST_ASK,"JPM,99898,195"
2019-06-28 14:12:00.000000000,LAST_TRADE,"8,$99482.0000"
2019-06-28 14:12:00.000000000,QUERY_SPREAD,92
2019-06-28 14:12:00.000000000,BEST_BID,"JPM,99482,222"
2019-06-28 14:12:00.000000000,BEST_ASK,"JPM,99898,195"
2019-06-28 14:12:00.000000000,LAST_TRADE,"5,$99482.0000"
2019-06-28 14:12:00.000000000,QUERY_SPREAD,93
2019-06-28 14:12:00.000000000,BEST_BID,"JPM,99482,219"
2019-06-28 14:12:00.000000000,BEST_ASK,"JPM,99898,195"
2019-06-28 14:12:00.000000000,LAST_TRADE,"3,$99482.0000"
2019-06-28 14:12:00.000000000,QUERY_SPREAD,94
2019-06-28 14:12:00.000000000,BEST_BID,"JPM,99482,215"
2019-06-28 14:12:00.000000000,BEST_ASK,"JPM,99898,195"
2019-06-28 14:12:00.000000000,LAST_TRADE,"4,$99482.0000"
2019-06-28 14:12:00.000000000,QUERY_SPREAD,95
2019-06-28 14:12:00.000000000,BEST_BID,"JPM,99482,210"
2019-06-28 14:12:00.000000000,BEST_ASK,"JPM,99898,195"
2019-06-28 14:12:00.000000000,LAST_TRADE,"5,$99482.0000"
2019-06-28 14:12:00.000000000,QUERY_SPREAD,96
2019-06-28 14:12:00.000000000,BEST_BID,"JPM,99482,209"
2019-06-28 14:12:00.000000000,BEST_ASK,"JPM,99898,195"
2019-06-28 14:12:00.000000000,LAST_TRADE,"1,$99482.0000"
2019-06-28 14:12:00.000000000,QUERY_SPREAD,97
2019-06-28 14:12:00.000000000,BEST_BID,"JPM,99482,202"
2019-06-28 14:12:00.000000000,BEST_ASK,"JPM,99898,195"
2019-06-28 14:12:00.000000000,LAST_TRADE,"7,$99482.0000"
2019-06-28 14:12:00.000000000,QUERY_SPREAD,98
2019-06-28 14:12:00.000000000,BEST_BID,"JPM,99482,196"
2019-06-28 14:12:00.000000000,BEST_ASK,"JPM,99898,195"
2019-06-28 14:12:00.000000000,LAST_TRADE,"6,$99482.0000"
2019-06-28 14:12:00.000000000,QUERY_SPREAD,99
2019-06-28 14:12:00.000000000,BEST_BID,"JPM,99482,191"
2019-06-28 14:12:00.000000000,BEST_ASK,"JPM,99898,195"
2019-06-28 14:12:00.000000000,LAST_TRADE,"5,$99482.0000"
2019-06-28 14:12:00.000000000,QUERY_SPREAD,100
2019-06-28 14:12:00.000000000,BEST_BID,"JPM,99482,184"
2019-06-28 14:12:00.000000000,BEST_ASK,"JPM,99898,195"
2019-06-28 14:12:00.000000000,LAST_TRADE,"7,$99482.0000"
2019-06-28 14:12:00.000000000,QUERY_SPREAD,101
2019-06-28 14:12:00.000000000,QUERY_ORDER_STREAM,101
2019-06-28 14:12:02.321526152,QUERY_SPREAD,22
2019-06-28 14:12:02.321526152,BEST_BID,"JPM,99482,184"
2019-06-28 14:12:02.321526152,BEST_ASK,"JPM,99898,95"
2019-06-28 14:12:02.321526152,LAST_TRADE,"100,$99898.0000"
2019-06-28 14:12:10.000000000,QUERY_SPREAD,1
2019-06-28 14:12:10.000000000,BEST_BID,"JPM,99482,369"
2019-06-28 14:12:10.000000000,BEST_ASK,"JPM,99981,100"
2019-06-28 14:12:10.000000000,BEST_BID,"JPM,99482,369"
2019-06-28 14:12:10.000000000,BEST_ASK,"JPM,99981,380"
2019-06-28 14:12:15.831274506,QUERY_ORDER_STREAM,52
2019-06-28 14:12:15.831274506,QUERY_SPREAD,52
2019-06-28 14:12:15.831274506,BEST_BID,"JPM,99482,469"
2019-06-28 14:12:15.831274506,BEST_ASK,"JPM,99981,380"
2019-06-28 14:12:20.000000000,QUERY_SPREAD,1
2019-06-28 14:12:20.000000000,BEST_BID,"JPM,99482,259"
2019-06-28 14:12:20.000000000,BEST_ASK,"JPM,99981,100"
2019-06-28 14:12:20.000000000,BEST_BID,"JPM,99482,259"
2019-06-28 14:12:20.000000000,BEST_ASK,"JPM,99981,100"
2019-06-28 14:12:20.000000000,BEST_BID,"JPM,99482,259"
2019-06-28 14:12:20.000000000,BEST_ASK,"JPM,99981,100"
2019-06-28 14:12:20.000000000,BEST_BID,"JPM,99482,259"
2019-06-28 14:12:20.000000000,BEST_ASK,"JPM,99981,100"
2019-06-28 14:12:20.000000000,BEST_BID,"JPM,99482,259"
2019-06-28 14:12:20.000000000,BEST_ASK,"JPM,99981,170"
2019-06-28 14:12:20.000000000,BEST_BID,"JPM,99482,259"
2019-06-28 14:12:20.000000000,BEST_ASK,"JPM,99981,170"
2019-06-28 14:12:20.000000000,BEST_BID,"JPM,99482,259"
2019-06-28 14:12:20.000000000,BEST_ASK,"JPM,99981,170"
2019-06-28 14:12:20.000000000,BEST_BID,"JPM,99482,259"
2019-06-28 14:12:20.000000000,BEST_ASK,"JPM,99981,170"
2019-06-28 14:12:23.584815134,QUERY_ORDER_STREAM,71
2019-06-28 14:12:23.584815134,QUERY_SPREAD,71
2019-06-28 14:12:27.966341857,QUERY_SPREAD,4
2019-06-28 14:12:27.966341857,BEST_BID,"JPM,99482,259"
2019-06-28 14:12:27.966341857,BEST_ASK,"JPM,99981,170"
2019-06-28 14:12:30.000000000,QUERY_SPREAD,1
2019-06-28 14:12:30.000000000,BEST_BID,"JPM,99482,259"
2019-06-28 14:12:30.000000000,BEST_ASK,"JPM,99981,100"
2019-06-28 14:12:30.000000000,BEST_BID,"JPM,99482,259"
2019-06-28 14:12:30.000000000,BEST_ASK,"JPM,99981,100"
2019-06-28 14:12:30.000000000,BEST_BID,"JPM,99482,259"
2019-06-28 14:12:30.000000000,BEST_ASK,"JPM,99981,100"
2019-06-28 14:12:30.000000000,BEST_BID,"JPM,99482,259"
2019-06-28 14:12:30.000000000,BEST_ASK,"JPM,99981,100"
2019-06-28 14:12:30.000000000,BEST_BID,"JPM,99482,259"
2019-06-28 14:12:30.000000000,BEST_ASK,"JPM,99981,170"
2019-06-28 14:12:30.000000000,BEST_BID,"JPM,99482,259"
2019-06-28 14:12:30.000000000,BEST_ASK,"JPM,99981,170"
2019-06-28 14:12:30.000000000,BEST_BID,"JPM,99482,259"
2019-06-28 14:12:30.000000000,BEST_ASK,"JPM,99981,170"
2019-06-28 14:12:30.000000000,BEST_BID,"JPM,99482,259"
2019-06-28 14:12:30.000000000,BEST_ASK,"JPM,99981,170"
2019-06-28 14:12:32.503864219,QUERY_SPREAD,37
2019-06-28 14:12:32.503864219,BEST_BID,"JPM,99482,259"
2019-06-28 14:12:32.503864219,BEST_ASK,"JPM,99981,70"
2019-06-28 14:12:32.503864219,LAST_TRADE,"100,$99981.0000"
2019-06-28 14:12:40.000000000,QUERY_SPREAD,1
2019-06-28 14:12:40.000000000,BEST_BID,"JPM,99482,469"
2019-06-28 14:12:40.000000000,BEST_ASK,"JPM,100412,189"
2019-06-28 14:12:40.000000000,BEST_BID,"JPM,99482,469"
2019-06-28 14:12:40.000000000,BEST_ASK,"JPM,100412,469"
2019-06-28 14:12:50.000000000,QUERY_SPREAD,1
2019-06-28 14:12:50.000000000,BEST_BID,"JPM,99482,284"
2019-06-28 14:12:50.000000000,BEST_ASK,"JPM,100412,189"
2019-06-28 14:12:50.000000000,BEST_BID,"JPM,99482,284"
2019-06-28 14:12:50.000000000,BEST_ASK,"JPM,100412,189"
2019-06-28 14:12:50.000000000,BEST_BID,"JPM,99482,284"
2019-06-28 14:12:50.000000000,BEST_ASK,"JPM,100412,189"
2019-06-28 14:12:50.000000000,BEST_BID,"JPM,99482,284"
2019-06-28 14:12:50.000000000,BEST_ASK,"JPM,100412,284"
2019-06-28 14:12:50.000000000,BEST_BID,"JPM,99482,284"
2019-06-28 14:12:50.000000000,BEST_ASK,"JPM,100412,284"
2019-06-28 14:12:50.000000000,BEST_BID,"JPM,99482,284"
2019-06-28 14:12:50.000000000,BEST_ASK,"JPM,100412,284"
2019-06-28 14:13:00.000000000,QUERY_SPREAD,1
2019-06-28 14:13:00.000000000,BEST_BID,"JPM,99482,284"
2019-06-28 14:13:00.000000000,BEST_ASK,"JPM,100412,189"
2019-06-28 14:13:00.000000000,BEST_BID,"JPM,99482,284"
2019-06-28 14:13:00.000000000,BEST_ASK,"JPM,100412,189"
2019-06-28 14:13:00.000000000,BEST_BID,"JPM,99482,284"
2019-06-28 14:13:00.000000000,BEST_ASK,"JPM,100412,189"
2019-06-28 14:13:00.000000000,BEST_BID,"JPM,99482,284"
2019-06-28 14:13:00.000000000,BEST_ASK,"JPM,100412,284"
2019-06-28 14:13:00.000000000,BEST_BID,"JPM,99482,284"
2019-06-28 14:13:00.000000000,BEST_ASK,"JPM,100412,284"
2019-06-28 14:13:00.000000000,BEST_BID,"JPM,99482,284"
2019-06-28 14:13:00.000000000,BEST_ASK,"JPM,100412,284"
2019-06-28 14:13:00.000000000,QUERY_SPREAD,77
2019-06-28 14:13:00.000000000,BEST_BID,"JPM,99482,283"
2019-06-28 14:13:00.000000000,BEST_ASK,"JPM,100412,284"
2019-06-28 14:13:00.000000000,LAST_TRADE,"1,$99482.0000"
2019-06-28 14:13:00.000000000,QUERY_SPREAD,78
2019-06-28 14:13:00.000000000,BEST_BID,"JPM,99482,279"
2019-06-28 14:13:00.000000000,BEST_ASK,"JPM,100412,284"
2019-06-28 14:13:00.000000000,LAST_TRADE,"4,$99482.0000"
2019-06-28 14:13:00.000000000,QUERY_SPREAD,79
2019-06-28 14:13:00.000000000,BEST_BID,"JPM,99482,273"
2019-06-28 14:13:00.000000000,BEST_ASK,"JPM,100412,284"
2019-06-28 14:13:00.000000000,LAST_TRADE,"6,$99482.0000"
2019-06-28 14:13:00.000000000,QUERY_SPREAD,80
2019-06-28 14:13:00.000000000,BEST_BID,"JPM,99482,268"
2019-06-28 14:13:00.000000000,BEST_ASK,"JPM,100412,284"
2019-06-28 14:13:00.000000000,LAST_TRADE,"5,$99482.0000"
2019-06-28 14:13:00.000000000,QUERY_SPREAD,81
2019-06-28 14:13:00.000000000,BEST_BID,"JPM,99482,260"
2019-06-28 14:13:00.000000000,BEST_ASK,"JPM,100412,284"
2019-06-28 14:13:00.000000000,LAST_TRADE,"8,$99482.0000"
2019-06-28 14:13:00.000000000,QUERY_SPREAD,82
2019-06-28 14:13:00.000000000,BEST_BID,"JPM,99482,252"
2019-06-28 14:13:00.000000000,BEST_ASK,"JPM,100412,284"
2019-06-28 14:13:00.000000000,LAST_TRADE,"8,$99482.0000"
2019-06-28 14:13:00.000000000,QUERY_SPREAD,83
2019-06-28 14:13:00.000000000,BEST_BID,"JPM,99482,250"
2019-06-28 14:13:00.000000000,BEST_ASK,"JPM,100412,284"
2019-06-28 14:13:00.000000000,LAST_TRADE,"2,$99482.0000"
2019-06-28 14:13:00.000000000,QUERY_SPREAD,84
2019-06-28 14:13:00.000000000,BEST_BID,"JPM,99482,249"
2019-06-28 14:13:00.000000000,BEST_ASK,"JPM,100412,284"
2019-06-28 14:13:00.000000000,LAST_TRADE,"1,$99482.0000"
2019-06-28 14:13:00.000000000,QUERY_SPREAD,85
2019-06-28 14:13:00.000000000,BEST_BID,"JPM,99482,248"
2019-06-28 14:13:00.000000000,BEST_ASK,"JPM,100412,284"
2019-06-28 14:13:00.000000000,LAST_TRADE,"1,$99482.0000"
2019-06-28 14:13:00.000000000,QUERY_SPREAD,86
2019-06-28 14:13:00.000000000,BEST_BID,"JPM,99482,242"
2019-06-28 14:13:00.000000000,BEST_ASK,"JPM,100412,284"
2019-06-28 14:13:00.000000000,LAST_TRADE,"6,$99482.0000"
2019-06-28 14:13:00.000000000,QUERY_SPREAD,87
2019-06-28 14:13:00.000000000,BEST_BID,"JPM,99482,239"
2019-06-28 14:13:00.000000000,BEST_ASK,"JPM,100412,284"
2019-06-28 14:13:00.000000000,LAST_TRADE,"3,$99482.0000"
2019-06-28 14:13:00.000000000,QUERY_SPREAD,88
2019-06-28 14:13:00.000000000,BEST_BID,"JPM,99482,235"
2019-06-28 14:13:00.000000000,BEST_ASK,"JPM,100412,284"
2019-06-28 14:13:00.000000000,LAST_TRADE,"4,$99482.0000"
2019-06-28 14:13:00.000000000,QUERY_SPREAD,89
2019-06-28 14:13:00.000000000,BEST_BID,"JPM,99482,231"
2019-06-28 14:13:00.000000000,BEST_ASK,"JPM,100412,284"
2019-06-28 14:13:00.000000000,LAST_TRADE,"4,$99482.0000"
2019-06-28 14:13:00.000000000,QUERY_SPREAD,90
2019-06-28 14:13:00.000000000,BEST_BID,"JPM,99482,224"
2019-06-28 14:13:00.000000000,BEST_ASK,"JPM,100412,284"
2019-06-28 14:13:00.000000000,LAST_TRADE,"7,$99482.0000"
2019-06-28 14:13:00.000000000,QUERY_SPREAD,91
2019-06-28 14:13:00.000000000,BEST_BID,"JPM,99482,216"
2019-06-28 14:13:00.000000000,BEST_ASK,"JPM,100412,284"
2019-06-28 14:13:00.000000000,LAST_TRADE,"8,$99482.0000"
2019-06-28 14:13:00.000000000,QUERY_SPREAD,92
2019-06-28 14:13:00.000000000,BEST_BID,"JPM,99482,211"
2019-06-28 14:13:00.000000000,BEST_ASK,"JPM,100412,284"
2019-06-28 14:13:00.000000000,LAST_TRADE,"5,$99482.0000"
2019-06-28 14:13:00.000000000,QUERY_SPREAD,93
2019-06-28 14:13:00.000000000,BEST_BID,"JPM,99482,208"
2019-06-28 14:13:00.000000000,BEST_ASK,"JPM,100412,284"
2019-06-28 14:13:00.000000000,LAST_TRADE,"3,$99482.0000"
2019-06-28 14:13:00.000000000,QUERY_SPREAD,94
2019-06-28 14:13:00.000000000,BEST_BID,"JPM,99482,204"
2019-06-28 14:13:00.000000000,BEST_ASK,"JPM,100412,284"
2019-06-28 14:13:00.000000000,LAST_TRADE,"4,$99482.0000"
2019-06-28 14:13:00.000000000,QUERY_SPREAD,95
2019-06-28 14:13:00.000000000,BEST_BID,"JPM,99482,199"
2019-06-28 14:13:00.000000000,BEST_ASK,"JPM,100412,284"
2019-06-28 14:13:00.000000000,LAST_TRADE,"5,$99482.0000"
2019-06-28 14:13:00.000000000,QUERY_SPREAD,96
2019-06-28 14:13:00.000000000,BEST_BID,"JPM,99482,198"
2019-06-28 14:13:00.000000000,BEST_ASK,"JPM,100412,284"
2019-06-28 14:13:00.000000000,LAST_TRADE,"1,$99482.0000"
2019-06-28 14:13:00.000000000,QUERY_SPREAD,97
2019-06-28 14:13:00.000000000,BEST_BID,"JPM,99482,191"
2019-06-28 14:13:00.000000000,BEST_ASK,"JPM,100412,284"
2019-06-28 14:13:00.000000000,LAST_TRADE,"7,$99482.0000"
2019-06-28 14:13:00.000000000,QUERY_SPREAD,98
2019-06-28 14:13:00.000000000,BEST_BID,"JPM,99482,185"
2019-06-28 14:13:00.000000000,BEST_ASK,"JPM,100412,284"
2019-06-28 14:13:00.000000000,LAST_TRADE,"6,$99482.0000"
2019-06-28 14:13:00.000000000,QUERY_SPREAD,99
2019-06-28 14:13:00.000000000,BEST_BID,"JPM,99482,180"
2019-06-28 14:13:00.000000000,BEST_ASK,"JPM,100412,284"
2019-06-28 14:13:00.000000000,LAST_TRADE,"5,$99482.0000"
2019-06-28 14:13:00.000000000,QUERY_SPREAD,100
2019-06-28 14:13:00.000000000,BEST_BID,"JPM,99482,173"
2019-06-28 14:13:00.000000000,BEST_ASK,"JPM,100412,284"
2019-06-28 14:13:00.000000000,LAST_TRADE,"7,$99482.0000"
2019-06-28 14:13:00.000000000,QUERY_SPREAD,101
2019-06-28 14:13:00.000000000,QUERY_ORDER_STREAM,101
2019-06-28 14:13:10.000000000,QUERY_SPREAD,1
2019-06-28 14:13:10.000000000,BEST_BID,"JPM,99482,218"
2019-06-28 14:13:10.000000000,BEST_ASK,"JPM,100412,189"
2019-06-28 14:13:10.000000000,BEST_BID,"JPM,99482,218"
2019-06-28 14:13:10.000000000,BEST_ASK,"JPM,100412,189"
2019-06-28 14:13:10.000000000,BEST_BID,"JPM,99482,218"
2019-06-28 14:13:10.000000000,BEST_ASK,"JPM,100412,329"
2019-06-28 14:13:10.000000000,BEST_BID,"JPM,99482,218"
2019-06-28 14:13:10.000000000,BEST_ASK,"JPM,100412,329"
2019-06-28 14:13:20.000000000,QUERY_SPREAD,1
2019-06-28 14:13:20.000000000,BEST_BID,"JPM,99482,218"
2019-06-28 14:13:20.000000000,BEST_ASK,"JPM,100412,189"
2019-06-28 14:13:20.000000000,BEST_BID,"JPM,99482,218"
2019-06-28 14:13:20.000000000,BEST_ASK,"JPM,100412,189"
2019-06-28 14:13:20.000000000,BEST_BID,"JPM,99482,218"
2019-06-28 14:13:20.000000000,BEST_ASK,"JPM,100412,329"
2019-06-28 14:13:20.000000000,BEST_BID,"JPM,99482,218"
2019-06-28 14:13:20.000000000,BEST_ASK,"JPM,100412,329"
2019-06-28 14:13:30.000000000,QUERY_SPREAD,1
2019-06-28 14:13:30.000000000,BEST_BID,"JPM,99482,358"
2019-06-28 14:13:30.000000000,BEST_ASK,"JPM,100412,189"
2019-06-28 14:13:30.000000000,BEST_BID,"JPM,99482,358"
2019-06-28 14:13:30.000000000,BEST_ASK,"JPM,100412,469"
2019-06-28 14:13:40.000000000,QUERY_SPREAD,1
2019-06-28 14:13:40.000000000,BEST_BID,"JPM,99482,173"
2019-06-28 14:13:40.000000000,BEST_ASK,"JPM,100412,189"
2019-06-28 14:13:40.000000000,BEST_BID,"JPM,99482,173"
2019-06-28 14:13:40.000000000,BEST_ASK,"JPM,100412,189"
2019-06-28 14:13:40.000000000,BEST_BID,"JPM,99482,173"
2019-06-28 14:13:40.000000000,BEST_ASK,"JPM,100412,189"
2019-06-28 14:13:40.000000000,BEST_BID,"JPM,99482,173"
2019-06-28 14:13:40.000000000,BEST_ASK,"JPM,100412,284"
2019-06-28 14:13:40.000000000,BEST_BID,"JPM,99482,173"
2019-06-28 14:13:40.000000000,BEST_ASK,"JPM,100412,284"
2019-06-28 14:13:40.000000000,BEST_BID,"JPM,99482,173"
2019-06-28 14:13:40.000000000,BEST_ASK,"JPM,100412,284"
2019-06-28 14:13:50.000000000,QUERY_SPREAD,1
2019-06-28 14:13:50.000000000,BEST_BID,"JPM,99482,148"
2019-06-28 14:13:50.000000000,BEST_ASK,"JPM,100412,189"
2019-06-28 14:13:50.000000000,BEST_BID,"JPM,99482,148"
2019-06-28 14:13:50.000000000,BEST_ASK,"JPM,100412,189"
2019-06-28 14:13:50.000000000,BEST_BID,"JPM,99482,148"
2019-06-28 14:13:50.000000000,BEST_ASK,"JPM,100412,189"
2019-06-28 14:13:50.000000000,BEST_BID,"JPM,99482,148"
2019-06-28 14:13:50.000000000,BEST_ASK,"JPM,100412,189"
2019-06-28 14:13:50.000000000,BEST_BID,"JPM,99482,148"
2019-06-28 14:13:50.000000000,BEST_ASK,"JPM,100412,259"
2019-06-28 14:13:50.000000000,BEST_BID,"JPM,99482,148"
2019-06-28 14:13:50.000000000,BEST_ASK,"JPM,100412,259"
2019-06-28 14:13:50.000000000,BEST_BID,"JPM,99482,148"
2019-06-28 14:13:50.000000000,BEST_ASK,"JPM,100412,259"
2019-06-28 14:13:50.000000000,BEST_BID,"JPM,99482,148"
2019-06-28 14:13:50.000000000,BEST_ASK,"JPM,100412,259"
2019-06-28 14:14:00.000000000,QUERY_SPREAD,1
2019-06-28 14:14:00.000000000,BEST_BID,"JPM,99482,148"
2019-06-28 14:14:00.000000000,BEST_ASK,"JPM,100412,189"
2019-06-28 14:14:00.000000000,BEST_BID,"JPM,99482,148"
2019-06-28 14:14:00.000000000,BEST_ASK,"JPM,100412,189"
2019-06-28 14:14:00.000000000,BEST_BID,"JPM,99482,148"
2019-06-28 14:14:00.000000000,BEST_ASK,"JPM,100412,189"
2019-06-28 14:14:00.000000000,BEST_BID,"JPM,99482,148"
2019-06-28 14:14:00.000000000,BEST_ASK,"JPM,100412,189"
2019-06-28 14:14:00.000000000,BEST_BID,"JPM,99482,148"
2019-06-28 14:14:00.000000000,BEST_ASK,"JPM,100412,259"
2019-06-28 14:14:00.000000000,BEST_BID,"JPM,99482,148"
2019-06-28 14:14:00.000000000,BEST_ASK,"JPM,100412,259"
2019-06-28 14:14:00.000000000,BEST_BID,"JPM,99482,148"
2019-06-28 14:14:00.000000000,BEST_ASK,"JPM,100412,259"
2019-06-28 14:14:00.000000000,BEST_BID,"JPM,99482,148"
2019-06-28 14:14:00.000000000,BEST_ASK,"JPM,100412,259"
2019-06-28 14:14:00.000000000,QUERY_SPREAD,77
2019-06-28 14:14:00.000000000,BEST_BID,"JPM,99482,147"
2019-06-28 14:14:00.000000000,BEST_ASK,"JPM,100412,259"
2019-06-28 14:14:00.000000000,LAST_TRADE,"1,$99482.0000"
2019-06-28 14:14:00.000000000,QUERY_SPREAD,78
2019-06-28 14:14:00.000000000,BEST_BID,"JPM,99482,143"
2019-06-28 14:14:00.000000000,BEST_ASK,"JPM,100412,259"
2019-06-28 14:14:00.000000000,LAST_TRADE,"4,$99482.0000"
2019-06-28 14:14:00.000000000,QUERY_SPREAD,79
2019-06-28 14:14:00.000000000,BEST_BID,"JPM,99482,137"
2019-06-28 14:14:00.000000000,BEST_ASK,"JPM,100412,259"
2019-06-28 14:14:00.000000000,LAST_TRADE,"6,$99482.0000"
2019-06-28 14:14:00.000000000,QUERY_SPREAD,80
2019-06-28 14:14:00.000000000,BEST_BID,"JPM,99482,132"
2019-06-28 14:14:00.000000000,BEST_ASK,"JPM,100412,259"
2019-06-28 14:14:00.000000000,LAST_TRADE,"5,$99482.0000"
2019-06-28 14:14:00.000000000,QUERY_SPREAD,81
2019-06-28 14:14:00.000000000,BEST_BID,"JPM,99482,124"
2019-06-28 14:14:00.000000000,BEST_ASK,"JPM,100412,259"
2019-06-28 14:14:00.000000000,LAST_TRADE,"8,$99482.0000"
2019-06-28 14:14:00.000000000,QUERY_SPREAD,82
2019-06-28 14:14:00.000000000,BEST_BID,"JPM,99482,116"
2019-06-28 14:14:00.000000000,BEST_ASK,"JPM,100412,259"
2019-06-28 14:14:00.000000000,LAST_TRADE,"8,$99482.0000"
2019-06-28 14:14:00.000000000,QUERY_SPREAD,83
2019-06-28 14:14:00.000000000,BEST_BID,"JPM,99482,114"
2019-06-28 14:14:00.000000000,BEST_ASK,"JPM,100412,259"
2019-06-28 14:14:00.000000000,LAST_TRADE,"2,$99482.0000"
2019-06-28 14:14:00.000000000,QUERY_SPREAD,84
2019-06-28 14:14:00.000000000,BEST_BID,"JPM,99482,113"
2019-06-28 14:14:00.000000000,BEST_ASK,"JPM,100412,259"
2019-06-28 14:14:00.000000000,LAST_TRADE,"1,$99482.0000"
2019-06-28 14:14:00.000000000,QUERY_SPREAD,85
2019-06-28 14:14:00.000000000,BEST_BID,"JPM,99482,112"
2019-06-28 14:14:00.000000000,BEST_ASK,"JPM,100412,259"
2019-06-28 14:14:00.000000000,LAST_TRADE,"1,$99482.0000"
2019-06-28 14:14:00.000000000,QUERY_SPREAD,86
2019-06-28 14:14:00.000000000,BEST_BID,"JPM,99482,106"
2019-06-28 14:14:00.000000000,BEST_ASK,"JPM,100412,259"
2019-06-28 14:14:00.000000000,LAST_TRADE,"6,$99482.0000"
2019-06-28 14:14:00.000000000,QUERY_SPREAD,87
2019-06-28 14:14:00.000000000,BEST_BID,"JPM,99482,103"
2019-06-28 14:14:00.000000000,BEST_ASK,"JPM,100412,259"
2019-06-28 14:14:00.000000000,LAST_TRADE,"3,$99482.0000"
2019-06-28 14:14:00.000000000,QUERY_SPREAD,88
2019-06-28 14:14:00.000000000,BEST_BID,"JPM,99482,99"
2019-06-28 14:14:00.000000000,BEST_ASK,"JPM,100412,259"
2019-06-28 14:14:00.000000000,LAST_TRADE,"4,$99482.0000"
2019-06-28 14:14:00.000000000,QUERY_SPREAD,89
2019-06-28 14:14:00.000000000,BEST_BID,"JPM,99482,95"
2019-06-28 14:14:00.000000000,BEST_ASK,"JPM,100412,259"
2019-06-28 14:14:00.000000000,LAST_TRADE,"4,$99482.0000"
2019-06-28 14:14:00.000000000,QUERY_SPREAD,90
2019-06-28 14:14:00.000000000,BEST_BID,"JPM,99482,88"
2019-06-28 14:14:00.000000000,BEST_ASK,"JPM,100412,259"
2019-06-28 14:14:00.000000000,LAST_TRADE,"7,$99482.0000"
2019-06-28 14:14:00.000000000,QUERY_SPREAD,91
2019-06-28 14:14:00.000000000,BEST_BID,"JPM,99482,80"
2019-06-28 14:14:00.000000000,BEST_ASK,"JPM,100412,259"
2019-06-28 14:14:00.000000000,LAST_TRADE,"8,$99482.0000"
2019-06-28 14:14:00.000000000,QUERY_SPREAD,92
2019-06-28 14:14:00.000000000,BEST_BID,"JPM,99482,75"
2019-06-28 14:14:00.000000000,BEST_ASK,"JPM,100412,259"
2019-06-28 14:14:00.000000000,LAST_TRADE,"5,$99482.0000"
2019-06-28 14:14:00.000000000,QUERY_SPREAD,93
2019-06-28 14:14:00.000000000,BEST_BID,"JPM,99482,72"
2019-06-28 14:14:00.000000000,BEST_ASK,"JPM,100412,259"
2019-06-28 14:14:00.000000000,LAST_TRADE,"3,$99482.0000"
2019-06-28 14:14:00.000000000,QUERY_SPREAD,94
2019-06-28 14:14:00.000000000,BEST_BID,"JPM,99482,68"
2019-06-28 14:14:00.000000000,BEST_ASK,"JPM,100412,259"
2019-06-28 14:14:00.000000000,LAST_TRADE,"4,$99482.0000"
2019-06-28 14:14:00.000000000,QUERY_SPREAD,95
2019-06-28 14:14:00.000000000,BEST_BID,"JPM,99482,63"
2019-06-28 14:14:00.000000000,BEST_ASK,"JPM,100412,259"
2019-06-28 14:14:00.000000000,LAST_TRADE,"5,$99482.0000"
2019-06-28 14:14:00.000000000,QUERY_SPREAD,96
2019-06-28 14:14:00.000000000,BEST_BID,"JPM,99482,62"
2019-06-28 14:14:00.000000000,BEST_ASK,"JPM,100412,259"
2019-06-28 14:14:00.000000000,LAST_TRADE,"1,$99482.0000"
2019-06-28 14:14:00.000000000,QUERY_SPREAD,97
2019-06-28 14:14:00.000000000,BEST_BID,"JPM,99482,55"
2019-06-28 14:14:00.000000000,BEST_ASK,"JPM,100412,259"
2019-06-28 14:14:00.000000000,LAST_TRADE,"7,$99482.0000"
2019-06-28 14:14:00.000000000,QUERY_SPREAD,98
2019-06-28 14:14:00.000000000,BEST_BID,"JPM,99482,49"
2019-06-28 14:14:00.000000000,BEST_ASK,"JPM,100412,259"
2019-06-28 14:14:00.000000000,LAST_TRADE,"6,$99482.0000"
2019-06-28 14:14:00.000000000,QUERY_SPREAD,99
2019-06-28 14:14:00.000000000,BEST_BID,"JPM,99482,44"
2019-06-28 14:14:00.000000000,BEST_ASK,"JPM,100412,259"
2019-06-28 14:14:00.000000000,LAST_TRADE,"5,$99482.0000"
2019-06-28 14:14:00.000000000,QUERY_SPREAD,100
2019-06-28 14:14:00.000000000,BEST_BID,"JPM,99482,37"
2019-06-28 14:14:00.000000000,BEST_ASK,"JPM,100412,259"
2019-06-28 14:14:00.000000000,LAST_TRADE,"7,$99482.0000"
2019-06-28 14:14:00.000000000,QUERY_SPREAD,101
2019-06-28 14:14:00.000000000,QUERY_ORDER_STREAM,101
2019-06-28 14:14:10.000000000,QUERY_SPREAD,1
2019-06-28 14:14:10.000000000,BEST_BID,"JPM,99444,170"
2019-06-28 14:14:10.000000000,BEST_ASK,"JPM,100412,189"
2019-06-28 14:14:10.000000000,BEST_BID,"JPM,99444,170"
2019-06-28 14:14:10.000000000,BEST_ASK,"JPM,100412,189"
2019-06-28 14:14:10.000000000,BEST_BID,"JPM,99444,170"
2019-06-28 14:14:10.000000000,BEST_ASK,"JPM,100412,189"
2019-06-28 14:14:10.000000000,BEST_BID,"JPM,99444,170"
2019-06-28 14:14:10.000000000,BEST_ASK,"JPM,100412,189"
2019-06-28 14:14:10.000000000,BEST_BID,"JPM,99444,170"
2019-06-28 14:14:10.000000000,BEST_ASK,"JPM,100412,259"
2019-06-28 14:14:10.000000000,BEST_BID,"JPM,99444,170"
2019-06-28 14:14:10.000000000,BEST_ASK,"JPM,100412,259"
2019-06-28 14:14:10.000000000,BEST_BID,"JPM,99444,170"
2019-06-28 14:14:10.000000000,BEST_ASK,"JPM,100412,259"
2019-06-28 14:14:10.000000000,BEST_BID,"JPM,99444,170"
2019-06-28 14:14:10.000000000,BEST_ASK,"JPM,100412,259"
2019-06-28 14:14:20.000000000,QUERY_SPREAD,1
2019-06-28 14:14:20.000000000,BEST_BID,"JPM,99444,170"
2019-06-28 14:14:20.000000000,BEST_ASK,"JPM,100412,189"
2019-06-28 14:14:20.000000000,BEST_BID,"JPM,99444,170"
2019-06-28 14:14:20.000000000,BEST_ASK,"JPM,100412,189"
2019-06-28 14:14:20.000000000,BEST_BID,"JPM,99444,170"
2019-06-28 14:14:20.000000000,BEST_ASK,"JPM,100412,189"
2019-06-28 14:14:20.000000000,BEST_BID,"JPM,99444,170"
2019-06-28 14:14:20.000000000,BEST_ASK,"JPM,100412,189"
2019-06-28 14:14:20.000000000,BEST_BID,"JPM,99444,170"
2019-06-28 14:14:20.000000000,BEST_ASK,"JPM,100412,259"
2019-06-28 14:14:20.000000000,BEST_BID,"JPM,99444,170"
2019-06-28 14:14:20.000000000,BEST_ASK,"JPM,100412,259"
2019-06-28 14:14:20.000000000,BEST_BID,"JPM,99444,170"
2019-06-28 14:14:20.000000000,BEST_ASK,"JPM,100412,259"
2019-06-28 14:14:20.000000000,BEST_BID,"JPM,99444,170"
2019-06-28 14:14:20.000000000,BEST_ASK,"JPM,100412,259"
2019-06-28 14:14:26.392773320,QUERY_ORDER_STREAM,59
2019-06-28 14:14:26.392773320,QUERY_SPREAD,59
2019-06-28 14:14:26.392773320,BEST_BID,"JPM,99482,100"
2019-06-28 14:14:26.392773320,BEST_ASK,"JPM,100412,259"
2019-06-28 14:14:29.984280431,QUERY_SPREAD,27
2019-06-28 14:14:29.984280431,BEST_BID,"JPM,99482,100"
2019-06-28 14:14:29.984280431,BEST_ASK,"JPM,100412,259"
2019-06-28 14:14:30.000000000,QUERY_SPREAD,1
2019-06-28 14:14:30.000000000,BEST_BID,"JPM,99482,170"
2019-06-28 14:14:30.000000000,BEST_ASK,"JPM,100412,189"
2019-06-28 14:14:30.000000000,BEST_BID,"JPM,99482,170"
2019-06-28 14:14:30.000000000,BEST_ASK,"JPM,100412,189"
2019-06-28 14:14:30.000000000,BEST_BID,"JPM,99482,170"
2019-06-28 14:14:30.000000000,BEST_ASK,"JPM,100412,189"
2019-06-28 14:14:30.000000000,BEST_BID,"JPM,99482,170"
2019-06-28 14:14:30.000000000,BEST_ASK,"JPM,100412,189"
2019-06-28 14:14:30.000000000,BEST_BID,"JPM,99482,170"
2019-06-28 14:14:30.000000000,BEST_ASK,"JPM,100412,259"
2019-06-28 14:14:30.000000000,BEST_BID,"JPM,99482,170"
2019-06-28 14:14:30.000000000,BEST_ASK,"JPM,100412,259"
2019-06-28 14:14:30.000000000,BEST_BID,"JPM,99482,170"
2019-06-28 14:14:30.000000000,BEST_ASK,"JPM,100412,259"
2019-06-28 14:14:30.000000000,BEST_BID,"JPM,99482,170"
2019-06-28 14:14:30.000000000,BEST_ASK,"JPM,100412,259"
2019-06-28 14:14:40.000000000,QUERY_SPREAD,1
2019-06-28 14:14:40.000000000,BEST_BID,"JPM,99482,156"
2019-06-28 14:14:40.000000000,BEST_ASK,"JPM,100412,189"
2019-06-28 14:14:40.000000000,BEST_BID,"JPM,99482,156"
2019-06-28 14:14:40.000000000,BEST_ASK,"JPM,100412,189"
2019-06-28 14:14:40.000000000,BEST_BID,"JPM,99482,156"
2019-06-28 14:14:40.000000000,BEST_ASK,"JPM,100412,189"
2019-06-28 14:14:40.000000000,BEST_BID,"JPM,99482,156"
2019-06-28 14:14:40.000000000,BEST_ASK,"JPM,100412,189"
2019-06-28 14:14:40.000000000,BEST_BID,"JPM,99482,156"
2019-06-28 14:14:40.000000000,BEST_ASK,"JPM,100412,189"
2019-06-28 14:14:40.000000000,BEST_BID,"JPM,99482,156"
2019-06-28 14:14:40.000000000,BEST_ASK,"JPM,100412,245"
2019-06-28 14:14:40.000000000,BEST_BID,"JPM,99482,156"
2019-06-28 14:14:40.000000000,BEST_ASK,"JPM,100412,245"
2019-06-28 14:14:40.000000000,BEST_BID,"JPM,99482,156"
2019-06-28 14:14:40.000000000,BEST_ASK,"JPM,100412,245"
2019-06-28 14:14:40.000000000,BEST_BID,"JPM,99482,156"
2019-06-28 14:14:40.000000000,BEST_ASK,"JPM,100412,245"
2019-06-28 14:14:40.000000000,BEST_BID,"JPM,99482,156"
2019-06-28 14:14:40.000000000,BEST_ASK,"JPM,100412,245"
2019-06-28 14:14:49.462100626,QUERY_ORDER_STREAM,70
2019-06-28 14:14:49.462100626,QUERY_SPREAD,70
2019-06-28 14:14:49.462100626,BEST_BID,"JPM,99482,256"
2019-06-28 14:14:49.462100626,BEST_ASK,"JPM,100412,245"
2019-06-28 14:14:50.000000000,QUERY_SPREAD,1
2019-06-28 14:14:50.000000000,BEST_BID,"JPM,99482,480"
2019-06-28 14:14:50.000000000,BEST_ASK,"JPM,100412,189"
2019-06-28 14:14:50.000000000,BEST_BID,"JPM,99482,480"
2019-06-28 14:14:50.000000000,BEST_ASK,"JPM,100412,469"
2019-06-28 14:15:00.000000000,QUERY_SPREAD,1
2019-06-28 14:15:00.000000000,BEST_BID,"JPM,99482,295"
2019-06-28 14:15:00.000000000,BEST_ASK,"JPM,100412,189"
2019-06-28 14:15:00.000000000,BEST_BID,"JPM,99482,295"
2019-06-28 14:15:00.000000000,BEST_ASK,"JPM,100412,189"
2019-06-28 14:15:00.000000000,BEST_BID,"JPM,99482,295"
2019-06-28 14:15:00.000000000,BEST_ASK,"JPM,100412,189"
2019-06-28 14:15:00.000000000,BEST_BID,"JPM,99482,295"
2019-06-28 14:15:00.000000000,BEST_ASK,"JPM,100412,284"
2019-06-28 14:15:00.000000000,BEST_BID,"JPM,99482,295"
2019-06-28 14:15:00.000000000,BEST_ASK,"JPM,100412,284"
2019-06-28 14:15:00.000000000,BEST_BID,"JPM,99482,295"
2019-06-28 14:15:00.000000000,BEST_ASK,"JPM,100412,284"
2019-06-28 14:15:00.000000000,QUERY_SPREAD,77
2019-06-28 14:15:00.000000000,BEST_BID,"JPM,99482,294"
2019-06-28 14:15:00.000000000,BEST_ASK,"JPM,100412,284"
2019-06-28 14:15:00.000000000,LAST_TRADE,"1,$99482.0000"
2019-06-28 14:15:00.000000000,QUERY_SPREAD,78
2019-06-28 14:15:00.000000000,BEST_BID,"JPM,99482,290"
2019-06-28 14:15:00.000000000,BEST_ASK,"JPM,100412,284"
2019-06-28 14:15:00.000000000,LAST_TRADE,"4,$99482.0000"
2019-06-28 14:15:00.000000000,QUERY_SPREAD,79
2019-06-28 14:15:00.000000000,BEST_BID,"JPM,99482,284"
2019-06-28 14:15:00.000000000,BEST_ASK,"JPM,100412,284"
2019-06-28 14:15:00.000000000,LAST_TRADE,"6,$99482.0000"
2019-06-28 14:15:00.000000000,QUERY_SPREAD,80
2019-06-28 14:15:00.000000000,BEST_BID,"JPM,99482,279"
2019-06-28 14:15:00.000000000,BEST_ASK,"JPM,100412,284"
2019-06-28 14:15:00.000000000,LAST_TRADE,"5,$99482.0000"
2019-06-28 14:15:00.000000000,QUERY_SPREAD,81
2019-06-28 14:15:00.000000000,BEST_BID,"JPM,99482,271"
2019-06-28 14:15:00.000000000,BEST_ASK,"JPM,100412,284"
2019-06-28 14:15:00.000000000,LAST_TRADE,"8,$99482.0000"
2019-06-28 14:15:00.000000000,QUERY_SPREAD,82
2019-06-28 14:15:00.000000000,BEST_BID,"JPM,99482,263"
2019-06-28 14:15:00.000000000,BEST_ASK,"JPM,100412,284"
2019-06-28 14:15:00.000000000,LAST_TRADE,"8,$99482.0000"
2019-06-28 14:15:00.000000000,QUERY_SPREAD,83
2019-06-28 14:15:00.000000000,BEST_BID,"JPM,99482,261"
2019-06-28 14:15:00.000000000,BEST_ASK,"JPM,100412,284"
2019-06-28 14:15:00.000000000,LAST_TRADE,"2,$99482.0000"
2019-06-28 14:15:00.000000000,QUERY_SPREAD,84
2019-06-28 14:15:00.000000000,BEST_BID,"JPM,99482,260"
2019-06-28 14:15:00.000000000,BEST_ASK,"JPM,100412,284"
2019-06-28 14:15:00.000000000,LAST_TRADE,"1,$99482.0000"
2019-06-28 14:15:00.000000000,QUERY_SPREAD,85
2019-06-28 14:15:00.000000000,BEST_BID,"JPM,99482,259"
2019-06-28 14:15:00.000000000,BEST_ASK,"JPM,100412,284"
2019-06-28 14:15:00.000000000,LAST_TRADE,"1,$99482.0000"
2019-06-28 14:15:00.000000000,QUERY_SPREAD,86
2019-06-28 14:15:00.000000000,BEST_BID,"JPM,99482,253"
2019-06-28 14:15:00.000000000,BEST_ASK,"JPM,100412,284"
2019-06-28 14:15:00.000000000,LAST_TRADE,"6,$99482.0000"
2019-06-28 14:15:00.000000000,QUERY_SPREAD,87
2019-06-28 14:15:00.000000000,BEST_BID,"JPM,99482,250"
2019-06-28 14:15:00.000000000,BEST_ASK,"JPM,100412,284"
2019-06-28 14:15:00.000000000,LAST_TRADE,"3,$99482.0000"
2019-06-28 14:15:00.000000000,QUERY_SPREAD,88
2019-06-28 14:15:00.000000000,BEST_BID,"JPM,99482,246"
2019-06-28 14:15:00.000000000,BEST_ASK,"JPM,100412,284"
2019-06-28 14:15:00.000000000,LAST_TRADE,"4,$99482.0000"
2019-06-28 14:15:00.000000000,QUERY_SPREAD,89
2019-06-28 14:15:00.000000000,BEST_BID,"JPM,99482,242"
2019-06-28 14:15:00.000000000,BEST_ASK,"JPM,100412,284"
2019-06-28 14:15:00.000000000,LAST_TRADE,"4,$99482.0000"
2019-06-28 14:15:00.000000000,QUERY_SPREAD,90
2019-06-28 14:15:00.000000000,BEST_BID,"JPM,99482,235"
2019-06-28 14:15:00.000000000,BEST_ASK,"JPM,100412,284"
2019-06-28 14:15:00.000000000,LAST_TRADE,"7,$99482.0000"
2019-06-28 14:15:00.000000000,QUERY_SPREAD,91
2019-06-28 14:15:00.000000000,BEST_BID,"JPM,99482,227"
2019-06-28 14:15:00.000000000,BEST_ASK,"JPM,100412,284"
2019-06-28 14:15:00.000000000,LAST_TRADE,"8,$99482.0000"
2019-06-28 14:15:00.000000000,QUERY_SPREAD,92
2019-06-28 14:15:00.000000000,BEST_BID,"JPM,99482,222"
2019-06-28 14:15:00.000000000,BEST_ASK,"JPM,100412,284"
2019-06-28 14:15:00.000000000,LAST_TRADE,"5,$99482.0000"
2019-06-28 14:15:00.000000000,QUERY_SPREAD,93
2019-06-28 14:15:00.000000000,BEST_BID,"JPM,99482,219"
2019-06-28 14:15:00.000000000,BEST_ASK,"JPM,100412,284"
2019-06-28 14:15:00.000000000,LAST_TRADE,"3,$99482.0000"
2019-06-28 14:15:00.000000000,QUERY_SPREAD,94
2019-06-28 14:15:00.000000000,BEST_BID,"JPM,99482,215"
2019-06-28 14:15:00.000000000,BEST_ASK,"JPM,100412,284"
2019-06-28 14:15:00.000000000,LAST_TRADE,"4,$99482.0000"
2019-06-28 14:15:00.000000000,QUERY_SPREAD,95
2019-06-28 14:15:00.000000000,BEST_BID,"JPM,99482,210"
2019-06-28 14:15:00.000000000,BEST_ASK,"JPM,100412,284"
2019-06-28 14:15:00.000000000,LAST_TRADE,"5,$99482.0000"
2019-06-28 14:15:00.000000000,QUERY_SPREAD,96
2019-06-28 14:15:00.000000000,BEST_BID,"JPM,99482,209"
2019-06-28 14:15:00.000000000,BEST_ASK,"JPM,100412,284"
2019-06-28 14:15:00.000000000,LAST_TRADE,"1,$99482.0000"
2019-06-28 14:15:00.000000000,QUERY_SPREAD,97
2019-06-28 14:15:00.000000000,BEST_BID,"JPM,99482,202"
2019-06-28 14:15:00.000000000,BEST_ASK,"JPM,100412,284"
2019-06-28 14:15:00.000000000,LAST_TRADE,"7,$99482.0000"
2019-06-28 14:15:00.000000000,QUERY_SPREAD,98
2019-06-28 14:15:00.000000000,BEST_BID,"JPM,99482,196"
2019-06-28 14:15:00.000000000,BEST_ASK,"JPM,100412,284"
2019-06-28 14:15:00.000000000,LAST_TRADE,"6,$99482.0000"
2019-06-28 14:15:00.000000000,QUERY_SPREAD,99
2019-06-28 14:15:00.000000000,BEST_BID,"JPM,99482,191"
2019-06-28 14:15:00.000000000,BEST_ASK,"JPM,100412,284"
2019-06-28 14:15:00.000000000,LAST_TRADE,"5,$99482.0000"
2019-06-28 14:15:00.000000000,QUERY_SPREAD,100
2019-06-28 14:15:00.000000000,BEST_BID,"JPM,99482,184"
2019-06-28 14:15:00.000000000,BEST_ASK,"JPM,100412,284"
2019-06-28 14:15:00.000000000,LAST_TRADE,"7,$99482.0000"
2019-06-28 14:15:00.000000000,QUERY_SPREAD,101
2019-06-28 14:15:00.000000000,QUERY_ORDER_STREAM,101
2019-06-28 14:15:10.000000000,QUERY_SPREAD,1
2019-06-28 14:15:10.000000000,BEST_BID,"JPM,99482,369"
2019-06-28 14:15:10.000000000,BEST_ASK,"JPM,100412,189"
2019-06-28 14:15:10.000000000,BEST_BID,"JPM,99482,369"
2019-06-28 14:15:10.000000000,BEST_ASK,"JPM,100412,469"
2019-06-28 14:15:20.000000000,QUERY_SPREAD,1
2019-06-28 14:15:20.000000000,BEST_BID,"JPM,99482,145"
2019-06-28 14:15:20.000000000,BEST_ASK,"JPM,100412,189"
2019-06-28 14:15:20.000000000,BEST_BID,"JPM,99482,145"
2019-06-28 14:15:20.000000000,BEST_ASK,"JPM,100412,189"
2019-06-28 14:15:20.000000000,BEST_BID,"JPM,99482,145"
2019-06-28 14:15:20.000000000,BEST_ASK,"JPM,100412,189"
2019-06-28 14:15:20.000000000,BEST_BID,"JPM,99482,145"
2019-06-28 14:15:20.000000000,BEST_ASK,"JPM,100412,189"
2019-06-28 14:15:20.000000000,BEST_BID,"JPM,99482,145"
2019-06-28 14:15:20.000000000,BEST_ASK,"JPM,100412,189"
2019-06-28 14:15:20.000000000,BEST_BID,"JPM,99482,145"
2019-06-28 14:15:20.000000000,BEST_ASK,"JPM,100412,245"
2019-06-28 14:15:20.000000000,BEST_BID,"JPM,99482,145"
2019-06-28 14:15:20.000000000,BEST_ASK,"JPM,100412,245"
2019-06-28 14:15:20.000000000,BEST_BID,"JPM,99482,145"
2019-06-28 14:15:20.000000000,BEST_ASK,"JPM,100412,245"
2019-06-28 14:15:20.000000000,BEST_BID,"JPM,99482,145"
2019-06-28 14:15:20.000000000,BEST_ASK,"JPM,100412,245"
2019-06-28 14:15:20.000000000,BEST_BID,"JPM,99482,145"
2019-06-28 14:15:20.000000000,BEST_ASK,"JPM,100412,245"
2019-06-28 14:15:30.000000000,QUERY_SPREAD,1
2019-06-28 14:15:30.000000000,BEST_BID,"JPM,99482,369"
2019-06-28 14:15:30.000000000,BEST_ASK,"JPM,100412,189"
2019-06-28 14:15:30.000000000,BEST_BID,"JPM,99482,369"
2019-06-28 14:15:30.000000000,BEST_ASK,"JPM,100412,469"
2019-06-28 14:15:40.000000000,QUERY_SPREAD,1
2019-06-28 14:15:40.000000000,BEST_BID,"JPM,99482,369"
2019-06-28 14:15:40.000000000,BEST_ASK,"JPM,100412,189"
2019-06-28 14:15:40.000000000,BEST_BID,"JPM,99482,369"
2019-06-28 14:15:40.000000000,BEST_ASK,"JPM,100412,469"
2019-06-28 14:15:43.088381266,QUERY_SPREAD,9
2019-06-28 14:15:43.088381266,BEST_BID,"JPM,99482,369"
2019-06-28 14:15:43.088381266,BEST_ASK,"JPM,100412,369"
2019-06-28 14:15:43.088381266,LAST_TRADE,"100,$100412.0000"
2019-06-28 14:15:50.000000000,QUERY_SPREAD,1
2019-06-28 14:15:50.000000000,BEST_BID,"JPM,99482,229"
2019-06-28 14:15:50.000000000,BEST_ASK,"JPM,100412,89"
2019-06-28 14:15:50.000000000,BEST_BID,"JPM,99482,229"
2019-06-28 14:15:50.000000000,BEST_ASK,"JPM,100412,89"
2019-06-28 14:15:50.000000000,BEST_BID,"JPM,99482,229"
2019-06-28 14:15:50.000000000,BEST_ASK,"JPM,100412,229"
2019-06-28 14:15:50.000000000,BEST_BID,"JPM,99482,229"
2019-06-28 14:15:50.000000000,BEST_ASK,"JPM,100412,229"
2019-06-28 14:15:54.143969967,QUERY_SPREAD,34
2019-06-28 14:15:54.143969967,BEST_BID,"JPM,99482,229"
2019-06-28 14:15:54.143969967,BEST_ASK,"JPM,100412,229"
2019-06-28 14:16:00.000000000,QUERY_SPREAD,1
2019-06-28 14:16:00.000000000,BEST_BID,"JPM,99482,229"
2019-06-28 14:16:00.000000000,BEST_ASK,"JPM,100412,89"
2019-06-28 14:16:00.000000000,BEST_BID,"JPM,99482,229"
2019-06-28 14:16:00.000000000,BEST_ASK,"JPM,100412,89"
2019-06-28 14:16:00.000000000,BEST_BID,"JPM,99482,229"
2019-06-28 14:16:00.000000000,BEST_ASK,"JPM,100412,229"
2019-06-28 14:16:00.000000000,BEST_BID,"JPM,99482,229"
2019-06-28 14:16:00.000000000,BEST_ASK,"JPM,100412,229"
2019-06-28 14:16:00.000000000,QUERY_SPREAD,77
2019-06-28 14:16:00.000000000,BEST_BID,"JPM,99482,228"
2019-06-28 14:16:00.000000000,BEST_ASK,"JPM,100412,229"
2019-06-28 14:16:00.000000000,LAST_TRADE,"1,$99482.0000"
2019-06-28 14:16:00.000000000,QUERY_SPREAD,78
2019-06-28 14:16:00.000000000,BEST_BID,"JPM,99482,224"
2019-06-28 14:16:00.000000000,BEST_ASK,"JPM,100412,229"
2019-06-28 14:16:00.000000000,LAST_TRADE,"4,$99482.0000"
2019-06-28 14:16:00.000000000,QUERY_SPREAD,79
2019-06-28 14:16:00.000000000,BEST_BID,"JPM,99482,218"
2019-06-28 14:16:00.000000000,BEST_ASK,"JPM,100412,229"
2019-06-28 14:16:00.000000000,LAST_TRADE,"6,$99482.0000"
2019-06-28 14:16:00.000000000,QUERY_SPREAD,80
2019-06-28 14:16:00.000000000,BEST_BID,"JPM,99482,213"
2019-06-28 14:16:00.000000000,BEST_ASK,"JPM,100412,229"
2019-06-28 14:16:00.000000000,LAST_TRADE,"5,$99482.0000"
2019-06-28 14:16:00.000000000,QUERY_SPREAD,81
2019-06-28 14:16:00.000000000,BEST_BID,"JPM,99482,205"
2019-06-28 14:16:00.000000000,BEST_ASK,"JPM,100412,229"
2019-06-28 14:16:00.000000000,LAST_TRADE,"8,$99482.0000"
2019-06-28 14:16:00.000000000,QUERY_SPREAD,82
2019-06-28 14:16:00.000000000,BEST_BID,"JPM,99482,197"
2019-06-28 14:16:00.000000000,BEST_ASK,"JPM,100412,229"
2019-06-28 14:16:00.000000000,LAST_TRADE,"8,$99482.0000"
2019-06-28 14:16:00.000000000,QUERY_SPREAD,83
2019-06-28 14:16:00.000000000,BEST_BID,"JPM,99482,195"
2019-06-28 14:16:00.000000000,BEST_ASK,"JPM,100412,229"
2019-06-28 14:16:00.000000000,LAST_TRADE,"2,$99482.0000"
2019-06-28 14:16:00.000000000,QUERY_SPREAD,84
2019-06-28 14:16:00.000000000,BEST_BID,"JPM,99482,194"
2019-06-28 14:16:00.000000000,BEST_ASK,"JPM,100412,229"
2019-06-28 14:16:00.000000000,LAST_TRADE,"1,$99482.0000"
2019-06-28 14:16:00.000000000,QUERY_SPREAD,85
2019-06-28 14:16:00.000000000,BEST_BID,"JPM,99482,193"
2019-06-28 14:16:00.000000000,BEST_ASK,"JPM,100412,229"
2019-06-28 14:16:00.000000000,LAST_TRADE,"1,$99482.0000"
2019-06-28 14:16:00.000000000,QUERY_SPREAD,86
2019-06-28 14:16:00.000000000,BEST_BID,"JPM,99482,187"
2019-06-28 14:16:00.000000000,BEST_ASK,"JPM,100412,229"
2019-06-28 14:16:00.000000000,LAST_TRADE,"6,$99482.0000"
2019-06-28 14:16:00.000000000,QUERY_SPREAD,87
2019-06-28 14:16:00.000000000,BEST_BID,"JPM,99482,184"
2019-06-28 14:16:00.000000000,BEST_ASK,"JPM,100412,229"
2019-06-28 14:16:00.000000000,LAST_TRADE,"3,$99482.0000"
2019-06-28 14:16:00.000000000,QUERY_SPREAD,88
2019-06-28 14:16:00.000000000,BEST_BID,"JPM,99482,180"
2019-06-28 14:16:00.000000000,BEST_ASK,"JPM,100412,229"
2019-06-28 14:16:00.000000000,LAST_TRADE,"4,$99482.0000"
2019-06-28 14:16:00.000000000,QUERY_SPREAD,89
2019-06-28 14:16:00.000000000,BEST_BID,"JPM,99482,176"
2019-06-28 14:16:00.000000000,BEST_ASK,"JPM,100412,229"
2019-06-28 14:16:00.000000000,LAST_TRADE,"4,$99482.0000"
2019-06-28 14:16:00.000000000,QUERY_SPREAD,90
2019-06-28 14:16:00.000000000,BEST_BID,"JPM,99482,169"
2019-06-28 14:16:00.000000000,BEST_ASK,"JPM,100412,229"
2019-06-28 14:16:00.000000000,LAST_TRADE,"7,$99482.0000"
2019-06-28 14:16:00.000000000,QUERY_SPREAD,91
2019-06-28 14:16:00.000000000,BEST_BID,"JPM,99482,161"
2019-06-28 14:16:00.000000000,BEST_ASK,"JPM,100412,229"
2019-06-28 14:16:00.000000000,LAST_TRADE,"8,$99482.0000"
2019-06-28 14:16:00.000000000,QUERY_SPREAD,92
2019-06-28 14:16:00.000000000,BEST_BID,"JPM,99482,156"
2019-06-28 14:16:00.000000000,BEST_ASK,"JPM,100412,229"
2019-06-28 14:16:00.000000000,LAST_TRADE,"5,$99482.0000"
2019-06-28 14:16:00.000000000,QUERY_SPREAD,93
2019-06-28 14:16:00.000000000,BEST_BID,"JPM,99482,153"
2019-06-28 14:16:00.000000000,BEST_ASK,"JPM,100412,229"
2019-06-28 14:16:00.000000000,LAST_TRADE,"3,$99482.0000"
2019-06-28 14:16:00.000000000,QUERY_SPREAD,94
2019-06-28 14:16:00.000000000,BEST_BID,"JPM,99482,149"
2019-06-28 14:16:00.000000000,BEST_ASK,"JPM,100412,229"
2019-06-28 14:16:00.000000000,LAST_TRADE,"4,$99482.0000"
2019-06-28 14:16:00.000000000,QUERY_SPREAD,95
2019-06-28 14:16:00.000000000,BEST_BID,"JPM,99482,144"
2019-06-28 14:16:00.000000000,BEST_ASK,"JPM,100412,229"
2019-06-28 14:16:00.000000000,LAST_TRADE,"5,$99482.0000"
2019-06-28 14:16:00.000000000,QUERY_SPREAD,96
2019-06-28 14:16:00.000000000,BEST_BID,"JPM,99482,143"
2019-06-28 14:16:00.000000000,BEST_ASK,"JPM,100412,229"
2019-06-28 14:16:00.000000000,LAST_TRADE,"1,$99482.0000"
2019-06-28 14:16:00.000000000,QUERY_SPREAD,97
2019-06-28 14:16:00.000000000,BEST_BID,"JPM,99482,136"
2019-06-28 14:16:00.000000000,BEST_ASK,"JPM,100412,229"
2019-06-28 14:16:00.000000000,LAST_TRADE,"7,$99482.0000"
2019-06-28 14:16:00.000000000,QUERY_SPREAD,98
2019-06-28 14:16:00.000000000,BEST_BID,"JPM,99482,130"
2019-06-28 14:16:00.000000000,BEST_ASK,"JPM,100412,229"
2019-06-28 14:16:00.000000000,LAST_TRADE,"6,$99482.0000"
2019-06-28 14:16:00.000000000,QUERY_SPREAD,99
2019-06-28 14:16:00.000000000,BEST_BID,"JPM,99482,125"
2019-06-28 14:16:00.000000000,BEST_ASK,"JPM,100412,229"
2019-06-28 14:16:00.000000000,LAST_TRADE,"5,$99482.0000"
2019-06-28 14:16:00.000000000,QUERY_SPREAD,100
2019-06-28 14:16:00.000000000,BEST_BID,"JPM,99482,118"
2019-06-28 14:16:00.000000000,BEST_ASK,"JPM,100412,229"
2019-06-28 14:16:00.000000000,LAST_TRADE,"7,$99482.0000"
2019-06-28 14:16:00.000000000,QUERY_SPREAD,101
2019-06-28 14:16:00.000000000,QUERY_ORDER_STREAM,101
2019-06-28 14:16:10.000000000,QUERY_SPREAD,1
2019-06-28 14:16:10.000000000,BEST_BID,"JPM,99444,156"
2019-06-28 14:16:10.000000000,BEST_ASK,"JPM,100412,89"
2019-06-28 14:16:10.000000000,BEST_BID,"JPM,99444,156"
2019-06-28 14:16:10.000000000,BEST_ASK,"JPM,100412,89"
2019-06-28 14:16:10.000000000,BEST_BID,"JPM,99444,156"
2019-06-28 14:16:10.000000000,BEST_ASK,"JPM,100412,89"
2019-06-28 14:16:10.000000000,BEST_BID,"JPM,99444,156"
2019-06-28 14:16:10.000000000,BEST_ASK,"JPM,100412,89"
2019-06-28 14:16:10.000000000,BEST_BID,"JPM,99444,156"
2019-06-28 14:16:10.000000000,BEST_ASK,"JPM,100412,89"
2019-06-28 14:16:10.000000000,BEST_BID,"JPM,99444,156"
2019-06-28 14:16:10.000000000,BEST_ASK,"JPM,100412,145"
2019-06-28 14:16:10.000000000,BEST_BID,"JPM,99444,156"
2019-06-28 14:16:10.000000000,BEST_ASK,"JPM,100412,145"
2019-06-28 14:16:10.000000000,BEST_BID,"JPM,99444,156"
2019-06-28 14:16:10.000000000,BEST_ASK,"JPM,100412,145"
2019-06-28 14:16:10.000000000,BEST_BID,"JPM,99444,156"
2019-06-28 14:16:10.000000000,BEST_ASK,"JPM,100412,145"
2019-06-28 14:16:10.000000000,BEST_BID,"JPM,99444,156"
2019-06-28 14:16:10.000000000,BEST_ASK,"JPM,100412,145"
2019-06-28 14:16:17.401001623,QUERY_SPREAD,28
2019-06-28 14:16:17.401001623,BEST_BID,"JPM,99444,156"
2019-06-28 14:16:17.401001623,BEST_ASK,"JPM,100412,145"
2019-06-28 14:16:20.000000000,QUERY_SPREAD,1
2019-06-28 14:16:20.000000000,BEST_BID,"JPM,99444,240"
2019-06-28 14:16:20.000000000,BEST_ASK,"JPM,100412,89"
2019-06-28 14:16:20.000000000,BEST_BID,"JPM,99444,240"
2019-06-28 14:16:20.000000000,BEST_ASK,"JPM,100412,89"
2019-06-28 14:16:20.000000000,BEST_BID,"JPM,99444,240"
2019-06-28 14:16:20.000000000,BEST_ASK,"JPM,100412,229"
2019-06-28 14:16:20.000000000,BEST_BID,"JPM,99444,240"
2019-06-28 14:16:20.000000000,BEST_ASK,"JPM,100412,229"
2019-06-28 14:16:30.000000000,QUERY_SPREAD,1
2019-06-28 14:16:30.000000000,BEST_BID,"JPM,99444,240"
2019-06-28 14:16:30.000000000,BEST_ASK,"JPM,100412,89"
2019-06-28 14:16:30.000000000,BEST_BID,"JPM,99444,240"
2019-06-28 14:16:30.000000000,BEST_ASK,"JPM,100412,89"
2019-06-28 14:16:30.000000000,BEST_BID,"JPM,99444,240"
2019-06-28 14:16:30.000000000,BEST_ASK,"JPM,100412,229"
2019-06-28 14:16:30.000000000,BEST_BID,"JPM,99444,240"
2019-06-28 14:16:30.000000000,BEST_ASK,"JPM,100412,229"
2019-06-28 14:16:32.283563425,QUERY_SPREAD,12
2019-06-28 14:16:32.283563425,BEST_BID,"JPM,99444,240"
2019-06-28 14:16:32.283563425,BEST_ASK,"JPM,100412,129"
2019-06-28 14:16:32.283563425,LAST_TRADE,"100,$100412.0000"
2019-06-28 14:16:34.895099338,QUERY_SPREAD,31
2019-06-28 14:16:34.895099338,BEST_BID,"JPM,99444,240"
2019-06-28 14:16:34.895099338,BEST_ASK,"JPM,100412,29"
2019-06-28 14:16:34.895099338,LAST_TRADE,"100,$100412.0000"
2019-06-28 14:16:40.000000000,QUERY_SPREAD,1
2019-06-28 14:16:40.000000000,BEST_BID,"JPM,99444,170"
2019-06-28 14:16:40.000000000,BEST_ASK,"JPM,100603,100"
2019-06-28 14:16:40.000000000,BEST_BID,"JPM,99444,170"
2019-06-28 14:16:40.000000000,BEST_ASK,"JPM,100603,100"
2019-06-28 14:16:40.000000000,BEST_BID,"JPM,99444,170"
2019-06-28 14:16:40.000000000,BEST_ASK,"JPM,100603,100"
2019-06-28 14:16:40.000000000,BEST_BID,"JPM,99444,170"
2019-06-28 14:16:40.000000000,BEST_ASK,"JPM,100603,100"
2019-06-28 14:16:40.000000000,BEST_BID,"JPM,99444,170"
2019-06-28 14:16:40.000000000,BEST_ASK,"JPM,100603,170"
2019-06-28 14:16:40.000000000,BEST_BID,"JPM,99444,170"
2019-06-28 14:16:40.000000000,BEST_ASK,"JPM,100603,170"
2019-06-28 14:16:40.000000000,BEST_BID,"JPM,99444,170"
2019-06-28 14:16:40.000000000,BEST_ASK,"JPM,100603,170"
2019-06-28 14:16:40.000000000,BEST_BID,"JPM,99444,170"
2019-06-28 14:16:40.000000000,BEST_ASK,"JPM,100603,170"
2019-06-28 14:16:48.731868900,QUERY_SPREAD,26
2019-06-28 14:16:48.731868900,BEST_BID,"JPM,99444,170"
2019-06-28 14:16:48.731868900,BEST_ASK,"JPM,100603,170"
2019-06-28 14:16:50.000000000,QUERY_SPREAD,1
2019-06-28 14:16:50.000000000,BEST_BID,"JPM,99444,195"
2019-06-28 14:16:50.000000000,BEST_ASK,"JPM,100603,100"
2019-06-28 14:16:50.000000000,BEST_BID,"JPM,99444,195"
2019-06-28 14:16:50.000000000,BEST_ASK,"JPM,100603,100"
2019-06-28 14:16:50.000000000,BEST_BID,"JPM,99444,195"
2019-06-28 14:16:50.000000000,BEST_ASK,"JPM,100603,100"
2019-06-28 14:16:50.000000000,BEST_BID,"JPM,99444,195"
2019-06-28 14:16:50.000000000,BEST_ASK,"JPM,100603,195"
2019-06-28 14:16:50.000000000,BEST_BID,"JPM,99444,195"
2019-06-28 14:16:50.000000000,BEST_ASK,"JPM,100603,195"
2019-06-28 14:16:50.000000000,BEST_BID,"JPM,99444,195"
2019-06-28 14:16:50.000000000,BEST_ASK,"JPM,100603,195"
2019-06-28 14:17:00.000000000,QUERY_SPREAD,1
2019-06-28 14:17:00.000000000,BEST_BID,"JPM,99444,240"
2019-06-28 14:17:00.000000000,BEST_ASK,"JPM,100603,100"
2019-06-28 14:17:00.000000000,BEST_BID,"JPM,99444,240"
2019-06-28 14:17:00.000000000,BEST_ASK,"JPM,100603,100"
2019-06-28 14:17:00.000000000,BEST_BID,"JPM,99444,240"
2019-06-28 14:17:00.000000000,BEST_ASK,"JPM,100603,240"
2019-06-28 14:17:00.000000000,BEST_BID,"JPM,99444,240"
2019-06-28 14:17:00.000000000,BEST_ASK,"JPM,100603,240"
2019-06-28 14:17:00.000000000,QUERY_SPREAD,77
2019-06-28 14:17:00.000000000,BEST_BID,"JPM,99444,239"
2019-06-28 14:17:00.000000000,BEST_ASK,"JPM,100603,240"
2019-06-28 14:17:00.000000000,LAST_TRADE,"1,$99444.0000"
2019-06-28 14:17:00.000000000,QUERY_SPREAD,78
2019-06-28 14:17:00.000000000,BEST_BID,"JPM,99444,235"
2019-06-28 14:17:00.000000000,BEST_ASK,"JPM,100603,240"
2019-06-28 14:17:00.000000000,LAST_TRADE,"4,$99444.0000"
2019-06-28 14:17:00.000000000,QUERY_SPREAD,79
2019-06-28 14:17:00.000000000,BEST_BID,"JPM,99444,229"
2019-06-28 14:17:00.000000000,BEST_ASK,"JPM,100603,240"
2019-06-28 14:17:00.000000000,LAST_TRADE,"6,$99444.0000"
2019-06-28 14:17:00.000000000,QUERY_SPREAD,80
2019-06-28 14:17:00.000000000,BEST_BID,"JPM,99444,224"
2019-06-28 14:17:00.000000000,BEST_ASK,"JPM,100603,240"
2019-06-28 14:17:00.000000000,LAST_TRADE,"5,$99444.0000"
2019-06-28 14:17:00.000000000,QUERY_SPREAD,81
2019-06-28 14:17:00.000000000,BEST_BID,"JPM,99444,216"
2019-06-28 14:17:00.000000000,BEST_ASK,"JPM,100603,240"
2019-06-28 14:17:00.000000000,LAST_TRADE,"8,$99444.0000"
2019-06-28 14:17:00.000000000,QUERY_SPREAD,82
2019-06-28 14:17:00.000000000,BEST_BID,"JPM,99444,208"
2019-06-28 14:17:00.000000000,BEST_ASK,"JPM,100603,240"
2019-06-28 14:17:00.000000000,LAST_TRADE,"8,$99444.0000"
2019-06-28 14:17:00.000000000,QUERY_SPREAD,83
2019-06-28 14:17:00.000000000,BEST_BID,"JPM,99444,206"
2019-06-28 14:17:00.000000000,BEST_ASK,"JPM,100603,240"
2019-06-28 14:17:00.000000000,LAST_TRADE,"2,$99444.0000"
2019-06-28 14:17:00.000000000,QUERY_SPREAD,84
2019-06-28 14:17:00.000000000,BEST_BID,"JPM,99444,205"
2019-06-28 14:17:00.000000000,BEST_ASK,"JPM,100603,240"
2019-06-28 14:17:00.000000000,LAST_TRADE,"1,$99444.0000"
2019-06-28 14:17:00.000000000,QUERY_SPREAD,85
2019-06-28 14:17:00.000000000,BEST_BID,"JPM,99444,204"
2019-06-28 14:17:00.000000000,BEST_ASK,"JPM,100603,240"
2019-06-28 14:17:00.000000000,LAST_TRADE,"1,$99444.0000"
2019-06-28 14:17:00.000000000,QUERY_SPREAD,86
2019-06-28 14:17:00.000000000,BEST_BID,"JPM,99444,198"
2019-06-28 14:17:00.000000000,BEST_ASK,"JPM,100603,240"
2019-06-28 14:17:00.000000000,LAST_TRADE,"6,$99444.0000"
2019-06-28 14:17:00.000000000,QUERY_SPREAD,87
2019-06-28 14:17:00.000000000,BEST_BID,"JPM,99444,195"
2019-06-28 14:17:00.000000000,BEST_ASK,"JPM,100603,240"
2019-06-28 14:17:00.000000000,LAST_TRADE,"3,$99444.0000"
2019-06-28 14:17:00.000000000,QUERY_SPREAD,88
2019-06-28 14:17:00.000000000,BEST_BID,"JPM,99444,191"
2019-06-28 14:17:00.000000000,BEST_ASK,"JPM,100603,240"
2019-06-28 14:17:00.000000000,LAST_TRADE,"4,$99444.0000"
2019-06-28 14:17:00.000000000,QUERY_SPREAD,89
2019-06-28 14:17:00.000000000,BEST_BID,"JPM,99444,187"
2019-06-28 14:17:00.000000000,BEST_ASK,"JPM,100603,240"
2019-06-28 14:17:00.000000000,LAST_TRADE,"4,$99444.0000"
2019-06-28 14:17:00.000000000,QUERY_SPREAD,90
2019-06-28 14:17:00.000000000,BEST_BID,"JPM,99444,180"
2019-06-28 14:17:00.000000000,BEST_ASK,"JPM,100603,240"
2019-06-28 14:17:00.000000000,LAST_TRADE,"7,$99444.0000"
2019-06-28 14:17:00.000000000,QUERY_SPREAD,91
2019-06-28 14:17:00.000000000,BEST_BID,"JPM,99444,172"
2019-06-28 14:17:00.000000000,BEST_ASK,"JPM,100603,240"
2019-06-28 14:17:00.000000000,LAST_TRADE,"8,$99444.0000"
2019-06-28 14:17:00.000000000,QUERY_SPREAD,92
2019-06-28 14:17:00.000000000,BEST_BID,"JPM,99444,167"
2019-06-28 14:17:00.000000000,BEST_ASK,"JPM,100603,240"
2019-06-28 14:17:00.000000000,LAST_TRADE,"5,$99444.0000"
2019-06-28 14:17:00.000000000,QUERY_SPREAD,93
2019-06-28 14:17:00.000000000,BEST_BID,"JPM,99444,164"
2019-06-28 14:17:00.000000000,BEST_ASK,"JPM,100603,240"
2019-06-28 14:17:00.000000000,LAST_TRADE,"3,$99444.0000"
2019-06-28 14:17:00.000000000,QUERY_SPREAD,94
2019-06-28 14:17:00.000000000,BEST_BID,"JPM,99444,160"
2019-06-28 14:17:00.000000000,BEST_ASK,"JPM,100603,240"
2019-06-28 14:17:00.000000000,LAST_TRADE,"4,$99444.0000"
2019-06-28 14:17:00.000000000,QUERY_SPREAD,95
2019-06-28 14:17:00.000000000,BEST_BID,"JPM,99444,155"
2019-06-28 14:17:00.000000000,BEST_ASK,"JPM,100603,240"
2019-06-28 14:17:00.000000000,LAST_TRADE,"5,$99444.0000"
2019-06-28 14:17:00.000000000,QUERY_SPREAD,96
2019-06-28 14:17:00.000000000,BEST_BID,"JPM,99444,154"
2019-06-28 14:17:00.000000000,BEST_ASK,"JPM,100603,240"
2019-06-28 14:17:00.000000000,LAST_TRADE,"1,$99444.0000"
2019-06-28 14:17:00.000000000,QUERY_SPREAD,97
2019-06-28 14:17:00.000000000,BEST_BID,"JPM,99444,147"
2019-06-28 14:17:00.000000000,BEST_ASK,"JPM,100603,240"
2019-06-28 14:17:00.000000000,LAST_TRADE,"7,$99444.0000"
2019-06-28 14:17:00.000000000,QUERY_SPREAD,98
2019-06-28 14:17:00.000000000,BEST_BID,"JPM,99444,141"
2019-06-28 14:17:00.000000000,BEST_ASK,"JPM,100603,240"
2019-06-28 14:17:00.000000000,LAST_TRADE,"6,$99444.0000"
2019-06-28 14:17:00.000000000,QUERY_SPREAD,99
2019-06-28 14:17:00.000000000,BEST_BID,"JPM,99444,136"
2019-06-28 14:17:00.000000000,BEST_ASK,"JPM,100603,240"
2019-06-28 14:17:00.000000000,LAST_TRADE,"5,$99444.0000"
2019-06-28 14:17:00.000000000,QUERY_SPREAD,100
2019-06-28 14:17:00.000000000,BEST_BID,"JPM,99444,129"
2019-06-28 14:17:00.000000000,BEST_ASK,"JPM,100603,240"
2019-06-28 14:17:00.000000000,LAST_TRADE,"7,$99444.0000"
2019-06-28 14:17:00.000000000,QUERY_SPREAD,101
2019-06-28 14:17:00.000000000,QUERY_ORDER_STREAM,101
2019-06-28 14:17:10.000000000,QUERY_SPREAD,1
2019-06-28 14:17:10.000000000,BEST_BID,"JPM,99392,281"
2019-06-28 14:17:10.000000000,BEST_ASK,"JPM,100603,100"
2019-06-28 14:17:10.000000000,BEST_BID,"JPM,99392,281"
2019-06-28 14:17:10.000000000,BEST_ASK,"JPM,100603,380"
2019-06-28 14:17:20.000000000,QUERY_SPREAD,1
2019-06-28 14:17:20.000000000,BEST_BID,"JPM,99392,141"
2019-06-28 14:17:20.000000000,BEST_ASK,"JPM,100603,100"
2019-06-28 14:17:20.000000000,BEST_BID,"JPM,99392,141"
2019-06-28 14:17:20.000000000,BEST_ASK,"JPM,100603,100"
2019-06-28 14:17:20.000000000,BEST_BID,"JPM,99392,141"
2019-06-28 14:17:20.000000000,BEST_ASK,"JPM,100603,240"
2019-06-28 14:17:20.000000000,BEST_BID,"JPM,99392,141"
2019-06-28 14:17:20.000000000,BEST_ASK,"JPM,100603,240"
2019-06-28 14:17:30.000000000,QUERY_SPREAD,1
2019-06-28 14:17:30.000000000,BEST_BID,"JPM,99392,96"
2019-06-28 14:17:30.000000000,BEST_ASK,"JPM,100603,100"
2019-06-28 14:17:30.000000000,BEST_BID,"JPM,99392,96"
2019-06-28 14:17:30.000000000,BEST_ASK,"JPM,100603,100"
2019-06-28 14:17:30.000000000,BEST_BID,"JPM,99392,96"
2019-06-28 14:17:30.000000000,BEST_ASK,"JPM,100603,100"
2019-06-28 14:17:30.000000000,BEST_BID,"JPM,99392,96"
2019-06-28 14:17:30.000000000,BEST_ASK,"JPM,100603,195"
2019-06-28 14:17:30.000000000,BEST_BID,"JPM,99392,96"
2019-06-28 14:17:30.000000000,BEST_ASK,"JPM,100603,195"
2019-06-28 14:17:30.000000000,BEST_BID,"JPM,99392,96"
2019-06-28 14:17:30.000000000,BEST_ASK,"JPM,100603,195"
2019-06-28 14:17:35.923491804,QUERY_SPREAD,40
2019-06-28 14:17:35.923491804,BEST_BID,"JPM,99392,96"
2019-06-28 14:17:35.923491804,BEST_ASK,"JPM,100603,195"
2019-06-28 14:17:40.000000000,QUERY_SPREAD,1
2019-06-28 14:17:40.000000000,BEST_BID,"JPM,99392,71"
2019-06-28 14:17:40.000000000,BEST_ASK,"JPM,100603,100"
2019-06-28 14:17:40.000000000,BEST_BID,"JPM,99392,71"
2019-06-28 14:17:40.000000000,BEST_ASK,"JPM,100603,100"
2019-06-28 14:17:40.000000000,BEST_BID,"JPM,99392,71"
2019-06-28 14:17:40.000000000,BEST_ASK,"JPM,100603,100"
2019-06-28 14:17:40.000000000,BEST_BID,"JPM,99392,71"
2019-06-28 14:17:40.000000000,BEST_ASK,"JPM,100603,100"
2019-06-28 14:17:40.000000000,BEST_BID,"JPM,99392,71"
2019-06-28 14:17:40.000000000,BEST_ASK,"JPM,100603,170"
2019-06-28 14:17:40.000000000,BEST_BID,"JPM,99392,71"
2019-06-28 14:17:40.000000000,BEST_ASK,"JPM,100603,170"
2019-06-28 14:17:40.000000000,BEST_BID,"JPM,99392,71"
2019-06-28 14:17:40.000000000,BEST_ASK,"JPM,100603,170"
2019-06-28 14:17:40.000000000,BEST_BID,"JPM,99392,71"
2019-06-28 14:17:40.000000000,BEST_ASK,"JPM,100603,170"
2019-06-28 14:17:48.146951847,QUERY_SPREAD,46
2019-06-28 14:17:48.146951847,BEST_BID,"JPM,100583,100"
2019-06-28 14:17:48.146951847,BEST_ASK,"JPM,100603,170"
2019-06-28 14:17:50.000000000,QUERY_SPREAD,1
2019-06-28 14:17:50.000000000,BEST_BID,"JPM,100583,380"
2019-06-28 14:17:50.000000000,BEST_ASK,"JPM,100603,100"
2019-06-28 14:17:50.000000000,BEST_BID,"JPM,100583,380"
2019-06-28 14:17:50.000000000,BEST_ASK,"JPM,100603,380"
2019-06-28 14:17:52.255665128,QUERY_SPREAD,39
2019-06-28 14:17:52.255665128,BEST_BID,"JPM,100583,380"
2019-06-28 14:17:52.255665128,BEST_ASK,"JPM,100603,380"
2019-06-28 14:18:00.000000000,QUERY_SPREAD,1
2019-06-28 14:18:00.000000000,BEST_BID,"JPM,100583,195"
2019-06-28 14:18:00.000000000,BEST_ASK,"JPM,100603,100"
2019-06-28 14:18:00.000000000,BEST_BID,"JPM,100583,195"
2019-06-28 14:18:00.000000000,BEST_ASK,"JPM,100603,100"
2019-06-28 14:18:00.000000000,BEST_BID,"JPM,100583,195"
2019-06-28 14:18:00.000000000,BEST_ASK,"JPM,100603,100"
2019-06-28 14:18:00.000000000,BEST_BID,"JPM,100583,195"
2019-06-28 14:18:00.000000000,BEST_ASK,"JPM,100603,195"
2019-06-28 14:18:00.000000000,BEST_BID,"JPM,100583,195"
2019-06-28 14:18:00.000000000,BEST_ASK,"JPM,100603,195"
2019-06-28 14:18:00.000000000,BEST_BID,"JPM,100583,195"
2019-06-28 14:18:00.000000000,BEST_ASK,"JPM,100603,195"
2019-06-28 14:18:00.000000000,QUERY_SPREAD,77
2019-06-28 14:18:00.000000000,BEST_BID,"JPM,100583,194"
2019-06-28 14:18:00.000000000,BEST_ASK,"JPM,100603,195"
2019-06-28 14:18:00.000000000,LAST_TRADE,"1,$100583.0000"
2019-06-28 14:18:00.000000000,QUERY_SPREAD,78
2019-06-28 14:18:00.000000000,BEST_BID,"JPM,100583,190"
2019-06-28 14:18:00.000000000,BEST_ASK,"JPM,100603,195"
2019-06-28 14:18:00.000000000,LAST_TRADE,"4,$100583.0000"
2019-06-28 14:18:00.000000000,QUERY_SPREAD,79
2019-06-28 14:18:00.000000000,BEST_BID,"JPM,100583,184"
2019-06-28 14:18:00.000000000,BEST_ASK,"JPM,100603,195"
2019-06-28 14:18:00.000000000,LAST_TRADE,"6,$100583.0000"
2019-06-28 14:18:00.000000000,QUERY_SPREAD,80
2019-06-28 14:18:00.000000000,BEST_BID,"JPM,100583,179"
2019-06-28 14:18:00.000000000,BEST_ASK,"JPM,100603,195"
2019-06-28 14:18:00.000000000,LAST_TRADE,"5,$100583.0000"
2019-06-28 14:18:00.000000000,QUERY_SPREAD,81
2019-06-28 14:18:00.000000000,BEST_BID,"JPM,100583,171"
2019-06-28 14:18:00.000000000,BEST_ASK,"JPM,100603,195"
2019-06-28 14:18:00.000000000,LAST_TRADE,"8,$100583.0000"
2019-06-28 14:18:00.000000000,QUERY_SPREAD,82
2019-06-28 14:18:00.000000000,BEST_BID,"JPM,100583,163"
2019-06-28 14:18:00.000000000,BEST_ASK,"JPM,100603,195"
2019-06-28 14:18:00.000000000,LAST_TRADE,"8,$100583.0000"
2019-06-28 14:18:00.000000000,QUERY_SPREAD,83
2019-06-28 14:18:00.000000000,BEST_BID,"JPM,100583,161"
2019-06-28 14:18:00.000000000,BEST_ASK,"JPM,100603,195"
2019-06-28 14:18:00.000000000,LAST_TRADE,"2,$100583.0000"
2019-06-28 14:18:00.000000000,QUERY_SPREAD,84
2019-06-28 14:18:00.000000000,BEST_BID,"JPM,100583,160"
2019-06-28 14:18:00.000000000,BEST_ASK,"JPM,100603,195"
2019-06-28 14:18:00.000000000,LAST_TRADE,"1,$100583.0000"
2019-06-28 14:18:00.000000000,QUERY_SPREAD,85
2019-06-28 14:18:00.000000000,BEST_BID,"JPM,100583,159"
2019-06-28 14:18:00.000000000,BEST_ASK,"JPM,100603,195"
2019-06-28 14:18:00.000000000,LAST_TRADE,"1,$100583.0000"
2019-06-28 14:18:00.000000000,QUERY_SPREAD,86
2019-06-28 14:18:00.000000000,BEST_BID,"JPM,100583,153"
2019-06-28 14:18:00.000000000,BEST_ASK,"JPM,100603,195"
2019-06-28 14:18:00.000000000,LAST_TRADE,"6,$100583.0000"
2019-06-28 14:18:00.000000000,QUERY_SPREAD,87
2019-06-28 14:18:00.000000000,BEST_BID,"JPM,100583,150"
2019-06-28 14:18:00.000000000,BEST_ASK,"JPM,100603,195"
2019-06-28 14:18:00.000000000,LAST_TRADE,"3,$100583.0000"
2019-06-28 14:18:00.000000000,QUERY_SPREAD,88
2019-06-28 14:18:00.000000000,BEST_BID,"JPM,100583,146"
2019-06-28 14:18:00.000000000,BEST_ASK,"JPM,100603,195"
2019-06-28 14:18:00.000000000,LAST_TRADE,"4,$100583.0000"
2019-06-28 14:18:00.000000000,QUERY_SPREAD,89
2019-06-28 14:18:00.000000000,BEST_BID,"JPM,100583,142"
2019-06-28 14:18:00.000000000,BEST_ASK,"JPM,100603,195"
2019-06-28 14:18:00.000000000,LAST_TRADE,"4,$100583.0000"
2019-06-28 14:18:00.000000000,QUERY_SPREAD,90
2019-06-28 14:18:00.000000000,BEST_BID,"JPM,100583,135"
2019-06-28 14:18:00.000000000,BEST_ASK,"JPM,100603,195"
2019-06-28 14:18:00.000000000,LAST_TRADE,"7,$100583.0000"
2019-06-28 14:18:00.000000000,QUERY_SPREAD,91
2019-06-28 14:18:00.000000000,BEST_BID,"JPM,100583,127"
2019-06-28 14:18:00.000000000,BEST_ASK,"JPM,100603,195"
2019-06-28 14:18:00.000000000,LAST_TRADE,"8,$100583.0000"
2019-06-28 14:18:00.000000000,QUERY_SPREAD,92
2019-06-28 14:18:00.000000000,BEST_BID,"JPM,100583,122"
2019-06-28 14:18:00.000000000,BEST_ASK,"JPM,100603,195"
2019-06-28 14:18:00.000000000,LAST_TRADE,"5,$100583.0000"
2019-06-28 14:18:00.000000000,QUERY_SPREAD,93
2019-06-28 14:18:00.000000000,BEST_BID,"JPM,100583,119"
2019-06-28 14:18:00.000000000,BEST_ASK,"JPM,100603,195"
2019-06-28 14:18:00.000000000,LAST_TRADE,"3,$100583.0000"
2019-06-28 14:18:00.000000000,QUERY_SPREAD,94
2019-06-28 14:18:00.000000000,BEST_BID,"JPM,100583,115"
2019-06-28 14:18:00.000000000,BEST_ASK,"JPM,100603,195"
2019-06-28 14:18:00.000000000,LAST_TRADE,"4,$100583.0000"
2019-06-28 14:18:00.000000000,QUERY_SPREAD,95
2019-06-28 14:18:00.000000000,BEST_BID,"JPM,100583,110"
2019-06-28 14:18:00.000000000,BEST_ASK,"JPM,100603,195"
2019-06-28 14:18:00.000000000,LAST_TRADE,"5,$100583.0000"
2019-06-28 14:18:00.000000000,QUERY_SPREAD,96
2019-06-28 14:18:00.000000000,BEST_BID,"JPM,100583,109"
2019-06-28 14:18:00.000000000,BEST_ASK,"JPM,100603,195"
2019-06-28 14:18:00.000000000,LAST_TRADE,"1,$100583.0000"
2019-06-28 14:18:00.000000000,QUERY_SPREAD,97
2019-06-28 14:18:00.000000000,BEST_BID,"JPM,100583,102"
2019-06-28 14:18:00.000000000,BEST_ASK,"JPM,100603,195"
2019-06-28 14:18:00.000000000,LAST_TRADE,"7,$100583.0000"
2019-06-28 14:18:00.000000000,QUERY_SPREAD,98
2019-06-28 14:18:00.000000000,BEST_BID,"JPM,100583,96"
2019-06-28 14:18:00.000000000,BEST_ASK,"JPM,100603,195"
2019-06-28 14:18:00.000000000,LAST_TRADE,"6,$100583.0000"
2019-06-28 14:18:00.000000000,QUERY_SPREAD,99
2019-06-28 14:18:00.000000000,BEST_BID,"JPM,100583,91"
2019-06-28 14:18:00.000000000,BEST_ASK,"JPM,100603,195"
2019-06-28 14:18:00.000000000,LAST_TRADE,"5,$100583.0000"
2019-06-28 14:18:00.000000000,QUERY_SPREAD,100
2019-06-28 14:18:00.000000000,BEST_BID,"JPM,100583,84"
2019-06-28 14:18:00.000000000,BEST_ASK,"JPM,100603,195"
2019-06-28 14:18:00.000000000,LAST_TRADE,"7,$100583.0000"
2019-06-28 14:18:00.000000000,QUERY_SPREAD,101
2019-06-28 14:18:00.000000000,QUERY_ORDER_STREAM,101
2019-06-28 14:18:05.222230054,QUERY_SPREAD,17
2019-06-28 14:18:05.222230054,BEST_BID,"JPM,100440,192"
2019-06-28 14:18:05.222230054,BEST_ASK,"JPM,100583,16"
2019-06-28 14:18:05.222230054,LAST_TRADE,"84,$100583.0000"
2019-06-28 14:18:10.000000000,QUERY_SPREAD,1
2019-06-28 14:18:10.000000000,BEST_BID,"JPM,100440,195"
2019-06-28 14:18:10.000000000,BEST_ASK,"JPM,100583,16"
2019-06-28 14:18:10.000000000,BEST_BID,"JPM,100440,195"
2019-06-28 14:18:10.000000000,BEST_ASK,"JPM,100583,16"
2019-06-28 14:18:10.000000000,BEST_BID,"JPM,100440,195"
2019-06-28 14:18:10.000000000,BEST_ASK,"JPM,100583,16"
2019-06-28 14:18:10.000000000,BEST_BID,"JPM,100440,195"
2019-06-28 14:18:10.000000000,BEST_ASK,"JPM,100583,111"
2019-06-28 14:18:10.000000000,BEST_BID,"JPM,100440,195"
2019-06-28 14:18:10.000000000,BEST_ASK,"JPM,100583,111"
2019-06-28 14:18:10.000000000,BEST_BID,"JPM,100440,195"
2019-06-28 14:18:10.000000000,BEST_ASK,"JPM,100583,111"
2019-06-28 14:18:20.000000000,QUERY_SPREAD,1
2019-06-28 14:18:20.000000000,BEST_BID,"JPM,100440,195"
2019-06-28 14:18:20.000000000,BEST_ASK,"JPM,100583,16"
2019-06-28 14:18:20.000000000,BEST_BID,"JPM,100440,195"
2019-06-28 14:18:20.000000000,BEST_ASK,"JPM,100583,16"
2019-06-28 14:18:20.000000000,BEST_BID,"JPM,100440,195"
2019-06-28 14:18:20.000000000,BEST_ASK,"JPM,100583,16"
2019-06-28 14:18:20.000000000,BEST_BID,"JPM,100440,195"
2019-06-28 14:18:20.000000000,BEST_ASK,"JPM,100583,111"
2019-06-28 14:18:20.000000000,BEST_BID,"JPM,100440,195"
2019-06-28 14:18:20.000000000,BEST_ASK,"JPM,100583,111"
2019-06-28 14:18:20.000000000,BEST_BID,"JPM,100440,195"
2019-06-28 14:18:20.000000000,BEST_ASK,"JPM,100583,111"
2019-06-28 14:18:27.583650151,QUERY_ORDER_STREAM,52
2019-06-28 14:18:27.583650151,QUERY_SPREAD,52
2019-06-28 14:18:27.583650151,BEST_BID,"JPM,100440,195"
2019-06-28 14:18:27.583650151,BEST_ASK,"JPM,100583,211"
2019-06-28 14:18:30.000000000,QUERY_SPREAD,1
2019-06-28 14:18:30.000000000,BEST_BID,"JPM,100440,380"
2019-06-28 14:18:30.000000000,BEST_ASK,"JPM,100583,116"
2019-06-28 14:18:30.000000000,BEST_BID,"JPM,100440,380"
2019-06-28 14:18:30.000000000,BEST_ASK,"JPM,100583,396"
2019-06-28 14:18:39.538010846,QUERY_SPREAD,18
2019-06-28 14:18:39.538010846,BEST_BID,"JPM,100459,100"
2019-06-28 14:18:39.538010846,BEST_ASK,"JPM,100583,396"
2019-06-28 14:18:40.000000000,QUERY_SPREAD,1
2019-06-28 14:18:40.000000000,BEST_BID,"JPM,100459,195"
2019-06-28 14:18:40.000000000,BEST_ASK,"JPM,100583,116"
2019-06-28 14:18:40.000000000,BEST_BID,"JPM,100459,195"
2019-06-28 14:18:40.000000000,BEST_ASK,"JPM,100583,116"
2019-06-28 14:18:40.000000000,BEST_BID,"JPM,100459,195"
2019-06-28 14:18:40.000000000,BEST_ASK,"JPM,100583,116"
2019-06-28 14:18:40.000000000,BEST_BID,"JPM,100459,195"
2019-06-28 14:18:40.000000000,BEST_ASK,"JPM,100583,211"
2019-06-28 14:18:40.000000000,BEST_BID,"JPM,100459,195"
2019-06-28 14:18:40.000000000,BEST_ASK,"JPM,100583,211"
2019-06-28 14:18:40.000000000,BEST_BID,"JPM,100459,195"
2019-06-28 14:18:40.000000000,BEST_ASK,"JPM,100583,211"
2019-06-28 14:18:49.628054201,QUERY_SPREAD,2
2019-06-28 14:18:49.628054201,BEST_BID,"JPM,100459,195"
2019-06-28 14:18:49.628054201,BEST_ASK,"JPM,100563,100"
2019-06-28 14:18:50.000000000,QUERY_SPREAD,1
2019-06-28 14:18:50.000000000,BEST_BID,"JPM,100459,156"
2019-06-28 14:18:50.000000000,BEST_ASK,"JPM,100563,100"
2019-06-28 14:18:50.000000000,BEST_BID,"JPM,100459,156"
2019-06-28 14:18:50.000000000,BEST_ASK,"JPM,100563,100"
2019-06-28 14:18:50.000000000,BEST_BID,"JPM,100459,156"
2019-06-28 14:18:50.000000000,BEST_ASK,"JPM,100563,100"
2019-06-28 14:18:50.000000000,BEST_BID,"JPM,100459,156"
2019-06-28 14:18:50.000000000,BEST_ASK,"JPM,100563,100"
2019-06-28 14:18:50.000000000,BEST_BID,"JPM,100459,156"
2019-06-28 14:18:50.000000000,BEST_ASK,"JPM,100563,100"
2019-06-28 14:18:50.000000000,BEST_BID,"JPM,100459,156"
2019-06-28 14:18:50.000000000,BEST_ASK,"JPM,100563,156"
2019-06-28 14:18:50.000000000,BEST_BID,"JPM,100459,156"
2019-06-28 14:18:50.000000000,BEST_ASK,"JPM,100563,156"
2019-06-28 14:18:50.000000000,BEST_BID,"JPM,100459,156"
2019-06-28 14:18:50.000000000,BEST_ASK,"JPM,100563,156"
2019-06-28 14:18:50.000000000,BEST_BID,"JPM,100459,156"
2019-06-28 14:18:50.000000000,BEST_ASK,"JPM,100563,156"
2019-06-28 14:18:50.000000000,BEST_BID,"JPM,100459,156"
2019-06-28 14:18:50.000000000,BEST_ASK,"JPM,100563,156"
2019-06-28 14:19:00.000000000,QUERY_SPREAD,1
2019-06-28 14:19:00.000000000,BEST_BID,"JPM,100459,380"
2019-06-28 14:19:00.000000000,BEST_ASK,"JPM,100563,100"
2019-06-28 14:19:00.000000000,BEST_BID,"JPM,100459,380"
2019-06-28 14:19:00.000000000,BEST_ASK,"JPM,100563,380"
2019-06-28 14:19:00.000000000,QUERY_SPREAD,77
2019-06-28 14:19:00.000000000,BEST_BID,"JPM,100459,379"
2019-06-28 14:19:00.000000000,BEST_ASK,"JPM,100563,380"
2019-06-28 14:19:00.000000000,LAST_TRADE,"1,$100459.0000"
2019-06-28 14:19:00.000000000,QUERY_SPREAD,78
2019-06-28 14:19:00.000000000,BEST_BID,"JPM,100459,375"
2019-06-28 14:19:00.000000000,BEST_ASK,"JPM,100563,380"
2019-06-28 14:19:00.000000000,LAST_TRADE,"4,$100459.0000"
2019-06-28 14:19:00.000000000,QUERY_SPREAD,79
2019-06-28 14:19:00.000000000,BEST_BID,"JPM,100459,369"
2019-06-28 14:19:00.000000000,BEST_ASK,"JPM,100563,380"
2019-06-28 14:19:00.000000000,LAST_TRADE,"6,$100459.0000"
2019-06-28 14:19:00.000000000,QUERY_SPREAD,80
2019-06-28 14:19:00.000000000,BEST_BID,"JPM,100459,364"
2019-06-28 14:19:00.000000000,BEST_ASK,"JPM,100563,380"
2019-06-28 14:19:00.000000000,LAST_TRADE,"5,$100459.0000"
2019-06-28 14:19:00.000000000,QUERY_SPREAD,81
2019-06-28 14:19:00.000000000,BEST_BID,"JPM,100459,356"
2019-06-28 14:19:00.000000000,BEST_ASK,"JPM,100563,380"
2019-06-28 14:19:00.000000000,LAST_TRADE,"8,$100459.0000"
2019-06-28 14:19:00.000000000,QUERY_SPREAD,82
2019-06-28 14:19:00.000000000,BEST_BID,"JPM,100459,348"
2019-06-28 14:19:00.000000000,BEST_ASK,"JPM,100563,380"
2019-06-28 14:19:00.000000000,LAST_TRADE,"8,$100459.0000"
2019-06-28 14:19:00.000000000,QUERY_SPREAD,83
2019-06-28 14:19:00.000000000,BEST_BID,"JPM,100459,346"
2019-06-28 14:19:00.000000000,BEST_ASK,"JPM,100563,380"
2019-06-28 14:19:00.000000000,LAST_TRADE,"2,$100459.0000"
2019-06-28 14:19:00.000000000,QUERY_SPREAD,84
2019-06-28 14:19:00.000000000,BEST_BID,"JPM,100459,345"
2019-06-28 14:19:00.000000000,BEST_ASK,"JPM,100563,380"
2019-06-28 14:19:00.000000000,LAST_TRADE,"1,$100459.0000"
2019-06-28 14:19:00.000000000,QUERY_SPREAD,85
2019-06-28 14:19:00.000000000,BEST_BID,"JPM,100459,344"
2019-06-28 14:19:00.000000000,BEST_ASK,"JPM,100563,380"
2019-06-28 14:19:00.000000000,LAST_TRADE,"1,$100459.0000"
2019-06-28 14:19:00.000000000,QUERY_SPREAD,86
2019-06-28 14:19:00.000000000,BEST_BID,"JPM,100459,338"
2019-06-28 14:19:00.000000000,BEST_ASK,"JPM,100563,380"
2019-06-28 14:19:00.000000000,LAST_TRADE,"6,$100459.0000"
2019-06-28 14:19:00.000000000,QUERY_SPREAD,87
2019-06-28 14:19:00.000000000,BEST_BID,"JPM,100459,335"
2019-06-28 14:19:00.000000000,BEST_ASK,"JPM,100563,380"
2019-06-28 14:19:00.000000000,LAST_TRADE,"3,$100459.0000"
2019-06-28 14:19:00.000000000,QUERY_SPREAD,88
2019-06-28 14:19:00.000000000,BEST_BID,"JPM,100459,331"
2019-06-28 14:19:00.000000000,BEST_ASK,"JPM,100563,380"
2019-06-28 14:19:00.000000000,LAST_TRADE,"4,$100459.0000"
2019-06-28 14:19:00.000000000,QUERY_SPREAD,89
2019-06-28 14:19:00.000000000,BEST_BID,"JPM,100459,327"
2019-06-28 14:19:00.000000000,BEST_ASK,"JPM,100563,380"
2019-06-28 14:19:00.000000000,LAST_TRADE,"4,$100459.0000"
2019-06-28 14:19:00.000000000,QUERY_SPREAD,90
2019-06-28 14:19:00.000000000,BEST_BID,"JPM,100459,320"
2019-06-28 14:19:00.000000000,BEST_ASK,"JPM,100563,380"
2019-06-28 14:19:00.000000000,LAST_TRADE,"7,$100459.0000"
2019-06-28 14:19:00.000000000,QUERY_SPREAD,91
2019-06-28 14:19:00.000000000,BEST_BID,"JPM,100459,312"
2019-06-28 14:19:00.000000000,BEST_ASK,"JPM,100563,380"
2019-06-28 14:19:00.000000000,LAST_TRADE,"8,$100459.0000"
2019-06-28 14:19:00.000000000,QUERY_SPREAD,92
2019-06-28 14:19:00.000000000,BEST_BID,"JPM,100459,307"
2019-06-28 14:19:00.000000000,BEST_ASK,"JPM,100563,380"
2019-06-28 14:19:00.000000000,LAST_TRADE,"5,$100459.0000"
2019-06-28 14:19:00.000000000,QUERY_SPREAD,93
2019-06-28 14:19:00.000000000,BEST_BID,"JPM,100459,304"
2019-06-28 14:19:00.000000000,BEST_ASK,"JPM,100563,380"
2019-06-28 14:19:00.000000000,LAST_TRADE,"3,$100459.0000"
2019-06-28 14:19:00.000000000,QUERY_SPREAD,94
2019-06-28 14:19:00.000000000,BEST_BID,"JPM,100459,300"
2019-06-28 14:19:00.000000000,BEST_ASK,"JPM,100563,380"
2019-06-28 14:19:00.000000000,LAST_TRADE,"4,$100459.0000"
2019-06-28 14:19:00.000000000,QUERY_SPREAD,95
2019-06-28 14:19:00.000000000,BEST_BID,"JPM,100459,295"
2019-06-28 14:19:00.000000000,BEST_ASK,"JPM,100563,380"
2019-06-28 14:19:00.000000000,LAST_TRADE,"5,$100459.0000"
2019-06-28 14:19:00.000000000,QUERY_SPREAD,96
2019-06-28 14:19:00.000000000,BEST_BID,"JPM,100459,294"
2019-06-28 14:19:00.000000000,BEST_ASK,"JPM,100563,380"
2019-06-28 14:19:00.000000000,LAST_TRADE,"1,$100459.0000"
2019-06-28 14:19:00.000000000,QUERY_SPREAD,97
2019-06-28 14:19:00.000000000,BEST_BID,"JPM,100459,287"
2019-06-28 14:19:00.000000000,BEST_ASK,"JPM,100563,380"
2019-06-28 14:19:00.000000000,LAST_TRADE,"7,$100459.0000"
2019-06-28 14:19:00.000000000,QUERY_SPREAD,98
2019-06-28 14:19:00.000000000,BEST_BID,"JPM,100459,281"
2019-06-28 14:19:00.000000000,BEST_ASK,"JPM,100563,380"
2019-06-28 14:19:00.000000000,LAST_TRADE,"6,$100459.0000"
2019-06-28 14:19:00.000000000,QUERY_SPREAD,99
2019-06-28 14:19:00.000000000,BEST_BID,"JPM,100459,276"
2019-06-28 14:19:00.000000000,BEST_ASK,"JPM,100563,380"
2019-06-28 14:19:00.000000000,LAST_TRADE,"5,$100459.0000"
2019-06-28 14:19:00.000000000,QUERY_SPREAD,100
2019-06-28 14:19:00.000000000,BEST_BID,"JPM,100459,269"
2019-06-28 14:19:00.000000000,BEST_ASK,"JPM,100563,380"
2019-06-28 14:19:00.000000000,LAST_TRADE,"7,$100459.0000"
2019-06-28 14:19:00.000000000,QUERY_SPREAD,101
2019-06-28 14:19:00.000000000,QUERY_ORDER_STREAM,101
2019-06-28 14:19:08.947472589,QUERY_SPREAD,18
2019-06-28 14:19:08.947472589,BEST_BID,"JPM,100459,169"
2019-06-28 14:19:08.947472589,BEST_ASK,"JPM,100563,380"
2019-06-28 14:19:08.947472589,LAST_TRADE,"100,$100459.0000"
2019-06-28 14:19:10.000000000,QUERY_SPREAD,1
2019-06-28 14:19:10.000000000,BEST_BID,"JPM,100440,170"
2019-06-28 14:19:10.000000000,BEST_ASK,"JPM,100563,100"
2019-06-28 14:19:10.000000000,BEST_BID,"JPM,100440,170"
2019-06-28 14:19:10.000000000,BEST_ASK,"JPM,100563,100"
2019-06-28 14:19:10.000000000,BEST_BID,"JPM,100440,170"
2019-06-28 14:19:10.000000000,BEST_ASK,"JPM,100563,100"
2019-06-28 14:19:10.000000000,BEST_BID,"JPM,100440,170"
2019-06-28 14:19:10.000000000,BEST_ASK,"JPM,100563,100"
2019-06-28 14:19:10.000000000,BEST_BID,"JPM,100440,170"
2019-06-28 14:19:10.000000000,BEST_ASK,"JPM,100563,170"
2019-06-28 14:19:10.000000000,BEST_BID,"JPM,100440,170"
2019-06-28 14:19:10.000000000,BEST_ASK,"JPM,100563,170"
2019-06-28 14:19:10.000000000,BEST_BID,"JPM,100440,170"
2019-06-28 14:19:10.000000000,BEST_ASK,"JPM,100563,170"
2019-06-28 14:19:10.000000000,BEST_BID,"JPM,100440,170"
2019-06-28 14:19:10.000000000,BEST_ASK,"JPM,100563,170"
2019-06-28 14:19:20.000000000,QUERY_SPREAD,1
2019-06-28 14:19:20.000000000,BEST_BID,"JPM,100440,380"
2019-06-28 14:19:20.000000000,BEST_ASK,"JPM,100563,100"
2019-06-28 14:19:20.000000000,BEST_BID,"JPM,100440,380"
2019-06-28 14:19:20.000000000,BEST_ASK,"JPM,100563,380"
2019-06-28 14:19:20.200719315,QUERY_SPREAD,13
2019-06-28 14:19:20.200719315,BEST_BID,"JPM,100440,380"
2019-06-28 14:19:20.200719315,BEST_ASK,"JPM,100563,380"
2019-06-28 14:19:27.175477270,QUERY_SPREAD,37
2019-06-28 14:19:27.175477270,BEST_BID,"JPM,100440,280"
2019-06-28 14:19:27.175477270,BEST_ASK,"JPM,100563,380"
2019-06-28 14:19:27.175477270,LAST_TRADE,"100,$100440.0000"
2019-06-28 14:19:29.713698747,QUERY_SPREAD,12
2019-06-28 14:19:29.713698747,BEST_BID,"JPM,100440,180"
2019-06-28 14:19:29.713698747,BEST_ASK,"JPM,100563,380"
2019-06-28 14:19:29.713698747,LAST_TRADE,"100,$100440.0000"
2019-06-28 14:19:30.000000000,QUERY_SPREAD,1
2019-06-28 14:19:30.000000000,BEST_BID,"JPM,100248,195"
2019-06-28 14:19:30.000000000,BEST_ASK,"JPM,100563,100"
2019-06-28 14:19:30.000000000,BEST_BID,"JPM,100248,195"
2019-06-28 14:19:30.000000000,BEST_ASK,"JPM,100563,100"
2019-06-28 14:19:30.000000000,BEST_BID,"JPM,100248,195"
2019-06-28 14:19:30.000000000,BEST_ASK,"JPM,100563,100"
2019-06-28 14:19:30.000000000,BEST_BID,"JPM,100248,195"
2019-06-28 14:19:30.000000000,BEST_ASK,"JPM,100563,195"
2019-06-28 14:19:30.000000000,BEST_BID,"JPM,100248,195"
2019-06-28 14:19:30.000000000,BEST_ASK,"JPM,100563,195"
2019-06-28 14:19:30.000000000,BEST_BID,"JPM,100248,195"
2019-06-28 14:19:30.000000000,BEST_ASK,"JPM,100563,195"
2019-06-28 14:19:30.174323272,QUERY_SPREAD,31
2019-06-28 14:19:30.174323272,BEST_BID,"JPM,100248,195"
2019-06-28 14:19:30.174323272,BEST_ASK,"JPM,100300,100"
2019-06-28 14:19:32.121800920,QUERY_ORDER_STREAM,54
2019-06-28 14:19:32.121800920,QUERY_SPREAD,54
2019-06-28 14:19:32.121800920,BEST_BID,"JPM,100248,195"
2019-06-28 14:19:32.121800920,BEST_ASK,"JPM,100300,100"
2019-06-28 14:19:40.000000000,QUERY_SPREAD,1
2019-06-28 14:19:40.000000000,BEST_BID,"JPM,100248,380"
2019-06-28 14:19:40.000000000,BEST_ASK,"JPM,100300,100"
2019-06-28 14:19:40.000000000,BEST_BID,"JPM,100248,380"
2019-06-28 14:19:40.000000000,BEST_ASK,"JPM,100300,380"
2019-06-28 14:19:50.000000000,QUERY_SPREAD,1
2019-06-28 14:19:50.000000000,BEST_BID,"JPM,100248,380"
2019-06-28 14:19:50.000000000,BEST_ASK,"JPM,100300,100"
2019-06-28 14:19:50.000000000,BEST_BID,"JPM,100248,380"
2019-06-28 14:19:50.000000000,BEST_ASK,"JPM,100300,380"
2019-06-28 14:19:50.343758338,QUERY_ORDER_STREAM,52
2019-06-28 14:19:50.343758338,QUERY_SPREAD,52
2019-06-28 14:19:50.343758338,BEST_BID,"JPM,100248,380"
2019-06-28 14:19:50.343758338,BEST_ASK,"JPM,100300,380"
2019-06-28 14:20:00.000000000,QUERY_SPREAD,1
2019-06-28 14:20:00.000000000,BEST_BID,"JPM,100248,170"
2019-06-28 14:20:00.000000000,BEST_ASK,"JPM,100300,100"
2019-06-28 14:20:00.000000000,BEST_BID,"JPM,100248,170"
2019-06-28 14:20:00.000000000,BEST_ASK,"JPM,100300,100"
2019-06-28 14:20:00.000000000,BEST_BID,"JPM,100248,170"
2019-06-28 14:20:00.000000000,BEST_ASK,"JPM,100300,100"
2019-06-28 14:20:00.000000000,BEST_BID,"JPM,100248,170"
2019-06-28 14:20:00.000000000,BEST_ASK,"JPM,100300,100"
2019-06-28 14:20:00.000000000,BEST_BID,"JPM,100248,170"
2019-06-28 14:20:00.000000000,BEST_ASK,"JPM,100300,170"
2019-06-28 14:20:00.000000000,BEST_BID,"JPM,100248,170"
2019-06-28 14:20:00.000000000,BEST_ASK,"JPM,100300,170"
2019-06-28 14:20:00.000000000,BEST_BID,"JPM,100248,170"
2019-06-28 14:20:00.000000000,BEST_ASK,"JPM,100300,170"
2019-06-28 14:20:00.000000000,BEST_BID,"JPM,100248,170"
2019-06-28 14:20:00.000000000,BEST_ASK,"JPM,100300,170"
2019-06-28 14:20:00.000000000,QUERY_SPREAD,77
2019-06-28 14:20:00.000000000,BEST_BID,"JPM,100248,169"
2019-06-28 14:20:00.000000000,BEST_ASK,"JPM,100300,170"
2019-06-28 14:20:00.000000000,LAST_TRADE,"1,$100248.0000"
2019-06-28 14:20:00.000000000,QUERY_SPREAD,78
2019-06-28 14:20:00.000000000,BEST_BID,"JPM,100248,165"
2019-06-28 14:20:00.000000000,BEST_ASK,"JPM,100300,170"
2019-06-28 14:20:00.000000000,LAST_TRADE,"4,$100248.0000"
2019-06-28 14:20:00.000000000,QUERY_SPREAD,79
2019-06-28 14:20:00.000000000,BEST_BID,"JPM,100248,159"
2019-06-28 14:20:00.000000000,BEST_ASK,"JPM,100300,170"
2019-06-28 14:20:00.000000000,LAST_TRADE,"6,$100248.0000"
2019-06-28 14:20:00.000000000,QUERY_SPREAD,80
2019-06-28 14:20:00.000000000,BEST_BID,"JPM,100248,154"
2019-06-28 14:20:00.000000000,BEST_ASK,"JPM,100300,170"
2019-06-28 14:20:00.000000000,LAST_TRADE,"5,$100248.0000"
2019-06-28 14:20:00.000000000,QUERY_SPREAD,81
2019-06-28 14:20:00.000000000,BEST_BID,"JPM,100248,146"
2019-06-28 14:20:00.000000000,BEST_ASK,"JPM,100300,170"
2019-06-28 14:20:00.000000000,LAST_TRADE,"8,$100248.0000"
2019-06-28 14:20:00.000000000,QUERY_SPREAD,82
2019-06-28 14:20:00.000000000,BEST_BID,"JPM,100248,138"
2019-06-28 14:20:00.000000000,BEST_ASK,"JPM,100300,170"
2019-06-28 14:20:00.000000000,LAST_TRADE,"8,$100248.0000"
2019-06-28 14:20:00.000000000,QUERY_SPREAD,83
2019-06-28 14:20:00.000000000,BEST_BID,"JPM,100248,136"
2019-06-28 14:20:00.000000000,BEST_ASK,"JPM,100300,170"
2019-06-28 14:20:00.000000000,LAST_TRADE,"2,$100248.0000"
2019-06-28 14:20:00.000000000,QUERY_SPREAD,84
2019-06-28 14:20:00.000000000,BEST_BID,"JPM,100248,135"
2019-06-28 14:20:00.000000000,BEST_ASK,"JPM,100300,170"
2019-06-28 14:20:00.000000000,LAST_TRADE,"1,$100248.0000"
2019-06-28 14:20:00.000000000,QUERY_SPREAD,85
2019-06-28 14:20:00.000000000,BEST_BID,"JPM,100248,134"
2019-06-28 14:20:00.000000000,BEST_ASK,"JPM,100300,170"
2019-06-28 14:20:00.000000000,LAST_TRADE,"1,$100248.0000"
2019-06-28 14:20:00.000000000,QUERY_SPREAD,86
2019-06-28 14:20:00.000000000,BEST_BID,"JPM,100248,128"
2019-06-28 14:20:00.000000000,BEST_ASK,"JPM,100300,170"
2019-06-28 14:20:00.000000000,LAST_TRADE,"6,$100248.0000"
2019-06-28 14:20:00.000000000,QUERY_SPREAD,87
2019-06-28 14:20:00.000000000,BEST_BID,"JPM,100248,125"
2019-06-28 14:20:00.000000000,BEST_ASK,"JPM,100300,170"
2019-06-28 14:20:00.000000000,LAST_TRADE,"3,$100248.0000"
2019-06-28 14:20:00.000000000,QUERY_SPREAD,88
2019-06-28 14:20:00.000000000,BEST_BID,"JPM,100248,121"
2019-06-28 14:20:00.000000000,BEST_ASK,"JPM,100300,170"
2019-06-28 14:20:00.000000000,LAST_TRADE,"4,$100248.0000"
2019-06-28 14:20:00.000000000,QUERY_SPREAD,89
2019-06-28 14:20:00.000000000,BEST_BID,"JPM,100248,117"
2019-06-28 14:20:00.000000000,BEST_ASK,"JPM,100300,170"
2019-06-28 14:20:00.000000000,LAST_TRADE,"4,$100248.0000"
2019-06-28 14:20:00.000000000,QUERY_SPREAD,90
2019-06-28 14:20:00.000000000,BEST_BID,"JPM,100248,110"
2019-06-28 14:20:00.000000000,BEST_ASK,"JPM,100300,170"
2019-06-28 14:20:00.000000000,LAST_TRADE,"7,$100248.0000"
2019-06-28 14:20:00.000000000,QUERY_SPREAD,91
2019-06-28 14:20:00.000000000,BEST_BID,"JPM,100248,102"
2019-06-28 14:20:00.000000000,BEST_ASK,"JPM,100300,170"
2019-06-28 14:20:00.000000000,LAST_TRADE,"8,$100248.0000"
2019-06-28 14:20:00.000000000,QUERY_SPREAD,92
2019-06-28 14:20:00.000000000,BEST_BID,"JPM,100248,97"
2019-06-28 14:20:00.000000000,BEST_ASK,"JPM,100300,170"
2019-06-28 14:20:00.000000000,LAST_TRADE,"5,$100248.0000"
2019-06-28 14:20:00.000000000,QUERY_SPREAD,93
2019-06-28 14:20:00.000000000,BEST_BID,"JPM,100248,94"
2019-06-28 14:20:00.000000000,BEST_ASK,"JPM,100300,170"
2019-06-28 14:20:00.000000000,LAST_TRADE,"3,$100248.0000"
2019-06-28 14:20:00.000000000,QUERY_SPREAD,94
2019-06-28 14:20:00.000000000,BEST_BID,"JPM,100248,90"
2019-06-28 14:20:00.000000000,BEST_ASK,"JPM,100300,170"
2019-06-28 14:20:00.000000000,LAST_TRADE,"4,$100248.0000"
2019-06-28 14:20:00.000000000,QUERY_SPREAD,95
2019-06-28 14:20:00.000000000,BEST_BID,"JPM,100248,85"
2019-06-28 14:20:00.000000000,BEST_ASK,"JPM,100300,170"
2019-06-28 14:20:00.000000000,LAST_TRADE,"5,$100248.0000"
2019-06-28 14:20:00.000000000,QUERY_SPREAD,96
2019-06-28 14:20:00.000000000,BEST_BID,"JPM,100248,84"
2019-06-28 14:20:00.000000000,BEST_ASK,"JPM,100300,170"
2019-06-28 14:20:00.000000000,LAST_TRADE,"1,$100248.0000"
2019-06-28 14:20:00.000000000,QUERY_SPREAD,97
2019-06-28 14:20:00.000000000,BEST_BID,"JPM,100248,77"
2019-06-28 14:20:00.000000000,BEST_ASK,"JPM,100300,170"
2019-06-28 14:20:00.000000000,LAST_TRADE,"7,$100248.0000"
2019-06-28 14:20:00.000000000,QUERY_SPREAD,98
2019-06-28 14:20:00.000000000,BEST_BID,"JPM,100248,71"
2019-06-28 14:20:00.000000000,BEST_ASK,"JPM,100300,170"
2019-06-28 14:20:00.000000000,LAST_TRADE,"6,$100248.0000"
2019-06-28 14:20:00.000000000,QUERY_SPREAD,99
2019-06-28 14:20:00.000000000,BEST_BID,"JPM,100248,66"
2019-06-28 14:20:00.000000000,BEST_ASK,"JPM,100300,170"
2019-06-28 14:20:00.000000000,LAST_TRADE,"5,$100248.0000"
2019-06-28 14:20:00.000000000,QUERY_SPREAD,100
2019-06-28 14:20:00.000000000,BEST_BID,"JPM,100248,59"
2019-06-28 14:20:00.000000000,BEST_ASK,"JPM,100300,170"
2019-06-28 14:20:00.000000000,LAST_TRADE,"7,$100248.0000"
2019-06-28 14:20:00.000000000,QUERY_SPREAD,101
2019-06-28 14:20:00.000000000,QUERY_ORDER_STREAM,101
2019-06-28 14:20:01.882161346,QUERY_SPREAD,11
2019-06-28 14:20:01.882161346,BEST_BID,"JPM,100248,59"
2019-06-28 14:20:01.882161346,BEST_ASK,"JPM,100300,170"
2019-06-28 14:20:06.729014633,QUERY_SPREAD,26
2019-06-28 14:20:06.729014633,BEST_BID,"JPM,100248,59"
2019-06-28 14:20:06.729014633,BEST_ASK,"JPM,100300,70"
2019-06-28 14:20:06.729014633,LAST_TRADE,"100,$100300.0000"
2019-06-28 14:20:10.000000000,QUERY_SPREAD,1
2019-06-28 14:20:10.000000000,BEST_BID,"JPM,99392,57"
2019-06-28 14:20:10.000000000,BEST_ASK,"JPM,100440,200"
2019-06-28 14:20:10.000000000,BEST_BID,"JPM,99392,57"
2019-06-28 14:20:10.000000000,BEST_ASK,"JPM,100440,200"
2019-06-28 14:20:10.000000000,BEST_BID,"JPM,99392,57"
2019-06-28 14:20:10.000000000,BEST_ASK,"JPM,100440,200"
2019-06-28 14:20:10.000000000,BEST_BID,"JPM,99392,57"
2019-06-28 14:20:10.000000000,BEST_ASK,"JPM,100440,200"
2019-06-28 14:20:10.000000000,BEST_BID,"JPM,99392,57"
2019-06-28 14:20:10.000000000,BEST_ASK,"JPM,100440,256"
2019-06-28 14:20:10.000000000,BEST_BID,"JPM,99392,57"
2019-06-28 14:20:10.000000000,BEST_ASK,"JPM,100440,256"
2019-06-28 14:20:10.000000000,BEST_BID,"JPM,99392,57"
2019-06-28 14:20:10.000000000,BEST_ASK,"JPM,100440,256"
2019-06-28 14:20:10.000000000,BEST_BID,"JPM,99392,57"
2019-06-28 14:20:10.000000000,BEST_ASK,"JPM,100440,256"
2019-06-28 14:20:10.000000000,BEST_BID,"JPM,99392,57"
2019-06-28 14:20:10.000000000,BEST_ASK,"JPM,100440,256"
2019-06-28 14:20:17.944845013,QUERY_ORDER_STREAM,69
2019-06-28 14:20:17.944845013,QUERY_SPREAD,69
2019-06-28 14:20:20.000000000,QUERY_SPREAD,1
2019-06-28 14:20:20.000000000,BEST_BID,"JPM,99392,71"
2019-06-28 14:20:20.000000000,BEST_ASK,"JPM,100440,200"
2019-06-28 14:20:20.000000000,BEST_BID,"JPM,99392,71"
2019-06-28 14:20:20.000000000,BEST_ASK,"JPM,100440,200"
2019-06-28 14:20:20.000000000,BEST_BID,"JPM,99392,71"
2019-06-28 14:20:20.000000000,BEST_ASK,"JPM,100440,200"
2019-06-28 14:20:20.000000000,BEST_BID,"JPM,99392,71"
2019-06-28 14:20:20.000000000,BEST_ASK,"JPM,100440,200"
2019-06-28 14:20:20.000000000,BEST_BID,"JPM,99392,71"
2019-06-28 14:20:20.000000000,BEST_ASK,"JPM,100440,270"
2019-06-28 14:20:20.000000000,BEST_BID,"JPM,99392,71"
2019-06-28 14:20:20.000000000,BEST_ASK,"JPM,100440,270"
2019-06-28 14:20:20.000000000,BEST_BID,"JPM,99392,71"
2019-06-28 14:20:20.000000000,BEST_ASK,"JPM,100440,270"
2019-06-28 14:20:20.000000000,BEST_BID,"JPM,99392,71"
2019-06-28 14:20:20.000000000,BEST_ASK,"JPM,100440,270"
2019-06-28 14:20:21.446840101,QUERY_SPREAD,8
2019-06-28 14:20:21.446840101,BEST_BID,"JPM,99392,71"
2019-06-28 14:20:21.446840101,BEST_ASK,"JPM,100319,100"
2019-06-28 14:20:22.630132670,QUERY_ORDER_STREAM,53
2019-06-28 14:20:22.630132670,QUERY_SPREAD,53
2019-06-28 14:20:30.000000000,QUERY_SPREAD,1
2019-06-28 14:20:30.000000000,BEST_BID,"JPM,99392,281"
2019-06-28 14:20:30.000000000,BEST_ASK,"JPM,100319,100"
2019-06-28 14:20:30.000000000,BEST_BID,"JPM,99392,281"
2019-06-28 14:20:30.000000000,BEST_ASK,"JPM,100319,380"
2019-06-28 14:20:40.000000000,QUERY_SPREAD,1
2019-06-28 14:20:40.000000000,BEST_BID,"JPM,99392,141"
2019-06-28 14:20:40.000000000,BEST_ASK,"JPM,100319,100"
2019-06-28 14:20:40.000000000,BEST_BID,"JPM,99392,141"
2019-06-28 14:20:40.000000000,BEST_ASK,"JPM,100319,100"
2019-06-28 14:20:40.000000000,BEST_BID,"JPM,99392,141"
2019-06-28 14:20:40.000000000,BEST_ASK,"JPM,100319,240"
2019-06-28 14:20:40.000000000,BEST_BID,"JPM,99392,141"
2019-06-28 14:20:40.000000000,BEST_ASK,"JPM,100319,240"
2019-06-28 14:20:40.943357911,QUERY_SPREAD,47
2019-06-28 14:20:40.943357911,BEST_BID,"JPM,99392,141"
2019-06-28 14:20:40.943357911,BEST_ASK,"JPM,100241,100"
2019-06-28 14:20:44.118055100,QUERY_ORDER_STREAM,67
2019-06-28 14:20:44.118055100,QUERY_SPREAD,67
2019-06-28 14:20:50.000000000,QUERY_SPREAD,1
2019-06-28 14:20:50.000000000,BEST_BID,"JPM,99392,96"
2019-06-28 14:20:50.000000000,BEST_ASK,"JPM,100241,100"
2019-06-28 14:20:50.000000000,BEST_BID,"JPM,99392,96"
2019-06-28 14:20:50.000000000,BEST_ASK,"JPM,100241,100"
2019-06-28 14:20:50.000000000,BEST_BID,"JPM,99392,96"
2019-06-28 14:20:50.000000000,BEST_ASK,"JPM,100241,100"
2019-06-28 14:20:50.000000000,BEST_BID,"JPM,99392,96"
2019-06-28 14:20:50.000000000,BEST_ASK,"JPM,100241,195"
2019-06-28 14:20:50.000000000,BEST_BID,"JPM,99392,96"
2019-06-28 14:20:50.000000000,BEST_ASK,"JPM,100241,195"
2019-06-28 14:20:50.000000000,BEST_BID,"JPM,99392,96"
2019-06-28 14:20:50.000000000,BEST_ASK,"JPM,100241,195"
2019-06-28 14:21:00.000000000,QUERY_SPREAD,1
2019-06-28 14:21:00.000000000,BEST_BID,"JPM,99392,281"
2019-06-28 14:21:00.000000000,BEST_ASK,"JPM,100241,100"
2019-06-28 14:21:00.000000000,BEST_BID,"JPM,99392,281"
2019-06-28 14:21:00.000000000,BEST_ASK,"JPM,100241,380"
2019-06-28 14:21:00.000000000,QUERY_SPREAD,77
2019-06-28 14:21:00.000000000,BEST_BID,"JPM,99392,280"
2019-06-28 14:21:00.000000000,BEST_ASK,"JPM,100241,380"
2019-06-28 14:21:00.000000000,LAST_TRADE,"1,$99392.0000"
2019-06-28 14:21:00.000000000,QUERY_SPREAD,78
2019-06-28 14:21:00.000000000,BEST_BID,"JPM,99392,276"
2019-06-28 14:21:00.000000000,BEST_ASK,"JPM,100241,380"
2019-06-28 14:21:00.000000000,LAST_TRADE,"4,$99392.0000"
2019-06-28 14:21:00.000000000,QUERY_SPREAD,79
2019-06-28 14:21:00.000000000,BEST_BID,"JPM,99392,270"
2019-06-28 14:21:00.000000000,BEST_ASK,"JPM,100241,380"
2019-06-28 14:21:00.000000000,LAST_TRADE,"6,$99392.0000"
2019-06-28 14:21:00.000000000,QUERY_SPREAD,80
2019-06-28 14:21:00.000000000,BEST_BID,"JPM,99392,265"
2019-06-28 14:21:00.000000000,BEST_ASK,"JPM,100241,380"
2019-06-28 14:21:00.000000000,LAST_TRADE,"5,$99392.0000"
2019-06-28 14:21:00.000000000,QUERY_SPREAD,81
2019-06-28 14:21:00.000000000,BEST_BID,"JPM,99392,257"
2019-06-28 14:21:00.000000000,BEST_ASK,"JPM,100241,380"
2019-06-28 14:21:00.000000000,LAST_TRADE,"8,$99392.0000"
2019-06-28 14:21:00.000000000,QUERY_SPREAD,82
2019-06-28 14:21:00.000000000,BEST_BID,"JPM,99392,249"
2019-06-28 14:21:00.000000000,BEST_ASK,"JPM,100241,380"
2019-06-28 14:21:00.000000000,LAST_TRADE,"8,$99392.0000"
2019-06-28 14:21:00.000000000,QUERY_SPREAD,83
2019-06-28 14:21:00.000000000,BEST_BID,"JPM,99392,247"
2019-06-28 14:21:00.000000000,BEST_ASK,"JPM,100241,380"
2019-06-28 14:21:00.000000000,LAST_TRADE,"2,$99392.0000"
2019-06-28 14:21:00.000000000,QUERY_SPREAD,84
2019-06-28 14:21:00.000000000,BEST_BID,"JPM,99392,246"
2019-06-28 14:21:00.000000000,BEST_ASK,"JPM,100241,380"
2019-06-28 14:21:00.000000000,LAST_TRADE,"1,$99392.0000"
2019-06-28 14:21:00.000000000,QUERY_SPREAD,85
2019-06-28 14:21:00.000000000,BEST_BID,"JPM,99392,245"
2019-06-28 14:21:00.000000000,BEST_ASK,"JPM,100241,380"
2019-06-28 14:21:00.000000000,LAST_TRADE,"1,$99392.0000"
2019-06-28 14:21:00.000000000,QUERY_SPREAD,86
2019-06-28 14:21:00.000000000,BEST_BID,"JPM,99392,239"
2019-06-28 14:21:00.000000000,BEST_ASK,"JPM,100241,380"
2019-06-28 14:21:00.000000000,LAST_TRADE,"6,$99392.0000"
2019-06-28 14:21:00.000000000,QUERY_SPREAD,87
2019-06-28 14:21:00.000000000,BEST_BID,"JPM,99392,236"
2019-06-28 14:21:00.000000000,BEST_ASK,"JPM,100241,380"
2019-06-28 14:21:00.000000000,LAST_TRADE,"3,$99392.0000"
2019-06-28 14:21:00.000000000,QUERY_SPREAD,88
2019-06-28 14:21:00.000000000,BEST_BID,"JPM,99392,232"
2019-06-28 14:21:00.000000000,BEST_ASK,"JPM,100241,380"
2019-06-28 14:21:00.000000000,LAST_TRADE,"4,$99392.0000"
2019-06-28 14:21:00.000000000,QUERY_SPREAD,89
2019-06-28 14:21:00.000000000,BEST_BID,"JPM,99392,228"
2019-06-28 14:21:00.000000000,BEST_ASK,"JPM,100241,380"
2019-06-28 14:21:00.000000000,LAST_TRADE,"4,$99392.0000"
2019-06-28 14:21:00.000000000,QUERY_SPREAD,90
2019-06-28 14:21:00.000000000,BEST_BID,"JPM,99392,221"
2019-06-28 14:21:00.000000000,BEST_ASK,"JPM,100241,380"
2019-06-28 14:21:00.000000000,LAST_TRADE,"7,$99392.0000"
2019-06-28 14:21:00.000000000,QUERY_SPREAD,91
2019-06-28 14:21:00.000000000,BEST_BID,"JPM,99392,213"
2019-06-28 14:21:00.000000000,BEST_ASK,"JPM,100241,380"
2019-06-28 14:21:00.000000000,LAST_TRADE,"8,$99392.0000"
2019-06-28 14:21:00.000000000,QUERY_SPREAD,92
2019-06-28 14:21:00.000000000,BEST_BID,"JPM,99392,208"
2019-06-28 14:21:00.000000000,BEST_ASK,"JPM,100241,380"
2019-06-28 14:21:00.000000000,LAST_TRADE,"5,$99392.0000"
2019-06-28 14:21:00.000000000,QUERY_SPREAD,93
2019-06-28 14:21:00.000000000,BEST_BID,"JPM,99392,205"
2019-06-28 14:21:00.000000000,BEST_ASK,"JPM,100241,380"
2019-06-28 14:21:00.000000000,LAST_TRADE,"3,$99392.0000"
2019-06-28 14:21:00.000000000,QUERY_SPREAD,94
2019-06-28 14:21:00.000000000,BEST_BID,"JPM,99392,201"
2019-06-28 14:21:00.000000000,BEST_ASK,"JPM,100241,380"
2019-06-28 14:21:00.000000000,LAST_TRADE,"4,$99392.0000"
2019-06-28 14:21:00.000000000,QUERY_SPREAD,95
2019-06-28 14:21:00.000000000,BEST_BID,"JPM,99392,196"
2019-06-28 14:21:00.000000000,BEST_ASK,"JPM,100241,380"
2019-06-28 14:21:00.000000000,LAST_TRADE,"5,$99392.0000"
2019-06-28 14:21:00.000000000,QUERY_SPREAD,96
2019-06-28 14:21:00.000000000,BEST_BID,"JPM,99392,195"
2019-06-28 14:21:00.000000000,BEST_ASK,"JPM,100241,380"
2019-06-28 14:21:00.000000000,LAST_TRADE,"1,$99392.0000"
2019-06-28 14:21:00.000000000,QUERY_SPREAD,97
2019-06-28 14:21:00.000000000,BEST_BID,"JPM,99392,188"
2019-06-28 14:21:00.000000000,BEST_ASK,"JPM,100241,380"
2019-06-28 14:21:00.000000000,LAST_TRADE,"7,$99392.0000"
2019-06-28 14:21:00.000000000,QUERY_SPREAD,98
2019-06-28 14:21:00.000000000,BEST_BID,"JPM,99392,182"
2019-06-28 14:21:00.000000000,BEST_ASK,"JPM,100241,380"
2019-06-28 14:21:00.000000000,LAST_TRADE,"6,$99392.0000"
2019-06-28 14:21:00.000000000,QUERY_SPREAD,99
2019-06-28 14:21:00.000000000,BEST_BID,"JPM,99392,177"
2019-06-28 14:21:00.000000000,BEST_ASK,"JPM,100241,380"
2019-06-28 14:21:00.000000000,LAST_TRADE,"5,$99392.0000"
2019-06-28 14:21:00.000000000,QUERY_SPREAD,100
2019-06-28 14:21:00.000000000,BEST_BID,"JPM,99392,170"
2019-06-28 14:21:00.000000000,BEST_ASK,"JPM,100241,380"
2019-06-28 14:21:00.000000000,LAST_TRADE,"7,$99392.0000"
2019-06-28 14:21:00.000000000,QUERY_SPREAD,101
2019-06-28 14:21:00.000000000,QUERY_ORDER_STREAM,101
2019-06-28 14:21:06.604684075,QUERY_SPREAD,37
2019-06-28 14:21:06.604684075,BEST_BID,"JPM,99392,170"
2019-06-28 14:21:06.604684075,BEST_ASK,"JPM,100241,380"
2019-06-28 14:21:10.000000000,QUERY_SPREAD,1
2019-06-28 14:21:10.000000000,BEST_BID,"JPM,99252,156"
2019-06-28 14:21:10.000000000,BEST_ASK,"JPM,100241,100"
2019-06-28 14:21:10.000000000,BEST_BID,"JPM,99252,156"
2019-06-28 14:21:10.000000000,BEST_ASK,"JPM,100241,100"
2019-06-28 14:21:10.000000000,BEST_BID,"JPM,99252,156"
2019-06-28 14:21:10.000000000,BEST_ASK,"JPM,100241,100"
2019-06-28 14:21:10.000000000,BEST_BID,"JPM,99252,156"
2019-06-28 14:21:10.000000000,BEST_ASK,"JPM,100241,156"
2019-06-28 14:21:10.000000000,BEST_BID,"JPM,99252,156"
2019-06-28 14:21:10.000000000,BEST_ASK,"JPM,100241,156"
2019-06-28 14:21:10.000000000,BEST_BID,"JPM,99252,156"
2019-06-28 14:21:10.000000000,BEST_ASK,"JPM,100241,156"
2019-06-28 14:21:10.000000000,BEST_BID,"JPM,99252,156"
2019-06-28 14:21:10.000000000,BEST_ASK,"JPM,100241,156"
2019-06-28 14:21:10.000000000,BEST_BID,"JPM,99252,156"
2019-06-28 14:21:10.000000000,BEST_ASK,"JPM,100241,156"
2019-06-28 14:21:20.000000000,QUERY_SPREAD,1
2019-06-28 14:21:20.000000000,BEST_BID,"JPM,99252,380"
2019-06-28 14:21:20.000000000,BEST_ASK,"JPM,100241,100"
2019-06-28 14:21:20.000000000,BEST_BID,"JPM,99252,380"
2019-06-28 14:21:20.000000000,BEST_ASK,"JPM,100241,380"
2019-06-28 14:21:20.339338950,QUERY_SPREAD,41
2019-06-28 14:21:20.339338950,BEST_BID,"JPM,99252,380"
2019-06-28 14:21:20.339338950,BEST_ASK,"JPM,100241,380"
2019-06-28 14:21:21.602247289,QUERY_SPREAD,34
2019-06-28 14:21:21.602247289,BEST_BID,"JPM,99252,380"
2019-06-28 14:21:21.602247289,BEST_ASK,"JPM,100241,380"
2019-06-28 14:21:30.000000000,QUERY_SPREAD,1
2019-06-28 14:21:30.000000000,BEST_BID,"JPM,99252,240"
2019-06-28 14:21:30.000000000,BEST_ASK,"JPM,100241,100"
2019-06-28 14:21:30.000000000,BEST_BID,"JPM,99252,240"
2019-06-28 14:21:30.000000000,BEST_ASK,"JPM,100241,100"
2019-06-28 14:21:30.000000000,BEST_BID,"JPM,99252,240"
2019-06-28 14:21:30.000000000,BEST_ASK,"JPM,100241,240"
2019-06-28 14:21:30.000000000,BEST_BID,"JPM,99252,240"
2019-06-28 14:21:30.000000000,BEST_ASK,"JPM,100241,240"
2019-06-28 14:21:40.000000000,QUERY_SPREAD,1
2019-06-28 14:21:40.000000000,BEST_BID,"JPM,99252,156"
2019-06-28 14:21:40.000000000,BEST_ASK,"JPM,100241,100"
2019-06-28 14:21:40.000000000,BEST_BID,"JPM,99252,156"
2019-06-28 14:21:40.000000000,BEST_ASK,"JPM,100241,100"
2019-06-28 14:21:40.000000000,BEST_BID,"JPM,99252,156"
2019-06-28 14:21:40.000000000,BEST_ASK,"JPM,100241,100"
2019-06-28 14:21:40.000000000,BEST_BID,"JPM,99252,156"
2019-06-28 14:21:40.000000000,BEST_ASK,"JPM,100241,156"
2019-06-28 14:21:40.000000000,BEST_BID,"JPM,99252,156"
2019-06-28 14:21:40.000000000,BEST_ASK,"JPM,100241,156"
2019-06-28 14:21:40.000000000,BEST_BID,"JPM,99252,156"
2019-06-28 14:21:40.000000000,BEST_ASK,"JPM,100241,156"
2019-06-28 14:21:40.000000000,BEST_BID,"JPM,99252,156"
2019-06-28 14:21:40.000000000,BEST_ASK,"JPM,100241,156"
2019-06-28 14:21:40.000000000,BEST_BID,"JPM,99252,156"
2019-06-28 14:21:40.000000000,BEST_ASK,"JPM,100241,156"
2019-06-28 14:21:41.735256177,QUERY_ORDER_STREAM,59
2019-06-28 14:21:41.735256177,QUERY_SPREAD,59
2019-06-28 14:21:50.000000000,QUERY_SPREAD,1
2019-06-28 14:21:50.000000000,BEST_BID,"JPM,99252,240"
2019-06-28 14:21:50.000000000,BEST_ASK,"JPM,100241,100"
2019-06-28 14:21:50.000000000,BEST_BID,"JPM,99252,240"
2019-06-28 14:21:50.000000000,BEST_ASK,"JPM,100241,100"
2019-06-28 14:21:50.000000000,BEST_BID,"JPM,99252,240"
2019-06-28 14:21:50.000000000,BEST_ASK,"JPM,100241,240"
2019-06-28 14:21:50.000000000,BEST_BID,"JPM,99252,240"
2019-06-28 14:21:50.000000000,BEST_ASK,"JPM,100241,240"
2019-06-28 14:22:00.000000000,QUERY_SPREAD,1
2019-06-28 14:22:00.000000000,BEST_BID,"JPM,99252,240"
2019-06-28 14:22:00.000000000,BEST_ASK,"JPM,100241,100"
2019-06-28 14:22:00.000000000,BEST_BID,"JPM,99252,240"
2019-06-28 14:22:00.000000000,BEST_ASK,"JPM,100241,100"
2019-06-28 14:22:00.000000000,BEST_BID,"JPM,99252,240"
2019-06-28 14:22:00.000000000,BEST_ASK,"JPM,100241,240"
2019-06-28 14:22:00.000000000,BEST_BID,"JPM,99252,240"
2019-06-28 14:22:00.000000000,BEST_ASK,"JPM,100241,240"
2019-06-28 14:22:00.000000000,QUERY_SPREAD,77
2019-06-28 14:22:00.000000000,BEST_BID,"JPM,99252,239"
2019-06-28 14:22:00.000000000,BEST_ASK,"JPM,100241,240"
2019-06-28 14:22:00.000000000,LAST_TRADE,"1,$99252.0000"
2019-06-28 14:22:00.000000000,QUERY_SPREAD,78
2019-06-28 14:22:00.000000000,BEST_BID,"JPM,99252,235"
2019-06-28 14:22:00.000000000,BEST_ASK,"JPM,100241,240"
2019-06-28 14:22:00.000000000,LAST_TRADE,"4,$99252.0000"
2019-06-28 14:22:00.000000000,QUERY_SPREAD,79
2019-06-28 14:22:00.000000000,BEST_BID,"JPM,99252,229"
2019-06-28 14:22:00.000000000,BEST_ASK,"JPM,100241,240"
2019-06-28 14:22:00.000000000,LAST_TRADE,"6,$99252.0000"
2019-06-28 14:22:00.000000000,QUERY_SPREAD,80
2019-06-28 14:22:00.000000000,BEST_BID,"JPM,99252,224"
2019-06-28 14:22:00.000000000,BEST_ASK,"JPM,100241,240"
2019-06-28 14:22:00.000000000,LAST_TRADE,"5,$99252.0000"
2019-06-28 14:22:00.000000000,QUERY_SPREAD,81
2019-06-28 14:22:00.000000000,BEST_BID,"JPM,99252,216"
2019-06-28 14:22:00.000000000,BEST_ASK,"JPM,100241,240"
2019-06-28 14:22:00.000000000,LAST_TRADE,"8,$99252.0000"
2019-06-28 14:22:00.000000000,QUERY_SPREAD,82
2019-06-28 14:22:00.000000000,BEST_BID,"JPM,99252,208"
2019-06-28 14:22:00.000000000,BEST_ASK,"JPM,100241,240"
2019-06-28 14:22:00.000000000,LAST_TRADE,"8,$99252.0000"
2019-06-28 14:22:00.000000000,QUERY_SPREAD,83
2019-06-28 14:22:00.000000000,BEST_BID,"JPM,99252,206"
2019-06-28 14:22:00.000000000,BEST_ASK,"JPM,100241,240"
2019-06-28 14:22:00.000000000,LAST_TRADE,"2,$99252.0000"
2019-06-28 14:22:00.000000000,QUERY_SPREAD,84
2019-06-28 14:22:00.000000000,BEST_BID,"JPM,99252,205"
2019-06-28 14:22:00.000000000,BEST_ASK,"JPM,100241,240"
2019-06-28 14:22:00.000000000,LAST_TRADE,"1,$99252.0000"
2019-06-28 14:22:00.000000000,QUERY_SPREAD,85
2019-06-28 14:22:00.000000000,BEST_BID,"JPM,99252,204"
2019-06-28 14:22:00.000000000,BEST_ASK,"JPM,100241,240"
2019-06-28 14:22:00.000000000,LAST_TRADE,"1,$99252.0000"
2019-06-28 14:22:00.000000000,QUERY_SPREAD,86
2019-06-28 14:22:00.000000000,BEST_BID,"JPM,99252,198"
2019-06-28 14:22:00.000000000,BEST_ASK,"JPM,100241,240"
2019-06-28 14:22:00.000000000,LAST_TRADE,"6,$99252.0000"
2019-06-28 14:22:00.000000000,QUERY_SPREAD,87
2019-06-28 14:22:00.000000000,BEST_BID,"JPM,99252,195"
2019-06-28 14:22:00.000000000,BEST_ASK,"JPM,100241,240"
2019-06-28 14:22:00.000000000,LAST_TRADE,"3,$99252.0000"
2019-06-28 14:22:00.000000000,QUERY_SPREAD,88
2019-06-28 14:22:00.000000000,BEST_BID,"JPM,99252,191"
2019-06-28 14:22:00.000000000,BEST_ASK,"JPM,100241,240"
2019-06-28 14:22:00.000000000,LAST_TRADE,"4,$99252.0000"
2019-06-28 14:22:00.000000000,QUERY_SPREAD,89
2019-06-28 14:22:00.000000000,BEST_BID,"JPM,99252,187"
2019-06-28 14:22:00.000000000,BEST_ASK,"JPM,100241,240"
2019-06-28 14:22:00.000000000,LAST_TRADE,"4,$99252.0000"
2019-06-28 14:22:00.000000000,QUERY_SPREAD,90
2019-06-28 14:22:00.000000000,BEST_BID,"JPM,99252,180"
2019-06-28 14:22:00.000000000,BEST_ASK,"JPM,100241,240"
2019-06-28 14:22:00.000000000,LAST_TRADE,"7,$99252.0000"
2019-06-28 14:22:00.000000000,QUERY_SPREAD,91
2019-06-28 14:22:00.000000000,BEST_BID,"JPM,99252,172"
2019-06-28 14:22:00.000000000,BEST_ASK,"JPM,100241,240"
2019-06-28 14:22:00.000000000,LAST_TRADE,"8,$99252.0000"
2019-06-28 14:22:00.000000000,QUERY_SPREAD,92
2019-06-28 14:22:00.000000000,BEST_BID,"JPM,99252,167"
2019-06-28 14:22:00.000000000,BEST_ASK,"JPM,100241,240"
2019-06-28 14:22:00.000000000,LAST_TRADE,"5,$99252.0000"
2019-06-28 14:22:00.000000000,QUERY_SPREAD,93
2019-06-28 14:22:00.000000000,BEST_BID,"JPM,99252,164"
2019-06-28 14:22:00.000000000,BEST_ASK,"JPM,100241,240"
2019-06-28 14:22:00.000000000,LAST_TRADE,"3,$99252.0000"
2019-06-28 14:22:00.000000000,QUERY_SPREAD,94
2019-06-28 14:22:00.000000000,BEST_BID,"JPM,99252,160"
2019-06-28 14:22:00.000000000,BEST_ASK,"JPM,100241,240"
2019-06-28 14:22:00.000000000,LAST_TRADE,"4,$99252.0000"
2019-06-28 14:22:00.000000000,QUERY_SPREAD,95
2019-06-28 14:22:00.000000000,BEST_BID,"JPM,99252,155"
2019-06-28 14:22:00.000000000,BEST_ASK,"JPM,100241,240"
2019-06-28 14:22:00.000000000,LAST_TRADE,"5,$99252.0000"
2019-06-28 14:22:00.000000000,QUERY_SPREAD,96
2019-06-28 14:22:00.000000000,BEST_BID,"JPM,99252,154"
2019-06-28 14:22:00.000000000,BEST_ASK,"JPM,100241,240"
2019-06-28 14:22:00.000000000,LAST_TRADE,"1,$99252.0000"
2019-06-28 14:22:00.000000000,QUERY_SPREAD,97
2019-06-28 14:22:00.000000000,BEST_BID,"JPM,99252,147"
2019-06-28 14:22:00.000000000,BEST_ASK,"JPM,100241,240"
2019-06-28 14:22:00.000000000,LAST_TRADE,"7,$99252.0000"
2019-06-28 14:22:00.000000000,QUERY_SPREAD,98
2019-06-28 14:22:00.000000000,BEST_BID,"JPM,99252,141"
2019-06-28 14:22:00.000000000,BEST_ASK,"JPM,100241,240"
2019-06-28 14:22:00.000000000,LAST_TRADE,"6,$99252.0000"
2019-06-28 14:22:00.000000000,QUERY_SPREAD,99
2019-06-28 14:22:00.000000000,BEST_BID,"JPM,99252,136"
2019-06-28 14:22:00.000000000,BEST_ASK,"JPM,100241,240"
2019-06-28 14:22:00.000000000,LAST_TRADE,"5,$99252.0000"
2019-06-28 14:22:00.000000000,QUERY_SPREAD,100
2019-06-28 14:22:00.000000000,BEST_BID,"JPM,99252,129"
2019-06-28 14:22:00.000000000,BEST_ASK,"JPM,100241,240"
2019-06-28 14:22:00.000000000,LAST_TRADE,"7,$99252.0000"
2019-06-28 14:22:00.000000000,QUERY_SPREAD,101
2019-06-28 14:22:00.000000000,QUERY_ORDER_STREAM,101
2019-06-28 14:22:08.816060301,QUERY_SPREAD,15
2019-06-28 14:22:08.816060301,BEST_BID,"JPM,99252,129"
2019-06-28 14:22:08.816060301,BEST_ASK,"JPM,100241,140"
2019-06-28 14:22:08.816060301,LAST_TRADE,"100,$100241.0000"
2019-06-28 14:22:10.000000000,QUERY_SPREAD,1
2019-06-28 14:22:10.000000000,BEST_BID,"JPM,98983,141"
2019-06-28 14:22:10.000000000,BEST_ASK,"JPM,100319,100"
2019-06-28 14:22:10.000000000,BEST_BID,"JPM,98983,141"
2019-06-28 14:22:10.000000000,BEST_ASK,"JPM,100319,100"
2019-06-28 14:22:10.000000000,BEST_BID,"JPM,98983,141"
2019-06-28 14:22:10.000000000,BEST_ASK,"JPM,100319,240"
2019-06-28 14:22:10.000000000,BEST_BID,"JPM,98983,141"
2019-06-28 14:22:10.000000000,BEST_ASK,"JPM,100319,240"
2019-06-28 14:22:17.217006088,QUERY_SPREAD,16
2019-06-28 14:22:17.217006088,BEST_BID,"JPM,98983,141"
2019-06-28 14:22:17.217006088,BEST_ASK,"JPM,100319,240"
2019-06-28 14:22:20.000000000,QUERY_SPREAD,1
2019-06-28 14:22:20.000000000,BEST_BID,"JPM,98983,141"
2019-06-28 14:22:20.000000000,BEST_ASK,"JPM,100319,100"
2019-06-28 14:22:20.000000000,BEST_BID,"JPM,98983,141"
2019-06-28 14:22:20.000000000,BEST_ASK,"JPM,100319,100"
2019-06-28 14:22:20.000000000,BEST_BID,"JPM,98983,141"
2019-06-28 14:22:20.000000000,BEST_ASK,"JPM,100319,240"
2019-06-28 14:22:20.000000000,BEST_BID,"JPM,98983,141"
2019-06-28 14:22:20.000000000,BEST_ASK,"JPM,100319,240"
2019-06-28 14:22:27.156040158,QUERY_ORDER_STREAM,56
2019-06-28 14:22:27.156040158,QUERY_SPREAD,56
2019-06-28 14:22:27.156040158,BEST_BID,"JPM,99252,100"
2019-06-28 14:22:27.156040158,BEST_ASK,"JPM,100319,240"
2019-06-28 14:22:30.000000000,QUERY_SPREAD,1
2019-06-28 14:22:30.000000000,BEST_BID,"JPM,99252,240"
2019-06-28 14:22:30.000000000,BEST_ASK,"JPM,100319,100"
2019-06-28 14:22:30.000000000,BEST_BID,"JPM,99252,240"
2019-06-28 14:22:30.000000000,BEST_ASK,"JPM,100319,100"
2019-06-28 14:22:30.000000000,BEST_BID,"JPM,99252,240"
2019-06-28 14:22:30.000000000,BEST_ASK,"JPM,100319,240"
2019-06-28 14:22:30.000000000,BEST_BID,"JPM,99252,240"
2019-06-28 14:22:30.000000000,BEST_ASK,"JPM,100319,240"
2019-06-28 14:22:40.000000000,QUERY_SPREAD,1
2019-06-28 14:22:40.000000000,BEST_BID,"JPM,99252,195"
2019-06-28 14:22:40.000000000,BEST_ASK,"JPM,100319,100"
2019-06-28 14:22:40.000000000,BEST_BID,"JPM,99252,195"
2019-06-28 14:22:40.000000000,BEST_ASK,"JPM,100319,100"
2019-06-28 14:22:40.000000000,BEST_BID,"JPM,99252,195"
2019-06-28 14:22:40.000000000,BEST_ASK,"JPM,100319,100"
2019-06-28 14:22:40.000000000,BEST_BID,"JPM,99252,195"
2019-06-28 14:22:40.000000000,BEST_ASK,"JPM,100319,195"
2019-06-28 14:22:40.000000000,BEST_BID,"JPM,99252,195"
2019-06-28 14:22:40.000000000,BEST_ASK,"JPM,100319,195"
2019-06-28 14:22:40.000000000,BEST_BID,"JPM,99252,195"
2019-06-28 14:22:40.000000000,BEST_ASK,"JPM,100319,195"
2019-06-28 14:22:40.247574411,QUERY_SPREAD,48
2019-06-28 14:22:40.247574411,BEST_BID,"JPM,100270,100"
2019-06-28 14:22:40.247574411,BEST_ASK,"JPM,100319,195"
2019-06-28 14:22:50.000000000,QUERY_SPREAD,1
2019-06-28 14:22:50.000000000,BEST_BID,"JPM,100270,170"
2019-06-28 14:22:50.000000000,BEST_ASK,"JPM,100319,100"
2019-06-28 14:22:50.000000000,BEST_BID,"JPM,100270,170"
2019-06-28 14:22:50.000000000,BEST_ASK,"JPM,100319,100"
2019-06-28 14:22:50.000000000,BEST_BID,"JPM,100270,170"
2019-06-28 14:22:50.000000000,BEST_ASK,"JPM,100319,100"
2019-06-28 14:22:50.000000000,BEST_BID,"JPM,100270,170"
2019-06-28 14:22:50.000000000,BEST_ASK,"JPM,100319,100"
2019-06-28 14:22:50.000000000,BEST_BID,"JPM,100270,170"
2019-06-28 14:22:50.000000000,BEST_ASK,"JPM,100319,170"
2019-06-28 14:22:50.000000000,BEST_BID,"JPM,100270,170"
2019-06-28 14:22:50.000000000,BEST_ASK,"JPM,100319,170"
2019-06-28 14:22:50.000000000,BEST_BID,"JPM,100270,170"
2019-06-28 14:22:50.000000000,BEST_ASK,"JPM,100319,170"
2019-06-28 14:22:50.000000000,BEST_BID,"JPM,100270,170"
2019-06-28 14:22:50.000000000,BEST_ASK,"JPM,100319,170"
2019-06-28 14:22:55.458415338,QUERY_SPREAD,14
2019-06-28 14:22:55.458415338,BEST_BID,"JPM,100270,170"
2019-06-28 14:22:55.458415338,BEST_ASK,"JPM,100319,170"
2019-06-28 14:23:00.000000000,QUERY_SPREAD,1
2019-06-28 14:23:00.000000000,BEST_BID,"JPM,100270,380"
2019-06-28 14:23:00.000000000,BEST_ASK,"JPM,100319,100"
2019-06-28 14:23:00.000000000,BEST_BID,"JPM,100270,380"
2019-06-28 14:23:00.000000000,BEST_ASK,"JPM,100319,380"
2019-06-28 14:23:00.000000000,QUERY_SPREAD,77
2019-06-28 14:23:00.000000000,BEST_BID,"JPM,100270,379"
2019-06-28 14:23:00.000000000,BEST_ASK,"JPM,100319,380"
2019-06-28 14:23:00.000000000,LAST_TRADE,"1,$100270.0000"
2019-06-28 14:23:00.000000000,QUERY_SPREAD,78
2019-06-28 14:23:00.000000000,BEST_BID,"JPM,100270,375"
2019-06-28 14:23:00.000000000,BEST_ASK,"JPM,100319,380"
2019-06-28 14:23:00.000000000,LAST_TRADE,"4,$100270.0000"
2019-06-28 14:23:00.000000000,QUERY_SPREAD,79
2019-06-28 14:23:00.000000000,BEST_BID,"JPM,100270,369"
2019-06-28 14:23:00.000000000,BEST_ASK,"JPM,100319,380"
2019-06-28 14:23:00.000000000,LAST_TRADE,"6,$100270.0000"
2019-06-28 14:23:00.000000000,QUERY_SPREAD,80
2019-06-28 14:23:00.000000000,BEST_BID,"JPM,100270,364"
2019-06-28 14:23:00.000000000,BEST_ASK,"JPM,100319,380"
2019-06-28 14:23:00.000000000,LAST_TRADE,"5,$100270.0000"
2019-06-28 14:23:00.000000000,QUERY_SPREAD,81
2019-06-28 14:23:00.000000000,BEST_BID,"JPM,100270,356"
2019-06-28 14:23:00.000000000,BEST_ASK,"JPM,100319,380"
2019-06-28 14:23:00.000000000,LAST_TRADE,"8,$100270.0000"
2019-06-28 14:23:00.000000000,QUERY_SPREAD,82
2019-06-28 14:23:00.000000000,BEST_BID,"JPM,100270,348"
2019-06-28 14:23:00.000000000,BEST_ASK,"JPM,100319,380"
2019-06-28 14:23:00.000000000,LAST_TRADE,"8,$100270.0000"
2019-06-28 14:23:00.000000000,QUERY_SPREAD,83
2019-06-28 14:23:00.000000000,BEST_BID,"JPM,100270,346"
2019-06-28 14:23:00.000000000,BEST_ASK,"JPM,100319,380"
2019-06-28 14:23:00.000000000,LAST_TRADE,"2,$100270.0000"
2019-06-28 14:23:00.000000000,QUERY_SPREAD,84
2019-06-28 14:23:00.000000000,BEST_BID,"JPM,100270,345"
2019-06-28 14:23:00.000000000,BEST_ASK,"JPM,100319,380"
2019-06-28 14:23:00.000000000,LAST_TRADE,"1,$100270.0000"
2019-06-28 14:23:00.000000000,QUERY_SPREAD,85
2019-06-28 14:23:00.000000000,BEST_BID,"JPM,100270,344"
2019-06-28 14:23:00.000000000,BEST_ASK,"JPM,100319,380"
2019-06-28 14:23:00.000000000,LAST_TRADE,"1,$100270.0000"
2019-06-28 14:23:00.000000000,QUERY_SPREAD,86
2019-06-28 14:23:00.000000000,BEST_BID,"JPM,100270,338"
2019-06-28 14:23:00.000000000,BEST_ASK,"JPM,100319,380"
2019-06-28 14:23:00.000000000,LAST_TRADE,"6,$100270.0000"
2019-06-28 14:23:00.000000000,QUERY_SPREAD,87
2019-06-28 14:23:00.000000000,BEST_BID,"JPM,100270,335"
2019-06-28 14:23:00.000000000,BEST_ASK,"JPM,100319,380"
2019-06-28 14:23:00.000000000,LAST_TRADE,"3,$100270.0000"
2019-06-28 14:23:00.000000000,QUERY_SPREAD,88
2019-06-28 14:23:00.000000000,BEST_BID,"JPM,100270,331"
2019-06-28 14:23:00.000000000,BEST_ASK,"JPM,100319,380"
2019-06-28 14:23:00.000000000,LAST_TRADE,"4,$100270.0000"
2019-06-28 14:23:00.000000000,QUERY_SPREAD,89
2019-06-28 14:23:00.000000000,BEST_BID,"JPM,100270,327"
2019-06-28 14:23:00.000000000,BEST_ASK,"JPM,100319,380"
2019-06-28 14:23:00.000000000,LAST_TRADE,"4,$100270.0000"
2019-06-28 14:23:00.000000000,QUERY_SPREAD,90
2019-06-28 14:23:00.000000000,BEST_BID,"JPM,100270,320"
2019-06-28 14:23:00.000000000,BEST_ASK,"JPM,100319,380"
2019-06-28 14:23:00.000000000,LAST_TRADE,"7,$100270.0000"
2019-06-28 14:23:00.000000000,QUERY_SPREAD,91
2019-06-28 14:23:00.000000000,BEST_BID,"JPM,100270,312"
2019-06-28 14:23:00.000000000,BEST_ASK,"JPM,100319,380"
2019-06-28 14:23:00.000000000,LAST_TRADE,"8,$100270.0000"
2019-06-28 14:23:00.000000000,QUERY_SPREAD,92
2019-06-28 14:23:00.000000000,BEST_BID,"JPM,100270,307"
2019-06-28 14:23:00.000000000,BEST_ASK,"JPM,100319,380"
2019-06-28 14:23:00.000000000,LAST_TRADE,"5,$100270.0000"
2019-06-28 14:23:00.000000000,QUERY_SPREAD,93
2019-06-28 14:23:00.000000000,BEST_BID,"JPM,100270,304"
2019-06-28 14:23:00.000000000,BEST_ASK,"JPM,100319,380"
2019-06-28 14:23:00.000000000,LAST_TRADE,"3,$100270.0000"
2019-06-28 14:23:00.000000000,QUERY_SPREAD,94
2019-06-28 14:23:00.000000000,BEST_BID,"JPM,100270,300"
2019-06-28 14:23:00.000000000,BEST_ASK,"JPM,100319,380"
2019-06-28 14:23:00.000000000,LAST_TRADE,"4,$100270.0000"
2019-06-28 14:23:00.000000000,QUERY_SPREAD,95
2019-06-28 14:23:00.000000000,BEST_BID,"JPM,100270,295"
2019-06-28 14:23:00.000000000,BEST_ASK,"JPM,100319,380"
2019-06-28 14:23:00.000000000,LAST_TRADE,"5,$100270.0000"
2019-06-28 14:23:00.000000000,QUERY_SPREAD,96
2019-06-28 14:23:00.000000000,BEST_BID,"JPM,100270,294"
2019-06-28 14:23:00.000000000,BEST_ASK,"JPM,100319,380"
2019-06-28 14:23:00.000000000,LAST_TRADE,"1,$100270.0000"
2019-06-28 14:23:00.000000000,QUERY_SPREAD,97
2019-06-28 14:23:00.000000000,BEST_BID,"JPM,100270,287"
2019-06-28 14:23:00.000000000,BEST_ASK,"JPM,100319,380"
2019-06-28 14:23:00.000000000,LAST_TRADE,"7,$100270.0000"
2019-06-28 14:23:00.000000000,QUERY_SPREAD,98
2019-06-28 14:23:00.000000000,BEST_BID,"JPM,100270,281"
2019-06-28 14:23:00.000000000,BEST_ASK,"JPM,100319,380"
2019-06-28 14:23:00.000000000,LAST_TRADE,"6,$100270.0000"
2019-06-28 14:23:00.000000000,QUERY_SPREAD,99
2019-06-28 14:23:00.000000000,BEST_BID,"JPM,100270,276"
2019-06-28 14:23:00.000000000,BEST_ASK,"JPM,100319,380"
2019-06-28 14:23:00.000000000,LAST_TRADE,"5,$100270.0000"
2019-06-28 14:23:00.000000000,QUERY_SPREAD,100
2019-06-28 14:23:00.000000000,BEST_BID,"JPM,100270,269"
2019-06-28 14:23:00.000000000,BEST_ASK,"JPM,100319,380"
2019-06-28 14:23:00.000000000,LAST_TRADE,"7,$100270.0000"
2019-06-28 14:23:00.000000000,QUERY_SPREAD,101
2019-06-28 14:23:00.000000000,QUERY_ORDER_STREAM,101
2019-06-28 14:23:10.000000000,QUERY_SPREAD,1
2019-06-28 14:23:10.000000000,BEST_BID,"JPM,99252,170"
2019-06-28 14:23:10.000000000,BEST_ASK,"JPM,100319,100"
2019-06-28 14:23:10.000000000,BEST_BID,"JPM,99252,170"
2019-06-28 14:23:10.000000000,BEST_ASK,"JPM,100319,100"
2019-06-28 14:23:10.000000000,BEST_BID,"JPM,99252,170"
2019-06-28 14:23:10.000000000,BEST_ASK,"JPM,100319,100"
2019-06-28 14:23:10.000000000,BEST_BID,"JPM,99252,170"
2019-06-28 14:23:10.000000000,BEST_ASK,"JPM,100319,170"
2019-06-28 14:23:10.000000000,BEST_BID,"JPM,99252,170"
2019-06-28 14:23:10.000000000,BEST_ASK,"JPM,100319,170"
2019-06-28 14:23:10.000000000,BEST_BID,"JPM,99252,170"
2019-06-28 14:23:10.000000000,BEST_ASK,"JPM,100319,170"
2019-06-28 14:23:10.000000000,BEST_BID,"JPM,99252,170"
2019-06-28 14:23:10.000000000,BEST_ASK,"JPM,100319,170"
2019-06-28 14:23:20.000000000,QUERY_SPREAD,1
2019-06-28 14:23:20.000000000,BEST_BID,"JPM,99252,170"
2019-06-28 14:23:20.000000000,BEST_ASK,"JPM,100319,100"
2019-06-28 14:23:20.000000000,BEST_BID,"JPM,99252,170"
2019-06-28 14:23:20.000000000,BEST_ASK,"JPM,100319,100"
2019-06-28 14:23:20.000000000,BEST_BID,"JPM,99252,170"
2019-06-28 14:23:20.000000000,BEST_ASK,"JPM,100319,100"
2019-06-28 14:23:20.000000000,BEST_BID,"JPM,99252,170"
2019-06-28 14:23:20.000000000,BEST_ASK,"JPM,100319,170"
2019-06-28 14:23:20.000000000,BEST_BID,"JPM,99252,170"
2019-06-28 14:23:20.000000000,BEST_ASK,"JPM,100319,170"
2019-06-28 14:23:20.000000000,BEST_BID,"JPM,99252,170"
2019-06-28 14:23:20.000000000,BEST_ASK,"JPM,100319,170"
2019-06-28 14:23:20.000000000,BEST_BID,"JPM,99252,170"
2019-06-28 14:23:20.000000000,BEST_ASK,"JPM,100319,170"
2019-06-28 14:23:30.000000000,QUERY_SPREAD,1
2019-06-28 14:23:30.000000000,BEST_BID,"JPM,99252,156"
2019-06-28 14:23:30.000000000,BEST_ASK,"JPM,100319,100"
2019-06-28 14:23:30.000000000,BEST_BID,"JPM,99252,156"
2019-06-28 14:23:30.000000000,BEST_ASK,"JPM,100319,100"
2019-06-28 14:23:30.000000000,BEST_BID,"JPM,99252,156"
2019-06-28 14:23:30.000000000,BEST_ASK,"JPM,100319,100"
2019-06-28 14:23:30.000000000,BEST_BID,"JPM,99252,156"
2019-06-28 14:23:30.000000000,BEST_ASK,"JPM,100319,156"
2019-06-28 14:23:30.000000000,BEST_BID,"JPM,99252,156"
2019-06-28 14:23:30.000000000,BEST_ASK,"JPM,100319,156"
2019-06-28 14:23:30.000000000,BEST_BID,"JPM,99252,156"
2019-06-28 14:23:30.000000000,BEST_ASK,"JPM,100319,156"
2019-06-28 14:23:30.000000000,BEST_BID,"JPM,99252,156"
2019-06-28 14:23:30.000000000,BEST_ASK,"JPM,100319,156"
2019-06-28 14:23:30.000000000,BEST_BID,"JPM,99252,156"
2019-06-28 14:23:30.000000000,BEST_ASK,"JPM,100319,156"
2019-06-28 14:23:40.000000000,QUERY_SPREAD,1
2019-06-28 14:23:40.000000000,BEST_BID,"JPM,99252,380"
2019-06-28 14:23:40.000000000,BEST_ASK,"JPM,100319,100"
2019-06-28 14:23:40.000000000,BEST_BID,"JPM,99252,380"
2019-06-28 14:23:40.000000000,BEST_ASK,"JPM,100319,380"
2019-06-28 14:23:41.494129047,QUERY_SPREAD,7
2019-06-28 14:23:41.494129047,BEST_BID,"JPM,99348,100"
2019-06-28 14:23:41.494129047,BEST_ASK,"JPM,100319,380"
2019-06-28 14:23:45.529636445,QUERY_SPREAD,28
2019-06-28 14:23:45.529636445,BEST_BID,"JPM,99738,100"
2019-06-28 14:23:45.529636445,BEST_ASK,"JPM,100319,380"
2019-06-28 14:23:48.484582253,QUERY_SPREAD,23
2019-06-28 14:23:48.484582253,BEST_BID,"JPM,99348,100"
2019-06-28 14:23:48.484582253,BEST_ASK,"JPM,100319,380"
2019-06-28 14:23:48.484582253,LAST_TRADE,"100,$99738.0000"
2019-06-28 14:23:50.000000000,QUERY_SPREAD,1
2019-06-28 14:23:50.000000000,BEST_BID,"JPM,99348,380"
2019-06-28 14:23:50.000000000,BEST_ASK,"JPM,100319,100"
2019-06-28 14:23:50.000000000,BEST_BID,"JPM,99348,380"
2019-06-28 14:23:50.000000000,BEST_ASK,"JPM,100319,380"
2019-06-28 14:23:51.461176711,QUERY_SPREAD,23
2019-06-28 14:23:51.461176711,BEST_BID,"JPM,99624,100"
2019-06-28 14:23:51.461176711,BEST_ASK,"JPM,100319,380"
2019-06-28 14:24:00.000000000,QUERY_SPREAD,1
2019-06-28 14:24:00.000000000,BEST_BID,"JPM,99624,380"
2019-06-28 14:24:00.000000000,BEST_ASK,"JPM,100319,100"
2019-06-28 14:24:00.000000000,BEST_BID,"JPM,99624,380"
2019-06-28 14:24:00.000000000,BEST_ASK,"JPM,100319,380"
2019-06-28 14:24:00.000000000,QUERY_SPREAD,77
2019-06-28 14:24:00.000000000,BEST_BID,"JPM,99624,379"
2019-06-28 14:24:00.000000000,BEST_ASK,"JPM,100319,380"
2019-06-28 14:24:00.000000000,LAST_TRADE,"1,$99624.0000"
2019-06-28 14:24:00.000000000,QUERY_SPREAD,78
2019-06-28 14:24:00.000000000,BEST_BID,"JPM,99624,375"
2019-06-28 14:24:00.000000000,BEST_ASK,"JPM,100319,380"
2019-06-28 14:24:00.000000000,LAST_TRADE,"4,$99624.0000"
2019-06-28 14:24:00.000000000,QUERY_SPREAD,79
2019-06-28 14:24:00.000000000,BEST_BID,"JPM,99624,369"
2019-06-28 14:24:00.000000000,BEST_ASK,"JPM,100319,380"
2019-06-28 14:24:00.000000000,LAST_TRADE,"6,$99624.0000"
2019-06-28 14:24:00.000000000,QUERY_SPREAD,80
2019-06-28 14:24:00.000000000,BEST_BID,"JPM,99624,364"
2019-06-28 14:24:00.000000000,BEST_ASK,"JPM,100319,380"
2019-06-28 14:24:00.000000000,LAST_TRADE,"5,$99624.0000"
2019-06-28 14:24:00.000000000,QUERY_SPREAD,81
2019-06-28 14:24:00.000000000,BEST_BID,"JPM,99624,356"
2019-06-28 14:24:00.000000000,BEST_ASK,"JPM,100319,380"
2019-06-28 14:24:00.000000000,LAST_TRADE,"8,$99624.0000"
2019-06-28 14:24:00.000000000,QUERY_SPREAD,82
2019-06-28 14:24:00.000000000,BEST_BID,"JPM,99624,348"
2019-06-28 14:24:00.000000000,BEST_ASK,"JPM,100319,380"
2019-06-28 14:24:00.000000000,LAST_TRADE,"8,$99624.0000"
2019-06-28 14:24:00.000000000,QUERY_SPREAD,83
2019-06-28 14:24:00.000000000,BEST_BID,"JPM,99624,346"
2019-06-28 14:24:00.000000000,BEST_ASK,"JPM,100319,380"
2019-06-28 14:24:00.000000000,LAST_TRADE,"2,$99624.0000"
2019-06-28 14:24:00.000000000,QUERY_SPREAD,84
2019-06-28 14:24:00.000000000,BEST_BID,"JPM,99624,345"
2019-06-28 14:24:00.000000000,BEST_ASK,"JPM,100319,380"
2019-06-28 14:24:00.000000000,LAST_TRADE,"1,$99624.0000"
2019-06-28 14:24:00.000000000,QUERY_SPREAD,85
2019-06-28 14:24:00.000000000,BEST_BID,"JPM,99624,344"
2019-06-28 14:24:00.000000000,BEST_ASK,"JPM,100319,380"
2019-06-28 14:24:00.000000000,LAST_TRADE,"1,$99624.0000"
2019-06-28 14:24:00.000000000,QUERY_SPREAD,86
2019-06-28 14:24:00.000000000,BEST_BID,"JPM,99624,338"
2019-06-28 14:24:00.000000000,BEST_ASK,"JPM,100319,380"
2019-06-28 14:24:00.000000000,LAST_TRADE,"6,$99624.0000"
2019-06-28 14:24:00.000000000,QUERY_SPREAD,87
2019-06-28 14:24:00.000000000,BEST_BID,"JPM,99624,335"
2019-06-28 14:24:00.000000000,BEST_ASK,"JPM,100319,380"
2019-06-28 14:24:00.000000000,LAST_TRADE,"3,$99624.0000"
2019-06-28 14:24:00.000000000,QUERY_SPREAD,88
2019-06-28 14:24:00.000000000,BEST_BID,"JPM,99624,331"
2019-06-28 14:24:00.000000000,BEST_ASK,"JPM,100319,380"
2019-06-28 14:24:00.000000000,LAST_TRADE,"4,$99624.0000"
2019-06-28 14:24:00.000000000,QUERY_SPREAD,89
2019-06-28 14:24:00.000000000,BEST_BID,"JPM,99624,327"
2019-06-28 14:24:00.000000000,BEST_ASK,"JPM,100319,380"
2019-06-28 14:24:00.000000000,LAST_TRADE,"4,$99624.0000"
2019-06-28 14:24:00.000000000,QUERY_SPREAD,90
2019-06-28 14:24:00.000000000,BEST_BID,"JPM,99624,320"
2019-06-28 14:24:00.000000000,BEST_ASK,"JPM,100319,380"
2019-06-28 14:24:00.000000000,LAST_TRADE,"7,$99624.0000"
2019-06-28 14:24:00.000000000,QUERY_SPREAD,91
2019-06-28 14:24:00.000000000,BEST_BID,"JPM,99624,312"
2019-06-28 14:24:00.000000000,BEST_ASK,"JPM,100319,380"
2019-06-28 14:24:00.000000000,LAST_TRADE,"8,$99624.0000"
2019-06-28 14:24:00.000000000,QUERY_SPREAD,92
2019-06-28 14:24:00.000000000,BEST_BID,"JPM,99624,307"
2019-06-28 14:24:00.000000000,BEST_ASK,"JPM,100319,380"
2019-06-28 14:24:00.000000000,LAST_TRADE,"5,$99624.0000"
2019-06-28 14:24:00.000000000,QUERY_SPREAD,93
2019-06-28 14:24:00.000000000,BEST_BID,"JPM,99624,304"
2019-06-28 14:24:00.000000000,BEST_ASK,"JPM,100319,380"
2019-06-28 14:24:00.000000000,LAST_TRADE,"3,$99624.0000"
2019-06-28 14:24:00.000000000,QUERY_SPREAD,94
2019-06-28 14:24:00.000000000,BEST_BID,"JPM,99624,300"
2019-06-28 14:24:00.000000000,BEST_ASK,"JPM,100319,380"
2019-06-28 14:24:00.000000000,LAST_TRADE,"4,$99624.0000"
2019-06-28 14:24:00.000000000,QUERY_SPREAD,95
2019-06-28 14:24:00.000000000,BEST_BID,"JPM,99624,295"
2019-06-28 14:24:00.000000000,BEST_ASK,"JPM,100319,380"
2019-06-28 14:24:00.000000000,LAST_TRADE,"5,$99624.0000"
2019-06-28 14:24:00.000000000,QUERY_SPREAD,96
2019-06-28 14:24:00.000000000,BEST_BID,"JPM,99624,294"
2019-06-28 14:24:00.000000000,BEST_ASK,"JPM,100319,380"
2019-06-28 14:24:00.000000000,LAST_TRADE,"1,$99624.0000"
2019-06-28 14:24:00.000000000,QUERY_SPREAD,97
2019-06-28 14:24:00.000000000,BEST_BID,"JPM,99624,287"
2019-06-28 14:24:00.000000000,BEST_ASK,"JPM,100319,380"
2019-06-28 14:24:00.000000000,LAST_TRADE,"7,$99624.0000"
2019-06-28 14:24:00.000000000,QUERY_SPREAD,98
2019-06-28 14:24:00.000000000,BEST_BID,"JPM,99624,281"
2019-06-28 14:24:00.000000000,BEST_ASK,"JPM,100319,380"
2019-06-28 14:24:00.000000000,LAST_TRADE,"6,$99624.0000"
2019-06-28 14:24:00.000000000,QUERY_SPREAD,99
2019-06-28 14:24:00.000000000,BEST_BID,"JPM,99624,276"
2019-06-28 14:24:00.000000000,BEST_ASK,"JPM,100319,380"
2019-06-28 14:24:00.000000000,LAST_TRADE,"5,$99624.0000"
2019-06-28 14:24:00.000000000,QUERY_SPREAD,100
2019-06-28 14:24:00.000000000,BEST_BID,"JPM,99624,269"
2019-06-28 14:24:00.000000000,BEST_ASK,"JPM,100319,380"
2019-06-28 14:24:00.000000000,LAST_TRADE,"7,$99624.0000"
2019-06-28 14:24:00.000000000,QUERY_SPREAD,101
2019-06-28 14:24:00.000000000,QUERY_ORDER_STREAM,101
2019-06-28 14:24:06.433607393,QUERY_SPREAD,40
2019-06-28 14:24:06.433607393,BEST_BID,"JPM,99624,269"
2019-06-28 14:24:06.433607393,BEST_ASK,"JPM,99718,100"
2019-06-28 14:24:10.000000000,QUERY_SPREAD,1
2019-06-28 14:24:10.000000000,BEST_BID,"JPM,99348,195"
2019-06-28 14:24:10.000000000,BEST_ASK,"JPM,99718,100"
2019-06-28 14:24:10.000000000,BEST_BID,"JPM,99348,195"
2019-06-28 14:24:10.000000000,BEST_ASK,"JPM,99718,100"
2019-06-28 14:24:10.000000000,BEST_BID,"JPM,99348,195"
2019-06-28 14:24:10.000000000,BEST_ASK,"JPM,99718,100"
2019-06-28 14:24:10.000000000,BEST_BID,"JPM,99348,195"
2019-06-28 14:24:10.000000000,BEST_ASK,"JPM,99718,195"
2019-06-28 14:24:10.000000000,BEST_BID,"JPM,99348,195"
2019-06-28 14:24:10.000000000,BEST_ASK,"JPM,99718,195"
2019-06-28 14:24:10.000000000,BEST_BID,"JPM,99348,195"
2019-06-28 14:24:10.000000000,BEST_ASK,"JPM,99718,195"
2019-06-28 14:24:11.937480780,QUERY_ORDER_STREAM,76
2019-06-28 14:24:11.937480780,QUERY_SPREAD,76
2019-06-28 14:24:11.937480780,BEST_BID,"JPM,99348,195"
2019-06-28 14:24:11.937480780,BEST_ASK,"JPM,99624,100"
2019-06-28 14:24:12.669777264,QUERY_SPREAD,40
2019-06-28 14:24:12.669777264,BEST_BID,"JPM,99348,195"
2019-06-28 14:24:12.669777264,BEST_ASK,"JPM,99624,100"
2019-06-28 14:24:20.000000000,QUERY_SPREAD,1
2019-06-28 14:24:20.000000000,BEST_BID,"JPM,99348,170"
2019-06-28 14:24:20.000000000,BEST_ASK,"JPM,99624,100"
2019-06-28 14:24:20.000000000,BEST_BID,"JPM,99348,170"
2019-06-28 14:24:20.000000000,BEST_ASK,"JPM,99624,100"
2019-06-28 14:24:20.000000000,BEST_BID,"JPM,99348,170"
2019-06-28 14:24:20.000000000,BEST_ASK,"JPM,99624,100"
2019-06-28 14:24:20.000000000,BEST_BID,"JPM,99348,170"
2019-06-28 14:24:20.000000000,BEST_ASK,"JPM,99624,100"
2019-06-28 14:24:20.000000000,BEST_BID,"JPM,99348,170"
2019-06-28 14:24:20.000000000,BEST_ASK,"JPM,99624,170"
2019-06-28 14:24:20.000000000,BEST_BID,"JPM,99348,170"
2019-06-28 14:24:20.000000000,BEST_ASK,"JPM,99624,170"
2019-06-28 14:24:20.000000000,BEST_BID,"JPM,99348,170"
2019-06-28 14:24:20.000000000,BEST_ASK,"JPM,99624,170"
2019-06-28 14:24:20.000000000,BEST_BID,"JPM,99348,170"
2019-06-28 14:24:20.000000000,BEST_ASK,"JPM,99624,170"
2019-06-28 14:24:29.600929045,QUERY_SPREAD,21
2019-06-28 14:24:29.600929045,BEST_BID,"JPM,99503,100"
2019-06-28 14:24:29.600929045,BEST_ASK,"JPM,99624,170"
2019-06-28 14:24:30.000000000,QUERY_SPREAD,1
2019-06-28 14:24:30.000000000,BEST_BID,"JPM,99503,156"
2019-06-28 14:24:30.000000000,BEST_ASK,"JPM,99624,100"
2019-06-28 14:24:30.000000000,BEST_BID,"JPM,99503,156"
2019-06-28 14:24:30.000000000,BEST_ASK,"JPM,99624,100"
2019-06-28 14:24:30.000000000,BEST_BID,"JPM,99503,156"
2019-06-28 14:24:30.000000000,BEST_ASK,"JPM,99624,100"
2019-06-28 14:24:30.000000000,BEST_BID,"JPM,99503,156"
2019-06-28 14:24:30.000000000,BEST_ASK,"JPM,99624,100"
2019-06-28 14:24:30.000000000,BEST_BID,"JPM,99503,156"
2019-06-28 14:24:30.000000000,BEST_ASK,"JPM,99624,100"
2019-06-28 14:24:30.000000000,BEST_BID,"JPM,99503,156"
2019-06-28 14:24:30.000000000,BEST_ASK,"JPM,99624,156"
2019-06-28 14:24:30.000000000,BEST_BID,"JPM,99503,156"
2019-06-28 14:24:30.000000000,BEST_ASK,"JPM,99624,156"
2019-06-28 14:24:30.000000000,BEST_BID,"JPM,99503,156"
2019-06-28 14:24:30.000000000,BEST_ASK,"JPM,99624,156"
2019-06-28 14:24:30.000000000,BEST_BID,"JPM,99503,156"
2019-06-28 14:24:30.000000000,BEST_ASK,"JPM,99624,156"
2019-06-28 14:24:30.000000000,BEST_BID,"JPM,99503,156"
2019-06-28 14:24:30.000000000,BEST_ASK,"JPM,99624,156"
2019-06-28 14:24:40.000000000,QUERY_SPREAD,1
2019-06-28 14:24:40.000000000,BEST_BID,"JPM,99503,380"
2019-06-28 14:24:40.000000000,BEST_ASK,"JPM,99624,100"
2019-06-28 14:24:40.000000000,BEST_BID,"JPM,99503,380"
2019-06-28 14:24:40.000000000,BEST_ASK,"JPM,99624,380"
2019-06-28 14:24:48.706715656,QUERY_SPREAD,13
2019-06-28 14:24:48.706715656,BEST_BID,"JPM,99503,380"
2019-06-28 14:24:48.706715656,BEST_ASK,"JPM,99624,380"
2019-06-28 14:24:50.000000000,QUERY_SPREAD,1
2019-06-28 14:24:50.000000000,BEST_BID,"JPM,99503,195"
2019-06-28 14:24:50.000000000,BEST_ASK,"JPM,99624,100"
2019-06-28 14:24:50.000000000,BEST_BID,"JPM,99503,195"
2019-06-28 14:24:50.000000000,BEST_ASK,"JPM,99624,100"
2019-06-28 14:24:50.000000000,BEST_BID,"JPM,99503,195"
2019-06-28 14:24:50.000000000,BEST_ASK,"JPM,99624,100"
2019-06-28 14:24:50.000000000,BEST_BID,"JPM,99503,195"
2019-06-28 14:24:50.000000000,BEST_ASK,"JPM,99624,195"
2019-06-28 14:24:50.000000000,BEST_BID,"JPM,99503,195"
2019-06-28 14:24:50.000000000,BEST_ASK,"JPM,99624,195"
2019-06-28 14:24:50.000000000,BEST_BID,"JPM,99503,195"
2019-06-28 14:24:50.000000000,BEST_ASK,"JPM,99624,195"
2019-06-28 14:25:00.000000000,QUERY_SPREAD,1
2019-06-28 14:25:00.000000000,BEST_BID,"JPM,99503,380"
2019-06-28 14:25:00.000000000,BEST_ASK,"JPM,99624,100"
2019-06-28 14:25:00.000000000,BEST_BID,"JPM,99503,380"
2019-06-28 14:25:00.000000000,BEST_ASK,"JPM,99624,380"
2019-06-28 14:25:00.000000000,QUERY_SPREAD,77
2019-06-28 14:25:00.000000000,BEST_BID,"JPM,99503,379"
2019-06-28 14:25:00.000000000,BEST_ASK,"JPM,99624,380"
2019-06-28 14:25:00.000000000,LAST_TRADE,"1,$99503.0000"
2019-06-28 14:25:00.000000000,QUERY_SPREAD,78
2019-06-28 14:25:00.000000000,BEST_BID,"JPM,99503,375"
2019-06-28 14:25:00.000000000,BEST_ASK,"JPM,99624,380"
2019-06-28 14:25:00.000000000,LAST_TRADE,"4,$99503.0000"
2019-06-28 14:25:00.000000000,QUERY_SPREAD,79
2019-06-28 14:25:00.000000000,BEST_BID,"JPM,99503,369"
2019-06-28 14:25:00.000000000,BEST_ASK,"JPM,99624,380"
2019-06-28 14:25:00.000000000,LAST_TRADE,"6,$99503.0000"
2019-06-28 14:25:00.000000000,QUERY_SPREAD,80
2019-06-28 14:25:00.000000000,BEST_BID,"JPM,99503,364"
2019-06-28 14:25:00.000000000,BEST_ASK,"JPM,99624,380"
2019-06-28 14:25:00.000000000,LAST_TRADE,"5,$99503.0000"
2019-06-28 14:25:00.000000000,QUERY_SPREAD,81
2019-06-28 14:25:00.000000000,BEST_BID,"JPM,99503,356"
2019-06-28 14:25:00.000000000,BEST_ASK,"JPM,99624,380"
2019-06-28 14:25:00.000000000,LAST_TRADE,"8,$99503.0000"
2019-06-28 14:25:00.000000000,QUERY_SPREAD,82
2019-06-28 14:25:00.000000000,BEST_BID,"JPM,99503,348"
2019-06-28 14:25:00.000000000,BEST_ASK,"JPM,99624,380"
2019-06-28 14:25:00.000000000,LAST_TRADE,"8,$99503.0000"
2019-06-28 14:25:00.000000000,QUERY_SPREAD,83
2019-06-28 14:25:00.000000000,BEST_BID,"JPM,99503,346"
2019-06-28 14:25:00.000000000,BEST_ASK,"JPM,99624,380"
2019-06-28 14:25:00.000000000,LAST_TRADE,"2,$99503.0000"
2019-06-28 14:25:00.000000000,QUERY_SPREAD,84
2019-06-28 14:25:00.000000000,BEST_BID,"JPM,99503,345"
2019-06-28 14:25:00.000000000,BEST_ASK,"JPM,99624,380"
2019-06-28 14:25:00.000000000,LAST_TRADE,"1,$99503.0000"
2019-06-28 14:25:00.000000000,QUERY_SPREAD,85
2019-06-28 14:25:00.000000000,BEST_BID,"JPM,99503,344"
2019-06-28 14:25:00.000000000,BEST_ASK,"JPM,99624,380"
2019-06-28 14:25:00.000000000,LAST_TRADE,"1,$99503.0000"
2019-06-28 14:25:00.000000000,QUERY_SPREAD,86
2019-06-28 14:25:00.000000000,BEST_BID,"JPM,99503,338"
2019-06-28 14:25:00.000000000,BEST_ASK,"JPM,99624,380"
2019-06-28 14:25:00.000000000,LAST_TRADE,"6,$99503.0000"
2019-06-28 14:25:00.000000000,QUERY_SPREAD,87
2019-06-28 14:25:00.000000000,BEST_BID,"JPM,99503,335"
2019-06-28 14:25:00.000000000,BEST_ASK,"JPM,99624,380"
2019-06-28 14:25:00.000000000,LAST_TRADE,"3,$99503.0000"
2019-06-28 14:25:00.000000000,QUERY_SPREAD,88
2019-06-28 14:25:00.000000000,BEST_BID,"JPM,99503,331"
2019-06-28 14:25:00.000000000,BEST_ASK,"JPM,99624,380"
2019-06-28 14:25:00.000000000,LAST_TRADE,"4,$99503.0000"
2019-06-28 14:25:00.000000000,QUERY_SPREAD,89
2019-06-28 14:25:00.000000000,BEST_BID,"JPM,99503,327"
2019-06-28 14:25:00.000000000,BEST_ASK,"JPM,99624,380"
2019-06-28 14:25:00.000000000,LAST_TRADE,"4,$99503.0000"
2019-06-28 14:25:00.000000000,QUERY_SPREAD,90
2019-06-28 14:25:00.000000000,BEST_BID,"JPM,99503,320"
2019-06-28 14:25:00.000000000,BEST_ASK,"JPM,99624,380"
2019-06-28 14:25:00.000000000,LAST_TRADE,"7,$99503.0000"
2019-06-28 14:25:00.000000000,QUERY_SPREAD,91
2019-06-28 14:25:00.000000000,BEST_BID,"JPM,99503,312"
2019-06-28 14:25:00.000000000,BEST_ASK,"JPM,99624,380"
2019-06-28 14:25:00.000000000,LAST_TRADE,"8,$99503.0000"
2019-06-28 14:25:00.000000000,QUERY_SPREAD,92
2019-06-28 14:25:00.000000000,BEST_BID,"JPM,99503,307"
2019-06-28 14:25:00.000000000,BEST_ASK,"JPM,99624,380"
2019-06-28 14:25:00.000000000,LAST_TRADE,"5,$99503.0000"
2019-06-28 14:25:00.000000000,QUERY_SPREAD,93
2019-06-28 14:25:00.000000000,BEST_BID,"JPM,99503,304"
2019-06-28 14:25:00.000000000,BEST_ASK,"JPM,99624,380"
2019-06-28 14:25:00.000000000,LAST_TRADE,"3,$99503.0000"
2019-06-28 14:25:00.000000000,QUERY_SPREAD,94
2019-06-28 14:25:00.000000000,BEST_BID,"JPM,99503,300"
2019-06-28 14:25:00.000000000,BEST_ASK,"JPM,99624,380"
2019-06-28 14:25:00.000000000,LAST_TRADE,"4,$99503.0000"
2019-06-28 14:25:00.000000000,QUERY_SPREAD,95
2019-06-28 14:25:00.000000000,BEST_BID,"JPM,99503,295"
2019-06-28 14:25:00.000000000,BEST_ASK,"JPM,99624,380"
2019-06-28 14:25:00.000000000,LAST_TRADE,"5,$99503.0000"
2019-06-28 14:25:00.000000000,QUERY_SPREAD,96
2019-06-28 14:25:00.000000000,BEST_BID,"JPM,99503,294"
2019-06-28 14:25:00.000000000,BEST_ASK,"JPM,99624,380"
2019-06-28 14:25:00.000000000,LAST_TRADE,"1,$99503.0000"
2019-06-28 14:25:00.000000000,QUERY_SPREAD,97
2019-06-28 14:25:00.000000000,BEST_BID,"JPM,99503,287"
2019-06-28 14:25:00.000000000,BEST_ASK,"JPM,99624,380"
2019-06-28 14:25:00.000000000,LAST_TRADE,"7,$99503.0000"
2019-06-28 14:25:00.000000000,QUERY_SPREAD,98
2019-06-28 14:25:00.000000000,BEST_BID,"JPM,99503,281"
2019-06-28 14:25:00.000000000,BEST_ASK,"JPM,99624,380"
2019-06-28 14:25:00.000000000,LAST_TRADE,"6,$99503.0000"
2019-06-28 14:25:00.000000000,QUERY_SPREAD,99
2019-06-28 14:25:00.000000000,BEST_BID,"JPM,99503,276"
2019-06-28 14:25:00.000000000,BEST_ASK,"JPM,99624,380"
2019-06-28 14:25:00.000000000,LAST_TRADE,"5,$99503.0000"
2019-06-28 14:25:00.000000000,QUERY_SPREAD,100
2019-06-28 14:25:00.000000000,BEST_BID,"JPM,99503,269"
2019-06-28 14:25:00.000000000,BEST_ASK,"JPM,99624,380"
2019-06-28 14:25:00.000000000,LAST_TRADE,"7,$99503.0000"
2019-06-28 14:25:00.000000000,QUERY_SPREAD,101
2019-06-28 14:25:00.000000000,QUERY_ORDER_STREAM,101
2019-06-28 14:25:10.000000000,QUERY_SPREAD,1
2019-06-28 14:25:10.000000000,BEST_BID,"JPM,99348,156"
2019-06-28 14:25:10.000000000,BEST_ASK,"JPM,99624,100"
2019-06-28 14:25:10.000000000,BEST_BID,"JPM,99348,156"
2019-06-28 14:25:10.000000000,BEST_ASK,"JPM,99624,100"
2019-06-28 14:25:10.000000000,BEST_BID,"JPM,99348,156"
2019-06-28 14:25:10.000000000,BEST_ASK,"JPM,99624,100"
2019-06-28 14:25:10.000000000,BEST_BID,"JPM,99348,156"
2019-06-28 14:25:10.000000000,BEST_ASK,"JPM,99624,100"
2019-06-28 14:25:10.000000000,BEST_BID,"JPM,99348,156"
2019-06-28 14:25:10.000000000,BEST_ASK,"JPM,99624,156"
2019-06-28 14:25:10.000000000,BEST_BID,"JPM,99348,156"
2019-06-28 14:25:10.000000000,BEST_ASK,"JPM,99624,156"
2019-06-28 14:25:10.000000000,BEST_BID,"JPM,99348,156"
2019-06-28 14:25:10.000000000,BEST_ASK,"JPM,99624,156"
2019-06-28 14:25:10.000000000,BEST_BID,"JPM,99348,156"
2019-06-28 14:25:10.000000000,BEST_ASK,"JPM,99624,156"
2019-06-28 14:25:10.000000000,BEST_BID,"JPM,99348,156"
2019-06-28 14:25:10.000000000,BEST_ASK,"JPM,99624,156"
2019-06-28 14:25:20.000000000,QUERY_SPREAD,1
2019-06-28 14:25:20.000000000,BEST_BID,"JPM,99348,170"
2019-06-28 14:25:20.000000000,BEST_ASK,"JPM,99624,100"
2019-06-28 14:25:20.000000000,BEST_BID,"JPM,99348,170"
2019-06-28 14:25:20.000000000,BEST_ASK,"JPM,99624,100"
2019-06-28 14:25:20.000000000,BEST_BID,"JPM,99348,170"
2019-06-28 14:25:20.000000000,BEST_ASK,"JPM,99624,100"
2019-06-28 14:25:20.000000000,BEST_BID,"JPM,99348,170"
2019-06-28 14:25:20.000000000,BEST_ASK,"JPM,99624,100"
2019-06-28 14:25:20.000000000,BEST_BID,"JPM,99348,170"
2019-06-28 14:25:20.000000000,BEST_ASK,"JPM,99624,170"
2019-06-28 14:25:20.000000000,BEST_BID,"JPM,99348,170"
2019-06-28 14:25:20.000000000,BEST_ASK,"JPM,99624,170"
2019-06-28 14:25:20.000000000,BEST_BID,"JPM,99348,170"
2019-06-28 14:25:20.000000000,BEST_ASK,"JPM,99624,170"
2019-06-28 14:25:20.000000000,BEST_BID,"JPM,99348,170"
2019-06-28 14:25:20.000000000,BEST_ASK,"JPM,99624,170"
2019-06-28 14:25:21.710993873,QUERY_SPREAD,13
2019-06-28 14:25:21.710993873,BEST_BID,"JPM,99348,170"
2019-06-28 14:25:21.710993873,BEST_ASK,"JPM,99624,70"
2019-06-28 14:25:21.710993873,LAST_TRADE,"100,$99624.0000"
2019-06-28 14:25:30.000000000,QUERY_SPREAD,1
2019-06-28 14:25:30.000000000,BEST_BID,"JPM,99348,156"
2019-06-28 14:25:30.000000000,BEST_ASK,"JPM,99968,100"
2019-06-28 14:25:30.000000000,BEST_BID,"JPM,99348,156"
2019-06-28 14:25:30.000000000,BEST_ASK,"JPM,99968,100"
2019-06-28 14:25:30.000000000,BEST_BID,"JPM,99348,156"
2019-06-28 14:25:30.000000000,BEST_ASK,"JPM,99968,100"
2019-06-28 14:25:30.000000000,BEST_BID,"JPM,99348,156"
2019-06-28 14:25:30.000000000,BEST_ASK,"JPM,99968,100"
2019-06-28 14:25:30.000000000,BEST_BID,"JPM,99348,156"
2019-06-28 14:25:30.000000000,BEST_ASK,"JPM,99968,156"
2019-06-28 14:25:30.000000000,BEST_BID,"JPM,99348,156"
2019-06-28 14:25:30.000000000,BEST_ASK,"JPM,99968,156"
2019-06-28 14:25:30.000000000,BEST_BID,"JPM,99348,156"
2019-06-28 14:25:30.000000000,BEST_ASK,"JPM,99968,156"
2019-06-28 14:25:30.000000000,BEST_BID,"JPM,99348,156"
2019-06-28 14:25:30.000000000,BEST_ASK,"JPM,99968,156"
2019-06-28 14:25:30.000000000,BEST_BID,"JPM,99348,156"
2019-06-28 14:25:30.000000000,BEST_ASK,"JPM,99968,156"
2019-06-28 14:25:40.000000000,QUERY_SPREAD,1
2019-06-28 14:25:40.000000000,BEST_BID,"JPM,99348,195"
2019-06-28 14:25:40.000000000,BEST_ASK,"JPM,99968,100"
2019-06-28 14:25:40.000000000,BEST_BID,"JPM,99348,195"
2019-06-28 14:25:40.000000000,BEST_ASK,"JPM,99968,100"
2019-06-28 14:25:40.000000000,BEST_BID,"JPM,99348,195"
2019-06-28 14:25:40.000000000,BEST_ASK,"JPM,99968,100"
2019-06-28 14:25:40.000000000,BEST_BID,"JPM,99348,195"
2019-06-28 14:25:40.000000000,BEST_ASK,"JPM,99968,195"
2019-06-28 14:25:40.000000000,BEST_BID,"JPM,99348,195"
2019-06-28 14:25:40.000000000,BEST_ASK,"JPM,99968,195"
2019-06-28 14:25:40.000000000,BEST_BID,"JPM,99348,195"
2019-06-28 14:25:40.000000000,BEST_ASK,"JPM,99968,195"
2019-06-28 14:25:43.165749998,QUERY_SPREAD,7
2019-06-28 14:25:43.165749998,BEST_BID,"JPM,99348,95"
2019-06-28 14:25:43.165749998,BEST_ASK,"JPM,99968,195"
2019-06-28 14:25:50.000000000,QUERY_SPREAD,1
2019-06-28 14:25:50.000000000,BEST_BID,"JPM,99252,170"
2019-06-28 14:25:50.000000000,BEST_ASK,"JPM,99968,100"
2019-06-28 14:25:50.000000000,BEST_BID,"JPM,99252,170"
2019-06-28 14:25:50.000000000,BEST_ASK,"JPM,99968,100"
2019-06-28 14:25:50.000000000,BEST_BID,"JPM,99252,170"
2019-06-28 14:25:50.000000000,BEST_ASK,"JPM,99968,100"
2019-06-28 14:25:50.000000000,BEST_BID,"JPM,99252,170"
2019-06-28 14:25:50.000000000,BEST_ASK,"JPM,99968,170"
2019-06-28 14:25:50.000000000,BEST_BID,"JPM,99252,170"
2019-06-28 14:25:50.000000000,BEST_ASK,"JPM,99968,170"
2019-06-28 14:25:50.000000000,BEST_BID,"JPM,99252,170"
2019-06-28 14:25:50.000000000,BEST_ASK,"JPM,99968,170"
2019-06-28 14:25:50.000000000,BEST_BID,"JPM,99252,170"
2019-06-28 14:25:50.000000000,BEST_ASK,"JPM,99968,170"
2019-06-28 14:26:00.000000000,QUERY_SPREAD,1
2019-06-28 14:26:00.000000000,BEST_BID,"JPM,99252,195"
2019-06-28 14:26:00.000000000,BEST_ASK,"JPM,99968,100"
2019-06-28 14:26:00.000000000,BEST_BID,"JPM,99252,195"
2019-06-28 14:26:00.000000000,BEST_ASK,"JPM,99968,100"
2019-06-28 14:26:00.000000000,BEST_BID,"JPM,99252,195"
2019-06-28 14:26:00.000000000,BEST_ASK,"JPM,99968,100"
2019-06-28 14:26:00.000000000,BEST_BID,"JPM,99252,195"
2019-06-28 14:26:00.000000000,BEST_ASK,"JPM,99968,195"
2019-06-28 14:26:00.000000000,BEST_BID,"JPM,99252,195"
2019-06-28 14:26:00.000000000,BEST_ASK,"JPM,99968,195"
2019-06-28 14:26:00.000000000,BEST_BID,"JPM,99252,195"
2019-06-28 14:26:00.000000000,BEST_ASK,"JPM,99968,195"
2019-06-28 14:26:00.000000000,QUERY_SPREAD,77
2019-06-28 14:26:00.000000000,BEST_BID,"JPM,99252,194"
2019-06-28 14:26:00.000000000,BEST_ASK,"JPM,99968,195"
2019-06-28 14:26:00.000000000,LAST_TRADE,"1,$99252.0000"
2019-06-28 14:26:00.000000000,QUERY_SPREAD,78
2019-06-28 14:26:00.000000000,BEST_BID,"JPM,99252,190"
2019-06-28 14:26:00.000000000,BEST_ASK,"JPM,99968,195"
2019-06-28 14:26:00.000000000,LAST_TRADE,"4,$99252.0000"
2019-06-28 14:26:00.000000000,QUERY_SPREAD,79
2019-06-28 14:26:00.000000000,BEST_BID,"JPM,99252,184"
2019-06-28 14:26:00.000000000,BEST_ASK,"JPM,99968,195"
2019-06-28 14:26:00.000000000,LAST_TRADE,"6,$99252.0000"
2019-06-28 14:26:00.000000000,QUERY_SPREAD,80
2019-06-28 14:26:00.000000000,BEST_BID,"JPM,99252,179"
2019-06-28 14:26:00.000000000,BEST_ASK,"JPM,99968,195"
2019-06-28 14:26:00.000000000,LAST_TRADE,"5,$99252.0000"
2019-06-28 14:26:00.000000000,QUERY_SPREAD,81
2019-06-28 14:26:00.000000000,BEST_BID,"JPM,99252,171"
2019-06-28 14:26:00.000000000,BEST_ASK,"JPM,99968,195"
2019-06-28 14:26:00.000000000,LAST_TRADE,"8,$99252.0000"
2019-06-28 14:26:00.000000000,QUERY_SPREAD,82
2019-06-28 14:26:00.000000000,BEST_BID,"JPM,99252,163"
2019-06-28 14:26:00.000000000,BEST_ASK,"JPM,99968,195"
2019-06-28 14:26:00.000000000,LAST_TRADE,"8,$99252.0000"
2019-06-28 14:26:00.000000000,QUERY_SPREAD,83
2019-06-28 14:26:00.000000000,BEST_BID,"JPM,99252,161"
2019-06-28 14:26:00.000000000,BEST_ASK,"JPM,99968,195"
2019-06-28 14:26:00.000000000,LAST_TRADE,"2,$99252.0000"
2019-06-28 14:26:00.000000000,QUERY_SPREAD,84
2019-06-28 14:26:00.000000000,BEST_BID,"JPM,99252,160"
2019-06-28 14:26:00.000000000,BEST_ASK,"JPM,99968,195"
2019-06-28 14:26:00.000000000,LAST_TRADE,"1,$99252.0000"
2019-06-28 14:26:00.000000000,QUERY_SPREAD,85
2019-06-28 14:26:00.000000000,BEST_BID,"JPM,99252,159"
2019-06-28 14:26:00.000000000,BEST_ASK,"JPM,99968,195"
2019-06-28 14:26:00.000000000,LAST_TRADE,"1,$99252.0000"
2019-06-28 14:26:00.000000000,QUERY_SPREAD,86
2019-06-28 14:26:00.000000000,BEST_BID,"JPM,99252,153"
2019-06-28 14:26:00.000000000,BEST_ASK,"JPM,99968,195"
2019-06-28 14:26:00.000000000,LAST_TRADE,"6,$99252.0000"
2019-06-28 14:26:00.000000000,QUERY_SPREAD,87
2019-06-28 14:26:00.000000000,BEST_BID,"JPM,99252,150"
2019-06-28 14:26:00.000000000,BEST_ASK,"JPM,99968,195"
2019-06-28 14:26:00.000000000,LAST_TRADE,"3,$99252.0000"
2019-06-28 14:26:00.000000000,QUERY_SPREAD,88
2019-06-28 14:26:00.000000000,BEST_BID,"JPM,99252,146"
2019-06-28 14:26:00.000000000,BEST_ASK,"JPM,99968,195"
2019-06-28 14:26:00.000000000,LAST_TRADE,"4,$99252.0000"
2019-06-28 14:26:00.000000000,QUERY_SPREAD,89
2019-06-28 14:26:00.000000000,BEST_BID,"JPM,99252,142"
2019-06-28 14:26:00.000000000,BEST_ASK,"JPM,99968,195"
2019-06-28 14:26:00.000000000,LAST_TRADE,"4,$99252.0000"
2019-06-28 14:26:00.000000000,QUERY_SPREAD,90
2019-06-28 14:26:00.000000000,BEST_BID,"JPM,99252,135"
2019-06-28 14:26:00.000000000,BEST_ASK,"JPM,99968,195"
2019-06-28 14:26:00.000000000,LAST_TRADE,"7,$99252.0000"
2019-06-28 14:26:00.000000000,QUERY_SPREAD,91
2019-06-28 14:26:00.000000000,BEST_BID,"JPM,99252,127"
2019-06-28 14:26:00.000000000,BEST_ASK,"JPM,99968,195"
2019-06-28 14:26:00.000000000,LAST_TRADE,"8,$99252.0000"
2019-06-28 14:26:00.000000000,QUERY_SPREAD,92
2019-06-28 14:26:00.000000000,BEST_BID,"JPM,99252,122"
2019-06-28 14:26:00.000000000,BEST_ASK,"JPM,99968,195"
2019-06-28 14:26:00.000000000,LAST_TRADE,"5,$99252.0000"
2019-06-28 14:26:00.000000000,QUERY_SPREAD,93
2019-06-28 14:26:00.000000000,BEST_BID,"JPM,99252,119"
2019-06-28 14:26:00.000000000,BEST_ASK,"JPM,99968,195"
2019-06-28 14:26:00.000000000,LAST_TRADE,"3,$99252.0000"
2019-06-28 14:26:00.000000000,QUERY_SPREAD,94
2019-06-28 14:26:00.000000000,BEST_BID,"JPM,99252,115"
2019-06-28 14:26:00.000000000,BEST_ASK,"JPM,99968,195"
2019-06-28 14:26:00.000000000,LAST_TRADE,"4,$99252.0000"
2019-06-28 14:26:00.000000000,QUERY_SPREAD,95
2019-06-28 14:26:00.000000000,BEST_BID,"JPM,99252,110"
2019-06-28 14:26:00.000000000,BEST_ASK,"JPM,99968,195"
2019-06-28 14:26:00.000000000,LAST_TRADE,"5,$99252.0000"
2019-06-28 14:26:00.000000000,QUERY_SPREAD,96
2019-06-28 14:26:00.000000000,BEST_BID,"JPM,99252,109"
2019-06-28 14:26:00.000000000,BEST_ASK,"JPM,99968,195"
2019-06-28 14:26:00.000000000,LAST_TRADE,"1,$99252.0000"
2019-06-28 14:26:00.000000000,QUERY_SPREAD,97
2019-06-28 14:26:00.000000000,BEST_BID,"JPM,99252,102"
2019-06-28 14:26:00.000000000,BEST_ASK,"JPM,99968,195"
2019-06-28 14:26:00.000000000,LAST_TRADE,"7,$99252.0000"
2019-06-28 14:26:00.000000000,QUERY_SPREAD,98
2019-06-28 14:26:00.000000000,BEST_BID,"JPM,99252,96"
2019-06-28 14:26:00.000000000,BEST_ASK,"JPM,99968,195"
2019-06-28 14:26:00.000000000,LAST_TRADE,"6,$99252.0000"
2019-06-28 14:26:00.000000000,QUERY_SPREAD,99
2019-06-28 14:26:00.000000000,BEST_BID,"JPM,99252,91"
2019-06-28 14:26:00.000000000,BEST_ASK,"JPM,99968,195"
2019-06-28 14:26:00.000000000,LAST_TRADE,"5,$99252.0000"
2019-06-28 14:26:00.000000000,QUERY_SPREAD,100
2019-06-28 14:26:00.000000000,BEST_BID,"JPM,99252,84"
2019-06-28 14:26:00.000000000,BEST_ASK,"JPM,99968,195"
2019-06-28 14:26:00.000000000,LAST_TRADE,"7,$99252.0000"
2019-06-28 14:26:00.000000000,QUERY_SPREAD,101
2019-06-28 14:26:00.000000000,QUERY_ORDER_STREAM,101
2019-06-28 14:26:01.657668857,QUERY_SPREAD,2
2019-06-28 14:26:01.657668857,BEST_BID,"JPM,99945,100"
2019-06-28 14:26:01.657668857,BEST_ASK,"JPM,99968,195"
2019-06-28 14:26:04.991895934,QUERY_SPREAD,27
2019-06-28 14:26:04.991895934,BEST_BID,"JPM,99945,100"
2019-06-28 14:26:04.991895934,BEST_ASK,"JPM,99967,100"
2019-06-28 14:26:10.000000000,QUERY_SPREAD,1
2019-06-28 14:26:10.000000000,BEST_BID,"JPM,99945,156"
2019-06-28 14:26:10.000000000,BEST_ASK,"JPM,99967,100"
2019-06-28 14:26:10.000000000,BEST_BID,"JPM,99945,156"
2019-06-28 14:26:10.000000000,BEST_ASK,"JPM,99967,100"
2019-06-28 14:26:10.000000000,BEST_BID,"JPM,99945,156"
2019-06-28 14:26:10.000000000,BEST_ASK,"JPM,99967,100"
2019-06-28 14:26:10.000000000,BEST_BID,"JPM,99945,156"
2019-06-28 14:26:10.000000000,BEST_ASK,"JPM,99967,156"
2019-06-28 14:26:10.000000000,BEST_BID,"JPM,99945,156"
2019-06-28 14:26:10.000000000,BEST_ASK,"JPM,99967,156"
2019-06-28 14:26:10.000000000,BEST_BID,"JPM,99945,156"
2019-06-28 14:26:10.000000000,BEST_ASK,"JPM,99967,156"
2019-06-28 14:26:10.000000000,BEST_BID,"JPM,99945,156"
2019-06-28 14:26:10.000000000,BEST_ASK,"JPM,99967,156"
2019-06-28 14:26:10.000000000,BEST_BID,"JPM,99945,156"
2019-06-28 14:26:10.000000000,BEST_ASK,"JPM,99967,156"
2019-06-28 14:26:20.000000000,QUERY_SPREAD,1
2019-06-28 14:26:20.000000000,BEST_BID,"JPM,99945,170"
2019-06-28 14:26:20.000000000,BEST_ASK,"JPM,99967,100"
2019-06-28 14:26:20.000000000,BEST_BID,"JPM,99945,170"
2019-06-28 14:26:20.000000000,BEST_ASK,"JPM,99967,100"
2019-06-28 14:26:20.000000000,BEST_BID,"JPM,99945,170"
2019-06-28 14:26:20.000000000,BEST_ASK,"JPM,99967,100"
2019-06-28 14:26:20.000000000,BEST_BID,"JPM,99945,170"
2019-06-28 14:26:20.000000000,BEST_ASK,"JPM,99967,170"
2019-06-28 14:26:20.000000000,BEST_BID,"JPM,99945,170"
2019-06-28 14:26:20.000000000,BEST_ASK,"JPM,99967,170"
2019-06-28 14:26:20.000000000,BEST_BID,"JPM,99945,170"
2019-06-28 14:26:20.000000000,BEST_ASK,"JPM,99967,170"
2019-06-28 14:26:20.000000000,BEST_BID,"JPM,99945,170"
2019-06-28 14:26:20.000000000,BEST_ASK,"JPM,99967,170"
2019-06-28 14:26:28.644774080,QUERY_SPREAD,29
2019-06-28 14:26:28.644774080,BEST_BID,"JPM,99947,100"
2019-06-28 14:26:28.644774080,BEST_ASK,"JPM,99967,170"
2019-06-28 14:26:30.000000000,QUERY_SPREAD,1
2019-06-28 14:26:30.000000000,BEST_BID,"JPM,99947,240"
2019-06-28 14:26:30.000000000,BEST_ASK,"JPM,99967,100"
2019-06-28 14:26:30.000000000,BEST_BID,"JPM,99947,240"
2019-06-28 14:26:30.000000000,BEST_ASK,"JPM,99967,100"
2019-06-28 14:26:30.000000000,BEST_BID,"JPM,99947,240"
2019-06-28 14:26:30.000000000,BEST_ASK,"JPM,99967,240"
2019-06-28 14:26:30.000000000,BEST_BID,"JPM,99947,240"
2019-06-28 14:26:30.000000000,BEST_ASK,"JPM,99967,240"
2019-06-28 14:26:40.000000000,QUERY_SPREAD,1
2019-06-28 14:26:40.000000000,BEST_BID,"JPM,99947,156"
2019-06-28 14:26:40.000000000,BEST_ASK,"JPM,99967,100"
2019-06-28 14:26:40.000000000,BEST_BID,"JPM,99947,156"
2019-06-28 14:26:40.000000000,BEST_ASK,"JPM,99967,100"
2019-06-28 14:26:40.000000000,BEST_BID,"JPM,99947,156"
2019-06-28 14:26:40.000000000,BEST_ASK,"JPM,99967,100"
2019-06-28 14:26:40.000000000,BEST_BID,"JPM,99947,156"
2019-06-28 14:26:40.000000000,BEST_ASK,"JPM,99967,100"
2019-06-28 14:26:40.000000000,BEST_BID,"JPM,99947,156"
2019-06-28 14:26:40.000000000,BEST_ASK,"JPM,99967,156"
2019-06-28 14:26:40.000000000,BEST_BID,"JPM,99947,156"
2019-06-28 14:26:40.000000000,BEST_ASK,"JPM,99967,156"
2019-06-28 14:26:40.000000000,BEST_BID,"JPM,99947,156"
2019-06-28 14:26:40.000000000,BEST_ASK,"JPM,99967,156"
2019-06-28 14:26:40.000000000,BEST_BID,"JPM,99947,156"
2019-06-28 14:26:40.000000000,BEST_ASK,"JPM,99967,156"
2019-06-28 14:26:40.000000000,BEST_BID,"JPM,99947,156"
2019-06-28 14:26:40.000000000,BEST_ASK,"JPM,99967,156"
2019-06-28 14:26:44.186562166,QUERY_SPREAD,31
2019-06-28 14:26:44.186562166,BEST_BID,"JPM,99947,156"
2019-06-28 14:26:44.186562166,BEST_ASK,"JPM,99967,56"
2019-06-28 14:26:44.186562166,LAST_TRADE,"100,$99967.0000"
2019-06-28 14:26:47.135579348,QUERY_ORDER_STREAM,62
2019-06-28 14:26:47.135579348,QUERY_SPREAD,62
2019-06-28 14:26:50.000000000,QUERY_SPREAD,1
2019-06-28 14:26:50.000000000,BEST_BID,"JPM,99947,240"
2019-06-28 14:26:50.000000000,BEST_ASK,"JPM,99968,100"
2019-06-28 14:26:50.000000000,BEST_BID,"JPM,99947,240"
2019-06-28 14:26:50.000000000,BEST_ASK,"JPM,99968,100"
2019-06-28 14:26:50.000000000,BEST_BID,"JPM,99947,240"
2019-06-28 14:26:50.000000000,BEST_ASK,"JPM,99968,240"
2019-06-28 14:26:50.000000000,BEST_BID,"JPM,99947,240"
2019-06-28 14:26:50.000000000,BEST_ASK,"JPM,99968,240"
2019-06-28 14:26:59.957921890,QUERY_ORDER_STREAM,57
2019-06-28 14:26:59.957921890,QUERY_SPREAD,57
2019-06-28 14:27:00.000000000,QUERY_SPREAD,1
2019-06-28 14:27:00.000000000,BEST_BID,"JPM,99947,170"
2019-06-28 14:27:00.000000000,BEST_ASK,"JPM,99968,100"
2019-06-28 14:27:00.000000000,BEST_BID,"JPM,99947,170"
2019-06-28 14:27:00.000000000,BEST_ASK,"JPM,99968,100"
2019-06-28 14:27:00.000000000,BEST_BID,"JPM,99947,170"
2019-06-28 14:27:00.000000000,BEST_ASK,"JPM,99968,100"
2019-06-28 14:27:00.000000000,BEST_BID,"JPM,99947,170"
2019-06-28 14:27:00.000000000,BEST_ASK,"JPM,99968,100"
2019-06-28 14:27:00.000000000,BEST_BID,"JPM,99947,170"
2019-06-28 14:27:00.000000000,BEST_ASK,"JPM,99968,170"
2019-06-28 14:27:00.000000000,BEST_BID,"JPM,99947,170"
2019-06-28 14:27:00.000000000,BEST_ASK,"JPM,99968,170"
2019-06-28 14:27:00.000000000,BEST_BID,"JPM,99947,170"
2019-06-28 14:27:00.000000000,BEST_ASK,"JPM,99968,170"
2019-06-28 14:27:00.000000000,BEST_BID,"JPM,99947,170"
2019-06-28 14:27:00.000000000,BEST_ASK,"JPM,99968,170"
2019-06-28 14:27:00.000000000,QUERY_SPREAD,77
2019-06-28 14:27:00.000000000,BEST_BID,"JPM,99947,169"
2019-06-28 14:27:00.000000000,BEST_ASK,"JPM,99968,170"
2019-06-28 14:27:00.000000000,LAST_TRADE,"1,$99947.0000"
2019-06-28 14:27:00.000000000,QUERY_SPREAD,78
2019-06-28 14:27:00.000000000,BEST_BID,"JPM,99947,165"
2019-06-28 14:27:00.000000000,BEST_ASK,"JPM,99968,170"
2019-06-28 14:27:00.000000000,LAST_TRADE,"4,$99947.0000"
2019-06-28 14:27:00.000000000,QUERY_SPREAD,79
2019-06-28 14:27:00.000000000,BEST_BID,"JPM,99947,159"
2019-06-28 14:27:00.000000000,BEST_ASK,"JPM,99968,170"
2019-06-28 14:27:00.000000000,LAST_TRADE,"6,$99947.0000"
2019-06-28 14:27:00.000000000,QUERY_SPREAD,80
2019-06-28 14:27:00.000000000,BEST_BID,"JPM,99947,154"
2019-06-28 14:27:00.000000000,BEST_ASK,"JPM,99968,170"
2019-06-28 14:27:00.000000000,LAST_TRADE,"5,$99947.0000"
2019-06-28 14:27:00.000000000,QUERY_SPREAD,81
2019-06-28 14:27:00.000000000,BEST_BID,"JPM,99947,146"
2019-06-28 14:27:00.000000000,BEST_ASK,"JPM,99968,170"
2019-06-28 14:27:00.000000000,LAST_TRADE,"8,$99947.0000"
2019-06-28 14:27:00.000000000,QUERY_SPREAD,82
2019-06-28 14:27:00.000000000,BEST_BID,"JPM,99947,138"
2019-06-28 14:27:00.000000000,BEST_ASK,"JPM,99968,170"
2019-06-28 14:27:00.000000000,LAST_TRADE,"8,$99947.0000"
2019-06-28 14:27:00.000000000,QUERY_SPREAD,83
2019-06-28 14:27:00.000000000,BEST_BID,"JPM,99947,136"
2019-06-28 14:27:00.000000000,BEST_ASK,"JPM,99968,170"
2019-06-28 14:27:00.000000000,LAST_TRADE,"2,$99947.0000"
2019-06-28 14:27:00.000000000,QUERY_SPREAD,84
2019-06-28 14:27:00.000000000,BEST_BID,"JPM,99947,135"
2019-06-28 14:27:00.000000000,BEST_ASK,"JPM,99968,170"
2019-06-28 14:27:00.000000000,LAST_TRADE,"1,$99947.0000"
2019-06-28 14:27:00.000000000,QUERY_SPREAD,85
2019-06-28 14:27:00.000000000,BEST_BID,"JPM,99947,134"
2019-06-28 14:27:00.000000000,BEST_ASK,"JPM,99968,170"
2019-06-28 14:27:00.000000000,LAST_TRADE,"1,$99947.0000"
2019-06-28 14:27:00.000000000,QUERY_SPREAD,86
2019-06-28 14:27:00.000000000,BEST_BID,"JPM,99947,128"
2019-06-28 14:27:00.000000000,BEST_ASK,"JPM,99968,170"
2019-06-28 14:27:00.000000000,LAST_TRADE,"6,$99947.0000"
2019-06-28 14:27:00.000000000,QUERY_SPREAD,87
2019-06-28 14:27:00.000000000,BEST_BID,"JPM,99947,125"
2019-06-28 14:27:00.000000000,BEST_ASK,"JPM,99968,170"
2019-06-28 14:27:00.000000000,LAST_TRADE,"3,$99947.0000"
2019-06-28 14:27:00.000000000,QUERY_SPREAD,88
2019-06-28 14:27:00.000000000,BEST_BID,"JPM,99947,121"
2019-06-28 14:27:00.000000000,BEST_ASK,"JPM,99968,170"
2019-06-28 14:27:00.000000000,LAST_TRADE,"4,$99947.0000"
2019-06-28 14:27:00.000000000,QUERY_SPREAD,89
2019-06-28 14:27:00.000000000,BEST_BID,"JPM,99947,117"
2019-06-28 14:27:00.000000000,BEST_ASK,"JPM,99968,170"
2019-06-28 14:27:00.000000000,LAST_TRADE,"4,$99947.0000"
2019-06-28 14:27:00.000000000,QUERY_SPREAD,90
2019-06-28 14:27:00.000000000,BEST_BID,"JPM,99947,110"
2019-06-28 14:27:00.000000000,BEST_ASK,"JPM,99968,170"
2019-06-28 14:27:00.000000000,LAST_TRADE,"7,$99947.0000"
2019-06-28 14:27:00.000000000,QUERY_SPREAD,91
2019-06-28 14:27:00.000000000,BEST_BID,"JPM,99947,102"
2019-06-28 14:27:00.000000000,BEST_ASK,"JPM,99968,170"
2019-06-28 14:27:00.000000000,LAST_TRADE,"8,$99947.0000"
2019-06-28 14:27:00.000000000,QUERY_SPREAD,92
2019-06-28 14:27:00.000000000,BEST_BID,"JPM,99947,97"
2019-06-28 14:27:00.000000000,BEST_ASK,"JPM,99968,170"
2019-06-28 14:27:00.000000000,LAST_TRADE,"5,$99947.0000"
2019-06-28 14:27:00.000000000,QUERY_SPREAD,93
2019-06-28 14:27:00.000000000,BEST_BID,"JPM,99947,94"
2019-06-28 14:27:00.000000000,BEST_ASK,"JPM,99968,170"
2019-06-28 14:27:00.000000000,LAST_TRADE,"3,$99947.0000"
2019-06-28 14:27:00.000000000,QUERY_SPREAD,94
2019-06-28 14:27:00.000000000,BEST_BID,"JPM,99947,90"
2019-06-28 14:27:00.000000000,BEST_ASK,"JPM,99968,170"
2019-06-28 14:27:00.000000000,LAST_TRADE,"4,$99947.0000"
2019-06-28 14:27:00.000000000,QUERY_SPREAD,95
2019-06-28 14:27:00.000000000,BEST_BID,"JPM,99947,85"
2019-06-28 14:27:00.000000000,BEST_ASK,"JPM,99968,170"
2019-06-28 14:27:00.000000000,LAST_TRADE,"5,$99947.0000"
2019-06-28 14:27:00.000000000,QUERY_SPREAD,96
2019-06-28 14:27:00.000000000,BEST_BID,"JPM,99947,84"
2019-06-28 14:27:00.000000000,BEST_ASK,"JPM,99968,170"
2019-06-28 14:27:00.000000000,LAST_TRADE,"1,$99947.0000"
2019-06-28 14:27:00.000000000,QUERY_SPREAD,97
2019-06-28 14:27:00.000000000,BEST_BID,"JPM,99947,77"
2019-06-28 14:27:00.000000000,BEST_ASK,"JPM,99968,170"
2019-06-28 14:27:00.000000000,LAST_TRADE,"7,$99947.0000"
2019-06-28 14:27:00.000000000,QUERY_SPREAD,98
2019-06-28 14:27:00.000000000,BEST_BID,"JPM,99947,71"
2019-06-28 14:27:00.000000000,BEST_ASK,"JPM,99968,170"
2019-06-28 14:27:00.000000000,LAST_TRADE,"6,$99947.0000"
2019-06-28 14:27:00.000000000,QUERY_SPREAD,99
2019-06-28 14:27:00.000000000,BEST_BID,"JPM,99947,66"
2019-06-28 14:27:00.000000000,BEST_ASK,"JPM,99968,170"
2019-06-28 14:27:00.000000000,LAST_TRADE,"5,$99947.0000"
2019-06-28 14:27:00.000000000,QUERY_SPREAD,100
2019-06-28 14:27:00.000000000,BEST_BID,"JPM,99947,59"
2019-06-28 14:27:00.000000000,BEST_ASK,"JPM,99968,170"
2019-06-28 14:27:00.000000000,LAST_TRADE,"7,$99947.0000"
2019-06-28 14:27:00.000000000,QUERY_SPREAD,101
2019-06-28 14:27:00.000000000,QUERY_ORDER_STREAM,101
2019-06-28 14:27:10.000000000,QUERY_SPREAD,1
2019-06-28 14:27:10.000000000,BEST_BID,"JPM,99945,240"
2019-06-28 14:27:10.000000000,BEST_ASK,"JPM,99968,100"
2019-06-28 14:27:10.000000000,BEST_BID,"JPM,99945,240"
2019-06-28 14:27:10.000000000,BEST_ASK,"JPM,99968,100"
2019-06-28 14:27:10.000000000,BEST_BID,"JPM,99945,240"
2019-06-28 14:27:10.000000000,BEST_ASK,"JPM,99968,240"
2019-06-28 14:27:10.000000000,BEST_BID,"JPM,99945,240"
2019-06-28 14:27:10.000000000,BEST_ASK,"JPM,99968,240"
2019-06-28 14:27:13.336792996,QUERY_SPREAD,32
2019-06-28 14:27:13.336792996,BEST_BID,"JPM,99945,240"
2019-06-28 14:27:13.336792996,BEST_ASK,"JPM,99968,140"
2019-06-28 14:27:13.336792996,LAST_TRADE,"100,$99968.0000"
2019-06-28 14:27:20.000000000,QUERY_SPREAD,1
2019-06-28 14:27:20.000000000,BEST_BID,"JPM,99945,195"
2019-06-28 14:27:20.000000000,BEST_ASK,"JPM,100049,100"
2019-06-28 14:27:20.000000000,BEST_BID,"JPM,99945,195"
2019-06-28 14:27:20.000000000,BEST_ASK,"JPM,100049,100"
2019-06-28 14:27:20.000000000,BEST_BID,"JPM,99945,195"
2019-06-28 14:27:20.000000000,BEST_ASK,"JPM,100049,100"
2019-06-28 14:27:20.000000000,BEST_BID,"JPM,99945,195"
2019-06-28 14:27:20.000000000,BEST_ASK,"JPM,100049,195"
2019-06-28 14:27:20.000000000,BEST_BID,"JPM,99945,195"
2019-06-28 14:27:20.000000000,BEST_ASK,"JPM,100049,195"
2019-06-28 14:27:20.000000000,BEST_BID,"JPM,99945,195"
2019-06-28 14:27:20.000000000,BEST_ASK,"JPM,100049,195"
2019-06-28 14:27:23.422560216,QUERY_SPREAD,30
2019-06-28 14:27:23.422560216,BEST_BID,"JPM,99945,195"
2019-06-28 14:27:23.422560216,BEST_ASK,"JPM,100049,95"
2019-06-28 14:27:23.422560216,LAST_TRADE,"100,$100049.0000"
2019-06-28 14:27:24.920486827,QUERY_SPREAD,3
2019-06-28 14:27:24.920486827,BEST_BID,"JPM,99945,195"
2019-06-28 14:27:24.920486827,BEST_ASK,"JPM,100049,95"
2019-06-28 14:27:30.000000000,QUERY_SPREAD,1
2019-06-28 14:27:30.000000000,BEST_BID,"JPM,99945,170"
2019-06-28 14:27:30.000000000,BEST_ASK,"JPM,100319,100"
2019-06-28 14:27:30.000000000,BEST_BID,"JPM,99945,170"
2019-06-28 14:27:30.000000000,BEST_ASK,"JPM,100319,100"
2019-06-28 14:27:30.000000000,BEST_BID,"JPM,99945,170"
2019-06-28 14:27:30.000000000,BEST_ASK,"JPM,100319,100"
2019-06-28 14:27:30.000000000,BEST_BID,"JPM,99945,170"
2019-06-28 14:27:30.000000000,BEST_ASK,"JPM,100319,170"
2019-06-28 14:27:30.000000000,BEST_BID,"JPM,99945,170"
2019-06-28 14:27:30.000000000,BEST_ASK,"JPM,100319,170"
2019-06-28 14:27:30.000000000,BEST_BID,"JPM,99945,170"
2019-06-28 14:27:30.000000000,BEST_ASK,"JPM,100319,170"
2019-06-28 14:27:30.000000000,BEST_BID,"JPM,99945,170"
2019-06-28 14:27:30.000000000,BEST_ASK,"JPM,100319,170"
2019-06-28 14:27:32.082035554,QUERY_SPREAD,41
2019-06-28 14:27:32.082035554,BEST_BID,"JPM,99945,170"
2019-06-28 14:27:32.082035554,BEST_ASK,"JPM,100319,170"
2019-06-28 14:27:40.000000000,QUERY_SPREAD,1
2019-06-28 14:27:40.000000000,BEST_BID,"JPM,99945,240"
2019-06-28 14:27:40.000000000,BEST_ASK,"JPM,100319,100"
2019-06-28 14:27:40.000000000,BEST_BID,"JPM,99945,240"
2019-06-28 14:27:40.000000000,BEST_ASK,"JPM,100319,100"
2019-06-28 14:27:40.000000000,BEST_BID,"JPM,99945,240"
2019-06-28 14:27:40.000000000,BEST_ASK,"JPM,100319,240"
2019-06-28 14:27:40.000000000,BEST_BID,"JPM,99945,240"
2019-06-28 14:27:40.000000000,BEST_ASK,"JPM,100319,240"
2019-06-28 14:27:48.918192306,QUERY_ORDER_STREAM,60
2019-06-28 14:27:48.918192306,QUERY_SPREAD,60
2019-06-28 14:27:50.000000000,QUERY_SPREAD,1
2019-06-28 14:27:50.000000000,BEST_BID,"JPM,99945,380"
2019-06-28 14:27:50.000000000,BEST_ASK,"JPM,100319,100"
2019-06-28 14:27:50.000000000,BEST_BID,"JPM,99945,380"
2019-06-28 14:27:50.000000000,BEST_ASK,"JPM,100319,380"
2019-06-28 14:28:00.000000000,QUERY_SPREAD,1
2019-06-28 14:28:00.000000000,BEST_BID,"JPM,99945,380"
2019-06-28 14:28:00.000000000,BEST_ASK,"JPM,100319,100"
2019-06-28 14:28:00.000000000,BEST_BID,"JPM,99945,380"
2019-06-28 14:28:00.000000000,BEST_ASK,"JPM,100319,380"
2019-06-28 14:28:00.000000000,QUERY_SPREAD,77
2019-06-28 14:28:00.000000000,BEST_BID,"JPM,99945,379"
2019-06-28 14:28:00.000000000,BEST_ASK,"JPM,100319,380"
2019-06-28 14:28:00.000000000,LAST_TRADE,"1,$99945.0000"
2019-06-28 14:28:00.000000000,QUERY_SPREAD,78
2019-06-28 14:28:00.000000000,BEST_BID,"JPM,99945,375"
2019-06-28 14:28:00.000000000,BEST_ASK,"JPM,100319,380"
2019-06-28 14:28:00.000000000,LAST_TRADE,"4,$99945.0000"
2019-06-28 14:28:00.000000000,QUERY_SPREAD,79
2019-06-28 14:28:00.000000000,BEST_BID,"JPM,99945,369"
2019-06-28 14:28:00.000000000,BEST_ASK,"JPM,100319,380"
2019-06-28 14:28:00.000000000,LAST_TRADE,"6,$99945.0000"
2019-06-28 14:28:00.000000000,QUERY_SPREAD,80
2019-06-28 14:28:00.000000000,BEST_BID,"JPM,99945,364"
2019-06-28 14:28:00.000000000,BEST_ASK,"JPM,100319,380"
2019-06-28 14:28:00.000000000,LAST_TRADE,"5,$99945.0000"
2019-06-28 14:28:00.000000000,QUERY_SPREAD,81
2019-06-28 14:28:00.000000000,BEST_BID,"JPM,99945,356"
2019-06-28 14:28:00.000000000,BEST_ASK,"JPM,100319,380"
2019-06-28 14:28:00.000000000,LAST_TRADE,"8,$99945.0000"
2019-06-28 14:28:00.000000000,QUERY_SPREAD,82
2019-06-28 14:28:00.000000000,BEST_BID,"JPM,99945,348"
2019-06-28 14:28:00.000000000,BEST_ASK,"JPM,100319,380"
2019-06-28 14:28:00.000000000,LAST_TRADE,"8,$99945.0000"
2019-06-28 14:28:00.000000000,QUERY_SPREAD,83
2019-06-28 14:28:00.000000000,BEST_BID,"JPM,99945,346"
2019-06-28 14:28:00.000000000,BEST_ASK,"JPM,100319,380"
2019-06-28 14:28:00.000000000,LAST_TRADE,"2,$99945.0000"
2019-06-28 14:28:00.000000000,QUERY_SPREAD,84
2019-06-28 14:28:00.000000000,BEST_BID,"JPM,99945,345"
2019-06-28 14:28:00.000000000,BEST_ASK,"JPM,100319,380"
2019-06-28 14:28:00.000000000,LAST_TRADE,"1,$99945.0000"
2019-06-28 14:28:00.000000000,QUERY_SPREAD,85
2019-06-28 14:28:00.000000000,BEST_BID,"JPM,99945,344"
2019-06-28 14:28:00.000000000,BEST_ASK,"JPM,100319,380"
2019-06-28 14:28:00.000000000,LAST_TRADE,"1,$99945.0000"
2019-06-28 14:28:00.000000000,QUERY_SPREAD,86
2019-06-28 14:28:00.000000000,BEST_BID,"JPM,99945,338"
2019-06-28 14:28:00.000000000,BEST_ASK,"JPM,100319,380"
2019-06-28 14:28:00.000000000,LAST_TRADE,"6,$99945.0000"
2019-06-28 14:28:00.000000000,QUERY_SPREAD,87
2019-06-28 14:28:00.000000000,BEST_BID,"JPM,99945,335"
2019-06-28 14:28:00.000000000,BEST_ASK,"JPM,100319,380"
2019-06-28 14:28:00.000000000,LAST_TRADE,"3,$99945.0000"
2019-06-28 14:28:00.000000000,QUERY_SPREAD,88
2019-06-28 14:28:00.000000000,BEST_BID,"JPM,99945,331"
2019-06-28 14:28:00.000000000,BEST_ASK,"JPM,100319,380"
2019-06-28 14:28:00.000000000,LAST_TRADE,"4,$99945.0000"
2019-06-28 14:28:00.000000000,QUERY_SPREAD,89
2019-06-28 14:28:00.000000000,BEST_BID,"JPM,99945,327"
2019-06-28 14:28:00.000000000,BEST_ASK,"JPM,100319,380"
2019-06-28 14:28:00.000000000,LAST_TRADE,"4,$99945.0000"
2019-06-28 14:28:00.000000000,QUERY_SPREAD,90
2019-06-28 14:28:00.000000000,BEST_BID,"JPM,99945,320"
2019-06-28 14:28:00.000000000,BEST_ASK,"JPM,100319,380"
2019-06-28 14:28:00.000000000,LAST_TRADE,"7,$99945.0000"
2019-06-28 14:28:00.000000000,QUERY_SPREAD,91
2019-06-28 14:28:00.000000000,BEST_BID,"JPM,99945,312"
2019-06-28 14:28:00.000000000,BEST_ASK,"JPM,100319,380"
2019-06-28 14:28:00.000000000,LAST_TRADE,"8,$99945.0000"
2019-06-28 14:28:00.000000000,QUERY_SPREAD,92
2019-06-28 14:28:00.000000000,BEST_BID,"JPM,99945,307"
2019-06-28 14:28:00.000000000,BEST_ASK,"JPM,100319,380"
2019-06-28 14:28:00.000000000,LAST_TRADE,"5,$99945.0000"
2019-06-28 14:28:00.000000000,QUERY_SPREAD,93
2019-06-28 14:28:00.000000000,BEST_BID,"JPM,99945,304"
2019-06-28 14:28:00.000000000,BEST_ASK,"JPM,100319,380"
2019-06-28 14:28:00.000000000,LAST_TRADE,"3,$99945.0000"
2019-06-28 14:28:00.000000000,QUERY_SPREAD,94
2019-06-28 14:28:00.000000000,BEST_BID,"JPM,99945,300"
2019-06-28 14:28:00.000000000,BEST_ASK,"JPM,100319,380"
2019-06-28 14:28:00.000000000,LAST_TRADE,"4,$99945.0000"
2019-06-28 14:28:00.000000000,QUERY_SPREAD,95
2019-06-28 14:28:00.000000000,BEST_BID,"JPM,99945,295"
2019-06-28 14:28:00.000000000,BEST_ASK,"JPM,100319,380"
2019-06-28 14:28:00.000000000,LAST_TRADE,"5,$99945.0000"
2019-06-28 14:28:00.000000000,QUERY_SPREAD,96
2019-06-28 14:28:00.000000000,BEST_BID,"JPM,99945,294"
2019-06-28 14:28:00.000000000,BEST_ASK,"JPM,100319,380"
2019-06-28 14:28:00.000000000,LAST_TRADE,"1,$99945.0000"
2019-06-28 14:28:00.000000000,QUERY_SPREAD,97
2019-06-28 14:28:00.000000000,BEST_BID,"JPM,99945,287"
2019-06-28 14:28:00.000000000,BEST_ASK,"JPM,100319,380"
2019-06-28 14:28:00.000000000,LAST_TRADE,"7,$99945.0000"
2019-06-28 14:28:00.000000000,QUERY_SPREAD,98
2019-06-28 14:28:00.000000000,BEST_BID,"JPM,99945,281"
2019-06-28 14:28:00.000000000,BEST_ASK,"JPM,100319,380"
2019-06-28 14:28:00.000000000,LAST_TRADE,"6,$99945.0000"
2019-06-28 14:28:00.000000000,QUERY_SPREAD,99
2019-06-28 14:28:00.000000000,BEST_BID,"JPM,99945,276"
2019-06-28 14:28:00.000000000,BEST_ASK,"JPM,100319,380"
2019-06-28 14:28:00.000000000,LAST_TRADE,"5,$99945.0000"
2019-06-28 14:28:00.000000000,QUERY_SPREAD,100
2019-06-28 14:28:00.000000000,BEST_BID,"JPM,99945,269"
2019-06-28 14:28:00.000000000,BEST_ASK,"JPM,100319,380"
2019-06-28 14:28:00.000000000,LAST_TRADE,"7,$99945.0000"
2019-06-28 14:28:00.000000000,QUERY_SPREAD,101
2019-06-28 14:28:00.000000000,QUERY_ORDER_STREAM,101
2019-06-28 14:28:10.000000000,QUERY_SPREAD,1
2019-06-28 14:28:10.000000000,BEST_BID,"JPM,98983,281"
2019-06-28 14:28:10.000000000,BEST_ASK,"JPM,100319,100"
2019-06-28 14:28:10.000000000,BEST_BID,"JPM,98983,281"
2019-06-28 14:28:10.000000000,BEST_ASK,"JPM,100319,380"
2019-06-28 14:28:11.955861904,QUERY_ORDER_STREAM,52
2019-06-28 14:28:11.955861904,QUERY_SPREAD,52
2019-06-28 14:28:20.000000000,QUERY_SPREAD,1
2019-06-28 14:28:20.000000000,BEST_BID,"JPM,98983,57"
2019-06-28 14:28:20.000000000,BEST_ASK,"JPM,100319,100"
2019-06-28 14:28:20.000000000,BEST_BID,"JPM,98983,57"
2019-06-28 14:28:20.000000000,BEST_ASK,"JPM,100319,100"
2019-06-28 14:28:20.000000000,BEST_BID,"JPM,98983,57"
2019-06-28 14:28:20.000000000,BEST_ASK,"JPM,100319,156"
2019-06-28 14:28:20.000000000,BEST_BID,"JPM,98983,57"
2019-06-28 14:28:20.000000000,BEST_ASK,"JPM,100319,156"
2019-06-28 14:28:20.000000000,BEST_BID,"JPM,98983,57"
2019-06-28 14:28:20.000000000,BEST_ASK,"JPM,100319,156"
2019-06-28 14:28:20.000000000,BEST_BID,"JPM,98983,57"
2019-06-28 14:28:20.000000000,BEST_ASK,"JPM,100319,156"
2019-06-28 14:28:20.000000000,BEST_BID,"JPM,98983,57"
2019-06-28 14:28:20.000000000,BEST_ASK,"JPM,100319,156"
2019-06-28 14:28:30.000000000,QUERY_SPREAD,1
2019-06-28 14:28:30.000000000,BEST_BID,"JPM,98983,96"
2019-06-28 14:28:30.000000000,BEST_ASK,"JPM,100319,100"
2019-06-28 14:28:30.000000000,BEST_BID,"JPM,98983,96"
2019-06-28 14:28:30.000000000,BEST_ASK,"JPM,100319,100"
2019-06-28 14:28:30.000000000,BEST_BID,"JPM,98983,96"
2019-06-28 14:28:30.000000000,BEST_ASK,"JPM,100319,195"
2019-06-28 14:28:30.000000000,BEST_BID,"JPM,98983,96"
2019-06-28 14:28:30.000000000,BEST_ASK,"JPM,100319,195"
2019-06-28 14:28:30.000000000,BEST_BID,"JPM,98983,96"
2019-06-28 14:28:30.000000000,BEST_ASK,"JPM,100319,195"
2019-06-28 14:28:40.000000000,QUERY_SPREAD,1
2019-06-28 14:28:40.000000000,BEST_BID,"JPM,98983,281"
2019-06-28 14:28:40.000000000,BEST_ASK,"JPM,100319,100"
2019-06-28 14:28:40.000000000,BEST_BID,"JPM,98983,281"
2019-06-28 14:28:40.000000000,BEST_ASK,"JPM,100319,380"
2019-06-28 14:28:43.240528065,QUERY_ORDER_STREAM,72
2019-06-28 14:28:43.240528065,QUERY_SPREAD,72
2019-06-28 14:28:43.240528065,BEST_BID,"JPM,99945,100"
2019-06-28 14:28:43.240528065,BEST_ASK,"JPM,100319,380"
2019-06-28 14:28:50.000000000,QUERY_SPREAD,1
2019-06-28 14:28:50.000000000,BEST_BID,"JPM,99945,380"
2019-06-28 14:28:50.000000000,BEST_ASK,"JPM,100319,100"
2019-06-28 14:28:50.000000000,BEST_BID,"JPM,99945,380"
2019-06-28 14:28:50.000000000,BEST_ASK,"JPM,100319,380"
2019-06-28 14:28:59.435196060,QUERY_SPREAD,37
2019-06-28 14:28:59.435196060,BEST_BID,"JPM,99945,380"
2019-06-28 14:28:59.435196060,BEST_ASK,"JPM,100319,280"
2019-06-28 14:28:59.435196060,LAST_TRADE,"100,$100319.0000"
2019-06-28 14:29:00.000000000,QUERY_SPREAD,1
2019-06-28 14:29:00.000000000,BEST_BID,"JPM,99945,195"
2019-06-28 14:29:00.000000000,BEST_ASK,"JPM,100353,100"
2019-06-28 14:29:00.000000000,BEST_BID,"JPM,99945,195"
2019-06-28 14:29:00.000000000,BEST_ASK,"JPM,100353,100"
2019-06-28 14:29:00.000000000,BEST_BID,"JPM,99945,195"
2019-06-28 14:29:00.000000000,BEST_ASK,"JPM,100353,100"
2019-06-28 14:29:00.000000000,BEST_BID,"JPM,99945,195"
2019-06-28 14:29:00.000000000,BEST_ASK,"JPM,100353,195"
2019-06-28 14:29:00.000000000,BEST_BID,"JPM,99945,195"
2019-06-28 14:29:00.000000000,BEST_ASK,"JPM,100353,195"
2019-06-28 14:29:00.000000000,BEST_BID,"JPM,99945,195"
2019-06-28 14:29:00.000000000,BEST_ASK,"JPM,100353,195"
2019-06-28 14:29:00.000000000,QUERY_SPREAD,77
2019-06-28 14:29:00.000000000,BEST_BID,"JPM,99945,194"
2019-06-28 14:29:00.000000000,BEST_ASK,"JPM,100353,195"
2019-06-28 14:29:00.000000000,LAST_TRADE,"1,$99945.0000"
2019-06-28 14:29:00.000000000,QUERY_SPREAD,78
2019-06-28 14:29:00.000000000,BEST_BID,"JPM,99945,190"
2019-06-28 14:29:00.000000000,BEST_ASK,"JPM,100353,195"
2019-06-28 14:29:00.000000000,LAST_TRADE,"4,$99945.0000"
2019-06-28 14:29:00.000000000,QUERY_SPREAD,79
2019-06-28 14:29:00.000000000,BEST_BID,"JPM,99945,184"
2019-06-28 14:29:00.000000000,BEST_ASK,"JPM,100353,195"
2019-06-28 14:29:00.000000000,LAST_TRADE,"6,$99945.0000"
2019-06-28 14:29:00.000000000,QUERY_SPREAD,80
2019-06-28 14:29:00.000000000,BEST_BID,"JPM,99945,179"
2019-06-28 14:29:00.000000000,BEST_ASK,"JPM,100353,195"
2019-06-28 14:29:00.000000000,LAST_TRADE,"5,$99945.0000"
2019-06-28 14:29:00.000000000,QUERY_SPREAD,81
2019-06-28 14:29:00.000000000,BEST_BID,"JPM,99945,171"
2019-06-28 14:29:00.000000000,BEST_ASK,"JPM,100353,195"
2019-06-28 14:29:00.000000000,LAST_TRADE,"8,$99945.0000"
2019-06-28 14:29:00.000000000,QUERY_SPREAD,82
2019-06-28 14:29:00.000000000,BEST_BID,"JPM,99945,163"
2019-06-28 14:29:00.000000000,BEST_ASK,"JPM,100353,195"
2019-06-28 14:29:00.000000000,LAST_TRADE,"8,$99945.0000"
2019-06-28 14:29:00.000000000,QUERY_SPREAD,83
2019-06-28 14:29:00.000000000,BEST_BID,"JPM,99945,161"
2019-06-28 14:29:00.000000000,BEST_ASK,"JPM,100353,195"
2019-06-28 14:29:00.000000000,LAST_TRADE,"2,$99945.0000"
2019-06-28 14:29:00.000000000,QUERY_SPREAD,84
2019-06-28 14:29:00.000000000,BEST_BID,"JPM,99945,160"
2019-06-28 14:29:00.000000000,BEST_ASK,"JPM,100353,195"
2019-06-28 14:29:00.000000000,LAST_TRADE,"1,$99945.0000"
2019-06-28 14:29:00.000000000,QUERY_SPREAD,85
2019-06-28 14:29:00.000000000,BEST_BID,"JPM,99945,159"
2019-06-28 14:29:00.000000000,BEST_ASK,"JPM,100353,195"
2019-06-28 14:29:00.000000000,LAST_TRADE,"1,$99945.0000"
2019-06-28 14:29:00.000000000,QUERY_SPREAD,86
2019-06-28 14:29:00.000000000,BEST_BID,"JPM,99945,153"
2019-06-28 14:29:00.000000000,BEST_ASK,"JPM,100353,195"
2019-06-28 14:29:00.000000000,LAST_TRADE,"6,$99945.0000"
2019-06-28 14:29:00.000000000,QUERY_SPREAD,87
2019-06-28 14:29:00.000000000,BEST_BID,"JPM,99945,150"
2019-06-28 14:29:00.000000000,BEST_ASK,"JPM,100353,195"
2019-06-28 14:29:00.000000000,LAST_TRADE,"3,$99945.0000"
2019-06-28 14:29:00.000000000,QUERY_SPREAD,88
2019-06-28 14:29:00.000000000,BEST_BID,"JPM,99945,146"
2019-06-28 14:29:00.000000000,BEST_ASK,"JPM,100353,195"
2019-06-28 14:29:00.000000000,LAST_TRADE,"4,$99945.0000"
2019-06-28 14:29:00.000000000,QUERY_SPREAD,89
2019-06-28 14:29:00.000000000,BEST_BID,"JPM,99945,142"
2019-06-28 14:29:00.000000000,BEST_ASK,"JPM,100353,195"
2019-06-28 14:29:00.000000000,LAST_TRADE,"4,$99945.0000"
2019-06-28 14:29:00.000000000,QUERY_SPREAD,90
2019-06-28 14:29:00.000000000,BEST_BID,"JPM,99945,135"
2019-06-28 14:29:00.000000000,BEST_ASK,"JPM,100353,195"
2019-06-28 14:29:00.000000000,LAST_TRADE,"7,$99945.0000"
2019-06-28 14:29:00.000000000,QUERY_SPREAD,91
2019-06-28 14:29:00.000000000,BEST_BID,"JPM,99945,127"
2019-06-28 14:29:00.000000000,BEST_ASK,"JPM,100353,195"
2019-06-28 14:29:00.000000000,LAST_TRADE,"8,$99945.0000"
2019-06-28 14:29:00.000000000,QUERY_SPREAD,92
2019-06-28 14:29:00.000000000,BEST_BID,"JPM,99945,122"
2019-06-28 14:29:00.000000000,BEST_ASK,"JPM,100353,195"
2019-06-28 14:29:00.000000000,LAST_TRADE,"5,$99945.0000"
2019-06-28 14:29:00.000000000,QUERY_SPREAD,93
2019-06-28 14:29:00.000000000,BEST_BID,"JPM,99945,119"
2019-06-28 14:29:00.000000000,BEST_ASK,"JPM,100353,195"
2019-06-28 14:29:00.000000000,LAST_TRADE,"3,$99945.0000"
2019-06-28 14:29:00.000000000,QUERY_SPREAD,94
2019-06-28 14:29:00.000000000,BEST_BID,"JPM,99945,115"
2019-06-28 14:29:00.000000000,BEST_ASK,"JPM,100353,195"
2019-06-28 14:29:00.000000000,LAST_TRADE,"4,$99945.0000"
2019-06-28 14:29:00.000000000,QUERY_SPREAD,95
2019-06-28 14:29:00.000000000,BEST_BID,"JPM,99945,110"
2019-06-28 14:29:00.000000000,BEST_ASK,"JPM,100353,195"
2019-06-28 14:29:00.000000000,LAST_TRADE,"5,$99945.0000"
2019-06-28 14:29:00.000000000,QUERY_SPREAD,96
2019-06-28 14:29:00.000000000,BEST_BID,"JPM,99945,109"
2019-06-28 14:29:00.000000000,BEST_ASK,"JPM,100353,195"
2019-06-28 14:29:00.000000000,LAST_TRADE,"1,$99945.0000"
2019-06-28 14:29:00.000000000,QUERY_SPREAD,97
2019-06-28 14:29:00.000000000,BEST_BID,"JPM,99945,102"
2019-06-28 14:29:00.000000000,BEST_ASK,"JPM,100353,195"
2019-06-28 14:29:00.000000000,LAST_TRADE,"7,$99945.0000"
2019-06-28 14:29:00.000000000,QUERY_SPREAD,98
2019-06-28 14:29:00.000000000,BEST_BID,"JPM,99945,96"
2019-06-28 14:29:00.000000000,BEST_ASK,"JPM,100353,195"
2019-06-28 14:29:00.000000000,LAST_TRADE,"6,$99945.0000"
2019-06-28 14:29:00.000000000,QUERY_SPREAD,99
2019-06-28 14:29:00.000000000,BEST_BID,"JPM,99945,91"
2019-06-28 14:29:00.000000000,BEST_ASK,"JPM,100353,195"
2019-06-28 14:29:00.000000000,LAST_TRADE,"5,$99945.0000"
2019-06-28 14:29:00.000000000,QUERY_SPREAD,100
2019-06-28 14:29:00.000000000,BEST_BID,"JPM,99945,84"
2019-06-28 14:29:00.000000000,BEST_ASK,"JPM,100353,195"
2019-06-28 14:29:00.000000000,LAST_TRADE,"7,$99945.0000"
2019-06-28 14:29:00.000000000,QUERY_SPREAD,101
2019-06-28 14:29:00.000000000,QUERY_ORDER_STREAM,101
2019-06-28 14:29:05.140173328,QUERY_SPREAD,36
2019-06-28 14:29:05.140173328,BEST_BID,"JPM,99945,84"
2019-06-28 14:29:05.140173328,BEST_ASK,"JPM,100353,95"
2019-06-28 14:29:05.140173328,LAST_TRADE,"100,$100353.0000"
2019-06-28 14:29:10.000000000,QUERY_SPREAD,1
2019-06-28 14:29:10.000000000,BEST_BID,"JPM,98983,96"
2019-06-28 14:29:10.000000000,BEST_ASK,"JPM,100440,100"
2019-06-28 14:29:10.000000000,BEST_BID,"JPM,98983,96"
2019-06-28 14:29:10.000000000,BEST_ASK,"JPM,100440,100"
2019-06-28 14:29:10.000000000,BEST_BID,"JPM,98983,96"
2019-06-28 14:29:10.000000000,BEST_ASK,"JPM,100440,195"
2019-06-28 14:29:10.000000000,BEST_BID,"JPM,98983,96"
2019-06-28 14:29:10.000000000,BEST_ASK,"JPM,100440,195"
2019-06-28 14:29:10.000000000,BEST_BID,"JPM,98983,96"
2019-06-28 14:29:10.000000000,BEST_ASK,"JPM,100440,195"
2019-06-28 14:29:20.000000000,QUERY_SPREAD,1
2019-06-28 14:29:20.000000000,BEST_BID,"JPM,98983,57"
2019-06-28 14:29:20.000000000,BEST_ASK,"JPM,100440,100"
2019-06-28 14:29:20.000000000,BEST_BID,"JPM,98983,57"
2019-06-28 14:29:20.000000000,BEST_ASK,"JPM,100440,100"
2019-06-28 14:29:20.000000000,BEST_BID,"JPM,98983,57"
2019-06-28 14:29:20.000000000,BEST_ASK,"JPM,100440,156"
2019-06-28 14:29:20.000000000,BEST_BID,"JPM,98983,57"
2019-06-28 14:29:20.000000000,BEST_ASK,"JPM,100440,156"
2019-06-28 14:29:20.000000000,BEST_BID,"JPM,98983,57"
2019-06-28 14:29:20.000000000,BEST_ASK,"JPM,100440,156"
2019-06-28 14:29:20.000000000,BEST_BID,"JPM,98983,57"
2019-06-28 14:29:20.000000000,BEST_ASK,"JPM,100440,156"
2019-06-28 14:29:20.000000000,BEST_BID,"JPM,98983,57"
2019-06-28 14:29:20.000000000,BEST_ASK,"JPM,100440,156"
2019-06-28 14:29:30.000000000,QUERY_SPREAD,1
2019-06-28 14:29:30.000000000,BEST_BID,"JPM,98983,57"
2019-06-28 14:29:30.000000000,BEST_ASK,"JPM,100440,100"
2019-06-28 14:29:30.000000000,BEST_BID,"JPM,98983,57"
2019-06-28 14:29:30.000000000,BEST_ASK,"JPM,100440,100"
2019-06-28 14:29:30.000000000,BEST_BID,"JPM,98983,57"
2019-06-28 14:29:30.000000000,BEST_ASK,"JPM,100440,156"
2019-06-28 14:29:30.000000000,BEST_BID,"JPM,98983,57"
2019-06-28 14:29:30.000000000,BEST_ASK,"JPM,100440,156"
2019-06-28 14:29:30.000000000,BEST_BID,"JPM,98983,57"
2019-06-28 14:29:30.000000000,BEST_ASK,"JPM,100440,156"
2019-06-28 14:29:30.000000000,BEST_BID,"JPM,98983,57"
2019-06-28 14:29:30.000000000,BEST_ASK,"JPM,100440,156"
2019-06-28 14:29:30.000000000,BEST_BID,"JPM,98983,57"
2019-06-28 14:29:30.000000000,BEST_ASK,"JPM,100440,156"
2019-06-28 14:29:40.000000000,QUERY_SPREAD,1
2019-06-28 14:29:40.000000000,BEST_BID,"JPM,98983,57"
2019-06-28 14:29:40.000000000,BEST_ASK,"JPM,100440,100"
2019-06-28 14:29:40.000000000,BEST_BID,"JPM,98983,57"
2019-06-28 14:29:40.000000000,BEST_ASK,"JPM,100440,100"
2019-06-28 14:29:40.000000000,BEST_BID,"JPM,98983,57"
2019-06-28 14:29:40.000000000,BEST_ASK,"JPM,100440,156"
2019-06-28 14:29:40.000000000,BEST_BID,"JPM,98983,57"
2019-06-28 14:29:40.000000000,BEST_ASK,"JPM,100440,156"
2019-06-28 14:29:40.000000000,BEST_BID,"JPM,98983,57"
2019-06-28 14:29:40.000000000,BEST_ASK,"JPM,100440,156"
2019-06-28 14:29:40.000000000,BEST_BID,"JPM,98983,57"
2019-06-28 14:29:40.000000000,BEST_ASK,"JPM,100440,156"
2019-06-28 14:29:40.000000000,BEST_BID,"JPM,98983,57"
2019-06-28 14:29:40.000000000,BEST_ASK,"JPM,100440,156"
2019-06-28 14:29:42.684780765,QUERY_SPREAD,12
2019-06-28 14:29:42.684780765,BEST_BID,"JPM,98983,57"
2019-06-28 14:29:42.684780765,BEST_ASK,"JPM,100436,100"
2019-06-28 14:29:50.000000000,QUERY_SPREAD,1
2019-06-28 14:29:50.000000000,BEST_BID,"JPM,98983,141"
2019-06-28 14:29:50.000000000,BEST_ASK,"JPM,100436,100"
2019-06-28 14:29:50.000000000,BEST_BID,"JPM,98983,141"
2019-06-28 14:29:50.000000000,BEST_ASK,"JPM,100436,100"
2019-06-28 14:29:50.000000000,BEST_BID,"JPM,98983,141"
2019-06-28 14:29:50.000000000,BEST_ASK,"JPM,100436,240"
2019-06-28 14:29:50.000000000,BEST_BID,"JPM,98983,141"
2019-06-28 14:29:50.000000000,BEST_ASK,"JPM,100436,240"
2019-06-28 14:30:00.000000000,QUERY_SPREAD,1
2019-06-28 14:30:00.000000000,BEST_BID,"JPM,98983,96"
2019-06-28 14:30:00.000000000,BEST_ASK,"JPM,100436,100"
2019-06-28 14:30:00.000000000,BEST_BID,"JPM,98983,96"
2019-06-28 14:30:00.000000000,BEST_ASK,"JPM,100436,100"
2019-06-28 14:30:00.000000000,BEST_BID,"JPM,98983,96"
2019-06-28 14:30:00.000000000,BEST_ASK,"JPM,100436,195"
2019-06-28 14:30:00.000000000,BEST_BID,"JPM,98983,96"
2019-06-28 14:30:00.000000000,BEST_ASK,"JPM,100436,195"
2019-06-28 14:30:00.000000000,BEST_BID,"JPM,98983,96"
2019-06-28 14:30:00.000000000,BEST_ASK,"JPM,100436,195"
2019-06-28 14:30:00.000000000,QUERY_SPREAD,77
2019-06-28 14:30:00.000000000,BEST_BID,"JPM,98983,95"
2019-06-28 14:30:00.000000000,BEST_ASK,"JPM,100436,195"
2019-06-28 14:30:00.000000000,LAST_TRADE,"1,$98983.0000"
2019-06-28 14:30:00.000000000,QUERY_SPREAD,78
2019-06-28 14:30:00.000000000,BEST_BID,"JPM,98983,91"
2019-06-28 14:30:00.000000000,BEST_ASK,"JPM,100436,195"
2019-06-28 14:30:00.000000000,LAST_TRADE,"4,$98983.0000"
2019-06-28 14:30:00.000000000,QUERY_SPREAD,79
2019-06-28 14:30:00.000000000,BEST_BID,"JPM,98983,85"
2019-06-28 14:30:00.000000000,BEST_ASK,"JPM,100436,195"
2019-06-28 14:30:00.000000000,LAST_TRADE,"6,$98983.0000"
2019-06-28 14:30:00.000000000,QUERY_SPREAD,80
2019-06-28 14:30:00.000000000,BEST_BID,"JPM,98983,80"
2019-06-28 14:30:00.000000000,BEST_ASK,"JPM,100436,195"
2019-06-28 14:30:00.000000000,LAST_TRADE,"5,$98983.0000"
2019-06-28 14:30:00.000000000,QUERY_SPREAD,81
2019-06-28 14:30:00.000000000,BEST_BID,"JPM,98983,72"
2019-06-28 14:30:00.000000000,BEST_ASK,"JPM,100436,195"
2019-06-28 14:30:00.000000000,LAST_TRADE,"8,$98983.0000"
2019-06-28 14:30:00.000000000,QUERY_SPREAD,82
2019-06-28 14:30:00.000000000,BEST_BID,"JPM,98983,64"
2019-06-28 14:30:00.000000000,BEST_ASK,"JPM,100436,195"
2019-06-28 14:30:00.000000000,LAST_TRADE,"8,$98983.0000"
2019-06-28 14:30:00.000000000,QUERY_SPREAD,83
2019-06-28 14:30:00.000000000,BEST_BID,"JPM,98983,62"
2019-06-28 14:30:00.000000000,BEST_ASK,"JPM,100436,195"
2019-06-28 14:30:00.000000000,LAST_TRADE,"2,$98983.0000"
2019-06-28 14:30:00.000000000,QUERY_SPREAD,84
2019-06-28 14:30:00.000000000,BEST_BID,"JPM,98983,61"
2019-06-28 14:30:00.000000000,BEST_ASK,"JPM,100436,195"
2019-06-28 14:30:00.000000000,LAST_TRADE,"1,$98983.0000"
2019-06-28 14:30:00.000000000,QUERY_SPREAD,85
2019-06-28 14:30:00.000000000,BEST_BID,"JPM,98983,60"
2019-06-28 14:30:00.000000000,BEST_ASK,"JPM,100436,195"
2019-06-28 14:30:00.000000000,LAST_TRADE,"1,$98983.0000"
2019-06-28 14:30:00.000000000,QUERY_SPREAD,86
2019-06-28 14:30:00.000000000,BEST_BID,"JPM,98983,54"
2019-06-28 14:30:00.000000000,BEST_ASK,"JPM,100436,195"
2019-06-28 14:30:00.000000000,LAST_TRADE,"6,$98983.0000"
2019-06-28 14:30:00.000000000,QUERY_SPREAD,87
2019-06-28 14:30:00.000000000,BEST_BID,"JPM,98983,51"
2019-06-28 14:30:00.000000000,BEST_ASK,"JPM,100436,195"
2019-06-28 14:30:00.000000000,LAST_TRADE,"3,$98983.0000"
2019-06-28 14:30:00.000000000,QUERY_SPREAD,88
2019-06-28 14:30:00.000000000,BEST_BID,"JPM,98983,47"
2019-06-28 14:30:00.000000000,BEST_ASK,"JPM,100436,195"
2019-06-28 14:30:00.000000000,LAST_TRADE,"4,$98983.0000"
2019-06-28 14:30:00.000000000,QUERY_SPREAD,89
2019-06-28 14:30:00.000000000,BEST_BID,"JPM,98983,43"
2019-06-28 14:30:00.000000000,BEST_ASK,"JPM,100436,195"
2019-06-28 14:30:00.000000000,LAST_TRADE,"4,$98983.0000"
2019-06-28 14:30:00.000000000,QUERY_SPREAD,90
2019-06-28 14:30:00.000000000,BEST_BID,"JPM,98983,36"
2019-06-28 14:30:00.000000000,BEST_ASK,"JPM,100436,195"
2019-06-28 14:30:00.000000000,LAST_TRADE,"7,$98983.0000"
2019-06-28 14:30:00.000000000,QUERY_SPREAD,91
2019-06-28 14:30:00.000000000,BEST_BID,"JPM,98983,28"
2019-06-28 14:30:00.000000000,BEST_ASK,"JPM,100436,195"
2019-06-28 14:30:00.000000000,LAST_TRADE,"8,$98983.0000"
2019-06-28 14:30:00.000000000,QUERY_SPREAD,92
2019-06-28 14:30:00.000000000,BEST_BID,"JPM,98983,23"
2019-06-28 14:30:00.000000000,BEST_ASK,"JPM,100436,195"
2019-06-28 14:30:00.000000000,LAST_TRADE,"5,$98983.0000"
2019-06-28 14:30:00.000000000,QUERY_SPREAD,93
2019-06-28 14:30:00.000000000,BEST_BID,"JPM,98983,20"
2019-06-28 14:30:00.000000000,BEST_ASK,"JPM,100436,195"
2019-06-28 14:30:00.000000000,LAST_TRADE,"3,$98983.0000"
2019-06-28 14:30:00.000000000,QUERY_SPREAD,94
2019-06-28 14:30:00.000000000,BEST_BID,"JPM,98983,16"
2019-06-28 14:30:00.000000000,BEST_ASK,"JPM,100436,195"
2019-06-28 14:30:00.000000000,LAST_TRADE,"4,$98983.0000"
2019-06-28 14:30:00.000000000,QUERY_SPREAD,95
2019-06-28 14:30:00.000000000,BEST_BID,"JPM,98983,11"
2019-06-28 14:30:00.000000000,BEST_ASK,"JPM,100436,195"
2019-06-28 14:30:00.000000000,LAST_TRADE,"5,$98983.0000"
2019-06-28 14:30:00.000000000,QUERY_SPREAD,96
2019-06-28 14:30:00.000000000,BEST_BID,"JPM,98983,10"
2019-06-28 14:30:00.000000000,BEST_ASK,"JPM,100436,195"
2019-06-28 14:30:00.000000000,LAST_TRADE,"1,$98983.0000"
2019-06-28 14:30:00.000000000,QUERY_SPREAD,97
2019-06-28 14:30:00.000000000,BEST_BID,"JPM,98983,3"
2019-06-28 14:30:00.000000000,BEST_ASK,"JPM,100436,195"
2019-06-28 14:30:00.000000000,LAST_TRADE,"7,$98983.0000"
2019-06-28 14:30:00.000000000,QUERY_SPREAD,98
2019-06-28 14:30:00.000000000,BEST_BID,"JPM,98982,92"
2019-06-28 14:30:00.000000000,BEST_ASK,"JPM,98983,3"
2019-06-28 14:30:00.000000000,LAST_TRADE,"3,$98983.0000"
2019-06-28 14:30:00.000000000,QUERY_SPREAD,99
2019-06-28 14:30:00.000000000,BEST_BID,"JPM,98982,87"
2019-06-28 14:30:00.000000000,BEST_ASK,"JPM,98983,3"
2019-06-28 14:30:00.000000000,LAST_TRADE,"5,$98982.0000"
2019-06-28 14:30:00.000000000,QUERY_SPREAD,100
2019-06-28 14:30:00.000000000,BEST_BID,"JPM,98982,80"
2019-06-28 14:30:00.000000000,BEST_ASK,"JPM,98983,3"
2019-06-28 14:30:00.000000000,LAST_TRADE,"7,$98982.0000"
2019-06-28 14:30:00.000000000,QUERY_SPREAD,101
2019-06-28 14:30:00.000000000,QUERY_ORDER_STREAM,101
2019-06-28 14:30:00.000000000,BEST_BID,"JPM,98982,81"
2019-06-28 14:30:00.000000000,BEST_ASK,"JPM,98983,3"
2019-06-28 14:30:10.000000000,QUERY_SPREAD,1
2019-06-28 14:30:10.000000000,BEST_BID,"JPM,98982,96"
2019-06-28 14:30:10.000000000,BEST_ASK,"JPM,98983,3"
2019-06-28 14:30:10.000000000,BEST_BID,"JPM,98982,96"
2019-06-28 14:30:10.000000000,BEST_ASK,"JPM,98983,3"
2019-06-28 14:30:10.000000000,BEST_BID,"JPM,98982,96"
2019-06-28 14:30:10.000000000,BEST_ASK,"JPM,98983,98"
2019-06-28 14:30:10.000000000,BEST_BID,"JPM,98982,96"
2019-06-28 14:30:10.000000000,BEST_ASK,"JPM,98983,98"
2019-06-28 14:30:10.000000000,BEST_BID,"JPM,98982,96"
2019-06-28 14:30:10.000000000,BEST_ASK,"JPM,98983,98"
2019-06-28 14:30:15.268666689,QUERY_SPREAD,18
2019-06-28 14:30:15.268666689,BEST_BID,"JPM,98982,96"
2019-06-28 14:30:15.268666689,BEST_ASK,"JPM,98983,98"
2019-06-28 14:30:20.000000000,QUERY_SPREAD,1
2019-06-28 14:30:20.000000000,BEST_BID,"JPM,98982,281"
2019-06-28 14:30:20.000000000,BEST_ASK,"JPM,98983,3"
2019-06-28 14:30:20.000000000,BEST_BID,"JPM,98982,281"
2019-06-28 14:30:20.000000000,BEST_ASK,"JPM,98983,283"
2019-06-28 14:30:30.000000000,QUERY_SPREAD,1
2019-06-28 14:30:30.000000000,BEST_BID,"JPM,98982,57"
2019-06-28 14:30:30.000000000,BEST_ASK,"JPM,98983,3"
2019-06-28 14:30:30.000000000,BEST_BID,"JPM,98982,57"
2019-06-28 14:30:30.000000000,BEST_ASK,"JPM,98983,3"
2019-06-28 14:30:30.000000000,BEST_BID,"JPM,98982,57"
2019-06-28 14:30:30.000000000,BEST_ASK,"JPM,98983,59"
2019-06-28 14:30:30.000000000,BEST_BID,"JPM,98982,57"
2019-06-28 14:30:30.000000000,BEST_ASK,"JPM,98983,59"
2019-06-28 14:30:30.000000000,BEST_BID,"JPM,98982,57"
2019-06-28 14:30:30.000000000,BEST_ASK,"JPM,98983,59"
2019-06-28 14:30:30.000000000,BEST_BID,"JPM,98982,57"
2019-06-28 14:30:30.000000000,BEST_ASK,"JPM,98983,59"
2019-06-28 14:30:30.000000000,BEST_BID,"JPM,98982,57"
2019-06-28 14:30:30.000000000,BEST_ASK,"JPM,98983,59"
2019-06-28 14:30:31.729048399,QUERY_ORDER_STREAM,54
2019-06-28 14:30:31.729048399,QUERY_SPREAD,54
2019-06-28 14:30:34.011274584,QUERY_SPREAD,8
2019-06-28 14:30:34.011274584,BEST_BID,"JPM,98983,41"
2019-06-28 14:30:34.011274584,BEST_ASK,"JPM,100154,156"
2019-06-28 14:30:34.011274584,LAST_TRADE,"59,$98983.0000"
2019-06-28 14:30:40.000000000,QUERY_SPREAD,1
2019-06-28 14:30:40.000000000,BEST_BID,"JPM,98983,136"
2019-06-28 14:30:40.000000000,BEST_ASK,"JPM,100154,100"
2019-06-28 14:30:40.000000000,BEST_BID,"JPM,98983,136"
2019-06-28 14:30:40.000000000,BEST_ASK,"JPM,100154,100"
2019-06-28 14:30:40.000000000,BEST_BID,"JPM,98983,136"
2019-06-28 14:30:40.000000000,BEST_ASK,"JPM,100154,100"
2019-06-28 14:30:40.000000000,BEST_BID,"JPM,98983,136"
2019-06-28 14:30:40.000000000,BEST_ASK,"JPM,100154,195"
2019-06-28 14:30:40.000000000,BEST_BID,"JPM,98983,136"
2019-06-28 14:30:40.000000000,BEST_ASK,"JPM,100154,195"
2019-06-28 14:30:40.000000000,BEST_BID,"JPM,98983,136"
2019-06-28 14:30:40.000000000,BEST_ASK,"JPM,100154,195"
2019-06-28 14:30:42.420567363,QUERY_SPREAD,25
2019-06-28 14:30:42.420567363,BEST_BID,"JPM,98983,136"
2019-06-28 14:30:42.420567363,BEST_ASK,"JPM,100154,195"
2019-06-28 14:30:43.971498113,QUERY_SPREAD,14
2019-06-28 14:30:43.971498113,BEST_BID,"JPM,98983,136"
2019-06-28 14:30:43.971498113,BEST_ASK,"JPM,100154,95"
2019-06-28 14:30:43.971498113,LAST_TRADE,"100,$100154.0000"
2019-06-28 14:30:50.000000000,QUERY_SPREAD,1
2019-06-28 14:30:50.000000000,BEST_BID,"JPM,98983,181"
2019-06-28 14:30:50.000000000,BEST_ASK,"JPM,100241,100"
2019-06-28 14:30:50.000000000,BEST_BID,"JPM,98983,181"
2019-06-28 14:30:50.000000000,BEST_ASK,"JPM,100241,100"
2019-06-28 14:30:50.000000000,BEST_BID,"JPM,98983,181"
2019-06-28 14:30:50.000000000,BEST_ASK,"JPM,100241,240"
2019-06-28 14:30:50.000000000,BEST_BID,"JPM,98983,181"
2019-06-28 14:30:50.000000000,BEST_ASK,"JPM,100241,240"
2019-06-28 14:31:00.000000000,QUERY_SPREAD,1
2019-06-28 14:31:00.000000000,BEST_BID,"JPM,98983,321"
2019-06-28 14:31:00.000000000,BEST_ASK,"JPM,100241,100"
2019-06-28 14:31:00.000000000,BEST_BID,"JPM,98983,321"
2019-06-28 14:31:00.000000000,BEST_ASK,"JPM,100241,380"
2019-06-28 14:31:00.000000000,QUERY_SPREAD,77
2019-06-28 14:31:00.000000000,BEST_BID,"JPM,98983,320"
2019-06-28 14:31:00.000000000,BEST_ASK,"JPM,100241,380"
2019-06-28 14:31:00.000000000,LAST_TRADE,"1,$98983.0000"
2019-06-28 14:31:00.000000000,QUERY_SPREAD,78
2019-06-28 14:31:00.000000000,BEST_BID,"JPM,98983,316"
2019-06-28 14:31:00.000000000,BEST_ASK,"JPM,100241,380"
2019-06-28 14:31:00.000000000,LAST_TRADE,"4,$98983.0000"
2019-06-28 14:31:00.000000000,QUERY_SPREAD,79
2019-06-28 14:31:00.000000000,BEST_BID,"JPM,98983,310"
2019-06-28 14:31:00.000000000,BEST_ASK,"JPM,100241,380"
2019-06-28 14:31:00.000000000,LAST_TRADE,"6,$98983.0000"
2019-06-28 14:31:00.000000000,QUERY_SPREAD,80
2019-06-28 14:31:00.000000000,BEST_BID,"JPM,98983,305"
2019-06-28 14:31:00.000000000,BEST_ASK,"JPM,100241,380"
2019-06-28 14:31:00.000000000,LAST_TRADE,"5,$98983.0000"
2019-06-28 14:31:00.000000000,QUERY_SPREAD,81
2019-06-28 14:31:00.000000000,BEST_BID,"JPM,98983,297"
2019-06-28 14:31:00.000000000,BEST_ASK,"JPM,100241,380"
2019-06-28 14:31:00.000000000,LAST_TRADE,"8,$98983.0000"
2019-06-28 14:31:00.000000000,QUERY_SPREAD,82
2019-06-28 14:31:00.000000000,BEST_BID,"JPM,98983,289"
2019-06-28 14:31:00.000000000,BEST_ASK,"JPM,100241,380"
2019-06-28 14:31:00.000000000,LAST_TRADE,"8,$98983.0000"
2019-06-28 14:31:00.000000000,QUERY_SPREAD,83
2019-06-28 14:31:00.000000000,BEST_BID,"JPM,98983,287"
2019-06-28 14:31:00.000000000,BEST_ASK,"JPM,100241,380"
2019-06-28 14:31:00.000000000,LAST_TRADE,"2,$98983.0000"
2019-06-28 14:31:00.000000000,QUERY_SPREAD,84
2019-06-28 14:31:00.000000000,BEST_BID,"JPM,98983,286"
2019-06-28 14:31:00.000000000,BEST_ASK,"JPM,100241,380"
2019-06-28 14:31:00.000000000,LAST_TRADE,"1,$98983.0000"
2019-06-28 14:31:00.000000000,QUERY_SPREAD,85
2019-06-28 14:31:00.000000000,BEST_BID,"JPM,98983,285"
2019-06-28 14:31:00.000000000,BEST_ASK,"JPM,100241,380"
2019-06-28 14:31:00.000000000,LAST_TRADE,"1,$98983.0000"
2019-06-28 14:31:00.000000000,QUERY_SPREAD,86
2019-06-28 14:31:00.000000000,BEST_BID,"JPM,98983,279"
2019-06-28 14:31:00.000000000,BEST_ASK,"JPM,100241,380"
2019-06-28 14:31:00.000000000,LAST_TRADE,"6,$98983.0000"
2019-06-28 14:31:00.000000000,QUERY_SPREAD,87
2019-06-28 14:31:00.000000000,BEST_BID,"JPM,98983,276"
2019-06-28 14:31:00.000000000,BEST_ASK,"JPM,100241,380"
2019-06-28 14:31:00.000000000,LAST_TRADE,"3,$98983.0000"
2019-06-28 14:31:00.000000000,QUERY_SPREAD,88
2019-06-28 14:31:00.000000000,BEST_BID,"JPM,98983,272"
2019-06-28 14:31:00.000000000,BEST_ASK,"JPM,100241,380"
2019-06-28 14:31:00.000000000,LAST_TRADE,"4,$98983.0000"
2019-06-28 14:31:00.000000000,QUERY_SPREAD,89
2019-06-28 14:31:00.000000000,BEST_BID,"JPM,98983,268"
2019-06-28 14:31:00.000000000,BEST_ASK,"JPM,100241,380"
2019-06-28 14:31:00.000000000,LAST_TRADE,"4,$98983.0000"
2019-06-28 14:31:00.000000000,QUERY_SPREAD,90
2019-06-28 14:31:00.000000000,BEST_BID,"JPM,98983,261"
2019-06-28 14:31:00.000000000,BEST_ASK,"JPM,100241,380"
2019-06-28 14:31:00.000000000,LAST_TRADE,"7,$98983.0000"
2019-06-28 14:31:00.000000000,QUERY_SPREAD,91
2019-06-28 14:31:00.000000000,BEST_BID,"JPM,98983,253"
2019-06-28 14:31:00.000000000,BEST_ASK,"JPM,100241,380"
2019-06-28 14:31:00.000000000,LAST_TRADE,"8,$98983.0000"
2019-06-28 14:31:00.000000000,QUERY_SPREAD,92
2019-06-28 14:31:00.000000000,BEST_BID,"JPM,98983,248"
2019-06-28 14:31:00.000000000,BEST_ASK,"JPM,100241,380"
2019-06-28 14:31:00.000000000,LAST_TRADE,"5,$98983.0000"
2019-06-28 14:31:00.000000000,QUERY_SPREAD,93
2019-06-28 14:31:00.000000000,BEST_BID,"JPM,98983,245"
2019-06-28 14:31:00.000000000,BEST_ASK,"JPM,100241,380"
2019-06-28 14:31:00.000000000,LAST_TRADE,"3,$98983.0000"
2019-06-28 14:31:00.000000000,QUERY_SPREAD,94
2019-06-28 14:31:00.000000000,BEST_BID,"JPM,98983,241"
2019-06-28 14:31:00.000000000,BEST_ASK,"JPM,100241,380"
2019-06-28 14:31:00.000000000,LAST_TRADE,"4,$98983.0000"
2019-06-28 14:31:00.000000000,QUERY_SPREAD,95
2019-06-28 14:31:00.000000000,BEST_BID,"JPM,98983,236"
2019-06-28 14:31:00.000000000,BEST_ASK,"JPM,100241,380"
2019-06-28 14:31:00.000000000,LAST_TRADE,"5,$98983.0000"
2019-06-28 14:31:00.000000000,QUERY_SPREAD,96
2019-06-28 14:31:00.000000000,BEST_BID,"JPM,98983,235"
2019-06-28 14:31:00.000000000,BEST_ASK,"JPM,100241,380"
2019-06-28 14:31:00.000000000,LAST_TRADE,"1,$98983.0000"
2019-06-28 14:31:00.000000000,QUERY_SPREAD,97
2019-06-28 14:31:00.000000000,BEST_BID,"JPM,98983,228"
2019-06-28 14:31:00.000000000,BEST_ASK,"JPM,100241,380"
2019-06-28 14:31:00.000000000,LAST_TRADE,"7,$98983.0000"
2019-06-28 14:31:00.000000000,QUERY_SPREAD,98
2019-06-28 14:31:00.000000000,BEST_BID,"JPM,98983,222"
2019-06-28 14:31:00.000000000,BEST_ASK,"JPM,100241,380"
2019-06-28 14:31:00.000000000,LAST_TRADE,"6,$98983.0000"
2019-06-28 14:31:00.000000000,QUERY_SPREAD,99
2019-06-28 14:31:00.000000000,BEST_BID,"JPM,98983,217"
2019-06-28 14:31:00.000000000,BEST_ASK,"JPM,100241,380"
2019-06-28 14:31:00.000000000,LAST_TRADE,"5,$98983.0000"
2019-06-28 14:31:00.000000000,QUERY_SPREAD,100
2019-06-28 14:31:00.000000000,BEST_BID,"JPM,98983,210"
2019-06-28 14:31:00.000000000,BEST_ASK,"JPM,100241,380"
2019-06-28 14:31:00.000000000,LAST_TRADE,"7,$98983.0000"
2019-06-28 14:31:00.000000000,QUERY_SPREAD,101
2019-06-28 14:31:00.000000000,QUERY_ORDER_STREAM,101
2019-06-28 14:31:09.149455433,QUERY_SPREAD,32
2019-06-28 14:31:09.149455433,BEST_BID,"JPM,98983,210"
2019-06-28 14:31:09.149455433,BEST_ASK,"JPM,100241,380"
2019-06-28 14:31:10.000000000,QUERY_SPREAD,1
2019-06-28 14:31:10.000000000,BEST_BID,"JPM,98982,57"
2019-06-28 14:31:10.000000000,BEST_ASK,"JPM,100241,100"
2019-06-28 14:31:10.000000000,BEST_BID,"JPM,98982,57"
2019-06-28 14:31:10.000000000,BEST_ASK,"JPM,100241,100"
2019-06-28 14:31:10.000000000,BEST_BID,"JPM,98982,57"
2019-06-28 14:31:10.000000000,BEST_ASK,"JPM,100241,156"
2019-06-28 14:31:10.000000000,BEST_BID,"JPM,98982,57"
2019-06-28 14:31:10.000000000,BEST_ASK,"JPM,100241,156"
2019-06-28 14:31:10.000000000,BEST_BID,"JPM,98982,57"
2019-06-28 14:31:10.000000000,BEST_ASK,"JPM,100241,156"
2019-06-28 14:31:10.000000000,BEST_BID,"JPM,98982,57"
2019-06-28 14:31:10.000000000,BEST_ASK,"JPM,100241,156"
2019-06-28 14:31:10.000000000,BEST_BID,"JPM,98982,57"
2019-06-28 14:31:10.000000000,BEST_ASK,"JPM,100241,156"
2019-06-28 14:31:13.678220782,QUERY_ORDER_STREAM,74
2019-06-28 14:31:13.678220782,QUERY_SPREAD,74
2019-06-28 14:31:13.678220782,BEST_BID,"JPM,98983,100"
2019-06-28 14:31:13.678220782,BEST_ASK,"JPM,100241,156"
2019-06-28 14:31:20.000000000,QUERY_SPREAD,1
2019-06-28 14:31:20.000000000,BEST_BID,"JPM,98983,156"
2019-06-28 14:31:20.000000000,BEST_ASK,"JPM,100241,100"
2019-06-28 14:31:20.000000000,BEST_BID,"JPM,98983,156"
2019-06-28 14:31:20.000000000,BEST_ASK,"JPM,100241,100"
2019-06-28 14:31:20.000000000,BEST_BID,"JPM,98983,156"
2019-06-28 14:31:20.000000000,BEST_ASK,"JPM,100241,100"
2019-06-28 14:31:20.000000000,BEST_BID,"JPM,98983,156"
2019-06-28 14:31:20.000000000,BEST_ASK,"JPM,100241,156"
2019-06-28 14:31:20.000000000,BEST_BID,"JPM,98983,156"
2019-06-28 14:31:20.000000000,BEST_ASK,"JPM,100241,156"
2019-06-28 14:31:20.000000000,BEST_BID,"JPM,98983,156"
2019-06-28 14:31:20.000000000,BEST_ASK,"JPM,100241,156"
2019-06-28 14:31:20.000000000,BEST_BID,"JPM,98983,156"
2019-06-28 14:31:20.000000000,BEST_ASK,"JPM,100241,156"
2019-06-28 14:31:20.000000000,BEST_BID,"JPM,98983,156"
2019-06-28 14:31:20.000000000,BEST_ASK,"JPM,100241,156"
2019-06-28 14:31:30.000000000,QUERY_SPREAD,1
2019-06-28 14:31:30.000000000,BEST_BID,"JPM,98983,195"
2019-06-28 14:31:30.000000000,BEST_ASK,"JPM,100241,100"
2019-06-28 14:31:30.000000000,BEST_BID,"JPM,98983,195"
2019-06-28 14:31:30.000000000,BEST_ASK,"JPM,100241,100"
2019-06-28 14:31:30.000000000,BEST_BID,"JPM,98983,195"
2019-06-28 14:31:30.000000000,BEST_ASK,"JPM,100241,100"
2019-06-28 14:31:30.000000000,BEST_BID,"JPM,98983,195"
2019-06-28 14:31:30.000000000,BEST_ASK,"JPM,100241,195"
2019-06-28 14:31:30.000000000,BEST_BID,"JPM,98983,195"
2019-06-28 14:31:30.000000000,BEST_ASK,"JPM,100241,195"
2019-06-28 14:31:30.000000000,BEST_BID,"JPM,98983,195"
2019-06-28 14:31:30.000000000,BEST_ASK,"JPM,100241,195"
2019-06-28 14:31:31.869758979,QUERY_ORDER_STREAM,75
2019-06-28 14:31:31.869758979,QUERY_SPREAD,75
2019-06-28 14:31:31.869758979,BEST_BID,"JPM,98983,295"
2019-06-28 14:31:31.869758979,BEST_ASK,"JPM,100241,195"
2019-06-28 14:31:34.716441167,QUERY_SPREAD,39
2019-06-28 14:31:34.716441167,BEST_BID,"JPM,98983,295"
2019-06-28 14:31:34.716441167,BEST_ASK,"JPM,100241,195"
2019-06-28 14:31:40.000000000,QUERY_SPREAD,1
2019-06-28 14:31:40.000000000,BEST_BID,"JPM,98983,480"
2019-06-28 14:31:40.000000000,BEST_ASK,"JPM,100241,100"
2019-06-28 14:31:40.000000000,BEST_BID,"JPM,98983,480"
2019-06-28 14:31:40.000000000,BEST_ASK,"JPM,100241,380"
2019-06-28 14:31:50.000000000,QUERY_SPREAD,1
2019-06-28 14:31:50.000000000,BEST_BID,"JPM,98983,256"
2019-06-28 14:31:50.000000000,BEST_ASK,"JPM,100241,100"
2019-06-28 14:31:50.000000000,BEST_BID,"JPM,98983,256"
2019-06-28 14:31:50.000000000,BEST_ASK,"JPM,100241,100"
2019-06-28 14:31:50.000000000,BEST_BID,"JPM,98983,256"
2019-06-28 14:31:50.000000000,BEST_ASK,"JPM,100241,100"
2019-06-28 14:31:50.000000000,BEST_BID,"JPM,98983,256"
2019-06-28 14:31:50.000000000,BEST_ASK,"JPM,100241,156"
2019-06-28 14:31:50.000000000,BEST_BID,"JPM,98983,256"
2019-06-28 14:31:50.000000000,BEST_ASK,"JPM,100241,156"
2019-06-28 14:31:50.000000000,BEST_BID,"JPM,98983,256"
2019-06-28 14:31:50.000000000,BEST_ASK,"JPM,100241,156"
2019-06-28 14:31:50.000000000,BEST_BID,"JPM,98983,256"
2019-06-28 14:31:50.000000000,BEST_ASK,"JPM,100241,156"
2019-06-28 14:31:50.000000000,BEST_BID,"JPM,98983,256"
2019-06-28 14:31:50.000000000,BEST_ASK,"JPM,100241,156"
2019-06-28 14:31:50.627062095,QUERY_ORDER_STREAM,61
2019-06-28 14:31:50.627062095,QUERY_SPREAD,61
2019-06-28 14:31:50.627062095,BEST_BID,"JPM,98983,356"
2019-06-28 14:31:50.627062095,BEST_ASK,"JPM,100241,156"
2019-06-28 14:31:51.675166218,QUERY_SPREAD,48
2019-06-28 14:31:51.675166218,BEST_BID,"JPM,98983,356"
2019-06-28 14:31:51.675166218,BEST_ASK,"JPM,100241,56"
2019-06-28 14:31:51.675166218,LAST_TRADE,"100,$100241.0000"
2019-06-28 14:32:00.000000000,QUERY_SPREAD,1
2019-06-28 14:32:00.000000000,BEST_BID,"JPM,98983,370"
2019-06-28 14:32:00.000000000,BEST_ASK,"JPM,100416,100"
2019-06-28 14:32:00.000000000,BEST_BID,"JPM,98983,370"
2019-06-28 14:32:00.000000000,BEST_ASK,"JPM,100416,100"
2019-06-28 14:32:00.000000000,BEST_BID,"JPM,98983,370"
2019-06-28 14:32:00.000000000,BEST_ASK,"JPM,100416,100"
2019-06-28 14:32:00.000000000,BEST_BID,"JPM,98983,370"
2019-06-28 14:32:00.000000000,BEST_ASK,"JPM,100416,170"
2019-06-28 14:32:00.000000000,BEST_BID,"JPM,98983,370"
2019-06-28 14:32:00.000000000,BEST_ASK,"JPM,100416,170"
2019-06-28 14:32:00.000000000,BEST_BID,"JPM,98983,370"
2019-06-28 14:32:00.000000000,BEST_ASK,"JPM,100416,170"
2019-06-28 14:32:00.000000000,BEST_BID,"JPM,98983,370"
2019-06-28 14:32:00.000000000,BEST_ASK,"JPM,100416,170"
2019-06-28 14:32:00.000000000,QUERY_SPREAD,77
2019-06-28 14:32:00.000000000,BEST_BID,"JPM,98983,369"
2019-06-28 14:32:00.000000000,BEST_ASK,"JPM,100416,170"
2019-06-28 14:32:00.000000000,LAST_TRADE,"1,$98983.0000"
2019-06-28 14:32:00.000000000,QUERY_SPREAD,78
2019-06-28 14:32:00.000000000,BEST_BID,"JPM,98983,365"
2019-06-28 14:32:00.000000000,BEST_ASK,"JPM,100416,170"
2019-06-28 14:32:00.000000000,LAST_TRADE,"4,$98983.0000"
2019-06-28 14:32:00.000000000,QUERY_SPREAD,79
2019-06-28 14:32:00.000000000,BEST_BID,"JPM,98983,359"
2019-06-28 14:32:00.000000000,BEST_ASK,"JPM,100416,170"
2019-06-28 14:32:00.000000000,LAST_TRADE,"6,$98983.0000"
2019-06-28 14:32:00.000000000,QUERY_SPREAD,80
2019-06-28 14:32:00.000000000,BEST_BID,"JPM,98983,354"
2019-06-28 14:32:00.000000000,BEST_ASK,"JPM,100416,170"
2019-06-28 14:32:00.000000000,LAST_TRADE,"5,$98983.0000"
2019-06-28 14:32:00.000000000,QUERY_SPREAD,81
2019-06-28 14:32:00.000000000,BEST_BID,"JPM,98983,346"
2019-06-28 14:32:00.000000000,BEST_ASK,"JPM,100416,170"
2019-06-28 14:32:00.000000000,LAST_TRADE,"8,$98983.0000"
2019-06-28 14:32:00.000000000,QUERY_SPREAD,82
2019-06-28 14:32:00.000000000,BEST_BID,"JPM,98983,338"
2019-06-28 14:32:00.000000000,BEST_ASK,"JPM,100416,170"
2019-06-28 14:32:00.000000000,LAST_TRADE,"8,$98983.0000"
2019-06-28 14:32:00.000000000,QUERY_SPREAD,83
2019-06-28 14:32:00.000000000,BEST_BID,"JPM,98983,336"
2019-06-28 14:32:00.000000000,BEST_ASK,"JPM,100416,170"
2019-06-28 14:32:00.000000000,LAST_TRADE,"2,$98983.0000"
2019-06-28 14:32:00.000000000,QUERY_SPREAD,84
2019-06-28 14:32:00.000000000,BEST_BID,"JPM,98983,335"
2019-06-28 14:32:00.000000000,BEST_ASK,"JPM,100416,170"
2019-06-28 14:32:00.000000000,LAST_TRADE,"1,$98983.0000"
2019-06-28 14:32:00.000000000,QUERY_SPREAD,85
2019-06-28 14:32:00.000000000,BEST_BID,"JPM,98983,334"
2019-06-28 14:32:00.000000000,BEST_ASK,"JPM,100416,170"
2019-06-28 14:32:00.000000000,LAST_TRADE,"1,$98983.0000"
2019-06-28 14:32:00.000000000,QUERY_SPREAD,86
2019-06-28 14:32:00.000000000,BEST_BID,"JPM,98983,328"
2019-06-28 14:32:00.000000000,BEST_ASK,"JPM,100416,170"
2019-06-28 14:32:00.000000000,LAST_TRADE,"6,$98983.0000"
2019-06-28 14:32:00.000000000,QUERY_SPREAD,87
2019-06-28 14:32:00.000000000,BEST_BID,"JPM,98983,325"
2019-06-28 14:32:00.000000000,BEST_ASK,"JPM,100416,170"
2019-06-28 14:32:00.000000000,LAST_TRADE,"3,$98983.0000"
2019-06-28 14:32:00.000000000,QUERY_SPREAD,88
2019-06-28 14:32:00.000000000,BEST_BID,"JPM,98983,321"
2019-06-28 14:32:00.000000000,BEST_ASK,"JPM,100416,170"
2019-06-28 14:32:00.000000000,LAST_TRADE,"4,$98983.0000"
2019-06-28 14:32:00.000000000,QUERY_SPREAD,89
2019-06-28 14:32:00.000000000,BEST_BID,"JPM,98983,317"
2019-06-28 14:32:00.000000000,BEST_ASK,"JPM,100416,170"
2019-06-28 14:32:00.000000000,LAST_TRADE,"4,$98983.0000"
2019-06-28 14:32:00.000000000,QUERY_SPREAD,90
2019-06-28 14:32:00.000000000,BEST_BID,"JPM,98983,310"
2019-06-28 14:32:00.000000000,BEST_ASK,"JPM,100416,170"
2019-06-28 14:32:00.000000000,LAST_TRADE,"7,$98983.0000"
2019-06-28 14:32:00.000000000,QUERY_SPREAD,91
2019-06-28 14:32:00.000000000,BEST_BID,"JPM,98983,302"
2019-06-28 14:32:00.000000000,BEST_ASK,"JPM,100416,170"
2019-06-28 14:32:00.000000000,LAST_TRADE,"8,$98983.0000"
2019-06-28 14:32:00.000000000,QUERY_SPREAD,92
2019-06-28 14:32:00.000000000,BEST_BID,"JPM,98983,297"
2019-06-28 14:32:00.000000000,BEST_ASK,"JPM,100416,170"
2019-06-28 14:32:00.000000000,LAST_TRADE,"5,$98983.0000"
2019-06-28 14:32:00.000000000,QUERY_SPREAD,93
2019-06-28 14:32:00.000000000,BEST_BID,"JPM,98983,294"
2019-06-28 14:32:00.000000000,BEST_ASK,"JPM,100416,170"
2019-06-28 14:32:00.000000000,LAST_TRADE,"3,$98983.0000"
2019-06-28 14:32:00.000000000,QUERY_SPREAD,94
2019-06-28 14:32:00.000000000,BEST_BID,"JPM,98983,290"
2019-06-28 14:32:00.000000000,BEST_ASK,"JPM,100416,170"
2019-06-28 14:32:00.000000000,LAST_TRADE,"4,$98983.0000"
2019-06-28 14:32:00.000000000,QUERY_SPREAD,95
2019-06-28 14:32:00.000000000,BEST_BID,"JPM,98983,285"
2019-06-28 14:32:00.000000000,BEST_ASK,"JPM,100416,170"
2019-06-28 14:32:00.000000000,LAST_TRADE,"5,$98983.0000"
2019-06-28 14:32:00.000000000,QUERY_SPREAD,96
2019-06-28 14:32:00.000000000,BEST_BID,"JPM,98983,284"
2019-06-28 14:32:00.000000000,BEST_ASK,"JPM,100416,170"
2019-06-28 14:32:00.000000000,LAST_TRADE,"1,$98983.0000"
2019-06-28 14:32:00.000000000,QUERY_SPREAD,97
2019-06-28 14:32:00.000000000,BEST_BID,"JPM,98983,277"
2019-06-28 14:32:00.000000000,BEST_ASK,"JPM,100416,170"
2019-06-28 14:32:00.000000000,LAST_TRADE,"7,$98983.0000"
2019-06-28 14:32:00.000000000,QUERY_SPREAD,98
2019-06-28 14:32:00.000000000,BEST_BID,"JPM,98983,271"
2019-06-28 14:32:00.000000000,BEST_ASK,"JPM,100416,170"
2019-06-28 14:32:00.000000000,LAST_TRADE,"6,$98983.0000"
2019-06-28 14:32:00.000000000,QUERY_SPREAD,99
2019-06-28 14:32:00.000000000,BEST_BID,"JPM,98983,266"
2019-06-28 14:32:00.000000000,BEST_ASK,"JPM,100416,170"
2019-06-28 14:32:00.000000000,LAST_TRADE,"5,$98983.0000"
2019-06-28 14:32:00.000000000,QUERY_SPREAD,100
2019-06-28 14:32:00.000000000,BEST_BID,"JPM,98983,259"
2019-06-28 14:32:00.000000000,BEST_ASK,"JPM,100416,170"
2019-06-28 14:32:00.000000000,LAST_TRADE,"7,$98983.0000"
2019-06-28 14:32:00.000000000,QUERY_SPREAD,101
2019-06-28 14:32:00.000000000,QUERY_ORDER_STREAM,101
2019-06-28 14:32:04.682982465,QUERY_ORDER_STREAM,59
2019-06-28 14:32:04.682982465,QUERY_SPREAD,59
2019-06-28 14:32:04.682982465,BEST_BID,"JPM,98983,359"
2019-06-28 14:32:04.682982465,BEST_ASK,"JPM,100416,170"
2019-06-28 14:32:05.844459275,QUERY_SPREAD,8
2019-06-28 14:32:05.844459275,BEST_BID,"JPM,100354,100"
2019-06-28 14:32:05.844459275,BEST_ASK,"JPM,100416,170"
2019-06-28 14:32:10.000000000,QUERY_SPREAD,1
2019-06-28 14:32:10.000000000,BEST_BID,"JPM,100354,380"
2019-06-28 14:32:10.000000000,BEST_ASK,"JPM,100416,100"
2019-06-28 14:32:10.000000000,BEST_BID,"JPM,100354,380"
2019-06-28 14:32:10.000000000,BEST_ASK,"JPM,100416,380"
2019-06-28 14:32:20.000000000,QUERY_SPREAD,1
2019-06-28 14:32:20.000000000,BEST_BID,"JPM,100354,380"
2019-06-28 14:32:20.000000000,BEST_ASK,"JPM,100416,100"
2019-06-28 14:32:20.000000000,BEST_BID,"JPM,100354,380"
2019-06-28 14:32:20.000000000,BEST_ASK,"JPM,100416,380"
2019-06-28 14:32:30.000000000,QUERY_SPREAD,1
2019-06-28 14:32:30.000000000,BEST_BID,"JPM,100354,195"
2019-06-28 14:32:30.000000000,BEST_ASK,"JPM,100416,100"
2019-06-28 14:32:30.000000000,BEST_BID,"JPM,100354,195"
2019-06-28 14:32:30.000000000,BEST_ASK,"JPM,100416,100"
2019-06-28 14:32:30.000000000,BEST_BID,"JPM,100354,195"
2019-06-28 14:32:30.000000000,BEST_ASK,"JPM,100416,100"
2019-06-28 14:32:30.000000000,BEST_BID,"JPM,100354,195"
2019-06-28 14:32:30.000000000,BEST_ASK,"JPM,100416,195"
2019-06-28 14:32:30.000000000,BEST_BID,"JPM,100354,195"
2019-06-28 14:32:30.000000000,BEST_ASK,"JPM,100416,195"
2019-06-28 14:32:30.000000000,BEST_BID,"JPM,100354,195"
2019-06-28 14:32:30.000000000,BEST_ASK,"JPM,100416,195"
2019-06-28 14:32:40.000000000,QUERY_SPREAD,1
2019-06-28 14:32:40.000000000,BEST_BID,"JPM,100354,195"
2019-06-28 14:32:40.000000000,BEST_ASK,"JPM,100416,100"
2019-06-28 14:32:40.000000000,BEST_BID,"JPM,100354,195"
2019-06-28 14:32:40.000000000,BEST_ASK,"JPM,100416,100"
2019-06-28 14:32:40.000000000,BEST_BID,"JPM,100354,195"
2019-06-28 14:32:40.000000000,BEST_ASK,"JPM,100416,100"
2019-06-28 14:32:40.000000000,BEST_BID,"JPM,100354,195"
2019-06-28 14:32:40.000000000,BEST_ASK,"JPM,100416,195"
2019-06-28 14:32:40.000000000,BEST_BID,"JPM,100354,195"
2019-06-28 14:32:40.000000000,BEST_ASK,"JPM,100416,195"
2019-06-28 14:32:40.000000000,BEST_BID,"JPM,100354,195"
2019-06-28 14:32:40.000000000,BEST_ASK,"JPM,100416,195"
2019-06-28 14:32:46.908823912,QUERY_ORDER_STREAM,57
2019-06-28 14:32:46.908823912,QUERY_SPREAD,57
2019-06-28 14:32:46.908823912,BEST_BID,"JPM,100354,195"
2019-06-28 14:32:46.908823912,BEST_ASK,"JPM,100416,195"
2019-06-28 14:32:47.660473598,QUERY_SPREAD,24
2019-06-28 14:32:47.660473598,BEST_BID,"JPM,100354,195"
2019-06-28 14:32:47.660473598,BEST_ASK,"JPM,100416,195"
2019-06-28 14:32:50.000000000,QUERY_SPREAD,1
2019-06-28 14:32:50.000000000,BEST_BID,"JPM,100354,195"
2019-06-28 14:32:50.000000000,BEST_ASK,"JPM,100416,100"
2019-06-28 14:32:50.000000000,BEST_BID,"JPM,100354,195"
2019-06-28 14:32:50.000000000,BEST_ASK,"JPM,100416,100"
2019-06-28 14:32:50.000000000,BEST_BID,"JPM,100354,195"
2019-06-28 14:32:50.000000000,BEST_ASK,"JPM,100416,100"
2019-06-28 14:32:50.000000000,BEST_BID,"JPM,100354,195"
2019-06-28 14:32:50.000000000,BEST_ASK,"JPM,100416,195"
2019-06-28 14:32:50.000000000,BEST_BID,"JPM,100354,195"
2019-06-28 14:32:50.000000000,BEST_ASK,"JPM,100416,195"
2019-06-28 14:32:50.000000000,BEST_BID,"JPM,100354,195"
2019-06-28 14:32:50.000000000,BEST_ASK,"JPM,100416,195"
2019-06-28 14:33:00.000000000,QUERY_SPREAD,1
2019-06-28 14:33:00.000000000,BEST_BID,"JPM,100354,170"
2019-06-28 14:33:00.000000000,BEST_ASK,"JPM,100416,100"
2019-06-28 14:33:00.000000000,BEST_BID,"JPM,100354,170"
2019-06-28 14:33:00.000000000,BEST_ASK,"JPM,100416,100"
2019-06-28 14:33:00.000000000,BEST_BID,"JPM,100354,170"
2019-06-28 14:33:00.000000000,BEST_ASK,"JPM,100416,100"
2019-06-28 14:33:00.000000000,BEST_BID,"JPM,100354,170"
2019-06-28 14:33:00.000000000,BEST_ASK,"JPM,100416,100"
2019-06-28 14:33:00.000000000,BEST_BID,"JPM,100354,170"
2019-06-28 14:33:00.000000000,BEST_ASK,"JPM,100416,170"
2019-06-28 14:33:00.000000000,BEST_BID,"JPM,100354,170"
2019-06-28 14:33:00.000000000,BEST_ASK,"JPM,100416,170"
2019-06-28 14:33:00.000000000,BEST_BID,"JPM,100354,170"
2019-06-28 14:33:00.000000000,BEST_ASK,"JPM,100416,170"
2019-06-28 14:33:00.000000000,BEST_BID,"JPM,100354,170"
2019-06-28 14:33:00.000000000,BEST_ASK,"JPM,100416,170"
2019-06-28 14:33:00.000000000,QUERY_SPREAD,77
2019-06-28 14:33:00.000000000,BEST_BID,"JPM,100354,169"
2019-06-28 14:33:00.000000000,BEST_ASK,"JPM,100416,170"
2019-06-28 14:33:00.000000000,LAST_TRADE,"1,$100354.0000"
2019-06-28 14:33:00.000000000,QUERY_SPREAD,78
2019-06-28 14:33:00.000000000,BEST_BID,"JPM,100354,165"
2019-06-28 14:33:00.000000000,BEST_ASK,"JPM,100416,170"
2019-06-28 14:33:00.000000000,LAST_TRADE,"4,$100354.0000"
2019-06-28 14:33:00.000000000,QUERY_SPREAD,79
2019-06-28 14:33:00.000000000,BEST_BID,"JPM,100354,159"
2019-06-28 14:33:00.000000000,BEST_ASK,"JPM,100416,170"
2019-06-28 14:33:00.000000000,LAST_TRADE,"6,$100354.0000"
2019-06-28 14:33:00.000000000,QUERY_SPREAD,80
2019-06-28 14:33:00.000000000,BEST_BID,"JPM,100354,154"
2019-06-28 14:33:00.000000000,BEST_ASK,"JPM,100416,170"
2019-06-28 14:33:00.000000000,LAST_TRADE,"5,$100354.0000"
2019-06-28 14:33:00.000000000,QUERY_SPREAD,81
2019-06-28 14:33:00.000000000,BEST_BID,"JPM,100354,146"
2019-06-28 14:33:00.000000000,BEST_ASK,"JPM,100416,170"
2019-06-28 14:33:00.000000000,LAST_TRADE,"8,$100354.0000"
2019-06-28 14:33:00.000000000,QUERY_SPREAD,82
2019-06-28 14:33:00.000000000,BEST_BID,"JPM,100354,138"
2019-06-28 14:33:00.000000000,BEST_ASK,"JPM,100416,170"
2019-06-28 14:33:00.000000000,LAST_TRADE,"8,$100354.0000"
2019-06-28 14:33:00.000000000,QUERY_SPREAD,83
2019-06-28 14:33:00.000000000,BEST_BID,"JPM,100354,136"
2019-06-28 14:33:00.000000000,BEST_ASK,"JPM,100416,170"
2019-06-28 14:33:00.000000000,LAST_TRADE,"2,$100354.0000"
2019-06-28 14:33:00.000000000,QUERY_SPREAD,84
2019-06-28 14:33:00.000000000,BEST_BID,"JPM,100354,135"
2019-06-28 14:33:00.000000000,BEST_ASK,"JPM,100416,170"
2019-06-28 14:33:00.000000000,LAST_TRADE,"1,$100354.0000"
2019-06-28 14:33:00.000000000,QUERY_SPREAD,85
2019-06-28 14:33:00.000000000,BEST_BID,"JPM,100354,134"
2019-06-28 14:33:00.000000000,BEST_ASK,"JPM,100416,170"
2019-06-28 14:33:00.000000000,LAST_TRADE,"1,$100354.0000"
2019-06-28 14:33:00.000000000,QUERY_SPREAD,86
2019-06-28 14:33:00.000000000,BEST_BID,"JPM,100354,128"
2019-06-28 14:33:00.000000000,BEST_ASK,"JPM,100416,170"
2019-06-28 14:33:00.000000000,LAST_TRADE,"6,$100354.0000"
2019-06-28 14:33:00.000000000,QUERY_SPREAD,87
2019-06-28 14:33:00.000000000,BEST_BID,"JPM,100354,125"
2019-06-28 14:33:00.000000000,BEST_ASK,"JPM,100416,170"
2019-06-28 14:33:00.000000000,LAST_TRADE,"3,$100354.0000"
2019-06-28 14:33:00.000000000,QUERY_SPREAD,88
2019-06-28 14:33:00.000000000,BEST_BID,"JPM,100354,121"
2019-06-28 14:33:00.000000000,BEST_ASK,"JPM,100416,170"
2019-06-28 14:33:00.000000000,LAST_TRADE,"4,$100354.0000"
2019-06-28 14:33:00.000000000,QUERY_SPREAD,89
2019-06-28 14:33:00.000000000,BEST_BID,"JPM,100354,117"
2019-06-28 14:33:00.000000000,BEST_ASK,"JPM,100416,170"
2019-06-28 14:33:00.000000000,LAST_TRADE,"4,$100354.0000"
2019-06-28 14:33:00.000000000,QUERY_SPREAD,90
2019-06-28 14:33:00.000000000,BEST_BID,"JPM,100354,110"
2019-06-28 14:33:00.000000000,BEST_ASK,"JPM,100416,170"
2019-06-28 14:33:00.000000000,LAST_TRADE,"7,$100354.0000"
2019-06-28 14:33:00.000000000,QUERY_SPREAD,91
2019-06-28 14:33:00.000000000,BEST_BID,"JPM,100354,102"
2019-06-28 14:33:00.000000000,BEST_ASK,"JPM,100416,170"
2019-06-28 14:33:00.000000000,LAST_TRADE,"8,$100354.0000"
2019-06-28 14:33:00.000000000,QUERY_SPREAD,92
2019-06-28 14:33:00.000000000,BEST_BID,"JPM,100354,97"
2019-06-28 14:33:00.000000000,BEST_ASK,"JPM,100416,170"
2019-06-28 14:33:00.000000000,LAST_TRADE,"5,$100354.0000"
2019-06-28 14:33:00.000000000,QUERY_SPREAD,93
2019-06-28 14:33:00.000000000,BEST_BID,"JPM,100354,94"
2019-06-28 14:33:00.000000000,BEST_ASK,"JPM,100416,170"
2019-06-28 14:33:00.000000000,LAST_TRADE,"3,$100354.0000"
2019-06-28 14:33:00.000000000,QUERY_SPREAD,94
2019-06-28 14:33:00.000000000,BEST_BID,"JPM,100354,90"
2019-06-28 14:33:00.000000000,BEST_ASK,"JPM,100416,170"
2019-06-28 14:33:00.000000000,LAST_TRADE,"4,$100354.0000"
2019-06-28 14:33:00.000000000,QUERY_SPREAD,95
2019-06-28 14:33:00.000000000,BEST_BID,"JPM,100354,85"
2019-06-28 14:33:00.000000000,BEST_ASK,"JPM,100416,170"
2019-06-28 14:33:00.000000000,LAST_TRADE,"5,$100354.0000"
2019-06-28 14:33:00.000000000,QUERY_SPREAD,96
2019-06-28 14:33:00.000000000,BEST_BID,"JPM,100354,84"
2019-06-28 14:33:00.000000000,BEST_ASK,"JPM,100416,170"
2019-06-28 14:33:00.000000000,LAST_TRADE,"1,$100354.0000"
2019-06-28 14:33:00.000000000,QUERY_SPREAD,97
2019-06-28 14:33:00.000000000,BEST_BID,"JPM,100354,77"
2019-06-28 14:33:00.000000000,BEST_ASK,"JPM,100416,170"
2019-06-28 14:33:00.000000000,LAST_TRADE,"7,$100354.0000"
2019-06-28 14:33:00.000000000,QUERY_SPREAD,98
2019-06-28 14:33:00.000000000,BEST_BID,"JPM,100354,71"
2019-06-28 14:33:00.000000000,BEST_ASK,"JPM,100416,170"
2019-06-28 14:33:00.000000000,LAST_TRADE,"6,$100354.0000"
2019-06-28 14:33:00.000000000,QUERY_SPREAD,99
2019-06-28 14:33:00.000000000,BEST_BID,"JPM,100354,66"
2019-06-28 14:33:00.000000000,BEST_ASK,"JPM,100416,170"
2019-06-28 14:33:00.000000000,LAST_TRADE,"5,$100354.0000"
2019-06-28 14:33:00.000000000,QUERY_SPREAD,100
2019-06-28 14:33:00.000000000,BEST_BID,"JPM,100354,59"
2019-06-28 14:33:00.000000000,BEST_ASK,"JPM,100416,170"
2019-06-28 14:33:00.000000000,LAST_TRADE,"7,$100354.0000"
2019-06-28 14:33:00.000000000,QUERY_SPREAD,101
2019-06-28 14:33:00.000000000,QUERY_ORDER_STREAM,101
2019-06-28 14:33:10.000000000,QUERY_SPREAD,1
2019-06-28 14:33:10.000000000,BEST_BID,"JPM,98983,529"
2019-06-28 14:33:10.000000000,BEST_ASK,"JPM,100416,100"
2019-06-28 14:33:10.000000000,BEST_BID,"JPM,98983,529"
2019-06-28 14:33:10.000000000,BEST_ASK,"JPM,100416,100"
2019-06-28 14:33:10.000000000,BEST_BID,"JPM,98983,529"
2019-06-28 14:33:10.000000000,BEST_ASK,"JPM,100416,240"
2019-06-28 14:33:10.000000000,BEST_BID,"JPM,98983,529"
2019-06-28 14:33:10.000000000,BEST_ASK,"JPM,100416,240"
2019-06-28 14:33:20.000000000,QUERY_SPREAD,1
2019-06-28 14:33:20.000000000,BEST_BID,"JPM,98983,445"
2019-06-28 14:33:20.000000000,BEST_ASK,"JPM,100416,100"
2019-06-28 14:33:20.000000000,BEST_BID,"JPM,98983,445"
2019-06-28 14:33:20.000000000,BEST_ASK,"JPM,100416,100"
2019-06-28 14:33:20.000000000,BEST_BID,"JPM,98983,445"
2019-06-28 14:33:20.000000000,BEST_ASK,"JPM,100416,100"
2019-06-28 14:33:20.000000000,BEST_BID,"JPM,98983,445"
2019-06-28 14:33:20.000000000,BEST_ASK,"JPM,100416,156"
2019-06-28 14:33:20.000000000,BEST_BID,"JPM,98983,445"
2019-06-28 14:33:20.000000000,BEST_ASK,"JPM,100416,156"
2019-06-28 14:33:20.000000000,BEST_BID,"JPM,98983,445"
2019-06-28 14:33:20.000000000,BEST_ASK,"JPM,100416,156"
2019-06-28 14:33:20.000000000,BEST_BID,"JPM,98983,445"
2019-06-28 14:33:20.000000000,BEST_ASK,"JPM,100416,156"
2019-06-28 14:33:20.000000000,BEST_BID,"JPM,98983,445"
2019-06-28 14:33:20.000000000,BEST_ASK,"JPM,100416,156"
2019-06-28 14:33:30.000000000,QUERY_SPREAD,1
2019-06-28 14:33:30.000000000,BEST_BID,"JPM,98983,459"
2019-06-28 14:33:30.000000000,BEST_ASK,"JPM,100416,100"
2019-06-28 14:33:30.000000000,BEST_BID,"JPM,98983,459"
2019-06-28 14:33:30.000000000,BEST_ASK,"JPM,100416,100"
2019-06-28 14:33:30.000000000,BEST_BID,"JPM,98983,459"
2019-06-28 14:33:30.000000000,BEST_ASK,"JPM,100416,100"
2019-06-28 14:33:30.000000000,BEST_BID,"JPM,98983,459"
2019-06-28 14:33:30.000000000,BEST_ASK,"JPM,100416,170"
2019-06-28 14:33:30.000000000,BEST_BID,"JPM,98983,459"
2019-06-28 14:33:30.000000000,BEST_ASK,"JPM,100416,170"
2019-06-28 14:33:30.000000000,BEST_BID,"JPM,98983,459"
2019-06-28 14:33:30.000000000,BEST_ASK,"JPM,100416,170"
2019-06-28 14:33:30.000000000,BEST_BID,"JPM,98983,459"
2019-06-28 14:33:30.000000000,BEST_ASK,"JPM,100416,170"
2019-06-28 14:33:40.000000000,QUERY_SPREAD,1
2019-06-28 14:33:40.000000000,BEST_BID,"JPM,98983,459"
2019-06-28 14:33:40.000000000,BEST_ASK,"JPM,100416,100"
2019-06-28 14:33:40.000000000,BEST_BID,"JPM,98983,459"
2019-06-28 14:33:40.000000000,BEST_ASK,"JPM,100416,100"
2019-06-28 14:33:40.000000000,BEST_BID,"JPM,98983,459"
2019-06-28 14:33:40.000000000,BEST_ASK,"JPM,100416,100"
2019-06-28 14:33:40.000000000,BEST_BID,"JPM,98983,459"
2019-06-28 14:33:40.000000000,BEST_ASK,"JPM,100416,170"
2019-06-28 14:33:40.000000000,BEST_BID,"JPM,98983,459"
2019-06-28 14:33:40.000000000,BEST_ASK,"JPM,100416,170"
2019-06-28 14:33:40.000000000,BEST_BID,"JPM,98983,459"
2019-06-28 14:33:40.000000000,BEST_ASK,"JPM,100416,170"
2019-06-28 14:33:40.000000000,BEST_BID,"JPM,98983,459"
2019-06-28 14:33:40.000000000,BEST_ASK,"JPM,100416,170"
2019-06-28 14:33:50.000000000,QUERY_SPREAD,1
2019-06-28 14:33:50.000000000,BEST_BID,"JPM,98983,669"
2019-06-28 14:33:50.000000000,BEST_ASK,"JPM,100416,100"
2019-06-28 14:33:50.000000000,BEST_BID,"JPM,98983,669"
2019-06-28 14:33:50.000000000,BEST_ASK,"JPM,100416,380"
2019-06-28 14:33:59.408364214,QUERY_ORDER_STREAM,66
2019-06-28 14:33:59.408364214,QUERY_SPREAD,66
2019-06-28 14:34:00.000000000,QUERY_SPREAD,1
2019-06-28 14:34:00.000000000,BEST_BID,"JPM,98983,459"
2019-06-28 14:34:00.000000000,BEST_ASK,"JPM,100416,100"
2019-06-28 14:34:00.000000000,BEST_BID,"JPM,98983,459"
2019-06-28 14:34:00.000000000,BEST_ASK,"JPM,100416,100"
2019-06-28 14:34:00.000000000,BEST_BID,"JPM,98983,459"
2019-06-28 14:34:00.000000000,BEST_ASK,"JPM,100416,100"
2019-06-28 14:34:00.000000000,BEST_BID,"JPM,98983,459"
2019-06-28 14:34:00.000000000,BEST_ASK,"JPM,100416,170"
2019-06-28 14:34:00.000000000,BEST_BID,"JPM,98983,459"
2019-06-28 14:34:00.000000000,BEST_ASK,"JPM,100416,170"
2019-06-28 14:34:00.000000000,BEST_BID,"JPM,98983,459"
2019-06-28 14:34:00.000000000,BEST_ASK,"JPM,100416,170"
2019-06-28 14:34:00.000000000,BEST_BID,"JPM,98983,459"
2019-06-28 14:34:00.000000000,BEST_ASK,"JPM,100416,170"
2019-06-28 14:34:00.000000000,QUERY_SPREAD,77
2019-06-28 14:34:00.000000000,BEST_BID,"JPM,98983,458"
2019-06-28 14:34:00.000000000,BEST_ASK,"JPM,100416,170"
2019-06-28 14:34:00.000000000,LAST_TRADE,"1,$98983.0000"
2019-06-28 14:34:00.000000000,QUERY_SPREAD,78
2019-06-28 14:34:00.000000000,BEST_BID,"JPM,98983,454"
2019-06-28 14:34:00.000000000,BEST_ASK,"JPM,100416,170"
2019-06-28 14:34:00.000000000,LAST_TRADE,"4,$98983.0000"
2019-06-28 14:34:00.000000000,QUERY_SPREAD,79
2019-06-28 14:34:00.000000000,BEST_BID,"JPM,98983,448"
2019-06-28 14:34:00.000000000,BEST_ASK,"JPM,100416,170"
2019-06-28 14:34:00.000000000,LAST_TRADE,"6,$98983.0000"
2019-06-28 14:34:00.000000000,QUERY_SPREAD,80
2019-06-28 14:34:00.000000000,BEST_BID,"JPM,98983,443"
2019-06-28 14:34:00.000000000,BEST_ASK,"JPM,100416,170"
2019-06-28 14:34:00.000000000,LAST_TRADE,"5,$98983.0000"
2019-06-28 14:34:00.000000000,QUERY_SPREAD,81
2019-06-28 14:34:00.000000000,BEST_BID,"JPM,98983,435"
2019-06-28 14:34:00.000000000,BEST_ASK,"JPM,100416,170"
2019-06-28 14:34:00.000000000,LAST_TRADE,"8,$98983.0000"
2019-06-28 14:34:00.000000000,QUERY_SPREAD,82
2019-06-28 14:34:00.000000000,BEST_BID,"JPM,98983,427"
2019-06-28 14:34:00.000000000,BEST_ASK,"JPM,100416,170"
2019-06-28 14:34:00.000000000,LAST_TRADE,"8,$98983.0000"
2019-06-28 14:34:00.000000000,QUERY_SPREAD,83
2019-06-28 14:34:00.000000000,BEST_BID,"JPM,98983,425"
2019-06-28 14:34:00.000000000,BEST_ASK,"JPM,100416,170"
2019-06-28 14:34:00.000000000,LAST_TRADE,"2,$98983.0000"
2019-06-28 14:34:00.000000000,QUERY_SPREAD,84
2019-06-28 14:34:00.000000000,BEST_BID,"JPM,98983,424"
2019-06-28 14:34:00.000000000,BEST_ASK,"JPM,100416,170"
2019-06-28 14:34:00.000000000,LAST_TRADE,"1,$98983.0000"
2019-06-28 14:34:00.000000000,QUERY_SPREAD,85
2019-06-28 14:34:00.000000000,BEST_BID,"JPM,98983,423"
2019-06-28 14:34:00.000000000,BEST_ASK,"JPM,100416,170"
2019-06-28 14:34:00.000000000,LAST_TRADE,"1,$98983.0000"
2019-06-28 14:34:00.000000000,QUERY_SPREAD,86
2019-06-28 14:34:00.000000000,BEST_BID,"JPM,98983,417"
2019-06-28 14:34:00.000000000,BEST_ASK,"JPM,100416,170"
2019-06-28 14:34:00.000000000,LAST_TRADE,"6,$98983.0000"
2019-06-28 14:34:00.000000000,QUERY_SPREAD,87
2019-06-28 14:34:00.000000000,BEST_BID,"JPM,98983,414"
2019-06-28 14:34:00.000000000,BEST_ASK,"JPM,100416,170"
2019-06-28 14:34:00.000000000,LAST_TRADE,"3,$98983.0000"
2019-06-28 14:34:00.000000000,QUERY_SPREAD,88
2019-06-28 14:34:00.000000000,BEST_BID,"JPM,98983,410"
2019-06-28 14:34:00.000000000,BEST_ASK,"JPM,100416,170"
2019-06-28 14:34:00.000000000,LAST_TRADE,"4,$98983.0000"
2019-06-28 14:34:00.000000000,QUERY_SPREAD,89
2019-06-28 14:34:00.000000000,BEST_BID,"JPM,98983,406"
2019-06-28 14:34:00.000000000,BEST_ASK,"JPM,100416,170"
2019-06-28 14:34:00.000000000,LAST_TRADE,"4,$98983.0000"
2019-06-28 14:34:00.000000000,QUERY_SPREAD,90
2019-06-28 14:34:00.000000000,BEST_BID,"JPM,98983,399"
2019-06-28 14:34:00.000000000,BEST_ASK,"JPM,100416,170"
2019-06-28 14:34:00.000000000,LAST_TRADE,"7,$98983.0000"
2019-06-28 14:34:00.000000000,QUERY_SPREAD,91
2019-06-28 14:34:00.000000000,BEST_BID,"JPM,98983,391"
2019-06-28 14:34:00.000000000,BEST_ASK,"JPM,100416,170"
2019-06-28 14:34:00.000000000,LAST_TRADE,"8,$98983.0000"
2019-06-28 14:34:00.000000000,QUERY_SPREAD,92
2019-06-28 14:34:00.000000000,BEST_BID,"JPM,98983,386"
2019-06-28 14:34:00.000000000,BEST_ASK,"JPM,100416,170"
2019-06-28 14:34:00.000000000,LAST_TRADE,"5,$98983.0000"
2019-06-28 14:34:00.000000000,QUERY_SPREAD,93
2019-06-28 14:34:00.000000000,BEST_BID,"JPM,98983,383"
2019-06-28 14:34:00.000000000,BEST_ASK,"JPM,100416,170"
2019-06-28 14:34:00.000000000,LAST_TRADE,"3,$98983.0000"
2019-06-28 14:34:00.000000000,QUERY_SPREAD,94
2019-06-28 14:34:00.000000000,BEST_BID,"JPM,98983,379"
2019-06-28 14:34:00.000000000,BEST_ASK,"JPM,100416,170"
2019-06-28 14:34:00.000000000,LAST_TRADE,"4,$98983.0000"
2019-06-28 14:34:00.000000000,QUERY_SPREAD,95
2019-06-28 14:34:00.000000000,BEST_BID,"JPM,98983,374"
2019-06-28 14:34:00.000000000,BEST_ASK,"JPM,100416,170"
2019-06-28 14:34:00.000000000,LAST_TRADE,"5,$98983.0000"
2019-06-28 14:34:00.000000000,QUERY_SPREAD,96
2019-06-28 14:34:00.000000000,BEST_BID,"JPM,98983,373"
2019-06-28 14:34:00.000000000,BEST_ASK,"JPM,100416,170"
2019-06-28 14:34:00.000000000,LAST_TRADE,"1,$98983.0000"
2019-06-28 14:34:00.000000000,QUERY_SPREAD,97
2019-06-28 14:34:00.000000000,BEST_BID,"JPM,98983,366"
2019-06-28 14:34:00.000000000,BEST_ASK,"JPM,100416,170"
2019-06-28 14:34:00.000000000,LAST_TRADE,"7,$98983.0000"
2019-06-28 14:34:00.000000000,QUERY_SPREAD,98
2019-06-28 14:34:00.000000000,BEST_BID,"JPM,98983,360"
2019-06-28 14:34:00.000000000,BEST_ASK,"JPM,100416,170"
2019-06-28 14:34:00.000000000,LAST_TRADE,"6,$98983.0000"
2019-06-28 14:34:00.000000000,QUERY_SPREAD,99
2019-06-28 14:34:00.000000000,BEST_BID,"JPM,98983,355"
2019-06-28 14:34:00.000000000,BEST_ASK,"JPM,100416,170"
2019-06-28 14:34:00.000000000,LAST_TRADE,"5,$98983.0000"
2019-06-28 14:34:00.000000000,QUERY_SPREAD,100
2019-06-28 14:34:00.000000000,BEST_BID,"JPM,98983,348"
2019-06-28 14:34:00.000000000,BEST_ASK,"JPM,100416,170"
2019-06-28 14:34:00.000000000,LAST_TRADE,"7,$98983.0000"
2019-06-28 14:34:00.000000000,QUERY_SPREAD,101
2019-06-28 14:34:00.000000000,QUERY_ORDER_STREAM,101
2019-06-28 14:34:00.004080441,QUERY_SPREAD,50
2019-06-28 14:34:00.004080441,BEST_BID,"JPM,98983,348"
2019-06-28 14:34:00.004080441,BEST_ASK,"JPM,100416,70"
2019-06-28 14:34:00.004080441,LAST_TRADE,"100,$100416.0000"
2019-06-28 14:34:02.282059862,QUERY_SPREAD,20
2019-06-28 14:34:02.282059862,BEST_BID,"JPM,98983,348"
2019-06-28 14:34:02.282059862,BEST_ASK,"JPM,100416,70"
2019-06-28 14:34:10.000000000,QUERY_SPREAD,1
2019-06-28 14:34:10.000000000,BEST_BID,"JPM,98983,558"
2019-06-28 14:34:10.000000000,BEST_ASK,"JPM,100436,100"
2019-06-28 14:34:10.000000000,BEST_BID,"JPM,98983,558"
2019-06-28 14:34:10.000000000,BEST_ASK,"JPM,100436,380"
2019-06-28 14:34:10.299359673,QUERY_ORDER_STREAM,58
2019-06-28 14:34:10.299359673,QUERY_SPREAD,58
2019-06-28 14:34:10.299359673,BEST_BID,"JPM,98983,658"
2019-06-28 14:34:10.299359673,BEST_ASK,"JPM,100436,380"
2019-06-28 14:34:20.000000000,QUERY_SPREAD,1
2019-06-28 14:34:20.000000000,BEST_BID,"JPM,98983,518"
2019-06-28 14:34:20.000000000,BEST_ASK,"JPM,100436,100"
2019-06-28 14:34:20.000000000,BEST_BID,"JPM,98983,518"
2019-06-28 14:34:20.000000000,BEST_ASK,"JPM,100436,100"
2019-06-28 14:34:20.000000000,BEST_BID,"JPM,98983,518"
2019-06-28 14:34:20.000000000,BEST_ASK,"JPM,100436,240"
2019-06-28 14:34:20.000000000,BEST_BID,"JPM,98983,518"
2019-06-28 14:34:20.000000000,BEST_ASK,"JPM,100436,240"
2019-06-28 14:34:27.276929594,QUERY_SPREAD,49
2019-06-28 14:34:27.276929594,BEST_BID,"JPM,98983,518"
2019-06-28 14:34:27.276929594,BEST_ASK,"JPM,100436,140"
2019-06-28 14:34:27.276929594,LAST_TRADE,"100,$100436.0000"
2019-06-28 14:34:30.000000000,QUERY_SPREAD,1
2019-06-28 14:34:30.000000000,BEST_BID,"JPM,98983,518"
2019-06-28 14:34:30.000000000,BEST_ASK,"JPM,100531,100"
2019-06-28 14:34:30.000000000,BEST_BID,"JPM,98983,518"
2019-06-28 14:34:30.000000000,BEST_ASK,"JPM,100531,100"
2019-06-28 14:34:30.000000000,BEST_BID,"JPM,98983,518"
2019-06-28 14:34:30.000000000,BEST_ASK,"JPM,100531,240"
2019-06-28 14:34:30.000000000,BEST_BID,"JPM,98983,518"
2019-06-28 14:34:30.000000000,BEST_ASK,"JPM,100531,240"
2019-06-28 14:34:36.871524917,QUERY_SPREAD,10
2019-06-28 14:34:36.871524917,BEST_BID,"JPM,98983,518"
2019-06-28 14:34:36.871524917,BEST_ASK,"JPM,100531,240"
2019-06-28 14:34:37.702763811,QUERY_SPREAD,14
2019-06-28 14:34:37.702763811,BEST_BID,"JPM,98983,518"
2019-06-28 14:34:37.702763811,BEST_ASK,"JPM,100531,140"
2019-06-28 14:34:37.702763811,LAST_TRADE,"100,$100531.0000"
2019-06-28 14:34:40.000000000,QUERY_SPREAD,1
2019-06-28 14:34:40.000000000,BEST_BID,"JPM,98983,473"
2019-06-28 14:34:40.000000000,BEST_ASK,"JPM,100546,100"
2019-06-28 14:34:40.000000000,BEST_BID,"JPM,98983,473"
2019-06-28 14:34:40.000000000,BEST_ASK,"JPM,100546,100"
2019-06-28 14:34:40.000000000,BEST_BID,"JPM,98983,473"
2019-06-28 14:34:40.000000000,BEST_ASK,"JPM,100546,100"
2019-06-28 14:34:40.000000000,BEST_BID,"JPM,98983,473"
2019-06-28 14:34:40.000000000,BEST_ASK,"JPM,100546,195"
2019-06-28 14:34:40.000000000,BEST_BID,"JPM,98983,473"
2019-06-28 14:34:40.000000000,BEST_ASK,"JPM,100546,195"
2019-06-28 14:34:40.000000000,BEST_BID,"JPM,98983,473"
2019-06-28 14:34:40.000000000,BEST_ASK,"JPM,100546,195"
2019-06-28 14:34:50.000000000,QUERY_SPREAD,1
2019-06-28 14:34:50.000000000,BEST_BID,"JPM,98983,518"
2019-06-28 14:34:50.000000000,BEST_ASK,"JPM,100546,100"
2019-06-28 14:34:50.000000000,BEST_BID,"JPM,98983,518"
2019-06-28 14:34:50.000000000,BEST_ASK,"JPM,100546,100"
2019-06-28 14:34:50.000000000,BEST_BID,"JPM,98983,518"
2019-06-28 14:34:50.000000000,BEST_ASK,"JPM,100546,240"
2019-06-28 14:34:50.000000000,BEST_BID,"JPM,98983,518"
2019-06-28 14:34:50.000000000,BEST_ASK,"JPM,100546,240"
2019-06-28 14:35:00.000000000,QUERY_SPREAD,1
2019-06-28 14:35:00.000000000,BEST_BID,"JPM,98983,658"
2019-06-28 14:35:00.000000000,BEST_ASK,"JPM,100546,100"
2019-06-28 14:35:00.000000000,BEST_BID,"JPM,98983,658"
2019-06-28 14:35:00.000000000,BEST_ASK,"JPM,100546,380"
2019-06-28 14:35:00.000000000,QUERY_SPREAD,77
2019-06-28 14:35:00.000000000,BEST_BID,"JPM,98983,657"
2019-06-28 14:35:00.000000000,BEST_ASK,"JPM,100546,380"
2019-06-28 14:35:00.000000000,LAST_TRADE,"1,$98983.0000"
2019-06-28 14:35:00.000000000,QUERY_SPREAD,78
2019-06-28 14:35:00.000000000,BEST_BID,"JPM,98983,653"
2019-06-28 14:35:00.000000000,BEST_ASK,"JPM,100546,380"
2019-06-28 14:35:00.000000000,LAST_TRADE,"4,$98983.0000"
2019-06-28 14:35:00.000000000,QUERY_SPREAD,79
2019-06-28 14:35:00.000000000,BEST_BID,"JPM,98983,647"
2019-06-28 14:35:00.000000000,BEST_ASK,"JPM,100546,380"
2019-06-28 14:35:00.000000000,LAST_TRADE,"6,$98983.0000"
2019-06-28 14:35:00.000000000,QUERY_SPREAD,80
2019-06-28 14:35:00.000000000,BEST_BID,"JPM,98983,642"
2019-06-28 14:35:00.000000000,BEST_ASK,"JPM,100546,380"
2019-06-28 14:35:00.000000000,LAST_TRADE,"5,$98983.0000"
2019-06-28 14:35:00.000000000,QUERY_SPREAD,81
2019-06-28 14:35:00.000000000,BEST_BID,"JPM,98983,634"
2019-06-28 14:35:00.000000000,BEST_ASK,"JPM,100546,380"
2019-06-28 14:35:00.000000000,LAST_TRADE,"8,$98983.0000"
2019-06-28 14:35:00.000000000,QUERY_SPREAD,82
2019-06-28 14:35:00.000000000,BEST_BID,"JPM,98983,626"
2019-06-28 14:35:00.000000000,BEST_ASK,"JPM,100546,380"
2019-06-28 14:35:00.000000000,LAST_TRADE,"8,$98983.0000"
2019-06-28 14:35:00.000000000,QUERY_SPREAD,83
2019-06-28 14:35:00.000000000,BEST_BID,"JPM,98983,624"
2019-06-28 14:35:00.000000000,BEST_ASK,"JPM,100546,380"
2019-06-28 14:35:00.000000000,LAST_TRADE,"2,$98983.0000"
2019-06-28 14:35:00.000000000,QUERY_SPREAD,84
2019-06-28 14:35:00.000000000,BEST_BID,"JPM,98983,623"
2019-06-28 14:35:00.000000000,BEST_ASK,"JPM,100546,380"
2019-06-28 14:35:00.000000000,LAST_TRADE,"1,$98983.0000"
2019-06-28 14:35:00.000000000,QUERY_SPREAD,85
2019-06-28 14:35:00.000000000,BEST_BID,"JPM,98983,622"
2019-06-28 14:35:00.000000000,BEST_ASK,"JPM,100546,380"
2019-06-28 14:35:00.000000000,LAST_TRADE,"1,$98983.0000"
2019-06-28 14:35:00.000000000,QUERY_SPREAD,86
2019-06-28 14:35:00.000000000,BEST_BID,"JPM,98983,616"
2019-06-28 14:35:00.000000000,BEST_ASK,"JPM,100546,380"
2019-06-28 14:35:00.000000000,LAST_TRADE,"6,$98983.0000"
2019-06-28 14:35:00.000000000,QUERY_SPREAD,87
2019-06-28 14:35:00.000000000,BEST_BID,"JPM,98983,613"
2019-06-28 14:35:00.000000000,BEST_ASK,"JPM,100546,380"
2019-06-28 14:35:00.000000000,LAST_TRADE,"3,$98983.0000"
2019-06-28 14:35:00.000000000,QUERY_SPREAD,88
2019-06-28 14:35:00.000000000,BEST_BID,"JPM,98983,609"
2019-06-28 14:35:00.000000000,BEST_ASK,"JPM,100546,380"
2019-06-28 14:35:00.000000000,LAST_TRADE,"4,$98983.0000"
2019-06-28 14:35:00.000000000,QUERY_SPREAD,89
2019-06-28 14:35:00.000000000,BEST_BID,"JPM,98983,605"
2019-06-28 14:35:00.000000000,BEST_ASK,"JPM,100546,380"
2019-06-28 14:35:00.000000000,LAST_TRADE,"4,$98983.0000"
2019-06-28 14:35:00.000000000,QUERY_SPREAD,90
2019-06-28 14:35:00.000000000,BEST_BID,"JPM,98983,598"
2019-06-28 14:35:00.000000000,BEST_ASK,"JPM,100546,380"
2019-06-28 14:35:00.000000000,LAST_TRADE,"7,$98983.0000"
2019-06-28 14:35:00.000000000,QUERY_SPREAD,91
2019-06-28 14:35:00.000000000,BEST_BID,"JPM,98983,590"
2019-06-28 14:35:00.000000000,BEST_ASK,"JPM,100546,380"
2019-06-28 14:35:00.000000000,LAST_TRADE,"8,$98983.0000"
2019-06-28 14:35:00.000000000,QUERY_SPREAD,92
2019-06-28 14:35:00.000000000,BEST_BID,"JPM,98983,585"
2019-06-28 14:35:00.000000000,BEST_ASK,"JPM,100546,380"
2019-06-28 14:35:00.000000000,LAST_TRADE,"5,$98983.0000"
2019-06-28 14:35:00.000000000,QUERY_SPREAD,93
2019-06-28 14:35:00.000000000,BEST_BID,"JPM,98983,582"
2019-06-28 14:35:00.000000000,BEST_ASK,"JPM,100546,380"
2019-06-28 14:35:00.000000000,LAST_TRADE,"3,$98983.0000"
2019-06-28 14:35:00.000000000,QUERY_SPREAD,94
2019-06-28 14:35:00.000000000,BEST_BID,"JPM,98983,578"
2019-06-28 14:35:00.000000000,BEST_ASK,"JPM,100546,380"
2019-06-28 14:35:00.000000000,LAST_TRADE,"4,$98983.0000"
2019-06-28 14:35:00.000000000,QUERY_SPREAD,95
2019-06-28 14:35:00.000000000,BEST_BID,"JPM,98983,573"
2019-06-28 14:35:00.000000000,BEST_ASK,"JPM,100546,380"
2019-06-28 14:35:00.000000000,LAST_TRADE,"5,$98983.0000"
2019-06-28 14:35:00.000000000,QUERY_SPREAD,96
2019-06-28 14:35:00.000000000,BEST_BID,"JPM,98983,572"
2019-06-28 14:35:00.000000000,BEST_ASK,"JPM,100546,380"
2019-06-28 14:35:00.000000000,LAST_TRADE,"1,$98983.0000"
2019-06-28 14:35:00.000000000,QUERY_SPREAD,97
2019-06-28 14:35:00.000000000,BEST_BID,"JPM,98983,565"
2019-06-28 14:35:00.000000000,BEST_ASK,"JPM,100546,380"
2019-06-28 14:35:00.000000000,LAST_TRADE,"7,$98983.0000"
2019-06-28 14:35:00.000000000,QUERY_SPREAD,98
2019-06-28 14:35:00.000000000,BEST_BID,"JPM,98983,559"
2019-06-28 14:35:00.000000000,BEST_ASK,"JPM,100546,380"
2019-06-28 14:35:00.000000000,LAST_TRADE,"6,$98983.0000"
2019-06-28 14:35:00.000000000,QUERY_SPREAD,99
2019-06-28 14:35:00.000000000,BEST_BID,"JPM,98983,554"
2019-06-28 14:35:00.000000000,BEST_ASK,"JPM,100546,380"
2019-06-28 14:35:00.000000000,LAST_TRADE,"5,$98983.0000"
2019-06-28 14:35:00.000000000,QUERY_SPREAD,100
2019-06-28 14:35:00.000000000,BEST_BID,"JPM,98983,547"
2019-06-28 14:35:00.000000000,BEST_ASK,"JPM,100546,380"
2019-06-28 14:35:00.000000000,LAST_TRADE,"7,$98983.0000"
2019-06-28 14:35:00.000000000,QUERY_SPREAD,101
2019-06-28 14:35:00.000000000,QUERY_ORDER_STREAM,101
2019-06-28 14:35:10.000000000,QUERY_SPREAD,1
2019-06-28 14:35:10.000000000,BEST_BID,"JPM,98983,323"
2019-06-28 14:35:10.000000000,BEST_ASK,"JPM,100546,100"
2019-06-28 14:35:10.000000000,BEST_BID,"JPM,98983,323"
2019-06-28 14:35:10.000000000,BEST_ASK,"JPM,100546,100"
2019-06-28 14:35:10.000000000,BEST_BID,"JPM,98983,323"
2019-06-28 14:35:10.000000000,BEST_ASK,"JPM,100546,100"
2019-06-28 14:35:10.000000000,BEST_BID,"JPM,98983,323"
2019-06-28 14:35:10.000000000,BEST_ASK,"JPM,100546,156"
2019-06-28 14:35:10.000000000,BEST_BID,"JPM,98983,323"
2019-06-28 14:35:10.000000000,BEST_ASK,"JPM,100546,156"
2019-06-28 14:35:10.000000000,BEST_BID,"JPM,98983,323"
2019-06-28 14:35:10.000000000,BEST_ASK,"JPM,100546,156"
2019-06-28 14:35:10.000000000,BEST_BID,"JPM,98983,323"
2019-06-28 14:35:10.000000000,BEST_ASK,"JPM,100546,156"
2019-06-28 14:35:10.000000000,BEST_BID,"JPM,98983,323"
2019-06-28 14:35:10.000000000,BEST_ASK,"JPM,100546,156"
2019-06-28 14:35:13.943833949,QUERY_SPREAD,40
2019-06-28 14:35:13.943833949,BEST_BID,"JPM,98983,323"
2019-06-28 14:35:13.943833949,BEST_ASK,"JPM,100546,156"
2019-06-28 14:35:20.000000000,QUERY_SPREAD,1
2019-06-28 14:35:20.000000000,BEST_BID,"JPM,98983,337"
2019-06-28 14:35:20.000000000,BEST_ASK,"JPM,100546,100"
2019-06-28 14:35:20.000000000,BEST_BID,"JPM,98983,337"
2019-06-28 14:35:20.000000000,BEST_ASK,"JPM,100546,100"
2019-06-28 14:35:20.000000000,BEST_BID,"JPM,98983,337"
2019-06-28 14:35:20.000000000,BEST_ASK,"JPM,100546,100"
2019-06-28 14:35:20.000000000,BEST_BID,"JPM,98983,337"
2019-06-28 14:35:20.000000000,BEST_ASK,"JPM,100546,170"
2019-06-28 14:35:20.000000000,BEST_BID,"JPM,98983,337"
2019-06-28 14:35:20.000000000,BEST_ASK,"JPM,100546,170"
2019-06-28 14:35:20.000000000,BEST_BID,"JPM,98983,337"
2019-06-28 14:35:20.000000000,BEST_ASK,"JPM,100546,170"
2019-06-28 14:35:20.000000000,BEST_BID,"JPM,98983,337"
2019-06-28 14:35:20.000000000,BEST_ASK,"JPM,100546,170"
2019-06-28 14:35:22.525496838,QUERY_SPREAD,8
2019-06-28 14:35:22.525496838,BEST_BID,"JPM,98983,337"
2019-06-28 14:35:22.525496838,BEST_ASK,"JPM,100546,170"
2019-06-28 14:35:24.250376362,QUERY_SPREAD,4
2019-06-28 14:35:24.250376362,BEST_BID,"JPM,98983,337"
2019-06-28 14:35:24.250376362,BEST_ASK,"JPM,100546,170"
2019-06-28 14:35:30.000000000,QUERY_SPREAD,1
2019-06-28 14:35:30.000000000,BEST_BID,"JPM,98983,323"
2019-06-28 14:35:30.000000000,BEST_ASK,"JPM,100546,100"
2019-06-28 14:35:30.000000000,BEST_BID,"JPM,98983,323"
2019-06-28 14:35:30.000000000,BEST_ASK,"JPM,100546,100"
2019-06-28 14:35:30.000000000,BEST_BID,"JPM,98983,323"
2019-06-28 14:35:30.000000000,BEST_ASK,"JPM,100546,100"
2019-06-28 14:35:30.000000000,BEST_BID,"JPM,98983,323"
2019-06-28 14:35:30.000000000,BEST_ASK,"JPM,100546,156"
2019-06-28 14:35:30.000000000,BEST_BID,"JPM,98983,323"
2019-06-28 14:35:30.000000000,BEST_ASK,"JPM,100546,156"
2019-06-28 14:35:30.000000000,BEST_BID,"JPM,98983,323"
2019-06-28 14:35:30.000000000,BEST_ASK,"JPM,100546,156"
2019-06-28 14:35:30.000000000,BEST_BID,"JPM,98983,323"
2019-06-28 14:35:30.000000000,BEST_ASK,"JPM,100546,156"
2019-06-28 14:35:30.000000000,BEST_BID,"JPM,98983,323"
2019-06-28 14:35:30.000000000,BEST_ASK,"JPM,100546,156"
2019-06-28 14:35:40.000000000,QUERY_SPREAD,1
2019-06-28 14:35:40.000000000,BEST_BID,"JPM,98983,337"
2019-06-28 14:35:40.000000000,BEST_ASK,"JPM,100546,100"
2019-06-28 14:35:40.000000000,BEST_BID,"JPM,98983,337"
2019-06-28 14:35:40.000000000,BEST_ASK,"JPM,100546,100"
2019-06-28 14:35:40.000000000,BEST_BID,"JPM,98983,337"
2019-06-28 14:35:40.000000000,BEST_ASK,"JPM,100546,100"
2019-06-28 14:35:40.000000000,BEST_BID,"JPM,98983,337"
2019-06-28 14:35:40.000000000,BEST_ASK,"JPM,100546,170"
2019-06-28 14:35:40.000000000,BEST_BID,"JPM,98983,337"
2019-06-28 14:35:40.000000000,BEST_ASK,"JPM,100546,170"
2019-06-28 14:35:40.000000000,BEST_BID,"JPM,98983,337"
2019-06-28 14:35:40.000000000,BEST_ASK,"JPM,100546,170"
2019-06-28 14:35:40.000000000,BEST_BID,"JPM,98983,337"
2019-06-28 14:35:40.000000000,BEST_ASK,"JPM,100546,170"
2019-06-28 14:35:45.591039262,QUERY_ORDER_STREAM,63
2019-06-28 14:35:45.591039262,QUERY_SPREAD,63
2019-06-28 14:35:45.591039262,BEST_BID,"JPM,98983,437"
2019-06-28 14:35:45.591039262,BEST_ASK,"JPM,100546,170"
2019-06-28 14:35:50.000000000,QUERY_SPREAD,1
2019-06-28 14:35:50.000000000,BEST_BID,"JPM,98983,647"
2019-06-28 14:35:50.000000000,BEST_ASK,"JPM,100546,100"
2019-06-28 14:35:50.000000000,BEST_BID,"JPM,98983,647"
2019-06-28 14:35:50.000000000,BEST_ASK,"JPM,100546,380"
2019-06-28 14:35:54.399609222,QUERY_ORDER_STREAM,64
2019-06-28 14:35:54.399609222,QUERY_SPREAD,64
2019-06-28 14:35:56.892297107,QUERY_SPREAD,46
2019-06-28 14:35:56.892297107,BEST_BID,"JPM,98983,647"
2019-06-28 14:35:56.892297107,BEST_ASK,"JPM,100546,380"
2019-06-28 14:35:58.870237006,QUERY_SPREAD,3
2019-06-28 14:35:58.870237006,BEST_BID,"JPM,98983,647"
2019-06-28 14:35:58.870237006,BEST_ASK,"JPM,100546,380"
2019-06-28 14:36:00.000000000,QUERY_SPREAD,1
2019-06-28 14:36:00.000000000,BEST_BID,"JPM,98983,507"
2019-06-28 14:36:00.000000000,BEST_ASK,"JPM,100546,100"
2019-06-28 14:36:00.000000000,BEST_BID,"JPM,98983,507"
2019-06-28 14:36:00.000000000,BEST_ASK,"JPM,100546,100"
2019-06-28 14:36:00.000000000,BEST_BID,"JPM,98983,507"
2019-06-28 14:36:00.000000000,BEST_ASK,"JPM,100546,240"
2019-06-28 14:36:00.000000000,BEST_BID,"JPM,98983,507"
2019-06-28 14:36:00.000000000,BEST_ASK,"JPM,100546,240"
2019-06-28 14:36:00.000000000,QUERY_SPREAD,77
2019-06-28 14:36:00.000000000,BEST_BID,"JPM,98983,506"
2019-06-28 14:36:00.000000000,BEST_ASK,"JPM,100546,240"
2019-06-28 14:36:00.000000000,LAST_TRADE,"1,$98983.0000"
2019-06-28 14:36:00.000000000,QUERY_SPREAD,78
2019-06-28 14:36:00.000000000,BEST_BID,"JPM,98983,502"
2019-06-28 14:36:00.000000000,BEST_ASK,"JPM,100546,240"
2019-06-28 14:36:00.000000000,LAST_TRADE,"4,$98983.0000"
2019-06-28 14:36:00.000000000,QUERY_SPREAD,79
2019-06-28 14:36:00.000000000,BEST_BID,"JPM,98983,496"
2019-06-28 14:36:00.000000000,BEST_ASK,"JPM,100546,240"
2019-06-28 14:36:00.000000000,LAST_TRADE,"6,$98983.0000"
2019-06-28 14:36:00.000000000,QUERY_SPREAD,80
2019-06-28 14:36:00.000000000,BEST_BID,"JPM,98983,491"
2019-06-28 14:36:00.000000000,BEST_ASK,"JPM,100546,240"
2019-06-28 14:36:00.000000000,LAST_TRADE,"5,$98983.0000"
2019-06-28 14:36:00.000000000,QUERY_SPREAD,81
2019-06-28 14:36:00.000000000,BEST_BID,"JPM,98983,483"
2019-06-28 14:36:00.000000000,BEST_ASK,"JPM,100546,240"
2019-06-28 14:36:00.000000000,LAST_TRADE,"8,$98983.0000"
2019-06-28 14:36:00.000000000,QUERY_SPREAD,82
2019-06-28 14:36:00.000000000,BEST_BID,"JPM,98983,475"
2019-06-28 14:36:00.000000000,BEST_ASK,"JPM,100546,240"
2019-06-28 14:36:00.000000000,LAST_TRADE,"8,$98983.0000"
2019-06-28 14:36:00.000000000,QUERY_SPREAD,83
2019-06-28 14:36:00.000000000,BEST_BID,"JPM,98983,473"
2019-06-28 14:36:00.000000000,BEST_ASK,"JPM,100546,240"
2019-06-28 14:36:00.000000000,LAST_TRADE,"2,$98983.0000"
2019-06-28 14:36:00.000000000,QUERY_SPREAD,84
2019-06-28 14:36:00.000000000,BEST_BID,"JPM,98983,472"
2019-06-28 14:36:00.000000000,BEST_ASK,"JPM,100546,240"
2019-06-28 14:36:00.000000000,LAST_TRADE,"1,$98983.0000"
2019-06-28 14:36:00.000000000,QUERY_SPREAD,85
2019-06-28 14:36:00.000000000,BEST_BID,"JPM,98983,471"
2019-06-28 14:36:00.000000000,BEST_ASK,"JPM,100546,240"
2019-06-28 14:36:00.000000000,LAST_TRADE,"1,$98983.0000"
2019-06-28 14:36:00.000000000,QUERY_SPREAD,86
2019-06-28 14:36:00.000000000,BEST_BID,"JPM,98983,465"
2019-06-28 14:36:00.000000000,BEST_ASK,"JPM,100546,240"
2019-06-28 14:36:00.000000000,LAST_TRADE,"6,$98983.0000"
2019-06-28 14:36:00.000000000,QUERY_SPREAD,87
2019-06-28 14:36:00.000000000,BEST_BID,"JPM,98983,462"
2019-06-28 14:36:00.000000000,BEST_ASK,"JPM,100546,240"
2019-06-28 14:36:00.000000000,LAST_TRADE,"3,$98983.0000"
2019-06-28 14:36:00.000000000,QUERY_SPREAD,88
2019-06-28 14:36:00.000000000,BEST_BID,"JPM,98983,458"
2019-06-28 14:36:00.000000000,BEST_ASK,"JPM,100546,240"
2019-06-28 14:36:00.000000000,LAST_TRADE,"4,$98983.0000"
2019-06-28 14:36:00.000000000,QUERY_SPREAD,89
2019-06-28 14:36:00.000000000,BEST_BID,"JPM,98983,454"
2019-06-28 14:36:00.000000000,BEST_ASK,"JPM,100546,240"
2019-06-28 14:36:00.000000000,LAST_TRADE,"4,$98983.0000"
2019-06-28 14:36:00.000000000,QUERY_SPREAD,90
2019-06-28 14:36:00.000000000,BEST_BID,"JPM,98983,447"
2019-06-28 14:36:00.000000000,BEST_ASK,"JPM,100546,240"
2019-06-28 14:36:00.000000000,LAST_TRADE,"7,$98983.0000"
2019-06-28 14:36:00.000000000,QUERY_SPREAD,91
2019-06-28 14:36:00.000000000,BEST_BID,"JPM,98983,439"
2019-06-28 14:36:00.000000000,BEST_ASK,"JPM,100546,240"
2019-06-28 14:36:00.000000000,LAST_TRADE,"8,$98983.0000"
2019-06-28 14:36:00.000000000,QUERY_SPREAD,92
2019-06-28 14:36:00.000000000,BEST_BID,"JPM,98983,434"
2019-06-28 14:36:00.000000000,BEST_ASK,"JPM,100546,240"
2019-06-28 14:36:00.000000000,LAST_TRADE,"5,$98983.0000"
2019-06-28 14:36:00.000000000,QUERY_SPREAD,93
2019-06-28 14:36:00.000000000,BEST_BID,"JPM,98983,431"
2019-06-28 14:36:00.000000000,BEST_ASK,"JPM,100546,240"
2019-06-28 14:36:00.000000000,LAST_TRADE,"3,$98983.0000"
2019-06-28 14:36:00.000000000,QUERY_SPREAD,94
2019-06-28 14:36:00.000000000,BEST_BID,"JPM,98983,427"
2019-06-28 14:36:00.000000000,BEST_ASK,"JPM,100546,240"
2019-06-28 14:36:00.000000000,LAST_TRADE,"4,$98983.0000"
2019-06-28 14:36:00.000000000,QUERY_SPREAD,95
2019-06-28 14:36:00.000000000,BEST_BID,"JPM,98983,422"
2019-06-28 14:36:00.000000000,BEST_ASK,"JPM,100546,240"
2019-06-28 14:36:00.000000000,LAST_TRADE,"5,$98983.0000"
2019-06-28 14:36:00.000000000,QUERY_SPREAD,96
2019-06-28 14:36:00.000000000,BEST_BID,"JPM,98983,421"
2019-06-28 14:36:00.000000000,BEST_ASK,"JPM,100546,240"
2019-06-28 14:36:00.000000000,LAST_TRADE,"1,$98983.0000"
2019-06-28 14:36:00.000000000,QUERY_SPREAD,97
2019-06-28 14:36:00.000000000,BEST_BID,"JPM,98983,414"
2019-06-28 14:36:00.000000000,BEST_ASK,"JPM,100546,240"
2019-06-28 14:36:00.000000000,LAST_TRADE,"7,$98983.0000"
2019-06-28 14:36:00.000000000,QUERY_SPREAD,98
2019-06-28 14:36:00.000000000,BEST_BID,"JPM,98983,408"
2019-06-28 14:36:00.000000000,BEST_ASK,"JPM,100546,240"
2019-06-28 14:36:00.000000000,LAST_TRADE,"6,$98983.0000"
2019-06-28 14:36:00.000000000,QUERY_SPREAD,99
2019-06-28 14:36:00.000000000,BEST_BID,"JPM,98983,403"
2019-06-28 14:36:00.000000000,BEST_ASK,"JPM,100546,240"
2019-06-28 14:36:00.000000000,LAST_TRADE,"5,$98983.0000"
2019-06-28 14:36:00.000000000,QUERY_SPREAD,100
2019-06-28 14:36:00.000000000,BEST_BID,"JPM,98983,396"
2019-06-28 14:36:00.000000000,BEST_ASK,"JPM,100546,240"
2019-06-28 14:36:00.000000000,LAST_TRADE,"7,$98983.0000"
2019-06-28 14:36:00.000000000,QUERY_SPREAD,101
2019-06-28 14:36:00.000000000,QUERY_ORDER_STREAM,101
2019-06-28 14:36:10.000000000,QUERY_SPREAD,1
2019-06-28 14:36:10.000000000,BEST_BID,"JPM,98983,536"
2019-06-28 14:36:10.000000000,BEST_ASK,"JPM,100546,100"
2019-06-28 14:36:10.000000000,BEST_BID,"JPM,98983,536"
2019-06-28 14:36:10.000000000,BEST_ASK,"JPM,100546,380"
2019-06-28 14:36:15.822547099,QUERY_SPREAD,27
2019-06-28 14:36:15.822547099,BEST_BID,"JPM,98983,536"
2019-06-28 14:36:15.822547099,BEST_ASK,"JPM,100546,380"
2019-06-28 14:36:19.866740046,QUERY_SPREAD,17
2019-06-28 14:36:19.866740046,BEST_BID,"JPM,98983,536"
2019-06-28 14:36:19.866740046,BEST_ASK,"JPM,100546,380"
2019-06-28 14:36:20.000000000,QUERY_SPREAD,1
2019-06-28 14:36:20.000000000,BEST_BID,"JPM,98983,351"
2019-06-28 14:36:20.000000000,BEST_ASK,"JPM,100546,100"
2019-06-28 14:36:20.000000000,BEST_BID,"JPM,98983,351"
2019-06-28 14:36:20.000000000,BEST_ASK,"JPM,100546,100"
2019-06-28 14:36:20.000000000,BEST_BID,"JPM,98983,351"
2019-06-28 14:36:20.000000000,BEST_ASK,"JPM,100546,100"
2019-06-28 14:36:20.000000000,BEST_BID,"JPM,98983,351"
2019-06-28 14:36:20.000000000,BEST_ASK,"JPM,100546,195"
2019-06-28 14:36:20.000000000,BEST_BID,"JPM,98983,351"
2019-06-28 14:36:20.000000000,BEST_ASK,"JPM,100546,195"
2019-06-28 14:36:20.000000000,BEST_BID,"JPM,98983,351"
2019-06-28 14:36:20.000000000,BEST_ASK,"JPM,100546,195"
2019-06-28 14:36:30.000000000,QUERY_SPREAD,1
2019-06-28 14:36:30.000000000,BEST_BID,"JPM,98983,326"
2019-06-28 14:36:30.000000000,BEST_ASK,"JPM,100546,100"
2019-06-28 14:36:30.000000000,BEST_BID,"JPM,98983,326"
2019-06-28 14:36:30.000000000,BEST_ASK,"JPM,100546,100"
2019-06-28 14:36:30.000000000,BEST_BID,"JPM,98983,326"
2019-06-28 14:36:30.000000000,BEST_ASK,"JPM,100546,100"
2019-06-28 14:36:30.000000000,BEST_BID,"JPM,98983,326"
2019-06-28 14:36:30.000000000,BEST_ASK,"JPM,100546,170"
2019-06-28 14:36:30.000000000,BEST_BID,"JPM,98983,326"
2019-06-28 14:36:30.000000000,BEST_ASK,"JPM,100546,170"
2019-06-28 14:36:30.000000000,BEST_BID,"JPM,98983,326"
2019-06-28 14:36:30.000000000,BEST_ASK,"JPM,100546,170"
2019-06-28 14:36:30.000000000,BEST_BID,"JPM,98983,326"
2019-06-28 14:36:30.000000000,BEST_ASK,"JPM,100546,170"
2019-06-28 14:36:40.000000000,QUERY_SPREAD,1
2019-06-28 14:36:40.000000000,BEST_BID,"JPM,98983,536"
2019-06-28 14:36:40.000000000,BEST_ASK,"JPM,100546,100"
2019-06-28 14:36:40.000000000,BEST_BID,"JPM,98983,536"
2019-06-28 14:36:40.000000000,BEST_ASK,"JPM,100546,380"
2019-06-28 14:36:47.904529216,QUERY_SPREAD,5
2019-06-28 14:36:47.904529216,BEST_BID,"JPM,100346,100"
2019-06-28 14:36:47.904529216,BEST_ASK,"JPM,100546,380"
2019-06-28 14:36:50.000000000,QUERY_SPREAD,1
2019-06-28 14:36:50.000000000,BEST_BID,"JPM,100346,170"
2019-06-28 14:36:50.000000000,BEST_ASK,"JPM,100546,100"
2019-06-28 14:36:50.000000000,BEST_BID,"JPM,100346,170"
2019-06-28 14:36:50.000000000,BEST_ASK,"JPM,100546,100"
2019-06-28 14:36:50.000000000,BEST_BID,"JPM,100346,170"
2019-06-28 14:36:50.000000000,BEST_ASK,"JPM,100546,100"
2019-06-28 14:36:50.000000000,BEST_BID,"JPM,100346,170"
2019-06-28 14:36:50.000000000,BEST_ASK,"JPM,100546,100"
2019-06-28 14:36:50.000000000,BEST_BID,"JPM,100346,170"
2019-06-28 14:36:50.000000000,BEST_ASK,"JPM,100546,170"
2019-06-28 14:36:50.000000000,BEST_BID,"JPM,100346,170"
2019-06-28 14:36:50.000000000,BEST_ASK,"JPM,100546,170"
2019-06-28 14:36:50.000000000,BEST_BID,"JPM,100346,170"
2019-06-28 14:36:50.000000000,BEST_ASK,"JPM,100546,170"
2019-06-28 14:36:50.000000000,BEST_BID,"JPM,100346,170"
2019-06-28 14:36:50.000000000,BEST_ASK,"JPM,100546,170"
2019-06-28 14:36:50.933123635,QUERY_SPREAD,27
2019-06-28 14:36:50.933123635,BEST_BID,"JPM,100346,70"
2019-06-28 14:36:50.933123635,BEST_ASK,"JPM,100546,170"
2019-06-28 14:36:50.933123635,LAST_TRADE,"100,$100346.0000"
2019-06-28 14:37:00.000000000,QUERY_SPREAD,1
2019-06-28 14:37:00.000000000,BEST_BID,"JPM,98983,351"
2019-06-28 14:37:00.000000000,BEST_ASK,"JPM,100546,100"
2019-06-28 14:37:00.000000000,BEST_BID,"JPM,98983,351"
2019-06-28 14:37:00.000000000,BEST_ASK,"JPM,100546,100"
2019-06-28 14:37:00.000000000,BEST_BID,"JPM,98983,351"
2019-06-28 14:37:00.000000000,BEST_ASK,"JPM,100546,100"
2019-06-28 14:37:00.000000000,BEST_BID,"JPM,98983,351"
2019-06-28 14:37:00.000000000,BEST_ASK,"JPM,100546,195"
2019-06-28 14:37:00.000000000,BEST_BID,"JPM,98983,351"
2019-06-28 14:37:00.000000000,BEST_ASK,"JPM,100546,195"
2019-06-28 14:37:00.000000000,BEST_BID,"JPM,98983,351"
2019-06-28 14:37:00.000000000,BEST_ASK,"JPM,100546,195"
2019-06-28 14:37:00.000000000,QUERY_SPREAD,77
2019-06-28 14:37:00.000000000,BEST_BID,"JPM,98983,350"
2019-06-28 14:37:00.000000000,BEST_ASK,"JPM,100546,195"
2019-06-28 14:37:00.000000000,LAST_TRADE,"1,$98983.0000"
2019-06-28 14:37:00.000000000,QUERY_SPREAD,78
2019-06-28 14:37:00.000000000,BEST_BID,"JPM,98983,346"
2019-06-28 14:37:00.000000000,BEST_ASK,"JPM,100546,195"
2019-06-28 14:37:00.000000000,LAST_TRADE,"4,$98983.0000"
2019-06-28 14:37:00.000000000,QUERY_SPREAD,79
2019-06-28 14:37:00.000000000,BEST_BID,"JPM,98983,340"
2019-06-28 14:37:00.000000000,BEST_ASK,"JPM,100546,195"
2019-06-28 14:37:00.000000000,LAST_TRADE,"6,$98983.0000"
2019-06-28 14:37:00.000000000,QUERY_SPREAD,80
2019-06-28 14:37:00.000000000,BEST_BID,"JPM,98983,335"
2019-06-28 14:37:00.000000000,BEST_ASK,"JPM,100546,195"
2019-06-28 14:37:00.000000000,LAST_TRADE,"5,$98983.0000"
2019-06-28 14:37:00.000000000,QUERY_SPREAD,81
2019-06-28 14:37:00.000000000,BEST_BID,"JPM,98983,327"
2019-06-28 14:37:00.000000000,BEST_ASK,"JPM,100546,195"
2019-06-28 14:37:00.000000000,LAST_TRADE,"8,$98983.0000"
2019-06-28 14:37:00.000000000,QUERY_SPREAD,82
2019-06-28 14:37:00.000000000,BEST_BID,"JPM,98983,319"
2019-06-28 14:37:00.000000000,BEST_ASK,"JPM,100546,195"
2019-06-28 14:37:00.000000000,LAST_TRADE,"8,$98983.0000"
2019-06-28 14:37:00.000000000,QUERY_SPREAD,83
2019-06-28 14:37:00.000000000,BEST_BID,"JPM,98983,317"
2019-06-28 14:37:00.000000000,BEST_ASK,"JPM,100546,195"
2019-06-28 14:37:00.000000000,LAST_TRADE,"2,$98983.0000"
2019-06-28 14:37:00.000000000,QUERY_SPREAD,84
2019-06-28 14:37:00.000000000,BEST_BID,"JPM,98983,316"
2019-06-28 14:37:00.000000000,BEST_ASK,"JPM,100546,195"
2019-06-28 14:37:00.000000000,LAST_TRADE,"1,$98983.0000"
2019-06-28 14:37:00.000000000,QUERY_SPREAD,85
2019-06-28 14:37:00.000000000,BEST_BID,"JPM,98983,315"
2019-06-28 14:37:00.000000000,BEST_ASK,"JPM,100546,195"
2019-06-28 14:37:00.000000000,LAST_TRADE,"1,$98983.0000"
2019-06-28 14:37:00.000000000,QUERY_SPREAD,86
2019-06-28 14:37:00.000000000,BEST_BID,"JPM,98983,309"
2019-06-28 14:37:00.000000000,BEST_ASK,"JPM,100546,195"
2019-06-28 14:37:00.000000000,LAST_TRADE,"6,$98983.0000"
2019-06-28 14:37:00.000000000,QUERY_SPREAD,87
2019-06-28 14:37:00.000000000,BEST_BID,"JPM,98983,306"
2019-06-28 14:37:00.000000000,BEST_ASK,"JPM,100546,195"
2019-06-28 14:37:00.000000000,LAST_TRADE,"3,$98983.0000"
2019-06-28 14:37:00.000000000,QUERY_SPREAD,88
2019-06-28 14:37:00.000000000,BEST_BID,"JPM,98983,302"
2019-06-28 14:37:00.000000000,BEST_ASK,"JPM,100546,195"
2019-06-28 14:37:00.000000000,LAST_TRADE,"4,$98983.0000"
2019-06-28 14:37:00.000000000,QUERY_SPREAD,89
2019-06-28 14:37:00.000000000,BEST_BID,"JPM,98983,298"
2019-06-28 14:37:00.000000000,BEST_ASK,"JPM,100546,195"
2019-06-28 14:37:00.000000000,LAST_TRADE,"4,$98983.0000"
2019-06-28 14:37:00.000000000,QUERY_SPREAD,90
2019-06-28 14:37:00.000000000,BEST_BID,"JPM,98983,291"
2019-06-28 14:37:00.000000000,BEST_ASK,"JPM,100546,195"
2019-06-28 14:37:00.000000000,LAST_TRADE,"7,$98983.0000"
2019-06-28 14:37:00.000000000,QUERY_SPREAD,91
2019-06-28 14:37:00.000000000,BEST_BID,"JPM,98983,283"
2019-06-28 14:37:00.000000000,BEST_ASK,"JPM,100546,195"
2019-06-28 14:37:00.000000000,LAST_TRADE,"8,$98983.0000"
2019-06-28 14:37:00.000000000,QUERY_SPREAD,92
2019-06-28 14:37:00.000000000,BEST_BID,"JPM,98983,278"
2019-06-28 14:37:00.000000000,BEST_ASK,"JPM,100546,195"
2019-06-28 14:37:00.000000000,LAST_TRADE,"5,$98983.0000"
2019-06-28 14:37:00.000000000,QUERY_SPREAD,93
2019-06-28 14:37:00.000000000,BEST_BID,"JPM,98983,275"
2019-06-28 14:37:00.000000000,BEST_ASK,"JPM,100546,195"
2019-06-28 14:37:00.000000000,LAST_TRADE,"3,$98983.0000"
2019-06-28 14:37:00.000000000,QUERY_SPREAD,94
2019-06-28 14:37:00.000000000,BEST_BID,"JPM,98983,271"
2019-06-28 14:37:00.000000000,BEST_ASK,"JPM,100546,195"
2019-06-28 14:37:00.000000000,LAST_TRADE,"4,$98983.0000"
2019-06-28 14:37:00.000000000,QUERY_SPREAD,95
2019-06-28 14:37:00.000000000,BEST_BID,"JPM,98983,266"
2019-06-28 14:37:00.000000000,BEST_ASK,"JPM,100546,195"
2019-06-28 14:37:00.000000000,LAST_TRADE,"5,$98983.0000"
2019-06-28 14:37:00.000000000,QUERY_SPREAD,96
2019-06-28 14:37:00.000000000,BEST_BID,"JPM,98983,265"
2019-06-28 14:37:00.000000000,BEST_ASK,"JPM,100546,195"
2019-06-28 14:37:00.000000000,LAST_TRADE,"1,$98983.0000"
2019-06-28 14:37:00.000000000,QUERY_SPREAD,97
2019-06-28 14:37:00.000000000,BEST_BID,"JPM,98983,258"
2019-06-28 14:37:00.000000000,BEST_ASK,"JPM,100546,195"
2019-06-28 14:37:00.000000000,LAST_TRADE,"7,$98983.0000"
2019-06-28 14:37:00.000000000,QUERY_SPREAD,98
2019-06-28 14:37:00.000000000,BEST_BID,"JPM,98983,252"
2019-06-28 14:37:00.000000000,BEST_ASK,"JPM,100546,195"
2019-06-28 14:37:00.000000000,LAST_TRADE,"6,$98983.0000"
2019-06-28 14:37:00.000000000,QUERY_SPREAD,99
2019-06-28 14:37:00.000000000,BEST_BID,"JPM,98983,247"
2019-06-28 14:37:00.000000000,BEST_ASK,"JPM,100546,195"
2019-06-28 14:37:00.000000000,LAST_TRADE,"5,$98983.0000"
2019-06-28 14:37:00.000000000,QUERY_SPREAD,100
2019-06-28 14:37:00.000000000,BEST_BID,"JPM,98983,240"
2019-06-28 14:37:00.000000000,BEST_ASK,"JPM,100546,195"
2019-06-28 14:37:00.000000000,LAST_TRADE,"7,$98983.0000"
2019-06-28 14:37:00.000000000,QUERY_SPREAD,101
2019-06-28 14:37:00.000000000,QUERY_ORDER_STREAM,101
2019-06-28 14:37:09.934433028,QUERY_ORDER_STREAM,55
2019-06-28 14:37:09.934433028,QUERY_SPREAD,55
2019-06-28 14:37:10.000000000,QUERY_SPREAD,1
2019-06-28 14:37:10.000000000,BEST_BID,"JPM,98983,425"
2019-06-28 14:37:10.000000000,BEST_ASK,"JPM,100546,100"
2019-06-28 14:37:10.000000000,BEST_BID,"JPM,98983,425"
2019-06-28 14:37:10.000000000,BEST_ASK,"JPM,100546,380"
2019-06-28 14:37:10.275500275,QUERY_SPREAD,21
2019-06-28 14:37:10.275500275,BEST_BID,"JPM,99902,100"
2019-06-28 14:37:10.275500275,BEST_ASK,"JPM,100546,380"
2019-06-28 14:37:20.000000000,QUERY_SPREAD,1
2019-06-28 14:37:20.000000000,BEST_BID,"JPM,99902,170"
2019-06-28 14:37:20.000000000,BEST_ASK,"JPM,100546,100"
2019-06-28 14:37:20.000000000,BEST_BID,"JPM,99902,170"
2019-06-28 14:37:20.000000000,BEST_ASK,"JPM,100546,100"
2019-06-28 14:37:20.000000000,BEST_BID,"JPM,99902,170"
2019-06-28 14:37:20.000000000,BEST_ASK,"JPM,100546,100"
2019-06-28 14:37:20.000000000,BEST_BID,"JPM,99902,170"
2019-06-28 14:37:20.000000000,BEST_ASK,"JPM,100546,100"
2019-06-28 14:37:20.000000000,BEST_BID,"JPM,99902,170"
2019-06-28 14:37:20.000000000,BEST_ASK,"JPM,100546,170"
2019-06-28 14:37:20.000000000,BEST_BID,"JPM,99902,170"
2019-06-28 14:37:20.000000000,BEST_ASK,"JPM,100546,170"
2019-06-28 14:37:20.000000000,BEST_BID,"JPM,99902,170"
2019-06-28 14:37:20.000000000,BEST_ASK,"JPM,100546,170"
2019-06-28 14:37:20.000000000,BEST_BID,"JPM,99902,170"
2019-06-28 14:37:20.000000000,BEST_ASK,"JPM,100546,170"
2019-06-28 14:37:25.478262023,QUERY_SPREAD,13
2019-06-28 14:37:25.478262023,BEST_BID,"JPM,99980,100"
2019-06-28 14:37:25.478262023,BEST_ASK,"JPM,100546,170"
2019-06-28 14:37:29.102613221,QUERY_SPREAD,40
2019-06-28 14:37:29.102613221,BEST_BID,"JPM,99980,100"
2019-06-28 14:37:29.102613221,BEST_ASK,"JPM,100024,100"
2019-06-28 14:37:30.000000000,QUERY_SPREAD,1
2019-06-28 14:37:30.000000000,BEST_BID,"JPM,99980,170"
2019-06-28 14:37:30.000000000,BEST_ASK,"JPM,100024,100"
2019-06-28 14:37:30.000000000,BEST_BID,"JPM,99980,170"
2019-06-28 14:37:30.000000000,BEST_ASK,"JPM,100024,100"
2019-06-28 14:37:30.000000000,BEST_BID,"JPM,99980,170"
2019-06-28 14:37:30.000000000,BEST_ASK,"JPM,100024,100"
2019-06-28 14:37:30.000000000,BEST_BID,"JPM,99980,170"
2019-06-28 14:37:30.000000000,BEST_ASK,"JPM,100024,100"
2019-06-28 14:37:30.000000000,BEST_BID,"JPM,99980,170"
2019-06-28 14:37:30.000000000,BEST_ASK,"JPM,100024,170"
2019-06-28 14:37:30.000000000,BEST_BID,"JPM,99980,170"
2019-06-28 14:37:30.000000000,BEST_ASK,"JPM,100024,170"
2019-06-28 14:37:30.000000000,BEST_BID,"JPM,99980,170"
2019-06-28 14:37:30.000000000,BEST_ASK,"JPM,100024,170"
2019-06-28 14:37:30.000000000,BEST_BID,"JPM,99980,170"
2019-06-28 14:37:30.000000000,BEST_ASK,"JPM,100024,170"
2019-06-28 14:37:34.628339838,QUERY_SPREAD,13
2019-06-28 14:37:34.628339838,BEST_BID,"JPM,99980,70"
2019-06-28 14:37:34.628339838,BEST_ASK,"JPM,100024,170"
2019-06-28 14:37:40.000000000,QUERY_SPREAD,1
2019-06-28 14:37:40.000000000,BEST_BID,"JPM,99902,156"
2019-06-28 14:37:40.000000000,BEST_ASK,"JPM,100024,100"
2019-06-28 14:37:40.000000000,BEST_BID,"JPM,99902,156"
2019-06-28 14:37:40.000000000,BEST_ASK,"JPM,100024,100"
2019-06-28 14:37:40.000000000,BEST_BID,"JPM,99902,156"
2019-06-28 14:37:40.000000000,BEST_ASK,"JPM,100024,100"
2019-06-28 14:37:40.000000000,BEST_BID,"JPM,99902,156"
2019-06-28 14:37:40.000000000,BEST_ASK,"JPM,100024,100"
2019-06-28 14:37:40.000000000,BEST_BID,"JPM,99902,156"
2019-06-28 14:37:40.000000000,BEST_ASK,"JPM,100024,100"
2019-06-28 14:37:40.000000000,BEST_BID,"JPM,99902,156"
2019-06-28 14:37:40.000000000,BEST_ASK,"JPM,100024,156"
2019-06-28 14:37:40.000000000,BEST_BID,"JPM,99902,156"
2019-06-28 14:37:40.000000000,BEST_ASK,"JPM,100024,156"
2019-06-28 14:37:40.000000000,BEST_BID,"JPM,99902,156"
2019-06-28 14:37:40.000000000,BEST_ASK,"JPM,100024,156"
2019-06-28 14:37:40.000000000,BEST_BID,"JPM,99902,156"
2019-06-28 14:37:40.000000000,BEST_ASK,"JPM,100024,156"
2019-06-28 14:37:40.000000000,BEST_BID,"JPM,99902,156"
2019-06-28 14:37:40.000000000,BEST_ASK,"JPM,100024,156"
2019-06-28 14:37:50.000000000,QUERY_SPREAD,1
2019-06-28 14:37:50.000000000,BEST_BID,"JPM,99902,156"
2019-06-28 14:37:50.000000000,BEST_ASK,"JPM,100024,100"
2019-06-28 14:37:50.000000000,BEST_BID,"JPM,99902,156"
2019-06-28 14:37:50.000000000,BEST_ASK,"JPM,100024,100"
2019-06-28 14:37:50.000000000,BEST_BID,"JPM,99902,156"
2019-06-28 14:37:50.000000000,BEST_ASK,"JPM,100024,100"
2019-06-28 14:37:50.000000000,BEST_BID,"JPM,99902,156"
2019-06-28 14:37:50.000000000,BEST_ASK,"JPM,100024,100"
2019-06-28 14:37:50.000000000,BEST_BID,"JPM,99902,156"
2019-06-28 14:37:50.000000000,BEST_ASK,"JPM,100024,100"
2019-06-28 14:37:50.000000000,BEST_BID,"JPM,99902,156"
2019-06-28 14:37:50.000000000,BEST_ASK,"JPM,100024,156"
2019-06-28 14:37:50.000000000,BEST_BID,"JPM,99902,156"
2019-06-28 14:37:50.000000000,BEST_ASK,"JPM,100024,156"
2019-06-28 14:37:50.000000000,BEST_BID,"JPM,99902,156"
2019-06-28 14:37:50.000000000,BEST_ASK,"JPM,100024,156"
2019-06-28 14:37:50.000000000,BEST_BID,"JPM,99902,156"
2019-06-28 14:37:50.000000000,BEST_ASK,"JPM,100024,156"
2019-06-28 14:37:50.000000000,BEST_BID,"JPM,99902,156"
2019-06-28 14:37:50.000000000,BEST_ASK,"JPM,100024,156"
2019-06-28 14:37:50.264686458,QUERY_ORDER_STREAM,55
2019-06-28 14:37:50.264686458,QUERY_SPREAD,55
2019-06-28 14:37:50.264686458,BEST_BID,"JPM,99902,156"
2019-06-28 14:37:50.264686458,BEST_ASK,"JPM,100024,156"
2019-06-28 14:38:00.000000000,QUERY_SPREAD,1
2019-06-28 14:38:00.000000000,BEST_BID,"JPM,99902,156"
2019-06-28 14:38:00.000000000,BEST_ASK,"JPM,100024,100"
2019-06-28 14:38:00.000000000,BEST_BID,"JPM,99902,156"
2019-06-28 14:38:00.000000000,BEST_ASK,"JPM,100024,100"
2019-06-28 14:38:00.000000000,BEST_BID,"JPM,99902,156"
2019-06-28 14:38:00.000000000,BEST_ASK,"JPM,100024,100"
2019-06-28 14:38:00.000000000,BEST_BID,"JPM,99902,156"
2019-06-28 14:38:00.000000000,BEST_ASK,"JPM,100024,100"
2019-06-28 14:38:00.000000000,BEST_BID,"JPM,99902,156"
2019-06-28 14:38:00.000000000,BEST_ASK,"JPM,100024,100"
2019-06-28 14:38:00.000000000,BEST_BID,"JPM,99902,156"
2019-06-28 14:38:00.000000000,BEST_ASK,"JPM,100024,156"
2019-06-28 14:38:00.000000000,BEST_BID,"JPM,99902,156"
2019-06-28 14:38:00.000000000,BEST_ASK,"JPM,100024,156"
2019-06-28 14:38:00.000000000,BEST_BID,"JPM,99902,156"
2019-06-28 14:38:00.000000000,BEST_ASK,"JPM,100024,156"
2019-06-28 14:38:00.000000000,BEST_BID,"JPM,99902,156"
2019-06-28 14:38:00.000000000,BEST_ASK,"JPM,100024,156"
2019-06-28 14:38:00.000000000,BEST_BID,"JPM,99902,156"
2019-06-28 14:38:00.000000000,BEST_ASK,"JPM,100024,156"
2019-06-28 14:38:00.000000000,QUERY_SPREAD,77
2019-06-28 14:38:00.000000000,BEST_BID,"JPM,99902,155"
2019-06-28 14:38:00.000000000,BEST_ASK,"JPM,100024,156"
2019-06-28 14:38:00.000000000,LAST_TRADE,"1,$99902.0000"
2019-06-28 14:38:00.000000000,QUERY_SPREAD,78
2019-06-28 14:38:00.000000000,BEST_BID,"JPM,99902,151"
2019-06-28 14:38:00.000000000,BEST_ASK,"JPM,100024,156"
2019-06-28 14:38:00.000000000,LAST_TRADE,"4,$99902.0000"
2019-06-28 14:38:00.000000000,QUERY_SPREAD,79
2019-06-28 14:38:00.000000000,BEST_BID,"JPM,99902,145"
2019-06-28 14:38:00.000000000,BEST_ASK,"JPM,100024,156"
2019-06-28 14:38:00.000000000,LAST_TRADE,"6,$99902.0000"
2019-06-28 14:38:00.000000000,QUERY_SPREAD,80
2019-06-28 14:38:00.000000000,BEST_BID,"JPM,99902,140"
2019-06-28 14:38:00.000000000,BEST_ASK,"JPM,100024,156"
2019-06-28 14:38:00.000000000,LAST_TRADE,"5,$99902.0000"
2019-06-28 14:38:00.000000000,QUERY_SPREAD,81
2019-06-28 14:38:00.000000000,BEST_BID,"JPM,99902,132"
2019-06-28 14:38:00.000000000,BEST_ASK,"JPM,100024,156"
2019-06-28 14:38:00.000000000,LAST_TRADE,"8,$99902.0000"
2019-06-28 14:38:00.000000000,QUERY_SPREAD,82
2019-06-28 14:38:00.000000000,BEST_BID,"JPM,99902,124"
2019-06-28 14:38:00.000000000,BEST_ASK,"JPM,100024,156"
2019-06-28 14:38:00.000000000,LAST_TRADE,"8,$99902.0000"
2019-06-28 14:38:00.000000000,QUERY_SPREAD,83
2019-06-28 14:38:00.000000000,BEST_BID,"JPM,99902,122"
2019-06-28 14:38:00.000000000,BEST_ASK,"JPM,100024,156"
2019-06-28 14:38:00.000000000,LAST_TRADE,"2,$99902.0000"
2019-06-28 14:38:00.000000000,QUERY_SPREAD,84
2019-06-28 14:38:00.000000000,BEST_BID,"JPM,99902,121"
2019-06-28 14:38:00.000000000,BEST_ASK,"JPM,100024,156"
2019-06-28 14:38:00.000000000,LAST_TRADE,"1,$99902.0000"
2019-06-28 14:38:00.000000000,QUERY_SPREAD,85
2019-06-28 14:38:00.000000000,BEST_BID,"JPM,99902,120"
2019-06-28 14:38:00.000000000,BEST_ASK,"JPM,100024,156"
2019-06-28 14:38:00.000000000,LAST_TRADE,"1,$99902.0000"
2019-06-28 14:38:00.000000000,QUERY_SPREAD,86
2019-06-28 14:38:00.000000000,BEST_BID,"JPM,99902,114"
2019-06-28 14:38:00.000000000,BEST_ASK,"JPM,100024,156"
2019-06-28 14:38:00.000000000,LAST_TRADE,"6,$99902.0000"
2019-06-28 14:38:00.000000000,QUERY_SPREAD,87
2019-06-28 14:38:00.000000000,BEST_BID,"JPM,99902,111"
2019-06-28 14:38:00.000000000,BEST_ASK,"JPM,100024,156"
2019-06-28 14:38:00.000000000,LAST_TRADE,"3,$99902.0000"
2019-06-28 14:38:00.000000000,QUERY_SPREAD,88
2019-06-28 14:38:00.000000000,BEST_BID,"JPM,99902,107"
2019-06-28 14:38:00.000000000,BEST_ASK,"JPM,100024,156"
2019-06-28 14:38:00.000000000,LAST_TRADE,"4,$99902.0000"
2019-06-28 14:38:00.000000000,QUERY_SPREAD,89
2019-06-28 14:38:00.000000000,BEST_BID,"JPM,99902,103"
2019-06-28 14:38:00.000000000,BEST_ASK,"JPM,100024,156"
2019-06-28 14:38:00.000000000,LAST_TRADE,"4,$99902.0000"
2019-06-28 14:38:00.000000000,QUERY_SPREAD,90
2019-06-28 14:38:00.000000000,BEST_BID,"JPM,99902,96"
2019-06-28 14:38:00.000000000,BEST_ASK,"JPM,100024,156"
2019-06-28 14:38:00.000000000,LAST_TRADE,"7,$99902.0000"
2019-06-28 14:38:00.000000000,QUERY_SPREAD,91
2019-06-28 14:38:00.000000000,BEST_BID,"JPM,99902,88"
2019-06-28 14:38:00.000000000,BEST_ASK,"JPM,100024,156"
2019-06-28 14:38:00.000000000,LAST_TRADE,"8,$99902.0000"
2019-06-28 14:38:00.000000000,QUERY_SPREAD,92
2019-06-28 14:38:00.000000000,BEST_BID,"JPM,99902,83"
2019-06-28 14:38:00.000000000,BEST_ASK,"JPM,100024,156"
2019-06-28 14:38:00.000000000,LAST_TRADE,"5,$99902.0000"
2019-06-28 14:38:00.000000000,QUERY_SPREAD,93
2019-06-28 14:38:00.000000000,BEST_BID,"JPM,99902,80"
2019-06-28 14:38:00.000000000,BEST_ASK,"JPM,100024,156"
2019-06-28 14:38:00.000000000,LAST_TRADE,"3,$99902.0000"
2019-06-28 14:38:00.000000000,QUERY_SPREAD,94
2019-06-28 14:38:00.000000000,BEST_BID,"JPM,99902,76"
2019-06-28 14:38:00.000000000,BEST_ASK,"JPM,100024,156"
2019-06-28 14:38:00.000000000,LAST_TRADE,"4,$99902.0000"
2019-06-28 14:38:00.000000000,QUERY_SPREAD,95
2019-06-28 14:38:00.000000000,BEST_BID,"JPM,99902,71"
2019-06-28 14:38:00.000000000,BEST_ASK,"JPM,100024,156"
2019-06-28 14:38:00.000000000,LAST_TRADE,"5,$99902.0000"
2019-06-28 14:38:00.000000000,QUERY_SPREAD,96
2019-06-28 14:38:00.000000000,BEST_BID,"JPM,99902,70"
2019-06-28 14:38:00.000000000,BEST_ASK,"JPM,100024,156"
2019-06-28 14:38:00.000000000,LAST_TRADE,"1,$99902.0000"
2019-06-28 14:38:00.000000000,QUERY_SPREAD,97
2019-06-28 14:38:00.000000000,BEST_BID,"JPM,99902,63"
2019-06-28 14:38:00.000000000,BEST_ASK,"JPM,100024,156"
2019-06-28 14:38:00.000000000,LAST_TRADE,"7,$99902.0000"
2019-06-28 14:38:00.000000000,QUERY_SPREAD,98
2019-06-28 14:38:00.000000000,BEST_BID,"JPM,99902,57"
2019-06-28 14:38:00.000000000,BEST_ASK,"JPM,100024,156"
2019-06-28 14:38:00.000000000,LAST_TRADE,"6,$99902.0000"
2019-06-28 14:38:00.000000000,QUERY_SPREAD,99
2019-06-28 14:38:00.000000000,BEST_BID,"JPM,99902,52"
2019-06-28 14:38:00.000000000,BEST_ASK,"JPM,100024,156"
2019-06-28 14:38:00.000000000,LAST_TRADE,"5,$99902.0000"
2019-06-28 14:38:00.000000000,QUERY_SPREAD,100
2019-06-28 14:38:00.000000000,BEST_BID,"JPM,99902,45"
2019-06-28 14:38:00.000000000,BEST_ASK,"JPM,100024,156"
2019-06-28 14:38:00.000000000,LAST_TRADE,"7,$99902.0000"
2019-06-28 14:38:00.000000000,QUERY_SPREAD,101
2019-06-28 14:38:00.000000000,QUERY_ORDER_STREAM,101
2019-06-28 14:38:09.783515086,QUERY_SPREAD,23
2019-06-28 14:38:09.783515086,BEST_BID,"JPM,99943,100"
2019-06-28 14:38:09.783515086,BEST_ASK,"JPM,100024,156"
2019-06-28 14:38:10.000000000,QUERY_SPREAD,1
2019-06-28 14:38:10.000000000,BEST_BID,"JPM,99943,195"
2019-06-28 14:38:10.000000000,BEST_ASK,"JPM,100024,100"
2019-06-28 14:38:10.000000000,BEST_BID,"JPM,99943,195"
2019-06-28 14:38:10.000000000,BEST_ASK,"JPM,100024,100"
2019-06-28 14:38:10.000000000,BEST_BID,"JPM,99943,195"
2019-06-28 14:38:10.000000000,BEST_ASK,"JPM,100024,100"
2019-06-28 14:38:10.000000000,BEST_BID,"JPM,99943,195"
2019-06-28 14:38:10.000000000,BEST_ASK,"JPM,100024,195"
2019-06-28 14:38:10.000000000,BEST_BID,"JPM,99943,195"
2019-06-28 14:38:10.000000000,BEST_ASK,"JPM,100024,195"
2019-06-28 14:38:10.000000000,BEST_BID,"JPM,99943,195"
2019-06-28 14:38:10.000000000,BEST_ASK,"JPM,100024,195"
2019-06-28 14:38:20.000000000,QUERY_SPREAD,1
2019-06-28 14:38:20.000000000,BEST_BID,"JPM,99943,380"
2019-06-28 14:38:20.000000000,BEST_ASK,"JPM,100024,100"
2019-06-28 14:38:20.000000000,BEST_BID,"JPM,99943,380"
2019-06-28 14:38:20.000000000,BEST_ASK,"JPM,100024,380"
2019-06-28 14:38:24.311602953,QUERY_SPREAD,37
2019-06-28 14:38:24.311602953,BEST_BID,"JPM,99943,380"
2019-06-28 14:38:24.311602953,BEST_ASK,"JPM,100024,380"
2019-06-28 14:38:30.000000000,QUERY_SPREAD,1
2019-06-28 14:38:30.000000000,BEST_BID,"JPM,99943,195"
2019-06-28 14:38:30.000000000,BEST_ASK,"JPM,100024,100"
2019-06-28 14:38:30.000000000,BEST_BID,"JPM,99943,195"
2019-06-28 14:38:30.000000000,BEST_ASK,"JPM,100024,100"
2019-06-28 14:38:30.000000000,BEST_BID,"JPM,99943,195"
2019-06-28 14:38:30.000000000,BEST_ASK,"JPM,100024,100"
2019-06-28 14:38:30.000000000,BEST_BID,"JPM,99943,195"
2019-06-28 14:38:30.000000000,BEST_ASK,"JPM,100024,195"
2019-06-28 14:38:30.000000000,BEST_BID,"JPM,99943,195"
2019-06-28 14:38:30.000000000,BEST_ASK,"JPM,100024,195"
2019-06-28 14:38:30.000000000,BEST_BID,"JPM,99943,195"
2019-06-28 14:38:30.000000000,BEST_ASK,"JPM,100024,195"
2019-06-28 14:38:40.000000000,QUERY_SPREAD,1
2019-06-28 14:38:40.000000000,BEST_BID,"JPM,99943,380"
2019-06-28 14:38:40.000000000,BEST_ASK,"JPM,100024,100"
2019-06-28 14:38:40.000000000,BEST_BID,"JPM,99943,380"
2019-06-28 14:38:40.000000000,BEST_ASK,"JPM,100024,380"
2019-06-28 14:38:50.000000000,QUERY_SPREAD,1
2019-06-28 14:38:50.000000000,BEST_BID,"JPM,99943,240"
2019-06-28 14:38:50.000000000,BEST_ASK,"JPM,100024,100"
2019-06-28 14:38:50.000000000,BEST_BID,"JPM,99943,240"
2019-06-28 14:38:50.000000000,BEST_ASK,"JPM,100024,100"
2019-06-28 14:38:50.000000000,BEST_BID,"JPM,99943,240"
2019-06-28 14:38:50.000000000,BEST_ASK,"JPM,100024,240"
2019-06-28 14:38:50.000000000,BEST_BID,"JPM,99943,240"
2019-06-28 14:38:50.000000000,BEST_ASK,"JPM,100024,240"
2019-06-28 14:39:00.000000000,QUERY_SPREAD,1
2019-06-28 14:39:00.000000000,BEST_BID,"JPM,99943,170"
2019-06-28 14:39:00.000000000,BEST_ASK,"JPM,100024,100"
2019-06-28 14:39:00.000000000,BEST_BID,"JPM,99943,170"
2019-06-28 14:39:00.000000000,BEST_ASK,"JPM,100024,100"
2019-06-28 14:39:00.000000000,BEST_BID,"JPM,99943,170"
2019-06-28 14:39:00.000000000,BEST_ASK,"JPM,100024,100"
2019-06-28 14:39:00.000000000,BEST_BID,"JPM,99943,170"
2019-06-28 14:39:00.000000000,BEST_ASK,"JPM,100024,100"
2019-06-28 14:39:00.000000000,BEST_BID,"JPM,99943,170"
2019-06-28 14:39:00.000000000,BEST_ASK,"JPM,100024,170"
2019-06-28 14:39:00.000000000,BEST_BID,"JPM,99943,170"
2019-06-28 14:39:00.000000000,BEST_ASK,"JPM,100024,170"
2019-06-28 14:39:00.000000000,BEST_BID,"JPM,99943,170"
2019-06-28 14:39:00.000000000,BEST_ASK,"JPM,100024,170"
2019-06-28 14:39:00.000000000,BEST_BID,"JPM,99943,170"
2019-06-28 14:39:00.000000000,BEST_ASK,"JPM,100024,170"
2019-06-28 14:39:00.000000000,QUERY_SPREAD,77
2019-06-28 14:39:00.000000000,BEST_BID,"JPM,99943,169"
2019-06-28 14:39:00.000000000,BEST_ASK,"JPM,100024,170"
2019-06-28 14:39:00.000000000,LAST_TRADE,"1,$99943.0000"
2019-06-28 14:39:00.000000000,QUERY_SPREAD,78
2019-06-28 14:39:00.000000000,BEST_BID,"JPM,99943,165"
2019-06-28 14:39:00.000000000,BEST_ASK,"JPM,100024,170"
2019-06-28 14:39:00.000000000,LAST_TRADE,"4,$99943.0000"
2019-06-28 14:39:00.000000000,QUERY_SPREAD,79
2019-06-28 14:39:00.000000000,BEST_BID,"JPM,99943,159"
2019-06-28 14:39:00.000000000,BEST_ASK,"JPM,100024,170"
2019-06-28 14:39:00.000000000,LAST_TRADE,"6,$99943.0000"
2019-06-28 14:39:00.000000000,QUERY_SPREAD,80
2019-06-28 14:39:00.000000000,BEST_BID,"JPM,99943,154"
2019-06-28 14:39:00.000000000,BEST_ASK,"JPM,100024,170"
2019-06-28 14:39:00.000000000,LAST_TRADE,"5,$99943.0000"
2019-06-28 14:39:00.000000000,QUERY_SPREAD,81
2019-06-28 14:39:00.000000000,BEST_BID,"JPM,99943,146"
2019-06-28 14:39:00.000000000,BEST_ASK,"JPM,100024,170"
2019-06-28 14:39:00.000000000,LAST_TRADE,"8,$99943.0000"
2019-06-28 14:39:00.000000000,QUERY_SPREAD,82
2019-06-28 14:39:00.000000000,BEST_BID,"JPM,99943,138"
2019-06-28 14:39:00.000000000,BEST_ASK,"JPM,100024,170"
2019-06-28 14:39:00.000000000,LAST_TRADE,"8,$99943.0000"
2019-06-28 14:39:00.000000000,QUERY_SPREAD,83
2019-06-28 14:39:00.000000000,BEST_BID,"JPM,99943,136"
2019-06-28 14:39:00.000000000,BEST_ASK,"JPM,100024,170"
2019-06-28 14:39:00.000000000,LAST_TRADE,"2,$99943.0000"
2019-06-28 14:39:00.000000000,QUERY_SPREAD,84
2019-06-28 14:39:00.000000000,BEST_BID,"JPM,99943,135"
2019-06-28 14:39:00.000000000,BEST_ASK,"JPM,100024,170"
2019-06-28 14:39:00.000000000,LAST_TRADE,"1,$99943.0000"
2019-06-28 14:39:00.000000000,QUERY_SPREAD,85
2019-06-28 14:39:00.000000000,BEST_BID,"JPM,99943,134"
2019-06-28 14:39:00.000000000,BEST_ASK,"JPM,100024,170"
2019-06-28 14:39:00.000000000,LAST_TRADE,"1,$99943.0000"
2019-06-28 14:39:00.000000000,QUERY_SPREAD,86
2019-06-28 14:39:00.000000000,BEST_BID,"JPM,99943,128"
2019-06-28 14:39:00.000000000,BEST_ASK,"JPM,100024,170"
2019-06-28 14:39:00.000000000,LAST_TRADE,"6,$99943.0000"
2019-06-28 14:39:00.000000000,QUERY_SPREAD,87
2019-06-28 14:39:00.000000000,BEST_BID,"JPM,99943,125"
2019-06-28 14:39:00.000000000,BEST_ASK,"JPM,100024,170"
2019-06-28 14:39:00.000000000,LAST_TRADE,"3,$99943.0000"
2019-06-28 14:39:00.000000000,QUERY_SPREAD,88
2019-06-28 14:39:00.000000000,BEST_BID,"JPM,99943,121"
2019-06-28 14:39:00.000000000,BEST_ASK,"JPM,100024,170"
2019-06-28 14:39:00.000000000,LAST_TRADE,"4,$99943.0000"
2019-06-28 14:39:00.000000000,QUERY_SPREAD,89
2019-06-28 14:39:00.000000000,BEST_BID,"JPM,99943,117"
2019-06-28 14:39:00.000000000,BEST_ASK,"JPM,100024,170"
2019-06-28 14:39:00.000000000,LAST_TRADE,"4,$99943.0000"
2019-06-28 14:39:00.000000000,QUERY_SPREAD,90
2019-06-28 14:39:00.000000000,BEST_BID,"JPM,99943,110"
2019-06-28 14:39:00.000000000,BEST_ASK,"JPM,100024,170"
2019-06-28 14:39:00.000000000,LAST_TRADE,"7,$99943.0000"
2019-06-28 14:39:00.000000000,QUERY_SPREAD,91
2019-06-28 14:39:00.000000000,BEST_BID,"JPM,99943,102"
2019-06-28 14:39:00.000000000,BEST_ASK,"JPM,100024,170"
2019-06-28 14:39:00.000000000,LAST_TRADE,"8,$99943.0000"
2019-06-28 14:39:00.000000000,QUERY_SPREAD,92
2019-06-28 14:39:00.000000000,BEST_BID,"JPM,99943,97"
2019-06-28 14:39:00.000000000,BEST_ASK,"JPM,100024,170"
2019-06-28 14:39:00.000000000,LAST_TRADE,"5,$99943.0000"
2019-06-28 14:39:00.000000000,QUERY_SPREAD,93
2019-06-28 14:39:00.000000000,BEST_BID,"JPM,99943,94"
2019-06-28 14:39:00.000000000,BEST_ASK,"JPM,100024,170"
2019-06-28 14:39:00.000000000,LAST_TRADE,"3,$99943.0000"
2019-06-28 14:39:00.000000000,QUERY_SPREAD,94
2019-06-28 14:39:00.000000000,BEST_BID,"JPM,99943,90"
2019-06-28 14:39:00.000000000,BEST_ASK,"JPM,100024,170"
2019-06-28 14:39:00.000000000,LAST_TRADE,"4,$99943.0000"
2019-06-28 14:39:00.000000000,QUERY_SPREAD,95
2019-06-28 14:39:00.000000000,BEST_BID,"JPM,99943,85"
2019-06-28 14:39:00.000000000,BEST_ASK,"JPM,100024,170"
2019-06-28 14:39:00.000000000,LAST_TRADE,"5,$99943.0000"
2019-06-28 14:39:00.000000000,QUERY_SPREAD,96
2019-06-28 14:39:00.000000000,BEST_BID,"JPM,99943,84"
2019-06-28 14:39:00.000000000,BEST_ASK,"JPM,100024,170"
2019-06-28 14:39:00.000000000,LAST_TRADE,"1,$99943.0000"
2019-06-28 14:39:00.000000000,QUERY_SPREAD,97
2019-06-28 14:39:00.000000000,BEST_BID,"JPM,99943,77"
2019-06-28 14:39:00.000000000,BEST_ASK,"JPM,100024,170"
2019-06-28 14:39:00.000000000,LAST_TRADE,"7,$99943.0000"
2019-06-28 14:39:00.000000000,QUERY_SPREAD,98
2019-06-28 14:39:00.000000000,BEST_BID,"JPM,99943,71"
2019-06-28 14:39:00.000000000,BEST_ASK,"JPM,100024,170"
2019-06-28 14:39:00.000000000,LAST_TRADE,"6,$99943.0000"
2019-06-28 14:39:00.000000000,QUERY_SPREAD,99
2019-06-28 14:39:00.000000000,BEST_BID,"JPM,99943,66"
2019-06-28 14:39:00.000000000,BEST_ASK,"JPM,100024,170"
2019-06-28 14:39:00.000000000,LAST_TRADE,"5,$99943.0000"
2019-06-28 14:39:00.000000000,QUERY_SPREAD,100
2019-06-28 14:39:00.000000000,BEST_BID,"JPM,99943,59"
2019-06-28 14:39:00.000000000,BEST_ASK,"JPM,100024,170"
2019-06-28 14:39:00.000000000,LAST_TRADE,"7,$99943.0000"
2019-06-28 14:39:00.000000000,QUERY_SPREAD,101
2019-06-28 14:39:00.000000000,QUERY_ORDER_STREAM,101
2019-06-28 14:39:01.612759118,QUERY_SPREAD,8
2019-06-28 14:39:01.612759118,BEST_BID,"JPM,99943,59"
2019-06-28 14:39:01.612759118,BEST_ASK,"JPM,100024,170"
2019-06-28 14:39:10.000000000,QUERY_SPREAD,1
2019-06-28 14:39:10.000000000,BEST_BID,"JPM,99765,240"
2019-06-28 14:39:10.000000000,BEST_ASK,"JPM,100024,100"
2019-06-28 14:39:10.000000000,BEST_BID,"JPM,99765,240"
2019-06-28 14:39:10.000000000,BEST_ASK,"JPM,100024,100"
2019-06-28 14:39:10.000000000,BEST_BID,"JPM,99765,240"
2019-06-28 14:39:10.000000000,BEST_ASK,"JPM,100024,240"
2019-06-28 14:39:10.000000000,BEST_BID,"JPM,99765,240"
2019-06-28 14:39:10.000000000,BEST_ASK,"JPM,100024,240"
2019-06-28 14:39:20.000000000,QUERY_SPREAD,1
2019-06-28 14:39:20.000000000,BEST_BID,"JPM,99765,240"
2019-06-28 14:39:20.000000000,BEST_ASK,"JPM,100024,100"
2019-06-28 14:39:20.000000000,BEST_BID,"JPM,99765,240"
2019-06-28 14:39:20.000000000,BEST_ASK,"JPM,100024,100"
2019-06-28 14:39:20.000000000,BEST_BID,"JPM,99765,240"
2019-06-28 14:39:20.000000000,BEST_ASK,"JPM,100024,240"
2019-06-28 14:39:20.000000000,BEST_BID,"JPM,99765,240"
2019-06-28 14:39:20.000000000,BEST_ASK,"JPM,100024,240"
2019-06-28 14:39:30.000000000,QUERY_SPREAD,1
2019-06-28 14:39:30.000000000,BEST_BID,"JPM,99765,195"
2019-06-28 14:39:30.000000000,BEST_ASK,"JPM,100024,100"
2019-06-28 14:39:30.000000000,BEST_BID,"JPM,99765,195"
2019-06-28 14:39:30.000000000,BEST_ASK,"JPM,100024,100"
2019-06-28 14:39:30.000000000,BEST_BID,"JPM,99765,195"
2019-06-28 14:39:30.000000000,BEST_ASK,"JPM,100024,100"
2019-06-28 14:39:30.000000000,BEST_BID,"JPM,99765,195"
2019-06-28 14:39:30.000000000,BEST_ASK,"JPM,100024,195"
2019-06-28 14:39:30.000000000,BEST_BID,"JPM,99765,195"
2019-06-28 14:39:30.000000000,BEST_ASK,"JPM,100024,195"
2019-06-28 14:39:30.000000000,BEST_BID,"JPM,99765,195"
2019-06-28 14:39:30.000000000,BEST_ASK,"JPM,100024,195"
2019-06-28 14:39:30.845738606,QUERY_ORDER_STREAM,60
2019-06-28 14:39:30.845738606,QUERY_SPREAD,60
2019-06-28 14:39:35.358611492,QUERY_ORDER_STREAM,57
2019-06-28 14:39:35.358611492,QUERY_SPREAD,57
2019-06-28 14:39:38.923521588,QUERY_SPREAD,38
2019-06-28 14:39:38.923521588,BEST_BID,"JPM,99849,100"
2019-06-28 14:39:38.923521588,BEST_ASK,"JPM,100024,195"
2019-06-28 14:39:40.000000000,QUERY_SPREAD,1
2019-06-28 14:39:40.000000000,BEST_BID,"JPM,99849,170"
2019-06-28 14:39:40.000000000,BEST_ASK,"JPM,100024,100"
2019-06-28 14:39:40.000000000,BEST_BID,"JPM,99849,170"
2019-06-28 14:39:40.000000000,BEST_ASK,"JPM,100024,100"
2019-06-28 14:39:40.000000000,BEST_BID,"JPM,99849,170"
2019-06-28 14:39:40.000000000,BEST_ASK,"JPM,100024,100"
2019-06-28 14:39:40.000000000,BEST_BID,"JPM,99849,170"
2019-06-28 14:39:40.000000000,BEST_ASK,"JPM,100024,100"
2019-06-28 14:39:40.000000000,BEST_BID,"JPM,99849,170"
2019-06-28 14:39:40.000000000,BEST_ASK,"JPM,100024,170"
2019-06-28 14:39:40.000000000,BEST_BID,"JPM,99849,170"
2019-06-28 14:39:40.000000000,BEST_ASK,"JPM,100024,170"
2019-06-28 14:39:40.000000000,BEST_BID,"JPM,99849,170"
2019-06-28 14:39:40.000000000,BEST_ASK,"JPM,100024,170"
2019-06-28 14:39:40.000000000,BEST_BID,"JPM,99849,170"
2019-06-28 14:39:40.000000000,BEST_ASK,"JPM,100024,170"
2019-06-28 14:39:50.000000000,QUERY_SPREAD,1
2019-06-28 14:39:50.000000000,BEST_BID,"JPM,99849,380"
2019-06-28 14:39:50.000000000,BEST_ASK,"JPM,100024,100"
2019-06-28 14:39:50.000000000,BEST_BID,"JPM,99849,380"
2019-06-28 14:39:50.000000000,BEST_ASK,"JPM,100024,380"
2019-06-28 14:40:00.000000000,QUERY_SPREAD,1
2019-06-28 14:40:00.000000000,BEST_BID,"JPM,99849,170"
2019-06-28 14:40:00.000000000,BEST_ASK,"JPM,100024,100"
2019-06-28 14:40:00.000000000,BEST_BID,"JPM,99849,170"
2019-06-28 14:40:00.000000000,BEST_ASK,"JPM,100024,100"
2019-06-28 14:40:00.000000000,BEST_BID,"JPM,99849,170"
2019-06-28 14:40:00.000000000,BEST_ASK,"JPM,100024,100"
2019-06-28 14:40:00.000000000,BEST_BID,"JPM,99849,170"
2019-06-28 14:40:00.000000000,BEST_ASK,"JPM,100024,100"
2019-06-28 14:40:00.000000000,BEST_BID,"JPM,99849,170"
2019-06-28 14:40:00.000000000,BEST_ASK,"JPM,100024,170"
2019-06-28 14:40:00.000000000,BEST_BID,"JPM,99849,170"
2019-06-28 14:40:00.000000000,BEST_ASK,"JPM,100024,170"
2019-06-28 14:40:00.000000000,BEST_BID,"JPM,99849,170"
2019-06-28 14:40:00.000000000,BEST_ASK,"JPM,100024,170"
2019-06-28 14:40:00.000000000,BEST_BID,"JPM,99849,170"
2019-06-28 14:40:00.000000000,BEST_ASK,"JPM,100024,170"
2019-06-28 14:40:00.000000000,QUERY_SPREAD,77
2019-06-28 14:40:00.000000000,BEST_BID,"JPM,99849,169"
2019-06-28 14:40:00.000000000,BEST_ASK,"JPM,100024,170"
2019-06-28 14:40:00.000000000,LAST_TRADE,"1,$99849.0000"
2019-06-28 14:40:00.000000000,QUERY_SPREAD,78
2019-06-28 14:40:00.000000000,BEST_BID,"JPM,99849,165"
2019-06-28 14:40:00.000000000,BEST_ASK,"JPM,100024,170"
2019-06-28 14:40:00.000000000,LAST_TRADE,"4,$99849.0000"
2019-06-28 14:40:00.000000000,QUERY_SPREAD,79
2019-06-28 14:40:00.000000000,BEST_BID,"JPM,99849,159"
2019-06-28 14:40:00.000000000,BEST_ASK,"JPM,100024,170"
2019-06-28 14:40:00.000000000,LAST_TRADE,"6,$99849.0000"
2019-06-28 14:40:00.000000000,QUERY_SPREAD,80
2019-06-28 14:40:00.000000000,BEST_BID,"JPM,99849,154"
2019-06-28 14:40:00.000000000,BEST_ASK,"JPM,100024,170"
2019-06-28 14:40:00.000000000,LAST_TRADE,"5,$99849.0000"
2019-06-28 14:40:00.000000000,QUERY_SPREAD,81
2019-06-28 14:40:00.000000000,BEST_BID,"JPM,99849,146"
2019-06-28 14:40:00.000000000,BEST_ASK,"JPM,100024,170"
2019-06-28 14:40:00.000000000,LAST_TRADE,"8,$99849.0000"
2019-06-28 14:40:00.000000000,QUERY_SPREAD,82
2019-06-28 14:40:00.000000000,BEST_BID,"JPM,99849,138"
2019-06-28 14:40:00.000000000,BEST_ASK,"JPM,100024,170"
2019-06-28 14:40:00.000000000,LAST_TRADE,"8,$99849.0000"
2019-06-28 14:40:00.000000000,QUERY_SPREAD,83
2019-06-28 14:40:00.000000000,BEST_BID,"JPM,99849,136"
2019-06-28 14:40:00.000000000,BEST_ASK,"JPM,100024,170"
2019-06-28 14:40:00.000000000,LAST_TRADE,"2,$99849.0000"
2019-06-28 14:40:00.000000000,QUERY_SPREAD,84
2019-06-28 14:40:00.000000000,BEST_BID,"JPM,99849,135"
2019-06-28 14:40:00.000000000,BEST_ASK,"JPM,100024,170"
2019-06-28 14:40:00.000000000,LAST_TRADE,"1,$99849.0000"
2019-06-28 14:40:00.000000000,QUERY_SPREAD,85
2019-06-28 14:40:00.000000000,BEST_BID,"JPM,99849,134"
2019-06-28 14:40:00.000000000,BEST_ASK,"JPM,100024,170"
2019-06-28 14:40:00.000000000,LAST_TRADE,"1,$99849.0000"
2019-06-28 14:40:00.000000000,QUERY_SPREAD,86
2019-06-28 14:40:00.000000000,BEST_BID,"JPM,99849,128"
2019-06-28 14:40:00.000000000,BEST_ASK,"JPM,100024,170"
2019-06-28 14:40:00.000000000,LAST_TRADE,"6,$99849.0000"
2019-06-28 14:40:00.000000000,QUERY_SPREAD,87
2019-06-28 14:40:00.000000000,BEST_BID,"JPM,99849,125"
2019-06-28 14:40:00.000000000,BEST_ASK,"JPM,100024,170"
2019-06-28 14:40:00.000000000,LAST_TRADE,"3,$99849.0000"
2019-06-28 14:40:00.000000000,QUERY_SPREAD,88
2019-06-28 14:40:00.000000000,BEST_BID,"JPM,99849,121"
2019-06-28 14:40:00.000000000,BEST_ASK,"JPM,100024,170"
2019-06-28 14:40:00.000000000,LAST_TRADE,"4,$99849.0000"
2019-06-28 14:40:00.000000000,QUERY_SPREAD,89
2019-06-28 14:40:00.000000000,BEST_BID,"JPM,99849,117"
2019-06-28 14:40:00.000000000,BEST_ASK,"JPM,100024,170"
2019-06-28 14:40:00.000000000,LAST_TRADE,"4,$99849.0000"
2019-06-28 14:40:00.000000000,QUERY_SPREAD,90
2019-06-28 14:40:00.000000000,BEST_BID,"JPM,99849,110"
2019-06-28 14:40:00.000000000,BEST_ASK,"JPM,100024,170"
2019-06-28 14:40:00.000000000,LAST_TRADE,"7,$99849.0000"
2019-06-28 14:40:00.000000000,QUERY_SPREAD,91
2019-06-28 14:40:00.000000000,BEST_BID,"JPM,99849,102"
2019-06-28 14:40:00.000000000,BEST_ASK,"JPM,100024,170"
2019-06-28 14:40:00.000000000,LAST_TRADE,"8,$99849.0000"
2019-06-28 14:40:00.000000000,QUERY_SPREAD,92
2019-06-28 14:40:00.000000000,BEST_BID,"JPM,99849,97"
2019-06-28 14:40:00.000000000,BEST_ASK,"JPM,100024,170"
2019-06-28 14:40:00.000000000,LAST_TRADE,"5,$99849.0000"
2019-06-28 14:40:00.000000000,QUERY_SPREAD,93
2019-06-28 14:40:00.000000000,BEST_BID,"JPM,99849,94"
2019-06-28 14:40:00.000000000,BEST_ASK,"JPM,100024,170"
2019-06-28 14:40:00.000000000,LAST_TRADE,"3,$99849.0000"
2019-06-28 14:40:00.000000000,QUERY_SPREAD,94
2019-06-28 14:40:00.000000000,BEST_BID,"JPM,99849,90"
2019-06-28 14:40:00.000000000,BEST_ASK,"JPM,100024,170"
2019-06-28 14:40:00.000000000,LAST_TRADE,"4,$99849.0000"
2019-06-28 14:40:00.000000000,QUERY_SPREAD,95
2019-06-28 14:40:00.000000000,BEST_BID,"JPM,99849,85"
2019-06-28 14:40:00.000000000,BEST_ASK,"JPM,100024,170"
2019-06-28 14:40:00.000000000,LAST_TRADE,"5,$99849.0000"
2019-06-28 14:40:00.000000000,QUERY_SPREAD,96
2019-06-28 14:40:00.000000000,BEST_BID,"JPM,99849,84"
2019-06-28 14:40:00.000000000,BEST_ASK,"JPM,100024,170"
2019-06-28 14:40:00.000000000,LAST_TRADE,"1,$99849.0000"
2019-06-28 14:40:00.000000000,QUERY_SPREAD,97
2019-06-28 14:40:00.000000000,BEST_BID,"JPM,99849,77"
2019-06-28 14:40:00.000000000,BEST_ASK,"JPM,100024,170"
2019-06-28 14:40:00.000000000,LAST_TRADE,"7,$99849.0000"
2019-06-28 14:40:00.000000000,QUERY_SPREAD,98
2019-06-28 14:40:00.000000000,BEST_BID,"JPM,99849,71"
2019-06-28 14:40:00.000000000,BEST_ASK,"JPM,100024,170"
2019-06-28 14:40:00.000000000,LAST_TRADE,"6,$99849.0000"
2019-06-28 14:40:00.000000000,QUERY_SPREAD,99
2019-06-28 14:40:00.000000000,BEST_BID,"JPM,99849,66"
2019-06-28 14:40:00.000000000,BEST_ASK,"JPM,100024,170"
2019-06-28 14:40:00.000000000,LAST_TRADE,"5,$99849.0000"
2019-06-28 14:40:00.000000000,QUERY_SPREAD,100
2019-06-28 14:40:00.000000000,BEST_BID,"JPM,99849,59"
2019-06-28 14:40:00.000000000,BEST_ASK,"JPM,100024,170"
2019-06-28 14:40:00.000000000,LAST_TRADE,"7,$99849.0000"
2019-06-28 14:40:00.000000000,QUERY_SPREAD,101
2019-06-28 14:40:00.000000000,QUERY_ORDER_STREAM,101
2019-06-28 14:40:04.045746415,QUERY_SPREAD,46
2019-06-28 14:40:04.045746415,BEST_BID,"JPM,99849,59"
2019-06-28 14:40:04.045746415,BEST_ASK,"JPM,100024,70"
2019-06-28 14:40:04.045746415,LAST_TRADE,"100,$100024.0000"
2019-06-28 14:40:10.000000000,QUERY_SPREAD,1
2019-06-28 14:40:10.000000000,BEST_BID,"JPM,99765,380"
2019-06-28 14:40:10.000000000,BEST_ASK,"JPM,100546,100"
2019-06-28 14:40:10.000000000,BEST_BID,"JPM,99765,380"
2019-06-28 14:40:10.000000000,BEST_ASK,"JPM,100546,380"
2019-06-28 14:40:20.000000000,QUERY_SPREAD,1
2019-06-28 14:40:20.000000000,BEST_BID,"JPM,99765,380"
2019-06-28 14:40:20.000000000,BEST_ASK,"JPM,100546,100"
2019-06-28 14:40:20.000000000,BEST_BID,"JPM,99765,380"
2019-06-28 14:40:20.000000000,BEST_ASK,"JPM,100546,380"
2019-06-28 14:40:24.822619482,QUERY_SPREAD,44
2019-06-28 14:40:24.822619482,BEST_BID,"JPM,99765,380"
2019-06-28 14:40:24.822619482,BEST_ASK,"JPM,100546,380"
2019-06-28 14:40:27.311721196,QUERY_SPREAD,17
2019-06-28 14:40:27.311721196,BEST_BID,"JPM,99806,100"
2019-06-28 14:40:27.311721196,BEST_ASK,"JPM,100546,380"
2019-06-28 14:40:27.727645955,QUERY_SPREAD,46
2019-06-28 14:40:27.727645955,BEST_BID,"JPM,99806,100"
2019-06-28 14:40:27.727645955,BEST_ASK,"JPM,99843,100"
2019-06-28 14:40:30.000000000,QUERY_SPREAD,1
2019-06-28 14:40:30.000000000,BEST_BID,"JPM,99806,195"
2019-06-28 14:40:30.000000000,BEST_ASK,"JPM,99843,100"
2019-06-28 14:40:30.000000000,BEST_BID,"JPM,99806,195"
2019-06-28 14:40:30.000000000,BEST_ASK,"JPM,99843,100"
2019-06-28 14:40:30.000000000,BEST_BID,"JPM,99806,195"
2019-06-28 14:40:30.000000000,BEST_ASK,"JPM,99843,100"
2019-06-28 14:40:30.000000000,BEST_BID,"JPM,99806,195"
2019-06-28 14:40:30.000000000,BEST_ASK,"JPM,99843,195"
2019-06-28 14:40:30.000000000,BEST_BID,"JPM,99806,195"
2019-06-28 14:40:30.000000000,BEST_ASK,"JPM,99843,195"
2019-06-28 14:40:30.000000000,BEST_BID,"JPM,99806,195"
2019-06-28 14:40:30.000000000,BEST_ASK,"JPM,99843,195"
2019-06-28 14:40:39.855964998,QUERY_SPREAD,40
2019-06-28 14:40:39.855964998,BEST_BID,"JPM,99806,195"
2019-06-28 14:40:39.855964998,BEST_ASK,"JPM,99843,195"
2019-06-28 14:40:40.000000000,QUERY_SPREAD,1
2019-06-28 14:40:40.000000000,BEST_BID,"JPM,99806,380"
2019-06-28 14:40:40.000000000,BEST_ASK,"JPM,99843,100"
2019-06-28 14:40:40.000000000,BEST_BID,"JPM,99806,380"
2019-06-28 14:40:40.000000000,BEST_ASK,"JPM,99843,380"
2019-06-28 14:40:47.443472589,QUERY_SPREAD,42
2019-06-28 14:40:47.443472589,BEST_BID,"JPM,99806,280"
2019-06-28 14:40:47.443472589,BEST_ASK,"JPM,99843,380"
2019-06-28 14:40:47.443472589,LAST_TRADE,"100,$99806.0000"
2019-06-28 14:40:50.000000000,QUERY_SPREAD,1
2019-06-28 14:40:50.000000000,BEST_BID,"JPM,99765,240"
2019-06-28 14:40:50.000000000,BEST_ASK,"JPM,99843,100"
2019-06-28 14:40:50.000000000,BEST_BID,"JPM,99765,240"
2019-06-28 14:40:50.000000000,BEST_ASK,"JPM,99843,100"
2019-06-28 14:40:50.000000000,BEST_BID,"JPM,99765,240"
2019-06-28 14:40:50.000000000,BEST_ASK,"JPM,99843,240"
2019-06-28 14:40:50.000000000,BEST_BID,"JPM,99765,240"
2019-06-28 14:40:50.000000000,BEST_ASK,"JPM,99843,240"
2019-06-28 14:40:51.305273670,QUERY_SPREAD,17
2019-06-28 14:40:51.305273670,BEST_BID,"JPM,99765,140"
2019-06-28 14:40:51.305273670,BEST_ASK,"JPM,99843,240"
2019-06-28 14:40:51.305273670,LAST_TRADE,"100,$99765.0000"
2019-06-28 14:41:00.000000000,QUERY_SPREAD,1
2019-06-28 14:41:00.000000000,BEST_BID,"JPM,99714,170"
2019-06-28 14:41:00.000000000,BEST_ASK,"JPM,99843,100"
2019-06-28 14:41:00.000000000,BEST_BID,"JPM,99714,170"
2019-06-28 14:41:00.000000000,BEST_ASK,"JPM,99843,100"
2019-06-28 14:41:00.000000000,BEST_BID,"JPM,99714,170"
2019-06-28 14:41:00.000000000,BEST_ASK,"JPM,99843,100"
2019-06-28 14:41:00.000000000,BEST_BID,"JPM,99714,170"
2019-06-28 14:41:00.000000000,BEST_ASK,"JPM,99843,100"
2019-06-28 14:41:00.000000000,BEST_BID,"JPM,99714,170"
2019-06-28 14:41:00.000000000,BEST_ASK,"JPM,99843,170"
2019-06-28 14:41:00.000000000,BEST_BID,"JPM,99714,170"
2019-06-28 14:41:00.000000000,BEST_ASK,"JPM,99843,170"
2019-06-28 14:41:00.000000000,BEST_BID,"JPM,99714,170"
2019-06-28 14:41:00.000000000,BEST_ASK,"JPM,99843,170"
2019-06-28 14:41:00.000000000,BEST_BID,"JPM,99714,170"
2019-06-28 14:41:00.000000000,BEST_ASK,"JPM,99843,170"
2019-06-28 14:41:00.000000000,QUERY_SPREAD,77
2019-06-28 14:41:00.000000000,BEST_BID,"JPM,99714,169"
2019-06-28 14:41:00.000000000,BEST_ASK,"JPM,99843,170"
2019-06-28 14:41:00.000000000,LAST_TRADE,"1,$99714.0000"
2019-06-28 14:41:00.000000000,QUERY_SPREAD,78
2019-06-28 14:41:00.000000000,BEST_BID,"JPM,99714,165"
2019-06-28 14:41:00.000000000,BEST_ASK,"JPM,99843,170"
2019-06-28 14:41:00.000000000,LAST_TRADE,"4,$99714.0000"
2019-06-28 14:41:00.000000000,QUERY_SPREAD,79
2019-06-28 14:41:00.000000000,BEST_BID,"JPM,99714,159"
2019-06-28 14:41:00.000000000,BEST_ASK,"JPM,99843,170"
2019-06-28 14:41:00.000000000,LAST_TRADE,"6,$99714.0000"
2019-06-28 14:41:00.000000000,QUERY_SPREAD,80
2019-06-28 14:41:00.000000000,BEST_BID,"JPM,99714,154"
2019-06-28 14:41:00.000000000,BEST_ASK,"JPM,99843,170"
2019-06-28 14:41:00.000000000,LAST_TRADE,"5,$99714.0000"
2019-06-28 14:41:00.000000000,QUERY_SPREAD,81
2019-06-28 14:41:00.000000000,BEST_BID,"JPM,99714,146"
2019-06-28 14:41:00.000000000,BEST_ASK,"JPM,99843,170"
2019-06-28 14:41:00.000000000,LAST_TRADE,"8,$99714.0000"
2019-06-28 14:41:00.000000000,QUERY_SPREAD,82
2019-06-28 14:41:00.000000000,BEST_BID,"JPM,99714,138"
2019-06-28 14:41:00.000000000,BEST_ASK,"JPM,99843,170"
2019-06-28 14:41:00.000000000,LAST_TRADE,"8,$99714.0000"
2019-06-28 14:41:00.000000000,QUERY_SPREAD,83
2019-06-28 14:41:00.000000000,BEST_BID,"JPM,99714,136"
2019-06-28 14:41:00.000000000,BEST_ASK,"JPM,99843,170"
2019-06-28 14:41:00.000000000,LAST_TRADE,"2,$99714.0000"
2019-06-28 14:41:00.000000000,QUERY_SPREAD,84
2019-06-28 14:41:00.000000000,BEST_BID,"JPM,99714,135"
2019-06-28 14:41:00.000000000,BEST_ASK,"JPM,99843,170"
2019-06-28 14:41:00.000000000,LAST_TRADE,"1,$99714.0000"
2019-06-28 14:41:00.000000000,QUERY_SPREAD,85
2019-06-28 14:41:00.000000000,BEST_BID,"JPM,99714,134"
2019-06-28 14:41:00.000000000,BEST_ASK,"JPM,99843,170"
2019-06-28 14:41:00.000000000,LAST_TRADE,"1,$99714.0000"
2019-06-28 14:41:00.000000000,QUERY_SPREAD,86
2019-06-28 14:41:00.000000000,BEST_BID,"JPM,99714,128"
2019-06-28 14:41:00.000000000,BEST_ASK,"JPM,99843,170"
2019-06-28 14:41:00.000000000,LAST_TRADE,"6,$99714.0000"
2019-06-28 14:41:00.000000000,QUERY_SPREAD,87
2019-06-28 14:41:00.000000000,BEST_BID,"JPM,99714,125"
2019-06-28 14:41:00.000000000,BEST_ASK,"JPM,99843,170"
2019-06-28 14:41:00.000000000,LAST_TRADE,"3,$99714.0000"
2019-06-28 14:41:00.000000000,QUERY_SPREAD,88
2019-06-28 14:41:00.000000000,BEST_BID,"JPM,99714,121"
2019-06-28 14:41:00.000000000,BEST_ASK,"JPM,99843,170"
2019-06-28 14:41:00.000000000,LAST_TRADE,"4,$99714.0000"
2019-06-28 14:41:00.000000000,QUERY_SPREAD,89
2019-06-28 14:41:00.000000000,BEST_BID,"JPM,99714,117"
2019-06-28 14:41:00.000000000,BEST_ASK,"JPM,99843,170"
2019-06-28 14:41:00.000000000,LAST_TRADE,"4,$99714.0000"
2019-06-28 14:41:00.000000000,QUERY_SPREAD,90
2019-06-28 14:41:00.000000000,BEST_BID,"JPM,99714,110"
2019-06-28 14:41:00.000000000,BEST_ASK,"JPM,99843,170"
2019-06-28 14:41:00.000000000,LAST_TRADE,"7,$99714.0000"
2019-06-28 14:41:00.000000000,QUERY_SPREAD,91
2019-06-28 14:41:00.000000000,BEST_BID,"JPM,99714,102"
2019-06-28 14:41:00.000000000,BEST_ASK,"JPM,99843,170"
2019-06-28 14:41:00.000000000,LAST_TRADE,"8,$99714.0000"
2019-06-28 14:41:00.000000000,QUERY_SPREAD,92
2019-06-28 14:41:00.000000000,BEST_BID,"JPM,99714,97"
2019-06-28 14:41:00.000000000,BEST_ASK,"JPM,99843,170"
2019-06-28 14:41:00.000000000,LAST_TRADE,"5,$99714.0000"
2019-06-28 14:41:00.000000000,QUERY_SPREAD,93
2019-06-28 14:41:00.000000000,BEST_BID,"JPM,99714,94"
2019-06-28 14:41:00.000000000,BEST_ASK,"JPM,99843,170"
2019-06-28 14:41:00.000000000,LAST_TRADE,"3,$99714.0000"
2019-06-28 14:41:00.000000000,QUERY_SPREAD,94
2019-06-28 14:41:00.000000000,BEST_BID,"JPM,99714,90"
2019-06-28 14:41:00.000000000,BEST_ASK,"JPM,99843,170"
2019-06-28 14:41:00.000000000,LAST_TRADE,"4,$99714.0000"
2019-06-28 14:41:00.000000000,QUERY_SPREAD,95
2019-06-28 14:41:00.000000000,BEST_BID,"JPM,99714,85"
2019-06-28 14:41:00.000000000,BEST_ASK,"JPM,99843,170"
2019-06-28 14:41:00.000000000,LAST_TRADE,"5,$99714.0000"
2019-06-28 14:41:00.000000000,QUERY_SPREAD,96
2019-06-28 14:41:00.000000000,BEST_BID,"JPM,99714,84"
2019-06-28 14:41:00.000000000,BEST_ASK,"JPM,99843,170"
2019-06-28 14:41:00.000000000,LAST_TRADE,"1,$99714.0000"
2019-06-28 14:41:00.000000000,QUERY_SPREAD,97
2019-06-28 14:41:00.000000000,BEST_BID,"JPM,99714,77"
2019-06-28 14:41:00.000000000,BEST_ASK,"JPM,99843,170"
2019-06-28 14:41:00.000000000,LAST_TRADE,"7,$99714.0000"
2019-06-28 14:41:00.000000000,QUERY_SPREAD,98
2019-06-28 14:41:00.000000000,BEST_BID,"JPM,99714,71"
2019-06-28 14:41:00.000000000,BEST_ASK,"JPM,99843,170"
2019-06-28 14:41:00.000000000,LAST_TRADE,"6,$99714.0000"
2019-06-28 14:41:00.000000000,QUERY_SPREAD,99
2019-06-28 14:41:00.000000000,BEST_BID,"JPM,99714,66"
2019-06-28 14:41:00.000000000,BEST_ASK,"JPM,99843,170"
2019-06-28 14:41:00.000000000,LAST_TRADE,"5,$99714.0000"
2019-06-28 14:41:00.000000000,QUERY_SPREAD,100
2019-06-28 14:41:00.000000000,BEST_BID,"JPM,99714,59"
2019-06-28 14:41:00.000000000,BEST_ASK,"JPM,99843,170"
2019-06-28 14:41:00.000000000,LAST_TRADE,"7,$99714.0000"
2019-06-28 14:41:00.000000000,QUERY_SPREAD,101
2019-06-28 14:41:00.000000000,QUERY_ORDER_STREAM,101
2019-06-28 14:41:10.000000000,QUERY_SPREAD,1
2019-06-28 14:41:10.000000000,BEST_BID,"JPM,99669,156"
2019-06-28 14:41:10.000000000,BEST_ASK,"JPM,99843,100"
2019-06-28 14:41:10.000000000,BEST_BID,"JPM,99669,156"
2019-06-28 14:41:10.000000000,BEST_ASK,"JPM,99843,100"
2019-06-28 14:41:10.000000000,BEST_BID,"JPM,99669,156"
2019-06-28 14:41:10.000000000,BEST_ASK,"JPM,99843,100"
2019-06-28 14:41:10.000000000,BEST_BID,"JPM,99669,156"
2019-06-28 14:41:10.000000000,BEST_ASK,"JPM,99843,100"
2019-06-28 14:41:10.000000000,BEST_BID,"JPM,99669,156"
2019-06-28 14:41:10.000000000,BEST_ASK,"JPM,99843,100"
2019-06-28 14:41:10.000000000,BEST_BID,"JPM,99669,156"
2019-06-28 14:41:10.000000000,BEST_ASK,"JPM,99843,156"
2019-06-28 14:41:10.000000000,BEST_BID,"JPM,99669,156"
2019-06-28 14:41:10.000000000,BEST_ASK,"JPM,99843,156"
2019-06-28 14:41:10.000000000,BEST_BID,"JPM,99669,156"
2019-06-28 14:41:10.000000000,BEST_ASK,"JPM,99843,156"
2019-06-28 14:41:10.000000000,BEST_BID,"JPM,99669,156"
2019-06-28 14:41:10.000000000,BEST_ASK,"JPM,99843,156"
2019-06-28 14:41:10.000000000,BEST_BID,"JPM,99669,156"
2019-06-28 14:41:10.000000000,BEST_ASK,"JPM,99843,156"
2019-06-28 14:41:17.036996289,QUERY_ORDER_STREAM,60
2019-06-28 14:41:17.036996289,QUERY_SPREAD,60
2019-06-28 14:41:17.036996289,BEST_BID,"JPM,99714,100"
2019-06-28 14:41:17.036996289,BEST_ASK,"JPM,99843,156"
2019-06-28 14:41:17.205088237,QUERY_SPREAD,30
2019-06-28 14:41:17.205088237,BEST_BID,"JPM,99714,100"
2019-06-28 14:41:17.205088237,BEST_ASK,"JPM,99843,156"
2019-06-28 14:41:20.000000000,QUERY_SPREAD,1
2019-06-28 14:41:20.000000000,BEST_BID,"JPM,99714,156"
2019-06-28 14:41:20.000000000,BEST_ASK,"JPM,99843,100"
2019-06-28 14:41:20.000000000,BEST_BID,"JPM,99714,156"
2019-06-28 14:41:20.000000000,BEST_ASK,"JPM,99843,100"
2019-06-28 14:41:20.000000000,BEST_BID,"JPM,99714,156"
2019-06-28 14:41:20.000000000,BEST_ASK,"JPM,99843,100"
2019-06-28 14:41:20.000000000,BEST_BID,"JPM,99714,156"
2019-06-28 14:41:20.000000000,BEST_ASK,"JPM,99843,100"
2019-06-28 14:41:20.000000000,BEST_BID,"JPM,99714,156"
2019-06-28 14:41:20.000000000,BEST_ASK,"JPM,99843,100"
2019-06-28 14:41:20.000000000,BEST_BID,"JPM,99714,156"
2019-06-28 14:41:20.000000000,BEST_ASK,"JPM,99843,156"
2019-06-28 14:41:20.000000000,BEST_BID,"JPM,99714,156"
2019-06-28 14:41:20.000000000,BEST_ASK,"JPM,99843,156"
2019-06-28 14:41:20.000000000,BEST_BID,"JPM,99714,156"
2019-06-28 14:41:20.000000000,BEST_ASK,"JPM,99843,156"
2019-06-28 14:41:20.000000000,BEST_BID,"JPM,99714,156"
2019-06-28 14:41:20.000000000,BEST_ASK,"JPM,99843,156"
2019-06-28 14:41:20.000000000,BEST_BID,"JPM,99714,156"
2019-06-28 14:41:20.000000000,BEST_ASK,"JPM,99843,156"
2019-06-28 14:41:30.000000000,QUERY_SPREAD,1
2019-06-28 14:41:30.000000000,BEST_BID,"JPM,99714,170"
2019-06-28 14:41:30.000000000,BEST_ASK,"JPM,99843,100"
2019-06-28 14:41:30.000000000,BEST_BID,"JPM,99714,170"
2019-06-28 14:41:30.000000000,BEST_ASK,"JPM,99843,100"
2019-06-28 14:41:30.000000000,BEST_BID,"JPM,99714,170"
2019-06-28 14:41:30.000000000,BEST_ASK,"JPM,99843,100"
2019-06-28 14:41:30.000000000,BEST_BID,"JPM,99714,170"
2019-06-28 14:41:30.000000000,BEST_ASK,"JPM,99843,100"
2019-06-28 14:41:30.000000000,BEST_BID,"JPM,99714,170"
2019-06-28 14:41:30.000000000,BEST_ASK,"JPM,99843,170"
2019-06-28 14:41:30.000000000,BEST_BID,"JPM,99714,170"
2019-06-28 14:41:30.000000000,BEST_ASK,"JPM,99843,170"
2019-06-28 14:41:30.000000000,BEST_BID,"JPM,99714,170"
2019-06-28 14:41:30.000000000,BEST_ASK,"JPM,99843,170"
2019-06-28 14:41:30.000000000,BEST_BID,"JPM,99714,170"
2019-06-28 14:41:30.000000000,BEST_ASK,"JPM,99843,170"
2019-06-28 14:41:39.382214306,QUERY_SPREAD,32
2019-06-28 14:41:39.382214306,BEST_BID,"JPM,99714,170"
2019-06-28 14:41:39.382214306,BEST_ASK,"JPM,99843,170"
2019-06-28 14:41:40.000000000,QUERY_SPREAD,1
2019-06-28 14:41:40.000000000,BEST_BID,"JPM,99714,195"
2019-06-28 14:41:40.000000000,BEST_ASK,"JPM,99843,100"
2019-06-28 14:41:40.000000000,BEST_BID,"JPM,99714,195"
2019-06-28 14:41:40.000000000,BEST_ASK,"JPM,99843,100"
2019-06-28 14:41:40.000000000,BEST_BID,"JPM,99714,195"
2019-06-28 14:41:40.000000000,BEST_ASK,"JPM,99843,100"
2019-06-28 14:41:40.000000000,BEST_BID,"JPM,99714,195"
2019-06-28 14:41:40.000000000,BEST_ASK,"JPM,99843,195"
2019-06-28 14:41:40.000000000,BEST_BID,"JPM,99714,195"
2019-06-28 14:41:40.000000000,BEST_ASK,"JPM,99843,195"
2019-06-28 14:41:40.000000000,BEST_BID,"JPM,99714,195"
2019-06-28 14:41:40.000000000,BEST_ASK,"JPM,99843,195"
2019-06-28 14:41:42.963880821,QUERY_ORDER_STREAM,72
2019-06-28 14:41:42.963880821,QUERY_SPREAD,72
2019-06-28 14:41:50.000000000,QUERY_SPREAD,1
2019-06-28 14:41:50.000000000,BEST_BID,"JPM,99714,156"
2019-06-28 14:41:50.000000000,BEST_ASK,"JPM,99843,100"
2019-06-28 14:41:50.000000000,BEST_BID,"JPM,99714,156"
2019-06-28 14:41:50.000000000,BEST_ASK,"JPM,99843,100"
2019-06-28 14:41:50.000000000,BEST_BID,"JPM,99714,156"
2019-06-28 14:41:50.000000000,BEST_ASK,"JPM,99843,100"
2019-06-28 14:41:50.000000000,BEST_BID,"JPM,99714,156"
2019-06-28 14:41:50.000000000,BEST_ASK,"JPM,99843,100"
2019-06-28 14:41:50.000000000,BEST_BID,"JPM,99714,156"
2019-06-28 14:41:50.000000000,BEST_ASK,"JPM,99843,100"
2019-06-28 14:41:50.000000000,BEST_BID,"JPM,99714,156"
2019-06-28 14:41:50.000000000,BEST_ASK,"JPM,99843,156"
2019-06-28 14:41:50.000000000,BEST_BID,"JPM,99714,156"
2019-06-28 14:41:50.000000000,BEST_ASK,"JPM,99843,156"
2019-06-28 14:41:50.000000000,BEST_BID,"JPM,99714,156"
2019-06-28 14:41:50.000000000,BEST_ASK,"JPM,99843,156"
2019-06-28 14:41:50.000000000,BEST_BID,"JPM,99714,156"
2019-06-28 14:41:50.000000000,BEST_ASK,"JPM,99843,156"
2019-06-28 14:41:50.000000000,BEST_BID,"JPM,99714,156"
2019-06-28 14:41:50.000000000,BEST_ASK,"JPM,99843,156"
2019-06-28 14:41:51.908360692,QUERY_ORDER_STREAM,52
2019-06-28 14:41:51.908360692,QUERY_SPREAD,52
2019-06-28 14:41:53.320794577,QUERY_SPREAD,30
2019-06-28 14:41:53.320794577,BEST_BID,"JPM,99714,156"
2019-06-28 14:41:53.320794577,BEST_ASK,"JPM,99843,56"
2019-06-28 14:41:53.320794577,LAST_TRADE,"100,$99843.0000"
2019-06-28 14:42:00.000000000,QUERY_SPREAD,1
2019-06-28 14:42:00.000000000,BEST_BID,"JPM,99714,156"
2019-06-28 14:42:00.000000000,BEST_ASK,"JPM,100035,100"
2019-06-28 14:42:00.000000000,BEST_BID,"JPM,99714,156"
2019-06-28 14:42:00.000000000,BEST_ASK,"JPM,100035,100"
2019-06-28 14:42:00.000000000,BEST_BID,"JPM,99714,156"
2019-06-28 14:42:00.000000000,BEST_ASK,"JPM,100035,100"
2019-06-28 14:42:00.000000000,BEST_BID,"JPM,99714,156"
2019-06-28 14:42:00.000000000,BEST_ASK,"JPM,100035,100"
2019-06-28 14:42:00.000000000,BEST_BID,"JPM,99714,156"
2019-06-28 14:42:00.000000000,BEST_ASK,"JPM,100035,100"
2019-06-28 14:42:00.000000000,BEST_BID,"JPM,99714,156"
2019-06-28 14:42:00.000000000,BEST_ASK,"JPM,100035,156"
2019-06-28 14:42:00.000000000,BEST_BID,"JPM,99714,156"
2019-06-28 14:42:00.000000000,BEST_ASK,"JPM,100035,156"
2019-06-28 14:42:00.000000000,BEST_BID,"JPM,99714,156"
2019-06-28 14:42:00.000000000,BEST_ASK,"JPM,100035,156"
2019-06-28 14:42:00.000000000,BEST_BID,"JPM,99714,156"
2019-06-28 14:42:00.000000000,BEST_ASK,"JPM,100035,156"
2019-06-28 14:42:00.000000000,BEST_BID,"JPM,99714,156"
2019-06-28 14:42:00.000000000,BEST_ASK,"JPM,100035,156"
2019-06-28 14:42:00.000000000,QUERY_SPREAD,77
2019-06-28 14:42:00.000000000,BEST_BID,"JPM,99714,155"
2019-06-28 14:42:00.000000000,BEST_ASK,"JPM,100035,156"
2019-06-28 14:42:00.000000000,LAST_TRADE,"1,$99714.0000"
2019-06-28 14:42:00.000000000,QUERY_SPREAD,78
2019-06-28 14:42:00.000000000,BEST_BID,"JPM,99714,151"
2019-06-28 14:42:00.000000000,BEST_ASK,"JPM,100035,156"
2019-06-28 14:42:00.000000000,LAST_TRADE,"4,$99714.0000"
2019-06-28 14:42:00.000000000,QUERY_SPREAD,79
2019-06-28 14:42:00.000000000,BEST_BID,"JPM,99714,145"
2019-06-28 14:42:00.000000000,BEST_ASK,"JPM,100035,156"
2019-06-28 14:42:00.000000000,LAST_TRADE,"6,$99714.0000"
2019-06-28 14:42:00.000000000,QUERY_SPREAD,80
2019-06-28 14:42:00.000000000,BEST_BID,"JPM,99714,140"
2019-06-28 14:42:00.000000000,BEST_ASK,"JPM,100035,156"
2019-06-28 14:42:00.000000000,LAST_TRADE,"5,$99714.0000"
2019-06-28 14:42:00.000000000,QUERY_SPREAD,81
2019-06-28 14:42:00.000000000,BEST_BID,"JPM,99714,132"
2019-06-28 14:42:00.000000000,BEST_ASK,"JPM,100035,156"
2019-06-28 14:42:00.000000000,LAST_TRADE,"8,$99714.0000"
2019-06-28 14:42:00.000000000,QUERY_SPREAD,82
2019-06-28 14:42:00.000000000,BEST_BID,"JPM,99714,124"
2019-06-28 14:42:00.000000000,BEST_ASK,"JPM,100035,156"
2019-06-28 14:42:00.000000000,LAST_TRADE,"8,$99714.0000"
2019-06-28 14:42:00.000000000,QUERY_SPREAD,83
2019-06-28 14:42:00.000000000,BEST_BID,"JPM,99714,122"
2019-06-28 14:42:00.000000000,BEST_ASK,"JPM,100035,156"
2019-06-28 14:42:00.000000000,LAST_TRADE,"2,$99714.0000"
2019-06-28 14:42:00.000000000,QUERY_SPREAD,84
2019-06-28 14:42:00.000000000,BEST_BID,"JPM,99714,121"
2019-06-28 14:42:00.000000000,BEST_ASK,"JPM,100035,156"
2019-06-28 14:42:00.000000000,LAST_TRADE,"1,$99714.0000"
2019-06-28 14:42:00.000000000,QUERY_SPREAD,85
2019-06-28 14:42:00.000000000,BEST_BID,"JPM,99714,120"
2019-06-28 14:42:00.000000000,BEST_ASK,"JPM,100035,156"
2019-06-28 14:42:00.000000000,LAST_TRADE,"1,$99714.0000"
2019-06-28 14:42:00.000000000,QUERY_SPREAD,86
2019-06-28 14:42:00.000000000,BEST_BID,"JPM,99714,114"
2019-06-28 14:42:00.000000000,BEST_ASK,"JPM,100035,156"
2019-06-28 14:42:00.000000000,LAST_TRADE,"6,$99714.0000"
2019-06-28 14:42:00.000000000,QUERY_SPREAD,87
2019-06-28 14:42:00.000000000,BEST_BID,"JPM,99714,111"
2019-06-28 14:42:00.000000000,BEST_ASK,"JPM,100035,156"
2019-06-28 14:42:00.000000000,LAST_TRADE,"3,$99714.0000"
2019-06-28 14:42:00.000000000,QUERY_SPREAD,88
2019-06-28 14:42:00.000000000,BEST_BID,"JPM,99714,107"
2019-06-28 14:42:00.000000000,BEST_ASK,"JPM,100035,156"
2019-06-28 14:42:00.000000000,LAST_TRADE,"4,$99714.0000"
2019-06-28 14:42:00.000000000,QUERY_SPREAD,89
2019-06-28 14:42:00.000000000,BEST_BID,"JPM,99714,103"
2019-06-28 14:42:00.000000000,BEST_ASK,"JPM,100035,156"
2019-06-28 14:42:00.000000000,LAST_TRADE,"4,$99714.0000"
2019-06-28 14:42:00.000000000,QUERY_SPREAD,90
2019-06-28 14:42:00.000000000,BEST_BID,"JPM,99714,96"
2019-06-28 14:42:00.000000000,BEST_ASK,"JPM,100035,156"
2019-06-28 14:42:00.000000000,LAST_TRADE,"7,$99714.0000"
2019-06-28 14:42:00.000000000,QUERY_SPREAD,91
2019-06-28 14:42:00.000000000,BEST_BID,"JPM,99714,88"
2019-06-28 14:42:00.000000000,BEST_ASK,"JPM,100035,156"
2019-06-28 14:42:00.000000000,LAST_TRADE,"8,$99714.0000"
2019-06-28 14:42:00.000000000,QUERY_SPREAD,92
2019-06-28 14:42:00.000000000,BEST_BID,"JPM,99714,83"
2019-06-28 14:42:00.000000000,BEST_ASK,"JPM,100035,156"
2019-06-28 14:42:00.000000000,LAST_TRADE,"5,$99714.0000"
2019-06-28 14:42:00.000000000,QUERY_SPREAD,93
2019-06-28 14:42:00.000000000,BEST_BID,"JPM,99714,80"
2019-06-28 14:42:00.000000000,BEST_ASK,"JPM,100035,156"
2019-06-28 14:42:00.000000000,LAST_TRADE,"3,$99714.0000"
2019-06-28 14:42:00.000000000,QUERY_SPREAD,94
2019-06-28 14:42:00.000000000,BEST_BID,"JPM,99714,76"
2019-06-28 14:42:00.000000000,BEST_ASK,"JPM,100035,156"
2019-06-28 14:42:00.000000000,LAST_TRADE,"4,$99714.0000"
2019-06-28 14:42:00.000000000,QUERY_SPREAD,95
2019-06-28 14:42:00.000000000,BEST_BID,"JPM,99714,71"
2019-06-28 14:42:00.000000000,BEST_ASK,"JPM,100035,156"
2019-06-28 14:42:00.000000000,LAST_TRADE,"5,$99714.0000"
2019-06-28 14:42:00.000000000,QUERY_SPREAD,96
2019-06-28 14:42:00.000000000,BEST_BID,"JPM,99714,70"
2019-06-28 14:42:00.000000000,BEST_ASK,"JPM,100035,156"
2019-06-28 14:42:00.000000000,LAST_TRADE,"1,$99714.0000"
2019-06-28 14:42:00.000000000,QUERY_SPREAD,97
2019-06-28 14:42:00.000000000,BEST_BID,"JPM,99714,63"
2019-06-28 14:42:00.000000000,BEST_ASK,"JPM,100035,156"
2019-06-28 14:42:00.000000000,LAST_TRADE,"7,$99714.0000"
2019-06-28 14:42:00.000000000,QUERY_SPREAD,98
2019-06-28 14:42:00.000000000,BEST_BID,"JPM,99714,57"
2019-06-28 14:42:00.000000000,BEST_ASK,"JPM,100035,156"
2019-06-28 14:42:00.000000000,LAST_TRADE,"6,$99714.0000"
2019-06-28 14:42:00.000000000,QUERY_SPREAD,99
2019-06-28 14:42:00.000000000,BEST_BID,"JPM,99714,52"
2019-06-28 14:42:00.000000000,BEST_ASK,"JPM,100035,156"
2019-06-28 14:42:00.000000000,LAST_TRADE,"5,$99714.0000"
2019-06-28 14:42:00.000000000,QUERY_SPREAD,100
2019-06-28 14:42:00.000000000,BEST_BID,"JPM,99714,45"
2019-06-28 14:42:00.000000000,BEST_ASK,"JPM,100035,156"
2019-06-28 14:42:00.000000000,LAST_TRADE,"7,$99714.0000"
2019-06-28 14:42:00.000000000,QUERY_SPREAD,101
2019-06-28 14:42:00.000000000,QUERY_ORDER_STREAM,101
2019-06-28 14:42:10.000000000,QUERY_SPREAD,1
2019-06-28 14:42:10.000000000,BEST_BID,"JPM,99669,170"
2019-06-28 14:42:10.000000000,BEST_ASK,"JPM,100035,100"
2019-06-28 14:42:10.000000000,BEST_BID,"JPM,99669,170"
2019-06-28 14:42:10.000000000,BEST_ASK,"JPM,100035,100"
2019-06-28 14:42:10.000000000,BEST_BID,"JPM,99669,170"
2019-06-28 14:42:10.000000000,BEST_ASK,"JPM,100035,100"
2019-06-28 14:42:10.000000000,BEST_BID,"JPM,99669,170"
2019-06-28 14:42:10.000000000,BEST_ASK,"JPM,100035,100"
2019-06-28 14:42:10.000000000,BEST_BID,"JPM,99669,170"
2019-06-28 14:42:10.000000000,BEST_ASK,"JPM,100035,170"
2019-06-28 14:42:10.000000000,BEST_BID,"JPM,99669,170"
2019-06-28 14:42:10.000000000,BEST_ASK,"JPM,100035,170"
2019-06-28 14:42:10.000000000,BEST_BID,"JPM,99669,170"
2019-06-28 14:42:10.000000000,BEST_ASK,"JPM,100035,170"
2019-06-28 14:42:10.000000000,BEST_BID,"JPM,99669,170"
2019-06-28 14:42:10.000000000,BEST_ASK,"JPM,100035,170"
2019-06-28 14:42:20.000000000,QUERY_SPREAD,1
2019-06-28 14:42:20.000000000,BEST_BID,"JPM,99669,170"
2019-06-28 14:42:20.000000000,BEST_ASK,"JPM,100035,100"
2019-06-28 14:42:20.000000000,BEST_BID,"JPM,99669,170"
2019-06-28 14:42:20.000000000,BEST_ASK,"JPM,100035,100"
2019-06-28 14:42:20.000000000,BEST_BID,"JPM,99669,170"
2019-06-28 14:42:20.000000000,BEST_ASK,"JPM,100035,100"
2019-06-28 14:42:20.000000000,BEST_BID,"JPM,99669,170"
2019-06-28 14:42:20.000000000,BEST_ASK,"JPM,100035,100"
2019-06-28 14:42:20.000000000,BEST_BID,"JPM,99669,170"
2019-06-28 14:42:20.000000000,BEST_ASK,"JPM,100035,170"
2019-06-28 14:42:20.000000000,BEST_BID,"JPM,99669,170"
2019-06-28 14:42:20.000000000,BEST_ASK,"JPM,100035,170"
2019-06-28 14:42:20.000000000,BEST_BID,"JPM,99669,170"
2019-06-28 14:42:20.000000000,BEST_ASK,"JPM,100035,170"
2019-06-28 14:42:20.000000000,BEST_BID,"JPM,99669,170"
2019-06-28 14:42:20.000000000,BEST_ASK,"JPM,100035,170"
2019-06-28 14:42:26.697254826,QUERY_SPREAD,4
2019-06-28 14:42:26.697254826,BEST_BID,"JPM,99669,170"
2019-06-28 14:42:26.697254826,BEST_ASK,"JPM,100035,70"
2019-06-28 14:42:26.697254826,LAST_TRADE,"100,$100035.0000"
2019-06-28 14:42:30.000000000,QUERY_SPREAD,1
2019-06-28 14:42:30.000000000,BEST_BID,"JPM,99669,240"
2019-06-28 14:42:30.000000000,BEST_ASK,"JPM,100546,100"
2019-06-28 14:42:30.000000000,BEST_BID,"JPM,99669,240"
2019-06-28 14:42:30.000000000,BEST_ASK,"JPM,100546,100"
2019-06-28 14:42:30.000000000,BEST_BID,"JPM,99669,240"
2019-06-28 14:42:30.000000000,BEST_ASK,"JPM,100546,240"
2019-06-28 14:42:30.000000000,BEST_BID,"JPM,99669,240"
2019-06-28 14:42:30.000000000,BEST_ASK,"JPM,100546,240"
2019-06-28 14:42:40.000000000,QUERY_SPREAD,1
2019-06-28 14:42:40.000000000,BEST_BID,"JPM,99669,156"
2019-06-28 14:42:40.000000000,BEST_ASK,"JPM,100546,100"
2019-06-28 14:42:40.000000000,BEST_BID,"JPM,99669,156"
2019-06-28 14:42:40.000000000,BEST_ASK,"JPM,100546,100"
2019-06-28 14:42:40.000000000,BEST_BID,"JPM,99669,156"
2019-06-28 14:42:40.000000000,BEST_ASK,"JPM,100546,100"
2019-06-28 14:42:40.000000000,BEST_BID,"JPM,99669,156"
2019-06-28 14:42:40.000000000,BEST_ASK,"JPM,100546,100"
2019-06-28 14:42:40.000000000,BEST_BID,"JPM,99669,156"
2019-06-28 14:42:40.000000000,BEST_ASK,"JPM,100546,100"
2019-06-28 14:42:40.000000000,BEST_BID,"JPM,99669,156"
2019-06-28 14:42:40.000000000,BEST_ASK,"JPM,100546,156"
2019-06-28 14:42:40.000000000,BEST_BID,"JPM,99669,156"
2019-06-28 14:42:40.000000000,BEST_ASK,"JPM,100546,156"
2019-06-28 14:42:40.000000000,BEST_BID,"JPM,99669,156"
2019-06-28 14:42:40.000000000,BEST_ASK,"JPM,100546,156"
2019-06-28 14:42:40.000000000,BEST_BID,"JPM,99669,156"
2019-06-28 14:42:40.000000000,BEST_ASK,"JPM,100546,156"
2019-06-28 14:42:40.000000000,BEST_BID,"JPM,99669,156"
2019-06-28 14:42:40.000000000,BEST_ASK,"JPM,100546,156"
2019-06-28 14:42:50.000000000,QUERY_SPREAD,1
2019-06-28 14:42:50.000000000,BEST_BID,"JPM,99669,380"
2019-06-28 14:42:50.000000000,BEST_ASK,"JPM,100546,100"
2019-06-28 14:42:50.000000000,BEST_BID,"JPM,99669,380"
2019-06-28 14:42:50.000000000,BEST_ASK,"JPM,100546,380"
2019-06-28 14:42:51.186199388,QUERY_SPREAD,44
2019-06-28 14:42:51.186199388,BEST_BID,"JPM,100094,100"
2019-06-28 14:42:51.186199388,BEST_ASK,"JPM,100546,380"
2019-06-28 14:43:00.000000000,QUERY_SPREAD,1
2019-06-28 14:43:00.000000000,BEST_BID,"JPM,100094,170"
2019-06-28 14:43:00.000000000,BEST_ASK,"JPM,100546,100"
2019-06-28 14:43:00.000000000,BEST_BID,"JPM,100094,170"
2019-06-28 14:43:00.000000000,BEST_ASK,"JPM,100546,100"
2019-06-28 14:43:00.000000000,BEST_BID,"JPM,100094,170"
2019-06-28 14:43:00.000000000,BEST_ASK,"JPM,100546,100"
2019-06-28 14:43:00.000000000,BEST_BID,"JPM,100094,170"
2019-06-28 14:43:00.000000000,BEST_ASK,"JPM,100546,100"
2019-06-28 14:43:00.000000000,BEST_BID,"JPM,100094,170"
2019-06-28 14:43:00.000000000,BEST_ASK,"JPM,100546,170"
2019-06-28 14:43:00.000000000,BEST_BID,"JPM,100094,170"
2019-06-28 14:43:00.000000000,BEST_ASK,"JPM,100546,170"
2019-06-28 14:43:00.000000000,BEST_BID,"JPM,100094,170"
2019-06-28 14:43:00.000000000,BEST_ASK,"JPM,100546,170"
2019-06-28 14:43:00.000000000,BEST_BID,"JPM,100094,170"
2019-06-28 14:43:00.000000000,BEST_ASK,"JPM,100546,170"
2019-06-28 14:43:00.000000000,QUERY_SPREAD,77
2019-06-28 14:43:00.000000000,BEST_BID,"JPM,100094,169"
2019-06-28 14:43:00.000000000,BEST_ASK,"JPM,100546,170"
2019-06-28 14:43:00.000000000,LAST_TRADE,"1,$100094.0000"
2019-06-28 14:43:00.000000000,QUERY_SPREAD,78
2019-06-28 14:43:00.000000000,BEST_BID,"JPM,100094,165"
2019-06-28 14:43:00.000000000,BEST_ASK,"JPM,100546,170"
2019-06-28 14:43:00.000000000,LAST_TRADE,"4,$100094.0000"
2019-06-28 14:43:00.000000000,QUERY_SPREAD,79
2019-06-28 14:43:00.000000000,BEST_BID,"JPM,100094,159"
2019-06-28 14:43:00.000000000,BEST_ASK,"JPM,100546,170"
2019-06-28 14:43:00.000000000,LAST_TRADE,"6,$100094.0000"
2019-06-28 14:43:00.000000000,QUERY_SPREAD,80
2019-06-28 14:43:00.000000000,BEST_BID,"JPM,100094,154"
2019-06-28 14:43:00.000000000,BEST_ASK,"JPM,100546,170"
2019-06-28 14:43:00.000000000,LAST_TRADE,"5,$100094.0000"
2019-06-28 14:43:00.000000000,QUERY_SPREAD,81
2019-06-28 14:43:00.000000000,BEST_BID,"JPM,100094,146"
2019-06-28 14:43:00.000000000,BEST_ASK,"JPM,100546,170"
2019-06-28 14:43:00.000000000,LAST_TRADE,"8,$100094.0000"
2019-06-28 14:43:00.000000000,QUERY_SPREAD,82
2019-06-28 14:43:00.000000000,BEST_BID,"JPM,100094,138"
2019-06-28 14:43:00.000000000,BEST_ASK,"JPM,100546,170"
2019-06-28 14:43:00.000000000,LAST_TRADE,"8,$100094.0000"
2019-06-28 14:43:00.000000000,QUERY_SPREAD,83
2019-06-28 14:43:00.000000000,BEST_BID,"JPM,100094,136"
2019-06-28 14:43:00.000000000,BEST_ASK,"JPM,100546,170"
2019-06-28 14:43:00.000000000,LAST_TRADE,"2,$100094.0000"
2019-06-28 14:43:00.000000000,QUERY_SPREAD,84
2019-06-28 14:43:00.000000000,BEST_BID,"JPM,100094,135"
2019-06-28 14:43:00.000000000,BEST_ASK,"JPM,100546,170"
2019-06-28 14:43:00.000000000,LAST_TRADE,"1,$100094.0000"
2019-06-28 14:43:00.000000000,QUERY_SPREAD,85
2019-06-28 14:43:00.000000000,BEST_BID,"JPM,100094,134"
2019-06-28 14:43:00.000000000,BEST_ASK,"JPM,100546,170"
2019-06-28 14:43:00.000000000,LAST_TRADE,"1,$100094.0000"
2019-06-28 14:43:00.000000000,QUERY_SPREAD,86
2019-06-28 14:43:00.000000000,BEST_BID,"JPM,100094,128"
2019-06-28 14:43:00.000000000,BEST_ASK,"JPM,100546,170"
2019-06-28 14:43:00.000000000,LAST_TRADE,"6,$100094.0000"
2019-06-28 14:43:00.000000000,QUERY_SPREAD,87
2019-06-28 14:43:00.000000000,BEST_BID,"JPM,100094,125"
2019-06-28 14:43:00.000000000,BEST_ASK,"JPM,100546,170"
2019-06-28 14:43:00.000000000,LAST_TRADE,"3,$100094.0000"
2019-06-28 14:43:00.000000000,QUERY_SPREAD,88
2019-06-28 14:43:00.000000000,BEST_BID,"JPM,100094,121"
2019-06-28 14:43:00.000000000,BEST_ASK,"JPM,100546,170"
2019-06-28 14:43:00.000000000,LAST_TRADE,"4,$100094.0000"
2019-06-28 14:43:00.000000000,QUERY_SPREAD,89
2019-06-28 14:43:00.000000000,BEST_BID,"JPM,100094,117"
2019-06-28 14:43:00.000000000,BEST_ASK,"JPM,100546,170"
2019-06-28 14:43:00.000000000,LAST_TRADE,"4,$100094.0000"
2019-06-28 14:43:00.000000000,QUERY_SPREAD,90
2019-06-28 14:43:00.000000000,BEST_BID,"JPM,100094,110"
2019-06-28 14:43:00.000000000,BEST_ASK,"JPM,100546,170"
2019-06-28 14:43:00.000000000,LAST_TRADE,"7,$100094.0000"
2019-06-28 14:43:00.000000000,QUERY_SPREAD,91
2019-06-28 14:43:00.000000000,BEST_BID,"JPM,100094,102"
2019-06-28 14:43:00.000000000,BEST_ASK,"JPM,100546,170"
2019-06-28 14:43:00.000000000,LAST_TRADE,"8,$100094.0000"
2019-06-28 14:43:00.000000000,QUERY_SPREAD,92
2019-06-28 14:43:00.000000000,BEST_BID,"JPM,100094,97"
2019-06-28 14:43:00.000000000,BEST_ASK,"JPM,100546,170"
2019-06-28 14:43:00.000000000,LAST_TRADE,"5,$100094.0000"
2019-06-28 14:43:00.000000000,QUERY_SPREAD,93
2019-06-28 14:43:00.000000000,BEST_BID,"JPM,100094,94"
2019-06-28 14:43:00.000000000,BEST_ASK,"JPM,100546,170"
2019-06-28 14:43:00.000000000,LAST_TRADE,"3,$100094.0000"
2019-06-28 14:43:00.000000000,QUERY_SPREAD,94
2019-06-28 14:43:00.000000000,BEST_BID,"JPM,100094,90"
2019-06-28 14:43:00.000000000,BEST_ASK,"JPM,100546,170"
2019-06-28 14:43:00.000000000,LAST_TRADE,"4,$100094.0000"
2019-06-28 14:43:00.000000000,QUERY_SPREAD,95
2019-06-28 14:43:00.000000000,BEST_BID,"JPM,100094,85"
2019-06-28 14:43:00.000000000,BEST_ASK,"JPM,100546,170"
2019-06-28 14:43:00.000000000,LAST_TRADE,"5,$100094.0000"
2019-06-28 14:43:00.000000000,QUERY_SPREAD,96
2019-06-28 14:43:00.000000000,BEST_BID,"JPM,100094,84"
2019-06-28 14:43:00.000000000,BEST_ASK,"JPM,100546,170"
2019-06-28 14:43:00.000000000,LAST_TRADE,"1,$100094.0000"
2019-06-28 14:43:00.000000000,QUERY_SPREAD,97
2019-06-28 14:43:00.000000000,BEST_BID,"JPM,100094,77"
2019-06-28 14:43:00.000000000,BEST_ASK,"JPM,100546,170"
2019-06-28 14:43:00.000000000,LAST_TRADE,"7,$100094.0000"
2019-06-28 14:43:00.000000000,QUERY_SPREAD,98
2019-06-28 14:43:00.000000000,BEST_BID,"JPM,100094,71"
2019-06-28 14:43:00.000000000,BEST_ASK,"JPM,100546,170"
2019-06-28 14:43:00.000000000,LAST_TRADE,"6,$100094.0000"
2019-06-28 14:43:00.000000000,QUERY_SPREAD,99
2019-06-28 14:43:00.000000000,BEST_BID,"JPM,100094,66"
2019-06-28 14:43:00.000000000,BEST_ASK,"JPM,100546,170"
2019-06-28 14:43:00.000000000,LAST_TRADE,"5,$100094.0000"
2019-06-28 14:43:00.000000000,QUERY_SPREAD,100
2019-06-28 14:43:00.000000000,BEST_BID,"JPM,100094,59"
2019-06-28 14:43:00.000000000,BEST_ASK,"JPM,100546,170"
2019-06-28 14:43:00.000000000,LAST_TRADE,"7,$100094.0000"
2019-06-28 14:43:00.000000000,QUERY_SPREAD,101
2019-06-28 14:43:00.000000000,QUERY_ORDER_STREAM,101
2019-06-28 14:43:10.000000000,QUERY_SPREAD,1
2019-06-28 14:43:10.000000000,BEST_BID,"JPM,99669,240"
2019-06-28 14:43:10.000000000,BEST_ASK,"JPM,100546,100"
2019-06-28 14:43:10.000000000,BEST_BID,"JPM,99669,240"
2019-06-28 14:43:10.000000000,BEST_ASK,"JPM,100546,100"
2019-06-28 14:43:10.000000000,BEST_BID,"JPM,99669,240"
2019-06-28 14:43:10.000000000,BEST_ASK,"JPM,100546,240"
2019-06-28 14:43:10.000000000,BEST_BID,"JPM,99669,240"
2019-06-28 14:43:10.000000000,BEST_ASK,"JPM,100546,240"
2019-06-28 14:43:16.481233182,QUERY_ORDER_STREAM,58
2019-06-28 14:43:16.481233182,QUERY_SPREAD,58
2019-06-28 14:43:20.000000000,QUERY_SPREAD,1
2019-06-28 14:43:20.000000000,BEST_BID,"JPM,99669,170"
2019-06-28 14:43:20.000000000,BEST_ASK,"JPM,100546,100"
2019-06-28 14:43:20.000000000,BEST_BID,"JPM,99669,170"
2019-06-28 14:43:20.000000000,BEST_ASK,"JPM,100546,100"
2019-06-28 14:43:20.000000000,BEST_BID,"JPM,99669,170"
2019-06-28 14:43:20.000000000,BEST_ASK,"JPM,100546,100"
2019-06-28 14:43:20.000000000,BEST_BID,"JPM,99669,170"
2019-06-28 14:43:20.000000000,BEST_ASK,"JPM,100546,100"
2019-06-28 14:43:20.000000000,BEST_BID,"JPM,99669,170"
2019-06-28 14:43:20.000000000,BEST_ASK,"JPM,100546,170"
2019-06-28 14:43:20.000000000,BEST_BID,"JPM,99669,170"
2019-06-28 14:43:20.000000000,BEST_ASK,"JPM,100546,170"
2019-06-28 14:43:20.000000000,BEST_BID,"JPM,99669,170"
2019-06-28 14:43:20.000000000,BEST_ASK,"JPM,100546,170"
2019-06-28 14:43:20.000000000,BEST_BID,"JPM,99669,170"
2019-06-28 14:43:20.000000000,BEST_ASK,"JPM,100546,170"
2019-06-28 14:43:30.000000000,QUERY_SPREAD,1
2019-06-28 14:43:30.000000000,BEST_BID,"JPM,99669,240"
2019-06-28 14:43:30.000000000,BEST_ASK,"JPM,100546,100"
2019-06-28 14:43:30.000000000,BEST_BID,"JPM,99669,240"
2019-06-28 14:43:30.000000000,BEST_ASK,"JPM,100546,100"
2019-06-28 14:43:30.000000000,BEST_BID,"JPM,99669,240"
2019-06-28 14:43:30.000000000,BEST_ASK,"JPM,100546,240"
2019-06-28 14:43:30.000000000,BEST_BID,"JPM,99669,240"
2019-06-28 14:43:30.000000000,BEST_ASK,"JPM,100546,240"
2019-06-28 14:43:40.000000000,QUERY_SPREAD,1
2019-06-28 14:43:40.000000000,BEST_BID,"JPM,99669,170"
2019-06-28 14:43:40.000000000,BEST_ASK,"JPM,100546,100"
2019-06-28 14:43:40.000000000,BEST_BID,"JPM,99669,170"
2019-06-28 14:43:40.000000000,BEST_ASK,"JPM,100546,100"
2019-06-28 14:43:40.000000000,BEST_BID,"JPM,99669,170"
2019-06-28 14:43:40.000000000,BEST_ASK,"JPM,100546,100"
2019-06-28 14:43:40.000000000,BEST_BID,"JPM,99669,170"
2019-06-28 14:43:40.000000000,BEST_ASK,"JPM,100546,100"
2019-06-28 14:43:40.000000000,BEST_BID,"JPM,99669,170"
2019-06-28 14:43:40.000000000,BEST_ASK,"JPM,100546,170"
2019-06-28 14:43:40.000000000,BEST_BID,"JPM,99669,170"
2019-06-28 14:43:40.000000000,BEST_ASK,"JPM,100546,170"
2019-06-28 14:43:40.000000000,BEST_BID,"JPM,99669,170"
2019-06-28 14:43:40.000000000,BEST_ASK,"JPM,100546,170"
2019-06-28 14:43:40.000000000,BEST_BID,"JPM,99669,170"
2019-06-28 14:43:40.000000000,BEST_ASK,"JPM,100546,170"
2019-06-28 14:43:43.082692701,QUERY_SPREAD,46
2019-06-28 14:43:43.082692701,BEST_BID,"JPM,99669,170"
2019-06-28 14:43:43.082692701,BEST_ASK,"JPM,99849,100"
2019-06-28 14:43:50.000000000,QUERY_SPREAD,1
2019-06-28 14:43:50.000000000,BEST_BID,"JPM,99669,170"
2019-06-28 14:43:50.000000000,BEST_ASK,"JPM,99849,100"
2019-06-28 14:43:50.000000000,BEST_BID,"JPM,99669,170"
2019-06-28 14:43:50.000000000,BEST_ASK,"JPM,99849,100"
2019-06-28 14:43:50.000000000,BEST_BID,"JPM,99669,170"
2019-06-28 14:43:50.000000000,BEST_ASK,"JPM,99849,100"
2019-06-28 14:43:50.000000000,BEST_BID,"JPM,99669,170"
2019-06-28 14:43:50.000000000,BEST_ASK,"JPM,99849,100"
2019-06-28 14:43:50.000000000,BEST_BID,"JPM,99669,170"
2019-06-28 14:43:50.000000000,BEST_ASK,"JPM,99849,170"
2019-06-28 14:43:50.000000000,BEST_BID,"JPM,99669,170"
2019-06-28 14:43:50.000000000,BEST_ASK,"JPM,99849,170"
2019-06-28 14:43:50.000000000,BEST_BID,"JPM,99669,170"
2019-06-28 14:43:50.000000000,BEST_ASK,"JPM,99849,170"
2019-06-28 14:43:50.000000000,BEST_BID,"JPM,99669,170"
2019-06-28 14:43:50.000000000,BEST_ASK,"JPM,99849,170"
2019-06-28 14:44:00.000000000,QUERY_SPREAD,1
2019-06-28 14:44:00.000000000,BEST_BID,"JPM,99669,195"
2019-06-28 14:44:00.000000000,BEST_ASK,"JPM,99849,100"
2019-06-28 14:44:00.000000000,BEST_BID,"JPM,99669,195"
2019-06-28 14:44:00.000000000,BEST_ASK,"JPM,99849,100"
2019-06-28 14:44:00.000000000,BEST_BID,"JPM,99669,195"
2019-06-28 14:44:00.000000000,BEST_ASK,"JPM,99849,100"
2019-06-28 14:44:00.000000000,BEST_BID,"JPM,99669,195"
2019-06-28 14:44:00.000000000,BEST_ASK,"JPM,99849,195"
2019-06-28 14:44:00.000000000,BEST_BID,"JPM,99669,195"
2019-06-28 14:44:00.000000000,BEST_ASK,"JPM,99849,195"
2019-06-28 14:44:00.000000000,BEST_BID,"JPM,99669,195"
2019-06-28 14:44:00.000000000,BEST_ASK,"JPM,99849,195"
2019-06-28 14:44:00.000000000,QUERY_SPREAD,77
2019-06-28 14:44:00.000000000,BEST_BID,"JPM,99669,194"
2019-06-28 14:44:00.000000000,BEST_ASK,"JPM,99849,195"
2019-06-28 14:44:00.000000000,LAST_TRADE,"1,$99669.0000"
2019-06-28 14:44:00.000000000,QUERY_SPREAD,78
2019-06-28 14:44:00.000000000,BEST_BID,"JPM,99669,190"
2019-06-28 14:44:00.000000000,BEST_ASK,"JPM,99849,195"
2019-06-28 14:44:00.000000000,LAST_TRADE,"4,$99669.0000"
2019-06-28 14:44:00.000000000,QUERY_SPREAD,79
2019-06-28 14:44:00.000000000,BEST_BID,"JPM,99669,184"
2019-06-28 14:44:00.000000000,BEST_ASK,"JPM,99849,195"
2019-06-28 14:44:00.000000000,LAST_TRADE,"6,$99669.0000"
2019-06-28 14:44:00.000000000,QUERY_SPREAD,80
2019-06-28 14:44:00.000000000,BEST_BID,"JPM,99669,179"
2019-06-28 14:44:00.000000000,BEST_ASK,"JPM,99849,195"
2019-06-28 14:44:00.000000000,LAST_TRADE,"5,$99669.0000"
2019-06-28 14:44:00.000000000,QUERY_SPREAD,81
2019-06-28 14:44:00.000000000,BEST_BID,"JPM,99669,171"
2019-06-28 14:44:00.000000000,BEST_ASK,"JPM,99849,195"
2019-06-28 14:44:00.000000000,LAST_TRADE,"8,$99669.0000"
2019-06-28 14:44:00.000000000,QUERY_SPREAD,82
2019-06-28 14:44:00.000000000,BEST_BID,"JPM,99669,163"
2019-06-28 14:44:00.000000000,BEST_ASK,"JPM,99849,195"
2019-06-28 14:44:00.000000000,LAST_TRADE,"8,$99669.0000"
2019-06-28 14:44:00.000000000,QUERY_SPREAD,83
2019-06-28 14:44:00.000000000,BEST_BID,"JPM,99669,161"
2019-06-28 14:44:00.000000000,BEST_ASK,"JPM,99849,195"
2019-06-28 14:44:00.000000000,LAST_TRADE,"2,$99669.0000"
2019-06-28 14:44:00.000000000,QUERY_SPREAD,84
2019-06-28 14:44:00.000000000,BEST_BID,"JPM,99669,160"
2019-06-28 14:44:00.000000000,BEST_ASK,"JPM,99849,195"
2019-06-28 14:44:00.000000000,LAST_TRADE,"1,$99669.0000"
2019-06-28 14:44:00.000000000,QUERY_SPREAD,85
2019-06-28 14:44:00.000000000,BEST_BID,"JPM,99669,159"
2019-06-28 14:44:00.000000000,BEST_ASK,"JPM,99849,195"
2019-06-28 14:44:00.000000000,LAST_TRADE,"1,$99669.0000"
2019-06-28 14:44:00.000000000,QUERY_SPREAD,86
2019-06-28 14:44:00.000000000,BEST_BID,"JPM,99669,153"
2019-06-28 14:44:00.000000000,BEST_ASK,"JPM,99849,195"
2019-06-28 14:44:00.000000000,LAST_TRADE,"6,$99669.0000"
2019-06-28 14:44:00.000000000,QUERY_SPREAD,87
2019-06-28 14:44:00.000000000,BEST_BID,"JPM,99669,150"
2019-06-28 14:44:00.000000000,BEST_ASK,"JPM,99849,195"
2019-06-28 14:44:00.000000000,LAST_TRADE,"3,$99669.0000"
2019-06-28 14:44:00.000000000,QUERY_SPREAD,88
2019-06-28 14:44:00.000000000,BEST_BID,"JPM,99669,146"
2019-06-28 14:44:00.000000000,BEST_ASK,"JPM,99849,195"
2019-06-28 14:44:00.000000000,LAST_TRADE,"4,$99669.0000"
2019-06-28 14:44:00.000000000,QUERY_SPREAD,89
2019-06-28 14:44:00.000000000,BEST_BID,"JPM,99669,142"
2019-06-28 14:44:00.000000000,BEST_ASK,"JPM,99849,195"
2019-06-28 14:44:00.000000000,LAST_TRADE,"4,$99669.0000"
2019-06-28 14:44:00.000000000,QUERY_SPREAD,90
2019-06-28 14:44:00.000000000,BEST_BID,"JPM,99669,135"
2019-06-28 14:44:00.000000000,BEST_ASK,"JPM,99849,195"
2019-06-28 14:44:00.000000000,LAST_TRADE,"7,$99669.0000"
2019-06-28 14:44:00.000000000,QUERY_SPREAD,91
2019-06-28 14:44:00.000000000,BEST_BID,"JPM,99669,127"
2019-06-28 14:44:00.000000000,BEST_ASK,"JPM,99849,195"
2019-06-28 14:44:00.000000000,LAST_TRADE,"8,$99669.0000"
2019-06-28 14:44:00.000000000,QUERY_SPREAD,92
2019-06-28 14:44:00.000000000,BEST_BID,"JPM,99669,122"
2019-06-28 14:44:00.000000000,BEST_ASK,"JPM,99849,195"
2019-06-28 14:44:00.000000000,LAST_TRADE,"5,$99669.0000"
2019-06-28 14:44:00.000000000,QUERY_SPREAD,93
2019-06-28 14:44:00.000000000,BEST_BID,"JPM,99669,119"
2019-06-28 14:44:00.000000000,BEST_ASK,"JPM,99849,195"
2019-06-28 14:44:00.000000000,LAST_TRADE,"3,$99669.0000"
2019-06-28 14:44:00.000000000,QUERY_SPREAD,94
2019-06-28 14:44:00.000000000,BEST_BID,"JPM,99669,115"
2019-06-28 14:44:00.000000000,BEST_ASK,"JPM,99849,195"
2019-06-28 14:44:00.000000000,LAST_TRADE,"4,$99669.0000"
2019-06-28 14:44:00.000000000,QUERY_SPREAD,95
2019-06-28 14:44:00.000000000,BEST_BID,"JPM,99669,110"
2019-06-28 14:44:00.000000000,BEST_ASK,"JPM,99849,195"
2019-06-28 14:44:00.000000000,LAST_TRADE,"5,$99669.0000"
2019-06-28 14:44:00.000000000,QUERY_SPREAD,96
2019-06-28 14:44:00.000000000,BEST_BID,"JPM,99669,109"
2019-06-28 14:44:00.000000000,BEST_ASK,"JPM,99849,195"
2019-06-28 14:44:00.000000000,LAST_TRADE,"1,$99669.0000"
2019-06-28 14:44:00.000000000,QUERY_SPREAD,97
2019-06-28 14:44:00.000000000,BEST_BID,"JPM,99669,102"
2019-06-28 14:44:00.000000000,BEST_ASK,"JPM,99849,195"
2019-06-28 14:44:00.000000000,LAST_TRADE,"7,$99669.0000"
2019-06-28 14:44:00.000000000,QUERY_SPREAD,98
2019-06-28 14:44:00.000000000,BEST_BID,"JPM,99669,96"
2019-06-28 14:44:00.000000000,BEST_ASK,"JPM,99849,195"
2019-06-28 14:44:00.000000000,LAST_TRADE,"6,$99669.0000"
2019-06-28 14:44:00.000000000,QUERY_SPREAD,99
2019-06-28 14:44:00.000000000,BEST_BID,"JPM,99669,91"
2019-06-28 14:44:00.000000000,BEST_ASK,"JPM,99849,195"
2019-06-28 14:44:00.000000000,LAST_TRADE,"5,$99669.0000"
2019-06-28 14:44:00.000000000,QUERY_SPREAD,100
2019-06-28 14:44:00.000000000,BEST_BID,"JPM,99669,84"
2019-06-28 14:44:00.000000000,BEST_ASK,"JPM,99849,195"
2019-06-28 14:44:00.000000000,LAST_TRADE,"7,$99669.0000"
2019-06-28 14:44:00.000000000,QUERY_SPREAD,101
2019-06-28 14:44:00.000000000,QUERY_ORDER_STREAM,101
2019-06-28 14:44:10.000000000,QUERY_SPREAD,1
2019-06-28 14:44:10.000000000,BEST_BID,"JPM,99555,170"
2019-06-28 14:44:10.000000000,BEST_ASK,"JPM,99849,100"
2019-06-28 14:44:10.000000000,BEST_BID,"JPM,99555,170"
2019-06-28 14:44:10.000000000,BEST_ASK,"JPM,99849,100"
2019-06-28 14:44:10.000000000,BEST_BID,"JPM,99555,170"
2019-06-28 14:44:10.000000000,BEST_ASK,"JPM,99849,100"
2019-06-28 14:44:10.000000000,BEST_BID,"JPM,99555,170"
2019-06-28 14:44:10.000000000,BEST_ASK,"JPM,99849,100"
2019-06-28 14:44:10.000000000,BEST_BID,"JPM,99555,170"
2019-06-28 14:44:10.000000000,BEST_ASK,"JPM,99849,170"
2019-06-28 14:44:10.000000000,BEST_BID,"JPM,99555,170"
2019-06-28 14:44:10.000000000,BEST_ASK,"JPM,99849,170"
2019-06-28 14:44:10.000000000,BEST_BID,"JPM,99555,170"
2019-06-28 14:44:10.000000000,BEST_ASK,"JPM,99849,170"
2019-06-28 14:44:10.000000000,BEST_BID,"JPM,99555,170"
2019-06-28 14:44:10.000000000,BEST_ASK,"JPM,99849,170"
2019-06-28 14:44:10.584101607,QUERY_SPREAD,13
2019-06-28 14:44:10.584101607,BEST_BID,"JPM,99555,170"
2019-06-28 14:44:10.584101607,BEST_ASK,"JPM,99849,70"
2019-06-28 14:44:10.584101607,LAST_TRADE,"100,$99849.0000"
2019-06-28 14:44:11.482002208,QUERY_SPREAD,26
2019-06-28 14:44:11.482002208,BEST_BID,"JPM,99849,30"
2019-06-28 14:44:11.482002208,BEST_ASK,"JPM,100546,170"
2019-06-28 14:44:11.482002208,LAST_TRADE,"70,$99849.0000"
2019-06-28 14:44:17.708056062,QUERY_SPREAD,31
2019-06-28 14:44:17.708056062,BEST_BID,"JPM,99849,30"
2019-06-28 14:44:17.708056062,BEST_ASK,"JPM,100121,100"
2019-06-28 14:44:20.000000000,QUERY_SPREAD,1
2019-06-28 14:44:20.000000000,BEST_BID,"JPM,99849,310"
2019-06-28 14:44:20.000000000,BEST_ASK,"JPM,100121,100"
2019-06-28 14:44:20.000000000,BEST_BID,"JPM,99849,310"
2019-06-28 14:44:20.000000000,BEST_ASK,"JPM,100121,380"
2019-06-28 14:44:30.000000000,QUERY_SPREAD,1
2019-06-28 14:44:30.000000000,BEST_BID,"JPM,99849,100"
2019-06-28 14:44:30.000000000,BEST_ASK,"JPM,100121,100"
2019-06-28 14:44:30.000000000,BEST_BID,"JPM,99849,100"
2019-06-28 14:44:30.000000000,BEST_ASK,"JPM,100121,100"
2019-06-28 14:44:30.000000000,BEST_BID,"JPM,99849,100"
2019-06-28 14:44:30.000000000,BEST_ASK,"JPM,100121,100"
2019-06-28 14:44:30.000000000,BEST_BID,"JPM,99849,100"
2019-06-28 14:44:30.000000000,BEST_ASK,"JPM,100121,100"
2019-06-28 14:44:30.000000000,BEST_BID,"JPM,99849,100"
2019-06-28 14:44:30.000000000,BEST_ASK,"JPM,100121,170"
2019-06-28 14:44:30.000000000,BEST_BID,"JPM,99849,100"
2019-06-28 14:44:30.000000000,BEST_ASK,"JPM,100121,170"
2019-06-28 14:44:30.000000000,BEST_BID,"JPM,99849,100"
2019-06-28 14:44:30.000000000,BEST_ASK,"JPM,100121,170"
2019-06-28 14:44:30.000000000,BEST_BID,"JPM,99849,100"
2019-06-28 14:44:30.000000000,BEST_ASK,"JPM,100121,170"
2019-06-28 14:44:40.000000000,QUERY_SPREAD,1
2019-06-28 14:44:40.000000000,BEST_BID,"JPM,99849,125"
2019-06-28 14:44:40.000000000,BEST_ASK,"JPM,100121,100"
2019-06-28 14:44:40.000000000,BEST_BID,"JPM,99849,125"
2019-06-28 14:44:40.000000000,BEST_ASK,"JPM,100121,100"
2019-06-28 14:44:40.000000000,BEST_BID,"JPM,99849,125"
2019-06-28 14:44:40.000000000,BEST_ASK,"JPM,100121,100"
2019-06-28 14:44:40.000000000,BEST_BID,"JPM,99849,125"
2019-06-28 14:44:40.000000000,BEST_ASK,"JPM,100121,195"
2019-06-28 14:44:40.000000000,BEST_BID,"JPM,99849,125"
2019-06-28 14:44:40.000000000,BEST_ASK,"JPM,100121,195"
2019-06-28 14:44:40.000000000,BEST_BID,"JPM,99849,125"
2019-06-28 14:44:40.000000000,BEST_ASK,"JPM,100121,195"
2019-06-28 14:44:43.333753086,QUERY_SPREAD,11
2019-06-28 14:44:43.333753086,BEST_BID,"JPM,99849,125"
2019-06-28 14:44:43.333753086,BEST_ASK,"JPM,100121,195"
2019-06-28 14:44:44.237261606,QUERY_ORDER_STREAM,53
2019-06-28 14:44:44.237261606,QUERY_SPREAD,53
2019-06-28 14:44:44.237261606,BEST_BID,"JPM,99849,225"
2019-06-28 14:44:44.237261606,BEST_ASK,"JPM,100121,195"
2019-06-28 14:44:49.887044613,QUERY_ORDER_STREAM,57
2019-06-28 14:44:49.887044613,QUERY_SPREAD,57
2019-06-28 14:44:50.000000000,QUERY_SPREAD,1
2019-06-28 14:44:50.000000000,BEST_BID,"JPM,99849,270"
2019-06-28 14:44:50.000000000,BEST_ASK,"JPM,100121,100"
2019-06-28 14:44:50.000000000,BEST_BID,"JPM,99849,270"
2019-06-28 14:44:50.000000000,BEST_ASK,"JPM,100121,100"
2019-06-28 14:44:50.000000000,BEST_BID,"JPM,99849,270"
2019-06-28 14:44:50.000000000,BEST_ASK,"JPM,100121,240"
2019-06-28 14:44:50.000000000,BEST_BID,"JPM,99849,270"
2019-06-28 14:44:50.000000000,BEST_ASK,"JPM,100121,240"
2019-06-28 14:45:00.000000000,QUERY_SPREAD,1
2019-06-28 14:45:00.000000000,BEST_BID,"JPM,99849,270"
2019-06-28 14:45:00.000000000,BEST_ASK,"JPM,100121,100"
2019-06-28 14:45:00.000000000,BEST_BID,"JPM,99849,270"
2019-06-28 14:45:00.000000000,BEST_ASK,"JPM,100121,100"
2019-06-28 14:45:00.000000000,BEST_BID,"JPM,99849,270"
2019-06-28 14:45:00.000000000,BEST_ASK,"JPM,100121,240"
2019-06-28 14:45:00.000000000,BEST_BID,"JPM,99849,270"
2019-06-28 14:45:00.000000000,BEST_ASK,"JPM,100121,240"
2019-06-28 14:45:00.000000000,QUERY_SPREAD,77
2019-06-28 14:45:00.000000000,BEST_BID,"JPM,99849,269"
2019-06-28 14:45:00.000000000,BEST_ASK,"JPM,100121,240"
2019-06-28 14:45:00.000000000,LAST_TRADE,"1,$99849.0000"
2019-06-28 14:45:00.000000000,QUERY_SPREAD,78
2019-06-28 14:45:00.000000000,BEST_BID,"JPM,99849,265"
2019-06-28 14:45:00.000000000,BEST_ASK,"JPM,100121,240"
2019-06-28 14:45:00.000000000,LAST_TRADE,"4,$99849.0000"
2019-06-28 14:45:00.000000000,QUERY_SPREAD,79
2019-06-28 14:45:00.000000000,BEST_BID,"JPM,99849,259"
2019-06-28 14:45:00.000000000,BEST_ASK,"JPM,100121,240"
2019-06-28 14:45:00.000000000,LAST_TRADE,"6,$99849.0000"
2019-06-28 14:45:00.000000000,QUERY_SPREAD,80
2019-06-28 14:45:00.000000000,BEST_BID,"JPM,99849,254"
2019-06-28 14:45:00.000000000,BEST_ASK,"JPM,100121,240"
2019-06-28 14:45:00.000000000,LAST_TRADE,"5,$99849.0000"
2019-06-28 14:45:00.000000000,QUERY_SPREAD,81
2019-06-28 14:45:00.000000000,BEST_BID,"JPM,99849,246"
2019-06-28 14:45:00.000000000,BEST_ASK,"JPM,100121,240"
2019-06-28 14:45:00.000000000,LAST_TRADE,"8,$99849.0000"
2019-06-28 14:45:00.000000000,QUERY_SPREAD,82
2019-06-28 14:45:00.000000000,BEST_BID,"JPM,99849,238"
2019-06-28 14:45:00.000000000,BEST_ASK,"JPM,100121,240"
2019-06-28 14:45:00.000000000,LAST_TRADE,"8,$99849.0000"
2019-06-28 14:45:00.000000000,QUERY_SPREAD,83
2019-06-28 14:45:00.000000000,BEST_BID,"JPM,99849,236"
2019-06-28 14:45:00.000000000,BEST_ASK,"JPM,100121,240"
2019-06-28 14:45:00.000000000,LAST_TRADE,"2,$99849.0000"
2019-06-28 14:45:00.000000000,QUERY_SPREAD,84
2019-06-28 14:45:00.000000000,BEST_BID,"JPM,99849,235"
2019-06-28 14:45:00.000000000,BEST_ASK,"JPM,100121,240"
2019-06-28 14:45:00.000000000,LAST_TRADE,"1,$99849.0000"
2019-06-28 14:45:00.000000000,QUERY_SPREAD,85
2019-06-28 14:45:00.000000000,BEST_BID,"JPM,99849,234"
2019-06-28 14:45:00.000000000,BEST_ASK,"JPM,100121,240"
2019-06-28 14:45:00.000000000,LAST_TRADE,"1,$99849.0000"
2019-06-28 14:45:00.000000000,QUERY_SPREAD,86
2019-06-28 14:45:00.000000000,BEST_BID,"JPM,99849,228"
2019-06-28 14:45:00.000000000,BEST_ASK,"JPM,100121,240"
2019-06-28 14:45:00.000000000,LAST_TRADE,"6,$99849.0000"
2019-06-28 14:45:00.000000000,QUERY_SPREAD,87
2019-06-28 14:45:00.000000000,BEST_BID,"JPM,99849,225"
2019-06-28 14:45:00.000000000,BEST_ASK,"JPM,100121,240"
2019-06-28 14:45:00.000000000,LAST_TRADE,"3,$99849.0000"
2019-06-28 14:45:00.000000000,QUERY_SPREAD,88
2019-06-28 14:45:00.000000000,BEST_BID,"JPM,99849,221"
2019-06-28 14:45:00.000000000,BEST_ASK,"JPM,100121,240"
2019-06-28 14:45:00.000000000,LAST_TRADE,"4,$99849.0000"
2019-06-28 14:45:00.000000000,QUERY_SPREAD,89
2019-06-28 14:45:00.000000000,BEST_BID,"JPM,99849,217"
2019-06-28 14:45:00.000000000,BEST_ASK,"JPM,100121,240"
2019-06-28 14:45:00.000000000,LAST_TRADE,"4,$99849.0000"
2019-06-28 14:45:00.000000000,QUERY_SPREAD,90
2019-06-28 14:45:00.000000000,BEST_BID,"JPM,99849,210"
2019-06-28 14:45:00.000000000,BEST_ASK,"JPM,100121,240"
2019-06-28 14:45:00.000000000,LAST_TRADE,"7,$99849.0000"
2019-06-28 14:45:00.000000000,QUERY_SPREAD,91
2019-06-28 14:45:00.000000000,BEST_BID,"JPM,99849,202"
2019-06-28 14:45:00.000000000,BEST_ASK,"JPM,100121,240"
2019-06-28 14:45:00.000000000,LAST_TRADE,"8,$99849.0000"
2019-06-28 14:45:00.000000000,QUERY_SPREAD,92
2019-06-28 14:45:00.000000000,BEST_BID,"JPM,99849,197"
2019-06-28 14:45:00.000000000,BEST_ASK,"JPM,100121,240"
2019-06-28 14:45:00.000000000,LAST_TRADE,"5,$99849.0000"
2019-06-28 14:45:00.000000000,QUERY_SPREAD,93
2019-06-28 14:45:00.000000000,BEST_BID,"JPM,99849,194"
2019-06-28 14:45:00.000000000,BEST_ASK,"JPM,100121,240"
2019-06-28 14:45:00.000000000,LAST_TRADE,"3,$99849.0000"
2019-06-28 14:45:00.000000000,QUERY_SPREAD,94
2019-06-28 14:45:00.000000000,BEST_BID,"JPM,99849,190"
2019-06-28 14:45:00.000000000,BEST_ASK,"JPM,100121,240"
2019-06-28 14:45:00.000000000,LAST_TRADE,"4,$99849.0000"
2019-06-28 14:45:00.000000000,QUERY_SPREAD,95
2019-06-28 14:45:00.000000000,BEST_BID,"JPM,99849,185"
2019-06-28 14:45:00.000000000,BEST_ASK,"JPM,100121,240"
2019-06-28 14:45:00.000000000,LAST_TRADE,"5,$99849.0000"
2019-06-28 14:45:00.000000000,QUERY_SPREAD,96
2019-06-28 14:45:00.000000000,BEST_BID,"JPM,99849,184"
2019-06-28 14:45:00.000000000,BEST_ASK,"JPM,100121,240"
2019-06-28 14:45:00.000000000,LAST_TRADE,"1,$99849.0000"
2019-06-28 14:45:00.000000000,QUERY_SPREAD,97
2019-06-28 14:45:00.000000000,BEST_BID,"JPM,99849,177"
2019-06-28 14:45:00.000000000,BEST_ASK,"JPM,100121,240"
2019-06-28 14:45:00.000000000,LAST_TRADE,"7,$99849.0000"
2019-06-28 14:45:00.000000000,QUERY_SPREAD,98
2019-06-28 14:45:00.000000000,BEST_BID,"JPM,99849,171"
2019-06-28 14:45:00.000000000,BEST_ASK,"JPM,100121,240"
2019-06-28 14:45:00.000000000,LAST_TRADE,"6,$99849.0000"
2019-06-28 14:45:00.000000000,QUERY_SPREAD,99
2019-06-28 14:45:00.000000000,BEST_BID,"JPM,99849,166"
2019-06-28 14:45:00.000000000,BEST_ASK,"JPM,100121,240"
2019-06-28 14:45:00.000000000,LAST_TRADE,"5,$99849.0000"
2019-06-28 14:45:00.000000000,QUERY_SPREAD,100
2019-06-28 14:45:00.000000000,BEST_BID,"JPM,99849,159"
2019-06-28 14:45:00.000000000,BEST_ASK,"JPM,100121,240"
2019-06-28 14:45:00.000000000,LAST_TRADE,"7,$99849.0000"
2019-06-28 14:45:00.000000000,QUERY_SPREAD,101
2019-06-28 14:45:00.000000000,QUERY_ORDER_STREAM,101
2019-06-28 14:45:01.343761210,QUERY_SPREAD,25
2019-06-28 14:45:01.343761210,BEST_BID,"JPM,99849,159"
2019-06-28 14:45:01.343761210,BEST_ASK,"JPM,99973,100"
2019-06-28 14:45:01.593619102,QUERY_SPREAD,28
2019-06-28 14:45:01.593619102,BEST_BID,"JPM,99896,100"
2019-06-28 14:45:01.593619102,BEST_ASK,"JPM,99973,100"
2019-06-28 14:45:01.851628275,QUERY_SPREAD,3
2019-06-28 14:45:01.851628275,BEST_BID,"JPM,99906,100"
2019-06-28 14:45:01.851628275,BEST_ASK,"JPM,99973,100"
2019-06-28 14:45:10.000000000,QUERY_SPREAD,1
2019-06-28 14:45:10.000000000,BEST_BID,"JPM,99906,380"
2019-06-28 14:45:10.000000000,BEST_ASK,"JPM,99973,100"
2019-06-28 14:45:10.000000000,BEST_BID,"JPM,99906,380"
2019-06-28 14:45:10.000000000,BEST_ASK,"JPM,99973,380"
2019-06-28 14:45:20.000000000,QUERY_SPREAD,1
2019-06-28 14:45:20.000000000,BEST_BID,"JPM,99906,156"
2019-06-28 14:45:20.000000000,BEST_ASK,"JPM,99973,100"
2019-06-28 14:45:20.000000000,BEST_BID,"JPM,99906,156"
2019-06-28 14:45:20.000000000,BEST_ASK,"JPM,99973,100"
2019-06-28 14:45:20.000000000,BEST_BID,"JPM,99906,156"
2019-06-28 14:45:20.000000000,BEST_ASK,"JPM,99973,100"
2019-06-28 14:45:20.000000000,BEST_BID,"JPM,99906,156"
2019-06-28 14:45:20.000000000,BEST_ASK,"JPM,99973,100"
2019-06-28 14:45:20.000000000,BEST_BID,"JPM,99906,156"
2019-06-28 14:45:20.000000000,BEST_ASK,"JPM,99973,100"
2019-06-28 14:45:20.000000000,BEST_BID,"JPM,99906,156"
2019-06-28 14:45:20.000000000,BEST_ASK,"JPM,99973,156"
2019-06-28 14:45:20.000000000,BEST_BID,"JPM,99906,156"
2019-06-28 14:45:20.000000000,BEST_ASK,"JPM,99973,156"
2019-06-28 14:45:20.000000000,BEST_BID,"JPM,99906,156"
2019-06-28 14:45:20.000000000,BEST_ASK,"JPM,99973,156"
2019-06-28 14:45:20.000000000,BEST_BID,"JPM,99906,156"
2019-06-28 14:45:20.000000000,BEST_ASK,"JPM,99973,156"
2019-06-28 14:45:20.000000000,BEST_BID,"JPM,99906,156"
2019-06-28 14:45:20.000000000,BEST_ASK,"JPM,99973,156"
2019-06-28 14:45:22.744009774,QUERY_SPREAD,32
2019-06-28 14:45:22.744009774,BEST_BID,"JPM,99906,156"
2019-06-28 14:45:22.744009774,BEST_ASK,"JPM,99973,156"
2019-06-28 14:45:30.000000000,QUERY_SPREAD,1
2019-06-28 14:45:30.000000000,BEST_BID,"JPM,99906,170"
2019-06-28 14:45:30.000000000,BEST_ASK,"JPM,99973,100"
2019-06-28 14:45:30.000000000,BEST_BID,"JPM,99906,170"
2019-06-28 14:45:30.000000000,BEST_ASK,"JPM,99973,100"
2019-06-28 14:45:30.000000000,BEST_BID,"JPM,99906,170"
2019-06-28 14:45:30.000000000,BEST_ASK,"JPM,99973,100"
2019-06-28 14:45:30.000000000,BEST_BID,"JPM,99906,170"
2019-06-28 14:45:30.000000000,BEST_ASK,"JPM,99973,100"
2019-06-28 14:45:30.000000000,BEST_BID,"JPM,99906,170"
2019-06-28 14:45:30.000000000,BEST_ASK,"JPM,99973,170"
2019-06-28 14:45:30.000000000,BEST_BID,"JPM,99906,170"
2019-06-28 14:45:30.000000000,BEST_ASK,"JPM,99973,170"
2019-06-28 14:45:30.000000000,BEST_BID,"JPM,99906,170"
2019-06-28 14:45:30.000000000,BEST_ASK,"JPM,99973,170"
2019-06-28 14:45:30.000000000,BEST_BID,"JPM,99906,170"
2019-06-28 14:45:30.000000000,BEST_ASK,"JPM,99973,170"
2019-06-28 14:45:40.000000000,QUERY_SPREAD,1
2019-06-28 14:45:40.000000000,BEST_BID,"JPM,99906,240"
2019-06-28 14:45:40.000000000,BEST_ASK,"JPM,99973,100"
2019-06-28 14:45:40.000000000,BEST_BID,"JPM,99906,240"
2019-06-28 14:45:40.000000000,BEST_ASK,"JPM,99973,100"
2019-06-28 14:45:40.000000000,BEST_BID,"JPM,99906,240"
2019-06-28 14:45:40.000000000,BEST_ASK,"JPM,99973,240"
2019-06-28 14:45:40.000000000,BEST_BID,"JPM,99906,240"
2019-06-28 14:45:40.000000000,BEST_ASK,"JPM,99973,240"
2019-06-28 14:45:50.000000000,QUERY_SPREAD,1
2019-06-28 14:45:50.000000000,BEST_BID,"JPM,99906,240"
2019-06-28 14:45:50.000000000,BEST_ASK,"JPM,99973,100"
2019-06-28 14:45:50.000000000,BEST_BID,"JPM,99906,240"
2019-06-28 14:45:50.000000000,BEST_ASK,"JPM,99973,100"
2019-06-28 14:45:50.000000000,BEST_BID,"JPM,99906,240"
2019-06-28 14:45:50.000000000,BEST_ASK,"JPM,99973,240"
2019-06-28 14:45:50.000000000,BEST_BID,"JPM,99906,240"
2019-06-28 14:45:50.000000000,BEST_ASK,"JPM,99973,240"
2019-06-28 14:45:50.235182403,QUERY_SPREAD,2
2019-06-28 14:45:50.235182403,BEST_BID,"JPM,99906,240"
2019-06-28 14:45:50.235182403,BEST_ASK,"JPM,99970,100"
2019-06-28 14:46:00.000000000,QUERY_SPREAD,1
2019-06-28 14:46:00.000000000,BEST_BID,"JPM,99906,195"
2019-06-28 14:46:00.000000000,BEST_ASK,"JPM,99970,100"
2019-06-28 14:46:00.000000000,BEST_BID,"JPM,99906,195"
2019-06-28 14:46:00.000000000,BEST_ASK,"JPM,99970,100"
2019-06-28 14:46:00.000000000,BEST_BID,"JPM,99906,195"
2019-06-28 14:46:00.000000000,BEST_ASK,"JPM,99970,100"
2019-06-28 14:46:00.000000000,BEST_BID,"JPM,99906,195"
2019-06-28 14:46:00.000000000,BEST_ASK,"JPM,99970,195"
2019-06-28 14:46:00.000000000,BEST_BID,"JPM,99906,195"
2019-06-28 14:46:00.000000000,BEST_ASK,"JPM,99970,195"
2019-06-28 14:46:00.000000000,BEST_BID,"JPM,99906,195"
2019-06-28 14:46:00.000000000,BEST_ASK,"JPM,99970,195"
2019-06-28 14:46:00.000000000,QUERY_SPREAD,77
2019-06-28 14:46:00.000000000,BEST_BID,"JPM,99906,194"
2019-06-28 14:46:00.000000000,BEST_ASK,"JPM,99970,195"
2019-06-28 14:46:00.000000000,LAST_TRADE,"1,$99906.0000"
2019-06-28 14:46:00.000000000,QUERY_SPREAD,78
2019-06-28 14:46:00.000000000,BEST_BID,"JPM,99906,190"
2019-06-28 14:46:00.000000000,BEST_ASK,"JPM,99970,195"
2019-06-28 14:46:00.000000000,LAST_TRADE,"4,$99906.0000"
2019-06-28 14:46:00.000000000,QUERY_SPREAD,79
2019-06-28 14:46:00.000000000,BEST_BID,"JPM,99906,184"
2019-06-28 14:46:00.000000000,BEST_ASK,"JPM,99970,195"
2019-06-28 14:46:00.000000000,LAST_TRADE,"6,$99906.0000"
2019-06-28 14:46:00.000000000,QUERY_SPREAD,80
2019-06-28 14:46:00.000000000,BEST_BID,"JPM,99906,179"
2019-06-28 14:46:00.000000000,BEST_ASK,"JPM,99970,195"
2019-06-28 14:46:00.000000000,LAST_TRADE,"5,$99906.0000"
2019-06-28 14:46:00.000000000,QUERY_SPREAD,81
2019-06-28 14:46:00.000000000,BEST_BID,"JPM,99906,171"
2019-06-28 14:46:00.000000000,BEST_ASK,"JPM,99970,195"
2019-06-28 14:46:00.000000000,LAST_TRADE,"8,$99906.0000"
2019-06-28 14:46:00.000000000,QUERY_SPREAD,82
2019-06-28 14:46:00.000000000,BEST_BID,"JPM,99906,163"
2019-06-28 14:46:00.000000000,BEST_ASK,"JPM,99970,195"
2019-06-28 14:46:00.000000000,LAST_TRADE,"8,$99906.0000"
2019-06-28 14:46:00.000000000,QUERY_SPREAD,83
2019-06-28 14:46:00.000000000,BEST_BID,"JPM,99906,161"
2019-06-28 14:46:00.000000000,BEST_ASK,"JPM,99970,195"
2019-06-28 14:46:00.000000000,LAST_TRADE,"2,$99906.0000"
2019-06-28 14:46:00.000000000,QUERY_SPREAD,84
2019-06-28 14:46:00.000000000,BEST_BID,"JPM,99906,160"
2019-06-28 14:46:00.000000000,BEST_ASK,"JPM,99970,195"
2019-06-28 14:46:00.000000000,LAST_TRADE,"1,$99906.0000"
2019-06-28 14:46:00.000000000,QUERY_SPREAD,85
2019-06-28 14:46:00.000000000,BEST_BID,"JPM,99906,159"
2019-06-28 14:46:00.000000000,BEST_ASK,"JPM,99970,195"
2019-06-28 14:46:00.000000000,LAST_TRADE,"1,$99906.0000"
2019-06-28 14:46:00.000000000,QUERY_SPREAD,86
2019-06-28 14:46:00.000000000,BEST_BID,"JPM,99906,153"
2019-06-28 14:46:00.000000000,BEST_ASK,"JPM,99970,195"
2019-06-28 14:46:00.000000000,LAST_TRADE,"6,$99906.0000"
2019-06-28 14:46:00.000000000,QUERY_SPREAD,87
2019-06-28 14:46:00.000000000,BEST_BID,"JPM,99906,150"
2019-06-28 14:46:00.000000000,BEST_ASK,"JPM,99970,195"
2019-06-28 14:46:00.000000000,LAST_TRADE,"3,$99906.0000"
2019-06-28 14:46:00.000000000,QUERY_SPREAD,88
2019-06-28 14:46:00.000000000,BEST_BID,"JPM,99906,146"
2019-06-28 14:46:00.000000000,BEST_ASK,"JPM,99970,195"
2019-06-28 14:46:00.000000000,LAST_TRADE,"4,$99906.0000"
2019-06-28 14:46:00.000000000,QUERY_SPREAD,89
2019-06-28 14:46:00.000000000,BEST_BID,"JPM,99906,142"
2019-06-28 14:46:00.000000000,BEST_ASK,"JPM,99970,195"
2019-06-28 14:46:00.000000000,LAST_TRADE,"4,$99906.0000"
2019-06-28 14:46:00.000000000,QUERY_SPREAD,90
2019-06-28 14:46:00.000000000,BEST_BID,"JPM,99906,135"
2019-06-28 14:46:00.000000000,BEST_ASK,"JPM,99970,195"
2019-06-28 14:46:00.000000000,LAST_TRADE,"7,$99906.0000"
2019-06-28 14:46:00.000000000,QUERY_SPREAD,91
2019-06-28 14:46:00.000000000,BEST_BID,"JPM,99906,127"
2019-06-28 14:46:00.000000000,BEST_ASK,"JPM,99970,195"
2019-06-28 14:46:00.000000000,LAST_TRADE,"8,$99906.0000"
2019-06-28 14:46:00.000000000,QUERY_SPREAD,92
2019-06-28 14:46:00.000000000,BEST_BID,"JPM,99906,122"
2019-06-28 14:46:00.000000000,BEST_ASK,"JPM,99970,195"
2019-06-28 14:46:00.000000000,LAST_TRADE,"5,$99906.0000"
2019-06-28 14:46:00.000000000,QUERY_SPREAD,93
2019-06-28 14:46:00.000000000,BEST_BID,"JPM,99906,119"
2019-06-28 14:46:00.000000000,BEST_ASK,"JPM,99970,195"
2019-06-28 14:46:00.000000000,LAST_TRADE,"3,$99906.0000"
2019-06-28 14:46:00.000000000,QUERY_SPREAD,94
2019-06-28 14:46:00.000000000,BEST_BID,"JPM,99906,115"
2019-06-28 14:46:00.000000000,BEST_ASK,"JPM,99970,195"
2019-06-28 14:46:00.000000000,LAST_TRADE,"4,$99906.0000"
2019-06-28 14:46:00.000000000,QUERY_SPREAD,95
2019-06-28 14:46:00.000000000,BEST_BID,"JPM,99906,110"
2019-06-28 14:46:00.000000000,BEST_ASK,"JPM,99970,195"
2019-06-28 14:46:00.000000000,LAST_TRADE,"5,$99906.0000"
2019-06-28 14:46:00.000000000,QUERY_SPREAD,96
2019-06-28 14:46:00.000000000,BEST_BID,"JPM,99906,109"
2019-06-28 14:46:00.000000000,BEST_ASK,"JPM,99970,195"
2019-06-28 14:46:00.000000000,LAST_TRADE,"1,$99906.0000"
2019-06-28 14:46:00.000000000,QUERY_SPREAD,97
2019-06-28 14:46:00.000000000,BEST_BID,"JPM,99906,102"
2019-06-28 14:46:00.000000000,BEST_ASK,"JPM,99970,195"
2019-06-28 14:46:00.000000000,LAST_TRADE,"7,$99906.0000"
2019-06-28 14:46:00.000000000,QUERY_SPREAD,98
2019-06-28 14:46:00.000000000,BEST_BID,"JPM,99906,96"
2019-06-28 14:46:00.000000000,BEST_ASK,"JPM,99970,195"
2019-06-28 14:46:00.000000000,LAST_TRADE,"6,$99906.0000"
2019-06-28 14:46:00.000000000,QUERY_SPREAD,99
2019-06-28 14:46:00.000000000,BEST_BID,"JPM,99906,91"
2019-06-28 14:46:00.000000000,BEST_ASK,"JPM,99970,195"
2019-06-28 14:46:00.000000000,LAST_TRADE,"5,$99906.0000"
2019-06-28 14:46:00.000000000,QUERY_SPREAD,100
2019-06-28 14:46:00.000000000,BEST_BID,"JPM,99906,84"
2019-06-28 14:46:00.000000000,BEST_ASK,"JPM,99970,195"
2019-06-28 14:46:00.000000000,LAST_TRADE,"7,$99906.0000"
2019-06-28 14:46:00.000000000,QUERY_SPREAD,101
2019-06-28 14:46:00.000000000,QUERY_ORDER_STREAM,101
2019-06-28 14:46:04.992260677,QUERY_SPREAD,34
2019-06-28 14:46:04.992260677,BEST_BID,"JPM,99906,84"
2019-06-28 14:46:04.992260677,BEST_ASK,"JPM,99970,195"
2019-06-28 14:46:10.000000000,QUERY_SPREAD,1
2019-06-28 14:46:10.000000000,BEST_BID,"JPM,99896,195"
2019-06-28 14:46:10.000000000,BEST_ASK,"JPM,99970,100"
2019-06-28 14:46:10.000000000,BEST_BID,"JPM,99896,195"
2019-06-28 14:46:10.000000000,BEST_ASK,"JPM,99970,100"
2019-06-28 14:46:10.000000000,BEST_BID,"JPM,99896,195"
2019-06-28 14:46:10.000000000,BEST_ASK,"JPM,99970,100"
2019-06-28 14:46:10.000000000,BEST_BID,"JPM,99896,195"
2019-06-28 14:46:10.000000000,BEST_ASK,"JPM,99970,195"
2019-06-28 14:46:10.000000000,BEST_BID,"JPM,99896,195"
2019-06-28 14:46:10.000000000,BEST_ASK,"JPM,99970,195"
2019-06-28 14:46:10.000000000,BEST_BID,"JPM,99896,195"
2019-06-28 14:46:10.000000000,BEST_ASK,"JPM,99970,195"
2019-06-28 14:46:13.573888032,QUERY_SPREAD,3
2019-06-28 14:46:13.573888032,BEST_BID,"JPM,99896,295"
2019-06-28 14:46:13.573888032,BEST_ASK,"JPM,99970,195"
2019-06-28 14:46:20.000000000,QUERY_SPREAD,1
2019-06-28 14:46:20.000000000,BEST_BID,"JPM,99896,295"
2019-06-28 14:46:20.000000000,BEST_ASK,"JPM,99970,100"
2019-06-28 14:46:20.000000000,BEST_BID,"JPM,99896,295"
2019-06-28 14:46:20.000000000,BEST_ASK,"JPM,99970,100"
2019-06-28 14:46:20.000000000,BEST_BID,"JPM,99896,295"
2019-06-28 14:46:20.000000000,BEST_ASK,"JPM,99970,100"
2019-06-28 14:46:20.000000000,BEST_BID,"JPM,99896,295"
2019-06-28 14:46:20.000000000,BEST_ASK,"JPM,99970,195"
2019-06-28 14:46:20.000000000,BEST_BID,"JPM,99896,295"
2019-06-28 14:46:20.000000000,BEST_ASK,"JPM,99970,195"
2019-06-28 14:46:20.000000000,BEST_BID,"JPM,99896,295"
2019-06-28 14:46:20.000000000,BEST_ASK,"JPM,99970,195"
2019-06-28 14:46:30.000000000,QUERY_SPREAD,1
2019-06-28 14:46:30.000000000,BEST_BID,"JPM,99896,270"
2019-06-28 14:46:30.000000000,BEST_ASK,"JPM,99970,100"
2019-06-28 14:46:30.000000000,BEST_BID,"JPM,99896,270"
2019-06-28 14:46:30.000000000,BEST_ASK,"JPM,99970,100"
2019-06-28 14:46:30.000000000,BEST_BID,"JPM,99896,270"
2019-06-28 14:46:30.000000000,BEST_ASK,"JPM,99970,100"
2019-06-28 14:46:30.000000000,BEST_BID,"JPM,99896,270"
2019-06-28 14:46:30.000000000,BEST_ASK,"JPM,99970,100"
2019-06-28 14:46:30.000000000,BEST_BID,"JPM,99896,270"
2019-06-28 14:46:30.000000000,BEST_ASK,"JPM,99970,170"
2019-06-28 14:46:30.000000000,BEST_BID,"JPM,99896,270"
2019-06-28 14:46:30.000000000,BEST_ASK,"JPM,99970,170"
2019-06-28 14:46:30.000000000,BEST_BID,"JPM,99896,270"
2019-06-28 14:46:30.000000000,BEST_ASK,"JPM,99970,170"
2019-06-28 14:46:30.000000000,BEST_BID,"JPM,99896,270"
2019-06-28 14:46:30.000000000,BEST_ASK,"JPM,99970,170"
2019-06-28 14:46:40.000000000,QUERY_SPREAD,1
2019-06-28 14:46:40.000000000,BEST_BID,"JPM,99896,270"
2019-06-28 14:46:40.000000000,BEST_ASK,"JPM,99970,100"
2019-06-28 14:46:40.000000000,BEST_BID,"JPM,99896,270"
2019-06-28 14:46:40.000000000,BEST_ASK,"JPM,99970,100"
2019-06-28 14:46:40.000000000,BEST_BID,"JPM,99896,270"
2019-06-28 14:46:40.000000000,BEST_ASK,"JPM,99970,100"
2019-06-28 14:46:40.000000000,BEST_BID,"JPM,99896,270"
2019-06-28 14:46:40.000000000,BEST_ASK,"JPM,99970,100"
2019-06-28 14:46:40.000000000,BEST_BID,"JPM,99896,270"
2019-06-28 14:46:40.000000000,BEST_ASK,"JPM,99970,170"
2019-06-28 14:46:40.000000000,BEST_BID,"JPM,99896,270"
2019-06-28 14:46:40.000000000,BEST_ASK,"JPM,99970,170"
2019-06-28 14:46:40.000000000,BEST_BID,"JPM,99896,270"
2019-06-28 14:46:40.000000000,BEST_ASK,"JPM,99970,170"
2019-06-28 14:46:40.000000000,BEST_BID,"JPM,99896,270"
2019-06-28 14:46:40.000000000,BEST_ASK,"JPM,99970,170"
2019-06-28 14:46:41.325172651,QUERY_ORDER_STREAM,54
2019-06-28 14:46:41.325172651,QUERY_SPREAD,54
2019-06-28 14:46:43.536979476,QUERY_SPREAD,18
2019-06-28 14:46:43.536979476,BEST_BID,"JPM,99896,270"
2019-06-28 14:46:43.536979476,BEST_ASK,"JPM,99970,170"
2019-06-28 14:46:50.000000000,QUERY_SPREAD,1
2019-06-28 14:46:50.000000000,BEST_BID,"JPM,99896,295"
2019-06-28 14:46:50.000000000,BEST_ASK,"JPM,99970,100"
2019-06-28 14:46:50.000000000,BEST_BID,"JPM,99896,295"
2019-06-28 14:46:50.000000000,BEST_ASK,"JPM,99970,100"
2019-06-28 14:46:50.000000000,BEST_BID,"JPM,99896,295"
2019-06-28 14:46:50.000000000,BEST_ASK,"JPM,99970,100"
2019-06-28 14:46:50.000000000,BEST_BID,"JPM,99896,295"
2019-06-28 14:46:50.000000000,BEST_ASK,"JPM,99970,195"
2019-06-28 14:46:50.000000000,BEST_BID,"JPM,99896,295"
2019-06-28 14:46:50.000000000,BEST_ASK,"JPM,99970,195"
2019-06-28 14:46:50.000000000,BEST_BID,"JPM,99896,295"
2019-06-28 14:46:50.000000000,BEST_ASK,"JPM,99970,195"
2019-06-28 14:46:53.953681219,QUERY_SPREAD,7
2019-06-28 14:46:53.953681219,BEST_BID,"JPM,99896,295"
2019-06-28 14:46:53.953681219,BEST_ASK,"JPM,99970,195"
2019-06-28 14:47:00.000000000,QUERY_SPREAD,1
2019-06-28 14:47:00.000000000,BEST_BID,"JPM,99896,270"
2019-06-28 14:47:00.000000000,BEST_ASK,"JPM,99970,100"
2019-06-28 14:47:00.000000000,BEST_BID,"JPM,99896,270"
2019-06-28 14:47:00.000000000,BEST_ASK,"JPM,99970,100"
2019-06-28 14:47:00.000000000,BEST_BID,"JPM,99896,270"
2019-06-28 14:47:00.000000000,BEST_ASK,"JPM,99970,100"
2019-06-28 14:47:00.000000000,BEST_BID,"JPM,99896,270"
2019-06-28 14:47:00.000000000,BEST_ASK,"JPM,99970,100"
2019-06-28 14:47:00.000000000,BEST_BID,"JPM,99896,270"
2019-06-28 14:47:00.000000000,BEST_ASK,"JPM,99970,170"
2019-06-28 14:47:00.000000000,BEST_BID,"JPM,99896,270"
2019-06-28 14:47:00.000000000,BEST_ASK,"JPM,99970,170"
2019-06-28 14:47:00.000000000,BEST_BID,"JPM,99896,270"
2019-06-28 14:47:00.000000000,BEST_ASK,"JPM,99970,170"
2019-06-28 14:47:00.000000000,BEST_BID,"JPM,99896,270"
2019-06-28 14:47:00.000000000,BEST_ASK,"JPM,99970,170"
2019-06-28 14:47:00.000000000,QUERY_SPREAD,77
2019-06-28 14:47:00.000000000,BEST_BID,"JPM,99896,269"
2019-06-28 14:47:00.000000000,BEST_ASK,"JPM,99970,170"
2019-06-28 14:47:00.000000000,LAST_TRADE,"1,$99896.0000"
2019-06-28 14:47:00.000000000,QUERY_SPREAD,78
2019-06-28 14:47:00.000000000,BEST_BID,"JPM,99896,265"
2019-06-28 14:47:00.000000000,BEST_ASK,"JPM,99970,170"
2019-06-28 14:47:00.000000000,LAST_TRADE,"4,$99896.0000"
2019-06-28 14:47:00.000000000,QUERY_SPREAD,79
2019-06-28 14:47:00.000000000,BEST_BID,"JPM,99896,259"
2019-06-28 14:47:00.000000000,BEST_ASK,"JPM,99970,170"
2019-06-28 14:47:00.000000000,LAST_TRADE,"6,$99896.0000"
2019-06-28 14:47:00.000000000,QUERY_SPREAD,80
2019-06-28 14:47:00.000000000,BEST_BID,"JPM,99896,254"
2019-06-28 14:47:00.000000000,BEST_ASK,"JPM,99970,170"
2019-06-28 14:47:00.000000000,LAST_TRADE,"5,$99896.0000"
2019-06-28 14:47:00.000000000,QUERY_SPREAD,81
2019-06-28 14:47:00.000000000,BEST_BID,"JPM,99896,246"
2019-06-28 14:47:00.000000000,BEST_ASK,"JPM,99970,170"
2019-06-28 14:47:00.000000000,LAST_TRADE,"8,$99896.0000"
2019-06-28 14:47:00.000000000,QUERY_SPREAD,82
2019-06-28 14:47:00.000000000,BEST_BID,"JPM,99896,238"
2019-06-28 14:47:00.000000000,BEST_ASK,"JPM,99970,170"
2019-06-28 14:47:00.000000000,LAST_TRADE,"8,$99896.0000"
2019-06-28 14:47:00.000000000,QUERY_SPREAD,83
2019-06-28 14:47:00.000000000,BEST_BID,"JPM,99896,236"
2019-06-28 14:47:00.000000000,BEST_ASK,"JPM,99970,170"
2019-06-28 14:47:00.000000000,LAST_TRADE,"2,$99896.0000"
2019-06-28 14:47:00.000000000,QUERY_SPREAD,84
2019-06-28 14:47:00.000000000,BEST_BID,"JPM,99896,235"
2019-06-28 14:47:00.000000000,BEST_ASK,"JPM,99970,170"
2019-06-28 14:47:00.000000000,LAST_TRADE,"1,$99896.0000"
2019-06-28 14:47:00.000000000,QUERY_SPREAD,85
2019-06-28 14:47:00.000000000,BEST_BID,"JPM,99896,234"
2019-06-28 14:47:00.000000000,BEST_ASK,"JPM,99970,170"
2019-06-28 14:47:00.000000000,LAST_TRADE,"1,$99896.0000"
2019-06-28 14:47:00.000000000,QUERY_SPREAD,86
2019-06-28 14:47:00.000000000,BEST_BID,"JPM,99896,228"
2019-06-28 14:47:00.000000000,BEST_ASK,"JPM,99970,170"
2019-06-28 14:47:00.000000000,LAST_TRADE,"6,$99896.0000"
2019-06-28 14:47:00.000000000,QUERY_SPREAD,87
2019-06-28 14:47:00.000000000,BEST_BID,"JPM,99896,225"
2019-06-28 14:47:00.000000000,BEST_ASK,"JPM,99970,170"
2019-06-28 14:47:00.000000000,LAST_TRADE,"3,$99896.0000"
2019-06-28 14:47:00.000000000,QUERY_SPREAD,88
2019-06-28 14:47:00.000000000,BEST_BID,"JPM,99896,221"
2019-06-28 14:47:00.000000000,BEST_ASK,"JPM,99970,170"
2019-06-28 14:47:00.000000000,LAST_TRADE,"4,$99896.0000"
2019-06-28 14:47:00.000000000,QUERY_SPREAD,89
2019-06-28 14:47:00.000000000,BEST_BID,"JPM,99896,217"
2019-06-28 14:47:00.000000000,BEST_ASK,"JPM,99970,170"
2019-06-28 14:47:00.000000000,LAST_TRADE,"4,$99896.0000"
2019-06-28 14:47:00.000000000,QUERY_SPREAD,90
2019-06-28 14:47:00.000000000,BEST_BID,"JPM,99896,210"
2019-06-28 14:47:00.000000000,BEST_ASK,"JPM,99970,170"
2019-06-28 14:47:00.000000000,LAST_TRADE,"7,$99896.0000"
2019-06-28 14:47:00.000000000,QUERY_SPREAD,91
2019-06-28 14:47:00.000000000,BEST_BID,"JPM,99896,202"
2019-06-28 14:47:00.000000000,BEST_ASK,"JPM,99970,170"
2019-06-28 14:47:00.000000000,LAST_TRADE,"8,$99896.0000"
2019-06-28 14:47:00.000000000,QUERY_SPREAD,92
2019-06-28 14:47:00.000000000,BEST_BID,"JPM,99896,197"
2019-06-28 14:47:00.000000000,BEST_ASK,"JPM,99970,170"
2019-06-28 14:47:00.000000000,LAST_TRADE,"5,$99896.0000"
2019-06-28 14:47:00.000000000,QUERY_SPREAD,93
2019-06-28 14:47:00.000000000,BEST_BID,"JPM,99896,194"
2019-06-28 14:47:00.000000000,BEST_ASK,"JPM,99970,170"
2019-06-28 14:47:00.000000000,LAST_TRADE,"3,$99896.0000"
2019-06-28 14:47:00.000000000,QUERY_SPREAD,94
2019-06-28 14:47:00.000000000,BEST_BID,"JPM,99896,190"
2019-06-28 14:47:00.000000000,BEST_ASK,"JPM,99970,170"
2019-06-28 14:47:00.000000000,LAST_TRADE,"4,$99896.0000"
2019-06-28 14:47:00.000000000,QUERY_SPREAD,95
2019-06-28 14:47:00.000000000,BEST_BID,"JPM,99896,185"
2019-06-28 14:47:00.000000000,BEST_ASK,"JPM,99970,170"
2019-06-28 14:47:00.000000000,LAST_TRADE,"5,$99896.0000"
2019-06-28 14:47:00.000000000,QUERY_SPREAD,96
2019-06-28 14:47:00.000000000,BEST_BID,"JPM,99896,184"
2019-06-28 14:47:00.000000000,BEST_ASK,"JPM,99970,170"
2019-06-28 14:47:00.000000000,LAST_TRADE,"1,$99896.0000"
2019-06-28 14:47:00.000000000,QUERY_SPREAD,97
2019-06-28 14:47:00.000000000,BEST_BID,"JPM,99896,177"
2019-06-28 14:47:00.000000000,BEST_ASK,"JPM,99970,170"
2019-06-28 14:47:00.000000000,LAST_TRADE,"7,$99896.0000"
2019-06-28 14:47:00.000000000,QUERY_SPREAD,98
2019-06-28 14:47:00.000000000,BEST_BID,"JPM,99896,171"
2019-06-28 14:47:00.000000000,BEST_ASK,"JPM,99970,170"
2019-06-28 14:47:00.000000000,LAST_TRADE,"6,$99896.0000"
2019-06-28 14:47:00.000000000,QUERY_SPREAD,99
2019-06-28 14:47:00.000000000,BEST_BID,"JPM,99896,166"
2019-06-28 14:47:00.000000000,BEST_ASK,"JPM,99970,170"
2019-06-28 14:47:00.000000000,LAST_TRADE,"5,$99896.0000"
2019-06-28 14:47:00.000000000,QUERY_SPREAD,100
2019-06-28 14:47:00.000000000,BEST_BID,"JPM,99896,159"
2019-06-28 14:47:00.000000000,BEST_ASK,"JPM,99970,170"
2019-06-28 14:47:00.000000000,LAST_TRADE,"7,$99896.0000"
2019-06-28 14:47:00.000000000,QUERY_SPREAD,101
2019-06-28 14:47:00.000000000,QUERY_ORDER_STREAM,101
2019-06-28 14:47:07.971876619,QUERY_SPREAD,28
2019-06-28 14:47:07.971876619,BEST_BID,"JPM,99896,159"
2019-06-28 14:47:07.971876619,BEST_ASK,"JPM,99970,170"
2019-06-28 14:47:10.000000000,QUERY_SPREAD,1
2019-06-28 14:47:10.000000000,BEST_BID,"JPM,99896,369"
2019-06-28 14:47:10.000000000,BEST_ASK,"JPM,99970,100"
2019-06-28 14:47:10.000000000,BEST_BID,"JPM,99896,369"
2019-06-28 14:47:10.000000000,BEST_ASK,"JPM,99970,380"
2019-06-28 14:47:19.959799808,QUERY_SPREAD,47
2019-06-28 14:47:19.959799808,BEST_BID,"JPM,99896,369"
2019-06-28 14:47:19.959799808,BEST_ASK,"JPM,99970,380"
2019-06-28 14:47:20.000000000,QUERY_SPREAD,1
2019-06-28 14:47:20.000000000,BEST_BID,"JPM,99896,369"
2019-06-28 14:47:20.000000000,BEST_ASK,"JPM,99970,100"
2019-06-28 14:47:20.000000000,BEST_BID,"JPM,99896,369"
2019-06-28 14:47:20.000000000,BEST_ASK,"JPM,99970,380"
2019-06-28 14:47:30.000000000,QUERY_SPREAD,1
2019-06-28 14:47:30.000000000,BEST_BID,"JPM,99896,229"
2019-06-28 14:47:30.000000000,BEST_ASK,"JPM,99970,100"
2019-06-28 14:47:30.000000000,BEST_BID,"JPM,99896,229"
2019-06-28 14:47:30.000000000,BEST_ASK,"JPM,99970,100"
2019-06-28 14:47:30.000000000,BEST_BID,"JPM,99896,229"
2019-06-28 14:47:30.000000000,BEST_ASK,"JPM,99970,240"
2019-06-28 14:47:30.000000000,BEST_BID,"JPM,99896,229"
2019-06-28 14:47:30.000000000,BEST_ASK,"JPM,99970,240"
2019-06-28 14:47:40.000000000,QUERY_SPREAD,1
2019-06-28 14:47:40.000000000,BEST_BID,"JPM,99896,159"
2019-06-28 14:47:40.000000000,BEST_ASK,"JPM,99970,100"
2019-06-28 14:47:40.000000000,BEST_BID,"JPM,99896,159"
2019-06-28 14:47:40.000000000,BEST_ASK,"JPM,99970,100"
2019-06-28 14:47:40.000000000,BEST_BID,"JPM,99896,159"
2019-06-28 14:47:40.000000000,BEST_ASK,"JPM,99970,100"
2019-06-28 14:47:40.000000000,BEST_BID,"JPM,99896,159"
2019-06-28 14:47:40.000000000,BEST_ASK,"JPM,99970,100"
2019-06-28 14:47:40.000000000,BEST_BID,"JPM,99896,159"
2019-06-28 14:47:40.000000000,BEST_ASK,"JPM,99970,170"
2019-06-28 14:47:40.000000000,BEST_BID,"JPM,99896,159"
2019-06-28 14:47:40.000000000,BEST_ASK,"JPM,99970,170"
2019-06-28 14:47:40.000000000,BEST_BID,"JPM,99896,159"
2019-06-28 14:47:40.000000000,BEST_ASK,"JPM,99970,170"
2019-06-28 14:47:40.000000000,BEST_BID,"JPM,99896,159"
2019-06-28 14:47:40.000000000,BEST_ASK,"JPM,99970,170"
2019-06-28 14:47:50.000000000,QUERY_SPREAD,1
2019-06-28 14:47:50.000000000,BEST_BID,"JPM,99896,369"
2019-06-28 14:47:50.000000000,BEST_ASK,"JPM,99970,100"
2019-06-28 14:47:50.000000000,BEST_BID,"JPM,99896,369"
2019-06-28 14:47:50.000000000,BEST_ASK,"JPM,99970,380"
2019-06-28 14:47:54.350779354,QUERY_ORDER_STREAM,71
2019-06-28 14:47:54.350779354,QUERY_SPREAD,71
2019-06-28 14:47:54.350779354,BEST_BID,"JPM,99896,269"
2019-06-28 14:47:54.350779354,BEST_ASK,"JPM,99970,380"
2019-06-28 14:47:54.350779354,LAST_TRADE,"100,$99896.0000"
2019-06-28 14:48:00.000000000,QUERY_SPREAD,1
2019-06-28 14:48:00.000000000,BEST_BID,"JPM,99849,175"
2019-06-28 14:48:00.000000000,BEST_ASK,"JPM,99970,100"
2019-06-28 14:48:00.000000000,BEST_BID,"JPM,99849,175"
2019-06-28 14:48:00.000000000,BEST_ASK,"JPM,99970,100"
2019-06-28 14:48:00.000000000,BEST_BID,"JPM,99849,175"
2019-06-28 14:48:00.000000000,BEST_ASK,"JPM,99970,100"
2019-06-28 14:48:00.000000000,BEST_BID,"JPM,99849,175"
2019-06-28 14:48:00.000000000,BEST_ASK,"JPM,99970,100"
2019-06-28 14:48:00.000000000,BEST_BID,"JPM,99849,175"
2019-06-28 14:48:00.000000000,BEST_ASK,"JPM,99970,100"
2019-06-28 14:48:00.000000000,BEST_BID,"JPM,99849,175"
2019-06-28 14:48:00.000000000,BEST_ASK,"JPM,99970,156"
2019-06-28 14:48:00.000000000,BEST_BID,"JPM,99849,175"
2019-06-28 14:48:00.000000000,BEST_ASK,"JPM,99970,156"
2019-06-28 14:48:00.000000000,BEST_BID,"JPM,99849,175"
2019-06-28 14:48:00.000000000,BEST_ASK,"JPM,99970,156"
2019-06-28 14:48:00.000000000,BEST_BID,"JPM,99849,175"
2019-06-28 14:48:00.000000000,BEST_ASK,"JPM,99970,156"
2019-06-28 14:48:00.000000000,BEST_BID,"JPM,99849,175"
2019-06-28 14:48:00.000000000,BEST_ASK,"JPM,99970,156"
2019-06-28 14:48:00.000000000,QUERY_SPREAD,77
2019-06-28 14:48:00.000000000,BEST_BID,"JPM,99849,174"
2019-06-28 14:48:00.000000000,BEST_ASK,"JPM,99970,156"
2019-06-28 14:48:00.000000000,LAST_TRADE,"1,$99849.0000"
2019-06-28 14:48:00.000000000,QUERY_SPREAD,78
2019-06-28 14:48:00.000000000,BEST_BID,"JPM,99849,170"
2019-06-28 14:48:00.000000000,BEST_ASK,"JPM,99970,156"
2019-06-28 14:48:00.000000000,LAST_TRADE,"4,$99849.0000"
2019-06-28 14:48:00.000000000,QUERY_SPREAD,79
2019-06-28 14:48:00.000000000,BEST_BID,"JPM,99849,164"
2019-06-28 14:48:00.000000000,BEST_ASK,"JPM,99970,156"
2019-06-28 14:48:00.000000000,LAST_TRADE,"6,$99849.0000"
2019-06-28 14:48:00.000000000,QUERY_SPREAD,80
2019-06-28 14:48:00.000000000,BEST_BID,"JPM,99849,159"
2019-06-28 14:48:00.000000000,BEST_ASK,"JPM,99970,156"
2019-06-28 14:48:00.000000000,LAST_TRADE,"5,$99849.0000"
2019-06-28 14:48:00.000000000,QUERY_SPREAD,81
2019-06-28 14:48:00.000000000,BEST_BID,"JPM,99849,151"
2019-06-28 14:48:00.000000000,BEST_ASK,"JPM,99970,156"
2019-06-28 14:48:00.000000000,LAST_TRADE,"8,$99849.0000"
2019-06-28 14:48:00.000000000,QUERY_SPREAD,82
2019-06-28 14:48:00.000000000,BEST_BID,"JPM,99849,143"
2019-06-28 14:48:00.000000000,BEST_ASK,"JPM,99970,156"
2019-06-28 14:48:00.000000000,LAST_TRADE,"8,$99849.0000"
2019-06-28 14:48:00.000000000,QUERY_SPREAD,83
2019-06-28 14:48:00.000000000,BEST_BID,"JPM,99849,141"
2019-06-28 14:48:00.000000000,BEST_ASK,"JPM,99970,156"
2019-06-28 14:48:00.000000000,LAST_TRADE,"2,$99849.0000"
2019-06-28 14:48:00.000000000,QUERY_SPREAD,84
2019-06-28 14:48:00.000000000,BEST_BID,"JPM,99849,140"
2019-06-28 14:48:00.000000000,BEST_ASK,"JPM,99970,156"
2019-06-28 14:48:00.000000000,LAST_TRADE,"1,$99849.0000"
2019-06-28 14:48:00.000000000,QUERY_SPREAD,85
2019-06-28 14:48:00.000000000,BEST_BID,"JPM,99849,139"
2019-06-28 14:48:00.000000000,BEST_ASK,"JPM,99970,156"
2019-06-28 14:48:00.000000000,LAST_TRADE,"1,$99849.0000"
2019-06-28 14:48:00.000000000,QUERY_SPREAD,86
2019-06-28 14:48:00.000000000,BEST_BID,"JPM,99849,133"
2019-06-28 14:48:00.000000000,BEST_ASK,"JPM,99970,156"
2019-06-28 14:48:00.000000000,LAST_TRADE,"6,$99849.0000"
2019-06-28 14:48:00.000000000,QUERY_SPREAD,87
2019-06-28 14:48:00.000000000,BEST_BID,"JPM,99849,130"
2019-06-28 14:48:00.000000000,BEST_ASK,"JPM,99970,156"
2019-06-28 14:48:00.000000000,LAST_TRADE,"3,$99849.0000"
2019-06-28 14:48:00.000000000,QUERY_SPREAD,88
2019-06-28 14:48:00.000000000,BEST_BID,"JPM,99849,126"
2019-06-28 14:48:00.000000000,BEST_ASK,"JPM,99970,156"
2019-06-28 14:48:00.000000000,LAST_TRADE,"4,$99849.0000"
2019-06-28 14:48:00.000000000,QUERY_SPREAD,89
2019-06-28 14:48:00.000000000,BEST_BID,"JPM,99849,122"
2019-06-28 14:48:00.000000000,BEST_ASK,"JPM,99970,156"
2019-06-28 14:48:00.000000000,LAST_TRADE,"4,$99849.0000"
2019-06-28 14:48:00.000000000,QUERY_SPREAD,90
2019-06-28 14:48:00.000000000,BEST_BID,"JPM,99849,115"
2019-06-28 14:48:00.000000000,BEST_ASK,"JPM,99970,156"
2019-06-28 14:48:00.000000000,LAST_TRADE,"7,$99849.0000"
2019-06-28 14:48:00.000000000,QUERY_SPREAD,91
2019-06-28 14:48:00.000000000,BEST_BID,"JPM,99849,107"
2019-06-28 14:48:00.000000000,BEST_ASK,"JPM,99970,156"
2019-06-28 14:48:00.000000000,LAST_TRADE,"8,$99849.0000"
2019-06-28 14:48:00.000000000,QUERY_SPREAD,92
2019-06-28 14:48:00.000000000,BEST_BID,"JPM,99849,102"
2019-06-28 14:48:00.000000000,BEST_ASK,"JPM,99970,156"
2019-06-28 14:48:00.000000000,LAST_TRADE,"5,$99849.0000"
2019-06-28 14:48:00.000000000,QUERY_SPREAD,93
2019-06-28 14:48:00.000000000,BEST_BID,"JPM,99849,99"
2019-06-28 14:48:00.000000000,BEST_ASK,"JPM,99970,156"
2019-06-28 14:48:00.000000000,LAST_TRADE,"3,$99849.0000"
2019-06-28 14:48:00.000000000,QUERY_SPREAD,94
2019-06-28 14:48:00.000000000,BEST_BID,"JPM,99849,95"
2019-06-28 14:48:00.000000000,BEST_ASK,"JPM,99970,156"
2019-06-28 14:48:00.000000000,LAST_TRADE,"4,$99849.0000"
2019-06-28 14:48:00.000000000,QUERY_SPREAD,95
2019-06-28 14:48:00.000000000,BEST_BID,"JPM,99849,90"
2019-06-28 14:48:00.000000000,BEST_ASK,"JPM,99970,156"
2019-06-28 14:48:00.000000000,LAST_TRADE,"5,$99849.0000"
2019-06-28 14:48:00.000000000,QUERY_SPREAD,96
2019-06-28 14:48:00.000000000,BEST_BID,"JPM,99849,89"
2019-06-28 14:48:00.000000000,BEST_ASK,"JPM,99970,156"
2019-06-28 14:48:00.000000000,LAST_TRADE,"1,$99849.0000"
2019-06-28 14:48:00.000000000,QUERY_SPREAD,97
2019-06-28 14:48:00.000000000,BEST_BID,"JPM,99849,82"
2019-06-28 14:48:00.000000000,BEST_ASK,"JPM,99970,156"
2019-06-28 14:48:00.000000000,LAST_TRADE,"7,$99849.0000"
2019-06-28 14:48:00.000000000,QUERY_SPREAD,98
2019-06-28 14:48:00.000000000,BEST_BID,"JPM,99849,76"
2019-06-28 14:48:00.000000000,BEST_ASK,"JPM,99970,156"
2019-06-28 14:48:00.000000000,LAST_TRADE,"6,$99849.0000"
2019-06-28 14:48:00.000000000,QUERY_SPREAD,99
2019-06-28 14:48:00.000000000,BEST_BID,"JPM,99849,71"
2019-06-28 14:48:00.000000000,BEST_ASK,"JPM,99970,156"
2019-06-28 14:48:00.000000000,LAST_TRADE,"5,$99849.0000"
2019-06-28 14:48:00.000000000,QUERY_SPREAD,100
2019-06-28 14:48:00.000000000,BEST_BID,"JPM,99849,64"
2019-06-28 14:48:00.000000000,BEST_ASK,"JPM,99970,156"
2019-06-28 14:48:00.000000000,LAST_TRADE,"7,$99849.0000"
2019-06-28 14:48:00.000000000,QUERY_SPREAD,101
2019-06-28 14:48:00.000000000,QUERY_ORDER_STREAM,101
2019-06-28 14:48:08.918709065,QUERY_SPREAD,2
2019-06-28 14:48:08.918709065,BEST_BID,"JPM,99794,156"
2019-06-28 14:48:08.918709065,BEST_ASK,"JPM,99849,36"
2019-06-28 14:48:08.918709065,LAST_TRADE,"64,$99849.0000"
2019-06-28 14:48:10.000000000,QUERY_SPREAD,1
2019-06-28 14:48:10.000000000,BEST_BID,"JPM,99794,170"
2019-06-28 14:48:10.000000000,BEST_ASK,"JPM,99849,36"
2019-06-28 14:48:10.000000000,BEST_BID,"JPM,99794,170"
2019-06-28 14:48:10.000000000,BEST_ASK,"JPM,99849,36"
2019-06-28 14:48:10.000000000,BEST_BID,"JPM,99794,170"
2019-06-28 14:48:10.000000000,BEST_ASK,"JPM,99849,36"
2019-06-28 14:48:10.000000000,BEST_BID,"JPM,99794,170"
2019-06-28 14:48:10.000000000,BEST_ASK,"JPM,99849,36"
2019-06-28 14:48:10.000000000,BEST_BID,"JPM,99794,170"
2019-06-28 14:48:10.000000000,BEST_ASK,"JPM,99849,106"
2019-06-28 14:48:10.000000000,BEST_BID,"JPM,99794,170"
2019-06-28 14:48:10.000000000,BEST_ASK,"JPM,99849,106"
2019-06-28 14:48:10.000000000,BEST_BID,"JPM,99794,170"
2019-06-28 14:48:10.000000000,BEST_ASK,"JPM,99849,106"
2019-06-28 14:48:10.000000000,BEST_BID,"JPM,99794,170"
2019-06-28 14:48:10.000000000,BEST_ASK,"JPM,99849,106"
2019-06-28 14:48:20.000000000,QUERY_SPREAD,1
2019-06-28 14:48:20.000000000,BEST_BID,"JPM,99794,380"
2019-06-28 14:48:20.000000000,BEST_ASK,"JPM,99849,36"
2019-06-28 14:48:20.000000000,BEST_BID,"JPM,99794,380"
2019-06-28 14:48:20.000000000,BEST_ASK,"JPM,99849,316"
2019-06-28 14:48:24.757176819,QUERY_SPREAD,6
2019-06-28 14:48:24.757176819,BEST_BID,"JPM,99794,380"
2019-06-28 14:48:24.757176819,BEST_ASK,"JPM,99849,316"
2019-06-28 14:48:30.000000000,QUERY_SPREAD,1
2019-06-28 14:48:30.000000000,BEST_BID,"JPM,99794,195"
2019-06-28 14:48:30.000000000,BEST_ASK,"JPM,99849,36"
2019-06-28 14:48:30.000000000,BEST_BID,"JPM,99794,195"
2019-06-28 14:48:30.000000000,BEST_ASK,"JPM,99849,36"
2019-06-28 14:48:30.000000000,BEST_BID,"JPM,99794,195"
2019-06-28 14:48:30.000000000,BEST_ASK,"JPM,99849,36"
2019-06-28 14:48:30.000000000,BEST_BID,"JPM,99794,195"
2019-06-28 14:48:30.000000000,BEST_ASK,"JPM,99849,131"
2019-06-28 14:48:30.000000000,BEST_BID,"JPM,99794,195"
2019-06-28 14:48:30.000000000,BEST_ASK,"JPM,99849,131"
2019-06-28 14:48:30.000000000,BEST_BID,"JPM,99794,195"
2019-06-28 14:48:30.000000000,BEST_ASK,"JPM,99849,131"
2019-06-28 14:48:40.000000000,QUERY_SPREAD,1
2019-06-28 14:48:40.000000000,BEST_BID,"JPM,99794,380"
2019-06-28 14:48:40.000000000,BEST_ASK,"JPM,99849,36"
2019-06-28 14:48:40.000000000,BEST_BID,"JPM,99794,380"
2019-06-28 14:48:40.000000000,BEST_ASK,"JPM,99849,316"
2019-06-28 14:48:41.377448548,QUERY_SPREAD,13
2019-06-28 14:48:41.377448548,BEST_BID,"JPM,99794,380"
2019-06-28 14:48:41.377448548,BEST_ASK,"JPM,99849,316"
2019-06-28 14:48:41.721782203,QUERY_SPREAD,50
2019-06-28 14:48:41.721782203,BEST_BID,"JPM,99794,380"
2019-06-28 14:48:41.721782203,BEST_ASK,"JPM,99849,216"
2019-06-28 14:48:41.721782203,LAST_TRADE,"100,$99849.0000"
2019-06-28 14:48:42.182403917,QUERY_SPREAD,33
2019-06-28 14:48:42.182403917,BEST_BID,"JPM,99794,380"
2019-06-28 14:48:42.182403917,BEST_ASK,"JPM,99849,116"
2019-06-28 14:48:42.182403917,LAST_TRADE,"100,$99849.0000"
2019-06-28 14:48:50.000000000,QUERY_SPREAD,1
2019-06-28 14:48:50.000000000,BEST_BID,"JPM,99794,156"
2019-06-28 14:48:50.000000000,BEST_ASK,"JPM,99973,100"
2019-06-28 14:48:50.000000000,BEST_BID,"JPM,99794,156"
2019-06-28 14:48:50.000000000,BEST_ASK,"JPM,99973,100"
2019-06-28 14:48:50.000000000,BEST_BID,"JPM,99794,156"
2019-06-28 14:48:50.000000000,BEST_ASK,"JPM,99973,100"
2019-06-28 14:48:50.000000000,BEST_BID,"JPM,99794,156"
2019-06-28 14:48:50.000000000,BEST_ASK,"JPM,99973,100"
2019-06-28 14:48:50.000000000,BEST_BID,"JPM,99794,156"
2019-06-28 14:48:50.000000000,BEST_ASK,"JPM,99973,100"
2019-06-28 14:48:50.000000000,BEST_BID,"JPM,99794,156"
2019-06-28 14:48:50.000000000,BEST_ASK,"JPM,99973,156"
2019-06-28 14:48:50.000000000,BEST_BID,"JPM,99794,156"
2019-06-28 14:48:50.000000000,BEST_ASK,"JPM,99973,156"
2019-06-28 14:48:50.000000000,BEST_BID,"JPM,99794,156"
2019-06-28 14:48:50.000000000,BEST_ASK,"JPM,99973,156"
2019-06-28 14:48:50.000000000,BEST_BID,"JPM,99794,156"
2019-06-28 14:48:50.000000000,BEST_ASK,"JPM,99973,156"
2019-06-28 14:48:50.000000000,BEST_BID,"JPM,99794,156"
2019-06-28 14:48:50.000000000,BEST_ASK,"JPM,99973,156"
2019-06-28 14:48:53.317015066,QUERY_ORDER_STREAM,58
2019-06-28 14:48:53.317015066,QUERY_SPREAD,58
2019-06-28 14:48:53.317015066,BEST_BID,"JPM,99849,100"
2019-06-28 14:48:53.317015066,BEST_ASK,"JPM,99973,156"
2019-06-28 14:48:56.338975099,QUERY_SPREAD,25
2019-06-28 14:48:56.338975099,BEST_BID,"JPM,99849,100"
2019-06-28 14:48:56.338975099,BEST_ASK,"JPM,99870,100"
2019-06-28 14:48:57.638213808,QUERY_ORDER_STREAM,63
2019-06-28 14:48:57.638213808,QUERY_SPREAD,63
2019-06-28 14:49:00.000000000,QUERY_SPREAD,1
2019-06-28 14:49:00.000000000,BEST_BID,"JPM,99849,195"
2019-06-28 14:49:00.000000000,BEST_ASK,"JPM,99870,100"
2019-06-28 14:49:00.000000000,BEST_BID,"JPM,99849,195"
2019-06-28 14:49:00.000000000,BEST_ASK,"JPM,99870,100"
2019-06-28 14:49:00.000000000,BEST_BID,"JPM,99849,195"
2019-06-28 14:49:00.000000000,BEST_ASK,"JPM,99870,100"
2019-06-28 14:49:00.000000000,BEST_BID,"JPM,99849,195"
2019-06-28 14:49:00.000000000,BEST_ASK,"JPM,99870,195"
2019-06-28 14:49:00.000000000,BEST_BID,"JPM,99849,195"
2019-06-28 14:49:00.000000000,BEST_ASK,"JPM,99870,195"
2019-06-28 14:49:00.000000000,BEST_BID,"JPM,99849,195"
2019-06-28 14:49:00.000000000,BEST_ASK,"JPM,99870,195"
2019-06-28 14:49:00.000000000,QUERY_SPREAD,77
2019-06-28 14:49:00.000000000,BEST_BID,"JPM,99849,194"
2019-06-28 14:49:00.000000000,BEST_ASK,"JPM,99870,195"
2019-06-28 14:49:00.000000000,LAST_TRADE,"1,$99849.0000"
2019-06-28 14:49:00.000000000,QUERY_SPREAD,78
2019-06-28 14:49:00.000000000,BEST_BID,"JPM,99849,190"
2019-06-28 14:49:00.000000000,BEST_ASK,"JPM,99870,195"
2019-06-28 14:49:00.000000000,LAST_TRADE,"4,$99849.0000"
2019-06-28 14:49:00.000000000,QUERY_SPREAD,79
2019-06-28 14:49:00.000000000,BEST_BID,"JPM,99849,184"
2019-06-28 14:49:00.000000000,BEST_ASK,"JPM,99870,195"
2019-06-28 14:49:00.000000000,LAST_TRADE,"6,$99849.0000"
2019-06-28 14:49:00.000000000,QUERY_SPREAD,80
2019-06-28 14:49:00.000000000,BEST_BID,"JPM,99849,179"
2019-06-28 14:49:00.000000000,BEST_ASK,"JPM,99870,195"
2019-06-28 14:49:00.000000000,LAST_TRADE,"5,$99849.0000"
2019-06-28 14:49:00.000000000,QUERY_SPREAD,81
2019-06-28 14:49:00.000000000,BEST_BID,"JPM,99849,171"
2019-06-28 14:49:00.000000000,BEST_ASK,"JPM,99870,195"
2019-06-28 14:49:00.000000000,LAST_TRADE,"8,$99849.0000"
2019-06-28 14:49:00.000000000,QUERY_SPREAD,82
2019-06-28 14:49:00.000000000,BEST_BID,"JPM,99849,163"
2019-06-28 14:49:00.000000000,BEST_ASK,"JPM,99870,195"
2019-06-28 14:49:00.000000000,LAST_TRADE,"8,$99849.0000"
2019-06-28 14:49:00.000000000,QUERY_SPREAD,83
2019-06-28 14:49:00.000000000,BEST_BID,"JPM,99849,161"
2019-06-28 14:49:00.000000000,BEST_ASK,"JPM,99870,195"
2019-06-28 14:49:00.000000000,LAST_TRADE,"2,$99849.0000"
2019-06-28 14:49:00.000000000,QUERY_SPREAD,84
2019-06-28 14:49:00.000000000,BEST_BID,"JPM,99849,160"
2019-06-28 14:49:00.000000000,BEST_ASK,"JPM,99870,195"
2019-06-28 14:49:00.000000000,LAST_TRADE,"1,$99849.0000"
2019-06-28 14:49:00.000000000,QUERY_SPREAD,85
2019-06-28 14:49:00.000000000,BEST_BID,"JPM,99849,159"
2019-06-28 14:49:00.000000000,BEST_ASK,"JPM,99870,195"
2019-06-28 14:49:00.000000000,LAST_TRADE,"1,$99849.0000"
2019-06-28 14:49:00.000000000,QUERY_SPREAD,86
2019-06-28 14:49:00.000000000,BEST_BID,"JPM,99849,153"
2019-06-28 14:49:00.000000000,BEST_ASK,"JPM,99870,195"
2019-06-28 14:49:00.000000000,LAST_TRADE,"6,$99849.0000"
2019-06-28 14:49:00.000000000,QUERY_SPREAD,87
2019-06-28 14:49:00.000000000,BEST_BID,"JPM,99849,150"
2019-06-28 14:49:00.000000000,BEST_ASK,"JPM,99870,195"
2019-06-28 14:49:00.000000000,LAST_TRADE,"3,$99849.0000"
2019-06-28 14:49:00.000000000,QUERY_SPREAD,88
2019-06-28 14:49:00.000000000,BEST_BID,"JPM,99849,146"
2019-06-28 14:49:00.000000000,BEST_ASK,"JPM,99870,195"
2019-06-28 14:49:00.000000000,LAST_TRADE,"4,$99849.0000"
2019-06-28 14:49:00.000000000,QUERY_SPREAD,89
2019-06-28 14:49:00.000000000,BEST_BID,"JPM,99849,142"
2019-06-28 14:49:00.000000000,BEST_ASK,"JPM,99870,195"
2019-06-28 14:49:00.000000000,LAST_TRADE,"4,$99849.0000"
2019-06-28 14:49:00.000000000,QUERY_SPREAD,90
2019-06-28 14:49:00.000000000,BEST_BID,"JPM,99849,135"
2019-06-28 14:49:00.000000000,BEST_ASK,"JPM,99870,195"
2019-06-28 14:49:00.000000000,LAST_TRADE,"7,$99849.0000"
2019-06-28 14:49:00.000000000,QUERY_SPREAD,91
2019-06-28 14:49:00.000000000,BEST_BID,"JPM,99849,127"
2019-06-28 14:49:00.000000000,BEST_ASK,"JPM,99870,195"
2019-06-28 14:49:00.000000000,LAST_TRADE,"8,$99849.0000"
2019-06-28 14:49:00.000000000,QUERY_SPREAD,92
2019-06-28 14:49:00.000000000,BEST_BID,"JPM,99849,122"
2019-06-28 14:49:00.000000000,BEST_ASK,"JPM,99870,195"
2019-06-28 14:49:00.000000000,LAST_TRADE,"5,$99849.0000"
2019-06-28 14:49:00.000000000,QUERY_SPREAD,93
2019-06-28 14:49:00.000000000,BEST_BID,"JPM,99849,119"
2019-06-28 14:49:00.000000000,BEST_ASK,"JPM,99870,195"
2019-06-28 14:49:00.000000000,LAST_TRADE,"3,$99849.0000"
2019-06-28 14:49:00.000000000,QUERY_SPREAD,94
2019-06-28 14:49:00.000000000,BEST_BID,"JPM,99849,115"
2019-06-28 14:49:00.000000000,BEST_ASK,"JPM,99870,195"
2019-06-28 14:49:00.000000000,LAST_TRADE,"4,$99849.0000"
2019-06-28 14:49:00.000000000,QUERY_SPREAD,95
2019-06-28 14:49:00.000000000,BEST_BID,"JPM,99849,110"
2019-06-28 14:49:00.000000000,BEST_ASK,"JPM,99870,195"
2019-06-28 14:49:00.000000000,LAST_TRADE,"5,$99849.0000"
2019-06-28 14:49:00.000000000,QUERY_SPREAD,96
2019-06-28 14:49:00.000000000,BEST_BID,"JPM,99849,109"
2019-06-28 14:49:00.000000000,BEST_ASK,"JPM,99870,195"
2019-06-28 14:49:00.000000000,LAST_TRADE,"1,$99849.0000"
2019-06-28 14:49:00.000000000,QUERY_SPREAD,97
2019-06-28 14:49:00.000000000,BEST_BID,"JPM,99849,102"
2019-06-28 14:49:00.000000000,BEST_ASK,"JPM,99870,195"
2019-06-28 14:49:00.000000000,LAST_TRADE,"7,$99849.0000"
2019-06-28 14:49:00.000000000,QUERY_SPREAD,98
2019-06-28 14:49:00.000000000,BEST_BID,"JPM,99849,96"
2019-06-28 14:49:00.000000000,BEST_ASK,"JPM,99870,195"
2019-06-28 14:49:00.000000000,LAST_TRADE,"6,$99849.0000"
2019-06-28 14:49:00.000000000,QUERY_SPREAD,99
2019-06-28 14:49:00.000000000,BEST_BID,"JPM,99849,91"
2019-06-28 14:49:00.000000000,BEST_ASK,"JPM,99870,195"
2019-06-28 14:49:00.000000000,LAST_TRADE,"5,$99849.0000"
2019-06-28 14:49:00.000000000,QUERY_SPREAD,100
2019-06-28 14:49:00.000000000,BEST_BID,"JPM,99849,84"
2019-06-28 14:49:00.000000000,BEST_ASK,"JPM,99870,195"
2019-06-28 14:49:00.000000000,LAST_TRADE,"7,$99849.0000"
2019-06-28 14:49:00.000000000,QUERY_SPREAD,101
2019-06-28 14:49:00.000000000,QUERY_ORDER_STREAM,101
2019-06-28 14:49:09.334363738,QUERY_ORDER_STREAM,73
2019-06-28 14:49:09.334363738,QUERY_SPREAD,73
2019-06-28 14:49:09.334363738,BEST_BID,"JPM,99849,184"
2019-06-28 14:49:09.334363738,BEST_ASK,"JPM,99870,195"
2019-06-28 14:49:10.000000000,QUERY_SPREAD,1
2019-06-28 14:49:10.000000000,BEST_BID,"JPM,99849,380"
2019-06-28 14:49:10.000000000,BEST_ASK,"JPM,99870,100"
2019-06-28 14:49:10.000000000,BEST_BID,"JPM,99849,380"
2019-06-28 14:49:10.000000000,BEST_ASK,"JPM,99870,380"
2019-06-28 14:49:10.537193883,QUERY_SPREAD,49
2019-06-28 14:49:10.537193883,BEST_BID,"JPM,99849,380"
2019-06-28 14:49:10.537193883,BEST_ASK,"JPM,99870,380"
2019-06-28 14:49:18.594182192,QUERY_SPREAD,44
2019-06-28 14:49:18.594182192,BEST_BID,"JPM,99849,380"
2019-06-28 14:49:18.594182192,BEST_ASK,"JPM,99870,380"
2019-06-28 14:49:20.000000000,QUERY_SPREAD,1
2019-06-28 14:49:20.000000000,BEST_BID,"JPM,99849,195"
2019-06-28 14:49:20.000000000,BEST_ASK,"JPM,99870,100"
2019-06-28 14:49:20.000000000,BEST_BID,"JPM,99849,195"
2019-06-28 14:49:20.000000000,BEST_ASK,"JPM,99870,100"
2019-06-28 14:49:20.000000000,BEST_BID,"JPM,99849,195"
2019-06-28 14:49:20.000000000,BEST_ASK,"JPM,99870,100"
2019-06-28 14:49:20.000000000,BEST_BID,"JPM,99849,195"
2019-06-28 14:49:20.000000000,BEST_ASK,"JPM,99870,195"
2019-06-28 14:49:20.000000000,BEST_BID,"JPM,99849,195"
2019-06-28 14:49:20.000000000,BEST_ASK,"JPM,99870,195"
2019-06-28 14:49:20.000000000,BEST_BID,"JPM,99849,195"
2019-06-28 14:49:20.000000000,BEST_ASK,"JPM,99870,195"
2019-06-28 14:49:23.090956874,QUERY_SPREAD,15
2019-06-28 14:49:23.090956874,BEST_BID,"JPM,99849,195"
2019-06-28 14:49:23.090956874,BEST_ASK,"JPM,99870,95"
2019-06-28 14:49:23.090956874,LAST_TRADE,"100,$99870.0000"
2019-06-28 14:49:30.000000000,QUERY_SPREAD,1
2019-06-28 14:49:30.000000000,BEST_BID,"JPM,99849,380"
2019-06-28 14:49:30.000000000,BEST_ASK,"JPM,100021,100"
2019-06-28 14:49:30.000000000,BEST_BID,"JPM,99849,380"
2019-06-28 14:49:30.000000000,BEST_ASK,"JPM,100021,380"
2019-06-28 14:49:32.892883341,QUERY_SPREAD,4
2019-06-28 14:49:32.892883341,BEST_BID,"JPM,99849,380"
2019-06-28 14:49:32.892883341,BEST_ASK,"JPM,100021,380"
2019-06-28 14:49:40.000000000,QUERY_SPREAD,1
2019-06-28 14:49:40.000000000,BEST_BID,"JPM,99849,156"
2019-06-28 14:49:40.000000000,BEST_ASK,"JPM,100021,100"
2019-06-28 14:49:40.000000000,BEST_BID,"JPM,99849,156"
2019-06-28 14:49:40.000000000,BEST_ASK,"JPM,100021,100"
2019-06-28 14:49:40.000000000,BEST_BID,"JPM,99849,156"
2019-06-28 14:49:40.000000000,BEST_ASK,"JPM,100021,100"
2019-06-28 14:49:40.000000000,BEST_BID,"JPM,99849,156"
2019-06-28 14:49:40.000000000,BEST_ASK,"JPM,100021,100"
2019-06-28 14:49:40.000000000,BEST_BID,"JPM,99849,156"
2019-06-28 14:49:40.000000000,BEST_ASK,"JPM,100021,100"
2019-06-28 14:49:40.000000000,BEST_BID,"JPM,99849,156"
2019-06-28 14:49:40.000000000,BEST_ASK,"JPM,100021,156"
2019-06-28 14:49:40.000000000,BEST_BID,"JPM,99849,156"
2019-06-28 14:49:40.000000000,BEST_ASK,"JPM,100021,156"
2019-06-28 14:49:40.000000000,BEST_BID,"JPM,99849,156"
2019-06-28 14:49:40.000000000,BEST_ASK,"JPM,100021,156"
2019-06-28 14:49:40.000000000,BEST_BID,"JPM,99849,156"
2019-06-28 14:49:40.000000000,BEST_ASK,"JPM,100021,156"
2019-06-28 14:49:40.000000000,BEST_BID,"JPM,99849,156"
2019-06-28 14:49:40.000000000,BEST_ASK,"JPM,100021,156"
2019-06-28 14:49:50.000000000,QUERY_SPREAD,1
2019-06-28 14:49:50.000000000,BEST_BID,"JPM,99849,240"
2019-06-28 14:49:50.000000000,BEST_ASK,"JPM,100021,100"
2019-06-28 14:49:50.000000000,BEST_BID,"JPM,99849,240"
2019-06-28 14:49:50.000000000,BEST_ASK,"JPM,100021,100"
2019-06-28 14:49:50.000000000,BEST_BID,"JPM,99849,240"
2019-06-28 14:49:50.000000000,BEST_ASK,"JPM,100021,240"
2019-06-28 14:49:50.000000000,BEST_BID,"JPM,99849,240"
2019-06-28 14:49:50.000000000,BEST_ASK,"JPM,100021,240"
2019-06-28 14:49:56.450998042,QUERY_SPREAD,31
2019-06-28 14:49:56.450998042,BEST_BID,"JPM,99849,240"
2019-06-28 14:49:56.450998042,BEST_ASK,"JPM,100021,240"
2019-06-28 14:50:00.000000000,QUERY_SPREAD,1
2019-06-28 14:50:00.000000000,BEST_BID,"JPM,99849,380"
2019-06-28 14:50:00.000000000,BEST_ASK,"JPM,100021,100"
2019-06-28 14:50:00.000000000,BEST_BID,"JPM,99849,380"
2019-06-28 14:50:00.000000000,BEST_ASK,"JPM,100021,380"
2019-06-28 14:50:00.000000000,QUERY_SPREAD,77
2019-06-28 14:50:00.000000000,BEST_BID,"JPM,99849,380"
2019-06-28 14:50:00.000000000,BEST_ASK,"JPM,100021,379"
2019-06-28 14:50:00.000000000,LAST_TRADE,"1,$100021.0000"
2019-06-28 14:50:00.000000000,QUERY_SPREAD,78
2019-06-28 14:50:00.000000000,BEST_BID,"JPM,99849,380"
2019-06-28 14:50:00.000000000,BEST_ASK,"JPM,100021,375"
2019-06-28 14:50:00.000000000,LAST_TRADE,"4,$100021.0000"
2019-06-28 14:50:00.000000000,QUERY_SPREAD,79
2019-06-28 14:50:00.000000000,BEST_BID,"JPM,99849,380"
2019-06-28 14:50:00.000000000,BEST_ASK,"JPM,100021,369"
2019-06-28 14:50:00.000000000,LAST_TRADE,"6,$100021.0000"
2019-06-28 14:50:00.000000000,QUERY_SPREAD,80
2019-06-28 14:50:00.000000000,BEST_BID,"JPM,99849,380"
2019-06-28 14:50:00.000000000,BEST_ASK,"JPM,100021,364"
2019-06-28 14:50:00.000000000,LAST_TRADE,"5,$100021.0000"
2019-06-28 14:50:00.000000000,QUERY_SPREAD,81
2019-06-28 14:50:00.000000000,BEST_BID,"JPM,99849,380"
2019-06-28 14:50:00.000000000,BEST_ASK,"JPM,100021,356"
2019-06-28 14:50:00.000000000,LAST_TRADE,"8,$100021.0000"
2019-06-28 14:50:00.000000000,QUERY_SPREAD,82
2019-06-28 14:50:00.000000000,BEST_BID,"JPM,99849,380"
2019-06-28 14:50:00.000000000,BEST_ASK,"JPM,100021,348"
2019-06-28 14:50:00.000000000,LAST_TRADE,"8,$100021.0000"
2019-06-28 14:50:00.000000000,QUERY_SPREAD,83
2019-06-28 14:50:00.000000000,BEST_BID,"JPM,99849,380"
2019-06-28 14:50:00.000000000,BEST_ASK,"JPM,100021,346"
2019-06-28 14:50:00.000000000,LAST_TRADE,"2,$100021.0000"
2019-06-28 14:50:00.000000000,QUERY_SPREAD,84
2019-06-28 14:50:00.000000000,BEST_BID,"JPM,99849,380"
2019-06-28 14:50:00.000000000,BEST_ASK,"JPM,100021,345"
2019-06-28 14:50:00.000000000,LAST_TRADE,"1,$100021.0000"
2019-06-28 14:50:00.000000000,QUERY_SPREAD,85
2019-06-28 14:50:00.000000000,BEST_BID,"JPM,99849,380"
2019-06-28 14:50:00.000000000,BEST_ASK,"JPM,100021,344"
2019-06-28 14:50:00.000000000,LAST_TRADE,"1,$100021.0000"
2019-06-28 14:50:00.000000000,QUERY_SPREAD,86
2019-06-28 14:50:00.000000000,BEST_BID,"JPM,99849,380"
2019-06-28 14:50:00.000000000,BEST_ASK,"JPM,100021,338"
2019-06-28 14:50:00.000000000,LAST_TRADE,"6,$100021.0000"
2019-06-28 14:50:00.000000000,QUERY_SPREAD,87
2019-06-28 14:50:00.000000000,BEST_BID,"JPM,99849,380"
2019-06-28 14:50:00.000000000,BEST_ASK,"JPM,100021,335"
2019-06-28 14:50:00.000000000,LAST_TRADE,"3,$100021.0000"
2019-06-28 14:50:00.000000000,QUERY_SPREAD,88
2019-06-28 14:50:00.000000000,BEST_BID,"JPM,99849,380"
2019-06-28 14:50:00.000000000,BEST_ASK,"JPM,100021,331"
2019-06-28 14:50:00.000000000,LAST_TRADE,"4,$100021.0000"
2019-06-28 14:50:00.000000000,QUERY_SPREAD,89
2019-06-28 14:50:00.000000000,BEST_BID,"JPM,99849,380"
2019-06-28 14:50:00.000000000,BEST_ASK,"JPM,100021,327"
2019-06-28 14:50:00.000000000,LAST_TRADE,"4,$100021.0000"
2019-06-28 14:50:00.000000000,QUERY_SPREAD,90
2019-06-28 14:50:00.000000000,BEST_BID,"JPM,99849,380"
2019-06-28 14:50:00.000000000,BEST_ASK,"JPM,100021,320"
2019-06-28 14:50:00.000000000,LAST_TRADE,"7,$100021.0000"
2019-06-28 14:50:00.000000000,QUERY_SPREAD,91
2019-06-28 14:50:00.000000000,BEST_BID,"JPM,99849,380"
2019-06-28 14:50:00.000000000,BEST_ASK,"JPM,100021,312"
2019-06-28 14:50:00.000000000,LAST_TRADE,"8,$100021.0000"
2019-06-28 14:50:00.000000000,QUERY_SPREAD,92
2019-06-28 14:50:00.000000000,BEST_BID,"JPM,99849,380"
2019-06-28 14:50:00.000000000,BEST_ASK,"JPM,100021,307"
2019-06-28 14:50:00.000000000,LAST_TRADE,"5,$100021.0000"
2019-06-28 14:50:00.000000000,QUERY_SPREAD,93
2019-06-28 14:50:00.000000000,BEST_BID,"JPM,99849,380"
2019-06-28 14:50:00.000000000,BEST_ASK,"JPM,100021,304"
2019-06-28 14:50:00.000000000,LAST_TRADE,"3,$100021.0000"
2019-06-28 14:50:00.000000000,QUERY_SPREAD,94
2019-06-28 14:50:00.000000000,BEST_BID,"JPM,99849,380"
2019-06-28 14:50:00.000000000,BEST_ASK,"JPM,100021,300"
2019-06-28 14:50:00.000000000,LAST_TRADE,"4,$100021.0000"
2019-06-28 14:50:00.000000000,QUERY_SPREAD,95
2019-06-28 14:50:00.000000000,BEST_BID,"JPM,99849,380"
2019-06-28 14:50:00.000000000,BEST_ASK,"JPM,100021,295"
2019-06-28 14:50:00.000000000,LAST_TRADE,"5,$100021.0000"
2019-06-28 14:50:00.000000000,QUERY_SPREAD,96
2019-06-28 14:50:00.000000000,BEST_BID,"JPM,99849,380"
2019-06-28 14:50:00.000000000,BEST_ASK,"JPM,100021,294"
2019-06-28 14:50:00.000000000,LAST_TRADE,"1,$100021.0000"
2019-06-28 14:50:00.000000000,QUERY_SPREAD,97
2019-06-28 14:50:00.000000000,BEST_BID,"JPM,99849,380"
2019-06-28 14:50:00.000000000,BEST_ASK,"JPM,100021,287"
2019-06-28 14:50:00.000000000,LAST_TRADE,"7,$100021.0000"
2019-06-28 14:50:00.000000000,QUERY_SPREAD,98
2019-06-28 14:50:00.000000000,BEST_BID,"JPM,99849,380"
2019-06-28 14:50:00.000000000,BEST_ASK,"JPM,100021,281"
2019-06-28 14:50:00.000000000,LAST_TRADE,"6,$100021.0000"
2019-06-28 14:50:00.000000000,QUERY_SPREAD,99
2019-06-28 14:50:00.000000000,BEST_BID,"JPM,99849,380"
2019-06-28 14:50:00.000000000,BEST_ASK,"JPM,100021,276"
2019-06-28 14:50:00.000000000,LAST_TRADE,"5,$100021.0000"
2019-06-28 14:50:00.000000000,QUERY_SPREAD,100
2019-06-28 14:50:00.000000000,BEST_BID,"JPM,99849,380"
2019-06-28 14:50:00.000000000,BEST_ASK,"JPM,100021,269"
2019-06-28 14:50:00.000000000,LAST_TRADE,"7,$100021.0000"
2019-06-28 14:50:00.000000000,QUERY_SPREAD,101
2019-06-28 14:50:00.000000000,QUERY_ORDER_STREAM,101
2019-06-28 14:50:10.000000000,QUERY_SPREAD,1
2019-06-28 14:50:10.000000000,BEST_BID,"JPM,99849,240"
2019-06-28 14:50:10.000000000,BEST_ASK,"JPM,100126,100"
2019-06-28 14:50:10.000000000,BEST_BID,"JPM,99849,240"
2019-06-28 14:50:10.000000000,BEST_ASK,"JPM,100126,100"
2019-06-28 14:50:10.000000000,BEST_BID,"JPM,99849,240"
2019-06-28 14:50:10.000000000,BEST_ASK,"JPM,100126,240"
2019-06-28 14:50:10.000000000,BEST_BID,"JPM,99849,240"
2019-06-28 14:50:10.000000000,BEST_ASK,"JPM,100126,240"
2019-06-28 14:50:20.000000000,QUERY_SPREAD,1
2019-06-28 14:50:20.000000000,BEST_BID,"JPM,99849,156"
2019-06-28 14:50:20.000000000,BEST_ASK,"JPM,100126,100"
2019-06-28 14:50:20.000000000,BEST_BID,"JPM,99849,156"
2019-06-28 14:50:20.000000000,BEST_ASK,"JPM,100126,100"
2019-06-28 14:50:20.000000000,BEST_BID,"JPM,99849,156"
2019-06-28 14:50:20.000000000,BEST_ASK,"JPM,100126,100"
2019-06-28 14:50:20.000000000,BEST_BID,"JPM,99849,156"
2019-06-28 14:50:20.000000000,BEST_ASK,"JPM,100126,100"
2019-06-28 14:50:20.000000000,BEST_BID,"JPM,99849,156"
2019-06-28 14:50:20.000000000,BEST_ASK,"JPM,100126,100"
2019-06-28 14:50:20.000000000,BEST_BID,"JPM,99849,156"
2019-06-28 14:50:20.000000000,BEST_ASK,"JPM,100126,156"
2019-06-28 14:50:20.000000000,BEST_BID,"JPM,99849,156"
2019-06-28 14:50:20.000000000,BEST_ASK,"JPM,100126,156"
2019-06-28 14:50:20.000000000,BEST_BID,"JPM,99849,156"
2019-06-28 14:50:20.000000000,BEST_ASK,"JPM,100126,156"
2019-06-28 14:50:20.000000000,BEST_BID,"JPM,99849,156"
2019-06-28 14:50:20.000000000,BEST_ASK,"JPM,100126,156"
2019-06-28 14:50:20.000000000,BEST_BID,"JPM,99849,156"
2019-06-28 14:50:20.000000000,BEST_ASK,"JPM,100126,156"
2019-06-28 14:50:21.597946953,QUERY_SPREAD,12
2019-06-28 14:50:21.597946953,BEST_BID,"JPM,99849,156"
2019-06-28 14:50:21.597946953,BEST_ASK,"JPM,100126,156"
2019-06-28 14:50:26.481200145,QUERY_SPREAD,25
2019-06-28 14:50:26.481200145,BEST_BID,"JPM,99849,156"
2019-06-28 14:50:26.481200145,BEST_ASK,"JPM,100012,100"
2019-06-28 14:50:30.000000000,QUERY_SPREAD,1
2019-06-28 14:50:30.000000000,BEST_BID,"JPM,99849,240"
2019-06-28 14:50:30.000000000,BEST_ASK,"JPM,100012,100"
2019-06-28 14:50:30.000000000,BEST_BID,"JPM,99849,240"
2019-06-28 14:50:30.000000000,BEST_ASK,"JPM,100012,100"
2019-06-28 14:50:30.000000000,BEST_BID,"JPM,99849,240"
2019-06-28 14:50:30.000000000,BEST_ASK,"JPM,100012,240"
2019-06-28 14:50:30.000000000,BEST_BID,"JPM,99849,240"
2019-06-28 14:50:30.000000000,BEST_ASK,"JPM,100012,240"
2019-06-28 14:50:40.000000000,QUERY_SPREAD,1
2019-06-28 14:50:40.000000000,BEST_BID,"JPM,99849,380"
2019-06-28 14:50:40.000000000,BEST_ASK,"JPM,100012,100"
2019-06-28 14:50:40.000000000,BEST_BID,"JPM,99849,380"
2019-06-28 14:50:40.000000000,BEST_ASK,"JPM,100012,380"
2019-06-28 14:50:43.228992411,QUERY_SPREAD,15
2019-06-28 14:50:43.228992411,BEST_BID,"JPM,99849,380"
2019-06-28 14:50:43.228992411,BEST_ASK,"JPM,100012,280"
2019-06-28 14:50:43.228992411,LAST_TRADE,"100,$100012.0000"
2019-06-28 14:50:50.000000000,QUERY_SPREAD,1
2019-06-28 14:50:50.000000000,BEST_BID,"JPM,99849,380"
2019-06-28 14:50:50.000000000,BEST_ASK,"JPM,100126,100"
2019-06-28 14:50:50.000000000,BEST_BID,"JPM,99849,380"
2019-06-28 14:50:50.000000000,BEST_ASK,"JPM,100126,380"
2019-06-28 14:51:00.000000000,QUERY_SPREAD,1
2019-06-28 14:51:00.000000000,BEST_BID,"JPM,99849,195"
2019-06-28 14:51:00.000000000,BEST_ASK,"JPM,100126,100"
2019-06-28 14:51:00.000000000,BEST_BID,"JPM,99849,195"
2019-06-28 14:51:00.000000000,BEST_ASK,"JPM,100126,100"
2019-06-28 14:51:00.000000000,BEST_BID,"JPM,99849,195"
2019-06-28 14:51:00.000000000,BEST_ASK,"JPM,100126,100"
2019-06-28 14:51:00.000000000,BEST_BID,"JPM,99849,195"
2019-06-28 14:51:00.000000000,BEST_ASK,"JPM,100126,195"
2019-06-28 14:51:00.000000000,BEST_BID,"JPM,99849,195"
2019-06-28 14:51:00.000000000,BEST_ASK,"JPM,100126,195"
2019-06-28 14:51:00.000000000,BEST_BID,"JPM,99849,195"
2019-06-28 14:51:00.000000000,BEST_ASK,"JPM,100126,195"
2019-06-28 14:51:00.000000000,QUERY_SPREAD,77
2019-06-28 14:51:00.000000000,BEST_BID,"JPM,99849,195"
2019-06-28 14:51:00.000000000,BEST_ASK,"JPM,100126,194"
2019-06-28 14:51:00.000000000,LAST_TRADE,"1,$100126.0000"
2019-06-28 14:51:00.000000000,QUERY_SPREAD,78
2019-06-28 14:51:00.000000000,BEST_BID,"JPM,99849,195"
2019-06-28 14:51:00.000000000,BEST_ASK,"JPM,100126,190"
2019-06-28 14:51:00.000000000,LAST_TRADE,"4,$100126.0000"
2019-06-28 14:51:00.000000000,QUERY_SPREAD,79
2019-06-28 14:51:00.000000000,BEST_BID,"JPM,99849,195"
2019-06-28 14:51:00.000000000,BEST_ASK,"JPM,100126,184"
2019-06-28 14:51:00.000000000,LAST_TRADE,"6,$100126.0000"
2019-06-28 14:51:00.000000000,QUERY_SPREAD,80
2019-06-28 14:51:00.000000000,BEST_BID,"JPM,99849,195"
2019-06-28 14:51:00.000000000,BEST_ASK,"JPM,100126,179"
2019-06-28 14:51:00.000000000,LAST_TRADE,"5,$100126.0000"
2019-06-28 14:51:00.000000000,QUERY_SPREAD,81
2019-06-28 14:51:00.000000000,BEST_BID,"JPM,99849,195"
2019-06-28 14:51:00.000000000,BEST_ASK,"JPM,100126,171"
2019-06-28 14:51:00.000000000,LAST_TRADE,"8,$100126.0000"
2019-06-28 14:51:00.000000000,QUERY_SPREAD,82
2019-06-28 14:51:00.000000000,BEST_BID,"JPM,99849,195"
2019-06-28 14:51:00.000000000,BEST_ASK,"JPM,100126,163"
2019-06-28 14:51:00.000000000,LAST_TRADE,"8,$100126.0000"
2019-06-28 14:51:00.000000000,QUERY_SPREAD,83
2019-06-28 14:51:00.000000000,BEST_BID,"JPM,99849,195"
2019-06-28 14:51:00.000000000,BEST_ASK,"JPM,100126,161"
2019-06-28 14:51:00.000000000,LAST_TRADE,"2,$100126.0000"
2019-06-28 14:51:00.000000000,QUERY_SPREAD,84
2019-06-28 14:51:00.000000000,BEST_BID,"JPM,99849,195"
2019-06-28 14:51:00.000000000,BEST_ASK,"JPM,100126,160"
2019-06-28 14:51:00.000000000,LAST_TRADE,"1,$100126.0000"
2019-06-28 14:51:00.000000000,QUERY_SPREAD,85
2019-06-28 14:51:00.000000000,BEST_BID,"JPM,99849,195"
2019-06-28 14:51:00.000000000,BEST_ASK,"JPM,100126,159"
2019-06-28 14:51:00.000000000,LAST_TRADE,"1,$100126.0000"
2019-06-28 14:51:00.000000000,QUERY_SPREAD,86
2019-06-28 14:51:00.000000000,BEST_BID,"JPM,99849,195"
2019-06-28 14:51:00.000000000,BEST_ASK,"JPM,100126,153"
2019-06-28 14:51:00.000000000,LAST_TRADE,"6,$100126.0000"
2019-06-28 14:51:00.000000000,QUERY_SPREAD,87
2019-06-28 14:51:00.000000000,BEST_BID,"JPM,99849,195"
2019-06-28 14:51:00.000000000,BEST_ASK,"JPM,100126,150"
2019-06-28 14:51:00.000000000,LAST_TRADE,"3,$100126.0000"
2019-06-28 14:51:00.000000000,QUERY_SPREAD,88
2019-06-28 14:51:00.000000000,BEST_BID,"JPM,99849,195"
2019-06-28 14:51:00.000000000,BEST_ASK,"JPM,100126,146"
2019-06-28 14:51:00.000000000,LAST_TRADE,"4,$100126.0000"
2019-06-28 14:51:00.000000000,QUERY_SPREAD,89
2019-06-28 14:51:00.000000000,BEST_BID,"JPM,99849,195"
2019-06-28 14:51:00.000000000,BEST_ASK,"JPM,100126,142"
2019-06-28 14:51:00.000000000,LAST_TRADE,"4,$100126.0000"
2019-06-28 14:51:00.000000000,QUERY_SPREAD,90
2019-06-28 14:51:00.000000000,BEST_BID,"JPM,99849,195"
2019-06-28 14:51:00.000000000,BEST_ASK,"JPM,100126,135"
2019-06-28 14:51:00.000000000,LAST_TRADE,"7,$100126.0000"
2019-06-28 14:51:00.000000000,QUERY_SPREAD,91
2019-06-28 14:51:00.000000000,BEST_BID,"JPM,99849,195"
2019-06-28 14:51:00.000000000,BEST_ASK,"JPM,100126,127"
2019-06-28 14:51:00.000000000,LAST_TRADE,"8,$100126.0000"
2019-06-28 14:51:00.000000000,QUERY_SPREAD,92
2019-06-28 14:51:00.000000000,BEST_BID,"JPM,99849,195"
2019-06-28 14:51:00.000000000,BEST_ASK,"JPM,100126,122"
2019-06-28 14:51:00.000000000,LAST_TRADE,"5,$100126.0000"
2019-06-28 14:51:00.000000000,QUERY_SPREAD,93
2019-06-28 14:51:00.000000000,BEST_BID,"JPM,99849,195"
2019-06-28 14:51:00.000000000,BEST_ASK,"JPM,100126,119"
2019-06-28 14:51:00.000000000,LAST_TRADE,"3,$100126.0000"
2019-06-28 14:51:00.000000000,QUERY_SPREAD,94
2019-06-28 14:51:00.000000000,BEST_BID,"JPM,99849,195"
2019-06-28 14:51:00.000000000,BEST_ASK,"JPM,100126,115"
2019-06-28 14:51:00.000000000,LAST_TRADE,"4,$100126.0000"
2019-06-28 14:51:00.000000000,QUERY_SPREAD,95
2019-06-28 14:51:00.000000000,BEST_BID,"JPM,99849,195"
2019-06-28 14:51:00.000000000,BEST_ASK,"JPM,100126,110"
2019-06-28 14:51:00.000000000,LAST_TRADE,"5,$100126.0000"
2019-06-28 14:51:00.000000000,QUERY_SPREAD,96
2019-06-28 14:51:00.000000000,BEST_BID,"JPM,99849,195"
2019-06-28 14:51:00.000000000,BEST_ASK,"JPM,100126,109"
2019-06-28 14:51:00.000000000,LAST_TRADE,"1,$100126.0000"
2019-06-28 14:51:00.000000000,QUERY_SPREAD,97
2019-06-28 14:51:00.000000000,BEST_BID,"JPM,99849,195"
2019-06-28 14:51:00.000000000,BEST_ASK,"JPM,100126,102"
2019-06-28 14:51:00.000000000,LAST_TRADE,"7,$100126.0000"
2019-06-28 14:51:00.000000000,QUERY_SPREAD,98
2019-06-28 14:51:00.000000000,BEST_BID,"JPM,99849,195"
2019-06-28 14:51:00.000000000,BEST_ASK,"JPM,100126,96"
2019-06-28 14:51:00.000000000,LAST_TRADE,"6,$100126.0000"
2019-06-28 14:51:00.000000000,QUERY_SPREAD,99
2019-06-28 14:51:00.000000000,BEST_BID,"JPM,99849,195"
2019-06-28 14:51:00.000000000,BEST_ASK,"JPM,100126,91"
2019-06-28 14:51:00.000000000,LAST_TRADE,"5,$100126.0000"
2019-06-28 14:51:00.000000000,QUERY_SPREAD,100
2019-06-28 14:51:00.000000000,BEST_BID,"JPM,99849,195"
2019-06-28 14:51:00.000000000,BEST_ASK,"JPM,100126,84"
2019-06-28 14:51:00.000000000,LAST_TRADE,"7,$100126.0000"
2019-06-28 14:51:00.000000000,QUERY_SPREAD,101
2019-06-28 14:51:00.000000000,QUERY_ORDER_STREAM,101
2019-06-28 14:51:10.000000000,QUERY_SPREAD,1
2019-06-28 14:51:10.000000000,BEST_BID,"JPM,99849,170"
2019-06-28 14:51:10.000000000,BEST_ASK,"JPM,100181,100"
2019-06-28 14:51:10.000000000,BEST_BID,"JPM,99849,170"
2019-06-28 14:51:10.000000000,BEST_ASK,"JPM,100181,100"
2019-06-28 14:51:10.000000000,BEST_BID,"JPM,99849,170"
2019-06-28 14:51:10.000000000,BEST_ASK,"JPM,100181,100"
2019-06-28 14:51:10.000000000,BEST_BID,"JPM,99849,170"
2019-06-28 14:51:10.000000000,BEST_ASK,"JPM,100181,100"
2019-06-28 14:51:10.000000000,BEST_BID,"JPM,99849,170"
2019-06-28 14:51:10.000000000,BEST_ASK,"JPM,100181,170"
2019-06-28 14:51:10.000000000,BEST_BID,"JPM,99849,170"
2019-06-28 14:51:10.000000000,BEST_ASK,"JPM,100181,170"
2019-06-28 14:51:10.000000000,BEST_BID,"JPM,99849,170"
2019-06-28 14:51:10.000000000,BEST_ASK,"JPM,100181,170"
2019-06-28 14:51:10.000000000,BEST_BID,"JPM,99849,170"
2019-06-28 14:51:10.000000000,BEST_ASK,"JPM,100181,170"
2019-06-28 14:51:14.169712176,QUERY_SPREAD,49
2019-06-28 14:51:14.169712176,BEST_BID,"JPM,99849,170"
2019-06-28 14:51:14.169712176,BEST_ASK,"JPM,100179,100"
2019-06-28 14:51:20.000000000,QUERY_SPREAD,1
2019-06-28 14:51:20.000000000,BEST_BID,"JPM,99849,380"
2019-06-28 14:51:20.000000000,BEST_ASK,"JPM,100179,100"
2019-06-28 14:51:20.000000000,BEST_BID,"JPM,99849,380"
2019-06-28 14:51:20.000000000,BEST_ASK,"JPM,100179,380"
2019-06-28 14:51:30.000000000,QUERY_SPREAD,1
2019-06-28 14:51:30.000000000,BEST_BID,"JPM,99849,240"
2019-06-28 14:51:30.000000000,BEST_ASK,"JPM,100179,100"
2019-06-28 14:51:30.000000000,BEST_BID,"JPM,99849,240"
2019-06-28 14:51:30.000000000,BEST_ASK,"JPM,100179,100"
2019-06-28 14:51:30.000000000,BEST_BID,"JPM,99849,240"
2019-06-28 14:51:30.000000000,BEST_ASK,"JPM,100179,240"
2019-06-28 14:51:30.000000000,BEST_BID,"JPM,99849,240"
2019-06-28 14:51:30.000000000,BEST_ASK,"JPM,100179,240"
2019-06-28 14:51:37.693600586,QUERY_ORDER_STREAM,65
2019-06-28 14:51:37.693600586,QUERY_SPREAD,65
2019-06-28 14:51:37.693600586,BEST_BID,"JPM,100126,100"
2019-06-28 14:51:37.693600586,BEST_ASK,"JPM,100179,240"
2019-06-28 14:51:40.000000000,QUERY_SPREAD,1
2019-06-28 14:51:40.000000000,BEST_BID,"JPM,100126,156"
2019-06-28 14:51:40.000000000,BEST_ASK,"JPM,100179,100"
2019-06-28 14:51:40.000000000,BEST_BID,"JPM,100126,156"
2019-06-28 14:51:40.000000000,BEST_ASK,"JPM,100179,100"
2019-06-28 14:51:40.000000000,BEST_BID,"JPM,100126,156"
2019-06-28 14:51:40.000000000,BEST_ASK,"JPM,100179,100"
2019-06-28 14:51:40.000000000,BEST_BID,"JPM,100126,156"
2019-06-28 14:51:40.000000000,BEST_ASK,"JPM,100179,100"
2019-06-28 14:51:40.000000000,BEST_BID,"JPM,100126,156"
2019-06-28 14:51:40.000000000,BEST_ASK,"JPM,100179,100"
2019-06-28 14:51:40.000000000,BEST_BID,"JPM,100126,156"
2019-06-28 14:51:40.000000000,BEST_ASK,"JPM,100179,156"
2019-06-28 14:51:40.000000000,BEST_BID,"JPM,100126,156"
2019-06-28 14:51:40.000000000,BEST_ASK,"JPM,100179,156"
2019-06-28 14:51:40.000000000,BEST_BID,"JPM,100126,156"
2019-06-28 14:51:40.000000000,BEST_ASK,"JPM,100179,156"
2019-06-28 14:51:40.000000000,BEST_BID,"JPM,100126,156"
2019-06-28 14:51:40.000000000,BEST_ASK,"JPM,100179,156"
2019-06-28 14:51:40.000000000,BEST_BID,"JPM,100126,156"
2019-06-28 14:51:40.000000000,BEST_ASK,"JPM,100179,156"
2019-06-28 14:51:48.954706719,QUERY_ORDER_STREAM,58
2019-06-28 14:51:48.954706719,QUERY_SPREAD,58
2019-06-28 14:51:50.000000000,QUERY_SPREAD,1
2019-06-28 14:51:50.000000000,BEST_BID,"JPM,100126,195"
2019-06-28 14:51:50.000000000,BEST_ASK,"JPM,100179,100"
2019-06-28 14:51:50.000000000,BEST_BID,"JPM,100126,195"
2019-06-28 14:51:50.000000000,BEST_ASK,"JPM,100179,100"
2019-06-28 14:51:50.000000000,BEST_BID,"JPM,100126,195"
2019-06-28 14:51:50.000000000,BEST_ASK,"JPM,100179,100"
2019-06-28 14:51:50.000000000,BEST_BID,"JPM,100126,195"
2019-06-28 14:51:50.000000000,BEST_ASK,"JPM,100179,195"
2019-06-28 14:51:50.000000000,BEST_BID,"JPM,100126,195"
2019-06-28 14:51:50.000000000,BEST_ASK,"JPM,100179,195"
2019-06-28 14:51:50.000000000,BEST_BID,"JPM,100126,195"
2019-06-28 14:51:50.000000000,BEST_ASK,"JPM,100179,195"
2019-06-28 14:51:50.383188141,QUERY_SPREAD,33
2019-06-28 14:51:50.383188141,BEST_BID,"JPM,100126,195"
2019-06-28 14:51:50.383188141,BEST_ASK,"JPM,100179,195"
2019-06-28 14:51:55.290211276,QUERY_ORDER_STREAM,67
2019-06-28 14:51:55.290211276,QUERY_SPREAD,67
2019-06-28 14:52:00.000000000,QUERY_SPREAD,1
2019-06-28 14:52:00.000000000,BEST_BID,"JPM,100126,195"
2019-06-28 14:52:00.000000000,BEST_ASK,"JPM,100179,100"
2019-06-28 14:52:00.000000000,BEST_BID,"JPM,100126,195"
2019-06-28 14:52:00.000000000,BEST_ASK,"JPM,100179,100"
2019-06-28 14:52:00.000000000,BEST_BID,"JPM,100126,195"
2019-06-28 14:52:00.000000000,BEST_ASK,"JPM,100179,100"
2019-06-28 14:52:00.000000000,BEST_BID,"JPM,100126,195"
2019-06-28 14:52:00.000000000,BEST_ASK,"JPM,100179,195"
2019-06-28 14:52:00.000000000,BEST_BID,"JPM,100126,195"
2019-06-28 14:52:00.000000000,BEST_ASK,"JPM,100179,195"
2019-06-28 14:52:00.000000000,BEST_BID,"JPM,100126,195"
2019-06-28 14:52:00.000000000,BEST_ASK,"JPM,100179,195"
2019-06-28 14:52:00.000000000,QUERY_SPREAD,77
2019-06-28 14:52:00.000000000,BEST_BID,"JPM,100126,195"
2019-06-28 14:52:00.000000000,BEST_ASK,"JPM,100179,194"
2019-06-28 14:52:00.000000000,LAST_TRADE,"1,$100179.0000"
2019-06-28 14:52:00.000000000,QUERY_SPREAD,78
2019-06-28 14:52:00.000000000,BEST_BID,"JPM,100126,195"
2019-06-28 14:52:00.000000000,BEST_ASK,"JPM,100179,190"
2019-06-28 14:52:00.000000000,LAST_TRADE,"4,$100179.0000"
2019-06-28 14:52:00.000000000,QUERY_SPREAD,79
2019-06-28 14:52:00.000000000,BEST_BID,"JPM,100126,195"
2019-06-28 14:52:00.000000000,BEST_ASK,"JPM,100179,184"
2019-06-28 14:52:00.000000000,LAST_TRADE,"6,$100179.0000"
2019-06-28 14:52:00.000000000,QUERY_SPREAD,80
2019-06-28 14:52:00.000000000,BEST_BID,"JPM,100126,195"
2019-06-28 14:52:00.000000000,BEST_ASK,"JPM,100179,179"
2019-06-28 14:52:00.000000000,LAST_TRADE,"5,$100179.0000"
2019-06-28 14:52:00.000000000,QUERY_SPREAD,81
2019-06-28 14:52:00.000000000,BEST_BID,"JPM,100126,195"
2019-06-28 14:52:00.000000000,BEST_ASK,"JPM,100179,171"
2019-06-28 14:52:00.000000000,LAST_TRADE,"8,$100179.0000"
2019-06-28 14:52:00.000000000,QUERY_SPREAD,82
2019-06-28 14:52:00.000000000,BEST_BID,"JPM,100126,195"
2019-06-28 14:52:00.000000000,BEST_ASK,"JPM,100179,163"
2019-06-28 14:52:00.000000000,LAST_TRADE,"8,$100179.0000"
2019-06-28 14:52:00.000000000,QUERY_SPREAD,83
2019-06-28 14:52:00.000000000,BEST_BID,"JPM,100126,195"
2019-06-28 14:52:00.000000000,BEST_ASK,"JPM,100179,161"
2019-06-28 14:52:00.000000000,LAST_TRADE,"2,$100179.0000"
2019-06-28 14:52:00.000000000,QUERY_SPREAD,84
2019-06-28 14:52:00.000000000,BEST_BID,"JPM,100126,195"
2019-06-28 14:52:00.000000000,BEST_ASK,"JPM,100179,160"
2019-06-28 14:52:00.000000000,LAST_TRADE,"1,$100179.0000"
2019-06-28 14:52:00.000000000,QUERY_SPREAD,85
2019-06-28 14:52:00.000000000,BEST_BID,"JPM,100126,195"
2019-06-28 14:52:00.000000000,BEST_ASK,"JPM,100179,159"
2019-06-28 14:52:00.000000000,LAST_TRADE,"1,$100179.0000"
2019-06-28 14:52:00.000000000,QUERY_SPREAD,86
2019-06-28 14:52:00.000000000,BEST_BID,"JPM,100126,195"
2019-06-28 14:52:00.000000000,BEST_ASK,"JPM,100179,153"
2019-06-28 14:52:00.000000000,LAST_TRADE,"6,$100179.0000"
2019-06-28 14:52:00.000000000,QUERY_SPREAD,87
2019-06-28 14:52:00.000000000,BEST_BID,"JPM,100126,195"
2019-06-28 14:52:00.000000000,BEST_ASK,"JPM,100179,150"
2019-06-28 14:52:00.000000000,LAST_TRADE,"3,$100179.0000"
2019-06-28 14:52:00.000000000,QUERY_SPREAD,88
2019-06-28 14:52:00.000000000,BEST_BID,"JPM,100126,195"
2019-06-28 14:52:00.000000000,BEST_ASK,"JPM,100179,146"
2019-06-28 14:52:00.000000000,LAST_TRADE,"4,$100179.0000"
2019-06-28 14:52:00.000000000,QUERY_SPREAD,89
2019-06-28 14:52:00.000000000,BEST_BID,"JPM,100126,195"
2019-06-28 14:52:00.000000000,BEST_ASK,"JPM,100179,142"
2019-06-28 14:52:00.000000000,LAST_TRADE,"4,$100179.0000"
2019-06-28 14:52:00.000000000,QUERY_SPREAD,90
2019-06-28 14:52:00.000000000,BEST_BID,"JPM,100126,195"
2019-06-28 14:52:00.000000000,BEST_ASK,"JPM,100179,135"
2019-06-28 14:52:00.000000000,LAST_TRADE,"7,$100179.0000"
2019-06-28 14:52:00.000000000,QUERY_SPREAD,91
2019-06-28 14:52:00.000000000,BEST_BID,"JPM,100126,195"
2019-06-28 14:52:00.000000000,BEST_ASK,"JPM,100179,127"
2019-06-28 14:52:00.000000000,LAST_TRADE,"8,$100179.0000"
2019-06-28 14:52:00.000000000,QUERY_SPREAD,92
2019-06-28 14:52:00.000000000,BEST_BID,"JPM,100126,195"
2019-06-28 14:52:00.000000000,BEST_ASK,"JPM,100179,122"
2019-06-28 14:52:00.000000000,LAST_TRADE,"5,$100179.0000"
2019-06-28 14:52:00.000000000,QUERY_SPREAD,93
2019-06-28 14:52:00.000000000,BEST_BID,"JPM,100126,195"
2019-06-28 14:52:00.000000000,BEST_ASK,"JPM,100179,119"
2019-06-28 14:52:00.000000000,LAST_TRADE,"3,$100179.0000"
2019-06-28 14:52:00.000000000,QUERY_SPREAD,94
2019-06-28 14:52:00.000000000,BEST_BID,"JPM,100126,195"
2019-06-28 14:52:00.000000000,BEST_ASK,"JPM,100179,115"
2019-06-28 14:52:00.000000000,LAST_TRADE,"4,$100179.0000"
2019-06-28 14:52:00.000000000,QUERY_SPREAD,95
2019-06-28 14:52:00.000000000,BEST_BID,"JPM,100126,195"
2019-06-28 14:52:00.000000000,BEST_ASK,"JPM,100179,110"
2019-06-28 14:52:00.000000000,LAST_TRADE,"5,$100179.0000"
2019-06-28 14:52:00.000000000,QUERY_SPREAD,96
2019-06-28 14:52:00.000000000,BEST_BID,"JPM,100126,195"
2019-06-28 14:52:00.000000000,BEST_ASK,"JPM,100179,109"
2019-06-28 14:52:00.000000000,LAST_TRADE,"1,$100179.0000"
2019-06-28 14:52:00.000000000,QUERY_SPREAD,97
2019-06-28 14:52:00.000000000,BEST_BID,"JPM,100126,195"
2019-06-28 14:52:00.000000000,BEST_ASK,"JPM,100179,102"
2019-06-28 14:52:00.000000000,LAST_TRADE,"7,$100179.0000"
2019-06-28 14:52:00.000000000,QUERY_SPREAD,98
2019-06-28 14:52:00.000000000,BEST_BID,"JPM,100126,195"
2019-06-28 14:52:00.000000000,BEST_ASK,"JPM,100179,96"
2019-06-28 14:52:00.000000000,LAST_TRADE,"6,$100179.0000"
2019-06-28 14:52:00.000000000,QUERY_SPREAD,99
2019-06-28 14:52:00.000000000,BEST_BID,"JPM,100126,195"
2019-06-28 14:52:00.000000000,BEST_ASK,"JPM,100179,91"
2019-06-28 14:52:00.000000000,LAST_TRADE,"5,$100179.0000"
2019-06-28 14:52:00.000000000,QUERY_SPREAD,100
2019-06-28 14:52:00.000000000,BEST_BID,"JPM,100126,195"
2019-06-28 14:52:00.000000000,BEST_ASK,"JPM,100179,84"
2019-06-28 14:52:00.000000000,LAST_TRADE,"7,$100179.0000"
2019-06-28 14:52:00.000000000,QUERY_SPREAD,101
2019-06-28 14:52:00.000000000,QUERY_ORDER_STREAM,101
2019-06-28 14:52:09.429821621,QUERY_SPREAD,10
2019-06-28 14:52:09.429821621,BEST_BID,"JPM,100126,195"
2019-06-28 14:52:09.429821621,BEST_ASK,"JPM,100148,100"
2019-06-28 14:52:10.000000000,QUERY_SPREAD,1
2019-06-28 14:52:10.000000000,BEST_BID,"JPM,100126,156"
2019-06-28 14:52:10.000000000,BEST_ASK,"JPM,100148,100"
2019-06-28 14:52:10.000000000,BEST_BID,"JPM,100126,156"
2019-06-28 14:52:10.000000000,BEST_ASK,"JPM,100148,100"
2019-06-28 14:52:10.000000000,BEST_BID,"JPM,100126,156"
2019-06-28 14:52:10.000000000,BEST_ASK,"JPM,100148,100"
2019-06-28 14:52:10.000000000,BEST_BID,"JPM,100126,156"
2019-06-28 14:52:10.000000000,BEST_ASK,"JPM,100148,100"
2019-06-28 14:52:10.000000000,BEST_BID,"JPM,100126,156"
2019-06-28 14:52:10.000000000,BEST_ASK,"JPM,100148,100"
2019-06-28 14:52:10.000000000,BEST_BID,"JPM,100126,156"
2019-06-28 14:52:10.000000000,BEST_ASK,"JPM,100148,156"
2019-06-28 14:52:10.000000000,BEST_BID,"JPM,100126,156"
2019-06-28 14:52:10.000000000,BEST_ASK,"JPM,100148,156"
2019-06-28 14:52:10.000000000,BEST_BID,"JPM,100126,156"
2019-06-28 14:52:10.000000000,BEST_ASK,"JPM,100148,156"
2019-06-28 14:52:10.000000000,BEST_BID,"JPM,100126,156"
2019-06-28 14:52:10.000000000,BEST_ASK,"JPM,100148,156"
2019-06-28 14:52:10.000000000,BEST_BID,"JPM,100126,156"
2019-06-28 14:52:10.000000000,BEST_ASK,"JPM,100148,156"
2019-06-28 14:52:20.000000000,QUERY_SPREAD,1
2019-06-28 14:52:20.000000000,BEST_BID,"JPM,100126,195"
2019-06-28 14:52:20.000000000,BEST_ASK,"JPM,100148,100"
2019-06-28 14:52:20.000000000,BEST_BID,"JPM,100126,195"
2019-06-28 14:52:20.000000000,BEST_ASK,"JPM,100148,100"
2019-06-28 14:52:20.000000000,BEST_BID,"JPM,100126,195"
2019-06-28 14:52:20.000000000,BEST_ASK,"JPM,100148,100"
2019-06-28 14:52:20.000000000,BEST_BID,"JPM,100126,195"
2019-06-28 14:52:20.000000000,BEST_ASK,"JPM,100148,195"
2019-06-28 14:52:20.000000000,BEST_BID,"JPM,100126,195"
2019-06-28 14:52:20.000000000,BEST_ASK,"JPM,100148,195"
2019-06-28 14:52:20.000000000,BEST_BID,"JPM,100126,195"
2019-06-28 14:52:20.000000000,BEST_ASK,"JPM,100148,195"
2019-06-28 14:52:22.225053468,QUERY_SPREAD,5
2019-06-28 14:52:22.225053468,BEST_BID,"JPM,100126,195"
2019-06-28 14:52:22.225053468,BEST_ASK,"JPM,100148,95"
2019-06-28 14:52:22.225053468,LAST_TRADE,"100,$100148.0000"
2019-06-28 14:52:30.000000000,QUERY_SPREAD,1
2019-06-28 14:52:30.000000000,BEST_BID,"JPM,100126,240"
2019-06-28 14:52:30.000000000,BEST_ASK,"JPM,100546,100"
2019-06-28 14:52:30.000000000,BEST_BID,"JPM,100126,240"
2019-06-28 14:52:30.000000000,BEST_ASK,"JPM,100546,100"
2019-06-28 14:52:30.000000000,BEST_BID,"JPM,100126,240"
2019-06-28 14:52:30.000000000,BEST_ASK,"JPM,100546,240"
2019-06-28 14:52:30.000000000,BEST_BID,"JPM,100126,240"
2019-06-28 14:52:30.000000000,BEST_ASK,"JPM,100546,240"
2019-06-28 14:52:40.000000000,QUERY_SPREAD,1
2019-06-28 14:52:40.000000000,BEST_BID,"JPM,100126,170"
2019-06-28 14:52:40.000000000,BEST_ASK,"JPM,100546,100"
2019-06-28 14:52:40.000000000,BEST_BID,"JPM,100126,170"
2019-06-28 14:52:40.000000000,BEST_ASK,"JPM,100546,100"
2019-06-28 14:52:40.000000000,BEST_BID,"JPM,100126,170"
2019-06-28 14:52:40.000000000,BEST_ASK,"JPM,100546,100"
2019-06-28 14:52:40.000000000,BEST_BID,"JPM,100126,170"
2019-06-28 14:52:40.000000000,BEST_ASK,"JPM,100546,100"
2019-06-28 14:52:40.000000000,BEST_BID,"JPM,100126,170"
2019-06-28 14:52:40.000000000,BEST_ASK,"JPM,100546,170"
2019-06-28 14:52:40.000000000,BEST_BID,"JPM,100126,170"
2019-06-28 14:52:40.000000000,BEST_ASK,"JPM,100546,170"
2019-06-28 14:52:40.000000000,BEST_BID,"JPM,100126,170"
2019-06-28 14:52:40.000000000,BEST_ASK,"JPM,100546,170"
2019-06-28 14:52:40.000000000,BEST_BID,"JPM,100126,170"
2019-06-28 14:52:40.000000000,BEST_ASK,"JPM,100546,170"
2019-06-28 14:52:44.751740564,QUERY_SPREAD,27
2019-06-28 14:52:44.751740564,BEST_BID,"JPM,100492,100"
2019-06-28 14:52:44.751740564,BEST_ASK,"JPM,100546,170"
2019-06-28 14:52:50.000000000,QUERY_SPREAD,1
2019-06-28 14:52:50.000000000,BEST_BID,"JPM,100492,195"
2019-06-28 14:52:50.000000000,BEST_ASK,"JPM,100546,100"
2019-06-28 14:52:50.000000000,BEST_BID,"JPM,100492,195"
2019-06-28 14:52:50.000000000,BEST_ASK,"JPM,100546,100"
2019-06-28 14:52:50.000000000,BEST_BID,"JPM,100492,195"
2019-06-28 14:52:50.000000000,BEST_ASK,"JPM,100546,100"
2019-06-28 14:52:50.000000000,BEST_BID,"JPM,100492,195"
2019-06-28 14:52:50.000000000,BEST_ASK,"JPM,100546,195"
2019-06-28 14:52:50.000000000,BEST_BID,"JPM,100492,195"
2019-06-28 14:52:50.000000000,BEST_ASK,"JPM,100546,195"
2019-06-28 14:52:50.000000000,BEST_BID,"JPM,100492,195"
2019-06-28 14:52:50.000000000,BEST_ASK,"JPM,100546,195"
2019-06-28 14:52:59.109499791,QUERY_ORDER_STREAM,74
2019-06-28 14:52:59.109499791,QUERY_SPREAD,74
2019-06-28 14:53:00.000000000,QUERY_SPREAD,1
2019-06-28 14:53:00.000000000,BEST_BID,"JPM,100492,170"
2019-06-28 14:53:00.000000000,BEST_ASK,"JPM,100546,100"
2019-06-28 14:53:00.000000000,BEST_BID,"JPM,100492,170"
2019-06-28 14:53:00.000000000,BEST_ASK,"JPM,100546,100"
2019-06-28 14:53:00.000000000,BEST_BID,"JPM,100492,170"
2019-06-28 14:53:00.000000000,BEST_ASK,"JPM,100546,100"
2019-06-28 14:53:00.000000000,BEST_BID,"JPM,100492,170"
2019-06-28 14:53:00.000000000,BEST_ASK,"JPM,100546,100"
2019-06-28 14:53:00.000000000,BEST_BID,"JPM,100492,170"
2019-06-28 14:53:00.000000000,BEST_ASK,"JPM,100546,170"
2019-06-28 14:53:00.000000000,BEST_BID,"JPM,100492,170"
2019-06-28 14:53:00.000000000,BEST_ASK,"JPM,100546,170"
2019-06-28 14:53:00.000000000,BEST_BID,"JPM,100492,170"
2019-06-28 14:53:00.000000000,BEST_ASK,"JPM,100546,170"
2019-06-28 14:53:00.000000000,BEST_BID,"JPM,100492,170"
2019-06-28 14:53:00.000000000,BEST_ASK,"JPM,100546,170"
2019-06-28 14:53:00.000000000,QUERY_SPREAD,77
2019-06-28 14:53:00.000000000,BEST_BID,"JPM,100492,170"
2019-06-28 14:53:00.000000000,BEST_ASK,"JPM,100546,169"
2019-06-28 14:53:00.000000000,LAST_TRADE,"1,$100546.0000"
2019-06-28 14:53:00.000000000,QUERY_SPREAD,78
2019-06-28 14:53:00.000000000,BEST_BID,"JPM,100492,170"
2019-06-28 14:53:00.000000000,BEST_ASK,"JPM,100546,165"
2019-06-28 14:53:00.000000000,LAST_TRADE,"4,$100546.0000"
2019-06-28 14:53:00.000000000,QUERY_SPREAD,79
2019-06-28 14:53:00.000000000,BEST_BID,"JPM,100492,170"
2019-06-28 14:53:00.000000000,BEST_ASK,"JPM,100546,159"
2019-06-28 14:53:00.000000000,LAST_TRADE,"6,$100546.0000"
2019-06-28 14:53:00.000000000,QUERY_SPREAD,80
2019-06-28 14:53:00.000000000,BEST_BID,"JPM,100492,170"
2019-06-28 14:53:00.000000000,BEST_ASK,"JPM,100546,154"
2019-06-28 14:53:00.000000000,LAST_TRADE,"5,$100546.0000"
2019-06-28 14:53:00.000000000,QUERY_SPREAD,81
2019-06-28 14:53:00.000000000,BEST_BID,"JPM,100492,170"
2019-06-28 14:53:00.000000000,BEST_ASK,"JPM,100546,146"
2019-06-28 14:53:00.000000000,LAST_TRADE,"8,$100546.0000"
2019-06-28 14:53:00.000000000,QUERY_SPREAD,82
2019-06-28 14:53:00.000000000,BEST_BID,"JPM,100492,170"
2019-06-28 14:53:00.000000000,BEST_ASK,"JPM,100546,138"
2019-06-28 14:53:00.000000000,LAST_TRADE,"8,$100546.0000"
2019-06-28 14:53:00.000000000,QUERY_SPREAD,83
2019-06-28 14:53:00.000000000,BEST_BID,"JPM,100492,170"
2019-06-28 14:53:00.000000000,BEST_ASK,"JPM,100546,136"
2019-06-28 14:53:00.000000000,LAST_TRADE,"2,$100546.0000"
2019-06-28 14:53:00.000000000,QUERY_SPREAD,84
2019-06-28 14:53:00.000000000,BEST_BID,"JPM,100492,170"
2019-06-28 14:53:00.000000000,BEST_ASK,"JPM,100546,135"
2019-06-28 14:53:00.000000000,LAST_TRADE,"1,$100546.0000"
2019-06-28 14:53:00.000000000,QUERY_SPREAD,85
2019-06-28 14:53:00.000000000,BEST_BID,"JPM,100492,170"
2019-06-28 14:53:00.000000000,BEST_ASK,"JPM,100546,134"
2019-06-28 14:53:00.000000000,LAST_TRADE,"1,$100546.0000"
2019-06-28 14:53:00.000000000,QUERY_SPREAD,86
2019-06-28 14:53:00.000000000,BEST_BID,"JPM,100492,170"
2019-06-28 14:53:00.000000000,BEST_ASK,"JPM,100546,128"
2019-06-28 14:53:00.000000000,LAST_TRADE,"6,$100546.0000"
2019-06-28 14:53:00.000000000,QUERY_SPREAD,87
2019-06-28 14:53:00.000000000,BEST_BID,"JPM,100492,170"
2019-06-28 14:53:00.000000000,BEST_ASK,"JPM,100546,125"
2019-06-28 14:53:00.000000000,LAST_TRADE,"3,$100546.0000"
2019-06-28 14:53:00.000000000,QUERY_SPREAD,88
2019-06-28 14:53:00.000000000,BEST_BID,"JPM,100492,170"
2019-06-28 14:53:00.000000000,BEST_ASK,"JPM,100546,121"
2019-06-28 14:53:00.000000000,LAST_TRADE,"4,$100546.0000"
2019-06-28 14:53:00.000000000,QUERY_SPREAD,89
2019-06-28 14:53:00.000000000,BEST_BID,"JPM,100492,170"
2019-06-28 14:53:00.000000000,BEST_ASK,"JPM,100546,117"
2019-06-28 14:53:00.000000000,LAST_TRADE,"4,$100546.0000"
2019-06-28 14:53:00.000000000,QUERY_SPREAD,90
2019-06-28 14:53:00.000000000,BEST_BID,"JPM,100492,170"
2019-06-28 14:53:00.000000000,BEST_ASK,"JPM,100546,110"
2019-06-28 14:53:00.000000000,LAST_TRADE,"7,$100546.0000"
2019-06-28 14:53:00.000000000,QUERY_SPREAD,91
2019-06-28 14:53:00.000000000,BEST_BID,"JPM,100492,170"
2019-06-28 14:53:00.000000000,BEST_ASK,"JPM,100546,102"
2019-06-28 14:53:00.000000000,LAST_TRADE,"8,$100546.0000"
2019-06-28 14:53:00.000000000,QUERY_SPREAD,92
2019-06-28 14:53:00.000000000,BEST_BID,"JPM,100492,170"
2019-06-28 14:53:00.000000000,BEST_ASK,"JPM,100546,97"
2019-06-28 14:53:00.000000000,LAST_TRADE,"5,$100546.0000"
2019-06-28 14:53:00.000000000,QUERY_SPREAD,93
2019-06-28 14:53:00.000000000,BEST_BID,"JPM,100492,170"
2019-06-28 14:53:00.000000000,BEST_ASK,"JPM,100546,94"
2019-06-28 14:53:00.000000000,LAST_TRADE,"3,$100546.0000"
2019-06-28 14:53:00.000000000,QUERY_SPREAD,94
2019-06-28 14:53:00.000000000,BEST_BID,"JPM,100492,170"
2019-06-28 14:53:00.000000000,BEST_ASK,"JPM,100546,90"
2019-06-28 14:53:00.000000000,LAST_TRADE,"4,$100546.0000"
2019-06-28 14:53:00.000000000,QUERY_SPREAD,95
2019-06-28 14:53:00.000000000,BEST_BID,"JPM,100492,170"
2019-06-28 14:53:00.000000000,BEST_ASK,"JPM,100546,85"
2019-06-28 14:53:00.000000000,LAST_TRADE,"5,$100546.0000"
2019-06-28 14:53:00.000000000,QUERY_SPREAD,96
2019-06-28 14:53:00.000000000,BEST_BID,"JPM,100492,170"
2019-06-28 14:53:00.000000000,BEST_ASK,"JPM,100546,84"
2019-06-28 14:53:00.000000000,LAST_TRADE,"1,$100546.0000"
2019-06-28 14:53:00.000000000,QUERY_SPREAD,97
2019-06-28 14:53:00.000000000,BEST_BID,"JPM,100492,170"
2019-06-28 14:53:00.000000000,BEST_ASK,"JPM,100546,77"
2019-06-28 14:53:00.000000000,LAST_TRADE,"7,$100546.0000"
2019-06-28 14:53:00.000000000,QUERY_SPREAD,98
2019-06-28 14:53:00.000000000,BEST_BID,"JPM,100492,170"
2019-06-28 14:53:00.000000000,BEST_ASK,"JPM,100546,71"
2019-06-28 14:53:00.000000000,LAST_TRADE,"6,$100546.0000"
2019-06-28 14:53:00.000000000,QUERY_SPREAD,99
2019-06-28 14:53:00.000000000,BEST_BID,"JPM,100492,170"
2019-06-28 14:53:00.000000000,BEST_ASK,"JPM,100546,66"
2019-06-28 14:53:00.000000000,LAST_TRADE,"5,$100546.0000"
2019-06-28 14:53:00.000000000,QUERY_SPREAD,100
2019-06-28 14:53:00.000000000,BEST_BID,"JPM,100492,170"
2019-06-28 14:53:00.000000000,BEST_ASK,"JPM,100546,59"
2019-06-28 14:53:00.000000000,LAST_TRADE,"7,$100546.0000"
2019-06-28 14:53:00.000000000,QUERY_SPREAD,101
2019-06-28 14:53:00.000000000,QUERY_ORDER_STREAM,101
2019-06-28 14:53:00.000000000,BEST_BID,"JPM,100492,170"
2019-06-28 14:53:00.000000000,BEST_ASK,"JPM,100546,60"
2019-06-28 14:53:10.000000000,QUERY_SPREAD,1
2019-06-28 14:53:10.000000000,BEST_BID,"JPM,100492,240"
2019-06-28 14:53:10.000000000,BEST_ASK,"JPM,100546,1"
2019-06-28 14:53:10.000000000,BEST_BID,"JPM,100492,240"
2019-06-28 14:53:10.000000000,BEST_ASK,"JPM,100546,1"
2019-06-28 14:53:10.000000000,BEST_BID,"JPM,100492,240"
2019-06-28 14:53:10.000000000,BEST_ASK,"JPM,100546,141"
2019-06-28 14:53:10.000000000,BEST_BID,"JPM,100492,240"
2019-06-28 14:53:10.000000000,BEST_ASK,"JPM,100546,141"
2019-06-28 14:53:12.990387498,QUERY_SPREAD,44
2019-06-28 14:53:12.990387498,BEST_BID,"JPM,100492,140"
2019-06-28 14:53:12.990387498,BEST_ASK,"JPM,100546,141"
2019-06-28 14:53:12.990387498,LAST_TRADE,"100,$100492.0000"
2019-06-28 14:53:20.000000000,QUERY_SPREAD,1
2019-06-28 14:53:20.000000000,BEST_BID,"JPM,100126,195"
2019-06-28 14:53:20.000000000,BEST_ASK,"JPM,100546,1"
2019-06-28 14:53:20.000000000,BEST_BID,"JPM,100126,195"
2019-06-28 14:53:20.000000000,BEST_ASK,"JPM,100546,1"
2019-06-28 14:53:20.000000000,BEST_BID,"JPM,100126,195"
2019-06-28 14:53:20.000000000,BEST_ASK,"JPM,100546,1"
2019-06-28 14:53:20.000000000,BEST_BID,"JPM,100126,195"
2019-06-28 14:53:20.000000000,BEST_ASK,"JPM,100546,96"
2019-06-28 14:53:20.000000000,BEST_BID,"JPM,100126,195"
2019-06-28 14:53:20.000000000,BEST_ASK,"JPM,100546,96"
2019-06-28 14:53:20.000000000,BEST_BID,"JPM,100126,195"
2019-06-28 14:53:20.000000000,BEST_ASK,"JPM,100546,96"
2019-06-28 14:53:30.000000000,QUERY_SPREAD,1
2019-06-28 14:53:30.000000000,BEST_BID,"JPM,100126,380"
2019-06-28 14:53:30.000000000,BEST_ASK,"JPM,100546,1"
2019-06-28 14:53:30.000000000,BEST_BID,"JPM,100126,380"
2019-06-28 14:53:30.000000000,BEST_ASK,"JPM,100546,281"
2019-06-28 14:53:40.000000000,QUERY_SPREAD,1
2019-06-28 14:53:40.000000000,BEST_BID,"JPM,100126,156"
2019-06-28 14:53:40.000000000,BEST_ASK,"JPM,100546,1"
2019-06-28 14:53:40.000000000,BEST_BID,"JPM,100126,156"
2019-06-28 14:53:40.000000000,BEST_ASK,"JPM,100546,1"
2019-06-28 14:53:40.000000000,BEST_BID,"JPM,100126,156"
2019-06-28 14:53:40.000000000,BEST_ASK,"JPM,100546,1"
2019-06-28 14:53:40.000000000,BEST_BID,"JPM,100126,156"
2019-06-28 14:53:40.000000000,BEST_ASK,"JPM,100546,1"
2019-06-28 14:53:40.000000000,BEST_BID,"JPM,100126,156"
2019-06-28 14:53:40.000000000,BEST_ASK,"JPM,100546,1"
2019-06-28 14:53:40.000000000,BEST_BID,"JPM,100126,156"
2019-06-28 14:53:40.000000000,BEST_ASK,"JPM,100546,57"
2019-06-28 14:53:40.000000000,BEST_BID,"JPM,100126,156"
2019-06-28 14:53:40.000000000,BEST_ASK,"JPM,100546,57"
2019-06-28 14:53:40.000000000,BEST_BID,"JPM,100126,156"
2019-06-28 14:53:40.000000000,BEST_ASK,"JPM,100546,57"
2019-06-28 14:53:40.000000000,BEST_BID,"JPM,100126,156"
2019-06-28 14:53:40.000000000,BEST_ASK,"JPM,100546,57"
2019-06-28 14:53:40.000000000,BEST_BID,"JPM,100126,156"
2019-06-28 14:53:40.000000000,BEST_ASK,"JPM,100546,57"
2019-06-28 14:53:48.088607305,QUERY_SPREAD,5
2019-06-28 14:53:48.088607305,BEST_BID,"JPM,100126,156"
2019-06-28 14:53:48.088607305,BEST_ASK,"JPM,100546,57"
2019-06-28 14:53:48.822387751,QUERY_ORDER_STREAM,59
2019-06-28 14:53:48.822387751,QUERY_SPREAD,59
2019-06-28 14:53:48.822387751,BEST_BID,"JPM,100126,156"
2019-06-28 14:53:48.822387751,BEST_ASK,"JPM,100545,100"
2019-06-28 14:53:49.003406641,QUERY_SPREAD,44
2019-06-28 14:53:49.003406641,BEST_BID,"JPM,100126,56"
2019-06-28 14:53:49.003406641,BEST_ASK,"JPM,100545,100"
2019-06-28 14:53:49.003406641,LAST_TRADE,"100,$100126.0000"
2019-06-28 14:53:50.000000000,QUERY_SPREAD,1
2019-06-28 14:53:50.000000000,BEST_BID,"JPM,100125,240"
2019-06-28 14:53:50.000000000,BEST_ASK,"JPM,100545,100"
2019-06-28 14:53:50.000000000,BEST_BID,"JPM,100125,240"
2019-06-28 14:53:50.000000000,BEST_ASK,"JPM,100545,100"
2019-06-28 14:53:50.000000000,BEST_BID,"JPM,100125,240"
2019-06-28 14:53:50.000000000,BEST_ASK,"JPM,100545,240"
2019-06-28 14:53:50.000000000,BEST_BID,"JPM,100125,240"
2019-06-28 14:53:50.000000000,BEST_ASK,"JPM,100545,240"
2019-06-28 14:53:51.283540930,QUERY_SPREAD,31
2019-06-28 14:53:51.283540930,BEST_BID,"JPM,100125,240"
2019-06-28 14:53:51.283540930,BEST_ASK,"JPM,100186,100"
2019-06-28 14:54:00.000000000,QUERY_SPREAD,1
2019-06-28 14:54:00.000000000,BEST_BID,"JPM,100125,240"
2019-06-28 14:54:00.000000000,BEST_ASK,"JPM,100186,100"
2019-06-28 14:54:00.000000000,BEST_BID,"JPM,100125,240"
2019-06-28 14:54:00.000000000,BEST_ASK,"JPM,100186,100"
2019-06-28 14:54:00.000000000,BEST_BID,"JPM,100125,240"
2019-06-28 14:54:00.000000000,BEST_ASK,"JPM,100186,240"
2019-06-28 14:54:00.000000000,BEST_BID,"JPM,100125,240"
2019-06-28 14:54:00.000000000,BEST_ASK,"JPM,100186,240"
2019-06-28 14:54:00.000000000,QUERY_SPREAD,77
2019-06-28 14:54:00.000000000,BEST_BID,"JPM,100125,240"
2019-06-28 14:54:00.000000000,BEST_ASK,"JPM,100186,239"
2019-06-28 14:54:00.000000000,LAST_TRADE,"1,$100186.0000"
2019-06-28 14:54:00.000000000,QUERY_SPREAD,78
2019-06-28 14:54:00.000000000,BEST_BID,"JPM,100125,240"
2019-06-28 14:54:00.000000000,BEST_ASK,"JPM,100186,235"
2019-06-28 14:54:00.000000000,LAST_TRADE,"4,$100186.0000"
2019-06-28 14:54:00.000000000,QUERY_SPREAD,79
2019-06-28 14:54:00.000000000,BEST_BID,"JPM,100125,240"
2019-06-28 14:54:00.000000000,BEST_ASK,"JPM,100186,229"
2019-06-28 14:54:00.000000000,LAST_TRADE,"6,$100186.0000"
2019-06-28 14:54:00.000000000,QUERY_SPREAD,80
2019-06-28 14:54:00.000000000,BEST_BID,"JPM,100125,240"
2019-06-28 14:54:00.000000000,BEST_ASK,"JPM,100186,224"
2019-06-28 14:54:00.000000000,LAST_TRADE,"5,$100186.0000"
2019-06-28 14:54:00.000000000,QUERY_SPREAD,81
2019-06-28 14:54:00.000000000,BEST_BID,"JPM,100125,240"
2019-06-28 14:54:00.000000000,BEST_ASK,"JPM,100186,216"
2019-06-28 14:54:00.000000000,LAST_TRADE,"8,$100186.0000"
2019-06-28 14:54:00.000000000,QUERY_SPREAD,82
2019-06-28 14:54:00.000000000,BEST_BID,"JPM,100125,240"
2019-06-28 14:54:00.000000000,BEST_ASK,"JPM,100186,208"
2019-06-28 14:54:00.000000000,LAST_TRADE,"8,$100186.0000"
2019-06-28 14:54:00.000000000,QUERY_SPREAD,83
2019-06-28 14:54:00.000000000,BEST_BID,"JPM,100125,240"
2019-06-28 14:54:00.000000000,BEST_ASK,"JPM,100186,206"
2019-06-28 14:54:00.000000000,LAST_TRADE,"2,$100186.0000"
2019-06-28 14:54:00.000000000,QUERY_SPREAD,84
2019-06-28 14:54:00.000000000,BEST_BID,"JPM,100125,240"
2019-06-28 14:54:00.000000000,BEST_ASK,"JPM,100186,205"
2019-06-28 14:54:00.000000000,LAST_TRADE,"1,$100186.0000"
2019-06-28 14:54:00.000000000,QUERY_SPREAD,85
2019-06-28 14:54:00.000000000,BEST_BID,"JPM,100125,240"
2019-06-28 14:54:00.000000000,BEST_ASK,"JPM,100186,204"
2019-06-28 14:54:00.000000000,LAST_TRADE,"1,$100186.0000"
2019-06-28 14:54:00.000000000,QUERY_SPREAD,86
2019-06-28 14:54:00.000000000,BEST_BID,"JPM,100125,240"
2019-06-28 14:54:00.000000000,BEST_ASK,"JPM,100186,198"
2019-06-28 14:54:00.000000000,LAST_TRADE,"6,$100186.0000"
2019-06-28 14:54:00.000000000,QUERY_SPREAD,87
2019-06-28 14:54:00.000000000,BEST_BID,"JPM,100125,240"
2019-06-28 14:54:00.000000000,BEST_ASK,"JPM,100186,195"
2019-06-28 14:54:00.000000000,LAST_TRADE,"3,$100186.0000"
2019-06-28 14:54:00.000000000,QUERY_SPREAD,88
2019-06-28 14:54:00.000000000,BEST_BID,"JPM,100125,240"
2019-06-28 14:54:00.000000000,BEST_ASK,"JPM,100186,191"
2019-06-28 14:54:00.000000000,LAST_TRADE,"4,$100186.0000"
2019-06-28 14:54:00.000000000,QUERY_SPREAD,89
2019-06-28 14:54:00.000000000,BEST_BID,"JPM,100125,240"
2019-06-28 14:54:00.000000000,BEST_ASK,"JPM,100186,187"
2019-06-28 14:54:00.000000000,LAST_TRADE,"4,$100186.0000"
2019-06-28 14:54:00.000000000,QUERY_SPREAD,90
2019-06-28 14:54:00.000000000,BEST_BID,"JPM,100125,240"
2019-06-28 14:54:00.000000000,BEST_ASK,"JPM,100186,180"
2019-06-28 14:54:00.000000000,LAST_TRADE,"7,$100186.0000"
2019-06-28 14:54:00.000000000,QUERY_SPREAD,91
2019-06-28 14:54:00.000000000,BEST_BID,"JPM,100125,240"
2019-06-28 14:54:00.000000000,BEST_ASK,"JPM,100186,172"
2019-06-28 14:54:00.000000000,LAST_TRADE,"8,$100186.0000"
2019-06-28 14:54:00.000000000,QUERY_SPREAD,92
2019-06-28 14:54:00.000000000,BEST_BID,"JPM,100125,240"
2019-06-28 14:54:00.000000000,BEST_ASK,"JPM,100186,167"
2019-06-28 14:54:00.000000000,LAST_TRADE,"5,$100186.0000"
2019-06-28 14:54:00.000000000,QUERY_SPREAD,93
2019-06-28 14:54:00.000000000,BEST_BID,"JPM,100125,240"
2019-06-28 14:54:00.000000000,BEST_ASK,"JPM,100186,164"
2019-06-28 14:54:00.000000000,LAST_TRADE,"3,$100186.0000"
2019-06-28 14:54:00.000000000,QUERY_SPREAD,94
2019-06-28 14:54:00.000000000,BEST_BID,"JPM,100125,240"
2019-06-28 14:54:00.000000000,BEST_ASK,"JPM,100186,160"
2019-06-28 14:54:00.000000000,LAST_TRADE,"4,$100186.0000"
2019-06-28 14:54:00.000000000,QUERY_SPREAD,95
2019-06-28 14:54:00.000000000,BEST_BID,"JPM,100125,240"
2019-06-28 14:54:00.000000000,BEST_ASK,"JPM,100186,155"
2019-06-28 14:54:00.000000000,LAST_TRADE,"5,$100186.0000"
2019-06-28 14:54:00.000000000,QUERY_SPREAD,96
2019-06-28 14:54:00.000000000,BEST_BID,"JPM,100125,240"
2019-06-28 14:54:00.000000000,BEST_ASK,"JPM,100186,154"
2019-06-28 14:54:00.000000000,LAST_TRADE,"1,$100186.0000"
2019-06-28 14:54:00.000000000,QUERY_SPREAD,97
2019-06-28 14:54:00.000000000,BEST_BID,"JPM,100125,240"
2019-06-28 14:54:00.000000000,BEST_ASK,"JPM,100186,147"
2019-06-28 14:54:00.000000000,LAST_TRADE,"7,$100186.0000"
2019-06-28 14:54:00.000000000,QUERY_SPREAD,98
2019-06-28 14:54:00.000000000,BEST_BID,"JPM,100125,240"
2019-06-28 14:54:00.000000000,BEST_ASK,"JPM,100186,141"
2019-06-28 14:54:00.000000000,LAST_TRADE,"6,$100186.0000"
2019-06-28 14:54:00.000000000,QUERY_SPREAD,99
2019-06-28 14:54:00.000000000,BEST_BID,"JPM,100125,240"
2019-06-28 14:54:00.000000000,BEST_ASK,"JPM,100186,136"
2019-06-28 14:54:00.000000000,LAST_TRADE,"5,$100186.0000"
2019-06-28 14:54:00.000000000,QUERY_SPREAD,100
2019-06-28 14:54:00.000000000,BEST_BID,"JPM,100125,240"
2019-06-28 14:54:00.000000000,BEST_ASK,"JPM,100186,129"
2019-06-28 14:54:00.000000000,LAST_TRADE,"7,$100186.0000"
2019-06-28 14:54:00.000000000,QUERY_SPREAD,101
2019-06-28 14:54:00.000000000,QUERY_ORDER_STREAM,101
2019-06-28 14:54:10.000000000,QUERY_SPREAD,1
2019-06-28 14:54:10.000000000,BEST_BID,"JPM,100125,170"
2019-06-28 14:54:10.000000000,BEST_ASK,"JPM,100545,100"
2019-06-28 14:54:10.000000000,BEST_BID,"JPM,100125,170"
2019-06-28 14:54:10.000000000,BEST_ASK,"JPM,100545,100"
2019-06-28 14:54:10.000000000,BEST_BID,"JPM,100125,170"
2019-06-28 14:54:10.000000000,BEST_ASK,"JPM,100545,100"
2019-06-28 14:54:10.000000000,BEST_BID,"JPM,100125,170"
2019-06-28 14:54:10.000000000,BEST_ASK,"JPM,100545,100"
2019-06-28 14:54:10.000000000,BEST_BID,"JPM,100125,170"
2019-06-28 14:54:10.000000000,BEST_ASK,"JPM,100545,170"
2019-06-28 14:54:10.000000000,BEST_BID,"JPM,100125,170"
2019-06-28 14:54:10.000000000,BEST_ASK,"JPM,100545,170"
2019-06-28 14:54:10.000000000,BEST_BID,"JPM,100125,170"
2019-06-28 14:54:10.000000000,BEST_ASK,"JPM,100545,170"
2019-06-28 14:54:10.000000000,BEST_BID,"JPM,100125,170"
2019-06-28 14:54:10.000000000,BEST_ASK,"JPM,100545,170"
2019-06-28 14:54:16.322627540,QUERY_SPREAD,27
2019-06-28 14:54:16.322627540,BEST_BID,"JPM,100125,170"
2019-06-28 14:54:16.322627540,BEST_ASK,"JPM,100545,170"
2019-06-28 14:54:16.739724319,QUERY_ORDER_STREAM,54
2019-06-28 14:54:16.739724319,QUERY_SPREAD,54
2019-06-28 14:54:19.642534824,QUERY_SPREAD,23
2019-06-28 14:54:19.642534824,BEST_BID,"JPM,100125,70"
2019-06-28 14:54:19.642534824,BEST_ASK,"JPM,100545,170"
2019-06-28 14:54:19.642534824,LAST_TRADE,"100,$100125.0000"
2019-06-28 14:54:20.000000000,QUERY_SPREAD,1
2019-06-28 14:54:20.000000000,BEST_BID,"JPM,99942,156"
2019-06-28 14:54:20.000000000,BEST_ASK,"JPM,100545,100"
2019-06-28 14:54:20.000000000,BEST_BID,"JPM,99942,156"
2019-06-28 14:54:20.000000000,BEST_ASK,"JPM,100545,100"
2019-06-28 14:54:20.000000000,BEST_BID,"JPM,99942,156"
2019-06-28 14:54:20.000000000,BEST_ASK,"JPM,100545,100"
2019-06-28 14:54:20.000000000,BEST_BID,"JPM,99942,156"
2019-06-28 14:54:20.000000000,BEST_ASK,"JPM,100545,100"
2019-06-28 14:54:20.000000000,BEST_BID,"JPM,99942,156"
2019-06-28 14:54:20.000000000,BEST_ASK,"JPM,100545,100"
2019-06-28 14:54:20.000000000,BEST_BID,"JPM,99942,156"
2019-06-28 14:54:20.000000000,BEST_ASK,"JPM,100545,156"
2019-06-28 14:54:20.000000000,BEST_BID,"JPM,99942,156"
2019-06-28 14:54:20.000000000,BEST_ASK,"JPM,100545,156"
2019-06-28 14:54:20.000000000,BEST_BID,"JPM,99942,156"
2019-06-28 14:54:20.000000000,BEST_ASK,"JPM,100545,156"
2019-06-28 14:54:20.000000000,BEST_BID,"JPM,99942,156"
2019-06-28 14:54:20.000000000,BEST_ASK,"JPM,100545,156"
2019-06-28 14:54:20.000000000,BEST_BID,"JPM,99942,156"
2019-06-28 14:54:20.000000000,BEST_ASK,"JPM,100545,156"
2019-06-28 14:54:30.000000000,QUERY_SPREAD,1
2019-06-28 14:54:30.000000000,BEST_BID,"JPM,99942,380"
2019-06-28 14:54:30.000000000,BEST_ASK,"JPM,100545,100"
2019-06-28 14:54:30.000000000,BEST_BID,"JPM,99942,380"
2019-06-28 14:54:30.000000000,BEST_ASK,"JPM,100545,380"
2019-06-28 14:54:39.418918828,QUERY_ORDER_STREAM,60
2019-06-28 14:54:39.418918828,QUERY_SPREAD,60
2019-06-28 14:54:40.000000000,QUERY_SPREAD,1
2019-06-28 14:54:40.000000000,BEST_BID,"JPM,99942,170"
2019-06-28 14:54:40.000000000,BEST_ASK,"JPM,100545,100"
2019-06-28 14:54:40.000000000,BEST_BID,"JPM,99942,170"
2019-06-28 14:54:40.000000000,BEST_ASK,"JPM,100545,100"
2019-06-28 14:54:40.000000000,BEST_BID,"JPM,99942,170"
2019-06-28 14:54:40.000000000,BEST_ASK,"JPM,100545,100"
2019-06-28 14:54:40.000000000,BEST_BID,"JPM,99942,170"
2019-06-28 14:54:40.000000000,BEST_ASK,"JPM,100545,100"
2019-06-28 14:54:40.000000000,BEST_BID,"JPM,99942,170"
2019-06-28 14:54:40.000000000,BEST_ASK,"JPM,100545,170"
2019-06-28 14:54:40.000000000,BEST_BID,"JPM,99942,170"
2019-06-28 14:54:40.000000000,BEST_ASK,"JPM,100545,170"
2019-06-28 14:54:40.000000000,BEST_BID,"JPM,99942,170"
2019-06-28 14:54:40.000000000,BEST_ASK,"JPM,100545,170"
2019-06-28 14:54:40.000000000,BEST_BID,"JPM,99942,170"
2019-06-28 14:54:40.000000000,BEST_ASK,"JPM,100545,170"
2019-06-28 14:54:45.011000639,QUERY_ORDER_STREAM,62
2019-06-28 14:54:45.011000639,QUERY_SPREAD,62
2019-06-28 14:54:45.011000639,BEST_BID,"JPM,99942,170"
2019-06-28 14:54:45.011000639,BEST_ASK,"JPM,100186,100"
2019-06-28 14:54:45.882827480,QUERY_ORDER_STREAM,69
2019-06-28 14:54:45.882827480,QUERY_SPREAD,69
2019-06-28 14:54:45.882827480,BEST_BID,"JPM,99942,170"
2019-06-28 14:54:45.882827480,BEST_ASK,"JPM,100186,200"
2019-06-28 14:54:50.000000000,QUERY_SPREAD,1
2019-06-28 14:54:50.000000000,BEST_BID,"JPM,99942,156"
2019-06-28 14:54:50.000000000,BEST_ASK,"JPM,100186,200"
2019-06-28 14:54:50.000000000,BEST_BID,"JPM,99942,156"
2019-06-28 14:54:50.000000000,BEST_ASK,"JPM,100186,200"
2019-06-28 14:54:50.000000000,BEST_BID,"JPM,99942,156"
2019-06-28 14:54:50.000000000,BEST_ASK,"JPM,100186,200"
2019-06-28 14:54:50.000000000,BEST_BID,"JPM,99942,156"
2019-06-28 14:54:50.000000000,BEST_ASK,"JPM,100186,200"
2019-06-28 14:54:50.000000000,BEST_BID,"JPM,99942,156"
2019-06-28 14:54:50.000000000,BEST_ASK,"JPM,100186,200"
2019-06-28 14:54:50.000000000,BEST_BID,"JPM,99942,156"
2019-06-28 14:54:50.000000000,BEST_ASK,"JPM,100186,256"
2019-06-28 14:54:50.000000000,BEST_BID,"JPM,99942,156"
2019-06-28 14:54:50.000000000,BEST_ASK,"JPM,100186,256"
2019-06-28 14:54:50.000000000,BEST_BID,"JPM,99942,156"
2019-06-28 14:54:50.000000000,BEST_ASK,"JPM,100186,256"
2019-06-28 14:54:50.000000000,BEST_BID,"JPM,99942,156"
2019-06-28 14:54:50.000000000,BEST_ASK,"JPM,100186,256"
2019-06-28 14:54:50.000000000,BEST_BID,"JPM,99942,156"
2019-06-28 14:54:50.000000000,BEST_ASK,"JPM,100186,256"
2019-06-28 14:55:00.000000000,QUERY_SPREAD,1
2019-06-28 14:55:00.000000000,BEST_BID,"JPM,99942,156"
2019-06-28 14:55:00.000000000,BEST_ASK,"JPM,100186,200"
2019-06-28 14:55:00.000000000,BEST_BID,"JPM,99942,156"
2019-06-28 14:55:00.000000000,BEST_ASK,"JPM,100186,200"
2019-06-28 14:55:00.000000000,BEST_BID,"JPM,99942,156"
2019-06-28 14:55:00.000000000,BEST_ASK,"JPM,100186,200"
2019-06-28 14:55:00.000000000,BEST_BID,"JPM,99942,156"
2019-06-28 14:55:00.000000000,BEST_ASK,"JPM,100186,200"
2019-06-28 14:55:00.000000000,BEST_BID,"JPM,99942,156"
2019-06-28 14:55:00.000000000,BEST_ASK,"JPM,100186,200"
2019-06-28 14:55:00.000000000,BEST_BID,"JPM,99942,156"
2019-06-28 14:55:00.000000000,BEST_ASK,"JPM,100186,256"
2019-06-28 14:55:00.000000000,BEST_BID,"JPM,99942,156"
2019-06-28 14:55:00.000000000,BEST_ASK,"JPM,100186,256"
2019-06-28 14:55:00.000000000,BEST_BID,"JPM,99942,156"
2019-06-28 14:55:00.000000000,BEST_ASK,"JPM,100186,256"
2019-06-28 14:55:00.000000000,BEST_BID,"JPM,99942,156"
2019-06-28 14:55:00.000000000,BEST_ASK,"JPM,100186,256"
2019-06-28 14:55:00.000000000,BEST_BID,"JPM,99942,156"
2019-06-28 14:55:00.000000000,BEST_ASK,"JPM,100186,256"
2019-06-28 14:55:00.000000000,QUERY_SPREAD,77
2019-06-28 14:55:00.000000000,BEST_BID,"JPM,99942,156"
2019-06-28 14:55:00.000000000,BEST_ASK,"JPM,100186,255"
2019-06-28 14:55:00.000000000,LAST_TRADE,"1,$100186.0000"
2019-06-28 14:55:00.000000000,QUERY_SPREAD,78
2019-06-28 14:55:00.000000000,BEST_BID,"JPM,99942,156"
2019-06-28 14:55:00.000000000,BEST_ASK,"JPM,100186,251"
2019-06-28 14:55:00.000000000,LAST_TRADE,"4,$100186.0000"
2019-06-28 14:55:00.000000000,QUERY_SPREAD,79
2019-06-28 14:55:00.000000000,BEST_BID,"JPM,99942,156"
2019-06-28 14:55:00.000000000,BEST_ASK,"JPM,100186,245"
2019-06-28 14:55:00.000000000,LAST_TRADE,"6,$100186.0000"
2019-06-28 14:55:00.000000000,QUERY_SPREAD,80
2019-06-28 14:55:00.000000000,BEST_BID,"JPM,99942,156"
2019-06-28 14:55:00.000000000,BEST_ASK,"JPM,100186,240"
2019-06-28 14:55:00.000000000,LAST_TRADE,"5,$100186.0000"
2019-06-28 14:55:00.000000000,QUERY_SPREAD,81
2019-06-28 14:55:00.000000000,BEST_BID,"JPM,99942,156"
2019-06-28 14:55:00.000000000,BEST_ASK,"JPM,100186,232"
2019-06-28 14:55:00.000000000,LAST_TRADE,"8,$100186.0000"
2019-06-28 14:55:00.000000000,QUERY_SPREAD,82
2019-06-28 14:55:00.000000000,BEST_BID,"JPM,99942,156"
2019-06-28 14:55:00.000000000,BEST_ASK,"JPM,100186,224"
2019-06-28 14:55:00.000000000,LAST_TRADE,"8,$100186.0000"
2019-06-28 14:55:00.000000000,QUERY_SPREAD,83
2019-06-28 14:55:00.000000000,BEST_BID,"JPM,99942,156"
2019-06-28 14:55:00.000000000,BEST_ASK,"JPM,100186,222"
2019-06-28 14:55:00.000000000,LAST_TRADE,"2,$100186.0000"
2019-06-28 14:55:00.000000000,QUERY_SPREAD,84
2019-06-28 14:55:00.000000000,BEST_BID,"JPM,99942,156"
2019-06-28 14:55:00.000000000,BEST_ASK,"JPM,100186,221"
2019-06-28 14:55:00.000000000,LAST_TRADE,"1,$100186.0000"
2019-06-28 14:55:00.000000000,QUERY_SPREAD,85
2019-06-28 14:55:00.000000000,BEST_BID,"JPM,99942,156"
2019-06-28 14:55:00.000000000,BEST_ASK,"JPM,100186,220"
2019-06-28 14:55:00.000000000,LAST_TRADE,"1,$100186.0000"
2019-06-28 14:55:00.000000000,QUERY_SPREAD,86
2019-06-28 14:55:00.000000000,BEST_BID,"JPM,99942,156"
2019-06-28 14:55:00.000000000,BEST_ASK,"JPM,100186,214"
2019-06-28 14:55:00.000000000,LAST_TRADE,"6,$100186.0000"
2019-06-28 14:55:00.000000000,QUERY_SPREAD,87
2019-06-28 14:55:00.000000000,BEST_BID,"JPM,99942,156"
2019-06-28 14:55:00.000000000,BEST_ASK,"JPM,100186,211"
2019-06-28 14:55:00.000000000,LAST_TRADE,"3,$100186.0000"
2019-06-28 14:55:00.000000000,QUERY_SPREAD,88
2019-06-28 14:55:00.000000000,BEST_BID,"JPM,99942,156"
2019-06-28 14:55:00.000000000,BEST_ASK,"JPM,100186,207"
2019-06-28 14:55:00.000000000,LAST_TRADE,"4,$100186.0000"
2019-06-28 14:55:00.000000000,QUERY_SPREAD,89
2019-06-28 14:55:00.000000000,BEST_BID,"JPM,99942,156"
2019-06-28 14:55:00.000000000,BEST_ASK,"JPM,100186,203"
2019-06-28 14:55:00.000000000,LAST_TRADE,"4,$100186.0000"
2019-06-28 14:55:00.000000000,QUERY_SPREAD,90
2019-06-28 14:55:00.000000000,BEST_BID,"JPM,99942,156"
2019-06-28 14:55:00.000000000,BEST_ASK,"JPM,100186,196"
2019-06-28 14:55:00.000000000,LAST_TRADE,"7,$100186.0000"
2019-06-28 14:55:00.000000000,QUERY_SPREAD,91
2019-06-28 14:55:00.000000000,BEST_BID,"JPM,99942,156"
2019-06-28 14:55:00.000000000,BEST_ASK,"JPM,100186,188"
2019-06-28 14:55:00.000000000,LAST_TRADE,"8,$100186.0000"
2019-06-28 14:55:00.000000000,QUERY_SPREAD,92
2019-06-28 14:55:00.000000000,BEST_BID,"JPM,99942,156"
2019-06-28 14:55:00.000000000,BEST_ASK,"JPM,100186,183"
2019-06-28 14:55:00.000000000,LAST_TRADE,"5,$100186.0000"
2019-06-28 14:55:00.000000000,QUERY_SPREAD,93
2019-06-28 14:55:00.000000000,BEST_BID,"JPM,99942,156"
2019-06-28 14:55:00.000000000,BEST_ASK,"JPM,100186,180"
2019-06-28 14:55:00.000000000,LAST_TRADE,"3,$100186.0000"
2019-06-28 14:55:00.000000000,QUERY_SPREAD,94
2019-06-28 14:55:00.000000000,BEST_BID,"JPM,99942,156"
2019-06-28 14:55:00.000000000,BEST_ASK,"JPM,100186,176"
2019-06-28 14:55:00.000000000,LAST_TRADE,"4,$100186.0000"
2019-06-28 14:55:00.000000000,QUERY_SPREAD,95
2019-06-28 14:55:00.000000000,BEST_BID,"JPM,99942,156"
2019-06-28 14:55:00.000000000,BEST_ASK,"JPM,100186,171"
2019-06-28 14:55:00.000000000,LAST_TRADE,"5,$100186.0000"
2019-06-28 14:55:00.000000000,QUERY_SPREAD,96
2019-06-28 14:55:00.000000000,BEST_BID,"JPM,99942,156"
2019-06-28 14:55:00.000000000,BEST_ASK,"JPM,100186,170"
2019-06-28 14:55:00.000000000,LAST_TRADE,"1,$100186.0000"
2019-06-28 14:55:00.000000000,QUERY_SPREAD,97
2019-06-28 14:55:00.000000000,BEST_BID,"JPM,99942,156"
2019-06-28 14:55:00.000000000,BEST_ASK,"JPM,100186,163"
2019-06-28 14:55:00.000000000,LAST_TRADE,"7,$100186.0000"
2019-06-28 14:55:00.000000000,QUERY_SPREAD,98
2019-06-28 14:55:00.000000000,BEST_BID,"JPM,99942,156"
2019-06-28 14:55:00.000000000,BEST_ASK,"JPM,100186,157"
2019-06-28 14:55:00.000000000,LAST_TRADE,"6,$100186.0000"
2019-06-28 14:55:00.000000000,QUERY_SPREAD,99
2019-06-28 14:55:00.000000000,BEST_BID,"JPM,99942,156"
2019-06-28 14:55:00.000000000,BEST_ASK,"JPM,100186,152"
2019-06-28 14:55:00.000000000,LAST_TRADE,"5,$100186.0000"
2019-06-28 14:55:00.000000000,QUERY_SPREAD,100
2019-06-28 14:55:00.000000000,BEST_BID,"JPM,99942,156"
2019-06-28 14:55:00.000000000,BEST_ASK,"JPM,100186,145"
2019-06-28 14:55:00.000000000,LAST_TRADE,"7,$100186.0000"
2019-06-28 14:55:00.000000000,QUERY_SPREAD,101
2019-06-28 14:55:00.000000000,QUERY_ORDER_STREAM,101
2019-06-28 14:55:07.883949558,QUERY_ORDER_STREAM,61
2019-06-28 14:55:07.883949558,QUERY_SPREAD,61
2019-06-28 14:55:07.883949558,BEST_BID,"JPM,99942,156"
2019-06-28 14:55:07.883949558,BEST_ASK,"JPM,100186,245"
2019-06-28 14:55:10.000000000,QUERY_SPREAD,1
2019-06-28 14:55:10.000000000,BEST_BID,"JPM,99942,380"
2019-06-28 14:55:10.000000000,BEST_ASK,"JPM,100186,189"
2019-06-28 14:55:10.000000000,BEST_BID,"JPM,99942,380"
2019-06-28 14:55:10.000000000,BEST_ASK,"JPM,100186,469"
2019-06-28 14:55:10.765670631,QUERY_SPREAD,25
2019-06-28 14:55:10.765670631,BEST_BID,"JPM,99942,280"
2019-06-28 14:55:10.765670631,BEST_ASK,"JPM,100186,469"
2019-06-28 14:55:10.765670631,LAST_TRADE,"100,$99942.0000"
2019-06-28 14:55:16.721246253,QUERY_SPREAD,26
2019-06-28 14:55:16.721246253,BEST_BID,"JPM,99942,280"
2019-06-28 14:55:16.721246253,BEST_ASK,"JPM,100186,469"
2019-06-28 14:55:20.000000000,QUERY_SPREAD,1
2019-06-28 14:55:20.000000000,BEST_BID,"JPM,99849,156"
2019-06-28 14:55:20.000000000,BEST_ASK,"JPM,100186,189"
2019-06-28 14:55:20.000000000,BEST_BID,"JPM,99849,156"
2019-06-28 14:55:20.000000000,BEST_ASK,"JPM,100186,189"
2019-06-28 14:55:20.000000000,BEST_BID,"JPM,99849,156"
2019-06-28 14:55:20.000000000,BEST_ASK,"JPM,100186,189"
2019-06-28 14:55:20.000000000,BEST_BID,"JPM,99849,156"
2019-06-28 14:55:20.000000000,BEST_ASK,"JPM,100186,189"
2019-06-28 14:55:20.000000000,BEST_BID,"JPM,99849,156"
2019-06-28 14:55:20.000000000,BEST_ASK,"JPM,100186,189"
2019-06-28 14:55:20.000000000,BEST_BID,"JPM,99849,156"
2019-06-28 14:55:20.000000000,BEST_ASK,"JPM,100186,245"
2019-06-28 14:55:20.000000000,BEST_BID,"JPM,99849,156"
2019-06-28 14:55:20.000000000,BEST_ASK,"JPM,100186,245"
2019-06-28 14:55:20.000000000,BEST_BID,"JPM,99849,156"
2019-06-28 14:55:20.000000000,BEST_ASK,"JPM,100186,245"
2019-06-28 14:55:20.000000000,BEST_BID,"JPM,99849,156"
2019-06-28 14:55:20.000000000,BEST_ASK,"JPM,100186,245"
2019-06-28 14:55:20.000000000,BEST_BID,"JPM,99849,156"
2019-06-28 14:55:20.000000000,BEST_ASK,"JPM,100186,245"
2019-06-28 14:55:22.382566360,QUERY_SPREAD,49
2019-06-28 14:55:22.382566360,BEST_BID,"JPM,99849,56"
2019-06-28 14:55:22.382566360,BEST_ASK,"JPM,100186,245"
2019-06-28 14:55:22.382566360,LAST_TRADE,"100,$99849.0000"
2019-06-28 14:55:22.875967111,QUERY_SPREAD,51
2019-06-28 14:55:22.875967111,BEST_BID,"JPM,99809,156"
2019-06-28 14:55:22.875967111,BEST_ASK,"JPM,99849,44"
2019-06-28 14:55:22.875967111,LAST_TRADE,"56,$99849.0000"
2019-06-28 14:55:30.000000000,QUERY_SPREAD,1
2019-06-28 14:55:30.000000000,BEST_BID,"JPM,99809,195"
2019-06-28 14:55:30.000000000,BEST_ASK,"JPM,99849,44"
2019-06-28 14:55:30.000000000,BEST_BID,"JPM,99809,195"
2019-06-28 14:55:30.000000000,BEST_ASK,"JPM,99849,44"
2019-06-28 14:55:30.000000000,BEST_BID,"JPM,99809,195"
2019-06-28 14:55:30.000000000,BEST_ASK,"JPM,99849,44"
2019-06-28 14:55:30.000000000,BEST_BID,"JPM,99809,195"
2019-06-28 14:55:30.000000000,BEST_ASK,"JPM,99849,139"
2019-06-28 14:55:30.000000000,BEST_BID,"JPM,99809,195"
2019-06-28 14:55:30.000000000,BEST_ASK,"JPM,99849,139"
2019-06-28 14:55:30.000000000,BEST_BID,"JPM,99809,195"
2019-06-28 14:55:30.000000000,BEST_ASK,"JPM,99849,139"
2019-06-28 14:55:40.000000000,QUERY_SPREAD,1
2019-06-28 14:55:40.000000000,BEST_BID,"JPM,99809,156"
2019-06-28 14:55:40.000000000,BEST_ASK,"JPM,99849,44"
2019-06-28 14:55:40.000000000,BEST_BID,"JPM,99809,156"
2019-06-28 14:55:40.000000000,BEST_ASK,"JPM,99849,44"
2019-06-28 14:55:40.000000000,BEST_BID,"JPM,99809,156"
2019-06-28 14:55:40.000000000,BEST_ASK,"JPM,99849,44"
2019-06-28 14:55:40.000000000,BEST_BID,"JPM,99809,156"
2019-06-28 14:55:40.000000000,BEST_ASK,"JPM,99849,44"
2019-06-28 14:55:40.000000000,BEST_BID,"JPM,99809,156"
2019-06-28 14:55:40.000000000,BEST_ASK,"JPM,99849,44"
2019-06-28 14:55:40.000000000,BEST_BID,"JPM,99809,156"
2019-06-28 14:55:40.000000000,BEST_ASK,"JPM,99849,100"
2019-06-28 14:55:40.000000000,BEST_BID,"JPM,99809,156"
2019-06-28 14:55:40.000000000,BEST_ASK,"JPM,99849,100"
2019-06-28 14:55:40.000000000,BEST_BID,"JPM,99809,156"
2019-06-28 14:55:40.000000000,BEST_ASK,"JPM,99849,100"
2019-06-28 14:55:40.000000000,BEST_BID,"JPM,99809,156"
2019-06-28 14:55:40.000000000,BEST_ASK,"JPM,99849,100"
2019-06-28 14:55:40.000000000,BEST_BID,"JPM,99809,156"
2019-06-28 14:55:40.000000000,BEST_ASK,"JPM,99849,100"
2019-06-28 14:55:50.000000000,QUERY_SPREAD,1
2019-06-28 14:55:50.000000000,BEST_BID,"JPM,99809,170"
2019-06-28 14:55:50.000000000,BEST_ASK,"JPM,99849,44"
2019-06-28 14:55:50.000000000,BEST_BID,"JPM,99809,170"
2019-06-28 14:55:50.000000000,BEST_ASK,"JPM,99849,44"
2019-06-28 14:55:50.000000000,BEST_BID,"JPM,99809,170"
2019-06-28 14:55:50.000000000,BEST_ASK,"JPM,99849,44"
2019-06-28 14:55:50.000000000,BEST_BID,"JPM,99809,170"
2019-06-28 14:55:50.000000000,BEST_ASK,"JPM,99849,44"
2019-06-28 14:55:50.000000000,BEST_BID,"JPM,99809,170"
2019-06-28 14:55:50.000000000,BEST_ASK,"JPM,99849,114"
2019-06-28 14:55:50.000000000,BEST_BID,"JPM,99809,170"
2019-06-28 14:55:50.000000000,BEST_ASK,"JPM,99849,114"
2019-06-28 14:55:50.000000000,BEST_BID,"JPM,99809,170"
2019-06-28 14:55:50.000000000,BEST_ASK,"JPM,99849,114"
2019-06-28 14:55:50.000000000,BEST_BID,"JPM,99809,170"
2019-06-28 14:55:50.000000000,BEST_ASK,"JPM,99849,114"
2019-06-28 14:55:56.942508951,QUERY_SPREAD,14
2019-06-28 14:55:56.942508951,BEST_BID,"JPM,99809,170"
2019-06-28 14:55:56.942508951,BEST_ASK,"JPM,99849,114"
2019-06-28 14:55:58.105482613,QUERY_ORDER_STREAM,53
2019-06-28 14:55:58.105482613,QUERY_SPREAD,53
2019-06-28 14:55:59.412515128,QUERY_ORDER_STREAM,71
2019-06-28 14:55:59.412515128,QUERY_SPREAD,71
2019-06-28 14:55:59.412515128,BEST_BID,"JPM,99809,170"
2019-06-28 14:55:59.412515128,BEST_ASK,"JPM,99849,214"
2019-06-28 14:56:00.000000000,QUERY_SPREAD,1
2019-06-28 14:56:00.000000000,BEST_BID,"JPM,99809,240"
2019-06-28 14:56:00.000000000,BEST_ASK,"JPM,99849,144"
2019-06-28 14:56:00.000000000,BEST_BID,"JPM,99809,240"
2019-06-28 14:56:00.000000000,BEST_ASK,"JPM,99849,144"
2019-06-28 14:56:00.000000000,BEST_BID,"JPM,99809,240"
2019-06-28 14:56:00.000000000,BEST_ASK,"JPM,99849,284"
2019-06-28 14:56:00.000000000,BEST_BID,"JPM,99809,240"
2019-06-28 14:56:00.000000000,BEST_ASK,"JPM,99849,284"
2019-06-28 14:56:00.000000000,QUERY_SPREAD,77
2019-06-28 14:56:00.000000000,BEST_BID,"JPM,99809,240"
2019-06-28 14:56:00.000000000,BEST_ASK,"JPM,99849,283"
2019-06-28 14:56:00.000000000,LAST_TRADE,"1,$99849.0000"
2019-06-28 14:56:00.000000000,QUERY_SPREAD,78
2019-06-28 14:56:00.000000000,BEST_BID,"JPM,99809,240"
2019-06-28 14:56:00.000000000,BEST_ASK,"JPM,99849,279"
2019-06-28 14:56:00.000000000,LAST_TRADE,"4,$99849.0000"
2019-06-28 14:56:00.000000000,QUERY_SPREAD,79
2019-06-28 14:56:00.000000000,BEST_BID,"JPM,99809,240"
2019-06-28 14:56:00.000000000,BEST_ASK,"JPM,99849,273"
2019-06-28 14:56:00.000000000,LAST_TRADE,"6,$99849.0000"
2019-06-28 14:56:00.000000000,QUERY_SPREAD,80
2019-06-28 14:56:00.000000000,BEST_BID,"JPM,99809,240"
2019-06-28 14:56:00.000000000,BEST_ASK,"JPM,99849,268"
2019-06-28 14:56:00.000000000,LAST_TRADE,"5,$99849.0000"
2019-06-28 14:56:00.000000000,QUERY_SPREAD,81
2019-06-28 14:56:00.000000000,BEST_BID,"JPM,99809,240"
2019-06-28 14:56:00.000000000,BEST_ASK,"JPM,99849,260"
2019-06-28 14:56:00.000000000,LAST_TRADE,"8,$99849.0000"
2019-06-28 14:56:00.000000000,QUERY_SPREAD,82
2019-06-28 14:56:00.000000000,BEST_BID,"JPM,99809,240"
2019-06-28 14:56:00.000000000,BEST_ASK,"JPM,99849,252"
2019-06-28 14:56:00.000000000,LAST_TRADE,"8,$99849.0000"
2019-06-28 14:56:00.000000000,QUERY_SPREAD,83
2019-06-28 14:56:00.000000000,BEST_BID,"JPM,99809,240"
2019-06-28 14:56:00.000000000,BEST_ASK,"JPM,99849,250"
2019-06-28 14:56:00.000000000,LAST_TRADE,"2,$99849.0000"
2019-06-28 14:56:00.000000000,QUERY_SPREAD,84
2019-06-28 14:56:00.000000000,BEST_BID,"JPM,99809,240"
2019-06-28 14:56:00.000000000,BEST_ASK,"JPM,99849,249"
2019-06-28 14:56:00.000000000,LAST_TRADE,"1,$99849.0000"
2019-06-28 14:56:00.000000000,QUERY_SPREAD,85
2019-06-28 14:56:00.000000000,BEST_BID,"JPM,99809,240"
2019-06-28 14:56:00.000000000,BEST_ASK,"JPM,99849,248"
2019-06-28 14:56:00.000000000,LAST_TRADE,"1,$99849.0000"
2019-06-28 14:56:00.000000000,QUERY_SPREAD,86
2019-06-28 14:56:00.000000000,BEST_BID,"JPM,99809,240"
2019-06-28 14:56:00.000000000,BEST_ASK,"JPM,99849,242"
2019-06-28 14:56:00.000000000,LAST_TRADE,"6,$99849.0000"
2019-06-28 14:56:00.000000000,QUERY_SPREAD,87
2019-06-28 14:56:00.000000000,BEST_BID,"JPM,99809,240"
2019-06-28 14:56:00.000000000,BEST_ASK,"JPM,99849,239"
2019-06-28 14:56:00.000000000,LAST_TRADE,"3,$99849.0000"
2019-06-28 14:56:00.000000000,QUERY_SPREAD,88
2019-06-28 14:56:00.000000000,BEST_BID,"JPM,99809,240"
2019-06-28 14:56:00.000000000,BEST_ASK,"JPM,99849,235"
2019-06-28 14:56:00.000000000,LAST_TRADE,"4,$99849.0000"
2019-06-28 14:56:00.000000000,QUERY_SPREAD,89
2019-06-28 14:56:00.000000000,BEST_BID,"JPM,99809,240"
2019-06-28 14:56:00.000000000,BEST_ASK,"JPM,99849,231"
2019-06-28 14:56:00.000000000,LAST_TRADE,"4,$99849.0000"
2019-06-28 14:56:00.000000000,QUERY_SPREAD,90
2019-06-28 14:56:00.000000000,BEST_BID,"JPM,99809,240"
2019-06-28 14:56:00.000000000,BEST_ASK,"JPM,99849,224"
2019-06-28 14:56:00.000000000,LAST_TRADE,"7,$99849.0000"
2019-06-28 14:56:00.000000000,QUERY_SPREAD,91
2019-06-28 14:56:00.000000000,BEST_BID,"JPM,99809,240"
2019-06-28 14:56:00.000000000,BEST_ASK,"JPM,99849,216"
2019-06-28 14:56:00.000000000,LAST_TRADE,"8,$99849.0000"
2019-06-28 14:56:00.000000000,QUERY_SPREAD,92
2019-06-28 14:56:00.000000000,BEST_BID,"JPM,99809,240"
2019-06-28 14:56:00.000000000,BEST_ASK,"JPM,99849,211"
2019-06-28 14:56:00.000000000,LAST_TRADE,"5,$99849.0000"
2019-06-28 14:56:00.000000000,QUERY_SPREAD,93
2019-06-28 14:56:00.000000000,BEST_BID,"JPM,99809,240"
2019-06-28 14:56:00.000000000,BEST_ASK,"JPM,99849,208"
2019-06-28 14:56:00.000000000,LAST_TRADE,"3,$99849.0000"
2019-06-28 14:56:00.000000000,QUERY_SPREAD,94
2019-06-28 14:56:00.000000000,BEST_BID,"JPM,99809,240"
2019-06-28 14:56:00.000000000,BEST_ASK,"JPM,99849,204"
2019-06-28 14:56:00.000000000,LAST_TRADE,"4,$99849.0000"
2019-06-28 14:56:00.000000000,QUERY_SPREAD,95
2019-06-28 14:56:00.000000000,BEST_BID,"JPM,99809,240"
2019-06-28 14:56:00.000000000,BEST_ASK,"JPM,99849,199"
2019-06-28 14:56:00.000000000,LAST_TRADE,"5,$99849.0000"
2019-06-28 14:56:00.000000000,QUERY_SPREAD,96
2019-06-28 14:56:00.000000000,BEST_BID,"JPM,99809,240"
2019-06-28 14:56:00.000000000,BEST_ASK,"JPM,99849,198"
2019-06-28 14:56:00.000000000,LAST_TRADE,"1,$99849.0000"
2019-06-28 14:56:00.000000000,QUERY_SPREAD,97
2019-06-28 14:56:00.000000000,BEST_BID,"JPM,99809,240"
2019-06-28 14:56:00.000000000,BEST_ASK,"JPM,99849,191"
2019-06-28 14:56:00.000000000,LAST_TRADE,"7,$99849.0000"
2019-06-28 14:56:00.000000000,QUERY_SPREAD,98
2019-06-28 14:56:00.000000000,BEST_BID,"JPM,99809,240"
2019-06-28 14:56:00.000000000,BEST_ASK,"JPM,99849,185"
2019-06-28 14:56:00.000000000,LAST_TRADE,"6,$99849.0000"
2019-06-28 14:56:00.000000000,QUERY_SPREAD,99
2019-06-28 14:56:00.000000000,BEST_BID,"JPM,99809,240"
2019-06-28 14:56:00.000000000,BEST_ASK,"JPM,99849,180"
2019-06-28 14:56:00.000000000,LAST_TRADE,"5,$99849.0000"
2019-06-28 14:56:00.000000000,QUERY_SPREAD,100
2019-06-28 14:56:00.000000000,BEST_BID,"JPM,99809,240"
2019-06-28 14:56:00.000000000,BEST_ASK,"JPM,99849,173"
2019-06-28 14:56:00.000000000,LAST_TRADE,"7,$99849.0000"
2019-06-28 14:56:00.000000000,QUERY_SPREAD,101
2019-06-28 14:56:00.000000000,QUERY_ORDER_STREAM,101
2019-06-28 14:56:10.000000000,QUERY_SPREAD,1
2019-06-28 14:56:10.000000000,BEST_BID,"JPM,99809,195"
2019-06-28 14:56:10.000000000,BEST_ASK,"JPM,99849,33"
2019-06-28 14:56:10.000000000,BEST_BID,"JPM,99809,195"
2019-06-28 14:56:10.000000000,BEST_ASK,"JPM,99849,33"
2019-06-28 14:56:10.000000000,BEST_BID,"JPM,99809,195"
2019-06-28 14:56:10.000000000,BEST_ASK,"JPM,99849,33"
2019-06-28 14:56:10.000000000,BEST_BID,"JPM,99809,195"
2019-06-28 14:56:10.000000000,BEST_ASK,"JPM,99849,128"
2019-06-28 14:56:10.000000000,BEST_BID,"JPM,99809,195"
2019-06-28 14:56:10.000000000,BEST_ASK,"JPM,99849,128"
2019-06-28 14:56:10.000000000,BEST_BID,"JPM,99809,195"
2019-06-28 14:56:10.000000000,BEST_ASK,"JPM,99849,128"
2019-06-28 14:56:10.923120476,QUERY_SPREAD,16
2019-06-28 14:56:10.923120476,BEST_BID,"JPM,99809,195"
2019-06-28 14:56:10.923120476,BEST_ASK,"JPM,99849,128"
2019-06-28 14:56:14.555382538,QUERY_ORDER_STREAM,71
2019-06-28 14:56:14.555382538,QUERY_SPREAD,71
2019-06-28 14:56:14.555382538,BEST_BID,"JPM,99849,5"
2019-06-28 14:56:14.555382538,BEST_ASK,"JPM,99922,100"
2019-06-28 14:56:14.555382538,LAST_TRADE,"95,$99849.0000"
2019-06-28 14:56:17.700493041,QUERY_SPREAD,11
2019-06-28 14:56:17.700493041,BEST_BID,"JPM,99849,5"
2019-06-28 14:56:17.700493041,BEST_ASK,"JPM,99888,100"
2019-06-28 14:56:20.000000000,QUERY_SPREAD,1
2019-06-28 14:56:20.000000000,BEST_BID,"JPM,99849,75"
2019-06-28 14:56:20.000000000,BEST_ASK,"JPM,99888,100"
2019-06-28 14:56:20.000000000,BEST_BID,"JPM,99849,75"
2019-06-28 14:56:20.000000000,BEST_ASK,"JPM,99888,100"
2019-06-28 14:56:20.000000000,BEST_BID,"JPM,99849,75"
2019-06-28 14:56:20.000000000,BEST_ASK,"JPM,99888,100"
2019-06-28 14:56:20.000000000,BEST_BID,"JPM,99849,75"
2019-06-28 14:56:20.000000000,BEST_ASK,"JPM,99888,100"
2019-06-28 14:56:20.000000000,BEST_BID,"JPM,99849,75"
2019-06-28 14:56:20.000000000,BEST_ASK,"JPM,99888,170"
2019-06-28 14:56:20.000000000,BEST_BID,"JPM,99849,75"
2019-06-28 14:56:20.000000000,BEST_ASK,"JPM,99888,170"
2019-06-28 14:56:20.000000000,BEST_BID,"JPM,99849,75"
2019-06-28 14:56:20.000000000,BEST_ASK,"JPM,99888,170"
2019-06-28 14:56:20.000000000,BEST_BID,"JPM,99849,75"
2019-06-28 14:56:20.000000000,BEST_ASK,"JPM,99888,170"
2019-06-28 14:56:21.846898242,QUERY_SPREAD,37
2019-06-28 14:56:21.846898242,BEST_BID,"JPM,99809,170"
2019-06-28 14:56:21.846898242,BEST_ASK,"JPM,99849,25"
2019-06-28 14:56:21.846898242,LAST_TRADE,"75,$99849.0000"
2019-06-28 14:56:30.000000000,QUERY_SPREAD,1
2019-06-28 14:56:30.000000000,BEST_BID,"JPM,99809,195"
2019-06-28 14:56:30.000000000,BEST_ASK,"JPM,99849,25"
2019-06-28 14:56:30.000000000,BEST_BID,"JPM,99809,195"
2019-06-28 14:56:30.000000000,BEST_ASK,"JPM,99849,25"
2019-06-28 14:56:30.000000000,BEST_BID,"JPM,99809,195"
2019-06-28 14:56:30.000000000,BEST_ASK,"JPM,99849,25"
2019-06-28 14:56:30.000000000,BEST_BID,"JPM,99809,195"
2019-06-28 14:56:30.000000000,BEST_ASK,"JPM,99849,120"
2019-06-28 14:56:30.000000000,BEST_BID,"JPM,99809,195"
2019-06-28 14:56:30.000000000,BEST_ASK,"JPM,99849,120"
2019-06-28 14:56:30.000000000,BEST_BID,"JPM,99809,195"
2019-06-28 14:56:30.000000000,BEST_ASK,"JPM,99849,120"
2019-06-28 14:56:40.000000000,QUERY_SPREAD,1
2019-06-28 14:56:40.000000000,BEST_BID,"JPM,99809,170"
2019-06-28 14:56:40.000000000,BEST_ASK,"JPM,99849,25"
2019-06-28 14:56:40.000000000,BEST_BID,"JPM,99809,170"
2019-06-28 14:56:40.000000000,BEST_ASK,"JPM,99849,25"
2019-06-28 14:56:40.000000000,BEST_BID,"JPM,99809,170"
2019-06-28 14:56:40.000000000,BEST_ASK,"JPM,99849,25"
2019-06-28 14:56:40.000000000,BEST_BID,"JPM,99809,170"
2019-06-28 14:56:40.000000000,BEST_ASK,"JPM,99849,25"
2019-06-28 14:56:40.000000000,BEST_BID,"JPM,99809,170"
2019-06-28 14:56:40.000000000,BEST_ASK,"JPM,99849,95"
2019-06-28 14:56:40.000000000,BEST_BID,"JPM,99809,170"
2019-06-28 14:56:40.000000000,BEST_ASK,"JPM,99849,95"
2019-06-28 14:56:40.000000000,BEST_BID,"JPM,99809,170"
2019-06-28 14:56:40.000000000,BEST_ASK,"JPM,99849,95"
2019-06-28 14:56:40.000000000,BEST_BID,"JPM,99809,170"
2019-06-28 14:56:40.000000000,BEST_ASK,"JPM,99849,95"
2019-06-28 14:56:48.582123094,QUERY_ORDER_STREAM,58
2019-06-28 14:56:48.582123094,QUERY_SPREAD,58
2019-06-28 14:56:48.582123094,BEST_BID,"JPM,99849,5"
2019-06-28 14:56:48.582123094,BEST_ASK,"JPM,99888,170"
2019-06-28 14:56:48.582123094,LAST_TRADE,"95,$99849.0000"
2019-06-28 14:56:50.000000000,QUERY_SPREAD,1
2019-06-28 14:56:50.000000000,BEST_BID,"JPM,99849,100"
2019-06-28 14:56:50.000000000,BEST_ASK,"JPM,99888,100"
2019-06-28 14:56:50.000000000,BEST_BID,"JPM,99849,100"
2019-06-28 14:56:50.000000000,BEST_ASK,"JPM,99888,100"
2019-06-28 14:56:50.000000000,BEST_BID,"JPM,99849,100"
2019-06-28 14:56:50.000000000,BEST_ASK,"JPM,99888,100"
2019-06-28 14:56:50.000000000,BEST_BID,"JPM,99849,100"
2019-06-28 14:56:50.000000000,BEST_ASK,"JPM,99888,195"
2019-06-28 14:56:50.000000000,BEST_BID,"JPM,99849,100"
2019-06-28 14:56:50.000000000,BEST_ASK,"JPM,99888,195"
2019-06-28 14:56:50.000000000,BEST_BID,"JPM,99849,100"
2019-06-28 14:56:50.000000000,BEST_ASK,"JPM,99888,195"
2019-06-28 14:57:00.000000000,QUERY_SPREAD,1
2019-06-28 14:57:00.000000000,BEST_BID,"JPM,99849,145"
2019-06-28 14:57:00.000000000,BEST_ASK,"JPM,99888,100"
2019-06-28 14:57:00.000000000,BEST_BID,"JPM,99849,145"
2019-06-28 14:57:00.000000000,BEST_ASK,"JPM,99888,100"
2019-06-28 14:57:00.000000000,BEST_BID,"JPM,99849,145"
2019-06-28 14:57:00.000000000,BEST_ASK,"JPM,99888,240"
2019-06-28 14:57:00.000000000,BEST_BID,"JPM,99849,145"
2019-06-28 14:57:00.000000000,BEST_ASK,"JPM,99888,240"
2019-06-28 14:57:00.000000000,QUERY_SPREAD,77
2019-06-28 14:57:00.000000000,BEST_BID,"JPM,99849,145"
2019-06-28 14:57:00.000000000,BEST_ASK,"JPM,99888,239"
2019-06-28 14:57:00.000000000,LAST_TRADE,"1,$99888.0000"
2019-06-28 14:57:00.000000000,QUERY_SPREAD,78
2019-06-28 14:57:00.000000000,BEST_BID,"JPM,99849,145"
2019-06-28 14:57:00.000000000,BEST_ASK,"JPM,99888,235"
2019-06-28 14:57:00.000000000,LAST_TRADE,"4,$99888.0000"
2019-06-28 14:57:00.000000000,QUERY_SPREAD,79
2019-06-28 14:57:00.000000000,BEST_BID,"JPM,99849,145"
2019-06-28 14:57:00.000000000,BEST_ASK,"JPM,99888,229"
2019-06-28 14:57:00.000000000,LAST_TRADE,"6,$99888.0000"
2019-06-28 14:57:00.000000000,QUERY_SPREAD,80
2019-06-28 14:57:00.000000000,BEST_BID,"JPM,99849,145"
2019-06-28 14:57:00.000000000,BEST_ASK,"JPM,99888,224"
2019-06-28 14:57:00.000000000,LAST_TRADE,"5,$99888.0000"
2019-06-28 14:57:00.000000000,QUERY_SPREAD,81
2019-06-28 14:57:00.000000000,BEST_BID,"JPM,99849,145"
2019-06-28 14:57:00.000000000,BEST_ASK,"JPM,99888,216"
2019-06-28 14:57:00.000000000,LAST_TRADE,"8,$99888.0000"
2019-06-28 14:57:00.000000000,QUERY_SPREAD,82
2019-06-28 14:57:00.000000000,BEST_BID,"JPM,99849,145"
2019-06-28 14:57:00.000000000,BEST_ASK,"JPM,99888,208"
2019-06-28 14:57:00.000000000,LAST_TRADE,"8,$99888.0000"
2019-06-28 14:57:00.000000000,QUERY_SPREAD,83
2019-06-28 14:57:00.000000000,BEST_BID,"JPM,99849,145"
2019-06-28 14:57:00.000000000,BEST_ASK,"JPM,99888,206"
2019-06-28 14:57:00.000000000,LAST_TRADE,"2,$99888.0000"
2019-06-28 14:57:00.000000000,QUERY_SPREAD,84
2019-06-28 14:57:00.000000000,BEST_BID,"JPM,99849,145"
2019-06-28 14:57:00.000000000,BEST_ASK,"JPM,99888,205"
2019-06-28 14:57:00.000000000,LAST_TRADE,"1,$99888.0000"
2019-06-28 14:57:00.000000000,QUERY_SPREAD,85
2019-06-28 14:57:00.000000000,BEST_BID,"JPM,99849,145"
2019-06-28 14:57:00.000000000,BEST_ASK,"JPM,99888,204"
2019-06-28 14:57:00.000000000,LAST_TRADE,"1,$99888.0000"
2019-06-28 14:57:00.000000000,QUERY_SPREAD,86
2019-06-28 14:57:00.000000000,BEST_BID,"JPM,99849,145"
2019-06-28 14:57:00.000000000,BEST_ASK,"JPM,99888,198"
2019-06-28 14:57:00.000000000,LAST_TRADE,"6,$99888.0000"
2019-06-28 14:57:00.000000000,QUERY_SPREAD,87
2019-06-28 14:57:00.000000000,BEST_BID,"JPM,99849,145"
2019-06-28 14:57:00.000000000,BEST_ASK,"JPM,99888,195"
2019-06-28 14:57:00.000000000,LAST_TRADE,"3,$99888.0000"
2019-06-28 14:57:00.000000000,QUERY_SPREAD,88
2019-06-28 14:57:00.000000000,BEST_BID,"JPM,99849,145"
2019-06-28 14:57:00.000000000,BEST_ASK,"JPM,99888,191"
2019-06-28 14:57:00.000000000,LAST_TRADE,"4,$99888.0000"
2019-06-28 14:57:00.000000000,QUERY_SPREAD,89
2019-06-28 14:57:00.000000000,BEST_BID,"JPM,99849,145"
2019-06-28 14:57:00.000000000,BEST_ASK,"JPM,99888,187"
2019-06-28 14:57:00.000000000,LAST_TRADE,"4,$99888.0000"
2019-06-28 14:57:00.000000000,QUERY_SPREAD,90
2019-06-28 14:57:00.000000000,BEST_BID,"JPM,99849,145"
2019-06-28 14:57:00.000000000,BEST_ASK,"JPM,99888,180"
2019-06-28 14:57:00.000000000,LAST_TRADE,"7,$99888.0000"
2019-06-28 14:57:00.000000000,QUERY_SPREAD,91
2019-06-28 14:57:00.000000000,BEST_BID,"JPM,99849,145"
2019-06-28 14:57:00.000000000,BEST_ASK,"JPM,99888,172"
2019-06-28 14:57:00.000000000,LAST_TRADE,"8,$99888.0000"
2019-06-28 14:57:00.000000000,QUERY_SPREAD,92
2019-06-28 14:57:00.000000000,BEST_BID,"JPM,99849,145"
2019-06-28 14:57:00.000000000,BEST_ASK,"JPM,99888,167"
2019-06-28 14:57:00.000000000,LAST_TRADE,"5,$99888.0000"
2019-06-28 14:57:00.000000000,QUERY_SPREAD,93
2019-06-28 14:57:00.000000000,BEST_BID,"JPM,99849,145"
2019-06-28 14:57:00.000000000,BEST_ASK,"JPM,99888,164"
2019-06-28 14:57:00.000000000,LAST_TRADE,"3,$99888.0000"
2019-06-28 14:57:00.000000000,QUERY_SPREAD,94
2019-06-28 14:57:00.000000000,BEST_BID,"JPM,99849,145"
2019-06-28 14:57:00.000000000,BEST_ASK,"JPM,99888,160"
2019-06-28 14:57:00.000000000,LAST_TRADE,"4,$99888.0000"
2019-06-28 14:57:00.000000000,QUERY_SPREAD,95
2019-06-28 14:57:00.000000000,BEST_BID,"JPM,99849,145"
2019-06-28 14:57:00.000000000,BEST_ASK,"JPM,99888,155"
2019-06-28 14:57:00.000000000,LAST_TRADE,"5,$99888.0000"
2019-06-28 14:57:00.000000000,QUERY_SPREAD,96
2019-06-28 14:57:00.000000000,BEST_BID,"JPM,99849,145"
2019-06-28 14:57:00.000000000,BEST_ASK,"JPM,99888,154"
2019-06-28 14:57:00.000000000,LAST_TRADE,"1,$99888.0000"
2019-06-28 14:57:00.000000000,QUERY_SPREAD,97
2019-06-28 14:57:00.000000000,BEST_BID,"JPM,99849,145"
2019-06-28 14:57:00.000000000,BEST_ASK,"JPM,99888,147"
2019-06-28 14:57:00.000000000,LAST_TRADE,"7,$99888.0000"
2019-06-28 14:57:00.000000000,QUERY_SPREAD,98
2019-06-28 14:57:00.000000000,BEST_BID,"JPM,99849,145"
2019-06-28 14:57:00.000000000,BEST_ASK,"JPM,99888,141"
2019-06-28 14:57:00.000000000,LAST_TRADE,"6,$99888.0000"
2019-06-28 14:57:00.000000000,QUERY_SPREAD,99
2019-06-28 14:57:00.000000000,BEST_BID,"JPM,99849,145"
2019-06-28 14:57:00.000000000,BEST_ASK,"JPM,99888,136"
2019-06-28 14:57:00.000000000,LAST_TRADE,"5,$99888.0000"
2019-06-28 14:57:00.000000000,QUERY_SPREAD,100
2019-06-28 14:57:00.000000000,BEST_BID,"JPM,99849,145"
2019-06-28 14:57:00.000000000,BEST_ASK,"JPM,99888,129"
2019-06-28 14:57:00.000000000,LAST_TRADE,"7,$99888.0000"
2019-06-28 14:57:00.000000000,QUERY_SPREAD,101
2019-06-28 14:57:00.000000000,QUERY_ORDER_STREAM,101
2019-06-28 14:57:10.000000000,QUERY_SPREAD,1
2019-06-28 14:57:10.000000000,BEST_BID,"JPM,99849,100"
2019-06-28 14:57:10.000000000,BEST_ASK,"JPM,99922,100"
2019-06-28 14:57:10.000000000,BEST_BID,"JPM,99849,100"
2019-06-28 14:57:10.000000000,BEST_ASK,"JPM,99922,100"
2019-06-28 14:57:10.000000000,BEST_BID,"JPM,99849,100"
2019-06-28 14:57:10.000000000,BEST_ASK,"JPM,99922,100"
2019-06-28 14:57:10.000000000,BEST_BID,"JPM,99849,100"
2019-06-28 14:57:10.000000000,BEST_ASK,"JPM,99922,195"
2019-06-28 14:57:10.000000000,BEST_BID,"JPM,99849,100"
2019-06-28 14:57:10.000000000,BEST_ASK,"JPM,99922,195"
2019-06-28 14:57:10.000000000,BEST_BID,"JPM,99849,100"
2019-06-28 14:57:10.000000000,BEST_ASK,"JPM,99922,195"
2019-06-28 14:57:15.164460486,QUERY_SPREAD,6
2019-06-28 14:57:15.164460486,BEST_BID,"JPM,99809,192"
2019-06-28 14:57:15.164460486,BEST_ASK,"JPM,99922,195"
2019-06-28 14:57:15.164460486,LAST_TRADE,"100,$99849.0000"
2019-06-28 14:57:17.095120676,QUERY_SPREAD,15
2019-06-28 14:57:17.095120676,BEST_BID,"JPM,99809,92"
2019-06-28 14:57:17.095120676,BEST_ASK,"JPM,99922,195"
2019-06-28 14:57:17.095120676,LAST_TRADE,"100,$99809.0000"
2019-06-28 14:57:20.000000000,QUERY_SPREAD,1
2019-06-28 14:57:20.000000000,BEST_BID,"JPM,99798,240"
2019-06-28 14:57:20.000000000,BEST_ASK,"JPM,99922,100"
2019-06-28 14:57:20.000000000,BEST_BID,"JPM,99798,240"
2019-06-28 14:57:20.000000000,BEST_ASK,"JPM,99922,100"
2019-06-28 14:57:20.000000000,BEST_BID,"JPM,99798,240"
2019-06-28 14:57:20.000000000,BEST_ASK,"JPM,99922,240"
2019-06-28 14:57:20.000000000,BEST_BID,"JPM,99798,240"
2019-06-28 14:57:20.000000000,BEST_ASK,"JPM,99922,240"
2019-06-28 14:57:30.000000000,QUERY_SPREAD,1
2019-06-28 14:57:30.000000000,BEST_BID,"JPM,99798,240"
2019-06-28 14:57:30.000000000,BEST_ASK,"JPM,99922,100"
2019-06-28 14:57:30.000000000,BEST_BID,"JPM,99798,240"
2019-06-28 14:57:30.000000000,BEST_ASK,"JPM,99922,100"
2019-06-28 14:57:30.000000000,BEST_BID,"JPM,99798,240"
2019-06-28 14:57:30.000000000,BEST_ASK,"JPM,99922,240"
2019-06-28 14:57:30.000000000,BEST_BID,"JPM,99798,240"
2019-06-28 14:57:30.000000000,BEST_ASK,"JPM,99922,240"
2019-06-28 14:57:33.372458308,QUERY_SPREAD,27
2019-06-28 14:57:33.372458308,BEST_BID,"JPM,99798,140"
2019-06-28 14:57:33.372458308,BEST_ASK,"JPM,99922,240"
2019-06-28 14:57:40.000000000,QUERY_SPREAD,1
2019-06-28 14:57:40.000000000,BEST_BID,"JPM,99794,195"
2019-06-28 14:57:40.000000000,BEST_ASK,"JPM,99922,100"
2019-06-28 14:57:40.000000000,BEST_BID,"JPM,99794,195"
2019-06-28 14:57:40.000000000,BEST_ASK,"JPM,99922,100"
2019-06-28 14:57:40.000000000,BEST_BID,"JPM,99794,195"
2019-06-28 14:57:40.000000000,BEST_ASK,"JPM,99922,100"
2019-06-28 14:57:40.000000000,BEST_BID,"JPM,99794,195"
2019-06-28 14:57:40.000000000,BEST_ASK,"JPM,99922,195"
2019-06-28 14:57:40.000000000,BEST_BID,"JPM,99794,195"
2019-06-28 14:57:40.000000000,BEST_ASK,"JPM,99922,195"
2019-06-28 14:57:40.000000000,BEST_BID,"JPM,99794,195"
2019-06-28 14:57:40.000000000,BEST_ASK,"JPM,99922,195"
2019-06-28 14:57:50.000000000,QUERY_SPREAD,1
2019-06-28 14:57:50.000000000,BEST_BID,"JPM,99794,170"
2019-06-28 14:57:50.000000000,BEST_ASK,"JPM,99922,100"
2019-06-28 14:57:50.000000000,BEST_BID,"JPM,99794,170"
2019-06-28 14:57:50.000000000,BEST_ASK,"JPM,99922,100"
2019-06-28 14:57:50.000000000,BEST_BID,"JPM,99794,170"
2019-06-28 14:57:50.000000000,BEST_ASK,"JPM,99922,100"
2019-06-28 14:57:50.000000000,BEST_BID,"JPM,99794,170"
2019-06-28 14:57:50.000000000,BEST_ASK,"JPM,99922,100"
2019-06-28 14:57:50.000000000,BEST_BID,"JPM,99794,170"
2019-06-28 14:57:50.000000000,BEST_ASK,"JPM,99922,170"
2019-06-28 14:57:50.000000000,BEST_BID,"JPM,99794,170"
2019-06-28 14:57:50.000000000,BEST_ASK,"JPM,99922,170"
2019-06-28 14:57:50.000000000,BEST_BID,"JPM,99794,170"
2019-06-28 14:57:50.000000000,BEST_ASK,"JPM,99922,170"
2019-06-28 14:57:50.000000000,BEST_BID,"JPM,99794,170"
2019-06-28 14:57:50.000000000,BEST_ASK,"JPM,99922,170"
2019-06-28 14:58:00.000000000,QUERY_SPREAD,1
2019-06-28 14:58:00.000000000,BEST_BID,"JPM,99794,380"
2019-06-28 14:58:00.000000000,BEST_ASK,"JPM,99922,100"
2019-06-28 14:58:00.000000000,BEST_BID,"JPM,99794,380"
2019-06-28 14:58:00.000000000,BEST_ASK,"JPM,99922,380"
2019-06-28 14:58:00.000000000,QUERY_SPREAD,77
2019-06-28 14:58:00.000000000,BEST_BID,"JPM,99794,380"
2019-06-28 14:58:00.000000000,BEST_ASK,"JPM,99922,379"
2019-06-28 14:58:00.000000000,LAST_TRADE,"1,$99922.0000"
2019-06-28 14:58:00.000000000,QUERY_SPREAD,78
2019-06-28 14:58:00.000000000,BEST_BID,"JPM,99794,380"
2019-06-28 14:58:00.000000000,BEST_ASK,"JPM,99922,375"
2019-06-28 14:58:00.000000000,LAST_TRADE,"4,$99922.0000"
2019-06-28 14:58:00.000000000,QUERY_SPREAD,79
2019-06-28 14:58:00.000000000,BEST_BID,"JPM,99794,380"
2019-06-28 14:58:00.000000000,BEST_ASK,"JPM,99922,369"
2019-06-28 14:58:00.000000000,LAST_TRADE,"6,$99922.0000"
2019-06-28 14:58:00.000000000,QUERY_SPREAD,80
2019-06-28 14:58:00.000000000,BEST_BID,"JPM,99794,380"
2019-06-28 14:58:00.000000000,BEST_ASK,"JPM,99922,364"
2019-06-28 14:58:00.000000000,LAST_TRADE,"5,$99922.0000"
2019-06-28 14:58:00.000000000,QUERY_SPREAD,81
2019-06-28 14:58:00.000000000,BEST_BID,"JPM,99794,380"
2019-06-28 14:58:00.000000000,BEST_ASK,"JPM,99922,356"
2019-06-28 14:58:00.000000000,LAST_TRADE,"8,$99922.0000"
2019-06-28 14:58:00.000000000,QUERY_SPREAD,82
2019-06-28 14:58:00.000000000,BEST_BID,"JPM,99794,380"
2019-06-28 14:58:00.000000000,BEST_ASK,"JPM,99922,348"
2019-06-28 14:58:00.000000000,LAST_TRADE,"8,$99922.0000"
2019-06-28 14:58:00.000000000,QUERY_SPREAD,83
2019-06-28 14:58:00.000000000,BEST_BID,"JPM,99794,380"
2019-06-28 14:58:00.000000000,BEST_ASK,"JPM,99922,346"
2019-06-28 14:58:00.000000000,LAST_TRADE,"2,$99922.0000"
2019-06-28 14:58:00.000000000,QUERY_SPREAD,84
2019-06-28 14:58:00.000000000,BEST_BID,"JPM,99794,380"
2019-06-28 14:58:00.000000000,BEST_ASK,"JPM,99922,345"
2019-06-28 14:58:00.000000000,LAST_TRADE,"1,$99922.0000"
2019-06-28 14:58:00.000000000,QUERY_SPREAD,85
2019-06-28 14:58:00.000000000,BEST_BID,"JPM,99794,380"
2019-06-28 14:58:00.000000000,BEST_ASK,"JPM,99922,344"
2019-06-28 14:58:00.000000000,LAST_TRADE,"1,$99922.0000"
2019-06-28 14:58:00.000000000,QUERY_SPREAD,86
2019-06-28 14:58:00.000000000,BEST_BID,"JPM,99794,380"
2019-06-28 14:58:00.000000000,BEST_ASK,"JPM,99922,338"
2019-06-28 14:58:00.000000000,LAST_TRADE,"6,$99922.0000"
2019-06-28 14:58:00.000000000,QUERY_SPREAD,87
2019-06-28 14:58:00.000000000,BEST_BID,"JPM,99794,380"
2019-06-28 14:58:00.000000000,BEST_ASK,"JPM,99922,335"
2019-06-28 14:58:00.000000000,LAST_TRADE,"3,$99922.0000"
2019-06-28 14:58:00.000000000,QUERY_SPREAD,88
2019-06-28 14:58:00.000000000,BEST_BID,"JPM,99794,380"
2019-06-28 14:58:00.000000000,BEST_ASK,"JPM,99922,331"
2019-06-28 14:58:00.000000000,LAST_TRADE,"4,$99922.0000"
2019-06-28 14:58:00.000000000,QUERY_SPREAD,89
2019-06-28 14:58:00.000000000,BEST_BID,"JPM,99794,380"
2019-06-28 14:58:00.000000000,BEST_ASK,"JPM,99922,327"
2019-06-28 14:58:00.000000000,LAST_TRADE,"4,$99922.0000"
2019-06-28 14:58:00.000000000,QUERY_SPREAD,90
2019-06-28 14:58:00.000000000,BEST_BID,"JPM,99794,380"
2019-06-28 14:58:00.000000000,BEST_ASK,"JPM,99922,320"
2019-06-28 14:58:00.000000000,LAST_TRADE,"7,$99922.0000"
2019-06-28 14:58:00.000000000,QUERY_SPREAD,91
2019-06-28 14:58:00.000000000,BEST_BID,"JPM,99794,380"
2019-06-28 14:58:00.000000000,BEST_ASK,"JPM,99922,312"
2019-06-28 14:58:00.000000000,LAST_TRADE,"8,$99922.0000"
2019-06-28 14:58:00.000000000,QUERY_SPREAD,92
2019-06-28 14:58:00.000000000,BEST_BID,"JPM,99794,380"
2019-06-28 14:58:00.000000000,BEST_ASK,"JPM,99922,307"
2019-06-28 14:58:00.000000000,LAST_TRADE,"5,$99922.0000"
2019-06-28 14:58:00.000000000,QUERY_SPREAD,93
2019-06-28 14:58:00.000000000,BEST_BID,"JPM,99794,380"
2019-06-28 14:58:00.000000000,BEST_ASK,"JPM,99922,304"
2019-06-28 14:58:00.000000000,LAST_TRADE,"3,$99922.0000"
2019-06-28 14:58:00.000000000,QUERY_SPREAD,94
2019-06-28 14:58:00.000000000,BEST_BID,"JPM,99794,380"
2019-06-28 14:58:00.000000000,BEST_ASK,"JPM,99922,300"
2019-06-28 14:58:00.000000000,LAST_TRADE,"4,$99922.0000"
2019-06-28 14:58:00.000000000,QUERY_SPREAD,95
2019-06-28 14:58:00.000000000,BEST_BID,"JPM,99794,380"
2019-06-28 14:58:00.000000000,BEST_ASK,"JPM,99922,295"
2019-06-28 14:58:00.000000000,LAST_TRADE,"5,$99922.0000"
2019-06-28 14:58:00.000000000,QUERY_SPREAD,96
2019-06-28 14:58:00.000000000,BEST_BID,"JPM,99794,380"
2019-06-28 14:58:00.000000000,BEST_ASK,"JPM,99922,294"
2019-06-28 14:58:00.000000000,LAST_TRADE,"1,$99922.0000"
2019-06-28 14:58:00.000000000,QUERY_SPREAD,97
2019-06-28 14:58:00.000000000,BEST_BID,"JPM,99794,380"
2019-06-28 14:58:00.000000000,BEST_ASK,"JPM,99922,287"
2019-06-28 14:58:00.000000000,LAST_TRADE,"7,$99922.0000"
2019-06-28 14:58:00.000000000,QUERY_SPREAD,98
2019-06-28 14:58:00.000000000,BEST_BID,"JPM,99794,380"
2019-06-28 14:58:00.000000000,BEST_ASK,"JPM,99922,281"
2019-06-28 14:58:00.000000000,LAST_TRADE,"6,$99922.0000"
2019-06-28 14:58:00.000000000,QUERY_SPREAD,99
2019-06-28 14:58:00.000000000,BEST_BID,"JPM,99794,380"
2019-06-28 14:58:00.000000000,BEST_ASK,"JPM,99922,276"
2019-06-28 14:58:00.000000000,LAST_TRADE,"5,$99922.0000"
2019-06-28 14:58:00.000000000,QUERY_SPREAD,100
2019-06-28 14:58:00.000000000,BEST_BID,"JPM,99794,380"
2019-06-28 14:58:00.000000000,BEST_ASK,"JPM,99922,269"
2019-06-28 14:58:00.000000000,LAST_TRADE,"7,$99922.0000"
2019-06-28 14:58:00.000000000,QUERY_SPREAD,101
2019-06-28 14:58:00.000000000,QUERY_ORDER_STREAM,101
2019-06-28 14:58:03.151063423,QUERY_ORDER_STREAM,75
2019-06-28 14:58:03.151063423,QUERY_SPREAD,75
2019-06-28 14:58:10.000000000,QUERY_SPREAD,1
2019-06-28 14:58:10.000000000,BEST_BID,"JPM,99794,195"
2019-06-28 14:58:10.000000000,BEST_ASK,"JPM,100051,100"
2019-06-28 14:58:10.000000000,BEST_BID,"JPM,99794,195"
2019-06-28 14:58:10.000000000,BEST_ASK,"JPM,100051,100"
2019-06-28 14:58:10.000000000,BEST_BID,"JPM,99794,195"
2019-06-28 14:58:10.000000000,BEST_ASK,"JPM,100051,100"
2019-06-28 14:58:10.000000000,BEST_BID,"JPM,99794,195"
2019-06-28 14:58:10.000000000,BEST_ASK,"JPM,100051,195"
2019-06-28 14:58:10.000000000,BEST_BID,"JPM,99794,195"
2019-06-28 14:58:10.000000000,BEST_ASK,"JPM,100051,195"
2019-06-28 14:58:10.000000000,BEST_BID,"JPM,99794,195"
2019-06-28 14:58:10.000000000,BEST_ASK,"JPM,100051,195"
2019-06-28 14:58:20.000000000,QUERY_SPREAD,1
2019-06-28 14:58:20.000000000,BEST_BID,"JPM,99794,170"
2019-06-28 14:58:20.000000000,BEST_ASK,"JPM,100051,100"
2019-06-28 14:58:20.000000000,BEST_BID,"JPM,99794,170"
2019-06-28 14:58:20.000000000,BEST_ASK,"JPM,100051,100"
2019-06-28 14:58:20.000000000,BEST_BID,"JPM,99794,170"
2019-06-28 14:58:20.000000000,BEST_ASK,"JPM,100051,100"
2019-06-28 14:58:20.000000000,BEST_BID,"JPM,99794,170"
2019-06-28 14:58:20.000000000,BEST_ASK,"JPM,100051,100"
2019-06-28 14:58:20.000000000,BEST_BID,"JPM,99794,170"
2019-06-28 14:58:20.000000000,BEST_ASK,"JPM,100051,170"
2019-06-28 14:58:20.000000000,BEST_BID,"JPM,99794,170"
2019-06-28 14:58:20.000000000,BEST_ASK,"JPM,100051,170"
2019-06-28 14:58:20.000000000,BEST_BID,"JPM,99794,170"
2019-06-28 14:58:20.000000000,BEST_ASK,"JPM,100051,170"
2019-06-28 14:58:20.000000000,BEST_BID,"JPM,99794,170"
2019-06-28 14:58:20.000000000,BEST_ASK,"JPM,100051,170"
2019-06-28 14:58:30.000000000,QUERY_SPREAD,1
2019-06-28 14:58:30.000000000,BEST_BID,"JPM,99794,240"
2019-06-28 14:58:30.000000000,BEST_ASK,"JPM,100051,100"
2019-06-28 14:58:30.000000000,BEST_BID,"JPM,99794,240"
2019-06-28 14:58:30.000000000,BEST_ASK,"JPM,100051,100"
2019-06-28 14:58:30.000000000,BEST_BID,"JPM,99794,240"
2019-06-28 14:58:30.000000000,BEST_ASK,"JPM,100051,240"
2019-06-28 14:58:30.000000000,BEST_BID,"JPM,99794,240"
2019-06-28 14:58:30.000000000,BEST_ASK,"JPM,100051,240"
2019-06-28 14:58:40.000000000,QUERY_SPREAD,1
2019-06-28 14:58:40.000000000,BEST_BID,"JPM,99794,240"
2019-06-28 14:58:40.000000000,BEST_ASK,"JPM,100051,100"
2019-06-28 14:58:40.000000000,BEST_BID,"JPM,99794,240"
2019-06-28 14:58:40.000000000,BEST_ASK,"JPM,100051,100"
2019-06-28 14:58:40.000000000,BEST_BID,"JPM,99794,240"
2019-06-28 14:58:40.000000000,BEST_ASK,"JPM,100051,240"
2019-06-28 14:58:40.000000000,BEST_BID,"JPM,99794,240"
2019-06-28 14:58:40.000000000,BEST_ASK,"JPM,100051,240"
2019-06-28 14:58:40.347740727,QUERY_SPREAD,32
2019-06-28 14:58:40.347740727,BEST_BID,"JPM,99794,240"
2019-06-28 14:58:40.347740727,BEST_ASK,"JPM,100008,100"
2019-06-28 14:58:41.332860198,QUERY_ORDER_STREAM,54
2019-06-28 14:58:41.332860198,QUERY_SPREAD,54
2019-06-28 14:58:47.004701915,QUERY_SPREAD,13
2019-06-28 14:58:47.004701915,BEST_BID,"JPM,99794,140"
2019-06-28 14:58:47.004701915,BEST_ASK,"JPM,100008,100"
2019-06-28 14:58:47.004701915,LAST_TRADE,"100,$99794.0000"
2019-06-28 14:58:50.000000000,QUERY_SPREAD,1
2019-06-28 14:58:50.000000000,BEST_BID,"JPM,99755,380"
2019-06-28 14:58:50.000000000,BEST_ASK,"JPM,100008,100"
2019-06-28 14:58:50.000000000,BEST_BID,"JPM,99755,380"
2019-06-28 14:58:50.000000000,BEST_ASK,"JPM,100008,380"
2019-06-28 14:58:53.060869989,QUERY_SPREAD,43
2019-06-28 14:58:53.060869989,BEST_BID,"JPM,99755,280"
2019-06-28 14:58:53.060869989,BEST_ASK,"JPM,100008,380"
2019-06-28 14:58:53.060869989,LAST_TRADE,"100,$99755.0000"
2019-06-28 14:58:55.334848427,QUERY_SPREAD,12
2019-06-28 14:58:55.334848427,BEST_BID,"JPM,99755,180"
2019-06-28 14:58:55.334848427,BEST_ASK,"JPM,100008,380"
2019-06-28 14:58:55.334848427,LAST_TRADE,"100,$99755.0000"
2019-06-28 14:58:58.769407774,QUERY_SPREAD,27
2019-06-28 14:58:58.769407774,BEST_BID,"JPM,99755,180"
2019-06-28 14:58:58.769407774,BEST_ASK,"JPM,100008,380"
2019-06-28 14:59:00.000000000,QUERY_SPREAD,1
2019-06-28 14:59:00.000000000,BEST_BID,"JPM,99613,380"
2019-06-28 14:59:00.000000000,BEST_ASK,"JPM,100008,100"
2019-06-28 14:59:00.000000000,BEST_BID,"JPM,99613,380"
2019-06-28 14:59:00.000000000,BEST_ASK,"JPM,100008,380"
2019-06-28 14:59:00.000000000,QUERY_SPREAD,77
2019-06-28 14:59:00.000000000,BEST_BID,"JPM,99613,380"
2019-06-28 14:59:00.000000000,BEST_ASK,"JPM,100008,379"
2019-06-28 14:59:00.000000000,LAST_TRADE,"1,$100008.0000"
2019-06-28 14:59:00.000000000,QUERY_SPREAD,78
2019-06-28 14:59:00.000000000,BEST_BID,"JPM,99613,380"
2019-06-28 14:59:00.000000000,BEST_ASK,"JPM,100008,375"
2019-06-28 14:59:00.000000000,LAST_TRADE,"4,$100008.0000"
2019-06-28 14:59:00.000000000,QUERY_SPREAD,79
2019-06-28 14:59:00.000000000,BEST_BID,"JPM,99613,380"
2019-06-28 14:59:00.000000000,BEST_ASK,"JPM,100008,369"
2019-06-28 14:59:00.000000000,LAST_TRADE,"6,$100008.0000"
2019-06-28 14:59:00.000000000,QUERY_SPREAD,80
2019-06-28 14:59:00.000000000,BEST_BID,"JPM,99613,380"
2019-06-28 14:59:00.000000000,BEST_ASK,"JPM,100008,364"
2019-06-28 14:59:00.000000000,LAST_TRADE,"5,$100008.0000"
2019-06-28 14:59:00.000000000,QUERY_SPREAD,81
2019-06-28 14:59:00.000000000,BEST_BID,"JPM,99613,380"
2019-06-28 14:59:00.000000000,BEST_ASK,"JPM,100008,356"
2019-06-28 14:59:00.000000000,LAST_TRADE,"8,$100008.0000"
2019-06-28 14:59:00.000000000,QUERY_SPREAD,82
2019-06-28 14:59:00.000000000,BEST_BID,"JPM,99613,380"
2019-06-28 14:59:00.000000000,BEST_ASK,"JPM,100008,348"
2019-06-28 14:59:00.000000000,LAST_TRADE,"8,$100008.0000"
2019-06-28 14:59:00.000000000,QUERY_SPREAD,83
2019-06-28 14:59:00.000000000,BEST_BID,"JPM,99613,380"
2019-06-28 14:59:00.000000000,BEST_ASK,"JPM,100008,346"
2019-06-28 14:59:00.000000000,LAST_TRADE,"2,$100008.0000"
2019-06-28 14:59:00.000000000,QUERY_SPREAD,84
2019-06-28 14:59:00.000000000,BEST_BID,"JPM,99613,380"
2019-06-28 14:59:00.000000000,BEST_ASK,"JPM,100008,345"
2019-06-28 14:59:00.000000000,LAST_TRADE,"1,$100008.0000"
2019-06-28 14:59:00.000000000,QUERY_SPREAD,85
2019-06-28 14:59:00.000000000,BEST_BID,"JPM,99613,380"
2019-06-28 14:59:00.000000000,BEST_ASK,"JPM,100008,344"
2019-06-28 14:59:00.000000000,LAST_TRADE,"1,$100008.0000"
2019-06-28 14:59:00.000000000,QUERY_SPREAD,86
2019-06-28 14:59:00.000000000,BEST_BID,"JPM,99613,380"
2019-06-28 14:59:00.000000000,BEST_ASK,"JPM,100008,338"
2019-06-28 14:59:00.000000000,LAST_TRADE,"6,$100008.0000"
2019-06-28 14:59:00.000000000,QUERY_SPREAD,87
2019-06-28 14:59:00.000000000,BEST_BID,"JPM,99613,380"
2019-06-28 14:59:00.000000000,BEST_ASK,"JPM,100008,335"
2019-06-28 14:59:00.000000000,LAST_TRADE,"3,$100008.0000"
2019-06-28 14:59:00.000000000,QUERY_SPREAD,88
2019-06-28 14:59:00.000000000,BEST_BID,"JPM,99613,380"
2019-06-28 14:59:00.000000000,BEST_ASK,"JPM,100008,331"
2019-06-28 14:59:00.000000000,LAST_TRADE,"4,$100008.0000"
2019-06-28 14:59:00.000000000,QUERY_SPREAD,89
2019-06-28 14:59:00.000000000,BEST_BID,"JPM,99613,380"
2019-06-28 14:59:00.000000000,BEST_ASK,"JPM,100008,327"
2019-06-28 14:59:00.000000000,LAST_TRADE,"4,$100008.0000"
2019-06-28 14:59:00.000000000,QUERY_SPREAD,90
2019-06-28 14:59:00.000000000,BEST_BID,"JPM,99613,380"
2019-06-28 14:59:00.000000000,BEST_ASK,"JPM,100008,320"
2019-06-28 14:59:00.000000000,LAST_TRADE,"7,$100008.0000"
2019-06-28 14:59:00.000000000,QUERY_SPREAD,91
2019-06-28 14:59:00.000000000,BEST_BID,"JPM,99613,380"
2019-06-28 14:59:00.000000000,BEST_ASK,"JPM,100008,312"
2019-06-28 14:59:00.000000000,LAST_TRADE,"8,$100008.0000"
2019-06-28 14:59:00.000000000,QUERY_SPREAD,92
2019-06-28 14:59:00.000000000,BEST_BID,"JPM,99613,380"
2019-06-28 14:59:00.000000000,BEST_ASK,"JPM,100008,307"
2019-06-28 14:59:00.000000000,LAST_TRADE,"5,$100008.0000"
2019-06-28 14:59:00.000000000,QUERY_SPREAD,93
2019-06-28 14:59:00.000000000,BEST_BID,"JPM,99613,380"
2019-06-28 14:59:00.000000000,BEST_ASK,"JPM,100008,304"
2019-06-28 14:59:00.000000000,LAST_TRADE,"3,$100008.0000"
2019-06-28 14:59:00.000000000,QUERY_SPREAD,94
2019-06-28 14:59:00.000000000,BEST_BID,"JPM,99613,380"
2019-06-28 14:59:00.000000000,BEST_ASK,"JPM,100008,300"
2019-06-28 14:59:00.000000000,LAST_TRADE,"4,$100008.0000"
2019-06-28 14:59:00.000000000,QUERY_SPREAD,95
2019-06-28 14:59:00.000000000,BEST_BID,"JPM,99613,380"
2019-06-28 14:59:00.000000000,BEST_ASK,"JPM,100008,295"
2019-06-28 14:59:00.000000000,LAST_TRADE,"5,$100008.0000"
2019-06-28 14:59:00.000000000,QUERY_SPREAD,96
2019-06-28 14:59:00.000000000,BEST_BID,"JPM,99613,380"
2019-06-28 14:59:00.000000000,BEST_ASK,"JPM,100008,294"
2019-06-28 14:59:00.000000000,LAST_TRADE,"1,$100008.0000"
2019-06-28 14:59:00.000000000,QUERY_SPREAD,97
2019-06-28 14:59:00.000000000,BEST_BID,"JPM,99613,380"
2019-06-28 14:59:00.000000000,BEST_ASK,"JPM,100008,287"
2019-06-28 14:59:00.000000000,LAST_TRADE,"7,$100008.0000"
2019-06-28 14:59:00.000000000,QUERY_SPREAD,98
2019-06-28 14:59:00.000000000,BEST_BID,"JPM,99613,380"
2019-06-28 14:59:00.000000000,BEST_ASK,"JPM,100008,281"
2019-06-28 14:59:00.000000000,LAST_TRADE,"6,$100008.0000"
2019-06-28 14:59:00.000000000,QUERY_SPREAD,99
2019-06-28 14:59:00.000000000,BEST_BID,"JPM,99613,380"
2019-06-28 14:59:00.000000000,BEST_ASK,"JPM,100008,276"
2019-06-28 14:59:00.000000000,LAST_TRADE,"5,$100008.0000"
2019-06-28 14:59:00.000000000,QUERY_SPREAD,100
2019-06-28 14:59:00.000000000,BEST_BID,"JPM,99613,380"
2019-06-28 14:59:00.000000000,BEST_ASK,"JPM,100008,269"
2019-06-28 14:59:00.000000000,LAST_TRADE,"7,$100008.0000"
2019-06-28 14:59:00.000000000,QUERY_SPREAD,101
2019-06-28 14:59:00.000000000,QUERY_ORDER_STREAM,101
2019-06-28 14:59:00.323374441,QUERY_SPREAD,46
2019-06-28 14:59:00.323374441,BEST_BID,"JPM,99613,380"
2019-06-28 14:59:00.323374441,BEST_ASK,"JPM,99702,100"
2019-06-28 14:59:10.000000000,QUERY_SPREAD,1
2019-06-28 14:59:10.000000000,BEST_BID,"JPM,99613,240"
2019-06-28 14:59:10.000000000,BEST_ASK,"JPM,99702,100"
2019-06-28 14:59:10.000000000,BEST_BID,"JPM,99613,240"
2019-06-28 14:59:10.000000000,BEST_ASK,"JPM,99702,100"
2019-06-28 14:59:10.000000000,BEST_BID,"JPM,99613,240"
2019-06-28 14:59:10.000000000,BEST_ASK,"JPM,99702,240"
2019-06-28 14:59:10.000000000,BEST_BID,"JPM,99613,240"
2019-06-28 14:59:10.000000000,BEST_ASK,"JPM,99702,240"
2019-06-28 14:59:20.000000000,QUERY_SPREAD,1
2019-06-28 14:59:20.000000000,BEST_BID,"JPM,99613,380"
2019-06-28 14:59:20.000000000,BEST_ASK,"JPM,99702,100"
2019-06-28 14:59:20.000000000,BEST_BID,"JPM,99613,380"
2019-06-28 14:59:20.000000000,BEST_ASK,"JPM,99702,380"
2019-06-28 14:59:25.041702545,QUERY_SPREAD,24
2019-06-28 14:59:25.041702545,BEST_BID,"JPM,99613,380"
2019-06-28 14:59:25.041702545,BEST_ASK,"JPM,99702,380"
2019-06-28 14:59:26.589951358,QUERY_ORDER_STREAM,72
2019-06-28 14:59:26.589951358,QUERY_SPREAD,72
2019-06-28 14:59:26.589951358,BEST_BID,"JPM,99613,380"
2019-06-28 14:59:26.589951358,BEST_ASK,"JPM,99702,380"
2019-06-28 14:59:30.000000000,QUERY_SPREAD,1
2019-06-28 14:59:30.000000000,BEST_BID,"JPM,99613,380"
2019-06-28 14:59:30.000000000,BEST_ASK,"JPM,99702,100"
2019-06-28 14:59:30.000000000,BEST_BID,"JPM,99613,380"
2019-06-28 14:59:30.000000000,BEST_ASK,"JPM,99702,380"
2019-06-28 14:59:40.000000000,QUERY_SPREAD,1
2019-06-28 14:59:40.000000000,BEST_BID,"JPM,99613,195"
2019-06-28 14:59:40.000000000,BEST_ASK,"JPM,99702,100"
2019-06-28 14:59:40.000000000,BEST_BID,"JPM,99613,195"
2019-06-28 14:59:40.000000000,BEST_ASK,"JPM,99702,100"
2019-06-28 14:59:40.000000000,BEST_BID,"JPM,99613,195"
2019-06-28 14:59:40.000000000,BEST_ASK,"JPM,99702,100"
2019-06-28 14:59:40.000000000,BEST_BID,"JPM,99613,195"
2019-06-28 14:59:40.000000000,BEST_ASK,"JPM,99702,195"
2019-06-28 14:59:40.000000000,BEST_BID,"JPM,99613,195"
2019-06-28 14:59:40.000000000,BEST_ASK,"JPM,99702,195"
2019-06-28 14:59:40.000000000,BEST_BID,"JPM,99613,195"
2019-06-28 14:59:40.000000000,BEST_ASK,"JPM,99702,195"
2019-06-28 14:59:48.859145620,QUERY_ORDER_STREAM,76
2019-06-28 14:59:48.859145620,QUERY_SPREAD,76
2019-06-28 14:59:50.000000000,QUERY_SPREAD,1
2019-06-28 14:59:50.000000000,BEST_BID,"JPM,99613,170"
2019-06-28 14:59:50.000000000,BEST_ASK,"JPM,99702,100"
2019-06-28 14:59:50.000000000,BEST_BID,"JPM,99613,170"
2019-06-28 14:59:50.000000000,BEST_ASK,"JPM,99702,100"
2019-06-28 14:59:50.000000000,BEST_BID,"JPM,99613,170"
2019-06-28 14:59:50.000000000,BEST_ASK,"JPM,99702,100"
2019-06-28 14:59:50.000000000,BEST_BID,"JPM,99613,170"
2019-06-28 14:59:50.000000000,BEST_ASK,"JPM,99702,100"
2019-06-28 14:59:50.000000000,BEST_BID,"JPM,99613,170"
2019-06-28 14:59:50.000000000,BEST_ASK,"JPM,99702,170"
2019-06-28 14:59:50.000000000,BEST_BID,"JPM,99613,170"
2019-06-28 14:59:50.000000000,BEST_ASK,"JPM,99702,170"
2019-06-28 14:59:50.000000000,BEST_BID,"JPM,99613,170"
2019-06-28 14:59:50.000000000,BEST_ASK,"JPM,99702,170"
2019-06-28 14:59:50.000000000,BEST_BID,"JPM,99613,170"
2019-06-28 14:59:50.000000000,BEST_ASK,"JPM,99702,170"
2019-06-28 15:00:00.000000000,QUERY_SPREAD,1
2019-06-28 15:00:00.000000000,BEST_BID,"JPM,99613,240"
2019-06-28 15:00:00.000000000,BEST_ASK,"JPM,99702,100"
2019-06-28 15:00:00.000000000,BEST_BID,"JPM,99613,240"
2019-06-28 15:00:00.000000000,BEST_ASK,"JPM,99702,100"
2019-06-28 15:00:00.000000000,BEST_BID,"JPM,99613,240"
2019-06-28 15:00:00.000000000,BEST_ASK,"JPM,99702,240"
2019-06-28 15:00:00.000000000,BEST_BID,"JPM,99613,240"
2019-06-28 15:00:00.000000000,BEST_ASK,"JPM,99702,240"
2019-06-28 15:00:00.000000000,QUERY_SPREAD,77
2019-06-28 15:00:00.000000000,BEST_BID,"JPM,99613,240"
2019-06-28 15:00:00.000000000,BEST_ASK,"JPM,99702,239"
2019-06-28 15:00:00.000000000,LAST_TRADE,"1,$99702.0000"
2019-06-28 15:00:00.000000000,QUERY_SPREAD,78
2019-06-28 15:00:00.000000000,BEST_BID,"JPM,99613,240"
2019-06-28 15:00:00.000000000,BEST_ASK,"JPM,99702,235"
2019-06-28 15:00:00.000000000,LAST_TRADE,"4,$99702.0000"
2019-06-28 15:00:00.000000000,QUERY_SPREAD,79
2019-06-28 15:00:00.000000000,BEST_BID,"JPM,99613,240"
2019-06-28 15:00:00.000000000,BEST_ASK,"JPM,99702,229"
2019-06-28 15:00:00.000000000,LAST_TRADE,"6,$99702.0000"
2019-06-28 15:00:00.000000000,QUERY_SPREAD,80
2019-06-28 15:00:00.000000000,BEST_BID,"JPM,99613,240"
2019-06-28 15:00:00.000000000,BEST_ASK,"JPM,99702,224"
2019-06-28 15:00:00.000000000,LAST_TRADE,"5,$99702.0000"
2019-06-28 15:00:00.000000000,QUERY_SPREAD,81
2019-06-28 15:00:00.000000000,BEST_BID,"JPM,99613,240"
2019-06-28 15:00:00.000000000,BEST_ASK,"JPM,99702,216"
2019-06-28 15:00:00.000000000,LAST_TRADE,"8,$99702.0000"
2019-06-28 15:00:00.000000000,QUERY_SPREAD,82
2019-06-28 15:00:00.000000000,BEST_BID,"JPM,99613,240"
2019-06-28 15:00:00.000000000,BEST_ASK,"JPM,99702,208"
2019-06-28 15:00:00.000000000,LAST_TRADE,"8,$99702.0000"
2019-06-28 15:00:00.000000000,QUERY_SPREAD,83
2019-06-28 15:00:00.000000000,BEST_BID,"JPM,99613,240"
2019-06-28 15:00:00.000000000,BEST_ASK,"JPM,99702,206"
2019-06-28 15:00:00.000000000,LAST_TRADE,"2,$99702.0000"
2019-06-28 15:00:00.000000000,QUERY_SPREAD,84
2019-06-28 15:00:00.000000000,BEST_BID,"JPM,99613,240"
2019-06-28 15:00:00.000000000,BEST_ASK,"JPM,99702,205"
2019-06-28 15:00:00.000000000,LAST_TRADE,"1,$99702.0000"
2019-06-28 15:00:00.000000000,QUERY_SPREAD,85
2019-06-28 15:00:00.000000000,BEST_BID,"JPM,99613,240"
2019-06-28 15:00:00.000000000,BEST_ASK,"JPM,99702,204"
2019-06-28 15:00:00.000000000,LAST_TRADE,"1,$99702.0000"
2019-06-28 15:00:00.000000000,QUERY_SPREAD,86
2019-06-28 15:00:00.000000000,BEST_BID,"JPM,99613,240"
2019-06-28 15:00:00.000000000,BEST_ASK,"JPM,99702,198"
2019-06-28 15:00:00.000000000,LAST_TRADE,"6,$99702.0000"
2019-06-28 15:00:00.000000000,QUERY_SPREAD,87
2019-06-28 15:00:00.000000000,BEST_BID,"JPM,99613,240"
2019-06-28 15:00:00.000000000,BEST_ASK,"JPM,99702,195"
2019-06-28 15:00:00.000000000,LAST_TRADE,"3,$99702.0000"
2019-06-28 15:00:00.000000000,QUERY_SPREAD,88
2019-06-28 15:00:00.000000000,BEST_BID,"JPM,99613,240"
2019-06-28 15:00:00.000000000,BEST_ASK,"JPM,99702,191"
2019-06-28 15:00:00.000000000,LAST_TRADE,"4,$99702.0000"
2019-06-28 15:00:00.000000000,QUERY_SPREAD,89
2019-06-28 15:00:00.000000000,BEST_BID,"JPM,99613,240"
2019-06-28 15:00:00.000000000,BEST_ASK,"JPM,99702,187"
2019-06-28 15:00:00.000000000,LAST_TRADE,"4,$99702.0000"
2019-06-28 15:00:00.000000000,QUERY_SPREAD,90
2019-06-28 15:00:00.000000000,BEST_BID,"JPM,99613,240"
2019-06-28 15:00:00.000000000,BEST_ASK,"JPM,99702,180"
2019-06-28 15:00:00.000000000,LAST_TRADE,"7,$99702.0000"
2019-06-28 15:00:00.000000000,QUERY_SPREAD,91
2019-06-28 15:00:00.000000000,BEST_BID,"JPM,99613,240"
2019-06-28 15:00:00.000000000,BEST_ASK,"JPM,99702,172"
2019-06-28 15:00:00.000000000,LAST_TRADE,"8,$99702.0000"
2019-06-28 15:00:00.000000000,QUERY_SPREAD,92
2019-06-28 15:00:00.000000000,BEST_BID,"JPM,99613,240"
2019-06-28 15:00:00.000000000,BEST_ASK,"JPM,99702,167"
2019-06-28 15:00:00.000000000,LAST_TRADE,"5,$99702.0000"
2019-06-28 15:00:00.000000000,QUERY_SPREAD,93
2019-06-28 15:00:00.000000000,BEST_BID,"JPM,99613,240"
2019-06-28 15:00:00.000000000,BEST_ASK,"JPM,99702,164"
2019-06-28 15:00:00.000000000,LAST_TRADE,"3,$99702.0000"
2019-06-28 15:00:00.000000000,QUERY_SPREAD,94
2019-06-28 15:00:00.000000000,BEST_BID,"JPM,99613,240"
2019-06-28 15:00:00.000000000,BEST_ASK,"JPM,99702,160"
2019-06-28 15:00:00.000000000,LAST_TRADE,"4,$99702.0000"
2019-06-28 15:00:00.000000000,QUERY_SPREAD,95
2019-06-28 15:00:00.000000000,BEST_BID,"JPM,99613,240"
2019-06-28 15:00:00.000000000,BEST_ASK,"JPM,99702,155"
2019-06-28 15:00:00.000000000,LAST_TRADE,"5,$99702.0000"
2019-06-28 15:00:00.000000000,QUERY_SPREAD,96
2019-06-28 15:00:00.000000000,BEST_BID,"JPM,99613,240"
2019-06-28 15:00:00.000000000,BEST_ASK,"JPM,99702,154"
2019-06-28 15:00:00.000000000,LAST_TRADE,"1,$99702.0000"
2019-06-28 15:00:00.000000000,QUERY_SPREAD,97
2019-06-28 15:00:00.000000000,BEST_BID,"JPM,99613,240"
2019-06-28 15:00:00.000000000,BEST_ASK,"JPM,99702,147"
2019-06-28 15:00:00.000000000,LAST_TRADE,"7,$99702.0000"
2019-06-28 15:00:00.000000000,QUERY_SPREAD,98
2019-06-28 15:00:00.000000000,BEST_BID,"JPM,99613,240"
2019-06-28 15:00:00.000000000,BEST_ASK,"JPM,99702,141"
2019-06-28 15:00:00.000000000,LAST_TRADE,"6,$99702.0000"
2019-06-28 15:00:00.000000000,QUERY_SPREAD,99
2019-06-28 15:00:00.000000000,BEST_BID,"JPM,99613,240"
2019-06-28 15:00:00.000000000,BEST_ASK,"JPM,99702,136"
2019-06-28 15:00:00.000000000,LAST_TRADE,"5,$99702.0000"
2019-06-28 15:00:00.000000000,QUERY_SPREAD,100
2019-06-28 15:00:00.000000000,BEST_BID,"JPM,99613,240"
2019-06-28 15:00:00.000000000,BEST_ASK,"JPM,99702,129"
2019-06-28 15:00:00.000000000,LAST_TRADE,"7,$99702.0000"
2019-06-28 15:00:00.000000000,QUERY_SPREAD,101
2019-06-28 15:00:00.000000000,QUERY_ORDER_STREAM,101
2019-06-28 15:00:08.909706150,QUERY_ORDER_STREAM,61
2019-06-28 15:00:08.909706150,QUERY_SPREAD,61
2019-06-28 15:00:08.909706150,BEST_BID,"JPM,99613,240"
2019-06-28 15:00:08.909706150,BEST_ASK,"JPM,99702,29"
2019-06-28 15:00:08.909706150,LAST_TRADE,"100,$99702.0000"
2019-06-28 15:00:09.416810206,QUERY_SPREAD,38
2019-06-28 15:00:09.416810206,BEST_BID,"JPM,99613,140"
2019-06-28 15:00:09.416810206,BEST_ASK,"JPM,99702,29"
2019-06-28 15:00:09.416810206,LAST_TRADE,"100,$99613.0000"
2019-06-28 15:00:10.000000000,QUERY_SPREAD,1
2019-06-28 15:00:10.000000000,BEST_BID,"JPM,99606,240"
2019-06-28 15:00:10.000000000,BEST_ASK,"JPM,100008,100"
2019-06-28 15:00:10.000000000,BEST_BID,"JPM,99606,240"
2019-06-28 15:00:10.000000000,BEST_ASK,"JPM,100008,100"
2019-06-28 15:00:10.000000000,BEST_BID,"JPM,99606,240"
2019-06-28 15:00:10.000000000,BEST_ASK,"JPM,100008,240"
2019-06-28 15:00:10.000000000,BEST_BID,"JPM,99606,240"
2019-06-28 15:00:10.000000000,BEST_ASK,"JPM,100008,240"
2019-06-28 15:00:20.000000000,QUERY_SPREAD,1
2019-06-28 15:00:20.000000000,BEST_BID,"JPM,99606,170"
2019-06-28 15:00:20.000000000,BEST_ASK,"JPM,100008,100"
2019-06-28 15:00:20.000000000,BEST_BID,"JPM,99606,170"
2019-06-28 15:00:20.000000000,BEST_ASK,"JPM,100008,100"
2019-06-28 15:00:20.000000000,BEST_BID,"JPM,99606,170"
2019-06-28 15:00:20.000000000,BEST_ASK,"JPM,100008,100"
2019-06-28 15:00:20.000000000,BEST_BID,"JPM,99606,170"
2019-06-28 15:00:20.000000000,BEST_ASK,"JPM,100008,100"
2019-06-28 15:00:20.000000000,BEST_BID,"JPM,99606,170"
2019-06-28 15:00:20.000000000,BEST_ASK,"JPM,100008,170"
2019-06-28 15:00:20.000000000,BEST_BID,"JPM,99606,170"
2019-06-28 15:00:20.000000000,BEST_ASK,"JPM,100008,170"
2019-06-28 15:00:20.000000000,BEST_BID,"JPM,99606,170"
2019-06-28 15:00:20.000000000,BEST_ASK,"JPM,100008,170"
2019-06-28 15:00:20.000000000,BEST_BID,"JPM,99606,170"
2019-06-28 15:00:20.000000000,BEST_ASK,"JPM,100008,170"
2019-06-28 15:00:26.607669121,QUERY_ORDER_STREAM,68
2019-06-28 15:00:26.607669121,QUERY_SPREAD,68
2019-06-28 15:00:26.607669121,BEST_BID,"JPM,99613,100"
2019-06-28 15:00:26.607669121,BEST_ASK,"JPM,100008,170"
2019-06-28 15:00:30.000000000,QUERY_SPREAD,1
2019-06-28 15:00:30.000000000,BEST_BID,"JPM,99613,240"
2019-06-28 15:00:30.000000000,BEST_ASK,"JPM,100008,100"
2019-06-28 15:00:30.000000000,BEST_BID,"JPM,99613,240"
2019-06-28 15:00:30.000000000,BEST_ASK,"JPM,100008,100"
2019-06-28 15:00:30.000000000,BEST_BID,"JPM,99613,240"
2019-06-28 15:00:30.000000000,BEST_ASK,"JPM,100008,240"
2019-06-28 15:00:30.000000000,BEST_BID,"JPM,99613,240"
2019-06-28 15:00:30.000000000,BEST_ASK,"JPM,100008,240"
2019-06-28 15:00:40.000000000,QUERY_SPREAD,1
2019-06-28 15:00:40.000000000,BEST_BID,"JPM,99613,195"
2019-06-28 15:00:40.000000000,BEST_ASK,"JPM,100008,100"
2019-06-28 15:00:40.000000000,BEST_BID,"JPM,99613,195"
2019-06-28 15:00:40.000000000,BEST_ASK,"JPM,100008,100"
2019-06-28 15:00:40.000000000,BEST_BID,"JPM,99613,195"
2019-06-28 15:00:40.000000000,BEST_ASK,"JPM,100008,100"
2019-06-28 15:00:40.000000000,BEST_BID,"JPM,99613,195"
2019-06-28 15:00:40.000000000,BEST_ASK,"JPM,100008,195"
2019-06-28 15:00:40.000000000,BEST_BID,"JPM,99613,195"
2019-06-28 15:00:40.000000000,BEST_ASK,"JPM,100008,195"
2019-06-28 15:00:40.000000000,BEST_BID,"JPM,99613,195"
2019-06-28 15:00:40.000000000,BEST_ASK,"JPM,100008,195"
2019-06-28 15:00:40.534378364,QUERY_SPREAD,14
2019-06-28 15:00:40.534378364,BEST_BID,"JPM,99674,100"
2019-06-28 15:00:40.534378364,BEST_ASK,"JPM,100008,195"
2019-06-28 15:00:50.000000000,QUERY_SPREAD,1
2019-06-28 15:00:50.000000000,BEST_BID,"JPM,99674,170"
2019-06-28 15:00:50.000000000,BEST_ASK,"JPM,100008,100"
2019-06-28 15:00:50.000000000,BEST_BID,"JPM,99674,170"
2019-06-28 15:00:50.000000000,BEST_ASK,"JPM,100008,100"
2019-06-28 15:00:50.000000000,BEST_BID,"JPM,99674,170"
2019-06-28 15:00:50.000000000,BEST_ASK,"JPM,100008,100"
2019-06-28 15:00:50.000000000,BEST_BID,"JPM,99674,170"
2019-06-28 15:00:50.000000000,BEST_ASK,"JPM,100008,100"
2019-06-28 15:00:50.000000000,BEST_BID,"JPM,99674,170"
2019-06-28 15:00:50.000000000,BEST_ASK,"JPM,100008,170"
2019-06-28 15:00:50.000000000,BEST_BID,"JPM,99674,170"
2019-06-28 15:00:50.000000000,BEST_ASK,"JPM,100008,170"
2019-06-28 15:00:50.000000000,BEST_BID,"JPM,99674,170"
2019-06-28 15:00:50.000000000,BEST_ASK,"JPM,100008,170"
2019-06-28 15:00:50.000000000,BEST_BID,"JPM,99674,170"
2019-06-28 15:00:50.000000000,BEST_ASK,"JPM,100008,170"
2019-06-28 15:00:54.778881639,QUERY_ORDER_STREAM,68
2019-06-28 15:00:54.778881639,QUERY_SPREAD,68
2019-06-28 15:00:54.778881639,BEST_BID,"JPM,99674,170"
2019-06-28 15:00:54.778881639,BEST_ASK,"JPM,100008,170"
2019-06-28 15:01:00.000000000,QUERY_SPREAD,1
2019-06-28 15:01:00.000000000,BEST_BID,"JPM,99674,195"
2019-06-28 15:01:00.000000000,BEST_ASK,"JPM,100008,100"
2019-06-28 15:01:00.000000000,BEST_BID,"JPM,99674,195"
2019-06-28 15:01:00.000000000,BEST_ASK,"JPM,100008,100"
2019-06-28 15:01:00.000000000,BEST_BID,"JPM,99674,195"
2019-06-28 15:01:00.000000000,BEST_ASK,"JPM,100008,100"
2019-06-28 15:01:00.000000000,BEST_BID,"JPM,99674,195"
2019-06-28 15:01:00.000000000,BEST_ASK,"JPM,100008,195"
2019-06-28 15:01:00.000000000,BEST_BID,"JPM,99674,195"
2019-06-28 15:01:00.000000000,BEST_ASK,"JPM,100008,195"
2019-06-28 15:01:00.000000000,BEST_BID,"JPM,99674,195"
2019-06-28 15:01:00.000000000,BEST_ASK,"JPM,100008,195"
2019-06-28 15:01:00.000000000,QUERY_SPREAD,77
2019-06-28 15:01:00.000000000,BEST_BID,"JPM,99674,195"
2019-06-28 15:01:00.000000000,BEST_ASK,"JPM,100008,194"
2019-06-28 15:01:00.000000000,LAST_TRADE,"1,$100008.0000"
2019-06-28 15:01:00.000000000,QUERY_SPREAD,78
2019-06-28 15:01:00.000000000,BEST_BID,"JPM,99674,195"
2019-06-28 15:01:00.000000000,BEST_ASK,"JPM,100008,190"
2019-06-28 15:01:00.000000000,LAST_TRADE,"4,$100008.0000"
2019-06-28 15:01:00.000000000,QUERY_SPREAD,79
2019-06-28 15:01:00.000000000,BEST_BID,"JPM,99674,195"
2019-06-28 15:01:00.000000000,BEST_ASK,"JPM,100008,184"
2019-06-28 15:01:00.000000000,LAST_TRADE,"6,$100008.0000"
2019-06-28 15:01:00.000000000,QUERY_SPREAD,80
2019-06-28 15:01:00.000000000,BEST_BID,"JPM,99674,195"
2019-06-28 15:01:00.000000000,BEST_ASK,"JPM,100008,179"
2019-06-28 15:01:00.000000000,LAST_TRADE,"5,$100008.0000"
2019-06-28 15:01:00.000000000,QUERY_SPREAD,81
2019-06-28 15:01:00.000000000,BEST_BID,"JPM,99674,195"
2019-06-28 15:01:00.000000000,BEST_ASK,"JPM,100008,171"
2019-06-28 15:01:00.000000000,LAST_TRADE,"8,$100008.0000"
2019-06-28 15:01:00.000000000,QUERY_SPREAD,82
2019-06-28 15:01:00.000000000,BEST_BID,"JPM,99674,195"
2019-06-28 15:01:00.000000000,BEST_ASK,"JPM,100008,163"
2019-06-28 15:01:00.000000000,LAST_TRADE,"8,$100008.0000"
2019-06-28 15:01:00.000000000,QUERY_SPREAD,83
2019-06-28 15:01:00.000000000,BEST_BID,"JPM,99674,195"
2019-06-28 15:01:00.000000000,BEST_ASK,"JPM,100008,161"
2019-06-28 15:01:00.000000000,LAST_TRADE,"2,$100008.0000"
2019-06-28 15:01:00.000000000,QUERY_SPREAD,84
2019-06-28 15:01:00.000000000,BEST_BID,"JPM,99674,195"
2019-06-28 15:01:00.000000000,BEST_ASK,"JPM,100008,160"
2019-06-28 15:01:00.000000000,LAST_TRADE,"1,$100008.0000"
2019-06-28 15:01:00.000000000,QUERY_SPREAD,85
2019-06-28 15:01:00.000000000,BEST_BID,"JPM,99674,195"
2019-06-28 15:01:00.000000000,BEST_ASK,"JPM,100008,159"
2019-06-28 15:01:00.000000000,LAST_TRADE,"1,$100008.0000"
2019-06-28 15:01:00.000000000,QUERY_SPREAD,86
2019-06-28 15:01:00.000000000,BEST_BID,"JPM,99674,195"
2019-06-28 15:01:00.000000000,BEST_ASK,"JPM,100008,153"
2019-06-28 15:01:00.000000000,LAST_TRADE,"6,$100008.0000"
2019-06-28 15:01:00.000000000,QUERY_SPREAD,87
2019-06-28 15:01:00.000000000,BEST_BID,"JPM,99674,195"
2019-06-28 15:01:00.000000000,BEST_ASK,"JPM,100008,150"
2019-06-28 15:01:00.000000000,LAST_TRADE,"3,$100008.0000"
2019-06-28 15:01:00.000000000,QUERY_SPREAD,88
2019-06-28 15:01:00.000000000,BEST_BID,"JPM,99674,195"
2019-06-28 15:01:00.000000000,BEST_ASK,"JPM,100008,146"
2019-06-28 15:01:00.000000000,LAST_TRADE,"4,$100008.0000"
2019-06-28 15:01:00.000000000,QUERY_SPREAD,89
2019-06-28 15:01:00.000000000,BEST_BID,"JPM,99674,195"
2019-06-28 15:01:00.000000000,BEST_ASK,"JPM,100008,142"
2019-06-28 15:01:00.000000000,LAST_TRADE,"4,$100008.0000"
2019-06-28 15:01:00.000000000,QUERY_SPREAD,90
2019-06-28 15:01:00.000000000,BEST_BID,"JPM,99674,195"
2019-06-28 15:01:00.000000000,BEST_ASK,"JPM,100008,135"
2019-06-28 15:01:00.000000000,LAST_TRADE,"7,$100008.0000"
2019-06-28 15:01:00.000000000,QUERY_SPREAD,91
2019-06-28 15:01:00.000000000,BEST_BID,"JPM,99674,195"
2019-06-28 15:01:00.000000000,BEST_ASK,"JPM,100008,127"
2019-06-28 15:01:00.000000000,LAST_TRADE,"8,$100008.0000"
2019-06-28 15:01:00.000000000,QUERY_SPREAD,92
2019-06-28 15:01:00.000000000,BEST_BID,"JPM,99674,195"
2019-06-28 15:01:00.000000000,BEST_ASK,"JPM,100008,122"
2019-06-28 15:01:00.000000000,LAST_TRADE,"5,$100008.0000"
2019-06-28 15:01:00.000000000,QUERY_SPREAD,93
2019-06-28 15:01:00.000000000,BEST_BID,"JPM,99674,195"
2019-06-28 15:01:00.000000000,BEST_ASK,"JPM,100008,119"
2019-06-28 15:01:00.000000000,LAST_TRADE,"3,$100008.0000"
2019-06-28 15:01:00.000000000,QUERY_SPREAD,94
2019-06-28 15:01:00.000000000,BEST_BID,"JPM,99674,195"
2019-06-28 15:01:00.000000000,BEST_ASK,"JPM,100008,115"
2019-06-28 15:01:00.000000000,LAST_TRADE,"4,$100008.0000"
2019-06-28 15:01:00.000000000,QUERY_SPREAD,95
2019-06-28 15:01:00.000000000,BEST_BID,"JPM,99674,195"
2019-06-28 15:01:00.000000000,BEST_ASK,"JPM,100008,110"
2019-06-28 15:01:00.000000000,LAST_TRADE,"5,$100008.0000"
2019-06-28 15:01:00.000000000,QUERY_SPREAD,96
2019-06-28 15:01:00.000000000,BEST_BID,"JPM,99674,195"
2019-06-28 15:01:00.000000000,BEST_ASK,"JPM,100008,109"
2019-06-28 15:01:00.000000000,LAST_TRADE,"1,$100008.0000"
2019-06-28 15:01:00.000000000,QUERY_SPREAD,97
2019-06-28 15:01:00.000000000,BEST_BID,"JPM,99674,195"
2019-06-28 15:01:00.000000000,BEST_ASK,"JPM,100008,102"
2019-06-28 15:01:00.000000000,LAST_TRADE,"7,$100008.0000"
2019-06-28 15:01:00.000000000,QUERY_SPREAD,98
2019-06-28 15:01:00.000000000,BEST_BID,"JPM,99674,195"
2019-06-28 15:01:00.000000000,BEST_ASK,"JPM,100008,96"
2019-06-28 15:01:00.000000000,LAST_TRADE,"6,$100008.0000"
2019-06-28 15:01:00.000000000,QUERY_SPREAD,99
2019-06-28 15:01:00.000000000,BEST_BID,"JPM,99674,195"
2019-06-28 15:01:00.000000000,BEST_ASK,"JPM,100008,91"
2019-06-28 15:01:00.000000000,LAST_TRADE,"5,$100008.0000"
2019-06-28 15:01:00.000000000,QUERY_SPREAD,100
2019-06-28 15:01:00.000000000,BEST_BID,"JPM,99674,195"
2019-06-28 15:01:00.000000000,BEST_ASK,"JPM,100008,84"
2019-06-28 15:01:00.000000000,LAST_TRADE,"7,$100008.0000"
2019-06-28 15:01:00.000000000,QUERY_SPREAD,101
2019-06-28 15:01:00.000000000,QUERY_ORDER_STREAM,101
2019-06-28 15:01:10.000000000,QUERY_SPREAD,1
2019-06-28 15:01:10.000000000,BEST_BID,"JPM,99674,380"
2019-06-28 15:01:10.000000000,BEST_ASK,"JPM,100186,89"
2019-06-28 15:01:10.000000000,BEST_BID,"JPM,99674,380"
2019-06-28 15:01:10.000000000,BEST_ASK,"JPM,100186,369"
2019-06-28 15:01:20.000000000,QUERY_SPREAD,1
2019-06-28 15:01:20.000000000,BEST_BID,"JPM,99674,240"
2019-06-28 15:01:20.000000000,BEST_ASK,"JPM,100186,89"
2019-06-28 15:01:20.000000000,BEST_BID,"JPM,99674,240"
2019-06-28 15:01:20.000000000,BEST_ASK,"JPM,100186,89"
2019-06-28 15:01:20.000000000,BEST_BID,"JPM,99674,240"
2019-06-28 15:01:20.000000000,BEST_ASK,"JPM,100186,229"
2019-06-28 15:01:20.000000000,BEST_BID,"JPM,99674,240"
2019-06-28 15:01:20.000000000,BEST_ASK,"JPM,100186,229"
2019-06-28 15:01:30.000000000,QUERY_SPREAD,1
2019-06-28 15:01:30.000000000,BEST_BID,"JPM,99674,380"
2019-06-28 15:01:30.000000000,BEST_ASK,"JPM,100186,89"
2019-06-28 15:01:30.000000000,BEST_BID,"JPM,99674,380"
2019-06-28 15:01:30.000000000,BEST_ASK,"JPM,100186,369"
2019-06-28 15:01:33.510934197,QUERY_SPREAD,13
2019-06-28 15:01:33.510934197,BEST_BID,"JPM,99674,380"
2019-06-28 15:01:33.510934197,BEST_ASK,"JPM,100186,369"
2019-06-28 15:01:40.000000000,QUERY_SPREAD,1
2019-06-28 15:01:40.000000000,BEST_BID,"JPM,99674,156"
2019-06-28 15:01:40.000000000,BEST_ASK,"JPM,100186,89"
2019-06-28 15:01:40.000000000,BEST_BID,"JPM,99674,156"
2019-06-28 15:01:40.000000000,BEST_ASK,"JPM,100186,89"
2019-06-28 15:01:40.000000000,BEST_BID,"JPM,99674,156"
2019-06-28 15:01:40.000000000,BEST_ASK,"JPM,100186,89"
2019-06-28 15:01:40.000000000,BEST_BID,"JPM,99674,156"
2019-06-28 15:01:40.000000000,BEST_ASK,"JPM,100186,89"
2019-06-28 15:01:40.000000000,BEST_BID,"JPM,99674,156"
2019-06-28 15:01:40.000000000,BEST_ASK,"JPM,100186,89"
2019-06-28 15:01:40.000000000,BEST_BID,"JPM,99674,156"
2019-06-28 15:01:40.000000000,BEST_ASK,"JPM,100186,145"
2019-06-28 15:01:40.000000000,BEST_BID,"JPM,99674,156"
2019-06-28 15:01:40.000000000,BEST_ASK,"JPM,100186,145"
2019-06-28 15:01:40.000000000,BEST_BID,"JPM,99674,156"
2019-06-28 15:01:40.000000000,BEST_ASK,"JPM,100186,145"
2019-06-28 15:01:40.000000000,BEST_BID,"JPM,99674,156"
2019-06-28 15:01:40.000000000,BEST_ASK,"JPM,100186,145"
2019-06-28 15:01:40.000000000,BEST_BID,"JPM,99674,156"
2019-06-28 15:01:40.000000000,BEST_ASK,"JPM,100186,145"
2019-06-28 15:01:47.677983767,QUERY_SPREAD,20
2019-06-28 15:01:47.677983767,BEST_BID,"JPM,99674,156"
2019-06-28 15:01:47.677983767,BEST_ASK,"JPM,100186,145"
2019-06-28 15:01:50.000000000,QUERY_SPREAD,1
2019-06-28 15:01:50.000000000,BEST_BID,"JPM,99674,380"
2019-06-28 15:01:50.000000000,BEST_ASK,"JPM,100186,89"
2019-06-28 15:01:50.000000000,BEST_BID,"JPM,99674,380"
2019-06-28 15:01:50.000000000,BEST_ASK,"JPM,100186,369"
2019-06-28 15:01:58.227187187,QUERY_ORDER_STREAM,65
2019-06-28 15:01:58.227187187,QUERY_SPREAD,65
2019-06-28 15:02:00.000000000,QUERY_SPREAD,1
2019-06-28 15:02:00.000000000,BEST_BID,"JPM,99674,240"
2019-06-28 15:02:00.000000000,BEST_ASK,"JPM,100186,89"
2019-06-28 15:02:00.000000000,BEST_BID,"JPM,99674,240"
2019-06-28 15:02:00.000000000,BEST_ASK,"JPM,100186,89"
2019-06-28 15:02:00.000000000,BEST_BID,"JPM,99674,240"
2019-06-28 15:02:00.000000000,BEST_ASK,"JPM,100186,229"
2019-06-28 15:02:00.000000000,BEST_BID,"JPM,99674,240"
2019-06-28 15:02:00.000000000,BEST_ASK,"JPM,100186,229"
2019-06-28 15:02:00.000000000,QUERY_SPREAD,77
2019-06-28 15:02:00.000000000,BEST_BID,"JPM,99674,240"
2019-06-28 15:02:00.000000000,BEST_ASK,"JPM,100186,228"
2019-06-28 15:02:00.000000000,LAST_TRADE,"1,$100186.0000"
2019-06-28 15:02:00.000000000,QUERY_SPREAD,78
2019-06-28 15:02:00.000000000,BEST_BID,"JPM,99674,240"
2019-06-28 15:02:00.000000000,BEST_ASK,"JPM,100186,224"
2019-06-28 15:02:00.000000000,LAST_TRADE,"4,$100186.0000"
2019-06-28 15:02:00.000000000,QUERY_SPREAD,79
2019-06-28 15:02:00.000000000,BEST_BID,"JPM,99674,240"
2019-06-28 15:02:00.000000000,BEST_ASK,"JPM,100186,218"
2019-06-28 15:02:00.000000000,LAST_TRADE,"6,$100186.0000"
2019-06-28 15:02:00.000000000,QUERY_SPREAD,80
2019-06-28 15:02:00.000000000,BEST_BID,"JPM,99674,240"
2019-06-28 15:02:00.000000000,BEST_ASK,"JPM,100186,213"
2019-06-28 15:02:00.000000000,LAST_TRADE,"5,$100186.0000"
2019-06-28 15:02:00.000000000,QUERY_SPREAD,81
2019-06-28 15:02:00.000000000,BEST_BID,"JPM,99674,240"
2019-06-28 15:02:00.000000000,BEST_ASK,"JPM,100186,205"
2019-06-28 15:02:00.000000000,LAST_TRADE,"8,$100186.0000"
2019-06-28 15:02:00.000000000,QUERY_SPREAD,82
2019-06-28 15:02:00.000000000,BEST_BID,"JPM,99674,240"
2019-06-28 15:02:00.000000000,BEST_ASK,"JPM,100186,197"
2019-06-28 15:02:00.000000000,LAST_TRADE,"8,$100186.0000"
2019-06-28 15:02:00.000000000,QUERY_SPREAD,83
2019-06-28 15:02:00.000000000,BEST_BID,"JPM,99674,240"
2019-06-28 15:02:00.000000000,BEST_ASK,"JPM,100186,195"
2019-06-28 15:02:00.000000000,LAST_TRADE,"2,$100186.0000"
2019-06-28 15:02:00.000000000,QUERY_SPREAD,84
2019-06-28 15:02:00.000000000,BEST_BID,"JPM,99674,240"
2019-06-28 15:02:00.000000000,BEST_ASK,"JPM,100186,194"
2019-06-28 15:02:00.000000000,LAST_TRADE,"1,$100186.0000"
2019-06-28 15:02:00.000000000,QUERY_SPREAD,85
2019-06-28 15:02:00.000000000,BEST_BID,"JPM,99674,240"
2019-06-28 15:02:00.000000000,BEST_ASK,"JPM,100186,193"
2019-06-28 15:02:00.000000000,LAST_TRADE,"1,$100186.0000"
2019-06-28 15:02:00.000000000,QUERY_SPREAD,86
2019-06-28 15:02:00.000000000,BEST_BID,"JPM,99674,240"
2019-06-28 15:02:00.000000000,BEST_ASK,"JPM,100186,187"
2019-06-28 15:02:00.000000000,LAST_TRADE,"6,$100186.0000"
2019-06-28 15:02:00.000000000,QUERY_SPREAD,87
2019-06-28 15:02:00.000000000,BEST_BID,"JPM,99674,240"
2019-06-28 15:02:00.000000000,BEST_ASK,"JPM,100186,184"
2019-06-28 15:02:00.000000000,LAST_TRADE,"3,$100186.0000"
2019-06-28 15:02:00.000000000,QUERY_SPREAD,88
2019-06-28 15:02:00.000000000,BEST_BID,"JPM,99674,240"
2019-06-28 15:02:00.000000000,BEST_ASK,"JPM,100186,180"
2019-06-28 15:02:00.000000000,LAST_TRADE,"4,$100186.0000"
2019-06-28 15:02:00.000000000,QUERY_SPREAD,89
2019-06-28 15:02:00.000000000,BEST_BID,"JPM,99674,240"
2019-06-28 15:02:00.000000000,BEST_ASK,"JPM,100186,176"
2019-06-28 15:02:00.000000000,LAST_TRADE,"4,$100186.0000"
2019-06-28 15:02:00.000000000,QUERY_SPREAD,90
2019-06-28 15:02:00.000000000,BEST_BID,"JPM,99674,240"
2019-06-28 15:02:00.000000000,BEST_ASK,"JPM,100186,169"
2019-06-28 15:02:00.000000000,LAST_TRADE,"7,$100186.0000"
2019-06-28 15:02:00.000000000,QUERY_SPREAD,91
2019-06-28 15:02:00.000000000,BEST_BID,"JPM,99674,240"
2019-06-28 15:02:00.000000000,BEST_ASK,"JPM,100186,161"
2019-06-28 15:02:00.000000000,LAST_TRADE,"8,$100186.0000"
2019-06-28 15:02:00.000000000,QUERY_SPREAD,92
2019-06-28 15:02:00.000000000,BEST_BID,"JPM,99674,240"
2019-06-28 15:02:00.000000000,BEST_ASK,"JPM,100186,156"
2019-06-28 15:02:00.000000000,LAST_TRADE,"5,$100186.0000"
2019-06-28 15:02:00.000000000,QUERY_SPREAD,93
2019-06-28 15:02:00.000000000,BEST_BID,"JPM,99674,240"
2019-06-28 15:02:00.000000000,BEST_ASK,"JPM,100186,153"
2019-06-28 15:02:00.000000000,LAST_TRADE,"3,$100186.0000"
2019-06-28 15:02:00.000000000,QUERY_SPREAD,94
2019-06-28 15:02:00.000000000,BEST_BID,"JPM,99674,240"
2019-06-28 15:02:00.000000000,BEST_ASK,"JPM,100186,149"
2019-06-28 15:02:00.000000000,LAST_TRADE,"4,$100186.0000"
2019-06-28 15:02:00.000000000,QUERY_SPREAD,95
2019-06-28 15:02:00.000000000,BEST_BID,"JPM,99674,240"
2019-06-28 15:02:00.000000000,BEST_ASK,"JPM,100186,144"
2019-06-28 15:02:00.000000000,LAST_TRADE,"5,$100186.0000"
2019-06-28 15:02:00.000000000,QUERY_SPREAD,96
2019-06-28 15:02:00.000000000,BEST_BID,"JPM,99674,240"
2019-06-28 15:02:00.000000000,BEST_ASK,"JPM,100186,143"
2019-06-28 15:02:00.000000000,LAST_TRADE,"1,$100186.0000"
2019-06-28 15:02:00.000000000,QUERY_SPREAD,97
2019-06-28 15:02:00.000000000,BEST_BID,"JPM,99674,240"
2019-06-28 15:02:00.000000000,BEST_ASK,"JPM,100186,136"
2019-06-28 15:02:00.000000000,LAST_TRADE,"7,$100186.0000"
2019-06-28 15:02:00.000000000,QUERY_SPREAD,98
2019-06-28 15:02:00.000000000,BEST_BID,"JPM,99674,240"
2019-06-28 15:02:00.000000000,BEST_ASK,"JPM,100186,130"
2019-06-28 15:02:00.000000000,LAST_TRADE,"6,$100186.0000"
2019-06-28 15:02:00.000000000,QUERY_SPREAD,99
2019-06-28 15:02:00.000000000,BEST_BID,"JPM,99674,240"
2019-06-28 15:02:00.000000000,BEST_ASK,"JPM,100186,125"
2019-06-28 15:02:00.000000000,LAST_TRADE,"5,$100186.0000"
2019-06-28 15:02:00.000000000,QUERY_SPREAD,100
2019-06-28 15:02:00.000000000,BEST_BID,"JPM,99674,240"
2019-06-28 15:02:00.000000000,BEST_ASK,"JPM,100186,118"
2019-06-28 15:02:00.000000000,LAST_TRADE,"7,$100186.0000"
2019-06-28 15:02:00.000000000,QUERY_SPREAD,101
2019-06-28 15:02:00.000000000,QUERY_ORDER_STREAM,101
2019-06-28 15:02:10.000000000,QUERY_SPREAD,1
2019-06-28 15:02:10.000000000,BEST_BID,"JPM,99674,195"
2019-06-28 15:02:10.000000000,BEST_ASK,"JPM,100545,100"
2019-06-28 15:02:10.000000000,BEST_BID,"JPM,99674,195"
2019-06-28 15:02:10.000000000,BEST_ASK,"JPM,100545,100"
2019-06-28 15:02:10.000000000,BEST_BID,"JPM,99674,195"
2019-06-28 15:02:10.000000000,BEST_ASK,"JPM,100545,100"
2019-06-28 15:02:10.000000000,BEST_BID,"JPM,99674,195"
2019-06-28 15:02:10.000000000,BEST_ASK,"JPM,100545,195"
2019-06-28 15:02:10.000000000,BEST_BID,"JPM,99674,195"
2019-06-28 15:02:10.000000000,BEST_ASK,"JPM,100545,195"
2019-06-28 15:02:10.000000000,BEST_BID,"JPM,99674,195"
2019-06-28 15:02:10.000000000,BEST_ASK,"JPM,100545,195"
2019-06-28 15:02:20.000000000,QUERY_SPREAD,1
2019-06-28 15:02:20.000000000,BEST_BID,"JPM,99674,170"
2019-06-28 15:02:20.000000000,BEST_ASK,"JPM,100545,100"
2019-06-28 15:02:20.000000000,BEST_BID,"JPM,99674,170"
2019-06-28 15:02:20.000000000,BEST_ASK,"JPM,100545,100"
2019-06-28 15:02:20.000000000,BEST_BID,"JPM,99674,170"
2019-06-28 15:02:20.000000000,BEST_ASK,"JPM,100545,100"
2019-06-28 15:02:20.000000000,BEST_BID,"JPM,99674,170"
2019-06-28 15:02:20.000000000,BEST_ASK,"JPM,100545,100"
2019-06-28 15:02:20.000000000,BEST_BID,"JPM,99674,170"
2019-06-28 15:02:20.000000000,BEST_ASK,"JPM,100545,170"
2019-06-28 15:02:20.000000000,BEST_BID,"JPM,99674,170"
2019-06-28 15:02:20.000000000,BEST_ASK,"JPM,100545,170"
2019-06-28 15:02:20.000000000,BEST_BID,"JPM,99674,170"
2019-06-28 15:02:20.000000000,BEST_ASK,"JPM,100545,170"
2019-06-28 15:02:20.000000000,BEST_BID,"JPM,99674,170"
2019-06-28 15:02:20.000000000,BEST_ASK,"JPM,100545,170"
2019-06-28 15:02:30.000000000,QUERY_SPREAD,1
2019-06-28 15:02:30.000000000,BEST_BID,"JPM,99674,380"
2019-06-28 15:02:30.000000000,BEST_ASK,"JPM,100545,100"
2019-06-28 15:02:30.000000000,BEST_BID,"JPM,99674,380"
2019-06-28 15:02:30.000000000,BEST_ASK,"JPM,100545,380"
2019-06-28 15:02:33.724229967,QUERY_ORDER_STREAM,64
2019-06-28 15:02:33.724229967,QUERY_SPREAD,64
2019-06-28 15:02:39.229037546,QUERY_SPREAD,44
2019-06-28 15:02:39.229037546,BEST_BID,"JPM,99674,280"
2019-06-28 15:02:39.229037546,BEST_ASK,"JPM,100545,380"
2019-06-28 15:02:39.229037546,LAST_TRADE,"100,$99674.0000"
2019-06-28 15:02:40.000000000,QUERY_SPREAD,1
2019-06-28 15:02:40.000000000,BEST_BID,"JPM,99613,240"
2019-06-28 15:02:40.000000000,BEST_ASK,"JPM,100545,100"
2019-06-28 15:02:40.000000000,BEST_BID,"JPM,99613,240"
2019-06-28 15:02:40.000000000,BEST_ASK,"JPM,100545,100"
2019-06-28 15:02:40.000000000,BEST_BID,"JPM,99613,240"
2019-06-28 15:02:40.000000000,BEST_ASK,"JPM,100545,240"
2019-06-28 15:02:40.000000000,BEST_BID,"JPM,99613,240"
2019-06-28 15:02:40.000000000,BEST_ASK,"JPM,100545,240"
2019-06-28 15:02:50.000000000,QUERY_SPREAD,1
2019-06-28 15:02:50.000000000,BEST_BID,"JPM,99613,380"
2019-06-28 15:02:50.000000000,BEST_ASK,"JPM,100545,100"
2019-06-28 15:02:50.000000000,BEST_BID,"JPM,99613,380"
2019-06-28 15:02:50.000000000,BEST_ASK,"JPM,100545,380"
2019-06-28 15:02:59.251784299,QUERY_SPREAD,45
2019-06-28 15:02:59.251784299,BEST_BID,"JPM,99613,380"
2019-06-28 15:02:59.251784299,BEST_ASK,"JPM,100545,380"
2019-06-28 15:03:00.000000000,QUERY_SPREAD,1
2019-06-28 15:03:00.000000000,BEST_BID,"JPM,99613,170"
2019-06-28 15:03:00.000000000,BEST_ASK,"JPM,100545,100"
2019-06-28 15:03:00.000000000,BEST_BID,"JPM,99613,170"
2019-06-28 15:03:00.000000000,BEST_ASK,"JPM,100545,100"
2019-06-28 15:03:00.000000000,BEST_BID,"JPM,99613,170"
2019-06-28 15:03:00.000000000,BEST_ASK,"JPM,100545,100"
2019-06-28 15:03:00.000000000,BEST_BID,"JPM,99613,170"
2019-06-28 15:03:00.000000000,BEST_ASK,"JPM,100545,100"
2019-06-28 15:03:00.000000000,BEST_BID,"JPM,99613,170"
2019-06-28 15:03:00.000000000,BEST_ASK,"JPM,100545,170"
2019-06-28 15:03:00.000000000,BEST_BID,"JPM,99613,170"
2019-06-28 15:03:00.000000000,BEST_ASK,"JPM,100545,170"
2019-06-28 15:03:00.000000000,BEST_BID,"JPM,99613,170"
2019-06-28 15:03:00.000000000,BEST_ASK,"JPM,100545,170"
2019-06-28 15:03:00.000000000,BEST_BID,"JPM,99613,170"
2019-06-28 15:03:00.000000000,BEST_ASK,"JPM,100545,170"
2019-06-28 15:03:00.000000000,QUERY_SPREAD,77
2019-06-28 15:03:00.000000000,BEST_BID,"JPM,99613,169"
2019-06-28 15:03:00.000000000,BEST_ASK,"JPM,100545,170"
2019-06-28 15:03:00.000000000,LAST_TRADE,"1,$99613.0000"
2019-06-28 15:03:00.000000000,QUERY_SPREAD,78
2019-06-28 15:03:00.000000000,BEST_BID,"JPM,99613,165"
2019-06-28 15:03:00.000000000,BEST_ASK,"JPM,100545,170"
2019-06-28 15:03:00.000000000,LAST_TRADE,"4,$99613.0000"
2019-06-28 15:03:00.000000000,QUERY_SPREAD,79
2019-06-28 15:03:00.000000000,BEST_BID,"JPM,99613,159"
2019-06-28 15:03:00.000000000,BEST_ASK,"JPM,100545,170"
2019-06-28 15:03:00.000000000,LAST_TRADE,"6,$99613.0000"
2019-06-28 15:03:00.000000000,QUERY_SPREAD,80
2019-06-28 15:03:00.000000000,BEST_BID,"JPM,99613,154"
2019-06-28 15:03:00.000000000,BEST_ASK,"JPM,100545,170"
2019-06-28 15:03:00.000000000,LAST_TRADE,"5,$99613.0000"
2019-06-28 15:03:00.000000000,QUERY_SPREAD,81
2019-06-28 15:03:00.000000000,BEST_BID,"JPM,99613,146"
2019-06-28 15:03:00.000000000,BEST_ASK,"JPM,100545,170"
2019-06-28 15:03:00.000000000,LAST_TRADE,"8,$99613.0000"
2019-06-28 15:03:00.000000000,QUERY_SPREAD,82
2019-06-28 15:03:00.000000000,BEST_BID,"JPM,99613,138"
2019-06-28 15:03:00.000000000,BEST_ASK,"JPM,100545,170"
2019-06-28 15:03:00.000000000,LAST_TRADE,"8,$99613.0000"
2019-06-28 15:03:00.000000000,QUERY_SPREAD,83
2019-06-28 15:03:00.000000000,BEST_BID,"JPM,99613,136"
2019-06-28 15:03:00.000000000,BEST_ASK,"JPM,100545,170"
2019-06-28 15:03:00.000000000,LAST_TRADE,"2,$99613.0000"
2019-06-28 15:03:00.000000000,QUERY_SPREAD,84
2019-06-28 15:03:00.000000000,BEST_BID,"JPM,99613,135"
2019-06-28 15:03:00.000000000,BEST_ASK,"JPM,100545,170"
2019-06-28 15:03:00.000000000,LAST_TRADE,"1,$99613.0000"
2019-06-28 15:03:00.000000000,QUERY_SPREAD,85
2019-06-28 15:03:00.000000000,BEST_BID,"JPM,99613,134"
2019-06-28 15:03:00.000000000,BEST_ASK,"JPM,100545,170"
2019-06-28 15:03:00.000000000,LAST_TRADE,"1,$99613.0000"
2019-06-28 15:03:00.000000000,QUERY_SPREAD,86
2019-06-28 15:03:00.000000000,BEST_BID,"JPM,99613,128"
2019-06-28 15:03:00.000000000,BEST_ASK,"JPM,100545,170"
2019-06-28 15:03:00.000000000,LAST_TRADE,"6,$99613.0000"
2019-06-28 15:03:00.000000000,QUERY_SPREAD,87
2019-06-28 15:03:00.000000000,BEST_BID,"JPM,99613,125"
2019-06-28 15:03:00.000000000,BEST_ASK,"JPM,100545,170"
2019-06-28 15:03:00.000000000,LAST_TRADE,"3,$99613.0000"
2019-06-28 15:03:00.000000000,QUERY_SPREAD,88
2019-06-28 15:03:00.000000000,BEST_BID,"JPM,99613,121"
2019-06-28 15:03:00.000000000,BEST_ASK,"JPM,100545,170"
2019-06-28 15:03:00.000000000,LAST_TRADE,"4,$99613.0000"
2019-06-28 15:03:00.000000000,QUERY_SPREAD,89
2019-06-28 15:03:00.000000000,BEST_BID,"JPM,99613,117"
2019-06-28 15:03:00.000000000,BEST_ASK,"JPM,100545,170"
2019-06-28 15:03:00.000000000,LAST_TRADE,"4,$99613.0000"
2019-06-28 15:03:00.000000000,QUERY_SPREAD,90
2019-06-28 15:03:00.000000000,BEST_BID,"JPM,99613,110"
2019-06-28 15:03:00.000000000,BEST_ASK,"JPM,100545,170"
2019-06-28 15:03:00.000000000,LAST_TRADE,"7,$99613.0000"
2019-06-28 15:03:00.000000000,QUERY_SPREAD,91
2019-06-28 15:03:00.000000000,BEST_BID,"JPM,99613,102"
2019-06-28 15:03:00.000000000,BEST_ASK,"JPM,100545,170"
2019-06-28 15:03:00.000000000,LAST_TRADE,"8,$99613.0000"
2019-06-28 15:03:00.000000000,QUERY_SPREAD,92
2019-06-28 15:03:00.000000000,BEST_BID,"JPM,99613,97"
2019-06-28 15:03:00.000000000,BEST_ASK,"JPM,100545,170"
2019-06-28 15:03:00.000000000,LAST_TRADE,"5,$99613.0000"
2019-06-28 15:03:00.000000000,QUERY_SPREAD,93
2019-06-28 15:03:00.000000000,BEST_BID,"JPM,99613,94"
2019-06-28 15:03:00.000000000,BEST_ASK,"JPM,100545,170"
2019-06-28 15:03:00.000000000,LAST_TRADE,"3,$99613.0000"
2019-06-28 15:03:00.000000000,QUERY_SPREAD,94
2019-06-28 15:03:00.000000000,BEST_BID,"JPM,99613,90"
2019-06-28 15:03:00.000000000,BEST_ASK,"JPM,100545,170"
2019-06-28 15:03:00.000000000,LAST_TRADE,"4,$99613.0000"
2019-06-28 15:03:00.000000000,QUERY_SPREAD,95
2019-06-28 15:03:00.000000000,BEST_BID,"JPM,99613,85"
2019-06-28 15:03:00.000000000,BEST_ASK,"JPM,100545,170"
2019-06-28 15:03:00.000000000,LAST_TRADE,"5,$99613.0000"
2019-06-28 15:03:00.000000000,QUERY_SPREAD,96
2019-06-28 15:03:00.000000000,BEST_BID,"JPM,99613,84"
2019-06-28 15:03:00.000000000,BEST_ASK,"JPM,100545,170"
2019-06-28 15:03:00.000000000,LAST_TRADE,"1,$99613.0000"
2019-06-28 15:03:00.000000000,QUERY_SPREAD,97
2019-06-28 15:03:00.000000000,BEST_BID,"JPM,99613,77"
2019-06-28 15:03:00.000000000,BEST_ASK,"JPM,100545,170"
2019-06-28 15:03:00.000000000,LAST_TRADE,"7,$99613.0000"
2019-06-28 15:03:00.000000000,QUERY_SPREAD,98
2019-06-28 15:03:00.000000000,BEST_BID,"JPM,99613,71"
2019-06-28 15:03:00.000000000,BEST_ASK,"JPM,100545,170"
2019-06-28 15:03:00.000000000,LAST_TRADE,"6,$99613.0000"
2019-06-28 15:03:00.000000000,QUERY_SPREAD,99
2019-06-28 15:03:00.000000000,BEST_BID,"JPM,99613,71"
2019-06-28 15:03:00.000000000,BEST_ASK,"JPM,100545,165"
2019-06-28 15:03:00.000000000,LAST_TRADE,"5,$100545.0000"
2019-06-28 15:03:00.000000000,QUERY_SPREAD,100
2019-06-28 15:03:00.000000000,BEST_BID,"JPM,99613,71"
2019-06-28 15:03:00.000000000,BEST_ASK,"JPM,100545,158"
2019-06-28 15:03:00.000000000,LAST_TRADE,"7,$100545.0000"
2019-06-28 15:03:00.000000000,QUERY_SPREAD,101
2019-06-28 15:03:00.000000000,QUERY_ORDER_STREAM,101
2019-06-28 15:03:10.000000000,QUERY_SPREAD,1
2019-06-28 15:03:10.000000000,BEST_BID,"JPM,99613,71"
2019-06-28 15:03:10.000000000,BEST_ASK,"JPM,100545,88"
2019-06-28 15:03:10.000000000,BEST_BID,"JPM,99613,71"
2019-06-28 15:03:10.000000000,BEST_ASK,"JPM,100545,88"
2019-06-28 15:03:10.000000000,BEST_BID,"JPM,99613,71"
2019-06-28 15:03:10.000000000,BEST_ASK,"JPM,100545,88"
2019-06-28 15:03:10.000000000,BEST_BID,"JPM,99613,71"
2019-06-28 15:03:10.000000000,BEST_ASK,"JPM,100545,88"
2019-06-28 15:03:10.000000000,BEST_BID,"JPM,99613,71"
2019-06-28 15:03:10.000000000,BEST_ASK,"JPM,100545,158"
2019-06-28 15:03:10.000000000,BEST_BID,"JPM,99613,71"
2019-06-28 15:03:10.000000000,BEST_ASK,"JPM,100545,158"
2019-06-28 15:03:10.000000000,BEST_BID,"JPM,99613,71"
2019-06-28 15:03:10.000000000,BEST_ASK,"JPM,100545,158"
2019-06-28 15:03:10.000000000,BEST_BID,"JPM,99613,71"
2019-06-28 15:03:10.000000000,BEST_ASK,"JPM,100545,158"
2019-06-28 15:03:11.674399247,QUERY_SPREAD,24
2019-06-28 15:03:11.674399247,BEST_BID,"JPM,99613,71"
2019-06-28 15:03:11.674399247,BEST_ASK,"JPM,100031,100"
2019-06-28 15:03:20.000000000,QUERY_SPREAD,1
2019-06-28 15:03:20.000000000,BEST_BID,"JPM,99613,141"
2019-06-28 15:03:20.000000000,BEST_ASK,"JPM,100031,100"
2019-06-28 15:03:20.000000000,BEST_BID,"JPM,99613,141"
2019-06-28 15:03:20.000000000,BEST_ASK,"JPM,100031,100"
2019-06-28 15:03:20.000000000,BEST_BID,"JPM,99613,141"
2019-06-28 15:03:20.000000000,BEST_ASK,"JPM,100031,240"
2019-06-28 15:03:20.000000000,BEST_BID,"JPM,99613,141"
2019-06-28 15:03:20.000000000,BEST_ASK,"JPM,100031,240"
2019-06-28 15:03:24.126305703,QUERY_SPREAD,27
2019-06-28 15:03:24.126305703,BEST_BID,"JPM,99613,141"
2019-06-28 15:03:24.126305703,BEST_ASK,"JPM,100031,240"
2019-06-28 15:03:25.942853822,QUERY_ORDER_STREAM,63
2019-06-28 15:03:25.942853822,QUERY_SPREAD,63
2019-06-28 15:03:25.942853822,BEST_BID,"JPM,99613,141"
2019-06-28 15:03:25.942853822,BEST_ASK,"JPM,100031,240"
2019-06-28 15:03:30.000000000,QUERY_SPREAD,1
2019-06-28 15:03:30.000000000,BEST_BID,"JPM,99613,57"
2019-06-28 15:03:30.000000000,BEST_ASK,"JPM,100031,100"
2019-06-28 15:03:30.000000000,BEST_BID,"JPM,99613,57"
2019-06-28 15:03:30.000000000,BEST_ASK,"JPM,100031,100"
2019-06-28 15:03:30.000000000,BEST_BID,"JPM,99613,57"
2019-06-28 15:03:30.000000000,BEST_ASK,"JPM,100031,100"
2019-06-28 15:03:30.000000000,BEST_BID,"JPM,99613,57"
2019-06-28 15:03:30.000000000,BEST_ASK,"JPM,100031,100"
2019-06-28 15:03:30.000000000,BEST_BID,"JPM,99613,57"
2019-06-28 15:03:30.000000000,BEST_ASK,"JPM,100031,100"
2019-06-28 15:03:30.000000000,BEST_BID,"JPM,99613,57"
2019-06-28 15:03:30.000000000,BEST_ASK,"JPM,100031,156"
2019-06-28 15:03:30.000000000,BEST_BID,"JPM,99613,57"
2019-06-28 15:03:30.000000000,BEST_ASK,"JPM,100031,156"
2019-06-28 15:03:30.000000000,BEST_BID,"JPM,99613,57"
2019-06-28 15:03:30.000000000,BEST_ASK,"JPM,100031,156"
2019-06-28 15:03:30.000000000,BEST_BID,"JPM,99613,57"
2019-06-28 15:03:30.000000000,BEST_ASK,"JPM,100031,156"
2019-06-28 15:03:30.000000000,BEST_BID,"JPM,99613,57"
2019-06-28 15:03:30.000000000,BEST_ASK,"JPM,100031,156"
2019-06-28 15:03:35.301823811,QUERY_SPREAD,31
2019-06-28 15:03:35.301823811,BEST_BID,"JPM,99613,57"
2019-06-28 15:03:35.301823811,BEST_ASK,"JPM,100031,156"
2019-06-28 15:03:37.133917125,QUERY_SPREAD,16
2019-06-28 15:03:37.133917125,BEST_BID,"JPM,99613,57"
2019-06-28 15:03:37.133917125,BEST_ASK,"JPM,99814,100"
2019-06-28 15:03:40.000000000,QUERY_SPREAD,1
2019-06-28 15:03:40.000000000,BEST_BID,"JPM,99613,71"
2019-06-28 15:03:40.000000000,BEST_ASK,"JPM,99814,100"
2019-06-28 15:03:40.000000000,BEST_BID,"JPM,99613,71"
2019-06-28 15:03:40.000000000,BEST_ASK,"JPM,99814,100"
2019-06-28 15:03:40.000000000,BEST_BID,"JPM,99613,71"
2019-06-28 15:03:40.000000000,BEST_ASK,"JPM,99814,100"
2019-06-28 15:03:40.000000000,BEST_BID,"JPM,99613,71"
2019-06-28 15:03:40.000000000,BEST_ASK,"JPM,99814,100"
2019-06-28 15:03:40.000000000,BEST_BID,"JPM,99613,71"
2019-06-28 15:03:40.000000000,BEST_ASK,"JPM,99814,170"
2019-06-28 15:03:40.000000000,BEST_BID,"JPM,99613,71"
2019-06-28 15:03:40.000000000,BEST_ASK,"JPM,99814,170"
2019-06-28 15:03:40.000000000,BEST_BID,"JPM,99613,71"
2019-06-28 15:03:40.000000000,BEST_ASK,"JPM,99814,170"
2019-06-28 15:03:40.000000000,BEST_BID,"JPM,99613,71"
2019-06-28 15:03:40.000000000,BEST_ASK,"JPM,99814,170"
2019-06-28 15:03:48.571342279,QUERY_SPREAD,37
2019-06-28 15:03:48.571342279,BEST_BID,"JPM,99613,71"
2019-06-28 15:03:48.571342279,BEST_ASK,"JPM,99814,170"
2019-06-28 15:03:50.000000000,QUERY_SPREAD,1
2019-06-28 15:03:50.000000000,BEST_BID,"JPM,99613,96"
2019-06-28 15:03:50.000000000,BEST_ASK,"JPM,99814,100"
2019-06-28 15:03:50.000000000,BEST_BID,"JPM,99613,96"
2019-06-28 15:03:50.000000000,BEST_ASK,"JPM,99814,100"
2019-06-28 15:03:50.000000000,BEST_BID,"JPM,99613,96"
2019-06-28 15:03:50.000000000,BEST_ASK,"JPM,99814,100"
2019-06-28 15:03:50.000000000,BEST_BID,"JPM,99613,96"
2019-06-28 15:03:50.000000000,BEST_ASK,"JPM,99814,195"
2019-06-28 15:03:50.000000000,BEST_BID,"JPM,99613,96"
2019-06-28 15:03:50.000000000,BEST_ASK,"JPM,99814,195"
2019-06-28 15:03:50.000000000,BEST_BID,"JPM,99613,96"
2019-06-28 15:03:50.000000000,BEST_ASK,"JPM,99814,195"
2019-06-28 15:03:54.069676748,QUERY_ORDER_STREAM,56
2019-06-28 15:03:54.069676748,QUERY_SPREAD,56
2019-06-28 15:03:54.069676748,BEST_BID,"JPM,99613,96"
2019-06-28 15:03:54.069676748,BEST_ASK,"JPM,99814,195"
2019-06-28 15:03:54.510652170,QUERY_ORDER_STREAM,69
2019-06-28 15:03:54.510652170,QUERY_SPREAD,69
2019-06-28 15:03:54.510652170,BEST_BID,"JPM,99613,96"
2019-06-28 15:03:54.510652170,BEST_ASK,"JPM,99814,195"
2019-06-28 15:03:59.492764992,QUERY_SPREAD,27
2019-06-28 15:03:59.492764992,BEST_BID,"JPM,99613,96"
2019-06-28 15:03:59.492764992,BEST_ASK,"JPM,99814,195"
2019-06-28 15:04:00.000000000,QUERY_SPREAD,1
2019-06-28 15:04:00.000000000,BEST_BID,"JPM,99613,96"
2019-06-28 15:04:00.000000000,BEST_ASK,"JPM,99814,100"
2019-06-28 15:04:00.000000000,BEST_BID,"JPM,99613,96"
2019-06-28 15:04:00.000000000,BEST_ASK,"JPM,99814,100"
2019-06-28 15:04:00.000000000,BEST_BID,"JPM,99613,96"
2019-06-28 15:04:00.000000000,BEST_ASK,"JPM,99814,100"
2019-06-28 15:04:00.000000000,BEST_BID,"JPM,99613,96"
2019-06-28 15:04:00.000000000,BEST_ASK,"JPM,99814,195"
2019-06-28 15:04:00.000000000,BEST_BID,"JPM,99613,96"
2019-06-28 15:04:00.000000000,BEST_ASK,"JPM,99814,195"
2019-06-28 15:04:00.000000000,BEST_BID,"JPM,99613,96"
2019-06-28 15:04:00.000000000,BEST_ASK,"JPM,99814,195"
2019-06-28 15:04:00.000000000,QUERY_SPREAD,77
2019-06-28 15:04:00.000000000,BEST_BID,"JPM,99613,95"
2019-06-28 15:04:00.000000000,BEST_ASK,"JPM,99814,195"
2019-06-28 15:04:00.000000000,LAST_TRADE,"1,$99613.0000"
2019-06-28 15:04:00.000000000,QUERY_SPREAD,78
2019-06-28 15:04:00.000000000,BEST_BID,"JPM,99613,91"
2019-06-28 15:04:00.000000000,BEST_ASK,"JPM,99814,195"
2019-06-28 15:04:00.000000000,LAST_TRADE,"4,$99613.0000"
2019-06-28 15:04:00.000000000,QUERY_SPREAD,79
2019-06-28 15:04:00.000000000,BEST_BID,"JPM,99613,85"
2019-06-28 15:04:00.000000000,BEST_ASK,"JPM,99814,195"
2019-06-28 15:04:00.000000000,LAST_TRADE,"6,$99613.0000"
2019-06-28 15:04:00.000000000,QUERY_SPREAD,80
2019-06-28 15:04:00.000000000,BEST_BID,"JPM,99613,80"
2019-06-28 15:04:00.000000000,BEST_ASK,"JPM,99814,195"
2019-06-28 15:04:00.000000000,LAST_TRADE,"5,$99613.0000"
2019-06-28 15:04:00.000000000,QUERY_SPREAD,81
2019-06-28 15:04:00.000000000,BEST_BID,"JPM,99613,72"
2019-06-28 15:04:00.000000000,BEST_ASK,"JPM,99814,195"
2019-06-28 15:04:00.000000000,LAST_TRADE,"8,$99613.0000"
2019-06-28 15:04:00.000000000,QUERY_SPREAD,82
2019-06-28 15:04:00.000000000,BEST_BID,"JPM,99613,64"
2019-06-28 15:04:00.000000000,BEST_ASK,"JPM,99814,195"
2019-06-28 15:04:00.000000000,LAST_TRADE,"8,$99613.0000"
2019-06-28 15:04:00.000000000,QUERY_SPREAD,83
2019-06-28 15:04:00.000000000,BEST_BID,"JPM,99613,62"
2019-06-28 15:04:00.000000000,BEST_ASK,"JPM,99814,195"
2019-06-28 15:04:00.000000000,LAST_TRADE,"2,$99613.0000"
2019-06-28 15:04:00.000000000,QUERY_SPREAD,84
2019-06-28 15:04:00.000000000,BEST_BID,"JPM,99613,61"
2019-06-28 15:04:00.000000000,BEST_ASK,"JPM,99814,195"
2019-06-28 15:04:00.000000000,LAST_TRADE,"1,$99613.0000"
2019-06-28 15:04:00.000000000,QUERY_SPREAD,85
2019-06-28 15:04:00.000000000,BEST_BID,"JPM,99613,60"
2019-06-28 15:04:00.000000000,BEST_ASK,"JPM,99814,195"
2019-06-28 15:04:00.000000000,LAST_TRADE,"1,$99613.0000"
2019-06-28 15:04:00.000000000,QUERY_SPREAD,86
2019-06-28 15:04:00.000000000,BEST_BID,"JPM,99613,54"
2019-06-28 15:04:00.000000000,BEST_ASK,"JPM,99814,195"
2019-06-28 15:04:00.000000000,LAST_TRADE,"6,$99613.0000"
2019-06-28 15:04:00.000000000,QUERY_SPREAD,87
2019-06-28 15:04:00.000000000,BEST_BID,"JPM,99613,51"
2019-06-28 15:04:00.000000000,BEST_ASK,"JPM,99814,195"
2019-06-28 15:04:00.000000000,LAST_TRADE,"3,$99613.0000"
2019-06-28 15:04:00.000000000,QUERY_SPREAD,88
2019-06-28 15:04:00.000000000,BEST_BID,"JPM,99613,47"
2019-06-28 15:04:00.000000000,BEST_ASK,"JPM,99814,195"
2019-06-28 15:04:00.000000000,LAST_TRADE,"4,$99613.0000"
2019-06-28 15:04:00.000000000,QUERY_SPREAD,89
2019-06-28 15:04:00.000000000,BEST_BID,"JPM,99613,43"
2019-06-28 15:04:00.000000000,BEST_ASK,"JPM,99814,195"
2019-06-28 15:04:00.000000000,LAST_TRADE,"4,$99613.0000"
2019-06-28 15:04:00.000000000,QUERY_SPREAD,90
2019-06-28 15:04:00.000000000,BEST_BID,"JPM,99613,36"
2019-06-28 15:04:00.000000000,BEST_ASK,"JPM,99814,195"
2019-06-28 15:04:00.000000000,LAST_TRADE,"7,$99613.0000"
2019-06-28 15:04:00.000000000,QUERY_SPREAD,91
2019-06-28 15:04:00.000000000,BEST_BID,"JPM,99613,28"
2019-06-28 15:04:00.000000000,BEST_ASK,"JPM,99814,195"
2019-06-28 15:04:00.000000000,LAST_TRADE,"8,$99613.0000"
2019-06-28 15:04:00.000000000,QUERY_SPREAD,92
2019-06-28 15:04:00.000000000,BEST_BID,"JPM,99613,23"
2019-06-28 15:04:00.000000000,BEST_ASK,"JPM,99814,195"
2019-06-28 15:04:00.000000000,LAST_TRADE,"5,$99613.0000"
2019-06-28 15:04:00.000000000,QUERY_SPREAD,93
2019-06-28 15:04:00.000000000,BEST_BID,"JPM,99613,20"
2019-06-28 15:04:00.000000000,BEST_ASK,"JPM,99814,195"
2019-06-28 15:04:00.000000000,LAST_TRADE,"3,$99613.0000"
2019-06-28 15:04:00.000000000,QUERY_SPREAD,94
2019-06-28 15:04:00.000000000,BEST_BID,"JPM,99613,16"
2019-06-28 15:04:00.000000000,BEST_ASK,"JPM,99814,195"
2019-06-28 15:04:00.000000000,LAST_TRADE,"4,$99613.0000"
2019-06-28 15:04:00.000000000,QUERY_SPREAD,95
2019-06-28 15:04:00.000000000,BEST_BID,"JPM,99613,11"
2019-06-28 15:04:00.000000000,BEST_ASK,"JPM,99814,195"
2019-06-28 15:04:00.000000000,LAST_TRADE,"5,$99613.0000"
2019-06-28 15:04:00.000000000,QUERY_SPREAD,96
2019-06-28 15:04:00.000000000,BEST_BID,"JPM,99613,10"
2019-06-28 15:04:00.000000000,BEST_ASK,"JPM,99814,195"
2019-06-28 15:04:00.000000000,LAST_TRADE,"1,$99613.0000"
2019-06-28 15:04:00.000000000,QUERY_SPREAD,97
2019-06-28 15:04:00.000000000,BEST_BID,"JPM,99613,3"
2019-06-28 15:04:00.000000000,BEST_ASK,"JPM,99814,195"
2019-06-28 15:04:00.000000000,LAST_TRADE,"7,$99613.0000"
2019-06-28 15:04:00.000000000,QUERY_SPREAD,98
2019-06-28 15:04:00.000000000,BEST_BID,"JPM,99555,192"
2019-06-28 15:04:00.000000000,BEST_ASK,"JPM,99613,3"
2019-06-28 15:04:00.000000000,LAST_TRADE,"3,$99613.0000"
2019-06-28 15:04:00.000000000,QUERY_SPREAD,99
2019-06-28 15:04:00.000000000,BEST_BID,"JPM,99613,2"
2019-06-28 15:04:00.000000000,BEST_ASK,"JPM,99814,195"
2019-06-28 15:04:00.000000000,LAST_TRADE,"3,$99613.0000"
2019-06-28 15:04:00.000000000,QUERY_SPREAD,100
2019-06-28 15:04:00.000000000,BEST_BID,"JPM,99613,2"
2019-06-28 15:04:00.000000000,BEST_ASK,"JPM,99814,188"
2019-06-28 15:04:00.000000000,LAST_TRADE,"7,$99814.0000"
2019-06-28 15:04:00.000000000,QUERY_SPREAD,101
2019-06-28 15:04:00.000000000,QUERY_ORDER_STREAM,101
2019-06-28 15:04:06.117265677,QUERY_ORDER_STREAM,53
2019-06-28 15:04:06.117265677,QUERY_SPREAD,53
2019-06-28 15:04:06.117265677,BEST_BID,"JPM,99613,2"
2019-06-28 15:04:06.117265677,BEST_ASK,"JPM,99814,288"
2019-06-28 15:04:10.000000000,QUERY_SPREAD,1
2019-06-28 15:04:10.000000000,BEST_BID,"JPM,99613,97"
2019-06-28 15:04:10.000000000,BEST_ASK,"JPM,99814,193"
2019-06-28 15:04:10.000000000,BEST_BID,"JPM,99613,97"
2019-06-28 15:04:10.000000000,BEST_ASK,"JPM,99814,193"
2019-06-28 15:04:10.000000000,BEST_BID,"JPM,99613,97"
2019-06-28 15:04:10.000000000,BEST_ASK,"JPM,99814,193"
2019-06-28 15:04:10.000000000,BEST_BID,"JPM,99613,97"
2019-06-28 15:04:10.000000000,BEST_ASK,"JPM,99814,288"
2019-06-28 15:04:10.000000000,BEST_BID,"JPM,99613,97"
2019-06-28 15:04:10.000000000,BEST_ASK,"JPM,99814,288"
2019-06-28 15:04:10.000000000,BEST_BID,"JPM,99613,97"
2019-06-28 15:04:10.000000000,BEST_ASK,"JPM,99814,288"
2019-06-28 15:04:18.387189047,QUERY_SPREAD,50
2019-06-28 15:04:18.387189047,BEST_BID,"JPM,99555,192"
2019-06-28 15:04:18.387189047,BEST_ASK,"JPM,99613,3"
2019-06-28 15:04:18.387189047,LAST_TRADE,"97,$99613.0000"
2019-06-28 15:04:20.000000000,QUERY_SPREAD,1
2019-06-28 15:04:20.000000000,BEST_BID,"JPM,99555,240"
2019-06-28 15:04:20.000000000,BEST_ASK,"JPM,99613,3"
2019-06-28 15:04:20.000000000,BEST_BID,"JPM,99555,240"
2019-06-28 15:04:20.000000000,BEST_ASK,"JPM,99613,3"
2019-06-28 15:04:20.000000000,BEST_BID,"JPM,99555,240"
2019-06-28 15:04:20.000000000,BEST_ASK,"JPM,99613,143"
2019-06-28 15:04:20.000000000,BEST_BID,"JPM,99555,240"
2019-06-28 15:04:20.000000000,BEST_ASK,"JPM,99613,143"
2019-06-28 15:04:30.000000000,QUERY_SPREAD,1
2019-06-28 15:04:30.000000000,BEST_BID,"JPM,99555,240"
2019-06-28 15:04:30.000000000,BEST_ASK,"JPM,99613,3"
2019-06-28 15:04:30.000000000,BEST_BID,"JPM,99555,240"
2019-06-28 15:04:30.000000000,BEST_ASK,"JPM,99613,3"
2019-06-28 15:04:30.000000000,BEST_BID,"JPM,99555,240"
2019-06-28 15:04:30.000000000,BEST_ASK,"JPM,99613,143"
2019-06-28 15:04:30.000000000,BEST_BID,"JPM,99555,240"
2019-06-28 15:04:30.000000000,BEST_ASK,"JPM,99613,143"
2019-06-28 15:04:40.000000000,QUERY_SPREAD,1
2019-06-28 15:04:40.000000000,BEST_BID,"JPM,99555,170"
2019-06-28 15:04:40.000000000,BEST_ASK,"JPM,99613,3"
2019-06-28 15:04:40.000000000,BEST_BID,"JPM,99555,170"
2019-06-28 15:04:40.000000000,BEST_ASK,"JPM,99613,3"
2019-06-28 15:04:40.000000000,BEST_BID,"JPM,99555,170"
2019-06-28 15:04:40.000000000,BEST_ASK,"JPM,99613,3"
2019-06-28 15:04:40.000000000,BEST_BID,"JPM,99555,170"
2019-06-28 15:04:40.000000000,BEST_ASK,"JPM,99613,3"
2019-06-28 15:04:40.000000000,BEST_BID,"JPM,99555,170"
2019-06-28 15:04:40.000000000,BEST_ASK,"JPM,99613,73"
2019-06-28 15:04:40.000000000,BEST_BID,"JPM,99555,170"
2019-06-28 15:04:40.000000000,BEST_ASK,"JPM,99613,73"
2019-06-28 15:04:40.000000000,BEST_BID,"JPM,99555,170"
2019-06-28 15:04:40.000000000,BEST_ASK,"JPM,99613,73"
2019-06-28 15:04:40.000000000,BEST_BID,"JPM,99555,170"
2019-06-28 15:04:40.000000000,BEST_ASK,"JPM,99613,73"
2019-06-28 15:04:50.000000000,QUERY_SPREAD,1
2019-06-28 15:04:50.000000000,BEST_BID,"JPM,99555,170"
2019-06-28 15:04:50.000000000,BEST_ASK,"JPM,99613,3"
2019-06-28 15:04:50.000000000,BEST_BID,"JPM,99555,170"
2019-06-28 15:04:50.000000000,BEST_ASK,"JPM,99613,3"
2019-06-28 15:04:50.000000000,BEST_BID,"JPM,99555,170"
2019-06-28 15:04:50.000000000,BEST_ASK,"JPM,99613,3"
2019-06-28 15:04:50.000000000,BEST_BID,"JPM,99555,170"
2019-06-28 15:04:50.000000000,BEST_ASK,"JPM,99613,3"
2019-06-28 15:04:50.000000000,BEST_BID,"JPM,99555,170"
2019-06-28 15:04:50.000000000,BEST_ASK,"JPM,99613,73"
2019-06-28 15:04:50.000000000,BEST_BID,"JPM,99555,170"
2019-06-28 15:04:50.000000000,BEST_ASK,"JPM,99613,73"
2019-06-28 15:04:50.000000000,BEST_BID,"JPM,99555,170"
2019-06-28 15:04:50.000000000,BEST_ASK,"JPM,99613,73"
2019-06-28 15:04:50.000000000,BEST_BID,"JPM,99555,170"
2019-06-28 15:04:50.000000000,BEST_ASK,"JPM,99613,73"
2019-06-28 15:05:00.000000000,QUERY_SPREAD,1
2019-06-28 15:05:00.000000000,BEST_BID,"JPM,99555,195"
2019-06-28 15:05:00.000000000,BEST_ASK,"JPM,99613,3"
2019-06-28 15:05:00.000000000,BEST_BID,"JPM,99555,195"
2019-06-28 15:05:00.000000000,BEST_ASK,"JPM,99613,3"
2019-06-28 15:05:00.000000000,BEST_BID,"JPM,99555,195"
2019-06-28 15:05:00.000000000,BEST_ASK,"JPM,99613,3"
2019-06-28 15:05:00.000000000,BEST_BID,"JPM,99555,195"
2019-06-28 15:05:00.000000000,BEST_ASK,"JPM,99613,98"
2019-06-28 15:05:00.000000000,BEST_BID,"JPM,99555,195"
2019-06-28 15:05:00.000000000,BEST_ASK,"JPM,99613,98"
2019-06-28 15:05:00.000000000,BEST_BID,"JPM,99555,195"
2019-06-28 15:05:00.000000000,BEST_ASK,"JPM,99613,98"
2019-06-28 15:05:00.000000000,QUERY_SPREAD,77
2019-06-28 15:05:00.000000000,BEST_BID,"JPM,99555,194"
2019-06-28 15:05:00.000000000,BEST_ASK,"JPM,99613,98"
2019-06-28 15:05:00.000000000,LAST_TRADE,"1,$99555.0000"
2019-06-28 15:05:00.000000000,QUERY_SPREAD,78
2019-06-28 15:05:00.000000000,BEST_BID,"JPM,99555,190"
2019-06-28 15:05:00.000000000,BEST_ASK,"JPM,99613,98"
2019-06-28 15:05:00.000000000,LAST_TRADE,"4,$99555.0000"
2019-06-28 15:05:00.000000000,QUERY_SPREAD,79
2019-06-28 15:05:00.000000000,BEST_BID,"JPM,99555,184"
2019-06-28 15:05:00.000000000,BEST_ASK,"JPM,99613,98"
2019-06-28 15:05:00.000000000,LAST_TRADE,"6,$99555.0000"
2019-06-28 15:05:00.000000000,QUERY_SPREAD,80
2019-06-28 15:05:00.000000000,BEST_BID,"JPM,99555,179"
2019-06-28 15:05:00.000000000,BEST_ASK,"JPM,99613,98"
2019-06-28 15:05:00.000000000,LAST_TRADE,"5,$99555.0000"
2019-06-28 15:05:00.000000000,QUERY_SPREAD,81
2019-06-28 15:05:00.000000000,BEST_BID,"JPM,99555,171"
2019-06-28 15:05:00.000000000,BEST_ASK,"JPM,99613,98"
2019-06-28 15:05:00.000000000,LAST_TRADE,"8,$99555.0000"
2019-06-28 15:05:00.000000000,QUERY_SPREAD,82
2019-06-28 15:05:00.000000000,BEST_BID,"JPM,99555,163"
2019-06-28 15:05:00.000000000,BEST_ASK,"JPM,99613,98"
2019-06-28 15:05:00.000000000,LAST_TRADE,"8,$99555.0000"
2019-06-28 15:05:00.000000000,QUERY_SPREAD,83
2019-06-28 15:05:00.000000000,BEST_BID,"JPM,99555,161"
2019-06-28 15:05:00.000000000,BEST_ASK,"JPM,99613,98"
2019-06-28 15:05:00.000000000,LAST_TRADE,"2,$99555.0000"
2019-06-28 15:05:00.000000000,QUERY_SPREAD,84
2019-06-28 15:05:00.000000000,BEST_BID,"JPM,99555,160"
2019-06-28 15:05:00.000000000,BEST_ASK,"JPM,99613,98"
2019-06-28 15:05:00.000000000,LAST_TRADE,"1,$99555.0000"
2019-06-28 15:05:00.000000000,QUERY_SPREAD,85
2019-06-28 15:05:00.000000000,BEST_BID,"JPM,99555,159"
2019-06-28 15:05:00.000000000,BEST_ASK,"JPM,99613,98"
2019-06-28 15:05:00.000000000,LAST_TRADE,"1,$99555.0000"
2019-06-28 15:05:00.000000000,QUERY_SPREAD,86
2019-06-28 15:05:00.000000000,BEST_BID,"JPM,99555,153"
2019-06-28 15:05:00.000000000,BEST_ASK,"JPM,99613,98"
2019-06-28 15:05:00.000000000,LAST_TRADE,"6,$99555.0000"
2019-06-28 15:05:00.000000000,QUERY_SPREAD,87
2019-06-28 15:05:00.000000000,BEST_BID,"JPM,99555,150"
2019-06-28 15:05:00.000000000,BEST_ASK,"JPM,99613,98"
2019-06-28 15:05:00.000000000,LAST_TRADE,"3,$99555.0000"
2019-06-28 15:05:00.000000000,QUERY_SPREAD,88
2019-06-28 15:05:00.000000000,BEST_BID,"JPM,99555,146"
2019-06-28 15:05:00.000000000,BEST_ASK,"JPM,99613,98"
2019-06-28 15:05:00.000000000,LAST_TRADE,"4,$99555.0000"
2019-06-28 15:05:00.000000000,QUERY_SPREAD,89
2019-06-28 15:05:00.000000000,BEST_BID,"JPM,99555,142"
2019-06-28 15:05:00.000000000,BEST_ASK,"JPM,99613,98"
2019-06-28 15:05:00.000000000,LAST_TRADE,"4,$99555.0000"
2019-06-28 15:05:00.000000000,QUERY_SPREAD,90
2019-06-28 15:05:00.000000000,BEST_BID,"JPM,99555,135"
2019-06-28 15:05:00.000000000,BEST_ASK,"JPM,99613,98"
2019-06-28 15:05:00.000000000,LAST_TRADE,"7,$99555.0000"
2019-06-28 15:05:00.000000000,QUERY_SPREAD,91
2019-06-28 15:05:00.000000000,BEST_BID,"JPM,99555,127"
2019-06-28 15:05:00.000000000,BEST_ASK,"JPM,99613,98"
2019-06-28 15:05:00.000000000,LAST_TRADE,"8,$99555.0000"
2019-06-28 15:05:00.000000000,QUERY_SPREAD,92
2019-06-28 15:05:00.000000000,BEST_BID,"JPM,99555,122"
2019-06-28 15:05:00.000000000,BEST_ASK,"JPM,99613,98"
2019-06-28 15:05:00.000000000,LAST_TRADE,"5,$99555.0000"
2019-06-28 15:05:00.000000000,QUERY_SPREAD,93
2019-06-28 15:05:00.000000000,BEST_BID,"JPM,99555,119"
2019-06-28 15:05:00.000000000,BEST_ASK,"JPM,99613,98"
2019-06-28 15:05:00.000000000,LAST_TRADE,"3,$99555.0000"
2019-06-28 15:05:00.000000000,QUERY_SPREAD,94
2019-06-28 15:05:00.000000000,BEST_BID,"JPM,99555,115"
2019-06-28 15:05:00.000000000,BEST_ASK,"JPM,99613,98"
2019-06-28 15:05:00.000000000,LAST_TRADE,"4,$99555.0000"
2019-06-28 15:05:00.000000000,QUERY_SPREAD,95
2019-06-28 15:05:00.000000000,BEST_BID,"JPM,99555,110"
2019-06-28 15:05:00.000000000,BEST_ASK,"JPM,99613,98"
2019-06-28 15:05:00.000000000,LAST_TRADE,"5,$99555.0000"
2019-06-28 15:05:00.000000000,QUERY_SPREAD,96
2019-06-28 15:05:00.000000000,BEST_BID,"JPM,99555,109"
2019-06-28 15:05:00.000000000,BEST_ASK,"JPM,99613,98"
2019-06-28 15:05:00.000000000,LAST_TRADE,"1,$99555.0000"
2019-06-28 15:05:00.000000000,QUERY_SPREAD,97
2019-06-28 15:05:00.000000000,BEST_BID,"JPM,99555,102"
2019-06-28 15:05:00.000000000,BEST_ASK,"JPM,99613,98"
2019-06-28 15:05:00.000000000,LAST_TRADE,"7,$99555.0000"
2019-06-28 15:05:00.000000000,QUERY_SPREAD,98
2019-06-28 15:05:00.000000000,BEST_BID,"JPM,99555,96"
2019-06-28 15:05:00.000000000,BEST_ASK,"JPM,99613,98"
2019-06-28 15:05:00.000000000,LAST_TRADE,"6,$99555.0000"
2019-06-28 15:05:00.000000000,QUERY_SPREAD,99
2019-06-28 15:05:00.000000000,BEST_BID,"JPM,99555,91"
2019-06-28 15:05:00.000000000,BEST_ASK,"JPM,99613,98"
2019-06-28 15:05:00.000000000,LAST_TRADE,"5,$99555.0000"
2019-06-28 15:05:00.000000000,QUERY_SPREAD,100
2019-06-28 15:05:00.000000000,BEST_BID,"JPM,99555,91"
2019-06-28 15:05:00.000000000,BEST_ASK,"JPM,99613,91"
2019-06-28 15:05:00.000000000,LAST_TRADE,"7,$99613.0000"
2019-06-28 15:05:00.000000000,QUERY_SPREAD,101
2019-06-28 15:05:00.000000000,QUERY_ORDER_STREAM,101
2019-06-28 15:05:02.486766694,QUERY_SPREAD,24
2019-06-28 15:05:02.486766694,BEST_BID,"JPM,99555,91"
2019-06-28 15:05:02.486766694,BEST_ASK,"JPM,99613,91"
2019-06-28 15:05:10.000000000,QUERY_SPREAD,1
2019-06-28 15:05:10.000000000,BEST_BID,"JPM,99498,156"
2019-06-28 15:05:10.000000000,BEST_ASK,"JPM,99814,193"
2019-06-28 15:05:10.000000000,BEST_BID,"JPM,99498,156"
2019-06-28 15:05:10.000000000,BEST_ASK,"JPM,99814,193"
2019-06-28 15:05:10.000000000,BEST_BID,"JPM,99498,156"
2019-06-28 15:05:10.000000000,BEST_ASK,"JPM,99814,193"
2019-06-28 15:05:10.000000000,BEST_BID,"JPM,99498,156"
2019-06-28 15:05:10.000000000,BEST_ASK,"JPM,99814,193"
2019-06-28 15:05:10.000000000,BEST_BID,"JPM,99498,156"
2019-06-28 15:05:10.000000000,BEST_ASK,"JPM,99814,193"
2019-06-28 15:05:10.000000000,BEST_BID,"JPM,99498,156"
2019-06-28 15:05:10.000000000,BEST_ASK,"JPM,99814,249"
2019-06-28 15:05:10.000000000,BEST_BID,"JPM,99498,156"
2019-06-28 15:05:10.000000000,BEST_ASK,"JPM,99814,249"
2019-06-28 15:05:10.000000000,BEST_BID,"JPM,99498,156"
2019-06-28 15:05:10.000000000,BEST_ASK,"JPM,99814,249"
2019-06-28 15:05:10.000000000,BEST_BID,"JPM,99498,156"
2019-06-28 15:05:10.000000000,BEST_ASK,"JPM,99814,249"
2019-06-28 15:05:10.000000000,BEST_BID,"JPM,99498,156"
2019-06-28 15:05:10.000000000,BEST_ASK,"JPM,99814,249"
2019-06-28 15:05:20.000000000,QUERY_SPREAD,1
2019-06-28 15:05:20.000000000,BEST_BID,"JPM,99498,380"
2019-06-28 15:05:20.000000000,BEST_ASK,"JPM,99814,193"
2019-06-28 15:05:20.000000000,BEST_BID,"JPM,99498,380"
2019-06-28 15:05:20.000000000,BEST_ASK,"JPM,99814,473"
2019-06-28 15:05:30.000000000,QUERY_SPREAD,1
2019-06-28 15:05:30.000000000,BEST_BID,"JPM,99498,195"
2019-06-28 15:05:30.000000000,BEST_ASK,"JPM,99814,193"
2019-06-28 15:05:30.000000000,BEST_BID,"JPM,99498,195"
2019-06-28 15:05:30.000000000,BEST_ASK,"JPM,99814,193"
2019-06-28 15:05:30.000000000,BEST_BID,"JPM,99498,195"
2019-06-28 15:05:30.000000000,BEST_ASK,"JPM,99814,193"
2019-06-28 15:05:30.000000000,BEST_BID,"JPM,99498,195"
2019-06-28 15:05:30.000000000,BEST_ASK,"JPM,99814,288"
2019-06-28 15:05:30.000000000,BEST_BID,"JPM,99498,195"
2019-06-28 15:05:30.000000000,BEST_ASK,"JPM,99814,288"
2019-06-28 15:05:30.000000000,BEST_BID,"JPM,99498,195"
2019-06-28 15:05:30.000000000,BEST_ASK,"JPM,99814,288"
2019-06-28 15:05:40.000000000,QUERY_SPREAD,1
2019-06-28 15:05:40.000000000,BEST_BID,"JPM,99498,240"
2019-06-28 15:05:40.000000000,BEST_ASK,"JPM,99814,193"
2019-06-28 15:05:40.000000000,BEST_BID,"JPM,99498,240"
2019-06-28 15:05:40.000000000,BEST_ASK,"JPM,99814,193"
2019-06-28 15:05:40.000000000,BEST_BID,"JPM,99498,240"
2019-06-28 15:05:40.000000000,BEST_ASK,"JPM,99814,333"
2019-06-28 15:05:40.000000000,BEST_BID,"JPM,99498,240"
2019-06-28 15:05:40.000000000,BEST_ASK,"JPM,99814,333"
2019-06-28 15:05:50.000000000,QUERY_SPREAD,1
2019-06-28 15:05:50.000000000,BEST_BID,"JPM,99498,240"
2019-06-28 15:05:50.000000000,BEST_ASK,"JPM,99814,193"
2019-06-28 15:05:50.000000000,BEST_BID,"JPM,99498,240"
2019-06-28 15:05:50.000000000,BEST_ASK,"JPM,99814,193"
2019-06-28 15:05:50.000000000,BEST_BID,"JPM,99498,240"
2019-06-28 15:05:50.000000000,BEST_ASK,"JPM,99814,333"
2019-06-28 15:05:50.000000000,BEST_BID,"JPM,99498,240"
2019-06-28 15:05:50.000000000,BEST_ASK,"JPM,99814,333"
2019-06-28 15:06:00.000000000,QUERY_SPREAD,1
2019-06-28 15:06:00.000000000,BEST_BID,"JPM,99498,156"
2019-06-28 15:06:00.000000000,BEST_ASK,"JPM,99814,193"
2019-06-28 15:06:00.000000000,BEST_BID,"JPM,99498,156"
2019-06-28 15:06:00.000000000,BEST_ASK,"JPM,99814,193"
2019-06-28 15:06:00.000000000,BEST_BID,"JPM,99498,156"
2019-06-28 15:06:00.000000000,BEST_ASK,"JPM,99814,193"
2019-06-28 15:06:00.000000000,BEST_BID,"JPM,99498,156"
2019-06-28 15:06:00.000000000,BEST_ASK,"JPM,99814,193"
2019-06-28 15:06:00.000000000,BEST_BID,"JPM,99498,156"
2019-06-28 15:06:00.000000000,BEST_ASK,"JPM,99814,193"
2019-06-28 15:06:00.000000000,BEST_BID,"JPM,99498,156"
2019-06-28 15:06:00.000000000,BEST_ASK,"JPM,99814,249"
2019-06-28 15:06:00.000000000,BEST_BID,"JPM,99498,156"
2019-06-28 15:06:00.000000000,BEST_ASK,"JPM,99814,249"
2019-06-28 15:06:00.000000000,BEST_BID,"JPM,99498,156"
2019-06-28 15:06:00.000000000,BEST_ASK,"JPM,99814,249"
2019-06-28 15:06:00.000000000,BEST_BID,"JPM,99498,156"
2019-06-28 15:06:00.000000000,BEST_ASK,"JPM,99814,249"
2019-06-28 15:06:00.000000000,BEST_BID,"JPM,99498,156"
2019-06-28 15:06:00.000000000,BEST_ASK,"JPM,99814,249"
2019-06-28 15:06:00.000000000,QUERY_SPREAD,77
2019-06-28 15:06:00.000000000,BEST_BID,"JPM,99498,155"
2019-06-28 15:06:00.000000000,BEST_ASK,"JPM,99814,249"
2019-06-28 15:06:00.000000000,LAST_TRADE,"1,$99498.0000"
2019-06-28 15:06:00.000000000,QUERY_SPREAD,78
2019-06-28 15:06:00.000000000,BEST_BID,"JPM,99498,151"
2019-06-28 15:06:00.000000000,BEST_ASK,"JPM,99814,249"
2019-06-28 15:06:00.000000000,LAST_TRADE,"4,$99498.0000"
2019-06-28 15:06:00.000000000,QUERY_SPREAD,79
2019-06-28 15:06:00.000000000,BEST_BID,"JPM,99498,145"
2019-06-28 15:06:00.000000000,BEST_ASK,"JPM,99814,249"
2019-06-28 15:06:00.000000000,LAST_TRADE,"6,$99498.0000"
2019-06-28 15:06:00.000000000,QUERY_SPREAD,80
2019-06-28 15:06:00.000000000,BEST_BID,"JPM,99498,140"
2019-06-28 15:06:00.000000000,BEST_ASK,"JPM,99814,249"
2019-06-28 15:06:00.000000000,LAST_TRADE,"5,$99498.0000"
2019-06-28 15:06:00.000000000,QUERY_SPREAD,81
2019-06-28 15:06:00.000000000,BEST_BID,"JPM,99498,132"
2019-06-28 15:06:00.000000000,BEST_ASK,"JPM,99814,249"
2019-06-28 15:06:00.000000000,LAST_TRADE,"8,$99498.0000"
2019-06-28 15:06:00.000000000,QUERY_SPREAD,82
2019-06-28 15:06:00.000000000,BEST_BID,"JPM,99498,124"
2019-06-28 15:06:00.000000000,BEST_ASK,"JPM,99814,249"
2019-06-28 15:06:00.000000000,LAST_TRADE,"8,$99498.0000"
2019-06-28 15:06:00.000000000,QUERY_SPREAD,83
2019-06-28 15:06:00.000000000,BEST_BID,"JPM,99498,122"
2019-06-28 15:06:00.000000000,BEST_ASK,"JPM,99814,249"
2019-06-28 15:06:00.000000000,LAST_TRADE,"2,$99498.0000"
2019-06-28 15:06:00.000000000,QUERY_SPREAD,84
2019-06-28 15:06:00.000000000,BEST_BID,"JPM,99498,121"
2019-06-28 15:06:00.000000000,BEST_ASK,"JPM,99814,249"
2019-06-28 15:06:00.000000000,LAST_TRADE,"1,$99498.0000"
2019-06-28 15:06:00.000000000,QUERY_SPREAD,85
2019-06-28 15:06:00.000000000,BEST_BID,"JPM,99498,120"
2019-06-28 15:06:00.000000000,BEST_ASK,"JPM,99814,249"
2019-06-28 15:06:00.000000000,LAST_TRADE,"1,$99498.0000"
2019-06-28 15:06:00.000000000,QUERY_SPREAD,86
2019-06-28 15:06:00.000000000,BEST_BID,"JPM,99498,114"
2019-06-28 15:06:00.000000000,BEST_ASK,"JPM,99814,249"
2019-06-28 15:06:00.000000000,LAST_TRADE,"6,$99498.0000"
2019-06-28 15:06:00.000000000,QUERY_SPREAD,87
2019-06-28 15:06:00.000000000,BEST_BID,"JPM,99498,111"
2019-06-28 15:06:00.000000000,BEST_ASK,"JPM,99814,249"
2019-06-28 15:06:00.000000000,LAST_TRADE,"3,$99498.0000"
2019-06-28 15:06:00.000000000,QUERY_SPREAD,88
2019-06-28 15:06:00.000000000,BEST_BID,"JPM,99498,107"
2019-06-28 15:06:00.000000000,BEST_ASK,"JPM,99814,249"
2019-06-28 15:06:00.000000000,LAST_TRADE,"4,$99498.0000"
2019-06-28 15:06:00.000000000,QUERY_SPREAD,89
2019-06-28 15:06:00.000000000,BEST_BID,"JPM,99498,103"
2019-06-28 15:06:00.000000000,BEST_ASK,"JPM,99814,249"
2019-06-28 15:06:00.000000000,LAST_TRADE,"4,$99498.0000"
2019-06-28 15:06:00.000000000,QUERY_SPREAD,90
2019-06-28 15:06:00.000000000,BEST_BID,"JPM,99498,96"
2019-06-28 15:06:00.000000000,BEST_ASK,"JPM,99814,249"
2019-06-28 15:06:00.000000000,LAST_TRADE,"7,$99498.0000"
2019-06-28 15:06:00.000000000,QUERY_SPREAD,91
2019-06-28 15:06:00.000000000,BEST_BID,"JPM,99498,88"
2019-06-28 15:06:00.000000000,BEST_ASK,"JPM,99814,249"
2019-06-28 15:06:00.000000000,LAST_TRADE,"8,$99498.0000"
2019-06-28 15:06:00.000000000,QUERY_SPREAD,92
2019-06-28 15:06:00.000000000,BEST_BID,"JPM,99498,83"
2019-06-28 15:06:00.000000000,BEST_ASK,"JPM,99814,249"
2019-06-28 15:06:00.000000000,LAST_TRADE,"5,$99498.0000"
2019-06-28 15:06:00.000000000,QUERY_SPREAD,93
2019-06-28 15:06:00.000000000,BEST_BID,"JPM,99498,80"
2019-06-28 15:06:00.000000000,BEST_ASK,"JPM,99814,249"
2019-06-28 15:06:00.000000000,LAST_TRADE,"3,$99498.0000"
2019-06-28 15:06:00.000000000,QUERY_SPREAD,94
2019-06-28 15:06:00.000000000,BEST_BID,"JPM,99498,76"
2019-06-28 15:06:00.000000000,BEST_ASK,"JPM,99814,249"
2019-06-28 15:06:00.000000000,LAST_TRADE,"4,$99498.0000"
2019-06-28 15:06:00.000000000,QUERY_SPREAD,95
2019-06-28 15:06:00.000000000,BEST_BID,"JPM,99498,71"
2019-06-28 15:06:00.000000000,BEST_ASK,"JPM,99814,249"
2019-06-28 15:06:00.000000000,LAST_TRADE,"5,$99498.0000"
2019-06-28 15:06:00.000000000,QUERY_SPREAD,96
2019-06-28 15:06:00.000000000,BEST_BID,"JPM,99498,70"
2019-06-28 15:06:00.000000000,BEST_ASK,"JPM,99814,249"
2019-06-28 15:06:00.000000000,LAST_TRADE,"1,$99498.0000"
2019-06-28 15:06:00.000000000,QUERY_SPREAD,97
2019-06-28 15:06:00.000000000,BEST_BID,"JPM,99498,63"
2019-06-28 15:06:00.000000000,BEST_ASK,"JPM,99814,249"
2019-06-28 15:06:00.000000000,LAST_TRADE,"7,$99498.0000"
2019-06-28 15:06:00.000000000,QUERY_SPREAD,98
2019-06-28 15:06:00.000000000,BEST_BID,"JPM,99498,57"
2019-06-28 15:06:00.000000000,BEST_ASK,"JPM,99814,249"
2019-06-28 15:06:00.000000000,LAST_TRADE,"6,$99498.0000"
2019-06-28 15:06:00.000000000,QUERY_SPREAD,99
2019-06-28 15:06:00.000000000,BEST_BID,"JPM,99498,52"
2019-06-28 15:06:00.000000000,BEST_ASK,"JPM,99814,249"
2019-06-28 15:06:00.000000000,LAST_TRADE,"5,$99498.0000"
2019-06-28 15:06:00.000000000,QUERY_SPREAD,100
2019-06-28 15:06:00.000000000,BEST_BID,"JPM,99498,45"
2019-06-28 15:06:00.000000000,BEST_ASK,"JPM,99814,249"
2019-06-28 15:06:00.000000000,LAST_TRADE,"7,$99498.0000"
2019-06-28 15:06:00.000000000,QUERY_SPREAD,101
2019-06-28 15:06:00.000000000,QUERY_ORDER_STREAM,101
2019-06-28 15:06:06.666890535,QUERY_ORDER_STREAM,53
2019-06-28 15:06:06.666890535,QUERY_SPREAD,53
2019-06-28 15:06:06.666890535,BEST_BID,"JPM,99498,145"
2019-06-28 15:06:06.666890535,BEST_ASK,"JPM,99814,149"
2019-06-28 15:06:10.000000000,QUERY_SPREAD,1
2019-06-28 15:06:10.000000000,BEST_BID,"JPM,99498,240"
2019-06-28 15:06:10.000000000,BEST_ASK,"JPM,99814,93"
2019-06-28 15:06:10.000000000,BEST_BID,"JPM,99498,240"
2019-06-28 15:06:10.000000000,BEST_ASK,"JPM,99814,93"
2019-06-28 15:06:10.000000000,BEST_BID,"JPM,99498,240"
2019-06-28 15:06:10.000000000,BEST_ASK,"JPM,99814,233"
2019-06-28 15:06:10.000000000,BEST_BID,"JPM,99498,240"
2019-06-28 15:06:10.000000000,BEST_ASK,"JPM,99814,233"
2019-06-28 15:06:14.025017938,QUERY_SPREAD,43
2019-06-28 15:06:14.025017938,BEST_BID,"JPM,99498,240"
2019-06-28 15:06:14.025017938,BEST_ASK,"JPM,99719,100"
2019-06-28 15:06:20.000000000,QUERY_SPREAD,1
2019-06-28 15:06:20.000000000,BEST_BID,"JPM,99498,170"
2019-06-28 15:06:20.000000000,BEST_ASK,"JPM,99719,100"
2019-06-28 15:06:20.000000000,BEST_BID,"JPM,99498,170"
2019-06-28 15:06:20.000000000,BEST_ASK,"JPM,99719,100"
2019-06-28 15:06:20.000000000,BEST_BID,"JPM,99498,170"
2019-06-28 15:06:20.000000000,BEST_ASK,"JPM,99719,100"
2019-06-28 15:06:20.000000000,BEST_BID,"JPM,99498,170"
2019-06-28 15:06:20.000000000,BEST_ASK,"JPM,99719,100"
2019-06-28 15:06:20.000000000,BEST_BID,"JPM,99498,170"
2019-06-28 15:06:20.000000000,BEST_ASK,"JPM,99719,170"
2019-06-28 15:06:20.000000000,BEST_BID,"JPM,99498,170"
2019-06-28 15:06:20.000000000,BEST_ASK,"JPM,99719,170"
2019-06-28 15:06:20.000000000,BEST_BID,"JPM,99498,170"
2019-06-28 15:06:20.000000000,BEST_ASK,"JPM,99719,170"
2019-06-28 15:06:20.000000000,BEST_BID,"JPM,99498,170"
2019-06-28 15:06:20.000000000,BEST_ASK,"JPM,99719,170"
2019-06-28 15:06:30.000000000,QUERY_SPREAD,1
2019-06-28 15:06:30.000000000,BEST_BID,"JPM,99498,156"
2019-06-28 15:06:30.000000000,BEST_ASK,"JPM,99719,100"
2019-06-28 15:06:30.000000000,BEST_BID,"JPM,99498,156"
2019-06-28 15:06:30.000000000,BEST_ASK,"JPM,99719,100"
2019-06-28 15:06:30.000000000,BEST_BID,"JPM,99498,156"
2019-06-28 15:06:30.000000000,BEST_ASK,"JPM,99719,100"
2019-06-28 15:06:30.000000000,BEST_BID,"JPM,99498,156"
2019-06-28 15:06:30.000000000,BEST_ASK,"JPM,99719,100"
2019-06-28 15:06:30.000000000,BEST_BID,"JPM,99498,156"
2019-06-28 15:06:30.000000000,BEST_ASK,"JPM,99719,100"
2019-06-28 15:06:30.000000000,BEST_BID,"JPM,99498,156"
2019-06-28 15:06:30.000000000,BEST_ASK,"JPM,99719,156"
2019-06-28 15:06:30.000000000,BEST_BID,"JPM,99498,156"
2019-06-28 15:06:30.000000000,BEST_ASK,"JPM,99719,156"
2019-06-28 15:06:30.000000000,BEST_BID,"JPM,99498,156"
2019-06-28 15:06:30.000000000,BEST_ASK,"JPM,99719,156"
2019-06-28 15:06:30.000000000,BEST_BID,"JPM,99498,156"
2019-06-28 15:06:30.000000000,BEST_ASK,"JPM,99719,156"
2019-06-28 15:06:30.000000000,BEST_BID,"JPM,99498,156"
2019-06-28 15:06:30.000000000,BEST_ASK,"JPM,99719,156"
2019-06-28 15:06:37.715725869,QUERY_SPREAD,39
2019-06-28 15:06:37.715725869,BEST_BID,"JPM,99498,156"
2019-06-28 15:06:37.715725869,BEST_ASK,"JPM,99712,100"
2019-06-28 15:06:40.000000000,QUERY_SPREAD,1
2019-06-28 15:06:40.000000000,BEST_BID,"JPM,99498,240"
2019-06-28 15:06:40.000000000,BEST_ASK,"JPM,99712,100"
2019-06-28 15:06:40.000000000,BEST_BID,"JPM,99498,240"
2019-06-28 15:06:40.000000000,BEST_ASK,"JPM,99712,100"
2019-06-28 15:06:40.000000000,BEST_BID,"JPM,99498,240"
2019-06-28 15:06:40.000000000,BEST_ASK,"JPM,99712,240"
2019-06-28 15:06:40.000000000,BEST_BID,"JPM,99498,240"
2019-06-28 15:06:40.000000000,BEST_ASK,"JPM,99712,240"
2019-06-28 15:06:44.594984066,QUERY_SPREAD,7
2019-06-28 15:06:44.594984066,BEST_BID,"JPM,99557,100"
2019-06-28 15:06:44.594984066,BEST_ASK,"JPM,99712,240"
2019-06-28 15:06:50.000000000,QUERY_SPREAD,1
2019-06-28 15:06:50.000000000,BEST_BID,"JPM,99557,170"
2019-06-28 15:06:50.000000000,BEST_ASK,"JPM,99712,100"
2019-06-28 15:06:50.000000000,BEST_BID,"JPM,99557,170"
2019-06-28 15:06:50.000000000,BEST_ASK,"JPM,99712,100"
2019-06-28 15:06:50.000000000,BEST_BID,"JPM,99557,170"
2019-06-28 15:06:50.000000000,BEST_ASK,"JPM,99712,100"
2019-06-28 15:06:50.000000000,BEST_BID,"JPM,99557,170"
2019-06-28 15:06:50.000000000,BEST_ASK,"JPM,99712,100"
2019-06-28 15:06:50.000000000,BEST_BID,"JPM,99557,170"
2019-06-28 15:06:50.000000000,BEST_ASK,"JPM,99712,170"
2019-06-28 15:06:50.000000000,BEST_BID,"JPM,99557,170"
2019-06-28 15:06:50.000000000,BEST_ASK,"JPM,99712,170"
2019-06-28 15:06:50.000000000,BEST_BID,"JPM,99557,170"
2019-06-28 15:06:50.000000000,BEST_ASK,"JPM,99712,170"
2019-06-28 15:06:50.000000000,BEST_BID,"JPM,99557,170"
2019-06-28 15:06:50.000000000,BEST_ASK,"JPM,99712,170"
2019-06-28 15:06:57.351550037,QUERY_ORDER_STREAM,55
2019-06-28 15:06:57.351550037,QUERY_SPREAD,55
2019-06-28 15:06:57.351550037,BEST_BID,"JPM,99557,170"
2019-06-28 15:06:57.351550037,BEST_ASK,"JPM,99712,170"
2019-06-28 15:07:00.000000000,QUERY_SPREAD,1
2019-06-28 15:07:00.000000000,BEST_BID,"JPM,99557,156"
2019-06-28 15:07:00.000000000,BEST_ASK,"JPM,99712,100"
2019-06-28 15:07:00.000000000,BEST_BID,"JPM,99557,156"
2019-06-28 15:07:00.000000000,BEST_ASK,"JPM,99712,100"
2019-06-28 15:07:00.000000000,BEST_BID,"JPM,99557,156"
2019-06-28 15:07:00.000000000,BEST_ASK,"JPM,99712,100"
2019-06-28 15:07:00.000000000,BEST_BID,"JPM,99557,156"
2019-06-28 15:07:00.000000000,BEST_ASK,"JPM,99712,100"
2019-06-28 15:07:00.000000000,BEST_BID,"JPM,99557,156"
2019-06-28 15:07:00.000000000,BEST_ASK,"JPM,99712,100"
2019-06-28 15:07:00.000000000,BEST_BID,"JPM,99557,156"
2019-06-28 15:07:00.000000000,BEST_ASK,"JPM,99712,156"
2019-06-28 15:07:00.000000000,BEST_BID,"JPM,99557,156"
2019-06-28 15:07:00.000000000,BEST_ASK,"JPM,99712,156"
2019-06-28 15:07:00.000000000,BEST_BID,"JPM,99557,156"
2019-06-28 15:07:00.000000000,BEST_ASK,"JPM,99712,156"
2019-06-28 15:07:00.000000000,BEST_BID,"JPM,99557,156"
2019-06-28 15:07:00.000000000,BEST_ASK,"JPM,99712,156"
2019-06-28 15:07:00.000000000,BEST_BID,"JPM,99557,156"
2019-06-28 15:07:00.000000000,BEST_ASK,"JPM,99712,156"
2019-06-28 15:07:00.000000000,QUERY_SPREAD,77
2019-06-28 15:07:00.000000000,BEST_BID,"JPM,99557,155"
2019-06-28 15:07:00.000000000,BEST_ASK,"JPM,99712,156"
2019-06-28 15:07:00.000000000,LAST_TRADE,"1,$99557.0000"
2019-06-28 15:07:00.000000000,QUERY_SPREAD,78
2019-06-28 15:07:00.000000000,BEST_BID,"JPM,99557,151"
2019-06-28 15:07:00.000000000,BEST_ASK,"JPM,99712,156"
2019-06-28 15:07:00.000000000,LAST_TRADE,"4,$99557.0000"
2019-06-28 15:07:00.000000000,QUERY_SPREAD,79
2019-06-28 15:07:00.000000000,BEST_BID,"JPM,99557,145"
2019-06-28 15:07:00.000000000,BEST_ASK,"JPM,99712,156"
2019-06-28 15:07:00.000000000,LAST_TRADE,"6,$99557.0000"
2019-06-28 15:07:00.000000000,QUERY_SPREAD,80
2019-06-28 15:07:00.000000000,BEST_BID,"JPM,99557,140"
2019-06-28 15:07:00.000000000,BEST_ASK,"JPM,99712,156"
2019-06-28 15:07:00.000000000,LAST_TRADE,"5,$99557.0000"
2019-06-28 15:07:00.000000000,QUERY_SPREAD,81
2019-06-28 15:07:00.000000000,BEST_BID,"JPM,99557,132"
2019-06-28 15:07:00.000000000,BEST_ASK,"JPM,99712,156"
2019-06-28 15:07:00.000000000,LAST_TRADE,"8,$99557.0000"
2019-06-28 15:07:00.000000000,QUERY_SPREAD,82
2019-06-28 15:07:00.000000000,BEST_BID,"JPM,99557,124"
2019-06-28 15:07:00.000000000,BEST_ASK,"JPM,99712,156"
2019-06-28 15:07:00.000000000,LAST_TRADE,"8,$99557.0000"
2019-06-28 15:07:00.000000000,QUERY_SPREAD,83
2019-06-28 15:07:00.000000000,BEST_BID,"JPM,99557,122"
2019-06-28 15:07:00.000000000,BEST_ASK,"JPM,99712,156"
2019-06-28 15:07:00.000000000,LAST_TRADE,"2,$99557.0000"
2019-06-28 15:07:00.000000000,QUERY_SPREAD,84
2019-06-28 15:07:00.000000000,BEST_BID,"JPM,99557,121"
2019-06-28 15:07:00.000000000,BEST_ASK,"JPM,99712,156"
2019-06-28 15:07:00.000000000,LAST_TRADE,"1,$99557.0000"
2019-06-28 15:07:00.000000000,QUERY_SPREAD,85
2019-06-28 15:07:00.000000000,BEST_BID,"JPM,99557,120"
2019-06-28 15:07:00.000000000,BEST_ASK,"JPM,99712,156"
2019-06-28 15:07:00.000000000,LAST_TRADE,"1,$99557.0000"
2019-06-28 15:07:00.000000000,QUERY_SPREAD,86
2019-06-28 15:07:00.000000000,BEST_BID,"JPM,99557,114"
2019-06-28 15:07:00.000000000,BEST_ASK,"JPM,99712,156"
2019-06-28 15:07:00.000000000,LAST_TRADE,"6,$99557.0000"
2019-06-28 15:07:00.000000000,QUERY_SPREAD,87
2019-06-28 15:07:00.000000000,BEST_BID,"JPM,99557,111"
2019-06-28 15:07:00.000000000,BEST_ASK,"JPM,99712,156"
2019-06-28 15:07:00.000000000,LAST_TRADE,"3,$99557.0000"
2019-06-28 15:07:00.000000000,QUERY_SPREAD,88
2019-06-28 15:07:00.000000000,BEST_BID,"JPM,99557,107"
2019-06-28 15:07:00.000000000,BEST_ASK,"JPM,99712,156"
2019-06-28 15:07:00.000000000,LAST_TRADE,"4,$99557.0000"
2019-06-28 15:07:00.000000000,QUERY_SPREAD,89
2019-06-28 15:07:00.000000000,BEST_BID,"JPM,99557,103"
2019-06-28 15:07:00.000000000,BEST_ASK,"JPM,99712,156"
2019-06-28 15:07:00.000000000,LAST_TRADE,"4,$99557.0000"
2019-06-28 15:07:00.000000000,QUERY_SPREAD,90
2019-06-28 15:07:00.000000000,BEST_BID,"JPM,99557,96"
2019-06-28 15:07:00.000000000,BEST_ASK,"JPM,99712,156"
2019-06-28 15:07:00.000000000,LAST_TRADE,"7,$99557.0000"
2019-06-28 15:07:00.000000000,QUERY_SPREAD,91
2019-06-28 15:07:00.000000000,BEST_BID,"JPM,99557,88"
2019-06-28 15:07:00.000000000,BEST_ASK,"JPM,99712,156"
2019-06-28 15:07:00.000000000,LAST_TRADE,"8,$99557.0000"
2019-06-28 15:07:00.000000000,QUERY_SPREAD,92
2019-06-28 15:07:00.000000000,BEST_BID,"JPM,99557,83"
2019-06-28 15:07:00.000000000,BEST_ASK,"JPM,99712,156"
2019-06-28 15:07:00.000000000,LAST_TRADE,"5,$99557.0000"
2019-06-28 15:07:00.000000000,QUERY_SPREAD,93
2019-06-28 15:07:00.000000000,BEST_BID,"JPM,99557,80"
2019-06-28 15:07:00.000000000,BEST_ASK,"JPM,99712,156"
2019-06-28 15:07:00.000000000,LAST_TRADE,"3,$99557.0000"
2019-06-28 15:07:00.000000000,QUERY_SPREAD,94
2019-06-28 15:07:00.000000000,BEST_BID,"JPM,99557,76"
2019-06-28 15:07:00.000000000,BEST_ASK,"JPM,99712,156"
2019-06-28 15:07:00.000000000,LAST_TRADE,"4,$99557.0000"
2019-06-28 15:07:00.000000000,QUERY_SPREAD,95
2019-06-28 15:07:00.000000000,BEST_BID,"JPM,99557,71"
2019-06-28 15:07:00.000000000,BEST_ASK,"JPM,99712,156"
2019-06-28 15:07:00.000000000,LAST_TRADE,"5,$99557.0000"
2019-06-28 15:07:00.000000000,QUERY_SPREAD,96
2019-06-28 15:07:00.000000000,BEST_BID,"JPM,99557,70"
2019-06-28 15:07:00.000000000,BEST_ASK,"JPM,99712,156"
2019-06-28 15:07:00.000000000,LAST_TRADE,"1,$99557.0000"
2019-06-28 15:07:00.000000000,QUERY_SPREAD,97
2019-06-28 15:07:00.000000000,BEST_BID,"JPM,99557,63"
2019-06-28 15:07:00.000000000,BEST_ASK,"JPM,99712,156"
2019-06-28 15:07:00.000000000,LAST_TRADE,"7,$99557.0000"
2019-06-28 15:07:00.000000000,QUERY_SPREAD,98
2019-06-28 15:07:00.000000000,BEST_BID,"JPM,99557,57"
2019-06-28 15:07:00.000000000,BEST_ASK,"JPM,99712,156"
2019-06-28 15:07:00.000000000,LAST_TRADE,"6,$99557.0000"
2019-06-28 15:07:00.000000000,QUERY_SPREAD,99
2019-06-28 15:07:00.000000000,BEST_BID,"JPM,99557,52"
2019-06-28 15:07:00.000000000,BEST_ASK,"JPM,99712,156"
2019-06-28 15:07:00.000000000,LAST_TRADE,"5,$99557.0000"
2019-06-28 15:07:00.000000000,QUERY_SPREAD,100
2019-06-28 15:07:00.000000000,BEST_BID,"JPM,99557,45"
2019-06-28 15:07:00.000000000,BEST_ASK,"JPM,99712,156"
2019-06-28 15:07:00.000000000,LAST_TRADE,"7,$99557.0000"
2019-06-28 15:07:00.000000000,QUERY_SPREAD,101
2019-06-28 15:07:00.000000000,QUERY_ORDER_STREAM,101
2019-06-28 15:07:01.846766358,QUERY_SPREAD,30
2019-06-28 15:07:01.846766358,BEST_BID,"JPM,99557,45"
2019-06-28 15:07:01.846766358,BEST_ASK,"JPM,99712,156"
2019-06-28 15:07:10.000000000,QUERY_SPREAD,1
2019-06-28 15:07:10.000000000,BEST_BID,"JPM,99498,270"
2019-06-28 15:07:10.000000000,BEST_ASK,"JPM,99712,100"
2019-06-28 15:07:10.000000000,BEST_BID,"JPM,99498,270"
2019-06-28 15:07:10.000000000,BEST_ASK,"JPM,99712,100"
2019-06-28 15:07:10.000000000,BEST_BID,"JPM,99498,270"
2019-06-28 15:07:10.000000000,BEST_ASK,"JPM,99712,100"
2019-06-28 15:07:10.000000000,BEST_BID,"JPM,99498,270"
2019-06-28 15:07:10.000000000,BEST_ASK,"JPM,99712,100"
2019-06-28 15:07:10.000000000,BEST_BID,"JPM,99498,270"
2019-06-28 15:07:10.000000000,BEST_ASK,"JPM,99712,170"
2019-06-28 15:07:10.000000000,BEST_BID,"JPM,99498,270"
2019-06-28 15:07:10.000000000,BEST_ASK,"JPM,99712,170"
2019-06-28 15:07:10.000000000,BEST_BID,"JPM,99498,270"
2019-06-28 15:07:10.000000000,BEST_ASK,"JPM,99712,170"
2019-06-28 15:07:10.000000000,BEST_BID,"JPM,99498,270"
2019-06-28 15:07:10.000000000,BEST_ASK,"JPM,99712,170"
2019-06-28 15:07:13.324167813,QUERY_SPREAD,49
2019-06-28 15:07:13.324167813,BEST_BID,"JPM,99498,170"
2019-06-28 15:07:13.324167813,BEST_ASK,"JPM,99712,170"
2019-06-28 15:07:13.324167813,LAST_TRADE,"100,$99498.0000"
2019-06-28 15:07:16.185467255,QUERY_ORDER_STREAM,53
2019-06-28 15:07:16.185467255,QUERY_SPREAD,53
2019-06-28 15:07:16.185467255,BEST_BID,"JPM,99499,100"
2019-06-28 15:07:16.185467255,BEST_ASK,"JPM,99712,170"
2019-06-28 15:07:18.443420761,QUERY_SPREAD,21
2019-06-28 15:07:18.443420761,BEST_BID,"JPM,99499,100"
2019-06-28 15:07:18.443420761,BEST_ASK,"JPM,99712,170"
2019-06-28 15:07:20.000000000,QUERY_SPREAD,1
2019-06-28 15:07:20.000000000,BEST_BID,"JPM,99499,380"
2019-06-28 15:07:20.000000000,BEST_ASK,"JPM,99712,100"
2019-06-28 15:07:20.000000000,BEST_BID,"JPM,99499,380"
2019-06-28 15:07:20.000000000,BEST_ASK,"JPM,99712,380"
2019-06-28 15:07:30.000000000,QUERY_SPREAD,1
2019-06-28 15:07:30.000000000,BEST_BID,"JPM,99499,170"
2019-06-28 15:07:30.000000000,BEST_ASK,"JPM,99712,100"
2019-06-28 15:07:30.000000000,BEST_BID,"JPM,99499,170"
2019-06-28 15:07:30.000000000,BEST_ASK,"JPM,99712,100"
2019-06-28 15:07:30.000000000,BEST_BID,"JPM,99499,170"
2019-06-28 15:07:30.000000000,BEST_ASK,"JPM,99712,100"
2019-06-28 15:07:30.000000000,BEST_BID,"JPM,99499,170"
2019-06-28 15:07:30.000000000,BEST_ASK,"JPM,99712,100"
2019-06-28 15:07:30.000000000,BEST_BID,"JPM,99499,170"
2019-06-28 15:07:30.000000000,BEST_ASK,"JPM,99712,170"
2019-06-28 15:07:30.000000000,BEST_BID,"JPM,99499,170"
2019-06-28 15:07:30.000000000,BEST_ASK,"JPM,99712,170"
2019-06-28 15:07:30.000000000,BEST_BID,"JPM,99499,170"
2019-06-28 15:07:30.000000000,BEST_ASK,"JPM,99712,170"
2019-06-28 15:07:30.000000000,BEST_BID,"JPM,99499,170"
2019-06-28 15:07:30.000000000,BEST_ASK,"JPM,99712,170"
2019-06-28 15:07:40.000000000,QUERY_SPREAD,1
2019-06-28 15:07:40.000000000,BEST_BID,"JPM,99499,240"
2019-06-28 15:07:40.000000000,BEST_ASK,"JPM,99712,100"
2019-06-28 15:07:40.000000000,BEST_BID,"JPM,99499,240"
2019-06-28 15:07:40.000000000,BEST_ASK,"JPM,99712,100"
2019-06-28 15:07:40.000000000,BEST_BID,"JPM,99499,240"
2019-06-28 15:07:40.000000000,BEST_ASK,"JPM,99712,240"
2019-06-28 15:07:40.000000000,BEST_BID,"JPM,99499,240"
2019-06-28 15:07:40.000000000,BEST_ASK,"JPM,99712,240"
2019-06-28 15:07:50.000000000,QUERY_SPREAD,1
2019-06-28 15:07:50.000000000,BEST_BID,"JPM,99499,170"
2019-06-28 15:07:50.000000000,BEST_ASK,"JPM,99712,100"
2019-06-28 15:07:50.000000000,BEST_BID,"JPM,99499,170"
2019-06-28 15:07:50.000000000,BEST_ASK,"JPM,99712,100"
2019-06-28 15:07:50.000000000,BEST_BID,"JPM,99499,170"
2019-06-28 15:07:50.000000000,BEST_ASK,"JPM,99712,100"
2019-06-28 15:07:50.000000000,BEST_BID,"JPM,99499,170"
2019-06-28 15:07:50.000000000,BEST_ASK,"JPM,99712,100"
2019-06-28 15:07:50.000000000,BEST_BID,"JPM,99499,170"
2019-06-28 15:07:50.000000000,BEST_ASK,"JPM,99712,170"
2019-06-28 15:07:50.000000000,BEST_BID,"JPM,99499,170"
2019-06-28 15:07:50.000000000,BEST_ASK,"JPM,99712,170"
2019-06-28 15:07:50.000000000,BEST_BID,"JPM,99499,170"
2019-06-28 15:07:50.000000000,BEST_ASK,"JPM,99712,170"
2019-06-28 15:07:50.000000000,BEST_BID,"JPM,99499,170"
2019-06-28 15:07:50.000000000,BEST_ASK,"JPM,99712,170"
2019-06-28 15:08:00.000000000,QUERY_SPREAD,1
2019-06-28 15:08:00.000000000,BEST_BID,"JPM,99499,170"
2019-06-28 15:08:00.000000000,BEST_ASK,"JPM,99712,100"
2019-06-28 15:08:00.000000000,BEST_BID,"JPM,99499,170"
2019-06-28 15:08:00.000000000,BEST_ASK,"JPM,99712,100"
2019-06-28 15:08:00.000000000,BEST_BID,"JPM,99499,170"
2019-06-28 15:08:00.000000000,BEST_ASK,"JPM,99712,100"
2019-06-28 15:08:00.000000000,BEST_BID,"JPM,99499,170"
2019-06-28 15:08:00.000000000,BEST_ASK,"JPM,99712,100"
2019-06-28 15:08:00.000000000,BEST_BID,"JPM,99499,170"
2019-06-28 15:08:00.000000000,BEST_ASK,"JPM,99712,170"
2019-06-28 15:08:00.000000000,BEST_BID,"JPM,99499,170"
2019-06-28 15:08:00.000000000,BEST_ASK,"JPM,99712,170"
2019-06-28 15:08:00.000000000,BEST_BID,"JPM,99499,170"
2019-06-28 15:08:00.000000000,BEST_ASK,"JPM,99712,170"
2019-06-28 15:08:00.000000000,BEST_BID,"JPM,99499,170"
2019-06-28 15:08:00.000000000,BEST_ASK,"JPM,99712,170"
2019-06-28 15:08:00.000000000,QUERY_SPREAD,77
2019-06-28 15:08:00.000000000,BEST_BID,"JPM,99499,169"
2019-06-28 15:08:00.000000000,BEST_ASK,"JPM,99712,170"
2019-06-28 15:08:00.000000000,LAST_TRADE,"1,$99499.0000"
2019-06-28 15:08:00.000000000,QUERY_SPREAD,78
2019-06-28 15:08:00.000000000,BEST_BID,"JPM,99499,165"
2019-06-28 15:08:00.000000000,BEST_ASK,"JPM,99712,170"
2019-06-28 15:08:00.000000000,LAST_TRADE,"4,$99499.0000"
2019-06-28 15:08:00.000000000,QUERY_SPREAD,79
2019-06-28 15:08:00.000000000,BEST_BID,"JPM,99499,159"
2019-06-28 15:08:00.000000000,BEST_ASK,"JPM,99712,170"
2019-06-28 15:08:00.000000000,LAST_TRADE,"6,$99499.0000"
2019-06-28 15:08:00.000000000,QUERY_SPREAD,80
2019-06-28 15:08:00.000000000,BEST_BID,"JPM,99499,154"
2019-06-28 15:08:00.000000000,BEST_ASK,"JPM,99712,170"
2019-06-28 15:08:00.000000000,LAST_TRADE,"5,$99499.0000"
2019-06-28 15:08:00.000000000,QUERY_SPREAD,81
2019-06-28 15:08:00.000000000,BEST_BID,"JPM,99499,146"
2019-06-28 15:08:00.000000000,BEST_ASK,"JPM,99712,170"
2019-06-28 15:08:00.000000000,LAST_TRADE,"8,$99499.0000"
2019-06-28 15:08:00.000000000,QUERY_SPREAD,82
2019-06-28 15:08:00.000000000,BEST_BID,"JPM,99499,138"
2019-06-28 15:08:00.000000000,BEST_ASK,"JPM,99712,170"
2019-06-28 15:08:00.000000000,LAST_TRADE,"8,$99499.0000"
2019-06-28 15:08:00.000000000,QUERY_SPREAD,83
2019-06-28 15:08:00.000000000,BEST_BID,"JPM,99499,136"
2019-06-28 15:08:00.000000000,BEST_ASK,"JPM,99712,170"
2019-06-28 15:08:00.000000000,LAST_TRADE,"2,$99499.0000"
2019-06-28 15:08:00.000000000,QUERY_SPREAD,84
2019-06-28 15:08:00.000000000,BEST_BID,"JPM,99499,135"
2019-06-28 15:08:00.000000000,BEST_ASK,"JPM,99712,170"
2019-06-28 15:08:00.000000000,LAST_TRADE,"1,$99499.0000"
2019-06-28 15:08:00.000000000,QUERY_SPREAD,85
2019-06-28 15:08:00.000000000,BEST_BID,"JPM,99499,134"
2019-06-28 15:08:00.000000000,BEST_ASK,"JPM,99712,170"
2019-06-28 15:08:00.000000000,LAST_TRADE,"1,$99499.0000"
2019-06-28 15:08:00.000000000,QUERY_SPREAD,86
2019-06-28 15:08:00.000000000,BEST_BID,"JPM,99499,128"
2019-06-28 15:08:00.000000000,BEST_ASK,"JPM,99712,170"
2019-06-28 15:08:00.000000000,LAST_TRADE,"6,$99499.0000"
2019-06-28 15:08:00.000000000,QUERY_SPREAD,87
2019-06-28 15:08:00.000000000,BEST_BID,"JPM,99499,125"
2019-06-28 15:08:00.000000000,BEST_ASK,"JPM,99712,170"
2019-06-28 15:08:00.000000000,LAST_TRADE,"3,$99499.0000"
2019-06-28 15:08:00.000000000,QUERY_SPREAD,88
2019-06-28 15:08:00.000000000,BEST_BID,"JPM,99499,121"
2019-06-28 15:08:00.000000000,BEST_ASK,"JPM,99712,170"
2019-06-28 15:08:00.000000000,LAST_TRADE,"4,$99499.0000"
2019-06-28 15:08:00.000000000,QUERY_SPREAD,89
2019-06-28 15:08:00.000000000,BEST_BID,"JPM,99499,117"
2019-06-28 15:08:00.000000000,BEST_ASK,"JPM,99712,170"
2019-06-28 15:08:00.000000000,LAST_TRADE,"4,$99499.0000"
2019-06-28 15:08:00.000000000,QUERY_SPREAD,90
2019-06-28 15:08:00.000000000,BEST_BID,"JPM,99499,110"
2019-06-28 15:08:00.000000000,BEST_ASK,"JPM,99712,170"
2019-06-28 15:08:00.000000000,LAST_TRADE,"7,$99499.0000"
2019-06-28 15:08:00.000000000,QUERY_SPREAD,91
2019-06-28 15:08:00.000000000,BEST_BID,"JPM,99499,102"
2019-06-28 15:08:00.000000000,BEST_ASK,"JPM,99712,170"
2019-06-28 15:08:00.000000000,LAST_TRADE,"8,$99499.0000"
2019-06-28 15:08:00.000000000,QUERY_SPREAD,92
2019-06-28 15:08:00.000000000,BEST_BID,"JPM,99499,97"
2019-06-28 15:08:00.000000000,BEST_ASK,"JPM,99712,170"
2019-06-28 15:08:00.000000000,LAST_TRADE,"5,$99499.0000"
2019-06-28 15:08:00.000000000,QUERY_SPREAD,93
2019-06-28 15:08:00.000000000,BEST_BID,"JPM,99499,94"
2019-06-28 15:08:00.000000000,BEST_ASK,"JPM,99712,170"
2019-06-28 15:08:00.000000000,LAST_TRADE,"3,$99499.0000"
2019-06-28 15:08:00.000000000,QUERY_SPREAD,94
2019-06-28 15:08:00.000000000,BEST_BID,"JPM,99499,90"
2019-06-28 15:08:00.000000000,BEST_ASK,"JPM,99712,170"
2019-06-28 15:08:00.000000000,LAST_TRADE,"4,$99499.0000"
2019-06-28 15:08:00.000000000,QUERY_SPREAD,95
2019-06-28 15:08:00.000000000,BEST_BID,"JPM,99499,85"
2019-06-28 15:08:00.000000000,BEST_ASK,"JPM,99712,170"
2019-06-28 15:08:00.000000000,LAST_TRADE,"5,$99499.0000"
2019-06-28 15:08:00.000000000,QUERY_SPREAD,96
2019-06-28 15:08:00.000000000,BEST_BID,"JPM,99499,84"
2019-06-28 15:08:00.000000000,BEST_ASK,"JPM,99712,170"
2019-06-28 15:08:00.000000000,LAST_TRADE,"1,$99499.0000"
2019-06-28 15:08:00.000000000,QUERY_SPREAD,97
2019-06-28 15:08:00.000000000,BEST_BID,"JPM,99499,77"
2019-06-28 15:08:00.000000000,BEST_ASK,"JPM,99712,170"
2019-06-28 15:08:00.000000000,LAST_TRADE,"7,$99499.0000"
2019-06-28 15:08:00.000000000,QUERY_SPREAD,98
2019-06-28 15:08:00.000000000,BEST_BID,"JPM,99499,71"
2019-06-28 15:08:00.000000000,BEST_ASK,"JPM,99712,170"
2019-06-28 15:08:00.000000000,LAST_TRADE,"6,$99499.0000"
2019-06-28 15:08:00.000000000,QUERY_SPREAD,99
2019-06-28 15:08:00.000000000,BEST_BID,"JPM,99499,66"
2019-06-28 15:08:00.000000000,BEST_ASK,"JPM,99712,170"
2019-06-28 15:08:00.000000000,LAST_TRADE,"5,$99499.0000"
2019-06-28 15:08:00.000000000,QUERY_SPREAD,100
2019-06-28 15:08:00.000000000,BEST_BID,"JPM,99499,59"
2019-06-28 15:08:00.000000000,BEST_ASK,"JPM,99712,170"
2019-06-28 15:08:00.000000000,LAST_TRADE,"7,$99499.0000"
2019-06-28 15:08:00.000000000,QUERY_SPREAD,101
2019-06-28 15:08:00.000000000,QUERY_ORDER_STREAM,101
2019-06-28 15:08:07.567490343,QUERY_ORDER_STREAM,56
2019-06-28 15:08:07.567490343,QUERY_SPREAD,56
2019-06-28 15:08:10.000000000,QUERY_SPREAD,1
2019-06-28 15:08:10.000000000,BEST_BID,"JPM,99498,380"
2019-06-28 15:08:10.000000000,BEST_ASK,"JPM,99712,100"
2019-06-28 15:08:10.000000000,BEST_BID,"JPM,99498,380"
2019-06-28 15:08:10.000000000,BEST_ASK,"JPM,99712,380"
2019-06-28 15:08:11.079063600,QUERY_SPREAD,31
2019-06-28 15:08:11.079063600,BEST_BID,"JPM,99498,380"
2019-06-28 15:08:11.079063600,BEST_ASK,"JPM,99712,380"
2019-06-28 15:08:20.000000000,QUERY_SPREAD,1
2019-06-28 15:08:20.000000000,BEST_BID,"JPM,99498,195"
2019-06-28 15:08:20.000000000,BEST_ASK,"JPM,99712,100"
2019-06-28 15:08:20.000000000,BEST_BID,"JPM,99498,195"
2019-06-28 15:08:20.000000000,BEST_ASK,"JPM,99712,100"
2019-06-28 15:08:20.000000000,BEST_BID,"JPM,99498,195"
2019-06-28 15:08:20.000000000,BEST_ASK,"JPM,99712,100"
2019-06-28 15:08:20.000000000,BEST_BID,"JPM,99498,195"
2019-06-28 15:08:20.000000000,BEST_ASK,"JPM,99712,195"
2019-06-28 15:08:20.000000000,BEST_BID,"JPM,99498,195"
2019-06-28 15:08:20.000000000,BEST_ASK,"JPM,99712,195"
2019-06-28 15:08:20.000000000,BEST_BID,"JPM,99498,195"
2019-06-28 15:08:20.000000000,BEST_ASK,"JPM,99712,195"
2019-06-28 15:08:23.734694737,QUERY_SPREAD,6
2019-06-28 15:08:23.734694737,BEST_BID,"JPM,99498,195"
2019-06-28 15:08:23.734694737,BEST_ASK,"JPM,99712,95"
2019-06-28 15:08:23.734694737,LAST_TRADE,"100,$99712.0000"
2019-06-28 15:08:24.302044144,QUERY_ORDER_STREAM,66
2019-06-28 15:08:24.302044144,QUERY_SPREAD,66
2019-06-28 15:08:24.302044144,BEST_BID,"JPM,99499,100"
2019-06-28 15:08:24.302044144,BEST_ASK,"JPM,99712,95"
2019-06-28 15:08:27.714168415,QUERY_ORDER_STREAM,56
2019-06-28 15:08:27.714168415,QUERY_SPREAD,56
2019-06-28 15:08:30.000000000,QUERY_SPREAD,1
2019-06-28 15:08:30.000000000,BEST_BID,"JPM,99499,195"
2019-06-28 15:08:30.000000000,BEST_ASK,"JPM,99719,100"
2019-06-28 15:08:30.000000000,BEST_BID,"JPM,99499,195"
2019-06-28 15:08:30.000000000,BEST_ASK,"JPM,99719,100"
2019-06-28 15:08:30.000000000,BEST_BID,"JPM,99499,195"
2019-06-28 15:08:30.000000000,BEST_ASK,"JPM,99719,100"
2019-06-28 15:08:30.000000000,BEST_BID,"JPM,99499,195"
2019-06-28 15:08:30.000000000,BEST_ASK,"JPM,99719,195"
2019-06-28 15:08:30.000000000,BEST_BID,"JPM,99499,195"
2019-06-28 15:08:30.000000000,BEST_ASK,"JPM,99719,195"
2019-06-28 15:08:30.000000000,BEST_BID,"JPM,99499,195"
2019-06-28 15:08:30.000000000,BEST_ASK,"JPM,99719,195"
2019-06-28 15:08:40.000000000,QUERY_SPREAD,1
2019-06-28 15:08:40.000000000,BEST_BID,"JPM,99499,170"
2019-06-28 15:08:40.000000000,BEST_ASK,"JPM,99719,100"
2019-06-28 15:08:40.000000000,BEST_BID,"JPM,99499,170"
2019-06-28 15:08:40.000000000,BEST_ASK,"JPM,99719,100"
2019-06-28 15:08:40.000000000,BEST_BID,"JPM,99499,170"
2019-06-28 15:08:40.000000000,BEST_ASK,"JPM,99719,100"
2019-06-28 15:08:40.000000000,BEST_BID,"JPM,99499,170"
2019-06-28 15:08:40.000000000,BEST_ASK,"JPM,99719,100"
2019-06-28 15:08:40.000000000,BEST_BID,"JPM,99499,170"
2019-06-28 15:08:40.000000000,BEST_ASK,"JPM,99719,170"
2019-06-28 15:08:40.000000000,BEST_BID,"JPM,99499,170"
2019-06-28 15:08:40.000000000,BEST_ASK,"JPM,99719,170"
2019-06-28 15:08:40.000000000,BEST_BID,"JPM,99499,170"
2019-06-28 15:08:40.000000000,BEST_ASK,"JPM,99719,170"
2019-06-28 15:08:40.000000000,BEST_BID,"JPM,99499,170"
2019-06-28 15:08:40.000000000,BEST_ASK,"JPM,99719,170"
2019-06-28 15:08:41.863501195,QUERY_SPREAD,24
2019-06-28 15:08:41.863501195,BEST_BID,"JPM,99499,170"
2019-06-28 15:08:41.863501195,BEST_ASK,"JPM,99719,70"
2019-06-28 15:08:41.863501195,LAST_TRADE,"100,$99719.0000"
2019-06-28 15:08:50.000000000,QUERY_SPREAD,1
2019-06-28 15:08:50.000000000,BEST_BID,"JPM,99499,170"
2019-06-28 15:08:50.000000000,BEST_ASK,"JPM,99814,93"
2019-06-28 15:08:50.000000000,BEST_BID,"JPM,99499,170"
2019-06-28 15:08:50.000000000,BEST_ASK,"JPM,99814,93"
2019-06-28 15:08:50.000000000,BEST_BID,"JPM,99499,170"
2019-06-28 15:08:50.000000000,BEST_ASK,"JPM,99814,93"
2019-06-28 15:08:50.000000000,BEST_BID,"JPM,99499,170"
2019-06-28 15:08:50.000000000,BEST_ASK,"JPM,99814,93"
2019-06-28 15:08:50.000000000,BEST_BID,"JPM,99499,170"
2019-06-28 15:08:50.000000000,BEST_ASK,"JPM,99814,163"
2019-06-28 15:08:50.000000000,BEST_BID,"JPM,99499,170"
2019-06-28 15:08:50.000000000,BEST_ASK,"JPM,99814,163"
2019-06-28 15:08:50.000000000,BEST_BID,"JPM,99499,170"
2019-06-28 15:08:50.000000000,BEST_ASK,"JPM,99814,163"
2019-06-28 15:08:50.000000000,BEST_BID,"JPM,99499,170"
2019-06-28 15:08:50.000000000,BEST_ASK,"JPM,99814,163"
2019-06-28 15:09:00.000000000,QUERY_SPREAD,1
2019-06-28 15:09:00.000000000,BEST_BID,"JPM,99499,195"
2019-06-28 15:09:00.000000000,BEST_ASK,"JPM,99814,93"
2019-06-28 15:09:00.000000000,BEST_BID,"JPM,99499,195"
2019-06-28 15:09:00.000000000,BEST_ASK,"JPM,99814,93"
2019-06-28 15:09:00.000000000,BEST_BID,"JPM,99499,195"
2019-06-28 15:09:00.000000000,BEST_ASK,"JPM,99814,93"
2019-06-28 15:09:00.000000000,BEST_BID,"JPM,99499,195"
2019-06-28 15:09:00.000000000,BEST_ASK,"JPM,99814,188"
2019-06-28 15:09:00.000000000,BEST_BID,"JPM,99499,195"
2019-06-28 15:09:00.000000000,BEST_ASK,"JPM,99814,188"
2019-06-28 15:09:00.000000000,BEST_BID,"JPM,99499,195"
2019-06-28 15:09:00.000000000,BEST_ASK,"JPM,99814,188"
2019-06-28 15:09:00.000000000,QUERY_SPREAD,77
2019-06-28 15:09:00.000000000,BEST_BID,"JPM,99499,194"
2019-06-28 15:09:00.000000000,BEST_ASK,"JPM,99814,188"
2019-06-28 15:09:00.000000000,LAST_TRADE,"1,$99499.0000"
2019-06-28 15:09:00.000000000,QUERY_SPREAD,78
2019-06-28 15:09:00.000000000,BEST_BID,"JPM,99499,190"
2019-06-28 15:09:00.000000000,BEST_ASK,"JPM,99814,188"
2019-06-28 15:09:00.000000000,LAST_TRADE,"4,$99499.0000"
2019-06-28 15:09:00.000000000,QUERY_SPREAD,79
2019-06-28 15:09:00.000000000,BEST_BID,"JPM,99499,184"
2019-06-28 15:09:00.000000000,BEST_ASK,"JPM,99814,188"
2019-06-28 15:09:00.000000000,LAST_TRADE,"6,$99499.0000"
2019-06-28 15:09:00.000000000,QUERY_SPREAD,80
2019-06-28 15:09:00.000000000,BEST_BID,"JPM,99499,179"
2019-06-28 15:09:00.000000000,BEST_ASK,"JPM,99814,188"
2019-06-28 15:09:00.000000000,LAST_TRADE,"5,$99499.0000"
2019-06-28 15:09:00.000000000,QUERY_SPREAD,81
2019-06-28 15:09:00.000000000,BEST_BID,"JPM,99499,171"
2019-06-28 15:09:00.000000000,BEST_ASK,"JPM,99814,188"
2019-06-28 15:09:00.000000000,LAST_TRADE,"8,$99499.0000"
2019-06-28 15:09:00.000000000,QUERY_SPREAD,82
2019-06-28 15:09:00.000000000,BEST_BID,"JPM,99499,163"
2019-06-28 15:09:00.000000000,BEST_ASK,"JPM,99814,188"
2019-06-28 15:09:00.000000000,LAST_TRADE,"8,$99499.0000"
2019-06-28 15:09:00.000000000,QUERY_SPREAD,83
2019-06-28 15:09:00.000000000,BEST_BID,"JPM,99499,161"
2019-06-28 15:09:00.000000000,BEST_ASK,"JPM,99814,188"
2019-06-28 15:09:00.000000000,LAST_TRADE,"2,$99499.0000"
2019-06-28 15:09:00.000000000,QUERY_SPREAD,84
2019-06-28 15:09:00.000000000,BEST_BID,"JPM,99499,160"
2019-06-28 15:09:00.000000000,BEST_ASK,"JPM,99814,188"
2019-06-28 15:09:00.000000000,LAST_TRADE,"1,$99499.0000"
2019-06-28 15:09:00.000000000,QUERY_SPREAD,85
2019-06-28 15:09:00.000000000,BEST_BID,"JPM,99499,159"
2019-06-28 15:09:00.000000000,BEST_ASK,"JPM,99814,188"
2019-06-28 15:09:00.000000000,LAST_TRADE,"1,$99499.0000"
2019-06-28 15:09:00.000000000,QUERY_SPREAD,86
2019-06-28 15:09:00.000000000,BEST_BID,"JPM,99499,153"
2019-06-28 15:09:00.000000000,BEST_ASK,"JPM,99814,188"
2019-06-28 15:09:00.000000000,LAST_TRADE,"6,$99499.0000"
2019-06-28 15:09:00.000000000,QUERY_SPREAD,87
2019-06-28 15:09:00.000000000,BEST_BID,"JPM,99499,150"
2019-06-28 15:09:00.000000000,BEST_ASK,"JPM,99814,188"
2019-06-28 15:09:00.000000000,LAST_TRADE,"3,$99499.0000"
2019-06-28 15:09:00.000000000,QUERY_SPREAD,88
2019-06-28 15:09:00.000000000,BEST_BID,"JPM,99499,146"
2019-06-28 15:09:00.000000000,BEST_ASK,"JPM,99814,188"
2019-06-28 15:09:00.000000000,LAST_TRADE,"4,$99499.0000"
2019-06-28 15:09:00.000000000,QUERY_SPREAD,89
2019-06-28 15:09:00.000000000,BEST_BID,"JPM,99499,142"
2019-06-28 15:09:00.000000000,BEST_ASK,"JPM,99814,188"
2019-06-28 15:09:00.000000000,LAST_TRADE,"4,$99499.0000"
2019-06-28 15:09:00.000000000,QUERY_SPREAD,90
2019-06-28 15:09:00.000000000,BEST_BID,"JPM,99499,135"
2019-06-28 15:09:00.000000000,BEST_ASK,"JPM,99814,188"
2019-06-28 15:09:00.000000000,LAST_TRADE,"7,$99499.0000"
2019-06-28 15:09:00.000000000,QUERY_SPREAD,91
2019-06-28 15:09:00.000000000,BEST_BID,"JPM,99499,127"
2019-06-28 15:09:00.000000000,BEST_ASK,"JPM,99814,188"
2019-06-28 15:09:00.000000000,LAST_TRADE,"8,$99499.0000"
2019-06-28 15:09:00.000000000,QUERY_SPREAD,92
2019-06-28 15:09:00.000000000,BEST_BID,"JPM,99499,122"
2019-06-28 15:09:00.000000000,BEST_ASK,"JPM,99814,188"
2019-06-28 15:09:00.000000000,LAST_TRADE,"5,$99499.0000"
2019-06-28 15:09:00.000000000,QUERY_SPREAD,93
2019-06-28 15:09:00.000000000,BEST_BID,"JPM,99499,119"
2019-06-28 15:09:00.000000000,BEST_ASK,"JPM,99814,188"
2019-06-28 15:09:00.000000000,LAST_TRADE,"3,$99499.0000"
2019-06-28 15:09:00.000000000,QUERY_SPREAD,94
2019-06-28 15:09:00.000000000,BEST_BID,"JPM,99499,115"
2019-06-28 15:09:00.000000000,BEST_ASK,"JPM,99814,188"
2019-06-28 15:09:00.000000000,LAST_TRADE,"4,$99499.0000"
2019-06-28 15:09:00.000000000,QUERY_SPREAD,95
2019-06-28 15:09:00.000000000,BEST_BID,"JPM,99499,110"
2019-06-28 15:09:00.000000000,BEST_ASK,"JPM,99814,188"
2019-06-28 15:09:00.000000000,LAST_TRADE,"5,$99499.0000"
2019-06-28 15:09:00.000000000,QUERY_SPREAD,96
2019-06-28 15:09:00.000000000,BEST_BID,"JPM,99499,109"
2019-06-28 15:09:00.000000000,BEST_ASK,"JPM,99814,188"
2019-06-28 15:09:00.000000000,LAST_TRADE,"1,$99499.0000"
2019-06-28 15:09:00.000000000,QUERY_SPREAD,97
2019-06-28 15:09:00.000000000,BEST_BID,"JPM,99499,102"
2019-06-28 15:09:00.000000000,BEST_ASK,"JPM,99814,188"
2019-06-28 15:09:00.000000000,LAST_TRADE,"7,$99499.0000"
2019-06-28 15:09:00.000000000,QUERY_SPREAD,98
2019-06-28 15:09:00.000000000,BEST_BID,"JPM,99499,96"
2019-06-28 15:09:00.000000000,BEST_ASK,"JPM,99814,188"
2019-06-28 15:09:00.000000000,LAST_TRADE,"6,$99499.0000"
2019-06-28 15:09:00.000000000,QUERY_SPREAD,99
2019-06-28 15:09:00.000000000,BEST_BID,"JPM,99499,91"
2019-06-28 15:09:00.000000000,BEST_ASK,"JPM,99814,188"
2019-06-28 15:09:00.000000000,LAST_TRADE,"5,$99499.0000"
2019-06-28 15:09:00.000000000,QUERY_SPREAD,100
2019-06-28 15:09:00.000000000,BEST_BID,"JPM,99499,84"
2019-06-28 15:09:00.000000000,BEST_ASK,"JPM,99814,188"
2019-06-28 15:09:00.000000000,LAST_TRADE,"7,$99499.0000"
2019-06-28 15:09:00.000000000,QUERY_SPREAD,101
2019-06-28 15:09:00.000000000,QUERY_ORDER_STREAM,101
2019-06-28 15:09:10.000000000,QUERY_SPREAD,1
2019-06-28 15:09:10.000000000,BEST_BID,"JPM,99498,156"
2019-06-28 15:09:10.000000000,BEST_ASK,"JPM,99814,93"
2019-06-28 15:09:10.000000000,BEST_BID,"JPM,99498,156"
2019-06-28 15:09:10.000000000,BEST_ASK,"JPM,99814,93"
2019-06-28 15:09:10.000000000,BEST_BID,"JPM,99498,156"
2019-06-28 15:09:10.000000000,BEST_ASK,"JPM,99814,93"
2019-06-28 15:09:10.000000000,BEST_BID,"JPM,99498,156"
2019-06-28 15:09:10.000000000,BEST_ASK,"JPM,99814,93"
2019-06-28 15:09:10.000000000,BEST_BID,"JPM,99498,156"
2019-06-28 15:09:10.000000000,BEST_ASK,"JPM,99814,93"
2019-06-28 15:09:10.000000000,BEST_BID,"JPM,99498,156"
2019-06-28 15:09:10.000000000,BEST_ASK,"JPM,99814,149"
2019-06-28 15:09:10.000000000,BEST_BID,"JPM,99498,156"
2019-06-28 15:09:10.000000000,BEST_ASK,"JPM,99814,149"
2019-06-28 15:09:10.000000000,BEST_BID,"JPM,99498,156"
2019-06-28 15:09:10.000000000,BEST_ASK,"JPM,99814,149"
2019-06-28 15:09:10.000000000,BEST_BID,"JPM,99498,156"
2019-06-28 15:09:10.000000000,BEST_ASK,"JPM,99814,149"
2019-06-28 15:09:10.000000000,BEST_BID,"JPM,99498,156"
2019-06-28 15:09:10.000000000,BEST_ASK,"JPM,99814,149"
2019-06-28 15:09:12.924022788,QUERY_ORDER_STREAM,60
2019-06-28 15:09:12.924022788,QUERY_SPREAD,60
2019-06-28 15:09:17.510585487,QUERY_SPREAD,50
2019-06-28 15:09:17.510585487,BEST_BID,"JPM,99498,156"
2019-06-28 15:09:17.510585487,BEST_ASK,"JPM,99814,149"
2019-06-28 15:09:20.000000000,QUERY_SPREAD,1
2019-06-28 15:09:20.000000000,BEST_BID,"JPM,99498,156"
2019-06-28 15:09:20.000000000,BEST_ASK,"JPM,99814,93"
2019-06-28 15:09:20.000000000,BEST_BID,"JPM,99498,156"
2019-06-28 15:09:20.000000000,BEST_ASK,"JPM,99814,93"
2019-06-28 15:09:20.000000000,BEST_BID,"JPM,99498,156"
2019-06-28 15:09:20.000000000,BEST_ASK,"JPM,99814,93"
2019-06-28 15:09:20.000000000,BEST_BID,"JPM,99498,156"
2019-06-28 15:09:20.000000000,BEST_ASK,"JPM,99814,93"
2019-06-28 15:09:20.000000000,BEST_BID,"JPM,99498,156"
2019-06-28 15:09:20.000000000,BEST_ASK,"JPM,99814,93"
2019-06-28 15:09:20.000000000,BEST_BID,"JPM,99498,156"
2019-06-28 15:09:20.000000000,BEST_ASK,"JPM,99814,149"
2019-06-28 15:09:20.000000000,BEST_BID,"JPM,99498,156"
2019-06-28 15:09:20.000000000,BEST_ASK,"JPM,99814,149"
2019-06-28 15:09:20.000000000,BEST_BID,"JPM,99498,156"
2019-06-28 15:09:20.000000000,BEST_ASK,"JPM,99814,149"
2019-06-28 15:09:20.000000000,BEST_BID,"JPM,99498,156"
2019-06-28 15:09:20.000000000,BEST_ASK,"JPM,99814,149"
2019-06-28 15:09:20.000000000,BEST_BID,"JPM,99498,156"
2019-06-28 15:09:20.000000000,BEST_ASK,"JPM,99814,149"
2019-06-28 15:09:29.856686406,QUERY_SPREAD,29
2019-06-28 15:09:29.856686406,BEST_BID,"JPM,99498,156"
2019-06-28 15:09:29.856686406,BEST_ASK,"JPM,99814,49"
2019-06-28 15:09:29.856686406,LAST_TRADE,"100,$99814.0000"
2019-06-28 15:09:30.000000000,QUERY_SPREAD,1
2019-06-28 15:09:30.000000000,BEST_BID,"JPM,99498,156"
2019-06-28 15:09:30.000000000,BEST_ASK,"JPM,100101,100"
2019-06-28 15:09:30.000000000,BEST_BID,"JPM,99498,156"
2019-06-28 15:09:30.000000000,BEST_ASK,"JPM,100101,100"
2019-06-28 15:09:30.000000000,BEST_BID,"JPM,99498,156"
2019-06-28 15:09:30.000000000,BEST_ASK,"JPM,100101,100"
2019-06-28 15:09:30.000000000,BEST_BID,"JPM,99498,156"
2019-06-28 15:09:30.000000000,BEST_ASK,"JPM,100101,100"
2019-06-28 15:09:30.000000000,BEST_BID,"JPM,99498,156"
2019-06-28 15:09:30.000000000,BEST_ASK,"JPM,100101,100"
2019-06-28 15:09:30.000000000,BEST_BID,"JPM,99498,156"
2019-06-28 15:09:30.000000000,BEST_ASK,"JPM,100101,156"
2019-06-28 15:09:30.000000000,BEST_BID,"JPM,99498,156"
2019-06-28 15:09:30.000000000,BEST_ASK,"JPM,100101,156"
2019-06-28 15:09:30.000000000,BEST_BID,"JPM,99498,156"
2019-06-28 15:09:30.000000000,BEST_ASK,"JPM,100101,156"
2019-06-28 15:09:30.000000000,BEST_BID,"JPM,99498,156"
2019-06-28 15:09:30.000000000,BEST_ASK,"JPM,100101,156"
2019-06-28 15:09:30.000000000,BEST_BID,"JPM,99498,156"
2019-06-28 15:09:30.000000000,BEST_ASK,"JPM,100101,156"
2019-06-28 15:09:40.000000000,QUERY_SPREAD,1
2019-06-28 15:09:40.000000000,BEST_BID,"JPM,99498,380"
2019-06-28 15:09:40.000000000,BEST_ASK,"JPM,100101,100"
2019-06-28 15:09:40.000000000,BEST_BID,"JPM,99498,380"
2019-06-28 15:09:40.000000000,BEST_ASK,"JPM,100101,380"
2019-06-28 15:09:40.771334342,QUERY_SPREAD,8
2019-06-28 15:09:40.771334342,BEST_BID,"JPM,99498,380"
2019-06-28 15:09:40.771334342,BEST_ASK,"JPM,100101,380"
2019-06-28 15:09:50.000000000,QUERY_SPREAD,1
2019-06-28 15:09:50.000000000,BEST_BID,"JPM,99498,195"
2019-06-28 15:09:50.000000000,BEST_ASK,"JPM,100101,100"
2019-06-28 15:09:50.000000000,BEST_BID,"JPM,99498,195"
2019-06-28 15:09:50.000000000,BEST_ASK,"JPM,100101,100"
2019-06-28 15:09:50.000000000,BEST_BID,"JPM,99498,195"
2019-06-28 15:09:50.000000000,BEST_ASK,"JPM,100101,100"
2019-06-28 15:09:50.000000000,BEST_BID,"JPM,99498,195"
2019-06-28 15:09:50.000000000,BEST_ASK,"JPM,100101,195"
2019-06-28 15:09:50.000000000,BEST_BID,"JPM,99498,195"
2019-06-28 15:09:50.000000000,BEST_ASK,"JPM,100101,195"
2019-06-28 15:09:50.000000000,BEST_BID,"JPM,99498,195"
2019-06-28 15:09:50.000000000,BEST_ASK,"JPM,100101,195"
2019-06-28 15:09:51.618258034,QUERY_SPREAD,51
2019-06-28 15:09:51.618258034,BEST_BID,"JPM,99498,195"
2019-06-28 15:09:51.618258034,BEST_ASK,"JPM,100101,195"
2019-06-28 15:10:00.000000000,QUERY_SPREAD,1
2019-06-28 15:10:00.000000000,BEST_BID,"JPM,99498,195"
2019-06-28 15:10:00.000000000,BEST_ASK,"JPM,100101,100"
2019-06-28 15:10:00.000000000,BEST_BID,"JPM,99498,195"
2019-06-28 15:10:00.000000000,BEST_ASK,"JPM,100101,100"
2019-06-28 15:10:00.000000000,BEST_BID,"JPM,99498,195"
2019-06-28 15:10:00.000000000,BEST_ASK,"JPM,100101,100"
2019-06-28 15:10:00.000000000,BEST_BID,"JPM,99498,195"
2019-06-28 15:10:00.000000000,BEST_ASK,"JPM,100101,195"
2019-06-28 15:10:00.000000000,BEST_BID,"JPM,99498,195"
2019-06-28 15:10:00.000000000,BEST_ASK,"JPM,100101,195"
2019-06-28 15:10:00.000000000,BEST_BID,"JPM,99498,195"
2019-06-28 15:10:00.000000000,BEST_ASK,"JPM,100101,195"
2019-06-28 15:10:00.000000000,QUERY_SPREAD,77
2019-06-28 15:10:00.000000000,BEST_BID,"JPM,99498,194"
2019-06-28 15:10:00.000000000,BEST_ASK,"JPM,100101,195"
2019-06-28 15:10:00.000000000,LAST_TRADE,"1,$99498.0000"
2019-06-28 15:10:00.000000000,QUERY_SPREAD,78
2019-06-28 15:10:00.000000000,BEST_BID,"JPM,99498,190"
2019-06-28 15:10:00.000000000,BEST_ASK,"JPM,100101,195"
2019-06-28 15:10:00.000000000,LAST_TRADE,"4,$99498.0000"
2019-06-28 15:10:00.000000000,QUERY_SPREAD,79
2019-06-28 15:10:00.000000000,BEST_BID,"JPM,99498,184"
2019-06-28 15:10:00.000000000,BEST_ASK,"JPM,100101,195"
2019-06-28 15:10:00.000000000,LAST_TRADE,"6,$99498.0000"
2019-06-28 15:10:00.000000000,QUERY_SPREAD,80
2019-06-28 15:10:00.000000000,BEST_BID,"JPM,99498,179"
2019-06-28 15:10:00.000000000,BEST_ASK,"JPM,100101,195"
2019-06-28 15:10:00.000000000,LAST_TRADE,"5,$99498.0000"
2019-06-28 15:10:00.000000000,QUERY_SPREAD,81
2019-06-28 15:10:00.000000000,BEST_BID,"JPM,99498,171"
2019-06-28 15:10:00.000000000,BEST_ASK,"JPM,100101,195"
2019-06-28 15:10:00.000000000,LAST_TRADE,"8,$99498.0000"
2019-06-28 15:10:00.000000000,QUERY_SPREAD,82
2019-06-28 15:10:00.000000000,BEST_BID,"JPM,99498,163"
2019-06-28 15:10:00.000000000,BEST_ASK,"JPM,100101,195"
2019-06-28 15:10:00.000000000,LAST_TRADE,"8,$99498.0000"
2019-06-28 15:10:00.000000000,QUERY_SPREAD,83
2019-06-28 15:10:00.000000000,BEST_BID,"JPM,99498,161"
2019-06-28 15:10:00.000000000,BEST_ASK,"JPM,100101,195"
2019-06-28 15:10:00.000000000,LAST_TRADE,"2,$99498.0000"
2019-06-28 15:10:00.000000000,QUERY_SPREAD,84
2019-06-28 15:10:00.000000000,BEST_BID,"JPM,99498,160"
2019-06-28 15:10:00.000000000,BEST_ASK,"JPM,100101,195"
2019-06-28 15:10:00.000000000,LAST_TRADE,"1,$99498.0000"
2019-06-28 15:10:00.000000000,QUERY_SPREAD,85
2019-06-28 15:10:00.000000000,BEST_BID,"JPM,99498,159"
2019-06-28 15:10:00.000000000,BEST_ASK,"JPM,100101,195"
2019-06-28 15:10:00.000000000,LAST_TRADE,"1,$99498.0000"
2019-06-28 15:10:00.000000000,QUERY_SPREAD,86
2019-06-28 15:10:00.000000000,BEST_BID,"JPM,99498,153"
2019-06-28 15:10:00.000000000,BEST_ASK,"JPM,100101,195"
2019-06-28 15:10:00.000000000,LAST_TRADE,"6,$99498.0000"
2019-06-28 15:10:00.000000000,QUERY_SPREAD,87
2019-06-28 15:10:00.000000000,BEST_BID,"JPM,99498,150"
2019-06-28 15:10:00.000000000,BEST_ASK,"JPM,100101,195"
2019-06-28 15:10:00.000000000,LAST_TRADE,"3,$99498.0000"
2019-06-28 15:10:00.000000000,QUERY_SPREAD,88
2019-06-28 15:10:00.000000000,BEST_BID,"JPM,99498,146"
2019-06-28 15:10:00.000000000,BEST_ASK,"JPM,100101,195"
2019-06-28 15:10:00.000000000,LAST_TRADE,"4,$99498.0000"
2019-06-28 15:10:00.000000000,QUERY_SPREAD,89
2019-06-28 15:10:00.000000000,BEST_BID,"JPM,99498,142"
2019-06-28 15:10:00.000000000,BEST_ASK,"JPM,100101,195"
2019-06-28 15:10:00.000000000,LAST_TRADE,"4,$99498.0000"
2019-06-28 15:10:00.000000000,QUERY_SPREAD,90
2019-06-28 15:10:00.000000000,BEST_BID,"JPM,99498,135"
2019-06-28 15:10:00.000000000,BEST_ASK,"JPM,100101,195"
2019-06-28 15:10:00.000000000,LAST_TRADE,"7,$99498.0000"
2019-06-28 15:10:00.000000000,QUERY_SPREAD,91
2019-06-28 15:10:00.000000000,BEST_BID,"JPM,99498,127"
2019-06-28 15:10:00.000000000,BEST_ASK,"JPM,100101,195"
2019-06-28 15:10:00.000000000,LAST_TRADE,"8,$99498.0000"
2019-06-28 15:10:00.000000000,QUERY_SPREAD,92
2019-06-28 15:10:00.000000000,BEST_BID,"JPM,99498,122"
2019-06-28 15:10:00.000000000,BEST_ASK,"JPM,100101,195"
2019-06-28 15:10:00.000000000,LAST_TRADE,"5,$99498.0000"
2019-06-28 15:10:00.000000000,QUERY_SPREAD,93
2019-06-28 15:10:00.000000000,BEST_BID,"JPM,99498,119"
2019-06-28 15:10:00.000000000,BEST_ASK,"JPM,100101,195"
2019-06-28 15:10:00.000000000,LAST_TRADE,"3,$99498.0000"
2019-06-28 15:10:00.000000000,QUERY_SPREAD,94
2019-06-28 15:10:00.000000000,BEST_BID,"JPM,99498,115"
2019-06-28 15:10:00.000000000,BEST_ASK,"JPM,100101,195"
2019-06-28 15:10:00.000000000,LAST_TRADE,"4,$99498.0000"
2019-06-28 15:10:00.000000000,QUERY_SPREAD,95
2019-06-28 15:10:00.000000000,BEST_BID,"JPM,99498,110"
2019-06-28 15:10:00.000000000,BEST_ASK,"JPM,100101,195"
2019-06-28 15:10:00.000000000,LAST_TRADE,"5,$99498.0000"
2019-06-28 15:10:00.000000000,QUERY_SPREAD,96
2019-06-28 15:10:00.000000000,BEST_BID,"JPM,99498,109"
2019-06-28 15:10:00.000000000,BEST_ASK,"JPM,100101,195"
2019-06-28 15:10:00.000000000,LAST_TRADE,"1,$99498.0000"
2019-06-28 15:10:00.000000000,QUERY_SPREAD,97
2019-06-28 15:10:00.000000000,BEST_BID,"JPM,99498,102"
2019-06-28 15:10:00.000000000,BEST_ASK,"JPM,100101,195"
2019-06-28 15:10:00.000000000,LAST_TRADE,"7,$99498.0000"
2019-06-28 15:10:00.000000000,QUERY_SPREAD,98
2019-06-28 15:10:00.000000000,BEST_BID,"JPM,99498,96"
2019-06-28 15:10:00.000000000,BEST_ASK,"JPM,100101,195"
2019-06-28 15:10:00.000000000,LAST_TRADE,"6,$99498.0000"
2019-06-28 15:10:00.000000000,QUERY_SPREAD,99
2019-06-28 15:10:00.000000000,BEST_BID,"JPM,99498,91"
2019-06-28 15:10:00.000000000,BEST_ASK,"JPM,100101,195"
2019-06-28 15:10:00.000000000,LAST_TRADE,"5,$99498.0000"
2019-06-28 15:10:00.000000000,QUERY_SPREAD,100
2019-06-28 15:10:00.000000000,BEST_BID,"JPM,99498,91"
2019-06-28 15:10:00.000000000,BEST_ASK,"JPM,100101,188"
2019-06-28 15:10:00.000000000,LAST_TRADE,"7,$100101.0000"
2019-06-28 15:10:00.000000000,QUERY_SPREAD,101
2019-06-28 15:10:00.000000000,QUERY_ORDER_STREAM,101
2019-06-28 15:10:01.294615193,QUERY_SPREAD,7
2019-06-28 15:10:01.294615193,BEST_BID,"JPM,99498,91"
2019-06-28 15:10:01.294615193,BEST_ASK,"JPM,100101,88"
2019-06-28 15:10:01.294615193,LAST_TRADE,"100,$100101.0000"
2019-06-28 15:10:10.000000000,QUERY_SPREAD,1
2019-06-28 15:10:10.000000000,BEST_BID,"JPM,99466,195"
2019-06-28 15:10:10.000000000,BEST_ASK,"JPM,100395,100"
2019-06-28 15:10:10.000000000,BEST_BID,"JPM,99466,195"
2019-06-28 15:10:10.000000000,BEST_ASK,"JPM,100395,100"
2019-06-28 15:10:10.000000000,BEST_BID,"JPM,99466,195"
2019-06-28 15:10:10.000000000,BEST_ASK,"JPM,100395,100"
2019-06-28 15:10:10.000000000,BEST_BID,"JPM,99466,195"
2019-06-28 15:10:10.000000000,BEST_ASK,"JPM,100395,195"
2019-06-28 15:10:10.000000000,BEST_BID,"JPM,99466,195"
2019-06-28 15:10:10.000000000,BEST_ASK,"JPM,100395,195"
2019-06-28 15:10:10.000000000,BEST_BID,"JPM,99466,195"
2019-06-28 15:10:10.000000000,BEST_ASK,"JPM,100395,195"
2019-06-28 15:10:20.000000000,QUERY_SPREAD,1
2019-06-28 15:10:20.000000000,BEST_BID,"JPM,99466,195"
2019-06-28 15:10:20.000000000,BEST_ASK,"JPM,100395,100"
2019-06-28 15:10:20.000000000,BEST_BID,"JPM,99466,195"
2019-06-28 15:10:20.000000000,BEST_ASK,"JPM,100395,100"
2019-06-28 15:10:20.000000000,BEST_BID,"JPM,99466,195"
2019-06-28 15:10:20.000000000,BEST_ASK,"JPM,100395,100"
2019-06-28 15:10:20.000000000,BEST_BID,"JPM,99466,195"
2019-06-28 15:10:20.000000000,BEST_ASK,"JPM,100395,195"
2019-06-28 15:10:20.000000000,BEST_BID,"JPM,99466,195"
2019-06-28 15:10:20.000000000,BEST_ASK,"JPM,100395,195"
2019-06-28 15:10:20.000000000,BEST_BID,"JPM,99466,195"
2019-06-28 15:10:20.000000000,BEST_ASK,"JPM,100395,195"
2019-06-28 15:10:30.000000000,QUERY_SPREAD,1
2019-06-28 15:10:30.000000000,BEST_BID,"JPM,99466,240"
2019-06-28 15:10:30.000000000,BEST_ASK,"JPM,100395,100"
2019-06-28 15:10:30.000000000,BEST_BID,"JPM,99466,240"
2019-06-28 15:10:30.000000000,BEST_ASK,"JPM,100395,100"
2019-06-28 15:10:30.000000000,BEST_BID,"JPM,99466,240"
2019-06-28 15:10:30.000000000,BEST_ASK,"JPM,100395,240"
2019-06-28 15:10:30.000000000,BEST_BID,"JPM,99466,240"
2019-06-28 15:10:30.000000000,BEST_ASK,"JPM,100395,240"
2019-06-28 15:10:40.000000000,QUERY_SPREAD,1
2019-06-28 15:10:40.000000000,BEST_BID,"JPM,99466,156"
2019-06-28 15:10:40.000000000,BEST_ASK,"JPM,100395,100"
2019-06-28 15:10:40.000000000,BEST_BID,"JPM,99466,156"
2019-06-28 15:10:40.000000000,BEST_ASK,"JPM,100395,100"
2019-06-28 15:10:40.000000000,BEST_BID,"JPM,99466,156"
2019-06-28 15:10:40.000000000,BEST_ASK,"JPM,100395,100"
2019-06-28 15:10:40.000000000,BEST_BID,"JPM,99466,156"
2019-06-28 15:10:40.000000000,BEST_ASK,"JPM,100395,100"
2019-06-28 15:10:40.000000000,BEST_BID,"JPM,99466,156"
2019-06-28 15:10:40.000000000,BEST_ASK,"JPM,100395,100"
2019-06-28 15:10:40.000000000,BEST_BID,"JPM,99466,156"
2019-06-28 15:10:40.000000000,BEST_ASK,"JPM,100395,156"
2019-06-28 15:10:40.000000000,BEST_BID,"JPM,99466,156"
2019-06-28 15:10:40.000000000,BEST_ASK,"JPM,100395,156"
2019-06-28 15:10:40.000000000,BEST_BID,"JPM,99466,156"
2019-06-28 15:10:40.000000000,BEST_ASK,"JPM,100395,156"
2019-06-28 15:10:40.000000000,BEST_BID,"JPM,99466,156"
2019-06-28 15:10:40.000000000,BEST_ASK,"JPM,100395,156"
2019-06-28 15:10:40.000000000,BEST_BID,"JPM,99466,156"
2019-06-28 15:10:40.000000000,BEST_ASK,"JPM,100395,156"
2019-06-28 15:10:48.970202603,QUERY_SPREAD,25
2019-06-28 15:10:48.970202603,BEST_BID,"JPM,99466,156"
2019-06-28 15:10:48.970202603,BEST_ASK,"JPM,99910,100"
2019-06-28 15:10:50.000000000,QUERY_SPREAD,1
2019-06-28 15:10:50.000000000,BEST_BID,"JPM,99466,156"
2019-06-28 15:10:50.000000000,BEST_ASK,"JPM,99910,100"
2019-06-28 15:10:50.000000000,BEST_BID,"JPM,99466,156"
2019-06-28 15:10:50.000000000,BEST_ASK,"JPM,99910,100"
2019-06-28 15:10:50.000000000,BEST_BID,"JPM,99466,156"
2019-06-28 15:10:50.000000000,BEST_ASK,"JPM,99910,100"
2019-06-28 15:10:50.000000000,BEST_BID,"JPM,99466,156"
2019-06-28 15:10:50.000000000,BEST_ASK,"JPM,99910,100"
2019-06-28 15:10:50.000000000,BEST_BID,"JPM,99466,156"
2019-06-28 15:10:50.000000000,BEST_ASK,"JPM,99910,100"
2019-06-28 15:10:50.000000000,BEST_BID,"JPM,99466,156"
2019-06-28 15:10:50.000000000,BEST_ASK,"JPM,99910,156"
2019-06-28 15:10:50.000000000,BEST_BID,"JPM,99466,156"
2019-06-28 15:10:50.000000000,BEST_ASK,"JPM,99910,156"
2019-06-28 15:10:50.000000000,BEST_BID,"JPM,99466,156"
2019-06-28 15:10:50.000000000,BEST_ASK,"JPM,99910,156"
2019-06-28 15:10:50.000000000,BEST_BID,"JPM,99466,156"
2019-06-28 15:10:50.000000000,BEST_ASK,"JPM,99910,156"
2019-06-28 15:10:50.000000000,BEST_BID,"JPM,99466,156"
2019-06-28 15:10:50.000000000,BEST_ASK,"JPM,99910,156"
2019-06-28 15:10:55.845691468,QUERY_SPREAD,25
2019-06-28 15:10:55.845691468,BEST_BID,"JPM,99617,100"
2019-06-28 15:10:55.845691468,BEST_ASK,"JPM,99910,56"
2019-06-28 15:10:56.800253862,QUERY_SPREAD,45
2019-06-28 15:10:56.800253862,BEST_BID,"JPM,99617,100"
2019-06-28 15:10:56.800253862,BEST_ASK,"JPM,99910,56"
2019-06-28 15:11:00.000000000,QUERY_SPREAD,1
2019-06-28 15:11:00.000000000,BEST_BID,"JPM,99617,170"
2019-06-28 15:11:00.000000000,BEST_ASK,"JPM,100395,100"
2019-06-28 15:11:00.000000000,BEST_BID,"JPM,99617,170"
2019-06-28 15:11:00.000000000,BEST_ASK,"JPM,100395,100"
2019-06-28 15:11:00.000000000,BEST_BID,"JPM,99617,170"
2019-06-28 15:11:00.000000000,BEST_ASK,"JPM,100395,100"
2019-06-28 15:11:00.000000000,BEST_BID,"JPM,99617,170"
2019-06-28 15:11:00.000000000,BEST_ASK,"JPM,100395,100"
2019-06-28 15:11:00.000000000,BEST_BID,"JPM,99617,170"
2019-06-28 15:11:00.000000000,BEST_ASK,"JPM,100395,170"
2019-06-28 15:11:00.000000000,BEST_BID,"JPM,99617,170"
2019-06-28 15:11:00.000000000,BEST_ASK,"JPM,100395,170"
2019-06-28 15:11:00.000000000,BEST_BID,"JPM,99617,170"
2019-06-28 15:11:00.000000000,BEST_ASK,"JPM,100395,170"
2019-06-28 15:11:00.000000000,BEST_BID,"JPM,99617,170"
2019-06-28 15:11:00.000000000,BEST_ASK,"JPM,100395,170"
2019-06-28 15:11:00.000000000,QUERY_SPREAD,77
2019-06-28 15:11:00.000000000,BEST_BID,"JPM,99617,169"
2019-06-28 15:11:00.000000000,BEST_ASK,"JPM,100395,170"
2019-06-28 15:11:00.000000000,LAST_TRADE,"1,$99617.0000"
2019-06-28 15:11:00.000000000,QUERY_SPREAD,78
2019-06-28 15:11:00.000000000,BEST_BID,"JPM,99617,165"
2019-06-28 15:11:00.000000000,BEST_ASK,"JPM,100395,170"
2019-06-28 15:11:00.000000000,LAST_TRADE,"4,$99617.0000"
2019-06-28 15:11:00.000000000,QUERY_SPREAD,79
2019-06-28 15:11:00.000000000,BEST_BID,"JPM,99617,159"
2019-06-28 15:11:00.000000000,BEST_ASK,"JPM,100395,170"
2019-06-28 15:11:00.000000000,LAST_TRADE,"6,$99617.0000"
2019-06-28 15:11:00.000000000,QUERY_SPREAD,80
2019-06-28 15:11:00.000000000,BEST_BID,"JPM,99617,154"
2019-06-28 15:11:00.000000000,BEST_ASK,"JPM,100395,170"
2019-06-28 15:11:00.000000000,LAST_TRADE,"5,$99617.0000"
2019-06-28 15:11:00.000000000,QUERY_SPREAD,81
2019-06-28 15:11:00.000000000,BEST_BID,"JPM,99617,146"
2019-06-28 15:11:00.000000000,BEST_ASK,"JPM,100395,170"
2019-06-28 15:11:00.000000000,LAST_TRADE,"8,$99617.0000"
2019-06-28 15:11:00.000000000,QUERY_SPREAD,82
2019-06-28 15:11:00.000000000,BEST_BID,"JPM,99617,138"
2019-06-28 15:11:00.000000000,BEST_ASK,"JPM,100395,170"
2019-06-28 15:11:00.000000000,LAST_TRADE,"8,$99617.0000"
2019-06-28 15:11:00.000000000,QUERY_SPREAD,83
2019-06-28 15:11:00.000000000,BEST_BID,"JPM,99617,136"
2019-06-28 15:11:00.000000000,BEST_ASK,"JPM,100395,170"
2019-06-28 15:11:00.000000000,LAST_TRADE,"2,$99617.0000"
2019-06-28 15:11:00.000000000,QUERY_SPREAD,84
2019-06-28 15:11:00.000000000,BEST_BID,"JPM,99617,135"
2019-06-28 15:11:00.000000000,BEST_ASK,"JPM,100395,170"
2019-06-28 15:11:00.000000000,LAST_TRADE,"1,$99617.0000"
2019-06-28 15:11:00.000000000,QUERY_SPREAD,85
2019-06-28 15:11:00.000000000,BEST_BID,"JPM,99617,134"
2019-06-28 15:11:00.000000000,BEST_ASK,"JPM,100395,170"
2019-06-28 15:11:00.000000000,LAST_TRADE,"1,$99617.0000"
2019-06-28 15:11:00.000000000,QUERY_SPREAD,86
2019-06-28 15:11:00.000000000,BEST_BID,"JPM,99617,128"
2019-06-28 15:11:00.000000000,BEST_ASK,"JPM,100395,170"
2019-06-28 15:11:00.000000000,LAST_TRADE,"6,$99617.0000"
2019-06-28 15:11:00.000000000,QUERY_SPREAD,87
2019-06-28 15:11:00.000000000,BEST_BID,"JPM,99617,125"
2019-06-28 15:11:00.000000000,BEST_ASK,"JPM,100395,170"
2019-06-28 15:11:00.000000000,LAST_TRADE,"3,$99617.0000"
2019-06-28 15:11:00.000000000,QUERY_SPREAD,88
2019-06-28 15:11:00.000000000,BEST_BID,"JPM,99617,121"
2019-06-28 15:11:00.000000000,BEST_ASK,"JPM,100395,170"
2019-06-28 15:11:00.000000000,LAST_TRADE,"4,$99617.0000"
2019-06-28 15:11:00.000000000,QUERY_SPREAD,89
2019-06-28 15:11:00.000000000,BEST_BID,"JPM,99617,117"
2019-06-28 15:11:00.000000000,BEST_ASK,"JPM,100395,170"
2019-06-28 15:11:00.000000000,LAST_TRADE,"4,$99617.0000"
2019-06-28 15:11:00.000000000,QUERY_SPREAD,90
2019-06-28 15:11:00.000000000,BEST_BID,"JPM,99617,110"
2019-06-28 15:11:00.000000000,BEST_ASK,"JPM,100395,170"
2019-06-28 15:11:00.000000000,LAST_TRADE,"7,$99617.0000"
2019-06-28 15:11:00.000000000,QUERY_SPREAD,91
2019-06-28 15:11:00.000000000,BEST_BID,"JPM,99617,102"
2019-06-28 15:11:00.000000000,BEST_ASK,"JPM,100395,170"
2019-06-28 15:11:00.000000000,LAST_TRADE,"8,$99617.0000"
2019-06-28 15:11:00.000000000,QUERY_SPREAD,92
2019-06-28 15:11:00.000000000,BEST_BID,"JPM,99617,97"
2019-06-28 15:11:00.000000000,BEST_ASK,"JPM,100395,170"
2019-06-28 15:11:00.000000000,LAST_TRADE,"5,$99617.0000"
2019-06-28 15:11:00.000000000,QUERY_SPREAD,93
2019-06-28 15:11:00.000000000,BEST_BID,"JPM,99617,94"
2019-06-28 15:11:00.000000000,BEST_ASK,"JPM,100395,170"
2019-06-28 15:11:00.000000000,LAST_TRADE,"3,$99617.0000"
2019-06-28 15:11:00.000000000,QUERY_SPREAD,94
2019-06-28 15:11:00.000000000,BEST_BID,"JPM,99617,90"
2019-06-28 15:11:00.000000000,BEST_ASK,"JPM,100395,170"
2019-06-28 15:11:00.000000000,LAST_TRADE,"4,$99617.0000"
2019-06-28 15:11:00.000000000,QUERY_SPREAD,95
2019-06-28 15:11:00.000000000,BEST_BID,"JPM,99617,85"
2019-06-28 15:11:00.000000000,BEST_ASK,"JPM,100395,170"
2019-06-28 15:11:00.000000000,LAST_TRADE,"5,$99617.0000"
2019-06-28 15:11:00.000000000,QUERY_SPREAD,96
2019-06-28 15:11:00.000000000,BEST_BID,"JPM,99617,84"
2019-06-28 15:11:00.000000000,BEST_ASK,"JPM,100395,170"
2019-06-28 15:11:00.000000000,LAST_TRADE,"1,$99617.0000"
2019-06-28 15:11:00.000000000,QUERY_SPREAD,97
2019-06-28 15:11:00.000000000,BEST_BID,"JPM,99617,77"
2019-06-28 15:11:00.000000000,BEST_ASK,"JPM,100395,170"
2019-06-28 15:11:00.000000000,LAST_TRADE,"7,$99617.0000"
2019-06-28 15:11:00.000000000,QUERY_SPREAD,98
2019-06-28 15:11:00.000000000,BEST_BID,"JPM,99617,71"
2019-06-28 15:11:00.000000000,BEST_ASK,"JPM,100395,170"
2019-06-28 15:11:00.000000000,LAST_TRADE,"6,$99617.0000"
2019-06-28 15:11:00.000000000,QUERY_SPREAD,99
2019-06-28 15:11:00.000000000,BEST_BID,"JPM,99617,66"
2019-06-28 15:11:00.000000000,BEST_ASK,"JPM,100395,170"
2019-06-28 15:11:00.000000000,LAST_TRADE,"5,$99617.0000"
2019-06-28 15:11:00.000000000,QUERY_SPREAD,100
2019-06-28 15:11:00.000000000,BEST_BID,"JPM,99617,59"
2019-06-28 15:11:00.000000000,BEST_ASK,"JPM,100395,170"
2019-06-28 15:11:00.000000000,LAST_TRADE,"7,$99617.0000"
2019-06-28 15:11:00.000000000,QUERY_SPREAD,101
2019-06-28 15:11:00.000000000,QUERY_ORDER_STREAM,101
2019-06-28 15:11:01.051546746,QUERY_SPREAD,18
2019-06-28 15:11:01.051546746,BEST_BID,"JPM,99618,100"
2019-06-28 15:11:01.051546746,BEST_ASK,"JPM,100395,170"
2019-06-28 15:11:01.206215200,QUERY_SPREAD,38
2019-06-28 15:11:01.206215200,BEST_BID,"JPM,99617,59"
2019-06-28 15:11:01.206215200,BEST_ASK,"JPM,100395,170"
2019-06-28 15:11:01.206215200,LAST_TRADE,"100,$99618.0000"
2019-06-28 15:11:10.000000000,QUERY_SPREAD,1
2019-06-28 15:11:10.000000000,BEST_BID,"JPM,99490,170"
2019-06-28 15:11:10.000000000,BEST_ASK,"JPM,100395,100"
2019-06-28 15:11:10.000000000,BEST_BID,"JPM,99490,170"
2019-06-28 15:11:10.000000000,BEST_ASK,"JPM,100395,100"
2019-06-28 15:11:10.000000000,BEST_BID,"JPM,99490,170"
2019-06-28 15:11:10.000000000,BEST_ASK,"JPM,100395,100"
2019-06-28 15:11:10.000000000,BEST_BID,"JPM,99490,170"
2019-06-28 15:11:10.000000000,BEST_ASK,"JPM,100395,100"
2019-06-28 15:11:10.000000000,BEST_BID,"JPM,99490,170"
2019-06-28 15:11:10.000000000,BEST_ASK,"JPM,100395,170"
2019-06-28 15:11:10.000000000,BEST_BID,"JPM,99490,170"
2019-06-28 15:11:10.000000000,BEST_ASK,"JPM,100395,170"
2019-06-28 15:11:10.000000000,BEST_BID,"JPM,99490,170"
2019-06-28 15:11:10.000000000,BEST_ASK,"JPM,100395,170"
2019-06-28 15:11:10.000000000,BEST_BID,"JPM,99490,170"
2019-06-28 15:11:10.000000000,BEST_ASK,"JPM,100395,170"
2019-06-28 15:11:20.000000000,QUERY_SPREAD,1
2019-06-28 15:11:20.000000000,BEST_BID,"JPM,99490,240"
2019-06-28 15:11:20.000000000,BEST_ASK,"JPM,100395,100"
2019-06-28 15:11:20.000000000,BEST_BID,"JPM,99490,240"
2019-06-28 15:11:20.000000000,BEST_ASK,"JPM,100395,100"
2019-06-28 15:11:20.000000000,BEST_BID,"JPM,99490,240"
2019-06-28 15:11:20.000000000,BEST_ASK,"JPM,100395,240"
2019-06-28 15:11:20.000000000,BEST_BID,"JPM,99490,240"
2019-06-28 15:11:20.000000000,BEST_ASK,"JPM,100395,240"
2019-06-28 15:11:29.034779395,QUERY_SPREAD,49
2019-06-28 15:11:29.034779395,BEST_BID,"JPM,99490,240"
2019-06-28 15:11:29.034779395,BEST_ASK,"JPM,99934,100"
2019-06-28 15:11:30.000000000,QUERY_SPREAD,1
2019-06-28 15:11:30.000000000,BEST_BID,"JPM,99490,380"
2019-06-28 15:11:30.000000000,BEST_ASK,"JPM,99934,100"
2019-06-28 15:11:30.000000000,BEST_BID,"JPM,99490,380"
2019-06-28 15:11:30.000000000,BEST_ASK,"JPM,99934,380"
2019-06-28 15:11:30.786528585,QUERY_SPREAD,45
2019-06-28 15:11:30.786528585,BEST_BID,"JPM,99490,280"
2019-06-28 15:11:30.786528585,BEST_ASK,"JPM,99600,100"
2019-06-28 15:11:32.063277124,QUERY_ORDER_STREAM,61
2019-06-28 15:11:32.063277124,QUERY_SPREAD,61
2019-06-28 15:11:35.742383046,QUERY_ORDER_STREAM,57
2019-06-28 15:11:35.742383046,QUERY_SPREAD,57
2019-06-28 15:11:35.742383046,BEST_BID,"JPM,99490,280"
2019-06-28 15:11:35.742383046,BEST_ASK,"JPM,99934,380"
2019-06-28 15:11:35.742383046,LAST_TRADE,"100,$99600.0000"
2019-06-28 15:11:40.000000000,QUERY_SPREAD,1
2019-06-28 15:11:40.000000000,BEST_BID,"JPM,99453,195"
2019-06-28 15:11:40.000000000,BEST_ASK,"JPM,99934,100"
2019-06-28 15:11:40.000000000,BEST_BID,"JPM,99453,195"
2019-06-28 15:11:40.000000000,BEST_ASK,"JPM,99934,100"
2019-06-28 15:11:40.000000000,BEST_BID,"JPM,99453,195"
2019-06-28 15:11:40.000000000,BEST_ASK,"JPM,99934,100"
2019-06-28 15:11:40.000000000,BEST_BID,"JPM,99453,195"
2019-06-28 15:11:40.000000000,BEST_ASK,"JPM,99934,195"
2019-06-28 15:11:40.000000000,BEST_BID,"JPM,99453,195"
2019-06-28 15:11:40.000000000,BEST_ASK,"JPM,99934,195"
2019-06-28 15:11:40.000000000,BEST_BID,"JPM,99453,195"
2019-06-28 15:11:40.000000000,BEST_ASK,"JPM,99934,195"
2019-06-28 15:11:50.000000000,QUERY_SPREAD,1
2019-06-28 15:11:50.000000000,BEST_BID,"JPM,99453,195"
2019-06-28 15:11:50.000000000,BEST_ASK,"JPM,99934,100"
2019-06-28 15:11:50.000000000,BEST_BID,"JPM,99453,195"
2019-06-28 15:11:50.000000000,BEST_ASK,"JPM,99934,100"
2019-06-28 15:11:50.000000000,BEST_BID,"JPM,99453,195"
2019-06-28 15:11:50.000000000,BEST_ASK,"JPM,99934,100"
2019-06-28 15:11:50.000000000,BEST_BID,"JPM,99453,195"
2019-06-28 15:11:50.000000000,BEST_ASK,"JPM,99934,195"
2019-06-28 15:11:50.000000000,BEST_BID,"JPM,99453,195"
2019-06-28 15:11:50.000000000,BEST_ASK,"JPM,99934,195"
2019-06-28 15:11:50.000000000,BEST_BID,"JPM,99453,195"
2019-06-28 15:11:50.000000000,BEST_ASK,"JPM,99934,195"
2019-06-28 15:11:57.704207949,QUERY_ORDER_STREAM,69
2019-06-28 15:11:57.704207949,QUERY_SPREAD,69
2019-06-28 15:12:00.000000000,QUERY_SPREAD,1
2019-06-28 15:12:00.000000000,BEST_BID,"JPM,99453,240"
2019-06-28 15:12:00.000000000,BEST_ASK,"JPM,99934,100"
2019-06-28 15:12:00.000000000,BEST_BID,"JPM,99453,240"
2019-06-28 15:12:00.000000000,BEST_ASK,"JPM,99934,100"
2019-06-28 15:12:00.000000000,BEST_BID,"JPM,99453,240"
2019-06-28 15:12:00.000000000,BEST_ASK,"JPM,99934,240"
2019-06-28 15:12:00.000000000,BEST_BID,"JPM,99453,240"
2019-06-28 15:12:00.000000000,BEST_ASK,"JPM,99934,240"
2019-06-28 15:12:00.000000000,QUERY_SPREAD,77
2019-06-28 15:12:00.000000000,BEST_BID,"JPM,99453,239"
2019-06-28 15:12:00.000000000,BEST_ASK,"JPM,99934,240"
2019-06-28 15:12:00.000000000,LAST_TRADE,"1,$99453.0000"
2019-06-28 15:12:00.000000000,QUERY_SPREAD,78
2019-06-28 15:12:00.000000000,BEST_BID,"JPM,99453,235"
2019-06-28 15:12:00.000000000,BEST_ASK,"JPM,99934,240"
2019-06-28 15:12:00.000000000,LAST_TRADE,"4,$99453.0000"
2019-06-28 15:12:00.000000000,QUERY_SPREAD,79
2019-06-28 15:12:00.000000000,BEST_BID,"JPM,99453,229"
2019-06-28 15:12:00.000000000,BEST_ASK,"JPM,99934,240"
2019-06-28 15:12:00.000000000,LAST_TRADE,"6,$99453.0000"
2019-06-28 15:12:00.000000000,QUERY_SPREAD,80
2019-06-28 15:12:00.000000000,BEST_BID,"JPM,99453,224"
2019-06-28 15:12:00.000000000,BEST_ASK,"JPM,99934,240"
2019-06-28 15:12:00.000000000,LAST_TRADE,"5,$99453.0000"
2019-06-28 15:12:00.000000000,QUERY_SPREAD,81
2019-06-28 15:12:00.000000000,BEST_BID,"JPM,99453,216"
2019-06-28 15:12:00.000000000,BEST_ASK,"JPM,99934,240"
2019-06-28 15:12:00.000000000,LAST_TRADE,"8,$99453.0000"
2019-06-28 15:12:00.000000000,QUERY_SPREAD,82
2019-06-28 15:12:00.000000000,BEST_BID,"JPM,99453,208"
2019-06-28 15:12:00.000000000,BEST_ASK,"JPM,99934,240"
2019-06-28 15:12:00.000000000,LAST_TRADE,"8,$99453.0000"
2019-06-28 15:12:00.000000000,QUERY_SPREAD,83
2019-06-28 15:12:00.000000000,BEST_BID,"JPM,99453,206"
2019-06-28 15:12:00.000000000,BEST_ASK,"JPM,99934,240"
2019-06-28 15:12:00.000000000,LAST_TRADE,"2,$99453.0000"
2019-06-28 15:12:00.000000000,QUERY_SPREAD,84
2019-06-28 15:12:00.000000000,BEST_BID,"JPM,99453,205"
2019-06-28 15:12:00.000000000,BEST_ASK,"JPM,99934,240"
2019-06-28 15:12:00.000000000,LAST_TRADE,"1,$99453.0000"
2019-06-28 15:12:00.000000000,QUERY_SPREAD,85
2019-06-28 15:12:00.000000000,BEST_BID,"JPM,99453,204"
2019-06-28 15:12:00.000000000,BEST_ASK,"JPM,99934,240"
2019-06-28 15:12:00.000000000,LAST_TRADE,"1,$99453.0000"
2019-06-28 15:12:00.000000000,QUERY_SPREAD,86
2019-06-28 15:12:00.000000000,BEST_BID,"JPM,99453,198"
2019-06-28 15:12:00.000000000,BEST_ASK,"JPM,99934,240"
2019-06-28 15:12:00.000000000,LAST_TRADE,"6,$99453.0000"
2019-06-28 15:12:00.000000000,QUERY_SPREAD,87
2019-06-28 15:12:00.000000000,BEST_BID,"JPM,99453,195"
2019-06-28 15:12:00.000000000,BEST_ASK,"JPM,99934,240"
2019-06-28 15:12:00.000000000,LAST_TRADE,"3,$99453.0000"
2019-06-28 15:12:00.000000000,QUERY_SPREAD,88
2019-06-28 15:12:00.000000000,BEST_BID,"JPM,99453,191"
2019-06-28 15:12:00.000000000,BEST_ASK,"JPM,99934,240"
2019-06-28 15:12:00.000000000,LAST_TRADE,"4,$99453.0000"
2019-06-28 15:12:00.000000000,QUERY_SPREAD,89
2019-06-28 15:12:00.000000000,BEST_BID,"JPM,99453,187"
2019-06-28 15:12:00.000000000,BEST_ASK,"JPM,99934,240"
2019-06-28 15:12:00.000000000,LAST_TRADE,"4,$99453.0000"
2019-06-28 15:12:00.000000000,QUERY_SPREAD,90
2019-06-28 15:12:00.000000000,BEST_BID,"JPM,99453,180"
2019-06-28 15:12:00.000000000,BEST_ASK,"JPM,99934,240"
2019-06-28 15:12:00.000000000,LAST_TRADE,"7,$99453.0000"
2019-06-28 15:12:00.000000000,QUERY_SPREAD,91
2019-06-28 15:12:00.000000000,BEST_BID,"JPM,99453,172"
2019-06-28 15:12:00.000000000,BEST_ASK,"JPM,99934,240"
2019-06-28 15:12:00.000000000,LAST_TRADE,"8,$99453.0000"
2019-06-28 15:12:00.000000000,QUERY_SPREAD,92
2019-06-28 15:12:00.000000000,BEST_BID,"JPM,99453,167"
2019-06-28 15:12:00.000000000,BEST_ASK,"JPM,99934,240"
2019-06-28 15:12:00.000000000,LAST_TRADE,"5,$99453.0000"
2019-06-28 15:12:00.000000000,QUERY_SPREAD,93
2019-06-28 15:12:00.000000000,BEST_BID,"JPM,99453,164"
2019-06-28 15:12:00.000000000,BEST_ASK,"JPM,99934,240"
2019-06-28 15:12:00.000000000,LAST_TRADE,"3,$99453.0000"
2019-06-28 15:12:00.000000000,QUERY_SPREAD,94
2019-06-28 15:12:00.000000000,BEST_BID,"JPM,99453,160"
2019-06-28 15:12:00.000000000,BEST_ASK,"JPM,99934,240"
2019-06-28 15:12:00.000000000,LAST_TRADE,"4,$99453.0000"
2019-06-28 15:12:00.000000000,QUERY_SPREAD,95
2019-06-28 15:12:00.000000000,BEST_BID,"JPM,99453,155"
2019-06-28 15:12:00.000000000,BEST_ASK,"JPM,99934,240"
2019-06-28 15:12:00.000000000,LAST_TRADE,"5,$99453.0000"
2019-06-28 15:12:00.000000000,QUERY_SPREAD,96
2019-06-28 15:12:00.000000000,BEST_BID,"JPM,99453,154"
2019-06-28 15:12:00.000000000,BEST_ASK,"JPM,99934,240"
2019-06-28 15:12:00.000000000,LAST_TRADE,"1,$99453.0000"
2019-06-28 15:12:00.000000000,QUERY_SPREAD,97
2019-06-28 15:12:00.000000000,BEST_BID,"JPM,99453,147"
2019-06-28 15:12:00.000000000,BEST_ASK,"JPM,99934,240"
2019-06-28 15:12:00.000000000,LAST_TRADE,"7,$99453.0000"
2019-06-28 15:12:00.000000000,QUERY_SPREAD,98
2019-06-28 15:12:00.000000000,BEST_BID,"JPM,99453,141"
2019-06-28 15:12:00.000000000,BEST_ASK,"JPM,99934,240"
2019-06-28 15:12:00.000000000,LAST_TRADE,"6,$99453.0000"
2019-06-28 15:12:00.000000000,QUERY_SPREAD,99
2019-06-28 15:12:00.000000000,BEST_BID,"JPM,99453,136"
2019-06-28 15:12:00.000000000,BEST_ASK,"JPM,99934,240"
2019-06-28 15:12:00.000000000,LAST_TRADE,"5,$99453.0000"
2019-06-28 15:12:00.000000000,QUERY_SPREAD,100
2019-06-28 15:12:00.000000000,BEST_BID,"JPM,99453,129"
2019-06-28 15:12:00.000000000,BEST_ASK,"JPM,99934,240"
2019-06-28 15:12:00.000000000,LAST_TRADE,"7,$99453.0000"
2019-06-28 15:12:00.000000000,QUERY_SPREAD,101
2019-06-28 15:12:00.000000000,QUERY_ORDER_STREAM,101
2019-06-28 15:12:08.211272766,QUERY_ORDER_STREAM,69
2019-06-28 15:12:08.211272766,QUERY_SPREAD,69
2019-06-28 15:12:08.211272766,BEST_BID,"JPM,99453,229"
2019-06-28 15:12:08.211272766,BEST_ASK,"JPM,99934,240"
2019-06-28 15:12:10.000000000,QUERY_SPREAD,1
2019-06-28 15:12:10.000000000,BEST_BID,"JPM,99453,240"
2019-06-28 15:12:10.000000000,BEST_ASK,"JPM,99934,100"
2019-06-28 15:12:10.000000000,BEST_BID,"JPM,99453,240"
2019-06-28 15:12:10.000000000,BEST_ASK,"JPM,99934,100"
2019-06-28 15:12:10.000000000,BEST_BID,"JPM,99453,240"
2019-06-28 15:12:10.000000000,BEST_ASK,"JPM,99934,240"
2019-06-28 15:12:10.000000000,BEST_BID,"JPM,99453,240"
2019-06-28 15:12:10.000000000,BEST_ASK,"JPM,99934,240"
2019-06-28 15:12:20.000000000,QUERY_SPREAD,1
2019-06-28 15:12:20.000000000,BEST_BID,"JPM,99453,380"
2019-06-28 15:12:20.000000000,BEST_ASK,"JPM,99934,100"
2019-06-28 15:12:20.000000000,BEST_BID,"JPM,99453,380"
2019-06-28 15:12:20.000000000,BEST_ASK,"JPM,99934,380"
2019-06-28 15:12:24.275637256,QUERY_SPREAD,10
2019-06-28 15:12:24.275637256,BEST_BID,"JPM,99453,380"
2019-06-28 15:12:24.275637256,BEST_ASK,"JPM,99734,100"
2019-06-28 15:12:30.000000000,QUERY_SPREAD,1
2019-06-28 15:12:30.000000000,BEST_BID,"JPM,99453,195"
2019-06-28 15:12:30.000000000,BEST_ASK,"JPM,99734,100"
2019-06-28 15:12:30.000000000,BEST_BID,"JPM,99453,195"
2019-06-28 15:12:30.000000000,BEST_ASK,"JPM,99734,100"
2019-06-28 15:12:30.000000000,BEST_BID,"JPM,99453,195"
2019-06-28 15:12:30.000000000,BEST_ASK,"JPM,99734,100"
2019-06-28 15:12:30.000000000,BEST_BID,"JPM,99453,195"
2019-06-28 15:12:30.000000000,BEST_ASK,"JPM,99734,195"
2019-06-28 15:12:30.000000000,BEST_BID,"JPM,99453,195"
2019-06-28 15:12:30.000000000,BEST_ASK,"JPM,99734,195"
2019-06-28 15:12:30.000000000,BEST_BID,"JPM,99453,195"
2019-06-28 15:12:30.000000000,BEST_ASK,"JPM,99734,195"
2019-06-28 15:12:40.000000000,QUERY_SPREAD,1
2019-06-28 15:12:40.000000000,BEST_BID,"JPM,99453,240"
2019-06-28 15:12:40.000000000,BEST_ASK,"JPM,99734,100"
2019-06-28 15:12:40.000000000,BEST_BID,"JPM,99453,240"
2019-06-28 15:12:40.000000000,BEST_ASK,"JPM,99734,100"
2019-06-28 15:12:40.000000000,BEST_BID,"JPM,99453,240"
2019-06-28 15:12:40.000000000,BEST_ASK,"JPM,99734,240"
2019-06-28 15:12:40.000000000,BEST_BID,"JPM,99453,240"
2019-06-28 15:12:40.000000000,BEST_ASK,"JPM,99734,240"
2019-06-28 15:12:43.587290942,QUERY_ORDER_STREAM,60
2019-06-28 15:12:43.587290942,QUERY_SPREAD,60
2019-06-28 15:12:49.854208685,QUERY_ORDER_STREAM,58
2019-06-28 15:12:49.854208685,QUERY_SPREAD,58
2019-06-28 15:12:49.854208685,BEST_BID,"JPM,99453,340"
2019-06-28 15:12:49.854208685,BEST_ASK,"JPM,99734,240"
2019-06-28 15:12:50.000000000,QUERY_SPREAD,1
2019-06-28 15:12:50.000000000,BEST_BID,"JPM,99453,295"
2019-06-28 15:12:50.000000000,BEST_ASK,"JPM,99734,100"
2019-06-28 15:12:50.000000000,BEST_BID,"JPM,99453,295"
2019-06-28 15:12:50.000000000,BEST_ASK,"JPM,99734,100"
2019-06-28 15:12:50.000000000,BEST_BID,"JPM,99453,295"
2019-06-28 15:12:50.000000000,BEST_ASK,"JPM,99734,100"
2019-06-28 15:12:50.000000000,BEST_BID,"JPM,99453,295"
2019-06-28 15:12:50.000000000,BEST_ASK,"JPM,99734,195"
2019-06-28 15:12:50.000000000,BEST_BID,"JPM,99453,295"
2019-06-28 15:12:50.000000000,BEST_ASK,"JPM,99734,195"
2019-06-28 15:12:50.000000000,BEST_BID,"JPM,99453,295"
2019-06-28 15:12:50.000000000,BEST_ASK,"JPM,99734,195"
2019-06-28 15:13:00.000000000,QUERY_SPREAD,1
2019-06-28 15:13:00.000000000,BEST_BID,"JPM,99453,295"
2019-06-28 15:13:00.000000000,BEST_ASK,"JPM,99734,100"
2019-06-28 15:13:00.000000000,BEST_BID,"JPM,99453,295"
2019-06-28 15:13:00.000000000,BEST_ASK,"JPM,99734,100"
2019-06-28 15:13:00.000000000,BEST_BID,"JPM,99453,295"
2019-06-28 15:13:00.000000000,BEST_ASK,"JPM,99734,100"
2019-06-28 15:13:00.000000000,BEST_BID,"JPM,99453,295"
2019-06-28 15:13:00.000000000,BEST_ASK,"JPM,99734,195"
2019-06-28 15:13:00.000000000,BEST_BID,"JPM,99453,295"
2019-06-28 15:13:00.000000000,BEST_ASK,"JPM,99734,195"
2019-06-28 15:13:00.000000000,BEST_BID,"JPM,99453,295"
2019-06-28 15:13:00.000000000,BEST_ASK,"JPM,99734,195"
2019-06-28 15:13:00.000000000,QUERY_SPREAD,77
2019-06-28 15:13:00.000000000,BEST_BID,"JPM,99453,294"
2019-06-28 15:13:00.000000000,BEST_ASK,"JPM,99734,195"
2019-06-28 15:13:00.000000000,LAST_TRADE,"1,$99453.0000"
2019-06-28 15:13:00.000000000,QUERY_SPREAD,78
2019-06-28 15:13:00.000000000,BEST_BID,"JPM,99453,290"
2019-06-28 15:13:00.000000000,BEST_ASK,"JPM,99734,195"
2019-06-28 15:13:00.000000000,LAST_TRADE,"4,$99453.0000"
2019-06-28 15:13:00.000000000,QUERY_SPREAD,79
2019-06-28 15:13:00.000000000,BEST_BID,"JPM,99453,284"
2019-06-28 15:13:00.000000000,BEST_ASK,"JPM,99734,195"
2019-06-28 15:13:00.000000000,LAST_TRADE,"6,$99453.0000"
2019-06-28 15:13:00.000000000,QUERY_SPREAD,80
2019-06-28 15:13:00.000000000,BEST_BID,"JPM,99453,279"
2019-06-28 15:13:00.000000000,BEST_ASK,"JPM,99734,195"
2019-06-28 15:13:00.000000000,LAST_TRADE,"5,$99453.0000"
2019-06-28 15:13:00.000000000,QUERY_SPREAD,81
2019-06-28 15:13:00.000000000,BEST_BID,"JPM,99453,271"
2019-06-28 15:13:00.000000000,BEST_ASK,"JPM,99734,195"
2019-06-28 15:13:00.000000000,LAST_TRADE,"8,$99453.0000"
2019-06-28 15:13:00.000000000,QUERY_SPREAD,82
2019-06-28 15:13:00.000000000,BEST_BID,"JPM,99453,263"
2019-06-28 15:13:00.000000000,BEST_ASK,"JPM,99734,195"
2019-06-28 15:13:00.000000000,LAST_TRADE,"8,$99453.0000"
2019-06-28 15:13:00.000000000,QUERY_SPREAD,83
2019-06-28 15:13:00.000000000,BEST_BID,"JPM,99453,261"
2019-06-28 15:13:00.000000000,BEST_ASK,"JPM,99734,195"
2019-06-28 15:13:00.000000000,LAST_TRADE,"2,$99453.0000"
2019-06-28 15:13:00.000000000,QUERY_SPREAD,84
2019-06-28 15:13:00.000000000,BEST_BID,"JPM,99453,260"
2019-06-28 15:13:00.000000000,BEST_ASK,"JPM,99734,195"
2019-06-28 15:13:00.000000000,LAST_TRADE,"1,$99453.0000"
2019-06-28 15:13:00.000000000,QUERY_SPREAD,85
2019-06-28 15:13:00.000000000,BEST_BID,"JPM,99453,259"
2019-06-28 15:13:00.000000000,BEST_ASK,"JPM,99734,195"
2019-06-28 15:13:00.000000000,LAST_TRADE,"1,$99453.0000"
2019-06-28 15:13:00.000000000,QUERY_SPREAD,86
2019-06-28 15:13:00.000000000,BEST_BID,"JPM,99453,253"
2019-06-28 15:13:00.000000000,BEST_ASK,"JPM,99734,195"
2019-06-28 15:13:00.000000000,LAST_TRADE,"6,$99453.0000"
2019-06-28 15:13:00.000000000,QUERY_SPREAD,87
2019-06-28 15:13:00.000000000,BEST_BID,"JPM,99453,250"
2019-06-28 15:13:00.000000000,BEST_ASK,"JPM,99734,195"
2019-06-28 15:13:00.000000000,LAST_TRADE,"3,$99453.0000"
2019-06-28 15:13:00.000000000,QUERY_SPREAD,88
2019-06-28 15:13:00.000000000,BEST_BID,"JPM,99453,246"
2019-06-28 15:13:00.000000000,BEST_ASK,"JPM,99734,195"
2019-06-28 15:13:00.000000000,LAST_TRADE,"4,$99453.0000"
2019-06-28 15:13:00.000000000,QUERY_SPREAD,89
2019-06-28 15:13:00.000000000,BEST_BID,"JPM,99453,242"
2019-06-28 15:13:00.000000000,BEST_ASK,"JPM,99734,195"
2019-06-28 15:13:00.000000000,LAST_TRADE,"4,$99453.0000"
2019-06-28 15:13:00.000000000,QUERY_SPREAD,90
2019-06-28 15:13:00.000000000,BEST_BID,"JPM,99453,235"
2019-06-28 15:13:00.000000000,BEST_ASK,"JPM,99734,195"
2019-06-28 15:13:00.000000000,LAST_TRADE,"7,$99453.0000"
2019-06-28 15:13:00.000000000,QUERY_SPREAD,91
2019-06-28 15:13:00.000000000,BEST_BID,"JPM,99453,227"
2019-06-28 15:13:00.000000000,BEST_ASK,"JPM,99734,195"
2019-06-28 15:13:00.000000000,LAST_TRADE,"8,$99453.0000"
2019-06-28 15:13:00.000000000,QUERY_SPREAD,92
2019-06-28 15:13:00.000000000,BEST_BID,"JPM,99453,222"
2019-06-28 15:13:00.000000000,BEST_ASK,"JPM,99734,195"
2019-06-28 15:13:00.000000000,LAST_TRADE,"5,$99453.0000"
2019-06-28 15:13:00.000000000,QUERY_SPREAD,93
2019-06-28 15:13:00.000000000,BEST_BID,"JPM,99453,219"
2019-06-28 15:13:00.000000000,BEST_ASK,"JPM,99734,195"
2019-06-28 15:13:00.000000000,LAST_TRADE,"3,$99453.0000"
2019-06-28 15:13:00.000000000,QUERY_SPREAD,94
2019-06-28 15:13:00.000000000,BEST_BID,"JPM,99453,215"
2019-06-28 15:13:00.000000000,BEST_ASK,"JPM,99734,195"
2019-06-28 15:13:00.000000000,LAST_TRADE,"4,$99453.0000"
2019-06-28 15:13:00.000000000,QUERY_SPREAD,95
2019-06-28 15:13:00.000000000,BEST_BID,"JPM,99453,210"
2019-06-28 15:13:00.000000000,BEST_ASK,"JPM,99734,195"
2019-06-28 15:13:00.000000000,LAST_TRADE,"5,$99453.0000"
2019-06-28 15:13:00.000000000,QUERY_SPREAD,96
2019-06-28 15:13:00.000000000,BEST_BID,"JPM,99453,209"
2019-06-28 15:13:00.000000000,BEST_ASK,"JPM,99734,195"
2019-06-28 15:13:00.000000000,LAST_TRADE,"1,$99453.0000"
2019-06-28 15:13:00.000000000,QUERY_SPREAD,97
2019-06-28 15:13:00.000000000,BEST_BID,"JPM,99453,202"
2019-06-28 15:13:00.000000000,BEST_ASK,"JPM,99734,195"
2019-06-28 15:13:00.000000000,LAST_TRADE,"7,$99453.0000"
2019-06-28 15:13:00.000000000,QUERY_SPREAD,98
2019-06-28 15:13:00.000000000,BEST_BID,"JPM,99453,196"
2019-06-28 15:13:00.000000000,BEST_ASK,"JPM,99734,195"
2019-06-28 15:13:00.000000000,LAST_TRADE,"6,$99453.0000"
2019-06-28 15:13:00.000000000,QUERY_SPREAD,99
2019-06-28 15:13:00.000000000,BEST_BID,"JPM,99453,191"
2019-06-28 15:13:00.000000000,BEST_ASK,"JPM,99734,195"
2019-06-28 15:13:00.000000000,LAST_TRADE,"5,$99453.0000"
2019-06-28 15:13:00.000000000,QUERY_SPREAD,100
2019-06-28 15:13:00.000000000,BEST_BID,"JPM,99453,184"
2019-06-28 15:13:00.000000000,BEST_ASK,"JPM,99734,195"
2019-06-28 15:13:00.000000000,LAST_TRADE,"7,$99453.0000"
2019-06-28 15:13:00.000000000,QUERY_SPREAD,101
2019-06-28 15:13:00.000000000,QUERY_ORDER_STREAM,101
2019-06-28 15:13:02.895773350,QUERY_ORDER_STREAM,55
2019-06-28 15:13:02.895773350,QUERY_SPREAD,55
2019-06-28 15:13:10.000000000,QUERY_SPREAD,1
2019-06-28 15:13:10.000000000,BEST_BID,"JPM,99453,159"
2019-06-28 15:13:10.000000000,BEST_ASK,"JPM,99734,100"
2019-06-28 15:13:10.000000000,BEST_BID,"JPM,99453,159"
2019-06-28 15:13:10.000000000,BEST_ASK,"JPM,99734,100"
2019-06-28 15:13:10.000000000,BEST_BID,"JPM,99453,159"
2019-06-28 15:13:10.000000000,BEST_ASK,"JPM,99734,100"
2019-06-28 15:13:10.000000000,BEST_BID,"JPM,99453,159"
2019-06-28 15:13:10.000000000,BEST_ASK,"JPM,99734,100"
2019-06-28 15:13:10.000000000,BEST_BID,"JPM,99453,159"
2019-06-28 15:13:10.000000000,BEST_ASK,"JPM,99734,170"
2019-06-28 15:13:10.000000000,BEST_BID,"JPM,99453,159"
2019-06-28 15:13:10.000000000,BEST_ASK,"JPM,99734,170"
2019-06-28 15:13:10.000000000,BEST_BID,"JPM,99453,159"
2019-06-28 15:13:10.000000000,BEST_ASK,"JPM,99734,170"
2019-06-28 15:13:10.000000000,BEST_BID,"JPM,99453,159"
2019-06-28 15:13:10.000000000,BEST_ASK,"JPM,99734,170"
2019-06-28 15:13:20.000000000,QUERY_SPREAD,1
2019-06-28 15:13:20.000000000,BEST_BID,"JPM,99453,229"
2019-06-28 15:13:20.000000000,BEST_ASK,"JPM,99734,100"
2019-06-28 15:13:20.000000000,BEST_BID,"JPM,99453,229"
2019-06-28 15:13:20.000000000,BEST_ASK,"JPM,99734,100"
2019-06-28 15:13:20.000000000,BEST_BID,"JPM,99453,229"
2019-06-28 15:13:20.000000000,BEST_ASK,"JPM,99734,240"
2019-06-28 15:13:20.000000000,BEST_BID,"JPM,99453,229"
2019-06-28 15:13:20.000000000,BEST_ASK,"JPM,99734,240"
2019-06-28 15:13:24.276162196,QUERY_SPREAD,42
2019-06-28 15:13:24.276162196,BEST_BID,"JPM,99453,229"
2019-06-28 15:13:24.276162196,BEST_ASK,"JPM,99734,240"
2019-06-28 15:13:30.000000000,QUERY_SPREAD,1
2019-06-28 15:13:30.000000000,BEST_BID,"JPM,99453,145"
2019-06-28 15:13:30.000000000,BEST_ASK,"JPM,99734,100"
2019-06-28 15:13:30.000000000,BEST_BID,"JPM,99453,145"
2019-06-28 15:13:30.000000000,BEST_ASK,"JPM,99734,100"
2019-06-28 15:13:30.000000000,BEST_BID,"JPM,99453,145"
2019-06-28 15:13:30.000000000,BEST_ASK,"JPM,99734,100"
2019-06-28 15:13:30.000000000,BEST_BID,"JPM,99453,145"
2019-06-28 15:13:30.000000000,BEST_ASK,"JPM,99734,100"
2019-06-28 15:13:30.000000000,BEST_BID,"JPM,99453,145"
2019-06-28 15:13:30.000000000,BEST_ASK,"JPM,99734,100"
2019-06-28 15:13:30.000000000,BEST_BID,"JPM,99453,145"
2019-06-28 15:13:30.000000000,BEST_ASK,"JPM,99734,156"
2019-06-28 15:13:30.000000000,BEST_BID,"JPM,99453,145"
2019-06-28 15:13:30.000000000,BEST_ASK,"JPM,99734,156"
2019-06-28 15:13:30.000000000,BEST_BID,"JPM,99453,145"
2019-06-28 15:13:30.000000000,BEST_ASK,"JPM,99734,156"
2019-06-28 15:13:30.000000000,BEST_BID,"JPM,99453,145"
2019-06-28 15:13:30.000000000,BEST_ASK,"JPM,99734,156"
2019-06-28 15:13:30.000000000,BEST_BID,"JPM,99453,145"
2019-06-28 15:13:30.000000000,BEST_ASK,"JPM,99734,156"
2019-06-28 15:13:30.220161704,QUERY_SPREAD,13
2019-06-28 15:13:30.220161704,BEST_BID,"JPM,99453,145"
2019-06-28 15:13:30.220161704,BEST_ASK,"JPM,99734,156"
2019-06-28 15:13:40.000000000,QUERY_SPREAD,1
2019-06-28 15:13:40.000000000,BEST_BID,"JPM,99453,159"
2019-06-28 15:13:40.000000000,BEST_ASK,"JPM,99734,100"
2019-06-28 15:13:40.000000000,BEST_BID,"JPM,99453,159"
2019-06-28 15:13:40.000000000,BEST_ASK,"JPM,99734,100"
2019-06-28 15:13:40.000000000,BEST_BID,"JPM,99453,159"
2019-06-28 15:13:40.000000000,BEST_ASK,"JPM,99734,100"
2019-06-28 15:13:40.000000000,BEST_BID,"JPM,99453,159"
2019-06-28 15:13:40.000000000,BEST_ASK,"JPM,99734,100"
2019-06-28 15:13:40.000000000,BEST_BID,"JPM,99453,159"
2019-06-28 15:13:40.000000000,BEST_ASK,"JPM,99734,170"
2019-06-28 15:13:40.000000000,BEST_BID,"JPM,99453,159"
2019-06-28 15:13:40.000000000,BEST_ASK,"JPM,99734,170"
2019-06-28 15:13:40.000000000,BEST_BID,"JPM,99453,159"
2019-06-28 15:13:40.000000000,BEST_ASK,"JPM,99734,170"
2019-06-28 15:13:40.000000000,BEST_BID,"JPM,99453,159"
2019-06-28 15:13:40.000000000,BEST_ASK,"JPM,99734,170"
2019-06-28 15:13:50.000000000,QUERY_SPREAD,1
2019-06-28 15:13:50.000000000,BEST_BID,"JPM,99453,229"
2019-06-28 15:13:50.000000000,BEST_ASK,"JPM,99734,100"
2019-06-28 15:13:50.000000000,BEST_BID,"JPM,99453,229"
2019-06-28 15:13:50.000000000,BEST_ASK,"JPM,99734,100"
2019-06-28 15:13:50.000000000,BEST_BID,"JPM,99453,229"
2019-06-28 15:13:50.000000000,BEST_ASK,"JPM,99734,240"
2019-06-28 15:13:50.000000000,BEST_BID,"JPM,99453,229"
2019-06-28 15:13:50.000000000,BEST_ASK,"JPM,99734,240"
2019-06-28 15:14:00.000000000,QUERY_SPREAD,1
2019-06-28 15:14:00.000000000,BEST_BID,"JPM,99453,229"
2019-06-28 15:14:00.000000000,BEST_ASK,"JPM,99734,100"
2019-06-28 15:14:00.000000000,BEST_BID,"JPM,99453,229"
2019-06-28 15:14:00.000000000,BEST_ASK,"JPM,99734,100"
2019-06-28 15:14:00.000000000,BEST_BID,"JPM,99453,229"
2019-06-28 15:14:00.000000000,BEST_ASK,"JPM,99734,240"
2019-06-28 15:14:00.000000000,BEST_BID,"JPM,99453,229"
2019-06-28 15:14:00.000000000,BEST_ASK,"JPM,99734,240"
2019-06-28 15:14:00.000000000,QUERY_SPREAD,77
2019-06-28 15:14:00.000000000,BEST_BID,"JPM,99453,228"
2019-06-28 15:14:00.000000000,BEST_ASK,"JPM,99734,240"
2019-06-28 15:14:00.000000000,LAST_TRADE,"1,$99453.0000"
2019-06-28 15:14:00.000000000,QUERY_SPREAD,78
2019-06-28 15:14:00.000000000,BEST_BID,"JPM,99453,224"
2019-06-28 15:14:00.000000000,BEST_ASK,"JPM,99734,240"
2019-06-28 15:14:00.000000000,LAST_TRADE,"4,$99453.0000"
2019-06-28 15:14:00.000000000,QUERY_SPREAD,79
2019-06-28 15:14:00.000000000,BEST_BID,"JPM,99453,218"
2019-06-28 15:14:00.000000000,BEST_ASK,"JPM,99734,240"
2019-06-28 15:14:00.000000000,LAST_TRADE,"6,$99453.0000"
2019-06-28 15:14:00.000000000,QUERY_SPREAD,80
2019-06-28 15:14:00.000000000,BEST_BID,"JPM,99453,213"
2019-06-28 15:14:00.000000000,BEST_ASK,"JPM,99734,240"
2019-06-28 15:14:00.000000000,LAST_TRADE,"5,$99453.0000"
2019-06-28 15:14:00.000000000,QUERY_SPREAD,81
2019-06-28 15:14:00.000000000,BEST_BID,"JPM,99453,205"
2019-06-28 15:14:00.000000000,BEST_ASK,"JPM,99734,240"
2019-06-28 15:14:00.000000000,LAST_TRADE,"8,$99453.0000"
2019-06-28 15:14:00.000000000,QUERY_SPREAD,82
2019-06-28 15:14:00.000000000,BEST_BID,"JPM,99453,197"
2019-06-28 15:14:00.000000000,BEST_ASK,"JPM,99734,240"
2019-06-28 15:14:00.000000000,LAST_TRADE,"8,$99453.0000"
2019-06-28 15:14:00.000000000,QUERY_SPREAD,83
2019-06-28 15:14:00.000000000,BEST_BID,"JPM,99453,195"
2019-06-28 15:14:00.000000000,BEST_ASK,"JPM,99734,240"
2019-06-28 15:14:00.000000000,LAST_TRADE,"2,$99453.0000"
2019-06-28 15:14:00.000000000,QUERY_SPREAD,84
2019-06-28 15:14:00.000000000,BEST_BID,"JPM,99453,194"
2019-06-28 15:14:00.000000000,BEST_ASK,"JPM,99734,240"
2019-06-28 15:14:00.000000000,LAST_TRADE,"1,$99453.0000"
2019-06-28 15:14:00.000000000,QUERY_SPREAD,85
2019-06-28 15:14:00.000000000,BEST_BID,"JPM,99453,193"
2019-06-28 15:14:00.000000000,BEST_ASK,"JPM,99734,240"
2019-06-28 15:14:00.000000000,LAST_TRADE,"1,$99453.0000"
2019-06-28 15:14:00.000000000,QUERY_SPREAD,86
2019-06-28 15:14:00.000000000,BEST_BID,"JPM,99453,187"
2019-06-28 15:14:00.000000000,BEST_ASK,"JPM,99734,240"
2019-06-28 15:14:00.000000000,LAST_TRADE,"6,$99453.0000"
2019-06-28 15:14:00.000000000,QUERY_SPREAD,87
2019-06-28 15:14:00.000000000,BEST_BID,"JPM,99453,184"
2019-06-28 15:14:00.000000000,BEST_ASK,"JPM,99734,240"
2019-06-28 15:14:00.000000000,LAST_TRADE,"3,$99453.0000"
2019-06-28 15:14:00.000000000,QUERY_SPREAD,88
2019-06-28 15:14:00.000000000,BEST_BID,"JPM,99453,180"
2019-06-28 15:14:00.000000000,BEST_ASK,"JPM,99734,240"
2019-06-28 15:14:00.000000000,LAST_TRADE,"4,$99453.0000"
2019-06-28 15:14:00.000000000,QUERY_SPREAD,89
2019-06-28 15:14:00.000000000,BEST_BID,"JPM,99453,176"
2019-06-28 15:14:00.000000000,BEST_ASK,"JPM,99734,240"
2019-06-28 15:14:00.000000000,LAST_TRADE,"4,$99453.0000"
2019-06-28 15:14:00.000000000,QUERY_SPREAD,90
2019-06-28 15:14:00.000000000,BEST_BID,"JPM,99453,169"
2019-06-28 15:14:00.000000000,BEST_ASK,"JPM,99734,240"
2019-06-28 15:14:00.000000000,LAST_TRADE,"7,$99453.0000"
2019-06-28 15:14:00.000000000,QUERY_SPREAD,91
2019-06-28 15:14:00.000000000,BEST_BID,"JPM,99453,161"
2019-06-28 15:14:00.000000000,BEST_ASK,"JPM,99734,240"
2019-06-28 15:14:00.000000000,LAST_TRADE,"8,$99453.0000"
2019-06-28 15:14:00.000000000,QUERY_SPREAD,92
2019-06-28 15:14:00.000000000,BEST_BID,"JPM,99453,156"
2019-06-28 15:14:00.000000000,BEST_ASK,"JPM,99734,240"
2019-06-28 15:14:00.000000000,LAST_TRADE,"5,$99453.0000"
2019-06-28 15:14:00.000000000,QUERY_SPREAD,93
2019-06-28 15:14:00.000000000,BEST_BID,"JPM,99453,153"
2019-06-28 15:14:00.000000000,BEST_ASK,"JPM,99734,240"
2019-06-28 15:14:00.000000000,LAST_TRADE,"3,$99453.0000"
2019-06-28 15:14:00.000000000,QUERY_SPREAD,94
2019-06-28 15:14:00.000000000,BEST_BID,"JPM,99453,149"
2019-06-28 15:14:00.000000000,BEST_ASK,"JPM,99734,240"
2019-06-28 15:14:00.000000000,LAST_TRADE,"4,$99453.0000"
2019-06-28 15:14:00.000000000,QUERY_SPREAD,95
2019-06-28 15:14:00.000000000,BEST_BID,"JPM,99453,144"
2019-06-28 15:14:00.000000000,BEST_ASK,"JPM,99734,240"
2019-06-28 15:14:00.000000000,LAST_TRADE,"5,$99453.0000"
2019-06-28 15:14:00.000000000,QUERY_SPREAD,96
2019-06-28 15:14:00.000000000,BEST_BID,"JPM,99453,143"
2019-06-28 15:14:00.000000000,BEST_ASK,"JPM,99734,240"
2019-06-28 15:14:00.000000000,LAST_TRADE,"1,$99453.0000"
2019-06-28 15:14:00.000000000,QUERY_SPREAD,97
2019-06-28 15:14:00.000000000,BEST_BID,"JPM,99453,136"
2019-06-28 15:14:00.000000000,BEST_ASK,"JPM,99734,240"
2019-06-28 15:14:00.000000000,LAST_TRADE,"7,$99453.0000"
2019-06-28 15:14:00.000000000,QUERY_SPREAD,98
2019-06-28 15:14:00.000000000,BEST_BID,"JPM,99453,130"
2019-06-28 15:14:00.000000000,BEST_ASK,"JPM,99734,240"
2019-06-28 15:14:00.000000000,LAST_TRADE,"6,$99453.0000"
2019-06-28 15:14:00.000000000,QUERY_SPREAD,99
2019-06-28 15:14:00.000000000,BEST_BID,"JPM,99453,125"
2019-06-28 15:14:00.000000000,BEST_ASK,"JPM,99734,240"
2019-06-28 15:14:00.000000000,LAST_TRADE,"5,$99453.0000"
2019-06-28 15:14:00.000000000,QUERY_SPREAD,100
2019-06-28 15:14:00.000000000,BEST_BID,"JPM,99453,118"
2019-06-28 15:14:00.000000000,BEST_ASK,"JPM,99734,240"
2019-06-28 15:14:00.000000000,LAST_TRADE,"7,$99453.0000"
2019-06-28 15:14:00.000000000,QUERY_SPREAD,101
2019-06-28 15:14:00.000000000,QUERY_ORDER_STREAM,101
2019-06-28 15:14:10.000000000,QUERY_SPREAD,1
2019-06-28 15:14:10.000000000,BEST_BID,"JPM,99359,170"
2019-06-28 15:14:10.000000000,BEST_ASK,"JPM,99734,100"
2019-06-28 15:14:10.000000000,BEST_BID,"JPM,99359,170"
2019-06-28 15:14:10.000000000,BEST_ASK,"JPM,99734,100"
2019-06-28 15:14:10.000000000,BEST_BID,"JPM,99359,170"
2019-06-28 15:14:10.000000000,BEST_ASK,"JPM,99734,100"
2019-06-28 15:14:10.000000000,BEST_BID,"JPM,99359,170"
2019-06-28 15:14:10.000000000,BEST_ASK,"JPM,99734,100"
2019-06-28 15:14:10.000000000,BEST_BID,"JPM,99359,170"
2019-06-28 15:14:10.000000000,BEST_ASK,"JPM,99734,170"
2019-06-28 15:14:10.000000000,BEST_BID,"JPM,99359,170"
2019-06-28 15:14:10.000000000,BEST_ASK,"JPM,99734,170"
2019-06-28 15:14:10.000000000,BEST_BID,"JPM,99359,170"
2019-06-28 15:14:10.000000000,BEST_ASK,"JPM,99734,170"
2019-06-28 15:14:10.000000000,BEST_BID,"JPM,99359,170"
2019-06-28 15:14:10.000000000,BEST_ASK,"JPM,99734,170"
2019-06-28 15:14:10.587135124,QUERY_ORDER_STREAM,57
2019-06-28 15:14:10.587135124,QUERY_SPREAD,57
2019-06-28 15:14:18.234667018,QUERY_SPREAD,43
2019-06-28 15:14:18.234667018,BEST_BID,"JPM,99359,170"
2019-06-28 15:14:18.234667018,BEST_ASK,"JPM,99734,70"
2019-06-28 15:14:18.234667018,LAST_TRADE,"100,$99734.0000"
2019-06-28 15:14:19.720995870,QUERY_SPREAD,6
2019-06-28 15:14:19.720995870,BEST_BID,"JPM,99734,30"
2019-06-28 15:14:19.720995870,BEST_ASK,"JPM,99855,170"
2019-06-28 15:14:19.720995870,LAST_TRADE,"70,$99734.0000"
2019-06-28 15:14:20.000000000,QUERY_SPREAD,1
2019-06-28 15:14:20.000000000,BEST_BID,"JPM,99734,86"
2019-06-28 15:14:20.000000000,BEST_ASK,"JPM,99855,100"
2019-06-28 15:14:20.000000000,BEST_BID,"JPM,99734,86"
2019-06-28 15:14:20.000000000,BEST_ASK,"JPM,99855,100"
2019-06-28 15:14:20.000000000,BEST_BID,"JPM,99734,86"
2019-06-28 15:14:20.000000000,BEST_ASK,"JPM,99855,100"
2019-06-28 15:14:20.000000000,BEST_BID,"JPM,99734,86"
2019-06-28 15:14:20.000000000,BEST_ASK,"JPM,99855,100"
2019-06-28 15:14:20.000000000,BEST_BID,"JPM,99734,86"
2019-06-28 15:14:20.000000000,BEST_ASK,"JPM,99855,100"
2019-06-28 15:14:20.000000000,BEST_BID,"JPM,99734,86"
2019-06-28 15:14:20.000000000,BEST_ASK,"JPM,99855,156"
2019-06-28 15:14:20.000000000,BEST_BID,"JPM,99734,86"
2019-06-28 15:14:20.000000000,BEST_ASK,"JPM,99855,156"
2019-06-28 15:14:20.000000000,BEST_BID,"JPM,99734,86"
2019-06-28 15:14:20.000000000,BEST_ASK,"JPM,99855,156"
2019-06-28 15:14:20.000000000,BEST_BID,"JPM,99734,86"
2019-06-28 15:14:20.000000000,BEST_ASK,"JPM,99855,156"
2019-06-28 15:14:20.000000000,BEST_BID,"JPM,99734,86"
2019-06-28 15:14:20.000000000,BEST_ASK,"JPM,99855,156"
2019-06-28 15:14:20.992161664,QUERY_SPREAD,15
2019-06-28 15:14:20.992161664,BEST_BID,"JPM,99734,86"
2019-06-28 15:14:20.992161664,BEST_ASK,"JPM,99855,156"
2019-06-28 15:14:30.000000000,QUERY_SPREAD,1
2019-06-28 15:14:30.000000000,BEST_BID,"JPM,99734,170"
2019-06-28 15:14:30.000000000,BEST_ASK,"JPM,99855,100"
2019-06-28 15:14:30.000000000,BEST_BID,"JPM,99734,170"
2019-06-28 15:14:30.000000000,BEST_ASK,"JPM,99855,100"
2019-06-28 15:14:30.000000000,BEST_BID,"JPM,99734,170"
2019-06-28 15:14:30.000000000,BEST_ASK,"JPM,99855,240"
2019-06-28 15:14:30.000000000,BEST_BID,"JPM,99734,170"
2019-06-28 15:14:30.000000000,BEST_ASK,"JPM,99855,240"
2019-06-28 15:14:40.000000000,QUERY_SPREAD,1
2019-06-28 15:14:40.000000000,BEST_BID,"JPM,99734,170"
2019-06-28 15:14:40.000000000,BEST_ASK,"JPM,99855,100"
2019-06-28 15:14:40.000000000,BEST_BID,"JPM,99734,170"
2019-06-28 15:14:40.000000000,BEST_ASK,"JPM,99855,100"
2019-06-28 15:14:40.000000000,BEST_BID,"JPM,99734,170"
2019-06-28 15:14:40.000000000,BEST_ASK,"JPM,99855,240"
2019-06-28 15:14:40.000000000,BEST_BID,"JPM,99734,170"
2019-06-28 15:14:40.000000000,BEST_ASK,"JPM,99855,240"
2019-06-28 15:14:47.801460295,QUERY_SPREAD,50
2019-06-28 15:14:47.801460295,BEST_BID,"JPM,99734,170"
2019-06-28 15:14:47.801460295,BEST_ASK,"JPM,99855,240"
2019-06-28 15:14:48.975055065,QUERY_SPREAD,43
2019-06-28 15:14:48.975055065,BEST_BID,"JPM,99734,170"
2019-06-28 15:14:48.975055065,BEST_ASK,"JPM,99855,240"
2019-06-28 15:14:50.000000000,QUERY_SPREAD,1
2019-06-28 15:14:50.000000000,BEST_BID,"JPM,99734,310"
2019-06-28 15:14:50.000000000,BEST_ASK,"JPM,99855,100"
2019-06-28 15:14:50.000000000,BEST_BID,"JPM,99734,310"
2019-06-28 15:14:50.000000000,BEST_ASK,"JPM,99855,380"
2019-06-28 15:14:53.058198753,QUERY_SPREAD,14
2019-06-28 15:14:53.058198753,BEST_BID,"JPM,99734,310"
2019-06-28 15:14:53.058198753,BEST_ASK,"JPM,99855,380"
2019-06-28 15:14:54.862153516,QUERY_SPREAD,8
2019-06-28 15:14:54.862153516,BEST_BID,"JPM,99734,310"
2019-06-28 15:14:54.862153516,BEST_ASK,"JPM,99855,380"
2019-06-28 15:15:00.000000000,QUERY_SPREAD,1
2019-06-28 15:15:00.000000000,BEST_BID,"JPM,99734,170"
2019-06-28 15:15:00.000000000,BEST_ASK,"JPM,99855,100"
2019-06-28 15:15:00.000000000,BEST_BID,"JPM,99734,170"
2019-06-28 15:15:00.000000000,BEST_ASK,"JPM,99855,100"
2019-06-28 15:15:00.000000000,BEST_BID,"JPM,99734,170"
2019-06-28 15:15:00.000000000,BEST_ASK,"JPM,99855,240"
2019-06-28 15:15:00.000000000,BEST_BID,"JPM,99734,170"
2019-06-28 15:15:00.000000000,BEST_ASK,"JPM,99855,240"
2019-06-28 15:15:00.000000000,QUERY_SPREAD,77
2019-06-28 15:15:00.000000000,BEST_BID,"JPM,99734,169"
2019-06-28 15:15:00.000000000,BEST_ASK,"JPM,99855,240"
2019-06-28 15:15:00.000000000,LAST_TRADE,"1,$99734.0000"
2019-06-28 15:15:00.000000000,QUERY_SPREAD,78
2019-06-28 15:15:00.000000000,BEST_BID,"JPM,99734,165"
2019-06-28 15:15:00.000000000,BEST_ASK,"JPM,99855,240"
2019-06-28 15:15:00.000000000,LAST_TRADE,"4,$99734.0000"
2019-06-28 15:15:00.000000000,QUERY_SPREAD,79
2019-06-28 15:15:00.000000000,BEST_BID,"JPM,99734,159"
2019-06-28 15:15:00.000000000,BEST_ASK,"JPM,99855,240"
2019-06-28 15:15:00.000000000,LAST_TRADE,"6,$99734.0000"
2019-06-28 15:15:00.000000000,QUERY_SPREAD,80
2019-06-28 15:15:00.000000000,BEST_BID,"JPM,99734,154"
2019-06-28 15:15:00.000000000,BEST_ASK,"JPM,99855,240"
2019-06-28 15:15:00.000000000,LAST_TRADE,"5,$99734.0000"
2019-06-28 15:15:00.000000000,QUERY_SPREAD,81
2019-06-28 15:15:00.000000000,BEST_BID,"JPM,99734,146"
2019-06-28 15:15:00.000000000,BEST_ASK,"JPM,99855,240"
2019-06-28 15:15:00.000000000,LAST_TRADE,"8,$99734.0000"
2019-06-28 15:15:00.000000000,QUERY_SPREAD,82
2019-06-28 15:15:00.000000000,BEST_BID,"JPM,99734,138"
2019-06-28 15:15:00.000000000,BEST_ASK,"JPM,99855,240"
2019-06-28 15:15:00.000000000,LAST_TRADE,"8,$99734.0000"
2019-06-28 15:15:00.000000000,QUERY_SPREAD,83
2019-06-28 15:15:00.000000000,BEST_BID,"JPM,99734,136"
2019-06-28 15:15:00.000000000,BEST_ASK,"JPM,99855,240"
2019-06-28 15:15:00.000000000,LAST_TRADE,"2,$99734.0000"
2019-06-28 15:15:00.000000000,QUERY_SPREAD,84
2019-06-28 15:15:00.000000000,BEST_BID,"JPM,99734,135"
2019-06-28 15:15:00.000000000,BEST_ASK,"JPM,99855,240"
2019-06-28 15:15:00.000000000,LAST_TRADE,"1,$99734.0000"
2019-06-28 15:15:00.000000000,QUERY_SPREAD,85
2019-06-28 15:15:00.000000000,BEST_BID,"JPM,99734,134"
2019-06-28 15:15:00.000000000,BEST_ASK,"JPM,99855,240"
2019-06-28 15:15:00.000000000,LAST_TRADE,"1,$99734.0000"
2019-06-28 15:15:00.000000000,QUERY_SPREAD,86
2019-06-28 15:15:00.000000000,BEST_BID,"JPM,99734,128"
2019-06-28 15:15:00.000000000,BEST_ASK,"JPM,99855,240"
2019-06-28 15:15:00.000000000,LAST_TRADE,"6,$99734.0000"
2019-06-28 15:15:00.000000000,QUERY_SPREAD,87
2019-06-28 15:15:00.000000000,BEST_BID,"JPM,99734,125"
2019-06-28 15:15:00.000000000,BEST_ASK,"JPM,99855,240"
2019-06-28 15:15:00.000000000,LAST_TRADE,"3,$99734.0000"
2019-06-28 15:15:00.000000000,QUERY_SPREAD,88
2019-06-28 15:15:00.000000000,BEST_BID,"JPM,99734,121"
2019-06-28 15:15:00.000000000,BEST_ASK,"JPM,99855,240"
2019-06-28 15:15:00.000000000,LAST_TRADE,"4,$99734.0000"
2019-06-28 15:15:00.000000000,QUERY_SPREAD,89
2019-06-28 15:15:00.000000000,BEST_BID,"JPM,99734,117"
2019-06-28 15:15:00.000000000,BEST_ASK,"JPM,99855,240"
2019-06-28 15:15:00.000000000,LAST_TRADE,"4,$99734.0000"
2019-06-28 15:15:00.000000000,QUERY_SPREAD,90
2019-06-28 15:15:00.000000000,BEST_BID,"JPM,99734,110"
2019-06-28 15:15:00.000000000,BEST_ASK,"JPM,99855,240"
2019-06-28 15:15:00.000000000,LAST_TRADE,"7,$99734.0000"
2019-06-28 15:15:00.000000000,QUERY_SPREAD,91
2019-06-28 15:15:00.000000000,BEST_BID,"JPM,99734,102"
2019-06-28 15:15:00.000000000,BEST_ASK,"JPM,99855,240"
2019-06-28 15:15:00.000000000,LAST_TRADE,"8,$99734.0000"
2019-06-28 15:15:00.000000000,QUERY_SPREAD,92
2019-06-28 15:15:00.000000000,BEST_BID,"JPM,99734,97"
2019-06-28 15:15:00.000000000,BEST_ASK,"JPM,99855,240"
2019-06-28 15:15:00.000000000,LAST_TRADE,"5,$99734.0000"
2019-06-28 15:15:00.000000000,QUERY_SPREAD,93
2019-06-28 15:15:00.000000000,BEST_BID,"JPM,99734,94"
2019-06-28 15:15:00.000000000,BEST_ASK,"JPM,99855,240"
2019-06-28 15:15:00.000000000,LAST_TRADE,"3,$99734.0000"
2019-06-28 15:15:00.000000000,QUERY_SPREAD,94
2019-06-28 15:15:00.000000000,BEST_BID,"JPM,99734,90"
2019-06-28 15:15:00.000000000,BEST_ASK,"JPM,99855,240"
2019-06-28 15:15:00.000000000,LAST_TRADE,"4,$99734.0000"
2019-06-28 15:15:00.000000000,QUERY_SPREAD,95
2019-06-28 15:15:00.000000000,BEST_BID,"JPM,99734,85"
2019-06-28 15:15:00.000000000,BEST_ASK,"JPM,99855,240"
2019-06-28 15:15:00.000000000,LAST_TRADE,"5,$99734.0000"
2019-06-28 15:15:00.000000000,QUERY_SPREAD,96
2019-06-28 15:15:00.000000000,BEST_BID,"JPM,99734,84"
2019-06-28 15:15:00.000000000,BEST_ASK,"JPM,99855,240"
2019-06-28 15:15:00.000000000,LAST_TRADE,"1,$99734.0000"
2019-06-28 15:15:00.000000000,QUERY_SPREAD,97
2019-06-28 15:15:00.000000000,BEST_BID,"JPM,99734,77"
2019-06-28 15:15:00.000000000,BEST_ASK,"JPM,99855,240"
2019-06-28 15:15:00.000000000,LAST_TRADE,"7,$99734.0000"
2019-06-28 15:15:00.000000000,QUERY_SPREAD,98
2019-06-28 15:15:00.000000000,BEST_BID,"JPM,99734,71"
2019-06-28 15:15:00.000000000,BEST_ASK,"JPM,99855,240"
2019-06-28 15:15:00.000000000,LAST_TRADE,"6,$99734.0000"
2019-06-28 15:15:00.000000000,QUERY_SPREAD,99
2019-06-28 15:15:00.000000000,BEST_BID,"JPM,99734,66"
2019-06-28 15:15:00.000000000,BEST_ASK,"JPM,99855,240"
2019-06-28 15:15:00.000000000,LAST_TRADE,"5,$99734.0000"
2019-06-28 15:15:00.000000000,QUERY_SPREAD,100
2019-06-28 15:15:00.000000000,BEST_BID,"JPM,99734,59"
2019-06-28 15:15:00.000000000,BEST_ASK,"JPM,99855,240"
2019-06-28 15:15:00.000000000,LAST_TRADE,"7,$99734.0000"
2019-06-28 15:15:00.000000000,QUERY_SPREAD,101
2019-06-28 15:15:00.000000000,QUERY_ORDER_STREAM,101
2019-06-28 15:15:10.000000000,QUERY_SPREAD,1
2019-06-28 15:15:10.000000000,BEST_BID,"JPM,99359,156"
2019-06-28 15:15:10.000000000,BEST_ASK,"JPM,99855,100"
2019-06-28 15:15:10.000000000,BEST_BID,"JPM,99359,156"
2019-06-28 15:15:10.000000000,BEST_ASK,"JPM,99855,100"
2019-06-28 15:15:10.000000000,BEST_BID,"JPM,99359,156"
2019-06-28 15:15:10.000000000,BEST_ASK,"JPM,99855,100"
2019-06-28 15:15:10.000000000,BEST_BID,"JPM,99359,156"
2019-06-28 15:15:10.000000000,BEST_ASK,"JPM,99855,100"
2019-06-28 15:15:10.000000000,BEST_BID,"JPM,99359,156"
2019-06-28 15:15:10.000000000,BEST_ASK,"JPM,99855,100"
2019-06-28 15:15:10.000000000,BEST_BID,"JPM,99359,156"
2019-06-28 15:15:10.000000000,BEST_ASK,"JPM,99855,156"
2019-06-28 15:15:10.000000000,BEST_BID,"JPM,99359,156"
2019-06-28 15:15:10.000000000,BEST_ASK,"JPM,99855,156"
2019-06-28 15:15:10.000000000,BEST_BID,"JPM,99359,156"
2019-06-28 15:15:10.000000000,BEST_ASK,"JPM,99855,156"
2019-06-28 15:15:10.000000000,BEST_BID,"JPM,99359,156"
2019-06-28 15:15:10.000000000,BEST_ASK,"JPM,99855,156"
2019-06-28 15:15:10.000000000,BEST_BID,"JPM,99359,156"
2019-06-28 15:15:10.000000000,BEST_ASK,"JPM,99855,156"
2019-06-28 15:15:20.000000000,QUERY_SPREAD,1
2019-06-28 15:15:20.000000000,BEST_BID,"JPM,99359,380"
2019-06-28 15:15:20.000000000,BEST_ASK,"JPM,99855,100"
2019-06-28 15:15:20.000000000,BEST_BID,"JPM,99359,380"
2019-06-28 15:15:20.000000000,BEST_ASK,"JPM,99855,380"
2019-06-28 15:15:30.000000000,QUERY_SPREAD,1
2019-06-28 15:15:30.000000000,BEST_BID,"JPM,99359,195"
2019-06-28 15:15:30.000000000,BEST_ASK,"JPM,99855,100"
2019-06-28 15:15:30.000000000,BEST_BID,"JPM,99359,195"
2019-06-28 15:15:30.000000000,BEST_ASK,"JPM,99855,100"
2019-06-28 15:15:30.000000000,BEST_BID,"JPM,99359,195"
2019-06-28 15:15:30.000000000,BEST_ASK,"JPM,99855,100"
2019-06-28 15:15:30.000000000,BEST_BID,"JPM,99359,195"
2019-06-28 15:15:30.000000000,BEST_ASK,"JPM,99855,195"
2019-06-28 15:15:30.000000000,BEST_BID,"JPM,99359,195"
2019-06-28 15:15:30.000000000,BEST_ASK,"JPM,99855,195"
2019-06-28 15:15:30.000000000,BEST_BID,"JPM,99359,195"
2019-06-28 15:15:30.000000000,BEST_ASK,"JPM,99855,195"
2019-06-28 15:15:31.940091464,QUERY_SPREAD,5
2019-06-28 15:15:31.940091464,BEST_BID,"JPM,99359,195"
2019-06-28 15:15:31.940091464,BEST_ASK,"JPM,99461,100"
2019-06-28 15:15:40.000000000,QUERY_SPREAD,1
2019-06-28 15:15:40.000000000,BEST_BID,"JPM,99359,380"
2019-06-28 15:15:40.000000000,BEST_ASK,"JPM,99461,100"
2019-06-28 15:15:40.000000000,BEST_BID,"JPM,99359,380"
2019-06-28 15:15:40.000000000,BEST_ASK,"JPM,99461,380"
2019-06-28 15:15:50.000000000,QUERY_SPREAD,1
2019-06-28 15:15:50.000000000,BEST_BID,"JPM,99359,156"
2019-06-28 15:15:50.000000000,BEST_ASK,"JPM,99461,100"
2019-06-28 15:15:50.000000000,BEST_BID,"JPM,99359,156"
2019-06-28 15:15:50.000000000,BEST_ASK,"JPM,99461,100"
2019-06-28 15:15:50.000000000,BEST_BID,"JPM,99359,156"
2019-06-28 15:15:50.000000000,BEST_ASK,"JPM,99461,100"
2019-06-28 15:15:50.000000000,BEST_BID,"JPM,99359,156"
2019-06-28 15:15:50.000000000,BEST_ASK,"JPM,99461,100"
2019-06-28 15:15:50.000000000,BEST_BID,"JPM,99359,156"
2019-06-28 15:15:50.000000000,BEST_ASK,"JPM,99461,100"
2019-06-28 15:15:50.000000000,BEST_BID,"JPM,99359,156"
2019-06-28 15:15:50.000000000,BEST_ASK,"JPM,99461,156"
2019-06-28 15:15:50.000000000,BEST_BID,"JPM,99359,156"
2019-06-28 15:15:50.000000000,BEST_ASK,"JPM,99461,156"
2019-06-28 15:15:50.000000000,BEST_BID,"JPM,99359,156"
2019-06-28 15:15:50.000000000,BEST_ASK,"JPM,99461,156"
2019-06-28 15:15:50.000000000,BEST_BID,"JPM,99359,156"
2019-06-28 15:15:50.000000000,BEST_ASK,"JPM,99461,156"
2019-06-28 15:15:50.000000000,BEST_BID,"JPM,99359,156"
2019-06-28 15:15:50.000000000,BEST_ASK,"JPM,99461,156"
2019-06-28 15:16:00.000000000,QUERY_SPREAD,1
2019-06-28 15:16:00.000000000,BEST_BID,"JPM,99359,156"
2019-06-28 15:16:00.000000000,BEST_ASK,"JPM,99461,100"
2019-06-28 15:16:00.000000000,BEST_BID,"JPM,99359,156"
2019-06-28 15:16:00.000000000,BEST_ASK,"JPM,99461,100"
2019-06-28 15:16:00.000000000,BEST_BID,"JPM,99359,156"
2019-06-28 15:16:00.000000000,BEST_ASK,"JPM,99461,100"
2019-06-28 15:16:00.000000000,BEST_BID,"JPM,99359,156"
2019-06-28 15:16:00.000000000,BEST_ASK,"JPM,99461,100"
2019-06-28 15:16:00.000000000,BEST_BID,"JPM,99359,156"
2019-06-28 15:16:00.000000000,BEST_ASK,"JPM,99461,100"
2019-06-28 15:16:00.000000000,BEST_BID,"JPM,99359,156"
2019-06-28 15:16:00.000000000,BEST_ASK,"JPM,99461,156"
2019-06-28 15:16:00.000000000,BEST_BID,"JPM,99359,156"
2019-06-28 15:16:00.000000000,BEST_ASK,"JPM,99461,156"
2019-06-28 15:16:00.000000000,BEST_BID,"JPM,99359,156"
2019-06-28 15:16:00.000000000,BEST_ASK,"JPM,99461,156"
2019-06-28 15:16:00.000000000,BEST_BID,"JPM,99359,156"
2019-06-28 15:16:00.000000000,BEST_ASK,"JPM,99461,156"
2019-06-28 15:16:00.000000000,BEST_BID,"JPM,99359,156"
2019-06-28 15:16:00.000000000,BEST_ASK,"JPM,99461,156"
2019-06-28 15:16:00.000000000,QUERY_SPREAD,77
2019-06-28 15:16:00.000000000,BEST_BID,"JPM,99359,155"
2019-06-28 15:16:00.000000000,BEST_ASK,"JPM,99461,156"
2019-06-28 15:16:00.000000000,LAST_TRADE,"1,$99359.0000"
2019-06-28 15:16:00.000000000,QUERY_SPREAD,78
2019-06-28 15:16:00.000000000,BEST_BID,"JPM,99359,151"
2019-06-28 15:16:00.000000000,BEST_ASK,"JPM,99461,156"
2019-06-28 15:16:00.000000000,LAST_TRADE,"4,$99359.0000"
2019-06-28 15:16:00.000000000,QUERY_SPREAD,79
2019-06-28 15:16:00.000000000,BEST_BID,"JPM,99359,145"
2019-06-28 15:16:00.000000000,BEST_ASK,"JPM,99461,156"
2019-06-28 15:16:00.000000000,LAST_TRADE,"6,$99359.0000"
2019-06-28 15:16:00.000000000,QUERY_SPREAD,80
2019-06-28 15:16:00.000000000,BEST_BID,"JPM,99359,140"
2019-06-28 15:16:00.000000000,BEST_ASK,"JPM,99461,156"
2019-06-28 15:16:00.000000000,LAST_TRADE,"5,$99359.0000"
2019-06-28 15:16:00.000000000,QUERY_SPREAD,81
2019-06-28 15:16:00.000000000,BEST_BID,"JPM,99359,132"
2019-06-28 15:16:00.000000000,BEST_ASK,"JPM,99461,156"
2019-06-28 15:16:00.000000000,LAST_TRADE,"8,$99359.0000"
2019-06-28 15:16:00.000000000,QUERY_SPREAD,82
2019-06-28 15:16:00.000000000,BEST_BID,"JPM,99359,124"
2019-06-28 15:16:00.000000000,BEST_ASK,"JPM,99461,156"
2019-06-28 15:16:00.000000000,LAST_TRADE,"8,$99359.0000"
2019-06-28 15:16:00.000000000,QUERY_SPREAD,83
2019-06-28 15:16:00.000000000,BEST_BID,"JPM,99359,122"
2019-06-28 15:16:00.000000000,BEST_ASK,"JPM,99461,156"
2019-06-28 15:16:00.000000000,LAST_TRADE,"2,$99359.0000"
2019-06-28 15:16:00.000000000,QUERY_SPREAD,84
2019-06-28 15:16:00.000000000,BEST_BID,"JPM,99359,121"
2019-06-28 15:16:00.000000000,BEST_ASK,"JPM,99461,156"
2019-06-28 15:16:00.000000000,LAST_TRADE,"1,$99359.0000"
2019-06-28 15:16:00.000000000,QUERY_SPREAD,85
2019-06-28 15:16:00.000000000,BEST_BID,"JPM,99359,120"
2019-06-28 15:16:00.000000000,BEST_ASK,"JPM,99461,156"
2019-06-28 15:16:00.000000000,LAST_TRADE,"1,$99359.0000"
2019-06-28 15:16:00.000000000,QUERY_SPREAD,86
2019-06-28 15:16:00.000000000,BEST_BID,"JPM,99359,114"
2019-06-28 15:16:00.000000000,BEST_ASK,"JPM,99461,156"
2019-06-28 15:16:00.000000000,LAST_TRADE,"6,$99359.0000"
2019-06-28 15:16:00.000000000,QUERY_SPREAD,87
2019-06-28 15:16:00.000000000,BEST_BID,"JPM,99359,111"
2019-06-28 15:16:00.000000000,BEST_ASK,"JPM,99461,156"
2019-06-28 15:16:00.000000000,LAST_TRADE,"3,$99359.0000"
2019-06-28 15:16:00.000000000,QUERY_SPREAD,88
2019-06-28 15:16:00.000000000,BEST_BID,"JPM,99359,107"
2019-06-28 15:16:00.000000000,BEST_ASK,"JPM,99461,156"
2019-06-28 15:16:00.000000000,LAST_TRADE,"4,$99359.0000"
2019-06-28 15:16:00.000000000,QUERY_SPREAD,89
2019-06-28 15:16:00.000000000,BEST_BID,"JPM,99359,103"
2019-06-28 15:16:00.000000000,BEST_ASK,"JPM,99461,156"
2019-06-28 15:16:00.000000000,LAST_TRADE,"4,$99359.0000"
2019-06-28 15:16:00.000000000,QUERY_SPREAD,90
2019-06-28 15:16:00.000000000,BEST_BID,"JPM,99359,96"
2019-06-28 15:16:00.000000000,BEST_ASK,"JPM,99461,156"
2019-06-28 15:16:00.000000000,LAST_TRADE,"7,$99359.0000"
2019-06-28 15:16:00.000000000,QUERY_SPREAD,91
2019-06-28 15:16:00.000000000,BEST_BID,"JPM,99359,88"
2019-06-28 15:16:00.000000000,BEST_ASK,"JPM,99461,156"
2019-06-28 15:16:00.000000000,LAST_TRADE,"8,$99359.0000"
2019-06-28 15:16:00.000000000,QUERY_SPREAD,92
2019-06-28 15:16:00.000000000,BEST_BID,"JPM,99359,83"
2019-06-28 15:16:00.000000000,BEST_ASK,"JPM,99461,156"
2019-06-28 15:16:00.000000000,LAST_TRADE,"5,$99359.0000"
2019-06-28 15:16:00.000000000,QUERY_SPREAD,93
2019-06-28 15:16:00.000000000,BEST_BID,"JPM,99359,80"
2019-06-28 15:16:00.000000000,BEST_ASK,"JPM,99461,156"
2019-06-28 15:16:00.000000000,LAST_TRADE,"3,$99359.0000"
2019-06-28 15:16:00.000000000,QUERY_SPREAD,94
2019-06-28 15:16:00.000000000,BEST_BID,"JPM,99359,76"
2019-06-28 15:16:00.000000000,BEST_ASK,"JPM,99461,156"
2019-06-28 15:16:00.000000000,LAST_TRADE,"4,$99359.0000"
2019-06-28 15:16:00.000000000,QUERY_SPREAD,95
2019-06-28 15:16:00.000000000,BEST_BID,"JPM,99359,71"
2019-06-28 15:16:00.000000000,BEST_ASK,"JPM,99461,156"
2019-06-28 15:16:00.000000000,LAST_TRADE,"5,$99359.0000"
2019-06-28 15:16:00.000000000,QUERY_SPREAD,96
2019-06-28 15:16:00.000000000,BEST_BID,"JPM,99359,70"
2019-06-28 15:16:00.000000000,BEST_ASK,"JPM,99461,156"
2019-06-28 15:16:00.000000000,LAST_TRADE,"1,$99359.0000"
2019-06-28 15:16:00.000000000,QUERY_SPREAD,97
2019-06-28 15:16:00.000000000,BEST_BID,"JPM,99359,63"
2019-06-28 15:16:00.000000000,BEST_ASK,"JPM,99461,156"
2019-06-28 15:16:00.000000000,LAST_TRADE,"7,$99359.0000"
2019-06-28 15:16:00.000000000,QUERY_SPREAD,98
2019-06-28 15:16:00.000000000,BEST_BID,"JPM,99359,57"
2019-06-28 15:16:00.000000000,BEST_ASK,"JPM,99461,156"
2019-06-28 15:16:00.000000000,LAST_TRADE,"6,$99359.0000"
2019-06-28 15:16:00.000000000,QUERY_SPREAD,99
2019-06-28 15:16:00.000000000,BEST_BID,"JPM,99359,52"
2019-06-28 15:16:00.000000000,BEST_ASK,"JPM,99461,156"
2019-06-28 15:16:00.000000000,LAST_TRADE,"5,$99359.0000"
2019-06-28 15:16:00.000000000,QUERY_SPREAD,100
2019-06-28 15:16:00.000000000,BEST_BID,"JPM,99359,45"
2019-06-28 15:16:00.000000000,BEST_ASK,"JPM,99461,156"
2019-06-28 15:16:00.000000000,LAST_TRADE,"7,$99359.0000"
2019-06-28 15:16:00.000000000,QUERY_SPREAD,101
2019-06-28 15:16:00.000000000,QUERY_ORDER_STREAM,101
2019-06-28 15:16:00.000000000,BEST_BID,"JPM,99359,46"
2019-06-28 15:16:00.000000000,BEST_ASK,"JPM,99461,156"
2019-06-28 15:16:03.553887258,QUERY_ORDER_STREAM,72
2019-06-28 15:16:03.553887258,QUERY_SPREAD,72
2019-06-28 15:16:03.553887258,BEST_BID,"JPM,99359,146"
2019-06-28 15:16:03.553887258,BEST_ASK,"JPM,99461,156"
2019-06-28 15:16:10.000000000,QUERY_SPREAD,1
2019-06-28 15:16:10.000000000,BEST_BID,"JPM,99359,241"
2019-06-28 15:16:10.000000000,BEST_ASK,"JPM,99461,100"
2019-06-28 15:16:10.000000000,BEST_BID,"JPM,99359,241"
2019-06-28 15:16:10.000000000,BEST_ASK,"JPM,99461,100"
2019-06-28 15:16:10.000000000,BEST_BID,"JPM,99359,241"
2019-06-28 15:16:10.000000000,BEST_ASK,"JPM,99461,240"
2019-06-28 15:16:10.000000000,BEST_BID,"JPM,99359,241"
2019-06-28 15:16:10.000000000,BEST_ASK,"JPM,99461,240"
2019-06-28 15:16:20.000000000,QUERY_SPREAD,1
2019-06-28 15:16:20.000000000,BEST_BID,"JPM,99359,241"
2019-06-28 15:16:20.000000000,BEST_ASK,"JPM,99461,100"
2019-06-28 15:16:20.000000000,BEST_BID,"JPM,99359,241"
2019-06-28 15:16:20.000000000,BEST_ASK,"JPM,99461,100"
2019-06-28 15:16:20.000000000,BEST_BID,"JPM,99359,241"
2019-06-28 15:16:20.000000000,BEST_ASK,"JPM,99461,240"
2019-06-28 15:16:20.000000000,BEST_BID,"JPM,99359,241"
2019-06-28 15:16:20.000000000,BEST_ASK,"JPM,99461,240"
2019-06-28 15:16:30.000000000,QUERY_SPREAD,1
2019-06-28 15:16:30.000000000,BEST_BID,"JPM,99359,196"
2019-06-28 15:16:30.000000000,BEST_ASK,"JPM,99461,100"
2019-06-28 15:16:30.000000000,BEST_BID,"JPM,99359,196"
2019-06-28 15:16:30.000000000,BEST_ASK,"JPM,99461,100"
2019-06-28 15:16:30.000000000,BEST_BID,"JPM,99359,196"
2019-06-28 15:16:30.000000000,BEST_ASK,"JPM,99461,100"
2019-06-28 15:16:30.000000000,BEST_BID,"JPM,99359,196"
2019-06-28 15:16:30.000000000,BEST_ASK,"JPM,99461,195"
2019-06-28 15:16:30.000000000,BEST_BID,"JPM,99359,196"
2019-06-28 15:16:30.000000000,BEST_ASK,"JPM,99461,195"
2019-06-28 15:16:30.000000000,BEST_BID,"JPM,99359,196"
2019-06-28 15:16:30.000000000,BEST_ASK,"JPM,99461,195"
2019-06-28 15:16:40.000000000,QUERY_SPREAD,1
2019-06-28 15:16:40.000000000,BEST_BID,"JPM,99359,241"
2019-06-28 15:16:40.000000000,BEST_ASK,"JPM,99461,100"
2019-06-28 15:16:40.000000000,BEST_BID,"JPM,99359,241"
2019-06-28 15:16:40.000000000,BEST_ASK,"JPM,99461,100"
2019-06-28 15:16:40.000000000,BEST_BID,"JPM,99359,241"
2019-06-28 15:16:40.000000000,BEST_ASK,"JPM,99461,240"
2019-06-28 15:16:40.000000000,BEST_BID,"JPM,99359,241"
2019-06-28 15:16:40.000000000,BEST_ASK,"JPM,99461,240"
2019-06-28 15:16:50.000000000,QUERY_SPREAD,1
2019-06-28 15:16:50.000000000,BEST_BID,"JPM,99359,241"
2019-06-28 15:16:50.000000000,BEST_ASK,"JPM,99461,100"
2019-06-28 15:16:50.000000000,BEST_BID,"JPM,99359,241"
2019-06-28 15:16:50.000000000,BEST_ASK,"JPM,99461,100"
2019-06-28 15:16:50.000000000,BEST_BID,"JPM,99359,241"
2019-06-28 15:16:50.000000000,BEST_ASK,"JPM,99461,240"
2019-06-28 15:16:50.000000000,BEST_BID,"JPM,99359,241"
2019-06-28 15:16:50.000000000,BEST_ASK,"JPM,99461,240"
2019-06-28 15:16:58.637464556,QUERY_SPREAD,33
2019-06-28 15:16:58.637464556,BEST_BID,"JPM,99359,241"
2019-06-28 15:16:58.637464556,BEST_ASK,"JPM,99461,240"
2019-06-28 15:17:00.000000000,QUERY_SPREAD,1
2019-06-28 15:17:00.000000000,BEST_BID,"JPM,99359,381"
2019-06-28 15:17:00.000000000,BEST_ASK,"JPM,99461,100"
2019-06-28 15:17:00.000000000,BEST_BID,"JPM,99359,381"
2019-06-28 15:17:00.000000000,BEST_ASK,"JPM,99461,380"
2019-06-28 15:17:00.000000000,QUERY_SPREAD,77
2019-06-28 15:17:00.000000000,BEST_BID,"JPM,99359,380"
2019-06-28 15:17:00.000000000,BEST_ASK,"JPM,99461,380"
2019-06-28 15:17:00.000000000,LAST_TRADE,"1,$99359.0000"
2019-06-28 15:17:00.000000000,QUERY_SPREAD,78
2019-06-28 15:17:00.000000000,BEST_BID,"JPM,99359,376"
2019-06-28 15:17:00.000000000,BEST_ASK,"JPM,99461,380"
2019-06-28 15:17:00.000000000,LAST_TRADE,"4,$99359.0000"
2019-06-28 15:17:00.000000000,QUERY_SPREAD,79
2019-06-28 15:17:00.000000000,BEST_BID,"JPM,99359,370"
2019-06-28 15:17:00.000000000,BEST_ASK,"JPM,99461,380"
2019-06-28 15:17:00.000000000,LAST_TRADE,"6,$99359.0000"
2019-06-28 15:17:00.000000000,QUERY_SPREAD,80
2019-06-28 15:17:00.000000000,BEST_BID,"JPM,99359,365"
2019-06-28 15:17:00.000000000,BEST_ASK,"JPM,99461,380"
2019-06-28 15:17:00.000000000,LAST_TRADE,"5,$99359.0000"
2019-06-28 15:17:00.000000000,QUERY_SPREAD,81
2019-06-28 15:17:00.000000000,BEST_BID,"JPM,99359,357"
2019-06-28 15:17:00.000000000,BEST_ASK,"JPM,99461,380"
2019-06-28 15:17:00.000000000,LAST_TRADE,"8,$99359.0000"
2019-06-28 15:17:00.000000000,QUERY_SPREAD,82
2019-06-28 15:17:00.000000000,BEST_BID,"JPM,99359,349"
2019-06-28 15:17:00.000000000,BEST_ASK,"JPM,99461,380"
2019-06-28 15:17:00.000000000,LAST_TRADE,"8,$99359.0000"
2019-06-28 15:17:00.000000000,QUERY_SPREAD,83
2019-06-28 15:17:00.000000000,BEST_BID,"JPM,99359,347"
2019-06-28 15:17:00.000000000,BEST_ASK,"JPM,99461,380"
2019-06-28 15:17:00.000000000,LAST_TRADE,"2,$99359.0000"
2019-06-28 15:17:00.000000000,QUERY_SPREAD,84
2019-06-28 15:17:00.000000000,BEST_BID,"JPM,99359,346"
2019-06-28 15:17:00.000000000,BEST_ASK,"JPM,99461,380"
2019-06-28 15:17:00.000000000,LAST_TRADE,"1,$99359.0000"
2019-06-28 15:17:00.000000000,QUERY_SPREAD,85
2019-06-28 15:17:00.000000000,BEST_BID,"JPM,99359,345"
2019-06-28 15:17:00.000000000,BEST_ASK,"JPM,99461,380"
2019-06-28 15:17:00.000000000,LAST_TRADE,"1,$99359.0000"
2019-06-28 15:17:00.000000000,QUERY_SPREAD,86
2019-06-28 15:17:00.000000000,BEST_BID,"JPM,99359,339"
2019-06-28 15:17:00.000000000,BEST_ASK,"JPM,99461,380"
2019-06-28 15:17:00.000000000,LAST_TRADE,"6,$99359.0000"
2019-06-28 15:17:00.000000000,QUERY_SPREAD,87
2019-06-28 15:17:00.000000000,BEST_BID,"JPM,99359,336"
2019-06-28 15:17:00.000000000,BEST_ASK,"JPM,99461,380"
2019-06-28 15:17:00.000000000,LAST_TRADE,"3,$99359.0000"
2019-06-28 15:17:00.000000000,QUERY_SPREAD,88
2019-06-28 15:17:00.000000000,BEST_BID,"JPM,99359,332"
2019-06-28 15:17:00.000000000,BEST_ASK,"JPM,99461,380"
2019-06-28 15:17:00.000000000,LAST_TRADE,"4,$99359.0000"
2019-06-28 15:17:00.000000000,QUERY_SPREAD,89
2019-06-28 15:17:00.000000000,BEST_BID,"JPM,99359,328"
2019-06-28 15:17:00.000000000,BEST_ASK,"JPM,99461,380"
2019-06-28 15:17:00.000000000,LAST_TRADE,"4,$99359.0000"
2019-06-28 15:17:00.000000000,QUERY_SPREAD,90
2019-06-28 15:17:00.000000000,BEST_BID,"JPM,99359,321"
2019-06-28 15:17:00.000000000,BEST_ASK,"JPM,99461,380"
2019-06-28 15:17:00.000000000,LAST_TRADE,"7,$99359.0000"
2019-06-28 15:17:00.000000000,QUERY_SPREAD,91
2019-06-28 15:17:00.000000000,BEST_BID,"JPM,99359,313"
2019-06-28 15:17:00.000000000,BEST_ASK,"JPM,99461,380"
2019-06-28 15:17:00.000000000,LAST_TRADE,"8,$99359.0000"
2019-06-28 15:17:00.000000000,QUERY_SPREAD,92
2019-06-28 15:17:00.000000000,BEST_BID,"JPM,99359,308"
2019-06-28 15:17:00.000000000,BEST_ASK,"JPM,99461,380"
2019-06-28 15:17:00.000000000,LAST_TRADE,"5,$99359.0000"
2019-06-28 15:17:00.000000000,QUERY_SPREAD,93
2019-06-28 15:17:00.000000000,BEST_BID,"JPM,99359,305"
2019-06-28 15:17:00.000000000,BEST_ASK,"JPM,99461,380"
2019-06-28 15:17:00.000000000,LAST_TRADE,"3,$99359.0000"
2019-06-28 15:17:00.000000000,QUERY_SPREAD,94
2019-06-28 15:17:00.000000000,BEST_BID,"JPM,99359,301"
2019-06-28 15:17:00.000000000,BEST_ASK,"JPM,99461,380"
2019-06-28 15:17:00.000000000,LAST_TRADE,"4,$99359.0000"
2019-06-28 15:17:00.000000000,QUERY_SPREAD,95
2019-06-28 15:17:00.000000000,BEST_BID,"JPM,99359,296"
2019-06-28 15:17:00.000000000,BEST_ASK,"JPM,99461,380"
2019-06-28 15:17:00.000000000,LAST_TRADE,"5,$99359.0000"
2019-06-28 15:17:00.000000000,QUERY_SPREAD,96
2019-06-28 15:17:00.000000000,BEST_BID,"JPM,99359,295"
2019-06-28 15:17:00.000000000,BEST_ASK,"JPM,99461,380"
2019-06-28 15:17:00.000000000,LAST_TRADE,"1,$99359.0000"
2019-06-28 15:17:00.000000000,QUERY_SPREAD,97
2019-06-28 15:17:00.000000000,BEST_BID,"JPM,99359,288"
2019-06-28 15:17:00.000000000,BEST_ASK,"JPM,99461,380"
2019-06-28 15:17:00.000000000,LAST_TRADE,"7,$99359.0000"
2019-06-28 15:17:00.000000000,QUERY_SPREAD,98
2019-06-28 15:17:00.000000000,BEST_BID,"JPM,99359,282"
2019-06-28 15:17:00.000000000,BEST_ASK,"JPM,99461,380"
2019-06-28 15:17:00.000000000,LAST_TRADE,"6,$99359.0000"
2019-06-28 15:17:00.000000000,QUERY_SPREAD,99
2019-06-28 15:17:00.000000000,BEST_BID,"JPM,99359,277"
2019-06-28 15:17:00.000000000,BEST_ASK,"JPM,99461,380"
2019-06-28 15:17:00.000000000,LAST_TRADE,"5,$99359.0000"
2019-06-28 15:17:00.000000000,QUERY_SPREAD,100
2019-06-28 15:17:00.000000000,BEST_BID,"JPM,99359,270"
2019-06-28 15:17:00.000000000,BEST_ASK,"JPM,99461,380"
2019-06-28 15:17:00.000000000,LAST_TRADE,"7,$99359.0000"
2019-06-28 15:17:00.000000000,QUERY_SPREAD,101
2019-06-28 15:17:00.000000000,QUERY_ORDER_STREAM,101
2019-06-28 15:17:00.000000000,BEST_BID,"JPM,99359,271"
2019-06-28 15:17:00.000000000,BEST_ASK,"JPM,99461,380"
2019-06-28 15:17:00.078392710,QUERY_ORDER_STREAM,52
2019-06-28 15:17:00.078392710,QUERY_SPREAD,52
2019-06-28 15:17:00.078392710,BEST_BID,"JPM,99359,371"
2019-06-28 15:17:00.078392710,BEST_ASK,"JPM,99461,380"
2019-06-28 15:17:10.000000000,QUERY_SPREAD,1
2019-06-28 15:17:10.000000000,BEST_BID,"JPM,99359,381"
2019-06-28 15:17:10.000000000,BEST_ASK,"JPM,99461,100"
2019-06-28 15:17:10.000000000,BEST_BID,"JPM,99359,381"
2019-06-28 15:17:10.000000000,BEST_ASK,"JPM,99461,380"
2019-06-28 15:17:20.000000000,QUERY_SPREAD,1
2019-06-28 15:17:20.000000000,BEST_BID,"JPM,99359,241"
2019-06-28 15:17:20.000000000,BEST_ASK,"JPM,99461,100"
2019-06-28 15:17:20.000000000,BEST_BID,"JPM,99359,241"
2019-06-28 15:17:20.000000000,BEST_ASK,"JPM,99461,100"
2019-06-28 15:17:20.000000000,BEST_BID,"JPM,99359,241"
2019-06-28 15:17:20.000000000,BEST_ASK,"JPM,99461,240"
2019-06-28 15:17:20.000000000,BEST_BID,"JPM,99359,241"
2019-06-28 15:17:20.000000000,BEST_ASK,"JPM,99461,240"
2019-06-28 15:17:26.880684971,QUERY_ORDER_STREAM,53
2019-06-28 15:17:26.880684971,QUERY_SPREAD,53
2019-06-28 15:17:27.370007845,QUERY_SPREAD,46
2019-06-28 15:17:27.370007845,BEST_BID,"JPM,99359,241"
2019-06-28 15:17:27.370007845,BEST_ASK,"JPM,99461,240"
2019-06-28 15:17:30.000000000,QUERY_SPREAD,1
2019-06-28 15:17:30.000000000,BEST_BID,"JPM,99359,381"
2019-06-28 15:17:30.000000000,BEST_ASK,"JPM,99461,100"
2019-06-28 15:17:30.000000000,BEST_BID,"JPM,99359,381"
2019-06-28 15:17:30.000000000,BEST_ASK,"JPM,99461,380"
2019-06-28 15:17:40.000000000,QUERY_SPREAD,1
2019-06-28 15:17:40.000000000,BEST_BID,"JPM,99359,171"
2019-06-28 15:17:40.000000000,BEST_ASK,"JPM,99461,100"
2019-06-28 15:17:40.000000000,BEST_BID,"JPM,99359,171"
2019-06-28 15:17:40.000000000,BEST_ASK,"JPM,99461,100"
2019-06-28 15:17:40.000000000,BEST_BID,"JPM,99359,171"
2019-06-28 15:17:40.000000000,BEST_ASK,"JPM,99461,100"
2019-06-28 15:17:40.000000000,BEST_BID,"JPM,99359,171"
2019-06-28 15:17:40.000000000,BEST_ASK,"JPM,99461,100"
2019-06-28 15:17:40.000000000,BEST_BID,"JPM,99359,171"
2019-06-28 15:17:40.000000000,BEST_ASK,"JPM,99461,170"
2019-06-28 15:17:40.000000000,BEST_BID,"JPM,99359,171"
2019-06-28 15:17:40.000000000,BEST_ASK,"JPM,99461,170"
2019-06-28 15:17:40.000000000,BEST_BID,"JPM,99359,171"
2019-06-28 15:17:40.000000000,BEST_ASK,"JPM,99461,170"
2019-06-28 15:17:40.000000000,BEST_BID,"JPM,99359,171"
2019-06-28 15:17:40.000000000,BEST_ASK,"JPM,99461,170"
2019-06-28 15:17:47.509077545,QUERY_SPREAD,46
2019-06-28 15:17:47.509077545,BEST_BID,"JPM,99359,171"
2019-06-28 15:17:47.509077545,BEST_ASK,"JPM,99461,170"
2019-06-28 15:17:50.000000000,QUERY_SPREAD,1
2019-06-28 15:17:50.000000000,BEST_BID,"JPM,99359,196"
2019-06-28 15:17:50.000000000,BEST_ASK,"JPM,99461,100"
2019-06-28 15:17:50.000000000,BEST_BID,"JPM,99359,196"
2019-06-28 15:17:50.000000000,BEST_ASK,"JPM,99461,100"
2019-06-28 15:17:50.000000000,BEST_BID,"JPM,99359,196"
2019-06-28 15:17:50.000000000,BEST_ASK,"JPM,99461,100"
2019-06-28 15:17:50.000000000,BEST_BID,"JPM,99359,196"
2019-06-28 15:17:50.000000000,BEST_ASK,"JPM,99461,195"
2019-06-28 15:17:50.000000000,BEST_BID,"JPM,99359,196"
2019-06-28 15:17:50.000000000,BEST_ASK,"JPM,99461,195"
2019-06-28 15:17:50.000000000,BEST_BID,"JPM,99359,196"
2019-06-28 15:17:50.000000000,BEST_ASK,"JPM,99461,195"
2019-06-28 15:18:00.000000000,QUERY_SPREAD,1
2019-06-28 15:18:00.000000000,BEST_BID,"JPM,99359,381"
2019-06-28 15:18:00.000000000,BEST_ASK,"JPM,99461,100"
2019-06-28 15:18:00.000000000,BEST_BID,"JPM,99359,381"
2019-06-28 15:18:00.000000000,BEST_ASK,"JPM,99461,380"
2019-06-28 15:18:00.000000000,QUERY_SPREAD,77
2019-06-28 15:18:00.000000000,BEST_BID,"JPM,99359,380"
2019-06-28 15:18:00.000000000,BEST_ASK,"JPM,99461,380"
2019-06-28 15:18:00.000000000,LAST_TRADE,"1,$99359.0000"
2019-06-28 15:18:00.000000000,QUERY_SPREAD,78
2019-06-28 15:18:00.000000000,BEST_BID,"JPM,99359,376"
2019-06-28 15:18:00.000000000,BEST_ASK,"JPM,99461,380"
2019-06-28 15:18:00.000000000,LAST_TRADE,"4,$99359.0000"
2019-06-28 15:18:00.000000000,QUERY_SPREAD,79
2019-06-28 15:18:00.000000000,BEST_BID,"JPM,99359,370"
2019-06-28 15:18:00.000000000,BEST_ASK,"JPM,99461,380"
2019-06-28 15:18:00.000000000,LAST_TRADE,"6,$99359.0000"
2019-06-28 15:18:00.000000000,QUERY_SPREAD,80
2019-06-28 15:18:00.000000000,BEST_BID,"JPM,99359,365"
2019-06-28 15:18:00.000000000,BEST_ASK,"JPM,99461,380"
2019-06-28 15:18:00.000000000,LAST_TRADE,"5,$99359.0000"
2019-06-28 15:18:00.000000000,QUERY_SPREAD,81
2019-06-28 15:18:00.000000000,BEST_BID,"JPM,99359,357"
2019-06-28 15:18:00.000000000,BEST_ASK,"JPM,99461,380"
2019-06-28 15:18:00.000000000,LAST_TRADE,"8,$99359.0000"
2019-06-28 15:18:00.000000000,QUERY_SPREAD,82
2019-06-28 15:18:00.000000000,BEST_BID,"JPM,99359,349"
2019-06-28 15:18:00.000000000,BEST_ASK,"JPM,99461,380"
2019-06-28 15:18:00.000000000,LAST_TRADE,"8,$99359.0000"
2019-06-28 15:18:00.000000000,QUERY_SPREAD,83
2019-06-28 15:18:00.000000000,BEST_BID,"JPM,99359,347"
2019-06-28 15:18:00.000000000,BEST_ASK,"JPM,99461,380"
2019-06-28 15:18:00.000000000,LAST_TRADE,"2,$99359.0000"
2019-06-28 15:18:00.000000000,QUERY_SPREAD,84
2019-06-28 15:18:00.000000000,BEST_BID,"JPM,99359,346"
2019-06-28 15:18:00.000000000,BEST_ASK,"JPM,99461,380"
2019-06-28 15:18:00.000000000,LAST_TRADE,"1,$99359.0000"
2019-06-28 15:18:00.000000000,QUERY_SPREAD,85
2019-06-28 15:18:00.000000000,BEST_BID,"JPM,99359,345"
2019-06-28 15:18:00.000000000,BEST_ASK,"JPM,99461,380"
2019-06-28 15:18:00.000000000,LAST_TRADE,"1,$99359.0000"
2019-06-28 15:18:00.000000000,QUERY_SPREAD,86
2019-06-28 15:18:00.000000000,BEST_BID,"JPM,99359,339"
2019-06-28 15:18:00.000000000,BEST_ASK,"JPM,99461,380"
2019-06-28 15:18:00.000000000,LAST_TRADE,"6,$99359.0000"
2019-06-28 15:18:00.000000000,QUERY_SPREAD,87
2019-06-28 15:18:00.000000000,BEST_BID,"JPM,99359,336"
2019-06-28 15:18:00.000000000,BEST_ASK,"JPM,99461,380"
2019-06-28 15:18:00.000000000,LAST_TRADE,"3,$99359.0000"
2019-06-28 15:18:00.000000000,QUERY_SPREAD,88
2019-06-28 15:18:00.000000000,BEST_BID,"JPM,99359,332"
2019-06-28 15:18:00.000000000,BEST_ASK,"JPM,99461,380"
2019-06-28 15:18:00.000000000,LAST_TRADE,"4,$99359.0000"
2019-06-28 15:18:00.000000000,QUERY_SPREAD,89
2019-06-28 15:18:00.000000000,BEST_BID,"JPM,99359,328"
2019-06-28 15:18:00.000000000,BEST_ASK,"JPM,99461,380"
2019-06-28 15:18:00.000000000,LAST_TRADE,"4,$99359.0000"
2019-06-28 15:18:00.000000000,QUERY_SPREAD,90
2019-06-28 15:18:00.000000000,BEST_BID,"JPM,99359,321"
2019-06-28 15:18:00.000000000,BEST_ASK,"JPM,99461,380"
2019-06-28 15:18:00.000000000,LAST_TRADE,"7,$99359.0000"
2019-06-28 15:18:00.000000000,QUERY_SPREAD,91
2019-06-28 15:18:00.000000000,BEST_BID,"JPM,99359,313"
2019-06-28 15:18:00.000000000,BEST_ASK,"JPM,99461,380"
2019-06-28 15:18:00.000000000,LAST_TRADE,"8,$99359.0000"
2019-06-28 15:18:00.000000000,QUERY_SPREAD,92
2019-06-28 15:18:00.000000000,BEST_BID,"JPM,99359,308"
2019-06-28 15:18:00.000000000,BEST_ASK,"JPM,99461,380"
2019-06-28 15:18:00.000000000,LAST_TRADE,"5,$99359.0000"
2019-06-28 15:18:00.000000000,QUERY_SPREAD,93
2019-06-28 15:18:00.000000000,BEST_BID,"JPM,99359,305"
2019-06-28 15:18:00.000000000,BEST_ASK,"JPM,99461,380"
2019-06-28 15:18:00.000000000,LAST_TRADE,"3,$99359.0000"
2019-06-28 15:18:00.000000000,QUERY_SPREAD,94
2019-06-28 15:18:00.000000000,BEST_BID,"JPM,99359,301"
2019-06-28 15:18:00.000000000,BEST_ASK,"JPM,99461,380"
2019-06-28 15:18:00.000000000,LAST_TRADE,"4,$99359.0000"
2019-06-28 15:18:00.000000000,QUERY_SPREAD,95
2019-06-28 15:18:00.000000000,BEST_BID,"JPM,99359,296"
2019-06-28 15:18:00.000000000,BEST_ASK,"JPM,99461,380"
2019-06-28 15:18:00.000000000,LAST_TRADE,"5,$99359.0000"
2019-06-28 15:18:00.000000000,QUERY_SPREAD,96
2019-06-28 15:18:00.000000000,BEST_BID,"JPM,99359,295"
2019-06-28 15:18:00.000000000,BEST_ASK,"JPM,99461,380"
2019-06-28 15:18:00.000000000,LAST_TRADE,"1,$99359.0000"
2019-06-28 15:18:00.000000000,QUERY_SPREAD,97
2019-06-28 15:18:00.000000000,BEST_BID,"JPM,99359,288"
2019-06-28 15:18:00.000000000,BEST_ASK,"JPM,99461,380"
2019-06-28 15:18:00.000000000,LAST_TRADE,"7,$99359.0000"
2019-06-28 15:18:00.000000000,QUERY_SPREAD,98
2019-06-28 15:18:00.000000000,BEST_BID,"JPM,99359,282"
2019-06-28 15:18:00.000000000,BEST_ASK,"JPM,99461,380"
2019-06-28 15:18:00.000000000,LAST_TRADE,"6,$99359.0000"
2019-06-28 15:18:00.000000000,QUERY_SPREAD,99
2019-06-28 15:18:00.000000000,BEST_BID,"JPM,99359,277"
2019-06-28 15:18:00.000000000,BEST_ASK,"JPM,99461,380"
2019-06-28 15:18:00.000000000,LAST_TRADE,"5,$99359.0000"
2019-06-28 15:18:00.000000000,QUERY_SPREAD,100
2019-06-28 15:18:00.000000000,BEST_BID,"JPM,99359,270"
2019-06-28 15:18:00.000000000,BEST_ASK,"JPM,99461,380"
2019-06-28 15:18:00.000000000,LAST_TRADE,"7,$99359.0000"
2019-06-28 15:18:00.000000000,QUERY_SPREAD,101
2019-06-28 15:18:00.000000000,QUERY_ORDER_STREAM,101
2019-06-28 15:18:00.000000000,BEST_BID,"JPM,99359,271"
2019-06-28 15:18:00.000000000,BEST_ASK,"JPM,99461,380"
2019-06-28 15:18:10.000000000,QUERY_SPREAD,1
2019-06-28 15:18:10.000000000,BEST_BID,"JPM,99359,71"
2019-06-28 15:18:10.000000000,BEST_ASK,"JPM,99461,100"
2019-06-28 15:18:10.000000000,BEST_BID,"JPM,99359,71"
2019-06-28 15:18:10.000000000,BEST_ASK,"JPM,99461,100"
2019-06-28 15:18:10.000000000,BEST_BID,"JPM,99359,71"
2019-06-28 15:18:10.000000000,BEST_ASK,"JPM,99461,100"
2019-06-28 15:18:10.000000000,BEST_BID,"JPM,99359,71"
2019-06-28 15:18:10.000000000,BEST_ASK,"JPM,99461,100"
2019-06-28 15:18:10.000000000,BEST_BID,"JPM,99359,71"
2019-06-28 15:18:10.000000000,BEST_ASK,"JPM,99461,170"
2019-06-28 15:18:10.000000000,BEST_BID,"JPM,99359,71"
2019-06-28 15:18:10.000000000,BEST_ASK,"JPM,99461,170"
2019-06-28 15:18:10.000000000,BEST_BID,"JPM,99359,71"
2019-06-28 15:18:10.000000000,BEST_ASK,"JPM,99461,170"
2019-06-28 15:18:10.000000000,BEST_BID,"JPM,99359,71"
2019-06-28 15:18:10.000000000,BEST_ASK,"JPM,99461,170"
2019-06-28 15:18:20.000000000,QUERY_SPREAD,1
2019-06-28 15:18:20.000000000,BEST_BID,"JPM,99359,57"
2019-06-28 15:18:20.000000000,BEST_ASK,"JPM,99461,100"
2019-06-28 15:18:20.000000000,BEST_BID,"JPM,99359,57"
2019-06-28 15:18:20.000000000,BEST_ASK,"JPM,99461,100"
2019-06-28 15:18:20.000000000,BEST_BID,"JPM,99359,57"
2019-06-28 15:18:20.000000000,BEST_ASK,"JPM,99461,100"
2019-06-28 15:18:20.000000000,BEST_BID,"JPM,99359,57"
2019-06-28 15:18:20.000000000,BEST_ASK,"JPM,99461,100"
2019-06-28 15:18:20.000000000,BEST_BID,"JPM,99359,57"
2019-06-28 15:18:20.000000000,BEST_ASK,"JPM,99461,100"
2019-06-28 15:18:20.000000000,BEST_BID,"JPM,99359,57"
2019-06-28 15:18:20.000000000,BEST_ASK,"JPM,99461,156"
2019-06-28 15:18:20.000000000,BEST_BID,"JPM,99359,57"
2019-06-28 15:18:20.000000000,BEST_ASK,"JPM,99461,156"
2019-06-28 15:18:20.000000000,BEST_BID,"JPM,99359,57"
2019-06-28 15:18:20.000000000,BEST_ASK,"JPM,99461,156"
2019-06-28 15:18:20.000000000,BEST_BID,"JPM,99359,57"
2019-06-28 15:18:20.000000000,BEST_ASK,"JPM,99461,156"
2019-06-28 15:18:20.000000000,BEST_BID,"JPM,99359,57"
2019-06-28 15:18:20.000000000,BEST_ASK,"JPM,99461,156"
2019-06-28 15:18:22.665255643,QUERY_SPREAD,40
2019-06-28 15:18:22.665255643,BEST_BID,"JPM,99359,57"
2019-06-28 15:18:22.665255643,BEST_ASK,"JPM,99461,56"
2019-06-28 15:18:22.665255643,LAST_TRADE,"100,$99461.0000"
2019-06-28 15:18:30.000000000,QUERY_SPREAD,1
2019-06-28 15:18:30.000000000,BEST_BID,"JPM,99359,141"
2019-06-28 15:18:30.000000000,BEST_ASK,"JPM,99855,100"
2019-06-28 15:18:30.000000000,BEST_BID,"JPM,99359,141"
2019-06-28 15:18:30.000000000,BEST_ASK,"JPM,99855,100"
2019-06-28 15:18:30.000000000,BEST_BID,"JPM,99359,141"
2019-06-28 15:18:30.000000000,BEST_ASK,"JPM,99855,240"
2019-06-28 15:18:30.000000000,BEST_BID,"JPM,99359,141"
2019-06-28 15:18:30.000000000,BEST_ASK,"JPM,99855,240"
2019-06-28 15:18:40.000000000,QUERY_SPREAD,1
2019-06-28 15:18:40.000000000,BEST_BID,"JPM,99359,57"
2019-06-28 15:18:40.000000000,BEST_ASK,"JPM,99855,100"
2019-06-28 15:18:40.000000000,BEST_BID,"JPM,99359,57"
2019-06-28 15:18:40.000000000,BEST_ASK,"JPM,99855,100"
2019-06-28 15:18:40.000000000,BEST_BID,"JPM,99359,57"
2019-06-28 15:18:40.000000000,BEST_ASK,"JPM,99855,100"
2019-06-28 15:18:40.000000000,BEST_BID,"JPM,99359,57"
2019-06-28 15:18:40.000000000,BEST_ASK,"JPM,99855,100"
2019-06-28 15:18:40.000000000,BEST_BID,"JPM,99359,57"
2019-06-28 15:18:40.000000000,BEST_ASK,"JPM,99855,100"
2019-06-28 15:18:40.000000000,BEST_BID,"JPM,99359,57"
2019-06-28 15:18:40.000000000,BEST_ASK,"JPM,99855,156"
2019-06-28 15:18:40.000000000,BEST_BID,"JPM,99359,57"
2019-06-28 15:18:40.000000000,BEST_ASK,"JPM,99855,156"
2019-06-28 15:18:40.000000000,BEST_BID,"JPM,99359,57"
2019-06-28 15:18:40.000000000,BEST_ASK,"JPM,99855,156"
2019-06-28 15:18:40.000000000,BEST_BID,"JPM,99359,57"
2019-06-28 15:18:40.000000000,BEST_ASK,"JPM,99855,156"
2019-06-28 15:18:40.000000000,BEST_BID,"JPM,99359,57"
2019-06-28 15:18:40.000000000,BEST_ASK,"JPM,99855,156"
2019-06-28 15:18:40.573620487,QUERY_SPREAD,29
2019-06-28 15:18:40.573620487,BEST_BID,"JPM,99738,100"
2019-06-28 15:18:40.573620487,BEST_ASK,"JPM,99855,156"
2019-06-28 15:18:42.980809393,QUERY_SPREAD,31
2019-06-28 15:18:42.980809393,BEST_BID,"JPM,99738,100"
2019-06-28 15:18:42.980809393,BEST_ASK,"JPM,99855,56"
2019-06-28 15:18:42.980809393,LAST_TRADE,"100,$99855.0000"
2019-06-28 15:18:45.979043376,QUERY_ORDER_STREAM,72
2019-06-28 15:18:45.979043376,QUERY_SPREAD,72
2019-06-28 15:18:45.979043376,BEST_BID,"JPM,99738,100"
2019-06-28 15:18:45.979043376,BEST_ASK,"JPM,99855,56"
2019-06-28 15:18:50.000000000,QUERY_SPREAD,1
2019-06-28 15:18:50.000000000,BEST_BID,"JPM,99738,195"
2019-06-28 15:18:50.000000000,BEST_ASK,"JPM,99873,100"
2019-06-28 15:18:50.000000000,BEST_BID,"JPM,99738,195"
2019-06-28 15:18:50.000000000,BEST_ASK,"JPM,99873,100"
2019-06-28 15:18:50.000000000,BEST_BID,"JPM,99738,195"
2019-06-28 15:18:50.000000000,BEST_ASK,"JPM,99873,100"
2019-06-28 15:18:50.000000000,BEST_BID,"JPM,99738,195"
2019-06-28 15:18:50.000000000,BEST_ASK,"JPM,99873,195"
2019-06-28 15:18:50.000000000,BEST_BID,"JPM,99738,195"
2019-06-28 15:18:50.000000000,BEST_ASK,"JPM,99873,195"
2019-06-28 15:18:50.000000000,BEST_BID,"JPM,99738,195"
2019-06-28 15:18:50.000000000,BEST_ASK,"JPM,99873,195"
2019-06-28 15:18:50.837309776,QUERY_ORDER_STREAM,61
2019-06-28 15:18:50.837309776,QUERY_SPREAD,61
2019-06-28 15:18:50.837309776,BEST_BID,"JPM,99738,195"
2019-06-28 15:18:50.837309776,BEST_ASK,"JPM,99873,195"
2019-06-28 15:18:58.834602624,QUERY_SPREAD,26
2019-06-28 15:18:58.834602624,BEST_BID,"JPM,99738,195"
2019-06-28 15:18:58.834602624,BEST_ASK,"JPM,99873,195"
2019-06-28 15:19:00.000000000,QUERY_SPREAD,1
2019-06-28 15:19:00.000000000,BEST_BID,"JPM,99738,156"
2019-06-28 15:19:00.000000000,BEST_ASK,"JPM,99873,100"
2019-06-28 15:19:00.000000000,BEST_BID,"JPM,99738,156"
2019-06-28 15:19:00.000000000,BEST_ASK,"JPM,99873,100"
2019-06-28 15:19:00.000000000,BEST_BID,"JPM,99738,156"
2019-06-28 15:19:00.000000000,BEST_ASK,"JPM,99873,100"
2019-06-28 15:19:00.000000000,BEST_BID,"JPM,99738,156"
2019-06-28 15:19:00.000000000,BEST_ASK,"JPM,99873,100"
2019-06-28 15:19:00.000000000,BEST_BID,"JPM,99738,156"
2019-06-28 15:19:00.000000000,BEST_ASK,"JPM,99873,100"
2019-06-28 15:19:00.000000000,BEST_BID,"JPM,99738,156"
2019-06-28 15:19:00.000000000,BEST_ASK,"JPM,99873,156"
2019-06-28 15:19:00.000000000,BEST_BID,"JPM,99738,156"
2019-06-28 15:19:00.000000000,BEST_ASK,"JPM,99873,156"
2019-06-28 15:19:00.000000000,BEST_BID,"JPM,99738,156"
2019-06-28 15:19:00.000000000,BEST_ASK,"JPM,99873,156"
2019-06-28 15:19:00.000000000,BEST_BID,"JPM,99738,156"
2019-06-28 15:19:00.000000000,BEST_ASK,"JPM,99873,156"
2019-06-28 15:19:00.000000000,BEST_BID,"JPM,99738,156"
2019-06-28 15:19:00.000000000,BEST_ASK,"JPM,99873,156"
2019-06-28 15:19:00.000000000,QUERY_SPREAD,77
2019-06-28 15:19:00.000000000,BEST_BID,"JPM,99738,155"
2019-06-28 15:19:00.000000000,BEST_ASK,"JPM,99873,156"
2019-06-28 15:19:00.000000000,LAST_TRADE,"1,$99738.0000"
2019-06-28 15:19:00.000000000,QUERY_SPREAD,78
2019-06-28 15:19:00.000000000,BEST_BID,"JPM,99738,151"
2019-06-28 15:19:00.000000000,BEST_ASK,"JPM,99873,156"
2019-06-28 15:19:00.000000000,LAST_TRADE,"4,$99738.0000"
2019-06-28 15:19:00.000000000,QUERY_SPREAD,79
2019-06-28 15:19:00.000000000,BEST_BID,"JPM,99738,145"
2019-06-28 15:19:00.000000000,BEST_ASK,"JPM,99873,156"
2019-06-28 15:19:00.000000000,LAST_TRADE,"6,$99738.0000"
2019-06-28 15:19:00.000000000,QUERY_SPREAD,80
2019-06-28 15:19:00.000000000,BEST_BID,"JPM,99738,140"
2019-06-28 15:19:00.000000000,BEST_ASK,"JPM,99873,156"
2019-06-28 15:19:00.000000000,LAST_TRADE,"5,$99738.0000"
2019-06-28 15:19:00.000000000,QUERY_SPREAD,81
2019-06-28 15:19:00.000000000,BEST_BID,"JPM,99738,132"
2019-06-28 15:19:00.000000000,BEST_ASK,"JPM,99873,156"
2019-06-28 15:19:00.000000000,LAST_TRADE,"8,$99738.0000"
2019-06-28 15:19:00.000000000,QUERY_SPREAD,82
2019-06-28 15:19:00.000000000,BEST_BID,"JPM,99738,124"
2019-06-28 15:19:00.000000000,BEST_ASK,"JPM,99873,156"
2019-06-28 15:19:00.000000000,LAST_TRADE,"8,$99738.0000"
2019-06-28 15:19:00.000000000,QUERY_SPREAD,83
2019-06-28 15:19:00.000000000,BEST_BID,"JPM,99738,122"
2019-06-28 15:19:00.000000000,BEST_ASK,"JPM,99873,156"
2019-06-28 15:19:00.000000000,LAST_TRADE,"2,$99738.0000"
2019-06-28 15:19:00.000000000,QUERY_SPREAD,84
2019-06-28 15:19:00.000000000,BEST_BID,"JPM,99738,121"
2019-06-28 15:19:00.000000000,BEST_ASK,"JPM,99873,156"
2019-06-28 15:19:00.000000000,LAST_TRADE,"1,$99738.0000"
2019-06-28 15:19:00.000000000,QUERY_SPREAD,85
2019-06-28 15:19:00.000000000,BEST_BID,"JPM,99738,120"
2019-06-28 15:19:00.000000000,BEST_ASK,"JPM,99873,156"
2019-06-28 15:19:00.000000000,LAST_TRADE,"1,$99738.0000"
2019-06-28 15:19:00.000000000,QUERY_SPREAD,86
2019-06-28 15:19:00.000000000,BEST_BID,"JPM,99738,114"
2019-06-28 15:19:00.000000000,BEST_ASK,"JPM,99873,156"
2019-06-28 15:19:00.000000000,LAST_TRADE,"6,$99738.0000"
2019-06-28 15:19:00.000000000,QUERY_SPREAD,87
2019-06-28 15:19:00.000000000,BEST_BID,"JPM,99738,111"
2019-06-28 15:19:00.000000000,BEST_ASK,"JPM,99873,156"
2019-06-28 15:19:00.000000000,LAST_TRADE,"3,$99738.0000"
2019-06-28 15:19:00.000000000,QUERY_SPREAD,88
2019-06-28 15:19:00.000000000,BEST_BID,"JPM,99738,107"
2019-06-28 15:19:00.000000000,BEST_ASK,"JPM,99873,156"
2019-06-28 15:19:00.000000000,LAST_TRADE,"4,$99738.0000"
2019-06-28 15:19:00.000000000,QUERY_SPREAD,89
2019-06-28 15:19:00.000000000,BEST_BID,"JPM,99738,103"
2019-06-28 15:19:00.000000000,BEST_ASK,"JPM,99873,156"
2019-06-28 15:19:00.000000000,LAST_TRADE,"4,$99738.0000"
2019-06-28 15:19:00.000000000,QUERY_SPREAD,90
2019-06-28 15:19:00.000000000,BEST_BID,"JPM,99738,96"
2019-06-28 15:19:00.000000000,BEST_ASK,"JPM,99873,156"
2019-06-28 15:19:00.000000000,LAST_TRADE,"7,$99738.0000"
2019-06-28 15:19:00.000000000,QUERY_SPREAD,91
2019-06-28 15:19:00.000000000,BEST_BID,"JPM,99738,88"
2019-06-28 15:19:00.000000000,BEST_ASK,"JPM,99873,156"
2019-06-28 15:19:00.000000000,LAST_TRADE,"8,$99738.0000"
2019-06-28 15:19:00.000000000,QUERY_SPREAD,92
2019-06-28 15:19:00.000000000,BEST_BID,"JPM,99738,83"
2019-06-28 15:19:00.000000000,BEST_ASK,"JPM,99873,156"
2019-06-28 15:19:00.000000000,LAST_TRADE,"5,$99738.0000"
2019-06-28 15:19:00.000000000,QUERY_SPREAD,93
2019-06-28 15:19:00.000000000,BEST_BID,"JPM,99738,80"
2019-06-28 15:19:00.000000000,BEST_ASK,"JPM,99873,156"
2019-06-28 15:19:00.000000000,LAST_TRADE,"3,$99738.0000"
2019-06-28 15:19:00.000000000,QUERY_SPREAD,94
2019-06-28 15:19:00.000000000,BEST_BID,"JPM,99738,76"
2019-06-28 15:19:00.000000000,BEST_ASK,"JPM,99873,156"
2019-06-28 15:19:00.000000000,LAST_TRADE,"4,$99738.0000"
2019-06-28 15:19:00.000000000,QUERY_SPREAD,95
2019-06-28 15:19:00.000000000,BEST_BID,"JPM,99738,71"
2019-06-28 15:19:00.000000000,BEST_ASK,"JPM,99873,156"
2019-06-28 15:19:00.000000000,LAST_TRADE,"5,$99738.0000"
2019-06-28 15:19:00.000000000,QUERY_SPREAD,96
2019-06-28 15:19:00.000000000,BEST_BID,"JPM,99738,70"
2019-06-28 15:19:00.000000000,BEST_ASK,"JPM,99873,156"
2019-06-28 15:19:00.000000000,LAST_TRADE,"1,$99738.0000"
2019-06-28 15:19:00.000000000,QUERY_SPREAD,97
2019-06-28 15:19:00.000000000,BEST_BID,"JPM,99738,63"
2019-06-28 15:19:00.000000000,BEST_ASK,"JPM,99873,156"
2019-06-28 15:19:00.000000000,LAST_TRADE,"7,$99738.0000"
2019-06-28 15:19:00.000000000,QUERY_SPREAD,98
2019-06-28 15:19:00.000000000,BEST_BID,"JPM,99738,57"
2019-06-28 15:19:00.000000000,BEST_ASK,"JPM,99873,156"
2019-06-28 15:19:00.000000000,LAST_TRADE,"6,$99738.0000"
2019-06-28 15:19:00.000000000,QUERY_SPREAD,99
2019-06-28 15:19:00.000000000,BEST_BID,"JPM,99738,52"
2019-06-28 15:19:00.000000000,BEST_ASK,"JPM,99873,156"
2019-06-28 15:19:00.000000000,LAST_TRADE,"5,$99738.0000"
2019-06-28 15:19:00.000000000,QUERY_SPREAD,100
2019-06-28 15:19:00.000000000,BEST_BID,"JPM,99738,45"
2019-06-28 15:19:00.000000000,BEST_ASK,"JPM,99873,156"
2019-06-28 15:19:00.000000000,LAST_TRADE,"7,$99738.0000"
2019-06-28 15:19:00.000000000,QUERY_SPREAD,101
2019-06-28 15:19:00.000000000,QUERY_ORDER_STREAM,101
2019-06-28 15:19:04.638795666,QUERY_ORDER_STREAM,64
2019-06-28 15:19:04.638795666,QUERY_SPREAD,64
2019-06-28 15:19:04.638795666,BEST_BID,"JPM,99738,145"
2019-06-28 15:19:04.638795666,BEST_ASK,"JPM,99873,156"
2019-06-28 15:19:06.031011936,QUERY_ORDER_STREAM,61
2019-06-28 15:19:06.031011936,QUERY_SPREAD,61
2019-06-28 15:19:06.031011936,BEST_BID,"JPM,99738,245"
2019-06-28 15:19:06.031011936,BEST_ASK,"JPM,99873,156"
2019-06-28 15:19:10.000000000,QUERY_SPREAD,1
2019-06-28 15:19:10.000000000,BEST_BID,"JPM,99738,480"
2019-06-28 15:19:10.000000000,BEST_ASK,"JPM,99873,100"
2019-06-28 15:19:10.000000000,BEST_BID,"JPM,99738,480"
2019-06-28 15:19:10.000000000,BEST_ASK,"JPM,99873,380"
2019-06-28 15:19:17.805258289,QUERY_SPREAD,20
2019-06-28 15:19:17.805258289,BEST_BID,"JPM,99738,480"
2019-06-28 15:19:17.805258289,BEST_ASK,"JPM,99873,380"
2019-06-28 15:19:18.837930005,QUERY_SPREAD,42
2019-06-28 15:19:18.837930005,BEST_BID,"JPM,99738,480"
2019-06-28 15:19:18.837930005,BEST_ASK,"JPM,99873,380"
2019-06-28 15:19:20.000000000,QUERY_SPREAD,1
2019-06-28 15:19:20.000000000,BEST_BID,"JPM,99738,480"
2019-06-28 15:19:20.000000000,BEST_ASK,"JPM,99873,100"
2019-06-28 15:19:20.000000000,BEST_BID,"JPM,99738,480"
2019-06-28 15:19:20.000000000,BEST_ASK,"JPM,99873,380"
2019-06-28 15:19:27.798881829,QUERY_SPREAD,23
2019-06-28 15:19:27.798881829,BEST_BID,"JPM,99738,480"
2019-06-28 15:19:27.798881829,BEST_ASK,"JPM,99873,280"
2019-06-28 15:19:27.798881829,LAST_TRADE,"100,$99873.0000"
2019-06-28 15:19:30.000000000,QUERY_SPREAD,1
2019-06-28 15:19:30.000000000,BEST_BID,"JPM,99738,295"
2019-06-28 15:19:30.000000000,BEST_ASK,"JPM,99888,100"
2019-06-28 15:19:30.000000000,BEST_BID,"JPM,99738,295"
2019-06-28 15:19:30.000000000,BEST_ASK,"JPM,99888,100"
2019-06-28 15:19:30.000000000,BEST_BID,"JPM,99738,295"
2019-06-28 15:19:30.000000000,BEST_ASK,"JPM,99888,100"
2019-06-28 15:19:30.000000000,BEST_BID,"JPM,99738,295"
2019-06-28 15:19:30.000000000,BEST_ASK,"JPM,99888,195"
2019-06-28 15:19:30.000000000,BEST_BID,"JPM,99738,295"
2019-06-28 15:19:30.000000000,BEST_ASK,"JPM,99888,195"
2019-06-28 15:19:30.000000000,BEST_BID,"JPM,99738,295"
2019-06-28 15:19:30.000000000,BEST_ASK,"JPM,99888,195"
2019-06-28 15:19:30.709765447,QUERY_SPREAD,38
2019-06-28 15:19:30.709765447,BEST_BID,"JPM,99738,295"
2019-06-28 15:19:30.709765447,BEST_ASK,"JPM,99820,100"
2019-06-28 15:19:36.613176091,QUERY_ORDER_STREAM,61
2019-06-28 15:19:36.613176091,QUERY_SPREAD,61
2019-06-28 15:19:36.613176091,BEST_BID,"JPM,99739,100"
2019-06-28 15:19:36.613176091,BEST_ASK,"JPM,99820,100"
2019-06-28 15:19:40.000000000,QUERY_SPREAD,1
2019-06-28 15:19:40.000000000,BEST_BID,"JPM,99739,380"
2019-06-28 15:19:40.000000000,BEST_ASK,"JPM,99820,100"
2019-06-28 15:19:40.000000000,BEST_BID,"JPM,99739,380"
2019-06-28 15:19:40.000000000,BEST_ASK,"JPM,99820,380"
2019-06-28 15:19:40.932061914,QUERY_ORDER_STREAM,71
2019-06-28 15:19:40.932061914,QUERY_SPREAD,71
2019-06-28 15:19:41.718748565,QUERY_SPREAD,28
2019-06-28 15:19:41.718748565,BEST_BID,"JPM,99739,380"
2019-06-28 15:19:41.718748565,BEST_ASK,"JPM,99820,380"
2019-06-28 15:19:45.513673618,QUERY_ORDER_STREAM,63
2019-06-28 15:19:45.513673618,QUERY_SPREAD,63
2019-06-28 15:19:45.513673618,BEST_BID,"JPM,99739,480"
2019-06-28 15:19:45.513673618,BEST_ASK,"JPM,99820,380"
2019-06-28 15:19:50.000000000,QUERY_SPREAD,1
2019-06-28 15:19:50.000000000,BEST_BID,"JPM,99739,340"
2019-06-28 15:19:50.000000000,BEST_ASK,"JPM,99820,100"
2019-06-28 15:19:50.000000000,BEST_BID,"JPM,99739,340"
2019-06-28 15:19:50.000000000,BEST_ASK,"JPM,99820,100"
2019-06-28 15:19:50.000000000,BEST_BID,"JPM,99739,340"
2019-06-28 15:19:50.000000000,BEST_ASK,"JPM,99820,240"
2019-06-28 15:19:50.000000000,BEST_BID,"JPM,99739,340"
2019-06-28 15:19:50.000000000,BEST_ASK,"JPM,99820,240"
2019-06-28 15:19:59.228485215,QUERY_ORDER_STREAM,57
2019-06-28 15:19:59.228485215,QUERY_SPREAD,57
2019-06-28 15:19:59.228485215,BEST_BID,"JPM,99739,340"
2019-06-28 15:19:59.228485215,BEST_ASK,"JPM,99820,240"
2019-06-28 15:20:00.000000000,QUERY_SPREAD,1
2019-06-28 15:20:00.000000000,BEST_BID,"JPM,99739,256"
2019-06-28 15:20:00.000000000,BEST_ASK,"JPM,99820,100"
2019-06-28 15:20:00.000000000,BEST_BID,"JPM,99739,256"
2019-06-28 15:20:00.000000000,BEST_ASK,"JPM,99820,100"
2019-06-28 15:20:00.000000000,BEST_BID,"JPM,99739,256"
2019-06-28 15:20:00.000000000,BEST_ASK,"JPM,99820,100"
2019-06-28 15:20:00.000000000,BEST_BID,"JPM,99739,256"
2019-06-28 15:20:00.000000000,BEST_ASK,"JPM,99820,100"
2019-06-28 15:20:00.000000000,BEST_BID,"JPM,99739,256"
2019-06-28 15:20:00.000000000,BEST_ASK,"JPM,99820,100"
2019-06-28 15:20:00.000000000,BEST_BID,"JPM,99739,256"
2019-06-28 15:20:00.000000000,BEST_ASK,"JPM,99820,156"
2019-06-28 15:20:00.000000000,BEST_BID,"JPM,99739,256"
2019-06-28 15:20:00.000000000,BEST_ASK,"JPM,99820,156"
2019-06-28 15:20:00.000000000,BEST_BID,"JPM,99739,256"
2019-06-28 15:20:00.000000000,BEST_ASK,"JPM,99820,156"
2019-06-28 15:20:00.000000000,BEST_BID,"JPM,99739,256"
2019-06-28 15:20:00.000000000,BEST_ASK,"JPM,99820,156"
2019-06-28 15:20:00.000000000,BEST_BID,"JPM,99739,256"
2019-06-28 15:20:00.000000000,BEST_ASK,"JPM,99820,156"
2019-06-28 15:20:00.000000000,QUERY_SPREAD,77
2019-06-28 15:20:00.000000000,BEST_BID,"JPM,99739,255"
2019-06-28 15:20:00.000000000,BEST_ASK,"JPM,99820,156"
2019-06-28 15:20:00.000000000,LAST_TRADE,"1,$99739.0000"
2019-06-28 15:20:00.000000000,QUERY_SPREAD,78
2019-06-28 15:20:00.000000000,BEST_BID,"JPM,99739,251"
2019-06-28 15:20:00.000000000,BEST_ASK,"JPM,99820,156"
2019-06-28 15:20:00.000000000,LAST_TRADE,"4,$99739.0000"
2019-06-28 15:20:00.000000000,QUERY_SPREAD,79
2019-06-28 15:20:00.000000000,BEST_BID,"JPM,99739,245"
2019-06-28 15:20:00.000000000,BEST_ASK,"JPM,99820,156"
2019-06-28 15:20:00.000000000,LAST_TRADE,"6,$99739.0000"
2019-06-28 15:20:00.000000000,QUERY_SPREAD,80
2019-06-28 15:20:00.000000000,BEST_BID,"JPM,99739,240"
2019-06-28 15:20:00.000000000,BEST_ASK,"JPM,99820,156"
2019-06-28 15:20:00.000000000,LAST_TRADE,"5,$99739.0000"
2019-06-28 15:20:00.000000000,QUERY_SPREAD,81
2019-06-28 15:20:00.000000000,BEST_BID,"JPM,99739,232"
2019-06-28 15:20:00.000000000,BEST_ASK,"JPM,99820,156"
2019-06-28 15:20:00.000000000,LAST_TRADE,"8,$99739.0000"
2019-06-28 15:20:00.000000000,QUERY_SPREAD,82
2019-06-28 15:20:00.000000000,BEST_BID,"JPM,99739,224"
2019-06-28 15:20:00.000000000,BEST_ASK,"JPM,99820,156"
2019-06-28 15:20:00.000000000,LAST_TRADE,"8,$99739.0000"
2019-06-28 15:20:00.000000000,QUERY_SPREAD,83
2019-06-28 15:20:00.000000000,BEST_BID,"JPM,99739,222"
2019-06-28 15:20:00.000000000,BEST_ASK,"JPM,99820,156"
2019-06-28 15:20:00.000000000,LAST_TRADE,"2,$99739.0000"
2019-06-28 15:20:00.000000000,QUERY_SPREAD,84
2019-06-28 15:20:00.000000000,BEST_BID,"JPM,99739,221"
2019-06-28 15:20:00.000000000,BEST_ASK,"JPM,99820,156"
2019-06-28 15:20:00.000000000,LAST_TRADE,"1,$99739.0000"
2019-06-28 15:20:00.000000000,QUERY_SPREAD,85
2019-06-28 15:20:00.000000000,BEST_BID,"JPM,99739,220"
2019-06-28 15:20:00.000000000,BEST_ASK,"JPM,99820,156"
2019-06-28 15:20:00.000000000,LAST_TRADE,"1,$99739.0000"
2019-06-28 15:20:00.000000000,QUERY_SPREAD,86
2019-06-28 15:20:00.000000000,BEST_BID,"JPM,99739,214"
2019-06-28 15:20:00.000000000,BEST_ASK,"JPM,99820,156"
2019-06-28 15:20:00.000000000,LAST_TRADE,"6,$99739.0000"
2019-06-28 15:20:00.000000000,QUERY_SPREAD,87
2019-06-28 15:20:00.000000000,BEST_BID,"JPM,99739,211"
2019-06-28 15:20:00.000000000,BEST_ASK,"JPM,99820,156"
2019-06-28 15:20:00.000000000,LAST_TRADE,"3,$99739.0000"
2019-06-28 15:20:00.000000000,QUERY_SPREAD,88
2019-06-28 15:20:00.000000000,BEST_BID,"JPM,99739,207"
2019-06-28 15:20:00.000000000,BEST_ASK,"JPM,99820,156"
2019-06-28 15:20:00.000000000,LAST_TRADE,"4,$99739.0000"
2019-06-28 15:20:00.000000000,QUERY_SPREAD,89
2019-06-28 15:20:00.000000000,BEST_BID,"JPM,99739,203"
2019-06-28 15:20:00.000000000,BEST_ASK,"JPM,99820,156"
2019-06-28 15:20:00.000000000,LAST_TRADE,"4,$99739.0000"
2019-06-28 15:20:00.000000000,QUERY_SPREAD,90
2019-06-28 15:20:00.000000000,BEST_BID,"JPM,99739,196"
2019-06-28 15:20:00.000000000,BEST_ASK,"JPM,99820,156"
2019-06-28 15:20:00.000000000,LAST_TRADE,"7,$99739.0000"
2019-06-28 15:20:00.000000000,QUERY_SPREAD,91
2019-06-28 15:20:00.000000000,BEST_BID,"JPM,99739,188"
2019-06-28 15:20:00.000000000,BEST_ASK,"JPM,99820,156"
2019-06-28 15:20:00.000000000,LAST_TRADE,"8,$99739.0000"
2019-06-28 15:20:00.000000000,QUERY_SPREAD,92
2019-06-28 15:20:00.000000000,BEST_BID,"JPM,99739,183"
2019-06-28 15:20:00.000000000,BEST_ASK,"JPM,99820,156"
2019-06-28 15:20:00.000000000,LAST_TRADE,"5,$99739.0000"
2019-06-28 15:20:00.000000000,QUERY_SPREAD,93
2019-06-28 15:20:00.000000000,BEST_BID,"JPM,99739,180"
2019-06-28 15:20:00.000000000,BEST_ASK,"JPM,99820,156"
2019-06-28 15:20:00.000000000,LAST_TRADE,"3,$99739.0000"
2019-06-28 15:20:00.000000000,QUERY_SPREAD,94
2019-06-28 15:20:00.000000000,BEST_BID,"JPM,99739,176"
2019-06-28 15:20:00.000000000,BEST_ASK,"JPM,99820,156"
2019-06-28 15:20:00.000000000,LAST_TRADE,"4,$99739.0000"
2019-06-28 15:20:00.000000000,QUERY_SPREAD,95
2019-06-28 15:20:00.000000000,BEST_BID,"JPM,99739,171"
2019-06-28 15:20:00.000000000,BEST_ASK,"JPM,99820,156"
2019-06-28 15:20:00.000000000,LAST_TRADE,"5,$99739.0000"
2019-06-28 15:20:00.000000000,QUERY_SPREAD,96
2019-06-28 15:20:00.000000000,BEST_BID,"JPM,99739,170"
2019-06-28 15:20:00.000000000,BEST_ASK,"JPM,99820,156"
2019-06-28 15:20:00.000000000,LAST_TRADE,"1,$99739.0000"
2019-06-28 15:20:00.000000000,QUERY_SPREAD,97
2019-06-28 15:20:00.000000000,BEST_BID,"JPM,99739,163"
2019-06-28 15:20:00.000000000,BEST_ASK,"JPM,99820,156"
2019-06-28 15:20:00.000000000,LAST_TRADE,"7,$99739.0000"
2019-06-28 15:20:00.000000000,QUERY_SPREAD,98
2019-06-28 15:20:00.000000000,BEST_BID,"JPM,99739,157"
2019-06-28 15:20:00.000000000,BEST_ASK,"JPM,99820,156"
2019-06-28 15:20:00.000000000,LAST_TRADE,"6,$99739.0000"
2019-06-28 15:20:00.000000000,QUERY_SPREAD,99
2019-06-28 15:20:00.000000000,BEST_BID,"JPM,99739,152"
2019-06-28 15:20:00.000000000,BEST_ASK,"JPM,99820,156"
2019-06-28 15:20:00.000000000,LAST_TRADE,"5,$99739.0000"
2019-06-28 15:20:00.000000000,QUERY_SPREAD,100
2019-06-28 15:20:00.000000000,BEST_BID,"JPM,99739,145"
2019-06-28 15:20:00.000000000,BEST_ASK,"JPM,99820,156"
2019-06-28 15:20:00.000000000,LAST_TRADE,"7,$99739.0000"
2019-06-28 15:20:00.000000000,QUERY_SPREAD,101
2019-06-28 15:20:00.000000000,QUERY_ORDER_STREAM,101
2019-06-28 15:20:08.070473295,QUERY_ORDER_STREAM,58
2019-06-28 15:20:08.070473295,QUERY_SPREAD,58
2019-06-28 15:20:10.000000000,QUERY_SPREAD,1
2019-06-28 15:20:10.000000000,BEST_BID,"JPM,99739,145"
2019-06-28 15:20:10.000000000,BEST_ASK,"JPM,99820,100"
2019-06-28 15:20:10.000000000,BEST_BID,"JPM,99739,145"
2019-06-28 15:20:10.000000000,BEST_ASK,"JPM,99820,100"
2019-06-28 15:20:10.000000000,BEST_BID,"JPM,99739,145"
2019-06-28 15:20:10.000000000,BEST_ASK,"JPM,99820,100"
2019-06-28 15:20:10.000000000,BEST_BID,"JPM,99739,145"
2019-06-28 15:20:10.000000000,BEST_ASK,"JPM,99820,100"
2019-06-28 15:20:10.000000000,BEST_BID,"JPM,99739,145"
2019-06-28 15:20:10.000000000,BEST_ASK,"JPM,99820,100"
2019-06-28 15:20:10.000000000,BEST_BID,"JPM,99739,145"
2019-06-28 15:20:10.000000000,BEST_ASK,"JPM,99820,156"
2019-06-28 15:20:10.000000000,BEST_BID,"JPM,99739,145"
2019-06-28 15:20:10.000000000,BEST_ASK,"JPM,99820,156"
2019-06-28 15:20:10.000000000,BEST_BID,"JPM,99739,145"
2019-06-28 15:20:10.000000000,BEST_ASK,"JPM,99820,156"
2019-06-28 15:20:10.000000000,BEST_BID,"JPM,99739,145"
2019-06-28 15:20:10.000000000,BEST_ASK,"JPM,99820,156"
2019-06-28 15:20:10.000000000,BEST_BID,"JPM,99739,145"
2019-06-28 15:20:10.000000000,BEST_ASK,"JPM,99820,156"
2019-06-28 15:20:20.000000000,QUERY_SPREAD,1
2019-06-28 15:20:20.000000000,BEST_BID,"JPM,99739,369"
2019-06-28 15:20:20.000000000,BEST_ASK,"JPM,99820,100"
2019-06-28 15:20:20.000000000,BEST_BID,"JPM,99739,369"
2019-06-28 15:20:20.000000000,BEST_ASK,"JPM,99820,380"
2019-06-28 15:20:30.000000000,QUERY_SPREAD,1
2019-06-28 15:20:30.000000000,BEST_BID,"JPM,99739,229"
2019-06-28 15:20:30.000000000,BEST_ASK,"JPM,99820,100"
2019-06-28 15:20:30.000000000,BEST_BID,"JPM,99739,229"
2019-06-28 15:20:30.000000000,BEST_ASK,"JPM,99820,100"
2019-06-28 15:20:30.000000000,BEST_BID,"JPM,99739,229"
2019-06-28 15:20:30.000000000,BEST_ASK,"JPM,99820,240"
2019-06-28 15:20:30.000000000,BEST_BID,"JPM,99739,229"
2019-06-28 15:20:30.000000000,BEST_ASK,"JPM,99820,240"
2019-06-28 15:20:35.903689260,QUERY_SPREAD,15
2019-06-28 15:20:35.903689260,BEST_BID,"JPM,99739,229"
2019-06-28 15:20:35.903689260,BEST_ASK,"JPM,99820,240"
2019-06-28 15:20:36.447873892,QUERY_SPREAD,11
2019-06-28 15:20:36.447873892,BEST_BID,"JPM,99739,229"
2019-06-28 15:20:36.447873892,BEST_ASK,"JPM,99820,140"
2019-06-28 15:20:36.447873892,LAST_TRADE,"100,$99820.0000"
2019-06-28 15:20:37.426480256,QUERY_ORDER_STREAM,61
2019-06-28 15:20:37.426480256,QUERY_SPREAD,61
2019-06-28 15:20:37.426480256,BEST_BID,"JPM,99740,100"
2019-06-28 15:20:37.426480256,BEST_ASK,"JPM,99820,140"
2019-06-28 15:20:40.000000000,QUERY_SPREAD,1
2019-06-28 15:20:40.000000000,BEST_BID,"JPM,99740,380"
2019-06-28 15:20:40.000000000,BEST_ASK,"JPM,99872,100"
2019-06-28 15:20:40.000000000,BEST_BID,"JPM,99740,380"
2019-06-28 15:20:40.000000000,BEST_ASK,"JPM,99872,380"
2019-06-28 15:20:45.706244949,QUERY_SPREAD,11
2019-06-28 15:20:45.706244949,BEST_BID,"JPM,99740,380"
2019-06-28 15:20:45.706244949,BEST_ASK,"JPM,99872,380"
2019-06-28 15:20:50.000000000,QUERY_SPREAD,1
2019-06-28 15:20:50.000000000,BEST_BID,"JPM,99740,195"
2019-06-28 15:20:50.000000000,BEST_ASK,"JPM,99872,100"
2019-06-28 15:20:50.000000000,BEST_BID,"JPM,99740,195"
2019-06-28 15:20:50.000000000,BEST_ASK,"JPM,99872,100"
2019-06-28 15:20:50.000000000,BEST_BID,"JPM,99740,195"
2019-06-28 15:20:50.000000000,BEST_ASK,"JPM,99872,100"
2019-06-28 15:20:50.000000000,BEST_BID,"JPM,99740,195"
2019-06-28 15:20:50.000000000,BEST_ASK,"JPM,99872,195"
2019-06-28 15:20:50.000000000,BEST_BID,"JPM,99740,195"
2019-06-28 15:20:50.000000000,BEST_ASK,"JPM,99872,195"
2019-06-28 15:20:50.000000000,BEST_BID,"JPM,99740,195"
2019-06-28 15:20:50.000000000,BEST_ASK,"JPM,99872,195"
2019-06-28 15:21:00.000000000,QUERY_SPREAD,1
2019-06-28 15:21:00.000000000,BEST_BID,"JPM,99740,240"
2019-06-28 15:21:00.000000000,BEST_ASK,"JPM,99872,100"
2019-06-28 15:21:00.000000000,BEST_BID,"JPM,99740,240"
2019-06-28 15:21:00.000000000,BEST_ASK,"JPM,99872,100"
2019-06-28 15:21:00.000000000,BEST_BID,"JPM,99740,240"
2019-06-28 15:21:00.000000000,BEST_ASK,"JPM,99872,240"
2019-06-28 15:21:00.000000000,BEST_BID,"JPM,99740,240"
2019-06-28 15:21:00.000000000,BEST_ASK,"JPM,99872,240"
2019-06-28 15:21:00.000000000,QUERY_SPREAD,77
2019-06-28 15:21:00.000000000,BEST_BID,"JPM,99740,239"
2019-06-28 15:21:00.000000000,BEST_ASK,"JPM,99872,240"
2019-06-28 15:21:00.000000000,LAST_TRADE,"1,$99740.0000"
2019-06-28 15:21:00.000000000,QUERY_SPREAD,78
2019-06-28 15:21:00.000000000,BEST_BID,"JPM,99740,235"
2019-06-28 15:21:00.000000000,BEST_ASK,"JPM,99872,240"
2019-06-28 15:21:00.000000000,LAST_TRADE,"4,$99740.0000"
2019-06-28 15:21:00.000000000,QUERY_SPREAD,79
2019-06-28 15:21:00.000000000,BEST_BID,"JPM,99740,229"
2019-06-28 15:21:00.000000000,BEST_ASK,"JPM,99872,240"
2019-06-28 15:21:00.000000000,LAST_TRADE,"6,$99740.0000"
2019-06-28 15:21:00.000000000,QUERY_SPREAD,80
2019-06-28 15:21:00.000000000,BEST_BID,"JPM,99740,224"
2019-06-28 15:21:00.000000000,BEST_ASK,"JPM,99872,240"
2019-06-28 15:21:00.000000000,LAST_TRADE,"5,$99740.0000"
2019-06-28 15:21:00.000000000,QUERY_SPREAD,81
2019-06-28 15:21:00.000000000,BEST_BID,"JPM,99740,216"
2019-06-28 15:21:00.000000000,BEST_ASK,"JPM,99872,240"
2019-06-28 15:21:00.000000000,LAST_TRADE,"8,$99740.0000"
2019-06-28 15:21:00.000000000,QUERY_SPREAD,82
2019-06-28 15:21:00.000000000,BEST_BID,"JPM,99740,208"
2019-06-28 15:21:00.000000000,BEST_ASK,"JPM,99872,240"
2019-06-28 15:21:00.000000000,LAST_TRADE,"8,$99740.0000"
2019-06-28 15:21:00.000000000,QUERY_SPREAD,83
2019-06-28 15:21:00.000000000,BEST_BID,"JPM,99740,206"
2019-06-28 15:21:00.000000000,BEST_ASK,"JPM,99872,240"
2019-06-28 15:21:00.000000000,LAST_TRADE,"2,$99740.0000"
2019-06-28 15:21:00.000000000,QUERY_SPREAD,84
2019-06-28 15:21:00.000000000,BEST_BID,"JPM,99740,205"
2019-06-28 15:21:00.000000000,BEST_ASK,"JPM,99872,240"
2019-06-28 15:21:00.000000000,LAST_TRADE,"1,$99740.0000"
2019-06-28 15:21:00.000000000,QUERY_SPREAD,85
2019-06-28 15:21:00.000000000,BEST_BID,"JPM,99740,204"
2019-06-28 15:21:00.000000000,BEST_ASK,"JPM,99872,240"
2019-06-28 15:21:00.000000000,LAST_TRADE,"1,$99740.0000"
2019-06-28 15:21:00.000000000,QUERY_SPREAD,86
2019-06-28 15:21:00.000000000,BEST_BID,"JPM,99740,198"
2019-06-28 15:21:00.000000000,BEST_ASK,"JPM,99872,240"
2019-06-28 15:21:00.000000000,LAST_TRADE,"6,$99740.0000"
2019-06-28 15:21:00.000000000,QUERY_SPREAD,87
2019-06-28 15:21:00.000000000,BEST_BID,"JPM,99740,195"
2019-06-28 15:21:00.000000000,BEST_ASK,"JPM,99872,240"
2019-06-28 15:21:00.000000000,LAST_TRADE,"3,$99740.0000"
2019-06-28 15:21:00.000000000,QUERY_SPREAD,88
2019-06-28 15:21:00.000000000,BEST_BID,"JPM,99740,191"
2019-06-28 15:21:00.000000000,BEST_ASK,"JPM,99872,240"
2019-06-28 15:21:00.000000000,LAST_TRADE,"4,$99740.0000"
2019-06-28 15:21:00.000000000,QUERY_SPREAD,89
2019-06-28 15:21:00.000000000,BEST_BID,"JPM,99740,187"
2019-06-28 15:21:00.000000000,BEST_ASK,"JPM,99872,240"
2019-06-28 15:21:00.000000000,LAST_TRADE,"4,$99740.0000"
2019-06-28 15:21:00.000000000,QUERY_SPREAD,90
2019-06-28 15:21:00.000000000,BEST_BID,"JPM,99740,180"
2019-06-28 15:21:00.000000000,BEST_ASK,"JPM,99872,240"
2019-06-28 15:21:00.000000000,LAST_TRADE,"7,$99740.0000"
2019-06-28 15:21:00.000000000,QUERY_SPREAD,91
2019-06-28 15:21:00.000000000,BEST_BID,"JPM,99740,172"
2019-06-28 15:21:00.000000000,BEST_ASK,"JPM,99872,240"
2019-06-28 15:21:00.000000000,LAST_TRADE,"8,$99740.0000"
2019-06-28 15:21:00.000000000,QUERY_SPREAD,92
2019-06-28 15:21:00.000000000,BEST_BID,"JPM,99740,167"
2019-06-28 15:21:00.000000000,BEST_ASK,"JPM,99872,240"
2019-06-28 15:21:00.000000000,LAST_TRADE,"5,$99740.0000"
2019-06-28 15:21:00.000000000,QUERY_SPREAD,93
2019-06-28 15:21:00.000000000,BEST_BID,"JPM,99740,164"
2019-06-28 15:21:00.000000000,BEST_ASK,"JPM,99872,240"
2019-06-28 15:21:00.000000000,LAST_TRADE,"3,$99740.0000"
2019-06-28 15:21:00.000000000,QUERY_SPREAD,94
2019-06-28 15:21:00.000000000,BEST_BID,"JPM,99740,160"
2019-06-28 15:21:00.000000000,BEST_ASK,"JPM,99872,240"
2019-06-28 15:21:00.000000000,LAST_TRADE,"4,$99740.0000"
2019-06-28 15:21:00.000000000,QUERY_SPREAD,95
2019-06-28 15:21:00.000000000,BEST_BID,"JPM,99740,155"
2019-06-28 15:21:00.000000000,BEST_ASK,"JPM,99872,240"
2019-06-28 15:21:00.000000000,LAST_TRADE,"5,$99740.0000"
2019-06-28 15:21:00.000000000,QUERY_SPREAD,96
2019-06-28 15:21:00.000000000,BEST_BID,"JPM,99740,154"
2019-06-28 15:21:00.000000000,BEST_ASK,"JPM,99872,240"
2019-06-28 15:21:00.000000000,LAST_TRADE,"1,$99740.0000"
2019-06-28 15:21:00.000000000,QUERY_SPREAD,97
2019-06-28 15:21:00.000000000,BEST_BID,"JPM,99740,147"
2019-06-28 15:21:00.000000000,BEST_ASK,"JPM,99872,240"
2019-06-28 15:21:00.000000000,LAST_TRADE,"7,$99740.0000"
2019-06-28 15:21:00.000000000,QUERY_SPREAD,98
2019-06-28 15:21:00.000000000,BEST_BID,"JPM,99740,141"
2019-06-28 15:21:00.000000000,BEST_ASK,"JPM,99872,240"
2019-06-28 15:21:00.000000000,LAST_TRADE,"6,$99740.0000"
2019-06-28 15:21:00.000000000,QUERY_SPREAD,99
2019-06-28 15:21:00.000000000,BEST_BID,"JPM,99740,136"
2019-06-28 15:21:00.000000000,BEST_ASK,"JPM,99872,240"
2019-06-28 15:21:00.000000000,LAST_TRADE,"5,$99740.0000"
2019-06-28 15:21:00.000000000,QUERY_SPREAD,100
2019-06-28 15:21:00.000000000,BEST_BID,"JPM,99740,129"
2019-06-28 15:21:00.000000000,BEST_ASK,"JPM,99872,240"
2019-06-28 15:21:00.000000000,LAST_TRADE,"7,$99740.0000"
2019-06-28 15:21:00.000000000,QUERY_SPREAD,101
2019-06-28 15:21:00.000000000,QUERY_ORDER_STREAM,101
2019-06-28 15:21:07.494639766,QUERY_SPREAD,49
2019-06-28 15:21:07.494639766,BEST_BID,"JPM,99740,129"
2019-06-28 15:21:07.494639766,BEST_ASK,"JPM,99872,240"
2019-06-28 15:21:10.000000000,QUERY_SPREAD,1
2019-06-28 15:21:10.000000000,BEST_BID,"JPM,99739,369"
2019-06-28 15:21:10.000000000,BEST_ASK,"JPM,99872,100"
2019-06-28 15:21:10.000000000,BEST_BID,"JPM,99739,369"
2019-06-28 15:21:10.000000000,BEST_ASK,"JPM,99872,380"
2019-06-28 15:21:11.699841972,QUERY_SPREAD,8
2019-06-28 15:21:11.699841972,BEST_BID,"JPM,99739,369"
2019-06-28 15:21:11.699841972,BEST_ASK,"JPM,99872,380"
2019-06-28 15:21:16.140405780,QUERY_SPREAD,28
2019-06-28 15:21:16.140405780,BEST_BID,"JPM,99739,369"
2019-06-28 15:21:16.140405780,BEST_ASK,"JPM,99872,280"
2019-06-28 15:21:16.140405780,LAST_TRADE,"100,$99872.0000"
2019-06-28 15:21:20.000000000,QUERY_SPREAD,1
2019-06-28 15:21:20.000000000,BEST_BID,"JPM,99739,145"
2019-06-28 15:21:20.000000000,BEST_ASK,"JPM,99888,100"
2019-06-28 15:21:20.000000000,BEST_BID,"JPM,99739,145"
2019-06-28 15:21:20.000000000,BEST_ASK,"JPM,99888,100"
2019-06-28 15:21:20.000000000,BEST_BID,"JPM,99739,145"
2019-06-28 15:21:20.000000000,BEST_ASK,"JPM,99888,100"
2019-06-28 15:21:20.000000000,BEST_BID,"JPM,99739,145"
2019-06-28 15:21:20.000000000,BEST_ASK,"JPM,99888,100"
2019-06-28 15:21:20.000000000,BEST_BID,"JPM,99739,145"
2019-06-28 15:21:20.000000000,BEST_ASK,"JPM,99888,100"
2019-06-28 15:21:20.000000000,BEST_BID,"JPM,99739,145"
2019-06-28 15:21:20.000000000,BEST_ASK,"JPM,99888,156"
2019-06-28 15:21:20.000000000,BEST_BID,"JPM,99739,145"
2019-06-28 15:21:20.000000000,BEST_ASK,"JPM,99888,156"
2019-06-28 15:21:20.000000000,BEST_BID,"JPM,99739,145"
2019-06-28 15:21:20.000000000,BEST_ASK,"JPM,99888,156"
2019-06-28 15:21:20.000000000,BEST_BID,"JPM,99739,145"
2019-06-28 15:21:20.000000000,BEST_ASK,"JPM,99888,156"
2019-06-28 15:21:20.000000000,BEST_BID,"JPM,99739,145"
2019-06-28 15:21:20.000000000,BEST_ASK,"JPM,99888,156"
2019-06-28 15:21:30.000000000,QUERY_SPREAD,1
2019-06-28 15:21:30.000000000,BEST_BID,"JPM,99739,159"
2019-06-28 15:21:30.000000000,BEST_ASK,"JPM,99888,100"
2019-06-28 15:21:30.000000000,BEST_BID,"JPM,99739,159"
2019-06-28 15:21:30.000000000,BEST_ASK,"JPM,99888,100"
2019-06-28 15:21:30.000000000,BEST_BID,"JPM,99739,159"
2019-06-28 15:21:30.000000000,BEST_ASK,"JPM,99888,100"
2019-06-28 15:21:30.000000000,BEST_BID,"JPM,99739,159"
2019-06-28 15:21:30.000000000,BEST_ASK,"JPM,99888,100"
2019-06-28 15:21:30.000000000,BEST_BID,"JPM,99739,159"
2019-06-28 15:21:30.000000000,BEST_ASK,"JPM,99888,170"
2019-06-28 15:21:30.000000000,BEST_BID,"JPM,99739,159"
2019-06-28 15:21:30.000000000,BEST_ASK,"JPM,99888,170"
2019-06-28 15:21:30.000000000,BEST_BID,"JPM,99739,159"
2019-06-28 15:21:30.000000000,BEST_ASK,"JPM,99888,170"
2019-06-28 15:21:30.000000000,BEST_BID,"JPM,99739,159"
2019-06-28 15:21:30.000000000,BEST_ASK,"JPM,99888,170"
2019-06-28 15:21:38.808167067,QUERY_SPREAD,16
2019-06-28 15:21:38.808167067,BEST_BID,"JPM,99739,159"
2019-06-28 15:21:38.808167067,BEST_ASK,"JPM,99888,170"
2019-06-28 15:21:40.000000000,QUERY_SPREAD,1
2019-06-28 15:21:40.000000000,BEST_BID,"JPM,99739,145"
2019-06-28 15:21:40.000000000,BEST_ASK,"JPM,99888,100"
2019-06-28 15:21:40.000000000,BEST_BID,"JPM,99739,145"
2019-06-28 15:21:40.000000000,BEST_ASK,"JPM,99888,100"
2019-06-28 15:21:40.000000000,BEST_BID,"JPM,99739,145"
2019-06-28 15:21:40.000000000,BEST_ASK,"JPM,99888,100"
2019-06-28 15:21:40.000000000,BEST_BID,"JPM,99739,145"
2019-06-28 15:21:40.000000000,BEST_ASK,"JPM,99888,100"
2019-06-28 15:21:40.000000000,BEST_BID,"JPM,99739,145"
2019-06-28 15:21:40.000000000,BEST_ASK,"JPM,99888,100"
2019-06-28 15:21:40.000000000,BEST_BID,"JPM,99739,145"
2019-06-28 15:21:40.000000000,BEST_ASK,"JPM,99888,156"
2019-06-28 15:21:40.000000000,BEST_BID,"JPM,99739,145"
2019-06-28 15:21:40.000000000,BEST_ASK,"JPM,99888,156"
2019-06-28 15:21:40.000000000,BEST_BID,"JPM,99739,145"
2019-06-28 15:21:40.000000000,BEST_ASK,"JPM,99888,156"
2019-06-28 15:21:40.000000000,BEST_BID,"JPM,99739,145"
2019-06-28 15:21:40.000000000,BEST_ASK,"JPM,99888,156"
2019-06-28 15:21:40.000000000,BEST_BID,"JPM,99739,145"
2019-06-28 15:21:40.000000000,BEST_ASK,"JPM,99888,156"
2019-06-28 15:21:42.573350157,QUERY_ORDER_STREAM,62
2019-06-28 15:21:42.573350157,QUERY_SPREAD,62
2019-06-28 15:21:47.686979062,QUERY_SPREAD,9
2019-06-28 15:21:47.686979062,BEST_BID,"JPM,99739,145"
2019-06-28 15:21:47.686979062,BEST_ASK,"JPM,99888,156"
2019-06-28 15:21:50.000000000,QUERY_SPREAD,1
2019-06-28 15:21:50.000000000,BEST_BID,"JPM,99739,184"
2019-06-28 15:21:50.000000000,BEST_ASK,"JPM,99888,100"
2019-06-28 15:21:50.000000000,BEST_BID,"JPM,99739,184"
2019-06-28 15:21:50.000000000,BEST_ASK,"JPM,99888,100"
2019-06-28 15:21:50.000000000,BEST_BID,"JPM,99739,184"
2019-06-28 15:21:50.000000000,BEST_ASK,"JPM,99888,100"
2019-06-28 15:21:50.000000000,BEST_BID,"JPM,99739,184"
2019-06-28 15:21:50.000000000,BEST_ASK,"JPM,99888,195"
2019-06-28 15:21:50.000000000,BEST_BID,"JPM,99739,184"
2019-06-28 15:21:50.000000000,BEST_ASK,"JPM,99888,195"
2019-06-28 15:21:50.000000000,BEST_BID,"JPM,99739,184"
2019-06-28 15:21:50.000000000,BEST_ASK,"JPM,99888,195"
2019-06-28 15:22:00.000000000,QUERY_SPREAD,1
2019-06-28 15:22:00.000000000,BEST_BID,"JPM,99739,184"
2019-06-28 15:22:00.000000000,BEST_ASK,"JPM,99888,100"
2019-06-28 15:22:00.000000000,BEST_BID,"JPM,99739,184"
2019-06-28 15:22:00.000000000,BEST_ASK,"JPM,99888,100"
2019-06-28 15:22:00.000000000,BEST_BID,"JPM,99739,184"
2019-06-28 15:22:00.000000000,BEST_ASK,"JPM,99888,100"
2019-06-28 15:22:00.000000000,BEST_BID,"JPM,99739,184"
2019-06-28 15:22:00.000000000,BEST_ASK,"JPM,99888,195"
2019-06-28 15:22:00.000000000,BEST_BID,"JPM,99739,184"
2019-06-28 15:22:00.000000000,BEST_ASK,"JPM,99888,195"
2019-06-28 15:22:00.000000000,BEST_BID,"JPM,99739,184"
2019-06-28 15:22:00.000000000,BEST_ASK,"JPM,99888,195"
2019-06-28 15:22:00.000000000,QUERY_SPREAD,77
2019-06-28 15:22:00.000000000,BEST_BID,"JPM,99739,183"
2019-06-28 15:22:00.000000000,BEST_ASK,"JPM,99888,195"
2019-06-28 15:22:00.000000000,LAST_TRADE,"1,$99739.0000"
2019-06-28 15:22:00.000000000,QUERY_SPREAD,78
2019-06-28 15:22:00.000000000,BEST_BID,"JPM,99739,179"
2019-06-28 15:22:00.000000000,BEST_ASK,"JPM,99888,195"
2019-06-28 15:22:00.000000000,LAST_TRADE,"4,$99739.0000"
2019-06-28 15:22:00.000000000,QUERY_SPREAD,79
2019-06-28 15:22:00.000000000,BEST_BID,"JPM,99739,173"
2019-06-28 15:22:00.000000000,BEST_ASK,"JPM,99888,195"
2019-06-28 15:22:00.000000000,LAST_TRADE,"6,$99739.0000"
2019-06-28 15:22:00.000000000,QUERY_SPREAD,80
2019-06-28 15:22:00.000000000,BEST_BID,"JPM,99739,168"
2019-06-28 15:22:00.000000000,BEST_ASK,"JPM,99888,195"
2019-06-28 15:22:00.000000000,LAST_TRADE,"5,$99739.0000"
2019-06-28 15:22:00.000000000,QUERY_SPREAD,81
2019-06-28 15:22:00.000000000,BEST_BID,"JPM,99739,160"
2019-06-28 15:22:00.000000000,BEST_ASK,"JPM,99888,195"
2019-06-28 15:22:00.000000000,LAST_TRADE,"8,$99739.0000"
2019-06-28 15:22:00.000000000,QUERY_SPREAD,82
2019-06-28 15:22:00.000000000,BEST_BID,"JPM,99739,152"
2019-06-28 15:22:00.000000000,BEST_ASK,"JPM,99888,195"
2019-06-28 15:22:00.000000000,LAST_TRADE,"8,$99739.0000"
2019-06-28 15:22:00.000000000,QUERY_SPREAD,83
2019-06-28 15:22:00.000000000,BEST_BID,"JPM,99739,150"
2019-06-28 15:22:00.000000000,BEST_ASK,"JPM,99888,195"
2019-06-28 15:22:00.000000000,LAST_TRADE,"2,$99739.0000"
2019-06-28 15:22:00.000000000,QUERY_SPREAD,84
2019-06-28 15:22:00.000000000,BEST_BID,"JPM,99739,149"
2019-06-28 15:22:00.000000000,BEST_ASK,"JPM,99888,195"
2019-06-28 15:22:00.000000000,LAST_TRADE,"1,$99739.0000"
2019-06-28 15:22:00.000000000,QUERY_SPREAD,85
2019-06-28 15:22:00.000000000,BEST_BID,"JPM,99739,148"
2019-06-28 15:22:00.000000000,BEST_ASK,"JPM,99888,195"
2019-06-28 15:22:00.000000000,LAST_TRADE,"1,$99739.0000"
2019-06-28 15:22:00.000000000,QUERY_SPREAD,86
2019-06-28 15:22:00.000000000,BEST_BID,"JPM,99739,142"
2019-06-28 15:22:00.000000000,BEST_ASK,"JPM,99888,195"
2019-06-28 15:22:00.000000000,LAST_TRADE,"6,$99739.0000"
2019-06-28 15:22:00.000000000,QUERY_SPREAD,87
2019-06-28 15:22:00.000000000,BEST_BID,"JPM,99739,139"
2019-06-28 15:22:00.000000000,BEST_ASK,"JPM,99888,195"
2019-06-28 15:22:00.000000000,LAST_TRADE,"3,$99739.0000"
2019-06-28 15:22:00.000000000,QUERY_SPREAD,88
2019-06-28 15:22:00.000000000,BEST_BID,"JPM,99739,135"
2019-06-28 15:22:00.000000000,BEST_ASK,"JPM,99888,195"
2019-06-28 15:22:00.000000000,LAST_TRADE,"4,$99739.0000"
2019-06-28 15:22:00.000000000,QUERY_SPREAD,89
2019-06-28 15:22:00.000000000,BEST_BID,"JPM,99739,131"
2019-06-28 15:22:00.000000000,BEST_ASK,"JPM,99888,195"
2019-06-28 15:22:00.000000000,LAST_TRADE,"4,$99739.0000"
2019-06-28 15:22:00.000000000,QUERY_SPREAD,90
2019-06-28 15:22:00.000000000,BEST_BID,"JPM,99739,124"
2019-06-28 15:22:00.000000000,BEST_ASK,"JPM,99888,195"
2019-06-28 15:22:00.000000000,LAST_TRADE,"7,$99739.0000"
2019-06-28 15:22:00.000000000,QUERY_SPREAD,91
2019-06-28 15:22:00.000000000,BEST_BID,"JPM,99739,116"
2019-06-28 15:22:00.000000000,BEST_ASK,"JPM,99888,195"
2019-06-28 15:22:00.000000000,LAST_TRADE,"8,$99739.0000"
2019-06-28 15:22:00.000000000,QUERY_SPREAD,92
2019-06-28 15:22:00.000000000,BEST_BID,"JPM,99739,111"
2019-06-28 15:22:00.000000000,BEST_ASK,"JPM,99888,195"
2019-06-28 15:22:00.000000000,LAST_TRADE,"5,$99739.0000"
2019-06-28 15:22:00.000000000,QUERY_SPREAD,93
2019-06-28 15:22:00.000000000,BEST_BID,"JPM,99739,108"
2019-06-28 15:22:00.000000000,BEST_ASK,"JPM,99888,195"
2019-06-28 15:22:00.000000000,LAST_TRADE,"3,$99739.0000"
2019-06-28 15:22:00.000000000,QUERY_SPREAD,94
2019-06-28 15:22:00.000000000,BEST_BID,"JPM,99739,104"
2019-06-28 15:22:00.000000000,BEST_ASK,"JPM,99888,195"
2019-06-28 15:22:00.000000000,LAST_TRADE,"4,$99739.0000"
2019-06-28 15:22:00.000000000,QUERY_SPREAD,95
2019-06-28 15:22:00.000000000,BEST_BID,"JPM,99739,99"
2019-06-28 15:22:00.000000000,BEST_ASK,"JPM,99888,195"
2019-06-28 15:22:00.000000000,LAST_TRADE,"5,$99739.0000"
2019-06-28 15:22:00.000000000,QUERY_SPREAD,96
2019-06-28 15:22:00.000000000,BEST_BID,"JPM,99739,98"
2019-06-28 15:22:00.000000000,BEST_ASK,"JPM,99888,195"
2019-06-28 15:22:00.000000000,LAST_TRADE,"1,$99739.0000"
2019-06-28 15:22:00.000000000,QUERY_SPREAD,97
2019-06-28 15:22:00.000000000,BEST_BID,"JPM,99739,91"
2019-06-28 15:22:00.000000000,BEST_ASK,"JPM,99888,195"
2019-06-28 15:22:00.000000000,LAST_TRADE,"7,$99739.0000"
2019-06-28 15:22:00.000000000,QUERY_SPREAD,98
2019-06-28 15:22:00.000000000,BEST_BID,"JPM,99739,85"
2019-06-28 15:22:00.000000000,BEST_ASK,"JPM,99888,195"
2019-06-28 15:22:00.000000000,LAST_TRADE,"6,$99739.0000"
2019-06-28 15:22:00.000000000,QUERY_SPREAD,99
2019-06-28 15:22:00.000000000,BEST_BID,"JPM,99739,80"
2019-06-28 15:22:00.000000000,BEST_ASK,"JPM,99888,195"
2019-06-28 15:22:00.000000000,LAST_TRADE,"5,$99739.0000"
2019-06-28 15:22:00.000000000,QUERY_SPREAD,100
2019-06-28 15:22:00.000000000,BEST_BID,"JPM,99739,73"
2019-06-28 15:22:00.000000000,BEST_ASK,"JPM,99888,195"
2019-06-28 15:22:00.000000000,LAST_TRADE,"7,$99739.0000"
2019-06-28 15:22:00.000000000,QUERY_SPREAD,101
2019-06-28 15:22:00.000000000,QUERY_ORDER_STREAM,101
2019-06-28 15:22:06.758178697,QUERY_ORDER_STREAM,61
2019-06-28 15:22:06.758178697,QUERY_SPREAD,61
2019-06-28 15:22:10.000000000,QUERY_SPREAD,1
2019-06-28 15:22:10.000000000,BEST_BID,"JPM,99738,170"
2019-06-28 15:22:10.000000000,BEST_ASK,"JPM,99888,100"
2019-06-28 15:22:10.000000000,BEST_BID,"JPM,99738,170"
2019-06-28 15:22:10.000000000,BEST_ASK,"JPM,99888,100"
2019-06-28 15:22:10.000000000,BEST_BID,"JPM,99738,170"
2019-06-28 15:22:10.000000000,BEST_ASK,"JPM,99888,100"
2019-06-28 15:22:10.000000000,BEST_BID,"JPM,99738,170"
2019-06-28 15:22:10.000000000,BEST_ASK,"JPM,99888,100"
2019-06-28 15:22:10.000000000,BEST_BID,"JPM,99738,170"
2019-06-28 15:22:10.000000000,BEST_ASK,"JPM,99888,170"
2019-06-28 15:22:10.000000000,BEST_BID,"JPM,99738,170"
2019-06-28 15:22:10.000000000,BEST_ASK,"JPM,99888,170"
2019-06-28 15:22:10.000000000,BEST_BID,"JPM,99738,170"
2019-06-28 15:22:10.000000000,BEST_ASK,"JPM,99888,170"
2019-06-28 15:22:10.000000000,BEST_BID,"JPM,99738,170"
2019-06-28 15:22:10.000000000,BEST_ASK,"JPM,99888,170"
2019-06-28 15:22:20.000000000,QUERY_SPREAD,1
2019-06-28 15:22:20.000000000,BEST_BID,"JPM,99738,380"
2019-06-28 15:22:20.000000000,BEST_ASK,"JPM,99888,100"
2019-06-28 15:22:20.000000000,BEST_BID,"JPM,99738,380"
2019-06-28 15:22:20.000000000,BEST_ASK,"JPM,99888,380"
2019-06-28 15:22:30.000000000,QUERY_SPREAD,1
2019-06-28 15:22:30.000000000,BEST_BID,"JPM,99738,240"
2019-06-28 15:22:30.000000000,BEST_ASK,"JPM,99888,100"
2019-06-28 15:22:30.000000000,BEST_BID,"JPM,99738,240"
2019-06-28 15:22:30.000000000,BEST_ASK,"JPM,99888,100"
2019-06-28 15:22:30.000000000,BEST_BID,"JPM,99738,240"
2019-06-28 15:22:30.000000000,BEST_ASK,"JPM,99888,240"
2019-06-28 15:22:30.000000000,BEST_BID,"JPM,99738,240"
2019-06-28 15:22:30.000000000,BEST_ASK,"JPM,99888,240"
2019-06-28 15:22:40.000000000,QUERY_SPREAD,1
2019-06-28 15:22:40.000000000,BEST_BID,"JPM,99738,170"
2019-06-28 15:22:40.000000000,BEST_ASK,"JPM,99888,100"
2019-06-28 15:22:40.000000000,BEST_BID,"JPM,99738,170"
2019-06-28 15:22:40.000000000,BEST_ASK,"JPM,99888,100"
2019-06-28 15:22:40.000000000,BEST_BID,"JPM,99738,170"
2019-06-28 15:22:40.000000000,BEST_ASK,"JPM,99888,100"
2019-06-28 15:22:40.000000000,BEST_BID,"JPM,99738,170"
2019-06-28 15:22:40.000000000,BEST_ASK,"JPM,99888,100"
2019-06-28 15:22:40.000000000,BEST_BID,"JPM,99738,170"
2019-06-28 15:22:40.000000000,BEST_ASK,"JPM,99888,170"
2019-06-28 15:22:40.000000000,BEST_BID,"JPM,99738,170"
2019-06-28 15:22:40.000000000,BEST_ASK,"JPM,99888,170"
2019-06-28 15:22:40.000000000,BEST_BID,"JPM,99738,170"
2019-06-28 15:22:40.000000000,BEST_ASK,"JPM,99888,170"
2019-06-28 15:22:40.000000000,BEST_BID,"JPM,99738,170"
2019-06-28 15:22:40.000000000,BEST_ASK,"JPM,99888,170"
2019-06-28 15:22:50.000000000,QUERY_SPREAD,1
2019-06-28 15:22:50.000000000,BEST_BID,"JPM,99738,380"
2019-06-28 15:22:50.000000000,BEST_ASK,"JPM,99888,100"
2019-06-28 15:22:50.000000000,BEST_BID,"JPM,99738,380"
2019-06-28 15:22:50.000000000,BEST_ASK,"JPM,99888,380"
2019-06-28 15:22:52.559700514,QUERY_ORDER_STREAM,54
2019-06-28 15:22:52.559700514,QUERY_SPREAD,54
2019-06-28 15:22:52.559700514,BEST_BID,"JPM,99739,100"
2019-06-28 15:22:52.559700514,BEST_ASK,"JPM,99888,380"
2019-06-28 15:22:57.782801327,QUERY_SPREAD,39
2019-06-28 15:22:57.782801327,BEST_BID,"JPM,99739,100"
2019-06-28 15:22:57.782801327,BEST_ASK,"JPM,99838,100"
2019-06-28 15:23:00.000000000,QUERY_SPREAD,1
2019-06-28 15:23:00.000000000,BEST_BID,"JPM,99739,195"
2019-06-28 15:23:00.000000000,BEST_ASK,"JPM,99838,100"
2019-06-28 15:23:00.000000000,BEST_BID,"JPM,99739,195"
2019-06-28 15:23:00.000000000,BEST_ASK,"JPM,99838,100"
2019-06-28 15:23:00.000000000,BEST_BID,"JPM,99739,195"
2019-06-28 15:23:00.000000000,BEST_ASK,"JPM,99838,100"
2019-06-28 15:23:00.000000000,BEST_BID,"JPM,99739,195"
2019-06-28 15:23:00.000000000,BEST_ASK,"JPM,99838,195"
2019-06-28 15:23:00.000000000,BEST_BID,"JPM,99739,195"
2019-06-28 15:23:00.000000000,BEST_ASK,"JPM,99838,195"
2019-06-28 15:23:00.000000000,BEST_BID,"JPM,99739,195"
2019-06-28 15:23:00.000000000,BEST_ASK,"JPM,99838,195"
2019-06-28 15:23:00.000000000,QUERY_SPREAD,77
2019-06-28 15:23:00.000000000,BEST_BID,"JPM,99739,194"
2019-06-28 15:23:00.000000000,BEST_ASK,"JPM,99838,195"
2019-06-28 15:23:00.000000000,LAST_TRADE,"1,$99739.0000"
2019-06-28 15:23:00.000000000,QUERY_SPREAD,78
2019-06-28 15:23:00.000000000,BEST_BID,"JPM,99739,190"
2019-06-28 15:23:00.000000000,BEST_ASK,"JPM,99838,195"
2019-06-28 15:23:00.000000000,LAST_TRADE,"4,$99739.0000"
2019-06-28 15:23:00.000000000,QUERY_SPREAD,79
2019-06-28 15:23:00.000000000,BEST_BID,"JPM,99739,184"
2019-06-28 15:23:00.000000000,BEST_ASK,"JPM,99838,195"
2019-06-28 15:23:00.000000000,LAST_TRADE,"6,$99739.0000"
2019-06-28 15:23:00.000000000,QUERY_SPREAD,80
2019-06-28 15:23:00.000000000,BEST_BID,"JPM,99739,179"
2019-06-28 15:23:00.000000000,BEST_ASK,"JPM,99838,195"
2019-06-28 15:23:00.000000000,LAST_TRADE,"5,$99739.0000"
2019-06-28 15:23:00.000000000,QUERY_SPREAD,81
2019-06-28 15:23:00.000000000,BEST_BID,"JPM,99739,171"
2019-06-28 15:23:00.000000000,BEST_ASK,"JPM,99838,195"
2019-06-28 15:23:00.000000000,LAST_TRADE,"8,$99739.0000"
2019-06-28 15:23:00.000000000,QUERY_SPREAD,82
2019-06-28 15:23:00.000000000,BEST_BID,"JPM,99739,163"
2019-06-28 15:23:00.000000000,BEST_ASK,"JPM,99838,195"
2019-06-28 15:23:00.000000000,LAST_TRADE,"8,$99739.0000"
2019-06-28 15:23:00.000000000,QUERY_SPREAD,83
2019-06-28 15:23:00.000000000,BEST_BID,"JPM,99739,161"
2019-06-28 15:23:00.000000000,BEST_ASK,"JPM,99838,195"
2019-06-28 15:23:00.000000000,LAST_TRADE,"2,$99739.0000"
2019-06-28 15:23:00.000000000,QUERY_SPREAD,84
2019-06-28 15:23:00.000000000,BEST_BID,"JPM,99739,160"
2019-06-28 15:23:00.000000000,BEST_ASK,"JPM,99838,195"
2019-06-28 15:23:00.000000000,LAST_TRADE,"1,$99739.0000"
2019-06-28 15:23:00.000000000,QUERY_SPREAD,85
2019-06-28 15:23:00.000000000,BEST_BID,"JPM,99739,159"
2019-06-28 15:23:00.000000000,BEST_ASK,"JPM,99838,195"
2019-06-28 15:23:00.000000000,LAST_TRADE,"1,$99739.0000"
2019-06-28 15:23:00.000000000,QUERY_SPREAD,86
2019-06-28 15:23:00.000000000,BEST_BID,"JPM,99739,153"
2019-06-28 15:23:00.000000000,BEST_ASK,"JPM,99838,195"
2019-06-28 15:23:00.000000000,LAST_TRADE,"6,$99739.0000"
2019-06-28 15:23:00.000000000,QUERY_SPREAD,87
2019-06-28 15:23:00.000000000,BEST_BID,"JPM,99739,150"
2019-06-28 15:23:00.000000000,BEST_ASK,"JPM,99838,195"
2019-06-28 15:23:00.000000000,LAST_TRADE,"3,$99739.0000"
2019-06-28 15:23:00.000000000,QUERY_SPREAD,88
2019-06-28 15:23:00.000000000,BEST_BID,"JPM,99739,146"
2019-06-28 15:23:00.000000000,BEST_ASK,"JPM,99838,195"
2019-06-28 15:23:00.000000000,LAST_TRADE,"4,$99739.0000"
2019-06-28 15:23:00.000000000,QUERY_SPREAD,89
2019-06-28 15:23:00.000000000,BEST_BID,"JPM,99739,142"
2019-06-28 15:23:00.000000000,BEST_ASK,"JPM,99838,195"
2019-06-28 15:23:00.000000000,LAST_TRADE,"4,$99739.0000"
2019-06-28 15:23:00.000000000,QUERY_SPREAD,90
2019-06-28 15:23:00.000000000,BEST_BID,"JPM,99739,135"
2019-06-28 15:23:00.000000000,BEST_ASK,"JPM,99838,195"
2019-06-28 15:23:00.000000000,LAST_TRADE,"7,$99739.0000"
2019-06-28 15:23:00.000000000,QUERY_SPREAD,91
2019-06-28 15:23:00.000000000,BEST_BID,"JPM,99739,127"
2019-06-28 15:23:00.000000000,BEST_ASK,"JPM,99838,195"
2019-06-28 15:23:00.000000000,LAST_TRADE,"8,$99739.0000"
2019-06-28 15:23:00.000000000,QUERY_SPREAD,92
2019-06-28 15:23:00.000000000,BEST_BID,"JPM,99739,122"
2019-06-28 15:23:00.000000000,BEST_ASK,"JPM,99838,195"
2019-06-28 15:23:00.000000000,LAST_TRADE,"5,$99739.0000"
2019-06-28 15:23:00.000000000,QUERY_SPREAD,93
2019-06-28 15:23:00.000000000,BEST_BID,"JPM,99739,119"
2019-06-28 15:23:00.000000000,BEST_ASK,"JPM,99838,195"
2019-06-28 15:23:00.000000000,LAST_TRADE,"3,$99739.0000"
2019-06-28 15:23:00.000000000,QUERY_SPREAD,94
2019-06-28 15:23:00.000000000,BEST_BID,"JPM,99739,115"
2019-06-28 15:23:00.000000000,BEST_ASK,"JPM,99838,195"
2019-06-28 15:23:00.000000000,LAST_TRADE,"4,$99739.0000"
2019-06-28 15:23:00.000000000,QUERY_SPREAD,95
2019-06-28 15:23:00.000000000,BEST_BID,"JPM,99739,110"
2019-06-28 15:23:00.000000000,BEST_ASK,"JPM,99838,195"
2019-06-28 15:23:00.000000000,LAST_TRADE,"5,$99739.0000"
2019-06-28 15:23:00.000000000,QUERY_SPREAD,96
2019-06-28 15:23:00.000000000,BEST_BID,"JPM,99739,109"
2019-06-28 15:23:00.000000000,BEST_ASK,"JPM,99838,195"
2019-06-28 15:23:00.000000000,LAST_TRADE,"1,$99739.0000"
2019-06-28 15:23:00.000000000,QUERY_SPREAD,97
2019-06-28 15:23:00.000000000,BEST_BID,"JPM,99739,102"
2019-06-28 15:23:00.000000000,BEST_ASK,"JPM,99838,195"
2019-06-28 15:23:00.000000000,LAST_TRADE,"7,$99739.0000"
2019-06-28 15:23:00.000000000,QUERY_SPREAD,98
2019-06-28 15:23:00.000000000,BEST_BID,"JPM,99739,96"
2019-06-28 15:23:00.000000000,BEST_ASK,"JPM,99838,195"
2019-06-28 15:23:00.000000000,LAST_TRADE,"6,$99739.0000"
2019-06-28 15:23:00.000000000,QUERY_SPREAD,99
2019-06-28 15:23:00.000000000,BEST_BID,"JPM,99739,91"
2019-06-28 15:23:00.000000000,BEST_ASK,"JPM,99838,195"
2019-06-28 15:23:00.000000000,LAST_TRADE,"5,$99739.0000"
2019-06-28 15:23:00.000000000,QUERY_SPREAD,100
2019-06-28 15:23:00.000000000,BEST_BID,"JPM,99739,84"
2019-06-28 15:23:00.000000000,BEST_ASK,"JPM,99838,195"
2019-06-28 15:23:00.000000000,LAST_TRADE,"7,$99739.0000"
2019-06-28 15:23:00.000000000,QUERY_SPREAD,101
2019-06-28 15:23:00.000000000,QUERY_ORDER_STREAM,101
2019-06-28 15:23:03.056505601,QUERY_SPREAD,46
2019-06-28 15:23:03.056505601,BEST_BID,"JPM,99739,84"
2019-06-28 15:23:03.056505601,BEST_ASK,"JPM,99838,195"
2019-06-28 15:23:08.702960649,QUERY_SPREAD,38
2019-06-28 15:23:08.702960649,BEST_BID,"JPM,99739,84"
2019-06-28 15:23:08.702960649,BEST_ASK,"JPM,99838,195"
2019-06-28 15:23:10.000000000,QUERY_SPREAD,1
2019-06-28 15:23:10.000000000,BEST_BID,"JPM,99738,240"
2019-06-28 15:23:10.000000000,BEST_ASK,"JPM,99838,100"
2019-06-28 15:23:10.000000000,BEST_BID,"JPM,99738,240"
2019-06-28 15:23:10.000000000,BEST_ASK,"JPM,99838,100"
2019-06-28 15:23:10.000000000,BEST_BID,"JPM,99738,240"
2019-06-28 15:23:10.000000000,BEST_ASK,"JPM,99838,240"
2019-06-28 15:23:10.000000000,BEST_BID,"JPM,99738,240"
2019-06-28 15:23:10.000000000,BEST_ASK,"JPM,99838,240"
2019-06-28 15:23:17.006160844,QUERY_SPREAD,9
2019-06-28 15:23:17.006160844,BEST_BID,"JPM,99738,240"
2019-06-28 15:23:17.006160844,BEST_ASK,"JPM,99810,100"
2019-06-28 15:23:20.000000000,QUERY_SPREAD,1
2019-06-28 15:23:20.000000000,BEST_BID,"JPM,99738,195"
2019-06-28 15:23:20.000000000,BEST_ASK,"JPM,99810,100"
2019-06-28 15:23:20.000000000,BEST_BID,"JPM,99738,195"
2019-06-28 15:23:20.000000000,BEST_ASK,"JPM,99810,100"
2019-06-28 15:23:20.000000000,BEST_BID,"JPM,99738,195"
2019-06-28 15:23:20.000000000,BEST_ASK,"JPM,99810,100"
2019-06-28 15:23:20.000000000,BEST_BID,"JPM,99738,195"
2019-06-28 15:23:20.000000000,BEST_ASK,"JPM,99810,195"
2019-06-28 15:23:20.000000000,BEST_BID,"JPM,99738,195"
2019-06-28 15:23:20.000000000,BEST_ASK,"JPM,99810,195"
2019-06-28 15:23:20.000000000,BEST_BID,"JPM,99738,195"
2019-06-28 15:23:20.000000000,BEST_ASK,"JPM,99810,195"
2019-06-28 15:23:30.000000000,QUERY_SPREAD,1
2019-06-28 15:23:30.000000000,BEST_BID,"JPM,99738,195"
2019-06-28 15:23:30.000000000,BEST_ASK,"JPM,99810,100"
2019-06-28 15:23:30.000000000,BEST_BID,"JPM,99738,195"
2019-06-28 15:23:30.000000000,BEST_ASK,"JPM,99810,100"
2019-06-28 15:23:30.000000000,BEST_BID,"JPM,99738,195"
2019-06-28 15:23:30.000000000,BEST_ASK,"JPM,99810,100"
2019-06-28 15:23:30.000000000,BEST_BID,"JPM,99738,195"
2019-06-28 15:23:30.000000000,BEST_ASK,"JPM,99810,195"
2019-06-28 15:23:30.000000000,BEST_BID,"JPM,99738,195"
2019-06-28 15:23:30.000000000,BEST_ASK,"JPM,99810,195"
2019-06-28 15:23:30.000000000,BEST_BID,"JPM,99738,195"
2019-06-28 15:23:30.000000000,BEST_ASK,"JPM,99810,195"
2019-06-28 15:23:34.518510149,QUERY_ORDER_STREAM,73
2019-06-28 15:23:34.518510149,QUERY_SPREAD,73
2019-06-28 15:23:36.691320362,QUERY_SPREAD,44
2019-06-28 15:23:36.691320362,BEST_BID,"JPM,99738,195"
2019-06-28 15:23:36.691320362,BEST_ASK,"JPM,99780,100"
2019-06-28 15:23:40.000000000,QUERY_SPREAD,1
2019-06-28 15:23:40.000000000,BEST_BID,"JPM,99738,195"
2019-06-28 15:23:40.000000000,BEST_ASK,"JPM,99780,100"
2019-06-28 15:23:40.000000000,BEST_BID,"JPM,99738,195"
2019-06-28 15:23:40.000000000,BEST_ASK,"JPM,99780,100"
2019-06-28 15:23:40.000000000,BEST_BID,"JPM,99738,195"
2019-06-28 15:23:40.000000000,BEST_ASK,"JPM,99780,100"
2019-06-28 15:23:40.000000000,BEST_BID,"JPM,99738,195"
2019-06-28 15:23:40.000000000,BEST_ASK,"JPM,99780,195"
2019-06-28 15:23:40.000000000,BEST_BID,"JPM,99738,195"
2019-06-28 15:23:40.000000000,BEST_ASK,"JPM,99780,195"
2019-06-28 15:23:40.000000000,BEST_BID,"JPM,99738,195"
2019-06-28 15:23:40.000000000,BEST_ASK,"JPM,99780,195"
2019-06-28 15:23:50.000000000,QUERY_SPREAD,1
2019-06-28 15:23:50.000000000,BEST_BID,"JPM,99738,195"
2019-06-28 15:23:50.000000000,BEST_ASK,"JPM,99780,100"
2019-06-28 15:23:50.000000000,BEST_BID,"JPM,99738,195"
2019-06-28 15:23:50.000000000,BEST_ASK,"JPM,99780,100"
2019-06-28 15:23:50.000000000,BEST_BID,"JPM,99738,195"
2019-06-28 15:23:50.000000000,BEST_ASK,"JPM,99780,100"
2019-06-28 15:23:50.000000000,BEST_BID,"JPM,99738,195"
2019-06-28 15:23:50.000000000,BEST_ASK,"JPM,99780,195"
2019-06-28 15:23:50.000000000,BEST_BID,"JPM,99738,195"
2019-06-28 15:23:50.000000000,BEST_ASK,"JPM,99780,195"
2019-06-28 15:23:50.000000000,BEST_BID,"JPM,99738,195"
2019-06-28 15:23:50.000000000,BEST_ASK,"JPM,99780,195"
2019-06-28 15:23:54.414261578,QUERY_ORDER_STREAM,73
2019-06-28 15:23:54.414261578,QUERY_SPREAD,73
2019-06-28 15:23:59.582768871,QUERY_SPREAD,23
2019-06-28 15:23:59.582768871,BEST_BID,"JPM,99738,195"
2019-06-28 15:23:59.582768871,BEST_ASK,"JPM,99780,95"
2019-06-28 15:23:59.582768871,LAST_TRADE,"100,$99780.0000"
2019-06-28 15:24:00.000000000,QUERY_SPREAD,1
2019-06-28 15:24:00.000000000,BEST_BID,"JPM,99738,240"
2019-06-28 15:24:00.000000000,BEST_ASK,"JPM,99810,100"
2019-06-28 15:24:00.000000000,BEST_BID,"JPM,99738,240"
2019-06-28 15:24:00.000000000,BEST_ASK,"JPM,99810,100"
2019-06-28 15:24:00.000000000,BEST_BID,"JPM,99738,240"
2019-06-28 15:24:00.000000000,BEST_ASK,"JPM,99810,240"
2019-06-28 15:24:00.000000000,BEST_BID,"JPM,99738,240"
2019-06-28 15:24:00.000000000,BEST_ASK,"JPM,99810,240"
2019-06-28 15:24:00.000000000,QUERY_SPREAD,77
2019-06-28 15:24:00.000000000,BEST_BID,"JPM,99738,239"
2019-06-28 15:24:00.000000000,BEST_ASK,"JPM,99810,240"
2019-06-28 15:24:00.000000000,LAST_TRADE,"1,$99738.0000"
2019-06-28 15:24:00.000000000,QUERY_SPREAD,78
2019-06-28 15:24:00.000000000,BEST_BID,"JPM,99738,235"
2019-06-28 15:24:00.000000000,BEST_ASK,"JPM,99810,240"
2019-06-28 15:24:00.000000000,LAST_TRADE,"4,$99738.0000"
2019-06-28 15:24:00.000000000,QUERY_SPREAD,79
2019-06-28 15:24:00.000000000,BEST_BID,"JPM,99738,229"
2019-06-28 15:24:00.000000000,BEST_ASK,"JPM,99810,240"
2019-06-28 15:24:00.000000000,LAST_TRADE,"6,$99738.0000"
2019-06-28 15:24:00.000000000,QUERY_SPREAD,80
2019-06-28 15:24:00.000000000,BEST_BID,"JPM,99738,224"
2019-06-28 15:24:00.000000000,BEST_ASK,"JPM,99810,240"
2019-06-28 15:24:00.000000000,LAST_TRADE,"5,$99738.0000"
2019-06-28 15:24:00.000000000,QUERY_SPREAD,81
2019-06-28 15:24:00.000000000,BEST_BID,"JPM,99738,216"
2019-06-28 15:24:00.000000000,BEST_ASK,"JPM,99810,240"
2019-06-28 15:24:00.000000000,LAST_TRADE,"8,$99738.0000"
2019-06-28 15:24:00.000000000,QUERY_SPREAD,82
2019-06-28 15:24:00.000000000,BEST_BID,"JPM,99738,208"
2019-06-28 15:24:00.000000000,BEST_ASK,"JPM,99810,240"
2019-06-28 15:24:00.000000000,LAST_TRADE,"8,$99738.0000"
2019-06-28 15:24:00.000000000,QUERY_SPREAD,83
2019-06-28 15:24:00.000000000,BEST_BID,"JPM,99738,206"
2019-06-28 15:24:00.000000000,BEST_ASK,"JPM,99810,240"
2019-06-28 15:24:00.000000000,LAST_TRADE,"2,$99738.0000"
2019-06-28 15:24:00.000000000,QUERY_SPREAD,84
2019-06-28 15:24:00.000000000,BEST_BID,"JPM,99738,205"
2019-06-28 15:24:00.000000000,BEST_ASK,"JPM,99810,240"
2019-06-28 15:24:00.000000000,LAST_TRADE,"1,$99738.0000"
2019-06-28 15:24:00.000000000,QUERY_SPREAD,85
2019-06-28 15:24:00.000000000,BEST_BID,"JPM,99738,204"
2019-06-28 15:24:00.000000000,BEST_ASK,"JPM,99810,240"
2019-06-28 15:24:00.000000000,LAST_TRADE,"1,$99738.0000"
2019-06-28 15:24:00.000000000,QUERY_SPREAD,86
2019-06-28 15:24:00.000000000,BEST_BID,"JPM,99738,198"
2019-06-28 15:24:00.000000000,BEST_ASK,"JPM,99810,240"
2019-06-28 15:24:00.000000000,LAST_TRADE,"6,$99738.0000"
2019-06-28 15:24:00.000000000,QUERY_SPREAD,87
2019-06-28 15:24:00.000000000,BEST_BID,"JPM,99738,195"
2019-06-28 15:24:00.000000000,BEST_ASK,"JPM,99810,240"
2019-06-28 15:24:00.000000000,LAST_TRADE,"3,$99738.0000"
2019-06-28 15:24:00.000000000,QUERY_SPREAD,88
2019-06-28 15:24:00.000000000,BEST_BID,"JPM,99738,191"
2019-06-28 15:24:00.000000000,BEST_ASK,"JPM,99810,240"
2019-06-28 15:24:00.000000000,LAST_TRADE,"4,$99738.0000"
2019-06-28 15:24:00.000000000,QUERY_SPREAD,89
2019-06-28 15:24:00.000000000,BEST_BID,"JPM,99738,187"
2019-06-28 15:24:00.000000000,BEST_ASK,"JPM,99810,240"
2019-06-28 15:24:00.000000000,LAST_TRADE,"4,$99738.0000"
2019-06-28 15:24:00.000000000,QUERY_SPREAD,90
2019-06-28 15:24:00.000000000,BEST_BID,"JPM,99738,180"
2019-06-28 15:24:00.000000000,BEST_ASK,"JPM,99810,240"
2019-06-28 15:24:00.000000000,LAST_TRADE,"7,$99738.0000"
2019-06-28 15:24:00.000000000,QUERY_SPREAD,91
2019-06-28 15:24:00.000000000,BEST_BID,"JPM,99738,172"
2019-06-28 15:24:00.000000000,BEST_ASK,"JPM,99810,240"
2019-06-28 15:24:00.000000000,LAST_TRADE,"8,$99738.0000"
2019-06-28 15:24:00.000000000,QUERY_SPREAD,92
2019-06-28 15:24:00.000000000,BEST_BID,"JPM,99738,167"
2019-06-28 15:24:00.000000000,BEST_ASK,"JPM,99810,240"
2019-06-28 15:24:00.000000000,LAST_TRADE,"5,$99738.0000"
2019-06-28 15:24:00.000000000,QUERY_SPREAD,93
2019-06-28 15:24:00.000000000,BEST_BID,"JPM,99738,164"
2019-06-28 15:24:00.000000000,BEST_ASK,"JPM,99810,240"
2019-06-28 15:24:00.000000000,LAST_TRADE,"3,$99738.0000"
2019-06-28 15:24:00.000000000,QUERY_SPREAD,94
2019-06-28 15:24:00.000000000,BEST_BID,"JPM,99738,160"
2019-06-28 15:24:00.000000000,BEST_ASK,"JPM,99810,240"
2019-06-28 15:24:00.000000000,LAST_TRADE,"4,$99738.0000"
2019-06-28 15:24:00.000000000,QUERY_SPREAD,95
2019-06-28 15:24:00.000000000,BEST_BID,"JPM,99738,155"
2019-06-28 15:24:00.000000000,BEST_ASK,"JPM,99810,240"
2019-06-28 15:24:00.000000000,LAST_TRADE,"5,$99738.0000"
2019-06-28 15:24:00.000000000,QUERY_SPREAD,96
2019-06-28 15:24:00.000000000,BEST_BID,"JPM,99738,154"
2019-06-28 15:24:00.000000000,BEST_ASK,"JPM,99810,240"
2019-06-28 15:24:00.000000000,LAST_TRADE,"1,$99738.0000"
2019-06-28 15:24:00.000000000,QUERY_SPREAD,97
2019-06-28 15:24:00.000000000,BEST_BID,"JPM,99738,147"
2019-06-28 15:24:00.000000000,BEST_ASK,"JPM,99810,240"
2019-06-28 15:24:00.000000000,LAST_TRADE,"7,$99738.0000"
2019-06-28 15:24:00.000000000,QUERY_SPREAD,98
2019-06-28 15:24:00.000000000,BEST_BID,"JPM,99738,141"
2019-06-28 15:24:00.000000000,BEST_ASK,"JPM,99810,240"
2019-06-28 15:24:00.000000000,LAST_TRADE,"6,$99738.0000"
2019-06-28 15:24:00.000000000,QUERY_SPREAD,99
2019-06-28 15:24:00.000000000,BEST_BID,"JPM,99738,136"
2019-06-28 15:24:00.000000000,BEST_ASK,"JPM,99810,240"
2019-06-28 15:24:00.000000000,LAST_TRADE,"5,$99738.0000"
2019-06-28 15:24:00.000000000,QUERY_SPREAD,100
2019-06-28 15:24:00.000000000,BEST_BID,"JPM,99738,129"
2019-06-28 15:24:00.000000000,BEST_ASK,"JPM,99810,240"
2019-06-28 15:24:00.000000000,LAST_TRADE,"7,$99738.0000"
2019-06-28 15:24:00.000000000,QUERY_SPREAD,101
2019-06-28 15:24:00.000000000,QUERY_ORDER_STREAM,101
2019-06-28 15:24:10.000000000,QUERY_SPREAD,1
2019-06-28 15:24:10.000000000,BEST_BID,"JPM,99637,240"
2019-06-28 15:24:10.000000000,BEST_ASK,"JPM,99810,100"
2019-06-28 15:24:10.000000000,BEST_BID,"JPM,99637,240"
2019-06-28 15:24:10.000000000,BEST_ASK,"JPM,99810,100"
2019-06-28 15:24:10.000000000,BEST_BID,"JPM,99637,240"
2019-06-28 15:24:10.000000000,BEST_ASK,"JPM,99810,240"
2019-06-28 15:24:10.000000000,BEST_BID,"JPM,99637,240"
2019-06-28 15:24:10.000000000,BEST_ASK,"JPM,99810,240"
2019-06-28 15:24:20.000000000,QUERY_SPREAD,1
2019-06-28 15:24:20.000000000,BEST_BID,"JPM,99637,195"
2019-06-28 15:24:20.000000000,BEST_ASK,"JPM,99810,100"
2019-06-28 15:24:20.000000000,BEST_BID,"JPM,99637,195"
2019-06-28 15:24:20.000000000,BEST_ASK,"JPM,99810,100"
2019-06-28 15:24:20.000000000,BEST_BID,"JPM,99637,195"
2019-06-28 15:24:20.000000000,BEST_ASK,"JPM,99810,100"
2019-06-28 15:24:20.000000000,BEST_BID,"JPM,99637,195"
2019-06-28 15:24:20.000000000,BEST_ASK,"JPM,99810,195"
2019-06-28 15:24:20.000000000,BEST_BID,"JPM,99637,195"
2019-06-28 15:24:20.000000000,BEST_ASK,"JPM,99810,195"
2019-06-28 15:24:20.000000000,BEST_BID,"JPM,99637,195"
2019-06-28 15:24:20.000000000,BEST_ASK,"JPM,99810,195"
2019-06-28 15:24:30.000000000,QUERY_SPREAD,1
2019-06-28 15:24:30.000000000,BEST_BID,"JPM,99637,380"
2019-06-28 15:24:30.000000000,BEST_ASK,"JPM,99810,100"
2019-06-28 15:24:30.000000000,BEST_BID,"JPM,99637,380"
2019-06-28 15:24:30.000000000,BEST_ASK,"JPM,99810,380"
2019-06-28 15:24:40.000000000,QUERY_SPREAD,1
2019-06-28 15:24:40.000000000,BEST_BID,"JPM,99637,170"
2019-06-28 15:24:40.000000000,BEST_ASK,"JPM,99810,100"
2019-06-28 15:24:40.000000000,BEST_BID,"JPM,99637,170"
2019-06-28 15:24:40.000000000,BEST_ASK,"JPM,99810,100"
2019-06-28 15:24:40.000000000,BEST_BID,"JPM,99637,170"
2019-06-28 15:24:40.000000000,BEST_ASK,"JPM,99810,100"
2019-06-28 15:24:40.000000000,BEST_BID,"JPM,99637,170"
2019-06-28 15:24:40.000000000,BEST_ASK,"JPM,99810,100"
2019-06-28 15:24:40.000000000,BEST_BID,"JPM,99637,170"
2019-06-28 15:24:40.000000000,BEST_ASK,"JPM,99810,170"
2019-06-28 15:24:40.000000000,BEST_BID,"JPM,99637,170"
2019-06-28 15:24:40.000000000,BEST_ASK,"JPM,99810,170"
2019-06-28 15:24:40.000000000,BEST_BID,"JPM,99637,170"
2019-06-28 15:24:40.000000000,BEST_ASK,"JPM,99810,170"
2019-06-28 15:24:40.000000000,BEST_BID,"JPM,99637,170"
2019-06-28 15:24:40.000000000,BEST_ASK,"JPM,99810,170"
2019-06-28 15:24:45.215421572,QUERY_ORDER_STREAM,61
2019-06-28 15:24:45.215421572,QUERY_SPREAD,61
2019-06-28 15:24:45.215421572,BEST_BID,"JPM,99637,170"
2019-06-28 15:24:45.215421572,BEST_ASK,"JPM,99738,100"
2019-06-28 15:24:49.777511957,QUERY_ORDER_STREAM,70
2019-06-28 15:24:49.777511957,QUERY_SPREAD,70
2019-06-28 15:24:50.000000000,QUERY_SPREAD,1
2019-06-28 15:24:50.000000000,BEST_BID,"JPM,99637,156"
2019-06-28 15:24:50.000000000,BEST_ASK,"JPM,99738,100"
2019-06-28 15:24:50.000000000,BEST_BID,"JPM,99637,156"
2019-06-28 15:24:50.000000000,BEST_ASK,"JPM,99738,100"
2019-06-28 15:24:50.000000000,BEST_BID,"JPM,99637,156"
2019-06-28 15:24:50.000000000,BEST_ASK,"JPM,99738,100"
2019-06-28 15:24:50.000000000,BEST_BID,"JPM,99637,156"
2019-06-28 15:24:50.000000000,BEST_ASK,"JPM,99738,100"
2019-06-28 15:24:50.000000000,BEST_BID,"JPM,99637,156"
2019-06-28 15:24:50.000000000,BEST_ASK,"JPM,99738,100"
2019-06-28 15:24:50.000000000,BEST_BID,"JPM,99637,156"
2019-06-28 15:24:50.000000000,BEST_ASK,"JPM,99738,156"
2019-06-28 15:24:50.000000000,BEST_BID,"JPM,99637,156"
2019-06-28 15:24:50.000000000,BEST_ASK,"JPM,99738,156"
2019-06-28 15:24:50.000000000,BEST_BID,"JPM,99637,156"
2019-06-28 15:24:50.000000000,BEST_ASK,"JPM,99738,156"
2019-06-28 15:24:50.000000000,BEST_BID,"JPM,99637,156"
2019-06-28 15:24:50.000000000,BEST_ASK,"JPM,99738,156"
2019-06-28 15:24:50.000000000,BEST_BID,"JPM,99637,156"
2019-06-28 15:24:50.000000000,BEST_ASK,"JPM,99738,156"
2019-06-28 15:24:52.444807781,QUERY_SPREAD,45
2019-06-28 15:24:52.444807781,BEST_BID,"JPM,99637,156"
2019-06-28 15:24:52.444807781,BEST_ASK,"JPM,99738,156"
2019-06-28 15:25:00.000000000,QUERY_SPREAD,1
2019-06-28 15:25:00.000000000,BEST_BID,"JPM,99637,170"
2019-06-28 15:25:00.000000000,BEST_ASK,"JPM,99738,100"
2019-06-28 15:25:00.000000000,BEST_BID,"JPM,99637,170"
2019-06-28 15:25:00.000000000,BEST_ASK,"JPM,99738,100"
2019-06-28 15:25:00.000000000,BEST_BID,"JPM,99637,170"
2019-06-28 15:25:00.000000000,BEST_ASK,"JPM,99738,100"
2019-06-28 15:25:00.000000000,BEST_BID,"JPM,99637,170"
2019-06-28 15:25:00.000000000,BEST_ASK,"JPM,99738,100"
2019-06-28 15:25:00.000000000,BEST_BID,"JPM,99637,170"
2019-06-28 15:25:00.000000000,BEST_ASK,"JPM,99738,170"
2019-06-28 15:25:00.000000000,BEST_BID,"JPM,99637,170"
2019-06-28 15:25:00.000000000,BEST_ASK,"JPM,99738,170"
2019-06-28 15:25:00.000000000,BEST_BID,"JPM,99637,170"
2019-06-28 15:25:00.000000000,BEST_ASK,"JPM,99738,170"
2019-06-28 15:25:00.000000000,BEST_BID,"JPM,99637,170"
2019-06-28 15:25:00.000000000,BEST_ASK,"JPM,99738,170"
2019-06-28 15:25:00.000000000,QUERY_SPREAD,77
2019-06-28 15:25:00.000000000,BEST_BID,"JPM,99637,169"
2019-06-28 15:25:00.000000000,BEST_ASK,"JPM,99738,170"
2019-06-28 15:25:00.000000000,LAST_TRADE,"1,$99637.0000"
2019-06-28 15:25:00.000000000,QUERY_SPREAD,78
2019-06-28 15:25:00.000000000,BEST_BID,"JPM,99637,165"
2019-06-28 15:25:00.000000000,BEST_ASK,"JPM,99738,170"
2019-06-28 15:25:00.000000000,LAST_TRADE,"4,$99637.0000"
2019-06-28 15:25:00.000000000,QUERY_SPREAD,79
2019-06-28 15:25:00.000000000,BEST_BID,"JPM,99637,159"
2019-06-28 15:25:00.000000000,BEST_ASK,"JPM,99738,170"
2019-06-28 15:25:00.000000000,LAST_TRADE,"6,$99637.0000"
2019-06-28 15:25:00.000000000,QUERY_SPREAD,80
2019-06-28 15:25:00.000000000,BEST_BID,"JPM,99637,154"
2019-06-28 15:25:00.000000000,BEST_ASK,"JPM,99738,170"
2019-06-28 15:25:00.000000000,LAST_TRADE,"5,$99637.0000"
2019-06-28 15:25:00.000000000,QUERY_SPREAD,81
2019-06-28 15:25:00.000000000,BEST_BID,"JPM,99637,146"
2019-06-28 15:25:00.000000000,BEST_ASK,"JPM,99738,170"
2019-06-28 15:25:00.000000000,LAST_TRADE,"8,$99637.0000"
2019-06-28 15:25:00.000000000,QUERY_SPREAD,82
2019-06-28 15:25:00.000000000,BEST_BID,"JPM,99637,138"
2019-06-28 15:25:00.000000000,BEST_ASK,"JPM,99738,170"
2019-06-28 15:25:00.000000000,LAST_TRADE,"8,$99637.0000"
2019-06-28 15:25:00.000000000,QUERY_SPREAD,83
2019-06-28 15:25:00.000000000,BEST_BID,"JPM,99637,136"
2019-06-28 15:25:00.000000000,BEST_ASK,"JPM,99738,170"
2019-06-28 15:25:00.000000000,LAST_TRADE,"2,$99637.0000"
2019-06-28 15:25:00.000000000,QUERY_SPREAD,84
2019-06-28 15:25:00.000000000,BEST_BID,"JPM,99637,135"
2019-06-28 15:25:00.000000000,BEST_ASK,"JPM,99738,170"
2019-06-28 15:25:00.000000000,LAST_TRADE,"1,$99637.0000"
2019-06-28 15:25:00.000000000,QUERY_SPREAD,85
2019-06-28 15:25:00.000000000,BEST_BID,"JPM,99637,134"
2019-06-28 15:25:00.000000000,BEST_ASK,"JPM,99738,170"
2019-06-28 15:25:00.000000000,LAST_TRADE,"1,$99637.0000"
2019-06-28 15:25:00.000000000,QUERY_SPREAD,86
2019-06-28 15:25:00.000000000,BEST_BID,"JPM,99637,128"
2019-06-28 15:25:00.000000000,BEST_ASK,"JPM,99738,170"
2019-06-28 15:25:00.000000000,LAST_TRADE,"6,$99637.0000"
2019-06-28 15:25:00.000000000,QUERY_SPREAD,87
2019-06-28 15:25:00.000000000,BEST_BID,"JPM,99637,125"
2019-06-28 15:25:00.000000000,BEST_ASK,"JPM,99738,170"
2019-06-28 15:25:00.000000000,LAST_TRADE,"3,$99637.0000"
2019-06-28 15:25:00.000000000,QUERY_SPREAD,88
2019-06-28 15:25:00.000000000,BEST_BID,"JPM,99637,121"
2019-06-28 15:25:00.000000000,BEST_ASK,"JPM,99738,170"
2019-06-28 15:25:00.000000000,LAST_TRADE,"4,$99637.0000"
2019-06-28 15:25:00.000000000,QUERY_SPREAD,89
2019-06-28 15:25:00.000000000,BEST_BID,"JPM,99637,117"
2019-06-28 15:25:00.000000000,BEST_ASK,"JPM,99738,170"
2019-06-28 15:25:00.000000000,LAST_TRADE,"4,$99637.0000"
2019-06-28 15:25:00.000000000,QUERY_SPREAD,90
2019-06-28 15:25:00.000000000,BEST_BID,"JPM,99637,110"
2019-06-28 15:25:00.000000000,BEST_ASK,"JPM,99738,170"
2019-06-28 15:25:00.000000000,LAST_TRADE,"7,$99637.0000"
2019-06-28 15:25:00.000000000,QUERY_SPREAD,91
2019-06-28 15:25:00.000000000,BEST_BID,"JPM,99637,102"
2019-06-28 15:25:00.000000000,BEST_ASK,"JPM,99738,170"
2019-06-28 15:25:00.000000000,LAST_TRADE,"8,$99637.0000"
2019-06-28 15:25:00.000000000,QUERY_SPREAD,92
2019-06-28 15:25:00.000000000,BEST_BID,"JPM,99637,97"
2019-06-28 15:25:00.000000000,BEST_ASK,"JPM,99738,170"
2019-06-28 15:25:00.000000000,LAST_TRADE,"5,$99637.0000"
2019-06-28 15:25:00.000000000,QUERY_SPREAD,93
2019-06-28 15:25:00.000000000,BEST_BID,"JPM,99637,94"
2019-06-28 15:25:00.000000000,BEST_ASK,"JPM,99738,170"
2019-06-28 15:25:00.000000000,LAST_TRADE,"3,$99637.0000"
2019-06-28 15:25:00.000000000,QUERY_SPREAD,94
2019-06-28 15:25:00.000000000,BEST_BID,"JPM,99637,90"
2019-06-28 15:25:00.000000000,BEST_ASK,"JPM,99738,170"
2019-06-28 15:25:00.000000000,LAST_TRADE,"4,$99637.0000"
2019-06-28 15:25:00.000000000,QUERY_SPREAD,95
2019-06-28 15:25:00.000000000,BEST_BID,"JPM,99637,85"
2019-06-28 15:25:00.000000000,BEST_ASK,"JPM,99738,170"
2019-06-28 15:25:00.000000000,LAST_TRADE,"5,$99637.0000"
2019-06-28 15:25:00.000000000,QUERY_SPREAD,96
2019-06-28 15:25:00.000000000,BEST_BID,"JPM,99637,84"
2019-06-28 15:25:00.000000000,BEST_ASK,"JPM,99738,170"
2019-06-28 15:25:00.000000000,LAST_TRADE,"1,$99637.0000"
2019-06-28 15:25:00.000000000,QUERY_SPREAD,97
2019-06-28 15:25:00.000000000,BEST_BID,"JPM,99637,77"
2019-06-28 15:25:00.000000000,BEST_ASK,"JPM,99738,170"
2019-06-28 15:25:00.000000000,LAST_TRADE,"7,$99637.0000"
2019-06-28 15:25:00.000000000,QUERY_SPREAD,98
2019-06-28 15:25:00.000000000,BEST_BID,"JPM,99637,71"
2019-06-28 15:25:00.000000000,BEST_ASK,"JPM,99738,170"
2019-06-28 15:25:00.000000000,LAST_TRADE,"6,$99637.0000"
2019-06-28 15:25:00.000000000,QUERY_SPREAD,99
2019-06-28 15:25:00.000000000,BEST_BID,"JPM,99637,66"
2019-06-28 15:25:00.000000000,BEST_ASK,"JPM,99738,170"
2019-06-28 15:25:00.000000000,LAST_TRADE,"5,$99637.0000"
2019-06-28 15:25:00.000000000,QUERY_SPREAD,100
2019-06-28 15:25:00.000000000,BEST_BID,"JPM,99637,59"
2019-06-28 15:25:00.000000000,BEST_ASK,"JPM,99738,170"
2019-06-28 15:25:00.000000000,LAST_TRADE,"7,$99637.0000"
2019-06-28 15:25:00.000000000,QUERY_SPREAD,101
2019-06-28 15:25:00.000000000,QUERY_ORDER_STREAM,101
2019-06-28 15:25:10.000000000,QUERY_SPREAD,1
2019-06-28 15:25:10.000000000,BEST_BID,"JPM,99461,170"
2019-06-28 15:25:10.000000000,BEST_ASK,"JPM,99738,100"
2019-06-28 15:25:10.000000000,BEST_BID,"JPM,99461,170"
2019-06-28 15:25:10.000000000,BEST_ASK,"JPM,99738,100"
2019-06-28 15:25:10.000000000,BEST_BID,"JPM,99461,170"
2019-06-28 15:25:10.000000000,BEST_ASK,"JPM,99738,100"
2019-06-28 15:25:10.000000000,BEST_BID,"JPM,99461,170"
2019-06-28 15:25:10.000000000,BEST_ASK,"JPM,99738,100"
2019-06-28 15:25:10.000000000,BEST_BID,"JPM,99461,170"
2019-06-28 15:25:10.000000000,BEST_ASK,"JPM,99738,170"
2019-06-28 15:25:10.000000000,BEST_BID,"JPM,99461,170"
2019-06-28 15:25:10.000000000,BEST_ASK,"JPM,99738,170"
2019-06-28 15:25:10.000000000,BEST_BID,"JPM,99461,170"
2019-06-28 15:25:10.000000000,BEST_ASK,"JPM,99738,170"
2019-06-28 15:25:10.000000000,BEST_BID,"JPM,99461,170"
2019-06-28 15:25:10.000000000,BEST_ASK,"JPM,99738,170"
2019-06-28 15:25:20.000000000,QUERY_SPREAD,1
2019-06-28 15:25:20.000000000,BEST_BID,"JPM,99461,380"
2019-06-28 15:25:20.000000000,BEST_ASK,"JPM,99738,100"
2019-06-28 15:25:20.000000000,BEST_BID,"JPM,99461,380"
2019-06-28 15:25:20.000000000,BEST_ASK,"JPM,99738,380"
2019-06-28 15:25:20.943914393,QUERY_ORDER_STREAM,70
2019-06-28 15:25:20.943914393,QUERY_SPREAD,70
2019-06-28 15:25:20.943914393,BEST_BID,"JPM,99461,380"
2019-06-28 15:25:20.943914393,BEST_ASK,"JPM,99637,100"
2019-06-28 15:25:25.928164404,QUERY_ORDER_STREAM,76
2019-06-28 15:25:25.928164404,QUERY_SPREAD,76
2019-06-28 15:25:30.000000000,QUERY_SPREAD,1
2019-06-28 15:25:30.000000000,BEST_BID,"JPM,99461,380"
2019-06-28 15:25:30.000000000,BEST_ASK,"JPM,99637,100"
2019-06-28 15:25:30.000000000,BEST_BID,"JPM,99461,380"
2019-06-28 15:25:30.000000000,BEST_ASK,"JPM,99637,380"
2019-06-28 15:25:31.017861200,QUERY_ORDER_STREAM,74
2019-06-28 15:25:31.017861200,QUERY_SPREAD,74
2019-06-28 15:25:36.926656115,QUERY_SPREAD,47
2019-06-28 15:25:36.926656115,BEST_BID,"JPM,99461,380"
2019-06-28 15:25:36.926656115,BEST_ASK,"JPM,99637,380"
2019-06-28 15:25:40.000000000,QUERY_SPREAD,1
2019-06-28 15:25:40.000000000,BEST_BID,"JPM,99461,380"
2019-06-28 15:25:40.000000000,BEST_ASK,"JPM,99637,100"
2019-06-28 15:25:40.000000000,BEST_BID,"JPM,99461,380"
2019-06-28 15:25:40.000000000,BEST_ASK,"JPM,99637,380"
2019-06-28 15:25:50.000000000,QUERY_SPREAD,1
2019-06-28 15:25:50.000000000,BEST_BID,"JPM,99461,195"
2019-06-28 15:25:50.000000000,BEST_ASK,"JPM,99637,100"
2019-06-28 15:25:50.000000000,BEST_BID,"JPM,99461,195"
2019-06-28 15:25:50.000000000,BEST_ASK,"JPM,99637,100"
2019-06-28 15:25:50.000000000,BEST_BID,"JPM,99461,195"
2019-06-28 15:25:50.000000000,BEST_ASK,"JPM,99637,100"
2019-06-28 15:25:50.000000000,BEST_BID,"JPM,99461,195"
2019-06-28 15:25:50.000000000,BEST_ASK,"JPM,99637,195"
2019-06-28 15:25:50.000000000,BEST_BID,"JPM,99461,195"
2019-06-28 15:25:50.000000000,BEST_ASK,"JPM,99637,195"
2019-06-28 15:25:50.000000000,BEST_BID,"JPM,99461,195"
2019-06-28 15:25:50.000000000,BEST_ASK,"JPM,99637,195"
2019-06-28 15:25:50.441657882,QUERY_SPREAD,34
2019-06-28 15:25:50.441657882,BEST_BID,"JPM,99461,95"
2019-06-28 15:25:50.441657882,BEST_ASK,"JPM,99637,195"
2019-06-28 15:25:50.441657882,LAST_TRADE,"100,$99461.0000"
2019-06-28 15:25:51.790163193,QUERY_SPREAD,20
2019-06-28 15:25:51.790163193,BEST_BID,"JPM,99461,95"
2019-06-28 15:25:51.790163193,BEST_ASK,"JPM,99637,195"
2019-06-28 15:25:59.669398591,QUERY_SPREAD,16
2019-06-28 15:25:59.669398591,BEST_BID,"JPM,99461,95"
2019-06-28 15:25:59.669398591,BEST_ASK,"JPM,99637,195"
2019-06-28 15:26:00.000000000,QUERY_SPREAD,1
2019-06-28 15:26:00.000000000,BEST_BID,"JPM,99425,195"
2019-06-28 15:26:00.000000000,BEST_ASK,"JPM,99637,100"
2019-06-28 15:26:00.000000000,BEST_BID,"JPM,99425,195"
2019-06-28 15:26:00.000000000,BEST_ASK,"JPM,99637,100"
2019-06-28 15:26:00.000000000,BEST_BID,"JPM,99425,195"
2019-06-28 15:26:00.000000000,BEST_ASK,"JPM,99637,100"
2019-06-28 15:26:00.000000000,BEST_BID,"JPM,99425,195"
2019-06-28 15:26:00.000000000,BEST_ASK,"JPM,99637,195"
2019-06-28 15:26:00.000000000,BEST_BID,"JPM,99425,195"
2019-06-28 15:26:00.000000000,BEST_ASK,"JPM,99637,195"
2019-06-28 15:26:00.000000000,BEST_BID,"JPM,99425,195"
2019-06-28 15:26:00.000000000,BEST_ASK,"JPM,99637,195"
2019-06-28 15:26:00.000000000,QUERY_SPREAD,77
2019-06-28 15:26:00.000000000,BEST_BID,"JPM,99425,194"
2019-06-28 15:26:00.000000000,BEST_ASK,"JPM,99637,195"
2019-06-28 15:26:00.000000000,LAST_TRADE,"1,$99425.0000"
2019-06-28 15:26:00.000000000,QUERY_SPREAD,78
2019-06-28 15:26:00.000000000,BEST_BID,"JPM,99425,190"
2019-06-28 15:26:00.000000000,BEST_ASK,"JPM,99637,195"
2019-06-28 15:26:00.000000000,LAST_TRADE,"4,$99425.0000"
2019-06-28 15:26:00.000000000,QUERY_SPREAD,79
2019-06-28 15:26:00.000000000,BEST_BID,"JPM,99425,184"
2019-06-28 15:26:00.000000000,BEST_ASK,"JPM,99637,195"
2019-06-28 15:26:00.000000000,LAST_TRADE,"6,$99425.0000"
2019-06-28 15:26:00.000000000,QUERY_SPREAD,80
2019-06-28 15:26:00.000000000,BEST_BID,"JPM,99425,179"
2019-06-28 15:26:00.000000000,BEST_ASK,"JPM,99637,195"
2019-06-28 15:26:00.000000000,LAST_TRADE,"5,$99425.0000"
2019-06-28 15:26:00.000000000,QUERY_SPREAD,81
2019-06-28 15:26:00.000000000,BEST_BID,"JPM,99425,171"
2019-06-28 15:26:00.000000000,BEST_ASK,"JPM,99637,195"
2019-06-28 15:26:00.000000000,LAST_TRADE,"8,$99425.0000"
2019-06-28 15:26:00.000000000,QUERY_SPREAD,82
2019-06-28 15:26:00.000000000,BEST_BID,"JPM,99425,163"
2019-06-28 15:26:00.000000000,BEST_ASK,"JPM,99637,195"
2019-06-28 15:26:00.000000000,LAST_TRADE,"8,$99425.0000"
2019-06-28 15:26:00.000000000,QUERY_SPREAD,83
2019-06-28 15:26:00.000000000,BEST_BID,"JPM,99425,161"
2019-06-28 15:26:00.000000000,BEST_ASK,"JPM,99637,195"
2019-06-28 15:26:00.000000000,LAST_TRADE,"2,$99425.0000"
2019-06-28 15:26:00.000000000,QUERY_SPREAD,84
2019-06-28 15:26:00.000000000,BEST_BID,"JPM,99425,160"
2019-06-28 15:26:00.000000000,BEST_ASK,"JPM,99637,195"
2019-06-28 15:26:00.000000000,LAST_TRADE,"1,$99425.0000"
2019-06-28 15:26:00.000000000,QUERY_SPREAD,85
2019-06-28 15:26:00.000000000,BEST_BID,"JPM,99425,159"
2019-06-28 15:26:00.000000000,BEST_ASK,"JPM,99637,195"
2019-06-28 15:26:00.000000000,LAST_TRADE,"1,$99425.0000"
2019-06-28 15:26:00.000000000,QUERY_SPREAD,86
2019-06-28 15:26:00.000000000,BEST_BID,"JPM,99425,153"
2019-06-28 15:26:00.000000000,BEST_ASK,"JPM,99637,195"
2019-06-28 15:26:00.000000000,LAST_TRADE,"6,$99425.0000"
2019-06-28 15:26:00.000000000,QUERY_SPREAD,87
2019-06-28 15:26:00.000000000,BEST_BID,"JPM,99425,150"
2019-06-28 15:26:00.000000000,BEST_ASK,"JPM,99637,195"
2019-06-28 15:26:00.000000000,LAST_TRADE,"3,$99425.0000"
2019-06-28 15:26:00.000000000,QUERY_SPREAD,88
2019-06-28 15:26:00.000000000,BEST_BID,"JPM,99425,146"
2019-06-28 15:26:00.000000000,BEST_ASK,"JPM,99637,195"
2019-06-28 15:26:00.000000000,LAST_TRADE,"4,$99425.0000"
2019-06-28 15:26:00.000000000,QUERY_SPREAD,89
2019-06-28 15:26:00.000000000,BEST_BID,"JPM,99425,142"
2019-06-28 15:26:00.000000000,BEST_ASK,"JPM,99637,195"
2019-06-28 15:26:00.000000000,LAST_TRADE,"4,$99425.0000"
2019-06-28 15:26:00.000000000,QUERY_SPREAD,90
2019-06-28 15:26:00.000000000,BEST_BID,"JPM,99425,135"
2019-06-28 15:26:00.000000000,BEST_ASK,"JPM,99637,195"
2019-06-28 15:26:00.000000000,LAST_TRADE,"7,$99425.0000"
2019-06-28 15:26:00.000000000,QUERY_SPREAD,91
2019-06-28 15:26:00.000000000,BEST_BID,"JPM,99425,127"
2019-06-28 15:26:00.000000000,BEST_ASK,"JPM,99637,195"
2019-06-28 15:26:00.000000000,LAST_TRADE,"8,$99425.0000"
2019-06-28 15:26:00.000000000,QUERY_SPREAD,92
2019-06-28 15:26:00.000000000,BEST_BID,"JPM,99425,122"
2019-06-28 15:26:00.000000000,BEST_ASK,"JPM,99637,195"
2019-06-28 15:26:00.000000000,LAST_TRADE,"5,$99425.0000"
2019-06-28 15:26:00.000000000,QUERY_SPREAD,93
2019-06-28 15:26:00.000000000,BEST_BID,"JPM,99425,119"
2019-06-28 15:26:00.000000000,BEST_ASK,"JPM,99637,195"
2019-06-28 15:26:00.000000000,LAST_TRADE,"3,$99425.0000"
2019-06-28 15:26:00.000000000,QUERY_SPREAD,94
2019-06-28 15:26:00.000000000,BEST_BID,"JPM,99425,115"
2019-06-28 15:26:00.000000000,BEST_ASK,"JPM,99637,195"
2019-06-28 15:26:00.000000000,LAST_TRADE,"4,$99425.0000"
2019-06-28 15:26:00.000000000,QUERY_SPREAD,95
2019-06-28 15:26:00.000000000,BEST_BID,"JPM,99425,110"
2019-06-28 15:26:00.000000000,BEST_ASK,"JPM,99637,195"
2019-06-28 15:26:00.000000000,LAST_TRADE,"5,$99425.0000"
2019-06-28 15:26:00.000000000,QUERY_SPREAD,96
2019-06-28 15:26:00.000000000,BEST_BID,"JPM,99425,109"
2019-06-28 15:26:00.000000000,BEST_ASK,"JPM,99637,195"
2019-06-28 15:26:00.000000000,LAST_TRADE,"1,$99425.0000"
2019-06-28 15:26:00.000000000,QUERY_SPREAD,97
2019-06-28 15:26:00.000000000,BEST_BID,"JPM,99425,102"
2019-06-28 15:26:00.000000000,BEST_ASK,"JPM,99637,195"
2019-06-28 15:26:00.000000000,LAST_TRADE,"7,$99425.0000"
2019-06-28 15:26:00.000000000,QUERY_SPREAD,98
2019-06-28 15:26:00.000000000,BEST_BID,"JPM,99425,96"
2019-06-28 15:26:00.000000000,BEST_ASK,"JPM,99637,195"
2019-06-28 15:26:00.000000000,LAST_TRADE,"6,$99425.0000"
2019-06-28 15:26:00.000000000,QUERY_SPREAD,99
2019-06-28 15:26:00.000000000,BEST_BID,"JPM,99425,91"
2019-06-28 15:26:00.000000000,BEST_ASK,"JPM,99637,195"
2019-06-28 15:26:00.000000000,LAST_TRADE,"5,$99425.0000"
2019-06-28 15:26:00.000000000,QUERY_SPREAD,100
2019-06-28 15:26:00.000000000,BEST_BID,"JPM,99425,84"
2019-06-28 15:26:00.000000000,BEST_ASK,"JPM,99637,195"
2019-06-28 15:26:00.000000000,LAST_TRADE,"7,$99425.0000"
2019-06-28 15:26:00.000000000,QUERY_SPREAD,101
2019-06-28 15:26:00.000000000,QUERY_ORDER_STREAM,101
2019-06-28 15:26:10.000000000,QUERY_SPREAD,1
2019-06-28 15:26:10.000000000,BEST_BID,"JPM,99392,170"
2019-06-28 15:26:10.000000000,BEST_ASK,"JPM,99637,100"
2019-06-28 15:26:10.000000000,BEST_BID,"JPM,99392,170"
2019-06-28 15:26:10.000000000,BEST_ASK,"JPM,99637,100"
2019-06-28 15:26:10.000000000,BEST_BID,"JPM,99392,170"
2019-06-28 15:26:10.000000000,BEST_ASK,"JPM,99637,100"
2019-06-28 15:26:10.000000000,BEST_BID,"JPM,99392,170"
2019-06-28 15:26:10.000000000,BEST_ASK,"JPM,99637,100"
2019-06-28 15:26:10.000000000,BEST_BID,"JPM,99392,170"
2019-06-28 15:26:10.000000000,BEST_ASK,"JPM,99637,170"
2019-06-28 15:26:10.000000000,BEST_BID,"JPM,99392,170"
2019-06-28 15:26:10.000000000,BEST_ASK,"JPM,99637,170"
2019-06-28 15:26:10.000000000,BEST_BID,"JPM,99392,170"
2019-06-28 15:26:10.000000000,BEST_ASK,"JPM,99637,170"
2019-06-28 15:26:10.000000000,BEST_BID,"JPM,99392,170"
2019-06-28 15:26:10.000000000,BEST_ASK,"JPM,99637,170"
2019-06-28 15:26:13.619352015,QUERY_ORDER_STREAM,76
2019-06-28 15:26:13.619352015,QUERY_SPREAD,76
2019-06-28 15:26:20.000000000,QUERY_SPREAD,1
2019-06-28 15:26:20.000000000,BEST_BID,"JPM,99392,380"
2019-06-28 15:26:20.000000000,BEST_ASK,"JPM,99637,100"
2019-06-28 15:26:20.000000000,BEST_BID,"JPM,99392,380"
2019-06-28 15:26:20.000000000,BEST_ASK,"JPM,99637,380"
2019-06-28 15:26:25.533488796,QUERY_SPREAD,3
2019-06-28 15:26:25.533488796,BEST_BID,"JPM,99392,380"
2019-06-28 15:26:25.533488796,BEST_ASK,"JPM,99637,380"
2019-06-28 15:26:30.000000000,QUERY_SPREAD,1
2019-06-28 15:26:30.000000000,BEST_BID,"JPM,99392,195"
2019-06-28 15:26:30.000000000,BEST_ASK,"JPM,99637,100"
2019-06-28 15:26:30.000000000,BEST_BID,"JPM,99392,195"
2019-06-28 15:26:30.000000000,BEST_ASK,"JPM,99637,100"
2019-06-28 15:26:30.000000000,BEST_BID,"JPM,99392,195"
2019-06-28 15:26:30.000000000,BEST_ASK,"JPM,99637,100"
2019-06-28 15:26:30.000000000,BEST_BID,"JPM,99392,195"
2019-06-28 15:26:30.000000000,BEST_ASK,"JPM,99637,195"
2019-06-28 15:26:30.000000000,BEST_BID,"JPM,99392,195"
2019-06-28 15:26:30.000000000,BEST_ASK,"JPM,99637,195"
2019-06-28 15:26:30.000000000,BEST_BID,"JPM,99392,195"
2019-06-28 15:26:30.000000000,BEST_ASK,"JPM,99637,195"
2019-06-28 15:26:40.000000000,QUERY_SPREAD,1
2019-06-28 15:26:40.000000000,BEST_BID,"JPM,99392,170"
2019-06-28 15:26:40.000000000,BEST_ASK,"JPM,99637,100"
2019-06-28 15:26:40.000000000,BEST_BID,"JPM,99392,170"
2019-06-28 15:26:40.000000000,BEST_ASK,"JPM,99637,100"
2019-06-28 15:26:40.000000000,BEST_BID,"JPM,99392,170"
2019-06-28 15:26:40.000000000,BEST_ASK,"JPM,99637,100"
2019-06-28 15:26:40.000000000,BEST_BID,"JPM,99392,170"
2019-06-28 15:26:40.000000000,BEST_ASK,"JPM,99637,100"
2019-06-28 15:26:40.000000000,BEST_BID,"JPM,99392,170"
2019-06-28 15:26:40.000000000,BEST_ASK,"JPM,99637,170"
2019-06-28 15:26:40.000000000,BEST_BID,"JPM,99392,170"
2019-06-28 15:26:40.000000000,BEST_ASK,"JPM,99637,170"
2019-06-28 15:26:40.000000000,BEST_BID,"JPM,99392,170"
2019-06-28 15:26:40.000000000,BEST_ASK,"JPM,99637,170"
2019-06-28 15:26:40.000000000,BEST_BID,"JPM,99392,170"
2019-06-28 15:26:40.000000000,BEST_ASK,"JPM,99637,170"
2019-06-28 15:26:49.504514436,QUERY_SPREAD,33
2019-06-28 15:26:49.504514436,BEST_BID,"JPM,99594,100"
2019-06-28 15:26:49.504514436,BEST_ASK,"JPM,99637,170"
2019-06-28 15:26:50.000000000,QUERY_SPREAD,1
2019-06-28 15:26:50.000000000,BEST_BID,"JPM,99594,380"
2019-06-28 15:26:50.000000000,BEST_ASK,"JPM,99637,100"
2019-06-28 15:26:50.000000000,BEST_BID,"JPM,99594,380"
2019-06-28 15:26:50.000000000,BEST_ASK,"JPM,99637,380"
2019-06-28 15:27:00.000000000,QUERY_SPREAD,1
2019-06-28 15:27:00.000000000,BEST_BID,"JPM,99594,195"
2019-06-28 15:27:00.000000000,BEST_ASK,"JPM,99637,100"
2019-06-28 15:27:00.000000000,BEST_BID,"JPM,99594,195"
2019-06-28 15:27:00.000000000,BEST_ASK,"JPM,99637,100"
2019-06-28 15:27:00.000000000,BEST_BID,"JPM,99594,195"
2019-06-28 15:27:00.000000000,BEST_ASK,"JPM,99637,100"
2019-06-28 15:27:00.000000000,BEST_BID,"JPM,99594,195"
2019-06-28 15:27:00.000000000,BEST_ASK,"JPM,99637,195"
2019-06-28 15:27:00.000000000,BEST_BID,"JPM,99594,195"
2019-06-28 15:27:00.000000000,BEST_ASK,"JPM,99637,195"
2019-06-28 15:27:00.000000000,BEST_BID,"JPM,99594,195"
2019-06-28 15:27:00.000000000,BEST_ASK,"JPM,99637,195"
2019-06-28 15:27:00.000000000,QUERY_SPREAD,77
2019-06-28 15:27:00.000000000,BEST_BID,"JPM,99594,194"
2019-06-28 15:27:00.000000000,BEST_ASK,"JPM,99637,195"
2019-06-28 15:27:00.000000000,LAST_TRADE,"1,$99594.0000"
2019-06-28 15:27:00.000000000,QUERY_SPREAD,78
2019-06-28 15:27:00.000000000,BEST_BID,"JPM,99594,190"
2019-06-28 15:27:00.000000000,BEST_ASK,"JPM,99637,195"
2019-06-28 15:27:00.000000000,LAST_TRADE,"4,$99594.0000"
2019-06-28 15:27:00.000000000,QUERY_SPREAD,79
2019-06-28 15:27:00.000000000,BEST_BID,"JPM,99594,184"
2019-06-28 15:27:00.000000000,BEST_ASK,"JPM,99637,195"
2019-06-28 15:27:00.000000000,LAST_TRADE,"6,$99594.0000"
2019-06-28 15:27:00.000000000,QUERY_SPREAD,80
2019-06-28 15:27:00.000000000,BEST_BID,"JPM,99594,179"
2019-06-28 15:27:00.000000000,BEST_ASK,"JPM,99637,195"
2019-06-28 15:27:00.000000000,LAST_TRADE,"5,$99594.0000"
2019-06-28 15:27:00.000000000,QUERY_SPREAD,81
2019-06-28 15:27:00.000000000,BEST_BID,"JPM,99594,171"
2019-06-28 15:27:00.000000000,BEST_ASK,"JPM,99637,195"
2019-06-28 15:27:00.000000000,LAST_TRADE,"8,$99594.0000"
2019-06-28 15:27:00.000000000,QUERY_SPREAD,82
2019-06-28 15:27:00.000000000,BEST_BID,"JPM,99594,163"
2019-06-28 15:27:00.000000000,BEST_ASK,"JPM,99637,195"
2019-06-28 15:27:00.000000000,LAST_TRADE,"8,$99594.0000"
2019-06-28 15:27:00.000000000,QUERY_SPREAD,83
2019-06-28 15:27:00.000000000,BEST_BID,"JPM,99594,161"
2019-06-28 15:27:00.000000000,BEST_ASK,"JPM,99637,195"
2019-06-28 15:27:00.000000000,LAST_TRADE,"2,$99594.0000"
2019-06-28 15:27:00.000000000,QUERY_SPREAD,84
2019-06-28 15:27:00.000000000,BEST_BID,"JPM,99594,160"
2019-06-28 15:27:00.000000000,BEST_ASK,"JPM,99637,195"
2019-06-28 15:27:00.000000000,LAST_TRADE,"1,$99594.0000"
2019-06-28 15:27:00.000000000,QUERY_SPREAD,85
2019-06-28 15:27:00.000000000,BEST_BID,"JPM,99594,159"
2019-06-28 15:27:00.000000000,BEST_ASK,"JPM,99637,195"
2019-06-28 15:27:00.000000000,LAST_TRADE,"1,$99594.0000"
2019-06-28 15:27:00.000000000,QUERY_SPREAD,86
2019-06-28 15:27:00.000000000,BEST_BID,"JPM,99594,153"
2019-06-28 15:27:00.000000000,BEST_ASK,"JPM,99637,195"
2019-06-28 15:27:00.000000000,LAST_TRADE,"6,$99594.0000"
2019-06-28 15:27:00.000000000,QUERY_SPREAD,87
2019-06-28 15:27:00.000000000,BEST_BID,"JPM,99594,150"
2019-06-28 15:27:00.000000000,BEST_ASK,"JPM,99637,195"
2019-06-28 15:27:00.000000000,LAST_TRADE,"3,$99594.0000"
2019-06-28 15:27:00.000000000,QUERY_SPREAD,88
2019-06-28 15:27:00.000000000,BEST_BID,"JPM,99594,146"
2019-06-28 15:27:00.000000000,BEST_ASK,"JPM,99637,195"
2019-06-28 15:27:00.000000000,LAST_TRADE,"4,$99594.0000"
2019-06-28 15:27:00.000000000,QUERY_SPREAD,89
2019-06-28 15:27:00.000000000,BEST_BID,"JPM,99594,142"
2019-06-28 15:27:00.000000000,BEST_ASK,"JPM,99637,195"
2019-06-28 15:27:00.000000000,LAST_TRADE,"4,$99594.0000"
2019-06-28 15:27:00.000000000,QUERY_SPREAD,90
2019-06-28 15:27:00.000000000,BEST_BID,"JPM,99594,135"
2019-06-28 15:27:00.000000000,BEST_ASK,"JPM,99637,195"
2019-06-28 15:27:00.000000000,LAST_TRADE,"7,$99594.0000"
2019-06-28 15:27:00.000000000,QUERY_SPREAD,91
2019-06-28 15:27:00.000000000,BEST_BID,"JPM,99594,127"
2019-06-28 15:27:00.000000000,BEST_ASK,"JPM,99637,195"
2019-06-28 15:27:00.000000000,LAST_TRADE,"8,$99594.0000"
2019-06-28 15:27:00.000000000,QUERY_SPREAD,92
2019-06-28 15:27:00.000000000,BEST_BID,"JPM,99594,122"
2019-06-28 15:27:00.000000000,BEST_ASK,"JPM,99637,195"
2019-06-28 15:27:00.000000000,LAST_TRADE,"5,$99594.0000"
2019-06-28 15:27:00.000000000,QUERY_SPREAD,93
2019-06-28 15:27:00.000000000,BEST_BID,"JPM,99594,119"
2019-06-28 15:27:00.000000000,BEST_ASK,"JPM,99637,195"
2019-06-28 15:27:00.000000000,LAST_TRADE,"3,$99594.0000"
2019-06-28 15:27:00.000000000,QUERY_SPREAD,94
2019-06-28 15:27:00.000000000,BEST_BID,"JPM,99594,115"
2019-06-28 15:27:00.000000000,BEST_ASK,"JPM,99637,195"
2019-06-28 15:27:00.000000000,LAST_TRADE,"4,$99594.0000"
2019-06-28 15:27:00.000000000,QUERY_SPREAD,95
2019-06-28 15:27:00.000000000,BEST_BID,"JPM,99594,110"
2019-06-28 15:27:00.000000000,BEST_ASK,"JPM,99637,195"
2019-06-28 15:27:00.000000000,LAST_TRADE,"5,$99594.0000"
2019-06-28 15:27:00.000000000,QUERY_SPREAD,96
2019-06-28 15:27:00.000000000,BEST_BID,"JPM,99594,109"
2019-06-28 15:27:00.000000000,BEST_ASK,"JPM,99637,195"
2019-06-28 15:27:00.000000000,LAST_TRADE,"1,$99594.0000"
2019-06-28 15:27:00.000000000,QUERY_SPREAD,97
2019-06-28 15:27:00.000000000,BEST_BID,"JPM,99594,102"
2019-06-28 15:27:00.000000000,BEST_ASK,"JPM,99637,195"
2019-06-28 15:27:00.000000000,LAST_TRADE,"7,$99594.0000"
2019-06-28 15:27:00.000000000,QUERY_SPREAD,98
2019-06-28 15:27:00.000000000,BEST_BID,"JPM,99594,96"
2019-06-28 15:27:00.000000000,BEST_ASK,"JPM,99637,195"
2019-06-28 15:27:00.000000000,LAST_TRADE,"6,$99594.0000"
2019-06-28 15:27:00.000000000,QUERY_SPREAD,99
2019-06-28 15:27:00.000000000,BEST_BID,"JPM,99594,91"
2019-06-28 15:27:00.000000000,BEST_ASK,"JPM,99637,195"
2019-06-28 15:27:00.000000000,LAST_TRADE,"5,$99594.0000"
2019-06-28 15:27:00.000000000,QUERY_SPREAD,100
2019-06-28 15:27:00.000000000,BEST_BID,"JPM,99594,84"
2019-06-28 15:27:00.000000000,BEST_ASK,"JPM,99637,195"
2019-06-28 15:27:00.000000000,LAST_TRADE,"7,$99594.0000"
2019-06-28 15:27:00.000000000,QUERY_SPREAD,101
2019-06-28 15:27:00.000000000,QUERY_ORDER_STREAM,101
2019-06-28 15:27:10.000000000,QUERY_SPREAD,1
2019-06-28 15:27:10.000000000,BEST_BID,"JPM,99392,170"
2019-06-28 15:27:10.000000000,BEST_ASK,"JPM,99637,100"
2019-06-28 15:27:10.000000000,BEST_BID,"JPM,99392,170"
2019-06-28 15:27:10.000000000,BEST_ASK,"JPM,99637,100"
2019-06-28 15:27:10.000000000,BEST_BID,"JPM,99392,170"
2019-06-28 15:27:10.000000000,BEST_ASK,"JPM,99637,100"
2019-06-28 15:27:10.000000000,BEST_BID,"JPM,99392,170"
2019-06-28 15:27:10.000000000,BEST_ASK,"JPM,99637,100"
2019-06-28 15:27:10.000000000,BEST_BID,"JPM,99392,170"
2019-06-28 15:27:10.000000000,BEST_ASK,"JPM,99637,170"
2019-06-28 15:27:10.000000000,BEST_BID,"JPM,99392,170"
2019-06-28 15:27:10.000000000,BEST_ASK,"JPM,99637,170"
2019-06-28 15:27:10.000000000,BEST_BID,"JPM,99392,170"
2019-06-28 15:27:10.000000000,BEST_ASK,"JPM,99637,170"
2019-06-28 15:27:10.000000000,BEST_BID,"JPM,99392,170"
2019-06-28 15:27:10.000000000,BEST_ASK,"JPM,99637,170"
2019-06-28 15:27:10.905100432,QUERY_SPREAD,38
2019-06-28 15:27:10.905100432,BEST_BID,"JPM,99392,170"
2019-06-28 15:27:10.905100432,BEST_ASK,"JPM,99546,100"
2019-06-28 15:27:20.000000000,QUERY_SPREAD,1
2019-06-28 15:27:20.000000000,BEST_BID,"JPM,99392,170"
2019-06-28 15:27:20.000000000,BEST_ASK,"JPM,99546,100"
2019-06-28 15:27:20.000000000,BEST_BID,"JPM,99392,170"
2019-06-28 15:27:20.000000000,BEST_ASK,"JPM,99546,100"
2019-06-28 15:27:20.000000000,BEST_BID,"JPM,99392,170"
2019-06-28 15:27:20.000000000,BEST_ASK,"JPM,99546,100"
2019-06-28 15:27:20.000000000,BEST_BID,"JPM,99392,170"
2019-06-28 15:27:20.000000000,BEST_ASK,"JPM,99546,100"
2019-06-28 15:27:20.000000000,BEST_BID,"JPM,99392,170"
2019-06-28 15:27:20.000000000,BEST_ASK,"JPM,99546,170"
2019-06-28 15:27:20.000000000,BEST_BID,"JPM,99392,170"
2019-06-28 15:27:20.000000000,BEST_ASK,"JPM,99546,170"
2019-06-28 15:27:20.000000000,BEST_BID,"JPM,99392,170"
2019-06-28 15:27:20.000000000,BEST_ASK,"JPM,99546,170"
2019-06-28 15:27:20.000000000,BEST_BID,"JPM,99392,170"
2019-06-28 15:27:20.000000000,BEST_ASK,"JPM,99546,170"
2019-06-28 15:27:21.816925884,QUERY_SPREAD,14
2019-06-28 15:27:21.816925884,BEST_BID,"JPM,99392,170"
2019-06-28 15:27:21.816925884,BEST_ASK,"JPM,99546,70"
2019-06-28 15:27:21.816925884,LAST_TRADE,"100,$99546.0000"
2019-06-28 15:27:26.983615930,QUERY_SPREAD,30
2019-06-28 15:27:26.983615930,BEST_BID,"JPM,99446,100"
2019-06-28 15:27:26.983615930,BEST_ASK,"JPM,99546,70"
2019-06-28 15:27:30.000000000,QUERY_SPREAD,1
2019-06-28 15:27:30.000000000,BEST_BID,"JPM,99446,240"
2019-06-28 15:27:30.000000000,BEST_ASK,"JPM,99637,100"
2019-06-28 15:27:30.000000000,BEST_BID,"JPM,99446,240"
2019-06-28 15:27:30.000000000,BEST_ASK,"JPM,99637,100"
2019-06-28 15:27:30.000000000,BEST_BID,"JPM,99446,240"
2019-06-28 15:27:30.000000000,BEST_ASK,"JPM,99637,240"
2019-06-28 15:27:30.000000000,BEST_BID,"JPM,99446,240"
2019-06-28 15:27:30.000000000,BEST_ASK,"JPM,99637,240"
2019-06-28 15:27:37.366250602,QUERY_SPREAD,10
2019-06-28 15:27:37.366250602,BEST_BID,"JPM,99446,240"
2019-06-28 15:27:37.366250602,BEST_ASK,"JPM,99616,100"
2019-06-28 15:27:40.000000000,QUERY_SPREAD,1
2019-06-28 15:27:40.000000000,BEST_BID,"JPM,99446,156"
2019-06-28 15:27:40.000000000,BEST_ASK,"JPM,99616,100"
2019-06-28 15:27:40.000000000,BEST_BID,"JPM,99446,156"
2019-06-28 15:27:40.000000000,BEST_ASK,"JPM,99616,100"
2019-06-28 15:27:40.000000000,BEST_BID,"JPM,99446,156"
2019-06-28 15:27:40.000000000,BEST_ASK,"JPM,99616,100"
2019-06-28 15:27:40.000000000,BEST_BID,"JPM,99446,156"
2019-06-28 15:27:40.000000000,BEST_ASK,"JPM,99616,100"
2019-06-28 15:27:40.000000000,BEST_BID,"JPM,99446,156"
2019-06-28 15:27:40.000000000,BEST_ASK,"JPM,99616,100"
2019-06-28 15:27:40.000000000,BEST_BID,"JPM,99446,156"
2019-06-28 15:27:40.000000000,BEST_ASK,"JPM,99616,156"
2019-06-28 15:27:40.000000000,BEST_BID,"JPM,99446,156"
2019-06-28 15:27:40.000000000,BEST_ASK,"JPM,99616,156"
2019-06-28 15:27:40.000000000,BEST_BID,"JPM,99446,156"
2019-06-28 15:27:40.000000000,BEST_ASK,"JPM,99616,156"
2019-06-28 15:27:40.000000000,BEST_BID,"JPM,99446,156"
2019-06-28 15:27:40.000000000,BEST_ASK,"JPM,99616,156"
2019-06-28 15:27:40.000000000,BEST_BID,"JPM,99446,156"
2019-06-28 15:27:40.000000000,BEST_ASK,"JPM,99616,156"
2019-06-28 15:27:50.000000000,QUERY_SPREAD,1
2019-06-28 15:27:50.000000000,BEST_BID,"JPM,99446,195"
2019-06-28 15:27:50.000000000,BEST_ASK,"JPM,99616,100"
2019-06-28 15:27:50.000000000,BEST_BID,"JPM,99446,195"
2019-06-28 15:27:50.000000000,BEST_ASK,"JPM,99616,100"
2019-06-28 15:27:50.000000000,BEST_BID,"JPM,99446,195"
2019-06-28 15:27:50.000000000,BEST_ASK,"JPM,99616,100"
2019-06-28 15:27:50.000000000,BEST_BID,"JPM,99446,195"
2019-06-28 15:27:50.000000000,BEST_ASK,"JPM,99616,195"
2019-06-28 15:27:50.000000000,BEST_BID,"JPM,99446,195"
2019-06-28 15:27:50.000000000,BEST_ASK,"JPM,99616,195"
2019-06-28 15:27:50.000000000,BEST_BID,"JPM,99446,195"
2019-06-28 15:27:50.000000000,BEST_ASK,"JPM,99616,195"
2019-06-28 15:28:00.000000000,QUERY_SPREAD,1
2019-06-28 15:28:00.000000000,BEST_BID,"JPM,99446,240"
2019-06-28 15:28:00.000000000,BEST_ASK,"JPM,99616,100"
2019-06-28 15:28:00.000000000,BEST_BID,"JPM,99446,240"
2019-06-28 15:28:00.000000000,BEST_ASK,"JPM,99616,100"
2019-06-28 15:28:00.000000000,BEST_BID,"JPM,99446,240"
2019-06-28 15:28:00.000000000,BEST_ASK,"JPM,99616,240"
2019-06-28 15:28:00.000000000,BEST_BID,"JPM,99446,240"
2019-06-28 15:28:00.000000000,BEST_ASK,"JPM,99616,240"
2019-06-28 15:28:00.000000000,QUERY_SPREAD,77
2019-06-28 15:28:00.000000000,BEST_BID,"JPM,99446,239"
2019-06-28 15:28:00.000000000,BEST_ASK,"JPM,99616,240"
2019-06-28 15:28:00.000000000,LAST_TRADE,"1,$99446.0000"
2019-06-28 15:28:00.000000000,QUERY_SPREAD,78
2019-06-28 15:28:00.000000000,BEST_BID,"JPM,99446,235"
2019-06-28 15:28:00.000000000,BEST_ASK,"JPM,99616,240"
2019-06-28 15:28:00.000000000,LAST_TRADE,"4,$99446.0000"
2019-06-28 15:28:00.000000000,QUERY_SPREAD,79
2019-06-28 15:28:00.000000000,BEST_BID,"JPM,99446,229"
2019-06-28 15:28:00.000000000,BEST_ASK,"JPM,99616,240"
2019-06-28 15:28:00.000000000,LAST_TRADE,"6,$99446.0000"
2019-06-28 15:28:00.000000000,QUERY_SPREAD,80
2019-06-28 15:28:00.000000000,BEST_BID,"JPM,99446,224"
2019-06-28 15:28:00.000000000,BEST_ASK,"JPM,99616,240"
2019-06-28 15:28:00.000000000,LAST_TRADE,"5,$99446.0000"
2019-06-28 15:28:00.000000000,QUERY_SPREAD,81
2019-06-28 15:28:00.000000000,BEST_BID,"JPM,99446,216"
2019-06-28 15:28:00.000000000,BEST_ASK,"JPM,99616,240"
2019-06-28 15:28:00.000000000,LAST_TRADE,"8,$99446.0000"
2019-06-28 15:28:00.000000000,QUERY_SPREAD,82
2019-06-28 15:28:00.000000000,BEST_BID,"JPM,99446,208"
2019-06-28 15:28:00.000000000,BEST_ASK,"JPM,99616,240"
2019-06-28 15:28:00.000000000,LAST_TRADE,"8,$99446.0000"
2019-06-28 15:28:00.000000000,QUERY_SPREAD,83
2019-06-28 15:28:00.000000000,BEST_BID,"JPM,99446,206"
2019-06-28 15:28:00.000000000,BEST_ASK,"JPM,99616,240"
2019-06-28 15:28:00.000000000,LAST_TRADE,"2,$99446.0000"
2019-06-28 15:28:00.000000000,QUERY_SPREAD,84
2019-06-28 15:28:00.000000000,BEST_BID,"JPM,99446,205"
2019-06-28 15:28:00.000000000,BEST_ASK,"JPM,99616,240"
2019-06-28 15:28:00.000000000,LAST_TRADE,"1,$99446.0000"
2019-06-28 15:28:00.000000000,QUERY_SPREAD,85
2019-06-28 15:28:00.000000000,BEST_BID,"JPM,99446,204"
2019-06-28 15:28:00.000000000,BEST_ASK,"JPM,99616,240"
2019-06-28 15:28:00.000000000,LAST_TRADE,"1,$99446.0000"
2019-06-28 15:28:00.000000000,QUERY_SPREAD,86
2019-06-28 15:28:00.000000000,BEST_BID,"JPM,99446,198"
2019-06-28 15:28:00.000000000,BEST_ASK,"JPM,99616,240"
2019-06-28 15:28:00.000000000,LAST_TRADE,"6,$99446.0000"
2019-06-28 15:28:00.000000000,QUERY_SPREAD,87
2019-06-28 15:28:00.000000000,BEST_BID,"JPM,99446,195"
2019-06-28 15:28:00.000000000,BEST_ASK,"JPM,99616,240"
2019-06-28 15:28:00.000000000,LAST_TRADE,"3,$99446.0000"
2019-06-28 15:28:00.000000000,QUERY_SPREAD,88
2019-06-28 15:28:00.000000000,BEST_BID,"JPM,99446,191"
2019-06-28 15:28:00.000000000,BEST_ASK,"JPM,99616,240"
2019-06-28 15:28:00.000000000,LAST_TRADE,"4,$99446.0000"
2019-06-28 15:28:00.000000000,QUERY_SPREAD,89
2019-06-28 15:28:00.000000000,BEST_BID,"JPM,99446,187"
2019-06-28 15:28:00.000000000,BEST_ASK,"JPM,99616,240"
2019-06-28 15:28:00.000000000,LAST_TRADE,"4,$99446.0000"
2019-06-28 15:28:00.000000000,QUERY_SPREAD,90
2019-06-28 15:28:00.000000000,BEST_BID,"JPM,99446,180"
2019-06-28 15:28:00.000000000,BEST_ASK,"JPM,99616,240"
2019-06-28 15:28:00.000000000,LAST_TRADE,"7,$99446.0000"
2019-06-28 15:28:00.000000000,QUERY_SPREAD,91
2019-06-28 15:28:00.000000000,BEST_BID,"JPM,99446,172"
2019-06-28 15:28:00.000000000,BEST_ASK,"JPM,99616,240"
2019-06-28 15:28:00.000000000,LAST_TRADE,"8,$99446.0000"
2019-06-28 15:28:00.000000000,QUERY_SPREAD,92
2019-06-28 15:28:00.000000000,BEST_BID,"JPM,99446,167"
2019-06-28 15:28:00.000000000,BEST_ASK,"JPM,99616,240"
2019-06-28 15:28:00.000000000,LAST_TRADE,"5,$99446.0000"
2019-06-28 15:28:00.000000000,QUERY_SPREAD,93
2019-06-28 15:28:00.000000000,BEST_BID,"JPM,99446,164"
2019-06-28 15:28:00.000000000,BEST_ASK,"JPM,99616,240"
2019-06-28 15:28:00.000000000,LAST_TRADE,"3,$99446.0000"
2019-06-28 15:28:00.000000000,QUERY_SPREAD,94
2019-06-28 15:28:00.000000000,BEST_BID,"JPM,99446,160"
2019-06-28 15:28:00.000000000,BEST_ASK,"JPM,99616,240"
2019-06-28 15:28:00.000000000,LAST_TRADE,"4,$99446.0000"
2019-06-28 15:28:00.000000000,QUERY_SPREAD,95
2019-06-28 15:28:00.000000000,BEST_BID,"JPM,99446,155"
2019-06-28 15:28:00.000000000,BEST_ASK,"JPM,99616,240"
2019-06-28 15:28:00.000000000,LAST_TRADE,"5,$99446.0000"
2019-06-28 15:28:00.000000000,QUERY_SPREAD,96
2019-06-28 15:28:00.000000000,BEST_BID,"JPM,99446,154"
2019-06-28 15:28:00.000000000,BEST_ASK,"JPM,99616,240"
2019-06-28 15:28:00.000000000,LAST_TRADE,"1,$99446.0000"
2019-06-28 15:28:00.000000000,QUERY_SPREAD,97
2019-06-28 15:28:00.000000000,BEST_BID,"JPM,99446,147"
2019-06-28 15:28:00.000000000,BEST_ASK,"JPM,99616,240"
2019-06-28 15:28:00.000000000,LAST_TRADE,"7,$99446.0000"
2019-06-28 15:28:00.000000000,QUERY_SPREAD,98
2019-06-28 15:28:00.000000000,BEST_BID,"JPM,99446,141"
2019-06-28 15:28:00.000000000,BEST_ASK,"JPM,99616,240"
2019-06-28 15:28:00.000000000,LAST_TRADE,"6,$99446.0000"
2019-06-28 15:28:00.000000000,QUERY_SPREAD,99
2019-06-28 15:28:00.000000000,BEST_BID,"JPM,99446,136"
2019-06-28 15:28:00.000000000,BEST_ASK,"JPM,99616,240"
2019-06-28 15:28:00.000000000,LAST_TRADE,"5,$99446.0000"
2019-06-28 15:28:00.000000000,QUERY_SPREAD,100
2019-06-28 15:28:00.000000000,BEST_BID,"JPM,99446,129"
2019-06-28 15:28:00.000000000,BEST_ASK,"JPM,99616,240"
2019-06-28 15:28:00.000000000,LAST_TRADE,"7,$99446.0000"
2019-06-28 15:28:00.000000000,QUERY_SPREAD,101
2019-06-28 15:28:00.000000000,QUERY_ORDER_STREAM,101
2019-06-28 15:28:10.000000000,QUERY_SPREAD,1
2019-06-28 15:28:10.000000000,BEST_BID,"JPM,99392,380"
2019-06-28 15:28:10.000000000,BEST_ASK,"JPM,99616,100"
2019-06-28 15:28:10.000000000,BEST_BID,"JPM,99392,380"
2019-06-28 15:28:10.000000000,BEST_ASK,"JPM,99616,380"
2019-06-28 15:28:20.000000000,QUERY_SPREAD,1
2019-06-28 15:28:20.000000000,BEST_BID,"JPM,99392,195"
2019-06-28 15:28:20.000000000,BEST_ASK,"JPM,99616,100"
2019-06-28 15:28:20.000000000,BEST_BID,"JPM,99392,195"
2019-06-28 15:28:20.000000000,BEST_ASK,"JPM,99616,100"
2019-06-28 15:28:20.000000000,BEST_BID,"JPM,99392,195"
2019-06-28 15:28:20.000000000,BEST_ASK,"JPM,99616,100"
2019-06-28 15:28:20.000000000,BEST_BID,"JPM,99392,195"
2019-06-28 15:28:20.000000000,BEST_ASK,"JPM,99616,195"
2019-06-28 15:28:20.000000000,BEST_BID,"JPM,99392,195"
2019-06-28 15:28:20.000000000,BEST_ASK,"JPM,99616,195"
2019-06-28 15:28:20.000000000,BEST_BID,"JPM,99392,195"
2019-06-28 15:28:20.000000000,BEST_ASK,"JPM,99616,195"
2019-06-28 15:28:21.059397820,QUERY_ORDER_STREAM,71
2019-06-28 15:28:21.059397820,QUERY_SPREAD,71
2019-06-28 15:28:24.573252802,QUERY_ORDER_STREAM,69
2019-06-28 15:28:24.573252802,QUERY_SPREAD,69
2019-06-28 15:28:24.573252802,BEST_BID,"JPM,99392,195"
2019-06-28 15:28:24.573252802,BEST_ASK,"JPM,99446,100"
2019-06-28 15:28:30.000000000,QUERY_SPREAD,1
2019-06-28 15:28:30.000000000,BEST_BID,"JPM,99392,156"
2019-06-28 15:28:30.000000000,BEST_ASK,"JPM,99446,100"
2019-06-28 15:28:30.000000000,BEST_BID,"JPM,99392,156"
2019-06-28 15:28:30.000000000,BEST_ASK,"JPM,99446,100"
2019-06-28 15:28:30.000000000,BEST_BID,"JPM,99392,156"
2019-06-28 15:28:30.000000000,BEST_ASK,"JPM,99446,100"
2019-06-28 15:28:30.000000000,BEST_BID,"JPM,99392,156"
2019-06-28 15:28:30.000000000,BEST_ASK,"JPM,99446,100"
2019-06-28 15:28:30.000000000,BEST_BID,"JPM,99392,156"
2019-06-28 15:28:30.000000000,BEST_ASK,"JPM,99446,100"
2019-06-28 15:28:30.000000000,BEST_BID,"JPM,99392,156"
2019-06-28 15:28:30.000000000,BEST_ASK,"JPM,99446,156"
2019-06-28 15:28:30.000000000,BEST_BID,"JPM,99392,156"
2019-06-28 15:28:30.000000000,BEST_ASK,"JPM,99446,156"
2019-06-28 15:28:30.000000000,BEST_BID,"JPM,99392,156"
2019-06-28 15:28:30.000000000,BEST_ASK,"JPM,99446,156"
2019-06-28 15:28:30.000000000,BEST_BID,"JPM,99392,156"
2019-06-28 15:28:30.000000000,BEST_ASK,"JPM,99446,156"
2019-06-28 15:28:30.000000000,BEST_BID,"JPM,99392,156"
2019-06-28 15:28:30.000000000,BEST_ASK,"JPM,99446,156"
2019-06-28 15:28:34.011040988,QUERY_ORDER_STREAM,52
2019-06-28 15:28:34.011040988,QUERY_SPREAD,52
2019-06-28 15:28:34.011040988,BEST_BID,"JPM,99392,156"
2019-06-28 15:28:34.011040988,BEST_ASK,"JPM,99446,256"
2019-06-28 15:28:40.000000000,QUERY_SPREAD,1
2019-06-28 15:28:40.000000000,BEST_BID,"JPM,99392,240"
2019-06-28 15:28:40.000000000,BEST_ASK,"JPM,99446,200"
2019-06-28 15:28:40.000000000,BEST_BID,"JPM,99392,240"
2019-06-28 15:28:40.000000000,BEST_ASK,"JPM,99446,200"
2019-06-28 15:28:40.000000000,BEST_BID,"JPM,99392,240"
2019-06-28 15:28:40.000000000,BEST_ASK,"JPM,99446,340"
2019-06-28 15:28:40.000000000,BEST_BID,"JPM,99392,240"
2019-06-28 15:28:40.000000000,BEST_ASK,"JPM,99446,340"
2019-06-28 15:28:41.321800149,QUERY_ORDER_STREAM,76
2019-06-28 15:28:41.321800149,QUERY_SPREAD,76
2019-06-28 15:28:42.775390038,QUERY_SPREAD,6
2019-06-28 15:28:42.775390038,BEST_BID,"JPM,99392,140"
2019-06-28 15:28:42.775390038,BEST_ASK,"JPM,99446,340"
2019-06-28 15:28:42.775390038,LAST_TRADE,"100,$99392.0000"
2019-06-28 15:28:50.000000000,QUERY_SPREAD,1
2019-06-28 15:28:50.000000000,BEST_BID,"JPM,99359,281"
2019-06-28 15:28:50.000000000,BEST_ASK,"JPM,99446,200"
2019-06-28 15:28:50.000000000,BEST_BID,"JPM,99359,281"
2019-06-28 15:28:50.000000000,BEST_ASK,"JPM,99446,480"
2019-06-28 15:28:56.341264136,QUERY_SPREAD,8
2019-06-28 15:28:56.341264136,BEST_BID,"JPM,99359,281"
2019-06-28 15:28:56.341264136,BEST_ASK,"JPM,99446,480"
2019-06-28 15:29:00.000000000,QUERY_SPREAD,1
2019-06-28 15:29:00.000000000,BEST_BID,"JPM,99359,71"
2019-06-28 15:29:00.000000000,BEST_ASK,"JPM,99446,200"
2019-06-28 15:29:00.000000000,BEST_BID,"JPM,99359,71"
2019-06-28 15:29:00.000000000,BEST_ASK,"JPM,99446,200"
2019-06-28 15:29:00.000000000,BEST_BID,"JPM,99359,71"
2019-06-28 15:29:00.000000000,BEST_ASK,"JPM,99446,200"
2019-06-28 15:29:00.000000000,BEST_BID,"JPM,99359,71"
2019-06-28 15:29:00.000000000,BEST_ASK,"JPM,99446,200"
2019-06-28 15:29:00.000000000,BEST_BID,"JPM,99359,71"
2019-06-28 15:29:00.000000000,BEST_ASK,"JPM,99446,270"
2019-06-28 15:29:00.000000000,BEST_BID,"JPM,99359,71"
2019-06-28 15:29:00.000000000,BEST_ASK,"JPM,99446,270"
2019-06-28 15:29:00.000000000,BEST_BID,"JPM,99359,71"
2019-06-28 15:29:00.000000000,BEST_ASK,"JPM,99446,270"
2019-06-28 15:29:00.000000000,BEST_BID,"JPM,99359,71"
2019-06-28 15:29:00.000000000,BEST_ASK,"JPM,99446,270"
2019-06-28 15:29:00.000000000,QUERY_SPREAD,77
2019-06-28 15:29:00.000000000,BEST_BID,"JPM,99359,70"
2019-06-28 15:29:00.000000000,BEST_ASK,"JPM,99446,270"
2019-06-28 15:29:00.000000000,LAST_TRADE,"1,$99359.0000"
2019-06-28 15:29:00.000000000,QUERY_SPREAD,78
2019-06-28 15:29:00.000000000,BEST_BID,"JPM,99359,66"
2019-06-28 15:29:00.000000000,BEST_ASK,"JPM,99446,270"
2019-06-28 15:29:00.000000000,LAST_TRADE,"4,$99359.0000"
2019-06-28 15:29:00.000000000,QUERY_SPREAD,79
2019-06-28 15:29:00.000000000,BEST_BID,"JPM,99359,60"
2019-06-28 15:29:00.000000000,BEST_ASK,"JPM,99446,270"
2019-06-28 15:29:00.000000000,LAST_TRADE,"6,$99359.0000"
2019-06-28 15:29:00.000000000,QUERY_SPREAD,80
2019-06-28 15:29:00.000000000,BEST_BID,"JPM,99359,55"
2019-06-28 15:29:00.000000000,BEST_ASK,"JPM,99446,270"
2019-06-28 15:29:00.000000000,LAST_TRADE,"5,$99359.0000"
2019-06-28 15:29:00.000000000,QUERY_SPREAD,81
2019-06-28 15:29:00.000000000,BEST_BID,"JPM,99359,47"
2019-06-28 15:29:00.000000000,BEST_ASK,"JPM,99446,270"
2019-06-28 15:29:00.000000000,LAST_TRADE,"8,$99359.0000"
2019-06-28 15:29:00.000000000,QUERY_SPREAD,82
2019-06-28 15:29:00.000000000,BEST_BID,"JPM,99359,39"
2019-06-28 15:29:00.000000000,BEST_ASK,"JPM,99446,270"
2019-06-28 15:29:00.000000000,LAST_TRADE,"8,$99359.0000"
2019-06-28 15:29:00.000000000,QUERY_SPREAD,83
2019-06-28 15:29:00.000000000,BEST_BID,"JPM,99359,37"
2019-06-28 15:29:00.000000000,BEST_ASK,"JPM,99446,270"
2019-06-28 15:29:00.000000000,LAST_TRADE,"2,$99359.0000"
2019-06-28 15:29:00.000000000,QUERY_SPREAD,84
2019-06-28 15:29:00.000000000,BEST_BID,"JPM,99359,36"
2019-06-28 15:29:00.000000000,BEST_ASK,"JPM,99446,270"
2019-06-28 15:29:00.000000000,LAST_TRADE,"1,$99359.0000"
2019-06-28 15:29:00.000000000,QUERY_SPREAD,85
2019-06-28 15:29:00.000000000,BEST_BID,"JPM,99359,35"
2019-06-28 15:29:00.000000000,BEST_ASK,"JPM,99446,270"
2019-06-28 15:29:00.000000000,LAST_TRADE,"1,$99359.0000"
2019-06-28 15:29:00.000000000,QUERY_SPREAD,86
2019-06-28 15:29:00.000000000,BEST_BID,"JPM,99359,29"
2019-06-28 15:29:00.000000000,BEST_ASK,"JPM,99446,270"
2019-06-28 15:29:00.000000000,LAST_TRADE,"6,$99359.0000"
2019-06-28 15:29:00.000000000,QUERY_SPREAD,87
2019-06-28 15:29:00.000000000,BEST_BID,"JPM,99359,26"
2019-06-28 15:29:00.000000000,BEST_ASK,"JPM,99446,270"
2019-06-28 15:29:00.000000000,LAST_TRADE,"3,$99359.0000"
2019-06-28 15:29:00.000000000,QUERY_SPREAD,88
2019-06-28 15:29:00.000000000,BEST_BID,"JPM,99359,22"
2019-06-28 15:29:00.000000000,BEST_ASK,"JPM,99446,270"
2019-06-28 15:29:00.000000000,LAST_TRADE,"4,$99359.0000"
2019-06-28 15:29:00.000000000,QUERY_SPREAD,89
2019-06-28 15:29:00.000000000,BEST_BID,"JPM,99359,18"
2019-06-28 15:29:00.000000000,BEST_ASK,"JPM,99446,270"
2019-06-28 15:29:00.000000000,LAST_TRADE,"4,$99359.0000"
2019-06-28 15:29:00.000000000,QUERY_SPREAD,90
2019-06-28 15:29:00.000000000,BEST_BID,"JPM,99359,11"
2019-06-28 15:29:00.000000000,BEST_ASK,"JPM,99446,270"
2019-06-28 15:29:00.000000000,LAST_TRADE,"7,$99359.0000"
2019-06-28 15:29:00.000000000,QUERY_SPREAD,91
2019-06-28 15:29:00.000000000,BEST_BID,"JPM,99359,3"
2019-06-28 15:29:00.000000000,BEST_ASK,"JPM,99446,270"
2019-06-28 15:29:00.000000000,LAST_TRADE,"8,$99359.0000"
2019-06-28 15:29:00.000000000,QUERY_SPREAD,92
2019-06-28 15:29:00.000000000,BEST_BID,"JPM,99358,170"
2019-06-28 15:29:00.000000000,BEST_ASK,"JPM,99359,2"
2019-06-28 15:29:00.000000000,LAST_TRADE,"3,$99359.0000"
2019-06-28 15:29:00.000000000,QUERY_SPREAD,93
2019-06-28 15:29:00.000000000,BEST_BID,"JPM,99358,167"
2019-06-28 15:29:00.000000000,BEST_ASK,"JPM,99359,2"
2019-06-28 15:29:00.000000000,LAST_TRADE,"3,$99358.0000"
2019-06-28 15:29:00.000000000,QUERY_SPREAD,94
2019-06-28 15:29:00.000000000,BEST_BID,"JPM,99358,163"
2019-06-28 15:29:00.000000000,BEST_ASK,"JPM,99359,2"
2019-06-28 15:29:00.000000000,LAST_TRADE,"4,$99358.0000"
2019-06-28 15:29:00.000000000,QUERY_SPREAD,95
2019-06-28 15:29:00.000000000,BEST_BID,"JPM,99358,158"
2019-06-28 15:29:00.000000000,BEST_ASK,"JPM,99359,2"
2019-06-28 15:29:00.000000000,LAST_TRADE,"5,$99358.0000"
2019-06-28 15:29:00.000000000,QUERY_SPREAD,96
2019-06-28 15:29:00.000000000,BEST_BID,"JPM,99358,157"
2019-06-28 15:29:00.000000000,BEST_ASK,"JPM,99359,2"
2019-06-28 15:29:00.000000000,LAST_TRADE,"1,$99358.0000"
2019-06-28 15:29:00.000000000,QUERY_SPREAD,97
2019-06-28 15:29:00.000000000,BEST_BID,"JPM,99358,150"
2019-06-28 15:29:00.000000000,BEST_ASK,"JPM,99359,2"
2019-06-28 15:29:00.000000000,LAST_TRADE,"7,$99358.0000"
2019-06-28 15:29:00.000000000,QUERY_SPREAD,98
2019-06-28 15:29:00.000000000,BEST_BID,"JPM,99358,144"
2019-06-28 15:29:00.000000000,BEST_ASK,"JPM,99359,2"
2019-06-28 15:29:00.000000000,LAST_TRADE,"6,$99358.0000"
2019-06-28 15:29:00.000000000,QUERY_SPREAD,99
2019-06-28 15:29:00.000000000,BEST_BID,"JPM,99358,139"
2019-06-28 15:29:00.000000000,BEST_ASK,"JPM,99359,2"
2019-06-28 15:29:00.000000000,LAST_TRADE,"5,$99358.0000"
2019-06-28 15:29:00.000000000,QUERY_SPREAD,100
2019-06-28 15:29:00.000000000,BEST_BID,"JPM,99358,132"
2019-06-28 15:29:00.000000000,BEST_ASK,"JPM,99359,2"
2019-06-28 15:29:00.000000000,LAST_TRADE,"7,$99358.0000"
2019-06-28 15:29:00.000000000,QUERY_SPREAD,101
2019-06-28 15:29:00.000000000,QUERY_ORDER_STREAM,101
2019-06-28 15:29:00.000000000,BEST_BID,"JPM,99358,133"
2019-06-28 15:29:00.000000000,BEST_ASK,"JPM,99359,2"
2019-06-28 15:29:08.678349190,QUERY_ORDER_STREAM,52
2019-06-28 15:29:08.678349190,QUERY_SPREAD,52
2019-06-28 15:29:10.000000000,QUERY_SPREAD,1
2019-06-28 15:29:10.000000000,BEST_BID,"JPM,99358,203"
2019-06-28 15:29:10.000000000,BEST_ASK,"JPM,99359,2"
2019-06-28 15:29:10.000000000,BEST_BID,"JPM,99358,203"
2019-06-28 15:29:10.000000000,BEST_ASK,"JPM,99359,2"
2019-06-28 15:29:10.000000000,BEST_BID,"JPM,99358,203"
2019-06-28 15:29:10.000000000,BEST_ASK,"JPM,99359,142"
2019-06-28 15:29:10.000000000,BEST_BID,"JPM,99358,203"
2019-06-28 15:29:10.000000000,BEST_ASK,"JPM,99359,142"
2019-06-28 15:29:20.000000000,QUERY_SPREAD,1
2019-06-28 15:29:20.000000000,BEST_BID,"JPM,99358,119"
2019-06-28 15:29:20.000000000,BEST_ASK,"JPM,99359,2"
2019-06-28 15:29:20.000000000,BEST_BID,"JPM,99358,119"
2019-06-28 15:29:20.000000000,BEST_ASK,"JPM,99359,2"
2019-06-28 15:29:20.000000000,BEST_BID,"JPM,99358,119"
2019-06-28 15:29:20.000000000,BEST_ASK,"JPM,99359,2"
2019-06-28 15:29:20.000000000,BEST_BID,"JPM,99358,119"
2019-06-28 15:29:20.000000000,BEST_ASK,"JPM,99359,2"
2019-06-28 15:29:20.000000000,BEST_BID,"JPM,99358,119"
2019-06-28 15:29:20.000000000,BEST_ASK,"JPM,99359,2"
2019-06-28 15:29:20.000000000,BEST_BID,"JPM,99358,119"
2019-06-28 15:29:20.000000000,BEST_ASK,"JPM,99359,58"
2019-06-28 15:29:20.000000000,BEST_BID,"JPM,99358,119"
2019-06-28 15:29:20.000000000,BEST_ASK,"JPM,99359,58"
2019-06-28 15:29:20.000000000,BEST_BID,"JPM,99358,119"
2019-06-28 15:29:20.000000000,BEST_ASK,"JPM,99359,58"
2019-06-28 15:29:20.000000000,BEST_BID,"JPM,99358,119"
2019-06-28 15:29:20.000000000,BEST_ASK,"JPM,99359,58"
2019-06-28 15:29:20.000000000,BEST_BID,"JPM,99358,119"
2019-06-28 15:29:20.000000000,BEST_ASK,"JPM,99359,58"
2019-06-28 15:29:30.000000000,QUERY_SPREAD,1
2019-06-28 15:29:30.000000000,BEST_BID,"JPM,99358,158"
2019-06-28 15:29:30.000000000,BEST_ASK,"JPM,99359,2"
2019-06-28 15:29:30.000000000,BEST_BID,"JPM,99358,158"
2019-06-28 15:29:30.000000000,BEST_ASK,"JPM,99359,2"
2019-06-28 15:29:30.000000000,BEST_BID,"JPM,99358,158"
2019-06-28 15:29:30.000000000,BEST_ASK,"JPM,99359,2"
2019-06-28 15:29:30.000000000,BEST_BID,"JPM,99358,158"
2019-06-28 15:29:30.000000000,BEST_ASK,"JPM,99359,97"
2019-06-28 15:29:30.000000000,BEST_BID,"JPM,99358,158"
2019-06-28 15:29:30.000000000,BEST_ASK,"JPM,99359,97"
2019-06-28 15:29:30.000000000,BEST_BID,"JPM,99358,158"
2019-06-28 15:29:30.000000000,BEST_ASK,"JPM,99359,97"
2019-06-28 15:29:31.307383942,QUERY_ORDER_STREAM,74
2019-06-28 15:29:31.307383942,QUERY_SPREAD,74
2019-06-28 15:29:31.436249621,QUERY_SPREAD,32
2019-06-28 15:29:31.436249621,BEST_BID,"JPM,99358,158"
2019-06-28 15:29:31.436249621,BEST_ASK,"JPM,99359,97"
2019-06-28 15:29:36.839871262,QUERY_SPREAD,3
2019-06-28 15:29:36.839871262,BEST_BID,"JPM,99359,3"
2019-06-28 15:29:36.839871262,BEST_ASK,"JPM,99446,192"
2019-06-28 15:29:36.839871262,LAST_TRADE,"97,$99359.0000"
2019-06-28 15:29:40.000000000,QUERY_SPREAD,1
2019-06-28 15:29:40.000000000,BEST_BID,"JPM,99359,59"
2019-06-28 15:29:40.000000000,BEST_ASK,"JPM,99446,100"
2019-06-28 15:29:40.000000000,BEST_BID,"JPM,99359,59"
2019-06-28 15:29:40.000000000,BEST_ASK,"JPM,99446,100"
2019-06-28 15:29:40.000000000,BEST_BID,"JPM,99359,59"
2019-06-28 15:29:40.000000000,BEST_ASK,"JPM,99446,100"
2019-06-28 15:29:40.000000000,BEST_BID,"JPM,99359,59"
2019-06-28 15:29:40.000000000,BEST_ASK,"JPM,99446,100"
2019-06-28 15:29:40.000000000,BEST_BID,"JPM,99359,59"
2019-06-28 15:29:40.000000000,BEST_ASK,"JPM,99446,100"
2019-06-28 15:29:40.000000000,BEST_BID,"JPM,99359,59"
2019-06-28 15:29:40.000000000,BEST_ASK,"JPM,99446,156"
2019-06-28 15:29:40.000000000,BEST_BID,"JPM,99359,59"
2019-06-28 15:29:40.000000000,BEST_ASK,"JPM,99446,156"
2019-06-28 15:29:40.000000000,BEST_BID,"JPM,99359,59"
2019-06-28 15:29:40.000000000,BEST_ASK,"JPM,99446,156"
2019-06-28 15:29:40.000000000,BEST_BID,"JPM,99359,59"
2019-06-28 15:29:40.000000000,BEST_ASK,"JPM,99446,156"
2019-06-28 15:29:40.000000000,BEST_BID,"JPM,99359,59"
2019-06-28 15:29:40.000000000,BEST_ASK,"JPM,99446,156"
2019-06-28 15:29:40.323701197,QUERY_ORDER_STREAM,73
2019-06-28 15:29:40.323701197,QUERY_SPREAD,73
2019-06-28 15:29:40.323701197,BEST_BID,"JPM,99359,159"
2019-06-28 15:29:40.323701197,BEST_ASK,"JPM,99446,156"
2019-06-28 15:29:50.000000000,QUERY_SPREAD,1
2019-06-28 15:29:50.000000000,BEST_BID,"JPM,99359,198"
2019-06-28 15:29:50.000000000,BEST_ASK,"JPM,99446,100"
2019-06-28 15:29:50.000000000,BEST_BID,"JPM,99359,198"
2019-06-28 15:29:50.000000000,BEST_ASK,"JPM,99446,100"
2019-06-28 15:29:50.000000000,BEST_BID,"JPM,99359,198"
2019-06-28 15:29:50.000000000,BEST_ASK,"JPM,99446,100"
2019-06-28 15:29:50.000000000,BEST_BID,"JPM,99359,198"
2019-06-28 15:29:50.000000000,BEST_ASK,"JPM,99446,195"
2019-06-28 15:29:50.000000000,BEST_BID,"JPM,99359,198"
2019-06-28 15:29:50.000000000,BEST_ASK,"JPM,99446,195"
2019-06-28 15:29:50.000000000,BEST_BID,"JPM,99359,198"
2019-06-28 15:29:50.000000000,BEST_ASK,"JPM,99446,195"
2019-06-28 15:29:52.670743113,QUERY_SPREAD,43
2019-06-28 15:29:52.670743113,BEST_BID,"JPM,99359,198"
2019-06-28 15:29:52.670743113,BEST_ASK,"JPM,99446,195"
2019-06-28 15:30:00.000000000,QUERY_SPREAD,1
2019-06-28 15:30:00.000000000,BEST_BID,"JPM,99359,383"
2019-06-28 15:30:00.000000000,BEST_ASK,"JPM,99446,100"
2019-06-28 15:30:00.000000000,BEST_BID,"JPM,99359,383"
2019-06-28 15:30:00.000000000,BEST_ASK,"JPM,99446,380"
2019-06-28 15:30:00.000000000,QUERY_SPREAD,77
2019-06-28 15:30:00.000000000,BEST_BID,"JPM,99359,382"
2019-06-28 15:30:00.000000000,BEST_ASK,"JPM,99446,380"
2019-06-28 15:30:00.000000000,LAST_TRADE,"1,$99359.0000"
2019-06-28 15:30:00.000000000,QUERY_SPREAD,78
2019-06-28 15:30:00.000000000,BEST_BID,"JPM,99359,378"
2019-06-28 15:30:00.000000000,BEST_ASK,"JPM,99446,380"
2019-06-28 15:30:00.000000000,LAST_TRADE,"4,$99359.0000"
2019-06-28 15:30:00.000000000,QUERY_SPREAD,79
2019-06-28 15:30:00.000000000,BEST_BID,"JPM,99359,372"
2019-06-28 15:30:00.000000000,BEST_ASK,"JPM,99446,380"
2019-06-28 15:30:00.000000000,LAST_TRADE,"6,$99359.0000"
2019-06-28 15:30:00.000000000,QUERY_SPREAD,80
2019-06-28 15:30:00.000000000,BEST_BID,"JPM,99359,367"
2019-06-28 15:30:00.000000000,BEST_ASK,"JPM,99446,380"
2019-06-28 15:30:00.000000000,LAST_TRADE,"5,$99359.0000"
2019-06-28 15:30:00.000000000,QUERY_SPREAD,81
2019-06-28 15:30:00.000000000,BEST_BID,"JPM,99359,359"
2019-06-28 15:30:00.000000000,BEST_ASK,"JPM,99446,380"
2019-06-28 15:30:00.000000000,LAST_TRADE,"8,$99359.0000"
2019-06-28 15:30:00.000000000,QUERY_SPREAD,82
2019-06-28 15:30:00.000000000,BEST_BID,"JPM,99359,351"
2019-06-28 15:30:00.000000000,BEST_ASK,"JPM,99446,380"
2019-06-28 15:30:00.000000000,LAST_TRADE,"8,$99359.0000"
2019-06-28 15:30:00.000000000,QUERY_SPREAD,83
2019-06-28 15:30:00.000000000,BEST_BID,"JPM,99359,349"
2019-06-28 15:30:00.000000000,BEST_ASK,"JPM,99446,380"
2019-06-28 15:30:00.000000000,LAST_TRADE,"2,$99359.0000"
2019-06-28 15:30:00.000000000,QUERY_SPREAD,84
2019-06-28 15:30:00.000000000,BEST_BID,"JPM,99359,348"
2019-06-28 15:30:00.000000000,BEST_ASK,"JPM,99446,380"
2019-06-28 15:30:00.000000000,LAST_TRADE,"1,$99359.0000"
2019-06-28 15:30:00.000000000,QUERY_SPREAD,85
2019-06-28 15:30:00.000000000,BEST_BID,"JPM,99359,347"
2019-06-28 15:30:00.000000000,BEST_ASK,"JPM,99446,380"
2019-06-28 15:30:00.000000000,LAST_TRADE,"1,$99359.0000"
2019-06-28 15:30:00.000000000,QUERY_SPREAD,86
2019-06-28 15:30:00.000000000,BEST_BID,"JPM,99359,341"
2019-06-28 15:30:00.000000000,BEST_ASK,"JPM,99446,380"
2019-06-28 15:30:00.000000000,LAST_TRADE,"6,$99359.0000"
2019-06-28 15:30:00.000000000,QUERY_SPREAD,87
2019-06-28 15:30:00.000000000,BEST_BID,"JPM,99359,338"
2019-06-28 15:30:00.000000000,BEST_ASK,"JPM,99446,380"
2019-06-28 15:30:00.000000000,LAST_TRADE,"3,$99359.0000"
2019-06-28 15:30:00.000000000,QUERY_SPREAD,88
2019-06-28 15:30:00.000000000,BEST_BID,"JPM,99359,334"
2019-06-28 15:30:00.000000000,BEST_ASK,"JPM,99446,380"
2019-06-28 15:30:00.000000000,LAST_TRADE,"4,$99359.0000"
2019-06-28 15:30:00.000000000,QUERY_SPREAD,89
2019-06-28 15:30:00.000000000,BEST_BID,"JPM,99359,330"
2019-06-28 15:30:00.000000000,BEST_ASK,"JPM,99446,380"
2019-06-28 15:30:00.000000000,LAST_TRADE,"4,$99359.0000"
2019-06-28 15:30:00.000000000,QUERY_SPREAD,90
2019-06-28 15:30:00.000000000,BEST_BID,"JPM,99359,323"
2019-06-28 15:30:00.000000000,BEST_ASK,"JPM,99446,380"
2019-06-28 15:30:00.000000000,LAST_TRADE,"7,$99359.0000"
2019-06-28 15:30:00.000000000,QUERY_SPREAD,91
2019-06-28 15:30:00.000000000,BEST_BID,"JPM,99359,315"
2019-06-28 15:30:00.000000000,BEST_ASK,"JPM,99446,380"
2019-06-28 15:30:00.000000000,LAST_TRADE,"8,$99359.0000"
2019-06-28 15:30:00.000000000,QUERY_SPREAD,92
2019-06-28 15:30:00.000000000,BEST_BID,"JPM,99359,310"
2019-06-28 15:30:00.000000000,BEST_ASK,"JPM,99446,380"
2019-06-28 15:30:00.000000000,LAST_TRADE,"5,$99359.0000"
2019-06-28 15:30:00.000000000,QUERY_SPREAD,93
2019-06-28 15:30:00.000000000,BEST_BID,"JPM,99359,307"
2019-06-28 15:30:00.000000000,BEST_ASK,"JPM,99446,380"
2019-06-28 15:30:00.000000000,LAST_TRADE,"3,$99359.0000"
2019-06-28 15:30:00.000000000,QUERY_SPREAD,94
2019-06-28 15:30:00.000000000,BEST_BID,"JPM,99359,303"
2019-06-28 15:30:00.000000000,BEST_ASK,"JPM,99446,380"
2019-06-28 15:30:00.000000000,LAST_TRADE,"4,$99359.0000"
2019-06-28 15:30:00.000000000,QUERY_SPREAD,95
2019-06-28 15:30:00.000000000,BEST_BID,"JPM,99359,298"
2019-06-28 15:30:00.000000000,BEST_ASK,"JPM,99446,380"
2019-06-28 15:30:00.000000000,LAST_TRADE,"5,$99359.0000"
2019-06-28 15:30:00.000000000,QUERY_SPREAD,96
2019-06-28 15:30:00.000000000,BEST_BID,"JPM,99359,297"
2019-06-28 15:30:00.000000000,BEST_ASK,"JPM,99446,380"
2019-06-28 15:30:00.000000000,LAST_TRADE,"1,$99359.0000"
2019-06-28 15:30:00.000000000,QUERY_SPREAD,97
2019-06-28 15:30:00.000000000,BEST_BID,"JPM,99359,290"
2019-06-28 15:30:00.000000000,BEST_ASK,"JPM,99446,380"
2019-06-28 15:30:00.000000000,LAST_TRADE,"7,$99359.0000"
2019-06-28 15:30:00.000000000,QUERY_SPREAD,98
2019-06-28 15:30:00.000000000,BEST_BID,"JPM,99359,284"
2019-06-28 15:30:00.000000000,BEST_ASK,"JPM,99446,380"
2019-06-28 15:30:00.000000000,LAST_TRADE,"6,$99359.0000"
2019-06-28 15:30:00.000000000,QUERY_SPREAD,99
2019-06-28 15:30:00.000000000,BEST_BID,"JPM,99359,279"
2019-06-28 15:30:00.000000000,BEST_ASK,"JPM,99446,380"
2019-06-28 15:30:00.000000000,LAST_TRADE,"5,$99359.0000"
2019-06-28 15:30:00.000000000,QUERY_SPREAD,100
2019-06-28 15:30:00.000000000,BEST_BID,"JPM,99359,272"
2019-06-28 15:30:00.000000000,BEST_ASK,"JPM,99446,380"
2019-06-28 15:30:00.000000000,LAST_TRADE,"7,$99359.0000"
2019-06-28 15:30:00.000000000,QUERY_SPREAD,101
2019-06-28 15:30:00.000000000,QUERY_ORDER_STREAM,101
2019-06-28 15:30:00.000000000,BEST_BID,"JPM,99359,273"
2019-06-28 15:30:00.000000000,BEST_ASK,"JPM,99446,380"
2019-06-28 15:30:10.000000000,QUERY_SPREAD,1
2019-06-28 15:30:10.000000000,BEST_BID,"JPM,99359,281"
2019-06-28 15:30:10.000000000,BEST_ASK,"JPM,99446,100"
2019-06-28 15:30:10.000000000,BEST_BID,"JPM,99359,281"
2019-06-28 15:30:10.000000000,BEST_ASK,"JPM,99446,380"
2019-06-28 15:30:20.000000000,QUERY_SPREAD,1
2019-06-28 15:30:20.000000000,BEST_BID,"JPM,99359,141"
2019-06-28 15:30:20.000000000,BEST_ASK,"JPM,99446,100"
2019-06-28 15:30:20.000000000,BEST_BID,"JPM,99359,141"
2019-06-28 15:30:20.000000000,BEST_ASK,"JPM,99446,100"
2019-06-28 15:30:20.000000000,BEST_BID,"JPM,99359,141"
2019-06-28 15:30:20.000000000,BEST_ASK,"JPM,99446,240"
2019-06-28 15:30:20.000000000,BEST_BID,"JPM,99359,141"
2019-06-28 15:30:20.000000000,BEST_ASK,"JPM,99446,240"
2019-06-28 15:30:30.000000000,QUERY_SPREAD,1
2019-06-28 15:30:30.000000000,BEST_BID,"JPM,99359,71"
2019-06-28 15:30:30.000000000,BEST_ASK,"JPM,99446,100"
2019-06-28 15:30:30.000000000,BEST_BID,"JPM,99359,71"
2019-06-28 15:30:30.000000000,BEST_ASK,"JPM,99446,100"
2019-06-28 15:30:30.000000000,BEST_BID,"JPM,99359,71"
2019-06-28 15:30:30.000000000,BEST_ASK,"JPM,99446,100"
2019-06-28 15:30:30.000000000,BEST_BID,"JPM,99359,71"
2019-06-28 15:30:30.000000000,BEST_ASK,"JPM,99446,100"
2019-06-28 15:30:30.000000000,BEST_BID,"JPM,99359,71"
2019-06-28 15:30:30.000000000,BEST_ASK,"JPM,99446,170"
2019-06-28 15:30:30.000000000,BEST_BID,"JPM,99359,71"
2019-06-28 15:30:30.000000000,BEST_ASK,"JPM,99446,170"
2019-06-28 15:30:30.000000000,BEST_BID,"JPM,99359,71"
2019-06-28 15:30:30.000000000,BEST_ASK,"JPM,99446,170"
2019-06-28 15:30:30.000000000,BEST_BID,"JPM,99359,71"
2019-06-28 15:30:30.000000000,BEST_ASK,"JPM,99446,170"
2019-06-28 15:30:40.000000000,QUERY_SPREAD,1
2019-06-28 15:30:40.000000000,BEST_BID,"JPM,99359,71"
2019-06-28 15:30:40.000000000,BEST_ASK,"JPM,99446,100"
2019-06-28 15:30:40.000000000,BEST_BID,"JPM,99359,71"
2019-06-28 15:30:40.000000000,BEST_ASK,"JPM,99446,100"
2019-06-28 15:30:40.000000000,BEST_BID,"JPM,99359,71"
2019-06-28 15:30:40.000000000,BEST_ASK,"JPM,99446,100"
2019-06-28 15:30:40.000000000,BEST_BID,"JPM,99359,71"
2019-06-28 15:30:40.000000000,BEST_ASK,"JPM,99446,100"
2019-06-28 15:30:40.000000000,BEST_BID,"JPM,99359,71"
2019-06-28 15:30:40.000000000,BEST_ASK,"JPM,99446,170"
2019-06-28 15:30:40.000000000,BEST_BID,"JPM,99359,71"
2019-06-28 15:30:40.000000000,BEST_ASK,"JPM,99446,170"
2019-06-28 15:30:40.000000000,BEST_BID,"JPM,99359,71"
2019-06-28 15:30:40.000000000,BEST_ASK,"JPM,99446,170"
2019-06-28 15:30:40.000000000,BEST_BID,"JPM,99359,71"
2019-06-28 15:30:40.000000000,BEST_ASK,"JPM,99446,170"
2019-06-28 15:30:45.992454505,QUERY_SPREAD,24
2019-06-28 15:30:45.992454505,BEST_BID,"JPM,99358,133"
2019-06-28 15:30:45.992454505,BEST_ASK,"JPM,99359,29"
2019-06-28 15:30:45.992454505,LAST_TRADE,"71,$99359.0000"
2019-06-28 15:30:48.585805185,QUERY_SPREAD,21
2019-06-28 15:30:48.585805185,BEST_BID,"JPM,99358,133"
2019-06-28 15:30:48.585805185,BEST_ASK,"JPM,99359,29"
2019-06-28 15:30:50.000000000,QUERY_SPREAD,1
2019-06-28 15:30:50.000000000,BEST_BID,"JPM,99358,343"
2019-06-28 15:30:50.000000000,BEST_ASK,"JPM,99359,29"
2019-06-28 15:30:50.000000000,BEST_BID,"JPM,99358,343"
2019-06-28 15:30:50.000000000,BEST_ASK,"JPM,99359,309"
2019-06-28 15:31:00.000000000,QUERY_SPREAD,1
2019-06-28 15:31:00.000000000,BEST_BID,"JPM,99358,203"
2019-06-28 15:31:00.000000000,BEST_ASK,"JPM,99359,29"
2019-06-28 15:31:00.000000000,BEST_BID,"JPM,99358,203"
2019-06-28 15:31:00.000000000,BEST_ASK,"JPM,99359,29"
2019-06-28 15:31:00.000000000,BEST_BID,"JPM,99358,203"
2019-06-28 15:31:00.000000000,BEST_ASK,"JPM,99359,169"
2019-06-28 15:31:00.000000000,BEST_BID,"JPM,99358,203"
2019-06-28 15:31:00.000000000,BEST_ASK,"JPM,99359,169"
2019-06-28 15:31:00.000000000,QUERY_SPREAD,77
2019-06-28 15:31:00.000000000,BEST_BID,"JPM,99358,202"
2019-06-28 15:31:00.000000000,BEST_ASK,"JPM,99359,169"
2019-06-28 15:31:00.000000000,LAST_TRADE,"1,$99358.0000"
2019-06-28 15:31:00.000000000,QUERY_SPREAD,78
2019-06-28 15:31:00.000000000,BEST_BID,"JPM,99358,198"
2019-06-28 15:31:00.000000000,BEST_ASK,"JPM,99359,169"
2019-06-28 15:31:00.000000000,LAST_TRADE,"4,$99358.0000"
2019-06-28 15:31:00.000000000,QUERY_SPREAD,79
2019-06-28 15:31:00.000000000,BEST_BID,"JPM,99358,192"
2019-06-28 15:31:00.000000000,BEST_ASK,"JPM,99359,169"
2019-06-28 15:31:00.000000000,LAST_TRADE,"6,$99358.0000"
2019-06-28 15:31:00.000000000,QUERY_SPREAD,80
2019-06-28 15:31:00.000000000,BEST_BID,"JPM,99358,187"
2019-06-28 15:31:00.000000000,BEST_ASK,"JPM,99359,169"
2019-06-28 15:31:00.000000000,LAST_TRADE,"5,$99358.0000"
2019-06-28 15:31:00.000000000,QUERY_SPREAD,81
2019-06-28 15:31:00.000000000,BEST_BID,"JPM,99358,179"
2019-06-28 15:31:00.000000000,BEST_ASK,"JPM,99359,169"
2019-06-28 15:31:00.000000000,LAST_TRADE,"8,$99358.0000"
2019-06-28 15:31:00.000000000,QUERY_SPREAD,82
2019-06-28 15:31:00.000000000,BEST_BID,"JPM,99358,171"
2019-06-28 15:31:00.000000000,BEST_ASK,"JPM,99359,169"
2019-06-28 15:31:00.000000000,LAST_TRADE,"8,$99358.0000"
2019-06-28 15:31:00.000000000,QUERY_SPREAD,83
2019-06-28 15:31:00.000000000,BEST_BID,"JPM,99358,169"
2019-06-28 15:31:00.000000000,BEST_ASK,"JPM,99359,169"
2019-06-28 15:31:00.000000000,LAST_TRADE,"2,$99358.0000"
2019-06-28 15:31:00.000000000,QUERY_SPREAD,84
2019-06-28 15:31:00.000000000,BEST_BID,"JPM,99358,168"
2019-06-28 15:31:00.000000000,BEST_ASK,"JPM,99359,169"
2019-06-28 15:31:00.000000000,LAST_TRADE,"1,$99358.0000"
2019-06-28 15:31:00.000000000,QUERY_SPREAD,85
2019-06-28 15:31:00.000000000,BEST_BID,"JPM,99358,167"
2019-06-28 15:31:00.000000000,BEST_ASK,"JPM,99359,169"
2019-06-28 15:31:00.000000000,LAST_TRADE,"1,$99358.0000"
2019-06-28 15:31:00.000000000,QUERY_SPREAD,86
2019-06-28 15:31:00.000000000,BEST_BID,"JPM,99358,161"
2019-06-28 15:31:00.000000000,BEST_ASK,"JPM,99359,169"
2019-06-28 15:31:00.000000000,LAST_TRADE,"6,$99358.0000"
2019-06-28 15:31:00.000000000,QUERY_SPREAD,87
2019-06-28 15:31:00.000000000,BEST_BID,"JPM,99358,158"
2019-06-28 15:31:00.000000000,BEST_ASK,"JPM,99359,169"
2019-06-28 15:31:00.000000000,LAST_TRADE,"3,$99358.0000"
2019-06-28 15:31:00.000000000,QUERY_SPREAD,88
2019-06-28 15:31:00.000000000,BEST_BID,"JPM,99358,154"
2019-06-28 15:31:00.000000000,BEST_ASK,"JPM,99359,169"
2019-06-28 15:31:00.000000000,LAST_TRADE,"4,$99358.0000"
2019-06-28 15:31:00.000000000,QUERY_SPREAD,89
2019-06-28 15:31:00.000000000,BEST_BID,"JPM,99358,150"
2019-06-28 15:31:00.000000000,BEST_ASK,"JPM,99359,169"
2019-06-28 15:31:00.000000000,LAST_TRADE,"4,$99358.0000"
2019-06-28 15:31:00.000000000,QUERY_SPREAD,90
2019-06-28 15:31:00.000000000,BEST_BID,"JPM,99358,143"
2019-06-28 15:31:00.000000000,BEST_ASK,"JPM,99359,169"
2019-06-28 15:31:00.000000000,LAST_TRADE,"7,$99358.0000"
2019-06-28 15:31:00.000000000,QUERY_SPREAD,91
2019-06-28 15:31:00.000000000,BEST_BID,"JPM,99358,135"
2019-06-28 15:31:00.000000000,BEST_ASK,"JPM,99359,169"
2019-06-28 15:31:00.000000000,LAST_TRADE,"8,$99358.0000"
2019-06-28 15:31:00.000000000,QUERY_SPREAD,92
2019-06-28 15:31:00.000000000,BEST_BID,"JPM,99358,130"
2019-06-28 15:31:00.000000000,BEST_ASK,"JPM,99359,169"
2019-06-28 15:31:00.000000000,LAST_TRADE,"5,$99358.0000"
2019-06-28 15:31:00.000000000,QUERY_SPREAD,93
2019-06-28 15:31:00.000000000,BEST_BID,"JPM,99358,127"
2019-06-28 15:31:00.000000000,BEST_ASK,"JPM,99359,169"
2019-06-28 15:31:00.000000000,LAST_TRADE,"3,$99358.0000"
2019-06-28 15:31:00.000000000,QUERY_SPREAD,94
2019-06-28 15:31:00.000000000,BEST_BID,"JPM,99358,123"
2019-06-28 15:31:00.000000000,BEST_ASK,"JPM,99359,169"
2019-06-28 15:31:00.000000000,LAST_TRADE,"4,$99358.0000"
2019-06-28 15:31:00.000000000,QUERY_SPREAD,95
2019-06-28 15:31:00.000000000,BEST_BID,"JPM,99358,118"
2019-06-28 15:31:00.000000000,BEST_ASK,"JPM,99359,169"
2019-06-28 15:31:00.000000000,LAST_TRADE,"5,$99358.0000"
2019-06-28 15:31:00.000000000,QUERY_SPREAD,96
2019-06-28 15:31:00.000000000,BEST_BID,"JPM,99358,117"
2019-06-28 15:31:00.000000000,BEST_ASK,"JPM,99359,169"
2019-06-28 15:31:00.000000000,LAST_TRADE,"1,$99358.0000"
2019-06-28 15:31:00.000000000,QUERY_SPREAD,97
2019-06-28 15:31:00.000000000,BEST_BID,"JPM,99358,110"
2019-06-28 15:31:00.000000000,BEST_ASK,"JPM,99359,169"
2019-06-28 15:31:00.000000000,LAST_TRADE,"7,$99358.0000"
2019-06-28 15:31:00.000000000,QUERY_SPREAD,98
2019-06-28 15:31:00.000000000,BEST_BID,"JPM,99358,104"
2019-06-28 15:31:00.000000000,BEST_ASK,"JPM,99359,169"
2019-06-28 15:31:00.000000000,LAST_TRADE,"6,$99358.0000"
2019-06-28 15:31:00.000000000,QUERY_SPREAD,99
2019-06-28 15:31:00.000000000,BEST_BID,"JPM,99358,99"
2019-06-28 15:31:00.000000000,BEST_ASK,"JPM,99359,169"
2019-06-28 15:31:00.000000000,LAST_TRADE,"5,$99358.0000"
2019-06-28 15:31:00.000000000,QUERY_SPREAD,100
2019-06-28 15:31:00.000000000,BEST_BID,"JPM,99358,92"
2019-06-28 15:31:00.000000000,BEST_ASK,"JPM,99359,169"
2019-06-28 15:31:00.000000000,LAST_TRADE,"7,$99358.0000"
2019-06-28 15:31:00.000000000,QUERY_SPREAD,101
2019-06-28 15:31:00.000000000,QUERY_ORDER_STREAM,101
2019-06-28 15:31:00.000000000,BEST_BID,"JPM,99358,93"
2019-06-28 15:31:00.000000000,BEST_ASK,"JPM,99359,169"
2019-06-28 15:31:10.000000000,QUERY_SPREAD,1
2019-06-28 15:31:10.000000000,BEST_BID,"JPM,99358,96"
2019-06-28 15:31:10.000000000,BEST_ASK,"JPM,99359,29"
2019-06-28 15:31:10.000000000,BEST_BID,"JPM,99358,96"
2019-06-28 15:31:10.000000000,BEST_ASK,"JPM,99359,29"
2019-06-28 15:31:10.000000000,BEST_BID,"JPM,99358,96"
2019-06-28 15:31:10.000000000,BEST_ASK,"JPM,99359,29"
2019-06-28 15:31:10.000000000,BEST_BID,"JPM,99358,96"
2019-06-28 15:31:10.000000000,BEST_ASK,"JPM,99359,124"
2019-06-28 15:31:10.000000000,BEST_BID,"JPM,99358,96"
2019-06-28 15:31:10.000000000,BEST_ASK,"JPM,99359,124"
2019-06-28 15:31:10.000000000,BEST_BID,"JPM,99358,96"
2019-06-28 15:31:10.000000000,BEST_ASK,"JPM,99359,124"
2019-06-28 15:31:16.892322953,QUERY_SPREAD,18
2019-06-28 15:31:16.892322953,BEST_BID,"JPM,99301,192"
2019-06-28 15:31:16.892322953,BEST_ASK,"JPM,99358,4"
2019-06-28 15:31:16.892322953,LAST_TRADE,"96,$99358.0000"
2019-06-28 15:31:20.000000000,QUERY_SPREAD,1
2019-06-28 15:31:20.000000000,BEST_BID,"JPM,99301,195"
2019-06-28 15:31:20.000000000,BEST_ASK,"JPM,99358,4"
2019-06-28 15:31:20.000000000,BEST_BID,"JPM,99301,195"
2019-06-28 15:31:20.000000000,BEST_ASK,"JPM,99358,4"
2019-06-28 15:31:20.000000000,BEST_BID,"JPM,99301,195"
2019-06-28 15:31:20.000000000,BEST_ASK,"JPM,99358,4"
2019-06-28 15:31:20.000000000,BEST_BID,"JPM,99301,195"
2019-06-28 15:31:20.000000000,BEST_ASK,"JPM,99358,99"
2019-06-28 15:31:20.000000000,BEST_BID,"JPM,99301,195"
2019-06-28 15:31:20.000000000,BEST_ASK,"JPM,99358,99"
2019-06-28 15:31:20.000000000,BEST_BID,"JPM,99301,195"
2019-06-28 15:31:20.000000000,BEST_ASK,"JPM,99358,99"
2019-06-28 15:31:30.000000000,QUERY_SPREAD,1
2019-06-28 15:31:30.000000000,BEST_BID,"JPM,99301,240"
2019-06-28 15:31:30.000000000,BEST_ASK,"JPM,99358,4"
2019-06-28 15:31:30.000000000,BEST_BID,"JPM,99301,240"
2019-06-28 15:31:30.000000000,BEST_ASK,"JPM,99358,4"
2019-06-28 15:31:30.000000000,BEST_BID,"JPM,99301,240"
2019-06-28 15:31:30.000000000,BEST_ASK,"JPM,99358,144"
2019-06-28 15:31:30.000000000,BEST_BID,"JPM,99301,240"
2019-06-28 15:31:30.000000000,BEST_ASK,"JPM,99358,144"
2019-06-28 15:31:40.000000000,QUERY_SPREAD,1
2019-06-28 15:31:40.000000000,BEST_BID,"JPM,99301,240"
2019-06-28 15:31:40.000000000,BEST_ASK,"JPM,99358,4"
2019-06-28 15:31:40.000000000,BEST_BID,"JPM,99301,240"
2019-06-28 15:31:40.000000000,BEST_ASK,"JPM,99358,4"
2019-06-28 15:31:40.000000000,BEST_BID,"JPM,99301,240"
2019-06-28 15:31:40.000000000,BEST_ASK,"JPM,99358,144"
2019-06-28 15:31:40.000000000,BEST_BID,"JPM,99301,240"
2019-06-28 15:31:40.000000000,BEST_ASK,"JPM,99358,144"
2019-06-28 15:31:42.958610123,QUERY_SPREAD,42
2019-06-28 15:31:42.958610123,BEST_BID,"JPM,99301,240"
2019-06-28 15:31:42.958610123,BEST_ASK,"JPM,99358,144"
2019-06-28 15:31:49.361931236,QUERY_ORDER_STREAM,63
2019-06-28 15:31:49.361931236,QUERY_SPREAD,63
2019-06-28 15:31:50.000000000,QUERY_SPREAD,1
2019-06-28 15:31:50.000000000,BEST_BID,"JPM,99301,156"
2019-06-28 15:31:50.000000000,BEST_ASK,"JPM,99358,4"
2019-06-28 15:31:50.000000000,BEST_BID,"JPM,99301,156"
2019-06-28 15:31:50.000000000,BEST_ASK,"JPM,99358,4"
2019-06-28 15:31:50.000000000,BEST_BID,"JPM,99301,156"
2019-06-28 15:31:50.000000000,BEST_ASK,"JPM,99358,4"
2019-06-28 15:31:50.000000000,BEST_BID,"JPM,99301,156"
2019-06-28 15:31:50.000000000,BEST_ASK,"JPM,99358,4"
2019-06-28 15:31:50.000000000,BEST_BID,"JPM,99301,156"
2019-06-28 15:31:50.000000000,BEST_ASK,"JPM,99358,4"
2019-06-28 15:31:50.000000000,BEST_BID,"JPM,99301,156"
2019-06-28 15:31:50.000000000,BEST_ASK,"JPM,99358,60"
2019-06-28 15:31:50.000000000,BEST_BID,"JPM,99301,156"
2019-06-28 15:31:50.000000000,BEST_ASK,"JPM,99358,60"
2019-06-28 15:31:50.000000000,BEST_BID,"JPM,99301,156"
2019-06-28 15:31:50.000000000,BEST_ASK,"JPM,99358,60"
2019-06-28 15:31:50.000000000,BEST_BID,"JPM,99301,156"
2019-06-28 15:31:50.000000000,BEST_ASK,"JPM,99358,60"
2019-06-28 15:31:50.000000000,BEST_BID,"JPM,99301,156"
2019-06-28 15:31:50.000000000,BEST_ASK,"JPM,99358,60"
2019-06-28 15:32:00.000000000,QUERY_SPREAD,1
2019-06-28 15:32:00.000000000,BEST_BID,"JPM,99301,170"
2019-06-28 15:32:00.000000000,BEST_ASK,"JPM,99358,4"
2019-06-28 15:32:00.000000000,BEST_BID,"JPM,99301,170"
2019-06-28 15:32:00.000000000,BEST_ASK,"JPM,99358,4"
2019-06-28 15:32:00.000000000,BEST_BID,"JPM,99301,170"
2019-06-28 15:32:00.000000000,BEST_ASK,"JPM,99358,4"
2019-06-28 15:32:00.000000000,BEST_BID,"JPM,99301,170"
2019-06-28 15:32:00.000000000,BEST_ASK,"JPM,99358,4"
2019-06-28 15:32:00.000000000,BEST_BID,"JPM,99301,170"
2019-06-28 15:32:00.000000000,BEST_ASK,"JPM,99358,74"
2019-06-28 15:32:00.000000000,BEST_BID,"JPM,99301,170"
2019-06-28 15:32:00.000000000,BEST_ASK,"JPM,99358,74"
2019-06-28 15:32:00.000000000,BEST_BID,"JPM,99301,170"
2019-06-28 15:32:00.000000000,BEST_ASK,"JPM,99358,74"
2019-06-28 15:32:00.000000000,BEST_BID,"JPM,99301,170"
2019-06-28 15:32:00.000000000,BEST_ASK,"JPM,99358,74"
2019-06-28 15:32:00.000000000,QUERY_SPREAD,77
2019-06-28 15:32:00.000000000,BEST_BID,"JPM,99301,169"
2019-06-28 15:32:00.000000000,BEST_ASK,"JPM,99358,74"
2019-06-28 15:32:00.000000000,LAST_TRADE,"1,$99301.0000"
2019-06-28 15:32:00.000000000,QUERY_SPREAD,78
2019-06-28 15:32:00.000000000,BEST_BID,"JPM,99301,165"
2019-06-28 15:32:00.000000000,BEST_ASK,"JPM,99358,74"
2019-06-28 15:32:00.000000000,LAST_TRADE,"4,$99301.0000"
2019-06-28 15:32:00.000000000,QUERY_SPREAD,79
2019-06-28 15:32:00.000000000,BEST_BID,"JPM,99301,159"
2019-06-28 15:32:00.000000000,BEST_ASK,"JPM,99358,74"
2019-06-28 15:32:00.000000000,LAST_TRADE,"6,$99301.0000"
2019-06-28 15:32:00.000000000,QUERY_SPREAD,80
2019-06-28 15:32:00.000000000,BEST_BID,"JPM,99301,154"
2019-06-28 15:32:00.000000000,BEST_ASK,"JPM,99358,74"
2019-06-28 15:32:00.000000000,LAST_TRADE,"5,$99301.0000"
2019-06-28 15:32:00.000000000,QUERY_SPREAD,81
2019-06-28 15:32:00.000000000,BEST_BID,"JPM,99301,146"
2019-06-28 15:32:00.000000000,BEST_ASK,"JPM,99358,74"
2019-06-28 15:32:00.000000000,LAST_TRADE,"8,$99301.0000"
2019-06-28 15:32:00.000000000,QUERY_SPREAD,82
2019-06-28 15:32:00.000000000,BEST_BID,"JPM,99301,138"
2019-06-28 15:32:00.000000000,BEST_ASK,"JPM,99358,74"
2019-06-28 15:32:00.000000000,LAST_TRADE,"8,$99301.0000"
2019-06-28 15:32:00.000000000,QUERY_SPREAD,83
2019-06-28 15:32:00.000000000,BEST_BID,"JPM,99301,136"
2019-06-28 15:32:00.000000000,BEST_ASK,"JPM,99358,74"
2019-06-28 15:32:00.000000000,LAST_TRADE,"2,$99301.0000"
2019-06-28 15:32:00.000000000,QUERY_SPREAD,84
2019-06-28 15:32:00.000000000,BEST_BID,"JPM,99301,135"
2019-06-28 15:32:00.000000000,BEST_ASK,"JPM,99358,74"
2019-06-28 15:32:00.000000000,LAST_TRADE,"1,$99301.0000"
2019-06-28 15:32:00.000000000,QUERY_SPREAD,85
2019-06-28 15:32:00.000000000,BEST_BID,"JPM,99301,134"
2019-06-28 15:32:00.000000000,BEST_ASK,"JPM,99358,74"
2019-06-28 15:32:00.000000000,LAST_TRADE,"1,$99301.0000"
2019-06-28 15:32:00.000000000,QUERY_SPREAD,86
2019-06-28 15:32:00.000000000,BEST_BID,"JPM,99301,128"
2019-06-28 15:32:00.000000000,BEST_ASK,"JPM,99358,74"
2019-06-28 15:32:00.000000000,LAST_TRADE,"6,$99301.0000"
2019-06-28 15:32:00.000000000,QUERY_SPREAD,87
2019-06-28 15:32:00.000000000,BEST_BID,"JPM,99301,125"
2019-06-28 15:32:00.000000000,BEST_ASK,"JPM,99358,74"
2019-06-28 15:32:00.000000000,LAST_TRADE,"3,$99301.0000"
2019-06-28 15:32:00.000000000,QUERY_SPREAD,88
2019-06-28 15:32:00.000000000,BEST_BID,"JPM,99301,121"
2019-06-28 15:32:00.000000000,BEST_ASK,"JPM,99358,74"
2019-06-28 15:32:00.000000000,LAST_TRADE,"4,$99301.0000"
2019-06-28 15:32:00.000000000,QUERY_SPREAD,89
2019-06-28 15:32:00.000000000,BEST_BID,"JPM,99301,117"
2019-06-28 15:32:00.000000000,BEST_ASK,"JPM,99358,74"
2019-06-28 15:32:00.000000000,LAST_TRADE,"4,$99301.0000"
2019-06-28 15:32:00.000000000,QUERY_SPREAD,90
2019-06-28 15:32:00.000000000,BEST_BID,"JPM,99301,110"
2019-06-28 15:32:00.000000000,BEST_ASK,"JPM,99358,74"
2019-06-28 15:32:00.000000000,LAST_TRADE,"7,$99301.0000"
2019-06-28 15:32:00.000000000,QUERY_SPREAD,91
2019-06-28 15:32:00.000000000,BEST_BID,"JPM,99301,102"
2019-06-28 15:32:00.000000000,BEST_ASK,"JPM,99358,74"
2019-06-28 15:32:00.000000000,LAST_TRADE,"8,$99301.0000"
2019-06-28 15:32:00.000000000,QUERY_SPREAD,92
2019-06-28 15:32:00.000000000,BEST_BID,"JPM,99301,97"
2019-06-28 15:32:00.000000000,BEST_ASK,"JPM,99358,74"
2019-06-28 15:32:00.000000000,LAST_TRADE,"5,$99301.0000"
2019-06-28 15:32:00.000000000,QUERY_SPREAD,93
2019-06-28 15:32:00.000000000,BEST_BID,"JPM,99301,94"
2019-06-28 15:32:00.000000000,BEST_ASK,"JPM,99358,74"
2019-06-28 15:32:00.000000000,LAST_TRADE,"3,$99301.0000"
2019-06-28 15:32:00.000000000,QUERY_SPREAD,94
2019-06-28 15:32:00.000000000,BEST_BID,"JPM,99301,90"
2019-06-28 15:32:00.000000000,BEST_ASK,"JPM,99358,74"
2019-06-28 15:32:00.000000000,LAST_TRADE,"4,$99301.0000"
2019-06-28 15:32:00.000000000,QUERY_SPREAD,95
2019-06-28 15:32:00.000000000,BEST_BID,"JPM,99301,85"
2019-06-28 15:32:00.000000000,BEST_ASK,"JPM,99358,74"
2019-06-28 15:32:00.000000000,LAST_TRADE,"5,$99301.0000"
2019-06-28 15:32:00.000000000,QUERY_SPREAD,96
2019-06-28 15:32:00.000000000,BEST_BID,"JPM,99301,84"
2019-06-28 15:32:00.000000000,BEST_ASK,"JPM,99358,74"
2019-06-28 15:32:00.000000000,LAST_TRADE,"1,$99301.0000"
2019-06-28 15:32:00.000000000,QUERY_SPREAD,97
2019-06-28 15:32:00.000000000,BEST_BID,"JPM,99301,77"
2019-06-28 15:32:00.000000000,BEST_ASK,"JPM,99358,74"
2019-06-28 15:32:00.000000000,LAST_TRADE,"7,$99301.0000"
2019-06-28 15:32:00.000000000,QUERY_SPREAD,98
2019-06-28 15:32:00.000000000,BEST_BID,"JPM,99301,71"
2019-06-28 15:32:00.000000000,BEST_ASK,"JPM,99358,74"
2019-06-28 15:32:00.000000000,LAST_TRADE,"6,$99301.0000"
2019-06-28 15:32:00.000000000,QUERY_SPREAD,99
2019-06-28 15:32:00.000000000,BEST_BID,"JPM,99301,66"
2019-06-28 15:32:00.000000000,BEST_ASK,"JPM,99358,74"
2019-06-28 15:32:00.000000000,LAST_TRADE,"5,$99301.0000"
2019-06-28 15:32:00.000000000,QUERY_SPREAD,100
2019-06-28 15:32:00.000000000,BEST_BID,"JPM,99301,59"
2019-06-28 15:32:00.000000000,BEST_ASK,"JPM,99358,74"
2019-06-28 15:32:00.000000000,LAST_TRADE,"7,$99301.0000"
2019-06-28 15:32:00.000000000,QUERY_SPREAD,101
2019-06-28 15:32:00.000000000,QUERY_ORDER_STREAM,101
2019-06-28 15:32:00.000000000,BEST_BID,"JPM,99301,60"
2019-06-28 15:32:00.000000000,BEST_ASK,"JPM,99358,74"
2019-06-28 15:32:10.000000000,QUERY_SPREAD,1
2019-06-28 15:32:10.000000000,BEST_BID,"JPM,99301,96"
2019-06-28 15:32:10.000000000,BEST_ASK,"JPM,99358,4"
2019-06-28 15:32:10.000000000,BEST_BID,"JPM,99301,96"
2019-06-28 15:32:10.000000000,BEST_ASK,"JPM,99358,4"
2019-06-28 15:32:10.000000000,BEST_BID,"JPM,99301,96"
2019-06-28 15:32:10.000000000,BEST_ASK,"JPM,99358,4"
2019-06-28 15:32:10.000000000,BEST_BID,"JPM,99301,96"
2019-06-28 15:32:10.000000000,BEST_ASK,"JPM,99358,99"
2019-06-28 15:32:10.000000000,BEST_BID,"JPM,99301,96"
2019-06-28 15:32:10.000000000,BEST_ASK,"JPM,99358,99"
2019-06-28 15:32:10.000000000,BEST_BID,"JPM,99301,96"
2019-06-28 15:32:10.000000000,BEST_ASK,"JPM,99358,99"
2019-06-28 15:32:17.487377351,QUERY_SPREAD,17
2019-06-28 15:32:17.487377351,BEST_BID,"JPM,99301,96"
2019-06-28 15:32:17.487377351,BEST_ASK,"JPM,99323,100"
2019-06-28 15:32:20.000000000,QUERY_SPREAD,1
2019-06-28 15:32:20.000000000,BEST_BID,"JPM,99301,57"
2019-06-28 15:32:20.000000000,BEST_ASK,"JPM,99323,100"
2019-06-28 15:32:20.000000000,BEST_BID,"JPM,99301,57"
2019-06-28 15:32:20.000000000,BEST_ASK,"JPM,99323,100"
2019-06-28 15:32:20.000000000,BEST_BID,"JPM,99301,57"
2019-06-28 15:32:20.000000000,BEST_ASK,"JPM,99323,100"
2019-06-28 15:32:20.000000000,BEST_BID,"JPM,99301,57"
2019-06-28 15:32:20.000000000,BEST_ASK,"JPM,99323,100"
2019-06-28 15:32:20.000000000,BEST_BID,"JPM,99301,57"
2019-06-28 15:32:20.000000000,BEST_ASK,"JPM,99323,100"
2019-06-28 15:32:20.000000000,BEST_BID,"JPM,99301,57"
2019-06-28 15:32:20.000000000,BEST_ASK,"JPM,99323,156"
2019-06-28 15:32:20.000000000,BEST_BID,"JPM,99301,57"
2019-06-28 15:32:20.000000000,BEST_ASK,"JPM,99323,156"
2019-06-28 15:32:20.000000000,BEST_BID,"JPM,99301,57"
2019-06-28 15:32:20.000000000,BEST_ASK,"JPM,99323,156"
2019-06-28 15:32:20.000000000,BEST_BID,"JPM,99301,57"
2019-06-28 15:32:20.000000000,BEST_ASK,"JPM,99323,156"
2019-06-28 15:32:20.000000000,BEST_BID,"JPM,99301,57"
2019-06-28 15:32:20.000000000,BEST_ASK,"JPM,99323,156"
2019-06-28 15:32:30.000000000,QUERY_SPREAD,1
2019-06-28 15:32:30.000000000,BEST_BID,"JPM,99301,71"
2019-06-28 15:32:30.000000000,BEST_ASK,"JPM,99323,100"
2019-06-28 15:32:30.000000000,BEST_BID,"JPM,99301,71"
2019-06-28 15:32:30.000000000,BEST_ASK,"JPM,99323,100"
2019-06-28 15:32:30.000000000,BEST_BID,"JPM,99301,71"
2019-06-28 15:32:30.000000000,BEST_ASK,"JPM,99323,100"
2019-06-28 15:32:30.000000000,BEST_BID,"JPM,99301,71"
2019-06-28 15:32:30.000000000,BEST_ASK,"JPM,99323,100"
2019-06-28 15:32:30.000000000,BEST_BID,"JPM,99301,71"
2019-06-28 15:32:30.000000000,BEST_ASK,"JPM,99323,170"
2019-06-28 15:32:30.000000000,BEST_BID,"JPM,99301,71"
2019-06-28 15:32:30.000000000,BEST_ASK,"JPM,99323,170"
2019-06-28 15:32:30.000000000,BEST_BID,"JPM,99301,71"
2019-06-28 15:32:30.000000000,BEST_ASK,"JPM,99323,170"
2019-06-28 15:32:30.000000000,BEST_BID,"JPM,99301,71"
2019-06-28 15:32:30.000000000,BEST_ASK,"JPM,99323,170"
2019-06-28 15:32:31.690349426,QUERY_SPREAD,16
2019-06-28 15:32:31.690349426,BEST_BID,"JPM,99301,71"
2019-06-28 15:32:31.690349426,BEST_ASK,"JPM,99323,70"
2019-06-28 15:32:31.690349426,LAST_TRADE,"100,$99323.0000"
2019-06-28 15:32:40.000000000,QUERY_SPREAD,1
2019-06-28 15:32:40.000000000,BEST_BID,"JPM,99301,71"
2019-06-28 15:32:40.000000000,BEST_ASK,"JPM,99358,4"
2019-06-28 15:32:40.000000000,BEST_BID,"JPM,99301,71"
2019-06-28 15:32:40.000000000,BEST_ASK,"JPM,99358,4"
2019-06-28 15:32:40.000000000,BEST_BID,"JPM,99301,71"
2019-06-28 15:32:40.000000000,BEST_ASK,"JPM,99358,4"
2019-06-28 15:32:40.000000000,BEST_BID,"JPM,99301,71"
2019-06-28 15:32:40.000000000,BEST_ASK,"JPM,99358,4"
2019-06-28 15:32:40.000000000,BEST_BID,"JPM,99301,71"
2019-06-28 15:32:40.000000000,BEST_ASK,"JPM,99358,74"
2019-06-28 15:32:40.000000000,BEST_BID,"JPM,99301,71"
2019-06-28 15:32:40.000000000,BEST_ASK,"JPM,99358,74"
2019-06-28 15:32:40.000000000,BEST_BID,"JPM,99301,71"
2019-06-28 15:32:40.000000000,BEST_ASK,"JPM,99358,74"
2019-06-28 15:32:40.000000000,BEST_BID,"JPM,99301,71"
2019-06-28 15:32:40.000000000,BEST_ASK,"JPM,99358,74"
2019-06-28 15:32:50.000000000,QUERY_SPREAD,1
2019-06-28 15:32:50.000000000,BEST_BID,"JPM,99301,96"
2019-06-28 15:32:50.000000000,BEST_ASK,"JPM,99358,4"
2019-06-28 15:32:50.000000000,BEST_BID,"JPM,99301,96"
2019-06-28 15:32:50.000000000,BEST_ASK,"JPM,99358,4"
2019-06-28 15:32:50.000000000,BEST_BID,"JPM,99301,96"
2019-06-28 15:32:50.000000000,BEST_ASK,"JPM,99358,4"
2019-06-28 15:32:50.000000000,BEST_BID,"JPM,99301,96"
2019-06-28 15:32:50.000000000,BEST_ASK,"JPM,99358,99"
2019-06-28 15:32:50.000000000,BEST_BID,"JPM,99301,96"
2019-06-28 15:32:50.000000000,BEST_ASK,"JPM,99358,99"
2019-06-28 15:32:50.000000000,BEST_BID,"JPM,99301,96"
2019-06-28 15:32:50.000000000,BEST_ASK,"JPM,99358,99"
2019-06-28 15:32:58.057603618,QUERY_SPREAD,48
2019-06-28 15:32:58.057603618,BEST_BID,"JPM,99301,96"
2019-06-28 15:32:58.057603618,BEST_ASK,"JPM,99358,99"
2019-06-28 15:33:00.000000000,QUERY_SPREAD,1
2019-06-28 15:33:00.000000000,BEST_BID,"JPM,99301,71"
2019-06-28 15:33:00.000000000,BEST_ASK,"JPM,99358,4"
2019-06-28 15:33:00.000000000,BEST_BID,"JPM,99301,71"
2019-06-28 15:33:00.000000000,BEST_ASK,"JPM,99358,4"
2019-06-28 15:33:00.000000000,BEST_BID,"JPM,99301,71"
2019-06-28 15:33:00.000000000,BEST_ASK,"JPM,99358,4"
2019-06-28 15:33:00.000000000,BEST_BID,"JPM,99301,71"
2019-06-28 15:33:00.000000000,BEST_ASK,"JPM,99358,4"
2019-06-28 15:33:00.000000000,BEST_BID,"JPM,99301,71"
2019-06-28 15:33:00.000000000,BEST_ASK,"JPM,99358,74"
2019-06-28 15:33:00.000000000,BEST_BID,"JPM,99301,71"
2019-06-28 15:33:00.000000000,BEST_ASK,"JPM,99358,74"
2019-06-28 15:33:00.000000000,BEST_BID,"JPM,99301,71"
2019-06-28 15:33:00.000000000,BEST_ASK,"JPM,99358,74"
2019-06-28 15:33:00.000000000,BEST_BID,"JPM,99301,71"
2019-06-28 15:33:00.000000000,BEST_ASK,"JPM,99358,74"
2019-06-28 15:33:00.000000000,QUERY_SPREAD,77
2019-06-28 15:33:00.000000000,BEST_BID,"JPM,99301,70"
2019-06-28 15:33:00.000000000,BEST_ASK,"JPM,99358,74"
2019-06-28 15:33:00.000000000,LAST_TRADE,"1,$99301.0000"
2019-06-28 15:33:00.000000000,QUERY_SPREAD,78
2019-06-28 15:33:00.000000000,BEST_BID,"JPM,99301,66"
2019-06-28 15:33:00.000000000,BEST_ASK,"JPM,99358,74"
2019-06-28 15:33:00.000000000,LAST_TRADE,"4,$99301.0000"
2019-06-28 15:33:00.000000000,QUERY_SPREAD,79
2019-06-28 15:33:00.000000000,BEST_BID,"JPM,99301,60"
2019-06-28 15:33:00.000000000,BEST_ASK,"JPM,99358,74"
2019-06-28 15:33:00.000000000,LAST_TRADE,"6,$99301.0000"
2019-06-28 15:33:00.000000000,QUERY_SPREAD,80
2019-06-28 15:33:00.000000000,BEST_BID,"JPM,99301,55"
2019-06-28 15:33:00.000000000,BEST_ASK,"JPM,99358,74"
2019-06-28 15:33:00.000000000,LAST_TRADE,"5,$99301.0000"
2019-06-28 15:33:00.000000000,QUERY_SPREAD,81
2019-06-28 15:33:00.000000000,BEST_BID,"JPM,99301,47"
2019-06-28 15:33:00.000000000,BEST_ASK,"JPM,99358,74"
2019-06-28 15:33:00.000000000,LAST_TRADE,"8,$99301.0000"
2019-06-28 15:33:00.000000000,QUERY_SPREAD,82
2019-06-28 15:33:00.000000000,BEST_BID,"JPM,99301,39"
2019-06-28 15:33:00.000000000,BEST_ASK,"JPM,99358,74"
2019-06-28 15:33:00.000000000,LAST_TRADE,"8,$99301.0000"
2019-06-28 15:33:00.000000000,QUERY_SPREAD,83
2019-06-28 15:33:00.000000000,BEST_BID,"JPM,99301,37"
2019-06-28 15:33:00.000000000,BEST_ASK,"JPM,99358,74"
2019-06-28 15:33:00.000000000,LAST_TRADE,"2,$99301.0000"
2019-06-28 15:33:00.000000000,QUERY_SPREAD,84
2019-06-28 15:33:00.000000000,BEST_BID,"JPM,99301,36"
2019-06-28 15:33:00.000000000,BEST_ASK,"JPM,99358,74"
2019-06-28 15:33:00.000000000,LAST_TRADE,"1,$99301.0000"
2019-06-28 15:33:00.000000000,QUERY_SPREAD,85
2019-06-28 15:33:00.000000000,BEST_BID,"JPM,99301,35"
2019-06-28 15:33:00.000000000,BEST_ASK,"JPM,99358,74"
2019-06-28 15:33:00.000000000,LAST_TRADE,"1,$99301.0000"
2019-06-28 15:33:00.000000000,QUERY_SPREAD,86
2019-06-28 15:33:00.000000000,BEST_BID,"JPM,99301,29"
2019-06-28 15:33:00.000000000,BEST_ASK,"JPM,99358,74"
2019-06-28 15:33:00.000000000,LAST_TRADE,"6,$99301.0000"
2019-06-28 15:33:00.000000000,QUERY_SPREAD,87
2019-06-28 15:33:00.000000000,BEST_BID,"JPM,99301,26"
2019-06-28 15:33:00.000000000,BEST_ASK,"JPM,99358,74"
2019-06-28 15:33:00.000000000,LAST_TRADE,"3,$99301.0000"
2019-06-28 15:33:00.000000000,QUERY_SPREAD,88
2019-06-28 15:33:00.000000000,BEST_BID,"JPM,99301,22"
2019-06-28 15:33:00.000000000,BEST_ASK,"JPM,99358,74"
2019-06-28 15:33:00.000000000,LAST_TRADE,"4,$99301.0000"
2019-06-28 15:33:00.000000000,QUERY_SPREAD,89
2019-06-28 15:33:00.000000000,BEST_BID,"JPM,99301,18"
2019-06-28 15:33:00.000000000,BEST_ASK,"JPM,99358,74"
2019-06-28 15:33:00.000000000,LAST_TRADE,"4,$99301.0000"
2019-06-28 15:33:00.000000000,QUERY_SPREAD,90
2019-06-28 15:33:00.000000000,BEST_BID,"JPM,99301,11"
2019-06-28 15:33:00.000000000,BEST_ASK,"JPM,99358,74"
2019-06-28 15:33:00.000000000,LAST_TRADE,"7,$99301.0000"
2019-06-28 15:33:00.000000000,QUERY_SPREAD,91
2019-06-28 15:33:00.000000000,BEST_BID,"JPM,99301,3"
2019-06-28 15:33:00.000000000,BEST_ASK,"JPM,99358,74"
2019-06-28 15:33:00.000000000,LAST_TRADE,"8,$99301.0000"
2019-06-28 15:33:00.000000000,QUERY_SPREAD,92
2019-06-28 15:33:00.000000000,BEST_BID,"JPM,99287,170"
2019-06-28 15:33:00.000000000,BEST_ASK,"JPM,99301,2"
2019-06-28 15:33:00.000000000,LAST_TRADE,"3,$99301.0000"
2019-06-28 15:33:00.000000000,QUERY_SPREAD,93
2019-06-28 15:33:00.000000000,BEST_BID,"JPM,99287,167"
2019-06-28 15:33:00.000000000,BEST_ASK,"JPM,99301,2"
2019-06-28 15:33:00.000000000,LAST_TRADE,"3,$99287.0000"
2019-06-28 15:33:00.000000000,QUERY_SPREAD,94
2019-06-28 15:33:00.000000000,BEST_BID,"JPM,99287,163"
2019-06-28 15:33:00.000000000,BEST_ASK,"JPM,99301,2"
2019-06-28 15:33:00.000000000,LAST_TRADE,"4,$99287.0000"
2019-06-28 15:33:00.000000000,QUERY_SPREAD,95
2019-06-28 15:33:00.000000000,BEST_BID,"JPM,99287,158"
2019-06-28 15:33:00.000000000,BEST_ASK,"JPM,99301,2"
2019-06-28 15:33:00.000000000,LAST_TRADE,"5,$99287.0000"
2019-06-28 15:33:00.000000000,QUERY_SPREAD,96
2019-06-28 15:33:00.000000000,BEST_BID,"JPM,99287,157"
2019-06-28 15:33:00.000000000,BEST_ASK,"JPM,99301,2"
2019-06-28 15:33:00.000000000,LAST_TRADE,"1,$99287.0000"
2019-06-28 15:33:00.000000000,QUERY_SPREAD,97
2019-06-28 15:33:00.000000000,BEST_BID,"JPM,99287,150"
2019-06-28 15:33:00.000000000,BEST_ASK,"JPM,99301,2"
2019-06-28 15:33:00.000000000,LAST_TRADE,"7,$99287.0000"
2019-06-28 15:33:00.000000000,QUERY_SPREAD,98
2019-06-28 15:33:00.000000000,BEST_BID,"JPM,99287,144"
2019-06-28 15:33:00.000000000,BEST_ASK,"JPM,99301,2"
2019-06-28 15:33:00.000000000,LAST_TRADE,"6,$99287.0000"
2019-06-28 15:33:00.000000000,QUERY_SPREAD,99
2019-06-28 15:33:00.000000000,BEST_BID,"JPM,99287,139"
2019-06-28 15:33:00.000000000,BEST_ASK,"JPM,99301,2"
2019-06-28 15:33:00.000000000,LAST_TRADE,"5,$99287.0000"
2019-06-28 15:33:00.000000000,QUERY_SPREAD,100
2019-06-28 15:33:00.000000000,BEST_BID,"JPM,99287,132"
2019-06-28 15:33:00.000000000,BEST_ASK,"JPM,99301,2"
2019-06-28 15:33:00.000000000,LAST_TRADE,"7,$99287.0000"
2019-06-28 15:33:00.000000000,QUERY_SPREAD,101
2019-06-28 15:33:00.000000000,QUERY_ORDER_STREAM,101
2019-06-28 15:33:00.000000000,BEST_BID,"JPM,99287,133"
2019-06-28 15:33:00.000000000,BEST_ASK,"JPM,99301,2"
2019-06-28 15:33:03.064444643,QUERY_ORDER_STREAM,54
2019-06-28 15:33:03.064444643,QUERY_SPREAD,54
2019-06-28 15:33:03.064444643,BEST_BID,"JPM,99287,33"
2019-06-28 15:33:03.064444643,BEST_ASK,"JPM,99301,2"
2019-06-28 15:33:03.064444643,LAST_TRADE,"100,$99287.0000"
2019-06-28 15:33:03.088323186,QUERY_ORDER_STREAM,65
2019-06-28 15:33:03.088323186,QUERY_SPREAD,65
2019-06-28 15:33:03.088323186,BEST_BID,"JPM,99287,133"
2019-06-28 15:33:03.088323186,BEST_ASK,"JPM,99301,2"
2019-06-28 15:33:10.000000000,QUERY_SPREAD,1
2019-06-28 15:33:10.000000000,BEST_BID,"JPM,99287,157"
2019-06-28 15:33:10.000000000,BEST_ASK,"JPM,99301,2"
2019-06-28 15:33:10.000000000,BEST_BID,"JPM,99287,157"
2019-06-28 15:33:10.000000000,BEST_ASK,"JPM,99301,2"
2019-06-28 15:33:10.000000000,BEST_BID,"JPM,99287,157"
2019-06-28 15:33:10.000000000,BEST_ASK,"JPM,99301,2"
2019-06-28 15:33:10.000000000,BEST_BID,"JPM,99287,157"
2019-06-28 15:33:10.000000000,BEST_ASK,"JPM,99301,2"
2019-06-28 15:33:10.000000000,BEST_BID,"JPM,99287,157"
2019-06-28 15:33:10.000000000,BEST_ASK,"JPM,99301,2"
2019-06-28 15:33:10.000000000,BEST_BID,"JPM,99287,157"
2019-06-28 15:33:10.000000000,BEST_ASK,"JPM,99301,58"
2019-06-28 15:33:10.000000000,BEST_BID,"JPM,99287,157"
2019-06-28 15:33:10.000000000,BEST_ASK,"JPM,99301,58"
2019-06-28 15:33:10.000000000,BEST_BID,"JPM,99287,157"
2019-06-28 15:33:10.000000000,BEST_ASK,"JPM,99301,58"
2019-06-28 15:33:10.000000000,BEST_BID,"JPM,99287,157"
2019-06-28 15:33:10.000000000,BEST_ASK,"JPM,99301,58"
2019-06-28 15:33:10.000000000,BEST_BID,"JPM,99287,157"
2019-06-28 15:33:10.000000000,BEST_ASK,"JPM,99301,58"
2019-06-28 15:33:20.000000000,QUERY_SPREAD,1
2019-06-28 15:33:20.000000000,BEST_BID,"JPM,99287,241"
2019-06-28 15:33:20.000000000,BEST_ASK,"JPM,99301,2"
2019-06-28 15:33:20.000000000,BEST_BID,"JPM,99287,241"
2019-06-28 15:33:20.000000000,BEST_ASK,"JPM,99301,2"
2019-06-28 15:33:20.000000000,BEST_BID,"JPM,99287,241"
2019-06-28 15:33:20.000000000,BEST_ASK,"JPM,99301,142"
2019-06-28 15:33:20.000000000,BEST_BID,"JPM,99287,241"
2019-06-28 15:33:20.000000000,BEST_ASK,"JPM,99301,142"
2019-06-28 15:33:27.755403562,QUERY_SPREAD,36
2019-06-28 15:33:27.755403562,BEST_BID,"JPM,99287,241"
2019-06-28 15:33:27.755403562,BEST_ASK,"JPM,99301,42"
2019-06-28 15:33:27.755403562,LAST_TRADE,"100,$99301.0000"
2019-06-28 15:33:30.000000000,QUERY_SPREAD,1
2019-06-28 15:33:30.000000000,BEST_BID,"JPM,99287,157"
2019-06-28 15:33:30.000000000,BEST_ASK,"JPM,99358,4"
2019-06-28 15:33:30.000000000,BEST_BID,"JPM,99287,157"
2019-06-28 15:33:30.000000000,BEST_ASK,"JPM,99358,4"
2019-06-28 15:33:30.000000000,BEST_BID,"JPM,99287,157"
2019-06-28 15:33:30.000000000,BEST_ASK,"JPM,99358,4"
2019-06-28 15:33:30.000000000,BEST_BID,"JPM,99287,157"
2019-06-28 15:33:30.000000000,BEST_ASK,"JPM,99358,4"
2019-06-28 15:33:30.000000000,BEST_BID,"JPM,99287,157"
2019-06-28 15:33:30.000000000,BEST_ASK,"JPM,99358,4"
2019-06-28 15:33:30.000000000,BEST_BID,"JPM,99287,157"
2019-06-28 15:33:30.000000000,BEST_ASK,"JPM,99358,60"
2019-06-28 15:33:30.000000000,BEST_BID,"JPM,99287,157"
2019-06-28 15:33:30.000000000,BEST_ASK,"JPM,99358,60"
2019-06-28 15:33:30.000000000,BEST_BID,"JPM,99287,157"
2019-06-28 15:33:30.000000000,BEST_ASK,"JPM,99358,60"
2019-06-28 15:33:30.000000000,BEST_BID,"JPM,99287,157"
2019-06-28 15:33:30.000000000,BEST_ASK,"JPM,99358,60"
2019-06-28 15:33:30.000000000,BEST_BID,"JPM,99287,157"
2019-06-28 15:33:30.000000000,BEST_ASK,"JPM,99358,60"
2019-06-28 15:33:40.000000000,QUERY_SPREAD,1
2019-06-28 15:33:40.000000000,BEST_BID,"JPM,99287,381"
2019-06-28 15:33:40.000000000,BEST_ASK,"JPM,99358,4"
2019-06-28 15:33:40.000000000,BEST_BID,"JPM,99287,381"
2019-06-28 15:33:40.000000000,BEST_ASK,"JPM,99358,284"
2019-06-28 15:33:45.260114681,QUERY_SPREAD,9
2019-06-28 15:33:45.260114681,BEST_BID,"JPM,99287,381"
2019-06-28 15:33:45.260114681,BEST_ASK,"JPM,99358,284"
2019-06-28 15:33:50.000000000,QUERY_SPREAD,1
2019-06-28 15:33:50.000000000,BEST_BID,"JPM,99287,171"
2019-06-28 15:33:50.000000000,BEST_ASK,"JPM,99358,4"
2019-06-28 15:33:50.000000000,BEST_BID,"JPM,99287,171"
2019-06-28 15:33:50.000000000,BEST_ASK,"JPM,99358,4"
2019-06-28 15:33:50.000000000,BEST_BID,"JPM,99287,171"
2019-06-28 15:33:50.000000000,BEST_ASK,"JPM,99358,4"
2019-06-28 15:33:50.000000000,BEST_BID,"JPM,99287,171"
2019-06-28 15:33:50.000000000,BEST_ASK,"JPM,99358,4"
2019-06-28 15:33:50.000000000,BEST_BID,"JPM,99287,171"
2019-06-28 15:33:50.000000000,BEST_ASK,"JPM,99358,74"
2019-06-28 15:33:50.000000000,BEST_BID,"JPM,99287,171"
2019-06-28 15:33:50.000000000,BEST_ASK,"JPM,99358,74"
2019-06-28 15:33:50.000000000,BEST_BID,"JPM,99287,171"
2019-06-28 15:33:50.000000000,BEST_ASK,"JPM,99358,74"
2019-06-28 15:33:50.000000000,BEST_BID,"JPM,99287,171"
2019-06-28 15:33:50.000000000,BEST_ASK,"JPM,99358,74"
2019-06-28 15:34:00.000000000,QUERY_SPREAD,1
2019-06-28 15:34:00.000000000,BEST_BID,"JPM,99287,241"
2019-06-28 15:34:00.000000000,BEST_ASK,"JPM,99358,4"
2019-06-28 15:34:00.000000000,BEST_BID,"JPM,99287,241"
2019-06-28 15:34:00.000000000,BEST_ASK,"JPM,99358,4"
2019-06-28 15:34:00.000000000,BEST_BID,"JPM,99287,241"
2019-06-28 15:34:00.000000000,BEST_ASK,"JPM,99358,144"
2019-06-28 15:34:00.000000000,BEST_BID,"JPM,99287,241"
2019-06-28 15:34:00.000000000,BEST_ASK,"JPM,99358,144"
2019-06-28 15:34:00.000000000,QUERY_SPREAD,77
2019-06-28 15:34:00.000000000,BEST_BID,"JPM,99287,240"
2019-06-28 15:34:00.000000000,BEST_ASK,"JPM,99358,144"
2019-06-28 15:34:00.000000000,LAST_TRADE,"1,$99287.0000"
2019-06-28 15:34:00.000000000,QUERY_SPREAD,78
2019-06-28 15:34:00.000000000,BEST_BID,"JPM,99287,236"
2019-06-28 15:34:00.000000000,BEST_ASK,"JPM,99358,144"
2019-06-28 15:34:00.000000000,LAST_TRADE,"4,$99287.0000"
2019-06-28 15:34:00.000000000,QUERY_SPREAD,79
2019-06-28 15:34:00.000000000,BEST_BID,"JPM,99287,230"
2019-06-28 15:34:00.000000000,BEST_ASK,"JPM,99358,144"
2019-06-28 15:34:00.000000000,LAST_TRADE,"6,$99287.0000"
2019-06-28 15:34:00.000000000,QUERY_SPREAD,80
2019-06-28 15:34:00.000000000,BEST_BID,"JPM,99287,225"
2019-06-28 15:34:00.000000000,BEST_ASK,"JPM,99358,144"
2019-06-28 15:34:00.000000000,LAST_TRADE,"5,$99287.0000"
2019-06-28 15:34:00.000000000,QUERY_SPREAD,81
2019-06-28 15:34:00.000000000,BEST_BID,"JPM,99287,217"
2019-06-28 15:34:00.000000000,BEST_ASK,"JPM,99358,144"
2019-06-28 15:34:00.000000000,LAST_TRADE,"8,$99287.0000"
2019-06-28 15:34:00.000000000,QUERY_SPREAD,82
2019-06-28 15:34:00.000000000,BEST_BID,"JPM,99287,209"
2019-06-28 15:34:00.000000000,BEST_ASK,"JPM,99358,144"
2019-06-28 15:34:00.000000000,LAST_TRADE,"8,$99287.0000"
2019-06-28 15:34:00.000000000,QUERY_SPREAD,83
2019-06-28 15:34:00.000000000,BEST_BID,"JPM,99287,207"
2019-06-28 15:34:00.000000000,BEST_ASK,"JPM,99358,144"
2019-06-28 15:34:00.000000000,LAST_TRADE,"2,$99287.0000"
2019-06-28 15:34:00.000000000,QUERY_SPREAD,84
2019-06-28 15:34:00.000000000,BEST_BID,"JPM,99287,206"
2019-06-28 15:34:00.000000000,BEST_ASK,"JPM,99358,144"
2019-06-28 15:34:00.000000000,LAST_TRADE,"1,$99287.0000"
2019-06-28 15:34:00.000000000,QUERY_SPREAD,85
2019-06-28 15:34:00.000000000,BEST_BID,"JPM,99287,205"
2019-06-28 15:34:00.000000000,BEST_ASK,"JPM,99358,144"
2019-06-28 15:34:00.000000000,LAST_TRADE,"1,$99287.0000"
2019-06-28 15:34:00.000000000,QUERY_SPREAD,86
2019-06-28 15:34:00.000000000,BEST_BID,"JPM,99287,199"
2019-06-28 15:34:00.000000000,BEST_ASK,"JPM,99358,144"
2019-06-28 15:34:00.000000000,LAST_TRADE,"6,$99287.0000"
2019-06-28 15:34:00.000000000,QUERY_SPREAD,87
2019-06-28 15:34:00.000000000,BEST_BID,"JPM,99287,196"
2019-06-28 15:34:00.000000000,BEST_ASK,"JPM,99358,144"
2019-06-28 15:34:00.000000000,LAST_TRADE,"3,$99287.0000"
2019-06-28 15:34:00.000000000,QUERY_SPREAD,88
2019-06-28 15:34:00.000000000,BEST_BID,"JPM,99287,192"
2019-06-28 15:34:00.000000000,BEST_ASK,"JPM,99358,144"
2019-06-28 15:34:00.000000000,LAST_TRADE,"4,$99287.0000"
2019-06-28 15:34:00.000000000,QUERY_SPREAD,89
2019-06-28 15:34:00.000000000,BEST_BID,"JPM,99287,188"
2019-06-28 15:34:00.000000000,BEST_ASK,"JPM,99358,144"
2019-06-28 15:34:00.000000000,LAST_TRADE,"4,$99287.0000"
2019-06-28 15:34:00.000000000,QUERY_SPREAD,90
2019-06-28 15:34:00.000000000,BEST_BID,"JPM,99287,181"
2019-06-28 15:34:00.000000000,BEST_ASK,"JPM,99358,144"
2019-06-28 15:34:00.000000000,LAST_TRADE,"7,$99287.0000"
2019-06-28 15:34:00.000000000,QUERY_SPREAD,91
2019-06-28 15:34:00.000000000,BEST_BID,"JPM,99287,173"
2019-06-28 15:34:00.000000000,BEST_ASK,"JPM,99358,144"
2019-06-28 15:34:00.000000000,LAST_TRADE,"8,$99287.0000"
2019-06-28 15:34:00.000000000,QUERY_SPREAD,92
2019-06-28 15:34:00.000000000,BEST_BID,"JPM,99287,168"
2019-06-28 15:34:00.000000000,BEST_ASK,"JPM,99358,144"
2019-06-28 15:34:00.000000000,LAST_TRADE,"5,$99287.0000"
2019-06-28 15:34:00.000000000,QUERY_SPREAD,93
2019-06-28 15:34:00.000000000,BEST_BID,"JPM,99287,165"
2019-06-28 15:34:00.000000000,BEST_ASK,"JPM,99358,144"
2019-06-28 15:34:00.000000000,LAST_TRADE,"3,$99287.0000"
2019-06-28 15:34:00.000000000,QUERY_SPREAD,94
2019-06-28 15:34:00.000000000,BEST_BID,"JPM,99287,161"
2019-06-28 15:34:00.000000000,BEST_ASK,"JPM,99358,144"
2019-06-28 15:34:00.000000000,LAST_TRADE,"4,$99287.0000"
2019-06-28 15:34:00.000000000,QUERY_SPREAD,95
2019-06-28 15:34:00.000000000,BEST_BID,"JPM,99287,156"
2019-06-28 15:34:00.000000000,BEST_ASK,"JPM,99358,144"
2019-06-28 15:34:00.000000000,LAST_TRADE,"5,$99287.0000"
2019-06-28 15:34:00.000000000,QUERY_SPREAD,96
2019-06-28 15:34:00.000000000,BEST_BID,"JPM,99287,155"
2019-06-28 15:34:00.000000000,BEST_ASK,"JPM,99358,144"
2019-06-28 15:34:00.000000000,LAST_TRADE,"1,$99287.0000"
2019-06-28 15:34:00.000000000,QUERY_SPREAD,97
2019-06-28 15:34:00.000000000,BEST_BID,"JPM,99287,148"
2019-06-28 15:34:00.000000000,BEST_ASK,"JPM,99358,144"
2019-06-28 15:34:00.000000000,LAST_TRADE,"7,$99287.0000"
2019-06-28 15:34:00.000000000,QUERY_SPREAD,98
2019-06-28 15:34:00.000000000,BEST_BID,"JPM,99287,142"
2019-06-28 15:34:00.000000000,BEST_ASK,"JPM,99358,144"
2019-06-28 15:34:00.000000000,LAST_TRADE,"6,$99287.0000"
2019-06-28 15:34:00.000000000,QUERY_SPREAD,99
2019-06-28 15:34:00.000000000,BEST_BID,"JPM,99287,137"
2019-06-28 15:34:00.000000000,BEST_ASK,"JPM,99358,144"
2019-06-28 15:34:00.000000000,LAST_TRADE,"5,$99287.0000"
2019-06-28 15:34:00.000000000,QUERY_SPREAD,100
2019-06-28 15:34:00.000000000,BEST_BID,"JPM,99287,130"
2019-06-28 15:34:00.000000000,BEST_ASK,"JPM,99358,144"
2019-06-28 15:34:00.000000000,LAST_TRADE,"7,$99287.0000"
2019-06-28 15:34:00.000000000,QUERY_SPREAD,101
2019-06-28 15:34:00.000000000,QUERY_ORDER_STREAM,101
2019-06-28 15:34:00.000000000,BEST_BID,"JPM,99287,131"
2019-06-28 15:34:00.000000000,BEST_ASK,"JPM,99358,144"
2019-06-28 15:34:02.278011277,QUERY_SPREAD,18
2019-06-28 15:34:02.278011277,BEST_BID,"JPM,99287,131"
2019-06-28 15:34:02.278011277,BEST_ASK,"JPM,99358,140"
2019-06-28 15:34:04.203896331,QUERY_SPREAD,48
2019-06-28 15:34:04.203896331,BEST_BID,"JPM,99287,131"
2019-06-28 15:34:04.203896331,BEST_ASK,"JPM,99358,140"
2019-06-28 15:34:10.000000000,QUERY_SPREAD,1
2019-06-28 15:34:10.000000000,BEST_BID,"JPM,99287,57"
2019-06-28 15:34:10.000000000,BEST_ASK,"JPM,99359,29"
2019-06-28 15:34:10.000000000,BEST_BID,"JPM,99287,57"
2019-06-28 15:34:10.000000000,BEST_ASK,"JPM,99359,29"
2019-06-28 15:34:10.000000000,BEST_BID,"JPM,99287,57"
2019-06-28 15:34:10.000000000,BEST_ASK,"JPM,99359,29"
2019-06-28 15:34:10.000000000,BEST_BID,"JPM,99287,57"
2019-06-28 15:34:10.000000000,BEST_ASK,"JPM,99359,29"
2019-06-28 15:34:10.000000000,BEST_BID,"JPM,99287,57"
2019-06-28 15:34:10.000000000,BEST_ASK,"JPM,99359,29"
2019-06-28 15:34:10.000000000,BEST_BID,"JPM,99287,57"
2019-06-28 15:34:10.000000000,BEST_ASK,"JPM,99359,85"
2019-06-28 15:34:10.000000000,BEST_BID,"JPM,99287,57"
2019-06-28 15:34:10.000000000,BEST_ASK,"JPM,99359,85"
2019-06-28 15:34:10.000000000,BEST_BID,"JPM,99287,57"
2019-06-28 15:34:10.000000000,BEST_ASK,"JPM,99359,85"
2019-06-28 15:34:10.000000000,BEST_BID,"JPM,99287,57"
2019-06-28 15:34:10.000000000,BEST_ASK,"JPM,99359,85"
2019-06-28 15:34:10.000000000,BEST_BID,"JPM,99287,57"
2019-06-28 15:34:10.000000000,BEST_ASK,"JPM,99359,85"
2019-06-28 15:34:20.000000000,QUERY_SPREAD,1
2019-06-28 15:34:20.000000000,BEST_BID,"JPM,99287,71"
2019-06-28 15:34:20.000000000,BEST_ASK,"JPM,99359,29"
2019-06-28 15:34:20.000000000,BEST_BID,"JPM,99287,71"
2019-06-28 15:34:20.000000000,BEST_ASK,"JPM,99359,29"
2019-06-28 15:34:20.000000000,BEST_BID,"JPM,99287,71"
2019-06-28 15:34:20.000000000,BEST_ASK,"JPM,99359,29"
2019-06-28 15:34:20.000000000,BEST_BID,"JPM,99287,71"
2019-06-28 15:34:20.000000000,BEST_ASK,"JPM,99359,29"
2019-06-28 15:34:20.000000000,BEST_BID,"JPM,99287,71"
2019-06-28 15:34:20.000000000,BEST_ASK,"JPM,99359,99"
2019-06-28 15:34:20.000000000,BEST_BID,"JPM,99287,71"
2019-06-28 15:34:20.000000000,BEST_ASK,"JPM,99359,99"
2019-06-28 15:34:20.000000000,BEST_BID,"JPM,99287,71"
2019-06-28 15:34:20.000000000,BEST_ASK,"JPM,99359,99"
2019-06-28 15:34:20.000000000,BEST_BID,"JPM,99287,71"
2019-06-28 15:34:20.000000000,BEST_ASK,"JPM,99359,99"
2019-06-28 15:34:29.408063087,QUERY_SPREAD,16
2019-06-28 15:34:29.408063087,BEST_BID,"JPM,99287,71"
2019-06-28 15:34:29.408063087,BEST_ASK,"JPM,99359,99"
2019-06-28 15:34:30.000000000,QUERY_SPREAD,1
2019-06-28 15:34:30.000000000,BEST_BID,"JPM,99287,281"
2019-06-28 15:34:30.000000000,BEST_ASK,"JPM,99359,29"
2019-06-28 15:34:30.000000000,BEST_BID,"JPM,99287,281"
2019-06-28 15:34:30.000000000,BEST_ASK,"JPM,99359,309"
2019-06-28 15:34:31.175579111,QUERY_SPREAD,23
2019-06-28 15:34:31.175579111,BEST_BID,"JPM,99287,281"
2019-06-28 15:34:31.175579111,BEST_ASK,"JPM,99359,209"
2019-06-28 15:34:31.175579111,LAST_TRADE,"100,$99359.0000"
2019-06-28 15:34:33.047456782,QUERY_SPREAD,51
2019-06-28 15:34:33.047456782,BEST_BID,"JPM,99287,281"
2019-06-28 15:34:33.047456782,BEST_ASK,"JPM,99359,109"
2019-06-28 15:34:33.047456782,LAST_TRADE,"100,$99359.0000"
2019-06-28 15:34:40.000000000,QUERY_SPREAD,1
2019-06-28 15:34:40.000000000,BEST_BID,"JPM,99287,96"
2019-06-28 15:34:40.000000000,BEST_ASK,"JPM,99446,100"
2019-06-28 15:34:40.000000000,BEST_BID,"JPM,99287,96"
2019-06-28 15:34:40.000000000,BEST_ASK,"JPM,99446,100"
2019-06-28 15:34:40.000000000,BEST_BID,"JPM,99287,96"
2019-06-28 15:34:40.000000000,BEST_ASK,"JPM,99446,100"
2019-06-28 15:34:40.000000000,BEST_BID,"JPM,99287,96"
2019-06-28 15:34:40.000000000,BEST_ASK,"JPM,99446,195"
2019-06-28 15:34:40.000000000,BEST_BID,"JPM,99287,96"
2019-06-28 15:34:40.000000000,BEST_ASK,"JPM,99446,195"
2019-06-28 15:34:40.000000000,BEST_BID,"JPM,99287,96"
2019-06-28 15:34:40.000000000,BEST_ASK,"JPM,99446,195"
2019-06-28 15:34:47.984204301,QUERY_SPREAD,35
2019-06-28 15:34:47.984204301,BEST_BID,"JPM,99287,96"
2019-06-28 15:34:47.984204301,BEST_ASK,"JPM,99446,95"
2019-06-28 15:34:47.984204301,LAST_TRADE,"100,$99446.0000"
2019-06-28 15:34:50.000000000,QUERY_SPREAD,1
2019-06-28 15:34:50.000000000,BEST_BID,"JPM,99287,57"
2019-06-28 15:34:50.000000000,BEST_ASK,"JPM,99447,100"
2019-06-28 15:34:50.000000000,BEST_BID,"JPM,99287,57"
2019-06-28 15:34:50.000000000,BEST_ASK,"JPM,99447,100"
2019-06-28 15:34:50.000000000,BEST_BID,"JPM,99287,57"
2019-06-28 15:34:50.000000000,BEST_ASK,"JPM,99447,100"
2019-06-28 15:34:50.000000000,BEST_BID,"JPM,99287,57"
2019-06-28 15:34:50.000000000,BEST_ASK,"JPM,99447,100"
2019-06-28 15:34:50.000000000,BEST_BID,"JPM,99287,57"
2019-06-28 15:34:50.000000000,BEST_ASK,"JPM,99447,100"
2019-06-28 15:34:50.000000000,BEST_BID,"JPM,99287,57"
2019-06-28 15:34:50.000000000,BEST_ASK,"JPM,99447,156"
2019-06-28 15:34:50.000000000,BEST_BID,"JPM,99287,57"
2019-06-28 15:34:50.000000000,BEST_ASK,"JPM,99447,156"
2019-06-28 15:34:50.000000000,BEST_BID,"JPM,99287,57"
2019-06-28 15:34:50.000000000,BEST_ASK,"JPM,99447,156"
2019-06-28 15:34:50.000000000,BEST_BID,"JPM,99287,57"
2019-06-28 15:34:50.000000000,BEST_ASK,"JPM,99447,156"
2019-06-28 15:34:50.000000000,BEST_BID,"JPM,99287,57"
2019-06-28 15:34:50.000000000,BEST_ASK,"JPM,99447,156"
2019-06-28 15:35:00.000000000,QUERY_SPREAD,1
2019-06-28 15:35:00.000000000,BEST_BID,"JPM,99287,96"
2019-06-28 15:35:00.000000000,BEST_ASK,"JPM,99447,100"
2019-06-28 15:35:00.000000000,BEST_BID,"JPM,99287,96"
2019-06-28 15:35:00.000000000,BEST_ASK,"JPM,99447,100"
2019-06-28 15:35:00.000000000,BEST_BID,"JPM,99287,96"
2019-06-28 15:35:00.000000000,BEST_ASK,"JPM,99447,100"
2019-06-28 15:35:00.000000000,BEST_BID,"JPM,99287,96"
2019-06-28 15:35:00.000000000,BEST_ASK,"JPM,99447,195"
2019-06-28 15:35:00.000000000,BEST_BID,"JPM,99287,96"
2019-06-28 15:35:00.000000000,BEST_ASK,"JPM,99447,195"
2019-06-28 15:35:00.000000000,BEST_BID,"JPM,99287,96"
2019-06-28 15:35:00.000000000,BEST_ASK,"JPM,99447,195"
2019-06-28 15:35:00.000000000,QUERY_SPREAD,77
2019-06-28 15:35:00.000000000,BEST_BID,"JPM,99287,95"
2019-06-28 15:35:00.000000000,BEST_ASK,"JPM,99447,195"
2019-06-28 15:35:00.000000000,LAST_TRADE,"1,$99287.0000"
2019-06-28 15:35:00.000000000,QUERY_SPREAD,78
2019-06-28 15:35:00.000000000,BEST_BID,"JPM,99287,91"
2019-06-28 15:35:00.000000000,BEST_ASK,"JPM,99447,195"
2019-06-28 15:35:00.000000000,LAST_TRADE,"4,$99287.0000"
2019-06-28 15:35:00.000000000,QUERY_SPREAD,79
2019-06-28 15:35:00.000000000,BEST_BID,"JPM,99287,85"
2019-06-28 15:35:00.000000000,BEST_ASK,"JPM,99447,195"
2019-06-28 15:35:00.000000000,LAST_TRADE,"6,$99287.0000"
2019-06-28 15:35:00.000000000,QUERY_SPREAD,80
2019-06-28 15:35:00.000000000,BEST_BID,"JPM,99287,80"
2019-06-28 15:35:00.000000000,BEST_ASK,"JPM,99447,195"
2019-06-28 15:35:00.000000000,LAST_TRADE,"5,$99287.0000"
2019-06-28 15:35:00.000000000,QUERY_SPREAD,81
2019-06-28 15:35:00.000000000,BEST_BID,"JPM,99287,72"
2019-06-28 15:35:00.000000000,BEST_ASK,"JPM,99447,195"
2019-06-28 15:35:00.000000000,LAST_TRADE,"8,$99287.0000"
2019-06-28 15:35:00.000000000,QUERY_SPREAD,82
2019-06-28 15:35:00.000000000,BEST_BID,"JPM,99287,64"
2019-06-28 15:35:00.000000000,BEST_ASK,"JPM,99447,195"
2019-06-28 15:35:00.000000000,LAST_TRADE,"8,$99287.0000"
2019-06-28 15:35:00.000000000,QUERY_SPREAD,83
2019-06-28 15:35:00.000000000,BEST_BID,"JPM,99287,62"
2019-06-28 15:35:00.000000000,BEST_ASK,"JPM,99447,195"
2019-06-28 15:35:00.000000000,LAST_TRADE,"2,$99287.0000"
2019-06-28 15:35:00.000000000,QUERY_SPREAD,84
2019-06-28 15:35:00.000000000,BEST_BID,"JPM,99287,61"
2019-06-28 15:35:00.000000000,BEST_ASK,"JPM,99447,195"
2019-06-28 15:35:00.000000000,LAST_TRADE,"1,$99287.0000"
2019-06-28 15:35:00.000000000,QUERY_SPREAD,85
2019-06-28 15:35:00.000000000,BEST_BID,"JPM,99287,60"
2019-06-28 15:35:00.000000000,BEST_ASK,"JPM,99447,195"
2019-06-28 15:35:00.000000000,LAST_TRADE,"1,$99287.0000"
2019-06-28 15:35:00.000000000,QUERY_SPREAD,86
2019-06-28 15:35:00.000000000,BEST_BID,"JPM,99287,54"
2019-06-28 15:35:00.000000000,BEST_ASK,"JPM,99447,195"
2019-06-28 15:35:00.000000000,LAST_TRADE,"6,$99287.0000"
2019-06-28 15:35:00.000000000,QUERY_SPREAD,87
2019-06-28 15:35:00.000000000,BEST_BID,"JPM,99287,51"
2019-06-28 15:35:00.000000000,BEST_ASK,"JPM,99447,195"
2019-06-28 15:35:00.000000000,LAST_TRADE,"3,$99287.0000"
2019-06-28 15:35:00.000000000,QUERY_SPREAD,88
2019-06-28 15:35:00.000000000,BEST_BID,"JPM,99287,47"
2019-06-28 15:35:00.000000000,BEST_ASK,"JPM,99447,195"
2019-06-28 15:35:00.000000000,LAST_TRADE,"4,$99287.0000"
2019-06-28 15:35:00.000000000,QUERY_SPREAD,89
2019-06-28 15:35:00.000000000,BEST_BID,"JPM,99287,43"
2019-06-28 15:35:00.000000000,BEST_ASK,"JPM,99447,195"
2019-06-28 15:35:00.000000000,LAST_TRADE,"4,$99287.0000"
2019-06-28 15:35:00.000000000,QUERY_SPREAD,90
2019-06-28 15:35:00.000000000,BEST_BID,"JPM,99287,36"
2019-06-28 15:35:00.000000000,BEST_ASK,"JPM,99447,195"
2019-06-28 15:35:00.000000000,LAST_TRADE,"7,$99287.0000"
2019-06-28 15:35:00.000000000,QUERY_SPREAD,91
2019-06-28 15:35:00.000000000,BEST_BID,"JPM,99287,28"
2019-06-28 15:35:00.000000000,BEST_ASK,"JPM,99447,195"
2019-06-28 15:35:00.000000000,LAST_TRADE,"8,$99287.0000"
2019-06-28 15:35:00.000000000,QUERY_SPREAD,92
2019-06-28 15:35:00.000000000,BEST_BID,"JPM,99287,23"
2019-06-28 15:35:00.000000000,BEST_ASK,"JPM,99447,195"
2019-06-28 15:35:00.000000000,LAST_TRADE,"5,$99287.0000"
2019-06-28 15:35:00.000000000,QUERY_SPREAD,93
2019-06-28 15:35:00.000000000,BEST_BID,"JPM,99287,20"
2019-06-28 15:35:00.000000000,BEST_ASK,"JPM,99447,195"
2019-06-28 15:35:00.000000000,LAST_TRADE,"3,$99287.0000"
2019-06-28 15:35:00.000000000,QUERY_SPREAD,94
2019-06-28 15:35:00.000000000,BEST_BID,"JPM,99287,16"
2019-06-28 15:35:00.000000000,BEST_ASK,"JPM,99447,195"
2019-06-28 15:35:00.000000000,LAST_TRADE,"4,$99287.0000"
2019-06-28 15:35:00.000000000,QUERY_SPREAD,95
2019-06-28 15:35:00.000000000,BEST_BID,"JPM,99287,11"
2019-06-28 15:35:00.000000000,BEST_ASK,"JPM,99447,195"
2019-06-28 15:35:00.000000000,LAST_TRADE,"5,$99287.0000"
2019-06-28 15:35:00.000000000,QUERY_SPREAD,96
2019-06-28 15:35:00.000000000,BEST_BID,"JPM,99287,10"
2019-06-28 15:35:00.000000000,BEST_ASK,"JPM,99447,195"
2019-06-28 15:35:00.000000000,LAST_TRADE,"1,$99287.0000"
2019-06-28 15:35:00.000000000,QUERY_SPREAD,97
2019-06-28 15:35:00.000000000,BEST_BID,"JPM,99287,3"
2019-06-28 15:35:00.000000000,BEST_ASK,"JPM,99447,195"
2019-06-28 15:35:00.000000000,LAST_TRADE,"7,$99287.0000"
2019-06-28 15:35:00.000000000,QUERY_SPREAD,98
2019-06-28 15:35:00.000000000,BEST_BID,"JPM,99096,192"
2019-06-28 15:35:00.000000000,BEST_ASK,"JPM,99287,3"
2019-06-28 15:35:00.000000000,LAST_TRADE,"3,$99287.0000"
2019-06-28 15:35:00.000000000,QUERY_SPREAD,99
2019-06-28 15:35:00.000000000,BEST_BID,"JPM,99096,187"
2019-06-28 15:35:00.000000000,BEST_ASK,"JPM,99287,3"
2019-06-28 15:35:00.000000000,LAST_TRADE,"5,$99096.0000"
2019-06-28 15:35:00.000000000,QUERY_SPREAD,100
2019-06-28 15:35:00.000000000,BEST_BID,"JPM,99096,180"
2019-06-28 15:35:00.000000000,BEST_ASK,"JPM,99287,3"
2019-06-28 15:35:00.000000000,LAST_TRADE,"7,$99096.0000"
2019-06-28 15:35:00.000000000,QUERY_SPREAD,101
2019-06-28 15:35:00.000000000,QUERY_ORDER_STREAM,101
2019-06-28 15:35:00.000000000,BEST_BID,"JPM,99096,181"
2019-06-28 15:35:00.000000000,BEST_ASK,"JPM,99287,3"
2019-06-28 15:35:04.570630687,QUERY_SPREAD,11
2019-06-28 15:35:04.570630687,BEST_BID,"JPM,99096,181"
2019-06-28 15:35:04.570630687,BEST_ASK,"JPM,99287,3"
2019-06-28 15:35:10.000000000,QUERY_SPREAD,1
2019-06-28 15:35:10.000000000,BEST_BID,"JPM,99096,229"
2019-06-28 15:35:10.000000000,BEST_ASK,"JPM,99287,3"
2019-06-28 15:35:10.000000000,BEST_BID,"JPM,99096,229"
2019-06-28 15:35:10.000000000,BEST_ASK,"JPM,99287,3"
2019-06-28 15:35:10.000000000,BEST_BID,"JPM,99096,229"
2019-06-28 15:35:10.000000000,BEST_ASK,"JPM,99287,143"
2019-06-28 15:35:10.000000000,BEST_BID,"JPM,99096,229"
2019-06-28 15:35:10.000000000,BEST_ASK,"JPM,99287,143"
2019-06-28 15:35:12.199177982,QUERY_SPREAD,25
2019-06-28 15:35:12.199177982,BEST_BID,"JPM,99096,229"
2019-06-28 15:35:12.199177982,BEST_ASK,"JPM,99287,143"
2019-06-28 15:35:20.000000000,QUERY_SPREAD,1
2019-06-28 15:35:20.000000000,BEST_BID,"JPM,99096,229"
2019-06-28 15:35:20.000000000,BEST_ASK,"JPM,99287,3"
2019-06-28 15:35:20.000000000,BEST_BID,"JPM,99096,229"
2019-06-28 15:35:20.000000000,BEST_ASK,"JPM,99287,3"
2019-06-28 15:35:20.000000000,BEST_BID,"JPM,99096,229"
2019-06-28 15:35:20.000000000,BEST_ASK,"JPM,99287,143"
2019-06-28 15:35:20.000000000,BEST_BID,"JPM,99096,229"
2019-06-28 15:35:20.000000000,BEST_ASK,"JPM,99287,143"
2019-06-28 15:35:29.493184324,QUERY_SPREAD,12
2019-06-28 15:35:29.493184324,BEST_BID,"JPM,99096,229"
2019-06-28 15:35:29.493184324,BEST_ASK,"JPM,99287,143"
2019-06-28 15:35:30.000000000,QUERY_SPREAD,1
2019-06-28 15:35:30.000000000,BEST_BID,"JPM,99096,145"
2019-06-28 15:35:30.000000000,BEST_ASK,"JPM,99287,3"
2019-06-28 15:35:30.000000000,BEST_BID,"JPM,99096,145"
2019-06-28 15:35:30.000000000,BEST_ASK,"JPM,99287,3"
2019-06-28 15:35:30.000000000,BEST_BID,"JPM,99096,145"
2019-06-28 15:35:30.000000000,BEST_ASK,"JPM,99287,3"
2019-06-28 15:35:30.000000000,BEST_BID,"JPM,99096,145"
2019-06-28 15:35:30.000000000,BEST_ASK,"JPM,99287,3"
2019-06-28 15:35:30.000000000,BEST_BID,"JPM,99096,145"
2019-06-28 15:35:30.000000000,BEST_ASK,"JPM,99287,3"
2019-06-28 15:35:30.000000000,BEST_BID,"JPM,99096,145"
2019-06-28 15:35:30.000000000,BEST_ASK,"JPM,99287,59"
2019-06-28 15:35:30.000000000,BEST_BID,"JPM,99096,145"
2019-06-28 15:35:30.000000000,BEST_ASK,"JPM,99287,59"
2019-06-28 15:35:30.000000000,BEST_BID,"JPM,99096,145"
2019-06-28 15:35:30.000000000,BEST_ASK,"JPM,99287,59"
2019-06-28 15:35:30.000000000,BEST_BID,"JPM,99096,145"
2019-06-28 15:35:30.000000000,BEST_ASK,"JPM,99287,59"
2019-06-28 15:35:30.000000000,BEST_BID,"JPM,99096,145"
2019-06-28 15:35:30.000000000,BEST_ASK,"JPM,99287,59"
2019-06-28 15:35:37.502102587,QUERY_ORDER_STREAM,72
2019-06-28 15:35:37.502102587,QUERY_SPREAD,72
2019-06-28 15:35:37.502102587,BEST_BID,"JPM,99096,245"
2019-06-28 15:35:37.502102587,BEST_ASK,"JPM,99287,59"
2019-06-28 15:35:40.000000000,QUERY_SPREAD,1
2019-06-28 15:35:40.000000000,BEST_BID,"JPM,99096,245"
2019-06-28 15:35:40.000000000,BEST_ASK,"JPM,99287,3"
2019-06-28 15:35:40.000000000,BEST_BID,"JPM,99096,245"
2019-06-28 15:35:40.000000000,BEST_ASK,"JPM,99287,3"
2019-06-28 15:35:40.000000000,BEST_BID,"JPM,99096,245"
2019-06-28 15:35:40.000000000,BEST_ASK,"JPM,99287,3"
2019-06-28 15:35:40.000000000,BEST_BID,"JPM,99096,245"
2019-06-28 15:35:40.000000000,BEST_ASK,"JPM,99287,3"
2019-06-28 15:35:40.000000000,BEST_BID,"JPM,99096,245"
2019-06-28 15:35:40.000000000,BEST_ASK,"JPM,99287,3"
2019-06-28 15:35:40.000000000,BEST_BID,"JPM,99096,245"
2019-06-28 15:35:40.000000000,BEST_ASK,"JPM,99287,59"
2019-06-28 15:35:40.000000000,BEST_BID,"JPM,99096,245"
2019-06-28 15:35:40.000000000,BEST_ASK,"JPM,99287,59"
2019-06-28 15:35:40.000000000,BEST_BID,"JPM,99096,245"
2019-06-28 15:35:40.000000000,BEST_ASK,"JPM,99287,59"
2019-06-28 15:35:40.000000000,BEST_BID,"JPM,99096,245"
2019-06-28 15:35:40.000000000,BEST_ASK,"JPM,99287,59"
2019-06-28 15:35:40.000000000,BEST_BID,"JPM,99096,245"
2019-06-28 15:35:40.000000000,BEST_ASK,"JPM,99287,59"
2019-06-28 15:35:40.642794239,QUERY_SPREAD,45
2019-06-28 15:35:40.642794239,BEST_BID,"JPM,99096,245"
2019-06-28 15:35:40.642794239,BEST_ASK,"JPM,99287,59"
2019-06-28 15:35:43.833392849,QUERY_ORDER_STREAM,67
2019-06-28 15:35:43.833392849,QUERY_SPREAD,67
2019-06-28 15:35:43.833392849,BEST_BID,"JPM,99096,345"
2019-06-28 15:35:43.833392849,BEST_ASK,"JPM,99287,59"
2019-06-28 15:35:50.000000000,QUERY_SPREAD,1
2019-06-28 15:35:50.000000000,BEST_BID,"JPM,99096,429"
2019-06-28 15:35:50.000000000,BEST_ASK,"JPM,99287,3"
2019-06-28 15:35:50.000000000,BEST_BID,"JPM,99096,429"
2019-06-28 15:35:50.000000000,BEST_ASK,"JPM,99287,3"
2019-06-28 15:35:50.000000000,BEST_BID,"JPM,99096,429"
2019-06-28 15:35:50.000000000,BEST_ASK,"JPM,99287,143"
2019-06-28 15:35:50.000000000,BEST_BID,"JPM,99096,429"
2019-06-28 15:35:50.000000000,BEST_ASK,"JPM,99287,143"
2019-06-28 15:36:00.000000000,QUERY_SPREAD,1
2019-06-28 15:36:00.000000000,BEST_BID,"JPM,99096,429"
2019-06-28 15:36:00.000000000,BEST_ASK,"JPM,99287,3"
2019-06-28 15:36:00.000000000,BEST_BID,"JPM,99096,429"
2019-06-28 15:36:00.000000000,BEST_ASK,"JPM,99287,3"
2019-06-28 15:36:00.000000000,BEST_BID,"JPM,99096,429"
2019-06-28 15:36:00.000000000,BEST_ASK,"JPM,99287,143"
2019-06-28 15:36:00.000000000,BEST_BID,"JPM,99096,429"
2019-06-28 15:36:00.000000000,BEST_ASK,"JPM,99287,143"
2019-06-28 15:36:00.000000000,QUERY_SPREAD,77
2019-06-28 15:36:00.000000000,BEST_BID,"JPM,99096,428"
2019-06-28 15:36:00.000000000,BEST_ASK,"JPM,99287,143"
2019-06-28 15:36:00.000000000,LAST_TRADE,"1,$99096.0000"
2019-06-28 15:36:00.000000000,QUERY_SPREAD,78
2019-06-28 15:36:00.000000000,BEST_BID,"JPM,99096,424"
2019-06-28 15:36:00.000000000,BEST_ASK,"JPM,99287,143"
2019-06-28 15:36:00.000000000,LAST_TRADE,"4,$99096.0000"
2019-06-28 15:36:00.000000000,QUERY_SPREAD,79
2019-06-28 15:36:00.000000000,BEST_BID,"JPM,99096,418"
2019-06-28 15:36:00.000000000,BEST_ASK,"JPM,99287,143"
2019-06-28 15:36:00.000000000,LAST_TRADE,"6,$99096.0000"
2019-06-28 15:36:00.000000000,QUERY_SPREAD,80
2019-06-28 15:36:00.000000000,BEST_BID,"JPM,99096,413"
2019-06-28 15:36:00.000000000,BEST_ASK,"JPM,99287,143"
2019-06-28 15:36:00.000000000,LAST_TRADE,"5,$99096.0000"
2019-06-28 15:36:00.000000000,QUERY_SPREAD,81
2019-06-28 15:36:00.000000000,BEST_BID,"JPM,99096,405"
2019-06-28 15:36:00.000000000,BEST_ASK,"JPM,99287,143"
2019-06-28 15:36:00.000000000,LAST_TRADE,"8,$99096.0000"
2019-06-28 15:36:00.000000000,QUERY_SPREAD,82
2019-06-28 15:36:00.000000000,BEST_BID,"JPM,99096,397"
2019-06-28 15:36:00.000000000,BEST_ASK,"JPM,99287,143"
2019-06-28 15:36:00.000000000,LAST_TRADE,"8,$99096.0000"
2019-06-28 15:36:00.000000000,QUERY_SPREAD,83
2019-06-28 15:36:00.000000000,BEST_BID,"JPM,99096,395"
2019-06-28 15:36:00.000000000,BEST_ASK,"JPM,99287,143"
2019-06-28 15:36:00.000000000,LAST_TRADE,"2,$99096.0000"
2019-06-28 15:36:00.000000000,QUERY_SPREAD,84
2019-06-28 15:36:00.000000000,BEST_BID,"JPM,99096,394"
2019-06-28 15:36:00.000000000,BEST_ASK,"JPM,99287,143"
2019-06-28 15:36:00.000000000,LAST_TRADE,"1,$99096.0000"
2019-06-28 15:36:00.000000000,QUERY_SPREAD,85
2019-06-28 15:36:00.000000000,BEST_BID,"JPM,99096,393"
2019-06-28 15:36:00.000000000,BEST_ASK,"JPM,99287,143"
2019-06-28 15:36:00.000000000,LAST_TRADE,"1,$99096.0000"
2019-06-28 15:36:00.000000000,QUERY_SPREAD,86
2019-06-28 15:36:00.000000000,BEST_BID,"JPM,99096,387"
2019-06-28 15:36:00.000000000,BEST_ASK,"JPM,99287,143"
2019-06-28 15:36:00.000000000,LAST_TRADE,"6,$99096.0000"
2019-06-28 15:36:00.000000000,QUERY_SPREAD,87
2019-06-28 15:36:00.000000000,BEST_BID,"JPM,99096,384"
2019-06-28 15:36:00.000000000,BEST_ASK,"JPM,99287,143"
2019-06-28 15:36:00.000000000,LAST_TRADE,"3,$99096.0000"
2019-06-28 15:36:00.000000000,QUERY_SPREAD,88
2019-06-28 15:36:00.000000000,BEST_BID,"JPM,99096,380"
2019-06-28 15:36:00.000000000,BEST_ASK,"JPM,99287,143"
2019-06-28 15:36:00.000000000,LAST_TRADE,"4,$99096.0000"
2019-06-28 15:36:00.000000000,QUERY_SPREAD,89
2019-06-28 15:36:00.000000000,BEST_BID,"JPM,99096,376"
2019-06-28 15:36:00.000000000,BEST_ASK,"JPM,99287,143"
2019-06-28 15:36:00.000000000,LAST_TRADE,"4,$99096.0000"
2019-06-28 15:36:00.000000000,QUERY_SPREAD,90
2019-06-28 15:36:00.000000000,BEST_BID,"JPM,99096,369"
2019-06-28 15:36:00.000000000,BEST_ASK,"JPM,99287,143"
2019-06-28 15:36:00.000000000,LAST_TRADE,"7,$99096.0000"
2019-06-28 15:36:00.000000000,QUERY_SPREAD,91
2019-06-28 15:36:00.000000000,BEST_BID,"JPM,99096,361"
2019-06-28 15:36:00.000000000,BEST_ASK,"JPM,99287,143"
2019-06-28 15:36:00.000000000,LAST_TRADE,"8,$99096.0000"
2019-06-28 15:36:00.000000000,QUERY_SPREAD,92
2019-06-28 15:36:00.000000000,BEST_BID,"JPM,99096,356"
2019-06-28 15:36:00.000000000,BEST_ASK,"JPM,99287,143"
2019-06-28 15:36:00.000000000,LAST_TRADE,"5,$99096.0000"
2019-06-28 15:36:00.000000000,QUERY_SPREAD,93
2019-06-28 15:36:00.000000000,BEST_BID,"JPM,99096,353"
2019-06-28 15:36:00.000000000,BEST_ASK,"JPM,99287,143"
2019-06-28 15:36:00.000000000,LAST_TRADE,"3,$99096.0000"
2019-06-28 15:36:00.000000000,QUERY_SPREAD,94
2019-06-28 15:36:00.000000000,BEST_BID,"JPM,99096,349"
2019-06-28 15:36:00.000000000,BEST_ASK,"JPM,99287,143"
2019-06-28 15:36:00.000000000,LAST_TRADE,"4,$99096.0000"
2019-06-28 15:36:00.000000000,QUERY_SPREAD,95
2019-06-28 15:36:00.000000000,BEST_BID,"JPM,99096,344"
2019-06-28 15:36:00.000000000,BEST_ASK,"JPM,99287,143"
2019-06-28 15:36:00.000000000,LAST_TRADE,"5,$99096.0000"
2019-06-28 15:36:00.000000000,QUERY_SPREAD,96
2019-06-28 15:36:00.000000000,BEST_BID,"JPM,99096,343"
2019-06-28 15:36:00.000000000,BEST_ASK,"JPM,99287,143"
2019-06-28 15:36:00.000000000,LAST_TRADE,"1,$99096.0000"
2019-06-28 15:36:00.000000000,QUERY_SPREAD,97
2019-06-28 15:36:00.000000000,BEST_BID,"JPM,99096,336"
2019-06-28 15:36:00.000000000,BEST_ASK,"JPM,99287,143"
2019-06-28 15:36:00.000000000,LAST_TRADE,"7,$99096.0000"
2019-06-28 15:36:00.000000000,QUERY_SPREAD,98
2019-06-28 15:36:00.000000000,BEST_BID,"JPM,99096,330"
2019-06-28 15:36:00.000000000,BEST_ASK,"JPM,99287,143"
2019-06-28 15:36:00.000000000,LAST_TRADE,"6,$99096.0000"
2019-06-28 15:36:00.000000000,QUERY_SPREAD,99
2019-06-28 15:36:00.000000000,BEST_BID,"JPM,99096,325"
2019-06-28 15:36:00.000000000,BEST_ASK,"JPM,99287,143"
2019-06-28 15:36:00.000000000,LAST_TRADE,"5,$99096.0000"
2019-06-28 15:36:00.000000000,QUERY_SPREAD,100
2019-06-28 15:36:00.000000000,BEST_BID,"JPM,99096,318"
2019-06-28 15:36:00.000000000,BEST_ASK,"JPM,99287,143"
2019-06-28 15:36:00.000000000,LAST_TRADE,"7,$99096.0000"
2019-06-28 15:36:00.000000000,QUERY_SPREAD,101
2019-06-28 15:36:00.000000000,QUERY_ORDER_STREAM,101
2019-06-28 15:36:00.000000000,BEST_BID,"JPM,99096,319"
2019-06-28 15:36:00.000000000,BEST_ASK,"JPM,99287,143"
2019-06-28 15:36:05.583088252,QUERY_SPREAD,43
2019-06-28 15:36:05.583088252,BEST_BID,"JPM,99096,319"
2019-06-28 15:36:05.583088252,BEST_ASK,"JPM,99287,143"
2019-06-28 15:36:10.000000000,QUERY_SPREAD,1
2019-06-28 15:36:10.000000000,BEST_BID,"JPM,99096,459"
2019-06-28 15:36:10.000000000,BEST_ASK,"JPM,99287,3"
2019-06-28 15:36:10.000000000,BEST_BID,"JPM,99096,459"
2019-06-28 15:36:10.000000000,BEST_ASK,"JPM,99287,283"
2019-06-28 15:36:16.961322491,QUERY_SPREAD,16
2019-06-28 15:36:16.961322491,BEST_BID,"JPM,99096,459"
2019-06-28 15:36:16.961322491,BEST_ASK,"JPM,99287,183"
2019-06-28 15:36:16.961322491,LAST_TRADE,"100,$99287.0000"
2019-06-28 15:36:20.000000000,QUERY_SPREAD,1
2019-06-28 15:36:20.000000000,BEST_BID,"JPM,99096,249"
2019-06-28 15:36:20.000000000,BEST_ASK,"JPM,99341,100"
2019-06-28 15:36:20.000000000,BEST_BID,"JPM,99096,249"
2019-06-28 15:36:20.000000000,BEST_ASK,"JPM,99341,100"
2019-06-28 15:36:20.000000000,BEST_BID,"JPM,99096,249"
2019-06-28 15:36:20.000000000,BEST_ASK,"JPM,99341,100"
2019-06-28 15:36:20.000000000,BEST_BID,"JPM,99096,249"
2019-06-28 15:36:20.000000000,BEST_ASK,"JPM,99341,100"
2019-06-28 15:36:20.000000000,BEST_BID,"JPM,99096,249"
2019-06-28 15:36:20.000000000,BEST_ASK,"JPM,99341,170"
2019-06-28 15:36:20.000000000,BEST_BID,"JPM,99096,249"
2019-06-28 15:36:20.000000000,BEST_ASK,"JPM,99341,170"
2019-06-28 15:36:20.000000000,BEST_BID,"JPM,99096,249"
2019-06-28 15:36:20.000000000,BEST_ASK,"JPM,99341,170"
2019-06-28 15:36:20.000000000,BEST_BID,"JPM,99096,249"
2019-06-28 15:36:20.000000000,BEST_ASK,"JPM,99341,170"
2019-06-28 15:36:21.535701545,QUERY_ORDER_STREAM,65
2019-06-28 15:36:21.535701545,QUERY_SPREAD,65
2019-06-28 15:36:30.000000000,QUERY_SPREAD,1
2019-06-28 15:36:30.000000000,BEST_BID,"JPM,99096,459"
2019-06-28 15:36:30.000000000,BEST_ASK,"JPM,99341,100"
2019-06-28 15:36:30.000000000,BEST_BID,"JPM,99096,459"
2019-06-28 15:36:30.000000000,BEST_ASK,"JPM,99341,380"
2019-06-28 15:36:37.772164262,QUERY_SPREAD,29
2019-06-28 15:36:37.772164262,BEST_BID,"JPM,99301,100"
2019-06-28 15:36:37.772164262,BEST_ASK,"JPM,99341,380"
2019-06-28 15:36:40.000000000,QUERY_SPREAD,1
2019-06-28 15:36:40.000000000,BEST_BID,"JPM,99301,195"
2019-06-28 15:36:40.000000000,BEST_ASK,"JPM,99341,100"
2019-06-28 15:36:40.000000000,BEST_BID,"JPM,99301,195"
2019-06-28 15:36:40.000000000,BEST_ASK,"JPM,99341,100"
2019-06-28 15:36:40.000000000,BEST_BID,"JPM,99301,195"
2019-06-28 15:36:40.000000000,BEST_ASK,"JPM,99341,100"
2019-06-28 15:36:40.000000000,BEST_BID,"JPM,99301,195"
2019-06-28 15:36:40.000000000,BEST_ASK,"JPM,99341,195"
2019-06-28 15:36:40.000000000,BEST_BID,"JPM,99301,195"
2019-06-28 15:36:40.000000000,BEST_ASK,"JPM,99341,195"
2019-06-28 15:36:40.000000000,BEST_BID,"JPM,99301,195"
2019-06-28 15:36:40.000000000,BEST_ASK,"JPM,99341,195"
2019-06-28 15:36:40.208629628,QUERY_SPREAD,27
2019-06-28 15:36:40.208629628,BEST_BID,"JPM,99301,95"
2019-06-28 15:36:40.208629628,BEST_ASK,"JPM,99341,195"
2019-06-28 15:36:40.208629628,LAST_TRADE,"100,$99301.0000"
2019-06-28 15:36:50.000000000,QUERY_SPREAD,1
2019-06-28 15:36:50.000000000,BEST_BID,"JPM,99096,319"
2019-06-28 15:36:50.000000000,BEST_ASK,"JPM,99341,100"
2019-06-28 15:36:50.000000000,BEST_BID,"JPM,99096,319"
2019-06-28 15:36:50.000000000,BEST_ASK,"JPM,99341,100"
2019-06-28 15:36:50.000000000,BEST_BID,"JPM,99096,319"
2019-06-28 15:36:50.000000000,BEST_ASK,"JPM,99341,240"
2019-06-28 15:36:50.000000000,BEST_BID,"JPM,99096,319"
2019-06-28 15:36:50.000000000,BEST_ASK,"JPM,99341,240"
2019-06-28 15:36:54.468324976,QUERY_SPREAD,35
2019-06-28 15:36:54.468324976,BEST_BID,"JPM,99096,319"
2019-06-28 15:36:54.468324976,BEST_ASK,"JPM,99341,140"
2019-06-28 15:36:54.468324976,LAST_TRADE,"100,$99341.0000"
2019-06-28 15:37:00.000000000,QUERY_SPREAD,1
2019-06-28 15:37:00.000000000,BEST_BID,"JPM,99096,235"
2019-06-28 15:37:00.000000000,BEST_ASK,"JPM,99435,100"
2019-06-28 15:37:00.000000000,BEST_BID,"JPM,99096,235"
2019-06-28 15:37:00.000000000,BEST_ASK,"JPM,99435,100"
2019-06-28 15:37:00.000000000,BEST_BID,"JPM,99096,235"
2019-06-28 15:37:00.000000000,BEST_ASK,"JPM,99435,100"
2019-06-28 15:37:00.000000000,BEST_BID,"JPM,99096,235"
2019-06-28 15:37:00.000000000,BEST_ASK,"JPM,99435,100"
2019-06-28 15:37:00.000000000,BEST_BID,"JPM,99096,235"
2019-06-28 15:37:00.000000000,BEST_ASK,"JPM,99435,100"
2019-06-28 15:37:00.000000000,BEST_BID,"JPM,99096,235"
2019-06-28 15:37:00.000000000,BEST_ASK,"JPM,99435,156"
2019-06-28 15:37:00.000000000,BEST_BID,"JPM,99096,235"
2019-06-28 15:37:00.000000000,BEST_ASK,"JPM,99435,156"
2019-06-28 15:37:00.000000000,BEST_BID,"JPM,99096,235"
2019-06-28 15:37:00.000000000,BEST_ASK,"JPM,99435,156"
2019-06-28 15:37:00.000000000,BEST_BID,"JPM,99096,235"
2019-06-28 15:37:00.000000000,BEST_ASK,"JPM,99435,156"
2019-06-28 15:37:00.000000000,BEST_BID,"JPM,99096,235"
2019-06-28 15:37:00.000000000,BEST_ASK,"JPM,99435,156"
2019-06-28 15:37:00.000000000,QUERY_SPREAD,77
2019-06-28 15:37:00.000000000,BEST_BID,"JPM,99096,234"
2019-06-28 15:37:00.000000000,BEST_ASK,"JPM,99435,156"
2019-06-28 15:37:00.000000000,LAST_TRADE,"1,$99096.0000"
2019-06-28 15:37:00.000000000,QUERY_SPREAD,78
2019-06-28 15:37:00.000000000,BEST_BID,"JPM,99096,230"
2019-06-28 15:37:00.000000000,BEST_ASK,"JPM,99435,156"
2019-06-28 15:37:00.000000000,LAST_TRADE,"4,$99096.0000"
2019-06-28 15:37:00.000000000,QUERY_SPREAD,79
2019-06-28 15:37:00.000000000,BEST_BID,"JPM,99096,224"
2019-06-28 15:37:00.000000000,BEST_ASK,"JPM,99435,156"
2019-06-28 15:37:00.000000000,LAST_TRADE,"6,$99096.0000"
2019-06-28 15:37:00.000000000,QUERY_SPREAD,80
2019-06-28 15:37:00.000000000,BEST_BID,"JPM,99096,219"
2019-06-28 15:37:00.000000000,BEST_ASK,"JPM,99435,156"
2019-06-28 15:37:00.000000000,LAST_TRADE,"5,$99096.0000"
2019-06-28 15:37:00.000000000,QUERY_SPREAD,81
2019-06-28 15:37:00.000000000,BEST_BID,"JPM,99096,211"
2019-06-28 15:37:00.000000000,BEST_ASK,"JPM,99435,156"
2019-06-28 15:37:00.000000000,LAST_TRADE,"8,$99096.0000"
2019-06-28 15:37:00.000000000,QUERY_SPREAD,82
2019-06-28 15:37:00.000000000,BEST_BID,"JPM,99096,203"
2019-06-28 15:37:00.000000000,BEST_ASK,"JPM,99435,156"
2019-06-28 15:37:00.000000000,LAST_TRADE,"8,$99096.0000"
2019-06-28 15:37:00.000000000,QUERY_SPREAD,83
2019-06-28 15:37:00.000000000,BEST_BID,"JPM,99096,201"
2019-06-28 15:37:00.000000000,BEST_ASK,"JPM,99435,156"
2019-06-28 15:37:00.000000000,LAST_TRADE,"2,$99096.0000"
2019-06-28 15:37:00.000000000,QUERY_SPREAD,84
2019-06-28 15:37:00.000000000,BEST_BID,"JPM,99096,200"
2019-06-28 15:37:00.000000000,BEST_ASK,"JPM,99435,156"
2019-06-28 15:37:00.000000000,LAST_TRADE,"1,$99096.0000"
2019-06-28 15:37:00.000000000,QUERY_SPREAD,85
2019-06-28 15:37:00.000000000,BEST_BID,"JPM,99096,199"
2019-06-28 15:37:00.000000000,BEST_ASK,"JPM,99435,156"
2019-06-28 15:37:00.000000000,LAST_TRADE,"1,$99096.0000"
2019-06-28 15:37:00.000000000,QUERY_SPREAD,86
2019-06-28 15:37:00.000000000,BEST_BID,"JPM,99096,193"
2019-06-28 15:37:00.000000000,BEST_ASK,"JPM,99435,156"
2019-06-28 15:37:00.000000000,LAST_TRADE,"6,$99096.0000"
2019-06-28 15:37:00.000000000,QUERY_SPREAD,87
2019-06-28 15:37:00.000000000,BEST_BID,"JPM,99096,190"
2019-06-28 15:37:00.000000000,BEST_ASK,"JPM,99435,156"
2019-06-28 15:37:00.000000000,LAST_TRADE,"3,$99096.0000"
2019-06-28 15:37:00.000000000,QUERY_SPREAD,88
2019-06-28 15:37:00.000000000,BEST_BID,"JPM,99096,186"
2019-06-28 15:37:00.000000000,BEST_ASK,"JPM,99435,156"
2019-06-28 15:37:00.000000000,LAST_TRADE,"4,$99096.0000"
2019-06-28 15:37:00.000000000,QUERY_SPREAD,89
2019-06-28 15:37:00.000000000,BEST_BID,"JPM,99096,182"
2019-06-28 15:37:00.000000000,BEST_ASK,"JPM,99435,156"
2019-06-28 15:37:00.000000000,LAST_TRADE,"4,$99096.0000"
2019-06-28 15:37:00.000000000,QUERY_SPREAD,90
2019-06-28 15:37:00.000000000,BEST_BID,"JPM,99096,175"
2019-06-28 15:37:00.000000000,BEST_ASK,"JPM,99435,156"
2019-06-28 15:37:00.000000000,LAST_TRADE,"7,$99096.0000"
2019-06-28 15:37:00.000000000,QUERY_SPREAD,91
2019-06-28 15:37:00.000000000,BEST_BID,"JPM,99096,167"
2019-06-28 15:37:00.000000000,BEST_ASK,"JPM,99435,156"
2019-06-28 15:37:00.000000000,LAST_TRADE,"8,$99096.0000"
2019-06-28 15:37:00.000000000,QUERY_SPREAD,92
2019-06-28 15:37:00.000000000,BEST_BID,"JPM,99096,162"
2019-06-28 15:37:00.000000000,BEST_ASK,"JPM,99435,156"
2019-06-28 15:37:00.000000000,LAST_TRADE,"5,$99096.0000"
2019-06-28 15:37:00.000000000,QUERY_SPREAD,93
2019-06-28 15:37:00.000000000,BEST_BID,"JPM,99096,159"
2019-06-28 15:37:00.000000000,BEST_ASK,"JPM,99435,156"
2019-06-28 15:37:00.000000000,LAST_TRADE,"3,$99096.0000"
2019-06-28 15:37:00.000000000,QUERY_SPREAD,94
2019-06-28 15:37:00.000000000,BEST_BID,"JPM,99096,155"
2019-06-28 15:37:00.000000000,BEST_ASK,"JPM,99435,156"
2019-06-28 15:37:00.000000000,LAST_TRADE,"4,$99096.0000"
2019-06-28 15:37:00.000000000,QUERY_SPREAD,95
2019-06-28 15:37:00.000000000,BEST_BID,"JPM,99096,150"
2019-06-28 15:37:00.000000000,BEST_ASK,"JPM,99435,156"
2019-06-28 15:37:00.000000000,LAST_TRADE,"5,$99096.0000"
2019-06-28 15:37:00.000000000,QUERY_SPREAD,96
2019-06-28 15:37:00.000000000,BEST_BID,"JPM,99096,149"
2019-06-28 15:37:00.000000000,BEST_ASK,"JPM,99435,156"
2019-06-28 15:37:00.000000000,LAST_TRADE,"1,$99096.0000"
2019-06-28 15:37:00.000000000,QUERY_SPREAD,97
2019-06-28 15:37:00.000000000,BEST_BID,"JPM,99096,142"
2019-06-28 15:37:00.000000000,BEST_ASK,"JPM,99435,156"
2019-06-28 15:37:00.000000000,LAST_TRADE,"7,$99096.0000"
2019-06-28 15:37:00.000000000,QUERY_SPREAD,98
2019-06-28 15:37:00.000000000,BEST_BID,"JPM,99096,136"
2019-06-28 15:37:00.000000000,BEST_ASK,"JPM,99435,156"
2019-06-28 15:37:00.000000000,LAST_TRADE,"6,$99096.0000"
2019-06-28 15:37:00.000000000,QUERY_SPREAD,99
2019-06-28 15:37:00.000000000,BEST_BID,"JPM,99096,131"
2019-06-28 15:37:00.000000000,BEST_ASK,"JPM,99435,156"
2019-06-28 15:37:00.000000000,LAST_TRADE,"5,$99096.0000"
2019-06-28 15:37:00.000000000,QUERY_SPREAD,100
2019-06-28 15:37:00.000000000,BEST_BID,"JPM,99096,124"
2019-06-28 15:37:00.000000000,BEST_ASK,"JPM,99435,156"
2019-06-28 15:37:00.000000000,LAST_TRADE,"7,$99096.0000"
2019-06-28 15:37:00.000000000,QUERY_SPREAD,101
2019-06-28 15:37:00.000000000,QUERY_ORDER_STREAM,101
2019-06-28 15:37:00.000000000,BEST_BID,"JPM,99096,125"
2019-06-28 15:37:00.000000000,BEST_ASK,"JPM,99435,156"
2019-06-28 15:37:10.000000000,QUERY_SPREAD,1
2019-06-28 15:37:10.000000000,BEST_BID,"JPM,99096,164"
2019-06-28 15:37:10.000000000,BEST_ASK,"JPM,99435,100"
2019-06-28 15:37:10.000000000,BEST_BID,"JPM,99096,164"
2019-06-28 15:37:10.000000000,BEST_ASK,"JPM,99435,100"
2019-06-28 15:37:10.000000000,BEST_BID,"JPM,99096,164"
2019-06-28 15:37:10.000000000,BEST_ASK,"JPM,99435,100"
2019-06-28 15:37:10.000000000,BEST_BID,"JPM,99096,164"
2019-06-28 15:37:10.000000000,BEST_ASK,"JPM,99435,195"
2019-06-28 15:37:10.000000000,BEST_BID,"JPM,99096,164"
2019-06-28 15:37:10.000000000,BEST_ASK,"JPM,99435,195"
2019-06-28 15:37:10.000000000,BEST_BID,"JPM,99096,164"
2019-06-28 15:37:10.000000000,BEST_ASK,"JPM,99435,195"
2019-06-28 15:37:19.024598087,QUERY_SPREAD,6
2019-06-28 15:37:19.024598087,BEST_BID,"JPM,99096,164"
2019-06-28 15:37:19.024598087,BEST_ASK,"JPM,99435,95"
2019-06-28 15:37:19.024598087,LAST_TRADE,"100,$99435.0000"
2019-06-28 15:37:20.000000000,QUERY_SPREAD,1
2019-06-28 15:37:20.000000000,BEST_BID,"JPM,99096,209"
2019-06-28 15:37:20.000000000,BEST_ASK,"JPM,99442,100"
2019-06-28 15:37:20.000000000,BEST_BID,"JPM,99096,209"
2019-06-28 15:37:20.000000000,BEST_ASK,"JPM,99442,100"
2019-06-28 15:37:20.000000000,BEST_BID,"JPM,99096,209"
2019-06-28 15:37:20.000000000,BEST_ASK,"JPM,99442,240"
2019-06-28 15:37:20.000000000,BEST_BID,"JPM,99096,209"
2019-06-28 15:37:20.000000000,BEST_ASK,"JPM,99442,240"
2019-06-28 15:37:22.818076589,QUERY_SPREAD,5
2019-06-28 15:37:22.818076589,BEST_BID,"JPM,99096,209"
2019-06-28 15:37:22.818076589,BEST_ASK,"JPM,99442,240"
2019-06-28 15:37:27.748992582,QUERY_SPREAD,3
2019-06-28 15:37:27.748992582,BEST_BID,"JPM,99096,209"
2019-06-28 15:37:27.748992582,BEST_ASK,"JPM,99442,140"
2019-06-28 15:37:27.748992582,LAST_TRADE,"100,$99442.0000"
2019-06-28 15:37:30.000000000,QUERY_SPREAD,1
2019-06-28 15:37:30.000000000,BEST_BID,"JPM,99096,139"
2019-06-28 15:37:30.000000000,BEST_ASK,"JPM,99482,100"
2019-06-28 15:37:30.000000000,BEST_BID,"JPM,99096,139"
2019-06-28 15:37:30.000000000,BEST_ASK,"JPM,99482,100"
2019-06-28 15:37:30.000000000,BEST_BID,"JPM,99096,139"
2019-06-28 15:37:30.000000000,BEST_ASK,"JPM,99482,100"
2019-06-28 15:37:30.000000000,BEST_BID,"JPM,99096,139"
2019-06-28 15:37:30.000000000,BEST_ASK,"JPM,99482,100"
2019-06-28 15:37:30.000000000,BEST_BID,"JPM,99096,139"
2019-06-28 15:37:30.000000000,BEST_ASK,"JPM,99482,170"
2019-06-28 15:37:30.000000000,BEST_BID,"JPM,99096,139"
2019-06-28 15:37:30.000000000,BEST_ASK,"JPM,99482,170"
2019-06-28 15:37:30.000000000,BEST_BID,"JPM,99096,139"
2019-06-28 15:37:30.000000000,BEST_ASK,"JPM,99482,170"
2019-06-28 15:37:30.000000000,BEST_BID,"JPM,99096,139"
2019-06-28 15:37:30.000000000,BEST_ASK,"JPM,99482,170"
2019-06-28 15:37:34.629548359,QUERY_SPREAD,5
2019-06-28 15:37:34.629548359,BEST_BID,"JPM,99204,100"
2019-06-28 15:37:34.629548359,BEST_ASK,"JPM,99482,170"
2019-06-28 15:37:40.000000000,QUERY_SPREAD,1
2019-06-28 15:37:40.000000000,BEST_BID,"JPM,99204,380"
2019-06-28 15:37:40.000000000,BEST_ASK,"JPM,99482,100"
2019-06-28 15:37:40.000000000,BEST_BID,"JPM,99204,380"
2019-06-28 15:37:40.000000000,BEST_ASK,"JPM,99482,380"
2019-06-28 15:37:50.000000000,QUERY_SPREAD,1
2019-06-28 15:37:50.000000000,BEST_BID,"JPM,99204,170"
2019-06-28 15:37:50.000000000,BEST_ASK,"JPM,99482,100"
2019-06-28 15:37:50.000000000,BEST_BID,"JPM,99204,170"
2019-06-28 15:37:50.000000000,BEST_ASK,"JPM,99482,100"
2019-06-28 15:37:50.000000000,BEST_BID,"JPM,99204,170"
2019-06-28 15:37:50.000000000,BEST_ASK,"JPM,99482,100"
2019-06-28 15:37:50.000000000,BEST_BID,"JPM,99204,170"
2019-06-28 15:37:50.000000000,BEST_ASK,"JPM,99482,100"
2019-06-28 15:37:50.000000000,BEST_BID,"JPM,99204,170"
2019-06-28 15:37:50.000000000,BEST_ASK,"JPM,99482,170"
2019-06-28 15:37:50.000000000,BEST_BID,"JPM,99204,170"
2019-06-28 15:37:50.000000000,BEST_ASK,"JPM,99482,170"
2019-06-28 15:37:50.000000000,BEST_BID,"JPM,99204,170"
2019-06-28 15:37:50.000000000,BEST_ASK,"JPM,99482,170"
2019-06-28 15:37:50.000000000,BEST_BID,"JPM,99204,170"
2019-06-28 15:37:50.000000000,BEST_ASK,"JPM,99482,170"
2019-06-28 15:38:00.000000000,QUERY_SPREAD,1
2019-06-28 15:38:00.000000000,BEST_BID,"JPM,99204,195"
2019-06-28 15:38:00.000000000,BEST_ASK,"JPM,99482,100"
2019-06-28 15:38:00.000000000,BEST_BID,"JPM,99204,195"
2019-06-28 15:38:00.000000000,BEST_ASK,"JPM,99482,100"
2019-06-28 15:38:00.000000000,BEST_BID,"JPM,99204,195"
2019-06-28 15:38:00.000000000,BEST_ASK,"JPM,99482,100"
2019-06-28 15:38:00.000000000,BEST_BID,"JPM,99204,195"
2019-06-28 15:38:00.000000000,BEST_ASK,"JPM,99482,195"
2019-06-28 15:38:00.000000000,BEST_BID,"JPM,99204,195"
2019-06-28 15:38:00.000000000,BEST_ASK,"JPM,99482,195"
2019-06-28 15:38:00.000000000,BEST_BID,"JPM,99204,195"
2019-06-28 15:38:00.000000000,BEST_ASK,"JPM,99482,195"
2019-06-28 15:38:00.000000000,QUERY_SPREAD,77
2019-06-28 15:38:00.000000000,BEST_BID,"JPM,99204,194"
2019-06-28 15:38:00.000000000,BEST_ASK,"JPM,99482,195"
2019-06-28 15:38:00.000000000,LAST_TRADE,"1,$99204.0000"
2019-06-28 15:38:00.000000000,QUERY_SPREAD,78
2019-06-28 15:38:00.000000000,BEST_BID,"JPM,99204,190"
2019-06-28 15:38:00.000000000,BEST_ASK,"JPM,99482,195"
2019-06-28 15:38:00.000000000,LAST_TRADE,"4,$99204.0000"
2019-06-28 15:38:00.000000000,QUERY_SPREAD,79
2019-06-28 15:38:00.000000000,BEST_BID,"JPM,99204,184"
2019-06-28 15:38:00.000000000,BEST_ASK,"JPM,99482,195"
2019-06-28 15:38:00.000000000,LAST_TRADE,"6,$99204.0000"
2019-06-28 15:38:00.000000000,QUERY_SPREAD,80
2019-06-28 15:38:00.000000000,BEST_BID,"JPM,99204,179"
2019-06-28 15:38:00.000000000,BEST_ASK,"JPM,99482,195"
2019-06-28 15:38:00.000000000,LAST_TRADE,"5,$99204.0000"
2019-06-28 15:38:00.000000000,QUERY_SPREAD,81
2019-06-28 15:38:00.000000000,BEST_BID,"JPM,99204,171"
2019-06-28 15:38:00.000000000,BEST_ASK,"JPM,99482,195"
2019-06-28 15:38:00.000000000,LAST_TRADE,"8,$99204.0000"
2019-06-28 15:38:00.000000000,QUERY_SPREAD,82
2019-06-28 15:38:00.000000000,BEST_BID,"JPM,99204,163"
2019-06-28 15:38:00.000000000,BEST_ASK,"JPM,99482,195"
2019-06-28 15:38:00.000000000,LAST_TRADE,"8,$99204.0000"
2019-06-28 15:38:00.000000000,QUERY_SPREAD,83
2019-06-28 15:38:00.000000000,BEST_BID,"JPM,99204,161"
2019-06-28 15:38:00.000000000,BEST_ASK,"JPM,99482,195"
2019-06-28 15:38:00.000000000,LAST_TRADE,"2,$99204.0000"
2019-06-28 15:38:00.000000000,QUERY_SPREAD,84
2019-06-28 15:38:00.000000000,BEST_BID,"JPM,99204,160"
2019-06-28 15:38:00.000000000,BEST_ASK,"JPM,99482,195"
2019-06-28 15:38:00.000000000,LAST_TRADE,"1,$99204.0000"
2019-06-28 15:38:00.000000000,QUERY_SPREAD,85
2019-06-28 15:38:00.000000000,BEST_BID,"JPM,99204,159"
2019-06-28 15:38:00.000000000,BEST_ASK,"JPM,99482,195"
2019-06-28 15:38:00.000000000,LAST_TRADE,"1,$99204.0000"
2019-06-28 15:38:00.000000000,QUERY_SPREAD,86
2019-06-28 15:38:00.000000000,BEST_BID,"JPM,99204,153"
2019-06-28 15:38:00.000000000,BEST_ASK,"JPM,99482,195"
2019-06-28 15:38:00.000000000,LAST_TRADE,"6,$99204.0000"
2019-06-28 15:38:00.000000000,QUERY_SPREAD,87
2019-06-28 15:38:00.000000000,BEST_BID,"JPM,99204,150"
2019-06-28 15:38:00.000000000,BEST_ASK,"JPM,99482,195"
2019-06-28 15:38:00.000000000,LAST_TRADE,"3,$99204.0000"
2019-06-28 15:38:00.000000000,QUERY_SPREAD,88
2019-06-28 15:38:00.000000000,BEST_BID,"JPM,99204,146"
2019-06-28 15:38:00.000000000,BEST_ASK,"JPM,99482,195"
2019-06-28 15:38:00.000000000,LAST_TRADE,"4,$99204.0000"
2019-06-28 15:38:00.000000000,QUERY_SPREAD,89
2019-06-28 15:38:00.000000000,BEST_BID,"JPM,99204,142"
2019-06-28 15:38:00.000000000,BEST_ASK,"JPM,99482,195"
2019-06-28 15:38:00.000000000,LAST_TRADE,"4,$99204.0000"
2019-06-28 15:38:00.000000000,QUERY_SPREAD,90
2019-06-28 15:38:00.000000000,BEST_BID,"JPM,99204,135"
2019-06-28 15:38:00.000000000,BEST_ASK,"JPM,99482,195"
2019-06-28 15:38:00.000000000,LAST_TRADE,"7,$99204.0000"
2019-06-28 15:38:00.000000000,QUERY_SPREAD,91
2019-06-28 15:38:00.000000000,BEST_BID,"JPM,99204,127"
2019-06-28 15:38:00.000000000,BEST_ASK,"JPM,99482,195"
2019-06-28 15:38:00.000000000,LAST_TRADE,"8,$99204.0000"
2019-06-28 15:38:00.000000000,QUERY_SPREAD,92
2019-06-28 15:38:00.000000000,BEST_BID,"JPM,99204,122"
2019-06-28 15:38:00.000000000,BEST_ASK,"JPM,99482,195"
2019-06-28 15:38:00.000000000,LAST_TRADE,"5,$99204.0000"
2019-06-28 15:38:00.000000000,QUERY_SPREAD,93
2019-06-28 15:38:00.000000000,BEST_BID,"JPM,99204,119"
2019-06-28 15:38:00.000000000,BEST_ASK,"JPM,99482,195"
2019-06-28 15:38:00.000000000,LAST_TRADE,"3,$99204.0000"
2019-06-28 15:38:00.000000000,QUERY_SPREAD,94
2019-06-28 15:38:00.000000000,BEST_BID,"JPM,99204,115"
2019-06-28 15:38:00.000000000,BEST_ASK,"JPM,99482,195"
2019-06-28 15:38:00.000000000,LAST_TRADE,"4,$99204.0000"
2019-06-28 15:38:00.000000000,QUERY_SPREAD,95
2019-06-28 15:38:00.000000000,BEST_BID,"JPM,99204,110"
2019-06-28 15:38:00.000000000,BEST_ASK,"JPM,99482,195"
2019-06-28 15:38:00.000000000,LAST_TRADE,"5,$99204.0000"
2019-06-28 15:38:00.000000000,QUERY_SPREAD,96
2019-06-28 15:38:00.000000000,BEST_BID,"JPM,99204,109"
2019-06-28 15:38:00.000000000,BEST_ASK,"JPM,99482,195"
2019-06-28 15:38:00.000000000,LAST_TRADE,"1,$99204.0000"
2019-06-28 15:38:00.000000000,QUERY_SPREAD,97
2019-06-28 15:38:00.000000000,BEST_BID,"JPM,99204,102"
2019-06-28 15:38:00.000000000,BEST_ASK,"JPM,99482,195"
2019-06-28 15:38:00.000000000,LAST_TRADE,"7,$99204.0000"
2019-06-28 15:38:00.000000000,QUERY_SPREAD,98
2019-06-28 15:38:00.000000000,BEST_BID,"JPM,99204,96"
2019-06-28 15:38:00.000000000,BEST_ASK,"JPM,99482,195"
2019-06-28 15:38:00.000000000,LAST_TRADE,"6,$99204.0000"
2019-06-28 15:38:00.000000000,QUERY_SPREAD,99
2019-06-28 15:38:00.000000000,BEST_BID,"JPM,99204,91"
2019-06-28 15:38:00.000000000,BEST_ASK,"JPM,99482,195"
2019-06-28 15:38:00.000000000,LAST_TRADE,"5,$99204.0000"
2019-06-28 15:38:00.000000000,QUERY_SPREAD,100
2019-06-28 15:38:00.000000000,BEST_BID,"JPM,99204,84"
2019-06-28 15:38:00.000000000,BEST_ASK,"JPM,99482,195"
2019-06-28 15:38:00.000000000,LAST_TRADE,"7,$99204.0000"
2019-06-28 15:38:00.000000000,QUERY_SPREAD,101
2019-06-28 15:38:00.000000000,QUERY_ORDER_STREAM,101
2019-06-28 15:38:10.000000000,QUERY_SPREAD,1
2019-06-28 15:38:10.000000000,BEST_BID,"JPM,99096,209"
2019-06-28 15:38:10.000000000,BEST_ASK,"JPM,99482,100"
2019-06-28 15:38:10.000000000,BEST_BID,"JPM,99096,209"
2019-06-28 15:38:10.000000000,BEST_ASK,"JPM,99482,100"
2019-06-28 15:38:10.000000000,BEST_BID,"JPM,99096,209"
2019-06-28 15:38:10.000000000,BEST_ASK,"JPM,99482,240"
2019-06-28 15:38:10.000000000,BEST_BID,"JPM,99096,209"
2019-06-28 15:38:10.000000000,BEST_ASK,"JPM,99482,240"
2019-06-28 15:38:13.112008802,QUERY_SPREAD,14
2019-06-28 15:38:13.112008802,BEST_BID,"JPM,99096,209"
2019-06-28 15:38:13.112008802,BEST_ASK,"JPM,99482,140"
2019-06-28 15:38:13.112008802,LAST_TRADE,"100,$99482.0000"
2019-06-28 15:38:16.949573420,QUERY_SPREAD,7
2019-06-28 15:38:16.949573420,BEST_BID,"JPM,99217,100"
2019-06-28 15:38:16.949573420,BEST_ASK,"JPM,99482,140"
2019-06-28 15:38:20.000000000,QUERY_SPREAD,1
2019-06-28 15:38:20.000000000,BEST_BID,"JPM,99217,195"
2019-06-28 15:38:20.000000000,BEST_ASK,"JPM,99583,100"
2019-06-28 15:38:20.000000000,BEST_BID,"JPM,99217,195"
2019-06-28 15:38:20.000000000,BEST_ASK,"JPM,99583,100"
2019-06-28 15:38:20.000000000,BEST_BID,"JPM,99217,195"
2019-06-28 15:38:20.000000000,BEST_ASK,"JPM,99583,100"
2019-06-28 15:38:20.000000000,BEST_BID,"JPM,99217,195"
2019-06-28 15:38:20.000000000,BEST_ASK,"JPM,99583,195"
2019-06-28 15:38:20.000000000,BEST_BID,"JPM,99217,195"
2019-06-28 15:38:20.000000000,BEST_ASK,"JPM,99583,195"
2019-06-28 15:38:20.000000000,BEST_BID,"JPM,99217,195"
2019-06-28 15:38:20.000000000,BEST_ASK,"JPM,99583,195"
2019-06-28 15:38:30.000000000,QUERY_SPREAD,1
2019-06-28 15:38:30.000000000,BEST_BID,"JPM,99217,195"
2019-06-28 15:38:30.000000000,BEST_ASK,"JPM,99583,100"
2019-06-28 15:38:30.000000000,BEST_BID,"JPM,99217,195"
2019-06-28 15:38:30.000000000,BEST_ASK,"JPM,99583,100"
2019-06-28 15:38:30.000000000,BEST_BID,"JPM,99217,195"
2019-06-28 15:38:30.000000000,BEST_ASK,"JPM,99583,100"
2019-06-28 15:38:30.000000000,BEST_BID,"JPM,99217,195"
2019-06-28 15:38:30.000000000,BEST_ASK,"JPM,99583,195"
2019-06-28 15:38:30.000000000,BEST_BID,"JPM,99217,195"
2019-06-28 15:38:30.000000000,BEST_ASK,"JPM,99583,195"
2019-06-28 15:38:30.000000000,BEST_BID,"JPM,99217,195"
2019-06-28 15:38:30.000000000,BEST_ASK,"JPM,99583,195"
2019-06-28 15:38:30.935759780,QUERY_SPREAD,47
2019-06-28 15:38:30.935759780,BEST_BID,"JPM,99247,100"
2019-06-28 15:38:30.935759780,BEST_ASK,"JPM,99583,195"
2019-06-28 15:38:40.000000000,QUERY_SPREAD,1
2019-06-28 15:38:40.000000000,BEST_BID,"JPM,99247,156"
2019-06-28 15:38:40.000000000,BEST_ASK,"JPM,99583,100"
2019-06-28 15:38:40.000000000,BEST_BID,"JPM,99247,156"
2019-06-28 15:38:40.000000000,BEST_ASK,"JPM,99583,100"
2019-06-28 15:38:40.000000000,BEST_BID,"JPM,99247,156"
2019-06-28 15:38:40.000000000,BEST_ASK,"JPM,99583,100"
2019-06-28 15:38:40.000000000,BEST_BID,"JPM,99247,156"
2019-06-28 15:38:40.000000000,BEST_ASK,"JPM,99583,100"
2019-06-28 15:38:40.000000000,BEST_BID,"JPM,99247,156"
2019-06-28 15:38:40.000000000,BEST_ASK,"JPM,99583,100"
2019-06-28 15:38:40.000000000,BEST_BID,"JPM,99247,156"
2019-06-28 15:38:40.000000000,BEST_ASK,"JPM,99583,156"
2019-06-28 15:38:40.000000000,BEST_BID,"JPM,99247,156"
2019-06-28 15:38:40.000000000,BEST_ASK,"JPM,99583,156"
2019-06-28 15:38:40.000000000,BEST_BID,"JPM,99247,156"
2019-06-28 15:38:40.000000000,BEST_ASK,"JPM,99583,156"
2019-06-28 15:38:40.000000000,BEST_BID,"JPM,99247,156"
2019-06-28 15:38:40.000000000,BEST_ASK,"JPM,99583,156"
2019-06-28 15:38:40.000000000,BEST_BID,"JPM,99247,156"
2019-06-28 15:38:40.000000000,BEST_ASK,"JPM,99583,156"
2019-06-28 15:38:50.000000000,QUERY_SPREAD,1
2019-06-28 15:38:50.000000000,BEST_BID,"JPM,99247,380"
2019-06-28 15:38:50.000000000,BEST_ASK,"JPM,99583,100"
2019-06-28 15:38:50.000000000,BEST_BID,"JPM,99247,380"
2019-06-28 15:38:50.000000000,BEST_ASK,"JPM,99583,380"
2019-06-28 15:39:00.000000000,QUERY_SPREAD,1
2019-06-28 15:39:00.000000000,BEST_BID,"JPM,99247,195"
2019-06-28 15:39:00.000000000,BEST_ASK,"JPM,99583,100"
2019-06-28 15:39:00.000000000,BEST_BID,"JPM,99247,195"
2019-06-28 15:39:00.000000000,BEST_ASK,"JPM,99583,100"
2019-06-28 15:39:00.000000000,BEST_BID,"JPM,99247,195"
2019-06-28 15:39:00.000000000,BEST_ASK,"JPM,99583,100"
2019-06-28 15:39:00.000000000,BEST_BID,"JPM,99247,195"
2019-06-28 15:39:00.000000000,BEST_ASK,"JPM,99583,195"
2019-06-28 15:39:00.000000000,BEST_BID,"JPM,99247,195"
2019-06-28 15:39:00.000000000,BEST_ASK,"JPM,99583,195"
2019-06-28 15:39:00.000000000,BEST_BID,"JPM,99247,195"
2019-06-28 15:39:00.000000000,BEST_ASK,"JPM,99583,195"
2019-06-28 15:39:00.000000000,QUERY_SPREAD,77
2019-06-28 15:39:00.000000000,BEST_BID,"JPM,99247,194"
2019-06-28 15:39:00.000000000,BEST_ASK,"JPM,99583,195"
2019-06-28 15:39:00.000000000,LAST_TRADE,"1,$99247.0000"
2019-06-28 15:39:00.000000000,QUERY_SPREAD,78
2019-06-28 15:39:00.000000000,BEST_BID,"JPM,99247,190"
2019-06-28 15:39:00.000000000,BEST_ASK,"JPM,99583,195"
2019-06-28 15:39:00.000000000,LAST_TRADE,"4,$99247.0000"
2019-06-28 15:39:00.000000000,QUERY_SPREAD,79
2019-06-28 15:39:00.000000000,BEST_BID,"JPM,99247,184"
2019-06-28 15:39:00.000000000,BEST_ASK,"JPM,99583,195"
2019-06-28 15:39:00.000000000,LAST_TRADE,"6,$99247.0000"
2019-06-28 15:39:00.000000000,QUERY_SPREAD,80
2019-06-28 15:39:00.000000000,BEST_BID,"JPM,99247,179"
2019-06-28 15:39:00.000000000,BEST_ASK,"JPM,99583,195"
2019-06-28 15:39:00.000000000,LAST_TRADE,"5,$99247.0000"
2019-06-28 15:39:00.000000000,QUERY_SPREAD,81
2019-06-28 15:39:00.000000000,BEST_BID,"JPM,99247,171"
2019-06-28 15:39:00.000000000,BEST_ASK,"JPM,99583,195"
2019-06-28 15:39:00.000000000,LAST_TRADE,"8,$99247.0000"
2019-06-28 15:39:00.000000000,QUERY_SPREAD,82
2019-06-28 15:39:00.000000000,BEST_BID,"JPM,99247,163"
2019-06-28 15:39:00.000000000,BEST_ASK,"JPM,99583,195"
2019-06-28 15:39:00.000000000,LAST_TRADE,"8,$99247.0000"
2019-06-28 15:39:00.000000000,QUERY_SPREAD,83
2019-06-28 15:39:00.000000000,BEST_BID,"JPM,99247,161"
2019-06-28 15:39:00.000000000,BEST_ASK,"JPM,99583,195"
2019-06-28 15:39:00.000000000,LAST_TRADE,"2,$99247.0000"
2019-06-28 15:39:00.000000000,QUERY_SPREAD,84
2019-06-28 15:39:00.000000000,BEST_BID,"JPM,99247,160"
2019-06-28 15:39:00.000000000,BEST_ASK,"JPM,99583,195"
2019-06-28 15:39:00.000000000,LAST_TRADE,"1,$99247.0000"
2019-06-28 15:39:00.000000000,QUERY_SPREAD,85
2019-06-28 15:39:00.000000000,BEST_BID,"JPM,99247,159"
2019-06-28 15:39:00.000000000,BEST_ASK,"JPM,99583,195"
2019-06-28 15:39:00.000000000,LAST_TRADE,"1,$99247.0000"
2019-06-28 15:39:00.000000000,QUERY_SPREAD,86
2019-06-28 15:39:00.000000000,BEST_BID,"JPM,99247,153"
2019-06-28 15:39:00.000000000,BEST_ASK,"JPM,99583,195"
2019-06-28 15:39:00.000000000,LAST_TRADE,"6,$99247.0000"
2019-06-28 15:39:00.000000000,QUERY_SPREAD,87
2019-06-28 15:39:00.000000000,BEST_BID,"JPM,99247,150"
2019-06-28 15:39:00.000000000,BEST_ASK,"JPM,99583,195"
2019-06-28 15:39:00.000000000,LAST_TRADE,"3,$99247.0000"
2019-06-28 15:39:00.000000000,QUERY_SPREAD,88
2019-06-28 15:39:00.000000000,BEST_BID,"JPM,99247,146"
2019-06-28 15:39:00.000000000,BEST_ASK,"JPM,99583,195"
2019-06-28 15:39:00.000000000,LAST_TRADE,"4,$99247.0000"
2019-06-28 15:39:00.000000000,QUERY_SPREAD,89
2019-06-28 15:39:00.000000000,BEST_BID,"JPM,99247,142"
2019-06-28 15:39:00.000000000,BEST_ASK,"JPM,99583,195"
2019-06-28 15:39:00.000000000,LAST_TRADE,"4,$99247.0000"
2019-06-28 15:39:00.000000000,QUERY_SPREAD,90
2019-06-28 15:39:00.000000000,BEST_BID,"JPM,99247,135"
2019-06-28 15:39:00.000000000,BEST_ASK,"JPM,99583,195"
2019-06-28 15:39:00.000000000,LAST_TRADE,"7,$99247.0000"
2019-06-28 15:39:00.000000000,QUERY_SPREAD,91
2019-06-28 15:39:00.000000000,BEST_BID,"JPM,99247,127"
2019-06-28 15:39:00.000000000,BEST_ASK,"JPM,99583,195"
2019-06-28 15:39:00.000000000,LAST_TRADE,"8,$99247.0000"
2019-06-28 15:39:00.000000000,QUERY_SPREAD,92
2019-06-28 15:39:00.000000000,BEST_BID,"JPM,99247,122"
2019-06-28 15:39:00.000000000,BEST_ASK,"JPM,99583,195"
2019-06-28 15:39:00.000000000,LAST_TRADE,"5,$99247.0000"
2019-06-28 15:39:00.000000000,QUERY_SPREAD,93
2019-06-28 15:39:00.000000000,BEST_BID,"JPM,99247,119"
2019-06-28 15:39:00.000000000,BEST_ASK,"JPM,99583,195"
2019-06-28 15:39:00.000000000,LAST_TRADE,"3,$99247.0000"
2019-06-28 15:39:00.000000000,QUERY_SPREAD,94
2019-06-28 15:39:00.000000000,BEST_BID,"JPM,99247,115"
2019-06-28 15:39:00.000000000,BEST_ASK,"JPM,99583,195"
2019-06-28 15:39:00.000000000,LAST_TRADE,"4,$99247.0000"
2019-06-28 15:39:00.000000000,QUERY_SPREAD,95
2019-06-28 15:39:00.000000000,BEST_BID,"JPM,99247,110"
2019-06-28 15:39:00.000000000,BEST_ASK,"JPM,99583,195"
2019-06-28 15:39:00.000000000,LAST_TRADE,"5,$99247.0000"
2019-06-28 15:39:00.000000000,QUERY_SPREAD,96
2019-06-28 15:39:00.000000000,BEST_BID,"JPM,99247,109"
2019-06-28 15:39:00.000000000,BEST_ASK,"JPM,99583,195"
2019-06-28 15:39:00.000000000,LAST_TRADE,"1,$99247.0000"
2019-06-28 15:39:00.000000000,QUERY_SPREAD,97
2019-06-28 15:39:00.000000000,BEST_BID,"JPM,99247,102"
2019-06-28 15:39:00.000000000,BEST_ASK,"JPM,99583,195"
2019-06-28 15:39:00.000000000,LAST_TRADE,"7,$99247.0000"
2019-06-28 15:39:00.000000000,QUERY_SPREAD,98
2019-06-28 15:39:00.000000000,BEST_BID,"JPM,99247,96"
2019-06-28 15:39:00.000000000,BEST_ASK,"JPM,99583,195"
2019-06-28 15:39:00.000000000,LAST_TRADE,"6,$99247.0000"
2019-06-28 15:39:00.000000000,QUERY_SPREAD,99
2019-06-28 15:39:00.000000000,BEST_BID,"JPM,99247,91"
2019-06-28 15:39:00.000000000,BEST_ASK,"JPM,99583,195"
2019-06-28 15:39:00.000000000,LAST_TRADE,"5,$99247.0000"
2019-06-28 15:39:00.000000000,QUERY_SPREAD,100
2019-06-28 15:39:00.000000000,BEST_BID,"JPM,99247,84"
2019-06-28 15:39:00.000000000,BEST_ASK,"JPM,99583,195"
2019-06-28 15:39:00.000000000,LAST_TRADE,"7,$99247.0000"
2019-06-28 15:39:00.000000000,QUERY_SPREAD,101
2019-06-28 15:39:00.000000000,QUERY_ORDER_STREAM,101
2019-06-28 15:39:02.848819777,QUERY_SPREAD,33
2019-06-28 15:39:02.848819777,BEST_BID,"JPM,99247,84"
2019-06-28 15:39:02.848819777,BEST_ASK,"JPM,99583,195"
2019-06-28 15:39:10.000000000,QUERY_SPREAD,1
2019-06-28 15:39:10.000000000,BEST_BID,"JPM,99217,170"
2019-06-28 15:39:10.000000000,BEST_ASK,"JPM,99583,100"
2019-06-28 15:39:10.000000000,BEST_BID,"JPM,99217,170"
2019-06-28 15:39:10.000000000,BEST_ASK,"JPM,99583,100"
2019-06-28 15:39:10.000000000,BEST_BID,"JPM,99217,170"
2019-06-28 15:39:10.000000000,BEST_ASK,"JPM,99583,100"
2019-06-28 15:39:10.000000000,BEST_BID,"JPM,99217,170"
2019-06-28 15:39:10.000000000,BEST_ASK,"JPM,99583,100"
2019-06-28 15:39:10.000000000,BEST_BID,"JPM,99217,170"
2019-06-28 15:39:10.000000000,BEST_ASK,"JPM,99583,170"
2019-06-28 15:39:10.000000000,BEST_BID,"JPM,99217,170"
2019-06-28 15:39:10.000000000,BEST_ASK,"JPM,99583,170"
2019-06-28 15:39:10.000000000,BEST_BID,"JPM,99217,170"
2019-06-28 15:39:10.000000000,BEST_ASK,"JPM,99583,170"
2019-06-28 15:39:10.000000000,BEST_BID,"JPM,99217,170"
2019-06-28 15:39:10.000000000,BEST_ASK,"JPM,99583,170"
2019-06-28 15:39:20.000000000,QUERY_SPREAD,1
2019-06-28 15:39:20.000000000,BEST_BID,"JPM,99217,195"
2019-06-28 15:39:20.000000000,BEST_ASK,"JPM,99583,100"
2019-06-28 15:39:20.000000000,BEST_BID,"JPM,99217,195"
2019-06-28 15:39:20.000000000,BEST_ASK,"JPM,99583,100"
2019-06-28 15:39:20.000000000,BEST_BID,"JPM,99217,195"
2019-06-28 15:39:20.000000000,BEST_ASK,"JPM,99583,100"
2019-06-28 15:39:20.000000000,BEST_BID,"JPM,99217,195"
2019-06-28 15:39:20.000000000,BEST_ASK,"JPM,99583,195"
2019-06-28 15:39:20.000000000,BEST_BID,"JPM,99217,195"
2019-06-28 15:39:20.000000000,BEST_ASK,"JPM,99583,195"
2019-06-28 15:39:20.000000000,BEST_BID,"JPM,99217,195"
2019-06-28 15:39:20.000000000,BEST_ASK,"JPM,99583,195"
2019-06-28 15:39:30.000000000,QUERY_SPREAD,1
2019-06-28 15:39:30.000000000,BEST_BID,"JPM,99217,170"
2019-06-28 15:39:30.000000000,BEST_ASK,"JPM,99583,100"
2019-06-28 15:39:30.000000000,BEST_BID,"JPM,99217,170"
2019-06-28 15:39:30.000000000,BEST_ASK,"JPM,99583,100"
2019-06-28 15:39:30.000000000,BEST_BID,"JPM,99217,170"
2019-06-28 15:39:30.000000000,BEST_ASK,"JPM,99583,100"
2019-06-28 15:39:30.000000000,BEST_BID,"JPM,99217,170"
2019-06-28 15:39:30.000000000,BEST_ASK,"JPM,99583,100"
2019-06-28 15:39:30.000000000,BEST_BID,"JPM,99217,170"
2019-06-28 15:39:30.000000000,BEST_ASK,"JPM,99583,170"
2019-06-28 15:39:30.000000000,BEST_BID,"JPM,99217,170"
2019-06-28 15:39:30.000000000,BEST_ASK,"JPM,99583,170"
2019-06-28 15:39:30.000000000,BEST_BID,"JPM,99217,170"
2019-06-28 15:39:30.000000000,BEST_ASK,"JPM,99583,170"
2019-06-28 15:39:30.000000000,BEST_BID,"JPM,99217,170"
2019-06-28 15:39:30.000000000,BEST_ASK,"JPM,99583,170"
2019-06-28 15:39:40.000000000,QUERY_SPREAD,1
2019-06-28 15:39:40.000000000,BEST_BID,"JPM,99217,170"
2019-06-28 15:39:40.000000000,BEST_ASK,"JPM,99583,100"
2019-06-28 15:39:40.000000000,BEST_BID,"JPM,99217,170"
2019-06-28 15:39:40.000000000,BEST_ASK,"JPM,99583,100"
2019-06-28 15:39:40.000000000,BEST_BID,"JPM,99217,170"
2019-06-28 15:39:40.000000000,BEST_ASK,"JPM,99583,100"
2019-06-28 15:39:40.000000000,BEST_BID,"JPM,99217,170"
2019-06-28 15:39:40.000000000,BEST_ASK,"JPM,99583,100"
2019-06-28 15:39:40.000000000,BEST_BID,"JPM,99217,170"
2019-06-28 15:39:40.000000000,BEST_ASK,"JPM,99583,170"
2019-06-28 15:39:40.000000000,BEST_BID,"JPM,99217,170"
2019-06-28 15:39:40.000000000,BEST_ASK,"JPM,99583,170"
2019-06-28 15:39:40.000000000,BEST_BID,"JPM,99217,170"
2019-06-28 15:39:40.000000000,BEST_ASK,"JPM,99583,170"
2019-06-28 15:39:40.000000000,BEST_BID,"JPM,99217,170"
2019-06-28 15:39:40.000000000,BEST_ASK,"JPM,99583,170"
2019-06-28 15:39:42.153335392,QUERY_ORDER_STREAM,56
2019-06-28 15:39:42.153335392,QUERY_SPREAD,56
2019-06-28 15:39:42.153335392,BEST_BID,"JPM,99247,100"
2019-06-28 15:39:42.153335392,BEST_ASK,"JPM,99583,170"
2019-06-28 15:39:46.230448004,QUERY_SPREAD,13
2019-06-28 15:39:46.230448004,BEST_BID,"JPM,99247,100"
2019-06-28 15:39:46.230448004,BEST_ASK,"JPM,99583,170"
2019-06-28 15:39:50.000000000,QUERY_SPREAD,1
2019-06-28 15:39:50.000000000,BEST_BID,"JPM,99247,240"
2019-06-28 15:39:50.000000000,BEST_ASK,"JPM,99583,100"
2019-06-28 15:39:50.000000000,BEST_BID,"JPM,99247,240"
2019-06-28 15:39:50.000000000,BEST_ASK,"JPM,99583,100"
2019-06-28 15:39:50.000000000,BEST_BID,"JPM,99247,240"
2019-06-28 15:39:50.000000000,BEST_ASK,"JPM,99583,240"
2019-06-28 15:39:50.000000000,BEST_BID,"JPM,99247,240"
2019-06-28 15:39:50.000000000,BEST_ASK,"JPM,99583,240"
2019-06-28 15:40:00.000000000,QUERY_SPREAD,1
2019-06-28 15:40:00.000000000,BEST_BID,"JPM,99247,240"
2019-06-28 15:40:00.000000000,BEST_ASK,"JPM,99583,100"
2019-06-28 15:40:00.000000000,BEST_BID,"JPM,99247,240"
2019-06-28 15:40:00.000000000,BEST_ASK,"JPM,99583,100"
2019-06-28 15:40:00.000000000,BEST_BID,"JPM,99247,240"
2019-06-28 15:40:00.000000000,BEST_ASK,"JPM,99583,240"
2019-06-28 15:40:00.000000000,BEST_BID,"JPM,99247,240"
2019-06-28 15:40:00.000000000,BEST_ASK,"JPM,99583,240"
2019-06-28 15:40:00.000000000,QUERY_SPREAD,77
2019-06-28 15:40:00.000000000,BEST_BID,"JPM,99247,239"
2019-06-28 15:40:00.000000000,BEST_ASK,"JPM,99583,240"
2019-06-28 15:40:00.000000000,LAST_TRADE,"1,$99247.0000"
2019-06-28 15:40:00.000000000,QUERY_SPREAD,78
2019-06-28 15:40:00.000000000,BEST_BID,"JPM,99247,235"
2019-06-28 15:40:00.000000000,BEST_ASK,"JPM,99583,240"
2019-06-28 15:40:00.000000000,LAST_TRADE,"4,$99247.0000"
2019-06-28 15:40:00.000000000,QUERY_SPREAD,79
2019-06-28 15:40:00.000000000,BEST_BID,"JPM,99247,229"
2019-06-28 15:40:00.000000000,BEST_ASK,"JPM,99583,240"
2019-06-28 15:40:00.000000000,LAST_TRADE,"6,$99247.0000"
2019-06-28 15:40:00.000000000,QUERY_SPREAD,80
2019-06-28 15:40:00.000000000,BEST_BID,"JPM,99247,224"
2019-06-28 15:40:00.000000000,BEST_ASK,"JPM,99583,240"
2019-06-28 15:40:00.000000000,LAST_TRADE,"5,$99247.0000"
2019-06-28 15:40:00.000000000,QUERY_SPREAD,81
2019-06-28 15:40:00.000000000,BEST_BID,"JPM,99247,216"
2019-06-28 15:40:00.000000000,BEST_ASK,"JPM,99583,240"
2019-06-28 15:40:00.000000000,LAST_TRADE,"8,$99247.0000"
2019-06-28 15:40:00.000000000,QUERY_SPREAD,82
2019-06-28 15:40:00.000000000,BEST_BID,"JPM,99247,208"
2019-06-28 15:40:00.000000000,BEST_ASK,"JPM,99583,240"
2019-06-28 15:40:00.000000000,LAST_TRADE,"8,$99247.0000"
2019-06-28 15:40:00.000000000,QUERY_SPREAD,83
2019-06-28 15:40:00.000000000,BEST_BID,"JPM,99247,206"
2019-06-28 15:40:00.000000000,BEST_ASK,"JPM,99583,240"
2019-06-28 15:40:00.000000000,LAST_TRADE,"2,$99247.0000"
2019-06-28 15:40:00.000000000,QUERY_SPREAD,84
2019-06-28 15:40:00.000000000,BEST_BID,"JPM,99247,205"
2019-06-28 15:40:00.000000000,BEST_ASK,"JPM,99583,240"
2019-06-28 15:40:00.000000000,LAST_TRADE,"1,$99247.0000"
2019-06-28 15:40:00.000000000,QUERY_SPREAD,85
2019-06-28 15:40:00.000000000,BEST_BID,"JPM,99247,204"
2019-06-28 15:40:00.000000000,BEST_ASK,"JPM,99583,240"
2019-06-28 15:40:00.000000000,LAST_TRADE,"1,$99247.0000"
2019-06-28 15:40:00.000000000,QUERY_SPREAD,86
2019-06-28 15:40:00.000000000,BEST_BID,"JPM,99247,198"
2019-06-28 15:40:00.000000000,BEST_ASK,"JPM,99583,240"
2019-06-28 15:40:00.000000000,LAST_TRADE,"6,$99247.0000"
2019-06-28 15:40:00.000000000,QUERY_SPREAD,87
2019-06-28 15:40:00.000000000,BEST_BID,"JPM,99247,195"
2019-06-28 15:40:00.000000000,BEST_ASK,"JPM,99583,240"
2019-06-28 15:40:00.000000000,LAST_TRADE,"3,$99247.0000"
2019-06-28 15:40:00.000000000,QUERY_SPREAD,88
2019-06-28 15:40:00.000000000,BEST_BID,"JPM,99247,191"
2019-06-28 15:40:00.000000000,BEST_ASK,"JPM,99583,240"
2019-06-28 15:40:00.000000000,LAST_TRADE,"4,$99247.0000"
2019-06-28 15:40:00.000000000,QUERY_SPREAD,89
2019-06-28 15:40:00.000000000,BEST_BID,"JPM,99247,187"
2019-06-28 15:40:00.000000000,BEST_ASK,"JPM,99583,240"
2019-06-28 15:40:00.000000000,LAST_TRADE,"4,$99247.0000"
2019-06-28 15:40:00.000000000,QUERY_SPREAD,90
2019-06-28 15:40:00.000000000,BEST_BID,"JPM,99247,180"
2019-06-28 15:40:00.000000000,BEST_ASK,"JPM,99583,240"
2019-06-28 15:40:00.000000000,LAST_TRADE,"7,$99247.0000"
2019-06-28 15:40:00.000000000,QUERY_SPREAD,91
2019-06-28 15:40:00.000000000,BEST_BID,"JPM,99247,172"
2019-06-28 15:40:00.000000000,BEST_ASK,"JPM,99583,240"
2019-06-28 15:40:00.000000000,LAST_TRADE,"8,$99247.0000"
2019-06-28 15:40:00.000000000,QUERY_SPREAD,92
2019-06-28 15:40:00.000000000,BEST_BID,"JPM,99247,167"
2019-06-28 15:40:00.000000000,BEST_ASK,"JPM,99583,240"
2019-06-28 15:40:00.000000000,LAST_TRADE,"5,$99247.0000"
2019-06-28 15:40:00.000000000,QUERY_SPREAD,93
2019-06-28 15:40:00.000000000,BEST_BID,"JPM,99247,164"
2019-06-28 15:40:00.000000000,BEST_ASK,"JPM,99583,240"
2019-06-28 15:40:00.000000000,LAST_TRADE,"3,$99247.0000"
2019-06-28 15:40:00.000000000,QUERY_SPREAD,94
2019-06-28 15:40:00.000000000,BEST_BID,"JPM,99247,160"
2019-06-28 15:40:00.000000000,BEST_ASK,"JPM,99583,240"
2019-06-28 15:40:00.000000000,LAST_TRADE,"4,$99247.0000"
2019-06-28 15:40:00.000000000,QUERY_SPREAD,95
2019-06-28 15:40:00.000000000,BEST_BID,"JPM,99247,155"
2019-06-28 15:40:00.000000000,BEST_ASK,"JPM,99583,240"
2019-06-28 15:40:00.000000000,LAST_TRADE,"5,$99247.0000"
2019-06-28 15:40:00.000000000,QUERY_SPREAD,96
2019-06-28 15:40:00.000000000,BEST_BID,"JPM,99247,154"
2019-06-28 15:40:00.000000000,BEST_ASK,"JPM,99583,240"
2019-06-28 15:40:00.000000000,LAST_TRADE,"1,$99247.0000"
2019-06-28 15:40:00.000000000,QUERY_SPREAD,97
2019-06-28 15:40:00.000000000,BEST_BID,"JPM,99247,147"
2019-06-28 15:40:00.000000000,BEST_ASK,"JPM,99583,240"
2019-06-28 15:40:00.000000000,LAST_TRADE,"7,$99247.0000"
2019-06-28 15:40:00.000000000,QUERY_SPREAD,98
2019-06-28 15:40:00.000000000,BEST_BID,"JPM,99247,141"
2019-06-28 15:40:00.000000000,BEST_ASK,"JPM,99583,240"
2019-06-28 15:40:00.000000000,LAST_TRADE,"6,$99247.0000"
2019-06-28 15:40:00.000000000,QUERY_SPREAD,99
2019-06-28 15:40:00.000000000,BEST_BID,"JPM,99247,136"
2019-06-28 15:40:00.000000000,BEST_ASK,"JPM,99583,240"
2019-06-28 15:40:00.000000000,LAST_TRADE,"5,$99247.0000"
2019-06-28 15:40:00.000000000,QUERY_SPREAD,100
2019-06-28 15:40:00.000000000,BEST_BID,"JPM,99247,129"
2019-06-28 15:40:00.000000000,BEST_ASK,"JPM,99583,240"
2019-06-28 15:40:00.000000000,LAST_TRADE,"7,$99247.0000"
2019-06-28 15:40:00.000000000,QUERY_SPREAD,101
2019-06-28 15:40:00.000000000,QUERY_ORDER_STREAM,101
2019-06-28 15:40:10.000000000,QUERY_SPREAD,1
2019-06-28 15:40:10.000000000,BEST_BID,"JPM,99217,240"
2019-06-28 15:40:10.000000000,BEST_ASK,"JPM,99583,100"
2019-06-28 15:40:10.000000000,BEST_BID,"JPM,99217,240"
2019-06-28 15:40:10.000000000,BEST_ASK,"JPM,99583,100"
2019-06-28 15:40:10.000000000,BEST_BID,"JPM,99217,240"
2019-06-28 15:40:10.000000000,BEST_ASK,"JPM,99583,240"
2019-06-28 15:40:10.000000000,BEST_BID,"JPM,99217,240"
2019-06-28 15:40:10.000000000,BEST_ASK,"JPM,99583,240"
2019-06-28 15:40:20.000000000,QUERY_SPREAD,1
2019-06-28 15:40:20.000000000,BEST_BID,"JPM,99217,170"
2019-06-28 15:40:20.000000000,BEST_ASK,"JPM,99583,100"
2019-06-28 15:40:20.000000000,BEST_BID,"JPM,99217,170"
2019-06-28 15:40:20.000000000,BEST_ASK,"JPM,99583,100"
2019-06-28 15:40:20.000000000,BEST_BID,"JPM,99217,170"
2019-06-28 15:40:20.000000000,BEST_ASK,"JPM,99583,100"
2019-06-28 15:40:20.000000000,BEST_BID,"JPM,99217,170"
2019-06-28 15:40:20.000000000,BEST_ASK,"JPM,99583,100"
2019-06-28 15:40:20.000000000,BEST_BID,"JPM,99217,170"
2019-06-28 15:40:20.000000000,BEST_ASK,"JPM,99583,170"
2019-06-28 15:40:20.000000000,BEST_BID,"JPM,99217,170"
2019-06-28 15:40:20.000000000,BEST_ASK,"JPM,99583,170"
2019-06-28 15:40:20.000000000,BEST_BID,"JPM,99217,170"
2019-06-28 15:40:20.000000000,BEST_ASK,"JPM,99583,170"
2019-06-28 15:40:20.000000000,BEST_BID,"JPM,99217,170"
2019-06-28 15:40:20.000000000,BEST_ASK,"JPM,99583,170"
2019-06-28 15:40:28.659874523,QUERY_SPREAD,39
2019-06-28 15:40:28.659874523,BEST_BID,"JPM,99217,170"
2019-06-28 15:40:28.659874523,BEST_ASK,"JPM,99583,70"
2019-06-28 15:40:28.659874523,LAST_TRADE,"100,$99583.0000"
2019-06-28 15:40:30.000000000,QUERY_SPREAD,1
2019-06-28 15:40:30.000000000,BEST_BID,"JPM,99217,380"
2019-06-28 15:40:30.000000000,BEST_ASK,"JPM,99616,100"
2019-06-28 15:40:30.000000000,BEST_BID,"JPM,99217,380"
2019-06-28 15:40:30.000000000,BEST_ASK,"JPM,99616,380"
2019-06-28 15:40:34.779804536,QUERY_ORDER_STREAM,75
2019-06-28 15:40:34.779804536,QUERY_SPREAD,75
2019-06-28 15:40:40.000000000,QUERY_SPREAD,1
2019-06-28 15:40:40.000000000,BEST_BID,"JPM,99217,195"
2019-06-28 15:40:40.000000000,BEST_ASK,"JPM,99616,100"
2019-06-28 15:40:40.000000000,BEST_BID,"JPM,99217,195"
2019-06-28 15:40:40.000000000,BEST_ASK,"JPM,99616,100"
2019-06-28 15:40:40.000000000,BEST_BID,"JPM,99217,195"
2019-06-28 15:40:40.000000000,BEST_ASK,"JPM,99616,100"
2019-06-28 15:40:40.000000000,BEST_BID,"JPM,99217,195"
2019-06-28 15:40:40.000000000,BEST_ASK,"JPM,99616,195"
2019-06-28 15:40:40.000000000,BEST_BID,"JPM,99217,195"
2019-06-28 15:40:40.000000000,BEST_ASK,"JPM,99616,195"
2019-06-28 15:40:40.000000000,BEST_BID,"JPM,99217,195"
2019-06-28 15:40:40.000000000,BEST_ASK,"JPM,99616,195"
2019-06-28 15:40:45.536950248,QUERY_ORDER_STREAM,72
2019-06-28 15:40:45.536950248,QUERY_SPREAD,72
2019-06-28 15:40:50.000000000,QUERY_SPREAD,1
2019-06-28 15:40:50.000000000,BEST_BID,"JPM,99217,170"
2019-06-28 15:40:50.000000000,BEST_ASK,"JPM,99616,100"
2019-06-28 15:40:50.000000000,BEST_BID,"JPM,99217,170"
2019-06-28 15:40:50.000000000,BEST_ASK,"JPM,99616,100"
2019-06-28 15:40:50.000000000,BEST_BID,"JPM,99217,170"
2019-06-28 15:40:50.000000000,BEST_ASK,"JPM,99616,100"
2019-06-28 15:40:50.000000000,BEST_BID,"JPM,99217,170"
2019-06-28 15:40:50.000000000,BEST_ASK,"JPM,99616,100"
2019-06-28 15:40:50.000000000,BEST_BID,"JPM,99217,170"
2019-06-28 15:40:50.000000000,BEST_ASK,"JPM,99616,170"
2019-06-28 15:40:50.000000000,BEST_BID,"JPM,99217,170"
2019-06-28 15:40:50.000000000,BEST_ASK,"JPM,99616,170"
2019-06-28 15:40:50.000000000,BEST_BID,"JPM,99217,170"
2019-06-28 15:40:50.000000000,BEST_ASK,"JPM,99616,170"
2019-06-28 15:40:50.000000000,BEST_BID,"JPM,99217,170"
2019-06-28 15:40:50.000000000,BEST_ASK,"JPM,99616,170"
2019-06-28 15:41:00.000000000,QUERY_SPREAD,1
2019-06-28 15:41:00.000000000,BEST_BID,"JPM,99217,156"
2019-06-28 15:41:00.000000000,BEST_ASK,"JPM,99616,100"
2019-06-28 15:41:00.000000000,BEST_BID,"JPM,99217,156"
2019-06-28 15:41:00.000000000,BEST_ASK,"JPM,99616,100"
2019-06-28 15:41:00.000000000,BEST_BID,"JPM,99217,156"
2019-06-28 15:41:00.000000000,BEST_ASK,"JPM,99616,100"
2019-06-28 15:41:00.000000000,BEST_BID,"JPM,99217,156"
2019-06-28 15:41:00.000000000,BEST_ASK,"JPM,99616,100"
2019-06-28 15:41:00.000000000,BEST_BID,"JPM,99217,156"
2019-06-28 15:41:00.000000000,BEST_ASK,"JPM,99616,100"
2019-06-28 15:41:00.000000000,BEST_BID,"JPM,99217,156"
2019-06-28 15:41:00.000000000,BEST_ASK,"JPM,99616,156"
2019-06-28 15:41:00.000000000,BEST_BID,"JPM,99217,156"
2019-06-28 15:41:00.000000000,BEST_ASK,"JPM,99616,156"
2019-06-28 15:41:00.000000000,BEST_BID,"JPM,99217,156"
2019-06-28 15:41:00.000000000,BEST_ASK,"JPM,99616,156"
2019-06-28 15:41:00.000000000,BEST_BID,"JPM,99217,156"
2019-06-28 15:41:00.000000000,BEST_ASK,"JPM,99616,156"
2019-06-28 15:41:00.000000000,BEST_BID,"JPM,99217,156"
2019-06-28 15:41:00.000000000,BEST_ASK,"JPM,99616,156"
2019-06-28 15:41:00.000000000,QUERY_SPREAD,77
2019-06-28 15:41:00.000000000,BEST_BID,"JPM,99217,155"
2019-06-28 15:41:00.000000000,BEST_ASK,"JPM,99616,156"
2019-06-28 15:41:00.000000000,LAST_TRADE,"1,$99217.0000"
2019-06-28 15:41:00.000000000,QUERY_SPREAD,78
2019-06-28 15:41:00.000000000,BEST_BID,"JPM,99217,151"
2019-06-28 15:41:00.000000000,BEST_ASK,"JPM,99616,156"
2019-06-28 15:41:00.000000000,LAST_TRADE,"4,$99217.0000"
2019-06-28 15:41:00.000000000,QUERY_SPREAD,79
2019-06-28 15:41:00.000000000,BEST_BID,"JPM,99217,145"
2019-06-28 15:41:00.000000000,BEST_ASK,"JPM,99616,156"
2019-06-28 15:41:00.000000000,LAST_TRADE,"6,$99217.0000"
2019-06-28 15:41:00.000000000,QUERY_SPREAD,80
2019-06-28 15:41:00.000000000,BEST_BID,"JPM,99217,140"
2019-06-28 15:41:00.000000000,BEST_ASK,"JPM,99616,156"
2019-06-28 15:41:00.000000000,LAST_TRADE,"5,$99217.0000"
2019-06-28 15:41:00.000000000,QUERY_SPREAD,81
2019-06-28 15:41:00.000000000,BEST_BID,"JPM,99217,132"
2019-06-28 15:41:00.000000000,BEST_ASK,"JPM,99616,156"
2019-06-28 15:41:00.000000000,LAST_TRADE,"8,$99217.0000"
2019-06-28 15:41:00.000000000,QUERY_SPREAD,82
2019-06-28 15:41:00.000000000,BEST_BID,"JPM,99217,124"
2019-06-28 15:41:00.000000000,BEST_ASK,"JPM,99616,156"
2019-06-28 15:41:00.000000000,LAST_TRADE,"8,$99217.0000"
2019-06-28 15:41:00.000000000,QUERY_SPREAD,83
2019-06-28 15:41:00.000000000,BEST_BID,"JPM,99217,122"
2019-06-28 15:41:00.000000000,BEST_ASK,"JPM,99616,156"
2019-06-28 15:41:00.000000000,LAST_TRADE,"2,$99217.0000"
2019-06-28 15:41:00.000000000,QUERY_SPREAD,84
2019-06-28 15:41:00.000000000,BEST_BID,"JPM,99217,121"
2019-06-28 15:41:00.000000000,BEST_ASK,"JPM,99616,156"
2019-06-28 15:41:00.000000000,LAST_TRADE,"1,$99217.0000"
2019-06-28 15:41:00.000000000,QUERY_SPREAD,85
2019-06-28 15:41:00.000000000,BEST_BID,"JPM,99217,120"
2019-06-28 15:41:00.000000000,BEST_ASK,"JPM,99616,156"
2019-06-28 15:41:00.000000000,LAST_TRADE,"1,$99217.0000"
2019-06-28 15:41:00.000000000,QUERY_SPREAD,86
2019-06-28 15:41:00.000000000,BEST_BID,"JPM,99217,114"
2019-06-28 15:41:00.000000000,BEST_ASK,"JPM,99616,156"
2019-06-28 15:41:00.000000000,LAST_TRADE,"6,$99217.0000"
2019-06-28 15:41:00.000000000,QUERY_SPREAD,87
2019-06-28 15:41:00.000000000,BEST_BID,"JPM,99217,111"
2019-06-28 15:41:00.000000000,BEST_ASK,"JPM,99616,156"
2019-06-28 15:41:00.000000000,LAST_TRADE,"3,$99217.0000"
2019-06-28 15:41:00.000000000,QUERY_SPREAD,88
2019-06-28 15:41:00.000000000,BEST_BID,"JPM,99217,107"
2019-06-28 15:41:00.000000000,BEST_ASK,"JPM,99616,156"
2019-06-28 15:41:00.000000000,LAST_TRADE,"4,$99217.0000"
2019-06-28 15:41:00.000000000,QUERY_SPREAD,89
2019-06-28 15:41:00.000000000,BEST_BID,"JPM,99217,103"
2019-06-28 15:41:00.000000000,BEST_ASK,"JPM,99616,156"
2019-06-28 15:41:00.000000000,LAST_TRADE,"4,$99217.0000"
2019-06-28 15:41:00.000000000,QUERY_SPREAD,90
2019-06-28 15:41:00.000000000,BEST_BID,"JPM,99217,96"
2019-06-28 15:41:00.000000000,BEST_ASK,"JPM,99616,156"
2019-06-28 15:41:00.000000000,LAST_TRADE,"7,$99217.0000"
2019-06-28 15:41:00.000000000,QUERY_SPREAD,91
2019-06-28 15:41:00.000000000,BEST_BID,"JPM,99217,88"
2019-06-28 15:41:00.000000000,BEST_ASK,"JPM,99616,156"
2019-06-28 15:41:00.000000000,LAST_TRADE,"8,$99217.0000"
2019-06-28 15:41:00.000000000,QUERY_SPREAD,92
2019-06-28 15:41:00.000000000,BEST_BID,"JPM,99217,83"
2019-06-28 15:41:00.000000000,BEST_ASK,"JPM,99616,156"
2019-06-28 15:41:00.000000000,LAST_TRADE,"5,$99217.0000"
2019-06-28 15:41:00.000000000,QUERY_SPREAD,93
2019-06-28 15:41:00.000000000,BEST_BID,"JPM,99217,80"
2019-06-28 15:41:00.000000000,BEST_ASK,"JPM,99616,156"
2019-06-28 15:41:00.000000000,LAST_TRADE,"3,$99217.0000"
2019-06-28 15:41:00.000000000,QUERY_SPREAD,94
2019-06-28 15:41:00.000000000,BEST_BID,"JPM,99217,76"
2019-06-28 15:41:00.000000000,BEST_ASK,"JPM,99616,156"
2019-06-28 15:41:00.000000000,LAST_TRADE,"4,$99217.0000"
2019-06-28 15:41:00.000000000,QUERY_SPREAD,95
2019-06-28 15:41:00.000000000,BEST_BID,"JPM,99217,71"
2019-06-28 15:41:00.000000000,BEST_ASK,"JPM,99616,156"
2019-06-28 15:41:00.000000000,LAST_TRADE,"5,$99217.0000"
2019-06-28 15:41:00.000000000,QUERY_SPREAD,96
2019-06-28 15:41:00.000000000,BEST_BID,"JPM,99217,70"
2019-06-28 15:41:00.000000000,BEST_ASK,"JPM,99616,156"
2019-06-28 15:41:00.000000000,LAST_TRADE,"1,$99217.0000"
2019-06-28 15:41:00.000000000,QUERY_SPREAD,97
2019-06-28 15:41:00.000000000,BEST_BID,"JPM,99217,63"
2019-06-28 15:41:00.000000000,BEST_ASK,"JPM,99616,156"
2019-06-28 15:41:00.000000000,LAST_TRADE,"7,$99217.0000"
2019-06-28 15:41:00.000000000,QUERY_SPREAD,98
2019-06-28 15:41:00.000000000,BEST_BID,"JPM,99217,57"
2019-06-28 15:41:00.000000000,BEST_ASK,"JPM,99616,156"
2019-06-28 15:41:00.000000000,LAST_TRADE,"6,$99217.0000"
2019-06-28 15:41:00.000000000,QUERY_SPREAD,99
2019-06-28 15:41:00.000000000,BEST_BID,"JPM,99217,52"
2019-06-28 15:41:00.000000000,BEST_ASK,"JPM,99616,156"
2019-06-28 15:41:00.000000000,LAST_TRADE,"5,$99217.0000"
2019-06-28 15:41:00.000000000,QUERY_SPREAD,100
2019-06-28 15:41:00.000000000,BEST_BID,"JPM,99217,45"
2019-06-28 15:41:00.000000000,BEST_ASK,"JPM,99616,156"
2019-06-28 15:41:00.000000000,LAST_TRADE,"7,$99217.0000"
2019-06-28 15:41:00.000000000,QUERY_SPREAD,101
2019-06-28 15:41:00.000000000,QUERY_ORDER_STREAM,101
2019-06-28 15:41:09.927944295,QUERY_SPREAD,28
2019-06-28 15:41:09.927944295,BEST_BID,"JPM,99217,45"
2019-06-28 15:41:09.927944295,BEST_ASK,"JPM,99616,156"
2019-06-28 15:41:10.000000000,QUERY_SPREAD,1
2019-06-28 15:41:10.000000000,BEST_BID,"JPM,99167,170"
2019-06-28 15:41:10.000000000,BEST_ASK,"JPM,99616,100"
2019-06-28 15:41:10.000000000,BEST_BID,"JPM,99167,170"
2019-06-28 15:41:10.000000000,BEST_ASK,"JPM,99616,100"
2019-06-28 15:41:10.000000000,BEST_BID,"JPM,99167,170"
2019-06-28 15:41:10.000000000,BEST_ASK,"JPM,99616,100"
2019-06-28 15:41:10.000000000,BEST_BID,"JPM,99167,170"
2019-06-28 15:41:10.000000000,BEST_ASK,"JPM,99616,100"
2019-06-28 15:41:10.000000000,BEST_BID,"JPM,99167,170"
2019-06-28 15:41:10.000000000,BEST_ASK,"JPM,99616,170"
2019-06-28 15:41:10.000000000,BEST_BID,"JPM,99167,170"
2019-06-28 15:41:10.000000000,BEST_ASK,"JPM,99616,170"
2019-06-28 15:41:10.000000000,BEST_BID,"JPM,99167,170"
2019-06-28 15:41:10.000000000,BEST_ASK,"JPM,99616,170"
2019-06-28 15:41:10.000000000,BEST_BID,"JPM,99167,170"
2019-06-28 15:41:10.000000000,BEST_ASK,"JPM,99616,170"
2019-06-28 15:41:20.000000000,QUERY_SPREAD,1
2019-06-28 15:41:20.000000000,BEST_BID,"JPM,99167,195"
2019-06-28 15:41:20.000000000,BEST_ASK,"JPM,99616,100"
2019-06-28 15:41:20.000000000,BEST_BID,"JPM,99167,195"
2019-06-28 15:41:20.000000000,BEST_ASK,"JPM,99616,100"
2019-06-28 15:41:20.000000000,BEST_BID,"JPM,99167,195"
2019-06-28 15:41:20.000000000,BEST_ASK,"JPM,99616,100"
2019-06-28 15:41:20.000000000,BEST_BID,"JPM,99167,195"
2019-06-28 15:41:20.000000000,BEST_ASK,"JPM,99616,195"
2019-06-28 15:41:20.000000000,BEST_BID,"JPM,99167,195"
2019-06-28 15:41:20.000000000,BEST_ASK,"JPM,99616,195"
2019-06-28 15:41:20.000000000,BEST_BID,"JPM,99167,195"
2019-06-28 15:41:20.000000000,BEST_ASK,"JPM,99616,195"
2019-06-28 15:41:30.000000000,QUERY_SPREAD,1
2019-06-28 15:41:30.000000000,BEST_BID,"JPM,99167,195"
2019-06-28 15:41:30.000000000,BEST_ASK,"JPM,99616,100"
2019-06-28 15:41:30.000000000,BEST_BID,"JPM,99167,195"
2019-06-28 15:41:30.000000000,BEST_ASK,"JPM,99616,100"
2019-06-28 15:41:30.000000000,BEST_BID,"JPM,99167,195"
2019-06-28 15:41:30.000000000,BEST_ASK,"JPM,99616,100"
2019-06-28 15:41:30.000000000,BEST_BID,"JPM,99167,195"
2019-06-28 15:41:30.000000000,BEST_ASK,"JPM,99616,195"
2019-06-28 15:41:30.000000000,BEST_BID,"JPM,99167,195"
2019-06-28 15:41:30.000000000,BEST_ASK,"JPM,99616,195"
2019-06-28 15:41:30.000000000,BEST_BID,"JPM,99167,195"
2019-06-28 15:41:30.000000000,BEST_ASK,"JPM,99616,195"
2019-06-28 15:41:40.000000000,QUERY_SPREAD,1
2019-06-28 15:41:40.000000000,BEST_BID,"JPM,99167,156"
2019-06-28 15:41:40.000000000,BEST_ASK,"JPM,99616,100"
2019-06-28 15:41:40.000000000,BEST_BID,"JPM,99167,156"
2019-06-28 15:41:40.000000000,BEST_ASK,"JPM,99616,100"
2019-06-28 15:41:40.000000000,BEST_BID,"JPM,99167,156"
2019-06-28 15:41:40.000000000,BEST_ASK,"JPM,99616,100"
2019-06-28 15:41:40.000000000,BEST_BID,"JPM,99167,156"
2019-06-28 15:41:40.000000000,BEST_ASK,"JPM,99616,100"
2019-06-28 15:41:40.000000000,BEST_BID,"JPM,99167,156"
2019-06-28 15:41:40.000000000,BEST_ASK,"JPM,99616,100"
2019-06-28 15:41:40.000000000,BEST_BID,"JPM,99167,156"
2019-06-28 15:41:40.000000000,BEST_ASK,"JPM,99616,156"
2019-06-28 15:41:40.000000000,BEST_BID,"JPM,99167,156"
2019-06-28 15:41:40.000000000,BEST_ASK,"JPM,99616,156"
2019-06-28 15:41:40.000000000,BEST_BID,"JPM,99167,156"
2019-06-28 15:41:40.000000000,BEST_ASK,"JPM,99616,156"
2019-06-28 15:41:40.000000000,BEST_BID,"JPM,99167,156"
2019-06-28 15:41:40.000000000,BEST_ASK,"JPM,99616,156"
2019-06-28 15:41:40.000000000,BEST_BID,"JPM,99167,156"
2019-06-28 15:41:40.000000000,BEST_ASK,"JPM,99616,156"
2019-06-28 15:41:50.000000000,QUERY_SPREAD,1
2019-06-28 15:41:50.000000000,BEST_BID,"JPM,99167,170"
2019-06-28 15:41:50.000000000,BEST_ASK,"JPM,99616,100"
2019-06-28 15:41:50.000000000,BEST_BID,"JPM,99167,170"
2019-06-28 15:41:50.000000000,BEST_ASK,"JPM,99616,100"
2019-06-28 15:41:50.000000000,BEST_BID,"JPM,99167,170"
2019-06-28 15:41:50.000000000,BEST_ASK,"JPM,99616,100"
2019-06-28 15:41:50.000000000,BEST_BID,"JPM,99167,170"
2019-06-28 15:41:50.000000000,BEST_ASK,"JPM,99616,100"
2019-06-28 15:41:50.000000000,BEST_BID,"JPM,99167,170"
2019-06-28 15:41:50.000000000,BEST_ASK,"JPM,99616,170"
2019-06-28 15:41:50.000000000,BEST_BID,"JPM,99167,170"
2019-06-28 15:41:50.000000000,BEST_ASK,"JPM,99616,170"
2019-06-28 15:41:50.000000000,BEST_BID,"JPM,99167,170"
2019-06-28 15:41:50.000000000,BEST_ASK,"JPM,99616,170"
2019-06-28 15:41:50.000000000,BEST_BID,"JPM,99167,170"
2019-06-28 15:41:50.000000000,BEST_ASK,"JPM,99616,170"
2019-06-28 15:41:50.224458161,QUERY_SPREAD,16
2019-06-28 15:41:50.224458161,BEST_BID,"JPM,99167,170"
2019-06-28 15:41:50.224458161,BEST_ASK,"JPM,99616,70"
2019-06-28 15:41:50.224458161,LAST_TRADE,"100,$99616.0000"
2019-06-28 15:41:56.023168732,QUERY_SPREAD,48
2019-06-28 15:41:56.023168732,BEST_BID,"JPM,99167,170"
2019-06-28 15:41:56.023168732,BEST_ASK,"JPM,99616,70"
2019-06-28 15:42:00.000000000,QUERY_SPREAD,1
2019-06-28 15:42:00.000000000,BEST_BID,"JPM,99167,170"
2019-06-28 15:42:00.000000000,BEST_ASK,"JPM,99625,100"
2019-06-28 15:42:00.000000000,BEST_BID,"JPM,99167,170"
2019-06-28 15:42:00.000000000,BEST_ASK,"JPM,99625,100"
2019-06-28 15:42:00.000000000,BEST_BID,"JPM,99167,170"
2019-06-28 15:42:00.000000000,BEST_ASK,"JPM,99625,100"
2019-06-28 15:42:00.000000000,BEST_BID,"JPM,99167,170"
2019-06-28 15:42:00.000000000,BEST_ASK,"JPM,99625,100"
2019-06-28 15:42:00.000000000,BEST_BID,"JPM,99167,170"
2019-06-28 15:42:00.000000000,BEST_ASK,"JPM,99625,170"
2019-06-28 15:42:00.000000000,BEST_BID,"JPM,99167,170"
2019-06-28 15:42:00.000000000,BEST_ASK,"JPM,99625,170"
2019-06-28 15:42:00.000000000,BEST_BID,"JPM,99167,170"
2019-06-28 15:42:00.000000000,BEST_ASK,"JPM,99625,170"
2019-06-28 15:42:00.000000000,BEST_BID,"JPM,99167,170"
2019-06-28 15:42:00.000000000,BEST_ASK,"JPM,99625,170"
2019-06-28 15:42:00.000000000,QUERY_SPREAD,77
2019-06-28 15:42:00.000000000,BEST_BID,"JPM,99167,169"
2019-06-28 15:42:00.000000000,BEST_ASK,"JPM,99625,170"
2019-06-28 15:42:00.000000000,LAST_TRADE,"1,$99167.0000"
2019-06-28 15:42:00.000000000,QUERY_SPREAD,78
2019-06-28 15:42:00.000000000,BEST_BID,"JPM,99167,165"
2019-06-28 15:42:00.000000000,BEST_ASK,"JPM,99625,170"
2019-06-28 15:42:00.000000000,LAST_TRADE,"4,$99167.0000"
2019-06-28 15:42:00.000000000,QUERY_SPREAD,79
2019-06-28 15:42:00.000000000,BEST_BID,"JPM,99167,159"
2019-06-28 15:42:00.000000000,BEST_ASK,"JPM,99625,170"
2019-06-28 15:42:00.000000000,LAST_TRADE,"6,$99167.0000"
2019-06-28 15:42:00.000000000,QUERY_SPREAD,80
2019-06-28 15:42:00.000000000,BEST_BID,"JPM,99167,154"
2019-06-28 15:42:00.000000000,BEST_ASK,"JPM,99625,170"
2019-06-28 15:42:00.000000000,LAST_TRADE,"5,$99167.0000"
2019-06-28 15:42:00.000000000,QUERY_SPREAD,81
2019-06-28 15:42:00.000000000,BEST_BID,"JPM,99167,146"
2019-06-28 15:42:00.000000000,BEST_ASK,"JPM,99625,170"
2019-06-28 15:42:00.000000000,LAST_TRADE,"8,$99167.0000"
2019-06-28 15:42:00.000000000,QUERY_SPREAD,82
2019-06-28 15:42:00.000000000,BEST_BID,"JPM,99167,138"
2019-06-28 15:42:00.000000000,BEST_ASK,"JPM,99625,170"
2019-06-28 15:42:00.000000000,LAST_TRADE,"8,$99167.0000"
2019-06-28 15:42:00.000000000,QUERY_SPREAD,83
2019-06-28 15:42:00.000000000,BEST_BID,"JPM,99167,136"
2019-06-28 15:42:00.000000000,BEST_ASK,"JPM,99625,170"
2019-06-28 15:42:00.000000000,LAST_TRADE,"2,$99167.0000"
2019-06-28 15:42:00.000000000,QUERY_SPREAD,84
2019-06-28 15:42:00.000000000,BEST_BID,"JPM,99167,135"
2019-06-28 15:42:00.000000000,BEST_ASK,"JPM,99625,170"
2019-06-28 15:42:00.000000000,LAST_TRADE,"1,$99167.0000"
2019-06-28 15:42:00.000000000,QUERY_SPREAD,85
2019-06-28 15:42:00.000000000,BEST_BID,"JPM,99167,134"
2019-06-28 15:42:00.000000000,BEST_ASK,"JPM,99625,170"
2019-06-28 15:42:00.000000000,LAST_TRADE,"1,$99167.0000"
2019-06-28 15:42:00.000000000,QUERY_SPREAD,86
2019-06-28 15:42:00.000000000,BEST_BID,"JPM,99167,128"
2019-06-28 15:42:00.000000000,BEST_ASK,"JPM,99625,170"
2019-06-28 15:42:00.000000000,LAST_TRADE,"6,$99167.0000"
2019-06-28 15:42:00.000000000,QUERY_SPREAD,87
2019-06-28 15:42:00.000000000,BEST_BID,"JPM,99167,125"
2019-06-28 15:42:00.000000000,BEST_ASK,"JPM,99625,170"
2019-06-28 15:42:00.000000000,LAST_TRADE,"3,$99167.0000"
2019-06-28 15:42:00.000000000,QUERY_SPREAD,88
2019-06-28 15:42:00.000000000,BEST_BID,"JPM,99167,121"
2019-06-28 15:42:00.000000000,BEST_ASK,"JPM,99625,170"
2019-06-28 15:42:00.000000000,LAST_TRADE,"4,$99167.0000"
2019-06-28 15:42:00.000000000,QUERY_SPREAD,89
2019-06-28 15:42:00.000000000,BEST_BID,"JPM,99167,117"
2019-06-28 15:42:00.000000000,BEST_ASK,"JPM,99625,170"
2019-06-28 15:42:00.000000000,LAST_TRADE,"4,$99167.0000"
2019-06-28 15:42:00.000000000,QUERY_SPREAD,90
2019-06-28 15:42:00.000000000,BEST_BID,"JPM,99167,110"
2019-06-28 15:42:00.000000000,BEST_ASK,"JPM,99625,170"
2019-06-28 15:42:00.000000000,LAST_TRADE,"7,$99167.0000"
2019-06-28 15:42:00.000000000,QUERY_SPREAD,91
2019-06-28 15:42:00.000000000,BEST_BID,"JPM,99167,102"
2019-06-28 15:42:00.000000000,BEST_ASK,"JPM,99625,170"
2019-06-28 15:42:00.000000000,LAST_TRADE,"8,$99167.0000"
2019-06-28 15:42:00.000000000,QUERY_SPREAD,92
2019-06-28 15:42:00.000000000,BEST_BID,"JPM,99167,97"
2019-06-28 15:42:00.000000000,BEST_ASK,"JPM,99625,170"
2019-06-28 15:42:00.000000000,LAST_TRADE,"5,$99167.0000"
2019-06-28 15:42:00.000000000,QUERY_SPREAD,93
2019-06-28 15:42:00.000000000,BEST_BID,"JPM,99167,94"
2019-06-28 15:42:00.000000000,BEST_ASK,"JPM,99625,170"
2019-06-28 15:42:00.000000000,LAST_TRADE,"3,$99167.0000"
2019-06-28 15:42:00.000000000,QUERY_SPREAD,94
2019-06-28 15:42:00.000000000,BEST_BID,"JPM,99167,90"
2019-06-28 15:42:00.000000000,BEST_ASK,"JPM,99625,170"
2019-06-28 15:42:00.000000000,LAST_TRADE,"4,$99167.0000"
2019-06-28 15:42:00.000000000,QUERY_SPREAD,95
2019-06-28 15:42:00.000000000,BEST_BID,"JPM,99167,85"
2019-06-28 15:42:00.000000000,BEST_ASK,"JPM,99625,170"
2019-06-28 15:42:00.000000000,LAST_TRADE,"5,$99167.0000"
2019-06-28 15:42:00.000000000,QUERY_SPREAD,96
2019-06-28 15:42:00.000000000,BEST_BID,"JPM,99167,84"
2019-06-28 15:42:00.000000000,BEST_ASK,"JPM,99625,170"
2019-06-28 15:42:00.000000000,LAST_TRADE,"1,$99167.0000"
2019-06-28 15:42:00.000000000,QUERY_SPREAD,97
2019-06-28 15:42:00.000000000,BEST_BID,"JPM,99167,77"
2019-06-28 15:42:00.000000000,BEST_ASK,"JPM,99625,170"
2019-06-28 15:42:00.000000000,LAST_TRADE,"7,$99167.0000"
2019-06-28 15:42:00.000000000,QUERY_SPREAD,98
2019-06-28 15:42:00.000000000,BEST_BID,"JPM,99167,71"
2019-06-28 15:42:00.000000000,BEST_ASK,"JPM,99625,170"
2019-06-28 15:42:00.000000000,LAST_TRADE,"6,$99167.0000"
2019-06-28 15:42:00.000000000,QUERY_SPREAD,99
2019-06-28 15:42:00.000000000,BEST_BID,"JPM,99167,66"
2019-06-28 15:42:00.000000000,BEST_ASK,"JPM,99625,170"
2019-06-28 15:42:00.000000000,LAST_TRADE,"5,$99167.0000"
2019-06-28 15:42:00.000000000,QUERY_SPREAD,100
2019-06-28 15:42:00.000000000,BEST_BID,"JPM,99167,59"
2019-06-28 15:42:00.000000000,BEST_ASK,"JPM,99625,170"
2019-06-28 15:42:00.000000000,LAST_TRADE,"7,$99167.0000"
2019-06-28 15:42:00.000000000,QUERY_SPREAD,101
2019-06-28 15:42:00.000000000,QUERY_ORDER_STREAM,101
2019-06-28 15:42:02.095606227,QUERY_ORDER_STREAM,61
2019-06-28 15:42:02.095606227,QUERY_SPREAD,61
2019-06-28 15:42:02.510668979,QUERY_SPREAD,26
2019-06-28 15:42:02.510668979,BEST_BID,"JPM,99167,59"
2019-06-28 15:42:02.510668979,BEST_ASK,"JPM,99625,170"
2019-06-28 15:42:10.000000000,QUERY_SPREAD,1
2019-06-28 15:42:10.000000000,BEST_BID,"JPM,99096,349"
2019-06-28 15:42:10.000000000,BEST_ASK,"JPM,99625,100"
2019-06-28 15:42:10.000000000,BEST_BID,"JPM,99096,349"
2019-06-28 15:42:10.000000000,BEST_ASK,"JPM,99625,380"
2019-06-28 15:42:12.391842538,QUERY_SPREAD,46
2019-06-28 15:42:12.391842538,BEST_BID,"JPM,99096,349"
2019-06-28 15:42:12.391842538,BEST_ASK,"JPM,99625,380"
2019-06-28 15:42:20.000000000,QUERY_SPREAD,1
2019-06-28 15:42:20.000000000,BEST_BID,"JPM,99096,125"
2019-06-28 15:42:20.000000000,BEST_ASK,"JPM,99625,100"
2019-06-28 15:42:20.000000000,BEST_BID,"JPM,99096,125"
2019-06-28 15:42:20.000000000,BEST_ASK,"JPM,99625,100"
2019-06-28 15:42:20.000000000,BEST_BID,"JPM,99096,125"
2019-06-28 15:42:20.000000000,BEST_ASK,"JPM,99625,100"
2019-06-28 15:42:20.000000000,BEST_BID,"JPM,99096,125"
2019-06-28 15:42:20.000000000,BEST_ASK,"JPM,99625,100"
2019-06-28 15:42:20.000000000,BEST_BID,"JPM,99096,125"
2019-06-28 15:42:20.000000000,BEST_ASK,"JPM,99625,100"
2019-06-28 15:42:20.000000000,BEST_BID,"JPM,99096,125"
2019-06-28 15:42:20.000000000,BEST_ASK,"JPM,99625,156"
2019-06-28 15:42:20.000000000,BEST_BID,"JPM,99096,125"
2019-06-28 15:42:20.000000000,BEST_ASK,"JPM,99625,156"
2019-06-28 15:42:20.000000000,BEST_BID,"JPM,99096,125"
2019-06-28 15:42:20.000000000,BEST_ASK,"JPM,99625,156"
2019-06-28 15:42:20.000000000,BEST_BID,"JPM,99096,125"
2019-06-28 15:42:20.000000000,BEST_ASK,"JPM,99625,156"
2019-06-28 15:42:20.000000000,BEST_BID,"JPM,99096,125"
2019-06-28 15:42:20.000000000,BEST_ASK,"JPM,99625,156"
2019-06-28 15:42:30.000000000,QUERY_SPREAD,1
2019-06-28 15:42:30.000000000,BEST_BID,"JPM,99096,125"
2019-06-28 15:42:30.000000000,BEST_ASK,"JPM,99625,100"
2019-06-28 15:42:30.000000000,BEST_BID,"JPM,99096,125"
2019-06-28 15:42:30.000000000,BEST_ASK,"JPM,99625,100"
2019-06-28 15:42:30.000000000,BEST_BID,"JPM,99096,125"
2019-06-28 15:42:30.000000000,BEST_ASK,"JPM,99625,100"
2019-06-28 15:42:30.000000000,BEST_BID,"JPM,99096,125"
2019-06-28 15:42:30.000000000,BEST_ASK,"JPM,99625,100"
2019-06-28 15:42:30.000000000,BEST_BID,"JPM,99096,125"
2019-06-28 15:42:30.000000000,BEST_ASK,"JPM,99625,100"
2019-06-28 15:42:30.000000000,BEST_BID,"JPM,99096,125"
2019-06-28 15:42:30.000000000,BEST_ASK,"JPM,99625,156"
2019-06-28 15:42:30.000000000,BEST_BID,"JPM,99096,125"
2019-06-28 15:42:30.000000000,BEST_ASK,"JPM,99625,156"
2019-06-28 15:42:30.000000000,BEST_BID,"JPM,99096,125"
2019-06-28 15:42:30.000000000,BEST_ASK,"JPM,99625,156"
2019-06-28 15:42:30.000000000,BEST_BID,"JPM,99096,125"
2019-06-28 15:42:30.000000000,BEST_ASK,"JPM,99625,156"
2019-06-28 15:42:30.000000000,BEST_BID,"JPM,99096,125"
2019-06-28 15:42:30.000000000,BEST_ASK,"JPM,99625,156"
2019-06-28 15:42:40.000000000,QUERY_SPREAD,1
2019-06-28 15:42:40.000000000,BEST_BID,"JPM,99096,349"
2019-06-28 15:42:40.000000000,BEST_ASK,"JPM,99625,100"
2019-06-28 15:42:40.000000000,BEST_BID,"JPM,99096,349"
2019-06-28 15:42:40.000000000,BEST_ASK,"JPM,99625,380"
2019-06-28 15:42:50.000000000,QUERY_SPREAD,1
2019-06-28 15:42:50.000000000,BEST_BID,"JPM,99096,209"
2019-06-28 15:42:50.000000000,BEST_ASK,"JPM,99625,100"
2019-06-28 15:42:50.000000000,BEST_BID,"JPM,99096,209"
2019-06-28 15:42:50.000000000,BEST_ASK,"JPM,99625,100"
2019-06-28 15:42:50.000000000,BEST_BID,"JPM,99096,209"
2019-06-28 15:42:50.000000000,BEST_ASK,"JPM,99625,240"
2019-06-28 15:42:50.000000000,BEST_BID,"JPM,99096,209"
2019-06-28 15:42:50.000000000,BEST_ASK,"JPM,99625,240"
2019-06-28 15:42:55.408184706,QUERY_SPREAD,10
2019-06-28 15:42:55.408184706,BEST_BID,"JPM,99459,100"
2019-06-28 15:42:55.408184706,BEST_ASK,"JPM,99625,240"
2019-06-28 15:43:00.000000000,QUERY_SPREAD,1
2019-06-28 15:43:00.000000000,BEST_BID,"JPM,99459,195"
2019-06-28 15:43:00.000000000,BEST_ASK,"JPM,99625,100"
2019-06-28 15:43:00.000000000,BEST_BID,"JPM,99459,195"
2019-06-28 15:43:00.000000000,BEST_ASK,"JPM,99625,100"
2019-06-28 15:43:00.000000000,BEST_BID,"JPM,99459,195"
2019-06-28 15:43:00.000000000,BEST_ASK,"JPM,99625,100"
2019-06-28 15:43:00.000000000,BEST_BID,"JPM,99459,195"
2019-06-28 15:43:00.000000000,BEST_ASK,"JPM,99625,195"
2019-06-28 15:43:00.000000000,BEST_BID,"JPM,99459,195"
2019-06-28 15:43:00.000000000,BEST_ASK,"JPM,99625,195"
2019-06-28 15:43:00.000000000,BEST_BID,"JPM,99459,195"
2019-06-28 15:43:00.000000000,BEST_ASK,"JPM,99625,195"
2019-06-28 15:43:00.000000000,QUERY_SPREAD,77
2019-06-28 15:43:00.000000000,BEST_BID,"JPM,99459,194"
2019-06-28 15:43:00.000000000,BEST_ASK,"JPM,99625,195"
2019-06-28 15:43:00.000000000,LAST_TRADE,"1,$99459.0000"
2019-06-28 15:43:00.000000000,QUERY_SPREAD,78
2019-06-28 15:43:00.000000000,BEST_BID,"JPM,99459,190"
2019-06-28 15:43:00.000000000,BEST_ASK,"JPM,99625,195"
2019-06-28 15:43:00.000000000,LAST_TRADE,"4,$99459.0000"
2019-06-28 15:43:00.000000000,QUERY_SPREAD,79
2019-06-28 15:43:00.000000000,BEST_BID,"JPM,99459,184"
2019-06-28 15:43:00.000000000,BEST_ASK,"JPM,99625,195"
2019-06-28 15:43:00.000000000,LAST_TRADE,"6,$99459.0000"
2019-06-28 15:43:00.000000000,QUERY_SPREAD,80
2019-06-28 15:43:00.000000000,BEST_BID,"JPM,99459,179"
2019-06-28 15:43:00.000000000,BEST_ASK,"JPM,99625,195"
2019-06-28 15:43:00.000000000,LAST_TRADE,"5,$99459.0000"
2019-06-28 15:43:00.000000000,QUERY_SPREAD,81
2019-06-28 15:43:00.000000000,BEST_BID,"JPM,99459,171"
2019-06-28 15:43:00.000000000,BEST_ASK,"JPM,99625,195"
2019-06-28 15:43:00.000000000,LAST_TRADE,"8,$99459.0000"
2019-06-28 15:43:00.000000000,QUERY_SPREAD,82
2019-06-28 15:43:00.000000000,BEST_BID,"JPM,99459,163"
2019-06-28 15:43:00.000000000,BEST_ASK,"JPM,99625,195"
2019-06-28 15:43:00.000000000,LAST_TRADE,"8,$99459.0000"
2019-06-28 15:43:00.000000000,QUERY_SPREAD,83
2019-06-28 15:43:00.000000000,BEST_BID,"JPM,99459,161"
2019-06-28 15:43:00.000000000,BEST_ASK,"JPM,99625,195"
2019-06-28 15:43:00.000000000,LAST_TRADE,"2,$99459.0000"
2019-06-28 15:43:00.000000000,QUERY_SPREAD,84
2019-06-28 15:43:00.000000000,BEST_BID,"JPM,99459,160"
2019-06-28 15:43:00.000000000,BEST_ASK,"JPM,99625,195"
2019-06-28 15:43:00.000000000,LAST_TRADE,"1,$99459.0000"
2019-06-28 15:43:00.000000000,QUERY_SPREAD,85
2019-06-28 15:43:00.000000000,BEST_BID,"JPM,99459,159"
2019-06-28 15:43:00.000000000,BEST_ASK,"JPM,99625,195"
2019-06-28 15:43:00.000000000,LAST_TRADE,"1,$99459.0000"
2019-06-28 15:43:00.000000000,QUERY_SPREAD,86
2019-06-28 15:43:00.000000000,BEST_BID,"JPM,99459,153"
2019-06-28 15:43:00.000000000,BEST_ASK,"JPM,99625,195"
2019-06-28 15:43:00.000000000,LAST_TRADE,"6,$99459.0000"
2019-06-28 15:43:00.000000000,QUERY_SPREAD,87
2019-06-28 15:43:00.000000000,BEST_BID,"JPM,99459,150"
2019-06-28 15:43:00.000000000,BEST_ASK,"JPM,99625,195"
2019-06-28 15:43:00.000000000,LAST_TRADE,"3,$99459.0000"
2019-06-28 15:43:00.000000000,QUERY_SPREAD,88
2019-06-28 15:43:00.000000000,BEST_BID,"JPM,99459,146"
2019-06-28 15:43:00.000000000,BEST_ASK,"JPM,99625,195"
2019-06-28 15:43:00.000000000,LAST_TRADE,"4,$99459.0000"
2019-06-28 15:43:00.000000000,QUERY_SPREAD,89
2019-06-28 15:43:00.000000000,BEST_BID,"JPM,99459,142"
2019-06-28 15:43:00.000000000,BEST_ASK,"JPM,99625,195"
2019-06-28 15:43:00.000000000,LAST_TRADE,"4,$99459.0000"
2019-06-28 15:43:00.000000000,QUERY_SPREAD,90
2019-06-28 15:43:00.000000000,BEST_BID,"JPM,99459,135"
2019-06-28 15:43:00.000000000,BEST_ASK,"JPM,99625,195"
2019-06-28 15:43:00.000000000,LAST_TRADE,"7,$99459.0000"
2019-06-28 15:43:00.000000000,QUERY_SPREAD,91
2019-06-28 15:43:00.000000000,BEST_BID,"JPM,99459,127"
2019-06-28 15:43:00.000000000,BEST_ASK,"JPM,99625,195"
2019-06-28 15:43:00.000000000,LAST_TRADE,"8,$99459.0000"
2019-06-28 15:43:00.000000000,QUERY_SPREAD,92
2019-06-28 15:43:00.000000000,BEST_BID,"JPM,99459,122"
2019-06-28 15:43:00.000000000,BEST_ASK,"JPM,99625,195"
2019-06-28 15:43:00.000000000,LAST_TRADE,"5,$99459.0000"
2019-06-28 15:43:00.000000000,QUERY_SPREAD,93
2019-06-28 15:43:00.000000000,BEST_BID,"JPM,99459,119"
2019-06-28 15:43:00.000000000,BEST_ASK,"JPM,99625,195"
2019-06-28 15:43:00.000000000,LAST_TRADE,"3,$99459.0000"
2019-06-28 15:43:00.000000000,QUERY_SPREAD,94
2019-06-28 15:43:00.000000000,BEST_BID,"JPM,99459,115"
2019-06-28 15:43:00.000000000,BEST_ASK,"JPM,99625,195"
2019-06-28 15:43:00.000000000,LAST_TRADE,"4,$99459.0000"
2019-06-28 15:43:00.000000000,QUERY_SPREAD,95
2019-06-28 15:43:00.000000000,BEST_BID,"JPM,99459,110"
2019-06-28 15:43:00.000000000,BEST_ASK,"JPM,99625,195"
2019-06-28 15:43:00.000000000,LAST_TRADE,"5,$99459.0000"
2019-06-28 15:43:00.000000000,QUERY_SPREAD,96
2019-06-28 15:43:00.000000000,BEST_BID,"JPM,99459,109"
2019-06-28 15:43:00.000000000,BEST_ASK,"JPM,99625,195"
2019-06-28 15:43:00.000000000,LAST_TRADE,"1,$99459.0000"
2019-06-28 15:43:00.000000000,QUERY_SPREAD,97
2019-06-28 15:43:00.000000000,BEST_BID,"JPM,99459,102"
2019-06-28 15:43:00.000000000,BEST_ASK,"JPM,99625,195"
2019-06-28 15:43:00.000000000,LAST_TRADE,"7,$99459.0000"
2019-06-28 15:43:00.000000000,QUERY_SPREAD,98
2019-06-28 15:43:00.000000000,BEST_BID,"JPM,99459,96"
2019-06-28 15:43:00.000000000,BEST_ASK,"JPM,99625,195"
2019-06-28 15:43:00.000000000,LAST_TRADE,"6,$99459.0000"
2019-06-28 15:43:00.000000000,QUERY_SPREAD,99
2019-06-28 15:43:00.000000000,BEST_BID,"JPM,99459,91"
2019-06-28 15:43:00.000000000,BEST_ASK,"JPM,99625,195"
2019-06-28 15:43:00.000000000,LAST_TRADE,"5,$99459.0000"
2019-06-28 15:43:00.000000000,QUERY_SPREAD,100
2019-06-28 15:43:00.000000000,BEST_BID,"JPM,99459,84"
2019-06-28 15:43:00.000000000,BEST_ASK,"JPM,99625,195"
2019-06-28 15:43:00.000000000,LAST_TRADE,"7,$99459.0000"
2019-06-28 15:43:00.000000000,QUERY_SPREAD,101
2019-06-28 15:43:00.000000000,QUERY_ORDER_STREAM,101
2019-06-28 15:43:10.000000000,QUERY_SPREAD,1
2019-06-28 15:43:10.000000000,BEST_BID,"JPM,99096,125"
2019-06-28 15:43:10.000000000,BEST_ASK,"JPM,99625,100"
2019-06-28 15:43:10.000000000,BEST_BID,"JPM,99096,125"
2019-06-28 15:43:10.000000000,BEST_ASK,"JPM,99625,100"
2019-06-28 15:43:10.000000000,BEST_BID,"JPM,99096,125"
2019-06-28 15:43:10.000000000,BEST_ASK,"JPM,99625,100"
2019-06-28 15:43:10.000000000,BEST_BID,"JPM,99096,125"
2019-06-28 15:43:10.000000000,BEST_ASK,"JPM,99625,100"
2019-06-28 15:43:10.000000000,BEST_BID,"JPM,99096,125"
2019-06-28 15:43:10.000000000,BEST_ASK,"JPM,99625,100"
2019-06-28 15:43:10.000000000,BEST_BID,"JPM,99096,125"
2019-06-28 15:43:10.000000000,BEST_ASK,"JPM,99625,156"
2019-06-28 15:43:10.000000000,BEST_BID,"JPM,99096,125"
2019-06-28 15:43:10.000000000,BEST_ASK,"JPM,99625,156"
2019-06-28 15:43:10.000000000,BEST_BID,"JPM,99096,125"
2019-06-28 15:43:10.000000000,BEST_ASK,"JPM,99625,156"
2019-06-28 15:43:10.000000000,BEST_BID,"JPM,99096,125"
2019-06-28 15:43:10.000000000,BEST_ASK,"JPM,99625,156"
2019-06-28 15:43:10.000000000,BEST_BID,"JPM,99096,125"
2019-06-28 15:43:10.000000000,BEST_ASK,"JPM,99625,156"
2019-06-28 15:43:14.471320026,QUERY_ORDER_STREAM,58
2019-06-28 15:43:14.471320026,QUERY_SPREAD,58
2019-06-28 15:43:14.471320026,BEST_BID,"JPM,99096,125"
2019-06-28 15:43:14.471320026,BEST_ASK,"JPM,99459,100"
2019-06-28 15:43:20.000000000,QUERY_SPREAD,1
2019-06-28 15:43:20.000000000,BEST_BID,"JPM,99096,349"
2019-06-28 15:43:20.000000000,BEST_ASK,"JPM,99459,100"
2019-06-28 15:43:20.000000000,BEST_BID,"JPM,99096,349"
2019-06-28 15:43:20.000000000,BEST_ASK,"JPM,99459,380"
2019-06-28 15:43:30.000000000,QUERY_SPREAD,1
2019-06-28 15:43:30.000000000,BEST_BID,"JPM,99096,164"
2019-06-28 15:43:30.000000000,BEST_ASK,"JPM,99459,100"
2019-06-28 15:43:30.000000000,BEST_BID,"JPM,99096,164"
2019-06-28 15:43:30.000000000,BEST_ASK,"JPM,99459,100"
2019-06-28 15:43:30.000000000,BEST_BID,"JPM,99096,164"
2019-06-28 15:43:30.000000000,BEST_ASK,"JPM,99459,100"
2019-06-28 15:43:30.000000000,BEST_BID,"JPM,99096,164"
2019-06-28 15:43:30.000000000,BEST_ASK,"JPM,99459,195"
2019-06-28 15:43:30.000000000,BEST_BID,"JPM,99096,164"
2019-06-28 15:43:30.000000000,BEST_ASK,"JPM,99459,195"
2019-06-28 15:43:30.000000000,BEST_BID,"JPM,99096,164"
2019-06-28 15:43:30.000000000,BEST_ASK,"JPM,99459,195"
2019-06-28 15:43:40.000000000,QUERY_SPREAD,1
2019-06-28 15:43:40.000000000,BEST_BID,"JPM,99096,349"
2019-06-28 15:43:40.000000000,BEST_ASK,"JPM,99459,100"
2019-06-28 15:43:40.000000000,BEST_BID,"JPM,99096,349"
2019-06-28 15:43:40.000000000,BEST_ASK,"JPM,99459,380"
2019-06-28 15:43:50.000000000,QUERY_SPREAD,1
2019-06-28 15:43:50.000000000,BEST_BID,"JPM,99096,125"
2019-06-28 15:43:50.000000000,BEST_ASK,"JPM,99459,100"
2019-06-28 15:43:50.000000000,BEST_BID,"JPM,99096,125"
2019-06-28 15:43:50.000000000,BEST_ASK,"JPM,99459,100"
2019-06-28 15:43:50.000000000,BEST_BID,"JPM,99096,125"
2019-06-28 15:43:50.000000000,BEST_ASK,"JPM,99459,100"
2019-06-28 15:43:50.000000000,BEST_BID,"JPM,99096,125"
2019-06-28 15:43:50.000000000,BEST_ASK,"JPM,99459,100"
2019-06-28 15:43:50.000000000,BEST_BID,"JPM,99096,125"
2019-06-28 15:43:50.000000000,BEST_ASK,"JPM,99459,100"
2019-06-28 15:43:50.000000000,BEST_BID,"JPM,99096,125"
2019-06-28 15:43:50.000000000,BEST_ASK,"JPM,99459,156"
2019-06-28 15:43:50.000000000,BEST_BID,"JPM,99096,125"
2019-06-28 15:43:50.000000000,BEST_ASK,"JPM,99459,156"
2019-06-28 15:43:50.000000000,BEST_BID,"JPM,99096,125"
2019-06-28 15:43:50.000000000,BEST_ASK,"JPM,99459,156"
2019-06-28 15:43:50.000000000,BEST_BID,"JPM,99096,125"
2019-06-28 15:43:50.000000000,BEST_ASK,"JPM,99459,156"
2019-06-28 15:43:50.000000000,BEST_BID,"JPM,99096,125"
2019-06-28 15:43:50.000000000,BEST_ASK,"JPM,99459,156"
2019-06-28 15:43:50.221914576,QUERY_SPREAD,44
2019-06-28 15:43:50.221914576,BEST_BID,"JPM,99096,125"
2019-06-28 15:43:50.221914576,BEST_ASK,"JPM,99459,156"
2019-06-28 15:43:53.052301140,QUERY_SPREAD,15
2019-06-28 15:43:53.052301140,BEST_BID,"JPM,99192,100"
2019-06-28 15:43:53.052301140,BEST_ASK,"JPM,99459,156"
2019-06-28 15:43:53.768236148,QUERY_ORDER_STREAM,70
2019-06-28 15:43:53.768236148,QUERY_SPREAD,70
2019-06-28 15:43:53.768236148,BEST_BID,"JPM,99192,100"
2019-06-28 15:43:53.768236148,BEST_ASK,"JPM,99459,256"
2019-06-28 15:44:00.000000000,QUERY_SPREAD,1
2019-06-28 15:44:00.000000000,BEST_BID,"JPM,99192,380"
2019-06-28 15:44:00.000000000,BEST_ASK,"JPM,99459,200"
2019-06-28 15:44:00.000000000,BEST_BID,"JPM,99192,380"
2019-06-28 15:44:00.000000000,BEST_ASK,"JPM,99459,480"
2019-06-28 15:44:00.000000000,QUERY_SPREAD,77
2019-06-28 15:44:00.000000000,BEST_BID,"JPM,99192,379"
2019-06-28 15:44:00.000000000,BEST_ASK,"JPM,99459,480"
2019-06-28 15:44:00.000000000,LAST_TRADE,"1,$99192.0000"
2019-06-28 15:44:00.000000000,QUERY_SPREAD,78
2019-06-28 15:44:00.000000000,BEST_BID,"JPM,99192,375"
2019-06-28 15:44:00.000000000,BEST_ASK,"JPM,99459,480"
2019-06-28 15:44:00.000000000,LAST_TRADE,"4,$99192.0000"
2019-06-28 15:44:00.000000000,QUERY_SPREAD,79
2019-06-28 15:44:00.000000000,BEST_BID,"JPM,99192,369"
2019-06-28 15:44:00.000000000,BEST_ASK,"JPM,99459,480"
2019-06-28 15:44:00.000000000,LAST_TRADE,"6,$99192.0000"
2019-06-28 15:44:00.000000000,QUERY_SPREAD,80
2019-06-28 15:44:00.000000000,BEST_BID,"JPM,99192,364"
2019-06-28 15:44:00.000000000,BEST_ASK,"JPM,99459,480"
2019-06-28 15:44:00.000000000,LAST_TRADE,"5,$99192.0000"
2019-06-28 15:44:00.000000000,QUERY_SPREAD,81
2019-06-28 15:44:00.000000000,BEST_BID,"JPM,99192,356"
2019-06-28 15:44:00.000000000,BEST_ASK,"JPM,99459,480"
2019-06-28 15:44:00.000000000,LAST_TRADE,"8,$99192.0000"
2019-06-28 15:44:00.000000000,QUERY_SPREAD,82
2019-06-28 15:44:00.000000000,BEST_BID,"JPM,99192,348"
2019-06-28 15:44:00.000000000,BEST_ASK,"JPM,99459,480"
2019-06-28 15:44:00.000000000,LAST_TRADE,"8,$99192.0000"
2019-06-28 15:44:00.000000000,QUERY_SPREAD,83
2019-06-28 15:44:00.000000000,BEST_BID,"JPM,99192,346"
2019-06-28 15:44:00.000000000,BEST_ASK,"JPM,99459,480"
2019-06-28 15:44:00.000000000,LAST_TRADE,"2,$99192.0000"
2019-06-28 15:44:00.000000000,QUERY_SPREAD,84
2019-06-28 15:44:00.000000000,BEST_BID,"JPM,99192,345"
2019-06-28 15:44:00.000000000,BEST_ASK,"JPM,99459,480"
2019-06-28 15:44:00.000000000,LAST_TRADE,"1,$99192.0000"
2019-06-28 15:44:00.000000000,QUERY_SPREAD,85
2019-06-28 15:44:00.000000000,BEST_BID,"JPM,99192,344"
2019-06-28 15:44:00.000000000,BEST_ASK,"JPM,99459,480"
2019-06-28 15:44:00.000000000,LAST_TRADE,"1,$99192.0000"
2019-06-28 15:44:00.000000000,QUERY_SPREAD,86
2019-06-28 15:44:00.000000000,BEST_BID,"JPM,99192,338"
2019-06-28 15:44:00.000000000,BEST_ASK,"JPM,99459,480"
2019-06-28 15:44:00.000000000,LAST_TRADE,"6,$99192.0000"
2019-06-28 15:44:00.000000000,QUERY_SPREAD,87
2019-06-28 15:44:00.000000000,BEST_BID,"JPM,99192,335"
2019-06-28 15:44:00.000000000,BEST_ASK,"JPM,99459,480"
2019-06-28 15:44:00.000000000,LAST_TRADE,"3,$99192.0000"
2019-06-28 15:44:00.000000000,QUERY_SPREAD,88
2019-06-28 15:44:00.000000000,BEST_BID,"JPM,99192,331"
2019-06-28 15:44:00.000000000,BEST_ASK,"JPM,99459,480"
2019-06-28 15:44:00.000000000,LAST_TRADE,"4,$99192.0000"
2019-06-28 15:44:00.000000000,QUERY_SPREAD,89
2019-06-28 15:44:00.000000000,BEST_BID,"JPM,99192,327"
2019-06-28 15:44:00.000000000,BEST_ASK,"JPM,99459,480"
2019-06-28 15:44:00.000000000,LAST_TRADE,"4,$99192.0000"
2019-06-28 15:44:00.000000000,QUERY_SPREAD,90
2019-06-28 15:44:00.000000000,BEST_BID,"JPM,99192,320"
2019-06-28 15:44:00.000000000,BEST_ASK,"JPM,99459,480"
2019-06-28 15:44:00.000000000,LAST_TRADE,"7,$99192.0000"
2019-06-28 15:44:00.000000000,QUERY_SPREAD,91
2019-06-28 15:44:00.000000000,BEST_BID,"JPM,99192,312"
2019-06-28 15:44:00.000000000,BEST_ASK,"JPM,99459,480"
2019-06-28 15:44:00.000000000,LAST_TRADE,"8,$99192.0000"
2019-06-28 15:44:00.000000000,QUERY_SPREAD,92
2019-06-28 15:44:00.000000000,BEST_BID,"JPM,99192,307"
2019-06-28 15:44:00.000000000,BEST_ASK,"JPM,99459,480"
2019-06-28 15:44:00.000000000,LAST_TRADE,"5,$99192.0000"
2019-06-28 15:44:00.000000000,QUERY_SPREAD,93
2019-06-28 15:44:00.000000000,BEST_BID,"JPM,99192,304"
2019-06-28 15:44:00.000000000,BEST_ASK,"JPM,99459,480"
2019-06-28 15:44:00.000000000,LAST_TRADE,"3,$99192.0000"
2019-06-28 15:44:00.000000000,QUERY_SPREAD,94
2019-06-28 15:44:00.000000000,BEST_BID,"JPM,99192,300"
2019-06-28 15:44:00.000000000,BEST_ASK,"JPM,99459,480"
2019-06-28 15:44:00.000000000,LAST_TRADE,"4,$99192.0000"
2019-06-28 15:44:00.000000000,QUERY_SPREAD,95
2019-06-28 15:44:00.000000000,BEST_BID,"JPM,99192,295"
2019-06-28 15:44:00.000000000,BEST_ASK,"JPM,99459,480"
2019-06-28 15:44:00.000000000,LAST_TRADE,"5,$99192.0000"
2019-06-28 15:44:00.000000000,QUERY_SPREAD,96
2019-06-28 15:44:00.000000000,BEST_BID,"JPM,99192,294"
2019-06-28 15:44:00.000000000,BEST_ASK,"JPM,99459,480"
2019-06-28 15:44:00.000000000,LAST_TRADE,"1,$99192.0000"
2019-06-28 15:44:00.000000000,QUERY_SPREAD,97
2019-06-28 15:44:00.000000000,BEST_BID,"JPM,99192,287"
2019-06-28 15:44:00.000000000,BEST_ASK,"JPM,99459,480"
2019-06-28 15:44:00.000000000,LAST_TRADE,"7,$99192.0000"
2019-06-28 15:44:00.000000000,QUERY_SPREAD,98
2019-06-28 15:44:00.000000000,BEST_BID,"JPM,99192,281"
2019-06-28 15:44:00.000000000,BEST_ASK,"JPM,99459,480"
2019-06-28 15:44:00.000000000,LAST_TRADE,"6,$99192.0000"
2019-06-28 15:44:00.000000000,QUERY_SPREAD,99
2019-06-28 15:44:00.000000000,BEST_BID,"JPM,99192,276"
2019-06-28 15:44:00.000000000,BEST_ASK,"JPM,99459,480"
2019-06-28 15:44:00.000000000,LAST_TRADE,"5,$99192.0000"
2019-06-28 15:44:00.000000000,QUERY_SPREAD,100
2019-06-28 15:44:00.000000000,BEST_BID,"JPM,99192,269"
2019-06-28 15:44:00.000000000,BEST_ASK,"JPM,99459,480"
2019-06-28 15:44:00.000000000,LAST_TRADE,"7,$99192.0000"
2019-06-28 15:44:00.000000000,QUERY_SPREAD,101
2019-06-28 15:44:00.000000000,QUERY_ORDER_STREAM,101
2019-06-28 15:44:05.501925303,QUERY_SPREAD,37
2019-06-28 15:44:05.501925303,BEST_BID,"JPM,99192,269"
2019-06-28 15:44:05.501925303,BEST_ASK,"JPM,99459,480"
2019-06-28 15:44:06.083401835,QUERY_SPREAD,27
2019-06-28 15:44:06.083401835,BEST_BID,"JPM,99192,269"
2019-06-28 15:44:06.083401835,BEST_ASK,"JPM,99459,480"
2019-06-28 15:44:10.000000000,QUERY_SPREAD,1
2019-06-28 15:44:10.000000000,BEST_BID,"JPM,99096,349"
2019-06-28 15:44:10.000000000,BEST_ASK,"JPM,99459,200"
2019-06-28 15:44:10.000000000,BEST_BID,"JPM,99096,349"
2019-06-28 15:44:10.000000000,BEST_ASK,"JPM,99459,480"
2019-06-28 15:44:20.000000000,QUERY_SPREAD,1
2019-06-28 15:44:20.000000000,BEST_BID,"JPM,99096,139"
2019-06-28 15:44:20.000000000,BEST_ASK,"JPM,99459,200"
2019-06-28 15:44:20.000000000,BEST_BID,"JPM,99096,139"
2019-06-28 15:44:20.000000000,BEST_ASK,"JPM,99459,200"
2019-06-28 15:44:20.000000000,BEST_BID,"JPM,99096,139"
2019-06-28 15:44:20.000000000,BEST_ASK,"JPM,99459,200"
2019-06-28 15:44:20.000000000,BEST_BID,"JPM,99096,139"
2019-06-28 15:44:20.000000000,BEST_ASK,"JPM,99459,200"
2019-06-28 15:44:20.000000000,BEST_BID,"JPM,99096,139"
2019-06-28 15:44:20.000000000,BEST_ASK,"JPM,99459,270"
2019-06-28 15:44:20.000000000,BEST_BID,"JPM,99096,139"
2019-06-28 15:44:20.000000000,BEST_ASK,"JPM,99459,270"
2019-06-28 15:44:20.000000000,BEST_BID,"JPM,99096,139"
2019-06-28 15:44:20.000000000,BEST_ASK,"JPM,99459,270"
2019-06-28 15:44:20.000000000,BEST_BID,"JPM,99096,139"
2019-06-28 15:44:20.000000000,BEST_ASK,"JPM,99459,270"
2019-06-28 15:44:23.217380242,QUERY_SPREAD,51
2019-06-28 15:44:23.217380242,BEST_BID,"JPM,99134,100"
2019-06-28 15:44:23.217380242,BEST_ASK,"JPM,99459,270"
2019-06-28 15:44:25.266356061,QUERY_ORDER_STREAM,70
2019-06-28 15:44:25.266356061,QUERY_SPREAD,70
2019-06-28 15:44:25.266356061,BEST_BID,"JPM,99192,100"
2019-06-28 15:44:25.266356061,BEST_ASK,"JPM,99459,170"
2019-06-28 15:44:30.000000000,QUERY_SPREAD,1
2019-06-28 15:44:30.000000000,BEST_BID,"JPM,99192,240"
2019-06-28 15:44:30.000000000,BEST_ASK,"JPM,99459,100"
2019-06-28 15:44:30.000000000,BEST_BID,"JPM,99192,240"
2019-06-28 15:44:30.000000000,BEST_ASK,"JPM,99459,100"
2019-06-28 15:44:30.000000000,BEST_BID,"JPM,99192,240"
2019-06-28 15:44:30.000000000,BEST_ASK,"JPM,99459,240"
2019-06-28 15:44:30.000000000,BEST_BID,"JPM,99192,240"
2019-06-28 15:44:30.000000000,BEST_ASK,"JPM,99459,240"
2019-06-28 15:44:34.580183798,QUERY_SPREAD,4
2019-06-28 15:44:34.580183798,BEST_BID,"JPM,99192,240"
2019-06-28 15:44:34.580183798,BEST_ASK,"JPM,99402,100"
2019-06-28 15:44:40.000000000,QUERY_SPREAD,1
2019-06-28 15:44:40.000000000,BEST_BID,"JPM,99192,156"
2019-06-28 15:44:40.000000000,BEST_ASK,"JPM,99402,100"
2019-06-28 15:44:40.000000000,BEST_BID,"JPM,99192,156"
2019-06-28 15:44:40.000000000,BEST_ASK,"JPM,99402,100"
2019-06-28 15:44:40.000000000,BEST_BID,"JPM,99192,156"
2019-06-28 15:44:40.000000000,BEST_ASK,"JPM,99402,100"
2019-06-28 15:44:40.000000000,BEST_BID,"JPM,99192,156"
2019-06-28 15:44:40.000000000,BEST_ASK,"JPM,99402,100"
2019-06-28 15:44:40.000000000,BEST_BID,"JPM,99192,156"
2019-06-28 15:44:40.000000000,BEST_ASK,"JPM,99402,100"
2019-06-28 15:44:40.000000000,BEST_BID,"JPM,99192,156"
2019-06-28 15:44:40.000000000,BEST_ASK,"JPM,99402,156"
2019-06-28 15:44:40.000000000,BEST_BID,"JPM,99192,156"
2019-06-28 15:44:40.000000000,BEST_ASK,"JPM,99402,156"
2019-06-28 15:44:40.000000000,BEST_BID,"JPM,99192,156"
2019-06-28 15:44:40.000000000,BEST_ASK,"JPM,99402,156"
2019-06-28 15:44:40.000000000,BEST_BID,"JPM,99192,156"
2019-06-28 15:44:40.000000000,BEST_ASK,"JPM,99402,156"
2019-06-28 15:44:40.000000000,BEST_BID,"JPM,99192,156"
2019-06-28 15:44:40.000000000,BEST_ASK,"JPM,99402,156"
2019-06-28 15:44:47.821854276,QUERY_ORDER_STREAM,55
2019-06-28 15:44:47.821854276,QUERY_SPREAD,55
2019-06-28 15:44:47.821854276,BEST_BID,"JPM,99192,256"
2019-06-28 15:44:47.821854276,BEST_ASK,"JPM,99402,156"
2019-06-28 15:44:50.000000000,QUERY_SPREAD,1
2019-06-28 15:44:50.000000000,BEST_BID,"JPM,99192,270"
2019-06-28 15:44:50.000000000,BEST_ASK,"JPM,99402,100"
2019-06-28 15:44:50.000000000,BEST_BID,"JPM,99192,270"
2019-06-28 15:44:50.000000000,BEST_ASK,"JPM,99402,100"
2019-06-28 15:44:50.000000000,BEST_BID,"JPM,99192,270"
2019-06-28 15:44:50.000000000,BEST_ASK,"JPM,99402,100"
2019-06-28 15:44:50.000000000,BEST_BID,"JPM,99192,270"
2019-06-28 15:44:50.000000000,BEST_ASK,"JPM,99402,100"
2019-06-28 15:44:50.000000000,BEST_BID,"JPM,99192,270"
2019-06-28 15:44:50.000000000,BEST_ASK,"JPM,99402,170"
2019-06-28 15:44:50.000000000,BEST_BID,"JPM,99192,270"
2019-06-28 15:44:50.000000000,BEST_ASK,"JPM,99402,170"
2019-06-28 15:44:50.000000000,BEST_BID,"JPM,99192,270"
2019-06-28 15:44:50.000000000,BEST_ASK,"JPM,99402,170"
2019-06-28 15:44:50.000000000,BEST_BID,"JPM,99192,270"
2019-06-28 15:44:50.000000000,BEST_ASK,"JPM,99402,170"
2019-06-28 15:45:00.000000000,QUERY_SPREAD,1
2019-06-28 15:45:00.000000000,BEST_BID,"JPM,99192,270"
2019-06-28 15:45:00.000000000,BEST_ASK,"JPM,99402,100"
2019-06-28 15:45:00.000000000,BEST_BID,"JPM,99192,270"
2019-06-28 15:45:00.000000000,BEST_ASK,"JPM,99402,100"
2019-06-28 15:45:00.000000000,BEST_BID,"JPM,99192,270"
2019-06-28 15:45:00.000000000,BEST_ASK,"JPM,99402,100"
2019-06-28 15:45:00.000000000,BEST_BID,"JPM,99192,270"
2019-06-28 15:45:00.000000000,BEST_ASK,"JPM,99402,100"
2019-06-28 15:45:00.000000000,BEST_BID,"JPM,99192,270"
2019-06-28 15:45:00.000000000,BEST_ASK,"JPM,99402,170"
2019-06-28 15:45:00.000000000,BEST_BID,"JPM,99192,270"
2019-06-28 15:45:00.000000000,BEST_ASK,"JPM,99402,170"
2019-06-28 15:45:00.000000000,BEST_BID,"JPM,99192,270"
2019-06-28 15:45:00.000000000,BEST_ASK,"JPM,99402,170"
2019-06-28 15:45:00.000000000,BEST_BID,"JPM,99192,270"
2019-06-28 15:45:00.000000000,BEST_ASK,"JPM,99402,170"
2019-06-28 15:45:00.000000000,QUERY_SPREAD,77
2019-06-28 15:45:00.000000000,BEST_BID,"JPM,99192,269"
2019-06-28 15:45:00.000000000,BEST_ASK,"JPM,99402,170"
2019-06-28 15:45:00.000000000,LAST_TRADE,"1,$99192.0000"
2019-06-28 15:45:00.000000000,QUERY_SPREAD,78
2019-06-28 15:45:00.000000000,BEST_BID,"JPM,99192,265"
2019-06-28 15:45:00.000000000,BEST_ASK,"JPM,99402,170"
2019-06-28 15:45:00.000000000,LAST_TRADE,"4,$99192.0000"
2019-06-28 15:45:00.000000000,QUERY_SPREAD,79
2019-06-28 15:45:00.000000000,BEST_BID,"JPM,99192,259"
2019-06-28 15:45:00.000000000,BEST_ASK,"JPM,99402,170"
2019-06-28 15:45:00.000000000,LAST_TRADE,"6,$99192.0000"
2019-06-28 15:45:00.000000000,QUERY_SPREAD,80
2019-06-28 15:45:00.000000000,BEST_BID,"JPM,99192,254"
2019-06-28 15:45:00.000000000,BEST_ASK,"JPM,99402,170"
2019-06-28 15:45:00.000000000,LAST_TRADE,"5,$99192.0000"
2019-06-28 15:45:00.000000000,QUERY_SPREAD,81
2019-06-28 15:45:00.000000000,BEST_BID,"JPM,99192,246"
2019-06-28 15:45:00.000000000,BEST_ASK,"JPM,99402,170"
2019-06-28 15:45:00.000000000,LAST_TRADE,"8,$99192.0000"
2019-06-28 15:45:00.000000000,QUERY_SPREAD,82
2019-06-28 15:45:00.000000000,BEST_BID,"JPM,99192,238"
2019-06-28 15:45:00.000000000,BEST_ASK,"JPM,99402,170"
2019-06-28 15:45:00.000000000,LAST_TRADE,"8,$99192.0000"
2019-06-28 15:45:00.000000000,QUERY_SPREAD,83
2019-06-28 15:45:00.000000000,BEST_BID,"JPM,99192,236"
2019-06-28 15:45:00.000000000,BEST_ASK,"JPM,99402,170"
2019-06-28 15:45:00.000000000,LAST_TRADE,"2,$99192.0000"
2019-06-28 15:45:00.000000000,QUERY_SPREAD,84
2019-06-28 15:45:00.000000000,BEST_BID,"JPM,99192,235"
2019-06-28 15:45:00.000000000,BEST_ASK,"JPM,99402,170"
2019-06-28 15:45:00.000000000,LAST_TRADE,"1,$99192.0000"
2019-06-28 15:45:00.000000000,QUERY_SPREAD,85
2019-06-28 15:45:00.000000000,BEST_BID,"JPM,99192,234"
2019-06-28 15:45:00.000000000,BEST_ASK,"JPM,99402,170"
2019-06-28 15:45:00.000000000,LAST_TRADE,"1,$99192.0000"
2019-06-28 15:45:00.000000000,QUERY_SPREAD,86
2019-06-28 15:45:00.000000000,BEST_BID,"JPM,99192,228"
2019-06-28 15:45:00.000000000,BEST_ASK,"JPM,99402,170"
2019-06-28 15:45:00.000000000,LAST_TRADE,"6,$99192.0000"
2019-06-28 15:45:00.000000000,QUERY_SPREAD,87
2019-06-28 15:45:00.000000000,BEST_BID,"JPM,99192,225"
2019-06-28 15:45:00.000000000,BEST_ASK,"JPM,99402,170"
2019-06-28 15:45:00.000000000,LAST_TRADE,"3,$99192.0000"
2019-06-28 15:45:00.000000000,QUERY_SPREAD,88
2019-06-28 15:45:00.000000000,BEST_BID,"JPM,99192,221"
2019-06-28 15:45:00.000000000,BEST_ASK,"JPM,99402,170"
2019-06-28 15:45:00.000000000,LAST_TRADE,"4,$99192.0000"
2019-06-28 15:45:00.000000000,QUERY_SPREAD,89
2019-06-28 15:45:00.000000000,BEST_BID,"JPM,99192,217"
2019-06-28 15:45:00.000000000,BEST_ASK,"JPM,99402,170"
2019-06-28 15:45:00.000000000,LAST_TRADE,"4,$99192.0000"
2019-06-28 15:45:00.000000000,QUERY_SPREAD,90
2019-06-28 15:45:00.000000000,BEST_BID,"JPM,99192,210"
2019-06-28 15:45:00.000000000,BEST_ASK,"JPM,99402,170"
2019-06-28 15:45:00.000000000,LAST_TRADE,"7,$99192.0000"
2019-06-28 15:45:00.000000000,QUERY_SPREAD,91
2019-06-28 15:45:00.000000000,BEST_BID,"JPM,99192,202"
2019-06-28 15:45:00.000000000,BEST_ASK,"JPM,99402,170"
2019-06-28 15:45:00.000000000,LAST_TRADE,"8,$99192.0000"
2019-06-28 15:45:00.000000000,QUERY_SPREAD,92
2019-06-28 15:45:00.000000000,BEST_BID,"JPM,99192,197"
2019-06-28 15:45:00.000000000,BEST_ASK,"JPM,99402,170"
2019-06-28 15:45:00.000000000,LAST_TRADE,"5,$99192.0000"
2019-06-28 15:45:00.000000000,QUERY_SPREAD,93
2019-06-28 15:45:00.000000000,BEST_BID,"JPM,99192,194"
2019-06-28 15:45:00.000000000,BEST_ASK,"JPM,99402,170"
2019-06-28 15:45:00.000000000,LAST_TRADE,"3,$99192.0000"
2019-06-28 15:45:00.000000000,QUERY_SPREAD,94
2019-06-28 15:45:00.000000000,BEST_BID,"JPM,99192,190"
2019-06-28 15:45:00.000000000,BEST_ASK,"JPM,99402,170"
2019-06-28 15:45:00.000000000,LAST_TRADE,"4,$99192.0000"
2019-06-28 15:45:00.000000000,QUERY_SPREAD,95
2019-06-28 15:45:00.000000000,BEST_BID,"JPM,99192,185"
2019-06-28 15:45:00.000000000,BEST_ASK,"JPM,99402,170"
2019-06-28 15:45:00.000000000,LAST_TRADE,"5,$99192.0000"
2019-06-28 15:45:00.000000000,QUERY_SPREAD,96
2019-06-28 15:45:00.000000000,BEST_BID,"JPM,99192,184"
2019-06-28 15:45:00.000000000,BEST_ASK,"JPM,99402,170"
2019-06-28 15:45:00.000000000,LAST_TRADE,"1,$99192.0000"
2019-06-28 15:45:00.000000000,QUERY_SPREAD,97
2019-06-28 15:45:00.000000000,BEST_BID,"JPM,99192,177"
2019-06-28 15:45:00.000000000,BEST_ASK,"JPM,99402,170"
2019-06-28 15:45:00.000000000,LAST_TRADE,"7,$99192.0000"
2019-06-28 15:45:00.000000000,QUERY_SPREAD,98
2019-06-28 15:45:00.000000000,BEST_BID,"JPM,99192,171"
2019-06-28 15:45:00.000000000,BEST_ASK,"JPM,99402,170"
2019-06-28 15:45:00.000000000,LAST_TRADE,"6,$99192.0000"
2019-06-28 15:45:00.000000000,QUERY_SPREAD,99
2019-06-28 15:45:00.000000000,BEST_BID,"JPM,99192,166"
2019-06-28 15:45:00.000000000,BEST_ASK,"JPM,99402,170"
2019-06-28 15:45:00.000000000,LAST_TRADE,"5,$99192.0000"
2019-06-28 15:45:00.000000000,QUERY_SPREAD,100
2019-06-28 15:45:00.000000000,BEST_BID,"JPM,99192,159"
2019-06-28 15:45:00.000000000,BEST_ASK,"JPM,99402,170"
2019-06-28 15:45:00.000000000,LAST_TRADE,"7,$99192.0000"
2019-06-28 15:45:00.000000000,QUERY_SPREAD,101
2019-06-28 15:45:00.000000000,QUERY_ORDER_STREAM,101
2019-06-28 15:45:10.000000000,QUERY_SPREAD,1
2019-06-28 15:45:10.000000000,BEST_BID,"JPM,99192,145"
2019-06-28 15:45:10.000000000,BEST_ASK,"JPM,99402,100"
2019-06-28 15:45:10.000000000,BEST_BID,"JPM,99192,145"
2019-06-28 15:45:10.000000000,BEST_ASK,"JPM,99402,100"
2019-06-28 15:45:10.000000000,BEST_BID,"JPM,99192,145"
2019-06-28 15:45:10.000000000,BEST_ASK,"JPM,99402,100"
2019-06-28 15:45:10.000000000,BEST_BID,"JPM,99192,145"
2019-06-28 15:45:10.000000000,BEST_ASK,"JPM,99402,100"
2019-06-28 15:45:10.000000000,BEST_BID,"JPM,99192,145"
2019-06-28 15:45:10.000000000,BEST_ASK,"JPM,99402,100"
2019-06-28 15:45:10.000000000,BEST_BID,"JPM,99192,145"
2019-06-28 15:45:10.000000000,BEST_ASK,"JPM,99402,156"
2019-06-28 15:45:10.000000000,BEST_BID,"JPM,99192,145"
2019-06-28 15:45:10.000000000,BEST_ASK,"JPM,99402,156"
2019-06-28 15:45:10.000000000,BEST_BID,"JPM,99192,145"
2019-06-28 15:45:10.000000000,BEST_ASK,"JPM,99402,156"
2019-06-28 15:45:10.000000000,BEST_BID,"JPM,99192,145"
2019-06-28 15:45:10.000000000,BEST_ASK,"JPM,99402,156"
2019-06-28 15:45:10.000000000,BEST_BID,"JPM,99192,145"
2019-06-28 15:45:10.000000000,BEST_ASK,"JPM,99402,156"
2019-06-28 15:45:19.957337966,QUERY_ORDER_STREAM,75
2019-06-28 15:45:19.957337966,QUERY_SPREAD,75
2019-06-28 15:45:20.000000000,QUERY_SPREAD,1
2019-06-28 15:45:20.000000000,BEST_BID,"JPM,99192,369"
2019-06-28 15:45:20.000000000,BEST_ASK,"JPM,99402,100"
2019-06-28 15:45:20.000000000,BEST_BID,"JPM,99192,369"
2019-06-28 15:45:20.000000000,BEST_ASK,"JPM,99402,380"
2019-06-28 15:45:30.000000000,QUERY_SPREAD,1
2019-06-28 15:45:30.000000000,BEST_BID,"JPM,99192,369"
2019-06-28 15:45:30.000000000,BEST_ASK,"JPM,99402,100"
2019-06-28 15:45:30.000000000,BEST_BID,"JPM,99192,369"
2019-06-28 15:45:30.000000000,BEST_ASK,"JPM,99402,380"
2019-06-28 15:45:40.000000000,QUERY_SPREAD,1
2019-06-28 15:45:40.000000000,BEST_BID,"JPM,99192,159"
2019-06-28 15:45:40.000000000,BEST_ASK,"JPM,99402,100"
2019-06-28 15:45:40.000000000,BEST_BID,"JPM,99192,159"
2019-06-28 15:45:40.000000000,BEST_ASK,"JPM,99402,100"
2019-06-28 15:45:40.000000000,BEST_BID,"JPM,99192,159"
2019-06-28 15:45:40.000000000,BEST_ASK,"JPM,99402,100"
2019-06-28 15:45:40.000000000,BEST_BID,"JPM,99192,159"
2019-06-28 15:45:40.000000000,BEST_ASK,"JPM,99402,100"
2019-06-28 15:45:40.000000000,BEST_BID,"JPM,99192,159"
2019-06-28 15:45:40.000000000,BEST_ASK,"JPM,99402,170"
2019-06-28 15:45:40.000000000,BEST_BID,"JPM,99192,159"
2019-06-28 15:45:40.000000000,BEST_ASK,"JPM,99402,170"
2019-06-28 15:45:40.000000000,BEST_BID,"JPM,99192,159"
2019-06-28 15:45:40.000000000,BEST_ASK,"JPM,99402,170"
2019-06-28 15:45:40.000000000,BEST_BID,"JPM,99192,159"
2019-06-28 15:45:40.000000000,BEST_ASK,"JPM,99402,170"
2019-06-28 15:45:47.260731607,QUERY_ORDER_STREAM,64
2019-06-28 15:45:47.260731607,QUERY_SPREAD,64
2019-06-28 15:45:47.260731607,BEST_BID,"JPM,99192,259"
2019-06-28 15:45:47.260731607,BEST_ASK,"JPM,99402,170"
2019-06-28 15:45:50.000000000,QUERY_SPREAD,1
2019-06-28 15:45:50.000000000,BEST_BID,"JPM,99192,284"
2019-06-28 15:45:50.000000000,BEST_ASK,"JPM,99402,100"
2019-06-28 15:45:50.000000000,BEST_BID,"JPM,99192,284"
2019-06-28 15:45:50.000000000,BEST_ASK,"JPM,99402,100"
2019-06-28 15:45:50.000000000,BEST_BID,"JPM,99192,284"
2019-06-28 15:45:50.000000000,BEST_ASK,"JPM,99402,100"
2019-06-28 15:45:50.000000000,BEST_BID,"JPM,99192,284"
2019-06-28 15:45:50.000000000,BEST_ASK,"JPM,99402,195"
2019-06-28 15:45:50.000000000,BEST_BID,"JPM,99192,284"
2019-06-28 15:45:50.000000000,BEST_ASK,"JPM,99402,195"
2019-06-28 15:45:50.000000000,BEST_BID,"JPM,99192,284"
2019-06-28 15:45:50.000000000,BEST_ASK,"JPM,99402,195"
2019-06-28 15:45:55.664630908,QUERY_SPREAD,7
2019-06-28 15:45:55.664630908,BEST_BID,"JPM,99192,284"
2019-06-28 15:45:55.664630908,BEST_ASK,"JPM,99402,95"
2019-06-28 15:45:55.664630908,LAST_TRADE,"100,$99402.0000"
2019-06-28 15:45:57.203235575,QUERY_SPREAD,27
2019-06-28 15:45:57.203235575,BEST_BID,"JPM,99402,5"
2019-06-28 15:45:57.203235575,BEST_ASK,"JPM,99459,192"
2019-06-28 15:45:57.203235575,LAST_TRADE,"95,$99402.0000"
2019-06-28 15:45:59.805489997,QUERY_SPREAD,6
2019-06-28 15:45:59.805489997,BEST_BID,"JPM,99402,5"
2019-06-28 15:45:59.805489997,BEST_ASK,"JPM,99459,92"
2019-06-28 15:45:59.805489997,LAST_TRADE,"100,$99459.0000"
2019-06-28 15:46:00.000000000,QUERY_SPREAD,1
2019-06-28 15:46:00.000000000,BEST_BID,"JPM,99402,145"
2019-06-28 15:46:00.000000000,BEST_ASK,"JPM,99552,100"
2019-06-28 15:46:00.000000000,BEST_BID,"JPM,99402,145"
2019-06-28 15:46:00.000000000,BEST_ASK,"JPM,99552,100"
2019-06-28 15:46:00.000000000,BEST_BID,"JPM,99402,145"
2019-06-28 15:46:00.000000000,BEST_ASK,"JPM,99552,240"
2019-06-28 15:46:00.000000000,BEST_BID,"JPM,99402,145"
2019-06-28 15:46:00.000000000,BEST_ASK,"JPM,99552,240"
2019-06-28 15:46:00.000000000,QUERY_SPREAD,77
2019-06-28 15:46:00.000000000,BEST_BID,"JPM,99402,144"
2019-06-28 15:46:00.000000000,BEST_ASK,"JPM,99552,240"
2019-06-28 15:46:00.000000000,LAST_TRADE,"1,$99402.0000"
2019-06-28 15:46:00.000000000,QUERY_SPREAD,78
2019-06-28 15:46:00.000000000,BEST_BID,"JPM,99402,140"
2019-06-28 15:46:00.000000000,BEST_ASK,"JPM,99552,240"
2019-06-28 15:46:00.000000000,LAST_TRADE,"4,$99402.0000"
2019-06-28 15:46:00.000000000,QUERY_SPREAD,79
2019-06-28 15:46:00.000000000,BEST_BID,"JPM,99402,134"
2019-06-28 15:46:00.000000000,BEST_ASK,"JPM,99552,240"
2019-06-28 15:46:00.000000000,LAST_TRADE,"6,$99402.0000"
2019-06-28 15:46:00.000000000,QUERY_SPREAD,80
2019-06-28 15:46:00.000000000,BEST_BID,"JPM,99402,129"
2019-06-28 15:46:00.000000000,BEST_ASK,"JPM,99552,240"
2019-06-28 15:46:00.000000000,LAST_TRADE,"5,$99402.0000"
2019-06-28 15:46:00.000000000,QUERY_SPREAD,81
2019-06-28 15:46:00.000000000,BEST_BID,"JPM,99402,121"
2019-06-28 15:46:00.000000000,BEST_ASK,"JPM,99552,240"
2019-06-28 15:46:00.000000000,LAST_TRADE,"8,$99402.0000"
2019-06-28 15:46:00.000000000,QUERY_SPREAD,82
2019-06-28 15:46:00.000000000,BEST_BID,"JPM,99402,113"
2019-06-28 15:46:00.000000000,BEST_ASK,"JPM,99552,240"
2019-06-28 15:46:00.000000000,LAST_TRADE,"8,$99402.0000"
2019-06-28 15:46:00.000000000,QUERY_SPREAD,83
2019-06-28 15:46:00.000000000,BEST_BID,"JPM,99402,111"
2019-06-28 15:46:00.000000000,BEST_ASK,"JPM,99552,240"
2019-06-28 15:46:00.000000000,LAST_TRADE,"2,$99402.0000"
2019-06-28 15:46:00.000000000,QUERY_SPREAD,84
2019-06-28 15:46:00.000000000,BEST_BID,"JPM,99402,110"
2019-06-28 15:46:00.000000000,BEST_ASK,"JPM,99552,240"
2019-06-28 15:46:00.000000000,LAST_TRADE,"1,$99402.0000"
2019-06-28 15:46:00.000000000,QUERY_SPREAD,85
2019-06-28 15:46:00.000000000,BEST_BID,"JPM,99402,109"
2019-06-28 15:46:00.000000000,BEST_ASK,"JPM,99552,240"
2019-06-28 15:46:00.000000000,LAST_TRADE,"1,$99402.0000"
2019-06-28 15:46:00.000000000,QUERY_SPREAD,86
2019-06-28 15:46:00.000000000,BEST_BID,"JPM,99402,103"
2019-06-28 15:46:00.000000000,BEST_ASK,"JPM,99552,240"
2019-06-28 15:46:00.000000000,LAST_TRADE,"6,$99402.0000"
2019-06-28 15:46:00.000000000,QUERY_SPREAD,87
2019-06-28 15:46:00.000000000,BEST_BID,"JPM,99402,100"
2019-06-28 15:46:00.000000000,BEST_ASK,"JPM,99552,240"
2019-06-28 15:46:00.000000000,LAST_TRADE,"3,$99402.0000"
2019-06-28 15:46:00.000000000,QUERY_SPREAD,88
2019-06-28 15:46:00.000000000,BEST_BID,"JPM,99402,96"
2019-06-28 15:46:00.000000000,BEST_ASK,"JPM,99552,240"
2019-06-28 15:46:00.000000000,LAST_TRADE,"4,$99402.0000"
2019-06-28 15:46:00.000000000,QUERY_SPREAD,89
2019-06-28 15:46:00.000000000,BEST_BID,"JPM,99402,92"
2019-06-28 15:46:00.000000000,BEST_ASK,"JPM,99552,240"
2019-06-28 15:46:00.000000000,LAST_TRADE,"4,$99402.0000"
2019-06-28 15:46:00.000000000,QUERY_SPREAD,90
2019-06-28 15:46:00.000000000,BEST_BID,"JPM,99402,85"
2019-06-28 15:46:00.000000000,BEST_ASK,"JPM,99552,240"
2019-06-28 15:46:00.000000000,LAST_TRADE,"7,$99402.0000"
2019-06-28 15:46:00.000000000,QUERY_SPREAD,91
2019-06-28 15:46:00.000000000,BEST_BID,"JPM,99402,77"
2019-06-28 15:46:00.000000000,BEST_ASK,"JPM,99552,240"
2019-06-28 15:46:00.000000000,LAST_TRADE,"8,$99402.0000"
2019-06-28 15:46:00.000000000,QUERY_SPREAD,92
2019-06-28 15:46:00.000000000,BEST_BID,"JPM,99402,72"
2019-06-28 15:46:00.000000000,BEST_ASK,"JPM,99552,240"
2019-06-28 15:46:00.000000000,LAST_TRADE,"5,$99402.0000"
2019-06-28 15:46:00.000000000,QUERY_SPREAD,93
2019-06-28 15:46:00.000000000,BEST_BID,"JPM,99402,69"
2019-06-28 15:46:00.000000000,BEST_ASK,"JPM,99552,240"
2019-06-28 15:46:00.000000000,LAST_TRADE,"3,$99402.0000"
2019-06-28 15:46:00.000000000,QUERY_SPREAD,94
2019-06-28 15:46:00.000000000,BEST_BID,"JPM,99402,65"
2019-06-28 15:46:00.000000000,BEST_ASK,"JPM,99552,240"
2019-06-28 15:46:00.000000000,LAST_TRADE,"4,$99402.0000"
2019-06-28 15:46:00.000000000,QUERY_SPREAD,95
2019-06-28 15:46:00.000000000,BEST_BID,"JPM,99402,60"
2019-06-28 15:46:00.000000000,BEST_ASK,"JPM,99552,240"
2019-06-28 15:46:00.000000000,LAST_TRADE,"5,$99402.0000"
2019-06-28 15:46:00.000000000,QUERY_SPREAD,96
2019-06-28 15:46:00.000000000,BEST_BID,"JPM,99402,59"
2019-06-28 15:46:00.000000000,BEST_ASK,"JPM,99552,240"
2019-06-28 15:46:00.000000000,LAST_TRADE,"1,$99402.0000"
2019-06-28 15:46:00.000000000,QUERY_SPREAD,97
2019-06-28 15:46:00.000000000,BEST_BID,"JPM,99402,52"
2019-06-28 15:46:00.000000000,BEST_ASK,"JPM,99552,240"
2019-06-28 15:46:00.000000000,LAST_TRADE,"7,$99402.0000"
2019-06-28 15:46:00.000000000,QUERY_SPREAD,98
2019-06-28 15:46:00.000000000,BEST_BID,"JPM,99402,46"
2019-06-28 15:46:00.000000000,BEST_ASK,"JPM,99552,240"
2019-06-28 15:46:00.000000000,LAST_TRADE,"6,$99402.0000"
2019-06-28 15:46:00.000000000,QUERY_SPREAD,99
2019-06-28 15:46:00.000000000,BEST_BID,"JPM,99402,41"
2019-06-28 15:46:00.000000000,BEST_ASK,"JPM,99552,240"
2019-06-28 15:46:00.000000000,LAST_TRADE,"5,$99402.0000"
2019-06-28 15:46:00.000000000,QUERY_SPREAD,100
2019-06-28 15:46:00.000000000,BEST_BID,"JPM,99402,34"
2019-06-28 15:46:00.000000000,BEST_ASK,"JPM,99552,240"
2019-06-28 15:46:00.000000000,LAST_TRADE,"7,$99402.0000"
2019-06-28 15:46:00.000000000,QUERY_SPREAD,101
2019-06-28 15:46:00.000000000,QUERY_ORDER_STREAM,101
2019-06-28 15:46:10.000000000,QUERY_SPREAD,1
2019-06-28 15:46:10.000000000,BEST_BID,"JPM,99192,469"
2019-06-28 15:46:10.000000000,BEST_ASK,"JPM,99552,100"
2019-06-28 15:46:10.000000000,BEST_BID,"JPM,99192,469"
2019-06-28 15:46:10.000000000,BEST_ASK,"JPM,99552,380"
2019-06-28 15:46:14.569663238,QUERY_ORDER_STREAM,59
2019-06-28 15:46:14.569663238,QUERY_SPREAD,59
2019-06-28 15:46:14.569663238,BEST_BID,"JPM,99402,100"
2019-06-28 15:46:14.569663238,BEST_ASK,"JPM,99552,380"
2019-06-28 15:46:16.864071538,QUERY_SPREAD,17
2019-06-28 15:46:16.864071538,BEST_BID,"JPM,99402,100"
2019-06-28 15:46:16.864071538,BEST_ASK,"JPM,99552,380"
2019-06-28 15:46:20.000000000,QUERY_SPREAD,1
2019-06-28 15:46:20.000000000,BEST_BID,"JPM,99402,240"
2019-06-28 15:46:20.000000000,BEST_ASK,"JPM,99552,100"
2019-06-28 15:46:20.000000000,BEST_BID,"JPM,99402,240"
2019-06-28 15:46:20.000000000,BEST_ASK,"JPM,99552,100"
2019-06-28 15:46:20.000000000,BEST_BID,"JPM,99402,240"
2019-06-28 15:46:20.000000000,BEST_ASK,"JPM,99552,240"
2019-06-28 15:46:20.000000000,BEST_BID,"JPM,99402,240"
2019-06-28 15:46:20.000000000,BEST_ASK,"JPM,99552,240"
2019-06-28 15:46:30.000000000,QUERY_SPREAD,1
2019-06-28 15:46:30.000000000,BEST_BID,"JPM,99402,240"
2019-06-28 15:46:30.000000000,BEST_ASK,"JPM,99552,100"
2019-06-28 15:46:30.000000000,BEST_BID,"JPM,99402,240"
2019-06-28 15:46:30.000000000,BEST_ASK,"JPM,99552,100"
2019-06-28 15:46:30.000000000,BEST_BID,"JPM,99402,240"
2019-06-28 15:46:30.000000000,BEST_ASK,"JPM,99552,240"
2019-06-28 15:46:30.000000000,BEST_BID,"JPM,99402,240"
2019-06-28 15:46:30.000000000,BEST_ASK,"JPM,99552,240"
2019-06-28 15:46:40.000000000,QUERY_SPREAD,1
2019-06-28 15:46:40.000000000,BEST_BID,"JPM,99402,170"
2019-06-28 15:46:40.000000000,BEST_ASK,"JPM,99552,100"
2019-06-28 15:46:40.000000000,BEST_BID,"JPM,99402,170"
2019-06-28 15:46:40.000000000,BEST_ASK,"JPM,99552,100"
2019-06-28 15:46:40.000000000,BEST_BID,"JPM,99402,170"
2019-06-28 15:46:40.000000000,BEST_ASK,"JPM,99552,100"
2019-06-28 15:46:40.000000000,BEST_BID,"JPM,99402,170"
2019-06-28 15:46:40.000000000,BEST_ASK,"JPM,99552,100"
2019-06-28 15:46:40.000000000,BEST_BID,"JPM,99402,170"
2019-06-28 15:46:40.000000000,BEST_ASK,"JPM,99552,170"
2019-06-28 15:46:40.000000000,BEST_BID,"JPM,99402,170"
2019-06-28 15:46:40.000000000,BEST_ASK,"JPM,99552,170"
2019-06-28 15:46:40.000000000,BEST_BID,"JPM,99402,170"
2019-06-28 15:46:40.000000000,BEST_ASK,"JPM,99552,170"
2019-06-28 15:46:40.000000000,BEST_BID,"JPM,99402,170"
2019-06-28 15:46:40.000000000,BEST_ASK,"JPM,99552,170"
2019-06-28 15:46:46.656725524,QUERY_SPREAD,20
2019-06-28 15:46:46.656725524,BEST_BID,"JPM,99402,170"
2019-06-28 15:46:46.656725524,BEST_ASK,"JPM,99552,170"
2019-06-28 15:46:47.036807578,QUERY_SPREAD,46
2019-06-28 15:46:47.036807578,BEST_BID,"JPM,99402,170"
2019-06-28 15:46:47.036807578,BEST_ASK,"JPM,99552,70"
2019-06-28 15:46:47.036807578,LAST_TRADE,"100,$99552.0000"
2019-06-28 15:46:50.000000000,QUERY_SPREAD,1
2019-06-28 15:46:50.000000000,BEST_BID,"JPM,99402,170"
2019-06-28 15:46:50.000000000,BEST_ASK,"JPM,99625,100"
2019-06-28 15:46:50.000000000,BEST_BID,"JPM,99402,170"
2019-06-28 15:46:50.000000000,BEST_ASK,"JPM,99625,100"
2019-06-28 15:46:50.000000000,BEST_BID,"JPM,99402,170"
2019-06-28 15:46:50.000000000,BEST_ASK,"JPM,99625,100"
2019-06-28 15:46:50.000000000,BEST_BID,"JPM,99402,170"
2019-06-28 15:46:50.000000000,BEST_ASK,"JPM,99625,100"
2019-06-28 15:46:50.000000000,BEST_BID,"JPM,99402,170"
2019-06-28 15:46:50.000000000,BEST_ASK,"JPM,99625,170"
2019-06-28 15:46:50.000000000,BEST_BID,"JPM,99402,170"
2019-06-28 15:46:50.000000000,BEST_ASK,"JPM,99625,170"
2019-06-28 15:46:50.000000000,BEST_BID,"JPM,99402,170"
2019-06-28 15:46:50.000000000,BEST_ASK,"JPM,99625,170"
2019-06-28 15:46:50.000000000,BEST_BID,"JPM,99402,170"
2019-06-28 15:46:50.000000000,BEST_ASK,"JPM,99625,170"
2019-06-28 15:46:56.270759389,QUERY_ORDER_STREAM,75
2019-06-28 15:46:56.270759389,QUERY_SPREAD,75
2019-06-28 15:46:56.270759389,BEST_BID,"JPM,99403,100"
2019-06-28 15:46:56.270759389,BEST_ASK,"JPM,99625,170"
2019-06-28 15:46:56.428789263,QUERY_SPREAD,43
2019-06-28 15:46:56.428789263,BEST_BID,"JPM,99403,100"
2019-06-28 15:46:56.428789263,BEST_ASK,"JPM,99625,170"
2019-06-28 15:47:00.000000000,QUERY_SPREAD,1
2019-06-28 15:47:00.000000000,BEST_BID,"JPM,99403,170"
2019-06-28 15:47:00.000000000,BEST_ASK,"JPM,99625,100"
2019-06-28 15:47:00.000000000,BEST_BID,"JPM,99403,170"
2019-06-28 15:47:00.000000000,BEST_ASK,"JPM,99625,100"
2019-06-28 15:47:00.000000000,BEST_BID,"JPM,99403,170"
2019-06-28 15:47:00.000000000,BEST_ASK,"JPM,99625,100"
2019-06-28 15:47:00.000000000,BEST_BID,"JPM,99403,170"
2019-06-28 15:47:00.000000000,BEST_ASK,"JPM,99625,100"
2019-06-28 15:47:00.000000000,BEST_BID,"JPM,99403,170"
2019-06-28 15:47:00.000000000,BEST_ASK,"JPM,99625,170"
2019-06-28 15:47:00.000000000,BEST_BID,"JPM,99403,170"
2019-06-28 15:47:00.000000000,BEST_ASK,"JPM,99625,170"
2019-06-28 15:47:00.000000000,BEST_BID,"JPM,99403,170"
2019-06-28 15:47:00.000000000,BEST_ASK,"JPM,99625,170"
2019-06-28 15:47:00.000000000,BEST_BID,"JPM,99403,170"
2019-06-28 15:47:00.000000000,BEST_ASK,"JPM,99625,170"
2019-06-28 15:47:00.000000000,QUERY_SPREAD,77
2019-06-28 15:47:00.000000000,BEST_BID,"JPM,99403,169"
2019-06-28 15:47:00.000000000,BEST_ASK,"JPM,99625,170"
2019-06-28 15:47:00.000000000,LAST_TRADE,"1,$99403.0000"
2019-06-28 15:47:00.000000000,QUERY_SPREAD,78
2019-06-28 15:47:00.000000000,BEST_BID,"JPM,99403,165"
2019-06-28 15:47:00.000000000,BEST_ASK,"JPM,99625,170"
2019-06-28 15:47:00.000000000,LAST_TRADE,"4,$99403.0000"
2019-06-28 15:47:00.000000000,QUERY_SPREAD,79
2019-06-28 15:47:00.000000000,BEST_BID,"JPM,99403,159"
2019-06-28 15:47:00.000000000,BEST_ASK,"JPM,99625,170"
2019-06-28 15:47:00.000000000,LAST_TRADE,"6,$99403.0000"
2019-06-28 15:47:00.000000000,QUERY_SPREAD,80
2019-06-28 15:47:00.000000000,BEST_BID,"JPM,99403,154"
2019-06-28 15:47:00.000000000,BEST_ASK,"JPM,99625,170"
2019-06-28 15:47:00.000000000,LAST_TRADE,"5,$99403.0000"
2019-06-28 15:47:00.000000000,QUERY_SPREAD,81
2019-06-28 15:47:00.000000000,BEST_BID,"JPM,99403,146"
2019-06-28 15:47:00.000000000,BEST_ASK,"JPM,99625,170"
2019-06-28 15:47:00.000000000,LAST_TRADE,"8,$99403.0000"
2019-06-28 15:47:00.000000000,QUERY_SPREAD,82
2019-06-28 15:47:00.000000000,BEST_BID,"JPM,99403,138"
2019-06-28 15:47:00.000000000,BEST_ASK,"JPM,99625,170"
2019-06-28 15:47:00.000000000,LAST_TRADE,"8,$99403.0000"
2019-06-28 15:47:00.000000000,QUERY_SPREAD,83
2019-06-28 15:47:00.000000000,BEST_BID,"JPM,99403,136"
2019-06-28 15:47:00.000000000,BEST_ASK,"JPM,99625,170"
2019-06-28 15:47:00.000000000,LAST_TRADE,"2,$99403.0000"
2019-06-28 15:47:00.000000000,QUERY_SPREAD,84
2019-06-28 15:47:00.000000000,BEST_BID,"JPM,99403,135"
2019-06-28 15:47:00.000000000,BEST_ASK,"JPM,99625,170"
2019-06-28 15:47:00.000000000,LAST_TRADE,"1,$99403.0000"
2019-06-28 15:47:00.000000000,QUERY_SPREAD,85
2019-06-28 15:47:00.000000000,BEST_BID,"JPM,99403,134"
2019-06-28 15:47:00.000000000,BEST_ASK,"JPM,99625,170"
2019-06-28 15:47:00.000000000,LAST_TRADE,"1,$99403.0000"
2019-06-28 15:47:00.000000000,QUERY_SPREAD,86
2019-06-28 15:47:00.000000000,BEST_BID,"JPM,99403,128"
2019-06-28 15:47:00.000000000,BEST_ASK,"JPM,99625,170"
2019-06-28 15:47:00.000000000,LAST_TRADE,"6,$99403.0000"
2019-06-28 15:47:00.000000000,QUERY_SPREAD,87
2019-06-28 15:47:00.000000000,BEST_BID,"JPM,99403,125"
2019-06-28 15:47:00.000000000,BEST_ASK,"JPM,99625,170"
2019-06-28 15:47:00.000000000,LAST_TRADE,"3,$99403.0000"
2019-06-28 15:47:00.000000000,QUERY_SPREAD,88
2019-06-28 15:47:00.000000000,BEST_BID,"JPM,99403,121"
2019-06-28 15:47:00.000000000,BEST_ASK,"JPM,99625,170"
2019-06-28 15:47:00.000000000,LAST_TRADE,"4,$99403.0000"
2019-06-28 15:47:00.000000000,QUERY_SPREAD,89
2019-06-28 15:47:00.000000000,BEST_BID,"JPM,99403,117"
2019-06-28 15:47:00.000000000,BEST_ASK,"JPM,99625,170"
2019-06-28 15:47:00.000000000,LAST_TRADE,"4,$99403.0000"
2019-06-28 15:47:00.000000000,QUERY_SPREAD,90
2019-06-28 15:47:00.000000000,BEST_BID,"JPM,99403,110"
2019-06-28 15:47:00.000000000,BEST_ASK,"JPM,99625,170"
2019-06-28 15:47:00.000000000,LAST_TRADE,"7,$99403.0000"
2019-06-28 15:47:00.000000000,QUERY_SPREAD,91
2019-06-28 15:47:00.000000000,BEST_BID,"JPM,99403,102"
2019-06-28 15:47:00.000000000,BEST_ASK,"JPM,99625,170"
2019-06-28 15:47:00.000000000,LAST_TRADE,"8,$99403.0000"
2019-06-28 15:47:00.000000000,QUERY_SPREAD,92
2019-06-28 15:47:00.000000000,BEST_BID,"JPM,99403,97"
2019-06-28 15:47:00.000000000,BEST_ASK,"JPM,99625,170"
2019-06-28 15:47:00.000000000,LAST_TRADE,"5,$99403.0000"
2019-06-28 15:47:00.000000000,QUERY_SPREAD,93
2019-06-28 15:47:00.000000000,BEST_BID,"JPM,99403,94"
2019-06-28 15:47:00.000000000,BEST_ASK,"JPM,99625,170"
2019-06-28 15:47:00.000000000,LAST_TRADE,"3,$99403.0000"
2019-06-28 15:47:00.000000000,QUERY_SPREAD,94
2019-06-28 15:47:00.000000000,BEST_BID,"JPM,99403,90"
2019-06-28 15:47:00.000000000,BEST_ASK,"JPM,99625,170"
2019-06-28 15:47:00.000000000,LAST_TRADE,"4,$99403.0000"
2019-06-28 15:47:00.000000000,QUERY_SPREAD,95
2019-06-28 15:47:00.000000000,BEST_BID,"JPM,99403,85"
2019-06-28 15:47:00.000000000,BEST_ASK,"JPM,99625,170"
2019-06-28 15:47:00.000000000,LAST_TRADE,"5,$99403.0000"
2019-06-28 15:47:00.000000000,QUERY_SPREAD,96
2019-06-28 15:47:00.000000000,BEST_BID,"JPM,99403,84"
2019-06-28 15:47:00.000000000,BEST_ASK,"JPM,99625,170"
2019-06-28 15:47:00.000000000,LAST_TRADE,"1,$99403.0000"
2019-06-28 15:47:00.000000000,QUERY_SPREAD,97
2019-06-28 15:47:00.000000000,BEST_BID,"JPM,99403,77"
2019-06-28 15:47:00.000000000,BEST_ASK,"JPM,99625,170"
2019-06-28 15:47:00.000000000,LAST_TRADE,"7,$99403.0000"
2019-06-28 15:47:00.000000000,QUERY_SPREAD,98
2019-06-28 15:47:00.000000000,BEST_BID,"JPM,99403,71"
2019-06-28 15:47:00.000000000,BEST_ASK,"JPM,99625,170"
2019-06-28 15:47:00.000000000,LAST_TRADE,"6,$99403.0000"
2019-06-28 15:47:00.000000000,QUERY_SPREAD,99
2019-06-28 15:47:00.000000000,BEST_BID,"JPM,99403,66"
2019-06-28 15:47:00.000000000,BEST_ASK,"JPM,99625,170"
2019-06-28 15:47:00.000000000,LAST_TRADE,"5,$99403.0000"
2019-06-28 15:47:00.000000000,QUERY_SPREAD,100
2019-06-28 15:47:00.000000000,BEST_BID,"JPM,99403,59"
2019-06-28 15:47:00.000000000,BEST_ASK,"JPM,99625,170"
2019-06-28 15:47:00.000000000,LAST_TRADE,"7,$99403.0000"
2019-06-28 15:47:00.000000000,QUERY_SPREAD,101
2019-06-28 15:47:00.000000000,QUERY_ORDER_STREAM,101
2019-06-28 15:47:10.000000000,QUERY_SPREAD,1
2019-06-28 15:47:10.000000000,BEST_BID,"JPM,99402,240"
2019-06-28 15:47:10.000000000,BEST_ASK,"JPM,99625,100"
2019-06-28 15:47:10.000000000,BEST_BID,"JPM,99402,240"
2019-06-28 15:47:10.000000000,BEST_ASK,"JPM,99625,100"
2019-06-28 15:47:10.000000000,BEST_BID,"JPM,99402,240"
2019-06-28 15:47:10.000000000,BEST_ASK,"JPM,99625,240"
2019-06-28 15:47:10.000000000,BEST_BID,"JPM,99402,240"
2019-06-28 15:47:10.000000000,BEST_ASK,"JPM,99625,240"
2019-06-28 15:47:12.401941877,QUERY_SPREAD,12
2019-06-28 15:47:12.401941877,BEST_BID,"JPM,99402,240"
2019-06-28 15:47:12.401941877,BEST_ASK,"JPM,99625,240"
2019-06-28 15:47:17.249269875,QUERY_SPREAD,46
2019-06-28 15:47:17.249269875,BEST_BID,"JPM,99402,240"
2019-06-28 15:47:17.249269875,BEST_ASK,"JPM,99625,240"
2019-06-28 15:47:20.000000000,QUERY_SPREAD,1
2019-06-28 15:47:20.000000000,BEST_BID,"JPM,99402,156"
2019-06-28 15:47:20.000000000,BEST_ASK,"JPM,99625,100"
2019-06-28 15:47:20.000000000,BEST_BID,"JPM,99402,156"
2019-06-28 15:47:20.000000000,BEST_ASK,"JPM,99625,100"
2019-06-28 15:47:20.000000000,BEST_BID,"JPM,99402,156"
2019-06-28 15:47:20.000000000,BEST_ASK,"JPM,99625,100"
2019-06-28 15:47:20.000000000,BEST_BID,"JPM,99402,156"
2019-06-28 15:47:20.000000000,BEST_ASK,"JPM,99625,100"
2019-06-28 15:47:20.000000000,BEST_BID,"JPM,99402,156"
2019-06-28 15:47:20.000000000,BEST_ASK,"JPM,99625,100"
2019-06-28 15:47:20.000000000,BEST_BID,"JPM,99402,156"
2019-06-28 15:47:20.000000000,BEST_ASK,"JPM,99625,156"
2019-06-28 15:47:20.000000000,BEST_BID,"JPM,99402,156"
2019-06-28 15:47:20.000000000,BEST_ASK,"JPM,99625,156"
2019-06-28 15:47:20.000000000,BEST_BID,"JPM,99402,156"
2019-06-28 15:47:20.000000000,BEST_ASK,"JPM,99625,156"
2019-06-28 15:47:20.000000000,BEST_BID,"JPM,99402,156"
2019-06-28 15:47:20.000000000,BEST_ASK,"JPM,99625,156"
2019-06-28 15:47:20.000000000,BEST_BID,"JPM,99402,156"
2019-06-28 15:47:20.000000000,BEST_ASK,"JPM,99625,156"
2019-06-28 15:47:24.142706987,QUERY_ORDER_STREAM,72
2019-06-28 15:47:24.142706987,QUERY_SPREAD,72
2019-06-28 15:47:25.330742232,QUERY_SPREAD,30
2019-06-28 15:47:25.330742232,BEST_BID,"JPM,99402,156"
2019-06-28 15:47:25.330742232,BEST_ASK,"JPM,99625,156"
2019-06-28 15:47:30.000000000,QUERY_SPREAD,1
2019-06-28 15:47:30.000000000,BEST_BID,"JPM,99402,156"
2019-06-28 15:47:30.000000000,BEST_ASK,"JPM,99625,100"
2019-06-28 15:47:30.000000000,BEST_BID,"JPM,99402,156"
2019-06-28 15:47:30.000000000,BEST_ASK,"JPM,99625,100"
2019-06-28 15:47:30.000000000,BEST_BID,"JPM,99402,156"
2019-06-28 15:47:30.000000000,BEST_ASK,"JPM,99625,100"
2019-06-28 15:47:30.000000000,BEST_BID,"JPM,99402,156"
2019-06-28 15:47:30.000000000,BEST_ASK,"JPM,99625,100"
2019-06-28 15:47:30.000000000,BEST_BID,"JPM,99402,156"
2019-06-28 15:47:30.000000000,BEST_ASK,"JPM,99625,100"
2019-06-28 15:47:30.000000000,BEST_BID,"JPM,99402,156"
2019-06-28 15:47:30.000000000,BEST_ASK,"JPM,99625,156"
2019-06-28 15:47:30.000000000,BEST_BID,"JPM,99402,156"
2019-06-28 15:47:30.000000000,BEST_ASK,"JPM,99625,156"
2019-06-28 15:47:30.000000000,BEST_BID,"JPM,99402,156"
2019-06-28 15:47:30.000000000,BEST_ASK,"JPM,99625,156"
2019-06-28 15:47:30.000000000,BEST_BID,"JPM,99402,156"
2019-06-28 15:47:30.000000000,BEST_ASK,"JPM,99625,156"
2019-06-28 15:47:30.000000000,BEST_BID,"JPM,99402,156"
2019-06-28 15:47:30.000000000,BEST_ASK,"JPM,99625,156"
2019-06-28 15:47:40.000000000,QUERY_SPREAD,1
2019-06-28 15:47:40.000000000,BEST_BID,"JPM,99402,156"
2019-06-28 15:47:40.000000000,BEST_ASK,"JPM,99625,100"
2019-06-28 15:47:40.000000000,BEST_BID,"JPM,99402,156"
2019-06-28 15:47:40.000000000,BEST_ASK,"JPM,99625,100"
2019-06-28 15:47:40.000000000,BEST_BID,"JPM,99402,156"
2019-06-28 15:47:40.000000000,BEST_ASK,"JPM,99625,100"
2019-06-28 15:47:40.000000000,BEST_BID,"JPM,99402,156"
2019-06-28 15:47:40.000000000,BEST_ASK,"JPM,99625,100"
2019-06-28 15:47:40.000000000,BEST_BID,"JPM,99402,156"
2019-06-28 15:47:40.000000000,BEST_ASK,"JPM,99625,100"
2019-06-28 15:47:40.000000000,BEST_BID,"JPM,99402,156"
2019-06-28 15:47:40.000000000,BEST_ASK,"JPM,99625,156"
2019-06-28 15:47:40.000000000,BEST_BID,"JPM,99402,156"
2019-06-28 15:47:40.000000000,BEST_ASK,"JPM,99625,156"
2019-06-28 15:47:40.000000000,BEST_BID,"JPM,99402,156"
2019-06-28 15:47:40.000000000,BEST_ASK,"JPM,99625,156"
2019-06-28 15:47:40.000000000,BEST_BID,"JPM,99402,156"
2019-06-28 15:47:40.000000000,BEST_ASK,"JPM,99625,156"
2019-06-28 15:47:40.000000000,BEST_BID,"JPM,99402,156"
2019-06-28 15:47:40.000000000,BEST_ASK,"JPM,99625,156"
2019-06-28 15:47:48.519324975,QUERY_ORDER_STREAM,64
2019-06-28 15:47:48.519324975,QUERY_SPREAD,64
2019-06-28 15:47:50.000000000,QUERY_SPREAD,1
2019-06-28 15:47:50.000000000,BEST_BID,"JPM,99402,240"
2019-06-28 15:47:50.000000000,BEST_ASK,"JPM,99625,100"
2019-06-28 15:47:50.000000000,BEST_BID,"JPM,99402,240"
2019-06-28 15:47:50.000000000,BEST_ASK,"JPM,99625,100"
2019-06-28 15:47:50.000000000,BEST_BID,"JPM,99402,240"
2019-06-28 15:47:50.000000000,BEST_ASK,"JPM,99625,240"
2019-06-28 15:47:50.000000000,BEST_BID,"JPM,99402,240"
2019-06-28 15:47:50.000000000,BEST_ASK,"JPM,99625,240"
2019-06-28 15:48:00.000000000,QUERY_SPREAD,1
2019-06-28 15:48:00.000000000,BEST_BID,"JPM,99402,170"
2019-06-28 15:48:00.000000000,BEST_ASK,"JPM,99625,100"
2019-06-28 15:48:00.000000000,BEST_BID,"JPM,99402,170"
2019-06-28 15:48:00.000000000,BEST_ASK,"JPM,99625,100"
2019-06-28 15:48:00.000000000,BEST_BID,"JPM,99402,170"
2019-06-28 15:48:00.000000000,BEST_ASK,"JPM,99625,100"
2019-06-28 15:48:00.000000000,BEST_BID,"JPM,99402,170"
2019-06-28 15:48:00.000000000,BEST_ASK,"JPM,99625,100"
2019-06-28 15:48:00.000000000,BEST_BID,"JPM,99402,170"
2019-06-28 15:48:00.000000000,BEST_ASK,"JPM,99625,170"
2019-06-28 15:48:00.000000000,BEST_BID,"JPM,99402,170"
2019-06-28 15:48:00.000000000,BEST_ASK,"JPM,99625,170"
2019-06-28 15:48:00.000000000,BEST_BID,"JPM,99402,170"
2019-06-28 15:48:00.000000000,BEST_ASK,"JPM,99625,170"
2019-06-28 15:48:00.000000000,BEST_BID,"JPM,99402,170"
2019-06-28 15:48:00.000000000,BEST_ASK,"JPM,99625,170"
2019-06-28 15:48:00.000000000,QUERY_SPREAD,77
2019-06-28 15:48:00.000000000,BEST_BID,"JPM,99402,169"
2019-06-28 15:48:00.000000000,BEST_ASK,"JPM,99625,170"
2019-06-28 15:48:00.000000000,LAST_TRADE,"1,$99402.0000"
2019-06-28 15:48:00.000000000,QUERY_SPREAD,78
2019-06-28 15:48:00.000000000,BEST_BID,"JPM,99402,165"
2019-06-28 15:48:00.000000000,BEST_ASK,"JPM,99625,170"
2019-06-28 15:48:00.000000000,LAST_TRADE,"4,$99402.0000"
2019-06-28 15:48:00.000000000,QUERY_SPREAD,79
2019-06-28 15:48:00.000000000,BEST_BID,"JPM,99402,159"
2019-06-28 15:48:00.000000000,BEST_ASK,"JPM,99625,170"
2019-06-28 15:48:00.000000000,LAST_TRADE,"6,$99402.0000"
2019-06-28 15:48:00.000000000,QUERY_SPREAD,80
2019-06-28 15:48:00.000000000,BEST_BID,"JPM,99402,154"
2019-06-28 15:48:00.000000000,BEST_ASK,"JPM,99625,170"
2019-06-28 15:48:00.000000000,LAST_TRADE,"5,$99402.0000"
2019-06-28 15:48:00.000000000,QUERY_SPREAD,81
2019-06-28 15:48:00.000000000,BEST_BID,"JPM,99402,146"
2019-06-28 15:48:00.000000000,BEST_ASK,"JPM,99625,170"
2019-06-28 15:48:00.000000000,LAST_TRADE,"8,$99402.0000"
2019-06-28 15:48:00.000000000,QUERY_SPREAD,82
2019-06-28 15:48:00.000000000,BEST_BID,"JPM,99402,138"
2019-06-28 15:48:00.000000000,BEST_ASK,"JPM,99625,170"
2019-06-28 15:48:00.000000000,LAST_TRADE,"8,$99402.0000"
2019-06-28 15:48:00.000000000,QUERY_SPREAD,83
2019-06-28 15:48:00.000000000,BEST_BID,"JPM,99402,136"
2019-06-28 15:48:00.000000000,BEST_ASK,"JPM,99625,170"
2019-06-28 15:48:00.000000000,LAST_TRADE,"2,$99402.0000"
2019-06-28 15:48:00.000000000,QUERY_SPREAD,84
2019-06-28 15:48:00.000000000,BEST_BID,"JPM,99402,135"
2019-06-28 15:48:00.000000000,BEST_ASK,"JPM,99625,170"
2019-06-28 15:48:00.000000000,LAST_TRADE,"1,$99402.0000"
2019-06-28 15:48:00.000000000,QUERY_SPREAD,85
2019-06-28 15:48:00.000000000,BEST_BID,"JPM,99402,134"
2019-06-28 15:48:00.000000000,BEST_ASK,"JPM,99625,170"
2019-06-28 15:48:00.000000000,LAST_TRADE,"1,$99402.0000"
2019-06-28 15:48:00.000000000,QUERY_SPREAD,86
2019-06-28 15:48:00.000000000,BEST_BID,"JPM,99402,128"
2019-06-28 15:48:00.000000000,BEST_ASK,"JPM,99625,170"
2019-06-28 15:48:00.000000000,LAST_TRADE,"6,$99402.0000"
2019-06-28 15:48:00.000000000,QUERY_SPREAD,87
2019-06-28 15:48:00.000000000,BEST_BID,"JPM,99402,125"
2019-06-28 15:48:00.000000000,BEST_ASK,"JPM,99625,170"
2019-06-28 15:48:00.000000000,LAST_TRADE,"3,$99402.0000"
2019-06-28 15:48:00.000000000,QUERY_SPREAD,88
2019-06-28 15:48:00.000000000,BEST_BID,"JPM,99402,121"
2019-06-28 15:48:00.000000000,BEST_ASK,"JPM,99625,170"
2019-06-28 15:48:00.000000000,LAST_TRADE,"4,$99402.0000"
2019-06-28 15:48:00.000000000,QUERY_SPREAD,89
2019-06-28 15:48:00.000000000,BEST_BID,"JPM,99402,117"
2019-06-28 15:48:00.000000000,BEST_ASK,"JPM,99625,170"
2019-06-28 15:48:00.000000000,LAST_TRADE,"4,$99402.0000"
2019-06-28 15:48:00.000000000,QUERY_SPREAD,90
2019-06-28 15:48:00.000000000,BEST_BID,"JPM,99402,110"
2019-06-28 15:48:00.000000000,BEST_ASK,"JPM,99625,170"
2019-06-28 15:48:00.000000000,LAST_TRADE,"7,$99402.0000"
2019-06-28 15:48:00.000000000,QUERY_SPREAD,91
2019-06-28 15:48:00.000000000,BEST_BID,"JPM,99402,102"
2019-06-28 15:48:00.000000000,BEST_ASK,"JPM,99625,170"
2019-06-28 15:48:00.000000000,LAST_TRADE,"8,$99402.0000"
2019-06-28 15:48:00.000000000,QUERY_SPREAD,92
2019-06-28 15:48:00.000000000,BEST_BID,"JPM,99402,97"
2019-06-28 15:48:00.000000000,BEST_ASK,"JPM,99625,170"
2019-06-28 15:48:00.000000000,LAST_TRADE,"5,$99402.0000"
2019-06-28 15:48:00.000000000,QUERY_SPREAD,93
2019-06-28 15:48:00.000000000,BEST_BID,"JPM,99402,94"
2019-06-28 15:48:00.000000000,BEST_ASK,"JPM,99625,170"
2019-06-28 15:48:00.000000000,LAST_TRADE,"3,$99402.0000"
2019-06-28 15:48:00.000000000,QUERY_SPREAD,94
2019-06-28 15:48:00.000000000,BEST_BID,"JPM,99402,90"
2019-06-28 15:48:00.000000000,BEST_ASK,"JPM,99625,170"
2019-06-28 15:48:00.000000000,LAST_TRADE,"4,$99402.0000"
2019-06-28 15:48:00.000000000,QUERY_SPREAD,95
2019-06-28 15:48:00.000000000,BEST_BID,"JPM,99402,85"
2019-06-28 15:48:00.000000000,BEST_ASK,"JPM,99625,170"
2019-06-28 15:48:00.000000000,LAST_TRADE,"5,$99402.0000"
2019-06-28 15:48:00.000000000,QUERY_SPREAD,96
2019-06-28 15:48:00.000000000,BEST_BID,"JPM,99402,84"
2019-06-28 15:48:00.000000000,BEST_ASK,"JPM,99625,170"
2019-06-28 15:48:00.000000000,LAST_TRADE,"1,$99402.0000"
2019-06-28 15:48:00.000000000,QUERY_SPREAD,97
2019-06-28 15:48:00.000000000,BEST_BID,"JPM,99402,77"
2019-06-28 15:48:00.000000000,BEST_ASK,"JPM,99625,170"
2019-06-28 15:48:00.000000000,LAST_TRADE,"7,$99402.0000"
2019-06-28 15:48:00.000000000,QUERY_SPREAD,98
2019-06-28 15:48:00.000000000,BEST_BID,"JPM,99402,71"
2019-06-28 15:48:00.000000000,BEST_ASK,"JPM,99625,170"
2019-06-28 15:48:00.000000000,LAST_TRADE,"6,$99402.0000"
2019-06-28 15:48:00.000000000,QUERY_SPREAD,99
2019-06-28 15:48:00.000000000,BEST_BID,"JPM,99402,66"
2019-06-28 15:48:00.000000000,BEST_ASK,"JPM,99625,170"
2019-06-28 15:48:00.000000000,LAST_TRADE,"5,$99402.0000"
2019-06-28 15:48:00.000000000,QUERY_SPREAD,100
2019-06-28 15:48:00.000000000,BEST_BID,"JPM,99402,59"
2019-06-28 15:48:00.000000000,BEST_ASK,"JPM,99625,170"
2019-06-28 15:48:00.000000000,LAST_TRADE,"7,$99402.0000"
2019-06-28 15:48:00.000000000,QUERY_SPREAD,101
2019-06-28 15:48:00.000000000,QUERY_ORDER_STREAM,101
2019-06-28 15:48:02.504327296,QUERY_SPREAD,44
2019-06-28 15:48:02.504327296,BEST_BID,"JPM,99192,159"
2019-06-28 15:48:02.504327296,BEST_ASK,"JPM,99402,41"
2019-06-28 15:48:02.504327296,LAST_TRADE,"59,$99402.0000"
2019-06-28 15:48:10.000000000,QUERY_SPREAD,1
2019-06-28 15:48:10.000000000,BEST_BID,"JPM,99192,159"
2019-06-28 15:48:10.000000000,BEST_ASK,"JPM,99402,41"
2019-06-28 15:48:10.000000000,BEST_BID,"JPM,99192,159"
2019-06-28 15:48:10.000000000,BEST_ASK,"JPM,99402,41"
2019-06-28 15:48:10.000000000,BEST_BID,"JPM,99192,159"
2019-06-28 15:48:10.000000000,BEST_ASK,"JPM,99402,41"
2019-06-28 15:48:10.000000000,BEST_BID,"JPM,99192,159"
2019-06-28 15:48:10.000000000,BEST_ASK,"JPM,99402,41"
2019-06-28 15:48:10.000000000,BEST_BID,"JPM,99192,159"
2019-06-28 15:48:10.000000000,BEST_ASK,"JPM,99402,111"
2019-06-28 15:48:10.000000000,BEST_BID,"JPM,99192,159"
2019-06-28 15:48:10.000000000,BEST_ASK,"JPM,99402,111"
2019-06-28 15:48:10.000000000,BEST_BID,"JPM,99192,159"
2019-06-28 15:48:10.000000000,BEST_ASK,"JPM,99402,111"
2019-06-28 15:48:10.000000000,BEST_BID,"JPM,99192,159"
2019-06-28 15:48:10.000000000,BEST_ASK,"JPM,99402,111"
2019-06-28 15:48:10.184594544,QUERY_SPREAD,16
2019-06-28 15:48:10.184594544,BEST_BID,"JPM,99192,159"
2019-06-28 15:48:10.184594544,BEST_ASK,"JPM,99402,11"
2019-06-28 15:48:10.184594544,LAST_TRADE,"100,$99402.0000"
2019-06-28 15:48:19.330741428,QUERY_SPREAD,30
2019-06-28 15:48:19.330741428,BEST_BID,"JPM,99220,100"
2019-06-28 15:48:19.330741428,BEST_ASK,"JPM,99402,11"
2019-06-28 15:48:20.000000000,QUERY_SPREAD,1
2019-06-28 15:48:20.000000000,BEST_BID,"JPM,99220,240"
2019-06-28 15:48:20.000000000,BEST_ASK,"JPM,99625,100"
2019-06-28 15:48:20.000000000,BEST_BID,"JPM,99220,240"
2019-06-28 15:48:20.000000000,BEST_ASK,"JPM,99625,100"
2019-06-28 15:48:20.000000000,BEST_BID,"JPM,99220,240"
2019-06-28 15:48:20.000000000,BEST_ASK,"JPM,99625,240"
2019-06-28 15:48:20.000000000,BEST_BID,"JPM,99220,240"
2019-06-28 15:48:20.000000000,BEST_ASK,"JPM,99625,240"
2019-06-28 15:48:24.022893400,QUERY_ORDER_STREAM,64
2019-06-28 15:48:24.022893400,QUERY_SPREAD,64
2019-06-28 15:48:24.022893400,BEST_BID,"JPM,99220,240"
2019-06-28 15:48:24.022893400,BEST_ASK,"JPM,99402,100"
2019-06-28 15:48:30.000000000,QUERY_SPREAD,1
2019-06-28 15:48:30.000000000,BEST_BID,"JPM,99220,170"
2019-06-28 15:48:30.000000000,BEST_ASK,"JPM,99402,100"
2019-06-28 15:48:30.000000000,BEST_BID,"JPM,99220,170"
2019-06-28 15:48:30.000000000,BEST_ASK,"JPM,99402,100"
2019-06-28 15:48:30.000000000,BEST_BID,"JPM,99220,170"
2019-06-28 15:48:30.000000000,BEST_ASK,"JPM,99402,100"
2019-06-28 15:48:30.000000000,BEST_BID,"JPM,99220,170"
2019-06-28 15:48:30.000000000,BEST_ASK,"JPM,99402,100"
2019-06-28 15:48:30.000000000,BEST_BID,"JPM,99220,170"
2019-06-28 15:48:30.000000000,BEST_ASK,"JPM,99402,170"
2019-06-28 15:48:30.000000000,BEST_BID,"JPM,99220,170"
2019-06-28 15:48:30.000000000,BEST_ASK,"JPM,99402,170"
2019-06-28 15:48:30.000000000,BEST_BID,"JPM,99220,170"
2019-06-28 15:48:30.000000000,BEST_ASK,"JPM,99402,170"
2019-06-28 15:48:30.000000000,BEST_BID,"JPM,99220,170"
2019-06-28 15:48:30.000000000,BEST_ASK,"JPM,99402,170"
2019-06-28 15:48:40.000000000,QUERY_SPREAD,1
2019-06-28 15:48:40.000000000,BEST_BID,"JPM,99220,156"
2019-06-28 15:48:40.000000000,BEST_ASK,"JPM,99402,100"
2019-06-28 15:48:40.000000000,BEST_BID,"JPM,99220,156"
2019-06-28 15:48:40.000000000,BEST_ASK,"JPM,99402,100"
2019-06-28 15:48:40.000000000,BEST_BID,"JPM,99220,156"
2019-06-28 15:48:40.000000000,BEST_ASK,"JPM,99402,100"
2019-06-28 15:48:40.000000000,BEST_BID,"JPM,99220,156"
2019-06-28 15:48:40.000000000,BEST_ASK,"JPM,99402,100"
2019-06-28 15:48:40.000000000,BEST_BID,"JPM,99220,156"
2019-06-28 15:48:40.000000000,BEST_ASK,"JPM,99402,100"
2019-06-28 15:48:40.000000000,BEST_BID,"JPM,99220,156"
2019-06-28 15:48:40.000000000,BEST_ASK,"JPM,99402,156"
2019-06-28 15:48:40.000000000,BEST_BID,"JPM,99220,156"
2019-06-28 15:48:40.000000000,BEST_ASK,"JPM,99402,156"
2019-06-28 15:48:40.000000000,BEST_BID,"JPM,99220,156"
2019-06-28 15:48:40.000000000,BEST_ASK,"JPM,99402,156"
2019-06-28 15:48:40.000000000,BEST_BID,"JPM,99220,156"
2019-06-28 15:48:40.000000000,BEST_ASK,"JPM,99402,156"
2019-06-28 15:48:40.000000000,BEST_BID,"JPM,99220,156"
2019-06-28 15:48:40.000000000,BEST_ASK,"JPM,99402,156"
2019-06-28 15:48:50.000000000,QUERY_SPREAD,1
2019-06-28 15:48:50.000000000,BEST_BID,"JPM,99220,170"
2019-06-28 15:48:50.000000000,BEST_ASK,"JPM,99402,100"
2019-06-28 15:48:50.000000000,BEST_BID,"JPM,99220,170"
2019-06-28 15:48:50.000000000,BEST_ASK,"JPM,99402,100"
2019-06-28 15:48:50.000000000,BEST_BID,"JPM,99220,170"
2019-06-28 15:48:50.000000000,BEST_ASK,"JPM,99402,100"
2019-06-28 15:48:50.000000000,BEST_BID,"JPM,99220,170"
2019-06-28 15:48:50.000000000,BEST_ASK,"JPM,99402,100"
2019-06-28 15:48:50.000000000,BEST_BID,"JPM,99220,170"
2019-06-28 15:48:50.000000000,BEST_ASK,"JPM,99402,170"
2019-06-28 15:48:50.000000000,BEST_BID,"JPM,99220,170"
2019-06-28 15:48:50.000000000,BEST_ASK,"JPM,99402,170"
2019-06-28 15:48:50.000000000,BEST_BID,"JPM,99220,170"
2019-06-28 15:48:50.000000000,BEST_ASK,"JPM,99402,170"
2019-06-28 15:48:50.000000000,BEST_BID,"JPM,99220,170"
2019-06-28 15:48:50.000000000,BEST_ASK,"JPM,99402,170"
2019-06-28 15:49:00.000000000,QUERY_SPREAD,1
2019-06-28 15:49:00.000000000,BEST_BID,"JPM,99220,170"
2019-06-28 15:49:00.000000000,BEST_ASK,"JPM,99402,100"
2019-06-28 15:49:00.000000000,BEST_BID,"JPM,99220,170"
2019-06-28 15:49:00.000000000,BEST_ASK,"JPM,99402,100"
2019-06-28 15:49:00.000000000,BEST_BID,"JPM,99220,170"
2019-06-28 15:49:00.000000000,BEST_ASK,"JPM,99402,100"
2019-06-28 15:49:00.000000000,BEST_BID,"JPM,99220,170"
2019-06-28 15:49:00.000000000,BEST_ASK,"JPM,99402,100"
2019-06-28 15:49:00.000000000,BEST_BID,"JPM,99220,170"
2019-06-28 15:49:00.000000000,BEST_ASK,"JPM,99402,170"
2019-06-28 15:49:00.000000000,BEST_BID,"JPM,99220,170"
2019-06-28 15:49:00.000000000,BEST_ASK,"JPM,99402,170"
2019-06-28 15:49:00.000000000,BEST_BID,"JPM,99220,170"
2019-06-28 15:49:00.000000000,BEST_ASK,"JPM,99402,170"
2019-06-28 15:49:00.000000000,BEST_BID,"JPM,99220,170"
2019-06-28 15:49:00.000000000,BEST_ASK,"JPM,99402,170"
2019-06-28 15:49:00.000000000,QUERY_SPREAD,77
2019-06-28 15:49:00.000000000,BEST_BID,"JPM,99220,169"
2019-06-28 15:49:00.000000000,BEST_ASK,"JPM,99402,170"
2019-06-28 15:49:00.000000000,LAST_TRADE,"1,$99220.0000"
2019-06-28 15:49:00.000000000,QUERY_SPREAD,78
2019-06-28 15:49:00.000000000,BEST_BID,"JPM,99220,165"
2019-06-28 15:49:00.000000000,BEST_ASK,"JPM,99402,170"
2019-06-28 15:49:00.000000000,LAST_TRADE,"4,$99220.0000"
2019-06-28 15:49:00.000000000,QUERY_SPREAD,79
2019-06-28 15:49:00.000000000,BEST_BID,"JPM,99220,159"
2019-06-28 15:49:00.000000000,BEST_ASK,"JPM,99402,170"
2019-06-28 15:49:00.000000000,LAST_TRADE,"6,$99220.0000"
2019-06-28 15:49:00.000000000,QUERY_SPREAD,80
2019-06-28 15:49:00.000000000,BEST_BID,"JPM,99220,154"
2019-06-28 15:49:00.000000000,BEST_ASK,"JPM,99402,170"
2019-06-28 15:49:00.000000000,LAST_TRADE,"5,$99220.0000"
2019-06-28 15:49:00.000000000,QUERY_SPREAD,81
2019-06-28 15:49:00.000000000,BEST_BID,"JPM,99220,146"
2019-06-28 15:49:00.000000000,BEST_ASK,"JPM,99402,170"
2019-06-28 15:49:00.000000000,LAST_TRADE,"8,$99220.0000"
2019-06-28 15:49:00.000000000,QUERY_SPREAD,82
2019-06-28 15:49:00.000000000,BEST_BID,"JPM,99220,138"
2019-06-28 15:49:00.000000000,BEST_ASK,"JPM,99402,170"
2019-06-28 15:49:00.000000000,LAST_TRADE,"8,$99220.0000"
2019-06-28 15:49:00.000000000,QUERY_SPREAD,83
2019-06-28 15:49:00.000000000,BEST_BID,"JPM,99220,136"
2019-06-28 15:49:00.000000000,BEST_ASK,"JPM,99402,170"
2019-06-28 15:49:00.000000000,LAST_TRADE,"2,$99220.0000"
2019-06-28 15:49:00.000000000,QUERY_SPREAD,84
2019-06-28 15:49:00.000000000,BEST_BID,"JPM,99220,135"
2019-06-28 15:49:00.000000000,BEST_ASK,"JPM,99402,170"
2019-06-28 15:49:00.000000000,LAST_TRADE,"1,$99220.0000"
2019-06-28 15:49:00.000000000,QUERY_SPREAD,85
2019-06-28 15:49:00.000000000,BEST_BID,"JPM,99220,134"
2019-06-28 15:49:00.000000000,BEST_ASK,"JPM,99402,170"
2019-06-28 15:49:00.000000000,LAST_TRADE,"1,$99220.0000"
2019-06-28 15:49:00.000000000,QUERY_SPREAD,86
2019-06-28 15:49:00.000000000,BEST_BID,"JPM,99220,128"
2019-06-28 15:49:00.000000000,BEST_ASK,"JPM,99402,170"
2019-06-28 15:49:00.000000000,LAST_TRADE,"6,$99220.0000"
2019-06-28 15:49:00.000000000,QUERY_SPREAD,87
2019-06-28 15:49:00.000000000,BEST_BID,"JPM,99220,125"
2019-06-28 15:49:00.000000000,BEST_ASK,"JPM,99402,170"
2019-06-28 15:49:00.000000000,LAST_TRADE,"3,$99220.0000"
2019-06-28 15:49:00.000000000,QUERY_SPREAD,88
2019-06-28 15:49:00.000000000,BEST_BID,"JPM,99220,121"
2019-06-28 15:49:00.000000000,BEST_ASK,"JPM,99402,170"
2019-06-28 15:49:00.000000000,LAST_TRADE,"4,$99220.0000"
2019-06-28 15:49:00.000000000,QUERY_SPREAD,89
2019-06-28 15:49:00.000000000,BEST_BID,"JPM,99220,117"
2019-06-28 15:49:00.000000000,BEST_ASK,"JPM,99402,170"
2019-06-28 15:49:00.000000000,LAST_TRADE,"4,$99220.0000"
2019-06-28 15:49:00.000000000,QUERY_SPREAD,90
2019-06-28 15:49:00.000000000,BEST_BID,"JPM,99220,110"
2019-06-28 15:49:00.000000000,BEST_ASK,"JPM,99402,170"
2019-06-28 15:49:00.000000000,LAST_TRADE,"7,$99220.0000"
2019-06-28 15:49:00.000000000,QUERY_SPREAD,91
2019-06-28 15:49:00.000000000,BEST_BID,"JPM,99220,102"
2019-06-28 15:49:00.000000000,BEST_ASK,"JPM,99402,170"
2019-06-28 15:49:00.000000000,LAST_TRADE,"8,$99220.0000"
2019-06-28 15:49:00.000000000,QUERY_SPREAD,92
2019-06-28 15:49:00.000000000,BEST_BID,"JPM,99220,97"
2019-06-28 15:49:00.000000000,BEST_ASK,"JPM,99402,170"
2019-06-28 15:49:00.000000000,LAST_TRADE,"5,$99220.0000"
2019-06-28 15:49:00.000000000,QUERY_SPREAD,93
2019-06-28 15:49:00.000000000,BEST_BID,"JPM,99220,94"
2019-06-28 15:49:00.000000000,BEST_ASK,"JPM,99402,170"
2019-06-28 15:49:00.000000000,LAST_TRADE,"3,$99220.0000"
2019-06-28 15:49:00.000000000,QUERY_SPREAD,94
2019-06-28 15:49:00.000000000,BEST_BID,"JPM,99220,90"
2019-06-28 15:49:00.000000000,BEST_ASK,"JPM,99402,170"
2019-06-28 15:49:00.000000000,LAST_TRADE,"4,$99220.0000"
2019-06-28 15:49:00.000000000,QUERY_SPREAD,95
2019-06-28 15:49:00.000000000,BEST_BID,"JPM,99220,85"
2019-06-28 15:49:00.000000000,BEST_ASK,"JPM,99402,170"
2019-06-28 15:49:00.000000000,LAST_TRADE,"5,$99220.0000"
2019-06-28 15:49:00.000000000,QUERY_SPREAD,96
2019-06-28 15:49:00.000000000,BEST_BID,"JPM,99220,84"
2019-06-28 15:49:00.000000000,BEST_ASK,"JPM,99402,170"
2019-06-28 15:49:00.000000000,LAST_TRADE,"1,$99220.0000"
2019-06-28 15:49:00.000000000,QUERY_SPREAD,97
2019-06-28 15:49:00.000000000,BEST_BID,"JPM,99220,77"
2019-06-28 15:49:00.000000000,BEST_ASK,"JPM,99402,170"
2019-06-28 15:49:00.000000000,LAST_TRADE,"7,$99220.0000"
2019-06-28 15:49:00.000000000,QUERY_SPREAD,98
2019-06-28 15:49:00.000000000,BEST_BID,"JPM,99220,71"
2019-06-28 15:49:00.000000000,BEST_ASK,"JPM,99402,170"
2019-06-28 15:49:00.000000000,LAST_TRADE,"6,$99220.0000"
2019-06-28 15:49:00.000000000,QUERY_SPREAD,99
2019-06-28 15:49:00.000000000,BEST_BID,"JPM,99220,66"
2019-06-28 15:49:00.000000000,BEST_ASK,"JPM,99402,170"
2019-06-28 15:49:00.000000000,LAST_TRADE,"5,$99220.0000"
2019-06-28 15:49:00.000000000,QUERY_SPREAD,100
2019-06-28 15:49:00.000000000,BEST_BID,"JPM,99220,59"
2019-06-28 15:49:00.000000000,BEST_ASK,"JPM,99402,170"
2019-06-28 15:49:00.000000000,LAST_TRADE,"7,$99220.0000"
2019-06-28 15:49:00.000000000,QUERY_SPREAD,101
2019-06-28 15:49:00.000000000,QUERY_ORDER_STREAM,101
2019-06-28 15:49:02.861489877,QUERY_SPREAD,16
2019-06-28 15:49:02.861489877,BEST_BID,"JPM,99324,100"
2019-06-28 15:49:02.861489877,BEST_ASK,"JPM,99402,170"
2019-06-28 15:49:05.704003973,QUERY_ORDER_STREAM,58
2019-06-28 15:49:05.704003973,QUERY_SPREAD,58
2019-06-28 15:49:05.704003973,BEST_BID,"JPM,99324,100"
2019-06-28 15:49:05.704003973,BEST_ASK,"JPM,99402,170"
2019-06-28 15:49:10.000000000,QUERY_SPREAD,1
2019-06-28 15:49:10.000000000,BEST_BID,"JPM,99324,240"
2019-06-28 15:49:10.000000000,BEST_ASK,"JPM,99402,100"
2019-06-28 15:49:10.000000000,BEST_BID,"JPM,99324,240"
2019-06-28 15:49:10.000000000,BEST_ASK,"JPM,99402,100"
2019-06-28 15:49:10.000000000,BEST_BID,"JPM,99324,240"
2019-06-28 15:49:10.000000000,BEST_ASK,"JPM,99402,240"
2019-06-28 15:49:10.000000000,BEST_BID,"JPM,99324,240"
2019-06-28 15:49:10.000000000,BEST_ASK,"JPM,99402,240"
2019-06-28 15:49:20.000000000,QUERY_SPREAD,1
2019-06-28 15:49:20.000000000,BEST_BID,"JPM,99324,170"
2019-06-28 15:49:20.000000000,BEST_ASK,"JPM,99402,100"
2019-06-28 15:49:20.000000000,BEST_BID,"JPM,99324,170"
2019-06-28 15:49:20.000000000,BEST_ASK,"JPM,99402,100"
2019-06-28 15:49:20.000000000,BEST_BID,"JPM,99324,170"
2019-06-28 15:49:20.000000000,BEST_ASK,"JPM,99402,100"
2019-06-28 15:49:20.000000000,BEST_BID,"JPM,99324,170"
2019-06-28 15:49:20.000000000,BEST_ASK,"JPM,99402,100"
2019-06-28 15:49:20.000000000,BEST_BID,"JPM,99324,170"
2019-06-28 15:49:20.000000000,BEST_ASK,"JPM,99402,170"
2019-06-28 15:49:20.000000000,BEST_BID,"JPM,99324,170"
2019-06-28 15:49:20.000000000,BEST_ASK,"JPM,99402,170"
2019-06-28 15:49:20.000000000,BEST_BID,"JPM,99324,170"
2019-06-28 15:49:20.000000000,BEST_ASK,"JPM,99402,170"
2019-06-28 15:49:20.000000000,BEST_BID,"JPM,99324,170"
2019-06-28 15:49:20.000000000,BEST_ASK,"JPM,99402,170"
2019-06-28 15:49:30.000000000,QUERY_SPREAD,1
2019-06-28 15:49:30.000000000,BEST_BID,"JPM,99324,240"
2019-06-28 15:49:30.000000000,BEST_ASK,"JPM,99402,100"
2019-06-28 15:49:30.000000000,BEST_BID,"JPM,99324,240"
2019-06-28 15:49:30.000000000,BEST_ASK,"JPM,99402,100"
2019-06-28 15:49:30.000000000,BEST_BID,"JPM,99324,240"
2019-06-28 15:49:30.000000000,BEST_ASK,"JPM,99402,240"
2019-06-28 15:49:30.000000000,BEST_BID,"JPM,99324,240"
2019-06-28 15:49:30.000000000,BEST_ASK,"JPM,99402,240"
2019-06-28 15:49:40.000000000,QUERY_SPREAD,1
2019-06-28 15:49:40.000000000,BEST_BID,"JPM,99324,170"
2019-06-28 15:49:40.000000000,BEST_ASK,"JPM,99402,100"
2019-06-28 15:49:40.000000000,BEST_BID,"JPM,99324,170"
2019-06-28 15:49:40.000000000,BEST_ASK,"JPM,99402,100"
2019-06-28 15:49:40.000000000,BEST_BID,"JPM,99324,170"
2019-06-28 15:49:40.000000000,BEST_ASK,"JPM,99402,100"
2019-06-28 15:49:40.000000000,BEST_BID,"JPM,99324,170"
2019-06-28 15:49:40.000000000,BEST_ASK,"JPM,99402,100"
2019-06-28 15:49:40.000000000,BEST_BID,"JPM,99324,170"
2019-06-28 15:49:40.000000000,BEST_ASK,"JPM,99402,170"
2019-06-28 15:49:40.000000000,BEST_BID,"JPM,99324,170"
2019-06-28 15:49:40.000000000,BEST_ASK,"JPM,99402,170"
2019-06-28 15:49:40.000000000,BEST_BID,"JPM,99324,170"
2019-06-28 15:49:40.000000000,BEST_ASK,"JPM,99402,170"
2019-06-28 15:49:40.000000000,BEST_BID,"JPM,99324,170"
2019-06-28 15:49:40.000000000,BEST_ASK,"JPM,99402,170"
2019-06-28 15:49:40.899211762,QUERY_SPREAD,14
2019-06-28 15:49:40.899211762,BEST_BID,"JPM,99324,170"
2019-06-28 15:49:40.899211762,BEST_ASK,"JPM,99402,70"
2019-06-28 15:49:40.899211762,LAST_TRADE,"100,$99402.0000"
2019-06-28 15:49:47.058141126,QUERY_SPREAD,41
2019-06-28 15:49:47.058141126,BEST_BID,"JPM,99324,170"
2019-06-28 15:49:47.058141126,BEST_ASK,"JPM,99402,70"
2019-06-28 15:49:50.000000000,QUERY_SPREAD,1
2019-06-28 15:49:50.000000000,BEST_BID,"JPM,99324,170"
2019-06-28 15:49:50.000000000,BEST_ASK,"JPM,99625,100"
2019-06-28 15:49:50.000000000,BEST_BID,"JPM,99324,170"
2019-06-28 15:49:50.000000000,BEST_ASK,"JPM,99625,100"
2019-06-28 15:49:50.000000000,BEST_BID,"JPM,99324,170"
2019-06-28 15:49:50.000000000,BEST_ASK,"JPM,99625,100"
2019-06-28 15:49:50.000000000,BEST_BID,"JPM,99324,170"
2019-06-28 15:49:50.000000000,BEST_ASK,"JPM,99625,100"
2019-06-28 15:49:50.000000000,BEST_BID,"JPM,99324,170"
2019-06-28 15:49:50.000000000,BEST_ASK,"JPM,99625,170"
2019-06-28 15:49:50.000000000,BEST_BID,"JPM,99324,170"
2019-06-28 15:49:50.000000000,BEST_ASK,"JPM,99625,170"
2019-06-28 15:49:50.000000000,BEST_BID,"JPM,99324,170"
2019-06-28 15:49:50.000000000,BEST_ASK,"JPM,99625,170"
2019-06-28 15:49:50.000000000,BEST_BID,"JPM,99324,170"
2019-06-28 15:49:50.000000000,BEST_ASK,"JPM,99625,170"
2019-06-28 15:50:00.000000000,QUERY_SPREAD,1
2019-06-28 15:50:00.000000000,BEST_BID,"JPM,99324,380"
2019-06-28 15:50:00.000000000,BEST_ASK,"JPM,99625,100"
2019-06-28 15:50:00.000000000,BEST_BID,"JPM,99324,380"
2019-06-28 15:50:00.000000000,BEST_ASK,"JPM,99625,380"
2019-06-28 15:50:00.000000000,QUERY_SPREAD,77
2019-06-28 15:50:00.000000000,BEST_BID,"JPM,99324,379"
2019-06-28 15:50:00.000000000,BEST_ASK,"JPM,99625,380"
2019-06-28 15:50:00.000000000,LAST_TRADE,"1,$99324.0000"
2019-06-28 15:50:00.000000000,QUERY_SPREAD,78
2019-06-28 15:50:00.000000000,BEST_BID,"JPM,99324,375"
2019-06-28 15:50:00.000000000,BEST_ASK,"JPM,99625,380"
2019-06-28 15:50:00.000000000,LAST_TRADE,"4,$99324.0000"
2019-06-28 15:50:00.000000000,QUERY_SPREAD,79
2019-06-28 15:50:00.000000000,BEST_BID,"JPM,99324,369"
2019-06-28 15:50:00.000000000,BEST_ASK,"JPM,99625,380"
2019-06-28 15:50:00.000000000,LAST_TRADE,"6,$99324.0000"
2019-06-28 15:50:00.000000000,QUERY_SPREAD,80
2019-06-28 15:50:00.000000000,BEST_BID,"JPM,99324,364"
2019-06-28 15:50:00.000000000,BEST_ASK,"JPM,99625,380"
2019-06-28 15:50:00.000000000,LAST_TRADE,"5,$99324.0000"
2019-06-28 15:50:00.000000000,QUERY_SPREAD,81
2019-06-28 15:50:00.000000000,BEST_BID,"JPM,99324,356"
2019-06-28 15:50:00.000000000,BEST_ASK,"JPM,99625,380"
2019-06-28 15:50:00.000000000,LAST_TRADE,"8,$99324.0000"
2019-06-28 15:50:00.000000000,QUERY_SPREAD,82
2019-06-28 15:50:00.000000000,BEST_BID,"JPM,99324,348"
2019-06-28 15:50:00.000000000,BEST_ASK,"JPM,99625,380"
2019-06-28 15:50:00.000000000,LAST_TRADE,"8,$99324.0000"
2019-06-28 15:50:00.000000000,QUERY_SPREAD,83
2019-06-28 15:50:00.000000000,BEST_BID,"JPM,99324,346"
2019-06-28 15:50:00.000000000,BEST_ASK,"JPM,99625,380"
2019-06-28 15:50:00.000000000,LAST_TRADE,"2,$99324.0000"
2019-06-28 15:50:00.000000000,QUERY_SPREAD,84
2019-06-28 15:50:00.000000000,BEST_BID,"JPM,99324,345"
2019-06-28 15:50:00.000000000,BEST_ASK,"JPM,99625,380"
2019-06-28 15:50:00.000000000,LAST_TRADE,"1,$99324.0000"
2019-06-28 15:50:00.000000000,QUERY_SPREAD,85
2019-06-28 15:50:00.000000000,BEST_BID,"JPM,99324,344"
2019-06-28 15:50:00.000000000,BEST_ASK,"JPM,99625,380"
2019-06-28 15:50:00.000000000,LAST_TRADE,"1,$99324.0000"
2019-06-28 15:50:00.000000000,QUERY_SPREAD,86
2019-06-28 15:50:00.000000000,BEST_BID,"JPM,99324,338"
2019-06-28 15:50:00.000000000,BEST_ASK,"JPM,99625,380"
2019-06-28 15:50:00.000000000,LAST_TRADE,"6,$99324.0000"
2019-06-28 15:50:00.000000000,QUERY_SPREAD,87
2019-06-28 15:50:00.000000000,BEST_BID,"JPM,99324,335"
2019-06-28 15:50:00.000000000,BEST_ASK,"JPM,99625,380"
2019-06-28 15:50:00.000000000,LAST_TRADE,"3,$99324.0000"
2019-06-28 15:50:00.000000000,QUERY_SPREAD,88
2019-06-28 15:50:00.000000000,BEST_BID,"JPM,99324,331"
2019-06-28 15:50:00.000000000,BEST_ASK,"JPM,99625,380"
2019-06-28 15:50:00.000000000,LAST_TRADE,"4,$99324.0000"
2019-06-28 15:50:00.000000000,QUERY_SPREAD,89
2019-06-28 15:50:00.000000000,BEST_BID,"JPM,99324,327"
2019-06-28 15:50:00.000000000,BEST_ASK,"JPM,99625,380"
2019-06-28 15:50:00.000000000,LAST_TRADE,"4,$99324.0000"
2019-06-28 15:50:00.000000000,QUERY_SPREAD,90
2019-06-28 15:50:00.000000000,BEST_BID,"JPM,99324,320"
2019-06-28 15:50:00.000000000,BEST_ASK,"JPM,99625,380"
2019-06-28 15:50:00.000000000,LAST_TRADE,"7,$99324.0000"
2019-06-28 15:50:00.000000000,QUERY_SPREAD,91
2019-06-28 15:50:00.000000000,BEST_BID,"JPM,99324,312"
2019-06-28 15:50:00.000000000,BEST_ASK,"JPM,99625,380"
2019-06-28 15:50:00.000000000,LAST_TRADE,"8,$99324.0000"
2019-06-28 15:50:00.000000000,QUERY_SPREAD,92
2019-06-28 15:50:00.000000000,BEST_BID,"JPM,99324,307"
2019-06-28 15:50:00.000000000,BEST_ASK,"JPM,99625,380"
2019-06-28 15:50:00.000000000,LAST_TRADE,"5,$99324.0000"
2019-06-28 15:50:00.000000000,QUERY_SPREAD,93
2019-06-28 15:50:00.000000000,BEST_BID,"JPM,99324,304"
2019-06-28 15:50:00.000000000,BEST_ASK,"JPM,99625,380"
2019-06-28 15:50:00.000000000,LAST_TRADE,"3,$99324.0000"
2019-06-28 15:50:00.000000000,QUERY_SPREAD,94
2019-06-28 15:50:00.000000000,BEST_BID,"JPM,99324,300"
2019-06-28 15:50:00.000000000,BEST_ASK,"JPM,99625,380"
2019-06-28 15:50:00.000000000,LAST_TRADE,"4,$99324.0000"
2019-06-28 15:50:00.000000000,QUERY_SPREAD,95
2019-06-28 15:50:00.000000000,BEST_BID,"JPM,99324,295"
2019-06-28 15:50:00.000000000,BEST_ASK,"JPM,99625,380"
2019-06-28 15:50:00.000000000,LAST_TRADE,"5,$99324.0000"
2019-06-28 15:50:00.000000000,QUERY_SPREAD,96
2019-06-28 15:50:00.000000000,BEST_BID,"JPM,99324,294"
2019-06-28 15:50:00.000000000,BEST_ASK,"JPM,99625,380"
2019-06-28 15:50:00.000000000,LAST_TRADE,"1,$99324.0000"
2019-06-28 15:50:00.000000000,QUERY_SPREAD,97
2019-06-28 15:50:00.000000000,BEST_BID,"JPM,99324,287"
2019-06-28 15:50:00.000000000,BEST_ASK,"JPM,99625,380"
2019-06-28 15:50:00.000000000,LAST_TRADE,"7,$99324.0000"
2019-06-28 15:50:00.000000000,QUERY_SPREAD,98
2019-06-28 15:50:00.000000000,BEST_BID,"JPM,99324,281"
2019-06-28 15:50:00.000000000,BEST_ASK,"JPM,99625,380"
2019-06-28 15:50:00.000000000,LAST_TRADE,"6,$99324.0000"
2019-06-28 15:50:00.000000000,QUERY_SPREAD,99
2019-06-28 15:50:00.000000000,BEST_BID,"JPM,99324,276"
2019-06-28 15:50:00.000000000,BEST_ASK,"JPM,99625,380"
2019-06-28 15:50:00.000000000,LAST_TRADE,"5,$99324.0000"
2019-06-28 15:50:00.000000000,QUERY_SPREAD,100
2019-06-28 15:50:00.000000000,BEST_BID,"JPM,99324,269"
2019-06-28 15:50:00.000000000,BEST_ASK,"JPM,99625,380"
2019-06-28 15:50:00.000000000,LAST_TRADE,"7,$99324.0000"
2019-06-28 15:50:00.000000000,QUERY_SPREAD,101
2019-06-28 15:50:00.000000000,QUERY_ORDER_STREAM,101
2019-06-28 15:50:10.000000000,QUERY_SPREAD,1
2019-06-28 15:50:10.000000000,BEST_BID,"JPM,99220,195"
2019-06-28 15:50:10.000000000,BEST_ASK,"JPM,99625,100"
2019-06-28 15:50:10.000000000,BEST_BID,"JPM,99220,195"
2019-06-28 15:50:10.000000000,BEST_ASK,"JPM,99625,100"
2019-06-28 15:50:10.000000000,BEST_BID,"JPM,99220,195"
2019-06-28 15:50:10.000000000,BEST_ASK,"JPM,99625,100"
2019-06-28 15:50:10.000000000,BEST_BID,"JPM,99220,195"
2019-06-28 15:50:10.000000000,BEST_ASK,"JPM,99625,195"
2019-06-28 15:50:10.000000000,BEST_BID,"JPM,99220,195"
2019-06-28 15:50:10.000000000,BEST_ASK,"JPM,99625,195"
2019-06-28 15:50:10.000000000,BEST_BID,"JPM,99220,195"
2019-06-28 15:50:10.000000000,BEST_ASK,"JPM,99625,195"
2019-06-28 15:50:20.000000000,QUERY_SPREAD,1
2019-06-28 15:50:20.000000000,BEST_BID,"JPM,99220,170"
2019-06-28 15:50:20.000000000,BEST_ASK,"JPM,99625,100"
2019-06-28 15:50:20.000000000,BEST_BID,"JPM,99220,170"
2019-06-28 15:50:20.000000000,BEST_ASK,"JPM,99625,100"
2019-06-28 15:50:20.000000000,BEST_BID,"JPM,99220,170"
2019-06-28 15:50:20.000000000,BEST_ASK,"JPM,99625,100"
2019-06-28 15:50:20.000000000,BEST_BID,"JPM,99220,170"
2019-06-28 15:50:20.000000000,BEST_ASK,"JPM,99625,100"
2019-06-28 15:50:20.000000000,BEST_BID,"JPM,99220,170"
2019-06-28 15:50:20.000000000,BEST_ASK,"JPM,99625,170"
2019-06-28 15:50:20.000000000,BEST_BID,"JPM,99220,170"
2019-06-28 15:50:20.000000000,BEST_ASK,"JPM,99625,170"
2019-06-28 15:50:20.000000000,BEST_BID,"JPM,99220,170"
2019-06-28 15:50:20.000000000,BEST_ASK,"JPM,99625,170"
2019-06-28 15:50:20.000000000,BEST_BID,"JPM,99220,170"
2019-06-28 15:50:20.000000000,BEST_ASK,"JPM,99625,170"
2019-06-28 15:50:30.000000000,QUERY_SPREAD,1
2019-06-28 15:50:30.000000000,BEST_BID,"JPM,99220,170"
2019-06-28 15:50:30.000000000,BEST_ASK,"JPM,99625,100"
2019-06-28 15:50:30.000000000,BEST_BID,"JPM,99220,170"
2019-06-28 15:50:30.000000000,BEST_ASK,"JPM,99625,100"
2019-06-28 15:50:30.000000000,BEST_BID,"JPM,99220,170"
2019-06-28 15:50:30.000000000,BEST_ASK,"JPM,99625,100"
2019-06-28 15:50:30.000000000,BEST_BID,"JPM,99220,170"
2019-06-28 15:50:30.000000000,BEST_ASK,"JPM,99625,100"
2019-06-28 15:50:30.000000000,BEST_BID,"JPM,99220,170"
2019-06-28 15:50:30.000000000,BEST_ASK,"JPM,99625,170"
2019-06-28 15:50:30.000000000,BEST_BID,"JPM,99220,170"
2019-06-28 15:50:30.000000000,BEST_ASK,"JPM,99625,170"
2019-06-28 15:50:30.000000000,BEST_BID,"JPM,99220,170"
2019-06-28 15:50:30.000000000,BEST_ASK,"JPM,99625,170"
2019-06-28 15:50:30.000000000,BEST_BID,"JPM,99220,170"
2019-06-28 15:50:30.000000000,BEST_ASK,"JPM,99625,170"
2019-06-28 15:50:31.658342655,QUERY_ORDER_STREAM,59
2019-06-28 15:50:31.658342655,QUERY_SPREAD,59
2019-06-28 15:50:40.000000000,QUERY_SPREAD,1
2019-06-28 15:50:40.000000000,BEST_BID,"JPM,99220,170"
2019-06-28 15:50:40.000000000,BEST_ASK,"JPM,99625,100"
2019-06-28 15:50:40.000000000,BEST_BID,"JPM,99220,170"
2019-06-28 15:50:40.000000000,BEST_ASK,"JPM,99625,100"
2019-06-28 15:50:40.000000000,BEST_BID,"JPM,99220,170"
2019-06-28 15:50:40.000000000,BEST_ASK,"JPM,99625,100"
2019-06-28 15:50:40.000000000,BEST_BID,"JPM,99220,170"
2019-06-28 15:50:40.000000000,BEST_ASK,"JPM,99625,100"
2019-06-28 15:50:40.000000000,BEST_BID,"JPM,99220,170"
2019-06-28 15:50:40.000000000,BEST_ASK,"JPM,99625,170"
2019-06-28 15:50:40.000000000,BEST_BID,"JPM,99220,170"
2019-06-28 15:50:40.000000000,BEST_ASK,"JPM,99625,170"
2019-06-28 15:50:40.000000000,BEST_BID,"JPM,99220,170"
2019-06-28 15:50:40.000000000,BEST_ASK,"JPM,99625,170"
2019-06-28 15:50:40.000000000,BEST_BID,"JPM,99220,170"
2019-06-28 15:50:40.000000000,BEST_ASK,"JPM,99625,170"
2019-06-28 15:50:40.903194399,QUERY_SPREAD,30
2019-06-28 15:50:40.903194399,BEST_BID,"JPM,99394,100"
2019-06-28 15:50:40.903194399,BEST_ASK,"JPM,99625,170"
2019-06-28 15:50:50.000000000,QUERY_SPREAD,1
2019-06-28 15:50:50.000000000,BEST_BID,"JPM,99394,156"
2019-06-28 15:50:50.000000000,BEST_ASK,"JPM,99625,100"
2019-06-28 15:50:50.000000000,BEST_BID,"JPM,99394,156"
2019-06-28 15:50:50.000000000,BEST_ASK,"JPM,99625,100"
2019-06-28 15:50:50.000000000,BEST_BID,"JPM,99394,156"
2019-06-28 15:50:50.000000000,BEST_ASK,"JPM,99625,100"
2019-06-28 15:50:50.000000000,BEST_BID,"JPM,99394,156"
2019-06-28 15:50:50.000000000,BEST_ASK,"JPM,99625,100"
2019-06-28 15:50:50.000000000,BEST_BID,"JPM,99394,156"
2019-06-28 15:50:50.000000000,BEST_ASK,"JPM,99625,100"
2019-06-28 15:50:50.000000000,BEST_BID,"JPM,99394,156"
2019-06-28 15:50:50.000000000,BEST_ASK,"JPM,99625,156"
2019-06-28 15:50:50.000000000,BEST_BID,"JPM,99394,156"
2019-06-28 15:50:50.000000000,BEST_ASK,"JPM,99625,156"
2019-06-28 15:50:50.000000000,BEST_BID,"JPM,99394,156"
2019-06-28 15:50:50.000000000,BEST_ASK,"JPM,99625,156"
2019-06-28 15:50:50.000000000,BEST_BID,"JPM,99394,156"
2019-06-28 15:50:50.000000000,BEST_ASK,"JPM,99625,156"
2019-06-28 15:50:50.000000000,BEST_BID,"JPM,99394,156"
2019-06-28 15:50:50.000000000,BEST_ASK,"JPM,99625,156"
2019-06-28 15:51:00.000000000,QUERY_SPREAD,1
2019-06-28 15:51:00.000000000,BEST_BID,"JPM,99394,195"
2019-06-28 15:51:00.000000000,BEST_ASK,"JPM,99625,100"
2019-06-28 15:51:00.000000000,BEST_BID,"JPM,99394,195"
2019-06-28 15:51:00.000000000,BEST_ASK,"JPM,99625,100"
2019-06-28 15:51:00.000000000,BEST_BID,"JPM,99394,195"
2019-06-28 15:51:00.000000000,BEST_ASK,"JPM,99625,100"
2019-06-28 15:51:00.000000000,BEST_BID,"JPM,99394,195"
2019-06-28 15:51:00.000000000,BEST_ASK,"JPM,99625,195"
2019-06-28 15:51:00.000000000,BEST_BID,"JPM,99394,195"
2019-06-28 15:51:00.000000000,BEST_ASK,"JPM,99625,195"
2019-06-28 15:51:00.000000000,BEST_BID,"JPM,99394,195"
2019-06-28 15:51:00.000000000,BEST_ASK,"JPM,99625,195"
2019-06-28 15:51:00.000000000,QUERY_SPREAD,77
2019-06-28 15:51:00.000000000,BEST_BID,"JPM,99394,194"
2019-06-28 15:51:00.000000000,BEST_ASK,"JPM,99625,195"
2019-06-28 15:51:00.000000000,LAST_TRADE,"1,$99394.0000"
2019-06-28 15:51:00.000000000,QUERY_SPREAD,78
2019-06-28 15:51:00.000000000,BEST_BID,"JPM,99394,190"
2019-06-28 15:51:00.000000000,BEST_ASK,"JPM,99625,195"
2019-06-28 15:51:00.000000000,LAST_TRADE,"4,$99394.0000"
2019-06-28 15:51:00.000000000,QUERY_SPREAD,79
2019-06-28 15:51:00.000000000,BEST_BID,"JPM,99394,184"
2019-06-28 15:51:00.000000000,BEST_ASK,"JPM,99625,195"
2019-06-28 15:51:00.000000000,LAST_TRADE,"6,$99394.0000"
2019-06-28 15:51:00.000000000,QUERY_SPREAD,80
2019-06-28 15:51:00.000000000,BEST_BID,"JPM,99394,179"
2019-06-28 15:51:00.000000000,BEST_ASK,"JPM,99625,195"
2019-06-28 15:51:00.000000000,LAST_TRADE,"5,$99394.0000"
2019-06-28 15:51:00.000000000,QUERY_SPREAD,81
2019-06-28 15:51:00.000000000,BEST_BID,"JPM,99394,171"
2019-06-28 15:51:00.000000000,BEST_ASK,"JPM,99625,195"
2019-06-28 15:51:00.000000000,LAST_TRADE,"8,$99394.0000"
2019-06-28 15:51:00.000000000,QUERY_SPREAD,82
2019-06-28 15:51:00.000000000,BEST_BID,"JPM,99394,163"
2019-06-28 15:51:00.000000000,BEST_ASK,"JPM,99625,195"
2019-06-28 15:51:00.000000000,LAST_TRADE,"8,$99394.0000"
2019-06-28 15:51:00.000000000,QUERY_SPREAD,83
2019-06-28 15:51:00.000000000,BEST_BID,"JPM,99394,161"
2019-06-28 15:51:00.000000000,BEST_ASK,"JPM,99625,195"
2019-06-28 15:51:00.000000000,LAST_TRADE,"2,$99394.0000"
2019-06-28 15:51:00.000000000,QUERY_SPREAD,84
2019-06-28 15:51:00.000000000,BEST_BID,"JPM,99394,160"
2019-06-28 15:51:00.000000000,BEST_ASK,"JPM,99625,195"
2019-06-28 15:51:00.000000000,LAST_TRADE,"1,$99394.0000"
2019-06-28 15:51:00.000000000,QUERY_SPREAD,85
2019-06-28 15:51:00.000000000,BEST_BID,"JPM,99394,159"
2019-06-28 15:51:00.000000000,BEST_ASK,"JPM,99625,195"
2019-06-28 15:51:00.000000000,LAST_TRADE,"1,$99394.0000"
2019-06-28 15:51:00.000000000,QUERY_SPREAD,86
2019-06-28 15:51:00.000000000,BEST_BID,"JPM,99394,153"
2019-06-28 15:51:00.000000000,BEST_ASK,"JPM,99625,195"
2019-06-28 15:51:00.000000000,LAST_TRADE,"6,$99394.0000"
2019-06-28 15:51:00.000000000,QUERY_SPREAD,87
2019-06-28 15:51:00.000000000,BEST_BID,"JPM,99394,150"
2019-06-28 15:51:00.000000000,BEST_ASK,"JPM,99625,195"
2019-06-28 15:51:00.000000000,LAST_TRADE,"3,$99394.0000"
2019-06-28 15:51:00.000000000,QUERY_SPREAD,88
2019-06-28 15:51:00.000000000,BEST_BID,"JPM,99394,146"
2019-06-28 15:51:00.000000000,BEST_ASK,"JPM,99625,195"
2019-06-28 15:51:00.000000000,LAST_TRADE,"4,$99394.0000"
2019-06-28 15:51:00.000000000,QUERY_SPREAD,89
2019-06-28 15:51:00.000000000,BEST_BID,"JPM,99394,142"
2019-06-28 15:51:00.000000000,BEST_ASK,"JPM,99625,195"
2019-06-28 15:51:00.000000000,LAST_TRADE,"4,$99394.0000"
2019-06-28 15:51:00.000000000,QUERY_SPREAD,90
2019-06-28 15:51:00.000000000,BEST_BID,"JPM,99394,135"
2019-06-28 15:51:00.000000000,BEST_ASK,"JPM,99625,195"
2019-06-28 15:51:00.000000000,LAST_TRADE,"7,$99394.0000"
2019-06-28 15:51:00.000000000,QUERY_SPREAD,91
2019-06-28 15:51:00.000000000,BEST_BID,"JPM,99394,127"
2019-06-28 15:51:00.000000000,BEST_ASK,"JPM,99625,195"
2019-06-28 15:51:00.000000000,LAST_TRADE,"8,$99394.0000"
2019-06-28 15:51:00.000000000,QUERY_SPREAD,92
2019-06-28 15:51:00.000000000,BEST_BID,"JPM,99394,122"
2019-06-28 15:51:00.000000000,BEST_ASK,"JPM,99625,195"
2019-06-28 15:51:00.000000000,LAST_TRADE,"5,$99394.0000"
2019-06-28 15:51:00.000000000,QUERY_SPREAD,93
2019-06-28 15:51:00.000000000,BEST_BID,"JPM,99394,119"
2019-06-28 15:51:00.000000000,BEST_ASK,"JPM,99625,195"
2019-06-28 15:51:00.000000000,LAST_TRADE,"3,$99394.0000"
2019-06-28 15:51:00.000000000,QUERY_SPREAD,94
2019-06-28 15:51:00.000000000,BEST_BID,"JPM,99394,115"
2019-06-28 15:51:00.000000000,BEST_ASK,"JPM,99625,195"
2019-06-28 15:51:00.000000000,LAST_TRADE,"4,$99394.0000"
2019-06-28 15:51:00.000000000,QUERY_SPREAD,95
2019-06-28 15:51:00.000000000,BEST_BID,"JPM,99394,110"
2019-06-28 15:51:00.000000000,BEST_ASK,"JPM,99625,195"
2019-06-28 15:51:00.000000000,LAST_TRADE,"5,$99394.0000"
2019-06-28 15:51:00.000000000,QUERY_SPREAD,96
2019-06-28 15:51:00.000000000,BEST_BID,"JPM,99394,109"
2019-06-28 15:51:00.000000000,BEST_ASK,"JPM,99625,195"
2019-06-28 15:51:00.000000000,LAST_TRADE,"1,$99394.0000"
2019-06-28 15:51:00.000000000,QUERY_SPREAD,97
2019-06-28 15:51:00.000000000,BEST_BID,"JPM,99394,102"
2019-06-28 15:51:00.000000000,BEST_ASK,"JPM,99625,195"
2019-06-28 15:51:00.000000000,LAST_TRADE,"7,$99394.0000"
2019-06-28 15:51:00.000000000,QUERY_SPREAD,98
2019-06-28 15:51:00.000000000,BEST_BID,"JPM,99394,96"
2019-06-28 15:51:00.000000000,BEST_ASK,"JPM,99625,195"
2019-06-28 15:51:00.000000000,LAST_TRADE,"6,$99394.0000"
2019-06-28 15:51:00.000000000,QUERY_SPREAD,99
2019-06-28 15:51:00.000000000,BEST_BID,"JPM,99394,91"
2019-06-28 15:51:00.000000000,BEST_ASK,"JPM,99625,195"
2019-06-28 15:51:00.000000000,LAST_TRADE,"5,$99394.0000"
2019-06-28 15:51:00.000000000,QUERY_SPREAD,100
2019-06-28 15:51:00.000000000,BEST_BID,"JPM,99394,84"
2019-06-28 15:51:00.000000000,BEST_ASK,"JPM,99625,195"
2019-06-28 15:51:00.000000000,LAST_TRADE,"7,$99394.0000"
2019-06-28 15:51:00.000000000,QUERY_SPREAD,101
2019-06-28 15:51:00.000000000,QUERY_ORDER_STREAM,101
2019-06-28 15:51:10.000000000,QUERY_SPREAD,1
2019-06-28 15:51:10.000000000,BEST_BID,"JPM,99220,170"
2019-06-28 15:51:10.000000000,BEST_ASK,"JPM,99625,100"
2019-06-28 15:51:10.000000000,BEST_BID,"JPM,99220,170"
2019-06-28 15:51:10.000000000,BEST_ASK,"JPM,99625,100"
2019-06-28 15:51:10.000000000,BEST_BID,"JPM,99220,170"
2019-06-28 15:51:10.000000000,BEST_ASK,"JPM,99625,100"
2019-06-28 15:51:10.000000000,BEST_BID,"JPM,99220,170"
2019-06-28 15:51:10.000000000,BEST_ASK,"JPM,99625,100"
2019-06-28 15:51:10.000000000,BEST_BID,"JPM,99220,170"
2019-06-28 15:51:10.000000000,BEST_ASK,"JPM,99625,170"
2019-06-28 15:51:10.000000000,BEST_BID,"JPM,99220,170"
2019-06-28 15:51:10.000000000,BEST_ASK,"JPM,99625,170"
2019-06-28 15:51:10.000000000,BEST_BID,"JPM,99220,170"
2019-06-28 15:51:10.000000000,BEST_ASK,"JPM,99625,170"
2019-06-28 15:51:10.000000000,BEST_BID,"JPM,99220,170"
2019-06-28 15:51:10.000000000,BEST_ASK,"JPM,99625,170"
2019-06-28 15:51:20.000000000,QUERY_SPREAD,1
2019-06-28 15:51:20.000000000,BEST_BID,"JPM,99220,195"
2019-06-28 15:51:20.000000000,BEST_ASK,"JPM,99625,100"
2019-06-28 15:51:20.000000000,BEST_BID,"JPM,99220,195"
2019-06-28 15:51:20.000000000,BEST_ASK,"JPM,99625,100"
2019-06-28 15:51:20.000000000,BEST_BID,"JPM,99220,195"
2019-06-28 15:51:20.000000000,BEST_ASK,"JPM,99625,100"
2019-06-28 15:51:20.000000000,BEST_BID,"JPM,99220,195"
2019-06-28 15:51:20.000000000,BEST_ASK,"JPM,99625,195"
2019-06-28 15:51:20.000000000,BEST_BID,"JPM,99220,195"
2019-06-28 15:51:20.000000000,BEST_ASK,"JPM,99625,195"
2019-06-28 15:51:20.000000000,BEST_BID,"JPM,99220,195"
2019-06-28 15:51:20.000000000,BEST_ASK,"JPM,99625,195"
2019-06-28 15:51:20.211988794,QUERY_SPREAD,27
2019-06-28 15:51:20.211988794,BEST_BID,"JPM,99550,100"
2019-06-28 15:51:20.211988794,BEST_ASK,"JPM,99625,195"
2019-06-28 15:51:24.963384226,QUERY_SPREAD,5
2019-06-28 15:51:24.963384226,BEST_BID,"JPM,99550,100"
2019-06-28 15:51:24.963384226,BEST_ASK,"JPM,99625,195"
2019-06-28 15:51:30.000000000,QUERY_SPREAD,1
2019-06-28 15:51:30.000000000,BEST_BID,"JPM,99550,380"
2019-06-28 15:51:30.000000000,BEST_ASK,"JPM,99625,100"
2019-06-28 15:51:30.000000000,BEST_BID,"JPM,99550,380"
2019-06-28 15:51:30.000000000,BEST_ASK,"JPM,99625,380"
2019-06-28 15:51:36.703066837,QUERY_ORDER_STREAM,56
2019-06-28 15:51:36.703066837,QUERY_SPREAD,56
2019-06-28 15:51:36.703066837,BEST_BID,"JPM,99550,380"
2019-06-28 15:51:36.703066837,BEST_ASK,"JPM,99625,380"
2019-06-28 15:51:40.000000000,QUERY_SPREAD,1
2019-06-28 15:51:40.000000000,BEST_BID,"JPM,99550,156"
2019-06-28 15:51:40.000000000,BEST_ASK,"JPM,99625,100"
2019-06-28 15:51:40.000000000,BEST_BID,"JPM,99550,156"
2019-06-28 15:51:40.000000000,BEST_ASK,"JPM,99625,100"
2019-06-28 15:51:40.000000000,BEST_BID,"JPM,99550,156"
2019-06-28 15:51:40.000000000,BEST_ASK,"JPM,99625,100"
2019-06-28 15:51:40.000000000,BEST_BID,"JPM,99550,156"
2019-06-28 15:51:40.000000000,BEST_ASK,"JPM,99625,100"
2019-06-28 15:51:40.000000000,BEST_BID,"JPM,99550,156"
2019-06-28 15:51:40.000000000,BEST_ASK,"JPM,99625,100"
2019-06-28 15:51:40.000000000,BEST_BID,"JPM,99550,156"
2019-06-28 15:51:40.000000000,BEST_ASK,"JPM,99625,156"
2019-06-28 15:51:40.000000000,BEST_BID,"JPM,99550,156"
2019-06-28 15:51:40.000000000,BEST_ASK,"JPM,99625,156"
2019-06-28 15:51:40.000000000,BEST_BID,"JPM,99550,156"
2019-06-28 15:51:40.000000000,BEST_ASK,"JPM,99625,156"
2019-06-28 15:51:40.000000000,BEST_BID,"JPM,99550,156"
2019-06-28 15:51:40.000000000,BEST_ASK,"JPM,99625,156"
2019-06-28 15:51:40.000000000,BEST_BID,"JPM,99550,156"
2019-06-28 15:51:40.000000000,BEST_ASK,"JPM,99625,156"
2019-06-28 15:51:50.000000000,QUERY_SPREAD,1
2019-06-28 15:51:50.000000000,BEST_BID,"JPM,99550,240"
2019-06-28 15:51:50.000000000,BEST_ASK,"JPM,99625,100"
2019-06-28 15:51:50.000000000,BEST_BID,"JPM,99550,240"
2019-06-28 15:51:50.000000000,BEST_ASK,"JPM,99625,100"
2019-06-28 15:51:50.000000000,BEST_BID,"JPM,99550,240"
2019-06-28 15:51:50.000000000,BEST_ASK,"JPM,99625,240"
2019-06-28 15:51:50.000000000,BEST_BID,"JPM,99550,240"
2019-06-28 15:51:50.000000000,BEST_ASK,"JPM,99625,240"
2019-06-28 15:51:55.844453188,QUERY_SPREAD,30
2019-06-28 15:51:55.844453188,BEST_BID,"JPM,99550,240"
2019-06-28 15:51:55.844453188,BEST_ASK,"JPM,99625,140"
2019-06-28 15:51:55.844453188,LAST_TRADE,"100,$99625.0000"
2019-06-28 15:52:00.000000000,QUERY_SPREAD,1
2019-06-28 15:52:00.000000000,BEST_BID,"JPM,99550,156"
2019-06-28 15:52:00.000000000,BEST_ASK,"JPM,99651,100"
2019-06-28 15:52:00.000000000,BEST_BID,"JPM,99550,156"
2019-06-28 15:52:00.000000000,BEST_ASK,"JPM,99651,100"
2019-06-28 15:52:00.000000000,BEST_BID,"JPM,99550,156"
2019-06-28 15:52:00.000000000,BEST_ASK,"JPM,99651,100"
2019-06-28 15:52:00.000000000,BEST_BID,"JPM,99550,156"
2019-06-28 15:52:00.000000000,BEST_ASK,"JPM,99651,100"
2019-06-28 15:52:00.000000000,BEST_BID,"JPM,99550,156"
2019-06-28 15:52:00.000000000,BEST_ASK,"JPM,99651,100"
2019-06-28 15:52:00.000000000,BEST_BID,"JPM,99550,156"
2019-06-28 15:52:00.000000000,BEST_ASK,"JPM,99651,156"
2019-06-28 15:52:00.000000000,BEST_BID,"JPM,99550,156"
2019-06-28 15:52:00.000000000,BEST_ASK,"JPM,99651,156"
2019-06-28 15:52:00.000000000,BEST_BID,"JPM,99550,156"
2019-06-28 15:52:00.000000000,BEST_ASK,"JPM,99651,156"
2019-06-28 15:52:00.000000000,BEST_BID,"JPM,99550,156"
2019-06-28 15:52:00.000000000,BEST_ASK,"JPM,99651,156"
2019-06-28 15:52:00.000000000,BEST_BID,"JPM,99550,156"
2019-06-28 15:52:00.000000000,BEST_ASK,"JPM,99651,156"
2019-06-28 15:52:00.000000000,QUERY_SPREAD,77
2019-06-28 15:52:00.000000000,BEST_BID,"JPM,99550,155"
2019-06-28 15:52:00.000000000,BEST_ASK,"JPM,99651,156"
2019-06-28 15:52:00.000000000,LAST_TRADE,"1,$99550.0000"
2019-06-28 15:52:00.000000000,QUERY_SPREAD,78
2019-06-28 15:52:00.000000000,BEST_BID,"JPM,99550,151"
2019-06-28 15:52:00.000000000,BEST_ASK,"JPM,99651,156"
2019-06-28 15:52:00.000000000,LAST_TRADE,"4,$99550.0000"
2019-06-28 15:52:00.000000000,QUERY_SPREAD,79
2019-06-28 15:52:00.000000000,BEST_BID,"JPM,99550,145"
2019-06-28 15:52:00.000000000,BEST_ASK,"JPM,99651,156"
2019-06-28 15:52:00.000000000,LAST_TRADE,"6,$99550.0000"
2019-06-28 15:52:00.000000000,QUERY_SPREAD,80
2019-06-28 15:52:00.000000000,BEST_BID,"JPM,99550,140"
2019-06-28 15:52:00.000000000,BEST_ASK,"JPM,99651,156"
2019-06-28 15:52:00.000000000,LAST_TRADE,"5,$99550.0000"
2019-06-28 15:52:00.000000000,QUERY_SPREAD,81
2019-06-28 15:52:00.000000000,BEST_BID,"JPM,99550,132"
2019-06-28 15:52:00.000000000,BEST_ASK,"JPM,99651,156"
2019-06-28 15:52:00.000000000,LAST_TRADE,"8,$99550.0000"
2019-06-28 15:52:00.000000000,QUERY_SPREAD,82
2019-06-28 15:52:00.000000000,BEST_BID,"JPM,99550,124"
2019-06-28 15:52:00.000000000,BEST_ASK,"JPM,99651,156"
2019-06-28 15:52:00.000000000,LAST_TRADE,"8,$99550.0000"
2019-06-28 15:52:00.000000000,QUERY_SPREAD,83
2019-06-28 15:52:00.000000000,BEST_BID,"JPM,99550,122"
2019-06-28 15:52:00.000000000,BEST_ASK,"JPM,99651,156"
2019-06-28 15:52:00.000000000,LAST_TRADE,"2,$99550.0000"
2019-06-28 15:52:00.000000000,QUERY_SPREAD,84
2019-06-28 15:52:00.000000000,BEST_BID,"JPM,99550,121"
2019-06-28 15:52:00.000000000,BEST_ASK,"JPM,99651,156"
2019-06-28 15:52:00.000000000,LAST_TRADE,"1,$99550.0000"
2019-06-28 15:52:00.000000000,QUERY_SPREAD,85
2019-06-28 15:52:00.000000000,BEST_BID,"JPM,99550,120"
2019-06-28 15:52:00.000000000,BEST_ASK,"JPM,99651,156"
2019-06-28 15:52:00.000000000,LAST_TRADE,"1,$99550.0000"
2019-06-28 15:52:00.000000000,QUERY_SPREAD,86
2019-06-28 15:52:00.000000000,BEST_BID,"JPM,99550,114"
2019-06-28 15:52:00.000000000,BEST_ASK,"JPM,99651,156"
2019-06-28 15:52:00.000000000,LAST_TRADE,"6,$99550.0000"
2019-06-28 15:52:00.000000000,QUERY_SPREAD,87
2019-06-28 15:52:00.000000000,BEST_BID,"JPM,99550,111"
2019-06-28 15:52:00.000000000,BEST_ASK,"JPM,99651,156"
2019-06-28 15:52:00.000000000,LAST_TRADE,"3,$99550.0000"
2019-06-28 15:52:00.000000000,QUERY_SPREAD,88
2019-06-28 15:52:00.000000000,BEST_BID,"JPM,99550,107"
2019-06-28 15:52:00.000000000,BEST_ASK,"JPM,99651,156"
2019-06-28 15:52:00.000000000,LAST_TRADE,"4,$99550.0000"
2019-06-28 15:52:00.000000000,QUERY_SPREAD,89
2019-06-28 15:52:00.000000000,BEST_BID,"JPM,99550,103"
2019-06-28 15:52:00.000000000,BEST_ASK,"JPM,99651,156"
2019-06-28 15:52:00.000000000,LAST_TRADE,"4,$99550.0000"
2019-06-28 15:52:00.000000000,QUERY_SPREAD,90
2019-06-28 15:52:00.000000000,BEST_BID,"JPM,99550,96"
2019-06-28 15:52:00.000000000,BEST_ASK,"JPM,99651,156"
2019-06-28 15:52:00.000000000,LAST_TRADE,"7,$99550.0000"
2019-06-28 15:52:00.000000000,QUERY_SPREAD,91
2019-06-28 15:52:00.000000000,BEST_BID,"JPM,99550,88"
2019-06-28 15:52:00.000000000,BEST_ASK,"JPM,99651,156"
2019-06-28 15:52:00.000000000,LAST_TRADE,"8,$99550.0000"
2019-06-28 15:52:00.000000000,QUERY_SPREAD,92
2019-06-28 15:52:00.000000000,BEST_BID,"JPM,99550,83"
2019-06-28 15:52:00.000000000,BEST_ASK,"JPM,99651,156"
2019-06-28 15:52:00.000000000,LAST_TRADE,"5,$99550.0000"
2019-06-28 15:52:00.000000000,QUERY_SPREAD,93
2019-06-28 15:52:00.000000000,BEST_BID,"JPM,99550,80"
2019-06-28 15:52:00.000000000,BEST_ASK,"JPM,99651,156"
2019-06-28 15:52:00.000000000,LAST_TRADE,"3,$99550.0000"
2019-06-28 15:52:00.000000000,QUERY_SPREAD,94
2019-06-28 15:52:00.000000000,BEST_BID,"JPM,99550,76"
2019-06-28 15:52:00.000000000,BEST_ASK,"JPM,99651,156"
2019-06-28 15:52:00.000000000,LAST_TRADE,"4,$99550.0000"
2019-06-28 15:52:00.000000000,QUERY_SPREAD,95
2019-06-28 15:52:00.000000000,BEST_BID,"JPM,99550,71"
2019-06-28 15:52:00.000000000,BEST_ASK,"JPM,99651,156"
2019-06-28 15:52:00.000000000,LAST_TRADE,"5,$99550.0000"
2019-06-28 15:52:00.000000000,QUERY_SPREAD,96
2019-06-28 15:52:00.000000000,BEST_BID,"JPM,99550,70"
2019-06-28 15:52:00.000000000,BEST_ASK,"JPM,99651,156"
2019-06-28 15:52:00.000000000,LAST_TRADE,"1,$99550.0000"
2019-06-28 15:52:00.000000000,QUERY_SPREAD,97
2019-06-28 15:52:00.000000000,BEST_BID,"JPM,99550,63"
2019-06-28 15:52:00.000000000,BEST_ASK,"JPM,99651,156"
2019-06-28 15:52:00.000000000,LAST_TRADE,"7,$99550.0000"
2019-06-28 15:52:00.000000000,QUERY_SPREAD,98
2019-06-28 15:52:00.000000000,BEST_BID,"JPM,99550,57"
2019-06-28 15:52:00.000000000,BEST_ASK,"JPM,99651,156"
2019-06-28 15:52:00.000000000,LAST_TRADE,"6,$99550.0000"
2019-06-28 15:52:00.000000000,QUERY_SPREAD,99
2019-06-28 15:52:00.000000000,BEST_BID,"JPM,99550,52"
2019-06-28 15:52:00.000000000,BEST_ASK,"JPM,99651,156"
2019-06-28 15:52:00.000000000,LAST_TRADE,"5,$99550.0000"
2019-06-28 15:52:00.000000000,QUERY_SPREAD,100
2019-06-28 15:52:00.000000000,BEST_BID,"JPM,99550,45"
2019-06-28 15:52:00.000000000,BEST_ASK,"JPM,99651,156"
2019-06-28 15:52:00.000000000,LAST_TRADE,"7,$99550.0000"
2019-06-28 15:52:00.000000000,QUERY_SPREAD,101
2019-06-28 15:52:00.000000000,QUERY_ORDER_STREAM,101
2019-06-28 15:52:10.000000000,QUERY_SPREAD,1
2019-06-28 15:52:10.000000000,BEST_BID,"JPM,99452,170"
2019-06-28 15:52:10.000000000,BEST_ASK,"JPM,99651,100"
2019-06-28 15:52:10.000000000,BEST_BID,"JPM,99452,170"
2019-06-28 15:52:10.000000000,BEST_ASK,"JPM,99651,100"
2019-06-28 15:52:10.000000000,BEST_BID,"JPM,99452,170"
2019-06-28 15:52:10.000000000,BEST_ASK,"JPM,99651,100"
2019-06-28 15:52:10.000000000,BEST_BID,"JPM,99452,170"
2019-06-28 15:52:10.000000000,BEST_ASK,"JPM,99651,100"
2019-06-28 15:52:10.000000000,BEST_BID,"JPM,99452,170"
2019-06-28 15:52:10.000000000,BEST_ASK,"JPM,99651,170"
2019-06-28 15:52:10.000000000,BEST_BID,"JPM,99452,170"
2019-06-28 15:52:10.000000000,BEST_ASK,"JPM,99651,170"
2019-06-28 15:52:10.000000000,BEST_BID,"JPM,99452,170"
2019-06-28 15:52:10.000000000,BEST_ASK,"JPM,99651,170"
2019-06-28 15:52:10.000000000,BEST_BID,"JPM,99452,170"
2019-06-28 15:52:10.000000000,BEST_ASK,"JPM,99651,170"
2019-06-28 15:52:13.411285314,QUERY_SPREAD,15
2019-06-28 15:52:13.411285314,BEST_BID,"JPM,99452,170"
2019-06-28 15:52:13.411285314,BEST_ASK,"JPM,99651,170"
2019-06-28 15:52:17.229046302,QUERY_SPREAD,11
2019-06-28 15:52:17.229046302,BEST_BID,"JPM,99452,170"
2019-06-28 15:52:17.229046302,BEST_ASK,"JPM,99651,170"
2019-06-28 15:52:20.000000000,QUERY_SPREAD,1
2019-06-28 15:52:20.000000000,BEST_BID,"JPM,99452,380"
2019-06-28 15:52:20.000000000,BEST_ASK,"JPM,99651,100"
2019-06-28 15:52:20.000000000,BEST_BID,"JPM,99452,380"
2019-06-28 15:52:20.000000000,BEST_ASK,"JPM,99651,380"
2019-06-28 15:52:30.000000000,QUERY_SPREAD,1
2019-06-28 15:52:30.000000000,BEST_BID,"JPM,99452,170"
2019-06-28 15:52:30.000000000,BEST_ASK,"JPM,99651,100"
2019-06-28 15:52:30.000000000,BEST_BID,"JPM,99452,170"
2019-06-28 15:52:30.000000000,BEST_ASK,"JPM,99651,100"
2019-06-28 15:52:30.000000000,BEST_BID,"JPM,99452,170"
2019-06-28 15:52:30.000000000,BEST_ASK,"JPM,99651,100"
2019-06-28 15:52:30.000000000,BEST_BID,"JPM,99452,170"
2019-06-28 15:52:30.000000000,BEST_ASK,"JPM,99651,100"
2019-06-28 15:52:30.000000000,BEST_BID,"JPM,99452,170"
2019-06-28 15:52:30.000000000,BEST_ASK,"JPM,99651,170"
2019-06-28 15:52:30.000000000,BEST_BID,"JPM,99452,170"
2019-06-28 15:52:30.000000000,BEST_ASK,"JPM,99651,170"
2019-06-28 15:52:30.000000000,BEST_BID,"JPM,99452,170"
2019-06-28 15:52:30.000000000,BEST_ASK,"JPM,99651,170"
2019-06-28 15:52:30.000000000,BEST_BID,"JPM,99452,170"
2019-06-28 15:52:30.000000000,BEST_ASK,"JPM,99651,170"
2019-06-28 15:52:40.000000000,QUERY_SPREAD,1
2019-06-28 15:52:40.000000000,BEST_BID,"JPM,99452,170"
2019-06-28 15:52:40.000000000,BEST_ASK,"JPM,99651,100"
2019-06-28 15:52:40.000000000,BEST_BID,"JPM,99452,170"
2019-06-28 15:52:40.000000000,BEST_ASK,"JPM,99651,100"
2019-06-28 15:52:40.000000000,BEST_BID,"JPM,99452,170"
2019-06-28 15:52:40.000000000,BEST_ASK,"JPM,99651,100"
2019-06-28 15:52:40.000000000,BEST_BID,"JPM,99452,170"
2019-06-28 15:52:40.000000000,BEST_ASK,"JPM,99651,100"
2019-06-28 15:52:40.000000000,BEST_BID,"JPM,99452,170"
2019-06-28 15:52:40.000000000,BEST_ASK,"JPM,99651,170"
2019-06-28 15:52:40.000000000,BEST_BID,"JPM,99452,170"
2019-06-28 15:52:40.000000000,BEST_ASK,"JPM,99651,170"
2019-06-28 15:52:40.000000000,BEST_BID,"JPM,99452,170"
2019-06-28 15:52:40.000000000,BEST_ASK,"JPM,99651,170"
2019-06-28 15:52:40.000000000,BEST_BID,"JPM,99452,170"
2019-06-28 15:52:40.000000000,BEST_ASK,"JPM,99651,170"
2019-06-28 15:52:46.047244339,QUERY_ORDER_STREAM,53
2019-06-28 15:52:46.047244339,QUERY_SPREAD,53
2019-06-28 15:52:46.047244339,BEST_BID,"JPM,99452,170"
2019-06-28 15:52:46.047244339,BEST_ASK,"JPM,99550,100"
2019-06-28 15:52:50.000000000,QUERY_SPREAD,1
2019-06-28 15:52:50.000000000,BEST_BID,"JPM,99452,156"
2019-06-28 15:52:50.000000000,BEST_ASK,"JPM,99550,100"
2019-06-28 15:52:50.000000000,BEST_BID,"JPM,99452,156"
2019-06-28 15:52:50.000000000,BEST_ASK,"JPM,99550,100"
2019-06-28 15:52:50.000000000,BEST_BID,"JPM,99452,156"
2019-06-28 15:52:50.000000000,BEST_ASK,"JPM,99550,100"
2019-06-28 15:52:50.000000000,BEST_BID,"JPM,99452,156"
2019-06-28 15:52:50.000000000,BEST_ASK,"JPM,99550,100"
2019-06-28 15:52:50.000000000,BEST_BID,"JPM,99452,156"
2019-06-28 15:52:50.000000000,BEST_ASK,"JPM,99550,100"
2019-06-28 15:52:50.000000000,BEST_BID,"JPM,99452,156"
2019-06-28 15:52:50.000000000,BEST_ASK,"JPM,99550,156"
2019-06-28 15:52:50.000000000,BEST_BID,"JPM,99452,156"
2019-06-28 15:52:50.000000000,BEST_ASK,"JPM,99550,156"
2019-06-28 15:52:50.000000000,BEST_BID,"JPM,99452,156"
2019-06-28 15:52:50.000000000,BEST_ASK,"JPM,99550,156"
2019-06-28 15:52:50.000000000,BEST_BID,"JPM,99452,156"
2019-06-28 15:52:50.000000000,BEST_ASK,"JPM,99550,156"
2019-06-28 15:52:50.000000000,BEST_BID,"JPM,99452,156"
2019-06-28 15:52:50.000000000,BEST_ASK,"JPM,99550,156"
2019-06-28 15:53:00.000000000,QUERY_SPREAD,1
2019-06-28 15:53:00.000000000,BEST_BID,"JPM,99452,156"
2019-06-28 15:53:00.000000000,BEST_ASK,"JPM,99550,100"
2019-06-28 15:53:00.000000000,BEST_BID,"JPM,99452,156"
2019-06-28 15:53:00.000000000,BEST_ASK,"JPM,99550,100"
2019-06-28 15:53:00.000000000,BEST_BID,"JPM,99452,156"
2019-06-28 15:53:00.000000000,BEST_ASK,"JPM,99550,100"
2019-06-28 15:53:00.000000000,BEST_BID,"JPM,99452,156"
2019-06-28 15:53:00.000000000,BEST_ASK,"JPM,99550,100"
2019-06-28 15:53:00.000000000,BEST_BID,"JPM,99452,156"
2019-06-28 15:53:00.000000000,BEST_ASK,"JPM,99550,100"
2019-06-28 15:53:00.000000000,BEST_BID,"JPM,99452,156"
2019-06-28 15:53:00.000000000,BEST_ASK,"JPM,99550,156"
2019-06-28 15:53:00.000000000,BEST_BID,"JPM,99452,156"
2019-06-28 15:53:00.000000000,BEST_ASK,"JPM,99550,156"
2019-06-28 15:53:00.000000000,BEST_BID,"JPM,99452,156"
2019-06-28 15:53:00.000000000,BEST_ASK,"JPM,99550,156"
2019-06-28 15:53:00.000000000,BEST_BID,"JPM,99452,156"
2019-06-28 15:53:00.000000000,BEST_ASK,"JPM,99550,156"
2019-06-28 15:53:00.000000000,BEST_BID,"JPM,99452,156"
2019-06-28 15:53:00.000000000,BEST_ASK,"JPM,99550,156"
2019-06-28 15:53:00.000000000,QUERY_SPREAD,77
2019-06-28 15:53:00.000000000,BEST_BID,"JPM,99452,155"
2019-06-28 15:53:00.000000000,BEST_ASK,"JPM,99550,156"
2019-06-28 15:53:00.000000000,LAST_TRADE,"1,$99452.0000"
2019-06-28 15:53:00.000000000,QUERY_SPREAD,78
2019-06-28 15:53:00.000000000,BEST_BID,"JPM,99452,151"
2019-06-28 15:53:00.000000000,BEST_ASK,"JPM,99550,156"
2019-06-28 15:53:00.000000000,LAST_TRADE,"4,$99452.0000"
2019-06-28 15:53:00.000000000,QUERY_SPREAD,79
2019-06-28 15:53:00.000000000,BEST_BID,"JPM,99452,145"
2019-06-28 15:53:00.000000000,BEST_ASK,"JPM,99550,156"
2019-06-28 15:53:00.000000000,LAST_TRADE,"6,$99452.0000"
2019-06-28 15:53:00.000000000,QUERY_SPREAD,80
2019-06-28 15:53:00.000000000,BEST_BID,"JPM,99452,140"
2019-06-28 15:53:00.000000000,BEST_ASK,"JPM,99550,156"
2019-06-28 15:53:00.000000000,LAST_TRADE,"5,$99452.0000"
2019-06-28 15:53:00.000000000,QUERY_SPREAD,81
2019-06-28 15:53:00.000000000,BEST_BID,"JPM,99452,132"
2019-06-28 15:53:00.000000000,BEST_ASK,"JPM,99550,156"
2019-06-28 15:53:00.000000000,LAST_TRADE,"8,$99452.0000"
2019-06-28 15:53:00.000000000,QUERY_SPREAD,82
2019-06-28 15:53:00.000000000,BEST_BID,"JPM,99452,124"
2019-06-28 15:53:00.000000000,BEST_ASK,"JPM,99550,156"
2019-06-28 15:53:00.000000000,LAST_TRADE,"8,$99452.0000"
2019-06-28 15:53:00.000000000,QUERY_SPREAD,83
2019-06-28 15:53:00.000000000,BEST_BID,"JPM,99452,122"
2019-06-28 15:53:00.000000000,BEST_ASK,"JPM,99550,156"
2019-06-28 15:53:00.000000000,LAST_TRADE,"2,$99452.0000"
2019-06-28 15:53:00.000000000,QUERY_SPREAD,84
2019-06-28 15:53:00.000000000,BEST_BID,"JPM,99452,121"
2019-06-28 15:53:00.000000000,BEST_ASK,"JPM,99550,156"
2019-06-28 15:53:00.000000000,LAST_TRADE,"1,$99452.0000"
2019-06-28 15:53:00.000000000,QUERY_SPREAD,85
2019-06-28 15:53:00.000000000,BEST_BID,"JPM,99452,120"
2019-06-28 15:53:00.000000000,BEST_ASK,"JPM,99550,156"
2019-06-28 15:53:00.000000000,LAST_TRADE,"1,$99452.0000"
2019-06-28 15:53:00.000000000,QUERY_SPREAD,86
2019-06-28 15:53:00.000000000,BEST_BID,"JPM,99452,114"
2019-06-28 15:53:00.000000000,BEST_ASK,"JPM,99550,156"
2019-06-28 15:53:00.000000000,LAST_TRADE,"6,$99452.0000"
2019-06-28 15:53:00.000000000,QUERY_SPREAD,87
2019-06-28 15:53:00.000000000,BEST_BID,"JPM,99452,111"
2019-06-28 15:53:00.000000000,BEST_ASK,"JPM,99550,156"
2019-06-28 15:53:00.000000000,LAST_TRADE,"3,$99452.0000"
2019-06-28 15:53:00.000000000,QUERY_SPREAD,88
2019-06-28 15:53:00.000000000,BEST_BID,"JPM,99452,107"
2019-06-28 15:53:00.000000000,BEST_ASK,"JPM,99550,156"
2019-06-28 15:53:00.000000000,LAST_TRADE,"4,$99452.0000"
2019-06-28 15:53:00.000000000,QUERY_SPREAD,89
2019-06-28 15:53:00.000000000,BEST_BID,"JPM,99452,103"
2019-06-28 15:53:00.000000000,BEST_ASK,"JPM,99550,156"
2019-06-28 15:53:00.000000000,LAST_TRADE,"4,$99452.0000"
2019-06-28 15:53:00.000000000,QUERY_SPREAD,90
2019-06-28 15:53:00.000000000,BEST_BID,"JPM,99452,96"
2019-06-28 15:53:00.000000000,BEST_ASK,"JPM,99550,156"
2019-06-28 15:53:00.000000000,LAST_TRADE,"7,$99452.0000"
2019-06-28 15:53:00.000000000,QUERY_SPREAD,91
2019-06-28 15:53:00.000000000,BEST_BID,"JPM,99452,88"
2019-06-28 15:53:00.000000000,BEST_ASK,"JPM,99550,156"
2019-06-28 15:53:00.000000000,LAST_TRADE,"8,$99452.0000"
2019-06-28 15:53:00.000000000,QUERY_SPREAD,92
2019-06-28 15:53:00.000000000,BEST_BID,"JPM,99452,83"
2019-06-28 15:53:00.000000000,BEST_ASK,"JPM,99550,156"
2019-06-28 15:53:00.000000000,LAST_TRADE,"5,$99452.0000"
2019-06-28 15:53:00.000000000,QUERY_SPREAD,93
2019-06-28 15:53:00.000000000,BEST_BID,"JPM,99452,80"
2019-06-28 15:53:00.000000000,BEST_ASK,"JPM,99550,156"
2019-06-28 15:53:00.000000000,LAST_TRADE,"3,$99452.0000"
2019-06-28 15:53:00.000000000,QUERY_SPREAD,94
2019-06-28 15:53:00.000000000,BEST_BID,"JPM,99452,76"
2019-06-28 15:53:00.000000000,BEST_ASK,"JPM,99550,156"
2019-06-28 15:53:00.000000000,LAST_TRADE,"4,$99452.0000"
2019-06-28 15:53:00.000000000,QUERY_SPREAD,95
2019-06-28 15:53:00.000000000,BEST_BID,"JPM,99452,71"
2019-06-28 15:53:00.000000000,BEST_ASK,"JPM,99550,156"
2019-06-28 15:53:00.000000000,LAST_TRADE,"5,$99452.0000"
2019-06-28 15:53:00.000000000,QUERY_SPREAD,96
2019-06-28 15:53:00.000000000,BEST_BID,"JPM,99452,70"
2019-06-28 15:53:00.000000000,BEST_ASK,"JPM,99550,156"
2019-06-28 15:53:00.000000000,LAST_TRADE,"1,$99452.0000"
2019-06-28 15:53:00.000000000,QUERY_SPREAD,97
2019-06-28 15:53:00.000000000,BEST_BID,"JPM,99452,63"
2019-06-28 15:53:00.000000000,BEST_ASK,"JPM,99550,156"
2019-06-28 15:53:00.000000000,LAST_TRADE,"7,$99452.0000"
2019-06-28 15:53:00.000000000,QUERY_SPREAD,98
2019-06-28 15:53:00.000000000,BEST_BID,"JPM,99452,57"
2019-06-28 15:53:00.000000000,BEST_ASK,"JPM,99550,156"
2019-06-28 15:53:00.000000000,LAST_TRADE,"6,$99452.0000"
2019-06-28 15:53:00.000000000,QUERY_SPREAD,99
2019-06-28 15:53:00.000000000,BEST_BID,"JPM,99452,52"
2019-06-28 15:53:00.000000000,BEST_ASK,"JPM,99550,156"
2019-06-28 15:53:00.000000000,LAST_TRADE,"5,$99452.0000"
2019-06-28 15:53:00.000000000,QUERY_SPREAD,100
2019-06-28 15:53:00.000000000,BEST_BID,"JPM,99452,45"
2019-06-28 15:53:00.000000000,BEST_ASK,"JPM,99550,156"
2019-06-28 15:53:00.000000000,LAST_TRADE,"7,$99452.0000"
2019-06-28 15:53:00.000000000,QUERY_SPREAD,101
2019-06-28 15:53:00.000000000,QUERY_ORDER_STREAM,101
2019-06-28 15:53:01.370751682,QUERY_ORDER_STREAM,54
2019-06-28 15:53:01.370751682,QUERY_SPREAD,54
2019-06-28 15:53:01.370751682,BEST_BID,"JPM,99452,145"
2019-06-28 15:53:01.370751682,BEST_ASK,"JPM,99550,156"
2019-06-28 15:53:10.000000000,QUERY_SPREAD,1
2019-06-28 15:53:10.000000000,BEST_BID,"JPM,99452,156"
2019-06-28 15:53:10.000000000,BEST_ASK,"JPM,99550,100"
2019-06-28 15:53:10.000000000,BEST_BID,"JPM,99452,156"
2019-06-28 15:53:10.000000000,BEST_ASK,"JPM,99550,100"
2019-06-28 15:53:10.000000000,BEST_BID,"JPM,99452,156"
2019-06-28 15:53:10.000000000,BEST_ASK,"JPM,99550,100"
2019-06-28 15:53:10.000000000,BEST_BID,"JPM,99452,156"
2019-06-28 15:53:10.000000000,BEST_ASK,"JPM,99550,100"
2019-06-28 15:53:10.000000000,BEST_BID,"JPM,99452,156"
2019-06-28 15:53:10.000000000,BEST_ASK,"JPM,99550,100"
2019-06-28 15:53:10.000000000,BEST_BID,"JPM,99452,156"
2019-06-28 15:53:10.000000000,BEST_ASK,"JPM,99550,156"
2019-06-28 15:53:10.000000000,BEST_BID,"JPM,99452,156"
2019-06-28 15:53:10.000000000,BEST_ASK,"JPM,99550,156"
2019-06-28 15:53:10.000000000,BEST_BID,"JPM,99452,156"
2019-06-28 15:53:10.000000000,BEST_ASK,"JPM,99550,156"
2019-06-28 15:53:10.000000000,BEST_BID,"JPM,99452,156"
2019-06-28 15:53:10.000000000,BEST_ASK,"JPM,99550,156"
2019-06-28 15:53:10.000000000,BEST_BID,"JPM,99452,156"
2019-06-28 15:53:10.000000000,BEST_ASK,"JPM,99550,156"
2019-06-28 15:53:20.000000000,QUERY_SPREAD,1
2019-06-28 15:53:20.000000000,BEST_BID,"JPM,99452,170"
2019-06-28 15:53:20.000000000,BEST_ASK,"JPM,99550,100"
2019-06-28 15:53:20.000000000,BEST_BID,"JPM,99452,170"
2019-06-28 15:53:20.000000000,BEST_ASK,"JPM,99550,100"
2019-06-28 15:53:20.000000000,BEST_BID,"JPM,99452,170"
2019-06-28 15:53:20.000000000,BEST_ASK,"JPM,99550,100"
2019-06-28 15:53:20.000000000,BEST_BID,"JPM,99452,170"
2019-06-28 15:53:20.000000000,BEST_ASK,"JPM,99550,100"
2019-06-28 15:53:20.000000000,BEST_BID,"JPM,99452,170"
2019-06-28 15:53:20.000000000,BEST_ASK,"JPM,99550,170"
2019-06-28 15:53:20.000000000,BEST_BID,"JPM,99452,170"
2019-06-28 15:53:20.000000000,BEST_ASK,"JPM,99550,170"
2019-06-28 15:53:20.000000000,BEST_BID,"JPM,99452,170"
2019-06-28 15:53:20.000000000,BEST_ASK,"JPM,99550,170"
2019-06-28 15:53:20.000000000,BEST_BID,"JPM,99452,170"
2019-06-28 15:53:20.000000000,BEST_ASK,"JPM,99550,170"
2019-06-28 15:53:26.886783224,QUERY_ORDER_STREAM,61
2019-06-28 15:53:26.886783224,QUERY_SPREAD,61
2019-06-28 15:53:26.886783224,BEST_BID,"JPM,99452,70"
2019-06-28 15:53:26.886783224,BEST_ASK,"JPM,99550,170"
2019-06-28 15:53:26.886783224,LAST_TRADE,"100,$99452.0000"
2019-06-28 15:53:30.000000000,QUERY_SPREAD,1
2019-06-28 15:53:30.000000000,BEST_BID,"JPM,99394,380"
2019-06-28 15:53:30.000000000,BEST_ASK,"JPM,99550,100"
2019-06-28 15:53:30.000000000,BEST_BID,"JPM,99394,380"
2019-06-28 15:53:30.000000000,BEST_ASK,"JPM,99550,380"
2019-06-28 15:53:33.002718298,QUERY_SPREAD,36
2019-06-28 15:53:33.002718298,BEST_BID,"JPM,99486,100"
2019-06-28 15:53:33.002718298,BEST_ASK,"JPM,99550,380"
2019-06-28 15:53:40.000000000,QUERY_SPREAD,1
2019-06-28 15:53:40.000000000,BEST_BID,"JPM,99486,170"
2019-06-28 15:53:40.000000000,BEST_ASK,"JPM,99550,100"
2019-06-28 15:53:40.000000000,BEST_BID,"JPM,99486,170"
2019-06-28 15:53:40.000000000,BEST_ASK,"JPM,99550,100"
2019-06-28 15:53:40.000000000,BEST_BID,"JPM,99486,170"
2019-06-28 15:53:40.000000000,BEST_ASK,"JPM,99550,100"
2019-06-28 15:53:40.000000000,BEST_BID,"JPM,99486,170"
2019-06-28 15:53:40.000000000,BEST_ASK,"JPM,99550,100"
2019-06-28 15:53:40.000000000,BEST_BID,"JPM,99486,170"
2019-06-28 15:53:40.000000000,BEST_ASK,"JPM,99550,170"
2019-06-28 15:53:40.000000000,BEST_BID,"JPM,99486,170"
2019-06-28 15:53:40.000000000,BEST_ASK,"JPM,99550,170"
2019-06-28 15:53:40.000000000,BEST_BID,"JPM,99486,170"
2019-06-28 15:53:40.000000000,BEST_ASK,"JPM,99550,170"
2019-06-28 15:53:40.000000000,BEST_BID,"JPM,99486,170"
2019-06-28 15:53:40.000000000,BEST_ASK,"JPM,99550,170"
2019-06-28 15:53:44.618320380,QUERY_SPREAD,4
2019-06-28 15:53:44.618320380,BEST_BID,"JPM,99486,170"
2019-06-28 15:53:44.618320380,BEST_ASK,"JPM,99550,70"
2019-06-28 15:53:44.618320380,LAST_TRADE,"100,$99550.0000"
2019-06-28 15:53:50.000000000,QUERY_SPREAD,1
2019-06-28 15:53:50.000000000,BEST_BID,"JPM,99486,240"
2019-06-28 15:53:50.000000000,BEST_ASK,"JPM,99651,100"
2019-06-28 15:53:50.000000000,BEST_BID,"JPM,99486,240"
2019-06-28 15:53:50.000000000,BEST_ASK,"JPM,99651,100"
2019-06-28 15:53:50.000000000,BEST_BID,"JPM,99486,240"
2019-06-28 15:53:50.000000000,BEST_ASK,"JPM,99651,240"
2019-06-28 15:53:50.000000000,BEST_BID,"JPM,99486,240"
2019-06-28 15:53:50.000000000,BEST_ASK,"JPM,99651,240"
2019-06-28 15:54:00.000000000,QUERY_SPREAD,1
2019-06-28 15:54:00.000000000,BEST_BID,"JPM,99486,195"
2019-06-28 15:54:00.000000000,BEST_ASK,"JPM,99651,100"
2019-06-28 15:54:00.000000000,BEST_BID,"JPM,99486,195"
2019-06-28 15:54:00.000000000,BEST_ASK,"JPM,99651,100"
2019-06-28 15:54:00.000000000,BEST_BID,"JPM,99486,195"
2019-06-28 15:54:00.000000000,BEST_ASK,"JPM,99651,100"
2019-06-28 15:54:00.000000000,BEST_BID,"JPM,99486,195"
2019-06-28 15:54:00.000000000,BEST_ASK,"JPM,99651,195"
2019-06-28 15:54:00.000000000,BEST_BID,"JPM,99486,195"
2019-06-28 15:54:00.000000000,BEST_ASK,"JPM,99651,195"
2019-06-28 15:54:00.000000000,BEST_BID,"JPM,99486,195"
2019-06-28 15:54:00.000000000,BEST_ASK,"JPM,99651,195"
2019-06-28 15:54:00.000000000,QUERY_SPREAD,77
2019-06-28 15:54:00.000000000,BEST_BID,"JPM,99486,194"
2019-06-28 15:54:00.000000000,BEST_ASK,"JPM,99651,195"
2019-06-28 15:54:00.000000000,LAST_TRADE,"1,$99486.0000"
2019-06-28 15:54:00.000000000,QUERY_SPREAD,78
2019-06-28 15:54:00.000000000,BEST_BID,"JPM,99486,190"
2019-06-28 15:54:00.000000000,BEST_ASK,"JPM,99651,195"
2019-06-28 15:54:00.000000000,LAST_TRADE,"4,$99486.0000"
2019-06-28 15:54:00.000000000,QUERY_SPREAD,79
2019-06-28 15:54:00.000000000,BEST_BID,"JPM,99486,184"
2019-06-28 15:54:00.000000000,BEST_ASK,"JPM,99651,195"
2019-06-28 15:54:00.000000000,LAST_TRADE,"6,$99486.0000"
2019-06-28 15:54:00.000000000,QUERY_SPREAD,80
2019-06-28 15:54:00.000000000,BEST_BID,"JPM,99486,179"
2019-06-28 15:54:00.000000000,BEST_ASK,"JPM,99651,195"
2019-06-28 15:54:00.000000000,LAST_TRADE,"5,$99486.0000"
2019-06-28 15:54:00.000000000,QUERY_SPREAD,81
2019-06-28 15:54:00.000000000,BEST_BID,"JPM,99486,171"
2019-06-28 15:54:00.000000000,BEST_ASK,"JPM,99651,195"
2019-06-28 15:54:00.000000000,LAST_TRADE,"8,$99486.0000"
2019-06-28 15:54:00.000000000,QUERY_SPREAD,82
2019-06-28 15:54:00.000000000,BEST_BID,"JPM,99486,163"
2019-06-28 15:54:00.000000000,BEST_ASK,"JPM,99651,195"
2019-06-28 15:54:00.000000000,LAST_TRADE,"8,$99486.0000"
2019-06-28 15:54:00.000000000,QUERY_SPREAD,83
2019-06-28 15:54:00.000000000,BEST_BID,"JPM,99486,161"
2019-06-28 15:54:00.000000000,BEST_ASK,"JPM,99651,195"
2019-06-28 15:54:00.000000000,LAST_TRADE,"2,$99486.0000"
2019-06-28 15:54:00.000000000,QUERY_SPREAD,84
2019-06-28 15:54:00.000000000,BEST_BID,"JPM,99486,160"
2019-06-28 15:54:00.000000000,BEST_ASK,"JPM,99651,195"
2019-06-28 15:54:00.000000000,LAST_TRADE,"1,$99486.0000"
2019-06-28 15:54:00.000000000,QUERY_SPREAD,85
2019-06-28 15:54:00.000000000,BEST_BID,"JPM,99486,159"
2019-06-28 15:54:00.000000000,BEST_ASK,"JPM,99651,195"
2019-06-28 15:54:00.000000000,LAST_TRADE,"1,$99486.0000"
2019-06-28 15:54:00.000000000,QUERY_SPREAD,86
2019-06-28 15:54:00.000000000,BEST_BID,"JPM,99486,153"
2019-06-28 15:54:00.000000000,BEST_ASK,"JPM,99651,195"
2019-06-28 15:54:00.000000000,LAST_TRADE,"6,$99486.0000"
2019-06-28 15:54:00.000000000,QUERY_SPREAD,87
2019-06-28 15:54:00.000000000,BEST_BID,"JPM,99486,150"
2019-06-28 15:54:00.000000000,BEST_ASK,"JPM,99651,195"
2019-06-28 15:54:00.000000000,LAST_TRADE,"3,$99486.0000"
2019-06-28 15:54:00.000000000,QUERY_SPREAD,88
2019-06-28 15:54:00.000000000,BEST_BID,"JPM,99486,146"
2019-06-28 15:54:00.000000000,BEST_ASK,"JPM,99651,195"
2019-06-28 15:54:00.000000000,LAST_TRADE,"4,$99486.0000"
2019-06-28 15:54:00.000000000,QUERY_SPREAD,89
2019-06-28 15:54:00.000000000,BEST_BID,"JPM,99486,142"
2019-06-28 15:54:00.000000000,BEST_ASK,"JPM,99651,195"
2019-06-28 15:54:00.000000000,LAST_TRADE,"4,$99486.0000"
2019-06-28 15:54:00.000000000,QUERY_SPREAD,90
2019-06-28 15:54:00.000000000,BEST_BID,"JPM,99486,135"
2019-06-28 15:54:00.000000000,BEST_ASK,"JPM,99651,195"
2019-06-28 15:54:00.000000000,LAST_TRADE,"7,$99486.0000"
2019-06-28 15:54:00.000000000,QUERY_SPREAD,91
2019-06-28 15:54:00.000000000,BEST_BID,"JPM,99486,127"
2019-06-28 15:54:00.000000000,BEST_ASK,"JPM,99651,195"
2019-06-28 15:54:00.000000000,LAST_TRADE,"8,$99486.0000"
2019-06-28 15:54:00.000000000,QUERY_SPREAD,92
2019-06-28 15:54:00.000000000,BEST_BID,"JPM,99486,122"
2019-06-28 15:54:00.000000000,BEST_ASK,"JPM,99651,195"
2019-06-28 15:54:00.000000000,LAST_TRADE,"5,$99486.0000"
2019-06-28 15:54:00.000000000,QUERY_SPREAD,93
2019-06-28 15:54:00.000000000,BEST_BID,"JPM,99486,119"
2019-06-28 15:54:00.000000000,BEST_ASK,"JPM,99651,195"
2019-06-28 15:54:00.000000000,LAST_TRADE,"3,$99486.0000"
2019-06-28 15:54:00.000000000,QUERY_SPREAD,94
2019-06-28 15:54:00.000000000,BEST_BID,"JPM,99486,115"
2019-06-28 15:54:00.000000000,BEST_ASK,"JPM,99651,195"
2019-06-28 15:54:00.000000000,LAST_TRADE,"4,$99486.0000"
2019-06-28 15:54:00.000000000,QUERY_SPREAD,95
2019-06-28 15:54:00.000000000,BEST_BID,"JPM,99486,110"
2019-06-28 15:54:00.000000000,BEST_ASK,"JPM,99651,195"
2019-06-28 15:54:00.000000000,LAST_TRADE,"5,$99486.0000"
2019-06-28 15:54:00.000000000,QUERY_SPREAD,96
2019-06-28 15:54:00.000000000,BEST_BID,"JPM,99486,109"
2019-06-28 15:54:00.000000000,BEST_ASK,"JPM,99651,195"
2019-06-28 15:54:00.000000000,LAST_TRADE,"1,$99486.0000"
2019-06-28 15:54:00.000000000,QUERY_SPREAD,97
2019-06-28 15:54:00.000000000,BEST_BID,"JPM,99486,102"
2019-06-28 15:54:00.000000000,BEST_ASK,"JPM,99651,195"
2019-06-28 15:54:00.000000000,LAST_TRADE,"7,$99486.0000"
2019-06-28 15:54:00.000000000,QUERY_SPREAD,98
2019-06-28 15:54:00.000000000,BEST_BID,"JPM,99486,96"
2019-06-28 15:54:00.000000000,BEST_ASK,"JPM,99651,195"
2019-06-28 15:54:00.000000000,LAST_TRADE,"6,$99486.0000"
2019-06-28 15:54:00.000000000,QUERY_SPREAD,99
2019-06-28 15:54:00.000000000,BEST_BID,"JPM,99486,91"
2019-06-28 15:54:00.000000000,BEST_ASK,"JPM,99651,195"
2019-06-28 15:54:00.000000000,LAST_TRADE,"5,$99486.0000"
2019-06-28 15:54:00.000000000,QUERY_SPREAD,100
2019-06-28 15:54:00.000000000,BEST_BID,"JPM,99486,84"
2019-06-28 15:54:00.000000000,BEST_ASK,"JPM,99651,195"
2019-06-28 15:54:00.000000000,LAST_TRADE,"7,$99486.0000"
2019-06-28 15:54:00.000000000,QUERY_SPREAD,101
2019-06-28 15:54:00.000000000,QUERY_ORDER_STREAM,101
2019-06-28 15:54:04.455663549,QUERY_SPREAD,27
2019-06-28 15:54:04.455663549,BEST_BID,"JPM,99394,192"
2019-06-28 15:54:04.455663549,BEST_ASK,"JPM,99486,16"
2019-06-28 15:54:04.455663549,LAST_TRADE,"84,$99486.0000"
2019-06-28 15:54:10.000000000,QUERY_SPREAD,1
2019-06-28 15:54:10.000000000,BEST_BID,"JPM,99394,195"
2019-06-28 15:54:10.000000000,BEST_ASK,"JPM,99486,16"
2019-06-28 15:54:10.000000000,BEST_BID,"JPM,99394,195"
2019-06-28 15:54:10.000000000,BEST_ASK,"JPM,99486,16"
2019-06-28 15:54:10.000000000,BEST_BID,"JPM,99394,195"
2019-06-28 15:54:10.000000000,BEST_ASK,"JPM,99486,16"
2019-06-28 15:54:10.000000000,BEST_BID,"JPM,99394,195"
2019-06-28 15:54:10.000000000,BEST_ASK,"JPM,99486,111"
2019-06-28 15:54:10.000000000,BEST_BID,"JPM,99394,195"
2019-06-28 15:54:10.000000000,BEST_ASK,"JPM,99486,111"
2019-06-28 15:54:10.000000000,BEST_BID,"JPM,99394,195"
2019-06-28 15:54:10.000000000,BEST_ASK,"JPM,99486,111"
2019-06-28 15:54:16.960627669,QUERY_SPREAD,18
2019-06-28 15:54:16.960627669,BEST_BID,"JPM,99394,195"
2019-06-28 15:54:16.960627669,BEST_ASK,"JPM,99486,111"
2019-06-28 15:54:19.617803405,QUERY_ORDER_STREAM,64
2019-06-28 15:54:19.617803405,QUERY_SPREAD,64
2019-06-28 15:54:19.617803405,BEST_BID,"JPM,99394,195"
2019-06-28 15:54:19.617803405,BEST_ASK,"JPM,99486,211"
2019-06-28 15:54:20.000000000,QUERY_SPREAD,1
2019-06-28 15:54:20.000000000,BEST_BID,"JPM,99394,240"
2019-06-28 15:54:20.000000000,BEST_ASK,"JPM,99486,116"
2019-06-28 15:54:20.000000000,BEST_BID,"JPM,99394,240"
2019-06-28 15:54:20.000000000,BEST_ASK,"JPM,99486,116"
2019-06-28 15:54:20.000000000,BEST_BID,"JPM,99394,240"
2019-06-28 15:54:20.000000000,BEST_ASK,"JPM,99486,256"
2019-06-28 15:54:20.000000000,BEST_BID,"JPM,99394,240"
2019-06-28 15:54:20.000000000,BEST_ASK,"JPM,99486,256"
2019-06-28 15:54:30.000000000,QUERY_SPREAD,1
2019-06-28 15:54:30.000000000,BEST_BID,"JPM,99394,170"
2019-06-28 15:54:30.000000000,BEST_ASK,"JPM,99486,116"
2019-06-28 15:54:30.000000000,BEST_BID,"JPM,99394,170"
2019-06-28 15:54:30.000000000,BEST_ASK,"JPM,99486,116"
2019-06-28 15:54:30.000000000,BEST_BID,"JPM,99394,170"
2019-06-28 15:54:30.000000000,BEST_ASK,"JPM,99486,116"
2019-06-28 15:54:30.000000000,BEST_BID,"JPM,99394,170"
2019-06-28 15:54:30.000000000,BEST_ASK,"JPM,99486,116"
2019-06-28 15:54:30.000000000,BEST_BID,"JPM,99394,170"
2019-06-28 15:54:30.000000000,BEST_ASK,"JPM,99486,186"
2019-06-28 15:54:30.000000000,BEST_BID,"JPM,99394,170"
2019-06-28 15:54:30.000000000,BEST_ASK,"JPM,99486,186"
2019-06-28 15:54:30.000000000,BEST_BID,"JPM,99394,170"
2019-06-28 15:54:30.000000000,BEST_ASK,"JPM,99486,186"
2019-06-28 15:54:30.000000000,BEST_BID,"JPM,99394,170"
2019-06-28 15:54:30.000000000,BEST_ASK,"JPM,99486,186"
2019-06-28 15:54:34.472451584,QUERY_SPREAD,46
2019-06-28 15:54:34.472451584,BEST_BID,"JPM,99412,100"
2019-06-28 15:54:34.472451584,BEST_ASK,"JPM,99486,186"
2019-06-28 15:54:40.000000000,QUERY_SPREAD,1
2019-06-28 15:54:40.000000000,BEST_BID,"JPM,99412,156"
2019-06-28 15:54:40.000000000,BEST_ASK,"JPM,99486,116"
2019-06-28 15:54:40.000000000,BEST_BID,"JPM,99412,156"
2019-06-28 15:54:40.000000000,BEST_ASK,"JPM,99486,116"
2019-06-28 15:54:40.000000000,BEST_BID,"JPM,99412,156"
2019-06-28 15:54:40.000000000,BEST_ASK,"JPM,99486,116"
2019-06-28 15:54:40.000000000,BEST_BID,"JPM,99412,156"
2019-06-28 15:54:40.000000000,BEST_ASK,"JPM,99486,116"
2019-06-28 15:54:40.000000000,BEST_BID,"JPM,99412,156"
2019-06-28 15:54:40.000000000,BEST_ASK,"JPM,99486,116"
2019-06-28 15:54:40.000000000,BEST_BID,"JPM,99412,156"
2019-06-28 15:54:40.000000000,BEST_ASK,"JPM,99486,172"
2019-06-28 15:54:40.000000000,BEST_BID,"JPM,99412,156"
2019-06-28 15:54:40.000000000,BEST_ASK,"JPM,99486,172"
2019-06-28 15:54:40.000000000,BEST_BID,"JPM,99412,156"
2019-06-28 15:54:40.000000000,BEST_ASK,"JPM,99486,172"
2019-06-28 15:54:40.000000000,BEST_BID,"JPM,99412,156"
2019-06-28 15:54:40.000000000,BEST_ASK,"JPM,99486,172"
2019-06-28 15:54:40.000000000,BEST_BID,"JPM,99412,156"
2019-06-28 15:54:40.000000000,BEST_ASK,"JPM,99486,172"
2019-06-28 15:54:43.898800907,QUERY_ORDER_STREAM,68
2019-06-28 15:54:43.898800907,QUERY_SPREAD,68
2019-06-28 15:54:50.000000000,QUERY_SPREAD,1
2019-06-28 15:54:50.000000000,BEST_BID,"JPM,99412,195"
2019-06-28 15:54:50.000000000,BEST_ASK,"JPM,99486,116"
2019-06-28 15:54:50.000000000,BEST_BID,"JPM,99412,195"
2019-06-28 15:54:50.000000000,BEST_ASK,"JPM,99486,116"
2019-06-28 15:54:50.000000000,BEST_BID,"JPM,99412,195"
2019-06-28 15:54:50.000000000,BEST_ASK,"JPM,99486,116"
2019-06-28 15:54:50.000000000,BEST_BID,"JPM,99412,195"
2019-06-28 15:54:50.000000000,BEST_ASK,"JPM,99486,211"
2019-06-28 15:54:50.000000000,BEST_BID,"JPM,99412,195"
2019-06-28 15:54:50.000000000,BEST_ASK,"JPM,99486,211"
2019-06-28 15:54:50.000000000,BEST_BID,"JPM,99412,195"
2019-06-28 15:54:50.000000000,BEST_ASK,"JPM,99486,211"
2019-06-28 15:54:53.057229951,QUERY_SPREAD,42
2019-06-28 15:54:53.057229951,BEST_BID,"JPM,99412,195"
2019-06-28 15:54:53.057229951,BEST_ASK,"JPM,99486,111"
2019-06-28 15:54:53.057229951,LAST_TRADE,"100,$99486.0000"
2019-06-28 15:54:57.669301666,QUERY_SPREAD,45
2019-06-28 15:54:57.669301666,BEST_BID,"JPM,99412,195"
2019-06-28 15:54:57.669301666,BEST_ASK,"JPM,99486,111"
2019-06-28 15:55:00.000000000,QUERY_SPREAD,1
2019-06-28 15:55:00.000000000,BEST_BID,"JPM,99412,195"
2019-06-28 15:55:00.000000000,BEST_ASK,"JPM,99486,16"
2019-06-28 15:55:00.000000000,BEST_BID,"JPM,99412,195"
2019-06-28 15:55:00.000000000,BEST_ASK,"JPM,99486,16"
2019-06-28 15:55:00.000000000,BEST_BID,"JPM,99412,195"
2019-06-28 15:55:00.000000000,BEST_ASK,"JPM,99486,16"
2019-06-28 15:55:00.000000000,BEST_BID,"JPM,99412,195"
2019-06-28 15:55:00.000000000,BEST_ASK,"JPM,99486,111"
2019-06-28 15:55:00.000000000,BEST_BID,"JPM,99412,195"
2019-06-28 15:55:00.000000000,BEST_ASK,"JPM,99486,111"
2019-06-28 15:55:00.000000000,BEST_BID,"JPM,99412,195"
2019-06-28 15:55:00.000000000,BEST_ASK,"JPM,99486,111"
2019-06-28 15:55:00.000000000,QUERY_SPREAD,77
2019-06-28 15:55:00.000000000,BEST_BID,"JPM,99412,194"
2019-06-28 15:55:00.000000000,BEST_ASK,"JPM,99486,111"
2019-06-28 15:55:00.000000000,LAST_TRADE,"1,$99412.0000"
2019-06-28 15:55:00.000000000,QUERY_SPREAD,78
2019-06-28 15:55:00.000000000,BEST_BID,"JPM,99412,190"
2019-06-28 15:55:00.000000000,BEST_ASK,"JPM,99486,111"
2019-06-28 15:55:00.000000000,LAST_TRADE,"4,$99412.0000"
2019-06-28 15:55:00.000000000,QUERY_SPREAD,79
2019-06-28 15:55:00.000000000,BEST_BID,"JPM,99412,184"
2019-06-28 15:55:00.000000000,BEST_ASK,"JPM,99486,111"
2019-06-28 15:55:00.000000000,LAST_TRADE,"6,$99412.0000"
2019-06-28 15:55:00.000000000,QUERY_SPREAD,80
2019-06-28 15:55:00.000000000,BEST_BID,"JPM,99412,179"
2019-06-28 15:55:00.000000000,BEST_ASK,"JPM,99486,111"
2019-06-28 15:55:00.000000000,LAST_TRADE,"5,$99412.0000"
2019-06-28 15:55:00.000000000,QUERY_SPREAD,81
2019-06-28 15:55:00.000000000,BEST_BID,"JPM,99412,171"
2019-06-28 15:55:00.000000000,BEST_ASK,"JPM,99486,111"
2019-06-28 15:55:00.000000000,LAST_TRADE,"8,$99412.0000"
2019-06-28 15:55:00.000000000,QUERY_SPREAD,82
2019-06-28 15:55:00.000000000,BEST_BID,"JPM,99412,163"
2019-06-28 15:55:00.000000000,BEST_ASK,"JPM,99486,111"
2019-06-28 15:55:00.000000000,LAST_TRADE,"8,$99412.0000"
2019-06-28 15:55:00.000000000,QUERY_SPREAD,83
2019-06-28 15:55:00.000000000,BEST_BID,"JPM,99412,161"
2019-06-28 15:55:00.000000000,BEST_ASK,"JPM,99486,111"
2019-06-28 15:55:00.000000000,LAST_TRADE,"2,$99412.0000"
2019-06-28 15:55:00.000000000,QUERY_SPREAD,84
2019-06-28 15:55:00.000000000,BEST_BID,"JPM,99412,160"
2019-06-28 15:55:00.000000000,BEST_ASK,"JPM,99486,111"
2019-06-28 15:55:00.000000000,LAST_TRADE,"1,$99412.0000"
2019-06-28 15:55:00.000000000,QUERY_SPREAD,85
2019-06-28 15:55:00.000000000,BEST_BID,"JPM,99412,159"
2019-06-28 15:55:00.000000000,BEST_ASK,"JPM,99486,111"
2019-06-28 15:55:00.000000000,LAST_TRADE,"1,$99412.0000"
2019-06-28 15:55:00.000000000,QUERY_SPREAD,86
2019-06-28 15:55:00.000000000,BEST_BID,"JPM,99412,153"
2019-06-28 15:55:00.000000000,BEST_ASK,"JPM,99486,111"
2019-06-28 15:55:00.000000000,LAST_TRADE,"6,$99412.0000"
2019-06-28 15:55:00.000000000,QUERY_SPREAD,87
2019-06-28 15:55:00.000000000,BEST_BID,"JPM,99412,150"
2019-06-28 15:55:00.000000000,BEST_ASK,"JPM,99486,111"
2019-06-28 15:55:00.000000000,LAST_TRADE,"3,$99412.0000"
2019-06-28 15:55:00.000000000,QUERY_SPREAD,88
2019-06-28 15:55:00.000000000,BEST_BID,"JPM,99412,146"
2019-06-28 15:55:00.000000000,BEST_ASK,"JPM,99486,111"
2019-06-28 15:55:00.000000000,LAST_TRADE,"4,$99412.0000"
2019-06-28 15:55:00.000000000,QUERY_SPREAD,89
2019-06-28 15:55:00.000000000,BEST_BID,"JPM,99412,142"
2019-06-28 15:55:00.000000000,BEST_ASK,"JPM,99486,111"
2019-06-28 15:55:00.000000000,LAST_TRADE,"4,$99412.0000"
2019-06-28 15:55:00.000000000,QUERY_SPREAD,90
2019-06-28 15:55:00.000000000,BEST_BID,"JPM,99412,135"
2019-06-28 15:55:00.000000000,BEST_ASK,"JPM,99486,111"
2019-06-28 15:55:00.000000000,LAST_TRADE,"7,$99412.0000"
2019-06-28 15:55:00.000000000,QUERY_SPREAD,91
2019-06-28 15:55:00.000000000,BEST_BID,"JPM,99412,127"
2019-06-28 15:55:00.000000000,BEST_ASK,"JPM,99486,111"
2019-06-28 15:55:00.000000000,LAST_TRADE,"8,$99412.0000"
2019-06-28 15:55:00.000000000,QUERY_SPREAD,92
2019-06-28 15:55:00.000000000,BEST_BID,"JPM,99412,122"
2019-06-28 15:55:00.000000000,BEST_ASK,"JPM,99486,111"
2019-06-28 15:55:00.000000000,LAST_TRADE,"5,$99412.0000"
2019-06-28 15:55:00.000000000,QUERY_SPREAD,93
2019-06-28 15:55:00.000000000,BEST_BID,"JPM,99412,119"
2019-06-28 15:55:00.000000000,BEST_ASK,"JPM,99486,111"
2019-06-28 15:55:00.000000000,LAST_TRADE,"3,$99412.0000"
2019-06-28 15:55:00.000000000,QUERY_SPREAD,94
2019-06-28 15:55:00.000000000,BEST_BID,"JPM,99412,115"
2019-06-28 15:55:00.000000000,BEST_ASK,"JPM,99486,111"
2019-06-28 15:55:00.000000000,LAST_TRADE,"4,$99412.0000"
2019-06-28 15:55:00.000000000,QUERY_SPREAD,95
2019-06-28 15:55:00.000000000,BEST_BID,"JPM,99412,110"
2019-06-28 15:55:00.000000000,BEST_ASK,"JPM,99486,111"
2019-06-28 15:55:00.000000000,LAST_TRADE,"5,$99412.0000"
2019-06-28 15:55:00.000000000,QUERY_SPREAD,96
2019-06-28 15:55:00.000000000,BEST_BID,"JPM,99412,109"
2019-06-28 15:55:00.000000000,BEST_ASK,"JPM,99486,111"
2019-06-28 15:55:00.000000000,LAST_TRADE,"1,$99412.0000"
2019-06-28 15:55:00.000000000,QUERY_SPREAD,97
2019-06-28 15:55:00.000000000,BEST_BID,"JPM,99412,102"
2019-06-28 15:55:00.000000000,BEST_ASK,"JPM,99486,111"
2019-06-28 15:55:00.000000000,LAST_TRADE,"7,$99412.0000"
2019-06-28 15:55:00.000000000,QUERY_SPREAD,98
2019-06-28 15:55:00.000000000,BEST_BID,"JPM,99412,96"
2019-06-28 15:55:00.000000000,BEST_ASK,"JPM,99486,111"
2019-06-28 15:55:00.000000000,LAST_TRADE,"6,$99412.0000"
2019-06-28 15:55:00.000000000,QUERY_SPREAD,99
2019-06-28 15:55:00.000000000,BEST_BID,"JPM,99412,91"
2019-06-28 15:55:00.000000000,BEST_ASK,"JPM,99486,111"
2019-06-28 15:55:00.000000000,LAST_TRADE,"5,$99412.0000"
2019-06-28 15:55:00.000000000,QUERY_SPREAD,100
2019-06-28 15:55:00.000000000,BEST_BID,"JPM,99412,84"
2019-06-28 15:55:00.000000000,BEST_ASK,"JPM,99486,111"
2019-06-28 15:55:00.000000000,LAST_TRADE,"7,$99412.0000"
2019-06-28 15:55:00.000000000,QUERY_SPREAD,101
2019-06-28 15:55:00.000000000,QUERY_ORDER_STREAM,101
2019-06-28 15:55:00.000000000,BEST_BID,"JPM,99412,82"
2019-06-28 15:55:00.000000000,BEST_ASK,"JPM,99486,111"
2019-06-28 15:55:00.000000000,LAST_TRADE,"2,$99412.0000"
2019-06-28 15:55:10.000000000,QUERY_SPREAD,1
2019-06-28 15:55:10.000000000,BEST_BID,"JPM,99394,195"
2019-06-28 15:55:10.000000000,BEST_ASK,"JPM,99486,16"
2019-06-28 15:55:10.000000000,BEST_BID,"JPM,99394,195"
2019-06-28 15:55:10.000000000,BEST_ASK,"JPM,99486,16"
2019-06-28 15:55:10.000000000,BEST_BID,"JPM,99394,195"
2019-06-28 15:55:10.000000000,BEST_ASK,"JPM,99486,16"
2019-06-28 15:55:10.000000000,BEST_BID,"JPM,99394,195"
2019-06-28 15:55:10.000000000,BEST_ASK,"JPM,99486,111"
2019-06-28 15:55:10.000000000,BEST_BID,"JPM,99394,195"
2019-06-28 15:55:10.000000000,BEST_ASK,"JPM,99486,111"
2019-06-28 15:55:10.000000000,BEST_BID,"JPM,99394,195"
2019-06-28 15:55:10.000000000,BEST_ASK,"JPM,99486,111"
2019-06-28 15:55:13.926861538,QUERY_SPREAD,6
2019-06-28 15:55:13.926861538,BEST_BID,"JPM,99429,100"
2019-06-28 15:55:13.926861538,BEST_ASK,"JPM,99486,111"
2019-06-28 15:55:20.000000000,QUERY_SPREAD,1
2019-06-28 15:55:20.000000000,BEST_BID,"JPM,99429,240"
2019-06-28 15:55:20.000000000,BEST_ASK,"JPM,99486,16"
2019-06-28 15:55:20.000000000,BEST_BID,"JPM,99429,240"
2019-06-28 15:55:20.000000000,BEST_ASK,"JPM,99486,16"
2019-06-28 15:55:20.000000000,BEST_BID,"JPM,99429,240"
2019-06-28 15:55:20.000000000,BEST_ASK,"JPM,99486,156"
2019-06-28 15:55:20.000000000,BEST_BID,"JPM,99429,240"
2019-06-28 15:55:20.000000000,BEST_ASK,"JPM,99486,156"
2019-06-28 15:55:30.000000000,QUERY_SPREAD,1
2019-06-28 15:55:30.000000000,BEST_BID,"JPM,99429,156"
2019-06-28 15:55:30.000000000,BEST_ASK,"JPM,99486,16"
2019-06-28 15:55:30.000000000,BEST_BID,"JPM,99429,156"
2019-06-28 15:55:30.000000000,BEST_ASK,"JPM,99486,16"
2019-06-28 15:55:30.000000000,BEST_BID,"JPM,99429,156"
2019-06-28 15:55:30.000000000,BEST_ASK,"JPM,99486,16"
2019-06-28 15:55:30.000000000,BEST_BID,"JPM,99429,156"
2019-06-28 15:55:30.000000000,BEST_ASK,"JPM,99486,16"
2019-06-28 15:55:30.000000000,BEST_BID,"JPM,99429,156"
2019-06-28 15:55:30.000000000,BEST_ASK,"JPM,99486,16"
2019-06-28 15:55:30.000000000,BEST_BID,"JPM,99429,156"
2019-06-28 15:55:30.000000000,BEST_ASK,"JPM,99486,72"
2019-06-28 15:55:30.000000000,BEST_BID,"JPM,99429,156"
2019-06-28 15:55:30.000000000,BEST_ASK,"JPM,99486,72"
2019-06-28 15:55:30.000000000,BEST_BID,"JPM,99429,156"
2019-06-28 15:55:30.000000000,BEST_ASK,"JPM,99486,72"
2019-06-28 15:55:30.000000000,BEST_BID,"JPM,99429,156"
2019-06-28 15:55:30.000000000,BEST_ASK,"JPM,99486,72"
2019-06-28 15:55:30.000000000,BEST_BID,"JPM,99429,156"
2019-06-28 15:55:30.000000000,BEST_ASK,"JPM,99486,72"
2019-06-28 15:55:37.474133828,QUERY_ORDER_STREAM,56
2019-06-28 15:55:37.474133828,QUERY_SPREAD,56
2019-06-28 15:55:40.000000000,QUERY_SPREAD,1
2019-06-28 15:55:40.000000000,BEST_BID,"JPM,99429,380"
2019-06-28 15:55:40.000000000,BEST_ASK,"JPM,99486,16"
2019-06-28 15:55:40.000000000,BEST_BID,"JPM,99429,380"
2019-06-28 15:55:40.000000000,BEST_ASK,"JPM,99486,296"
2019-06-28 15:55:44.868314040,QUERY_SPREAD,29
2019-06-28 15:55:44.868314040,BEST_BID,"JPM,99429,380"
2019-06-28 15:55:44.868314040,BEST_ASK,"JPM,99486,196"
2019-06-28 15:55:44.868314040,LAST_TRADE,"100,$99486.0000"
2019-06-28 15:55:49.351752897,QUERY_SPREAD,49
2019-06-28 15:55:49.351752897,BEST_BID,"JPM,99429,380"
2019-06-28 15:55:49.351752897,BEST_ASK,"JPM,99486,96"
2019-06-28 15:55:49.351752897,LAST_TRADE,"100,$99486.0000"
2019-06-28 15:55:49.518026764,QUERY_SPREAD,17
2019-06-28 15:55:49.518026764,BEST_BID,"JPM,99486,4"
2019-06-28 15:55:49.518026764,BEST_ASK,"JPM,99545,100"
2019-06-28 15:55:49.518026764,LAST_TRADE,"96,$99486.0000"
2019-06-28 15:55:50.000000000,QUERY_SPREAD,1
2019-06-28 15:55:50.000000000,BEST_BID,"JPM,99486,60"
2019-06-28 15:55:50.000000000,BEST_ASK,"JPM,99545,100"
2019-06-28 15:55:50.000000000,BEST_BID,"JPM,99486,60"
2019-06-28 15:55:50.000000000,BEST_ASK,"JPM,99545,100"
2019-06-28 15:55:50.000000000,BEST_BID,"JPM,99486,60"
2019-06-28 15:55:50.000000000,BEST_ASK,"JPM,99545,100"
2019-06-28 15:55:50.000000000,BEST_BID,"JPM,99486,60"
2019-06-28 15:55:50.000000000,BEST_ASK,"JPM,99545,100"
2019-06-28 15:55:50.000000000,BEST_BID,"JPM,99486,60"
2019-06-28 15:55:50.000000000,BEST_ASK,"JPM,99545,100"
2019-06-28 15:55:50.000000000,BEST_BID,"JPM,99486,60"
2019-06-28 15:55:50.000000000,BEST_ASK,"JPM,99545,156"
2019-06-28 15:55:50.000000000,BEST_BID,"JPM,99486,60"
2019-06-28 15:55:50.000000000,BEST_ASK,"JPM,99545,156"
2019-06-28 15:55:50.000000000,BEST_BID,"JPM,99486,60"
2019-06-28 15:55:50.000000000,BEST_ASK,"JPM,99545,156"
2019-06-28 15:55:50.000000000,BEST_BID,"JPM,99486,60"
2019-06-28 15:55:50.000000000,BEST_ASK,"JPM,99545,156"
2019-06-28 15:55:50.000000000,BEST_BID,"JPM,99486,60"
2019-06-28 15:55:50.000000000,BEST_ASK,"JPM,99545,156"
2019-06-28 15:55:56.660918469,QUERY_SPREAD,18
2019-06-28 15:55:56.660918469,BEST_BID,"JPM,99545,44"
2019-06-28 15:55:56.660918469,BEST_ASK,"JPM,99651,156"
2019-06-28 15:55:56.660918469,LAST_TRADE,"56,$99545.0000"
2019-06-28 15:56:00.000000000,QUERY_SPREAD,1
2019-06-28 15:56:00.000000000,BEST_BID,"JPM,99545,139"
2019-06-28 15:56:00.000000000,BEST_ASK,"JPM,99651,100"
2019-06-28 15:56:00.000000000,BEST_BID,"JPM,99545,139"
2019-06-28 15:56:00.000000000,BEST_ASK,"JPM,99651,100"
2019-06-28 15:56:00.000000000,BEST_BID,"JPM,99545,139"
2019-06-28 15:56:00.000000000,BEST_ASK,"JPM,99651,100"
2019-06-28 15:56:00.000000000,BEST_BID,"JPM,99545,139"
2019-06-28 15:56:00.000000000,BEST_ASK,"JPM,99651,195"
2019-06-28 15:56:00.000000000,BEST_BID,"JPM,99545,139"
2019-06-28 15:56:00.000000000,BEST_ASK,"JPM,99651,195"
2019-06-28 15:56:00.000000000,BEST_BID,"JPM,99545,139"
2019-06-28 15:56:00.000000000,BEST_ASK,"JPM,99651,195"
2019-06-28 15:56:00.000000000,QUERY_SPREAD,77
2019-06-28 15:56:00.000000000,BEST_BID,"JPM,99545,138"
2019-06-28 15:56:00.000000000,BEST_ASK,"JPM,99651,195"
2019-06-28 15:56:00.000000000,LAST_TRADE,"1,$99545.0000"
2019-06-28 15:56:00.000000000,QUERY_SPREAD,78
2019-06-28 15:56:00.000000000,BEST_BID,"JPM,99545,134"
2019-06-28 15:56:00.000000000,BEST_ASK,"JPM,99651,195"
2019-06-28 15:56:00.000000000,LAST_TRADE,"4,$99545.0000"
2019-06-28 15:56:00.000000000,QUERY_SPREAD,79
2019-06-28 15:56:00.000000000,BEST_BID,"JPM,99545,128"
2019-06-28 15:56:00.000000000,BEST_ASK,"JPM,99651,195"
2019-06-28 15:56:00.000000000,LAST_TRADE,"6,$99545.0000"
2019-06-28 15:56:00.000000000,QUERY_SPREAD,80
2019-06-28 15:56:00.000000000,BEST_BID,"JPM,99545,123"
2019-06-28 15:56:00.000000000,BEST_ASK,"JPM,99651,195"
2019-06-28 15:56:00.000000000,LAST_TRADE,"5,$99545.0000"
2019-06-28 15:56:00.000000000,QUERY_SPREAD,81
2019-06-28 15:56:00.000000000,BEST_BID,"JPM,99545,115"
2019-06-28 15:56:00.000000000,BEST_ASK,"JPM,99651,195"
2019-06-28 15:56:00.000000000,LAST_TRADE,"8,$99545.0000"
2019-06-28 15:56:00.000000000,QUERY_SPREAD,82
2019-06-28 15:56:00.000000000,BEST_BID,"JPM,99545,107"
2019-06-28 15:56:00.000000000,BEST_ASK,"JPM,99651,195"
2019-06-28 15:56:00.000000000,LAST_TRADE,"8,$99545.0000"
2019-06-28 15:56:00.000000000,QUERY_SPREAD,83
2019-06-28 15:56:00.000000000,BEST_BID,"JPM,99545,105"
2019-06-28 15:56:00.000000000,BEST_ASK,"JPM,99651,195"
2019-06-28 15:56:00.000000000,LAST_TRADE,"2,$99545.0000"
2019-06-28 15:56:00.000000000,QUERY_SPREAD,84
2019-06-28 15:56:00.000000000,BEST_BID,"JPM,99545,104"
2019-06-28 15:56:00.000000000,BEST_ASK,"JPM,99651,195"
2019-06-28 15:56:00.000000000,LAST_TRADE,"1,$99545.0000"
2019-06-28 15:56:00.000000000,QUERY_SPREAD,85
2019-06-28 15:56:00.000000000,BEST_BID,"JPM,99545,103"
2019-06-28 15:56:00.000000000,BEST_ASK,"JPM,99651,195"
2019-06-28 15:56:00.000000000,LAST_TRADE,"1,$99545.0000"
2019-06-28 15:56:00.000000000,QUERY_SPREAD,86
2019-06-28 15:56:00.000000000,BEST_BID,"JPM,99545,97"
2019-06-28 15:56:00.000000000,BEST_ASK,"JPM,99651,195"
2019-06-28 15:56:00.000000000,LAST_TRADE,"6,$99545.0000"
2019-06-28 15:56:00.000000000,QUERY_SPREAD,87
2019-06-28 15:56:00.000000000,BEST_BID,"JPM,99545,94"
2019-06-28 15:56:00.000000000,BEST_ASK,"JPM,99651,195"
2019-06-28 15:56:00.000000000,LAST_TRADE,"3,$99545.0000"
2019-06-28 15:56:00.000000000,QUERY_SPREAD,88
2019-06-28 15:56:00.000000000,BEST_BID,"JPM,99545,90"
2019-06-28 15:56:00.000000000,BEST_ASK,"JPM,99651,195"
2019-06-28 15:56:00.000000000,LAST_TRADE,"4,$99545.0000"
2019-06-28 15:56:00.000000000,QUERY_SPREAD,89
2019-06-28 15:56:00.000000000,BEST_BID,"JPM,99545,86"
2019-06-28 15:56:00.000000000,BEST_ASK,"JPM,99651,195"
2019-06-28 15:56:00.000000000,LAST_TRADE,"4,$99545.0000"
2019-06-28 15:56:00.000000000,QUERY_SPREAD,90
2019-06-28 15:56:00.000000000,BEST_BID,"JPM,99545,79"
2019-06-28 15:56:00.000000000,BEST_ASK,"JPM,99651,195"
2019-06-28 15:56:00.000000000,LAST_TRADE,"7,$99545.0000"
2019-06-28 15:56:00.000000000,QUERY_SPREAD,91
2019-06-28 15:56:00.000000000,BEST_BID,"JPM,99545,71"
2019-06-28 15:56:00.000000000,BEST_ASK,"JPM,99651,195"
2019-06-28 15:56:00.000000000,LAST_TRADE,"8,$99545.0000"
2019-06-28 15:56:00.000000000,QUERY_SPREAD,92
2019-06-28 15:56:00.000000000,BEST_BID,"JPM,99545,66"
2019-06-28 15:56:00.000000000,BEST_ASK,"JPM,99651,195"
2019-06-28 15:56:00.000000000,LAST_TRADE,"5,$99545.0000"
2019-06-28 15:56:00.000000000,QUERY_SPREAD,93
2019-06-28 15:56:00.000000000,BEST_BID,"JPM,99545,63"
2019-06-28 15:56:00.000000000,BEST_ASK,"JPM,99651,195"
2019-06-28 15:56:00.000000000,LAST_TRADE,"3,$99545.0000"
2019-06-28 15:56:00.000000000,QUERY_SPREAD,94
2019-06-28 15:56:00.000000000,BEST_BID,"JPM,99545,59"
2019-06-28 15:56:00.000000000,BEST_ASK,"JPM,99651,195"
2019-06-28 15:56:00.000000000,LAST_TRADE,"4,$99545.0000"
2019-06-28 15:56:00.000000000,QUERY_SPREAD,95
2019-06-28 15:56:00.000000000,BEST_BID,"JPM,99545,54"
2019-06-28 15:56:00.000000000,BEST_ASK,"JPM,99651,195"
2019-06-28 15:56:00.000000000,LAST_TRADE,"5,$99545.0000"
2019-06-28 15:56:00.000000000,QUERY_SPREAD,96
2019-06-28 15:56:00.000000000,BEST_BID,"JPM,99545,53"
2019-06-28 15:56:00.000000000,BEST_ASK,"JPM,99651,195"
2019-06-28 15:56:00.000000000,LAST_TRADE,"1,$99545.0000"
2019-06-28 15:56:00.000000000,QUERY_SPREAD,97
2019-06-28 15:56:00.000000000,BEST_BID,"JPM,99545,46"
2019-06-28 15:56:00.000000000,BEST_ASK,"JPM,99651,195"
2019-06-28 15:56:00.000000000,LAST_TRADE,"7,$99545.0000"
2019-06-28 15:56:00.000000000,QUERY_SPREAD,98
2019-06-28 15:56:00.000000000,BEST_BID,"JPM,99545,40"
2019-06-28 15:56:00.000000000,BEST_ASK,"JPM,99651,195"
2019-06-28 15:56:00.000000000,LAST_TRADE,"6,$99545.0000"
2019-06-28 15:56:00.000000000,QUERY_SPREAD,99
2019-06-28 15:56:00.000000000,BEST_BID,"JPM,99545,35"
2019-06-28 15:56:00.000000000,BEST_ASK,"JPM,99651,195"
2019-06-28 15:56:00.000000000,LAST_TRADE,"5,$99545.0000"
2019-06-28 15:56:00.000000000,QUERY_SPREAD,100
2019-06-28 15:56:00.000000000,BEST_BID,"JPM,99545,28"
2019-06-28 15:56:00.000000000,BEST_ASK,"JPM,99651,195"
2019-06-28 15:56:00.000000000,LAST_TRADE,"7,$99545.0000"
2019-06-28 15:56:00.000000000,QUERY_SPREAD,101
2019-06-28 15:56:00.000000000,QUERY_ORDER_STREAM,101
2019-06-28 15:56:10.000000000,QUERY_SPREAD,1
2019-06-28 15:56:10.000000000,BEST_BID,"JPM,99486,74"
2019-06-28 15:56:10.000000000,BEST_ASK,"JPM,99651,100"
2019-06-28 15:56:10.000000000,BEST_BID,"JPM,99486,74"
2019-06-28 15:56:10.000000000,BEST_ASK,"JPM,99651,100"
2019-06-28 15:56:10.000000000,BEST_BID,"JPM,99486,74"
2019-06-28 15:56:10.000000000,BEST_ASK,"JPM,99651,100"
2019-06-28 15:56:10.000000000,BEST_BID,"JPM,99486,74"
2019-06-28 15:56:10.000000000,BEST_ASK,"JPM,99651,100"
2019-06-28 15:56:10.000000000,BEST_BID,"JPM,99486,74"
2019-06-28 15:56:10.000000000,BEST_ASK,"JPM,99651,170"
2019-06-28 15:56:10.000000000,BEST_BID,"JPM,99486,74"
2019-06-28 15:56:10.000000000,BEST_ASK,"JPM,99651,170"
2019-06-28 15:56:10.000000000,BEST_BID,"JPM,99486,74"
2019-06-28 15:56:10.000000000,BEST_ASK,"JPM,99651,170"
2019-06-28 15:56:10.000000000,BEST_BID,"JPM,99486,74"
2019-06-28 15:56:10.000000000,BEST_ASK,"JPM,99651,170"
2019-06-28 15:56:12.591545058,QUERY_SPREAD,14
2019-06-28 15:56:12.591545058,BEST_BID,"JPM,99486,74"
2019-06-28 15:56:12.591545058,BEST_ASK,"JPM,99651,70"
2019-06-28 15:56:12.591545058,LAST_TRADE,"100,$99651.0000"
2019-06-28 15:56:18.711176087,QUERY_SPREAD,10
2019-06-28 15:56:18.711176087,BEST_BID,"JPM,99651,30"
2019-06-28 15:56:18.711176087,BEST_ASK,"JPM,99652,170"
2019-06-28 15:56:18.711176087,LAST_TRADE,"70,$99651.0000"
2019-06-28 15:56:20.000000000,QUERY_SPREAD,1
2019-06-28 15:56:20.000000000,BEST_BID,"JPM,99651,170"
2019-06-28 15:56:20.000000000,BEST_ASK,"JPM,99652,100"
2019-06-28 15:56:20.000000000,BEST_BID,"JPM,99651,170"
2019-06-28 15:56:20.000000000,BEST_ASK,"JPM,99652,100"
2019-06-28 15:56:20.000000000,BEST_BID,"JPM,99651,170"
2019-06-28 15:56:20.000000000,BEST_ASK,"JPM,99652,240"
2019-06-28 15:56:20.000000000,BEST_BID,"JPM,99651,170"
2019-06-28 15:56:20.000000000,BEST_ASK,"JPM,99652,240"
2019-06-28 15:56:30.000000000,QUERY_SPREAD,1
2019-06-28 15:56:30.000000000,BEST_BID,"JPM,99651,310"
2019-06-28 15:56:30.000000000,BEST_ASK,"JPM,99652,100"
2019-06-28 15:56:30.000000000,BEST_BID,"JPM,99651,310"
2019-06-28 15:56:30.000000000,BEST_ASK,"JPM,99652,380"
2019-06-28 15:56:40.000000000,QUERY_SPREAD,1
2019-06-28 15:56:40.000000000,BEST_BID,"JPM,99651,100"
2019-06-28 15:56:40.000000000,BEST_ASK,"JPM,99652,100"
2019-06-28 15:56:40.000000000,BEST_BID,"JPM,99651,100"
2019-06-28 15:56:40.000000000,BEST_ASK,"JPM,99652,100"
2019-06-28 15:56:40.000000000,BEST_BID,"JPM,99651,100"
2019-06-28 15:56:40.000000000,BEST_ASK,"JPM,99652,100"
2019-06-28 15:56:40.000000000,BEST_BID,"JPM,99651,100"
2019-06-28 15:56:40.000000000,BEST_ASK,"JPM,99652,100"
2019-06-28 15:56:40.000000000,BEST_BID,"JPM,99651,100"
2019-06-28 15:56:40.000000000,BEST_ASK,"JPM,99652,170"
2019-06-28 15:56:40.000000000,BEST_BID,"JPM,99651,100"
2019-06-28 15:56:40.000000000,BEST_ASK,"JPM,99652,170"
2019-06-28 15:56:40.000000000,BEST_BID,"JPM,99651,100"
2019-06-28 15:56:40.000000000,BEST_ASK,"JPM,99652,170"
2019-06-28 15:56:40.000000000,BEST_BID,"JPM,99651,100"
2019-06-28 15:56:40.000000000,BEST_ASK,"JPM,99652,170"
2019-06-28 15:56:40.543263528,QUERY_ORDER_STREAM,68
2019-06-28 15:56:40.543263528,QUERY_SPREAD,68
2019-06-28 15:56:46.861595799,QUERY_SPREAD,17
2019-06-28 15:56:46.861595799,BEST_BID,"JPM,99651,100"
2019-06-28 15:56:46.861595799,BEST_ASK,"JPM,99652,70"
2019-06-28 15:56:46.861595799,LAST_TRADE,"100,$99652.0000"
2019-06-28 15:56:50.000000000,QUERY_SPREAD,1
2019-06-28 15:56:50.000000000,BEST_BID,"JPM,99651,100"
2019-06-28 15:56:50.000000000,BEST_ASK,"JPM,99685,100"
2019-06-28 15:56:50.000000000,BEST_BID,"JPM,99651,100"
2019-06-28 15:56:50.000000000,BEST_ASK,"JPM,99685,100"
2019-06-28 15:56:50.000000000,BEST_BID,"JPM,99651,100"
2019-06-28 15:56:50.000000000,BEST_ASK,"JPM,99685,100"
2019-06-28 15:56:50.000000000,BEST_BID,"JPM,99651,100"
2019-06-28 15:56:50.000000000,BEST_ASK,"JPM,99685,100"
2019-06-28 15:56:50.000000000,BEST_BID,"JPM,99651,100"
2019-06-28 15:56:50.000000000,BEST_ASK,"JPM,99685,170"
2019-06-28 15:56:50.000000000,BEST_BID,"JPM,99651,100"
2019-06-28 15:56:50.000000000,BEST_ASK,"JPM,99685,170"
2019-06-28 15:56:50.000000000,BEST_BID,"JPM,99651,100"
2019-06-28 15:56:50.000000000,BEST_ASK,"JPM,99685,170"
2019-06-28 15:56:50.000000000,BEST_BID,"JPM,99651,100"
2019-06-28 15:56:50.000000000,BEST_ASK,"JPM,99685,170"
2019-06-28 15:57:00.000000000,QUERY_SPREAD,1
2019-06-28 15:57:00.000000000,BEST_BID,"JPM,99651,100"
2019-06-28 15:57:00.000000000,BEST_ASK,"JPM,99685,100"
2019-06-28 15:57:00.000000000,BEST_BID,"JPM,99651,100"
2019-06-28 15:57:00.000000000,BEST_ASK,"JPM,99685,100"
2019-06-28 15:57:00.000000000,BEST_BID,"JPM,99651,100"
2019-06-28 15:57:00.000000000,BEST_ASK,"JPM,99685,100"
2019-06-28 15:57:00.000000000,BEST_BID,"JPM,99651,100"
2019-06-28 15:57:00.000000000,BEST_ASK,"JPM,99685,100"
2019-06-28 15:57:00.000000000,BEST_BID,"JPM,99651,100"
2019-06-28 15:57:00.000000000,BEST_ASK,"JPM,99685,170"
2019-06-28 15:57:00.000000000,BEST_BID,"JPM,99651,100"
2019-06-28 15:57:00.000000000,BEST_ASK,"JPM,99685,170"
2019-06-28 15:57:00.000000000,BEST_BID,"JPM,99651,100"
2019-06-28 15:57:00.000000000,BEST_ASK,"JPM,99685,170"
2019-06-28 15:57:00.000000000,BEST_BID,"JPM,99651,100"
2019-06-28 15:57:00.000000000,BEST_ASK,"JPM,99685,170"
2019-06-28 15:57:00.000000000,QUERY_SPREAD,77
2019-06-28 15:57:00.000000000,BEST_BID,"JPM,99651,99"
2019-06-28 15:57:00.000000000,BEST_ASK,"JPM,99685,170"
2019-06-28 15:57:00.000000000,LAST_TRADE,"1,$99651.0000"
2019-06-28 15:57:00.000000000,QUERY_SPREAD,78
2019-06-28 15:57:00.000000000,BEST_BID,"JPM,99651,95"
2019-06-28 15:57:00.000000000,BEST_ASK,"JPM,99685,170"
2019-06-28 15:57:00.000000000,LAST_TRADE,"4,$99651.0000"
2019-06-28 15:57:00.000000000,QUERY_SPREAD,79
2019-06-28 15:57:00.000000000,BEST_BID,"JPM,99651,89"
2019-06-28 15:57:00.000000000,BEST_ASK,"JPM,99685,170"
2019-06-28 15:57:00.000000000,LAST_TRADE,"6,$99651.0000"
2019-06-28 15:57:00.000000000,QUERY_SPREAD,80
2019-06-28 15:57:00.000000000,BEST_BID,"JPM,99651,84"
2019-06-28 15:57:00.000000000,BEST_ASK,"JPM,99685,170"
2019-06-28 15:57:00.000000000,LAST_TRADE,"5,$99651.0000"
2019-06-28 15:57:00.000000000,QUERY_SPREAD,81
2019-06-28 15:57:00.000000000,BEST_BID,"JPM,99651,76"
2019-06-28 15:57:00.000000000,BEST_ASK,"JPM,99685,170"
2019-06-28 15:57:00.000000000,LAST_TRADE,"8,$99651.0000"
2019-06-28 15:57:00.000000000,QUERY_SPREAD,82
2019-06-28 15:57:00.000000000,BEST_BID,"JPM,99651,68"
2019-06-28 15:57:00.000000000,BEST_ASK,"JPM,99685,170"
2019-06-28 15:57:00.000000000,LAST_TRADE,"8,$99651.0000"
2019-06-28 15:57:00.000000000,QUERY_SPREAD,83
2019-06-28 15:57:00.000000000,BEST_BID,"JPM,99651,66"
2019-06-28 15:57:00.000000000,BEST_ASK,"JPM,99685,170"
2019-06-28 15:57:00.000000000,LAST_TRADE,"2,$99651.0000"
2019-06-28 15:57:00.000000000,QUERY_SPREAD,84
2019-06-28 15:57:00.000000000,BEST_BID,"JPM,99651,65"
2019-06-28 15:57:00.000000000,BEST_ASK,"JPM,99685,170"
2019-06-28 15:57:00.000000000,LAST_TRADE,"1,$99651.0000"
2019-06-28 15:57:00.000000000,QUERY_SPREAD,85
2019-06-28 15:57:00.000000000,BEST_BID,"JPM,99651,64"
2019-06-28 15:57:00.000000000,BEST_ASK,"JPM,99685,170"
2019-06-28 15:57:00.000000000,LAST_TRADE,"1,$99651.0000"
2019-06-28 15:57:00.000000000,QUERY_SPREAD,86
2019-06-28 15:57:00.000000000,BEST_BID,"JPM,99651,58"
2019-06-28 15:57:00.000000000,BEST_ASK,"JPM,99685,170"
2019-06-28 15:57:00.000000000,LAST_TRADE,"6,$99651.0000"
2019-06-28 15:57:00.000000000,QUERY_SPREAD,87
2019-06-28 15:57:00.000000000,BEST_BID,"JPM,99651,55"
2019-06-28 15:57:00.000000000,BEST_ASK,"JPM,99685,170"
2019-06-28 15:57:00.000000000,LAST_TRADE,"3,$99651.0000"
2019-06-28 15:57:00.000000000,QUERY_SPREAD,88
2019-06-28 15:57:00.000000000,BEST_BID,"JPM,99651,51"
2019-06-28 15:57:00.000000000,BEST_ASK,"JPM,99685,170"
2019-06-28 15:57:00.000000000,LAST_TRADE,"4,$99651.0000"
2019-06-28 15:57:00.000000000,QUERY_SPREAD,89
2019-06-28 15:57:00.000000000,BEST_BID,"JPM,99651,47"
2019-06-28 15:57:00.000000000,BEST_ASK,"JPM,99685,170"
2019-06-28 15:57:00.000000000,LAST_TRADE,"4,$99651.0000"
2019-06-28 15:57:00.000000000,QUERY_SPREAD,90
2019-06-28 15:57:00.000000000,BEST_BID,"JPM,99651,40"
2019-06-28 15:57:00.000000000,BEST_ASK,"JPM,99685,170"
2019-06-28 15:57:00.000000000,LAST_TRADE,"7,$99651.0000"
2019-06-28 15:57:00.000000000,QUERY_SPREAD,91
2019-06-28 15:57:00.000000000,BEST_BID,"JPM,99651,32"
2019-06-28 15:57:00.000000000,BEST_ASK,"JPM,99685,170"
2019-06-28 15:57:00.000000000,LAST_TRADE,"8,$99651.0000"
2019-06-28 15:57:00.000000000,QUERY_SPREAD,92
2019-06-28 15:57:00.000000000,BEST_BID,"JPM,99651,27"
2019-06-28 15:57:00.000000000,BEST_ASK,"JPM,99685,170"
2019-06-28 15:57:00.000000000,LAST_TRADE,"5,$99651.0000"
2019-06-28 15:57:00.000000000,QUERY_SPREAD,93
2019-06-28 15:57:00.000000000,BEST_BID,"JPM,99651,24"
2019-06-28 15:57:00.000000000,BEST_ASK,"JPM,99685,170"
2019-06-28 15:57:00.000000000,LAST_TRADE,"3,$99651.0000"
2019-06-28 15:57:00.000000000,QUERY_SPREAD,94
2019-06-28 15:57:00.000000000,BEST_BID,"JPM,99651,20"
2019-06-28 15:57:00.000000000,BEST_ASK,"JPM,99685,170"
2019-06-28 15:57:00.000000000,LAST_TRADE,"4,$99651.0000"
2019-06-28 15:57:00.000000000,QUERY_SPREAD,95
2019-06-28 15:57:00.000000000,BEST_BID,"JPM,99651,15"
2019-06-28 15:57:00.000000000,BEST_ASK,"JPM,99685,170"
2019-06-28 15:57:00.000000000,LAST_TRADE,"5,$99651.0000"
2019-06-28 15:57:00.000000000,QUERY_SPREAD,96
2019-06-28 15:57:00.000000000,BEST_BID,"JPM,99651,14"
2019-06-28 15:57:00.000000000,BEST_ASK,"JPM,99685,170"
2019-06-28 15:57:00.000000000,LAST_TRADE,"1,$99651.0000"
2019-06-28 15:57:00.000000000,QUERY_SPREAD,97
2019-06-28 15:57:00.000000000,BEST_BID,"JPM,99651,7"
2019-06-28 15:57:00.000000000,BEST_ASK,"JPM,99685,170"
2019-06-28 15:57:00.000000000,LAST_TRADE,"7,$99651.0000"
2019-06-28 15:57:00.000000000,QUERY_SPREAD,98
2019-06-28 15:57:00.000000000,BEST_BID,"JPM,99651,1"
2019-06-28 15:57:00.000000000,BEST_ASK,"JPM,99685,170"
2019-06-28 15:57:00.000000000,LAST_TRADE,"6,$99651.0000"
2019-06-28 15:57:00.000000000,QUERY_SPREAD,99
2019-06-28 15:57:00.000000000,BEST_BID,"JPM,99429,170"
2019-06-28 15:57:00.000000000,BEST_ASK,"JPM,99651,4"
2019-06-28 15:57:00.000000000,LAST_TRADE,"1,$99651.0000"
2019-06-28 15:57:00.000000000,QUERY_SPREAD,100
2019-06-28 15:57:00.000000000,BEST_BID,"JPM,99429,163"
2019-06-28 15:57:00.000000000,BEST_ASK,"JPM,99651,4"
2019-06-28 15:57:00.000000000,LAST_TRADE,"7,$99429.0000"
2019-06-28 15:57:00.000000000,QUERY_SPREAD,101
2019-06-28 15:57:00.000000000,QUERY_ORDER_STREAM,101
2019-06-28 15:57:10.000000000,QUERY_SPREAD,1
2019-06-28 15:57:10.000000000,BEST_BID,"JPM,99429,373"
2019-06-28 15:57:10.000000000,BEST_ASK,"JPM,99651,4"
2019-06-28 15:57:10.000000000,BEST_BID,"JPM,99429,373"
2019-06-28 15:57:10.000000000,BEST_ASK,"JPM,99651,284"
2019-06-28 15:57:20.000000000,QUERY_SPREAD,1
2019-06-28 15:57:20.000000000,BEST_BID,"JPM,99429,373"
2019-06-28 15:57:20.000000000,BEST_ASK,"JPM,99651,4"
2019-06-28 15:57:20.000000000,BEST_BID,"JPM,99429,373"
2019-06-28 15:57:20.000000000,BEST_ASK,"JPM,99651,284"
2019-06-28 15:57:26.038314549,QUERY_ORDER_STREAM,59
2019-06-28 15:57:26.038314549,QUERY_SPREAD,59
2019-06-28 15:57:30.000000000,QUERY_SPREAD,1
2019-06-28 15:57:30.000000000,BEST_BID,"JPM,99429,163"
2019-06-28 15:57:30.000000000,BEST_ASK,"JPM,99651,4"
2019-06-28 15:57:30.000000000,BEST_BID,"JPM,99429,163"
2019-06-28 15:57:30.000000000,BEST_ASK,"JPM,99651,4"
2019-06-28 15:57:30.000000000,BEST_BID,"JPM,99429,163"
2019-06-28 15:57:30.000000000,BEST_ASK,"JPM,99651,4"
2019-06-28 15:57:30.000000000,BEST_BID,"JPM,99429,163"
2019-06-28 15:57:30.000000000,BEST_ASK,"JPM,99651,4"
2019-06-28 15:57:30.000000000,BEST_BID,"JPM,99429,163"
2019-06-28 15:57:30.000000000,BEST_ASK,"JPM,99651,74"
2019-06-28 15:57:30.000000000,BEST_BID,"JPM,99429,163"
2019-06-28 15:57:30.000000000,BEST_ASK,"JPM,99651,74"
2019-06-28 15:57:30.000000000,BEST_BID,"JPM,99429,163"
2019-06-28 15:57:30.000000000,BEST_ASK,"JPM,99651,74"
2019-06-28 15:57:30.000000000,BEST_BID,"JPM,99429,163"
2019-06-28 15:57:30.000000000,BEST_ASK,"JPM,99651,74"
2019-06-28 15:57:40.000000000,QUERY_SPREAD,1
2019-06-28 15:57:40.000000000,BEST_BID,"JPM,99429,233"
2019-06-28 15:57:40.000000000,BEST_ASK,"JPM,99651,4"
2019-06-28 15:57:40.000000000,BEST_BID,"JPM,99429,233"
2019-06-28 15:57:40.000000000,BEST_ASK,"JPM,99651,4"
2019-06-28 15:57:40.000000000,BEST_BID,"JPM,99429,233"
2019-06-28 15:57:40.000000000,BEST_ASK,"JPM,99651,144"
2019-06-28 15:57:40.000000000,BEST_BID,"JPM,99429,233"
2019-06-28 15:57:40.000000000,BEST_ASK,"JPM,99651,144"
2019-06-28 15:57:46.206411540,QUERY_ORDER_STREAM,68
2019-06-28 15:57:46.206411540,QUERY_SPREAD,68
2019-06-28 15:57:46.206411540,BEST_BID,"JPM,99429,333"
2019-06-28 15:57:46.206411540,BEST_ASK,"JPM,99651,144"
2019-06-28 15:57:48.675654418,QUERY_SPREAD,36
2019-06-28 15:57:48.675654418,BEST_BID,"JPM,99429,333"
2019-06-28 15:57:48.675654418,BEST_ASK,"JPM,99651,144"
2019-06-28 15:57:50.000000000,QUERY_SPREAD,1
2019-06-28 15:57:50.000000000,BEST_BID,"JPM,99429,263"
2019-06-28 15:57:50.000000000,BEST_ASK,"JPM,99651,4"
2019-06-28 15:57:50.000000000,BEST_BID,"JPM,99429,263"
2019-06-28 15:57:50.000000000,BEST_ASK,"JPM,99651,4"
2019-06-28 15:57:50.000000000,BEST_BID,"JPM,99429,263"
2019-06-28 15:57:50.000000000,BEST_ASK,"JPM,99651,4"
2019-06-28 15:57:50.000000000,BEST_BID,"JPM,99429,263"
2019-06-28 15:57:50.000000000,BEST_ASK,"JPM,99651,4"
2019-06-28 15:57:50.000000000,BEST_BID,"JPM,99429,263"
2019-06-28 15:57:50.000000000,BEST_ASK,"JPM,99651,74"
2019-06-28 15:57:50.000000000,BEST_BID,"JPM,99429,263"
2019-06-28 15:57:50.000000000,BEST_ASK,"JPM,99651,74"
2019-06-28 15:57:50.000000000,BEST_BID,"JPM,99429,263"
2019-06-28 15:57:50.000000000,BEST_ASK,"JPM,99651,74"
2019-06-28 15:57:50.000000000,BEST_BID,"JPM,99429,263"
2019-06-28 15:57:50.000000000,BEST_ASK,"JPM,99651,74"
2019-06-28 15:58:00.000000000,QUERY_SPREAD,1
2019-06-28 15:58:00.000000000,BEST_BID,"JPM,99429,333"
2019-06-28 15:58:00.000000000,BEST_ASK,"JPM,99651,4"
2019-06-28 15:58:00.000000000,BEST_BID,"JPM,99429,333"
2019-06-28 15:58:00.000000000,BEST_ASK,"JPM,99651,4"
2019-06-28 15:58:00.000000000,BEST_BID,"JPM,99429,333"
2019-06-28 15:58:00.000000000,BEST_ASK,"JPM,99651,144"
2019-06-28 15:58:00.000000000,BEST_BID,"JPM,99429,333"
2019-06-28 15:58:00.000000000,BEST_ASK,"JPM,99651,144"
2019-06-28 15:58:00.000000000,QUERY_SPREAD,77
2019-06-28 15:58:00.000000000,BEST_BID,"JPM,99429,332"
2019-06-28 15:58:00.000000000,BEST_ASK,"JPM,99651,144"
2019-06-28 15:58:00.000000000,LAST_TRADE,"1,$99429.0000"
2019-06-28 15:58:00.000000000,QUERY_SPREAD,78
2019-06-28 15:58:00.000000000,BEST_BID,"JPM,99429,328"
2019-06-28 15:58:00.000000000,BEST_ASK,"JPM,99651,144"
2019-06-28 15:58:00.000000000,LAST_TRADE,"4,$99429.0000"
2019-06-28 15:58:00.000000000,QUERY_SPREAD,79
2019-06-28 15:58:00.000000000,BEST_BID,"JPM,99429,322"
2019-06-28 15:58:00.000000000,BEST_ASK,"JPM,99651,144"
2019-06-28 15:58:00.000000000,LAST_TRADE,"6,$99429.0000"
2019-06-28 15:58:00.000000000,QUERY_SPREAD,80
2019-06-28 15:58:00.000000000,BEST_BID,"JPM,99429,317"
2019-06-28 15:58:00.000000000,BEST_ASK,"JPM,99651,144"
2019-06-28 15:58:00.000000000,LAST_TRADE,"5,$99429.0000"
2019-06-28 15:58:00.000000000,QUERY_SPREAD,81
2019-06-28 15:58:00.000000000,BEST_BID,"JPM,99429,309"
2019-06-28 15:58:00.000000000,BEST_ASK,"JPM,99651,144"
2019-06-28 15:58:00.000000000,LAST_TRADE,"8,$99429.0000"
2019-06-28 15:58:00.000000000,QUERY_SPREAD,82
2019-06-28 15:58:00.000000000,BEST_BID,"JPM,99429,301"
2019-06-28 15:58:00.000000000,BEST_ASK,"JPM,99651,144"
2019-06-28 15:58:00.000000000,LAST_TRADE,"8,$99429.0000"
2019-06-28 15:58:00.000000000,QUERY_SPREAD,83
2019-06-28 15:58:00.000000000,BEST_BID,"JPM,99429,299"
2019-06-28 15:58:00.000000000,BEST_ASK,"JPM,99651,144"
2019-06-28 15:58:00.000000000,LAST_TRADE,"2,$99429.0000"
2019-06-28 15:58:00.000000000,QUERY_SPREAD,84
2019-06-28 15:58:00.000000000,BEST_BID,"JPM,99429,298"
2019-06-28 15:58:00.000000000,BEST_ASK,"JPM,99651,144"
2019-06-28 15:58:00.000000000,LAST_TRADE,"1,$99429.0000"
2019-06-28 15:58:00.000000000,QUERY_SPREAD,85
2019-06-28 15:58:00.000000000,BEST_BID,"JPM,99429,297"
2019-06-28 15:58:00.000000000,BEST_ASK,"JPM,99651,144"
2019-06-28 15:58:00.000000000,LAST_TRADE,"1,$99429.0000"
2019-06-28 15:58:00.000000000,QUERY_SPREAD,86
2019-06-28 15:58:00.000000000,BEST_BID,"JPM,99429,291"
2019-06-28 15:58:00.000000000,BEST_ASK,"JPM,99651,144"
2019-06-28 15:58:00.000000000,LAST_TRADE,"6,$99429.0000"
2019-06-28 15:58:00.000000000,QUERY_SPREAD,87
2019-06-28 15:58:00.000000000,BEST_BID,"JPM,99429,288"
2019-06-28 15:58:00.000000000,BEST_ASK,"JPM,99651,144"
2019-06-28 15:58:00.000000000,LAST_TRADE,"3,$99429.0000"
2019-06-28 15:58:00.000000000,QUERY_SPREAD,88
2019-06-28 15:58:00.000000000,BEST_BID,"JPM,99429,284"
2019-06-28 15:58:00.000000000,BEST_ASK,"JPM,99651,144"
2019-06-28 15:58:00.000000000,LAST_TRADE,"4,$99429.0000"
2019-06-28 15:58:00.000000000,QUERY_SPREAD,89
2019-06-28 15:58:00.000000000,BEST_BID,"JPM,99429,280"
2019-06-28 15:58:00.000000000,BEST_ASK,"JPM,99651,144"
2019-06-28 15:58:00.000000000,LAST_TRADE,"4,$99429.0000"
2019-06-28 15:58:00.000000000,QUERY_SPREAD,90
2019-06-28 15:58:00.000000000,BEST_BID,"JPM,99429,273"
2019-06-28 15:58:00.000000000,BEST_ASK,"JPM,99651,144"
2019-06-28 15:58:00.000000000,LAST_TRADE,"7,$99429.0000"
2019-06-28 15:58:00.000000000,QUERY_SPREAD,91
2019-06-28 15:58:00.000000000,BEST_BID,"JPM,99429,265"
2019-06-28 15:58:00.000000000,BEST_ASK,"JPM,99651,144"
2019-06-28 15:58:00.000000000,LAST_TRADE,"8,$99429.0000"
2019-06-28 15:58:00.000000000,QUERY_SPREAD,92
2019-06-28 15:58:00.000000000,BEST_BID,"JPM,99429,260"
2019-06-28 15:58:00.000000000,BEST_ASK,"JPM,99651,144"
2019-06-28 15:58:00.000000000,LAST_TRADE,"5,$99429.0000"
2019-06-28 15:58:00.000000000,QUERY_SPREAD,93
2019-06-28 15:58:00.000000000,BEST_BID,"JPM,99429,257"
2019-06-28 15:58:00.000000000,BEST_ASK,"JPM,99651,144"
2019-06-28 15:58:00.000000000,LAST_TRADE,"3,$99429.0000"
2019-06-28 15:58:00.000000000,QUERY_SPREAD,94
2019-06-28 15:58:00.000000000,BEST_BID,"JPM,99429,253"
2019-06-28 15:58:00.000000000,BEST_ASK,"JPM,99651,144"
2019-06-28 15:58:00.000000000,LAST_TRADE,"4,$99429.0000"
2019-06-28 15:58:00.000000000,QUERY_SPREAD,95
2019-06-28 15:58:00.000000000,BEST_BID,"JPM,99429,248"
2019-06-28 15:58:00.000000000,BEST_ASK,"JPM,99651,144"
2019-06-28 15:58:00.000000000,LAST_TRADE,"5,$99429.0000"
2019-06-28 15:58:00.000000000,QUERY_SPREAD,96
2019-06-28 15:58:00.000000000,BEST_BID,"JPM,99429,247"
2019-06-28 15:58:00.000000000,BEST_ASK,"JPM,99651,144"
2019-06-28 15:58:00.000000000,LAST_TRADE,"1,$99429.0000"
2019-06-28 15:58:00.000000000,QUERY_SPREAD,97
2019-06-28 15:58:00.000000000,BEST_BID,"JPM,99429,240"
2019-06-28 15:58:00.000000000,BEST_ASK,"JPM,99651,144"
2019-06-28 15:58:00.000000000,LAST_TRADE,"7,$99429.0000"
2019-06-28 15:58:00.000000000,QUERY_SPREAD,98
2019-06-28 15:58:00.000000000,BEST_BID,"JPM,99429,234"
2019-06-28 15:58:00.000000000,BEST_ASK,"JPM,99651,144"
2019-06-28 15:58:00.000000000,LAST_TRADE,"6,$99429.0000"
2019-06-28 15:58:00.000000000,QUERY_SPREAD,99
2019-06-28 15:58:00.000000000,BEST_BID,"JPM,99429,229"
2019-06-28 15:58:00.000000000,BEST_ASK,"JPM,99651,144"
2019-06-28 15:58:00.000000000,LAST_TRADE,"5,$99429.0000"
2019-06-28 15:58:00.000000000,QUERY_SPREAD,100
2019-06-28 15:58:00.000000000,BEST_BID,"JPM,99429,222"
2019-06-28 15:58:00.000000000,BEST_ASK,"JPM,99651,144"
2019-06-28 15:58:00.000000000,LAST_TRADE,"7,$99429.0000"
2019-06-28 15:58:00.000000000,QUERY_SPREAD,101
2019-06-28 15:58:00.000000000,QUERY_ORDER_STREAM,101
2019-06-28 15:58:03.219043437,QUERY_SPREAD,23
2019-06-28 15:58:03.219043437,BEST_BID,"JPM,99429,222"
2019-06-28 15:58:03.219043437,BEST_ASK,"JPM,99651,44"
2019-06-28 15:58:03.219043437,LAST_TRADE,"100,$99651.0000"
2019-06-28 15:58:03.952081983,QUERY_SPREAD,8
2019-06-28 15:58:03.952081983,BEST_BID,"JPM,99429,222"
2019-06-28 15:58:03.952081983,BEST_ASK,"JPM,99651,44"
2019-06-28 15:58:10.000000000,QUERY_SPREAD,1
2019-06-28 15:58:10.000000000,BEST_BID,"JPM,99429,177"
2019-06-28 15:58:10.000000000,BEST_ASK,"JPM,99685,100"
2019-06-28 15:58:10.000000000,BEST_BID,"JPM,99429,177"
2019-06-28 15:58:10.000000000,BEST_ASK,"JPM,99685,100"
2019-06-28 15:58:10.000000000,BEST_BID,"JPM,99429,177"
2019-06-28 15:58:10.000000000,BEST_ASK,"JPM,99685,100"
2019-06-28 15:58:10.000000000,BEST_BID,"JPM,99429,177"
2019-06-28 15:58:10.000000000,BEST_ASK,"JPM,99685,195"
2019-06-28 15:58:10.000000000,BEST_BID,"JPM,99429,177"
2019-06-28 15:58:10.000000000,BEST_ASK,"JPM,99685,195"
2019-06-28 15:58:10.000000000,BEST_BID,"JPM,99429,177"
2019-06-28 15:58:10.000000000,BEST_ASK,"JPM,99685,195"
2019-06-28 15:58:20.000000000,QUERY_SPREAD,1
2019-06-28 15:58:20.000000000,BEST_BID,"JPM,99429,177"
2019-06-28 15:58:20.000000000,BEST_ASK,"JPM,99685,100"
2019-06-28 15:58:20.000000000,BEST_BID,"JPM,99429,177"
2019-06-28 15:58:20.000000000,BEST_ASK,"JPM,99685,100"
2019-06-28 15:58:20.000000000,BEST_BID,"JPM,99429,177"
2019-06-28 15:58:20.000000000,BEST_ASK,"JPM,99685,100"
2019-06-28 15:58:20.000000000,BEST_BID,"JPM,99429,177"
2019-06-28 15:58:20.000000000,BEST_ASK,"JPM,99685,195"
2019-06-28 15:58:20.000000000,BEST_BID,"JPM,99429,177"
2019-06-28 15:58:20.000000000,BEST_ASK,"JPM,99685,195"
2019-06-28 15:58:20.000000000,BEST_BID,"JPM,99429,177"
2019-06-28 15:58:20.000000000,BEST_ASK,"JPM,99685,195"
2019-06-28 15:58:27.366022736,QUERY_SPREAD,48
2019-06-28 15:58:27.366022736,BEST_BID,"JPM,99429,177"
2019-06-28 15:58:27.366022736,BEST_ASK,"JPM,99685,195"
2019-06-28 15:58:30.000000000,QUERY_SPREAD,1
2019-06-28 15:58:30.000000000,BEST_BID,"JPM,99429,138"
2019-06-28 15:58:30.000000000,BEST_ASK,"JPM,99685,100"
2019-06-28 15:58:30.000000000,BEST_BID,"JPM,99429,138"
2019-06-28 15:58:30.000000000,BEST_ASK,"JPM,99685,100"
2019-06-28 15:58:30.000000000,BEST_BID,"JPM,99429,138"
2019-06-28 15:58:30.000000000,BEST_ASK,"JPM,99685,100"
2019-06-28 15:58:30.000000000,BEST_BID,"JPM,99429,138"
2019-06-28 15:58:30.000000000,BEST_ASK,"JPM,99685,100"
2019-06-28 15:58:30.000000000,BEST_BID,"JPM,99429,138"
2019-06-28 15:58:30.000000000,BEST_ASK,"JPM,99685,100"
2019-06-28 15:58:30.000000000,BEST_BID,"JPM,99429,138"
2019-06-28 15:58:30.000000000,BEST_ASK,"JPM,99685,156"
2019-06-28 15:58:30.000000000,BEST_BID,"JPM,99429,138"
2019-06-28 15:58:30.000000000,BEST_ASK,"JPM,99685,156"
2019-06-28 15:58:30.000000000,BEST_BID,"JPM,99429,138"
2019-06-28 15:58:30.000000000,BEST_ASK,"JPM,99685,156"
2019-06-28 15:58:30.000000000,BEST_BID,"JPM,99429,138"
2019-06-28 15:58:30.000000000,BEST_ASK,"JPM,99685,156"
2019-06-28 15:58:30.000000000,BEST_BID,"JPM,99429,138"
2019-06-28 15:58:30.000000000,BEST_ASK,"JPM,99685,156"
2019-06-28 15:58:40.000000000,QUERY_SPREAD,1
2019-06-28 15:58:40.000000000,BEST_BID,"JPM,99429,138"
2019-06-28 15:58:40.000000000,BEST_ASK,"JPM,99685,100"
2019-06-28 15:58:40.000000000,BEST_BID,"JPM,99429,138"
2019-06-28 15:58:40.000000000,BEST_ASK,"JPM,99685,100"
2019-06-28 15:58:40.000000000,BEST_BID,"JPM,99429,138"
2019-06-28 15:58:40.000000000,BEST_ASK,"JPM,99685,100"
2019-06-28 15:58:40.000000000,BEST_BID,"JPM,99429,138"
2019-06-28 15:58:40.000000000,BEST_ASK,"JPM,99685,100"
2019-06-28 15:58:40.000000000,BEST_BID,"JPM,99429,138"
2019-06-28 15:58:40.000000000,BEST_ASK,"JPM,99685,100"
2019-06-28 15:58:40.000000000,BEST_BID,"JPM,99429,138"
2019-06-28 15:58:40.000000000,BEST_ASK,"JPM,99685,156"
2019-06-28 15:58:40.000000000,BEST_BID,"JPM,99429,138"
2019-06-28 15:58:40.000000000,BEST_ASK,"JPM,99685,156"
2019-06-28 15:58:40.000000000,BEST_BID,"JPM,99429,138"
2019-06-28 15:58:40.000000000,BEST_ASK,"JPM,99685,156"
2019-06-28 15:58:40.000000000,BEST_BID,"JPM,99429,138"
2019-06-28 15:58:40.000000000,BEST_ASK,"JPM,99685,156"
2019-06-28 15:58:40.000000000,BEST_BID,"JPM,99429,138"
2019-06-28 15:58:40.000000000,BEST_ASK,"JPM,99685,156"
2019-06-28 15:58:40.198944312,QUERY_SPREAD,25
2019-06-28 15:58:40.198944312,BEST_BID,"JPM,99429,138"
2019-06-28 15:58:40.198944312,BEST_ASK,"JPM,99685,156"
2019-06-28 15:58:44.278083428,QUERY_ORDER_STREAM,60
2019-06-28 15:58:44.278083428,QUERY_SPREAD,60
2019-06-28 15:58:50.000000000,QUERY_SPREAD,1
2019-06-28 15:58:50.000000000,BEST_BID,"JPM,99429,362"
2019-06-28 15:58:50.000000000,BEST_ASK,"JPM,99685,100"
2019-06-28 15:58:50.000000000,BEST_BID,"JPM,99429,362"
2019-06-28 15:58:50.000000000,BEST_ASK,"JPM,99685,380"
2019-06-28 15:58:55.247389968,QUERY_ORDER_STREAM,60
2019-06-28 15:58:55.247389968,QUERY_SPREAD,60
2019-06-28 15:58:55.247389968,BEST_BID,"JPM,99429,362"
2019-06-28 15:58:55.247389968,BEST_ASK,"JPM,99651,100"
2019-06-28 15:58:55.334594752,QUERY_ORDER_STREAM,61
2019-06-28 15:58:55.334594752,QUERY_SPREAD,61
2019-06-28 15:58:55.334594752,BEST_BID,"JPM,99429,362"
2019-06-28 15:58:55.334594752,BEST_ASK,"JPM,99651,200"
2019-06-28 15:59:00.000000000,QUERY_SPREAD,1
2019-06-28 15:59:00.000000000,BEST_BID,"JPM,99429,362"
2019-06-28 15:59:00.000000000,BEST_ASK,"JPM,99651,200"
2019-06-28 15:59:00.000000000,BEST_BID,"JPM,99429,362"
2019-06-28 15:59:00.000000000,BEST_ASK,"JPM,99651,480"
2019-06-28 15:59:00.000000000,QUERY_SPREAD,77
2019-06-28 15:59:00.000000000,BEST_BID,"JPM,99429,361"
2019-06-28 15:59:00.000000000,BEST_ASK,"JPM,99651,480"
2019-06-28 15:59:00.000000000,LAST_TRADE,"1,$99429.0000"
2019-06-28 15:59:00.000000000,QUERY_SPREAD,78
2019-06-28 15:59:00.000000000,BEST_BID,"JPM,99429,357"
2019-06-28 15:59:00.000000000,BEST_ASK,"JPM,99651,480"
2019-06-28 15:59:00.000000000,LAST_TRADE,"4,$99429.0000"
2019-06-28 15:59:00.000000000,QUERY_SPREAD,79
2019-06-28 15:59:00.000000000,BEST_BID,"JPM,99429,351"
2019-06-28 15:59:00.000000000,BEST_ASK,"JPM,99651,480"
2019-06-28 15:59:00.000000000,LAST_TRADE,"6,$99429.0000"
2019-06-28 15:59:00.000000000,QUERY_SPREAD,80
2019-06-28 15:59:00.000000000,BEST_BID,"JPM,99429,346"
2019-06-28 15:59:00.000000000,BEST_ASK,"JPM,99651,480"
2019-06-28 15:59:00.000000000,LAST_TRADE,"5,$99429.0000"
2019-06-28 15:59:00.000000000,QUERY_SPREAD,81
2019-06-28 15:59:00.000000000,BEST_BID,"JPM,99429,338"
2019-06-28 15:59:00.000000000,BEST_ASK,"JPM,99651,480"
2019-06-28 15:59:00.000000000,LAST_TRADE,"8,$99429.0000"
2019-06-28 15:59:00.000000000,QUERY_SPREAD,82
2019-06-28 15:59:00.000000000,BEST_BID,"JPM,99429,330"
2019-06-28 15:59:00.000000000,BEST_ASK,"JPM,99651,480"
2019-06-28 15:59:00.000000000,LAST_TRADE,"8,$99429.0000"
2019-06-28 15:59:00.000000000,QUERY_SPREAD,83
2019-06-28 15:59:00.000000000,BEST_BID,"JPM,99429,328"
2019-06-28 15:59:00.000000000,BEST_ASK,"JPM,99651,480"
2019-06-28 15:59:00.000000000,LAST_TRADE,"2,$99429.0000"
2019-06-28 15:59:00.000000000,QUERY_SPREAD,84
2019-06-28 15:59:00.000000000,BEST_BID,"JPM,99429,327"
2019-06-28 15:59:00.000000000,BEST_ASK,"JPM,99651,480"
2019-06-28 15:59:00.000000000,LAST_TRADE,"1,$99429.0000"
2019-06-28 15:59:00.000000000,QUERY_SPREAD,85
2019-06-28 15:59:00.000000000,BEST_BID,"JPM,99429,326"
2019-06-28 15:59:00.000000000,BEST_ASK,"JPM,99651,480"
2019-06-28 15:59:00.000000000,LAST_TRADE,"1,$99429.0000"
2019-06-28 15:59:00.000000000,QUERY_SPREAD,86
2019-06-28 15:59:00.000000000,BEST_BID,"JPM,99429,320"
2019-06-28 15:59:00.000000000,BEST_ASK,"JPM,99651,480"
2019-06-28 15:59:00.000000000,LAST_TRADE,"6,$99429.0000"
2019-06-28 15:59:00.000000000,QUERY_SPREAD,87
2019-06-28 15:59:00.000000000,BEST_BID,"JPM,99429,317"
2019-06-28 15:59:00.000000000,BEST_ASK,"JPM,99651,480"
2019-06-28 15:59:00.000000000,LAST_TRADE,"3,$99429.0000"
2019-06-28 15:59:00.000000000,QUERY_SPREAD,88
2019-06-28 15:59:00.000000000,BEST_BID,"JPM,99429,313"
2019-06-28 15:59:00.000000000,BEST_ASK,"JPM,99651,480"
2019-06-28 15:59:00.000000000,LAST_TRADE,"4,$99429.0000"
2019-06-28 15:59:00.000000000,QUERY_SPREAD,89
2019-06-28 15:59:00.000000000,BEST_BID,"JPM,99429,309"
2019-06-28 15:59:00.000000000,BEST_ASK,"JPM,99651,480"
2019-06-28 15:59:00.000000000,LAST_TRADE,"4,$99429.0000"
2019-06-28 15:59:00.000000000,QUERY_SPREAD,90
2019-06-28 15:59:00.000000000,BEST_BID,"JPM,99429,302"
2019-06-28 15:59:00.000000000,BEST_ASK,"JPM,99651,480"
2019-06-28 15:59:00.000000000,LAST_TRADE,"7,$99429.0000"
2019-06-28 15:59:00.000000000,QUERY_SPREAD,91
2019-06-28 15:59:00.000000000,BEST_BID,"JPM,99429,294"
2019-06-28 15:59:00.000000000,BEST_ASK,"JPM,99651,480"
2019-06-28 15:59:00.000000000,LAST_TRADE,"8,$99429.0000"
2019-06-28 15:59:00.000000000,QUERY_SPREAD,92
2019-06-28 15:59:00.000000000,BEST_BID,"JPM,99429,289"
2019-06-28 15:59:00.000000000,BEST_ASK,"JPM,99651,480"
2019-06-28 15:59:00.000000000,LAST_TRADE,"5,$99429.0000"
2019-06-28 15:59:00.000000000,QUERY_SPREAD,93
2019-06-28 15:59:00.000000000,BEST_BID,"JPM,99429,286"
2019-06-28 15:59:00.000000000,BEST_ASK,"JPM,99651,480"
2019-06-28 15:59:00.000000000,LAST_TRADE,"3,$99429.0000"
2019-06-28 15:59:00.000000000,QUERY_SPREAD,94
2019-06-28 15:59:00.000000000,BEST_BID,"JPM,99429,282"
2019-06-28 15:59:00.000000000,BEST_ASK,"JPM,99651,480"
2019-06-28 15:59:00.000000000,LAST_TRADE,"4,$99429.0000"
2019-06-28 15:59:00.000000000,QUERY_SPREAD,95
2019-06-28 15:59:00.000000000,BEST_BID,"JPM,99429,277"
2019-06-28 15:59:00.000000000,BEST_ASK,"JPM,99651,480"
2019-06-28 15:59:00.000000000,LAST_TRADE,"5,$99429.0000"
2019-06-28 15:59:00.000000000,QUERY_SPREAD,96
2019-06-28 15:59:00.000000000,BEST_BID,"JPM,99429,276"
2019-06-28 15:59:00.000000000,BEST_ASK,"JPM,99651,480"
2019-06-28 15:59:00.000000000,LAST_TRADE,"1,$99429.0000"
2019-06-28 15:59:00.000000000,QUERY_SPREAD,97
2019-06-28 15:59:00.000000000,BEST_BID,"JPM,99429,269"
2019-06-28 15:59:00.000000000,BEST_ASK,"JPM,99651,480"
2019-06-28 15:59:00.000000000,LAST_TRADE,"7,$99429.0000"
2019-06-28 15:59:00.000000000,QUERY_SPREAD,98
2019-06-28 15:59:00.000000000,BEST_BID,"JPM,99429,263"
2019-06-28 15:59:00.000000000,BEST_ASK,"JPM,99651,480"
2019-06-28 15:59:00.000000000,LAST_TRADE,"6,$99429.0000"
2019-06-28 15:59:00.000000000,QUERY_SPREAD,99
2019-06-28 15:59:00.000000000,BEST_BID,"JPM,99429,258"
2019-06-28 15:59:00.000000000,BEST_ASK,"JPM,99651,480"
2019-06-28 15:59:00.000000000,LAST_TRADE,"5,$99429.0000"
2019-06-28 15:59:00.000000000,QUERY_SPREAD,100
2019-06-28 15:59:00.000000000,BEST_BID,"JPM,99429,251"
2019-06-28 15:59:00.000000000,BEST_ASK,"JPM,99651,480"
2019-06-28 15:59:00.000000000,LAST_TRADE,"7,$99429.0000"
2019-06-28 15:59:00.000000000,QUERY_SPREAD,101
2019-06-28 15:59:00.000000000,QUERY_ORDER_STREAM,101
2019-06-28 15:59:10.000000000,QUERY_SPREAD,1
2019-06-28 15:59:10.000000000,BEST_BID,"JPM,99220,240"
2019-06-28 15:59:10.000000000,BEST_ASK,"JPM,99651,200"
2019-06-28 15:59:10.000000000,BEST_BID,"JPM,99220,240"
2019-06-28 15:59:10.000000000,BEST_ASK,"JPM,99651,200"
2019-06-28 15:59:10.000000000,BEST_BID,"JPM,99220,240"
2019-06-28 15:59:10.000000000,BEST_ASK,"JPM,99651,340"
2019-06-28 15:59:10.000000000,BEST_BID,"JPM,99220,240"
2019-06-28 15:59:10.000000000,BEST_ASK,"JPM,99651,340"
2019-06-28 15:59:20.000000000,QUERY_SPREAD,1
2019-06-28 15:59:20.000000000,BEST_BID,"JPM,99220,240"
2019-06-28 15:59:20.000000000,BEST_ASK,"JPM,99651,200"
2019-06-28 15:59:20.000000000,BEST_BID,"JPM,99220,240"
2019-06-28 15:59:20.000000000,BEST_ASK,"JPM,99651,200"
2019-06-28 15:59:20.000000000,BEST_BID,"JPM,99220,240"
2019-06-28 15:59:20.000000000,BEST_ASK,"JPM,99651,340"
2019-06-28 15:59:20.000000000,BEST_BID,"JPM,99220,240"
2019-06-28 15:59:20.000000000,BEST_ASK,"JPM,99651,340"
2019-06-28 15:59:30.000000000,QUERY_SPREAD,1
2019-06-28 15:59:30.000000000,BEST_BID,"JPM,99220,195"
2019-06-28 15:59:30.000000000,BEST_ASK,"JPM,99651,200"
2019-06-28 15:59:30.000000000,BEST_BID,"JPM,99220,195"
2019-06-28 15:59:30.000000000,BEST_ASK,"JPM,99651,200"
2019-06-28 15:59:30.000000000,BEST_BID,"JPM,99220,195"
2019-06-28 15:59:30.000000000,BEST_ASK,"JPM,99651,200"
2019-06-28 15:59:30.000000000,BEST_BID,"JPM,99220,195"
2019-06-28 15:59:30.000000000,BEST_ASK,"JPM,99651,295"
2019-06-28 15:59:30.000000000,BEST_BID,"JPM,99220,195"
2019-06-28 15:59:30.000000000,BEST_ASK,"JPM,99651,295"
2019-06-28 15:59:30.000000000,BEST_BID,"JPM,99220,195"
2019-06-28 15:59:30.000000000,BEST_ASK,"JPM,99651,295"
2019-06-28 15:59:40.000000000,QUERY_SPREAD,1
2019-06-28 15:59:40.000000000,BEST_BID,"JPM,99220,240"
2019-06-28 15:59:40.000000000,BEST_ASK,"JPM,99651,200"
2019-06-28 15:59:40.000000000,BEST_BID,"JPM,99220,240"
2019-06-28 15:59:40.000000000,BEST_ASK,"JPM,99651,200"
2019-06-28 15:59:40.000000000,BEST_BID,"JPM,99220,240"
2019-06-28 15:59:40.000000000,BEST_ASK,"JPM,99651,340"
2019-06-28 15:59:40.000000000,BEST_BID,"JPM,99220,240"
2019-06-28 15:59:40.000000000,BEST_ASK,"JPM,99651,340"
2019-06-28 15:59:50.000000000,QUERY_SPREAD,1
2019-06-28 15:59:50.000000000,BEST_BID,"JPM,99220,156"
2019-06-28 15:59:50.000000000,BEST_ASK,"JPM,99651,200"
2019-06-28 15:59:50.000000000,BEST_BID,"JPM,99220,156"
2019-06-28 15:59:50.000000000,BEST_ASK,"JPM,99651,200"
2019-06-28 15:59:50.000000000,BEST_BID,"JPM,99220,156"
2019-06-28 15:59:50.000000000,BEST_ASK,"JPM,99651,200"
2019-06-28 15:59:50.000000000,BEST_BID,"JPM,99220,156"
2019-06-28 15:59:50.000000000,BEST_ASK,"JPM,99651,200"
2019-06-28 15:59:50.000000000,BEST_BID,"JPM,99220,156"
2019-06-28 15:59:50.000000000,BEST_ASK,"JPM,99651,200"
2019-06-28 15:59:50.000000000,BEST_BID,"JPM,99220,156"
2019-06-28 15:59:50.000000000,BEST_ASK,"JPM,99651,256"
2019-06-28 15:59:50.000000000,BEST_BID,"JPM,99220,156"
2019-06-28 15:59:50.000000000,BEST_ASK,"JPM,99651,256"
2019-06-28 15:59:50.000000000,BEST_BID,"JPM,99220,156"
2019-06-28 15:59:50.000000000,BEST_ASK,"JPM,99651,256"
2019-06-28 15:59:50.000000000,BEST_BID,"JPM,99220,156"
2019-06-28 15:59:50.000000000,BEST_ASK,"JPM,99651,256"
2019-06-28 15:59:50.000000000,BEST_BID,"JPM,99220,156"
2019-06-28 15:59:50.000000000,BEST_ASK,"JPM,99651,256"
2019-06-28 15:59:56.697600457,QUERY_SPREAD,41
2019-06-28 15:59:56.697600457,BEST_BID,"JPM,99220,156"
2019-06-28 15:59:56.697600457,BEST_ASK,"JPM,99651,256"
2019-06-28 16:00:00.000000000,QUERY_SPREAD,1
2019-06-28 16:00:00.000000000,BEST_BID,"JPM,99220,195"
2019-06-28 16:00:00.000000000,BEST_ASK,"JPM,99651,200"
2019-06-28 16:00:00.000000000,BEST_BID,"JPM,99220,195"
2019-06-28 16:00:00.000000000,BEST_ASK,"JPM,99651,200"
2019-06-28 16:00:00.000000000,BEST_BID,"JPM,99220,195"
2019-06-28 16:00:00.000000000,BEST_ASK,"JPM,99651,200"
2019-06-28 16:00:00.000000000,BEST_BID,"JPM,99220,195"
2019-06-28 16:00:00.000000000,BEST_ASK,"JPM,99651,295"
2019-06-28 16:00:00.000000000,BEST_BID,"JPM,99220,195"
2019-06-28 16:00:00.000000000,BEST_ASK,"JPM,99651,295"
2019-06-28 16:00:00.000000000,BEST_BID,"JPM,99220,195"
2019-06-28 16:00:00.000000000,BEST_ASK,"JPM,99651,295"
2019-06-28 16:00:00.000000000,QUERY_SPREAD,77
2019-06-28 16:00:00.000000000,BEST_BID,"JPM,99220,194"
2019-06-28 16:00:00.000000000,BEST_ASK,"JPM,99651,295"
2019-06-28 16:00:00.000000000,LAST_TRADE,"1,$99220.0000"
2019-06-28 16:00:00.000000000,QUERY_SPREAD,78
2019-06-28 16:00:00.000000000,BEST_BID,"JPM,99220,190"
2019-06-28 16:00:00.000000000,BEST_ASK,"JPM,99651,295"
2019-06-28 16:00:00.000000000,LAST_TRADE,"4,$99220.0000"
2019-06-28 16:00:00.000000000,QUERY_SPREAD,79
2019-06-28 16:00:00.000000000,BEST_BID,"JPM,99220,184"
2019-06-28 16:00:00.000000000,BEST_ASK,"JPM,99651,295"
2019-06-28 16:00:00.000000000,LAST_TRADE,"6,$99220.0000"
2019-06-28 16:00:00.000000000,QUERY_SPREAD,80
2019-06-28 16:00:00.000000000,BEST_BID,"JPM,99220,179"
2019-06-28 16:00:00.000000000,BEST_ASK,"JPM,99651,295"
2019-06-28 16:00:00.000000000,LAST_TRADE,"5,$99220.0000"
2019-06-28 16:00:00.000000000,QUERY_SPREAD,81
2019-06-28 16:00:00.000000000,BEST_BID,"JPM,99220,171"
2019-06-28 16:00:00.000000000,BEST_ASK,"JPM,99651,295"
2019-06-28 16:00:00.000000000,LAST_TRADE,"8,$99220.0000"
2019-06-28 16:00:00.000000000,QUERY_SPREAD,82
2019-06-28 16:00:00.000000000,BEST_BID,"JPM,99220,163"
2019-06-28 16:00:00.000000000,BEST_ASK,"JPM,99651,295"
2019-06-28 16:00:00.000000000,LAST_TRADE,"8,$99220.0000"
2019-06-28 16:00:00.000000000,QUERY_SPREAD,83
2019-06-28 16:00:00.000000000,BEST_BID,"JPM,99220,161"
2019-06-28 16:00:00.000000000,BEST_ASK,"JPM,99651,295"
2019-06-28 16:00:00.000000000,LAST_TRADE,"2,$99220.0000"
2019-06-28 16:00:00.000000000,QUERY_SPREAD,84
2019-06-28 16:00:00.000000000,BEST_BID,"JPM,99220,160"
2019-06-28 16:00:00.000000000,BEST_ASK,"JPM,99651,295"
2019-06-28 16:00:00.000000000,LAST_TRADE,"1,$99220.0000"
2019-06-28 16:00:00.000000000,QUERY_SPREAD,85
2019-06-28 16:00:00.000000000,BEST_BID,"JPM,99220,159"
2019-06-28 16:00:00.000000000,BEST_ASK,"JPM,99651,295"
2019-06-28 16:00:00.000000000,LAST_TRADE,"1,$99220.0000"
2019-06-28 16:00:00.000000000,QUERY_SPREAD,86
2019-06-28 16:00:00.000000000,BEST_BID,"JPM,99220,153"
2019-06-28 16:00:00.000000000,BEST_ASK,"JPM,99651,295"
2019-06-28 16:00:00.000000000,LAST_TRADE,"6,$99220.0000"
2019-06-28 16:00:00.000000000,QUERY_SPREAD,87
2019-06-28 16:00:00.000000000,BEST_BID,"JPM,99220,150"
2019-06-28 16:00:00.000000000,BEST_ASK,"JPM,99651,295"
2019-06-28 16:00:00.000000000,LAST_TRADE,"3,$99220.0000"
2019-06-28 16:00:00.000000000,QUERY_SPREAD,88
2019-06-28 16:00:00.000000000,BEST_BID,"JPM,99220,146"
2019-06-28 16:00:00.000000000,BEST_ASK,"JPM,99651,295"
2019-06-28 16:00:00.000000000,LAST_TRADE,"4,$99220.0000"
2019-06-28 16:00:00.000000000,QUERY_SPREAD,89
2019-06-28 16:00:00.000000000,BEST_BID,"JPM,99220,142"
2019-06-28 16:00:00.000000000,BEST_ASK,"JPM,99651,295"
2019-06-28 16:00:00.000000000,LAST_TRADE,"4,$99220.0000"
2019-06-28 16:00:00.000000000,QUERY_SPREAD,90
2019-06-28 16:00:00.000000000,BEST_BID,"JPM,99220,135"
2019-06-28 16:00:00.000000000,BEST_ASK,"JPM,99651,295"
2019-06-28 16:00:00.000000000,LAST_TRADE,"7,$99220.0000"
2019-06-28 16:00:00.000000000,QUERY_SPREAD,91
2019-06-28 16:00:00.000000000,BEST_BID,"JPM,99220,127"
2019-06-28 16:00:00.000000000,BEST_ASK,"JPM,99651,295"
2019-06-28 16:00:00.000000000,LAST_TRADE,"8,$99220.0000"
2019-06-28 16:00:00.000000000,QUERY_SPREAD,92
2019-06-28 16:00:00.000000000,BEST_BID,"JPM,99220,122"
2019-06-28 16:00:00.000000000,BEST_ASK,"JPM,99651,295"
2019-06-28 16:00:00.000000000,LAST_TRADE,"5,$99220.0000"
2019-06-28 16:00:00.000000000,QUERY_SPREAD,93
2019-06-28 16:00:00.000000000,BEST_BID,"JPM,99220,119"
2019-06-28 16:00:00.000000000,BEST_ASK,"JPM,99651,295"
2019-06-28 16:00:00.000000000,LAST_TRADE,"3,$99220.0000"
2019-06-28 16:00:00.000000000,QUERY_SPREAD,94
2019-06-28 16:00:00.000000000,BEST_BID,"JPM,99220,115"
2019-06-28 16:00:00.000000000,BEST_ASK,"JPM,99651,295"
2019-06-28 16:00:00.000000000,LAST_TRADE,"4,$99220.0000"
2019-06-28 16:00:00.000000000,QUERY_SPREAD,95
2019-06-28 16:00:00.000000000,BEST_BID,"JPM,99220,110"
2019-06-28 16:00:00.000000000,BEST_ASK,"JPM,99651,295"
2019-06-28 16:00:00.000000000,LAST_TRADE,"5,$99220.0000"
2019-06-28 16:00:00.000000000,QUERY_SPREAD,96
2019-06-28 16:00:00.000000000,BEST_BID,"JPM,99220,109"
2019-06-28 16:00:00.000000000,BEST_ASK,"JPM,99651,295"
2019-06-28 16:00:00.000000000,LAST_TRADE,"1,$99220.0000"
2019-06-28 16:00:00.000000000,QUERY_SPREAD,97
2019-06-28 16:00:00.000000000,BEST_BID,"JPM,99220,102"
2019-06-28 16:00:00.000000000,BEST_ASK,"JPM,99651,295"
2019-06-28 16:00:00.000000000,LAST_TRADE,"7,$99220.0000"
2019-06-28 16:00:00.000000000,QUERY_SPREAD,98
2019-06-28 16:00:00.000000000,BEST_BID,"JPM,99220,96"
2019-06-28 16:00:00.000000000,BEST_ASK,"JPM,99651,295"
2019-06-28 16:00:00.000000000,LAST_TRADE,"6,$99220.0000"
2019-06-28 16:00:00.000000000,QUERY_SPREAD,99
2019-06-28 16:00:00.000000000,BEST_BID,"JPM,99220,91"
2019-06-28 16:00:00.000000000,BEST_ASK,"JPM,99651,295"
2019-06-28 16:00:00.000000000,LAST_TRADE,"5,$99220.0000"
2019-06-28 16:00:00.000000000,QUERY_SPREAD,100
2019-06-28 16:00:00.000000000,BEST_BID,"JPM,99220,84"
2019-06-28 16:00:00.000000000,BEST_ASK,"JPM,99651,295"
2019-06-28 16:00:00.000000000,LAST_TRADE,"7,$99220.0000"
2019-06-28 16:00:00.000000000,QUERY_SPREAD,101
2019-06-28 16:00:00.000000000,QUERY_ORDER_STREAM,101
2019-06-28 16:00:10.000000000,QUERY_SPREAD,1
2019-06-28 16:00:17.240318336,QUERY_SPREAD,16
2019-06-28 16:00:21.085229678,QUERY_ORDER_STREAM,64
2019-06-28 16:00:26.808177577,QUERY_ORDER_STREAM,61
2019-06-28 16:00:34.804584452,QUERY_ORDER_STREAM,53
2019-06-28 16:00:42.943599633,QUERY_SPREAD,17
2019-06-28 16:01:00.000000000,QUERY_SPREAD,77
2019-06-28 16:01:00.000000000,QUERY_SPREAD,78
2019-06-28 16:01:00.000000000,QUERY_SPREAD,79
2019-06-28 16:01:00.000000000,QUERY_SPREAD,80
2019-06-28 16:01:00.000000000,QUERY_SPREAD,81
2019-06-28 16:01:00.000000000,QUERY_SPREAD,82
2019-06-28 16:01:00.000000000,QUERY_SPREAD,83
2019-06-28 16:01:00.000000000,QUERY_SPREAD,84
2019-06-28 16:01:00.000000000,QUERY_SPREAD,85
2019-06-28 16:01:00.000000000,QUERY_SPREAD,86
2019-06-28 16:01:00.000000000,QUERY_SPREAD,87
2019-06-28 16:01:00.000000000,QUERY_SPREAD,88
2019-06-28 16:01:00.000000000,QUERY_SPREAD,89
2019-06-28 16:01:00.000000000,QUERY_SPREAD,90
2019-06-28 16:01:00.000000000,QUERY_SPREAD,91
2019-06-28 16:01:00.000000000,QUERY_SPREAD,92
2019-06-28 16:01:00.000000000,QUERY_SPREAD,93
2019-06-28 16:01:00.000000000,QUERY_SPREAD,94
2019-06-28 16:01:00.000000000,QUERY_SPREAD,95
2019-06-28 16:01:00.000000000,QUERY_SPREAD,96
2019-06-28 16:01:00.000000000,QUERY_SPREAD,97
2019-06-28 16:01:00.000000000,QUERY_SPREAD,98
2019-06-28 16:01:00.000000000,QUERY_SPREAD,99
2019-06-28 16:01:00.000000000,QUERY_SPREAD,100
2019-06-28 16:01:00.000000000,QUERY_SPREAD,101
2019-06-28 16:01:00.000000000,QUERY_ORDER_STREAM,101
