EventTime,EventType,Event
,AGENT_TYPE,MomentumAgent
,STARTING_CASH,10000000
2019-06-28 09:30:00,HOLDINGS_UPDATED,{'CASH': 10000000}
2019-06-28 09:31:00,BID_DEPTH,"[(100001, 204)]"
2019-06-28 09:31:00,ASK_DEPTH,"[(100020, 304)]"
2019-06-28 09:31:00,IMBALANCE,"[204, 304]"
2019-06-28 09:32:00,BID_DEPTH,"[(100006, 204)]"
2019-06-28 09:32:00,ASK_DEPTH,"[(100020, 304)]"
2019-06-28 09:32:00,IMBALANCE,"[204, 304]"
2019-06-28 09:33:00,BID_DEPTH,"[(100007, 184)]"
2019-06-28 09:33:00,ASK_DEPTH,"[(100043, 184)]"
2019-06-28 09:33:00,IMBALANCE,"[184, 184]"
2019-06-28 09:34:00,BID_DEPTH,"[(100007, 284)]"
2019-06-28 09:34:00,ASK_DEPTH,"[(100055, 184)]"
2019-06-28 09:34:00,IMBALANCE,"[284, 184]"
2019-06-28 09:35:00,BID_DEPTH,"[(100007, 618)]"
2019-06-28 09:35:00,ASK_DEPTH,"[(100062, 518)]"
2019-06-28 09:35:00,IMBALANCE,"[618, 518]"
2019-06-28 09:36:00,BID_DEPTH,"[(100055, 309)]"
2019-06-28 09:36:00,ASK_DEPTH,"[(100069, 309)]"
2019-06-28 09:36:00,IMBALANCE,"[309, 309]"
2019-06-28 09:37:00,BID_DEPTH,"[(100062, 518)]"
2019-06-28 09:37:00,ASK_DEPTH,"[(100074, 518)]"
2019-06-28 09:37:00,IMBALANCE,"[518, 518]"
2019-06-28 09:38:00,BID_DEPTH,"[(100066, 204)]"
2019-06-28 09:38:00,ASK_DEPTH,"[(100090, 204)]"
2019-06-28 09:38:00,IMBALANCE,"[204, 204]"
2019-06-28 09:39:00,BID_DEPTH,"[(100074, 518)]"
2019-06-28 09:39:00,ASK_DEPTH,"[(100093, 518)]"
2019-06-28 09:39:00,IMBALANCE,"[518, 518]"
2019-06-28 09:40:00,BID_DEPTH,"[(100074, 242)]"
2019-06-28 09:40:00,ASK_DEPTH,"[(100097, 242)]"
2019-06-28 09:40:00,IMBALANCE,"[242, 242]"
2019-06-28 09:41:00,BID_DEPTH,"[(100140, 434)]"
2019-06-28 09:41:00,ASK_DEPTH,"[(100222, 518)]"
2019-06-28 09:41:00,IMBALANCE,"[434, 518]"
2019-06-28 09:42:00,BID_DEPTH,"[(100140, 158)]"
2019-06-28 09:42:00,ASK_DEPTH,"[(100495, 242)]"
2019-06-28 09:42:00,IMBALANCE,"[158, 242]"
2019-06-28 09:43:00,BID_DEPTH,"[(100485, 242)]"
2019-06-28 09:43:00,ASK_DEPTH,"[(100601, 242)]"
2019-06-28 09:43:00,IMBALANCE,"[242, 242]"
2019-06-28 09:44:00,BID_DEPTH,"[(100601, 242)]"
2019-06-28 09:44:00,ASK_DEPTH,"[(101505, 242)]"
2019-06-28 09:44:00,IMBALANCE,"[242, 242]"
2019-06-28 09:45:00,BID_DEPTH,"[(100769, 618)]"
2019-06-28 09:45:00,ASK_DEPTH,"[(101406, 518)]"
2019-06-28 09:45:00,IMBALANCE,"[618, 518]"
2019-06-28 09:46:00,BID_DEPTH,"[(101514, 309)]"
2019-06-28 09:46:00,ASK_DEPTH,"[(101646, 309)]"
2019-06-28 09:46:00,IMBALANCE,"[309, 309]"
2019-06-28 09:47:00,BID_DEPTH,"[(101514, 242)]"
2019-06-28 09:47:00,ASK_DEPTH,"[(101652, 242)]"
2019-06-28 09:47:00,IMBALANCE,"[242, 242]"
2019-06-28 09:48:00,BID_DEPTH,"[(101652, 518)]"
2019-06-28 09:48:00,ASK_DEPTH,"[(101799, 518)]"
2019-06-28 09:48:00,IMBALANCE,"[518, 518]"
2019-06-28 09:49:00,BID_DEPTH,"[(101517, 184)]"
2019-06-28 09:49:00,ASK_DEPTH,"[(101799, 184)]"
2019-06-28 09:49:00,IMBALANCE,"[184, 184]"
2019-06-28 09:50:00,BID_DEPTH,"[(101180, 184)]"
2019-06-28 09:50:00,ASK_DEPTH,"[(101652, 384)]"
2019-06-28 09:50:00,IMBALANCE,"[184, 384]"
2019-06-28 09:51:00,BID_DEPTH,"[(101180, 242)]"
2019-06-28 09:51:00,ASK_DEPTH,"[(101249, 242)]"
2019-06-28 09:51:00,IMBALANCE,"[242, 242]"
2019-06-28 09:52:00,BID_DEPTH,"[(100769, 304)]"
2019-06-28 09:52:00,ASK_DEPTH,"[(101249, 204)]"
2019-06-28 09:52:00,IMBALANCE,"[304, 204]"
2019-06-28 09:53:00,BID_DEPTH,"[(100769, 204)]"
2019-06-28 09:53:00,ASK_DEPTH,"[(101249, 204)]"
2019-06-28 09:53:00,IMBALANCE,"[204, 204]"
2019-06-28 09:54:00,BID_DEPTH,"[(100579, 184)]"
2019-06-28 09:54:00,ASK_DEPTH,"[(101180, 184)]"
2019-06-28 09:54:00,IMBALANCE,"[184, 184]"
2019-06-28 09:55:00,BID_DEPTH,"[(100297, 242)]"
2019-06-28 09:55:00,ASK_DEPTH,"[(101180, 242)]"
2019-06-28 09:55:00,IMBALANCE,"[242, 242]"
2019-06-28 09:56:00,BID_DEPTH,"[(100386, 242)]"
2019-06-28 09:56:00,ASK_DEPTH,"[(100410, 242)]"
2019-06-28 09:56:00,IMBALANCE,"[242, 242]"
2019-06-28 09:57:00,BID_DEPTH,"[(100297, 242)]"
2019-06-28 09:57:00,ASK_DEPTH,"[(100410, 242)]"
2019-06-28 09:57:00,IMBALANCE,"[242, 242]"
2019-06-28 09:58:00,BID_DEPTH,"[(100177, 204)]"
2019-06-28 09:58:00,ASK_DEPTH,"[(100410, 204)]"
2019-06-28 09:58:00,IMBALANCE,"[204, 204]"
2019-06-28 09:59:00,BID_DEPTH,"[(100298, 204)]"
2019-06-28 09:59:00,ASK_DEPTH,"[(100332, 204)]"
2019-06-28 09:59:00,IMBALANCE,"[204, 204]"
2019-06-28 10:00:00,BID_DEPTH,"[(100298, 518)]"
2019-06-28 10:00:00,ASK_DEPTH,"[(100332, 518)]"
2019-06-28 10:00:00,IMBALANCE,"[518, 518]"
2019-06-28 10:01:00,BID_DEPTH,"[(100333, 204)]"
2019-06-28 10:01:00,ASK_DEPTH,"[(100754, 204)]"
2019-06-28 10:01:00,IMBALANCE,"[204, 204]"
2019-06-28 10:02:00,BID_DEPTH,"[(100487, 184)]"
2019-06-28 10:02:00,ASK_DEPTH,"[(100754, 184)]"
2019-06-28 10:02:00,IMBALANCE,"[184, 184]"
2019-06-28 10:03:00,BID_DEPTH,"[(100564, 518)]"
2019-06-28 10:03:00,ASK_DEPTH,"[(100666, 518)]"
2019-06-28 10:03:00,IMBALANCE,"[518, 518]"
2019-06-28 10:04:00,BID_DEPTH,"[(100487, 518)]"
2019-06-28 10:04:00,ASK_DEPTH,"[(100666, 518)]"
2019-06-28 10:04:00,IMBALANCE,"[518, 518]"
2019-06-28 10:05:00,BID_DEPTH,"[(100487, 309)]"
2019-06-28 10:05:00,ASK_DEPTH,"[(100787, 309)]"
2019-06-28 10:05:00,IMBALANCE,"[309, 309]"
2019-06-28 10:06:00,BID_DEPTH,"[(100723, 204)]"
2019-06-28 10:06:00,ASK_DEPTH,"[(100787, 204)]"
2019-06-28 10:06:00,IMBALANCE,"[204, 204]"
2019-06-28 10:07:00,BID_DEPTH,"[(100723, 518)]"
2019-06-28 10:07:00,ASK_DEPTH,"[(100787, 518)]"
2019-06-28 10:07:00,IMBALANCE,"[518, 518]"
2019-06-28 10:08:00,BID_DEPTH,"[(100723, 204)]"
2019-06-28 10:08:00,ASK_DEPTH,"[(100787, 204)]"
2019-06-28 10:08:00,IMBALANCE,"[204, 204]"
2019-06-28 10:09:00,BID_DEPTH,"[(100565, 309)]"
2019-06-28 10:09:00,ASK_DEPTH,"[(100579, 309)]"
2019-06-28 10:09:00,IMBALANCE,"[309, 309]"
2019-06-28 10:10:00,BID_DEPTH,"[(100565, 204)]"
2019-06-28 10:10:00,ASK_DEPTH,"[(100579, 204)]"
2019-06-28 10:10:00,IMBALANCE,"[204, 204]"
2019-06-28 10:11:00,BID_DEPTH,"[(100544, 204)]"
2019-06-28 10:11:00,ASK_DEPTH,"[(100619, 204)]"
2019-06-28 10:11:00,IMBALANCE,"[204, 204]"
2019-06-28 10:12:00,BID_DEPTH,"[(100580, 518)]"
2019-06-28 10:12:00,ASK_DEPTH,"[(100619, 518)]"
2019-06-28 10:12:00,IMBALANCE,"[518, 518]"
2019-06-28 10:13:00,BID_DEPTH,"[(100544, 204)]"
2019-06-28 10:13:00,ASK_DEPTH,"[(100619, 204)]"
2019-06-28 10:13:00,IMBALANCE,"[204, 204]"
2019-06-28 10:14:00,BID_DEPTH,"[(100544, 309)]"
2019-06-28 10:14:00,ASK_DEPTH,"[(100619, 309)]"
2019-06-28 10:14:00,IMBALANCE,"[309, 309]"
2019-06-28 10:15:00,BID_DEPTH,"[(100445, 309)]"
2019-06-28 10:15:00,ASK_DEPTH,"[(100580, 409)]"
2019-06-28 10:15:00,IMBALANCE,"[309, 409]"
2019-06-28 10:16:00,BID_DEPTH,"[(100488, 518)]"
2019-06-28 10:16:00,ASK_DEPTH,"[(100580, 518)]"
2019-06-28 10:16:00,IMBALANCE,"[518, 518]"
2019-06-28 10:17:00,BID_DEPTH,"[(100580, 242)]"
2019-06-28 10:17:00,ASK_DEPTH,"[(100629, 242)]"
2019-06-28 10:17:00,IMBALANCE,"[242, 242]"
2019-06-28 10:18:00,BID_DEPTH,"[(100445, 518)]"
2019-06-28 10:18:00,ASK_DEPTH,"[(100488, 518)]"
2019-06-28 10:18:00,IMBALANCE,"[518, 518]"
2019-06-28 10:19:00,BID_DEPTH,"[(100428, 309)]"
2019-06-28 10:19:00,ASK_DEPTH,"[(100488, 309)]"
2019-06-28 10:19:00,IMBALANCE,"[309, 309]"
2019-06-28 10:20:00,BID_DEPTH,"[(100332, 184)]"
2019-06-28 10:20:00,ASK_DEPTH,"[(100488, 184)]"
2019-06-28 10:20:00,IMBALANCE,"[184, 184]"
2019-06-28 10:21:00,BID_DEPTH,"[(100332, 185)]"
2019-06-28 10:21:00,ASK_DEPTH,"[(100361, 409)]"
2019-06-28 10:21:00,IMBALANCE,"[185, 409]"
2019-06-28 10:21:00,HOLDINGS_UPDATED,"{'CASH': 10401328, 'JPM': -4}"
2019-06-28 10:22:00,BID_DEPTH,"[(100288, 185)]"
2019-06-28 10:22:00,ASK_DEPTH,"[(100361, 409)]"
2019-06-28 10:22:00,IMBALANCE,"[185, 409]"
2019-06-28 10:22:00,HOLDINGS_UPDATED,"{'CASH': 10802480, 'JPM': -8}"
2019-06-28 10:23:00,BID_DEPTH,"[(100055, 80)]"
2019-06-28 10:23:00,ASK_DEPTH,"[(100058, 204)]"
2019-06-28 10:23:00,IMBALANCE,"[80, 204]"
2019-06-28 10:23:00,HOLDINGS_UPDATED,"{'CASH': 11202700, 'JPM': -12}"
2019-06-28 10:24:00,BID_DEPTH,"[(100011, 394)]"
2019-06-28 10:24:00,ASK_DEPTH,"[(100288, 518)]"
2019-06-28 10:24:00,IMBALANCE,"[394, 518]"
2019-06-28 10:24:00,HOLDINGS_UPDATED,"{'CASH': 11602744, 'JPM': -16}"
2019-06-28 10:25:00,BID_DEPTH,[]
2019-06-28 10:25:00,ASK_DEPTH,"[(100361, 200)]"
2019-06-28 10:25:00,IMBALANCE,"[0, 200]"
2019-06-28 10:26:00,BID_DEPTH,[]
2019-06-28 10:26:00,ASK_DEPTH,"[(100371, 100)]"
2019-06-28 10:26:00,IMBALANCE,"[0, 100]"
2019-06-28 10:27:00,BID_DEPTH,"[(100288, 185)]"
2019-06-28 10:27:00,ASK_DEPTH,"[(100371, 309)]"
2019-06-28 10:27:00,IMBALANCE,"[185, 309]"
2019-06-28 10:27:00,HOLDINGS_UPDATED,"{'CASH': 12003896, 'JPM': -20}"
2019-06-28 10:28:00,BID_DEPTH,"[(100288, 494)]"
2019-06-28 10:28:00,ASK_DEPTH,"[(100371, 518)]"
2019-06-28 10:28:00,IMBALANCE,"[494, 518]"
2019-06-28 10:28:00,HOLDINGS_UPDATED,"{'CASH': 12405048, 'JPM': -24}"
2019-06-28 10:29:00,BID_DEPTH,"[(100289, 180)]"
2019-06-28 10:29:00,ASK_DEPTH,"[(100629, 204)]"
2019-06-28 10:29:00,IMBALANCE,"[180, 204]"
2019-06-28 10:29:00,HOLDINGS_UPDATED,"{'CASH': 12806204, 'JPM': -28}"
2019-06-28 10:30:00,BID_DEPTH,"[(100289, 366)]"
2019-06-28 10:30:00,ASK_DEPTH,"[(100742, 518)]"
2019-06-28 10:30:00,IMBALANCE,"[366, 518]"
2019-06-28 10:30:00,HOLDINGS_UPDATED,"{'CASH': 13207360, 'JPM': -32}"
2019-06-28 10:31:00,BID_DEPTH,"[(100288, 80)]"
2019-06-28 10:31:00,ASK_DEPTH,"[(100841, 204)]"
2019-06-28 10:31:00,IMBALANCE,"[80, 204]"
2019-06-28 10:31:00,HOLDINGS_UPDATED,"{'CASH': 13608512, 'JPM': -36}"
2019-06-28 10:32:00,BID_DEPTH,"[(100288, 494)]"
2019-06-28 10:32:00,ASK_DEPTH,"[(100841, 518)]"
2019-06-28 10:32:00,IMBALANCE,"[494, 518]"
2019-06-28 10:32:00,HOLDINGS_UPDATED,"{'CASH': 14009664, 'JPM': -40}"
2019-06-28 10:33:00,BID_DEPTH,"[(100841, 185)]"
2019-06-28 10:33:00,ASK_DEPTH,"[(100881, 309)]"
2019-06-28 10:33:00,IMBALANCE,"[185, 309]"
2019-06-28 10:33:00,HOLDINGS_UPDATED,"{'CASH': 14413028, 'JPM': -44}"
2019-06-28 10:34:00,BID_DEPTH,"[(100841, 180)]"
2019-06-28 10:34:00,ASK_DEPTH,"[(100900, 204)]"
2019-06-28 10:34:00,IMBALANCE,"[180, 204]"
2019-06-28 10:34:00,HOLDINGS_UPDATED,"{'CASH': 14816392, 'JPM': -48}"
2019-06-28 10:35:00,BID_DEPTH,"[(100566, 394)]"
2019-06-28 10:35:00,ASK_DEPTH,"[(100841, 518)]"
2019-06-28 10:35:00,IMBALANCE,"[394, 518]"
2019-06-28 10:35:00,HOLDINGS_UPDATED,"{'CASH': 15218656, 'JPM': -52}"
2019-06-28 10:36:00,BID_DEPTH,"[(100288, 132)]"
2019-06-28 10:36:00,ASK_DEPTH,"[(100841, 184)]"
2019-06-28 10:36:00,IMBALANCE,"[132, 184]"
2019-06-28 10:36:00,HOLDINGS_UPDATED,"{'CASH': 15619808, 'JPM': -56}"
2019-06-28 10:37:00,BID_DEPTH,"[(99704, 118)]"
2019-06-28 10:37:00,ASK_DEPTH,"[(100288, 342)]"
2019-06-28 10:37:00,IMBALANCE,"[118, 342]"
2019-06-28 10:37:00,HOLDINGS_UPDATED,"{'CASH': 16018624, 'JPM': -60}"
2019-06-28 10:38:00,BID_DEPTH,"[(99705, 185)]"
2019-06-28 10:38:00,ASK_DEPTH,"[(100288, 409)]"
2019-06-28 10:38:00,IMBALANCE,"[185, 409]"
2019-06-28 10:38:00,HOLDINGS_UPDATED,"{'CASH': 16417444, 'JPM': -64}"
2019-06-28 10:39:00,BID_DEPTH,"[(99705, 321)]"
2019-06-28 10:39:00,ASK_DEPTH,"[(100288, 342)]"
2019-06-28 10:39:00,IMBALANCE,"[321, 342]"
2019-06-28 10:39:00,HOLDINGS_UPDATED,"{'CASH': 16816264, 'JPM': -68}"
2019-06-28 10:40:00,BID_DEPTH,"[(99705, 138)]"
2019-06-28 10:40:00,ASK_DEPTH,"[(100288, 284)]"
2019-06-28 10:40:00,IMBALANCE,"[138, 284]"
2019-06-28 10:40:00,HOLDINGS_UPDATED,"{'CASH': 17215084, 'JPM': -72}"
2019-06-28 10:41:00,BID_DEPTH,"[(99705, 238)]"
2019-06-28 10:41:00,ASK_DEPTH,"[(100288, 409)]"
2019-06-28 10:41:00,IMBALANCE,"[238, 409]"
2019-06-28 10:41:00,HOLDINGS_UPDATED,"{'CASH': 17613904, 'JPM': -76}"
2019-06-28 10:42:00,BID_DEPTH,"[(99745, 118)]"
2019-06-28 10:42:00,ASK_DEPTH,"[(100052, 242)]"
2019-06-28 10:42:00,IMBALANCE,"[118, 242]"
2019-06-28 10:42:00,HOLDINGS_UPDATED,"{'CASH': 18012884, 'JPM': -80}"
2019-06-28 10:43:00,BID_DEPTH,"[(99908, 60)]"
2019-06-28 10:43:00,ASK_DEPTH,"[(100052, 184)]"
2019-06-28 10:43:00,IMBALANCE,"[60, 184]"
2019-06-28 10:43:00,HOLDINGS_UPDATED,"{'CASH': 18412516, 'JPM': -84}"
2019-06-28 10:44:00,BID_DEPTH,"[(99819, 80)]"
2019-06-28 10:44:00,ASK_DEPTH,"[(99908, 145)]"
2019-06-28 10:44:00,IMBALANCE,"[80, 145]"
2019-06-28 10:44:00,HOLDINGS_UPDATED,"{'CASH': 18811792, 'JPM': -88}"
2019-06-28 10:45:00,BID_DEPTH,"[(99745, 297)]"
2019-06-28 10:45:00,ASK_DEPTH,"[(99819, 439)]"
2019-06-28 10:45:00,IMBALANCE,"[297, 439]"
2019-06-28 10:45:00,HOLDINGS_UPDATED,"{'CASH': 19210772, 'JPM': -92}"
2019-06-28 10:46:00,BID_DEPTH,"[(99798, 118)]"
2019-06-28 10:46:00,ASK_DEPTH,"[(99908, 183)]"
2019-06-28 10:46:00,IMBALANCE,"[118, 183]"
2019-06-28 10:46:00,HOLDINGS_UPDATED,"{'CASH': 19609964, 'JPM': -96}"
2019-06-28 10:47:00,BID_DEPTH,"[(99798, 88)]"
2019-06-28 10:47:00,ASK_DEPTH,"[(99842, 309)]"
2019-06-28 10:47:00,IMBALANCE,"[88, 309]"
2019-06-28 10:47:00,HOLDINGS_UPDATED,"{'CASH': 20009156, 'JPM': -100}"
2019-06-28 10:48:00,BID_DEPTH,"[(99745, 397)]"
2019-06-28 10:48:00,ASK_DEPTH,"[(99842, 518)]"
2019-06-28 10:48:00,IMBALANCE,"[397, 518]"
2019-06-28 10:48:00,HOLDINGS_UPDATED,"{'CASH': 20408136, 'JPM': -104}"
2019-06-28 10:49:00,BID_DEPTH,"[(99706, 394)]"
2019-06-28 10:49:00,ASK_DEPTH,"[(99717, 514)]"
2019-06-28 10:49:00,IMBALANCE,"[394, 514]"
2019-06-28 10:49:00,HOLDINGS_UPDATED,"{'CASH': 20806960, 'JPM': -108}"
2019-06-28 10:50:00,BID_DEPTH,"[(99706, 188)]"
2019-06-28 10:50:00,ASK_DEPTH,"[(99786, 309)]"
2019-06-28 10:50:00,IMBALANCE,"[188, 309]"
2019-06-28 10:50:00,HOLDINGS_UPDATED,"{'CASH': 21205784, 'JPM': -112}"
2019-06-28 10:51:00,BID_DEPTH,"[(99678, 153)]"
2019-06-28 10:51:00,ASK_DEPTH,"[(99705, 6)]"
2019-06-28 10:51:00,IMBALANCE,"[153, 6]"
2019-06-28 10:51:00,HOLDINGS_UPDATED,"{'CASH': 21604496, 'JPM': -116}"
2019-06-28 10:52:00,BID_DEPTH,"[(99692, 80)]"
2019-06-28 10:52:00,ASK_DEPTH,"[(99705, 110)]"
2019-06-28 10:52:00,IMBALANCE,"[80, 110]"
2019-06-28 10:52:00,HOLDINGS_UPDATED,"{'CASH': 22003264, 'JPM': -120}"
2019-06-28 10:53:00,BID_DEPTH,"[(99678, 88)]"
2019-06-28 10:53:00,ASK_DEPTH,"[(99705, 215)]"
2019-06-28 10:53:00,IMBALANCE,"[88, 215]"
2019-06-28 10:53:00,HOLDINGS_UPDATED,"{'CASH': 22401976, 'JPM': -124}"
2019-06-28 10:54:00,BID_DEPTH,"[(99619, 118)]"
2019-06-28 10:54:00,ASK_DEPTH,"[(99678, 255)]"
2019-06-28 10:54:00,IMBALANCE,"[118, 255]"
2019-06-28 10:54:00,HOLDINGS_UPDATED,"{'CASH': 22800452, 'JPM': -128}"
2019-06-28 10:55:00,BID_DEPTH,"[(99613, 118)]"
2019-06-28 10:55:00,ASK_DEPTH,"[(99678, 255)]"
2019-06-28 10:55:00,IMBALANCE,"[118, 255]"
2019-06-28 10:55:00,HOLDINGS_UPDATED,"{'CASH': 23198904, 'JPM': -132}"
2019-06-28 10:56:00,BID_DEPTH,"[(99610, 394)]"
2019-06-28 10:56:00,ASK_DEPTH,"[(99678, 531)]"
2019-06-28 10:56:00,IMBALANCE,"[394, 531]"
2019-06-28 10:56:00,HOLDINGS_UPDATED,"{'CASH': 23597344, 'JPM': -136}"
2019-06-28 10:57:00,BID_DEPTH,"[(99514, 394)]"
2019-06-28 10:57:00,ASK_DEPTH,"[(99610, 511)]"
2019-06-28 10:57:00,IMBALANCE,"[394, 511]"
2019-06-28 10:57:00,HOLDINGS_UPDATED,"{'CASH': 23995400, 'JPM': -140}"
2019-06-28 10:58:00,BID_DEPTH,"[(99514, 88)]"
2019-06-28 10:58:00,ASK_DEPTH,"[(99610, 302)]"
2019-06-28 10:58:00,IMBALANCE,"[88, 302]"
2019-06-28 10:58:00,HOLDINGS_UPDATED,"{'CASH': 24393456, 'JPM': -144}"
2019-06-28 10:59:00,BID_DEPTH,"[(99495, 118)]"
2019-06-28 10:59:00,ASK_DEPTH,"[(99514, 355)]"
2019-06-28 10:59:00,IMBALANCE,"[118, 355]"
2019-06-28 10:59:00,HOLDINGS_UPDATED,"{'CASH': 24791436, 'JPM': -148}"
2019-06-28 11:00:00,BID_DEPTH,"[(99495, 21)]"
2019-06-28 11:00:00,ASK_DEPTH,"[(99514, 355)]"
2019-06-28 11:00:00,IMBALANCE,"[21, 355]"
2019-06-28 11:00:00,HOLDINGS_UPDATED,"{'CASH': 25189416, 'JPM': -152}"
2019-06-28 11:01:00,BID_DEPTH,"[(99433, 153)]"
2019-06-28 11:01:00,ASK_DEPTH,"[(99495, 6)]"
2019-06-28 11:01:00,IMBALANCE,"[153, 6]"
2019-06-28 11:01:00,HOLDINGS_UPDATED,"{'CASH': 25587148, 'JPM': -156}"
2019-06-28 11:02:00,BID_DEPTH,"[(99433, 48)]"
2019-06-28 11:02:00,ASK_DEPTH,"[(99483, 204)]"
2019-06-28 11:02:00,IMBALANCE,"[48, 204]"
2019-06-28 11:02:00,HOLDINGS_UPDATED,"{'CASH': 25984880, 'JPM': -160}"
2019-06-28 11:03:00,BID_DEPTH,"[(99232, 60)]"
2019-06-28 11:03:00,ASK_DEPTH,"[(99429, 100)]"
2019-06-28 11:03:00,IMBALANCE,"[60, 100]"
2019-06-28 11:03:00,HOLDINGS_UPDATED,"{'CASH': 26381808, 'JPM': -164}"
2019-06-28 11:04:00,BID_DEPTH,"[(99158, 118)]"
2019-06-28 11:04:00,ASK_DEPTH,"[(99232, 155)]"
2019-06-28 11:04:00,IMBALANCE,"[118, 155]"
2019-06-28 11:04:00,HOLDINGS_UPDATED,"{'CASH': 26778440, 'JPM': -168}"
2019-06-28 11:05:00,BID_DEPTH,"[(99158, 88)]"
2019-06-28 11:05:00,ASK_DEPTH,"[(99232, 222)]"
2019-06-28 11:05:00,IMBALANCE,"[88, 222]"
2019-06-28 11:05:00,HOLDINGS_UPDATED,"{'CASH': 27175072, 'JPM': -172}"
2019-06-28 11:06:00,BID_DEPTH,"[(99114, 153)]"
2019-06-28 11:06:00,ASK_DEPTH,"[(99158, 6)]"
2019-06-28 11:06:00,IMBALANCE,"[153, 6]"
2019-06-28 11:06:00,HOLDINGS_UPDATED,"{'CASH': 27571528, 'JPM': -176}"
2019-06-28 11:07:00,BID_DEPTH,"[(99114, 28)]"
2019-06-28 11:07:00,ASK_DEPTH,"[(99158, 90)]"
2019-06-28 11:07:00,IMBALANCE,"[28, 90]"
2019-06-28 11:07:00,HOLDINGS_UPDATED,"{'CASH': 27967984, 'JPM': -180}"
2019-06-28 11:08:00,BID_DEPTH,"[(99110, 118)]"
2019-06-28 11:08:00,ASK_DEPTH,"[(99114, 315)]"
2019-06-28 11:08:00,IMBALANCE,"[118, 315]"
2019-06-28 11:08:00,HOLDINGS_UPDATED,"{'CASH': 28364424, 'JPM': -184}"
2019-06-28 11:09:00,BID_DEPTH,"[(99042, 60)]"
2019-06-28 11:09:00,ASK_DEPTH,"[(99114, 257)]"
2019-06-28 11:09:00,IMBALANCE,"[60, 257]"
2019-06-28 11:09:00,HOLDINGS_UPDATED,"{'CASH': 28760592, 'JPM': -188}"
2019-06-28 11:10:00,BID_DEPTH,"[(98918, 394)]"
2019-06-28 11:10:00,ASK_DEPTH,"[(98927, 518)]"
2019-06-28 11:10:00,IMBALANCE,"[394, 518]"
2019-06-28 11:10:00,HOLDINGS_UPDATED,"{'CASH': 29156264, 'JPM': -192}"
2019-06-28 11:11:00,BID_DEPTH,"[(98928, 80)]"
2019-06-28 11:11:00,ASK_DEPTH,"[(99042, 217)]"
2019-06-28 11:11:00,IMBALANCE,"[80, 217]"
2019-06-28 11:11:00,HOLDINGS_UPDATED,"{'CASH': 29551976, 'JPM': -196}"
2019-06-28 11:12:00,BID_DEPTH,"[(98948, 394)]"
2019-06-28 11:12:00,ASK_DEPTH,"[(99042, 531)]"
2019-06-28 11:12:00,IMBALANCE,"[394, 531]"
2019-06-28 11:12:00,HOLDINGS_UPDATED,"{'CASH': 29947768, 'JPM': -200}"
2019-06-28 11:13:00,BID_DEPTH,"[(98918, 297)]"
2019-06-28 11:13:00,ASK_DEPTH,"[(99042, 531)]"
2019-06-28 11:13:00,IMBALANCE,"[297, 531]"
2019-06-28 11:13:00,HOLDINGS_UPDATED,"{'CASH': 30343440, 'JPM': -204}"
2019-06-28 11:14:00,BID_DEPTH,"[(98885, 394)]"
2019-06-28 11:14:00,ASK_DEPTH,"[(99042, 531)]"
2019-06-28 11:14:00,IMBALANCE,"[394, 531]"
2019-06-28 11:14:00,HOLDINGS_UPDATED,"{'CASH': 30738980, 'JPM': -208}"
2019-06-28 11:15:00,BID_DEPTH,"[(98848, 218)]"
2019-06-28 11:15:00,ASK_DEPTH,"[(98885, 242)]"
2019-06-28 11:15:00,IMBALANCE,"[218, 242]"
2019-06-28 11:15:00,HOLDINGS_UPDATED,"{'CASH': 31134372, 'JPM': -212}"
2019-06-28 11:16:00,BID_DEPTH,"[(98835, 60)]"
2019-06-28 11:16:00,ASK_DEPTH,"[(98848, 97)]"
2019-06-28 11:16:00,IMBALANCE,"[60, 97]"
2019-06-28 11:16:00,HOLDINGS_UPDATED,"{'CASH': 31529712, 'JPM': -216}"
2019-06-28 11:17:00,BID_DEPTH,"[(98849, 394)]"
2019-06-28 11:17:00,ASK_DEPTH,"[(98989, 518)]"
2019-06-28 11:17:00,IMBALANCE,"[394, 518]"
2019-06-28 11:17:00,HOLDINGS_UPDATED,"{'CASH': 31925108, 'JPM': -220}"
2019-06-28 11:18:00,BID_DEPTH,"[(98848, 297)]"
2019-06-28 11:18:00,ASK_DEPTH,"[(98989, 518)]"
2019-06-28 11:18:00,IMBALANCE,"[297, 518]"
2019-06-28 11:18:00,HOLDINGS_UPDATED,"{'CASH': 32320500, 'JPM': -224}"
2019-06-28 11:19:00,BID_DEPTH,"[(98848, 118)]"
2019-06-28 11:19:00,ASK_DEPTH,"[(99029, 242)]"
2019-06-28 11:19:00,IMBALANCE,"[118, 242]"
2019-06-28 11:19:00,HOLDINGS_UPDATED,"{'CASH': 32715892, 'JPM': -228}"
2019-06-28 11:20:00,BID_DEPTH,"[(99042, 83)]"
2019-06-28 11:20:00,ASK_DEPTH,"[(99092, 204)]"
2019-06-28 11:20:00,IMBALANCE,"[83, 204]"
2019-06-28 11:20:00,HOLDINGS_UPDATED,"{'CASH': 33112060, 'JPM': -232}"
2019-06-28 11:21:00,BID_DEPTH,"[(99042, 80)]"
2019-06-28 11:21:00,ASK_DEPTH,"[(99092, 204)]"
2019-06-28 11:21:00,IMBALANCE,"[80, 204]"
2019-06-28 11:21:00,HOLDINGS_UPDATED,"{'CASH': 33508228, 'JPM': -236}"
2019-06-28 11:22:00,BID_DEPTH,"[(99042, 218)]"
2019-06-28 11:22:00,ASK_DEPTH,"[(99104, 242)]"
2019-06-28 11:22:00,IMBALANCE,"[218, 242]"
2019-06-28 11:22:00,HOLDINGS_UPDATED,"{'CASH': 33904396, 'JPM': -240}"
2019-06-28 11:23:00,BID_DEPTH,"[(99158, 28)]"
2019-06-28 11:23:00,ASK_DEPTH,"[(99215, 242)]"
2019-06-28 11:23:00,IMBALANCE,"[28, 242]"
2019-06-28 11:23:00,HOLDINGS_UPDATED,"{'CASH': 34301028, 'JPM': -244}"
2019-06-28 11:24:00,BID_DEPTH,"[(99232, 43)]"
2019-06-28 11:24:00,ASK_DEPTH,"[(99329, 184)]"
2019-06-28 11:24:00,IMBALANCE,"[43, 184]"
2019-06-28 11:24:00,HOLDINGS_UPDATED,"{'CASH': 34697956, 'JPM': -248}"
2019-06-28 11:25:00,BID_DEPTH,"[(99232, 60)]"
2019-06-28 11:25:00,ASK_DEPTH,"[(99329, 184)]"
2019-06-28 11:25:00,IMBALANCE,"[60, 184]"
2019-06-28 11:25:00,HOLDINGS_UPDATED,"{'CASH': 35094884, 'JPM': -252}"
2019-06-28 11:26:00,BID_DEPTH,"[(98957, 118)]"
2019-06-28 11:26:00,ASK_DEPTH,"[(99232, 242)]"
2019-06-28 11:26:00,IMBALANCE,"[118, 242]"
2019-06-28 11:26:00,HOLDINGS_UPDATED,"{'CASH': 35490712, 'JPM': -256}"
2019-06-28 11:27:00,BID_DEPTH,"[(98160, 118)]"
2019-06-28 11:27:00,ASK_DEPTH,"[(98957, 242)]"
2019-06-28 11:27:00,IMBALANCE,"[118, 242]"
2019-06-28 11:27:00,HOLDINGS_UPDATED,"{'CASH': 35883352, 'JPM': -260}"
2019-06-28 11:28:00,BID_DEPTH,"[(98567, 60)]"
2019-06-28 11:28:00,ASK_DEPTH,"[(98910, 184)]"
2019-06-28 11:28:00,IMBALANCE,"[60, 184]"
2019-06-28 11:28:00,HOLDINGS_UPDATED,"{'CASH': 36277620, 'JPM': -264}"
2019-06-28 11:29:00,BID_DEPTH,"[(98160, 193)]"
2019-06-28 11:29:00,ASK_DEPTH,"[(98567, 3)]"
2019-06-28 11:29:00,IMBALANCE,"[193, 3]"
2019-06-28 11:29:00,HOLDINGS_UPDATED,"{'CASH': 36670260, 'JPM': -268}"
2019-06-28 11:30:00,BID_DEPTH,"[(98160, 382)]"
2019-06-28 11:30:00,ASK_DEPTH,"[(98910, 518)]"
2019-06-28 11:30:00,IMBALANCE,"[382, 518]"
2019-06-28 11:30:00,HOLDINGS_UPDATED,"{'CASH': 37062900, 'JPM': -272}"
2019-06-28 11:31:00,BID_DEPTH,"[(98668, 394)]"
2019-06-28 11:31:00,ASK_DEPTH,"[(98690, 518)]"
2019-06-28 11:31:00,IMBALANCE,"[394, 518]"
2019-06-28 11:31:00,HOLDINGS_UPDATED,"{'CASH': 37457572, 'JPM': -276}"
2019-06-28 11:32:00,BID_DEPTH,"[(98630, 80)]"
2019-06-28 11:32:00,ASK_DEPTH,"[(98652, 204)]"
2019-06-28 11:32:00,IMBALANCE,"[80, 204]"
2019-06-28 11:32:00,HOLDINGS_UPDATED,"{'CASH': 37852092, 'JPM': -280}"
2019-06-28 11:33:00,BID_DEPTH,"[(98586, 153)]"
2019-06-28 11:33:00,ASK_DEPTH,"[(98630, 6)]"
2019-06-28 11:33:00,IMBALANCE,"[153, 6]"
2019-06-28 11:33:00,HOLDINGS_UPDATED,"{'CASH': 38246436, 'JPM': -284}"
2019-06-28 11:34:00,BID_DEPTH,"[(98587, 160)]"
2019-06-28 11:34:00,ASK_DEPTH,"[(98783, 184)]"
2019-06-28 11:34:00,IMBALANCE,"[160, 184]"
2019-06-28 11:34:00,HOLDINGS_UPDATED,"{'CASH': 38640784, 'JPM': -288}"
2019-06-28 11:35:00,BID_DEPTH,"[(98588, 80)]"
2019-06-28 11:35:00,ASK_DEPTH,"[(98852, 204)]"
2019-06-28 11:35:00,IMBALANCE,"[80, 204]"
2019-06-28 11:35:00,HOLDINGS_UPDATED,"{'CASH': 39035136, 'JPM': -292}"
2019-06-28 11:36:00,BID_DEPTH,"[(98587, 118)]"
2019-06-28 11:36:00,ASK_DEPTH,"[(98973, 242)]"
2019-06-28 11:36:00,IMBALANCE,"[118, 242]"
2019-06-28 11:36:00,HOLDINGS_UPDATED,"{'CASH': 39429484, 'JPM': -296}"
2019-06-28 11:37:00,BID_DEPTH,"[(98586, 28)]"
2019-06-28 11:37:00,ASK_DEPTH,"[(99232, 184)]"
2019-06-28 11:37:00,IMBALANCE,"[28, 184]"
2019-06-28 11:37:00,HOLDINGS_UPDATED,"{'CASH': 39823828, 'JPM': -300}"
2019-06-28 11:38:00,BID_DEPTH,"[(98586, 218)]"
2019-06-28 11:38:00,ASK_DEPTH,"[(99232, 242)]"
2019-06-28 11:38:00,IMBALANCE,"[218, 242]"
2019-06-28 11:38:00,HOLDINGS_UPDATED,"{'CASH': 40218172, 'JPM': -304}"
2019-06-28 11:39:00,BID_DEPTH,"[(98586, 352)]"
2019-06-28 11:39:00,ASK_DEPTH,"[(99232, 204)]"
2019-06-28 11:39:00,IMBALANCE,"[352, 204]"
2019-06-28 11:39:00,HOLDINGS_UPDATED,"{'CASH': 40612516, 'JPM': -308}"
2019-06-28 11:40:00,BID_DEPTH,"[(98586, 224)]"
2019-06-28 11:40:00,ASK_DEPTH,"[(99390, 204)]"
2019-06-28 11:40:00,IMBALANCE,"[224, 204]"
2019-06-28 11:40:00,HOLDINGS_UPDATED,"{'CASH': 41006860, 'JPM': -312}"
2019-06-28 11:41:00,BID_DEPTH,"[(99005, 185)]"
2019-06-28 11:41:00,ASK_DEPTH,"[(99495, 215)]"
2019-06-28 11:41:00,IMBALANCE,"[185, 215]"
2019-06-28 11:41:00,HOLDINGS_UPDATED,"{'CASH': 41402880, 'JPM': -316}"
2019-06-28 11:42:00,BID_DEPTH,"[(98586, 176)]"
2019-06-28 11:42:00,ASK_DEPTH,"[(99495, 90)]"
2019-06-28 11:42:00,IMBALANCE,"[176, 90]"
2019-06-28 11:42:00,HOLDINGS_UPDATED,"{'CASH': 41797224, 'JPM': -320}"
2019-06-28 11:43:00,BID_DEPTH,"[(98717, 394)]"
2019-06-28 11:43:00,ASK_DEPTH,"[(99026, 518)]"
2019-06-28 11:43:00,IMBALANCE,"[394, 518]"
2019-06-28 11:43:00,HOLDINGS_UPDATED,"{'CASH': 42192092, 'JPM': -324}"
2019-06-28 11:44:00,BID_DEPTH,"[(98717, 594)]"
2019-06-28 11:44:00,ASK_DEPTH,"[(99026, 518)]"
2019-06-28 11:44:00,IMBALANCE,"[594, 518]"
2019-06-28 11:44:00,HOLDINGS_UPDATED,"{'CASH': 42586960, 'JPM': -328}"
2019-06-28 11:45:00,BID_DEPTH,"[(98983, 80)]"
2019-06-28 11:45:00,ASK_DEPTH,"[(99101, 204)]"
2019-06-28 11:45:00,IMBALANCE,"[80, 204]"
2019-06-28 11:45:00,HOLDINGS_UPDATED,"{'CASH': 42982892, 'JPM': -332}"
2019-06-28 11:46:00,BID_DEPTH,"[(99148, 185)]"
2019-06-28 11:46:00,ASK_DEPTH,"[(99186, 309)]"
2019-06-28 11:46:00,IMBALANCE,"[185, 309]"
2019-06-28 11:46:00,HOLDINGS_UPDATED,"{'CASH': 43379484, 'JPM': -336}"
2019-06-28 11:47:00,BID_DEPTH,"[(99148, 80)]"
2019-06-28 11:47:00,ASK_DEPTH,"[(99208, 204)]"
2019-06-28 11:47:00,IMBALANCE,"[80, 204]"
2019-06-28 11:47:00,HOLDINGS_UPDATED,"{'CASH': 43776076, 'JPM': -340}"
2019-06-28 11:48:00,BID_DEPTH,"[(98717, 180)]"
2019-06-28 11:48:00,ASK_DEPTH,"[(99247, 204)]"
2019-06-28 11:48:00,IMBALANCE,"[180, 204]"
2019-06-28 11:48:00,HOLDINGS_UPDATED,"{'CASH': 44170944, 'JPM': -344}"
2019-06-28 11:49:00,BID_DEPTH,"[(98718, 118)]"
2019-06-28 11:49:00,ASK_DEPTH,"[(99478, 242)]"
2019-06-28 11:49:00,IMBALANCE,"[118, 242]"
2019-06-28 11:49:00,HOLDINGS_UPDATED,"{'CASH': 44565816, 'JPM': -348}"
2019-06-28 11:50:00,BID_DEPTH,"[(98719, 118)]"
2019-06-28 11:50:00,ASK_DEPTH,"[(99495, 148)]"
2019-06-28 11:50:00,IMBALANCE,"[118, 148]"
2019-06-28 11:50:00,HOLDINGS_UPDATED,"{'CASH': 44960692, 'JPM': -352}"
2019-06-28 11:51:00,BID_DEPTH,"[(98718, 185)]"
2019-06-28 11:51:00,ASK_DEPTH,"[(99495, 215)]"
2019-06-28 11:51:00,IMBALANCE,"[185, 215]"
2019-06-28 11:51:00,HOLDINGS_UPDATED,"{'CASH': 45355564, 'JPM': -356}"
2019-06-28 11:52:00,BID_DEPTH,"[(98718, 60)]"
2019-06-28 11:52:00,ASK_DEPTH,"[(99495, 90)]"
2019-06-28 11:52:00,IMBALANCE,"[60, 90]"
2019-06-28 11:52:00,HOLDINGS_UPDATED,"{'CASH': 45750436, 'JPM': -360}"
2019-06-28 11:53:00,BID_DEPTH,"[(98718, 518)]"
2019-06-28 11:53:00,ASK_DEPTH,"[(99495, 300)]"
2019-06-28 11:53:00,IMBALANCE,"[518, 300]"
2019-06-28 11:53:00,HOLDINGS_UPDATED,"{'CASH': 45352456, 'JPM': -356}"
2019-06-28 11:54:00,BID_DEPTH,"[(99495, 284)]"
2019-06-28 11:54:00,ASK_DEPTH,"[(99680, 60)]"
2019-06-28 11:54:00,IMBALANCE,"[284, 60]"
2019-06-28 11:54:00,HOLDINGS_UPDATED,"{'CASH': 44953736, 'JPM': -352}"
2019-06-28 11:55:00,BID_DEPTH,"[(99680, 183)]"
2019-06-28 11:55:00,ASK_DEPTH,"[(99711, 118)]"
2019-06-28 11:55:00,IMBALANCE,"[183, 118]"
2019-06-28 11:55:00,HOLDINGS_UPDATED,"{'CASH': 44554892, 'JPM': -348}"
2019-06-28 11:56:00,BID_DEPTH,"[(99680, 250)]"
2019-06-28 11:56:00,ASK_DEPTH,"[(99711, 88)]"
2019-06-28 11:56:00,IMBALANCE,"[250, 88]"
2019-06-28 11:56:00,HOLDINGS_UPDATED,"{'CASH': 44156048, 'JPM': -344}"
2019-06-28 11:57:00,BID_DEPTH,"[(99711, 155)]"
2019-06-28 11:57:00,ASK_DEPTH,"[(99720, 118)]"
2019-06-28 11:57:00,IMBALANCE,"[155, 118]"
2019-06-28 11:57:00,HOLDINGS_UPDATED,"{'CASH': 43757168, 'JPM': -340}"
2019-06-28 11:58:00,BID_DEPTH,"[(99711, 431)]"
2019-06-28 11:58:00,ASK_DEPTH,"[(99895, 394)]"
2019-06-28 11:58:00,IMBALANCE,"[431, 394]"
2019-06-28 11:58:00,HOLDINGS_UPDATED,"{'CASH': 43357588, 'JPM': -336}"
2019-06-28 11:59:00,BID_DEPTH,"[(99895, 397)]"
2019-06-28 11:59:00,ASK_DEPTH,"[(101271, 80)]"
2019-06-28 11:59:00,IMBALANCE,"[397, 80]"
2019-06-28 11:59:00,HOLDINGS_UPDATED,"{'CASH': 42952504, 'JPM': -332}"
2019-06-28 12:00:00,BID_DEPTH,"[(101271, 309)]"
2019-06-28 12:00:00,ASK_DEPTH,"[(101355, 185)]"
2019-06-28 12:00:00,IMBALANCE,"[309, 185]"
2019-06-28 12:00:00,HOLDINGS_UPDATED,"{'CASH': 42547084, 'JPM': -328}"
2019-06-28 12:01:00,BID_DEPTH,"[(101355, 120)]"
2019-06-28 12:01:00,ASK_DEPTH,"[(101474, 80)]"
2019-06-28 12:01:00,IMBALANCE,"[120, 80]"
2019-06-28 12:01:00,HOLDINGS_UPDATED,"{'CASH': 42141188, 'JPM': -324}"
2019-06-28 12:02:00,BID_DEPTH,"[(101474, 518)]"
2019-06-28 12:02:00,ASK_DEPTH,"[(101605, 394)]"
2019-06-28 12:02:00,IMBALANCE,"[518, 394]"
2019-06-28 12:02:00,HOLDINGS_UPDATED,"{'CASH': 41734768, 'JPM': -320}"
2019-06-28 12:03:00,BID_DEPTH,"[(101271, 518)]"
2019-06-28 12:03:00,ASK_DEPTH,"[(101605, 397)]"
2019-06-28 12:03:00,IMBALANCE,"[518, 397]"
2019-06-28 12:03:00,HOLDINGS_UPDATED,"{'CASH': 41328348, 'JPM': -316}"
2019-06-28 12:04:00,BID_DEPTH,"[(101271, 518)]"
2019-06-28 12:04:00,ASK_DEPTH,"[(101605, 297)]"
2019-06-28 12:04:00,IMBALANCE,"[518, 297]"
2019-06-28 12:04:00,HOLDINGS_UPDATED,"{'CASH': 40921928, 'JPM': -312}"
2019-06-28 12:05:00,BID_DEPTH,"[(101271, 518)]"
2019-06-28 12:05:00,ASK_DEPTH,"[(101475, 394)]"
2019-06-28 12:05:00,IMBALANCE,"[518, 394]"
2019-06-28 12:05:00,HOLDINGS_UPDATED,"{'CASH': 40516028, 'JPM': -308}"
2019-06-28 12:06:00,BID_DEPTH,"[(101475, 6)]"
2019-06-28 12:06:00,ASK_DEPTH,"[(101605, 156)]"
2019-06-28 12:06:00,IMBALANCE,"[6, 156]"
2019-06-28 12:06:00,HOLDINGS_UPDATED,"{'CASH': 40109608, 'JPM': -304}"
2019-06-28 12:07:00,BID_DEPTH,"[(101103, 309)]"
2019-06-28 12:07:00,ASK_DEPTH,"[(101351, 185)]"
2019-06-28 12:07:00,IMBALANCE,"[309, 185]"
2019-06-28 12:07:00,HOLDINGS_UPDATED,"{'CASH': 39704204, 'JPM': -300}"
2019-06-28 12:08:00,BID_DEPTH,"[(101112, 204)]"
2019-06-28 12:08:00,ASK_DEPTH,"[(101351, 83)]"
2019-06-28 12:08:00,IMBALANCE,"[204, 83]"
2019-06-28 12:08:00,HOLDINGS_UPDATED,"{'CASH': 39298800, 'JPM': -296}"
2019-06-28 12:09:00,BID_DEPTH,"[(101112, 309)]"
2019-06-28 12:09:00,ASK_DEPTH,"[(101351, 88)]"
2019-06-28 12:09:00,IMBALANCE,"[309, 88]"
2019-06-28 12:09:00,HOLDINGS_UPDATED,"{'CASH': 38893396, 'JPM': -292}"
2019-06-28 12:10:00,BID_DEPTH,"[(101351, 3)]"
2019-06-28 12:10:00,ASK_DEPTH,"[(101604, 190)]"
2019-06-28 12:10:00,IMBALANCE,"[3, 190]"
2019-06-28 12:10:00,HOLDINGS_UPDATED,"{'CASH': 38486980, 'JPM': -288}"
2019-06-28 12:11:00,BID_DEPTH,"[(101044, 309)]"
2019-06-28 12:11:00,ASK_DEPTH,"[(101604, 170)]"
2019-06-28 12:11:00,IMBALANCE,"[309, 170]"
2019-06-28 12:11:00,HOLDINGS_UPDATED,"{'CASH': 38080564, 'JPM': -284}"
2019-06-28 12:12:00,BID_DEPTH,"[(101036, 242)]"
2019-06-28 12:12:00,ASK_DEPTH,"[(101604, 21)]"
2019-06-28 12:12:00,IMBALANCE,"[242, 21]"
2019-06-28 12:12:00,HOLDINGS_UPDATED,"{'CASH': 37674148, 'JPM': -280}"
2019-06-28 12:13:00,BID_DEPTH,"[(101036, 242)]"
2019-06-28 12:13:00,ASK_DEPTH,"[(101604, 21)]"
2019-06-28 12:13:00,IMBALANCE,"[242, 21]"
2019-06-28 12:13:00,HOLDINGS_UPDATED,"{'CASH': 37267732, 'JPM': -276}"
2019-06-28 12:14:00,BID_DEPTH,"[(100828, 204)]"
2019-06-28 12:14:00,ASK_DEPTH,"[(101604, 80)]"
2019-06-28 12:14:00,IMBALANCE,"[204, 80]"
2019-06-28 12:14:00,HOLDINGS_UPDATED,"{'CASH': 36861316, 'JPM': -272}"
2019-06-28 12:15:00,BID_DEPTH,"[(100828, 518)]"
2019-06-28 12:15:00,ASK_DEPTH,"[(101605, 365)]"
2019-06-28 12:15:00,IMBALANCE,"[518, 365]"
2019-06-28 12:15:00,HOLDINGS_UPDATED,"{'CASH': 36454896, 'JPM': -268}"
2019-06-28 12:16:00,BID_DEPTH,"[(100794, 518)]"
2019-06-28 12:16:00,ASK_DEPTH,"[(101767, 394)]"
2019-06-28 12:16:00,IMBALANCE,"[518, 394]"
2019-06-28 12:16:00,HOLDINGS_UPDATED,"{'CASH': 36047828, 'JPM': -264}"
2019-06-28 12:17:00,BID_DEPTH,"[(100794, 309)]"
2019-06-28 12:17:00,ASK_DEPTH,"[(101767, 185)]"
2019-06-28 12:17:00,IMBALANCE,"[309, 185]"
2019-06-28 12:17:00,HOLDINGS_UPDATED,"{'CASH': 35640760, 'JPM': -260}"
2019-06-28 12:18:00,BID_DEPTH,"[(100701, 518)]"
2019-06-28 12:18:00,ASK_DEPTH,"[(101767, 394)]"
2019-06-28 12:18:00,IMBALANCE,"[518, 394]"
2019-06-28 12:18:00,HOLDINGS_UPDATED,"{'CASH': 35233692, 'JPM': -256}"
2019-06-28 12:19:00,BID_DEPTH,"[(100697, 518)]"
2019-06-28 12:19:00,ASK_DEPTH,"[(101767, 494)]"
2019-06-28 12:19:00,IMBALANCE,"[518, 494]"
2019-06-28 12:19:00,HOLDINGS_UPDATED,"{'CASH': 34826624, 'JPM': -252}"
2019-06-28 12:20:00,BID_DEPTH,"[(100697, 242)]"
2019-06-28 12:20:00,ASK_DEPTH,"[(101767, 90)]"
2019-06-28 12:20:00,IMBALANCE,"[242, 90]"
2019-06-28 12:20:00,HOLDINGS_UPDATED,"{'CASH': 34419556, 'JPM': -248}"
2019-06-28 12:21:00,BID_DEPTH,"[(100611, 2)]"
2019-06-28 12:21:00,ASK_DEPTH,"[(101766, 202)]"
2019-06-28 12:21:00,IMBALANCE,"[2, 202]"
2019-06-28 12:21:00,HOLDINGS_UPDATED,"{'CASH': 34012492, 'JPM': -244}"
2019-06-28 12:22:00,BID_DEPTH,"[(100336, 242)]"
2019-06-28 12:22:00,ASK_DEPTH,"[(101766, 118)]"
2019-06-28 12:22:00,IMBALANCE,"[242, 118]"
2019-06-28 12:22:00,HOLDINGS_UPDATED,"{'CASH': 33605428, 'JPM': -240}"
2019-06-28 12:23:00,BID_DEPTH,"[(100282, 184)]"
2019-06-28 12:23:00,ASK_DEPTH,"[(101766, 60)]"
2019-06-28 12:23:00,IMBALANCE,"[184, 60]"
2019-06-28 12:23:00,HOLDINGS_UPDATED,"{'CASH': 33198364, 'JPM': -236}"
2019-06-28 12:24:00,BID_DEPTH,"[(100282, 518)]"
2019-06-28 12:24:00,ASK_DEPTH,"[(100509, 394)]"
2019-06-28 12:24:00,IMBALANCE,"[518, 394]"
2019-06-28 12:24:00,HOLDINGS_UPDATED,"{'CASH': 32796328, 'JPM': -232}"
2019-06-28 12:25:00,BID_DEPTH,"[(100245, 242)]"
2019-06-28 12:25:00,ASK_DEPTH,"[(100320, 118)]"
2019-06-28 12:25:00,IMBALANCE,"[242, 118]"
2019-06-28 12:25:00,HOLDINGS_UPDATED,"{'CASH': 32395048, 'JPM': -228}"
2019-06-28 12:26:00,BID_DEPTH,"[(100243, 309)]"
2019-06-28 12:26:00,ASK_DEPTH,"[(100509, 185)]"
2019-06-28 12:26:00,IMBALANCE,"[309, 185]"
2019-06-28 12:26:00,HOLDINGS_UPDATED,"{'CASH': 31993012, 'JPM': -224}"
2019-06-28 12:27:00,BID_DEPTH,"[(100132, 204)]"
2019-06-28 12:27:00,ASK_DEPTH,"[(100167, 80)]"
2019-06-28 12:27:00,IMBALANCE,"[204, 80]"
2019-06-28 12:27:00,HOLDINGS_UPDATED,"{'CASH': 31592344, 'JPM': -220}"
2019-06-28 12:28:00,BID_DEPTH,"[(100132, 184)]"
2019-06-28 12:28:00,ASK_DEPTH,"[(100407, 60)]"
2019-06-28 12:28:00,IMBALANCE,"[184, 60]"
2019-06-28 12:28:00,HOLDINGS_UPDATED,"{'CASH': 31190716, 'JPM': -216}"
2019-06-28 12:29:00,BID_DEPTH,"[(100132, 204)]"
2019-06-28 12:29:00,ASK_DEPTH,"[(102519, 80)]"
2019-06-28 12:29:00,IMBALANCE,"[204, 80]"
2019-06-28 12:29:00,HOLDINGS_UPDATED,"{'CASH': 30780640, 'JPM': -212}"
2019-06-28 12:30:00,BID_DEPTH,"[(100132, 100)]"
2019-06-28 12:30:00,ASK_DEPTH,[]
2019-06-28 12:30:00,IMBALANCE,"[100, 0]"
2019-06-28 12:31:00,BID_DEPTH,"[(100370, 242)]"
2019-06-28 12:31:00,ASK_DEPTH,"[(100432, 118)]"
2019-06-28 12:31:00,IMBALANCE,"[242, 118]"
2019-06-28 12:31:00,HOLDINGS_UPDATED,"{'CASH': 30378912, 'JPM': -208}"
2019-06-28 12:32:00,BID_DEPTH,"[(100328, 184)]"
2019-06-28 12:32:00,ASK_DEPTH,"[(100475, 60)]"
2019-06-28 12:32:00,IMBALANCE,"[184, 60]"
2019-06-28 12:32:00,HOLDINGS_UPDATED,"{'CASH': 29977012, 'JPM': -204}"
2019-06-28 12:33:00,BID_DEPTH,"[(100333, 309)]"
2019-06-28 12:33:00,ASK_DEPTH,"[(100543, 185)]"
2019-06-28 12:33:00,IMBALANCE,"[309, 185]"
2019-06-28 12:33:00,HOLDINGS_UPDATED,"{'CASH': 29574840, 'JPM': -200}"
2019-06-28 12:34:00,BID_DEPTH,"[(100277, 242)]"
2019-06-28 12:34:00,ASK_DEPTH,"[(100543, 118)]"
2019-06-28 12:34:00,IMBALANCE,"[242, 118]"
2019-06-28 12:34:00,HOLDINGS_UPDATED,"{'CASH': 29172668, 'JPM': -196}"
2019-06-28 12:35:00,BID_DEPTH,"[(100170, 100)]"
2019-06-28 12:35:00,ASK_DEPTH,[]
2019-06-28 12:35:00,IMBALANCE,"[100, 0]"
2019-06-28 12:36:00,BID_DEPTH,"[(100170, 309)]"
2019-06-28 12:36:00,ASK_DEPTH,"[(100543, 185)]"
2019-06-28 12:36:00,IMBALANCE,"[309, 185]"
2019-06-28 12:36:00,HOLDINGS_UPDATED,"{'CASH': 28770496, 'JPM': -192}"
2019-06-28 12:37:00,BID_DEPTH,"[(100132, 100)]"
2019-06-28 12:37:00,ASK_DEPTH,[]
2019-06-28 12:37:00,IMBALANCE,"[100, 0]"
2019-06-28 12:38:00,BID_DEPTH,"[(100132, 100)]"
2019-06-28 12:38:00,ASK_DEPTH,[]
2019-06-28 12:38:00,IMBALANCE,"[100, 0]"
2019-06-28 12:39:00,BID_DEPTH,"[(100132, 204)]"
2019-06-28 12:39:00,ASK_DEPTH,"[(100543, 180)]"
2019-06-28 12:39:00,IMBALANCE,"[204, 180]"
2019-06-28 12:39:00,HOLDINGS_UPDATED,"{'CASH': 28368324, 'JPM': -188}"
2019-06-28 12:40:00,BID_DEPTH,"[(100059, 184)]"
2019-06-28 12:40:00,ASK_DEPTH,"[(100250, 60)]"
2019-06-28 12:40:00,IMBALANCE,"[184, 60]"
2019-06-28 12:40:00,HOLDINGS_UPDATED,"{'CASH': 27967324, 'JPM': -184}"
2019-06-28 12:41:00,BID_DEPTH,"[(100287, 204)]"
2019-06-28 12:41:00,ASK_DEPTH,"[(100543, 152)]"
2019-06-28 12:41:00,IMBALANCE,"[204, 152]"
2019-06-28 12:41:00,HOLDINGS_UPDATED,"{'CASH': 27565152, 'JPM': -180}"
2019-06-28 12:42:00,BID_DEPTH,"[(99997, 394)]"
2019-06-28 12:42:00,ASK_DEPTH,"[(100192, 518)]"
2019-06-28 12:42:00,IMBALANCE,"[394, 518]"
2019-06-28 12:42:00,HOLDINGS_UPDATED,"{'CASH': 27965140, 'JPM': -184}"
2019-06-28 12:43:00,BID_DEPTH,"[(99932, 60)]"
2019-06-28 12:43:00,ASK_DEPTH,"[(100052, 184)]"
2019-06-28 12:43:00,IMBALANCE,"[60, 184]"
2019-06-28 12:43:00,HOLDINGS_UPDATED,"{'CASH': 28364868, 'JPM': -188}"
2019-06-28 12:44:00,BID_DEPTH,"[(99887, 394)]"
2019-06-28 12:44:00,ASK_DEPTH,"[(100030, 518)]"
2019-06-28 12:44:00,IMBALANCE,"[394, 518]"
2019-06-28 12:44:00,HOLDINGS_UPDATED,"{'CASH': 28764416, 'JPM': -192}"
2019-06-28 12:45:00,BID_DEPTH,"[(99856, 394)]"
2019-06-28 12:45:00,ASK_DEPTH,"[(100052, 518)]"
2019-06-28 12:45:00,IMBALANCE,"[394, 518]"
2019-06-28 12:45:00,HOLDINGS_UPDATED,"{'CASH': 29163840, 'JPM': -196}"
2019-06-28 12:46:00,BID_DEPTH,"[(99992, 118)]"
2019-06-28 12:46:00,ASK_DEPTH,"[(100052, 242)]"
2019-06-28 12:46:00,IMBALANCE,"[118, 242]"
2019-06-28 12:46:00,HOLDINGS_UPDATED,"{'CASH': 29563808, 'JPM': -200}"
2019-06-28 12:47:00,BID_DEPTH,"[(99856, 80)]"
2019-06-28 12:47:00,ASK_DEPTH,"[(100052, 204)]"
2019-06-28 12:47:00,IMBALANCE,"[80, 204]"
2019-06-28 12:47:00,HOLDINGS_UPDATED,"{'CASH': 29963232, 'JPM': -204}"
2019-06-28 12:48:00,BID_DEPTH,"[(99789, 185)]"
2019-06-28 12:48:00,ASK_DEPTH,"[(100262, 309)]"
2019-06-28 12:48:00,IMBALANCE,"[185, 309]"
2019-06-28 12:48:00,HOLDINGS_UPDATED,"{'CASH': 30362388, 'JPM': -208}"
2019-06-28 12:49:00,BID_DEPTH,"[(99746, 80)]"
2019-06-28 12:49:00,ASK_DEPTH,"[(100543, 148)]"
2019-06-28 12:49:00,IMBALANCE,"[80, 148]"
2019-06-28 12:49:00,HOLDINGS_UPDATED,"{'CASH': 30761372, 'JPM': -212}"
2019-06-28 12:50:00,BID_DEPTH,"[(99736, 185)]"
2019-06-28 12:50:00,ASK_DEPTH,"[(100719, 309)]"
2019-06-28 12:50:00,IMBALANCE,"[185, 309]"
2019-06-28 12:50:00,HOLDINGS_UPDATED,"{'CASH': 31160316, 'JPM': -216}"
2019-06-28 12:51:00,BID_DEPTH,"[(99736, 118)]"
2019-06-28 12:51:00,ASK_DEPTH,"[(101622, 242)]"
2019-06-28 12:51:00,IMBALANCE,"[118, 242]"
2019-06-28 12:51:00,HOLDINGS_UPDATED,"{'CASH': 31559260, 'JPM': -220}"
2019-06-28 12:52:00,BID_DEPTH,"[(99680, 126)]"
2019-06-28 12:52:00,ASK_DEPTH,"[(101915, 309)]"
2019-06-28 12:52:00,IMBALANCE,"[126, 309]"
2019-06-28 12:52:00,HOLDINGS_UPDATED,"{'CASH': 31957980, 'JPM': -224}"
2019-06-28 12:53:00,BID_DEPTH,"[(101561, 185)]"
2019-06-28 12:53:00,ASK_DEPTH,"[(101742, 309)]"
2019-06-28 12:53:00,IMBALANCE,"[185, 309]"
2019-06-28 12:53:00,HOLDINGS_UPDATED,"{'CASH': 32364224, 'JPM': -228}"
2019-06-28 12:54:00,BID_DEPTH,"[(99680, 185)]"
2019-06-28 12:54:00,ASK_DEPTH,"[(101742, 309)]"
2019-06-28 12:54:00,IMBALANCE,"[185, 309]"
2019-06-28 12:54:00,HOLDINGS_UPDATED,"{'CASH': 32762944, 'JPM': -232}"
2019-06-28 12:55:00,BID_DEPTH,"[(99681, 80)]"
2019-06-28 12:55:00,ASK_DEPTH,"[(101742, 204)]"
2019-06-28 12:55:00,IMBALANCE,"[80, 204]"
2019-06-28 12:55:00,HOLDINGS_UPDATED,"{'CASH': 33161668, 'JPM': -236}"
2019-06-28 12:56:00,BID_DEPTH,"[(100371, 60)]"
2019-06-28 12:56:00,ASK_DEPTH,"[(101742, 184)]"
2019-06-28 12:56:00,IMBALANCE,"[60, 184]"
2019-06-28 12:56:00,HOLDINGS_UPDATED,"{'CASH': 33563152, 'JPM': -240}"
2019-06-28 12:57:00,BID_DEPTH,"[(100034, 394)]"
2019-06-28 12:57:00,ASK_DEPTH,"[(101742, 518)]"
2019-06-28 12:57:00,IMBALANCE,"[394, 518]"
2019-06-28 12:57:00,HOLDINGS_UPDATED,"{'CASH': 33963288, 'JPM': -244}"
2019-06-28 12:58:00,BID_DEPTH,"[(99930, 60)]"
2019-06-28 12:58:00,ASK_DEPTH,"[(100060, 184)]"
2019-06-28 12:58:00,IMBALANCE,"[60, 184]"
2019-06-28 12:58:00,HOLDINGS_UPDATED,"{'CASH': 34363008, 'JPM': -248}"
2019-06-28 12:59:00,BID_DEPTH,"[(99785, 394)]"
2019-06-28 12:59:00,ASK_DEPTH,"[(100060, 518)]"
2019-06-28 12:59:00,IMBALANCE,"[394, 518]"
2019-06-28 12:59:00,HOLDINGS_UPDATED,"{'CASH': 34762148, 'JPM': -252}"
2019-06-28 13:00:00,BID_DEPTH,"[(100022, 60)]"
2019-06-28 13:00:00,ASK_DEPTH,"[(100160, 284)]"
2019-06-28 13:00:00,IMBALANCE,"[60, 284]"
2019-06-28 13:00:00,HOLDINGS_UPDATED,"{'CASH': 35162236, 'JPM': -256}"
2019-06-28 13:01:00,BID_DEPTH,"[(99680, 118)]"
2019-06-28 13:01:00,ASK_DEPTH,"[(100160, 342)]"
2019-06-28 13:01:00,IMBALANCE,"[118, 342]"
2019-06-28 13:01:00,HOLDINGS_UPDATED,"{'CASH': 35560956, 'JPM': -260}"
2019-06-28 13:02:00,BID_DEPTH,"[(99658, 118)]"
2019-06-28 13:02:00,ASK_DEPTH,"[(100160, 342)]"
2019-06-28 13:02:00,IMBALANCE,"[118, 342]"
2019-06-28 13:02:00,HOLDINGS_UPDATED,"{'CASH': 35959588, 'JPM': -264}"
2019-06-28 13:03:00,BID_DEPTH,"[(99622, 60)]"
2019-06-28 13:03:00,ASK_DEPTH,"[(99658, 184)]"
2019-06-28 13:03:00,IMBALANCE,"[60, 184]"
2019-06-28 13:03:00,HOLDINGS_UPDATED,"{'CASH': 36358076, 'JPM': -268}"
2019-06-28 13:04:00,BID_DEPTH,"[(99544, 60)]"
2019-06-28 13:04:00,ASK_DEPTH,"[(99589, 100)]"
2019-06-28 13:04:00,IMBALANCE,"[60, 100]"
2019-06-28 13:04:00,HOLDINGS_UPDATED,"{'CASH': 36756252, 'JPM': -272}"
2019-06-28 13:05:00,BID_DEPTH,"[(99535, 60)]"
2019-06-28 13:05:00,ASK_DEPTH,"[(99589, 100)]"
2019-06-28 13:05:00,IMBALANCE,"[60, 100]"
2019-06-28 13:05:00,HOLDINGS_UPDATED,"{'CASH': 37154392, 'JPM': -276}"
2019-06-28 13:06:00,BID_DEPTH,"[(99496, 118)]"
2019-06-28 13:06:00,ASK_DEPTH,"[(99589, 158)]"
2019-06-28 13:06:00,IMBALANCE,"[118, 158]"
2019-06-28 13:06:00,HOLDINGS_UPDATED,"{'CASH': 37552376, 'JPM': -280}"
2019-06-28 13:07:00,BID_DEPTH,"[(98616, 185)]"
2019-06-28 13:07:00,ASK_DEPTH,"[(99221, 309)]"
2019-06-28 13:07:00,IMBALANCE,"[185, 309]"
2019-06-28 13:07:00,HOLDINGS_UPDATED,"{'CASH': 37946840, 'JPM': -284}"
2019-06-28 13:08:00,BID_DEPTH,"[(98616, 21)]"
2019-06-28 13:08:00,ASK_DEPTH,"[(99221, 242)]"
2019-06-28 13:08:00,IMBALANCE,"[21, 242]"
2019-06-28 13:08:00,HOLDINGS_UPDATED,"{'CASH': 38341304, 'JPM': -288}"
2019-06-28 13:09:00,BID_DEPTH,"[(97310, 60)]"
2019-06-28 13:09:00,ASK_DEPTH,"[(98616, 264)]"
2019-06-28 13:09:00,IMBALANCE,"[60, 264]"
2019-06-28 13:09:00,HOLDINGS_UPDATED,"{'CASH': 38730544, 'JPM': -292}"
2019-06-28 13:10:00,BID_DEPTH,"[(97786, 80)]"
2019-06-28 13:10:00,ASK_DEPTH,"[(97958, 204)]"
2019-06-28 13:10:00,IMBALANCE,"[80, 204]"
2019-06-28 13:10:00,HOLDINGS_UPDATED,"{'CASH': 39121688, 'JPM': -296}"
2019-06-28 13:11:00,BID_DEPTH,"[(98299, 80)]"
2019-06-28 13:11:00,ASK_DEPTH,"[(98522, 204)]"
2019-06-28 13:11:00,IMBALANCE,"[80, 204]"
2019-06-28 13:11:00,HOLDINGS_UPDATED,"{'CASH': 39514884, 'JPM': -300}"
2019-06-28 13:12:00,BID_DEPTH,"[(98299, 63)]"
2019-06-28 13:12:00,ASK_DEPTH,"[(98616, 164)]"
2019-06-28 13:12:00,IMBALANCE,"[63, 164]"
2019-06-28 13:12:00,HOLDINGS_UPDATED,"{'CASH': 39908080, 'JPM': -304}"
2019-06-28 13:13:00,BID_DEPTH,"[(98300, 185)]"
2019-06-28 13:13:00,ASK_DEPTH,"[(99046, 309)]"
2019-06-28 13:13:00,IMBALANCE,"[185, 309]"
2019-06-28 13:13:00,HOLDINGS_UPDATED,"{'CASH': 40301280, 'JPM': -308}"
2019-06-28 13:14:00,BID_DEPTH,"[(98299, 56)]"
2019-06-28 13:14:00,ASK_DEPTH,"[(98300, 6)]"
2019-06-28 13:14:00,IMBALANCE,"[56, 6]"
2019-06-28 13:14:00,HOLDINGS_UPDATED,"{'CASH': 40694476, 'JPM': -312}"
2019-06-28 13:15:00,BID_DEPTH,"[(98242, 190)]"
2019-06-28 13:15:00,ASK_DEPTH,"[(98299, 3)]"
2019-06-28 13:15:00,IMBALANCE,"[190, 3]"
2019-06-28 13:15:00,HOLDINGS_UPDATED,"{'CASH': 41087444, 'JPM': -316}"
2019-06-28 13:16:00,BID_DEPTH,"[(98299, 115)]"
2019-06-28 13:16:00,ASK_DEPTH,"[(99469, 242)]"
2019-06-28 13:16:00,IMBALANCE,"[115, 242]"
2019-06-28 13:16:00,HOLDINGS_UPDATED,"{'CASH': 41480640, 'JPM': -320}"
2019-06-28 13:17:00,BID_DEPTH,"[(99496, 60)]"
2019-06-28 13:17:00,ASK_DEPTH,"[(99507, 184)]"
2019-06-28 13:17:00,IMBALANCE,"[60, 184]"
2019-06-28 13:17:00,HOLDINGS_UPDATED,"{'CASH': 41878624, 'JPM': -324}"
2019-06-28 13:18:00,BID_DEPTH,"[(98242, 170)]"
2019-06-28 13:18:00,ASK_DEPTH,"[(99460, 309)]"
2019-06-28 13:18:00,IMBALANCE,"[170, 309]"
2019-06-28 13:18:00,HOLDINGS_UPDATED,"{'CASH': 42271592, 'JPM': -328}"
2019-06-28 13:19:00,BID_DEPTH,"[(98947, 394)]"
2019-06-28 13:19:00,ASK_DEPTH,"[(99506, 518)]"
2019-06-28 13:19:00,IMBALANCE,"[394, 518]"
2019-06-28 13:19:00,HOLDINGS_UPDATED,"{'CASH': 42667380, 'JPM': -332}"
2019-06-28 13:20:00,BID_DEPTH,"[(99214, 394)]"
2019-06-28 13:20:00,ASK_DEPTH,"[(99450, 518)]"
2019-06-28 13:20:00,IMBALANCE,"[394, 518]"
2019-06-28 13:20:00,HOLDINGS_UPDATED,"{'CASH': 43064236, 'JPM': -336}"
2019-06-28 13:21:00,BID_DEPTH,"[(98946, 60)]"
2019-06-28 13:21:00,ASK_DEPTH,"[(99338, 184)]"
2019-06-28 13:21:00,IMBALANCE,"[60, 184]"
2019-06-28 13:21:00,HOLDINGS_UPDATED,"{'CASH': 43460020, 'JPM': -340}"
2019-06-28 13:22:00,BID_DEPTH,"[(98946, 60)]"
2019-06-28 13:22:00,ASK_DEPTH,"[(99225, 184)]"
2019-06-28 13:22:00,IMBALANCE,"[60, 184]"
2019-06-28 13:22:00,HOLDINGS_UPDATED,"{'CASH': 43855804, 'JPM': -344}"
2019-06-28 13:23:00,BID_DEPTH,"[(98947, 185)]"
2019-06-28 13:23:00,ASK_DEPTH,"[(99338, 309)]"
2019-06-28 13:23:00,IMBALANCE,"[185, 309]"
2019-06-28 13:23:00,HOLDINGS_UPDATED,"{'CASH': 44251592, 'JPM': -348}"
2019-06-28 13:24:00,BID_DEPTH,"[(98946, 185)]"
2019-06-28 13:24:00,ASK_DEPTH,"[(99450, 309)]"
2019-06-28 13:24:00,IMBALANCE,"[185, 309]"
2019-06-28 13:24:00,HOLDINGS_UPDATED,"{'CASH': 44647376, 'JPM': -352}"
2019-06-28 13:25:00,BID_DEPTH,"[(97787, 394)]"
2019-06-28 13:25:00,ASK_DEPTH,"[(99450, 518)]"
2019-06-28 13:25:00,IMBALANCE,"[394, 518]"
2019-06-28 13:25:00,HOLDINGS_UPDATED,"{'CASH': 45038524, 'JPM': -356}"
2019-06-28 13:26:00,BID_DEPTH,"[(97786, 88)]"
2019-06-28 13:26:00,ASK_DEPTH,"[(99464, 309)]"
2019-06-28 13:26:00,IMBALANCE,"[88, 309]"
2019-06-28 13:26:00,HOLDINGS_UPDATED,"{'CASH': 45429668, 'JPM': -360}"
2019-06-28 13:27:00,BID_DEPTH,"[(97310, 21)]"
2019-06-28 13:27:00,ASK_DEPTH,"[(99464, 242)]"
2019-06-28 13:27:00,IMBALANCE,"[21, 242]"
2019-06-28 13:27:00,HOLDINGS_UPDATED,"{'CASH': 45818908, 'JPM': -364}"
2019-06-28 13:28:00,BID_DEPTH,[]
2019-06-28 13:28:00,ASK_DEPTH,"[(99622, 41)]"
2019-06-28 13:28:00,IMBALANCE,"[0, 41]"
2019-06-28 13:29:00,BID_DEPTH,"[(99622, 39)]"
2019-06-28 13:29:00,ASK_DEPTH,"[(99668, 204)]"
2019-06-28 13:29:00,IMBALANCE,"[39, 204]"
2019-06-28 13:29:00,HOLDINGS_UPDATED,"{'CASH': 46217396, 'JPM': -368}"
2019-06-28 13:30:00,BID_DEPTH,[]
2019-06-28 13:30:00,ASK_DEPTH,"[(99790, 100)]"
2019-06-28 13:30:00,IMBALANCE,"[0, 100]"
2019-06-28 13:31:00,BID_DEPTH,"[(99507, 185)]"
2019-06-28 13:31:00,ASK_DEPTH,"[(99508, 309)]"
2019-06-28 13:31:00,IMBALANCE,"[185, 309]"
2019-06-28 13:31:00,HOLDINGS_UPDATED,"{'CASH': 46615424, 'JPM': -372}"
2019-06-28 13:32:00,BID_DEPTH,"[(99260, 60)]"
2019-06-28 13:32:00,ASK_DEPTH,"[(99468, 100)]"
2019-06-28 13:32:00,IMBALANCE,"[60, 100]"
2019-06-28 13:32:00,HOLDINGS_UPDATED,"{'CASH': 47012464, 'JPM': -376}"
2019-06-28 13:33:00,BID_DEPTH,"[(99260, 80)]"
2019-06-28 13:33:00,ASK_DEPTH,"[(99381, 204)]"
2019-06-28 13:33:00,IMBALANCE,"[80, 204]"
2019-06-28 13:33:00,HOLDINGS_UPDATED,"{'CASH': 47409504, 'JPM': -380}"
2019-06-28 13:34:00,BID_DEPTH,"[(98919, 394)]"
2019-06-28 13:34:00,ASK_DEPTH,"[(99381, 518)]"
2019-06-28 13:34:00,IMBALANCE,"[394, 518]"
2019-06-28 13:34:00,HOLDINGS_UPDATED,"{'CASH': 47805180, 'JPM': -384}"
2019-06-28 13:35:00,BID_DEPTH,[]
2019-06-28 13:35:00,ASK_DEPTH,"[(98866, 100)]"
2019-06-28 13:35:00,IMBALANCE,"[0, 100]"
2019-06-28 13:36:00,BID_DEPTH,"[(98950, 80)]"
2019-06-28 13:36:00,ASK_DEPTH,"[(99083, 204)]"
2019-06-28 13:36:00,IMBALANCE,"[80, 204]"
2019-06-28 13:36:00,HOLDINGS_UPDATED,"{'CASH': 48200980, 'JPM': -388}"
2019-06-28 13:37:00,BID_DEPTH,"[(98732, 118)]"
2019-06-28 13:37:00,ASK_DEPTH,"[(99083, 242)]"
2019-06-28 13:37:00,IMBALANCE,"[118, 242]"
2019-06-28 13:37:00,HOLDINGS_UPDATED,"{'CASH': 48595908, 'JPM': -392}"
2019-06-28 13:38:00,BID_DEPTH,"[(98597, 185)]"
2019-06-28 13:38:00,ASK_DEPTH,"[(99112, 309)]"
2019-06-28 13:38:00,IMBALANCE,"[185, 309]"
2019-06-28 13:38:00,HOLDINGS_UPDATED,"{'CASH': 48990296, 'JPM': -396}"
2019-06-28 13:39:00,BID_DEPTH,"[(98597, 394)]"
2019-06-28 13:39:00,ASK_DEPTH,"[(99334, 518)]"
2019-06-28 13:39:00,IMBALANCE,"[394, 518]"
2019-06-28 13:39:00,HOLDINGS_UPDATED,"{'CASH': 49384684, 'JPM': -400}"
2019-06-28 13:40:00,BID_DEPTH,"[(98566, 185)]"
2019-06-28 13:40:00,ASK_DEPTH,"[(99141, 309)]"
2019-06-28 13:40:00,IMBALANCE,"[185, 309]"
2019-06-28 13:40:00,HOLDINGS_UPDATED,"{'CASH': 49778948, 'JPM': -404}"
2019-06-28 13:41:00,BID_DEPTH,"[(98924, 185)]"
2019-06-28 13:41:00,ASK_DEPTH,"[(99141, 309)]"
2019-06-28 13:41:00,IMBALANCE,"[185, 309]"
2019-06-28 13:41:00,HOLDINGS_UPDATED,"{'CASH': 50174644, 'JPM': -408}"
2019-06-28 13:42:00,BID_DEPTH,"[(98925, 594)]"
2019-06-28 13:42:00,ASK_DEPTH,"[(99324, 518)]"
2019-06-28 13:42:00,IMBALANCE,"[594, 518]"
2019-06-28 13:42:00,HOLDINGS_UPDATED,"{'CASH': 50570344, 'JPM': -412}"
2019-06-28 13:43:00,BID_DEPTH,"[(98925, 566)]"
2019-06-28 13:43:00,ASK_DEPTH,"[(99468, 434)]"
2019-06-28 13:43:00,IMBALANCE,"[566, 434]"
2019-06-28 13:43:00,HOLDINGS_UPDATED,"{'CASH': 50966044, 'JPM': -416}"
2019-06-28 13:44:00,BID_DEPTH,"[(98925, 538)]"
2019-06-28 13:44:00,ASK_DEPTH,"[(99469, 434)]"
2019-06-28 13:44:00,IMBALANCE,"[538, 434]"
2019-06-28 13:44:00,HOLDINGS_UPDATED,"{'CASH': 51361744, 'JPM': -420}"
2019-06-28 13:45:00,BID_DEPTH,"[(98925, 196)]"
2019-06-28 13:45:00,ASK_DEPTH,"[(99653, 204)]"
2019-06-28 13:45:00,IMBALANCE,"[196, 204]"
2019-06-28 13:45:00,HOLDINGS_UPDATED,"{'CASH': 51757444, 'JPM': -424}"
2019-06-28 13:46:00,BID_DEPTH,"[(98925, 48)]"
2019-06-28 13:46:00,ASK_DEPTH,"[(99884, 184)]"
2019-06-28 13:46:00,IMBALANCE,"[48, 184]"
2019-06-28 13:46:00,HOLDINGS_UPDATED,"{'CASH': 52153144, 'JPM': -428}"
2019-06-28 13:47:00,BID_DEPTH,"[(99148, 118)]"
2019-06-28 13:47:00,ASK_DEPTH,"[(99884, 242)]"
2019-06-28 13:47:00,IMBALANCE,"[118, 242]"
2019-06-28 13:47:00,HOLDINGS_UPDATED,"{'CASH': 52549736, 'JPM': -432}"
2019-06-28 13:48:00,BID_DEPTH,"[(99148, 394)]"
2019-06-28 13:48:00,ASK_DEPTH,"[(99884, 518)]"
2019-06-28 13:48:00,IMBALANCE,"[394, 518]"
2019-06-28 13:48:00,HOLDINGS_UPDATED,"{'CASH': 52946328, 'JPM': -436}"
2019-06-28 13:49:00,BID_DEPTH,"[(98566, 94)]"
2019-06-28 13:49:00,ASK_DEPTH,"[(99148, 190)]"
2019-06-28 13:49:00,IMBALANCE,"[94, 190]"
2019-06-28 13:49:00,HOLDINGS_UPDATED,"{'CASH': 52549736, 'JPM': -432}"
2019-06-28 13:50:00,BID_DEPTH,"[(98566, 114)]"
2019-06-28 13:50:00,ASK_DEPTH,"[(99148, 62)]"
2019-06-28 13:50:00,IMBALANCE,"[114, 62]"
2019-06-28 13:50:00,HOLDINGS_UPDATED,"{'CASH': 52153144, 'JPM': -428}"
2019-06-28 13:51:00,BID_DEPTH,"[(99838, 204)]"
2019-06-28 13:51:00,ASK_DEPTH,"[(99884, 80)]"
2019-06-28 13:51:00,IMBALANCE,"[204, 80]"
2019-06-28 13:51:00,HOLDINGS_UPDATED,"{'CASH': 51753608, 'JPM': -424}"
2019-06-28 13:52:00,BID_DEPTH,"[(99838, 309)]"
2019-06-28 13:52:00,ASK_DEPTH,"[(99884, 285)]"
2019-06-28 13:52:00,IMBALANCE,"[309, 285]"
2019-06-28 13:52:00,HOLDINGS_UPDATED,"{'CASH': 51354072, 'JPM': -420}"
2019-06-28 13:53:00,BID_DEPTH,"[(99835, 204)]"
2019-06-28 13:53:00,ASK_DEPTH,"[(99884, 83)]"
2019-06-28 13:53:00,IMBALANCE,"[204, 83]"
2019-06-28 13:53:00,HOLDINGS_UPDATED,"{'CASH': 50954536, 'JPM': -416}"
2019-06-28 13:54:00,BID_DEPTH,"[(99835, 184)]"
2019-06-28 13:54:00,ASK_DEPTH,"[(99882, 60)]"
2019-06-28 13:54:00,IMBALANCE,"[184, 60]"
2019-06-28 13:54:00,HOLDINGS_UPDATED,"{'CASH': 50555008, 'JPM': -412}"
2019-06-28 13:55:00,BID_DEPTH,"[(99863, 309)]"
2019-06-28 13:55:00,ASK_DEPTH,"[(99910, 185)]"
2019-06-28 13:55:00,IMBALANCE,"[309, 185]"
2019-06-28 13:55:00,HOLDINGS_UPDATED,"{'CASH': 50155368, 'JPM': -408}"
2019-06-28 13:56:00,BID_DEPTH,"[(99863, 242)]"
2019-06-28 13:56:00,ASK_DEPTH,"[(99909, 118)]"
2019-06-28 13:56:00,IMBALANCE,"[242, 118]"
2019-06-28 13:56:00,HOLDINGS_UPDATED,"{'CASH': 49755732, 'JPM': -404}"
2019-06-28 13:57:00,BID_DEPTH,"[(99870, 518)]"
2019-06-28 13:57:00,ASK_DEPTH,"[(99898, 394)]"
2019-06-28 13:57:00,IMBALANCE,"[518, 394]"
2019-06-28 13:57:00,HOLDINGS_UPDATED,"{'CASH': 49356140, 'JPM': -400}"
2019-06-28 13:58:00,BID_DEPTH,"[(99898, 6)]"
2019-06-28 13:58:00,ASK_DEPTH,"[(99909, 156)]"
2019-06-28 13:58:00,IMBALANCE,"[6, 156]"
2019-06-28 13:58:00,HOLDINGS_UPDATED,"{'CASH': 48956504, 'JPM': -396}"
2019-06-28 13:59:00,BID_DEPTH,"[(99898, 90)]"
2019-06-28 13:59:00,ASK_DEPTH,"[(99923, 60)]"
2019-06-28 13:59:00,IMBALANCE,"[90, 60]"
2019-06-28 13:59:00,HOLDINGS_UPDATED,"{'CASH': 48556812, 'JPM': -392}"
2019-06-28 14:00:00,BID_DEPTH,"[(99923, 3)]"
2019-06-28 14:00:00,ASK_DEPTH,"[(99998, 290)]"
2019-06-28 14:00:00,IMBALANCE,"[3, 290]"
2019-06-28 14:00:00,HOLDINGS_UPDATED,"{'CASH': 48156820, 'JPM': -388}"
2019-06-28 14:01:00,BID_DEPTH,"[(99923, 107)]"
2019-06-28 14:01:00,ASK_DEPTH,"[(99939, 80)]"
2019-06-28 14:01:00,IMBALANCE,"[107, 80]"
2019-06-28 14:01:00,HOLDINGS_UPDATED,"{'CASH': 47757064, 'JPM': -384}"
2019-06-28 14:02:00,BID_DEPTH,"[(99870, 204)]"
2019-06-28 14:02:00,ASK_DEPTH,"[(99998, 165)]"
2019-06-28 14:02:00,IMBALANCE,"[204, 165]"
2019-06-28 14:02:00,HOLDINGS_UPDATED,"{'CASH': 47357072, 'JPM': -380}"
2019-06-28 14:03:00,BID_DEPTH,"[(99870, 204)]"
2019-06-28 14:03:00,ASK_DEPTH,"[(99998, 37)]"
2019-06-28 14:03:00,IMBALANCE,"[204, 37]"
2019-06-28 14:03:00,HOLDINGS_UPDATED,"{'CASH': 46957080, 'JPM': -376}"
2019-06-28 14:04:00,BID_DEPTH,"[(99870, 242)]"
2019-06-28 14:04:00,ASK_DEPTH,"[(100001, 118)]"
2019-06-28 14:04:00,IMBALANCE,"[242, 118]"
2019-06-28 14:04:00,HOLDINGS_UPDATED,"{'CASH': 46557076, 'JPM': -372}"
2019-06-28 14:05:00,BID_DEPTH,"[(99870, 204)]"
2019-06-28 14:05:00,ASK_DEPTH,"[(99944, 80)]"
2019-06-28 14:05:00,IMBALANCE,"[204, 80]"
2019-06-28 14:05:00,HOLDINGS_UPDATED,"{'CASH': 46157300, 'JPM': -368}"
2019-06-28 14:06:00,BID_DEPTH,"[(99868, 518)]"
2019-06-28 14:06:00,ASK_DEPTH,"[(99944, 394)]"
2019-06-28 14:06:00,IMBALANCE,"[518, 394]"
2019-06-28 14:06:00,HOLDINGS_UPDATED,"{'CASH': 45757524, 'JPM': -364}"
2019-06-28 14:07:00,BID_DEPTH,"[(99868, 309)]"
2019-06-28 14:07:00,ASK_DEPTH,"[(99944, 185)]"
2019-06-28 14:07:00,IMBALANCE,"[309, 185]"
2019-06-28 14:07:00,HOLDINGS_UPDATED,"{'CASH': 45357748, 'JPM': -360}"
2019-06-28 14:08:00,BID_DEPTH,"[(99851, 518)]"
2019-06-28 14:08:00,ASK_DEPTH,"[(99943, 394)]"
2019-06-28 14:08:00,IMBALANCE,"[518, 394]"
2019-06-28 14:08:00,HOLDINGS_UPDATED,"{'CASH': 44957976, 'JPM': -356}"
2019-06-28 14:09:00,BID_DEPTH,"[(99838, 1)]"
2019-06-28 14:09:00,ASK_DEPTH,"[(99944, 161)]"
2019-06-28 14:09:00,IMBALANCE,"[1, 161]"
2019-06-28 14:09:00,HOLDINGS_UPDATED,"{'CASH': 44558200, 'JPM': -352}"
2019-06-28 14:10:00,BID_DEPTH,"[(99838, 143)]"
2019-06-28 14:10:00,ASK_DEPTH,"[(99944, 291)]"
2019-06-28 14:10:00,IMBALANCE,"[143, 291]"
2019-06-28 14:10:00,HOLDINGS_UPDATED,"{'CASH': 44158424, 'JPM': -348}"
2019-06-28 14:11:00,BID_DEPTH,"[(99293, 518)]"
2019-06-28 14:11:00,ASK_DEPTH,"[(99703, 394)]"
2019-06-28 14:11:00,IMBALANCE,"[518, 394]"
2019-06-28 14:11:00,HOLDINGS_UPDATED,"{'CASH': 43759612, 'JPM': -344}"
2019-06-28 14:12:00,BID_DEPTH,"[(99775, 1)]"
2019-06-28 14:12:00,ASK_DEPTH,"[(99944, 206)]"
2019-06-28 14:12:00,IMBALANCE,"[1, 206]"
2019-06-28 14:12:00,HOLDINGS_UPDATED,"{'CASH': 43359836, 'JPM': -340}"
2019-06-28 14:13:00,BID_DEPTH,"[(99133, 242)]"
2019-06-28 14:13:00,ASK_DEPTH,"[(99944, 136)]"
2019-06-28 14:13:00,IMBALANCE,"[242, 136]"
2019-06-28 14:13:00,HOLDINGS_UPDATED,"{'CASH': 42960060, 'JPM': -336}"
2019-06-28 14:14:00,BID_DEPTH,"[(99696, 518)]"
2019-06-28 14:14:00,ASK_DEPTH,"[(100061, 394)]"
2019-06-28 14:14:00,IMBALANCE,"[518, 394]"
2019-06-28 14:14:00,HOLDINGS_UPDATED,"{'CASH': 42559816, 'JPM': -332}"
2019-06-28 14:15:00,BID_DEPTH,"[(99811, 204)]"
2019-06-28 14:15:00,ASK_DEPTH,"[(100061, 80)]"
2019-06-28 14:15:00,IMBALANCE,"[204, 80]"
2019-06-28 14:15:00,HOLDINGS_UPDATED,"{'CASH': 42159572, 'JPM': -328}"
2019-06-28 14:16:00,BID_DEPTH,"[(99696, 518)]"
2019-06-28 14:16:00,ASK_DEPTH,"[(100061, 394)]"
2019-06-28 14:16:00,IMBALANCE,"[518, 394]"
2019-06-28 14:16:00,HOLDINGS_UPDATED,"{'CASH': 41759328, 'JPM': -324}"
2019-06-28 14:17:00,BID_DEPTH,"[(99247, 309)]"
2019-06-28 14:17:00,ASK_DEPTH,"[(100064, 185)]"
2019-06-28 14:17:00,IMBALANCE,"[309, 185]"
2019-06-28 14:17:00,HOLDINGS_UPDATED,"{'CASH': 41359072, 'JPM': -320}"
2019-06-28 14:18:00,BID_DEPTH,"[(99133, 518)]"
2019-06-28 14:18:00,ASK_DEPTH,"[(100064, 394)]"
2019-06-28 14:18:00,IMBALANCE,"[518, 394]"
2019-06-28 14:18:00,HOLDINGS_UPDATED,"{'CASH': 40958816, 'JPM': -316}"
2019-06-28 14:19:00,BID_DEPTH,"[(98983, 242)]"
2019-06-28 14:19:00,ASK_DEPTH,"[(99071, 34)]"
2019-06-28 14:19:00,IMBALANCE,"[242, 34]"
2019-06-28 14:19:00,HOLDINGS_UPDATED,"{'CASH': 40562532, 'JPM': -312}"
2019-06-28 14:20:00,BID_DEPTH,"[(98812, 184)]"
2019-06-28 14:20:00,ASK_DEPTH,"[(100109, 60)]"
2019-06-28 14:20:00,IMBALANCE,"[184, 60]"
2019-06-28 14:20:00,HOLDINGS_UPDATED,"{'CASH': 40162096, 'JPM': -308}"
2019-06-28 14:21:00,BID_DEPTH,"[(98450, 309)]"
2019-06-28 14:21:00,ASK_DEPTH,"[(98812, 201)]"
2019-06-28 14:21:00,IMBALANCE,"[309, 201]"
2019-06-28 14:21:00,HOLDINGS_UPDATED,"{'CASH': 39766848, 'JPM': -304}"
2019-06-28 14:22:00,BID_DEPTH,"[(98799, 184)]"
2019-06-28 14:22:00,ASK_DEPTH,"[(98812, 60)]"
2019-06-28 14:22:00,IMBALANCE,"[184, 60]"
2019-06-28 14:22:00,HOLDINGS_UPDATED,"{'CASH': 39371600, 'JPM': -300}"
2019-06-28 14:23:00,BID_DEPTH,"[(98653, 184)]"
2019-06-28 14:23:00,ASK_DEPTH,"[(98812, 60)]"
2019-06-28 14:23:00,IMBALANCE,"[184, 60]"
2019-06-28 14:23:00,HOLDINGS_UPDATED,"{'CASH': 38976352, 'JPM': -296}"
2019-06-28 14:24:00,BID_DEPTH,"[(98812, 309)]"
2019-06-28 14:24:00,ASK_DEPTH,"[(99164, 185)]"
2019-06-28 14:24:00,IMBALANCE,"[309, 185]"
2019-06-28 14:24:00,HOLDINGS_UPDATED,"{'CASH': 38579696, 'JPM': -292}"
2019-06-28 14:25:00,BID_DEPTH,"[(99335, 184)]"
2019-06-28 14:25:00,ASK_DEPTH,"[(100260, 60)]"
2019-06-28 14:25:00,IMBALANCE,"[184, 60]"
2019-06-28 14:25:00,HOLDINGS_UPDATED,"{'CASH': 38178656, 'JPM': -288}"
2019-06-28 14:26:00,BID_DEPTH,"[(99885, 141)]"
2019-06-28 14:26:00,ASK_DEPTH,"[(100209, 219)]"
2019-06-28 14:26:00,IMBALANCE,"[141, 219]"
2019-06-28 14:26:00,HOLDINGS_UPDATED,"{'CASH': 37777820, 'JPM': -284}"
2019-06-28 14:27:00,BID_DEPTH,"[(99952, 60)]"
2019-06-28 14:27:00,ASK_DEPTH,"[(100209, 357)]"
2019-06-28 14:27:00,IMBALANCE,"[60, 357]"
2019-06-28 14:27:00,HOLDINGS_UPDATED,"{'CASH': 38177628, 'JPM': -288}"
2019-06-28 14:28:00,BID_DEPTH,"[(99423, 185)]"
2019-06-28 14:28:00,ASK_DEPTH,"[(100134, 309)]"
2019-06-28 14:28:00,IMBALANCE,"[185, 309]"
2019-06-28 14:28:00,HOLDINGS_UPDATED,"{'CASH': 38575320, 'JPM': -292}"
2019-06-28 14:29:00,BID_DEPTH,"[(99831, 118)]"
2019-06-28 14:29:00,ASK_DEPTH,"[(99852, 242)]"
2019-06-28 14:29:00,IMBALANCE,"[118, 242]"
2019-06-28 14:29:00,HOLDINGS_UPDATED,"{'CASH': 38974644, 'JPM': -296}"
2019-06-28 14:30:00,BID_DEPTH,"[(99798, 118)]"
2019-06-28 14:30:00,ASK_DEPTH,"[(99852, 242)]"
2019-06-28 14:30:00,IMBALANCE,"[118, 242]"
2019-06-28 14:30:00,HOLDINGS_UPDATED,"{'CASH': 39373836, 'JPM': -300}"
2019-06-28 14:31:00,BID_DEPTH,"[(99697, 60)]"
2019-06-28 14:31:00,ASK_DEPTH,"[(100085, 184)]"
2019-06-28 14:31:00,IMBALANCE,"[60, 184]"
2019-06-28 14:31:00,HOLDINGS_UPDATED,"{'CASH': 39772624, 'JPM': -304}"
2019-06-28 14:32:00,BID_DEPTH,"[(100085, 185)]"
2019-06-28 14:32:00,ASK_DEPTH,"[(100209, 282)]"
2019-06-28 14:32:00,IMBALANCE,"[185, 282]"
2019-06-28 14:32:00,HOLDINGS_UPDATED,"{'CASH': 40172964, 'JPM': -308}"
2019-06-28 14:33:00,BID_DEPTH,"[(100209, 394)]"
2019-06-28 14:33:00,ASK_DEPTH,"[(100260, 518)]"
2019-06-28 14:33:00,IMBALANCE,"[394, 518]"
2019-06-28 14:33:00,HOLDINGS_UPDATED,"{'CASH': 40573800, 'JPM': -312}"
2019-06-28 14:34:00,BID_DEPTH,"[(99335, 118)]"
2019-06-28 14:34:00,ASK_DEPTH,"[(100583, 242)]"
2019-06-28 14:34:00,IMBALANCE,"[118, 242]"
2019-06-28 14:34:00,HOLDINGS_UPDATED,"{'CASH': 40971140, 'JPM': -316}"
2019-06-28 14:35:00,BID_DEPTH,"[(100192, 60)]"
2019-06-28 14:35:00,ASK_DEPTH,"[(100583, 184)]"
2019-06-28 14:35:00,IMBALANCE,"[60, 184]"
2019-06-28 14:35:00,HOLDINGS_UPDATED,"{'CASH': 41371908, 'JPM': -320}"
2019-06-28 14:36:00,BID_DEPTH,"[(99851, 80)]"
2019-06-28 14:36:00,ASK_DEPTH,"[(100191, 204)]"
2019-06-28 14:36:00,IMBALANCE,"[80, 204]"
2019-06-28 14:36:00,HOLDINGS_UPDATED,"{'CASH': 41771312, 'JPM': -324}"
2019-06-28 14:37:00,BID_DEPTH,"[(99828, 60)]"
2019-06-28 14:37:00,ASK_DEPTH,"[(99872, 184)]"
2019-06-28 14:37:00,IMBALANCE,"[60, 184]"
2019-06-28 14:37:00,HOLDINGS_UPDATED,"{'CASH': 42170624, 'JPM': -328}"
2019-06-28 14:38:00,BID_DEPTH,"[(99828, 80)]"
2019-06-28 14:38:00,ASK_DEPTH,"[(99940, 204)]"
2019-06-28 14:38:00,IMBALANCE,"[80, 204]"
2019-06-28 14:38:00,HOLDINGS_UPDATED,"{'CASH': 42569936, 'JPM': -332}"
2019-06-28 14:39:00,BID_DEPTH,"[(99828, 418)]"
2019-06-28 14:39:00,ASK_DEPTH,"[(100191, 242)]"
2019-06-28 14:39:00,IMBALANCE,"[418, 242]"
2019-06-28 14:39:00,HOLDINGS_UPDATED,"{'CASH': 42969248, 'JPM': -336}"
2019-06-28 14:40:00,BID_DEPTH,"[(99828, 566)]"
2019-06-28 14:40:00,ASK_DEPTH,"[(99982, 518)]"
2019-06-28 14:40:00,IMBALANCE,"[566, 518]"
2019-06-28 14:40:00,HOLDINGS_UPDATED,"{'CASH': 43368560, 'JPM': -340}"
2019-06-28 14:41:00,BID_DEPTH,"[(99693, 184)]"
2019-06-28 14:41:00,ASK_DEPTH,"[(99982, 60)]"
2019-06-28 14:41:00,IMBALANCE,"[184, 60]"
2019-06-28 14:41:00,HOLDINGS_UPDATED,"{'CASH': 42968632, 'JPM': -336}"
2019-06-28 14:42:00,BID_DEPTH,"[(100181, 518)]"
2019-06-28 14:42:00,ASK_DEPTH,"[(100192, 394)]"
2019-06-28 14:42:00,IMBALANCE,"[518, 394]"
2019-06-28 14:42:00,HOLDINGS_UPDATED,"{'CASH': 42567864, 'JPM': -332}"
2019-06-28 14:43:00,BID_DEPTH,"[(100010, 204)]"
2019-06-28 14:43:00,ASK_DEPTH,"[(100082, 80)]"
2019-06-28 14:43:00,IMBALANCE,"[204, 80]"
2019-06-28 14:43:00,HOLDINGS_UPDATED,"{'CASH': 42167536, 'JPM': -328}"
2019-06-28 14:44:00,BID_DEPTH,"[(99693, 204)]"
2019-06-28 14:44:00,ASK_DEPTH,"[(100246, 80)]"
2019-06-28 14:44:00,IMBALANCE,"[204, 80]"
2019-06-28 14:44:00,HOLDINGS_UPDATED,"{'CASH': 41766552, 'JPM': -324}"
2019-06-28 14:45:00,BID_DEPTH,"[(99665, 309)]"
2019-06-28 14:45:00,ASK_DEPTH,"[(100486, 185)]"
2019-06-28 14:45:00,IMBALANCE,"[309, 185]"
2019-06-28 14:45:00,HOLDINGS_UPDATED,"{'CASH': 41364608, 'JPM': -320}"
2019-06-28 14:46:00,BID_DEPTH,"[(100093, 309)]"
2019-06-28 14:46:00,ASK_DEPTH,"[(100486, 185)]"
2019-06-28 14:46:00,IMBALANCE,"[309, 185]"
2019-06-28 14:46:00,HOLDINGS_UPDATED,"{'CASH': 40962664, 'JPM': -316}"
2019-06-28 14:47:00,BID_DEPTH,"[(99665, 309)]"
2019-06-28 14:47:00,ASK_DEPTH,"[(99990, 185)]"
2019-06-28 14:47:00,IMBALANCE,"[309, 185]"
2019-06-28 14:47:00,HOLDINGS_UPDATED,"{'CASH': 40562704, 'JPM': -312}"
2019-06-28 14:48:00,BID_DEPTH,"[(99890, 242)]"
2019-06-28 14:48:00,ASK_DEPTH,"[(100013, 118)]"
2019-06-28 14:48:00,IMBALANCE,"[242, 118]"
2019-06-28 14:48:00,HOLDINGS_UPDATED,"{'CASH': 40162652, 'JPM': -308}"
2019-06-28 14:49:00,BID_DEPTH,"[(99890, 242)]"
2019-06-28 14:49:00,ASK_DEPTH,"[(100314, 118)]"
2019-06-28 14:49:00,IMBALANCE,"[242, 118]"
2019-06-28 14:49:00,HOLDINGS_UPDATED,"{'CASH': 39761396, 'JPM': -304}"
2019-06-28 14:50:00,BID_DEPTH,"[(99890, 184)]"
2019-06-28 14:50:00,ASK_DEPTH,"[(100417, 60)]"
2019-06-28 14:50:00,IMBALANCE,"[184, 60]"
2019-06-28 14:50:00,HOLDINGS_UPDATED,"{'CASH': 39359728, 'JPM': -300}"
2019-06-28 14:51:00,BID_DEPTH,"[(99890, 242)]"
2019-06-28 14:51:00,ASK_DEPTH,"[(100019, 118)]"
2019-06-28 14:51:00,IMBALANCE,"[242, 118]"
2019-06-28 14:51:00,HOLDINGS_UPDATED,"{'CASH': 38959652, 'JPM': -296}"
2019-06-28 14:52:00,BID_DEPTH,"[(99928, 309)]"
2019-06-28 14:52:00,ASK_DEPTH,"[(100261, 185)]"
2019-06-28 14:52:00,IMBALANCE,"[309, 185]"
2019-06-28 14:52:00,HOLDINGS_UPDATED,"{'CASH': 38558608, 'JPM': -292}"
2019-06-28 14:53:00,BID_DEPTH,"[(99856, 518)]"
2019-06-28 14:53:00,ASK_DEPTH,"[(100341, 394)]"
2019-06-28 14:53:00,IMBALANCE,"[518, 394]"
2019-06-28 14:53:00,HOLDINGS_UPDATED,"{'CASH': 38157244, 'JPM': -288}"
2019-06-28 14:54:00,BID_DEPTH,"[(99856, 184)]"
2019-06-28 14:54:00,ASK_DEPTH,"[(100341, 60)]"
2019-06-28 14:54:00,IMBALANCE,"[184, 60]"
2019-06-28 14:54:00,HOLDINGS_UPDATED,"{'CASH': 37755880, 'JPM': -284}"
2019-06-28 14:55:00,BID_DEPTH,"[(100298, 518)]"
2019-06-28 14:55:00,ASK_DEPTH,"[(100341, 494)]"
2019-06-28 14:55:00,IMBALANCE,"[518, 494]"
2019-06-28 14:55:00,HOLDINGS_UPDATED,"{'CASH': 37354516, 'JPM': -280}"
2019-06-28 14:56:00,BID_DEPTH,"[(100298, 518)]"
2019-06-28 14:56:00,ASK_DEPTH,"[(100341, 394)]"
2019-06-28 14:56:00,IMBALANCE,"[518, 394]"
2019-06-28 14:56:00,HOLDINGS_UPDATED,"{'CASH': 36953152, 'JPM': -276}"
2019-06-28 14:57:00,BID_DEPTH,"[(100246, 518)]"
2019-06-28 14:57:00,ASK_DEPTH,"[(100409, 394)]"
2019-06-28 14:57:00,IMBALANCE,"[518, 394]"
2019-06-28 14:57:00,HOLDINGS_UPDATED,"{'CASH': 36551516, 'JPM': -272}"
2019-06-28 14:58:00,BID_DEPTH,"[(99939, 204)]"
2019-06-28 14:58:00,ASK_DEPTH,"[(100555, 80)]"
2019-06-28 14:58:00,IMBALANCE,"[204, 80]"
2019-06-28 14:58:00,HOLDINGS_UPDATED,"{'CASH': 36149296, 'JPM': -268}"
2019-06-28 14:59:00,BID_DEPTH,"[(99865, 518)]"
2019-06-28 14:59:00,ASK_DEPTH,"[(100184, 394)]"
2019-06-28 14:59:00,IMBALANCE,"[518, 394]"
2019-06-28 14:59:00,HOLDINGS_UPDATED,"{'CASH': 35748560, 'JPM': -264}"
2019-06-28 15:00:00,BID_DEPTH,"[(99865, 184)]"
2019-06-28 15:00:00,ASK_DEPTH,"[(99873, 60)]"
2019-06-28 15:00:00,IMBALANCE,"[184, 60]"
2019-06-28 15:00:00,HOLDINGS_UPDATED,"{'CASH': 35349068, 'JPM': -260}"
2019-06-28 15:01:00,BID_DEPTH,"[(99856, 204)]"
2019-06-28 15:01:00,ASK_DEPTH,"[(100184, 80)]"
2019-06-28 15:01:00,IMBALANCE,"[204, 80]"
2019-06-28 15:01:00,HOLDINGS_UPDATED,"{'CASH': 34948332, 'JPM': -256}"
2019-06-28 15:02:00,BID_DEPTH,"[(99665, 309)]"
2019-06-28 15:02:00,ASK_DEPTH,"[(100184, 185)]"
2019-06-28 15:02:00,IMBALANCE,"[309, 185]"
2019-06-28 15:02:00,HOLDINGS_UPDATED,"{'CASH': 34547596, 'JPM': -252}"
2019-06-28 15:03:00,BID_DEPTH,"[(99665, 518)]"
2019-06-28 15:03:00,ASK_DEPTH,"[(100184, 494)]"
2019-06-28 15:03:00,IMBALANCE,"[518, 494]"
2019-06-28 15:03:00,HOLDINGS_UPDATED,"{'CASH': 34146860, 'JPM': -248}"
2019-06-28 15:04:00,BID_DEPTH,"[(99809, 242)]"
2019-06-28 15:04:00,ASK_DEPTH,"[(99867, 118)]"
2019-06-28 15:04:00,IMBALANCE,"[242, 118]"
2019-06-28 15:04:00,HOLDINGS_UPDATED,"{'CASH': 33747392, 'JPM': -244}"
2019-06-28 15:05:00,BID_DEPTH,"[(99665, 184)]"
2019-06-28 15:05:00,ASK_DEPTH,"[(99867, 160)]"
2019-06-28 15:05:00,IMBALANCE,"[184, 160]"
2019-06-28 15:05:00,HOLDINGS_UPDATED,"{'CASH': 33347924, 'JPM': -240}"
2019-06-28 15:06:00,BID_DEPTH,"[(99629, 518)]"
2019-06-28 15:06:00,ASK_DEPTH,"[(99884, 394)]"
2019-06-28 15:06:00,IMBALANCE,"[518, 394]"
2019-06-28 15:06:00,HOLDINGS_UPDATED,"{'CASH': 32948388, 'JPM': -236}"
2019-06-28 15:07:00,BID_DEPTH,"[(99628, 309)]"
2019-06-28 15:07:00,ASK_DEPTH,"[(99876, 185)]"
2019-06-28 15:07:00,IMBALANCE,"[309, 185]"
2019-06-28 15:07:00,HOLDINGS_UPDATED,"{'CASH': 32548884, 'JPM': -232}"
2019-06-28 15:08:00,BID_DEPTH,"[(99698, 518)]"
2019-06-28 15:08:00,ASK_DEPTH,"[(99875, 394)]"
2019-06-28 15:08:00,IMBALANCE,"[518, 394]"
2019-06-28 15:08:00,HOLDINGS_UPDATED,"{'CASH': 32149384, 'JPM': -228}"
2019-06-28 15:09:00,BID_DEPTH,"[(99823, 309)]"
2019-06-28 15:09:00,ASK_DEPTH,"[(99884, 285)]"
2019-06-28 15:09:00,IMBALANCE,"[309, 285]"
2019-06-28 15:09:00,HOLDINGS_UPDATED,"{'CASH': 31749848, 'JPM': -224}"
2019-06-28 15:10:00,BID_DEPTH,"[(99823, 242)]"
2019-06-28 15:10:00,ASK_DEPTH,"[(99883, 118)]"
2019-06-28 15:10:00,IMBALANCE,"[242, 118]"
2019-06-28 15:10:00,HOLDINGS_UPDATED,"{'CASH': 31350316, 'JPM': -220}"
2019-06-28 15:11:00,BID_DEPTH,"[(99698, 184)]"
2019-06-28 15:11:00,ASK_DEPTH,"[(99855, 60)]"
2019-06-28 15:11:00,IMBALANCE,"[184, 60]"
2019-06-28 15:11:00,HOLDINGS_UPDATED,"{'CASH': 30950896, 'JPM': -216}"
2019-06-28 15:12:00,BID_DEPTH,"[(99664, 242)]"
2019-06-28 15:12:00,ASK_DEPTH,"[(99855, 118)]"
2019-06-28 15:12:00,IMBALANCE,"[242, 118]"
2019-06-28 15:12:00,HOLDINGS_UPDATED,"{'CASH': 30551476, 'JPM': -212}"
2019-06-28 15:13:00,BID_DEPTH,"[(99663, 80)]"
2019-06-28 15:13:00,ASK_DEPTH,"[(99883, 204)]"
2019-06-28 15:13:00,IMBALANCE,"[80, 204]"
2019-06-28 15:13:00,HOLDINGS_UPDATED,"{'CASH': 30950128, 'JPM': -216}"
2019-06-28 15:14:00,BID_DEPTH,"[(99517, 394)]"
2019-06-28 15:14:00,ASK_DEPTH,"[(99662, 518)]"
2019-06-28 15:14:00,IMBALANCE,"[394, 518]"
2019-06-28 15:14:00,HOLDINGS_UPDATED,"{'CASH': 31348196, 'JPM': -220}"
2019-06-28 15:15:00,BID_DEPTH,"[(99432, 80)]"
2019-06-28 15:15:00,ASK_DEPTH,"[(99517, 304)]"
2019-06-28 15:15:00,IMBALANCE,"[80, 304]"
2019-06-28 15:15:00,HOLDINGS_UPDATED,"{'CASH': 31745924, 'JPM': -224}"
2019-06-28 15:16:00,BID_DEPTH,"[(99364, 118)]"
2019-06-28 15:16:00,ASK_DEPTH,"[(99432, 155)]"
2019-06-28 15:16:00,IMBALANCE,"[118, 155]"
2019-06-28 15:16:00,HOLDINGS_UPDATED,"{'CASH': 32143380, 'JPM': -228}"
2019-06-28 15:17:00,BID_DEPTH,"[(99364, 21)]"
2019-06-28 15:17:00,ASK_DEPTH,"[(99432, 155)]"
2019-06-28 15:17:00,IMBALANCE,"[21, 155]"
2019-06-28 15:17:00,HOLDINGS_UPDATED,"{'CASH': 32540836, 'JPM': -232}"
2019-06-28 15:18:00,BID_DEPTH,"[(99031, 80)]"
2019-06-28 15:18:00,ASK_DEPTH,"[(99364, 184)]"
2019-06-28 15:18:00,IMBALANCE,"[80, 184]"
2019-06-28 15:18:00,HOLDINGS_UPDATED,"{'CASH': 32936960, 'JPM': -236}"
2019-06-28 15:19:00,BID_DEPTH,"[(98229, 118)]"
2019-06-28 15:19:00,ASK_DEPTH,"[(99031, 163)]"
2019-06-28 15:19:00,IMBALANCE,"[118, 163]"
2019-06-28 15:19:00,HOLDINGS_UPDATED,"{'CASH': 33329876, 'JPM': -240}"
2019-06-28 15:20:00,BID_DEPTH,"[(98115, 394)]"
2019-06-28 15:20:00,ASK_DEPTH,"[(98229, 631)]"
2019-06-28 15:20:00,IMBALANCE,"[394, 631]"
2019-06-28 15:20:00,HOLDINGS_UPDATED,"{'CASH': 33722336, 'JPM': -244}"
2019-06-28 15:21:00,BID_DEPTH,"[(97629, 190)]"
2019-06-28 15:21:00,ASK_DEPTH,"[(98115, 3)]"
2019-06-28 15:21:00,IMBALANCE,"[190, 3]"
2019-06-28 15:21:00,HOLDINGS_UPDATED,"{'CASH': 34112852, 'JPM': -248}"
2019-06-28 15:22:00,BID_DEPTH,"[(97629, 45)]"
2019-06-28 15:22:00,ASK_DEPTH,"[(97671, 184)]"
2019-06-28 15:22:00,IMBALANCE,"[45, 184]"
2019-06-28 15:22:00,HOLDINGS_UPDATED,"{'CASH': 34503368, 'JPM': -252}"
2019-06-28 15:23:00,BID_DEPTH,"[(97315, 60)]"
2019-06-28 15:23:00,ASK_DEPTH,"[(97671, 184)]"
2019-06-28 15:23:00,IMBALANCE,"[60, 184]"
2019-06-28 15:23:00,HOLDINGS_UPDATED,"{'CASH': 34892628, 'JPM': -256}"
2019-06-28 15:24:00,BID_DEPTH,"[(97283, 185)]"
2019-06-28 15:24:00,ASK_DEPTH,"[(97315, 302)]"
2019-06-28 15:24:00,IMBALANCE,"[185, 302]"
2019-06-28 15:24:00,HOLDINGS_UPDATED,"{'CASH': 35281760, 'JPM': -260}"
2019-06-28 15:25:00,BID_DEPTH,"[(96975, 118)]"
2019-06-28 15:25:00,ASK_DEPTH,"[(97315, 235)]"
2019-06-28 15:25:00,IMBALANCE,"[118, 235]"
2019-06-28 15:25:00,HOLDINGS_UPDATED,"{'CASH': 35669660, 'JPM': -264}"
2019-06-28 15:26:00,BID_DEPTH,"[(96975, 21)]"
2019-06-28 15:26:00,ASK_DEPTH,"[(97093, 242)]"
2019-06-28 15:26:00,IMBALANCE,"[21, 242]"
2019-06-28 15:26:00,HOLDINGS_UPDATED,"{'CASH': 36057560, 'JPM': -268}"
2019-06-28 15:27:00,BID_DEPTH,"[(96964, 185)]"
2019-06-28 15:27:00,ASK_DEPTH,"[(97000, 309)]"
2019-06-28 15:27:00,IMBALANCE,"[185, 309]"
2019-06-28 15:27:00,HOLDINGS_UPDATED,"{'CASH': 36445416, 'JPM': -272}"
2019-06-28 15:28:00,BID_DEPTH,"[(96784, 185)]"
2019-06-28 15:28:00,ASK_DEPTH,"[(96993, 309)]"
2019-06-28 15:28:00,IMBALANCE,"[185, 309]"
2019-06-28 15:28:00,HOLDINGS_UPDATED,"{'CASH': 36832552, 'JPM': -276}"
2019-06-28 15:29:00,BID_DEPTH,"[(97000, 101)]"
2019-06-28 15:29:00,ASK_DEPTH,"[(97093, 309)]"
2019-06-28 15:29:00,IMBALANCE,"[101, 309]"
2019-06-28 15:29:00,HOLDINGS_UPDATED,"{'CASH': 37220552, 'JPM': -280}"
2019-06-28 15:30:00,BID_DEPTH,"[(97611, 118)]"
2019-06-28 15:30:00,ASK_DEPTH,"[(97671, 242)]"
2019-06-28 15:30:00,IMBALANCE,"[118, 242]"
2019-06-28 15:30:00,HOLDINGS_UPDATED,"{'CASH': 37610996, 'JPM': -284}"
2019-06-28 15:31:00,BID_DEPTH,"[(97796, 34)]"
2019-06-28 15:31:00,ASK_DEPTH,"[(98115, 145)]"
2019-06-28 15:31:00,IMBALANCE,"[34, 145]"
2019-06-28 15:31:00,HOLDINGS_UPDATED,"{'CASH': 38002180, 'JPM': -288}"
2019-06-28 15:32:00,BID_DEPTH,"[(97997, 185)]"
2019-06-28 15:32:00,ASK_DEPTH,"[(98148, 309)]"
2019-06-28 15:32:00,IMBALANCE,"[185, 309]"
2019-06-28 15:32:00,HOLDINGS_UPDATED,"{'CASH': 38394168, 'JPM': -292}"
2019-06-28 15:33:00,BID_DEPTH,"[(97796, 60)]"
2019-06-28 15:33:00,ASK_DEPTH,"[(98229, 97)]"
2019-06-28 15:33:00,IMBALANCE,"[60, 97]"
2019-06-28 15:33:00,HOLDINGS_UPDATED,"{'CASH': 38785352, 'JPM': -296}"
2019-06-28 15:34:00,BID_DEPTH,"[(97575, 153)]"
2019-06-28 15:34:00,ASK_DEPTH,"[(97611, 6)]"
2019-06-28 15:34:00,IMBALANCE,"[153, 6]"
2019-06-28 15:34:00,HOLDINGS_UPDATED,"{'CASH': 39175652, 'JPM': -300}"
2019-06-28 15:35:00,BID_DEPTH,"[(97611, 50)]"
2019-06-28 15:35:00,ASK_DEPTH,"[(98434, 184)]"
2019-06-28 15:35:00,IMBALANCE,"[50, 184]"
2019-06-28 15:35:00,HOLDINGS_UPDATED,"{'CASH': 39566096, 'JPM': -304}"
2019-06-28 15:36:00,BID_DEPTH,"[(97611, 394)]"
2019-06-28 15:36:00,ASK_DEPTH,"[(98434, 518)]"
2019-06-28 15:36:00,IMBALANCE,"[394, 518]"
2019-06-28 15:36:00,HOLDINGS_UPDATED,"{'CASH': 39956540, 'JPM': -308}"
2019-06-28 15:37:00,BID_DEPTH,"[(97575, 25)]"
2019-06-28 15:37:00,ASK_DEPTH,"[(98787, 184)]"
2019-06-28 15:37:00,IMBALANCE,"[25, 184]"
2019-06-28 15:37:00,HOLDINGS_UPDATED,"{'CASH': 40346840, 'JPM': -312}"
2019-06-28 15:38:00,BID_DEPTH,"[(98838, 60)]"
2019-06-28 15:38:00,ASK_DEPTH,"[(98915, 184)]"
2019-06-28 15:38:00,IMBALANCE,"[60, 184]"
2019-06-28 15:38:00,HOLDINGS_UPDATED,"{'CASH': 40742192, 'JPM': -316}"
2019-06-28 15:39:00,BID_DEPTH,"[(98787, 160)]"
2019-06-28 15:39:00,ASK_DEPTH,"[(98915, 184)]"
2019-06-28 15:39:00,IMBALANCE,"[160, 184]"
2019-06-28 15:39:00,HOLDINGS_UPDATED,"{'CASH': 41137340, 'JPM': -320}"
2019-06-28 15:40:00,BID_DEPTH,"[(98787, 52)]"
2019-06-28 15:40:00,ASK_DEPTH,"[(99050, 204)]"
2019-06-28 15:40:00,IMBALANCE,"[52, 204]"
2019-06-28 15:40:00,HOLDINGS_UPDATED,"{'CASH': 41532488, 'JPM': -324}"
2019-06-28 15:41:00,BID_DEPTH,"[(98787, 118)]"
2019-06-28 15:41:00,ASK_DEPTH,"[(99050, 242)]"
2019-06-28 15:41:00,IMBALANCE,"[118, 242]"
2019-06-28 15:41:00,HOLDINGS_UPDATED,"{'CASH': 41927636, 'JPM': -328}"
2019-06-28 15:42:00,BID_DEPTH,"[(98787, 118)]"
2019-06-28 15:42:00,ASK_DEPTH,"[(99050, 242)]"
2019-06-28 15:42:00,IMBALANCE,"[118, 242]"
2019-06-28 15:42:00,HOLDINGS_UPDATED,"{'CASH': 42322784, 'JPM': -332}"
2019-06-28 15:43:00,BID_DEPTH,"[(99064, 101)]"
2019-06-28 15:43:00,ASK_DEPTH,"[(99212, 309)]"
2019-06-28 15:43:00,IMBALANCE,"[101, 309]"
2019-06-28 15:43:00,HOLDINGS_UPDATED,"{'CASH': 42719040, 'JPM': -336}"
2019-06-28 15:44:00,BID_DEPTH,"[(98787, 118)]"
2019-06-28 15:44:00,ASK_DEPTH,"[(99212, 242)]"
2019-06-28 15:44:00,IMBALANCE,"[118, 242]"
2019-06-28 15:44:00,HOLDINGS_UPDATED,"{'CASH': 43114188, 'JPM': -340}"
2019-06-28 15:45:00,BID_DEPTH,"[(99226, 60)]"
2019-06-28 15:45:00,ASK_DEPTH,"[(99364, 164)]"
2019-06-28 15:45:00,IMBALANCE,"[60, 164]"
2019-06-28 15:45:00,HOLDINGS_UPDATED,"{'CASH': 43511092, 'JPM': -344}"
2019-06-28 15:46:00,BID_DEPTH,"[(99226, 394)]"
2019-06-28 15:46:00,ASK_DEPTH,"[(99364, 498)]"
2019-06-28 15:46:00,IMBALANCE,"[394, 498]"
2019-06-28 15:46:00,HOLDINGS_UPDATED,"{'CASH': 43907996, 'JPM': -348}"
2019-06-28 15:47:00,BID_DEPTH,"[(98787, 185)]"
2019-06-28 15:47:00,ASK_DEPTH,"[(99851, 309)]"
2019-06-28 15:47:00,IMBALANCE,"[185, 309]"
2019-06-28 15:47:00,HOLDINGS_UPDATED,"{'CASH': 44303144, 'JPM': -352}"
2019-06-28 15:48:00,BID_DEPTH,"[(97000, 88)]"
2019-06-28 15:48:00,ASK_DEPTH,"[(99896, 309)]"
2019-06-28 15:48:00,IMBALANCE,"[88, 309]"
2019-06-28 15:48:00,HOLDINGS_UPDATED,"{'CASH': 44691144, 'JPM': -356}"
2019-06-28 15:49:00,BID_DEPTH,"[(96784, 88)]"
2019-06-28 15:49:00,ASK_DEPTH,"[(99896, 309)]"
2019-06-28 15:49:00,IMBALANCE,"[88, 309]"
2019-06-28 15:49:00,HOLDINGS_UPDATED,"{'CASH': 45078280, 'JPM': -360}"
2019-06-28 15:50:00,BID_DEPTH,[]
2019-06-28 15:50:00,ASK_DEPTH,"[(99454, 100)]"
2019-06-28 15:50:00,IMBALANCE,"[0, 100]"
2019-06-28 15:51:00,BID_DEPTH,"[(98698, 394)]"
2019-06-28 15:51:00,ASK_DEPTH,"[(98835, 518)]"
2019-06-28 15:51:00,IMBALANCE,"[394, 518]"
2019-06-28 15:51:00,HOLDINGS_UPDATED,"{'CASH': 45473072, 'JPM': -364}"
2019-06-28 15:52:00,BID_DEPTH,"[(98710, 60)]"
2019-06-28 15:52:00,ASK_DEPTH,"[(98996, 184)]"
2019-06-28 15:52:00,IMBALANCE,"[60, 184]"
2019-06-28 15:52:00,HOLDINGS_UPDATED,"{'CASH': 45867912, 'JPM': -368}"
2019-06-28 15:53:00,BID_DEPTH,"[(98528, 185)]"
2019-06-28 15:53:00,ASK_DEPTH,"[(98692, 309)]"
2019-06-28 15:53:00,IMBALANCE,"[185, 309]"
2019-06-28 15:53:00,HOLDINGS_UPDATED,"{'CASH': 46262024, 'JPM': -372}"
2019-06-28 15:54:00,BID_DEPTH,"[(98152, 242)]"
2019-06-28 15:54:00,ASK_DEPTH,"[(98528, 37)]"
2019-06-28 15:54:00,IMBALANCE,"[242, 37]"
2019-06-28 15:54:00,HOLDINGS_UPDATED,"{'CASH': 45867912, 'JPM': -368}"
2019-06-28 15:55:00,BID_DEPTH,"[(98048, 242)]"
2019-06-28 15:55:00,ASK_DEPTH,"[(98170, 118)]"
2019-06-28 15:55:00,IMBALANCE,"[242, 118]"
2019-06-28 15:55:00,HOLDINGS_UPDATED,"{'CASH': 45475232, 'JPM': -364}"
2019-06-28 15:56:00,BID_DEPTH,"[(98048, 184)]"
2019-06-28 15:56:00,ASK_DEPTH,"[(98170, 7)]"
2019-06-28 15:56:00,IMBALANCE,"[184, 7]"
2019-06-28 15:56:00,HOLDINGS_UPDATED,"{'CASH': 45082552, 'JPM': -360}"
2019-06-28 15:57:00,BID_DEPTH,"[(98171, 518)]"
2019-06-28 15:57:00,ASK_DEPTH,"[(98467, 394)]"
2019-06-28 15:57:00,IMBALANCE,"[518, 394]"
2019-06-28 15:57:00,HOLDINGS_UPDATED,"{'CASH': 44688684, 'JPM': -356}"
2019-06-28 15:58:00,BID_DEPTH,"[(98171, 518)]"
2019-06-28 15:58:00,ASK_DEPTH,"[(98528, 394)]"
2019-06-28 15:58:00,IMBALANCE,"[518, 394]"
2019-06-28 15:58:00,HOLDINGS_UPDATED,"{'CASH': 44294572, 'JPM': -352}"
2019-06-28 15:59:00,BID_DEPTH,"[(98528, 204)]"
2019-06-28 15:59:00,ASK_DEPTH,"[(98692, 80)]"
2019-06-28 15:59:00,IMBALANCE,"[204, 80]"
2019-06-28 15:59:00,HOLDINGS_UPDATED,"{'CASH': 43899804, 'JPM': -348}"
2019-06-28 16:00:00,BID_DEPTH,"[(98692, 309)]"
2019-06-28 16:00:00,ASK_DEPTH,"[(98996, 185)]"
2019-06-28 16:00:00,IMBALANCE,"[309, 185]"
2019-06-28 16:00:00,HOLDINGS_UPDATED,"{'CASH': 43503820, 'JPM': -344}"
2019-06-28 16:01:00,BID_DEPTH,"[(98692, 309)]"
2019-06-28 16:01:00,ASK_DEPTH,"[(98996, 181)]"
2019-06-28 16:01:00,IMBALANCE,"[309, 181]"
2019-06-28 16:01:00,MKT_CLOSED,
2019-06-28 16:01:00,FINAL_HOLDINGS,"{ JPM: -344, CASH: 43503820 }"
2019-06-28 16:01:00,FINAL_CASH_POSITION,43503820
2019-06-28 16:01:00,MARK_TO_MARKET,-344 JPM @ 98996 == -34054624
2019-06-28 16:01:00,MARKED_TO_MARKET,9449196
2019-06-28 16:01:00,ENDING_CASH,9449196
