EventTime,EventType,Event
,AGENT_TYPE,MomentumAgent
,STARTING_CASH,10000000
2019-06-28 09:30:00,HOLDINGS_UPDATED,{'CASH': 10000000}
2019-06-28 09:31:00,BID_DEPTH,"[(99996, 243)]"
2019-06-28 09:31:00,ASK_DEPTH,"[(100012, 243)]"
2019-06-28 09:31:00,IMBALANCE,"[243, 243]"
2019-06-28 09:32:00,BID_DEPTH,"[(99996, 206)]"
2019-06-28 09:32:00,ASK_DEPTH,"[(100012, 206)]"
2019-06-28 09:32:00,IMBALANCE,"[206, 206]"
2019-06-28 09:33:00,BID_DEPTH,"[(100011, 311)]"
2019-06-28 09:33:00,ASK_DEPTH,"[(100013, 311)]"
2019-06-28 09:33:00,IMBALANCE,"[311, 311]"
2019-06-28 09:34:00,BID_DEPTH,"[(99995, 184)]"
2019-06-28 09:34:00,ASK_DEPTH,"[(100013, 184)]"
2019-06-28 09:34:00,IMBALANCE,"[184, 184]"
2019-06-28 09:35:00,BID_DEPTH,"[(99993, 406)]"
2019-06-28 09:35:00,ASK_DEPTH,"[(100011, 206)]"
2019-06-28 09:35:00,IMBALANCE,"[406, 206]"
2019-06-28 09:36:00,BID_DEPTH,"[(99993, 306)]"
2019-06-28 09:36:00,ASK_DEPTH,"[(99994, 306)]"
2019-06-28 09:36:00,IMBALANCE,"[306, 306]"
2019-06-28 09:37:00,BID_DEPTH,"[(99982, 311)]"
2019-06-28 09:37:00,ASK_DEPTH,"[(99994, 411)]"
2019-06-28 09:37:00,IMBALANCE,"[311, 411]"
2019-06-28 09:38:00,BID_DEPTH,"[(99968, 243)]"
2019-06-28 09:38:00,ASK_DEPTH,"[(99993, 243)]"
2019-06-28 09:38:00,IMBALANCE,"[243, 243]"
2019-06-28 09:39:00,BID_DEPTH,"[(99945, 184)]"
2019-06-28 09:39:00,ASK_DEPTH,"[(99993, 184)]"
2019-06-28 09:39:00,IMBALANCE,"[184, 184]"
2019-06-28 09:40:00,BID_DEPTH,"[(99938, 206)]"
2019-06-28 09:40:00,ASK_DEPTH,"[(99967, 206)]"
2019-06-28 09:40:00,IMBALANCE,"[206, 206]"
2019-06-28 09:41:00,BID_DEPTH,"[(99926, 184)]"
2019-06-28 09:41:00,ASK_DEPTH,"[(99967, 284)]"
2019-06-28 09:41:00,IMBALANCE,"[184, 284]"
2019-06-28 09:42:00,BID_DEPTH,"[(99926, 243)]"
2019-06-28 09:42:00,ASK_DEPTH,"[(99945, 443)]"
2019-06-28 09:42:00,IMBALANCE,"[243, 443]"
2019-06-28 09:43:00,BID_DEPTH,"[(99920, 522)]"
2019-06-28 09:43:00,ASK_DEPTH,"[(99945, 722)]"
2019-06-28 09:43:00,IMBALANCE,"[522, 722]"
2019-06-28 09:44:00,BID_DEPTH,"[(99860, 311)]"
2019-06-28 09:44:00,ASK_DEPTH,"[(99925, 411)]"
2019-06-28 09:44:00,IMBALANCE,"[311, 411]"
2019-06-28 09:45:00,BID_DEPTH,"[(99819, 311)]"
2019-06-28 09:45:00,ASK_DEPTH,"[(99878, 311)]"
2019-06-28 09:45:00,IMBALANCE,"[311, 311]"
2019-06-28 09:46:00,BID_DEPTH,"[(99819, 243)]"
2019-06-28 09:46:00,ASK_DEPTH,"[(99860, 243)]"
2019-06-28 09:46:00,IMBALANCE,"[243, 243]"
2019-06-28 09:47:00,BID_DEPTH,"[(99796, 184)]"
2019-06-28 09:47:00,ASK_DEPTH,"[(99860, 284)]"
2019-06-28 09:47:00,IMBALANCE,"[184, 284]"
2019-06-28 09:48:00,BID_DEPTH,"[(99718, 522)]"
2019-06-28 09:48:00,ASK_DEPTH,"[(99860, 622)]"
2019-06-28 09:48:00,IMBALANCE,"[522, 622]"
2019-06-28 09:49:00,BID_DEPTH,"[(99492, 522)]"
2019-06-28 09:49:00,ASK_DEPTH,"[(99718, 522)]"
2019-06-28 09:49:00,IMBALANCE,"[522, 522]"
2019-06-28 09:50:00,BID_DEPTH,"[(98187, 311)]"
2019-06-28 09:50:00,ASK_DEPTH,"[(99580, 311)]"
2019-06-28 09:50:00,IMBALANCE,"[311, 311]"
2019-06-28 09:51:00,BID_DEPTH,"[(98187, 243)]"
2019-06-28 09:51:00,ASK_DEPTH,"[(99580, 243)]"
2019-06-28 09:51:00,IMBALANCE,"[243, 243]"
2019-06-28 09:52:00,BID_DEPTH,"[(99035, 184)]"
2019-06-28 09:52:00,ASK_DEPTH,"[(99580, 184)]"
2019-06-28 09:52:00,IMBALANCE,"[184, 184]"
2019-06-28 09:53:00,BID_DEPTH,"[(99068, 522)]"
2019-06-28 09:53:00,ASK_DEPTH,"[(99492, 922)]"
2019-06-28 09:53:00,IMBALANCE,"[522, 922]"
2019-06-28 09:54:00,BID_DEPTH,"[(99371, 311)]"
2019-06-28 09:54:00,ASK_DEPTH,"[(99492, 311)]"
2019-06-28 09:54:00,IMBALANCE,"[311, 311]"
2019-06-28 09:55:00,BID_DEPTH,"[(99492, 206)]"
2019-06-28 09:55:00,ASK_DEPTH,"[(99700, 206)]"
2019-06-28 09:55:00,IMBALANCE,"[206, 206]"
2019-06-28 09:56:00,BID_DEPTH,"[(99493, 206)]"
2019-06-28 09:56:00,ASK_DEPTH,"[(99700, 206)]"
2019-06-28 09:56:00,IMBALANCE,"[206, 206]"
2019-06-28 09:57:00,BID_DEPTH,"[(99493, 622)]"
2019-06-28 09:57:00,ASK_DEPTH,"[(99700, 522)]"
2019-06-28 09:57:00,IMBALANCE,"[622, 522]"
2019-06-28 09:58:00,BID_DEPTH,"[(99580, 184)]"
2019-06-28 09:58:00,ASK_DEPTH,"[(99930, 184)]"
2019-06-28 09:58:00,IMBALANCE,"[184, 184]"
2019-06-28 09:59:00,BID_DEPTH,"[(99580, 184)]"
2019-06-28 09:59:00,ASK_DEPTH,"[(100008, 184)]"
2019-06-28 09:59:00,IMBALANCE,"[184, 184]"
2019-06-28 10:00:00,BID_DEPTH,"[(99580, 206)]"
2019-06-28 10:00:00,ASK_DEPTH,"[(99724, 206)]"
2019-06-28 10:00:00,IMBALANCE,"[206, 206]"
2019-06-28 10:01:00,BID_DEPTH,"[(99836, 522)]"
2019-06-28 10:01:00,ASK_DEPTH,"[(99930, 522)]"
2019-06-28 10:01:00,IMBALANCE,"[522, 522]"
2019-06-28 10:02:00,BID_DEPTH,"[(99580, 184)]"
2019-06-28 10:02:00,ASK_DEPTH,"[(99669, 184)]"
2019-06-28 10:02:00,IMBALANCE,"[184, 184]"
2019-06-28 10:03:00,BID_DEPTH,"[(99659, 206)]"
2019-06-28 10:03:00,ASK_DEPTH,"[(99930, 206)]"
2019-06-28 10:03:00,IMBALANCE,"[206, 206]"
2019-06-28 10:04:00,BID_DEPTH,"[(99493, 522)]"
2019-06-28 10:04:00,ASK_DEPTH,"[(99930, 522)]"
2019-06-28 10:04:00,IMBALANCE,"[522, 522]"
2019-06-28 10:05:00,BID_DEPTH,"[(99322, 206)]"
2019-06-28 10:05:00,ASK_DEPTH,"[(99930, 206)]"
2019-06-28 10:05:00,IMBALANCE,"[206, 206]"
2019-06-28 10:06:00,BID_DEPTH,"[(99285, 311)]"
2019-06-28 10:06:00,ASK_DEPTH,"[(99930, 311)]"
2019-06-28 10:06:00,IMBALANCE,"[311, 311]"
2019-06-28 10:07:00,BID_DEPTH,"[(99285, 522)]"
2019-06-28 10:07:00,ASK_DEPTH,"[(99930, 522)]"
2019-06-28 10:07:00,IMBALANCE,"[522, 522]"
2019-06-28 10:08:00,BID_DEPTH,"[(99095, 522)]"
2019-06-28 10:08:00,ASK_DEPTH,"[(99101, 522)]"
2019-06-28 10:08:00,IMBALANCE,"[522, 522]"
2019-06-28 10:09:00,BID_DEPTH,"[(99101, 184)]"
2019-06-28 10:09:00,ASK_DEPTH,"[(99930, 184)]"
2019-06-28 10:09:00,IMBALANCE,"[184, 184]"
2019-06-28 10:10:00,BID_DEPTH,"[(99100, 311)]"
2019-06-28 10:10:00,ASK_DEPTH,"[(99930, 311)]"
2019-06-28 10:10:00,IMBALANCE,"[311, 311]"
2019-06-28 10:11:00,BID_DEPTH,"[(99100, 184)]"
2019-06-28 10:11:00,ASK_DEPTH,"[(99170, 184)]"
2019-06-28 10:11:00,IMBALANCE,"[184, 184]"
2019-06-28 10:12:00,BID_DEPTH,"[(99095, 243)]"
2019-06-28 10:12:00,ASK_DEPTH,"[(99170, 243)]"
2019-06-28 10:12:00,IMBALANCE,"[243, 243]"
2019-06-28 10:13:00,BID_DEPTH,"[(99045, 522)]"
2019-06-28 10:13:00,ASK_DEPTH,"[(99102, 622)]"
2019-06-28 10:13:00,IMBALANCE,"[522, 622]"
2019-06-28 10:14:00,BID_DEPTH,"[(99035, 522)]"
2019-06-28 10:14:00,ASK_DEPTH,"[(99102, 622)]"
2019-06-28 10:14:00,IMBALANCE,"[522, 622]"
2019-06-28 10:15:00,BID_DEPTH,"[(99035, 184)]"
2019-06-28 10:15:00,ASK_DEPTH,"[(99045, 184)]"
2019-06-28 10:15:00,IMBALANCE,"[184, 184]"
2019-06-28 10:16:00,BID_DEPTH,"[(99035, 243)]"
2019-06-28 10:16:00,ASK_DEPTH,"[(99102, 243)]"
2019-06-28 10:16:00,IMBALANCE,"[243, 243]"
2019-06-28 10:17:00,BID_DEPTH,"[(99010, 206)]"
2019-06-28 10:17:00,ASK_DEPTH,"[(99102, 206)]"
2019-06-28 10:17:00,IMBALANCE,"[206, 206]"
2019-06-28 10:18:00,BID_DEPTH,"[(99045, 411)]"
2019-06-28 10:18:00,ASK_DEPTH,"[(99170, 311)]"
2019-06-28 10:18:00,IMBALANCE,"[411, 311]"
2019-06-28 10:19:00,BID_DEPTH,"[(99170, 200)]"
2019-06-28 10:19:00,ASK_DEPTH,"[(99375, 243)]"
2019-06-28 10:19:00,IMBALANCE,"[200, 243]"
2019-06-28 10:20:00,BID_DEPTH,"[(99170, 479)]"
2019-06-28 10:20:00,ASK_DEPTH,"[(99751, 522)]"
2019-06-28 10:20:00,IMBALANCE,"[479, 522]"
2019-06-28 10:21:00,BID_DEPTH,"[(99170, 151)]"
2019-06-28 10:21:00,ASK_DEPTH,"[(99751, 206)]"
2019-06-28 10:21:00,IMBALANCE,"[151, 206]"
2019-06-28 10:21:00,HOLDINGS_UPDATED,"{'CASH': 10595020, 'JPM': -6}"
2019-06-28 10:22:00,BID_DEPTH,"[(99170, 231)]"
2019-06-28 10:22:00,ASK_DEPTH,"[(99751, 243)]"
2019-06-28 10:22:00,IMBALANCE,"[231, 243]"
2019-06-28 10:22:00,HOLDINGS_UPDATED,"{'CASH': 11190040, 'JPM': -12}"
2019-06-28 10:23:00,BID_DEPTH,"[(99102, 331)]"
2019-06-28 10:23:00,ASK_DEPTH,"[(99170, 343)]"
2019-06-28 10:23:00,IMBALANCE,"[331, 343]"
2019-06-28 10:23:00,HOLDINGS_UPDATED,"{'CASH': 11784652, 'JPM': -18}"
2019-06-28 10:24:00,BID_DEPTH,"[(99045, 399)]"
2019-06-28 10:24:00,ASK_DEPTH,"[(99139, 311)]"
2019-06-28 10:24:00,IMBALANCE,"[399, 311]"
2019-06-28 10:24:00,HOLDINGS_UPDATED,"{'CASH': 12378922, 'JPM': -24}"
2019-06-28 10:25:00,BID_DEPTH,"[(99045, 264)]"
2019-06-28 10:25:00,ASK_DEPTH,"[(99170, 284)]"
2019-06-28 10:25:00,IMBALANCE,"[264, 284]"
2019-06-28 10:25:00,HOLDINGS_UPDATED,"{'CASH': 12973192, 'JPM': -30}"
2019-06-28 10:26:00,BID_DEPTH,"[(99087, 194)]"
2019-06-28 10:26:00,ASK_DEPTH,"[(99170, 206)]"
2019-06-28 10:26:00,IMBALANCE,"[194, 206]"
2019-06-28 10:26:00,HOLDINGS_UPDATED,"{'CASH': 13567714, 'JPM': -36}"
2019-06-28 10:27:00,BID_DEPTH,"[(99182, 510)]"
2019-06-28 10:27:00,ASK_DEPTH,"[(99183, 522)]"
2019-06-28 10:27:00,IMBALANCE,"[510, 522]"
2019-06-28 10:27:00,HOLDINGS_UPDATED,"{'CASH': 14162806, 'JPM': -42}"
2019-06-28 10:28:00,BID_DEPTH,"[(99087, 231)]"
2019-06-28 10:28:00,ASK_DEPTH,"[(99183, 243)]"
2019-06-28 10:28:00,IMBALANCE,"[231, 243]"
2019-06-28 10:28:00,HOLDINGS_UPDATED,"{'CASH': 14757328, 'JPM': -48}"
2019-06-28 10:29:00,BID_DEPTH,"[(99420, 231)]"
2019-06-28 10:29:00,ASK_DEPTH,"[(99635, 243)]"
2019-06-28 10:29:00,IMBALANCE,"[231, 243]"
2019-06-28 10:29:00,HOLDINGS_UPDATED,"{'CASH': 15353848, 'JPM': -54}"
2019-06-28 10:30:00,BID_DEPTH,"[(99420, 331)]"
2019-06-28 10:30:00,ASK_DEPTH,"[(99591, 243)]"
2019-06-28 10:30:00,IMBALANCE,"[331, 243]"
2019-06-28 10:30:00,HOLDINGS_UPDATED,"{'CASH': 15950368, 'JPM': -60}"
2019-06-28 10:31:00,BID_DEPTH,"[(99420, 164)]"
2019-06-28 10:31:00,ASK_DEPTH,"[(99591, 184)]"
2019-06-28 10:31:00,IMBALANCE,"[164, 184]"
2019-06-28 10:31:00,HOLDINGS_UPDATED,"{'CASH': 16546888, 'JPM': -66}"
2019-06-28 10:32:00,BID_DEPTH,"[(99518, 510)]"
2019-06-28 10:32:00,ASK_DEPTH,"[(99591, 522)]"
2019-06-28 10:32:00,IMBALANCE,"[510, 522]"
2019-06-28 10:32:00,HOLDINGS_UPDATED,"{'CASH': 17143996, 'JPM': -72}"
2019-06-28 10:33:00,BID_DEPTH,"[(99275, 194)]"
2019-06-28 10:33:00,ASK_DEPTH,"[(99518, 206)]"
2019-06-28 10:33:00,IMBALANCE,"[194, 206]"
2019-06-28 10:33:00,HOLDINGS_UPDATED,"{'CASH': 17739646, 'JPM': -78}"
2019-06-28 10:34:00,BID_DEPTH,"[(99087, 194)]"
2019-06-28 10:34:00,ASK_DEPTH,"[(99466, 206)]"
2019-06-28 10:34:00,IMBALANCE,"[194, 206]"
2019-06-28 10:34:00,HOLDINGS_UPDATED,"{'CASH': 18334168, 'JPM': -84}"
2019-06-28 10:35:00,BID_DEPTH,"[(99087, 194)]"
2019-06-28 10:35:00,ASK_DEPTH,"[(99522, 206)]"
2019-06-28 10:35:00,IMBALANCE,"[194, 206]"
2019-06-28 10:35:00,HOLDINGS_UPDATED,"{'CASH': 18928690, 'JPM': -90}"
2019-06-28 10:36:00,BID_DEPTH,"[(99010, 231)]"
2019-06-28 10:36:00,ASK_DEPTH,"[(99591, 243)]"
2019-06-28 10:36:00,IMBALANCE,"[231, 243]"
2019-06-28 10:36:00,HOLDINGS_UPDATED,"{'CASH': 19522750, 'JPM': -96}"
2019-06-28 10:37:00,BID_DEPTH,"[(99635, 194)]"
2019-06-28 10:37:00,ASK_DEPTH,"[(99894, 206)]"
2019-06-28 10:37:00,IMBALANCE,"[194, 206]"
2019-06-28 10:37:00,HOLDINGS_UPDATED,"{'CASH': 20120560, 'JPM': -102}"
2019-06-28 10:38:00,BID_DEPTH,"[(99894, 220)]"
2019-06-28 10:38:00,ASK_DEPTH,"[(100049, 243)]"
2019-06-28 10:38:00,IMBALANCE,"[220, 243]"
2019-06-28 10:38:00,HOLDINGS_UPDATED,"{'CASH': 20719924, 'JPM': -108}"
2019-06-28 10:39:00,BID_DEPTH,"[(99894, 343)]"
2019-06-28 10:39:00,ASK_DEPTH,"[(99992, 231)]"
2019-06-28 10:39:00,IMBALANCE,"[343, 231]"
2019-06-28 10:39:00,HOLDINGS_UPDATED,"{'CASH': 20119972, 'JPM': -102}"
2019-06-28 10:40:00,BID_DEPTH,"[(99992, 206)]"
2019-06-28 10:40:00,ASK_DEPTH,"[(100049, 194)]"
2019-06-28 10:40:00,IMBALANCE,"[206, 194]"
2019-06-28 10:40:00,HOLDINGS_UPDATED,"{'CASH': 19519678, 'JPM': -96}"
2019-06-28 10:41:00,BID_DEPTH,"[(99992, 522)]"
2019-06-28 10:41:00,ASK_DEPTH,"[(100073, 510)]"
2019-06-28 10:41:00,IMBALANCE,"[522, 510]"
2019-06-28 10:41:00,HOLDINGS_UPDATED,"{'CASH': 18919240, 'JPM': -90}"
2019-06-28 10:42:00,BID_DEPTH,"[(99597, 184)]"
2019-06-28 10:42:00,ASK_DEPTH,"[(100073, 172)]"
2019-06-28 10:42:00,IMBALANCE,"[184, 172]"
2019-06-28 10:42:00,HOLDINGS_UPDATED,"{'CASH': 18318802, 'JPM': -84}"
2019-06-28 10:43:00,BID_DEPTH,"[(98942, 311)]"
2019-06-28 10:43:00,ASK_DEPTH,"[(100141, 299)]"
2019-06-28 10:43:00,IMBALANCE,"[311, 299]"
2019-06-28 10:43:00,HOLDINGS_UPDATED,"{'CASH': 17717956, 'JPM': -78}"
2019-06-28 10:44:00,BID_DEPTH,"[(98897, 522)]"
2019-06-28 10:44:00,ASK_DEPTH,"[(98959, 510)]"
2019-06-28 10:44:00,IMBALANCE,"[522, 510]"
2019-06-28 10:44:00,HOLDINGS_UPDATED,"{'CASH': 17124202, 'JPM': -72}"
2019-06-28 10:45:00,BID_DEPTH,"[(98897, 311)]"
2019-06-28 10:45:00,ASK_DEPTH,"[(98959, 299)]"
2019-06-28 10:45:00,IMBALANCE,"[311, 299]"
2019-06-28 10:45:00,HOLDINGS_UPDATED,"{'CASH': 16530448, 'JPM': -66}"
2019-06-28 10:46:00,BID_DEPTH,"[(98959, 522)]"
2019-06-28 10:46:00,ASK_DEPTH,"[(99191, 510)]"
2019-06-28 10:46:00,IMBALANCE,"[522, 510]"
2019-06-28 10:46:00,HOLDINGS_UPDATED,"{'CASH': 15935302, 'JPM': -60}"
2019-06-28 10:47:00,BID_DEPTH,"[(98959, 184)]"
2019-06-28 10:47:00,ASK_DEPTH,"[(99265, 172)]"
2019-06-28 10:47:00,IMBALANCE,"[184, 172]"
2019-06-28 10:47:00,HOLDINGS_UPDATED,"{'CASH': 15339712, 'JPM': -54}"
2019-06-28 10:48:00,BID_DEPTH,"[(99265, 446)]"
2019-06-28 10:48:00,ASK_DEPTH,"[(99486, 510)]"
2019-06-28 10:48:00,IMBALANCE,"[446, 510]"
2019-06-28 10:48:00,HOLDINGS_UPDATED,"{'CASH': 14742796, 'JPM': -48}"
2019-06-28 10:49:00,BID_DEPTH,"[(98959, 206)]"
2019-06-28 10:49:00,ASK_DEPTH,"[(99560, 194)]"
2019-06-28 10:49:00,IMBALANCE,"[206, 194]"
2019-06-28 10:49:00,HOLDINGS_UPDATED,"{'CASH': 14145436, 'JPM': -42}"
2019-06-28 10:50:00,BID_DEPTH,"[(98959, 243)]"
2019-06-28 10:50:00,ASK_DEPTH,"[(99560, 231)]"
2019-06-28 10:50:00,IMBALANCE,"[243, 231]"
2019-06-28 10:50:00,HOLDINGS_UPDATED,"{'CASH': 13548076, 'JPM': -36}"
2019-06-28 10:51:00,BID_DEPTH,"[(98902, 184)]"
2019-06-28 10:51:00,ASK_DEPTH,"[(99560, 172)]"
2019-06-28 10:51:00,IMBALANCE,"[184, 172]"
2019-06-28 10:51:00,HOLDINGS_UPDATED,"{'CASH': 12950716, 'JPM': -30}"
2019-06-28 10:52:00,BID_DEPTH,"[(98932, 243)]"
2019-06-28 10:52:00,ASK_DEPTH,"[(99607, 231)]"
2019-06-28 10:52:00,IMBALANCE,"[243, 231]"
2019-06-28 10:52:00,HOLDINGS_UPDATED,"{'CASH': 12353074, 'JPM': -24}"
2019-06-28 10:53:00,BID_DEPTH,"[(98932, 206)]"
2019-06-28 10:53:00,ASK_DEPTH,"[(99117, 110)]"
2019-06-28 10:53:00,IMBALANCE,"[206, 110]"
2019-06-28 10:53:00,HOLDINGS_UPDATED,"{'CASH': 11956606, 'JPM': -20}"
2019-06-28 10:53:00,HOLDINGS_UPDATED,"{'CASH': 11758372, 'JPM': -18}"
2019-06-28 10:54:00,BID_DEPTH,"[(98933, 184)]"
2019-06-28 10:54:00,ASK_DEPTH,"[(98952, 172)]"
2019-06-28 10:54:00,IMBALANCE,"[184, 172]"
2019-06-28 10:54:00,HOLDINGS_UPDATED,"{'CASH': 11164660, 'JPM': -12}"
2019-06-28 10:55:00,BID_DEPTH,"[(98952, 522)]"
2019-06-28 10:55:00,ASK_DEPTH,"[(99117, 610)]"
2019-06-28 10:55:00,IMBALANCE,"[522, 610]"
2019-06-28 10:55:00,HOLDINGS_UPDATED,"{'CASH': 10569958, 'JPM': -6}"
2019-06-28 10:56:00,BID_DEPTH,"[(98952, 206)]"
2019-06-28 10:56:00,ASK_DEPTH,"[(99117, 186)]"
2019-06-28 10:56:00,IMBALANCE,"[206, 186]"
2019-06-28 10:56:00,HOLDINGS_UPDATED,{'CASH': 9975256}
2019-06-28 10:57:00,BID_DEPTH,"[(98952, 522)]"
2019-06-28 10:57:00,ASK_DEPTH,"[(99117, 610)]"
2019-06-28 10:57:00,IMBALANCE,"[522, 610]"
2019-06-28 10:57:00,HOLDINGS_UPDATED,"{'CASH': 9380554, 'JPM': 6}"
2019-06-28 10:58:00,BID_DEPTH,"[(98897, 510)]"
2019-06-28 10:58:00,ASK_DEPTH,"[(99117, 514)]"
2019-06-28 10:58:00,IMBALANCE,"[510, 514]"
2019-06-28 10:58:00,HOLDINGS_UPDATED,{'CASH': 9973936}
2019-06-28 10:59:00,BID_DEPTH,"[(98883, 510)]"
2019-06-28 10:59:00,ASK_DEPTH,"[(99117, 514)]"
2019-06-28 10:59:00,IMBALANCE,"[510, 514]"
2019-06-28 10:59:00,HOLDINGS_UPDATED,"{'CASH': 10567234, 'JPM': -6}"
2019-06-28 11:00:00,BID_DEPTH,"[(98877, 299)]"
2019-06-28 11:00:00,ASK_DEPTH,"[(99117, 303)]"
2019-06-28 11:00:00,IMBALANCE,"[299, 303]"
2019-06-28 11:00:00,HOLDINGS_UPDATED,"{'CASH': 11160496, 'JPM': -12}"
2019-06-28 11:01:00,BID_DEPTH,"[(98760, 299)]"
2019-06-28 11:01:00,ASK_DEPTH,"[(98876, 411)]"
2019-06-28 11:01:00,IMBALANCE,"[299, 411]"
2019-06-28 11:01:00,HOLDINGS_UPDATED,"{'CASH': 11753056, 'JPM': -18}"
2019-06-28 11:02:00,BID_DEPTH,"[(98496, 172)]"
2019-06-28 11:02:00,ASK_DEPTH,"[(98876, 284)]"
2019-06-28 11:02:00,IMBALANCE,"[172, 284]"
2019-06-28 11:02:00,HOLDINGS_UPDATED,"{'CASH': 12344032, 'JPM': -24}"
2019-06-28 11:03:00,BID_DEPTH,"[(98183, 510)]"
2019-06-28 11:03:00,ASK_DEPTH,"[(98496, 446)]"
2019-06-28 11:03:00,IMBALANCE,"[510, 446]"
2019-06-28 11:03:00,HOLDINGS_UPDATED,"{'CASH': 12933130, 'JPM': -30}"
2019-06-28 11:04:00,BID_DEPTH,"[(97968, 299)]"
2019-06-28 11:04:00,ASK_DEPTH,"[(98048, 311)]"
2019-06-28 11:04:00,IMBALANCE,"[299, 311]"
2019-06-28 11:04:00,HOLDINGS_UPDATED,"{'CASH': 13520938, 'JPM': -36}"
2019-06-28 11:05:00,BID_DEPTH,"[(97552, 231)]"
2019-06-28 11:05:00,ASK_DEPTH,"[(97968, 343)]"
2019-06-28 11:05:00,IMBALANCE,"[231, 343]"
2019-06-28 11:05:00,HOLDINGS_UPDATED,"{'CASH': 14106250, 'JPM': -42}"
2019-06-28 11:06:00,BID_DEPTH,"[(97485, 231)]"
2019-06-28 11:06:00,ASK_DEPTH,"[(97486, 243)]"
2019-06-28 11:06:00,IMBALANCE,"[231, 243]"
2019-06-28 11:06:00,HOLDINGS_UPDATED,"{'CASH': 14691160, 'JPM': -48}"
2019-06-28 11:07:00,BID_DEPTH,"[(97408, 172)]"
2019-06-28 11:07:00,ASK_DEPTH,"[(97486, 184)]"
2019-06-28 11:07:00,IMBALANCE,"[172, 184]"
2019-06-28 11:07:00,HOLDINGS_UPDATED,"{'CASH': 15275608, 'JPM': -54}"
2019-06-28 11:08:00,BID_DEPTH,"[(97408, 231)]"
2019-06-28 11:08:00,ASK_DEPTH,"[(97470, 243)]"
2019-06-28 11:08:00,IMBALANCE,"[231, 243]"
2019-06-28 11:08:00,HOLDINGS_UPDATED,"{'CASH': 15860056, 'JPM': -60}"
2019-06-28 11:09:00,BID_DEPTH,"[(97408, 299)]"
2019-06-28 11:09:00,ASK_DEPTH,"[(97470, 311)]"
2019-06-28 11:09:00,IMBALANCE,"[299, 311]"
2019-06-28 11:09:00,HOLDINGS_UPDATED,"{'CASH': 16444504, 'JPM': -66}"
2019-06-28 11:10:00,BID_DEPTH,"[(97371, 510)]"
2019-06-28 11:10:00,ASK_DEPTH,"[(97968, 622)]"
2019-06-28 11:10:00,IMBALANCE,"[510, 622]"
2019-06-28 11:10:00,HOLDINGS_UPDATED,"{'CASH': 17028730, 'JPM': -72}"
2019-06-28 11:11:00,BID_DEPTH,"[(97371, 510)]"
2019-06-28 11:11:00,ASK_DEPTH,"[(98048, 522)]"
2019-06-28 11:11:00,IMBALANCE,"[510, 522]"
2019-06-28 11:11:00,HOLDINGS_UPDATED,"{'CASH': 17612956, 'JPM': -78}"
2019-06-28 11:12:00,BID_DEPTH,"[(97165, 231)]"
2019-06-28 11:12:00,ASK_DEPTH,"[(98496, 167)]"
2019-06-28 11:12:00,IMBALANCE,"[231, 167]"
2019-06-28 11:12:00,HOLDINGS_UPDATED,"{'CASH': 18195946, 'JPM': -84}"
2019-06-28 11:13:00,BID_DEPTH,"[(98496, 133)]"
2019-06-28 11:13:00,ASK_DEPTH,"[(98876, 306)]"
2019-06-28 11:13:00,IMBALANCE,"[133, 306]"
2019-06-28 11:13:00,HOLDINGS_UPDATED,"{'CASH': 18786922, 'JPM': -90}"
2019-06-28 11:14:00,BID_DEPTH,"[(98814, 510)]"
2019-06-28 11:14:00,ASK_DEPTH,"[(98876, 516)]"
2019-06-28 11:14:00,IMBALANCE,"[510, 516]"
2019-06-28 11:14:00,HOLDINGS_UPDATED,"{'CASH': 19379806, 'JPM': -96}"
2019-06-28 11:15:00,BID_DEPTH,"[(97026, 231)]"
2019-06-28 11:15:00,ASK_DEPTH,"[(98876, 331)]"
2019-06-28 11:15:00,IMBALANCE,"[231, 331]"
2019-06-28 11:15:00,HOLDINGS_UPDATED,"{'CASH': 19961962, 'JPM': -102}"
2019-06-28 11:16:00,BID_DEPTH,"[(97009, 172)]"
2019-06-28 11:16:00,ASK_DEPTH,"[(98352, 184)]"
2019-06-28 11:16:00,IMBALANCE,"[172, 184]"
2019-06-28 11:16:00,HOLDINGS_UPDATED,"{'CASH': 20544016, 'JPM': -108}"
2019-06-28 11:17:00,BID_DEPTH,"[(97009, 331)]"
2019-06-28 11:17:00,ASK_DEPTH,"[(98266, 243)]"
2019-06-28 11:17:00,IMBALANCE,"[331, 243]"
2019-06-28 11:17:00,HOLDINGS_UPDATED,"{'CASH': 21126070, 'JPM': -114}"
2019-06-28 11:18:00,BID_DEPTH,"[(97009, 164)]"
2019-06-28 11:18:00,ASK_DEPTH,"[(98266, 178)]"
2019-06-28 11:18:00,IMBALANCE,"[164, 178]"
2019-06-28 11:18:00,HOLDINGS_UPDATED,"{'CASH': 21708124, 'JPM': -120}"
2019-06-28 11:19:00,BID_DEPTH,"[(97009, 172)]"
2019-06-28 11:19:00,ASK_DEPTH,"[(98266, 172)]"
2019-06-28 11:19:00,IMBALANCE,"[172, 172]"
2019-06-28 11:19:00,HOLDINGS_UPDATED,"{'CASH': 22290178, 'JPM': -126}"
2019-06-28 11:20:00,BID_DEPTH,"[(98352, 194)]"
2019-06-28 11:20:00,ASK_DEPTH,"[(98592, 206)]"
2019-06-28 11:20:00,IMBALANCE,"[194, 206]"
2019-06-28 11:20:00,HOLDINGS_UPDATED,"{'CASH': 22880290, 'JPM': -132}"
2019-06-28 11:21:00,BID_DEPTH,"[(98592, 272)]"
2019-06-28 11:21:00,ASK_DEPTH,"[(98875, 184)]"
2019-06-28 11:21:00,IMBALANCE,"[272, 184]"
2019-06-28 11:21:00,HOLDINGS_UPDATED,"{'CASH': 23471842, 'JPM': -138}"
2019-06-28 11:22:00,BID_DEPTH,"[(98592, 264)]"
2019-06-28 11:22:00,ASK_DEPTH,"[(98876, 366)]"
2019-06-28 11:22:00,IMBALANCE,"[264, 366]"
2019-06-28 11:22:00,HOLDINGS_UPDATED,"{'CASH': 24063394, 'JPM': -144}"
2019-06-28 11:23:00,BID_DEPTH,"[(98266, 217)]"
2019-06-28 11:23:00,ASK_DEPTH,"[(98876, 487)]"
2019-06-28 11:23:00,IMBALANCE,"[217, 487]"
2019-06-28 11:23:00,HOLDINGS_UPDATED,"{'CASH': 24652990, 'JPM': -150}"
2019-06-28 11:24:00,BID_DEPTH,"[(97955, 194)]"
2019-06-28 11:24:00,ASK_DEPTH,"[(98876, 376)]"
2019-06-28 11:24:00,IMBALANCE,"[194, 376]"
2019-06-28 11:24:00,HOLDINGS_UPDATED,"{'CASH': 25240720, 'JPM': -156}"
2019-06-28 11:25:00,BID_DEPTH,"[(97955, 231)]"
2019-06-28 11:25:00,ASK_DEPTH,"[(98876, 607)]"
2019-06-28 11:25:00,IMBALANCE,"[231, 607]"
2019-06-28 11:25:00,HOLDINGS_UPDATED,"{'CASH': 25828450, 'JPM': -162}"
2019-06-28 11:26:00,BID_DEPTH,"[(97843, 510)]"
2019-06-28 11:26:00,ASK_DEPTH,"[(97992, 522)]"
2019-06-28 11:26:00,IMBALANCE,"[510, 522]"
2019-06-28 11:26:00,HOLDINGS_UPDATED,"{'CASH': 26415508, 'JPM': -168}"
2019-06-28 11:27:00,BID_DEPTH,"[(97843, 194)]"
2019-06-28 11:27:00,ASK_DEPTH,"[(97992, 200)]"
2019-06-28 11:27:00,IMBALANCE,"[194, 200]"
2019-06-28 11:27:00,HOLDINGS_UPDATED,"{'CASH': 27002566, 'JPM': -174}"
2019-06-28 11:28:00,BID_DEPTH,"[(97843, 510)]"
2019-06-28 11:28:00,ASK_DEPTH,"[(98876, 822)]"
2019-06-28 11:28:00,IMBALANCE,"[510, 822]"
2019-06-28 11:28:00,HOLDINGS_UPDATED,"{'CASH': 27589624, 'JPM': -180}"
2019-06-28 11:29:00,BID_DEPTH,"[(97783, 194)]"
2019-06-28 11:29:00,ASK_DEPTH,"[(98876, 406)]"
2019-06-28 11:29:00,IMBALANCE,"[194, 406]"
2019-06-28 11:29:00,HOLDINGS_UPDATED,"{'CASH': 28176322, 'JPM': -186}"
2019-06-28 11:30:00,BID_DEPTH,"[(97750, 231)]"
2019-06-28 11:30:00,ASK_DEPTH,"[(98895, 243)]"
2019-06-28 11:30:00,IMBALANCE,"[231, 243]"
2019-06-28 11:30:00,HOLDINGS_UPDATED,"{'CASH': 28762822, 'JPM': -192}"
2019-06-28 11:31:00,BID_DEPTH,"[(98895, 172)]"
2019-06-28 11:31:00,ASK_DEPTH,"[(99123, 184)]"
2019-06-28 11:31:00,IMBALANCE,"[172, 184]"
2019-06-28 11:31:00,HOLDINGS_UPDATED,"{'CASH': 29356192, 'JPM': -198}"
2019-06-28 11:32:00,BID_DEPTH,"[(97697, 194)]"
2019-06-28 11:32:00,ASK_DEPTH,"[(99165, 206)]"
2019-06-28 11:32:00,IMBALANCE,"[194, 206]"
2019-06-28 11:32:00,HOLDINGS_UPDATED,"{'CASH': 29942374, 'JPM': -204}"
2019-06-28 11:33:00,BID_DEPTH,[]
2019-06-28 11:33:00,ASK_DEPTH,"[(99190, 100)]"
2019-06-28 11:33:00,IMBALANCE,"[0, 100]"
2019-06-28 11:34:00,BID_DEPTH,"[(98826, 231)]"
2019-06-28 11:34:00,ASK_DEPTH,"[(99190, 243)]"
2019-06-28 11:34:00,IMBALANCE,"[231, 243]"
2019-06-28 11:34:00,HOLDINGS_UPDATED,"{'CASH': 30535330, 'JPM': -210}"
2019-06-28 11:35:00,BID_DEPTH,"[(99161, 172)]"
2019-06-28 11:35:00,ASK_DEPTH,"[(99202, 184)]"
2019-06-28 11:35:00,IMBALANCE,"[172, 184]"
2019-06-28 11:35:00,HOLDINGS_UPDATED,"{'CASH': 31130296, 'JPM': -216}"
2019-06-28 11:36:00,BID_DEPTH,"[(98982, 172)]"
2019-06-28 11:36:00,ASK_DEPTH,"[(99294, 184)]"
2019-06-28 11:36:00,IMBALANCE,"[172, 184]"
2019-06-28 11:36:00,HOLDINGS_UPDATED,"{'CASH': 31724188, 'JPM': -222}"
2019-06-28 11:37:00,BID_DEPTH,"[(98982, 194)]"
2019-06-28 11:37:00,ASK_DEPTH,"[(99323, 206)]"
2019-06-28 11:37:00,IMBALANCE,"[194, 206]"
2019-06-28 11:37:00,HOLDINGS_UPDATED,"{'CASH': 32318080, 'JPM': -228}"
2019-06-28 11:38:00,BID_DEPTH,"[(98909, 311)]"
2019-06-28 11:38:00,ASK_DEPTH,"[(99334, 299)]"
2019-06-28 11:38:00,IMBALANCE,"[311, 299]"
2019-06-28 11:38:00,HOLDINGS_UPDATED,"{'CASH': 31722076, 'JPM': -222}"
2019-06-28 11:39:00,BID_DEPTH,"[(98909, 616)]"
2019-06-28 11:39:00,ASK_DEPTH,"[(99371, 510)]"
2019-06-28 11:39:00,IMBALANCE,"[616, 510]"
2019-06-28 11:39:00,HOLDINGS_UPDATED,"{'CASH': 31125850, 'JPM': -216}"
2019-06-28 11:40:00,BID_DEPTH,"[(98909, 431)]"
2019-06-28 11:40:00,ASK_DEPTH,"[(99435, 231)]"
2019-06-28 11:40:00,IMBALANCE,"[431, 231]"
2019-06-28 11:40:00,HOLDINGS_UPDATED,"{'CASH': 30529240, 'JPM': -210}"
2019-06-28 11:41:00,BID_DEPTH,"[(98909, 693)]"
2019-06-28 11:41:00,ASK_DEPTH,"[(99445, 299)]"
2019-06-28 11:41:00,IMBALANCE,"[693, 299]"
2019-06-28 11:41:00,HOLDINGS_UPDATED,"{'CASH': 29932570, 'JPM': -204}"
2019-06-28 11:42:00,BID_DEPTH,"[(98909, 560)]"
2019-06-28 11:42:00,ASK_DEPTH,"[(99484, 172)]"
2019-06-28 11:42:00,IMBALANCE,"[560, 172]"
2019-06-28 11:42:00,HOLDINGS_UPDATED,"{'CASH': 29335666, 'JPM': -198}"
2019-06-28 11:43:00,BID_DEPTH,"[(98909, 681)]"
2019-06-28 11:43:00,ASK_DEPTH,"[(100189, 299)]"
2019-06-28 11:43:00,IMBALANCE,"[681, 299]"
2019-06-28 11:43:00,HOLDINGS_UPDATED,"{'CASH': 28734532, 'JPM': -192}"
2019-06-28 11:44:00,BID_DEPTH,"[(98909, 548)]"
2019-06-28 11:44:00,ASK_DEPTH,"[(100612, 172)]"
2019-06-28 11:44:00,IMBALANCE,"[548, 172]"
2019-06-28 11:44:00,HOLDINGS_UPDATED,"{'CASH': 28130860, 'JPM': -186}"
2019-06-28 11:45:00,BID_DEPTH,"[(98909, 669)]"
2019-06-28 11:45:00,ASK_DEPTH,"[(100740, 299)]"
2019-06-28 11:45:00,IMBALANCE,"[669, 299]"
2019-06-28 11:45:00,HOLDINGS_UPDATED,"{'CASH': 27526420, 'JPM': -180}"
2019-06-28 11:46:00,BID_DEPTH,"[(100803, 243)]"
2019-06-28 11:46:00,ASK_DEPTH,"[(100836, 231)]"
2019-06-28 11:46:00,IMBALANCE,"[243, 231]"
2019-06-28 11:46:00,HOLDINGS_UPDATED,"{'CASH': 26921404, 'JPM': -174}"
2019-06-28 11:47:00,BID_DEPTH,"[(100803, 200)]"
2019-06-28 11:47:00,ASK_DEPTH,"[(100965, 194)]"
2019-06-28 11:47:00,IMBALANCE,"[200, 194]"
2019-06-28 11:47:00,HOLDINGS_UPDATED,"{'CASH': 26315614, 'JPM': -168}"
2019-06-28 11:48:00,BID_DEPTH,"[(100804, 284)]"
2019-06-28 11:48:00,ASK_DEPTH,"[(101184, 172)]"
2019-06-28 11:48:00,IMBALANCE,"[284, 172]"
2019-06-28 11:48:00,HOLDINGS_UPDATED,"{'CASH': 25708510, 'JPM': -162}"
2019-06-28 11:49:00,BID_DEPTH,"[(100804, 816)]"
2019-06-28 11:49:00,ASK_DEPTH,"[(101328, 510)]"
2019-06-28 11:49:00,IMBALANCE,"[816, 510]"
2019-06-28 11:49:00,HOLDINGS_UPDATED,"{'CASH': 25100542, 'JPM': -156}"
2019-06-28 11:50:00,BID_DEPTH,"[(100804, 699)]"
2019-06-28 11:50:00,ASK_DEPTH,"[(101046, 299)]"
2019-06-28 11:50:00,IMBALANCE,"[699, 299]"
2019-06-28 11:50:00,HOLDINGS_UPDATED,"{'CASH': 24494266, 'JPM': -150}"
2019-06-28 11:51:00,BID_DEPTH,"[(100804, 488)]"
2019-06-28 11:51:00,ASK_DEPTH,"[(100851, 194)]"
2019-06-28 11:51:00,IMBALANCE,"[488, 194]"
2019-06-28 11:51:00,HOLDINGS_UPDATED,"{'CASH': 23889160, 'JPM': -144}"
2019-06-28 11:52:00,BID_DEPTH,"[(100804, 393)]"
2019-06-28 11:52:00,ASK_DEPTH,"[(100851, 299)]"
2019-06-28 11:52:00,IMBALANCE,"[393, 299]"
2019-06-28 11:52:00,HOLDINGS_UPDATED,"{'CASH': 23284054, 'JPM': -138}"
2019-06-28 11:53:00,BID_DEPTH,"[(100803, 522)]"
2019-06-28 11:53:00,ASK_DEPTH,"[(101329, 510)]"
2019-06-28 11:53:00,IMBALANCE,"[522, 510]"
2019-06-28 11:53:00,HOLDINGS_UPDATED,"{'CASH': 22676080, 'JPM': -132}"
2019-06-28 11:54:00,BID_DEPTH,"[(100106, 184)]"
2019-06-28 11:54:00,ASK_DEPTH,"[(100425, 172)]"
2019-06-28 11:54:00,IMBALANCE,"[184, 172]"
2019-06-28 11:54:00,HOLDINGS_UPDATED,"{'CASH': 22073530, 'JPM': -126}"
2019-06-28 11:55:00,BID_DEPTH,"[(100106, 184)]"
2019-06-28 11:55:00,ASK_DEPTH,"[(101329, 172)]"
2019-06-28 11:55:00,IMBALANCE,"[184, 172]"
2019-06-28 11:55:00,HOLDINGS_UPDATED,"{'CASH': 21465556, 'JPM': -120}"
2019-06-28 11:56:00,BID_DEPTH,"[(100125, 311)]"
2019-06-28 11:56:00,ASK_DEPTH,"[(100432, 299)]"
2019-06-28 11:56:00,IMBALANCE,"[311, 299]"
2019-06-28 11:56:00,HOLDINGS_UPDATED,"{'CASH': 20862964, 'JPM': -114}"
2019-06-28 11:57:00,BID_DEPTH,"[(100241, 243)]"
2019-06-28 11:57:00,ASK_DEPTH,"[(100432, 231)]"
2019-06-28 11:57:00,IMBALANCE,"[243, 231]"
2019-06-28 11:57:00,HOLDINGS_UPDATED,"{'CASH': 20260372, 'JPM': -108}"
2019-06-28 11:58:00,BID_DEPTH,"[(100241, 311)]"
2019-06-28 11:58:00,ASK_DEPTH,"[(100514, 299)]"
2019-06-28 11:58:00,IMBALANCE,"[311, 299]"
2019-06-28 11:58:00,HOLDINGS_UPDATED,"{'CASH': 19657288, 'JPM': -102}"
2019-06-28 11:59:00,BID_DEPTH,"[(100125, 311)]"
2019-06-28 11:59:00,ASK_DEPTH,"[(100259, 299)]"
2019-06-28 11:59:00,IMBALANCE,"[311, 299]"
2019-06-28 11:59:00,HOLDINGS_UPDATED,"{'CASH': 19055734, 'JPM': -96}"
2019-06-28 12:00:00,BID_DEPTH,"[(100125, 184)]"
2019-06-28 12:00:00,ASK_DEPTH,"[(100521, 172)]"
2019-06-28 12:00:00,IMBALANCE,"[184, 172]"
2019-06-28 12:00:00,HOLDINGS_UPDATED,"{'CASH': 18452608, 'JPM': -90}"
2019-06-28 12:01:00,BID_DEPTH,"[(100333, 184)]"
2019-06-28 12:01:00,ASK_DEPTH,"[(100521, 172)]"
2019-06-28 12:01:00,IMBALANCE,"[184, 172]"
2019-06-28 12:01:00,HOLDINGS_UPDATED,"{'CASH': 17849482, 'JPM': -84}"
2019-06-28 12:02:00,BID_DEPTH,"[(100125, 206)]"
2019-06-28 12:02:00,ASK_DEPTH,"[(100488, 194)]"
2019-06-28 12:02:00,IMBALANCE,"[206, 194]"
2019-06-28 12:02:00,HOLDINGS_UPDATED,"{'CASH': 17246554, 'JPM': -78}"
2019-06-28 12:03:00,BID_DEPTH,"[(100106, 311)]"
2019-06-28 12:03:00,ASK_DEPTH,"[(100488, 299)]"
2019-06-28 12:03:00,IMBALANCE,"[311, 299]"
2019-06-28 12:03:00,HOLDINGS_UPDATED,"{'CASH': 16643626, 'JPM': -72}"
2019-06-28 12:04:00,BID_DEPTH,"[(100436, 243)]"
2019-06-28 12:04:00,ASK_DEPTH,"[(100546, 231)]"
2019-06-28 12:04:00,IMBALANCE,"[243, 231]"
2019-06-28 12:04:00,HOLDINGS_UPDATED,"{'CASH': 16040350, 'JPM': -66}"
2019-06-28 12:05:00,BID_DEPTH,"[(100436, 206)]"
2019-06-28 12:05:00,ASK_DEPTH,"[(100606, 194)]"
2019-06-28 12:05:00,IMBALANCE,"[206, 194]"
2019-06-28 12:05:00,HOLDINGS_UPDATED,"{'CASH': 15436714, 'JPM': -60}"
2019-06-28 12:06:00,BID_DEPTH,"[(100561, 243)]"
2019-06-28 12:06:00,ASK_DEPTH,"[(100746, 231)]"
2019-06-28 12:06:00,IMBALANCE,"[243, 231]"
2019-06-28 12:06:00,HOLDINGS_UPDATED,"{'CASH': 14832238, 'JPM': -54}"
2019-06-28 12:07:00,BID_DEPTH,"[(100561, 243)]"
2019-06-28 12:07:00,ASK_DEPTH,"[(100763, 231)]"
2019-06-28 12:07:00,IMBALANCE,"[243, 231]"
2019-06-28 12:07:00,HOLDINGS_UPDATED,"{'CASH': 14227660, 'JPM': -48}"
2019-06-28 12:08:00,BID_DEPTH,"[(100436, 184)]"
2019-06-28 12:08:00,ASK_DEPTH,"[(100763, 172)]"
2019-06-28 12:08:00,IMBALANCE,"[184, 172]"
2019-06-28 12:08:00,HOLDINGS_UPDATED,"{'CASH': 13623082, 'JPM': -42}"
2019-06-28 12:09:00,BID_DEPTH,"[(100399, 243)]"
2019-06-28 12:09:00,ASK_DEPTH,"[(101531, 231)]"
2019-06-28 12:09:00,IMBALANCE,"[243, 231]"
2019-06-28 12:09:00,HOLDINGS_UPDATED,"{'CASH': 13013896, 'JPM': -36}"
2019-06-28 12:10:00,BID_DEPTH,"[(100341, 184)]"
2019-06-28 12:10:00,ASK_DEPTH,"[(101531, 272)]"
2019-06-28 12:10:00,IMBALANCE,"[184, 272]"
2019-06-28 12:10:00,HOLDINGS_UPDATED,"{'CASH': 12404710, 'JPM': -30}"
2019-06-28 12:11:00,BID_DEPTH,"[(100341, 243)]"
2019-06-28 12:11:00,ASK_DEPTH,"[(100359, 231)]"
2019-06-28 12:11:00,IMBALANCE,"[243, 231]"
2019-06-28 12:11:00,HOLDINGS_UPDATED,"{'CASH': 11802556, 'JPM': -24}"
2019-06-28 12:12:00,BID_DEPTH,"[(100341, 243)]"
2019-06-28 12:12:00,ASK_DEPTH,"[(100359, 331)]"
2019-06-28 12:12:00,IMBALANCE,"[243, 331]"
2019-06-28 12:12:00,HOLDINGS_UPDATED,"{'CASH': 11200402, 'JPM': -18}"
2019-06-28 12:13:00,BID_DEPTH,"[(100106, 311)]"
2019-06-28 12:13:00,ASK_DEPTH,"[(100283, 299)]"
2019-06-28 12:13:00,IMBALANCE,"[311, 299]"
2019-06-28 12:13:00,HOLDINGS_UPDATED,"{'CASH': 10598704, 'JPM': -12}"
2019-06-28 12:14:00,BID_DEPTH,"[(100106, 243)]"
2019-06-28 12:14:00,ASK_DEPTH,"[(100283, 231)]"
2019-06-28 12:14:00,IMBALANCE,"[243, 231]"
2019-06-28 12:14:00,HOLDINGS_UPDATED,"{'CASH': 9997006, 'JPM': -6}"
2019-06-28 12:15:00,BID_DEPTH,"[(100099, 243)]"
2019-06-28 12:15:00,ASK_DEPTH,"[(100283, 531)]"
2019-06-28 12:15:00,IMBALANCE,"[243, 531]"
2019-06-28 12:15:00,HOLDINGS_UPDATED,{'CASH': 9395308}
2019-06-28 12:16:00,BID_DEPTH,"[(100056, 311)]"
2019-06-28 12:16:00,ASK_DEPTH,"[(100239, 299)]"
2019-06-28 12:16:00,IMBALANCE,"[311, 299]"
2019-06-28 12:16:00,HOLDINGS_UPDATED,"{'CASH': 8793874, 'JPM': 6}"
2019-06-28 12:17:00,BID_DEPTH,"[(100035, 243)]"
2019-06-28 12:17:00,ASK_DEPTH,"[(100239, 331)]"
2019-06-28 12:17:00,IMBALANCE,"[243, 331]"
2019-06-28 12:17:00,HOLDINGS_UPDATED,"{'CASH': 8192440, 'JPM': 12}"
2019-06-28 12:18:00,BID_DEPTH,"[(99896, 311)]"
2019-06-28 12:18:00,ASK_DEPTH,"[(100035, 215)]"
2019-06-28 12:18:00,IMBALANCE,"[311, 215]"
2019-06-28 12:18:00,HOLDINGS_UPDATED,"{'CASH': 7792300, 'JPM': 16}"
2019-06-28 12:18:00,HOLDINGS_UPDATED,"{'CASH': 7592230, 'JPM': 18}"
2019-06-28 12:19:00,BID_DEPTH,"[(99814, 206)]"
2019-06-28 12:19:00,ASK_DEPTH,"[(100239, 286)]"
2019-06-28 12:19:00,IMBALANCE,"[206, 286]"
2019-06-28 12:19:00,HOLDINGS_UPDATED,"{'CASH': 6990796, 'JPM': 24}"
2019-06-28 12:20:00,BID_DEPTH,"[(99762, 243)]"
2019-06-28 12:20:00,ASK_DEPTH,"[(99814, 231)]"
2019-06-28 12:20:00,IMBALANCE,"[243, 231]"
2019-06-28 12:20:00,HOLDINGS_UPDATED,"{'CASH': 6391912, 'JPM': 30}"
2019-06-28 12:21:00,BID_DEPTH,"[(99762, 184)]"
2019-06-28 12:21:00,ASK_DEPTH,"[(99814, 172)]"
2019-06-28 12:21:00,IMBALANCE,"[184, 172]"
2019-06-28 12:21:00,HOLDINGS_UPDATED,"{'CASH': 5793028, 'JPM': 36}"
2019-06-28 12:22:00,BID_DEPTH,"[(99632, 522)]"
2019-06-28 12:22:00,ASK_DEPTH,"[(99814, 510)]"
2019-06-28 12:22:00,IMBALANCE,"[522, 510]"
2019-06-28 12:22:00,HOLDINGS_UPDATED,"{'CASH': 5194144, 'JPM': 42}"
2019-06-28 12:23:00,BID_DEPTH,"[(99632, 522)]"
2019-06-28 12:23:00,ASK_DEPTH,"[(99814, 510)]"
2019-06-28 12:23:00,IMBALANCE,"[522, 510]"
2019-06-28 12:23:00,HOLDINGS_UPDATED,"{'CASH': 4595260, 'JPM': 48}"
2019-06-28 12:24:00,BID_DEPTH,"[(99564, 243)]"
2019-06-28 12:24:00,ASK_DEPTH,"[(99632, 431)]"
2019-06-28 12:24:00,IMBALANCE,"[243, 431]"
2019-06-28 12:24:00,HOLDINGS_UPDATED,"{'CASH': 3997468, 'JPM': 54}"
2019-06-28 12:25:00,BID_DEPTH,"[(99564, 243)]"
2019-06-28 12:25:00,ASK_DEPTH,"[(100239, 215)]"
2019-06-28 12:25:00,IMBALANCE,"[243, 215]"
2019-06-28 12:25:00,HOLDINGS_UPDATED,"{'CASH': 3396034, 'JPM': 60}"
2019-06-28 12:26:00,BID_DEPTH,"[(99760, 510)]"
2019-06-28 12:26:00,ASK_DEPTH,"[(100182, 522)]"
2019-06-28 12:26:00,IMBALANCE,"[510, 522]"
2019-06-28 12:26:00,HOLDINGS_UPDATED,"{'CASH': 3994594, 'JPM': 54}"
2019-06-28 12:27:00,BID_DEPTH,"[(99963, 510)]"
2019-06-28 12:27:00,ASK_DEPTH,"[(100182, 522)]"
2019-06-28 12:27:00,IMBALANCE,"[510, 522]"
2019-06-28 12:27:00,HOLDINGS_UPDATED,"{'CASH': 4594372, 'JPM': 48}"
2019-06-28 12:28:00,BID_DEPTH,"[(99697, 510)]"
2019-06-28 12:28:00,ASK_DEPTH,"[(100033, 522)]"
2019-06-28 12:28:00,IMBALANCE,"[510, 522]"
2019-06-28 12:28:00,HOLDINGS_UPDATED,"{'CASH': 5192554, 'JPM': 42}"
2019-06-28 12:29:00,BID_DEPTH,"[(99786, 172)]"
2019-06-28 12:29:00,ASK_DEPTH,"[(99823, 184)]"
2019-06-28 12:29:00,IMBALANCE,"[172, 184]"
2019-06-28 12:29:00,HOLDINGS_UPDATED,"{'CASH': 5791270, 'JPM': 36}"
2019-06-28 12:30:00,BID_DEPTH,"[(99749, 299)]"
2019-06-28 12:30:00,ASK_DEPTH,"[(99955, 311)]"
2019-06-28 12:30:00,IMBALANCE,"[299, 311]"
2019-06-28 12:30:00,HOLDINGS_UPDATED,"{'CASH': 6389764, 'JPM': 30}"
2019-06-28 12:31:00,BID_DEPTH,"[(99749, 299)]"
2019-06-28 12:31:00,ASK_DEPTH,"[(100005, 311)]"
2019-06-28 12:31:00,IMBALANCE,"[299, 311]"
2019-06-28 12:31:00,HOLDINGS_UPDATED,"{'CASH': 6988258, 'JPM': 24}"
2019-06-28 12:32:00,BID_DEPTH,"[(99749, 194)]"
2019-06-28 12:32:00,ASK_DEPTH,"[(100228, 206)]"
2019-06-28 12:32:00,IMBALANCE,"[194, 206]"
2019-06-28 12:32:00,HOLDINGS_UPDATED,"{'CASH': 7586752, 'JPM': 18}"
2019-06-28 12:33:00,BID_DEPTH,"[(100228, 426)]"
2019-06-28 12:33:00,ASK_DEPTH,"[(100393, 522)]"
2019-06-28 12:33:00,IMBALANCE,"[426, 522]"
2019-06-28 12:33:00,HOLDINGS_UPDATED,"{'CASH': 7987664, 'JPM': 14}"
2019-06-28 12:33:00,HOLDINGS_UPDATED,"{'CASH': 8188120, 'JPM': 12}"
2019-06-28 12:34:00,BID_DEPTH,"[(99554, 299)]"
2019-06-28 12:34:00,ASK_DEPTH,"[(100953, 311)]"
2019-06-28 12:34:00,IMBALANCE,"[299, 311]"
2019-06-28 12:34:00,HOLDINGS_UPDATED,"{'CASH': 8785444, 'JPM': 6}"
2019-06-28 12:35:00,BID_DEPTH,"[(100861, 299)]"
2019-06-28 12:35:00,ASK_DEPTH,"[(101274, 311)]"
2019-06-28 12:35:00,IMBALANCE,"[299, 311]"
2019-06-28 12:35:00,HOLDINGS_UPDATED,{'CASH': 9390610}
2019-06-28 12:36:00,BID_DEPTH,"[(100819, 172)]"
2019-06-28 12:36:00,ASK_DEPTH,"[(100861, 184)]"
2019-06-28 12:36:00,IMBALANCE,"[172, 184]"
2019-06-28 12:36:00,HOLDINGS_UPDATED,"{'CASH': 9995524, 'JPM': -6}"
2019-06-28 12:37:00,BID_DEPTH,"[(100059, 231)]"
2019-06-28 12:37:00,ASK_DEPTH,"[(100818, 343)]"
2019-06-28 12:37:00,IMBALANCE,"[231, 343]"
2019-06-28 12:37:00,HOLDINGS_UPDATED,"{'CASH': 10595878, 'JPM': -12}"
2019-06-28 12:38:00,BID_DEPTH,"[(100051, 172)]"
2019-06-28 12:38:00,ASK_DEPTH,"[(100059, 184)]"
2019-06-28 12:38:00,IMBALANCE,"[172, 184]"
2019-06-28 12:38:00,HOLDINGS_UPDATED,"{'CASH': 11196184, 'JPM': -18}"
2019-06-28 12:39:00,BID_DEPTH,"[(100009, 231)]"
2019-06-28 12:39:00,ASK_DEPTH,"[(100051, 243)]"
2019-06-28 12:39:00,IMBALANCE,"[231, 243]"
2019-06-28 12:39:00,HOLDINGS_UPDATED,"{'CASH': 11796238, 'JPM': -24}"
2019-06-28 12:40:00,BID_DEPTH,"[(99908, 231)]"
2019-06-28 12:40:00,ASK_DEPTH,"[(100051, 243)]"
2019-06-28 12:40:00,IMBALANCE,"[231, 243]"
2019-06-28 12:40:00,HOLDINGS_UPDATED,"{'CASH': 12395686, 'JPM': -30}"
2019-06-28 12:41:00,BID_DEPTH,"[(99647, 231)]"
2019-06-28 12:41:00,ASK_DEPTH,"[(100051, 243)]"
2019-06-28 12:41:00,IMBALANCE,"[231, 243]"
2019-06-28 12:41:00,HOLDINGS_UPDATED,"{'CASH': 12993568, 'JPM': -36}"
2019-06-28 12:42:00,BID_DEPTH,"[(99547, 231)]"
2019-06-28 12:42:00,ASK_DEPTH,"[(100059, 243)]"
2019-06-28 12:42:00,IMBALANCE,"[231, 243]"
2019-06-28 12:42:00,HOLDINGS_UPDATED,"{'CASH': 13590850, 'JPM': -42}"
2019-06-28 12:43:00,BID_DEPTH,"[(98982, 231)]"
2019-06-28 12:43:00,ASK_DEPTH,"[(100059, 243)]"
2019-06-28 12:43:00,IMBALANCE,"[231, 243]"
2019-06-28 12:43:00,HOLDINGS_UPDATED,"{'CASH': 14184742, 'JPM': -48}"
2019-06-28 12:44:00,BID_DEPTH,"[(98909, 172)]"
2019-06-28 12:44:00,ASK_DEPTH,"[(100059, 184)]"
2019-06-28 12:44:00,IMBALANCE,"[172, 184]"
2019-06-28 12:44:00,HOLDINGS_UPDATED,"{'CASH': 14778196, 'JPM': -54}"
2019-06-28 12:45:00,BID_DEPTH,"[(98909, 194)]"
2019-06-28 12:45:00,ASK_DEPTH,"[(100059, 300)]"
2019-06-28 12:45:00,IMBALANCE,"[194, 300]"
2019-06-28 12:45:00,HOLDINGS_UPDATED,"{'CASH': 15371650, 'JPM': -60}"
2019-06-28 12:46:00,BID_DEPTH,"[(99714, 172)]"
2019-06-28 12:46:00,ASK_DEPTH,"[(99935, 184)]"
2019-06-28 12:46:00,IMBALANCE,"[172, 184]"
2019-06-28 12:46:00,HOLDINGS_UPDATED,"{'CASH': 15969934, 'JPM': -66}"
2019-06-28 12:47:00,BID_DEPTH,"[(99935, 194)]"
2019-06-28 12:47:00,ASK_DEPTH,"[(99949, 206)]"
2019-06-28 12:47:00,IMBALANCE,"[194, 206]"
2019-06-28 12:47:00,HOLDINGS_UPDATED,"{'CASH': 16569544, 'JPM': -72}"
2019-06-28 12:48:00,BID_DEPTH,"[(99714, 172)]"
2019-06-28 12:48:00,ASK_DEPTH,"[(99949, 178)]"
2019-06-28 12:48:00,IMBALANCE,"[172, 178]"
2019-06-28 12:48:00,HOLDINGS_UPDATED,"{'CASH': 17167828, 'JPM': -78}"
2019-06-28 12:49:00,BID_DEPTH,"[(99949, 122)]"
2019-06-28 12:49:00,ASK_DEPTH,"[(100059, 394)]"
2019-06-28 12:49:00,IMBALANCE,"[122, 394]"
2019-06-28 12:49:00,HOLDINGS_UPDATED,"{'CASH': 17767522, 'JPM': -84}"
2019-06-28 12:50:00,BID_DEPTH,"[(98765, 299)]"
2019-06-28 12:50:00,ASK_DEPTH,"[(100059, 499)]"
2019-06-28 12:50:00,IMBALANCE,"[299, 499]"
2019-06-28 12:50:00,HOLDINGS_UPDATED,"{'CASH': 18360112, 'JPM': -90}"
2019-06-28 12:51:00,BID_DEPTH,"[(98565, 194)]"
2019-06-28 12:51:00,ASK_DEPTH,"[(100819, 130)]"
2019-06-28 12:51:00,IMBALANCE,"[194, 130]"
2019-06-28 12:51:00,HOLDINGS_UPDATED,"{'CASH': 18951502, 'JPM': -96}"
2019-06-28 12:52:00,BID_DEPTH,"[(98565, 231)]"
2019-06-28 12:52:00,ASK_DEPTH,"[(100819, 161)]"
2019-06-28 12:52:00,IMBALANCE,"[231, 161]"
2019-06-28 12:52:00,HOLDINGS_UPDATED,"{'CASH': 19542892, 'JPM': -102}"
2019-06-28 12:53:00,BID_DEPTH,"[(100707, 194)]"
2019-06-28 12:53:00,ASK_DEPTH,"[(100819, 118)]"
2019-06-28 12:53:00,IMBALANCE,"[194, 118]"
2019-06-28 12:53:00,HOLDINGS_UPDATED,"{'CASH': 20147134, 'JPM': -108}"
2019-06-28 12:54:00,BID_DEPTH,"[(100259, 194)]"
2019-06-28 12:54:00,ASK_DEPTH,"[(100819, 118)]"
2019-06-28 12:54:00,IMBALANCE,"[194, 118]"
2019-06-28 12:54:00,HOLDINGS_UPDATED,"{'CASH': 20748688, 'JPM': -114}"
2019-06-28 12:55:00,BID_DEPTH,"[(100842, 194)]"
2019-06-28 12:55:00,ASK_DEPTH,"[(100861, 206)]"
2019-06-28 12:55:00,IMBALANCE,"[194, 206]"
2019-06-28 12:55:00,HOLDINGS_UPDATED,"{'CASH': 21353740, 'JPM': -120}"
2019-06-28 12:56:00,BID_DEPTH,"[(100235, 299)]"
2019-06-28 12:56:00,ASK_DEPTH,"[(100842, 219)]"
2019-06-28 12:56:00,IMBALANCE,"[299, 219]"
2019-06-28 12:56:00,HOLDINGS_UPDATED,"{'CASH': 21955150, 'JPM': -126}"
2019-06-28 12:57:00,BID_DEPTH,"[(100235, 399)]"
2019-06-28 12:57:00,ASK_DEPTH,"[(100842, 219)]"
2019-06-28 12:57:00,IMBALANCE,"[399, 219]"
2019-06-28 12:57:00,HOLDINGS_UPDATED,"{'CASH': 22556560, 'JPM': -132}"
2019-06-28 12:58:00,BID_DEPTH,"[(100204, 299)]"
2019-06-28 12:58:00,ASK_DEPTH,"[(100352, 311)]"
2019-06-28 12:58:00,IMBALANCE,"[299, 311]"
2019-06-28 12:58:00,HOLDINGS_UPDATED,"{'CASH': 23157784, 'JPM': -138}"
2019-06-28 12:59:00,BID_DEPTH,"[(100090, 510)]"
2019-06-28 12:59:00,ASK_DEPTH,"[(100156, 522)]"
2019-06-28 12:59:00,IMBALANCE,"[510, 522]"
2019-06-28 12:59:00,HOLDINGS_UPDATED,"{'CASH': 23758324, 'JPM': -144}"
2019-06-28 13:00:00,BID_DEPTH,"[(99993, 510)]"
2019-06-28 13:00:00,ASK_DEPTH,"[(100156, 522)]"
2019-06-28 13:00:00,IMBALANCE,"[510, 522]"
2019-06-28 13:00:00,HOLDINGS_UPDATED,"{'CASH': 24358282, 'JPM': -150}"
2019-06-28 13:01:00,BID_DEPTH,"[(99816, 231)]"
2019-06-28 13:01:00,ASK_DEPTH,"[(100036, 243)]"
2019-06-28 13:01:00,IMBALANCE,"[231, 243]"
2019-06-28 13:01:00,HOLDINGS_UPDATED,"{'CASH': 24957178, 'JPM': -156}"
2019-06-28 13:02:00,BID_DEPTH,"[(99547, 231)]"
2019-06-28 13:02:00,ASK_DEPTH,"[(99816, 243)]"
2019-06-28 13:02:00,IMBALANCE,"[231, 243]"
2019-06-28 13:02:00,HOLDINGS_UPDATED,"{'CASH': 25554460, 'JPM': -162}"
2019-06-28 13:03:00,BID_DEPTH,"[(99738, 172)]"
2019-06-28 13:03:00,ASK_DEPTH,"[(99816, 184)]"
2019-06-28 13:03:00,IMBALANCE,"[172, 184]"
2019-06-28 13:03:00,HOLDINGS_UPDATED,"{'CASH': 26152888, 'JPM': -168}"
2019-06-28 13:04:00,BID_DEPTH,"[(99656, 243)]"
2019-06-28 13:04:00,ASK_DEPTH,"[(99843, 231)]"
2019-06-28 13:04:00,IMBALANCE,"[243, 231]"
2019-06-28 13:04:00,HOLDINGS_UPDATED,"{'CASH': 25553830, 'JPM': -162}"
2019-06-28 13:05:00,BID_DEPTH,"[(99843, 306)]"
2019-06-28 13:05:00,ASK_DEPTH,"[(100001, 194)]"
2019-06-28 13:05:00,IMBALANCE,"[306, 194]"
2019-06-28 13:05:00,HOLDINGS_UPDATED,"{'CASH': 24953824, 'JPM': -156}"
2019-06-28 13:06:00,BID_DEPTH,"[(100036, 311)]"
2019-06-28 13:06:00,ASK_DEPTH,"[(100314, 299)]"
2019-06-28 13:06:00,IMBALANCE,"[311, 299]"
2019-06-28 13:06:00,HOLDINGS_UPDATED,"{'CASH': 24351940, 'JPM': -150}"
2019-06-28 13:07:00,BID_DEPTH,"[(100036, 616)]"
2019-06-28 13:07:00,ASK_DEPTH,"[(100314, 510)]"
2019-06-28 13:07:00,IMBALANCE,"[616, 510]"
2019-06-28 13:07:00,HOLDINGS_UPDATED,"{'CASH': 23750056, 'JPM': -144}"
2019-06-28 13:08:00,BID_DEPTH,"[(100036, 294)]"
2019-06-28 13:08:00,ASK_DEPTH,"[(100062, 194)]"
2019-06-28 13:08:00,IMBALANCE,"[294, 194]"
2019-06-28 13:08:00,HOLDINGS_UPDATED,"{'CASH': 23149684, 'JPM': -138}"
2019-06-28 13:09:00,BID_DEPTH,"[(100036, 194)]"
2019-06-28 13:09:00,ASK_DEPTH,"[(100167, 194)]"
2019-06-28 13:09:00,IMBALANCE,"[194, 194]"
2019-06-28 13:09:00,HOLDINGS_UPDATED,"{'CASH': 22548682, 'JPM': -132}"
2019-06-28 13:10:00,BID_DEPTH,"[(100036, 510)]"
2019-06-28 13:10:00,ASK_DEPTH,"[(100167, 610)]"
2019-06-28 13:10:00,IMBALANCE,"[510, 610]"
2019-06-28 13:10:00,HOLDINGS_UPDATED,"{'CASH': 21947680, 'JPM': -126}"
2019-06-28 13:11:00,BID_DEPTH,"[(100036, 299)]"
2019-06-28 13:11:00,ASK_DEPTH,"[(100167, 391)]"
2019-06-28 13:11:00,IMBALANCE,"[299, 391]"
2019-06-28 13:11:00,HOLDINGS_UPDATED,"{'CASH': 21346678, 'JPM': -120}"
2019-06-28 13:12:00,BID_DEPTH,"[(100036, 311)]"
2019-06-28 13:12:00,ASK_DEPTH,"[(100167, 283)]"
2019-06-28 13:12:00,IMBALANCE,"[311, 283]"
2019-06-28 13:12:00,HOLDINGS_UPDATED,"{'CASH': 20745676, 'JPM': -114}"
2019-06-28 13:13:00,BID_DEPTH,"[(100290, 522)]"
2019-06-28 13:13:00,ASK_DEPTH,"[(100318, 510)]"
2019-06-28 13:13:00,IMBALANCE,"[522, 510]"
2019-06-28 13:13:00,HOLDINGS_UPDATED,"{'CASH': 20143768, 'JPM': -108}"
2019-06-28 13:14:00,BID_DEPTH,"[(100103, 206)]"
2019-06-28 13:14:00,ASK_DEPTH,"[(100318, 194)]"
2019-06-28 13:14:00,IMBALANCE,"[206, 194]"
2019-06-28 13:14:00,HOLDINGS_UPDATED,"{'CASH': 19541860, 'JPM': -102}"
2019-06-28 13:15:00,BID_DEPTH,"[(99733, 243)]"
2019-06-28 13:15:00,ASK_DEPTH,"[(100352, 231)]"
2019-06-28 13:15:00,IMBALANCE,"[243, 231]"
2019-06-28 13:15:00,HOLDINGS_UPDATED,"{'CASH': 18939748, 'JPM': -96}"
2019-06-28 13:16:00,BID_DEPTH,"[(99733, 206)]"
2019-06-28 13:16:00,ASK_DEPTH,"[(99789, 194)]"
2019-06-28 13:16:00,IMBALANCE,"[206, 194]"
2019-06-28 13:16:00,HOLDINGS_UPDATED,"{'CASH': 18341014, 'JPM': -90}"
2019-06-28 13:17:00,BID_DEPTH,"[(99644, 172)]"
2019-06-28 13:17:00,ASK_DEPTH,"[(99688, 184)]"
2019-06-28 13:17:00,IMBALANCE,"[172, 184]"
2019-06-28 13:17:00,HOLDINGS_UPDATED,"{'CASH': 18938878, 'JPM': -96}"
2019-06-28 13:18:00,BID_DEPTH,"[(99616, 299)]"
2019-06-28 13:18:00,ASK_DEPTH,"[(99688, 305)]"
2019-06-28 13:18:00,IMBALANCE,"[299, 305]"
2019-06-28 13:18:00,HOLDINGS_UPDATED,"{'CASH': 19536574, 'JPM': -102}"
2019-06-28 13:19:00,BID_DEPTH,"[(99582, 194)]"
2019-06-28 13:19:00,ASK_DEPTH,"[(100352, 206)]"
2019-06-28 13:19:00,IMBALANCE,"[194, 206]"
2019-06-28 13:19:00,HOLDINGS_UPDATED,"{'CASH': 20134066, 'JPM': -108}"
2019-06-28 13:20:00,BID_DEPTH,"[(100342, 231)]"
2019-06-28 13:20:00,ASK_DEPTH,"[(100388, 243)]"
2019-06-28 13:20:00,IMBALANCE,"[231, 243]"
2019-06-28 13:20:00,HOLDINGS_UPDATED,"{'CASH': 20736118, 'JPM': -114}"
2019-06-28 13:21:00,BID_DEPTH,"[(100342, 231)]"
2019-06-28 13:21:00,ASK_DEPTH,"[(100576, 243)]"
2019-06-28 13:21:00,IMBALANCE,"[231, 243]"
2019-06-28 13:21:00,HOLDINGS_UPDATED,"{'CASH': 21338170, 'JPM': -120}"
2019-06-28 13:22:00,BID_DEPTH,"[(100414, 231)]"
2019-06-28 13:22:00,ASK_DEPTH,"[(100510, 243)]"
2019-06-28 13:22:00,IMBALANCE,"[231, 243]"
2019-06-28 13:22:00,HOLDINGS_UPDATED,"{'CASH': 21940654, 'JPM': -126}"
2019-06-28 13:23:00,BID_DEPTH,"[(99773, 299)]"
2019-06-28 13:23:00,ASK_DEPTH,"[(100414, 311)]"
2019-06-28 13:23:00,IMBALANCE,"[299, 311]"
2019-06-28 13:23:00,HOLDINGS_UPDATED,"{'CASH': 22539292, 'JPM': -132}"
2019-06-28 13:24:00,BID_DEPTH,"[(100401, 206)]"
2019-06-28 13:24:00,ASK_DEPTH,"[(100414, 194)]"
2019-06-28 13:24:00,IMBALANCE,"[206, 194]"
2019-06-28 13:24:00,HOLDINGS_UPDATED,"{'CASH': 21936808, 'JPM': -126}"
2019-06-28 13:25:00,BID_DEPTH,"[(100401, 243)]"
2019-06-28 13:25:00,ASK_DEPTH,"[(100438, 231)]"
2019-06-28 13:25:00,IMBALANCE,"[243, 231]"
2019-06-28 13:25:00,HOLDINGS_UPDATED,"{'CASH': 21334180, 'JPM': -120}"
2019-06-28 13:26:00,BID_DEPTH,"[(100099, 243)]"
2019-06-28 13:26:00,ASK_DEPTH,"[(100576, 231)]"
2019-06-28 13:26:00,IMBALANCE,"[243, 231]"
2019-06-28 13:26:00,HOLDINGS_UPDATED,"{'CASH': 20730724, 'JPM': -114}"
2019-06-28 13:27:00,BID_DEPTH,"[(99944, 206)]"
2019-06-28 13:27:00,ASK_DEPTH,"[(100576, 194)]"
2019-06-28 13:27:00,IMBALANCE,"[206, 194]"
2019-06-28 13:27:00,HOLDINGS_UPDATED,"{'CASH': 20127268, 'JPM': -108}"
2019-06-28 13:28:00,BID_DEPTH,"[(99944, 243)]"
2019-06-28 13:28:00,ASK_DEPTH,"[(100576, 231)]"
2019-06-28 13:28:00,IMBALANCE,"[243, 231]"
2019-06-28 13:28:00,HOLDINGS_UPDATED,"{'CASH': 19523812, 'JPM': -102}"
2019-06-28 13:29:00,BID_DEPTH,"[(99944, 184)]"
2019-06-28 13:29:00,ASK_DEPTH,"[(100576, 272)]"
2019-06-28 13:29:00,IMBALANCE,"[184, 272]"
2019-06-28 13:29:00,HOLDINGS_UPDATED,"{'CASH': 18920356, 'JPM': -96}"
2019-06-28 13:30:00,BID_DEPTH,"[(99945, 184)]"
2019-06-28 13:30:00,ASK_DEPTH,"[(100277, 172)]"
2019-06-28 13:30:00,IMBALANCE,"[184, 172]"
2019-06-28 13:30:00,HOLDINGS_UPDATED,"{'CASH': 18318694, 'JPM': -90}"
2019-06-28 13:31:00,BID_DEPTH,"[(99945, 206)]"
2019-06-28 13:31:00,ASK_DEPTH,"[(100346, 194)]"
2019-06-28 13:31:00,IMBALANCE,"[206, 194]"
2019-06-28 13:31:00,HOLDINGS_UPDATED,"{'CASH': 17716618, 'JPM': -84}"
2019-06-28 13:32:00,BID_DEPTH,"[(99945, 184)]"
2019-06-28 13:32:00,ASK_DEPTH,"[(100348, 172)]"
2019-06-28 13:32:00,IMBALANCE,"[184, 172]"
2019-06-28 13:32:00,HOLDINGS_UPDATED,"{'CASH': 17114530, 'JPM': -78}"
2019-06-28 13:33:00,BID_DEPTH,"[(99787, 243)]"
2019-06-28 13:33:00,ASK_DEPTH,"[(100576, 323)]"
2019-06-28 13:33:00,IMBALANCE,"[243, 323]"
2019-06-28 13:33:00,HOLDINGS_UPDATED,"{'CASH': 16511074, 'JPM': -72}"
2019-06-28 13:34:00,BID_DEPTH,"[(99755, 206)]"
2019-06-28 13:34:00,ASK_DEPTH,"[(100576, 278)]"
2019-06-28 13:34:00,IMBALANCE,"[206, 278]"
2019-06-28 13:34:00,HOLDINGS_UPDATED,"{'CASH': 15907618, 'JPM': -66}"
2019-06-28 13:35:00,BID_DEPTH,"[(99536, 311)]"
2019-06-28 13:35:00,ASK_DEPTH,"[(100576, 275)]"
2019-06-28 13:35:00,IMBALANCE,"[311, 275]"
2019-06-28 13:35:00,HOLDINGS_UPDATED,"{'CASH': 15304162, 'JPM': -60}"
2019-06-28 13:36:00,BID_DEPTH,"[(99242, 243)]"
2019-06-28 13:36:00,ASK_DEPTH,"[(100993, 231)]"
2019-06-28 13:36:00,IMBALANCE,"[243, 231]"
2019-06-28 13:36:00,HOLDINGS_UPDATED,"{'CASH': 14698204, 'JPM': -54}"
2019-06-28 13:37:00,BID_DEPTH,"[(99231, 311)]"
2019-06-28 13:37:00,ASK_DEPTH,"[(99414, 299)]"
2019-06-28 13:37:00,IMBALANCE,"[311, 299]"
2019-06-28 13:37:00,HOLDINGS_UPDATED,"{'CASH': 14101720, 'JPM': -48}"
2019-06-28 13:38:00,BID_DEPTH,"[(99231, 311)]"
2019-06-28 13:38:00,ASK_DEPTH,"[(99414, 299)]"
2019-06-28 13:38:00,IMBALANCE,"[311, 299]"
2019-06-28 13:38:00,HOLDINGS_UPDATED,"{'CASH': 13505236, 'JPM': -42}"
2019-06-28 13:39:00,BID_DEPTH,"[(99414, 311)]"
2019-06-28 13:39:00,ASK_DEPTH,"[(99415, 299)]"
2019-06-28 13:39:00,IMBALANCE,"[311, 299]"
2019-06-28 13:39:00,HOLDINGS_UPDATED,"{'CASH': 12908746, 'JPM': -36}"
2019-06-28 13:40:00,BID_DEPTH,"[(99414, 243)]"
2019-06-28 13:40:00,ASK_DEPTH,"[(100993, 331)]"
2019-06-28 13:40:00,IMBALANCE,"[243, 331]"
2019-06-28 13:40:00,HOLDINGS_UPDATED,"{'CASH': 12302788, 'JPM': -30}"
2019-06-28 13:41:00,BID_DEPTH,"[(99403, 510)]"
2019-06-28 13:41:00,ASK_DEPTH,"[(100993, 908)]"
2019-06-28 13:41:00,IMBALANCE,"[510, 908]"
2019-06-28 13:41:00,HOLDINGS_UPDATED,"{'CASH': 12899206, 'JPM': -36}"
2019-06-28 13:42:00,BID_DEPTH,"[(99017, 194)]"
2019-06-28 13:42:00,ASK_DEPTH,"[(99127, 206)]"
2019-06-28 13:42:00,IMBALANCE,"[194, 206]"
2019-06-28 13:42:00,HOLDINGS_UPDATED,"{'CASH': 13493308, 'JPM': -42}"
2019-06-28 13:43:00,BID_DEPTH,"[(98935, 231)]"
2019-06-28 13:43:00,ASK_DEPTH,"[(99062, 243)]"
2019-06-28 13:43:00,IMBALANCE,"[231, 243]"
2019-06-28 13:43:00,HOLDINGS_UPDATED,"{'CASH': 14086918, 'JPM': -48}"
2019-06-28 13:44:00,BID_DEPTH,"[(98935, 172)]"
2019-06-28 13:44:00,ASK_DEPTH,"[(99127, 178)]"
2019-06-28 13:44:00,IMBALANCE,"[172, 178]"
2019-06-28 13:44:00,HOLDINGS_UPDATED,"{'CASH': 14680528, 'JPM': -54}"
2019-06-28 13:45:00,BID_DEPTH,"[(99270, 426)]"
2019-06-28 13:45:00,ASK_DEPTH,"[(99796, 522)]"
2019-06-28 13:45:00,IMBALANCE,"[426, 522]"
2019-06-28 13:45:00,HOLDINGS_UPDATED,"{'CASH': 15077608, 'JPM': -58}"
2019-06-28 13:45:00,HOLDINGS_UPDATED,"{'CASH': 15276148, 'JPM': -60}"
2019-06-28 13:46:00,BID_DEPTH,"[(99689, 231)]"
2019-06-28 13:46:00,ASK_DEPTH,"[(99796, 237)]"
2019-06-28 13:46:00,IMBALANCE,"[231, 237]"
2019-06-28 13:46:00,HOLDINGS_UPDATED,"{'CASH': 15874282, 'JPM': -66}"
2019-06-28 13:47:00,BID_DEPTH,"[(99270, 510)]"
2019-06-28 13:47:00,ASK_DEPTH,"[(100050, 522)]"
2019-06-28 13:47:00,IMBALANCE,"[510, 522]"
2019-06-28 13:47:00,HOLDINGS_UPDATED,"{'CASH': 16469902, 'JPM': -72}"
2019-06-28 13:48:00,BID_DEPTH,"[(100051, 194)]"
2019-06-28 13:48:00,ASK_DEPTH,"[(100375, 206)]"
2019-06-28 13:48:00,IMBALANCE,"[194, 206]"
2019-06-28 13:48:00,HOLDINGS_UPDATED,"{'CASH': 17070208, 'JPM': -78}"
2019-06-28 13:49:00,BID_DEPTH,"[(100051, 510)]"
2019-06-28 13:49:00,ASK_DEPTH,"[(100375, 516)]"
2019-06-28 13:49:00,IMBALANCE,"[510, 516]"
2019-06-28 13:49:00,HOLDINGS_UPDATED,"{'CASH': 17670514, 'JPM': -84}"
2019-06-28 13:50:00,BID_DEPTH,"[(100375, 538)]"
2019-06-28 13:50:00,ASK_DEPTH,"[(100736, 522)]"
2019-06-28 13:50:00,IMBALANCE,"[538, 522]"
2019-06-28 13:50:00,HOLDINGS_UPDATED,"{'CASH': 18272764, 'JPM': -90}"
2019-06-28 13:51:00,BID_DEPTH,"[(100736, 110)]"
2019-06-28 13:51:00,ASK_DEPTH,"[(100773, 206)]"
2019-06-28 13:51:00,IMBALANCE,"[110, 206]"
2019-06-28 13:51:00,HOLDINGS_UPDATED,"{'CASH': 18675708, 'JPM': -94}"
2019-06-28 13:51:00,HOLDINGS_UPDATED,"{'CASH': 18877180, 'JPM': -96}"
2019-06-28 13:52:00,BID_DEPTH,"[(100375, 424)]"
2019-06-28 13:52:00,ASK_DEPTH,"[(100735, 522)]"
2019-06-28 13:52:00,IMBALANCE,"[424, 522]"
2019-06-28 13:52:00,HOLDINGS_UPDATED,"{'CASH': 19077930, 'JPM': -98}"
2019-06-28 13:52:00,HOLDINGS_UPDATED,"{'CASH': 19479430, 'JPM': -102}"
2019-06-28 13:53:00,BID_DEPTH,"[(100103, 194)]"
2019-06-28 13:53:00,ASK_DEPTH,"[(100217, 206)]"
2019-06-28 13:53:00,IMBALANCE,"[194, 206]"
2019-06-28 13:53:00,HOLDINGS_UPDATED,"{'CASH': 20080048, 'JPM': -108}"
2019-06-28 13:54:00,BID_DEPTH,"[(100084, 231)]"
2019-06-28 13:54:00,ASK_DEPTH,"[(100193, 243)]"
2019-06-28 13:54:00,IMBALANCE,"[231, 243]"
2019-06-28 13:54:00,HOLDINGS_UPDATED,"{'CASH': 20680552, 'JPM': -114}"
2019-06-28 13:55:00,BID_DEPTH,"[(100084, 231)]"
2019-06-28 13:55:00,ASK_DEPTH,"[(100217, 243)]"
2019-06-28 13:55:00,IMBALANCE,"[231, 243]"
2019-06-28 13:55:00,HOLDINGS_UPDATED,"{'CASH': 21281056, 'JPM': -120}"
2019-06-28 13:56:00,BID_DEPTH,"[(100050, 299)]"
2019-06-28 13:56:00,ASK_DEPTH,"[(100217, 311)]"
2019-06-28 13:56:00,IMBALANCE,"[299, 311]"
2019-06-28 13:56:00,HOLDINGS_UPDATED,"{'CASH': 21881356, 'JPM': -126}"
2019-06-28 13:57:00,BID_DEPTH,"[(100163, 299)]"
2019-06-28 13:57:00,ASK_DEPTH,"[(100211, 311)]"
2019-06-28 13:57:00,IMBALANCE,"[299, 311]"
2019-06-28 13:57:00,HOLDINGS_UPDATED,"{'CASH': 22482334, 'JPM': -132}"
2019-06-28 13:58:00,BID_DEPTH,"[(100163, 231)]"
2019-06-28 13:58:00,ASK_DEPTH,"[(100296, 243)]"
2019-06-28 13:58:00,IMBALANCE,"[231, 243]"
2019-06-28 13:58:00,HOLDINGS_UPDATED,"{'CASH': 23083312, 'JPM': -138}"
2019-06-28 13:59:00,BID_DEPTH,"[(100014, 172)]"
2019-06-28 13:59:00,ASK_DEPTH,"[(100457, 184)]"
2019-06-28 13:59:00,IMBALANCE,"[172, 184]"
2019-06-28 13:59:00,HOLDINGS_UPDATED,"{'CASH': 23683396, 'JPM': -144}"
2019-06-28 14:00:00,BID_DEPTH,"[(100457, 231)]"
2019-06-28 14:00:00,ASK_DEPTH,"[(100503, 243)]"
2019-06-28 14:00:00,IMBALANCE,"[231, 243]"
2019-06-28 14:00:00,HOLDINGS_UPDATED,"{'CASH': 24286138, 'JPM': -150}"
2019-06-28 14:01:00,BID_DEPTH,"[(100042, 194)]"
2019-06-28 14:01:00,ASK_DEPTH,"[(100241, 206)]"
2019-06-28 14:01:00,IMBALANCE,"[194, 206]"
2019-06-28 14:01:00,HOLDINGS_UPDATED,"{'CASH': 24886390, 'JPM': -156}"
2019-06-28 14:02:00,BID_DEPTH,"[(99127, 231)]"
2019-06-28 14:02:00,ASK_DEPTH,"[(100189, 243)]"
2019-06-28 14:02:00,IMBALANCE,"[231, 243]"
2019-06-28 14:02:00,HOLDINGS_UPDATED,"{'CASH': 25481152, 'JPM': -162}"
2019-06-28 14:03:00,BID_DEPTH,"[(99723, 184)]"
2019-06-28 14:03:00,ASK_DEPTH,"[(100189, 172)]"
2019-06-28 14:03:00,IMBALANCE,"[184, 172]"
2019-06-28 14:03:00,HOLDINGS_UPDATED,"{'CASH': 24880018, 'JPM': -156}"
2019-06-28 14:04:00,BID_DEPTH,"[(100190, 206)]"
2019-06-28 14:04:00,ASK_DEPTH,"[(100519, 194)]"
2019-06-28 14:04:00,IMBALANCE,"[206, 194]"
2019-06-28 14:04:00,HOLDINGS_UPDATED,"{'CASH': 24276904, 'JPM': -150}"
2019-06-28 14:05:00,BID_DEPTH,"[(100190, 206)]"
2019-06-28 14:05:00,ASK_DEPTH,"[(100248, 194)]"
2019-06-28 14:05:00,IMBALANCE,"[206, 194]"
2019-06-28 14:05:00,HOLDINGS_UPDATED,"{'CASH': 23675416, 'JPM': -144}"
2019-06-28 14:06:00,BID_DEPTH,"[(100249, 522)]"
2019-06-28 14:06:00,ASK_DEPTH,"[(100304, 510)]"
2019-06-28 14:06:00,IMBALANCE,"[522, 510]"
2019-06-28 14:06:00,HOLDINGS_UPDATED,"{'CASH': 23073592, 'JPM': -138}"
2019-06-28 14:07:00,BID_DEPTH,"[(100190, 522)]"
2019-06-28 14:07:00,ASK_DEPTH,"[(100249, 510)]"
2019-06-28 14:07:00,IMBALANCE,"[522, 510]"
2019-06-28 14:07:00,HOLDINGS_UPDATED,"{'CASH': 22472098, 'JPM': -132}"
2019-06-28 14:08:00,BID_DEPTH,"[(100164, 206)]"
2019-06-28 14:08:00,ASK_DEPTH,"[(100190, 194)]"
2019-06-28 14:08:00,IMBALANCE,"[206, 194]"
2019-06-28 14:08:00,HOLDINGS_UPDATED,"{'CASH': 21870958, 'JPM': -126}"
2019-06-28 14:09:00,BID_DEPTH,"[(100106, 243)]"
2019-06-28 14:09:00,ASK_DEPTH,"[(100249, 231)]"
2019-06-28 14:09:00,IMBALANCE,"[243, 231]"
2019-06-28 14:09:00,HOLDINGS_UPDATED,"{'CASH': 21269464, 'JPM': -120}"
2019-06-28 14:10:00,BID_DEPTH,"[(99462, 243)]"
2019-06-28 14:10:00,ASK_DEPTH,"[(100249, 231)]"
2019-06-28 14:10:00,IMBALANCE,"[243, 231]"
2019-06-28 14:10:00,HOLDINGS_UPDATED,"{'CASH': 20667970, 'JPM': -114}"
2019-06-28 14:11:00,BID_DEPTH,"[(99301, 522)]"
2019-06-28 14:11:00,ASK_DEPTH,"[(100249, 610)]"
2019-06-28 14:11:00,IMBALANCE,"[522, 610]"
2019-06-28 14:11:00,HOLDINGS_UPDATED,"{'CASH': 20066476, 'JPM': -108}"
2019-06-28 14:12:00,BID_DEPTH,"[(99301, 206)]"
2019-06-28 14:12:00,ASK_DEPTH,"[(99365, 194)]"
2019-06-28 14:12:00,IMBALANCE,"[206, 194]"
2019-06-28 14:12:00,HOLDINGS_UPDATED,"{'CASH': 19470286, 'JPM': -102}"
2019-06-28 14:13:00,BID_DEPTH,"[(99396, 206)]"
2019-06-28 14:13:00,ASK_DEPTH,"[(99403, 194)]"
2019-06-28 14:13:00,IMBALANCE,"[206, 194]"
2019-06-28 14:13:00,HOLDINGS_UPDATED,"{'CASH': 18873868, 'JPM': -96}"
2019-06-28 14:14:00,BID_DEPTH,"[(99414, 522)]"
2019-06-28 14:14:00,ASK_DEPTH,"[(99497, 510)]"
2019-06-28 14:14:00,IMBALANCE,"[522, 510]"
2019-06-28 14:14:00,HOLDINGS_UPDATED,"{'CASH': 18276886, 'JPM': -90}"
2019-06-28 14:15:00,BID_DEPTH,"[(99414, 522)]"
2019-06-28 14:15:00,ASK_DEPTH,"[(99497, 510)]"
2019-06-28 14:15:00,IMBALANCE,"[522, 510]"
2019-06-28 14:15:00,HOLDINGS_UPDATED,"{'CASH': 17679904, 'JPM': -84}"
2019-06-28 14:16:00,BID_DEPTH,"[(99414, 172)]"
2019-06-28 14:16:00,ASK_DEPTH,"[(99497, 184)]"
2019-06-28 14:16:00,IMBALANCE,"[172, 184]"
2019-06-28 14:16:00,HOLDINGS_UPDATED,"{'CASH': 18276388, 'JPM': -90}"
2019-06-28 14:17:00,BID_DEPTH,"[(99231, 172)]"
2019-06-28 14:17:00,ASK_DEPTH,"[(99403, 100)]"
2019-06-28 14:17:00,IMBALANCE,"[172, 100]"
2019-06-28 14:17:00,HOLDINGS_UPDATED,"{'CASH': 18871774, 'JPM': -96}"
2019-06-28 14:18:00,BID_DEPTH,"[(99197, 172)]"
2019-06-28 14:18:00,ASK_DEPTH,"[(99319, 184)]"
2019-06-28 14:18:00,IMBALANCE,"[172, 184]"
2019-06-28 14:18:00,HOLDINGS_UPDATED,"{'CASH': 19466956, 'JPM': -102}"
2019-06-28 14:19:00,BID_DEPTH,"[(99249, 172)]"
2019-06-28 14:19:00,ASK_DEPTH,"[(99403, 94)]"
2019-06-28 14:19:00,IMBALANCE,"[172, 94]"
2019-06-28 14:19:00,HOLDINGS_UPDATED,"{'CASH': 20062450, 'JPM': -108}"
2019-06-28 14:20:00,BID_DEPTH,"[(99096, 510)]"
2019-06-28 14:20:00,ASK_DEPTH,"[(99497, 616)]"
2019-06-28 14:20:00,IMBALANCE,"[510, 616]"
2019-06-28 14:20:00,HOLDINGS_UPDATED,"{'CASH': 20657026, 'JPM': -114}"
2019-06-28 14:21:00,BID_DEPTH,"[(99085, 194)]"
2019-06-28 14:21:00,ASK_DEPTH,"[(99499, 206)]"
2019-06-28 14:21:00,IMBALANCE,"[194, 206]"
2019-06-28 14:21:00,HOLDINGS_UPDATED,"{'CASH': 21251536, 'JPM': -120}"
2019-06-28 14:22:00,BID_DEPTH,"[(99499, 331)]"
2019-06-28 14:22:00,ASK_DEPTH,"[(100164, 243)]"
2019-06-28 14:22:00,IMBALANCE,"[331, 243]"
2019-06-28 14:22:00,HOLDINGS_UPDATED,"{'CASH': 21848530, 'JPM': -126}"
2019-06-28 14:23:00,BID_DEPTH,"[(99499, 291)]"
2019-06-28 14:23:00,ASK_DEPTH,"[(100249, 297)]"
2019-06-28 14:23:00,IMBALANCE,"[291, 297]"
2019-06-28 14:23:00,HOLDINGS_UPDATED,"{'CASH': 22445524, 'JPM': -132}"
2019-06-28 14:24:00,BID_DEPTH,"[(99499, 510)]"
2019-06-28 14:24:00,ASK_DEPTH,"[(100249, 502)]"
2019-06-28 14:24:00,IMBALANCE,"[510, 502]"
2019-06-28 14:24:00,HOLDINGS_UPDATED,"{'CASH': 23042518, 'JPM': -138}"
2019-06-28 14:25:00,BID_DEPTH,"[(99499, 399)]"
2019-06-28 14:25:00,ASK_DEPTH,"[(100249, 285)]"
2019-06-28 14:25:00,IMBALANCE,"[399, 285]"
2019-06-28 14:25:00,HOLDINGS_UPDATED,"{'CASH': 23639512, 'JPM': -144}"
2019-06-28 14:26:00,BID_DEPTH,"[(99499, 502)]"
2019-06-28 14:26:00,ASK_DEPTH,"[(100273, 522)]"
2019-06-28 14:26:00,IMBALANCE,"[502, 522]"
2019-06-28 14:26:00,HOLDINGS_UPDATED,"{'CASH': 24236506, 'JPM': -150}"
2019-06-28 14:27:00,BID_DEPTH,"[(99499, 194)]"
2019-06-28 14:27:00,ASK_DEPTH,"[(100273, 300)]"
2019-06-28 14:27:00,IMBALANCE,"[194, 300]"
2019-06-28 14:27:00,HOLDINGS_UPDATED,"{'CASH': 24833500, 'JPM': -156}"
2019-06-28 14:28:00,BID_DEPTH,"[(99984, 172)]"
2019-06-28 14:28:00,ASK_DEPTH,"[(100273, 278)]"
2019-06-28 14:28:00,IMBALANCE,"[172, 278]"
2019-06-28 14:28:00,HOLDINGS_UPDATED,"{'CASH': 25433404, 'JPM': -162}"
2019-06-28 14:29:00,BID_DEPTH,"[(99499, 510)]"
2019-06-28 14:29:00,ASK_DEPTH,"[(100273, 616)]"
2019-06-28 14:29:00,IMBALANCE,"[510, 616]"
2019-06-28 14:29:00,HOLDINGS_UPDATED,"{'CASH': 26030398, 'JPM': -168}"
2019-06-28 14:30:00,BID_DEPTH,"[(99499, 610)]"
2019-06-28 14:30:00,ASK_DEPTH,"[(100273, 516)]"
2019-06-28 14:30:00,IMBALANCE,"[610, 516]"
2019-06-28 14:30:00,HOLDINGS_UPDATED,"{'CASH': 26627392, 'JPM': -174}"
2019-06-28 14:31:00,BID_DEPTH,"[(100273, 231)]"
2019-06-28 14:31:00,ASK_DEPTH,"[(100735, 243)]"
2019-06-28 14:31:00,IMBALANCE,"[231, 243]"
2019-06-28 14:31:00,HOLDINGS_UPDATED,"{'CASH': 27229030, 'JPM': -180}"
2019-06-28 14:32:00,BID_DEPTH,"[(99499, 496)]"
2019-06-28 14:32:00,ASK_DEPTH,"[(100698, 522)]"
2019-06-28 14:32:00,IMBALANCE,"[496, 522]"
2019-06-28 14:32:00,HOLDINGS_UPDATED,"{'CASH': 27826024, 'JPM': -186}"
2019-06-28 14:33:00,BID_DEPTH,"[(100407, 299)]"
2019-06-28 14:33:00,ASK_DEPTH,"[(100698, 311)]"
2019-06-28 14:33:00,IMBALANCE,"[299, 311]"
2019-06-28 14:33:00,HOLDINGS_UPDATED,"{'CASH': 28428466, 'JPM': -192}"
2019-06-28 14:34:00,BID_DEPTH,"[(100354, 510)]"
2019-06-28 14:34:00,ASK_DEPTH,"[(100698, 522)]"
2019-06-28 14:34:00,IMBALANCE,"[510, 522]"
2019-06-28 14:34:00,HOLDINGS_UPDATED,"{'CASH': 29030590, 'JPM': -198}"
2019-06-28 14:35:00,BID_DEPTH,"[(100185, 510)]"
2019-06-28 14:35:00,ASK_DEPTH,"[(100528, 522)]"
2019-06-28 14:35:00,IMBALANCE,"[510, 522]"
2019-06-28 14:35:00,HOLDINGS_UPDATED,"{'CASH': 29631700, 'JPM': -204}"
2019-06-28 14:36:00,BID_DEPTH,"[(100556, 510)]"
2019-06-28 14:36:00,ASK_DEPTH,"[(100651, 522)]"
2019-06-28 14:36:00,IMBALANCE,"[510, 522]"
2019-06-28 14:36:00,HOLDINGS_UPDATED,"{'CASH': 30235036, 'JPM': -210}"
2019-06-28 14:37:00,BID_DEPTH,"[(100511, 194)]"
2019-06-28 14:37:00,ASK_DEPTH,"[(100803, 206)]"
2019-06-28 14:37:00,IMBALANCE,"[194, 206]"
2019-06-28 14:37:00,HOLDINGS_UPDATED,"{'CASH': 30838102, 'JPM': -216}"
2019-06-28 14:38:00,BID_DEPTH,"[(100280, 311)]"
2019-06-28 14:38:00,ASK_DEPTH,"[(100860, 299)]"
2019-06-28 14:38:00,IMBALANCE,"[311, 299]"
2019-06-28 14:38:00,HOLDINGS_UPDATED,"{'CASH': 30232942, 'JPM': -210}"
2019-06-28 14:39:00,BID_DEPTH,"[(100523, 311)]"
2019-06-28 14:39:00,ASK_DEPTH,"[(100654, 299)]"
2019-06-28 14:39:00,IMBALANCE,"[311, 299]"
2019-06-28 14:39:00,HOLDINGS_UPDATED,"{'CASH': 29629018, 'JPM': -204}"
2019-06-28 14:40:00,BID_DEPTH,"[(100561, 206)]"
2019-06-28 14:40:00,ASK_DEPTH,"[(101016, 194)]"
2019-06-28 14:40:00,IMBALANCE,"[206, 194]"
2019-06-28 14:40:00,HOLDINGS_UPDATED,"{'CASH': 29022922, 'JPM': -198}"
2019-06-28 14:41:00,BID_DEPTH,"[(100670, 243)]"
2019-06-28 14:41:00,ASK_DEPTH,"[(100688, 231)]"
2019-06-28 14:41:00,IMBALANCE,"[243, 231]"
2019-06-28 14:41:00,HOLDINGS_UPDATED,"{'CASH': 28418794, 'JPM': -192}"
2019-06-28 14:42:00,BID_DEPTH,"[(100523, 305)]"
2019-06-28 14:42:00,ASK_DEPTH,"[(101016, 299)]"
2019-06-28 14:42:00,IMBALANCE,"[305, 299]"
2019-06-28 14:42:00,HOLDINGS_UPDATED,"{'CASH': 27812698, 'JPM': -186}"
2019-06-28 14:43:00,BID_DEPTH,"[(100366, 311)]"
2019-06-28 14:43:00,ASK_DEPTH,"[(101362, 299)]"
2019-06-28 14:43:00,IMBALANCE,"[311, 299]"
2019-06-28 14:43:00,HOLDINGS_UPDATED,"{'CASH': 27204526, 'JPM': -180}"
2019-06-28 14:44:00,BID_DEPTH,"[(100071, 311)]"
2019-06-28 14:44:00,ASK_DEPTH,"[(100280, 215)]"
2019-06-28 14:44:00,IMBALANCE,"[311, 215]"
2019-06-28 14:44:00,HOLDINGS_UPDATED,"{'CASH': 26803406, 'JPM': -176}"
2019-06-28 14:44:00,HOLDINGS_UPDATED,"{'CASH': 26602846, 'JPM': -174}"
2019-06-28 14:45:00,BID_DEPTH,"[(100071, 206)]"
2019-06-28 14:45:00,ASK_DEPTH,"[(100113, 194)]"
2019-06-28 14:45:00,IMBALANCE,"[206, 194]"
2019-06-28 14:45:00,HOLDINGS_UPDATED,"{'CASH': 26002168, 'JPM': -168}"
2019-06-28 14:46:00,BID_DEPTH,"[(100000, 243)]"
2019-06-28 14:46:00,ASK_DEPTH,"[(100156, 231)]"
2019-06-28 14:46:00,IMBALANCE,"[243, 231]"
2019-06-28 14:46:00,HOLDINGS_UPDATED,"{'CASH': 25401232, 'JPM': -162}"
2019-06-28 14:47:00,BID_DEPTH,"[(100000, 184)]"
2019-06-28 14:47:00,ASK_DEPTH,"[(100156, 172)]"
2019-06-28 14:47:00,IMBALANCE,"[184, 172]"
2019-06-28 14:47:00,HOLDINGS_UPDATED,"{'CASH': 24800296, 'JPM': -156}"
2019-06-28 14:48:00,BID_DEPTH,"[(100000, 184)]"
2019-06-28 14:48:00,ASK_DEPTH,"[(100156, 172)]"
2019-06-28 14:48:00,IMBALANCE,"[184, 172]"
2019-06-28 14:48:00,HOLDINGS_UPDATED,"{'CASH': 24199360, 'JPM': -150}"
2019-06-28 14:49:00,BID_DEPTH,"[(99885, 522)]"
2019-06-28 14:49:00,ASK_DEPTH,"[(100155, 510)]"
2019-06-28 14:49:00,IMBALANCE,"[522, 510]"
2019-06-28 14:49:00,HOLDINGS_UPDATED,"{'CASH': 23598430, 'JPM': -144}"
2019-06-28 14:50:00,BID_DEPTH,"[(99885, 243)]"
2019-06-28 14:50:00,ASK_DEPTH,"[(100155, 231)]"
2019-06-28 14:50:00,IMBALANCE,"[243, 231]"
2019-06-28 14:50:00,HOLDINGS_UPDATED,"{'CASH': 22997500, 'JPM': -138}"
2019-06-28 14:51:00,BID_DEPTH,"[(99317, 311)]"
2019-06-28 14:51:00,ASK_DEPTH,"[(100155, 299)]"
2019-06-28 14:51:00,IMBALANCE,"[311, 299]"
2019-06-28 14:51:00,HOLDINGS_UPDATED,"{'CASH': 22396570, 'JPM': -132}"
2019-06-28 14:52:00,BID_DEPTH,"[(99007, 206)]"
2019-06-28 14:52:00,ASK_DEPTH,"[(99317, 194)]"
2019-06-28 14:52:00,IMBALANCE,"[206, 194]"
2019-06-28 14:52:00,HOLDINGS_UPDATED,"{'CASH': 21800668, 'JPM': -126}"
2019-06-28 14:53:00,BID_DEPTH,"[(98998, 243)]"
2019-06-28 14:53:00,ASK_DEPTH,"[(99317, 231)]"
2019-06-28 14:53:00,IMBALANCE,"[243, 231]"
2019-06-28 14:53:00,HOLDINGS_UPDATED,"{'CASH': 21204766, 'JPM': -120}"
2019-06-28 14:54:00,BID_DEPTH,"[(99113, 184)]"
2019-06-28 14:54:00,ASK_DEPTH,"[(99302, 172)]"
2019-06-28 14:54:00,IMBALANCE,"[184, 172]"
2019-06-28 14:54:00,HOLDINGS_UPDATED,"{'CASH': 20608954, 'JPM': -114}"
2019-06-28 14:55:00,BID_DEPTH,"[(99058, 311)]"
2019-06-28 14:55:00,ASK_DEPTH,"[(100156, 299)]"
2019-06-28 14:55:00,IMBALANCE,"[311, 299]"
2019-06-28 14:55:00,HOLDINGS_UPDATED,"{'CASH': 20008018, 'JPM': -108}"
2019-06-28 14:56:00,BID_DEPTH,"[(99058, 100)]"
2019-06-28 14:56:00,ASK_DEPTH,[]
2019-06-28 14:56:00,IMBALANCE,"[100, 0]"
2019-06-28 14:57:00,BID_DEPTH,"[(99157, 184)]"
2019-06-28 14:57:00,ASK_DEPTH,"[(99727, 172)]"
2019-06-28 14:57:00,IMBALANCE,"[184, 172]"
2019-06-28 14:57:00,HOLDINGS_UPDATED,"{'CASH': 19409656, 'JPM': -102}"
2019-06-28 14:58:00,BID_DEPTH,"[(99157, 100)]"
2019-06-28 14:58:00,ASK_DEPTH,[]
2019-06-28 14:58:00,IMBALANCE,"[100, 0]"
2019-06-28 14:59:00,BID_DEPTH,"[(101482, 522)]"
2019-06-28 14:59:00,ASK_DEPTH,"[(101694, 510)]"
2019-06-28 14:59:00,IMBALANCE,"[522, 510]"
2019-06-28 14:59:00,HOLDINGS_UPDATED,"{'CASH': 18799492, 'JPM': -96}"
2019-06-28 15:00:00,BID_DEPTH,"[(101482, 300)]"
2019-06-28 15:00:00,ASK_DEPTH,"[(101888, 194)]"
2019-06-28 15:00:00,IMBALANCE,"[300, 194]"
2019-06-28 15:00:00,HOLDINGS_UPDATED,"{'CASH': 18188164, 'JPM': -90}"
2019-06-28 15:01:00,BID_DEPTH,"[(102471, 206)]"
2019-06-28 15:01:00,ASK_DEPTH,"[(102507, 194)]"
2019-06-28 15:01:00,IMBALANCE,"[206, 194]"
2019-06-28 15:01:00,HOLDINGS_UPDATED,"{'CASH': 17573122, 'JPM': -84}"
2019-06-28 15:02:00,BID_DEPTH,"[(101482, 399)]"
2019-06-28 15:02:00,ASK_DEPTH,"[(102334, 299)]"
2019-06-28 15:02:00,IMBALANCE,"[399, 299]"
2019-06-28 15:02:00,HOLDINGS_UPDATED,"{'CASH': 16959118, 'JPM': -78}"
2019-06-28 15:03:00,BID_DEPTH,"[(101482, 366)]"
2019-06-28 15:03:00,ASK_DEPTH,"[(102322, 172)]"
2019-06-28 15:03:00,IMBALANCE,"[366, 172]"
2019-06-28 15:03:00,HOLDINGS_UPDATED,"{'CASH': 16345186, 'JPM': -72}"
2019-06-28 15:04:00,BID_DEPTH,"[(102146, 311)]"
2019-06-28 15:04:00,ASK_DEPTH,"[(102373, 299)]"
2019-06-28 15:04:00,IMBALANCE,"[311, 299]"
2019-06-28 15:04:00,HOLDINGS_UPDATED,"{'CASH': 15730948, 'JPM': -66}"
2019-06-28 15:05:00,BID_DEPTH,"[(102146, 305)]"
2019-06-28 15:05:00,ASK_DEPTH,"[(102471, 305)]"
2019-06-28 15:05:00,IMBALANCE,"[305, 305]"
2019-06-28 15:05:00,HOLDINGS_UPDATED,"{'CASH': 15116122, 'JPM': -60}"
2019-06-28 15:06:00,BID_DEPTH,"[(101718, 206)]"
2019-06-28 15:06:00,ASK_DEPTH,"[(102146, 194)]"
2019-06-28 15:06:00,IMBALANCE,"[206, 194]"
2019-06-28 15:06:00,HOLDINGS_UPDATED,"{'CASH': 14503246, 'JPM': -54}"
2019-06-28 15:07:00,BID_DEPTH,"[(101482, 260)]"
2019-06-28 15:07:00,ASK_DEPTH,"[(102471, 172)]"
2019-06-28 15:07:00,IMBALANCE,"[260, 172]"
2019-06-28 15:07:00,HOLDINGS_UPDATED,"{'CASH': 13888420, 'JPM': -48}"
2019-06-28 15:08:00,BID_DEPTH,"[(101482, 76)]"
2019-06-28 15:08:00,ASK_DEPTH,[]
2019-06-28 15:08:00,IMBALANCE,"[76, 0]"
2019-06-28 15:09:00,BID_DEPTH,"[(101462, 311)]"
2019-06-28 15:09:00,ASK_DEPTH,"[(101482, 223)]"
2019-06-28 15:09:00,IMBALANCE,"[311, 223]"
2019-06-28 15:09:00,HOLDINGS_UPDATED,"{'CASH': 13279528, 'JPM': -42}"
2019-06-28 15:10:00,BID_DEPTH,"[(101268, 184)]"
2019-06-28 15:10:00,ASK_DEPTH,"[(101462, 172)]"
2019-06-28 15:10:00,IMBALANCE,"[184, 172]"
2019-06-28 15:10:00,HOLDINGS_UPDATED,"{'CASH': 12670756, 'JPM': -36}"
2019-06-28 15:11:00,BID_DEPTH,"[(101216, 184)]"
2019-06-28 15:11:00,ASK_DEPTH,"[(101462, 172)]"
2019-06-28 15:11:00,IMBALANCE,"[184, 172]"
2019-06-28 15:11:00,HOLDINGS_UPDATED,"{'CASH': 12061984, 'JPM': -30}"
2019-06-28 15:12:00,BID_DEPTH,"[(100604, 311)]"
2019-06-28 15:12:00,ASK_DEPTH,"[(101482, 299)]"
2019-06-28 15:12:00,IMBALANCE,"[311, 299]"
2019-06-28 15:12:00,HOLDINGS_UPDATED,"{'CASH': 11453092, 'JPM': -24}"
2019-06-28 15:13:00,BID_DEPTH,"[(100604, 311)]"
2019-06-28 15:13:00,ASK_DEPTH,"[(100741, 299)]"
2019-06-28 15:13:00,IMBALANCE,"[311, 299]"
2019-06-28 15:13:00,HOLDINGS_UPDATED,"{'CASH': 10848646, 'JPM': -18}"
2019-06-28 15:14:00,BID_DEPTH,"[(100474, 206)]"
2019-06-28 15:14:00,ASK_DEPTH,"[(101457, 194)]"
2019-06-28 15:14:00,IMBALANCE,"[206, 194]"
2019-06-28 15:14:00,HOLDINGS_UPDATED,"{'CASH': 10239904, 'JPM': -12}"
2019-06-28 15:15:00,BID_DEPTH,"[(100474, 243)]"
2019-06-28 15:15:00,ASK_DEPTH,"[(101062, 231)]"
2019-06-28 15:15:00,IMBALANCE,"[243, 231]"
2019-06-28 15:15:00,HOLDINGS_UPDATED,"{'CASH': 9633532, 'JPM': -6}"
2019-06-28 15:16:00,BID_DEPTH,"[(101006, 522)]"
2019-06-28 15:16:00,ASK_DEPTH,"[(101217, 510)]"
2019-06-28 15:16:00,IMBALANCE,"[522, 510]"
2019-06-28 15:16:00,HOLDINGS_UPDATED,{'CASH': 9026230}
2019-06-28 15:17:00,BID_DEPTH,"[(101006, 206)]"
2019-06-28 15:17:00,ASK_DEPTH,"[(101217, 194)]"
2019-06-28 15:17:00,IMBALANCE,"[206, 194]"
2019-06-28 15:17:00,HOLDINGS_UPDATED,"{'CASH': 8418928, 'JPM': 6}"
2019-06-28 15:18:00,BID_DEPTH,"[(100308, 243)]"
2019-06-28 15:18:00,ASK_DEPTH,"[(101006, 231)]"
2019-06-28 15:18:00,IMBALANCE,"[243, 231]"
2019-06-28 15:18:00,HOLDINGS_UPDATED,"{'CASH': 7812892, 'JPM': 12}"
2019-06-28 15:19:00,BID_DEPTH,"[(100237, 311)]"
2019-06-28 15:19:00,ASK_DEPTH,"[(101006, 299)]"
2019-06-28 15:19:00,IMBALANCE,"[311, 299]"
2019-06-28 15:19:00,HOLDINGS_UPDATED,"{'CASH': 7206856, 'JPM': 18}"
2019-06-28 15:20:00,BID_DEPTH,"[(99884, 206)]"
2019-06-28 15:20:00,ASK_DEPTH,"[(101006, 194)]"
2019-06-28 15:20:00,IMBALANCE,"[206, 194]"
2019-06-28 15:20:00,HOLDINGS_UPDATED,"{'CASH': 6600820, 'JPM': 24}"
2019-06-28 15:21:00,BID_DEPTH,"[(100679, 522)]"
2019-06-28 15:21:00,ASK_DEPTH,"[(101482, 510)]"
2019-06-28 15:21:00,IMBALANCE,"[522, 510]"
2019-06-28 15:21:00,HOLDINGS_UPDATED,"{'CASH': 5991928, 'JPM': 30}"
2019-06-28 15:22:00,BID_DEPTH,"[(100679, 184)]"
2019-06-28 15:22:00,ASK_DEPTH,"[(101482, 272)]"
2019-06-28 15:22:00,IMBALANCE,"[184, 272]"
2019-06-28 15:22:00,HOLDINGS_UPDATED,"{'CASH': 5383036, 'JPM': 36}"
2019-06-28 15:23:00,BID_DEPTH,"[(100185, 243)]"
2019-06-28 15:23:00,ASK_DEPTH,"[(101482, 223)]"
2019-06-28 15:23:00,IMBALANCE,"[243, 223]"
2019-06-28 15:23:00,HOLDINGS_UPDATED,"{'CASH': 4774144, 'JPM': 42}"
2019-06-28 15:24:00,BID_DEPTH,"[(100064, 184)]"
2019-06-28 15:24:00,ASK_DEPTH,"[(101649, 172)]"
2019-06-28 15:24:00,IMBALANCE,"[184, 172]"
2019-06-28 15:24:00,HOLDINGS_UPDATED,"{'CASH': 4164250, 'JPM': 48}"
2019-06-28 15:25:00,BID_DEPTH,"[(99969, 206)]"
2019-06-28 15:25:00,ASK_DEPTH,"[(101649, 294)]"
2019-06-28 15:25:00,IMBALANCE,"[206, 294]"
2019-06-28 15:25:00,HOLDINGS_UPDATED,"{'CASH': 3554356, 'JPM': 54}"
2019-06-28 15:26:00,BID_DEPTH,"[(99969, 522)]"
2019-06-28 15:26:00,ASK_DEPTH,"[(101649, 502)]"
2019-06-28 15:26:00,IMBALANCE,"[522, 502]"
2019-06-28 15:26:00,HOLDINGS_UPDATED,"{'CASH': 2944462, 'JPM': 60}"
2019-06-28 15:27:00,BID_DEPTH,"[(99969, 100)]"
2019-06-28 15:27:00,ASK_DEPTH,[]
2019-06-28 15:27:00,IMBALANCE,"[100, 0]"
2019-06-28 15:28:00,BID_DEPTH,"[(99680, 243)]"
2019-06-28 15:28:00,ASK_DEPTH,"[(99969, 231)]"
2019-06-28 15:28:00,IMBALANCE,"[243, 231]"
2019-06-28 15:28:00,HOLDINGS_UPDATED,"{'CASH': 2344648, 'JPM': 66}"
2019-06-28 15:29:00,BID_DEPTH,"[(99326, 184)]"
2019-06-28 15:29:00,ASK_DEPTH,"[(99489, 172)]"
2019-06-28 15:29:00,IMBALANCE,"[184, 172]"
2019-06-28 15:29:00,HOLDINGS_UPDATED,"{'CASH': 1747714, 'JPM': 72}"
2019-06-28 15:30:00,BID_DEPTH,"[(99326, 194)]"
2019-06-28 15:30:00,ASK_DEPTH,"[(99351, 206)]"
2019-06-28 15:30:00,IMBALANCE,"[194, 206]"
2019-06-28 15:30:00,HOLDINGS_UPDATED,"{'CASH': 2343670, 'JPM': 66}"
2019-06-28 15:31:00,BID_DEPTH,"[(99238, 510)]"
2019-06-28 15:31:00,ASK_DEPTH,"[(99348, 479)]"
2019-06-28 15:31:00,IMBALANCE,"[510, 479]"
2019-06-28 15:31:00,HOLDINGS_UPDATED,"{'CASH': 2939098, 'JPM': 60}"
2019-06-28 15:32:00,BID_DEPTH,"[(99238, 194)]"
2019-06-28 15:32:00,ASK_DEPTH,"[(99348, 206)]"
2019-06-28 15:32:00,IMBALANCE,"[194, 206]"
2019-06-28 15:32:00,HOLDINGS_UPDATED,"{'CASH': 3534526, 'JPM': 54}"
2019-06-28 15:33:00,BID_DEPTH,"[(98998, 299)]"
2019-06-28 15:33:00,ASK_DEPTH,"[(99217, 311)]"
2019-06-28 15:33:00,IMBALANCE,"[299, 311]"
2019-06-28 15:33:00,HOLDINGS_UPDATED,"{'CASH': 4128514, 'JPM': 48}"
2019-06-28 15:34:00,BID_DEPTH,"[(98998, 172)]"
2019-06-28 15:34:00,ASK_DEPTH,"[(99071, 184)]"
2019-06-28 15:34:00,IMBALANCE,"[172, 184]"
2019-06-28 15:34:00,HOLDINGS_UPDATED,"{'CASH': 4722502, 'JPM': 42}"
2019-06-28 15:35:00,BID_DEPTH,"[(98998, 231)]"
2019-06-28 15:35:00,ASK_DEPTH,"[(99217, 237)]"
2019-06-28 15:35:00,IMBALANCE,"[231, 237]"
2019-06-28 15:35:00,HOLDINGS_UPDATED,"{'CASH': 5316490, 'JPM': 36}"
2019-06-28 15:36:00,BID_DEPTH,"[(99217, 405)]"
2019-06-28 15:36:00,ASK_DEPTH,"[(99246, 311)]"
2019-06-28 15:36:00,IMBALANCE,"[405, 311]"
2019-06-28 15:36:00,HOLDINGS_UPDATED,"{'CASH': 5911792, 'JPM': 30}"
2019-06-28 15:37:00,BID_DEPTH,"[(99217, 170)]"
2019-06-28 15:37:00,ASK_DEPTH,"[(99246, 178)]"
2019-06-28 15:37:00,IMBALANCE,"[170, 178]"
2019-06-28 15:37:00,HOLDINGS_UPDATED,"{'CASH': 6507094, 'JPM': 24}"
2019-06-28 15:38:00,BID_DEPTH,"[(99217, 231)]"
2019-06-28 15:38:00,ASK_DEPTH,"[(99246, 231)]"
2019-06-28 15:38:00,IMBALANCE,"[231, 231]"
2019-06-28 15:38:00,HOLDINGS_UPDATED,"{'CASH': 7102396, 'JPM': 18}"
2019-06-28 15:39:00,BID_DEPTH,"[(99217, 294)]"
2019-06-28 15:39:00,ASK_DEPTH,"[(99348, 200)]"
2019-06-28 15:39:00,IMBALANCE,"[294, 200]"
2019-06-28 15:39:00,HOLDINGS_UPDATED,"{'CASH': 7697698, 'JPM': 12}"
2019-06-28 15:40:00,BID_DEPTH,"[(99150, 231)]"
2019-06-28 15:40:00,ASK_DEPTH,"[(99348, 231)]"
2019-06-28 15:40:00,IMBALANCE,"[231, 231]"
2019-06-28 15:40:00,HOLDINGS_UPDATED,"{'CASH': 8292598, 'JPM': 6}"
2019-06-28 15:41:00,BID_DEPTH,"[(99150, 231)]"
2019-06-28 15:41:00,ASK_DEPTH,"[(99348, 225)]"
2019-06-28 15:41:00,IMBALANCE,"[231, 225]"
2019-06-28 15:41:00,HOLDINGS_UPDATED,{'CASH': 8887498}
2019-06-28 15:42:00,BID_DEPTH,"[(99132, 299)]"
2019-06-28 15:42:00,ASK_DEPTH,"[(99384, 311)]"
2019-06-28 15:42:00,IMBALANCE,"[299, 311]"
2019-06-28 15:42:00,HOLDINGS_UPDATED,"{'CASH': 9482290, 'JPM': -6}"
2019-06-28 15:43:00,BID_DEPTH,"[(99384, 499)]"
2019-06-28 15:43:00,ASK_DEPTH,"[(99489, 311)]"
2019-06-28 15:43:00,IMBALANCE,"[499, 311]"
2019-06-28 15:43:00,HOLDINGS_UPDATED,"{'CASH': 10078594, 'JPM': -12}"
2019-06-28 15:44:00,BID_DEPTH,"[(99384, 264)]"
2019-06-28 15:44:00,ASK_DEPTH,"[(99714, 184)]"
2019-06-28 15:44:00,IMBALANCE,"[264, 184]"
2019-06-28 15:44:00,HOLDINGS_UPDATED,"{'CASH': 10674898, 'JPM': -18}"
2019-06-28 15:45:00,BID_DEPTH,"[(99384, 494)]"
2019-06-28 15:45:00,ASK_DEPTH,"[(99938, 522)]"
2019-06-28 15:45:00,IMBALANCE,"[494, 522]"
2019-06-28 15:45:00,HOLDINGS_UPDATED,"{'CASH': 11271202, 'JPM': -24}"
2019-06-28 15:46:00,BID_DEPTH,"[(99817, 194)]"
2019-06-28 15:46:00,ASK_DEPTH,"[(99938, 200)]"
2019-06-28 15:46:00,IMBALANCE,"[194, 200]"
2019-06-28 15:46:00,HOLDINGS_UPDATED,"{'CASH': 11870104, 'JPM': -30}"
2019-06-28 15:47:00,BID_DEPTH,"[(98834, 231)]"
2019-06-28 15:47:00,ASK_DEPTH,"[(99950, 243)]"
2019-06-28 15:47:00,IMBALANCE,"[231, 243]"
2019-06-28 15:47:00,HOLDINGS_UPDATED,"{'CASH': 12463108, 'JPM': -36}"
2019-06-28 15:48:00,BID_DEPTH,"[(98834, 531)]"
2019-06-28 15:48:00,ASK_DEPTH,"[(100134, 243)]"
2019-06-28 15:48:00,IMBALANCE,"[531, 243]"
2019-06-28 15:48:00,HOLDINGS_UPDATED,"{'CASH': 13056112, 'JPM': -42}"
2019-06-28 15:49:00,BID_DEPTH,"[(98834, 364)]"
2019-06-28 15:49:00,ASK_DEPTH,"[(100134, 184)]"
2019-06-28 15:49:00,IMBALANCE,"[364, 184]"
2019-06-28 15:49:00,HOLDINGS_UPDATED,"{'CASH': 13649116, 'JPM': -48}"
2019-06-28 15:50:00,BID_DEPTH,"[(99559, 299)]"
2019-06-28 15:50:00,ASK_DEPTH,"[(100134, 311)]"
2019-06-28 15:50:00,IMBALANCE,"[299, 311]"
2019-06-28 15:50:00,HOLDINGS_UPDATED,"{'CASH': 14246470, 'JPM': -54}"
2019-06-28 15:51:00,BID_DEPTH,"[(98834, 694)]"
2019-06-28 15:51:00,ASK_DEPTH,"[(99787, 522)]"
2019-06-28 15:51:00,IMBALANCE,"[694, 522]"
2019-06-28 15:51:00,HOLDINGS_UPDATED,"{'CASH': 14839474, 'JPM': -60}"
2019-06-28 15:52:00,BID_DEPTH,"[(98834, 375)]"
2019-06-28 15:52:00,ASK_DEPTH,"[(99787, 311)]"
2019-06-28 15:52:00,IMBALANCE,"[375, 311]"
2019-06-28 15:52:00,HOLDINGS_UPDATED,"{'CASH': 15432478, 'JPM': -66}"
2019-06-28 15:53:00,BID_DEPTH,"[(98834, 172)]"
2019-06-28 15:53:00,ASK_DEPTH,"[(99015, 184)]"
2019-06-28 15:53:00,IMBALANCE,"[172, 184]"
2019-06-28 15:53:00,HOLDINGS_UPDATED,"{'CASH': 16025482, 'JPM': -72}"
2019-06-28 15:54:00,BID_DEPTH,"[(99273, 299)]"
2019-06-28 15:54:00,ASK_DEPTH,"[(99523, 311)]"
2019-06-28 15:54:00,IMBALANCE,"[299, 311]"
2019-06-28 15:54:00,HOLDINGS_UPDATED,"{'CASH': 16621120, 'JPM': -78}"
2019-06-28 15:55:00,BID_DEPTH,"[(99252, 194)]"
2019-06-28 15:55:00,ASK_DEPTH,"[(99273, 206)]"
2019-06-28 15:55:00,IMBALANCE,"[194, 206]"
2019-06-28 15:55:00,HOLDINGS_UPDATED,"{'CASH': 17216632, 'JPM': -84}"
2019-06-28 15:56:00,BID_DEPTH,"[(99197, 194)]"
2019-06-28 15:56:00,ASK_DEPTH,"[(99273, 206)]"
2019-06-28 15:56:00,IMBALANCE,"[194, 206]"
2019-06-28 15:56:00,HOLDINGS_UPDATED,"{'CASH': 17811814, 'JPM': -90}"
2019-06-28 15:57:00,BID_DEPTH,"[(99132, 299)]"
2019-06-28 15:57:00,ASK_DEPTH,"[(99197, 411)]"
2019-06-28 15:57:00,IMBALANCE,"[299, 411]"
2019-06-28 15:57:00,HOLDINGS_UPDATED,"{'CASH': 18406606, 'JPM': -96}"
2019-06-28 15:58:00,BID_DEPTH,"[(98834, 231)]"
2019-06-28 15:58:00,ASK_DEPTH,"[(99132, 243)]"
2019-06-28 15:58:00,IMBALANCE,"[231, 243]"
2019-06-28 15:58:00,HOLDINGS_UPDATED,"{'CASH': 18999610, 'JPM': -102}"
2019-06-28 15:59:00,BID_DEPTH,"[(98366, 299)]"
2019-06-28 15:59:00,ASK_DEPTH,"[(99132, 311)]"
2019-06-28 15:59:00,IMBALANCE,"[299, 311]"
2019-06-28 15:59:00,HOLDINGS_UPDATED,"{'CASH': 19589806, 'JPM': -108}"
2019-06-28 16:00:00,BID_DEPTH,"[(98829, 231)]"
2019-06-28 16:00:00,ASK_DEPTH,"[(99132, 243)]"
2019-06-28 16:00:00,IMBALANCE,"[231, 243]"
2019-06-28 16:00:00,HOLDINGS_UPDATED,"{'CASH': 20182780, 'JPM': -114}"
2019-06-28 16:01:00,BID_DEPTH,"[(98829, 135)]"
2019-06-28 16:01:00,ASK_DEPTH,"[(99132, 243)]"
2019-06-28 16:01:00,IMBALANCE,"[135, 243]"
2019-06-28 16:01:00,MKT_CLOSED,
2019-06-28 16:01:00,FINAL_HOLDINGS,"{ JPM: -114, CASH: 20182780 }"
2019-06-28 16:01:00,FINAL_CASH_POSITION,20182780
2019-06-28 16:01:00,MARK_TO_MARKET,-114 JPM @ 98829 == -11266506
2019-06-28 16:01:00,MARKED_TO_MARKET,8916274
2019-06-28 16:01:00,ENDING_CASH,8916274
