EventTime,EventType,Event
,AGENT_TYPE,MomentumAgent
,STARTING_CASH,10000000
2019-06-28 09:30:00,HOLDINGS_UPDATED,{'CASH': 10000000}
2019-06-28 09:31:00,BID_DEPTH,"[(99974, 341)]"
2019-06-28 09:31:00,ASK_DEPTH,"[(100026, 341)]"
2019-06-28 09:31:00,IMBALANCE,"[341, 341]"
2019-06-28 09:32:00,BID_DEPTH,"[(99974, 264)]"
2019-06-28 09:32:00,ASK_DEPTH,"[(100028, 264)]"
2019-06-28 09:32:00,IMBALANCE,"[264, 264]"
2019-06-28 09:33:00,BID_DEPTH,"[(99932, 264)]"
2019-06-28 09:33:00,ASK_DEPTH,"[(100028, 264)]"
2019-06-28 09:33:00,IMBALANCE,"[264, 264]"
2019-06-28 09:34:00,BID_DEPTH,"[(99959, 196)]"
2019-06-28 09:34:00,ASK_DEPTH,"[(100054, 196)]"
2019-06-28 09:34:00,IMBALANCE,"[196, 196]"
2019-06-28 09:35:00,BID_DEPTH,"[(99959, 341)]"
2019-06-28 09:35:00,ASK_DEPTH,"[(100060, 341)]"
2019-06-28 09:35:00,IMBALANCE,"[341, 341]"
2019-06-28 09:36:00,BID_DEPTH,"[(99959, 341)]"
2019-06-28 09:36:00,ASK_DEPTH,"[(100058, 341)]"
2019-06-28 09:36:00,IMBALANCE,"[341, 341]"
2019-06-28 09:37:00,BID_DEPTH,"[(99960, 296)]"
2019-06-28 09:37:00,ASK_DEPTH,"[(100058, 196)]"
2019-06-28 09:37:00,IMBALANCE,"[296, 196]"
2019-06-28 09:38:00,BID_DEPTH,"[(100058, 582)]"
2019-06-28 09:38:00,ASK_DEPTH,"[(100092, 582)]"
2019-06-28 09:38:00,IMBALANCE,"[582, 582]"
2019-06-28 09:39:00,BID_DEPTH,"[(100058, 196)]"
2019-06-28 09:39:00,ASK_DEPTH,"[(100122, 196)]"
2019-06-28 09:39:00,IMBALANCE,"[196, 196]"
2019-06-28 09:40:00,BID_DEPTH,"[(100122, 264)]"
2019-06-28 09:40:00,ASK_DEPTH,"[(100166, 264)]"
2019-06-28 09:40:00,IMBALANCE,"[264, 264]"
2019-06-28 09:41:00,BID_DEPTH,"[(100122, 582)]"
2019-06-28 09:41:00,ASK_DEPTH,"[(100166, 582)]"
2019-06-28 09:41:00,IMBALANCE,"[582, 582]"
2019-06-28 09:42:00,BID_DEPTH,"[(100122, 264)]"
2019-06-28 09:42:00,ASK_DEPTH,"[(100170, 264)]"
2019-06-28 09:42:00,IMBALANCE,"[264, 264]"
2019-06-28 09:43:00,BID_DEPTH,"[(100166, 341)]"
2019-06-28 09:43:00,ASK_DEPTH,"[(100209, 341)]"
2019-06-28 09:43:00,IMBALANCE,"[341, 341]"
2019-06-28 09:44:00,BID_DEPTH,"[(100209, 196)]"
2019-06-28 09:44:00,ASK_DEPTH,"[(100345, 196)]"
2019-06-28 09:44:00,IMBALANCE,"[196, 196]"
2019-06-28 09:45:00,BID_DEPTH,"[(100209, 364)]"
2019-06-28 09:45:00,ASK_DEPTH,"[(100367, 264)]"
2019-06-28 09:45:00,IMBALANCE,"[364, 264]"
2019-06-28 09:46:00,BID_DEPTH,"[(100412, 582)]"
2019-06-28 09:46:00,ASK_DEPTH,"[(101109, 582)]"
2019-06-28 09:46:00,IMBALANCE,"[582, 582]"
2019-06-28 09:47:00,BID_DEPTH,"[(100412, 682)]"
2019-06-28 09:47:00,ASK_DEPTH,"[(100852, 582)]"
2019-06-28 09:47:00,IMBALANCE,"[682, 582]"
2019-06-28 09:48:00,BID_DEPTH,"[(100482, 341)]"
2019-06-28 09:48:00,ASK_DEPTH,"[(100852, 541)]"
2019-06-28 09:48:00,IMBALANCE,"[341, 541]"
2019-06-28 09:49:00,BID_DEPTH,"[(100633, 264)]"
2019-06-28 09:49:00,ASK_DEPTH,"[(100679, 264)]"
2019-06-28 09:49:00,IMBALANCE,"[264, 264]"
2019-06-28 09:50:00,BID_DEPTH,"[(100633, 264)]"
2019-06-28 09:50:00,ASK_DEPTH,"[(100687, 264)]"
2019-06-28 09:50:00,IMBALANCE,"[264, 264]"
2019-06-28 09:51:00,BID_DEPTH,"[(100634, 341)]"
2019-06-28 09:51:00,ASK_DEPTH,"[(100687, 341)]"
2019-06-28 09:51:00,IMBALANCE,"[341, 341]"
2019-06-28 09:52:00,BID_DEPTH,"[(100633, 220)]"
2019-06-28 09:52:00,ASK_DEPTH,"[(100687, 220)]"
2019-06-28 09:52:00,IMBALANCE,"[220, 220]"
2019-06-28 09:53:00,BID_DEPTH,"[(100633, 196)]"
2019-06-28 09:53:00,ASK_DEPTH,"[(100678, 196)]"
2019-06-28 09:53:00,IMBALANCE,"[196, 196]"
2019-06-28 09:54:00,BID_DEPTH,"[(100633, 220)]"
2019-06-28 09:54:00,ASK_DEPTH,"[(100678, 220)]"
2019-06-28 09:54:00,IMBALANCE,"[220, 220]"
2019-06-28 09:55:00,BID_DEPTH,"[(100617, 582)]"
2019-06-28 09:55:00,ASK_DEPTH,"[(100678, 582)]"
2019-06-28 09:55:00,IMBALANCE,"[582, 582]"
2019-06-28 09:56:00,BID_DEPTH,"[(100635, 296)]"
2019-06-28 09:56:00,ASK_DEPTH,"[(100678, 196)]"
2019-06-28 09:56:00,IMBALANCE,"[296, 196]"
2019-06-28 09:57:00,BID_DEPTH,"[(100635, 782)]"
2019-06-28 09:57:00,ASK_DEPTH,"[(100689, 582)]"
2019-06-28 09:57:00,IMBALANCE,"[782, 582]"
2019-06-28 09:58:00,BID_DEPTH,"[(100636, 582)]"
2019-06-28 09:58:00,ASK_DEPTH,"[(100852, 582)]"
2019-06-28 09:58:00,IMBALANCE,"[582, 582]"
2019-06-28 09:59:00,BID_DEPTH,"[(100636, 196)]"
2019-06-28 09:59:00,ASK_DEPTH,"[(100852, 196)]"
2019-06-28 09:59:00,IMBALANCE,"[196, 196]"
2019-06-28 10:00:00,BID_DEPTH,"[(100636, 582)]"
2019-06-28 10:00:00,ASK_DEPTH,"[(101286, 582)]"
2019-06-28 10:00:00,IMBALANCE,"[582, 582]"
2019-06-28 10:01:00,BID_DEPTH,"[(101132, 196)]"
2019-06-28 10:01:00,ASK_DEPTH,"[(101480, 196)]"
2019-06-28 10:01:00,IMBALANCE,"[196, 196]"
2019-06-28 10:02:00,BID_DEPTH,"[(101132, 220)]"
2019-06-28 10:02:00,ASK_DEPTH,"[(101777, 220)]"
2019-06-28 10:02:00,IMBALANCE,"[220, 220]"
2019-06-28 10:03:00,BID_DEPTH,"[(101505, 582)]"
2019-06-28 10:03:00,ASK_DEPTH,"[(101777, 582)]"
2019-06-28 10:03:00,IMBALANCE,"[582, 582]"
2019-06-28 10:04:00,BID_DEPTH,"[(101556, 541)]"
2019-06-28 10:04:00,ASK_DEPTH,"[(101624, 341)]"
2019-06-28 10:04:00,IMBALANCE,"[541, 341]"
2019-06-28 10:05:00,BID_DEPTH,"[(101556, 341)]"
2019-06-28 10:05:00,ASK_DEPTH,"[(101742, 341)]"
2019-06-28 10:05:00,IMBALANCE,"[341, 341]"
2019-06-28 10:06:00,BID_DEPTH,"[(101400, 196)]"
2019-06-28 10:06:00,ASK_DEPTH,"[(101742, 196)]"
2019-06-28 10:06:00,IMBALANCE,"[196, 196]"
2019-06-28 10:07:00,BID_DEPTH,"[(101400, 264)]"
2019-06-28 10:07:00,ASK_DEPTH,"[(101556, 264)]"
2019-06-28 10:07:00,IMBALANCE,"[264, 264]"
2019-06-28 10:08:00,BID_DEPTH,"[(101242, 582)]"
2019-06-28 10:08:00,ASK_DEPTH,"[(101480, 582)]"
2019-06-28 10:08:00,IMBALANCE,"[582, 582]"
2019-06-28 10:09:00,BID_DEPTH,"[(101111, 196)]"
2019-06-28 10:09:00,ASK_DEPTH,"[(101480, 296)]"
2019-06-28 10:09:00,IMBALANCE,"[196, 296]"
2019-06-28 10:10:00,BID_DEPTH,"[(100912, 264)]"
2019-06-28 10:10:00,ASK_DEPTH,"[(101480, 364)]"
2019-06-28 10:10:00,IMBALANCE,"[264, 364]"
2019-06-28 10:11:00,BID_DEPTH,"[(100635, 296)]"
2019-06-28 10:11:00,ASK_DEPTH,"[(101242, 196)]"
2019-06-28 10:11:00,IMBALANCE,"[296, 196]"
2019-06-28 10:12:00,BID_DEPTH,"[(100635, 196)]"
2019-06-28 10:12:00,ASK_DEPTH,"[(100912, 196)]"
2019-06-28 10:12:00,IMBALANCE,"[196, 196]"
2019-06-28 10:13:00,BID_DEPTH,"[(100635, 220)]"
2019-06-28 10:13:00,ASK_DEPTH,"[(100888, 220)]"
2019-06-28 10:13:00,IMBALANCE,"[220, 220]"
2019-06-28 10:14:00,BID_DEPTH,"[(100635, 220)]"
2019-06-28 10:14:00,ASK_DEPTH,"[(100888, 220)]"
2019-06-28 10:14:00,IMBALANCE,"[220, 220]"
2019-06-28 10:15:00,BID_DEPTH,"[(100636, 220)]"
2019-06-28 10:15:00,ASK_DEPTH,"[(100888, 220)]"
2019-06-28 10:15:00,IMBALANCE,"[220, 220]"
2019-06-28 10:16:00,BID_DEPTH,"[(100635, 264)]"
2019-06-28 10:16:00,ASK_DEPTH,"[(100678, 264)]"
2019-06-28 10:16:00,IMBALANCE,"[264, 264]"
2019-06-28 10:17:00,BID_DEPTH,"[(100598, 196)]"
2019-06-28 10:17:00,ASK_DEPTH,"[(100678, 196)]"
2019-06-28 10:17:00,IMBALANCE,"[196, 196]"
2019-06-28 10:18:00,BID_DEPTH,"[(100565, 341)]"
2019-06-28 10:18:00,ASK_DEPTH,"[(100636, 341)]"
2019-06-28 10:18:00,IMBALANCE,"[341, 341]"
2019-06-28 10:19:00,BID_DEPTH,"[(100533, 582)]"
2019-06-28 10:19:00,ASK_DEPTH,"[(100636, 582)]"
2019-06-28 10:19:00,IMBALANCE,"[582, 582]"
2019-06-28 10:20:00,BID_DEPTH,"[(100431, 582)]"
2019-06-28 10:20:00,ASK_DEPTH,"[(100442, 486)]"
2019-06-28 10:20:00,IMBALANCE,"[582, 486]"
2019-06-28 10:21:00,BID_DEPTH,"[(100385, 220)]"
2019-06-28 10:21:00,ASK_DEPTH,"[(100441, 158)]"
2019-06-28 10:21:00,IMBALANCE,"[220, 158]"
2019-06-28 10:21:00,HOLDINGS_UPDATED,"{'CASH': 9296913, 'JPM': 7}"
2019-06-28 10:22:00,BID_DEPTH,"[(100387, 220)]"
2019-06-28 10:22:00,ASK_DEPTH,"[(100441, 158)]"
2019-06-28 10:22:00,IMBALANCE,"[220, 158]"
2019-06-28 10:22:00,HOLDINGS_UPDATED,"{'CASH': 8593826, 'JPM': 14}"
2019-06-28 10:23:00,BID_DEPTH,"[(100387, 582)]"
2019-06-28 10:23:00,ASK_DEPTH,"[(100442, 424)]"
2019-06-28 10:23:00,IMBALANCE,"[582, 424]"
2019-06-28 10:23:00,HOLDINGS_UPDATED,"{'CASH': 7890732, 'JPM': 21}"
2019-06-28 10:24:00,BID_DEPTH,"[(100536, 264)]"
2019-06-28 10:24:00,ASK_DEPTH,"[(100670, 202)]"
2019-06-28 10:24:00,IMBALANCE,"[264, 202]"
2019-06-28 10:24:00,HOLDINGS_UPDATED,"{'CASH': 7186042, 'JPM': 28}"
2019-06-28 10:25:00,BID_DEPTH,"[(100536, 196)]"
2019-06-28 10:25:00,ASK_DEPTH,"[(100757, 134)]"
2019-06-28 10:25:00,IMBALANCE,"[196, 134]"
2019-06-28 10:25:00,HOLDINGS_UPDATED,"{'CASH': 6480743, 'JPM': 35}"
2019-06-28 10:26:00,BID_DEPTH,"[(100757, 264)]"
2019-06-28 10:26:00,ASK_DEPTH,"[(100930, 202)]"
2019-06-28 10:26:00,IMBALANCE,"[264, 202]"
2019-06-28 10:26:00,HOLDINGS_UPDATED,"{'CASH': 5774233, 'JPM': 42}"
2019-06-28 10:27:00,BID_DEPTH,"[(100442, 520)]"
2019-06-28 10:27:00,ASK_DEPTH,"[(100967, 582)]"
2019-06-28 10:27:00,IMBALANCE,"[520, 582]"
2019-06-28 10:27:00,HOLDINGS_UPDATED,"{'CASH': 6477327, 'JPM': 35}"
2019-06-28 10:28:00,BID_DEPTH,"[(100739, 520)]"
2019-06-28 10:28:00,ASK_DEPTH,"[(100967, 582)]"
2019-06-28 10:28:00,IMBALANCE,"[520, 582]"
2019-06-28 10:28:00,HOLDINGS_UPDATED,"{'CASH': 7182500, 'JPM': 28}"
2019-06-28 10:29:00,BID_DEPTH,"[(100387, 202)]"
2019-06-28 10:29:00,ASK_DEPTH,"[(100967, 264)]"
2019-06-28 10:29:00,IMBALANCE,"[202, 264]"
2019-06-28 10:29:00,HOLDINGS_UPDATED,"{'CASH': 7885209, 'JPM': 21}"
2019-06-28 10:30:00,BID_DEPTH,"[(100198, 520)]"
2019-06-28 10:30:00,ASK_DEPTH,"[(100967, 582)]"
2019-06-28 10:30:00,IMBALANCE,"[520, 582]"
2019-06-28 10:30:00,HOLDINGS_UPDATED,"{'CASH': 8586595, 'JPM': 14}"
2019-06-28 10:31:00,BID_DEPTH,"[(100192, 158)]"
2019-06-28 10:31:00,ASK_DEPTH,"[(100198, 220)]"
2019-06-28 10:31:00,IMBALANCE,"[158, 220]"
2019-06-28 10:31:00,HOLDINGS_UPDATED,"{'CASH': 9287939, 'JPM': 7}"
2019-06-28 10:32:00,BID_DEPTH,"[(100156, 279)]"
2019-06-28 10:32:00,ASK_DEPTH,"[(100192, 341)]"
2019-06-28 10:32:00,IMBALANCE,"[279, 341]"
2019-06-28 10:32:00,HOLDINGS_UPDATED,{'CASH': 9989031}
2019-06-28 10:33:00,BID_DEPTH,"[(100145, 202)]"
2019-06-28 10:33:00,ASK_DEPTH,"[(100156, 264)]"
2019-06-28 10:33:00,IMBALANCE,"[202, 264]"
2019-06-28 10:33:00,HOLDINGS_UPDATED,"{'CASH': 10690046, 'JPM': -7}"
2019-06-28 10:34:00,BID_DEPTH,"[(99879, 134)]"
2019-06-28 10:34:00,ASK_DEPTH,"[(100145, 296)]"
2019-06-28 10:34:00,IMBALANCE,"[134, 296]"
2019-06-28 10:34:00,HOLDINGS_UPDATED,"{'CASH': 11389199, 'JPM': -14}"
2019-06-28 10:35:00,BID_DEPTH,"[(99870, 520)]"
2019-06-28 10:35:00,ASK_DEPTH,"[(99879, 682)]"
2019-06-28 10:35:00,IMBALANCE,"[520, 682]"
2019-06-28 10:35:00,HOLDINGS_UPDATED,"{'CASH': 12088289, 'JPM': -21}"
2019-06-28 10:36:00,BID_DEPTH,"[(99867, 279)]"
2019-06-28 10:36:00,ASK_DEPTH,"[(99879, 441)]"
2019-06-28 10:36:00,IMBALANCE,"[279, 441]"
2019-06-28 10:36:00,HOLDINGS_UPDATED,"{'CASH': 12787358, 'JPM': -28}"
2019-06-28 10:37:00,BID_DEPTH,"[(98962, 158)]"
2019-06-28 10:37:00,ASK_DEPTH,"[(99867, 220)]"
2019-06-28 10:37:00,IMBALANCE,"[158, 220]"
2019-06-28 10:37:00,HOLDINGS_UPDATED,"{'CASH': 13480092, 'JPM': -35}"
2019-06-28 10:38:00,BID_DEPTH,"[(99013, 134)]"
2019-06-28 10:38:00,ASK_DEPTH,"[(99867, 196)]"
2019-06-28 10:38:00,IMBALANCE,"[134, 196]"
2019-06-28 10:38:00,HOLDINGS_UPDATED,"{'CASH': 14173183, 'JPM': -42}"
2019-06-28 10:39:00,BID_DEPTH,"[(99060, 202)]"
2019-06-28 10:39:00,ASK_DEPTH,"[(99867, 264)]"
2019-06-28 10:39:00,IMBALANCE,"[202, 264]"
2019-06-28 10:39:00,HOLDINGS_UPDATED,"{'CASH': 14866603, 'JPM': -49}"
2019-06-28 10:40:00,BID_DEPTH,"[(99013, 520)]"
2019-06-28 10:40:00,ASK_DEPTH,"[(99089, 582)]"
2019-06-28 10:40:00,IMBALANCE,"[520, 582]"
2019-06-28 10:40:00,HOLDINGS_UPDATED,"{'CASH': 15559694, 'JPM': -56}"
2019-06-28 10:41:00,BID_DEPTH,"[(98947, 134)]"
2019-06-28 10:41:00,ASK_DEPTH,"[(99089, 196)]"
2019-06-28 10:41:00,IMBALANCE,"[134, 196]"
2019-06-28 10:41:00,HOLDINGS_UPDATED,"{'CASH': 16252323, 'JPM': -63}"
2019-06-28 10:42:00,BID_DEPTH,"[(98947, 202)]"
2019-06-28 10:42:00,ASK_DEPTH,"[(99089, 264)]"
2019-06-28 10:42:00,IMBALANCE,"[202, 264]"
2019-06-28 10:42:00,HOLDINGS_UPDATED,"{'CASH': 16944952, 'JPM': -70}"
2019-06-28 10:43:00,BID_DEPTH,"[(98921, 134)]"
2019-06-28 10:43:00,ASK_DEPTH,"[(99089, 196)]"
2019-06-28 10:43:00,IMBALANCE,"[134, 196]"
2019-06-28 10:43:00,HOLDINGS_UPDATED,"{'CASH': 17637399, 'JPM': -77}"
2019-06-28 10:44:00,BID_DEPTH,"[(98935, 158)]"
2019-06-28 10:44:00,ASK_DEPTH,"[(99089, 220)]"
2019-06-28 10:44:00,IMBALANCE,"[158, 220]"
2019-06-28 10:44:00,HOLDINGS_UPDATED,"{'CASH': 18329944, 'JPM': -84}"
2019-06-28 10:45:00,BID_DEPTH,"[(98921, 158)]"
2019-06-28 10:45:00,ASK_DEPTH,"[(99153, 220)]"
2019-06-28 10:45:00,IMBALANCE,"[158, 220]"
2019-06-28 10:45:00,HOLDINGS_UPDATED,"{'CASH': 19022391, 'JPM': -91}"
2019-06-28 10:46:00,BID_DEPTH,"[(98888, 520)]"
2019-06-28 10:46:00,ASK_DEPTH,"[(99153, 582)]"
2019-06-28 10:46:00,IMBALANCE,"[520, 582]"
2019-06-28 10:46:00,HOLDINGS_UPDATED,"{'CASH': 19714607, 'JPM': -98}"
2019-06-28 10:47:00,BID_DEPTH,"[(98866, 202)]"
2019-06-28 10:47:00,ASK_DEPTH,"[(99153, 264)]"
2019-06-28 10:47:00,IMBALANCE,"[202, 264]"
2019-06-28 10:47:00,HOLDINGS_UPDATED,"{'CASH': 20406669, 'JPM': -105}"
2019-06-28 10:48:00,BID_DEPTH,"[(98841, 520)]"
2019-06-28 10:48:00,ASK_DEPTH,"[(99205, 582)]"
2019-06-28 10:48:00,IMBALANCE,"[520, 582]"
2019-06-28 10:48:00,HOLDINGS_UPDATED,"{'CASH': 21098556, 'JPM': -112}"
2019-06-28 10:49:00,BID_DEPTH,"[(99275, 279)]"
2019-06-28 10:49:00,ASK_DEPTH,"[(99514, 341)]"
2019-06-28 10:49:00,IMBALANCE,"[279, 341]"
2019-06-28 10:49:00,HOLDINGS_UPDATED,"{'CASH': 21793481, 'JPM': -119}"
2019-06-28 10:50:00,BID_DEPTH,"[(98841, 202)]"
2019-06-28 10:50:00,ASK_DEPTH,"[(99275, 264)]"
2019-06-28 10:50:00,IMBALANCE,"[202, 264]"
2019-06-28 10:50:00,HOLDINGS_UPDATED,"{'CASH': 22485368, 'JPM': -126}"
2019-06-28 10:51:00,BID_DEPTH,"[(99097, 134)]"
2019-06-28 10:51:00,ASK_DEPTH,"[(99275, 196)]"
2019-06-28 10:51:00,IMBALANCE,"[134, 196]"
2019-06-28 10:51:00,HOLDINGS_UPDATED,"{'CASH': 23179047, 'JPM': -133}"
2019-06-28 10:52:00,BID_DEPTH,"[(98841, 158)]"
2019-06-28 10:52:00,ASK_DEPTH,"[(98892, 220)]"
2019-06-28 10:52:00,IMBALANCE,"[158, 220]"
2019-06-28 10:52:00,HOLDINGS_UPDATED,"{'CASH': 23870934, 'JPM': -140}"
2019-06-28 10:53:00,BID_DEPTH,"[(98762, 202)]"
2019-06-28 10:53:00,ASK_DEPTH,"[(98892, 264)]"
2019-06-28 10:53:00,IMBALANCE,"[202, 264]"
2019-06-28 10:53:00,HOLDINGS_UPDATED,"{'CASH': 24562268, 'JPM': -147}"
2019-06-28 10:54:00,BID_DEPTH,"[(98373, 279)]"
2019-06-28 10:54:00,ASK_DEPTH,"[(98892, 341)]"
2019-06-28 10:54:00,IMBALANCE,"[279, 341]"
2019-06-28 10:54:00,HOLDINGS_UPDATED,"{'CASH': 25250879, 'JPM': -154}"
2019-06-28 10:55:00,BID_DEPTH,"[(98075, 279)]"
2019-06-28 10:55:00,ASK_DEPTH,"[(98554, 341)]"
2019-06-28 10:55:00,IMBALANCE,"[279, 341]"
2019-06-28 10:55:00,HOLDINGS_UPDATED,"{'CASH': 25937404, 'JPM': -161}"
2019-06-28 10:56:00,BID_DEPTH,"[(98094, 158)]"
2019-06-28 10:56:00,ASK_DEPTH,"[(98435, 220)]"
2019-06-28 10:56:00,IMBALANCE,"[158, 220]"
2019-06-28 10:56:00,HOLDINGS_UPDATED,"{'CASH': 26624062, 'JPM': -168}"
2019-06-28 10:57:00,BID_DEPTH,"[(98094, 520)]"
2019-06-28 10:57:00,ASK_DEPTH,"[(98554, 582)]"
2019-06-28 10:57:00,IMBALANCE,"[520, 582]"
2019-06-28 10:57:00,HOLDINGS_UPDATED,"{'CASH': 27310720, 'JPM': -175}"
2019-06-28 10:58:00,BID_DEPTH,[]
2019-06-28 10:58:00,ASK_DEPTH,"[(98589, 100)]"
2019-06-28 10:58:00,IMBALANCE,"[0, 100]"
2019-06-28 10:59:00,BID_DEPTH,"[(98094, 258)]"
2019-06-28 10:59:00,ASK_DEPTH,"[(98589, 220)]"
2019-06-28 10:59:00,IMBALANCE,"[258, 220]"
2019-06-28 10:59:00,HOLDINGS_UPDATED,"{'CASH': 27997378, 'JPM': -182}"
2019-06-28 11:00:00,BID_DEPTH,"[(98094, 202)]"
2019-06-28 11:00:00,ASK_DEPTH,"[(98589, 264)]"
2019-06-28 11:00:00,IMBALANCE,"[202, 264]"
2019-06-28 11:00:00,HOLDINGS_UPDATED,"{'CASH': 28684036, 'JPM': -189}"
2019-06-28 11:01:00,BID_DEPTH,"[(98095, 134)]"
2019-06-28 11:01:00,ASK_DEPTH,"[(98880, 196)]"
2019-06-28 11:01:00,IMBALANCE,"[134, 196]"
2019-06-28 11:01:00,HOLDINGS_UPDATED,"{'CASH': 29370701, 'JPM': -196}"
2019-06-28 11:02:00,BID_DEPTH,"[(98095, 379)]"
2019-06-28 11:02:00,ASK_DEPTH,"[(98968, 341)]"
2019-06-28 11:02:00,IMBALANCE,"[379, 341]"
2019-06-28 11:02:00,HOLDINGS_UPDATED,"{'CASH': 30057366, 'JPM': -203}"
2019-06-28 11:03:00,BID_DEPTH,"[(98641, 134)]"
2019-06-28 11:03:00,ASK_DEPTH,"[(98967, 196)]"
2019-06-28 11:03:00,IMBALANCE,"[134, 196]"
2019-06-28 11:03:00,HOLDINGS_UPDATED,"{'CASH': 30747853, 'JPM': -210}"
2019-06-28 11:04:00,BID_DEPTH,"[(98096, 202)]"
2019-06-28 11:04:00,ASK_DEPTH,"[(99074, 264)]"
2019-06-28 11:04:00,IMBALANCE,"[202, 264]"
2019-06-28 11:04:00,HOLDINGS_UPDATED,"{'CASH': 31434525, 'JPM': -217}"
2019-06-28 11:05:00,BID_DEPTH,"[(98096, 202)]"
2019-06-28 11:05:00,ASK_DEPTH,"[(98991, 264)]"
2019-06-28 11:05:00,IMBALANCE,"[202, 264]"
2019-06-28 11:05:00,HOLDINGS_UPDATED,"{'CASH': 32121197, 'JPM': -224}"
2019-06-28 11:06:00,BID_DEPTH,"[(98095, 144)]"
2019-06-28 11:06:00,ASK_DEPTH,"[(98991, 220)]"
2019-06-28 11:06:00,IMBALANCE,"[144, 220]"
2019-06-28 11:06:00,HOLDINGS_UPDATED,"{'CASH': 32807862, 'JPM': -231}"
2019-06-28 11:07:00,BID_DEPTH,"[(98094, 158)]"
2019-06-28 11:07:00,ASK_DEPTH,"[(99074, 220)]"
2019-06-28 11:07:00,IMBALANCE,"[158, 220]"
2019-06-28 11:07:00,HOLDINGS_UPDATED,"{'CASH': 33494520, 'JPM': -238}"
2019-06-28 11:08:00,BID_DEPTH,"[(98866, 158)]"
2019-06-28 11:08:00,ASK_DEPTH,"[(99086, 220)]"
2019-06-28 11:08:00,IMBALANCE,"[158, 220]"
2019-06-28 11:08:00,HOLDINGS_UPDATED,"{'CASH': 34186582, 'JPM': -245}"
2019-06-28 11:09:00,BID_DEPTH,"[(98866, 202)]"
2019-06-28 11:09:00,ASK_DEPTH,"[(99142, 264)]"
2019-06-28 11:09:00,IMBALANCE,"[202, 264]"
2019-06-28 11:09:00,HOLDINGS_UPDATED,"{'CASH': 34878644, 'JPM': -252}"
2019-06-28 11:10:00,BID_DEPTH,"[(98866, 620)]"
2019-06-28 11:10:00,ASK_DEPTH,"[(99189, 582)]"
2019-06-28 11:10:00,IMBALANCE,"[620, 582]"
2019-06-28 11:10:00,HOLDINGS_UPDATED,"{'CASH': 35570706, 'JPM': -259}"
2019-06-28 11:11:00,BID_DEPTH,"[(98866, 144)]"
2019-06-28 11:11:00,ASK_DEPTH,"[(99314, 220)]"
2019-06-28 11:11:00,IMBALANCE,"[144, 220]"
2019-06-28 11:11:00,HOLDINGS_UPDATED,"{'CASH': 36262768, 'JPM': -266}"
2019-06-28 11:12:00,BID_DEPTH,"[(98866, 158)]"
2019-06-28 11:12:00,ASK_DEPTH,"[(99314, 220)]"
2019-06-28 11:12:00,IMBALANCE,"[158, 220]"
2019-06-28 11:12:00,HOLDINGS_UPDATED,"{'CASH': 36954830, 'JPM': -273}"
2019-06-28 11:13:00,BID_DEPTH,"[(98866, 202)]"
2019-06-28 11:13:00,ASK_DEPTH,"[(99314, 259)]"
2019-06-28 11:13:00,IMBALANCE,"[202, 259]"
2019-06-28 11:13:00,HOLDINGS_UPDATED,"{'CASH': 37646892, 'JPM': -280}"
2019-06-28 11:14:00,BID_DEPTH,"[(99314, 189)]"
2019-06-28 11:14:00,ASK_DEPTH,"[(99392, 341)]"
2019-06-28 11:14:00,IMBALANCE,"[189, 341]"
2019-06-28 11:14:00,HOLDINGS_UPDATED,"{'CASH': 38342090, 'JPM': -287}"
2019-06-28 11:15:00,BID_DEPTH,[]
2019-06-28 11:15:00,ASK_DEPTH,"[(99392, 95)]"
2019-06-28 11:15:00,IMBALANCE,"[0, 95]"
2019-06-28 11:16:00,BID_DEPTH,"[(99393, 202)]"
2019-06-28 11:16:00,ASK_DEPTH,"[(99551, 264)]"
2019-06-28 11:16:00,IMBALANCE,"[202, 264]"
2019-06-28 11:16:00,HOLDINGS_UPDATED,"{'CASH': 39037841, 'JPM': -294}"
2019-06-28 11:17:00,BID_DEPTH,"[(99551, 520)]"
2019-06-28 11:17:00,ASK_DEPTH,"[(99709, 582)]"
2019-06-28 11:17:00,IMBALANCE,"[520, 582]"
2019-06-28 11:17:00,HOLDINGS_UPDATED,"{'CASH': 39734698, 'JPM': -301}"
2019-06-28 11:18:00,BID_DEPTH,"[(99392, 425)]"
2019-06-28 11:18:00,ASK_DEPTH,"[(99709, 577)]"
2019-06-28 11:18:00,IMBALANCE,"[425, 577]"
2019-06-28 11:18:00,HOLDINGS_UPDATED,"{'CASH': 40430442, 'JPM': -308}"
2019-06-28 11:19:00,BID_DEPTH,"[(99558, 202)]"
2019-06-28 11:19:00,ASK_DEPTH,"[(99709, 254)]"
2019-06-28 11:19:00,IMBALANCE,"[202, 254]"
2019-06-28 11:19:00,HOLDINGS_UPDATED,"{'CASH': 41127348, 'JPM': -315}"
2019-06-28 11:20:00,BID_DEPTH,"[(99392, 134)]"
2019-06-28 11:20:00,ASK_DEPTH,"[(99767, 196)]"
2019-06-28 11:20:00,IMBALANCE,"[134, 196]"
2019-06-28 11:20:00,HOLDINGS_UPDATED,"{'CASH': 41823092, 'JPM': -322}"
2019-06-28 11:21:00,BID_DEPTH,"[(99767, 520)]"
2019-06-28 11:21:00,ASK_DEPTH,"[(99981, 582)]"
2019-06-28 11:21:00,IMBALANCE,"[520, 582]"
2019-06-28 11:21:00,HOLDINGS_UPDATED,"{'CASH': 42521461, 'JPM': -329}"
2019-06-28 11:22:00,BID_DEPTH,"[(99392, 196)]"
2019-06-28 11:22:00,ASK_DEPTH,"[(100055, 134)]"
2019-06-28 11:22:00,IMBALANCE,"[196, 134]"
2019-06-28 11:22:00,HOLDINGS_UPDATED,"{'CASH': 41821076, 'JPM': -322}"
2019-06-28 11:23:00,BID_DEPTH,"[(99392, 336)]"
2019-06-28 11:23:00,ASK_DEPTH,"[(100100, 279)]"
2019-06-28 11:23:00,IMBALANCE,"[336, 279]"
2019-06-28 11:23:00,HOLDINGS_UPDATED,"{'CASH': 41120376, 'JPM': -315}"
2019-06-28 11:24:00,BID_DEPTH,"[(99392, 210)]"
2019-06-28 11:24:00,ASK_DEPTH,"[(100204, 158)]"
2019-06-28 11:24:00,IMBALANCE,"[210, 158]"
2019-06-28 11:24:00,HOLDINGS_UPDATED,"{'CASH': 40418948, 'JPM': -308}"
2019-06-28 11:25:00,BID_DEPTH,"[(99392, 326)]"
2019-06-28 11:25:00,ASK_DEPTH,"[(100264, 279)]"
2019-06-28 11:25:00,IMBALANCE,"[326, 279]"
2019-06-28 11:25:00,HOLDINGS_UPDATED,"{'CASH': 39717100, 'JPM': -301}"
2019-06-28 11:26:00,BID_DEPTH,"[(99392, 321)]"
2019-06-28 11:26:00,ASK_DEPTH,"[(100441, 279)]"
2019-06-28 11:26:00,IMBALANCE,"[321, 279]"
2019-06-28 11:26:00,HOLDINGS_UPDATED,"{'CASH': 39014013, 'JPM': -294}"
2019-06-28 11:27:00,BID_DEPTH,"[(99392, 239)]"
2019-06-28 11:27:00,ASK_DEPTH,"[(100469, 202)]"
2019-06-28 11:27:00,IMBALANCE,"[239, 202]"
2019-06-28 11:27:00,HOLDINGS_UPDATED,"{'CASH': 38310730, 'JPM': -287}"
2019-06-28 11:28:00,BID_DEPTH,"[(99392, 190)]"
2019-06-28 11:28:00,ASK_DEPTH,"[(100514, 158)]"
2019-06-28 11:28:00,IMBALANCE,"[190, 158]"
2019-06-28 11:28:00,HOLDINGS_UPDATED,"{'CASH': 37607132, 'JPM': -280}"
2019-06-28 11:29:00,BID_DEPTH,"[(99393, 196)]"
2019-06-28 11:29:00,ASK_DEPTH,"[(100705, 134)]"
2019-06-28 11:29:00,IMBALANCE,"[196, 134]"
2019-06-28 11:29:00,HOLDINGS_UPDATED,"{'CASH': 36902197, 'JPM': -273}"
2019-06-28 11:30:00,BID_DEPTH,"[(99393, 264)]"
2019-06-28 11:30:00,ASK_DEPTH,"[(101851, 202)]"
2019-06-28 11:30:00,IMBALANCE,"[264, 202]"
2019-06-28 11:30:00,HOLDINGS_UPDATED,"{'CASH': 36189240, 'JPM': -266}"
2019-06-28 11:31:00,BID_DEPTH,"[(101686, 220)]"
2019-06-28 11:31:00,ASK_DEPTH,"[(101882, 158)]"
2019-06-28 11:31:00,IMBALANCE,"[220, 158]"
2019-06-28 11:31:00,HOLDINGS_UPDATED,"{'CASH': 35476066, 'JPM': -259}"
2019-06-28 11:32:00,BID_DEPTH,"[(101779, 582)]"
2019-06-28 11:32:00,ASK_DEPTH,"[(102039, 520)]"
2019-06-28 11:32:00,IMBALANCE,"[582, 520]"
2019-06-28 11:32:00,HOLDINGS_UPDATED,"{'CASH': 34761793, 'JPM': -252}"
2019-06-28 11:33:00,BID_DEPTH,"[(101779, 341)]"
2019-06-28 11:33:00,ASK_DEPTH,"[(102304, 279)]"
2019-06-28 11:33:00,IMBALANCE,"[341, 279]"
2019-06-28 11:33:00,HOLDINGS_UPDATED,"{'CASH': 34045665, 'JPM': -245}"
2019-06-28 11:34:00,BID_DEPTH,"[(101779, 582)]"
2019-06-28 11:34:00,ASK_DEPTH,"[(101782, 520)]"
2019-06-28 11:34:00,IMBALANCE,"[582, 520]"
2019-06-28 11:34:00,HOLDINGS_UPDATED,"{'CASH': 33333191, 'JPM': -238}"
2019-06-28 11:35:00,BID_DEPTH,"[(101553, 582)]"
2019-06-28 11:35:00,ASK_DEPTH,"[(101860, 520)]"
2019-06-28 11:35:00,IMBALANCE,"[582, 520]"
2019-06-28 11:35:00,HOLDINGS_UPDATED,"{'CASH': 32620171, 'JPM': -231}"
2019-06-28 11:36:00,BID_DEPTH,"[(101394, 341)]"
2019-06-28 11:36:00,ASK_DEPTH,"[(101860, 279)]"
2019-06-28 11:36:00,IMBALANCE,"[341, 279]"
2019-06-28 11:36:00,HOLDINGS_UPDATED,"{'CASH': 31907151, 'JPM': -224}"
2019-06-28 11:37:00,BID_DEPTH,"[(101038, 582)]"
2019-06-28 11:37:00,ASK_DEPTH,"[(102304, 620)]"
2019-06-28 11:37:00,IMBALANCE,"[582, 620]"
2019-06-28 11:37:00,HOLDINGS_UPDATED,"{'CASH': 31191023, 'JPM': -217}"
2019-06-28 11:38:00,BID_DEPTH,[]
2019-06-28 11:38:00,ASK_DEPTH,"[(100993, 100)]"
2019-06-28 11:38:00,IMBALANCE,"[0, 100]"
2019-06-28 11:39:00,BID_DEPTH,[]
2019-06-28 11:39:00,ASK_DEPTH,"[(100125, 100)]"
2019-06-28 11:39:00,IMBALANCE,"[0, 100]"
2019-06-28 11:40:00,BID_DEPTH,"[(99998, 341)]"
2019-06-28 11:40:00,ASK_DEPTH,"[(100125, 279)]"
2019-06-28 11:40:00,IMBALANCE,"[341, 279]"
2019-06-28 11:40:00,HOLDINGS_UPDATED,"{'CASH': 30490148, 'JPM': -210}"
2019-06-28 11:41:00,BID_DEPTH,"[(100125, 196)]"
2019-06-28 11:41:00,ASK_DEPTH,"[(100993, 134)]"
2019-06-28 11:41:00,IMBALANCE,"[196, 134]"
2019-06-28 11:41:00,HOLDINGS_UPDATED,"{'CASH': 29783197, 'JPM': -203}"
2019-06-28 11:42:00,BID_DEPTH,"[(100125, 196)]"
2019-06-28 11:42:00,ASK_DEPTH,"[(101569, 134)]"
2019-06-28 11:42:00,IMBALANCE,"[196, 134]"
2019-06-28 11:42:00,HOLDINGS_UPDATED,"{'CASH': 29072214, 'JPM': -196}"
2019-06-28 11:43:00,BID_DEPTH,"[(100896, 264)]"
2019-06-28 11:43:00,ASK_DEPTH,"[(101044, 202)]"
2019-06-28 11:43:00,IMBALANCE,"[264, 202]"
2019-06-28 11:43:00,HOLDINGS_UPDATED,"{'CASH': 28364906, 'JPM': -189}"
2019-06-28 11:44:00,BID_DEPTH,"[(100896, 341)]"
2019-06-28 11:44:00,ASK_DEPTH,"[(101298, 279)]"
2019-06-28 11:44:00,IMBALANCE,"[341, 279]"
2019-06-28 11:44:00,HOLDINGS_UPDATED,"{'CASH': 27655820, 'JPM': -182}"
2019-06-28 11:45:00,BID_DEPTH,"[(100896, 582)]"
2019-06-28 11:45:00,ASK_DEPTH,"[(101311, 520)]"
2019-06-28 11:45:00,IMBALANCE,"[582, 520]"
2019-06-28 11:45:00,HOLDINGS_UPDATED,"{'CASH': 26946643, 'JPM': -175}"
2019-06-28 11:46:00,BID_DEPTH,"[(100896, 341)]"
2019-06-28 11:46:00,ASK_DEPTH,"[(101012, 279)]"
2019-06-28 11:46:00,IMBALANCE,"[341, 279]"
2019-06-28 11:46:00,HOLDINGS_UPDATED,"{'CASH': 26239559, 'JPM': -168}"
2019-06-28 11:47:00,BID_DEPTH,"[(100896, 196)]"
2019-06-28 11:47:00,ASK_DEPTH,"[(101023, 134)]"
2019-06-28 11:47:00,IMBALANCE,"[196, 134]"
2019-06-28 11:47:00,HOLDINGS_UPDATED,"{'CASH': 25532398, 'JPM': -161}"
2019-06-28 11:48:00,BID_DEPTH,"[(100671, 341)]"
2019-06-28 11:48:00,ASK_DEPTH,"[(101023, 279)]"
2019-06-28 11:48:00,IMBALANCE,"[341, 279]"
2019-06-28 11:48:00,HOLDINGS_UPDATED,"{'CASH': 24825237, 'JPM': -154}"
2019-06-28 11:49:00,BID_DEPTH,"[(100570, 341)]"
2019-06-28 11:49:00,ASK_DEPTH,"[(101406, 279)]"
2019-06-28 11:49:00,IMBALANCE,"[341, 279]"
2019-06-28 11:49:00,HOLDINGS_UPDATED,"{'CASH': 24115395, 'JPM': -147}"
2019-06-28 11:50:00,BID_DEPTH,"[(100570, 264)]"
2019-06-28 11:50:00,ASK_DEPTH,"[(101406, 302)]"
2019-06-28 11:50:00,IMBALANCE,"[264, 302]"
2019-06-28 11:50:00,HOLDINGS_UPDATED,"{'CASH': 23405553, 'JPM': -140}"
2019-06-28 11:51:00,BID_DEPTH,"[(99852, 220)]"
2019-06-28 11:51:00,ASK_DEPTH,"[(101406, 144)]"
2019-06-28 11:51:00,IMBALANCE,"[220, 144]"
2019-06-28 11:51:00,HOLDINGS_UPDATED,"{'CASH': 22695711, 'JPM': -133}"
2019-06-28 11:52:00,BID_DEPTH,"[(99846, 582)]"
2019-06-28 11:52:00,ASK_DEPTH,"[(100141, 520)]"
2019-06-28 11:52:00,IMBALANCE,"[582, 520]"
2019-06-28 11:52:00,HOLDINGS_UPDATED,"{'CASH': 21994724, 'JPM': -126}"
2019-06-28 11:53:00,BID_DEPTH,"[(99846, 341)]"
2019-06-28 11:53:00,ASK_DEPTH,"[(101569, 279)]"
2019-06-28 11:53:00,IMBALANCE,"[341, 279]"
2019-06-28 11:53:00,HOLDINGS_UPDATED,"{'CASH': 21283741, 'JPM': -119}"
2019-06-28 11:54:00,BID_DEPTH,"[(99844, 341)]"
2019-06-28 11:54:00,ASK_DEPTH,"[(101686, 279)]"
2019-06-28 11:54:00,IMBALANCE,"[341, 279]"
2019-06-28 11:54:00,HOLDINGS_UPDATED,"{'CASH': 20571939, 'JPM': -112}"
2019-06-28 11:55:00,BID_DEPTH,"[(99844, 100)]"
2019-06-28 11:55:00,ASK_DEPTH,[]
2019-06-28 11:55:00,IMBALANCE,"[100, 0]"
2019-06-28 11:56:00,BID_DEPTH,"[(99844, 264)]"
2019-06-28 11:56:00,ASK_DEPTH,"[(101686, 202)]"
2019-06-28 11:56:00,IMBALANCE,"[264, 202]"
2019-06-28 11:56:00,HOLDINGS_UPDATED,"{'CASH': 19860137, 'JPM': -105}"
2019-06-28 11:57:00,BID_DEPTH,"[(99844, 100)]"
2019-06-28 11:57:00,ASK_DEPTH,[]
2019-06-28 11:57:00,IMBALANCE,"[100, 0]"
2019-06-28 11:58:00,BID_DEPTH,"[(100274, 220)]"
2019-06-28 11:58:00,ASK_DEPTH,"[(100296, 158)]"
2019-06-28 11:58:00,IMBALANCE,"[220, 158]"
2019-06-28 11:58:00,HOLDINGS_UPDATED,"{'CASH': 19158065, 'JPM': -98}"
2019-06-28 11:59:00,BID_DEPTH,"[(100221, 341)]"
2019-06-28 11:59:00,ASK_DEPTH,"[(100274, 279)]"
2019-06-28 11:59:00,IMBALANCE,"[341, 279]"
2019-06-28 11:59:00,HOLDINGS_UPDATED,"{'CASH': 18456147, 'JPM': -91}"
2019-06-28 12:00:00,BID_DEPTH,"[(100106, 196)]"
2019-06-28 12:00:00,ASK_DEPTH,"[(100141, 134)]"
2019-06-28 12:00:00,IMBALANCE,"[196, 134]"
2019-06-28 12:00:00,HOLDINGS_UPDATED,"{'CASH': 17755160, 'JPM': -84}"
2019-06-28 12:01:00,BID_DEPTH,"[(100157, 264)]"
2019-06-28 12:01:00,ASK_DEPTH,"[(100296, 202)]"
2019-06-28 12:01:00,IMBALANCE,"[264, 202]"
2019-06-28 12:01:00,HOLDINGS_UPDATED,"{'CASH': 17053088, 'JPM': -77}"
2019-06-28 12:02:00,BID_DEPTH,"[(100296, 291)]"
2019-06-28 12:02:00,ASK_DEPTH,"[(100470, 279)]"
2019-06-28 12:02:00,IMBALANCE,"[291, 279]"
2019-06-28 12:02:00,HOLDINGS_UPDATED,"{'CASH': 16349798, 'JPM': -70}"
2019-06-28 12:03:00,BID_DEPTH,"[(100106, 196)]"
2019-06-28 12:03:00,ASK_DEPTH,"[(100296, 134)]"
2019-06-28 12:03:00,IMBALANCE,"[196, 134]"
2019-06-28 12:03:00,HOLDINGS_UPDATED,"{'CASH': 15647726, 'JPM': -63}"
2019-06-28 12:04:00,BID_DEPTH,"[(99728, 582)]"
2019-06-28 12:04:00,ASK_DEPTH,"[(100296, 620)]"
2019-06-28 12:04:00,IMBALANCE,"[582, 620]"
2019-06-28 12:04:00,HOLDINGS_UPDATED,"{'CASH': 14945654, 'JPM': -56}"
2019-06-28 12:05:00,BID_DEPTH,"[(99631, 196)]"
2019-06-28 12:05:00,ASK_DEPTH,"[(100295, 134)]"
2019-06-28 12:05:00,IMBALANCE,"[196, 134]"
2019-06-28 12:05:00,HOLDINGS_UPDATED,"{'CASH': 14243589, 'JPM': -49}"
2019-06-28 12:06:00,BID_DEPTH,"[(99583, 196)]"
2019-06-28 12:06:00,ASK_DEPTH,"[(100296, 220)]"
2019-06-28 12:06:00,IMBALANCE,"[196, 220]"
2019-06-28 12:06:00,HOLDINGS_UPDATED,"{'CASH': 13541517, 'JPM': -42}"
2019-06-28 12:07:00,BID_DEPTH,"[(99392, 134)]"
2019-06-28 12:07:00,ASK_DEPTH,"[(99487, 176)]"
2019-06-28 12:07:00,IMBALANCE,"[134, 176]"
2019-06-28 12:07:00,HOLDINGS_UPDATED,"{'CASH': 14237261, 'JPM': -49}"
2019-06-28 12:08:00,BID_DEPTH,"[(99342, 134)]"
2019-06-28 12:08:00,ASK_DEPTH,"[(99392, 114)]"
2019-06-28 12:08:00,IMBALANCE,"[134, 114]"
2019-06-28 12:08:00,HOLDINGS_UPDATED,"{'CASH': 14932655, 'JPM': -56}"
2019-06-28 12:09:00,BID_DEPTH,"[(99342, 279)]"
2019-06-28 12:09:00,ASK_DEPTH,"[(99487, 316)]"
2019-06-28 12:09:00,IMBALANCE,"[279, 316]"
2019-06-28 12:09:00,HOLDINGS_UPDATED,"{'CASH': 15628049, 'JPM': -63}"
2019-06-28 12:10:00,BID_DEPTH,"[(99307, 158)]"
2019-06-28 12:10:00,ASK_DEPTH,"[(99487, 190)]"
2019-06-28 12:10:00,IMBALANCE,"[158, 190]"
2019-06-28 12:10:00,HOLDINGS_UPDATED,"{'CASH': 16323198, 'JPM': -70}"
2019-06-28 12:11:00,BID_DEPTH,"[(99307, 158)]"
2019-06-28 12:11:00,ASK_DEPTH,"[(99866, 220)]"
2019-06-28 12:11:00,IMBALANCE,"[158, 220]"
2019-06-28 12:11:00,HOLDINGS_UPDATED,"{'CASH': 17018347, 'JPM': -77}"
2019-06-28 12:12:00,BID_DEPTH,"[(99191, 202)]"
2019-06-28 12:12:00,ASK_DEPTH,"[(99900, 264)]"
2019-06-28 12:12:00,IMBALANCE,"[202, 264]"
2019-06-28 12:12:00,HOLDINGS_UPDATED,"{'CASH': 17712684, 'JPM': -84}"
2019-06-28 12:13:00,BID_DEPTH,"[(99115, 520)]"
2019-06-28 12:13:00,ASK_DEPTH,"[(100234, 582)]"
2019-06-28 12:13:00,IMBALANCE,"[520, 582]"
2019-06-28 12:13:00,HOLDINGS_UPDATED,"{'CASH': 18406489, 'JPM': -91}"
2019-06-28 12:14:00,BID_DEPTH,"[(99115, 202)]"
2019-06-28 12:14:00,ASK_DEPTH,"[(100234, 259)]"
2019-06-28 12:14:00,IMBALANCE,"[202, 259]"
2019-06-28 12:14:00,HOLDINGS_UPDATED,"{'CASH': 19100294, 'JPM': -98}"
2019-06-28 12:15:00,BID_DEPTH,"[(99057, 234)]"
2019-06-28 12:15:00,ASK_DEPTH,"[(100234, 186)]"
2019-06-28 12:15:00,IMBALANCE,"[234, 186]"
2019-06-28 12:15:00,HOLDINGS_UPDATED,"{'CASH': 19793693, 'JPM': -105}"
2019-06-28 12:16:00,BID_DEPTH,"[(99057, 188)]"
2019-06-28 12:16:00,ASK_DEPTH,"[(100234, 249)]"
2019-06-28 12:16:00,IMBALANCE,"[188, 249]"
2019-06-28 12:16:00,HOLDINGS_UPDATED,"{'CASH': 20487092, 'JPM': -112}"
2019-06-28 12:17:00,BID_DEPTH,"[(99847, 279)]"
2019-06-28 12:17:00,ASK_DEPTH,"[(100234, 321)]"
2019-06-28 12:17:00,IMBALANCE,"[279, 321]"
2019-06-28 12:17:00,HOLDINGS_UPDATED,"{'CASH': 21186021, 'JPM': -119}"
2019-06-28 12:18:00,BID_DEPTH,"[(99473, 158)]"
2019-06-28 12:18:00,ASK_DEPTH,"[(100234, 195)]"
2019-06-28 12:18:00,IMBALANCE,"[158, 195]"
2019-06-28 12:18:00,HOLDINGS_UPDATED,"{'CASH': 21882332, 'JPM': -126}"
2019-06-28 12:19:00,BID_DEPTH,"[(99594, 134)]"
2019-06-28 12:19:00,ASK_DEPTH,"[(100234, 166)]"
2019-06-28 12:19:00,IMBALANCE,"[134, 166]"
2019-06-28 12:19:00,HOLDINGS_UPDATED,"{'CASH': 22579490, 'JPM': -133}"
2019-06-28 12:20:00,BID_DEPTH,"[(99392, 520)]"
2019-06-28 12:20:00,ASK_DEPTH,"[(99594, 500)]"
2019-06-28 12:20:00,IMBALANCE,"[520, 500]"
2019-06-28 12:20:00,HOLDINGS_UPDATED,"{'CASH': 23275234, 'JPM': -140}"
2019-06-28 12:21:00,BID_DEPTH,"[(99392, 520)]"
2019-06-28 12:21:00,ASK_DEPTH,"[(99594, 495)]"
2019-06-28 12:21:00,IMBALANCE,"[520, 495]"
2019-06-28 12:21:00,HOLDINGS_UPDATED,"{'CASH': 23970978, 'JPM': -147}"
2019-06-28 12:22:00,BID_DEPTH,"[(99392, 279)]"
2019-06-28 12:22:00,ASK_DEPTH,"[(99594, 249)]"
2019-06-28 12:22:00,IMBALANCE,"[279, 249]"
2019-06-28 12:22:00,HOLDINGS_UPDATED,"{'CASH': 24666722, 'JPM': -154}"
2019-06-28 12:23:00,BID_DEPTH,"[(99285, 279)]"
2019-06-28 12:23:00,ASK_DEPTH,"[(99594, 244)]"
2019-06-28 12:23:00,IMBALANCE,"[279, 244]"
2019-06-28 12:23:00,HOLDINGS_UPDATED,"{'CASH': 25361717, 'JPM': -161}"
2019-06-28 12:24:00,BID_DEPTH,"[(99249, 202)]"
2019-06-28 12:24:00,ASK_DEPTH,"[(99646, 264)]"
2019-06-28 12:24:00,IMBALANCE,"[202, 264]"
2019-06-28 12:24:00,HOLDINGS_UPDATED,"{'CASH': 26056460, 'JPM': -168}"
2019-06-28 12:25:00,BID_DEPTH,[]
2019-06-28 12:25:00,ASK_DEPTH,"[(98524, 100)]"
2019-06-28 12:25:00,IMBALANCE,"[0, 100]"
2019-06-28 12:26:00,BID_DEPTH,"[(98232, 134)]"
2019-06-28 12:26:00,ASK_DEPTH,"[(98398, 196)]"
2019-06-28 12:26:00,IMBALANCE,"[134, 196]"
2019-06-28 12:26:00,HOLDINGS_UPDATED,"{'CASH': 26744084, 'JPM': -175}"
2019-06-28 12:27:00,BID_DEPTH,"[(98232, 520)]"
2019-06-28 12:27:00,ASK_DEPTH,"[(98706, 582)]"
2019-06-28 12:27:00,IMBALANCE,"[520, 582]"
2019-06-28 12:27:00,HOLDINGS_UPDATED,"{'CASH': 27431708, 'JPM': -182}"
2019-06-28 12:28:00,BID_DEPTH,[]
2019-06-28 12:28:00,ASK_DEPTH,"[(99233, 100)]"
2019-06-28 12:28:00,IMBALANCE,"[0, 100]"
2019-06-28 12:29:00,BID_DEPTH,"[(98862, 202)]"
2019-06-28 12:29:00,ASK_DEPTH,"[(99233, 264)]"
2019-06-28 12:29:00,IMBALANCE,"[202, 264]"
2019-06-28 12:29:00,HOLDINGS_UPDATED,"{'CASH': 28123742, 'JPM': -189}"
2019-06-28 12:30:00,BID_DEPTH,"[(99043, 520)]"
2019-06-28 12:30:00,ASK_DEPTH,"[(99129, 582)]"
2019-06-28 12:30:00,IMBALANCE,"[520, 582]"
2019-06-28 12:30:00,HOLDINGS_UPDATED,"{'CASH': 28817043, 'JPM': -196}"
2019-06-28 12:31:00,BID_DEPTH,"[(98624, 279)]"
2019-06-28 12:31:00,ASK_DEPTH,"[(98833, 341)]"
2019-06-28 12:31:00,IMBALANCE,"[279, 341]"
2019-06-28 12:31:00,HOLDINGS_UPDATED,"{'CASH': 29507411, 'JPM': -203}"
2019-06-28 12:32:00,BID_DEPTH,"[(98624, 520)]"
2019-06-28 12:32:00,ASK_DEPTH,"[(98833, 582)]"
2019-06-28 12:32:00,IMBALANCE,"[520, 582]"
2019-06-28 12:32:00,HOLDINGS_UPDATED,"{'CASH': 30197779, 'JPM': -210}"
2019-06-28 12:33:00,BID_DEPTH,"[(98624, 158)]"
2019-06-28 12:33:00,ASK_DEPTH,"[(98833, 220)]"
2019-06-28 12:33:00,IMBALANCE,"[158, 220]"
2019-06-28 12:33:00,HOLDINGS_UPDATED,"{'CASH': 30888147, 'JPM': -217}"
2019-06-28 12:34:00,BID_DEPTH,"[(97735, 158)]"
2019-06-28 12:34:00,ASK_DEPTH,"[(98087, 220)]"
2019-06-28 12:34:00,IMBALANCE,"[158, 220]"
2019-06-28 12:34:00,HOLDINGS_UPDATED,"{'CASH': 31572292, 'JPM': -224}"
2019-06-28 12:35:00,BID_DEPTH,[]
2019-06-28 12:35:00,ASK_DEPTH,"[(98833, 100)]"
2019-06-28 12:35:00,IMBALANCE,"[0, 100]"
2019-06-28 12:36:00,BID_DEPTH,"[(98624, 158)]"
2019-06-28 12:36:00,ASK_DEPTH,"[(98885, 220)]"
2019-06-28 12:36:00,IMBALANCE,"[158, 220]"
2019-06-28 12:36:00,HOLDINGS_UPDATED,"{'CASH': 32262660, 'JPM': -231}"
2019-06-28 12:37:00,BID_DEPTH,[]
2019-06-28 12:37:00,ASK_DEPTH,"[(98885, 100)]"
2019-06-28 12:37:00,IMBALANCE,"[0, 100]"
2019-06-28 12:38:00,BID_DEPTH,[]
2019-06-28 12:38:00,ASK_DEPTH,"[(98885, 100)]"
2019-06-28 12:38:00,IMBALANCE,"[0, 100]"
2019-06-28 12:39:00,BID_DEPTH,"[(98624, 202)]"
2019-06-28 12:39:00,ASK_DEPTH,"[(99096, 264)]"
2019-06-28 12:39:00,IMBALANCE,"[202, 264]"
2019-06-28 12:39:00,HOLDINGS_UPDATED,"{'CASH': 32953028, 'JPM': -238}"
2019-06-28 12:40:00,BID_DEPTH,[]
2019-06-28 12:40:00,ASK_DEPTH,"[(99368, 100)]"
2019-06-28 12:40:00,IMBALANCE,"[0, 100]"
2019-06-28 12:41:00,BID_DEPTH,[]
2019-06-28 12:41:00,ASK_DEPTH,"[(99401, 100)]"
2019-06-28 12:41:00,IMBALANCE,"[0, 100]"
2019-06-28 12:42:00,BID_DEPTH,[]
2019-06-28 12:42:00,ASK_DEPTH,"[(99401, 100)]"
2019-06-28 12:42:00,IMBALANCE,"[0, 100]"
2019-06-28 12:43:00,BID_DEPTH,"[(99368, 158)]"
2019-06-28 12:43:00,ASK_DEPTH,"[(99545, 220)]"
2019-06-28 12:43:00,IMBALANCE,"[158, 220]"
2019-06-28 12:43:00,HOLDINGS_UPDATED,"{'CASH': 33648604, 'JPM': -245}"
2019-06-28 12:44:00,BID_DEPTH,"[(99368, 158)]"
2019-06-28 12:44:00,ASK_DEPTH,"[(99924, 220)]"
2019-06-28 12:44:00,IMBALANCE,"[158, 220]"
2019-06-28 12:44:00,HOLDINGS_UPDATED,"{'CASH': 34344180, 'JPM': -252}"
2019-06-28 12:45:00,BID_DEPTH,[]
2019-06-28 12:45:00,ASK_DEPTH,"[(99992, 100)]"
2019-06-28 12:45:00,IMBALANCE,"[0, 100]"
2019-06-28 12:46:00,BID_DEPTH,"[(99933, 134)]"
2019-06-28 12:46:00,ASK_DEPTH,"[(99998, 196)]"
2019-06-28 12:46:00,IMBALANCE,"[134, 196]"
2019-06-28 12:46:00,HOLDINGS_UPDATED,"{'CASH': 35043711, 'JPM': -259}"
2019-06-28 12:47:00,BID_DEPTH,"[(99823, 202)]"
2019-06-28 12:47:00,ASK_DEPTH,"[(99998, 264)]"
2019-06-28 12:47:00,IMBALANCE,"[202, 264]"
2019-06-28 12:47:00,HOLDINGS_UPDATED,"{'CASH': 35742472, 'JPM': -266}"
2019-06-28 12:48:00,BID_DEPTH,"[(99823, 134)]"
2019-06-28 12:48:00,ASK_DEPTH,"[(99998, 196)]"
2019-06-28 12:48:00,IMBALANCE,"[134, 196]"
2019-06-28 12:48:00,HOLDINGS_UPDATED,"{'CASH': 36441233, 'JPM': -273}"
2019-06-28 12:49:00,BID_DEPTH,"[(99823, 134)]"
2019-06-28 12:49:00,ASK_DEPTH,"[(100018, 196)]"
2019-06-28 12:49:00,IMBALANCE,"[134, 196]"
2019-06-28 12:49:00,HOLDINGS_UPDATED,"{'CASH': 37139994, 'JPM': -280}"
2019-06-28 12:50:00,BID_DEPTH,"[(99824, 520)]"
2019-06-28 12:50:00,ASK_DEPTH,"[(99873, 582)]"
2019-06-28 12:50:00,IMBALANCE,"[520, 582]"
2019-06-28 12:50:00,HOLDINGS_UPDATED,"{'CASH': 37838762, 'JPM': -287}"
2019-06-28 12:51:00,BID_DEPTH,"[(99808, 279)]"
2019-06-28 12:51:00,ASK_DEPTH,"[(100018, 341)]"
2019-06-28 12:51:00,IMBALANCE,"[279, 341]"
2019-06-28 12:51:00,HOLDINGS_UPDATED,"{'CASH': 38537418, 'JPM': -294}"
2019-06-28 12:52:00,BID_DEPTH,"[(99808, 479)]"
2019-06-28 12:52:00,ASK_DEPTH,"[(100041, 341)]"
2019-06-28 12:52:00,IMBALANCE,"[479, 341]"
2019-06-28 12:52:00,HOLDINGS_UPDATED,"{'CASH': 39236074, 'JPM': -301}"
2019-06-28 12:53:00,BID_DEPTH,"[(99808, 283)]"
2019-06-28 12:53:00,ASK_DEPTH,"[(100041, 264)]"
2019-06-28 12:53:00,IMBALANCE,"[283, 264]"
2019-06-28 12:53:00,HOLDINGS_UPDATED,"{'CASH': 39934730, 'JPM': -308}"
2019-06-28 12:54:00,BID_DEPTH,"[(99808, 482)]"
2019-06-28 12:54:00,ASK_DEPTH,"[(100060, 582)]"
2019-06-28 12:54:00,IMBALANCE,"[482, 582]"
2019-06-28 12:54:00,HOLDINGS_UPDATED,"{'CASH': 40633386, 'JPM': -315}"
2019-06-28 12:55:00,BID_DEPTH,"[(99801, 158)]"
2019-06-28 12:55:00,ASK_DEPTH,"[(100370, 220)]"
2019-06-28 12:55:00,IMBALANCE,"[158, 220]"
2019-06-28 12:55:00,HOLDINGS_UPDATED,"{'CASH': 41331993, 'JPM': -322}"
2019-06-28 12:56:00,BID_DEPTH,"[(99730, 158)]"
2019-06-28 12:56:00,ASK_DEPTH,"[(100370, 220)]"
2019-06-28 12:56:00,IMBALANCE,"[158, 220]"
2019-06-28 12:56:00,HOLDINGS_UPDATED,"{'CASH': 42030103, 'JPM': -329}"
2019-06-28 12:57:00,BID_DEPTH,"[(99730, 520)]"
2019-06-28 12:57:00,ASK_DEPTH,"[(100602, 582)]"
2019-06-28 12:57:00,IMBALANCE,"[520, 582]"
2019-06-28 12:57:00,HOLDINGS_UPDATED,"{'CASH': 42728213, 'JPM': -336}"
2019-06-28 12:58:00,BID_DEPTH,"[(99573, 264)]"
2019-06-28 12:58:00,ASK_DEPTH,"[(100649, 202)]"
2019-06-28 12:58:00,IMBALANCE,"[264, 202]"
2019-06-28 12:58:00,HOLDINGS_UPDATED,"{'CASH': 42023670, 'JPM': -329}"
2019-06-28 12:59:00,BID_DEPTH,"[(100478, 196)]"
2019-06-28 12:59:00,ASK_DEPTH,"[(100651, 134)]"
2019-06-28 12:59:00,IMBALANCE,"[196, 134]"
2019-06-28 12:59:00,HOLDINGS_UPDATED,"{'CASH': 41319113, 'JPM': -322}"
2019-06-28 13:00:00,BID_DEPTH,"[(99573, 577)]"
2019-06-28 13:00:00,ASK_DEPTH,"[(100675, 520)]"
2019-06-28 13:00:00,IMBALANCE,"[577, 520]"
2019-06-28 13:00:00,HOLDINGS_UPDATED,"{'CASH': 40614388, 'JPM': -315}"
2019-06-28 13:01:00,BID_DEPTH,"[(100604, 582)]"
2019-06-28 13:01:00,ASK_DEPTH,"[(100702, 520)]"
2019-06-28 13:01:00,IMBALANCE,"[582, 520]"
2019-06-28 13:01:00,HOLDINGS_UPDATED,"{'CASH': 39909474, 'JPM': -308}"
2019-06-28 13:02:00,BID_DEPTH,"[(100604, 191)]"
2019-06-28 13:02:00,ASK_DEPTH,"[(100901, 134)]"
2019-06-28 13:02:00,IMBALANCE,"[191, 134]"
2019-06-28 13:02:00,HOLDINGS_UPDATED,"{'CASH': 39203167, 'JPM': -301}"
2019-06-28 13:03:00,BID_DEPTH,"[(100592, 196)]"
2019-06-28 13:03:00,ASK_DEPTH,"[(100988, 134)]"
2019-06-28 13:03:00,IMBALANCE,"[196, 134]"
2019-06-28 13:03:00,HOLDINGS_UPDATED,"{'CASH': 38496251, 'JPM': -294}"
2019-06-28 13:04:00,BID_DEPTH,"[(100592, 215)]"
2019-06-28 13:04:00,ASK_DEPTH,"[(100988, 258)]"
2019-06-28 13:04:00,IMBALANCE,"[215, 258]"
2019-06-28 13:04:00,HOLDINGS_UPDATED,"{'CASH': 37789335, 'JPM': -287}"
2019-06-28 13:05:00,BID_DEPTH,"[(100592, 572)]"
2019-06-28 13:05:00,ASK_DEPTH,"[(100988, 606)]"
2019-06-28 13:05:00,IMBALANCE,"[572, 606]"
2019-06-28 13:05:00,HOLDINGS_UPDATED,"{'CASH': 37082419, 'JPM': -280}"
2019-06-28 13:06:00,BID_DEPTH,"[(100578, 196)]"
2019-06-28 13:06:00,ASK_DEPTH,"[(100592, 134)]"
2019-06-28 13:06:00,IMBALANCE,"[196, 134]"
2019-06-28 13:06:00,HOLDINGS_UPDATED,"{'CASH': 36378275, 'JPM': -273}"
2019-06-28 13:07:00,BID_DEPTH,"[(100285, 196)]"
2019-06-28 13:07:00,ASK_DEPTH,"[(100988, 106)]"
2019-06-28 13:07:00,IMBALANCE,"[196, 106]"
2019-06-28 13:07:00,HOLDINGS_UPDATED,"{'CASH': 35671359, 'JPM': -266}"
2019-06-28 13:08:00,BID_DEPTH,"[(100080, 264)]"
2019-06-28 13:08:00,ASK_DEPTH,"[(101000, 202)]"
2019-06-28 13:08:00,IMBALANCE,"[264, 202]"
2019-06-28 13:08:00,HOLDINGS_UPDATED,"{'CASH': 34964359, 'JPM': -259}"
2019-06-28 13:09:00,BID_DEPTH,"[(100040, 196)]"
2019-06-28 13:09:00,ASK_DEPTH,"[(101000, 134)]"
2019-06-28 13:09:00,IMBALANCE,"[196, 134]"
2019-06-28 13:09:00,HOLDINGS_UPDATED,"{'CASH': 34257359, 'JPM': -252}"
2019-06-28 13:10:00,BID_DEPTH,"[(100018, 196)]"
2019-06-28 13:10:00,ASK_DEPTH,"[(101152, 134)]"
2019-06-28 13:10:00,IMBALANCE,"[196, 134]"
2019-06-28 13:10:00,HOLDINGS_UPDATED,"{'CASH': 33549295, 'JPM': -245}"
2019-06-28 13:11:00,BID_DEPTH,"[(99859, 220)]"
2019-06-28 13:11:00,ASK_DEPTH,"[(99996, 158)]"
2019-06-28 13:11:00,IMBALANCE,"[220, 158]"
2019-06-28 13:11:00,HOLDINGS_UPDATED,"{'CASH': 32849323, 'JPM': -238}"
2019-06-28 13:12:00,BID_DEPTH,"[(100090, 582)]"
2019-06-28 13:12:00,ASK_DEPTH,"[(100112, 520)]"
2019-06-28 13:12:00,IMBALANCE,"[582, 520]"
2019-06-28 13:12:00,HOLDINGS_UPDATED,"{'CASH': 32148539, 'JPM': -231}"
2019-06-28 13:13:00,BID_DEPTH,"[(99871, 100)]"
2019-06-28 13:13:00,ASK_DEPTH,[]
2019-06-28 13:13:00,IMBALANCE,"[100, 0]"
2019-06-28 13:14:00,BID_DEPTH,"[(99815, 264)]"
2019-06-28 13:14:00,ASK_DEPTH,"[(100354, 202)]"
2019-06-28 13:14:00,IMBALANCE,"[264, 202]"
2019-06-28 13:14:00,HOLDINGS_UPDATED,"{'CASH': 31446061, 'JPM': -224}"
2019-06-28 13:15:00,BID_DEPTH,"[(100159, 100)]"
2019-06-28 13:15:00,ASK_DEPTH,[]
2019-06-28 13:15:00,IMBALANCE,"[100, 0]"
2019-06-28 13:16:00,BID_DEPTH,"[(100065, 196)]"
2019-06-28 13:16:00,ASK_DEPTH,"[(100268, 134)]"
2019-06-28 13:16:00,IMBALANCE,"[196, 134]"
2019-06-28 13:16:00,HOLDINGS_UPDATED,"{'CASH': 30744185, 'JPM': -217}"
2019-06-28 13:17:00,BID_DEPTH,"[(100083, 582)]"
2019-06-28 13:17:00,ASK_DEPTH,"[(100268, 520)]"
2019-06-28 13:17:00,IMBALANCE,"[582, 520]"
2019-06-28 13:17:00,HOLDINGS_UPDATED,"{'CASH': 30042309, 'JPM': -210}"
2019-06-28 13:18:00,BID_DEPTH,"[(100083, 582)]"
2019-06-28 13:18:00,ASK_DEPTH,"[(100268, 620)]"
2019-06-28 13:18:00,IMBALANCE,"[582, 620]"
2019-06-28 13:18:00,HOLDINGS_UPDATED,"{'CASH': 29340433, 'JPM': -203}"
2019-06-28 13:19:00,BID_DEPTH,"[(100065, 341)]"
2019-06-28 13:19:00,ASK_DEPTH,"[(100268, 465)]"
2019-06-28 13:19:00,IMBALANCE,"[341, 465]"
2019-06-28 13:19:00,HOLDINGS_UPDATED,"{'CASH': 28638557, 'JPM': -196}"
2019-06-28 13:20:00,BID_DEPTH,"[(100065, 196)]"
2019-06-28 13:20:00,ASK_DEPTH,"[(100350, 134)]"
2019-06-28 13:20:00,IMBALANCE,"[196, 134]"
2019-06-28 13:20:00,HOLDINGS_UPDATED,"{'CASH': 27936107, 'JPM': -189}"
2019-06-28 13:21:00,BID_DEPTH,"[(100350, 182)]"
2019-06-28 13:21:00,ASK_DEPTH,"[(101291, 202)]"
2019-06-28 13:21:00,IMBALANCE,"[182, 202]"
2019-06-28 13:21:00,HOLDINGS_UPDATED,"{'CASH': 27227070, 'JPM': -182}"
2019-06-28 13:22:00,BID_DEPTH,"[(100350, 18)]"
2019-06-28 13:22:00,ASK_DEPTH,[]
2019-06-28 13:22:00,IMBALANCE,"[18, 0]"
2019-06-28 13:23:00,BID_DEPTH,"[(100761, 220)]"
2019-06-28 13:23:00,ASK_DEPTH,"[(101056, 158)]"
2019-06-28 13:23:00,IMBALANCE,"[220, 158]"
2019-06-28 13:23:00,HOLDINGS_UPDATED,"{'CASH': 26519678, 'JPM': -175}"
2019-06-28 13:24:00,BID_DEPTH,"[(100761, 220)]"
2019-06-28 13:24:00,ASK_DEPTH,"[(101056, 258)]"
2019-06-28 13:24:00,IMBALANCE,"[220, 258]"
2019-06-28 13:24:00,HOLDINGS_UPDATED,"{'CASH': 25812286, 'JPM': -168}"
2019-06-28 13:25:00,BID_DEPTH,"[(100761, 196)]"
2019-06-28 13:25:00,ASK_DEPTH,"[(101056, 120)]"
2019-06-28 13:25:00,IMBALANCE,"[196, 120]"
2019-06-28 13:25:00,HOLDINGS_UPDATED,"{'CASH': 25104894, 'JPM': -161}"
2019-06-28 13:26:00,BID_DEPTH,"[(101056, 682)]"
2019-06-28 13:26:00,ASK_DEPTH,"[(101195, 520)]"
2019-06-28 13:26:00,IMBALANCE,"[682, 520]"
2019-06-28 13:26:00,HOLDINGS_UPDATED,"{'CASH': 24396529, 'JPM': -154}"
2019-06-28 13:27:00,BID_DEPTH,"[(101361, 220)]"
2019-06-28 13:27:00,ASK_DEPTH,"[(101989, 158)]"
2019-06-28 13:27:00,IMBALANCE,"[220, 158]"
2019-06-28 13:27:00,HOLDINGS_UPDATED,"{'CASH': 23682606, 'JPM': -147}"
2019-06-28 13:28:00,BID_DEPTH,"[(101373, 196)]"
2019-06-28 13:28:00,ASK_DEPTH,"[(102116, 134)]"
2019-06-28 13:28:00,IMBALANCE,"[196, 134]"
2019-06-28 13:28:00,HOLDINGS_UPDATED,"{'CASH': 22967794, 'JPM': -140}"
2019-06-28 13:29:00,BID_DEPTH,"[(101237, 582)]"
2019-06-28 13:29:00,ASK_DEPTH,"[(101627, 520)]"
2019-06-28 13:29:00,IMBALANCE,"[582, 520]"
2019-06-28 13:29:00,HOLDINGS_UPDATED,"{'CASH': 22256405, 'JPM': -133}"
2019-06-28 13:30:00,BID_DEPTH,"[(101195, 220)]"
2019-06-28 13:30:00,ASK_DEPTH,"[(101965, 158)]"
2019-06-28 13:30:00,IMBALANCE,"[220, 158]"
2019-06-28 13:30:00,HOLDINGS_UPDATED,"{'CASH': 21542650, 'JPM': -126}"
2019-06-28 13:31:00,BID_DEPTH,"[(101195, 220)]"
2019-06-28 13:31:00,ASK_DEPTH,"[(101965, 158)]"
2019-06-28 13:31:00,IMBALANCE,"[220, 158]"
2019-06-28 13:31:00,HOLDINGS_UPDATED,"{'CASH': 20828895, 'JPM': -119}"
2019-06-28 13:32:00,BID_DEPTH,"[(101195, 196)]"
2019-06-28 13:32:00,ASK_DEPTH,"[(101236, 134)]"
2019-06-28 13:32:00,IMBALANCE,"[196, 134]"
2019-06-28 13:32:00,HOLDINGS_UPDATED,"{'CASH': 20120243, 'JPM': -112}"
2019-06-28 13:33:00,BID_DEPTH,"[(101123, 220)]"
2019-06-28 13:33:00,ASK_DEPTH,"[(101965, 258)]"
2019-06-28 13:33:00,IMBALANCE,"[220, 258]"
2019-06-28 13:33:00,HOLDINGS_UPDATED,"{'CASH': 19406488, 'JPM': -105}"
2019-06-28 13:34:00,BID_DEPTH,"[(101077, 582)]"
2019-06-28 13:34:00,ASK_DEPTH,"[(101965, 506)]"
2019-06-28 13:34:00,IMBALANCE,"[582, 506]"
2019-06-28 13:34:00,HOLDINGS_UPDATED,"{'CASH': 18692733, 'JPM': -98}"
2019-06-28 13:35:00,BID_DEPTH,"[(100761, 100)]"
2019-06-28 13:35:00,ASK_DEPTH,[]
2019-06-28 13:35:00,IMBALANCE,"[100, 0]"
2019-06-28 13:36:00,BID_DEPTH,"[(100464, 196)]"
2019-06-28 13:36:00,ASK_DEPTH,"[(100989, 134)]"
2019-06-28 13:36:00,IMBALANCE,"[196, 134]"
2019-06-28 13:36:00,HOLDINGS_UPDATED,"{'CASH': 17985810, 'JPM': -91}"
2019-06-28 13:37:00,BID_DEPTH,"[(100065, 196)]"
2019-06-28 13:37:00,ASK_DEPTH,"[(100989, 134)]"
2019-06-28 13:37:00,IMBALANCE,"[196, 134]"
2019-06-28 13:37:00,HOLDINGS_UPDATED,"{'CASH': 17278887, 'JPM': -84}"
2019-06-28 13:38:00,BID_DEPTH,"[(99865, 264)]"
2019-06-28 13:38:00,ASK_DEPTH,"[(101056, 202)]"
2019-06-28 13:38:00,IMBALANCE,"[264, 202]"
2019-06-28 13:38:00,HOLDINGS_UPDATED,"{'CASH': 16571495, 'JPM': -77}"
2019-06-28 13:39:00,BID_DEPTH,"[(100423, 196)]"
2019-06-28 13:39:00,ASK_DEPTH,"[(100548, 134)]"
2019-06-28 13:39:00,IMBALANCE,"[196, 134]"
2019-06-28 13:39:00,HOLDINGS_UPDATED,"{'CASH': 15867659, 'JPM': -70}"
2019-06-28 13:40:00,BID_DEPTH,"[(100224, 220)]"
2019-06-28 13:40:00,ASK_DEPTH,"[(100548, 158)]"
2019-06-28 13:40:00,IMBALANCE,"[220, 158]"
2019-06-28 13:40:00,HOLDINGS_UPDATED,"{'CASH': 15163823, 'JPM': -63}"
2019-06-28 13:41:00,BID_DEPTH,"[(100224, 196)]"
2019-06-28 13:41:00,ASK_DEPTH,"[(100548, 134)]"
2019-06-28 13:41:00,IMBALANCE,"[196, 134]"
2019-06-28 13:41:00,HOLDINGS_UPDATED,"{'CASH': 14459987, 'JPM': -56}"
2019-06-28 13:42:00,BID_DEPTH,"[(99865, 264)]"
2019-06-28 13:42:00,ASK_DEPTH,"[(100548, 202)]"
2019-06-28 13:42:00,IMBALANCE,"[264, 202]"
2019-06-28 13:42:00,HOLDINGS_UPDATED,"{'CASH': 13756151, 'JPM': -49}"
2019-06-28 13:43:00,BID_DEPTH,"[(99837, 220)]"
2019-06-28 13:43:00,ASK_DEPTH,"[(100823, 158)]"
2019-06-28 13:43:00,IMBALANCE,"[220, 158]"
2019-06-28 13:43:00,HOLDINGS_UPDATED,"{'CASH': 13050390, 'JPM': -42}"
2019-06-28 13:44:00,BID_DEPTH,"[(99775, 220)]"
2019-06-28 13:44:00,ASK_DEPTH,"[(100822, 158)]"
2019-06-28 13:44:00,IMBALANCE,"[220, 158]"
2019-06-28 13:44:00,HOLDINGS_UPDATED,"{'CASH': 12344636, 'JPM': -35}"
2019-06-28 13:45:00,BID_DEPTH,"[(99775, 264)]"
2019-06-28 13:45:00,ASK_DEPTH,"[(100823, 202)]"
2019-06-28 13:45:00,IMBALANCE,"[264, 202]"
2019-06-28 13:45:00,HOLDINGS_UPDATED,"{'CASH': 11638875, 'JPM': -28}"
2019-06-28 13:46:00,BID_DEPTH,"[(99916, 264)]"
2019-06-28 13:46:00,ASK_DEPTH,"[(100823, 302)]"
2019-06-28 13:46:00,IMBALANCE,"[264, 302]"
2019-06-28 13:46:00,HOLDINGS_UPDATED,"{'CASH': 10933114, 'JPM': -21}"
2019-06-28 13:47:00,BID_DEPTH,"[(99857, 264)]"
2019-06-28 13:47:00,ASK_DEPTH,"[(100823, 288)]"
2019-06-28 13:47:00,IMBALANCE,"[264, 288]"
2019-06-28 13:47:00,HOLDINGS_UPDATED,"{'CASH': 10227353, 'JPM': -14}"
2019-06-28 13:48:00,BID_DEPTH,"[(99857, 196)]"
2019-06-28 13:48:00,ASK_DEPTH,"[(100297, 134)]"
2019-06-28 13:48:00,IMBALANCE,"[196, 134]"
2019-06-28 13:48:00,HOLDINGS_UPDATED,"{'CASH': 9525274, 'JPM': -7}"
2019-06-28 13:49:00,BID_DEPTH,"[(99857, 220)]"
2019-06-28 13:49:00,ASK_DEPTH,"[(99981, 158)]"
2019-06-28 13:49:00,IMBALANCE,"[220, 158]"
2019-06-28 13:49:00,HOLDINGS_UPDATED,{'CASH': 8825407}
2019-06-28 13:50:00,BID_DEPTH,"[(99899, 341)]"
2019-06-28 13:50:00,ASK_DEPTH,"[(99981, 279)]"
2019-06-28 13:50:00,IMBALANCE,"[341, 279]"
2019-06-28 13:50:00,HOLDINGS_UPDATED,"{'CASH': 8125540, 'JPM': 7}"
2019-06-28 13:51:00,BID_DEPTH,"[(99899, 520)]"
2019-06-28 13:51:00,ASK_DEPTH,"[(100297, 582)]"
2019-06-28 13:51:00,IMBALANCE,"[520, 582]"
2019-06-28 13:51:00,HOLDINGS_UPDATED,{'CASH': 8824833}
2019-06-28 13:52:00,BID_DEPTH,"[(99857, 202)]"
2019-06-28 13:52:00,ASK_DEPTH,"[(100141, 264)]"
2019-06-28 13:52:00,IMBALANCE,"[202, 264]"
2019-06-28 13:52:00,HOLDINGS_UPDATED,"{'CASH': 9523832, 'JPM': -7}"
2019-06-28 13:53:00,BID_DEPTH,"[(99775, 279)]"
2019-06-28 13:53:00,ASK_DEPTH,"[(100141, 336)]"
2019-06-28 13:53:00,IMBALANCE,"[279, 336]"
2019-06-28 13:53:00,HOLDINGS_UPDATED,"{'CASH': 10222257, 'JPM': -14}"
2019-06-28 13:54:00,BID_DEPTH,"[(99690, 620)]"
2019-06-28 13:54:00,ASK_DEPTH,"[(99775, 582)]"
2019-06-28 13:54:00,IMBALANCE,"[620, 582]"
2019-06-28 13:54:00,HOLDINGS_UPDATED,"{'CASH': 10920087, 'JPM': -21}"
2019-06-28 13:55:00,BID_DEPTH,"[(99690, 506)]"
2019-06-28 13:55:00,ASK_DEPTH,"[(99775, 677)]"
2019-06-28 13:55:00,IMBALANCE,"[506, 677]"
2019-06-28 13:55:00,HOLDINGS_UPDATED,"{'CASH': 11617917, 'JPM': -28}"
2019-06-28 13:56:00,BID_DEPTH,"[(99616, 620)]"
2019-06-28 13:56:00,ASK_DEPTH,"[(99775, 972)]"
2019-06-28 13:56:00,IMBALANCE,"[620, 972]"
2019-06-28 13:56:00,HOLDINGS_UPDATED,"{'CASH': 12315229, 'JPM': -35}"
2019-06-28 13:57:00,BID_DEPTH,"[(99574, 520)]"
2019-06-28 13:57:00,ASK_DEPTH,"[(99774, 582)]"
2019-06-28 13:57:00,IMBALANCE,"[520, 582]"
2019-06-28 13:57:00,HOLDINGS_UPDATED,"{'CASH': 13012247, 'JPM': -42}"
2019-06-28 13:58:00,BID_DEPTH,"[(99461, 158)]"
2019-06-28 13:58:00,ASK_DEPTH,"[(99774, 215)]"
2019-06-28 13:58:00,IMBALANCE,"[158, 215]"
2019-06-28 13:58:00,HOLDINGS_UPDATED,"{'CASH': 13708474, 'JPM': -49}"
2019-06-28 13:59:00,BID_DEPTH,"[(99386, 520)]"
2019-06-28 13:59:00,ASK_DEPTH,"[(99774, 572)]"
2019-06-28 13:59:00,IMBALANCE,"[520, 572]"
2019-06-28 13:59:00,HOLDINGS_UPDATED,"{'CASH': 14404176, 'JPM': -56}"
2019-06-28 14:00:00,BID_DEPTH,"[(99366, 279)]"
2019-06-28 14:00:00,ASK_DEPTH,"[(99774, 426)]"
2019-06-28 14:00:00,IMBALANCE,"[279, 426]"
2019-06-28 14:00:00,HOLDINGS_UPDATED,"{'CASH': 15099738, 'JPM': -63}"
2019-06-28 14:01:00,BID_DEPTH,"[(99334, 134)]"
2019-06-28 14:01:00,ASK_DEPTH,"[(99774, 276)]"
2019-06-28 14:01:00,IMBALANCE,"[134, 276]"
2019-06-28 14:01:00,HOLDINGS_UPDATED,"{'CASH': 15795076, 'JPM': -70}"
2019-06-28 14:02:00,BID_DEPTH,"[(98691, 279)]"
2019-06-28 14:02:00,ASK_DEPTH,"[(99334, 259)]"
2019-06-28 14:02:00,IMBALANCE,"[279, 259]"
2019-06-28 14:02:00,HOLDINGS_UPDATED,"{'CASH': 16485913, 'JPM': -77}"
2019-06-28 14:03:00,BID_DEPTH,"[(98691, 134)]"
2019-06-28 14:03:00,ASK_DEPTH,"[(99334, 109)]"
2019-06-28 14:03:00,IMBALANCE,"[134, 109]"
2019-06-28 14:03:00,HOLDINGS_UPDATED,"{'CASH': 17176750, 'JPM': -84}"
2019-06-28 14:04:00,BID_DEPTH,"[(98691, 279)]"
2019-06-28 14:04:00,ASK_DEPTH,"[(99334, 249)]"
2019-06-28 14:04:00,IMBALANCE,"[279, 249]"
2019-06-28 14:04:00,HOLDINGS_UPDATED,"{'CASH': 17867587, 'JPM': -91}"
2019-06-28 14:05:00,BID_DEPTH,"[(98613, 158)]"
2019-06-28 14:05:00,ASK_DEPTH,"[(99775, 205)]"
2019-06-28 14:05:00,IMBALANCE,"[158, 205]"
2019-06-28 14:05:00,HOLDINGS_UPDATED,"{'CASH': 18557878, 'JPM': -98}"
2019-06-28 14:06:00,BID_DEPTH,"[(98269, 134)]"
2019-06-28 14:06:00,ASK_DEPTH,"[(99840, 196)]"
2019-06-28 14:06:00,IMBALANCE,"[134, 196]"
2019-06-28 14:06:00,HOLDINGS_UPDATED,"{'CASH': 19245761, 'JPM': -105}"
2019-06-28 14:07:00,BID_DEPTH,[]
2019-06-28 14:07:00,ASK_DEPTH,"[(99840, 95)]"
2019-06-28 14:07:00,IMBALANCE,"[0, 95]"
2019-06-28 14:08:00,BID_DEPTH,"[(99640, 134)]"
2019-06-28 14:08:00,ASK_DEPTH,"[(99706, 196)]"
2019-06-28 14:08:00,IMBALANCE,"[134, 196]"
2019-06-28 14:08:00,HOLDINGS_UPDATED,"{'CASH': 19943241, 'JPM': -112}"
2019-06-28 14:09:00,BID_DEPTH,"[(99665, 158)]"
2019-06-28 14:09:00,ASK_DEPTH,"[(99706, 215)]"
2019-06-28 14:09:00,IMBALANCE,"[158, 215]"
2019-06-28 14:09:00,HOLDINGS_UPDATED,"{'CASH': 20640896, 'JPM': -119}"
2019-06-28 14:10:00,BID_DEPTH,"[(99640, 279)]"
2019-06-28 14:10:00,ASK_DEPTH,"[(99665, 341)]"
2019-06-28 14:10:00,IMBALANCE,"[279, 341]"
2019-06-28 14:10:00,HOLDINGS_UPDATED,"{'CASH': 21338376, 'JPM': -126}"
2019-06-28 14:11:00,BID_DEPTH,"[(99169, 134)]"
2019-06-28 14:11:00,ASK_DEPTH,"[(99516, 196)]"
2019-06-28 14:11:00,IMBALANCE,"[134, 196]"
2019-06-28 14:11:00,HOLDINGS_UPDATED,"{'CASH': 22032559, 'JPM': -133}"
2019-06-28 14:12:00,BID_DEPTH,"[(98908, 202)]"
2019-06-28 14:12:00,ASK_DEPTH,"[(99041, 264)]"
2019-06-28 14:12:00,IMBALANCE,"[202, 264]"
2019-06-28 14:12:00,HOLDINGS_UPDATED,"{'CASH': 22724915, 'JPM': -140}"
2019-06-28 14:13:00,BID_DEPTH,"[(98908, 134)]"
2019-06-28 14:13:00,ASK_DEPTH,"[(99063, 196)]"
2019-06-28 14:13:00,IMBALANCE,"[134, 196]"
2019-06-28 14:13:00,HOLDINGS_UPDATED,"{'CASH': 23417271, 'JPM': -147}"
2019-06-28 14:14:00,BID_DEPTH,"[(98871, 158)]"
2019-06-28 14:14:00,ASK_DEPTH,"[(98908, 138)]"
2019-06-28 14:14:00,IMBALANCE,"[158, 138]"
2019-06-28 14:14:00,HOLDINGS_UPDATED,"{'CASH': 24109368, 'JPM': -154}"
2019-06-28 14:15:00,BID_DEPTH,"[(98870, 279)]"
2019-06-28 14:15:00,ASK_DEPTH,"[(99063, 341)]"
2019-06-28 14:15:00,IMBALANCE,"[279, 341]"
2019-06-28 14:15:00,HOLDINGS_UPDATED,"{'CASH': 24801458, 'JPM': -161}"
2019-06-28 14:16:00,BID_DEPTH,"[(98090, 158)]"
2019-06-28 14:16:00,ASK_DEPTH,"[(99063, 220)]"
2019-06-28 14:16:00,IMBALANCE,"[158, 220]"
2019-06-28 14:16:00,HOLDINGS_UPDATED,"{'CASH': 25488088, 'JPM': -168}"
2019-06-28 14:17:00,BID_DEPTH,"[(97613, 279)]"
2019-06-28 14:17:00,ASK_DEPTH,"[(99063, 341)]"
2019-06-28 14:17:00,IMBALANCE,"[279, 341]"
2019-06-28 14:17:00,HOLDINGS_UPDATED,"{'CASH': 26171379, 'JPM': -175}"
2019-06-28 14:18:00,BID_DEPTH,"[(97613, 520)]"
2019-06-28 14:18:00,ASK_DEPTH,"[(99030, 582)]"
2019-06-28 14:18:00,IMBALANCE,"[520, 582]"
2019-06-28 14:18:00,HOLDINGS_UPDATED,"{'CASH': 26854670, 'JPM': -182}"
2019-06-28 14:19:00,BID_DEPTH,"[(98909, 158)]"
2019-06-28 14:19:00,ASK_DEPTH,"[(99030, 220)]"
2019-06-28 14:19:00,IMBALANCE,"[158, 220]"
2019-06-28 14:19:00,HOLDINGS_UPDATED,"{'CASH': 27547033, 'JPM': -189}"
2019-06-28 14:20:00,BID_DEPTH,"[(98909, 279)]"
2019-06-28 14:20:00,ASK_DEPTH,"[(99164, 341)]"
2019-06-28 14:20:00,IMBALANCE,"[279, 341]"
2019-06-28 14:20:00,HOLDINGS_UPDATED,"{'CASH': 28239396, 'JPM': -196}"
2019-06-28 14:21:00,BID_DEPTH,"[(97613, 234)]"
2019-06-28 14:21:00,ASK_DEPTH,"[(99228, 196)]"
2019-06-28 14:21:00,IMBALANCE,"[234, 196]"
2019-06-28 14:21:00,HOLDINGS_UPDATED,"{'CASH': 28922687, 'JPM': -203}"
2019-06-28 14:22:00,BID_DEPTH,"[(98977, 134)]"
2019-06-28 14:22:00,ASK_DEPTH,"[(99228, 196)]"
2019-06-28 14:22:00,IMBALANCE,"[134, 196]"
2019-06-28 14:22:00,HOLDINGS_UPDATED,"{'CASH': 29615526, 'JPM': -210}"
2019-06-28 14:23:00,BID_DEPTH,"[(98461, 134)]"
2019-06-28 14:23:00,ASK_DEPTH,"[(99228, 196)]"
2019-06-28 14:23:00,IMBALANCE,"[134, 196]"
2019-06-28 14:23:00,HOLDINGS_UPDATED,"{'CASH': 30304753, 'JPM': -217}"
2019-06-28 14:24:00,BID_DEPTH,"[(99108, 158)]"
2019-06-28 14:24:00,ASK_DEPTH,"[(99262, 220)]"
2019-06-28 14:24:00,IMBALANCE,"[158, 220]"
2019-06-28 14:24:00,HOLDINGS_UPDATED,"{'CASH': 30998509, 'JPM': -224}"
2019-06-28 14:25:00,BID_DEPTH,"[(97613, 120)]"
2019-06-28 14:25:00,ASK_DEPTH,"[(99262, 196)]"
2019-06-28 14:25:00,IMBALANCE,"[120, 196]"
2019-06-28 14:25:00,HOLDINGS_UPDATED,"{'CASH': 31681800, 'JPM': -231}"
2019-06-28 14:26:00,BID_DEPTH,[]
2019-06-28 14:26:00,ASK_DEPTH,"[(98614, 100)]"
2019-06-28 14:26:00,IMBALANCE,"[0, 100]"
2019-06-28 14:27:00,BID_DEPTH,"[(97613, 134)]"
2019-06-28 14:27:00,ASK_DEPTH,"[(99262, 196)]"
2019-06-28 14:27:00,IMBALANCE,"[134, 196]"
2019-06-28 14:27:00,HOLDINGS_UPDATED,"{'CASH': 32365091, 'JPM': -238}"
2019-06-28 14:28:00,BID_DEPTH,[]
2019-06-28 14:28:00,ASK_DEPTH,"[(99398, 100)]"
2019-06-28 14:28:00,IMBALANCE,"[0, 100]"
2019-06-28 14:29:00,BID_DEPTH,"[(99100, 158)]"
2019-06-28 14:29:00,ASK_DEPTH,"[(99209, 220)]"
2019-06-28 14:29:00,IMBALANCE,"[158, 220]"
2019-06-28 14:29:00,HOLDINGS_UPDATED,"{'CASH': 33058791, 'JPM': -245}"
2019-06-28 14:30:00,BID_DEPTH,"[(98884, 134)]"
2019-06-28 14:30:00,ASK_DEPTH,"[(99194, 196)]"
2019-06-28 14:30:00,IMBALANCE,"[134, 196]"
2019-06-28 14:30:00,HOLDINGS_UPDATED,"{'CASH': 33750979, 'JPM': -252}"
2019-06-28 14:31:00,BID_DEPTH,[]
2019-06-28 14:31:00,ASK_DEPTH,"[(99209, 100)]"
2019-06-28 14:31:00,IMBALANCE,"[0, 100]"
2019-06-28 14:32:00,BID_DEPTH,[]
2019-06-28 14:32:00,ASK_DEPTH,"[(99436, 100)]"
2019-06-28 14:32:00,IMBALANCE,"[0, 100]"
2019-06-28 14:33:00,BID_DEPTH,[]
2019-06-28 14:33:00,ASK_DEPTH,"[(99848, 100)]"
2019-06-28 14:33:00,IMBALANCE,"[0, 100]"
2019-06-28 14:34:00,BID_DEPTH,"[(99436, 279)]"
2019-06-28 14:34:00,ASK_DEPTH,"[(99848, 341)]"
2019-06-28 14:34:00,IMBALANCE,"[279, 341]"
2019-06-28 14:34:00,HOLDINGS_UPDATED,"{'CASH': 34447031, 'JPM': -259}"
2019-06-28 14:35:00,BID_DEPTH,[]
2019-06-28 14:35:00,ASK_DEPTH,"[(99945, 100)]"
2019-06-28 14:35:00,IMBALANCE,"[0, 100]"
2019-06-28 14:36:00,BID_DEPTH,[]
2019-06-28 14:36:00,ASK_DEPTH,"[(100091, 100)]"
2019-06-28 14:36:00,IMBALANCE,"[0, 100]"
2019-06-28 14:37:00,BID_DEPTH,[]
2019-06-28 14:37:00,ASK_DEPTH,"[(100091, 100)]"
2019-06-28 14:37:00,IMBALANCE,"[0, 100]"
2019-06-28 14:38:00,BID_DEPTH,"[(100091, 134)]"
2019-06-28 14:38:00,ASK_DEPTH,"[(100297, 291)]"
2019-06-28 14:38:00,IMBALANCE,"[134, 291]"
2019-06-28 14:38:00,HOLDINGS_UPDATED,"{'CASH': 35147668, 'JPM': -266}"
2019-06-28 14:39:00,BID_DEPTH,"[(100091, 520)]"
2019-06-28 14:39:00,ASK_DEPTH,"[(100111, 582)]"
2019-06-28 14:39:00,IMBALANCE,"[520, 582]"
2019-06-28 14:39:00,HOLDINGS_UPDATED,"{'CASH': 35848305, 'JPM': -273}"
2019-06-28 14:40:00,BID_DEPTH,[]
2019-06-28 14:40:00,ASK_DEPTH,"[(100297, 195)]"
2019-06-28 14:40:00,IMBALANCE,"[0, 195]"
2019-06-28 14:41:00,BID_DEPTH,[]
2019-06-28 14:41:00,ASK_DEPTH,"[(100297, 195)]"
2019-06-28 14:41:00,IMBALANCE,"[0, 195]"
2019-06-28 14:42:00,BID_DEPTH,[]
2019-06-28 14:42:00,ASK_DEPTH,"[(100297, 95)]"
2019-06-28 14:42:00,IMBALANCE,"[0, 95]"
2019-06-28 14:43:00,BID_DEPTH,[]
2019-06-28 14:43:00,ASK_DEPTH,"[(100297, 95)]"
2019-06-28 14:43:00,IMBALANCE,"[0, 95]"
2019-06-28 14:44:00,BID_DEPTH,[]
2019-06-28 14:44:00,ASK_DEPTH,"[(100297, 95)]"
2019-06-28 14:44:00,IMBALANCE,"[0, 95]"
2019-06-28 14:45:00,BID_DEPTH,"[(100297, 39)]"
2019-06-28 14:45:00,ASK_DEPTH,"[(100392, 196)]"
2019-06-28 14:45:00,IMBALANCE,"[39, 196]"
2019-06-28 14:45:00,HOLDINGS_UPDATED,"{'CASH': 36550384, 'JPM': -280}"
2019-06-28 14:46:00,BID_DEPTH,"[(100045, 279)]"
2019-06-28 14:46:00,ASK_DEPTH,"[(100143, 341)]"
2019-06-28 14:46:00,IMBALANCE,"[279, 341]"
2019-06-28 14:46:00,HOLDINGS_UPDATED,"{'CASH': 37250699, 'JPM': -287}"
2019-06-28 14:47:00,BID_DEPTH,[]
2019-06-28 14:47:00,ASK_DEPTH,"[(99807, 100)]"
2019-06-28 14:47:00,IMBALANCE,"[0, 100]"
2019-06-28 14:48:00,BID_DEPTH,"[(99616, 202)]"
2019-06-28 14:48:00,ASK_DEPTH,"[(99707, 264)]"
2019-06-28 14:48:00,IMBALANCE,"[202, 264]"
2019-06-28 14:48:00,HOLDINGS_UPDATED,"{'CASH': 37948011, 'JPM': -294}"
2019-06-28 14:49:00,BID_DEPTH,"[(99344, 202)]"
2019-06-28 14:49:00,ASK_DEPTH,"[(99707, 264)]"
2019-06-28 14:49:00,IMBALANCE,"[202, 264]"
2019-06-28 14:49:00,HOLDINGS_UPDATED,"{'CASH': 38643419, 'JPM': -301}"
2019-06-28 14:50:00,BID_DEPTH,"[(99330, 520)]"
2019-06-28 14:50:00,ASK_DEPTH,"[(99387, 582)]"
2019-06-28 14:50:00,IMBALANCE,"[520, 582]"
2019-06-28 14:50:00,HOLDINGS_UPDATED,"{'CASH': 39338729, 'JPM': -308}"
2019-06-28 14:51:00,BID_DEPTH,"[(99376, 134)]"
2019-06-28 14:51:00,ASK_DEPTH,"[(99387, 191)]"
2019-06-28 14:51:00,IMBALANCE,"[134, 191]"
2019-06-28 14:51:00,HOLDINGS_UPDATED,"{'CASH': 40034361, 'JPM': -315}"
2019-06-28 14:52:00,BID_DEPTH,"[(98990, 158)]"
2019-06-28 14:52:00,ASK_DEPTH,"[(99277, 220)]"
2019-06-28 14:52:00,IMBALANCE,"[158, 220]"
2019-06-28 14:52:00,HOLDINGS_UPDATED,"{'CASH': 40727291, 'JPM': -322}"
2019-06-28 14:53:00,BID_DEPTH,"[(98980, 134)]"
2019-06-28 14:53:00,ASK_DEPTH,"[(99129, 196)]"
2019-06-28 14:53:00,IMBALANCE,"[134, 196]"
2019-06-28 14:53:00,HOLDINGS_UPDATED,"{'CASH': 41420151, 'JPM': -329}"
2019-06-28 14:54:00,BID_DEPTH,"[(97997, 279)]"
2019-06-28 14:54:00,ASK_DEPTH,"[(99129, 336)]"
2019-06-28 14:54:00,IMBALANCE,"[279, 336]"
2019-06-28 14:54:00,HOLDINGS_UPDATED,"{'CASH': 42106130, 'JPM': -336}"
2019-06-28 14:55:00,BID_DEPTH,"[(98382, 341)]"
2019-06-28 14:55:00,ASK_DEPTH,"[(99129, 274)]"
2019-06-28 14:55:00,IMBALANCE,"[341, 274]"
2019-06-28 14:55:00,HOLDINGS_UPDATED,"{'CASH': 41412227, 'JPM': -329}"
2019-06-28 14:56:00,BID_DEPTH,"[(99044, 220)]"
2019-06-28 14:56:00,ASK_DEPTH,"[(99263, 158)]"
2019-06-28 14:56:00,IMBALANCE,"[220, 158]"
2019-06-28 14:56:00,HOLDINGS_UPDATED,"{'CASH': 40717386, 'JPM': -322}"
2019-06-28 14:57:00,BID_DEPTH,"[(99263, 190)]"
2019-06-28 14:57:00,ASK_DEPTH,"[(99387, 124)]"
2019-06-28 14:57:00,IMBALANCE,"[190, 124]"
2019-06-28 14:57:00,HOLDINGS_UPDATED,"{'CASH': 40021677, 'JPM': -315}"
2019-06-28 14:58:00,BID_DEPTH,"[(99263, 576)]"
2019-06-28 14:58:00,ASK_DEPTH,"[(99564, 520)]"
2019-06-28 14:58:00,IMBALANCE,"[576, 520]"
2019-06-28 14:58:00,HOLDINGS_UPDATED,"{'CASH': 39324729, 'JPM': -308}"
2019-06-28 14:59:00,BID_DEPTH,"[(99263, 576)]"
2019-06-28 14:59:00,ASK_DEPTH,"[(99564, 620)]"
2019-06-28 14:59:00,IMBALANCE,"[576, 620]"
2019-06-28 14:59:00,HOLDINGS_UPDATED,"{'CASH': 38627781, 'JPM': -301}"
2019-06-28 15:00:00,BID_DEPTH,"[(99263, 190)]"
2019-06-28 15:00:00,ASK_DEPTH,"[(99564, 120)]"
2019-06-28 15:00:00,IMBALANCE,"[190, 120]"
2019-06-28 15:00:00,HOLDINGS_UPDATED,"{'CASH': 37930833, 'JPM': -294}"
2019-06-28 15:01:00,BID_DEPTH,"[(99023, 582)]"
2019-06-28 15:01:00,ASK_DEPTH,"[(99136, 520)]"
2019-06-28 15:01:00,IMBALANCE,"[582, 520]"
2019-06-28 15:01:00,HOLDINGS_UPDATED,"{'CASH': 37236881, 'JPM': -287}"
2019-06-28 15:02:00,BID_DEPTH,"[(99009, 220)]"
2019-06-28 15:02:00,ASK_DEPTH,"[(99136, 158)]"
2019-06-28 15:02:00,IMBALANCE,"[220, 158]"
2019-06-28 15:02:00,HOLDINGS_UPDATED,"{'CASH': 36542929, 'JPM': -280}"
2019-06-28 15:03:00,BID_DEPTH,"[(98607, 220)]"
2019-06-28 15:03:00,ASK_DEPTH,"[(99136, 258)]"
2019-06-28 15:03:00,IMBALANCE,"[220, 258]"
2019-06-28 15:03:00,HOLDINGS_UPDATED,"{'CASH': 35848977, 'JPM': -273}"
2019-06-28 15:04:00,BID_DEPTH,"[(99137, 196)]"
2019-06-28 15:04:00,ASK_DEPTH,"[(99219, 134)]"
2019-06-28 15:04:00,IMBALANCE,"[196, 134]"
2019-06-28 15:04:00,HOLDINGS_UPDATED,"{'CASH': 35154444, 'JPM': -266}"
2019-06-28 15:05:00,BID_DEPTH,"[(99137, 220)]"
2019-06-28 15:05:00,ASK_DEPTH,"[(99219, 158)]"
2019-06-28 15:05:00,IMBALANCE,"[220, 158]"
2019-06-28 15:05:00,HOLDINGS_UPDATED,"{'CASH': 34459911, 'JPM': -259}"
2019-06-28 15:06:00,BID_DEPTH,"[(99137, 220)]"
2019-06-28 15:06:00,ASK_DEPTH,"[(99394, 158)]"
2019-06-28 15:06:00,IMBALANCE,"[220, 158]"
2019-06-28 15:06:00,HOLDINGS_UPDATED,"{'CASH': 33764153, 'JPM': -252}"
2019-06-28 15:07:00,BID_DEPTH,"[(99137, 264)]"
2019-06-28 15:07:00,ASK_DEPTH,"[(99572, 202)]"
2019-06-28 15:07:00,IMBALANCE,"[264, 202]"
2019-06-28 15:07:00,HOLDINGS_UPDATED,"{'CASH': 33067149, 'JPM': -245}"
2019-06-28 15:08:00,BID_DEPTH,"[(99372, 220)]"
2019-06-28 15:08:00,ASK_DEPTH,"[(99389, 158)]"
2019-06-28 15:08:00,IMBALANCE,"[220, 158]"
2019-06-28 15:08:00,HOLDINGS_UPDATED,"{'CASH': 32371426, 'JPM': -238}"
2019-06-28 15:09:00,BID_DEPTH,"[(99349, 202)]"
2019-06-28 15:09:00,ASK_DEPTH,"[(99581, 264)]"
2019-06-28 15:09:00,IMBALANCE,"[202, 264]"
2019-06-28 15:09:00,HOLDINGS_UPDATED,"{'CASH': 33066869, 'JPM': -245}"
2019-06-28 15:10:00,BID_DEPTH,"[(99137, 520)]"
2019-06-28 15:10:00,ASK_DEPTH,"[(99349, 782)]"
2019-06-28 15:10:00,IMBALANCE,"[520, 782]"
2019-06-28 15:10:00,HOLDINGS_UPDATED,"{'CASH': 33760828, 'JPM': -252}"
2019-06-28 15:11:00,BID_DEPTH,"[(98927, 202)]"
2019-06-28 15:11:00,ASK_DEPTH,"[(99349, 464)]"
2019-06-28 15:11:00,IMBALANCE,"[202, 464]"
2019-06-28 15:11:00,HOLDINGS_UPDATED,"{'CASH': 34453317, 'JPM': -259}"
2019-06-28 15:12:00,BID_DEPTH,"[(99246, 202)]"
2019-06-28 15:12:00,ASK_DEPTH,"[(99349, 464)]"
2019-06-28 15:12:00,IMBALANCE,"[202, 464]"
2019-06-28 15:12:00,HOLDINGS_UPDATED,"{'CASH': 35148039, 'JPM': -266}"
2019-06-28 15:13:00,BID_DEPTH,"[(99013, 220)]"
2019-06-28 15:13:00,ASK_DEPTH,"[(99349, 358)]"
2019-06-28 15:13:00,IMBALANCE,"[220, 358]"
2019-06-28 15:13:00,HOLDINGS_UPDATED,"{'CASH': 34452596, 'JPM': -259}"
2019-06-28 15:14:00,BID_DEPTH,"[(99013, 341)]"
2019-06-28 15:14:00,ASK_DEPTH,"[(99349, 265)]"
2019-06-28 15:14:00,IMBALANCE,"[341, 265]"
2019-06-28 15:14:00,HOLDINGS_UPDATED,"{'CASH': 33757153, 'JPM': -252}"
2019-06-28 15:15:00,BID_DEPTH,"[(99013, 196)]"
2019-06-28 15:15:00,ASK_DEPTH,"[(99386, 134)]"
2019-06-28 15:15:00,IMBALANCE,"[196, 134]"
2019-06-28 15:15:00,HOLDINGS_UPDATED,"{'CASH': 33061451, 'JPM': -245}"
2019-06-28 15:16:00,BID_DEPTH,"[(99013, 196)]"
2019-06-28 15:16:00,ASK_DEPTH,"[(99386, 134)]"
2019-06-28 15:16:00,IMBALANCE,"[196, 134]"
2019-06-28 15:16:00,HOLDINGS_UPDATED,"{'CASH': 32365749, 'JPM': -238}"
2019-06-28 15:17:00,BID_DEPTH,"[(99013, 264)]"
2019-06-28 15:17:00,ASK_DEPTH,"[(99422, 202)]"
2019-06-28 15:17:00,IMBALANCE,"[264, 202]"
2019-06-28 15:17:00,HOLDINGS_UPDATED,"{'CASH': 31669795, 'JPM': -231}"
2019-06-28 15:18:00,BID_DEPTH,"[(99110, 220)]"
2019-06-28 15:18:00,ASK_DEPTH,"[(99422, 358)]"
2019-06-28 15:18:00,IMBALANCE,"[220, 358]"
2019-06-28 15:18:00,HOLDINGS_UPDATED,"{'CASH': 30973841, 'JPM': -224}"
2019-06-28 15:19:00,BID_DEPTH,"[(99110, 341)]"
2019-06-28 15:19:00,ASK_DEPTH,"[(99310, 279)]"
2019-06-28 15:19:00,IMBALANCE,"[341, 279]"
2019-06-28 15:19:00,HOLDINGS_UPDATED,"{'CASH': 30278671, 'JPM': -217}"
2019-06-28 15:20:00,BID_DEPTH,"[(99110, 264)]"
2019-06-28 15:20:00,ASK_DEPTH,"[(99422, 388)]"
2019-06-28 15:20:00,IMBALANCE,"[264, 388]"
2019-06-28 15:20:00,HOLDINGS_UPDATED,"{'CASH': 29582717, 'JPM': -210}"
2019-06-28 15:21:00,BID_DEPTH,"[(99110, 341)]"
2019-06-28 15:21:00,ASK_DEPTH,"[(99422, 351)]"
2019-06-28 15:21:00,IMBALANCE,"[341, 351]"
2019-06-28 15:21:00,HOLDINGS_UPDATED,"{'CASH': 28886763, 'JPM': -203}"
2019-06-28 15:22:00,BID_DEPTH,"[(99110, 279)]"
2019-06-28 15:22:00,ASK_DEPTH,"[(99581, 341)]"
2019-06-28 15:22:00,IMBALANCE,"[279, 341]"
2019-06-28 15:22:00,HOLDINGS_UPDATED,"{'CASH': 29580533, 'JPM': -210}"
2019-06-28 15:23:00,BID_DEPTH,"[(99110, 496)]"
2019-06-28 15:23:00,ASK_DEPTH,"[(99757, 134)]"
2019-06-28 15:23:00,IMBALANCE,"[496, 134]"
2019-06-28 15:23:00,HOLDINGS_UPDATED,"{'CASH': 28882234, 'JPM': -203}"
2019-06-28 15:24:00,BID_DEPTH,"[(99757, 559)]"
2019-06-28 15:24:00,ASK_DEPTH,"[(99807, 279)]"
2019-06-28 15:24:00,IMBALANCE,"[559, 279]"
2019-06-28 15:24:00,HOLDINGS_UPDATED,"{'CASH': 28183585, 'JPM': -196}"
2019-06-28 15:25:00,BID_DEPTH,"[(99757, 795)]"
2019-06-28 15:25:00,ASK_DEPTH,"[(100143, 520)]"
2019-06-28 15:25:00,IMBALANCE,"[795, 520]"
2019-06-28 15:25:00,HOLDINGS_UPDATED,"{'CASH': 27482584, 'JPM': -189}"
2019-06-28 15:26:00,BID_DEPTH,"[(99757, 404)]"
2019-06-28 15:26:00,ASK_DEPTH,"[(100200, 134)]"
2019-06-28 15:26:00,IMBALANCE,"[404, 134]"
2019-06-28 15:26:00,HOLDINGS_UPDATED,"{'CASH': 26781184, 'JPM': -182}"
2019-06-28 15:27:00,BID_DEPTH,"[(99757, 323)]"
2019-06-28 15:27:00,ASK_DEPTH,"[(100269, 158)]"
2019-06-28 15:27:00,IMBALANCE,"[323, 158]"
2019-06-28 15:27:00,HOLDINGS_UPDATED,"{'CASH': 26079301, 'JPM': -175}"
2019-06-28 15:28:00,BID_DEPTH,"[(99757, 339)]"
2019-06-28 15:28:00,ASK_DEPTH,"[(100321, 279)]"
2019-06-28 15:28:00,IMBALANCE,"[339, 279]"
2019-06-28 15:28:00,HOLDINGS_UPDATED,"{'CASH': 25377054, 'JPM': -168}"
2019-06-28 15:29:00,BID_DEPTH,"[(99758, 582)]"
2019-06-28 15:29:00,ASK_DEPTH,"[(100110, 520)]"
2019-06-28 15:29:00,IMBALANCE,"[582, 520]"
2019-06-28 15:29:00,HOLDINGS_UPDATED,"{'CASH': 24676284, 'JPM': -161}"
2019-06-28 15:30:00,BID_DEPTH,"[(99961, 341)]"
2019-06-28 15:30:00,ASK_DEPTH,"[(100182, 279)]"
2019-06-28 15:30:00,IMBALANCE,"[341, 279]"
2019-06-28 15:30:00,HOLDINGS_UPDATED,"{'CASH': 23975010, 'JPM': -154}"
2019-06-28 15:31:00,BID_DEPTH,"[(100251, 196)]"
2019-06-28 15:31:00,ASK_DEPTH,"[(100392, 134)]"
2019-06-28 15:31:00,IMBALANCE,"[196, 134]"
2019-06-28 15:31:00,HOLDINGS_UPDATED,"{'CASH': 23272266, 'JPM': -147}"
2019-06-28 15:32:00,BID_DEPTH,"[(99917, 582)]"
2019-06-28 15:32:00,ASK_DEPTH,"[(100392, 520)]"
2019-06-28 15:32:00,IMBALANCE,"[582, 520]"
2019-06-28 15:32:00,HOLDINGS_UPDATED,"{'CASH': 22569522, 'JPM': -140}"
2019-06-28 15:33:00,BID_DEPTH,"[(99917, 259)]"
2019-06-28 15:33:00,ASK_DEPTH,"[(100392, 202)]"
2019-06-28 15:33:00,IMBALANCE,"[259, 202]"
2019-06-28 15:33:00,HOLDINGS_UPDATED,"{'CASH': 21866778, 'JPM': -133}"
2019-06-28 15:34:00,BID_DEPTH,"[(99917, 210)]"
2019-06-28 15:34:00,ASK_DEPTH,"[(100211, 158)]"
2019-06-28 15:34:00,IMBALANCE,"[210, 158]"
2019-06-28 15:34:00,HOLDINGS_UPDATED,"{'CASH': 21165301, 'JPM': -126}"
2019-06-28 15:35:00,BID_DEPTH,"[(99917, 426)]"
2019-06-28 15:35:00,ASK_DEPTH,"[(100211, 279)]"
2019-06-28 15:35:00,IMBALANCE,"[426, 279]"
2019-06-28 15:35:00,HOLDINGS_UPDATED,"{'CASH': 20463824, 'JPM': -119}"
2019-06-28 15:36:00,BID_DEPTH,"[(99976, 582)]"
2019-06-28 15:36:00,ASK_DEPTH,"[(100211, 520)]"
2019-06-28 15:36:00,IMBALANCE,"[582, 520]"
2019-06-28 15:36:00,HOLDINGS_UPDATED,"{'CASH': 19762347, 'JPM': -112}"
2019-06-28 15:37:00,BID_DEPTH,"[(99976, 259)]"
2019-06-28 15:37:00,ASK_DEPTH,"[(100376, 202)]"
2019-06-28 15:37:00,IMBALANCE,"[259, 202]"
2019-06-28 15:37:00,HOLDINGS_UPDATED,"{'CASH': 19059715, 'JPM': -105}"
2019-06-28 15:38:00,BID_DEPTH,"[(99976, 386)]"
2019-06-28 15:38:00,ASK_DEPTH,"[(100510, 134)]"
2019-06-28 15:38:00,IMBALANCE,"[386, 134]"
2019-06-28 15:38:00,HOLDINGS_UPDATED,"{'CASH': 18356145, 'JPM': -98}"
2019-06-28 15:39:00,BID_DEPTH,"[(100481, 341)]"
2019-06-28 15:39:00,ASK_DEPTH,"[(100557, 279)]"
2019-06-28 15:39:00,IMBALANCE,"[341, 279]"
2019-06-28 15:39:00,HOLDINGS_UPDATED,"{'CASH': 17652246, 'JPM': -91}"
2019-06-28 15:40:00,BID_DEPTH,"[(100481, 259)]"
2019-06-28 15:40:00,ASK_DEPTH,"[(100557, 402)]"
2019-06-28 15:40:00,IMBALANCE,"[259, 402]"
2019-06-28 15:40:00,HOLDINGS_UPDATED,"{'CASH': 16948347, 'JPM': -84}"
2019-06-28 15:41:00,BID_DEPTH,"[(99976, 682)]"
2019-06-28 15:41:00,ASK_DEPTH,"[(100557, 606)]"
2019-06-28 15:41:00,IMBALANCE,"[682, 606]"
2019-06-28 15:41:00,HOLDINGS_UPDATED,"{'CASH': 16244448, 'JPM': -77}"
2019-06-28 15:42:00,BID_DEPTH,"[(99884, 264)]"
2019-06-28 15:42:00,ASK_DEPTH,"[(100557, 174)]"
2019-06-28 15:42:00,IMBALANCE,"[264, 174]"
2019-06-28 15:42:00,HOLDINGS_UPDATED,"{'CASH': 15540549, 'JPM': -70}"
2019-06-28 15:43:00,BID_DEPTH,"[(99758, 341)]"
2019-06-28 15:43:00,ASK_DEPTH,"[(99884, 379)]"
2019-06-28 15:43:00,IMBALANCE,"[341, 379]"
2019-06-28 15:43:00,HOLDINGS_UPDATED,"{'CASH': 14841361, 'JPM': -63}"
2019-06-28 15:44:00,BID_DEPTH,"[(99597, 196)]"
2019-06-28 15:44:00,ASK_DEPTH,"[(99884, 120)]"
2019-06-28 15:44:00,IMBALANCE,"[196, 120]"
2019-06-28 15:44:00,HOLDINGS_UPDATED,"{'CASH': 14142173, 'JPM': -56}"
2019-06-28 15:45:00,BID_DEPTH,"[(99597, 264)]"
2019-06-28 15:45:00,ASK_DEPTH,"[(100802, 202)]"
2019-06-28 15:45:00,IMBALANCE,"[264, 202]"
2019-06-28 15:45:00,HOLDINGS_UPDATED,"{'CASH': 13436559, 'JPM': -49}"
2019-06-28 15:46:00,BID_DEPTH,"[(99337, 582)]"
2019-06-28 15:46:00,ASK_DEPTH,"[(100962, 520)]"
2019-06-28 15:46:00,IMBALANCE,"[582, 520]"
2019-06-28 15:46:00,HOLDINGS_UPDATED,"{'CASH': 12729825, 'JPM': -42}"
2019-06-28 15:47:00,BID_DEPTH,"[(99013, 100)]"
2019-06-28 15:47:00,ASK_DEPTH,[]
2019-06-28 15:47:00,IMBALANCE,"[100, 0]"
2019-06-28 15:48:00,BID_DEPTH,"[(99013, 196)]"
2019-06-28 15:48:00,ASK_DEPTH,"[(99030, 134)]"
2019-06-28 15:48:00,IMBALANCE,"[196, 134]"
2019-06-28 15:48:00,HOLDINGS_UPDATED,"{'CASH': 12036615, 'JPM': -35}"
2019-06-28 15:49:00,BID_DEPTH,"[(99326, 220)]"
2019-06-28 15:49:00,ASK_DEPTH,"[(99339, 158)]"
2019-06-28 15:49:00,IMBALANCE,"[220, 158]"
2019-06-28 15:49:00,HOLDINGS_UPDATED,"{'CASH': 11341242, 'JPM': -28}"
2019-06-28 15:50:00,BID_DEPTH,"[(99537, 196)]"
2019-06-28 15:50:00,ASK_DEPTH,"[(99636, 134)]"
2019-06-28 15:50:00,IMBALANCE,"[196, 134]"
2019-06-28 15:50:00,HOLDINGS_UPDATED,"{'CASH': 10643790, 'JPM': -21}"
2019-06-28 15:51:00,BID_DEPTH,"[(99537, 341)]"
2019-06-28 15:51:00,ASK_DEPTH,"[(99706, 279)]"
2019-06-28 15:51:00,IMBALANCE,"[341, 279]"
2019-06-28 15:51:00,HOLDINGS_UPDATED,"{'CASH': 9945848, 'JPM': -14}"
2019-06-28 15:52:00,BID_DEPTH,"[(100302, 100)]"
2019-06-28 15:52:00,ASK_DEPTH,[]
2019-06-28 15:52:00,IMBALANCE,"[100, 0]"
2019-06-28 15:53:00,BID_DEPTH,"[(99886, 341)]"
2019-06-28 15:53:00,ASK_DEPTH,"[(100302, 379)]"
2019-06-28 15:53:00,IMBALANCE,"[341, 379]"
2019-06-28 15:53:00,HOLDINGS_UPDATED,"{'CASH': 9243734, 'JPM': -7}"
2019-06-28 15:54:00,BID_DEPTH,"[(99886, 215)]"
2019-06-28 15:54:00,ASK_DEPTH,"[(99931, 158)]"
2019-06-28 15:54:00,IMBALANCE,"[215, 158]"
2019-06-28 15:54:00,HOLDINGS_UPDATED,{'CASH': 8544217}
2019-06-28 15:55:00,BID_DEPTH,"[(99886, 186)]"
2019-06-28 15:55:00,ASK_DEPTH,"[(100024, 134)]"
2019-06-28 15:55:00,IMBALANCE,"[186, 134]"
2019-06-28 15:55:00,HOLDINGS_UPDATED,"{'CASH': 7844049, 'JPM': 7}"
2019-06-28 15:56:00,BID_DEPTH,"[(100024, 138)]"
2019-06-28 15:56:00,ASK_DEPTH,"[(100100, 158)]"
2019-06-28 15:56:00,IMBALANCE,"[138, 158]"
2019-06-28 15:56:00,HOLDINGS_UPDATED,"{'CASH': 7143349, 'JPM': 14}"
2019-06-28 15:57:00,BID_DEPTH,"[(100024, 182)]"
2019-06-28 15:57:00,ASK_DEPTH,"[(100313, 202)]"
2019-06-28 15:57:00,IMBALANCE,"[182, 202]"
2019-06-28 15:57:00,HOLDINGS_UPDATED,"{'CASH': 6441158, 'JPM': 21}"
2019-06-28 15:58:00,BID_DEPTH,"[(100313, 441)]"
2019-06-28 15:58:00,ASK_DEPTH,"[(100383, 279)]"
2019-06-28 15:58:00,IMBALANCE,"[441, 279]"
2019-06-28 15:58:00,HOLDINGS_UPDATED,"{'CASH': 5738477, 'JPM': 28}"
2019-06-28 15:59:00,BID_DEPTH,"[(100313, 364)]"
2019-06-28 15:59:00,ASK_DEPTH,"[(100414, 202)]"
2019-06-28 15:59:00,IMBALANCE,"[364, 202]"
2019-06-28 15:59:00,HOLDINGS_UPDATED,"{'CASH': 5035579, 'JPM': 35}"
2019-06-28 16:00:00,BID_DEPTH,"[(100313, 582)]"
2019-06-28 16:00:00,ASK_DEPTH,"[(100977, 520)]"
2019-06-28 16:00:00,IMBALANCE,"[582, 520]"
2019-06-28 16:00:00,HOLDINGS_UPDATED,"{'CASH': 4328740, 'JPM': 42}"
2019-06-28 16:01:00,BID_DEPTH,"[(100313, 582)]"
2019-06-28 16:01:00,ASK_DEPTH,"[(100977, 468)]"
2019-06-28 16:01:00,IMBALANCE,"[582, 468]"
2019-06-28 16:01:00,MKT_CLOSED,
2019-06-28 16:01:00,FINAL_HOLDINGS,"{ JPM: 42, CASH: 4328740 }"
2019-06-28 16:01:00,FINAL_CASH_POSITION,4328740
2019-06-28 16:01:00,MARK_TO_MARKET,42 JPM @ 100977 == 4241034
2019-06-28 16:01:00,MARKED_TO_MARKET,8569774
2019-06-28 16:01:00,ENDING_CASH,8569774
