EventTime,EventType,Event
,AGENT_TYPE,MomentumAgent
,STARTING_CASH,10000000
2019-06-28 09:30:00,HOLDINGS_UPDATED,{'CASH': 10000000}
2019-06-28 09:31:00,BID_DEPTH,"[(99986, 234)]"
2019-06-28 09:31:00,ASK_DEPTH,"[(100004, 434)]"
2019-06-28 09:31:00,IMBALANCE,"[234, 434]"
2019-06-28 09:32:00,BID_DEPTH,"[(100004, 191)]"
2019-06-28 09:32:00,ASK_DEPTH,"[(100005, 191)]"
2019-06-28 09:32:00,IMBALANCE,"[191, 191]"
2019-06-28 09:33:00,BID_DEPTH,"[(100004, 434)]"
2019-06-28 09:33:00,ASK_DEPTH,"[(100006, 234)]"
2019-06-28 09:33:00,IMBALANCE,"[434, 234]"
2019-06-28 09:34:00,BID_DEPTH,"[(100004, 354)]"
2019-06-28 09:34:00,ASK_DEPTH,"[(100006, 154)]"
2019-06-28 09:34:00,IMBALANCE,"[354, 154]"
2019-06-28 09:35:00,BID_DEPTH,"[(100005, 191)]"
2019-06-28 09:35:00,ASK_DEPTH,"[(100006, 191)]"
2019-06-28 09:35:00,IMBALANCE,"[191, 191]"
2019-06-28 09:36:00,BID_DEPTH,"[(100006, 191)]"
2019-06-28 09:36:00,ASK_DEPTH,"[(100031, 191)]"
2019-06-28 09:36:00,IMBALANCE,"[191, 191]"
2019-06-28 09:37:00,BID_DEPTH,"[(100006, 191)]"
2019-06-28 09:37:00,ASK_DEPTH,"[(100031, 191)]"
2019-06-28 09:37:00,IMBALANCE,"[191, 191]"
2019-06-28 09:38:00,BID_DEPTH,"[(100006, 234)]"
2019-06-28 09:38:00,ASK_DEPTH,"[(100040, 234)]"
2019-06-28 09:38:00,IMBALANCE,"[234, 234]"
2019-06-28 09:39:00,BID_DEPTH,"[(100007, 167)]"
2019-06-28 09:39:00,ASK_DEPTH,"[(100040, 167)]"
2019-06-28 09:39:00,IMBALANCE,"[167, 167]"
2019-06-28 09:40:00,BID_DEPTH,"[(100007, 568)]"
2019-06-28 09:40:00,ASK_DEPTH,"[(100040, 368)]"
2019-06-28 09:40:00,IMBALANCE,"[568, 368]"
2019-06-28 09:41:00,BID_DEPTH,"[(100007, 391)]"
2019-06-28 09:41:00,ASK_DEPTH,"[(100045, 191)]"
2019-06-28 09:41:00,IMBALANCE,"[391, 191]"
2019-06-28 09:42:00,BID_DEPTH,"[(100031, 334)]"
2019-06-28 09:42:00,ASK_DEPTH,"[(100045, 234)]"
2019-06-28 09:42:00,IMBALANCE,"[334, 234]"
2019-06-28 09:43:00,BID_DEPTH,"[(100031, 334)]"
2019-06-28 09:43:00,ASK_DEPTH,"[(100057, 234)]"
2019-06-28 09:43:00,IMBALANCE,"[334, 234]"
2019-06-28 09:44:00,BID_DEPTH,"[(100058, 301)]"
2019-06-28 09:44:00,ASK_DEPTH,"[(100062, 368)]"
2019-06-28 09:44:00,IMBALANCE,"[301, 368]"
2019-06-28 09:45:00,BID_DEPTH,"[(100058, 301)]"
2019-06-28 09:45:00,ASK_DEPTH,"[(100062, 368)]"
2019-06-28 09:45:00,IMBALANCE,"[301, 368]"
2019-06-28 09:46:00,BID_DEPTH,"[(100058, 100)]"
2019-06-28 09:46:00,ASK_DEPTH,"[(100062, 167)]"
2019-06-28 09:46:00,IMBALANCE,"[100, 167]"
2019-06-28 09:47:00,BID_DEPTH,"[(100059, 368)]"
2019-06-28 09:47:00,ASK_DEPTH,"[(100063, 368)]"
2019-06-28 09:47:00,IMBALANCE,"[368, 368]"
2019-06-28 09:48:00,BID_DEPTH,"[(100059, 368)]"
2019-06-28 09:48:00,ASK_DEPTH,"[(100109, 368)]"
2019-06-28 09:48:00,IMBALANCE,"[368, 368]"
2019-06-28 09:49:00,BID_DEPTH,"[(100076, 234)]"
2019-06-28 09:49:00,ASK_DEPTH,"[(100125, 234)]"
2019-06-28 09:49:00,IMBALANCE,"[234, 234]"
2019-06-28 09:50:00,BID_DEPTH,"[(100122, 191)]"
2019-06-28 09:50:00,ASK_DEPTH,"[(100136, 191)]"
2019-06-28 09:50:00,IMBALANCE,"[191, 191]"
2019-06-28 09:51:00,BID_DEPTH,"[(100122, 191)]"
2019-06-28 09:51:00,ASK_DEPTH,"[(100142, 191)]"
2019-06-28 09:51:00,IMBALANCE,"[191, 191]"
2019-06-28 09:52:00,BID_DEPTH,"[(100398, 167)]"
2019-06-28 09:52:00,ASK_DEPTH,"[(100517, 167)]"
2019-06-28 09:52:00,IMBALANCE,"[167, 167]"
2019-06-28 09:53:00,BID_DEPTH,"[(100399, 167)]"
2019-06-28 09:53:00,ASK_DEPTH,"[(100583, 167)]"
2019-06-28 09:53:00,IMBALANCE,"[167, 167]"
2019-06-28 09:54:00,BID_DEPTH,"[(100399, 234)]"
2019-06-28 09:54:00,ASK_DEPTH,"[(100583, 234)]"
2019-06-28 09:54:00,IMBALANCE,"[234, 234]"
2019-06-28 09:55:00,BID_DEPTH,"[(100398, 191)]"
2019-06-28 09:55:00,ASK_DEPTH,"[(100399, 124)]"
2019-06-28 09:55:00,IMBALANCE,"[191, 124]"
2019-06-28 09:56:00,BID_DEPTH,"[(100143, 154)]"
2019-06-28 09:56:00,ASK_DEPTH,"[(100372, 154)]"
2019-06-28 09:56:00,IMBALANCE,"[154, 154]"
2019-06-28 09:57:00,BID_DEPTH,"[(100144, 234)]"
2019-06-28 09:57:00,ASK_DEPTH,"[(100218, 234)]"
2019-06-28 09:57:00,IMBALANCE,"[234, 234]"
2019-06-28 09:58:00,BID_DEPTH,"[(100144, 368)]"
2019-06-28 09:58:00,ASK_DEPTH,"[(100218, 368)]"
2019-06-28 09:58:00,IMBALANCE,"[368, 368]"
2019-06-28 09:59:00,BID_DEPTH,"[(100144, 234)]"
2019-06-28 09:59:00,ASK_DEPTH,"[(100163, 234)]"
2019-06-28 09:59:00,IMBALANCE,"[234, 234]"
2019-06-28 10:00:00,BID_DEPTH,"[(100163, 124)]"
2019-06-28 10:00:00,ASK_DEPTH,"[(100352, 191)]"
2019-06-28 10:00:00,IMBALANCE,"[124, 191]"
2019-06-28 10:01:00,BID_DEPTH,"[(100316, 191)]"
2019-06-28 10:01:00,ASK_DEPTH,"[(100352, 191)]"
2019-06-28 10:01:00,IMBALANCE,"[191, 191]"
2019-06-28 10:02:00,BID_DEPTH,"[(100372, 167)]"
2019-06-28 10:02:00,ASK_DEPTH,"[(100398, 76)]"
2019-06-28 10:02:00,IMBALANCE,"[167, 76]"
2019-06-28 10:03:00,BID_DEPTH,"[(100398, 78)]"
2019-06-28 10:03:00,ASK_DEPTH,"[(100399, 87)]"
2019-06-28 10:03:00,IMBALANCE,"[78, 87]"
2019-06-28 10:04:00,BID_DEPTH,"[(100398, 78)]"
2019-06-28 10:04:00,ASK_DEPTH,"[(100403, 154)]"
2019-06-28 10:04:00,IMBALANCE,"[78, 154]"
2019-06-28 10:05:00,BID_DEPTH,"[(100398, 292)]"
2019-06-28 10:05:00,ASK_DEPTH,"[(100403, 368)]"
2019-06-28 10:05:00,IMBALANCE,"[292, 368]"
2019-06-28 10:06:00,BID_DEPTH,"[(100398, 91)]"
2019-06-28 10:06:00,ASK_DEPTH,"[(100560, 167)]"
2019-06-28 10:06:00,IMBALANCE,"[91, 167]"
2019-06-28 10:07:00,BID_DEPTH,"[(100583, 314)]"
2019-06-28 10:07:00,ASK_DEPTH,"[(100702, 368)]"
2019-06-28 10:07:00,IMBALANCE,"[314, 368]"
2019-06-28 10:08:00,BID_DEPTH,"[(100583, 137)]"
2019-06-28 10:08:00,ASK_DEPTH,"[(100690, 191)]"
2019-06-28 10:08:00,IMBALANCE,"[137, 191]"
2019-06-28 10:09:00,BID_DEPTH,"[(100467, 234)]"
2019-06-28 10:09:00,ASK_DEPTH,"[(100592, 234)]"
2019-06-28 10:09:00,IMBALANCE,"[234, 234]"
2019-06-28 10:10:00,BID_DEPTH,"[(100408, 167)]"
2019-06-28 10:10:00,ASK_DEPTH,"[(100592, 267)]"
2019-06-28 10:10:00,IMBALANCE,"[167, 267]"
2019-06-28 10:11:00,BID_DEPTH,"[(100408, 167)]"
2019-06-28 10:11:00,ASK_DEPTH,"[(100583, 267)]"
2019-06-28 10:11:00,IMBALANCE,"[167, 267]"
2019-06-28 10:12:00,BID_DEPTH,"[(100399, 154)]"
2019-06-28 10:12:00,ASK_DEPTH,"[(100583, 254)]"
2019-06-28 10:12:00,IMBALANCE,"[154, 254]"
2019-06-28 10:13:00,BID_DEPTH,"[(100398, 78)]"
2019-06-28 10:13:00,ASK_DEPTH,"[(100583, 254)]"
2019-06-28 10:13:00,IMBALANCE,"[78, 254]"
2019-06-28 10:14:00,BID_DEPTH,"[(100144, 191)]"
2019-06-28 10:14:00,ASK_DEPTH,"[(100168, 124)]"
2019-06-28 10:14:00,IMBALANCE,"[191, 124]"
2019-06-28 10:15:00,BID_DEPTH,"[(100144, 167)]"
2019-06-28 10:15:00,ASK_DEPTH,"[(100168, 100)]"
2019-06-28 10:15:00,IMBALANCE,"[167, 100]"
2019-06-28 10:16:00,BID_DEPTH,"[(100144, 234)]"
2019-06-28 10:16:00,ASK_DEPTH,"[(100168, 167)]"
2019-06-28 10:16:00,IMBALANCE,"[234, 167]"
2019-06-28 10:17:00,BID_DEPTH,"[(100094, 154)]"
2019-06-28 10:17:00,ASK_DEPTH,"[(100163, 154)]"
2019-06-28 10:17:00,IMBALANCE,"[154, 154]"
2019-06-28 10:18:00,BID_DEPTH,"[(100094, 234)]"
2019-06-28 10:18:00,ASK_DEPTH,"[(100163, 234)]"
2019-06-28 10:18:00,IMBALANCE,"[234, 234]"
2019-06-28 10:19:00,BID_DEPTH,"[(100060, 154)]"
2019-06-28 10:19:00,ASK_DEPTH,"[(100144, 154)]"
2019-06-28 10:19:00,IMBALANCE,"[154, 154]"
2019-06-28 10:20:00,BID_DEPTH,"[(100031, 234)]"
2019-06-28 10:20:00,ASK_DEPTH,"[(100060, 143)]"
2019-06-28 10:20:00,IMBALANCE,"[234, 143]"
2019-06-28 10:21:00,BID_DEPTH,"[(100031, 167)]"
2019-06-28 10:21:00,ASK_DEPTH,"[(100059, 115)]"
2019-06-28 10:21:00,IMBALANCE,"[167, 115]"
2019-06-28 10:21:00,HOLDINGS_UPDATED,"{'CASH': 9799882, 'JPM': 2}"
2019-06-28 10:22:00,BID_DEPTH,"[(99951, 191)]"
2019-06-28 10:22:00,ASK_DEPTH,"[(100031, 105)]"
2019-06-28 10:22:00,IMBALANCE,"[191, 105]"
2019-06-28 10:22:00,HOLDINGS_UPDATED,"{'CASH': 9599820, 'JPM': 4}"
2019-06-28 10:23:00,BID_DEPTH,"[(99877, 167)]"
2019-06-28 10:23:00,ASK_DEPTH,"[(100031, 115)]"
2019-06-28 10:23:00,IMBALANCE,"[167, 115]"
2019-06-28 10:23:00,HOLDINGS_UPDATED,"{'CASH': 9399758, 'JPM': 6}"
2019-06-28 10:24:00,BID_DEPTH,"[(99799, 191)]"
2019-06-28 10:24:00,ASK_DEPTH,"[(100059, 139)]"
2019-06-28 10:24:00,IMBALANCE,"[191, 139]"
2019-06-28 10:24:00,HOLDINGS_UPDATED,"{'CASH': 9199640, 'JPM': 8}"
2019-06-28 10:25:00,BID_DEPTH,"[(99762, 154)]"
2019-06-28 10:25:00,ASK_DEPTH,"[(100060, 11)]"
2019-06-28 10:25:00,IMBALANCE,"[154, 11]"
2019-06-28 10:25:00,HOLDINGS_UPDATED,"{'CASH': 8999520, 'JPM': 10}"
2019-06-28 10:26:00,BID_DEPTH,"[(99565, 234)]"
2019-06-28 10:26:00,ASK_DEPTH,"[(100060, 180)]"
2019-06-28 10:26:00,IMBALANCE,"[234, 180]"
2019-06-28 10:26:00,HOLDINGS_UPDATED,"{'CASH': 8799400, 'JPM': 12}"
2019-06-28 10:27:00,BID_DEPTH,"[(99504, 115)]"
2019-06-28 10:27:00,ASK_DEPTH,"[(100144, 125)]"
2019-06-28 10:27:00,IMBALANCE,"[115, 125]"
2019-06-28 10:27:00,HOLDINGS_UPDATED,"{'CASH': 8998408, 'JPM': 10}"
2019-06-28 10:28:00,BID_DEPTH,"[(99504, 10)]"
2019-06-28 10:28:00,ASK_DEPTH,"[(100144, 112)]"
2019-06-28 10:28:00,IMBALANCE,"[10, 112]"
2019-06-28 10:28:00,HOLDINGS_UPDATED,"{'CASH': 9197416, 'JPM': 8}"
2019-06-28 10:29:00,BID_DEPTH,"[(99363, 139)]"
2019-06-28 10:29:00,ASK_DEPTH,"[(99476, 92)]"
2019-06-28 10:29:00,IMBALANCE,"[139, 92]"
2019-06-28 10:29:00,HOLDINGS_UPDATED,"{'CASH': 9396142, 'JPM': 6}"
2019-06-28 10:30:00,BID_DEPTH,"[(99343, 316)]"
2019-06-28 10:30:00,ASK_DEPTH,"[(99363, 276)]"
2019-06-28 10:30:00,IMBALANCE,"[316, 276]"
2019-06-28 10:30:00,HOLDINGS_UPDATED,"{'CASH': 9594828, 'JPM': 4}"
2019-06-28 10:31:00,BID_DEPTH,"[(99325, 115)]"
2019-06-28 10:31:00,ASK_DEPTH,"[(99343, 92)]"
2019-06-28 10:31:00,IMBALANCE,"[115, 92]"
2019-06-28 10:31:00,HOLDINGS_UPDATED,"{'CASH': 9793478, 'JPM': 2}"
2019-06-28 10:32:00,BID_DEPTH,"[(99305, 139)]"
2019-06-28 10:32:00,ASK_DEPTH,"[(99325, 129)]"
2019-06-28 10:32:00,IMBALANCE,"[139, 129]"
2019-06-28 10:32:00,HOLDINGS_UPDATED,{'CASH': 9992088}
2019-06-28 10:33:00,BID_DEPTH,"[(99363, 40)]"
2019-06-28 10:33:00,ASK_DEPTH,"[(99476, 55)]"
2019-06-28 10:33:00,IMBALANCE,"[40, 55]"
2019-06-28 10:33:00,HOLDINGS_UPDATED,"{'CASH': 10190814, 'JPM': -2}"
2019-06-28 10:34:00,BID_DEPTH,"[(99462, 316)]"
2019-06-28 10:34:00,ASK_DEPTH,"[(99476, 269)]"
2019-06-28 10:34:00,IMBALANCE,"[316, 269]"
2019-06-28 10:34:00,HOLDINGS_UPDATED,"{'CASH': 10389738, 'JPM': -4}"
2019-06-28 10:35:00,BID_DEPTH,"[(99462, 210)]"
2019-06-28 10:35:00,ASK_DEPTH,"[(99504, 57)]"
2019-06-28 10:35:00,IMBALANCE,"[210, 57]"
2019-06-28 10:35:00,HOLDINGS_UPDATED,"{'CASH': 10588662, 'JPM': -6}"
2019-06-28 10:36:00,BID_DEPTH,"[(99504, 32)]"
2019-06-28 10:36:00,ASK_DEPTH,"[(99510, 154)]"
2019-06-28 10:36:00,IMBALANCE,"[32, 154]"
2019-06-28 10:36:00,HOLDINGS_UPDATED,"{'CASH': 10787670, 'JPM': -8}"
2019-06-28 10:37:00,BID_DEPTH,"[(99462, 111)]"
2019-06-28 10:37:00,ASK_DEPTH,"[(99483, 254)]"
2019-06-28 10:37:00,IMBALANCE,"[111, 254]"
2019-06-28 10:37:00,HOLDINGS_UPDATED,"{'CASH': 10986594, 'JPM': -10}"
2019-06-28 10:38:00,BID_DEPTH,"[(99363, 45)]"
2019-06-28 10:38:00,ASK_DEPTH,"[(99461, 154)]"
2019-06-28 10:38:00,IMBALANCE,"[45, 154]"
2019-06-28 10:38:00,HOLDINGS_UPDATED,"{'CASH': 11185320, 'JPM': -12}"
2019-06-28 10:39:00,BID_DEPTH,"[(99305, 224)]"
2019-06-28 10:39:00,ASK_DEPTH,"[(99461, 368)]"
2019-06-28 10:39:00,IMBALANCE,"[224, 368]"
2019-06-28 10:39:00,HOLDINGS_UPDATED,"{'CASH': 11383930, 'JPM': -14}"
2019-06-28 10:40:00,BID_DEPTH,"[(99273, 139)]"
2019-06-28 10:40:00,ASK_DEPTH,"[(99305, 191)]"
2019-06-28 10:40:00,IMBALANCE,"[139, 191]"
2019-06-28 10:40:00,HOLDINGS_UPDATED,"{'CASH': 11582476, 'JPM': -16}"
2019-06-28 10:41:00,BID_DEPTH,"[(99273, 10)]"
2019-06-28 10:41:00,ASK_DEPTH,"[(99305, 154)]"
2019-06-28 10:41:00,IMBALANCE,"[10, 154]"
2019-06-28 10:41:00,HOLDINGS_UPDATED,"{'CASH': 11781022, 'JPM': -18}"
2019-06-28 10:42:00,BID_DEPTH,"[(99273, 21)]"
2019-06-28 10:42:00,ASK_DEPTH,"[(99305, 167)]"
2019-06-28 10:42:00,IMBALANCE,"[21, 167]"
2019-06-28 10:42:00,HOLDINGS_UPDATED,"{'CASH': 11979568, 'JPM': -20}"
2019-06-28 10:43:00,BID_DEPTH,"[(99253, 182)]"
2019-06-28 10:43:00,ASK_DEPTH,"[(99305, 234)]"
2019-06-28 10:43:00,IMBALANCE,"[182, 234]"
2019-06-28 10:43:00,HOLDINGS_UPDATED,"{'CASH': 12178074, 'JPM': -22}"
2019-06-28 10:44:00,BID_DEPTH,"[(99462, 259)]"
2019-06-28 10:44:00,ASK_DEPTH,"[(99483, 368)]"
2019-06-28 10:44:00,IMBALANCE,"[259, 368]"
2019-06-28 10:44:00,HOLDINGS_UPDATED,"{'CASH': 12376998, 'JPM': -24}"
2019-06-28 10:45:00,BID_DEPTH,"[(99461, 128)]"
2019-06-28 10:45:00,ASK_DEPTH,"[(99487, 234)]"
2019-06-28 10:45:00,IMBALANCE,"[128, 234]"
2019-06-28 10:45:00,HOLDINGS_UPDATED,"{'CASH': 12575920, 'JPM': -26}"
2019-06-28 10:46:00,BID_DEPTH,"[(99253, 324)]"
2019-06-28 10:46:00,ASK_DEPTH,"[(99504, 269)]"
2019-06-28 10:46:00,IMBALANCE,"[324, 269]"
2019-06-28 10:46:00,HOLDINGS_UPDATED,"{'CASH': 12774426, 'JPM': -28}"
2019-06-28 10:47:00,BID_DEPTH,"[(99253, 340)]"
2019-06-28 10:47:00,ASK_DEPTH,"[(99504, 92)]"
2019-06-28 10:47:00,IMBALANCE,"[340, 92]"
2019-06-28 10:47:00,HOLDINGS_UPDATED,"{'CASH': 12972932, 'JPM': -30}"
2019-06-28 10:48:00,BID_DEPTH,"[(99253, 296)]"
2019-06-28 10:48:00,ASK_DEPTH,"[(99504, 55)]"
2019-06-28 10:48:00,IMBALANCE,"[296, 55]"
2019-06-28 10:48:00,HOLDINGS_UPDATED,"{'CASH': 13171438, 'JPM': -32}"
2019-06-28 10:49:00,BID_DEPTH,"[(99504, 84)]"
2019-06-28 10:49:00,ASK_DEPTH,"[(99550, 191)]"
2019-06-28 10:49:00,IMBALANCE,"[84, 191]"
2019-06-28 10:49:00,HOLDINGS_UPDATED,"{'CASH': 13370446, 'JPM': -34}"
2019-06-28 10:50:00,BID_DEPTH,"[(99253, 269)]"
2019-06-28 10:50:00,ASK_DEPTH,"[(99550, 234)]"
2019-06-28 10:50:00,IMBALANCE,"[269, 234]"
2019-06-28 10:50:00,HOLDINGS_UPDATED,"{'CASH': 13568952, 'JPM': -36}"
2019-06-28 10:51:00,BID_DEPTH,"[(99253, 262)]"
2019-06-28 10:51:00,ASK_DEPTH,"[(99665, 234)]"
2019-06-28 10:51:00,IMBALANCE,"[262, 234]"
2019-06-28 10:51:00,HOLDINGS_UPDATED,"{'CASH': 13767458, 'JPM': -38}"
2019-06-28 10:52:00,BID_DEPTH,"[(99253, 212)]"
2019-06-28 10:52:00,ASK_DEPTH,"[(99670, 191)]"
2019-06-28 10:52:00,IMBALANCE,"[212, 191]"
2019-06-28 10:52:00,HOLDINGS_UPDATED,"{'CASH': 13965964, 'JPM': -40}"
2019-06-28 10:53:00,BID_DEPTH,"[(99253, 105)]"
2019-06-28 10:53:00,ASK_DEPTH,"[(99687, 191)]"
2019-06-28 10:53:00,IMBALANCE,"[105, 191]"
2019-06-28 10:53:00,HOLDINGS_UPDATED,"{'CASH': 14164470, 'JPM': -42}"
2019-06-28 10:54:00,BID_DEPTH,"[(99252, 55)]"
2019-06-28 10:54:00,ASK_DEPTH,"[(99703, 191)]"
2019-06-28 10:54:00,IMBALANCE,"[55, 191]"
2019-06-28 10:54:00,HOLDINGS_UPDATED,"{'CASH': 14362974, 'JPM': -44}"
2019-06-28 10:55:00,BID_DEPTH,"[(99203, 139)]"
2019-06-28 10:55:00,ASK_DEPTH,"[(99703, 191)]"
2019-06-28 10:55:00,IMBALANCE,"[139, 191]"
2019-06-28 10:55:00,HOLDINGS_UPDATED,"{'CASH': 14561380, 'JPM': -46}"
2019-06-28 10:56:00,BID_DEPTH,"[(99553, 316)]"
2019-06-28 10:56:00,ASK_DEPTH,"[(99588, 368)]"
2019-06-28 10:56:00,IMBALANCE,"[316, 368]"
2019-06-28 10:56:00,HOLDINGS_UPDATED,"{'CASH': 14760486, 'JPM': -48}"
2019-06-28 10:57:00,BID_DEPTH,"[(99579, 316)]"
2019-06-28 10:57:00,ASK_DEPTH,"[(99748, 368)]"
2019-06-28 10:57:00,IMBALANCE,"[316, 368]"
2019-06-28 10:57:00,HOLDINGS_UPDATED,"{'CASH': 14959644, 'JPM': -50}"
2019-06-28 10:58:00,BID_DEPTH,"[(99579, 215)]"
2019-06-28 10:58:00,ASK_DEPTH,"[(99748, 167)]"
2019-06-28 10:58:00,IMBALANCE,"[215, 167]"
2019-06-28 10:58:00,HOLDINGS_UPDATED,"{'CASH': 15158802, 'JPM': -52}"
2019-06-28 10:59:00,BID_DEPTH,"[(99579, 195)]"
2019-06-28 10:59:00,ASK_DEPTH,"[(99748, 154)]"
2019-06-28 10:59:00,IMBALANCE,"[195, 154]"
2019-06-28 10:59:00,HOLDINGS_UPDATED,"{'CASH': 15357960, 'JPM': -54}"
2019-06-28 11:00:00,BID_DEPTH,"[(99580, 239)]"
2019-06-28 11:00:00,ASK_DEPTH,"[(99758, 191)]"
2019-06-28 11:00:00,IMBALANCE,"[239, 191]"
2019-06-28 11:00:00,HOLDINGS_UPDATED,"{'CASH': 15557120, 'JPM': -56}"
2019-06-28 11:01:00,BID_DEPTH,"[(99581, 139)]"
2019-06-28 11:01:00,ASK_DEPTH,"[(99781, 191)]"
2019-06-28 11:01:00,IMBALANCE,"[139, 191]"
2019-06-28 11:01:00,HOLDINGS_UPDATED,"{'CASH': 15756282, 'JPM': -58}"
2019-06-28 11:02:00,BID_DEPTH,"[(99580, 108)]"
2019-06-28 11:02:00,ASK_DEPTH,"[(99781, 167)]"
2019-06-28 11:02:00,IMBALANCE,"[108, 167]"
2019-06-28 11:02:00,HOLDINGS_UPDATED,"{'CASH': 15955442, 'JPM': -60}"
2019-06-28 11:03:00,BID_DEPTH,"[(99580, 282)]"
2019-06-28 11:03:00,ASK_DEPTH,"[(99884, 234)]"
2019-06-28 11:03:00,IMBALANCE,"[282, 234]"
2019-06-28 11:03:00,HOLDINGS_UPDATED,"{'CASH': 16154602, 'JPM': -62}"
2019-06-28 11:04:00,BID_DEPTH,"[(99580, 275)]"
2019-06-28 11:04:00,ASK_DEPTH,"[(99884, 234)]"
2019-06-28 11:04:00,IMBALANCE,"[275, 234]"
2019-06-28 11:04:00,HOLDINGS_UPDATED,"{'CASH': 16353762, 'JPM': -64}"
2019-06-28 11:05:00,BID_DEPTH,"[(99580, 101)]"
2019-06-28 11:05:00,ASK_DEPTH,"[(99884, 167)]"
2019-06-28 11:05:00,IMBALANCE,"[101, 167]"
2019-06-28 11:05:00,HOLDINGS_UPDATED,"{'CASH': 16552922, 'JPM': -66}"
2019-06-28 11:06:00,BID_DEPTH,"[(99580, 115)]"
2019-06-28 11:06:00,ASK_DEPTH,"[(99851, 167)]"
2019-06-28 11:06:00,IMBALANCE,"[115, 167]"
2019-06-28 11:06:00,HOLDINGS_UPDATED,"{'CASH': 16752082, 'JPM': -68}"
2019-06-28 11:07:00,BID_DEPTH,"[(99580, 182)]"
2019-06-28 11:07:00,ASK_DEPTH,"[(99851, 234)]"
2019-06-28 11:07:00,IMBALANCE,"[182, 234]"
2019-06-28 11:07:00,HOLDINGS_UPDATED,"{'CASH': 16951242, 'JPM': -70}"
2019-06-28 11:08:00,BID_DEPTH,"[(100012, 368)]"
2019-06-28 11:08:00,ASK_DEPTH,"[(100057, 316)]"
2019-06-28 11:08:00,IMBALANCE,"[368, 316]"
2019-06-28 11:08:00,HOLDINGS_UPDATED,"{'CASH': 16751128, 'JPM': -68}"
2019-06-28 11:09:00,BID_DEPTH,"[(100012, 191)]"
2019-06-28 11:09:00,ASK_DEPTH,"[(100070, 139)]"
2019-06-28 11:09:00,IMBALANCE,"[191, 139]"
2019-06-28 11:09:00,HOLDINGS_UPDATED,"{'CASH': 16550988, 'JPM': -66}"
2019-06-28 11:10:00,BID_DEPTH,"[(99774, 368)]"
2019-06-28 11:10:00,ASK_DEPTH,"[(99834, 316)]"
2019-06-28 11:10:00,IMBALANCE,"[368, 316]"
2019-06-28 11:10:00,HOLDINGS_UPDATED,"{'CASH': 16351320, 'JPM': -64}"
2019-06-28 11:11:00,BID_DEPTH,"[(99904, 167)]"
2019-06-28 11:11:00,ASK_DEPTH,"[(100007, 115)]"
2019-06-28 11:11:00,IMBALANCE,"[167, 115]"
2019-06-28 11:11:00,HOLDINGS_UPDATED,"{'CASH': 16151306, 'JPM': -62}"
2019-06-28 11:12:00,BID_DEPTH,"[(99834, 368)]"
2019-06-28 11:12:00,ASK_DEPTH,"[(100006, 316)]"
2019-06-28 11:12:00,IMBALANCE,"[368, 316]"
2019-06-28 11:12:00,HOLDINGS_UPDATED,"{'CASH': 15951294, 'JPM': -60}"
2019-06-28 11:13:00,BID_DEPTH,"[(99774, 191)]"
2019-06-28 11:13:00,ASK_DEPTH,"[(100007, 47)]"
2019-06-28 11:13:00,IMBALANCE,"[191, 47]"
2019-06-28 11:13:00,HOLDINGS_UPDATED,"{'CASH': 15751280, 'JPM': -58}"
2019-06-28 11:14:00,BID_DEPTH,"[(99774, 368)]"
2019-06-28 11:14:00,ASK_DEPTH,"[(100006, 316)]"
2019-06-28 11:14:00,IMBALANCE,"[368, 316]"
2019-06-28 11:14:00,HOLDINGS_UPDATED,"{'CASH': 15551268, 'JPM': -56}"
2019-06-28 11:15:00,BID_DEPTH,"[(99774, 191)]"
2019-06-28 11:15:00,ASK_DEPTH,"[(99920, 139)]"
2019-06-28 11:15:00,IMBALANCE,"[191, 139]"
2019-06-28 11:15:00,HOLDINGS_UPDATED,"{'CASH': 15351428, 'JPM': -54}"
2019-06-28 11:16:00,BID_DEPTH,"[(99920, 368)]"
2019-06-28 11:16:00,ASK_DEPTH,"[(100006, 316)]"
2019-06-28 11:16:00,IMBALANCE,"[368, 316]"
2019-06-28 11:16:00,HOLDINGS_UPDATED,"{'CASH': 15151416, 'JPM': -52}"
2019-06-28 11:17:00,BID_DEPTH,"[(99920, 368)]"
2019-06-28 11:17:00,ASK_DEPTH,"[(100006, 224)]"
2019-06-28 11:17:00,IMBALANCE,"[368, 224]"
2019-06-28 11:17:00,HOLDINGS_UPDATED,"{'CASH': 14951404, 'JPM': -50}"
2019-06-28 11:18:00,BID_DEPTH,"[(100006, 167)]"
2019-06-28 11:18:00,ASK_DEPTH,"[(100070, 23)]"
2019-06-28 11:18:00,IMBALANCE,"[167, 23]"
2019-06-28 11:18:00,HOLDINGS_UPDATED,"{'CASH': 14751264, 'JPM': -48}"
2019-06-28 11:19:00,BID_DEPTH,"[(100006, 167)]"
2019-06-28 11:19:00,ASK_DEPTH,"[(100070, 23)]"
2019-06-28 11:19:00,IMBALANCE,"[167, 23]"
2019-06-28 11:19:00,HOLDINGS_UPDATED,"{'CASH': 14551124, 'JPM': -46}"
2019-06-28 11:20:00,BID_DEPTH,"[(100006, 368)]"
2019-06-28 11:20:00,ASK_DEPTH,"[(100110, 470)]"
2019-06-28 11:20:00,IMBALANCE,"[368, 470]"
2019-06-28 11:20:00,HOLDINGS_UPDATED,"{'CASH': 14350904, 'JPM': -44}"
2019-06-28 11:21:00,BID_DEPTH,"[(99920, 368)]"
2019-06-28 11:21:00,ASK_DEPTH,"[(100109, 316)]"
2019-06-28 11:21:00,IMBALANCE,"[368, 316]"
2019-06-28 11:21:00,HOLDINGS_UPDATED,"{'CASH': 14150686, 'JPM': -42}"
2019-06-28 11:22:00,BID_DEPTH,"[(99845, 167)]"
2019-06-28 11:22:00,ASK_DEPTH,"[(100108, 115)]"
2019-06-28 11:22:00,IMBALANCE,"[167, 115]"
2019-06-28 11:22:00,HOLDINGS_UPDATED,"{'CASH': 13950470, 'JPM': -40}"
2019-06-28 11:23:00,BID_DEPTH,"[(99747, 191)]"
2019-06-28 11:23:00,ASK_DEPTH,"[(99840, 71)]"
2019-06-28 11:23:00,IMBALANCE,"[191, 71]"
2019-06-28 11:23:00,HOLDINGS_UPDATED,"{'CASH': 13750790, 'JPM': -38}"
2019-06-28 11:24:00,BID_DEPTH,"[(99780, 167)]"
2019-06-28 11:24:00,ASK_DEPTH,"[(99840, 315)]"
2019-06-28 11:24:00,IMBALANCE,"[167, 315]"
2019-06-28 11:24:00,HOLDINGS_UPDATED,"{'CASH': 13551110, 'JPM': -36}"
2019-06-28 11:25:00,BID_DEPTH,"[(99780, 234)]"
2019-06-28 11:25:00,ASK_DEPTH,"[(99840, 375)]"
2019-06-28 11:25:00,IMBALANCE,"[234, 375]"
2019-06-28 11:25:00,HOLDINGS_UPDATED,"{'CASH': 13351430, 'JPM': -34}"
2019-06-28 11:26:00,BID_DEPTH,"[(99747, 154)]"
2019-06-28 11:26:00,ASK_DEPTH,"[(99833, 102)]"
2019-06-28 11:26:00,IMBALANCE,"[154, 102]"
2019-06-28 11:26:00,HOLDINGS_UPDATED,"{'CASH': 13151764, 'JPM': -32}"
2019-06-28 11:27:00,BID_DEPTH,"[(99695, 154)]"
2019-06-28 11:27:00,ASK_DEPTH,"[(99840, 88)]"
2019-06-28 11:27:00,IMBALANCE,"[154, 88]"
2019-06-28 11:27:00,HOLDINGS_UPDATED,"{'CASH': 12952084, 'JPM': -30}"
2019-06-28 11:28:00,BID_DEPTH,"[(99866, 234)]"
2019-06-28 11:28:00,ASK_DEPTH,"[(99986, 182)]"
2019-06-28 11:28:00,IMBALANCE,"[234, 182]"
2019-06-28 11:28:00,HOLDINGS_UPDATED,"{'CASH': 12752112, 'JPM': -28}"
2019-06-28 11:29:00,BID_DEPTH,"[(99959, 234)]"
2019-06-28 11:29:00,ASK_DEPTH,"[(100109, 90)]"
2019-06-28 11:29:00,IMBALANCE,"[234, 90]"
2019-06-28 11:29:00,HOLDINGS_UPDATED,"{'CASH': 12551894, 'JPM': -26}"
2019-06-28 11:30:00,BID_DEPTH,"[(99784, 167)]"
2019-06-28 11:30:00,ASK_DEPTH,"[(100109, 215)]"
2019-06-28 11:30:00,IMBALANCE,"[167, 215]"
2019-06-28 11:30:00,HOLDINGS_UPDATED,"{'CASH': 12351676, 'JPM': -24}"
2019-06-28 11:31:00,BID_DEPTH,"[(99768, 191)]"
2019-06-28 11:31:00,ASK_DEPTH,"[(99784, 272)]"
2019-06-28 11:31:00,IMBALANCE,"[191, 272]"
2019-06-28 11:31:00,HOLDINGS_UPDATED,"{'CASH': 12152108, 'JPM': -22}"
2019-06-28 11:32:00,BID_DEPTH,"[(99768, 368)]"
2019-06-28 11:32:00,ASK_DEPTH,"[(99784, 342)]"
2019-06-28 11:32:00,IMBALANCE,"[368, 342]"
2019-06-28 11:32:00,HOLDINGS_UPDATED,"{'CASH': 11952540, 'JPM': -20}"
2019-06-28 11:33:00,BID_DEPTH,"[(99683, 191)]"
2019-06-28 11:33:00,ASK_DEPTH,"[(99784, 58)]"
2019-06-28 11:33:00,IMBALANCE,"[191, 58]"
2019-06-28 11:33:00,HOLDINGS_UPDATED,"{'CASH': 11752972, 'JPM': -18}"
2019-06-28 11:34:00,BID_DEPTH,"[(100016, 154)]"
2019-06-28 11:34:00,ASK_DEPTH,"[(100110, 18)]"
2019-06-28 11:34:00,IMBALANCE,"[154, 18]"
2019-06-28 11:34:00,HOLDINGS_UPDATED,"{'CASH': 11552752, 'JPM': -16}"
2019-06-28 11:35:00,BID_DEPTH,"[(99939, 167)]"
2019-06-28 11:35:00,ASK_DEPTH,"[(100016, 24)]"
2019-06-28 11:35:00,IMBALANCE,"[167, 24]"
2019-06-28 11:35:00,HOLDINGS_UPDATED,"{'CASH': 11352720, 'JPM': -14}"
2019-06-28 11:36:00,BID_DEPTH,"[(99683, 154)]"
2019-06-28 11:36:00,ASK_DEPTH,"[(99745, 102)]"
2019-06-28 11:36:00,IMBALANCE,"[154, 102]"
2019-06-28 11:36:00,HOLDINGS_UPDATED,"{'CASH': 11153230, 'JPM': -12}"
2019-06-28 11:37:00,BID_DEPTH,"[(99628, 167)]"
2019-06-28 11:37:00,ASK_DEPTH,"[(99745, 115)]"
2019-06-28 11:37:00,IMBALANCE,"[167, 115]"
2019-06-28 11:37:00,HOLDINGS_UPDATED,"{'CASH': 10953740, 'JPM': -10}"
2019-06-28 11:38:00,BID_DEPTH,"[(99499, 191)]"
2019-06-28 11:38:00,ASK_DEPTH,"[(99745, 139)]"
2019-06-28 11:38:00,IMBALANCE,"[191, 139]"
2019-06-28 11:38:00,HOLDINGS_UPDATED,"{'CASH': 10754250, 'JPM': -8}"
2019-06-28 11:39:00,BID_DEPTH,"[(99432, 167)]"
2019-06-28 11:39:00,ASK_DEPTH,"[(99666, 115)]"
2019-06-28 11:39:00,IMBALANCE,"[167, 115]"
2019-06-28 11:39:00,HOLDINGS_UPDATED,"{'CASH': 10554918, 'JPM': -6}"
2019-06-28 11:40:00,BID_DEPTH,"[(99432, 234)]"
2019-06-28 11:40:00,ASK_DEPTH,"[(100064, 182)]"
2019-06-28 11:40:00,IMBALANCE,"[234, 182]"
2019-06-28 11:40:00,HOLDINGS_UPDATED,"{'CASH': 10354790, 'JPM': -4}"
2019-06-28 11:41:00,BID_DEPTH,"[(100064, 368)]"
2019-06-28 11:41:00,ASK_DEPTH,"[(100110, 285)]"
2019-06-28 11:41:00,IMBALANCE,"[368, 285]"
2019-06-28 11:41:00,HOLDINGS_UPDATED,"{'CASH': 10154570, 'JPM': -2}"
2019-06-28 11:42:00,BID_DEPTH,"[(100064, 234)]"
2019-06-28 11:42:00,ASK_DEPTH,"[(100110, 90)]"
2019-06-28 11:42:00,IMBALANCE,"[234, 90]"
2019-06-28 11:42:00,HOLDINGS_UPDATED,{'CASH': 9954350}
2019-06-28 11:43:00,BID_DEPTH,"[(99432, 191)]"
2019-06-28 11:43:00,ASK_DEPTH,"[(99752, 139)]"
2019-06-28 11:43:00,IMBALANCE,"[191, 139]"
2019-06-28 11:43:00,HOLDINGS_UPDATED,"{'CASH': 9754846, 'JPM': 2}"
2019-06-28 11:44:00,BID_DEPTH,"[(99432, 139)]"
2019-06-28 11:44:00,ASK_DEPTH,"[(99953, 191)]"
2019-06-28 11:44:00,IMBALANCE,"[139, 191]"
2019-06-28 11:44:00,HOLDINGS_UPDATED,{'CASH': 9953710}
2019-06-28 11:45:00,BID_DEPTH,"[(99874, 139)]"
2019-06-28 11:45:00,ASK_DEPTH,"[(99953, 191)]"
2019-06-28 11:45:00,IMBALANCE,"[139, 191]"
2019-06-28 11:45:00,HOLDINGS_UPDATED,"{'CASH': 10153458, 'JPM': -2}"
2019-06-28 11:46:00,BID_DEPTH,"[(99714, 139)]"
2019-06-28 11:46:00,ASK_DEPTH,"[(99953, 191)]"
2019-06-28 11:46:00,IMBALANCE,"[139, 191]"
2019-06-28 11:46:00,HOLDINGS_UPDATED,"{'CASH': 10352886, 'JPM': -4}"
2019-06-28 11:47:00,BID_DEPTH,"[(99588, 115)]"
2019-06-28 11:47:00,ASK_DEPTH,"[(99714, 167)]"
2019-06-28 11:47:00,IMBALANCE,"[115, 167]"
2019-06-28 11:47:00,HOLDINGS_UPDATED,"{'CASH': 10552062, 'JPM': -6}"
2019-06-28 11:48:00,BID_DEPTH,"[(99461, 115)]"
2019-06-28 11:48:00,ASK_DEPTH,"[(99533, 167)]"
2019-06-28 11:48:00,IMBALANCE,"[115, 167]"
2019-06-28 11:48:00,HOLDINGS_UPDATED,"{'CASH': 10750984, 'JPM': -8}"
2019-06-28 11:49:00,BID_DEPTH,"[(99533, 35)]"
2019-06-28 11:49:00,ASK_DEPTH,"[(99588, 94)]"
2019-06-28 11:49:00,IMBALANCE,"[35, 94]"
2019-06-28 11:49:00,HOLDINGS_UPDATED,"{'CASH': 10950050, 'JPM': -10}"
2019-06-28 11:50:00,BID_DEPTH,"[(99461, 23)]"
2019-06-28 11:50:00,ASK_DEPTH,"[(99533, 70)]"
2019-06-28 11:50:00,IMBALANCE,"[23, 70]"
2019-06-28 11:50:00,HOLDINGS_UPDATED,"{'CASH': 11148972, 'JPM': -12}"
2019-06-28 11:51:00,BID_DEPTH,"[(99432, 79)]"
2019-06-28 11:51:00,ASK_DEPTH,"[(99533, 57)]"
2019-06-28 11:51:00,IMBALANCE,"[79, 57]"
2019-06-28 11:51:00,HOLDINGS_UPDATED,"{'CASH': 11347836, 'JPM': -14}"
2019-06-28 11:52:00,BID_DEPTH,"[(99432, 47)]"
2019-06-28 11:52:00,ASK_DEPTH,"[(99533, 94)]"
2019-06-28 11:52:00,IMBALANCE,"[47, 94]"
2019-06-28 11:52:00,HOLDINGS_UPDATED,"{'CASH': 11546700, 'JPM': -16}"
2019-06-28 11:53:00,BID_DEPTH,"[(99314, 416)]"
2019-06-28 11:53:00,ASK_DEPTH,"[(99533, 271)]"
2019-06-28 11:53:00,IMBALANCE,"[416, 271]"
2019-06-28 11:53:00,HOLDINGS_UPDATED,"{'CASH': 11745328, 'JPM': -18}"
2019-06-28 11:54:00,BID_DEPTH,"[(99533, 222)]"
2019-06-28 11:54:00,ASK_DEPTH,"[(99588, 308)]"
2019-06-28 11:54:00,IMBALANCE,"[222, 308]"
2019-06-28 11:54:00,HOLDINGS_UPDATED,"{'CASH': 11944394, 'JPM': -20}"
2019-06-28 11:55:00,BID_DEPTH,"[(99750, 148)]"
2019-06-28 11:55:00,ASK_DEPTH,"[(99808, 167)]"
2019-06-28 11:55:00,IMBALANCE,"[148, 167]"
2019-06-28 11:55:00,HOLDINGS_UPDATED,"{'CASH': 12143894, 'JPM': -22}"
2019-06-28 11:56:00,BID_DEPTH,"[(99750, 342)]"
2019-06-28 11:56:00,ASK_DEPTH,"[(99808, 368)]"
2019-06-28 11:56:00,IMBALANCE,"[342, 368]"
2019-06-28 11:56:00,HOLDINGS_UPDATED,"{'CASH': 12343394, 'JPM': -24}"
2019-06-28 11:57:00,BID_DEPTH,"[(99750, 134)]"
2019-06-28 11:57:00,ASK_DEPTH,"[(99953, 167)]"
2019-06-28 11:57:00,IMBALANCE,"[134, 167]"
2019-06-28 11:57:00,HOLDINGS_UPDATED,"{'CASH': 12542894, 'JPM': -26}"
2019-06-28 11:58:00,BID_DEPTH,"[(99750, 127)]"
2019-06-28 11:58:00,ASK_DEPTH,"[(99828, 167)]"
2019-06-28 11:58:00,IMBALANCE,"[127, 167]"
2019-06-28 11:58:00,HOLDINGS_UPDATED,"{'CASH': 12742394, 'JPM': -28}"
2019-06-28 11:59:00,BID_DEPTH,"[(99533, 139)]"
2019-06-28 11:59:00,ASK_DEPTH,"[(99616, 191)]"
2019-06-28 11:59:00,IMBALANCE,"[139, 191]"
2019-06-28 11:59:00,HOLDINGS_UPDATED,"{'CASH': 12941460, 'JPM': -30}"
2019-06-28 12:00:00,BID_DEPTH,"[(99314, 47)]"
2019-06-28 12:00:00,ASK_DEPTH,"[(99616, 191)]"
2019-06-28 12:00:00,IMBALANCE,"[47, 191]"
2019-06-28 12:00:00,HOLDINGS_UPDATED,"{'CASH': 13140088, 'JPM': -32}"
2019-06-28 12:01:00,BID_DEPTH,"[(99310, 139)]"
2019-06-28 12:01:00,ASK_DEPTH,"[(99616, 191)]"
2019-06-28 12:01:00,IMBALANCE,"[139, 191]"
2019-06-28 12:01:00,HOLDINGS_UPDATED,"{'CASH': 13338708, 'JPM': -34}"
2019-06-28 12:02:00,BID_DEPTH,"[(99269, 102)]"
2019-06-28 12:02:00,ASK_DEPTH,"[(99310, 154)]"
2019-06-28 12:02:00,IMBALANCE,"[102, 154]"
2019-06-28 12:02:00,HOLDINGS_UPDATED,"{'CASH': 13537246, 'JPM': -36}"
2019-06-28 12:03:00,BID_DEPTH,"[(98188, 102)]"
2019-06-28 12:03:00,ASK_DEPTH,"[(98620, 154)]"
2019-06-28 12:03:00,IMBALANCE,"[102, 154]"
2019-06-28 12:03:00,HOLDINGS_UPDATED,"{'CASH': 13733622, 'JPM': -38}"
2019-06-28 12:04:00,BID_DEPTH,"[(99219, 102)]"
2019-06-28 12:04:00,ASK_DEPTH,"[(99238, 154)]"
2019-06-28 12:04:00,IMBALANCE,"[102, 154]"
2019-06-28 12:04:00,HOLDINGS_UPDATED,"{'CASH': 13932060, 'JPM': -40}"
2019-06-28 12:05:00,BID_DEPTH,"[(99219, 224)]"
2019-06-28 12:05:00,ASK_DEPTH,"[(99255, 368)]"
2019-06-28 12:05:00,IMBALANCE,"[224, 368]"
2019-06-28 12:05:00,HOLDINGS_UPDATED,"{'CASH': 14130498, 'JPM': -42}"
2019-06-28 12:06:00,BID_DEPTH,"[(99220, 139)]"
2019-06-28 12:06:00,ASK_DEPTH,"[(99354, 191)]"
2019-06-28 12:06:00,IMBALANCE,"[139, 191]"
2019-06-28 12:06:00,HOLDINGS_UPDATED,"{'CASH': 14328938, 'JPM': -44}"
2019-06-28 12:07:00,BID_DEPTH,"[(99220, 102)]"
2019-06-28 12:07:00,ASK_DEPTH,"[(99616, 154)]"
2019-06-28 12:07:00,IMBALANCE,"[102, 154]"
2019-06-28 12:07:00,HOLDINGS_UPDATED,"{'CASH': 14527378, 'JPM': -46}"
2019-06-28 12:08:00,BID_DEPTH,"[(99220, 182)]"
2019-06-28 12:08:00,ASK_DEPTH,"[(99750, 175)]"
2019-06-28 12:08:00,IMBALANCE,"[182, 175]"
2019-06-28 12:08:00,HOLDINGS_UPDATED,"{'CASH': 14725818, 'JPM': -48}"
2019-06-28 12:09:00,BID_DEPTH,"[(99220, 102)]"
2019-06-28 12:09:00,ASK_DEPTH,"[(99954, 154)]"
2019-06-28 12:09:00,IMBALANCE,"[102, 154]"
2019-06-28 12:09:00,HOLDINGS_UPDATED,"{'CASH': 14924258, 'JPM': -50}"
2019-06-28 12:10:00,BID_DEPTH,"[(99219, 47)]"
2019-06-28 12:10:00,ASK_DEPTH,"[(100360, 191)]"
2019-06-28 12:10:00,IMBALANCE,"[47, 191]"
2019-06-28 12:10:00,HOLDINGS_UPDATED,"{'CASH': 15122696, 'JPM': -52}"
2019-06-28 12:11:00,BID_DEPTH,"[(99171, 102)]"
2019-06-28 12:11:00,ASK_DEPTH,"[(100608, 154)]"
2019-06-28 12:11:00,IMBALANCE,"[102, 154]"
2019-06-28 12:11:00,HOLDINGS_UPDATED,"{'CASH': 15321038, 'JPM': -54}"
2019-06-28 12:12:00,BID_DEPTH,"[(99957, 316)]"
2019-06-28 12:12:00,ASK_DEPTH,"[(100203, 368)]"
2019-06-28 12:12:00,IMBALANCE,"[316, 368]"
2019-06-28 12:12:00,HOLDINGS_UPDATED,"{'CASH': 15520952, 'JPM': -56}"
2019-06-28 12:13:00,BID_DEPTH,"[(99548, 182)]"
2019-06-28 12:13:00,ASK_DEPTH,"[(99957, 234)]"
2019-06-28 12:13:00,IMBALANCE,"[182, 234]"
2019-06-28 12:13:00,HOLDINGS_UPDATED,"{'CASH': 15720048, 'JPM': -58}"
2019-06-28 12:14:00,BID_DEPTH,"[(98220, 139)]"
2019-06-28 12:14:00,ASK_DEPTH,"[(98427, 191)]"
2019-06-28 12:14:00,IMBALANCE,"[139, 191]"
2019-06-28 12:14:00,HOLDINGS_UPDATED,"{'CASH': 15916488, 'JPM': -60}"
2019-06-28 12:15:00,BID_DEPTH,"[(98427, 249)]"
2019-06-28 12:15:00,ASK_DEPTH,"[(98958, 368)]"
2019-06-28 12:15:00,IMBALANCE,"[249, 368]"
2019-06-28 12:15:00,HOLDINGS_UPDATED,"{'CASH': 16113342, 'JPM': -62}"
2019-06-28 12:16:00,BID_DEPTH,"[(98428, 139)]"
2019-06-28 12:16:00,ASK_DEPTH,"[(99170, 208)]"
2019-06-28 12:16:00,IMBALANCE,"[139, 208]"
2019-06-28 12:16:00,HOLDINGS_UPDATED,"{'CASH': 16310198, 'JPM': -64}"
2019-06-28 12:17:00,BID_DEPTH,"[(98955, 48)]"
2019-06-28 12:17:00,ASK_DEPTH,"[(99170, 191)]"
2019-06-28 12:17:00,IMBALANCE,"[48, 191]"
2019-06-28 12:17:00,HOLDINGS_UPDATED,"{'CASH': 16508108, 'JPM': -66}"
2019-06-28 12:18:00,BID_DEPTH,"[(98955, 90)]"
2019-06-28 12:18:00,ASK_DEPTH,"[(100203, 234)]"
2019-06-28 12:18:00,IMBALANCE,"[90, 234]"
2019-06-28 12:18:00,HOLDINGS_UPDATED,"{'CASH': 16706018, 'JPM': -68}"
2019-06-28 12:19:00,BID_DEPTH,"[(99578, 139)]"
2019-06-28 12:19:00,ASK_DEPTH,"[(100203, 191)]"
2019-06-28 12:19:00,IMBALANCE,"[139, 191]"
2019-06-28 12:19:00,HOLDINGS_UPDATED,"{'CASH': 16905174, 'JPM': -70}"
2019-06-28 12:20:00,BID_DEPTH,"[(98955, 182)]"
2019-06-28 12:20:00,ASK_DEPTH,"[(100909, 234)]"
2019-06-28 12:20:00,IMBALANCE,"[182, 234]"
2019-06-28 12:20:00,HOLDINGS_UPDATED,"{'CASH': 17103084, 'JPM': -72}"
2019-06-28 12:21:00,BID_DEPTH,"[(100817, 316)]"
2019-06-28 12:21:00,ASK_DEPTH,"[(101361, 368)]"
2019-06-28 12:21:00,IMBALANCE,"[316, 368]"
2019-06-28 12:21:00,HOLDINGS_UPDATED,"{'CASH': 17304718, 'JPM': -74}"
2019-06-28 12:22:00,BID_DEPTH,"[(100802, 115)]"
2019-06-28 12:22:00,ASK_DEPTH,"[(101047, 167)]"
2019-06-28 12:22:00,IMBALANCE,"[115, 167]"
2019-06-28 12:22:00,HOLDINGS_UPDATED,"{'CASH': 17506322, 'JPM': -76}"
2019-06-28 12:23:00,BID_DEPTH,"[(100638, 234)]"
2019-06-28 12:23:00,ASK_DEPTH,"[(101047, 182)]"
2019-06-28 12:23:00,IMBALANCE,"[234, 182]"
2019-06-28 12:23:00,HOLDINGS_UPDATED,"{'CASH': 17304228, 'JPM': -74}"
2019-06-28 12:24:00,BID_DEPTH,"[(100923, 154)]"
2019-06-28 12:24:00,ASK_DEPTH,"[(101113, 102)]"
2019-06-28 12:24:00,IMBALANCE,"[154, 102]"
2019-06-28 12:24:00,HOLDINGS_UPDATED,"{'CASH': 17102002, 'JPM': -72}"
2019-06-28 12:25:00,BID_DEPTH,"[(101113, 116)]"
2019-06-28 12:25:00,ASK_DEPTH,"[(101192, 139)]"
2019-06-28 12:25:00,IMBALANCE,"[116, 139]"
2019-06-28 12:25:00,HOLDINGS_UPDATED,"{'CASH': 16899618, 'JPM': -70}"
2019-06-28 12:26:00,BID_DEPTH,"[(100931, 368)]"
2019-06-28 12:26:00,ASK_DEPTH,"[(101113, 300)]"
2019-06-28 12:26:00,IMBALANCE,"[368, 300]"
2019-06-28 12:26:00,HOLDINGS_UPDATED,"{'CASH': 16697392, 'JPM': -68}"
2019-06-28 12:27:00,BID_DEPTH,"[(100638, 320)]"
2019-06-28 12:27:00,ASK_DEPTH,"[(100883, 128)]"
2019-06-28 12:27:00,IMBALANCE,"[320, 128]"
2019-06-28 12:27:00,HOLDINGS_UPDATED,"{'CASH': 16495626, 'JPM': -66}"
2019-06-28 12:28:00,BID_DEPTH,"[(100428, 368)]"
2019-06-28 12:28:00,ASK_DEPTH,"[(100638, 316)]"
2019-06-28 12:28:00,IMBALANCE,"[368, 316]"
2019-06-28 12:28:00,HOLDINGS_UPDATED,"{'CASH': 16294350, 'JPM': -64}"
2019-06-28 12:29:00,BID_DEPTH,"[(100428, 234)]"
2019-06-28 12:29:00,ASK_DEPTH,"[(100638, 182)]"
2019-06-28 12:29:00,IMBALANCE,"[234, 182]"
2019-06-28 12:29:00,HOLDINGS_UPDATED,"{'CASH': 16093074, 'JPM': -62}"
2019-06-28 12:30:00,BID_DEPTH,"[(100257, 191)]"
2019-06-28 12:30:00,ASK_DEPTH,"[(100773, 139)]"
2019-06-28 12:30:00,IMBALANCE,"[191, 139]"
2019-06-28 12:30:00,HOLDINGS_UPDATED,"{'CASH': 15891528, 'JPM': -60}"
2019-06-28 12:31:00,BID_DEPTH,"[(100773, 267)]"
2019-06-28 12:31:00,ASK_DEPTH,"[(100883, 23)]"
2019-06-28 12:31:00,IMBALANCE,"[267, 23]"
2019-06-28 12:31:00,HOLDINGS_UPDATED,"{'CASH': 15689762, 'JPM': -58}"
2019-06-28 12:32:00,BID_DEPTH,"[(100883, 92)]"
2019-06-28 12:32:00,ASK_DEPTH,"[(101113, 47)]"
2019-06-28 12:32:00,IMBALANCE,"[92, 47]"
2019-06-28 12:32:00,HOLDINGS_UPDATED,"{'CASH': 15487536, 'JPM': -56}"
2019-06-28 12:33:00,BID_DEPTH,"[(101142, 254)]"
2019-06-28 12:33:00,ASK_DEPTH,"[(101249, 102)]"
2019-06-28 12:33:00,IMBALANCE,"[254, 102]"
2019-06-28 12:33:00,HOLDINGS_UPDATED,"{'CASH': 15285038, 'JPM': -54}"
2019-06-28 12:34:00,BID_DEPTH,"[(101142, 468)]"
2019-06-28 12:34:00,ASK_DEPTH,"[(101249, 224)]"
2019-06-28 12:34:00,IMBALANCE,"[468, 224]"
2019-06-28 12:34:00,HOLDINGS_UPDATED,"{'CASH': 15082540, 'JPM': -52}"
2019-06-28 12:35:00,BID_DEPTH,"[(101142, 267)]"
2019-06-28 12:35:00,ASK_DEPTH,"[(101305, 115)]"
2019-06-28 12:35:00,IMBALANCE,"[267, 115]"
2019-06-28 12:35:00,HOLDINGS_UPDATED,"{'CASH': 14879930, 'JPM': -50}"
2019-06-28 12:36:00,BID_DEPTH,"[(101142, 254)]"
2019-06-28 12:36:00,ASK_DEPTH,"[(101608, 102)]"
2019-06-28 12:36:00,IMBALANCE,"[254, 102]"
2019-06-28 12:36:00,HOLDINGS_UPDATED,"{'CASH': 14676714, 'JPM': -48}"
2019-06-28 12:37:00,BID_DEPTH,"[(101142, 254)]"
2019-06-28 12:37:00,ASK_DEPTH,"[(101767, 102)]"
2019-06-28 12:37:00,IMBALANCE,"[254, 102]"
2019-06-28 12:37:00,HOLDINGS_UPDATED,"{'CASH': 14473180, 'JPM': -46}"
2019-06-28 12:38:00,BID_DEPTH,"[(101488, 191)]"
2019-06-28 12:38:00,ASK_DEPTH,"[(101706, 139)]"
2019-06-28 12:38:00,IMBALANCE,"[191, 139]"
2019-06-28 12:38:00,HOLDINGS_UPDATED,"{'CASH': 14269768, 'JPM': -44}"
2019-06-28 12:39:00,BID_DEPTH,"[(101488, 154)]"
2019-06-28 12:39:00,ASK_DEPTH,"[(101706, 210)]"
2019-06-28 12:39:00,IMBALANCE,"[154, 210]"
2019-06-28 12:39:00,HOLDINGS_UPDATED,"{'CASH': 14066356, 'JPM': -42}"
2019-06-28 12:40:00,BID_DEPTH,"[(101488, 188)]"
2019-06-28 12:40:00,ASK_DEPTH,"[(101706, 191)]"
2019-06-28 12:40:00,IMBALANCE,"[188, 191]"
2019-06-28 12:40:00,HOLDINGS_UPDATED,"{'CASH': 13862944, 'JPM': -40}"
2019-06-28 12:41:00,BID_DEPTH,"[(100883, 68)]"
2019-06-28 12:41:00,ASK_DEPTH,"[(101705, 115)]"
2019-06-28 12:41:00,IMBALANCE,"[68, 115]"
2019-06-28 12:41:00,HOLDINGS_UPDATED,"{'CASH': 13659534, 'JPM': -38}"
2019-06-28 12:42:00,BID_DEPTH,"[(100854, 167)]"
2019-06-28 12:42:00,ASK_DEPTH,"[(100883, 23)]"
2019-06-28 12:42:00,IMBALANCE,"[167, 23]"
2019-06-28 12:42:00,HOLDINGS_UPDATED,"{'CASH': 13457768, 'JPM': -36}"
2019-06-28 12:43:00,BID_DEPTH,"[(100854, 154)]"
2019-06-28 12:43:00,ASK_DEPTH,"[(100883, 47)]"
2019-06-28 12:43:00,IMBALANCE,"[154, 47]"
2019-06-28 12:43:00,HOLDINGS_UPDATED,"{'CASH': 13256002, 'JPM': -34}"
2019-06-28 12:44:00,BID_DEPTH,"[(100773, 234)]"
2019-06-28 12:44:00,ASK_DEPTH,"[(101706, 174)]"
2019-06-28 12:44:00,IMBALANCE,"[234, 174]"
2019-06-28 12:44:00,HOLDINGS_UPDATED,"{'CASH': 13052590, 'JPM': -32}"
2019-06-28 12:45:00,BID_DEPTH,"[(98662, 368)]"
2019-06-28 12:45:00,ASK_DEPTH,"[(100332, 328)]"
2019-06-28 12:45:00,IMBALANCE,"[368, 328]"
2019-06-28 12:45:00,HOLDINGS_UPDATED,"{'CASH': 12851926, 'JPM': -30}"
2019-06-28 12:46:00,BID_DEPTH,"[(98662, 191)]"
2019-06-28 12:46:00,ASK_DEPTH,"[(99126, 139)]"
2019-06-28 12:46:00,IMBALANCE,"[191, 139]"
2019-06-28 12:46:00,HOLDINGS_UPDATED,"{'CASH': 12653674, 'JPM': -28}"
2019-06-28 12:47:00,BID_DEPTH,"[(98662, 154)]"
2019-06-28 12:47:00,ASK_DEPTH,"[(99323, 102)]"
2019-06-28 12:47:00,IMBALANCE,"[154, 102]"
2019-06-28 12:47:00,HOLDINGS_UPDATED,"{'CASH': 12455028, 'JPM': -26}"
2019-06-28 12:48:00,BID_DEPTH,"[(98662, 167)]"
2019-06-28 12:48:00,ASK_DEPTH,"[(99323, 215)]"
2019-06-28 12:48:00,IMBALANCE,"[167, 215]"
2019-06-28 12:48:00,HOLDINGS_UPDATED,"{'CASH': 12256382, 'JPM': -24}"
2019-06-28 12:49:00,BID_DEPTH,"[(98795, 154)]"
2019-06-28 12:49:00,ASK_DEPTH,"[(99323, 95)]"
2019-06-28 12:49:00,IMBALANCE,"[154, 95]"
2019-06-28 12:49:00,HOLDINGS_UPDATED,"{'CASH': 12057736, 'JPM': -22}"
2019-06-28 12:50:00,BID_DEPTH,"[(98973, 154)]"
2019-06-28 12:50:00,ASK_DEPTH,"[(99323, 302)]"
2019-06-28 12:50:00,IMBALANCE,"[154, 302]"
2019-06-28 12:50:00,HOLDINGS_UPDATED,"{'CASH': 11859090, 'JPM': -20}"
2019-06-28 12:51:00,BID_DEPTH,"[(99114, 167)]"
2019-06-28 12:51:00,ASK_DEPTH,"[(99292, 115)]"
2019-06-28 12:51:00,IMBALANCE,"[167, 115]"
2019-06-28 12:51:00,HOLDINGS_UPDATED,"{'CASH': 11660506, 'JPM': -18}"
2019-06-28 12:52:00,BID_DEPTH,"[(98973, 154)]"
2019-06-28 12:52:00,ASK_DEPTH,"[(99323, 95)]"
2019-06-28 12:52:00,IMBALANCE,"[154, 95]"
2019-06-28 12:52:00,HOLDINGS_UPDATED,"{'CASH': 11461860, 'JPM': -16}"
2019-06-28 12:53:00,BID_DEPTH,"[(98973, 368)]"
2019-06-28 12:53:00,ASK_DEPTH,"[(99464, 316)]"
2019-06-28 12:53:00,IMBALANCE,"[368, 316]"
2019-06-28 12:53:00,HOLDINGS_UPDATED,"{'CASH': 11262932, 'JPM': -14}"
2019-06-28 12:54:00,BID_DEPTH,"[(98933, 234)]"
2019-06-28 12:54:00,ASK_DEPTH,"[(100332, 282)]"
2019-06-28 12:54:00,IMBALANCE,"[234, 282]"
2019-06-28 12:54:00,HOLDINGS_UPDATED,"{'CASH': 11062268, 'JPM': -12}"
2019-06-28 12:55:00,BID_DEPTH,"[(99026, 115)]"
2019-06-28 12:55:00,ASK_DEPTH,"[(99059, 167)]"
2019-06-28 12:55:00,IMBALANCE,"[115, 167]"
2019-06-28 12:55:00,HOLDINGS_UPDATED,"{'CASH': 11260320, 'JPM': -14}"
2019-06-28 12:56:00,BID_DEPTH,"[(98933, 139)]"
2019-06-28 12:56:00,ASK_DEPTH,"[(98977, 191)]"
2019-06-28 12:56:00,IMBALANCE,"[139, 191]"
2019-06-28 12:56:00,HOLDINGS_UPDATED,"{'CASH': 11458186, 'JPM': -16}"
2019-06-28 12:57:00,BID_DEPTH,"[(98803, 139)]"
2019-06-28 12:57:00,ASK_DEPTH,"[(99253, 191)]"
2019-06-28 12:57:00,IMBALANCE,"[139, 191]"
2019-06-28 12:57:00,HOLDINGS_UPDATED,"{'CASH': 11655792, 'JPM': -18}"
2019-06-28 12:58:00,BID_DEPTH,"[(99109, 316)]"
2019-06-28 12:58:00,ASK_DEPTH,"[(99144, 368)]"
2019-06-28 12:58:00,IMBALANCE,"[316, 368]"
2019-06-28 12:58:00,HOLDINGS_UPDATED,"{'CASH': 11854010, 'JPM': -20}"
2019-06-28 12:59:00,BID_DEPTH,"[(99144, 225)]"
2019-06-28 12:59:00,ASK_DEPTH,"[(99253, 368)]"
2019-06-28 12:59:00,IMBALANCE,"[225, 368]"
2019-06-28 12:59:00,HOLDINGS_UPDATED,"{'CASH': 12052298, 'JPM': -22}"
2019-06-28 13:00:00,BID_DEPTH,"[(98859, 316)]"
2019-06-28 13:00:00,ASK_DEPTH,"[(99253, 368)]"
2019-06-28 13:00:00,IMBALANCE,"[316, 368]"
2019-06-28 13:00:00,HOLDINGS_UPDATED,"{'CASH': 12250016, 'JPM': -24}"
2019-06-28 13:01:00,BID_DEPTH,"[(98681, 182)]"
2019-06-28 13:01:00,ASK_DEPTH,"[(99204, 234)]"
2019-06-28 13:01:00,IMBALANCE,"[182, 234]"
2019-06-28 13:01:00,HOLDINGS_UPDATED,"{'CASH': 12447378, 'JPM': -26}"
2019-06-28 13:02:00,BID_DEPTH,"[(98555, 316)]"
2019-06-28 13:02:00,ASK_DEPTH,"[(98741, 368)]"
2019-06-28 13:02:00,IMBALANCE,"[316, 368]"
2019-06-28 13:02:00,HOLDINGS_UPDATED,"{'CASH': 12644488, 'JPM': -28}"
2019-06-28 13:03:00,BID_DEPTH,"[(98556, 316)]"
2019-06-28 13:03:00,ASK_DEPTH,"[(98741, 368)]"
2019-06-28 13:03:00,IMBALANCE,"[316, 368]"
2019-06-28 13:03:00,HOLDINGS_UPDATED,"{'CASH': 12841600, 'JPM': -30}"
2019-06-28 13:04:00,BID_DEPTH,"[(98992, 262)]"
2019-06-28 13:04:00,ASK_DEPTH,"[(99253, 368)]"
2019-06-28 13:04:00,IMBALANCE,"[262, 368]"
2019-06-28 13:04:00,HOLDINGS_UPDATED,"{'CASH': 13039584, 'JPM': -32}"
2019-06-28 13:05:00,BID_DEPTH,"[(98992, 102)]"
2019-06-28 13:05:00,ASK_DEPTH,"[(99255, 154)]"
2019-06-28 13:05:00,IMBALANCE,"[102, 154]"
2019-06-28 13:05:00,HOLDINGS_UPDATED,"{'CASH': 13237568, 'JPM': -34}"
2019-06-28 13:06:00,BID_DEPTH,"[(98428, 49)]"
2019-06-28 13:06:00,ASK_DEPTH,"[(99255, 191)]"
2019-06-28 13:06:00,IMBALANCE,"[49, 191]"
2019-06-28 13:06:00,HOLDINGS_UPDATED,"{'CASH': 13434424, 'JPM': -36}"
2019-06-28 13:07:00,BID_DEPTH,"[(98427, 241)]"
2019-06-28 13:07:00,ASK_DEPTH,"[(99255, 191)]"
2019-06-28 13:07:00,IMBALANCE,"[241, 191]"
2019-06-28 13:07:00,HOLDINGS_UPDATED,"{'CASH': 13631278, 'JPM': -38}"
2019-06-28 13:08:00,BID_DEPTH,"[(98428, 316)]"
2019-06-28 13:08:00,ASK_DEPTH,"[(99345, 368)]"
2019-06-28 13:08:00,IMBALANCE,"[316, 368]"
2019-06-28 13:08:00,HOLDINGS_UPDATED,"{'CASH': 13828134, 'JPM': -40}"
2019-06-28 13:09:00,BID_DEPTH,"[(98428, 315)]"
2019-06-28 13:09:00,ASK_DEPTH,"[(99345, 167)]"
2019-06-28 13:09:00,IMBALANCE,"[315, 167]"
2019-06-28 13:09:00,HOLDINGS_UPDATED,"{'CASH': 14024990, 'JPM': -42}"
2019-06-28 13:10:00,BID_DEPTH,"[(98428, 195)]"
2019-06-28 13:10:00,ASK_DEPTH,"[(99345, 154)]"
2019-06-28 13:10:00,IMBALANCE,"[195, 154]"
2019-06-28 13:10:00,HOLDINGS_UPDATED,"{'CASH': 14221846, 'JPM': -44}"
2019-06-28 13:11:00,BID_DEPTH,"[(98428, 125)]"
2019-06-28 13:11:00,ASK_DEPTH,"[(99487, 191)]"
2019-06-28 13:11:00,IMBALANCE,"[125, 191]"
2019-06-28 13:11:00,HOLDINGS_UPDATED,"{'CASH': 14418702, 'JPM': -46}"
2019-06-28 13:12:00,BID_DEPTH,"[(98428, 215)]"
2019-06-28 13:12:00,ASK_DEPTH,"[(99487, 167)]"
2019-06-28 13:12:00,IMBALANCE,"[215, 167]"
2019-06-28 13:12:00,HOLDINGS_UPDATED,"{'CASH': 14615558, 'JPM': -48}"
2019-06-28 13:13:00,BID_DEPTH,"[(98428, 175)]"
2019-06-28 13:13:00,ASK_DEPTH,"[(100113, 234)]"
2019-06-28 13:13:00,IMBALANCE,"[175, 234]"
2019-06-28 13:13:00,HOLDINGS_UPDATED,"{'CASH': 14812414, 'JPM': -50}"
2019-06-28 13:14:00,BID_DEPTH,"[(100087, 102)]"
2019-06-28 13:14:00,ASK_DEPTH,"[(100332, 147)]"
2019-06-28 13:14:00,IMBALANCE,"[102, 147]"
2019-06-28 13:14:00,HOLDINGS_UPDATED,"{'CASH': 15012588, 'JPM': -52}"
2019-06-28 13:15:00,BID_DEPTH,"[(100367, 416)]"
2019-06-28 13:15:00,ASK_DEPTH,"[(100409, 368)]"
2019-06-28 13:15:00,IMBALANCE,"[416, 368]"
2019-06-28 13:15:00,HOLDINGS_UPDATED,"{'CASH': 15213322, 'JPM': -54}"
2019-06-28 13:16:00,BID_DEPTH,"[(100366, 139)]"
2019-06-28 13:16:00,ASK_DEPTH,"[(100441, 191)]"
2019-06-28 13:16:00,IMBALANCE,"[139, 191]"
2019-06-28 13:16:00,HOLDINGS_UPDATED,"{'CASH': 15414054, 'JPM': -56}"
2019-06-28 13:17:00,BID_DEPTH,"[(100287, 139)]"
2019-06-28 13:17:00,ASK_DEPTH,"[(100366, 291)]"
2019-06-28 13:17:00,IMBALANCE,"[139, 291]"
2019-06-28 13:17:00,HOLDINGS_UPDATED,"{'CASH': 15614628, 'JPM': -58}"
2019-06-28 13:18:00,BID_DEPTH,"[(100088, 316)]"
2019-06-28 13:18:00,ASK_DEPTH,"[(100286, 368)]"
2019-06-28 13:18:00,IMBALANCE,"[316, 368]"
2019-06-28 13:18:00,HOLDINGS_UPDATED,"{'CASH': 15814804, 'JPM': -60}"
2019-06-28 13:19:00,BID_DEPTH,"[(100087, 182)]"
2019-06-28 13:19:00,ASK_DEPTH,"[(100088, 334)]"
2019-06-28 13:19:00,IMBALANCE,"[182, 334]"
2019-06-28 13:19:00,HOLDINGS_UPDATED,"{'CASH': 16014978, 'JPM': -62}"
2019-06-28 13:20:00,BID_DEPTH,"[(100065, 115)]"
2019-06-28 13:20:00,ASK_DEPTH,"[(100088, 267)]"
2019-06-28 13:20:00,IMBALANCE,"[115, 267]"
2019-06-28 13:20:00,HOLDINGS_UPDATED,"{'CASH': 16215108, 'JPM': -64}"
2019-06-28 13:21:00,BID_DEPTH,"[(99880, 115)]"
2019-06-28 13:21:00,ASK_DEPTH,"[(100286, 167)]"
2019-06-28 13:21:00,IMBALANCE,"[115, 167]"
2019-06-28 13:21:00,HOLDINGS_UPDATED,"{'CASH': 16414868, 'JPM': -66}"
2019-06-28 13:22:00,BID_DEPTH,"[(100366, 85)]"
2019-06-28 13:22:00,ASK_DEPTH,"[(100523, 191)]"
2019-06-28 13:22:00,IMBALANCE,"[85, 191]"
2019-06-28 13:22:00,HOLDINGS_UPDATED,"{'CASH': 16615600, 'JPM': -68}"
2019-06-28 13:23:00,BID_DEPTH,"[(100423, 139)]"
2019-06-28 13:23:00,ASK_DEPTH,"[(100456, 191)]"
2019-06-28 13:23:00,IMBALANCE,"[139, 191]"
2019-06-28 13:23:00,HOLDINGS_UPDATED,"{'CASH': 16816446, 'JPM': -70}"
2019-06-28 13:24:00,BID_DEPTH,"[(100366, 102)]"
2019-06-28 13:24:00,ASK_DEPTH,"[(100523, 154)]"
2019-06-28 13:24:00,IMBALANCE,"[102, 154]"
2019-06-28 13:24:00,HOLDINGS_UPDATED,"{'CASH': 17017178, 'JPM': -72}"
2019-06-28 13:25:00,BID_DEPTH,"[(100281, 115)]"
2019-06-28 13:25:00,ASK_DEPTH,"[(100523, 167)]"
2019-06-28 13:25:00,IMBALANCE,"[115, 167]"
2019-06-28 13:25:00,HOLDINGS_UPDATED,"{'CASH': 17217740, 'JPM': -74}"
2019-06-28 13:26:00,BID_DEPTH,"[(100246, 167)]"
2019-06-28 13:26:00,ASK_DEPTH,"[(100281, 55)]"
2019-06-28 13:26:00,IMBALANCE,"[167, 55]"
2019-06-28 13:26:00,HOLDINGS_UPDATED,"{'CASH': 17017178, 'JPM': -72}"
2019-06-28 13:27:00,BID_DEPTH,"[(99880, 167)]"
2019-06-28 13:27:00,ASK_DEPTH,"[(99909, 115)]"
2019-06-28 13:27:00,IMBALANCE,"[167, 115]"
2019-06-28 13:27:00,HOLDINGS_UPDATED,"{'CASH': 16817360, 'JPM': -70}"
2019-06-28 13:28:00,BID_DEPTH,"[(99880, 154)]"
2019-06-28 13:28:00,ASK_DEPTH,"[(99909, 202)]"
2019-06-28 13:28:00,IMBALANCE,"[154, 202]"
2019-06-28 13:28:00,HOLDINGS_UPDATED,"{'CASH': 16617542, 'JPM': -68}"
2019-06-28 13:29:00,BID_DEPTH,"[(99880, 234)]"
2019-06-28 13:29:00,ASK_DEPTH,"[(100246, 91)]"
2019-06-28 13:29:00,IMBALANCE,"[234, 91]"
2019-06-28 13:29:00,HOLDINGS_UPDATED,"{'CASH': 16417050, 'JPM': -66}"
2019-06-28 13:30:00,BID_DEPTH,"[(99880, 368)]"
2019-06-28 13:30:00,ASK_DEPTH,"[(99939, 316)]"
2019-06-28 13:30:00,IMBALANCE,"[368, 316]"
2019-06-28 13:30:00,HOLDINGS_UPDATED,"{'CASH': 16217172, 'JPM': -64}"
2019-06-28 13:31:00,BID_DEPTH,"[(99779, 368)]"
2019-06-28 13:31:00,ASK_DEPTH,"[(100523, 316)]"
2019-06-28 13:31:00,IMBALANCE,"[368, 316]"
2019-06-28 13:31:00,HOLDINGS_UPDATED,"{'CASH': 16016126, 'JPM': -62}"
2019-06-28 13:32:00,BID_DEPTH,"[(99779, 191)]"
2019-06-28 13:32:00,ASK_DEPTH,"[(100546, 139)]"
2019-06-28 13:32:00,IMBALANCE,"[191, 139]"
2019-06-28 13:32:00,HOLDINGS_UPDATED,"{'CASH': 15815034, 'JPM': -60}"
2019-06-28 13:33:00,BID_DEPTH,"[(99779, 234)]"
2019-06-28 13:33:00,ASK_DEPTH,"[(100552, 182)]"
2019-06-28 13:33:00,IMBALANCE,"[234, 182]"
2019-06-28 13:33:00,HOLDINGS_UPDATED,"{'CASH': 15613930, 'JPM': -58}"
2019-06-28 13:34:00,BID_DEPTH,"[(99652, 191)]"
2019-06-28 13:34:00,ASK_DEPTH,"[(99931, 139)]"
2019-06-28 13:34:00,IMBALANCE,"[191, 139]"
2019-06-28 13:34:00,HOLDINGS_UPDATED,"{'CASH': 15414068, 'JPM': -56}"
2019-06-28 13:35:00,BID_DEPTH,"[(99961, 234)]"
2019-06-28 13:35:00,ASK_DEPTH,"[(99987, 182)]"
2019-06-28 13:35:00,IMBALANCE,"[234, 182]"
2019-06-28 13:35:00,HOLDINGS_UPDATED,"{'CASH': 15214094, 'JPM': -54}"
2019-06-28 13:36:00,BID_DEPTH,"[(99961, 154)]"
2019-06-28 13:36:00,ASK_DEPTH,"[(100177, 102)]"
2019-06-28 13:36:00,IMBALANCE,"[154, 102]"
2019-06-28 13:36:00,HOLDINGS_UPDATED,"{'CASH': 15013740, 'JPM': -52}"
2019-06-28 13:37:00,BID_DEPTH,"[(99961, 368)]"
2019-06-28 13:37:00,ASK_DEPTH,"[(100177, 316)]"
2019-06-28 13:37:00,IMBALANCE,"[368, 316]"
2019-06-28 13:37:00,HOLDINGS_UPDATED,"{'CASH': 14813386, 'JPM': -50}"
2019-06-28 13:38:00,BID_DEPTH,"[(99961, 368)]"
2019-06-28 13:38:00,ASK_DEPTH,"[(100201, 316)]"
2019-06-28 13:38:00,IMBALANCE,"[368, 316]"
2019-06-28 13:38:00,HOLDINGS_UPDATED,"{'CASH': 14612984, 'JPM': -48}"
2019-06-28 13:39:00,BID_DEPTH,"[(100175, 368)]"
2019-06-28 13:39:00,ASK_DEPTH,"[(100551, 316)]"
2019-06-28 13:39:00,IMBALANCE,"[368, 316]"
2019-06-28 13:39:00,HOLDINGS_UPDATED,"{'CASH': 14411882, 'JPM': -46}"
2019-06-28 13:40:00,BID_DEPTH,"[(99961, 154)]"
2019-06-28 13:40:00,ASK_DEPTH,"[(100562, 102)]"
2019-06-28 13:40:00,IMBALANCE,"[154, 102]"
2019-06-28 13:40:00,HOLDINGS_UPDATED,"{'CASH': 14210758, 'JPM': -44}"
2019-06-28 13:41:00,BID_DEPTH,"[(99663, 154)]"
2019-06-28 13:41:00,ASK_DEPTH,"[(100562, 102)]"
2019-06-28 13:41:00,IMBALANCE,"[154, 102]"
2019-06-28 13:41:00,HOLDINGS_UPDATED,"{'CASH': 14009634, 'JPM': -42}"
2019-06-28 13:42:00,BID_DEPTH,"[(99892, 154)]"
2019-06-28 13:42:00,ASK_DEPTH,"[(100589, 102)]"
2019-06-28 13:42:00,IMBALANCE,"[154, 102]"
2019-06-28 13:42:00,HOLDINGS_UPDATED,"{'CASH': 13808456, 'JPM': -40}"
2019-06-28 13:43:00,BID_DEPTH,"[(99873, 154)]"
2019-06-28 13:43:00,ASK_DEPTH,"[(99914, 102)]"
2019-06-28 13:43:00,IMBALANCE,"[154, 102]"
2019-06-28 13:43:00,HOLDINGS_UPDATED,"{'CASH': 13608628, 'JPM': -38}"
2019-06-28 13:44:00,BID_DEPTH,"[(99914, 368)]"
2019-06-28 13:44:00,ASK_DEPTH,"[(100044, 316)]"
2019-06-28 13:44:00,IMBALANCE,"[368, 316]"
2019-06-28 13:44:00,HOLDINGS_UPDATED,"{'CASH': 13408540, 'JPM': -36}"
2019-06-28 13:45:00,BID_DEPTH,"[(99914, 368)]"
2019-06-28 13:45:00,ASK_DEPTH,"[(100044, 316)]"
2019-06-28 13:45:00,IMBALANCE,"[368, 316]"
2019-06-28 13:45:00,HOLDINGS_UPDATED,"{'CASH': 13208452, 'JPM': -34}"
2019-06-28 13:46:00,BID_DEPTH,"[(100078, 167)]"
2019-06-28 13:46:00,ASK_DEPTH,"[(100390, 115)]"
2019-06-28 13:46:00,IMBALANCE,"[167, 115]"
2019-06-28 13:46:00,HOLDINGS_UPDATED,"{'CASH': 13007672, 'JPM': -32}"
2019-06-28 13:47:00,BID_DEPTH,"[(100185, 154)]"
2019-06-28 13:47:00,ASK_DEPTH,"[(100401, 102)]"
2019-06-28 13:47:00,IMBALANCE,"[154, 102]"
2019-06-28 13:47:00,HOLDINGS_UPDATED,"{'CASH': 12806870, 'JPM': -30}"
2019-06-28 13:48:00,BID_DEPTH,"[(100185, 167)]"
2019-06-28 13:48:00,ASK_DEPTH,"[(100384, 115)]"
2019-06-28 13:48:00,IMBALANCE,"[167, 115]"
2019-06-28 13:48:00,HOLDINGS_UPDATED,"{'CASH': 12606102, 'JPM': -28}"
2019-06-28 13:49:00,BID_DEPTH,"[(100185, 167)]"
2019-06-28 13:49:00,ASK_DEPTH,"[(100786, 115)]"
2019-06-28 13:49:00,IMBALANCE,"[167, 115]"
2019-06-28 13:49:00,HOLDINGS_UPDATED,"{'CASH': 12404530, 'JPM': -26}"
2019-06-28 13:50:00,BID_DEPTH,"[(100794, 234)]"
2019-06-28 13:50:00,ASK_DEPTH,"[(100869, 182)]"
2019-06-28 13:50:00,IMBALANCE,"[234, 182]"
2019-06-28 13:50:00,HOLDINGS_UPDATED,"{'CASH': 12202792, 'JPM': -24}"
2019-06-28 13:51:00,BID_DEPTH,"[(100185, 191)]"
2019-06-28 13:51:00,ASK_DEPTH,"[(100795, 45)]"
2019-06-28 13:51:00,IMBALANCE,"[191, 45]"
2019-06-28 13:51:00,HOLDINGS_UPDATED,"{'CASH': 12001202, 'JPM': -22}"
2019-06-28 13:52:00,BID_DEPTH,"[(100664, 191)]"
2019-06-28 13:52:00,ASK_DEPTH,"[(100745, 139)]"
2019-06-28 13:52:00,IMBALANCE,"[191, 139]"
2019-06-28 13:52:00,HOLDINGS_UPDATED,"{'CASH': 11799712, 'JPM': -20}"
2019-06-28 13:53:00,BID_DEPTH,"[(100745, 191)]"
2019-06-28 13:53:00,ASK_DEPTH,"[(101063, 139)]"
2019-06-28 13:53:00,IMBALANCE,"[191, 139]"
2019-06-28 13:53:00,HOLDINGS_UPDATED,"{'CASH': 11597586, 'JPM': -18}"
2019-06-28 13:54:00,BID_DEPTH,"[(101063, 142)]"
2019-06-28 13:54:00,ASK_DEPTH,"[(101175, 182)]"
2019-06-28 13:54:00,IMBALANCE,"[142, 182]"
2019-06-28 13:54:00,HOLDINGS_UPDATED,"{'CASH': 11395236, 'JPM': -16}"
2019-06-28 13:55:00,BID_DEPTH,"[(100745, 368)]"
2019-06-28 13:55:00,ASK_DEPTH,"[(101174, 316)]"
2019-06-28 13:55:00,IMBALANCE,"[368, 316]"
2019-06-28 13:55:00,HOLDINGS_UPDATED,"{'CASH': 11192888, 'JPM': -14}"
2019-06-28 13:56:00,BID_DEPTH,"[(100664, 234)]"
2019-06-28 13:56:00,ASK_DEPTH,"[(101174, 190)]"
2019-06-28 13:56:00,IMBALANCE,"[234, 190]"
2019-06-28 13:56:00,HOLDINGS_UPDATED,"{'CASH': 10990540, 'JPM': -12}"
2019-06-28 13:57:00,BID_DEPTH,"[(100569, 154)]"
2019-06-28 13:57:00,ASK_DEPTH,"[(100664, 35)]"
2019-06-28 13:57:00,IMBALANCE,"[154, 35]"
2019-06-28 13:57:00,HOLDINGS_UPDATED,"{'CASH': 10789212, 'JPM': -10}"
2019-06-28 13:58:00,BID_DEPTH,"[(100466, 368)]"
2019-06-28 13:58:00,ASK_DEPTH,"[(100664, 222)]"
2019-06-28 13:58:00,IMBALANCE,"[368, 222]"
2019-06-28 13:58:00,HOLDINGS_UPDATED,"{'CASH': 10587884, 'JPM': -8}"
2019-06-28 13:59:00,BID_DEPTH,"[(100466, 234)]"
2019-06-28 13:59:00,ASK_DEPTH,"[(100714, 482)]"
2019-06-28 13:59:00,IMBALANCE,"[234, 482]"
2019-06-28 13:59:00,HOLDINGS_UPDATED,"{'CASH': 10386456, 'JPM': -6}"
2019-06-28 14:00:00,BID_DEPTH,"[(100185, 167)]"
2019-06-28 14:00:00,ASK_DEPTH,"[(100714, 308)]"
2019-06-28 14:00:00,IMBALANCE,"[167, 308]"
2019-06-28 14:00:00,HOLDINGS_UPDATED,"{'CASH': 10185028, 'JPM': -4}"
2019-06-28 14:01:00,BID_DEPTH,"[(100022, 191)]"
2019-06-28 14:01:00,ASK_DEPTH,"[(100714, 225)]"
2019-06-28 14:01:00,IMBALANCE,"[191, 225]"
2019-06-28 14:01:00,HOLDINGS_UPDATED,"{'CASH': 9983600, 'JPM': -2}"
2019-06-28 14:02:00,BID_DEPTH,"[(99902, 167)]"
2019-06-28 14:02:00,ASK_DEPTH,"[(100714, 94)]"
2019-06-28 14:02:00,IMBALANCE,"[167, 94]"
2019-06-28 14:02:00,HOLDINGS_UPDATED,{'CASH': 9782172}
2019-06-28 14:03:00,BID_DEPTH,"[(99873, 234)]"
2019-06-28 14:03:00,ASK_DEPTH,"[(100713, 182)]"
2019-06-28 14:03:00,IMBALANCE,"[234, 182]"
2019-06-28 14:03:00,HOLDINGS_UPDATED,"{'CASH': 9580746, 'JPM': 2}"
2019-06-28 14:04:00,BID_DEPTH,"[(99873, 234)]"
2019-06-28 14:04:00,ASK_DEPTH,"[(100713, 182)]"
2019-06-28 14:04:00,IMBALANCE,"[234, 182]"
2019-06-28 14:04:00,HOLDINGS_UPDATED,"{'CASH': 9379320, 'JPM': 4}"
2019-06-28 14:05:00,BID_DEPTH,"[(99873, 167)]"
2019-06-28 14:05:00,ASK_DEPTH,"[(100714, 115)]"
2019-06-28 14:05:00,IMBALANCE,"[167, 115]"
2019-06-28 14:05:00,HOLDINGS_UPDATED,"{'CASH': 9177892, 'JPM': 6}"
2019-06-28 14:06:00,BID_DEPTH,"[(99873, 191)]"
2019-06-28 14:06:00,ASK_DEPTH,"[(100529, 139)]"
2019-06-28 14:06:00,IMBALANCE,"[191, 139]"
2019-06-28 14:06:00,HOLDINGS_UPDATED,"{'CASH': 8976834, 'JPM': 8}"
2019-06-28 14:07:00,BID_DEPTH,"[(99958, 368)]"
2019-06-28 14:07:00,ASK_DEPTH,"[(100212, 316)]"
2019-06-28 14:07:00,IMBALANCE,"[368, 316]"
2019-06-28 14:07:00,HOLDINGS_UPDATED,"{'CASH': 8776410, 'JPM': 10}"
2019-06-28 14:08:00,BID_DEPTH,"[(100204, 368)]"
2019-06-28 14:08:00,ASK_DEPTH,"[(100529, 416)]"
2019-06-28 14:08:00,IMBALANCE,"[368, 416]"
2019-06-28 14:08:00,HOLDINGS_UPDATED,"{'CASH': 8575352, 'JPM': 12}"
2019-06-28 14:09:00,BID_DEPTH,"[(100204, 234)]"
2019-06-28 14:09:00,ASK_DEPTH,"[(100504, 182)]"
2019-06-28 14:09:00,IMBALANCE,"[234, 182]"
2019-06-28 14:09:00,HOLDINGS_UPDATED,"{'CASH': 8374344, 'JPM': 14}"
2019-06-28 14:10:00,BID_DEPTH,"[(99870, 368)]"
2019-06-28 14:10:00,ASK_DEPTH,"[(100253, 316)]"
2019-06-28 14:10:00,IMBALANCE,"[368, 316]"
2019-06-28 14:10:00,HOLDINGS_UPDATED,"{'CASH': 8173838, 'JPM': 16}"
2019-06-28 14:11:00,BID_DEPTH,"[(99870, 191)]"
2019-06-28 14:11:00,ASK_DEPTH,"[(99936, 139)]"
2019-06-28 14:11:00,IMBALANCE,"[191, 139]"
2019-06-28 14:11:00,HOLDINGS_UPDATED,"{'CASH': 7973966, 'JPM': 18}"
2019-06-28 14:12:00,BID_DEPTH,"[(99870, 167)]"
2019-06-28 14:12:00,ASK_DEPTH,"[(99936, 115)]"
2019-06-28 14:12:00,IMBALANCE,"[167, 115]"
2019-06-28 14:12:00,HOLDINGS_UPDATED,"{'CASH': 7774094, 'JPM': 20}"
2019-06-28 14:13:00,BID_DEPTH,"[(99870, 234)]"
2019-06-28 14:13:00,ASK_DEPTH,"[(99936, 288)]"
2019-06-28 14:13:00,IMBALANCE,"[234, 288]"
2019-06-28 14:13:00,HOLDINGS_UPDATED,"{'CASH': 7574222, 'JPM': 22}"
2019-06-28 14:14:00,BID_DEPTH,"[(99837, 191)]"
2019-06-28 14:14:00,ASK_DEPTH,"[(99936, 238)]"
2019-06-28 14:14:00,IMBALANCE,"[191, 238]"
2019-06-28 14:14:00,HOLDINGS_UPDATED,"{'CASH': 7374350, 'JPM': 24}"
2019-06-28 14:15:00,BID_DEPTH,"[(99741, 154)]"
2019-06-28 14:15:00,ASK_DEPTH,"[(99936, 94)]"
2019-06-28 14:15:00,IMBALANCE,"[154, 94]"
2019-06-28 14:15:00,HOLDINGS_UPDATED,"{'CASH': 7174478, 'JPM': 26}"
2019-06-28 14:16:00,BID_DEPTH,"[(99741, 182)]"
2019-06-28 14:16:00,ASK_DEPTH,"[(99936, 234)]"
2019-06-28 14:16:00,IMBALANCE,"[182, 234]"
2019-06-28 14:16:00,HOLDINGS_UPDATED,"{'CASH': 7373960, 'JPM': 24}"
2019-06-28 14:17:00,BID_DEPTH,"[(99616, 102)]"
2019-06-28 14:17:00,ASK_DEPTH,"[(99741, 154)]"
2019-06-28 14:17:00,IMBALANCE,"[102, 154]"
2019-06-28 14:17:00,HOLDINGS_UPDATED,"{'CASH': 7573192, 'JPM': 22}"
2019-06-28 14:18:00,BID_DEPTH,"[(99595, 139)]"
2019-06-28 14:18:00,ASK_DEPTH,"[(99616, 136)]"
2019-06-28 14:18:00,IMBALANCE,"[139, 136]"
2019-06-28 14:18:00,HOLDINGS_UPDATED,"{'CASH': 7772382, 'JPM': 20}"
2019-06-28 14:19:00,BID_DEPTH,"[(98973, 139)]"
2019-06-28 14:19:00,ASK_DEPTH,"[(99585, 191)]"
2019-06-28 14:19:00,IMBALANCE,"[139, 191]"
2019-06-28 14:19:00,HOLDINGS_UPDATED,"{'CASH': 7970328, 'JPM': 18}"
2019-06-28 14:20:00,BID_DEPTH,"[(98878, 182)]"
2019-06-28 14:20:00,ASK_DEPTH,"[(99585, 234)]"
2019-06-28 14:20:00,IMBALANCE,"[182, 234]"
2019-06-28 14:20:00,HOLDINGS_UPDATED,"{'CASH': 8168084, 'JPM': 16}"
2019-06-28 14:21:00,BID_DEPTH,"[(99164, 139)]"
2019-06-28 14:21:00,ASK_DEPTH,"[(99585, 191)]"
2019-06-28 14:21:00,IMBALANCE,"[139, 191]"
2019-06-28 14:21:00,HOLDINGS_UPDATED,"{'CASH': 8366412, 'JPM': 14}"
2019-06-28 14:22:00,BID_DEPTH,"[(99265, 139)]"
2019-06-28 14:22:00,ASK_DEPTH,"[(99523, 191)]"
2019-06-28 14:22:00,IMBALANCE,"[139, 191]"
2019-06-28 14:22:00,HOLDINGS_UPDATED,"{'CASH': 8564942, 'JPM': 12}"
2019-06-28 14:23:00,BID_DEPTH,"[(99164, 324)]"
2019-06-28 14:23:00,ASK_DEPTH,"[(99279, 368)]"
2019-06-28 14:23:00,IMBALANCE,"[324, 368]"
2019-06-28 14:23:00,HOLDINGS_UPDATED,"{'CASH': 8763270, 'JPM': 10}"
2019-06-28 14:24:00,BID_DEPTH,"[(98878, 90)]"
2019-06-28 14:24:00,ASK_DEPTH,"[(99189, 234)]"
2019-06-28 14:24:00,IMBALANCE,"[90, 234]"
2019-06-28 14:24:00,HOLDINGS_UPDATED,"{'CASH': 8961026, 'JPM': 8}"
2019-06-28 14:25:00,BID_DEPTH,"[(98878, 10)]"
2019-06-28 14:25:00,ASK_DEPTH,"[(99189, 154)]"
2019-06-28 14:25:00,IMBALANCE,"[10, 154]"
2019-06-28 14:25:00,HOLDINGS_UPDATED,"{'CASH': 9158782, 'JPM': 6}"
2019-06-28 14:26:00,BID_DEPTH,"[(98878, 21)]"
2019-06-28 14:26:00,ASK_DEPTH,"[(99189, 167)]"
2019-06-28 14:26:00,IMBALANCE,"[21, 167]"
2019-06-28 14:26:00,HOLDINGS_UPDATED,"{'CASH': 9356538, 'JPM': 4}"
2019-06-28 14:27:00,BID_DEPTH,"[(98878, 246)]"
2019-06-28 14:27:00,ASK_DEPTH,"[(99189, 368)]"
2019-06-28 14:27:00,IMBALANCE,"[246, 368]"
2019-06-28 14:27:00,HOLDINGS_UPDATED,"{'CASH': 9554294, 'JPM': 2}"
2019-06-28 14:28:00,BID_DEPTH,"[(98878, 90)]"
2019-06-28 14:28:00,ASK_DEPTH,"[(99189, 234)]"
2019-06-28 14:28:00,IMBALANCE,"[90, 234]"
2019-06-28 14:28:00,HOLDINGS_UPDATED,{'CASH': 9752050}
2019-06-28 14:29:00,BID_DEPTH,"[(98879, 316)]"
2019-06-28 14:29:00,ASK_DEPTH,"[(99279, 368)]"
2019-06-28 14:29:00,IMBALANCE,"[316, 368]"
2019-06-28 14:29:00,HOLDINGS_UPDATED,"{'CASH': 9949808, 'JPM': -2}"
2019-06-28 14:30:00,BID_DEPTH,"[(99131, 316)]"
2019-06-28 14:30:00,ASK_DEPTH,"[(99278, 368)]"
2019-06-28 14:30:00,IMBALANCE,"[316, 368]"
2019-06-28 14:30:00,HOLDINGS_UPDATED,"{'CASH': 10148070, 'JPM': -4}"
2019-06-28 14:31:00,BID_DEPTH,"[(99131, 182)]"
2019-06-28 14:31:00,ASK_DEPTH,"[(99283, 234)]"
2019-06-28 14:31:00,IMBALANCE,"[182, 234]"
2019-06-28 14:31:00,HOLDINGS_UPDATED,"{'CASH': 10346332, 'JPM': -6}"
2019-06-28 14:32:00,BID_DEPTH,"[(99131, 516)]"
2019-06-28 14:32:00,ASK_DEPTH,"[(99305, 368)]"
2019-06-28 14:32:00,IMBALANCE,"[516, 368]"
2019-06-28 14:32:00,HOLDINGS_UPDATED,"{'CASH': 10544594, 'JPM': -8}"
2019-06-28 14:33:00,BID_DEPTH,"[(99305, 316)]"
2019-06-28 14:33:00,ASK_DEPTH,"[(99474, 368)]"
2019-06-28 14:33:00,IMBALANCE,"[316, 368]"
2019-06-28 14:33:00,HOLDINGS_UPDATED,"{'CASH': 10743204, 'JPM': -10}"
2019-06-28 14:34:00,BID_DEPTH,"[(99599, 91)]"
2019-06-28 14:34:00,ASK_DEPTH,"[(99651, 234)]"
2019-06-28 14:34:00,IMBALANCE,"[91, 234]"
2019-06-28 14:34:00,HOLDINGS_UPDATED,"{'CASH': 10942402, 'JPM': -12}"
2019-06-28 14:35:00,BID_DEPTH,"[(99599, 102)]"
2019-06-28 14:35:00,ASK_DEPTH,"[(99921, 154)]"
2019-06-28 14:35:00,IMBALANCE,"[102, 154]"
2019-06-28 14:35:00,HOLDINGS_UPDATED,"{'CASH': 11141600, 'JPM': -14}"
2019-06-28 14:36:00,BID_DEPTH,"[(99921, 182)]"
2019-06-28 14:36:00,ASK_DEPTH,"[(99935, 234)]"
2019-06-28 14:36:00,IMBALANCE,"[182, 234]"
2019-06-28 14:36:00,HOLDINGS_UPDATED,"{'CASH': 11341442, 'JPM': -16}"
2019-06-28 14:37:00,BID_DEPTH,"[(99869, 115)]"
2019-06-28 14:37:00,ASK_DEPTH,"[(99921, 167)]"
2019-06-28 14:37:00,IMBALANCE,"[115, 167]"
2019-06-28 14:37:00,HOLDINGS_UPDATED,"{'CASH': 11541180, 'JPM': -18}"
2019-06-28 14:38:00,BID_DEPTH,"[(99869, 115)]"
2019-06-28 14:38:00,ASK_DEPTH,"[(99921, 167)]"
2019-06-28 14:38:00,IMBALANCE,"[115, 167]"
2019-06-28 14:38:00,HOLDINGS_UPDATED,"{'CASH': 11740918, 'JPM': -20}"
2019-06-28 14:39:00,BID_DEPTH,"[(99131, 308)]"
2019-06-28 14:39:00,ASK_DEPTH,"[(99892, 167)]"
2019-06-28 14:39:00,IMBALANCE,"[308, 167]"
2019-06-28 14:39:00,HOLDINGS_UPDATED,"{'CASH': 11939180, 'JPM': -22}"
2019-06-28 14:40:00,BID_DEPTH,"[(99131, 188)]"
2019-06-28 14:40:00,ASK_DEPTH,"[(99935, 154)]"
2019-06-28 14:40:00,IMBALANCE,"[188, 154]"
2019-06-28 14:40:00,HOLDINGS_UPDATED,"{'CASH': 12137442, 'JPM': -24}"
2019-06-28 14:41:00,BID_DEPTH,"[(99131, 261)]"
2019-06-28 14:41:00,ASK_DEPTH,"[(100062, 234)]"
2019-06-28 14:41:00,IMBALANCE,"[261, 234]"
2019-06-28 14:41:00,HOLDINGS_UPDATED,"{'CASH': 12335704, 'JPM': -26}"
2019-06-28 14:42:00,BID_DEPTH,"[(100009, 316)]"
2019-06-28 14:42:00,ASK_DEPTH,"[(100190, 368)]"
2019-06-28 14:42:00,IMBALANCE,"[316, 368]"
2019-06-28 14:42:00,HOLDINGS_UPDATED,"{'CASH': 12535722, 'JPM': -28}"
2019-06-28 14:43:00,BID_DEPTH,"[(99131, 288)]"
2019-06-28 14:43:00,ASK_DEPTH,"[(100130, 368)]"
2019-06-28 14:43:00,IMBALANCE,"[288, 368]"
2019-06-28 14:43:00,HOLDINGS_UPDATED,"{'CASH': 12733984, 'JPM': -30}"
2019-06-28 14:44:00,BID_DEPTH,"[(99697, 102)]"
2019-06-28 14:44:00,ASK_DEPTH,"[(100130, 154)]"
2019-06-28 14:44:00,IMBALANCE,"[102, 154]"
2019-06-28 14:44:00,HOLDINGS_UPDATED,"{'CASH': 12933378, 'JPM': -32}"
2019-06-28 14:45:00,BID_DEPTH,"[(99942, 102)]"
2019-06-28 14:45:00,ASK_DEPTH,"[(99957, 154)]"
2019-06-28 14:45:00,IMBALANCE,"[102, 154]"
2019-06-28 14:45:00,HOLDINGS_UPDATED,"{'CASH': 13133262, 'JPM': -34}"
2019-06-28 14:46:00,BID_DEPTH,"[(99942, 215)]"
2019-06-28 14:46:00,ASK_DEPTH,"[(100130, 167)]"
2019-06-28 14:46:00,IMBALANCE,"[215, 167]"
2019-06-28 14:46:00,HOLDINGS_UPDATED,"{'CASH': 13333146, 'JPM': -36}"
2019-06-28 14:47:00,BID_DEPTH,"[(99942, 95)]"
2019-06-28 14:47:00,ASK_DEPTH,"[(100190, 154)]"
2019-06-28 14:47:00,IMBALANCE,"[95, 154]"
2019-06-28 14:47:00,HOLDINGS_UPDATED,"{'CASH': 13533030, 'JPM': -38}"
2019-06-28 14:48:00,BID_DEPTH,"[(99847, 115)]"
2019-06-28 14:48:00,ASK_DEPTH,"[(100190, 167)]"
2019-06-28 14:48:00,IMBALANCE,"[115, 167]"
2019-06-28 14:48:00,HOLDINGS_UPDATED,"{'CASH': 13732724, 'JPM': -40}"
2019-06-28 14:49:00,BID_DEPTH,"[(99697, 182)]"
2019-06-28 14:49:00,ASK_DEPTH,"[(100190, 234)]"
2019-06-28 14:49:00,IMBALANCE,"[182, 234]"
2019-06-28 14:49:00,HOLDINGS_UPDATED,"{'CASH': 13932118, 'JPM': -42}"
2019-06-28 14:50:00,BID_DEPTH,"[(99813, 167)]"
2019-06-28 14:50:00,ASK_DEPTH,"[(100190, 115)]"
2019-06-28 14:50:00,IMBALANCE,"[167, 115]"
2019-06-28 14:50:00,HOLDINGS_UPDATED,"{'CASH': 13731738, 'JPM': -40}"
2019-06-28 14:51:00,BID_DEPTH,"[(100091, 167)]"
2019-06-28 14:51:00,ASK_DEPTH,"[(100206, 115)]"
2019-06-28 14:51:00,IMBALANCE,"[167, 115]"
2019-06-28 14:51:00,HOLDINGS_UPDATED,"{'CASH': 13531326, 'JPM': -38}"
2019-06-28 14:52:00,BID_DEPTH,"[(99813, 154)]"
2019-06-28 14:52:00,ASK_DEPTH,"[(100206, 102)]"
2019-06-28 14:52:00,IMBALANCE,"[154, 102]"
2019-06-28 14:52:00,HOLDINGS_UPDATED,"{'CASH': 13330914, 'JPM': -36}"
2019-06-28 14:53:00,BID_DEPTH,"[(99770, 167)]"
2019-06-28 14:53:00,ASK_DEPTH,"[(99850, 115)]"
2019-06-28 14:53:00,IMBALANCE,"[167, 115]"
2019-06-28 14:53:00,HOLDINGS_UPDATED,"{'CASH': 13131214, 'JPM': -34}"
2019-06-28 14:54:00,BID_DEPTH,"[(99770, 167)]"
2019-06-28 14:54:00,ASK_DEPTH,"[(99850, 215)]"
2019-06-28 14:54:00,IMBALANCE,"[167, 215]"
2019-06-28 14:54:00,HOLDINGS_UPDATED,"{'CASH': 12931514, 'JPM': -32}"
2019-06-28 14:55:00,BID_DEPTH,"[(99795, 234)]"
2019-06-28 14:55:00,ASK_DEPTH,"[(99868, 182)]"
2019-06-28 14:55:00,IMBALANCE,"[234, 182]"
2019-06-28 14:55:00,HOLDINGS_UPDATED,"{'CASH': 12731778, 'JPM': -30}"
2019-06-28 14:56:00,BID_DEPTH,"[(99776, 154)]"
2019-06-28 14:56:00,ASK_DEPTH,"[(99795, 48)]"
2019-06-28 14:56:00,IMBALANCE,"[154, 48]"
2019-06-28 14:56:00,HOLDINGS_UPDATED,"{'CASH': 12532188, 'JPM': -28}"
2019-06-28 14:57:00,BID_DEPTH,"[(99776, 368)]"
2019-06-28 14:57:00,ASK_DEPTH,"[(99867, 316)]"
2019-06-28 14:57:00,IMBALANCE,"[368, 316]"
2019-06-28 14:57:00,HOLDINGS_UPDATED,"{'CASH': 12332454, 'JPM': -26}"
2019-06-28 14:58:00,BID_DEPTH,"[(99770, 167)]"
2019-06-28 14:58:00,ASK_DEPTH,"[(100007, 115)]"
2019-06-28 14:58:00,IMBALANCE,"[167, 115]"
2019-06-28 14:58:00,HOLDINGS_UPDATED,"{'CASH': 12132440, 'JPM': -24}"
2019-06-28 14:59:00,BID_DEPTH,"[(100049, 367)]"
2019-06-28 14:59:00,ASK_DEPTH,"[(100147, 115)]"
2019-06-28 14:59:00,IMBALANCE,"[367, 115]"
2019-06-28 14:59:00,HOLDINGS_UPDATED,"{'CASH': 11932146, 'JPM': -22}"
2019-06-28 15:00:00,BID_DEPTH,"[(100147, 154)]"
2019-06-28 15:00:00,ASK_DEPTH,"[(100252, 102)]"
2019-06-28 15:00:00,IMBALANCE,"[154, 102]"
2019-06-28 15:00:00,HOLDINGS_UPDATED,"{'CASH': 11731642, 'JPM': -20}"
2019-06-28 15:01:00,BID_DEPTH,"[(100147, 368)]"
2019-06-28 15:01:00,ASK_DEPTH,"[(100292, 316)]"
2019-06-28 15:01:00,IMBALANCE,"[368, 316]"
2019-06-28 15:01:00,HOLDINGS_UPDATED,"{'CASH': 11531058, 'JPM': -18}"
2019-06-28 15:02:00,BID_DEPTH,"[(100147, 191)]"
2019-06-28 15:02:00,ASK_DEPTH,"[(100292, 139)]"
2019-06-28 15:02:00,IMBALANCE,"[191, 139]"
2019-06-28 15:02:00,HOLDINGS_UPDATED,"{'CASH': 11330474, 'JPM': -16}"
2019-06-28 15:03:00,BID_DEPTH,"[(100049, 468)]"
2019-06-28 15:03:00,ASK_DEPTH,"[(100292, 316)]"
2019-06-28 15:03:00,IMBALANCE,"[468, 316]"
2019-06-28 15:03:00,HOLDINGS_UPDATED,"{'CASH': 11129890, 'JPM': -14}"
2019-06-28 15:04:00,BID_DEPTH,"[(100049, 368)]"
2019-06-28 15:04:00,ASK_DEPTH,"[(100770, 316)]"
2019-06-28 15:04:00,IMBALANCE,"[368, 316]"
2019-06-28 15:04:00,HOLDINGS_UPDATED,"{'CASH': 10928350, 'JPM': -12}"
2019-06-28 15:05:00,BID_DEPTH,"[(99770, 234)]"
2019-06-28 15:05:00,ASK_DEPTH,"[(100769, 182)]"
2019-06-28 15:05:00,IMBALANCE,"[234, 182]"
2019-06-28 15:05:00,HOLDINGS_UPDATED,"{'CASH': 10726812, 'JPM': -10}"
2019-06-28 15:06:00,BID_DEPTH,"[(99770, 167)]"
2019-06-28 15:06:00,ASK_DEPTH,"[(100769, 115)]"
2019-06-28 15:06:00,IMBALANCE,"[167, 115]"
2019-06-28 15:06:00,HOLDINGS_UPDATED,"{'CASH': 10525274, 'JPM': -8}"
2019-06-28 15:07:00,BID_DEPTH,"[(99611, 234)]"
2019-06-28 15:07:00,ASK_DEPTH,"[(100770, 90)]"
2019-06-28 15:07:00,IMBALANCE,"[234, 90]"
2019-06-28 15:07:00,HOLDINGS_UPDATED,"{'CASH': 10323734, 'JPM': -6}"
2019-06-28 15:08:00,BID_DEPTH,"[(99551, 191)]"
2019-06-28 15:08:00,ASK_DEPTH,"[(99752, 139)]"
2019-06-28 15:08:00,IMBALANCE,"[191, 139]"
2019-06-28 15:08:00,HOLDINGS_UPDATED,"{'CASH': 10124230, 'JPM': -4}"
2019-06-28 15:09:00,BID_DEPTH,"[(99551, 154)]"
2019-06-28 15:09:00,ASK_DEPTH,"[(99609, 102)]"
2019-06-28 15:09:00,IMBALANCE,"[154, 102]"
2019-06-28 15:09:00,HOLDINGS_UPDATED,"{'CASH': 9925012, 'JPM': -2}"
2019-06-28 15:10:00,BID_DEPTH,"[(99470, 154)]"
2019-06-28 15:10:00,ASK_DEPTH,"[(99752, 202)]"
2019-06-28 15:10:00,IMBALANCE,"[154, 202]"
2019-06-28 15:10:00,HOLDINGS_UPDATED,{'CASH': 9725508}
2019-06-28 15:11:00,BID_DEPTH,"[(99391, 368)]"
2019-06-28 15:11:00,ASK_DEPTH,"[(99752, 309)]"
2019-06-28 15:11:00,IMBALANCE,"[368, 309]"
2019-06-28 15:11:00,HOLDINGS_UPDATED,"{'CASH': 9526004, 'JPM': 2}"
2019-06-28 15:12:00,BID_DEPTH,"[(99362, 154)]"
2019-06-28 15:12:00,ASK_DEPTH,"[(99752, 102)]"
2019-06-28 15:12:00,IMBALANCE,"[154, 102]"
2019-06-28 15:12:00,HOLDINGS_UPDATED,"{'CASH': 9326500, 'JPM': 4}"
2019-06-28 15:13:00,BID_DEPTH,"[(99362, 154)]"
2019-06-28 15:13:00,ASK_DEPTH,"[(99753, 102)]"
2019-06-28 15:13:00,IMBALANCE,"[154, 102]"
2019-06-28 15:13:00,HOLDINGS_UPDATED,"{'CASH': 9126994, 'JPM': 6}"
2019-06-28 15:14:00,BID_DEPTH,"[(99379, 368)]"
2019-06-28 15:14:00,ASK_DEPTH,"[(99792, 316)]"
2019-06-28 15:14:00,IMBALANCE,"[368, 316]"
2019-06-28 15:14:00,HOLDINGS_UPDATED,"{'CASH': 8927410, 'JPM': 8}"
2019-06-28 15:15:00,BID_DEPTH,"[(99283, 191)]"
2019-06-28 15:15:00,ASK_DEPTH,"[(99412, 139)]"
2019-06-28 15:15:00,IMBALANCE,"[191, 139]"
2019-06-28 15:15:00,HOLDINGS_UPDATED,"{'CASH': 8728586, 'JPM': 10}"
2019-06-28 15:16:00,BID_DEPTH,"[(99283, 191)]"
2019-06-28 15:16:00,ASK_DEPTH,"[(99586, 139)]"
2019-06-28 15:16:00,IMBALANCE,"[191, 139]"
2019-06-28 15:16:00,HOLDINGS_UPDATED,"{'CASH': 8529414, 'JPM': 12}"
2019-06-28 15:17:00,BID_DEPTH,"[(99283, 191)]"
2019-06-28 15:17:00,ASK_DEPTH,"[(99586, 439)]"
2019-06-28 15:17:00,IMBALANCE,"[191, 439]"
2019-06-28 15:17:00,HOLDINGS_UPDATED,"{'CASH': 8330242, 'JPM': 14}"
2019-06-28 15:18:00,BID_DEPTH,"[(99283, 368)]"
2019-06-28 15:18:00,ASK_DEPTH,"[(99456, 316)]"
2019-06-28 15:18:00,IMBALANCE,"[368, 316]"
2019-06-28 15:18:00,HOLDINGS_UPDATED,"{'CASH': 8131330, 'JPM': 16}"
2019-06-28 15:19:00,BID_DEPTH,"[(99283, 234)]"
2019-06-28 15:19:00,ASK_DEPTH,"[(99586, 175)]"
2019-06-28 15:19:00,IMBALANCE,"[234, 175]"
2019-06-28 15:19:00,HOLDINGS_UPDATED,"{'CASH': 7932158, 'JPM': 18}"
2019-06-28 15:20:00,BID_DEPTH,"[(99586, 282)]"
2019-06-28 15:20:00,ASK_DEPTH,"[(99701, 234)]"
2019-06-28 15:20:00,IMBALANCE,"[282, 234]"
2019-06-28 15:20:00,HOLDINGS_UPDATED,"{'CASH': 8131330, 'JPM': 16}"
2019-06-28 15:21:00,BID_DEPTH,"[(99586, 132)]"
2019-06-28 15:21:00,ASK_DEPTH,"[(99701, 191)]"
2019-06-28 15:21:00,IMBALANCE,"[132, 191]"
2019-06-28 15:21:00,HOLDINGS_UPDATED,"{'CASH': 8330502, 'JPM': 14}"
2019-06-28 15:22:00,BID_DEPTH,"[(99586, 416)]"
2019-06-28 15:22:00,ASK_DEPTH,"[(100402, 368)]"
2019-06-28 15:22:00,IMBALANCE,"[416, 368]"
2019-06-28 15:22:00,HOLDINGS_UPDATED,"{'CASH': 8529674, 'JPM': 12}"
2019-06-28 15:23:00,BID_DEPTH,"[(100312, 182)]"
2019-06-28 15:23:00,ASK_DEPTH,"[(100592, 234)]"
2019-06-28 15:23:00,IMBALANCE,"[182, 234]"
2019-06-28 15:23:00,HOLDINGS_UPDATED,"{'CASH': 8730298, 'JPM': 10}"
2019-06-28 15:24:00,BID_DEPTH,"[(99586, 195)]"
2019-06-28 15:24:00,ASK_DEPTH,"[(100592, 154)]"
2019-06-28 15:24:00,IMBALANCE,"[195, 154]"
2019-06-28 15:24:00,HOLDINGS_UPDATED,"{'CASH': 8929470, 'JPM': 8}"
2019-06-28 15:25:00,BID_DEPTH,"[(99586, 302)]"
2019-06-28 15:25:00,ASK_DEPTH,"[(100592, 368)]"
2019-06-28 15:25:00,IMBALANCE,"[302, 368]"
2019-06-28 15:25:00,HOLDINGS_UPDATED,"{'CASH': 9128642, 'JPM': 6}"
2019-06-28 15:26:00,BID_DEPTH,"[(99283, 115)]"
2019-06-28 15:26:00,ASK_DEPTH,"[(100740, 167)]"
2019-06-28 15:26:00,IMBALANCE,"[115, 167]"
2019-06-28 15:26:00,HOLDINGS_UPDATED,"{'CASH': 9327208, 'JPM': 4}"
2019-06-28 15:27:00,BID_DEPTH,"[(99283, 316)]"
2019-06-28 15:27:00,ASK_DEPTH,"[(100747, 368)]"
2019-06-28 15:27:00,IMBALANCE,"[316, 368]"
2019-06-28 15:27:00,HOLDINGS_UPDATED,"{'CASH': 9525774, 'JPM': 2}"
2019-06-28 15:28:00,BID_DEPTH,"[(99218, 102)]"
2019-06-28 15:28:00,ASK_DEPTH,"[(100770, 154)]"
2019-06-28 15:28:00,IMBALANCE,"[102, 154]"
2019-06-28 15:28:00,HOLDINGS_UPDATED,{'CASH': 9724210}
2019-06-28 15:29:00,BID_DEPTH,"[(99119, 115)]"
2019-06-28 15:29:00,ASK_DEPTH,"[(100770, 167)]"
2019-06-28 15:29:00,IMBALANCE,"[115, 167]"
2019-06-28 15:29:00,HOLDINGS_UPDATED,"{'CASH': 9922448, 'JPM': -2}"
2019-06-28 15:30:00,BID_DEPTH,"[(100770, 182)]"
2019-06-28 15:30:00,ASK_DEPTH,"[(100940, 234)]"
2019-06-28 15:30:00,IMBALANCE,"[182, 234]"
2019-06-28 15:30:00,HOLDINGS_UPDATED,"{'CASH': 10123988, 'JPM': -4}"
2019-06-28 15:31:00,BID_DEPTH,"[(99101, 102)]"
2019-06-28 15:31:00,ASK_DEPTH,"[(100940, 154)]"
2019-06-28 15:31:00,IMBALANCE,"[102, 154]"
2019-06-28 15:31:00,HOLDINGS_UPDATED,"{'CASH': 10322190, 'JPM': -6}"
2019-06-28 15:32:00,BID_DEPTH,"[(100917, 182)]"
2019-06-28 15:32:00,ASK_DEPTH,"[(101034, 234)]"
2019-06-28 15:32:00,IMBALANCE,"[182, 234]"
2019-06-28 15:32:00,HOLDINGS_UPDATED,"{'CASH': 10524024, 'JPM': -8}"
2019-06-28 15:33:00,BID_DEPTH,"[(101015, 154)]"
2019-06-28 15:33:00,ASK_DEPTH,"[(101034, 102)]"
2019-06-28 15:33:00,IMBALANCE,"[154, 102]"
2019-06-28 15:33:00,HOLDINGS_UPDATED,"{'CASH': 10321956, 'JPM': -6}"
2019-06-28 15:34:00,BID_DEPTH,"[(101066, 301)]"
2019-06-28 15:34:00,ASK_DEPTH,"[(101110, 316)]"
2019-06-28 15:34:00,IMBALANCE,"[301, 316]"
2019-06-28 15:34:00,HOLDINGS_UPDATED,"{'CASH': 10119736, 'JPM': -4}"
2019-06-28 15:35:00,BID_DEPTH,"[(101110, 192)]"
2019-06-28 15:35:00,ASK_DEPTH,"[(101173, 139)]"
2019-06-28 15:35:00,IMBALANCE,"[192, 139]"
2019-06-28 15:35:00,HOLDINGS_UPDATED,"{'CASH': 9917390, 'JPM': -2}"
2019-06-28 15:36:00,BID_DEPTH,"[(101175, 135)]"
2019-06-28 15:36:00,ASK_DEPTH,"[(101234, 182)]"
2019-06-28 15:36:00,IMBALANCE,"[135, 182]"
2019-06-28 15:36:00,HOLDINGS_UPDATED,{'CASH': 9714922}
2019-06-28 15:37:00,BID_DEPTH,"[(101175, 135)]"
2019-06-28 15:37:00,ASK_DEPTH,"[(101234, 90)]"
2019-06-28 15:37:00,IMBALANCE,"[135, 90]"
2019-06-28 15:37:00,HOLDINGS_UPDATED,"{'CASH': 9512454, 'JPM': 2}"
2019-06-28 15:38:00,BID_DEPTH,"[(101234, 79)]"
2019-06-28 15:38:00,ASK_DEPTH,"[(101297, 102)]"
2019-06-28 15:38:00,IMBALANCE,"[79, 102]"
2019-06-28 15:38:00,HOLDINGS_UPDATED,"{'CASH': 9309860, 'JPM': 4}"
2019-06-28 15:39:00,BID_DEPTH,"[(101175, 68)]"
2019-06-28 15:39:00,ASK_DEPTH,"[(101234, 36)]"
2019-06-28 15:39:00,IMBALANCE,"[68, 36]"
2019-06-28 15:39:00,HOLDINGS_UPDATED,"{'CASH': 9107392, 'JPM': 6}"
2019-06-28 15:40:00,BID_DEPTH,"[(101296, 109)]"
2019-06-28 15:40:00,ASK_DEPTH,"[(101297, 23)]"
2019-06-28 15:40:00,IMBALANCE,"[109, 23]"
2019-06-28 15:40:00,HOLDINGS_UPDATED,"{'CASH': 8904798, 'JPM': 8}"
2019-06-28 15:41:00,BID_DEPTH,"[(101430, 368)]"
2019-06-28 15:41:00,ASK_DEPTH,"[(101558, 316)]"
2019-06-28 15:41:00,IMBALANCE,"[368, 316]"
2019-06-28 15:41:00,HOLDINGS_UPDATED,"{'CASH': 8701682, 'JPM': 10}"
2019-06-28 15:42:00,BID_DEPTH,"[(101430, 368)]"
2019-06-28 15:42:00,ASK_DEPTH,"[(101645, 316)]"
2019-06-28 15:42:00,IMBALANCE,"[368, 316]"
2019-06-28 15:42:00,HOLDINGS_UPDATED,"{'CASH': 8498392, 'JPM': 12}"
2019-06-28 15:43:00,BID_DEPTH,"[(101430, 154)]"
2019-06-28 15:43:00,ASK_DEPTH,"[(101756, 102)]"
2019-06-28 15:43:00,IMBALANCE,"[154, 102]"
2019-06-28 15:43:00,HOLDINGS_UPDATED,"{'CASH': 8294880, 'JPM': 14}"
2019-06-28 15:44:00,BID_DEPTH,"[(101767, 105)]"
2019-06-28 15:44:00,ASK_DEPTH,"[(101881, 115)]"
2019-06-28 15:44:00,IMBALANCE,"[105, 115]"
2019-06-28 15:44:00,HOLDINGS_UPDATED,"{'CASH': 8091118, 'JPM': 16}"
2019-06-28 15:45:00,BID_DEPTH,"[(101881, 259)]"
2019-06-28 15:45:00,ASK_DEPTH,"[(101908, 182)]"
2019-06-28 15:45:00,IMBALANCE,"[259, 182]"
2019-06-28 15:45:00,HOLDINGS_UPDATED,"{'CASH': 7887302, 'JPM': 18}"
2019-06-28 15:46:00,BID_DEPTH,"[(101908, 292)]"
2019-06-28 15:46:00,ASK_DEPTH,"[(102063, 316)]"
2019-06-28 15:46:00,IMBALANCE,"[292, 316]"
2019-06-28 15:46:00,HOLDINGS_UPDATED,"{'CASH': 7683176, 'JPM': 20}"
2019-06-28 15:47:00,BID_DEPTH,"[(101908, 91)]"
2019-06-28 15:47:00,ASK_DEPTH,"[(102063, 23)]"
2019-06-28 15:47:00,IMBALANCE,"[91, 23]"
2019-06-28 15:47:00,HOLDINGS_UPDATED,"{'CASH': 7479050, 'JPM': 22}"
2019-06-28 15:48:00,BID_DEPTH,"[(102063, 68)]"
2019-06-28 15:48:00,ASK_DEPTH,"[(102117, 115)]"
2019-06-28 15:48:00,IMBALANCE,"[68, 115]"
2019-06-28 15:48:00,HOLDINGS_UPDATED,"{'CASH': 7274816, 'JPM': 24}"
2019-06-28 15:49:00,BID_DEPTH,"[(102117, 235)]"
2019-06-28 15:49:00,ASK_DEPTH,"[(102205, 182)]"
2019-06-28 15:49:00,IMBALANCE,"[235, 182]"
2019-06-28 15:49:00,HOLDINGS_UPDATED,"{'CASH': 7070406, 'JPM': 26}"
2019-06-28 15:50:00,BID_DEPTH,"[(102205, 92)]"
2019-06-28 15:50:00,ASK_DEPTH,"[(102324, 139)]"
2019-06-28 15:50:00,IMBALANCE,"[92, 139]"
2019-06-28 15:50:00,HOLDINGS_UPDATED,"{'CASH': 6865758, 'JPM': 28}"
2019-06-28 15:51:00,BID_DEPTH,"[(102314, 167)]"
2019-06-28 15:51:00,ASK_DEPTH,"[(102323, 115)]"
2019-06-28 15:51:00,IMBALANCE,"[167, 115]"
2019-06-28 15:51:00,HOLDINGS_UPDATED,"{'CASH': 6661112, 'JPM': 30}"
2019-06-28 15:52:00,BID_DEPTH,"[(102205, 92)]"
2019-06-28 15:52:00,ASK_DEPTH,"[(102323, 47)]"
2019-06-28 15:52:00,IMBALANCE,"[92, 47]"
2019-06-28 15:52:00,HOLDINGS_UPDATED,"{'CASH': 6456466, 'JPM': 32}"
2019-06-28 15:53:00,BID_DEPTH,"[(102117, 234)]"
2019-06-28 15:53:00,ASK_DEPTH,"[(102367, 282)]"
2019-06-28 15:53:00,IMBALANCE,"[234, 282]"
2019-06-28 15:53:00,HOLDINGS_UPDATED,"{'CASH': 6251732, 'JPM': 34}"
2019-06-28 15:54:00,BID_DEPTH,"[(101881, 179)]"
2019-06-28 15:54:00,ASK_DEPTH,"[(101908, 24)]"
2019-06-28 15:54:00,IMBALANCE,"[179, 24]"
2019-06-28 15:54:00,HOLDINGS_UPDATED,"{'CASH': 6047916, 'JPM': 36}"
2019-06-28 15:55:00,BID_DEPTH,"[(101881, 159)]"
2019-06-28 15:55:00,ASK_DEPTH,"[(102062, 151)]"
2019-06-28 15:55:00,IMBALANCE,"[159, 151]"
2019-06-28 15:55:00,HOLDINGS_UPDATED,"{'CASH': 5843792, 'JPM': 38}"
2019-06-28 15:56:00,BID_DEPTH,"[(101756, 136)]"
2019-06-28 15:56:00,ASK_DEPTH,"[(102062, 139)]"
2019-06-28 15:56:00,IMBALANCE,"[136, 139]"
2019-06-28 15:56:00,HOLDINGS_UPDATED,"{'CASH': 5639668, 'JPM': 40}"
2019-06-28 15:57:00,BID_DEPTH,"[(101365, 254)]"
2019-06-28 15:57:00,ASK_DEPTH,"[(102063, 47)]"
2019-06-28 15:57:00,IMBALANCE,"[254, 47]"
2019-06-28 15:57:00,HOLDINGS_UPDATED,"{'CASH': 5435542, 'JPM': 42}"
2019-06-28 15:58:00,BID_DEPTH,"[(101365, 167)]"
2019-06-28 15:58:00,ASK_DEPTH,"[(102367, 123)]"
2019-06-28 15:58:00,IMBALANCE,"[167, 123]"
2019-06-28 15:58:00,HOLDINGS_UPDATED,"{'CASH': 5230808, 'JPM': 44}"
2019-06-28 15:59:00,BID_DEPTH,"[(101317, 234)]"
2019-06-28 15:59:00,ASK_DEPTH,"[(102367, 83)]"
2019-06-28 15:59:00,IMBALANCE,"[234, 83]"
2019-06-28 15:59:00,HOLDINGS_UPDATED,"{'CASH': 5026074, 'JPM': 46}"
2019-06-28 16:00:00,BID_DEPTH,"[(101234, 270)]"
2019-06-28 16:00:00,ASK_DEPTH,"[(101297, 248)]"
2019-06-28 16:00:00,IMBALANCE,"[270, 248]"
2019-06-28 16:00:00,HOLDINGS_UPDATED,"{'CASH': 4823480, 'JPM': 48}"
2019-06-28 16:01:00,BID_DEPTH,"[(101234, 270)]"
2019-06-28 16:01:00,ASK_DEPTH,"[(101297, 193)]"
2019-06-28 16:01:00,IMBALANCE,"[270, 193]"
2019-06-28 16:01:00,MKT_CLOSED,
2019-06-28 16:01:00,FINAL_HOLDINGS,"{ JPM: 48, CASH: 4823480 }"
2019-06-28 16:01:00,FINAL_CASH_POSITION,4823480
2019-06-28 16:01:00,MARK_TO_MARKET,48 JPM @ 101297 == 4862256
2019-06-28 16:01:00,MARKED_TO_MARKET,9685736
2019-06-28 16:01:00,ENDING_CASH,9685736
