EventTime,EventType,Event
,AGENT_TYPE,MomentumAgent
,STARTING_CASH,10000000
2019-06-28 09:30:00,HOLDINGS_UPDATED,{'CASH': 10000000}
2019-06-28 09:31:00,BID_DEPTH,"[(100004, 573)]"
2019-06-28 09:31:00,ASK_DEPTH,"[(100008, 573)]"
2019-06-28 09:31:00,IMBALANCE,"[573, 573]"
2019-06-28 09:32:00,BID_DEPTH,"[(100004, 218)]"
2019-06-28 09:32:00,ASK_DEPTH,"[(100005, 218)]"
2019-06-28 09:32:00,IMBALANCE,"[218, 218]"
2019-06-28 09:33:00,BID_DEPTH,"[(99974, 195)]"
2019-06-28 09:33:00,ASK_DEPTH,"[(100003, 295)]"
2019-06-28 09:33:00,IMBALANCE,"[195, 295]"
2019-06-28 09:34:00,BID_DEPTH,"[(99970, 261)]"
2019-06-28 09:34:00,ASK_DEPTH,"[(100003, 361)]"
2019-06-28 09:34:00,IMBALANCE,"[261, 361]"
2019-06-28 09:35:00,BID_DEPTH,"[(99932, 261)]"
2019-06-28 09:35:00,ASK_DEPTH,"[(100003, 361)]"
2019-06-28 09:35:00,IMBALANCE,"[261, 361]"
2019-06-28 09:36:00,BID_DEPTH,"[(99929, 195)]"
2019-06-28 09:36:00,ASK_DEPTH,"[(99956, 195)]"
2019-06-28 09:36:00,IMBALANCE,"[195, 195]"
2019-06-28 09:37:00,BID_DEPTH,"[(99929, 573)]"
2019-06-28 09:37:00,ASK_DEPTH,"[(99956, 573)]"
2019-06-28 09:37:00,IMBALANCE,"[573, 573]"
2019-06-28 09:38:00,BID_DEPTH,"[(99913, 295)]"
2019-06-28 09:38:00,ASK_DEPTH,"[(99918, 100)]"
2019-06-28 09:38:00,IMBALANCE,"[295, 100]"
2019-06-28 09:39:00,BID_DEPTH,"[(99883, 261)]"
2019-06-28 09:39:00,ASK_DEPTH,"[(99918, 166)]"
2019-06-28 09:39:00,IMBALANCE,"[261, 166]"
2019-06-28 09:40:00,BID_DEPTH,"[(99854, 261)]"
2019-06-28 09:40:00,ASK_DEPTH,"[(99918, 166)]"
2019-06-28 09:40:00,IMBALANCE,"[261, 166]"
2019-06-28 09:41:00,BID_DEPTH,"[(99851, 195)]"
2019-06-28 09:41:00,ASK_DEPTH,"[(99883, 195)]"
2019-06-28 09:41:00,IMBALANCE,"[195, 195]"
2019-06-28 09:42:00,BID_DEPTH,"[(99457, 195)]"
2019-06-28 09:42:00,ASK_DEPTH,"[(99883, 195)]"
2019-06-28 09:42:00,IMBALANCE,"[195, 195]"
2019-06-28 09:43:00,BID_DEPTH,"[(99428, 261)]"
2019-06-28 09:43:00,ASK_DEPTH,"[(99452, 261)]"
2019-06-28 09:43:00,IMBALANCE,"[261, 261]"
2019-06-28 09:44:00,BID_DEPTH,"[(99429, 361)]"
2019-06-28 09:44:00,ASK_DEPTH,"[(99452, 261)]"
2019-06-28 09:44:00,IMBALANCE,"[361, 261]"
2019-06-28 09:45:00,BID_DEPTH,"[(99429, 573)]"
2019-06-28 09:45:00,ASK_DEPTH,"[(99452, 573)]"
2019-06-28 09:45:00,IMBALANCE,"[573, 573]"
2019-06-28 09:46:00,BID_DEPTH,"[(99360, 218)]"
2019-06-28 09:46:00,ASK_DEPTH,"[(99429, 218)]"
2019-06-28 09:46:00,IMBALANCE,"[218, 218]"
2019-06-28 09:47:00,BID_DEPTH,"[(99322, 218)]"
2019-06-28 09:47:00,ASK_DEPTH,"[(99429, 218)]"
2019-06-28 09:47:00,IMBALANCE,"[218, 218]"
2019-06-28 09:48:00,BID_DEPTH,"[(99322, 336)]"
2019-06-28 09:48:00,ASK_DEPTH,"[(99429, 336)]"
2019-06-28 09:48:00,IMBALANCE,"[336, 336]"
2019-06-28 09:49:00,BID_DEPTH,"[(99322, 195)]"
2019-06-28 09:49:00,ASK_DEPTH,"[(99428, 195)]"
2019-06-28 09:49:00,IMBALANCE,"[195, 195]"
2019-06-28 09:50:00,BID_DEPTH,"[(99247, 195)]"
2019-06-28 09:50:00,ASK_DEPTH,"[(99428, 195)]"
2019-06-28 09:50:00,IMBALANCE,"[195, 195]"
2019-06-28 09:51:00,BID_DEPTH,"[(99229, 573)]"
2019-06-28 09:51:00,ASK_DEPTH,"[(99322, 573)]"
2019-06-28 09:51:00,IMBALANCE,"[573, 573]"
2019-06-28 09:52:00,BID_DEPTH,"[(99229, 573)]"
2019-06-28 09:52:00,ASK_DEPTH,"[(99312, 573)]"
2019-06-28 09:52:00,IMBALANCE,"[573, 573]"
2019-06-28 09:53:00,BID_DEPTH,"[(99185, 573)]"
2019-06-28 09:53:00,ASK_DEPTH,"[(99247, 673)]"
2019-06-28 09:53:00,IMBALANCE,"[573, 673]"
2019-06-28 09:54:00,BID_DEPTH,"[(99146, 218)]"
2019-06-28 09:54:00,ASK_DEPTH,"[(99247, 418)]"
2019-06-28 09:54:00,IMBALANCE,"[218, 418]"
2019-06-28 09:55:00,BID_DEPTH,"[(98861, 218)]"
2019-06-28 09:55:00,ASK_DEPTH,"[(99185, 218)]"
2019-06-28 09:55:00,IMBALANCE,"[218, 218]"
2019-06-28 09:56:00,BID_DEPTH,"[(98964, 195)]"
2019-06-28 09:56:00,ASK_DEPTH,"[(99247, 395)]"
2019-06-28 09:56:00,IMBALANCE,"[195, 395]"
2019-06-28 09:57:00,BID_DEPTH,"[(99185, 195)]"
2019-06-28 09:57:00,ASK_DEPTH,"[(99247, 295)]"
2019-06-28 09:57:00,IMBALANCE,"[195, 295]"
2019-06-28 09:58:00,BID_DEPTH,"[(99185, 218)]"
2019-06-28 09:58:00,ASK_DEPTH,"[(99312, 218)]"
2019-06-28 09:58:00,IMBALANCE,"[218, 218]"
2019-06-28 09:59:00,BID_DEPTH,"[(99185, 261)]"
2019-06-28 09:59:00,ASK_DEPTH,"[(99428, 261)]"
2019-06-28 09:59:00,IMBALANCE,"[261, 261]"
2019-06-28 10:00:00,BID_DEPTH,"[(99247, 461)]"
2019-06-28 10:00:00,ASK_DEPTH,"[(99428, 261)]"
2019-06-28 10:00:00,IMBALANCE,"[461, 261]"
2019-06-28 10:01:00,BID_DEPTH,"[(99247, 536)]"
2019-06-28 10:01:00,ASK_DEPTH,"[(99429, 336)]"
2019-06-28 10:01:00,IMBALANCE,"[536, 336]"
2019-06-28 10:02:00,BID_DEPTH,"[(99247, 395)]"
2019-06-28 10:02:00,ASK_DEPTH,"[(99429, 195)]"
2019-06-28 10:02:00,IMBALANCE,"[395, 195]"
2019-06-28 10:03:00,BID_DEPTH,"[(99429, 261)]"
2019-06-28 10:03:00,ASK_DEPTH,"[(99523, 261)]"
2019-06-28 10:03:00,IMBALANCE,"[261, 261]"
2019-06-28 10:04:00,BID_DEPTH,"[(99429, 573)]"
2019-06-28 10:04:00,ASK_DEPTH,"[(99918, 478)]"
2019-06-28 10:04:00,IMBALANCE,"[573, 478]"
2019-06-28 10:05:00,BID_DEPTH,"[(99429, 195)]"
2019-06-28 10:05:00,ASK_DEPTH,"[(100106, 195)]"
2019-06-28 10:05:00,IMBALANCE,"[195, 195]"
2019-06-28 10:06:00,BID_DEPTH,"[(99429, 573)]"
2019-06-28 10:06:00,ASK_DEPTH,"[(100005, 573)]"
2019-06-28 10:06:00,IMBALANCE,"[573, 573]"
2019-06-28 10:07:00,BID_DEPTH,"[(100005, 261)]"
2019-06-28 10:07:00,ASK_DEPTH,"[(100168, 261)]"
2019-06-28 10:07:00,IMBALANCE,"[261, 261]"
2019-06-28 10:08:00,BID_DEPTH,"[(100073, 336)]"
2019-06-28 10:08:00,ASK_DEPTH,"[(100105, 436)]"
2019-06-28 10:08:00,IMBALANCE,"[336, 436]"
2019-06-28 10:09:00,BID_DEPTH,"[(100073, 336)]"
2019-06-28 10:09:00,ASK_DEPTH,"[(100105, 436)]"
2019-06-28 10:09:00,IMBALANCE,"[336, 436]"
2019-06-28 10:10:00,BID_DEPTH,"[(100005, 195)]"
2019-06-28 10:10:00,ASK_DEPTH,"[(100104, 195)]"
2019-06-28 10:10:00,IMBALANCE,"[195, 195]"
2019-06-28 10:11:00,BID_DEPTH,"[(99709, 218)]"
2019-06-28 10:11:00,ASK_DEPTH,"[(100073, 218)]"
2019-06-28 10:11:00,IMBALANCE,"[218, 218]"
2019-06-28 10:12:00,BID_DEPTH,"[(99429, 573)]"
2019-06-28 10:12:00,ASK_DEPTH,"[(100073, 673)]"
2019-06-28 10:12:00,IMBALANCE,"[573, 673]"
2019-06-28 10:13:00,BID_DEPTH,"[(99710, 573)]"
2019-06-28 10:13:00,ASK_DEPTH,"[(99727, 573)]"
2019-06-28 10:13:00,IMBALANCE,"[573, 573]"
2019-06-28 10:14:00,BID_DEPTH,"[(99710, 218)]"
2019-06-28 10:14:00,ASK_DEPTH,"[(99860, 218)]"
2019-06-28 10:14:00,IMBALANCE,"[218, 218]"
2019-06-28 10:15:00,BID_DEPTH,"[(99720, 336)]"
2019-06-28 10:15:00,ASK_DEPTH,"[(99859, 336)]"
2019-06-28 10:15:00,IMBALANCE,"[336, 336]"
2019-06-28 10:16:00,BID_DEPTH,"[(99720, 336)]"
2019-06-28 10:16:00,ASK_DEPTH,"[(99844, 336)]"
2019-06-28 10:16:00,IMBALANCE,"[336, 336]"
2019-06-28 10:17:00,BID_DEPTH,"[(99720, 218)]"
2019-06-28 10:17:00,ASK_DEPTH,"[(100073, 218)]"
2019-06-28 10:17:00,IMBALANCE,"[218, 218]"
2019-06-28 10:18:00,BID_DEPTH,"[(100020, 573)]"
2019-06-28 10:18:00,ASK_DEPTH,"[(100104, 573)]"
2019-06-28 10:18:00,IMBALANCE,"[573, 573]"
2019-06-28 10:19:00,BID_DEPTH,"[(100020, 573)]"
2019-06-28 10:19:00,ASK_DEPTH,"[(100105, 573)]"
2019-06-28 10:19:00,IMBALANCE,"[573, 573]"
2019-06-28 10:20:00,BID_DEPTH,"[(100073, 295)]"
2019-06-28 10:20:00,ASK_DEPTH,"[(100189, 195)]"
2019-06-28 10:20:00,IMBALANCE,"[295, 195]"
2019-06-28 10:21:00,BID_DEPTH,"[(100103, 478)]"
2019-06-28 10:21:00,ASK_DEPTH,"[(100209, 506)]"
2019-06-28 10:21:00,IMBALANCE,"[478, 506]"
2019-06-28 10:21:00,HOLDINGS_UPDATED,"{'CASH': 9098119, 'JPM': 9}"
2019-06-28 10:22:00,BID_DEPTH,"[(100073, 461)]"
2019-06-28 10:22:00,ASK_DEPTH,"[(100247, 194)]"
2019-06-28 10:22:00,IMBALANCE,"[461, 194]"
2019-06-28 10:22:00,HOLDINGS_UPDATED,"{'CASH': 8195896, 'JPM': 18}"
2019-06-28 10:23:00,BID_DEPTH,"[(100073, 361)]"
2019-06-28 10:23:00,ASK_DEPTH,"[(100247, 294)]"
2019-06-28 10:23:00,IMBALANCE,"[361, 294]"
2019-06-28 10:23:00,HOLDINGS_UPDATED,"{'CASH': 7293673, 'JPM': 27}"
2019-06-28 10:24:00,BID_DEPTH,"[(100020, 218)]"
2019-06-28 10:24:00,ASK_DEPTH,"[(100073, 251)]"
2019-06-28 10:24:00,IMBALANCE,"[218, 251]"
2019-06-28 10:24:00,HOLDINGS_UPDATED,"{'CASH': 6393016, 'JPM': 36}"
2019-06-28 10:25:00,BID_DEPTH,"[(99653, 673)]"
2019-06-28 10:25:00,ASK_DEPTH,"[(99998, 506)]"
2019-06-28 10:25:00,IMBALANCE,"[673, 506]"
2019-06-28 10:25:00,HOLDINGS_UPDATED,"{'CASH': 5493034, 'JPM': 45}"
2019-06-28 10:26:00,BID_DEPTH,"[(99998, 218)]"
2019-06-28 10:26:00,ASK_DEPTH,"[(100073, 138)]"
2019-06-28 10:26:00,IMBALANCE,"[218, 138]"
2019-06-28 10:26:00,HOLDINGS_UPDATED,"{'CASH': 4592377, 'JPM': 54}"
2019-06-28 10:27:00,BID_DEPTH,"[(99972, 336)]"
2019-06-28 10:27:00,ASK_DEPTH,"[(100317, 269)]"
2019-06-28 10:27:00,IMBALANCE,"[336, 269]"
2019-06-28 10:27:00,HOLDINGS_UPDATED,"{'CASH': 3689524, 'JPM': 63}"
2019-06-28 10:28:00,BID_DEPTH,"[(99972, 261)]"
2019-06-28 10:28:00,ASK_DEPTH,"[(100451, 194)]"
2019-06-28 10:28:00,IMBALANCE,"[261, 194]"
2019-06-28 10:28:00,HOLDINGS_UPDATED,"{'CASH': 2785465, 'JPM': 72}"
2019-06-28 10:29:00,BID_DEPTH,"[(99629, 218)]"
2019-06-28 10:29:00,ASK_DEPTH,"[(100647, 151)]"
2019-06-28 10:29:00,IMBALANCE,"[218, 151]"
2019-06-28 10:29:00,HOLDINGS_UPDATED,"{'CASH': 1879642, 'JPM': 81}"
2019-06-28 10:30:00,BID_DEPTH,"[(99851, 261)]"
2019-06-28 10:30:00,ASK_DEPTH,"[(100780, 194)]"
2019-06-28 10:30:00,IMBALANCE,"[261, 194]"
2019-06-28 10:30:00,HOLDINGS_UPDATED,"{'CASH': 972622, 'JPM': 90}"
2019-06-28 10:31:00,BID_DEPTH,"[(99429, 100)]"
2019-06-28 10:31:00,ASK_DEPTH,[]
2019-06-28 10:31:00,IMBALANCE,"[100, 0]"
2019-06-28 10:32:00,BID_DEPTH,"[(99413, 100)]"
2019-06-28 10:32:00,ASK_DEPTH,[]
2019-06-28 10:32:00,IMBALANCE,"[100, 0]"
2019-06-28 10:33:00,BID_DEPTH,"[(99721, 100)]"
2019-06-28 10:33:00,ASK_DEPTH,[]
2019-06-28 10:33:00,IMBALANCE,"[100, 0]"
2019-06-28 10:34:00,BID_DEPTH,"[(99721, 218)]"
2019-06-28 10:34:00,ASK_DEPTH,"[(99810, 151)]"
2019-06-28 10:34:00,IMBALANCE,"[218, 151]"
2019-06-28 10:34:00,HOLDINGS_UPDATED,"{'CASH': 74332, 'JPM': 99}"
2019-06-28 10:35:00,BID_DEPTH,"[(100168, 218)]"
2019-06-28 10:35:00,ASK_DEPTH,"[(100232, 151)]"
2019-06-28 10:35:00,IMBALANCE,"[218, 151]"
2019-06-28 10:35:00,HOLDINGS_UPDATED,"{'CASH': -827756, 'JPM': 108}"
2019-06-28 10:36:00,BID_DEPTH,"[(99721, 673)]"
2019-06-28 10:36:00,ASK_DEPTH,"[(100291, 506)]"
2019-06-28 10:36:00,IMBALANCE,"[673, 506]"
2019-06-28 10:36:00,HOLDINGS_UPDATED,"{'CASH': -1730375, 'JPM': 117}"
2019-06-28 10:37:00,BID_DEPTH,"[(100231, 218)]"
2019-06-28 10:37:00,ASK_DEPTH,"[(100346, 151)]"
2019-06-28 10:37:00,IMBALANCE,"[218, 151]"
2019-06-28 10:37:00,HOLDINGS_UPDATED,"{'CASH': -2633489, 'JPM': 126}"
2019-06-28 10:38:00,BID_DEPTH,"[(100192, 261)]"
2019-06-28 10:38:00,ASK_DEPTH,"[(100346, 194)]"
2019-06-28 10:38:00,IMBALANCE,"[261, 194]"
2019-06-28 10:38:00,HOLDINGS_UPDATED,"{'CASH': -3536603, 'JPM': 135}"
2019-06-28 10:39:00,BID_DEPTH,"[(100192, 218)]"
2019-06-28 10:39:00,ASK_DEPTH,"[(100434, 151)]"
2019-06-28 10:39:00,IMBALANCE,"[218, 151]"
2019-06-28 10:39:00,HOLDINGS_UPDATED,"{'CASH': -4440509, 'JPM': 144}"
2019-06-28 10:40:00,BID_DEPTH,"[(100192, 100)]"
2019-06-28 10:40:00,ASK_DEPTH,[]
2019-06-28 10:40:00,IMBALANCE,"[100, 0]"
2019-06-28 10:41:00,BID_DEPTH,"[(100452, 261)]"
2019-06-28 10:41:00,ASK_DEPTH,"[(100507, 194)]"
2019-06-28 10:41:00,IMBALANCE,"[261, 194]"
2019-06-28 10:41:00,HOLDINGS_UPDATED,"{'CASH': -5345072, 'JPM': 153}"
2019-06-28 10:42:00,BID_DEPTH,"[(100452, 100)]"
2019-06-28 10:42:00,ASK_DEPTH,[]
2019-06-28 10:42:00,IMBALANCE,"[100, 0]"
2019-06-28 10:43:00,BID_DEPTH,"[(100452, 218)]"
2019-06-28 10:43:00,ASK_DEPTH,"[(100801, 151)]"
2019-06-28 10:43:00,IMBALANCE,"[218, 151]"
2019-06-28 10:43:00,HOLDINGS_UPDATED,"{'CASH': -6252281, 'JPM': 162}"
2019-06-28 10:44:00,BID_DEPTH,"[(100370, 100)]"
2019-06-28 10:44:00,ASK_DEPTH,[]
2019-06-28 10:44:00,IMBALANCE,"[100, 0]"
2019-06-28 10:45:00,BID_DEPTH,"[(100315, 195)]"
2019-06-28 10:45:00,ASK_DEPTH,"[(100621, 128)]"
2019-06-28 10:45:00,IMBALANCE,"[195, 128]"
2019-06-28 10:45:00,HOLDINGS_UPDATED,"{'CASH': -7157870, 'JPM': 171}"
2019-06-28 10:46:00,BID_DEPTH,"[(100205, 195)]"
2019-06-28 10:46:00,ASK_DEPTH,"[(100622, 128)]"
2019-06-28 10:46:00,IMBALANCE,"[195, 128]"
2019-06-28 10:46:00,HOLDINGS_UPDATED,"{'CASH': -8063468, 'JPM': 180}"
2019-06-28 10:47:00,BID_DEPTH,"[(100103, 100)]"
2019-06-28 10:47:00,ASK_DEPTH,[]
2019-06-28 10:47:00,IMBALANCE,"[100, 0]"
2019-06-28 10:48:00,BID_DEPTH,"[(100050, 100)]"
2019-06-28 10:48:00,ASK_DEPTH,[]
2019-06-28 10:48:00,IMBALANCE,"[100, 0]"
2019-06-28 10:49:00,BID_DEPTH,"[(99892, 218)]"
2019-06-28 10:49:00,ASK_DEPTH,"[(100064, 151)]"
2019-06-28 10:49:00,IMBALANCE,"[218, 151]"
2019-06-28 10:49:00,HOLDINGS_UPDATED,"{'CASH': -8964044, 'JPM': 189}"
2019-06-28 10:50:00,BID_DEPTH,"[(99893, 361)]"
2019-06-28 10:50:00,ASK_DEPTH,"[(100090, 194)]"
2019-06-28 10:50:00,IMBALANCE,"[361, 194]"
2019-06-28 10:50:00,HOLDINGS_UPDATED,"{'CASH': -9864854, 'JPM': 198}"
2019-06-28 10:51:00,BID_DEPTH,"[(99866, 336)]"
2019-06-28 10:51:00,ASK_DEPTH,"[(99975, 269)]"
2019-06-28 10:51:00,IMBALANCE,"[336, 269]"
2019-06-28 10:51:00,HOLDINGS_UPDATED,"{'CASH': -10764629, 'JPM': 207}"
2019-06-28 10:52:00,BID_DEPTH,"[(99819, 573)]"
2019-06-28 10:52:00,ASK_DEPTH,"[(99976, 506)]"
2019-06-28 10:52:00,IMBALANCE,"[573, 506]"
2019-06-28 10:52:00,HOLDINGS_UPDATED,"{'CASH': -11664413, 'JPM': 216}"
2019-06-28 10:53:00,BID_DEPTH,"[(99949, 218)]"
2019-06-28 10:53:00,ASK_DEPTH,"[(99978, 151)]"
2019-06-28 10:53:00,IMBALANCE,"[218, 151]"
2019-06-28 10:53:00,HOLDINGS_UPDATED,"{'CASH': -12564215, 'JPM': 225}"
2019-06-28 10:54:00,BID_DEPTH,"[(99949, 573)]"
2019-06-28 10:54:00,ASK_DEPTH,"[(99978, 506)]"
2019-06-28 10:54:00,IMBALANCE,"[573, 506]"
2019-06-28 10:54:00,HOLDINGS_UPDATED,"{'CASH': -13464017, 'JPM': 234}"
2019-06-28 10:55:00,BID_DEPTH,"[(99902, 261)]"
2019-06-28 10:55:00,ASK_DEPTH,"[(99978, 294)]"
2019-06-28 10:55:00,IMBALANCE,"[261, 294]"
2019-06-28 10:55:00,HOLDINGS_UPDATED,"{'CASH': -14363819, 'JPM': 243}"
2019-06-28 10:56:00,BID_DEPTH,"[(99674, 436)]"
2019-06-28 10:56:00,ASK_DEPTH,"[(99902, 269)]"
2019-06-28 10:56:00,IMBALANCE,"[436, 269]"
2019-06-28 10:56:00,HOLDINGS_UPDATED,"{'CASH': -15262937, 'JPM': 252}"
2019-06-28 10:57:00,BID_DEPTH,"[(99674, 673)]"
2019-06-28 10:57:00,ASK_DEPTH,"[(99902, 506)]"
2019-06-28 10:57:00,IMBALANCE,"[673, 506]"
2019-06-28 10:57:00,HOLDINGS_UPDATED,"{'CASH': -16162055, 'JPM': 261}"
2019-06-28 10:58:00,BID_DEPTH,"[(99674, 436)]"
2019-06-28 10:58:00,ASK_DEPTH,"[(99856, 269)]"
2019-06-28 10:58:00,IMBALANCE,"[436, 269]"
2019-06-28 10:58:00,HOLDINGS_UPDATED,"{'CASH': -17060759, 'JPM': 270}"
2019-06-28 10:59:00,BID_DEPTH,"[(99856, 573)]"
2019-06-28 10:59:00,ASK_DEPTH,"[(99978, 506)]"
2019-06-28 10:59:00,IMBALANCE,"[573, 506]"
2019-06-28 10:59:00,HOLDINGS_UPDATED,"{'CASH': -17960561, 'JPM': 279}"
2019-06-28 11:00:00,BID_DEPTH,"[(99856, 218)]"
2019-06-28 11:00:00,ASK_DEPTH,"[(99978, 151)]"
2019-06-28 11:00:00,IMBALANCE,"[218, 151]"
2019-06-28 11:00:00,HOLDINGS_UPDATED,"{'CASH': -18860363, 'JPM': 288}"
2019-06-28 11:01:00,BID_DEPTH,"[(99810, 195)]"
2019-06-28 11:01:00,ASK_DEPTH,"[(99844, 128)]"
2019-06-28 11:01:00,IMBALANCE,"[195, 128]"
2019-06-28 11:01:00,HOLDINGS_UPDATED,"{'CASH': -19758959, 'JPM': 297}"
2019-06-28 11:02:00,BID_DEPTH,"[(99740, 573)]"
2019-06-28 11:02:00,ASK_DEPTH,"[(99861, 506)]"
2019-06-28 11:02:00,IMBALANCE,"[573, 506]"
2019-06-28 11:02:00,HOLDINGS_UPDATED,"{'CASH': -20657708, 'JPM': 306}"
2019-06-28 11:03:00,BID_DEPTH,"[(99675, 336)]"
2019-06-28 11:03:00,ASK_DEPTH,"[(99977, 269)]"
2019-06-28 11:03:00,IMBALANCE,"[336, 269]"
2019-06-28 11:03:00,HOLDINGS_UPDATED,"{'CASH': -21557501, 'JPM': 315}"
2019-06-28 11:04:00,BID_DEPTH,"[(99608, 151)]"
2019-06-28 11:04:00,ASK_DEPTH,"[(99978, 218)]"
2019-06-28 11:04:00,IMBALANCE,"[151, 218]"
2019-06-28 11:04:00,HOLDINGS_UPDATED,"{'CASH': -20661029, 'JPM': 306}"
2019-06-28 11:05:00,BID_DEPTH,"[(99487, 194)]"
2019-06-28 11:05:00,ASK_DEPTH,"[(99978, 261)]"
2019-06-28 11:05:00,IMBALANCE,"[194, 261]"
2019-06-28 11:05:00,HOLDINGS_UPDATED,"{'CASH': -19765646, 'JPM': 297}"
2019-06-28 11:06:00,BID_DEPTH,"[(99487, 506)]"
2019-06-28 11:06:00,ASK_DEPTH,"[(99978, 573)]"
2019-06-28 11:06:00,IMBALANCE,"[506, 573]"
2019-06-28 11:06:00,HOLDINGS_UPDATED,"{'CASH': -18870263, 'JPM': 288}"
2019-06-28 11:07:00,BID_DEPTH,"[(99707, 151)]"
2019-06-28 11:07:00,ASK_DEPTH,"[(99914, 218)]"
2019-06-28 11:07:00,IMBALANCE,"[151, 218]"
2019-06-28 11:07:00,HOLDINGS_UPDATED,"{'CASH': -17972900, 'JPM': 279}"
2019-06-28 11:08:00,BID_DEPTH,"[(99707, 128)]"
2019-06-28 11:08:00,ASK_DEPTH,"[(99914, 195)]"
2019-06-28 11:08:00,IMBALANCE,"[128, 195]"
2019-06-28 11:08:00,HOLDINGS_UPDATED,"{'CASH': -17075537, 'JPM': 270}"
2019-06-28 11:09:00,BID_DEPTH,"[(99680, 151)]"
2019-06-28 11:09:00,ASK_DEPTH,"[(99707, 318)]"
2019-06-28 11:09:00,IMBALANCE,"[151, 318]"
2019-06-28 11:09:00,HOLDINGS_UPDATED,"{'CASH': -16178417, 'JPM': 261}"
2019-06-28 11:10:00,BID_DEPTH,"[(99442, 128)]"
2019-06-28 11:10:00,ASK_DEPTH,"[(99610, 195)]"
2019-06-28 11:10:00,IMBALANCE,"[128, 195]"
2019-06-28 11:10:00,HOLDINGS_UPDATED,"{'CASH': -15283439, 'JPM': 252}"
2019-06-28 11:11:00,BID_DEPTH,"[(99361, 194)]"
2019-06-28 11:11:00,ASK_DEPTH,"[(99398, 261)]"
2019-06-28 11:11:00,IMBALANCE,"[194, 261]"
2019-06-28 11:11:00,HOLDINGS_UPDATED,"{'CASH': -14389190, 'JPM': 243}"
2019-06-28 11:12:00,BID_DEPTH,"[(99165, 151)]"
2019-06-28 11:12:00,ASK_DEPTH,"[(99374, 218)]"
2019-06-28 11:12:00,IMBALANCE,"[151, 218]"
2019-06-28 11:12:00,HOLDINGS_UPDATED,"{'CASH': -13496705, 'JPM': 234}"
2019-06-28 11:13:00,BID_DEPTH,"[(99200, 194)]"
2019-06-28 11:13:00,ASK_DEPTH,"[(99374, 261)]"
2019-06-28 11:13:00,IMBALANCE,"[194, 261]"
2019-06-28 11:13:00,HOLDINGS_UPDATED,"{'CASH': -12603905, 'JPM': 225}"
2019-06-28 11:14:00,BID_DEPTH,"[(99200, 128)]"
2019-06-28 11:14:00,ASK_DEPTH,"[(99374, 195)]"
2019-06-28 11:14:00,IMBALANCE,"[128, 195]"
2019-06-28 11:14:00,HOLDINGS_UPDATED,"{'CASH': -11711105, 'JPM': 216}"
2019-06-28 11:15:00,BID_DEPTH,"[(99285, 506)]"
2019-06-28 11:15:00,ASK_DEPTH,"[(99374, 573)]"
2019-06-28 11:15:00,IMBALANCE,"[506, 573]"
2019-06-28 11:15:00,HOLDINGS_UPDATED,"{'CASH': -10817540, 'JPM': 207}"
2019-06-28 11:16:00,BID_DEPTH,"[(99165, 506)]"
2019-06-28 11:16:00,ASK_DEPTH,"[(99285, 573)]"
2019-06-28 11:16:00,IMBALANCE,"[506, 573]"
2019-06-28 11:16:00,HOLDINGS_UPDATED,"{'CASH': -9925055, 'JPM': 198}"
2019-06-28 11:17:00,BID_DEPTH,"[(99162, 269)]"
2019-06-28 11:17:00,ASK_DEPTH,"[(99285, 336)]"
2019-06-28 11:17:00,IMBALANCE,"[269, 336]"
2019-06-28 11:17:00,HOLDINGS_UPDATED,"{'CASH': -9032597, 'JPM': 189}"
2019-06-28 11:18:00,BID_DEPTH,"[(99292, 506)]"
2019-06-28 11:18:00,ASK_DEPTH,"[(99374, 573)]"
2019-06-28 11:18:00,IMBALANCE,"[506, 573]"
2019-06-28 11:18:00,HOLDINGS_UPDATED,"{'CASH': -8138969, 'JPM': 180}"
2019-06-28 11:19:00,BID_DEPTH,"[(99292, 251)]"
2019-06-28 11:19:00,ASK_DEPTH,"[(99375, 218)]"
2019-06-28 11:19:00,IMBALANCE,"[251, 218]"
2019-06-28 11:19:00,HOLDINGS_UPDATED,"{'CASH': -7245341, 'JPM': 171}"
2019-06-28 11:20:00,BID_DEPTH,"[(99292, 593)]"
2019-06-28 11:20:00,ASK_DEPTH,"[(99437, 573)]"
2019-06-28 11:20:00,IMBALANCE,"[593, 573]"
2019-06-28 11:20:00,HOLDINGS_UPDATED,"{'CASH': -6351713, 'JPM': 162}"
2019-06-28 11:21:00,BID_DEPTH,"[(99437, 506)]"
2019-06-28 11:21:00,ASK_DEPTH,"[(99527, 573)]"
2019-06-28 11:21:00,IMBALANCE,"[506, 573]"
2019-06-28 11:21:00,HOLDINGS_UPDATED,"{'CASH': -5456780, 'JPM': 153}"
2019-06-28 11:22:00,BID_DEPTH,"[(99705, 506)]"
2019-06-28 11:22:00,ASK_DEPTH,"[(99779, 573)]"
2019-06-28 11:22:00,IMBALANCE,"[506, 573]"
2019-06-28 11:22:00,HOLDINGS_UPDATED,"{'CASH': -4559435, 'JPM': 144}"
2019-06-28 11:23:00,BID_DEPTH,"[(99705, 369)]"
2019-06-28 11:23:00,ASK_DEPTH,"[(99799, 336)]"
2019-06-28 11:23:00,IMBALANCE,"[369, 336]"
2019-06-28 11:23:00,HOLDINGS_UPDATED,"{'CASH': -3662090, 'JPM': 135}"
2019-06-28 11:24:00,BID_DEPTH,"[(99799, 128)]"
2019-06-28 11:24:00,ASK_DEPTH,"[(99862, 195)]"
2019-06-28 11:24:00,IMBALANCE,"[128, 195]"
2019-06-28 11:24:00,HOLDINGS_UPDATED,"{'CASH': -2763899, 'JPM': 126}"
2019-06-28 11:25:00,BID_DEPTH,"[(99895, 194)]"
2019-06-28 11:25:00,ASK_DEPTH,"[(99923, 261)]"
2019-06-28 11:25:00,IMBALANCE,"[194, 261]"
2019-06-28 11:25:00,HOLDINGS_UPDATED,"{'CASH': -1864844, 'JPM': 117}"
2019-06-28 11:26:00,BID_DEPTH,"[(99705, 115)]"
2019-06-28 11:26:00,ASK_DEPTH,"[(99923, 293)]"
2019-06-28 11:26:00,IMBALANCE,"[115, 293]"
2019-06-28 11:26:00,HOLDINGS_UPDATED,"{'CASH': -967499, 'JPM': 108}"
2019-06-28 11:27:00,BID_DEPTH,"[(99635, 151)]"
2019-06-28 11:27:00,ASK_DEPTH,"[(99923, 316)]"
2019-06-28 11:27:00,IMBALANCE,"[151, 316]"
2019-06-28 11:27:00,HOLDINGS_UPDATED,"{'CASH': -70784, 'JPM': 99}"
2019-06-28 11:28:00,BID_DEPTH,"[(99619, 506)]"
2019-06-28 11:28:00,ASK_DEPTH,"[(99923, 671)]"
2019-06-28 11:28:00,IMBALANCE,"[506, 671]"
2019-06-28 11:28:00,HOLDINGS_UPDATED,"{'CASH': 825787, 'JPM': 90}"
2019-06-28 11:29:00,BID_DEPTH,"[(99292, 268)]"
2019-06-28 11:29:00,ASK_DEPTH,"[(99464, 261)]"
2019-06-28 11:29:00,IMBALANCE,"[268, 261]"
2019-06-28 11:29:00,HOLDINGS_UPDATED,"{'CASH': 1520831, 'JPM': 83}"
2019-06-28 11:29:00,HOLDINGS_UPDATED,"{'CASH': 1719415, 'JPM': 81}"
2019-06-28 11:30:00,BID_DEPTH,"[(99292, 155)]"
2019-06-28 11:30:00,ASK_DEPTH,"[(99527, 261)]"
2019-06-28 11:30:00,IMBALANCE,"[155, 261]"
2019-06-28 11:30:00,HOLDINGS_UPDATED,"{'CASH': 2613043, 'JPM': 72}"
2019-06-28 11:31:00,BID_DEPTH,"[(99139, 151)]"
2019-06-28 11:31:00,ASK_DEPTH,"[(99296, 218)]"
2019-06-28 11:31:00,IMBALANCE,"[151, 218]"
2019-06-28 11:31:00,HOLDINGS_UPDATED,"{'CASH': 3505294, 'JPM': 63}"
2019-06-28 11:32:00,BID_DEPTH,"[(99209, 194)]"
2019-06-28 11:32:00,ASK_DEPTH,"[(99296, 259)]"
2019-06-28 11:32:00,IMBALANCE,"[194, 259]"
2019-06-28 11:32:00,HOLDINGS_UPDATED,"{'CASH': 4398175, 'JPM': 54}"
2019-06-28 11:33:00,BID_DEPTH,"[(99182, 269)]"
2019-06-28 11:33:00,ASK_DEPTH,"[(99296, 332)]"
2019-06-28 11:33:00,IMBALANCE,"[269, 332]"
2019-06-28 11:33:00,HOLDINGS_UPDATED,"{'CASH': 5290813, 'JPM': 45}"
2019-06-28 11:34:00,BID_DEPTH,"[(99239, 269)]"
2019-06-28 11:34:00,ASK_DEPTH,"[(99296, 330)]"
2019-06-28 11:34:00,IMBALANCE,"[269, 330]"
2019-06-28 11:34:00,HOLDINGS_UPDATED,"{'CASH': 6183964, 'JPM': 36}"
2019-06-28 11:35:00,BID_DEPTH,"[(99087, 151)]"
2019-06-28 11:35:00,ASK_DEPTH,"[(99296, 410)]"
2019-06-28 11:35:00,IMBALANCE,"[151, 410]"
2019-06-28 11:35:00,HOLDINGS_UPDATED,"{'CASH': 7075747, 'JPM': 27}"
2019-06-28 11:36:00,BID_DEPTH,"[(99254, 194)]"
2019-06-28 11:36:00,ASK_DEPTH,"[(99296, 551)]"
2019-06-28 11:36:00,IMBALANCE,"[194, 551]"
2019-06-28 11:36:00,HOLDINGS_UPDATED,"{'CASH': 7969033, 'JPM': 18}"
2019-06-28 11:37:00,BID_DEPTH,"[(99139, 269)]"
2019-06-28 11:37:00,ASK_DEPTH,"[(99296, 724)]"
2019-06-28 11:37:00,IMBALANCE,"[269, 724]"
2019-06-28 11:37:00,HOLDINGS_UPDATED,"{'CASH': 8861284, 'JPM': 9}"
2019-06-28 11:38:00,BID_DEPTH,"[(99072, 269)]"
2019-06-28 11:38:00,ASK_DEPTH,"[(99296, 522)]"
2019-06-28 11:38:00,IMBALANCE,"[269, 522]"
2019-06-28 11:38:00,HOLDINGS_UPDATED,{'CASH': 9752932}
2019-06-28 11:39:00,BID_DEPTH,"[(99066, 194)]"
2019-06-28 11:39:00,ASK_DEPTH,"[(99296, 345)]"
2019-06-28 11:39:00,IMBALANCE,"[194, 345]"
2019-06-28 11:39:00,HOLDINGS_UPDATED,"{'CASH': 10644526, 'JPM': -9}"
2019-06-28 11:40:00,BID_DEPTH,"[(99301, 269)]"
2019-06-28 11:40:00,ASK_DEPTH,"[(99302, 336)]"
2019-06-28 11:40:00,IMBALANCE,"[269, 336]"
2019-06-28 11:40:00,HOLDINGS_UPDATED,"{'CASH': 11538235, 'JPM': -18}"
2019-06-28 11:41:00,BID_DEPTH,"[(99182, 506)]"
2019-06-28 11:41:00,ASK_DEPTH,"[(99233, 573)]"
2019-06-28 11:41:00,IMBALANCE,"[506, 573]"
2019-06-28 11:41:00,HOLDINGS_UPDATED,"{'CASH': 12430873, 'JPM': -27}"
2019-06-28 11:42:00,BID_DEPTH,"[(99131, 269)]"
2019-06-28 11:42:00,ASK_DEPTH,"[(99232, 336)]"
2019-06-28 11:42:00,IMBALANCE,"[269, 336]"
2019-06-28 11:42:00,HOLDINGS_UPDATED,"{'CASH': 13323052, 'JPM': -36}"
2019-06-28 11:43:00,BID_DEPTH,"[(99014, 269)]"
2019-06-28 11:43:00,ASK_DEPTH,"[(99232, 434)]"
2019-06-28 11:43:00,IMBALANCE,"[269, 434]"
2019-06-28 11:43:00,HOLDINGS_UPDATED,"{'CASH': 14214178, 'JPM': -45}"
2019-06-28 11:44:00,BID_DEPTH,"[(98860, 151)]"
2019-06-28 11:44:00,ASK_DEPTH,"[(98956, 123)]"
2019-06-28 11:44:00,IMBALANCE,"[151, 123]"
2019-06-28 11:44:00,HOLDINGS_UPDATED,"{'CASH': 15103918, 'JPM': -54}"
2019-06-28 11:45:00,BID_DEPTH,"[(98247, 194)]"
2019-06-28 11:45:00,ASK_DEPTH,"[(98569, 261)]"
2019-06-28 11:45:00,IMBALANCE,"[194, 261]"
2019-06-28 11:45:00,HOLDINGS_UPDATED,"{'CASH': 15988141, 'JPM': -63}"
2019-06-28 11:46:00,BID_DEPTH,"[(98398, 128)]"
2019-06-28 11:46:00,ASK_DEPTH,"[(98569, 293)]"
2019-06-28 11:46:00,IMBALANCE,"[128, 293]"
2019-06-28 11:46:00,HOLDINGS_UPDATED,"{'CASH': 16873723, 'JPM': -72}"
2019-06-28 11:47:00,BID_DEPTH,"[(98398, 151)]"
2019-06-28 11:47:00,ASK_DEPTH,"[(98956, 121)]"
2019-06-28 11:47:00,IMBALANCE,"[151, 121]"
2019-06-28 11:47:00,HOLDINGS_UPDATED,"{'CASH': 17759305, 'JPM': -81}"
2019-06-28 11:48:00,BID_DEPTH,"[(98956, 506)]"
2019-06-28 11:48:00,ASK_DEPTH,"[(99229, 573)]"
2019-06-28 11:48:00,IMBALANCE,"[506, 573]"
2019-06-28 11:48:00,HOLDINGS_UPDATED,"{'CASH': 18649909, 'JPM': -90}"
2019-06-28 11:49:00,BID_DEPTH,"[(98393, 194)]"
2019-06-28 11:49:00,ASK_DEPTH,"[(99240, 261)]"
2019-06-28 11:49:00,IMBALANCE,"[194, 261]"
2019-06-28 11:49:00,HOLDINGS_UPDATED,"{'CASH': 19535446, 'JPM': -99}"
2019-06-28 11:50:00,BID_DEPTH,"[(98393, 606)]"
2019-06-28 11:50:00,ASK_DEPTH,"[(99245, 573)]"
2019-06-28 11:50:00,IMBALANCE,"[606, 573]"
2019-06-28 11:50:00,HOLDINGS_UPDATED,"{'CASH': 20420983, 'JPM': -108}"
2019-06-28 11:51:00,BID_DEPTH,"[(98393, 281)]"
2019-06-28 11:51:00,ASK_DEPTH,"[(99752, 261)]"
2019-06-28 11:51:00,IMBALANCE,"[281, 261]"
2019-06-28 11:51:00,HOLDINGS_UPDATED,"{'CASH': 21306520, 'JPM': -117}"
2019-06-28 11:52:00,BID_DEPTH,"[(99656, 194)]"
2019-06-28 11:52:00,ASK_DEPTH,"[(99752, 259)]"
2019-06-28 11:52:00,IMBALANCE,"[194, 259]"
2019-06-28 11:52:00,HOLDINGS_UPDATED,"{'CASH': 22203424, 'JPM': -126}"
2019-06-28 11:53:00,BID_DEPTH,"[(98393, 102)]"
2019-06-28 11:53:00,ASK_DEPTH,"[(99848, 195)]"
2019-06-28 11:53:00,IMBALANCE,"[102, 195]"
2019-06-28 11:53:00,HOLDINGS_UPDATED,"{'CASH': 22892175, 'JPM': -133}"
2019-06-28 11:53:00,HOLDINGS_UPDATED,"{'CASH': 23088961, 'JPM': -135}"
2019-06-28 11:54:00,BID_DEPTH,"[(99708, 194)]"
2019-06-28 11:54:00,ASK_DEPTH,"[(99848, 259)]"
2019-06-28 11:54:00,IMBALANCE,"[194, 259]"
2019-06-28 11:54:00,HOLDINGS_UPDATED,"{'CASH': 23986333, 'JPM': -144}"
2019-06-28 11:55:00,BID_DEPTH,"[(99708, 194)]"
2019-06-28 11:55:00,ASK_DEPTH,"[(100055, 261)]"
2019-06-28 11:55:00,IMBALANCE,"[194, 261]"
2019-06-28 11:55:00,HOLDINGS_UPDATED,"{'CASH': 24883705, 'JPM': -153}"
2019-06-28 11:56:00,BID_DEPTH,"[(99950, 269)]"
2019-06-28 11:56:00,ASK_DEPTH,"[(100055, 336)]"
2019-06-28 11:56:00,IMBALANCE,"[269, 336]"
2019-06-28 11:56:00,HOLDINGS_UPDATED,"{'CASH': 25783255, 'JPM': -162}"
2019-06-28 11:57:00,BID_DEPTH,"[(100019, 269)]"
2019-06-28 11:57:00,ASK_DEPTH,"[(100057, 336)]"
2019-06-28 11:57:00,IMBALANCE,"[269, 336]"
2019-06-28 11:57:00,HOLDINGS_UPDATED,"{'CASH': 26683426, 'JPM': -171}"
2019-06-28 11:58:00,BID_DEPTH,"[(100019, 269)]"
2019-06-28 11:58:00,ASK_DEPTH,"[(100210, 336)]"
2019-06-28 11:58:00,IMBALANCE,"[269, 336]"
2019-06-28 11:58:00,HOLDINGS_UPDATED,"{'CASH': 27583597, 'JPM': -180}"
2019-06-28 11:59:00,BID_DEPTH,"[(98393, 251)]"
2019-06-28 11:59:00,ASK_DEPTH,"[(100272, 218)]"
2019-06-28 11:59:00,IMBALANCE,"[251, 218]"
2019-06-28 11:59:00,HOLDINGS_UPDATED,"{'CASH': 28469134, 'JPM': -189}"
2019-06-28 12:00:00,BID_DEPTH,"[(98393, 491)]"
2019-06-28 12:00:00,ASK_DEPTH,"[(100272, 573)]"
2019-06-28 12:00:00,IMBALANCE,"[491, 573]"
2019-06-28 12:00:00,HOLDINGS_UPDATED,"{'CASH': 29354671, 'JPM': -198}"
2019-06-28 12:01:00,BID_DEPTH,"[(98393, 128)]"
2019-06-28 12:01:00,ASK_DEPTH,"[(100413, 195)]"
2019-06-28 12:01:00,IMBALANCE,"[128, 195]"
2019-06-28 12:01:00,HOLDINGS_UPDATED,"{'CASH': 30240208, 'JPM': -207}"
2019-06-28 12:02:00,BID_DEPTH,"[(100410, 506)]"
2019-06-28 12:02:00,ASK_DEPTH,"[(100413, 573)]"
2019-06-28 12:02:00,IMBALANCE,"[506, 573]"
2019-06-28 12:02:00,HOLDINGS_UPDATED,"{'CASH': 31143898, 'JPM': -216}"
2019-06-28 12:03:00,BID_DEPTH,"[(98360, 128)]"
2019-06-28 12:03:00,ASK_DEPTH,"[(100593, 195)]"
2019-06-28 12:03:00,IMBALANCE,"[128, 195]"
2019-06-28 12:03:00,HOLDINGS_UPDATED,"{'CASH': 32029138, 'JPM': -225}"
2019-06-28 12:04:00,BID_DEPTH,"[(100125, 573)]"
2019-06-28 12:04:00,ASK_DEPTH,"[(100593, 506)]"
2019-06-28 12:04:00,IMBALANCE,"[573, 506]"
2019-06-28 12:04:00,HOLDINGS_UPDATED,"{'CASH': 31123801, 'JPM': -216}"
2019-06-28 12:05:00,BID_DEPTH,"[(98360, 195)]"
2019-06-28 12:05:00,ASK_DEPTH,"[(100050, 128)]"
2019-06-28 12:05:00,IMBALANCE,"[195, 128]"
2019-06-28 12:05:00,HOLDINGS_UPDATED,"{'CASH': 30223351, 'JPM': -207}"
2019-06-28 12:06:00,BID_DEPTH,"[(99602, 573)]"
2019-06-28 12:06:00,ASK_DEPTH,"[(100050, 806)]"
2019-06-28 12:06:00,IMBALANCE,"[573, 806]"
2019-06-28 12:06:00,HOLDINGS_UPDATED,"{'CASH': 29322901, 'JPM': -198}"
2019-06-28 12:07:00,BID_DEPTH,"[(99134, 261)]"
2019-06-28 12:07:00,ASK_DEPTH,"[(100050, 381)]"
2019-06-28 12:07:00,IMBALANCE,"[261, 381]"
2019-06-28 12:07:00,HOLDINGS_UPDATED,"{'CASH': 28422451, 'JPM': -189}"
2019-06-28 12:08:00,BID_DEPTH,"[(99395, 261)]"
2019-06-28 12:08:00,ASK_DEPTH,"[(99932, 194)]"
2019-06-28 12:08:00,IMBALANCE,"[261, 194]"
2019-06-28 12:08:00,HOLDINGS_UPDATED,"{'CASH': 27523063, 'JPM': -180}"
2019-06-28 12:09:00,BID_DEPTH,"[(99467, 261)]"
2019-06-28 12:09:00,ASK_DEPTH,"[(100050, 468)]"
2019-06-28 12:09:00,IMBALANCE,"[261, 468]"
2019-06-28 12:09:00,HOLDINGS_UPDATED,"{'CASH': 26822713, 'JPM': -173}"
2019-06-28 12:09:00,HOLDINGS_UPDATED,"{'CASH': 26622613, 'JPM': -171}"
2019-06-28 12:10:00,BID_DEPTH,"[(100018, 261)]"
2019-06-28 12:10:00,ASK_DEPTH,"[(100049, 194)]"
2019-06-28 12:10:00,IMBALANCE,"[261, 194]"
2019-06-28 12:10:00,HOLDINGS_UPDATED,"{'CASH': 25722172, 'JPM': -162}"
2019-06-28 12:11:00,BID_DEPTH,"[(100049, 336)]"
2019-06-28 12:11:00,ASK_DEPTH,"[(100071, 269)]"
2019-06-28 12:11:00,IMBALANCE,"[336, 269]"
2019-06-28 12:11:00,HOLDINGS_UPDATED,"{'CASH': 24821533, 'JPM': -153}"
2019-06-28 12:12:00,BID_DEPTH,"[(100018, 193)]"
2019-06-28 12:12:00,ASK_DEPTH,"[(100125, 128)]"
2019-06-28 12:12:00,IMBALANCE,"[193, 128]"
2019-06-28 12:12:00,HOLDINGS_UPDATED,"{'CASH': 23920408, 'JPM': -144}"
2019-06-28 12:13:00,BID_DEPTH,"[(99467, 334)]"
2019-06-28 12:13:00,ASK_DEPTH,"[(100125, 269)]"
2019-06-28 12:13:00,IMBALANCE,"[334, 269]"
2019-06-28 12:13:00,HOLDINGS_UPDATED,"{'CASH': 23019283, 'JPM': -135}"
2019-06-28 12:14:00,BID_DEPTH,"[(99565, 195)]"
2019-06-28 12:14:00,ASK_DEPTH,"[(99620, 128)]"
2019-06-28 12:14:00,IMBALANCE,"[195, 128]"
2019-06-28 12:14:00,HOLDINGS_UPDATED,"{'CASH': 22122703, 'JPM': -126}"
2019-06-28 12:15:00,BID_DEPTH,"[(99565, 434)]"
2019-06-28 12:15:00,ASK_DEPTH,"[(100046, 269)]"
2019-06-28 12:15:00,IMBALANCE,"[434, 269]"
2019-06-28 12:15:00,HOLDINGS_UPDATED,"{'CASH': 21222289, 'JPM': -117}"
2019-06-28 12:16:00,BID_DEPTH,"[(99565, 314)]"
2019-06-28 12:16:00,ASK_DEPTH,"[(100551, 151)]"
2019-06-28 12:16:00,IMBALANCE,"[314, 151]"
2019-06-28 12:16:00,HOLDINGS_UPDATED,"{'CASH': 20317330, 'JPM': -108}"
2019-06-28 12:17:00,BID_DEPTH,"[(100189, 195)]"
2019-06-28 12:17:00,ASK_DEPTH,"[(100764, 128)]"
2019-06-28 12:17:00,IMBALANCE,"[195, 128]"
2019-06-28 12:17:00,HOLDINGS_UPDATED,"{'CASH': 19410454, 'JPM': -99}"
2019-06-28 12:18:00,BID_DEPTH,"[(100322, 261)]"
2019-06-28 12:18:00,ASK_DEPTH,"[(100764, 194)]"
2019-06-28 12:18:00,IMBALANCE,"[261, 194]"
2019-06-28 12:18:00,HOLDINGS_UPDATED,"{'CASH': 18503578, 'JPM': -90}"
2019-06-28 12:19:00,BID_DEPTH,"[(100646, 336)]"
2019-06-28 12:19:00,ASK_DEPTH,"[(100764, 269)]"
2019-06-28 12:19:00,IMBALANCE,"[336, 269]"
2019-06-28 12:19:00,HOLDINGS_UPDATED,"{'CASH': 17596702, 'JPM': -81}"
2019-06-28 12:20:00,BID_DEPTH,"[(100646, 293)]"
2019-06-28 12:20:00,ASK_DEPTH,"[(100764, 128)]"
2019-06-28 12:20:00,IMBALANCE,"[293, 128]"
2019-06-28 12:20:00,HOLDINGS_UPDATED,"{'CASH': 16689826, 'JPM': -72}"
2019-06-28 12:21:00,BID_DEPTH,"[(100771, 218)]"
2019-06-28 12:21:00,ASK_DEPTH,"[(100925, 151)]"
2019-06-28 12:21:00,IMBALANCE,"[218, 151]"
2019-06-28 12:21:00,HOLDINGS_UPDATED,"{'CASH': 15781501, 'JPM': -63}"
2019-06-28 12:22:00,BID_DEPTH,"[(100771, 571)]"
2019-06-28 12:22:00,ASK_DEPTH,"[(100925, 506)]"
2019-06-28 12:22:00,IMBALANCE,"[571, 506]"
2019-06-28 12:22:00,HOLDINGS_UPDATED,"{'CASH': 14873176, 'JPM': -54}"
2019-06-28 12:23:00,BID_DEPTH,"[(100829, 218)]"
2019-06-28 12:23:00,ASK_DEPTH,"[(101100, 151)]"
2019-06-28 12:23:00,IMBALANCE,"[218, 151]"
2019-06-28 12:23:00,HOLDINGS_UPDATED,"{'CASH': 13963276, 'JPM': -45}"
2019-06-28 12:24:00,BID_DEPTH,"[(100829, 216)]"
2019-06-28 12:24:00,ASK_DEPTH,"[(101282, 151)]"
2019-06-28 12:24:00,IMBALANCE,"[216, 151]"
2019-06-28 12:24:00,HOLDINGS_UPDATED,"{'CASH': 13051738, 'JPM': -36}"
2019-06-28 12:25:00,BID_DEPTH,"[(100829, 291)]"
2019-06-28 12:25:00,ASK_DEPTH,"[(101282, 128)]"
2019-06-28 12:25:00,IMBALANCE,"[291, 128]"
2019-06-28 12:25:00,HOLDINGS_UPDATED,"{'CASH': 12140200, 'JPM': -27}"
2019-06-28 12:26:00,BID_DEPTH,"[(100829, 191)]"
2019-06-28 12:26:00,ASK_DEPTH,"[(101370, 128)]"
2019-06-28 12:26:00,IMBALANCE,"[191, 128]"
2019-06-28 12:26:00,HOLDINGS_UPDATED,"{'CASH': 11227870, 'JPM': -18}"
2019-06-28 12:27:00,BID_DEPTH,"[(100771, 191)]"
2019-06-28 12:27:00,ASK_DEPTH,"[(101515, 128)]"
2019-06-28 12:27:00,IMBALANCE,"[191, 128]"
2019-06-28 12:27:00,HOLDINGS_UPDATED,"{'CASH': 10314235, 'JPM': -9}"
2019-06-28 12:28:00,BID_DEPTH,"[(100646, 573)]"
2019-06-28 12:28:00,ASK_DEPTH,"[(100771, 606)]"
2019-06-28 12:28:00,IMBALANCE,"[573, 606]"
2019-06-28 12:28:00,HOLDINGS_UPDATED,{'CASH': 9407296}
2019-06-28 12:29:00,BID_DEPTH,"[(100522, 336)]"
2019-06-28 12:29:00,ASK_DEPTH,"[(100771, 256)]"
2019-06-28 12:29:00,IMBALANCE,"[336, 256]"
2019-06-28 12:29:00,HOLDINGS_UPDATED,"{'CASH': 8500357, 'JPM': 9}"
2019-06-28 12:30:00,BID_DEPTH,"[(100522, 336)]"
2019-06-28 12:30:00,ASK_DEPTH,"[(100771, 369)]"
2019-06-28 12:30:00,IMBALANCE,"[336, 369]"
2019-06-28 12:30:00,HOLDINGS_UPDATED,"{'CASH': 7593418, 'JPM': 18}"
2019-06-28 12:31:00,BID_DEPTH,"[(100301, 195)]"
2019-06-28 12:31:00,ASK_DEPTH,"[(100771, 215)]"
2019-06-28 12:31:00,IMBALANCE,"[195, 215]"
2019-06-28 12:31:00,HOLDINGS_UPDATED,"{'CASH': 6686479, 'JPM': 27}"
2019-06-28 12:32:00,BID_DEPTH,"[(100283, 195)]"
2019-06-28 12:32:00,ASK_DEPTH,"[(100771, 102)]"
2019-06-28 12:32:00,IMBALANCE,"[195, 102]"
2019-06-28 12:32:00,HOLDINGS_UPDATED,"{'CASH': 5981082, 'JPM': 34}"
2019-06-28 12:32:00,HOLDINGS_UPDATED,"{'CASH': 5779540, 'JPM': 36}"
2019-06-28 12:33:00,BID_DEPTH,"[(100283, 336)]"
2019-06-28 12:33:00,ASK_DEPTH,"[(100771, 469)]"
2019-06-28 12:33:00,IMBALANCE,"[336, 469]"
2019-06-28 12:33:00,HOLDINGS_UPDATED,"{'CASH': 4872601, 'JPM': 45}"
2019-06-28 12:34:00,BID_DEPTH,"[(100213, 218)]"
2019-06-28 12:34:00,ASK_DEPTH,"[(100771, 338)]"
2019-06-28 12:34:00,IMBALANCE,"[218, 338]"
2019-06-28 12:34:00,HOLDINGS_UPDATED,"{'CASH': 3965662, 'JPM': 54}"
2019-06-28 12:35:00,BID_DEPTH,"[(100194, 195)]"
2019-06-28 12:35:00,ASK_DEPTH,"[(100771, 302)]"
2019-06-28 12:35:00,IMBALANCE,"[195, 302]"
2019-06-28 12:35:00,HOLDINGS_UPDATED,"{'CASH': 3260265, 'JPM': 61}"
2019-06-28 12:35:00,HOLDINGS_UPDATED,"{'CASH': 3058723, 'JPM': 63}"
2019-06-28 12:36:00,BID_DEPTH,"[(100173, 573)]"
2019-06-28 12:36:00,ASK_DEPTH,"[(100771, 567)]"
2019-06-28 12:36:00,IMBALANCE,"[573, 567]"
2019-06-28 12:36:00,HOLDINGS_UPDATED,"{'CASH': 2151784, 'JPM': 72}"
2019-06-28 12:37:00,BID_DEPTH,"[(100035, 195)]"
2019-06-28 12:37:00,ASK_DEPTH,"[(100074, 128)]"
2019-06-28 12:37:00,IMBALANCE,"[195, 128]"
2019-06-28 12:37:00,HOLDINGS_UPDATED,"{'CASH': 1251118, 'JPM': 81}"
2019-06-28 12:38:00,BID_DEPTH,"[(99910, 195)]"
2019-06-28 12:38:00,ASK_DEPTH,"[(100074, 128)]"
2019-06-28 12:38:00,IMBALANCE,"[195, 128]"
2019-06-28 12:38:00,HOLDINGS_UPDATED,"{'CASH': 350452, 'JPM': 90}"
2019-06-28 12:39:00,BID_DEPTH,"[(99910, 195)]"
2019-06-28 12:39:00,ASK_DEPTH,"[(100771, 76)]"
2019-06-28 12:39:00,IMBALANCE,"[195, 76]"
2019-06-28 12:39:00,HOLDINGS_UPDATED,"{'CASH': -556487, 'JPM': 99}"
2019-06-28 12:40:00,BID_DEPTH,"[(99940, 218)]"
2019-06-28 12:40:00,ASK_DEPTH,"[(100090, 151)]"
2019-06-28 12:40:00,IMBALANCE,"[218, 151]"
2019-06-28 12:40:00,HOLDINGS_UPDATED,"{'CASH': -1457297, 'JPM': 108}"
2019-06-28 12:41:00,BID_DEPTH,"[(100090, 261)]"
2019-06-28 12:41:00,ASK_DEPTH,"[(100333, 194)]"
2019-06-28 12:41:00,IMBALANCE,"[261, 194]"
2019-06-28 12:41:00,HOLDINGS_UPDATED,"{'CASH': -2360294, 'JPM': 117}"
2019-06-28 12:42:00,BID_DEPTH,"[(100090, 573)]"
2019-06-28 12:42:00,ASK_DEPTH,"[(100771, 506)]"
2019-06-28 12:42:00,IMBALANCE,"[573, 506]"
2019-06-28 12:42:00,HOLDINGS_UPDATED,"{'CASH': -3267233, 'JPM': 126}"
2019-06-28 12:43:00,BID_DEPTH,"[(100090, 100)]"
2019-06-28 12:43:00,ASK_DEPTH,[]
2019-06-28 12:43:00,IMBALANCE,"[100, 0]"
2019-06-28 12:44:00,BID_DEPTH,"[(99463, 218)]"
2019-06-28 12:44:00,ASK_DEPTH,"[(99467, 55)]"
2019-06-28 12:44:00,IMBALANCE,"[218, 55]"
2019-06-28 12:44:00,HOLDINGS_UPDATED,"{'CASH': -4162436, 'JPM': 135}"
2019-06-28 12:45:00,BID_DEPTH,"[(99463, 100)]"
2019-06-28 12:45:00,ASK_DEPTH,[]
2019-06-28 12:45:00,IMBALANCE,"[100, 0]"
2019-06-28 12:46:00,BID_DEPTH,"[(99395, 216)]"
2019-06-28 12:46:00,ASK_DEPTH,"[(99467, 151)]"
2019-06-28 12:46:00,IMBALANCE,"[216, 151]"
2019-06-28 12:46:00,HOLDINGS_UPDATED,"{'CASH': -5057639, 'JPM': 144}"
2019-06-28 12:47:00,BID_DEPTH,"[(99395, 193)]"
2019-06-28 12:47:00,ASK_DEPTH,"[(99467, 128)]"
2019-06-28 12:47:00,IMBALANCE,"[193, 128]"
2019-06-28 12:47:00,HOLDINGS_UPDATED,"{'CASH': -5952842, 'JPM': 153}"
2019-06-28 12:48:00,BID_DEPTH,"[(98319, 195)]"
2019-06-28 12:48:00,ASK_DEPTH,"[(99394, 128)]"
2019-06-28 12:48:00,IMBALANCE,"[195, 128]"
2019-06-28 12:48:00,HOLDINGS_UPDATED,"{'CASH': -6847388, 'JPM': 162}"
2019-06-28 12:49:00,BID_DEPTH,"[(98646, 128)]"
2019-06-28 12:49:00,ASK_DEPTH,"[(99394, 195)]"
2019-06-28 12:49:00,IMBALANCE,"[128, 195]"
2019-06-28 12:49:00,HOLDINGS_UPDATED,"{'CASH': -5959574, 'JPM': 153}"
2019-06-28 12:50:00,BID_DEPTH,"[(98906, 128)]"
2019-06-28 12:50:00,ASK_DEPTH,"[(98918, 195)]"
2019-06-28 12:50:00,IMBALANCE,"[128, 195]"
2019-06-28 12:50:00,HOLDINGS_UPDATED,"{'CASH': -5069420, 'JPM': 144}"
2019-06-28 12:51:00,BID_DEPTH,"[(98906, 194)]"
2019-06-28 12:51:00,ASK_DEPTH,"[(98918, 259)]"
2019-06-28 12:51:00,IMBALANCE,"[194, 259]"
2019-06-28 12:51:00,HOLDINGS_UPDATED,"{'CASH': -4179266, 'JPM': 135}"
2019-06-28 12:52:00,BID_DEPTH,"[(98918, 269)]"
2019-06-28 12:52:00,ASK_DEPTH,"[(99031, 336)]"
2019-06-28 12:52:00,IMBALANCE,"[269, 336]"
2019-06-28 12:52:00,HOLDINGS_UPDATED,"{'CASH': -3289004, 'JPM': 126}"
2019-06-28 12:53:00,BID_DEPTH,"[(98906, 394)]"
2019-06-28 12:53:00,ASK_DEPTH,"[(99122, 261)]"
2019-06-28 12:53:00,IMBALANCE,"[394, 261]"
2019-06-28 12:53:00,HOLDINGS_UPDATED,"{'CASH': -2398850, 'JPM': 117}"
2019-06-28 12:54:00,BID_DEPTH,"[(98906, 338)]"
2019-06-28 12:54:00,ASK_DEPTH,"[(99122, 316)]"
2019-06-28 12:54:00,IMBALANCE,"[338, 316]"
2019-06-28 12:54:00,HOLDINGS_UPDATED,"{'CASH': -1508696, 'JPM': 108}"
2019-06-28 12:55:00,BID_DEPTH,"[(99010, 128)]"
2019-06-28 12:55:00,ASK_DEPTH,"[(99122, 191)]"
2019-06-28 12:55:00,IMBALANCE,"[128, 191]"
2019-06-28 12:55:00,HOLDINGS_UPDATED,"{'CASH': -617606, 'JPM': 99}"
2019-06-28 12:56:00,BID_DEPTH,"[(98998, 151)]"
2019-06-28 12:56:00,ASK_DEPTH,"[(99028, 218)]"
2019-06-28 12:56:00,IMBALANCE,"[151, 218]"
2019-06-28 12:56:00,HOLDINGS_UPDATED,"{'CASH': 273376, 'JPM': 90}"
2019-06-28 12:57:00,BID_DEPTH,"[(98926, 194)]"
2019-06-28 12:57:00,ASK_DEPTH,"[(99212, 261)]"
2019-06-28 12:57:00,IMBALANCE,"[194, 261]"
2019-06-28 12:57:00,HOLDINGS_UPDATED,"{'CASH': 1163710, 'JPM': 81}"
2019-06-28 12:58:00,BID_DEPTH,"[(98906, 202)]"
2019-06-28 12:58:00,ASK_DEPTH,"[(99212, 293)]"
2019-06-28 12:58:00,IMBALANCE,"[202, 293]"
2019-06-28 12:58:00,HOLDINGS_UPDATED,"{'CASH': 1856052, 'JPM': 74}"
2019-06-28 12:58:00,HOLDINGS_UPDATED,"{'CASH': 2053864, 'JPM': 72}"
2019-06-28 12:59:00,BID_DEPTH,"[(98906, 212)]"
2019-06-28 12:59:00,ASK_DEPTH,"[(98969, 218)]"
2019-06-28 12:59:00,IMBALANCE,"[212, 218]"
2019-06-28 12:59:00,HOLDINGS_UPDATED,"{'CASH': 2944018, 'JPM': 63}"
2019-06-28 13:00:00,BID_DEPTH,"[(98906, 99)]"
2019-06-28 13:00:00,ASK_DEPTH,"[(98978, 218)]"
2019-06-28 13:00:00,IMBALANCE,"[99, 218]"
2019-06-28 13:00:00,HOLDINGS_UPDATED,"{'CASH': 3834172, 'JPM': 54}"
2019-06-28 13:01:00,BID_DEPTH,"[(98906, 151)]"
2019-06-28 13:01:00,ASK_DEPTH,"[(99212, 314)]"
2019-06-28 13:01:00,IMBALANCE,"[151, 314]"
2019-06-28 13:01:00,HOLDINGS_UPDATED,"{'CASH': 4724326, 'JPM': 45}"
2019-06-28 13:02:00,BID_DEPTH,"[(98822, 269)]"
2019-06-28 13:02:00,ASK_DEPTH,"[(99212, 430)]"
2019-06-28 13:02:00,IMBALANCE,"[269, 430]"
2019-06-28 13:02:00,HOLDINGS_UPDATED,"{'CASH': 5613724, 'JPM': 36}"
2019-06-28 13:03:00,BID_DEPTH,"[(98787, 269)]"
2019-06-28 13:03:00,ASK_DEPTH,"[(99296, 336)]"
2019-06-28 13:03:00,IMBALANCE,"[269, 336]"
2019-06-28 13:03:00,HOLDINGS_UPDATED,"{'CASH': 6502807, 'JPM': 27}"
2019-06-28 13:04:00,BID_DEPTH,"[(98787, 128)]"
2019-06-28 13:04:00,ASK_DEPTH,"[(99296, 193)]"
2019-06-28 13:04:00,IMBALANCE,"[128, 193]"
2019-06-28 13:04:00,HOLDINGS_UPDATED,"{'CASH': 7391890, 'JPM': 18}"
2019-06-28 13:05:00,BID_DEPTH,"[(99296, 269)]"
2019-06-28 13:05:00,ASK_DEPTH,"[(99325, 336)]"
2019-06-28 13:05:00,IMBALANCE,"[269, 336]"
2019-06-28 13:05:00,HOLDINGS_UPDATED,"{'CASH': 8285554, 'JPM': 9}"
2019-06-28 13:06:00,BID_DEPTH,"[(98787, 506)]"
2019-06-28 13:06:00,ASK_DEPTH,"[(99352, 573)]"
2019-06-28 13:06:00,IMBALANCE,"[506, 573]"
2019-06-28 13:06:00,HOLDINGS_UPDATED,{'CASH': 9174637}
2019-06-28 13:07:00,BID_DEPTH,"[(99352, 269)]"
2019-06-28 13:07:00,ASK_DEPTH,"[(100400, 336)]"
2019-06-28 13:07:00,IMBALANCE,"[269, 336]"
2019-06-28 13:07:00,HOLDINGS_UPDATED,"{'CASH': 10068805, 'JPM': -9}"
2019-06-28 13:08:00,BID_DEPTH,"[(99352, 128)]"
2019-06-28 13:08:00,ASK_DEPTH,"[(100400, 193)]"
2019-06-28 13:08:00,IMBALANCE,"[128, 193]"
2019-06-28 13:08:00,HOLDINGS_UPDATED,"{'CASH': 10962973, 'JPM': -18}"
2019-06-28 13:09:00,BID_DEPTH,"[(100638, 506)]"
2019-06-28 13:09:00,ASK_DEPTH,"[(100721, 573)]"
2019-06-28 13:09:00,IMBALANCE,"[506, 573]"
2019-06-28 13:09:00,HOLDINGS_UPDATED,"{'CASH': 11868715, 'JPM': -27}"
2019-06-28 13:10:00,BID_DEPTH,"[(100400, 251)]"
2019-06-28 13:10:00,ASK_DEPTH,"[(100638, 418)]"
2019-06-28 13:10:00,IMBALANCE,"[251, 418]"
2019-06-28 13:10:00,HOLDINGS_UPDATED,"{'CASH': 12772315, 'JPM': -36}"
2019-06-28 13:11:00,BID_DEPTH,"[(99968, 269)]"
2019-06-28 13:11:00,ASK_DEPTH,"[(99972, 336)]"
2019-06-28 13:11:00,IMBALANCE,"[269, 336]"
2019-06-28 13:11:00,HOLDINGS_UPDATED,"{'CASH': 13672027, 'JPM': -45}"
2019-06-28 13:12:00,BID_DEPTH,"[(99891, 128)]"
2019-06-28 13:12:00,ASK_DEPTH,"[(99975, 195)]"
2019-06-28 13:12:00,IMBALANCE,"[128, 195]"
2019-06-28 13:12:00,HOLDINGS_UPDATED,"{'CASH': 14571046, 'JPM': -54}"
2019-06-28 13:13:00,BID_DEPTH,"[(99783, 151)]"
2019-06-28 13:13:00,ASK_DEPTH,"[(99883, 218)]"
2019-06-28 13:13:00,IMBALANCE,"[151, 218]"
2019-06-28 13:13:00,HOLDINGS_UPDATED,"{'CASH': 15469093, 'JPM': -63}"
2019-06-28 13:14:00,BID_DEPTH,"[(99783, 506)]"
2019-06-28 13:14:00,ASK_DEPTH,"[(99883, 573)]"
2019-06-28 13:14:00,IMBALANCE,"[506, 573]"
2019-06-28 13:14:00,HOLDINGS_UPDATED,"{'CASH': 16367140, 'JPM': -72}"
2019-06-28 13:15:00,BID_DEPTH,"[(99633, 128)]"
2019-06-28 13:15:00,ASK_DEPTH,"[(99975, 195)]"
2019-06-28 13:15:00,IMBALANCE,"[128, 195]"
2019-06-28 13:15:00,HOLDINGS_UPDATED,"{'CASH': 17263837, 'JPM': -81}"
2019-06-28 13:16:00,BID_DEPTH,"[(98787, 128)]"
2019-06-28 13:16:00,ASK_DEPTH,"[(100053, 195)]"
2019-06-28 13:16:00,IMBALANCE,"[128, 195]"
2019-06-28 13:16:00,HOLDINGS_UPDATED,"{'CASH': 18152920, 'JPM': -90}"
2019-06-28 13:17:00,BID_DEPTH,"[(98787, 128)]"
2019-06-28 13:17:00,ASK_DEPTH,"[(100053, 195)]"
2019-06-28 13:17:00,IMBALANCE,"[128, 195]"
2019-06-28 13:17:00,HOLDINGS_UPDATED,"{'CASH': 19042003, 'JPM': -99}"
2019-06-28 13:18:00,BID_DEPTH,"[(98787, 269)]"
2019-06-28 13:18:00,ASK_DEPTH,"[(100144, 436)]"
2019-06-28 13:18:00,IMBALANCE,"[269, 436]"
2019-06-28 13:18:00,HOLDINGS_UPDATED,"{'CASH': 19931086, 'JPM': -108}"
2019-06-28 13:19:00,BID_DEPTH,"[(98118, 128)]"
2019-06-28 13:19:00,ASK_DEPTH,"[(100400, 195)]"
2019-06-28 13:19:00,IMBALANCE,"[128, 195]"
2019-06-28 13:19:00,HOLDINGS_UPDATED,"{'CASH': 20814148, 'JPM': -117}"
2019-06-28 13:20:00,BID_DEPTH,"[(99929, 194)]"
2019-06-28 13:20:00,ASK_DEPTH,"[(100400, 359)]"
2019-06-28 13:20:00,IMBALANCE,"[194, 359]"
2019-06-28 13:20:00,HOLDINGS_UPDATED,"{'CASH': 21713509, 'JPM': -126}"
2019-06-28 13:21:00,BID_DEPTH,"[(99999, 573)]"
2019-06-28 13:21:00,ASK_DEPTH,"[(100262, 506)]"
2019-06-28 13:21:00,IMBALANCE,"[573, 506]"
2019-06-28 13:21:00,HOLDINGS_UPDATED,"{'CASH': 20811151, 'JPM': -117}"
2019-06-28 13:22:00,BID_DEPTH,"[(100185, 573)]"
2019-06-28 13:22:00,ASK_DEPTH,"[(100262, 506)]"
2019-06-28 13:22:00,IMBALANCE,"[573, 506]"
2019-06-28 13:22:00,HOLDINGS_UPDATED,"{'CASH': 19908793, 'JPM': -108}"
2019-06-28 13:23:00,BID_DEPTH,"[(100185, 259)]"
2019-06-28 13:23:00,ASK_DEPTH,"[(100400, 194)]"
2019-06-28 13:23:00,IMBALANCE,"[259, 194]"
2019-06-28 13:23:00,HOLDINGS_UPDATED,"{'CASH': 19005193, 'JPM': -99}"
2019-06-28 13:24:00,BID_DEPTH,"[(99999, 334)]"
2019-06-28 13:24:00,ASK_DEPTH,"[(100185, 269)]"
2019-06-28 13:24:00,IMBALANCE,"[334, 269]"
2019-06-28 13:24:00,HOLDINGS_UPDATED,"{'CASH': 18103528, 'JPM': -90}"
2019-06-28 13:25:00,BID_DEPTH,"[(99929, 261)]"
2019-06-28 13:25:00,ASK_DEPTH,"[(99999, 294)]"
2019-06-28 13:25:00,IMBALANCE,"[261, 294]"
2019-06-28 13:25:00,HOLDINGS_UPDATED,"{'CASH': 17203537, 'JPM': -81}"
2019-06-28 13:26:00,BID_DEPTH,"[(99585, 218)]"
2019-06-28 13:26:00,ASK_DEPTH,"[(99999, 138)]"
2019-06-28 13:26:00,IMBALANCE,"[218, 138]"
2019-06-28 13:26:00,HOLDINGS_UPDATED,"{'CASH': 16303546, 'JPM': -72}"
2019-06-28 13:27:00,BID_DEPTH,"[(99585, 216)]"
2019-06-28 13:27:00,ASK_DEPTH,"[(100638, 251)]"
2019-06-28 13:27:00,IMBALANCE,"[216, 251]"
2019-06-28 13:27:00,HOLDINGS_UPDATED,"{'CASH': 15397804, 'JPM': -63}"
2019-06-28 13:28:00,BID_DEPTH,"[(99760, 195)]"
2019-06-28 13:28:00,ASK_DEPTH,"[(99848, 128)]"
2019-06-28 13:28:00,IMBALANCE,"[195, 128]"
2019-06-28 13:28:00,HOLDINGS_UPDATED,"{'CASH': 14499172, 'JPM': -54}"
2019-06-28 13:29:00,BID_DEPTH,"[(99598, 336)]"
2019-06-28 13:29:00,ASK_DEPTH,"[(99872, 269)]"
2019-06-28 13:29:00,IMBALANCE,"[336, 269]"
2019-06-28 13:29:00,HOLDINGS_UPDATED,"{'CASH': 13600324, 'JPM': -45}"
2019-06-28 13:30:00,BID_DEPTH,"[(99790, 336)]"
2019-06-28 13:30:00,ASK_DEPTH,"[(100638, 256)]"
2019-06-28 13:30:00,IMBALANCE,"[336, 256]"
2019-06-28 13:30:00,HOLDINGS_UPDATED,"{'CASH': 12694582, 'JPM': -36}"
2019-06-28 13:31:00,BID_DEPTH,"[(100084, 573)]"
2019-06-28 13:31:00,ASK_DEPTH,"[(100638, 506)]"
2019-06-28 13:31:00,IMBALANCE,"[573, 506]"
2019-06-28 13:31:00,HOLDINGS_UPDATED,"{'CASH': 11788840, 'JPM': -27}"
2019-06-28 13:32:00,BID_DEPTH,"[(99790, 571)]"
2019-06-28 13:32:00,ASK_DEPTH,"[(99817, 506)]"
2019-06-28 13:32:00,IMBALANCE,"[571, 506]"
2019-06-28 13:32:00,HOLDINGS_UPDATED,"{'CASH': 10890487, 'JPM': -18}"
2019-06-28 13:33:00,BID_DEPTH,"[(99790, 257)]"
2019-06-28 13:33:00,ASK_DEPTH,"[(100084, 294)]"
2019-06-28 13:33:00,IMBALANCE,"[257, 294]"
2019-06-28 13:33:00,HOLDINGS_UPDATED,"{'CASH': 9989731, 'JPM': -9}"
2019-06-28 13:34:00,BID_DEPTH,"[(99790, 189)]"
2019-06-28 13:34:00,ASK_DEPTH,"[(100084, 115)]"
2019-06-28 13:34:00,IMBALANCE,"[189, 115]"
2019-06-28 13:34:00,HOLDINGS_UPDATED,{'CASH': 9088975}
2019-06-28 13:35:00,BID_DEPTH,"[(99745, 261)]"
2019-06-28 13:35:00,ASK_DEPTH,"[(100084, 194)]"
2019-06-28 13:35:00,IMBALANCE,"[261, 194]"
2019-06-28 13:35:00,HOLDINGS_UPDATED,"{'CASH': 8188219, 'JPM': 9}"
2019-06-28 13:36:00,BID_DEPTH,"[(99719, 261)]"
2019-06-28 13:36:00,ASK_DEPTH,"[(99976, 194)]"
2019-06-28 13:36:00,IMBALANCE,"[261, 194]"
2019-06-28 13:36:00,HOLDINGS_UPDATED,"{'CASH': 7288435, 'JPM': 18}"
2019-06-28 13:37:00,BID_DEPTH,"[(99618, 336)]"
2019-06-28 13:37:00,ASK_DEPTH,"[(99719, 269)]"
2019-06-28 13:37:00,IMBALANCE,"[336, 269]"
2019-06-28 13:37:00,HOLDINGS_UPDATED,"{'CASH': 6390964, 'JPM': 27}"
2019-06-28 13:38:00,BID_DEPTH,"[(99589, 195)]"
2019-06-28 13:38:00,ASK_DEPTH,"[(100863, 128)]"
2019-06-28 13:38:00,IMBALANCE,"[195, 128]"
2019-06-28 13:38:00,HOLDINGS_UPDATED,"{'CASH': 5483197, 'JPM': 36}"
2019-06-28 13:39:00,BID_DEPTH,"[(99585, 295)]"
2019-06-28 13:39:00,ASK_DEPTH,"[(101613, 128)]"
2019-06-28 13:39:00,IMBALANCE,"[295, 128]"
2019-06-28 13:39:00,HOLDINGS_UPDATED,"{'CASH': 4568680, 'JPM': 45}"
2019-06-28 13:40:00,BID_DEPTH,"[(99726, 100)]"
2019-06-28 13:40:00,ASK_DEPTH,[]
2019-06-28 13:40:00,IMBALANCE,"[100, 0]"
2019-06-28 13:41:00,BID_DEPTH,"[(99585, 334)]"
2019-06-28 13:41:00,ASK_DEPTH,"[(99726, 269)]"
2019-06-28 13:41:00,IMBALANCE,"[334, 269]"
2019-06-28 13:41:00,HOLDINGS_UPDATED,"{'CASH': 3671146, 'JPM': 54}"
2019-06-28 13:42:00,BID_DEPTH,"[(99579, 100)]"
2019-06-28 13:42:00,ASK_DEPTH,[]
2019-06-28 13:42:00,IMBALANCE,"[100, 0]"
2019-06-28 13:43:00,BID_DEPTH,"[(99579, 100)]"
2019-06-28 13:43:00,ASK_DEPTH,[]
2019-06-28 13:43:00,IMBALANCE,"[100, 0]"
2019-06-28 13:44:00,BID_DEPTH,"[(99394, 100)]"
2019-06-28 13:44:00,ASK_DEPTH,[]
2019-06-28 13:44:00,IMBALANCE,"[100, 0]"
2019-06-28 13:45:00,BID_DEPTH,"[(99394, 261)]"
2019-06-28 13:45:00,ASK_DEPTH,"[(99579, 194)]"
2019-06-28 13:45:00,IMBALANCE,"[261, 194]"
2019-06-28 13:45:00,HOLDINGS_UPDATED,"{'CASH': 2774935, 'JPM': 63}"
2019-06-28 13:46:00,BID_DEPTH,"[(99394, 336)]"
2019-06-28 13:46:00,ASK_DEPTH,"[(99479, 269)]"
2019-06-28 13:46:00,IMBALANCE,"[336, 269]"
2019-06-28 13:46:00,HOLDINGS_UPDATED,"{'CASH': 1879624, 'JPM': 72}"
2019-06-28 13:47:00,BID_DEPTH,"[(99394, 100)]"
2019-06-28 13:47:00,ASK_DEPTH,[]
2019-06-28 13:47:00,IMBALANCE,"[100, 0]"
2019-06-28 13:48:00,BID_DEPTH,"[(99394, 261)]"
2019-06-28 13:48:00,ASK_DEPTH,"[(100379, 194)]"
2019-06-28 13:48:00,IMBALANCE,"[261, 194]"
2019-06-28 13:48:00,HOLDINGS_UPDATED,"{'CASH': 976213, 'JPM': 81}"
2019-06-28 13:49:00,BID_DEPTH,"[(99714, 195)]"
2019-06-28 13:49:00,ASK_DEPTH,"[(99747, 128)]"
2019-06-28 13:49:00,IMBALANCE,"[195, 128]"
2019-06-28 13:49:00,HOLDINGS_UPDATED,"{'CASH': 78490, 'JPM': 90}"
2019-06-28 13:50:00,BID_DEPTH,"[(99395, 195)]"
2019-06-28 13:50:00,ASK_DEPTH,"[(99557, 128)]"
2019-06-28 13:50:00,IMBALANCE,"[195, 128]"
2019-06-28 13:50:00,HOLDINGS_UPDATED,"{'CASH': -817523, 'JPM': 99}"
2019-06-28 13:51:00,BID_DEPTH,"[(99608, 195)]"
2019-06-28 13:51:00,ASK_DEPTH,"[(99748, 128)]"
2019-06-28 13:51:00,IMBALANCE,"[195, 128]"
2019-06-28 13:51:00,HOLDINGS_UPDATED,"{'CASH': -1715255, 'JPM': 108}"
2019-06-28 13:52:00,BID_DEPTH,"[(99608, 436)]"
2019-06-28 13:52:00,ASK_DEPTH,"[(99640, 269)]"
2019-06-28 13:52:00,IMBALANCE,"[436, 269]"
2019-06-28 13:52:00,HOLDINGS_UPDATED,"{'CASH': -2612015, 'JPM': 117}"
2019-06-28 13:53:00,BID_DEPTH,"[(99492, 573)]"
2019-06-28 13:53:00,ASK_DEPTH,"[(99748, 606)]"
2019-06-28 13:53:00,IMBALANCE,"[573, 606]"
2019-06-28 13:53:00,HOLDINGS_UPDATED,"{'CASH': -3509747, 'JPM': 126}"
2019-06-28 13:54:00,BID_DEPTH,"[(99513, 573)]"
2019-06-28 13:54:00,ASK_DEPTH,"[(99636, 506)]"
2019-06-28 13:54:00,IMBALANCE,"[573, 506]"
2019-06-28 13:54:00,HOLDINGS_UPDATED,"{'CASH': -4406471, 'JPM': 135}"
2019-06-28 13:55:00,BID_DEPTH,"[(99628, 195)]"
2019-06-28 13:55:00,ASK_DEPTH,"[(99748, 113)]"
2019-06-28 13:55:00,IMBALANCE,"[195, 113]"
2019-06-28 13:55:00,HOLDINGS_UPDATED,"{'CASH': -5304203, 'JPM': 144}"
2019-06-28 13:56:00,BID_DEPTH,"[(99492, 128)]"
2019-06-28 13:56:00,ASK_DEPTH,"[(99769, 195)]"
2019-06-28 13:56:00,IMBALANCE,"[128, 195]"
2019-06-28 13:56:00,HOLDINGS_UPDATED,"{'CASH': -4408775, 'JPM': 135}"
2019-06-28 13:57:00,BID_DEPTH,"[(99459, 506)]"
2019-06-28 13:57:00,ASK_DEPTH,"[(99769, 571)]"
2019-06-28 13:57:00,IMBALANCE,"[506, 571]"
2019-06-28 13:57:00,HOLDINGS_UPDATED,"{'CASH': -3513644, 'JPM': 126}"
2019-06-28 13:58:00,BID_DEPTH,"[(99395, 506)]"
2019-06-28 13:58:00,ASK_DEPTH,"[(99769, 569)]"
2019-06-28 13:58:00,IMBALANCE,"[506, 569]"
2019-06-28 13:58:00,HOLDINGS_UPDATED,"{'CASH': -2619089, 'JPM': 117}"
2019-06-28 13:59:00,BID_DEPTH,"[(99271, 128)]"
2019-06-28 13:59:00,ASK_DEPTH,"[(99769, 189)]"
2019-06-28 13:59:00,IMBALANCE,"[128, 189]"
2019-06-28 13:59:00,HOLDINGS_UPDATED,"{'CASH': -1725650, 'JPM': 108}"
2019-06-28 14:00:00,BID_DEPTH,"[(99583, 128)]"
2019-06-28 14:00:00,ASK_DEPTH,"[(99769, 287)]"
2019-06-28 14:00:00,IMBALANCE,"[128, 287]"
2019-06-28 14:00:00,HOLDINGS_UPDATED,"{'CASH': -829403, 'JPM': 99}"
2019-06-28 14:01:00,BID_DEPTH,"[(99733, 194)]"
2019-06-28 14:01:00,ASK_DEPTH,"[(99769, 351)]"
2019-06-28 14:01:00,IMBALANCE,"[194, 351]"
2019-06-28 14:01:00,HOLDINGS_UPDATED,"{'CASH': 68194, 'JPM': 90}"
2019-06-28 14:02:00,BID_DEPTH,"[(99581, 151)]"
2019-06-28 14:02:00,ASK_DEPTH,"[(99679, 218)]"
2019-06-28 14:02:00,IMBALANCE,"[151, 218]"
2019-06-28 14:02:00,HOLDINGS_UPDATED,"{'CASH': 964423, 'JPM': 81}"
2019-06-28 14:03:00,BID_DEPTH,"[(99581, 151)]"
2019-06-28 14:03:00,ASK_DEPTH,"[(99646, 218)]"
2019-06-28 14:03:00,IMBALANCE,"[151, 218]"
2019-06-28 14:03:00,HOLDINGS_UPDATED,"{'CASH': 1860652, 'JPM': 72}"
2019-06-28 14:04:00,BID_DEPTH,"[(99546, 269)]"
2019-06-28 14:04:00,ASK_DEPTH,"[(99646, 434)]"
2019-06-28 14:04:00,IMBALANCE,"[269, 434]"
2019-06-28 14:04:00,HOLDINGS_UPDATED,"{'CASH': 2756566, 'JPM': 63}"
2019-06-28 14:05:00,BID_DEPTH,"[(99483, 194)]"
2019-06-28 14:05:00,ASK_DEPTH,"[(99646, 357)]"
2019-06-28 14:05:00,IMBALANCE,"[194, 357]"
2019-06-28 14:05:00,HOLDINGS_UPDATED,"{'CASH': 3651913, 'JPM': 54}"
2019-06-28 14:06:00,BID_DEPTH,"[(99227, 506)]"
2019-06-28 14:06:00,ASK_DEPTH,"[(99646, 767)]"
2019-06-28 14:06:00,IMBALANCE,"[506, 767]"
2019-06-28 14:06:00,HOLDINGS_UPDATED,"{'CASH': 4544956, 'JPM': 45}"
2019-06-28 14:07:00,BID_DEPTH,"[(99170, 128)]"
2019-06-28 14:07:00,ASK_DEPTH,"[(99198, 195)]"
2019-06-28 14:07:00,IMBALANCE,"[128, 195]"
2019-06-28 14:07:00,HOLDINGS_UPDATED,"{'CASH': 5437486, 'JPM': 36}"
2019-06-28 14:08:00,BID_DEPTH,"[(99104, 506)]"
2019-06-28 14:08:00,ASK_DEPTH,"[(99206, 573)]"
2019-06-28 14:08:00,IMBALANCE,"[506, 573]"
2019-06-28 14:08:00,HOLDINGS_UPDATED,"{'CASH': 6329422, 'JPM': 27}"
2019-06-28 14:09:00,BID_DEPTH,"[(99079, 506)]"
2019-06-28 14:09:00,ASK_DEPTH,"[(99206, 571)]"
2019-06-28 14:09:00,IMBALANCE,"[506, 571]"
2019-06-28 14:09:00,HOLDINGS_UPDATED,"{'CASH': 7221133, 'JPM': 18}"
2019-06-28 14:10:00,BID_DEPTH,"[(99206, 506)]"
2019-06-28 14:10:00,ASK_DEPTH,"[(99227, 573)]"
2019-06-28 14:10:00,IMBALANCE,"[506, 573]"
2019-06-28 14:10:00,HOLDINGS_UPDATED,"{'CASH': 8113987, 'JPM': 9}"
2019-06-28 14:11:00,BID_DEPTH,"[(98853, 194)]"
2019-06-28 14:11:00,ASK_DEPTH,"[(99227, 259)]"
2019-06-28 14:11:00,IMBALANCE,"[194, 259]"
2019-06-28 14:11:00,HOLDINGS_UPDATED,{'CASH': 9003664}
2019-06-28 14:12:00,BID_DEPTH,"[(99227, 151)]"
2019-06-28 14:12:00,ASK_DEPTH,"[(99379, 218)]"
2019-06-28 14:12:00,IMBALANCE,"[151, 218]"
2019-06-28 14:12:00,HOLDINGS_UPDATED,"{'CASH': 9896707, 'JPM': -9}"
2019-06-28 14:13:00,BID_DEPTH,"[(99304, 151)]"
2019-06-28 14:13:00,ASK_DEPTH,"[(99379, 216)]"
2019-06-28 14:13:00,IMBALANCE,"[151, 216]"
2019-06-28 14:13:00,HOLDINGS_UPDATED,"{'CASH': 10790443, 'JPM': -18}"
2019-06-28 14:14:00,BID_DEPTH,"[(99227, 506)]"
2019-06-28 14:14:00,ASK_DEPTH,"[(99453, 573)]"
2019-06-28 14:14:00,IMBALANCE,"[506, 573]"
2019-06-28 14:14:00,HOLDINGS_UPDATED,"{'CASH': 11683486, 'JPM': -27}"
2019-06-28 14:15:00,BID_DEPTH,"[(99618, 90)]"
2019-06-28 14:15:00,ASK_DEPTH,"[(99632, 218)]"
2019-06-28 14:15:00,IMBALANCE,"[90, 218]"
2019-06-28 14:15:00,HOLDINGS_UPDATED,"{'CASH': 12580048, 'JPM': -36}"
2019-06-28 14:16:00,BID_DEPTH,"[(99618, 194)]"
2019-06-28 14:16:00,ASK_DEPTH,"[(99646, 353)]"
2019-06-28 14:16:00,IMBALANCE,"[194, 353]"
2019-06-28 14:16:00,HOLDINGS_UPDATED,"{'CASH': 13476610, 'JPM': -45}"
2019-06-28 14:17:00,BID_DEPTH,"[(99646, 151)]"
2019-06-28 14:17:00,ASK_DEPTH,"[(99679, 216)]"
2019-06-28 14:17:00,IMBALANCE,"[151, 216]"
2019-06-28 14:17:00,HOLDINGS_UPDATED,"{'CASH': 14373424, 'JPM': -54}"
2019-06-28 14:18:00,BID_DEPTH,"[(99227, 128)]"
2019-06-28 14:18:00,ASK_DEPTH,"[(99766, 195)]"
2019-06-28 14:18:00,IMBALANCE,"[128, 195]"
2019-06-28 14:18:00,HOLDINGS_UPDATED,"{'CASH': 15266467, 'JPM': -63}"
2019-06-28 14:19:00,BID_DEPTH,"[(100019, 151)]"
2019-06-28 14:19:00,ASK_DEPTH,"[(100273, 218)]"
2019-06-28 14:19:00,IMBALANCE,"[151, 218]"
2019-06-28 14:19:00,HOLDINGS_UPDATED,"{'CASH': 16166638, 'JPM': -72}"
2019-06-28 14:20:00,BID_DEPTH,"[(99792, 194)]"
2019-06-28 14:20:00,ASK_DEPTH,"[(99844, 261)]"
2019-06-28 14:20:00,IMBALANCE,"[194, 261]"
2019-06-28 14:20:00,HOLDINGS_UPDATED,"{'CASH': 17064766, 'JPM': -81}"
2019-06-28 14:21:00,BID_DEPTH,"[(99788, 506)]"
2019-06-28 14:21:00,ASK_DEPTH,"[(100139, 573)]"
2019-06-28 14:21:00,IMBALANCE,"[506, 573]"
2019-06-28 14:21:00,HOLDINGS_UPDATED,"{'CASH': 17962858, 'JPM': -90}"
2019-06-28 14:22:00,BID_DEPTH,"[(99704, 506)]"
2019-06-28 14:22:00,ASK_DEPTH,"[(99886, 573)]"
2019-06-28 14:22:00,IMBALANCE,"[506, 573]"
2019-06-28 14:22:00,HOLDINGS_UPDATED,"{'CASH': 18860194, 'JPM': -99}"
2019-06-28 14:23:00,BID_DEPTH,"[(100105, 128)]"
2019-06-28 14:23:00,ASK_DEPTH,"[(100139, 195)]"
2019-06-28 14:23:00,IMBALANCE,"[128, 195]"
2019-06-28 14:23:00,HOLDINGS_UPDATED,"{'CASH': 19761139, 'JPM': -108}"
2019-06-28 14:24:00,BID_DEPTH,"[(100118, 151)]"
2019-06-28 14:24:00,ASK_DEPTH,"[(100203, 218)]"
2019-06-28 14:24:00,IMBALANCE,"[151, 218]"
2019-06-28 14:24:00,HOLDINGS_UPDATED,"{'CASH': 20662201, 'JPM': -117}"
2019-06-28 14:25:00,BID_DEPTH,"[(99702, 151)]"
2019-06-28 14:25:00,ASK_DEPTH,"[(100203, 218)]"
2019-06-28 14:25:00,IMBALANCE,"[151, 218]"
2019-06-28 14:25:00,HOLDINGS_UPDATED,"{'CASH': 21559519, 'JPM': -126}"
2019-06-28 14:26:00,BID_DEPTH,"[(98771, 269)]"
2019-06-28 14:26:00,ASK_DEPTH,"[(100203, 336)]"
2019-06-28 14:26:00,IMBALANCE,"[269, 336]"
2019-06-28 14:26:00,HOLDINGS_UPDATED,"{'CASH': 22448458, 'JPM': -135}"
2019-06-28 14:27:00,BID_DEPTH,"[(100021, 151)]"
2019-06-28 14:27:00,ASK_DEPTH,"[(100243, 218)]"
2019-06-28 14:27:00,IMBALANCE,"[151, 218]"
2019-06-28 14:27:00,HOLDINGS_UPDATED,"{'CASH': 23348647, 'JPM': -144}"
2019-06-28 14:28:00,BID_DEPTH,"[(99963, 573)]"
2019-06-28 14:28:00,ASK_DEPTH,"[(100243, 506)]"
2019-06-28 14:28:00,IMBALANCE,"[573, 506]"
2019-06-28 14:28:00,HOLDINGS_UPDATED,"{'CASH': 22446460, 'JPM': -135}"
2019-06-28 14:29:00,BID_DEPTH,"[(99963, 571)]"
2019-06-28 14:29:00,ASK_DEPTH,"[(100412, 506)]"
2019-06-28 14:29:00,IMBALANCE,"[571, 506]"
2019-06-28 14:29:00,HOLDINGS_UPDATED,"{'CASH': 21542752, 'JPM': -126}"
2019-06-28 14:30:00,BID_DEPTH,"[(99963, 332)]"
2019-06-28 14:30:00,ASK_DEPTH,"[(100710, 269)]"
2019-06-28 14:30:00,IMBALANCE,"[332, 269]"
2019-06-28 14:30:00,HOLDINGS_UPDATED,"{'CASH': 20636362, 'JPM': -117}"
2019-06-28 14:31:00,BID_DEPTH,"[(100269, 261)]"
2019-06-28 14:31:00,ASK_DEPTH,"[(100738, 194)]"
2019-06-28 14:31:00,IMBALANCE,"[261, 194]"
2019-06-28 14:31:00,HOLDINGS_UPDATED,"{'CASH': 19729720, 'JPM': -108}"
2019-06-28 14:32:00,BID_DEPTH,"[(100269, 193)]"
2019-06-28 14:32:00,ASK_DEPTH,"[(100809, 128)]"
2019-06-28 14:32:00,IMBALANCE,"[193, 128]"
2019-06-28 14:32:00,HOLDINGS_UPDATED,"{'CASH': 18822439, 'JPM': -99}"
2019-06-28 14:33:00,BID_DEPTH,"[(99963, 430)]"
2019-06-28 14:33:00,ASK_DEPTH,"[(99986, 269)]"
2019-06-28 14:33:00,IMBALANCE,"[430, 269]"
2019-06-28 14:33:00,HOLDINGS_UPDATED,"{'CASH': 17922565, 'JPM': -90}"
2019-06-28 14:34:00,BID_DEPTH,"[(99865, 261)]"
2019-06-28 14:34:00,ASK_DEPTH,"[(100118, 194)]"
2019-06-28 14:34:00,IMBALANCE,"[261, 194]"
2019-06-28 14:34:00,HOLDINGS_UPDATED,"{'CASH': 17021503, 'JPM': -81}"
2019-06-28 14:35:00,BID_DEPTH,"[(99865, 316)]"
2019-06-28 14:35:00,ASK_DEPTH,"[(100809, 151)]"
2019-06-28 14:35:00,IMBALANCE,"[316, 151]"
2019-06-28 14:35:00,HOLDINGS_UPDATED,"{'CASH': 16114222, 'JPM': -72}"
2019-06-28 14:36:00,BID_DEPTH,"[(100089, 218)]"
2019-06-28 14:36:00,ASK_DEPTH,"[(100459, 151)]"
2019-06-28 14:36:00,IMBALANCE,"[218, 151]"
2019-06-28 14:36:00,HOLDINGS_UPDATED,"{'CASH': 15210091, 'JPM': -63}"
2019-06-28 14:37:00,BID_DEPTH,"[(100089, 293)]"
2019-06-28 14:37:00,ASK_DEPTH,"[(100459, 128)]"
2019-06-28 14:37:00,IMBALANCE,"[293, 128]"
2019-06-28 14:37:00,HOLDINGS_UPDATED,"{'CASH': 14305960, 'JPM': -54}"
2019-06-28 14:38:00,BID_DEPTH,"[(101435, 100)]"
2019-06-28 14:38:00,ASK_DEPTH,[]
2019-06-28 14:38:00,IMBALANCE,"[100, 0]"
2019-06-28 14:39:00,BID_DEPTH,"[(101435, 100)]"
2019-06-28 14:39:00,ASK_DEPTH,[]
2019-06-28 14:39:00,IMBALANCE,"[100, 0]"
2019-06-28 14:40:00,BID_DEPTH,"[(101334, 336)]"
2019-06-28 14:40:00,ASK_DEPTH,"[(101360, 269)]"
2019-06-28 14:40:00,IMBALANCE,"[336, 269]"
2019-06-28 14:40:00,HOLDINGS_UPDATED,"{'CASH': 13393720, 'JPM': -45}"
2019-06-28 14:41:00,BID_DEPTH,"[(101334, 259)]"
2019-06-28 14:41:00,ASK_DEPTH,"[(101504, 194)]"
2019-06-28 14:41:00,IMBALANCE,"[259, 194]"
2019-06-28 14:41:00,HOLDINGS_UPDATED,"{'CASH': 12480184, 'JPM': -36}"
2019-06-28 14:42:00,BID_DEPTH,"[(101584, 261)]"
2019-06-28 14:42:00,ASK_DEPTH,"[(101598, 194)]"
2019-06-28 14:42:00,IMBALANCE,"[261, 194]"
2019-06-28 14:42:00,HOLDINGS_UPDATED,"{'CASH': 11565802, 'JPM': -27}"
2019-06-28 14:43:00,BID_DEPTH,"[(101334, 332)]"
2019-06-28 14:43:00,ASK_DEPTH,"[(101584, 171)]"
2019-06-28 14:43:00,IMBALANCE,"[332, 171]"
2019-06-28 14:43:00,HOLDINGS_UPDATED,"{'CASH': 10651546, 'JPM': -18}"
2019-06-28 14:44:00,BID_DEPTH,"[(101316, 573)]"
2019-06-28 14:44:00,ASK_DEPTH,"[(101334, 412)]"
2019-06-28 14:44:00,IMBALANCE,"[573, 412]"
2019-06-28 14:44:00,HOLDINGS_UPDATED,"{'CASH': 9739540, 'JPM': -9}"
2019-06-28 14:45:00,BID_DEPTH,"[(101316, 98)]"
2019-06-28 14:45:00,ASK_DEPTH,[]
2019-06-28 14:45:00,IMBALANCE,"[98, 0]"
2019-06-28 14:46:00,BID_DEPTH,"[(101199, 573)]"
2019-06-28 14:46:00,ASK_DEPTH,"[(101316, 408)]"
2019-06-28 14:46:00,IMBALANCE,"[573, 408]"
2019-06-28 14:46:00,HOLDINGS_UPDATED,{'CASH': 8827696}
2019-06-28 14:47:00,BID_DEPTH,"[(101331, 336)]"
2019-06-28 14:47:00,ASK_DEPTH,"[(101341, 269)]"
2019-06-28 14:47:00,IMBALANCE,"[336, 269]"
2019-06-28 14:47:00,HOLDINGS_UPDATED,"{'CASH': 7915627, 'JPM': 9}"
2019-06-28 14:48:00,BID_DEPTH,"[(101199, 571)]"
2019-06-28 14:48:00,ASK_DEPTH,"[(101424, 506)]"
2019-06-28 14:48:00,IMBALANCE,"[571, 506]"
2019-06-28 14:48:00,HOLDINGS_UPDATED,"{'CASH': 7002811, 'JPM': 18}"
2019-06-28 14:49:00,BID_DEPTH,"[(101190, 195)]"
2019-06-28 14:49:00,ASK_DEPTH,"[(101199, 128)]"
2019-06-28 14:49:00,IMBALANCE,"[195, 128]"
2019-06-28 14:49:00,HOLDINGS_UPDATED,"{'CASH': 6092020, 'JPM': 27}"
2019-06-28 14:50:00,BID_DEPTH,"[(101191, 218)]"
2019-06-28 14:50:00,ASK_DEPTH,"[(101199, 151)]"
2019-06-28 14:50:00,IMBALANCE,"[218, 151]"
2019-06-28 14:50:00,HOLDINGS_UPDATED,"{'CASH': 5181229, 'JPM': 36}"
2019-06-28 14:51:00,BID_DEPTH,"[(101041, 261)]"
2019-06-28 14:51:00,ASK_DEPTH,"[(101199, 194)]"
2019-06-28 14:51:00,IMBALANCE,"[261, 194]"
2019-06-28 14:51:00,HOLDINGS_UPDATED,"{'CASH': 4270438, 'JPM': 45}"
2019-06-28 14:52:00,BID_DEPTH,"[(100984, 336)]"
2019-06-28 14:52:00,ASK_DEPTH,"[(101701, 269)]"
2019-06-28 14:52:00,IMBALANCE,"[336, 269]"
2019-06-28 14:52:00,HOLDINGS_UPDATED,"{'CASH': 3355129, 'JPM': 54}"
2019-06-28 14:53:00,BID_DEPTH,"[(100984, 216)]"
2019-06-28 14:53:00,ASK_DEPTH,"[(100997, 151)]"
2019-06-28 14:53:00,IMBALANCE,"[216, 151]"
2019-06-28 14:53:00,HOLDINGS_UPDATED,"{'CASH': 2446156, 'JPM': 63}"
2019-06-28 14:54:00,BID_DEPTH,"[(100939, 261)]"
2019-06-28 14:54:00,ASK_DEPTH,"[(100984, 194)]"
2019-06-28 14:54:00,IMBALANCE,"[261, 194]"
2019-06-28 14:54:00,HOLDINGS_UPDATED,"{'CASH': 1537300, 'JPM': 72}"
2019-06-28 14:55:00,BID_DEPTH,"[(100883, 336)]"
2019-06-28 14:55:00,ASK_DEPTH,"[(100997, 269)]"
2019-06-28 14:55:00,IMBALANCE,"[336, 269]"
2019-06-28 14:55:00,HOLDINGS_UPDATED,"{'CASH': 628327, 'JPM': 81}"
2019-06-28 14:56:00,BID_DEPTH,"[(100883, 573)]"
2019-06-28 14:56:00,ASK_DEPTH,"[(101064, 506)]"
2019-06-28 14:56:00,IMBALANCE,"[573, 506]"
2019-06-28 14:56:00,HOLDINGS_UPDATED,"{'CASH': -281249, 'JPM': 90}"
2019-06-28 14:57:00,BID_DEPTH,"[(100883, 336)]"
2019-06-28 14:57:00,ASK_DEPTH,"[(101050, 269)]"
2019-06-28 14:57:00,IMBALANCE,"[336, 269]"
2019-06-28 14:57:00,HOLDINGS_UPDATED,"{'CASH': -1190699, 'JPM': 99}"
2019-06-28 14:58:00,BID_DEPTH,"[(100810, 218)]"
2019-06-28 14:58:00,ASK_DEPTH,"[(100883, 151)]"
2019-06-28 14:58:00,IMBALANCE,"[218, 151]"
2019-06-28 14:58:00,HOLDINGS_UPDATED,"{'CASH': -2098646, 'JPM': 108}"
2019-06-28 14:59:00,BID_DEPTH,"[(100696, 261)]"
2019-06-28 14:59:00,ASK_DEPTH,"[(101137, 194)]"
2019-06-28 14:59:00,IMBALANCE,"[261, 194]"
2019-06-28 14:59:00,HOLDINGS_UPDATED,"{'CASH': -3008879, 'JPM': 117}"
2019-06-28 15:00:00,BID_DEPTH,"[(100696, 218)]"
2019-06-28 15:00:00,ASK_DEPTH,"[(101137, 251)]"
2019-06-28 15:00:00,IMBALANCE,"[218, 251]"
2019-06-28 15:00:00,HOLDINGS_UPDATED,"{'CASH': -3919112, 'JPM': 126}"
2019-06-28 15:01:00,BID_DEPTH,"[(100625, 336)]"
2019-06-28 15:01:00,ASK_DEPTH,"[(101137, 256)]"
2019-06-28 15:01:00,IMBALANCE,"[336, 256]"
2019-06-28 15:01:00,HOLDINGS_UPDATED,"{'CASH': -4829345, 'JPM': 135}"
2019-06-28 15:02:00,BID_DEPTH,"[(100625, 336)]"
2019-06-28 15:02:00,ASK_DEPTH,"[(101168, 269)]"
2019-06-28 15:02:00,IMBALANCE,"[336, 269]"
2019-06-28 15:02:00,HOLDINGS_UPDATED,"{'CASH': -5739857, 'JPM': 144}"
2019-06-28 15:03:00,BID_DEPTH,"[(100128, 573)]"
2019-06-28 15:03:00,ASK_DEPTH,"[(100373, 506)]"
2019-06-28 15:03:00,IMBALANCE,"[573, 506]"
2019-06-28 15:03:00,HOLDINGS_UPDATED,"{'CASH': -6643214, 'JPM': 153}"
2019-06-28 15:04:00,BID_DEPTH,"[(99865, 573)]"
2019-06-28 15:04:00,ASK_DEPTH,"[(100440, 506)]"
2019-06-28 15:04:00,IMBALANCE,"[573, 506]"
2019-06-28 15:04:00,HOLDINGS_UPDATED,"{'CASH': -7547174, 'JPM': 162}"
2019-06-28 15:05:00,BID_DEPTH,"[(99860, 336)]"
2019-06-28 15:05:00,ASK_DEPTH,"[(99899, 269)]"
2019-06-28 15:05:00,IMBALANCE,"[336, 269]"
2019-06-28 15:05:00,HOLDINGS_UPDATED,"{'CASH': -8446265, 'JPM': 171}"
2019-06-28 15:06:00,BID_DEPTH,"[(99811, 195)]"
2019-06-28 15:06:00,ASK_DEPTH,"[(99899, 128)]"
2019-06-28 15:06:00,IMBALANCE,"[195, 128]"
2019-06-28 15:06:00,HOLDINGS_UPDATED,"{'CASH': -9345356, 'JPM': 180}"
2019-06-28 15:07:00,BID_DEPTH,"[(99811, 673)]"
2019-06-28 15:07:00,ASK_DEPTH,"[(100025, 506)]"
2019-06-28 15:07:00,IMBALANCE,"[673, 506]"
2019-06-28 15:07:00,HOLDINGS_UPDATED,"{'CASH': -10245581, 'JPM': 189}"
2019-06-28 15:08:00,BID_DEPTH,"[(99811, 295)]"
2019-06-28 15:08:00,ASK_DEPTH,"[(100440, 128)]"
2019-06-28 15:08:00,IMBALANCE,"[295, 128]"
2019-06-28 15:08:00,HOLDINGS_UPDATED,"{'CASH': -11149541, 'JPM': 198}"
2019-06-28 15:09:00,BID_DEPTH,"[(100259, 218)]"
2019-06-28 15:09:00,ASK_DEPTH,"[(100452, 151)]"
2019-06-28 15:09:00,IMBALANCE,"[218, 151]"
2019-06-28 15:09:00,HOLDINGS_UPDATED,"{'CASH': -12053609, 'JPM': 207}"
2019-06-28 15:10:00,BID_DEPTH,"[(99811, 195)]"
2019-06-28 15:10:00,ASK_DEPTH,"[(100069, 128)]"
2019-06-28 15:10:00,IMBALANCE,"[195, 128]"
2019-06-28 15:10:00,HOLDINGS_UPDATED,"{'CASH': -12954230, 'JPM': 216}"
2019-06-28 15:11:00,BID_DEPTH,"[(100069, 20)]"
2019-06-28 15:11:00,ASK_DEPTH,[]
2019-06-28 15:11:00,IMBALANCE,"[20, 0]"
2019-06-28 15:12:00,BID_DEPTH,"[(100223, 100)]"
2019-06-28 15:12:00,ASK_DEPTH,[]
2019-06-28 15:12:00,IMBALANCE,"[100, 0]"
2019-06-28 15:13:00,BID_DEPTH,"[(100199, 100)]"
2019-06-28 15:13:00,ASK_DEPTH,[]
2019-06-28 15:13:00,IMBALANCE,"[100, 0]"
2019-06-28 15:14:00,BID_DEPTH,"[(100131, 336)]"
2019-06-28 15:14:00,ASK_DEPTH,"[(100223, 369)]"
2019-06-28 15:14:00,IMBALANCE,"[336, 369]"
2019-06-28 15:14:00,HOLDINGS_UPDATED,"{'CASH': -13856237, 'JPM': 225}"
2019-06-28 15:15:00,BID_DEPTH,"[(100131, 506)]"
2019-06-28 15:15:00,ASK_DEPTH,"[(100426, 573)]"
2019-06-28 15:15:00,IMBALANCE,"[506, 573]"
2019-06-28 15:15:00,HOLDINGS_UPDATED,"{'CASH': -12955058, 'JPM': 216}"
2019-06-28 15:16:00,BID_DEPTH,"[(100350, 128)]"
2019-06-28 15:16:00,ASK_DEPTH,"[(100426, 193)]"
2019-06-28 15:16:00,IMBALANCE,"[128, 193]"
2019-06-28 15:16:00,HOLDINGS_UPDATED,"{'CASH': -12051908, 'JPM': 207}"
2019-06-28 15:17:00,BID_DEPTH,"[(100279, 269)]"
2019-06-28 15:17:00,ASK_DEPTH,"[(100350, 336)]"
2019-06-28 15:17:00,IMBALANCE,"[269, 336]"
2019-06-28 15:17:00,HOLDINGS_UPDATED,"{'CASH': -11149397, 'JPM': 198}"
2019-06-28 15:18:00,BID_DEPTH,"[(100162, 506)]"
2019-06-28 15:18:00,ASK_DEPTH,"[(100350, 573)]"
2019-06-28 15:18:00,IMBALANCE,"[506, 573]"
2019-06-28 15:18:00,HOLDINGS_UPDATED,"{'CASH': -10247939, 'JPM': 189}"
2019-06-28 15:19:00,BID_DEPTH,"[(100161, 194)]"
2019-06-28 15:19:00,ASK_DEPTH,"[(100426, 259)]"
2019-06-28 15:19:00,IMBALANCE,"[194, 259]"
2019-06-28 15:19:00,HOLDINGS_UPDATED,"{'CASH': -9346490, 'JPM': 180}"
2019-06-28 15:20:00,BID_DEPTH,"[(100424, 128)]"
2019-06-28 15:20:00,ASK_DEPTH,"[(100652, 195)]"
2019-06-28 15:20:00,IMBALANCE,"[128, 195]"
2019-06-28 15:20:00,HOLDINGS_UPDATED,"{'CASH': -8442674, 'JPM': 171}"
2019-06-28 15:21:00,BID_DEPTH,"[(100368, 151)]"
2019-06-28 15:21:00,ASK_DEPTH,"[(100652, 218)]"
2019-06-28 15:21:00,IMBALANCE,"[151, 218]"
2019-06-28 15:21:00,HOLDINGS_UPDATED,"{'CASH': -7539362, 'JPM': 162}"
2019-06-28 15:22:00,BID_DEPTH,"[(100544, 194)]"
2019-06-28 15:22:00,ASK_DEPTH,"[(100652, 261)]"
2019-06-28 15:22:00,IMBALANCE,"[194, 261]"
2019-06-28 15:22:00,HOLDINGS_UPDATED,"{'CASH': -6634466, 'JPM': 153}"
2019-06-28 15:23:00,BID_DEPTH,"[(100368, 506)]"
2019-06-28 15:23:00,ASK_DEPTH,"[(100652, 573)]"
2019-06-28 15:23:00,IMBALANCE,"[506, 573]"
2019-06-28 15:23:00,HOLDINGS_UPDATED,"{'CASH': -5731154, 'JPM': 144}"
2019-06-28 15:24:00,BID_DEPTH,"[(100127, 269)]"
2019-06-28 15:24:00,ASK_DEPTH,"[(100346, 336)]"
2019-06-28 15:24:00,IMBALANCE,"[269, 336]"
2019-06-28 15:24:00,HOLDINGS_UPDATED,"{'CASH': -4830011, 'JPM': 135}"
2019-06-28 15:25:00,BID_DEPTH,"[(100123, 506)]"
2019-06-28 15:25:00,ASK_DEPTH,"[(100346, 573)]"
2019-06-28 15:25:00,IMBALANCE,"[506, 573]"
2019-06-28 15:25:00,HOLDINGS_UPDATED,"{'CASH': -3928904, 'JPM': 126}"
2019-06-28 15:26:00,BID_DEPTH,"[(99830, 506)]"
2019-06-28 15:26:00,ASK_DEPTH,"[(100060, 478)]"
2019-06-28 15:26:00,IMBALANCE,"[506, 478]"
2019-06-28 15:26:00,HOLDINGS_UPDATED,"{'CASH': -3030434, 'JPM': 117}"
2019-06-28 15:27:00,BID_DEPTH,"[(99793, 506)]"
2019-06-28 15:27:00,ASK_DEPTH,"[(100346, 573)]"
2019-06-28 15:27:00,IMBALANCE,"[506, 573]"
2019-06-28 15:27:00,HOLDINGS_UPDATED,"{'CASH': -2132297, 'JPM': 108}"
2019-06-28 15:28:00,BID_DEPTH,"[(99763, 128)]"
2019-06-28 15:28:00,ASK_DEPTH,"[(100346, 193)]"
2019-06-28 15:28:00,IMBALANCE,"[128, 193]"
2019-06-28 15:28:00,HOLDINGS_UPDATED,"{'CASH': -1234430, 'JPM': 99}"
2019-06-28 15:29:00,BID_DEPTH,"[(99163, 506)]"
2019-06-28 15:29:00,ASK_DEPTH,"[(100346, 569)]"
2019-06-28 15:29:00,IMBALANCE,"[506, 569]"
2019-06-28 15:29:00,HOLDINGS_UPDATED,"{'CASH': -341963, 'JPM': 90}"
2019-06-28 15:30:00,BID_DEPTH,"[(98845, 128)]"
2019-06-28 15:30:00,ASK_DEPTH,"[(99071, 195)]"
2019-06-28 15:30:00,IMBALANCE,"[128, 195]"
2019-06-28 15:30:00,HOLDINGS_UPDATED,"{'CASH': 547642, 'JPM': 81}"
2019-06-28 15:31:00,BID_DEPTH,"[(98814, 194)]"
2019-06-28 15:31:00,ASK_DEPTH,"[(99071, 459)]"
2019-06-28 15:31:00,IMBALANCE,"[194, 459]"
2019-06-28 15:31:00,HOLDINGS_UPDATED,"{'CASH': 1436968, 'JPM': 72}"
2019-06-28 15:32:00,BID_DEPTH,"[(99002, 269)]"
2019-06-28 15:32:00,ASK_DEPTH,"[(99071, 432)]"
2019-06-28 15:32:00,IMBALANCE,"[269, 432]"
2019-06-28 15:32:00,HOLDINGS_UPDATED,"{'CASH': 2327986, 'JPM': 63}"
2019-06-28 15:33:00,BID_DEPTH,"[(99002, 269)]"
2019-06-28 15:33:00,ASK_DEPTH,"[(99378, 336)]"
2019-06-28 15:33:00,IMBALANCE,"[269, 336]"
2019-06-28 15:33:00,HOLDINGS_UPDATED,"{'CASH': 3219004, 'JPM': 54}"
2019-06-28 15:34:00,BID_DEPTH,"[(98944, 269)]"
2019-06-28 15:34:00,ASK_DEPTH,"[(99007, 336)]"
2019-06-28 15:34:00,IMBALANCE,"[269, 336]"
2019-06-28 15:34:00,HOLDINGS_UPDATED,"{'CASH': 4109500, 'JPM': 45}"
2019-06-28 15:35:00,BID_DEPTH,"[(98814, 194)]"
2019-06-28 15:35:00,ASK_DEPTH,"[(99007, 459)]"
2019-06-28 15:35:00,IMBALANCE,"[194, 459]"
2019-06-28 15:35:00,HOLDINGS_UPDATED,"{'CASH': 4998826, 'JPM': 36}"
2019-06-28 15:36:00,BID_DEPTH,"[(99004, 269)]"
2019-06-28 15:36:00,ASK_DEPTH,"[(99007, 532)]"
2019-06-28 15:36:00,IMBALANCE,"[269, 532]"
2019-06-28 15:36:00,HOLDINGS_UPDATED,"{'CASH': 5889862, 'JPM': 27}"
2019-06-28 15:37:00,BID_DEPTH,"[(98483, 506)]"
2019-06-28 15:37:00,ASK_DEPTH,"[(99007, 667)]"
2019-06-28 15:37:00,IMBALANCE,"[506, 667]"
2019-06-28 15:37:00,HOLDINGS_UPDATED,"{'CASH': 6776209, 'JPM': 18}"
2019-06-28 15:38:00,BID_DEPTH,"[(98698, 194)]"
2019-06-28 15:38:00,ASK_DEPTH,"[(99007, 261)]"
2019-06-28 15:38:00,IMBALANCE,"[194, 261]"
2019-06-28 15:38:00,HOLDINGS_UPDATED,"{'CASH': 7664491, 'JPM': 9}"
2019-06-28 15:39:00,BID_DEPTH,"[(98826, 506)]"
2019-06-28 15:39:00,ASK_DEPTH,"[(99061, 573)]"
2019-06-28 15:39:00,IMBALANCE,"[506, 573]"
2019-06-28 15:39:00,HOLDINGS_UPDATED,{'CASH': 8553925}
2019-06-28 15:40:00,BID_DEPTH,"[(98826, 269)]"
2019-06-28 15:40:00,ASK_DEPTH,"[(99015, 336)]"
2019-06-28 15:40:00,IMBALANCE,"[269, 336]"
2019-06-28 15:40:00,HOLDINGS_UPDATED,"{'CASH': 9443359, 'JPM': -9}"
2019-06-28 15:41:00,BID_DEPTH,"[(98606, 151)]"
2019-06-28 15:41:00,ASK_DEPTH,"[(99050, 218)]"
2019-06-28 15:41:00,IMBALANCE,"[151, 218]"
2019-06-28 15:41:00,HOLDINGS_UPDATED,"{'CASH': 10330813, 'JPM': -18}"
2019-06-28 15:42:00,BID_DEPTH,"[(98213, 151)]"
2019-06-28 15:42:00,ASK_DEPTH,"[(99050, 216)]"
2019-06-28 15:42:00,IMBALANCE,"[151, 216]"
2019-06-28 15:42:00,HOLDINGS_UPDATED,"{'CASH': 11214730, 'JPM': -27}"
2019-06-28 15:43:00,BID_DEPTH,"[(98213, 506)]"
2019-06-28 15:43:00,ASK_DEPTH,"[(99050, 569)]"
2019-06-28 15:43:00,IMBALANCE,"[506, 569]"
2019-06-28 15:43:00,HOLDINGS_UPDATED,"{'CASH': 12098647, 'JPM': -36}"
2019-06-28 15:44:00,BID_DEPTH,"[(98213, 228)]"
2019-06-28 15:44:00,ASK_DEPTH,"[(99050, 189)]"
2019-06-28 15:44:00,IMBALANCE,"[228, 189]"
2019-06-28 15:44:00,HOLDINGS_UPDATED,"{'CASH': 12982564, 'JPM': -45}"
2019-06-28 15:45:00,BID_DEPTH,"[(98213, 228)]"
2019-06-28 15:45:00,ASK_DEPTH,"[(99061, 193)]"
2019-06-28 15:45:00,IMBALANCE,"[228, 193]"
2019-06-28 15:45:00,HOLDINGS_UPDATED,"{'CASH': 13866481, 'JPM': -54}"
2019-06-28 15:46:00,BID_DEPTH,"[(98213, 238)]"
2019-06-28 15:46:00,ASK_DEPTH,"[(99061, 214)]"
2019-06-28 15:46:00,IMBALANCE,"[238, 214]"
2019-06-28 15:46:00,HOLDINGS_UPDATED,"{'CASH': 14750398, 'JPM': -63}"
2019-06-28 15:47:00,BID_DEPTH,"[(98213, 125)]"
2019-06-28 15:47:00,ASK_DEPTH,"[(99061, 212)]"
2019-06-28 15:47:00,IMBALANCE,"[125, 212]"
2019-06-28 15:47:00,HOLDINGS_UPDATED,"{'CASH': 15437889, 'JPM': -70}"
2019-06-28 15:47:00,HOLDINGS_UPDATED,"{'CASH': 15634315, 'JPM': -72}"
2019-06-28 15:48:00,BID_DEPTH,"[(99061, 59)]"
2019-06-28 15:48:00,ASK_DEPTH,"[(99117, 218)]"
2019-06-28 15:48:00,IMBALANCE,"[59, 218]"
2019-06-28 15:48:00,HOLDINGS_UPDATED,"{'CASH': 16525864, 'JPM': -81}"
2019-06-28 15:49:00,BID_DEPTH,[]
2019-06-28 15:49:00,ASK_DEPTH,"[(99258, 100)]"
2019-06-28 15:49:00,IMBALANCE,"[0, 100]"
2019-06-28 15:50:00,BID_DEPTH,"[(98953, 151)]"
2019-06-28 15:50:00,ASK_DEPTH,"[(99129, 218)]"
2019-06-28 15:50:00,IMBALANCE,"[151, 218]"
2019-06-28 15:50:00,HOLDINGS_UPDATED,"{'CASH': 17416441, 'JPM': -90}"
2019-06-28 15:51:00,BID_DEPTH,"[(98934, 151)]"
2019-06-28 15:51:00,ASK_DEPTH,"[(99129, 216)]"
2019-06-28 15:51:00,IMBALANCE,"[151, 216]"
2019-06-28 15:51:00,HOLDINGS_UPDATED,"{'CASH': 18306847, 'JPM': -99}"
2019-06-28 15:52:00,BID_DEPTH,"[(99129, 151)]"
2019-06-28 15:52:00,ASK_DEPTH,"[(99258, 218)]"
2019-06-28 15:52:00,IMBALANCE,"[151, 218]"
2019-06-28 15:52:00,HOLDINGS_UPDATED,"{'CASH': 19199008, 'JPM': -108}"
2019-06-28 15:53:00,BID_DEPTH,"[(98934, 506)]"
2019-06-28 15:53:00,ASK_DEPTH,"[(99273, 573)]"
2019-06-28 15:53:00,IMBALANCE,"[506, 573]"
2019-06-28 15:53:00,HOLDINGS_UPDATED,"{'CASH': 20089414, 'JPM': -117}"
2019-06-28 15:54:00,BID_DEPTH,"[(98934, 294)]"
2019-06-28 15:54:00,ASK_DEPTH,"[(99320, 261)]"
2019-06-28 15:54:00,IMBALANCE,"[294, 261]"
2019-06-28 15:54:00,HOLDINGS_UPDATED,"{'CASH': 20979820, 'JPM': -126}"
2019-06-28 15:55:00,BID_DEPTH,"[(99320, 506)]"
2019-06-28 15:55:00,ASK_DEPTH,"[(99329, 573)]"
2019-06-28 15:55:00,IMBALANCE,"[506, 573]"
2019-06-28 15:55:00,HOLDINGS_UPDATED,"{'CASH': 21873700, 'JPM': -135}"
2019-06-28 15:56:00,BID_DEPTH,"[(98934, 115)]"
2019-06-28 15:56:00,ASK_DEPTH,"[(99535, 195)]"
2019-06-28 15:56:00,IMBALANCE,"[115, 195]"
2019-06-28 15:56:00,HOLDINGS_UPDATED,"{'CASH': 22764106, 'JPM': -144}"
2019-06-28 15:57:00,BID_DEPTH,"[(98803, 269)]"
2019-06-28 15:57:00,ASK_DEPTH,"[(99584, 336)]"
2019-06-28 15:57:00,IMBALANCE,"[269, 336]"
2019-06-28 15:57:00,HOLDINGS_UPDATED,"{'CASH': 23653333, 'JPM': -153}"
2019-06-28 15:58:00,BID_DEPTH,"[(99584, 151)]"
2019-06-28 15:58:00,ASK_DEPTH,"[(99621, 218)]"
2019-06-28 15:58:00,IMBALANCE,"[151, 218]"
2019-06-28 15:58:00,HOLDINGS_UPDATED,"{'CASH': 24549589, 'JPM': -162}"
2019-06-28 15:59:00,BID_DEPTH,"[(99584, 269)]"
2019-06-28 15:59:00,ASK_DEPTH,"[(99621, 334)]"
2019-06-28 15:59:00,IMBALANCE,"[269, 334]"
2019-06-28 15:59:00,HOLDINGS_UPDATED,"{'CASH': 25445845, 'JPM': -171}"
2019-06-28 16:00:00,BID_DEPTH,"[(99621, 251)]"
2019-06-28 16:00:00,ASK_DEPTH,"[(99703, 218)]"
2019-06-28 16:00:00,IMBALANCE,"[251, 218]"
2019-06-28 16:00:00,HOLDINGS_UPDATED,"{'CASH': 26342434, 'JPM': -180}"
2019-06-28 16:01:00,BID_DEPTH,"[(99621, 205)]"
2019-06-28 16:01:00,ASK_DEPTH,"[(99703, 216)]"
2019-06-28 16:01:00,IMBALANCE,"[205, 216]"
2019-06-28 16:01:00,MKT_CLOSED,
2019-06-28 16:01:00,FINAL_HOLDINGS,"{ JPM: -180, CASH: 26342434 }"
2019-06-28 16:01:00,FINAL_CASH_POSITION,26342434
2019-06-28 16:01:00,MARK_TO_MARKET,-180 JPM @ 99703 == -17946540
2019-06-28 16:01:00,MARKED_TO_MARKET,8395894
2019-06-28 16:01:00,ENDING_CASH,8395894
