EventTime,EventType,Event
,AGENT_TYPE,MomentumAgent
,STARTING_CASH,10000000
2019-06-28 09:30:00,HOLDINGS_UPDATED,{'CASH': 10000000}
2019-06-28 09:31:00,BID_DEPTH,"[(100008, 468)]"
2019-06-28 09:31:00,ASK_DEPTH,"[(100049, 268)]"
2019-06-28 09:31:00,IMBALANCE,"[468, 268]"
2019-06-28 09:32:00,BID_DEPTH,"[(100046, 593)]"
2019-06-28 09:32:00,ASK_DEPTH,"[(100049, 593)]"
2019-06-28 09:32:00,IMBALANCE,"[593, 593]"
2019-06-28 09:33:00,BID_DEPTH,"[(100046, 299)]"
2019-06-28 09:33:00,ASK_DEPTH,"[(100049, 199)]"
2019-06-28 09:33:00,IMBALANCE,"[299, 199]"
2019-06-28 09:34:00,BID_DEPTH,"[(100023, 593)]"
2019-06-28 09:34:00,ASK_DEPTH,"[(100063, 593)]"
2019-06-28 09:34:00,IMBALANCE,"[593, 593]"
2019-06-28 09:35:00,BID_DEPTH,"[(100058, 346)]"
2019-06-28 09:35:00,ASK_DEPTH,"[(100065, 346)]"
2019-06-28 09:35:00,IMBALANCE,"[346, 346]"
2019-06-28 09:36:00,BID_DEPTH,"[(100064, 223)]"
2019-06-28 09:36:00,ASK_DEPTH,"[(100067, 223)]"
2019-06-28 09:36:00,IMBALANCE,"[223, 223]"
2019-06-28 09:37:00,BID_DEPTH,"[(100065, 346)]"
2019-06-28 09:37:00,ASK_DEPTH,"[(100081, 346)]"
2019-06-28 09:37:00,IMBALANCE,"[346, 346]"
2019-06-28 09:38:00,BID_DEPTH,"[(100064, 223)]"
2019-06-28 09:38:00,ASK_DEPTH,"[(100066, 223)]"
2019-06-28 09:38:00,IMBALANCE,"[223, 223]"
2019-06-28 09:39:00,BID_DEPTH,"[(100047, 268)]"
2019-06-28 09:39:00,ASK_DEPTH,"[(100066, 268)]"
2019-06-28 09:39:00,IMBALANCE,"[268, 268]"
2019-06-28 09:40:00,BID_DEPTH,"[(99981, 346)]"
2019-06-28 09:40:00,ASK_DEPTH,"[(100066, 346)]"
2019-06-28 09:40:00,IMBALANCE,"[346, 346]"
2019-06-28 09:41:00,BID_DEPTH,"[(99982, 268)]"
2019-06-28 09:41:00,ASK_DEPTH,"[(100081, 268)]"
2019-06-28 09:41:00,IMBALANCE,"[268, 268]"
2019-06-28 09:42:00,BID_DEPTH,"[(100066, 268)]"
2019-06-28 09:42:00,ASK_DEPTH,"[(100082, 268)]"
2019-06-28 09:42:00,IMBALANCE,"[268, 268]"
2019-06-28 09:43:00,BID_DEPTH,"[(100103, 199)]"
2019-06-28 09:43:00,ASK_DEPTH,"[(100109, 199)]"
2019-06-28 09:43:00,IMBALANCE,"[199, 199]"
2019-06-28 09:44:00,BID_DEPTH,"[(100114, 346)]"
2019-06-28 09:44:00,ASK_DEPTH,"[(100194, 346)]"
2019-06-28 09:44:00,IMBALANCE,"[346, 346]"
2019-06-28 09:45:00,BID_DEPTH,"[(100114, 346)]"
2019-06-28 09:45:00,ASK_DEPTH,"[(100266, 346)]"
2019-06-28 09:45:00,IMBALANCE,"[346, 346]"
2019-06-28 09:46:00,BID_DEPTH,"[(100266, 346)]"
2019-06-28 09:46:00,ASK_DEPTH,"[(100412, 346)]"
2019-06-28 09:46:00,IMBALANCE,"[346, 346]"
2019-06-28 09:47:00,BID_DEPTH,"[(100266, 446)]"
2019-06-28 09:47:00,ASK_DEPTH,"[(100412, 346)]"
2019-06-28 09:47:00,IMBALANCE,"[446, 346]"
2019-06-28 09:48:00,BID_DEPTH,"[(100266, 423)]"
2019-06-28 09:48:00,ASK_DEPTH,"[(100389, 223)]"
2019-06-28 09:48:00,IMBALANCE,"[423, 223]"
2019-06-28 09:49:00,BID_DEPTH,"[(100266, 568)]"
2019-06-28 09:49:00,ASK_DEPTH,"[(100554, 268)]"
2019-06-28 09:49:00,IMBALANCE,"[568, 268]"
2019-06-28 09:50:00,BID_DEPTH,"[(100266, 646)]"
2019-06-28 09:50:00,ASK_DEPTH,"[(100554, 346)]"
2019-06-28 09:50:00,IMBALANCE,"[646, 346]"
2019-06-28 09:51:00,BID_DEPTH,"[(100266, 568)]"
2019-06-28 09:51:00,ASK_DEPTH,"[(100554, 268)]"
2019-06-28 09:51:00,IMBALANCE,"[568, 268]"
2019-06-28 09:52:00,BID_DEPTH,"[(100266, 499)]"
2019-06-28 09:52:00,ASK_DEPTH,"[(100566, 199)]"
2019-06-28 09:52:00,IMBALANCE,"[499, 199]"
2019-06-28 09:53:00,BID_DEPTH,"[(100476, 593)]"
2019-06-28 09:53:00,ASK_DEPTH,"[(100555, 593)]"
2019-06-28 09:53:00,IMBALANCE,"[593, 593]"
2019-06-28 09:54:00,BID_DEPTH,"[(100266, 499)]"
2019-06-28 09:54:00,ASK_DEPTH,"[(100555, 199)]"
2019-06-28 09:54:00,IMBALANCE,"[499, 199]"
2019-06-28 09:55:00,BID_DEPTH,"[(100341, 268)]"
2019-06-28 09:55:00,ASK_DEPTH,"[(100555, 268)]"
2019-06-28 09:55:00,IMBALANCE,"[268, 268]"
2019-06-28 09:56:00,BID_DEPTH,"[(100493, 593)]"
2019-06-28 09:56:00,ASK_DEPTH,"[(100555, 593)]"
2019-06-28 09:56:00,IMBALANCE,"[593, 593]"
2019-06-28 09:57:00,BID_DEPTH,"[(100428, 223)]"
2019-06-28 09:57:00,ASK_DEPTH,"[(100555, 223)]"
2019-06-28 09:57:00,IMBALANCE,"[223, 223]"
2019-06-28 09:58:00,BID_DEPTH,"[(100428, 223)]"
2019-06-28 09:58:00,ASK_DEPTH,"[(100507, 223)]"
2019-06-28 09:58:00,IMBALANCE,"[223, 223]"
2019-06-28 09:59:00,BID_DEPTH,"[(100428, 268)]"
2019-06-28 09:59:00,ASK_DEPTH,"[(100493, 268)]"
2019-06-28 09:59:00,IMBALANCE,"[268, 268]"
2019-06-28 10:00:00,BID_DEPTH,"[(100311, 593)]"
2019-06-28 10:00:00,ASK_DEPTH,"[(100348, 593)]"
2019-06-28 10:00:00,IMBALANCE,"[593, 593]"
2019-06-28 10:01:00,BID_DEPTH,"[(100266, 593)]"
2019-06-28 10:01:00,ASK_DEPTH,"[(100348, 593)]"
2019-06-28 10:01:00,IMBALANCE,"[593, 593]"
2019-06-28 10:02:00,BID_DEPTH,"[(100266, 593)]"
2019-06-28 10:02:00,ASK_DEPTH,"[(100348, 593)]"
2019-06-28 10:02:00,IMBALANCE,"[593, 593]"
2019-06-28 10:03:00,BID_DEPTH,"[(100137, 593)]"
2019-06-28 10:03:00,ASK_DEPTH,"[(100348, 593)]"
2019-06-28 10:03:00,IMBALANCE,"[593, 593]"
2019-06-28 10:04:00,BID_DEPTH,"[(100137, 346)]"
2019-06-28 10:04:00,ASK_DEPTH,"[(100208, 546)]"
2019-06-28 10:04:00,IMBALANCE,"[346, 546]"
2019-06-28 10:05:00,BID_DEPTH,"[(100016, 223)]"
2019-06-28 10:05:00,ASK_DEPTH,"[(100208, 423)]"
2019-06-28 10:05:00,IMBALANCE,"[223, 423]"
2019-06-28 10:06:00,BID_DEPTH,"[(99982, 346)]"
2019-06-28 10:06:00,ASK_DEPTH,"[(100208, 546)]"
2019-06-28 10:06:00,IMBALANCE,"[346, 546]"
2019-06-28 10:07:00,BID_DEPTH,"[(99976, 223)]"
2019-06-28 10:07:00,ASK_DEPTH,"[(100016, 323)]"
2019-06-28 10:07:00,IMBALANCE,"[223, 323]"
2019-06-28 10:08:00,BID_DEPTH,"[(99797, 268)]"
2019-06-28 10:08:00,ASK_DEPTH,"[(100016, 368)]"
2019-06-28 10:08:00,IMBALANCE,"[268, 368]"
2019-06-28 10:09:00,BID_DEPTH,"[(99592, 199)]"
2019-06-28 10:09:00,ASK_DEPTH,"[(99887, 199)]"
2019-06-28 10:09:00,IMBALANCE,"[199, 199]"
2019-06-28 10:10:00,BID_DEPTH,"[(99415, 199)]"
2019-06-28 10:10:00,ASK_DEPTH,"[(99887, 199)]"
2019-06-28 10:10:00,IMBALANCE,"[199, 199]"
2019-06-28 10:11:00,BID_DEPTH,"[(99246, 223)]"
2019-06-28 10:11:00,ASK_DEPTH,"[(99415, 124)]"
2019-06-28 10:11:00,IMBALANCE,"[223, 124]"
2019-06-28 10:12:00,BID_DEPTH,"[(99195, 223)]"
2019-06-28 10:12:00,ASK_DEPTH,"[(99263, 223)]"
2019-06-28 10:12:00,IMBALANCE,"[223, 223]"
2019-06-28 10:13:00,BID_DEPTH,"[(99246, 446)]"
2019-06-28 10:13:00,ASK_DEPTH,"[(99415, 247)]"
2019-06-28 10:13:00,IMBALANCE,"[446, 247]"
2019-06-28 10:14:00,BID_DEPTH,"[(99412, 593)]"
2019-06-28 10:14:00,ASK_DEPTH,"[(99415, 494)]"
2019-06-28 10:14:00,IMBALANCE,"[593, 494]"
2019-06-28 10:15:00,BID_DEPTH,"[(99412, 268)]"
2019-06-28 10:15:00,ASK_DEPTH,"[(99415, 169)]"
2019-06-28 10:15:00,IMBALANCE,"[268, 169]"
2019-06-28 10:16:00,BID_DEPTH,"[(99415, 268)]"
2019-06-28 10:16:00,ASK_DEPTH,"[(99570, 268)]"
2019-06-28 10:16:00,IMBALANCE,"[268, 268]"
2019-06-28 10:17:00,BID_DEPTH,"[(99415, 593)]"
2019-06-28 10:17:00,ASK_DEPTH,"[(99578, 593)]"
2019-06-28 10:17:00,IMBALANCE,"[593, 593]"
2019-06-28 10:18:00,BID_DEPTH,"[(99415, 199)]"
2019-06-28 10:18:00,ASK_DEPTH,"[(99692, 199)]"
2019-06-28 10:18:00,IMBALANCE,"[199, 199]"
2019-06-28 10:19:00,BID_DEPTH,"[(99651, 268)]"
2019-06-28 10:19:00,ASK_DEPTH,"[(99692, 268)]"
2019-06-28 10:19:00,IMBALANCE,"[268, 268]"
2019-06-28 10:20:00,BID_DEPTH,"[(99651, 593)]"
2019-06-28 10:20:00,ASK_DEPTH,"[(99887, 593)]"
2019-06-28 10:20:00,IMBALANCE,"[593, 593]"
2019-06-28 10:21:00,BID_DEPTH,"[(99651, 201)]"
2019-06-28 10:21:00,ASK_DEPTH,"[(99887, 346)]"
2019-06-28 10:21:00,IMBALANCE,"[201, 346]"
2019-06-28 10:21:00,HOLDINGS_UPDATED,"{'CASH': 10896859, 'JPM': -9}"
2019-06-28 10:22:00,BID_DEPTH,"[(99415, 54)]"
2019-06-28 10:22:00,ASK_DEPTH,"[(99959, 199)]"
2019-06-28 10:22:00,IMBALANCE,"[54, 199]"
2019-06-28 10:22:00,HOLDINGS_UPDATED,"{'CASH': 11791594, 'JPM': -18}"
2019-06-28 10:23:00,BID_DEPTH,"[(99559, 448)]"
2019-06-28 10:23:00,ASK_DEPTH,"[(99839, 593)]"
2019-06-28 10:23:00,IMBALANCE,"[448, 593]"
2019-06-28 10:23:00,HOLDINGS_UPDATED,"{'CASH': 12687625, 'JPM': -27}"
2019-06-28 10:24:00,BID_DEPTH,"[(99528, 123)]"
2019-06-28 10:24:00,ASK_DEPTH,"[(99890, 268)]"
2019-06-28 10:24:00,IMBALANCE,"[123, 268]"
2019-06-28 10:24:00,HOLDINGS_UPDATED,"{'CASH': 13583377, 'JPM': -36}"
2019-06-28 10:25:00,BID_DEPTH,"[(99637, 78)]"
2019-06-28 10:25:00,ASK_DEPTH,"[(99890, 223)]"
2019-06-28 10:25:00,IMBALANCE,"[78, 223]"
2019-06-28 10:25:00,HOLDINGS_UPDATED,"{'CASH': 14480110, 'JPM': -45}"
2019-06-28 10:26:00,BID_DEPTH,"[(99637, 448)]"
2019-06-28 10:26:00,ASK_DEPTH,"[(99890, 593)]"
2019-06-28 10:26:00,IMBALANCE,"[448, 593]"
2019-06-28 10:26:00,HOLDINGS_UPDATED,"{'CASH': 15376843, 'JPM': -54}"
2019-06-28 10:27:00,BID_DEPTH,"[(99890, 201)]"
2019-06-28 10:27:00,ASK_DEPTH,"[(100064, 346)]"
2019-06-28 10:27:00,IMBALANCE,"[201, 346]"
2019-06-28 10:27:00,HOLDINGS_UPDATED,"{'CASH': 16275853, 'JPM': -63}"
2019-06-28 10:28:00,BID_DEPTH,"[(99890, 301)]"
2019-06-28 10:28:00,ASK_DEPTH,"[(100191, 346)]"
2019-06-28 10:28:00,IMBALANCE,"[301, 346]"
2019-06-28 10:28:00,HOLDINGS_UPDATED,"{'CASH': 17174863, 'JPM': -72}"
2019-06-28 10:29:00,BID_DEPTH,"[(99890, 200)]"
2019-06-28 10:29:00,ASK_DEPTH,"[(100243, 199)]"
2019-06-28 10:29:00,IMBALANCE,"[200, 199]"
2019-06-28 10:29:00,HOLDINGS_UPDATED,"{'CASH': 17274753, 'JPM': -73}"
2019-06-28 10:29:00,HOLDINGS_UPDATED,"{'CASH': 18073873, 'JPM': -81}"
2019-06-28 10:30:00,BID_DEPTH,"[(99890, 70)]"
2019-06-28 10:30:00,ASK_DEPTH,"[(100282, 223)]"
2019-06-28 10:30:00,IMBALANCE,"[70, 223]"
2019-06-28 10:30:00,HOLDINGS_UPDATED,"{'CASH': 18972883, 'JPM': -90}"
2019-06-28 10:31:00,BID_DEPTH,"[(99890, 201)]"
2019-06-28 10:31:00,ASK_DEPTH,"[(100485, 346)]"
2019-06-28 10:31:00,IMBALANCE,"[201, 346]"
2019-06-28 10:31:00,HOLDINGS_UPDATED,"{'CASH': 19871893, 'JPM': -99}"
2019-06-28 10:32:00,BID_DEPTH,"[(100387, 78)]"
2019-06-28 10:32:00,ASK_DEPTH,"[(100485, 223)]"
2019-06-28 10:32:00,IMBALANCE,"[78, 223]"
2019-06-28 10:32:00,HOLDINGS_UPDATED,"{'CASH': 20775376, 'JPM': -108}"
2019-06-28 10:33:00,BID_DEPTH,"[(99397, 123)]"
2019-06-28 10:33:00,ASK_DEPTH,"[(100387, 368)]"
2019-06-28 10:33:00,IMBALANCE,"[123, 368]"
2019-06-28 10:33:00,HOLDINGS_UPDATED,"{'CASH': 21669949, 'JPM': -117}"
2019-06-28 10:34:00,BID_DEPTH,"[(100162, 448)]"
2019-06-28 10:34:00,ASK_DEPTH,"[(100387, 693)]"
2019-06-28 10:34:00,IMBALANCE,"[448, 693]"
2019-06-28 10:34:00,HOLDINGS_UPDATED,"{'CASH': 22571407, 'JPM': -126}"
2019-06-28 10:35:00,BID_DEPTH,"[(100135, 54)]"
2019-06-28 10:35:00,ASK_DEPTH,"[(100347, 199)]"
2019-06-28 10:35:00,IMBALANCE,"[54, 199]"
2019-06-28 10:35:00,HOLDINGS_UPDATED,"{'CASH': 23472622, 'JPM': -135}"
2019-06-28 10:36:00,BID_DEPTH,"[(100130, 201)]"
2019-06-28 10:36:00,ASK_DEPTH,"[(100135, 301)]"
2019-06-28 10:36:00,IMBALANCE,"[201, 301]"
2019-06-28 10:36:00,HOLDINGS_UPDATED,"{'CASH': 24373792, 'JPM': -144}"
2019-06-28 10:37:00,BID_DEPTH,"[(100256, 123)]"
2019-06-28 10:37:00,ASK_DEPTH,"[(100347, 268)]"
2019-06-28 10:37:00,IMBALANCE,"[123, 268]"
2019-06-28 10:37:00,HOLDINGS_UPDATED,"{'CASH': 25276096, 'JPM': -153}"
2019-06-28 10:38:00,BID_DEPTH,"[(100347, 78)]"
2019-06-28 10:38:00,ASK_DEPTH,"[(100387, 223)]"
2019-06-28 10:38:00,IMBALANCE,"[78, 223]"
2019-06-28 10:38:00,HOLDINGS_UPDATED,"{'CASH': 26179219, 'JPM': -162}"
2019-06-28 10:39:00,BID_DEPTH,"[(100123, 593)]"
2019-06-28 10:39:00,ASK_DEPTH,"[(100347, 448)]"
2019-06-28 10:39:00,IMBALANCE,"[593, 448]"
2019-06-28 10:39:00,HOLDINGS_UPDATED,"{'CASH': 25276096, 'JPM': -153}"
2019-06-28 10:40:00,BID_DEPTH,"[(100123, 199)]"
2019-06-28 10:40:00,ASK_DEPTH,"[(100429, 54)]"
2019-06-28 10:40:00,IMBALANCE,"[199, 54]"
2019-06-28 10:40:00,HOLDINGS_UPDATED,"{'CASH': 24372235, 'JPM': -144}"
2019-06-28 10:41:00,BID_DEPTH,"[(100434, 199)]"
2019-06-28 10:41:00,ASK_DEPTH,"[(100498, 54)]"
2019-06-28 10:41:00,IMBALANCE,"[199, 54]"
2019-06-28 10:41:00,HOLDINGS_UPDATED,"{'CASH': 23467753, 'JPM': -135}"
2019-06-28 10:42:00,BID_DEPTH,"[(100515, 199)]"
2019-06-28 10:42:00,ASK_DEPTH,"[(100654, 54)]"
2019-06-28 10:42:00,IMBALANCE,"[199, 54]"
2019-06-28 10:42:00,HOLDINGS_UPDATED,"{'CASH': 22561867, 'JPM': -126}"
2019-06-28 10:43:00,BID_DEPTH,"[(101882, 593)]"
2019-06-28 10:43:00,ASK_DEPTH,"[(102065, 448)]"
2019-06-28 10:43:00,IMBALANCE,"[593, 448]"
2019-06-28 10:43:00,HOLDINGS_UPDATED,"{'CASH': 21643282, 'JPM': -117}"
2019-06-28 10:44:00,BID_DEPTH,"[(100515, 223)]"
2019-06-28 10:44:00,ASK_DEPTH,"[(101464, 78)]"
2019-06-28 10:44:00,IMBALANCE,"[223, 78]"
2019-06-28 10:44:00,HOLDINGS_UPDATED,"{'CASH': 20730106, 'JPM': -108}"
2019-06-28 10:45:00,BID_DEPTH,"[(100498, 346)]"
2019-06-28 10:45:00,ASK_DEPTH,"[(101107, 201)]"
2019-06-28 10:45:00,IMBALANCE,"[346, 201]"
2019-06-28 10:45:00,HOLDINGS_UPDATED,"{'CASH': 19820143, 'JPM': -99}"
2019-06-28 10:46:00,BID_DEPTH,"[(100498, 346)]"
2019-06-28 10:46:00,ASK_DEPTH,"[(101147, 201)]"
2019-06-28 10:46:00,IMBALANCE,"[346, 201]"
2019-06-28 10:46:00,HOLDINGS_UPDATED,"{'CASH': 18909820, 'JPM': -90}"
2019-06-28 10:47:00,BID_DEPTH,"[(101147, 199)]"
2019-06-28 10:47:00,ASK_DEPTH,"[(101452, 54)]"
2019-06-28 10:47:00,IMBALANCE,"[199, 54]"
2019-06-28 10:47:00,HOLDINGS_UPDATED,"{'CASH': 17996752, 'JPM': -81}"
2019-06-28 10:48:00,BID_DEPTH,"[(101415, 346)]"
2019-06-28 10:48:00,ASK_DEPTH,"[(101464, 201)]"
2019-06-28 10:48:00,IMBALANCE,"[346, 201]"
2019-06-28 10:48:00,HOLDINGS_UPDATED,"{'CASH': 17083576, 'JPM': -72}"
2019-06-28 10:49:00,BID_DEPTH,"[(100650, 593)]"
2019-06-28 10:49:00,ASK_DEPTH,"[(100695, 448)]"
2019-06-28 10:49:00,IMBALANCE,"[593, 448]"
2019-06-28 10:49:00,HOLDINGS_UPDATED,"{'CASH': 16177321, 'JPM': -63}"
2019-06-28 10:50:00,BID_DEPTH,"[(100498, 346)]"
2019-06-28 10:50:00,ASK_DEPTH,"[(100663, 201)]"
2019-06-28 10:50:00,IMBALANCE,"[346, 201]"
2019-06-28 10:50:00,HOLDINGS_UPDATED,"{'CASH': 15271354, 'JPM': -54}"
2019-06-28 10:51:00,BID_DEPTH,"[(100242, 593)]"
2019-06-28 10:51:00,ASK_DEPTH,"[(100498, 448)]"
2019-06-28 10:51:00,IMBALANCE,"[593, 448]"
2019-06-28 10:51:00,HOLDINGS_UPDATED,"{'CASH': 14366872, 'JPM': -45}"
2019-06-28 10:52:00,BID_DEPTH,"[(99897, 268)]"
2019-06-28 10:52:00,ASK_DEPTH,"[(100056, 123)]"
2019-06-28 10:52:00,IMBALANCE,"[268, 123]"
2019-06-28 10:52:00,HOLDINGS_UPDATED,"{'CASH': 13466368, 'JPM': -36}"
2019-06-28 10:53:00,BID_DEPTH,"[(99897, 346)]"
2019-06-28 10:53:00,ASK_DEPTH,"[(100616, 201)]"
2019-06-28 10:53:00,IMBALANCE,"[346, 201]"
2019-06-28 10:53:00,HOLDINGS_UPDATED,"{'CASH': 12560824, 'JPM': -27}"
2019-06-28 10:54:00,BID_DEPTH,"[(100549, 199)]"
2019-06-28 10:54:00,ASK_DEPTH,"[(100616, 54)]"
2019-06-28 10:54:00,IMBALANCE,"[199, 54]"
2019-06-28 10:54:00,HOLDINGS_UPDATED,"{'CASH': 11655280, 'JPM': -18}"
2019-06-28 10:55:00,BID_DEPTH,"[(100549, 268)]"
2019-06-28 10:55:00,ASK_DEPTH,"[(100632, 123)]"
2019-06-28 10:55:00,IMBALANCE,"[268, 123]"
2019-06-28 10:55:00,HOLDINGS_UPDATED,"{'CASH': 10749592, 'JPM': -9}"
2019-06-28 10:56:00,BID_DEPTH,"[(100187, 268)]"
2019-06-28 10:56:00,ASK_DEPTH,"[(100632, 123)]"
2019-06-28 10:56:00,IMBALANCE,"[268, 123]"
2019-06-28 10:56:00,HOLDINGS_UPDATED,{'CASH': 9843904}
2019-06-28 10:57:00,BID_DEPTH,"[(100187, 199)]"
2019-06-28 10:57:00,ASK_DEPTH,"[(100427, 54)]"
2019-06-28 10:57:00,IMBALANCE,"[199, 54]"
2019-06-28 10:57:00,HOLDINGS_UPDATED,"{'CASH': 8940061, 'JPM': 9}"
2019-06-28 10:58:00,BID_DEPTH,"[(100428, 446)]"
2019-06-28 10:58:00,ASK_DEPTH,"[(100989, 201)]"
2019-06-28 10:58:00,IMBALANCE,"[446, 201]"
2019-06-28 10:58:00,HOLDINGS_UPDATED,"{'CASH': 8031160, 'JPM': 18}"
2019-06-28 10:59:00,BID_DEPTH,"[(100427, 401)]"
2019-06-28 10:59:00,ASK_DEPTH,"[(100989, 201)]"
2019-06-28 10:59:00,IMBALANCE,"[401, 201]"
2019-06-28 10:59:00,HOLDINGS_UPDATED,"{'CASH': 7122259, 'JPM': 27}"
2019-06-28 11:00:00,BID_DEPTH,"[(100427, 548)]"
2019-06-28 11:00:00,ASK_DEPTH,"[(100869, 448)]"
2019-06-28 11:00:00,IMBALANCE,"[548, 448]"
2019-06-28 11:00:00,HOLDINGS_UPDATED,"{'CASH': 6214438, 'JPM': 36}"
2019-06-28 11:01:00,BID_DEPTH,"[(100726, 593)]"
2019-06-28 11:01:00,ASK_DEPTH,"[(100869, 448)]"
2019-06-28 11:01:00,IMBALANCE,"[593, 448]"
2019-06-28 11:01:00,HOLDINGS_UPDATED,"{'CASH': 5306617, 'JPM': 45}"
2019-06-28 11:02:00,BID_DEPTH,"[(100398, 268)]"
2019-06-28 11:02:00,ASK_DEPTH,"[(100989, 223)]"
2019-06-28 11:02:00,IMBALANCE,"[268, 223]"
2019-06-28 11:02:00,HOLDINGS_UPDATED,"{'CASH': 4397716, 'JPM': 54}"
2019-06-28 11:03:00,BID_DEPTH,"[(100359, 199)]"
2019-06-28 11:03:00,ASK_DEPTH,"[(100989, 200)]"
2019-06-28 11:03:00,IMBALANCE,"[199, 200]"
2019-06-28 11:03:00,HOLDINGS_UPDATED,"{'CASH': 4296727, 'JPM': 55}"
2019-06-28 11:03:00,HOLDINGS_UPDATED,"{'CASH': 3488815, 'JPM': 63}"
2019-06-28 11:04:00,BID_DEPTH,"[(100359, 268)]"
2019-06-28 11:04:00,ASK_DEPTH,"[(100599, 123)]"
2019-06-28 11:04:00,IMBALANCE,"[268, 123]"
2019-06-28 11:04:00,HOLDINGS_UPDATED,"{'CASH': 2583424, 'JPM': 72}"
2019-06-28 11:05:00,BID_DEPTH,"[(100263, 199)]"
2019-06-28 11:05:00,ASK_DEPTH,"[(100599, 54)]"
2019-06-28 11:05:00,IMBALANCE,"[199, 54]"
2019-06-28 11:05:00,HOLDINGS_UPDATED,"{'CASH': 1678033, 'JPM': 81}"
2019-06-28 11:06:00,BID_DEPTH,"[(100175, 593)]"
2019-06-28 11:06:00,ASK_DEPTH,"[(100263, 448)]"
2019-06-28 11:06:00,IMBALANCE,"[593, 448]"
2019-06-28 11:06:00,HOLDINGS_UPDATED,"{'CASH': 775666, 'JPM': 90}"
2019-06-28 11:07:00,BID_DEPTH,"[(99958, 223)]"
2019-06-28 11:07:00,ASK_DEPTH,"[(100263, 202)]"
2019-06-28 11:07:00,IMBALANCE,"[223, 202]"
2019-06-28 11:07:00,HOLDINGS_UPDATED,"{'CASH': -126701, 'JPM': 99}"
2019-06-28 11:08:00,BID_DEPTH,"[(99873, 346)]"
2019-06-28 11:08:00,ASK_DEPTH,"[(100159, 201)]"
2019-06-28 11:08:00,IMBALANCE,"[346, 201]"
2019-06-28 11:08:00,HOLDINGS_UPDATED,"{'CASH': -1028132, 'JPM': 108}"
2019-06-28 11:09:00,BID_DEPTH,"[(99906, 223)]"
2019-06-28 11:09:00,ASK_DEPTH,"[(99971, 78)]"
2019-06-28 11:09:00,IMBALANCE,"[223, 78]"
2019-06-28 11:09:00,HOLDINGS_UPDATED,"{'CASH': -1927871, 'JPM': 117}"
2019-06-28 11:10:00,BID_DEPTH,"[(99828, 346)]"
2019-06-28 11:10:00,ASK_DEPTH,"[(99983, 201)]"
2019-06-28 11:10:00,IMBALANCE,"[346, 201]"
2019-06-28 11:10:00,HOLDINGS_UPDATED,"{'CASH': -2827718, 'JPM': 126}"
2019-06-28 11:11:00,BID_DEPTH,"[(99828, 123)]"
2019-06-28 11:11:00,ASK_DEPTH,"[(99983, 268)]"
2019-06-28 11:11:00,IMBALANCE,"[123, 268]"
2019-06-28 11:11:00,HOLDINGS_UPDATED,"{'CASH': -1929266, 'JPM': 117}"
2019-06-28 11:12:00,BID_DEPTH,"[(98873, 201)]"
2019-06-28 11:12:00,ASK_DEPTH,"[(98945, 346)]"
2019-06-28 11:12:00,IMBALANCE,"[201, 346]"
2019-06-28 11:12:00,HOLDINGS_UPDATED,"{'CASH': -1039409, 'JPM': 108}"
2019-06-28 11:13:00,BID_DEPTH,"[(98883, 54)]"
2019-06-28 11:13:00,ASK_DEPTH,"[(98945, 298)]"
2019-06-28 11:13:00,IMBALANCE,"[54, 298]"
2019-06-28 11:13:00,HOLDINGS_UPDATED,"{'CASH': -149462, 'JPM': 99}"
2019-06-28 11:14:00,BID_DEPTH,"[(98893, 448)]"
2019-06-28 11:14:00,ASK_DEPTH,"[(98945, 591)]"
2019-06-28 11:14:00,IMBALANCE,"[448, 591]"
2019-06-28 11:14:00,HOLDINGS_UPDATED,"{'CASH': 740575, 'JPM': 90}"
2019-06-28 11:15:00,BID_DEPTH,"[(98968, 54)]"
2019-06-28 11:15:00,ASK_DEPTH,"[(98982, 199)]"
2019-06-28 11:15:00,IMBALANCE,"[54, 199]"
2019-06-28 11:15:00,HOLDINGS_UPDATED,"{'CASH': 1631287, 'JPM': 81}"
2019-06-28 11:16:00,BID_DEPTH,"[(98873, 123)]"
2019-06-28 11:16:00,ASK_DEPTH,"[(98924, 268)]"
2019-06-28 11:16:00,IMBALANCE,"[123, 268]"
2019-06-28 11:16:00,HOLDINGS_UPDATED,"{'CASH': 2521144, 'JPM': 72}"
2019-06-28 11:17:00,BID_DEPTH,"[(98787, 123)]"
2019-06-28 11:17:00,ASK_DEPTH,"[(98924, 367)]"
2019-06-28 11:17:00,IMBALANCE,"[123, 367]"
2019-06-28 11:17:00,HOLDINGS_UPDATED,"{'CASH': 3410227, 'JPM': 63}"
2019-06-28 11:18:00,BID_DEPTH,"[(98669, 123)]"
2019-06-28 11:18:00,ASK_DEPTH,"[(98858, 268)]"
2019-06-28 11:18:00,IMBALANCE,"[123, 268]"
2019-06-28 11:18:00,HOLDINGS_UPDATED,"{'CASH': 4298248, 'JPM': 54}"
2019-06-28 11:19:00,BID_DEPTH,"[(98610, 448)]"
2019-06-28 11:19:00,ASK_DEPTH,"[(98924, 691)]"
2019-06-28 11:19:00,IMBALANCE,"[448, 691]"
2019-06-28 11:19:00,HOLDINGS_UPDATED,"{'CASH': 5185738, 'JPM': 45}"
2019-06-28 11:20:00,BID_DEPTH,"[(98587, 201)]"
2019-06-28 11:20:00,ASK_DEPTH,"[(98742, 346)]"
2019-06-28 11:20:00,IMBALANCE,"[201, 346]"
2019-06-28 11:20:00,HOLDINGS_UPDATED,"{'CASH': 6073021, 'JPM': 36}"
2019-06-28 11:21:00,BID_DEPTH,"[(98540, 201)]"
2019-06-28 11:21:00,ASK_DEPTH,"[(98753, 346)]"
2019-06-28 11:21:00,IMBALANCE,"[201, 346]"
2019-06-28 11:21:00,HOLDINGS_UPDATED,"{'CASH': 6959881, 'JPM': 27}"
2019-06-28 11:22:00,BID_DEPTH,[]
2019-06-28 11:22:00,ASK_DEPTH,"[(98734, 100)]"
2019-06-28 11:22:00,IMBALANCE,"[0, 100]"
2019-06-28 11:23:00,BID_DEPTH,[]
2019-06-28 11:23:00,ASK_DEPTH,"[(98733, 100)]"
2019-06-28 11:23:00,IMBALANCE,"[0, 100]"
2019-06-28 11:24:00,BID_DEPTH,"[(98465, 223)]"
2019-06-28 11:24:00,ASK_DEPTH,"[(98636, 268)]"
2019-06-28 11:24:00,IMBALANCE,"[223, 268]"
2019-06-28 11:24:00,HOLDINGS_UPDATED,"{'CASH': 7846066, 'JPM': 18}"
2019-06-28 11:25:00,BID_DEPTH,"[(98465, 147)]"
2019-06-28 11:25:00,ASK_DEPTH,"[(98734, 346)]"
2019-06-28 11:25:00,IMBALANCE,"[147, 346]"
2019-06-28 11:25:00,HOLDINGS_UPDATED,"{'CASH': 8732251, 'JPM': 9}"
2019-06-28 11:26:00,BID_DEPTH,"[(98465, 54)]"
2019-06-28 11:26:00,ASK_DEPTH,"[(98766, 199)]"
2019-06-28 11:26:00,IMBALANCE,"[54, 199]"
2019-06-28 11:26:00,HOLDINGS_UPDATED,{'CASH': 9618436}
2019-06-28 11:27:00,BID_DEPTH,"[(98766, 24)]"
2019-06-28 11:27:00,ASK_DEPTH,"[(98794, 268)]"
2019-06-28 11:27:00,IMBALANCE,"[24, 268]"
2019-06-28 11:27:00,HOLDINGS_UPDATED,"{'CASH': 10507330, 'JPM': -9}"
2019-06-28 11:28:00,BID_DEPTH,"[(98766, 123)]"
2019-06-28 11:28:00,ASK_DEPTH,"[(98794, 267)]"
2019-06-28 11:28:00,IMBALANCE,"[123, 267]"
2019-06-28 11:28:00,HOLDINGS_UPDATED,"{'CASH': 11396224, 'JPM': -18}"
2019-06-28 11:29:00,BID_DEPTH,[]
2019-06-28 11:29:00,ASK_DEPTH,"[(98922, 100)]"
2019-06-28 11:29:00,IMBALANCE,"[0, 100]"
2019-06-28 11:30:00,BID_DEPTH,"[(98794, 201)]"
2019-06-28 11:30:00,ASK_DEPTH,"[(98923, 346)]"
2019-06-28 11:30:00,IMBALANCE,"[201, 346]"
2019-06-28 11:30:00,HOLDINGS_UPDATED,"{'CASH': 12285370, 'JPM': -27}"
2019-06-28 11:31:00,BID_DEPTH,[]
2019-06-28 11:31:00,ASK_DEPTH,"[(98923, 99)]"
2019-06-28 11:31:00,IMBALANCE,"[0, 99]"
2019-06-28 11:32:00,BID_DEPTH,"[(98923, 124)]"
2019-06-28 11:32:00,ASK_DEPTH,"[(98924, 265)]"
2019-06-28 11:32:00,IMBALANCE,"[124, 265]"
2019-06-28 11:32:00,HOLDINGS_UPDATED,"{'CASH': 13175677, 'JPM': -36}"
2019-06-28 11:33:00,BID_DEPTH,"[(98923, 201)]"
2019-06-28 11:33:00,ASK_DEPTH,"[(99014, 346)]"
2019-06-28 11:33:00,IMBALANCE,"[201, 346]"
2019-06-28 11:33:00,HOLDINGS_UPDATED,"{'CASH': 14065984, 'JPM': -45}"
2019-06-28 11:34:00,BID_DEPTH,[]
2019-06-28 11:34:00,ASK_DEPTH,"[(99324, 100)]"
2019-06-28 11:34:00,IMBALANCE,"[0, 100]"
2019-06-28 11:35:00,BID_DEPTH,[]
2019-06-28 11:35:00,ASK_DEPTH,"[(99556, 100)]"
2019-06-28 11:35:00,IMBALANCE,"[0, 100]"
2019-06-28 11:36:00,BID_DEPTH,"[(99521, 201)]"
2019-06-28 11:36:00,ASK_DEPTH,"[(99619, 346)]"
2019-06-28 11:36:00,IMBALANCE,"[201, 346]"
2019-06-28 11:36:00,HOLDINGS_UPDATED,"{'CASH': 14961673, 'JPM': -54}"
2019-06-28 11:37:00,BID_DEPTH,"[(99521, 123)]"
2019-06-28 11:37:00,ASK_DEPTH,"[(99619, 267)]"
2019-06-28 11:37:00,IMBALANCE,"[123, 267]"
2019-06-28 11:37:00,HOLDINGS_UPDATED,"{'CASH': 15857362, 'JPM': -63}"
2019-06-28 11:38:00,BID_DEPTH,"[(99521, 78)]"
2019-06-28 11:38:00,ASK_DEPTH,"[(100309, 223)]"
2019-06-28 11:38:00,IMBALANCE,"[78, 223]"
2019-06-28 11:38:00,HOLDINGS_UPDATED,"{'CASH': 16753051, 'JPM': -72}"
2019-06-28 11:39:00,BID_DEPTH,"[(100169, 78)]"
2019-06-28 11:39:00,ASK_DEPTH,"[(100309, 222)]"
2019-06-28 11:39:00,IMBALANCE,"[78, 222]"
2019-06-28 11:39:00,HOLDINGS_UPDATED,"{'CASH': 17654572, 'JPM': -81}"
2019-06-28 11:40:00,BID_DEPTH,"[(99521, 123)]"
2019-06-28 11:40:00,ASK_DEPTH,"[(100169, 199)]"
2019-06-28 11:40:00,IMBALANCE,"[123, 199]"
2019-06-28 11:40:00,HOLDINGS_UPDATED,"{'CASH': 18550261, 'JPM': -90}"
2019-06-28 11:41:00,BID_DEPTH,"[(100118, 78)]"
2019-06-28 11:41:00,ASK_DEPTH,"[(100198, 223)]"
2019-06-28 11:41:00,IMBALANCE,"[78, 223]"
2019-06-28 11:41:00,HOLDINGS_UPDATED,"{'CASH': 19451323, 'JPM': -99}"
2019-06-28 11:42:00,BID_DEPTH,"[(100118, 54)]"
2019-06-28 11:42:00,ASK_DEPTH,"[(100309, 197)]"
2019-06-28 11:42:00,IMBALANCE,"[54, 197]"
2019-06-28 11:42:00,HOLDINGS_UPDATED,"{'CASH': 20352385, 'JPM': -108}"
2019-06-28 11:43:00,BID_DEPTH,"[(100327, 78)]"
2019-06-28 11:43:00,ASK_DEPTH,"[(100418, 223)]"
2019-06-28 11:43:00,IMBALANCE,"[78, 223]"
2019-06-28 11:43:00,HOLDINGS_UPDATED,"{'CASH': 21255328, 'JPM': -117}"
2019-06-28 11:44:00,BID_DEPTH,"[(100309, 104)]"
2019-06-28 11:44:00,ASK_DEPTH,"[(100418, 346)]"
2019-06-28 11:44:00,IMBALANCE,"[104, 346]"
2019-06-28 11:44:00,HOLDINGS_UPDATED,"{'CASH': 22158109, 'JPM': -126}"
2019-06-28 11:45:00,BID_DEPTH,"[(100017, 54)]"
2019-06-28 11:45:00,ASK_DEPTH,"[(100456, 199)]"
2019-06-28 11:45:00,IMBALANCE,"[54, 199]"
2019-06-28 11:45:00,HOLDINGS_UPDATED,"{'CASH': 23058262, 'JPM': -135}"
2019-06-28 11:46:00,BID_DEPTH,[]
2019-06-28 11:46:00,ASK_DEPTH,"[(100617, 100)]"
2019-06-28 11:46:00,IMBALANCE,"[0, 100]"
2019-06-28 11:47:00,BID_DEPTH,[]
2019-06-28 11:47:00,ASK_DEPTH,"[(100852, 100)]"
2019-06-28 11:47:00,IMBALANCE,"[0, 100]"
2019-06-28 11:48:00,BID_DEPTH,[]
2019-06-28 11:48:00,ASK_DEPTH,"[(100852, 100)]"
2019-06-28 11:48:00,IMBALANCE,"[0, 100]"
2019-06-28 11:49:00,BID_DEPTH,[]
2019-06-28 11:49:00,ASK_DEPTH,"[(100852, 100)]"
2019-06-28 11:49:00,IMBALANCE,"[0, 100]"
2019-06-28 11:50:00,BID_DEPTH,"[(100327, 201)]"
2019-06-28 11:50:00,ASK_DEPTH,"[(100340, 346)]"
2019-06-28 11:50:00,IMBALANCE,"[201, 346]"
2019-06-28 11:50:00,HOLDINGS_UPDATED,"{'CASH': 23961205, 'JPM': -144}"
2019-06-28 11:51:00,BID_DEPTH,"[(99754, 123)]"
2019-06-28 11:51:00,ASK_DEPTH,"[(99801, 268)]"
2019-06-28 11:51:00,IMBALANCE,"[123, 268]"
2019-06-28 11:51:00,HOLDINGS_UPDATED,"{'CASH': 24858991, 'JPM': -153}"
2019-06-28 11:52:00,BID_DEPTH,"[(99803, 123)]"
2019-06-28 11:52:00,ASK_DEPTH,"[(100124, 268)]"
2019-06-28 11:52:00,IMBALANCE,"[123, 268]"
2019-06-28 11:52:00,HOLDINGS_UPDATED,"{'CASH': 25757218, 'JPM': -162}"
2019-06-28 11:53:00,BID_DEPTH,[]
2019-06-28 11:53:00,ASK_DEPTH,"[(100124, 100)]"
2019-06-28 11:53:00,IMBALANCE,"[0, 100]"
2019-06-28 11:54:00,BID_DEPTH,[]
2019-06-28 11:54:00,ASK_DEPTH,"[(100124, 100)]"
2019-06-28 11:54:00,IMBALANCE,"[0, 100]"
2019-06-28 11:55:00,BID_DEPTH,"[(99803, 448)]"
2019-06-28 11:55:00,ASK_DEPTH,"[(100340, 593)]"
2019-06-28 11:55:00,IMBALANCE,"[448, 593]"
2019-06-28 11:55:00,HOLDINGS_UPDATED,"{'CASH': 26655445, 'JPM': -171}"
2019-06-28 11:56:00,BID_DEPTH,"[(99803, 593)]"
2019-06-28 11:56:00,ASK_DEPTH,"[(100397, 448)]"
2019-06-28 11:56:00,IMBALANCE,"[593, 448]"
2019-06-28 11:56:00,HOLDINGS_UPDATED,"{'CASH': 25751872, 'JPM': -162}"
2019-06-28 11:57:00,BID_DEPTH,"[(99803, 692)]"
2019-06-28 11:57:00,ASK_DEPTH,"[(101025, 448)]"
2019-06-28 11:57:00,IMBALANCE,"[692, 448]"
2019-06-28 11:57:00,HOLDINGS_UPDATED,"{'CASH': 24842647, 'JPM': -153}"
2019-06-28 11:58:00,BID_DEPTH,"[(101324, 494)]"
2019-06-28 11:58:00,ASK_DEPTH,"[(101597, 448)]"
2019-06-28 11:58:00,IMBALANCE,"[494, 448]"
2019-06-28 11:58:00,HOLDINGS_UPDATED,"{'CASH': 23928274, 'JPM': -144}"
2019-06-28 11:59:00,BID_DEPTH,"[(101680, 199)]"
2019-06-28 11:59:00,ASK_DEPTH,"[(101702, 54)]"
2019-06-28 11:59:00,IMBALANCE,"[199, 54]"
2019-06-28 11:59:00,HOLDINGS_UPDATED,"{'CASH': 23012956, 'JPM': -135}"
2019-06-28 12:00:00,BID_DEPTH,"[(101064, 346)]"
2019-06-28 12:00:00,ASK_DEPTH,"[(101702, 201)]"
2019-06-28 12:00:00,IMBALANCE,"[346, 201]"
2019-06-28 12:00:00,HOLDINGS_UPDATED,"{'CASH': 22097638, 'JPM': -126}"
2019-06-28 12:01:00,BID_DEPTH,"[(101064, 367)]"
2019-06-28 12:01:00,ASK_DEPTH,"[(101190, 123)]"
2019-06-28 12:01:00,IMBALANCE,"[367, 123]"
2019-06-28 12:01:00,HOLDINGS_UPDATED,"{'CASH': 21186928, 'JPM': -117}"
2019-06-28 12:02:00,BID_DEPTH,"[(101064, 297)]"
2019-06-28 12:02:00,ASK_DEPTH,"[(101324, 54)]"
2019-06-28 12:02:00,IMBALANCE,"[297, 54]"
2019-06-28 12:02:00,HOLDINGS_UPDATED,"{'CASH': 20275012, 'JPM': -108}"
2019-06-28 12:03:00,BID_DEPTH,"[(101002, 346)]"
2019-06-28 12:03:00,ASK_DEPTH,"[(101360, 301)]"
2019-06-28 12:03:00,IMBALANCE,"[346, 301]"
2019-06-28 12:03:00,HOLDINGS_UPDATED,"{'CASH': 19362772, 'JPM': -99}"
2019-06-28 12:04:00,BID_DEPTH,"[(100934, 268)]"
2019-06-28 12:04:00,ASK_DEPTH,"[(101002, 123)]"
2019-06-28 12:04:00,IMBALANCE,"[268, 123]"
2019-06-28 12:04:00,HOLDINGS_UPDATED,"{'CASH': 18453754, 'JPM': -90}"
2019-06-28 12:05:00,BID_DEPTH,"[(100638, 593)]"
2019-06-28 12:05:00,ASK_DEPTH,"[(101012, 448)]"
2019-06-28 12:05:00,IMBALANCE,"[593, 448]"
2019-06-28 12:05:00,HOLDINGS_UPDATED,"{'CASH': 17544646, 'JPM': -81}"
2019-06-28 12:06:00,BID_DEPTH,"[(100638, 199)]"
2019-06-28 12:06:00,ASK_DEPTH,"[(101910, 199)]"
2019-06-28 12:06:00,IMBALANCE,"[199, 199]"
2019-06-28 12:06:00,HOLDINGS_UPDATED,"{'CASH': 16627456, 'JPM': -72}"
2019-06-28 12:07:00,BID_DEPTH,"[(101208, 268)]"
2019-06-28 12:07:00,ASK_DEPTH,"[(101417, 123)]"
2019-06-28 12:07:00,IMBALANCE,"[268, 123]"
2019-06-28 12:07:00,HOLDINGS_UPDATED,"{'CASH': 15714703, 'JPM': -63}"
2019-06-28 12:08:00,BID_DEPTH,"[(101319, 199)]"
2019-06-28 12:08:00,ASK_DEPTH,"[(101806, 54)]"
2019-06-28 12:08:00,IMBALANCE,"[199, 54]"
2019-06-28 12:08:00,HOLDINGS_UPDATED,"{'CASH': 14798449, 'JPM': -54}"
2019-06-28 12:09:00,BID_DEPTH,"[(101319, 198)]"
2019-06-28 12:09:00,ASK_DEPTH,"[(101910, 145)]"
2019-06-28 12:09:00,IMBALANCE,"[198, 145]"
2019-06-28 12:09:00,HOLDINGS_UPDATED,"{'CASH': 13881259, 'JPM': -45}"
2019-06-28 12:10:00,BID_DEPTH,"[(101266, 268)]"
2019-06-28 12:10:00,ASK_DEPTH,"[(101910, 60)]"
2019-06-28 12:10:00,IMBALANCE,"[268, 60]"
2019-06-28 12:10:00,HOLDINGS_UPDATED,"{'CASH': 12964069, 'JPM': -36}"
2019-06-28 12:11:00,BID_DEPTH,"[(101385, 199)]"
2019-06-28 12:11:00,ASK_DEPTH,"[(101482, 54)]"
2019-06-28 12:11:00,IMBALANCE,"[199, 54]"
2019-06-28 12:11:00,HOLDINGS_UPDATED,"{'CASH': 12050731, 'JPM': -27}"
2019-06-28 12:12:00,BID_DEPTH,"[(101404, 346)]"
2019-06-28 12:12:00,ASK_DEPTH,"[(101471, 201)]"
2019-06-28 12:12:00,IMBALANCE,"[346, 201]"
2019-06-28 12:12:00,HOLDINGS_UPDATED,"{'CASH': 11137492, 'JPM': -18}"
2019-06-28 12:13:00,BID_DEPTH,"[(101266, 345)]"
2019-06-28 12:13:00,ASK_DEPTH,"[(101385, 201)]"
2019-06-28 12:13:00,IMBALANCE,"[345, 201]"
2019-06-28 12:13:00,HOLDINGS_UPDATED,"{'CASH': 10225027, 'JPM': -9}"
2019-06-28 12:14:00,BID_DEPTH,"[(101175, 593)]"
2019-06-28 12:14:00,ASK_DEPTH,"[(101548, 448)]"
2019-06-28 12:14:00,IMBALANCE,"[593, 448]"
2019-06-28 12:14:00,HOLDINGS_UPDATED,{'CASH': 9311095}
2019-06-28 12:15:00,BID_DEPTH,"[(101175, 346)]"
2019-06-28 12:15:00,ASK_DEPTH,"[(101910, 201)]"
2019-06-28 12:15:00,IMBALANCE,"[346, 201]"
2019-06-28 12:15:00,HOLDINGS_UPDATED,"{'CASH': 8393905, 'JPM': 9}"
2019-06-28 12:16:00,BID_DEPTH,"[(101175, 593)]"
2019-06-28 12:16:00,ASK_DEPTH,"[(101280, 448)]"
2019-06-28 12:16:00,IMBALANCE,"[593, 448]"
2019-06-28 12:16:00,HOLDINGS_UPDATED,"{'CASH': 7482385, 'JPM': 18}"
2019-06-28 12:17:00,BID_DEPTH,"[(101175, 346)]"
2019-06-28 12:17:00,ASK_DEPTH,"[(101280, 201)]"
2019-06-28 12:17:00,IMBALANCE,"[346, 201]"
2019-06-28 12:17:00,HOLDINGS_UPDATED,"{'CASH': 6570865, 'JPM': 27}"
2019-06-28 12:18:00,BID_DEPTH,"[(101056, 593)]"
2019-06-28 12:18:00,ASK_DEPTH,"[(101340, 448)]"
2019-06-28 12:18:00,IMBALANCE,"[593, 448]"
2019-06-28 12:18:00,HOLDINGS_UPDATED,"{'CASH': 5658805, 'JPM': 36}"
2019-06-28 12:19:00,BID_DEPTH,"[(101056, 199)]"
2019-06-28 12:19:00,ASK_DEPTH,"[(101340, 54)]"
2019-06-28 12:19:00,IMBALANCE,"[199, 54]"
2019-06-28 12:19:00,HOLDINGS_UPDATED,"{'CASH': 4746745, 'JPM': 45}"
2019-06-28 12:20:00,BID_DEPTH,"[(101056, 100)]"
2019-06-28 12:20:00,ASK_DEPTH,[]
2019-06-28 12:20:00,IMBALANCE,"[100, 0]"
2019-06-28 12:21:00,BID_DEPTH,"[(100818, 593)]"
2019-06-28 12:21:00,ASK_DEPTH,"[(101340, 448)]"
2019-06-28 12:21:00,IMBALANCE,"[593, 448]"
2019-06-28 12:21:00,HOLDINGS_UPDATED,"{'CASH': 3834685, 'JPM': 54}"
2019-06-28 12:22:00,BID_DEPTH,"[(100818, 199)]"
2019-06-28 12:22:00,ASK_DEPTH,"[(101340, 154)]"
2019-06-28 12:22:00,IMBALANCE,"[199, 154]"
2019-06-28 12:22:00,HOLDINGS_UPDATED,"{'CASH': 2922625, 'JPM': 63}"
2019-06-28 12:23:00,BID_DEPTH,"[(100805, 346)]"
2019-06-28 12:23:00,ASK_DEPTH,"[(101340, 247)]"
2019-06-28 12:23:00,IMBALANCE,"[346, 247]"
2019-06-28 12:23:00,HOLDINGS_UPDATED,"{'CASH': 2821285, 'JPM': 64}"
2019-06-28 12:23:00,HOLDINGS_UPDATED,"{'CASH': 2010565, 'JPM': 72}"
2019-06-28 12:24:00,BID_DEPTH,"[(100805, 199)]"
2019-06-28 12:24:00,ASK_DEPTH,"[(101340, 54)]"
2019-06-28 12:24:00,IMBALANCE,"[199, 54]"
2019-06-28 12:24:00,HOLDINGS_UPDATED,"{'CASH': 1098505, 'JPM': 81}"
2019-06-28 12:25:00,BID_DEPTH,"[(100613, 593)]"
2019-06-28 12:25:00,ASK_DEPTH,"[(101340, 448)]"
2019-06-28 12:25:00,IMBALANCE,"[593, 448]"
2019-06-28 12:25:00,HOLDINGS_UPDATED,"{'CASH': 186445, 'JPM': 90}"
2019-06-28 12:26:00,BID_DEPTH,"[(100411, 100)]"
2019-06-28 12:26:00,ASK_DEPTH,[]
2019-06-28 12:26:00,IMBALANCE,"[100, 0]"
2019-06-28 12:27:00,BID_DEPTH,"[(100411, 268)]"
2019-06-28 12:27:00,ASK_DEPTH,"[(100613, 123)]"
2019-06-28 12:27:00,IMBALANCE,"[268, 123]"
2019-06-28 12:27:00,HOLDINGS_UPDATED,"{'CASH': -719072, 'JPM': 99}"
2019-06-28 12:28:00,BID_DEPTH,"[(100184, 100)]"
2019-06-28 12:28:00,ASK_DEPTH,[]
2019-06-28 12:28:00,IMBALANCE,"[100, 0]"
2019-06-28 12:29:00,BID_DEPTH,"[(100184, 100)]"
2019-06-28 12:29:00,ASK_DEPTH,[]
2019-06-28 12:29:00,IMBALANCE,"[100, 0]"
2019-06-28 12:30:00,BID_DEPTH,"[(100122, 100)]"
2019-06-28 12:30:00,ASK_DEPTH,[]
2019-06-28 12:30:00,IMBALANCE,"[100, 0]"
2019-06-28 12:31:00,BID_DEPTH,"[(99900, 593)]"
2019-06-28 12:31:00,ASK_DEPTH,"[(100184, 448)]"
2019-06-28 12:31:00,IMBALANCE,"[593, 448]"
2019-06-28 12:31:00,HOLDINGS_UPDATED,"{'CASH': -1620728, 'JPM': 108}"
2019-06-28 12:32:00,BID_DEPTH,"[(99900, 100)]"
2019-06-28 12:32:00,ASK_DEPTH,[]
2019-06-28 12:32:00,IMBALANCE,"[100, 0]"
2019-06-28 12:33:00,BID_DEPTH,"[(99804, 100)]"
2019-06-28 12:33:00,ASK_DEPTH,[]
2019-06-28 12:33:00,IMBALANCE,"[100, 0]"
2019-06-28 12:34:00,BID_DEPTH,"[(99557, 100)]"
2019-06-28 12:34:00,ASK_DEPTH,[]
2019-06-28 12:34:00,IMBALANCE,"[100, 0]"
2019-06-28 12:35:00,BID_DEPTH,"[(99297, 100)]"
2019-06-28 12:35:00,ASK_DEPTH,[]
2019-06-28 12:35:00,IMBALANCE,"[100, 0]"
2019-06-28 12:36:00,BID_DEPTH,"[(99297, 100)]"
2019-06-28 12:36:00,ASK_DEPTH,[]
2019-06-28 12:36:00,IMBALANCE,"[100, 0]"
2019-06-28 12:37:00,BID_DEPTH,"[(99432, 346)]"
2019-06-28 12:37:00,ASK_DEPTH,"[(99613, 201)]"
2019-06-28 12:37:00,IMBALANCE,"[346, 201]"
2019-06-28 12:37:00,HOLDINGS_UPDATED,"{'CASH': -2517245, 'JPM': 117}"
2019-06-28 12:38:00,BID_DEPTH,"[(99432, 346)]"
2019-06-28 12:38:00,ASK_DEPTH,"[(99946, 201)]"
2019-06-28 12:38:00,IMBALANCE,"[346, 201]"
2019-06-28 12:38:00,HOLDINGS_UPDATED,"{'CASH': -3416759, 'JPM': 126}"
2019-06-28 12:39:00,BID_DEPTH,"[(99946, 323)]"
2019-06-28 12:39:00,ASK_DEPTH,"[(100247, 201)]"
2019-06-28 12:39:00,IMBALANCE,"[323, 201]"
2019-06-28 12:39:00,HOLDINGS_UPDATED,"{'CASH': -4318982, 'JPM': 135}"
2019-06-28 12:40:00,BID_DEPTH,"[(99946, 323)]"
2019-06-28 12:40:00,ASK_DEPTH,"[(100197, 201)]"
2019-06-28 12:40:00,IMBALANCE,"[323, 201]"
2019-06-28 12:40:00,HOLDINGS_UPDATED,"{'CASH': -5220755, 'JPM': 144}"
2019-06-28 12:41:00,BID_DEPTH,"[(99946, 176)]"
2019-06-28 12:41:00,ASK_DEPTH,"[(100172, 54)]"
2019-06-28 12:41:00,IMBALANCE,"[176, 54]"
2019-06-28 12:41:00,HOLDINGS_UPDATED,"{'CASH': -6122303, 'JPM': 153}"
2019-06-28 12:42:00,BID_DEPTH,"[(100158, 199)]"
2019-06-28 12:42:00,ASK_DEPTH,"[(100376, 54)]"
2019-06-28 12:42:00,IMBALANCE,"[199, 54]"
2019-06-28 12:42:00,HOLDINGS_UPDATED,"{'CASH': -7025687, 'JPM': 162}"
2019-06-28 12:43:00,BID_DEPTH,"[(100376, 404)]"
2019-06-28 12:43:00,ASK_DEPTH,"[(100444, 593)]"
2019-06-28 12:43:00,IMBALANCE,"[404, 593]"
2019-06-28 12:43:00,HOLDINGS_UPDATED,"{'CASH': -6122303, 'JPM': 153}"
2019-06-28 12:44:00,BID_DEPTH,"[(100415, 54)]"
2019-06-28 12:44:00,ASK_DEPTH,"[(100554, 199)]"
2019-06-28 12:44:00,IMBALANCE,"[54, 199]"
2019-06-28 12:44:00,HOLDINGS_UPDATED,"{'CASH': -5218568, 'JPM': 144}"
2019-06-28 12:45:00,BID_DEPTH,"[(100554, 100)]"
2019-06-28 12:45:00,ASK_DEPTH,[]
2019-06-28 12:45:00,IMBALANCE,"[100, 0]"
2019-06-28 12:46:00,BID_DEPTH,"[(101215, 100)]"
2019-06-28 12:46:00,ASK_DEPTH,[]
2019-06-28 12:46:00,IMBALANCE,"[100, 0]"
2019-06-28 12:47:00,BID_DEPTH,"[(101627, 100)]"
2019-06-28 12:47:00,ASK_DEPTH,[]
2019-06-28 12:47:00,IMBALANCE,"[100, 0]"
2019-06-28 12:48:00,BID_DEPTH,"[(101627, 100)]"
2019-06-28 12:48:00,ASK_DEPTH,[]
2019-06-28 12:48:00,IMBALANCE,"[100, 0]"
2019-06-28 12:49:00,BID_DEPTH,"[(101379, 100)]"
2019-06-28 12:49:00,ASK_DEPTH,[]
2019-06-28 12:49:00,IMBALANCE,"[100, 0]"
2019-06-28 12:50:00,BID_DEPTH,"[(101364, 123)]"
2019-06-28 12:50:00,ASK_DEPTH,"[(101596, 368)]"
2019-06-28 12:50:00,IMBALANCE,"[123, 368]"
2019-06-28 12:50:00,HOLDINGS_UPDATED,"{'CASH': -4306292, 'JPM': 135}"
2019-06-28 12:51:00,BID_DEPTH,"[(101333, 54)]"
2019-06-28 12:51:00,ASK_DEPTH,"[(101364, 186)]"
2019-06-28 12:51:00,IMBALANCE,"[54, 186]"
2019-06-28 12:51:00,HOLDINGS_UPDATED,"{'CASH': -3394295, 'JPM': 126}"
2019-06-28 12:52:00,BID_DEPTH,"[(100554, 648)]"
2019-06-28 12:52:00,ASK_DEPTH,"[(101364, 580)]"
2019-06-28 12:52:00,IMBALANCE,"[648, 580]"
2019-06-28 12:52:00,HOLDINGS_UPDATED,"{'CASH': -2489309, 'JPM': 117}"
2019-06-28 12:53:00,BID_DEPTH,"[(100329, 448)]"
2019-06-28 12:53:00,ASK_DEPTH,"[(100554, 593)]"
2019-06-28 12:53:00,IMBALANCE,"[448, 593]"
2019-06-28 12:53:00,HOLDINGS_UPDATED,"{'CASH': -1586348, 'JPM': 108}"
2019-06-28 12:54:00,BID_DEPTH,"[(100064, 448)]"
2019-06-28 12:54:00,ASK_DEPTH,"[(100158, 494)]"
2019-06-28 12:54:00,IMBALANCE,"[448, 494]"
2019-06-28 12:54:00,HOLDINGS_UPDATED,"{'CASH': -685772, 'JPM': 99}"
2019-06-28 12:55:00,BID_DEPTH,"[(99946, 31)]"
2019-06-28 12:55:00,ASK_DEPTH,"[(100158, 100)]"
2019-06-28 12:55:00,IMBALANCE,"[31, 100]"
2019-06-28 12:55:00,HOLDINGS_UPDATED,"{'CASH': 213742, 'JPM': 90}"
2019-06-28 12:56:00,BID_DEPTH,"[(99424, 201)]"
2019-06-28 12:56:00,ASK_DEPTH,"[(99945, 446)]"
2019-06-28 12:56:00,IMBALANCE,"[201, 446]"
2019-06-28 12:56:00,HOLDINGS_UPDATED,"{'CASH': 1108558, 'JPM': 81}"
2019-06-28 12:57:00,BID_DEPTH,"[(99326, 54)]"
2019-06-28 12:57:00,ASK_DEPTH,"[(99945, 298)]"
2019-06-28 12:57:00,IMBALANCE,"[54, 298]"
2019-06-28 12:57:00,HOLDINGS_UPDATED,"{'CASH': 2002492, 'JPM': 72}"
2019-06-28 12:58:00,BID_DEPTH,"[(99131, 78)]"
2019-06-28 12:58:00,ASK_DEPTH,"[(99945, 321)]"
2019-06-28 12:58:00,IMBALANCE,"[78, 321]"
2019-06-28 12:58:00,HOLDINGS_UPDATED,"{'CASH': 2894671, 'JPM': 63}"
2019-06-28 12:59:00,BID_DEPTH,"[(99094, 123)]"
2019-06-28 12:59:00,ASK_DEPTH,"[(99945, 365)]"
2019-06-28 12:59:00,IMBALANCE,"[123, 365]"
2019-06-28 12:59:00,HOLDINGS_UPDATED,"{'CASH': 3786517, 'JPM': 54}"
2019-06-28 13:00:00,BID_DEPTH,"[(99047, 548)]"
2019-06-28 13:00:00,ASK_DEPTH,"[(99945, 689)]"
2019-06-28 13:00:00,IMBALANCE,"[548, 689]"
2019-06-28 13:00:00,HOLDINGS_UPDATED,"{'CASH': 4677940, 'JPM': 45}"
2019-06-28 13:01:00,BID_DEPTH,"[(98898, 54)]"
2019-06-28 13:01:00,ASK_DEPTH,"[(99945, 394)]"
2019-06-28 13:01:00,IMBALANCE,"[54, 394]"
2019-06-28 13:01:00,HOLDINGS_UPDATED,"{'CASH': 5568022, 'JPM': 36}"
2019-06-28 13:02:00,BID_DEPTH,"[(98429, 78)]"
2019-06-28 13:02:00,ASK_DEPTH,"[(99945, 617)]"
2019-06-28 13:02:00,IMBALANCE,"[78, 617]"
2019-06-28 13:02:00,HOLDINGS_UPDATED,"{'CASH': 6453883, 'JPM': 27}"
2019-06-28 13:03:00,BID_DEPTH,"[(98217, 54)]"
2019-06-28 13:03:00,ASK_DEPTH,"[(99945, 692)]"
2019-06-28 13:03:00,IMBALANCE,"[54, 692]"
2019-06-28 13:03:00,HOLDINGS_UPDATED,"{'CASH': 7337836, 'JPM': 18}"
2019-06-28 13:04:00,BID_DEPTH,"[(97995, 78)]"
2019-06-28 13:04:00,ASK_DEPTH,"[(99944, 223)]"
2019-06-28 13:04:00,IMBALANCE,"[78, 223]"
2019-06-28 13:04:00,HOLDINGS_UPDATED,"{'CASH': 8219791, 'JPM': 9}"
2019-06-28 13:05:00,BID_DEPTH,"[(98005, 54)]"
2019-06-28 13:05:00,ASK_DEPTH,"[(99944, 198)]"
2019-06-28 13:05:00,IMBALANCE,"[54, 198]"
2019-06-28 13:05:00,HOLDINGS_UPDATED,{'CASH': 9101836}
2019-06-28 13:06:00,BID_DEPTH,"[(98007, 78)]"
2019-06-28 13:06:00,ASK_DEPTH,"[(98017, 223)]"
2019-06-28 13:06:00,IMBALANCE,"[78, 223]"
2019-06-28 13:06:00,HOLDINGS_UPDATED,"{'CASH': 9983899, 'JPM': -9}"
2019-06-28 13:07:00,BID_DEPTH,"[(98017, 154)]"
2019-06-28 13:07:00,ASK_DEPTH,"[(98296, 199)]"
2019-06-28 13:07:00,IMBALANCE,"[154, 199]"
2019-06-28 13:07:00,HOLDINGS_UPDATED,"{'CASH': 10866052, 'JPM': -18}"
2019-06-28 13:08:00,BID_DEPTH,"[(98017, 69)]"
2019-06-28 13:08:00,ASK_DEPTH,"[(98968, 268)]"
2019-06-28 13:08:00,IMBALANCE,"[69, 268]"
2019-06-28 13:08:00,HOLDINGS_UPDATED,"{'CASH': 11748205, 'JPM': -27}"
2019-06-28 13:09:00,BID_DEPTH,"[(99454, 78)]"
2019-06-28 13:09:00,ASK_DEPTH,"[(99479, 223)]"
2019-06-28 13:09:00,IMBALANCE,"[78, 223]"
2019-06-28 13:09:00,HOLDINGS_UPDATED,"{'CASH': 12643291, 'JPM': -36}"
2019-06-28 13:10:00,BID_DEPTH,"[(99454, 178)]"
2019-06-28 13:10:00,ASK_DEPTH,"[(99479, 222)]"
2019-06-28 13:10:00,IMBALANCE,"[178, 222]"
2019-06-28 13:10:00,HOLDINGS_UPDATED,"{'CASH': 13538377, 'JPM': -45}"
2019-06-28 13:11:00,BID_DEPTH,"[(99252, 201)]"
2019-06-28 13:11:00,ASK_DEPTH,"[(99458, 346)]"
2019-06-28 13:11:00,IMBALANCE,"[201, 346]"
2019-06-28 13:11:00,HOLDINGS_UPDATED,"{'CASH': 14431645, 'JPM': -54}"
2019-06-28 13:12:00,BID_DEPTH,"[(99075, 123)]"
2019-06-28 13:12:00,ASK_DEPTH,"[(99458, 367)]"
2019-06-28 13:12:00,IMBALANCE,"[123, 367]"
2019-06-28 13:12:00,HOLDINGS_UPDATED,"{'CASH': 15323320, 'JPM': -63}"
2019-06-28 13:13:00,BID_DEPTH,"[(99043, 448)]"
2019-06-28 13:13:00,ASK_DEPTH,"[(99285, 593)]"
2019-06-28 13:13:00,IMBALANCE,"[448, 593]"
2019-06-28 13:13:00,HOLDINGS_UPDATED,"{'CASH': 16214707, 'JPM': -72}"
2019-06-28 13:14:00,BID_DEPTH,"[(99043, 78)]"
2019-06-28 13:14:00,ASK_DEPTH,"[(99204, 223)]"
2019-06-28 13:14:00,IMBALANCE,"[78, 223]"
2019-06-28 13:14:00,HOLDINGS_UPDATED,"{'CASH': 17106094, 'JPM': -81}"
2019-06-28 13:15:00,BID_DEPTH,"[(99043, 201)]"
2019-06-28 13:15:00,ASK_DEPTH,"[(99285, 345)]"
2019-06-28 13:15:00,IMBALANCE,"[201, 345]"
2019-06-28 13:15:00,HOLDINGS_UPDATED,"{'CASH': 17997481, 'JPM': -90}"
2019-06-28 13:16:00,BID_DEPTH,"[(99328, 123)]"
2019-06-28 13:16:00,ASK_DEPTH,"[(99337, 268)]"
2019-06-28 13:16:00,IMBALANCE,"[123, 268]"
2019-06-28 13:16:00,HOLDINGS_UPDATED,"{'CASH': 18891433, 'JPM': -99}"
2019-06-28 13:17:00,BID_DEPTH,"[(99280, 123)]"
2019-06-28 13:17:00,ASK_DEPTH,"[(99337, 267)]"
2019-06-28 13:17:00,IMBALANCE,"[123, 267]"
2019-06-28 13:17:00,HOLDINGS_UPDATED,"{'CASH': 19784953, 'JPM': -108}"
2019-06-28 13:18:00,BID_DEPTH,"[(98760, 78)]"
2019-06-28 13:18:00,ASK_DEPTH,"[(99458, 223)]"
2019-06-28 13:18:00,IMBALANCE,"[78, 223]"
2019-06-28 13:18:00,HOLDINGS_UPDATED,"{'CASH': 20673793, 'JPM': -117}"
2019-06-28 13:19:00,BID_DEPTH,"[(99458, 178)]"
2019-06-28 13:19:00,ASK_DEPTH,"[(99487, 223)]"
2019-06-28 13:19:00,IMBALANCE,"[178, 223]"
2019-06-28 13:19:00,HOLDINGS_UPDATED,"{'CASH': 21568915, 'JPM': -126}"
2019-06-28 13:20:00,BID_DEPTH,"[(99458, 147)]"
2019-06-28 13:20:00,ASK_DEPTH,"[(99487, 345)]"
2019-06-28 13:20:00,IMBALANCE,"[147, 345]"
2019-06-28 13:20:00,HOLDINGS_UPDATED,"{'CASH': 22464037, 'JPM': -135}"
2019-06-28 13:21:00,BID_DEPTH,"[(99438, 123)]"
2019-06-28 13:21:00,ASK_DEPTH,"[(99487, 366)]"
2019-06-28 13:21:00,IMBALANCE,"[123, 366]"
2019-06-28 13:21:00,HOLDINGS_UPDATED,"{'CASH': 23358979, 'JPM': -144}"
2019-06-28 13:22:00,BID_DEPTH,"[(99074, 201)]"
2019-06-28 13:22:00,ASK_DEPTH,"[(99137, 346)]"
2019-06-28 13:22:00,IMBALANCE,"[201, 346]"
2019-06-28 13:22:00,HOLDINGS_UPDATED,"{'CASH': 24250645, 'JPM': -153}"
2019-06-28 13:23:00,BID_DEPTH,"[(98883, 54)]"
2019-06-28 13:23:00,ASK_DEPTH,"[(99137, 298)]"
2019-06-28 13:23:00,IMBALANCE,"[54, 298]"
2019-06-28 13:23:00,HOLDINGS_UPDATED,"{'CASH': 25140592, 'JPM': -162}"
2019-06-28 13:24:00,BID_DEPTH,"[(98883, 54)]"
2019-06-28 13:24:00,ASK_DEPTH,"[(99137, 297)]"
2019-06-28 13:24:00,IMBALANCE,"[54, 297]"
2019-06-28 13:24:00,HOLDINGS_UPDATED,"{'CASH': 26030539, 'JPM': -171}"
2019-06-28 13:25:00,BID_DEPTH,"[(98700, 78)]"
2019-06-28 13:25:00,ASK_DEPTH,"[(99136, 223)]"
2019-06-28 13:25:00,IMBALANCE,"[78, 223]"
2019-06-28 13:25:00,HOLDINGS_UPDATED,"{'CASH': 26918839, 'JPM': -180}"
2019-06-28 13:26:00,BID_DEPTH,"[(99136, 201)]"
2019-06-28 13:26:00,ASK_DEPTH,"[(99137, 343)]"
2019-06-28 13:26:00,IMBALANCE,"[201, 343]"
2019-06-28 13:26:00,HOLDINGS_UPDATED,"{'CASH': 27811063, 'JPM': -189}"
2019-06-28 13:27:00,BID_DEPTH,"[(99004, 448)]"
2019-06-28 13:27:00,ASK_DEPTH,"[(99470, 593)]"
2019-06-28 13:27:00,IMBALANCE,"[448, 593]"
2019-06-28 13:27:00,HOLDINGS_UPDATED,"{'CASH': 28702099, 'JPM': -198}"
2019-06-28 13:28:00,BID_DEPTH,"[(99470, 54)]"
2019-06-28 13:28:00,ASK_DEPTH,"[(99487, 496)]"
2019-06-28 13:28:00,IMBALANCE,"[54, 496]"
2019-06-28 13:28:00,HOLDINGS_UPDATED,"{'CASH': 29597329, 'JPM': -207}"
2019-06-28 13:29:00,BID_DEPTH,"[(97995, 448)]"
2019-06-28 13:29:00,ASK_DEPTH,"[(99487, 789)]"
2019-06-28 13:29:00,IMBALANCE,"[448, 789]"
2019-06-28 13:29:00,HOLDINGS_UPDATED,"{'CASH': 30479284, 'JPM': -216}"
2019-06-28 13:30:00,BID_DEPTH,"[(97812, 78)]"
2019-06-28 13:30:00,ASK_DEPTH,"[(99487, 318)]"
2019-06-28 13:30:00,IMBALANCE,"[78, 318]"
2019-06-28 13:30:00,HOLDINGS_UPDATED,"{'CASH': 31359592, 'JPM': -225}"
2019-06-28 13:31:00,BID_DEPTH,"[(97578, 123)]"
2019-06-28 13:31:00,ASK_DEPTH,"[(99540, 268)]"
2019-06-28 13:31:00,IMBALANCE,"[123, 268]"
2019-06-28 13:31:00,HOLDINGS_UPDATED,"{'CASH': 32237794, 'JPM': -234}"
2019-06-28 13:32:00,BID_DEPTH,"[(99541, 54)]"
2019-06-28 13:32:00,ASK_DEPTH,"[(99640, 199)]"
2019-06-28 13:32:00,IMBALANCE,"[54, 199]"
2019-06-28 13:32:00,HOLDINGS_UPDATED,"{'CASH': 33133663, 'JPM': -243}"
2019-06-28 13:33:00,BID_DEPTH,"[(99541, 54)]"
2019-06-28 13:33:00,ASK_DEPTH,"[(99702, 199)]"
2019-06-28 13:33:00,IMBALANCE,"[54, 199]"
2019-06-28 13:33:00,HOLDINGS_UPDATED,"{'CASH': 34029532, 'JPM': -252}"
2019-06-28 13:34:00,BID_DEPTH,"[(99540, 448)]"
2019-06-28 13:34:00,ASK_DEPTH,"[(99632, 593)]"
2019-06-28 13:34:00,IMBALANCE,"[448, 593]"
2019-06-28 13:34:00,HOLDINGS_UPDATED,"{'CASH': 34925392, 'JPM': -261}"
2019-06-28 13:35:00,BID_DEPTH,"[(99220, 448)]"
2019-06-28 13:35:00,ASK_DEPTH,"[(99430, 593)]"
2019-06-28 13:35:00,IMBALANCE,"[448, 593]"
2019-06-28 13:35:00,HOLDINGS_UPDATED,"{'CASH': 35818372, 'JPM': -270}"
2019-06-28 13:36:00,BID_DEPTH,"[(99006, 78)]"
2019-06-28 13:36:00,ASK_DEPTH,"[(99632, 422)]"
2019-06-28 13:36:00,IMBALANCE,"[78, 422]"
2019-06-28 13:36:00,HOLDINGS_UPDATED,"{'CASH': 36709426, 'JPM': -279}"
2019-06-28 13:37:00,BID_DEPTH,"[(99006, 123)]"
2019-06-28 13:37:00,ASK_DEPTH,"[(99702, 367)]"
2019-06-28 13:37:00,IMBALANCE,"[123, 367]"
2019-06-28 13:37:00,HOLDINGS_UPDATED,"{'CASH': 37600480, 'JPM': -288}"
2019-06-28 13:38:00,BID_DEPTH,"[(99702, 25)]"
2019-06-28 13:38:00,ASK_DEPTH,"[(99772, 268)]"
2019-06-28 13:38:00,IMBALANCE,"[25, 268]"
2019-06-28 13:38:00,HOLDINGS_UPDATED,"{'CASH': 38497798, 'JPM': -297}"
2019-06-28 13:39:00,BID_DEPTH,[]
2019-06-28 13:39:00,ASK_DEPTH,"[(99772, 99)]"
2019-06-28 13:39:00,IMBALANCE,"[0, 99]"
2019-06-28 13:40:00,BID_DEPTH,"[(100067, 102)]"
2019-06-28 13:40:00,ASK_DEPTH,"[(100091, 346)]"
2019-06-28 13:40:00,IMBALANCE,"[102, 346]"
2019-06-28 13:40:00,HOLDINGS_UPDATED,"{'CASH': 39398401, 'JPM': -306}"
2019-06-28 13:41:00,BID_DEPTH,"[(100091, 123)]"
2019-06-28 13:41:00,ASK_DEPTH,"[(100175, 268)]"
2019-06-28 13:41:00,IMBALANCE,"[123, 268]"
2019-06-28 13:41:00,HOLDINGS_UPDATED,"{'CASH': 40299220, 'JPM': -315}"
2019-06-28 13:42:00,BID_DEPTH,"[(100175, 201)]"
2019-06-28 13:42:00,ASK_DEPTH,"[(100429, 346)]"
2019-06-28 13:42:00,IMBALANCE,"[201, 346]"
2019-06-28 13:42:00,HOLDINGS_UPDATED,"{'CASH': 41200795, 'JPM': -324}"
2019-06-28 13:43:00,BID_DEPTH,"[(100579, 199)]"
2019-06-28 13:43:00,ASK_DEPTH,"[(100951, 54)]"
2019-06-28 13:43:00,IMBALANCE,"[199, 54]"
2019-06-28 13:43:00,HOLDINGS_UPDATED,"{'CASH': 40292236, 'JPM': -315}"
2019-06-28 13:44:00,BID_DEPTH,"[(100929, 593)]"
2019-06-28 13:44:00,ASK_DEPTH,"[(101231, 448)]"
2019-06-28 13:44:00,IMBALANCE,"[593, 448]"
2019-06-28 13:44:00,HOLDINGS_UPDATED,"{'CASH': 39381157, 'JPM': -306}"
2019-06-28 13:45:00,BID_DEPTH,"[(100618, 346)]"
2019-06-28 13:45:00,ASK_DEPTH,"[(100929, 201)]"
2019-06-28 13:45:00,IMBALANCE,"[346, 201]"
2019-06-28 13:45:00,HOLDINGS_UPDATED,"{'CASH': 38472796, 'JPM': -297}"
2019-06-28 13:46:00,BID_DEPTH,"[(100579, 267)]"
2019-06-28 13:46:00,ASK_DEPTH,"[(100929, 223)]"
2019-06-28 13:46:00,IMBALANCE,"[267, 223]"
2019-06-28 13:46:00,HOLDINGS_UPDATED,"{'CASH': 37564435, 'JPM': -288}"
2019-06-28 13:47:00,BID_DEPTH,"[(100205, 199)]"
2019-06-28 13:47:00,ASK_DEPTH,"[(100929, 100)]"
2019-06-28 13:47:00,IMBALANCE,"[199, 100]"
2019-06-28 13:47:00,HOLDINGS_UPDATED,"{'CASH': 37463506, 'JPM': -287}"
2019-06-28 13:47:00,HOLDINGS_UPDATED,"{'CASH': 36656074, 'JPM': -279}"
2019-06-28 13:48:00,BID_DEPTH,"[(100132, 593)]"
2019-06-28 13:48:00,ASK_DEPTH,"[(100205, 448)]"
2019-06-28 13:48:00,IMBALANCE,"[593, 448]"
2019-06-28 13:48:00,HOLDINGS_UPDATED,"{'CASH': 35754229, 'JPM': -270}"
2019-06-28 13:49:00,BID_DEPTH,"[(99982, 199)]"
2019-06-28 13:49:00,ASK_DEPTH,"[(101554, 54)]"
2019-06-28 13:49:00,IMBALANCE,"[199, 54]"
2019-06-28 13:49:00,HOLDINGS_UPDATED,"{'CASH': 34840243, 'JPM': -261}"
2019-06-28 13:50:00,BID_DEPTH,"[(99772, 124)]"
2019-06-28 13:50:00,ASK_DEPTH,"[(99982, 178)]"
2019-06-28 13:50:00,IMBALANCE,"[124, 178]"
2019-06-28 13:50:00,HOLDINGS_UPDATED,"{'CASH': 33940405, 'JPM': -252}"
2019-06-28 13:51:00,BID_DEPTH,"[(99284, 346)]"
2019-06-28 13:51:00,ASK_DEPTH,"[(99982, 147)]"
2019-06-28 13:51:00,IMBALANCE,"[346, 147]"
2019-06-28 13:51:00,HOLDINGS_UPDATED,"{'CASH': 33040567, 'JPM': -243}"
2019-06-28 13:52:00,BID_DEPTH,"[(99521, 199)]"
2019-06-28 13:52:00,ASK_DEPTH,"[(99579, 54)]"
2019-06-28 13:52:00,IMBALANCE,"[199, 54]"
2019-06-28 13:52:00,HOLDINGS_UPDATED,"{'CASH': 32144356, 'JPM': -234}"
2019-06-28 13:53:00,BID_DEPTH,"[(99284, 322)]"
2019-06-28 13:53:00,ASK_DEPTH,"[(99408, 78)]"
2019-06-28 13:53:00,IMBALANCE,"[322, 78]"
2019-06-28 13:53:00,HOLDINGS_UPDATED,"{'CASH': 31249684, 'JPM': -225}"
2019-06-28 13:54:00,BID_DEPTH,"[(99297, 268)]"
2019-06-28 13:54:00,ASK_DEPTH,"[(99326, 123)]"
2019-06-28 13:54:00,IMBALANCE,"[268, 123]"
2019-06-28 13:54:00,HOLDINGS_UPDATED,"{'CASH': 30355750, 'JPM': -216}"
2019-06-28 13:55:00,BID_DEPTH,"[(99297, 223)]"
2019-06-28 13:55:00,ASK_DEPTH,"[(99521, 78)]"
2019-06-28 13:55:00,IMBALANCE,"[223, 78]"
2019-06-28 13:55:00,HOLDINGS_UPDATED,"{'CASH': 29460061, 'JPM': -207}"
2019-06-28 13:56:00,BID_DEPTH,"[(99289, 346)]"
2019-06-28 13:56:00,ASK_DEPTH,"[(99521, 201)]"
2019-06-28 13:56:00,IMBALANCE,"[346, 201]"
2019-06-28 13:56:00,HOLDINGS_UPDATED,"{'CASH': 28564372, 'JPM': -198}"
2019-06-28 13:57:00,BID_DEPTH,"[(99289, 268)]"
2019-06-28 13:57:00,ASK_DEPTH,"[(99651, 123)]"
2019-06-28 13:57:00,IMBALANCE,"[268, 123]"
2019-06-28 13:57:00,HOLDINGS_UPDATED,"{'CASH': 27667513, 'JPM': -189}"
2019-06-28 13:58:00,BID_DEPTH,"[(99284, 345)]"
2019-06-28 13:58:00,ASK_DEPTH,"[(99683, 201)]"
2019-06-28 13:58:00,IMBALANCE,"[345, 201]"
2019-06-28 13:58:00,HOLDINGS_UPDATED,"{'CASH': 26770366, 'JPM': -180}"
2019-06-28 13:59:00,BID_DEPTH,"[(99284, 592)]"
2019-06-28 13:59:00,ASK_DEPTH,"[(99385, 448)]"
2019-06-28 13:59:00,IMBALANCE,"[592, 448]"
2019-06-28 13:59:00,HOLDINGS_UPDATED,"{'CASH': 25875901, 'JPM': -171}"
2019-06-28 14:00:00,BID_DEPTH,"[(99284, 446)]"
2019-06-28 14:00:00,ASK_DEPTH,"[(99531, 201)]"
2019-06-28 14:00:00,IMBALANCE,"[446, 201]"
2019-06-28 14:00:00,HOLDINGS_UPDATED,"{'CASH': 24980122, 'JPM': -162}"
2019-06-28 14:01:00,BID_DEPTH,"[(99284, 323)]"
2019-06-28 14:01:00,ASK_DEPTH,"[(99683, 78)]"
2019-06-28 14:01:00,IMBALANCE,"[323, 78]"
2019-06-28 14:01:00,HOLDINGS_UPDATED,"{'CASH': 24082975, 'JPM': -153}"
2019-06-28 14:02:00,BID_DEPTH,"[(99265, 346)]"
2019-06-28 14:02:00,ASK_DEPTH,"[(99683, 201)]"
2019-06-28 14:02:00,IMBALANCE,"[346, 201]"
2019-06-28 14:02:00,HOLDINGS_UPDATED,"{'CASH': 23185828, 'JPM': -144}"
2019-06-28 14:03:00,BID_DEPTH,"[(99496, 593)]"
2019-06-28 14:03:00,ASK_DEPTH,"[(99753, 448)]"
2019-06-28 14:03:00,IMBALANCE,"[593, 448]"
2019-06-28 14:03:00,HOLDINGS_UPDATED,"{'CASH': 22288051, 'JPM': -135}"
2019-06-28 14:04:00,BID_DEPTH,"[(99496, 346)]"
2019-06-28 14:04:00,ASK_DEPTH,"[(99982, 301)]"
2019-06-28 14:04:00,IMBALANCE,"[346, 301]"
2019-06-28 14:04:00,HOLDINGS_UPDATED,"{'CASH': 21388213, 'JPM': -126}"
2019-06-28 14:05:00,BID_DEPTH,"[(99704, 268)]"
2019-06-28 14:05:00,ASK_DEPTH,"[(99982, 68)]"
2019-06-28 14:05:00,IMBALANCE,"[268, 68]"
2019-06-28 14:05:00,HOLDINGS_UPDATED,"{'CASH': 20488375, 'JPM': -117}"
2019-06-28 14:06:00,BID_DEPTH,"[(99363, 223)]"
2019-06-28 14:06:00,ASK_DEPTH,"[(99982, 78)]"
2019-06-28 14:06:00,IMBALANCE,"[223, 78]"
2019-06-28 14:06:00,HOLDINGS_UPDATED,"{'CASH': 19588537, 'JPM': -108}"
2019-06-28 14:07:00,BID_DEPTH,"[(99218, 268)]"
2019-06-28 14:07:00,ASK_DEPTH,"[(99410, 123)]"
2019-06-28 14:07:00,IMBALANCE,"[268, 123]"
2019-06-28 14:07:00,HOLDINGS_UPDATED,"{'CASH': 18693847, 'JPM': -99}"
2019-06-28 14:08:00,BID_DEPTH,"[(99324, 78)]"
2019-06-28 14:08:00,ASK_DEPTH,"[(99410, 223)]"
2019-06-28 14:08:00,IMBALANCE,"[78, 223]"
2019-06-28 14:08:00,HOLDINGS_UPDATED,"{'CASH': 19587763, 'JPM': -108}"
2019-06-28 14:09:00,BID_DEPTH,"[(99215, 448)]"
2019-06-28 14:09:00,ASK_DEPTH,"[(99410, 792)]"
2019-06-28 14:09:00,IMBALANCE,"[448, 792]"
2019-06-28 14:09:00,HOLDINGS_UPDATED,"{'CASH': 20480698, 'JPM': -117}"
2019-06-28 14:10:00,BID_DEPTH,"[(99154, 78)]"
2019-06-28 14:10:00,ASK_DEPTH,"[(99409, 223)]"
2019-06-28 14:10:00,IMBALANCE,"[78, 223]"
2019-06-28 14:10:00,HOLDINGS_UPDATED,"{'CASH': 21373084, 'JPM': -126}"
2019-06-28 14:11:00,BID_DEPTH,"[(99154, 54)]"
2019-06-28 14:11:00,ASK_DEPTH,"[(99409, 198)]"
2019-06-28 14:11:00,IMBALANCE,"[54, 198]"
2019-06-28 14:11:00,HOLDINGS_UPDATED,"{'CASH': 22265470, 'JPM': -135}"
2019-06-28 14:12:00,BID_DEPTH,"[(99298, 78)]"
2019-06-28 14:12:00,ASK_DEPTH,"[(99409, 221)]"
2019-06-28 14:12:00,IMBALANCE,"[78, 221]"
2019-06-28 14:12:00,HOLDINGS_UPDATED,"{'CASH': 23159152, 'JPM': -144}"
2019-06-28 14:13:00,BID_DEPTH,"[(99367, 201)]"
2019-06-28 14:13:00,ASK_DEPTH,"[(99409, 443)]"
2019-06-28 14:13:00,IMBALANCE,"[201, 443]"
2019-06-28 14:13:00,HOLDINGS_UPDATED,"{'CASH': 24053455, 'JPM': -153}"
2019-06-28 14:14:00,BID_DEPTH,"[(99119, 448)]"
2019-06-28 14:14:00,ASK_DEPTH,"[(99409, 589)]"
2019-06-28 14:14:00,IMBALANCE,"[448, 589]"
2019-06-28 14:14:00,HOLDINGS_UPDATED,"{'CASH': 24945526, 'JPM': -162}"
2019-06-28 14:15:00,BID_DEPTH,"[(99027, 78)]"
2019-06-28 14:15:00,ASK_DEPTH,"[(99409, 318)]"
2019-06-28 14:15:00,IMBALANCE,"[78, 318]"
2019-06-28 14:15:00,HOLDINGS_UPDATED,"{'CASH': 25836769, 'JPM': -171}"
2019-06-28 14:16:00,BID_DEPTH,"[(98801, 78)]"
2019-06-28 14:16:00,ASK_DEPTH,"[(98903, 323)]"
2019-06-28 14:16:00,IMBALANCE,"[78, 323]"
2019-06-28 14:16:00,HOLDINGS_UPDATED,"{'CASH': 26725978, 'JPM': -180}"
2019-06-28 14:17:00,BID_DEPTH,"[(98331, 201)]"
2019-06-28 14:17:00,ASK_DEPTH,"[(98903, 445)]"
2019-06-28 14:17:00,IMBALANCE,"[201, 445]"
2019-06-28 14:17:00,HOLDINGS_UPDATED,"{'CASH': 27610957, 'JPM': -189}"
2019-06-28 14:18:00,BID_DEPTH,"[(98411, 448)]"
2019-06-28 14:18:00,ASK_DEPTH,"[(98640, 593)]"
2019-06-28 14:18:00,IMBALANCE,"[448, 593]"
2019-06-28 14:18:00,HOLDINGS_UPDATED,"{'CASH': 28496656, 'JPM': -198}"
2019-06-28 14:19:00,BID_DEPTH,"[(98226, 201)]"
2019-06-28 14:19:00,ASK_DEPTH,"[(98640, 445)]"
2019-06-28 14:19:00,IMBALANCE,"[201, 445]"
2019-06-28 14:19:00,HOLDINGS_UPDATED,"{'CASH': 29380690, 'JPM': -207}"
2019-06-28 14:20:00,BID_DEPTH,"[(98226, 448)]"
2019-06-28 14:20:00,ASK_DEPTH,"[(98638, 593)]"
2019-06-28 14:20:00,IMBALANCE,"[448, 593]"
2019-06-28 14:20:00,HOLDINGS_UPDATED,"{'CASH': 30264724, 'JPM': -216}"
2019-06-28 14:21:00,BID_DEPTH,"[(98226, 201)]"
2019-06-28 14:21:00,ASK_DEPTH,"[(98903, 444)]"
2019-06-28 14:21:00,IMBALANCE,"[201, 444]"
2019-06-28 14:21:00,HOLDINGS_UPDATED,"{'CASH': 31148758, 'JPM': -225}"
2019-06-28 14:22:00,BID_DEPTH,"[(98280, 123)]"
2019-06-28 14:22:00,ASK_DEPTH,"[(98903, 265)]"
2019-06-28 14:22:00,IMBALANCE,"[123, 265]"
2019-06-28 14:22:00,HOLDINGS_UPDATED,"{'CASH': 32033278, 'JPM': -234}"
2019-06-28 14:23:00,BID_DEPTH,"[(98480, 448)]"
2019-06-28 14:23:00,ASK_DEPTH,"[(98903, 689)]"
2019-06-28 14:23:00,IMBALANCE,"[448, 689]"
2019-06-28 14:23:00,HOLDINGS_UPDATED,"{'CASH': 32919598, 'JPM': -243}"
2019-06-28 14:24:00,BID_DEPTH,"[(98728, 78)]"
2019-06-28 14:24:00,ASK_DEPTH,"[(98843, 223)]"
2019-06-28 14:24:00,IMBALANCE,"[78, 223]"
2019-06-28 14:24:00,HOLDINGS_UPDATED,"{'CASH': 33808150, 'JPM': -252}"
2019-06-28 14:25:00,BID_DEPTH,"[(98598, 201)]"
2019-06-28 14:25:00,ASK_DEPTH,"[(98785, 346)]"
2019-06-28 14:25:00,IMBALANCE,"[201, 346]"
2019-06-28 14:25:00,HOLDINGS_UPDATED,"{'CASH': 34695532, 'JPM': -261}"
2019-06-28 14:26:00,BID_DEPTH,"[(98631, 78)]"
2019-06-28 14:26:00,ASK_DEPTH,"[(98639, 223)]"
2019-06-28 14:26:00,IMBALANCE,"[78, 223]"
2019-06-28 14:26:00,HOLDINGS_UPDATED,"{'CASH': 35583211, 'JPM': -270}"
2019-06-28 14:27:00,BID_DEPTH,"[(98598, 301)]"
2019-06-28 14:27:00,ASK_DEPTH,"[(98639, 345)]"
2019-06-28 14:27:00,IMBALANCE,"[301, 345]"
2019-06-28 14:27:00,HOLDINGS_UPDATED,"{'CASH': 36470593, 'JPM': -279}"
2019-06-28 14:28:00,BID_DEPTH,"[(98489, 199)]"
2019-06-28 14:28:00,ASK_DEPTH,"[(98639, 297)]"
2019-06-28 14:28:00,IMBALANCE,"[199, 297]"
2019-06-28 14:28:00,HOLDINGS_UPDATED,"{'CASH': 37356994, 'JPM': -288}"
2019-06-28 14:29:00,BID_DEPTH,"[(98437, 123)]"
2019-06-28 14:29:00,ASK_DEPTH,"[(98639, 465)]"
2019-06-28 14:29:00,IMBALANCE,"[123, 465]"
2019-06-28 14:29:00,HOLDINGS_UPDATED,"{'CASH': 38242927, 'JPM': -297}"
2019-06-28 14:30:00,BID_DEPTH,"[(98425, 448)]"
2019-06-28 14:30:00,ASK_DEPTH,"[(98639, 789)]"
2019-06-28 14:30:00,IMBALANCE,"[448, 789]"
2019-06-28 14:30:00,HOLDINGS_UPDATED,"{'CASH': 39128752, 'JPM': -306}"
2019-06-28 14:31:00,BID_DEPTH,"[(98100, 178)]"
2019-06-28 14:31:00,ASK_DEPTH,"[(98196, 223)]"
2019-06-28 14:31:00,IMBALANCE,"[178, 223]"
2019-06-28 14:31:00,HOLDINGS_UPDATED,"{'CASH': 40011652, 'JPM': -315}"
2019-06-28 14:32:00,BID_DEPTH,"[(98100, 24)]"
2019-06-28 14:32:00,ASK_DEPTH,"[(98639, 418)]"
2019-06-28 14:32:00,IMBALANCE,"[24, 418]"
2019-06-28 14:32:00,HOLDINGS_UPDATED,"{'CASH': 40894552, 'JPM': -324}"
2019-06-28 14:33:00,BID_DEPTH,"[(98089, 448)]"
2019-06-28 14:33:00,ASK_DEPTH,"[(98639, 787)]"
2019-06-28 14:33:00,IMBALANCE,"[448, 787]"
2019-06-28 14:33:00,HOLDINGS_UPDATED,"{'CASH': 41777353, 'JPM': -333}"
2019-06-28 14:34:00,BID_DEPTH,"[(98027, 448)]"
2019-06-28 14:34:00,ASK_DEPTH,"[(98639, 586)]"
2019-06-28 14:34:00,IMBALANCE,"[448, 586]"
2019-06-28 14:34:00,HOLDINGS_UPDATED,"{'CASH': 42659596, 'JPM': -342}"
2019-06-28 14:35:00,BID_DEPTH,"[(98639, 54)]"
2019-06-28 14:35:00,ASK_DEPTH,"[(98785, 298)]"
2019-06-28 14:35:00,IMBALANCE,"[54, 298]"
2019-06-28 14:35:00,HOLDINGS_UPDATED,"{'CASH': 43547347, 'JPM': -351}"
2019-06-28 14:36:00,BID_DEPTH,"[(98017, 448)]"
2019-06-28 14:36:00,ASK_DEPTH,"[(98843, 593)]"
2019-06-28 14:36:00,IMBALANCE,"[448, 593]"
2019-06-28 14:36:00,HOLDINGS_UPDATED,"{'CASH': 44429500, 'JPM': -360}"
2019-06-28 14:37:00,BID_DEPTH,"[(98012, 123)]"
2019-06-28 14:37:00,ASK_DEPTH,"[(98903, 368)]"
2019-06-28 14:37:00,IMBALANCE,"[123, 368]"
2019-06-28 14:37:00,HOLDINGS_UPDATED,"{'CASH': 45311608, 'JPM': -369}"
2019-06-28 14:38:00,BID_DEPTH,"[(98012, 78)]"
2019-06-28 14:38:00,ASK_DEPTH,"[(98903, 222)]"
2019-06-28 14:38:00,IMBALANCE,"[78, 222]"
2019-06-28 14:38:00,HOLDINGS_UPDATED,"{'CASH': 46193716, 'JPM': -378}"
2019-06-28 14:39:00,BID_DEPTH,"[(98903, 351)]"
2019-06-28 14:39:00,ASK_DEPTH,"[(98998, 593)]"
2019-06-28 14:39:00,IMBALANCE,"[351, 593]"
2019-06-28 14:39:00,HOLDINGS_UPDATED,"{'CASH': 47083843, 'JPM': -387}"
2019-06-28 14:40:00,BID_DEPTH,"[(98012, 54)]"
2019-06-28 14:40:00,ASK_DEPTH,"[(99031, 199)]"
2019-06-28 14:40:00,IMBALANCE,"[54, 199]"
2019-06-28 14:40:00,HOLDINGS_UPDATED,"{'CASH': 47965951, 'JPM': -396}"
2019-06-28 14:41:00,BID_DEPTH,"[(99031, 79)]"
2019-06-28 14:41:00,ASK_DEPTH,"[(99287, 223)]"
2019-06-28 14:41:00,IMBALANCE,"[79, 223]"
2019-06-28 14:41:00,HOLDINGS_UPDATED,"{'CASH': 48857230, 'JPM': -405}"
2019-06-28 14:42:00,BID_DEPTH,[]
2019-06-28 14:42:00,ASK_DEPTH,"[(99287, 99)]"
2019-06-28 14:42:00,IMBALANCE,"[0, 99]"
2019-06-28 14:43:00,BID_DEPTH,"[(99286, 102)]"
2019-06-28 14:43:00,ASK_DEPTH,"[(99850, 223)]"
2019-06-28 14:43:00,IMBALANCE,"[102, 223]"
2019-06-28 14:43:00,HOLDINGS_UPDATED,"{'CASH': 49750804, 'JPM': -414}"
2019-06-28 14:44:00,BID_DEPTH,"[(99286, 301)]"
2019-06-28 14:44:00,ASK_DEPTH,"[(99850, 345)]"
2019-06-28 14:44:00,IMBALANCE,"[301, 345]"
2019-06-28 14:44:00,HOLDINGS_UPDATED,"{'CASH': 50644378, 'JPM': -423}"
2019-06-28 14:45:00,BID_DEPTH,"[(99286, 100)]"
2019-06-28 14:45:00,ASK_DEPTH,"[(99996, 199)]"
2019-06-28 14:45:00,IMBALANCE,"[100, 199]"
2019-06-28 14:45:00,HOLDINGS_UPDATED,"{'CASH': 50743664, 'JPM': -424}"
2019-06-28 14:45:00,HOLDINGS_UPDATED,"{'CASH': 51537952, 'JPM': -432}"
2019-06-28 14:46:00,BID_DEPTH,"[(99286, 448)]"
2019-06-28 14:46:00,ASK_DEPTH,"[(100074, 593)]"
2019-06-28 14:46:00,IMBALANCE,"[448, 593]"
2019-06-28 14:46:00,HOLDINGS_UPDATED,"{'CASH': 52431526, 'JPM': -441}"
2019-06-28 14:47:00,BID_DEPTH,"[(99286, 54)]"
2019-06-28 14:47:00,ASK_DEPTH,"[(100379, 199)]"
2019-06-28 14:47:00,IMBALANCE,"[54, 199]"
2019-06-28 14:47:00,HOLDINGS_UPDATED,"{'CASH': 53325100, 'JPM': -450}"
2019-06-28 14:48:00,BID_DEPTH,[]
2019-06-28 14:48:00,ASK_DEPTH,"[(100677, 100)]"
2019-06-28 14:48:00,IMBALANCE,"[0, 100]"
2019-06-28 14:49:00,BID_DEPTH,"[(100379, 201)]"
2019-06-28 14:49:00,ASK_DEPTH,"[(100679, 346)]"
2019-06-28 14:49:00,IMBALANCE,"[201, 346]"
2019-06-28 14:49:00,HOLDINGS_UPDATED,"{'CASH': 54228511, 'JPM': -459}"
2019-06-28 14:50:00,BID_DEPTH,"[(101042, 448)]"
2019-06-28 14:50:00,ASK_DEPTH,"[(101264, 593)]"
2019-06-28 14:50:00,IMBALANCE,"[448, 593]"
2019-06-28 14:50:00,HOLDINGS_UPDATED,"{'CASH': 55137889, 'JPM': -468}"
2019-06-28 14:51:00,BID_DEPTH,"[(101043, 223)]"
2019-06-28 14:51:00,ASK_DEPTH,"[(101264, 78)]"
2019-06-28 14:51:00,IMBALANCE,"[223, 78]"
2019-06-28 14:51:00,HOLDINGS_UPDATED,"{'CASH': 54226513, 'JPM': -459}"
2019-06-28 14:52:00,BID_DEPTH,"[(101043, 592)]"
2019-06-28 14:52:00,ASK_DEPTH,"[(101273, 448)]"
2019-06-28 14:52:00,IMBALANCE,"[592, 448]"
2019-06-28 14:52:00,HOLDINGS_UPDATED,"{'CASH': 53315056, 'JPM': -450}"
2019-06-28 14:53:00,BID_DEPTH,"[(101212, 268)]"
2019-06-28 14:53:00,ASK_DEPTH,"[(101273, 123)]"
2019-06-28 14:53:00,IMBALANCE,"[268, 123]"
2019-06-28 14:53:00,HOLDINGS_UPDATED,"{'CASH': 52403599, 'JPM': -441}"
2019-06-28 14:54:00,BID_DEPTH,"[(101212, 198)]"
2019-06-28 14:54:00,ASK_DEPTH,"[(101331, 54)]"
2019-06-28 14:54:00,IMBALANCE,"[198, 54]"
2019-06-28 14:54:00,HOLDINGS_UPDATED,"{'CASH': 51491620, 'JPM': -432}"
2019-06-28 14:55:00,BID_DEPTH,"[(101176, 346)]"
2019-06-28 14:55:00,ASK_DEPTH,"[(101212, 201)]"
2019-06-28 14:55:00,IMBALANCE,"[346, 201]"
2019-06-28 14:55:00,HOLDINGS_UPDATED,"{'CASH': 50580712, 'JPM': -423}"
2019-06-28 14:56:00,BID_DEPTH,"[(101176, 345)]"
2019-06-28 14:56:00,ASK_DEPTH,"[(101331, 201)]"
2019-06-28 14:56:00,IMBALANCE,"[345, 201]"
2019-06-28 14:56:00,HOLDINGS_UPDATED,"{'CASH': 49668733, 'JPM': -414}"
2019-06-28 14:57:00,BID_DEPTH,"[(101176, 691)]"
2019-06-28 14:57:00,ASK_DEPTH,"[(101331, 448)]"
2019-06-28 14:57:00,IMBALANCE,"[691, 448]"
2019-06-28 14:57:00,HOLDINGS_UPDATED,"{'CASH': 48756754, 'JPM': -405}"
2019-06-28 14:58:00,BID_DEPTH,"[(101176, 296)]"
2019-06-28 14:58:00,ASK_DEPTH,"[(101331, 54)]"
2019-06-28 14:58:00,IMBALANCE,"[296, 54]"
2019-06-28 14:58:00,HOLDINGS_UPDATED,"{'CASH': 47844775, 'JPM': -396}"
2019-06-28 14:59:00,BID_DEPTH,"[(101043, 321)]"
2019-06-28 14:59:00,ASK_DEPTH,"[(101425, 78)]"
2019-06-28 14:59:00,IMBALANCE,"[321, 78]"
2019-06-28 14:59:00,HOLDINGS_UPDATED,"{'CASH': 46931950, 'JPM': -387}"
2019-06-28 15:00:00,BID_DEPTH,"[(101043, 590)]"
2019-06-28 15:00:00,ASK_DEPTH,"[(101467, 448)]"
2019-06-28 15:00:00,IMBALANCE,"[590, 448]"
2019-06-28 15:00:00,HOLDINGS_UPDATED,"{'CASH': 46018747, 'JPM': -378}"
2019-06-28 15:01:00,BID_DEPTH,"[(101043, 219)]"
2019-06-28 15:01:00,ASK_DEPTH,"[(101467, 178)]"
2019-06-28 15:01:00,IMBALANCE,"[219, 178]"
2019-06-28 15:01:00,HOLDINGS_UPDATED,"{'CASH': 45105544, 'JPM': -369}"
2019-06-28 15:02:00,BID_DEPTH,"[(101002, 593)]"
2019-06-28 15:02:00,ASK_DEPTH,"[(101043, 448)]"
2019-06-28 15:02:00,IMBALANCE,"[593, 448]"
2019-06-28 15:02:00,HOLDINGS_UPDATED,"{'CASH': 44196157, 'JPM': -360}"
2019-06-28 15:03:00,BID_DEPTH,"[(100759, 593)]"
2019-06-28 15:03:00,ASK_DEPTH,"[(101467, 394)]"
2019-06-28 15:03:00,IMBALANCE,"[593, 394]"
2019-06-28 15:03:00,HOLDINGS_UPDATED,"{'CASH': 43282954, 'JPM': -351}"
2019-06-28 15:04:00,BID_DEPTH,"[(100729, 223)]"
2019-06-28 15:04:00,ASK_DEPTH,"[(101490, 78)]"
2019-06-28 15:04:00,IMBALANCE,"[223, 78]"
2019-06-28 15:04:00,HOLDINGS_UPDATED,"{'CASH': 42369544, 'JPM': -342}"
2019-06-28 15:05:00,BID_DEPTH,"[(100904, 593)]"
2019-06-28 15:05:00,ASK_DEPTH,"[(101517, 448)]"
2019-06-28 15:05:00,IMBALANCE,"[593, 448]"
2019-06-28 15:05:00,HOLDINGS_UPDATED,"{'CASH': 41455891, 'JPM': -333}"
2019-06-28 15:06:00,BID_DEPTH,"[(100803, 199)]"
2019-06-28 15:06:00,ASK_DEPTH,"[(100904, 54)]"
2019-06-28 15:06:00,IMBALANCE,"[199, 54]"
2019-06-28 15:06:00,HOLDINGS_UPDATED,"{'CASH': 40547755, 'JPM': -324}"
2019-06-28 15:07:00,BID_DEPTH,"[(100655, 268)]"
2019-06-28 15:07:00,ASK_DEPTH,"[(100904, 223)]"
2019-06-28 15:07:00,IMBALANCE,"[268, 223]"
2019-06-28 15:07:00,HOLDINGS_UPDATED,"{'CASH': 39639619, 'JPM': -315}"
2019-06-28 15:08:00,BID_DEPTH,"[(100454, 346)]"
2019-06-28 15:08:00,ASK_DEPTH,"[(100904, 147)]"
2019-06-28 15:08:00,IMBALANCE,"[346, 147]"
2019-06-28 15:08:00,HOLDINGS_UPDATED,"{'CASH': 38731483, 'JPM': -306}"
2019-06-28 15:09:00,BID_DEPTH,"[(100442, 593)]"
2019-06-28 15:09:00,ASK_DEPTH,"[(101702, 448)]"
2019-06-28 15:09:00,IMBALANCE,"[593, 448]"
2019-06-28 15:09:00,HOLDINGS_UPDATED,"{'CASH': 37816165, 'JPM': -297}"
2019-06-28 15:10:00,BID_DEPTH,"[(100438, 199)]"
2019-06-28 15:10:00,ASK_DEPTH,"[(101702, 54)]"
2019-06-28 15:10:00,IMBALANCE,"[199, 54]"
2019-06-28 15:10:00,HOLDINGS_UPDATED,"{'CASH': 36900847, 'JPM': -288}"
2019-06-28 15:11:00,BID_DEPTH,"[(100428, 223)]"
2019-06-28 15:11:00,ASK_DEPTH,"[(101702, 78)]"
2019-06-28 15:11:00,IMBALANCE,"[223, 78]"
2019-06-28 15:11:00,HOLDINGS_UPDATED,"{'CASH': 35985529, 'JPM': -279}"
2019-06-28 15:12:00,BID_DEPTH,"[(100415, 346)]"
2019-06-28 15:12:00,ASK_DEPTH,"[(101855, 201)]"
2019-06-28 15:12:00,IMBALANCE,"[346, 201]"
2019-06-28 15:12:00,HOLDINGS_UPDATED,"{'CASH': 35068834, 'JPM': -270}"
2019-06-28 15:13:00,BID_DEPTH,"[(100396, 268)]"
2019-06-28 15:13:00,ASK_DEPTH,"[(100415, 123)]"
2019-06-28 15:13:00,IMBALANCE,"[268, 123]"
2019-06-28 15:13:00,HOLDINGS_UPDATED,"{'CASH': 34165099, 'JPM': -261}"
2019-06-28 15:14:00,BID_DEPTH,"[(100417, 346)]"
2019-06-28 15:14:00,ASK_DEPTH,"[(100504, 201)]"
2019-06-28 15:14:00,IMBALANCE,"[346, 201]"
2019-06-28 15:14:00,HOLDINGS_UPDATED,"{'CASH': 33260563, 'JPM': -252}"
2019-06-28 15:15:00,BID_DEPTH,"[(100417, 592)]"
2019-06-28 15:15:00,ASK_DEPTH,"[(100504, 448)]"
2019-06-28 15:15:00,IMBALANCE,"[592, 448]"
2019-06-28 15:15:00,HOLDINGS_UPDATED,"{'CASH': 32356027, 'JPM': -243}"
2019-06-28 15:16:00,BID_DEPTH,"[(100417, 198)]"
2019-06-28 15:16:00,ASK_DEPTH,[]
2019-06-28 15:16:00,IMBALANCE,"[198, 0]"
2019-06-28 15:17:00,BID_DEPTH,"[(101055, 593)]"
2019-06-28 15:17:00,ASK_DEPTH,"[(101231, 448)]"
2019-06-28 15:17:00,IMBALANCE,"[593, 448]"
2019-06-28 15:17:00,HOLDINGS_UPDATED,"{'CASH': 31444948, 'JPM': -234}"
2019-06-28 15:18:00,BID_DEPTH,"[(100887, 346)]"
2019-06-28 15:18:00,ASK_DEPTH,"[(100956, 201)]"
2019-06-28 15:18:00,IMBALANCE,"[346, 201]"
2019-06-28 15:18:00,HOLDINGS_UPDATED,"{'CASH': 30536344, 'JPM': -225}"
2019-06-28 15:19:00,BID_DEPTH,"[(101136, 100)]"
2019-06-28 15:19:00,ASK_DEPTH,[]
2019-06-28 15:19:00,IMBALANCE,"[100, 0]"
2019-06-28 15:20:00,BID_DEPTH,"[(101136, 223)]"
2019-06-28 15:20:00,ASK_DEPTH,"[(101421, 78)]"
2019-06-28 15:20:00,IMBALANCE,"[223, 78]"
2019-06-28 15:20:00,HOLDINGS_UPDATED,"{'CASH': 29623555, 'JPM': -216}"
2019-06-28 15:21:00,BID_DEPTH,"[(101165, 268)]"
2019-06-28 15:21:00,ASK_DEPTH,"[(101249, 123)]"
2019-06-28 15:21:00,IMBALANCE,"[268, 123]"
2019-06-28 15:21:00,HOLDINGS_UPDATED,"{'CASH': 28712314, 'JPM': -207}"
2019-06-28 15:22:00,BID_DEPTH,"[(101165, 592)]"
2019-06-28 15:22:00,ASK_DEPTH,"[(101248, 448)]"
2019-06-28 15:22:00,IMBALANCE,"[592, 448]"
2019-06-28 15:22:00,HOLDINGS_UPDATED,"{'CASH': 27801082, 'JPM': -198}"
2019-06-28 15:23:00,BID_DEPTH,"[(101165, 591)]"
2019-06-28 15:23:00,ASK_DEPTH,"[(101249, 548)]"
2019-06-28 15:23:00,IMBALANCE,"[591, 548]"
2019-06-28 15:23:00,HOLDINGS_UPDATED,"{'CASH': 26889841, 'JPM': -189}"
2019-06-28 15:24:00,BID_DEPTH,"[(101011, 199)]"
2019-06-28 15:24:00,ASK_DEPTH,"[(101136, 32)]"
2019-06-28 15:24:00,IMBALANCE,"[199, 32]"
2019-06-28 15:24:00,HOLDINGS_UPDATED,"{'CASH': 25979617, 'JPM': -180}"
2019-06-28 15:25:00,BID_DEPTH,"[(101011, 222)]"
2019-06-28 15:25:00,ASK_DEPTH,"[(101078, 78)]"
2019-06-28 15:25:00,IMBALANCE,"[222, 78]"
2019-06-28 15:25:00,HOLDINGS_UPDATED,"{'CASH': 25069915, 'JPM': -171}"
2019-06-28 15:26:00,BID_DEPTH,"[(101012, 346)]"
2019-06-28 15:26:00,ASK_DEPTH,"[(101131, 201)]"
2019-06-28 15:26:00,IMBALANCE,"[346, 201]"
2019-06-28 15:26:00,HOLDINGS_UPDATED,"{'CASH': 24159736, 'JPM': -162}"
2019-06-28 15:27:00,BID_DEPTH,"[(101012, 222)]"
2019-06-28 15:27:00,ASK_DEPTH,"[(101249, 24)]"
2019-06-28 15:27:00,IMBALANCE,"[222, 24]"
2019-06-28 15:27:00,HOLDINGS_UPDATED,"{'CASH': 23248495, 'JPM': -153}"
2019-06-28 15:28:00,BID_DEPTH,"[(101012, 221)]"
2019-06-28 15:28:00,ASK_DEPTH,"[(101290, 78)]"
2019-06-28 15:28:00,IMBALANCE,"[221, 78]"
2019-06-28 15:28:00,HOLDINGS_UPDATED,"{'CASH': 22336885, 'JPM': -144}"
2019-06-28 15:29:00,BID_DEPTH,"[(101011, 444)]"
2019-06-28 15:29:00,ASK_DEPTH,"[(101421, 201)]"
2019-06-28 15:29:00,IMBALANCE,"[444, 201]"
2019-06-28 15:29:00,HOLDINGS_UPDATED,"{'CASH': 21424096, 'JPM': -135}"
2019-06-28 15:30:00,BID_DEPTH,"[(101005, 223)]"
2019-06-28 15:30:00,ASK_DEPTH,"[(101421, 78)]"
2019-06-28 15:30:00,IMBALANCE,"[223, 78]"
2019-06-28 15:30:00,HOLDINGS_UPDATED,"{'CASH': 20511307, 'JPM': -126}"
2019-06-28 15:31:00,BID_DEPTH,"[(100774, 268)]"
2019-06-28 15:31:00,ASK_DEPTH,"[(101576, 123)]"
2019-06-28 15:31:00,IMBALANCE,"[268, 123]"
2019-06-28 15:31:00,HOLDINGS_UPDATED,"{'CASH': 19597123, 'JPM': -117}"
2019-06-28 15:32:00,BID_DEPTH,"[(100443, 268)]"
2019-06-28 15:32:00,ASK_DEPTH,"[(100774, 24)]"
2019-06-28 15:32:00,IMBALANCE,"[268, 24]"
2019-06-28 15:32:00,HOLDINGS_UPDATED,"{'CASH': 18690157, 'JPM': -108}"
2019-06-28 15:33:00,BID_DEPTH,"[(100443, 99)]"
2019-06-28 15:33:00,ASK_DEPTH,[]
2019-06-28 15:33:00,IMBALANCE,"[99, 0]"
2019-06-28 15:34:00,BID_DEPTH,"[(100361, 223)]"
2019-06-28 15:34:00,ASK_DEPTH,"[(100444, 102)]"
2019-06-28 15:34:00,IMBALANCE,"[223, 102]"
2019-06-28 15:34:00,HOLDINGS_UPDATED,"{'CASH': 17786161, 'JPM': -99}"
2019-06-28 15:35:00,BID_DEPTH,"[(100361, 222)]"
2019-06-28 15:35:00,ASK_DEPTH,"[(100444, 78)]"
2019-06-28 15:35:00,IMBALANCE,"[222, 78]"
2019-06-28 15:35:00,HOLDINGS_UPDATED,"{'CASH': 16882165, 'JPM': -90}"
2019-06-28 15:36:00,BID_DEPTH,"[(100361, 344)]"
2019-06-28 15:36:00,ASK_DEPTH,"[(100444, 201)]"
2019-06-28 15:36:00,IMBALANCE,"[344, 201]"
2019-06-28 15:36:00,HOLDINGS_UPDATED,"{'CASH': 15978169, 'JPM': -81}"
2019-06-28 15:37:00,BID_DEPTH,"[(99955, 346)]"
2019-06-28 15:37:00,ASK_DEPTH,"[(100361, 201)]"
2019-06-28 15:37:00,IMBALANCE,"[346, 201]"
2019-06-28 15:37:00,HOLDINGS_UPDATED,"{'CASH': 15074920, 'JPM': -72}"
2019-06-28 15:38:00,BID_DEPTH,"[(99620, 78)]"
2019-06-28 15:38:00,ASK_DEPTH,"[(99680, 223)]"
2019-06-28 15:38:00,IMBALANCE,"[78, 223]"
2019-06-28 15:38:00,HOLDINGS_UPDATED,"{'CASH': 15971500, 'JPM': -81}"
2019-06-28 15:39:00,BID_DEPTH,"[(98924, 448)]"
2019-06-28 15:39:00,ASK_DEPTH,"[(99680, 592)]"
2019-06-28 15:39:00,IMBALANCE,"[448, 592]"
2019-06-28 15:39:00,HOLDINGS_UPDATED,"{'CASH': 16861816, 'JPM': -90}"
2019-06-28 15:40:00,BID_DEPTH,"[(98874, 211)]"
2019-06-28 15:40:00,ASK_DEPTH,"[(99680, 7)]"
2019-06-28 15:40:00,IMBALANCE,"[211, 7]"
2019-06-28 15:40:00,HOLDINGS_UPDATED,"{'CASH': 17751682, 'JPM': -99}"
2019-06-28 15:41:00,BID_DEPTH,"[(99294, 54)]"
2019-06-28 15:41:00,ASK_DEPTH,"[(99680, 105)]"
2019-06-28 15:41:00,IMBALANCE,"[54, 105]"
2019-06-28 15:41:00,HOLDINGS_UPDATED,"{'CASH': 18645328, 'JPM': -108}"
2019-06-28 15:42:00,BID_DEPTH,"[(99288, 78)]"
2019-06-28 15:42:00,ASK_DEPTH,"[(99680, 128)]"
2019-06-28 15:42:00,IMBALANCE,"[78, 128]"
2019-06-28 15:42:00,HOLDINGS_UPDATED,"{'CASH': 19538920, 'JPM': -117}"
2019-06-28 15:43:00,BID_DEPTH,"[(99404, 123)]"
2019-06-28 15:43:00,ASK_DEPTH,"[(99680, 172)]"
2019-06-28 15:43:00,IMBALANCE,"[123, 172]"
2019-06-28 15:43:00,HOLDINGS_UPDATED,"{'CASH': 20433556, 'JPM': -126}"
2019-06-28 15:44:00,BID_DEPTH,"[(99314, 123)]"
2019-06-28 15:44:00,ASK_DEPTH,"[(99608, 268)]"
2019-06-28 15:44:00,IMBALANCE,"[123, 268]"
2019-06-28 15:44:00,HOLDINGS_UPDATED,"{'CASH': 21327382, 'JPM': -135}"
2019-06-28 15:45:00,BID_DEPTH,"[(99288, 448)]"
2019-06-28 15:45:00,ASK_DEPTH,"[(99788, 593)]"
2019-06-28 15:45:00,IMBALANCE,"[448, 593]"
2019-06-28 15:45:00,HOLDINGS_UPDATED,"{'CASH': 22220974, 'JPM': -144}"
2019-06-28 15:46:00,BID_DEPTH,"[(99156, 78)]"
2019-06-28 15:46:00,ASK_DEPTH,"[(100908, 223)]"
2019-06-28 15:46:00,IMBALANCE,"[78, 223]"
2019-06-28 15:46:00,HOLDINGS_UPDATED,"{'CASH': 23113378, 'JPM': -153}"
2019-06-28 15:47:00,BID_DEPTH,"[(100785, 54)]"
2019-06-28 15:47:00,ASK_DEPTH,"[(101182, 199)]"
2019-06-28 15:47:00,IMBALANCE,"[54, 199]"
2019-06-28 15:47:00,HOLDINGS_UPDATED,"{'CASH': 24020443, 'JPM': -162}"
2019-06-28 15:48:00,BID_DEPTH,"[(100785, 54)]"
2019-06-28 15:48:00,ASK_DEPTH,"[(101593, 199)]"
2019-06-28 15:48:00,IMBALANCE,"[54, 199]"
2019-06-28 15:48:00,HOLDINGS_UPDATED,"{'CASH': 24927508, 'JPM': -171}"
2019-06-28 15:49:00,BID_DEPTH,"[(101507, 448)]"
2019-06-28 15:49:00,ASK_DEPTH,"[(101593, 593)]"
2019-06-28 15:49:00,IMBALANCE,"[448, 593]"
2019-06-28 15:49:00,HOLDINGS_UPDATED,"{'CASH': 25841071, 'JPM': -180}"
2019-06-28 15:50:00,BID_DEPTH,"[(99151, 123)]"
2019-06-28 15:50:00,ASK_DEPTH,"[(101593, 268)]"
2019-06-28 15:50:00,IMBALANCE,"[123, 268]"
2019-06-28 15:50:00,HOLDINGS_UPDATED,"{'CASH': 26733430, 'JPM': -189}"
2019-06-28 15:51:00,BID_DEPTH,"[(101593, 201)]"
2019-06-28 15:51:00,ASK_DEPTH,"[(101957, 346)]"
2019-06-28 15:51:00,IMBALANCE,"[201, 346]"
2019-06-28 15:51:00,HOLDINGS_UPDATED,"{'CASH': 27647767, 'JPM': -198}"
2019-06-28 15:52:00,BID_DEPTH,"[(99151, 123)]"
2019-06-28 15:52:00,ASK_DEPTH,"[(101817, 268)]"
2019-06-28 15:52:00,IMBALANCE,"[123, 268]"
2019-06-28 15:52:00,HOLDINGS_UPDATED,"{'CASH': 28540126, 'JPM': -207}"
2019-06-28 15:53:00,BID_DEPTH,"[(101670, 78)]"
2019-06-28 15:53:00,ASK_DEPTH,"[(101769, 223)]"
2019-06-28 15:53:00,IMBALANCE,"[78, 223]"
2019-06-28 15:53:00,HOLDINGS_UPDATED,"{'CASH': 29455156, 'JPM': -216}"
2019-06-28 15:54:00,BID_DEPTH,"[(101415, 123)]"
2019-06-28 15:54:00,ASK_DEPTH,"[(101769, 268)]"
2019-06-28 15:54:00,IMBALANCE,"[123, 268]"
2019-06-28 15:54:00,HOLDINGS_UPDATED,"{'CASH': 30367891, 'JPM': -225}"
2019-06-28 15:55:00,BID_DEPTH,"[(101340, 201)]"
2019-06-28 15:55:00,ASK_DEPTH,"[(101415, 346)]"
2019-06-28 15:55:00,IMBALANCE,"[201, 346]"
2019-06-28 15:55:00,HOLDINGS_UPDATED,"{'CASH': 31279951, 'JPM': -234}"
2019-06-28 15:56:00,BID_DEPTH,"[(100915, 201)]"
2019-06-28 15:56:00,ASK_DEPTH,"[(101340, 346)]"
2019-06-28 15:56:00,IMBALANCE,"[201, 346]"
2019-06-28 15:56:00,HOLDINGS_UPDATED,"{'CASH': 32188186, 'JPM': -243}"
2019-06-28 15:57:00,BID_DEPTH,"[(100915, 78)]"
2019-06-28 15:57:00,ASK_DEPTH,"[(101340, 223)]"
2019-06-28 15:57:00,IMBALANCE,"[78, 223]"
2019-06-28 15:57:00,HOLDINGS_UPDATED,"{'CASH': 33096421, 'JPM': -252}"
2019-06-28 15:58:00,BID_DEPTH,"[(100915, 78)]"
2019-06-28 15:58:00,ASK_DEPTH,"[(101493, 223)]"
2019-06-28 15:58:00,IMBALANCE,"[78, 223]"
2019-06-28 15:58:00,HOLDINGS_UPDATED,"{'CASH': 34004656, 'JPM': -261}"
2019-06-28 15:59:00,BID_DEPTH,"[(101448, 123)]"
2019-06-28 15:59:00,ASK_DEPTH,"[(101455, 268)]"
2019-06-28 15:59:00,IMBALANCE,"[123, 268]"
2019-06-28 15:59:00,HOLDINGS_UPDATED,"{'CASH': 34917688, 'JPM': -270}"
2019-06-28 16:00:00,BID_DEPTH,"[(100915, 448)]"
2019-06-28 16:00:00,ASK_DEPTH,"[(101493, 593)]"
2019-06-28 16:00:00,IMBALANCE,"[448, 593]"
2019-06-28 16:00:00,HOLDINGS_UPDATED,"{'CASH': 35825923, 'JPM': -279}"
2019-06-28 16:01:00,BID_DEPTH,"[(100915, 438)]"
2019-06-28 16:01:00,ASK_DEPTH,"[(101493, 593)]"
2019-06-28 16:01:00,IMBALANCE,"[438, 593]"
2019-06-28 16:01:00,MKT_CLOSED,
2019-06-28 16:01:00,FINAL_HOLDINGS,"{ JPM: -279, CASH: 35825923 }"
2019-06-28 16:01:00,FINAL_CASH_POSITION,35825923
2019-06-28 16:01:00,MARK_TO_MARKET,-279 JPM @ 100915 == -28155285
2019-06-28 16:01:00,MARKED_TO_MARKET,7670638
2019-06-28 16:01:00,ENDING_CASH,7670638
