EventTime,EventType,Event
,AGENT_TYPE,MomentumAgent
,STARTING_CASH,10000000
2019-06-28 09:30:00,HOLDINGS_UPDATED,{'CASH': 10000000}
2019-06-28 09:31:00,BID_DEPTH,"[(99986, 234)]"
2019-06-28 09:31:00,ASK_DEPTH,"[(100004, 434)]"
2019-06-28 09:31:00,IMBALANCE,"[234, 434]"
2019-06-28 09:32:00,BID_DEPTH,"[(100004, 191)]"
2019-06-28 09:32:00,ASK_DEPTH,"[(100005, 191)]"
2019-06-28 09:32:00,IMBALANCE,"[191, 191]"
2019-06-28 09:33:00,BID_DEPTH,"[(100004, 434)]"
2019-06-28 09:33:00,ASK_DEPTH,"[(100006, 234)]"
2019-06-28 09:33:00,IMBALANCE,"[434, 234]"
2019-06-28 09:34:00,BID_DEPTH,"[(100004, 354)]"
2019-06-28 09:34:00,ASK_DEPTH,"[(100006, 154)]"
2019-06-28 09:34:00,IMBALANCE,"[354, 154]"
2019-06-28 09:35:00,BID_DEPTH,"[(100005, 191)]"
2019-06-28 09:35:00,ASK_DEPTH,"[(100006, 191)]"
2019-06-28 09:35:00,IMBALANCE,"[191, 191]"
2019-06-28 09:36:00,BID_DEPTH,"[(100006, 191)]"
2019-06-28 09:36:00,ASK_DEPTH,"[(100031, 191)]"
2019-06-28 09:36:00,IMBALANCE,"[191, 191]"
2019-06-28 09:37:00,BID_DEPTH,"[(100006, 191)]"
2019-06-28 09:37:00,ASK_DEPTH,"[(100031, 191)]"
2019-06-28 09:37:00,IMBALANCE,"[191, 191]"
2019-06-28 09:38:00,BID_DEPTH,"[(100006, 234)]"
2019-06-28 09:38:00,ASK_DEPTH,"[(100040, 234)]"
2019-06-28 09:38:00,IMBALANCE,"[234, 234]"
2019-06-28 09:39:00,BID_DEPTH,"[(100007, 167)]"
2019-06-28 09:39:00,ASK_DEPTH,"[(100040, 167)]"
2019-06-28 09:39:00,IMBALANCE,"[167, 167]"
2019-06-28 09:40:00,BID_DEPTH,"[(100007, 568)]"
2019-06-28 09:40:00,ASK_DEPTH,"[(100040, 368)]"
2019-06-28 09:40:00,IMBALANCE,"[568, 368]"
2019-06-28 09:41:00,BID_DEPTH,"[(100007, 391)]"
2019-06-28 09:41:00,ASK_DEPTH,"[(100045, 191)]"
2019-06-28 09:41:00,IMBALANCE,"[391, 191]"
2019-06-28 09:42:00,BID_DEPTH,"[(100031, 334)]"
2019-06-28 09:42:00,ASK_DEPTH,"[(100045, 234)]"
2019-06-28 09:42:00,IMBALANCE,"[334, 234]"
2019-06-28 09:43:00,BID_DEPTH,"[(100031, 334)]"
2019-06-28 09:43:00,ASK_DEPTH,"[(100057, 234)]"
2019-06-28 09:43:00,IMBALANCE,"[334, 234]"
2019-06-28 09:44:00,BID_DEPTH,"[(100058, 301)]"
2019-06-28 09:44:00,ASK_DEPTH,"[(100062, 368)]"
2019-06-28 09:44:00,IMBALANCE,"[301, 368]"
2019-06-28 09:45:00,BID_DEPTH,"[(100058, 301)]"
2019-06-28 09:45:00,ASK_DEPTH,"[(100062, 368)]"
2019-06-28 09:45:00,IMBALANCE,"[301, 368]"
2019-06-28 09:46:00,BID_DEPTH,"[(100058, 100)]"
2019-06-28 09:46:00,ASK_DEPTH,"[(100062, 167)]"
2019-06-28 09:46:00,IMBALANCE,"[100, 167]"
2019-06-28 09:47:00,BID_DEPTH,"[(100059, 368)]"
2019-06-28 09:47:00,ASK_DEPTH,"[(100063, 368)]"
2019-06-28 09:47:00,IMBALANCE,"[368, 368]"
2019-06-28 09:48:00,BID_DEPTH,"[(100059, 368)]"
2019-06-28 09:48:00,ASK_DEPTH,"[(100109, 368)]"
2019-06-28 09:48:00,IMBALANCE,"[368, 368]"
2019-06-28 09:49:00,BID_DEPTH,"[(100076, 234)]"
2019-06-28 09:49:00,ASK_DEPTH,"[(100125, 234)]"
2019-06-28 09:49:00,IMBALANCE,"[234, 234]"
2019-06-28 09:50:00,BID_DEPTH,"[(100122, 191)]"
2019-06-28 09:50:00,ASK_DEPTH,"[(100136, 191)]"
2019-06-28 09:50:00,IMBALANCE,"[191, 191]"
2019-06-28 09:51:00,BID_DEPTH,"[(100122, 191)]"
2019-06-28 09:51:00,ASK_DEPTH,"[(100142, 191)]"
2019-06-28 09:51:00,IMBALANCE,"[191, 191]"
2019-06-28 09:52:00,BID_DEPTH,"[(100398, 167)]"
2019-06-28 09:52:00,ASK_DEPTH,"[(100517, 167)]"
2019-06-28 09:52:00,IMBALANCE,"[167, 167]"
2019-06-28 09:53:00,BID_DEPTH,"[(100399, 167)]"
2019-06-28 09:53:00,ASK_DEPTH,"[(100583, 167)]"
2019-06-28 09:53:00,IMBALANCE,"[167, 167]"
2019-06-28 09:54:00,BID_DEPTH,"[(100399, 234)]"
2019-06-28 09:54:00,ASK_DEPTH,"[(100583, 234)]"
2019-06-28 09:54:00,IMBALANCE,"[234, 234]"
2019-06-28 09:55:00,BID_DEPTH,"[(100398, 191)]"
2019-06-28 09:55:00,ASK_DEPTH,"[(100399, 124)]"
2019-06-28 09:55:00,IMBALANCE,"[191, 124]"
2019-06-28 09:56:00,BID_DEPTH,"[(100143, 154)]"
2019-06-28 09:56:00,ASK_DEPTH,"[(100372, 154)]"
2019-06-28 09:56:00,IMBALANCE,"[154, 154]"
2019-06-28 09:57:00,BID_DEPTH,"[(100144, 234)]"
2019-06-28 09:57:00,ASK_DEPTH,"[(100218, 234)]"
2019-06-28 09:57:00,IMBALANCE,"[234, 234]"
2019-06-28 09:58:00,BID_DEPTH,"[(100144, 368)]"
2019-06-28 09:58:00,ASK_DEPTH,"[(100218, 368)]"
2019-06-28 09:58:00,IMBALANCE,"[368, 368]"
2019-06-28 09:59:00,BID_DEPTH,"[(100144, 234)]"
2019-06-28 09:59:00,ASK_DEPTH,"[(100163, 234)]"
2019-06-28 09:59:00,IMBALANCE,"[234, 234]"
2019-06-28 10:00:00,BID_DEPTH,"[(100163, 124)]"
2019-06-28 10:00:00,ASK_DEPTH,"[(100352, 191)]"
2019-06-28 10:00:00,IMBALANCE,"[124, 191]"
2019-06-28 10:01:00,BID_DEPTH,"[(100316, 191)]"
2019-06-28 10:01:00,ASK_DEPTH,"[(100352, 191)]"
2019-06-28 10:01:00,IMBALANCE,"[191, 191]"
2019-06-28 10:02:00,BID_DEPTH,"[(100372, 167)]"
2019-06-28 10:02:00,ASK_DEPTH,"[(100398, 76)]"
2019-06-28 10:02:00,IMBALANCE,"[167, 76]"
2019-06-28 10:03:00,BID_DEPTH,"[(100398, 78)]"
2019-06-28 10:03:00,ASK_DEPTH,"[(100399, 87)]"
2019-06-28 10:03:00,IMBALANCE,"[78, 87]"
2019-06-28 10:04:00,BID_DEPTH,"[(100398, 78)]"
2019-06-28 10:04:00,ASK_DEPTH,"[(100403, 154)]"
2019-06-28 10:04:00,IMBALANCE,"[78, 154]"
2019-06-28 10:05:00,BID_DEPTH,"[(100398, 292)]"
2019-06-28 10:05:00,ASK_DEPTH,"[(100403, 368)]"
2019-06-28 10:05:00,IMBALANCE,"[292, 368]"
2019-06-28 10:06:00,BID_DEPTH,"[(100398, 91)]"
2019-06-28 10:06:00,ASK_DEPTH,"[(100560, 167)]"
2019-06-28 10:06:00,IMBALANCE,"[91, 167]"
2019-06-28 10:07:00,BID_DEPTH,"[(100583, 314)]"
2019-06-28 10:07:00,ASK_DEPTH,"[(100702, 368)]"
2019-06-28 10:07:00,IMBALANCE,"[314, 368]"
2019-06-28 10:08:00,BID_DEPTH,"[(100583, 137)]"
2019-06-28 10:08:00,ASK_DEPTH,"[(100690, 191)]"
2019-06-28 10:08:00,IMBALANCE,"[137, 191]"
2019-06-28 10:09:00,BID_DEPTH,"[(100467, 234)]"
2019-06-28 10:09:00,ASK_DEPTH,"[(100592, 234)]"
2019-06-28 10:09:00,IMBALANCE,"[234, 234]"
2019-06-28 10:10:00,BID_DEPTH,"[(100408, 167)]"
2019-06-28 10:10:00,ASK_DEPTH,"[(100592, 267)]"
2019-06-28 10:10:00,IMBALANCE,"[167, 267]"
2019-06-28 10:11:00,BID_DEPTH,"[(100408, 167)]"
2019-06-28 10:11:00,ASK_DEPTH,"[(100583, 267)]"
2019-06-28 10:11:00,IMBALANCE,"[167, 267]"
2019-06-28 10:12:00,BID_DEPTH,"[(100399, 154)]"
2019-06-28 10:12:00,ASK_DEPTH,"[(100583, 254)]"
2019-06-28 10:12:00,IMBALANCE,"[154, 254]"
2019-06-28 10:13:00,BID_DEPTH,"[(100398, 78)]"
2019-06-28 10:13:00,ASK_DEPTH,"[(100583, 254)]"
2019-06-28 10:13:00,IMBALANCE,"[78, 254]"
2019-06-28 10:14:00,BID_DEPTH,"[(100144, 191)]"
2019-06-28 10:14:00,ASK_DEPTH,"[(100168, 124)]"
2019-06-28 10:14:00,IMBALANCE,"[191, 124]"
2019-06-28 10:15:00,BID_DEPTH,"[(100144, 167)]"
2019-06-28 10:15:00,ASK_DEPTH,"[(100168, 100)]"
2019-06-28 10:15:00,IMBALANCE,"[167, 100]"
2019-06-28 10:16:00,BID_DEPTH,"[(100144, 234)]"
2019-06-28 10:16:00,ASK_DEPTH,"[(100168, 167)]"
2019-06-28 10:16:00,IMBALANCE,"[234, 167]"
2019-06-28 10:17:00,BID_DEPTH,"[(100094, 154)]"
2019-06-28 10:17:00,ASK_DEPTH,"[(100163, 154)]"
2019-06-28 10:17:00,IMBALANCE,"[154, 154]"
2019-06-28 10:18:00,BID_DEPTH,"[(100094, 234)]"
2019-06-28 10:18:00,ASK_DEPTH,"[(100163, 234)]"
2019-06-28 10:18:00,IMBALANCE,"[234, 234]"
2019-06-28 10:19:00,BID_DEPTH,"[(100060, 154)]"
2019-06-28 10:19:00,ASK_DEPTH,"[(100144, 154)]"
2019-06-28 10:19:00,IMBALANCE,"[154, 154]"
2019-06-28 10:20:00,BID_DEPTH,"[(100031, 234)]"
2019-06-28 10:20:00,ASK_DEPTH,"[(100060, 143)]"
2019-06-28 10:20:00,IMBALANCE,"[234, 143]"
2019-06-28 10:21:00,BID_DEPTH,"[(100031, 167)]"
2019-06-28 10:21:00,ASK_DEPTH,"[(100059, 115)]"
2019-06-28 10:21:00,IMBALANCE,"[167, 115]"
2019-06-28 10:21:00,HOLDINGS_UPDATED,"{'CASH': 9799882, 'JPM': 2}"
2019-06-28 10:22:00,BID_DEPTH,"[(99951, 191)]"
2019-06-28 10:22:00,ASK_DEPTH,"[(100031, 105)]"
2019-06-28 10:22:00,IMBALANCE,"[191, 105]"
2019-06-28 10:22:00,HOLDINGS_UPDATED,"{'CASH': 9599820, 'JPM': 4}"
2019-06-28 10:23:00,BID_DEPTH,"[(99877, 167)]"
2019-06-28 10:23:00,ASK_DEPTH,"[(100031, 115)]"
2019-06-28 10:23:00,IMBALANCE,"[167, 115]"
2019-06-28 10:23:00,HOLDINGS_UPDATED,"{'CASH': 9399758, 'JPM': 6}"
2019-06-28 10:24:00,BID_DEPTH,"[(99799, 191)]"
2019-06-28 10:24:00,ASK_DEPTH,"[(100059, 139)]"
2019-06-28 10:24:00,IMBALANCE,"[191, 139]"
2019-06-28 10:24:00,HOLDINGS_UPDATED,"{'CASH': 9199640, 'JPM': 8}"
2019-06-28 10:25:00,BID_DEPTH,"[(99762, 154)]"
2019-06-28 10:25:00,ASK_DEPTH,"[(100060, 11)]"
2019-06-28 10:25:00,IMBALANCE,"[154, 11]"
2019-06-28 10:25:00,HOLDINGS_UPDATED,"{'CASH': 8999520, 'JPM': 10}"
2019-06-28 10:26:00,BID_DEPTH,"[(99565, 234)]"
2019-06-28 10:26:00,ASK_DEPTH,"[(100060, 180)]"
2019-06-28 10:26:00,IMBALANCE,"[234, 180]"
2019-06-28 10:26:00,HOLDINGS_UPDATED,"{'CASH': 8799400, 'JPM': 12}"
2019-06-28 10:27:00,BID_DEPTH,"[(99504, 115)]"
2019-06-28 10:27:00,ASK_DEPTH,"[(100144, 125)]"
2019-06-28 10:27:00,IMBALANCE,"[115, 125]"
2019-06-28 10:27:00,HOLDINGS_UPDATED,"{'CASH': 8998408, 'JPM': 10}"
2019-06-28 10:28:00,BID_DEPTH,"[(99476, 102)]"
2019-06-28 10:28:00,ASK_DEPTH,"[(100144, 112)]"
2019-06-28 10:28:00,IMBALANCE,"[102, 112]"
2019-06-28 10:28:00,HOLDINGS_UPDATED,"{'CASH': 9197360, 'JPM': 8}"
2019-06-28 10:29:00,BID_DEPTH,"[(99363, 139)]"
2019-06-28 10:29:00,ASK_DEPTH,"[(99476, 244)]"
2019-06-28 10:29:00,IMBALANCE,"[139, 244]"
2019-06-28 10:29:00,HOLDINGS_UPDATED,"{'CASH': 9396086, 'JPM': 6}"
2019-06-28 10:30:00,BID_DEPTH,"[(99343, 316)]"
2019-06-28 10:30:00,ASK_DEPTH,"[(99363, 284)]"
2019-06-28 10:30:00,IMBALANCE,"[316, 284]"
2019-06-28 10:30:00,HOLDINGS_UPDATED,"{'CASH': 9594772, 'JPM': 4}"
2019-06-28 10:31:00,BID_DEPTH,"[(99305, 115)]"
2019-06-28 10:31:00,ASK_DEPTH,"[(99363, 83)]"
2019-06-28 10:31:00,IMBALANCE,"[115, 83]"
2019-06-28 10:31:00,HOLDINGS_UPDATED,"{'CASH': 9793382, 'JPM': 2}"
2019-06-28 10:32:00,BID_DEPTH,"[(99298, 139)]"
2019-06-28 10:32:00,ASK_DEPTH,"[(99363, 107)]"
2019-06-28 10:32:00,IMBALANCE,"[139, 107]"
2019-06-28 10:32:00,HOLDINGS_UPDATED,{'CASH': 9991978}
2019-06-28 10:33:00,BID_DEPTH,"[(99443, 102)]"
2019-06-28 10:33:00,ASK_DEPTH,"[(99475, 154)]"
2019-06-28 10:33:00,IMBALANCE,"[102, 154]"
2019-06-28 10:33:00,HOLDINGS_UPDATED,"{'CASH': 10190864, 'JPM': -2}"
2019-06-28 10:34:00,BID_DEPTH,"[(99472, 316)]"
2019-06-28 10:34:00,ASK_DEPTH,"[(99475, 368)]"
2019-06-28 10:34:00,IMBALANCE,"[316, 368]"
2019-06-28 10:34:00,HOLDINGS_UPDATED,"{'CASH': 10389808, 'JPM': -4}"
2019-06-28 10:35:00,BID_DEPTH,"[(99472, 202)]"
2019-06-28 10:35:00,ASK_DEPTH,"[(99475, 154)]"
2019-06-28 10:35:00,IMBALANCE,"[202, 154]"
2019-06-28 10:35:00,HOLDINGS_UPDATED,"{'CASH': 10588752, 'JPM': -6}"
2019-06-28 10:36:00,BID_DEPTH,"[(99472, 95)]"
2019-06-28 10:36:00,ASK_DEPTH,"[(99597, 154)]"
2019-06-28 10:36:00,IMBALANCE,"[95, 154]"
2019-06-28 10:36:00,HOLDINGS_UPDATED,"{'CASH': 10787696, 'JPM': -8}"
2019-06-28 10:37:00,BID_DEPTH,"[(99460, 102)]"
2019-06-28 10:37:00,ASK_DEPTH,"[(99471, 254)]"
2019-06-28 10:37:00,IMBALANCE,"[102, 254]"
2019-06-28 10:37:00,HOLDINGS_UPDATED,"{'CASH': 10986616, 'JPM': -10}"
2019-06-28 10:38:00,BID_DEPTH,"[(99265, 102)]"
2019-06-28 10:38:00,ASK_DEPTH,"[(99459, 154)]"
2019-06-28 10:38:00,IMBALANCE,"[102, 154]"
2019-06-28 10:38:00,HOLDINGS_UPDATED,"{'CASH': 11185146, 'JPM': -12}"
2019-06-28 10:39:00,BID_DEPTH,"[(99252, 316)]"
2019-06-28 10:39:00,ASK_DEPTH,"[(99459, 368)]"
2019-06-28 10:39:00,IMBALANCE,"[316, 368]"
2019-06-28 10:39:00,HOLDINGS_UPDATED,"{'CASH': 11383650, 'JPM': -14}"
2019-06-28 10:40:00,BID_DEPTH,"[(99203, 139)]"
2019-06-28 10:40:00,ASK_DEPTH,"[(99252, 191)]"
2019-06-28 10:40:00,IMBALANCE,"[139, 191]"
2019-06-28 10:40:00,HOLDINGS_UPDATED,"{'CASH': 11582056, 'JPM': -16}"
2019-06-28 10:41:00,BID_DEPTH,"[(99133, 102)]"
2019-06-28 10:41:00,ASK_DEPTH,"[(99252, 154)]"
2019-06-28 10:41:00,IMBALANCE,"[102, 154]"
2019-06-28 10:41:00,HOLDINGS_UPDATED,"{'CASH': 11780322, 'JPM': -18}"
2019-06-28 10:42:00,BID_DEPTH,"[(99133, 115)]"
2019-06-28 10:42:00,ASK_DEPTH,"[(99459, 167)]"
2019-06-28 10:42:00,IMBALANCE,"[115, 167]"
2019-06-28 10:42:00,HOLDINGS_UPDATED,"{'CASH': 11978588, 'JPM': -20}"
2019-06-28 10:43:00,BID_DEPTH,"[(99133, 182)]"
2019-06-28 10:43:00,ASK_DEPTH,"[(99460, 234)]"
2019-06-28 10:43:00,IMBALANCE,"[182, 234]"
2019-06-28 10:43:00,HOLDINGS_UPDATED,"{'CASH': 12176854, 'JPM': -22}"
2019-06-28 10:44:00,BID_DEPTH,"[(99472, 222)]"
2019-06-28 10:44:00,ASK_DEPTH,"[(99487, 368)]"
2019-06-28 10:44:00,IMBALANCE,"[222, 368]"
2019-06-28 10:44:00,HOLDINGS_UPDATED,"{'CASH': 12375798, 'JPM': -24}"
2019-06-28 10:45:00,BID_DEPTH,"[(99471, 128)]"
2019-06-28 10:45:00,ASK_DEPTH,"[(99550, 234)]"
2019-06-28 10:45:00,IMBALANCE,"[128, 234]"
2019-06-28 10:45:00,HOLDINGS_UPDATED,"{'CASH': 12574740, 'JPM': -26}"
2019-06-28 10:46:00,BID_DEPTH,"[(99133, 316)]"
2019-06-28 10:46:00,ASK_DEPTH,"[(99645, 368)]"
2019-06-28 10:46:00,IMBALANCE,"[316, 368]"
2019-06-28 10:46:00,HOLDINGS_UPDATED,"{'CASH': 12773006, 'JPM': -28}"
2019-06-28 10:47:00,BID_DEPTH,"[(99133, 339)]"
2019-06-28 10:47:00,ASK_DEPTH,"[(99645, 191)]"
2019-06-28 10:47:00,IMBALANCE,"[339, 191]"
2019-06-28 10:47:00,HOLDINGS_UPDATED,"{'CASH': 12971272, 'JPM': -30}"
2019-06-28 10:48:00,BID_DEPTH,"[(99133, 295)]"
2019-06-28 10:48:00,ASK_DEPTH,"[(99665, 154)]"
2019-06-28 10:48:00,IMBALANCE,"[295, 154]"
2019-06-28 10:48:00,HOLDINGS_UPDATED,"{'CASH': 13169538, 'JPM': -32}"
2019-06-28 10:49:00,BID_DEPTH,"[(99600, 139)]"
2019-06-28 10:49:00,ASK_DEPTH,"[(99670, 191)]"
2019-06-28 10:49:00,IMBALANCE,"[139, 191]"
2019-06-28 10:49:00,HOLDINGS_UPDATED,"{'CASH': 13368738, 'JPM': -34}"
2019-06-28 10:50:00,BID_DEPTH,"[(99133, 268)]"
2019-06-28 10:50:00,ASK_DEPTH,"[(99600, 150)]"
2019-06-28 10:50:00,IMBALANCE,"[268, 150]"
2019-06-28 10:50:00,HOLDINGS_UPDATED,"{'CASH': 13567004, 'JPM': -36}"
2019-06-28 10:51:00,BID_DEPTH,"[(99600, 99)]"
2019-06-28 10:51:00,ASK_DEPTH,"[(99670, 234)]"
2019-06-28 10:51:00,IMBALANCE,"[99, 234]"
2019-06-28 10:51:00,HOLDINGS_UPDATED,"{'CASH': 13766204, 'JPM': -38}"
2019-06-28 10:52:00,BID_DEPTH,"[(99600, 139)]"
2019-06-28 10:52:00,ASK_DEPTH,"[(99687, 191)]"
2019-06-28 10:52:00,IMBALANCE,"[139, 191]"
2019-06-28 10:52:00,HOLDINGS_UPDATED,"{'CASH': 13965404, 'JPM': -40}"
2019-06-28 10:53:00,BID_DEPTH,"[(99133, 218)]"
2019-06-28 10:53:00,ASK_DEPTH,"[(99691, 191)]"
2019-06-28 10:53:00,IMBALANCE,"[218, 191]"
2019-06-28 10:53:00,HOLDINGS_UPDATED,"{'CASH': 14163670, 'JPM': -42}"
2019-06-28 10:54:00,BID_DEPTH,"[(99133, 111)]"
2019-06-28 10:54:00,ASK_DEPTH,"[(99745, 191)]"
2019-06-28 10:54:00,IMBALANCE,"[111, 191]"
2019-06-28 10:54:00,HOLDINGS_UPDATED,"{'CASH': 14361936, 'JPM': -44}"
2019-06-28 10:55:00,BID_DEPTH,"[(99078, 139)]"
2019-06-28 10:55:00,ASK_DEPTH,"[(99745, 191)]"
2019-06-28 10:55:00,IMBALANCE,"[139, 191]"
2019-06-28 10:55:00,HOLDINGS_UPDATED,"{'CASH': 14560092, 'JPM': -46}"
2019-06-28 10:56:00,BID_DEPTH,"[(99553, 316)]"
2019-06-28 10:56:00,ASK_DEPTH,"[(99588, 368)]"
2019-06-28 10:56:00,IMBALANCE,"[316, 368]"
2019-06-28 10:56:00,HOLDINGS_UPDATED,"{'CASH': 14759198, 'JPM': -48}"
2019-06-28 10:57:00,BID_DEPTH,"[(99579, 316)]"
2019-06-28 10:57:00,ASK_DEPTH,"[(99758, 368)]"
2019-06-28 10:57:00,IMBALANCE,"[316, 368]"
2019-06-28 10:57:00,HOLDINGS_UPDATED,"{'CASH': 14958356, 'JPM': -50}"
2019-06-28 10:58:00,BID_DEPTH,"[(99579, 215)]"
2019-06-28 10:58:00,ASK_DEPTH,"[(99758, 167)]"
2019-06-28 10:58:00,IMBALANCE,"[215, 167]"
2019-06-28 10:58:00,HOLDINGS_UPDATED,"{'CASH': 15157514, 'JPM': -52}"
2019-06-28 10:59:00,BID_DEPTH,"[(99579, 195)]"
2019-06-28 10:59:00,ASK_DEPTH,"[(99758, 154)]"
2019-06-28 10:59:00,IMBALANCE,"[195, 154]"
2019-06-28 10:59:00,HOLDINGS_UPDATED,"{'CASH': 15356672, 'JPM': -54}"
2019-06-28 11:00:00,BID_DEPTH,"[(99580, 239)]"
2019-06-28 11:00:00,ASK_DEPTH,"[(99766, 191)]"
2019-06-28 11:00:00,IMBALANCE,"[239, 191]"
2019-06-28 11:00:00,HOLDINGS_UPDATED,"{'CASH': 15555832, 'JPM': -56}"
2019-06-28 11:01:00,BID_DEPTH,"[(99581, 139)]"
2019-06-28 11:01:00,ASK_DEPTH,"[(99826, 191)]"
2019-06-28 11:01:00,IMBALANCE,"[139, 191]"
2019-06-28 11:01:00,HOLDINGS_UPDATED,"{'CASH': 15754994, 'JPM': -58}"
2019-06-28 11:02:00,BID_DEPTH,"[(99580, 108)]"
2019-06-28 11:02:00,ASK_DEPTH,"[(99826, 167)]"
2019-06-28 11:02:00,IMBALANCE,"[108, 167]"
2019-06-28 11:02:00,HOLDINGS_UPDATED,"{'CASH': 15954154, 'JPM': -60}"
2019-06-28 11:03:00,BID_DEPTH,"[(99580, 282)]"
2019-06-28 11:03:00,ASK_DEPTH,"[(100046, 234)]"
2019-06-28 11:03:00,IMBALANCE,"[282, 234]"
2019-06-28 11:03:00,HOLDINGS_UPDATED,"{'CASH': 16153314, 'JPM': -62}"
2019-06-28 11:04:00,BID_DEPTH,"[(99580, 275)]"
2019-06-28 11:04:00,ASK_DEPTH,"[(100046, 234)]"
2019-06-28 11:04:00,IMBALANCE,"[275, 234]"
2019-06-28 11:04:00,HOLDINGS_UPDATED,"{'CASH': 16352474, 'JPM': -64}"
2019-06-28 11:05:00,BID_DEPTH,"[(99580, 101)]"
2019-06-28 11:05:00,ASK_DEPTH,"[(100046, 167)]"
2019-06-28 11:05:00,IMBALANCE,"[101, 167]"
2019-06-28 11:05:00,HOLDINGS_UPDATED,"{'CASH': 16551634, 'JPM': -66}"
2019-06-28 11:06:00,BID_DEPTH,"[(99580, 115)]"
2019-06-28 11:06:00,ASK_DEPTH,"[(99851, 167)]"
2019-06-28 11:06:00,IMBALANCE,"[115, 167]"
2019-06-28 11:06:00,HOLDINGS_UPDATED,"{'CASH': 16750794, 'JPM': -68}"
2019-06-28 11:07:00,BID_DEPTH,"[(99580, 234)]"
2019-06-28 11:07:00,ASK_DEPTH,"[(99851, 182)]"
2019-06-28 11:07:00,IMBALANCE,"[234, 182]"
2019-06-28 11:07:00,HOLDINGS_UPDATED,"{'CASH': 16551092, 'JPM': -66}"
2019-06-28 11:08:00,BID_DEPTH,"[(100012, 368)]"
2019-06-28 11:08:00,ASK_DEPTH,"[(100110, 316)]"
2019-06-28 11:08:00,IMBALANCE,"[368, 316]"
2019-06-28 11:08:00,HOLDINGS_UPDATED,"{'CASH': 16350872, 'JPM': -64}"
2019-06-28 11:09:00,BID_DEPTH,"[(100012, 191)]"
2019-06-28 11:09:00,ASK_DEPTH,"[(100179, 139)]"
2019-06-28 11:09:00,IMBALANCE,"[191, 139]"
2019-06-28 11:09:00,HOLDINGS_UPDATED,"{'CASH': 16150514, 'JPM': -62}"
2019-06-28 11:10:00,BID_DEPTH,"[(99774, 368)]"
2019-06-28 11:10:00,ASK_DEPTH,"[(99834, 316)]"
2019-06-28 11:10:00,IMBALANCE,"[368, 316]"
2019-06-28 11:10:00,HOLDINGS_UPDATED,"{'CASH': 15950846, 'JPM': -60}"
2019-06-28 11:11:00,BID_DEPTH,"[(99904, 167)]"
2019-06-28 11:11:00,ASK_DEPTH,"[(100007, 115)]"
2019-06-28 11:11:00,IMBALANCE,"[167, 115]"
2019-06-28 11:11:00,HOLDINGS_UPDATED,"{'CASH': 15750832, 'JPM': -58}"
2019-06-28 11:12:00,BID_DEPTH,"[(99834, 368)]"
2019-06-28 11:12:00,ASK_DEPTH,"[(100007, 316)]"
2019-06-28 11:12:00,IMBALANCE,"[368, 316]"
2019-06-28 11:12:00,HOLDINGS_UPDATED,"{'CASH': 15550818, 'JPM': -56}"
2019-06-28 11:13:00,BID_DEPTH,"[(99774, 191)]"
2019-06-28 11:13:00,ASK_DEPTH,"[(100179, 69)]"
2019-06-28 11:13:00,IMBALANCE,"[191, 69]"
2019-06-28 11:13:00,HOLDINGS_UPDATED,"{'CASH': 15350460, 'JPM': -54}"
2019-06-28 11:14:00,BID_DEPTH,"[(99774, 368)]"
2019-06-28 11:14:00,ASK_DEPTH,"[(100006, 316)]"
2019-06-28 11:14:00,IMBALANCE,"[368, 316]"
2019-06-28 11:14:00,HOLDINGS_UPDATED,"{'CASH': 15150448, 'JPM': -52}"
2019-06-28 11:15:00,BID_DEPTH,"[(99774, 191)]"
2019-06-28 11:15:00,ASK_DEPTH,"[(99920, 139)]"
2019-06-28 11:15:00,IMBALANCE,"[191, 139]"
2019-06-28 11:15:00,HOLDINGS_UPDATED,"{'CASH': 14950608, 'JPM': -50}"
2019-06-28 11:16:00,BID_DEPTH,"[(99920, 368)]"
2019-06-28 11:16:00,ASK_DEPTH,"[(100006, 316)]"
2019-06-28 11:16:00,IMBALANCE,"[368, 316]"
2019-06-28 11:16:00,HOLDINGS_UPDATED,"{'CASH': 14750596, 'JPM': -48}"
2019-06-28 11:17:00,BID_DEPTH,"[(99920, 368)]"
2019-06-28 11:17:00,ASK_DEPTH,"[(100295, 316)]"
2019-06-28 11:17:00,IMBALANCE,"[368, 316]"
2019-06-28 11:17:00,HOLDINGS_UPDATED,"{'CASH': 14550006, 'JPM': -46}"
2019-06-28 11:18:00,BID_DEPTH,"[(100295, 267)]"
2019-06-28 11:18:00,ASK_DEPTH,"[(100357, 115)]"
2019-06-28 11:18:00,IMBALANCE,"[267, 115]"
2019-06-28 11:18:00,HOLDINGS_UPDATED,"{'CASH': 14349292, 'JPM': -44}"
2019-06-28 11:19:00,BID_DEPTH,"[(100037, 167)]"
2019-06-28 11:19:00,ASK_DEPTH,"[(100357, 115)]"
2019-06-28 11:19:00,IMBALANCE,"[167, 115]"
2019-06-28 11:19:00,HOLDINGS_UPDATED,"{'CASH': 14148578, 'JPM': -42}"
2019-06-28 11:20:00,BID_DEPTH,"[(100037, 368)]"
2019-06-28 11:20:00,ASK_DEPTH,"[(100057, 316)]"
2019-06-28 11:20:00,IMBALANCE,"[368, 316]"
2019-06-28 11:20:00,HOLDINGS_UPDATED,"{'CASH': 13948464, 'JPM': -40}"
2019-06-28 11:21:00,BID_DEPTH,"[(99920, 368)]"
2019-06-28 11:21:00,ASK_DEPTH,"[(100057, 316)]"
2019-06-28 11:21:00,IMBALANCE,"[368, 316]"
2019-06-28 11:21:00,HOLDINGS_UPDATED,"{'CASH': 13748350, 'JPM': -38}"
2019-06-28 11:22:00,BID_DEPTH,"[(99840, 167)]"
2019-06-28 11:22:00,ASK_DEPTH,"[(100056, 115)]"
2019-06-28 11:22:00,IMBALANCE,"[167, 115]"
2019-06-28 11:22:00,HOLDINGS_UPDATED,"{'CASH': 13548238, 'JPM': -36}"
2019-06-28 11:23:00,BID_DEPTH,"[(99710, 191)]"
2019-06-28 11:23:00,ASK_DEPTH,"[(99837, 71)]"
2019-06-28 11:23:00,IMBALANCE,"[191, 71]"
2019-06-28 11:23:00,HOLDINGS_UPDATED,"{'CASH': 13348564, 'JPM': -34}"
2019-06-28 11:24:00,BID_DEPTH,"[(99780, 167)]"
2019-06-28 11:24:00,ASK_DEPTH,"[(99837, 315)]"
2019-06-28 11:24:00,IMBALANCE,"[167, 315]"
2019-06-28 11:24:00,HOLDINGS_UPDATED,"{'CASH': 13148890, 'JPM': -32}"
2019-06-28 11:25:00,BID_DEPTH,"[(99780, 234)]"
2019-06-28 11:25:00,ASK_DEPTH,"[(99837, 375)]"
2019-06-28 11:25:00,IMBALANCE,"[234, 375]"
2019-06-28 11:25:00,HOLDINGS_UPDATED,"{'CASH': 12949216, 'JPM': -30}"
2019-06-28 11:26:00,BID_DEPTH,"[(99710, 154)]"
2019-06-28 11:26:00,ASK_DEPTH,"[(99833, 102)]"
2019-06-28 11:26:00,IMBALANCE,"[154, 102]"
2019-06-28 11:26:00,HOLDINGS_UPDATED,"{'CASH': 12749550, 'JPM': -28}"
2019-06-28 11:27:00,BID_DEPTH,"[(99711, 154)]"
2019-06-28 11:27:00,ASK_DEPTH,"[(99837, 88)]"
2019-06-28 11:27:00,IMBALANCE,"[154, 88]"
2019-06-28 11:27:00,HOLDINGS_UPDATED,"{'CASH': 12549876, 'JPM': -26}"
2019-06-28 11:28:00,BID_DEPTH,"[(99866, 234)]"
2019-06-28 11:28:00,ASK_DEPTH,"[(99986, 182)]"
2019-06-28 11:28:00,IMBALANCE,"[234, 182]"
2019-06-28 11:28:00,HOLDINGS_UPDATED,"{'CASH': 12349904, 'JPM': -24}"
2019-06-28 11:29:00,BID_DEPTH,"[(99959, 234)]"
2019-06-28 11:29:00,ASK_DEPTH,"[(100200, 182)]"
2019-06-28 11:29:00,IMBALANCE,"[234, 182]"
2019-06-28 11:29:00,HOLDINGS_UPDATED,"{'CASH': 12149504, 'JPM': -22}"
2019-06-28 11:30:00,BID_DEPTH,"[(99784, 167)]"
2019-06-28 11:30:00,ASK_DEPTH,"[(100200, 215)]"
2019-06-28 11:30:00,IMBALANCE,"[167, 215]"
2019-06-28 11:30:00,HOLDINGS_UPDATED,"{'CASH': 11949104, 'JPM': -20}"
2019-06-28 11:31:00,BID_DEPTH,"[(99768, 191)]"
2019-06-28 11:31:00,ASK_DEPTH,"[(99784, 272)]"
2019-06-28 11:31:00,IMBALANCE,"[191, 272]"
2019-06-28 11:31:00,HOLDINGS_UPDATED,"{'CASH': 11749536, 'JPM': -18}"
2019-06-28 11:32:00,BID_DEPTH,"[(99768, 368)]"
2019-06-28 11:32:00,ASK_DEPTH,"[(99784, 342)]"
2019-06-28 11:32:00,IMBALANCE,"[368, 342]"
2019-06-28 11:32:00,HOLDINGS_UPDATED,"{'CASH': 11549968, 'JPM': -16}"
2019-06-28 11:33:00,BID_DEPTH,"[(99671, 191)]"
2019-06-28 11:33:00,ASK_DEPTH,"[(99784, 58)]"
2019-06-28 11:33:00,IMBALANCE,"[191, 58]"
2019-06-28 11:33:00,HOLDINGS_UPDATED,"{'CASH': 11350400, 'JPM': -14}"
2019-06-28 11:34:00,BID_DEPTH,"[(99916, 154)]"
2019-06-28 11:34:00,ASK_DEPTH,"[(100200, 95)]"
2019-06-28 11:34:00,IMBALANCE,"[154, 95]"
2019-06-28 11:34:00,HOLDINGS_UPDATED,"{'CASH': 11150000, 'JPM': -12}"
2019-06-28 11:35:00,BID_DEPTH,"[(99784, 72)]"
2019-06-28 11:35:00,ASK_DEPTH,"[(99939, 24)]"
2019-06-28 11:35:00,IMBALANCE,"[72, 24]"
2019-06-28 11:35:00,HOLDINGS_UPDATED,"{'CASH': 10950122, 'JPM': -10}"
2019-06-28 11:36:00,BID_DEPTH,"[(99671, 154)]"
2019-06-28 11:36:00,ASK_DEPTH,"[(99841, 102)]"
2019-06-28 11:36:00,IMBALANCE,"[154, 102]"
2019-06-28 11:36:00,HOLDINGS_UPDATED,"{'CASH': 10750440, 'JPM': -8}"
2019-06-28 11:37:00,BID_DEPTH,"[(99628, 167)]"
2019-06-28 11:37:00,ASK_DEPTH,"[(99841, 215)]"
2019-06-28 11:37:00,IMBALANCE,"[167, 215]"
2019-06-28 11:37:00,HOLDINGS_UPDATED,"{'CASH': 10550758, 'JPM': -6}"
2019-06-28 11:38:00,BID_DEPTH,"[(99499, 191)]"
2019-06-28 11:38:00,ASK_DEPTH,"[(99841, 224)]"
2019-06-28 11:38:00,IMBALANCE,"[191, 224]"
2019-06-28 11:38:00,HOLDINGS_UPDATED,"{'CASH': 10351076, 'JPM': -4}"
2019-06-28 11:39:00,BID_DEPTH,"[(99432, 167)]"
2019-06-28 11:39:00,ASK_DEPTH,"[(99666, 115)]"
2019-06-28 11:39:00,IMBALANCE,"[167, 115]"
2019-06-28 11:39:00,HOLDINGS_UPDATED,"{'CASH': 10151744, 'JPM': -2}"
2019-06-28 11:40:00,BID_DEPTH,"[(99432, 234)]"
2019-06-28 11:40:00,ASK_DEPTH,"[(99841, 152)]"
2019-06-28 11:40:00,IMBALANCE,"[234, 152]"
2019-06-28 11:40:00,HOLDINGS_UPDATED,{'CASH': 9952062}
2019-06-28 11:41:00,BID_DEPTH,"[(99841, 316)]"
2019-06-28 11:41:00,ASK_DEPTH,"[(100074, 368)]"
2019-06-28 11:41:00,IMBALANCE,"[316, 368]"
2019-06-28 11:41:00,HOLDINGS_UPDATED,"{'CASH': 10151744, 'JPM': -2}"
2019-06-28 11:42:00,BID_DEPTH,"[(99940, 182)]"
2019-06-28 11:42:00,ASK_DEPTH,"[(100074, 226)]"
2019-06-28 11:42:00,IMBALANCE,"[182, 226]"
2019-06-28 11:42:00,HOLDINGS_UPDATED,"{'CASH': 10351624, 'JPM': -4}"
2019-06-28 11:43:00,BID_DEPTH,"[(99432, 139)]"
2019-06-28 11:43:00,ASK_DEPTH,"[(99579, 191)]"
2019-06-28 11:43:00,IMBALANCE,"[139, 191]"
2019-06-28 11:43:00,HOLDINGS_UPDATED,"{'CASH': 10550488, 'JPM': -6}"
2019-06-28 11:44:00,BID_DEPTH,"[(99384, 139)]"
2019-06-28 11:44:00,ASK_DEPTH,"[(99752, 191)]"
2019-06-28 11:44:00,IMBALANCE,"[139, 191]"
2019-06-28 11:44:00,HOLDINGS_UPDATED,"{'CASH': 10749256, 'JPM': -8}"
2019-06-28 11:45:00,BID_DEPTH,"[(99752, 139)]"
2019-06-28 11:45:00,ASK_DEPTH,"[(99940, 191)]"
2019-06-28 11:45:00,IMBALANCE,"[139, 191]"
2019-06-28 11:45:00,HOLDINGS_UPDATED,"{'CASH': 10948760, 'JPM': -10}"
2019-06-28 11:46:00,BID_DEPTH,"[(99735, 139)]"
2019-06-28 11:46:00,ASK_DEPTH,"[(99940, 183)]"
2019-06-28 11:46:00,IMBALANCE,"[139, 183]"
2019-06-28 11:46:00,HOLDINGS_UPDATED,"{'CASH': 11148230, 'JPM': -12}"
2019-06-28 11:47:00,BID_DEPTH,"[(99578, 115)]"
2019-06-28 11:47:00,ASK_DEPTH,"[(99867, 167)]"
2019-06-28 11:47:00,IMBALANCE,"[115, 167]"
2019-06-28 11:47:00,HOLDINGS_UPDATED,"{'CASH': 11347386, 'JPM': -14}"
2019-06-28 11:48:00,BID_DEPTH,"[(99458, 115)]"
2019-06-28 11:48:00,ASK_DEPTH,"[(99533, 167)]"
2019-06-28 11:48:00,IMBALANCE,"[115, 167]"
2019-06-28 11:48:00,HOLDINGS_UPDATED,"{'CASH': 11546302, 'JPM': -16}"
2019-06-28 11:49:00,BID_DEPTH,"[(99533, 35)]"
2019-06-28 11:49:00,ASK_DEPTH,"[(99750, 154)]"
2019-06-28 11:49:00,IMBALANCE,"[35, 154]"
2019-06-28 11:49:00,HOLDINGS_UPDATED,"{'CASH': 11745368, 'JPM': -18}"
2019-06-28 11:50:00,BID_DEPTH,"[(99533, 20)]"
2019-06-28 11:50:00,ASK_DEPTH,"[(99750, 167)]"
2019-06-28 11:50:00,IMBALANCE,"[20, 167]"
2019-06-28 11:50:00,HOLDINGS_UPDATED,"{'CASH': 11944434, 'JPM': -20}"
2019-06-28 11:51:00,BID_DEPTH,"[(99533, 6)]"
2019-06-28 11:51:00,ASK_DEPTH,"[(99817, 154)]"
2019-06-28 11:51:00,IMBALANCE,"[6, 154]"
2019-06-28 11:51:00,HOLDINGS_UPDATED,"{'CASH': 12143500, 'JPM': -22}"
2019-06-28 11:52:00,BID_DEPTH,"[(99310, 42)]"
2019-06-28 11:52:00,ASK_DEPTH,"[(99817, 191)]"
2019-06-28 11:52:00,IMBALANCE,"[42, 191]"
2019-06-28 11:52:00,HOLDINGS_UPDATED,"{'CASH': 12342120, 'JPM': -24}"
2019-06-28 11:53:00,BID_DEPTH,"[(99296, 404)]"
2019-06-28 11:53:00,ASK_DEPTH,"[(99310, 269)]"
2019-06-28 11:53:00,IMBALANCE,"[404, 269]"
2019-06-28 11:53:00,HOLDINGS_UPDATED,"{'CASH': 12540712, 'JPM': -26}"
2019-06-28 11:54:00,BID_DEPTH,"[(99310, 224)]"
2019-06-28 11:54:00,ASK_DEPTH,"[(99817, 368)]"
2019-06-28 11:54:00,IMBALANCE,"[224, 368]"
2019-06-28 11:54:00,HOLDINGS_UPDATED,"{'CASH': 12739332, 'JPM': -28}"
2019-06-28 11:55:00,BID_DEPTH,"[(99867, 56)]"
2019-06-28 11:55:00,ASK_DEPTH,"[(99940, 151)]"
2019-06-28 11:55:00,IMBALANCE,"[56, 151]"
2019-06-28 11:55:00,HOLDINGS_UPDATED,"{'CASH': 12939066, 'JPM': -30}"
2019-06-28 11:56:00,BID_DEPTH,"[(99867, 316)]"
2019-06-28 11:56:00,ASK_DEPTH,"[(99940, 352)]"
2019-06-28 11:56:00,IMBALANCE,"[316, 352]"
2019-06-28 11:56:00,HOLDINGS_UPDATED,"{'CASH': 13138800, 'JPM': -32}"
2019-06-28 11:57:00,BID_DEPTH,"[(99867, 115)]"
2019-06-28 11:57:00,ASK_DEPTH,"[(100053, 167)]"
2019-06-28 11:57:00,IMBALANCE,"[115, 167]"
2019-06-28 11:57:00,HOLDINGS_UPDATED,"{'CASH': 13338534, 'JPM': -34}"
2019-06-28 11:58:00,BID_DEPTH,"[(99310, 115)]"
2019-06-28 11:58:00,ASK_DEPTH,"[(100053, 167)]"
2019-06-28 11:58:00,IMBALANCE,"[115, 167]"
2019-06-28 11:58:00,HOLDINGS_UPDATED,"{'CASH': 13537154, 'JPM': -36}"
2019-06-28 11:59:00,BID_DEPTH,"[(99269, 139)]"
2019-06-28 11:59:00,ASK_DEPTH,"[(99598, 191)]"
2019-06-28 11:59:00,IMBALANCE,"[139, 191]"
2019-06-28 11:59:00,HOLDINGS_UPDATED,"{'CASH': 13735692, 'JPM': -38}"
2019-06-28 12:00:00,BID_DEPTH,[]
2019-06-28 12:00:00,ASK_DEPTH,"[(99598, 100)]"
2019-06-28 12:00:00,IMBALANCE,"[0, 100]"
2019-06-28 12:01:00,BID_DEPTH,[]
2019-06-28 12:01:00,ASK_DEPTH,"[(99598, 100)]"
2019-06-28 12:01:00,IMBALANCE,"[0, 100]"
2019-06-28 12:02:00,BID_DEPTH,"[(98188, 102)]"
2019-06-28 12:02:00,ASK_DEPTH,"[(98339, 154)]"
2019-06-28 12:02:00,IMBALANCE,"[102, 154]"
2019-06-28 12:02:00,HOLDINGS_UPDATED,"{'CASH': 13932068, 'JPM': -40}"
2019-06-28 12:03:00,BID_DEPTH,[]
2019-06-28 12:03:00,ASK_DEPTH,"[(98409, 100)]"
2019-06-28 12:03:00,IMBALANCE,"[0, 100]"
2019-06-28 12:04:00,BID_DEPTH,"[(99191, 102)]"
2019-06-28 12:04:00,ASK_DEPTH,"[(99233, 154)]"
2019-06-28 12:04:00,IMBALANCE,"[102, 154]"
2019-06-28 12:04:00,HOLDINGS_UPDATED,"{'CASH': 14130450, 'JPM': -42}"
2019-06-28 12:05:00,BID_DEPTH,[]
2019-06-28 12:05:00,ASK_DEPTH,"[(99238, 100)]"
2019-06-28 12:05:00,IMBALANCE,"[0, 100]"
2019-06-28 12:06:00,BID_DEPTH,"[(99233, 139)]"
2019-06-28 12:06:00,ASK_DEPTH,"[(99269, 191)]"
2019-06-28 12:06:00,IMBALANCE,"[139, 191]"
2019-06-28 12:06:00,HOLDINGS_UPDATED,"{'CASH': 14328916, 'JPM': -44}"
2019-06-28 12:07:00,BID_DEPTH,"[(99233, 102)]"
2019-06-28 12:07:00,ASK_DEPTH,"[(99354, 154)]"
2019-06-28 12:07:00,IMBALANCE,"[102, 154]"
2019-06-28 12:07:00,HOLDINGS_UPDATED,"{'CASH': 14527382, 'JPM': -46}"
2019-06-28 12:08:00,BID_DEPTH,"[(99233, 182)]"
2019-06-28 12:08:00,ASK_DEPTH,"[(99598, 234)]"
2019-06-28 12:08:00,IMBALANCE,"[182, 234]"
2019-06-28 12:08:00,HOLDINGS_UPDATED,"{'CASH': 14725848, 'JPM': -48}"
2019-06-28 12:09:00,BID_DEPTH,"[(99598, 11)]"
2019-06-28 12:09:00,ASK_DEPTH,"[(100053, 254)]"
2019-06-28 12:09:00,IMBALANCE,"[11, 254]"
2019-06-28 12:09:00,HOLDINGS_UPDATED,"{'CASH': 14925044, 'JPM': -50}"
2019-06-28 12:10:00,BID_DEPTH,"[(99233, 97)]"
2019-06-28 12:10:00,ASK_DEPTH,"[(100074, 183)]"
2019-06-28 12:10:00,IMBALANCE,"[97, 183]"
2019-06-28 12:10:00,HOLDINGS_UPDATED,"{'CASH': 15123510, 'JPM': -52}"
2019-06-28 12:11:00,BID_DEPTH,"[(100074, 10)]"
2019-06-28 12:11:00,ASK_DEPTH,"[(100302, 154)]"
2019-06-28 12:11:00,IMBALANCE,"[10, 154]"
2019-06-28 12:11:00,HOLDINGS_UPDATED,"{'CASH': 15323658, 'JPM': -54}"
2019-06-28 12:12:00,BID_DEPTH,"[(99957, 316)]"
2019-06-28 12:12:00,ASK_DEPTH,"[(100074, 271)]"
2019-06-28 12:12:00,IMBALANCE,"[316, 271]"
2019-06-28 12:12:00,HOLDINGS_UPDATED,"{'CASH': 15523572, 'JPM': -56}"
2019-06-28 12:13:00,BID_DEPTH,"[(99542, 182)]"
2019-06-28 12:13:00,ASK_DEPTH,"[(99957, 234)]"
2019-06-28 12:13:00,IMBALANCE,"[182, 234]"
2019-06-28 12:13:00,HOLDINGS_UPDATED,"{'CASH': 15722656, 'JPM': -58}"
2019-06-28 12:14:00,BID_DEPTH,"[(98196, 139)]"
2019-06-28 12:14:00,ASK_DEPTH,"[(98427, 191)]"
2019-06-28 12:14:00,IMBALANCE,"[139, 191]"
2019-06-28 12:14:00,HOLDINGS_UPDATED,"{'CASH': 15919048, 'JPM': -60}"
2019-06-28 12:15:00,BID_DEPTH,"[(98427, 249)]"
2019-06-28 12:15:00,ASK_DEPTH,"[(98958, 368)]"
2019-06-28 12:15:00,IMBALANCE,"[249, 368]"
2019-06-28 12:15:00,HOLDINGS_UPDATED,"{'CASH': 16115902, 'JPM': -62}"
2019-06-28 12:16:00,BID_DEPTH,"[(98427, 139)]"
2019-06-28 12:16:00,ASK_DEPTH,"[(99233, 242)]"
2019-06-28 12:16:00,IMBALANCE,"[139, 242]"
2019-06-28 12:16:00,HOLDINGS_UPDATED,"{'CASH': 16312756, 'JPM': -64}"
2019-06-28 12:17:00,BID_DEPTH,"[(98940, 48)]"
2019-06-28 12:17:00,ASK_DEPTH,"[(99233, 191)]"
2019-06-28 12:17:00,IMBALANCE,"[48, 191]"
2019-06-28 12:17:00,HOLDINGS_UPDATED,"{'CASH': 16510636, 'JPM': -66}"
2019-06-28 12:18:00,BID_DEPTH,"[(98940, 90)]"
2019-06-28 12:18:00,ASK_DEPTH,"[(100074, 137)]"
2019-06-28 12:18:00,IMBALANCE,"[90, 137]"
2019-06-28 12:18:00,HOLDINGS_UPDATED,"{'CASH': 16708516, 'JPM': -68}"
2019-06-28 12:19:00,BID_DEPTH,"[(99541, 139)]"
2019-06-28 12:19:00,ASK_DEPTH,"[(100074, 94)]"
2019-06-28 12:19:00,IMBALANCE,"[139, 94]"
2019-06-28 12:19:00,HOLDINGS_UPDATED,"{'CASH': 16907598, 'JPM': -70}"
2019-06-28 12:20:00,BID_DEPTH,"[(98940, 182)]"
2019-06-28 12:20:00,ASK_DEPTH,"[(100360, 234)]"
2019-06-28 12:20:00,IMBALANCE,"[182, 234]"
2019-06-28 12:20:00,HOLDINGS_UPDATED,"{'CASH': 17105478, 'JPM': -72}"
2019-06-28 12:21:00,BID_DEPTH,"[(98427, 310)]"
2019-06-28 12:21:00,ASK_DEPTH,"[(100909, 368)]"
2019-06-28 12:21:00,IMBALANCE,"[310, 368]"
2019-06-28 12:21:00,HOLDINGS_UPDATED,"{'CASH': 17302332, 'JPM': -74}"
2019-06-28 12:22:00,BID_DEPTH,"[(100787, 115)]"
2019-06-28 12:22:00,ASK_DEPTH,"[(101047, 167)]"
2019-06-28 12:22:00,IMBALANCE,"[115, 167]"
2019-06-28 12:22:00,HOLDINGS_UPDATED,"{'CASH': 17503906, 'JPM': -76}"
2019-06-28 12:23:00,BID_DEPTH,"[(100623, 182)]"
2019-06-28 12:23:00,ASK_DEPTH,"[(101047, 234)]"
2019-06-28 12:23:00,IMBALANCE,"[182, 234]"
2019-06-28 12:23:00,HOLDINGS_UPDATED,"{'CASH': 17705152, 'JPM': -78}"
2019-06-28 12:24:00,BID_DEPTH,"[(100923, 102)]"
2019-06-28 12:24:00,ASK_DEPTH,"[(101047, 154)]"
2019-06-28 12:24:00,IMBALANCE,"[102, 154]"
2019-06-28 12:24:00,HOLDINGS_UPDATED,"{'CASH': 17906998, 'JPM': -80}"
2019-06-28 12:25:00,BID_DEPTH,"[(101054, 191)]"
2019-06-28 12:25:00,ASK_DEPTH,"[(101192, 139)]"
2019-06-28 12:25:00,IMBALANCE,"[191, 139]"
2019-06-28 12:25:00,HOLDINGS_UPDATED,"{'CASH': 17704614, 'JPM': -78}"
2019-06-28 12:26:00,BID_DEPTH,"[(100894, 368)]"
2019-06-28 12:26:00,ASK_DEPTH,"[(101054, 233)]"
2019-06-28 12:26:00,IMBALANCE,"[368, 233]"
2019-06-28 12:26:00,HOLDINGS_UPDATED,"{'CASH': 17502506, 'JPM': -76}"
2019-06-28 12:27:00,BID_DEPTH,"[(100623, 234)]"
2019-06-28 12:27:00,ASK_DEPTH,"[(100883, 128)]"
2019-06-28 12:27:00,IMBALANCE,"[234, 128]"
2019-06-28 12:27:00,HOLDINGS_UPDATED,"{'CASH': 17300740, 'JPM': -74}"
2019-06-28 12:28:00,BID_DEPTH,"[(100324, 368)]"
2019-06-28 12:28:00,ASK_DEPTH,"[(100623, 316)]"
2019-06-28 12:28:00,IMBALANCE,"[368, 316]"
2019-06-28 12:28:00,HOLDINGS_UPDATED,"{'CASH': 17099494, 'JPM': -72}"
2019-06-28 12:29:00,BID_DEPTH,"[(100324, 226)]"
2019-06-28 12:29:00,ASK_DEPTH,"[(100623, 182)]"
2019-06-28 12:29:00,IMBALANCE,"[226, 182]"
2019-06-28 12:29:00,HOLDINGS_UPDATED,"{'CASH': 16898248, 'JPM': -70}"
2019-06-28 12:30:00,BID_DEPTH,"[(100182, 291)]"
2019-06-28 12:30:00,ASK_DEPTH,"[(100773, 139)]"
2019-06-28 12:30:00,IMBALANCE,"[291, 139]"
2019-06-28 12:30:00,HOLDINGS_UPDATED,"{'CASH': 16696702, 'JPM': -68}"
2019-06-28 12:31:00,BID_DEPTH,"[(100182, 459)]"
2019-06-28 12:31:00,ASK_DEPTH,"[(100894, 115)]"
2019-06-28 12:31:00,IMBALANCE,"[459, 115]"
2019-06-28 12:31:00,HOLDINGS_UPDATED,"{'CASH': 16494914, 'JPM': -66}"
2019-06-28 12:32:00,BID_DEPTH,"[(101139, 191)]"
2019-06-28 12:32:00,ASK_DEPTH,"[(101142, 139)]"
2019-06-28 12:32:00,IMBALANCE,"[191, 139]"
2019-06-28 12:32:00,HOLDINGS_UPDATED,"{'CASH': 16292630, 'JPM': -64}"
2019-06-28 12:33:00,BID_DEPTH,"[(101246, 254)]"
2019-06-28 12:33:00,ASK_DEPTH,"[(101305, 102)]"
2019-06-28 12:33:00,IMBALANCE,"[254, 102]"
2019-06-28 12:33:00,HOLDINGS_UPDATED,"{'CASH': 16090020, 'JPM': -62}"
2019-06-28 12:34:00,BID_DEPTH,"[(101246, 460)]"
2019-06-28 12:34:00,ASK_DEPTH,"[(101337, 316)]"
2019-06-28 12:34:00,IMBALANCE,"[460, 316]"
2019-06-28 12:34:00,HOLDINGS_UPDATED,"{'CASH': 15887346, 'JPM': -60}"
2019-06-28 12:35:00,BID_DEPTH,"[(101246, 259)]"
2019-06-28 12:35:00,ASK_DEPTH,"[(101590, 115)]"
2019-06-28 12:35:00,IMBALANCE,"[259, 115]"
2019-06-28 12:35:00,HOLDINGS_UPDATED,"{'CASH': 15684166, 'JPM': -58}"
2019-06-28 12:36:00,BID_DEPTH,"[(101582, 154)]"
2019-06-28 12:36:00,ASK_DEPTH,"[(101594, 102)]"
2019-06-28 12:36:00,IMBALANCE,"[154, 102]"
2019-06-28 12:36:00,HOLDINGS_UPDATED,"{'CASH': 15480978, 'JPM': -56}"
2019-06-28 12:37:00,BID_DEPTH,"[(101582, 154)]"
2019-06-28 12:37:00,ASK_DEPTH,"[(101892, 102)]"
2019-06-28 12:37:00,IMBALANCE,"[154, 102]"
2019-06-28 12:37:00,HOLDINGS_UPDATED,"{'CASH': 15277194, 'JPM': -54}"
2019-06-28 12:38:00,BID_DEPTH,"[(101582, 191)]"
2019-06-28 12:38:00,ASK_DEPTH,"[(101706, 139)]"
2019-06-28 12:38:00,IMBALANCE,"[191, 139]"
2019-06-28 12:38:00,HOLDINGS_UPDATED,"{'CASH': 15073782, 'JPM': -52}"
2019-06-28 12:39:00,BID_DEPTH,"[(101582, 154)]"
2019-06-28 12:39:00,ASK_DEPTH,"[(101706, 202)]"
2019-06-28 12:39:00,IMBALANCE,"[154, 202]"
2019-06-28 12:39:00,HOLDINGS_UPDATED,"{'CASH': 14870370, 'JPM': -50}"
2019-06-28 12:40:00,BID_DEPTH,"[(101505, 234)]"
2019-06-28 12:40:00,ASK_DEPTH,"[(101582, 128)]"
2019-06-28 12:40:00,IMBALANCE,"[234, 128]"
2019-06-28 12:40:00,HOLDINGS_UPDATED,"{'CASH': 14667206, 'JPM': -48}"
2019-06-28 12:41:00,BID_DEPTH,"[(101246, 167)]"
2019-06-28 12:41:00,ASK_DEPTH,"[(101582, 115)]"
2019-06-28 12:41:00,IMBALANCE,"[167, 115]"
2019-06-28 12:41:00,HOLDINGS_UPDATED,"{'CASH': 14464042, 'JPM': -46}"
2019-06-28 12:42:00,BID_DEPTH,"[(101139, 159)]"
2019-06-28 12:42:00,ASK_DEPTH,"[(101706, 108)]"
2019-06-28 12:42:00,IMBALANCE,"[159, 108]"
2019-06-28 12:42:00,HOLDINGS_UPDATED,"{'CASH': 14260630, 'JPM': -44}"
2019-06-28 12:43:00,BID_DEPTH,"[(100854, 154)]"
2019-06-28 12:43:00,ASK_DEPTH,"[(101706, 102)]"
2019-06-28 12:43:00,IMBALANCE,"[154, 102]"
2019-06-28 12:43:00,HOLDINGS_UPDATED,"{'CASH': 14057218, 'JPM': -42}"
2019-06-28 12:44:00,BID_DEPTH,"[(100420, 234)]"
2019-06-28 12:44:00,ASK_DEPTH,"[(101751, 182)]"
2019-06-28 12:44:00,IMBALANCE,"[234, 182]"
2019-06-28 12:44:00,HOLDINGS_UPDATED,"{'CASH': 13853716, 'JPM': -40}"
2019-06-28 12:45:00,BID_DEPTH,"[(98662, 368)]"
2019-06-28 12:45:00,ASK_DEPTH,"[(99134, 316)]"
2019-06-28 12:45:00,IMBALANCE,"[368, 316]"
2019-06-28 12:45:00,HOLDINGS_UPDATED,"{'CASH': 13655448, 'JPM': -38}"
2019-06-28 12:46:00,BID_DEPTH,"[(98662, 191)]"
2019-06-28 12:46:00,ASK_DEPTH,"[(99126, 139)]"
2019-06-28 12:46:00,IMBALANCE,"[191, 139]"
2019-06-28 12:46:00,HOLDINGS_UPDATED,"{'CASH': 13457196, 'JPM': -36}"
2019-06-28 12:47:00,BID_DEPTH,"[(98662, 154)]"
2019-06-28 12:47:00,ASK_DEPTH,"[(99134, 202)]"
2019-06-28 12:47:00,IMBALANCE,"[154, 202]"
2019-06-28 12:47:00,HOLDINGS_UPDATED,"{'CASH': 13258928, 'JPM': -34}"
2019-06-28 12:48:00,BID_DEPTH,"[(98662, 167)]"
2019-06-28 12:48:00,ASK_DEPTH,"[(99134, 300)]"
2019-06-28 12:48:00,IMBALANCE,"[167, 300]"
2019-06-28 12:48:00,HOLDINGS_UPDATED,"{'CASH': 13060660, 'JPM': -32}"
2019-06-28 12:49:00,BID_DEPTH,"[(98900, 154)]"
2019-06-28 12:49:00,ASK_DEPTH,"[(99134, 172)]"
2019-06-28 12:49:00,IMBALANCE,"[154, 172]"
2019-06-28 12:49:00,HOLDINGS_UPDATED,"{'CASH': 12862392, 'JPM': -30}"
2019-06-28 12:50:00,BID_DEPTH,"[(98973, 154)]"
2019-06-28 12:50:00,ASK_DEPTH,"[(99134, 257)]"
2019-06-28 12:50:00,IMBALANCE,"[154, 257]"
2019-06-28 12:50:00,HOLDINGS_UPDATED,"{'CASH': 12664124, 'JPM': -28}"
2019-06-28 12:51:00,BID_DEPTH,"[(99101, 167)]"
2019-06-28 12:51:00,ASK_DEPTH,"[(99134, 55)]"
2019-06-28 12:51:00,IMBALANCE,"[167, 55]"
2019-06-28 12:51:00,HOLDINGS_UPDATED,"{'CASH': 12465856, 'JPM': -26}"
2019-06-28 12:52:00,BID_DEPTH,"[(99101, 154)]"
2019-06-28 12:52:00,ASK_DEPTH,"[(99299, 102)]"
2019-06-28 12:52:00,IMBALANCE,"[154, 102]"
2019-06-28 12:52:00,HOLDINGS_UPDATED,"{'CASH': 12267258, 'JPM': -24}"
2019-06-28 12:53:00,BID_DEPTH,"[(99101, 368)]"
2019-06-28 12:53:00,ASK_DEPTH,"[(99392, 316)]"
2019-06-28 12:53:00,IMBALANCE,"[368, 316]"
2019-06-28 12:53:00,HOLDINGS_UPDATED,"{'CASH': 12068474, 'JPM': -22}"
2019-06-28 12:54:00,BID_DEPTH,"[(98973, 234)]"
2019-06-28 12:54:00,ASK_DEPTH,"[(99454, 182)]"
2019-06-28 12:54:00,IMBALANCE,"[234, 182]"
2019-06-28 12:54:00,HOLDINGS_UPDATED,"{'CASH': 11869566, 'JPM': -20}"
2019-06-28 12:55:00,BID_DEPTH,"[(98973, 167)]"
2019-06-28 12:55:00,ASK_DEPTH,"[(99028, 115)]"
2019-06-28 12:55:00,IMBALANCE,"[167, 115]"
2019-06-28 12:55:00,HOLDINGS_UPDATED,"{'CASH': 11671510, 'JPM': -18}"
2019-06-28 12:56:00,BID_DEPTH,"[(98973, 139)]"
2019-06-28 12:56:00,ASK_DEPTH,"[(98977, 191)]"
2019-06-28 12:56:00,IMBALANCE,"[139, 191]"
2019-06-28 12:56:00,HOLDINGS_UPDATED,"{'CASH': 11869456, 'JPM': -20}"
2019-06-28 12:57:00,BID_DEPTH,"[(98955, 139)]"
2019-06-28 12:57:00,ASK_DEPTH,"[(99267, 191)]"
2019-06-28 12:57:00,IMBALANCE,"[139, 191]"
2019-06-28 12:57:00,HOLDINGS_UPDATED,"{'CASH': 12067366, 'JPM': -22}"
2019-06-28 12:58:00,BID_DEPTH,"[(98933, 316)]"
2019-06-28 12:58:00,ASK_DEPTH,"[(99267, 560)]"
2019-06-28 12:58:00,IMBALANCE,"[316, 560]"
2019-06-28 12:58:00,HOLDINGS_UPDATED,"{'CASH': 12265232, 'JPM': -24}"
2019-06-28 12:59:00,BID_DEPTH,"[(99260, 316)]"
2019-06-28 12:59:00,ASK_DEPTH,"[(99267, 560)]"
2019-06-28 12:59:00,IMBALANCE,"[316, 560]"
2019-06-28 12:59:00,HOLDINGS_UPDATED,"{'CASH': 12463752, 'JPM': -26}"
2019-06-28 13:00:00,BID_DEPTH,"[(98930, 316)]"
2019-06-28 13:00:00,ASK_DEPTH,"[(99267, 560)]"
2019-06-28 13:00:00,IMBALANCE,"[316, 560]"
2019-06-28 13:00:00,HOLDINGS_UPDATED,"{'CASH': 12661612, 'JPM': -28}"
2019-06-28 13:01:00,BID_DEPTH,"[(98766, 182)]"
2019-06-28 13:01:00,ASK_DEPTH,"[(98930, 234)]"
2019-06-28 13:01:00,IMBALANCE,"[182, 234]"
2019-06-28 13:01:00,HOLDINGS_UPDATED,"{'CASH': 12859144, 'JPM': -30}"
2019-06-28 13:02:00,BID_DEPTH,"[(98597, 316)]"
2019-06-28 13:02:00,ASK_DEPTH,"[(98930, 368)]"
2019-06-28 13:02:00,IMBALANCE,"[316, 368]"
2019-06-28 13:02:00,HOLDINGS_UPDATED,"{'CASH': 13056338, 'JPM': -32}"
2019-06-28 13:03:00,BID_DEPTH,"[(98480, 316)]"
2019-06-28 13:03:00,ASK_DEPTH,"[(98992, 368)]"
2019-06-28 13:03:00,IMBALANCE,"[316, 368]"
2019-06-28 13:03:00,HOLDINGS_UPDATED,"{'CASH': 13253298, 'JPM': -34}"
2019-06-28 13:04:00,BID_DEPTH,"[(99008, 316)]"
2019-06-28 13:04:00,ASK_DEPTH,"[(99267, 560)]"
2019-06-28 13:04:00,IMBALANCE,"[316, 560]"
2019-06-28 13:04:00,HOLDINGS_UPDATED,"{'CASH': 13451314, 'JPM': -36}"
2019-06-28 13:05:00,BID_DEPTH,"[(99008, 102)]"
2019-06-28 13:05:00,ASK_DEPTH,"[(99267, 246)]"
2019-06-28 13:05:00,IMBALANCE,"[102, 246]"
2019-06-28 13:05:00,HOLDINGS_UPDATED,"{'CASH': 13649330, 'JPM': -38}"
2019-06-28 13:06:00,BID_DEPTH,"[(98403, 139)]"
2019-06-28 13:06:00,ASK_DEPTH,"[(99267, 283)]"
2019-06-28 13:06:00,IMBALANCE,"[139, 283]"
2019-06-28 13:06:00,HOLDINGS_UPDATED,"{'CASH': 13846136, 'JPM': -40}"
2019-06-28 13:07:00,BID_DEPTH,"[(98403, 239)]"
2019-06-28 13:07:00,ASK_DEPTH,"[(99267, 283)]"
2019-06-28 13:07:00,IMBALANCE,"[239, 283]"
2019-06-28 13:07:00,HOLDINGS_UPDATED,"{'CASH': 14042942, 'JPM': -42}"
2019-06-28 13:08:00,BID_DEPTH,"[(98404, 316)]"
2019-06-28 13:08:00,ASK_DEPTH,"[(99267, 360)]"
2019-06-28 13:08:00,IMBALANCE,"[316, 360]"
2019-06-28 13:08:00,HOLDINGS_UPDATED,"{'CASH': 14239750, 'JPM': -44}"
2019-06-28 13:09:00,BID_DEPTH,"[(98404, 315)]"
2019-06-28 13:09:00,ASK_DEPTH,"[(99267, 159)]"
2019-06-28 13:09:00,IMBALANCE,"[315, 159]"
2019-06-28 13:09:00,HOLDINGS_UPDATED,"{'CASH': 14436558, 'JPM': -46}"
2019-06-28 13:10:00,BID_DEPTH,"[(98404, 195)]"
2019-06-28 13:10:00,ASK_DEPTH,"[(99267, 146)]"
2019-06-28 13:10:00,IMBALANCE,"[195, 146]"
2019-06-28 13:10:00,HOLDINGS_UPDATED,"{'CASH': 14633366, 'JPM': -48}"
2019-06-28 13:11:00,BID_DEPTH,"[(98404, 125)]"
2019-06-28 13:11:00,ASK_DEPTH,"[(99399, 191)]"
2019-06-28 13:11:00,IMBALANCE,"[125, 191]"
2019-06-28 13:11:00,HOLDINGS_UPDATED,"{'CASH': 14830174, 'JPM': -50}"
2019-06-28 13:12:00,BID_DEPTH,"[(98404, 215)]"
2019-06-28 13:12:00,ASK_DEPTH,"[(99399, 167)]"
2019-06-28 13:12:00,IMBALANCE,"[215, 167]"
2019-06-28 13:12:00,HOLDINGS_UPDATED,"{'CASH': 15026982, 'JPM': -52}"
2019-06-28 13:13:00,BID_DEPTH,"[(98404, 175)]"
2019-06-28 13:13:00,ASK_DEPTH,"[(99440, 234)]"
2019-06-28 13:13:00,IMBALANCE,"[175, 234]"
2019-06-28 13:13:00,HOLDINGS_UPDATED,"{'CASH': 15223790, 'JPM': -54}"
2019-06-28 13:14:00,BID_DEPTH,"[(100024, 102)]"
2019-06-28 13:14:00,ASK_DEPTH,"[(100153, 154)]"
2019-06-28 13:14:00,IMBALANCE,"[102, 154]"
2019-06-28 13:14:00,HOLDINGS_UPDATED,"{'CASH': 15423838, 'JPM': -56}"
2019-06-28 13:15:00,BID_DEPTH,"[(100306, 416)]"
2019-06-28 13:15:00,ASK_DEPTH,"[(100477, 368)]"
2019-06-28 13:15:00,IMBALANCE,"[416, 368]"
2019-06-28 13:15:00,HOLDINGS_UPDATED,"{'CASH': 15624450, 'JPM': -58}"
2019-06-28 13:16:00,BID_DEPTH,"[(100182, 139)]"
2019-06-28 13:16:00,ASK_DEPTH,"[(100441, 191)]"
2019-06-28 13:16:00,IMBALANCE,"[139, 191]"
2019-06-28 13:16:00,HOLDINGS_UPDATED,"{'CASH': 15824814, 'JPM': -60}"
2019-06-28 13:17:00,BID_DEPTH,"[(100128, 139)]"
2019-06-28 13:17:00,ASK_DEPTH,"[(100182, 291)]"
2019-06-28 13:17:00,IMBALANCE,"[139, 291]"
2019-06-28 13:17:00,HOLDINGS_UPDATED,"{'CASH': 16025070, 'JPM': -62}"
2019-06-28 13:18:00,BID_DEPTH,"[(99880, 316)]"
2019-06-28 13:18:00,ASK_DEPTH,"[(100127, 368)]"
2019-06-28 13:18:00,IMBALANCE,"[316, 368]"
2019-06-28 13:18:00,HOLDINGS_UPDATED,"{'CASH': 16224830, 'JPM': -64}"
2019-06-28 13:19:00,BID_DEPTH,"[(100079, 182)]"
2019-06-28 13:19:00,ASK_DEPTH,"[(100127, 234)]"
2019-06-28 13:19:00,IMBALANCE,"[182, 234]"
2019-06-28 13:19:00,HOLDINGS_UPDATED,"{'CASH': 16424988, 'JPM': -66}"
2019-06-28 13:20:00,BID_DEPTH,"[(100069, 115)]"
2019-06-28 13:20:00,ASK_DEPTH,"[(100127, 167)]"
2019-06-28 13:20:00,IMBALANCE,"[115, 167]"
2019-06-28 13:20:00,HOLDINGS_UPDATED,"{'CASH': 16625126, 'JPM': -68}"
2019-06-28 13:21:00,BID_DEPTH,"[(99735, 115)]"
2019-06-28 13:21:00,ASK_DEPTH,"[(100182, 167)]"
2019-06-28 13:21:00,IMBALANCE,"[115, 167]"
2019-06-28 13:21:00,HOLDINGS_UPDATED,"{'CASH': 16824596, 'JPM': -70}"
2019-06-28 13:22:00,BID_DEPTH,"[(100417, 139)]"
2019-06-28 13:22:00,ASK_DEPTH,"[(100523, 191)]"
2019-06-28 13:22:00,IMBALANCE,"[139, 191]"
2019-06-28 13:22:00,HOLDINGS_UPDATED,"{'CASH': 17025430, 'JPM': -72}"
2019-06-28 13:23:00,BID_DEPTH,"[(100423, 139)]"
2019-06-28 13:23:00,ASK_DEPTH,"[(100456, 191)]"
2019-06-28 13:23:00,IMBALANCE,"[139, 191]"
2019-06-28 13:23:00,HOLDINGS_UPDATED,"{'CASH': 17226276, 'JPM': -74}"
2019-06-28 13:24:00,BID_DEPTH,"[(100417, 102)]"
2019-06-28 13:24:00,ASK_DEPTH,"[(100523, 154)]"
2019-06-28 13:24:00,IMBALANCE,"[102, 154]"
2019-06-28 13:24:00,HOLDINGS_UPDATED,"{'CASH': 17427110, 'JPM': -76}"
2019-06-28 13:25:00,BID_DEPTH,"[(100286, 115)]"
2019-06-28 13:25:00,ASK_DEPTH,"[(100523, 167)]"
2019-06-28 13:25:00,IMBALANCE,"[115, 167]"
2019-06-28 13:25:00,HOLDINGS_UPDATED,"{'CASH': 17627682, 'JPM': -78}"
2019-06-28 13:26:00,BID_DEPTH,"[(100269, 167)]"
2019-06-28 13:26:00,ASK_DEPTH,"[(100286, 63)]"
2019-06-28 13:26:00,IMBALANCE,"[167, 63]"
2019-06-28 13:26:00,HOLDINGS_UPDATED,"{'CASH': 17427110, 'JPM': -76}"
2019-06-28 13:27:00,BID_DEPTH,"[(99735, 167)]"
2019-06-28 13:27:00,ASK_DEPTH,"[(100269, 32)]"
2019-06-28 13:27:00,IMBALANCE,"[167, 32]"
2019-06-28 13:27:00,HOLDINGS_UPDATED,"{'CASH': 17226572, 'JPM': -74}"
2019-06-28 13:28:00,BID_DEPTH,"[(99735, 154)]"
2019-06-28 13:28:00,ASK_DEPTH,"[(100269, 9)]"
2019-06-28 13:28:00,IMBALANCE,"[154, 9]"
2019-06-28 13:28:00,HOLDINGS_UPDATED,"{'CASH': 17026034, 'JPM': -72}"
2019-06-28 13:29:00,BID_DEPTH,"[(100269, 138)]"
2019-06-28 13:29:00,ASK_DEPTH,"[(100523, 318)]"
2019-06-28 13:29:00,IMBALANCE,"[138, 318]"
2019-06-28 13:29:00,HOLDINGS_UPDATED,"{'CASH': 16824988, 'JPM': -70}"
2019-06-28 13:30:00,BID_DEPTH,"[(99735, 368)]"
2019-06-28 13:30:00,ASK_DEPTH,"[(100269, 258)]"
2019-06-28 13:30:00,IMBALANCE,"[368, 258]"
2019-06-28 13:30:00,HOLDINGS_UPDATED,"{'CASH': 16624450, 'JPM': -68}"
2019-06-28 13:31:00,BID_DEPTH,"[(99691, 368)]"
2019-06-28 13:31:00,ASK_DEPTH,"[(100523, 345)]"
2019-06-28 13:31:00,IMBALANCE,"[368, 345]"
2019-06-28 13:31:00,HOLDINGS_UPDATED,"{'CASH': 16423404, 'JPM': -66}"
2019-06-28 13:32:00,BID_DEPTH,"[(99691, 191)]"
2019-06-28 13:32:00,ASK_DEPTH,"[(100523, 61)]"
2019-06-28 13:32:00,IMBALANCE,"[191, 61]"
2019-06-28 13:32:00,HOLDINGS_UPDATED,"{'CASH': 16222358, 'JPM': -64}"
2019-06-28 13:33:00,BID_DEPTH,"[(99691, 234)]"
2019-06-28 13:33:00,ASK_DEPTH,"[(100552, 182)]"
2019-06-28 13:33:00,IMBALANCE,"[234, 182]"
2019-06-28 13:33:00,HOLDINGS_UPDATED,"{'CASH': 16021254, 'JPM': -62}"
2019-06-28 13:34:00,BID_DEPTH,"[(99647, 191)]"
2019-06-28 13:34:00,ASK_DEPTH,"[(99931, 139)]"
2019-06-28 13:34:00,IMBALANCE,"[191, 139]"
2019-06-28 13:34:00,HOLDINGS_UPDATED,"{'CASH': 15821392, 'JPM': -60}"
2019-06-28 13:35:00,BID_DEPTH,"[(99611, 234)]"
2019-06-28 13:35:00,ASK_DEPTH,"[(100177, 182)]"
2019-06-28 13:35:00,IMBALANCE,"[234, 182]"
2019-06-28 13:35:00,HOLDINGS_UPDATED,"{'CASH': 15621038, 'JPM': -58}"
2019-06-28 13:36:00,BID_DEPTH,"[(99653, 154)]"
2019-06-28 13:36:00,ASK_DEPTH,"[(100208, 102)]"
2019-06-28 13:36:00,IMBALANCE,"[154, 102]"
2019-06-28 13:36:00,HOLDINGS_UPDATED,"{'CASH': 15420622, 'JPM': -56}"
2019-06-28 13:37:00,BID_DEPTH,"[(99865, 368)]"
2019-06-28 13:37:00,ASK_DEPTH,"[(100208, 316)]"
2019-06-28 13:37:00,IMBALANCE,"[368, 316]"
2019-06-28 13:37:00,HOLDINGS_UPDATED,"{'CASH': 15220206, 'JPM': -54}"
2019-06-28 13:38:00,BID_DEPTH,"[(99865, 368)]"
2019-06-28 13:38:00,ASK_DEPTH,"[(100552, 316)]"
2019-06-28 13:38:00,IMBALANCE,"[368, 316]"
2019-06-28 13:38:00,HOLDINGS_UPDATED,"{'CASH': 15019102, 'JPM': -52}"
2019-06-28 13:39:00,BID_DEPTH,"[(100155, 368)]"
2019-06-28 13:39:00,ASK_DEPTH,"[(100551, 316)]"
2019-06-28 13:39:00,IMBALANCE,"[368, 316]"
2019-06-28 13:39:00,HOLDINGS_UPDATED,"{'CASH': 14818000, 'JPM': -50}"
2019-06-28 13:40:00,BID_DEPTH,"[(99865, 154)]"
2019-06-28 13:40:00,ASK_DEPTH,"[(100567, 102)]"
2019-06-28 13:40:00,IMBALANCE,"[154, 102]"
2019-06-28 13:40:00,HOLDINGS_UPDATED,"{'CASH': 14616866, 'JPM': -48}"
2019-06-28 13:41:00,BID_DEPTH,"[(99653, 154)]"
2019-06-28 13:41:00,ASK_DEPTH,"[(99790, 102)]"
2019-06-28 13:41:00,IMBALANCE,"[154, 102]"
2019-06-28 13:41:00,HOLDINGS_UPDATED,"{'CASH': 14417286, 'JPM': -46}"
2019-06-28 13:42:00,BID_DEPTH,"[(99886, 154)]"
2019-06-28 13:42:00,ASK_DEPTH,"[(100567, 102)]"
2019-06-28 13:42:00,IMBALANCE,"[154, 102]"
2019-06-28 13:42:00,HOLDINGS_UPDATED,"{'CASH': 14216152, 'JPM': -44}"
2019-06-28 13:43:00,BID_DEPTH,"[(99873, 154)]"
2019-06-28 13:43:00,ASK_DEPTH,"[(99901, 102)]"
2019-06-28 13:43:00,IMBALANCE,"[154, 102]"
2019-06-28 13:43:00,HOLDINGS_UPDATED,"{'CASH': 14016350, 'JPM': -42}"
2019-06-28 13:44:00,BID_DEPTH,"[(99905, 368)]"
2019-06-28 13:44:00,ASK_DEPTH,"[(100038, 316)]"
2019-06-28 13:44:00,IMBALANCE,"[368, 316]"
2019-06-28 13:44:00,HOLDINGS_UPDATED,"{'CASH': 13816274, 'JPM': -40}"
2019-06-28 13:45:00,BID_DEPTH,"[(99905, 368)]"
2019-06-28 13:45:00,ASK_DEPTH,"[(100567, 316)]"
2019-06-28 13:45:00,IMBALANCE,"[368, 316]"
2019-06-28 13:45:00,HOLDINGS_UPDATED,"{'CASH': 13615140, 'JPM': -38}"
2019-06-28 13:46:00,BID_DEPTH,"[(100049, 167)]"
2019-06-28 13:46:00,ASK_DEPTH,"[(100388, 115)]"
2019-06-28 13:46:00,IMBALANCE,"[167, 115]"
2019-06-28 13:46:00,HOLDINGS_UPDATED,"{'CASH': 13414364, 'JPM': -36}"
2019-06-28 13:47:00,BID_DEPTH,"[(100185, 154)]"
2019-06-28 13:47:00,ASK_DEPTH,"[(100430, 102)]"
2019-06-28 13:47:00,IMBALANCE,"[154, 102]"
2019-06-28 13:47:00,HOLDINGS_UPDATED,"{'CASH': 13213504, 'JPM': -34}"
2019-06-28 13:48:00,BID_DEPTH,"[(100185, 167)]"
2019-06-28 13:48:00,ASK_DEPTH,"[(100384, 115)]"
2019-06-28 13:48:00,IMBALANCE,"[167, 115]"
2019-06-28 13:48:00,HOLDINGS_UPDATED,"{'CASH': 13012736, 'JPM': -32}"
2019-06-28 13:49:00,BID_DEPTH,"[(100614, 113)]"
2019-06-28 13:49:00,ASK_DEPTH,"[(100778, 115)]"
2019-06-28 13:49:00,IMBALANCE,"[113, 115]"
2019-06-28 13:49:00,HOLDINGS_UPDATED,"{'CASH': 12811180, 'JPM': -30}"
2019-06-28 13:50:00,BID_DEPTH,"[(100794, 234)]"
2019-06-28 13:50:00,ASK_DEPTH,"[(100862, 182)]"
2019-06-28 13:50:00,IMBALANCE,"[234, 182]"
2019-06-28 13:50:00,HOLDINGS_UPDATED,"{'CASH': 12609456, 'JPM': -28}"
2019-06-28 13:51:00,BID_DEPTH,"[(100778, 131)]"
2019-06-28 13:51:00,ASK_DEPTH,"[(100869, 139)]"
2019-06-28 13:51:00,IMBALANCE,"[131, 139]"
2019-06-28 13:51:00,HOLDINGS_UPDATED,"{'CASH': 12407718, 'JPM': -26}"
2019-06-28 13:52:00,BID_DEPTH,"[(100778, 131)]"
2019-06-28 13:52:00,ASK_DEPTH,"[(100780, 139)]"
2019-06-28 13:52:00,IMBALANCE,"[131, 139]"
2019-06-28 13:52:00,HOLDINGS_UPDATED,"{'CASH': 12206158, 'JPM': -24}"
2019-06-28 13:53:00,BID_DEPTH,"[(100966, 191)]"
2019-06-28 13:53:00,ASK_DEPTH,"[(101063, 139)]"
2019-06-28 13:53:00,IMBALANCE,"[191, 139]"
2019-06-28 13:53:00,HOLDINGS_UPDATED,"{'CASH': 12004032, 'JPM': -22}"
2019-06-28 13:54:00,BID_DEPTH,"[(101063, 150)]"
2019-06-28 13:54:00,ASK_DEPTH,"[(101184, 182)]"
2019-06-28 13:54:00,IMBALANCE,"[150, 182]"
2019-06-28 13:54:00,HOLDINGS_UPDATED,"{'CASH': 11801664, 'JPM': -20}"
2019-06-28 13:55:00,BID_DEPTH,"[(100966, 368)]"
2019-06-28 13:55:00,ASK_DEPTH,"[(101184, 316)]"
2019-06-28 13:55:00,IMBALANCE,"[368, 316]"
2019-06-28 13:55:00,HOLDINGS_UPDATED,"{'CASH': 11599296, 'JPM': -18}"
2019-06-28 13:56:00,BID_DEPTH,"[(100780, 234)]"
2019-06-28 13:56:00,ASK_DEPTH,"[(101184, 182)]"
2019-06-28 13:56:00,IMBALANCE,"[234, 182]"
2019-06-28 13:56:00,HOLDINGS_UPDATED,"{'CASH': 11396928, 'JPM': -16}"
2019-06-28 13:57:00,BID_DEPTH,"[(100614, 154)]"
2019-06-28 13:57:00,ASK_DEPTH,"[(100664, 35)]"
2019-06-28 13:57:00,IMBALANCE,"[154, 35]"
2019-06-28 13:57:00,HOLDINGS_UPDATED,"{'CASH': 11195600, 'JPM': -14}"
2019-06-28 13:58:00,BID_DEPTH,"[(100578, 368)]"
2019-06-28 13:58:00,ASK_DEPTH,"[(100664, 222)]"
2019-06-28 13:58:00,IMBALANCE,"[368, 222]"
2019-06-28 13:58:00,HOLDINGS_UPDATED,"{'CASH': 10994272, 'JPM': -12}"
2019-06-28 13:59:00,BID_DEPTH,"[(100578, 234)]"
2019-06-28 13:59:00,ASK_DEPTH,"[(101184, 565)]"
2019-06-28 13:59:00,IMBALANCE,"[234, 565]"
2019-06-28 13:59:00,HOLDINGS_UPDATED,"{'CASH': 10791904, 'JPM': -10}"
2019-06-28 14:00:00,BID_DEPTH,"[(100243, 167)]"
2019-06-28 14:00:00,ASK_DEPTH,"[(100247, 115)]"
2019-06-28 14:00:00,IMBALANCE,"[167, 115]"
2019-06-28 14:00:00,HOLDINGS_UPDATED,"{'CASH': 10591410, 'JPM': -8}"
2019-06-28 14:01:00,BID_DEPTH,"[(100113, 191)]"
2019-06-28 14:01:00,ASK_DEPTH,"[(101184, 415)]"
2019-06-28 14:01:00,IMBALANCE,"[191, 415]"
2019-06-28 14:01:00,HOLDINGS_UPDATED,"{'CASH': 10389042, 'JPM': -6}"
2019-06-28 14:02:00,BID_DEPTH,"[(100022, 167)]"
2019-06-28 14:02:00,ASK_DEPTH,"[(101184, 284)]"
2019-06-28 14:02:00,IMBALANCE,"[167, 284]"
2019-06-28 14:02:00,HOLDINGS_UPDATED,"{'CASH': 10186674, 'JPM': -4}"
2019-06-28 14:03:00,BID_DEPTH,"[(99873, 234)]"
2019-06-28 14:03:00,ASK_DEPTH,"[(101183, 182)]"
2019-06-28 14:03:00,IMBALANCE,"[234, 182]"
2019-06-28 14:03:00,HOLDINGS_UPDATED,"{'CASH': 9984308, 'JPM': -2}"
2019-06-28 14:04:00,BID_DEPTH,"[(99873, 234)]"
2019-06-28 14:04:00,ASK_DEPTH,"[(101183, 182)]"
2019-06-28 14:04:00,IMBALANCE,"[234, 182]"
2019-06-28 14:04:00,HOLDINGS_UPDATED,{'CASH': 9781942}
2019-06-28 14:05:00,BID_DEPTH,"[(100018, 167)]"
2019-06-28 14:05:00,ASK_DEPTH,"[(101184, 177)]"
2019-06-28 14:05:00,IMBALANCE,"[167, 177]"
2019-06-28 14:05:00,HOLDINGS_UPDATED,"{'CASH': 9579574, 'JPM': 2}"
2019-06-28 14:06:00,BID_DEPTH,"[(100018, 191)]"
2019-06-28 14:06:00,ASK_DEPTH,"[(100543, 139)]"
2019-06-28 14:06:00,IMBALANCE,"[191, 139]"
2019-06-28 14:06:00,HOLDINGS_UPDATED,"{'CASH': 9378488, 'JPM': 4}"
2019-06-28 14:07:00,BID_DEPTH,"[(100019, 368)]"
2019-06-28 14:07:00,ASK_DEPTH,"[(100206, 316)]"
2019-06-28 14:07:00,IMBALANCE,"[368, 316]"
2019-06-28 14:07:00,HOLDINGS_UPDATED,"{'CASH': 9178076, 'JPM': 6}"
2019-06-28 14:08:00,BID_DEPTH,"[(100019, 368)]"
2019-06-28 14:08:00,ASK_DEPTH,"[(100543, 416)]"
2019-06-28 14:08:00,IMBALANCE,"[368, 416]"
2019-06-28 14:08:00,HOLDINGS_UPDATED,"{'CASH': 8976990, 'JPM': 8}"
2019-06-28 14:09:00,BID_DEPTH,"[(100019, 234)]"
2019-06-28 14:09:00,ASK_DEPTH,"[(100504, 182)]"
2019-06-28 14:09:00,IMBALANCE,"[234, 182]"
2019-06-28 14:09:00,HOLDINGS_UPDATED,"{'CASH': 8775982, 'JPM': 10}"
2019-06-28 14:10:00,BID_DEPTH,"[(99957, 368)]"
2019-06-28 14:10:00,ASK_DEPTH,"[(100132, 316)]"
2019-06-28 14:10:00,IMBALANCE,"[368, 316]"
2019-06-28 14:10:00,HOLDINGS_UPDATED,"{'CASH': 8575718, 'JPM': 12}"
2019-06-28 14:11:00,BID_DEPTH,"[(99858, 191)]"
2019-06-28 14:11:00,ASK_DEPTH,"[(100253, 139)]"
2019-06-28 14:11:00,IMBALANCE,"[191, 139]"
2019-06-28 14:11:00,HOLDINGS_UPDATED,"{'CASH': 8375212, 'JPM': 14}"
2019-06-28 14:12:00,BID_DEPTH,"[(99858, 167)]"
2019-06-28 14:12:00,ASK_DEPTH,"[(100092, 115)]"
2019-06-28 14:12:00,IMBALANCE,"[167, 115]"
2019-06-28 14:12:00,HOLDINGS_UPDATED,"{'CASH': 8175028, 'JPM': 16}"
2019-06-28 14:13:00,BID_DEPTH,"[(99808, 234)]"
2019-06-28 14:13:00,ASK_DEPTH,"[(100092, 282)]"
2019-06-28 14:13:00,IMBALANCE,"[234, 282]"
2019-06-28 14:13:00,HOLDINGS_UPDATED,"{'CASH': 7974844, 'JPM': 18}"
2019-06-28 14:14:00,BID_DEPTH,"[(99614, 191)]"
2019-06-28 14:14:00,ASK_DEPTH,"[(100092, 224)]"
2019-06-28 14:14:00,IMBALANCE,"[191, 224]"
2019-06-28 14:14:00,HOLDINGS_UPDATED,"{'CASH': 7774660, 'JPM': 20}"
2019-06-28 14:15:00,BID_DEPTH,"[(99611, 154)]"
2019-06-28 14:15:00,ASK_DEPTH,"[(100092, 72)]"
2019-06-28 14:15:00,IMBALANCE,"[154, 72]"
2019-06-28 14:15:00,HOLDINGS_UPDATED,"{'CASH': 7574476, 'JPM': 22}"
2019-06-28 14:16:00,BID_DEPTH,"[(99611, 182)]"
2019-06-28 14:16:00,ASK_DEPTH,"[(100092, 234)]"
2019-06-28 14:16:00,IMBALANCE,"[182, 234]"
2019-06-28 14:16:00,HOLDINGS_UPDATED,"{'CASH': 7773698, 'JPM': 20}"
2019-06-28 14:17:00,BID_DEPTH,"[(99544, 102)]"
2019-06-28 14:17:00,ASK_DEPTH,"[(100092, 246)]"
2019-06-28 14:17:00,IMBALANCE,"[102, 246]"
2019-06-28 14:17:00,HOLDINGS_UPDATED,"{'CASH': 7972786, 'JPM': 18}"
2019-06-28 14:18:00,BID_DEPTH,"[(99400, 139)]"
2019-06-28 14:18:00,ASK_DEPTH,"[(99544, 144)]"
2019-06-28 14:18:00,IMBALANCE,"[139, 144]"
2019-06-28 14:18:00,HOLDINGS_UPDATED,"{'CASH': 8171586, 'JPM': 16}"
2019-06-28 14:19:00,BID_DEPTH,"[(98756, 139)]"
2019-06-28 14:19:00,ASK_DEPTH,"[(99369, 191)]"
2019-06-28 14:19:00,IMBALANCE,"[139, 191]"
2019-06-28 14:19:00,HOLDINGS_UPDATED,"{'CASH': 8369098, 'JPM': 14}"
2019-06-28 14:20:00,BID_DEPTH,"[(98604, 182)]"
2019-06-28 14:20:00,ASK_DEPTH,"[(99369, 326)]"
2019-06-28 14:20:00,IMBALANCE,"[182, 326]"
2019-06-28 14:20:00,HOLDINGS_UPDATED,"{'CASH': 8566306, 'JPM': 12}"
2019-06-28 14:21:00,BID_DEPTH,"[(99164, 139)]"
2019-06-28 14:21:00,ASK_DEPTH,"[(99369, 175)]"
2019-06-28 14:21:00,IMBALANCE,"[139, 175]"
2019-06-28 14:21:00,HOLDINGS_UPDATED,"{'CASH': 8764634, 'JPM': 10}"
2019-06-28 14:22:00,BID_DEPTH,"[(99280, 139)]"
2019-06-28 14:22:00,ASK_DEPTH,"[(99369, 167)]"
2019-06-28 14:22:00,IMBALANCE,"[139, 167]"
2019-06-28 14:22:00,HOLDINGS_UPDATED,"{'CASH': 8963194, 'JPM': 8}"
2019-06-28 14:23:00,BID_DEPTH,"[(99164, 316)]"
2019-06-28 14:23:00,ASK_DEPTH,"[(99242, 301)]"
2019-06-28 14:23:00,IMBALANCE,"[316, 301]"
2019-06-28 14:23:00,HOLDINGS_UPDATED,"{'CASH': 9161522, 'JPM': 6}"
2019-06-28 14:24:00,BID_DEPTH,"[(98522, 182)]"
2019-06-28 14:24:00,ASK_DEPTH,"[(99102, 234)]"
2019-06-28 14:24:00,IMBALANCE,"[182, 234]"
2019-06-28 14:24:00,HOLDINGS_UPDATED,"{'CASH': 9358566, 'JPM': 4}"
2019-06-28 14:25:00,BID_DEPTH,"[(98456, 102)]"
2019-06-28 14:25:00,ASK_DEPTH,"[(99102, 154)]"
2019-06-28 14:25:00,IMBALANCE,"[102, 154]"
2019-06-28 14:25:00,HOLDINGS_UPDATED,"{'CASH': 9555478, 'JPM': 2}"
2019-06-28 14:26:00,BID_DEPTH,"[(98192, 115)]"
2019-06-28 14:26:00,ASK_DEPTH,"[(99189, 167)]"
2019-06-28 14:26:00,IMBALANCE,"[115, 167]"
2019-06-28 14:26:00,HOLDINGS_UPDATED,{'CASH': 9751862}
2019-06-28 14:27:00,BID_DEPTH,[]
2019-06-28 14:27:00,ASK_DEPTH,"[(99242, 25)]"
2019-06-28 14:27:00,IMBALANCE,"[0, 25]"
2019-06-28 14:28:00,BID_DEPTH,[]
2019-06-28 14:28:00,ASK_DEPTH,"[(99305, 100)]"
2019-06-28 14:28:00,IMBALANCE,"[0, 100]"
2019-06-28 14:29:00,BID_DEPTH,"[(99189, 316)]"
2019-06-28 14:29:00,ASK_DEPTH,"[(99305, 368)]"
2019-06-28 14:29:00,IMBALANCE,"[316, 368]"
2019-06-28 14:29:00,HOLDINGS_UPDATED,"{'CASH': 9950240, 'JPM': -2}"
2019-06-28 14:30:00,BID_DEPTH,"[(99124, 316)]"
2019-06-28 14:30:00,ASK_DEPTH,"[(99294, 368)]"
2019-06-28 14:30:00,IMBALANCE,"[316, 368]"
2019-06-28 14:30:00,HOLDINGS_UPDATED,"{'CASH': 10148488, 'JPM': -4}"
2019-06-28 14:31:00,BID_DEPTH,"[(99124, 282)]"
2019-06-28 14:31:00,ASK_DEPTH,"[(99326, 234)]"
2019-06-28 14:31:00,IMBALANCE,"[282, 234]"
2019-06-28 14:31:00,HOLDINGS_UPDATED,"{'CASH': 10346736, 'JPM': -6}"
2019-06-28 14:32:00,BID_DEPTH,"[(99124, 609)]"
2019-06-28 14:32:00,ASK_DEPTH,"[(99369, 368)]"
2019-06-28 14:32:00,IMBALANCE,"[609, 368]"
2019-06-28 14:32:00,HOLDINGS_UPDATED,"{'CASH': 10544984, 'JPM': -8}"
2019-06-28 14:33:00,BID_DEPTH,"[(99387, 316)]"
2019-06-28 14:33:00,ASK_DEPTH,"[(99460, 368)]"
2019-06-28 14:33:00,IMBALANCE,"[316, 368]"
2019-06-28 14:33:00,HOLDINGS_UPDATED,"{'CASH': 10743758, 'JPM': -10}"
2019-06-28 14:34:00,BID_DEPTH,"[(99523, 91)]"
2019-06-28 14:34:00,ASK_DEPTH,"[(99567, 234)]"
2019-06-28 14:34:00,IMBALANCE,"[91, 234]"
2019-06-28 14:34:00,HOLDINGS_UPDATED,"{'CASH': 10942804, 'JPM': -12}"
2019-06-28 14:35:00,BID_DEPTH,"[(99523, 102)]"
2019-06-28 14:35:00,ASK_DEPTH,"[(99651, 154)]"
2019-06-28 14:35:00,IMBALANCE,"[102, 154]"
2019-06-28 14:35:00,HOLDINGS_UPDATED,"{'CASH': 11141850, 'JPM': -14}"
2019-06-28 14:36:00,BID_DEPTH,"[(99651, 182)]"
2019-06-28 14:36:00,ASK_DEPTH,"[(99941, 234)]"
2019-06-28 14:36:00,IMBALANCE,"[182, 234]"
2019-06-28 14:36:00,HOLDINGS_UPDATED,"{'CASH': 11341152, 'JPM': -16}"
2019-06-28 14:37:00,BID_DEPTH,"[(99124, 415)]"
2019-06-28 14:37:00,ASK_DEPTH,"[(99941, 167)]"
2019-06-28 14:37:00,IMBALANCE,"[415, 167]"
2019-06-28 14:37:00,HOLDINGS_UPDATED,"{'CASH': 11539400, 'JPM': -18}"
2019-06-28 14:38:00,BID_DEPTH,"[(99124, 408)]"
2019-06-28 14:38:00,ASK_DEPTH,"[(99941, 167)]"
2019-06-28 14:38:00,IMBALANCE,"[408, 167]"
2019-06-28 14:38:00,HOLDINGS_UPDATED,"{'CASH': 11737648, 'JPM': -20}"
2019-06-28 14:39:00,BID_DEPTH,"[(99124, 301)]"
2019-06-28 14:39:00,ASK_DEPTH,"[(99902, 167)]"
2019-06-28 14:39:00,IMBALANCE,"[301, 167]"
2019-06-28 14:39:00,HOLDINGS_UPDATED,"{'CASH': 11935896, 'JPM': -22}"
2019-06-28 14:40:00,BID_DEPTH,"[(99124, 181)]"
2019-06-28 14:40:00,ASK_DEPTH,"[(100015, 154)]"
2019-06-28 14:40:00,IMBALANCE,"[181, 154]"
2019-06-28 14:40:00,HOLDINGS_UPDATED,"{'CASH': 12134144, 'JPM': -24}"
2019-06-28 14:41:00,BID_DEPTH,"[(99124, 254)]"
2019-06-28 14:41:00,ASK_DEPTH,"[(100190, 234)]"
2019-06-28 14:41:00,IMBALANCE,"[254, 234]"
2019-06-28 14:41:00,HOLDINGS_UPDATED,"{'CASH': 12332392, 'JPM': -26}"
2019-06-28 14:42:00,BID_DEPTH,"[(99938, 316)]"
2019-06-28 14:42:00,ASK_DEPTH,"[(100223, 368)]"
2019-06-28 14:42:00,IMBALANCE,"[316, 368]"
2019-06-28 14:42:00,HOLDINGS_UPDATED,"{'CASH': 12532268, 'JPM': -28}"
2019-06-28 14:43:00,BID_DEPTH,"[(99124, 281)]"
2019-06-28 14:43:00,ASK_DEPTH,"[(100137, 368)]"
2019-06-28 14:43:00,IMBALANCE,"[281, 368]"
2019-06-28 14:43:00,HOLDINGS_UPDATED,"{'CASH': 12730516, 'JPM': -30}"
2019-06-28 14:44:00,BID_DEPTH,"[(99686, 102)]"
2019-06-28 14:44:00,ASK_DEPTH,"[(100137, 154)]"
2019-06-28 14:44:00,IMBALANCE,"[102, 154]"
2019-06-28 14:44:00,HOLDINGS_UPDATED,"{'CASH': 12929888, 'JPM': -32}"
2019-06-28 14:45:00,BID_DEPTH,"[(99686, 102)]"
2019-06-28 14:45:00,ASK_DEPTH,"[(99984, 154)]"
2019-06-28 14:45:00,IMBALANCE,"[102, 154]"
2019-06-28 14:45:00,HOLDINGS_UPDATED,"{'CASH': 13129260, 'JPM': -34}"
2019-06-28 14:46:00,BID_DEPTH,"[(99686, 215)]"
2019-06-28 14:46:00,ASK_DEPTH,"[(100137, 167)]"
2019-06-28 14:46:00,IMBALANCE,"[215, 167]"
2019-06-28 14:46:00,HOLDINGS_UPDATED,"{'CASH': 13328632, 'JPM': -36}"
2019-06-28 14:47:00,BID_DEPTH,"[(99686, 95)]"
2019-06-28 14:47:00,ASK_DEPTH,"[(100193, 154)]"
2019-06-28 14:47:00,IMBALANCE,"[95, 154]"
2019-06-28 14:47:00,HOLDINGS_UPDATED,"{'CASH': 13528004, 'JPM': -38}"
2019-06-28 14:48:00,BID_DEPTH,"[(99634, 115)]"
2019-06-28 14:48:00,ASK_DEPTH,"[(100193, 167)]"
2019-06-28 14:48:00,IMBALANCE,"[115, 167]"
2019-06-28 14:48:00,HOLDINGS_UPDATED,"{'CASH': 13727272, 'JPM': -40}"
2019-06-28 14:49:00,BID_DEPTH,"[(99626, 182)]"
2019-06-28 14:49:00,ASK_DEPTH,"[(100193, 234)]"
2019-06-28 14:49:00,IMBALANCE,"[182, 234]"
2019-06-28 14:49:00,HOLDINGS_UPDATED,"{'CASH': 13926524, 'JPM': -42}"
2019-06-28 14:50:00,BID_DEPTH,"[(99793, 115)]"
2019-06-28 14:50:00,ASK_DEPTH,"[(100193, 167)]"
2019-06-28 14:50:00,IMBALANCE,"[115, 167]"
2019-06-28 14:50:00,HOLDINGS_UPDATED,"{'CASH': 14126110, 'JPM': -44}"
2019-06-28 14:51:00,BID_DEPTH,"[(100091, 115)]"
2019-06-28 14:51:00,ASK_DEPTH,"[(100193, 167)]"
2019-06-28 14:51:00,IMBALANCE,"[115, 167]"
2019-06-28 14:51:00,HOLDINGS_UPDATED,"{'CASH': 14326292, 'JPM': -46}"
2019-06-28 14:52:00,BID_DEPTH,"[(99726, 154)]"
2019-06-28 14:52:00,ASK_DEPTH,"[(100091, 102)]"
2019-06-28 14:52:00,IMBALANCE,"[154, 102]"
2019-06-28 14:52:00,HOLDINGS_UPDATED,"{'CASH': 14126110, 'JPM': -44}"
2019-06-28 14:53:00,BID_DEPTH,"[(99719, 167)]"
2019-06-28 14:53:00,ASK_DEPTH,"[(99778, 115)]"
2019-06-28 14:53:00,IMBALANCE,"[167, 115]"
2019-06-28 14:53:00,HOLDINGS_UPDATED,"{'CASH': 13926554, 'JPM': -42}"
2019-06-28 14:54:00,BID_DEPTH,"[(99719, 159)]"
2019-06-28 14:54:00,ASK_DEPTH,"[(99778, 115)]"
2019-06-28 14:54:00,IMBALANCE,"[159, 115]"
2019-06-28 14:54:00,HOLDINGS_UPDATED,"{'CASH': 13726998, 'JPM': -40}"
2019-06-28 14:55:00,BID_DEPTH,"[(99865, 234)]"
2019-06-28 14:55:00,ASK_DEPTH,"[(99969, 182)]"
2019-06-28 14:55:00,IMBALANCE,"[234, 182]"
2019-06-28 14:55:00,HOLDINGS_UPDATED,"{'CASH': 13527060, 'JPM': -38}"
2019-06-28 14:56:00,BID_DEPTH,"[(99719, 146)]"
2019-06-28 14:56:00,ASK_DEPTH,"[(99865, 102)]"
2019-06-28 14:56:00,IMBALANCE,"[146, 102]"
2019-06-28 14:56:00,HOLDINGS_UPDATED,"{'CASH': 13327330, 'JPM': -36}"
2019-06-28 14:57:00,BID_DEPTH,"[(99716, 368)]"
2019-06-28 14:57:00,ASK_DEPTH,"[(99864, 316)]"
2019-06-28 14:57:00,IMBALANCE,"[368, 316]"
2019-06-28 14:57:00,HOLDINGS_UPDATED,"{'CASH': 13127602, 'JPM': -34}"
2019-06-28 14:58:00,BID_DEPTH,"[(99865, 113)]"
2019-06-28 14:58:00,ASK_DEPTH,"[(100007, 115)]"
2019-06-28 14:58:00,IMBALANCE,"[113, 115]"
2019-06-28 14:58:00,HOLDINGS_UPDATED,"{'CASH': 12927588, 'JPM': -32}"
2019-06-28 14:59:00,BID_DEPTH,"[(100065, 367)]"
2019-06-28 14:59:00,ASK_DEPTH,"[(100147, 115)]"
2019-06-28 14:59:00,IMBALANCE,"[367, 115]"
2019-06-28 14:59:00,HOLDINGS_UPDATED,"{'CASH': 12727294, 'JPM': -30}"
2019-06-28 15:00:00,BID_DEPTH,"[(100065, 346)]"
2019-06-28 15:00:00,ASK_DEPTH,"[(100261, 102)]"
2019-06-28 15:00:00,IMBALANCE,"[346, 102]"
2019-06-28 15:00:00,HOLDINGS_UPDATED,"{'CASH': 12526772, 'JPM': -28}"
2019-06-28 15:01:00,BID_DEPTH,"[(100065, 652)]"
2019-06-28 15:01:00,ASK_DEPTH,"[(100261, 416)]"
2019-06-28 15:01:00,IMBALANCE,"[652, 416]"
2019-06-28 15:01:00,HOLDINGS_UPDATED,"{'CASH': 12326250, 'JPM': -26}"
2019-06-28 15:02:00,BID_DEPTH,"[(100065, 467)]"
2019-06-28 15:02:00,ASK_DEPTH,"[(100261, 232)]"
2019-06-28 15:02:00,IMBALANCE,"[467, 232]"
2019-06-28 15:02:00,HOLDINGS_UPDATED,"{'CASH': 12125728, 'JPM': -24}"
2019-06-28 15:03:00,BID_DEPTH,"[(100065, 536)]"
2019-06-28 15:03:00,ASK_DEPTH,"[(100261, 316)]"
2019-06-28 15:03:00,IMBALANCE,"[536, 316]"
2019-06-28 15:03:00,HOLDINGS_UPDATED,"{'CASH': 11925206, 'JPM': -22}"
2019-06-28 15:04:00,BID_DEPTH,"[(100065, 328)]"
2019-06-28 15:04:00,ASK_DEPTH,"[(100279, 316)]"
2019-06-28 15:04:00,IMBALANCE,"[328, 316]"
2019-06-28 15:04:00,HOLDINGS_UPDATED,"{'CASH': 11724648, 'JPM': -20}"
2019-06-28 15:05:00,BID_DEPTH,"[(99865, 172)]"
2019-06-28 15:05:00,ASK_DEPTH,"[(100065, 182)]"
2019-06-28 15:05:00,IMBALANCE,"[172, 182]"
2019-06-28 15:05:00,HOLDINGS_UPDATED,"{'CASH': 11524518, 'JPM': -18}"
2019-06-28 15:06:00,BID_DEPTH,"[(99865, 105)]"
2019-06-28 15:06:00,ASK_DEPTH,"[(100065, 115)]"
2019-06-28 15:06:00,IMBALANCE,"[105, 115]"
2019-06-28 15:06:00,HOLDINGS_UPDATED,"{'CASH': 11324388, 'JPM': -16}"
2019-06-28 15:07:00,BID_DEPTH,"[(99667, 234)]"
2019-06-28 15:07:00,ASK_DEPTH,"[(99865, 114)]"
2019-06-28 15:07:00,IMBALANCE,"[234, 114]"
2019-06-28 15:07:00,HOLDINGS_UPDATED,"{'CASH': 11124658, 'JPM': -14}"
2019-06-28 15:08:00,BID_DEPTH,"[(99551, 191)]"
2019-06-28 15:08:00,ASK_DEPTH,"[(99752, 139)]"
2019-06-28 15:08:00,IMBALANCE,"[191, 139]"
2019-06-28 15:08:00,HOLDINGS_UPDATED,"{'CASH': 10925154, 'JPM': -12}"
2019-06-28 15:09:00,BID_DEPTH,"[(99551, 154)]"
2019-06-28 15:09:00,ASK_DEPTH,"[(99609, 102)]"
2019-06-28 15:09:00,IMBALANCE,"[154, 102]"
2019-06-28 15:09:00,HOLDINGS_UPDATED,"{'CASH': 10725936, 'JPM': -10}"
2019-06-28 15:10:00,BID_DEPTH,"[(99470, 154)]"
2019-06-28 15:10:00,ASK_DEPTH,"[(99752, 202)]"
2019-06-28 15:10:00,IMBALANCE,"[154, 202]"
2019-06-28 15:10:00,HOLDINGS_UPDATED,"{'CASH': 10526432, 'JPM': -8}"
2019-06-28 15:11:00,BID_DEPTH,"[(99391, 368)]"
2019-06-28 15:11:00,ASK_DEPTH,"[(99752, 301)]"
2019-06-28 15:11:00,IMBALANCE,"[368, 301]"
2019-06-28 15:11:00,HOLDINGS_UPDATED,"{'CASH': 10326928, 'JPM': -6}"
2019-06-28 15:12:00,BID_DEPTH,"[(99352, 154)]"
2019-06-28 15:12:00,ASK_DEPTH,"[(99752, 102)]"
2019-06-28 15:12:00,IMBALANCE,"[154, 102]"
2019-06-28 15:12:00,HOLDINGS_UPDATED,"{'CASH': 10127424, 'JPM': -4}"
2019-06-28 15:13:00,BID_DEPTH,"[(99352, 154)]"
2019-06-28 15:13:00,ASK_DEPTH,"[(99753, 102)]"
2019-06-28 15:13:00,IMBALANCE,"[154, 102]"
2019-06-28 15:13:00,HOLDINGS_UPDATED,"{'CASH': 9927918, 'JPM': -2}"
2019-06-28 15:14:00,BID_DEPTH,"[(99278, 368)]"
2019-06-28 15:14:00,ASK_DEPTH,"[(99761, 316)]"
2019-06-28 15:14:00,IMBALANCE,"[368, 316]"
2019-06-28 15:14:00,HOLDINGS_UPDATED,{'CASH': 9728396}
2019-06-28 15:15:00,BID_DEPTH,"[(99278, 191)]"
2019-06-28 15:15:00,ASK_DEPTH,"[(99365, 139)]"
2019-06-28 15:15:00,IMBALANCE,"[191, 139]"
2019-06-28 15:15:00,HOLDINGS_UPDATED,"{'CASH': 9529666, 'JPM': 2}"
2019-06-28 15:16:00,BID_DEPTH,"[(99278, 191)]"
2019-06-28 15:16:00,ASK_DEPTH,"[(99586, 139)]"
2019-06-28 15:16:00,IMBALANCE,"[191, 139]"
2019-06-28 15:16:00,HOLDINGS_UPDATED,"{'CASH': 9330494, 'JPM': 4}"
2019-06-28 15:17:00,BID_DEPTH,"[(99277, 191)]"
2019-06-28 15:17:00,ASK_DEPTH,"[(99586, 439)]"
2019-06-28 15:17:00,IMBALANCE,"[191, 439]"
2019-06-28 15:17:00,HOLDINGS_UPDATED,"{'CASH': 9131322, 'JPM': 6}"
2019-06-28 15:18:00,BID_DEPTH,"[(99277, 368)]"
2019-06-28 15:18:00,ASK_DEPTH,"[(99456, 316)]"
2019-06-28 15:18:00,IMBALANCE,"[368, 316]"
2019-06-28 15:18:00,HOLDINGS_UPDATED,"{'CASH': 8932410, 'JPM': 8}"
2019-06-28 15:19:00,BID_DEPTH,"[(99277, 182)]"
2019-06-28 15:19:00,ASK_DEPTH,"[(99586, 219)]"
2019-06-28 15:19:00,IMBALANCE,"[182, 219]"
2019-06-28 15:19:00,HOLDINGS_UPDATED,"{'CASH': 9130964, 'JPM': 6}"
2019-06-28 15:20:00,BID_DEPTH,"[(99277, 282)]"
2019-06-28 15:20:00,ASK_DEPTH,"[(99670, 234)]"
2019-06-28 15:20:00,IMBALANCE,"[282, 234]"
2019-06-28 15:20:00,HOLDINGS_UPDATED,"{'CASH': 9329518, 'JPM': 4}"
2019-06-28 15:21:00,BID_DEPTH,"[(99277, 132)]"
2019-06-28 15:21:00,ASK_DEPTH,"[(99670, 191)]"
2019-06-28 15:21:00,IMBALANCE,"[132, 191]"
2019-06-28 15:21:00,HOLDINGS_UPDATED,"{'CASH': 9528072, 'JPM': 2}"
2019-06-28 15:22:00,BID_DEPTH,"[(99277, 416)]"
2019-06-28 15:22:00,ASK_DEPTH,"[(99817, 368)]"
2019-06-28 15:22:00,IMBALANCE,"[416, 368]"
2019-06-28 15:22:00,HOLDINGS_UPDATED,{'CASH': 9726626}
2019-06-28 15:23:00,BID_DEPTH,"[(99277, 275)]"
2019-06-28 15:23:00,ASK_DEPTH,"[(100458, 234)]"
2019-06-28 15:23:00,IMBALANCE,"[275, 234]"
2019-06-28 15:23:00,HOLDINGS_UPDATED,"{'CASH': 9925180, 'JPM': -2}"
2019-06-28 15:24:00,BID_DEPTH,"[(99277, 88)]"
2019-06-28 15:24:00,ASK_DEPTH,"[(100458, 154)]"
2019-06-28 15:24:00,IMBALANCE,"[88, 154]"
2019-06-28 15:24:00,HOLDINGS_UPDATED,"{'CASH': 10123734, 'JPM': -4}"
2019-06-28 15:25:00,BID_DEPTH,"[(99218, 316)]"
2019-06-28 15:25:00,ASK_DEPTH,"[(100592, 368)]"
2019-06-28 15:25:00,IMBALANCE,"[316, 368]"
2019-06-28 15:25:00,HOLDINGS_UPDATED,"{'CASH': 10322170, 'JPM': -6}"
2019-06-28 15:26:00,BID_DEPTH,"[(99113, 115)]"
2019-06-28 15:26:00,ASK_DEPTH,"[(100740, 167)]"
2019-06-28 15:26:00,IMBALANCE,"[115, 167]"
2019-06-28 15:26:00,HOLDINGS_UPDATED,"{'CASH': 10520396, 'JPM': -8}"
2019-06-28 15:27:00,BID_DEPTH,"[(99113, 316)]"
2019-06-28 15:27:00,ASK_DEPTH,"[(100747, 368)]"
2019-06-28 15:27:00,IMBALANCE,"[316, 368]"
2019-06-28 15:27:00,HOLDINGS_UPDATED,"{'CASH': 10718622, 'JPM': -10}"
2019-06-28 15:28:00,BID_DEPTH,"[(99101, 102)]"
2019-06-28 15:28:00,ASK_DEPTH,"[(100896, 154)]"
2019-06-28 15:28:00,IMBALANCE,"[102, 154]"
2019-06-28 15:28:00,HOLDINGS_UPDATED,"{'CASH': 10916824, 'JPM': -12}"
2019-06-28 15:29:00,BID_DEPTH,"[(99041, 115)]"
2019-06-28 15:29:00,ASK_DEPTH,"[(100896, 167)]"
2019-06-28 15:29:00,IMBALANCE,"[115, 167]"
2019-06-28 15:29:00,HOLDINGS_UPDATED,"{'CASH': 11114906, 'JPM': -14}"
2019-06-28 15:30:00,BID_DEPTH,"[(100896, 182)]"
2019-06-28 15:30:00,ASK_DEPTH,"[(101022, 234)]"
2019-06-28 15:30:00,IMBALANCE,"[182, 234]"
2019-06-28 15:30:00,HOLDINGS_UPDATED,"{'CASH': 11316698, 'JPM': -16}"
2019-06-28 15:31:00,BID_DEPTH,"[(98787, 102)]"
2019-06-28 15:31:00,ASK_DEPTH,"[(101022, 154)]"
2019-06-28 15:31:00,IMBALANCE,"[102, 154]"
2019-06-28 15:31:00,HOLDINGS_UPDATED,"{'CASH': 11514272, 'JPM': -18}"
2019-06-28 15:32:00,BID_DEPTH,"[(100891, 182)]"
2019-06-28 15:32:00,ASK_DEPTH,"[(101021, 234)]"
2019-06-28 15:32:00,IMBALANCE,"[182, 234]"
2019-06-28 15:32:00,HOLDINGS_UPDATED,"{'CASH': 11716054, 'JPM': -20}"
2019-06-28 15:33:00,BID_DEPTH,"[(101015, 102)]"
2019-06-28 15:33:00,ASK_DEPTH,"[(101021, 154)]"
2019-06-28 15:33:00,IMBALANCE,"[102, 154]"
2019-06-28 15:33:00,HOLDINGS_UPDATED,"{'CASH': 11918084, 'JPM': -22}"
2019-06-28 15:34:00,BID_DEPTH,"[(101050, 301)]"
2019-06-28 15:34:00,ASK_DEPTH,"[(101076, 316)]"
2019-06-28 15:34:00,IMBALANCE,"[301, 316]"
2019-06-28 15:34:00,HOLDINGS_UPDATED,"{'CASH': 11715932, 'JPM': -20}"
2019-06-28 15:35:00,BID_DEPTH,"[(101051, 191)]"
2019-06-28 15:35:00,ASK_DEPTH,"[(101172, 139)]"
2019-06-28 15:35:00,IMBALANCE,"[191, 139]"
2019-06-28 15:35:00,HOLDINGS_UPDATED,"{'CASH': 11513588, 'JPM': -18}"
2019-06-28 15:36:00,BID_DEPTH,"[(101205, 234)]"
2019-06-28 15:36:00,ASK_DEPTH,"[(101354, 182)]"
2019-06-28 15:36:00,IMBALANCE,"[234, 182]"
2019-06-28 15:36:00,HOLDINGS_UPDATED,"{'CASH': 11310880, 'JPM': -16}"
2019-06-28 15:37:00,BID_DEPTH,"[(101182, 234)]"
2019-06-28 15:37:00,ASK_DEPTH,"[(101478, 182)]"
2019-06-28 15:37:00,IMBALANCE,"[234, 182]"
2019-06-28 15:37:00,HOLDINGS_UPDATED,"{'CASH': 11107924, 'JPM': -14}"
2019-06-28 15:38:00,BID_DEPTH,"[(101421, 154)]"
2019-06-28 15:38:00,ASK_DEPTH,"[(101606, 102)]"
2019-06-28 15:38:00,IMBALANCE,"[154, 102]"
2019-06-28 15:38:00,HOLDINGS_UPDATED,"{'CASH': 10904712, 'JPM': -12}"
2019-06-28 15:39:00,BID_DEPTH,"[(101182, 159)]"
2019-06-28 15:39:00,ASK_DEPTH,"[(101420, 115)]"
2019-06-28 15:39:00,IMBALANCE,"[159, 115]"
2019-06-28 15:39:00,HOLDINGS_UPDATED,"{'CASH': 10701872, 'JPM': -10}"
2019-06-28 15:40:00,BID_DEPTH,"[(101420, 207)]"
2019-06-28 15:40:00,ASK_DEPTH,"[(101421, 61)]"
2019-06-28 15:40:00,IMBALANCE,"[207, 61]"
2019-06-28 15:40:00,HOLDINGS_UPDATED,"{'CASH': 10499030, 'JPM': -8}"
2019-06-28 15:41:00,BID_DEPTH,"[(101750, 714)]"
2019-06-28 15:41:00,ASK_DEPTH,"[(101875, 316)]"
2019-06-28 15:41:00,IMBALANCE,"[714, 316]"
2019-06-28 15:41:00,HOLDINGS_UPDATED,"{'CASH': 10295280, 'JPM': -6}"
2019-06-28 15:42:00,BID_DEPTH,"[(101750, 568)]"
2019-06-28 15:42:00,ASK_DEPTH,"[(101972, 316)]"
2019-06-28 15:42:00,IMBALANCE,"[568, 316]"
2019-06-28 15:42:00,HOLDINGS_UPDATED,"{'CASH': 10091336, 'JPM': -4}"
2019-06-28 15:43:00,BID_DEPTH,"[(101750, 354)]"
2019-06-28 15:43:00,ASK_DEPTH,"[(101768, 102)]"
2019-06-28 15:43:00,IMBALANCE,"[354, 102]"
2019-06-28 15:43:00,HOLDINGS_UPDATED,"{'CASH': 9887800, 'JPM': -2}"
2019-06-28 15:44:00,BID_DEPTH,"[(101768, 120)]"
2019-06-28 15:44:00,ASK_DEPTH,"[(102074, 115)]"
2019-06-28 15:44:00,IMBALANCE,"[120, 115]"
2019-06-28 15:44:00,HOLDINGS_UPDATED,{'CASH': 9683652}
2019-06-28 15:45:00,BID_DEPTH,"[(102074, 234)]"
2019-06-28 15:45:00,ASK_DEPTH,"[(102199, 182)]"
2019-06-28 15:45:00,IMBALANCE,"[234, 182]"
2019-06-28 15:45:00,HOLDINGS_UPDATED,"{'CASH': 9479254, 'JPM': 2}"
2019-06-28 15:46:00,BID_DEPTH,"[(102158, 368)]"
2019-06-28 15:46:00,ASK_DEPTH,"[(102324, 316)]"
2019-06-28 15:46:00,IMBALANCE,"[368, 316]"
2019-06-28 15:46:00,HOLDINGS_UPDATED,"{'CASH': 9274606, 'JPM': 4}"
2019-06-28 15:47:00,BID_DEPTH,"[(102074, 167)]"
2019-06-28 15:47:00,ASK_DEPTH,"[(102435, 115)]"
2019-06-28 15:47:00,IMBALANCE,"[167, 115]"
2019-06-28 15:47:00,HOLDINGS_UPDATED,"{'CASH': 9069736, 'JPM': 6}"
2019-06-28 15:48:00,BID_DEPTH,"[(102435, 207)]"
2019-06-28 15:48:00,ASK_DEPTH,"[(102443, 115)]"
2019-06-28 15:48:00,IMBALANCE,"[207, 115]"
2019-06-28 15:48:00,HOLDINGS_UPDATED,"{'CASH': 8864850, 'JPM': 8}"
2019-06-28 15:49:00,BID_DEPTH,"[(102443, 234)]"
2019-06-28 15:49:00,ASK_DEPTH,"[(102633, 182)]"
2019-06-28 15:49:00,IMBALANCE,"[234, 182]"
2019-06-28 15:49:00,HOLDINGS_UPDATED,"{'CASH': 8659584, 'JPM': 10}"
2019-06-28 15:50:00,BID_DEPTH,"[(102443, 191)]"
2019-06-28 15:50:00,ASK_DEPTH,"[(102642, 139)]"
2019-06-28 15:50:00,IMBALANCE,"[191, 139]"
2019-06-28 15:50:00,HOLDINGS_UPDATED,"{'CASH': 8454300, 'JPM': 12}"
2019-06-28 15:51:00,BID_DEPTH,"[(102443, 167)]"
2019-06-28 15:51:00,ASK_DEPTH,"[(102642, 115)]"
2019-06-28 15:51:00,IMBALANCE,"[167, 115]"
2019-06-28 15:51:00,HOLDINGS_UPDATED,"{'CASH': 8249016, 'JPM': 14}"
2019-06-28 15:52:00,BID_DEPTH,"[(102435, 231)]"
2019-06-28 15:52:00,ASK_DEPTH,"[(102793, 139)]"
2019-06-28 15:52:00,IMBALANCE,"[231, 139]"
2019-06-28 15:52:00,HOLDINGS_UPDATED,"{'CASH': 8043430, 'JPM': 16}"
2019-06-28 15:53:00,BID_DEPTH,"[(102435, 174)]"
2019-06-28 15:53:00,ASK_DEPTH,"[(102793, 182)]"
2019-06-28 15:53:00,IMBALANCE,"[174, 182]"
2019-06-28 15:53:00,HOLDINGS_UPDATED,"{'CASH': 7837844, 'JPM': 18}"
2019-06-28 15:54:00,BID_DEPTH,"[(101951, 154)]"
2019-06-28 15:54:00,ASK_DEPTH,"[(102277, 102)]"
2019-06-28 15:54:00,IMBALANCE,"[154, 102]"
2019-06-28 15:54:00,HOLDINGS_UPDATED,"{'CASH': 7633290, 'JPM': 20}"
2019-06-28 15:55:00,BID_DEPTH,"[(101768, 187)]"
2019-06-28 15:55:00,ASK_DEPTH,"[(102841, 182)]"
2019-06-28 15:55:00,IMBALANCE,"[187, 182]"
2019-06-28 15:55:00,HOLDINGS_UPDATED,"{'CASH': 7427608, 'JPM': 22}"
2019-06-28 15:56:00,BID_DEPTH,"[(101750, 391)]"
2019-06-28 15:56:00,ASK_DEPTH,"[(101768, 86)]"
2019-06-28 15:56:00,IMBALANCE,"[391, 86]"
2019-06-28 15:56:00,HOLDINGS_UPDATED,"{'CASH': 7224072, 'JPM': 24}"
2019-06-28 15:57:00,BID_DEPTH,"[(101750, 254)]"
2019-06-28 15:57:00,ASK_DEPTH,"[(102841, 102)]"
2019-06-28 15:57:00,IMBALANCE,"[254, 102]"
2019-06-28 15:57:00,HOLDINGS_UPDATED,"{'CASH': 7018390, 'JPM': 26}"
2019-06-28 15:58:00,BID_DEPTH,"[(101750, 167)]"
2019-06-28 15:58:00,ASK_DEPTH,"[(102841, 115)]"
2019-06-28 15:58:00,IMBALANCE,"[167, 115]"
2019-06-28 15:58:00,HOLDINGS_UPDATED,"{'CASH': 6812708, 'JPM': 28}"
2019-06-28 15:59:00,BID_DEPTH,"[(101233, 100)]"
2019-06-28 15:59:00,ASK_DEPTH,[]
2019-06-28 15:59:00,IMBALANCE,"[100, 0]"
2019-06-28 16:00:00,BID_DEPTH,"[(100802, 100)]"
2019-06-28 16:00:00,ASK_DEPTH,[]
2019-06-28 16:00:00,IMBALANCE,"[100, 0]"
2019-06-28 16:01:00,BID_DEPTH,"[(100802, 100)]"
2019-06-28 16:01:00,ASK_DEPTH,[]
2019-06-28 16:01:00,IMBALANCE,"[100, 0]"
2019-06-28 16:01:00,FINAL_HOLDINGS,"{ JPM: 28, CASH: 6812708 }"
2019-06-28 16:01:00,FINAL_CASH_POSITION,6812708
2019-06-28 16:01:00,MARK_TO_MARKET,28 JPM @ 101033 == 2828924
2019-06-28 16:01:00,MARKED_TO_MARKET,9641632
2019-06-28 16:01:00,ENDING_CASH,9641632
