EventTime,EventType,Event
,AGENT_TYPE,MomentumAgent
,STARTING_CASH,10000000
2019-06-28 09:30:00,HOLDINGS_UPDATED,{'CASH': 10000000}
2019-06-28 09:31:00,BID_DEPTH,"[(99970, 356)]"
2019-06-28 09:31:00,ASK_DEPTH,"[(99986, 256)]"
2019-06-28 09:31:00,IMBALANCE,"[356, 256]"
2019-06-28 09:32:00,BID_DEPTH,"[(99970, 356)]"
2019-06-28 09:32:00,ASK_DEPTH,"[(100042, 256)]"
2019-06-28 09:32:00,IMBALANCE,"[356, 256]"
2019-06-28 09:33:00,BID_DEPTH,"[(99970, 214)]"
2019-06-28 09:33:00,ASK_DEPTH,"[(100042, 214)]"
2019-06-28 09:33:00,IMBALANCE,"[214, 214]"
2019-06-28 09:34:00,BID_DEPTH,"[(99967, 558)]"
2019-06-28 09:34:00,ASK_DEPTH,"[(100042, 558)]"
2019-06-28 09:34:00,IMBALANCE,"[558, 558]"
2019-06-28 09:35:00,BID_DEPTH,"[(99960, 192)]"
2019-06-28 09:35:00,ASK_DEPTH,"[(99970, 192)]"
2019-06-28 09:35:00,IMBALANCE,"[192, 192]"
2019-06-28 09:36:00,BID_DEPTH,"[(99960, 256)]"
2019-06-28 09:36:00,ASK_DEPTH,"[(100047, 256)]"
2019-06-28 09:36:00,IMBALANCE,"[256, 256]"
2019-06-28 09:37:00,BID_DEPTH,"[(99960, 192)]"
2019-06-28 09:37:00,ASK_DEPTH,"[(100047, 192)]"
2019-06-28 09:37:00,IMBALANCE,"[192, 192]"
2019-06-28 09:38:00,BID_DEPTH,"[(100047, 192)]"
2019-06-28 09:38:00,ASK_DEPTH,"[(100050, 192)]"
2019-06-28 09:38:00,IMBALANCE,"[192, 192]"
2019-06-28 09:39:00,BID_DEPTH,"[(100048, 329)]"
2019-06-28 09:39:00,ASK_DEPTH,"[(100100, 329)]"
2019-06-28 09:39:00,IMBALANCE,"[329, 329]"
2019-06-28 09:40:00,BID_DEPTH,"[(100064, 558)]"
2019-06-28 09:40:00,ASK_DEPTH,"[(100125, 558)]"
2019-06-28 09:40:00,IMBALANCE,"[558, 558]"
2019-06-28 09:41:00,BID_DEPTH,"[(100100, 558)]"
2019-06-28 09:41:00,ASK_DEPTH,"[(100139, 558)]"
2019-06-28 09:41:00,IMBALANCE,"[558, 558]"
2019-06-28 09:42:00,BID_DEPTH,"[(100125, 558)]"
2019-06-28 09:42:00,ASK_DEPTH,"[(100160, 558)]"
2019-06-28 09:42:00,IMBALANCE,"[558, 558]"
2019-06-28 09:43:00,BID_DEPTH,"[(100125, 192)]"
2019-06-28 09:43:00,ASK_DEPTH,"[(100160, 192)]"
2019-06-28 09:43:00,IMBALANCE,"[192, 192]"
2019-06-28 09:44:00,BID_DEPTH,"[(100160, 122)]"
2019-06-28 09:44:00,ASK_DEPTH,"[(100161, 314)]"
2019-06-28 09:44:00,IMBALANCE,"[122, 314]"
2019-06-28 09:45:00,BID_DEPTH,"[(100160, 566)]"
2019-06-28 09:45:00,ASK_DEPTH,"[(100214, 558)]"
2019-06-28 09:45:00,IMBALANCE,"[566, 558]"
2019-06-28 09:46:00,BID_DEPTH,"[(100161, 214)]"
2019-06-28 09:46:00,ASK_DEPTH,"[(100214, 214)]"
2019-06-28 09:46:00,IMBALANCE,"[214, 214]"
2019-06-28 09:47:00,BID_DEPTH,"[(100095, 192)]"
2019-06-28 09:47:00,ASK_DEPTH,"[(100214, 192)]"
2019-06-28 09:47:00,IMBALANCE,"[192, 192]"
2019-06-28 09:48:00,BID_DEPTH,"[(100064, 256)]"
2019-06-28 09:48:00,ASK_DEPTH,"[(100214, 256)]"
2019-06-28 09:48:00,IMBALANCE,"[256, 256]"
2019-06-28 09:49:00,BID_DEPTH,"[(100064, 558)]"
2019-06-28 09:49:00,ASK_DEPTH,"[(100214, 558)]"
2019-06-28 09:49:00,IMBALANCE,"[558, 558]"
2019-06-28 09:50:00,BID_DEPTH,"[(100064, 558)]"
2019-06-28 09:50:00,ASK_DEPTH,"[(100388, 558)]"
2019-06-28 09:50:00,IMBALANCE,"[558, 558]"
2019-06-28 09:51:00,BID_DEPTH,"[(100609, 214)]"
2019-06-28 09:51:00,ASK_DEPTH,"[(100746, 214)]"
2019-06-28 09:51:00,IMBALANCE,"[214, 214]"
2019-06-28 09:52:00,BID_DEPTH,"[(100756, 214)]"
2019-06-28 09:52:00,ASK_DEPTH,"[(100907, 214)]"
2019-06-28 09:52:00,IMBALANCE,"[214, 214]"
2019-06-28 09:53:00,BID_DEPTH,"[(100756, 558)]"
2019-06-28 09:53:00,ASK_DEPTH,"[(100925, 558)]"
2019-06-28 09:53:00,IMBALANCE,"[558, 558]"
2019-06-28 09:54:00,BID_DEPTH,"[(100778, 314)]"
2019-06-28 09:54:00,ASK_DEPTH,"[(100850, 214)]"
2019-06-28 09:54:00,IMBALANCE,"[314, 214]"
2019-06-28 09:55:00,BID_DEPTH,"[(100778, 492)]"
2019-06-28 09:55:00,ASK_DEPTH,"[(100847, 192)]"
2019-06-28 09:55:00,IMBALANCE,"[492, 192]"
2019-06-28 09:56:00,BID_DEPTH,"[(100778, 514)]"
2019-06-28 09:56:00,ASK_DEPTH,"[(100847, 214)]"
2019-06-28 09:56:00,IMBALANCE,"[514, 214]"
2019-06-28 09:57:00,BID_DEPTH,"[(100778, 729)]"
2019-06-28 09:57:00,ASK_DEPTH,"[(100850, 329)]"
2019-06-28 09:57:00,IMBALANCE,"[729, 329]"
2019-06-28 09:58:00,BID_DEPTH,"[(100850, 558)]"
2019-06-28 09:58:00,ASK_DEPTH,"[(100925, 558)]"
2019-06-28 09:58:00,IMBALANCE,"[558, 558]"
2019-06-28 09:59:00,BID_DEPTH,"[(100850, 658)]"
2019-06-28 09:59:00,ASK_DEPTH,"[(100953, 558)]"
2019-06-28 09:59:00,IMBALANCE,"[658, 558]"
2019-06-28 10:00:00,BID_DEPTH,"[(100850, 329)]"
2019-06-28 10:00:00,ASK_DEPTH,"[(100870, 329)]"
2019-06-28 10:00:00,IMBALANCE,"[329, 329]"
2019-06-28 10:01:00,BID_DEPTH,"[(100778, 514)]"
2019-06-28 10:01:00,ASK_DEPTH,"[(100870, 214)]"
2019-06-28 10:01:00,IMBALANCE,"[514, 214]"
2019-06-28 10:02:00,BID_DEPTH,"[(100778, 256)]"
2019-06-28 10:02:00,ASK_DEPTH,"[(100870, 256)]"
2019-06-28 10:02:00,IMBALANCE,"[256, 256]"
2019-06-28 10:03:00,BID_DEPTH,"[(100756, 356)]"
2019-06-28 10:03:00,ASK_DEPTH,"[(100870, 256)]"
2019-06-28 10:03:00,IMBALANCE,"[356, 256]"
2019-06-28 10:04:00,BID_DEPTH,"[(100756, 256)]"
2019-06-28 10:04:00,ASK_DEPTH,"[(100778, 356)]"
2019-06-28 10:04:00,IMBALANCE,"[256, 356]"
2019-06-28 10:05:00,BID_DEPTH,"[(100754, 329)]"
2019-06-28 10:05:00,ASK_DEPTH,"[(100778, 529)]"
2019-06-28 10:05:00,IMBALANCE,"[329, 529]"
2019-06-28 10:06:00,BID_DEPTH,"[(100751, 214)]"
2019-06-28 10:06:00,ASK_DEPTH,"[(100778, 414)]"
2019-06-28 10:06:00,IMBALANCE,"[214, 414]"
2019-06-28 10:07:00,BID_DEPTH,"[(100200, 329)]"
2019-06-28 10:07:00,ASK_DEPTH,"[(100652, 315)]"
2019-06-28 10:07:00,IMBALANCE,"[329, 315]"
2019-06-28 10:08:00,BID_DEPTH,"[(100200, 329)]"
2019-06-28 10:08:00,ASK_DEPTH,"[(100652, 515)]"
2019-06-28 10:08:00,IMBALANCE,"[329, 515]"
2019-06-28 10:09:00,BID_DEPTH,"[(100025, 214)]"
2019-06-28 10:09:00,ASK_DEPTH,"[(100652, 400)]"
2019-06-28 10:09:00,IMBALANCE,"[214, 400]"
2019-06-28 10:10:00,BID_DEPTH,"[(100025, 192)]"
2019-06-28 10:10:00,ASK_DEPTH,"[(100157, 192)]"
2019-06-28 10:10:00,IMBALANCE,"[192, 192]"
2019-06-28 10:11:00,BID_DEPTH,"[(99994, 329)]"
2019-06-28 10:11:00,ASK_DEPTH,"[(100156, 329)]"
2019-06-28 10:11:00,IMBALANCE,"[329, 329]"
2019-06-28 10:12:00,BID_DEPTH,"[(99935, 329)]"
2019-06-28 10:12:00,ASK_DEPTH,"[(100156, 329)]"
2019-06-28 10:12:00,IMBALANCE,"[329, 329]"
2019-06-28 10:13:00,BID_DEPTH,"[(99935, 192)]"
2019-06-28 10:13:00,ASK_DEPTH,"[(100156, 192)]"
2019-06-28 10:13:00,IMBALANCE,"[192, 192]"
2019-06-28 10:14:00,BID_DEPTH,"[(99769, 214)]"
2019-06-28 10:14:00,ASK_DEPTH,"[(99935, 214)]"
2019-06-28 10:14:00,IMBALANCE,"[214, 214]"
2019-06-28 10:15:00,BID_DEPTH,"[(99769, 214)]"
2019-06-28 10:15:00,ASK_DEPTH,"[(99930, 214)]"
2019-06-28 10:15:00,IMBALANCE,"[214, 214]"
2019-06-28 10:16:00,BID_DEPTH,"[(99737, 214)]"
2019-06-28 10:16:00,ASK_DEPTH,"[(99930, 214)]"
2019-06-28 10:16:00,IMBALANCE,"[214, 214]"
2019-06-28 10:17:00,BID_DEPTH,"[(99357, 329)]"
2019-06-28 10:17:00,ASK_DEPTH,"[(99904, 329)]"
2019-06-28 10:17:00,IMBALANCE,"[329, 329]"
2019-06-28 10:18:00,BID_DEPTH,"[(99357, 214)]"
2019-06-28 10:18:00,ASK_DEPTH,"[(99904, 214)]"
2019-06-28 10:18:00,IMBALANCE,"[214, 214]"
2019-06-28 10:19:00,BID_DEPTH,"[(98792, 192)]"
2019-06-28 10:19:00,ASK_DEPTH,"[(98972, 192)]"
2019-06-28 10:19:00,IMBALANCE,"[192, 192]"
2019-06-28 10:20:00,BID_DEPTH,"[(97988, 192)]"
2019-06-28 10:20:00,ASK_DEPTH,"[(98919, 192)]"
2019-06-28 10:20:00,IMBALANCE,"[192, 192]"
2019-06-28 10:21:00,BID_DEPTH,"[(98231, 248)]"
2019-06-28 10:21:00,ASK_DEPTH,"[(98536, 256)]"
2019-06-28 10:21:00,IMBALANCE,"[248, 256]"
2019-06-28 10:21:00,HOLDINGS_UPDATED,"{'CASH': 10098231, 'JPM': -1}"
2019-06-28 10:22:00,BID_DEPTH,"[(98231, 457)]"
2019-06-28 10:22:00,ASK_DEPTH,"[(98536, 558)]"
2019-06-28 10:22:00,IMBALANCE,"[457, 558]"
2019-06-28 10:22:00,HOLDINGS_UPDATED,"{'CASH': 10196462, 'JPM': -2}"
2019-06-28 10:23:00,BID_DEPTH,"[(98231, 191)]"
2019-06-28 10:23:00,ASK_DEPTH,"[(98972, 192)]"
2019-06-28 10:23:00,IMBALANCE,"[191, 192]"
2019-06-28 10:23:00,HOLDINGS_UPDATED,"{'CASH': 10294693, 'JPM': -3}"
2019-06-28 10:24:00,BID_DEPTH,"[(98231, 155)]"
2019-06-28 10:24:00,ASK_DEPTH,"[(98972, 256)]"
2019-06-28 10:24:00,IMBALANCE,"[155, 256]"
2019-06-28 10:24:00,HOLDINGS_UPDATED,"{'CASH': 10392924, 'JPM': -4}"
2019-06-28 10:25:00,BID_DEPTH,"[(98231, 228)]"
2019-06-28 10:25:00,ASK_DEPTH,"[(98972, 329)]"
2019-06-28 10:25:00,IMBALANCE,"[228, 329]"
2019-06-28 10:25:00,HOLDINGS_UPDATED,"{'CASH': 10491155, 'JPM': -5}"
2019-06-28 10:26:00,BID_DEPTH,"[(98231, 155)]"
2019-06-28 10:26:00,ASK_DEPTH,"[(99650, 256)]"
2019-06-28 10:26:00,IMBALANCE,"[155, 256]"
2019-06-28 10:26:00,HOLDINGS_UPDATED,"{'CASH': 10589386, 'JPM': -6}"
2019-06-28 10:27:00,BID_DEPTH,"[(98231, 328)]"
2019-06-28 10:27:00,ASK_DEPTH,"[(99904, 329)]"
2019-06-28 10:27:00,IMBALANCE,"[328, 329]"
2019-06-28 10:27:00,HOLDINGS_UPDATED,"{'CASH': 10687617, 'JPM': -7}"
2019-06-28 10:28:00,BID_DEPTH,"[(98143, 550)]"
2019-06-28 10:28:00,ASK_DEPTH,"[(99904, 558)]"
2019-06-28 10:28:00,IMBALANCE,"[550, 558]"
2019-06-28 10:28:00,HOLDINGS_UPDATED,"{'CASH': 10785760, 'JPM': -8}"
2019-06-28 10:29:00,BID_DEPTH,"[(99859, 321)]"
2019-06-28 10:29:00,ASK_DEPTH,"[(99930, 329)]"
2019-06-28 10:29:00,IMBALANCE,"[321, 329]"
2019-06-28 10:29:00,HOLDINGS_UPDATED,"{'CASH': 10885619, 'JPM': -9}"
2019-06-28 10:30:00,BID_DEPTH,"[(97988, 550)]"
2019-06-28 10:30:00,ASK_DEPTH,"[(100072, 558)]"
2019-06-28 10:30:00,IMBALANCE,"[550, 558]"
2019-06-28 10:30:00,HOLDINGS_UPDATED,"{'CASH': 10983607, 'JPM': -10}"
2019-06-28 10:31:00,BID_DEPTH,"[(97988, 248)]"
2019-06-28 10:31:00,ASK_DEPTH,"[(100205, 256)]"
2019-06-28 10:31:00,IMBALANCE,"[248, 256]"
2019-06-28 10:31:00,HOLDINGS_UPDATED,"{'CASH': 11081595, 'JPM': -11}"
2019-06-28 10:32:00,BID_DEPTH,[]
2019-06-28 10:32:00,ASK_DEPTH,"[(100436, 100)]"
2019-06-28 10:32:00,IMBALANCE,"[0, 100]"
2019-06-28 10:33:00,BID_DEPTH,"[(100436, 192)]"
2019-06-28 10:33:00,ASK_DEPTH,"[(100630, 192)]"
2019-06-28 10:33:00,IMBALANCE,"[192, 192]"
2019-06-28 10:33:00,HOLDINGS_UPDATED,"{'CASH': 11182031, 'JPM': -12}"
2019-06-28 10:34:00,BID_DEPTH,"[(100436, 206)]"
2019-06-28 10:34:00,ASK_DEPTH,"[(100630, 214)]"
2019-06-28 10:34:00,IMBALANCE,"[206, 214]"
2019-06-28 10:34:00,HOLDINGS_UPDATED,"{'CASH': 11282467, 'JPM': -13}"
2019-06-28 10:35:00,BID_DEPTH,"[(100435, 248)]"
2019-06-28 10:35:00,ASK_DEPTH,"[(100436, 256)]"
2019-06-28 10:35:00,IMBALANCE,"[248, 256]"
2019-06-28 10:35:00,HOLDINGS_UPDATED,"{'CASH': 11382902, 'JPM': -14}"
2019-06-28 10:36:00,BID_DEPTH,"[(100388, 184)]"
2019-06-28 10:36:00,ASK_DEPTH,"[(100480, 192)]"
2019-06-28 10:36:00,IMBALANCE,"[184, 192]"
2019-06-28 10:36:00,HOLDINGS_UPDATED,"{'CASH': 11483290, 'JPM': -15}"
2019-06-28 10:37:00,BID_DEPTH,"[(100257, 248)]"
2019-06-28 10:37:00,ASK_DEPTH,"[(100325, 256)]"
2019-06-28 10:37:00,IMBALANCE,"[248, 256]"
2019-06-28 10:37:00,HOLDINGS_UPDATED,"{'CASH': 11583547, 'JPM': -16}"
2019-06-28 10:38:00,BID_DEPTH,[]
2019-06-28 10:38:00,ASK_DEPTH,"[(99711, 100)]"
2019-06-28 10:38:00,IMBALANCE,"[0, 100]"
2019-06-28 10:39:00,BID_DEPTH,"[(99642, 184)]"
2019-06-28 10:39:00,ASK_DEPTH,"[(99706, 192)]"
2019-06-28 10:39:00,IMBALANCE,"[184, 192]"
2019-06-28 10:39:00,HOLDINGS_UPDATED,"{'CASH': 11683189, 'JPM': -17}"
2019-06-28 10:40:00,BID_DEPTH,"[(99020, 206)]"
2019-06-28 10:40:00,ASK_DEPTH,"[(99099, 214)]"
2019-06-28 10:40:00,IMBALANCE,"[206, 214]"
2019-06-28 10:40:00,HOLDINGS_UPDATED,"{'CASH': 11782209, 'JPM': -18}"
2019-06-28 10:41:00,BID_DEPTH,"[(99020, 206)]"
2019-06-28 10:41:00,ASK_DEPTH,"[(99099, 214)]"
2019-06-28 10:41:00,IMBALANCE,"[206, 214]"
2019-06-28 10:41:00,HOLDINGS_UPDATED,"{'CASH': 11881229, 'JPM': -19}"
2019-06-28 10:42:00,BID_DEPTH,"[(98426, 206)]"
2019-06-28 10:42:00,ASK_DEPTH,"[(98648, 214)]"
2019-06-28 10:42:00,IMBALANCE,"[206, 214]"
2019-06-28 10:42:00,HOLDINGS_UPDATED,"{'CASH': 11979655, 'JPM': -20}"
2019-06-28 10:43:00,BID_DEPTH,"[(98427, 184)]"
2019-06-28 10:43:00,ASK_DEPTH,"[(98944, 192)]"
2019-06-28 10:43:00,IMBALANCE,"[184, 192]"
2019-06-28 10:43:00,HOLDINGS_UPDATED,"{'CASH': 12078082, 'JPM': -21}"
2019-06-28 10:44:00,BID_DEPTH,"[(98427, 550)]"
2019-06-28 10:44:00,ASK_DEPTH,"[(98850, 558)]"
2019-06-28 10:44:00,IMBALANCE,"[550, 558]"
2019-06-28 10:44:00,HOLDINGS_UPDATED,"{'CASH': 12176509, 'JPM': -22}"
2019-06-28 10:45:00,BID_DEPTH,"[(98850, 229)]"
2019-06-28 10:45:00,ASK_DEPTH,"[(98944, 329)]"
2019-06-28 10:45:00,IMBALANCE,"[229, 329]"
2019-06-28 10:45:00,HOLDINGS_UPDATED,"{'CASH': 12275359, 'JPM': -23}"
2019-06-28 10:46:00,BID_DEPTH,"[(98850, 206)]"
2019-06-28 10:46:00,ASK_DEPTH,"[(98959, 214)]"
2019-06-28 10:46:00,IMBALANCE,"[206, 214]"
2019-06-28 10:46:00,HOLDINGS_UPDATED,"{'CASH': 12374209, 'JPM': -24}"
2019-06-28 10:47:00,BID_DEPTH,"[(98426, 228)]"
2019-06-28 10:47:00,ASK_DEPTH,"[(99099, 329)]"
2019-06-28 10:47:00,IMBALANCE,"[228, 329]"
2019-06-28 10:47:00,HOLDINGS_UPDATED,"{'CASH': 12472635, 'JPM': -25}"
2019-06-28 10:48:00,BID_DEPTH,"[(98426, 321)]"
2019-06-28 10:48:00,ASK_DEPTH,"[(99116, 329)]"
2019-06-28 10:48:00,IMBALANCE,"[321, 329]"
2019-06-28 10:48:00,HOLDINGS_UPDATED,"{'CASH': 12571061, 'JPM': -26}"
2019-06-28 10:49:00,BID_DEPTH,"[(98362, 248)]"
2019-06-28 10:49:00,ASK_DEPTH,"[(99165, 256)]"
2019-06-28 10:49:00,IMBALANCE,"[248, 256]"
2019-06-28 10:49:00,HOLDINGS_UPDATED,"{'CASH': 12669423, 'JPM': -27}"
2019-06-28 10:50:00,BID_DEPTH,[]
2019-06-28 10:50:00,ASK_DEPTH,"[(99597, 100)]"
2019-06-28 10:50:00,IMBALANCE,"[0, 100]"
2019-06-28 10:51:00,BID_DEPTH,[]
2019-06-28 10:51:00,ASK_DEPTH,"[(99711, 100)]"
2019-06-28 10:51:00,IMBALANCE,"[0, 100]"
2019-06-28 10:52:00,BID_DEPTH,"[(99169, 550)]"
2019-06-28 10:52:00,ASK_DEPTH,"[(99769, 558)]"
2019-06-28 10:52:00,IMBALANCE,"[550, 558]"
2019-06-28 10:52:00,HOLDINGS_UPDATED,"{'CASH': 12768592, 'JPM': -28}"
2019-06-28 10:53:00,BID_DEPTH,[]
2019-06-28 10:53:00,ASK_DEPTH,"[(99944, 100)]"
2019-06-28 10:53:00,IMBALANCE,"[0, 100]"
2019-06-28 10:54:00,BID_DEPTH,"[(99169, 284)]"
2019-06-28 10:54:00,ASK_DEPTH,"[(100167, 192)]"
2019-06-28 10:54:00,IMBALANCE,"[284, 192]"
2019-06-28 10:54:00,HOLDINGS_UPDATED,"{'CASH': 12867761, 'JPM': -29}"
2019-06-28 10:55:00,BID_DEPTH,"[(99169, 348)]"
2019-06-28 10:55:00,ASK_DEPTH,"[(100227, 256)]"
2019-06-28 10:55:00,IMBALANCE,"[348, 256]"
2019-06-28 10:55:00,HOLDINGS_UPDATED,"{'CASH': 12966930, 'JPM': -30}"
2019-06-28 10:56:00,BID_DEPTH,"[(99169, 297)]"
2019-06-28 10:56:00,ASK_DEPTH,"[(100257, 329)]"
2019-06-28 10:56:00,IMBALANCE,"[297, 329]"
2019-06-28 10:56:00,HOLDINGS_UPDATED,"{'CASH': 13066099, 'JPM': -31}"
2019-06-28 10:57:00,BID_DEPTH,"[(99169, 284)]"
2019-06-28 10:57:00,ASK_DEPTH,"[(100257, 192)]"
2019-06-28 10:57:00,IMBALANCE,"[284, 192]"
2019-06-28 10:57:00,HOLDINGS_UPDATED,"{'CASH': 13165268, 'JPM': -32}"
2019-06-28 10:58:00,BID_DEPTH,"[(99169, 526)]"
2019-06-28 10:58:00,ASK_DEPTH,"[(100257, 558)]"
2019-06-28 10:58:00,IMBALANCE,"[526, 558]"
2019-06-28 10:58:00,HOLDINGS_UPDATED,"{'CASH': 13264437, 'JPM': -33}"
2019-06-28 10:59:00,BID_DEPTH,[]
2019-06-28 10:59:00,ASK_DEPTH,"[(100313, 100)]"
2019-06-28 10:59:00,IMBALANCE,"[0, 100]"
2019-06-28 11:00:00,BID_DEPTH,"[(100257, 550)]"
2019-06-28 11:00:00,ASK_DEPTH,"[(100480, 558)]"
2019-06-28 11:00:00,IMBALANCE,"[550, 558]"
2019-06-28 11:00:00,HOLDINGS_UPDATED,"{'CASH': 13364694, 'JPM': -34}"
2019-06-28 11:01:00,BID_DEPTH,"[(100594, 92)]"
2019-06-28 11:01:00,ASK_DEPTH,"[(100636, 192)]"
2019-06-28 11:01:00,IMBALANCE,"[92, 192]"
2019-06-28 11:01:00,HOLDINGS_UPDATED,"{'CASH': 13465288, 'JPM': -35}"
2019-06-28 11:02:00,BID_DEPTH,"[(100594, 113)]"
2019-06-28 11:02:00,ASK_DEPTH,"[(100727, 214)]"
2019-06-28 11:02:00,IMBALANCE,"[113, 214]"
2019-06-28 11:02:00,HOLDINGS_UPDATED,"{'CASH': 13565882, 'JPM': -36}"
2019-06-28 11:03:00,BID_DEPTH,"[(100594, 345)]"
2019-06-28 11:03:00,ASK_DEPTH,"[(100741, 256)]"
2019-06-28 11:03:00,IMBALANCE,"[345, 256]"
2019-06-28 11:03:00,HOLDINGS_UPDATED,"{'CASH': 13666476, 'JPM': -37}"
2019-06-28 11:04:00,BID_DEPTH,"[(100594, 414)]"
2019-06-28 11:04:00,ASK_DEPTH,"[(100985, 256)]"
2019-06-28 11:04:00,IMBALANCE,"[414, 256]"
2019-06-28 11:04:00,HOLDINGS_UPDATED,"{'CASH': 13767070, 'JPM': -38}"
2019-06-28 11:05:00,BID_DEPTH,"[(100804, 192)]"
2019-06-28 11:05:00,ASK_DEPTH,"[(100987, 184)]"
2019-06-28 11:05:00,IMBALANCE,"[192, 184]"
2019-06-28 11:05:00,HOLDINGS_UPDATED,"{'CASH': 13666083, 'JPM': -37}"
2019-06-28 11:06:00,BID_DEPTH,"[(100804, 214)]"
2019-06-28 11:06:00,ASK_DEPTH,"[(100987, 213)]"
2019-06-28 11:06:00,IMBALANCE,"[214, 213]"
2019-06-28 11:06:00,HOLDINGS_UPDATED,"{'CASH': 13565096, 'JPM': -36}"
2019-06-28 11:07:00,BID_DEPTH,"[(100594, 127)]"
2019-06-28 11:07:00,ASK_DEPTH,"[(100987, 91)]"
2019-06-28 11:07:00,IMBALANCE,"[127, 91]"
2019-06-28 11:07:00,HOLDINGS_UPDATED,"{'CASH': 13464109, 'JPM': -35}"
2019-06-28 11:08:00,BID_DEPTH,"[(100694, 329)]"
2019-06-28 11:08:00,ASK_DEPTH,"[(100810, 321)]"
2019-06-28 11:08:00,IMBALANCE,"[329, 321]"
2019-06-28 11:08:00,HOLDINGS_UPDATED,"{'CASH': 13363299, 'JPM': -34}"
2019-06-28 11:09:00,BID_DEPTH,"[(100594, 127)]"
2019-06-28 11:09:00,ASK_DEPTH,"[(100810, 184)]"
2019-06-28 11:09:00,IMBALANCE,"[127, 184]"
2019-06-28 11:09:00,HOLDINGS_UPDATED,"{'CASH': 13262489, 'JPM': -33}"
2019-06-28 11:10:00,BID_DEPTH,"[(100909, 558)]"
2019-06-28 11:10:00,ASK_DEPTH,"[(100918, 550)]"
2019-06-28 11:10:00,IMBALANCE,"[558, 550]"
2019-06-28 11:10:00,HOLDINGS_UPDATED,"{'CASH': 13161571, 'JPM': -32}"
2019-06-28 11:11:00,BID_DEPTH,"[(100909, 214)]"
2019-06-28 11:11:00,ASK_DEPTH,"[(100948, 206)]"
2019-06-28 11:11:00,IMBALANCE,"[214, 206]"
2019-06-28 11:11:00,HOLDINGS_UPDATED,"{'CASH': 13060623, 'JPM': -31}"
2019-06-28 11:12:00,BID_DEPTH,"[(100909, 214)]"
2019-06-28 11:12:00,ASK_DEPTH,"[(101403, 206)]"
2019-06-28 11:12:00,IMBALANCE,"[214, 206]"
2019-06-28 11:12:00,HOLDINGS_UPDATED,"{'CASH': 12959220, 'JPM': -30}"
2019-06-28 11:13:00,BID_DEPTH,"[(101331, 329)]"
2019-06-28 11:13:00,ASK_DEPTH,"[(101486, 321)]"
2019-06-28 11:13:00,IMBALANCE,"[329, 321]"
2019-06-28 11:13:00,HOLDINGS_UPDATED,"{'CASH': 12857734, 'JPM': -29}"
2019-06-28 11:14:00,BID_DEPTH,"[(101306, 256)]"
2019-06-28 11:14:00,ASK_DEPTH,"[(101307, 248)]"
2019-06-28 11:14:00,IMBALANCE,"[256, 248]"
2019-06-28 11:14:00,HOLDINGS_UPDATED,"{'CASH': 12756427, 'JPM': -28}"
2019-06-28 11:15:00,BID_DEPTH,"[(100594, 127)]"
2019-06-28 11:15:00,ASK_DEPTH,"[(101441, 184)]"
2019-06-28 11:15:00,IMBALANCE,"[127, 184]"
2019-06-28 11:15:00,HOLDINGS_UPDATED,"{'CASH': 12654986, 'JPM': -27}"
2019-06-28 11:16:00,BID_DEPTH,"[(100986, 192)]"
2019-06-28 11:16:00,ASK_DEPTH,"[(101231, 184)]"
2019-06-28 11:16:00,IMBALANCE,"[192, 184]"
2019-06-28 11:16:00,HOLDINGS_UPDATED,"{'CASH': 12553755, 'JPM': -26}"
2019-06-28 11:17:00,BID_DEPTH,"[(100986, 256)]"
2019-06-28 11:17:00,ASK_DEPTH,"[(101476, 248)]"
2019-06-28 11:17:00,IMBALANCE,"[256, 248]"
2019-06-28 11:17:00,HOLDINGS_UPDATED,"{'CASH': 12452279, 'JPM': -25}"
2019-06-28 11:18:00,BID_DEPTH,"[(101018, 558)]"
2019-06-28 11:18:00,ASK_DEPTH,"[(101476, 550)]"
2019-06-28 11:18:00,IMBALANCE,"[558, 550]"
2019-06-28 11:18:00,HOLDINGS_UPDATED,"{'CASH': 12350803, 'JPM': -24}"
2019-06-28 11:19:00,BID_DEPTH,"[(101018, 214)]"
2019-06-28 11:19:00,ASK_DEPTH,"[(101476, 206)]"
2019-06-28 11:19:00,IMBALANCE,"[214, 206]"
2019-06-28 11:19:00,HOLDINGS_UPDATED,"{'CASH': 12249327, 'JPM': -23}"
2019-06-28 11:20:00,BID_DEPTH,"[(101476, 192)]"
2019-06-28 11:20:00,ASK_DEPTH,"[(101486, 91)]"
2019-06-28 11:20:00,IMBALANCE,"[192, 91]"
2019-06-28 11:20:00,HOLDINGS_UPDATED,"{'CASH': 12147841, 'JPM': -22}"
2019-06-28 11:21:00,BID_DEPTH,"[(101486, 116)]"
2019-06-28 11:21:00,ASK_DEPTH,"[(101520, 290)]"
2019-06-28 11:21:00,IMBALANCE,"[116, 290]"
2019-06-28 11:21:00,HOLDINGS_UPDATED,"{'CASH': 12046321, 'JPM': -21}"
2019-06-28 11:22:00,BID_DEPTH,"[(101476, 256)]"
2019-06-28 11:22:00,ASK_DEPTH,"[(101520, 208)]"
2019-06-28 11:22:00,IMBALANCE,"[256, 208]"
2019-06-28 11:22:00,HOLDINGS_UPDATED,"{'CASH': 11944801, 'JPM': -20}"
2019-06-28 11:23:00,BID_DEPTH,"[(101128, 329)]"
2019-06-28 11:23:00,ASK_DEPTH,"[(101476, 321)]"
2019-06-28 11:23:00,IMBALANCE,"[329, 321]"
2019-06-28 11:23:00,HOLDINGS_UPDATED,"{'CASH': 11843325, 'JPM': -19}"
2019-06-28 11:24:00,BID_DEPTH,"[(101128, 558)]"
2019-06-28 11:24:00,ASK_DEPTH,"[(101631, 550)]"
2019-06-28 11:24:00,IMBALANCE,"[558, 550]"
2019-06-28 11:24:00,HOLDINGS_UPDATED,"{'CASH': 11741694, 'JPM': -18}"
2019-06-28 11:25:00,BID_DEPTH,"[(100648, 329)]"
2019-06-28 11:25:00,ASK_DEPTH,"[(100676, 321)]"
2019-06-28 11:25:00,IMBALANCE,"[329, 321]"
2019-06-28 11:25:00,HOLDINGS_UPDATED,"{'CASH': 11641018, 'JPM': -17}"
2019-06-28 11:26:00,BID_DEPTH,"[(100556, 214)]"
2019-06-28 11:26:00,ASK_DEPTH,"[(100676, 206)]"
2019-06-28 11:26:00,IMBALANCE,"[214, 206]"
2019-06-28 11:26:00,HOLDINGS_UPDATED,"{'CASH': 11540342, 'JPM': -16}"
2019-06-28 11:27:00,BID_DEPTH,"[(100266, 192)]"
2019-06-28 11:27:00,ASK_DEPTH,"[(100676, 184)]"
2019-06-28 11:27:00,IMBALANCE,"[192, 184]"
2019-06-28 11:27:00,HOLDINGS_UPDATED,"{'CASH': 11439666, 'JPM': -15}"
2019-06-28 11:28:00,BID_DEPTH,"[(100232, 329)]"
2019-06-28 11:28:00,ASK_DEPTH,"[(100676, 421)]"
2019-06-28 11:28:00,IMBALANCE,"[329, 421]"
2019-06-28 11:28:00,HOLDINGS_UPDATED,"{'CASH': 11338990, 'JPM': -14}"
2019-06-28 11:29:00,BID_DEPTH,"[(100232, 329)]"
2019-06-28 11:29:00,ASK_DEPTH,"[(100676, 297)]"
2019-06-28 11:29:00,IMBALANCE,"[329, 297]"
2019-06-28 11:29:00,HOLDINGS_UPDATED,"{'CASH': 11238314, 'JPM': -13}"
2019-06-28 11:30:00,BID_DEPTH,"[(99636, 192)]"
2019-06-28 11:30:00,ASK_DEPTH,"[(100676, 184)]"
2019-06-28 11:30:00,IMBALANCE,"[192, 184]"
2019-06-28 11:30:00,HOLDINGS_UPDATED,"{'CASH': 11137638, 'JPM': -12}"
2019-06-28 11:31:00,BID_DEPTH,"[(99798, 192)]"
2019-06-28 11:31:00,ASK_DEPTH,"[(100986, 128)]"
2019-06-28 11:31:00,IMBALANCE,"[192, 128]"
2019-06-28 11:31:00,HOLDINGS_UPDATED,"{'CASH': 11036652, 'JPM': -11}"
2019-06-28 11:32:00,BID_DEPTH,"[(99634, 214)]"
2019-06-28 11:32:00,ASK_DEPTH,"[(100986, 206)]"
2019-06-28 11:32:00,IMBALANCE,"[214, 206]"
2019-06-28 11:32:00,HOLDINGS_UPDATED,"{'CASH': 10935666, 'JPM': -10}"
2019-06-28 11:33:00,BID_DEPTH,"[(99634, 558)]"
2019-06-28 11:33:00,ASK_DEPTH,"[(99678, 550)]"
2019-06-28 11:33:00,IMBALANCE,"[558, 550]"
2019-06-28 11:33:00,HOLDINGS_UPDATED,"{'CASH': 10835988, 'JPM': -9}"
2019-06-28 11:34:00,BID_DEPTH,"[(99634, 256)]"
2019-06-28 11:34:00,ASK_DEPTH,"[(101840, 248)]"
2019-06-28 11:34:00,IMBALANCE,"[256, 248]"
2019-06-28 11:34:00,HOLDINGS_UPDATED,"{'CASH': 10734148, 'JPM': -8}"
2019-06-28 11:35:00,BID_DEPTH,"[(99698, 214)]"
2019-06-28 11:35:00,ASK_DEPTH,"[(101840, 206)]"
2019-06-28 11:35:00,IMBALANCE,"[214, 206]"
2019-06-28 11:35:00,HOLDINGS_UPDATED,"{'CASH': 10632308, 'JPM': -7}"
2019-06-28 11:36:00,BID_DEPTH,"[(99634, 329)]"
2019-06-28 11:36:00,ASK_DEPTH,"[(99841, 321)]"
2019-06-28 11:36:00,IMBALANCE,"[329, 321]"
2019-06-28 11:36:00,HOLDINGS_UPDATED,"{'CASH': 10532467, 'JPM': -6}"
2019-06-28 11:37:00,BID_DEPTH,"[(99617, 100)]"
2019-06-28 11:37:00,ASK_DEPTH,[]
2019-06-28 11:37:00,IMBALANCE,"[100, 0]"
2019-06-28 11:38:00,BID_DEPTH,"[(99456, 558)]"
2019-06-28 11:38:00,ASK_DEPTH,"[(99634, 550)]"
2019-06-28 11:38:00,IMBALANCE,"[558, 550]"
2019-06-28 11:38:00,HOLDINGS_UPDATED,"{'CASH': 10432833, 'JPM': -5}"
2019-06-28 11:39:00,BID_DEPTH,"[(99451, 558)]"
2019-06-28 11:39:00,ASK_DEPTH,"[(99634, 550)]"
2019-06-28 11:39:00,IMBALANCE,"[558, 550]"
2019-06-28 11:39:00,HOLDINGS_UPDATED,"{'CASH': 10333199, 'JPM': -4}"
2019-06-28 11:40:00,BID_DEPTH,"[(99368, 192)]"
2019-06-28 11:40:00,ASK_DEPTH,"[(99430, 184)]"
2019-06-28 11:40:00,IMBALANCE,"[192, 184]"
2019-06-28 11:40:00,HOLDINGS_UPDATED,"{'CASH': 10233769, 'JPM': -3}"
2019-06-28 11:41:00,BID_DEPTH,"[(99362, 184)]"
2019-06-28 11:41:00,ASK_DEPTH,"[(99430, 192)]"
2019-06-28 11:41:00,IMBALANCE,"[184, 192]"
2019-06-28 11:41:00,HOLDINGS_UPDATED,"{'CASH': 10333131, 'JPM': -4}"
2019-06-28 11:42:00,BID_DEPTH,"[(99199, 206)]"
2019-06-28 11:42:00,ASK_DEPTH,"[(99634, 214)]"
2019-06-28 11:42:00,IMBALANCE,"[206, 214]"
2019-06-28 11:42:00,HOLDINGS_UPDATED,"{'CASH': 10432330, 'JPM': -5}"
2019-06-28 11:43:00,BID_DEPTH,"[(99634, 200)]"
2019-06-28 11:43:00,ASK_DEPTH,[]
2019-06-28 11:43:00,IMBALANCE,"[200, 0]"
2019-06-28 11:44:00,BID_DEPTH,"[(100183, 100)]"
2019-06-28 11:44:00,ASK_DEPTH,[]
2019-06-28 11:44:00,IMBALANCE,"[100, 0]"
2019-06-28 11:45:00,BID_DEPTH,"[(100115, 206)]"
2019-06-28 11:45:00,ASK_DEPTH,"[(100183, 214)]"
2019-06-28 11:45:00,IMBALANCE,"[206, 214]"
2019-06-28 11:45:00,HOLDINGS_UPDATED,"{'CASH': 10532445, 'JPM': -6}"
2019-06-28 11:46:00,BID_DEPTH,"[(99634, 750)]"
2019-06-28 11:46:00,ASK_DEPTH,"[(100008, 558)]"
2019-06-28 11:46:00,IMBALANCE,"[750, 558]"
2019-06-28 11:46:00,HOLDINGS_UPDATED,"{'CASH': 10632079, 'JPM': -7}"
2019-06-28 11:47:00,BID_DEPTH,"[(99634, 726)]"
2019-06-28 11:47:00,ASK_DEPTH,"[(99816, 558)]"
2019-06-28 11:47:00,IMBALANCE,"[726, 558]"
2019-06-28 11:47:00,HOLDINGS_UPDATED,"{'CASH': 10731713, 'JPM': -8}"
2019-06-28 11:48:00,BID_DEPTH,"[(99634, 602)]"
2019-06-28 11:48:00,ASK_DEPTH,"[(99833, 558)]"
2019-06-28 11:48:00,IMBALANCE,"[602, 558]"
2019-06-28 11:48:00,HOLDINGS_UPDATED,"{'CASH': 10831347, 'JPM': -9}"
2019-06-28 11:49:00,BID_DEPTH,"[(99800, 206)]"
2019-06-28 11:49:00,ASK_DEPTH,"[(99833, 214)]"
2019-06-28 11:49:00,IMBALANCE,"[206, 214]"
2019-06-28 11:49:00,HOLDINGS_UPDATED,"{'CASH': 10931147, 'JPM': -10}"
2019-06-28 11:50:00,BID_DEPTH,"[(99148, 321)]"
2019-06-28 11:50:00,ASK_DEPTH,"[(99532, 329)]"
2019-06-28 11:50:00,IMBALANCE,"[321, 329]"
2019-06-28 11:50:00,HOLDINGS_UPDATED,"{'CASH': 11030295, 'JPM': -11}"
2019-06-28 11:51:00,BID_DEPTH,"[(99272, 206)]"
2019-06-28 11:51:00,ASK_DEPTH,"[(99494, 214)]"
2019-06-28 11:51:00,IMBALANCE,"[206, 214]"
2019-06-28 11:51:00,HOLDINGS_UPDATED,"{'CASH': 11129567, 'JPM': -12}"
2019-06-28 11:52:00,BID_DEPTH,"[(99494, 184)]"
2019-06-28 11:52:00,ASK_DEPTH,"[(99800, 202)]"
2019-06-28 11:52:00,IMBALANCE,"[184, 202]"
2019-06-28 11:52:00,HOLDINGS_UPDATED,"{'CASH': 11229061, 'JPM': -13}"
2019-06-28 11:53:00,BID_DEPTH,"[(99494, 206)]"
2019-06-28 11:53:00,ASK_DEPTH,"[(99800, 124)]"
2019-06-28 11:53:00,IMBALANCE,"[206, 124]"
2019-06-28 11:53:00,HOLDINGS_UPDATED,"{'CASH': 11328555, 'JPM': -14}"
2019-06-28 11:54:00,BID_DEPTH,"[(99272, 91)]"
2019-06-28 11:54:00,ASK_DEPTH,"[(99952, 192)]"
2019-06-28 11:54:00,IMBALANCE,"[91, 192]"
2019-06-28 11:54:00,HOLDINGS_UPDATED,"{'CASH': 11427827, 'JPM': -15}"
2019-06-28 11:55:00,BID_DEPTH,"[(99148, 541)]"
2019-06-28 11:55:00,ASK_DEPTH,"[(99952, 558)]"
2019-06-28 11:55:00,IMBALANCE,"[541, 558]"
2019-06-28 11:55:00,HOLDINGS_UPDATED,"{'CASH': 11526975, 'JPM': -16}"
2019-06-28 11:56:00,BID_DEPTH,"[(99951, 550)]"
2019-06-28 11:56:00,ASK_DEPTH,"[(99952, 558)]"
2019-06-28 11:56:00,IMBALANCE,"[550, 558]"
2019-06-28 11:56:00,HOLDINGS_UPDATED,"{'CASH': 11626926, 'JPM': -17}"
2019-06-28 11:57:00,BID_DEPTH,"[(99889, 206)]"
2019-06-28 11:57:00,ASK_DEPTH,"[(99952, 214)]"
2019-06-28 11:57:00,IMBALANCE,"[206, 214]"
2019-06-28 11:57:00,HOLDINGS_UPDATED,"{'CASH': 11726815, 'JPM': -18}"
2019-06-28 11:58:00,BID_DEPTH,"[(99776, 321)]"
2019-06-28 11:58:00,ASK_DEPTH,"[(99984, 329)]"
2019-06-28 11:58:00,IMBALANCE,"[321, 329]"
2019-06-28 11:58:00,HOLDINGS_UPDATED,"{'CASH': 11826591, 'JPM': -19}"
2019-06-28 11:59:00,BID_DEPTH,"[(99634, 184)]"
2019-06-28 11:59:00,ASK_DEPTH,"[(99984, 192)]"
2019-06-28 11:59:00,IMBALANCE,"[184, 192]"
2019-06-28 11:59:00,HOLDINGS_UPDATED,"{'CASH': 11926225, 'JPM': -20}"
2019-06-28 12:00:00,BID_DEPTH,"[(99043, 206)]"
2019-06-28 12:00:00,ASK_DEPTH,"[(99984, 214)]"
2019-06-28 12:00:00,IMBALANCE,"[206, 214]"
2019-06-28 12:00:00,HOLDINGS_UPDATED,"{'CASH': 12025268, 'JPM': -21}"
2019-06-28 12:01:00,BID_DEPTH,"[(98901, 248)]"
2019-06-28 12:01:00,ASK_DEPTH,"[(99984, 256)]"
2019-06-28 12:01:00,IMBALANCE,"[248, 256]"
2019-06-28 12:01:00,HOLDINGS_UPDATED,"{'CASH': 12124169, 'JPM': -22}"
2019-06-28 12:02:00,BID_DEPTH,"[(98681, 206)]"
2019-06-28 12:02:00,ASK_DEPTH,"[(98950, 214)]"
2019-06-28 12:02:00,IMBALANCE,"[206, 214]"
2019-06-28 12:02:00,HOLDINGS_UPDATED,"{'CASH': 12222850, 'JPM': -23}"
2019-06-28 12:03:00,BID_DEPTH,"[(98686, 206)]"
2019-06-28 12:03:00,ASK_DEPTH,"[(99070, 214)]"
2019-06-28 12:03:00,IMBALANCE,"[206, 214]"
2019-06-28 12:03:00,HOLDINGS_UPDATED,"{'CASH': 12321536, 'JPM': -24}"
2019-06-28 12:04:00,BID_DEPTH,"[(98899, 248)]"
2019-06-28 12:04:00,ASK_DEPTH,"[(98946, 256)]"
2019-06-28 12:04:00,IMBALANCE,"[248, 256]"
2019-06-28 12:04:00,HOLDINGS_UPDATED,"{'CASH': 12420435, 'JPM': -25}"
2019-06-28 12:05:00,BID_DEPTH,"[(98899, 328)]"
2019-06-28 12:05:00,ASK_DEPTH,"[(98946, 329)]"
2019-06-28 12:05:00,IMBALANCE,"[328, 329]"
2019-06-28 12:05:00,HOLDINGS_UPDATED,"{'CASH': 12519334, 'JPM': -26}"
2019-06-28 12:06:00,BID_DEPTH,"[(98946, 206)]"
2019-06-28 12:06:00,ASK_DEPTH,"[(99724, 214)]"
2019-06-28 12:06:00,IMBALANCE,"[206, 214]"
2019-06-28 12:06:00,HOLDINGS_UPDATED,"{'CASH': 12618280, 'JPM': -27}"
2019-06-28 12:07:00,BID_DEPTH,"[(98946, 184)]"
2019-06-28 12:07:00,ASK_DEPTH,"[(99724, 192)]"
2019-06-28 12:07:00,IMBALANCE,"[184, 192]"
2019-06-28 12:07:00,HOLDINGS_UPDATED,"{'CASH': 12717226, 'JPM': -28}"
2019-06-28 12:08:00,BID_DEPTH,"[(98946, 206)]"
2019-06-28 12:08:00,ASK_DEPTH,"[(99747, 214)]"
2019-06-28 12:08:00,IMBALANCE,"[206, 214]"
2019-06-28 12:08:00,HOLDINGS_UPDATED,"{'CASH': 12816172, 'JPM': -29}"
2019-06-28 12:09:00,BID_DEPTH,"[(98946, 321)]"
2019-06-28 12:09:00,ASK_DEPTH,"[(99747, 329)]"
2019-06-28 12:09:00,IMBALANCE,"[321, 329]"
2019-06-28 12:09:00,HOLDINGS_UPDATED,"{'CASH': 12915118, 'JPM': -30}"
2019-06-28 12:10:00,BID_DEPTH,"[(98989, 321)]"
2019-06-28 12:10:00,ASK_DEPTH,"[(99747, 329)]"
2019-06-28 12:10:00,IMBALANCE,"[321, 329]"
2019-06-28 12:10:00,HOLDINGS_UPDATED,"{'CASH': 13014107, 'JPM': -31}"
2019-06-28 12:11:00,BID_DEPTH,"[(98899, 91)]"
2019-06-28 12:11:00,ASK_DEPTH,"[(98927, 192)]"
2019-06-28 12:11:00,IMBALANCE,"[91, 192]"
2019-06-28 12:11:00,HOLDINGS_UPDATED,"{'CASH': 13113006, 'JPM': -32}"
2019-06-28 12:12:00,BID_DEPTH,"[(98821, 550)]"
2019-06-28 12:12:00,ASK_DEPTH,"[(98899, 460)]"
2019-06-28 12:12:00,IMBALANCE,"[550, 460]"
2019-06-28 12:12:00,HOLDINGS_UPDATED,"{'CASH': 13211827, 'JPM': -33}"
2019-06-28 12:13:00,BID_DEPTH,"[(98821, 206)]"
2019-06-28 12:13:00,ASK_DEPTH,"[(98914, 214)]"
2019-06-28 12:13:00,IMBALANCE,"[206, 214]"
2019-06-28 12:13:00,HOLDINGS_UPDATED,"{'CASH': 13310648, 'JPM': -34}"
2019-06-28 12:14:00,BID_DEPTH,"[(98686, 255)]"
2019-06-28 12:14:00,ASK_DEPTH,"[(98914, 256)]"
2019-06-28 12:14:00,IMBALANCE,"[255, 256]"
2019-06-28 12:14:00,HOLDINGS_UPDATED,"{'CASH': 13409334, 'JPM': -35}"
2019-06-28 12:15:00,BID_DEPTH,"[(98687, 321)]"
2019-06-28 12:15:00,ASK_DEPTH,"[(98927, 329)]"
2019-06-28 12:15:00,IMBALANCE,"[321, 329]"
2019-06-28 12:15:00,HOLDINGS_UPDATED,"{'CASH': 13508021, 'JPM': -36}"
2019-06-28 12:16:00,BID_DEPTH,"[(98686, 550)]"
2019-06-28 12:16:00,ASK_DEPTH,"[(98927, 558)]"
2019-06-28 12:16:00,IMBALANCE,"[550, 558]"
2019-06-28 12:16:00,HOLDINGS_UPDATED,"{'CASH': 13606707, 'JPM': -37}"
2019-06-28 12:17:00,BID_DEPTH,"[(98686, 284)]"
2019-06-28 12:17:00,ASK_DEPTH,"[(99141, 192)]"
2019-06-28 12:17:00,IMBALANCE,"[284, 192]"
2019-06-28 12:17:00,HOLDINGS_UPDATED,"{'CASH': 13705393, 'JPM': -38}"
2019-06-28 12:18:00,BID_DEPTH,"[(99141, 950)]"
2019-06-28 12:18:00,ASK_DEPTH,"[(99235, 558)]"
2019-06-28 12:18:00,IMBALANCE,"[950, 558]"
2019-06-28 12:18:00,HOLDINGS_UPDATED,"{'CASH': 13804534, 'JPM': -39}"
2019-06-28 12:19:00,BID_DEPTH,"[(99141, 382)]"
2019-06-28 12:19:00,ASK_DEPTH,"[(99305, 214)]"
2019-06-28 12:19:00,IMBALANCE,"[382, 214]"
2019-06-28 12:19:00,HOLDINGS_UPDATED,"{'CASH': 13903675, 'JPM': -40}"
2019-06-28 12:20:00,BID_DEPTH,"[(99141, 158)]"
2019-06-28 12:20:00,ASK_DEPTH,"[(99168, 214)]"
2019-06-28 12:20:00,IMBALANCE,"[158, 214]"
2019-06-28 12:20:00,HOLDINGS_UPDATED,"{'CASH': 14002816, 'JPM': -41}"
2019-06-28 12:21:00,BID_DEPTH,"[(99017, 184)]"
2019-06-28 12:21:00,ASK_DEPTH,"[(99168, 192)]"
2019-06-28 12:21:00,IMBALANCE,"[184, 192]"
2019-06-28 12:21:00,HOLDINGS_UPDATED,"{'CASH': 14101833, 'JPM': -42}"
2019-06-28 12:22:00,BID_DEPTH,"[(98881, 321)]"
2019-06-28 12:22:00,ASK_DEPTH,"[(99204, 329)]"
2019-06-28 12:22:00,IMBALANCE,"[321, 329]"
2019-06-28 12:22:00,HOLDINGS_UPDATED,"{'CASH': 14200714, 'JPM': -43}"
2019-06-28 12:23:00,BID_DEPTH,"[(98686, 182)]"
2019-06-28 12:23:00,ASK_DEPTH,"[(99305, 214)]"
2019-06-28 12:23:00,IMBALANCE,"[182, 214]"
2019-06-28 12:23:00,HOLDINGS_UPDATED,"{'CASH': 14299400, 'JPM': -44}"
2019-06-28 12:24:00,BID_DEPTH,"[(98681, 91)]"
2019-06-28 12:24:00,ASK_DEPTH,"[(99305, 192)]"
2019-06-28 12:24:00,IMBALANCE,"[91, 192]"
2019-06-28 12:24:00,HOLDINGS_UPDATED,"{'CASH': 14398081, 'JPM': -45}"
2019-06-28 12:25:00,BID_DEPTH,"[(98680, 457)]"
2019-06-28 12:25:00,ASK_DEPTH,"[(98681, 460)]"
2019-06-28 12:25:00,IMBALANCE,"[457, 460]"
2019-06-28 12:25:00,HOLDINGS_UPDATED,"{'CASH': 14496761, 'JPM': -46}"
2019-06-28 12:26:00,BID_DEPTH,"[(98638, 550)]"
2019-06-28 12:26:00,ASK_DEPTH,"[(98681, 460)]"
2019-06-28 12:26:00,IMBALANCE,"[550, 460]"
2019-06-28 12:26:00,HOLDINGS_UPDATED,"{'CASH': 14595399, 'JPM': -47}"
2019-06-28 12:27:00,BID_DEPTH,"[(98681, 204)]"
2019-06-28 12:27:00,ASK_DEPTH,"[(99045, 214)]"
2019-06-28 12:27:00,IMBALANCE,"[204, 214]"
2019-06-28 12:27:00,HOLDINGS_UPDATED,"{'CASH': 14694080, 'JPM': -48}"
2019-06-28 12:28:00,BID_DEPTH,[]
2019-06-28 12:28:00,ASK_DEPTH,"[(99305, 100)]"
2019-06-28 12:28:00,IMBALANCE,"[0, 100]"
2019-06-28 12:29:00,BID_DEPTH,[]
2019-06-28 12:29:00,ASK_DEPTH,"[(99347, 100)]"
2019-06-28 12:29:00,IMBALANCE,"[0, 100]"
2019-06-28 12:30:00,BID_DEPTH,[]
2019-06-28 12:30:00,ASK_DEPTH,"[(99370, 100)]"
2019-06-28 12:30:00,IMBALANCE,"[0, 100]"
2019-06-28 12:31:00,BID_DEPTH,[]
2019-06-28 12:31:00,ASK_DEPTH,"[(99370, 100)]"
2019-06-28 12:31:00,IMBALANCE,"[0, 100]"
2019-06-28 12:32:00,BID_DEPTH,[]
2019-06-28 12:32:00,ASK_DEPTH,"[(99695, 100)]"
2019-06-28 12:32:00,IMBALANCE,"[0, 100]"
2019-06-28 12:33:00,BID_DEPTH,"[(99696, 284)]"
2019-06-28 12:33:00,ASK_DEPTH,"[(99755, 192)]"
2019-06-28 12:33:00,IMBALANCE,"[284, 192]"
2019-06-28 12:33:00,HOLDINGS_UPDATED,"{'CASH': 14793776, 'JPM': -49}"
2019-06-28 12:34:00,BID_DEPTH,"[(99696, 160)]"
2019-06-28 12:34:00,ASK_DEPTH,"[(99846, 192)]"
2019-06-28 12:34:00,IMBALANCE,"[160, 192]"
2019-06-28 12:34:00,HOLDINGS_UPDATED,"{'CASH': 14893472, 'JPM': -50}"
2019-06-28 12:35:00,BID_DEPTH,[]
2019-06-28 12:35:00,ASK_DEPTH,"[(99931, 100)]"
2019-06-28 12:35:00,IMBALANCE,"[0, 100]"
2019-06-28 12:36:00,BID_DEPTH,"[(99696, 248)]"
2019-06-28 12:36:00,ASK_DEPTH,"[(99931, 256)]"
2019-06-28 12:36:00,IMBALANCE,"[248, 256]"
2019-06-28 12:36:00,HOLDINGS_UPDATED,"{'CASH': 14993168, 'JPM': -51}"
2019-06-28 12:37:00,BID_DEPTH,"[(99696, 184)]"
2019-06-28 12:37:00,ASK_DEPTH,"[(99945, 192)]"
2019-06-28 12:37:00,IMBALANCE,"[184, 192]"
2019-06-28 12:37:00,HOLDINGS_UPDATED,"{'CASH': 15092864, 'JPM': -52}"
2019-06-28 12:38:00,BID_DEPTH,"[(99696, 184)]"
2019-06-28 12:38:00,ASK_DEPTH,"[(99945, 192)]"
2019-06-28 12:38:00,IMBALANCE,"[184, 192]"
2019-06-28 12:38:00,HOLDINGS_UPDATED,"{'CASH': 15192560, 'JPM': -53}"
2019-06-28 12:39:00,BID_DEPTH,[]
2019-06-28 12:39:00,ASK_DEPTH,"[(100428, 100)]"
2019-06-28 12:39:00,IMBALANCE,"[0, 100]"
2019-06-28 12:40:00,BID_DEPTH,[]
2019-06-28 12:40:00,ASK_DEPTH,"[(100932, 100)]"
2019-06-28 12:40:00,IMBALANCE,"[0, 100]"
2019-06-28 12:41:00,BID_DEPTH,"[(100563, 248)]"
2019-06-28 12:41:00,ASK_DEPTH,"[(100932, 256)]"
2019-06-28 12:41:00,IMBALANCE,"[248, 256]"
2019-06-28 12:41:00,HOLDINGS_UPDATED,"{'CASH': 15293123, 'JPM': -54}"
2019-06-28 12:42:00,BID_DEPTH,"[(100802, 321)]"
2019-06-28 12:42:00,ASK_DEPTH,"[(100891, 329)]"
2019-06-28 12:42:00,IMBALANCE,"[321, 329]"
2019-06-28 12:42:00,HOLDINGS_UPDATED,"{'CASH': 15393925, 'JPM': -55}"
2019-06-28 12:43:00,BID_DEPTH,[]
2019-06-28 12:43:00,ASK_DEPTH,"[(100476, 100)]"
2019-06-28 12:43:00,IMBALANCE,"[0, 100]"
2019-06-28 12:44:00,BID_DEPTH,"[(100313, 558)]"
2019-06-28 12:44:00,ASK_DEPTH,"[(100476, 550)]"
2019-06-28 12:44:00,IMBALANCE,"[558, 550]"
2019-06-28 12:44:00,HOLDINGS_UPDATED,"{'CASH': 15293449, 'JPM': -54}"
2019-06-28 12:45:00,BID_DEPTH,"[(100313, 329)]"
2019-06-28 12:45:00,ASK_DEPTH,"[(100562, 321)]"
2019-06-28 12:45:00,IMBALANCE,"[329, 321]"
2019-06-28 12:45:00,HOLDINGS_UPDATED,"{'CASH': 15192887, 'JPM': -53}"
2019-06-28 12:46:00,BID_DEPTH,"[(100313, 256)]"
2019-06-28 12:46:00,ASK_DEPTH,"[(100358, 248)]"
2019-06-28 12:46:00,IMBALANCE,"[256, 248]"
2019-06-28 12:46:00,HOLDINGS_UPDATED,"{'CASH': 15092529, 'JPM': -52}"
2019-06-28 12:47:00,BID_DEPTH,"[(100313, 192)]"
2019-06-28 12:47:00,ASK_DEPTH,"[(100358, 91)]"
2019-06-28 12:47:00,IMBALANCE,"[192, 91]"
2019-06-28 12:47:00,HOLDINGS_UPDATED,"{'CASH': 14992171, 'JPM': -51}"
2019-06-28 12:48:00,BID_DEPTH,"[(100358, 460)]"
2019-06-28 12:48:00,ASK_DEPTH,"[(100548, 550)]"
2019-06-28 12:48:00,IMBALANCE,"[460, 550]"
2019-06-28 12:48:00,HOLDINGS_UPDATED,"{'CASH': 14891623, 'JPM': -50}"
2019-06-28 12:49:00,BID_DEPTH,"[(100313, 192)]"
2019-06-28 12:49:00,ASK_DEPTH,"[(100358, 90)]"
2019-06-28 12:49:00,IMBALANCE,"[192, 90]"
2019-06-28 12:49:00,HOLDINGS_UPDATED,"{'CASH': 14791265, 'JPM': -49}"
2019-06-28 12:50:00,BID_DEPTH,"[(99889, 329)]"
2019-06-28 12:50:00,ASK_DEPTH,"[(100547, 321)]"
2019-06-28 12:50:00,IMBALANCE,"[329, 321]"
2019-06-28 12:50:00,HOLDINGS_UPDATED,"{'CASH': 14690718, 'JPM': -48}"
2019-06-28 12:51:00,BID_DEPTH,"[(99991, 214)]"
2019-06-28 12:51:00,ASK_DEPTH,"[(100153, 206)]"
2019-06-28 12:51:00,IMBALANCE,"[214, 206]"
2019-06-28 12:51:00,HOLDINGS_UPDATED,"{'CASH': 14590565, 'JPM': -47}"
2019-06-28 12:52:00,BID_DEPTH,"[(100153, 214)]"
2019-06-28 12:52:00,ASK_DEPTH,"[(100547, 206)]"
2019-06-28 12:52:00,IMBALANCE,"[214, 206]"
2019-06-28 12:52:00,HOLDINGS_UPDATED,"{'CASH': 14490018, 'JPM': -46}"
2019-06-28 12:53:00,BID_DEPTH,"[(100379, 558)]"
2019-06-28 12:53:00,ASK_DEPTH,"[(100548, 657)]"
2019-06-28 12:53:00,IMBALANCE,"[558, 657]"
2019-06-28 12:53:00,HOLDINGS_UPDATED,"{'CASH': 14389470, 'JPM': -45}"
2019-06-28 12:54:00,BID_DEPTH,"[(100379, 214)]"
2019-06-28 12:54:00,ASK_DEPTH,"[(100562, 213)]"
2019-06-28 12:54:00,IMBALANCE,"[214, 213]"
2019-06-28 12:54:00,HOLDINGS_UPDATED,"{'CASH': 14288908, 'JPM': -44}"
2019-06-28 12:55:00,BID_DEPTH,"[(100563, 214)]"
2019-06-28 12:55:00,ASK_DEPTH,"[(100657, 206)]"
2019-06-28 12:55:00,IMBALANCE,"[214, 206]"
2019-06-28 12:55:00,HOLDINGS_UPDATED,"{'CASH': 14188251, 'JPM': -43}"
2019-06-28 12:56:00,BID_DEPTH,"[(100657, 93)]"
2019-06-28 12:56:00,ASK_DEPTH,"[(100691, 184)]"
2019-06-28 12:56:00,IMBALANCE,"[93, 184]"
2019-06-28 12:56:00,HOLDINGS_UPDATED,"{'CASH': 14087560, 'JPM': -42}"
2019-06-28 12:57:00,BID_DEPTH,"[(100691, 181)]"
2019-06-28 12:57:00,ASK_DEPTH,"[(100789, 248)]"
2019-06-28 12:57:00,IMBALANCE,"[181, 248]"
2019-06-28 12:57:00,HOLDINGS_UPDATED,"{'CASH': 13986771, 'JPM': -41}"
2019-06-28 12:58:00,BID_DEPTH,"[(100691, 181)]"
2019-06-28 12:58:00,ASK_DEPTH,"[(100789, 155)]"
2019-06-28 12:58:00,IMBALANCE,"[181, 155]"
2019-06-28 12:58:00,HOLDINGS_UPDATED,"{'CASH': 13885982, 'JPM': -40}"
2019-06-28 12:59:00,BID_DEPTH,"[(100657, 157)]"
2019-06-28 12:59:00,ASK_DEPTH,"[(100679, 248)]"
2019-06-28 12:59:00,IMBALANCE,"[157, 248]"
2019-06-28 12:59:00,HOLDINGS_UPDATED,"{'CASH': 13785303, 'JPM': -39}"
2019-06-28 13:00:00,BID_DEPTH,"[(100562, 232)]"
2019-06-28 13:00:00,ASK_DEPTH,"[(100563, 229)]"
2019-06-28 13:00:00,IMBALANCE,"[232, 229]"
2019-06-28 13:00:00,HOLDINGS_UPDATED,"{'CASH': 13684740, 'JPM': -38}"
2019-06-28 13:01:00,BID_DEPTH,"[(100442, 256)]"
2019-06-28 13:01:00,ASK_DEPTH,"[(100563, 248)]"
2019-06-28 13:01:00,IMBALANCE,"[256, 248]"
2019-06-28 13:01:00,HOLDINGS_UPDATED,"{'CASH': 13584177, 'JPM': -37}"
2019-06-28 13:02:00,BID_DEPTH,"[(100442, 214)]"
2019-06-28 13:02:00,ASK_DEPTH,"[(100562, 206)]"
2019-06-28 13:02:00,IMBALANCE,"[214, 206]"
2019-06-28 13:02:00,HOLDINGS_UPDATED,"{'CASH': 13483615, 'JPM': -36}"
2019-06-28 13:03:00,BID_DEPTH,"[(100705, 558)]"
2019-06-28 13:03:00,ASK_DEPTH,"[(100789, 457)]"
2019-06-28 13:03:00,IMBALANCE,"[558, 457]"
2019-06-28 13:03:00,HOLDINGS_UPDATED,"{'CASH': 13382826, 'JPM': -35}"
2019-06-28 13:04:00,BID_DEPTH,"[(100789, 214)]"
2019-06-28 13:04:00,ASK_DEPTH,"[(100985, 206)]"
2019-06-28 13:04:00,IMBALANCE,"[214, 206]"
2019-06-28 13:04:00,HOLDINGS_UPDATED,"{'CASH': 13281841, 'JPM': -34}"
2019-06-28 13:05:00,BID_DEPTH,"[(101078, 256)]"
2019-06-28 13:05:00,ASK_DEPTH,"[(101223, 248)]"
2019-06-28 13:05:00,IMBALANCE,"[256, 248]"
2019-06-28 13:05:00,HOLDINGS_UPDATED,"{'CASH': 13180618, 'JPM': -33}"
2019-06-28 13:06:00,BID_DEPTH,"[(100789, 256)]"
2019-06-28 13:06:00,ASK_DEPTH,"[(101151, 248)]"
2019-06-28 13:06:00,IMBALANCE,"[256, 248]"
2019-06-28 13:06:00,HOLDINGS_UPDATED,"{'CASH': 13079467, 'JPM': -32}"
2019-06-28 13:07:00,BID_DEPTH,"[(100865, 558)]"
2019-06-28 13:07:00,ASK_DEPTH,"[(101041, 550)]"
2019-06-28 13:07:00,IMBALANCE,"[558, 550]"
2019-06-28 13:07:00,HOLDINGS_UPDATED,"{'CASH': 12978426, 'JPM': -31}"
2019-06-28 13:08:00,BID_DEPTH,"[(101204, 256)]"
2019-06-28 13:08:00,ASK_DEPTH,"[(101245, 248)]"
2019-06-28 13:08:00,IMBALANCE,"[256, 248]"
2019-06-28 13:08:00,HOLDINGS_UPDATED,"{'CASH': 12877181, 'JPM': -30}"
2019-06-28 13:09:00,BID_DEPTH,"[(101148, 256)]"
2019-06-28 13:09:00,ASK_DEPTH,"[(101204, 248)]"
2019-06-28 13:09:00,IMBALANCE,"[256, 248]"
2019-06-28 13:09:00,HOLDINGS_UPDATED,"{'CASH': 12775977, 'JPM': -29}"
2019-06-28 13:10:00,BID_DEPTH,"[(100874, 256)]"
2019-06-28 13:10:00,ASK_DEPTH,"[(101147, 248)]"
2019-06-28 13:10:00,IMBALANCE,"[256, 248]"
2019-06-28 13:10:00,HOLDINGS_UPDATED,"{'CASH': 12674830, 'JPM': -28}"
2019-06-28 13:11:00,BID_DEPTH,"[(100865, 214)]"
2019-06-28 13:11:00,ASK_DEPTH,"[(101028, 206)]"
2019-06-28 13:11:00,IMBALANCE,"[214, 206]"
2019-06-28 13:11:00,HOLDINGS_UPDATED,"{'CASH': 12573802, 'JPM': -27}"
2019-06-28 13:12:00,BID_DEPTH,"[(100865, 192)]"
2019-06-28 13:12:00,ASK_DEPTH,"[(101245, 191)]"
2019-06-28 13:12:00,IMBALANCE,"[192, 191]"
2019-06-28 13:12:00,HOLDINGS_UPDATED,"{'CASH': 12472557, 'JPM': -26}"
2019-06-28 13:13:00,BID_DEPTH,"[(100789, 558)]"
2019-06-28 13:13:00,ASK_DEPTH,"[(101245, 550)]"
2019-06-28 13:13:00,IMBALANCE,"[558, 550]"
2019-06-28 13:13:00,HOLDINGS_UPDATED,"{'CASH': 12371312, 'JPM': -25}"
2019-06-28 13:14:00,BID_DEPTH,"[(100392, 558)]"
2019-06-28 13:14:00,ASK_DEPTH,"[(100789, 550)]"
2019-06-28 13:14:00,IMBALANCE,"[558, 550]"
2019-06-28 13:14:00,HOLDINGS_UPDATED,"{'CASH': 12270523, 'JPM': -24}"
2019-06-28 13:15:00,BID_DEPTH,"[(100392, 256)]"
2019-06-28 13:15:00,ASK_DEPTH,"[(101245, 248)]"
2019-06-28 13:15:00,IMBALANCE,"[256, 248]"
2019-06-28 13:15:00,HOLDINGS_UPDATED,"{'CASH': 12169278, 'JPM': -23}"
2019-06-28 13:16:00,BID_DEPTH,"[(100636, 256)]"
2019-06-28 13:16:00,ASK_DEPTH,"[(101258, 248)]"
2019-06-28 13:16:00,IMBALANCE,"[256, 248]"
2019-06-28 13:16:00,HOLDINGS_UPDATED,"{'CASH': 12068020, 'JPM': -22}"
2019-06-28 13:17:00,BID_DEPTH,"[(100636, 214)]"
2019-06-28 13:17:00,ASK_DEPTH,"[(101258, 206)]"
2019-06-28 13:17:00,IMBALANCE,"[214, 206]"
2019-06-28 13:17:00,HOLDINGS_UPDATED,"{'CASH': 11966762, 'JPM': -21}"
2019-06-28 13:18:00,BID_DEPTH,"[(100649, 329)]"
2019-06-28 13:18:00,ASK_DEPTH,"[(101286, 321)]"
2019-06-28 13:18:00,IMBALANCE,"[329, 321]"
2019-06-28 13:18:00,HOLDINGS_UPDATED,"{'CASH': 11865476, 'JPM': -20}"
2019-06-28 13:19:00,BID_DEPTH,"[(100649, 558)]"
2019-06-28 13:19:00,ASK_DEPTH,"[(100822, 550)]"
2019-06-28 13:19:00,IMBALANCE,"[558, 550]"
2019-06-28 13:19:00,HOLDINGS_UPDATED,"{'CASH': 11764654, 'JPM': -19}"
2019-06-28 13:20:00,BID_DEPTH,"[(100822, 214)]"
2019-06-28 13:20:00,ASK_DEPTH,"[(100871, 206)]"
2019-06-28 13:20:00,IMBALANCE,"[214, 206]"
2019-06-28 13:20:00,HOLDINGS_UPDATED,"{'CASH': 11663783, 'JPM': -18}"
2019-06-28 13:21:00,BID_DEPTH,"[(100822, 329)]"
2019-06-28 13:21:00,ASK_DEPTH,"[(101293, 321)]"
2019-06-28 13:21:00,IMBALANCE,"[329, 321]"
2019-06-28 13:21:00,HOLDINGS_UPDATED,"{'CASH': 11562490, 'JPM': -17}"
2019-06-28 13:22:00,BID_DEPTH,"[(100822, 192)]"
2019-06-28 13:22:00,ASK_DEPTH,"[(101293, 384)]"
2019-06-28 13:22:00,IMBALANCE,"[192, 384]"
2019-06-28 13:22:00,HOLDINGS_UPDATED,"{'CASH': 11461197, 'JPM': -16}"
2019-06-28 13:23:00,BID_DEPTH,"[(100745, 256)]"
2019-06-28 13:23:00,ASK_DEPTH,"[(100915, 248)]"
2019-06-28 13:23:00,IMBALANCE,"[256, 248]"
2019-06-28 13:23:00,HOLDINGS_UPDATED,"{'CASH': 11360282, 'JPM': -15}"
2019-06-28 13:24:00,BID_DEPTH,"[(100745, 192)]"
2019-06-28 13:24:00,ASK_DEPTH,"[(101166, 184)]"
2019-06-28 13:24:00,IMBALANCE,"[192, 184]"
2019-06-28 13:24:00,HOLDINGS_UPDATED,"{'CASH': 11259116, 'JPM': -14}"
2019-06-28 13:25:00,BID_DEPTH,"[(100675, 214)]"
2019-06-28 13:25:00,ASK_DEPTH,"[(101166, 206)]"
2019-06-28 13:25:00,IMBALANCE,"[214, 206]"
2019-06-28 13:25:00,HOLDINGS_UPDATED,"{'CASH': 11157950, 'JPM': -13}"
2019-06-28 13:26:00,BID_DEPTH,"[(100675, 558)]"
2019-06-28 13:26:00,ASK_DEPTH,"[(100709, 550)]"
2019-06-28 13:26:00,IMBALANCE,"[558, 550]"
2019-06-28 13:26:00,HOLDINGS_UPDATED,"{'CASH': 11057241, 'JPM': -12}"
2019-06-28 13:27:00,BID_DEPTH,"[(100709, 329)]"
2019-06-28 13:27:00,ASK_DEPTH,"[(100720, 321)]"
2019-06-28 13:27:00,IMBALANCE,"[329, 321]"
2019-06-28 13:27:00,HOLDINGS_UPDATED,"{'CASH': 10956521, 'JPM': -11}"
2019-06-28 13:28:00,BID_DEPTH,"[(100709, 329)]"
2019-06-28 13:28:00,ASK_DEPTH,"[(100720, 321)]"
2019-06-28 13:28:00,IMBALANCE,"[329, 321]"
2019-06-28 13:28:00,HOLDINGS_UPDATED,"{'CASH': 10855801, 'JPM': -10}"
2019-06-28 13:29:00,BID_DEPTH,"[(100675, 192)]"
2019-06-28 13:29:00,ASK_DEPTH,"[(100719, 184)]"
2019-06-28 13:29:00,IMBALANCE,"[192, 184]"
2019-06-28 13:29:00,HOLDINGS_UPDATED,"{'CASH': 10755082, 'JPM': -9}"
2019-06-28 13:30:00,BID_DEPTH,"[(100606, 256)]"
2019-06-28 13:30:00,ASK_DEPTH,"[(100719, 316)]"
2019-06-28 13:30:00,IMBALANCE,"[256, 316]"
2019-06-28 13:30:00,HOLDINGS_UPDATED,"{'CASH': 10654363, 'JPM': -8}"
2019-06-28 13:31:00,BID_DEPTH,"[(100606, 558)]"
2019-06-28 13:31:00,ASK_DEPTH,"[(100719, 494)]"
2019-06-28 13:31:00,IMBALANCE,"[558, 494]"
2019-06-28 13:31:00,HOLDINGS_UPDATED,"{'CASH': 10553644, 'JPM': -7}"
2019-06-28 13:32:00,BID_DEPTH,"[(100581, 329)]"
2019-06-28 13:32:00,ASK_DEPTH,"[(100772, 321)]"
2019-06-28 13:32:00,IMBALANCE,"[329, 321]"
2019-06-28 13:32:00,HOLDINGS_UPDATED,"{'CASH': 10452872, 'JPM': -6}"
2019-06-28 13:33:00,BID_DEPTH,"[(100581, 329)]"
2019-06-28 13:33:00,ASK_DEPTH,"[(100772, 321)]"
2019-06-28 13:33:00,IMBALANCE,"[329, 321]"
2019-06-28 13:33:00,HOLDINGS_UPDATED,"{'CASH': 10352100, 'JPM': -5}"
2019-06-28 13:34:00,BID_DEPTH,"[(100581, 214)]"
2019-06-28 13:34:00,ASK_DEPTH,"[(100976, 206)]"
2019-06-28 13:34:00,IMBALANCE,"[214, 206]"
2019-06-28 13:34:00,HOLDINGS_UPDATED,"{'CASH': 10251124, 'JPM': -4}"
2019-06-28 13:35:00,BID_DEPTH,"[(100581, 558)]"
2019-06-28 13:35:00,ASK_DEPTH,"[(100710, 550)]"
2019-06-28 13:35:00,IMBALANCE,"[558, 550]"
2019-06-28 13:35:00,HOLDINGS_UPDATED,"{'CASH': 10150414, 'JPM': -3}"
2019-06-28 13:36:00,BID_DEPTH,"[(100581, 192)]"
2019-06-28 13:36:00,ASK_DEPTH,"[(101112, 184)]"
2019-06-28 13:36:00,IMBALANCE,"[192, 184]"
2019-06-28 13:36:00,HOLDINGS_UPDATED,"{'CASH': 10049302, 'JPM': -2}"
2019-06-28 13:37:00,BID_DEPTH,"[(100724, 558)]"
2019-06-28 13:37:00,ASK_DEPTH,"[(100960, 550)]"
2019-06-28 13:37:00,IMBALANCE,"[558, 550]"
2019-06-28 13:37:00,HOLDINGS_UPDATED,"{'CASH': 9948342, 'JPM': -1}"
2019-06-28 13:38:00,BID_DEPTH,"[(100724, 192)]"
2019-06-28 13:38:00,ASK_DEPTH,"[(101125, 184)]"
2019-06-28 13:38:00,IMBALANCE,"[192, 184]"
2019-06-28 13:38:00,HOLDINGS_UPDATED,{'CASH': 9847217}
2019-06-28 13:39:00,BID_DEPTH,"[(100682, 192)]"
2019-06-28 13:39:00,ASK_DEPTH,"[(100838, 184)]"
2019-06-28 13:39:00,IMBALANCE,"[192, 184]"
2019-06-28 13:39:00,HOLDINGS_UPDATED,"{'CASH': 9746379, 'JPM': 1}"
2019-06-28 13:40:00,BID_DEPTH,"[(100838, 192)]"
2019-06-28 13:40:00,ASK_DEPTH,"[(101130, 184)]"
2019-06-28 13:40:00,IMBALANCE,"[192, 184]"
2019-06-28 13:40:00,HOLDINGS_UPDATED,"{'CASH': 9645249, 'JPM': 2}"
2019-06-28 13:41:00,BID_DEPTH,"[(100677, 321)]"
2019-06-28 13:41:00,ASK_DEPTH,"[(101292, 329)]"
2019-06-28 13:41:00,IMBALANCE,"[321, 329]"
2019-06-28 13:41:00,HOLDINGS_UPDATED,"{'CASH': 9745926, 'JPM': 1}"
2019-06-28 13:42:00,BID_DEPTH,"[(100922, 321)]"
2019-06-28 13:42:00,ASK_DEPTH,"[(101292, 329)]"
2019-06-28 13:42:00,IMBALANCE,"[321, 329]"
2019-06-28 13:42:00,HOLDINGS_UPDATED,{'CASH': 9846848}
2019-06-28 13:43:00,BID_DEPTH,"[(100742, 248)]"
2019-06-28 13:43:00,ASK_DEPTH,"[(101292, 256)]"
2019-06-28 13:43:00,IMBALANCE,"[248, 256]"
2019-06-28 13:43:00,HOLDINGS_UPDATED,"{'CASH': 9947590, 'JPM': -1}"
2019-06-28 13:44:00,BID_DEPTH,"[(100687, 206)]"
2019-06-28 13:44:00,ASK_DEPTH,"[(100760, 214)]"
2019-06-28 13:44:00,IMBALANCE,"[206, 214]"
2019-06-28 13:44:00,HOLDINGS_UPDATED,"{'CASH': 10048277, 'JPM': -2}"
2019-06-28 13:45:00,BID_DEPTH,"[(101124, 206)]"
2019-06-28 13:45:00,ASK_DEPTH,"[(101292, 214)]"
2019-06-28 13:45:00,IMBALANCE,"[206, 214]"
2019-06-28 13:45:00,HOLDINGS_UPDATED,"{'CASH': 10149401, 'JPM': -3}"
2019-06-28 13:46:00,BID_DEPTH,"[(101124, 206)]"
2019-06-28 13:46:00,ASK_DEPTH,"[(101265, 214)]"
2019-06-28 13:46:00,IMBALANCE,"[206, 214]"
2019-06-28 13:46:00,HOLDINGS_UPDATED,"{'CASH': 10250525, 'JPM': -4}"
2019-06-28 13:47:00,BID_DEPTH,"[(101196, 248)]"
2019-06-28 13:47:00,ASK_DEPTH,"[(101292, 256)]"
2019-06-28 13:47:00,IMBALANCE,"[248, 256]"
2019-06-28 13:47:00,HOLDINGS_UPDATED,"{'CASH': 10351721, 'JPM': -5}"
2019-06-28 13:48:00,BID_DEPTH,"[(101246, 558)]"
2019-06-28 13:48:00,ASK_DEPTH,"[(101293, 550)]"
2019-06-28 13:48:00,IMBALANCE,"[558, 550]"
2019-06-28 13:48:00,HOLDINGS_UPDATED,"{'CASH': 10250428, 'JPM': -4}"
2019-06-28 13:49:00,BID_DEPTH,"[(101246, 558)]"
2019-06-28 13:49:00,ASK_DEPTH,"[(101293, 457)]"
2019-06-28 13:49:00,IMBALANCE,"[558, 457]"
2019-06-28 13:49:00,HOLDINGS_UPDATED,"{'CASH': 10149135, 'JPM': -3}"
2019-06-28 13:50:00,BID_DEPTH,"[(101293, 335)]"
2019-06-28 13:50:00,ASK_DEPTH,"[(101457, 248)]"
2019-06-28 13:50:00,IMBALANCE,"[335, 248]"
2019-06-28 13:50:00,HOLDINGS_UPDATED,"{'CASH': 10047678, 'JPM': -2}"
2019-06-28 13:51:00,BID_DEPTH,"[(101457, 256)]"
2019-06-28 13:51:00,ASK_DEPTH,"[(101629, 248)]"
2019-06-28 13:51:00,IMBALANCE,"[256, 248]"
2019-06-28 13:51:00,HOLDINGS_UPDATED,"{'CASH': 9946049, 'JPM': -1}"
2019-06-28 13:52:00,BID_DEPTH,"[(101457, 214)]"
2019-06-28 13:52:00,ASK_DEPTH,"[(101906, 206)]"
2019-06-28 13:52:00,IMBALANCE,"[214, 206]"
2019-06-28 13:52:00,HOLDINGS_UPDATED,{'CASH': 9844143}
2019-06-28 13:53:00,BID_DEPTH,"[(101457, 558)]"
2019-06-28 13:53:00,ASK_DEPTH,"[(101978, 550)]"
2019-06-28 13:53:00,IMBALANCE,"[558, 550]"
2019-06-28 13:53:00,HOLDINGS_UPDATED,"{'CASH': 9742165, 'JPM': 1}"
2019-06-28 13:54:00,BID_DEPTH,"[(101773, 192)]"
2019-06-28 13:54:00,ASK_DEPTH,"[(101901, 184)]"
2019-06-28 13:54:00,IMBALANCE,"[192, 184]"
2019-06-28 13:54:00,HOLDINGS_UPDATED,"{'CASH': 9640264, 'JPM': 2}"
2019-06-28 13:55:00,BID_DEPTH,"[(101901, 181)]"
2019-06-28 13:55:00,ASK_DEPTH,"[(101935, 248)]"
2019-06-28 13:55:00,IMBALANCE,"[181, 248]"
2019-06-28 13:55:00,HOLDINGS_UPDATED,"{'CASH': 9538329, 'JPM': 3}"
2019-06-28 13:56:00,BID_DEPTH,"[(101901, 117)]"
2019-06-28 13:56:00,ASK_DEPTH,"[(101935, 191)]"
2019-06-28 13:56:00,IMBALANCE,"[117, 191]"
2019-06-28 13:56:00,HOLDINGS_UPDATED,"{'CASH': 9436394, 'JPM': 4}"
2019-06-28 13:57:00,BID_DEPTH,"[(101935, 329)]"
2019-06-28 13:57:00,ASK_DEPTH,"[(101948, 321)]"
2019-06-28 13:57:00,IMBALANCE,"[329, 321]"
2019-06-28 13:57:00,HOLDINGS_UPDATED,"{'CASH': 9334446, 'JPM': 5}"
2019-06-28 13:58:00,BID_DEPTH,"[(101978, 93)]"
2019-06-28 13:58:00,ASK_DEPTH,"[(102043, 184)]"
2019-06-28 13:58:00,IMBALANCE,"[93, 184]"
2019-06-28 13:58:00,HOLDINGS_UPDATED,"{'CASH': 9232403, 'JPM': 6}"
2019-06-28 13:59:00,BID_DEPTH,"[(101978, 230)]"
2019-06-28 13:59:00,ASK_DEPTH,"[(102043, 228)]"
2019-06-28 13:59:00,IMBALANCE,"[230, 228]"
2019-06-28 13:59:00,HOLDINGS_UPDATED,"{'CASH': 9130360, 'JPM': 7}"
2019-06-28 14:00:00,BID_DEPTH,"[(102043, 459)]"
2019-06-28 14:00:00,ASK_DEPTH,"[(102060, 550)]"
2019-06-28 14:00:00,IMBALANCE,"[459, 550]"
2019-06-28 14:00:00,HOLDINGS_UPDATED,"{'CASH': 9028300, 'JPM': 8}"
2019-06-28 14:01:00,BID_DEPTH,"[(102043, 230)]"
2019-06-28 14:01:00,ASK_DEPTH,"[(102383, 321)]"
2019-06-28 14:01:00,IMBALANCE,"[230, 321]"
2019-06-28 14:01:00,HOLDINGS_UPDATED,"{'CASH': 8925917, 'JPM': 9}"
2019-06-28 14:02:00,BID_DEPTH,"[(102043, 157)]"
2019-06-28 14:02:00,ASK_DEPTH,"[(102877, 248)]"
2019-06-28 14:02:00,IMBALANCE,"[157, 248]"
2019-06-28 14:02:00,HOLDINGS_UPDATED,"{'CASH': 8823040, 'JPM': 10}"
2019-06-28 14:03:00,BID_DEPTH,"[(102877, 256)]"
2019-06-28 14:03:00,ASK_DEPTH,"[(103110, 248)]"
2019-06-28 14:03:00,IMBALANCE,"[256, 248]"
2019-06-28 14:03:00,HOLDINGS_UPDATED,"{'CASH': 8719930, 'JPM': 11}"
2019-06-28 14:04:00,BID_DEPTH,"[(103110, 558)]"
2019-06-28 14:04:00,ASK_DEPTH,"[(103228, 550)]"
2019-06-28 14:04:00,IMBALANCE,"[558, 550]"
2019-06-28 14:04:00,HOLDINGS_UPDATED,"{'CASH': 8616702, 'JPM': 12}"
2019-06-28 14:05:00,BID_DEPTH,"[(102043, 230)]"
2019-06-28 14:05:00,ASK_DEPTH,"[(103284, 321)]"
2019-06-28 14:05:00,IMBALANCE,"[230, 321]"
2019-06-28 14:05:00,HOLDINGS_UPDATED,"{'CASH': 8513418, 'JPM': 13}"
2019-06-28 14:06:00,BID_DEPTH,"[(102530, 214)]"
2019-06-28 14:06:00,ASK_DEPTH,"[(102687, 206)]"
2019-06-28 14:06:00,IMBALANCE,"[214, 206]"
2019-06-28 14:06:00,HOLDINGS_UPDATED,"{'CASH': 8410731, 'JPM': 14}"
2019-06-28 14:07:00,BID_DEPTH,"[(102458, 192)]"
2019-06-28 14:07:00,ASK_DEPTH,"[(103284, 91)]"
2019-06-28 14:07:00,IMBALANCE,"[192, 91]"
2019-06-28 14:07:00,HOLDINGS_UPDATED,"{'CASH': 8307447, 'JPM': 15}"
2019-06-28 14:08:00,BID_DEPTH,"[(103284, 460)]"
2019-06-28 14:08:00,ASK_DEPTH,"[(103285, 657)]"
2019-06-28 14:08:00,IMBALANCE,"[460, 657]"
2019-06-28 14:08:00,HOLDINGS_UPDATED,"{'CASH': 8204162, 'JPM': 16}"
2019-06-28 14:09:00,BID_DEPTH,"[(101948, 192)]"
2019-06-28 14:09:00,ASK_DEPTH,"[(102043, 91)]"
2019-06-28 14:09:00,IMBALANCE,"[192, 91]"
2019-06-28 14:09:00,HOLDINGS_UPDATED,"{'CASH': 8102119, 'JPM': 17}"
2019-06-28 14:10:00,BID_DEPTH,"[(102043, 158)]"
2019-06-28 14:10:00,ASK_DEPTH,"[(103284, 155)]"
2019-06-28 14:10:00,IMBALANCE,"[158, 155]"
2019-06-28 14:10:00,HOLDINGS_UPDATED,"{'CASH': 7998835, 'JPM': 18}"
2019-06-28 14:11:00,BID_DEPTH,"[(101901, 139)]"
2019-06-28 14:11:00,ASK_DEPTH,"[(103285, 196)]"
2019-06-28 14:11:00,IMBALANCE,"[139, 196]"
2019-06-28 14:11:00,HOLDINGS_UPDATED,"{'CASH': 7895550, 'JPM': 19}"
2019-06-28 14:12:00,BID_DEPTH,"[(101621, 256)]"
2019-06-28 14:12:00,ASK_DEPTH,"[(101901, 223)]"
2019-06-28 14:12:00,IMBALANCE,"[256, 223]"
2019-06-28 14:12:00,HOLDINGS_UPDATED,"{'CASH': 7793649, 'JPM': 20}"
2019-06-28 14:13:00,BID_DEPTH,"[(100888, 192)]"
2019-06-28 14:13:00,ASK_DEPTH,"[(101457, 184)]"
2019-06-28 14:13:00,IMBALANCE,"[192, 184]"
2019-06-28 14:13:00,HOLDINGS_UPDATED,"{'CASH': 7692192, 'JPM': 21}"
2019-06-28 14:14:00,BID_DEPTH,"[(100688, 329)]"
2019-06-28 14:14:00,ASK_DEPTH,"[(101457, 321)]"
2019-06-28 14:14:00,IMBALANCE,"[329, 321]"
2019-06-28 14:14:00,HOLDINGS_UPDATED,"{'CASH': 7590735, 'JPM': 22}"
2019-06-28 14:15:00,BID_DEPTH,"[(100688, 100)]"
2019-06-28 14:15:00,ASK_DEPTH,[]
2019-06-28 14:15:00,IMBALANCE,"[100, 0]"
2019-06-28 14:16:00,BID_DEPTH,"[(100491, 192)]"
2019-06-28 14:16:00,ASK_DEPTH,"[(101457, 184)]"
2019-06-28 14:16:00,IMBALANCE,"[192, 184]"
2019-06-28 14:16:00,HOLDINGS_UPDATED,"{'CASH': 7489278, 'JPM': 23}"
2019-06-28 14:17:00,BID_DEPTH,"[(100411, 558)]"
2019-06-28 14:17:00,ASK_DEPTH,"[(101457, 550)]"
2019-06-28 14:17:00,IMBALANCE,"[558, 550]"
2019-06-28 14:17:00,HOLDINGS_UPDATED,"{'CASH': 7387821, 'JPM': 24}"
2019-06-28 14:18:00,BID_DEPTH,"[(100415, 100)]"
2019-06-28 14:18:00,ASK_DEPTH,[]
2019-06-28 14:18:00,IMBALANCE,"[100, 0]"
2019-06-28 14:19:00,BID_DEPTH,"[(100710, 100)]"
2019-06-28 14:19:00,ASK_DEPTH,[]
2019-06-28 14:19:00,IMBALANCE,"[100, 0]"
2019-06-28 14:20:00,BID_DEPTH,"[(100710, 192)]"
2019-06-28 14:20:00,ASK_DEPTH,"[(101457, 284)]"
2019-06-28 14:20:00,IMBALANCE,"[192, 284]"
2019-06-28 14:20:00,HOLDINGS_UPDATED,"{'CASH': 7286364, 'JPM': 25}"
2019-06-28 14:21:00,BID_DEPTH,"[(100646, 192)]"
2019-06-28 14:21:00,ASK_DEPTH,"[(100869, 184)]"
2019-06-28 14:21:00,IMBALANCE,"[192, 184]"
2019-06-28 14:21:00,HOLDINGS_UPDATED,"{'CASH': 7185495, 'JPM': 26}"
2019-06-28 14:22:00,BID_DEPTH,"[(100869, 658)]"
2019-06-28 14:22:00,ASK_DEPTH,"[(101012, 550)]"
2019-06-28 14:22:00,IMBALANCE,"[658, 550]"
2019-06-28 14:22:00,HOLDINGS_UPDATED,"{'CASH': 7084483, 'JPM': 27}"
2019-06-28 14:23:00,BID_DEPTH,"[(100917, 256)]"
2019-06-28 14:23:00,ASK_DEPTH,"[(101025, 248)]"
2019-06-28 14:23:00,IMBALANCE,"[256, 248]"
2019-06-28 14:23:00,HOLDINGS_UPDATED,"{'CASH': 6983458, 'JPM': 28}"
2019-06-28 14:24:00,BID_DEPTH,"[(100917, 214)]"
2019-06-28 14:24:00,ASK_DEPTH,"[(101219, 206)]"
2019-06-28 14:24:00,IMBALANCE,"[214, 206]"
2019-06-28 14:24:00,HOLDINGS_UPDATED,"{'CASH': 6882239, 'JPM': 29}"
2019-06-28 14:25:00,BID_DEPTH,"[(101266, 256)]"
2019-06-28 14:25:00,ASK_DEPTH,"[(101457, 224)]"
2019-06-28 14:25:00,IMBALANCE,"[256, 224]"
2019-06-28 14:25:00,HOLDINGS_UPDATED,"{'CASH': 6780782, 'JPM': 30}"
2019-06-28 14:26:00,BID_DEPTH,"[(101341, 192)]"
2019-06-28 14:26:00,ASK_DEPTH,"[(101463, 184)]"
2019-06-28 14:26:00,IMBALANCE,"[192, 184]"
2019-06-28 14:26:00,HOLDINGS_UPDATED,"{'CASH': 6679319, 'JPM': 31}"
2019-06-28 14:27:00,BID_DEPTH,"[(101341, 329)]"
2019-06-28 14:27:00,ASK_DEPTH,"[(101636, 321)]"
2019-06-28 14:27:00,IMBALANCE,"[329, 321]"
2019-06-28 14:27:00,HOLDINGS_UPDATED,"{'CASH': 6577683, 'JPM': 32}"
2019-06-28 14:28:00,BID_DEPTH,"[(101636, 329)]"
2019-06-28 14:28:00,ASK_DEPTH,"[(101942, 321)]"
2019-06-28 14:28:00,IMBALANCE,"[329, 321]"
2019-06-28 14:28:00,HOLDINGS_UPDATED,"{'CASH': 6475741, 'JPM': 33}"
2019-06-28 14:29:00,BID_DEPTH,"[(101341, 248)]"
2019-06-28 14:29:00,ASK_DEPTH,"[(101362, 256)]"
2019-06-28 14:29:00,IMBALANCE,"[248, 256]"
2019-06-28 14:29:00,HOLDINGS_UPDATED,"{'CASH': 6577082, 'JPM': 32}"
2019-06-28 14:30:00,BID_DEPTH,"[(101329, 550)]"
2019-06-28 14:30:00,ASK_DEPTH,"[(101431, 558)]"
2019-06-28 14:30:00,IMBALANCE,"[550, 558]"
2019-06-28 14:30:00,HOLDINGS_UPDATED,"{'CASH': 6678411, 'JPM': 31}"
2019-06-28 14:31:00,BID_DEPTH,"[(101329, 206)]"
2019-06-28 14:31:00,ASK_DEPTH,"[(101431, 214)]"
2019-06-28 14:31:00,IMBALANCE,"[206, 214]"
2019-06-28 14:31:00,HOLDINGS_UPDATED,"{'CASH': 6779740, 'JPM': 30}"
2019-06-28 14:32:00,BID_DEPTH,"[(101219, 94)]"
2019-06-28 14:32:00,ASK_DEPTH,"[(101431, 192)]"
2019-06-28 14:32:00,IMBALANCE,"[94, 192]"
2019-06-28 14:32:00,HOLDINGS_UPDATED,"{'CASH': 6880959, 'JPM': 29}"
2019-06-28 14:33:00,BID_DEPTH,"[(101117, 166)]"
2019-06-28 14:33:00,ASK_DEPTH,"[(101489, 192)]"
2019-06-28 14:33:00,IMBALANCE,"[166, 192]"
2019-06-28 14:33:00,HOLDINGS_UPDATED,"{'CASH': 6982076, 'JPM': 28}"
2019-06-28 14:34:00,BID_DEPTH,"[(101109, 550)]"
2019-06-28 14:34:00,ASK_DEPTH,"[(101133, 558)]"
2019-06-28 14:34:00,IMBALANCE,"[550, 558]"
2019-06-28 14:34:00,HOLDINGS_UPDATED,"{'CASH': 7083185, 'JPM': 27}"
2019-06-28 14:35:00,BID_DEPTH,"[(101098, 184)]"
2019-06-28 14:35:00,ASK_DEPTH,"[(101133, 192)]"
2019-06-28 14:35:00,IMBALANCE,"[184, 192]"
2019-06-28 14:35:00,HOLDINGS_UPDATED,"{'CASH': 7184283, 'JPM': 26}"
2019-06-28 14:36:00,BID_DEPTH,"[(101098, 306)]"
2019-06-28 14:36:00,ASK_DEPTH,"[(101282, 214)]"
2019-06-28 14:36:00,IMBALANCE,"[306, 214]"
2019-06-28 14:36:00,HOLDINGS_UPDATED,"{'CASH': 7285381, 'JPM': 25}"
2019-06-28 14:37:00,BID_DEPTH,"[(101136, 321)]"
2019-06-28 14:37:00,ASK_DEPTH,"[(101282, 329)]"
2019-06-28 14:37:00,IMBALANCE,"[321, 329]"
2019-06-28 14:37:00,HOLDINGS_UPDATED,"{'CASH': 7386517, 'JPM': 24}"
2019-06-28 14:38:00,BID_DEPTH,"[(101098, 182)]"
2019-06-28 14:38:00,ASK_DEPTH,"[(101282, 214)]"
2019-06-28 14:38:00,IMBALANCE,"[182, 214]"
2019-06-28 14:38:00,HOLDINGS_UPDATED,"{'CASH': 7487615, 'JPM': 23}"
2019-06-28 14:39:00,BID_DEPTH,"[(101027, 206)]"
2019-06-28 14:39:00,ASK_DEPTH,"[(101282, 214)]"
2019-06-28 14:39:00,IMBALANCE,"[206, 214]"
2019-06-28 14:39:00,HOLDINGS_UPDATED,"{'CASH': 7588642, 'JPM': 22}"
2019-06-28 14:40:00,BID_DEPTH,"[(101001, 550)]"
2019-06-28 14:40:00,ASK_DEPTH,"[(101282, 558)]"
2019-06-28 14:40:00,IMBALANCE,"[550, 558]"
2019-06-28 14:40:00,HOLDINGS_UPDATED,"{'CASH': 7689643, 'JPM': 21}"
2019-06-28 14:41:00,BID_DEPTH,"[(100459, 248)]"
2019-06-28 14:41:00,ASK_DEPTH,"[(100995, 164)]"
2019-06-28 14:41:00,IMBALANCE,"[248, 164]"
2019-06-28 14:41:00,HOLDINGS_UPDATED,"{'CASH': 7790102, 'JPM': 20}"
2019-06-28 14:42:00,BID_DEPTH,"[(100258, 184)]"
2019-06-28 14:42:00,ASK_DEPTH,"[(101282, 192)]"
2019-06-28 14:42:00,IMBALANCE,"[184, 192]"
2019-06-28 14:42:00,HOLDINGS_UPDATED,"{'CASH': 7890360, 'JPM': 19}"
2019-06-28 14:43:00,BID_DEPTH,"[(100142, 550)]"
2019-06-28 14:43:00,ASK_DEPTH,"[(100290, 558)]"
2019-06-28 14:43:00,IMBALANCE,"[550, 558]"
2019-06-28 14:43:00,HOLDINGS_UPDATED,"{'CASH': 7990502, 'JPM': 18}"
2019-06-28 14:44:00,BID_DEPTH,"[(100027, 321)]"
2019-06-28 14:44:00,ASK_DEPTH,"[(100142, 230)]"
2019-06-28 14:44:00,IMBALANCE,"[321, 230]"
2019-06-28 14:44:00,HOLDINGS_UPDATED,"{'CASH': 8090529, 'JPM': 17}"
2019-06-28 14:45:00,BID_DEPTH,"[(99832, 321)]"
2019-06-28 14:45:00,ASK_DEPTH,"[(100142, 230)]"
2019-06-28 14:45:00,IMBALANCE,"[321, 230]"
2019-06-28 14:45:00,HOLDINGS_UPDATED,"{'CASH': 8190361, 'JPM': 16}"
2019-06-28 14:46:00,BID_DEPTH,"[(99726, 321)]"
2019-06-28 14:46:00,ASK_DEPTH,"[(100142, 230)]"
2019-06-28 14:46:00,IMBALANCE,"[321, 230]"
2019-06-28 14:46:00,HOLDINGS_UPDATED,"{'CASH': 8290087, 'JPM': 15}"
2019-06-28 14:47:00,BID_DEPTH,"[(99690, 184)]"
2019-06-28 14:47:00,ASK_DEPTH,"[(100142, 93)]"
2019-06-28 14:47:00,IMBALANCE,"[184, 93]"
2019-06-28 14:47:00,HOLDINGS_UPDATED,"{'CASH': 8389777, 'JPM': 14}"
2019-06-28 14:48:00,BID_DEPTH,"[(99634, 248)]"
2019-06-28 14:48:00,ASK_DEPTH,"[(99690, 256)]"
2019-06-28 14:48:00,IMBALANCE,"[248, 256]"
2019-06-28 14:48:00,HOLDINGS_UPDATED,"{'CASH': 8489411, 'JPM': 13}"
2019-06-28 14:49:00,BID_DEPTH,"[(99579, 184)]"
2019-06-28 14:49:00,ASK_DEPTH,"[(99634, 153)]"
2019-06-28 14:49:00,IMBALANCE,"[184, 153]"
2019-06-28 14:49:00,HOLDINGS_UPDATED,"{'CASH': 8588990, 'JPM': 12}"
2019-06-28 14:50:00,BID_DEPTH,"[(99579, 155)]"
2019-06-28 14:50:00,ASK_DEPTH,"[(99634, 217)]"
2019-06-28 14:50:00,IMBALANCE,"[155, 217]"
2019-06-28 14:50:00,HOLDINGS_UPDATED,"{'CASH': 8688569, 'JPM': 11}"
2019-06-28 14:51:00,BID_DEPTH,"[(99579, 155)]"
2019-06-28 14:51:00,ASK_DEPTH,"[(99679, 256)]"
2019-06-28 14:51:00,IMBALANCE,"[155, 256]"
2019-06-28 14:51:00,HOLDINGS_UPDATED,"{'CASH': 8788148, 'JPM': 10}"
2019-06-28 14:52:00,BID_DEPTH,"[(99579, 528)]"
2019-06-28 14:52:00,ASK_DEPTH,"[(99679, 329)]"
2019-06-28 14:52:00,IMBALANCE,"[528, 329]"
2019-06-28 14:52:00,HOLDINGS_UPDATED,"{'CASH': 8887727, 'JPM': 9}"
2019-06-28 14:53:00,BID_DEPTH,"[(99580, 321)]"
2019-06-28 14:53:00,ASK_DEPTH,"[(99690, 329)]"
2019-06-28 14:53:00,IMBALANCE,"[321, 329]"
2019-06-28 14:53:00,HOLDINGS_UPDATED,"{'CASH': 8987307, 'JPM': 8}"
2019-06-28 14:54:00,BID_DEPTH,"[(99690, 206)]"
2019-06-28 14:54:00,ASK_DEPTH,"[(100237, 214)]"
2019-06-28 14:54:00,IMBALANCE,"[206, 214]"
2019-06-28 14:54:00,HOLDINGS_UPDATED,"{'CASH': 9086997, 'JPM': 7}"
2019-06-28 14:55:00,BID_DEPTH,"[(99580, 91)]"
2019-06-28 14:55:00,ASK_DEPTH,"[(100374, 192)]"
2019-06-28 14:55:00,IMBALANCE,"[91, 192]"
2019-06-28 14:55:00,HOLDINGS_UPDATED,"{'CASH': 9186577, 'JPM': 6}"
2019-06-28 14:56:00,BID_DEPTH,"[(99581, 206)]"
2019-06-28 14:56:00,ASK_DEPTH,"[(100374, 214)]"
2019-06-28 14:56:00,IMBALANCE,"[206, 214]"
2019-06-28 14:56:00,HOLDINGS_UPDATED,"{'CASH': 9286158, 'JPM': 5}"
2019-06-28 14:57:00,BID_DEPTH,"[(100180, 184)]"
2019-06-28 14:57:00,ASK_DEPTH,"[(100374, 192)]"
2019-06-28 14:57:00,IMBALANCE,"[184, 192]"
2019-06-28 14:57:00,HOLDINGS_UPDATED,"{'CASH': 9386338, 'JPM': 4}"
2019-06-28 14:58:00,BID_DEPTH,"[(99581, 184)]"
2019-06-28 14:58:00,ASK_DEPTH,"[(100824, 192)]"
2019-06-28 14:58:00,IMBALANCE,"[184, 192]"
2019-06-28 14:58:00,HOLDINGS_UPDATED,"{'CASH': 9485919, 'JPM': 3}"
2019-06-28 14:59:00,BID_DEPTH,"[(100379, 248)]"
2019-06-28 14:59:00,ASK_DEPTH,"[(100824, 256)]"
2019-06-28 14:59:00,IMBALANCE,"[248, 256]"
2019-06-28 14:59:00,HOLDINGS_UPDATED,"{'CASH': 9586298, 'JPM': 2}"
2019-06-28 15:00:00,BID_DEPTH,"[(100478, 184)]"
2019-06-28 15:00:00,ASK_DEPTH,"[(100508, 192)]"
2019-06-28 15:00:00,IMBALANCE,"[184, 192]"
2019-06-28 15:00:00,HOLDINGS_UPDATED,"{'CASH': 9686776, 'JPM': 1}"
2019-06-28 15:01:00,BID_DEPTH,"[(100379, 321)]"
2019-06-28 15:01:00,ASK_DEPTH,"[(100508, 329)]"
2019-06-28 15:01:00,IMBALANCE,"[321, 329]"
2019-06-28 15:01:00,HOLDINGS_UPDATED,{'CASH': 9787155}
2019-06-28 15:02:00,BID_DEPTH,"[(100310, 184)]"
2019-06-28 15:02:00,ASK_DEPTH,"[(100379, 192)]"
2019-06-28 15:02:00,IMBALANCE,"[184, 192]"
2019-06-28 15:02:00,HOLDINGS_UPDATED,"{'CASH': 9887465, 'JPM': -1}"
2019-06-28 15:03:00,BID_DEPTH,"[(100180, 550)]"
2019-06-28 15:03:00,ASK_DEPTH,"[(100379, 558)]"
2019-06-28 15:03:00,IMBALANCE,"[550, 558]"
2019-06-28 15:03:00,HOLDINGS_UPDATED,"{'CASH': 9987645, 'JPM': -2}"
2019-06-28 15:04:00,BID_DEPTH,"[(99579, 91)]"
2019-06-28 15:04:00,ASK_DEPTH,"[(100379, 192)]"
2019-06-28 15:04:00,IMBALANCE,"[91, 192]"
2019-06-28 15:04:00,HOLDINGS_UPDATED,"{'CASH': 10087224, 'JPM': -3}"
2019-06-28 15:05:00,BID_DEPTH,"[(99355, 321)]"
2019-06-28 15:05:00,ASK_DEPTH,"[(99579, 231)]"
2019-06-28 15:05:00,IMBALANCE,"[321, 231]"
2019-06-28 15:05:00,HOLDINGS_UPDATED,"{'CASH': 10186579, 'JPM': -4}"
2019-06-28 15:06:00,BID_DEPTH,"[(99355, 91)]"
2019-06-28 15:06:00,ASK_DEPTH,"[(100379, 192)]"
2019-06-28 15:06:00,IMBALANCE,"[91, 192]"
2019-06-28 15:06:00,HOLDINGS_UPDATED,"{'CASH': 10285934, 'JPM': -5}"
2019-06-28 15:07:00,BID_DEPTH,"[(99190, 190)]"
2019-06-28 15:07:00,ASK_DEPTH,"[(100379, 214)]"
2019-06-28 15:07:00,IMBALANCE,"[190, 214]"
2019-06-28 15:07:00,HOLDINGS_UPDATED,"{'CASH': 10385124, 'JPM': -6}"
2019-06-28 15:08:00,BID_DEPTH,"[(100370, 348)]"
2019-06-28 15:08:00,ASK_DEPTH,"[(100508, 256)]"
2019-06-28 15:08:00,IMBALANCE,"[348, 256]"
2019-06-28 15:08:00,HOLDINGS_UPDATED,"{'CASH': 10485494, 'JPM': -7}"
2019-06-28 15:09:00,BID_DEPTH,"[(100396, 184)]"
2019-06-28 15:09:00,ASK_DEPTH,"[(100489, 192)]"
2019-06-28 15:09:00,IMBALANCE,"[184, 192]"
2019-06-28 15:09:00,HOLDINGS_UPDATED,"{'CASH': 10585890, 'JPM': -8}"
2019-06-28 15:10:00,BID_DEPTH,"[(100370, 297)]"
2019-06-28 15:10:00,ASK_DEPTH,"[(100440, 329)]"
2019-06-28 15:10:00,IMBALANCE,"[297, 329]"
2019-06-28 15:10:00,HOLDINGS_UPDATED,"{'CASH': 10686260, 'JPM': -9}"
2019-06-28 15:11:00,BID_DEPTH,"[(100328, 321)]"
2019-06-28 15:11:00,ASK_DEPTH,"[(100370, 329)]"
2019-06-28 15:11:00,IMBALANCE,"[321, 329]"
2019-06-28 15:11:00,HOLDINGS_UPDATED,"{'CASH': 10786588, 'JPM': -10}"
2019-06-28 15:12:00,BID_DEPTH,"[(100328, 321)]"
2019-06-28 15:12:00,ASK_DEPTH,"[(100489, 329)]"
2019-06-28 15:12:00,IMBALANCE,"[321, 329]"
2019-06-28 15:12:00,HOLDINGS_UPDATED,"{'CASH': 10886916, 'JPM': -11}"
2019-06-28 15:13:00,BID_DEPTH,"[(100328, 184)]"
2019-06-28 15:13:00,ASK_DEPTH,"[(100489, 192)]"
2019-06-28 15:13:00,IMBALANCE,"[184, 192]"
2019-06-28 15:13:00,HOLDINGS_UPDATED,"{'CASH': 10987244, 'JPM': -12}"
2019-06-28 15:14:00,BID_DEPTH,"[(100328, 348)]"
2019-06-28 15:14:00,ASK_DEPTH,"[(100639, 256)]"
2019-06-28 15:14:00,IMBALANCE,"[348, 256]"
2019-06-28 15:14:00,HOLDINGS_UPDATED,"{'CASH': 11087572, 'JPM': -13}"
2019-06-28 15:15:00,BID_DEPTH,"[(100059, 248)]"
2019-06-28 15:15:00,ASK_DEPTH,"[(100327, 256)]"
2019-06-28 15:15:00,IMBALANCE,"[248, 256]"
2019-06-28 15:15:00,HOLDINGS_UPDATED,"{'CASH': 11187631, 'JPM': -14}"
2019-06-28 15:16:00,BID_DEPTH,"[(100059, 348)]"
2019-06-28 15:16:00,ASK_DEPTH,"[(100190, 256)]"
2019-06-28 15:16:00,IMBALANCE,"[348, 256]"
2019-06-28 15:16:00,HOLDINGS_UPDATED,"{'CASH': 11287690, 'JPM': -15}"
2019-06-28 15:17:00,BID_DEPTH,"[(100190, 421)]"
2019-06-28 15:17:00,ASK_DEPTH,"[(100327, 329)]"
2019-06-28 15:17:00,IMBALANCE,"[421, 329]"
2019-06-28 15:17:00,HOLDINGS_UPDATED,"{'CASH': 11387880, 'JPM': -16}"
2019-06-28 15:18:00,BID_DEPTH,"[(100190, 160)]"
2019-06-28 15:18:00,ASK_DEPTH,"[(100328, 192)]"
2019-06-28 15:18:00,IMBALANCE,"[160, 192]"
2019-06-28 15:18:00,HOLDINGS_UPDATED,"{'CASH': 11488070, 'JPM': -17}"
2019-06-28 15:19:00,BID_DEPTH,"[(100224, 206)]"
2019-06-28 15:19:00,ASK_DEPTH,"[(100257, 214)]"
2019-06-28 15:19:00,IMBALANCE,"[206, 214]"
2019-06-28 15:19:00,HOLDINGS_UPDATED,"{'CASH': 11588294, 'JPM': -18}"
2019-06-28 15:20:00,BID_DEPTH,"[(100098, 206)]"
2019-06-28 15:20:00,ASK_DEPTH,"[(100203, 214)]"
2019-06-28 15:20:00,IMBALANCE,"[206, 214]"
2019-06-28 15:20:00,HOLDINGS_UPDATED,"{'CASH': 11688392, 'JPM': -19}"
2019-06-28 15:21:00,BID_DEPTH,"[(100030, 321)]"
2019-06-28 15:21:00,ASK_DEPTH,"[(100098, 339)]"
2019-06-28 15:21:00,IMBALANCE,"[321, 339]"
2019-06-28 15:21:00,HOLDINGS_UPDATED,"{'CASH': 11788422, 'JPM': -20}"
2019-06-28 15:22:00,BID_DEPTH,"[(99858, 550)]"
2019-06-28 15:22:00,ASK_DEPTH,"[(100098, 568)]"
2019-06-28 15:22:00,IMBALANCE,"[550, 568]"
2019-06-28 15:22:00,HOLDINGS_UPDATED,"{'CASH': 11888280, 'JPM': -21}"
2019-06-28 15:23:00,BID_DEPTH,"[(99852, 184)]"
2019-06-28 15:23:00,ASK_DEPTH,"[(100098, 202)]"
2019-06-28 15:23:00,IMBALANCE,"[184, 202]"
2019-06-28 15:23:00,HOLDINGS_UPDATED,"{'CASH': 11988132, 'JPM': -22}"
2019-06-28 15:24:00,BID_DEPTH,"[(99917, 184)]"
2019-06-28 15:24:00,ASK_DEPTH,"[(100098, 202)]"
2019-06-28 15:24:00,IMBALANCE,"[184, 202]"
2019-06-28 15:24:00,HOLDINGS_UPDATED,"{'CASH': 12088049, 'JPM': -23}"
2019-06-28 15:25:00,BID_DEPTH,"[(99917, 550)]"
2019-06-28 15:25:00,ASK_DEPTH,"[(100098, 468)]"
2019-06-28 15:25:00,IMBALANCE,"[550, 468]"
2019-06-28 15:25:00,HOLDINGS_UPDATED,"{'CASH': 12187966, 'JPM': -24}"
2019-06-28 15:26:00,BID_DEPTH,"[(100091, 192)]"
2019-06-28 15:26:00,ASK_DEPTH,"[(100118, 184)]"
2019-06-28 15:26:00,IMBALANCE,"[192, 184]"
2019-06-28 15:26:00,HOLDINGS_UPDATED,"{'CASH': 12087848, 'JPM': -23}"
2019-06-28 15:27:00,BID_DEPTH,"[(100092, 558)]"
2019-06-28 15:27:00,ASK_DEPTH,"[(100388, 550)]"
2019-06-28 15:27:00,IMBALANCE,"[558, 550]"
2019-06-28 15:27:00,HOLDINGS_UPDATED,"{'CASH': 11987460, 'JPM': -22}"
2019-06-28 15:28:00,BID_DEPTH,"[(100388, 256)]"
2019-06-28 15:28:00,ASK_DEPTH,"[(100412, 248)]"
2019-06-28 15:28:00,IMBALANCE,"[256, 248]"
2019-06-28 15:28:00,HOLDINGS_UPDATED,"{'CASH': 11887048, 'JPM': -21}"
2019-06-28 15:29:00,BID_DEPTH,"[(100256, 256)]"
2019-06-28 15:29:00,ASK_DEPTH,"[(100446, 248)]"
2019-06-28 15:29:00,IMBALANCE,"[256, 248]"
2019-06-28 15:29:00,HOLDINGS_UPDATED,"{'CASH': 11786602, 'JPM': -20}"
2019-06-28 15:30:00,BID_DEPTH,"[(100092, 192)]"
2019-06-28 15:30:00,ASK_DEPTH,"[(100520, 184)]"
2019-06-28 15:30:00,IMBALANCE,"[192, 184]"
2019-06-28 15:30:00,HOLDINGS_UPDATED,"{'CASH': 11686082, 'JPM': -19}"
2019-06-28 15:31:00,BID_DEPTH,"[(100084, 256)]"
2019-06-28 15:31:00,ASK_DEPTH,"[(100520, 248)]"
2019-06-28 15:31:00,IMBALANCE,"[256, 248]"
2019-06-28 15:31:00,HOLDINGS_UPDATED,"{'CASH': 11585562, 'JPM': -18}"
2019-06-28 15:32:00,BID_DEPTH,"[(100025, 192)]"
2019-06-28 15:32:00,ASK_DEPTH,"[(101075, 184)]"
2019-06-28 15:32:00,IMBALANCE,"[192, 184]"
2019-06-28 15:32:00,HOLDINGS_UPDATED,"{'CASH': 11484487, 'JPM': -17}"
2019-06-28 15:33:00,BID_DEPTH,"[(99917, 192)]"
2019-06-28 15:33:00,ASK_DEPTH,"[(101307, 184)]"
2019-06-28 15:33:00,IMBALANCE,"[192, 184]"
2019-06-28 15:33:00,HOLDINGS_UPDATED,"{'CASH': 11383180, 'JPM': -16}"
2019-06-28 15:34:00,BID_DEPTH,"[(99917, 256)]"
2019-06-28 15:34:00,ASK_DEPTH,"[(101307, 155)]"
2019-06-28 15:34:00,IMBALANCE,"[256, 155]"
2019-06-28 15:34:00,HOLDINGS_UPDATED,"{'CASH': 11281873, 'JPM': -15}"
2019-06-28 15:35:00,BID_DEPTH,"[(99457, 329)]"
2019-06-28 15:35:00,ASK_DEPTH,"[(101306, 321)]"
2019-06-28 15:35:00,IMBALANCE,"[329, 321]"
2019-06-28 15:35:00,HOLDINGS_UPDATED,"{'CASH': 11180567, 'JPM': -14}"
2019-06-28 15:36:00,BID_DEPTH,"[(99455, 214)]"
2019-06-28 15:36:00,ASK_DEPTH,"[(101306, 206)]"
2019-06-28 15:36:00,IMBALANCE,"[214, 206]"
2019-06-28 15:36:00,HOLDINGS_UPDATED,"{'CASH': 11079261, 'JPM': -13}"
2019-06-28 15:37:00,BID_DEPTH,"[(99303, 558)]"
2019-06-28 15:37:00,ASK_DEPTH,"[(99510, 550)]"
2019-06-28 15:37:00,IMBALANCE,"[558, 550]"
2019-06-28 15:37:00,HOLDINGS_UPDATED,"{'CASH': 10979751, 'JPM': -12}"
2019-06-28 15:38:00,BID_DEPTH,"[(99338, 214)]"
2019-06-28 15:38:00,ASK_DEPTH,"[(99510, 306)]"
2019-06-28 15:38:00,IMBALANCE,"[214, 306]"
2019-06-28 15:38:00,HOLDINGS_UPDATED,"{'CASH': 10880241, 'JPM': -11}"
2019-06-28 15:39:00,BID_DEPTH,"[(99338, 321)]"
2019-06-28 15:39:00,ASK_DEPTH,"[(99510, 298)]"
2019-06-28 15:39:00,IMBALANCE,"[321, 298]"
2019-06-28 15:39:00,HOLDINGS_UPDATED,"{'CASH': 10979579, 'JPM': -12}"
2019-06-28 15:40:00,BID_DEPTH,"[(99303, 321)]"
2019-06-28 15:40:00,ASK_DEPTH,"[(99513, 329)]"
2019-06-28 15:40:00,IMBALANCE,"[321, 329]"
2019-06-28 15:40:00,HOLDINGS_UPDATED,"{'CASH': 11078882, 'JPM': -13}"
2019-06-28 15:41:00,BID_DEPTH,"[(99303, 155)]"
2019-06-28 15:41:00,ASK_DEPTH,"[(99638, 256)]"
2019-06-28 15:41:00,IMBALANCE,"[155, 256]"
2019-06-28 15:41:00,HOLDINGS_UPDATED,"{'CASH': 11178185, 'JPM': -14}"
2019-06-28 15:42:00,BID_DEPTH,"[(99303, 328)]"
2019-06-28 15:42:00,ASK_DEPTH,"[(101178, 329)]"
2019-06-28 15:42:00,IMBALANCE,"[328, 329]"
2019-06-28 15:42:00,HOLDINGS_UPDATED,"{'CASH': 11277488, 'JPM': -15}"
2019-06-28 15:43:00,BID_DEPTH,"[(99284, 550)]"
2019-06-28 15:43:00,ASK_DEPTH,"[(101236, 558)]"
2019-06-28 15:43:00,IMBALANCE,"[550, 558]"
2019-06-28 15:43:00,HOLDINGS_UPDATED,"{'CASH': 11376772, 'JPM': -16}"
2019-06-28 15:44:00,BID_DEPTH,"[(101025, 184)]"
2019-06-28 15:44:00,ASK_DEPTH,"[(101236, 192)]"
2019-06-28 15:44:00,IMBALANCE,"[184, 192]"
2019-06-28 15:44:00,HOLDINGS_UPDATED,"{'CASH': 11477797, 'JPM': -17}"
2019-06-28 15:45:00,BID_DEPTH,"[(100885, 214)]"
2019-06-28 15:45:00,ASK_DEPTH,"[(101236, 190)]"
2019-06-28 15:45:00,IMBALANCE,"[214, 190]"
2019-06-28 15:45:00,HOLDINGS_UPDATED,"{'CASH': 11376561, 'JPM': -16}"
2019-06-28 15:46:00,BID_DEPTH,"[(100885, 192)]"
2019-06-28 15:46:00,ASK_DEPTH,"[(101236, 291)]"
2019-06-28 15:46:00,IMBALANCE,"[192, 291]"
2019-06-28 15:46:00,HOLDINGS_UPDATED,"{'CASH': 11275325, 'JPM': -15}"
2019-06-28 15:47:00,BID_DEPTH,"[(100723, 214)]"
2019-06-28 15:47:00,ASK_DEPTH,"[(101236, 196)]"
2019-06-28 15:47:00,IMBALANCE,"[214, 196]"
2019-06-28 15:47:00,HOLDINGS_UPDATED,"{'CASH': 11174089, 'JPM': -14}"
2019-06-28 15:48:00,BID_DEPTH,"[(100664, 214)]"
2019-06-28 15:48:00,ASK_DEPTH,"[(101236, 113)]"
2019-06-28 15:48:00,IMBALANCE,"[214, 113]"
2019-06-28 15:48:00,HOLDINGS_UPDATED,"{'CASH': 11072853, 'JPM': -13}"
2019-06-28 15:49:00,BID_DEPTH,"[(100664, 214)]"
2019-06-28 15:49:00,ASK_DEPTH,"[(101236, 110)]"
2019-06-28 15:49:00,IMBALANCE,"[214, 110]"
2019-06-28 15:49:00,HOLDINGS_UPDATED,"{'CASH': 10971617, 'JPM': -12}"
2019-06-28 15:50:00,BID_DEPTH,"[(100229, 192)]"
2019-06-28 15:50:00,ASK_DEPTH,"[(101236, 182)]"
2019-06-28 15:50:00,IMBALANCE,"[192, 182]"
2019-06-28 15:50:00,HOLDINGS_UPDATED,"{'CASH': 10870381, 'JPM': -11}"
2019-06-28 15:51:00,BID_DEPTH,"[(100229, 558)]"
2019-06-28 15:51:00,ASK_DEPTH,"[(101305, 553)]"
2019-06-28 15:51:00,IMBALANCE,"[558, 553]"
2019-06-28 15:51:00,HOLDINGS_UPDATED,"{'CASH': 10769076, 'JPM': -10}"
2019-06-28 15:52:00,BID_DEPTH,"[(100399, 214)]"
2019-06-28 15:52:00,ASK_DEPTH,"[(100425, 206)]"
2019-06-28 15:52:00,IMBALANCE,"[214, 206]"
2019-06-28 15:52:00,HOLDINGS_UPDATED,"{'CASH': 10668651, 'JPM': -9}"
2019-06-28 15:53:00,BID_DEPTH,"[(100279, 256)]"
2019-06-28 15:53:00,ASK_DEPTH,"[(100424, 248)]"
2019-06-28 15:53:00,IMBALANCE,"[256, 248]"
2019-06-28 15:53:00,HOLDINGS_UPDATED,"{'CASH': 10568227, 'JPM': -8}"
2019-06-28 15:54:00,BID_DEPTH,"[(100189, 558)]"
2019-06-28 15:54:00,ASK_DEPTH,"[(100424, 550)]"
2019-06-28 15:54:00,IMBALANCE,"[558, 550]"
2019-06-28 15:54:00,HOLDINGS_UPDATED,"{'CASH': 10467803, 'JPM': -7}"
2019-06-28 15:55:00,BID_DEPTH,"[(100189, 214)]"
2019-06-28 15:55:00,ASK_DEPTH,"[(100424, 206)]"
2019-06-28 15:55:00,IMBALANCE,"[214, 206]"
2019-06-28 15:55:00,HOLDINGS_UPDATED,"{'CASH': 10367379, 'JPM': -6}"
2019-06-28 15:56:00,BID_DEPTH,"[(100189, 214)]"
2019-06-28 15:56:00,ASK_DEPTH,"[(100424, 206)]"
2019-06-28 15:56:00,IMBALANCE,"[214, 206]"
2019-06-28 15:56:00,HOLDINGS_UPDATED,"{'CASH': 10266955, 'JPM': -5}"
2019-06-28 15:57:00,BID_DEPTH,"[(100189, 558)]"
2019-06-28 15:57:00,ASK_DEPTH,"[(100248, 550)]"
2019-06-28 15:57:00,IMBALANCE,"[558, 550]"
2019-06-28 15:57:00,HOLDINGS_UPDATED,"{'CASH': 10166707, 'JPM': -4}"
2019-06-28 15:58:00,BID_DEPTH,"[(100189, 558)]"
2019-06-28 15:58:00,ASK_DEPTH,"[(100425, 550)]"
2019-06-28 15:58:00,IMBALANCE,"[558, 550]"
2019-06-28 15:58:00,HOLDINGS_UPDATED,"{'CASH': 10066282, 'JPM': -3}"
2019-06-28 15:59:00,BID_DEPTH,"[(100189, 558)]"
2019-06-28 15:59:00,ASK_DEPTH,"[(100425, 550)]"
2019-06-28 15:59:00,IMBALANCE,"[558, 550]"
2019-06-28 15:59:00,HOLDINGS_UPDATED,"{'CASH': 9965857, 'JPM': -2}"
2019-06-28 16:00:00,BID_DEPTH,"[(100211, 256)]"
2019-06-28 16:00:00,ASK_DEPTH,"[(100562, 248)]"
2019-06-28 16:00:00,IMBALANCE,"[256, 248]"
2019-06-28 16:00:00,HOLDINGS_UPDATED,"{'CASH': 9865295, 'JPM': -1}"
2019-06-28 16:01:00,BID_DEPTH,"[(100211, 256)]"
2019-06-28 16:01:00,ASK_DEPTH,"[(100562, 132)]"
2019-06-28 16:01:00,IMBALANCE,"[256, 132]"
2019-06-28 16:01:00,MKT_CLOSED,
2019-06-28 16:01:00,FINAL_HOLDINGS,"{ JPM: -1, CASH: 9865295 }"
2019-06-28 16:01:00,FINAL_CASH_POSITION,9865295
2019-06-28 16:01:00,MARK_TO_MARKET,-1 JPM @ 100562 == -100562
2019-06-28 16:01:00,MARKED_TO_MARKET,9764733
2019-06-28 16:01:00,ENDING_CASH,9764733
