EventTime,EventType,Event
,AGENT_TYPE,MomentumAgent
,STARTING_CASH,10000000
2019-06-28 09:30:00,HOLDINGS_UPDATED,{'CASH': 10000000}
2019-06-28 09:31:00,BID_DEPTH,"[(99977, 586)]"
2019-06-28 09:31:00,ASK_DEPTH,"[(99988, 586)]"
2019-06-28 09:31:00,IMBALANCE,"[586, 586]"
2019-06-28 09:32:00,BID_DEPTH,"[(99977, 343)]"
2019-06-28 09:32:00,ASK_DEPTH,"[(99991, 343)]"
2019-06-28 09:32:00,IMBALANCE,"[343, 343]"
2019-06-28 09:33:00,BID_DEPTH,"[(99971, 586)]"
2019-06-28 09:33:00,ASK_DEPTH,"[(99987, 686)]"
2019-06-28 09:33:00,IMBALANCE,"[586, 686]"
2019-06-28 09:34:00,BID_DEPTH,"[(99971, 343)]"
2019-06-28 09:34:00,ASK_DEPTH,"[(99987, 443)]"
2019-06-28 09:34:00,IMBALANCE,"[343, 443]"
2019-06-28 09:35:00,BID_DEPTH,"[(99952, 343)]"
2019-06-28 09:35:00,ASK_DEPTH,"[(99987, 443)]"
2019-06-28 09:35:00,IMBALANCE,"[343, 443]"
2019-06-28 09:36:00,BID_DEPTH,"[(99943, 343)]"
2019-06-28 09:36:00,ASK_DEPTH,"[(99987, 443)]"
2019-06-28 09:36:00,IMBALANCE,"[343, 443]"
2019-06-28 09:37:00,BID_DEPTH,"[(99921, 265)]"
2019-06-28 09:37:00,ASK_DEPTH,"[(99943, 365)]"
2019-06-28 09:37:00,IMBALANCE,"[265, 365]"
2019-06-28 09:38:00,BID_DEPTH,"[(99921, 197)]"
2019-06-28 09:38:00,ASK_DEPTH,"[(99929, 197)]"
2019-06-28 09:38:00,IMBALANCE,"[197, 197]"
2019-06-28 09:39:00,BID_DEPTH,"[(99921, 586)]"
2019-06-28 09:39:00,ASK_DEPTH,"[(99929, 586)]"
2019-06-28 09:39:00,IMBALANCE,"[586, 586]"
2019-06-28 09:40:00,BID_DEPTH,"[(99921, 586)]"
2019-06-28 09:40:00,ASK_DEPTH,"[(99929, 686)]"
2019-06-28 09:40:00,IMBALANCE,"[586, 686]"
2019-06-28 09:41:00,BID_DEPTH,"[(99921, 197)]"
2019-06-28 09:41:00,ASK_DEPTH,"[(99929, 397)]"
2019-06-28 09:41:00,IMBALANCE,"[197, 397]"
2019-06-28 09:42:00,BID_DEPTH,"[(99913, 197)]"
2019-06-28 09:42:00,ASK_DEPTH,"[(99921, 100)]"
2019-06-28 09:42:00,IMBALANCE,"[197, 100]"
2019-06-28 09:43:00,BID_DEPTH,"[(99913, 343)]"
2019-06-28 09:43:00,ASK_DEPTH,"[(99921, 346)]"
2019-06-28 09:43:00,IMBALANCE,"[343, 346]"
2019-06-28 09:44:00,BID_DEPTH,"[(99900, 343)]"
2019-06-28 09:44:00,ASK_DEPTH,"[(99920, 343)]"
2019-06-28 09:44:00,IMBALANCE,"[343, 343]"
2019-06-28 09:45:00,BID_DEPTH,"[(99887, 586)]"
2019-06-28 09:45:00,ASK_DEPTH,"[(99920, 586)]"
2019-06-28 09:45:00,IMBALANCE,"[586, 586]"
2019-06-28 09:46:00,BID_DEPTH,"[(99799, 586)]"
2019-06-28 09:46:00,ASK_DEPTH,"[(99920, 586)]"
2019-06-28 09:46:00,IMBALANCE,"[586, 586]"
2019-06-28 09:47:00,BID_DEPTH,"[(99645, 222)]"
2019-06-28 09:47:00,ASK_DEPTH,"[(99920, 222)]"
2019-06-28 09:47:00,IMBALANCE,"[222, 222]"
2019-06-28 09:48:00,BID_DEPTH,"[(99888, 265)]"
2019-06-28 09:48:00,ASK_DEPTH,"[(99929, 265)]"
2019-06-28 09:48:00,IMBALANCE,"[265, 265]"
2019-06-28 09:49:00,BID_DEPTH,"[(99888, 197)]"
2019-06-28 09:49:00,ASK_DEPTH,"[(99943, 297)]"
2019-06-28 09:49:00,IMBALANCE,"[197, 297]"
2019-06-28 09:50:00,BID_DEPTH,"[(99755, 586)]"
2019-06-28 09:50:00,ASK_DEPTH,"[(99943, 686)]"
2019-06-28 09:50:00,IMBALANCE,"[586, 686]"
2019-06-28 09:51:00,BID_DEPTH,"[(99755, 222)]"
2019-06-28 09:51:00,ASK_DEPTH,"[(99824, 222)]"
2019-06-28 09:51:00,IMBALANCE,"[222, 222]"
2019-06-28 09:52:00,BID_DEPTH,"[(99602, 222)]"
2019-06-28 09:52:00,ASK_DEPTH,"[(99734, 222)]"
2019-06-28 09:52:00,IMBALANCE,"[222, 222]"
2019-06-28 09:53:00,BID_DEPTH,"[(99583, 197)]"
2019-06-28 09:53:00,ASK_DEPTH,"[(99584, 197)]"
2019-06-28 09:53:00,IMBALANCE,"[197, 197]"
2019-06-28 09:54:00,BID_DEPTH,"[(99583, 222)]"
2019-06-28 09:54:00,ASK_DEPTH,"[(99584, 222)]"
2019-06-28 09:54:00,IMBALANCE,"[222, 222]"
2019-06-28 09:55:00,BID_DEPTH,"[(99507, 265)]"
2019-06-28 09:55:00,ASK_DEPTH,"[(99576, 265)]"
2019-06-28 09:55:00,IMBALANCE,"[265, 265]"
2019-06-28 09:56:00,BID_DEPTH,"[(99507, 586)]"
2019-06-28 09:56:00,ASK_DEPTH,"[(99734, 586)]"
2019-06-28 09:56:00,IMBALANCE,"[586, 586]"
2019-06-28 09:57:00,BID_DEPTH,"[(99488, 265)]"
2019-06-28 09:57:00,ASK_DEPTH,"[(99596, 265)]"
2019-06-28 09:57:00,IMBALANCE,"[265, 265]"
2019-06-28 09:58:00,BID_DEPTH,"[(99533, 197)]"
2019-06-28 09:58:00,ASK_DEPTH,"[(99596, 197)]"
2019-06-28 09:58:00,IMBALANCE,"[197, 197]"
2019-06-28 09:59:00,BID_DEPTH,"[(99480, 265)]"
2019-06-28 09:59:00,ASK_DEPTH,"[(99596, 265)]"
2019-06-28 09:59:00,IMBALANCE,"[265, 265]"
2019-06-28 10:00:00,BID_DEPTH,"[(99323, 586)]"
2019-06-28 10:00:00,ASK_DEPTH,"[(99596, 586)]"
2019-06-28 10:00:00,IMBALANCE,"[586, 586]"
2019-06-28 10:01:00,BID_DEPTH,"[(99267, 586)]"
2019-06-28 10:01:00,ASK_DEPTH,"[(99596, 586)]"
2019-06-28 10:01:00,IMBALANCE,"[586, 586]"
2019-06-28 10:02:00,BID_DEPTH,"[(99138, 586)]"
2019-06-28 10:02:00,ASK_DEPTH,"[(99323, 586)]"
2019-06-28 10:02:00,IMBALANCE,"[586, 586]"
2019-06-28 10:03:00,BID_DEPTH,"[(99034, 343)]"
2019-06-28 10:03:00,ASK_DEPTH,"[(99323, 343)]"
2019-06-28 10:03:00,IMBALANCE,"[343, 343]"
2019-06-28 10:04:00,BID_DEPTH,"[(99139, 343)]"
2019-06-28 10:04:00,ASK_DEPTH,"[(99323, 343)]"
2019-06-28 10:04:00,IMBALANCE,"[343, 343]"
2019-06-28 10:05:00,BID_DEPTH,"[(99140, 222)]"
2019-06-28 10:05:00,ASK_DEPTH,"[(99433, 222)]"
2019-06-28 10:05:00,IMBALANCE,"[222, 222]"
2019-06-28 10:06:00,BID_DEPTH,"[(99140, 365)]"
2019-06-28 10:06:00,ASK_DEPTH,"[(99433, 265)]"
2019-06-28 10:06:00,IMBALANCE,"[365, 265]"
2019-06-28 10:07:00,BID_DEPTH,"[(99140, 686)]"
2019-06-28 10:07:00,ASK_DEPTH,"[(99596, 586)]"
2019-06-28 10:07:00,IMBALANCE,"[686, 586]"
2019-06-28 10:08:00,BID_DEPTH,"[(99140, 443)]"
2019-06-28 10:08:00,ASK_DEPTH,"[(99734, 343)]"
2019-06-28 10:08:00,IMBALANCE,"[443, 343]"
2019-06-28 10:09:00,BID_DEPTH,"[(99323, 343)]"
2019-06-28 10:09:00,ASK_DEPTH,"[(99734, 343)]"
2019-06-28 10:09:00,IMBALANCE,"[343, 343]"
2019-06-28 10:10:00,BID_DEPTH,"[(99323, 443)]"
2019-06-28 10:10:00,ASK_DEPTH,"[(99943, 343)]"
2019-06-28 10:10:00,IMBALANCE,"[443, 343]"
2019-06-28 10:11:00,BID_DEPTH,"[(99433, 586)]"
2019-06-28 10:11:00,ASK_DEPTH,"[(99980, 586)]"
2019-06-28 10:11:00,IMBALANCE,"[586, 586]"
2019-06-28 10:12:00,BID_DEPTH,"[(99433, 197)]"
2019-06-28 10:12:00,ASK_DEPTH,"[(99984, 197)]"
2019-06-28 10:12:00,IMBALANCE,"[197, 197]"
2019-06-28 10:13:00,BID_DEPTH,"[(99943, 343)]"
2019-06-28 10:13:00,ASK_DEPTH,"[(100041, 343)]"
2019-06-28 10:13:00,IMBALANCE,"[343, 343]"
2019-06-28 10:14:00,BID_DEPTH,"[(99994, 343)]"
2019-06-28 10:14:00,ASK_DEPTH,"[(100083, 343)]"
2019-06-28 10:14:00,IMBALANCE,"[343, 343]"
2019-06-28 10:15:00,BID_DEPTH,"[(99994, 322)]"
2019-06-28 10:15:00,ASK_DEPTH,"[(100148, 222)]"
2019-06-28 10:15:00,IMBALANCE,"[322, 222]"
2019-06-28 10:16:00,BID_DEPTH,"[(99994, 686)]"
2019-06-28 10:16:00,ASK_DEPTH,"[(100148, 586)]"
2019-06-28 10:16:00,IMBALANCE,"[686, 586]"
2019-06-28 10:17:00,BID_DEPTH,"[(100083, 343)]"
2019-06-28 10:17:00,ASK_DEPTH,"[(100192, 343)]"
2019-06-28 10:17:00,IMBALANCE,"[343, 343]"
2019-06-28 10:18:00,BID_DEPTH,"[(100176, 197)]"
2019-06-28 10:18:00,ASK_DEPTH,"[(100275, 197)]"
2019-06-28 10:18:00,IMBALANCE,"[197, 197]"
2019-06-28 10:19:00,BID_DEPTH,"[(100192, 343)]"
2019-06-28 10:19:00,ASK_DEPTH,"[(100287, 343)]"
2019-06-28 10:19:00,IMBALANCE,"[343, 343]"
2019-06-28 10:20:00,BID_DEPTH,"[(100192, 197)]"
2019-06-28 10:20:00,ASK_DEPTH,"[(100287, 197)]"
2019-06-28 10:20:00,IMBALANCE,"[197, 197]"
2019-06-28 10:21:00,BID_DEPTH,"[(100176, 208)]"
2019-06-28 10:21:00,ASK_DEPTH,"[(100351, 222)]"
2019-06-28 10:21:00,IMBALANCE,"[208, 222]"
2019-06-28 10:21:00,HOLDINGS_UPDATED,"{'CASH': 10601056, 'JPM': -6}"
2019-06-28 10:22:00,BID_DEPTH,"[(100176, 343)]"
2019-06-28 10:22:00,ASK_DEPTH,"[(100351, 329)]"
2019-06-28 10:22:00,IMBALANCE,"[343, 329]"
2019-06-28 10:22:00,HOLDINGS_UPDATED,{'CASH': 9998950}
2019-06-28 10:23:00,BID_DEPTH,"[(100177, 343)]"
2019-06-28 10:23:00,ASK_DEPTH,"[(100351, 329)]"
2019-06-28 10:23:00,IMBALANCE,"[343, 329]"
2019-06-28 10:23:00,HOLDINGS_UPDATED,"{'CASH': 9396844, 'JPM': 6}"
2019-06-28 10:24:00,BID_DEPTH,"[(100381, 197)]"
2019-06-28 10:24:00,ASK_DEPTH,"[(100493, 183)]"
2019-06-28 10:24:00,IMBALANCE,"[197, 183]"
2019-06-28 10:24:00,HOLDINGS_UPDATED,"{'CASH': 8793886, 'JPM': 12}"
2019-06-28 10:25:00,BID_DEPTH,"[(100518, 265)]"
2019-06-28 10:25:00,ASK_DEPTH,"[(100677, 251)]"
2019-06-28 10:25:00,IMBALANCE,"[265, 251]"
2019-06-28 10:25:00,HOLDINGS_UPDATED,"{'CASH': 8189824, 'JPM': 18}"
2019-06-28 10:26:00,BID_DEPTH,"[(100518, 197)]"
2019-06-28 10:26:00,ASK_DEPTH,"[(100677, 183)]"
2019-06-28 10:26:00,IMBALANCE,"[197, 183]"
2019-06-28 10:26:00,HOLDINGS_UPDATED,"{'CASH': 7585762, 'JPM': 24}"
2019-06-28 10:27:00,BID_DEPTH,"[(100493, 343)]"
2019-06-28 10:27:00,ASK_DEPTH,"[(100677, 329)]"
2019-06-28 10:27:00,IMBALANCE,"[343, 329]"
2019-06-28 10:27:00,HOLDINGS_UPDATED,"{'CASH': 6981700, 'JPM': 30}"
2019-06-28 10:28:00,BID_DEPTH,"[(100355, 265)]"
2019-06-28 10:28:00,ASK_DEPTH,"[(100677, 251)]"
2019-06-28 10:28:00,IMBALANCE,"[265, 251]"
2019-06-28 10:28:00,HOLDINGS_UPDATED,"{'CASH': 6377638, 'JPM': 36}"
2019-06-28 10:29:00,BID_DEPTH,"[(100355, 265)]"
2019-06-28 10:29:00,ASK_DEPTH,"[(100845, 251)]"
2019-06-28 10:29:00,IMBALANCE,"[265, 251]"
2019-06-28 10:29:00,HOLDINGS_UPDATED,"{'CASH': 5772568, 'JPM': 42}"
2019-06-28 10:30:00,BID_DEPTH,"[(100355, 586)]"
2019-06-28 10:30:00,ASK_DEPTH,"[(100843, 572)]"
2019-06-28 10:30:00,IMBALANCE,"[586, 572]"
2019-06-28 10:30:00,HOLDINGS_UPDATED,"{'CASH': 5167510, 'JPM': 48}"
2019-06-28 10:31:00,BID_DEPTH,"[(100663, 586)]"
2019-06-28 10:31:00,ASK_DEPTH,"[(100705, 572)]"
2019-06-28 10:31:00,IMBALANCE,"[586, 572]"
2019-06-28 10:31:00,HOLDINGS_UPDATED,"{'CASH': 4563280, 'JPM': 54}"
2019-06-28 10:32:00,BID_DEPTH,"[(100917, 586)]"
2019-06-28 10:32:00,ASK_DEPTH,"[(100928, 572)]"
2019-06-28 10:32:00,IMBALANCE,"[586, 572]"
2019-06-28 10:32:00,HOLDINGS_UPDATED,"{'CASH': 3957712, 'JPM': 60}"
2019-06-28 10:33:00,BID_DEPTH,"[(100663, 265)]"
2019-06-28 10:33:00,ASK_DEPTH,"[(101184, 251)]"
2019-06-28 10:33:00,IMBALANCE,"[265, 251]"
2019-06-28 10:33:00,HOLDINGS_UPDATED,"{'CASH': 3350608, 'JPM': 66}"
2019-06-28 10:34:00,BID_DEPTH,"[(101062, 222)]"
2019-06-28 10:34:00,ASK_DEPTH,"[(101196, 208)]"
2019-06-28 10:34:00,IMBALANCE,"[222, 208]"
2019-06-28 10:34:00,HOLDINGS_UPDATED,"{'CASH': 2743432, 'JPM': 72}"
2019-06-28 10:35:00,BID_DEPTH,"[(101146, 343)]"
2019-06-28 10:35:00,ASK_DEPTH,"[(101273, 329)]"
2019-06-28 10:35:00,IMBALANCE,"[343, 329]"
2019-06-28 10:35:00,HOLDINGS_UPDATED,"{'CASH': 2135794, 'JPM': 78}"
2019-06-28 10:36:00,BID_DEPTH,"[(101146, 222)]"
2019-06-28 10:36:00,ASK_DEPTH,"[(101360, 208)]"
2019-06-28 10:36:00,IMBALANCE,"[222, 208]"
2019-06-28 10:36:00,HOLDINGS_UPDATED,"{'CASH': 1527634, 'JPM': 84}"
2019-06-28 10:37:00,BID_DEPTH,"[(101360, 589)]"
2019-06-28 10:37:00,ASK_DEPTH,"[(101473, 572)]"
2019-06-28 10:37:00,IMBALANCE,"[589, 572]"
2019-06-28 10:37:00,HOLDINGS_UPDATED,"{'CASH': 918796, 'JPM': 90}"
2019-06-28 10:38:00,BID_DEPTH,"[(101360, 246)]"
2019-06-28 10:38:00,ASK_DEPTH,"[(101493, 329)]"
2019-06-28 10:38:00,IMBALANCE,"[246, 329]"
2019-06-28 10:38:00,HOLDINGS_UPDATED,"{'CASH': 309838, 'JPM': 96}"
2019-06-28 10:39:00,BID_DEPTH,"[(101493, 686)]"
2019-06-28 10:39:00,ASK_DEPTH,"[(101497, 572)]"
2019-06-28 10:39:00,IMBALANCE,"[686, 572]"
2019-06-28 10:39:00,HOLDINGS_UPDATED,"{'CASH': -299144, 'JPM': 102}"
2019-06-28 10:40:00,BID_DEPTH,"[(101497, 222)]"
2019-06-28 10:40:00,ASK_DEPTH,"[(101575, 208)]"
2019-06-28 10:40:00,IMBALANCE,"[222, 208]"
2019-06-28 10:40:00,HOLDINGS_UPDATED,"{'CASH': -908594, 'JPM': 108}"
2019-06-28 10:41:00,BID_DEPTH,"[(101493, 322)]"
2019-06-28 10:41:00,ASK_DEPTH,"[(101633, 208)]"
2019-06-28 10:41:00,IMBALANCE,"[322, 208]"
2019-06-28 10:41:00,HOLDINGS_UPDATED,"{'CASH': -1518392, 'JPM': 114}"
2019-06-28 10:42:00,BID_DEPTH,"[(101493, 443)]"
2019-06-28 10:42:00,ASK_DEPTH,"[(101538, 329)]"
2019-06-28 10:42:00,IMBALANCE,"[443, 329]"
2019-06-28 10:42:00,HOLDINGS_UPDATED,"{'CASH': -2127620, 'JPM': 120}"
2019-06-28 10:43:00,BID_DEPTH,"[(101538, 197)]"
2019-06-28 10:43:00,ASK_DEPTH,"[(101633, 183)]"
2019-06-28 10:43:00,IMBALANCE,"[197, 183]"
2019-06-28 10:43:00,HOLDINGS_UPDATED,"{'CASH': -2737418, 'JPM': 126}"
2019-06-28 10:44:00,BID_DEPTH,"[(101538, 265)]"
2019-06-28 10:44:00,ASK_DEPTH,"[(101665, 251)]"
2019-06-28 10:44:00,IMBALANCE,"[265, 251]"
2019-06-28 10:44:00,HOLDINGS_UPDATED,"{'CASH': -3347408, 'JPM': 132}"
2019-06-28 10:45:00,BID_DEPTH,"[(101538, 197)]"
2019-06-28 10:45:00,ASK_DEPTH,"[(101911, 183)]"
2019-06-28 10:45:00,IMBALANCE,"[197, 183]"
2019-06-28 10:45:00,HOLDINGS_UPDATED,"{'CASH': -3958874, 'JPM': 138}"
2019-06-28 10:46:00,BID_DEPTH,"[(101538, 265)]"
2019-06-28 10:46:00,ASK_DEPTH,"[(101955, 251)]"
2019-06-28 10:46:00,IMBALANCE,"[265, 251]"
2019-06-28 10:46:00,HOLDINGS_UPDATED,"{'CASH': -4570604, 'JPM': 144}"
2019-06-28 10:47:00,BID_DEPTH,"[(101862, 197)]"
2019-06-28 10:47:00,ASK_DEPTH,"[(102005, 183)]"
2019-06-28 10:47:00,IMBALANCE,"[197, 183]"
2019-06-28 10:47:00,HOLDINGS_UPDATED,"{'CASH': -5182634, 'JPM': 150}"
2019-06-28 10:48:00,BID_DEPTH,"[(101862, 222)]"
2019-06-28 10:48:00,ASK_DEPTH,"[(102005, 208)]"
2019-06-28 10:48:00,IMBALANCE,"[222, 208]"
2019-06-28 10:48:00,HOLDINGS_UPDATED,"{'CASH': -5794664, 'JPM': 156}"
2019-06-28 10:49:00,BID_DEPTH,"[(101862, 343)]"
2019-06-28 10:49:00,ASK_DEPTH,"[(102034, 329)]"
2019-06-28 10:49:00,IMBALANCE,"[343, 329]"
2019-06-28 10:49:00,HOLDINGS_UPDATED,"{'CASH': -6406868, 'JPM': 162}"
2019-06-28 10:50:00,BID_DEPTH,"[(101914, 265)]"
2019-06-28 10:50:00,ASK_DEPTH,"[(102106, 251)]"
2019-06-28 10:50:00,IMBALANCE,"[265, 251]"
2019-06-28 10:50:00,HOLDINGS_UPDATED,"{'CASH': -7019504, 'JPM': 168}"
2019-06-28 10:51:00,BID_DEPTH,"[(101914, 222)]"
2019-06-28 10:51:00,ASK_DEPTH,"[(102109, 208)]"
2019-06-28 10:51:00,IMBALANCE,"[222, 208]"
2019-06-28 10:51:00,HOLDINGS_UPDATED,"{'CASH': -7632158, 'JPM': 174}"
2019-06-28 10:52:00,BID_DEPTH,"[(101914, 586)]"
2019-06-28 10:52:00,ASK_DEPTH,"[(102151, 572)]"
2019-06-28 10:52:00,IMBALANCE,"[586, 572]"
2019-06-28 10:52:00,HOLDINGS_UPDATED,"{'CASH': -8245064, 'JPM': 180}"
2019-06-28 10:53:00,BID_DEPTH,"[(101811, 265)]"
2019-06-28 10:53:00,ASK_DEPTH,"[(102174, 251)]"
2019-06-28 10:53:00,IMBALANCE,"[265, 251]"
2019-06-28 10:53:00,HOLDINGS_UPDATED,"{'CASH': -8858108, 'JPM': 186}"
2019-06-28 10:54:00,BID_DEPTH,"[(101693, 586)]"
2019-06-28 10:54:00,ASK_DEPTH,"[(102174, 572)]"
2019-06-28 10:54:00,IMBALANCE,"[586, 572]"
2019-06-28 10:54:00,HOLDINGS_UPDATED,"{'CASH': -9471152, 'JPM': 192}"
2019-06-28 10:55:00,BID_DEPTH,"[(101646, 100)]"
2019-06-28 10:55:00,ASK_DEPTH,[]
2019-06-28 10:55:00,IMBALANCE,"[100, 0]"
2019-06-28 10:56:00,BID_DEPTH,"[(101493, 297)]"
2019-06-28 10:56:00,ASK_DEPTH,"[(101693, 183)]"
2019-06-28 10:56:00,IMBALANCE,"[297, 183]"
2019-06-28 10:56:00,HOLDINGS_UPDATED,"{'CASH': -10081310, 'JPM': 198}"
2019-06-28 10:57:00,BID_DEPTH,"[(101493, 100)]"
2019-06-28 10:57:00,ASK_DEPTH,[]
2019-06-28 10:57:00,IMBALANCE,"[100, 0]"
2019-06-28 10:58:00,BID_DEPTH,"[(101360, 3)]"
2019-06-28 10:58:00,ASK_DEPTH,[]
2019-06-28 10:58:00,IMBALANCE,"[3, 0]"
2019-06-28 10:59:00,BID_DEPTH,"[(101063, 343)]"
2019-06-28 10:59:00,ASK_DEPTH,"[(101493, 329)]"
2019-06-28 10:59:00,IMBALANCE,"[343, 329]"
2019-06-28 10:59:00,HOLDINGS_UPDATED,"{'CASH': -10690268, 'JPM': 204}"
2019-06-28 11:00:00,BID_DEPTH,"[(101063, 265)]"
2019-06-28 11:00:00,ASK_DEPTH,"[(101493, 251)]"
2019-06-28 11:00:00,IMBALANCE,"[265, 251]"
2019-06-28 11:00:00,HOLDINGS_UPDATED,"{'CASH': -11299226, 'JPM': 210}"
2019-06-28 11:01:00,BID_DEPTH,"[(100773, 197)]"
2019-06-28 11:01:00,ASK_DEPTH,"[(100998, 283)]"
2019-06-28 11:01:00,IMBALANCE,"[197, 283]"
2019-06-28 11:01:00,HOLDINGS_UPDATED,"{'CASH': -11905214, 'JPM': 216}"
2019-06-28 11:02:00,BID_DEPTH,"[(100773, 586)]"
2019-06-28 11:02:00,ASK_DEPTH,"[(100967, 572)]"
2019-06-28 11:02:00,IMBALANCE,"[586, 572]"
2019-06-28 11:02:00,HOLDINGS_UPDATED,"{'CASH': -12511016, 'JPM': 222}"
2019-06-28 11:03:00,BID_DEPTH,"[(100773, 343)]"
2019-06-28 11:03:00,ASK_DEPTH,"[(100788, 329)]"
2019-06-28 11:03:00,IMBALANCE,"[343, 329]"
2019-06-28 11:03:00,HOLDINGS_UPDATED,"{'CASH': -13115744, 'JPM': 228}"
2019-06-28 11:04:00,BID_DEPTH,"[(100605, 265)]"
2019-06-28 11:04:00,ASK_DEPTH,"[(100660, 251)]"
2019-06-28 11:04:00,IMBALANCE,"[265, 251]"
2019-06-28 11:04:00,HOLDINGS_UPDATED,"{'CASH': -13719704, 'JPM': 234}"
2019-06-28 11:05:00,BID_DEPTH,"[(100605, 586)]"
2019-06-28 11:05:00,ASK_DEPTH,"[(100660, 572)]"
2019-06-28 11:05:00,IMBALANCE,"[586, 572]"
2019-06-28 11:05:00,HOLDINGS_UPDATED,"{'CASH': -14323664, 'JPM': 240}"
2019-06-28 11:06:00,BID_DEPTH,"[(100531, 265)]"
2019-06-28 11:06:00,ASK_DEPTH,"[(100605, 251)]"
2019-06-28 11:06:00,IMBALANCE,"[265, 251]"
2019-06-28 11:06:00,HOLDINGS_UPDATED,"{'CASH': -14927294, 'JPM': 246}"
2019-06-28 11:07:00,BID_DEPTH,"[(100380, 265)]"
2019-06-28 11:07:00,ASK_DEPTH,"[(100803, 251)]"
2019-06-28 11:07:00,IMBALANCE,"[265, 251]"
2019-06-28 11:07:00,HOLDINGS_UPDATED,"{'CASH': -15532112, 'JPM': 252}"
2019-06-28 11:08:00,BID_DEPTH,"[(100178, 586)]"
2019-06-28 11:08:00,ASK_DEPTH,"[(100802, 572)]"
2019-06-28 11:08:00,IMBALANCE,"[586, 572]"
2019-06-28 11:08:00,HOLDINGS_UPDATED,"{'CASH': -16136924, 'JPM': 258}"
2019-06-28 11:09:00,BID_DEPTH,"[(100178, 586)]"
2019-06-28 11:09:00,ASK_DEPTH,"[(100802, 572)]"
2019-06-28 11:09:00,IMBALANCE,"[586, 572]"
2019-06-28 11:09:00,HOLDINGS_UPDATED,"{'CASH': -16741736, 'JPM': 264}"
2019-06-28 11:10:00,BID_DEPTH,"[(99946, 265)]"
2019-06-28 11:10:00,ASK_DEPTH,"[(100178, 251)]"
2019-06-28 11:10:00,IMBALANCE,"[265, 251]"
2019-06-28 11:10:00,HOLDINGS_UPDATED,"{'CASH': -17342804, 'JPM': 270}"
2019-06-28 11:11:00,BID_DEPTH,"[(99791, 586)]"
2019-06-28 11:11:00,ASK_DEPTH,"[(100803, 572)]"
2019-06-28 11:11:00,IMBALANCE,"[586, 572]"
2019-06-28 11:11:00,HOLDINGS_UPDATED,"{'CASH': -17947622, 'JPM': 276}"
2019-06-28 11:12:00,BID_DEPTH,"[(99600, 572)]"
2019-06-28 11:12:00,ASK_DEPTH,"[(100967, 686)]"
2019-06-28 11:12:00,IMBALANCE,"[572, 686]"
2019-06-28 11:12:00,HOLDINGS_UPDATED,"{'CASH': -17350022, 'JPM': 270}"
2019-06-28 11:13:00,BID_DEPTH,"[(99538, 572)]"
2019-06-28 11:13:00,ASK_DEPTH,"[(100967, 686)]"
2019-06-28 11:13:00,IMBALANCE,"[572, 686]"
2019-06-28 11:13:00,HOLDINGS_UPDATED,"{'CASH': -16752794, 'JPM': 264}"
2019-06-28 11:14:00,BID_DEPTH,"[(98923, 208)]"
2019-06-28 11:14:00,ASK_DEPTH,"[(99538, 222)]"
2019-06-28 11:14:00,IMBALANCE,"[208, 222]"
2019-06-28 11:14:00,HOLDINGS_UPDATED,"{'CASH': -16159256, 'JPM': 258}"
2019-06-28 11:15:00,BID_DEPTH,"[(98846, 572)]"
2019-06-28 11:15:00,ASK_DEPTH,"[(98923, 589)]"
2019-06-28 11:15:00,IMBALANCE,"[572, 589]"
2019-06-28 11:15:00,HOLDINGS_UPDATED,"{'CASH': -15566180, 'JPM': 252}"
2019-06-28 11:16:00,BID_DEPTH,"[(98786, 208)]"
2019-06-28 11:16:00,ASK_DEPTH,"[(98923, 224)]"
2019-06-28 11:16:00,IMBALANCE,"[208, 224]"
2019-06-28 11:16:00,HOLDINGS_UPDATED,"{'CASH': -14973464, 'JPM': 246}"
2019-06-28 11:17:00,BID_DEPTH,[]
2019-06-28 11:17:00,ASK_DEPTH,"[(98579, 100)]"
2019-06-28 11:17:00,IMBALANCE,"[0, 100]"
2019-06-28 11:18:00,BID_DEPTH,"[(98257, 183)]"
2019-06-28 11:18:00,ASK_DEPTH,"[(98415, 197)]"
2019-06-28 11:18:00,IMBALANCE,"[183, 197]"
2019-06-28 11:18:00,HOLDINGS_UPDATED,"{'CASH': -14383922, 'JPM': 240}"
2019-06-28 11:19:00,BID_DEPTH,[]
2019-06-28 11:19:00,ASK_DEPTH,"[(98414, 100)]"
2019-06-28 11:19:00,IMBALANCE,"[0, 100]"
2019-06-28 11:20:00,BID_DEPTH,"[(98183, 183)]"
2019-06-28 11:20:00,ASK_DEPTH,"[(98414, 197)]"
2019-06-28 11:20:00,IMBALANCE,"[183, 197]"
2019-06-28 11:20:00,HOLDINGS_UPDATED,"{'CASH': -13794824, 'JPM': 234}"
2019-06-28 11:21:00,BID_DEPTH,[]
2019-06-28 11:21:00,ASK_DEPTH,"[(98414, 199)]"
2019-06-28 11:21:00,IMBALANCE,"[0, 199]"
2019-06-28 11:22:00,BID_DEPTH,"[(97403, 183)]"
2019-06-28 11:22:00,ASK_DEPTH,"[(97592, 197)]"
2019-06-28 11:22:00,IMBALANCE,"[183, 197]"
2019-06-28 11:22:00,HOLDINGS_UPDATED,"{'CASH': -13210406, 'JPM': 228}"
2019-06-28 11:23:00,BID_DEPTH,[]
2019-06-28 11:23:00,ASK_DEPTH,"[(97544, 100)]"
2019-06-28 11:23:00,IMBALANCE,"[0, 100]"
2019-06-28 11:24:00,BID_DEPTH,"[(97186, 251)]"
2019-06-28 11:24:00,ASK_DEPTH,"[(97209, 265)]"
2019-06-28 11:24:00,IMBALANCE,"[251, 265]"
2019-06-28 11:24:00,HOLDINGS_UPDATED,"{'CASH': -12627290, 'JPM': 222}"
2019-06-28 11:25:00,BID_DEPTH,"[(97065, 208)]"
2019-06-28 11:25:00,ASK_DEPTH,"[(97078, 222)]"
2019-06-28 11:25:00,IMBALANCE,"[208, 222]"
2019-06-28 11:25:00,HOLDINGS_UPDATED,"{'CASH': -12044900, 'JPM': 216}"
2019-06-28 11:26:00,BID_DEPTH,"[(97065, 572)]"
2019-06-28 11:26:00,ASK_DEPTH,"[(97078, 585)]"
2019-06-28 11:26:00,IMBALANCE,"[572, 585]"
2019-06-28 11:26:00,HOLDINGS_UPDATED,"{'CASH': -11462510, 'JPM': 210}"
2019-06-28 11:27:00,BID_DEPTH,"[(97065, 329)]"
2019-06-28 11:27:00,ASK_DEPTH,"[(97235, 343)]"
2019-06-28 11:27:00,IMBALANCE,"[329, 343]"
2019-06-28 11:27:00,HOLDINGS_UPDATED,"{'CASH': -10880120, 'JPM': 204}"
2019-06-28 11:28:00,BID_DEPTH,"[(96952, 208)]"
2019-06-28 11:28:00,ASK_DEPTH,"[(97563, 222)]"
2019-06-28 11:28:00,IMBALANCE,"[208, 222]"
2019-06-28 11:28:00,HOLDINGS_UPDATED,"{'CASH': -10298408, 'JPM': 198}"
2019-06-28 11:29:00,BID_DEPTH,"[(97563, 473)]"
2019-06-28 11:29:00,ASK_DEPTH,"[(97592, 685)]"
2019-06-28 11:29:00,IMBALANCE,"[473, 685]"
2019-06-28 11:29:00,HOLDINGS_UPDATED,"{'CASH': -9713030, 'JPM': 192}"
2019-06-28 11:30:00,BID_DEPTH,"[(97563, 572)]"
2019-06-28 11:30:00,ASK_DEPTH,"[(97948, 586)]"
2019-06-28 11:30:00,IMBALANCE,"[572, 586]"
2019-06-28 11:30:00,HOLDINGS_UPDATED,"{'CASH': -9127652, 'JPM': 186}"
2019-06-28 11:31:00,BID_DEPTH,"[(96952, 183)]"
2019-06-28 11:31:00,ASK_DEPTH,"[(97947, 197)]"
2019-06-28 11:31:00,IMBALANCE,"[183, 197]"
2019-06-28 11:31:00,HOLDINGS_UPDATED,"{'CASH': -8545940, 'JPM': 180}"
2019-06-28 11:32:00,BID_DEPTH,"[(96952, 329)]"
2019-06-28 11:32:00,ASK_DEPTH,"[(97964, 343)]"
2019-06-28 11:32:00,IMBALANCE,"[329, 343]"
2019-06-28 11:32:00,HOLDINGS_UPDATED,"{'CASH': -7964228, 'JPM': 174}"
2019-06-28 11:33:00,BID_DEPTH,"[(97964, 184)]"
2019-06-28 11:33:00,ASK_DEPTH,"[(98004, 197)]"
2019-06-28 11:33:00,IMBALANCE,"[184, 197]"
2019-06-28 11:33:00,HOLDINGS_UPDATED,"{'CASH': -7376444, 'JPM': 168}"
2019-06-28 11:34:00,BID_DEPTH,"[(98004, 429)]"
2019-06-28 11:34:00,ASK_DEPTH,"[(98020, 343)]"
2019-06-28 11:34:00,IMBALANCE,"[429, 343]"
2019-06-28 11:34:00,HOLDINGS_UPDATED,"{'CASH': -6788420, 'JPM': 162}"
2019-06-28 11:35:00,BID_DEPTH,"[(98004, 547)]"
2019-06-28 11:35:00,ASK_DEPTH,"[(98227, 586)]"
2019-06-28 11:35:00,IMBALANCE,"[547, 586]"
2019-06-28 11:35:00,HOLDINGS_UPDATED,"{'CASH': -6200396, 'JPM': 156}"
2019-06-28 11:36:00,BID_DEPTH,"[(98227, 183)]"
2019-06-28 11:36:00,ASK_DEPTH,"[(98363, 197)]"
2019-06-28 11:36:00,IMBALANCE,"[183, 197]"
2019-06-28 11:36:00,HOLDINGS_UPDATED,"{'CASH': -5611034, 'JPM': 150}"
2019-06-28 11:37:00,BID_DEPTH,"[(98363, 152)]"
2019-06-28 11:37:00,ASK_DEPTH,"[(98414, 264)]"
2019-06-28 11:37:00,IMBALANCE,"[152, 264]"
2019-06-28 11:37:00,HOLDINGS_UPDATED,"{'CASH': -5020856, 'JPM': 144}"
2019-06-28 11:38:00,BID_DEPTH,"[(98306, 251)]"
2019-06-28 11:38:00,ASK_DEPTH,"[(98414, 263)]"
2019-06-28 11:38:00,IMBALANCE,"[251, 263]"
2019-06-28 11:38:00,HOLDINGS_UPDATED,"{'CASH': -4431020, 'JPM': 138}"
2019-06-28 11:39:00,BID_DEPTH,"[(98376, 183)]"
2019-06-28 11:39:00,ASK_DEPTH,"[(98414, 194)]"
2019-06-28 11:39:00,IMBALANCE,"[183, 194]"
2019-06-28 11:39:00,HOLDINGS_UPDATED,"{'CASH': -3840764, 'JPM': 132}"
2019-06-28 11:40:00,BID_DEPTH,"[(98012, 208)]"
2019-06-28 11:40:00,ASK_DEPTH,"[(98414, 218)]"
2019-06-28 11:40:00,IMBALANCE,"[208, 218]"
2019-06-28 11:40:00,HOLDINGS_UPDATED,"{'CASH': -3252692, 'JPM': 126}"
2019-06-28 11:41:00,BID_DEPTH,"[(98128, 208)]"
2019-06-28 11:41:00,ASK_DEPTH,"[(98302, 222)]"
2019-06-28 11:41:00,IMBALANCE,"[208, 222]"
2019-06-28 11:41:00,HOLDINGS_UPDATED,"{'CASH': -2663924, 'JPM': 120}"
2019-06-28 11:42:00,BID_DEPTH,"[(98128, 251)]"
2019-06-28 11:42:00,ASK_DEPTH,"[(98302, 264)]"
2019-06-28 11:42:00,IMBALANCE,"[251, 264]"
2019-06-28 11:42:00,HOLDINGS_UPDATED,"{'CASH': -2075156, 'JPM': 114}"
2019-06-28 11:43:00,BID_DEPTH,"[(98128, 183)]"
2019-06-28 11:43:00,ASK_DEPTH,"[(98303, 197)]"
2019-06-28 11:43:00,IMBALANCE,"[183, 197]"
2019-06-28 11:43:00,HOLDINGS_UPDATED,"{'CASH': -1486388, 'JPM': 108}"
2019-06-28 11:44:00,BID_DEPTH,"[(98397, 208)]"
2019-06-28 11:44:00,ASK_DEPTH,"[(98414, 217)]"
2019-06-28 11:44:00,IMBALANCE,"[208, 217]"
2019-06-28 11:44:00,HOLDINGS_UPDATED,"{'CASH': -896006, 'JPM': 102}"
2019-06-28 11:45:00,BID_DEPTH,"[(98376, 251)]"
2019-06-28 11:45:00,ASK_DEPTH,"[(98414, 259)]"
2019-06-28 11:45:00,IMBALANCE,"[251, 259]"
2019-06-28 11:45:00,HOLDINGS_UPDATED,"{'CASH': -305750, 'JPM': 96}"
2019-06-28 11:46:00,BID_DEPTH,"[(98376, 329)]"
2019-06-28 11:46:00,ASK_DEPTH,"[(98439, 343)]"
2019-06-28 11:46:00,IMBALANCE,"[329, 343]"
2019-06-28 11:46:00,HOLDINGS_UPDATED,"{'CASH': 284506, 'JPM': 90}"
2019-06-28 11:47:00,BID_DEPTH,"[(98303, 87)]"
2019-06-28 11:47:00,ASK_DEPTH,"[(98685, 197)]"
2019-06-28 11:47:00,IMBALANCE,"[87, 197]"
2019-06-28 11:47:00,HOLDINGS_UPDATED,"{'CASH': 874324, 'JPM': 84}"
2019-06-28 11:48:00,BID_DEPTH,"[(98302, 572)]"
2019-06-28 11:48:00,ASK_DEPTH,"[(98685, 585)]"
2019-06-28 11:48:00,IMBALANCE,"[572, 585]"
2019-06-28 11:48:00,HOLDINGS_UPDATED,"{'CASH': 1464136, 'JPM': 78}"
2019-06-28 11:49:00,BID_DEPTH,"[(98302, 351)]"
2019-06-28 11:49:00,ASK_DEPTH,"[(98728, 265)]"
2019-06-28 11:49:00,IMBALANCE,"[351, 265]"
2019-06-28 11:49:00,HOLDINGS_UPDATED,"{'CASH': 2053948, 'JPM': 72}"
2019-06-28 11:50:00,BID_DEPTH,"[(98302, 647)]"
2019-06-28 11:50:00,ASK_DEPTH,"[(98865, 586)]"
2019-06-28 11:50:00,IMBALANCE,"[647, 586]"
2019-06-28 11:50:00,HOLDINGS_UPDATED,"{'CASH': 2643760, 'JPM': 66}"
2019-06-28 11:51:00,BID_DEPTH,"[(98302, 622)]"
2019-06-28 11:51:00,ASK_DEPTH,"[(98887, 586)]"
2019-06-28 11:51:00,IMBALANCE,"[622, 586]"
2019-06-28 11:51:00,HOLDINGS_UPDATED,"{'CASH': 3233572, 'JPM': 60}"
2019-06-28 11:52:00,BID_DEPTH,"[(98302, 133)]"
2019-06-28 11:52:00,ASK_DEPTH,"[(98981, 222)]"
2019-06-28 11:52:00,IMBALANCE,"[133, 222]"
2019-06-28 11:52:00,HOLDINGS_UPDATED,"{'CASH': 3823384, 'JPM': 54}"
2019-06-28 11:53:00,BID_DEPTH,"[(98913, 572)]"
2019-06-28 11:53:00,ASK_DEPTH,"[(99003, 586)]"
2019-06-28 11:53:00,IMBALANCE,"[572, 586]"
2019-06-28 11:53:00,HOLDINGS_UPDATED,"{'CASH': 4416862, 'JPM': 48}"
2019-06-28 11:54:00,BID_DEPTH,"[(98940, 251)]"
2019-06-28 11:54:00,ASK_DEPTH,"[(99003, 264)]"
2019-06-28 11:54:00,IMBALANCE,"[251, 264]"
2019-06-28 11:54:00,HOLDINGS_UPDATED,"{'CASH': 5010502, 'JPM': 42}"
2019-06-28 11:55:00,BID_DEPTH,"[(98940, 329)]"
2019-06-28 11:55:00,ASK_DEPTH,"[(99003, 341)]"
2019-06-28 11:55:00,IMBALANCE,"[329, 341]"
2019-06-28 11:55:00,HOLDINGS_UPDATED,"{'CASH': 5604142, 'JPM': 36}"
2019-06-28 11:56:00,BID_DEPTH,"[(98913, 208)]"
2019-06-28 11:56:00,ASK_DEPTH,"[(99018, 222)]"
2019-06-28 11:56:00,IMBALANCE,"[208, 222]"
2019-06-28 11:56:00,HOLDINGS_UPDATED,"{'CASH': 6197620, 'JPM': 30}"
2019-06-28 11:57:00,BID_DEPTH,"[(98762, 572)]"
2019-06-28 11:57:00,ASK_DEPTH,"[(99018, 685)]"
2019-06-28 11:57:00,IMBALANCE,"[572, 685]"
2019-06-28 11:57:00,HOLDINGS_UPDATED,"{'CASH': 6790192, 'JPM': 24}"
2019-06-28 11:58:00,BID_DEPTH,"[(98729, 208)]"
2019-06-28 11:58:00,ASK_DEPTH,"[(98769, 222)]"
2019-06-28 11:58:00,IMBALANCE,"[208, 222]"
2019-06-28 11:58:00,HOLDINGS_UPDATED,"{'CASH': 7382566, 'JPM': 18}"
2019-06-28 11:59:00,BID_DEPTH,"[(98769, 183)]"
2019-06-28 11:59:00,ASK_DEPTH,"[(98999, 197)]"
2019-06-28 11:59:00,IMBALANCE,"[183, 197]"
2019-06-28 11:59:00,HOLDINGS_UPDATED,"{'CASH': 7975180, 'JPM': 12}"
2019-06-28 12:00:00,BID_DEPTH,"[(98673, 222)]"
2019-06-28 12:00:00,ASK_DEPTH,"[(99018, 406)]"
2019-06-28 12:00:00,IMBALANCE,"[222, 406]"
2019-06-28 12:00:00,HOLDINGS_UPDATED,"{'CASH': 7381072, 'JPM': 18}"
2019-06-28 12:01:00,BID_DEPTH,"[(99018, 586)]"
2019-06-28 12:01:00,ASK_DEPTH,"[(99345, 572)]"
2019-06-28 12:01:00,IMBALANCE,"[586, 572]"
2019-06-28 12:01:00,HOLDINGS_UPDATED,"{'CASH': 6785002, 'JPM': 24}"
2019-06-28 12:02:00,BID_DEPTH,"[(99406, 489)]"
2019-06-28 12:02:00,ASK_DEPTH,"[(99480, 572)]"
2019-06-28 12:02:00,IMBALANCE,"[489, 572]"
2019-06-28 12:02:00,HOLDINGS_UPDATED,"{'CASH': 6188122, 'JPM': 30}"
2019-06-28 12:03:00,BID_DEPTH,"[(99406, 125)]"
2019-06-28 12:03:00,ASK_DEPTH,"[(99541, 208)]"
2019-06-28 12:03:00,IMBALANCE,"[125, 208]"
2019-06-28 12:03:00,HOLDINGS_UPDATED,"{'CASH': 5590876, 'JPM': 36}"
2019-06-28 12:04:00,BID_DEPTH,"[(99611, 443)]"
2019-06-28 12:04:00,ASK_DEPTH,"[(99886, 329)]"
2019-06-28 12:04:00,IMBALANCE,"[443, 329]"
2019-06-28 12:04:00,HOLDINGS_UPDATED,"{'CASH': 4991560, 'JPM': 42}"
2019-06-28 12:05:00,BID_DEPTH,"[(99611, 321)]"
2019-06-28 12:05:00,ASK_DEPTH,"[(100029, 208)]"
2019-06-28 12:05:00,IMBALANCE,"[321, 208]"
2019-06-28 12:05:00,HOLDINGS_UPDATED,"{'CASH': 4391386, 'JPM': 48}"
2019-06-28 12:06:00,BID_DEPTH,"[(99611, 398)]"
2019-06-28 12:06:00,ASK_DEPTH,[]
2019-06-28 12:06:00,IMBALANCE,"[398, 0]"
2019-06-28 12:07:00,BID_DEPTH,"[(99611, 886)]"
2019-06-28 12:07:00,ASK_DEPTH,"[(100080, 572)]"
2019-06-28 12:07:00,IMBALANCE,"[886, 572]"
2019-06-28 12:07:00,HOLDINGS_UPDATED,"{'CASH': 3790906, 'JPM': 54}"
2019-06-28 12:08:00,BID_DEPTH,"[(99611, 564)]"
2019-06-28 12:08:00,ASK_DEPTH,"[(100166, 251)]"
2019-06-28 12:08:00,IMBALANCE,"[564, 251]"
2019-06-28 12:08:00,HOLDINGS_UPDATED,"{'CASH': 3189910, 'JPM': 60}"
2019-06-28 12:09:00,BID_DEPTH,"[(100771, 197)]"
2019-06-28 12:09:00,ASK_DEPTH,"[(100861, 183)]"
2019-06-28 12:09:00,IMBALANCE,"[197, 183]"
2019-06-28 12:09:00,HOLDINGS_UPDATED,"{'CASH': 2584744, 'JPM': 66}"
2019-06-28 12:10:00,BID_DEPTH,"[(100771, 342)]"
2019-06-28 12:10:00,ASK_DEPTH,"[(100849, 329)]"
2019-06-28 12:10:00,IMBALANCE,"[342, 329]"
2019-06-28 12:10:00,HOLDINGS_UPDATED,"{'CASH': 1979650, 'JPM': 72}"
2019-06-28 12:11:00,BID_DEPTH,"[(100649, 197)]"
2019-06-28 12:11:00,ASK_DEPTH,"[(100849, 183)]"
2019-06-28 12:11:00,IMBALANCE,"[197, 183]"
2019-06-28 12:11:00,HOLDINGS_UPDATED,"{'CASH': 1374556, 'JPM': 78}"
2019-06-28 12:12:00,BID_DEPTH,"[(100465, 222)]"
2019-06-28 12:12:00,ASK_DEPTH,"[(100649, 109)]"
2019-06-28 12:12:00,IMBALANCE,"[222, 109]"
2019-06-28 12:12:00,HOLDINGS_UPDATED,"{'CASH': 770662, 'JPM': 84}"
2019-06-28 12:13:00,BID_DEPTH,"[(99611, 541)]"
2019-06-28 12:13:00,ASK_DEPTH,"[(99941, 329)]"
2019-06-28 12:13:00,IMBALANCE,"[541, 329]"
2019-06-28 12:13:00,HOLDINGS_UPDATED,"{'CASH': 171016, 'JPM': 90}"
2019-06-28 12:14:00,BID_DEPTH,"[(99611, 462)]"
2019-06-28 12:14:00,ASK_DEPTH,"[(100465, 251)]"
2019-06-28 12:14:00,IMBALANCE,"[462, 251]"
2019-06-28 12:14:00,HOLDINGS_UPDATED,"{'CASH': -431774, 'JPM': 96}"
2019-06-28 12:15:00,BID_DEPTH,"[(100999, 222)]"
2019-06-28 12:15:00,ASK_DEPTH,"[(101126, 208)]"
2019-06-28 12:15:00,IMBALANCE,"[222, 208]"
2019-06-28 12:15:00,HOLDINGS_UPDATED,"{'CASH': -1038530, 'JPM': 102}"
2019-06-28 12:16:00,BID_DEPTH,"[(100999, 296)]"
2019-06-28 12:16:00,ASK_DEPTH,"[(101376, 183)]"
2019-06-28 12:16:00,IMBALANCE,"[296, 183]"
2019-06-28 12:16:00,HOLDINGS_UPDATED,"{'CASH': -1646786, 'JPM': 108}"
2019-06-28 12:17:00,BID_DEPTH,"[(100999, 463)]"
2019-06-28 12:17:00,ASK_DEPTH,"[(101387, 251)]"
2019-06-28 12:17:00,IMBALANCE,"[463, 251]"
2019-06-28 12:17:00,HOLDINGS_UPDATED,"{'CASH': -2255108, 'JPM': 114}"
2019-06-28 12:18:00,BID_DEPTH,"[(100999, 462)]"
2019-06-28 12:18:00,ASK_DEPTH,"[(101547, 251)]"
2019-06-28 12:18:00,IMBALANCE,"[462, 251]"
2019-06-28 12:18:00,HOLDINGS_UPDATED,"{'CASH': -2864390, 'JPM': 120}"
2019-06-28 12:19:00,BID_DEPTH,"[(101154, 586)]"
2019-06-28 12:19:00,ASK_DEPTH,"[(101428, 572)]"
2019-06-28 12:19:00,IMBALANCE,"[586, 572]"
2019-06-28 12:19:00,HOLDINGS_UPDATED,"{'CASH': -3472958, 'JPM': 126}"
2019-06-28 12:20:00,BID_DEPTH,"[(101154, 442)]"
2019-06-28 12:20:00,ASK_DEPTH,"[(101428, 329)]"
2019-06-28 12:20:00,IMBALANCE,"[442, 329]"
2019-06-28 12:20:00,HOLDINGS_UPDATED,"{'CASH': -4081526, 'JPM': 132}"
2019-06-28 12:21:00,BID_DEPTH,"[(101154, 263)]"
2019-06-28 12:21:00,ASK_DEPTH,"[(101504, 251)]"
2019-06-28 12:21:00,IMBALANCE,"[263, 251]"
2019-06-28 12:21:00,HOLDINGS_UPDATED,"{'CASH': -4690550, 'JPM': 138}"
2019-06-28 12:22:00,BID_DEPTH,"[(101154, 194)]"
2019-06-28 12:22:00,ASK_DEPTH,"[(101547, 183)]"
2019-06-28 12:22:00,IMBALANCE,"[194, 183]"
2019-06-28 12:22:00,HOLDINGS_UPDATED,"{'CASH': -5299832, 'JPM': 144}"
2019-06-28 12:23:00,BID_DEPTH,"[(101154, 218)]"
2019-06-28 12:23:00,ASK_DEPTH,"[(101547, 208)]"
2019-06-28 12:23:00,IMBALANCE,"[218, 208]"
2019-06-28 12:23:00,HOLDINGS_UPDATED,"{'CASH': -5909114, 'JPM': 150}"
2019-06-28 12:24:00,BID_DEPTH,"[(101257, 197)]"
2019-06-28 12:24:00,ASK_DEPTH,"[(101547, 283)]"
2019-06-28 12:24:00,IMBALANCE,"[197, 283]"
2019-06-28 12:24:00,HOLDINGS_UPDATED,"{'CASH': -6518396, 'JPM': 156}"
2019-06-28 12:25:00,BID_DEPTH,"[(101001, 586)]"
2019-06-28 12:25:00,ASK_DEPTH,"[(101257, 572)]"
2019-06-28 12:25:00,IMBALANCE,"[586, 572]"
2019-06-28 12:25:00,HOLDINGS_UPDATED,"{'CASH': -7125938, 'JPM': 162}"
2019-06-28 12:26:00,BID_DEPTH,"[(101001, 196)]"
2019-06-28 12:26:00,ASK_DEPTH,"[(101547, 158)]"
2019-06-28 12:26:00,IMBALANCE,"[196, 158]"
2019-06-28 12:26:00,HOLDINGS_UPDATED,"{'CASH': -7735220, 'JPM': 168}"
2019-06-28 12:27:00,BID_DEPTH,"[(100999, 882)]"
2019-06-28 12:27:00,ASK_DEPTH,"[(101698, 572)]"
2019-06-28 12:27:00,IMBALANCE,"[882, 572]"
2019-06-28 12:27:00,HOLDINGS_UPDATED,"{'CASH': -8345408, 'JPM': 174}"
2019-06-28 12:28:00,BID_DEPTH,"[(100999, 360)]"
2019-06-28 12:28:00,ASK_DEPTH,"[(101793, 251)]"
2019-06-28 12:28:00,IMBALANCE,"[360, 251]"
2019-06-28 12:28:00,HOLDINGS_UPDATED,"{'CASH': -8956166, 'JPM': 180}"
2019-06-28 12:29:00,BID_DEPTH,"[(100999, 680)]"
2019-06-28 12:29:00,ASK_DEPTH,"[(101793, 572)]"
2019-06-28 12:29:00,IMBALANCE,"[680, 572]"
2019-06-28 12:29:00,HOLDINGS_UPDATED,"{'CASH': -9566924, 'JPM': 186}"
2019-06-28 12:30:00,BID_DEPTH,"[(100999, 258)]"
2019-06-28 12:30:00,ASK_DEPTH,"[(101793, 251)]"
2019-06-28 12:30:00,IMBALANCE,"[258, 251]"
2019-06-28 12:30:00,HOLDINGS_UPDATED,"{'CASH': -10177682, 'JPM': 192}"
2019-06-28 12:31:00,BID_DEPTH,"[(100971, 586)]"
2019-06-28 12:31:00,ASK_DEPTH,"[(100999, 480)]"
2019-06-28 12:31:00,IMBALANCE,"[586, 480]"
2019-06-28 12:31:00,HOLDINGS_UPDATED,"{'CASH': -10783676, 'JPM': 198}"
2019-06-28 12:32:00,BID_DEPTH,"[(100971, 99)]"
2019-06-28 12:32:00,ASK_DEPTH,[]
2019-06-28 12:32:00,IMBALANCE,"[99, 0]"
2019-06-28 12:33:00,BID_DEPTH,"[(100924, 197)]"
2019-06-28 12:33:00,ASK_DEPTH,"[(100971, 84)]"
2019-06-28 12:33:00,IMBALANCE,"[197, 84]"
2019-06-28 12:33:00,HOLDINGS_UPDATED,"{'CASH': -11389502, 'JPM': 204}"
2019-06-28 12:34:00,BID_DEPTH,"[(99216, 265)]"
2019-06-28 12:34:00,ASK_DEPTH,"[(100924, 251)]"
2019-06-28 12:34:00,IMBALANCE,"[265, 251]"
2019-06-28 12:34:00,HOLDINGS_UPDATED,"{'CASH': -11995046, 'JPM': 210}"
2019-06-28 12:35:00,BID_DEPTH,"[(99216, 685)]"
2019-06-28 12:35:00,ASK_DEPTH,"[(99306, 572)]"
2019-06-28 12:35:00,IMBALANCE,"[685, 572]"
2019-06-28 12:35:00,HOLDINGS_UPDATED,"{'CASH': -12590882, 'JPM': 216}"
2019-06-28 12:36:00,BID_DEPTH,"[(99216, 341)]"
2019-06-28 12:36:00,ASK_DEPTH,"[(99239, 329)]"
2019-06-28 12:36:00,IMBALANCE,"[341, 329]"
2019-06-28 12:36:00,HOLDINGS_UPDATED,"{'CASH': -13186316, 'JPM': 222}"
2019-06-28 12:37:00,BID_DEPTH,"[(99195, 265)]"
2019-06-28 12:37:00,ASK_DEPTH,"[(99507, 251)]"
2019-06-28 12:37:00,IMBALANCE,"[265, 251]"
2019-06-28 12:37:00,HOLDINGS_UPDATED,"{'CASH': -13783358, 'JPM': 228}"
2019-06-28 12:38:00,BID_DEPTH,"[(99553, 586)]"
2019-06-28 12:38:00,ASK_DEPTH,"[(99655, 572)]"
2019-06-28 12:38:00,IMBALANCE,"[586, 572]"
2019-06-28 12:38:00,HOLDINGS_UPDATED,"{'CASH': -14381288, 'JPM': 234}"
2019-06-28 12:39:00,BID_DEPTH,"[(99553, 197)]"
2019-06-28 12:39:00,ASK_DEPTH,"[(99558, 183)]"
2019-06-28 12:39:00,IMBALANCE,"[197, 183]"
2019-06-28 12:39:00,HOLDINGS_UPDATED,"{'CASH': -14978636, 'JPM': 240}"
2019-06-28 12:40:00,BID_DEPTH,"[(99558, 197)]"
2019-06-28 12:40:00,ASK_DEPTH,"[(99595, 183)]"
2019-06-28 12:40:00,IMBALANCE,"[197, 183]"
2019-06-28 12:40:00,HOLDINGS_UPDATED,"{'CASH': -15576206, 'JPM': 246}"
2019-06-28 12:41:00,BID_DEPTH,"[(99543, 265)]"
2019-06-28 12:41:00,ASK_DEPTH,"[(99595, 451)]"
2019-06-28 12:41:00,IMBALANCE,"[265, 451]"
2019-06-28 12:41:00,HOLDINGS_UPDATED,"{'CASH': -16173776, 'JPM': 252}"
2019-06-28 12:42:00,BID_DEPTH,"[(99531, 197)]"
2019-06-28 12:42:00,ASK_DEPTH,"[(99595, 257)]"
2019-06-28 12:42:00,IMBALANCE,"[197, 257]"
2019-06-28 12:42:00,HOLDINGS_UPDATED,"{'CASH': -16771346, 'JPM': 258}"
2019-06-28 12:43:00,BID_DEPTH,"[(99436, 586)]"
2019-06-28 12:43:00,ASK_DEPTH,"[(99531, 572)]"
2019-06-28 12:43:00,IMBALANCE,"[586, 572]"
2019-06-28 12:43:00,HOLDINGS_UPDATED,"{'CASH': -17368532, 'JPM': 264}"
2019-06-28 12:44:00,BID_DEPTH,"[(99210, 265)]"
2019-06-28 12:44:00,ASK_DEPTH,"[(99531, 251)]"
2019-06-28 12:44:00,IMBALANCE,"[265, 251]"
2019-06-28 12:44:00,HOLDINGS_UPDATED,"{'CASH': -17965718, 'JPM': 270}"
2019-06-28 12:45:00,BID_DEPTH,"[(99276, 586)]"
2019-06-28 12:45:00,ASK_DEPTH,"[(99294, 572)]"
2019-06-28 12:45:00,IMBALANCE,"[586, 572]"
2019-06-28 12:45:00,HOLDINGS_UPDATED,"{'CASH': -18561482, 'JPM': 276}"
2019-06-28 12:46:00,BID_DEPTH,"[(99294, 183)]"
2019-06-28 12:46:00,ASK_DEPTH,"[(99531, 397)]"
2019-06-28 12:46:00,IMBALANCE,"[183, 397]"
2019-06-28 12:46:00,HOLDINGS_UPDATED,"{'CASH': -17965718, 'JPM': 270}"
2019-06-28 12:47:00,BID_DEPTH,"[(99276, 572)]"
2019-06-28 12:47:00,ASK_DEPTH,"[(99531, 585)]"
2019-06-28 12:47:00,IMBALANCE,"[572, 585]"
2019-06-28 12:47:00,HOLDINGS_UPDATED,"{'CASH': -17370062, 'JPM': 264}"
2019-06-28 12:48:00,BID_DEPTH,"[(99210, 572)]"
2019-06-28 12:48:00,ASK_DEPTH,"[(99912, 586)]"
2019-06-28 12:48:00,IMBALANCE,"[572, 586]"
2019-06-28 12:48:00,HOLDINGS_UPDATED,"{'CASH': -16774802, 'JPM': 258}"
2019-06-28 12:49:00,BID_DEPTH,"[(99912, 329)]"
2019-06-28 12:49:00,ASK_DEPTH,"[(100068, 343)]"
2019-06-28 12:49:00,IMBALANCE,"[329, 343]"
2019-06-28 12:49:00,HOLDINGS_UPDATED,"{'CASH': -16175330, 'JPM': 252}"
2019-06-28 12:50:00,BID_DEPTH,"[(100129, 329)]"
2019-06-28 12:50:00,ASK_DEPTH,"[(100309, 343)]"
2019-06-28 12:50:00,IMBALANCE,"[329, 343]"
2019-06-28 12:50:00,HOLDINGS_UPDATED,"{'CASH': -15574556, 'JPM': 246}"
2019-06-28 12:51:00,BID_DEPTH,"[(100087, 183)]"
2019-06-28 12:51:00,ASK_DEPTH,"[(100309, 197)]"
2019-06-28 12:51:00,IMBALANCE,"[183, 197]"
2019-06-28 12:51:00,HOLDINGS_UPDATED,"{'CASH': -14974034, 'JPM': 240}"
2019-06-28 12:52:00,BID_DEPTH,"[(99892, 208)]"
2019-06-28 12:52:00,ASK_DEPTH,"[(100050, 222)]"
2019-06-28 12:52:00,IMBALANCE,"[208, 222]"
2019-06-28 12:52:00,HOLDINGS_UPDATED,"{'CASH': -14374682, 'JPM': 234}"
2019-06-28 12:53:00,BID_DEPTH,"[(99534, 183)]"
2019-06-28 12:53:00,ASK_DEPTH,"[(100050, 197)]"
2019-06-28 12:53:00,IMBALANCE,"[183, 197]"
2019-06-28 12:53:00,HOLDINGS_UPDATED,"{'CASH': -13777478, 'JPM': 228}"
2019-06-28 12:54:00,BID_DEPTH,"[(99210, 251)]"
2019-06-28 12:54:00,ASK_DEPTH,"[(100050, 265)]"
2019-06-28 12:54:00,IMBALANCE,"[251, 265]"
2019-06-28 12:54:00,HOLDINGS_UPDATED,"{'CASH': -13182218, 'JPM': 222}"
2019-06-28 12:55:00,BID_DEPTH,"[(99118, 183)]"
2019-06-28 12:55:00,ASK_DEPTH,"[(100050, 196)]"
2019-06-28 12:55:00,IMBALANCE,"[183, 196]"
2019-06-28 12:55:00,HOLDINGS_UPDATED,"{'CASH': -12587510, 'JPM': 216}"
2019-06-28 12:56:00,BID_DEPTH,"[(99333, 251)]"
2019-06-28 12:56:00,ASK_DEPTH,"[(99531, 265)]"
2019-06-28 12:56:00,IMBALANCE,"[251, 265]"
2019-06-28 12:56:00,HOLDINGS_UPDATED,"{'CASH': -11991512, 'JPM': 210}"
2019-06-28 12:57:00,BID_DEPTH,"[(99290, 572)]"
2019-06-28 12:57:00,ASK_DEPTH,"[(99375, 586)]"
2019-06-28 12:57:00,IMBALANCE,"[572, 586]"
2019-06-28 12:57:00,HOLDINGS_UPDATED,"{'CASH': -11395772, 'JPM': 204}"
2019-06-28 12:58:00,BID_DEPTH,"[(99118, 251)]"
2019-06-28 12:58:00,ASK_DEPTH,"[(99375, 264)]"
2019-06-28 12:58:00,IMBALANCE,"[251, 264]"
2019-06-28 12:58:00,HOLDINGS_UPDATED,"{'CASH': -10801064, 'JPM': 198}"
2019-06-28 12:59:00,BID_DEPTH,"[(99060, 208)]"
2019-06-28 12:59:00,ASK_DEPTH,"[(99508, 222)]"
2019-06-28 12:59:00,IMBALANCE,"[208, 222]"
2019-06-28 12:59:00,HOLDINGS_UPDATED,"{'CASH': -10206704, 'JPM': 192}"
2019-06-28 13:00:00,BID_DEPTH,"[(99060, 251)]"
2019-06-28 13:00:00,ASK_DEPTH,"[(99531, 264)]"
2019-06-28 13:00:00,IMBALANCE,"[251, 264]"
2019-06-28 13:00:00,HOLDINGS_UPDATED,"{'CASH': -9612344, 'JPM': 186}"
2019-06-28 13:01:00,BID_DEPTH,"[(99583, 208)]"
2019-06-28 13:01:00,ASK_DEPTH,"[(100050, 320)]"
2019-06-28 13:01:00,IMBALANCE,"[208, 320]"
2019-06-28 13:01:00,HOLDINGS_UPDATED,"{'CASH': -9014846, 'JPM': 180}"
2019-06-28 13:02:00,BID_DEPTH,"[(99531, 329)]"
2019-06-28 13:02:00,ASK_DEPTH,"[(100050, 543)]"
2019-06-28 13:02:00,IMBALANCE,"[329, 543]"
2019-06-28 13:02:00,HOLDINGS_UPDATED,"{'CASH': -8417660, 'JPM': 174}"
2019-06-28 13:03:00,BID_DEPTH,"[(99532, 208)]"
2019-06-28 13:03:00,ASK_DEPTH,"[(100050, 421)]"
2019-06-28 13:03:00,IMBALANCE,"[208, 421]"
2019-06-28 13:03:00,HOLDINGS_UPDATED,"{'CASH': -7820468, 'JPM': 168}"
2019-06-28 13:04:00,BID_DEPTH,"[(99676, 572)]"
2019-06-28 13:04:00,ASK_DEPTH,"[(99956, 586)]"
2019-06-28 13:04:00,IMBALANCE,"[572, 586]"
2019-06-28 13:04:00,HOLDINGS_UPDATED,"{'CASH': -7222412, 'JPM': 162}"
2019-06-28 13:05:00,BID_DEPTH,"[(99598, 183)]"
2019-06-28 13:05:00,ASK_DEPTH,"[(99956, 197)]"
2019-06-28 13:05:00,IMBALANCE,"[183, 197]"
2019-06-28 13:05:00,HOLDINGS_UPDATED,"{'CASH': -6624824, 'JPM': 156}"
2019-06-28 13:06:00,BID_DEPTH,"[(99598, 208)]"
2019-06-28 13:06:00,ASK_DEPTH,"[(99956, 221)]"
2019-06-28 13:06:00,IMBALANCE,"[208, 221]"
2019-06-28 13:06:00,HOLDINGS_UPDATED,"{'CASH': -6027236, 'JPM': 150}"
2019-06-28 13:07:00,BID_DEPTH,"[(99598, 572)]"
2019-06-28 13:07:00,ASK_DEPTH,"[(100050, 684)]"
2019-06-28 13:07:00,IMBALANCE,"[572, 684]"
2019-06-28 13:07:00,HOLDINGS_UPDATED,"{'CASH': -5429648, 'JPM': 144}"
2019-06-28 13:08:00,BID_DEPTH,"[(99861, 208)]"
2019-06-28 13:08:00,ASK_DEPTH,"[(99870, 222)]"
2019-06-28 13:08:00,IMBALANCE,"[208, 222]"
2019-06-28 13:08:00,HOLDINGS_UPDATED,"{'CASH': -4830482, 'JPM': 138}"
2019-06-28 13:09:00,BID_DEPTH,"[(99861, 183)]"
2019-06-28 13:09:00,ASK_DEPTH,"[(100011, 197)]"
2019-06-28 13:09:00,IMBALANCE,"[183, 197]"
2019-06-28 13:09:00,HOLDINGS_UPDATED,"{'CASH': -4231316, 'JPM': 132}"
2019-06-28 13:10:00,BID_DEPTH,"[(99822, 183)]"
2019-06-28 13:10:00,ASK_DEPTH,"[(99861, 197)]"
2019-06-28 13:10:00,IMBALANCE,"[183, 197]"
2019-06-28 13:10:00,HOLDINGS_UPDATED,"{'CASH': -3632384, 'JPM': 126}"
2019-06-28 13:11:00,BID_DEPTH,"[(99598, 572)]"
2019-06-28 13:11:00,ASK_DEPTH,"[(99861, 586)]"
2019-06-28 13:11:00,IMBALANCE,"[572, 586]"
2019-06-28 13:11:00,HOLDINGS_UPDATED,"{'CASH': -3034796, 'JPM': 120}"
2019-06-28 13:12:00,BID_DEPTH,"[(99549, 183)]"
2019-06-28 13:12:00,ASK_DEPTH,"[(99860, 297)]"
2019-06-28 13:12:00,IMBALANCE,"[183, 297]"
2019-06-28 13:12:00,HOLDINGS_UPDATED,"{'CASH': -2437502, 'JPM': 114}"
2019-06-28 13:13:00,BID_DEPTH,"[(99546, 329)]"
2019-06-28 13:13:00,ASK_DEPTH,"[(99549, 271)]"
2019-06-28 13:13:00,IMBALANCE,"[329, 271]"
2019-06-28 13:13:00,HOLDINGS_UPDATED,"{'CASH': -1840226, 'JPM': 108}"
2019-06-28 13:14:00,BID_DEPTH,"[(99546, 329)]"
2019-06-28 13:14:00,ASK_DEPTH,"[(99549, 270)]"
2019-06-28 13:14:00,IMBALANCE,"[329, 270]"
2019-06-28 13:14:00,HOLDINGS_UPDATED,"{'CASH': -1242950, 'JPM': 102}"
2019-06-28 13:15:00,BID_DEPTH,"[(99500, 208)]"
2019-06-28 13:15:00,ASK_DEPTH,"[(99549, 148)]"
2019-06-28 13:15:00,IMBALANCE,"[208, 148]"
2019-06-28 13:15:00,HOLDINGS_UPDATED,"{'CASH': -645950, 'JPM': 96}"
2019-06-28 13:16:00,BID_DEPTH,"[(99623, 329)]"
2019-06-28 13:16:00,ASK_DEPTH,"[(99860, 542)]"
2019-06-28 13:16:00,IMBALANCE,"[329, 542]"
2019-06-28 13:16:00,HOLDINGS_UPDATED,"{'CASH': -48212, 'JPM': 90}"
2019-06-28 13:17:00,BID_DEPTH,"[(99549, 572)]"
2019-06-28 13:17:00,ASK_DEPTH,"[(99860, 784)]"
2019-06-28 13:17:00,IMBALANCE,"[572, 784]"
2019-06-28 13:17:00,HOLDINGS_UPDATED,"{'CASH': 549082, 'JPM': 84}"
2019-06-28 13:18:00,BID_DEPTH,"[(99363, 329)]"
2019-06-28 13:18:00,ASK_DEPTH,"[(99860, 340)]"
2019-06-28 13:18:00,IMBALANCE,"[329, 340]"
2019-06-28 13:18:00,HOLDINGS_UPDATED,"{'CASH': 1145260, 'JPM': 78}"
2019-06-28 13:19:00,BID_DEPTH,"[(99363, 208)]"
2019-06-28 13:19:00,ASK_DEPTH,"[(100062, 222)]"
2019-06-28 13:19:00,IMBALANCE,"[208, 222]"
2019-06-28 13:19:00,HOLDINGS_UPDATED,"{'CASH': 1741438, 'JPM': 72}"
2019-06-28 13:20:00,BID_DEPTH,"[(99308, 265)]"
2019-06-28 13:20:00,ASK_DEPTH,"[(100189, 251)]"
2019-06-28 13:20:00,IMBALANCE,"[265, 251]"
2019-06-28 13:20:00,HOLDINGS_UPDATED,"{'CASH': 1140304, 'JPM': 78}"
2019-06-28 13:21:00,BID_DEPTH,"[(99308, 265)]"
2019-06-28 13:21:00,ASK_DEPTH,"[(100592, 251)]"
2019-06-28 13:21:00,IMBALANCE,"[265, 251]"
2019-06-28 13:21:00,HOLDINGS_UPDATED,"{'CASH': 536752, 'JPM': 84}"
2019-06-28 13:22:00,BID_DEPTH,"[(100191, 222)]"
2019-06-28 13:22:00,ASK_DEPTH,"[(100438, 208)]"
2019-06-28 13:22:00,IMBALANCE,"[222, 208]"
2019-06-28 13:22:00,HOLDINGS_UPDATED,"{'CASH': -65876, 'JPM': 90}"
2019-06-28 13:23:00,BID_DEPTH,"[(99954, 222)]"
2019-06-28 13:23:00,ASK_DEPTH,"[(100692, 208)]"
2019-06-28 13:23:00,IMBALANCE,"[222, 208]"
2019-06-28 13:23:00,HOLDINGS_UPDATED,"{'CASH': -670028, 'JPM': 96}"
2019-06-28 13:24:00,BID_DEPTH,"[(100795, 125)]"
2019-06-28 13:24:00,ASK_DEPTH,"[(100800, 208)]"
2019-06-28 13:24:00,IMBALANCE,"[125, 208]"
2019-06-28 13:24:00,HOLDINGS_UPDATED,"{'CASH': -1274828, 'JPM': 102}"
2019-06-28 13:25:00,BID_DEPTH,"[(100795, 488)]"
2019-06-28 13:25:00,ASK_DEPTH,"[(100856, 572)]"
2019-06-28 13:25:00,IMBALANCE,"[488, 572]"
2019-06-28 13:25:00,HOLDINGS_UPDATED,"{'CASH': -1879964, 'JPM': 108}"
2019-06-28 13:26:00,BID_DEPTH,"[(100795, 123)]"
2019-06-28 13:26:00,ASK_DEPTH,"[(101003, 208)]"
2019-06-28 13:26:00,IMBALANCE,"[123, 208]"
2019-06-28 13:26:00,HOLDINGS_UPDATED,"{'CASH': -2485982, 'JPM': 114}"
2019-06-28 13:27:00,BID_DEPTH,"[(100928, 586)]"
2019-06-28 13:27:00,ASK_DEPTH,"[(101003, 572)]"
2019-06-28 13:27:00,IMBALANCE,"[586, 572]"
2019-06-28 13:27:00,HOLDINGS_UPDATED,"{'CASH': -3092000, 'JPM': 120}"
2019-06-28 13:28:00,BID_DEPTH,"[(100985, 265)]"
2019-06-28 13:28:00,ASK_DEPTH,"[(101190, 251)]"
2019-06-28 13:28:00,IMBALANCE,"[265, 251]"
2019-06-28 13:28:00,HOLDINGS_UPDATED,"{'CASH': -3699140, 'JPM': 126}"
2019-06-28 13:29:00,BID_DEPTH,"[(100985, 364)]"
2019-06-28 13:29:00,ASK_DEPTH,"[(101190, 251)]"
2019-06-28 13:29:00,IMBALANCE,"[364, 251]"
2019-06-28 13:29:00,HOLDINGS_UPDATED,"{'CASH': -4306280, 'JPM': 132}"
2019-06-28 13:30:00,BID_DEPTH,"[(100985, 363)]"
2019-06-28 13:30:00,ASK_DEPTH,"[(101293, 251)]"
2019-06-28 13:30:00,IMBALANCE,"[363, 251]"
2019-06-28 13:30:00,HOLDINGS_UPDATED,"{'CASH': -4914038, 'JPM': 138}"
2019-06-28 13:31:00,BID_DEPTH,"[(100985, 262)]"
2019-06-28 13:31:00,ASK_DEPTH,"[(101581, 251)]"
2019-06-28 13:31:00,IMBALANCE,"[262, 251]"
2019-06-28 13:31:00,HOLDINGS_UPDATED,"{'CASH': -5523524, 'JPM': 144}"
2019-06-28 13:32:00,BID_DEPTH,"[(100928, 343)]"
2019-06-28 13:32:00,ASK_DEPTH,"[(100985, 429)]"
2019-06-28 13:32:00,IMBALANCE,"[343, 429]"
2019-06-28 13:32:00,HOLDINGS_UPDATED,"{'CASH': -6129434, 'JPM': 150}"
2019-06-28 13:33:00,BID_DEPTH,"[(100624, 222)]"
2019-06-28 13:33:00,ASK_DEPTH,"[(100874, 111)]"
2019-06-28 13:33:00,IMBALANCE,"[222, 111]"
2019-06-28 13:33:00,HOLDINGS_UPDATED,"{'CASH': -6734678, 'JPM': 156}"
2019-06-28 13:34:00,BID_DEPTH,"[(100406, 586)]"
2019-06-28 13:34:00,ASK_DEPTH,"[(100624, 572)]"
2019-06-28 13:34:00,IMBALANCE,"[586, 572]"
2019-06-28 13:34:00,HOLDINGS_UPDATED,"{'CASH': -7338422, 'JPM': 162}"
2019-06-28 13:35:00,BID_DEPTH,"[(100399, 265)]"
2019-06-28 13:35:00,ASK_DEPTH,"[(100555, 251)]"
2019-06-28 13:35:00,IMBALANCE,"[265, 251]"
2019-06-28 13:35:00,HOLDINGS_UPDATED,"{'CASH': -7941752, 'JPM': 168}"
2019-06-28 13:36:00,BID_DEPTH,"[(100915, 586)]"
2019-06-28 13:36:00,ASK_DEPTH,"[(100985, 647)]"
2019-06-28 13:36:00,IMBALANCE,"[586, 647]"
2019-06-28 13:36:00,HOLDINGS_UPDATED,"{'CASH': -8547662, 'JPM': 174}"
2019-06-28 13:37:00,BID_DEPTH,"[(100915, 342)]"
2019-06-28 13:37:00,ASK_DEPTH,"[(100917, 329)]"
2019-06-28 13:37:00,IMBALANCE,"[342, 329]"
2019-06-28 13:37:00,HOLDINGS_UPDATED,"{'CASH': -9153164, 'JPM': 180}"
2019-06-28 13:38:00,BID_DEPTH,"[(100915, 295)]"
2019-06-28 13:38:00,ASK_DEPTH,"[(101099, 183)]"
2019-06-28 13:38:00,IMBALANCE,"[295, 183]"
2019-06-28 13:38:00,HOLDINGS_UPDATED,"{'CASH': -9759758, 'JPM': 186}"
2019-06-28 13:39:00,BID_DEPTH,"[(100898, 343)]"
2019-06-28 13:39:00,ASK_DEPTH,"[(101099, 329)]"
2019-06-28 13:39:00,IMBALANCE,"[343, 329]"
2019-06-28 13:39:00,HOLDINGS_UPDATED,"{'CASH': -10366352, 'JPM': 192}"
2019-06-28 13:40:00,BID_DEPTH,"[(100898, 264)]"
2019-06-28 13:40:00,ASK_DEPTH,"[(101099, 251)]"
2019-06-28 13:40:00,IMBALANCE,"[264, 251]"
2019-06-28 13:40:00,HOLDINGS_UPDATED,"{'CASH': -10972946, 'JPM': 198}"
2019-06-28 13:41:00,BID_DEPTH,"[(100995, 343)]"
2019-06-28 13:41:00,ASK_DEPTH,"[(101099, 329)]"
2019-06-28 13:41:00,IMBALANCE,"[343, 329]"
2019-06-28 13:41:00,HOLDINGS_UPDATED,"{'CASH': -11579540, 'JPM': 204}"
2019-06-28 13:42:00,BID_DEPTH,"[(100995, 264)]"
2019-06-28 13:42:00,ASK_DEPTH,"[(101147, 251)]"
2019-06-28 13:42:00,IMBALANCE,"[264, 251]"
2019-06-28 13:42:00,HOLDINGS_UPDATED,"{'CASH': -12186422, 'JPM': 210}"
2019-06-28 13:43:00,BID_DEPTH,"[(100898, 98)]"
2019-06-28 13:43:00,ASK_DEPTH,[]
2019-06-28 13:43:00,IMBALANCE,"[98, 0]"
2019-06-28 13:44:00,BID_DEPTH,"[(100853, 265)]"
2019-06-28 13:44:00,ASK_DEPTH,"[(100898, 253)]"
2019-06-28 13:44:00,IMBALANCE,"[265, 253]"
2019-06-28 13:44:00,HOLDINGS_UPDATED,"{'CASH': -12791810, 'JPM': 216}"
2019-06-28 13:45:00,BID_DEPTH,"[(100822, 222)]"
2019-06-28 13:45:00,ASK_DEPTH,"[(100898, 208)]"
2019-06-28 13:45:00,IMBALANCE,"[222, 208]"
2019-06-28 13:45:00,HOLDINGS_UPDATED,"{'CASH': -13397198, 'JPM': 222}"
2019-06-28 13:46:00,BID_DEPTH,"[(100501, 197)]"
2019-06-28 13:46:00,ASK_DEPTH,"[(100651, 183)]"
2019-06-28 13:46:00,IMBALANCE,"[197, 183]"
2019-06-28 13:46:00,HOLDINGS_UPDATED,"{'CASH': -14001104, 'JPM': 228}"
2019-06-28 13:47:00,BID_DEPTH,"[(100501, 342)]"
2019-06-28 13:47:00,ASK_DEPTH,"[(100716, 329)]"
2019-06-28 13:47:00,IMBALANCE,"[342, 329]"
2019-06-28 13:47:00,HOLDINGS_UPDATED,"{'CASH': -14605400, 'JPM': 234}"
2019-06-28 13:48:00,BID_DEPTH,"[(100501, 584)]"
2019-06-28 13:48:00,ASK_DEPTH,"[(100583, 572)]"
2019-06-28 13:48:00,IMBALANCE,"[584, 572]"
2019-06-28 13:48:00,HOLDINGS_UPDATED,"{'CASH': -15208898, 'JPM': 240}"
2019-06-28 13:49:00,BID_DEPTH,"[(100501, 319)]"
2019-06-28 13:49:00,ASK_DEPTH,"[(100604, 208)]"
2019-06-28 13:49:00,IMBALANCE,"[319, 208]"
2019-06-28 13:49:00,HOLDINGS_UPDATED,"{'CASH': -15812522, 'JPM': 246}"
2019-06-28 13:50:00,BID_DEPTH,"[(100340, 343)]"
2019-06-28 13:50:00,ASK_DEPTH,"[(100696, 329)]"
2019-06-28 13:50:00,IMBALANCE,"[343, 329]"
2019-06-28 13:50:00,HOLDINGS_UPDATED,"{'CASH': -16416698, 'JPM': 252}"
2019-06-28 13:51:00,BID_DEPTH,"[(100328, 586)]"
2019-06-28 13:51:00,ASK_DEPTH,"[(100696, 672)]"
2019-06-28 13:51:00,IMBALANCE,"[586, 672]"
2019-06-28 13:51:00,HOLDINGS_UPDATED,"{'CASH': -17020874, 'JPM': 258}"
2019-06-28 13:52:00,BID_DEPTH,"[(100215, 586)]"
2019-06-28 13:52:00,ASK_DEPTH,"[(100696, 547)]"
2019-06-28 13:52:00,IMBALANCE,"[586, 547]"
2019-06-28 13:52:00,HOLDINGS_UPDATED,"{'CASH': -17625050, 'JPM': 264}"
2019-06-28 13:53:00,BID_DEPTH,"[(100215, 342)]"
2019-06-28 13:53:00,ASK_DEPTH,"[(100696, 329)]"
2019-06-28 13:53:00,IMBALANCE,"[342, 329]"
2019-06-28 13:53:00,HOLDINGS_UPDATED,"{'CASH': -18229226, 'JPM': 270}"
2019-06-28 13:54:00,BID_DEPTH,"[(100215, 395)]"
2019-06-28 13:54:00,ASK_DEPTH,"[(100716, 183)]"
2019-06-28 13:54:00,IMBALANCE,"[395, 183]"
2019-06-28 13:54:00,HOLDINGS_UPDATED,"{'CASH': -18833522, 'JPM': 276}"
2019-06-28 13:55:00,BID_DEPTH,"[(100876, 197)]"
2019-06-28 13:55:00,ASK_DEPTH,"[(100994, 183)]"
2019-06-28 13:55:00,IMBALANCE,"[197, 183]"
2019-06-28 13:55:00,HOLDINGS_UPDATED,"{'CASH': -19439486, 'JPM': 282}"
2019-06-28 13:56:00,BID_DEPTH,"[(100876, 342)]"
2019-06-28 13:56:00,ASK_DEPTH,"[(100994, 329)]"
2019-06-28 13:56:00,IMBALANCE,"[342, 329]"
2019-06-28 13:56:00,HOLDINGS_UPDATED,"{'CASH': -20045450, 'JPM': 288}"
2019-06-28 13:57:00,BID_DEPTH,"[(100876, 244)]"
2019-06-28 13:57:00,ASK_DEPTH,"[(100938, 329)]"
2019-06-28 13:57:00,IMBALANCE,"[244, 329]"
2019-06-28 13:57:00,HOLDINGS_UPDATED,"{'CASH': -20651078, 'JPM': 294}"
2019-06-28 13:58:00,BID_DEPTH,"[(100950, 586)]"
2019-06-28 13:58:00,ASK_DEPTH,"[(100955, 572)]"
2019-06-28 13:58:00,IMBALANCE,"[586, 572]"
2019-06-28 13:58:00,HOLDINGS_UPDATED,"{'CASH': -21256808, 'JPM': 300}"
2019-06-28 13:59:00,BID_DEPTH,"[(100950, 364)]"
2019-06-28 13:59:00,ASK_DEPTH,"[(100955, 251)]"
2019-06-28 13:59:00,IMBALANCE,"[364, 251]"
2019-06-28 13:59:00,HOLDINGS_UPDATED,"{'CASH': -21862538, 'JPM': 306}"
2019-06-28 14:00:00,BID_DEPTH,"[(100950, 265)]"
2019-06-28 14:00:00,ASK_DEPTH,"[(101111, 251)]"
2019-06-28 14:00:00,IMBALANCE,"[265, 251]"
2019-06-28 14:00:00,HOLDINGS_UPDATED,"{'CASH': -22469204, 'JPM': 312}"
2019-06-28 14:01:00,BID_DEPTH,"[(100876, 222)]"
2019-06-28 14:01:00,ASK_DEPTH,"[(101294, 208)]"
2019-06-28 14:01:00,IMBALANCE,"[222, 208]"
2019-06-28 14:01:00,HOLDINGS_UPDATED,"{'CASH': -23076968, 'JPM': 318}"
2019-06-28 14:02:00,BID_DEPTH,"[(100659, 265)]"
2019-06-28 14:02:00,ASK_DEPTH,"[(100876, 152)]"
2019-06-28 14:02:00,IMBALANCE,"[265, 152]"
2019-06-28 14:02:00,HOLDINGS_UPDATED,"{'CASH': -23682224, 'JPM': 324}"
2019-06-28 14:03:00,BID_DEPTH,"[(100415, 586)]"
2019-06-28 14:03:00,ASK_DEPTH,"[(100633, 572)]"
2019-06-28 14:03:00,IMBALANCE,"[586, 572]"
2019-06-28 14:03:00,HOLDINGS_UPDATED,"{'CASH': -24286022, 'JPM': 330}"
2019-06-28 14:04:00,BID_DEPTH,"[(100215, 462)]"
2019-06-28 14:04:00,ASK_DEPTH,"[(100324, 251)]"
2019-06-28 14:04:00,IMBALANCE,"[462, 251]"
2019-06-28 14:04:00,HOLDINGS_UPDATED,"{'CASH': -24887966, 'JPM': 336}"
2019-06-28 14:05:00,BID_DEPTH,"[(100164, 343)]"
2019-06-28 14:05:00,ASK_DEPTH,"[(100414, 329)]"
2019-06-28 14:05:00,IMBALANCE,"[343, 329]"
2019-06-28 14:05:00,HOLDINGS_UPDATED,"{'CASH': -25490450, 'JPM': 342}"
2019-06-28 14:06:00,BID_DEPTH,"[(100314, 265)]"
2019-06-28 14:06:00,ASK_DEPTH,"[(100415, 251)]"
2019-06-28 14:06:00,IMBALANCE,"[265, 251]"
2019-06-28 14:06:00,HOLDINGS_UPDATED,"{'CASH': -26092940, 'JPM': 348}"
2019-06-28 14:07:00,BID_DEPTH,"[(100314, 307)]"
2019-06-28 14:07:00,ASK_DEPTH,"[(100653, 222)]"
2019-06-28 14:07:00,IMBALANCE,"[307, 222]"
2019-06-28 14:07:00,HOLDINGS_UPDATED,"{'CASH': -25491056, 'JPM': 342}"
2019-06-28 14:08:00,BID_DEPTH,"[(100314, 545)]"
2019-06-28 14:08:00,ASK_DEPTH,"[(100653, 586)]"
2019-06-28 14:08:00,IMBALANCE,"[545, 586]"
2019-06-28 14:08:00,HOLDINGS_UPDATED,"{'CASH': -24889172, 'JPM': 336}"
2019-06-28 14:09:00,BID_DEPTH,"[(100164, 307)]"
2019-06-28 14:09:00,ASK_DEPTH,"[(100546, 222)]"
2019-06-28 14:09:00,IMBALANCE,"[307, 222]"
2019-06-28 14:09:00,HOLDINGS_UPDATED,"{'CASH': -24288188, 'JPM': 330}"
2019-06-28 14:10:00,BID_DEPTH,"[(100164, 256)]"
2019-06-28 14:10:00,ASK_DEPTH,"[(100605, 197)]"
2019-06-28 14:10:00,IMBALANCE,"[256, 197]"
2019-06-28 14:10:00,HOLDINGS_UPDATED,"{'CASH': -23687204, 'JPM': 324}"
2019-06-28 14:11:00,BID_DEPTH,"[(100592, 183)]"
2019-06-28 14:11:00,ASK_DEPTH,"[(100605, 197)]"
2019-06-28 14:11:00,IMBALANCE,"[183, 197]"
2019-06-28 14:11:00,HOLDINGS_UPDATED,"{'CASH': -23083652, 'JPM': 318}"
2019-06-28 14:12:00,BID_DEPTH,"[(100164, 276)]"
2019-06-28 14:12:00,ASK_DEPTH,"[(100592, 272)]"
2019-06-28 14:12:00,IMBALANCE,"[276, 272]"
2019-06-28 14:12:00,HOLDINGS_UPDATED,"{'CASH': -22482668, 'JPM': 312}"
2019-06-28 14:13:00,BID_DEPTH,"[(100164, 329)]"
2019-06-28 14:13:00,ASK_DEPTH,"[(100592, 272)]"
2019-06-28 14:13:00,IMBALANCE,"[329, 272]"
2019-06-28 14:13:00,HOLDINGS_UPDATED,"{'CASH': -21881684, 'JPM': 306}"
2019-06-28 14:14:00,BID_DEPTH,"[(100043, 251)]"
2019-06-28 14:14:00,ASK_DEPTH,"[(100653, 265)]"
2019-06-28 14:14:00,IMBALANCE,"[251, 265]"
2019-06-28 14:14:00,HOLDINGS_UPDATED,"{'CASH': -21281426, 'JPM': 300}"
2019-06-28 14:15:00,BID_DEPTH,"[(100031, 183)]"
2019-06-28 14:15:00,ASK_DEPTH,"[(100658, 197)]"
2019-06-28 14:15:00,IMBALANCE,"[183, 197]"
2019-06-28 14:15:00,HOLDINGS_UPDATED,"{'CASH': -20681240, 'JPM': 294}"
2019-06-28 14:16:00,BID_DEPTH,"[(100031, 572)]"
2019-06-28 14:16:00,ASK_DEPTH,"[(100658, 586)]"
2019-06-28 14:16:00,IMBALANCE,"[572, 586]"
2019-06-28 14:16:00,HOLDINGS_UPDATED,"{'CASH': -20081054, 'JPM': 288}"
2019-06-28 14:17:00,BID_DEPTH,"[(99961, 208)]"
2019-06-28 14:17:00,ASK_DEPTH,"[(100671, 222)]"
2019-06-28 14:17:00,IMBALANCE,"[208, 222]"
2019-06-28 14:17:00,HOLDINGS_UPDATED,"{'CASH': -19481288, 'JPM': 282}"
2019-06-28 14:18:00,BID_DEPTH,"[(99961, 251)]"
2019-06-28 14:18:00,ASK_DEPTH,"[(100671, 264)]"
2019-06-28 14:18:00,IMBALANCE,"[251, 264]"
2019-06-28 14:18:00,HOLDINGS_UPDATED,"{'CASH': -18881522, 'JPM': 276}"
2019-06-28 14:19:00,BID_DEPTH,"[(99923, 572)]"
2019-06-28 14:19:00,ASK_DEPTH,"[(100682, 586)]"
2019-06-28 14:19:00,IMBALANCE,"[572, 586]"
2019-06-28 14:19:00,HOLDINGS_UPDATED,"{'CASH': -18281984, 'JPM': 270}"
2019-06-28 14:20:00,BID_DEPTH,"[(99907, 251)]"
2019-06-28 14:20:00,ASK_DEPTH,"[(101524, 265)]"
2019-06-28 14:20:00,IMBALANCE,"[251, 265]"
2019-06-28 14:20:00,HOLDINGS_UPDATED,"{'CASH': -17682542, 'JPM': 264}"
2019-06-28 14:21:00,BID_DEPTH,"[(99907, 251)]"
2019-06-28 14:21:00,ASK_DEPTH,"[(101524, 265)]"
2019-06-28 14:21:00,IMBALANCE,"[251, 265]"
2019-06-28 14:21:00,HOLDINGS_UPDATED,"{'CASH': -17083100, 'JPM': 258}"
2019-06-28 14:22:00,BID_DEPTH,"[(99703, 251)]"
2019-06-28 14:22:00,ASK_DEPTH,"[(101628, 265)]"
2019-06-28 14:22:00,IMBALANCE,"[251, 265]"
2019-06-28 14:22:00,HOLDINGS_UPDATED,"{'CASH': -16484882, 'JPM': 252}"
2019-06-28 14:23:00,BID_DEPTH,"[(101616, 572)]"
2019-06-28 14:23:00,ASK_DEPTH,"[(101628, 586)]"
2019-06-28 14:23:00,IMBALANCE,"[572, 586]"
2019-06-28 14:23:00,HOLDINGS_UPDATED,"{'CASH': -15875186, 'JPM': 246}"
2019-06-28 14:24:00,BID_DEPTH,[]
2019-06-28 14:24:00,ASK_DEPTH,"[(100983, 100)]"
2019-06-28 14:24:00,IMBALANCE,"[0, 100]"
2019-06-28 14:25:00,BID_DEPTH,[]
2019-06-28 14:25:00,ASK_DEPTH,"[(101628, 100)]"
2019-06-28 14:25:00,IMBALANCE,"[0, 100]"
2019-06-28 14:26:00,BID_DEPTH,"[(101358, 208)]"
2019-06-28 14:26:00,ASK_DEPTH,"[(101810, 222)]"
2019-06-28 14:26:00,IMBALANCE,"[208, 222]"
2019-06-28 14:26:00,HOLDINGS_UPDATED,"{'CASH': -15267038, 'JPM': 240}"
2019-06-28 14:27:00,BID_DEPTH,"[(101344, 251)]"
2019-06-28 14:27:00,ASK_DEPTH,"[(101523, 265)]"
2019-06-28 14:27:00,IMBALANCE,"[251, 265]"
2019-06-28 14:27:00,HOLDINGS_UPDATED,"{'CASH': -14658974, 'JPM': 234}"
2019-06-28 14:28:00,BID_DEPTH,"[(101344, 183)]"
2019-06-28 14:28:00,ASK_DEPTH,"[(101523, 197)]"
2019-06-28 14:28:00,IMBALANCE,"[183, 197]"
2019-06-28 14:28:00,HOLDINGS_UPDATED,"{'CASH': -14050910, 'JPM': 228}"
2019-06-28 14:29:00,BID_DEPTH,"[(101236, 572)]"
2019-06-28 14:29:00,ASK_DEPTH,"[(101346, 586)]"
2019-06-28 14:29:00,IMBALANCE,"[572, 586]"
2019-06-28 14:29:00,HOLDINGS_UPDATED,"{'CASH': -13443494, 'JPM': 222}"
2019-06-28 14:30:00,BID_DEPTH,"[(101346, 586)]"
2019-06-28 14:30:00,ASK_DEPTH,"[(101523, 572)]"
2019-06-28 14:30:00,IMBALANCE,"[586, 572]"
2019-06-28 14:30:00,HOLDINGS_UPDATED,"{'CASH': -14052632, 'JPM': 228}"
2019-06-28 14:31:00,BID_DEPTH,"[(101346, 586)]"
2019-06-28 14:31:00,ASK_DEPTH,"[(101424, 572)]"
2019-06-28 14:31:00,IMBALANCE,"[586, 572]"
2019-06-28 14:31:00,HOLDINGS_UPDATED,"{'CASH': -14661176, 'JPM': 234}"
2019-06-28 14:32:00,BID_DEPTH,"[(101620, 343)]"
2019-06-28 14:32:00,ASK_DEPTH,"[(101623, 329)]"
2019-06-28 14:32:00,IMBALANCE,"[343, 329]"
2019-06-28 14:32:00,HOLDINGS_UPDATED,"{'CASH': -15270914, 'JPM': 240}"
2019-06-28 14:33:00,BID_DEPTH,[]
2019-06-28 14:33:00,ASK_DEPTH,"[(101622, 100)]"
2019-06-28 14:33:00,IMBALANCE,"[0, 100]"
2019-06-28 14:34:00,BID_DEPTH,[]
2019-06-28 14:34:00,ASK_DEPTH,"[(101369, 100)]"
2019-06-28 14:34:00,IMBALANCE,"[0, 100]"
2019-06-28 14:35:00,BID_DEPTH,"[(101375, 197)]"
2019-06-28 14:35:00,ASK_DEPTH,"[(101622, 283)]"
2019-06-28 14:35:00,IMBALANCE,"[197, 283]"
2019-06-28 14:35:00,HOLDINGS_UPDATED,"{'CASH': -15880646, 'JPM': 246}"
2019-06-28 14:36:00,BID_DEPTH,"[(101375, 586)]"
2019-06-28 14:36:00,ASK_DEPTH,"[(101622, 547)]"
2019-06-28 14:36:00,IMBALANCE,"[586, 547]"
2019-06-28 14:36:00,HOLDINGS_UPDATED,"{'CASH': -16490378, 'JPM': 252}"
2019-06-28 14:37:00,BID_DEPTH,[]
2019-06-28 14:37:00,ASK_DEPTH,"[(100926, 100)]"
2019-06-28 14:37:00,IMBALANCE,"[0, 100]"
2019-06-28 14:38:00,BID_DEPTH,"[(100672, 222)]"
2019-06-28 14:38:00,ASK_DEPTH,"[(100926, 208)]"
2019-06-28 14:38:00,IMBALANCE,"[222, 208]"
2019-06-28 14:38:00,HOLDINGS_UPDATED,"{'CASH': -17095934, 'JPM': 258}"
2019-06-28 14:39:00,BID_DEPTH,"[(100672, 265)]"
2019-06-28 14:39:00,ASK_DEPTH,"[(100926, 251)]"
2019-06-28 14:39:00,IMBALANCE,"[265, 251]"
2019-06-28 14:39:00,HOLDINGS_UPDATED,"{'CASH': -17701490, 'JPM': 264}"
2019-06-28 14:40:00,BID_DEPTH,"[(100672, 265)]"
2019-06-28 14:40:00,ASK_DEPTH,"[(101256, 251)]"
2019-06-28 14:40:00,IMBALANCE,"[265, 251]"
2019-06-28 14:40:00,HOLDINGS_UPDATED,"{'CASH': -18309026, 'JPM': 270}"
2019-06-28 14:41:00,BID_DEPTH,"[(100672, 586)]"
2019-06-28 14:41:00,ASK_DEPTH,"[(101256, 572)]"
2019-06-28 14:41:00,IMBALANCE,"[586, 572]"
2019-06-28 14:41:00,HOLDINGS_UPDATED,"{'CASH': -18916562, 'JPM': 276}"
2019-06-28 14:42:00,BID_DEPTH,"[(100597, 586)]"
2019-06-28 14:42:00,ASK_DEPTH,"[(101256, 672)]"
2019-06-28 14:42:00,IMBALANCE,"[586, 672]"
2019-06-28 14:42:00,HOLDINGS_UPDATED,"{'CASH': -19524098, 'JPM': 282}"
2019-06-28 14:43:00,BID_DEPTH,"[(100597, 265)]"
2019-06-28 14:43:00,ASK_DEPTH,"[(101256, 226)]"
2019-06-28 14:43:00,IMBALANCE,"[265, 226]"
2019-06-28 14:43:00,HOLDINGS_UPDATED,"{'CASH': -20131634, 'JPM': 288}"
2019-06-28 14:44:00,BID_DEPTH,"[(100549, 197)]"
2019-06-28 14:44:00,ASK_DEPTH,"[(101375, 283)]"
2019-06-28 14:44:00,IMBALANCE,"[197, 283]"
2019-06-28 14:44:00,HOLDINGS_UPDATED,"{'CASH': -20739884, 'JPM': 294}"
2019-06-28 14:45:00,BID_DEPTH,"[(100519, 222)]"
2019-06-28 14:45:00,ASK_DEPTH,"[(101375, 183)]"
2019-06-28 14:45:00,IMBALANCE,"[222, 183]"
2019-06-28 14:45:00,HOLDINGS_UPDATED,"{'CASH': -21348134, 'JPM': 300}"
2019-06-28 14:46:00,BID_DEPTH,"[(100323, 222)]"
2019-06-28 14:46:00,ASK_DEPTH,"[(100519, 208)]"
2019-06-28 14:46:00,IMBALANCE,"[222, 208]"
2019-06-28 14:46:00,HOLDINGS_UPDATED,"{'CASH': -21951248, 'JPM': 306}"
2019-06-28 14:47:00,BID_DEPTH,"[(100323, 197)]"
2019-06-28 14:47:00,ASK_DEPTH,"[(100519, 183)]"
2019-06-28 14:47:00,IMBALANCE,"[197, 183]"
2019-06-28 14:47:00,HOLDINGS_UPDATED,"{'CASH': -22554362, 'JPM': 312}"
2019-06-28 14:48:00,BID_DEPTH,"[(100323, 197)]"
2019-06-28 14:48:00,ASK_DEPTH,"[(100519, 183)]"
2019-06-28 14:48:00,IMBALANCE,"[197, 183]"
2019-06-28 14:48:00,HOLDINGS_UPDATED,"{'CASH': -23157476, 'JPM': 318}"
2019-06-28 14:49:00,BID_DEPTH,"[(99676, 586)]"
2019-06-28 14:49:00,ASK_DEPTH,"[(101375, 572)]"
2019-06-28 14:49:00,IMBALANCE,"[586, 572]"
2019-06-28 14:49:00,HOLDINGS_UPDATED,"{'CASH': -23765726, 'JPM': 324}"
2019-06-28 14:50:00,BID_DEPTH,"[(99547, 586)]"
2019-06-28 14:50:00,ASK_DEPTH,"[(101375, 572)]"
2019-06-28 14:50:00,IMBALANCE,"[586, 572]"
2019-06-28 14:50:00,HOLDINGS_UPDATED,"{'CASH': -24373976, 'JPM': 330}"
2019-06-28 14:51:00,BID_DEPTH,"[(99235, 197)]"
2019-06-28 14:51:00,ASK_DEPTH,"[(99541, 183)]"
2019-06-28 14:51:00,IMBALANCE,"[197, 183]"
2019-06-28 14:51:00,HOLDINGS_UPDATED,"{'CASH': -24971222, 'JPM': 336}"
2019-06-28 14:52:00,BID_DEPTH,"[(98998, 586)]"
2019-06-28 14:52:00,ASK_DEPTH,"[(99287, 572)]"
2019-06-28 14:52:00,IMBALANCE,"[586, 572]"
2019-06-28 14:52:00,HOLDINGS_UPDATED,"{'CASH': -25566944, 'JPM': 342}"
2019-06-28 14:53:00,BID_DEPTH,"[(98961, 251)]"
2019-06-28 14:53:00,ASK_DEPTH,"[(99112, 265)]"
2019-06-28 14:53:00,IMBALANCE,"[251, 265]"
2019-06-28 14:53:00,HOLDINGS_UPDATED,"{'CASH': -24973178, 'JPM': 336}"
2019-06-28 14:54:00,BID_DEPTH,"[(98865, 183)]"
2019-06-28 14:54:00,ASK_DEPTH,"[(99112, 196)]"
2019-06-28 14:54:00,IMBALANCE,"[183, 196]"
2019-06-28 14:54:00,HOLDINGS_UPDATED,"{'CASH': -24379988, 'JPM': 330}"
2019-06-28 14:55:00,BID_DEPTH,"[(98848, 251)]"
2019-06-28 14:55:00,ASK_DEPTH,"[(99061, 365)]"
2019-06-28 14:55:00,IMBALANCE,"[251, 365]"
2019-06-28 14:55:00,HOLDINGS_UPDATED,"{'CASH': -23786900, 'JPM': 324}"
2019-06-28 14:56:00,BID_DEPTH,"[(98746, 251)]"
2019-06-28 14:56:00,ASK_DEPTH,"[(98990, 265)]"
2019-06-28 14:56:00,IMBALANCE,"[251, 265]"
2019-06-28 14:56:00,HOLDINGS_UPDATED,"{'CASH': -23194424, 'JPM': 318}"
2019-06-28 14:57:00,BID_DEPTH,"[(98411, 208)]"
2019-06-28 14:57:00,ASK_DEPTH,"[(98756, 222)]"
2019-06-28 14:57:00,IMBALANCE,"[208, 222]"
2019-06-28 14:57:00,HOLDINGS_UPDATED,"{'CASH': -22603958, 'JPM': 312}"
2019-06-28 14:58:00,BID_DEPTH,"[(98385, 183)]"
2019-06-28 14:58:00,ASK_DEPTH,"[(98690, 197)]"
2019-06-28 14:58:00,IMBALANCE,"[183, 197]"
2019-06-28 14:58:00,HOLDINGS_UPDATED,"{'CASH': -22013648, 'JPM': 306}"
2019-06-28 14:59:00,BID_DEPTH,"[(98084, 183)]"
2019-06-28 14:59:00,ASK_DEPTH,"[(98566, 197)]"
2019-06-28 14:59:00,IMBALANCE,"[183, 197]"
2019-06-28 14:59:00,HOLDINGS_UPDATED,"{'CASH': -21425144, 'JPM': 300}"
2019-06-28 15:00:00,BID_DEPTH,"[(98454, 329)]"
2019-06-28 15:00:00,ASK_DEPTH,"[(98566, 342)]"
2019-06-28 15:00:00,IMBALANCE,"[329, 342]"
2019-06-28 15:00:00,HOLDINGS_UPDATED,"{'CASH': -20834420, 'JPM': 294}"
2019-06-28 15:01:00,BID_DEPTH,"[(98500, 329)]"
2019-06-28 15:01:00,ASK_DEPTH,"[(98689, 343)]"
2019-06-28 15:01:00,IMBALANCE,"[329, 343]"
2019-06-28 15:01:00,HOLDINGS_UPDATED,"{'CASH': -20243420, 'JPM': 288}"
2019-06-28 15:02:00,BID_DEPTH,"[(98689, 429)]"
2019-06-28 15:02:00,ASK_DEPTH,"[(98690, 342)]"
2019-06-28 15:02:00,IMBALANCE,"[429, 342]"
2019-06-28 15:02:00,HOLDINGS_UPDATED,"{'CASH': -19651286, 'JPM': 282}"
2019-06-28 15:03:00,BID_DEPTH,"[(98689, 226)]"
2019-06-28 15:03:00,ASK_DEPTH,"[(98690, 263)]"
2019-06-28 15:03:00,IMBALANCE,"[226, 263]"
2019-06-28 15:03:00,HOLDINGS_UPDATED,"{'CASH': -19059152, 'JPM': 276}"
2019-06-28 15:04:00,BID_DEPTH,"[(98552, 251)]"
2019-06-28 15:04:00,ASK_DEPTH,"[(98640, 265)]"
2019-06-28 15:04:00,IMBALANCE,"[251, 265]"
2019-06-28 15:04:00,HOLDINGS_UPDATED,"{'CASH': -18467840, 'JPM': 270}"
2019-06-28 15:05:00,BID_DEPTH,"[(98641, 572)]"
2019-06-28 15:05:00,ASK_DEPTH,"[(98783, 586)]"
2019-06-28 15:05:00,IMBALANCE,"[572, 586]"
2019-06-28 15:05:00,HOLDINGS_UPDATED,"{'CASH': -17875994, 'JPM': 264}"
2019-06-28 15:06:00,BID_DEPTH,"[(98990, 183)]"
2019-06-28 15:06:00,ASK_DEPTH,"[(99061, 196)]"
2019-06-28 15:06:00,IMBALANCE,"[183, 196]"
2019-06-28 15:06:00,HOLDINGS_UPDATED,"{'CASH': -17282054, 'JPM': 258}"
2019-06-28 15:07:00,BID_DEPTH,"[(99061, 577)]"
2019-06-28 15:07:00,ASK_DEPTH,"[(99297, 586)]"
2019-06-28 15:07:00,IMBALANCE,"[577, 586]"
2019-06-28 15:07:00,HOLDINGS_UPDATED,"{'CASH': -16687688, 'JPM': 252}"
2019-06-28 15:08:00,BID_DEPTH,"[(99061, 329)]"
2019-06-28 15:08:00,ASK_DEPTH,"[(99297, 342)]"
2019-06-28 15:08:00,IMBALANCE,"[329, 342]"
2019-06-28 15:08:00,HOLDINGS_UPDATED,"{'CASH': -16093322, 'JPM': 246}"
2019-06-28 15:09:00,BID_DEPTH,"[(99061, 329)]"
2019-06-28 15:09:00,ASK_DEPTH,"[(99297, 341)]"
2019-06-28 15:09:00,IMBALANCE,"[329, 341]"
2019-06-28 15:09:00,HOLDINGS_UPDATED,"{'CASH': -15498956, 'JPM': 240}"
2019-06-28 15:10:00,BID_DEPTH,"[(99061, 529)]"
2019-06-28 15:10:00,ASK_DEPTH,"[(99297, 340)]"
2019-06-28 15:10:00,IMBALANCE,"[529, 340]"
2019-06-28 15:10:00,HOLDINGS_UPDATED,"{'CASH': -14904590, 'JPM': 234}"
2019-06-28 15:11:00,BID_DEPTH,"[(99298, 572)]"
2019-06-28 15:11:00,ASK_DEPTH,"[(99900, 586)]"
2019-06-28 15:11:00,IMBALANCE,"[572, 586]"
2019-06-28 15:11:00,HOLDINGS_UPDATED,"{'CASH': -14308802, 'JPM': 228}"
2019-06-28 15:12:00,BID_DEPTH,"[(99298, 429)]"
2019-06-28 15:12:00,ASK_DEPTH,"[(99900, 342)]"
2019-06-28 15:12:00,IMBALANCE,"[429, 342]"
2019-06-28 15:12:00,HOLDINGS_UPDATED,"{'CASH': -13713014, 'JPM': 222}"
2019-06-28 15:13:00,BID_DEPTH,"[(99900, 572)]"
2019-06-28 15:13:00,ASK_DEPTH,"[(99997, 586)]"
2019-06-28 15:13:00,IMBALANCE,"[572, 586]"
2019-06-28 15:13:00,HOLDINGS_UPDATED,"{'CASH': -13113614, 'JPM': 216}"
2019-06-28 15:14:00,BID_DEPTH,"[(99298, 258)]"
2019-06-28 15:14:00,ASK_DEPTH,"[(101450, 197)]"
2019-06-28 15:14:00,IMBALANCE,"[258, 197]"
2019-06-28 15:14:00,HOLDINGS_UPDATED,"{'CASH': -12517826, 'JPM': 210}"
2019-06-28 15:15:00,BID_DEPTH,"[(99298, 279)]"
2019-06-28 15:15:00,ASK_DEPTH,"[(101467, 343)]"
2019-06-28 15:15:00,IMBALANCE,"[279, 343]"
2019-06-28 15:15:00,HOLDINGS_UPDATED,"{'CASH': -11922038, 'JPM': 204}"
2019-06-28 15:16:00,BID_DEPTH,"[(99061, 329)]"
2019-06-28 15:16:00,ASK_DEPTH,"[(101800, 343)]"
2019-06-28 15:16:00,IMBALANCE,"[329, 343]"
2019-06-28 15:16:00,HOLDINGS_UPDATED,"{'CASH': -11327672, 'JPM': 198}"
2019-06-28 15:17:00,BID_DEPTH,"[(99061, 208)]"
2019-06-28 15:17:00,ASK_DEPTH,"[(101800, 222)]"
2019-06-28 15:17:00,IMBALANCE,"[208, 222]"
2019-06-28 15:17:00,HOLDINGS_UPDATED,"{'CASH': -10733306, 'JPM': 192}"
2019-06-28 15:18:00,BID_DEPTH,"[(99062, 351)]"
2019-06-28 15:18:00,ASK_DEPTH,"[(101969, 265)]"
2019-06-28 15:18:00,IMBALANCE,"[351, 265]"
2019-06-28 15:18:00,HOLDINGS_UPDATED,"{'CASH': -10138934, 'JPM': 186}"
2019-06-28 15:19:00,BID_DEPTH,"[(99062, 746)]"
2019-06-28 15:19:00,ASK_DEPTH,"[(101969, 586)]"
2019-06-28 15:19:00,IMBALANCE,"[746, 586]"
2019-06-28 15:19:00,HOLDINGS_UPDATED,"{'CASH': -9544562, 'JPM': 180}"
2019-06-28 15:20:00,BID_DEPTH,"[(102331, 208)]"
2019-06-28 15:20:00,ASK_DEPTH,"[(102559, 222)]"
2019-06-28 15:20:00,IMBALANCE,"[208, 222]"
2019-06-28 15:20:00,HOLDINGS_UPDATED,"{'CASH': -8930576, 'JPM': 174}"
2019-06-28 15:21:00,BID_DEPTH,"[(102514, 329)]"
2019-06-28 15:21:00,ASK_DEPTH,"[(102595, 343)]"
2019-06-28 15:21:00,IMBALANCE,"[329, 343]"
2019-06-28 15:21:00,HOLDINGS_UPDATED,"{'CASH': -8315492, 'JPM': 168}"
2019-06-28 15:22:00,BID_DEPTH,"[(102180, 329)]"
2019-06-28 15:22:00,ASK_DEPTH,"[(102595, 343)]"
2019-06-28 15:22:00,IMBALANCE,"[329, 343]"
2019-06-28 15:22:00,HOLDINGS_UPDATED,"{'CASH': -7702412, 'JPM': 162}"
2019-06-28 15:23:00,BID_DEPTH,"[(99062, 270)]"
2019-06-28 15:23:00,ASK_DEPTH,"[(102180, 208)]"
2019-06-28 15:23:00,IMBALANCE,"[270, 208]"
2019-06-28 15:23:00,HOLDINGS_UPDATED,"{'CASH': -8315492, 'JPM': 168}"
2019-06-28 15:24:00,BID_DEPTH,"[(99062, 312)]"
2019-06-28 15:24:00,ASK_DEPTH,"[(102193, 251)]"
2019-06-28 15:24:00,IMBALANCE,"[312, 251]"
2019-06-28 15:24:00,HOLDINGS_UPDATED,"{'CASH': -8928650, 'JPM': 174}"
2019-06-28 15:25:00,BID_DEPTH,"[(102249, 197)]"
2019-06-28 15:25:00,ASK_DEPTH,"[(102595, 183)]"
2019-06-28 15:25:00,IMBALANCE,"[197, 183]"
2019-06-28 15:25:00,HOLDINGS_UPDATED,"{'CASH': -9544220, 'JPM': 180}"
2019-06-28 15:26:00,BID_DEPTH,"[(102410, 343)]"
2019-06-28 15:26:00,ASK_DEPTH,"[(102694, 329)]"
2019-06-28 15:26:00,IMBALANCE,"[343, 329]"
2019-06-28 15:26:00,HOLDINGS_UPDATED,"{'CASH': -10160384, 'JPM': 186}"
2019-06-28 15:27:00,BID_DEPTH,"[(102250, 222)]"
2019-06-28 15:27:00,ASK_DEPTH,"[(102915, 208)]"
2019-06-28 15:27:00,IMBALANCE,"[222, 208]"
2019-06-28 15:27:00,HOLDINGS_UPDATED,"{'CASH': -10777874, 'JPM': 192}"
2019-06-28 15:28:00,BID_DEPTH,"[(102501, 197)]"
2019-06-28 15:28:00,ASK_DEPTH,"[(102921, 183)]"
2019-06-28 15:28:00,IMBALANCE,"[197, 183]"
2019-06-28 15:28:00,HOLDINGS_UPDATED,"{'CASH': -11395400, 'JPM': 198}"
2019-06-28 15:29:00,BID_DEPTH,"[(102250, 321)]"
2019-06-28 15:29:00,ASK_DEPTH,"[(103285, 208)]"
2019-06-28 15:29:00,IMBALANCE,"[321, 208]"
2019-06-28 15:29:00,HOLDINGS_UPDATED,"{'CASH': -12015110, 'JPM': 204}"
2019-06-28 15:30:00,BID_DEPTH,"[(101956, 197)]"
2019-06-28 15:30:00,ASK_DEPTH,"[(102249, 183)]"
2019-06-28 15:30:00,IMBALANCE,"[197, 183]"
2019-06-28 15:30:00,HOLDINGS_UPDATED,"{'CASH': -12628604, 'JPM': 210}"
2019-06-28 15:31:00,BID_DEPTH,"[(101956, 221)]"
2019-06-28 15:31:00,ASK_DEPTH,"[(102156, 208)]"
2019-06-28 15:31:00,IMBALANCE,"[221, 208]"
2019-06-28 15:31:00,HOLDINGS_UPDATED,"{'CASH': -13241540, 'JPM': 216}"
2019-06-28 15:32:00,BID_DEPTH,"[(101703, 343)]"
2019-06-28 15:32:00,ASK_DEPTH,"[(103441, 329)]"
2019-06-28 15:32:00,IMBALANCE,"[343, 329]"
2019-06-28 15:32:00,HOLDINGS_UPDATED,"{'CASH': -13862186, 'JPM': 222}"
2019-06-28 15:33:00,BID_DEPTH,"[(101703, 264)]"
2019-06-28 15:33:00,ASK_DEPTH,"[(103441, 251)]"
2019-06-28 15:33:00,IMBALANCE,"[264, 251]"
2019-06-28 15:33:00,HOLDINGS_UPDATED,"{'CASH': -14482832, 'JPM': 228}"
2019-06-28 15:34:00,BID_DEPTH,"[(101640, 265)]"
2019-06-28 15:34:00,ASK_DEPTH,"[(101703, 251)]"
2019-06-28 15:34:00,IMBALANCE,"[265, 251]"
2019-06-28 15:34:00,HOLDINGS_UPDATED,"{'CASH': -15093050, 'JPM': 234}"
2019-06-28 15:35:00,BID_DEPTH,"[(101640, 196)]"
2019-06-28 15:35:00,ASK_DEPTH,"[(103441, 183)]"
2019-06-28 15:35:00,IMBALANCE,"[196, 183]"
2019-06-28 15:35:00,HOLDINGS_UPDATED,"{'CASH': -15713696, 'JPM': 240}"
2019-06-28 15:36:00,BID_DEPTH,"[(101640, 220)]"
2019-06-28 15:36:00,ASK_DEPTH,"[(103441, 208)]"
2019-06-28 15:36:00,IMBALANCE,"[220, 208]"
2019-06-28 15:36:00,HOLDINGS_UPDATED,"{'CASH': -16334342, 'JPM': 246}"
2019-06-28 15:37:00,BID_DEPTH,"[(100448, 100)]"
2019-06-28 15:37:00,ASK_DEPTH,[]
2019-06-28 15:37:00,IMBALANCE,"[100, 0]"
2019-06-28 15:38:00,BID_DEPTH,"[(100060, 586)]"
2019-06-28 15:38:00,ASK_DEPTH,"[(100526, 572)]"
2019-06-28 15:38:00,IMBALANCE,"[586, 572]"
2019-06-28 15:38:00,HOLDINGS_UPDATED,"{'CASH': -16937498, 'JPM': 252}"
2019-06-28 15:39:00,BID_DEPTH,"[(100180, 586)]"
2019-06-28 15:39:00,ASK_DEPTH,"[(100263, 572)]"
2019-06-28 15:39:00,IMBALANCE,"[586, 572]"
2019-06-28 15:39:00,HOLDINGS_UPDATED,"{'CASH': -17539076, 'JPM': 258}"
2019-06-28 15:40:00,BID_DEPTH,"[(100180, 342)]"
2019-06-28 15:40:00,ASK_DEPTH,"[(100571, 329)]"
2019-06-28 15:40:00,IMBALANCE,"[342, 329]"
2019-06-28 15:40:00,HOLDINGS_UPDATED,"{'CASH': -18142502, 'JPM': 264}"
2019-06-28 15:41:00,BID_DEPTH,"[(100180, 195)]"
2019-06-28 15:41:00,ASK_DEPTH,"[(101482, 183)]"
2019-06-28 15:41:00,IMBALANCE,"[195, 183]"
2019-06-28 15:41:00,HOLDINGS_UPDATED,"{'CASH': -18751394, 'JPM': 270}"
2019-06-28 15:42:00,BID_DEPTH,"[(100985, 100)]"
2019-06-28 15:42:00,ASK_DEPTH,[]
2019-06-28 15:42:00,IMBALANCE,"[100, 0]"
2019-06-28 15:43:00,BID_DEPTH,"[(100864, 100)]"
2019-06-28 15:43:00,ASK_DEPTH,[]
2019-06-28 15:43:00,IMBALANCE,"[100, 0]"
2019-06-28 15:44:00,BID_DEPTH,"[(100775, 586)]"
2019-06-28 15:44:00,ASK_DEPTH,"[(100912, 572)]"
2019-06-28 15:44:00,IMBALANCE,"[586, 572]"
2019-06-28 15:44:00,HOLDINGS_UPDATED,"{'CASH': -19356866, 'JPM': 276}"
2019-06-28 15:45:00,BID_DEPTH,"[(100180, 294)]"
2019-06-28 15:45:00,ASK_DEPTH,"[(100924, 183)]"
2019-06-28 15:45:00,IMBALANCE,"[294, 183]"
2019-06-28 15:45:00,HOLDINGS_UPDATED,"{'CASH': -19962410, 'JPM': 282}"
2019-06-28 15:46:00,BID_DEPTH,"[(100975, 100)]"
2019-06-28 15:46:00,ASK_DEPTH,[]
2019-06-28 15:46:00,IMBALANCE,"[100, 0]"
2019-06-28 15:47:00,BID_DEPTH,"[(100975, 100)]"
2019-06-28 15:47:00,ASK_DEPTH,[]
2019-06-28 15:47:00,IMBALANCE,"[100, 0]"
2019-06-28 15:48:00,BID_DEPTH,"[(100799, 586)]"
2019-06-28 15:48:00,ASK_DEPTH,"[(101196, 572)]"
2019-06-28 15:48:00,IMBALANCE,"[586, 572]"
2019-06-28 15:48:00,HOLDINGS_UPDATED,"{'CASH': -20569586, 'JPM': 288}"
2019-06-28 15:49:00,BID_DEPTH,"[(100799, 196)]"
2019-06-28 15:49:00,ASK_DEPTH,"[(101068, 183)]"
2019-06-28 15:49:00,IMBALANCE,"[196, 183]"
2019-06-28 15:49:00,HOLDINGS_UPDATED,"{'CASH': -21175994, 'JPM': 294}"
2019-06-28 15:50:00,BID_DEPTH,"[(100799, 264)]"
2019-06-28 15:50:00,ASK_DEPTH,"[(100804, 251)]"
2019-06-28 15:50:00,IMBALANCE,"[264, 251]"
2019-06-28 15:50:00,HOLDINGS_UPDATED,"{'CASH': -21780818, 'JPM': 300}"
2019-06-28 15:51:00,BID_DEPTH,"[(100799, 585)]"
2019-06-28 15:51:00,ASK_DEPTH,"[(101068, 572)]"
2019-06-28 15:51:00,IMBALANCE,"[585, 572]"
2019-06-28 15:51:00,HOLDINGS_UPDATED,"{'CASH': -22387226, 'JPM': 306}"
2019-06-28 15:52:00,BID_DEPTH,"[(100799, 585)]"
2019-06-28 15:52:00,ASK_DEPTH,"[(101196, 572)]"
2019-06-28 15:52:00,IMBALANCE,"[585, 572]"
2019-06-28 15:52:00,HOLDINGS_UPDATED,"{'CASH': -22994402, 'JPM': 312}"
2019-06-28 15:53:00,BID_DEPTH,"[(101196, 197)]"
2019-06-28 15:53:00,ASK_DEPTH,"[(101767, 183)]"
2019-06-28 15:53:00,IMBALANCE,"[197, 183]"
2019-06-28 15:53:00,HOLDINGS_UPDATED,"{'CASH': -23605004, 'JPM': 318}"
2019-06-28 15:54:00,BID_DEPTH,"[(101313, 586)]"
2019-06-28 15:54:00,ASK_DEPTH,"[(101521, 572)]"
2019-06-28 15:54:00,IMBALANCE,"[586, 572]"
2019-06-28 15:54:00,HOLDINGS_UPDATED,"{'CASH': -24214130, 'JPM': 324}"
2019-06-28 15:55:00,BID_DEPTH,"[(100896, 343)]"
2019-06-28 15:55:00,ASK_DEPTH,"[(101736, 329)]"
2019-06-28 15:55:00,IMBALANCE,"[343, 329]"
2019-06-28 15:55:00,HOLDINGS_UPDATED,"{'CASH': -24824546, 'JPM': 330}"
2019-06-28 15:56:00,BID_DEPTH,"[(100896, 222)]"
2019-06-28 15:56:00,ASK_DEPTH,"[(101767, 208)]"
2019-06-28 15:56:00,IMBALANCE,"[222, 208]"
2019-06-28 15:56:00,HOLDINGS_UPDATED,"{'CASH': -25435148, 'JPM': 336}"
2019-06-28 15:57:00,BID_DEPTH,"[(100799, 342)]"
2019-06-28 15:57:00,ASK_DEPTH,"[(101767, 329)]"
2019-06-28 15:57:00,IMBALANCE,"[342, 329]"
2019-06-28 15:57:00,HOLDINGS_UPDATED,"{'CASH': -26045750, 'JPM': 342}"
2019-06-28 15:58:00,BID_DEPTH,"[(100720, 222)]"
2019-06-28 15:58:00,ASK_DEPTH,"[(101767, 208)]"
2019-06-28 15:58:00,IMBALANCE,"[222, 208]"
2019-06-28 15:58:00,HOLDINGS_UPDATED,"{'CASH': -26656352, 'JPM': 348}"
2019-06-28 15:59:00,BID_DEPTH,"[(100720, 197)]"
2019-06-28 15:59:00,ASK_DEPTH,"[(100787, 183)]"
2019-06-28 15:59:00,IMBALANCE,"[197, 183]"
2019-06-28 15:59:00,HOLDINGS_UPDATED,"{'CASH': -27261074, 'JPM': 354}"
2019-06-28 16:00:00,BID_DEPTH,"[(100693, 572)]"
2019-06-28 16:00:00,ASK_DEPTH,"[(100824, 586)]"
2019-06-28 16:00:00,IMBALANCE,"[572, 586]"
2019-06-28 16:00:00,HOLDINGS_UPDATED,"{'CASH': -26656916, 'JPM': 348}"
2019-06-28 16:01:00,BID_DEPTH,"[(100693, 461)]"
2019-06-28 16:01:00,ASK_DEPTH,"[(100824, 586)]"
2019-06-28 16:01:00,IMBALANCE,"[461, 586]"
2019-06-28 16:01:00,MKT_CLOSED,
2019-06-28 16:01:00,FINAL_HOLDINGS,"{ JPM: 348, CASH: -26656916 }"
2019-06-28 16:01:00,FINAL_CASH_POSITION,-26656916
2019-06-28 16:01:00,MARK_TO_MARKET,348 JPM @ 100693 == 35041164
2019-06-28 16:01:00,MARKED_TO_MARKET,8384248
2019-06-28 16:01:00,ENDING_CASH,8384248
