EventTime,EventType,Event
,AGENT_TYPE,MomentumAgent
,STARTING_CASH,10000000
2019-06-28 09:30:00,HOLDINGS_UPDATED,{'CASH': 10000000}
2019-06-28 09:31:00,BID_DEPTH,"[(100003, 401)]"
2019-06-28 09:31:00,ASK_DEPTH,"[(100016, 201)]"
2019-06-28 09:31:00,IMBALANCE,"[401, 201]"
2019-06-28 09:32:00,BID_DEPTH,"[(99963, 237)]"
2019-06-28 09:32:00,ASK_DEPTH,"[(100016, 237)]"
2019-06-28 09:32:00,IMBALANCE,"[237, 237]"
2019-06-28 09:33:00,BID_DEPTH,"[(99956, 504)]"
2019-06-28 09:33:00,ASK_DEPTH,"[(100016, 504)]"
2019-06-28 09:33:00,IMBALANCE,"[504, 504]"
2019-06-28 09:34:00,BID_DEPTH,"[(99940, 504)]"
2019-06-28 09:34:00,ASK_DEPTH,"[(99956, 704)]"
2019-06-28 09:34:00,IMBALANCE,"[504, 704]"
2019-06-28 09:35:00,BID_DEPTH,"[(99935, 237)]"
2019-06-28 09:35:00,ASK_DEPTH,"[(99940, 156)]"
2019-06-28 09:35:00,IMBALANCE,"[237, 156]"
2019-06-28 09:36:00,BID_DEPTH,"[(99935, 504)]"
2019-06-28 09:36:00,ASK_DEPTH,"[(99940, 423)]"
2019-06-28 09:36:00,IMBALANCE,"[504, 423]"
2019-06-28 09:37:00,BID_DEPTH,"[(99910, 237)]"
2019-06-28 09:37:00,ASK_DEPTH,"[(99939, 237)]"
2019-06-28 09:37:00,IMBALANCE,"[237, 237]"
2019-06-28 09:38:00,BID_DEPTH,"[(99910, 504)]"
2019-06-28 09:38:00,ASK_DEPTH,"[(99939, 504)]"
2019-06-28 09:38:00,IMBALANCE,"[504, 504]"
2019-06-28 09:39:00,BID_DEPTH,"[(99898, 201)]"
2019-06-28 09:39:00,ASK_DEPTH,"[(99939, 201)]"
2019-06-28 09:39:00,IMBALANCE,"[201, 201]"
2019-06-28 09:40:00,BID_DEPTH,"[(99898, 504)]"
2019-06-28 09:40:00,ASK_DEPTH,"[(99940, 423)]"
2019-06-28 09:40:00,IMBALANCE,"[504, 423]"
2019-06-28 09:41:00,BID_DEPTH,"[(99898, 237)]"
2019-06-28 09:41:00,ASK_DEPTH,"[(99950, 237)]"
2019-06-28 09:41:00,IMBALANCE,"[237, 237]"
2019-06-28 09:42:00,BID_DEPTH,"[(99939, 402)]"
2019-06-28 09:42:00,ASK_DEPTH,"[(99950, 302)]"
2019-06-28 09:42:00,IMBALANCE,"[402, 302]"
2019-06-28 09:43:00,BID_DEPTH,"[(99940, 201)]"
2019-06-28 09:43:00,ASK_DEPTH,"[(99956, 301)]"
2019-06-28 09:43:00,IMBALANCE,"[201, 301]"
2019-06-28 09:44:00,BID_DEPTH,"[(99940, 237)]"
2019-06-28 09:44:00,ASK_DEPTH,"[(99956, 337)]"
2019-06-28 09:44:00,IMBALANCE,"[237, 337]"
2019-06-28 09:45:00,BID_DEPTH,"[(99940, 181)]"
2019-06-28 09:45:00,ASK_DEPTH,"[(99956, 281)]"
2019-06-28 09:45:00,IMBALANCE,"[181, 281]"
2019-06-28 09:46:00,BID_DEPTH,"[(99956, 301)]"
2019-06-28 09:46:00,ASK_DEPTH,"[(100065, 201)]"
2019-06-28 09:46:00,IMBALANCE,"[301, 201]"
2019-06-28 09:47:00,BID_DEPTH,"[(99956, 281)]"
2019-06-28 09:47:00,ASK_DEPTH,"[(100093, 181)]"
2019-06-28 09:47:00,IMBALANCE,"[281, 181]"
2019-06-28 09:48:00,BID_DEPTH,"[(99956, 604)]"
2019-06-28 09:48:00,ASK_DEPTH,"[(100093, 504)]"
2019-06-28 09:48:00,IMBALANCE,"[604, 504]"
2019-06-28 09:49:00,BID_DEPTH,"[(99956, 604)]"
2019-06-28 09:49:00,ASK_DEPTH,"[(100107, 504)]"
2019-06-28 09:49:00,IMBALANCE,"[604, 504]"
2019-06-28 09:50:00,BID_DEPTH,"[(100093, 181)]"
2019-06-28 09:50:00,ASK_DEPTH,"[(100112, 181)]"
2019-06-28 09:50:00,IMBALANCE,"[181, 181]"
2019-06-28 09:51:00,BID_DEPTH,"[(100107, 181)]"
2019-06-28 09:51:00,ASK_DEPTH,"[(100135, 181)]"
2019-06-28 09:51:00,IMBALANCE,"[181, 181]"
2019-06-28 09:52:00,BID_DEPTH,"[(100112, 181)]"
2019-06-28 09:52:00,ASK_DEPTH,"[(100135, 181)]"
2019-06-28 09:52:00,IMBALANCE,"[181, 181]"
2019-06-28 09:53:00,BID_DEPTH,"[(100112, 281)]"
2019-06-28 09:53:00,ASK_DEPTH,"[(100135, 181)]"
2019-06-28 09:53:00,IMBALANCE,"[281, 181]"
2019-06-28 09:54:00,BID_DEPTH,"[(100135, 201)]"
2019-06-28 09:54:00,ASK_DEPTH,"[(100155, 201)]"
2019-06-28 09:54:00,IMBALANCE,"[201, 201]"
2019-06-28 09:55:00,BID_DEPTH,"[(100170, 504)]"
2019-06-28 09:55:00,ASK_DEPTH,"[(100188, 504)]"
2019-06-28 09:55:00,IMBALANCE,"[504, 504]"
2019-06-28 09:56:00,BID_DEPTH,"[(100171, 181)]"
2019-06-28 09:56:00,ASK_DEPTH,"[(101336, 181)]"
2019-06-28 09:56:00,IMBALANCE,"[181, 181]"
2019-06-28 09:57:00,BID_DEPTH,"[(101488, 201)]"
2019-06-28 09:57:00,ASK_DEPTH,"[(101518, 201)]"
2019-06-28 09:57:00,IMBALANCE,"[201, 201]"
2019-06-28 09:58:00,BID_DEPTH,"[(101488, 181)]"
2019-06-28 09:58:00,ASK_DEPTH,"[(101518, 181)]"
2019-06-28 09:58:00,IMBALANCE,"[181, 181]"
2019-06-28 09:59:00,BID_DEPTH,"[(101488, 181)]"
2019-06-28 09:59:00,ASK_DEPTH,"[(101518, 181)]"
2019-06-28 09:59:00,IMBALANCE,"[181, 181]"
2019-06-28 10:00:00,BID_DEPTH,"[(101431, 504)]"
2019-06-28 10:00:00,ASK_DEPTH,"[(101518, 504)]"
2019-06-28 10:00:00,IMBALANCE,"[504, 504]"
2019-06-28 10:01:00,BID_DEPTH,"[(100341, 181)]"
2019-06-28 10:01:00,ASK_DEPTH,"[(101518, 181)]"
2019-06-28 10:01:00,IMBALANCE,"[181, 181]"
2019-06-28 10:02:00,BID_DEPTH,"[(100170, 337)]"
2019-06-28 10:02:00,ASK_DEPTH,"[(100341, 256)]"
2019-06-28 10:02:00,IMBALANCE,"[337, 256]"
2019-06-28 10:03:00,BID_DEPTH,"[(100170, 301)]"
2019-06-28 10:03:00,ASK_DEPTH,"[(100341, 220)]"
2019-06-28 10:03:00,IMBALANCE,"[301, 220]"
2019-06-28 10:04:00,BID_DEPTH,"[(100170, 281)]"
2019-06-28 10:04:00,ASK_DEPTH,"[(100341, 100)]"
2019-06-28 10:04:00,IMBALANCE,"[281, 100]"
2019-06-28 10:05:00,BID_DEPTH,"[(100170, 604)]"
2019-06-28 10:05:00,ASK_DEPTH,"[(100710, 504)]"
2019-06-28 10:05:00,IMBALANCE,"[604, 504]"
2019-06-28 10:06:00,BID_DEPTH,"[(100710, 502)]"
2019-06-28 10:06:00,ASK_DEPTH,"[(101325, 302)]"
2019-06-28 10:06:00,IMBALANCE,"[502, 302]"
2019-06-28 10:07:00,BID_DEPTH,"[(100710, 637)]"
2019-06-28 10:07:00,ASK_DEPTH,"[(101325, 237)]"
2019-06-28 10:07:00,IMBALANCE,"[637, 237]"
2019-06-28 10:08:00,BID_DEPTH,"[(100710, 537)]"
2019-06-28 10:08:00,ASK_DEPTH,"[(101325, 237)]"
2019-06-28 10:08:00,IMBALANCE,"[537, 237]"
2019-06-28 10:09:00,BID_DEPTH,"[(100710, 501)]"
2019-06-28 10:09:00,ASK_DEPTH,"[(101477, 201)]"
2019-06-28 10:09:00,IMBALANCE,"[501, 201]"
2019-06-28 10:10:00,BID_DEPTH,"[(101130, 181)]"
2019-06-28 10:10:00,ASK_DEPTH,"[(101477, 181)]"
2019-06-28 10:10:00,IMBALANCE,"[181, 181]"
2019-06-28 10:11:00,BID_DEPTH,"[(100768, 302)]"
2019-06-28 10:11:00,ASK_DEPTH,"[(100838, 302)]"
2019-06-28 10:11:00,IMBALANCE,"[302, 302]"
2019-06-28 10:12:00,BID_DEPTH,"[(100764, 302)]"
2019-06-28 10:12:00,ASK_DEPTH,"[(100838, 302)]"
2019-06-28 10:12:00,IMBALANCE,"[302, 302]"
2019-06-28 10:13:00,BID_DEPTH,"[(100764, 302)]"
2019-06-28 10:13:00,ASK_DEPTH,"[(100838, 302)]"
2019-06-28 10:13:00,IMBALANCE,"[302, 302]"
2019-06-28 10:14:00,BID_DEPTH,"[(100764, 504)]"
2019-06-28 10:14:00,ASK_DEPTH,"[(100932, 504)]"
2019-06-28 10:14:00,IMBALANCE,"[504, 504]"
2019-06-28 10:15:00,BID_DEPTH,"[(100710, 537)]"
2019-06-28 10:15:00,ASK_DEPTH,"[(101026, 237)]"
2019-06-28 10:15:00,IMBALANCE,"[537, 237]"
2019-06-28 10:16:00,BID_DEPTH,"[(100710, 501)]"
2019-06-28 10:16:00,ASK_DEPTH,"[(101106, 201)]"
2019-06-28 10:16:00,IMBALANCE,"[501, 201]"
2019-06-28 10:17:00,BID_DEPTH,"[(101106, 200)]"
2019-06-28 10:17:00,ASK_DEPTH,"[(101130, 237)]"
2019-06-28 10:17:00,IMBALANCE,"[200, 237]"
2019-06-28 10:18:00,BID_DEPTH,"[(101106, 164)]"
2019-06-28 10:18:00,ASK_DEPTH,"[(101224, 201)]"
2019-06-28 10:18:00,IMBALANCE,"[164, 201]"
2019-06-28 10:19:00,BID_DEPTH,"[(101107, 237)]"
2019-06-28 10:19:00,ASK_DEPTH,"[(101280, 237)]"
2019-06-28 10:19:00,IMBALANCE,"[237, 237]"
2019-06-28 10:20:00,BID_DEPTH,"[(101408, 156)]"
2019-06-28 10:20:00,ASK_DEPTH,"[(101423, 237)]"
2019-06-28 10:20:00,IMBALANCE,"[156, 237]"
2019-06-28 10:21:00,BID_DEPTH,"[(101107, 302)]"
2019-06-28 10:21:00,ASK_DEPTH,"[(101412, 300)]"
2019-06-28 10:21:00,IMBALANCE,"[302, 300]"
2019-06-28 10:21:00,HOLDINGS_UPDATED,"{'CASH': 9594352, 'JPM': 4}"
2019-06-28 10:22:00,BID_DEPTH,"[(100930, 302)]"
2019-06-28 10:22:00,ASK_DEPTH,"[(101035, 300)]"
2019-06-28 10:22:00,IMBALANCE,"[302, 300]"
2019-06-28 10:22:00,HOLDINGS_UPDATED,"{'CASH': 9190212, 'JPM': 8}"
2019-06-28 10:23:00,BID_DEPTH,"[(100930, 201)]"
2019-06-28 10:23:00,ASK_DEPTH,"[(101035, 199)]"
2019-06-28 10:23:00,IMBALANCE,"[201, 199]"
2019-06-28 10:23:00,HOLDINGS_UPDATED,"{'CASH': 8786072, 'JPM': 12}"
2019-06-28 10:24:00,BID_DEPTH,"[(100710, 302)]"
2019-06-28 10:24:00,ASK_DEPTH,"[(101107, 300)]"
2019-06-28 10:24:00,IMBALANCE,"[302, 300]"
2019-06-28 10:24:00,HOLDINGS_UPDATED,"{'CASH': 8381644, 'JPM': 16}"
2019-06-28 10:25:00,BID_DEPTH,"[(100710, 302)]"
2019-06-28 10:25:00,ASK_DEPTH,"[(101497, 300)]"
2019-06-28 10:25:00,IMBALANCE,"[302, 300]"
2019-06-28 10:25:00,HOLDINGS_UPDATED,"{'CASH': 7975656, 'JPM': 20}"
2019-06-28 10:26:00,BID_DEPTH,"[(100659, 302)]"
2019-06-28 10:26:00,ASK_DEPTH,"[(101530, 300)]"
2019-06-28 10:26:00,IMBALANCE,"[302, 300]"
2019-06-28 10:26:00,HOLDINGS_UPDATED,"{'CASH': 7569536, 'JPM': 24}"
2019-06-28 10:27:00,BID_DEPTH,"[(100535, 201)]"
2019-06-28 10:27:00,ASK_DEPTH,"[(101530, 199)]"
2019-06-28 10:27:00,IMBALANCE,"[201, 199]"
2019-06-28 10:27:00,HOLDINGS_UPDATED,"{'CASH': 7163416, 'JPM': 28}"
2019-06-28 10:28:00,BID_DEPTH,"[(100502, 181)]"
2019-06-28 10:28:00,ASK_DEPTH,"[(102022, 179)]"
2019-06-28 10:28:00,IMBALANCE,"[181, 179]"
2019-06-28 10:28:00,HOLDINGS_UPDATED,"{'CASH': 6755328, 'JPM': 32}"
2019-06-28 10:29:00,BID_DEPTH,"[(100502, 100)]"
2019-06-28 10:29:00,ASK_DEPTH,[]
2019-06-28 10:29:00,IMBALANCE,"[100, 0]"
2019-06-28 10:30:00,BID_DEPTH,"[(100281, 302)]"
2019-06-28 10:30:00,ASK_DEPTH,"[(102021, 400)]"
2019-06-28 10:30:00,IMBALANCE,"[302, 400]"
2019-06-28 10:30:00,HOLDINGS_UPDATED,"{'CASH': 6347244, 'JPM': 36}"
2019-06-28 10:31:00,BID_DEPTH,"[(100281, 181)]"
2019-06-28 10:31:00,ASK_DEPTH,"[(102021, 269)]"
2019-06-28 10:31:00,IMBALANCE,"[181, 269]"
2019-06-28 10:31:00,HOLDINGS_UPDATED,"{'CASH': 5939160, 'JPM': 40}"
2019-06-28 10:32:00,BID_DEPTH,"[(100281, 302)]"
2019-06-28 10:32:00,ASK_DEPTH,"[(102021, 280)]"
2019-06-28 10:32:00,IMBALANCE,"[302, 280]"
2019-06-28 10:32:00,HOLDINGS_UPDATED,"{'CASH': 5531076, 'JPM': 44}"
2019-06-28 10:33:00,BID_DEPTH,"[(100143, 100)]"
2019-06-28 10:33:00,ASK_DEPTH,[]
2019-06-28 10:33:00,IMBALANCE,"[100, 0]"
2019-06-28 10:34:00,BID_DEPTH,"[(100244, 302)]"
2019-06-28 10:34:00,ASK_DEPTH,"[(100466, 300)]"
2019-06-28 10:34:00,IMBALANCE,"[302, 300]"
2019-06-28 10:34:00,HOLDINGS_UPDATED,"{'CASH': 5129212, 'JPM': 48}"
2019-06-28 10:35:00,BID_DEPTH,"[(100286, 201)]"
2019-06-28 10:35:00,ASK_DEPTH,"[(100466, 199)]"
2019-06-28 10:35:00,IMBALANCE,"[201, 199]"
2019-06-28 10:35:00,HOLDINGS_UPDATED,"{'CASH': 4727348, 'JPM': 52}"
2019-06-28 10:36:00,BID_DEPTH,"[(100286, 237)]"
2019-06-28 10:36:00,ASK_DEPTH,"[(100453, 235)]"
2019-06-28 10:36:00,IMBALANCE,"[237, 235]"
2019-06-28 10:36:00,HOLDINGS_UPDATED,"{'CASH': 4325536, 'JPM': 56}"
2019-06-28 10:37:00,BID_DEPTH,"[(100376, 237)]"
2019-06-28 10:37:00,ASK_DEPTH,"[(100466, 235)]"
2019-06-28 10:37:00,IMBALANCE,"[237, 235]"
2019-06-28 10:37:00,HOLDINGS_UPDATED,"{'CASH': 3923672, 'JPM': 60}"
2019-06-28 10:38:00,BID_DEPTH,"[(100312, 504)]"
2019-06-28 10:38:00,ASK_DEPTH,"[(100794, 502)]"
2019-06-28 10:38:00,IMBALANCE,"[504, 502]"
2019-06-28 10:38:00,HOLDINGS_UPDATED,"{'CASH': 3520496, 'JPM': 64}"
2019-06-28 10:39:00,BID_DEPTH,"[(100288, 181)]"
2019-06-28 10:39:00,ASK_DEPTH,"[(100794, 279)]"
2019-06-28 10:39:00,IMBALANCE,"[181, 279]"
2019-06-28 10:39:00,HOLDINGS_UPDATED,"{'CASH': 3117320, 'JPM': 68}"
2019-06-28 10:40:00,BID_DEPTH,"[(100288, 100)]"
2019-06-28 10:40:00,ASK_DEPTH,[]
2019-06-28 10:40:00,IMBALANCE,"[100, 0]"
2019-06-28 10:41:00,BID_DEPTH,"[(100300, 100)]"
2019-06-28 10:41:00,ASK_DEPTH,[]
2019-06-28 10:41:00,IMBALANCE,"[100, 0]"
2019-06-28 10:42:00,BID_DEPTH,"[(100300, 100)]"
2019-06-28 10:42:00,ASK_DEPTH,[]
2019-06-28 10:42:00,IMBALANCE,"[100, 0]"
2019-06-28 10:43:00,BID_DEPTH,"[(100300, 504)]"
2019-06-28 10:43:00,ASK_DEPTH,"[(100793, 502)]"
2019-06-28 10:43:00,IMBALANCE,"[504, 502]"
2019-06-28 10:43:00,HOLDINGS_UPDATED,"{'CASH': 2714148, 'JPM': 72}"
2019-06-28 10:44:00,BID_DEPTH,"[(100300, 302)]"
2019-06-28 10:44:00,ASK_DEPTH,"[(100563, 300)]"
2019-06-28 10:44:00,IMBALANCE,"[302, 300]"
2019-06-28 10:44:00,HOLDINGS_UPDATED,"{'CASH': 2311896, 'JPM': 76}"
2019-06-28 10:45:00,BID_DEPTH,"[(100396, 179)]"
2019-06-28 10:45:00,ASK_DEPTH,"[(100563, 181)]"
2019-06-28 10:45:00,IMBALANCE,"[179, 181]"
2019-06-28 10:45:00,HOLDINGS_UPDATED,"{'CASH': 2713480, 'JPM': 72}"
2019-06-28 10:46:00,BID_DEPTH,"[(100300, 235)]"
2019-06-28 10:46:00,ASK_DEPTH,"[(100302, 237)]"
2019-06-28 10:46:00,IMBALANCE,"[235, 237]"
2019-06-28 10:46:00,HOLDINGS_UPDATED,"{'CASH': 3114680, 'JPM': 68}"
2019-06-28 10:47:00,BID_DEPTH,"[(100244, 502)]"
2019-06-28 10:47:00,ASK_DEPTH,"[(100300, 504)]"
2019-06-28 10:47:00,IMBALANCE,"[502, 504]"
2019-06-28 10:47:00,HOLDINGS_UPDATED,"{'CASH': 3515656, 'JPM': 64}"
2019-06-28 10:48:00,BID_DEPTH,"[(100244, 400)]"
2019-06-28 10:48:00,ASK_DEPTH,"[(100300, 302)]"
2019-06-28 10:48:00,IMBALANCE,"[400, 302]"
2019-06-28 10:48:00,HOLDINGS_UPDATED,"{'CASH': 3916632, 'JPM': 60}"
2019-06-28 10:49:00,BID_DEPTH,"[(100224, 235)]"
2019-06-28 10:49:00,ASK_DEPTH,"[(100302, 237)]"
2019-06-28 10:49:00,IMBALANCE,"[235, 237]"
2019-06-28 10:49:00,HOLDINGS_UPDATED,"{'CASH': 4317528, 'JPM': 56}"
2019-06-28 10:50:00,BID_DEPTH,"[(100144, 502)]"
2019-06-28 10:50:00,ASK_DEPTH,"[(100302, 504)]"
2019-06-28 10:50:00,IMBALANCE,"[502, 504]"
2019-06-28 10:50:00,HOLDINGS_UPDATED,"{'CASH': 4718104, 'JPM': 52}"
2019-06-28 10:51:00,BID_DEPTH,"[(100193, 235)]"
2019-06-28 10:51:00,ASK_DEPTH,"[(100319, 237)]"
2019-06-28 10:51:00,IMBALANCE,"[235, 237]"
2019-06-28 10:51:00,HOLDINGS_UPDATED,"{'CASH': 5118876, 'JPM': 48}"
2019-06-28 10:52:00,BID_DEPTH,"[(100193, 279)]"
2019-06-28 10:52:00,ASK_DEPTH,"[(100365, 181)]"
2019-06-28 10:52:00,IMBALANCE,"[279, 181]"
2019-06-28 10:52:00,HOLDINGS_UPDATED,"{'CASH': 5519648, 'JPM': 44}"
2019-06-28 10:53:00,BID_DEPTH,"[(100365, 300)]"
2019-06-28 10:53:00,ASK_DEPTH,"[(100490, 302)]"
2019-06-28 10:53:00,IMBALANCE,"[300, 302]"
2019-06-28 10:53:00,HOLDINGS_UPDATED,"{'CASH': 5921108, 'JPM': 40}"
2019-06-28 10:54:00,BID_DEPTH,"[(100490, 300)]"
2019-06-28 10:54:00,ASK_DEPTH,"[(100553, 302)]"
2019-06-28 10:54:00,IMBALANCE,"[300, 302]"
2019-06-28 10:54:00,HOLDINGS_UPDATED,"{'CASH': 6323068, 'JPM': 36}"
2019-06-28 10:55:00,BID_DEPTH,"[(100490, 300)]"
2019-06-28 10:55:00,ASK_DEPTH,"[(100553, 302)]"
2019-06-28 10:55:00,IMBALANCE,"[300, 302]"
2019-06-28 10:55:00,HOLDINGS_UPDATED,"{'CASH': 6725028, 'JPM': 32}"
2019-06-28 10:56:00,BID_DEPTH,"[(100193, 169)]"
2019-06-28 10:56:00,ASK_DEPTH,"[(100212, 181)]"
2019-06-28 10:56:00,IMBALANCE,"[169, 181]"
2019-06-28 10:56:00,HOLDINGS_UPDATED,"{'CASH': 7125800, 'JPM': 28}"
2019-06-28 10:57:00,BID_DEPTH,"[(100144, 202)]"
2019-06-28 10:57:00,ASK_DEPTH,"[(100212, 302)]"
2019-06-28 10:57:00,IMBALANCE,"[202, 302]"
2019-06-28 10:57:00,HOLDINGS_UPDATED,"{'CASH': 7526376, 'JPM': 24}"
2019-06-28 10:58:00,BID_DEPTH,"[(100131, 502)]"
2019-06-28 10:58:00,ASK_DEPTH,"[(100212, 504)]"
2019-06-28 10:58:00,IMBALANCE,"[502, 504]"
2019-06-28 10:58:00,HOLDINGS_UPDATED,"{'CASH': 7926900, 'JPM': 20}"
2019-06-28 10:59:00,BID_DEPTH,"[(99824, 235)]"
2019-06-28 10:59:00,ASK_DEPTH,"[(99971, 237)]"
2019-06-28 10:59:00,IMBALANCE,"[235, 237]"
2019-06-28 10:59:00,HOLDINGS_UPDATED,"{'CASH': 8326196, 'JPM': 16}"
2019-06-28 11:00:00,BID_DEPTH,"[(99789, 502)]"
2019-06-28 11:00:00,ASK_DEPTH,"[(99835, 504)]"
2019-06-28 11:00:00,IMBALANCE,"[502, 504]"
2019-06-28 11:00:00,HOLDINGS_UPDATED,"{'CASH': 8725352, 'JPM': 12}"
2019-06-28 11:01:00,BID_DEPTH,"[(99790, 179)]"
2019-06-28 11:01:00,ASK_DEPTH,"[(99835, 181)]"
2019-06-28 11:01:00,IMBALANCE,"[179, 181]"
2019-06-28 11:01:00,HOLDINGS_UPDATED,"{'CASH': 9124512, 'JPM': 8}"
2019-06-28 11:02:00,BID_DEPTH,"[(99790, 401)]"
2019-06-28 11:02:00,ASK_DEPTH,"[(99835, 201)]"
2019-06-28 11:02:00,IMBALANCE,"[401, 201]"
2019-06-28 11:02:00,HOLDINGS_UPDATED,"{'CASH': 9523672, 'JPM': 4}"
2019-06-28 11:03:00,BID_DEPTH,"[(99637, 235)]"
2019-06-28 11:03:00,ASK_DEPTH,"[(99971, 237)]"
2019-06-28 11:03:00,IMBALANCE,"[235, 237]"
2019-06-28 11:03:00,HOLDINGS_UPDATED,{'CASH': 9922220}
2019-06-28 11:04:00,BID_DEPTH,"[(99112, 199)]"
2019-06-28 11:04:00,ASK_DEPTH,"[(99637, 201)]"
2019-06-28 11:04:00,IMBALANCE,"[199, 201]"
2019-06-28 11:04:00,HOLDINGS_UPDATED,"{'CASH': 10318668, 'JPM': -4}"
2019-06-28 11:05:00,BID_DEPTH,"[(99377, 502)]"
2019-06-28 11:05:00,ASK_DEPTH,"[(99637, 504)]"
2019-06-28 11:05:00,IMBALANCE,"[502, 504]"
2019-06-28 11:05:00,HOLDINGS_UPDATED,"{'CASH': 10716176, 'JPM': -8}"
2019-06-28 11:06:00,BID_DEPTH,"[(99603, 300)]"
2019-06-28 11:06:00,ASK_DEPTH,"[(99637, 302)]"
2019-06-28 11:06:00,IMBALANCE,"[300, 302]"
2019-06-28 11:06:00,HOLDINGS_UPDATED,"{'CASH': 11114588, 'JPM': -12}"
2019-06-28 11:07:00,BID_DEPTH,"[(99605, 199)]"
2019-06-28 11:07:00,ASK_DEPTH,"[(99767, 201)]"
2019-06-28 11:07:00,IMBALANCE,"[199, 201]"
2019-06-28 11:07:00,HOLDINGS_UPDATED,"{'CASH': 11513008, 'JPM': -16}"
2019-06-28 11:08:00,BID_DEPTH,"[(99605, 302)]"
2019-06-28 11:08:00,ASK_DEPTH,"[(99767, 302)]"
2019-06-28 11:08:00,IMBALANCE,"[302, 302]"
2019-06-28 11:08:00,HOLDINGS_UPDATED,"{'CASH': 11911428, 'JPM': -20}"
2019-06-28 11:09:00,BID_DEPTH,"[(99605, 137)]"
2019-06-28 11:09:00,ASK_DEPTH,"[(99767, 237)]"
2019-06-28 11:09:00,IMBALANCE,"[137, 237]"
2019-06-28 11:09:00,HOLDINGS_UPDATED,"{'CASH': 12309848, 'JPM': -24}"
2019-06-28 11:10:00,BID_DEPTH,"[(99603, 237)]"
2019-06-28 11:10:00,ASK_DEPTH,"[(99605, 237)]"
2019-06-28 11:10:00,IMBALANCE,"[237, 237]"
2019-06-28 11:10:00,HOLDINGS_UPDATED,"{'CASH': 12708260, 'JPM': -28}"
2019-06-28 11:11:00,BID_DEPTH,"[(99603, 101)]"
2019-06-28 11:11:00,ASK_DEPTH,"[(99605, 201)]"
2019-06-28 11:11:00,IMBALANCE,"[101, 201]"
2019-06-28 11:11:00,HOLDINGS_UPDATED,"{'CASH': 13106672, 'JPM': -32}"
2019-06-28 11:12:00,BID_DEPTH,"[(99498, 179)]"
2019-06-28 11:12:00,ASK_DEPTH,"[(99605, 181)]"
2019-06-28 11:12:00,IMBALANCE,"[179, 181]"
2019-06-28 11:12:00,HOLDINGS_UPDATED,"{'CASH': 13504664, 'JPM': -36}"
2019-06-28 11:13:00,BID_DEPTH,"[(99498, 335)]"
2019-06-28 11:13:00,ASK_DEPTH,"[(99695, 237)]"
2019-06-28 11:13:00,IMBALANCE,"[335, 237]"
2019-06-28 11:13:00,HOLDINGS_UPDATED,"{'CASH': 13902656, 'JPM': -40}"
2019-06-28 11:14:00,BID_DEPTH,"[(99396, 300)]"
2019-06-28 11:14:00,ASK_DEPTH,"[(99695, 302)]"
2019-06-28 11:14:00,IMBALANCE,"[300, 302]"
2019-06-28 11:14:00,HOLDINGS_UPDATED,"{'CASH': 14300240, 'JPM': -44}"
2019-06-28 11:15:00,BID_DEPTH,"[(99391, 235)]"
2019-06-28 11:15:00,ASK_DEPTH,"[(99515, 237)]"
2019-06-28 11:15:00,IMBALANCE,"[235, 237]"
2019-06-28 11:15:00,HOLDINGS_UPDATED,"{'CASH': 14697804, 'JPM': -48}"
2019-06-28 11:16:00,BID_DEPTH,"[(99378, 299)]"
2019-06-28 11:16:00,ASK_DEPTH,"[(99515, 201)]"
2019-06-28 11:16:00,IMBALANCE,"[299, 201]"
2019-06-28 11:16:00,HOLDINGS_UPDATED,"{'CASH': 15095316, 'JPM': -52}"
2019-06-28 11:17:00,BID_DEPTH,"[(99301, 179)]"
2019-06-28 11:17:00,ASK_DEPTH,"[(99515, 181)]"
2019-06-28 11:17:00,IMBALANCE,"[179, 181]"
2019-06-28 11:17:00,HOLDINGS_UPDATED,"{'CASH': 15492520, 'JPM': -56}"
2019-06-28 11:18:00,BID_DEPTH,"[(99276, 179)]"
2019-06-28 11:18:00,ASK_DEPTH,"[(99301, 210)]"
2019-06-28 11:18:00,IMBALANCE,"[179, 210]"
2019-06-28 11:18:00,HOLDINGS_UPDATED,"{'CASH': 15889624, 'JPM': -60}"
2019-06-28 11:19:00,BID_DEPTH,"[(99209, 199)]"
2019-06-28 11:19:00,ASK_DEPTH,"[(99301, 230)]"
2019-06-28 11:19:00,IMBALANCE,"[199, 230]"
2019-06-28 11:19:00,HOLDINGS_UPDATED,"{'CASH': 16286460, 'JPM': -64}"
2019-06-28 11:20:00,BID_DEPTH,"[(99209, 604)]"
2019-06-28 11:20:00,ASK_DEPTH,"[(99301, 433)]"
2019-06-28 11:20:00,IMBALANCE,"[604, 433]"
2019-06-28 11:20:00,HOLDINGS_UPDATED,"{'CASH': 16683296, 'JPM': -68}"
2019-06-28 11:21:00,BID_DEPTH,"[(99302, 199)]"
2019-06-28 11:21:00,ASK_DEPTH,"[(99676, 201)]"
2019-06-28 11:21:00,IMBALANCE,"[199, 201]"
2019-06-28 11:21:00,HOLDINGS_UPDATED,"{'CASH': 17080504, 'JPM': -72}"
2019-06-28 11:22:00,BID_DEPTH,"[(99302, 179)]"
2019-06-28 11:22:00,ASK_DEPTH,"[(99767, 181)]"
2019-06-28 11:22:00,IMBALANCE,"[179, 181]"
2019-06-28 11:22:00,HOLDINGS_UPDATED,"{'CASH': 17477712, 'JPM': -76}"
2019-06-28 11:23:00,BID_DEPTH,"[(99301, 133)]"
2019-06-28 11:23:00,ASK_DEPTH,"[(99451, 201)]"
2019-06-28 11:23:00,IMBALANCE,"[133, 201]"
2019-06-28 11:23:00,HOLDINGS_UPDATED,"{'CASH': 17874916, 'JPM': -80}"
2019-06-28 11:24:00,BID_DEPTH,"[(99209, 193)]"
2019-06-28 11:24:00,ASK_DEPTH,"[(99445, 201)]"
2019-06-28 11:24:00,IMBALANCE,"[193, 201]"
2019-06-28 11:24:00,HOLDINGS_UPDATED,"{'CASH': 18271752, 'JPM': -84}"
2019-06-28 11:25:00,BID_DEPTH,"[(99209, 602)]"
2019-06-28 11:25:00,ASK_DEPTH,"[(99451, 504)]"
2019-06-28 11:25:00,IMBALANCE,"[602, 504]"
2019-06-28 11:25:00,HOLDINGS_UPDATED,"{'CASH': 18668588, 'JPM': -88}"
2019-06-28 11:26:00,BID_DEPTH,"[(99269, 199)]"
2019-06-28 11:26:00,ASK_DEPTH,"[(99317, 201)]"
2019-06-28 11:26:00,IMBALANCE,"[199, 201]"
2019-06-28 11:26:00,HOLDINGS_UPDATED,"{'CASH': 19065664, 'JPM': -92}"
2019-06-28 11:27:00,BID_DEPTH,"[(99269, 502)]"
2019-06-28 11:27:00,ASK_DEPTH,"[(99373, 504)]"
2019-06-28 11:27:00,IMBALANCE,"[502, 504]"
2019-06-28 11:27:00,HOLDINGS_UPDATED,"{'CASH': 19462740, 'JPM': -96}"
2019-06-28 11:28:00,BID_DEPTH,"[(99209, 290)]"
2019-06-28 11:28:00,ASK_DEPTH,"[(99373, 302)]"
2019-06-28 11:28:00,IMBALANCE,"[290, 302]"
2019-06-28 11:28:00,HOLDINGS_UPDATED,"{'CASH': 19859576, 'JPM': -100}"
2019-06-28 11:29:00,BID_DEPTH,"[(99210, 602)]"
2019-06-28 11:29:00,ASK_DEPTH,"[(99451, 604)]"
2019-06-28 11:29:00,IMBALANCE,"[602, 604]"
2019-06-28 11:29:00,HOLDINGS_UPDATED,"{'CASH': 20256416, 'JPM': -104}"
2019-06-28 11:30:00,BID_DEPTH,"[(99211, 179)]"
2019-06-28 11:30:00,ASK_DEPTH,"[(99451, 181)]"
2019-06-28 11:30:00,IMBALANCE,"[179, 181]"
2019-06-28 11:30:00,HOLDINGS_UPDATED,"{'CASH': 20653260, 'JPM': -108}"
2019-06-28 11:31:00,BID_DEPTH,"[(99210, 592)]"
2019-06-28 11:31:00,ASK_DEPTH,"[(99451, 504)]"
2019-06-28 11:31:00,IMBALANCE,"[592, 504]"
2019-06-28 11:31:00,HOLDINGS_UPDATED,"{'CASH': 21050100, 'JPM': -112}"
2019-06-28 11:32:00,BID_DEPTH,"[(99210, 359)]"
2019-06-28 11:32:00,ASK_DEPTH,"[(99243, 181)]"
2019-06-28 11:32:00,IMBALANCE,"[359, 181]"
2019-06-28 11:32:00,HOLDINGS_UPDATED,"{'CASH': 21446940, 'JPM': -116}"
2019-06-28 11:33:00,BID_DEPTH,"[(99210, 369)]"
2019-06-28 11:33:00,ASK_DEPTH,"[(99243, 201)]"
2019-06-28 11:33:00,IMBALANCE,"[369, 201]"
2019-06-28 11:33:00,HOLDINGS_UPDATED,"{'CASH': 21843780, 'JPM': -120}"
2019-06-28 11:34:00,BID_DEPTH,"[(99210, 195)]"
2019-06-28 11:34:00,ASK_DEPTH,"[(99232, 237)]"
2019-06-28 11:34:00,IMBALANCE,"[195, 237]"
2019-06-28 11:34:00,HOLDINGS_UPDATED,"{'CASH': 22240620, 'JPM': -124}"
2019-06-28 11:35:00,BID_DEPTH,"[(99209, 235)]"
2019-06-28 11:35:00,ASK_DEPTH,"[(99232, 237)]"
2019-06-28 11:35:00,IMBALANCE,"[235, 237]"
2019-06-28 11:35:00,HOLDINGS_UPDATED,"{'CASH': 22637456, 'JPM': -128}"
2019-06-28 11:36:00,BID_DEPTH,"[(99193, 235)]"
2019-06-28 11:36:00,ASK_DEPTH,"[(99243, 237)]"
2019-06-28 11:36:00,IMBALANCE,"[235, 237]"
2019-06-28 11:36:00,HOLDINGS_UPDATED,"{'CASH': 23034228, 'JPM': -132}"
2019-06-28 11:37:00,BID_DEPTH,"[(99193, 299)]"
2019-06-28 11:37:00,ASK_DEPTH,"[(99243, 201)]"
2019-06-28 11:37:00,IMBALANCE,"[299, 201]"
2019-06-28 11:37:00,HOLDINGS_UPDATED,"{'CASH': 23431000, 'JPM': -136}"
2019-06-28 11:38:00,BID_DEPTH,"[(99194, 179)]"
2019-06-28 11:38:00,ASK_DEPTH,"[(99393, 181)]"
2019-06-28 11:38:00,IMBALANCE,"[179, 181]"
2019-06-28 11:38:00,HOLDINGS_UPDATED,"{'CASH': 23827776, 'JPM': -140}"
2019-06-28 11:39:00,BID_DEPTH,"[(99193, 492)]"
2019-06-28 11:39:00,ASK_DEPTH,"[(99393, 504)]"
2019-06-28 11:39:00,IMBALANCE,"[492, 504]"
2019-06-28 11:39:00,HOLDINGS_UPDATED,"{'CASH': 24224548, 'JPM': -144}"
2019-06-28 11:40:00,BID_DEPTH,"[(99193, 602)]"
2019-06-28 11:40:00,ASK_DEPTH,"[(99501, 504)]"
2019-06-28 11:40:00,IMBALANCE,"[602, 504]"
2019-06-28 11:40:00,HOLDINGS_UPDATED,"{'CASH': 24621320, 'JPM': -148}"
2019-06-28 11:41:00,BID_DEPTH,"[(99193, 269)]"
2019-06-28 11:41:00,ASK_DEPTH,"[(99501, 181)]"
2019-06-28 11:41:00,IMBALANCE,"[269, 181]"
2019-06-28 11:41:00,HOLDINGS_UPDATED,"{'CASH': 25018092, 'JPM': -152}"
2019-06-28 11:42:00,BID_DEPTH,"[(99193, 482)]"
2019-06-28 11:42:00,ASK_DEPTH,"[(99501, 504)]"
2019-06-28 11:42:00,IMBALANCE,"[482, 504]"
2019-06-28 11:42:00,HOLDINGS_UPDATED,"{'CASH': 25414864, 'JPM': -156}"
2019-06-28 11:43:00,BID_DEPTH,"[(99194, 199)]"
2019-06-28 11:43:00,ASK_DEPTH,"[(99508, 201)]"
2019-06-28 11:43:00,IMBALANCE,"[199, 201]"
2019-06-28 11:43:00,HOLDINGS_UPDATED,"{'CASH': 25811640, 'JPM': -160}"
2019-06-28 11:44:00,BID_DEPTH,"[(99509, 199)]"
2019-06-28 11:44:00,ASK_DEPTH,"[(99764, 201)]"
2019-06-28 11:44:00,IMBALANCE,"[199, 201]"
2019-06-28 11:44:00,HOLDINGS_UPDATED,"{'CASH': 26209676, 'JPM': -164}"
2019-06-28 11:45:00,BID_DEPTH,"[(99508, 501)]"
2019-06-28 11:45:00,ASK_DEPTH,"[(99813, 504)]"
2019-06-28 11:45:00,IMBALANCE,"[501, 504]"
2019-06-28 11:45:00,HOLDINGS_UPDATED,"{'CASH': 26607708, 'JPM': -168}"
2019-06-28 11:46:00,BID_DEPTH,"[(99193, 502)]"
2019-06-28 11:46:00,ASK_DEPTH,"[(99833, 504)]"
2019-06-28 11:46:00,IMBALANCE,"[502, 504]"
2019-06-28 11:46:00,HOLDINGS_UPDATED,"{'CASH': 27004480, 'JPM': -172}"
2019-06-28 11:47:00,BID_DEPTH,"[(99194, 279)]"
2019-06-28 11:47:00,ASK_DEPTH,"[(99982, 181)]"
2019-06-28 11:47:00,IMBALANCE,"[279, 181]"
2019-06-28 11:47:00,HOLDINGS_UPDATED,"{'CASH': 27401256, 'JPM': -176}"
2019-06-28 11:48:00,BID_DEPTH,"[(99839, 179)]"
2019-06-28 11:48:00,ASK_DEPTH,"[(100095, 181)]"
2019-06-28 11:48:00,IMBALANCE,"[179, 181]"
2019-06-28 11:48:00,HOLDINGS_UPDATED,"{'CASH': 27800612, 'JPM': -180}"
2019-06-28 11:49:00,BID_DEPTH,"[(99194, 290)]"
2019-06-28 11:49:00,ASK_DEPTH,"[(99699, 302)]"
2019-06-28 11:49:00,IMBALANCE,"[290, 302]"
2019-06-28 11:49:00,HOLDINGS_UPDATED,"{'CASH': 28197388, 'JPM': -184}"
2019-06-28 11:50:00,BID_DEPTH,"[(99194, 199)]"
2019-06-28 11:50:00,ASK_DEPTH,"[(100095, 201)]"
2019-06-28 11:50:00,IMBALANCE,"[199, 201]"
2019-06-28 11:50:00,HOLDINGS_UPDATED,"{'CASH': 28594164, 'JPM': -188}"
2019-06-28 11:51:00,BID_DEPTH,"[(99812, 502)]"
2019-06-28 11:51:00,ASK_DEPTH,"[(99862, 504)]"
2019-06-28 11:51:00,IMBALANCE,"[502, 504]"
2019-06-28 11:51:00,HOLDINGS_UPDATED,"{'CASH': 28993412, 'JPM': -192}"
2019-06-28 11:52:00,BID_DEPTH,"[(100014, 237)]"
2019-06-28 11:52:00,ASK_DEPTH,"[(100095, 235)]"
2019-06-28 11:52:00,IMBALANCE,"[237, 235]"
2019-06-28 11:52:00,HOLDINGS_UPDATED,"{'CASH': 28593032, 'JPM': -188}"
2019-06-28 11:53:00,BID_DEPTH,"[(99812, 201)]"
2019-06-28 11:53:00,ASK_DEPTH,"[(100095, 101)]"
2019-06-28 11:53:00,IMBALANCE,"[201, 101]"
2019-06-28 11:53:00,HOLDINGS_UPDATED,"{'CASH': 28192652, 'JPM': -184}"
2019-06-28 11:54:00,BID_DEPTH,"[(100095, 207)]"
2019-06-28 11:54:00,ASK_DEPTH,"[(100136, 300)]"
2019-06-28 11:54:00,IMBALANCE,"[207, 300]"
2019-06-28 11:54:00,HOLDINGS_UPDATED,"{'CASH': 27792108, 'JPM': -180}"
2019-06-28 11:55:00,BID_DEPTH,"[(99981, 181)]"
2019-06-28 11:55:00,ASK_DEPTH,"[(100095, 93)]"
2019-06-28 11:55:00,IMBALANCE,"[181, 93]"
2019-06-28 11:55:00,HOLDINGS_UPDATED,"{'CASH': 27391728, 'JPM': -176}"
2019-06-28 11:56:00,BID_DEPTH,"[(100095, 185)]"
2019-06-28 11:56:00,ASK_DEPTH,"[(100135, 370)]"
2019-06-28 11:56:00,IMBALANCE,"[185, 370]"
2019-06-28 11:56:00,HOLDINGS_UPDATED,"{'CASH': 26991188, 'JPM': -172}"
2019-06-28 11:57:00,BID_DEPTH,"[(100095, 306)]"
2019-06-28 11:57:00,ASK_DEPTH,"[(100135, 383)]"
2019-06-28 11:57:00,IMBALANCE,"[306, 383]"
2019-06-28 11:57:00,HOLDINGS_UPDATED,"{'CASH': 26590648, 'JPM': -168}"
2019-06-28 11:58:00,BID_DEPTH,"[(100136, 219)]"
2019-06-28 11:58:00,ASK_DEPTH,"[(100216, 300)]"
2019-06-28 11:58:00,IMBALANCE,"[219, 300]"
2019-06-28 11:58:00,HOLDINGS_UPDATED,"{'CASH': 26189784, 'JPM': -164}"
2019-06-28 11:59:00,BID_DEPTH,"[(100136, 154)]"
2019-06-28 11:59:00,ASK_DEPTH,"[(100240, 235)]"
2019-06-28 11:59:00,IMBALANCE,"[154, 235]"
2019-06-28 11:59:00,HOLDINGS_UPDATED,"{'CASH': 25788824, 'JPM': -160}"
2019-06-28 12:00:00,BID_DEPTH,"[(100473, 201)]"
2019-06-28 12:00:00,ASK_DEPTH,"[(100521, 199)]"
2019-06-28 12:00:00,IMBALANCE,"[201, 199]"
2019-06-28 12:00:00,HOLDINGS_UPDATED,"{'CASH': 25386740, 'JPM': -156}"
2019-06-28 12:01:00,BID_DEPTH,"[(100473, 237)]"
2019-06-28 12:01:00,ASK_DEPTH,"[(100644, 235)]"
2019-06-28 12:01:00,IMBALANCE,"[237, 235]"
2019-06-28 12:01:00,HOLDINGS_UPDATED,"{'CASH': 24984164, 'JPM': -152}"
2019-06-28 12:02:00,BID_DEPTH,"[(100473, 201)]"
2019-06-28 12:02:00,ASK_DEPTH,"[(101023, 199)]"
2019-06-28 12:02:00,IMBALANCE,"[201, 199]"
2019-06-28 12:02:00,HOLDINGS_UPDATED,"{'CASH': 24580072, 'JPM': -148}"
2019-06-28 12:03:00,BID_DEPTH,"[(100939, 504)]"
2019-06-28 12:03:00,ASK_DEPTH,"[(101023, 404)]"
2019-06-28 12:03:00,IMBALANCE,"[504, 404]"
2019-06-28 12:03:00,HOLDINGS_UPDATED,"{'CASH': 24175980, 'JPM': -144}"
2019-06-28 12:04:00,BID_DEPTH,"[(100833, 181)]"
2019-06-28 12:04:00,ASK_DEPTH,"[(101135, 179)]"
2019-06-28 12:04:00,IMBALANCE,"[181, 179]"
2019-06-28 12:04:00,HOLDINGS_UPDATED,"{'CASH': 23771440, 'JPM': -140}"
2019-06-28 12:05:00,BID_DEPTH,"[(100473, 237)]"
2019-06-28 12:05:00,ASK_DEPTH,"[(101134, 235)]"
2019-06-28 12:05:00,IMBALANCE,"[237, 235]"
2019-06-28 12:05:00,HOLDINGS_UPDATED,"{'CASH': 23366904, 'JPM': -136}"
2019-06-28 12:06:00,BID_DEPTH,"[(100473, 504)]"
2019-06-28 12:06:00,ASK_DEPTH,"[(101134, 504)]"
2019-06-28 12:06:00,IMBALANCE,"[504, 504]"
2019-06-28 12:06:00,HOLDINGS_UPDATED,"{'CASH': 22962368, 'JPM': -132}"
2019-06-28 12:07:00,BID_DEPTH,"[(100240, 219)]"
2019-06-28 12:07:00,ASK_DEPTH,"[(101134, 202)]"
2019-06-28 12:07:00,IMBALANCE,"[219, 202]"
2019-06-28 12:07:00,HOLDINGS_UPDATED,"{'CASH': 22557832, 'JPM': -128}"
2019-06-28 12:08:00,BID_DEPTH,"[(100240, 118)]"
2019-06-28 12:08:00,ASK_DEPTH,"[(100255, 199)]"
2019-06-28 12:08:00,IMBALANCE,"[118, 199]"
2019-06-28 12:08:00,HOLDINGS_UPDATED,"{'CASH': 22156812, 'JPM': -124}"
2019-06-28 12:09:00,BID_DEPTH,"[(100135, 162)]"
2019-06-28 12:09:00,ASK_DEPTH,"[(100771, 199)]"
2019-06-28 12:09:00,IMBALANCE,"[162, 199]"
2019-06-28 12:09:00,HOLDINGS_UPDATED,"{'CASH': 21753728, 'JPM': -120}"
2019-06-28 12:10:00,BID_DEPTH,"[(100095, 504)]"
2019-06-28 12:10:00,ASK_DEPTH,"[(101134, 604)]"
2019-06-28 12:10:00,IMBALANCE,"[504, 604]"
2019-06-28 12:10:00,HOLDINGS_UPDATED,"{'CASH': 21349192, 'JPM': -116}"
2019-06-28 12:11:00,BID_DEPTH,"[(100258, 237)]"
2019-06-28 12:11:00,ASK_DEPTH,"[(100476, 235)]"
2019-06-28 12:11:00,IMBALANCE,"[237, 235]"
2019-06-28 12:11:00,HOLDINGS_UPDATED,"{'CASH': 20947288, 'JPM': -112}"
2019-06-28 12:12:00,BID_DEPTH,"[(100258, 504)]"
2019-06-28 12:12:00,ASK_DEPTH,"[(100286, 502)]"
2019-06-28 12:12:00,IMBALANCE,"[504, 502]"
2019-06-28 12:12:00,HOLDINGS_UPDATED,"{'CASH': 20546144, 'JPM': -108}"
2019-06-28 12:13:00,BID_DEPTH,"[(100286, 302)]"
2019-06-28 12:13:00,ASK_DEPTH,"[(100476, 300)]"
2019-06-28 12:13:00,IMBALANCE,"[302, 300]"
2019-06-28 12:13:00,HOLDINGS_UPDATED,"{'CASH': 20144240, 'JPM': -104}"
2019-06-28 12:14:00,BID_DEPTH,"[(100286, 504)]"
2019-06-28 12:14:00,ASK_DEPTH,"[(100748, 502)]"
2019-06-28 12:14:00,IMBALANCE,"[504, 502]"
2019-06-28 12:14:00,HOLDINGS_UPDATED,"{'CASH': 19741248, 'JPM': -100}"
2019-06-28 12:15:00,BID_DEPTH,"[(100282, 237)]"
2019-06-28 12:15:00,ASK_DEPTH,"[(100351, 235)]"
2019-06-28 12:15:00,IMBALANCE,"[237, 235]"
2019-06-28 12:15:00,HOLDINGS_UPDATED,"{'CASH': 19339844, 'JPM': -96}"
2019-06-28 12:16:00,BID_DEPTH,"[(100282, 237)]"
2019-06-28 12:16:00,ASK_DEPTH,"[(100351, 235)]"
2019-06-28 12:16:00,IMBALANCE,"[237, 235]"
2019-06-28 12:16:00,HOLDINGS_UPDATED,"{'CASH': 18938440, 'JPM': -92}"
2019-06-28 12:17:00,BID_DEPTH,"[(100258, 181)]"
2019-06-28 12:17:00,ASK_DEPTH,"[(100351, 179)]"
2019-06-28 12:17:00,IMBALANCE,"[181, 179]"
2019-06-28 12:17:00,HOLDINGS_UPDATED,"{'CASH': 18537036, 'JPM': -88}"
2019-06-28 12:18:00,BID_DEPTH,"[(100220, 504)]"
2019-06-28 12:18:00,ASK_DEPTH,"[(100351, 502)]"
2019-06-28 12:18:00,IMBALANCE,"[504, 502]"
2019-06-28 12:18:00,HOLDINGS_UPDATED,"{'CASH': 18135632, 'JPM': -84}"
2019-06-28 12:19:00,BID_DEPTH,"[(100220, 237)]"
2019-06-28 12:19:00,ASK_DEPTH,"[(100351, 235)]"
2019-06-28 12:19:00,IMBALANCE,"[237, 235]"
2019-06-28 12:19:00,HOLDINGS_UPDATED,"{'CASH': 17734228, 'JPM': -80}"
2019-06-28 12:20:00,BID_DEPTH,"[(100045, 237)]"
2019-06-28 12:20:00,ASK_DEPTH,"[(100351, 235)]"
2019-06-28 12:20:00,IMBALANCE,"[237, 235]"
2019-06-28 12:20:00,HOLDINGS_UPDATED,"{'CASH': 17332824, 'JPM': -76}"
2019-06-28 12:21:00,BID_DEPTH,"[(99963, 181)]"
2019-06-28 12:21:00,ASK_DEPTH,"[(100351, 179)]"
2019-06-28 12:21:00,IMBALANCE,"[181, 179]"
2019-06-28 12:21:00,HOLDINGS_UPDATED,"{'CASH': 16931420, 'JPM': -72}"
2019-06-28 12:22:00,BID_DEPTH,"[(99963, 237)]"
2019-06-28 12:22:00,ASK_DEPTH,"[(100352, 235)]"
2019-06-28 12:22:00,IMBALANCE,"[237, 235]"
2019-06-28 12:22:00,HOLDINGS_UPDATED,"{'CASH': 16530012, 'JPM': -68}"
2019-06-28 12:23:00,BID_DEPTH,"[(99963, 201)]"
2019-06-28 12:23:00,ASK_DEPTH,"[(100018, 199)]"
2019-06-28 12:23:00,IMBALANCE,"[201, 199]"
2019-06-28 12:23:00,HOLDINGS_UPDATED,"{'CASH': 16129940, 'JPM': -64}"
2019-06-28 12:24:00,BID_DEPTH,"[(100018, 246)]"
2019-06-28 12:24:00,ASK_DEPTH,"[(100310, 235)]"
2019-06-28 12:24:00,IMBALANCE,"[246, 235]"
2019-06-28 12:24:00,HOLDINGS_UPDATED,"{'CASH': 15728700, 'JPM': -60}"
2019-06-28 12:25:00,BID_DEPTH,"[(100175, 302)]"
2019-06-28 12:25:00,ASK_DEPTH,"[(100370, 300)]"
2019-06-28 12:25:00,IMBALANCE,"[302, 300]"
2019-06-28 12:25:00,HOLDINGS_UPDATED,"{'CASH': 15327220, 'JPM': -56}"
2019-06-28 12:26:00,BID_DEPTH,"[(100027, 504)]"
2019-06-28 12:26:00,ASK_DEPTH,"[(100370, 502)]"
2019-06-28 12:26:00,IMBALANCE,"[504, 502]"
2019-06-28 12:26:00,HOLDINGS_UPDATED,"{'CASH': 14925740, 'JPM': -52}"
2019-06-28 12:27:00,BID_DEPTH,"[(100018, 513)]"
2019-06-28 12:27:00,ASK_DEPTH,"[(100382, 502)]"
2019-06-28 12:27:00,IMBALANCE,"[513, 502]"
2019-06-28 12:27:00,HOLDINGS_UPDATED,"{'CASH': 14524212, 'JPM': -48}"
2019-06-28 12:28:00,BID_DEPTH,"[(99861, 201)]"
2019-06-28 12:28:00,ASK_DEPTH,"[(100018, 109)]"
2019-06-28 12:28:00,IMBALANCE,"[201, 109]"
2019-06-28 12:28:00,HOLDINGS_UPDATED,"{'CASH': 14124140, 'JPM': -44}"
2019-06-28 12:29:00,BID_DEPTH,"[(99729, 504)]"
2019-06-28 12:29:00,ASK_DEPTH,"[(100017, 602)]"
2019-06-28 12:29:00,IMBALANCE,"[504, 602]"
2019-06-28 12:29:00,HOLDINGS_UPDATED,"{'CASH': 13724072, 'JPM': -40}"
2019-06-28 12:30:00,BID_DEPTH,"[(99712, 237)]"
2019-06-28 12:30:00,ASK_DEPTH,"[(100017, 225)]"
2019-06-28 12:30:00,IMBALANCE,"[237, 225]"
2019-06-28 12:30:00,HOLDINGS_UPDATED,"{'CASH': 13324004, 'JPM': -36}"
2019-06-28 12:31:00,BID_DEPTH,"[(99572, 302)]"
2019-06-28 12:31:00,ASK_DEPTH,"[(99712, 400)]"
2019-06-28 12:31:00,IMBALANCE,"[302, 400]"
2019-06-28 12:31:00,HOLDINGS_UPDATED,"{'CASH': 12925156, 'JPM': -32}"
2019-06-28 12:32:00,BID_DEPTH,"[(99523, 235)]"
2019-06-28 12:32:00,ASK_DEPTH,"[(99697, 237)]"
2019-06-28 12:32:00,IMBALANCE,"[235, 237]"
2019-06-28 12:32:00,HOLDINGS_UPDATED,"{'CASH': 13323248, 'JPM': -36}"
2019-06-28 12:33:00,BID_DEPTH,"[(99578, 235)]"
2019-06-28 12:33:00,ASK_DEPTH,"[(99697, 237)]"
2019-06-28 12:33:00,IMBALANCE,"[235, 237]"
2019-06-28 12:33:00,HOLDINGS_UPDATED,"{'CASH': 13721560, 'JPM': -40}"
2019-06-28 12:34:00,BID_DEPTH,"[(99578, 179)]"
2019-06-28 12:34:00,ASK_DEPTH,"[(99697, 181)]"
2019-06-28 12:34:00,IMBALANCE,"[179, 181]"
2019-06-28 12:34:00,HOLDINGS_UPDATED,"{'CASH': 14119872, 'JPM': -44}"
2019-06-28 12:35:00,BID_DEPTH,"[(99549, 502)]"
2019-06-28 12:35:00,ASK_DEPTH,"[(99660, 504)]"
2019-06-28 12:35:00,IMBALANCE,"[502, 504]"
2019-06-28 12:35:00,HOLDINGS_UPDATED,"{'CASH': 14518068, 'JPM': -48}"
2019-06-28 12:36:00,BID_DEPTH,"[(99523, 335)]"
2019-06-28 12:36:00,ASK_DEPTH,"[(99926, 237)]"
2019-06-28 12:36:00,IMBALANCE,"[335, 237]"
2019-06-28 12:36:00,HOLDINGS_UPDATED,"{'CASH': 14916160, 'JPM': -52}"
2019-06-28 12:37:00,BID_DEPTH,"[(99524, 279)]"
2019-06-28 12:37:00,ASK_DEPTH,"[(99968, 181)]"
2019-06-28 12:37:00,IMBALANCE,"[279, 181]"
2019-06-28 12:37:00,HOLDINGS_UPDATED,"{'CASH': 15314256, 'JPM': -56}"
2019-06-28 12:38:00,BID_DEPTH,"[(99525, 299)]"
2019-06-28 12:38:00,ASK_DEPTH,"[(100082, 201)]"
2019-06-28 12:38:00,IMBALANCE,"[299, 201]"
2019-06-28 12:38:00,HOLDINGS_UPDATED,"{'CASH': 15712356, 'JPM': -60}"
2019-06-28 12:39:00,BID_DEPTH,"[(99525, 290)]"
2019-06-28 12:39:00,ASK_DEPTH,"[(100082, 302)]"
2019-06-28 12:39:00,IMBALANCE,"[290, 302]"
2019-06-28 12:39:00,HOLDINGS_UPDATED,"{'CASH': 16110456, 'JPM': -64}"
2019-06-28 12:40:00,BID_DEPTH,"[(99525, 199)]"
2019-06-28 12:40:00,ASK_DEPTH,"[(100083, 201)]"
2019-06-28 12:40:00,IMBALANCE,"[199, 201]"
2019-06-28 12:40:00,HOLDINGS_UPDATED,"{'CASH': 16508556, 'JPM': -68}"
2019-06-28 12:41:00,BID_DEPTH,"[(99523, 169)]"
2019-06-28 12:41:00,ASK_DEPTH,"[(100083, 181)]"
2019-06-28 12:41:00,IMBALANCE,"[169, 181]"
2019-06-28 12:41:00,HOLDINGS_UPDATED,"{'CASH': 16906648, 'JPM': -72}"
2019-06-28 12:42:00,BID_DEPTH,"[(99577, 235)]"
2019-06-28 12:42:00,ASK_DEPTH,"[(100053, 237)]"
2019-06-28 12:42:00,IMBALANCE,"[235, 237]"
2019-06-28 12:42:00,HOLDINGS_UPDATED,"{'CASH': 17304956, 'JPM': -76}"
2019-06-28 12:43:00,BID_DEPTH,"[(100051, 199)]"
2019-06-28 12:43:00,ASK_DEPTH,"[(100083, 201)]"
2019-06-28 12:43:00,IMBALANCE,"[199, 201]"
2019-06-28 12:43:00,HOLDINGS_UPDATED,"{'CASH': 17705160, 'JPM': -80}"
2019-06-28 12:44:00,BID_DEPTH,"[(99586, 300)]"
2019-06-28 12:44:00,ASK_DEPTH,"[(99695, 302)]"
2019-06-28 12:44:00,IMBALANCE,"[300, 302]"
2019-06-28 12:44:00,HOLDINGS_UPDATED,"{'CASH': 18103504, 'JPM': -84}"
2019-06-28 12:45:00,BID_DEPTH,"[(99577, 502)]"
2019-06-28 12:45:00,ASK_DEPTH,"[(100051, 504)]"
2019-06-28 12:45:00,IMBALANCE,"[502, 504]"
2019-06-28 12:45:00,HOLDINGS_UPDATED,"{'CASH': 18501812, 'JPM': -88}"
2019-06-28 12:46:00,BID_DEPTH,"[(99563, 179)]"
2019-06-28 12:46:00,ASK_DEPTH,"[(100051, 181)]"
2019-06-28 12:46:00,IMBALANCE,"[179, 181]"
2019-06-28 12:46:00,HOLDINGS_UPDATED,"{'CASH': 18900064, 'JPM': -92}"
2019-06-28 12:47:00,BID_DEPTH,"[(99439, 179)]"
2019-06-28 12:47:00,ASK_DEPTH,"[(100051, 181)]"
2019-06-28 12:47:00,IMBALANCE,"[179, 181]"
2019-06-28 12:47:00,HOLDINGS_UPDATED,"{'CASH': 19297820, 'JPM': -96}"
2019-06-28 12:48:00,BID_DEPTH,"[(99439, 235)]"
2019-06-28 12:48:00,ASK_DEPTH,"[(99516, 237)]"
2019-06-28 12:48:00,IMBALANCE,"[235, 237]"
2019-06-28 12:48:00,HOLDINGS_UPDATED,"{'CASH': 19695576, 'JPM': -100}"
2019-06-28 12:49:00,BID_DEPTH,"[(99439, 404)]"
2019-06-28 12:49:00,ASK_DEPTH,"[(99806, 504)]"
2019-06-28 12:49:00,IMBALANCE,"[404, 504]"
2019-06-28 12:49:00,HOLDINGS_UPDATED,"{'CASH': 20093332, 'JPM': -104}"
2019-06-28 12:50:00,BID_DEPTH,"[(99112, 81)]"
2019-06-28 12:50:00,ASK_DEPTH,"[(100058, 181)]"
2019-06-28 12:50:00,IMBALANCE,"[81, 181]"
2019-06-28 12:50:00,HOLDINGS_UPDATED,"{'CASH': 20489780, 'JPM': -108}"
2019-06-28 12:51:00,BID_DEPTH,"[(99111, 101)]"
2019-06-28 12:51:00,ASK_DEPTH,"[(100150, 201)]"
2019-06-28 12:51:00,IMBALANCE,"[101, 201]"
2019-06-28 12:51:00,HOLDINGS_UPDATED,"{'CASH': 20886224, 'JPM': -112}"
2019-06-28 12:52:00,BID_DEPTH,"[(99111, 495)]"
2019-06-28 12:52:00,ASK_DEPTH,"[(100172, 302)]"
2019-06-28 12:52:00,IMBALANCE,"[495, 302]"
2019-06-28 12:52:00,HOLDINGS_UPDATED,"{'CASH': 21282668, 'JPM': -116}"
2019-06-28 12:53:00,BID_DEPTH,"[(99111, 587)]"
2019-06-28 12:53:00,ASK_DEPTH,"[(100172, 504)]"
2019-06-28 12:53:00,IMBALANCE,"[587, 504]"
2019-06-28 12:53:00,HOLDINGS_UPDATED,"{'CASH': 21679112, 'JPM': -120}"
2019-06-28 12:54:00,BID_DEPTH,"[(99111, 254)]"
2019-06-28 12:54:00,ASK_DEPTH,"[(100172, 181)]"
2019-06-28 12:54:00,IMBALANCE,"[254, 181]"
2019-06-28 12:54:00,HOLDINGS_UPDATED,"{'CASH': 22075556, 'JPM': -124}"
2019-06-28 12:55:00,BID_DEPTH,"[(99111, 265)]"
2019-06-28 12:55:00,ASK_DEPTH,"[(100317, 302)]"
2019-06-28 12:55:00,IMBALANCE,"[265, 302]"
2019-06-28 12:55:00,HOLDINGS_UPDATED,"{'CASH': 22472000, 'JPM': -128}"
2019-06-28 12:56:00,BID_DEPTH,[]
2019-06-28 12:56:00,ASK_DEPTH,"[(100353, 100)]"
2019-06-28 12:56:00,IMBALANCE,"[0, 100]"
2019-06-28 12:57:00,BID_DEPTH,"[(100317, 300)]"
2019-06-28 12:57:00,ASK_DEPTH,"[(100592, 302)]"
2019-06-28 12:57:00,IMBALANCE,"[300, 302]"
2019-06-28 12:57:00,HOLDINGS_UPDATED,"{'CASH': 22873268, 'JPM': -132}"
2019-06-28 12:58:00,BID_DEPTH,"[(100317, 235)]"
2019-06-28 12:58:00,ASK_DEPTH,"[(100365, 237)]"
2019-06-28 12:58:00,IMBALANCE,"[235, 237]"
2019-06-28 12:58:00,HOLDINGS_UPDATED,"{'CASH': 23274536, 'JPM': -136}"
2019-06-28 12:59:00,BID_DEPTH,[]
2019-06-28 12:59:00,ASK_DEPTH,"[(100434, 100)]"
2019-06-28 12:59:00,IMBALANCE,"[0, 100]"
2019-06-28 13:00:00,BID_DEPTH,[]
2019-06-28 13:00:00,ASK_DEPTH,"[(100161, 100)]"
2019-06-28 13:00:00,IMBALANCE,"[0, 100]"
2019-06-28 13:01:00,BID_DEPTH,"[(99705, 300)]"
2019-06-28 13:01:00,ASK_DEPTH,"[(99991, 302)]"
2019-06-28 13:01:00,IMBALANCE,"[300, 302]"
2019-06-28 13:01:00,HOLDINGS_UPDATED,"{'CASH': 23673356, 'JPM': -140}"
2019-06-28 13:02:00,BID_DEPTH,[]
2019-06-28 13:02:00,ASK_DEPTH,"[(100161, 100)]"
2019-06-28 13:02:00,IMBALANCE,"[0, 100]"
2019-06-28 13:03:00,BID_DEPTH,[]
2019-06-28 13:03:00,ASK_DEPTH,"[(99991, 100)]"
2019-06-28 13:03:00,IMBALANCE,"[0, 100]"
2019-06-28 13:04:00,BID_DEPTH,"[(99834, 179)]"
2019-06-28 13:04:00,ASK_DEPTH,"[(99991, 181)]"
2019-06-28 13:04:00,IMBALANCE,"[179, 181]"
2019-06-28 13:04:00,HOLDINGS_UPDATED,"{'CASH': 24072692, 'JPM': -144}"
2019-06-28 13:05:00,BID_DEPTH,"[(99834, 335)]"
2019-06-28 13:05:00,ASK_DEPTH,"[(100227, 237)]"
2019-06-28 13:05:00,IMBALANCE,"[335, 237]"
2019-06-28 13:05:00,HOLDINGS_UPDATED,"{'CASH': 24472028, 'JPM': -148}"
2019-06-28 13:06:00,BID_DEPTH,"[(99834, 290)]"
2019-06-28 13:06:00,ASK_DEPTH,"[(100383, 402)]"
2019-06-28 13:06:00,IMBALANCE,"[290, 402]"
2019-06-28 13:06:00,HOLDINGS_UPDATED,"{'CASH': 24871364, 'JPM': -152}"
2019-06-28 13:07:00,BID_DEPTH,"[(99834, 300)]"
2019-06-28 13:07:00,ASK_DEPTH,"[(100383, 302)]"
2019-06-28 13:07:00,IMBALANCE,"[300, 302]"
2019-06-28 13:07:00,HOLDINGS_UPDATED,"{'CASH': 25270700, 'JPM': -156}"
2019-06-28 13:08:00,BID_DEPTH,[]
2019-06-28 13:08:00,ASK_DEPTH,"[(100383, 100)]"
2019-06-28 13:08:00,IMBALANCE,"[0, 100]"
2019-06-28 13:09:00,BID_DEPTH,[]
2019-06-28 13:09:00,ASK_DEPTH,"[(100434, 100)]"
2019-06-28 13:09:00,IMBALANCE,"[0, 100]"
2019-06-28 13:10:00,BID_DEPTH,[]
2019-06-28 13:10:00,ASK_DEPTH,"[(100434, 100)]"
2019-06-28 13:10:00,IMBALANCE,"[0, 100]"
2019-06-28 13:11:00,BID_DEPTH,"[(99834, 500)]"
2019-06-28 13:11:00,ASK_DEPTH,"[(100434, 302)]"
2019-06-28 13:11:00,IMBALANCE,"[500, 302]"
2019-06-28 13:11:00,HOLDINGS_UPDATED,"{'CASH': 25670036, 'JPM': -160}"
2019-06-28 13:12:00,BID_DEPTH,"[(100502, 199)]"
2019-06-28 13:12:00,ASK_DEPTH,"[(100635, 201)]"
2019-06-28 13:12:00,IMBALANCE,"[199, 201]"
2019-06-28 13:12:00,HOLDINGS_UPDATED,"{'CASH': 26072044, 'JPM': -164}"
2019-06-28 13:13:00,BID_DEPTH,"[(100502, 179)]"
2019-06-28 13:13:00,ASK_DEPTH,"[(100638, 181)]"
2019-06-28 13:13:00,IMBALANCE,"[179, 181]"
2019-06-28 13:13:00,HOLDINGS_UPDATED,"{'CASH': 26474052, 'JPM': -168}"
2019-06-28 13:14:00,BID_DEPTH,"[(100638, 237)]"
2019-06-28 13:14:00,ASK_DEPTH,"[(100725, 335)]"
2019-06-28 13:14:00,IMBALANCE,"[237, 335]"
2019-06-28 13:14:00,HOLDINGS_UPDATED,"{'CASH': 26071152, 'JPM': -164}"
2019-06-28 13:15:00,BID_DEPTH,"[(100725, 219)]"
2019-06-28 13:15:00,ASK_DEPTH,"[(100777, 300)]"
2019-06-28 13:15:00,IMBALANCE,"[219, 300]"
2019-06-28 13:15:00,HOLDINGS_UPDATED,"{'CASH': 25668044, 'JPM': -160}"
2019-06-28 13:16:00,BID_DEPTH,"[(100777, 219)]"
2019-06-28 13:16:00,ASK_DEPTH,"[(100879, 300)]"
2019-06-28 13:16:00,IMBALANCE,"[219, 300]"
2019-06-28 13:16:00,HOLDINGS_UPDATED,"{'CASH': 25264528, 'JPM': -156}"
2019-06-28 13:17:00,BID_DEPTH,"[(100880, 302)]"
2019-06-28 13:17:00,ASK_DEPTH,"[(100975, 300)]"
2019-06-28 13:17:00,IMBALANCE,"[302, 300]"
2019-06-28 13:17:00,HOLDINGS_UPDATED,"{'CASH': 24860628, 'JPM': -152}"
2019-06-28 13:18:00,BID_DEPTH,"[(100880, 302)]"
2019-06-28 13:18:00,ASK_DEPTH,"[(100974, 300)]"
2019-06-28 13:18:00,IMBALANCE,"[302, 300]"
2019-06-28 13:18:00,HOLDINGS_UPDATED,"{'CASH': 24456732, 'JPM': -148}"
2019-06-28 13:19:00,BID_DEPTH,"[(100879, 87)]"
2019-06-28 13:19:00,ASK_DEPTH,"[(100974, 179)]"
2019-06-28 13:19:00,IMBALANCE,"[87, 179]"
2019-06-28 13:19:00,HOLDINGS_UPDATED,"{'CASH': 24052836, 'JPM': -144}"
2019-06-28 13:20:00,BID_DEPTH,"[(99834, 227)]"
2019-06-28 13:20:00,ASK_DEPTH,"[(100879, 235)]"
2019-06-28 13:20:00,IMBALANCE,"[227, 235]"
2019-06-28 13:20:00,HOLDINGS_UPDATED,"{'CASH': 23649320, 'JPM': -140}"
2019-06-28 13:21:00,BID_DEPTH,"[(100310, 237)]"
2019-06-28 13:21:00,ASK_DEPTH,"[(100541, 235)]"
2019-06-28 13:21:00,IMBALANCE,"[237, 235]"
2019-06-28 13:21:00,HOLDINGS_UPDATED,"{'CASH': 23247156, 'JPM': -136}"
2019-06-28 13:22:00,BID_DEPTH,"[(100384, 504)]"
2019-06-28 13:22:00,ASK_DEPTH,"[(100471, 502)]"
2019-06-28 13:22:00,IMBALANCE,"[504, 502]"
2019-06-28 13:22:00,HOLDINGS_UPDATED,"{'CASH': 22845272, 'JPM': -132}"
2019-06-28 13:23:00,BID_DEPTH,"[(100364, 504)]"
2019-06-28 13:23:00,ASK_DEPTH,"[(100588, 502)]"
2019-06-28 13:23:00,IMBALANCE,"[504, 502]"
2019-06-28 13:23:00,HOLDINGS_UPDATED,"{'CASH': 22442920, 'JPM': -128}"
2019-06-28 13:24:00,BID_DEPTH,"[(100073, 302)]"
2019-06-28 13:24:00,ASK_DEPTH,"[(100588, 300)]"
2019-06-28 13:24:00,IMBALANCE,"[302, 300]"
2019-06-28 13:24:00,HOLDINGS_UPDATED,"{'CASH': 22040568, 'JPM': -124}"
2019-06-28 13:25:00,BID_DEPTH,"[(100588, 237)]"
2019-06-28 13:25:00,ASK_DEPTH,"[(100603, 235)]"
2019-06-28 13:25:00,IMBALANCE,"[237, 235]"
2019-06-28 13:25:00,HOLDINGS_UPDATED,"{'CASH': 21638156, 'JPM': -120}"
2019-06-28 13:26:00,BID_DEPTH,"[(100445, 504)]"
2019-06-28 13:26:00,ASK_DEPTH,"[(100600, 502)]"
2019-06-28 13:26:00,IMBALANCE,"[504, 502]"
2019-06-28 13:26:00,HOLDINGS_UPDATED,"{'CASH': 21235756, 'JPM': -116}"
2019-06-28 13:27:00,BID_DEPTH,"[(100190, 504)]"
2019-06-28 13:27:00,ASK_DEPTH,"[(100452, 502)]"
2019-06-28 13:27:00,IMBALANCE,"[504, 502]"
2019-06-28 13:27:00,HOLDINGS_UPDATED,"{'CASH': 20833948, 'JPM': -112}"
2019-06-28 13:28:00,BID_DEPTH,"[(100190, 504)]"
2019-06-28 13:28:00,ASK_DEPTH,"[(100603, 502)]"
2019-06-28 13:28:00,IMBALANCE,"[504, 502]"
2019-06-28 13:28:00,HOLDINGS_UPDATED,"{'CASH': 20431536, 'JPM': -108}"
2019-06-28 13:29:00,BID_DEPTH,"[(100734, 100)]"
2019-06-28 13:29:00,ASK_DEPTH,"[(100781, 179)]"
2019-06-28 13:29:00,IMBALANCE,"[100, 179]"
2019-06-28 13:29:00,HOLDINGS_UPDATED,"{'CASH': 20028412, 'JPM': -104}"
2019-06-28 13:30:00,BID_DEPTH,"[(100734, 100)]"
2019-06-28 13:30:00,ASK_DEPTH,"[(101027, 179)]"
2019-06-28 13:30:00,IMBALANCE,"[100, 179]"
2019-06-28 13:30:00,HOLDINGS_UPDATED,"{'CASH': 19624304, 'JPM': -100}"
2019-06-28 13:31:00,BID_DEPTH,"[(100734, 120)]"
2019-06-28 13:31:00,ASK_DEPTH,"[(101027, 101)]"
2019-06-28 13:31:00,IMBALANCE,"[120, 101]"
2019-06-28 13:31:00,HOLDINGS_UPDATED,"{'CASH': 19220196, 'JPM': -96}"
2019-06-28 13:32:00,BID_DEPTH,"[(101027, 186)]"
2019-06-28 13:32:00,ASK_DEPTH,"[(101135, 81)]"
2019-06-28 13:32:00,IMBALANCE,"[186, 81]"
2019-06-28 13:32:00,HOLDINGS_UPDATED,"{'CASH': 18815656, 'JPM': -92}"
2019-06-28 13:33:00,BID_DEPTH,"[(101135, 207)]"
2019-06-28 13:33:00,ASK_DEPTH,"[(101176, 280)]"
2019-06-28 13:33:00,IMBALANCE,"[207, 280]"
2019-06-28 13:33:00,HOLDINGS_UPDATED,"{'CASH': 18410952, 'JPM': -88}"
2019-06-28 13:34:00,BID_DEPTH,"[(101176, 98)]"
2019-06-28 13:34:00,ASK_DEPTH,"[(101241, 179)]"
2019-06-28 13:34:00,IMBALANCE,"[98, 179]"
2019-06-28 13:34:00,HOLDINGS_UPDATED,"{'CASH': 18005988, 'JPM': -84}"
2019-06-28 13:35:00,BID_DEPTH,"[(101176, 219)]"
2019-06-28 13:35:00,ASK_DEPTH,"[(101241, 202)]"
2019-06-28 13:35:00,IMBALANCE,"[219, 202]"
2019-06-28 13:35:00,HOLDINGS_UPDATED,"{'CASH': 17601024, 'JPM': -80}"
2019-06-28 13:36:00,BID_DEPTH,"[(101176, 154)]"
2019-06-28 13:36:00,ASK_DEPTH,"[(101341, 235)]"
2019-06-28 13:36:00,IMBALANCE,"[154, 235]"
2019-06-28 13:36:00,HOLDINGS_UPDATED,"{'CASH': 17195660, 'JPM': -76}"
2019-06-28 13:37:00,BID_DEPTH,"[(101341, 118)]"
2019-06-28 13:37:00,ASK_DEPTH,"[(101529, 199)]"
2019-06-28 13:37:00,IMBALANCE,"[118, 199]"
2019-06-28 13:37:00,HOLDINGS_UPDATED,"{'CASH': 16789544, 'JPM': -72}"
2019-06-28 13:38:00,BID_DEPTH,"[(101529, 108)]"
2019-06-28 13:38:00,ASK_DEPTH,"[(102027, 199)]"
2019-06-28 13:38:00,IMBALANCE,"[108, 199]"
2019-06-28 13:38:00,HOLDINGS_UPDATED,"{'CASH': 16381436, 'JPM': -68}"
2019-06-28 13:39:00,BID_DEPTH,"[(102027, 309)]"
2019-06-28 13:39:00,ASK_DEPTH,"[(102102, 300)]"
2019-06-28 13:39:00,IMBALANCE,"[309, 300]"
2019-06-28 13:39:00,HOLDINGS_UPDATED,"{'CASH': 15973028, 'JPM': -64}"
2019-06-28 13:40:00,BID_DEPTH,"[(102027, 244)]"
2019-06-28 13:40:00,ASK_DEPTH,"[(102102, 137)]"
2019-06-28 13:40:00,IMBALANCE,"[244, 137]"
2019-06-28 13:40:00,HOLDINGS_UPDATED,"{'CASH': 15564620, 'JPM': -60}"
2019-06-28 13:41:00,BID_DEPTH,"[(102102, 118)]"
2019-06-28 13:41:00,ASK_DEPTH,"[(102121, 199)]"
2019-06-28 13:41:00,IMBALANCE,"[118, 199]"
2019-06-28 13:41:00,HOLDINGS_UPDATED,"{'CASH': 15156136, 'JPM': -56}"
2019-06-28 13:42:00,BID_DEPTH,"[(102121, 421)]"
2019-06-28 13:42:00,ASK_DEPTH,"[(102166, 502)]"
2019-06-28 13:42:00,IMBALANCE,"[421, 502]"
2019-06-28 13:42:00,HOLDINGS_UPDATED,"{'CASH': 14747472, 'JPM': -52}"
2019-06-28 13:43:00,BID_DEPTH,"[(102166, 142)]"
2019-06-28 13:43:00,ASK_DEPTH,"[(102220, 179)]"
2019-06-28 13:43:00,IMBALANCE,"[142, 179]"
2019-06-28 13:43:00,HOLDINGS_UPDATED,"{'CASH': 14338592, 'JPM': -48}"
2019-06-28 13:44:00,BID_DEPTH,"[(102220, 164)]"
2019-06-28 13:44:00,ASK_DEPTH,"[(102321, 235)]"
2019-06-28 13:44:00,IMBALANCE,"[164, 235]"
2019-06-28 13:44:00,HOLDINGS_UPDATED,"{'CASH': 13929308, 'JPM': -44}"
2019-06-28 13:45:00,BID_DEPTH,"[(102220, 128)]"
2019-06-28 13:45:00,ASK_DEPTH,"[(102498, 199)]"
2019-06-28 13:45:00,IMBALANCE,"[128, 199]"
2019-06-28 13:45:00,HOLDINGS_UPDATED,"{'CASH': 13519316, 'JPM': -40}"
2019-06-28 13:46:00,BID_DEPTH,"[(102220, 108)]"
2019-06-28 13:46:00,ASK_DEPTH,"[(102479, 179)]"
2019-06-28 13:46:00,IMBALANCE,"[108, 179]"
2019-06-28 13:46:00,HOLDINGS_UPDATED,"{'CASH': 13109400, 'JPM': -36}"
2019-06-28 13:47:00,BID_DEPTH,"[(102121, 154)]"
2019-06-28 13:47:00,ASK_DEPTH,"[(102479, 137)]"
2019-06-28 13:47:00,IMBALANCE,"[154, 137]"
2019-06-28 13:47:00,HOLDINGS_UPDATED,"{'CASH': 12699484, 'JPM': -32}"
2019-06-28 13:48:00,BID_DEPTH,"[(102027, 188)]"
2019-06-28 13:48:00,ASK_DEPTH,"[(102478, 279)]"
2019-06-28 13:48:00,IMBALANCE,"[188, 279]"
2019-06-28 13:48:00,HOLDINGS_UPDATED,"{'CASH': 12289572, 'JPM': -28}"
2019-06-28 13:49:00,BID_DEPTH,"[(101841, 237)]"
2019-06-28 13:49:00,ASK_DEPTH,"[(102477, 235)]"
2019-06-28 13:49:00,IMBALANCE,"[237, 235]"
2019-06-28 13:49:00,HOLDINGS_UPDATED,"{'CASH': 11879664, 'JPM': -24}"
2019-06-28 13:50:00,BID_DEPTH,"[(101529, 209)]"
2019-06-28 13:50:00,ASK_DEPTH,"[(102477, 300)]"
2019-06-28 13:50:00,IMBALANCE,"[209, 300]"
2019-06-28 13:50:00,HOLDINGS_UPDATED,"{'CASH': 11469756, 'JPM': -20}"
2019-06-28 13:51:00,BID_DEPTH,"[(101455, 504)]"
2019-06-28 13:51:00,ASK_DEPTH,"[(102477, 502)]"
2019-06-28 13:51:00,IMBALANCE,"[504, 502]"
2019-06-28 13:51:00,HOLDINGS_UPDATED,"{'CASH': 11059848, 'JPM': -16}"
2019-06-28 13:52:00,BID_DEPTH,"[(101341, 421)]"
2019-06-28 13:52:00,ASK_DEPTH,"[(102478, 594)]"
2019-06-28 13:52:00,IMBALANCE,"[421, 594]"
2019-06-28 13:52:00,HOLDINGS_UPDATED,"{'CASH': 10649936, 'JPM': -12}"
2019-06-28 13:53:00,BID_DEPTH,"[(101326, 181)]"
2019-06-28 13:53:00,ASK_DEPTH,"[(102478, 161)]"
2019-06-28 13:53:00,IMBALANCE,"[181, 161]"
2019-06-28 13:53:00,HOLDINGS_UPDATED,"{'CASH': 10240024, 'JPM': -8}"
2019-06-28 13:54:00,BID_DEPTH,"[(101273, 504)]"
2019-06-28 13:54:00,ASK_DEPTH,"[(102479, 404)]"
2019-06-28 13:54:00,IMBALANCE,"[504, 404]"
2019-06-28 13:54:00,HOLDINGS_UPDATED,"{'CASH': 9830108, 'JPM': -4}"
2019-06-28 13:55:00,BID_DEPTH,"[(101238, 237)]"
2019-06-28 13:55:00,ASK_DEPTH,"[(102479, 235)]"
2019-06-28 13:55:00,IMBALANCE,"[237, 235]"
2019-06-28 13:55:00,HOLDINGS_UPDATED,{'CASH': 9420192}
2019-06-28 13:56:00,BID_DEPTH,"[(101238, 504)]"
2019-06-28 13:56:00,ASK_DEPTH,"[(102706, 502)]"
2019-06-28 13:56:00,IMBALANCE,"[504, 502]"
2019-06-28 13:56:00,HOLDINGS_UPDATED,"{'CASH': 9009368, 'JPM': 4}"
2019-06-28 13:57:00,BID_DEPTH,"[(101135, 142)]"
2019-06-28 13:57:00,ASK_DEPTH,"[(102706, 435)]"
2019-06-28 13:57:00,IMBALANCE,"[142, 435]"
2019-06-28 13:57:00,HOLDINGS_UPDATED,"{'CASH': 8598544, 'JPM': 8}"
2019-06-28 13:58:00,BID_DEPTH,"[(101027, 409)]"
2019-06-28 13:58:00,ASK_DEPTH,"[(102705, 502)]"
2019-06-28 13:58:00,IMBALANCE,"[409, 502]"
2019-06-28 13:58:00,HOLDINGS_UPDATED,"{'CASH': 8187724, 'JPM': 12}"
2019-06-28 13:59:00,BID_DEPTH,"[(100893, 201)]"
2019-06-28 13:59:00,ASK_DEPTH,"[(101027, 113)]"
2019-06-28 13:59:00,IMBALANCE,"[201, 113]"
2019-06-28 13:59:00,HOLDINGS_UPDATED,"{'CASH': 7783616, 'JPM': 16}"
2019-06-28 14:00:00,BID_DEPTH,"[(100828, 504)]"
2019-06-28 14:00:00,ASK_DEPTH,"[(102705, 502)]"
2019-06-28 14:00:00,IMBALANCE,"[504, 502]"
2019-06-28 14:00:00,HOLDINGS_UPDATED,"{'CASH': 7372796, 'JPM': 20}"
2019-06-28 14:01:00,BID_DEPTH,"[(100663, 237)]"
2019-06-28 14:01:00,ASK_DEPTH,"[(102705, 235)]"
2019-06-28 14:01:00,IMBALANCE,"[237, 235]"
2019-06-28 14:01:00,HOLDINGS_UPDATED,"{'CASH': 6961976, 'JPM': 24}"
2019-06-28 14:02:00,BID_DEPTH,"[(100663, 201)]"
2019-06-28 14:02:00,ASK_DEPTH,"[(100883, 199)]"
2019-06-28 14:02:00,IMBALANCE,"[201, 199]"
2019-06-28 14:02:00,HOLDINGS_UPDATED,"{'CASH': 6558444, 'JPM': 28}"
2019-06-28 14:03:00,BID_DEPTH,"[(100663, 201)]"
2019-06-28 14:03:00,ASK_DEPTH,"[(100817, 199)]"
2019-06-28 14:03:00,IMBALANCE,"[201, 199]"
2019-06-28 14:03:00,HOLDINGS_UPDATED,"{'CASH': 6155176, 'JPM': 32}"
2019-06-28 14:04:00,BID_DEPTH,"[(100751, 302)]"
2019-06-28 14:04:00,ASK_DEPTH,"[(101056, 300)]"
2019-06-28 14:04:00,IMBALANCE,"[302, 300]"
2019-06-28 14:04:00,HOLDINGS_UPDATED,"{'CASH': 5750952, 'JPM': 36}"
2019-06-28 14:05:00,BID_DEPTH,"[(100751, 237)]"
2019-06-28 14:05:00,ASK_DEPTH,"[(101056, 235)]"
2019-06-28 14:05:00,IMBALANCE,"[237, 235]"
2019-06-28 14:05:00,HOLDINGS_UPDATED,"{'CASH': 5346728, 'JPM': 40}"
2019-06-28 14:06:00,BID_DEPTH,"[(100663, 504)]"
2019-06-28 14:06:00,ASK_DEPTH,"[(101056, 502)]"
2019-06-28 14:06:00,IMBALANCE,"[504, 502]"
2019-06-28 14:06:00,HOLDINGS_UPDATED,"{'CASH': 4942504, 'JPM': 44}"
2019-06-28 14:07:00,BID_DEPTH,"[(100660, 237)]"
2019-06-28 14:07:00,ASK_DEPTH,"[(101056, 435)]"
2019-06-28 14:07:00,IMBALANCE,"[237, 435]"
2019-06-28 14:07:00,HOLDINGS_UPDATED,"{'CASH': 4538280, 'JPM': 48}"
2019-06-28 14:08:00,BID_DEPTH,"[(100534, 302)]"
2019-06-28 14:08:00,ASK_DEPTH,"[(101056, 390)]"
2019-06-28 14:08:00,IMBALANCE,"[302, 390]"
2019-06-28 14:08:00,HOLDINGS_UPDATED,"{'CASH': 4134056, 'JPM': 52}"
2019-06-28 14:09:00,BID_DEPTH,"[(100487, 302)]"
2019-06-28 14:09:00,ASK_DEPTH,"[(101056, 280)]"
2019-06-28 14:09:00,IMBALANCE,"[302, 280]"
2019-06-28 14:09:00,HOLDINGS_UPDATED,"{'CASH': 3729832, 'JPM': 56}"
2019-06-28 14:10:00,BID_DEPTH,"[(100487, 199)]"
2019-06-28 14:10:00,ASK_DEPTH,"[(101056, 401)]"
2019-06-28 14:10:00,IMBALANCE,"[199, 401]"
2019-06-28 14:10:00,HOLDINGS_UPDATED,"{'CASH': 4131780, 'JPM': 52}"
2019-06-28 14:11:00,BID_DEPTH,"[(100429, 235)]"
2019-06-28 14:11:00,ASK_DEPTH,"[(101056, 437)]"
2019-06-28 14:11:00,IMBALANCE,"[235, 437]"
2019-06-28 14:11:00,HOLDINGS_UPDATED,"{'CASH': 4533496, 'JPM': 48}"
2019-06-28 14:12:00,BID_DEPTH,"[(100356, 235)]"
2019-06-28 14:12:00,ASK_DEPTH,"[(100429, 237)]"
2019-06-28 14:12:00,IMBALANCE,"[235, 237]"
2019-06-28 14:12:00,HOLDINGS_UPDATED,"{'CASH': 4934920, 'JPM': 44}"
2019-06-28 14:13:00,BID_DEPTH,"[(100274, 179)]"
2019-06-28 14:13:00,ASK_DEPTH,"[(100356, 181)]"
2019-06-28 14:13:00,IMBALANCE,"[179, 181]"
2019-06-28 14:13:00,HOLDINGS_UPDATED,"{'CASH': 5336016, 'JPM': 40}"
2019-06-28 14:14:00,BID_DEPTH,"[(100271, 300)]"
2019-06-28 14:14:00,ASK_DEPTH,"[(100356, 302)]"
2019-06-28 14:14:00,IMBALANCE,"[300, 302]"
2019-06-28 14:14:00,HOLDINGS_UPDATED,"{'CASH': 5737100, 'JPM': 36}"
2019-06-28 14:15:00,BID_DEPTH,"[(100035, 179)]"
2019-06-28 14:15:00,ASK_DEPTH,"[(100356, 181)]"
2019-06-28 14:15:00,IMBALANCE,"[179, 181]"
2019-06-28 14:15:00,HOLDINGS_UPDATED,"{'CASH': 6137240, 'JPM': 32}"
2019-06-28 14:16:00,BID_DEPTH,"[(99970, 199)]"
2019-06-28 14:16:00,ASK_DEPTH,"[(100356, 201)]"
2019-06-28 14:16:00,IMBALANCE,"[199, 201]"
2019-06-28 14:16:00,HOLDINGS_UPDATED,"{'CASH': 6537120, 'JPM': 28}"
2019-06-28 14:17:00,BID_DEPTH,"[(99849, 502)]"
2019-06-28 14:17:00,ASK_DEPTH,"[(99970, 504)]"
2019-06-28 14:17:00,IMBALANCE,"[502, 504]"
2019-06-28 14:17:00,HOLDINGS_UPDATED,"{'CASH': 6936516, 'JPM': 24}"
2019-06-28 14:18:00,BID_DEPTH,"[(99776, 179)]"
2019-06-28 14:18:00,ASK_DEPTH,"[(99849, 98)]"
2019-06-28 14:18:00,IMBALANCE,"[179, 98]"
2019-06-28 14:18:00,HOLDINGS_UPDATED,"{'CASH': 7335620, 'JPM': 20}"
2019-06-28 14:19:00,BID_DEPTH,"[(99776, 81)]"
2019-06-28 14:19:00,ASK_DEPTH,"[(99849, 98)]"
2019-06-28 14:19:00,IMBALANCE,"[81, 98]"
2019-06-28 14:19:00,HOLDINGS_UPDATED,"{'CASH': 7734724, 'JPM': 16}"
2019-06-28 14:20:00,BID_DEPTH,"[(99757, 235)]"
2019-06-28 14:20:00,ASK_DEPTH,"[(99849, 154)]"
2019-06-28 14:20:00,IMBALANCE,"[235, 154]"
2019-06-28 14:20:00,HOLDINGS_UPDATED,"{'CASH': 8133752, 'JPM': 12}"
2019-06-28 14:21:00,BID_DEPTH,"[(99488, 502)]"
2019-06-28 14:21:00,ASK_DEPTH,"[(99757, 475)]"
2019-06-28 14:21:00,IMBALANCE,"[502, 475]"
2019-06-28 14:21:00,HOLDINGS_UPDATED,"{'CASH': 8531704, 'JPM': 8}"
2019-06-28 14:22:00,BID_DEPTH,"[(99538, 179)]"
2019-06-28 14:22:00,ASK_DEPTH,"[(99599, 181)]"
2019-06-28 14:22:00,IMBALANCE,"[179, 181]"
2019-06-28 14:22:00,HOLDINGS_UPDATED,"{'CASH': 8929856, 'JPM': 4}"
2019-06-28 14:23:00,BID_DEPTH,"[(99538, 404)]"
2019-06-28 14:23:00,ASK_DEPTH,"[(99599, 504)]"
2019-06-28 14:23:00,IMBALANCE,"[404, 504]"
2019-06-28 14:23:00,HOLDINGS_UPDATED,{'CASH': 9328008}
2019-06-28 14:24:00,BID_DEPTH,"[(99381, 235)]"
2019-06-28 14:24:00,ASK_DEPTH,"[(99599, 237)]"
2019-06-28 14:24:00,IMBALANCE,"[235, 237]"
2019-06-28 14:24:00,HOLDINGS_UPDATED,"{'CASH': 9725532, 'JPM': -4}"
2019-06-28 14:25:00,BID_DEPTH,"[(99316, 199)]"
2019-06-28 14:25:00,ASK_DEPTH,"[(99381, 201)]"
2019-06-28 14:25:00,IMBALANCE,"[199, 201]"
2019-06-28 14:25:00,HOLDINGS_UPDATED,"{'CASH': 10122796, 'JPM': -8}"
2019-06-28 14:26:00,BID_DEPTH,"[(98622, 199)]"
2019-06-28 14:26:00,ASK_DEPTH,"[(99316, 201)]"
2019-06-28 14:26:00,IMBALANCE,"[199, 201]"
2019-06-28 14:26:00,HOLDINGS_UPDATED,"{'CASH': 10517284, 'JPM': -12}"
2019-06-28 14:27:00,BID_DEPTH,"[(99066, 179)]"
2019-06-28 14:27:00,ASK_DEPTH,"[(99117, 181)]"
2019-06-28 14:27:00,IMBALANCE,"[179, 181]"
2019-06-28 14:27:00,HOLDINGS_UPDATED,"{'CASH': 10913548, 'JPM': -16}"
2019-06-28 14:28:00,BID_DEPTH,"[(99066, 202)]"
2019-06-28 14:28:00,ASK_DEPTH,"[(99168, 302)]"
2019-06-28 14:28:00,IMBALANCE,"[202, 302]"
2019-06-28 14:28:00,HOLDINGS_UPDATED,"{'CASH': 11309812, 'JPM': -20}"
2019-06-28 14:29:00,BID_DEPTH,"[(99067, 199)]"
2019-06-28 14:29:00,ASK_DEPTH,"[(99168, 201)]"
2019-06-28 14:29:00,IMBALANCE,"[199, 201]"
2019-06-28 14:29:00,HOLDINGS_UPDATED,"{'CASH': 11706080, 'JPM': -24}"
2019-06-28 14:30:00,BID_DEPTH,"[(99168, 400)]"
2019-06-28 14:30:00,ASK_DEPTH,"[(99189, 302)]"
2019-06-28 14:30:00,IMBALANCE,"[400, 302]"
2019-06-28 14:30:00,HOLDINGS_UPDATED,"{'CASH': 12102752, 'JPM': -28}"
2019-06-28 14:31:00,BID_DEPTH,"[(99169, 235)]"
2019-06-28 14:31:00,ASK_DEPTH,"[(99599, 237)]"
2019-06-28 14:31:00,IMBALANCE,"[235, 237]"
2019-06-28 14:31:00,HOLDINGS_UPDATED,"{'CASH': 12499428, 'JPM': -32}"
2019-06-28 14:32:00,BID_DEPTH,"[(99599, 235)]"
2019-06-28 14:32:00,ASK_DEPTH,"[(99757, 208)]"
2019-06-28 14:32:00,IMBALANCE,"[235, 208]"
2019-06-28 14:32:00,HOLDINGS_UPDATED,"{'CASH': 12897824, 'JPM': -36}"
2019-06-28 14:33:00,BID_DEPTH,"[(99599, 235)]"
2019-06-28 14:33:00,ASK_DEPTH,"[(99757, 208)]"
2019-06-28 14:33:00,IMBALANCE,"[235, 208]"
2019-06-28 14:33:00,HOLDINGS_UPDATED,"{'CASH': 13296220, 'JPM': -40}"
2019-06-28 14:34:00,BID_DEPTH,"[(99168, 191)]"
2019-06-28 14:34:00,ASK_DEPTH,"[(99849, 118)]"
2019-06-28 14:34:00,IMBALANCE,"[191, 118]"
2019-06-28 14:34:00,HOLDINGS_UPDATED,"{'CASH': 13692892, 'JPM': -44}"
2019-06-28 14:35:00,BID_DEPTH,"[(99168, 179)]"
2019-06-28 14:35:00,ASK_DEPTH,"[(99969, 181)]"
2019-06-28 14:35:00,IMBALANCE,"[179, 181]"
2019-06-28 14:35:00,HOLDINGS_UPDATED,"{'CASH': 14089564, 'JPM': -48}"
2019-06-28 14:36:00,BID_DEPTH,"[(99067, 81)]"
2019-06-28 14:36:00,ASK_DEPTH,"[(100147, 181)]"
2019-06-28 14:36:00,IMBALANCE,"[81, 181]"
2019-06-28 14:36:00,HOLDINGS_UPDATED,"{'CASH': 14485832, 'JPM': -52}"
2019-06-28 14:37:00,BID_DEPTH,"[(99067, 93)]"
2019-06-28 14:37:00,ASK_DEPTH,"[(100147, 181)]"
2019-06-28 14:37:00,IMBALANCE,"[93, 181]"
2019-06-28 14:37:00,HOLDINGS_UPDATED,"{'CASH': 14882100, 'JPM': -56}"
2019-06-28 14:38:00,BID_DEPTH,"[(98979, 569)]"
2019-06-28 14:38:00,ASK_DEPTH,"[(99067, 408)]"
2019-06-28 14:38:00,IMBALANCE,"[569, 408]"
2019-06-28 14:38:00,HOLDINGS_UPDATED,"{'CASH': 15278016, 'JPM': -60}"
2019-06-28 14:39:00,BID_DEPTH,"[(98979, 659)]"
2019-06-28 14:39:00,ASK_DEPTH,"[(99067, 408)]"
2019-06-28 14:39:00,IMBALANCE,"[659, 408]"
2019-06-28 14:39:00,HOLDINGS_UPDATED,"{'CASH': 15673932, 'JPM': -64}"
2019-06-28 14:40:00,BID_DEPTH,"[(98979, 282)]"
2019-06-28 14:40:00,ASK_DEPTH,"[(100122, 237)]"
2019-06-28 14:40:00,IMBALANCE,"[282, 237]"
2019-06-28 14:40:00,HOLDINGS_UPDATED,"{'CASH': 16069848, 'JPM': -68}"
2019-06-28 14:41:00,BID_DEPTH,"[(98979, 439)]"
2019-06-28 14:41:00,ASK_DEPTH,"[(100122, 504)]"
2019-06-28 14:41:00,IMBALANCE,"[439, 504]"
2019-06-28 14:41:00,HOLDINGS_UPDATED,"{'CASH': 16465764, 'JPM': -72}"
2019-06-28 14:42:00,BID_DEPTH,"[(99146, 199)]"
2019-06-28 14:42:00,ASK_DEPTH,"[(100122, 201)]"
2019-06-28 14:42:00,IMBALANCE,"[199, 201]"
2019-06-28 14:42:00,HOLDINGS_UPDATED,"{'CASH': 16862348, 'JPM': -76}"
2019-06-28 14:43:00,BID_DEPTH,"[(99077, 300)]"
2019-06-28 14:43:00,ASK_DEPTH,"[(100122, 302)]"
2019-06-28 14:43:00,IMBALANCE,"[300, 302]"
2019-06-28 14:43:00,HOLDINGS_UPDATED,"{'CASH': 17258656, 'JPM': -80}"
2019-06-28 14:44:00,BID_DEPTH,"[(99078, 300)]"
2019-06-28 14:44:00,ASK_DEPTH,"[(100122, 302)]"
2019-06-28 14:44:00,IMBALANCE,"[300, 302]"
2019-06-28 14:44:00,HOLDINGS_UPDATED,"{'CASH': 17654968, 'JPM': -84}"
2019-06-28 14:45:00,BID_DEPTH,"[(99077, 502)]"
2019-06-28 14:45:00,ASK_DEPTH,"[(100174, 504)]"
2019-06-28 14:45:00,IMBALANCE,"[502, 504]"
2019-06-28 14:45:00,HOLDINGS_UPDATED,"{'CASH': 18051276, 'JPM': -88}"
2019-06-28 14:46:00,BID_DEPTH,"[(99077, 199)]"
2019-06-28 14:46:00,ASK_DEPTH,"[(100174, 201)]"
2019-06-28 14:46:00,IMBALANCE,"[199, 201]"
2019-06-28 14:46:00,HOLDINGS_UPDATED,"{'CASH': 18447584, 'JPM': -92}"
2019-06-28 14:47:00,BID_DEPTH,"[(99077, 502)]"
2019-06-28 14:47:00,ASK_DEPTH,"[(100273, 604)]"
2019-06-28 14:47:00,IMBALANCE,"[502, 604]"
2019-06-28 14:47:00,HOLDINGS_UPDATED,"{'CASH': 18843892, 'JPM': -96}"
2019-06-28 14:48:00,BID_DEPTH,"[(98979, 199)]"
2019-06-28 14:48:00,ASK_DEPTH,"[(100216, 201)]"
2019-06-28 14:48:00,IMBALANCE,"[199, 201]"
2019-06-28 14:48:00,HOLDINGS_UPDATED,"{'CASH': 19239808, 'JPM': -100}"
2019-06-28 14:49:00,BID_DEPTH,"[(100014, 199)]"
2019-06-28 14:49:00,ASK_DEPTH,"[(100151, 201)]"
2019-06-28 14:49:00,IMBALANCE,"[199, 201]"
2019-06-28 14:49:00,HOLDINGS_UPDATED,"{'CASH': 19639864, 'JPM': -104}"
2019-06-28 14:50:00,BID_DEPTH,"[(100014, 199)]"
2019-06-28 14:50:00,ASK_DEPTH,"[(100151, 201)]"
2019-06-28 14:50:00,IMBALANCE,"[199, 201]"
2019-06-28 14:50:00,HOLDINGS_UPDATED,"{'CASH': 20039920, 'JPM': -108}"
2019-06-28 14:51:00,BID_DEPTH,"[(98979, 602)]"
2019-06-28 14:51:00,ASK_DEPTH,"[(99869, 504)]"
2019-06-28 14:51:00,IMBALANCE,"[602, 504]"
2019-06-28 14:51:00,HOLDINGS_UPDATED,"{'CASH': 20435836, 'JPM': -112}"
2019-06-28 14:52:00,BID_DEPTH,"[(99924, 502)]"
2019-06-28 14:52:00,ASK_DEPTH,"[(100014, 504)]"
2019-06-28 14:52:00,IMBALANCE,"[502, 504]"
2019-06-28 14:52:00,HOLDINGS_UPDATED,"{'CASH': 20835532, 'JPM': -116}"
2019-06-28 14:53:00,BID_DEPTH,"[(99924, 300)]"
2019-06-28 14:53:00,ASK_DEPTH,"[(100013, 302)]"
2019-06-28 14:53:00,IMBALANCE,"[300, 302]"
2019-06-28 14:53:00,HOLDINGS_UPDATED,"{'CASH': 21235228, 'JPM': -120}"
2019-06-28 14:54:00,BID_DEPTH,"[(99898, 235)]"
2019-06-28 14:54:00,ASK_DEPTH,"[(100073, 237)]"
2019-06-28 14:54:00,IMBALANCE,"[235, 237]"
2019-06-28 14:54:00,HOLDINGS_UPDATED,"{'CASH': 21634820, 'JPM': -124}"
2019-06-28 14:55:00,BID_DEPTH,"[(99625, 300)]"
2019-06-28 14:55:00,ASK_DEPTH,"[(100216, 302)]"
2019-06-28 14:55:00,IMBALANCE,"[300, 302]"
2019-06-28 14:55:00,HOLDINGS_UPDATED,"{'CASH': 22033320, 'JPM': -128}"
2019-06-28 14:56:00,BID_DEPTH,"[(100089, 502)]"
2019-06-28 14:56:00,ASK_DEPTH,"[(100273, 504)]"
2019-06-28 14:56:00,IMBALANCE,"[502, 504]"
2019-06-28 14:56:00,HOLDINGS_UPDATED,"{'CASH': 22433676, 'JPM': -132}"
2019-06-28 14:57:00,BID_DEPTH,"[(100241, 199)]"
2019-06-28 14:57:00,ASK_DEPTH,"[(100386, 201)]"
2019-06-28 14:57:00,IMBALANCE,"[199, 201]"
2019-06-28 14:57:00,HOLDINGS_UPDATED,"{'CASH': 22834640, 'JPM': -136}"
2019-06-28 14:58:00,BID_DEPTH,"[(100241, 301)]"
2019-06-28 14:58:00,ASK_DEPTH,"[(100406, 199)]"
2019-06-28 14:58:00,IMBALANCE,"[301, 199]"
2019-06-28 14:58:00,HOLDINGS_UPDATED,"{'CASH': 22433016, 'JPM': -132}"
2019-06-28 14:59:00,BID_DEPTH,"[(100406, 246)]"
2019-06-28 14:59:00,ASK_DEPTH,"[(100440, 235)]"
2019-06-28 14:59:00,IMBALANCE,"[246, 235]"
2019-06-28 14:59:00,HOLDINGS_UPDATED,"{'CASH': 22031256, 'JPM': -128}"
2019-06-28 15:00:00,BID_DEPTH,"[(100406, 513)]"
2019-06-28 15:00:00,ASK_DEPTH,"[(100495, 502)]"
2019-06-28 15:00:00,IMBALANCE,"[513, 502]"
2019-06-28 15:00:00,HOLDINGS_UPDATED,"{'CASH': 21629276, 'JPM': -124}"
2019-06-28 15:01:00,BID_DEPTH,"[(100495, 254)]"
2019-06-28 15:01:00,ASK_DEPTH,"[(100573, 235)]"
2019-06-28 15:01:00,IMBALANCE,"[254, 235]"
2019-06-28 15:01:00,HOLDINGS_UPDATED,"{'CASH': 21226984, 'JPM': -120}"
2019-06-28 15:02:00,BID_DEPTH,"[(100495, 218)]"
2019-06-28 15:02:00,ASK_DEPTH,"[(100573, 101)]"
2019-06-28 15:02:00,IMBALANCE,"[218, 101]"
2019-06-28 15:02:00,HOLDINGS_UPDATED,"{'CASH': 20824692, 'JPM': -116}"
2019-06-28 15:03:00,BID_DEPTH,"[(100576, 120)]"
2019-06-28 15:03:00,ASK_DEPTH,"[(100607, 199)]"
2019-06-28 15:03:00,IMBALANCE,"[120, 199]"
2019-06-28 15:03:00,HOLDINGS_UPDATED,"{'CASH': 20422264, 'JPM': -112}"
2019-06-28 15:04:00,BID_DEPTH,"[(100608, 281)]"
2019-06-28 15:04:00,ASK_DEPTH,"[(100664, 179)]"
2019-06-28 15:04:00,IMBALANCE,"[281, 179]"
2019-06-28 15:04:00,HOLDINGS_UPDATED,"{'CASH': 20019608, 'JPM': -108}"
2019-06-28 15:05:00,BID_DEPTH,"[(100608, 604)]"
2019-06-28 15:05:00,ASK_DEPTH,"[(100664, 404)]"
2019-06-28 15:05:00,IMBALANCE,"[604, 404]"
2019-06-28 15:05:00,HOLDINGS_UPDATED,"{'CASH': 19616952, 'JPM': -104}"
2019-06-28 15:06:00,BID_DEPTH,"[(100608, 604)]"
2019-06-28 15:06:00,ASK_DEPTH,"[(100664, 404)]"
2019-06-28 15:06:00,IMBALANCE,"[604, 404]"
2019-06-28 15:06:00,HOLDINGS_UPDATED,"{'CASH': 19214296, 'JPM': -100}"
2019-06-28 15:07:00,BID_DEPTH,"[(100607, 209)]"
2019-06-28 15:07:00,ASK_DEPTH,"[(100664, 202)]"
2019-06-28 15:07:00,IMBALANCE,"[209, 202]"
2019-06-28 15:07:00,HOLDINGS_UPDATED,"{'CASH': 18811640, 'JPM': -96}"
2019-06-28 15:08:00,BID_DEPTH,"[(100483, 504)]"
2019-06-28 15:08:00,ASK_DEPTH,"[(100573, 416)]"
2019-06-28 15:08:00,IMBALANCE,"[504, 416]"
2019-06-28 15:08:00,HOLDINGS_UPDATED,"{'CASH': 18409348, 'JPM': -92}"
2019-06-28 15:09:00,BID_DEPTH,"[(100449, 504)]"
2019-06-28 15:09:00,ASK_DEPTH,"[(100573, 702)]"
2019-06-28 15:09:00,IMBALANCE,"[504, 702]"
2019-06-28 15:09:00,HOLDINGS_UPDATED,"{'CASH': 18007056, 'JPM': -88}"
2019-06-28 15:10:00,BID_DEPTH,"[(100406, 413)]"
2019-06-28 15:10:00,ASK_DEPTH,"[(100496, 502)]"
2019-06-28 15:10:00,IMBALANCE,"[413, 502]"
2019-06-28 15:10:00,HOLDINGS_UPDATED,"{'CASH': 17605072, 'JPM': -84}"
2019-06-28 15:11:00,BID_DEPTH,"[(100406, 413)]"
2019-06-28 15:11:00,ASK_DEPTH,"[(100496, 502)]"
2019-06-28 15:11:00,IMBALANCE,"[413, 502]"
2019-06-28 15:11:00,HOLDINGS_UPDATED,"{'CASH': 17203088, 'JPM': -80}"
2019-06-28 15:12:00,BID_DEPTH,"[(100327, 201)]"
2019-06-28 15:12:00,ASK_DEPTH,"[(100361, 199)]"
2019-06-28 15:12:00,IMBALANCE,"[201, 199]"
2019-06-28 15:12:00,HOLDINGS_UPDATED,"{'CASH': 16801644, 'JPM': -76}"
2019-06-28 15:13:00,BID_DEPTH,"[(100341, 302)]"
2019-06-28 15:13:00,ASK_DEPTH,"[(100357, 300)]"
2019-06-28 15:13:00,IMBALANCE,"[302, 300]"
2019-06-28 15:13:00,HOLDINGS_UPDATED,"{'CASH': 16400216, 'JPM': -72}"
2019-06-28 15:14:00,BID_DEPTH,"[(100327, 302)]"
2019-06-28 15:14:00,ASK_DEPTH,"[(100338, 300)]"
2019-06-28 15:14:00,IMBALANCE,"[302, 300]"
2019-06-28 15:14:00,HOLDINGS_UPDATED,"{'CASH': 15998864, 'JPM': -68}"
2019-06-28 15:15:00,BID_DEPTH,"[(100245, 302)]"
2019-06-28 15:15:00,ASK_DEPTH,"[(100338, 300)]"
2019-06-28 15:15:00,IMBALANCE,"[302, 300]"
2019-06-28 15:15:00,HOLDINGS_UPDATED,"{'CASH': 15597512, 'JPM': -64}"
2019-06-28 15:16:00,BID_DEPTH,"[(100245, 504)]"
2019-06-28 15:16:00,ASK_DEPTH,"[(100357, 502)]"
2019-06-28 15:16:00,IMBALANCE,"[504, 502]"
2019-06-28 15:16:00,HOLDINGS_UPDATED,"{'CASH': 15196084, 'JPM': -60}"
2019-06-28 15:17:00,BID_DEPTH,"[(100245, 237)]"
2019-06-28 15:17:00,ASK_DEPTH,"[(100573, 325)]"
2019-06-28 15:17:00,IMBALANCE,"[237, 325]"
2019-06-28 15:17:00,HOLDINGS_UPDATED,"{'CASH': 14793792, 'JPM': -56}"
2019-06-28 15:18:00,BID_DEPTH,"[(100573, 221)]"
2019-06-28 15:18:00,ASK_DEPTH,"[(100586, 300)]"
2019-06-28 15:18:00,IMBALANCE,"[221, 300]"
2019-06-28 15:18:00,HOLDINGS_UPDATED,"{'CASH': 14391448, 'JPM': -52}"
2019-06-28 15:19:00,BID_DEPTH,"[(100545, 237)]"
2019-06-28 15:19:00,ASK_DEPTH,"[(100663, 235)]"
2019-06-28 15:19:00,IMBALANCE,"[237, 235]"
2019-06-28 15:19:00,HOLDINGS_UPDATED,"{'CASH': 13988796, 'JPM': -48}"
2019-06-28 15:20:00,BID_DEPTH,"[(100241, 201)]"
2019-06-28 15:20:00,ASK_DEPTH,"[(100663, 199)]"
2019-06-28 15:20:00,IMBALANCE,"[201, 199]"
2019-06-28 15:20:00,HOLDINGS_UPDATED,"{'CASH': 13586144, 'JPM': -44}"
2019-06-28 15:21:00,BID_DEPTH,"[(100094, 181)]"
2019-06-28 15:21:00,ASK_DEPTH,"[(100235, 179)]"
2019-06-28 15:21:00,IMBALANCE,"[181, 179]"
2019-06-28 15:21:00,HOLDINGS_UPDATED,"{'CASH': 13185204, 'JPM': -40}"
2019-06-28 15:22:00,BID_DEPTH,"[(100072, 201)]"
2019-06-28 15:22:00,ASK_DEPTH,"[(100664, 101)]"
2019-06-28 15:22:00,IMBALANCE,"[201, 101]"
2019-06-28 15:22:00,HOLDINGS_UPDATED,"{'CASH': 12782548, 'JPM': -36}"
2019-06-28 15:23:00,BID_DEPTH,"[(99976, 181)]"
2019-06-28 15:23:00,ASK_DEPTH,"[(100663, 179)]"
2019-06-28 15:23:00,IMBALANCE,"[181, 179]"
2019-06-28 15:23:00,HOLDINGS_UPDATED,"{'CASH': 12379896, 'JPM': -32}"
2019-06-28 15:24:00,BID_DEPTH,"[(99975, 504)]"
2019-06-28 15:24:00,ASK_DEPTH,"[(100284, 502)]"
2019-06-28 15:24:00,IMBALANCE,"[504, 502]"
2019-06-28 15:24:00,HOLDINGS_UPDATED,"{'CASH': 11978760, 'JPM': -28}"
2019-06-28 15:25:00,BID_DEPTH,"[(99924, 302)]"
2019-06-28 15:25:00,ASK_DEPTH,"[(99989, 300)]"
2019-06-28 15:25:00,IMBALANCE,"[302, 300]"
2019-06-28 15:25:00,HOLDINGS_UPDATED,"{'CASH': 11578804, 'JPM': -24}"
2019-06-28 15:26:00,BID_DEPTH,"[(100482, 201)]"
2019-06-28 15:26:00,ASK_DEPTH,"[(100598, 199)]"
2019-06-28 15:26:00,IMBALANCE,"[201, 199]"
2019-06-28 15:26:00,HOLDINGS_UPDATED,"{'CASH': 11176412, 'JPM': -20}"
2019-06-28 15:27:00,BID_DEPTH,"[(100599, 504)]"
2019-06-28 15:27:00,ASK_DEPTH,"[(100663, 502)]"
2019-06-28 15:27:00,IMBALANCE,"[504, 502]"
2019-06-28 15:27:00,HOLDINGS_UPDATED,"{'CASH': 10773760, 'JPM': -16}"
2019-06-28 15:28:00,BID_DEPTH,"[(100599, 504)]"
2019-06-28 15:28:00,ASK_DEPTH,"[(100664, 595)]"
2019-06-28 15:28:00,IMBALANCE,"[504, 595]"
2019-06-28 15:28:00,HOLDINGS_UPDATED,"{'CASH': 10371104, 'JPM': -12}"
2019-06-28 15:29:00,BID_DEPTH,"[(100374, 237)]"
2019-06-28 15:29:00,ASK_DEPTH,"[(100599, 154)]"
2019-06-28 15:29:00,IMBALANCE,"[237, 154]"
2019-06-28 15:29:00,HOLDINGS_UPDATED,"{'CASH': 9968708, 'JPM': -8}"
2019-06-28 15:30:00,BID_DEPTH,"[(100313, 504)]"
2019-06-28 15:30:00,ASK_DEPTH,"[(100599, 502)]"
2019-06-28 15:30:00,IMBALANCE,"[504, 502]"
2019-06-28 15:30:00,HOLDINGS_UPDATED,"{'CASH': 9566312, 'JPM': -4}"
2019-06-28 15:31:00,BID_DEPTH,"[(100456, 201)]"
2019-06-28 15:31:00,ASK_DEPTH,"[(100664, 282)]"
2019-06-28 15:31:00,IMBALANCE,"[201, 282]"
2019-06-28 15:31:00,HOLDINGS_UPDATED,{'CASH': 9163656}
2019-06-28 15:32:00,BID_DEPTH,"[(100255, 302)]"
2019-06-28 15:32:00,ASK_DEPTH,"[(100664, 273)]"
2019-06-28 15:32:00,IMBALANCE,"[302, 273]"
2019-06-28 15:32:00,HOLDINGS_UPDATED,"{'CASH': 8761000, 'JPM': 4}"
2019-06-28 15:33:00,BID_DEPTH,"[(99924, 302)]"
2019-06-28 15:33:00,ASK_DEPTH,"[(100229, 300)]"
2019-06-28 15:33:00,IMBALANCE,"[302, 300]"
2019-06-28 15:33:00,HOLDINGS_UPDATED,"{'CASH': 8360084, 'JPM': 8}"
2019-06-28 15:34:00,BID_DEPTH,"[(100130, 201)]"
2019-06-28 15:34:00,ASK_DEPTH,"[(100138, 199)]"
2019-06-28 15:34:00,IMBALANCE,"[201, 199]"
2019-06-28 15:34:00,HOLDINGS_UPDATED,"{'CASH': 7959532, 'JPM': 12}"
2019-06-28 15:35:00,BID_DEPTH,"[(100130, 201)]"
2019-06-28 15:35:00,ASK_DEPTH,"[(100229, 199)]"
2019-06-28 15:35:00,IMBALANCE,"[201, 199]"
2019-06-28 15:35:00,HOLDINGS_UPDATED,"{'CASH': 7558616, 'JPM': 16}"
2019-06-28 15:36:00,BID_DEPTH,"[(100130, 504)]"
2019-06-28 15:36:00,ASK_DEPTH,"[(100319, 502)]"
2019-06-28 15:36:00,IMBALANCE,"[504, 502]"
2019-06-28 15:36:00,HOLDINGS_UPDATED,"{'CASH': 7157340, 'JPM': 20}"
2019-06-28 15:37:00,BID_DEPTH,"[(100130, 181)]"
2019-06-28 15:37:00,ASK_DEPTH,"[(100319, 179)]"
2019-06-28 15:37:00,IMBALANCE,"[181, 179]"
2019-06-28 15:37:00,HOLDINGS_UPDATED,"{'CASH': 6756064, 'JPM': 24}"
2019-06-28 15:38:00,BID_DEPTH,"[(100270, 504)]"
2019-06-28 15:38:00,ASK_DEPTH,"[(100285, 502)]"
2019-06-28 15:38:00,IMBALANCE,"[504, 502]"
2019-06-28 15:38:00,HOLDINGS_UPDATED,"{'CASH': 6354924, 'JPM': 28}"
2019-06-28 15:39:00,BID_DEPTH,"[(100270, 179)]"
2019-06-28 15:39:00,ASK_DEPTH,"[(100333, 181)]"
2019-06-28 15:39:00,IMBALANCE,"[179, 181]"
2019-06-28 15:39:00,HOLDINGS_UPDATED,"{'CASH': 6756004, 'JPM': 24}"
2019-06-28 15:40:00,BID_DEPTH,"[(100270, 179)]"
2019-06-28 15:40:00,ASK_DEPTH,"[(100449, 181)]"
2019-06-28 15:40:00,IMBALANCE,"[179, 181]"
2019-06-28 15:40:00,HOLDINGS_UPDATED,"{'CASH': 7157084, 'JPM': 20}"
2019-06-28 15:41:00,BID_DEPTH,"[(100202, 179)]"
2019-06-28 15:41:00,ASK_DEPTH,"[(100449, 181)]"
2019-06-28 15:41:00,IMBALANCE,"[179, 181]"
2019-06-28 15:41:00,HOLDINGS_UPDATED,"{'CASH': 7557892, 'JPM': 16}"
2019-06-28 15:42:00,BID_DEPTH,"[(100202, 179)]"
2019-06-28 15:42:00,ASK_DEPTH,"[(100519, 181)]"
2019-06-28 15:42:00,IMBALANCE,"[179, 181]"
2019-06-28 15:42:00,HOLDINGS_UPDATED,"{'CASH': 7958700, 'JPM': 12}"
2019-06-28 15:43:00,BID_DEPTH,"[(100191, 179)]"
2019-06-28 15:43:00,ASK_DEPTH,"[(100519, 181)]"
2019-06-28 15:43:00,IMBALANCE,"[179, 181]"
2019-06-28 15:43:00,HOLDINGS_UPDATED,"{'CASH': 8359464, 'JPM': 8}"
2019-06-28 15:44:00,BID_DEPTH,"[(100519, 300)]"
2019-06-28 15:44:00,ASK_DEPTH,"[(100757, 302)]"
2019-06-28 15:44:00,IMBALANCE,"[300, 302]"
2019-06-28 15:44:00,HOLDINGS_UPDATED,"{'CASH': 8761540, 'JPM': 4}"
2019-06-28 15:45:00,BID_DEPTH,"[(100519, 179)]"
2019-06-28 15:45:00,ASK_DEPTH,"[(100820, 181)]"
2019-06-28 15:45:00,IMBALANCE,"[179, 181]"
2019-06-28 15:45:00,HOLDINGS_UPDATED,{'CASH': 9163616}
2019-06-28 15:46:00,BID_DEPTH,"[(100130, 502)]"
2019-06-28 15:46:00,ASK_DEPTH,"[(100601, 504)]"
2019-06-28 15:46:00,IMBALANCE,"[502, 504]"
2019-06-28 15:46:00,HOLDINGS_UPDATED,"{'CASH': 9564136, 'JPM': -4}"
2019-06-28 15:47:00,BID_DEPTH,"[(99781, 199)]"
2019-06-28 15:47:00,ASK_DEPTH,"[(99913, 201)]"
2019-06-28 15:47:00,IMBALANCE,"[199, 201]"
2019-06-28 15:47:00,HOLDINGS_UPDATED,"{'CASH': 9963260, 'JPM': -8}"
2019-06-28 15:48:00,BID_DEPTH,"[(99781, 101)]"
2019-06-28 15:48:00,ASK_DEPTH,"[(100601, 201)]"
2019-06-28 15:48:00,IMBALANCE,"[101, 201]"
2019-06-28 15:48:00,HOLDINGS_UPDATED,"{'CASH': 10362384, 'JPM': -12}"
2019-06-28 15:49:00,BID_DEPTH,"[(100126, 179)]"
2019-06-28 15:49:00,ASK_DEPTH,"[(100601, 181)]"
2019-06-28 15:49:00,IMBALANCE,"[179, 181]"
2019-06-28 15:49:00,HOLDINGS_UPDATED,"{'CASH': 10762888, 'JPM': -16}"
2019-06-28 15:50:00,BID_DEPTH,"[(99771, 199)]"
2019-06-28 15:50:00,ASK_DEPTH,"[(100125, 201)]"
2019-06-28 15:50:00,IMBALANCE,"[199, 201]"
2019-06-28 15:50:00,HOLDINGS_UPDATED,"{'CASH': 11161972, 'JPM': -20}"
2019-06-28 15:51:00,BID_DEPTH,"[(99589, 300)]"
2019-06-28 15:51:00,ASK_DEPTH,"[(100125, 302)]"
2019-06-28 15:51:00,IMBALANCE,"[300, 302]"
2019-06-28 15:51:00,HOLDINGS_UPDATED,"{'CASH': 11560328, 'JPM': -24}"
2019-06-28 15:52:00,BID_DEPTH,"[(99712, 199)]"
2019-06-28 15:52:00,ASK_DEPTH,"[(100099, 201)]"
2019-06-28 15:52:00,IMBALANCE,"[199, 201]"
2019-06-28 15:52:00,HOLDINGS_UPDATED,"{'CASH': 11959176, 'JPM': -28}"
2019-06-28 15:53:00,BID_DEPTH,"[(99798, 199)]"
2019-06-28 15:53:00,ASK_DEPTH,"[(99855, 201)]"
2019-06-28 15:53:00,IMBALANCE,"[199, 201]"
2019-06-28 15:53:00,HOLDINGS_UPDATED,"{'CASH': 12358368, 'JPM': -32}"
2019-06-28 15:54:00,BID_DEPTH,"[(99712, 302)]"
2019-06-28 15:54:00,ASK_DEPTH,"[(99798, 219)]"
2019-06-28 15:54:00,IMBALANCE,"[302, 219]"
2019-06-28 15:54:00,HOLDINGS_UPDATED,"{'CASH': 12757216, 'JPM': -36}"
2019-06-28 15:55:00,BID_DEPTH,"[(99748, 300)]"
2019-06-28 15:55:00,ASK_DEPTH,"[(99798, 219)]"
2019-06-28 15:55:00,IMBALANCE,"[300, 219]"
2019-06-28 15:55:00,HOLDINGS_UPDATED,"{'CASH': 13156208, 'JPM': -40}"
2019-06-28 15:56:00,BID_DEPTH,"[(99750, 300)]"
2019-06-28 15:56:00,ASK_DEPTH,"[(99798, 219)]"
2019-06-28 15:56:00,IMBALANCE,"[300, 219]"
2019-06-28 15:56:00,HOLDINGS_UPDATED,"{'CASH': 13555208, 'JPM': -44}"
2019-06-28 15:57:00,BID_DEPTH,"[(99778, 300)]"
2019-06-28 15:57:00,ASK_DEPTH,"[(99798, 219)]"
2019-06-28 15:57:00,IMBALANCE,"[300, 219]"
2019-06-28 15:57:00,HOLDINGS_UPDATED,"{'CASH': 13954320, 'JPM': -48}"
2019-06-28 15:58:00,BID_DEPTH,"[(99712, 179)]"
2019-06-28 15:58:00,ASK_DEPTH,"[(99798, 98)]"
2019-06-28 15:58:00,IMBALANCE,"[179, 98]"
2019-06-28 15:58:00,HOLDINGS_UPDATED,"{'CASH': 14353168, 'JPM': -52}"
2019-06-28 15:59:00,BID_DEPTH,"[(99697, 199)]"
2019-06-28 15:59:00,ASK_DEPTH,"[(99711, 201)]"
2019-06-28 15:59:00,IMBALANCE,"[199, 201]"
2019-06-28 15:59:00,HOLDINGS_UPDATED,"{'CASH': 14751956, 'JPM': -56}"
2019-06-28 16:00:00,BID_DEPTH,"[(99589, 101)]"
2019-06-28 16:00:00,ASK_DEPTH,"[(99711, 201)]"
2019-06-28 16:00:00,IMBALANCE,"[101, 201]"
2019-06-28 16:00:00,HOLDINGS_UPDATED,"{'CASH': 15150312, 'JPM': -60}"
2019-06-28 16:01:00,BID_DEPTH,"[(99496, 201)]"
2019-06-28 16:01:00,ASK_DEPTH,"[(99589, 7)]"
2019-06-28 16:01:00,IMBALANCE,"[201, 7]"
2019-06-28 16:01:00,MKT_CLOSED,
2019-06-28 16:01:00,FINAL_HOLDINGS,"{ JPM: -60, CASH: 15150312 }"
2019-06-28 16:01:00,FINAL_CASH_POSITION,15150312
2019-06-28 16:01:00,MARK_TO_MARKET,-60 JPM @ 99589 == -5975340
2019-06-28 16:01:00,MARKED_TO_MARKET,9174972
2019-06-28 16:01:00,ENDING_CASH,9174972
