,ask_price_1,ask_size_1,bid_price_1,bid_size_1,ask_price_2,ask_size_2,bid_price_2,bid_size_2,ask_price_3,ask_size_3,bid_price_3,bid_size_3,ask_price_4,ask_size_4,bid_price_4,bid_size_4,ask_price_5,ask_size_5,bid_price_5,bid_size_5,ask_price_6,ask_size_6,bid_price_6,bid_size_6,ask_price_7,ask_size_7,bid_price_7,bid_size_7,ask_price_8,ask_size_8,bid_price_8,bid_size_8,ask_price_9,ask_size_9,bid_price_9,bid_size_9,ask_price_10,ask_size_10,bid_price_10,bid_size_10
2019-06-28 09:30:00.000000001,,,99920,100,,,,,,,,,,,,,,,,,,,,,,,,,,,,,,,,,,,,
2019-06-28 09:30:00.000000007,,,99920,100,,,99860,100,,,,,,,,,,,,,,,,,,,,,,,,,,,,,,,,
2019-06-28 09:30:00.000000010,,,99926,100,,,99920,100,,,99860,100,,,,,,,,,,,,,,,,,,,,,,,,,,,,
2019-06-28 09:30:00.000000016,99983,100,99926,100,,,99920,100,,,99860,100,,,,,,,,,,,,,,,,,,,,,,,,,,,,
2019-06-28 09:30:00.000000017,99983,100,99926,100,,,99920,100,,,99860,100,,,99779,100,,,,,,,,,,,,,,,,,,,,,,,,
2019-06-28 09:30:00.000000018,99983,100,99926,100,100058,100,99920,100,,,99860,100,,,99779,100,,,,,,,,,,,,,,,,,,,,,,,,
2019-06-28 09:30:00.000000020,99983,100,99926,100,100024,100,99920,100,100058,100,99860,100,,,99779,100,,,,,,,,,,,,,,,,,,,,,,,,
2019-06-28 09:30:00.000000025,99983,100,99926,100,100019,100,99920,100,100024,100,99860,100,100058,100,99833,100,,,99779,100,,,,,,,,,,,,,,,,,,,,
2019-06-28 09:30:00.000000028,99983,100,99926,100,100019,100,99920,100,100024,100,99860,100,100031,100,99833,100,100058,100,99779,100,,,,,,,,,,,,,,,,,,,,
2019-06-28 09:30:00.000000029,99983,100,99926,100,100019,100,99920,100,100024,100,99860,100,100031,100,99841,100,100058,100,99833,100,100123,100,99779,100,,,,,,,,,,,,,,,,
2019-06-28 09:30:00.000000032,99983,100,99926,100,100019,100,99920,100,100024,100,99860,100,100031,100,99841,100,100058,100,99833,100,100094,100,99779,100,100123,100,,,,,,,,,,,,,,
2019-06-28 09:30:00.000000033,99983,100,99926,100,100019,100,99920,100,100024,100,99860,100,100031,100,99841,100,100058,100,99833,100,100094,100,99779,100,100103,100,,,100123,100,,,,,,,,,,
2019-06-28 09:30:00.000000034,100019,100,99926,100,100024,100,99920,100,100031,100,99860,100,100058,100,99841,100,100094,100,99833,100,100103,100,99779,100,100123,100,,,,,,,,,,,,,,
2019-06-28 09:30:00.000000035,99980,100,99926,100,100019,100,99920,100,100024,100,99860,100,100031,100,99841,100,100058,100,99833,100,100094,100,99779,100,100097,100,,,100103,100,,,100123,100,,,,,,
2019-06-28 09:30:00.000000036,99980,100,99926,100,100019,100,99920,100,100024,100,99860,100,100031,100,99841,100,100058,100,99833,100,100061,100,99779,100,100094,100,,,100097,100,,,100103,100,,,100123,100,,
2019-06-28 09:30:00.000000038,100019,100,99941,100,100023,100,99926,100,100024,100,99920,100,100031,100,99860,100,100058,100,99841,100,100061,100,99833,100,100094,100,99779,100,100097,100,,,100103,100,,,100123,100,,
2019-06-28 09:30:00.000000039,100019,100,99941,100,100023,100,99926,100,100024,100,99920,100,100031,100,99860,100,100058,100,99844,100,100061,100,99841,100,100094,100,99833,100,100097,100,99779,100,100103,100,,,100123,100,,
2019-06-28 09:30:00.000000040,100019,100,99980,100,100023,100,99941,100,100024,100,99926,100,100031,100,99920,100,100058,100,99860,100,100061,100,99844,100,100094,100,99841,100,100097,100,99833,100,100103,100,99779,100,100123,100,,
2019-06-28 09:30:00.000000043,100019,100,99980,100,100023,100,99941,200,100024,100,99926,100,100031,100,99920,100,100058,100,99860,100,100061,100,99844,100,100094,100,99841,100,100097,100,99833,100,100103,100,99779,100,100123,100,,
2019-06-28 09:30:00.000000046,100019,100,99941,200,100023,100,99926,100,100024,100,99920,100,100031,100,99860,100,100058,100,99844,100,100061,100,99841,100,100094,100,99833,100,100097,100,99779,100,100103,100,,,100123,100,,
2019-06-28 09:30:00.000000053,99964,100,99941,200,100019,100,99926,100,100023,100,99920,100,100024,100,99860,100,100031,100,99844,100,100058,100,99841,100,100061,100,99833,100,100094,100,99779,100,100097,100,,,100103,100,,
2019-06-28 09:30:00.000000054,99964,100,99941,200,100019,100,99926,100,100023,100,99920,100,100024,100,99860,100,100031,100,99844,100,100058,100,99841,100,100061,100,99833,100,100094,100,99779,100,100097,100,,,100103,100,,
2019-06-28 09:30:00.000000056,100019,100,99941,200,100023,100,99926,100,100024,100,99920,100,100031,100,99860,100,100058,100,99844,100,100061,100,99841,100,100094,100,99833,100,100097,100,99779,100,100103,100,,,100123,100,,
2019-06-28 09:30:00.000000057,100019,100,99941,100,100023,100,99926,100,100024,100,99920,100,100031,100,99860,100,100058,100,99844,100,100060,100,99841,100,100061,100,99833,100,100094,100,99779,100,100097,100,,,100103,100,,
2019-06-28 09:30:00.000000058,99980,100,99941,100,100019,100,99926,100,100023,100,99920,100,100024,100,99860,100,100031,100,99844,100,100058,100,99841,100,100060,100,99833,100,100061,100,99779,100,100065,100,,,100094,100,,
2019-06-28 09:30:00.000000059,100023,100,99941,100,100024,100,99926,100,100031,100,99920,100,100052,100,99860,100,100058,100,99844,100,100060,100,99841,100,100061,100,99833,100,100065,100,99779,100,100094,100,,,100097,100,,
2019-06-28 09:30:00.000000060,100023,100,99941,100,100024,100,99926,100,100031,100,99920,100,100052,100,99882,100,100058,100,99860,100,100060,100,99844,100,100061,100,99841,100,100065,100,99833,100,100094,100,99779,100,100097,100,,
2019-06-28 09:30:00.000000062,100023,100,99980,100,100024,100,99941,100,100031,100,99926,100,100052,100,99920,100,100058,100,99892,100,100060,100,99882,100,100061,100,99860,100,100065,100,99844,100,100094,100,99841,100,100097,100,99833,100
2019-06-28 09:30:00.000000063,100023,100,99980,100,100024,100,99941,100,100031,100,99926,100,100052,100,99920,100,100058,100,99909,100,100060,100,99892,100,100061,100,99882,100,100065,100,99860,100,100094,100,99844,100,100097,100,99841,100
2019-06-28 09:30:00.000000064,100005,100,99980,100,100023,100,99941,100,100024,100,99926,100,100031,100,99920,100,100052,100,99914,100,100058,100,99909,100,100060,100,99892,100,100061,100,99882,100,100065,100,99860,100,100094,100,99844,100
2019-06-28 09:30:00.000000065,100005,100,99941,100,100023,100,99926,100,100024,100,99920,100,100031,100,99914,100,100052,100,99909,100,100058,100,99892,100,100060,100,99882,100,100061,100,99860,100,100065,100,99844,100,100094,100,99841,100
2019-06-28 09:30:00.000000069,100004,100,99941,100,100005,100,99926,100,100023,100,99920,100,100024,100,99914,100,100031,100,99909,100,100052,100,99892,100,100058,100,99882,100,100060,100,99860,100,100061,100,99844,100,100065,100,99841,100
2019-06-28 09:30:00.000000070,100004,100,99941,100,100005,100,99926,100,100023,100,99920,100,100024,100,99914,100,100031,100,99909,100,100052,100,99892,100,100058,100,99882,100,100060,100,99860,100,100061,100,99844,100,100065,100,99841,100
2019-06-28 09:30:00.000000072,100005,100,99941,100,100023,100,99926,100,100024,100,99920,100,100031,100,99914,100,100052,100,99909,100,100058,100,99892,100,100060,100,99882,100,100061,100,99860,100,100063,100,99844,100,100065,100,99841,100
2019-06-28 09:30:00.000000073,99971,100,99941,100,100005,100,99926,100,100023,100,99920,100,100024,100,99914,100,100031,100,99909,100,100052,100,99892,100,100058,100,99882,100,100060,100,99860,100,100061,100,99844,100,100063,100,99841,100
2019-06-28 09:30:00.000000080,99971,100,99941,100,100005,100,99926,100,100023,100,99920,100,100024,100,99914,100,100031,100,99909,100,100052,100,99892,100,100058,100,99882,100,100060,100,99860,100,100061,100,99844,100,100063,100,99841,100
2019-06-28 09:30:00.000000083,99971,100,99941,100,100004,100,99926,100,100005,100,99920,100,100023,100,99914,100,100024,100,99909,100,100031,100,99892,100,100052,100,99882,100,100058,100,99860,100,100060,100,99844,100,100061,100,99841,100
2019-06-28 09:30:00.000000084,99971,100,99941,100,99972,100,99926,100,100004,100,99920,100,100005,100,99914,100,100023,100,99909,100,100024,100,99892,100,100031,100,99882,100,100052,100,99860,100,100058,100,99844,100,100060,100,99841,100
2019-06-28 09:30:00.000000086,99972,100,99941,200,100004,100,99926,100,100005,100,99920,100,100023,100,99914,100,100024,100,99909,100,100031,100,99892,100,100052,100,99882,100,100058,100,99860,100,100060,100,99844,100,100061,100,99841,100
2019-06-28 09:30:00.000000087,99972,100,99941,200,100004,100,99926,100,100005,100,99920,100,100023,100,99914,100,100024,100,99909,100,100031,100,99892,100,100052,100,99882,100,100058,100,99860,100,100060,100,99844,100,100061,100,99841,100
2019-06-28 09:30:00.000000088,99972,100,99941,200,100004,100,99926,100,100005,100,99920,100,100023,100,99914,100,100024,100,99909,100,100031,100,99892,100,100052,100,99882,100,100058,100,99860,100,100060,100,99844,100,100061,100,99841,100
2019-06-28 09:30:00.000000089,99972,100,99941,200,100004,100,99926,100,100005,100,99920,100,100023,100,99914,100,100024,100,99909,100,100031,100,99892,100,100052,100,99882,100,100058,100,99860,100,100060,100,99844,100,100061,100,99841,100
2019-06-28 09:30:00.000000090,99972,100,99971,100,100004,100,99954,100,100005,100,99941,200,100023,100,99926,100,100024,100,99920,100,100031,100,99914,100,100052,100,99909,100,100058,100,99892,100,100060,100,99882,100,100061,100,99860,100
2019-06-28 09:30:00.000000095,99993,100,99971,100,100004,100,99954,100,100005,100,99941,200,100023,100,99926,100,100024,100,99920,100,100031,100,99914,100,100052,100,99909,100,100058,100,99892,100,100060,100,99882,100,100061,100,99860,100
2019-06-28 09:30:00.000000098,99993,100,99972,100,100004,100,99971,100,100005,100,99954,100,100023,100,99941,200,100024,100,99926,100,100031,100,99920,100,100052,100,99914,100,100058,100,99909,100,100060,100,99892,100,100061,100,99882,100
2019-06-28 09:30:00.000000099,99985,100,99972,100,99993,100,99971,100,100004,100,99954,100,100005,100,99941,200,100023,100,99926,100,100024,100,99920,100,100031,100,99914,100,100052,100,99909,100,100058,100,99892,100,100060,100,99882,100
2019-06-28 09:30:10.000000000,99985,230,99972,230,99993,226,99971,226,100004,226,99954,226,100005,100,99941,200,100023,100,99926,100,100024,100,99920,100,100031,100,99914,100,100052,100,99909,100,100058,100,99892,100,100060,100,99882,100
2019-06-28 09:30:11.138224694,99985,230,99972,230,99993,226,99971,226,100004,226,99954,226,100005,100,99941,200,100023,100,99926,100,100024,100,99920,100,100031,100,99914,100,100052,100,99909,100,100058,100,99892,100,100060,100,99882,100
2019-06-28 09:30:19.477415510,99985,130,99972,230,99993,226,99971,226,100004,226,99954,226,100005,100,99941,200,100023,100,99926,100,100024,100,99920,100,100031,100,99914,100,100052,100,99909,100,100058,100,99892,100,100060,100,99882,100
2019-06-28 09:30:20.000000000,99993,196,99972,196,100004,196,99971,196,100005,196,99954,196,100023,196,99941,296,100024,100,99926,100,100031,100,99920,100,100052,100,99914,100,100058,100,99909,100,100060,100,99892,100,100061,100,99882,100
2019-06-28 09:30:23.462180595,99993,96,99972,196,100004,196,99971,196,100005,196,99954,196,100023,196,99941,296,100024,100,99926,100,100031,100,99920,100,100052,100,99914,100,100058,100,99892,100,100060,100,99882,100,100061,100,99860,100
2019-06-28 09:30:30.000000000,100004,176,99972,176,100005,176,99971,176,100023,176,99954,176,100024,176,99941,276,100031,176,99926,176,100052,100,99920,100,100058,100,99914,100,100060,100,99892,100,100061,100,99882,100,100063,100,99860,100
2019-06-28 09:30:40.000000000,100004,291,99972,291,100005,291,99971,291,100023,100,99954,100,100024,100,99941,200,100031,100,99926,100,100052,100,99920,100,100058,100,99914,100,100060,100,99892,100,100061,100,99882,100,100063,100,99860,100
2019-06-28 09:30:41.758150051,100004,291,99972,291,100005,291,99971,291,100023,100,99954,100,100024,100,99941,100,100031,100,99926,100,100052,100,99920,100,100058,100,99914,100,100060,100,99892,100,100061,100,99882,100,100063,100,99860,100
2019-06-28 09:30:43.375510085,100004,191,99972,291,100005,291,99971,291,100023,100,99954,100,100024,100,99941,100,100031,100,99920,100,100052,100,99914,100,100058,100,99892,100,100060,100,99882,100,100061,100,99860,100,100063,100,99844,100
2019-06-28 09:30:50.000000000,100005,196,99972,196,100023,196,99971,196,100024,196,99954,196,100031,196,99941,196,100052,100,99920,100,100058,100,99914,100,100060,100,99892,100,100061,100,99882,100,100063,100,99860,100,100091,100,99844,100
2019-06-28 09:31:00.000000000,100005,291,99972,291,100023,291,99971,291,100024,100,99954,100,100031,100,99941,100,100052,100,99920,100,100058,100,99914,100,100060,100,99892,100,100061,100,99882,100,100063,100,99860,100,100091,100,99844,100
2019-06-28 09:31:10.000000000,100005,176,99972,176,100023,176,99971,176,100024,176,99954,176,100031,176,99941,176,100052,176,99920,176,100058,100,99914,100,100060,100,99892,100,100061,100,99882,100,100063,100,99860,100,100091,100,99844,100
2019-06-28 09:31:10.980217265,100005,176,99993,100,100023,176,99972,176,100024,176,99971,176,100031,176,99954,176,100052,176,99941,176,100058,100,99920,176,100060,100,99914,100,100061,100,99892,100,100063,100,99882,100,100091,100,99860,100
2019-06-28 09:31:14.238339948,100005,176,99993,100,100023,176,99972,176,100024,176,99971,176,100031,176,99954,176,100052,176,99941,176,100058,100,99920,176,100060,100,99914,100,100061,100,99892,100,100063,100,99882,100,100091,100,99860,100
2019-06-28 09:31:15.664508873,100005,176,99993,200,100023,176,99972,76,100024,176,99971,176,100031,176,99954,176,100052,176,99941,176,100058,100,99920,176,100060,100,99914,100,100061,100,99892,100,100063,100,99882,100,100091,100,99860,100
2019-06-28 09:31:20.000000000,100005,230,99993,330,100023,226,99971,226,100024,226,99954,226,100031,100,99941,100,100052,100,99920,100,100058,100,99914,100,100060,100,99892,100,100061,100,99882,100,100063,100,99860,100,100091,100,99844,100
2019-06-28 09:31:30.000000000,100005,482,99993,582,100023,100,99971,100,100024,100,99954,100,100031,100,99941,100,100052,100,99920,100,100058,100,99914,100,100060,100,99892,100,100061,100,99882,100,100063,100,99860,100,100091,100,99844,100
2019-06-28 09:31:40.000000000,100005,291,99993,391,100023,291,99971,291,100024,100,99954,100,100031,100,99941,100,100052,100,99920,100,100058,100,99914,100,100060,100,99892,100,100061,100,99882,100,100063,100,99860,100,100091,100,99844,100
2019-06-28 09:31:50.000000000,100005,482,99993,582,100023,100,99971,100,100024,100,99954,100,100031,100,99941,100,100052,100,99920,100,100058,100,99914,100,100060,100,99892,100,100061,100,99882,100,100063,100,99860,100,100091,100,99844,100
2019-06-28 09:32:00.000000000,100005,196,99993,296,100023,196,99971,196,100024,196,99954,196,100031,196,99941,196,100052,100,99920,100,100058,100,99914,100,100060,100,99892,100,100061,100,99882,100,100063,100,99860,100,100091,100,99844,100
2019-06-28 09:32:10.000000000,100005,230,99993,330,100023,226,99971,226,100024,226,99954,226,100031,100,99941,100,100052,100,99920,100,100058,100,99914,100,100060,100,99892,100,100061,100,99882,100,100063,100,99860,100,100091,100,99844,100
2019-06-28 09:32:20.000000000,100005,196,99993,296,100023,196,99971,196,100024,196,99954,196,100031,196,99941,196,100052,100,99920,100,100058,100,99914,100,100060,100,99892,100,100061,100,99882,100,100063,100,99860,100,100091,100,99844,100
2019-06-28 09:32:25.962571902,100005,96,99993,296,100023,196,99971,196,100024,196,99954,196,100031,196,99941,196,100052,100,99920,100,100058,100,99914,100,100060,100,99892,100,100061,100,99882,100,100063,100,99844,100,100091,100,99841,100
2019-06-28 09:32:30.000000000,100023,230,99993,330,100024,226,99971,226,100031,226,99954,226,100052,100,99941,100,100058,100,99920,100,100060,100,99914,100,100061,100,99892,100,100063,100,99882,100,100091,100,99844,100,100094,100,99841,100
2019-06-28 09:32:40.000000000,100023,176,99993,276,100024,176,99971,176,100031,176,99954,176,100052,176,99941,176,100058,176,99920,176,100060,100,99914,100,100061,100,99892,100,100063,100,99882,100,100091,100,99844,100,100094,100,99841,100
2019-06-28 09:32:50.000000000,100023,291,99993,391,100024,291,99971,291,100031,100,99954,100,100052,100,99941,100,100058,100,99920,100,100060,100,99914,100,100061,100,99892,100,100063,100,99882,100,100091,100,99844,100,100094,100,99841,100
2019-06-28 09:32:52.121467576,100023,291,100004,100,100024,291,99993,391,100031,100,99971,291,100052,100,99954,100,100058,100,99941,100,100060,100,99920,100,100061,100,99914,100,100063,100,99892,100,100091,100,99882,100,100094,100,99844,100
2019-06-28 09:33:00.000000000,100023,482,100004,482,100024,100,99993,200,100031,100,99971,100,100052,100,99954,100,100058,100,99941,100,100060,100,99920,100,100061,100,99914,100,100063,100,99892,100,100091,100,99882,100,100094,100,99844,100
2019-06-28 09:33:03.743512808,100023,382,100004,482,100024,100,99993,200,100031,100,99971,100,100052,100,99954,100,100058,100,99941,100,100060,100,99920,100,100061,100,99914,100,100063,100,99892,100,100091,100,99882,100,100094,100,99844,100
2019-06-28 09:33:04.895383860,100023,382,100005,100,100024,100,100004,482,100031,100,99993,200,100052,100,99971,100,100058,100,99954,100,100060,100,99941,100,100061,100,99920,100,100063,100,99914,100,100091,100,99892,100,100094,100,99882,100
2019-06-28 09:33:10.000000000,100024,176,100005,176,100031,176,100004,176,100052,176,99993,276,100058,176,99971,176,100060,176,99954,176,100061,100,99941,100,100063,100,99920,100,100091,100,99914,100,100094,100,99892,100,100097,100,99882,100
2019-06-28 09:33:20.000000000,100024,230,100005,230,100031,226,100004,226,100052,226,99993,326,100058,100,99971,100,100060,100,99954,100,100061,100,99941,100,100063,100,99920,100,100091,100,99914,100,100094,100,99892,100,100097,100,99882,100
2019-06-28 09:33:30.000000000,100024,196,100005,196,100031,196,100004,196,100052,196,99993,296,100058,196,99971,196,100060,100,99954,100,100061,100,99941,100,100063,100,99920,100,100091,100,99914,100,100094,100,99892,100,100097,100,99882,100
2019-06-28 09:33:40.000000000,100024,176,100005,176,100031,176,100004,176,100052,176,99993,276,100058,176,99971,176,100060,176,99954,176,100061,100,99941,100,100063,100,99920,100,100091,100,99914,100,100094,100,99892,100,100097,100,99882,100
2019-06-28 09:33:44.003433779,100024,176,100005,276,100031,176,100004,176,100052,176,99993,276,100058,176,99971,176,100060,176,99954,176,100061,100,99941,100,100063,100,99920,100,100091,100,99914,100,100094,100,99892,100,100097,100,99882,100
2019-06-28 09:33:50.000000000,100024,196,100005,296,100031,196,100004,196,100052,196,99993,296,100058,196,99971,196,100060,100,99954,100,100061,100,99941,100,100063,100,99920,100,100091,100,99914,100,100094,100,99892,100,100097,100,99882,100
2019-06-28 09:33:55.518024755,100024,196,100005,196,100031,196,100004,196,100052,196,99993,296,100058,196,99971,196,100060,100,99954,100,100061,100,99941,100,100063,100,99920,100,100091,100,99914,100,100094,100,99892,100,100097,100,99882,100
2019-06-28 09:34:00.000000000,100024,291,100005,291,100031,291,100004,291,100052,100,99993,200,100058,100,99971,100,100060,100,99954,100,100061,100,99941,100,100063,100,99920,100,100091,100,99914,100,100094,100,99892,100,100097,100,99882,100
2019-06-28 09:34:06.573109612,100024,291,100005,391,100031,291,100004,291,100052,100,99993,200,100058,100,99971,100,100060,100,99954,100,100061,100,99941,100,100063,100,99920,100,100091,100,99914,100,100094,100,99892,100,100097,100,99882,100
2019-06-28 09:34:10.000000000,100024,482,100005,582,100031,100,100004,100,100052,100,99993,200,100058,100,99971,100,100060,100,99954,100,100061,100,99941,100,100063,100,99920,100,100091,100,99914,100,100094,100,99892,100,100097,100,99882,100
2019-06-28 09:34:18.977417154,100024,382,100005,582,100031,100,100004,100,100052,100,99993,200,100058,100,99971,100,100060,100,99954,100,100061,100,99941,100,100063,100,99920,100,100091,100,99914,100,100094,100,99892,100,100097,100,99882,100
2019-06-28 09:34:19.320070198,100024,382,100005,582,100031,100,100004,100,100052,100,99993,200,100058,100,99971,100,100060,100,99954,100,100061,100,99941,100,100063,100,99920,100,100091,100,99914,100,100094,100,99882,100,100097,100,99844,100
2019-06-28 09:34:20.000000000,100031,291,100005,391,100052,291,100004,291,100058,100,99993,200,100060,100,99971,100,100061,100,99954,100,100063,100,99941,100,100091,100,99920,100,100094,100,99914,100,100097,100,99882,100,100103,100,99844,100
2019-06-28 09:34:26.624176500,100031,291,100023,100,100052,291,100005,391,100058,100,100004,291,100060,100,99993,200,100061,100,99971,100,100063,100,99954,100,100091,100,99941,100,100094,100,99920,100,100097,100,99914,100,100103,100,99882,100
2019-06-28 09:34:30.000000000,100031,482,100023,482,100052,100,100005,200,100058,100,100004,100,100060,100,99993,200,100061,100,99971,100,100063,100,99954,100,100091,100,99941,100,100094,100,99920,100,100097,100,99914,100,100103,100,99882,100
2019-06-28 09:34:40.000000000,100031,291,100023,291,100052,291,100005,391,100058,100,100004,100,100060,100,99993,200,100061,100,99971,100,100063,100,99954,100,100091,100,99941,100,100094,100,99920,100,100097,100,99914,100,100103,100,99882,100
2019-06-28 09:34:50.000000000,100031,176,100023,176,100052,176,100005,276,100058,176,100004,176,100060,176,99993,276,100061,176,99971,176,100063,100,99954,100,100091,100,99941,100,100094,100,99920,100,100097,100,99914,100,100103,100,99882,100
2019-06-28 09:35:00.000000000,100031,230,100023,230,100052,226,100005,326,100058,226,100004,226,100060,100,99993,200,100061,100,99971,100,100063,100,99954,100,100091,100,99941,100,100094,100,99920,100,100097,100,99914,100,100103,100,99882,100
2019-06-28 09:35:02.944506124,100031,230,100023,230,100052,226,100005,326,100058,226,100004,226,100060,100,99993,200,100061,100,99971,100,100063,100,99954,100,100091,100,99941,100,100094,100,99920,100,100103,100,99914,100,100114,100,99882,100
2019-06-28 09:35:10.000000000,100031,230,100023,230,100052,226,100005,326,100058,226,100004,226,100060,100,99993,200,100061,100,99971,100,100063,100,99954,100,100091,100,99941,100,100094,100,99920,100,100103,100,99914,100,100114,100,99882,100
2019-06-28 09:35:18.571241219,100031,230,100023,130,100052,226,100005,326,100058,226,100004,226,100060,100,99993,200,100061,100,99971,100,100063,100,99954,100,100091,100,99941,100,100094,100,99920,100,100103,100,99914,100,100114,100,99882,100
2019-06-28 09:35:20.000000000,100031,291,100005,391,100052,291,100004,291,100058,100,99993,200,100060,100,99971,100,100061,100,99954,100,100063,100,99941,100,100091,100,99920,100,100094,100,99914,100,100103,100,99882,100,100114,100,99844,100
2019-06-28 09:35:20.147493229,100031,291,100005,391,100052,291,100004,291,100058,100,99993,200,100060,100,99971,100,100061,100,99954,100,100063,100,99941,100,100091,100,99920,100,100094,100,99914,100,100103,100,99882,100,100114,100,99850,100
2019-06-28 09:35:30.000000000,100031,176,100005,276,100052,176,100004,176,100058,176,99993,276,100060,176,99971,176,100061,176,99954,176,100063,100,99941,100,100091,100,99920,100,100094,100,99914,100,100103,100,99882,100,100114,100,99850,100
2019-06-28 09:35:39.190978052,100031,176,100005,176,100052,176,100004,176,100058,176,99993,276,100060,176,99971,176,100061,176,99954,176,100063,100,99941,100,100091,100,99920,100,100094,100,99914,100,100103,100,99882,100,100114,100,99850,100
2019-06-28 09:35:40.000000000,100031,176,100005,176,100052,176,100004,176,100058,176,99993,276,100060,176,99971,176,100061,176,99954,176,100063,100,99941,100,100091,100,99920,100,100094,100,99914,100,100103,100,99882,100,100114,100,99850,100
2019-06-28 09:35:48.097368884,100031,176,100005,76,100052,176,100004,176,100058,176,99993,276,100060,176,99971,176,100061,176,99954,176,100063,100,99941,100,100091,100,99920,100,100094,100,99914,100,100103,100,99882,100,100114,100,99850,100
2019-06-28 09:35:50.000000000,100031,176,100004,176,100052,176,99993,276,100058,176,99971,176,100060,176,99954,176,100061,176,99941,176,100063,100,99920,100,100091,100,99914,100,100094,100,99882,100,100103,100,99850,100,100114,100,99844,100
2019-06-28 09:35:52.188025160,100005,100,100004,176,100031,176,99993,176,100052,176,99971,176,100058,176,99954,176,100060,176,99941,176,100061,176,99920,100,100063,100,99914,100,100091,100,99882,100,100094,100,99850,100,100103,100,99844,100
2019-06-28 09:35:54.939274371,100005,100,100004,76,100031,176,99993,176,100052,176,99971,176,100058,176,99954,176,100060,176,99941,176,100061,176,99920,100,100063,100,99914,100,100091,100,99882,100,100094,100,99844,100,100103,100,99841,100
2019-06-28 09:36:00.000000000,100005,176,99993,176,100031,176,99971,176,100052,176,99954,176,100058,176,99941,176,100060,176,99920,176,100061,100,99914,100,100063,100,99882,100,100091,100,99844,100,100094,100,99841,100,100103,100,99833,100
2019-06-28 09:36:01.393565225,100005,176,99993,176,100031,176,99971,176,100052,176,99954,176,100058,176,99941,176,100060,176,99920,176,100061,100,99914,100,100063,100,99882,100,100091,100,99844,100,100094,100,99841,100,100103,100,99833,100
2019-06-28 09:36:03.726055284,100005,176,99993,176,100031,176,99971,176,100052,176,99954,76,100058,176,99941,176,100060,176,99920,176,100061,100,99914,100,100063,100,99882,100,100091,100,99844,100,100094,100,99841,100,100103,100,99833,100
2019-06-28 09:36:10.000000000,100005,230,99993,230,100031,226,99971,226,100052,226,99941,226,100058,100,99920,100,100060,100,99914,100,100061,100,99882,100,100063,100,99844,100,100091,100,99841,100,100094,100,99833,100,100103,100,99778,100
2019-06-28 09:36:20.000000000,100005,482,99993,482,100031,100,99971,100,100052,100,99941,100,100058,100,99920,100,100060,100,99914,100,100061,100,99882,100,100063,100,99844,100,100091,100,99841,100,100094,100,99833,100,100103,100,99778,100
2019-06-28 09:36:22.268097689,100005,482,99993,482,100031,100,99971,100,100052,100,99920,100,100058,100,99914,100,100060,100,99882,100,100061,100,99844,100,100063,100,99841,100,100091,100,99833,100,100094,100,99778,100,100103,100,99690,100
2019-06-28 09:36:30.000000000,100005,196,99993,196,100031,196,99971,196,100052,196,99920,196,100058,196,99914,196,100060,100,99882,100,100061,100,99844,100,100063,100,99841,100,100091,100,99833,100,100094,100,99778,100,100103,100,99690,100
2019-06-28 09:36:30.793383364,100005,96,99993,196,100031,196,99971,196,100052,196,99920,196,100058,196,99914,196,100060,100,99882,100,100061,100,99844,100,100063,100,99841,100,100091,100,99833,100,100103,100,99778,100,100115,100,99690,100
2019-06-28 09:36:37.612490378,100031,196,100005,4,100052,196,99993,196,100058,196,99971,196,100060,100,99920,196,100061,100,99914,196,100063,100,99882,100,100091,100,99844,100,100103,100,99841,100,100115,100,99833,100,100116,100,99778,100
2019-06-28 09:36:40.000000000,100031,291,100005,195,100052,291,99993,291,100058,100,99971,100,100060,100,99920,100,100061,100,99914,100,100063,100,99882,100,100091,100,99844,100,100103,100,99841,100,100115,100,99833,100,100116,100,99778,100
2019-06-28 09:36:42.042018685,100031,191,100005,195,100052,291,99993,291,100058,100,99971,100,100060,100,99920,100,100061,100,99914,100,100063,100,99882,100,100091,100,99844,100,100103,100,99841,100,100115,100,99833,100,100116,100,99778,100
2019-06-28 09:36:43.157599484,100031,191,100005,195,100052,291,99993,291,100058,100,99971,100,100060,100,99920,100,100061,100,99914,100,100063,100,99882,100,100091,100,99844,100,100103,100,99841,100,100115,100,99833,100,100116,100,99778,100
2019-06-28 09:36:50.000000000,100052,196,100005,100,100058,196,99993,196,100060,196,99971,196,100061,196,99920,196,100063,100,99914,100,100091,100,99882,100,100103,100,99844,100,100115,100,99841,100,100116,100,99833,100,100123,100,99778,100
2019-06-28 09:36:53.301098211,100052,196,100013,100,100058,196,100005,100,100060,196,99993,196,100061,196,99971,196,100063,100,99920,196,100091,100,99914,100,100103,100,99882,100,100115,100,99844,100,100116,100,99841,100,100123,100,99833,100
2019-06-28 09:36:56.144516269,100052,196,100013,100,100058,196,100005,100,100060,196,99993,196,100061,196,99971,196,100063,100,99920,196,100091,100,99914,100,100103,100,99882,100,100115,100,99844,100,100116,100,99841,100,100123,100,99833,100
2019-06-28 09:37:00.000000000,100052,482,100013,482,100058,100,100005,4,100060,100,99993,100,100061,100,99971,100,100063,100,99920,100,100091,100,99914,100,100103,100,99882,100,100115,100,99844,100,100116,100,99841,100,100123,100,99833,100
2019-06-28 09:37:10.000000000,100052,176,100013,176,100058,176,100005,80,100060,176,99993,176,100061,176,99971,176,100063,176,99920,176,100091,100,99914,100,100103,100,99882,100,100115,100,99844,100,100116,100,99841,100,100123,100,99833,100
2019-06-28 09:37:20.000000000,100052,196,100013,196,100058,196,100005,100,100060,196,99993,196,100061,196,99971,196,100063,100,99920,100,100091,100,99914,100,100103,100,99882,100,100115,100,99844,100,100116,100,99841,100,100123,100,99833,100
2019-06-28 09:37:30.000000000,100052,230,100013,230,100058,226,100005,130,100060,226,99993,226,100061,100,99971,100,100063,100,99920,100,100091,100,99914,100,100103,100,99882,100,100115,100,99844,100,100116,100,99841,100,100123,100,99833,100
2019-06-28 09:37:40.000000000,100052,176,100013,176,100058,176,100005,80,100060,176,99993,176,100061,176,99971,176,100063,176,99920,176,100091,100,99914,100,100103,100,99882,100,100115,100,99844,100,100116,100,99841,100,100123,100,99833,100
2019-06-28 09:37:50.000000000,100052,291,100013,291,100058,291,100005,195,100060,100,99993,100,100061,100,99971,100,100063,100,99920,100,100091,100,99914,100,100103,100,99882,100,100115,100,99844,100,100116,100,99841,100,100123,100,99833,100
2019-06-28 09:37:57.588677183,100052,191,100013,291,100058,291,100005,195,100060,100,99993,100,100061,100,99971,100,100063,100,99920,100,100091,100,99914,100,100103,100,99882,100,100115,100,99844,100,100116,100,99841,100,100123,100,99833,100
2019-06-28 09:38:00.000000000,100058,291,100013,291,100060,291,100005,195,100061,100,99993,100,100063,100,99971,100,100091,100,99920,100,100103,100,99914,100,100115,100,99882,100,100116,100,99844,100,100123,100,99841,100,100172,100,99833,100
2019-06-28 09:38:01.487261896,100058,291,100031,100,100060,291,100013,291,100061,100,100005,195,100063,100,99993,100,100091,100,99971,100,100103,100,99920,100,100115,100,99914,100,100116,100,99882,100,100123,100,99844,100,100172,100,99841,100
2019-06-28 09:38:03.548315224,100058,291,100031,200,100060,291,100013,291,100061,100,100005,195,100063,100,99993,100,100091,100,99971,100,100103,100,99920,100,100115,100,99914,100,100116,100,99882,100,100123,100,99844,100,100172,100,99841,100
2019-06-28 09:38:08.274799905,100058,291,100031,200,100060,291,100013,291,100061,100,100005,195,100063,100,99971,100,100091,100,99920,100,100103,100,99914,100,100115,100,99882,100,100116,100,99844,100,100123,100,99841,100,100172,100,99833,100
2019-06-28 09:38:10.000000000,100058,176,100031,276,100060,176,100013,176,100061,176,100005,80,100063,176,99971,176,100091,176,99920,176,100103,100,99914,100,100115,100,99882,100,100116,100,99844,100,100123,100,99841,100,100172,100,99833,100
2019-06-28 09:38:20.000000000,100058,176,100031,276,100060,176,100013,176,100061,176,100005,80,100063,176,99971,176,100091,176,99920,176,100103,100,99914,100,100115,100,99882,100,100116,100,99844,100,100123,100,99841,100,100172,100,99833,100
2019-06-28 09:38:30.000000000,100058,291,100031,391,100060,291,100013,291,100061,100,100005,4,100063,100,99971,100,100091,100,99920,100,100103,100,99914,100,100115,100,99882,100,100116,100,99844,100,100123,100,99841,100,100172,100,99833,100
2019-06-28 09:38:32.665648668,100058,291,100031,291,100060,291,100013,291,100061,100,100005,4,100063,100,99971,100,100091,100,99920,100,100115,100,99914,100,100116,100,99882,100,100123,100,99844,100,100172,100,99841,100,100184,100,99833,100
2019-06-28 09:38:33.829481530,100058,291,100031,291,100060,291,100013,291,100061,100,100005,4,100063,100,99971,100,100091,100,99920,100,100115,100,99914,100,100116,100,99882,100,100123,100,99868,100,100172,100,99844,100,100184,100,99841,100
2019-06-28 09:38:36.559754084,100058,291,100031,291,100060,291,100013,291,100061,100,100005,4,100063,100,99971,100,100091,100,99920,100,100115,100,99914,100,100116,100,99882,100,100123,100,99868,100,100172,100,99846,100,100184,100,99844,100
2019-06-28 09:38:40.000000000,100058,482,100031,482,100060,100,100013,100,100061,100,100005,4,100063,100,99971,100,100091,100,99920,100,100115,100,99914,100,100116,100,99882,100,100123,100,99868,100,100172,100,99846,100,100184,100,99844,100
2019-06-28 09:38:48.087666736,100058,482,100031,482,100060,100,100013,100,100061,100,100005,4,100063,100,99971,100,100091,100,99920,100,100115,100,99914,100,100116,100,99882,100,100123,100,99868,100,100172,100,99846,100,100184,100,99844,100
2019-06-28 09:38:48.800667492,100058,482,100031,482,100060,100,100013,100,100061,100,100005,4,100063,100,99971,100,100091,100,99920,100,100115,100,99914,100,100116,100,99882,100,100123,100,99868,100,100172,100,99846,100,100184,100,99844,100
2019-06-28 09:38:49.997929361,100058,482,100031,382,100060,100,100013,100,100061,100,100005,4,100063,100,99971,100,100091,100,99920,100,100115,100,99914,100,100116,100,99882,100,100123,100,99868,100,100172,100,99846,100,100184,100,99844,100
2019-06-28 09:38:50.000000000,100058,176,100013,176,100060,176,100005,80,100061,176,99971,176,100063,176,99920,176,100091,176,99914,176,100115,100,99882,100,100116,100,99868,100,100123,100,99846,100,100172,100,99844,100,100184,100,99841,100
2019-06-28 09:39:00.000000000,100058,291,100013,291,100060,291,100005,195,100061,100,99971,100,100063,100,99920,100,100091,100,99914,100,100115,100,99882,100,100116,100,99868,100,100123,100,99846,100,100172,100,99844,100,100184,100,99841,100
2019-06-28 09:39:01.617718017,100058,291,100013,191,100060,291,100005,195,100061,100,99971,100,100063,100,99920,100,100091,100,99914,100,100115,100,99882,100,100116,100,99868,100,100123,100,99846,100,100172,100,99844,100,100184,100,99841,100
2019-06-28 09:39:10.000000000,100058,230,100005,134,100060,226,99971,226,100061,226,99920,226,100063,100,99914,100,100091,100,99882,100,100115,100,99868,100,100116,100,99846,100,100123,100,99844,100,100172,100,99841,100,100184,100,99690,100
2019-06-28 09:39:20.000000000,100058,291,100005,195,100060,291,99971,291,100061,100,99920,100,100063,100,99914,100,100091,100,99882,100,100115,100,99868,100,100116,100,99846,100,100123,100,99844,100,100172,100,99841,100,100184,100,99690,100
2019-06-28 09:39:27.383348234,100058,291,100005,195,100060,291,99971,291,100061,100,99920,100,100063,100,99914,100,100091,100,99882,100,100115,100,99846,100,100116,100,99844,100,100123,100,99841,100,100172,100,99690,100,100184,100,99662,100
2019-06-28 09:39:30.000000000,100058,291,100005,195,100060,291,99971,291,100061,100,99920,100,100063,100,99914,100,100091,100,99882,100,100115,100,99846,100,100116,100,99844,100,100123,100,99841,100,100172,100,99690,100,100184,100,99662,100
2019-06-28 09:39:40.000000000,100058,482,100005,386,100060,100,99971,100,100061,100,99920,100,100063,100,99914,100,100091,100,99882,100,100115,100,99846,100,100116,100,99844,100,100123,100,99841,100,100172,100,99690,100,100184,100,99662,100
2019-06-28 09:39:42.742790745,100058,482,100005,386,100060,100,99971,100,100061,100,99920,100,100063,100,99914,100,100091,100,99882,100,100115,100,99846,100,100116,100,99844,100,100123,100,99841,100,100172,100,99690,100,100184,100,99662,100
2019-06-28 09:39:50.000000000,100058,291,100005,195,100060,291,99971,291,100061,100,99920,100,100063,100,99914,100,100091,100,99882,100,100115,100,99846,100,100116,100,99844,100,100123,100,99841,100,100172,100,99690,100,100184,100,99662,100
2019-06-28 09:40:00.000000000,100058,291,100005,195,100060,291,99971,291,100061,100,99920,100,100063,100,99914,100,100091,100,99882,100,100115,100,99846,100,100116,100,99844,100,100123,100,99841,100,100172,100,99690,100,100184,100,99662,100
2019-06-28 09:40:04.243098466,100031,100,100005,195,100058,291,99971,291,100060,291,99914,100,100061,100,99882,100,100063,100,99846,100,100091,100,99844,100,100115,100,99841,100,100116,100,99690,100,100123,100,99662,100,100172,100,99451,100
2019-06-28 09:40:10.000000000,100031,230,100005,134,100058,226,99971,226,100060,226,99914,226,100061,100,99882,100,100063,100,99846,100,100091,100,99844,100,100115,100,99841,100,100116,100,99690,100,100123,100,99662,100,100172,100,99451,100
2019-06-28 09:40:14.400223587,100031,230,100005,134,100058,226,99971,226,100060,226,99914,226,100061,100,99882,100,100063,100,99846,100,100091,100,99844,100,100115,100,99841,100,100116,100,99690,100,100123,100,99662,100,100172,100,99451,100
2019-06-28 09:40:20.000000000,100031,291,100005,195,100058,291,99971,291,100060,100,99914,100,100061,100,99882,100,100063,100,99846,100,100091,100,99844,100,100115,100,99841,100,100116,100,99690,100,100123,100,99662,100,100172,100,99451,100
2019-06-28 09:40:30.000000000,100031,482,100005,386,100058,100,99971,100,100060,100,99914,100,100061,100,99882,100,100063,100,99846,100,100091,100,99844,100,100115,100,99841,100,100116,100,99690,100,100123,100,99662,100,100172,100,99451,100
2019-06-28 09:40:30.870179901,100031,582,100005,386,100058,100,99971,100,100060,100,99914,100,100061,100,99882,100,100063,100,99846,100,100091,100,99844,100,100115,100,99841,100,100116,100,99690,100,100123,100,99662,100,100172,100,99451,100
2019-06-28 09:40:40.000000000,100031,391,100005,195,100058,291,99971,291,100060,100,99914,100,100061,100,99882,100,100063,100,99846,100,100091,100,99844,100,100115,100,99841,100,100116,100,99690,100,100123,100,99662,100,100172,100,99451,100
2019-06-28 09:40:50.000000000,100031,330,100005,134,100058,226,99971,226,100060,226,99914,226,100061,100,99882,100,100063,100,99846,100,100091,100,99844,100,100115,100,99841,100,100116,100,99690,100,100123,100,99662,100,100172,100,99451,100
2019-06-28 09:40:50.202187978,100031,330,100005,134,100058,226,99971,226,100060,226,99914,226,100061,100,99882,100,100063,100,99846,100,100091,100,99844,100,100115,100,99841,100,100116,100,99690,100,100123,100,99662,100,100172,100,99451,100
2019-06-28 09:41:00.000000000,100031,582,100005,386,100058,100,99971,100,100060,100,99914,100,100061,100,99882,100,100063,100,99846,100,100091,100,99844,100,100115,100,99841,100,100116,100,99690,100,100123,100,99662,100,100172,100,99451,100
2019-06-28 09:41:10.000000000,100031,296,100005,100,100058,196,99971,196,100060,196,99914,196,100061,196,99882,196,100063,100,99846,100,100091,100,99844,100,100115,100,99841,100,100116,100,99690,100,100123,100,99662,100,100172,100,99451,100
2019-06-28 09:41:20.000000000,100031,391,100005,195,100058,291,99971,291,100060,100,99914,100,100061,100,99882,100,100063,100,99846,100,100091,100,99844,100,100115,100,99841,100,100116,100,99690,100,100123,100,99662,100,100172,100,99451,100
2019-06-28 09:41:30.000000000,100031,276,100005,80,100058,176,99971,176,100060,176,99914,176,100061,176,99882,176,100063,176,99846,176,100091,100,99844,100,100115,100,99841,100,100116,100,99690,100,100123,100,99662,100,100172,100,99451,100
2019-06-28 09:41:40.000000000,100031,330,100005,134,100058,226,99971,226,100060,226,99914,226,100061,100,99882,100,100063,100,99846,100,100091,100,99844,100,100115,100,99841,100,100116,100,99690,100,100123,100,99662,100,100172,100,99451,100
2019-06-28 09:41:43.621862293,100031,330,100005,134,100058,226,99971,226,100060,226,99914,226,100061,100,99882,100,100063,100,99846,100,100091,100,99844,100,100115,100,99841,100,100116,100,99690,100,100123,100,99662,100,100172,100,99451,100
2019-06-28 09:41:50.000000000,100031,391,100005,195,100058,291,99971,291,100060,100,99914,100,100061,100,99882,100,100063,100,99846,100,100091,100,99844,100,100115,100,99841,100,100116,100,99690,100,100123,100,99662,100,100172,100,99451,100
2019-06-28 09:42:00.000000000,100031,391,100005,195,100058,291,99971,291,100060,100,99914,100,100061,100,99882,100,100063,100,99846,100,100091,100,99844,100,100115,100,99841,100,100116,100,99690,100,100123,100,99662,100,100172,100,99451,100
2019-06-28 09:42:10.000000000,100031,276,100005,80,100058,176,99971,176,100060,176,99914,176,100061,176,99882,176,100063,176,99846,176,100091,100,99844,100,100115,100,99841,100,100116,100,99690,100,100123,100,99662,100,100172,100,99451,100
2019-06-28 09:42:17.996603881,100031,176,100005,80,100058,176,99971,176,100060,176,99914,176,100061,176,99882,176,100063,176,99846,176,100091,100,99844,100,100115,100,99841,100,100116,100,99690,100,100123,100,99662,100,100172,100,99451,100
2019-06-28 09:42:20.000000000,100031,196,100005,100,100058,196,99971,196,100060,196,99914,196,100061,196,99882,196,100063,100,99846,100,100091,100,99844,100,100115,100,99841,100,100116,100,99690,100,100123,100,99662,100,100172,100,99451,100
2019-06-28 09:42:30.000000000,100031,196,100005,100,100058,196,99971,196,100060,196,99914,196,100061,196,99882,196,100063,100,99846,100,100091,100,99844,100,100115,100,99841,100,100116,100,99690,100,100123,100,99662,100,100172,100,99451,100
2019-06-28 09:42:40.000000000,100031,176,100005,80,100058,176,99971,176,100060,176,99914,176,100061,176,99882,176,100063,176,99846,176,100091,100,99844,100,100115,100,99841,100,100116,100,99690,100,100123,100,99662,100,100172,100,99451,100
2019-06-28 09:42:50.000000000,100031,230,100005,134,100058,226,99971,226,100060,226,99914,226,100061,100,99882,100,100063,100,99846,100,100091,100,99844,100,100115,100,99841,100,100116,100,99690,100,100123,100,99662,100,100172,100,99451,100
2019-06-28 09:43:00.000000000,100031,230,100005,134,100058,226,99971,226,100060,226,99914,226,100061,100,99882,100,100063,100,99846,100,100091,100,99844,100,100115,100,99841,100,100116,100,99690,100,100123,100,99662,100,100172,100,99451,100
2019-06-28 09:43:02.845940229,100031,230,100005,134,100058,226,99971,226,100060,226,99914,226,100061,100,99882,100,100063,100,99846,100,100091,100,99844,100,100115,100,99841,100,100116,100,99690,100,100123,100,99662,100,100172,100,99451,100
2019-06-28 09:43:08.279231979,100031,230,100014,100,100058,226,100005,134,100060,226,99971,226,100063,100,99914,226,100091,100,99882,100,100115,100,99846,100,100116,100,99844,100,100123,100,99841,100,100172,100,99690,100,100184,100,99662,100
2019-06-28 09:43:10.000000000,100031,196,100014,196,100058,196,100005,100,100060,196,99971,196,100063,196,99914,196,100091,100,99882,100,100115,100,99846,100,100116,100,99844,100,100123,100,99841,100,100172,100,99690,100,100184,100,99662,100
2019-06-28 09:43:20.000000000,100031,176,100014,176,100058,176,100005,80,100060,176,99971,176,100063,176,99914,176,100091,176,99882,176,100115,100,99846,100,100116,100,99844,100,100123,100,99841,100,100172,100,99690,100,100184,100,99662,100
2019-06-28 09:43:30.000000000,100031,196,100014,196,100058,196,100005,100,100060,196,99971,196,100063,196,99914,196,100091,100,99882,100,100115,100,99846,100,100116,100,99844,100,100123,100,99841,100,100172,100,99690,100,100184,100,99662,100
2019-06-28 09:43:40.000000000,100031,291,100014,291,100058,291,100005,195,100060,100,99971,100,100063,100,99914,100,100091,100,99882,100,100115,100,99846,100,100116,100,99844,100,100123,100,99841,100,100172,100,99690,100,100184,100,99662,100
2019-06-28 09:43:50.000000000,100031,291,100014,291,100058,291,100005,195,100060,100,99971,100,100063,100,99914,100,100091,100,99882,100,100115,100,99846,100,100116,100,99844,100,100123,100,99841,100,100172,100,99690,100,100184,100,99662,100
2019-06-28 09:44:00.000000000,100031,482,100014,482,100058,100,100005,4,100060,100,99971,100,100063,100,99914,100,100091,100,99882,100,100115,100,99846,100,100116,100,99844,100,100123,100,99841,100,100172,100,99690,100,100184,100,99662,100
2019-06-28 09:44:05.210766837,100031,382,100014,482,100058,100,100005,4,100060,100,99971,100,100063,100,99914,100,100091,100,99882,100,100115,100,99846,100,100116,100,99844,100,100123,100,99690,100,100172,100,99662,100,100184,100,99451,100
2019-06-28 09:44:10.000000000,100058,230,100014,230,100060,226,100005,130,100063,226,99971,226,100091,100,99914,100,100115,100,99882,100,100116,100,99846,100,100123,100,99844,100,100172,100,99690,100,100184,100,99662,100,100185,100,99451,100
2019-06-28 09:44:19.355398332,100058,230,100031,100,100060,226,100014,230,100063,226,100005,130,100091,100,99971,226,100115,100,99914,100,100116,100,99882,100,100123,100,99846,100,100172,100,99844,100,100184,100,99690,100,100185,100,99662,100
2019-06-28 09:44:20.000000000,100058,196,100031,196,100060,196,100014,196,100063,196,100005,100,100091,196,99971,196,100115,100,99914,100,100116,100,99882,100,100123,100,99846,100,100172,100,99844,100,100184,100,99690,100,100185,100,99662,100
2019-06-28 09:44:24.755478820,100058,196,100031,296,100060,196,100014,196,100063,196,100005,100,100091,196,99971,196,100115,100,99914,100,100116,100,99882,100,100123,100,99846,100,100172,100,99844,100,100184,100,99690,100,100185,100,99662,100
2019-06-28 09:44:30.000000000,100058,230,100031,330,100060,226,100014,226,100063,226,100005,130,100091,100,99971,100,100115,100,99914,100,100116,100,99882,100,100123,100,99846,100,100172,100,99844,100,100184,100,99690,100,100185,100,99662,100
2019-06-28 09:44:34.555119080,100058,230,100031,330,100060,226,100014,226,100063,226,100005,130,100091,100,99971,100,100115,100,99914,100,100116,100,99882,100,100123,100,99846,100,100172,100,99844,100,100184,100,99690,100,100185,100,99662,100
2019-06-28 09:44:39.206911556,100058,230,100031,330,100060,226,100014,226,100063,126,100005,130,100091,100,99971,100,100115,100,99914,100,100116,100,99882,100,100123,100,99846,100,100172,100,99844,100,100184,100,99690,100,100185,100,99662,100
2019-06-28 09:44:40.000000000,100058,230,100031,330,100060,226,100014,226,100091,226,100005,130,100115,100,99971,100,100116,100,99914,100,100123,100,99882,100,100172,100,99846,100,100184,100,99844,100,100185,100,99690,100,100188,100,99662,100
2019-06-28 09:44:42.324996023,100058,230,100031,330,100060,226,100014,226,100091,226,100005,130,100115,100,99971,100,100116,100,99914,100,100123,100,99882,100,100172,100,99846,100,100184,100,99844,100,100185,100,99690,100,100188,100,99662,100
2019-06-28 09:44:43.676371068,100058,230,100031,430,100060,226,100014,226,100091,226,100005,130,100115,100,99914,100,100116,100,99882,100,100123,100,99846,100,100172,100,99844,100,100184,100,99690,100,100185,100,99662,100,100188,100,99451,100
2019-06-28 09:44:44.527897169,100058,230,100031,530,100060,226,100014,226,100091,226,100005,130,100115,100,99914,100,100116,100,99882,100,100123,100,99846,100,100172,100,99844,100,100184,100,99690,100,100185,100,99662,100,100188,100,99451,100
2019-06-28 09:44:50.000000000,100058,230,100031,530,100060,226,100014,226,100091,226,100005,130,100115,100,99914,100,100116,100,99882,100,100123,100,99846,100,100172,100,99844,100,100184,100,99690,100,100185,100,99662,100,100188,100,99451,100
2019-06-28 09:44:53.202952807,100058,230,100031,530,100060,226,100014,226,100091,226,100005,130,100115,100,99914,100,100116,100,99882,100,100123,100,99846,100,100172,100,99844,100,100184,100,99690,100,100185,100,99662,100,100188,100,99451,100
2019-06-28 09:44:55.694751797,100058,130,100031,530,100060,226,100014,226,100091,226,100005,130,100115,100,99914,100,100116,100,99882,100,100123,100,99846,100,100172,100,99844,100,100184,100,99690,100,100185,100,99662,100,100188,100,99451,100
2019-06-28 09:45:00.000000000,100060,176,100031,476,100091,176,100014,176,100115,176,100005,80,100116,176,99914,176,100123,176,99882,176,100172,100,99846,100,100184,100,99844,100,100185,100,99690,100,100188,100,99662,100,100196,100,99451,100
2019-06-28 09:45:01.913586338,100060,176,100032,100,100091,176,100031,476,100115,176,100014,176,100116,176,100005,80,100123,176,99914,176,100172,100,99882,176,100184,100,99846,100,100185,100,99844,100,100188,100,99690,100,100196,100,99662,100
2019-06-28 09:45:10.000000000,100060,482,100032,482,100091,100,100031,400,100115,100,100014,100,100116,100,100005,4,100123,100,99914,100,100172,100,99882,100,100184,100,99846,100,100185,100,99844,100,100188,100,99690,100,100196,100,99662,100
2019-06-28 09:45:18.428510453,100060,482,100032,482,100091,100,100031,400,100115,100,100014,100,100116,100,100005,4,100123,100,99914,100,100172,100,99882,100,100184,100,99846,100,100185,100,99844,100,100188,100,99690,100,100196,100,99662,100
2019-06-28 09:45:20.000000000,100060,291,100032,291,100091,291,100031,591,100115,100,100014,100,100116,100,100005,4,100123,100,99914,100,100172,100,99882,100,100184,100,99846,100,100185,100,99844,100,100188,100,99690,100,100196,100,99662,100
2019-06-28 09:45:30.000000000,100060,291,100032,291,100091,291,100031,591,100115,100,100014,100,100116,100,100005,4,100123,100,99914,100,100172,100,99882,100,100184,100,99846,100,100185,100,99844,100,100188,100,99690,100,100196,100,99662,100
2019-06-28 09:45:40.000000000,100060,176,100032,176,100091,176,100031,476,100115,176,100014,176,100116,176,100005,80,100123,176,99914,176,100172,100,99882,100,100184,100,99846,100,100185,100,99844,100,100188,100,99690,100,100196,100,99662,100
2019-06-28 09:45:42.018626650,100060,76,100032,176,100091,176,100031,476,100115,176,100014,176,100116,176,100005,80,100123,176,99914,176,100172,100,99882,100,100184,100,99846,100,100185,100,99844,100,100188,100,99690,100,100196,100,99662,100
2019-06-28 09:45:50.000000000,100091,482,100032,482,100115,100,100031,400,100116,100,100014,100,100123,100,100005,4,100172,100,99914,100,100184,100,99882,100,100185,100,99846,100,100188,100,99844,100,100196,100,99690,100,100197,100,99662,100
2019-06-28 09:46:00.000000000,100091,482,100032,482,100115,100,100031,400,100116,100,100014,100,100123,100,100005,4,100172,100,99914,100,100184,100,99882,100,100185,100,99846,100,100188,100,99844,100,100196,100,99690,100,100197,100,99662,100
2019-06-28 09:46:05.112548010,100091,482,100032,482,100115,100,100031,400,100116,100,100014,100,100117,100,100005,4,100123,100,99882,100,100172,100,99846,100,100184,100,99844,100,100185,100,99690,100,100188,100,99662,100,100196,100,99451,100
2019-06-28 09:46:10.000000000,100091,176,100032,176,100115,176,100031,476,100116,176,100014,176,100117,176,100005,80,100123,176,99882,176,100172,100,99846,100,100184,100,99844,100,100185,100,99690,100,100188,100,99662,100,100196,100,99451,100
2019-06-28 09:46:20.000000000,100091,176,100032,176,100115,176,100031,476,100116,176,100014,176,100117,176,100005,80,100123,176,99882,176,100172,100,99846,100,100184,100,99844,100,100185,100,99690,100,100188,100,99662,100,100196,100,99451,100
2019-06-28 09:46:30.000000000,100091,291,100032,291,100115,291,100031,591,100116,100,100014,100,100117,100,100005,4,100123,100,99882,100,100172,100,99846,100,100184,100,99844,100,100185,100,99690,100,100188,100,99662,100,100196,100,99451,100
2019-06-28 09:46:39.433089925,100091,291,100032,191,100115,291,100031,591,100116,100,100014,100,100117,100,100005,4,100123,100,99882,100,100172,100,99846,100,100184,100,99844,100,100185,100,99690,100,100188,100,99662,100,100196,100,99451,100
2019-06-28 09:46:40.000000000,100091,230,100031,530,100115,226,100014,226,100116,226,100005,130,100117,100,99882,100,100123,100,99846,100,100172,100,99844,100,100184,100,99690,100,100185,100,99662,100,100188,100,99451,100,100196,100,99449,100
2019-06-28 09:46:50.000000000,100091,291,100031,591,100115,291,100014,291,100116,100,100005,4,100117,100,99882,100,100123,100,99846,100,100172,100,99844,100,100184,100,99690,100,100185,100,99662,100,100188,100,99451,100,100196,100,99449,100
2019-06-28 09:47:00.000000000,100091,196,100031,496,100115,196,100014,196,100116,196,100005,100,100117,196,99882,196,100123,100,99846,100,100172,100,99844,100,100184,100,99690,100,100185,100,99662,100,100188,100,99451,100,100196,100,99449,100
2019-06-28 09:47:08.650394774,100091,96,100031,496,100115,196,100014,196,100116,196,100005,100,100117,196,99882,196,100123,100,99846,100,100172,100,99844,100,100185,100,99690,100,100188,100,99662,100,100196,100,99451,100,100197,100,99449,100
2019-06-28 09:47:10.000000000,100115,482,100031,782,100116,100,100014,100,100117,100,100005,4,100123,100,99882,100,100172,100,99846,100,100185,100,99844,100,100188,100,99690,100,100196,100,99662,100,100197,100,99451,100,100267,100,99449,100
2019-06-28 09:47:10.432895124,100115,482,100033,100,100116,100,100031,782,100117,100,100014,100,100123,100,100005,4,100172,100,99882,100,100185,100,99846,100,100188,100,99844,100,100196,100,99690,100,100197,100,99662,100,100267,100,99451,100
2019-06-28 09:47:19.418362559,100115,382,100033,100,100116,100,100031,782,100117,100,100014,100,100123,100,100005,4,100172,100,99882,100,100185,100,99846,100,100188,100,99844,100,100196,100,99690,100,100197,100,99662,100,100267,100,99451,100
2019-06-28 09:47:20.000000000,100116,291,100033,291,100117,291,100031,591,100123,100,100014,100,100172,100,100005,4,100185,100,99882,100,100188,100,99846,100,100196,100,99844,100,100197,100,99690,100,100267,100,99662,100,100373,100,99451,100
2019-06-28 09:47:26.848216540,100116,191,100033,291,100117,291,100031,591,100123,100,100014,100,100172,100,100005,4,100185,100,99846,100,100188,100,99844,100,100196,100,99690,100,100197,100,99662,100,100267,100,99451,100,100373,100,99449,100
2019-06-28 09:47:30.000000000,100117,176,100033,176,100123,176,100031,476,100172,176,100014,176,100185,176,100005,80,100188,176,99846,176,100196,100,99844,100,100197,100,99690,100,100267,100,99662,100,100373,100,99451,100,100413,100,99449,100
2019-06-28 09:47:36.076244305,100117,76,100033,176,100123,176,100031,476,100172,176,100014,176,100185,176,100005,80,100188,176,99846,176,100196,100,99844,100,100197,100,99690,100,100267,100,99662,100,100373,100,99451,100,100413,100,99449,100
2019-06-28 09:47:37.907270753,100117,76,100033,176,100123,176,100031,476,100172,176,100014,176,100185,176,100005,80,100188,176,99846,176,100196,100,99844,100,100197,100,99690,100,100267,100,99662,100,100373,100,99451,100,100413,100,99449,100
2019-06-28 09:47:40.000000000,100123,230,100033,230,100172,226,100031,526,100185,226,100014,226,100188,100,100005,4,100196,100,99846,100,100197,100,99844,100,100267,100,99690,100,100373,100,99662,100,100413,100,99451,100,100436,100,99449,100
2019-06-28 09:47:50.000000000,100123,196,100033,196,100172,196,100031,496,100185,196,100014,196,100188,196,100005,100,100196,100,99846,100,100197,100,99844,100,100267,100,99690,100,100373,100,99662,100,100413,100,99451,100,100436,100,99449,100
2019-06-28 09:48:00.000000000,100123,176,100033,176,100172,176,100031,476,100185,176,100014,176,100188,176,100005,80,100196,176,99846,176,100197,100,99844,100,100267,100,99690,100,100373,100,99662,100,100413,100,99451,100,100436,100,99449,100
2019-06-28 09:48:10.000000000,100123,230,100033,230,100172,226,100031,526,100185,226,100014,226,100188,100,100005,4,100196,100,99846,100,100197,100,99844,100,100267,100,99690,100,100373,100,99662,100,100413,100,99451,100,100436,100,99449,100
2019-06-28 09:48:20.000000000,100123,196,100033,196,100172,196,100031,496,100185,196,100014,196,100188,196,100005,100,100196,100,99846,100,100197,100,99844,100,100267,100,99690,100,100373,100,99662,100,100413,100,99451,100,100436,100,99449,100
2019-06-28 09:48:30.000000000,100123,176,100033,176,100172,176,100031,476,100185,176,100014,176,100188,176,100005,80,100196,176,99846,176,100197,100,99844,100,100267,100,99690,100,100373,100,99662,100,100413,100,99451,100,100436,100,99449,100
2019-06-28 09:48:38.079204150,100123,176,100033,176,100172,176,100031,376,100185,176,100014,176,100188,176,100005,80,100196,176,99846,176,100197,100,99844,100,100267,100,99690,100,100373,100,99662,100,100413,100,99451,100,100436,100,99449,100
2019-06-28 09:48:40.000000000,100123,196,100033,196,100172,196,100031,396,100185,196,100014,196,100188,196,100005,100,100196,100,99846,100,100197,100,99844,100,100267,100,99690,100,100373,100,99662,100,100413,100,99451,100,100436,100,99449,100
2019-06-28 09:48:50.000000000,100123,176,100033,176,100172,176,100031,376,100185,176,100014,176,100188,176,100005,80,100196,176,99846,176,100197,100,99844,100,100267,100,99690,100,100373,100,99662,100,100413,100,99451,100,100436,100,99449,100
2019-06-28 09:48:58.922225547,100123,76,100033,176,100172,176,100031,376,100185,176,100014,176,100188,176,100005,80,100196,176,99846,176,100197,100,99844,100,100267,100,99690,100,100373,100,99662,100,100413,100,99451,100,100436,100,99449,100
2019-06-28 09:49:00.000000000,100172,291,100033,291,100185,291,100031,491,100188,100,100014,100,100196,100,100005,4,100197,100,99846,100,100267,100,99844,100,100373,100,99690,100,100413,100,99662,100,100436,100,99451,100,100623,100,99449,100
2019-06-28 09:49:10.000000000,100172,291,100033,291,100185,291,100031,491,100188,100,100014,100,100196,100,100005,4,100197,100,99846,100,100267,100,99844,100,100373,100,99690,100,100413,100,99662,100,100436,100,99451,100,100623,100,99449,100
2019-06-28 09:49:19.950351175,100172,291,100033,291,100185,291,100031,491,100188,100,100014,100,100196,100,100005,4,100197,100,99846,100,100267,100,99844,100,100373,100,99690,100,100413,100,99662,100,100436,100,99451,100,100623,100,99260,100
2019-06-28 09:49:20.000000000,100172,482,100033,482,100185,100,100031,300,100188,100,100014,100,100196,100,100005,4,100197,100,99846,100,100267,100,99844,100,100373,100,99690,100,100413,100,99662,100,100436,100,99451,100,100623,100,99260,100
2019-06-28 09:49:30.000000000,100172,176,100033,176,100185,176,100031,376,100188,176,100014,176,100196,176,100005,80,100197,176,99846,176,100267,100,99844,100,100373,100,99690,100,100413,100,99662,100,100436,100,99451,100,100623,100,99260,100
2019-06-28 09:49:40.000000000,100172,291,100033,291,100185,291,100031,491,100188,100,100014,100,100196,100,100005,4,100197,100,99846,100,100267,100,99844,100,100373,100,99690,100,100413,100,99662,100,100436,100,99451,100,100623,100,99260,100
2019-06-28 09:49:50.000000000,100172,230,100033,230,100185,226,100031,426,100188,226,100014,226,100196,100,100005,4,100197,100,99846,100,100267,100,99844,100,100373,100,99690,100,100413,100,99662,100,100436,100,99451,100,100623,100,99260,100
2019-06-28 09:50:00.000000000,100172,230,100033,230,100185,226,100031,426,100188,226,100014,226,100196,100,100005,4,100197,100,99846,100,100267,100,99844,100,100373,100,99690,100,100413,100,99662,100,100436,100,99451,100,100623,100,99260,100
2019-06-28 09:50:03.754109415,100172,130,100033,230,100185,226,100031,426,100188,226,100014,226,100196,100,100005,4,100197,100,99846,100,100267,100,99844,100,100373,100,99690,100,100413,100,99451,100,100436,100,99260,100,100623,100,99236,100
2019-06-28 09:50:10.000000000,100185,196,100033,196,100188,196,100031,396,100196,196,100014,196,100197,196,100005,100,100267,100,99846,100,100373,100,99844,100,100413,100,99690,100,100436,100,99451,100,100623,100,99260,100,100654,100,99236,100
2019-06-28 09:50:10.058158408,100185,96,100033,196,100188,196,100031,396,100196,196,100014,196,100197,196,100005,100,100267,100,99846,100,100373,100,99844,100,100413,100,99690,100,100436,100,99451,100,100623,100,99260,100,100654,100,99236,100
2019-06-28 09:50:20.000000000,100188,196,100033,196,100196,196,100031,396,100197,196,100014,196,100267,196,100005,100,100373,100,99846,100,100413,100,99844,100,100436,100,99690,100,100623,100,99451,100,100654,100,99260,100,100655,100,99236,100
2019-06-28 09:50:30.000000000,100188,291,100033,291,100196,291,100031,491,100197,100,100014,100,100267,100,100005,4,100373,100,99846,100,100413,100,99844,100,100436,100,99690,100,100623,100,99451,100,100654,100,99260,100,100655,100,99236,100
2019-06-28 09:50:38.110778734,100188,191,100033,291,100196,291,100031,491,100197,100,100014,100,100267,100,100005,4,100373,100,99846,100,100413,100,99844,100,100436,100,99690,100,100623,100,99451,100,100654,100,99260,100,100655,100,99236,100
2019-06-28 09:50:40.000000000,100196,176,100033,176,100197,176,100031,376,100267,176,100014,176,100373,176,100005,80,100413,176,99846,176,100436,100,99844,100,100623,100,99690,100,100654,100,99451,100,100655,100,99260,100,100687,100,99236,100
2019-06-28 09:50:45.059898629,100196,176,100033,176,100197,176,100031,376,100267,176,100014,176,100373,176,100005,80,100413,176,99846,176,100436,100,99844,100,100654,100,99690,100,100655,100,99451,100,100687,100,99260,100,101204,100,99236,100
2019-06-28 09:50:50.000000000,100196,482,100033,482,100197,100,100031,300,100267,100,100014,100,100373,100,100005,4,100413,100,99846,100,100436,100,99844,100,100654,100,99690,100,100655,100,99451,100,100687,100,99260,100,101204,100,99236,100
2019-06-28 09:50:53.273546804,100196,382,100033,482,100197,100,100031,300,100267,100,100014,100,100373,100,100005,4,100436,100,99846,100,100654,100,99844,100,100655,100,99690,100,100687,100,99451,100,101204,100,99260,100,101299,100,99236,100
2019-06-28 09:51:00.000000000,100197,482,100033,482,100267,100,100031,300,100373,100,100014,100,100436,100,100005,4,100654,100,99846,100,100655,100,99844,100,100687,100,99690,100,101204,100,99451,100,101299,100,99260,100,,,99236,100
2019-06-28 09:51:09.286655776,100197,482,100188,100,100267,100,100033,482,100373,100,100031,300,100436,100,100014,100,100654,100,100005,4,100655,100,99846,100,100687,100,99844,100,101204,100,99690,100,101299,100,99451,100,,,99260,100
2019-06-28 09:51:10.000000000,100197,196,100188,196,100267,196,100033,196,100373,196,100031,396,100436,196,100014,196,100654,100,100005,4,100655,100,99846,100,100687,100,99844,100,101204,100,99690,100,101299,100,99451,100,,,99260,100
2019-06-28 09:51:10.906980524,100197,196,100188,296,100267,196,100033,196,100373,196,100031,396,100436,196,100014,196,100654,100,100005,4,100655,100,99846,100,100687,100,99844,100,101204,100,99690,100,101299,100,99451,100,,,99260,100
2019-06-28 09:51:20.000000000,100197,291,100188,391,100267,291,100033,291,100373,100,100031,300,100436,100,100014,100,100654,100,100005,4,100655,100,99846,100,100687,100,99844,100,101204,100,99690,100,101299,100,99451,100,,,99260,100
2019-06-28 09:51:30.000000000,100197,291,100188,391,100267,291,100033,291,100373,100,100031,300,100436,100,100014,100,100654,100,100005,4,100655,100,99846,100,100687,100,99844,100,101204,100,99690,100,101299,100,99451,100,,,99260,100
2019-06-28 09:51:32.046486663,100197,291,100188,391,100267,291,100033,291,100373,100,100031,300,100436,100,100014,100,100654,100,100005,4,100655,100,99846,100,100687,100,99844,100,101075,100,99690,100,101204,100,99451,100,101299,100,99260,100
2019-06-28 09:51:37.384263614,100197,191,100188,391,100267,291,100033,291,100373,100,100031,300,100436,100,100014,100,100654,100,100005,4,100655,100,99846,100,100687,100,99844,100,101075,100,99690,100,101204,100,99451,100,101299,100,99260,100
2019-06-28 09:51:40.000000000,100267,196,100188,296,100373,196,100033,196,100436,196,100031,396,100654,196,100014,196,100655,100,100005,4,100687,100,99846,100,101075,100,99844,100,101204,100,99690,100,101299,100,99451,100,,,99260,100
2019-06-28 09:51:48.609656006,100267,96,100188,296,100373,196,100033,196,100436,196,100031,396,100654,196,100014,196,100655,100,100005,4,100687,100,99846,100,101075,100,99844,100,101204,100,99690,100,101299,100,99451,100,,,99236,100
2019-06-28 09:51:50.000000000,100373,196,100188,296,100436,196,100033,196,100654,196,100031,396,100655,196,100014,196,100687,100,100005,4,101075,100,99846,100,101204,100,99844,100,101299,100,99690,100,,,99451,100,,,99236,100
2019-06-28 09:51:52.622870067,100373,96,100188,296,100436,196,100033,196,100654,196,100031,396,100655,196,100014,196,100687,100,100005,4,101075,100,99846,100,101204,100,99844,100,101299,100,99690,100,,,99451,100,,,99236,100
2019-06-28 09:51:59.064321400,100436,196,100373,4,100654,196,100188,296,100655,196,100033,196,100687,100,100031,396,101075,100,100014,196,101204,100,100005,4,101299,100,99846,100,,,99844,100,,,99690,100,,,99451,100
2019-06-28 09:52:00.000000000,100436,482,100373,386,100654,100,100188,200,100655,100,100033,100,100687,100,100031,300,101075,100,100014,100,101204,100,100005,4,101299,100,99846,100,,,99844,100,,,99690,100,,,99451,100
2019-06-28 09:52:10.000000000,100436,176,100373,80,100654,176,100188,276,100655,176,100033,176,100687,176,100031,376,101075,176,100014,176,101204,100,100005,4,101299,100,99846,100,,,99844,100,,,99690,100,,,99451,100
2019-06-28 09:52:20.000000000,100436,196,100373,100,100654,196,100188,296,100655,196,100033,196,100687,196,100031,396,101075,100,100014,100,101204,100,100005,4,101299,100,99846,100,,,99844,100,,,99690,100,,,99451,100
2019-06-28 09:52:30.000000000,100436,482,100373,386,100654,100,100188,200,100655,100,100033,100,100687,100,100031,300,101075,100,100014,100,101204,100,100005,4,101299,100,99846,100,,,99844,100,,,99690,100,,,99451,100
2019-06-28 09:52:30.474154828,100436,482,100373,386,100654,100,100188,200,100655,100,100033,100,100687,100,100031,300,101024,100,100014,100,101075,100,100005,4,101204,100,99846,100,101299,100,99844,100,,,99690,100,,,99451,100
2019-06-28 09:52:40.000000000,100436,291,100373,195,100654,291,100188,391,100655,100,100033,100,100687,100,100031,300,101024,100,100014,100,101075,100,100005,4,101204,100,99846,100,101299,100,99844,100,,,99690,100,,,99451,100
2019-06-28 09:52:50.000000000,100436,196,100373,100,100654,196,100188,296,100655,196,100033,196,100687,196,100031,396,101024,100,100014,100,101075,100,100005,4,101204,100,99846,100,101299,100,99844,100,,,99690,100,,,99451,100
2019-06-28 09:52:59.271189267,100436,196,100373,200,100654,196,100188,296,100655,196,100033,196,100687,196,100031,396,101024,100,100014,100,101075,100,100005,4,101204,100,99846,100,101299,100,99844,100,,,99690,100,,,99451,100
2019-06-28 09:53:00.000000000,100436,176,100373,180,100654,176,100188,276,100655,176,100033,176,100687,176,100031,376,101024,176,100014,176,101075,100,100005,4,101204,100,99846,100,101299,100,99844,100,,,99690,100,,,99451,100
2019-06-28 09:53:10.000000000,100436,176,100373,180,100654,176,100188,276,100655,176,100033,176,100687,176,100031,376,101024,176,100014,176,101075,100,100005,4,101204,100,99846,100,101299,100,99844,100,,,99690,100,,,99451,100
2019-06-28 09:53:18.877517206,100436,176,100373,180,100654,176,100188,276,100655,176,100033,176,100687,176,100031,376,100942,100,100014,176,101024,176,100005,4,101075,100,99846,100,101204,100,99844,100,101299,100,99690,100,,,99451,100
2019-06-28 09:53:20.000000000,100436,196,100373,200,100654,196,100188,296,100655,196,100033,196,100687,196,100031,396,100942,100,100014,100,101024,100,100005,4,101075,100,99846,100,101204,100,99844,100,101299,100,99690,100,,,99451,100
2019-06-28 09:53:30.000000000,100436,196,100373,200,100654,196,100188,296,100655,196,100033,196,100687,196,100031,396,100942,100,100014,100,101024,100,100005,4,101075,100,99846,100,101204,100,99844,100,101299,100,99690,100,,,99451,100
2019-06-28 09:53:38.704281805,100436,196,100411,100,100654,196,100373,200,100655,196,100188,296,100687,196,100033,196,100942,100,100031,396,101024,100,100014,100,101075,100,100005,4,101204,100,99846,100,101299,100,99844,100,,,99690,100
2019-06-28 09:53:40.000000000,100436,176,100411,176,100654,176,100373,180,100655,176,100188,276,100687,176,100033,176,100942,176,100031,376,101024,100,100014,100,101075,100,100005,4,101204,100,99846,100,101299,100,99844,100,,,99690,100
2019-06-28 09:53:42.837322299,100436,176,100411,176,100654,176,100373,180,100655,176,100188,276,100687,176,100033,176,100858,100,100031,376,100942,176,100014,100,101024,100,100005,4,101075,100,99846,100,101204,100,99844,100,101299,100,99690,100
2019-06-28 09:53:42.897524858,100436,176,100411,176,100654,176,100373,180,100655,176,100188,276,100687,176,100033,176,100785,100,100031,376,100858,100,100014,100,100942,176,100005,4,101024,100,99846,100,101075,100,99844,100,101299,100,99690,100
2019-06-28 09:53:50.000000000,100436,291,100411,291,100654,291,100373,295,100655,100,100188,200,100687,100,100033,100,100785,100,100031,300,100858,100,100014,100,100942,100,100005,4,101024,100,99846,100,101075,100,99844,100,101299,100,99690,100
2019-06-28 09:53:58.042218063,100436,291,100411,191,100654,291,100373,295,100655,100,100188,200,100687,100,100033,100,100785,100,100031,300,100858,100,100014,100,100942,100,100005,4,100988,100,99846,100,101024,100,99844,100,101075,100,99690,100
2019-06-28 09:54:00.000000000,100436,230,100373,234,100654,226,100188,326,100655,226,100033,226,100687,100,100031,300,100785,100,100014,100,100858,100,100005,4,100942,100,99846,100,100988,100,99844,100,101024,100,99690,100,101075,100,99451,100
2019-06-28 09:54:06.096448995,100436,230,100373,234,100654,226,100188,326,100655,226,100033,226,100687,100,100031,300,100785,100,100014,100,100858,100,100005,4,100923,100,99846,100,100942,100,99844,100,100988,100,99690,100,101024,100,99451,100
2019-06-28 09:54:10.000000000,100436,176,100373,180,100654,176,100188,276,100655,176,100033,176,100687,176,100031,376,100785,176,100014,176,100858,100,100005,4,100923,100,99846,100,100942,100,99844,100,100988,100,99690,100,101024,100,99451,100
2019-06-28 09:54:14.922805314,100436,176,100373,180,100654,176,100188,276,100655,176,100033,176,100687,176,100031,376,100785,76,100014,176,100858,100,100005,4,100869,100,99846,100,100923,100,99844,100,100942,100,99690,100,100988,100,99451,100
2019-06-28 09:54:20.000000000,100436,176,100373,180,100654,176,100188,276,100655,176,100033,176,100687,176,100031,376,100858,176,100014,176,100869,100,100005,4,100923,100,99846,100,100942,100,99844,100,100988,100,99690,100,101024,100,99451,100
2019-06-28 09:54:30.000000000,100436,291,100373,295,100654,291,100188,391,100655,100,100033,100,100687,100,100031,300,100858,100,100014,100,100869,100,100005,4,100923,100,99846,100,100942,100,99844,100,100988,100,99690,100,101024,100,99451,100
2019-06-28 09:54:33.899158796,100436,291,100373,295,100654,291,100208,100,100655,100,100188,391,100687,100,100033,100,100858,100,100031,300,100869,100,100014,100,100923,100,100005,4,100942,100,99846,100,100988,100,99844,100,101024,100,99690,100
2019-06-28 09:54:34.353437395,100436,291,100373,295,100515,100,100208,100,100654,291,100188,391,100655,100,100033,100,100687,100,100031,300,100858,100,100014,100,100869,100,100005,4,100923,100,99846,100,100942,100,99844,100,100988,100,99690,100
2019-06-28 09:54:40.000000000,100436,291,100373,295,100515,291,100208,291,100654,100,100188,200,100655,100,100033,100,100687,100,100031,300,100858,100,100014,100,100869,100,100005,4,100923,100,99846,100,100942,100,99844,100,100988,100,99690,100
2019-06-28 09:54:44.909177491,100436,291,100373,295,100515,291,100293,100,100654,100,100208,291,100655,100,100188,200,100687,100,100033,100,100858,100,100031,300,100869,100,100014,100,100923,100,100005,4,100942,100,99846,100,100988,100,99844,100
2019-06-28 09:54:45.099155821,100436,191,100373,295,100515,291,100293,100,100654,100,100208,291,100655,100,100188,200,100687,100,100033,100,100858,100,100031,300,100869,100,100014,100,100923,100,100005,4,100942,100,99846,100,100988,100,99844,100
2019-06-28 09:54:50.000000000,100515,230,100373,234,100654,226,100293,226,100655,226,100208,226,100687,100,100188,200,100858,100,100033,100,100869,100,100031,300,100923,100,100014,100,100942,100,100005,4,100988,100,99846,100,101024,100,99844,100
2019-06-28 09:55:00.000000000,100515,482,100373,486,100654,100,100293,100,100655,100,100208,100,100687,100,100188,200,100858,100,100033,100,100869,100,100031,300,100923,100,100014,100,100942,100,100005,4,100988,100,99846,100,101024,100,99844,100
2019-06-28 09:55:10.000000000,100515,291,100373,295,100654,291,100293,291,100655,100,100208,100,100687,100,100188,200,100858,100,100033,100,100869,100,100031,300,100923,100,100014,100,100942,100,100005,4,100988,100,99846,100,101024,100,99844,100
2019-06-28 09:55:14.210768661,100515,191,100373,295,100654,291,100293,291,100655,100,100208,100,100687,100,100188,200,100858,100,100033,100,100869,100,100031,300,100923,100,100014,100,100942,100,100005,4,100988,100,99846,100,101024,100,99844,100
2019-06-28 09:55:18.767573513,100515,191,100436,100,100654,291,100373,295,100655,100,100293,291,100687,100,100208,100,100858,100,100188,200,100869,100,100033,100,100923,100,100031,300,100942,100,100014,100,100988,100,100005,4,101024,100,99846,100
2019-06-28 09:55:20.000000000,100654,196,100436,196,100655,196,100373,200,100687,196,100293,196,100858,196,100208,196,100869,100,100188,200,100923,100,100033,100,100942,100,100031,300,100988,100,100014,100,101024,100,100005,4,101075,100,99846,100
2019-06-28 09:55:30.000000000,100654,291,100436,291,100655,291,100373,295,100687,100,100293,100,100858,100,100208,100,100869,100,100188,200,100923,100,100033,100,100942,100,100031,300,100988,100,100014,100,101024,100,100005,4,101075,100,99846,100
2019-06-28 09:55:36.827690879,100654,191,100436,291,100655,291,100373,295,100687,100,100293,100,100858,100,100208,100,100869,100,100188,200,100923,100,100033,100,100988,100,100031,300,101024,100,100014,100,101075,100,100005,4,,,99846,100
2019-06-28 09:55:40.000000000,100655,482,100436,482,100687,100,100373,104,100858,100,100293,100,100869,100,100208,100,100923,100,100188,200,100988,100,100033,100,101024,100,100031,300,101075,100,100014,100,,,100005,4,,,99846,100
2019-06-28 09:55:50.000000000,100655,482,100436,482,100687,100,100373,104,100858,100,100293,100,100869,100,100208,100,100923,100,100188,200,100988,100,100033,100,101024,100,100031,300,101075,100,100014,100,,,100005,4,,,99846,100
2019-06-28 09:56:00.000000000,100655,196,100436,196,100687,196,100373,200,100858,196,100293,196,100869,196,100208,196,100923,100,100188,200,100988,100,100033,100,101024,100,100031,300,101075,100,100014,100,,,100005,4,,,99846,100
2019-06-28 09:56:10.000000000,100655,196,100436,196,100687,196,100373,200,100858,196,100293,196,100869,196,100208,196,100923,100,100188,200,100988,100,100033,100,101024,100,100031,300,101075,100,100014,100,,,100005,4,,,99846,100
2019-06-28 09:56:13.738332872,100655,96,100436,196,100687,196,100373,200,100858,196,100293,196,100869,196,100208,196,100923,100,100188,200,100988,100,100033,100,101024,100,100031,300,101075,100,100014,100,,,100005,4,,,99846,100
2019-06-28 09:56:19.169499547,100655,96,100436,196,100687,196,100373,200,100858,196,100293,196,100869,196,100208,196,100923,100,100188,200,100988,100,100033,100,101024,100,100031,300,101075,100,100014,100,101263,100,100005,4,,,99846,100
2019-06-28 09:56:20.000000000,100687,230,100436,230,100858,226,100373,230,100869,226,100293,226,100923,100,100208,100,100988,100,100188,200,101024,100,100033,100,101075,100,100031,300,101263,100,100014,100,,,100005,4,,,99846,100
2019-06-28 09:56:30.000000000,100687,230,100436,230,100858,226,100373,230,100869,226,100293,226,100923,100,100208,100,100988,100,100188,200,101024,100,100033,100,101075,100,100031,300,101263,100,100014,100,,,100005,4,,,99846,100
2019-06-28 09:56:36.071083028,100687,230,100654,100,100858,226,100436,230,100869,226,100373,230,100923,100,100293,226,100988,100,100208,100,101024,100,100188,200,101075,100,100033,100,101263,100,100031,300,,,100014,100,,,100005,4
2019-06-28 09:56:40.000000000,100687,176,100654,176,100858,176,100436,176,100869,176,100373,180,100923,176,100293,176,100988,176,100208,176,101024,100,100188,200,101075,100,100033,100,101263,100,100031,300,,,100014,100,,,100005,4
2019-06-28 09:56:50.000000000,100687,176,100654,176,100858,176,100436,176,100869,176,100373,180,100923,176,100293,176,100988,176,100208,176,101024,100,100188,200,101075,100,100033,100,101263,100,100031,300,,,100014,100,,,100005,4
2019-06-28 09:56:53.155539108,100687,76,100654,176,100858,176,100436,176,100869,176,100373,180,100923,176,100293,176,100988,176,100208,176,101024,100,100188,200,101075,100,100033,100,101263,100,100031,300,,,100014,100,,,100005,4
2019-06-28 09:57:00.000000000,100858,176,100654,176,100869,176,100436,176,100923,176,100373,180,100988,176,100293,176,101024,176,100208,176,101075,100,100188,200,101263,100,100033,100,,,100031,300,,,100014,100,,,100005,4
2019-06-28 09:57:10.000000000,100858,176,100654,176,100869,176,100436,176,100923,176,100373,180,100988,176,100293,176,101024,176,100208,176,101075,100,100188,200,101263,100,100033,100,,,100031,300,,,100014,100,,,100005,4
2019-06-28 09:57:14.716509498,100858,76,100654,176,100869,176,100436,176,100923,176,100373,180,100988,176,100293,176,101024,176,100208,176,101075,100,100188,200,101263,100,100033,100,,,100031,300,,,100014,100,,,100005,4
2019-06-28 09:57:20.000000000,100869,176,100654,176,100923,176,100436,176,100988,176,100373,180,101024,176,100293,176,101075,176,100208,176,101263,100,100188,200,,,100033,100,,,100031,300,,,100014,100,,,100005,4
2019-06-28 09:57:22.028787818,100869,76,100654,176,100923,176,100436,176,100988,176,100373,180,101024,176,100293,176,101075,176,100208,176,101263,100,100188,200,,,100033,100,,,100031,300,,,100014,100,,,100005,4
2019-06-28 09:57:30.000000000,100923,196,100654,196,100988,196,100436,196,101024,196,100373,200,101075,196,100293,196,101263,100,100208,100,,,100188,200,,,100033,100,,,100031,300,,,100014,100,,,100005,4
2019-06-28 09:57:40.000000000,100923,196,100654,196,100988,196,100436,196,101024,196,100373,200,101075,196,100293,196,101263,100,100208,100,,,100188,200,,,100033,100,,,100031,300,,,100014,100,,,100005,4
2019-06-28 09:57:42.761518496,100923,96,100654,196,100988,196,100436,196,101024,196,100373,200,101075,196,100293,196,101263,100,100208,100,,,100188,200,,,100033,100,,,100031,300,,,100014,100,,,100005,4
2019-06-28 09:57:46.842614953,100923,96,100869,100,100988,196,100654,196,101024,196,100436,196,101075,196,100373,200,101263,100,100293,196,,,100208,100,,,100188,200,,,100033,100,,,100031,300,,,100014,100
2019-06-28 09:57:50.000000000,100988,291,100869,291,101024,291,100654,291,101075,100,100436,100,101263,100,100373,104,,,100293,100,,,100208,100,,,100188,200,,,100033,100,,,100031,300,,,100014,100
2019-06-28 09:57:54.283359786,100988,291,100869,391,101024,291,100654,291,101075,100,100436,100,101263,100,100373,104,,,100293,100,,,100208,100,,,100188,200,,,100033,100,,,100031,200,,,100014,100
2019-06-28 09:57:54.382732225,100988,291,100869,491,101024,291,100654,291,101075,100,100436,100,101263,100,100373,104,,,100293,100,,,100208,100,,,100188,200,,,100033,100,,,100031,200,,,100014,100
2019-06-28 09:58:00.000000000,100988,482,100869,682,101024,100,100654,100,101075,100,100436,100,101263,100,100373,104,,,100293,100,,,100208,100,,,100188,200,,,100033,100,,,100031,200,,,100014,100
2019-06-28 09:58:10.000000000,100988,482,100869,682,101024,100,100654,100,101075,100,100436,100,101263,100,100373,104,,,100293,100,,,100208,100,,,100188,200,,,100033,100,,,100031,200,,,100014,100
2019-06-28 09:58:12.835314106,100988,482,100869,682,101024,100,100654,100,101075,100,100436,100,101263,100,100373,104,101294,100,100293,100,,,100208,100,,,100188,200,,,100033,100,,,100031,200,,,100014,100
2019-06-28 09:58:20.000000000,100988,482,100869,682,101024,100,100654,100,101075,100,100436,100,101263,100,100373,104,101294,100,100293,100,,,100208,100,,,100188,200,,,100033,100,,,100031,200,,,100014,100
2019-06-28 09:58:30.000000000,100988,230,100869,430,101024,226,100654,226,101075,226,100436,226,101263,100,100373,104,101294,100,100293,100,,,100208,100,,,100188,200,,,100033,100,,,100031,200,,,100014,100
2019-06-28 09:58:40.000000000,100988,230,100869,430,101024,226,100654,226,101075,226,100436,226,101263,100,100373,104,101294,100,100293,100,,,100208,100,,,100188,200,,,100033,100,,,100031,200,,,100014,100
2019-06-28 09:58:50.000000000,100988,176,100869,376,101024,176,100654,176,101075,176,100436,176,101263,176,100373,180,101294,176,100293,176,,,100208,100,,,100188,200,,,100033,100,,,100031,200,,,100014,100
2019-06-28 09:58:51.727241606,100988,176,100869,376,101024,176,100654,176,101075,176,100436,176,101263,176,100373,180,101294,176,100293,176,101549,100,100208,100,,,100188,200,,,100033,100,,,100031,200,,,100014,100
2019-06-28 09:58:57.664312596,100988,76,100869,376,101024,176,100654,176,101075,176,100436,176,101263,176,100373,180,101294,176,100293,176,,,100208,100,,,100188,200,,,100033,100,,,100031,200,,,100014,100
2019-06-28 09:59:00.000000000,101024,196,100869,396,101075,196,100654,196,101263,196,100436,196,101294,196,100373,200,,,100293,100,,,100208,100,,,100188,200,,,100033,100,,,100031,200,,,100014,100
2019-06-28 09:59:06.604591217,101024,196,100869,396,101075,196,100654,196,101263,196,100436,196,101294,196,100373,200,101334,100,100293,100,,,100208,100,,,100188,200,,,100033,100,,,100031,200,,,100014,100
2019-06-28 09:59:10.000000000,101024,196,100869,396,101075,196,100654,196,101263,196,100436,196,101294,196,100373,200,101334,100,100293,100,,,100208,100,,,100188,200,,,100033,100,,,100031,200,,,100014,100
2019-06-28 09:59:17.944760210,101024,196,100869,396,101075,196,100654,196,101203,100,100436,196,101263,196,100373,200,101294,96,100293,100,101334,100,100208,100,,,100188,200,,,100033,100,,,100031,200,,,100014,100
2019-06-28 09:59:20.000000000,101024,196,100869,396,101075,196,100654,196,101203,196,100436,196,101263,196,100373,200,101334,100,100293,100,,,100208,100,,,100188,200,,,100033,100,,,100031,200,,,100014,100
2019-06-28 09:59:22.583944703,101024,196,100869,396,101075,196,100654,196,101203,196,100436,196,101263,196,100373,200,101334,100,100293,100,101729,100,100208,100,,,100188,200,,,100033,100,,,100031,200,,,100014,100
2019-06-28 09:59:27.401779723,101024,196,100869,396,101075,196,100654,196,101203,196,100436,96,101263,196,100373,200,101334,100,100293,100,101729,100,100208,100,,,100188,200,,,100033,100,,,100031,200,,,100014,100
2019-06-28 09:59:30.000000000,101024,196,100869,396,101075,196,100654,196,101203,196,100373,200,101263,196,100293,196,101334,100,100208,100,101729,100,100188,200,,,100033,100,,,100031,200,,,100014,100,,,100005,4
2019-06-28 09:59:40.000000000,101024,482,100869,682,101075,100,100654,100,101203,100,100373,104,101263,100,100293,100,101334,100,100208,100,101729,100,100188,200,,,100033,100,,,100031,200,,,100014,100,,,100005,4
2019-06-28 09:59:45.702741295,101024,382,100869,682,101075,100,100654,100,101203,100,100373,104,101263,100,100208,100,101334,100,100188,200,101729,100,100033,100,,,100031,200,,,100014,100,,,100005,4,,,99846,100
2019-06-28 09:59:50.000000000,101075,482,100869,682,101203,100,100654,100,101263,100,100373,104,101334,100,100208,100,101729,100,100188,200,,,100033,100,,,100031,200,,,100014,100,,,100005,4,,,99846,100
2019-06-28 10:00:00.000000000,101075,230,100869,430,101203,226,100654,226,101263,226,100373,230,101334,100,100208,100,101729,100,100188,200,,,100033,100,,,100031,200,,,100014,100,,,100005,4,,,99846,100
2019-06-28 10:00:07.527183922,101075,230,100988,100,101203,226,100869,430,101263,226,100654,226,101334,100,100373,230,101729,100,100208,100,,,100188,200,,,100033,100,,,100031,200,,,100014,100,,,100005,4
2019-06-28 10:00:10.000000000,101075,176,100988,176,101203,176,100869,376,101263,176,100654,176,101334,176,100373,180,101729,176,100208,176,,,100188,200,,,100033,100,,,100031,200,,,100014,100,,,100005,4
2019-06-28 10:00:13.044991997,101075,76,100988,176,101203,176,100869,376,101263,176,100654,176,101334,176,100373,180,101729,176,100208,176,,,100188,200,,,100033,100,,,100031,200,,,100014,100,,,100005,4
2019-06-28 10:00:15.589745292,101075,76,100988,176,101203,176,100869,376,101263,176,100654,176,101334,176,100373,180,101720,100,100208,176,101729,176,100188,200,,,100033,100,,,100031,200,,,100014,100,,,100005,4
2019-06-28 10:00:20.000000000,101203,230,100988,230,101263,226,100869,426,101334,226,100654,226,101720,100,100373,104,101729,100,100208,100,,,100188,200,,,100033,100,,,100031,200,,,100014,100,,,100005,4
2019-06-28 10:00:29.141980270,101203,230,100988,230,101263,226,100869,426,101334,226,100654,226,101591,100,100373,104,101720,100,100208,100,101729,100,100188,200,,,100033,100,,,100031,200,,,100014,100,,,100005,4
2019-06-28 10:00:30.000000000,101203,482,100988,482,101263,100,100869,300,101334,100,100654,100,101591,100,100373,104,101720,100,100208,100,101729,100,100188,200,,,100033,100,,,100031,200,,,100014,100,,,100005,4
2019-06-28 10:00:30.390499795,101203,482,100988,482,101263,100,100869,300,101334,100,100654,100,101598,100,100373,104,101720,100,100208,100,101729,100,100188,200,,,100033,100,,,100031,200,,,100014,100,,,100005,4
2019-06-28 10:00:33.710969501,101203,482,100988,482,101263,100,100869,300,101334,100,100654,100,101598,100,100373,104,101720,100,100208,100,101729,100,100188,200,101742,100,100033,100,,,100031,200,,,100014,100,,,100005,4
2019-06-28 10:00:40.000000000,101203,291,100988,291,101263,291,100869,491,101334,100,100654,100,101598,100,100373,104,101720,100,100208,100,101729,100,100188,200,101742,100,100033,100,,,100031,200,,,100014,100,,,100005,4
2019-06-28 10:00:45.359591525,101203,291,101024,100,101263,291,100988,291,101334,100,100869,491,101598,100,100654,100,101720,100,100373,104,101729,100,100208,100,101742,100,100188,200,,,100033,100,,,100031,200,,,100014,100
2019-06-28 10:00:50.000000000,101203,482,101024,482,101263,100,100988,100,101334,100,100869,300,101598,100,100654,100,101720,100,100373,104,101729,100,100208,100,101742,100,100188,200,,,100033,100,,,100031,200,,,100014,100
2019-06-28 10:00:52.232231828,101203,482,101024,482,101263,100,100988,100,101334,100,100869,300,101598,100,100654,100,101635,100,100373,104,101720,100,100208,100,101729,100,100188,200,101742,100,100033,100,,,100031,200,,,100014,100
2019-06-28 10:00:55.416673073,101203,482,101024,382,101263,100,100988,100,101334,100,100869,300,101598,100,100654,100,101635,100,100373,104,101720,100,100208,100,101729,100,100188,200,101742,100,100033,100,,,100031,200,,,100014,100
2019-06-28 10:00:57.413817300,101203,382,101024,382,101263,100,100988,100,101334,100,100869,300,101598,100,100654,100,101635,100,100373,104,101720,100,100208,100,101729,100,100188,200,101742,100,100033,100,,,100031,200,,,100014,100
2019-06-28 10:01:00.000000000,101263,176,100988,176,101334,176,100869,376,101598,176,100654,176,101635,176,100373,180,101720,176,100208,176,101729,100,100188,200,101742,100,100033,100,,,100031,200,,,100014,100,,,100005,4
2019-06-28 10:01:04.190893639,101263,176,101075,100,101334,176,100988,176,101598,176,100869,376,101635,176,100654,176,101720,176,100373,180,101729,100,100208,176,101742,100,100188,200,,,100033,100,,,100031,200,,,100014,100
2019-06-28 10:01:10.000000000,101263,230,101075,230,101334,226,100988,226,101598,226,100869,426,101635,100,100654,100,101720,100,100373,104,101729,100,100208,100,101742,100,100188,200,,,100033,100,,,100031,200,,,100014,100
2019-06-28 10:01:20.000000000,101263,291,101075,291,101334,291,100988,291,101598,100,100869,300,101635,100,100654,100,101720,100,100373,104,101729,100,100208,100,101742,100,100188,200,,,100033,100,,,100031,200,,,100014,100
2019-06-28 10:01:30.000000000,101263,482,101075,482,101334,100,100988,100,101598,100,100869,300,101635,100,100654,100,101720,100,100373,104,101729,100,100208,100,101742,100,100188,200,,,100033,100,,,100031,200,,,100014,100
2019-06-28 10:01:40.000000000,101263,291,101075,291,101334,291,100988,291,101598,100,100869,300,101635,100,100654,100,101720,100,100373,104,101729,100,100208,100,101742,100,100188,200,,,100033,100,,,100031,200,,,100014,100
2019-06-28 10:01:50.000000000,101263,176,101075,176,101334,176,100988,176,101598,176,100869,376,101635,176,100654,176,101720,176,100373,180,101729,100,100208,100,101742,100,100188,200,,,100033,100,,,100031,200,,,100014,100
2019-06-28 10:01:52.799875481,101263,176,101075,176,101334,176,100988,176,101594,100,100869,376,101598,176,100654,176,101635,176,100373,180,101720,176,100208,100,101729,100,100188,200,101742,100,100033,100,,,100031,200,,,100014,100
2019-06-28 10:02:00.000000000,101263,230,101075,230,101334,226,100988,226,101594,226,100869,426,101598,100,100654,100,101635,100,100373,104,101720,100,100208,100,101729,100,100188,200,101742,100,100033,100,,,100031,200,,,100014,100
2019-06-28 10:02:03.875989067,101263,230,101075,230,101334,226,100988,226,101534,100,100869,426,101594,226,100654,100,101598,100,100373,104,101635,100,100208,100,101720,100,100188,200,101729,100,100033,100,101742,100,100031,200,,,100014,100
2019-06-28 10:02:10.000000000,101263,176,101075,176,101334,176,100988,176,101534,176,100869,376,101594,176,100654,176,101598,176,100373,180,101635,100,100208,100,101720,100,100188,200,101729,100,100033,100,101742,100,100031,200,,,100014,100
2019-06-28 10:02:20.000000000,101263,196,101075,196,101334,196,100988,196,101534,196,100869,396,101594,196,100654,196,101598,100,100373,104,101635,100,100208,100,101720,100,100188,200,101729,100,100033,100,101742,100,100031,200,,,100014,100
2019-06-28 10:02:25.813187770,101263,196,101075,196,101334,196,100988,196,101534,196,100869,396,101594,196,100654,196,101598,100,100373,4,101635,100,100208,100,101720,100,100188,200,101729,100,100033,100,101742,100,100031,200,,,100014,100
2019-06-28 10:02:30.000000000,101263,230,101075,230,101334,226,100988,226,101534,226,100869,426,101594,100,100654,100,101598,100,100373,4,101635,100,100208,100,101720,100,100188,200,101729,100,100033,100,101742,100,100031,200,,,100014,100
2019-06-28 10:02:35.680536245,101263,230,101075,230,101334,226,100988,226,101534,226,100869,426,101573,100,100654,100,101594,100,100373,4,101598,100,100208,100,101635,100,100188,200,101720,100,100033,100,101729,100,100031,200,101742,100,100014,100
2019-06-28 10:02:40.000000000,101263,196,101075,196,101334,196,100988,196,101534,196,100869,396,101573,196,100654,196,101594,100,100373,4,101598,100,100208,100,101635,100,100188,200,101720,100,100033,100,101729,100,100031,200,101742,100,100014,100
2019-06-28 10:02:42.519854992,101263,196,101075,196,101334,196,100988,196,101534,196,100869,396,101573,196,100654,196,101594,100,100373,4,101598,100,100208,100,101635,100,100188,200,101720,100,100033,100,101729,100,100031,200,101742,100,100014,100
2019-06-28 10:02:50.000000000,101263,196,101075,196,101334,196,100988,196,101534,196,100869,396,101573,196,100654,196,101594,100,100373,4,101598,100,100208,100,101635,100,100188,200,101720,100,100033,100,101729,100,100031,200,101742,100,100014,100
2019-06-28 10:03:00.000000000,101263,196,101075,196,101334,196,100988,196,101534,196,100869,396,101573,196,100654,196,101594,100,100373,4,101598,100,100208,100,101635,100,100188,200,101720,100,100033,100,101729,100,100031,200,101742,100,100014,100
2019-06-28 10:03:10.000000000,101263,176,101075,176,101334,176,100988,176,101534,176,100869,376,101573,176,100654,176,101594,176,100373,80,101598,100,100208,100,101635,100,100188,200,101720,100,100033,100,101729,100,100031,200,101742,100,100014,100
2019-06-28 10:03:12.843201795,101263,176,101075,176,101334,176,100988,176,101364,100,100869,376,101534,176,100654,176,101573,176,100373,80,101594,176,100208,100,101598,100,100188,200,101635,100,100033,100,101720,100,100031,200,101729,100,100014,100
2019-06-28 10:03:20.000000000,101263,176,101075,176,101334,176,100988,176,101364,176,100869,376,101534,176,100654,176,101573,176,100373,80,101594,100,100208,100,101598,100,100188,200,101635,100,100033,100,101720,100,100031,200,101729,100,100014,100
2019-06-28 10:03:20.289200936,101263,176,101075,176,101334,176,100988,176,101364,176,100869,376,101534,176,100654,176,101573,176,100373,80,101594,100,100208,100,101598,100,100188,200,101635,100,100033,100,101720,100,100031,100,101729,100,100014,100
2019-06-28 10:03:22.923758738,101263,176,101075,176,101318,100,100988,176,101334,176,100869,376,101364,176,100654,176,101534,176,100373,80,101573,176,100208,100,101594,100,100188,200,101598,100,100033,100,101635,100,100031,100,101720,100,100014,100
2019-06-28 10:03:30.000000000,101263,196,101075,196,101318,196,100988,196,101334,196,100869,396,101364,196,100654,196,101534,100,100373,4,101573,100,100208,100,101594,100,100188,200,101598,100,100033,100,101635,100,100031,100,101720,100,100014,100
2019-06-28 10:03:36.935019752,101263,196,101075,196,101318,196,101061,100,101334,196,100988,196,101364,196,100869,396,101534,100,100654,196,101573,100,100373,4,101594,100,100208,100,101598,100,100188,200,101635,100,100033,100,101720,100,100031,100
2019-06-28 10:03:37.052433051,101263,196,101075,196,101318,196,101061,100,101319,100,100988,196,101334,196,100869,396,101364,196,100654,196,101534,100,100373,4,101573,100,100188,200,101594,100,100033,100,101598,100,100031,100,101635,100,100014,100
2019-06-28 10:03:40.000000000,101263,196,101075,196,101318,196,101061,196,101319,196,100988,196,101334,196,100869,396,101364,100,100654,100,101534,100,100373,4,101573,100,100188,200,101594,100,100033,100,101598,100,100031,100,101635,100,100014,100
2019-06-28 10:03:47.346916867,101263,196,101094,100,101318,196,101075,196,101319,196,101061,196,101334,196,100988,196,101364,100,100869,396,101534,100,100654,100,101573,100,100373,4,101594,100,100188,200,101598,100,100033,100,101635,100,100031,100
2019-06-28 10:03:50.000000000,101263,230,101094,230,101318,226,101075,226,101319,226,101061,226,101334,100,100988,100,101364,100,100869,300,101534,100,100654,100,101573,100,100373,4,101594,100,100188,200,101598,100,100033,100,101635,100,100031,100
2019-06-28 10:04:00.000000000,101263,230,101094,230,101318,226,101075,226,101319,226,101061,226,101334,100,100988,100,101364,100,100869,300,101534,100,100654,100,101573,100,100373,4,101594,100,100188,200,101598,100,100033,100,101635,100,100031,100
2019-06-28 10:04:10.000000000,101263,482,101094,482,101318,100,101075,100,101319,100,101061,100,101334,100,100988,100,101364,100,100869,300,101534,100,100654,100,101573,100,100373,4,101594,100,100188,200,101598,100,100033,100,101635,100,100031,100
2019-06-28 10:04:20.000000000,101263,230,101094,230,101318,226,101075,226,101319,226,101061,226,101334,100,100988,100,101364,100,100869,300,101534,100,100654,100,101573,100,100373,4,101594,100,100188,200,101598,100,100033,100,101635,100,100031,100
2019-06-28 10:04:20.873079641,101263,230,101094,130,101318,226,101075,226,101319,226,101061,226,101334,100,100988,100,101364,100,100869,300,101534,100,100373,4,101573,100,100188,200,101594,100,100033,100,101598,100,100031,100,101635,100,100014,100
2019-06-28 10:04:30.000000000,101263,482,101075,482,101318,100,101061,100,101319,100,100988,100,101334,100,100869,300,101364,100,100373,4,101534,100,100188,200,101573,100,100033,100,101594,100,100031,100,101598,100,100014,100,101635,100,100005,4
2019-06-28 10:04:40.000000000,101263,482,101075,482,101318,100,101061,100,101319,100,100988,100,101334,100,100869,300,101364,100,100373,4,101534,100,100188,200,101573,100,100033,100,101594,100,100031,100,101598,100,100014,100,101635,100,100005,4
2019-06-28 10:04:50.000000000,101263,196,101075,196,101318,196,101061,196,101319,196,100988,196,101334,196,100869,396,101364,100,100373,4,101534,100,100188,200,101573,100,100033,100,101594,100,100031,100,101598,100,100014,100,101635,100,100005,4
2019-06-28 10:04:59.463294565,101263,96,101075,196,101318,196,101061,196,101319,196,100988,196,101334,196,100869,396,101364,100,100373,4,101534,100,100188,200,101573,100,100033,100,101594,100,100031,100,101598,100,100014,100,101635,100,100005,4
2019-06-28 10:05:00.000000000,101318,196,101075,196,101319,196,101061,196,101334,196,100988,196,101364,196,100869,396,101534,100,100373,4,101573,100,100188,200,101594,100,100033,100,101598,100,100031,100,101635,100,100014,100,101720,100,100005,4
2019-06-28 10:05:03.969252559,101195,100,101075,196,101318,196,101061,196,101319,196,100988,196,101334,196,100869,396,101364,196,100373,4,101534,100,100188,200,101573,100,100033,100,101594,100,100031,100,101598,100,100014,100,101635,100,100005,4
2019-06-28 10:05:10.000000000,101195,176,101075,176,101318,176,101061,176,101319,176,100988,176,101334,176,100869,376,101364,176,100373,80,101534,100,100188,200,101573,100,100033,100,101594,100,100031,100,101598,100,100014,100,101635,100,100005,4
2019-06-28 10:05:15.846881217,101195,176,101075,176,101262,100,101061,176,101318,176,100988,176,101319,176,100869,376,101334,176,100373,80,101364,176,100188,200,101534,100,100033,100,101573,100,100031,100,101594,100,100014,100,101598,100,100005,4
2019-06-28 10:05:20.000000000,101195,196,101075,196,101262,196,101061,196,101318,196,100988,196,101319,196,100869,396,101334,100,100373,4,101364,100,100188,200,101534,100,100033,100,101573,100,100031,100,101594,100,100014,100,101598,100,100005,4
2019-06-28 10:05:30.000000000,101195,230,101075,230,101262,226,101061,226,101318,226,100988,226,101319,100,100869,300,101334,100,100373,4,101364,100,100188,200,101534,100,100033,100,101573,100,100031,100,101594,100,100014,100,101598,100,100005,4
2019-06-28 10:05:36.588599214,101195,230,101095,100,101262,226,101075,230,101318,226,101061,226,101319,100,100988,226,101334,100,100869,200,101364,100,100373,4,101534,100,100188,200,101573,100,100033,100,101594,100,100031,100,101598,100,100014,100
2019-06-28 10:05:38.384265876,101195,230,101075,230,101262,226,101061,226,101318,226,100988,226,101319,100,100869,200,101334,100,100373,4,101364,100,100188,200,101534,100,100033,100,101594,100,100031,100,101598,100,100014,100,101635,100,100005,4
2019-06-28 10:05:40.000000000,101195,230,101075,230,101262,226,101061,226,101318,226,100988,226,101319,100,100869,200,101334,100,100373,4,101364,100,100188,200,101534,100,100033,100,101594,100,100031,100,101598,100,100014,100,101635,100,100005,4
2019-06-28 10:05:43.261419929,101195,230,101075,130,101262,226,101061,226,101318,226,100988,226,101319,100,100869,200,101334,100,100188,200,101364,100,100033,100,101534,100,100031,100,101594,100,100014,100,101598,100,100005,4,101635,100,99846,100
2019-06-28 10:05:50.000000000,101195,291,101061,291,101262,291,100988,291,101318,100,100869,200,101319,100,100188,200,101334,100,100033,100,101364,100,100031,100,101534,100,100014,100,101594,100,100005,4,101598,100,99846,100,101635,100,99844,100
2019-06-28 10:06:00.000000000,101195,196,101061,196,101262,196,100988,196,101318,196,100869,296,101319,196,100188,296,101334,100,100033,100,101364,100,100031,100,101534,100,100014,100,101594,100,100005,4,101598,100,99846,100,101635,100,99844,100
2019-06-28 10:06:02.202240235,101195,196,101061,196,101262,196,100988,196,101318,196,100869,296,101319,196,100736,100,101334,100,100188,296,101364,100,100033,100,101534,100,100031,100,101594,100,100014,100,101598,100,100005,4,101635,100,99846,100
2019-06-28 10:06:10.000000000,101195,176,101061,176,101262,176,100988,176,101318,176,100869,276,101319,176,100736,176,101334,176,100188,276,101364,100,100033,100,101534,100,100031,100,101594,100,100014,100,101598,100,100005,4,101635,100,99846,100
2019-06-28 10:06:17.522451727,101095,100,101061,176,101195,176,100988,176,101262,176,100869,276,101318,176,100736,176,101319,176,100188,276,101334,176,100033,100,101364,100,100031,100,101534,100,100014,100,101594,100,100005,4,101598,100,99846,100
2019-06-28 10:06:20.000000000,101095,196,101061,196,101195,196,100988,196,101262,196,100869,296,101318,196,100736,196,101319,100,100188,200,101334,100,100033,100,101364,100,100031,100,101534,100,100014,100,101594,100,100005,4,101598,100,99846,100
2019-06-28 10:06:25.270860515,101095,196,101061,96,101195,196,100988,196,101262,196,100869,296,101318,196,100736,196,101319,100,100188,200,101334,100,100033,100,101364,100,100031,100,101534,100,100014,100,101594,100,100005,4,101598,100,99846,100
2019-06-28 10:06:30.000000000,101095,482,100988,482,101195,100,100869,200,101262,100,100736,100,101318,100,100188,200,101319,100,100033,100,101334,100,100031,100,101364,100,100014,100,101534,100,100005,4,101594,100,99846,100,101598,100,99844,100
2019-06-28 10:06:31.395657305,101075,100,100988,482,101095,482,100869,200,101195,100,100736,100,101262,100,100188,200,101318,100,100033,100,101319,100,100031,100,101334,100,100014,100,101364,100,100005,4,101534,100,99846,100,101594,100,99844,100
2019-06-28 10:06:40.000000000,101075,196,100988,196,101095,196,100869,296,101195,196,100736,196,101262,196,100188,296,101318,100,100033,100,101319,100,100031,100,101334,100,100014,100,101364,100,100005,4,101534,100,99846,100,101594,100,99844,100
2019-06-28 10:06:50.000000000,101075,196,100988,196,101095,196,100869,296,101195,196,100736,196,101262,196,100188,296,101318,100,100033,100,101319,100,100031,100,101334,100,100014,100,101364,100,100005,4,101534,100,99846,100,101594,100,99844,100
2019-06-28 10:06:59.039571456,101075,296,100988,196,101095,196,100869,196,101195,196,100736,196,101262,196,100188,296,101318,100,100033,100,101319,100,100031,100,101334,100,100014,100,101364,100,100005,4,101534,100,99846,100,101594,100,99844,100
2019-06-28 10:07:00.000000000,101075,582,100988,482,101095,100,100869,100,101195,100,100736,100,101262,100,100188,200,101318,100,100033,100,101319,100,100031,100,101334,100,100014,100,101364,100,100005,4,101534,100,99846,100,101594,100,99844,100
2019-06-28 10:07:05.630070563,101075,582,100988,382,101095,100,100869,100,101195,100,100736,100,101262,100,100188,200,101318,100,100033,100,101319,100,100031,100,101334,100,100014,100,101364,100,100005,4,101534,100,99846,100,101598,100,99844,100
2019-06-28 10:07:10.000000000,101075,276,100869,176,101095,176,100736,176,101195,176,100188,276,101262,176,100033,176,101318,176,100031,176,101319,100,100014,100,101334,100,100005,4,101364,100,99846,100,101534,100,99844,100,101598,100,99690,100
2019-06-28 10:07:15.214776035,101075,276,100869,76,101095,176,100736,176,101195,76,100188,276,101262,176,100033,176,101318,176,100031,176,101319,100,100014,100,101334,100,100005,4,101364,100,99846,100,101534,100,99844,100,101598,100,99690,100
2019-06-28 10:07:20.000000000,101075,330,100736,230,101095,226,100188,326,101262,226,100033,226,101318,100,100031,100,101319,100,100014,100,101334,100,100005,4,101364,100,99846,100,101534,100,99844,100,101598,100,99690,100,101635,100,99451,100
2019-06-28 10:07:30.000000000,101075,391,100736,291,101095,291,100188,391,101262,100,100033,100,101318,100,100031,100,101319,100,100014,100,101334,100,100005,4,101364,100,99846,100,101534,100,99844,100,101598,100,99690,100,101635,100,99451,100
2019-06-28 10:07:32.990835566,101075,391,100919,100,101095,291,100736,291,101262,100,100188,391,101318,100,100033,100,101319,100,100031,100,101334,100,100014,100,101364,100,99846,100,101534,100,99844,100,101598,100,99690,100,101635,100,99451,100
2019-06-28 10:07:40.000000000,101075,276,100919,176,101095,176,100736,176,101262,176,100188,276,101318,176,100033,176,101319,176,100031,176,101334,100,100014,100,101364,100,99846,100,101534,100,99844,100,101598,100,99690,100,101635,100,99451,100
2019-06-28 10:07:50.000000000,101075,391,100919,291,101095,291,100736,291,101262,100,100188,200,101318,100,100033,100,101319,100,100031,100,101334,100,100014,100,101364,100,99846,100,101534,100,99844,100,101598,100,99690,100,101635,100,99451,100
2019-06-28 10:07:59.914635815,101001,100,100919,291,101075,391,100736,291,101095,291,100188,200,101262,100,100033,100,101318,100,100031,100,101319,100,100014,100,101334,100,99846,100,101364,100,99844,100,101534,100,99690,100,101598,100,99451,100
2019-06-28 10:08:00.000000000,101001,482,100919,482,101075,200,100736,100,101095,100,100188,200,101262,100,100033,100,101318,100,100031,100,101319,100,100014,100,101334,100,99846,100,101364,100,99844,100,101534,100,99690,100,101598,100,99451,100
2019-06-28 10:08:02.862000350,101001,482,100919,482,101075,200,100736,100,101095,100,100714,100,101262,100,100188,200,101318,100,100033,100,101319,100,100031,100,101334,100,100014,100,101364,100,99846,100,101534,100,99844,100,101598,100,99690,100
2019-06-28 10:08:09.805723655,101001,482,100919,382,101075,200,100736,100,101095,100,100714,100,101262,100,100188,200,101318,100,100033,100,101319,100,100031,100,101334,100,100014,100,101364,100,99846,100,101534,100,99844,100,101598,100,99690,100
2019-06-28 10:08:10.000000000,101001,196,100736,196,101075,296,100714,196,101095,196,100188,296,101262,196,100033,196,101318,100,100031,100,101319,100,100014,100,101334,100,99846,100,101364,100,99844,100,101534,100,99690,100,101598,100,99236,100
2019-06-28 10:08:13.549244425,100911,100,100736,196,101001,196,100714,196,101075,296,100188,296,101095,196,100033,196,101262,196,100031,100,101318,100,100014,100,101319,100,99846,100,101334,100,99844,100,101364,100,99690,100,101534,100,99236,100
2019-06-28 10:08:20.000000000,100911,482,100736,482,101001,100,100714,100,101075,200,100188,200,101095,100,100033,100,101262,100,100031,100,101318,100,100014,100,101319,100,99846,100,101334,100,99844,100,101364,100,99690,100,101534,100,99236,100
2019-06-28 10:08:27.209670856,100911,482,100736,482,101001,100,100714,100,101075,200,100188,200,101095,100,100033,100,101191,100,100031,100,101262,100,100014,100,101318,100,99846,100,101319,100,99844,100,101334,100,99690,100,101364,100,99236,100
2019-06-28 10:08:30.000000000,100911,482,100736,482,101001,100,100714,100,101075,200,100188,200,101095,100,100033,100,101191,100,100031,100,101262,100,100014,100,101318,100,99846,100,101319,100,99844,100,101334,100,99690,100,101364,100,99236,100
2019-06-28 10:08:40.000000000,100911,291,100736,291,101001,291,100714,291,101075,200,100188,200,101095,100,100033,100,101191,100,100031,100,101262,100,100014,100,101318,100,99846,100,101319,100,99844,100,101334,100,99690,100,101364,100,99236,100
2019-06-28 10:08:43.798109345,100911,291,100736,291,101001,291,100714,291,101075,200,100188,200,101095,100,100033,100,101191,100,100031,100,101262,100,100014,100,101318,100,99846,100,101319,100,99844,100,101334,100,99690,100,101364,100,,
2019-06-28 10:08:50.000000000,100911,196,100736,196,101001,196,100714,196,101075,296,100188,296,101095,196,100033,196,101191,100,100031,100,101262,100,100014,100,101318,100,99846,100,101319,100,99844,100,101334,100,99690,100,101364,100,,
2019-06-28 10:09:00.000000000,100911,291,100736,291,101001,291,100714,291,101075,200,100188,200,101095,100,100033,100,101191,100,100031,100,101262,100,100014,100,101318,100,99846,100,101319,100,99844,100,101334,100,99690,100,101364,100,,
2019-06-28 10:09:00.090837658,100911,191,100736,291,101001,291,100714,291,101075,200,100188,200,101095,100,100033,100,101191,100,100031,100,101262,100,100014,100,101318,100,99846,100,101319,100,99844,100,101334,100,99690,100,101364,100,,
2019-06-28 10:09:06.412522515,100911,191,100736,291,101001,291,100714,291,101075,200,100188,200,101095,100,100033,100,101112,100,100031,100,101191,100,100014,100,101262,100,99846,100,101318,100,99844,100,101319,100,99690,100,101334,100,,
2019-06-28 10:09:10.000000000,101001,176,100736,176,101075,276,100714,176,101095,176,100188,276,101112,176,100033,176,101191,176,100031,176,101262,100,100014,100,101318,100,99846,100,101319,100,99844,100,101334,100,99690,100,101364,100,,
2019-06-28 10:09:20.000000000,101001,176,100736,176,101075,276,100714,176,101095,176,100188,276,101112,176,100033,176,101191,176,100031,176,101262,100,100014,100,101318,100,99846,100,101319,100,99844,100,101334,100,99690,100,101364,100,,
2019-06-28 10:09:30.000000000,101001,230,100736,230,101075,326,100714,226,101095,226,100188,326,101112,100,100033,100,101191,100,100031,100,101262,100,100014,100,101318,100,99846,100,101319,100,99844,100,101334,100,99690,100,101364,100,,
2019-06-28 10:09:40.000000000,101001,482,100736,482,101075,200,100714,100,101095,100,100188,200,101112,100,100033,100,101191,100,100031,100,101262,100,100014,100,101318,100,99846,100,101319,100,99844,100,101334,100,99690,100,101364,100,,
2019-06-28 10:09:50.000000000,101001,482,100736,482,101075,200,100714,100,101095,100,100188,200,101112,100,100033,100,101191,100,100031,100,101262,100,100014,100,101318,100,99846,100,101319,100,99844,100,101334,100,99690,100,101364,100,,
2019-06-28 10:09:58.026757859,101001,482,100736,382,101075,200,100714,100,101095,100,100188,200,101112,100,100033,100,101191,100,100031,100,101262,100,100014,100,101318,100,99846,100,101319,100,99844,100,101334,100,99690,100,101364,100,,
2019-06-28 10:10:00.000000000,101001,291,100714,291,101075,391,100188,391,101095,100,100033,100,101112,100,100031,100,101191,100,100014,100,101262,100,99846,100,101318,100,99844,100,101319,100,99690,100,101334,100,,,101364,100,,
2019-06-28 10:10:10.000000000,101001,230,100714,230,101075,326,100188,326,101095,226,100033,226,101112,100,100031,100,101191,100,100014,100,101262,100,99846,100,101318,100,99844,100,101319,100,99690,100,101334,100,,,101364,100,,
2019-06-28 10:10:20.000000000,101001,230,100714,230,101075,326,100188,326,101095,226,100033,226,101112,100,100031,100,101191,100,100014,100,101262,100,99846,100,101318,100,99844,100,101319,100,99690,100,101334,100,,,101364,100,,
2019-06-28 10:10:25.423912260,101001,230,100714,130,101075,326,100188,326,101095,226,100033,226,101112,100,100031,100,101191,100,100014,100,101262,100,99846,100,101318,100,99844,100,101319,100,99690,100,101334,100,,,101364,100,,
2019-06-28 10:10:27.902389891,100736,100,100714,130,101001,230,100188,326,101075,326,100033,226,101095,226,100031,100,101112,100,100014,100,101191,100,99846,100,101262,100,99844,100,101318,100,99690,100,101319,100,,,101334,100,,
2019-06-28 10:10:30.000000000,100736,196,100188,296,101001,196,100033,196,101075,296,100031,196,101095,196,100014,196,101112,100,99846,100,101191,100,99844,100,101262,100,99690,100,101318,100,,,101319,100,,,101334,100,,
2019-06-28 10:10:39.812571849,100736,196,100188,296,101001,196,100033,196,101075,296,100031,196,101095,196,100014,196,101112,100,99846,100,101191,100,99844,100,101262,100,99690,100,101319,100,98870,100,101334,100,,,101364,100,,
2019-06-28 10:10:40.000000000,100736,482,100188,582,101001,100,100033,100,101075,200,100031,100,101095,100,100014,100,101112,100,99846,100,101191,100,99844,100,101262,100,99690,100,101319,100,98870,100,101334,100,,,101364,100,,
2019-06-28 10:10:50.000000000,100736,176,100188,276,101001,176,100033,176,101075,276,100031,176,101095,176,100014,176,101112,176,99846,176,101191,100,99844,100,101262,100,99690,100,101319,100,98870,100,101334,100,,,101364,100,,
2019-06-28 10:10:50.909358101,100736,176,100188,176,101001,176,100033,176,101075,276,100031,176,101095,176,100014,176,101112,176,99846,176,101191,100,99844,100,101262,100,99690,100,101319,100,98870,100,101334,100,,,101364,100,,
2019-06-28 10:11:00.000000000,100736,230,100188,230,101001,226,100033,226,101075,326,100031,226,101095,100,100014,100,101112,100,99846,100,101191,100,99844,100,101262,100,99690,100,101319,100,98870,100,101334,100,,,101364,100,,
2019-06-28 10:11:01.864000749,100736,230,100188,130,101001,226,100033,226,101075,326,100031,226,101095,100,100014,100,101112,100,99846,100,101191,100,99844,100,101262,100,99690,100,101319,100,98870,100,101334,100,,,101364,100,,
2019-06-28 10:11:03.808278705,100736,230,100188,130,101001,226,100033,226,101075,326,100031,226,101095,100,100014,100,101112,100,99846,100,101191,100,99844,100,101262,100,99690,100,101319,100,99157,100,101334,100,98870,100,101364,100,,
2019-06-28 10:11:10.000000000,100736,291,100033,291,101001,291,100031,291,101075,200,100014,100,101095,100,99846,100,101112,100,99844,100,101191,100,99690,100,101262,100,99157,100,101319,100,98870,100,101334,100,,,101364,100,,
2019-06-28 10:11:12.070830298,100188,100,100033,291,100736,291,100031,291,101001,291,100014,100,101075,200,99846,100,101095,100,99844,100,101112,100,99690,100,101191,100,99157,100,101262,100,98870,100,101319,100,,,101334,100,,
2019-06-28 10:11:20.000000000,100188,482,100033,482,100736,100,100031,100,101001,100,100014,100,101075,200,99846,100,101095,100,99844,100,101112,100,99690,100,101191,100,99157,100,101262,100,98870,100,101319,100,,,101334,100,,
2019-06-28 10:11:30.000000000,100188,230,100033,230,100736,226,100031,226,101001,226,100014,226,101075,200,99846,100,101095,100,99844,100,101112,100,99690,100,101191,100,99157,100,101262,100,98870,100,101319,100,,,101334,100,,
2019-06-28 10:11:30.787521906,100188,230,100033,130,100736,226,100031,226,101001,226,100014,226,101075,200,99846,100,101095,100,99844,100,101191,100,99690,100,101262,100,99157,100,101319,100,98870,100,101334,100,,,101364,100,,
2019-06-28 10:11:34.485134571,100188,230,100033,30,100736,226,100031,226,101001,226,100014,226,101075,200,99846,100,101095,100,99844,100,101191,100,99690,100,101262,100,99157,100,101319,100,98870,100,101334,100,,,101364,100,,
2019-06-28 10:11:40.000000000,100188,482,100031,482,100736,100,100014,100,101001,100,99846,100,101075,200,99844,100,101095,100,99690,100,101191,100,99157,100,101262,100,98870,100,101319,100,,,101334,100,,,101364,100,,
2019-06-28 10:11:41.322923334,100188,482,100031,482,100736,100,100014,100,101001,100,99846,100,101075,200,99844,100,101095,100,99690,100,101191,100,99411,100,101262,100,99157,100,101319,100,98870,100,101334,100,,,101364,100,,
2019-06-28 10:11:48.157455495,100033,100,100031,482,100188,482,100014,100,100736,100,99846,100,101001,100,99844,100,101075,200,99690,100,101095,100,99411,100,101191,100,99157,100,101262,100,98870,100,101319,100,,,101334,100,,
2019-06-28 10:11:50.000000000,100033,176,100031,176,100188,176,100014,176,100736,176,99846,176,101001,176,99844,176,101075,276,99690,176,101095,100,99411,100,101191,100,99157,100,101262,100,98870,100,101319,100,,,101334,100,,
2019-06-28 10:12:00.000000000,100033,482,100031,482,100188,100,100014,100,100736,100,99846,100,101001,100,99844,100,101075,200,99690,100,101095,100,99411,100,101191,100,99157,100,101262,100,98870,100,101319,100,,,101334,100,,
2019-06-28 10:12:00.260935326,100033,482,100031,382,100188,100,100014,100,100736,100,99846,100,101001,100,99844,100,101075,200,99690,100,101095,100,99411,100,101191,100,99157,100,101262,100,98870,100,101319,100,,,101334,100,,
2019-06-28 10:12:10.000000000,100033,196,100014,196,100188,196,99846,196,100736,196,99844,196,101001,196,99690,196,101075,200,99411,100,101095,100,99157,100,101191,100,98870,100,101262,100,,,101319,100,,,101334,100,,
2019-06-28 10:12:19.460160452,100033,196,100014,196,100188,196,99846,196,100736,196,99844,196,101001,196,99690,196,101075,200,99493,100,101095,100,99411,100,101191,100,99157,100,101262,100,98870,100,101319,100,,,101334,100,,
2019-06-28 10:12:20.000000000,100033,482,100014,482,100188,100,99846,100,100736,100,99844,100,101001,100,99690,100,101075,200,99493,100,101095,100,99411,100,101191,100,99157,100,101262,100,98870,100,101319,100,,,101334,100,,
2019-06-28 10:12:30.000000000,100033,482,100014,482,100188,100,99846,100,100736,100,99844,100,101001,100,99690,100,101075,200,99493,100,101095,100,99411,100,101191,100,99157,100,101262,100,98870,100,101319,100,,,101334,100,,
2019-06-28 10:12:40.000000000,100033,230,100014,230,100188,226,99846,226,100736,226,99844,226,101001,100,99690,100,101075,200,99493,100,101095,100,99411,100,101191,100,99157,100,101262,100,98870,100,101319,100,,,101334,100,,
2019-06-28 10:12:42.711049863,100033,230,100014,130,100188,226,99846,226,100736,226,99844,226,101001,100,99690,100,101075,200,99493,100,101095,100,99411,100,101191,100,99157,100,101262,100,98870,100,101319,100,,,101334,100,,
2019-06-28 10:12:50.000000000,100033,291,99846,291,100188,291,99844,291,100736,100,99690,100,101001,100,99493,100,101075,200,99411,100,101095,100,99157,100,101191,100,98870,100,101262,100,,,101319,100,,,101334,100,,
2019-06-28 10:12:53.809816086,100033,291,99846,191,100188,291,99844,291,100736,100,99690,100,101001,100,99493,100,101075,200,99411,100,101095,100,99157,100,101191,100,98870,100,101262,100,,,101319,100,,,101334,100,,
2019-06-28 10:12:53.832639835,100033,291,99846,91,100188,291,99844,291,100736,100,99690,100,101001,100,99493,100,101075,200,99411,100,101095,100,99157,100,101191,100,98870,100,101262,100,,,101319,100,,,101334,100,,
2019-06-28 10:13:00.000000000,100033,482,99844,482,100188,100,99690,100,100736,100,99493,100,101001,100,99411,100,101075,200,99157,100,101095,100,98870,100,101191,100,,,101262,100,,,101319,100,,,101334,100,,
2019-06-28 10:13:01.378951131,100033,482,99844,482,100188,100,99690,100,100736,100,99493,100,101001,100,99411,100,101075,200,99157,100,101095,100,98947,100,101191,100,98870,100,101262,100,,,101319,100,,,101334,100,,
2019-06-28 10:13:08.034559925,100033,482,99844,382,100188,100,99690,100,100736,100,99493,100,101001,100,99411,100,101075,200,99157,100,101095,100,98947,100,101191,100,98870,100,101262,100,,,101319,100,,,101334,100,,
2019-06-28 10:13:10.000000000,100033,230,99690,230,100188,226,99493,226,100736,226,99411,226,101001,100,99157,100,101075,200,98947,100,101095,100,98870,100,101191,100,,,101262,100,,,101319,100,,,101334,100,,
2019-06-28 10:13:18.758549902,100033,230,99690,230,100188,226,99493,226,100736,226,99411,226,101001,100,99157,100,101075,200,99080,100,101095,100,98947,100,101191,100,98870,100,101262,100,,,101319,100,,,101334,100,,
2019-06-28 10:13:20.000000000,100033,291,99690,291,100188,291,99493,291,100736,100,99411,100,101001,100,99157,100,101075,200,99080,100,101095,100,98947,100,101191,100,98870,100,101262,100,,,101319,100,,,101334,100,,
2019-06-28 10:13:20.772969442,100033,291,99690,191,100188,291,99493,291,100736,100,99411,100,101001,100,99157,100,101075,200,99080,100,101095,100,98947,100,101191,100,98870,100,101262,100,,,101319,100,,,101334,100,,
2019-06-28 10:13:30.000000000,100033,291,99493,291,100188,291,99411,291,100736,100,99157,100,101001,100,99080,100,101075,200,98947,100,101095,100,98870,100,101191,100,,,101262,100,,,101319,100,,,101334,100,,
2019-06-28 10:13:40.000000000,100033,196,99493,196,100188,196,99411,196,100736,196,99157,196,101001,196,99080,196,101075,200,98947,100,101095,100,98870,100,101191,100,,,101262,100,,,101319,100,,,101334,100,,
2019-06-28 10:13:49.942954816,100033,196,99493,196,100188,196,99411,196,100736,196,99157,196,101001,196,99080,196,101075,200,99038,100,101095,100,98947,100,101191,100,98870,100,101262,100,,,101319,100,,,101334,100,,
2019-06-28 10:13:50.000000000,100033,482,99493,482,100188,100,99411,100,100736,100,99157,100,101001,100,99080,100,101075,200,99038,100,101095,100,98947,100,101191,100,98870,100,101262,100,,,101319,100,,,101334,100,,
2019-06-28 10:13:57.587057761,100033,482,99493,382,100188,100,99411,100,100736,100,99157,100,101001,100,99080,100,101075,200,99038,100,101095,100,98947,100,101191,100,98870,100,101262,100,,,101319,100,,,101334,100,,
2019-06-28 10:14:00.000000000,100033,196,99411,196,100188,196,99157,196,100736,196,99080,196,101001,196,99038,196,101075,200,98947,100,101095,100,98870,100,101191,100,,,101262,100,,,101319,100,,,101334,100,,
2019-06-28 10:14:06.972105195,100033,196,99411,96,100188,196,99157,196,100736,196,99080,196,101001,196,99038,96,101075,200,98947,100,101095,100,98870,100,101191,100,,,101262,100,,,101319,100,,,101334,100,,
2019-06-28 10:14:10.000000000,100033,230,99157,230,100188,226,99080,226,100736,226,98947,226,101001,100,98870,100,101075,200,,,101095,100,,,101191,100,,,101262,100,,,101319,100,,,101334,100,,
2019-06-28 10:14:20.000000000,100033,230,99157,230,100188,226,99080,226,100736,226,98947,226,101001,100,98870,100,101075,200,,,101095,100,,,101191,100,,,101262,100,,,101319,100,,,101334,100,,
2019-06-28 10:14:30.000000000,100033,196,99157,196,100188,196,99080,196,100736,196,98947,196,101001,196,98870,196,101075,200,,,101095,100,,,101191,100,,,101262,100,,,101319,100,,,101334,100,,
2019-06-28 10:14:40.000000000,100033,196,99157,196,100188,196,99080,196,100736,196,98947,196,101001,196,98870,196,101075,200,,,101095,100,,,101191,100,,,101262,100,,,101319,100,,,101334,100,,
2019-06-28 10:14:50.000000000,100033,482,99157,482,100188,100,99080,100,100736,100,98947,100,101001,100,98870,100,101075,200,,,101095,100,,,101191,100,,,101262,100,,,101319,100,,,101334,100,,
2019-06-28 10:14:57.562791932,100033,482,99890,100,100188,100,99157,482,100736,100,99080,100,101001,100,98947,100,101075,200,98870,100,101095,100,,,101191,100,,,101262,100,,,101319,100,,,101334,100,,
2019-06-28 10:15:00.000000000,100033,230,99890,230,100188,226,99157,226,100736,226,99080,226,101001,100,98947,100,101075,200,98870,100,101095,100,,,101191,100,,,101262,100,,,101319,100,,,101334,100,,
2019-06-28 10:15:10.000000000,100033,176,99890,176,100188,176,99157,176,100736,176,99080,176,101001,176,98947,176,101075,276,98870,176,101095,100,,,101191,100,,,101262,100,,,101319,100,,,101334,100,,
2019-06-28 10:15:11.942091281,100033,176,99890,176,100188,176,99157,176,100236,100,99080,176,100736,176,98947,176,101001,176,98870,176,101075,276,,,101095,100,,,101191,100,,,101262,100,,,101319,100,,
2019-06-28 10:15:14.202281751,100033,76,99890,176,100188,176,99157,176,100236,100,99080,176,100736,176,98947,176,101001,176,98870,176,101075,276,,,101095,100,,,101191,100,,,101262,100,,,101334,100,,
2019-06-28 10:15:18.237809925,100033,76,99891,100,100188,176,99890,176,100236,100,99157,176,100736,176,99080,176,101001,176,98947,176,101075,276,98870,176,101095,100,,,101191,100,,,101262,100,,,101334,100,,
2019-06-28 10:15:20.000000000,100188,196,99891,196,100236,196,99890,196,100736,196,99157,196,101001,196,99080,196,101075,200,98947,100,101095,100,98870,100,101191,100,,,101262,100,,,101334,100,,,101364,100,,
2019-06-28 10:15:23.167554984,100188,196,99891,196,100236,196,99890,196,100736,196,99412,100,101001,196,99157,196,101075,200,99080,196,101095,100,98947,100,101191,100,98870,100,101262,100,,,101334,100,,,101364,100,,
2019-06-28 10:15:23.310376410,100188,196,99891,196,100236,196,99890,196,100513,100,99412,100,100736,196,99157,196,101001,196,99080,196,101075,200,98947,100,101095,100,98870,100,101191,100,,,101262,100,,,101334,100,,
2019-06-28 10:15:29.152523128,100188,196,99891,296,100236,196,99890,196,100513,100,99412,100,100736,196,99157,196,101001,196,99080,196,101075,200,98947,100,101095,100,98870,100,101191,100,,,101262,100,,,101334,100,,
2019-06-28 10:15:30.000000000,100188,176,99891,276,100236,176,99890,176,100513,176,99412,176,100736,176,99157,176,101001,176,99080,176,101075,200,98947,100,101095,100,98870,100,101191,100,,,101262,100,,,101334,100,,
2019-06-28 10:15:32.033681573,100188,176,99891,276,100236,176,99890,76,100513,176,99412,176,100527,100,99157,176,100736,176,99080,176,101001,176,98947,100,101075,200,98870,100,101095,100,,,101191,100,,,101262,100,,
2019-06-28 10:15:40.000000000,100188,176,99891,276,100236,176,99412,176,100513,176,99157,176,100527,176,99080,176,100736,176,98947,176,101001,100,98870,100,101075,200,,,101095,100,,,101191,100,,,101262,100,,
2019-06-28 10:15:41.326079127,100188,176,99891,376,100236,176,99412,176,100513,176,99157,176,100527,176,99080,176,100736,176,98947,176,101001,100,98870,100,101075,200,,,101095,100,,,101191,100,,,101262,100,,
2019-06-28 10:15:50.000000000,100188,196,99891,396,100236,196,99412,196,100513,196,99157,196,100527,196,99080,196,100736,100,98947,100,101001,100,98870,100,101075,200,,,101095,100,,,101191,100,,,101262,100,,
2019-06-28 10:16:00.000000000,100188,482,99891,682,100236,100,99412,100,100513,100,99157,100,100527,100,99080,100,100736,100,98947,100,101001,100,98870,100,101075,200,,,101095,100,,,101191,100,,,101262,100,,
2019-06-28 10:16:10.000000000,100188,230,99891,430,100236,226,99412,226,100513,226,99157,226,100527,100,99080,100,100736,100,98947,100,101001,100,98870,100,101075,200,,,101095,100,,,101191,100,,,101262,100,,
2019-06-28 10:16:20.000000000,100188,176,99891,376,100236,176,99412,176,100513,176,99157,176,100527,176,99080,176,100736,176,98947,176,101001,100,98870,100,101075,200,,,101095,100,,,101191,100,,,101262,100,,
2019-06-28 10:16:30.000000000,100188,482,99891,682,100236,100,99412,100,100513,100,99157,100,100527,100,99080,100,100736,100,98947,100,101001,100,98870,100,101075,200,,,101095,100,,,101191,100,,,101262,100,,
2019-06-28 10:16:39.251020712,99977,100,99891,682,100188,482,99412,100,100236,100,99157,100,100513,100,99080,100,100527,100,98947,100,100736,100,98870,100,101001,100,,,101075,200,,,101095,100,,,101191,100,,
2019-06-28 10:16:39.668686074,99977,100,99919,100,100188,482,99891,682,100236,100,99412,100,100513,100,99157,100,100527,100,99080,100,100736,100,98947,100,101001,100,98870,100,101075,200,,,101095,100,,,101191,100,,
2019-06-28 10:16:40.000000000,99977,176,99919,176,100188,176,99891,376,100236,176,99412,176,100513,176,99157,176,100527,176,99080,176,100736,100,98947,100,101001,100,98870,100,101075,200,,,101095,100,,,101191,100,,
2019-06-28 10:16:50.000000000,99977,482,99919,482,100188,100,99891,300,100236,100,99412,100,100513,100,99157,100,100527,100,99080,100,100736,100,98947,100,101001,100,98870,100,101075,200,,,101095,100,,,101191,100,,
2019-06-28 10:16:56.776467319,99977,482,99919,482,100188,100,99891,400,100236,100,99412,100,100513,100,99157,100,100527,100,99080,100,100736,100,98947,100,101001,100,98870,100,101075,200,,,101095,100,,,101191,100,,
2019-06-28 10:17:00.000000000,99977,196,99919,196,100188,196,99891,496,100236,196,99412,196,100513,196,99157,196,100527,100,99080,100,100736,100,98947,100,101001,100,98870,100,101075,200,,,101095,100,,,101191,100,,
2019-06-28 10:17:00.410629277,99977,196,99919,196,100188,196,99891,596,100236,196,99412,196,100513,196,99157,196,100527,100,99080,100,100736,100,98947,100,101001,100,98870,100,101075,200,,,101095,100,,,101191,100,,
2019-06-28 10:17:05.867769221,99977,196,99919,196,100188,196,99891,596,100236,196,99412,196,100350,100,99157,196,100513,196,99080,100,100527,100,98947,100,100736,100,98870,100,101001,100,,,101075,200,,,101095,100,,
2019-06-28 10:17:10.000000000,99977,291,99919,291,100188,291,99891,691,100236,100,99412,100,100350,100,99157,100,100513,100,99080,100,100527,100,98947,100,100736,100,98870,100,101001,100,,,101075,200,,,101095,100,,
2019-06-28 10:17:15.342537961,99977,291,99919,291,100188,291,99891,791,100236,100,99412,100,100350,100,99157,100,100513,100,99080,100,100527,100,98947,100,100736,100,98870,100,101001,100,,,101075,200,,,101095,100,,
2019-06-28 10:17:20.000000000,99977,196,99919,196,100188,196,99891,696,100236,196,99412,196,100350,196,99157,196,100513,100,99080,100,100527,100,98947,100,100736,100,98870,100,101001,100,,,101075,200,,,101095,100,,
2019-06-28 10:17:26.313799401,99977,96,99919,196,100188,196,99891,696,100236,196,99412,196,100350,196,99157,196,100513,100,99080,100,100527,100,98947,100,100736,100,98870,100,101001,100,,,101075,200,,,101095,100,,
2019-06-28 10:17:30.000000000,100188,291,99919,291,100236,291,99891,791,100350,100,99412,100,100513,100,99157,100,100527,100,99080,100,100736,100,98947,100,101001,100,98870,100,101075,200,,,101095,100,,,101191,100,,
2019-06-28 10:17:37.508370256,100188,291,99977,100,100236,291,99919,291,100350,100,99891,691,100513,100,99412,100,100527,100,99157,100,100736,100,99080,100,101001,100,98947,100,101075,200,98870,100,101095,100,,,101191,100,,
2019-06-28 10:17:38.527090663,100188,291,99977,100,100236,291,99919,291,100350,100,99891,691,100477,100,99412,100,100513,100,99157,100,100527,100,99080,100,100736,100,98947,100,101001,100,98870,100,101075,200,,,101095,100,,
2019-06-28 10:17:40.000000000,100188,482,99977,482,100236,100,99919,100,100350,100,99891,500,100477,100,99412,100,100513,100,99157,100,100527,100,99080,100,100736,100,98947,100,101001,100,98870,100,101075,200,,,101095,100,,
2019-06-28 10:17:41.928118471,100188,382,99977,482,100236,100,99919,100,100350,100,99891,500,100477,100,99412,100,100513,100,99157,100,100527,100,99080,100,100736,100,98947,100,101001,100,98870,100,101075,200,,,101095,100,,
2019-06-28 10:17:42.735698943,100188,382,99978,100,100236,100,99977,482,100350,100,99919,100,100477,100,99891,400,100513,100,99412,100,100527,100,99157,100,100736,100,99080,100,101001,100,98947,100,101075,200,98870,100,101095,100,,
2019-06-28 10:17:43.977622319,100188,382,99978,100,100236,100,99977,482,100291,100,99919,100,100350,100,99891,400,100477,100,99412,100,100513,100,99157,100,100527,100,99080,100,100736,100,98947,100,101001,100,98870,100,101075,200,,
2019-06-28 10:17:45.939794117,100188,382,99978,100,100236,100,99977,482,100291,100,99953,100,100350,100,99919,100,100477,100,99891,400,100513,100,99412,100,100527,100,99080,100,100736,100,98947,100,101001,100,98870,100,101075,200,,
2019-06-28 10:17:50.000000000,100236,176,99978,176,100291,176,99977,176,100350,176,99953,176,100477,176,99919,176,100513,176,99891,476,100527,100,99412,100,100736,100,99080,100,101001,100,98947,100,101075,200,98870,100,101095,100,,
2019-06-28 10:18:00.000000000,100236,230,99978,230,100291,226,99977,226,100350,226,99953,226,100477,100,99919,100,100513,100,99891,400,100527,100,99412,100,100736,100,99080,100,101001,100,98947,100,101075,200,98870,100,101095,100,,
2019-06-28 10:18:00.211944424,100236,230,99978,330,100291,226,99977,226,100350,226,99953,226,100477,100,99919,100,100513,100,99891,300,100527,100,99412,100,100736,100,99080,100,101001,100,98947,100,101075,200,98870,100,101095,100,,
2019-06-28 10:18:02.030857488,100236,230,100214,100,100291,226,99978,330,100350,226,99977,226,100477,100,99953,226,100513,100,99919,100,100527,100,99891,300,100736,100,99412,100,101001,100,99080,100,101075,200,98947,100,101095,100,98870,100
2019-06-28 10:18:07.756836137,100236,130,100214,100,100291,226,99978,330,100350,226,99977,226,100513,100,99953,226,100527,100,99919,100,100736,100,99891,300,101001,100,99412,100,101075,200,99080,100,101095,100,98947,100,101191,100,98870,100
2019-06-28 10:18:10.000000000,100291,291,100214,291,100350,291,99978,391,100513,100,99977,100,100527,100,99953,100,100736,100,99919,100,101001,100,99891,300,101075,200,99412,100,101095,100,99080,100,101191,100,98947,100,101262,100,98870,100
2019-06-28 10:18:11.371681410,100291,291,100214,291,100350,291,99978,391,100403,100,99977,100,100513,100,99953,100,100527,100,99919,100,100736,100,99891,300,101001,100,99412,100,101075,200,99080,100,101095,100,98947,100,101191,100,98870,100
2019-06-28 10:18:19.246680109,100291,191,100214,291,100350,291,99978,391,100403,100,99977,100,100513,100,99953,100,100527,100,99919,100,100736,100,99891,300,101001,100,99412,100,101075,200,99080,100,101095,100,98947,100,101191,100,98870,100
2019-06-28 10:18:20.000000000,100350,196,100214,196,100403,196,99978,296,100513,196,99977,196,100527,196,99953,196,100736,100,99919,100,101001,100,99891,300,101075,200,99412,100,101095,100,99080,100,101191,100,98947,100,101262,100,98870,100
2019-06-28 10:18:21.227371748,100350,96,100214,196,100403,196,99978,296,100513,196,99977,196,100527,196,99953,196,100736,100,99919,100,101001,100,99891,300,101075,200,99412,100,101095,100,99080,100,101191,100,98947,100,101262,100,98870,100
2019-06-28 10:18:21.736412264,100350,96,100323,100,100403,96,100214,196,100513,196,99978,296,100527,196,99977,196,100736,100,99953,196,101001,100,99919,100,101075,200,99891,300,101095,100,99412,100,101191,100,99080,100,101262,100,98947,100
2019-06-28 10:18:30.000000000,100513,291,100323,291,100527,291,100214,291,100736,100,99978,200,101001,100,99977,100,101075,200,99953,100,101095,100,99919,100,101191,100,99891,300,101262,100,99412,100,101334,100,99080,100,101364,100,98947,100
2019-06-28 10:18:40.000000000,100513,196,100323,196,100527,196,100214,196,100736,196,99978,296,101001,196,99977,196,101075,200,99953,100,101095,100,99919,100,101191,100,99891,300,101262,100,99412,100,101334,100,99080,100,101364,100,98947,100
2019-06-28 10:18:40.191488101,100513,196,100323,196,100527,196,100214,196,100736,196,99978,296,101001,196,99977,196,101075,200,99953,100,101095,100,99919,100,101191,100,99891,300,101262,100,99080,100,101334,100,98947,100,101364,100,98870,100
2019-06-28 10:18:50.000000000,100513,230,100323,230,100527,226,100214,226,100736,226,99978,326,101001,100,99977,100,101075,200,99953,100,101095,100,99919,100,101191,100,99891,300,101262,100,99080,100,101334,100,98947,100,101364,100,98870,100
2019-06-28 10:18:58.304113351,100513,230,100366,100,100527,226,100323,230,100736,226,100214,126,101001,100,99978,326,101075,200,99977,100,101095,100,99953,100,101191,100,99919,100,101262,100,99891,300,101334,100,99080,100,101364,100,98947,100
2019-06-28 10:19:00.000000000,100513,291,100366,291,100527,291,100323,291,100736,100,99978,200,101001,100,99977,100,101075,200,99953,100,101095,100,99919,100,101191,100,99891,300,101262,100,99080,100,101334,100,98947,100,101364,100,98870,100
2019-06-28 10:19:03.630402093,100513,291,100366,291,100527,291,100323,291,100736,100,100212,100,101001,100,99978,200,101075,200,99977,100,101095,100,99953,100,101191,100,99919,100,101262,100,99891,300,101334,100,99080,100,101364,100,98870,100
2019-06-28 10:19:05.852083111,100513,191,100366,291,100527,291,100323,291,100736,100,100212,100,101001,100,99978,200,101075,200,99977,100,101095,100,99953,100,101191,100,99919,100,101262,100,99891,300,101334,100,99080,100,101364,100,98870,100
2019-06-28 10:19:10.000000000,100527,291,100366,291,100736,291,100323,291,101001,100,100212,100,101075,200,99978,200,101095,100,99977,100,101191,100,99953,100,101262,100,99919,100,101334,100,99891,300,101364,100,99080,100,101424,100,98870,100
2019-06-28 10:19:18.128405672,100527,291,100366,191,100736,291,100323,291,101001,100,100212,100,101075,200,99978,200,101095,100,99977,100,101191,100,99953,100,101334,100,99919,100,101364,100,99891,300,101424,100,99080,100,101720,100,98870,100
2019-06-28 10:19:20.000000000,100527,482,100323,482,100736,100,100212,100,101001,100,99978,200,101075,200,99977,100,101095,100,99953,100,101191,100,99919,100,101334,100,99891,300,101364,100,99080,100,101424,100,98870,100,101720,100,,
2019-06-28 10:19:20.107235543,100512,100,100323,482,100527,482,100212,100,100736,100,99978,200,101001,100,99977,100,101075,200,99953,100,101095,100,99919,100,101191,100,99891,300,101334,100,99080,100,101364,100,98870,100,101424,100,,
2019-06-28 10:19:30.000000000,100512,196,100323,196,100527,196,100212,196,100736,196,99978,296,101001,196,99977,196,101075,200,99953,100,101095,100,99919,100,101191,100,99891,300,101334,100,99080,100,101364,100,98870,100,101424,100,,
2019-06-28 10:19:40.000000000,100512,291,100323,291,100527,291,100212,291,100736,100,99978,200,101001,100,99977,100,101075,200,99953,100,101095,100,99919,100,101191,100,99891,300,101334,100,99080,100,101364,100,98870,100,101424,100,,
2019-06-28 10:19:50.000000000,100512,230,100323,230,100527,226,100212,226,100736,226,99978,326,101001,100,99977,100,101075,200,99953,100,101095,100,99919,100,101191,100,99891,300,101334,100,99080,100,101364,100,98870,100,101424,100,,
2019-06-28 10:20:00.000000000,100512,196,100323,196,100527,196,100212,196,100736,196,99978,296,101001,196,99977,196,101075,200,99953,100,101095,100,99919,100,101191,100,99891,300,101334,100,99080,100,101364,100,98870,100,101424,100,,
2019-06-28 10:20:10.000000000,100512,176,100323,176,100527,176,100212,176,100736,176,99978,276,101001,176,99977,176,101075,276,99953,176,101095,100,99919,100,101191,100,99891,300,101334,100,99080,100,101364,100,98870,100,101424,100,,
2019-06-28 10:20:17.727656999,100512,176,100323,76,100527,176,100212,176,100736,176,99978,276,101001,176,99977,176,101075,276,99953,176,101095,100,99919,100,101191,100,99891,300,101334,100,99080,100,101364,100,98870,100,101424,100,,
2019-06-28 10:20:20.000000000,100512,230,100212,230,100527,226,99978,326,100736,226,99977,226,101001,100,99953,100,101075,200,99919,100,101095,100,99891,300,101191,100,99080,100,101334,100,98870,100,101364,100,,,101424,100,,
2019-06-28 10:20:30.000000000,100512,230,100212,230,100527,226,99978,326,100736,226,99977,226,101001,100,99953,100,101075,200,99919,100,101095,100,99891,300,101191,100,99080,100,101334,100,98870,100,101364,100,,,101424,100,,
2019-06-28 10:20:40.000000000,100512,482,100212,482,100527,100,99978,200,100736,100,99977,100,101001,100,99953,100,101075,200,99919,100,101095,100,99891,300,101191,100,99080,100,101334,100,98870,100,101364,100,,,101424,100,,
2019-06-28 10:20:50.000000000,100512,291,100212,291,100527,291,99978,391,100736,100,99977,100,101001,100,99953,100,101075,200,99919,100,101095,100,99891,300,101191,100,99080,100,101334,100,98870,100,101364,100,,,101424,100,,
2019-06-28 10:21:00.000000000,100512,62,100212,196,100527,196,99978,296,100736,196,99977,196,101001,196,99953,196,101075,200,99919,100,101095,100,99891,300,101191,100,99080,100,101334,100,98870,100,101364,100,,,101424,100,,
2019-06-28 10:21:10.000000000,100527,482,100212,482,100736,100,99978,200,101001,100,99977,100,101075,200,99953,100,101095,100,99919,100,101191,100,99891,300,101334,100,99080,100,101364,100,98870,100,101424,100,,,101744,100,,
2019-06-28 10:21:20.000000000,100527,482,100212,482,100736,100,99978,200,101001,100,99977,100,101075,200,99953,100,101095,100,99919,100,101191,100,99891,300,101334,100,99080,100,101364,100,98870,100,101424,100,,,101744,100,,
2019-06-28 10:21:25.849482719,100527,482,100212,382,100736,100,99978,200,101001,100,99977,100,101075,200,99953,100,101095,100,99919,100,101191,100,99891,300,101334,100,99080,100,101364,100,98870,100,101424,100,,,101744,100,,
2019-06-28 10:21:30.000000000,100527,196,99978,296,100736,196,99977,196,101001,196,99953,196,101075,296,99919,196,101095,100,99891,300,101191,100,99080,100,101334,100,98870,100,101364,100,,,101424,100,,,101744,100,,
2019-06-28 10:21:31.079203133,100527,196,99978,296,100736,196,99977,196,101001,196,99953,196,101075,296,99919,196,101095,100,99891,300,101191,100,99724,100,101334,100,99080,100,101364,100,98870,100,101424,100,,,101744,100,,
2019-06-28 10:21:40.000000000,100527,230,99978,330,100736,226,99977,226,101001,226,99953,226,101075,200,99919,100,101095,100,99891,300,101191,100,99724,100,101334,100,99080,100,101364,100,98870,100,101424,100,,,101744,100,,
2019-06-28 10:21:50.000000000,100527,176,99978,276,100736,176,99977,176,101001,176,99953,176,101075,276,99919,176,101095,176,99891,376,101191,100,99724,100,101334,100,99080,100,101364,100,98870,100,101424,100,,,101744,100,,
2019-06-28 10:21:57.424721097,100527,176,99978,276,100736,176,99977,176,101001,176,99953,176,101075,276,99919,176,101095,176,99891,376,101191,100,99724,100,101334,100,99147,100,101364,100,99080,100,101424,100,98870,100,101744,100,,
2019-06-28 10:21:57.811175394,100527,176,99978,176,100736,176,99977,176,101001,176,99953,176,101075,276,99919,176,101095,176,99891,376,101191,100,99724,100,101334,100,99147,100,101364,100,99080,100,101424,100,98870,100,101744,100,,
2019-06-28 10:22:00.000000000,100527,42,99978,176,100736,176,99977,176,101001,176,99953,176,101075,276,99919,176,101095,176,99891,376,101191,100,99724,100,101334,100,99147,100,101364,100,99080,100,101424,100,98870,100,101744,100,,
2019-06-28 10:22:10.000000000,100736,176,99978,176,101001,176,99977,176,101075,276,99953,176,101095,176,99919,176,101191,176,99891,376,101334,100,99724,100,101364,100,99147,100,101424,100,99080,100,101744,100,98870,100,,,,
2019-06-28 10:22:17.688209435,100736,176,99978,76,101001,176,99977,176,101075,276,99953,176,101095,176,99919,176,101191,76,99891,376,101334,100,99724,100,101364,100,99147,100,101424,100,99080,100,101744,100,98870,100,,,,
2019-06-28 10:22:20.000000000,100736,482,99977,482,101001,100,99953,100,101075,200,99919,100,101095,100,99891,300,101334,100,99724,100,101364,100,99147,100,101424,100,99080,100,101744,100,98870,100,,,,,,,,
2019-06-28 10:22:25.429547670,100736,482,99977,382,101001,100,99953,100,101075,200,99919,100,101095,100,99891,300,101334,100,99147,100,101364,100,99080,100,101424,100,98870,100,101744,100,,,,,,,,,,
2019-06-28 10:22:29.824438713,100736,482,99977,282,101001,100,99953,100,101075,200,99919,100,101095,100,99891,300,101334,100,99147,100,101364,100,99080,100,101424,100,98870,100,101744,100,,,,,,,,,,
2019-06-28 10:22:30.000000000,100736,196,99953,196,101001,196,99919,196,101075,296,99891,396,101095,196,99147,196,101334,100,99080,100,101364,100,98870,100,101424,100,,,101744,100,,,,,,,,,,
2019-06-28 10:22:34.161335263,100736,196,99953,96,101001,196,99919,196,101075,296,99891,396,101095,196,99147,196,101334,100,99080,100,101364,100,98870,100,101424,100,,,101744,100,,,,,,,,,,
2019-06-28 10:22:36.859059299,99953,4,99919,196,100736,196,99891,396,101001,196,99147,196,101075,296,99080,100,101095,196,98870,100,101334,100,,,101364,100,,,101424,100,,,101744,100,,,,,,
2019-06-28 10:22:37.232208404,99953,4,99919,96,100736,196,99891,396,101001,96,99147,196,101075,296,99080,100,101095,196,98870,100,101334,100,,,101364,100,,,101424,100,,,101744,100,,,,,,
2019-06-28 10:22:40.000000000,99953,386,99891,682,100736,100,99147,100,101075,200,99080,100,101095,100,98870,100,101334,100,,,101364,100,,,101424,100,,,101744,100,,,,,,,,,,
2019-06-28 10:22:41.496800613,99953,386,99891,582,100736,100,99147,100,101075,200,99080,100,101095,100,98870,100,101334,100,,,101364,100,,,101424,100,,,101744,100,,,,,,,,,,
2019-06-28 10:22:50.000000000,99953,80,99891,276,100736,176,99147,176,101075,276,99080,176,101095,176,98870,176,101334,176,98869,76,101364,100,,,101424,100,,,101744,100,,,,,,,,,,
2019-06-28 10:23:00.000000000,100736,162,99891,296,101075,296,99147,196,101095,196,99080,196,101334,100,98870,196,101364,100,,,101424,100,,,101744,100,,,,,,,,,,,,,,
2019-06-28 10:23:05.417307634,100736,262,99891,296,101075,296,99147,196,101095,196,99080,196,101334,100,98870,196,101364,100,,,101424,100,,,101744,100,,,,,,,,,,,,,,
2019-06-28 10:23:10.000000000,100736,357,99891,391,101075,391,99147,291,101095,100,99080,100,101334,100,98870,100,101364,100,,,101424,100,,,101744,100,,,,,,,,,,,,,,
2019-06-28 10:23:20.000000000,100736,296,99891,330,101075,326,99147,226,101095,226,99080,226,101334,100,98870,100,101364,100,,,101424,100,,,101744,100,,,,,,,,,,,,,,
2019-06-28 10:23:30.000000000,100736,357,99891,391,101075,391,99147,291,101095,100,99080,100,101334,100,98870,100,101364,100,,,101424,100,,,101744,100,,,,,,,,,,,,,,
2019-06-28 10:23:40.000000000,100736,262,99891,296,101075,296,99147,196,101095,196,99080,196,101334,196,98870,196,101364,100,,,101424,100,,,101744,100,,,,,,,,,,,,,,
2019-06-28 10:23:44.993114671,100736,262,99891,196,101075,296,99147,196,101095,196,99080,196,101334,196,98870,196,101364,100,,,101424,100,,,101744,100,,,,,,,,,,,,,,
2019-06-28 10:23:50.000000000,100736,548,99891,482,101075,200,99147,100,101095,100,99080,100,101334,100,98870,100,101364,100,,,101424,100,,,101744,100,,,,,,,,,,,,,,
2019-06-28 10:24:00.000000000,100736,162,99891,230,101075,326,99147,226,101095,226,99080,226,101334,100,98870,100,101364,100,,,101424,100,,,101744,100,,,,,,,,,,,,,,
2019-06-28 10:24:10.000000000,100736,223,99891,291,101075,391,99147,291,101095,100,99080,100,101334,100,98870,100,101364,100,,,101424,100,,,101744,100,,,,,,,,,,,,,,
2019-06-28 10:24:20.000000000,100736,108,99891,176,101075,276,99147,176,101095,176,99080,176,101334,176,98870,176,101364,176,98869,76,101424,100,,,101744,100,,,,,,,,,,,,,,
2019-06-28 10:24:30.000000000,100736,162,99891,230,101075,326,99147,226,101095,226,99080,226,101334,100,98870,100,101364,100,,,101424,100,,,101744,100,,,,,,,,,,,,,,
2019-06-28 10:24:32.583436823,100736,162,99891,230,101075,326,99609,100,101095,226,99147,226,101334,100,99080,226,101364,100,98870,100,101424,100,,,101744,100,,,,,,,,,,,,,,
2019-06-28 10:24:40.000000000,100736,108,99891,176,101075,276,99609,176,101095,176,99147,176,101334,176,99080,176,101364,176,98870,176,101424,100,,,101744,100,,,,,,,,,,,,,,
2019-06-28 10:24:42.327679212,100736,108,99891,176,101075,276,99609,176,101095,176,99147,176,101334,176,99135,100,101364,176,99080,176,101424,100,98870,176,101744,100,,,,,,,,,,,,,,
2019-06-28 10:24:50.000000000,100736,108,99891,176,101075,276,99609,176,101095,176,99147,176,101334,176,99135,176,101364,176,99080,176,101424,100,98870,100,101744,100,,,,,,,,,,,,,,
2019-06-28 10:24:56.984424002,100736,208,99891,176,101075,276,99609,176,101095,176,99147,176,101334,176,99135,176,101364,176,99080,176,101424,100,98870,100,101744,100,,,,,,,,,,,,,,
2019-06-28 10:25:00.000000000,100736,262,99891,96,101075,326,99609,226,101095,226,99147,226,101334,100,99135,100,101364,100,99080,100,101424,100,98870,100,101744,100,,,,,,,,,,,,,,
2019-06-28 10:25:00.274231564,99891,4,99609,226,100736,262,99147,226,101075,326,99135,100,101095,226,99080,100,101334,100,98870,100,101364,100,,,101424,100,,,101744,100,,,,,,,,,,
2019-06-28 10:25:04.821373589,99891,4,99609,126,100736,262,99147,226,101075,326,99135,100,101095,226,99080,100,101334,100,98870,100,101364,100,,,101424,100,,,101744,100,,,,,,,,,,
2019-06-28 10:25:05.912595410,99732,100,99609,126,99891,4,99147,226,100736,262,99135,100,101075,326,99080,100,101095,226,98870,100,101334,100,,,101364,100,,,101424,100,,,101744,100,,,,,,
2019-06-28 10:25:10.000000000,99732,230,99147,230,99891,130,99135,226,100736,258,99080,226,101075,200,98870,100,101095,100,,,101334,100,,,101364,100,,,101424,100,,,101744,100,,,,,,
2019-06-28 10:25:17.845074917,99457,100,99147,230,99732,230,99135,226,99891,130,99080,226,100736,258,98870,100,101075,200,,,101095,100,,,101334,100,,,101364,100,,,101424,100,,,101744,100,,
2019-06-28 10:25:20.000000000,99457,176,99147,176,99732,176,99135,176,99891,80,99080,176,100736,208,98870,176,101075,276,98869,76,101095,100,,,101334,100,,,101364,100,,,101424,100,,,101744,100,,
2019-06-28 10:25:24.031378198,99457,176,99147,176,99722,100,99135,176,99732,176,99080,176,99891,80,98870,176,100736,208,98869,76,101075,276,,,101095,100,,,101334,100,,,101364,100,,,101424,100,,
2019-06-28 10:25:24.131411492,99457,176,99321,100,99722,100,99147,176,99732,176,99135,176,99891,80,99080,176,100736,208,98870,176,101075,276,98869,76,101095,100,,,101334,100,,,101364,100,,,101424,100,,
2019-06-28 10:25:30.000000000,99457,230,99321,230,99722,226,99147,226,99732,226,99135,226,99891,4,99080,100,100736,132,98870,100,101075,200,,,101095,100,,,101334,100,,,101364,100,,,101424,100,,
2019-06-28 10:25:40.000000000,99457,291,99321,291,99722,291,99147,291,99732,100,99135,100,99891,4,99080,100,100736,132,98870,100,101075,200,,,101095,100,,,101334,100,,,101364,100,,,101424,100,,
2019-06-28 10:25:50.000000000,99457,176,99321,176,99722,176,99147,176,99732,176,99135,176,99891,80,99080,176,100736,208,98870,176,101075,200,,,101095,100,,,101334,100,,,101364,100,,,101424,100,,
2019-06-28 10:25:58.231570463,99457,176,99321,76,99722,176,99147,176,99732,176,99135,176,99891,80,99080,176,100736,208,98870,176,101075,200,,,101095,100,,,101334,100,,,101364,100,,,101424,100,,
2019-06-28 10:26:00.000000000,99457,176,99147,42,99722,176,99135,176,99732,176,99080,176,99891,80,98870,176,100736,208,98869,76,101075,200,,,101095,100,,,101334,100,,,101364,100,,,101424,100,,
2019-06-28 10:26:05.988626620,99405,100,99147,42,99457,176,99135,176,99722,176,99080,176,99732,176,98870,176,99891,80,98869,76,100736,208,,,101075,200,,,101095,100,,,101334,100,,,101364,100,,
2019-06-28 10:26:08.015401882,99271,100,99147,42,99405,100,99135,176,99457,176,99080,76,99722,176,98870,176,99732,176,98869,76,99891,80,,,100736,208,,,101075,200,,,101095,100,,,101334,100,,
2019-06-28 10:26:10.000000000,99271,230,99135,230,99405,226,98870,226,99457,226,98869,126,99722,100,,,99732,100,,,99891,4,,,100736,132,,,101075,200,,,101095,100,,,101334,100,,
2019-06-28 10:26:16.373762231,99271,230,99147,100,99405,226,99135,230,99457,226,98870,226,99722,100,98869,126,99732,100,,,99891,4,,,100736,132,,,101075,200,,,101095,100,,,101334,100,,
2019-06-28 10:26:20.000000000,99271,482,99147,482,99405,100,99135,100,99457,100,98870,100,99722,100,,,99732,100,,,99891,4,,,100736,132,,,101075,200,,,101095,100,,,101334,100,,
2019-06-28 10:26:30.000000000,99271,176,99147,176,99405,176,99135,176,99457,176,98870,176,99722,176,98869,76,99732,176,,,99891,4,,,100736,132,,,101075,200,,,101095,100,,,101334,100,,
2019-06-28 10:26:35.702534961,99271,176,99147,176,99405,276,99135,176,99457,176,98870,176,99722,176,98869,76,99732,176,,,99891,4,,,100736,132,,,101075,200,,,101095,100,,,101334,100,,
2019-06-28 10:26:36.638960202,99271,176,99147,276,99405,276,99135,176,99457,176,98870,176,99722,176,98869,76,99732,176,,,99891,4,,,100736,132,,,101075,200,,,101095,100,,,101334,100,,
2019-06-28 10:26:40.000000000,99271,482,99147,582,99405,200,99135,100,99457,100,98870,100,99722,100,,,99732,100,,,99891,4,,,100736,132,,,101075,200,,,101095,100,,,101334,100,,
2019-06-28 10:26:42.709083303,99271,482,99147,582,99405,200,99135,100,99457,100,98870,100,99700,100,,,99722,100,,,99732,100,,,99891,4,,,100736,132,,,101075,200,,,101095,100,,
2019-06-28 10:26:50.000000000,99271,196,99147,296,99405,296,99135,196,99457,196,98870,196,99700,196,98869,96,99722,100,,,99732,100,,,99891,4,,,100736,132,,,101075,200,,,101095,100,,
2019-06-28 10:27:00.000000000,99271,230,99147,196,99405,326,99135,226,99457,226,98870,226,99700,100,,,99722,100,,,99732,100,,,99891,4,,,100736,132,,,101075,200,,,101095,100,,
2019-06-28 10:27:10.000000000,99271,196,99147,162,99405,296,99135,196,99457,196,98870,196,99700,196,98869,96,99722,100,,,99732,100,,,99891,4,,,100736,132,,,101075,200,,,101095,100,,
2019-06-28 10:27:18.477566089,99271,196,99147,162,99405,296,99135,196,99457,196,98870,196,99700,196,98869,96,99722,100,,,99732,100,,,99891,4,,,100736,100,,,101075,200,,,101095,100,,
2019-06-28 10:27:20.000000000,99271,196,99147,162,99405,296,99135,196,99457,196,98870,196,99700,196,98869,96,99722,100,,,99732,100,,,99891,4,,,100736,100,,,101075,200,,,101095,100,,
2019-06-28 10:27:20.791236655,99271,196,99147,96,99405,296,99135,196,99457,196,98870,196,99700,196,98869,96,99722,100,,,99732,100,,,99891,4,,,100736,100,,,101075,200,,,101095,100,,
2019-06-28 10:27:21.694963687,99271,196,99147,96,99405,296,99135,196,99457,196,99038,100,99700,196,98870,196,99722,100,98869,96,99732,100,,,99891,4,,,100736,100,,,101075,200,,,101095,100,,
2019-06-28 10:27:30.000000000,99271,196,99135,196,99405,296,99038,196,99457,196,98870,196,99700,196,98869,96,99722,100,,,99732,100,,,99891,4,,,100736,100,,,101075,200,,,101095,100,,
2019-06-28 10:27:40.000000000,99271,291,99135,291,99405,391,99038,291,99457,100,98870,100,99700,100,,,99722,100,,,99732,100,,,99891,4,,,100736,100,,,101075,200,,,101095,100,,
2019-06-28 10:27:45.857266917,99271,291,99135,291,99405,391,99038,291,99457,100,98870,100,99647,100,,,99700,100,,,99722,100,,,99732,100,,,99891,4,,,100736,100,,,101075,200,,
2019-06-28 10:27:50.000000000,99271,482,99135,482,99405,200,99038,100,99457,100,98870,100,99647,100,,,99700,100,,,99722,100,,,99732,100,,,99891,4,,,100736,100,,,101075,200,,
2019-06-28 10:28:00.000000000,99271,482,99135,348,99405,200,99038,100,99457,100,98870,100,99647,100,,,99700,100,,,99722,100,,,99732,100,,,99891,4,,,100736,100,,,101075,200,,
2019-06-28 10:28:08.811499958,99271,382,99135,348,99405,200,99038,100,99457,100,98870,100,99647,100,,,99700,100,,,99722,100,,,99732,100,,,99891,4,,,100736,100,,,101075,200,,
2019-06-28 10:28:08.895417132,99271,282,99135,348,99405,200,99038,100,99457,100,98870,100,99647,100,,,99700,100,,,99722,100,,,99732,100,,,99891,4,,,100736,100,,,101075,200,,
2019-06-28 10:28:10.000000000,99405,582,99038,482,99457,100,98870,100,99647,100,,,99700,100,,,99722,100,,,99732,100,,,99891,4,,,100736,100,,,101075,200,,,101095,100,,
2019-06-28 10:28:15.078473243,99271,100,99038,482,99405,582,98870,100,99457,100,,,99647,100,,,99700,100,,,99722,100,,,99732,100,,,99891,4,,,100736,100,,,101075,200,,
2019-06-28 10:28:20.000000000,99271,230,99038,230,99405,326,98870,226,99457,226,98869,126,99647,100,,,99700,100,,,99722,100,,,99732,100,,,99891,4,,,100736,100,,,101075,200,,
2019-06-28 10:28:30.000000000,99271,196,99038,196,99405,296,98870,196,99457,196,98869,96,99647,196,,,99700,100,,,99722,100,,,99732,100,,,99891,4,,,100736,100,,,101075,200,,
2019-06-28 10:28:30.337869455,99271,196,99038,196,99405,296,98870,196,99457,96,98869,96,99515,100,,,99647,196,,,99700,100,,,99722,100,,,99732,100,,,99891,4,,,100736,100,,
2019-06-28 10:28:34.597859065,99271,96,99038,196,99405,296,98870,196,99457,96,98869,96,99515,100,,,99647,96,,,99700,100,,,99722,100,,,99732,100,,,99891,4,,,100736,100,,
2019-06-28 10:28:40.000000000,99405,296,99038,196,99515,196,98870,196,99700,196,98869,96,99722,196,,,99732,100,,,99891,4,,,100736,100,,,101075,200,,,101095,100,,,101334,100,,
2019-06-28 10:28:49.770022426,99405,196,99038,196,99515,196,98870,196,99700,196,98869,96,99722,196,,,99732,100,,,100736,100,,,101075,200,,,101095,100,,,101334,100,,,101364,100,,
2019-06-28 10:28:50.000000000,99405,482,99038,482,99515,100,98870,100,99700,100,,,99722,100,,,99732,100,,,100736,100,,,101075,200,,,101095,100,,,101334,100,,,101364,100,,
2019-06-28 10:28:50.489047931,99405,482,99038,482,99515,100,98870,100,99700,100,,,99722,100,,,99732,100,,,99856,100,,,100736,100,,,101075,200,,,101095,100,,,101334,100,,
2019-06-28 10:29:00.000000000,99405,176,99038,42,99515,176,98870,176,99700,176,98869,76,99722,176,,,99732,176,,,99856,100,,,100736,100,,,101075,200,,,101095,100,,,101334,100,,
2019-06-28 10:29:08.847741721,99405,76,99038,42,99515,176,98870,176,99700,176,98869,76,99722,176,,,99732,176,,,99856,100,,,100736,100,,,101075,200,,,101095,100,,,101334,100,,
2019-06-28 10:29:09.458002886,99515,176,99405,24,99700,176,99038,42,99722,176,98870,176,99732,176,98869,76,99856,100,,,100736,100,,,101075,200,,,101095,100,,,101334,100,,,101364,100,,
2019-06-28 10:29:10.000000000,99515,291,99405,215,99700,291,98870,291,99722,100,,,99732,100,,,99856,100,,,100736,100,,,101075,200,,,101095,100,,,101334,100,,,101364,100,,
2019-06-28 10:29:10.489400352,99515,191,99405,215,99700,291,98870,291,99722,100,,,99732,100,,,100736,100,,,101075,200,,,101095,100,,,101334,100,,,101364,100,,,101424,100,,
2019-06-28 10:29:13.610355808,99515,191,99406,100,99700,291,99405,215,99722,100,98870,291,99732,100,,,100736,100,,,101075,200,,,101095,100,,,101334,100,,,101364,100,,,101424,100,,
2019-06-28 10:29:20.000000000,99700,176,99406,176,99722,176,99405,100,99732,176,98870,176,100736,176,98869,76,101075,276,,,101095,100,,,101334,100,,,101364,100,,,101424,100,,,,,,
2019-06-28 10:29:24.953564916,99700,176,99406,176,99722,176,99405,100,99732,176,98870,176,100283,100,98869,76,100736,176,,,101075,276,,,101095,100,,,101334,100,,,101364,100,,,101424,100,,
2019-06-28 10:29:29.736319357,99700,76,99406,176,99722,76,99405,100,99732,176,98870,176,100283,100,98869,76,100736,176,,,101075,276,,,101095,100,,,101334,100,,,101364,100,,,101424,100,,
2019-06-28 10:29:30.000000000,99732,482,99406,482,100283,100,99405,24,100736,100,98870,100,101075,200,,,101095,100,,,101334,100,,,101364,100,,,101424,100,,,,,,,,,,
2019-06-28 10:29:38.173995660,99732,382,99406,482,100283,100,99405,24,100736,100,98870,100,101075,200,,,101095,100,,,101334,100,,,101364,100,,,101424,100,,,,,,,,,,
2019-06-28 10:29:38.756228658,99732,382,99406,482,100142,100,99405,24,100283,100,98870,100,100736,100,,,101075,200,,,101095,100,,,101334,100,,,101364,100,,,101424,100,,,,,,
2019-06-28 10:29:40.000000000,100142,291,99406,291,100283,291,99405,215,100736,100,98870,100,101075,200,,,101095,100,,,101334,100,,,101364,100,,,101424,100,,,,,,,,,,
2019-06-28 10:29:49.557855220,100142,291,99828,100,100283,291,99406,291,100736,100,99405,215,101075,200,98870,100,101095,100,,,101334,100,,,101364,100,,,101424,100,,,,,,,,,,
2019-06-28 10:29:50.000000000,100142,196,99828,196,100283,196,99406,196,100736,196,99405,120,101075,296,98870,196,101095,100,,,101334,100,,,101364,100,,,101424,100,,,,,,,,,,
2019-06-28 10:29:50.335777486,100142,196,99828,196,100283,196,99700,100,100736,196,99406,196,101075,296,99405,120,101095,100,98870,196,101334,100,,,101364,100,,,101424,100,,,,,,,,,,
2019-06-28 10:30:00.000000000,100142,176,99828,42,100283,176,99700,176,100736,176,99406,176,101075,276,99405,100,101095,176,98870,176,101334,100,,,101364,100,,,101424,100,,,,,,,,,,
2019-06-28 10:30:10.000000000,100142,482,99700,482,100283,100,99406,100,100736,100,99405,24,101075,200,98870,100,101095,100,,,101334,100,,,101364,100,,,101424,100,,,,,,,,,,
2019-06-28 10:30:20.000000000,100142,176,99700,176,100283,176,99406,176,100736,176,99405,100,101075,276,98870,176,101095,176,98869,76,101334,100,,,101364,100,,,101424,100,,,,,,,,,,
2019-06-28 10:30:20.410339322,99828,100,99700,176,100142,176,99406,176,100283,176,99405,100,100736,176,98870,176,101075,276,98869,76,101095,176,,,101334,100,,,101364,100,,,101424,100,,,,,,
2019-06-28 10:30:30.000000000,99828,482,99700,482,100142,100,99406,100,100283,100,99405,24,100736,100,98870,100,101075,200,,,101095,100,,,101334,100,,,101364,100,,,101424,100,,,,,,
2019-06-28 10:30:40.000000000,99828,482,99700,482,100142,100,99406,100,100283,100,99405,24,100736,100,98870,100,101075,200,,,101095,100,,,101334,100,,,101364,100,,,101424,100,,,,,,
2019-06-28 10:30:50.000000000,99828,230,99700,230,100142,226,99406,226,100283,226,99405,150,100736,100,98870,100,101075,200,,,101095,100,,,101334,100,,,101364,100,,,101424,100,,,,,,
2019-06-28 10:31:00.000000000,99828,291,99700,157,100142,291,99406,291,100283,100,99405,24,100736,100,98870,100,101075,200,,,101095,100,,,101334,100,,,101364,100,,,101424,100,,,,,,
2019-06-28 10:31:03.429726764,99828,291,99700,157,100078,100,99406,291,100142,291,99405,24,100283,100,98870,100,100736,100,,,101075,200,,,101095,100,,,101334,100,,,101364,100,,,101424,100,,
2019-06-28 10:31:10.000000000,99828,230,99406,230,100078,226,99405,150,100142,226,98870,226,100283,100,,,100736,100,,,101075,200,,,101095,100,,,101334,100,,,101364,100,,,101424,100,,
2019-06-28 10:31:20.000000000,99828,291,99406,291,100078,291,99405,215,100142,100,98870,100,100283,100,,,100736,100,,,101075,200,,,101095,100,,,101334,100,,,101364,100,,,101424,100,,
2019-06-28 10:31:27.743226969,99828,191,99406,291,100078,291,99405,215,100142,100,98870,100,100283,100,,,100736,100,,,101075,200,,,101095,100,,,101334,100,,,101364,100,,,101424,100,,
2019-06-28 10:31:30.000000000,100078,482,99406,482,100142,100,99405,24,100283,100,98870,100,100736,100,,,101075,200,,,101095,100,,,101334,100,,,101364,100,,,101424,100,,,,,,
2019-06-28 10:31:32.812918045,100078,482,99700,100,100142,100,99406,482,100283,100,99405,24,100736,100,98870,100,101075,200,,,101095,100,,,101334,100,,,101364,100,,,101424,100,,,,,,
2019-06-28 10:31:40.000000000,100078,482,99700,482,100142,100,99406,100,100283,100,99405,24,100736,100,98870,100,101075,200,,,101095,100,,,101334,100,,,101364,100,,,101424,100,,,,,,
2019-06-28 10:31:50.000000000,100078,230,99700,230,100142,226,99406,226,100283,226,99405,150,100736,100,98870,100,101075,200,,,101095,100,,,101334,100,,,101364,100,,,101424,100,,,,,,
2019-06-28 10:32:00.000000000,100078,176,99700,42,100142,176,99406,176,100283,176,99405,100,100736,176,98870,176,101075,276,98869,76,101095,100,,,101334,100,,,101364,100,,,101424,100,,,,,,
2019-06-28 10:32:10.000000000,100078,291,99406,291,100142,291,99405,215,100283,100,98870,100,100736,100,,,101075,200,,,101095,100,,,101334,100,,,101364,100,,,101424,100,,,,,,
2019-06-28 10:32:18.501817907,100078,291,99700,100,100142,291,99406,291,100283,100,99405,215,100736,100,98870,100,101075,200,,,101095,100,,,101334,100,,,101364,100,,,101424,100,,,,,,
2019-06-28 10:32:20.000000000,100078,291,99700,291,100142,291,99406,291,100283,100,99405,24,100736,100,98870,100,101075,200,,,101095,100,,,101334,100,,,101364,100,,,101424,100,,,,,,
2019-06-28 10:32:30.000000000,100078,230,99700,230,100142,226,99406,226,100283,226,99405,150,100736,100,98870,100,101075,200,,,101095,100,,,101334,100,,,101364,100,,,101424,100,,,,,,
2019-06-28 10:32:40.000000000,100078,291,99700,291,100142,291,99406,291,100283,100,99405,24,100736,100,98870,100,101075,200,,,101095,100,,,101334,100,,,101364,100,,,101424,100,,,,,,
2019-06-28 10:32:50.000000000,100078,291,99700,291,100142,291,99406,291,100283,100,99405,24,100736,100,98870,100,101075,200,,,101095,100,,,101334,100,,,101364,100,,,101424,100,,,,,,
2019-06-28 10:32:53.128090185,100078,291,99700,391,100142,291,99406,291,100283,100,99405,24,100736,100,98870,100,101075,200,,,101095,100,,,101334,100,,,101364,100,,,101424,100,,,,,,
2019-06-28 10:33:00.000000000,100078,230,99700,196,100142,226,99406,226,100283,226,99405,150,100736,100,98870,100,101075,200,,,101095,100,,,101334,100,,,101364,100,,,101424,100,,,,,,
2019-06-28 10:33:03.672237264,100078,230,99700,196,100142,226,99406,226,100283,226,99405,150,100736,100,98870,100,100948,100,,,101075,200,,,101095,100,,,101334,100,,,101364,100,,,101424,100,,
2019-06-28 10:33:10.000000000,100078,291,99700,257,100142,291,99406,291,100283,100,99405,24,100736,100,98870,100,100948,100,,,101075,200,,,101095,100,,,101334,100,,,101364,100,,,101424,100,,
2019-06-28 10:33:14.677419304,100078,191,99700,257,100142,291,99406,291,100283,100,99405,24,100736,100,98870,100,100948,100,,,101075,200,,,101095,100,,,101334,100,,,101364,100,,,101424,100,,
2019-06-28 10:33:17.122575444,100078,91,99700,257,100142,291,99406,291,100283,100,99405,24,100736,100,98870,100,100948,100,,,101075,200,,,101095,100,,,101334,100,,,101364,100,,,101424,100,,
2019-06-28 10:33:17.759120715,100142,291,100078,9,100283,100,99700,257,100736,100,99406,291,100948,100,99405,24,101075,200,98870,100,101095,100,,,101334,100,,,101364,100,,,101424,100,,,,,,
2019-06-28 10:33:20.000000000,100142,230,100078,139,100283,226,99700,192,100736,226,99406,226,100948,100,99405,24,101075,200,98870,100,101095,100,,,101334,100,,,101364,100,,,101424,100,,,,,,
2019-06-28 10:33:30.000000000,100142,482,100078,391,100283,100,99700,66,100736,100,99406,100,100948,100,99405,24,101075,200,98870,100,101095,100,,,101334,100,,,101364,100,,,101424,100,,,,,,
2019-06-28 10:33:40.000000000,100142,482,100078,391,100283,100,99700,66,100736,100,99406,100,100948,100,99405,24,101075,200,98870,100,101095,100,,,101334,100,,,101364,100,,,101424,100,,,,,,
2019-06-28 10:33:50.000000000,100142,291,100078,200,100283,291,99700,257,100736,100,99406,100,100948,100,99405,24,101075,200,98870,100,101095,100,,,101334,100,,,101364,100,,,101424,100,,,,,,
2019-06-28 10:34:00.000000000,100142,482,100078,257,100283,100,99700,66,100736,100,99406,100,100948,100,99405,24,101075,200,98870,100,101095,100,,,101334,100,,,101364,100,,,101424,100,,,,,,
2019-06-28 10:34:10.000000000,100142,176,99700,142,100283,176,99406,176,100736,176,99405,100,100948,176,98870,176,101075,276,98869,76,101095,100,,,101334,100,,,101364,100,,,101424,100,,,,,,
2019-06-28 10:34:13.622240421,100142,76,99700,142,100283,176,99406,176,100736,176,99405,100,100948,176,98870,176,101075,276,98869,76,101095,100,,,101334,100,,,101364,100,,,101424,100,,,,,,
2019-06-28 10:34:14.067819958,100142,76,100078,100,100283,176,99700,142,100736,176,99406,176,100948,176,99405,100,101075,276,98870,176,101095,100,98869,76,101334,100,,,101364,100,,,101424,100,,,,,,
2019-06-28 10:34:18.174671844,100283,176,100142,24,100736,176,100078,100,100948,176,99700,142,101075,276,99406,176,101095,100,99405,100,101334,100,98870,176,101364,100,98869,76,101424,100,,,,,,,,,,
2019-06-28 10:34:20.000000000,100283,196,100142,120,100736,196,100078,196,100948,196,99700,162,101075,296,99406,196,101095,100,99405,24,101334,100,98870,100,101364,100,,,101424,100,,,,,,,,,,
2019-06-28 10:34:25.071582268,100283,196,100142,120,100736,196,100078,196,100948,196,99700,162,101075,296,99406,196,101095,100,99405,24,101145,100,98870,100,101334,100,,,101364,100,,,101424,100,,,,,,
2019-06-28 10:34:25.752214724,100283,196,100142,120,100736,196,100078,196,100747,100,99700,162,100948,196,99406,196,101075,296,99405,24,101095,100,98870,100,101145,100,,,101334,100,,,101364,100,,,101424,100,,
2019-06-28 10:34:26.274175889,100283,196,100142,120,100736,196,100078,196,100747,100,99700,162,100948,196,99406,196,100971,100,99405,24,101075,296,98870,100,101095,100,,,101145,100,,,101334,100,,,101364,100,,
2019-06-28 10:34:30.000000000,100283,482,100142,406,100736,100,100078,100,100747,100,99700,66,100948,100,99406,100,100971,100,99405,24,101075,200,98870,100,101095,100,,,101145,100,,,101334,100,,,101364,100,,
2019-06-28 10:34:40.000000000,100283,196,100142,120,100736,196,100078,196,100747,196,99700,162,100948,196,99406,196,100971,100,99405,24,101075,200,98870,100,101095,100,,,101145,100,,,101334,100,,,101364,100,,
2019-06-28 10:34:42.195342199,100283,196,100142,220,100736,196,100078,196,100747,196,99700,162,100948,196,99406,196,100971,100,99405,24,101075,200,98870,100,101095,100,,,101145,100,,,101334,100,,,101364,100,,
2019-06-28 10:34:50.000000000,100283,291,100142,315,100736,291,100078,291,100747,100,99700,66,100948,100,99406,100,100971,100,99405,24,101075,200,98870,100,101095,100,,,101145,100,,,101334,100,,,101364,100,,
2019-06-28 10:35:00.000000000,100283,196,100142,86,100736,196,100078,196,100747,196,99700,162,100948,196,99406,196,100971,100,99405,24,101075,200,98870,100,101095,100,,,101145,100,,,101334,100,,,101364,100,,
2019-06-28 10:35:00.256340875,100283,96,100142,86,100736,196,100078,196,100747,196,99700,162,100948,196,99406,196,100971,100,99405,24,101075,200,98870,100,101095,100,,,101145,100,,,101334,100,,,101364,100,,
2019-06-28 10:35:09.962250535,100283,96,100142,86,100736,196,100078,196,100747,196,99700,162,100948,196,99406,196,100971,100,99405,24,100992,100,98870,100,101075,200,,,101095,100,,,101145,100,,,101334,100,,
2019-06-28 10:35:10.000000000,100736,291,100078,291,100747,291,99700,257,100948,100,99406,100,100971,100,99405,24,100992,100,98870,100,101075,200,,,101095,100,,,101145,100,,,101334,100,,,101364,100,,
2019-06-28 10:35:12.787721865,100736,291,100142,100,100747,291,100078,291,100948,100,99700,257,100971,100,99406,100,100992,100,99405,24,101075,200,98870,100,101095,100,,,101145,100,,,101334,100,,,101364,100,,
2019-06-28 10:35:20.000000000,100736,230,100142,230,100747,226,100078,226,100948,226,99700,192,100971,100,99406,100,100992,100,99405,24,101075,200,98870,100,101095,100,,,101145,100,,,101334,100,,,101364,100,,
2019-06-28 10:35:24.569272756,100736,230,100142,230,100747,226,100078,226,100948,226,99700,192,100971,100,99406,100,100992,100,99405,24,101052,100,98870,100,101075,200,,,101095,100,,,101145,100,,,101334,100,,
2019-06-28 10:35:30.000000000,100736,482,100142,482,100747,100,100078,100,100948,100,99700,66,100971,100,99406,100,100992,100,99405,24,101052,100,98870,100,101075,200,,,101095,100,,,101145,100,,,101334,100,,
2019-06-28 10:35:37.029533920,100736,482,100142,482,100747,100,100078,100,100948,100,99700,66,100971,100,99406,100,100992,100,99405,24,101036,100,98870,100,101052,100,,,101075,200,,,101095,100,,,101145,100,,
2019-06-28 10:35:40.000000000,100736,196,100142,196,100747,196,100078,196,100948,196,99700,162,100971,196,99406,196,100992,100,99405,24,101036,100,98870,100,101052,100,,,101075,200,,,101095,100,,,101145,100,,
2019-06-28 10:35:48.436148584,100736,196,100142,196,100747,196,100078,196,100854,100,99700,162,100948,196,99406,196,100971,196,99405,24,100992,100,98870,100,101036,100,,,101052,100,,,101075,200,,,101095,100,,
2019-06-28 10:35:49.820163574,100295,100,100142,196,100736,196,100078,196,100747,196,99700,162,100854,100,99406,196,100948,196,98870,100,100971,196,,,100992,100,,,101036,100,,,101052,100,,,101075,200,,
2019-06-28 10:35:50.000000000,100295,230,100142,230,100736,226,100078,226,100747,226,99700,192,100854,100,99406,100,100948,100,98870,100,100971,100,,,100992,100,,,101036,100,,,101052,100,,,101075,200,,
2019-06-28 10:36:00.000000000,100295,176,100142,42,100736,176,100078,176,100747,176,99700,142,100854,176,99406,176,100948,176,98870,176,100971,100,,,100992,100,,,101036,100,,,101052,100,,,101075,200,,
2019-06-28 10:36:10.000000000,100295,482,100078,482,100736,100,99700,66,100747,100,99406,100,100854,100,98870,100,100948,100,,,100971,100,,,100992,100,,,101036,100,,,101052,100,,,101075,200,,
2019-06-28 10:36:20.000000000,100295,291,100078,291,100736,291,99700,257,100747,100,99406,100,100854,100,98870,100,100948,100,,,100971,100,,,100992,100,,,101036,100,,,101052,100,,,101075,200,,
2019-06-28 10:36:30.000000000,100295,482,100078,482,100736,100,99700,66,100747,100,99406,100,100854,100,98870,100,100948,100,,,100971,100,,,100992,100,,,101036,100,,,101052,100,,,101075,200,,
2019-06-28 10:36:38.036949268,100295,482,100078,482,100736,100,100045,100,100747,100,99700,66,100854,100,99406,100,100948,100,98870,100,100971,100,,,100992,100,,,101036,100,,,101052,100,,,101075,200,,
2019-06-28 10:36:40.000000000,100295,482,100078,482,100736,100,100045,100,100747,100,99700,66,100854,100,99406,100,100948,100,98870,100,100971,100,,,100992,100,,,101036,100,,,101052,100,,,101075,200,,
2019-06-28 10:36:41.676333133,100295,482,100078,482,100736,100,100045,100,100747,100,99884,100,100854,100,99700,66,100971,100,99406,100,100992,100,98870,100,101036,100,,,101052,100,,,101075,200,,,101095,100,,
2019-06-28 10:36:50.000000000,100295,176,100078,176,100736,176,100045,176,100747,176,99884,176,100854,176,99700,142,100971,176,99406,176,100992,100,98870,100,101036,100,,,101052,100,,,101075,200,,,101095,100,,
2019-06-28 10:36:56.911824746,100295,176,100078,76,100736,176,100045,176,100747,176,99884,176,100854,176,99700,142,100971,176,99406,176,100992,100,98870,100,101036,100,,,101052,100,,,101075,200,,,101095,100,,
2019-06-28 10:37:00.000000000,100295,482,100045,348,100736,100,99884,100,100747,100,99700,66,100854,100,99406,100,100971,100,98870,100,100992,100,,,101036,100,,,101052,100,,,101075,200,,,101095,100,,
2019-06-28 10:37:05.059292519,100295,482,100045,348,100736,100,99884,100,100747,100,99811,100,100854,100,99700,66,100971,100,99406,100,100992,100,98870,100,101036,100,,,101052,100,,,101075,200,,,101095,100,,
2019-06-28 10:37:10.000000000,100295,176,99884,176,100736,176,99811,176,100747,176,99700,142,100854,176,99406,176,100971,176,98870,176,100992,100,,,101036,100,,,101052,100,,,101075,200,,,101095,100,,
2019-06-28 10:37:13.472783646,100295,176,99884,76,100736,176,99811,176,100747,176,99700,142,100854,176,99406,176,100971,176,98870,176,100992,100,,,101036,100,,,101052,100,,,101075,200,,,101095,100,,
2019-06-28 10:37:20.000000000,100295,230,99811,230,100736,226,99700,192,100747,226,99406,226,100854,100,98870,100,100971,100,,,100992,100,,,101036,100,,,101052,100,,,101075,200,,,101095,100,,
2019-06-28 10:37:30.000000000,100295,230,99811,230,100736,226,99700,192,100747,226,99406,226,100854,100,98870,100,100971,100,,,100992,100,,,101036,100,,,101052,100,,,101075,200,,,101095,100,,
2019-06-28 10:37:30.455063171,100295,230,99811,230,100736,126,99700,192,100747,226,99406,226,100854,100,98870,100,100971,100,,,100992,100,,,101036,100,,,101052,100,,,101075,200,,,101095,100,,
2019-06-28 10:37:40.000000000,100295,291,99811,291,100747,291,99700,257,100854,100,99406,100,100971,100,98870,100,100992,100,,,101036,100,,,101052,100,,,101075,200,,,101095,100,,,101145,100,,
2019-06-28 10:37:50.000000000,100295,482,99811,482,100747,100,99700,66,100854,100,99406,100,100971,100,98870,100,100992,100,,,101036,100,,,101052,100,,,101075,200,,,101095,100,,,101145,100,,
2019-06-28 10:37:51.563162081,100295,482,99811,482,100747,100,99793,100,100854,100,99700,66,100971,100,99406,100,100992,100,98870,100,101036,100,,,101052,100,,,101075,200,,,101095,100,,,101145,100,,
2019-06-28 10:37:51.804581457,100295,482,99811,482,100747,100,99793,100,100854,100,99700,66,100971,100,99540,100,100992,100,99406,100,101036,100,98870,100,101052,100,,,101075,200,,,101095,100,,,101145,100,,
2019-06-28 10:37:53.858239625,100295,482,99811,482,100747,100,99793,100,100854,100,99700,66,100971,100,99540,100,100992,100,99497,100,101036,100,99406,100,101075,200,98870,100,101095,100,,,101145,100,,,,,,
2019-06-28 10:38:00.000000000,100295,291,99811,157,100747,291,99793,291,100854,100,99700,66,100971,100,99540,100,100992,100,99497,100,101036,100,99406,100,101075,200,98870,100,101095,100,,,101145,100,,,,,,
2019-06-28 10:38:10.000000000,100295,291,99793,291,100747,291,99700,257,100854,100,99540,100,100971,100,99497,100,100992,100,99406,100,101036,100,98870,100,101075,200,,,101095,100,,,101145,100,,,,,,
2019-06-28 10:38:20.000000000,100295,291,99793,291,100747,291,99700,257,100854,100,99540,100,100971,100,99497,100,100992,100,99406,100,101036,100,98870,100,101075,200,,,101095,100,,,101145,100,,,,,,
2019-06-28 10:38:26.236596306,100295,291,99811,100,100747,291,99793,291,100854,100,99700,257,100971,100,99540,100,100992,100,99497,100,101036,100,99406,100,101075,200,98870,100,101095,100,,,101145,100,,,,,,
2019-06-28 10:38:30.000000000,100295,482,99811,482,100747,100,99793,100,100854,100,99700,66,100971,100,99540,100,100992,100,99497,100,101036,100,99406,100,101075,200,98870,100,101095,100,,,101145,100,,,,,,
2019-06-28 10:38:32.628018540,100097,100,99811,482,100295,482,99793,100,100747,100,99700,66,100854,100,99540,100,100971,100,99497,100,100992,100,99406,100,101036,100,98870,100,101075,200,,,101095,100,,,101145,100,,
2019-06-28 10:38:40.000000000,100097,291,99811,291,100295,291,99793,291,100747,100,99700,66,100854,100,99540,100,100971,100,99497,100,100992,100,99406,100,101036,100,98870,100,101075,200,,,101095,100,,,101145,100,,
2019-06-28 10:38:50.000000000,100097,230,99811,230,100295,226,99793,226,100747,226,99700,192,100854,100,99540,100,100971,100,99497,100,100992,100,99406,100,101036,100,98870,100,101075,200,,,101095,100,,,101145,100,,
2019-06-28 10:39:00.000000000,100097,230,99811,96,100295,226,99793,226,100747,226,99700,192,100854,100,99540,100,100971,100,99497,100,100992,100,99406,100,101036,100,98870,100,101075,200,,,101095,100,,,101145,100,,
2019-06-28 10:39:06.935028522,100097,230,99811,96,100295,226,99793,226,100747,226,99771,100,100971,100,99700,192,100992,100,99540,100,101036,100,99497,100,101075,200,99406,100,101095,100,98870,100,101145,100,,,,,,
2019-06-28 10:39:10.000000000,100097,196,99793,196,100295,196,99771,196,100747,196,99700,162,100971,196,99540,196,100992,100,99497,100,101036,100,99406,100,101075,200,98870,100,101095,100,,,101145,100,,,,,,
2019-06-28 10:39:14.691590331,100097,196,99867,100,100295,196,99793,196,100747,196,99771,196,100971,196,99700,162,100992,100,99540,196,101036,100,99406,100,101075,200,98870,100,101095,100,,,101145,100,,,,,,
2019-06-28 10:39:20.000000000,100097,482,99867,482,100295,100,99793,100,100747,100,99771,100,100971,100,99700,66,100992,100,99540,100,101036,100,99406,100,101075,200,98870,100,101095,100,,,101145,100,,,,,,
2019-06-28 10:39:20.765156317,100097,482,99867,382,100295,100,99793,100,100747,100,99771,100,100992,100,99700,66,101036,100,99540,100,101075,200,99406,100,101095,100,98870,100,101145,100,,,,,,,,,,
2019-06-28 10:39:23.830654251,100097,482,100094,100,100295,100,99867,382,100747,100,99793,100,100992,100,99771,100,101036,100,99700,66,101075,200,99540,100,101095,100,99406,100,101145,100,98870,100,,,,,,,,
2019-06-28 10:39:30.000000000,100097,230,100094,230,100295,226,99793,226,100747,226,99771,226,100992,100,99700,66,101036,100,99540,100,101075,200,99406,100,101095,100,98870,100,101145,100,,,,,,,,,,
2019-06-28 10:39:40.000000000,100097,176,100094,176,100295,176,99793,176,100747,176,99771,176,100992,176,99700,142,101036,176,99540,176,101075,200,99406,100,101095,100,98870,100,101145,100,,,,,,,,,,
2019-06-28 10:39:40.793469601,100097,176,100094,76,100295,176,99793,176,100747,176,99771,176,100992,176,99700,142,101036,176,99540,176,101075,200,99406,100,101095,100,98870,100,101145,100,,,,,,,,,,
2019-06-28 10:39:40.911995931,100097,176,100094,76,100295,176,99793,176,100747,176,99771,176,100992,176,99700,142,101036,176,99660,100,101075,200,99540,176,101095,100,99406,100,101145,100,98870,100,,,,,,,,
2019-06-28 10:39:50.000000000,100097,482,99793,482,100295,100,99771,100,100747,100,99700,66,100992,100,99660,100,101036,100,99540,100,101075,200,99406,100,101095,100,98870,100,101145,100,,,,,,,,,,
2019-06-28 10:39:55.533258499,99888,100,99793,482,100097,482,99771,100,100295,100,99700,66,100747,100,99660,100,100992,100,99540,100,101036,100,99406,100,101075,200,98870,100,101095,100,,,101145,100,,,,,,
2019-06-28 10:39:57.200890861,99888,100,99793,482,100097,482,99771,100,100295,100,99756,100,100747,100,99700,66,100992,100,99660,100,101036,100,99540,100,101075,200,99406,100,101095,100,98870,100,101145,100,,,,,,
2019-06-28 10:40:00.000000000,99888,230,99793,96,100097,226,99771,226,100295,226,99756,226,100747,100,99700,66,100992,100,99660,100,101036,100,99540,100,101075,200,99406,100,101095,100,98870,100,101145,100,,,,,,
2019-06-28 10:40:10.000000000,99888,196,99771,196,100097,196,99756,196,100295,196,99700,162,100747,196,99660,196,100992,100,99540,100,101036,100,99406,100,101075,200,98870,100,101095,100,,,101145,100,,,,,,
2019-06-28 10:40:20.000000000,99888,230,99771,230,100097,226,99756,226,100295,226,99700,192,100747,100,99660,100,100992,100,99540,100,101036,100,99406,100,101075,200,98870,100,101095,100,,,101145,100,,,,,,
2019-06-28 10:40:30.000000000,99888,482,99771,482,100097,100,99756,100,100295,100,99700,66,100747,100,99660,100,100992,100,99540,100,101036,100,99406,100,101075,200,98870,100,101095,100,,,101145,100,,,,,,
2019-06-28 10:40:40.000000000,99888,196,99771,196,100097,196,99756,196,100295,196,99700,162,100747,196,99660,196,100992,100,99540,100,101036,100,99406,100,101075,200,98870,100,101095,100,,,101145,100,,,,,,
2019-06-28 10:40:42.330908176,99888,196,99793,100,100097,196,99771,196,100295,196,99756,196,100747,196,99700,162,100992,100,99660,196,101036,100,99540,100,101075,200,99406,100,101095,100,98870,100,101145,100,,,,,,
2019-06-28 10:40:43.279087274,99888,196,99793,200,100097,196,99771,196,100295,196,99756,196,100747,196,99700,162,100992,100,99660,196,101036,100,99540,100,101075,200,99406,100,101095,100,98870,100,101145,100,,,,,,
2019-06-28 10:40:45.666987751,99888,96,99793,200,100097,196,99771,196,100295,196,99756,196,100747,196,99700,162,100992,100,99660,196,101075,200,99540,100,101095,100,99406,100,101145,100,98870,100,,,,,,,,
2019-06-28 10:40:50.000000000,100097,482,99793,582,100295,100,99771,100,100747,100,99756,100,100992,100,99700,66,101075,200,99660,100,101095,100,99540,100,101145,100,99406,100,,,98870,100,,,,,,,,
2019-06-28 10:41:00.000000000,100097,230,99793,196,100295,226,99771,226,100747,226,99756,226,100992,100,99700,66,101075,200,99660,100,101095,100,99540,100,101145,100,99406,100,,,98870,100,,,,,,,,
2019-06-28 10:41:03.375963523,100097,230,100016,100,100295,226,99793,196,100747,226,99771,226,100992,100,99756,226,101075,200,99700,66,101095,100,99660,100,101145,100,99540,100,,,99406,100,,,98870,100,,,,
2019-06-28 10:41:10.000000000,100097,196,100016,196,100295,196,99793,162,100747,196,99771,196,100992,196,99756,196,101075,200,99700,66,101095,100,99660,100,101145,100,99540,100,,,99406,100,,,98870,100,,,,
2019-06-28 10:41:20.000000000,100097,230,100016,230,100295,226,99793,192,100747,226,99771,226,100992,100,99756,100,101075,200,99700,66,101095,100,99660,100,101145,100,99540,100,,,99406,100,,,98870,100,,,,
2019-06-28 10:41:30.000000000,100097,482,100016,482,100295,100,99793,66,100747,100,99771,100,100992,100,99756,100,101075,200,99700,66,101095,100,99660,100,101145,100,99540,100,,,99406,100,,,98870,100,,,,
2019-06-28 10:41:40.000000000,100097,291,100016,291,100295,291,99793,257,100747,100,99771,100,100992,100,99756,100,101075,200,99700,66,101095,100,99660,100,101145,100,99540,100,,,99406,100,,,98870,100,,,,
2019-06-28 10:41:50.000000000,100097,176,100016,176,100295,176,99793,142,100747,176,99771,176,100992,176,99756,176,101075,276,99700,142,101095,100,99660,100,101145,100,99540,100,,,99406,100,,,98870,100,,,,
2019-06-28 10:41:53.625544616,100097,176,100016,176,100295,176,99793,142,100388,100,99771,176,100747,176,99756,176,100992,176,99700,142,101075,276,99660,100,101095,100,99540,100,101145,100,99406,100,,,98870,100,,,,
2019-06-28 10:42:00.000000000,100097,196,100016,62,100295,196,99793,162,100388,196,99771,196,100747,196,99756,196,100992,100,99700,66,101075,200,99660,100,101095,100,99540,100,101145,100,99406,100,,,98870,100,,,,
2019-06-28 10:42:10.000000000,100097,482,99793,448,100295,100,99771,100,100388,100,99756,100,100747,100,99700,66,100992,100,99660,100,101075,200,99540,100,101095,100,99406,100,101145,100,98870,100,,,,,,,,
2019-06-28 10:42:20.000000000,100097,230,99793,196,100295,226,99771,226,100388,226,99756,226,100747,100,99700,66,100992,100,99660,100,101075,200,99540,100,101095,100,99406,100,101145,100,98870,100,,,,,,,,
2019-06-28 10:42:20.963750937,100097,230,100016,100,100295,226,99793,196,100388,226,99771,226,100747,100,99756,226,100992,100,99700,66,101075,200,99660,100,101095,100,99540,100,101145,100,99406,100,,,98870,100,,,,
2019-06-28 10:42:28.081984651,100097,230,100016,100,100284,100,99793,196,100295,226,99771,226,100388,226,99756,226,100747,100,99700,66,100992,100,99660,100,101075,200,99540,100,101095,100,99406,100,101145,100,98870,100,,,,
2019-06-28 10:42:30.000000000,100097,291,100016,291,100284,291,99793,257,100295,100,99771,100,100388,100,99756,100,100747,100,99700,66,100992,100,99660,100,101075,200,99540,100,101095,100,99406,100,101145,100,98870,100,,,,
2019-06-28 10:42:32.067994179,100097,291,100016,291,100284,291,99840,100,100295,100,99793,257,100388,100,99771,100,100747,100,99756,100,100992,100,99700,66,101075,200,99660,100,101095,100,99540,100,101145,100,99406,100,,,98870,100
2019-06-28 10:42:35.494122807,100097,291,100016,391,100284,291,99840,100,100295,100,99793,257,100388,100,99771,100,100747,100,99756,100,100992,100,99700,66,101075,200,99660,100,101095,100,99540,100,101145,100,99406,100,,,98870,100
2019-06-28 10:42:40.000000000,100097,291,100016,391,100284,291,99840,291,100295,100,99793,66,100388,100,99771,100,100747,100,99756,100,100992,100,99700,66,101075,200,99660,100,101095,100,99540,100,101145,100,99406,100,,,98870,100
2019-06-28 10:42:50.000000000,100097,230,100016,330,100284,226,99840,226,100295,226,99793,192,100388,100,99771,100,100747,100,99756,100,100992,100,99700,66,101075,200,99660,100,101095,100,99540,100,101145,100,99406,100,,,98870,100
2019-06-28 10:43:00.000000000,100097,176,100016,142,100284,176,99840,176,100295,176,99793,142,100388,176,99771,176,100747,176,99756,176,100992,100,99700,66,101075,200,99660,100,101095,100,99540,100,101145,100,99406,100,,,98870,100
2019-06-28 10:43:10.000000000,100097,482,100016,448,100284,100,99840,100,100295,100,99793,66,100388,100,99771,100,100747,100,99756,100,100992,100,99700,66,101075,200,99660,100,101095,100,99540,100,101145,100,99406,100,,,98870,100
2019-06-28 10:43:20.000000000,100097,196,100016,162,100284,196,99840,196,100295,196,99793,162,100388,196,99771,196,100747,100,99756,100,100992,100,99700,66,101075,200,99660,100,101095,100,99540,100,101145,100,99406,100,,,98870,100
2019-06-28 10:43:30.000000000,100097,176,100016,142,100284,176,99840,176,100295,176,99793,142,100388,176,99771,176,100747,176,99756,176,100992,100,99700,66,101075,200,99660,100,101095,100,99540,100,101145,100,99406,100,,,98870,100
2019-06-28 10:43:40.000000000,100097,230,100016,196,100284,226,99840,226,100295,226,99793,192,100388,100,99771,100,100747,100,99756,100,100992,100,99700,66,101075,200,99660,100,101095,100,99540,100,101145,100,99406,100,,,98870,100
2019-06-28 10:43:41.368099652,100097,230,100016,296,100284,226,99840,226,100295,226,99793,192,100388,100,99771,100,100747,100,99756,100,100992,100,99660,100,101075,200,99540,100,101095,100,99406,100,101145,100,98870,100,,,,
2019-06-28 10:43:50.000000000,100097,196,100016,262,100284,196,99840,196,100295,196,99793,162,100388,196,99771,196,100747,100,99756,100,100992,100,99660,100,101075,200,99540,100,101095,100,99406,100,101145,100,98870,100,,,,
2019-06-28 10:43:56.862822845,100097,96,100016,262,100284,196,99840,196,100295,196,99793,162,100388,196,99771,196,100747,100,99660,100,100992,100,99540,100,101075,200,99406,100,101095,100,98870,100,101145,100,,,,,,
2019-06-28 10:44:00.000000000,100284,482,100016,414,100295,100,99840,100,100388,100,99793,66,100747,100,99771,100,100992,100,99660,100,101075,200,99540,100,101095,100,99406,100,101145,100,98870,100,,,,,,,,
2019-06-28 10:44:10.000000000,100284,482,100016,414,100295,100,99840,100,100388,100,99793,66,100747,100,99771,100,100992,100,99660,100,101075,200,99540,100,101095,100,99406,100,101145,100,98870,100,,,,,,,,
2019-06-28 10:44:20.000000000,100284,291,100016,223,100295,291,99840,291,100388,100,99793,66,100747,100,99771,100,100992,100,99660,100,101075,200,99540,100,101095,100,99406,100,101145,100,98870,100,,,,,,,,
2019-06-28 10:44:25.157145743,100284,291,100016,223,100295,291,99840,291,100307,100,99793,66,100388,100,99771,100,100992,100,99660,100,101075,200,99540,100,101095,100,99406,100,101145,100,98870,100,,,,,,,,
2019-06-28 10:44:30.000000000,100284,291,100016,223,100295,291,99840,291,100307,100,99793,66,100388,100,99771,100,100992,100,99660,100,101075,200,99540,100,101095,100,99406,100,101145,100,98870,100,,,,,,,,
2019-06-28 10:44:36.810842927,100284,291,100016,223,100295,291,99994,100,100307,100,99840,291,100388,100,99793,66,100992,100,99771,100,101075,200,99660,100,101095,100,99540,100,101145,100,99406,100,,,98870,100,,,,
2019-06-28 10:44:40.000000000,100284,230,100016,162,100295,226,99994,226,100307,226,99840,226,100388,100,99793,66,100992,100,99771,100,101075,200,99660,100,101095,100,99540,100,101145,100,99406,100,,,98870,100,,,,
2019-06-28 10:44:50.000000000,100284,230,100016,162,100295,226,99994,226,100307,226,99840,226,100388,100,99793,66,100992,100,99771,100,101075,200,99660,100,101095,100,99540,100,101145,100,99406,100,,,98870,100,,,,
2019-06-28 10:45:00.000000000,100016,2,99994,192,100284,196,99840,196,100295,196,99793,162,100307,196,99771,100,100388,196,99660,100,100992,100,99540,100,101075,200,99406,100,101095,100,98870,100,101145,100,,,,,,
2019-06-28 10:45:02.610827101,100016,2,99994,192,100017,100,99840,196,100284,196,99793,162,100295,196,99771,100,100307,196,99660,100,100388,196,99540,100,100992,100,99406,100,101075,200,98870,100,101095,100,,,101145,100,,
2019-06-28 10:45:06.882060673,100016,2,99994,192,100017,100,99840,196,100284,196,99793,162,100295,196,99771,100,100307,196,99740,100,100388,196,99660,100,100992,100,99540,100,101075,200,99406,100,101095,100,98870,100,101145,100,,
2019-06-28 10:45:10.000000000,100016,193,99994,287,100017,291,99840,291,100284,100,99793,66,100295,100,99771,100,100307,100,99740,100,100388,100,99660,100,100992,100,99540,100,101075,200,99406,100,101095,100,98870,100,101145,100,,
2019-06-28 10:45:11.686022288,100016,293,99994,287,100017,291,99840,291,100284,100,99793,66,100295,100,99771,100,100307,100,99740,100,100388,100,99660,100,100992,100,99540,100,101075,200,99406,100,101095,100,98870,100,101145,100,,
2019-06-28 10:45:15.689081344,100016,293,99994,287,100017,291,99840,291,100284,100,99771,100,100295,100,99740,100,100307,100,99660,100,100388,100,99540,100,100992,100,99406,100,101075,200,98870,100,101095,100,,,101145,100,,
2019-06-28 10:45:20.000000000,100016,293,99994,287,100017,291,99840,291,100284,100,99771,100,100295,100,99740,100,100307,100,99660,100,100388,100,99540,100,100992,100,99406,100,101075,200,98870,100,101095,100,,,101145,100,,
2019-06-28 10:45:30.000000000,100016,198,99994,192,100017,196,99840,196,100284,196,99771,196,100295,196,99740,196,100307,100,99660,100,100388,100,99540,100,100992,100,99406,100,101075,200,98870,100,101095,100,,,101145,100,,
2019-06-28 10:45:40.000000000,100016,232,99994,226,100017,226,99840,226,100284,226,99771,226,100295,100,99740,100,100307,100,99660,100,100388,100,99540,100,100992,100,99406,100,101075,200,98870,100,101095,100,,,101145,100,,
2019-06-28 10:45:48.428712083,100016,232,99994,226,100017,226,99932,100,100284,226,99840,226,100295,100,99771,226,100307,100,99740,100,100388,100,99660,100,100992,100,99540,100,101075,200,99406,100,101095,100,98870,100,101145,100,,
2019-06-28 10:45:50.000000000,100016,232,99994,226,100017,226,99932,226,100284,226,99840,226,100295,100,99771,100,100307,100,99740,100,100388,100,99660,100,100992,100,99540,100,101075,200,99406,100,101095,100,98870,100,101145,100,,
2019-06-28 10:46:00.000000000,100016,293,99994,153,100017,291,99932,291,100284,100,99840,100,100295,100,99771,100,100307,100,99740,100,100388,100,99660,100,100992,100,99540,100,101075,200,99406,100,101095,100,98870,100,101145,100,,
2019-06-28 10:46:02.304579259,100016,193,99994,153,100017,291,99932,291,100284,100,99840,100,100295,100,99771,100,100307,100,99740,100,100388,100,99660,100,100992,100,99540,100,101075,200,99406,100,101095,100,98870,100,101145,100,,
2019-06-28 10:46:07.695575804,100016,193,99994,153,100017,291,99932,291,100246,100,99840,100,100284,100,99771,100,100295,100,99740,100,100307,100,99660,100,100388,100,99540,100,100992,100,99406,100,101075,200,98870,100,101095,100,,
2019-06-28 10:46:10.000000000,100016,132,99932,230,100017,226,99840,226,100246,226,99771,226,100284,100,99740,100,100295,100,99660,100,100307,100,99540,100,100388,100,99406,100,100992,100,98870,100,101075,200,,,101095,100,,
2019-06-28 10:46:20.000000000,100016,132,99932,230,100017,226,99840,226,100246,226,99771,226,100284,100,99740,100,100295,100,99660,100,100307,100,99540,100,100388,100,99406,100,100992,100,98870,100,101075,200,,,101095,100,,
2019-06-28 10:46:21.492347491,100016,32,99932,230,100017,226,99840,226,100246,226,99771,226,100284,100,99740,100,100295,100,99660,100,100307,100,99540,100,100388,100,99406,100,100992,100,98870,100,101075,200,,,101095,100,,
2019-06-28 10:46:30.000000000,100017,196,99932,196,100246,196,99840,196,100284,196,99771,196,100295,196,99740,196,100307,100,99660,100,100388,100,99540,100,100992,100,99406,100,101075,200,98870,100,101095,100,,,101145,100,,
2019-06-28 10:46:30.997790319,100017,96,99932,196,100246,196,99840,196,100284,196,99771,196,100295,196,99740,196,100307,100,99660,100,100388,100,99540,100,100992,100,99406,100,101075,200,98870,100,101095,100,,,101145,100,,
2019-06-28 10:46:40.000000000,100246,291,99932,291,100284,291,99840,291,100295,100,99771,100,100307,100,99740,100,100388,100,99660,100,100992,100,99540,100,101075,200,99406,100,101095,100,98870,100,101145,100,,,,,,
2019-06-28 10:46:50.000000000,100246,196,99932,196,100284,196,99840,196,100295,196,99771,196,100307,196,99740,196,100388,100,99660,100,100992,100,99540,100,101075,200,99406,100,101095,100,98870,100,101145,100,,,,,,
2019-06-28 10:47:00.000000000,100246,176,99932,42,100284,176,99840,176,100295,176,99771,176,100307,176,99740,176,100388,176,99660,176,100992,100,99540,100,101075,200,99406,100,101095,100,98870,100,101145,100,,,,,,
2019-06-28 10:47:07.581929652,100246,176,99948,100,100284,176,99932,42,100295,176,99840,176,100307,176,99771,176,100388,176,99740,176,100992,100,99660,176,101075,200,99540,100,101095,100,99406,100,101145,100,98870,100,,,,
2019-06-28 10:47:09.554847644,100246,176,100087,100,100284,176,99948,100,100295,176,99932,42,100307,176,99840,176,100388,176,99771,176,100992,100,99740,176,101075,200,99660,76,101095,100,99540,100,101145,100,99406,100,,,98870,100
2019-06-28 10:47:09.734297238,100246,176,100087,100,100284,176,99948,100,100295,176,99932,42,100307,176,99840,176,100388,176,99771,176,100558,100,99740,176,100992,100,99660,76,101075,200,99540,100,101095,100,99406,100,101145,100,98870,100
2019-06-28 10:47:10.000000000,100246,230,100087,230,100284,226,99948,226,100295,226,99840,226,100307,100,99771,100,100388,100,99740,100,100558,100,99540,100,100992,100,99406,100,101075,200,98870,100,101095,100,,,101145,100,,
2019-06-28 10:47:11.291903318,100246,230,100087,230,100284,226,99948,226,100295,226,99932,100,100307,100,99840,226,100388,100,99771,100,100558,100,99740,100,100992,100,99540,100,101075,200,99406,100,101095,100,98870,100,101145,100,,
2019-06-28 10:47:20.000000000,100246,176,100087,176,100284,176,99948,176,100295,176,99932,176,100307,176,99840,176,100388,176,99771,176,100558,100,99740,100,100992,100,99540,100,101075,200,99406,100,101095,100,98870,100,101145,100,,
2019-06-28 10:47:30.000000000,100246,291,100087,291,100284,291,99948,291,100295,100,99932,100,100307,100,99840,100,100388,100,99771,100,100558,100,99740,100,100992,100,99540,100,101075,200,99406,100,101095,100,98870,100,101145,100,,
2019-06-28 10:47:32.675521542,100246,291,100087,291,100284,291,99948,291,100295,100,99932,200,100307,100,99840,100,100388,100,99771,100,100558,100,99740,100,100992,100,99540,100,101075,200,99406,100,101095,100,98870,100,101145,100,,
2019-06-28 10:47:40.000000000,100246,230,100087,230,100284,226,99948,226,100295,226,99932,326,100307,100,99840,100,100388,100,99771,100,100558,100,99740,100,100992,100,99540,100,101075,200,99406,100,101095,100,98870,100,101145,100,,
2019-06-28 10:47:45.624617632,100246,230,100087,230,100284,226,99948,226,100295,226,99932,426,100307,100,99840,100,100388,100,99771,100,100558,100,99740,100,100992,100,99540,100,101075,200,98870,100,101095,100,,,101145,100,,
2019-06-28 10:47:47.803517587,100246,230,100087,230,100284,226,99948,226,100295,226,99932,426,100307,100,99840,100,100388,100,99771,100,100558,100,99740,100,100680,100,99540,100,100992,100,98870,100,101075,200,,,101095,100,,
2019-06-28 10:47:50.000000000,100246,291,100087,291,100284,291,99948,291,100295,100,99932,300,100307,100,99840,100,100388,100,99771,100,100558,100,99740,100,100680,100,99540,100,100992,100,98870,100,101075,200,,,101095,100,,
2019-06-28 10:47:50.956526004,100246,291,100087,291,100284,291,99948,291,100295,100,99932,300,100307,100,99840,100,100388,100,99771,100,100558,100,99740,100,100680,100,99540,100,100696,100,98870,100,100992,100,,,101075,200,,
2019-06-28 10:47:58.573757584,100246,191,100087,291,100284,291,99948,291,100295,100,99932,300,100307,100,99840,100,100388,100,99771,100,100558,100,99740,100,100680,100,99540,100,100696,100,98870,100,100992,100,,,101075,200,,
2019-06-28 10:48:00.000000000,100284,291,100087,157,100295,291,99948,291,100307,100,99932,300,100388,100,99840,100,100558,100,99771,100,100680,100,99740,100,100696,100,99540,100,100992,100,98870,100,101075,200,,,101095,100,,
2019-06-28 10:48:03.495482698,100284,291,100087,157,100295,291,99948,291,100307,100,99932,300,100388,100,99840,100,100558,100,99771,100,100583,100,99740,100,100680,100,99540,100,100696,100,98870,100,100992,100,,,101075,200,,
2019-06-28 10:48:06.113165560,100284,291,100087,257,100295,291,99948,291,100307,100,99932,300,100388,100,99840,100,100558,100,99771,100,100583,100,99740,100,100680,100,99540,100,100696,100,98870,100,100992,100,,,101075,200,,
2019-06-28 10:48:10.000000000,100284,196,100087,196,100295,196,99948,196,100307,196,99932,396,100388,196,99840,196,100558,100,99771,100,100583,100,99740,100,100680,100,99540,100,100696,100,98870,100,100992,100,,,101075,200,,
2019-06-28 10:48:20.000000000,100284,482,100087,482,100295,100,99948,100,100307,100,99932,300,100388,100,99840,100,100558,100,99771,100,100583,100,99740,100,100680,100,99540,100,100696,100,98870,100,100992,100,,,101075,200,,
2019-06-28 10:48:29.305471467,100284,482,100087,482,100295,100,99948,100,100307,100,99932,300,100388,100,99840,100,100558,100,99771,100,100583,100,99740,100,100638,100,99540,100,100680,100,98870,100,100696,100,,,100992,100,,
2019-06-28 10:48:30.000000000,100284,176,100087,176,100295,176,99948,176,100307,176,99932,376,100388,176,99840,176,100558,176,99771,176,100583,100,99740,100,100638,100,99540,100,100680,100,98870,100,100696,100,,,100992,100,,
2019-06-28 10:48:30.483007478,100284,76,100087,176,100295,76,99948,176,100307,176,99932,376,100388,176,99840,176,100558,176,99771,176,100583,100,99740,100,100638,100,99540,100,100680,100,98870,100,100696,100,,,100992,100,,
2019-06-28 10:48:40.000000000,100307,291,100087,291,100388,291,99948,291,100558,100,99932,300,100583,100,99840,100,100638,100,99771,100,100680,100,99740,100,100696,100,99540,100,100992,100,98870,100,101075,200,,,101095,100,,
2019-06-28 10:48:41.612409018,100307,291,100087,291,100388,291,99948,291,100558,100,99932,200,100583,100,99840,100,100638,100,99771,100,100680,100,99740,100,100696,100,99540,100,100992,100,98870,100,101075,200,,,101095,100,,
2019-06-28 10:48:50.000000000,100307,291,100087,291,100388,291,99948,291,100558,100,99932,200,100583,100,99840,100,100638,100,99771,100,100680,100,99740,100,100696,100,99540,100,100992,100,98870,100,101075,200,,,101095,100,,
2019-06-28 10:49:00.000000000,100307,196,100087,62,100388,196,99948,196,100558,196,99932,296,100583,196,99840,196,100638,100,99771,100,100680,100,99740,100,100696,100,99540,100,100992,100,98870,100,101075,200,,,101095,100,,
2019-06-28 10:49:10.000000000,100307,230,99948,230,100388,226,99932,326,100558,226,99840,226,100583,100,99771,100,100638,100,99740,100,100680,100,99540,100,100696,100,98870,100,100992,100,,,101075,200,,,101095,100,,
2019-06-28 10:49:10.471764137,100307,130,99948,230,100388,226,99932,326,100558,226,99840,226,100583,100,99771,100,100638,100,99740,100,100680,100,99540,100,100696,100,98870,100,100992,100,,,101075,200,,,101095,100,,
2019-06-28 10:49:14.105799243,100307,130,99948,230,100388,226,99932,326,100558,226,99840,226,100583,100,99740,100,100638,200,99540,100,100680,100,98870,100,100696,100,,,100992,100,,,101075,200,,,101095,100,,
2019-06-28 10:49:20.000000000,100388,230,99948,230,100558,226,99932,326,100583,226,99840,226,100638,200,99740,100,100680,100,99540,100,100696,100,98870,100,100992,100,,,101075,200,,,101095,100,,,101145,100,,
2019-06-28 10:49:30.000000000,100388,230,99948,230,100558,226,99932,326,100583,226,99840,226,100638,200,99740,100,100680,100,99540,100,100696,100,98870,100,100992,100,,,101075,200,,,101095,100,,,101145,100,,
2019-06-28 10:49:40.000000000,100388,482,99948,482,100558,100,99932,200,100583,100,99840,100,100638,200,99740,100,100680,100,99540,100,100696,100,98870,100,100992,100,,,101075,200,,,101095,100,,,101145,100,,
2019-06-28 10:49:42.601840179,100388,382,99948,482,100558,100,99932,200,100583,100,99840,100,100638,200,99740,100,100680,100,99540,100,100696,100,98870,100,100992,100,,,101075,200,,,101095,100,,,101145,100,,
2019-06-28 10:49:50.000000000,100558,291,99948,291,100583,291,99932,391,100638,200,99840,100,100680,100,99740,100,100696,100,99540,100,100992,100,98870,100,101075,200,,,101095,100,,,101145,100,,,,,,
2019-06-28 10:49:55.753743585,100558,291,99948,291,100583,291,99932,291,100638,200,99840,100,100680,100,99740,100,100696,100,99540,100,100992,100,98870,100,101075,200,,,101095,100,,,101145,100,,,,,,
2019-06-28 10:50:00.000000000,100558,482,99948,348,100583,100,99932,100,100638,200,99840,100,100680,100,99740,100,100696,100,99540,100,100992,100,98870,100,101075,200,,,101095,100,,,101145,100,,,,,,
2019-06-28 10:50:10.000000000,100558,482,99932,482,100583,100,99840,100,100638,200,99740,100,100680,100,99540,100,100696,100,98870,100,100992,100,,,101075,200,,,101095,100,,,101145,100,,,,,,
2019-06-28 10:50:19.933160817,100558,482,99932,482,100583,100,99840,100,100638,200,99740,100,100653,100,99540,100,100680,100,98870,100,100696,100,,,100992,100,,,101075,200,,,101095,100,,,101145,100,,
2019-06-28 10:50:20.000000000,100558,291,99932,291,100583,291,99840,291,100638,200,99740,100,100653,100,99540,100,100680,100,98870,100,100696,100,,,100992,100,,,101075,200,,,101095,100,,,101145,100,,
2019-06-28 10:50:30.000000000,100558,176,99932,176,100583,176,99840,176,100638,276,99740,176,100653,176,99540,176,100680,176,98870,176,100696,100,,,100992,100,,,101075,200,,,101095,100,,,101145,100,,
2019-06-28 10:50:39.934091771,100416,100,99932,176,100558,176,99840,176,100583,176,99740,176,100638,276,99540,176,100653,176,98870,176,100680,76,,,100696,100,,,100992,100,,,101075,200,,,101095,100,,
2019-06-28 10:50:40.000000000,100416,482,99932,482,100558,100,99840,100,100583,100,99740,100,100638,200,99540,100,100653,100,98870,100,100696,100,,,100992,100,,,101075,200,,,101095,100,,,101145,100,,
2019-06-28 10:50:50.000000000,100416,196,99932,196,100558,196,99840,196,100583,196,99740,196,100638,296,99540,196,100653,100,98870,100,100696,100,,,100992,100,,,101075,200,,,101095,100,,,101145,100,,
2019-06-28 10:51:00.000000000,100416,230,99932,96,100558,226,99840,226,100583,226,99740,226,100638,200,99540,100,100653,100,98870,100,100696,100,,,100992,100,,,101075,200,,,101095,100,,,101145,100,,
2019-06-28 10:51:10.000000000,100416,176,99840,176,100558,176,99740,176,100583,176,99540,176,100638,276,98870,176,100653,176,98869,76,100696,100,,,100992,100,,,101075,200,,,101095,100,,,101145,100,,
2019-06-28 10:51:20.000000000,100416,230,99840,230,100558,226,99740,226,100583,226,99540,226,100638,200,98870,100,100653,100,,,100696,100,,,100992,100,,,101075,200,,,101095,100,,,101145,100,,
2019-06-28 10:51:24.475806332,100416,230,99840,230,100558,226,99740,226,100583,226,99540,226,100638,100,98870,100,100653,100,,,100696,100,,,100870,100,,,100992,100,,,101075,200,,,101095,100,,
2019-06-28 10:51:29.734243251,100416,230,99932,100,100558,226,99840,230,100583,226,99740,226,100638,100,99540,226,100653,100,98870,100,100696,100,,,100870,100,,,100992,100,,,101075,200,,,101095,100,,
2019-06-28 10:51:30.000000000,100416,482,99932,482,100558,100,99840,100,100583,100,99740,100,100638,100,99540,100,100653,100,98870,100,100696,100,,,100870,100,,,100992,100,,,101075,200,,,101095,100,,
2019-06-28 10:51:40.000000000,100416,196,99932,196,100558,196,99840,196,100583,196,99740,196,100638,196,99540,196,100653,100,98870,100,100696,100,,,100870,100,,,100992,100,,,101075,200,,,101095,100,,
2019-06-28 10:51:50.000000000,100416,291,99932,291,100558,291,99840,291,100583,100,99740,100,100638,100,99540,100,100653,100,98870,100,100696,100,,,100870,100,,,100992,100,,,101075,200,,,101095,100,,
2019-06-28 10:52:00.000000000,100416,196,99932,62,100558,196,99840,196,100583,196,99740,196,100638,196,99540,196,100653,100,98870,100,100696,100,,,100870,100,,,100992,100,,,101075,200,,,101095,100,,
2019-06-28 10:52:09.246592810,100416,196,100285,100,100558,196,99932,62,100583,196,99840,196,100638,196,99740,196,100653,100,99540,196,100696,100,98870,100,100870,100,,,100992,100,,,101075,200,,,101095,100,,
2019-06-28 10:52:10.000000000,100416,230,100285,230,100558,226,99840,226,100583,226,99740,226,100638,100,99540,100,100653,100,98870,100,100696,100,,,100870,100,,,100992,100,,,101075,200,,,101095,100,,
2019-06-28 10:52:18.586697037,100416,230,100285,230,100558,226,99840,226,100583,226,99740,226,100638,100,99540,100,100653,100,98870,100,100696,100,,,100806,100,,,100870,100,,,100992,100,,,101075,200,,
2019-06-28 10:52:20.000000000,100416,482,100285,482,100558,100,99840,100,100583,100,99740,100,100638,100,99540,100,100653,100,98870,100,100696,100,,,100806,100,,,100870,100,,,100992,100,,,101075,200,,
2019-06-28 10:52:29.385587930,100416,482,100285,482,100558,100,99840,100,100583,100,99740,100,100638,100,99540,100,100653,100,98870,100,100696,100,,,100806,100,,,100870,100,,,100900,100,,,100992,100,,
2019-06-28 10:52:30.000000000,100416,196,100285,196,100558,196,99840,196,100583,196,99740,196,100638,196,99540,196,100653,100,98870,100,100696,100,,,100806,100,,,100870,100,,,100900,100,,,100992,100,,
2019-06-28 10:52:37.938247189,100416,96,100285,96,100558,196,99840,196,100583,196,99740,196,100638,196,99540,196,100653,100,98870,100,100696,100,,,100806,100,,,100870,100,,,100900,100,,,100992,100,,
2019-06-28 10:52:38.000899740,100558,196,100416,4,100583,196,100285,96,100638,196,99840,196,100653,100,99740,196,100696,100,99540,196,100806,100,98870,100,100870,100,,,100900,100,,,100992,100,,,101075,200,,
2019-06-28 10:52:40.000000000,100558,482,100416,386,100583,100,99840,100,100638,100,99740,100,100653,100,99540,100,100696,100,98870,100,100806,100,,,100870,100,,,100900,100,,,100992,100,,,101075,200,,
2019-06-28 10:52:50.000000000,100558,176,100416,80,100583,176,99840,176,100638,176,99740,176,100653,176,99540,176,100696,176,98870,176,100806,100,,,100870,100,,,100900,100,,,100992,100,,,101075,200,,
2019-06-28 10:53:00.000000000,100558,196,99840,162,100583,196,99740,196,100638,196,99540,196,100653,196,98870,100,100696,100,,,100806,100,,,100870,100,,,100900,100,,,100992,100,,,101075,200,,
2019-06-28 10:53:10.000000000,100558,291,99840,257,100583,291,99740,291,100638,100,99540,100,100653,100,98870,100,100696,100,,,100806,100,,,100870,100,,,100900,100,,,100992,100,,,101075,200,,
2019-06-28 10:53:13.381505931,100558,291,99840,257,100583,291,99740,291,100638,100,98870,100,100653,100,,,100696,100,,,100806,100,,,100870,100,,,100900,100,,,100970,100,,,100992,100,,
2019-06-28 10:53:14.099551166,100558,291,99840,257,100583,291,99740,291,100638,100,98870,100,100653,100,,,100696,100,,,100806,100,,,100870,100,,,100900,100,,,100970,100,,,100974,100,,
2019-06-28 10:53:20.000000000,100558,291,99840,257,100583,291,99740,291,100638,100,98870,100,100653,100,,,100696,100,,,100806,100,,,100870,100,,,100900,100,,,100970,100,,,100974,100,,
2019-06-28 10:53:30.000000000,100558,482,99840,448,100583,100,99740,100,100638,100,98870,100,100653,100,,,100696,100,,,100806,100,,,100870,100,,,100900,100,,,100970,100,,,100974,100,,
2019-06-28 10:53:36.050511935,100558,382,99840,448,100583,100,99740,100,100638,100,98870,100,100653,100,,,100696,100,,,100806,100,,,100870,100,,,100900,100,,,100970,100,,,100974,100,,
2019-06-28 10:53:39.664880502,100558,382,99841,100,100583,100,99840,448,100638,100,99740,100,100653,100,98870,100,100696,100,,,100806,100,,,100870,100,,,100900,100,,,100970,100,,,100974,100,,
2019-06-28 10:53:40.000000000,100583,291,99841,291,100638,291,99840,257,100653,100,99740,100,100696,100,98870,100,100806,100,,,100870,100,,,100900,100,,,100970,100,,,100974,100,,,100992,100,,
2019-06-28 10:53:50.000000000,100583,230,99841,230,100638,226,99840,192,100653,226,99740,226,100696,100,98870,100,100806,100,,,100870,100,,,100900,100,,,100970,100,,,100974,100,,,100992,100,,
2019-06-28 10:53:52.097337912,100583,230,99841,230,100638,226,99840,192,100653,226,99740,226,100696,100,98870,100,100806,100,,,100870,100,,,100900,100,,,100970,100,,,100974,100,,,100992,100,,
2019-06-28 10:54:00.000000000,100583,482,99841,348,100638,100,99840,66,100653,100,99740,100,100696,100,98870,100,100806,100,,,100870,100,,,100900,100,,,100970,100,,,100974,100,,,100992,100,,
2019-06-28 10:54:10.000000000,100583,291,99840,257,100638,291,99740,291,100653,100,98870,100,100696,100,,,100806,100,,,100870,100,,,100900,100,,,100970,100,,,100974,100,,,100992,100,,
2019-06-28 10:54:20.000000000,100583,196,99840,162,100638,196,99740,196,100653,196,98870,196,100696,196,98869,96,100806,100,,,100870,100,,,100900,100,,,100970,100,,,100974,100,,,100992,100,,
2019-06-28 10:54:30.000000000,100583,196,99840,162,100638,196,99740,196,100653,196,98870,196,100696,196,98869,96,100806,100,,,100870,100,,,100900,100,,,100970,100,,,100974,100,,,100992,100,,
2019-06-28 10:54:38.645935862,100425,100,99840,162,100583,196,99740,196,100638,196,98870,196,100653,196,98869,96,100696,196,,,100806,100,,,100870,100,,,100900,100,,,100970,100,,,100974,100,,
2019-06-28 10:54:39.032396828,100425,100,100278,100,100583,196,99840,162,100638,196,99740,196,100653,196,98870,196,100696,196,98869,96,100806,100,,,100870,100,,,100900,100,,,100970,100,,,100974,100,,
2019-06-28 10:54:40.000000000,100425,482,100278,482,100583,100,99840,66,100638,100,99740,100,100653,100,98870,100,100696,100,,,100806,100,,,100870,100,,,100900,100,,,100970,100,,,100974,100,,
2019-06-28 10:54:50.000000000,100425,482,100278,482,100583,100,99840,66,100638,100,99740,100,100653,100,98870,100,100696,100,,,100806,100,,,100870,100,,,100900,100,,,100970,100,,,100974,100,,
2019-06-28 10:54:54.937567925,100425,482,100385,100,100583,100,100278,482,100638,100,99840,66,100653,100,99740,100,100696,100,98870,100,100806,100,,,100870,100,,,100970,100,,,100974,100,,,100992,100,,
2019-06-28 10:55:00.000000000,100425,130,100385,196,100583,226,100278,226,100638,226,99840,192,100653,100,99740,100,100696,100,98870,100,100806,100,,,100870,100,,,100970,100,,,100974,100,,,100992,100,,
2019-06-28 10:55:10.000000000,100583,291,100385,257,100638,291,100278,291,100653,100,99840,66,100696,100,99740,100,100806,100,98870,100,100870,100,,,100970,100,,,100974,100,,,100992,100,,,101075,200,,
2019-06-28 10:55:20.000000000,100583,482,100385,448,100638,100,100278,100,100653,100,99840,66,100696,100,99740,100,100806,100,98870,100,100870,100,,,100970,100,,,100974,100,,,100992,100,,,101075,200,,
2019-06-28 10:55:21.928806702,100583,482,100385,548,100638,100,100278,100,100653,100,99840,66,100696,100,99740,100,100806,100,98870,100,100870,100,,,100970,100,,,100974,100,,,100992,100,,,101075,200,,
2019-06-28 10:55:30.000000000,100583,291,100385,357,100638,291,100278,291,100653,100,99840,66,100696,100,99740,100,100806,100,98870,100,100870,100,,,100970,100,,,100974,100,,,100992,100,,,101075,200,,
2019-06-28 10:55:40.000000000,100583,230,100385,296,100638,226,100278,226,100653,226,99840,192,100696,100,99740,100,100806,100,98870,100,100870,100,,,100970,100,,,100974,100,,,100992,100,,,101075,200,,
2019-06-28 10:55:50.000000000,100583,291,100385,357,100638,291,100278,291,100653,100,99840,66,100696,100,99740,100,100806,100,98870,100,100870,100,,,100970,100,,,100974,100,,,100992,100,,,101075,200,,
2019-06-28 10:56:00.000000000,100583,348,100385,548,100638,100,100278,100,100653,100,99840,66,100696,100,99740,100,100806,100,98870,100,100870,100,,,100970,100,,,100974,100,,,100992,100,,,101075,200,,
2019-06-28 10:56:10.000000000,100638,482,100385,548,100653,100,100278,100,100696,100,99840,66,100806,100,99740,100,100870,100,98870,100,100970,100,,,100974,100,,,100992,100,,,101075,200,,,101095,100,,
2019-06-28 10:56:20.000000000,100638,196,100385,262,100653,196,100278,196,100696,196,99840,162,100806,196,99740,196,100870,100,98870,100,100970,100,,,100974,100,,,100992,100,,,101075,200,,,101095,100,,
2019-06-28 10:56:30.000000000,100638,196,100385,262,100653,196,100278,196,100696,196,99840,162,100806,196,99740,196,100870,100,98870,100,100970,100,,,100974,100,,,100992,100,,,101075,200,,,101095,100,,
2019-06-28 10:56:31.974872336,100638,196,100385,262,100653,196,100278,196,100696,196,99840,162,100806,196,99740,196,100870,100,99488,100,100970,100,98870,100,100974,100,,,100992,100,,,101075,200,,,101095,100,,
2019-06-28 10:56:35.182117645,100638,196,100385,162,100653,196,100278,196,100696,196,99840,162,100806,196,99740,196,100870,100,99488,100,100970,100,98870,100,100974,100,,,100992,100,,,101075,200,,,101095,100,,
2019-06-28 10:56:40.000000000,100638,230,100385,196,100653,226,100278,226,100696,226,99840,192,100806,100,99740,100,100870,100,99488,100,100970,100,98870,100,100974,100,,,100992,100,,,101075,200,,,101095,100,,
2019-06-28 10:56:50.000000000,100638,176,100385,142,100653,176,100278,176,100696,176,99840,142,100806,176,99740,176,100870,176,99488,176,100970,100,98870,100,100974,100,,,100992,100,,,101075,200,,,101095,100,,
2019-06-28 10:56:57.853010628,100638,176,100385,142,100653,176,100278,176,100696,176,99840,142,100806,76,99740,176,100870,176,99488,176,100970,100,99443,100,100974,100,98870,100,100992,100,,,101075,200,,,101095,100,,
2019-06-28 10:57:00.000000000,100638,62,100385,162,100653,196,100278,196,100696,196,99840,162,100870,196,99740,196,100970,100,99488,100,100974,100,99443,100,100992,100,98870,100,101075,200,,,101095,100,,,101145,100,,
2019-06-28 10:57:01.436939662,100638,62,100385,162,100653,196,100278,196,100696,196,99840,162,100870,196,99740,196,100970,100,99488,100,100974,100,99443,100,100992,100,99334,100,101075,200,98870,100,101095,100,,,101145,100,,
2019-06-28 10:57:02.598520343,100638,162,100385,162,100653,196,100278,196,100696,196,99840,162,100870,196,99740,196,100970,100,99488,100,100974,100,99443,100,100992,100,99334,100,101075,200,98870,100,101095,100,,,101145,100,,
2019-06-28 10:57:10.000000000,100638,230,100385,196,100653,226,100278,226,100696,226,99840,192,100870,100,99740,100,100970,100,99488,100,100974,100,99443,100,100992,100,99334,100,101075,200,98870,100,101095,100,,,101145,100,,
2019-06-28 10:57:11.285761456,100638,230,100385,196,100653,226,100278,226,100696,226,99840,192,100870,100,99740,100,100970,100,99502,100,100974,100,99488,100,100992,100,99443,100,101075,200,99334,100,101095,100,98870,100,101145,100,,
2019-06-28 10:57:13.045688937,100638,230,100385,96,100653,226,100278,226,100696,226,99840,192,100870,100,99740,100,100970,100,99502,100,100974,100,99488,100,100992,100,99443,100,101075,200,99334,100,101095,100,98870,100,101145,100,,
2019-06-28 10:57:20.000000000,100638,230,100278,230,100653,226,99840,192,100696,226,99740,226,100870,100,99502,100,100970,100,99488,100,100974,100,99443,100,100992,100,99334,100,101075,200,98870,100,101095,100,,,101145,100,,
2019-06-28 10:57:30.000000000,100638,230,100278,230,100653,226,99840,192,100696,226,99740,226,100870,100,99502,100,100970,100,99488,100,100974,100,99443,100,100992,100,99334,100,101075,200,98870,100,101095,100,,,101145,100,,
2019-06-28 10:57:35.643203728,100638,230,100278,130,100653,226,99840,192,100696,226,99740,226,100870,100,99502,100,100970,100,99488,100,100974,100,99443,100,100992,100,99334,100,101075,200,98870,100,101095,100,,,101145,100,,
2019-06-28 10:57:40.000000000,100638,230,99840,196,100653,226,99740,226,100696,226,99502,226,100870,100,99488,100,100970,100,99443,100,100974,100,99334,100,100992,100,98870,100,101075,200,,,101095,100,,,101145,100,,
2019-06-28 10:57:40.153412878,100638,230,99840,96,100653,226,99740,226,100696,226,99502,226,100870,100,99443,100,100970,100,99334,100,100974,100,98870,100,100992,100,,,101075,200,,,101095,100,,,101145,100,,
2019-06-28 10:57:50.000000000,100638,291,99740,291,100653,291,99502,291,100696,100,99443,100,100870,100,99334,100,100970,100,98870,100,100974,100,,,100992,100,,,101075,200,,,101095,100,,,101145,100,,
2019-06-28 10:57:52.897851685,100638,291,99740,191,100653,291,99561,100,100696,100,99502,291,100870,100,99443,100,100970,100,99334,100,100974,100,98870,100,100992,100,,,101075,200,,,101095,100,,,101145,100,,
2019-06-28 10:57:55.929883856,100033,100,99740,191,100638,291,99561,100,100653,291,99502,291,100696,100,99443,100,100870,100,99334,100,100970,100,98870,100,100974,100,,,100992,100,,,101075,200,,,101095,100,,
2019-06-28 10:58:00.000000000,100033,348,99561,482,100638,100,99502,100,100653,100,99443,100,100696,100,99334,100,100870,100,98870,100,100970,100,,,100974,100,,,100992,100,,,101075,200,,,101095,100,,
2019-06-28 10:58:10.000000000,100638,196,99561,196,100653,196,99502,196,100696,196,99443,196,100870,196,99334,196,100970,100,98870,100,100974,100,,,100992,100,,,101075,200,,,101095,100,,,101145,100,,
2019-06-28 10:58:20.000000000,100638,482,99561,482,100653,100,99502,100,100696,100,99443,100,100870,100,99334,100,100970,100,98870,100,100974,100,,,100992,100,,,101075,200,,,101095,100,,,101145,100,,
2019-06-28 10:58:30.000000000,100638,196,99561,196,100653,196,99502,196,100696,196,99443,196,100870,196,99334,196,100970,100,98870,100,100974,100,,,100992,100,,,101075,200,,,101095,100,,,101145,100,,
2019-06-28 10:58:40.000000000,100638,176,99561,176,100653,176,99502,176,100696,176,99443,176,100870,176,99334,176,100970,176,98870,176,100974,100,,,100992,100,,,101075,200,,,101095,100,,,101145,100,,
2019-06-28 10:58:50.000000000,100638,196,99561,196,100653,196,99502,196,100696,196,99443,196,100870,196,99334,196,100970,100,98870,100,100974,100,,,100992,100,,,101075,200,,,101095,100,,,101145,100,,
2019-06-28 10:58:55.394987073,100638,196,99687,100,100653,196,99561,196,100696,196,99502,196,100870,196,99443,196,100970,100,99334,196,100974,100,98870,100,100992,100,,,101075,200,,,101095,100,,,101145,100,,
2019-06-28 10:59:00.000000000,100638,42,99687,176,100653,176,99561,176,100696,176,99502,176,100870,176,99443,176,100970,176,99334,176,100974,100,98870,100,100992,100,,,101075,200,,,101095,100,,,101145,100,,
2019-06-28 10:59:00.189226191,100638,42,99687,176,100653,176,99561,176,100696,176,99534,100,100870,176,99502,176,100970,176,99443,176,100974,100,99334,176,100992,100,98870,100,101075,200,,,101095,100,,,101145,100,,
2019-06-28 10:59:10.000000000,100653,291,99687,291,100696,291,99561,291,100870,100,99534,100,100970,100,99502,100,100974,100,99443,100,100992,100,99334,100,101075,200,98870,100,101095,100,,,101145,100,,,,,,
2019-06-28 10:59:20.000000000,100653,291,99687,291,100696,291,99561,291,100870,100,99534,100,100970,100,99502,100,100974,100,99443,100,100992,100,99334,100,101075,200,98870,100,101095,100,,,101145,100,,,,,,
2019-06-28 10:59:30.000000000,100653,291,99687,291,100696,291,99561,291,100870,100,99534,100,100970,100,99502,100,100974,100,99443,100,100992,100,99334,100,101075,200,98870,100,101095,100,,,101145,100,,,,,,
2019-06-28 10:59:33.204332864,100653,291,99687,191,100696,291,99561,291,100870,100,99534,100,100970,100,99502,100,100974,100,99443,100,100992,100,98870,100,101075,200,,,101095,100,,,101145,100,,,,,,
2019-06-28 10:59:40.000000000,100653,230,99561,230,100696,226,99534,226,100870,226,99502,226,100970,100,99443,100,100974,100,98870,100,100992,100,,,101075,200,,,101095,100,,,101145,100,,,,,,
2019-06-28 10:59:50.000000000,100653,291,99561,291,100696,291,99534,291,100870,100,99502,100,100970,100,99443,100,100974,100,98870,100,100992,100,,,101075,200,,,101095,100,,,101145,100,,,,,,
2019-06-28 11:00:00.000000000,100653,157,99561,291,100696,291,99534,291,100870,100,99502,100,100970,100,99443,100,100974,100,98870,100,100992,100,,,101075,200,,,101095,100,,,101145,100,,,,,,
2019-06-28 11:00:10.000000000,100696,482,99561,482,100870,100,99534,100,100970,100,99502,100,100974,100,99443,100,100992,100,98870,100,101075,200,,,101095,100,,,101145,100,,,,,,,,,,
2019-06-28 11:00:20.000000000,100696,291,99561,291,100870,291,99534,291,100970,100,99502,100,100974,100,99443,100,100992,100,98870,100,101075,200,,,101095,100,,,101145,100,,,,,,,,,,
2019-06-28 11:00:30.000000000,100696,176,99561,176,100870,176,99534,176,100970,176,99502,176,100974,176,99443,176,100992,176,98870,176,101075,200,,,101095,100,,,101145,100,,,,,,,,,,
2019-06-28 11:00:40.000000000,100696,230,99561,230,100870,226,99534,226,100970,226,99502,226,100974,100,99443,100,100992,100,98870,100,101075,200,,,101095,100,,,101145,100,,,,,,,,,,
2019-06-28 11:00:47.656491281,100653,100,99561,230,100696,230,99534,226,100870,226,99502,226,100970,226,99443,100,100974,100,98870,100,100992,100,,,101075,200,,,101095,100,,,101145,100,,,,,,
2019-06-28 11:00:50.000000000,100653,482,99561,482,100696,100,99534,100,100870,100,99502,100,100970,100,99443,100,100974,100,98870,100,100992,100,,,101075,200,,,101095,100,,,101145,100,,,,,,
2019-06-28 11:01:00.000000000,100653,348,99561,482,100696,100,99534,100,100870,100,99502,100,100970,100,99443,100,100974,100,98870,100,100992,100,,,101075,200,,,101095,100,,,101145,100,,,,,,
2019-06-28 11:01:10.000000000,100696,230,99561,230,100870,226,99534,226,100970,226,99502,226,100974,100,99443,100,100992,100,98870,100,101075,200,,,101095,100,,,101145,100,,,,,,,,,,
2019-06-28 11:01:20.000000000,100696,176,99561,176,100870,176,99534,176,100970,176,99502,176,100974,176,99443,176,100992,176,98870,176,101075,200,,,101095,100,,,101145,100,,,,,,,,,,
2019-06-28 11:01:27.821637610,100696,176,99561,176,100870,176,99534,176,100970,176,99502,176,100974,176,99443,176,100992,176,98870,176,101075,200,98859,100,101095,100,,,101145,100,,,,,,,,,,
2019-06-28 11:01:30.000000000,100696,482,99561,482,100870,100,99534,100,100970,100,99502,100,100974,100,99443,100,100992,100,98870,100,101075,200,98859,100,101095,100,,,101145,100,,,,,,,,,,
2019-06-28 11:01:40.000000000,100696,291,99561,291,100870,291,99534,291,100970,100,99502,100,100974,100,99443,100,100992,100,98870,100,101075,200,98859,100,101095,100,,,101145,100,,,,,,,,,,
2019-06-28 11:01:43.132931532,100696,291,99561,191,100870,291,99534,291,100970,100,99502,100,100974,100,99443,100,100992,100,98870,100,101075,200,98859,100,101095,100,,,101145,100,,,,,,,,,,
2019-06-28 11:01:45.136799757,100696,291,99561,91,100870,291,99534,191,100970,100,99502,100,100974,100,99443,100,100992,100,98870,100,101075,200,98859,100,101095,100,,,101145,100,,,,,,,,,,
2019-06-28 11:01:50.000000000,100696,176,99502,176,100870,176,99443,176,100970,176,98870,176,100974,176,98859,176,100992,176,98858,76,101075,200,,,101095,100,,,101145,100,,,,,,,,,,
2019-06-28 11:02:00.000000000,100696,96,99502,230,100870,226,99443,226,100970,226,98870,226,100974,100,98859,100,100992,100,,,101075,200,,,101095,100,,,101145,100,,,,,,,,,,
2019-06-28 11:02:10.000000000,100870,196,99502,196,100970,196,99443,196,100974,196,98870,196,100992,196,98859,196,101075,200,,,101095,100,,,101145,100,,,,,,,,,,,,,,
2019-06-28 11:02:11.646554489,99598,100,99502,196,100870,196,99443,196,100970,196,98870,196,100974,196,98859,96,100992,196,,,101075,200,,,101095,100,,,101145,100,,,,,,,,,,
2019-06-28 11:02:20.000000000,99598,176,99502,176,100870,176,99443,176,100970,176,98870,176,100974,176,98869,76,100992,176,,,101075,200,,,101095,100,,,101145,100,,,,,,,,,,
2019-06-28 11:02:28.084338619,99598,176,99502,176,100870,176,99443,176,100970,176,99146,100,100974,176,98870,176,100992,176,98869,76,101075,200,,,101095,100,,,101145,100,,,,,,,,,,
2019-06-28 11:02:30.000000000,99598,230,99502,230,100870,226,99443,226,100970,226,99146,226,100974,100,98870,100,100992,100,,,101075,200,,,101095,100,,,101145,100,,,,,,,,,,
2019-06-28 11:02:40.000000000,99598,230,99502,230,100870,226,99443,226,100970,226,99146,226,100974,100,98870,100,100992,100,,,101075,200,,,101095,100,,,101145,100,,,,,,,,,,
2019-06-28 11:02:46.221377727,99598,230,99502,230,100870,226,99443,226,100970,226,99261,100,100974,100,99146,226,100992,100,98870,100,101075,200,,,101095,100,,,101145,100,,,,,,,,,,
2019-06-28 11:02:50.000000000,99598,196,99502,196,100870,196,99443,196,100970,196,99261,196,100974,196,99146,196,100992,100,98870,100,101075,200,,,101095,100,,,101145,100,,,,,,,,,,
2019-06-28 11:03:00.000000000,99598,348,99502,482,100870,100,99443,100,100970,100,99261,100,100974,100,99146,100,100992,100,98870,100,101075,200,,,101095,100,,,101145,100,,,,,,,,,,
2019-06-28 11:03:04.016435581,99598,348,99502,382,100870,100,99443,100,100970,100,99261,100,100974,100,99146,100,100992,100,98870,100,101075,200,,,101095,100,,,101145,100,,,,,,,,,,
2019-06-28 11:03:10.000000000,100870,230,99443,230,100970,226,99261,226,100974,226,99146,226,100992,100,98870,100,101075,200,,,101095,100,,,101145,100,,,,,,,,,,,,,,
2019-06-28 11:03:14.606887683,100870,230,99443,130,100970,226,99261,226,100974,226,99146,126,100992,100,98870,100,101075,200,,,101095,100,,,101145,100,,,,,,,,,,,,,,
2019-06-28 11:03:20.000000000,100870,176,99261,176,100970,176,98870,176,100974,176,98869,76,100992,176,,,101075,276,,,101095,100,,,101145,100,,,,,,,,,,,,,,
2019-06-28 11:03:30.000000000,100870,291,99261,291,100970,291,98870,291,100974,100,,,100992,100,,,101075,200,,,101095,100,,,101145,100,,,,,,,,,,,,,,
2019-06-28 11:03:40.000000000,100870,196,99261,196,100970,196,98870,196,100974,196,98869,96,100992,196,,,101075,200,,,101095,100,,,101145,100,,,,,,,,,,,,,,
2019-06-28 11:03:47.739486866,99502,100,99261,196,100870,196,98870,196,100970,196,98869,96,100974,196,,,100992,196,,,101075,200,,,101095,100,,,101145,100,,,,,,,,,,
2019-06-28 11:03:50.000000000,99502,230,99261,230,100870,226,98870,226,100970,226,98869,126,100974,100,,,100992,100,,,101075,200,,,101095,100,,,101145,100,,,,,,,,,,
2019-06-28 11:03:54.914322225,99330,100,99261,230,99502,230,98870,226,100870,226,98869,126,100970,226,,,100974,100,,,100992,100,,,101075,200,,,101095,100,,,101145,100,,,,,,
2019-06-28 11:04:00.000000000,99330,348,99261,482,99502,100,98870,100,100870,100,,,100970,100,,,100974,100,,,100992,100,,,101075,200,,,101095,100,,,101145,100,,,,,,
2019-06-28 11:04:10.000000000,99502,291,99261,291,100870,291,98870,291,100970,100,,,100974,100,,,100992,100,,,101075,200,,,101095,100,,,101145,100,,,,,,,,,,
2019-06-28 11:04:12.219101792,99502,291,99261,291,100870,291,98895,100,100970,100,98870,291,100974,100,,,100992,100,,,101075,200,,,101095,100,,,101145,100,,,,,,,,,,
2019-06-28 11:04:15.399881095,99502,291,99261,191,100870,291,98895,100,100970,100,98870,291,100992,100,,,101075,200,,,101095,100,,,101145,100,,,,,,,,,,,,,,
2019-06-28 11:04:20.000000000,99502,291,98895,291,100870,291,98870,291,100970,100,,,100992,100,,,101075,200,,,101095,100,,,101145,100,,,,,,,,,,,,,,
2019-06-28 11:04:30.000000000,99502,176,98895,176,100870,176,98870,176,100970,176,98869,76,100992,176,,,101075,276,,,101095,100,,,101145,100,,,,,,,,,,,,,,
2019-06-28 11:04:40.000000000,99502,291,98895,291,100870,291,98870,291,100970,100,,,100992,100,,,101075,200,,,101095,100,,,101145,100,,,,,,,,,,,,,,
2019-06-28 11:04:49.374057927,99330,100,98895,291,99502,291,98870,291,100870,291,,,100970,100,,,100992,100,,,101075,200,,,101095,100,,,101145,100,,,,,,,,,,
2019-06-28 11:04:50.000000000,99330,230,98895,230,99502,226,98870,226,100870,226,98869,126,100970,100,,,100992,100,,,101075,200,,,101095,100,,,101145,100,,,,,,,,,,
2019-06-28 11:05:00.000000000,99330,348,98895,482,99502,100,98870,100,100870,100,,,100970,100,,,100992,100,,,101075,200,,,101095,100,,,101145,100,,,,,,,,,,
2019-06-28 11:05:10.000000000,99502,176,98895,176,100870,176,98870,176,100970,176,98869,76,100992,176,,,101075,276,,,101095,100,,,101145,100,,,,,,,,,,,,,,
2019-06-28 11:05:16.195468987,99186,100,98895,176,99502,176,98870,176,100870,176,98869,76,100970,176,,,100992,176,,,101075,276,,,101095,100,,,101145,100,,,,,,,,,,
2019-06-28 11:05:20.000000000,99186,291,98895,291,99502,291,98870,291,100870,100,,,100970,100,,,100992,100,,,101075,200,,,101095,100,,,101145,100,,,,,,,,,,
2019-06-28 11:05:26.627959767,99186,191,98895,291,99502,291,98870,291,100870,100,,,100970,100,,,100992,100,,,101075,200,,,101095,100,,,101145,100,,,,,,,,,,
2019-06-28 11:05:30.000000000,99502,176,98895,176,100870,176,98870,176,100970,176,98869,76,100992,176,,,101075,276,,,101095,100,,,101145,100,,,,,,,,,,,,,,
2019-06-28 11:05:38.853277004,99502,176,99244,100,100870,176,98895,176,100970,176,98870,176,100992,176,98869,76,101075,276,,,101095,100,,,101145,100,,,,,,,,,,,,,,
2019-06-28 11:05:40.000000000,99502,291,99244,291,100870,291,98895,291,100970,100,98870,100,100992,100,,,101075,200,,,101095,100,,,101145,100,,,,,,,,,,,,,,
2019-06-28 11:05:44.480874421,99501,100,99244,291,99502,291,98895,191,100870,291,98870,100,100970,100,,,100992,100,,,101075,200,,,101095,100,,,101145,100,,,,,,,,,,
2019-06-28 11:05:48.644065057,99413,100,99244,291,99501,100,98895,191,99502,291,98870,100,100870,291,,,100970,100,,,100992,100,,,101075,200,,,101095,100,,,101145,100,,,,,,
2019-06-28 11:05:50.000000000,99413,176,99244,176,99501,176,98870,176,99502,176,98869,76,100870,176,,,100970,176,,,100992,100,,,101075,200,,,101095,100,,,101145,100,,,,,,
2019-06-28 11:05:58.566363120,99413,176,99244,176,99501,176,99189,100,99502,176,98870,176,100870,176,98869,76,100970,176,,,100992,100,,,101075,200,,,101095,100,,,101145,100,,,,,,
2019-06-28 11:06:00.000000000,99413,42,99244,176,99501,176,99189,176,99502,176,98870,176,100870,176,98869,76,100970,176,,,100992,100,,,101075,200,,,101095,100,,,101145,100,,,,,,
2019-06-28 11:06:10.000000000,99501,230,99244,230,99502,226,99189,226,100870,226,98870,226,100970,100,,,100992,100,,,101075,200,,,101095,100,,,101145,100,,,,,,,,,,
2019-06-28 11:06:14.777713633,99376,100,99244,230,99501,230,99189,226,99502,226,98870,226,100870,226,,,100970,100,,,100992,100,,,101075,200,,,101095,100,,,101145,100,,,,,,
2019-06-28 11:06:20.000000000,99376,230,99244,230,99501,226,99189,226,99502,226,98870,226,100870,100,,,100970,100,,,100992,100,,,101075,200,,,101095,100,,,101145,100,,,,,,
2019-06-28 11:06:22.290174284,99376,230,99375,100,99501,226,99244,230,99502,226,99189,226,100870,100,98870,226,100970,100,,,100992,100,,,101075,200,,,101095,100,,,,,,,,,,
2019-06-28 11:06:28.042713589,99376,230,99375,100,99413,100,99244,230,99501,226,99189,226,99502,226,98870,226,100870,100,,,100970,100,,,100992,100,,,101075,200,,,101095,100,,,,,,
2019-06-28 11:06:30.000000000,99376,196,99375,196,99413,196,99244,196,99501,196,99189,196,99502,196,98870,196,100870,100,,,100970,100,,,100992,100,,,101075,200,,,101095,100,,,,,,
2019-06-28 11:06:34.684643069,99376,196,99375,196,99413,296,99244,196,99501,196,99189,196,99502,196,98870,196,100870,100,,,100970,100,,,100992,100,,,101075,200,,,101095,100,,,,,,
2019-06-28 11:06:40.000000000,99376,196,99375,196,99413,296,99244,196,99501,196,99189,196,99502,196,98870,196,100870,100,,,100970,100,,,100992,100,,,101075,200,,,101095,100,,,,,,
2019-06-28 11:06:46.027174323,99376,96,99375,196,99413,296,99244,196,99501,196,99189,196,99502,196,98870,196,100870,100,,,100970,100,,,100992,100,,,101075,200,,,101095,100,,,,,,
2019-06-28 11:06:50.000000000,99413,296,99375,196,99501,196,99244,196,99502,196,99189,196,100870,196,98870,196,100970,100,,,100992,100,,,101075,200,,,101095,100,,,,,,,,,,
2019-06-28 11:07:00.000000000,99413,230,99375,196,99501,226,99244,226,99502,226,99189,226,100870,100,98870,100,100970,100,,,100992,100,,,101075,200,,,101095,100,,,,,,,,,,
2019-06-28 11:07:09.421349386,99413,230,99375,96,99501,226,99244,226,99502,226,99189,226,100870,100,98870,100,100970,100,,,100992,100,,,101075,200,,,101095,100,,,,,,,,,,
2019-06-28 11:07:10.000000000,99413,291,99244,291,99501,291,99189,291,99502,100,98870,100,100870,100,,,100970,100,,,100992,100,,,101075,200,,,101095,100,,,,,,,,,,
2019-06-28 11:07:20.000000000,99413,176,99244,176,99501,176,99189,176,99502,176,98870,176,100870,176,98869,76,100970,176,,,100992,100,,,101075,200,,,101095,100,,,,,,,,,,
2019-06-28 11:07:22.963101762,99413,176,99244,176,99501,176,99189,76,99502,176,98870,176,99830,100,98869,76,100870,176,,,100970,176,,,100992,100,,,101075,200,,,101095,100,,,,,,
2019-06-28 11:07:25.618062916,99413,76,99244,176,99501,176,99189,76,99502,176,98870,176,99830,100,98869,76,100870,176,,,100970,176,,,100992,100,,,101075,200,,,101095,100,,,,,,
2019-06-28 11:07:30.000000000,99501,482,99244,482,99502,100,98870,100,99830,100,,,100870,100,,,100970,100,,,100992,100,,,101075,200,,,101095,100,,,,,,,,,,
2019-06-28 11:07:40.000000000,99501,176,99244,176,99502,176,98870,176,99830,176,98869,76,100870,176,,,100970,176,,,100992,100,,,101075,200,,,101095,100,,,,,,,,,,
2019-06-28 11:07:50.000000000,99501,291,99244,291,99502,291,98870,291,99830,100,,,100870,100,,,100970,100,,,100992,100,,,101075,200,,,101095,100,,,,,,,,,,
2019-06-28 11:07:54.155710716,99501,291,99276,100,99502,291,99244,291,99830,100,98870,291,100870,100,,,100970,100,,,100992,100,,,101075,200,,,101095,100,,,,,,,,,,
2019-06-28 11:08:00.000000000,99501,230,99276,96,99502,226,99244,226,99830,226,98870,226,100870,100,,,100970,100,,,100992,100,,,101075,200,,,101095,100,,,,,,,,,,
2019-06-28 11:08:10.000000000,99501,176,99244,176,99502,176,98870,176,99830,176,98869,76,100870,176,,,100970,176,,,100992,100,,,101075,200,,,101095,100,,,,,,,,,,
2019-06-28 11:08:20.000000000,99501,176,99244,176,99502,176,98870,176,99830,176,98869,76,100870,176,,,100970,176,,,100992,100,,,101075,200,,,101095,100,,,,,,,,,,
2019-06-28 11:08:30.000000000,99501,196,99244,196,99502,196,98870,196,99830,196,98869,96,100870,196,,,100970,100,,,100992,100,,,101075,200,,,101095,100,,,,,,,,,,
2019-06-28 11:08:40.000000000,99501,291,99244,291,99502,291,98870,291,99830,100,,,100870,100,,,100970,100,,,100992,100,,,101075,200,,,101095,100,,,,,,,,,,
2019-06-28 11:08:40.177046088,99501,291,99326,100,99502,291,99244,291,99830,100,98870,291,100870,100,,,100970,100,,,100992,100,,,101075,200,,,101095,100,,,,,,,,,,
2019-06-28 11:08:40.340489161,99501,191,99326,100,99502,291,99244,291,99830,100,98870,291,100870,100,,,100970,100,,,100992,100,,,101075,200,,,101095,100,,,,,,,,,,
2019-06-28 11:08:41.937148071,99387,100,99326,100,99501,191,99244,291,99502,291,98870,291,99830,100,,,100870,100,,,100970,100,,,100992,100,,,101075,200,,,101095,100,,,,,,
2019-06-28 11:08:50.000000000,99387,291,99326,291,99502,291,99244,291,99830,100,98870,100,100870,100,,,100970,100,,,100992,100,,,101075,200,,,101095,100,,,,,,,,,,
2019-06-28 11:08:54.287366944,99387,291,99326,191,99502,291,99244,291,99830,100,98870,100,100870,100,,,100970,100,,,100992,100,,,101075,200,,,101095,100,,,,,,,,,,
2019-06-28 11:08:58.049362135,99387,291,99326,191,99502,291,99244,291,99564,100,98870,100,99830,100,,,100870,100,,,100970,100,,,100992,100,,,101075,200,,,101095,100,,,,,,
2019-06-28 11:09:00.000000000,99387,291,99244,157,99502,291,98870,291,99564,100,,,99830,100,,,100870,100,,,100970,100,,,100992,100,,,101075,200,,,101095,100,,,,,,
2019-06-28 11:09:10.000000000,99387,291,98870,291,99502,291,98869,191,99564,100,,,99830,100,,,100870,100,,,100970,100,,,100992,100,,,101075,200,,,101095,100,,,,,,
2019-06-28 11:09:16.122409646,99387,291,98870,291,99502,191,98869,191,99564,100,,,99830,100,,,100870,100,,,100970,100,,,100992,100,,,101075,200,,,101095,100,,,,,,
2019-06-28 11:09:16.813165640,99387,191,98870,291,99502,191,98869,191,99564,100,,,99830,100,,,100870,100,,,100970,100,,,100992,100,,,101075,200,,,101095,100,,,,,,
2019-06-28 11:09:20.000000000,99564,176,98870,176,99830,176,98869,76,100870,176,,,100970,176,,,100992,176,,,101075,200,,,101095,100,,,,,,,,,,,,,,
2019-06-28 11:09:30.000000000,99564,482,98870,482,99830,100,,,100870,100,,,100970,100,,,100992,100,,,101075,200,,,101095,100,,,,,,,,,,,,,,
2019-06-28 11:09:37.332684113,99564,482,99352,100,99830,100,98870,482,100870,100,,,100970,100,,,100992,100,,,101075,200,,,101095,100,,,,,,,,,,,,,,
2019-06-28 11:09:40.000000000,99564,482,99352,482,99830,100,98870,100,100870,100,,,100970,100,,,100992,100,,,101075,200,,,101095,100,,,,,,,,,,,,,,
2019-06-28 11:09:46.605615078,99564,482,99364,100,99830,100,99352,482,100870,100,98870,100,100970,100,,,100992,100,,,101075,200,,,101095,100,,,,,,,,,,,,,,
2019-06-28 11:09:50.000000000,99564,230,99364,230,99830,226,99352,226,100870,226,98870,226,100970,100,,,100992,100,,,101075,200,,,101095,100,,,,,,,,,,,,,,
2019-06-28 11:10:00.000000000,99564,176,99364,42,99830,176,99352,176,100870,176,98870,176,100970,176,98869,76,100992,176,,,101075,200,,,101095,100,,,,,,,,,,,,,,
2019-06-28 11:10:08.083657325,99564,176,99493,100,99830,176,99364,42,100870,176,99352,176,100970,176,98870,176,100992,176,98869,76,101075,200,,,101095,100,,,,,,,,,,,,,,
2019-06-28 11:10:10.000000000,99564,196,99493,196,99830,196,99352,196,100870,196,98870,196,100970,196,98869,96,100992,100,,,101075,200,,,101095,100,,,,,,,,,,,,,,
2019-06-28 11:10:20.000000000,99564,196,99493,196,99830,196,99352,196,100870,196,98870,196,100970,196,98869,96,100992,100,,,101075,200,,,101095,100,,,,,,,,,,,,,,
2019-06-28 11:10:20.779559811,99564,196,99493,196,99690,100,99352,196,99830,196,98870,196,100870,196,98869,96,100970,196,,,100992,100,,,101075,200,,,101095,100,,,,,,,,,,
2019-06-28 11:10:26.880786695,99564,196,99493,196,99690,100,99446,100,99830,196,99352,196,100870,196,98870,196,100970,196,98869,96,100992,100,,,101075,200,,,101095,100,,,,,,,,,,
2019-06-28 11:10:30.000000000,99564,230,99493,230,99690,226,99446,226,99830,226,99352,226,100870,100,98870,100,100970,100,,,100992,100,,,101075,200,,,101095,100,,,,,,,,,,
2019-06-28 11:10:39.962703913,99564,230,99493,230,99690,226,99446,226,99830,226,99364,100,100870,100,99352,226,100970,100,98870,100,100992,100,,,101075,200,,,101095,100,,,,,,,,,,
2019-06-28 11:10:40.000000000,99564,230,99493,230,99690,226,99446,226,99830,226,99364,226,100870,100,99352,100,100970,100,98870,100,100992,100,,,101075,200,,,101095,100,,,,,,,,,,
2019-06-28 11:10:50.000000000,99564,196,99493,196,99690,196,99446,196,99830,196,99364,196,100870,196,99352,196,100970,100,98870,100,100992,100,,,101075,200,,,101095,100,,,,,,,,,,
2019-06-28 11:10:58.633114388,99564,96,99493,196,99690,196,99446,196,99830,196,99364,196,100870,196,99352,196,100970,100,98870,100,101075,200,,,101095,100,,,,,,,,,,,,,,
2019-06-28 11:11:00.000000000,99690,225,99493,96,99830,226,99446,226,100870,226,99364,226,100970,100,99352,100,101075,200,98870,100,101095,100,,,,,,,,,,,,,,,,,,
2019-06-28 11:11:10.000000000,99690,286,99446,291,99830,291,99364,291,100870,100,99352,100,100970,100,98870,100,101075,200,,,101095,100,,,,,,,,,,,,,,,,,,
2019-06-28 11:11:10.562788291,99690,286,99446,291,99830,291,99364,291,99856,100,99352,100,100870,100,98870,100,100970,100,,,101075,200,,,101095,100,,,,,,,,,,,,,,
2019-06-28 11:11:20.000000000,99690,477,99446,482,99830,100,99364,100,99856,100,99352,100,100870,100,98870,100,100970,100,,,101075,200,,,101095,100,,,,,,,,,,,,,,
2019-06-28 11:11:30.000000000,99690,191,99446,196,99830,196,99364,196,99856,196,99352,196,100870,196,98870,196,100970,100,,,101075,200,,,101095,100,,,,,,,,,,,,,,
2019-06-28 11:11:38.278981814,99690,91,99446,196,99830,196,99364,196,99856,96,99352,196,100870,196,98870,196,100970,100,,,101075,200,,,101095,100,,,,,,,,,,,,,,
2019-06-28 11:11:40.000000000,99830,482,99446,482,100870,100,99364,100,100970,100,99352,100,101075,200,98870,100,101095,100,,,,,,,,,,,,,,,,,,,,,,
2019-06-28 11:11:45.352202780,99830,482,99640,100,100870,100,99446,482,100970,100,99364,100,101075,200,99352,100,101095,100,98870,100,,,,,,,,,,,,,,,,,,,,
2019-06-28 11:11:50.000000000,99830,482,99640,482,100870,100,99446,100,100970,100,99364,100,101075,200,99352,100,101095,100,98870,100,,,,,,,,,,,,,,,,,,,,
2019-06-28 11:12:00.000000000,99830,225,99640,96,100870,226,99446,226,100970,226,99364,226,101075,200,99352,100,101095,100,98870,100,,,,,,,,,,,,,,,,,,,,
2019-06-28 11:12:10.000000000,99830,191,99446,196,100870,196,99364,196,100970,196,99352,196,101075,296,98870,196,101095,100,,,,,,,,,,,,,,,,,,,,,,
2019-06-28 11:12:20.000000000,99830,191,99446,196,100870,196,99364,196,100970,196,99352,196,101075,296,98870,196,101095,100,,,,,,,,,,,,,,,,,,,,,,
2019-06-28 11:12:29.626776066,99830,291,99446,196,100870,196,99364,96,100970,196,99352,196,101075,296,98870,196,101095,100,,,,,,,,,,,,,,,,,,,,,,
2019-06-28 11:12:29.975901781,99830,291,99446,96,100870,196,99364,96,100970,196,99352,196,101075,296,98870,196,101095,100,,,,,,,,,,,,,,,,,,,,,,
2019-06-28 11:12:30.000000000,99830,386,99352,291,100870,291,98870,291,100970,100,,,101075,200,,,101095,100,,,,,,,,,,,,,,,,,,,,,,
2019-06-28 11:12:38.926147132,99830,386,99352,191,100870,291,98870,291,100970,100,,,101075,200,,,101095,100,,,,,,,,,,,,,,,,,,,,,,
2019-06-28 11:12:40.000000000,99830,325,98870,230,100870,226,98869,126,100970,226,,,101075,200,,,101095,100,,,,,,,,,,,,,,,,,,,,,,
2019-06-28 11:12:41.638335252,99446,100,98870,230,99830,325,98869,126,100870,226,,,100970,226,,,101075,200,,,101095,100,,,,,,,,,,,,,,,,,,
2019-06-28 11:12:50.000000000,99446,196,98870,196,99830,291,98869,96,100870,196,,,100970,196,,,101075,200,,,101095,100,,,,,,,,,,,,,,,,,,
2019-06-28 11:12:51.654044688,99446,196,98870,196,99830,291,98869,96,100870,196,98701,100,100970,196,,,101075,200,,,101095,100,,,,,,,,,,,,,,,,,,
2019-06-28 11:13:00.000000000,99446,225,98870,96,99830,321,98701,226,100870,226,98700,126,100970,100,,,101075,200,,,101095,100,,,,,,,,,,,,,,,,,,
2019-06-28 11:13:10.000000000,99446,191,98701,196,99830,291,98700,96,100870,196,,,100970,196,,,101075,200,,,101095,100,,,,,,,,,,,,,,,,,,
2019-06-28 11:13:20.000000000,99446,286,98701,291,99830,386,98700,191,100870,100,,,100970,100,,,101075,200,,,101095,100,,,,,,,,,,,,,,,,,,
2019-06-28 11:13:30.000000000,99446,191,98701,196,99830,291,98700,96,100870,196,,,100970,196,,,101075,200,,,101095,100,,,,,,,,,,,,,,,,,,
2019-06-28 11:13:34.089597397,99446,191,98701,196,99736,100,98700,96,99830,291,,,100870,196,,,100970,196,,,101075,200,,,101095,100,,,,,,,,,,,,,,
2019-06-28 11:13:35.728141764,99446,191,98701,196,99695,100,98700,96,99736,100,,,99830,291,,,100870,196,,,100970,196,,,101075,200,,,101095,100,,,,,,,,,,
2019-06-28 11:13:40.000000000,99446,477,98701,482,99695,100,,,99736,100,,,99830,195,,,100870,100,,,100970,100,,,101075,200,,,101095,100,,,,,,,,,,
2019-06-28 11:13:43.751769095,99446,477,98701,482,99695,100,,,99736,100,,,99830,195,,,99841,100,,,100870,100,,,100970,100,,,101075,200,,,101095,100,,,,,,
2019-06-28 11:13:50.000000000,99446,477,98701,482,99695,100,,,99736,100,,,99830,195,,,99841,100,,,100870,100,,,100970,100,,,101075,200,,,101095,100,,,,,,
2019-06-28 11:13:52.572937567,99446,477,99389,100,99695,100,98701,482,99736,100,,,99830,195,,,99841,100,,,100870,100,,,100970,100,,,101075,200,,,101095,100,,,,,,
2019-06-28 11:14:00.000000000,99446,281,99389,157,99695,291,98701,291,99736,100,,,99830,195,,,99841,100,,,100870,100,,,100970,100,,,101075,200,,,101095,100,,,,,,
2019-06-28 11:14:07.619210316,99446,281,99389,157,99525,100,98701,291,99695,291,,,99736,100,,,99830,195,,,99841,100,,,100870,100,,,100970,100,,,101075,200,,,101095,100,,
2019-06-28 11:14:10.000000000,99446,220,98701,230,99525,226,98700,126,99695,226,,,99736,100,,,99830,195,,,99841,100,,,100870,100,,,100970,100,,,101075,200,,,101095,100,,
2019-06-28 11:14:20.000000000,99446,281,98701,291,99525,291,98700,191,99695,100,,,99736,100,,,99830,195,,,99841,100,,,100870,100,,,100970,100,,,101075,200,,,101095,100,,
2019-06-28 11:14:25.310580006,99107,100,98701,291,99446,281,98700,191,99525,291,,,99695,100,,,99736,100,,,99830,195,,,99841,100,,,100870,100,,,100970,100,,,101075,200,,
2019-06-28 11:14:30.000000000,99107,176,98701,176,99446,166,98700,76,99525,176,,,99695,176,,,99736,176,,,99830,195,,,99841,100,,,100870,100,,,100970,100,,,101075,200,,
2019-06-28 11:14:35.571898934,99107,76,98701,176,99446,166,98700,76,99525,176,,,99695,76,,,99736,176,,,99830,195,,,99841,100,,,100870,100,,,100970,100,,,101075,200,,
2019-06-28 11:14:40.000000000,99446,281,98701,291,99525,291,98700,191,99736,100,,,99830,195,,,99841,100,,,100870,100,,,100970,100,,,101075,200,,,101095,100,,,,,,
2019-06-28 11:14:50.000000000,99446,281,98701,291,99525,291,98700,191,99736,100,,,99830,195,,,99841,100,,,100870,100,,,100970,100,,,101075,200,,,101095,100,,,,,,
2019-06-28 11:15:00.000000000,99446,467,98701,348,99525,100,,,99736,100,,,99830,195,,,99841,100,,,100870,100,,,100970,100,,,101075,200,,,101095,100,,,,,,
2019-06-28 11:15:10.000000000,99446,85,,,99525,100,,,99736,100,,,99830,195,,,99841,100,,,100870,100,,,100970,100,,,101075,200,,,101095,100,,,,,,
2019-06-28 11:15:19.939705383,98489,100,,,99446,85,,,99525,100,,,99736,100,,,99830,195,,,99841,100,,,100870,100,,,100970,100,,,101075,200,,,101095,100,,
2019-06-28 11:15:30.625831037,99446,85,,,99525,100,,,99736,100,,,99830,195,,,99841,100,,,100870,100,,,100970,100,,,101075,200,,,101095,100,,,,,,
2019-06-28 11:15:46.350919492,98386,100,,,99446,85,,,99525,100,,,99736,100,,,99830,100,,,99841,100,,,100870,100,,,100970,100,,,101075,200,,,101095,100,,
2019-06-28 11:15:57.557965630,99446,85,,,99525,100,,,99736,100,,,99830,100,,,99841,100,,,100870,100,,,100970,100,,,101075,200,,,101095,100,,,,,,
2019-06-28 11:16:13.278999560,99446,85,98662,100,99525,100,,,99736,100,,,99830,100,,,99841,100,,,100870,100,,,100970,100,,,101075,200,,,101095,100,,,,,,
2019-06-28 11:16:20.000000000,99446,181,98662,196,99525,196,98661,96,99736,196,,,99830,196,,,99841,100,,,100870,100,,,100970,100,,,101075,200,,,101095,100,,,,,,
2019-06-28 11:16:30.000000000,99446,215,98662,230,99525,226,98661,126,99736,226,,,99830,100,,,99841,100,,,100870,100,,,100970,100,,,101075,200,,,101095,100,,,,,,
2019-06-28 11:16:40.000000000,99446,181,98662,196,99525,196,98661,96,99736,196,,,99830,196,,,99841,100,,,100870,100,,,100970,100,,,101075,200,,,101095,100,,,,,,
2019-06-28 11:16:42.355842113,99446,181,98940,100,99525,196,98662,196,99736,196,98661,96,99830,196,,,99841,100,,,100870,100,,,100970,100,,,101075,200,,,101095,100,,,,,,
2019-06-28 11:16:43.604212122,99446,181,98662,196,99525,196,98661,96,99736,196,,,99830,196,,,99841,100,,,100870,100,,,100970,100,,,101075,200,,,101095,100,,,,,,
2019-06-28 11:16:50.000000000,99446,181,98662,196,99525,196,98661,96,99736,196,,,99830,196,,,99841,100,,,100870,100,,,100970,100,,,101075,200,,,101095,100,,,,,,
2019-06-28 11:17:00.000000000,99446,156,98662,42,99525,176,98661,76,99736,176,,,99830,176,,,99841,176,,,100870,100,,,100970,100,,,101075,200,,,101095,100,,,,,,
2019-06-28 11:17:10.000000000,99446,80,,,99525,100,,,99736,100,,,99830,100,,,99841,100,,,100870,100,,,100970,100,,,101075,200,,,101095,100,,,,,,
2019-06-28 11:17:10.559556195,99446,80,99011,100,99525,100,,,99736,100,,,99830,100,,,99841,100,,,100870,100,,,100970,100,,,101075,200,,,101095,100,,,,,,
2019-06-28 11:17:12.057717529,99446,180,99011,100,99525,100,,,99736,100,,,99830,100,,,99841,100,,,100870,100,,,100970,100,,,101075,200,,,101095,100,,,,,,
2019-06-28 11:17:18.057443264,99446,180,99051,100,99525,100,99011,100,99736,100,,,99830,100,,,99841,100,,,100870,100,,,100970,100,,,101075,200,,,101095,100,,,,,,
2019-06-28 11:17:20.000000000,99446,371,99051,291,99525,291,99011,291,99736,100,,,99830,100,,,99841,100,,,100870,100,,,100970,100,,,101075,200,,,101095,100,,,,,,
2019-06-28 11:17:20.860999626,99446,371,99219,100,99525,291,99051,291,99736,100,99011,291,99830,100,,,99841,100,,,100870,100,,,100970,100,,,101075,200,,,101095,100,,,,,,
2019-06-28 11:17:30.000000000,99446,371,99219,291,99525,291,99051,291,99736,100,99011,100,99830,100,,,99841,100,,,100870,100,,,100970,100,,,101075,200,,,101095,100,,,,,,
2019-06-28 11:17:32.429229686,99446,371,99219,291,99525,291,99096,100,99736,100,99051,291,99830,100,99011,100,99841,100,,,100870,100,,,100970,100,,,101075,200,,,101095,100,,,,,,
2019-06-28 11:17:40.000000000,99446,562,99219,482,99525,100,99096,100,99736,100,99051,100,99830,100,99011,100,99841,100,,,100870,100,,,100970,100,,,101075,200,,,101095,100,,,,,,
2019-06-28 11:17:44.668329473,99446,662,99219,482,99525,100,99096,100,99736,100,99051,100,99830,100,99011,100,99841,100,,,100870,100,,,100970,100,,,101075,200,,,101095,100,,,,,,
2019-06-28 11:17:50.000000000,99446,376,99219,196,99525,196,99096,196,99736,196,99051,196,99830,196,99011,196,99841,100,,,100870,100,,,100970,100,,,101075,200,,,101095,100,,,,,,
2019-06-28 11:17:54.408531672,99446,396,99219,196,99525,196,99096,196,99736,196,99051,196,99830,196,99011,196,99841,100,,,100870,100,,,100970,100,,,101075,200,,,101095,100,,,,,,
2019-06-28 11:18:00.000000000,99446,391,99219,62,99525,196,99096,196,99736,196,99051,196,99830,196,99011,196,99841,100,,,100870,100,,,100970,100,,,101075,200,,,101095,100,,,,,,
2019-06-28 11:18:10.000000000,99446,486,99096,291,99525,291,99051,291,99736,100,99011,100,99830,100,,,99841,100,,,100870,100,,,100970,100,,,101075,200,,,101095,100,,,,,,
2019-06-28 11:18:20.000000000,99446,486,99096,291,99525,291,99051,291,99736,100,99011,100,99830,100,,,99841,100,,,100870,100,,,100970,100,,,101075,200,,,101095,100,,,,,,
2019-06-28 11:18:24.895171112,99446,486,99326,100,99525,291,99096,291,99736,100,99051,291,99830,100,99011,100,100870,100,,,100970,100,,,101075,200,,,101095,100,,,,,,,,,,
2019-06-28 11:18:30.000000000,99446,391,99326,196,99525,196,99096,196,99736,196,99051,196,99830,196,99011,196,100870,100,,,100970,100,,,101075,200,,,101095,100,,,,,,,,,,
2019-06-28 11:18:31.591145456,99446,391,99326,196,99525,196,99096,196,99736,196,99051,196,99830,196,99011,196,100870,100,,,100970,100,,,101075,100,,,101095,100,,,,,,,,,,
2019-06-28 11:18:40.000000000,99446,371,99326,176,99525,176,99096,176,99736,176,99051,176,99830,176,99011,176,100870,176,99010,76,100970,100,,,101075,100,,,101095,100,,,,,,,,,,
2019-06-28 11:18:44.361313365,99446,271,99326,176,99525,176,99096,176,99736,176,99051,176,99830,176,99011,176,100870,176,99010,76,100970,100,,,101075,100,,,101095,100,,,,,,,,,,
2019-06-28 11:18:46.586240486,99446,271,99326,176,99525,176,99096,176,99668,100,99051,176,99736,176,99011,176,99830,176,99010,76,100870,176,,,100970,100,,,101075,100,,,101095,100,,,,,,
2019-06-28 11:18:48.468143341,99446,271,99414,100,99525,176,99326,176,99668,100,99096,176,99736,176,99051,176,99830,176,99011,176,100870,176,99010,76,100970,100,,,101075,100,,,101095,100,,,,,,
2019-06-28 11:18:50.000000000,99446,291,99414,196,99525,196,99326,196,99668,196,99096,196,99736,196,99051,196,99830,100,99011,100,100870,100,,,100970,100,,,101075,100,,,101095,100,,,,,,
2019-06-28 11:19:00.000000000,99446,286,99414,62,99525,196,99326,196,99668,196,99096,196,99736,196,99051,196,99830,100,99011,100,100870,100,,,100970,100,,,101075,100,,,101095,100,,,,,,
2019-06-28 11:19:10.000000000,99446,572,99326,482,99525,100,99096,100,99668,100,99051,100,99736,100,99011,100,99830,100,,,100870,100,,,100970,100,,,101075,100,,,101095,100,,,,,,
2019-06-28 11:19:11.034867935,99446,482,99414,100,99525,100,99326,482,99668,100,99096,100,99736,100,99051,100,99830,100,99011,100,100870,100,,,100970,100,,,101075,100,,,101095,100,,,,,,
2019-06-28 11:19:15.261024092,99446,382,99414,100,99525,100,99326,482,99668,100,99096,100,99736,100,99051,100,99830,100,99011,100,100870,100,,,100970,100,,,101075,100,,,101095,100,,,,,,
2019-06-28 11:19:16.168228137,99446,282,99414,100,99525,100,99326,482,99668,100,99096,100,99736,100,99051,100,99830,100,99011,100,100870,100,,,100970,100,,,101075,100,,,101095,100,,,,,,
2019-06-28 11:19:16.211689915,99446,182,99414,100,99525,100,99326,482,99668,100,99096,100,99736,100,99051,100,99830,100,99011,100,100870,100,,,100970,100,,,101075,100,,,101095,100,,,,,,
2019-06-28 11:19:20.000000000,99525,176,99414,176,99668,176,99326,176,99736,176,99096,176,99830,176,99051,176,100870,176,99011,176,100970,100,,,101075,100,,,101095,100,,,,,,,,,,
2019-06-28 11:19:26.832932988,99525,176,99414,176,99668,176,99326,176,99736,176,99096,176,99830,176,99051,176,100075,100,99011,176,100870,176,,,100970,100,,,101075,100,,,101095,100,,,,,,
2019-06-28 11:19:30.000000000,99525,482,99414,482,99668,100,99326,100,99736,100,99096,100,99830,100,99051,100,100075,100,99011,100,100870,100,,,100970,100,,,101075,100,,,101095,100,,,,,,
2019-06-28 11:19:40.000000000,99525,482,99414,482,99668,100,99326,100,99736,100,99096,100,99830,100,99051,100,100075,100,99011,100,100870,100,,,100970,100,,,101075,100,,,101095,100,,,,,,
2019-06-28 11:19:40.065150458,99525,482,99446,100,99668,100,99414,482,99736,100,99326,100,99830,100,99096,100,100075,100,99051,100,100870,100,99011,100,100970,100,,,101075,100,,,101095,100,,,,,,
2019-06-28 11:19:50.000000000,99525,196,99446,196,99668,196,99414,196,99736,196,99326,196,99830,196,99096,196,100075,100,99051,100,100870,100,99011,100,100970,100,,,101075,100,,,101095,100,,,,,,
2019-06-28 11:19:51.797526576,99525,196,99446,196,99668,196,99414,196,99736,196,99326,196,99830,196,99096,196,100075,100,99051,100,100128,100,99011,100,100870,100,,,100970,100,,,101075,100,,,101095,100,,
2019-06-28 11:19:57.520068311,99525,196,99446,296,99668,196,99414,196,99736,196,99326,196,99830,196,99096,196,100075,100,99051,100,100128,100,99011,100,100870,100,,,100970,100,,,101075,100,,,101095,100,,
2019-06-28 11:19:58.498936209,99525,196,99446,396,99668,196,99414,196,99736,196,99326,196,99830,196,99096,196,100075,100,99051,100,100128,100,99011,100,100870,100,,,100970,100,,,101075,100,,,101095,100,,
2019-06-28 11:19:59.640522371,99525,196,99446,396,99668,196,99414,196,99736,196,99326,196,99830,196,99096,196,100075,100,99051,100,100128,100,99011,100,100262,100,,,100870,100,,,100970,100,,,101075,100,,
2019-06-28 11:20:00.000000000,99525,191,99446,262,99668,196,99414,196,99736,196,99326,196,99830,196,99096,196,100075,100,99051,100,100128,100,99011,100,100262,100,,,100870,100,,,100970,100,,,101075,100,,
2019-06-28 11:20:00.401573051,99525,191,99446,262,99668,196,99414,196,99736,196,99326,196,99830,196,99096,196,100075,100,99051,100,100128,100,99011,100,100215,100,,,100262,100,,,100870,100,,,100970,100,,
2019-06-28 11:20:10.000000000,99525,477,99446,548,99668,100,99414,100,99736,100,99326,100,99830,100,99096,100,100075,100,99051,100,100128,100,99011,100,100215,100,,,100262,100,,,100870,100,,,100970,100,,
2019-06-28 11:20:20.000000000,99525,225,99446,296,99668,226,99414,226,99736,226,99326,226,99830,100,99096,100,100075,100,99051,100,100128,100,99011,100,100215,100,,,100262,100,,,100870,100,,,100970,100,,
2019-06-28 11:20:26.803157818,99525,125,99446,296,99668,226,99414,226,99736,226,99326,226,99830,100,99096,100,100075,100,99051,100,100128,100,99011,100,100215,100,,,100262,100,,,100870,100,,,100970,100,,
2019-06-28 11:20:30.000000000,99668,196,99446,262,99736,196,99414,196,99830,196,99326,196,100075,196,99096,196,100128,100,99051,100,100215,100,99011,100,100262,100,,,100870,100,,,100970,100,,,101075,100,,
2019-06-28 11:20:33.320482177,99668,96,99446,262,99736,196,99414,196,99830,196,99326,196,100075,196,99096,196,100128,100,99051,100,100133,100,99011,100,100215,100,,,100262,100,,,100870,100,,,100970,100,,
2019-06-28 11:20:34.917469898,99668,96,99525,100,99736,196,99446,262,99830,196,99414,196,100075,196,99326,196,100128,100,99096,196,100133,100,99051,100,100215,100,99011,100,100262,100,,,100870,100,,,100970,100,,
2019-06-28 11:20:40.000000000,99736,482,99525,482,99830,100,99446,166,100075,100,99414,100,100128,100,99326,100,100133,100,99096,100,100215,100,99051,100,100262,100,99011,100,100870,100,,,100970,100,,,101075,100,,
2019-06-28 11:20:44.965889183,99736,482,99525,582,99830,100,99446,166,100075,100,99414,100,100128,100,99326,100,100133,100,99096,100,100215,100,99051,100,100262,100,99011,100,100870,100,,,100970,100,,,101075,100,,
2019-06-28 11:20:50.000000000,99736,291,99525,391,99830,291,99446,357,100075,100,99414,100,100128,100,99326,100,100133,100,99096,100,100215,100,99051,100,100262,100,99011,100,100870,100,,,100970,100,,,101075,100,,
2019-06-28 11:21:00.000000000,99736,225,99525,196,99830,226,99446,292,100075,226,99414,226,100128,100,99326,100,100133,100,99096,100,100215,100,99051,100,100262,100,99011,100,100870,100,,,100970,100,,,101075,100,,
2019-06-28 11:21:01.744443170,99556,100,99525,196,99736,225,99446,292,99830,226,99414,226,100075,226,99326,100,100128,100,99096,100,100133,100,99051,100,100215,100,99011,100,100262,100,,,100870,100,,,100970,100,,
2019-06-28 11:21:10.000000000,99556,291,99525,257,99736,286,99446,357,99830,100,99414,100,100075,100,99326,100,100128,100,99096,100,100133,100,99051,100,100215,100,99011,100,100262,100,,,100870,100,,,100970,100,,
2019-06-28 11:21:20.000000000,99556,482,99525,448,99736,95,99446,166,99830,100,99414,100,100075,100,99326,100,100128,100,99096,100,100133,100,99051,100,100215,100,99011,100,100262,100,,,100870,100,,,100970,100,,
2019-06-28 11:21:30.000000000,99556,196,99525,162,99736,191,99446,262,99830,196,99414,196,100075,196,99326,196,100128,100,99096,100,100133,100,99051,100,100215,100,99011,100,100262,100,,,100870,100,,,100970,100,,
2019-06-28 11:21:30.550012807,99556,196,99525,162,99736,191,99446,262,99804,100,99414,196,99830,196,99326,196,100075,196,99096,100,100128,100,99051,100,100133,100,99011,100,100215,100,,,100262,100,,,100870,100,,
2019-06-28 11:21:33.835968519,99556,196,99525,162,99736,191,99446,262,99792,100,99414,196,99830,196,99326,196,100075,196,99096,100,100128,100,99051,100,100133,100,99011,100,100215,100,,,100262,100,,,100870,100,,
2019-06-28 11:21:40.000000000,99556,176,99525,142,99736,171,99446,242,99792,176,99414,176,99830,176,99326,176,100075,176,99096,176,100128,100,99051,100,100133,100,99011,100,100215,100,,,100262,100,,,100870,100,,
2019-06-28 11:21:50.000000000,99556,176,99525,142,99736,171,99446,242,99792,176,99414,176,99830,176,99326,176,100075,176,99096,176,100128,100,99051,100,100133,100,99011,100,100215,100,,,100262,100,,,100870,100,,
2019-06-28 11:21:53.060856601,99556,76,99525,142,99736,171,99446,242,99792,176,99414,176,99830,176,99326,176,100075,176,99096,176,100133,100,99051,100,100215,100,99011,100,100262,100,,,100870,100,,,100970,100,,
2019-06-28 11:22:00.000000000,99736,166,99525,8,99792,176,99446,242,99830,176,99414,176,100075,176,99326,176,100133,176,99096,176,100215,100,99051,100,100262,100,99011,100,100870,100,,,100970,100,,,101075,100,,
2019-06-28 11:22:10.000000000,99736,281,99446,357,99792,291,99414,291,99830,100,99326,100,100075,100,99096,100,100133,100,99051,100,100215,100,99011,100,100262,100,,,100870,100,,,100970,100,,,101075,100,,
2019-06-28 11:22:15.736988948,99736,281,99525,100,99792,291,99446,257,99830,100,99414,291,100075,100,99326,100,100133,100,99096,100,100215,100,99051,100,100262,100,99011,100,100870,100,,,100970,100,,,101075,100,,
2019-06-28 11:22:19.002455020,99736,181,99525,100,99792,291,99446,257,99830,100,99414,291,100075,100,99326,100,100133,100,99096,100,100215,100,99051,100,100262,100,99011,100,100870,100,,,100970,100,,,101075,100,,
2019-06-28 11:22:20.000000000,99792,482,99525,482,99830,100,99446,66,100075,100,99414,100,100133,100,99326,100,100215,100,99096,100,100262,100,99051,100,100870,100,99011,100,100970,100,,,101075,100,,,101095,100,,
2019-06-28 11:22:30.000000000,99792,196,99525,196,99830,196,99446,162,100075,196,99414,196,100133,196,99326,196,100215,100,99096,100,100262,100,99051,100,100870,100,99011,100,100970,100,,,101075,100,,,101095,100,,
2019-06-28 11:22:31.241759643,99774,100,99525,196,99792,196,99446,162,99830,196,99414,196,100075,196,99326,196,100133,196,99096,100,100215,100,99051,100,100262,100,99011,100,100870,100,,,100970,100,,,101075,100,,
2019-06-28 11:22:33.138828431,99736,100,99525,196,99774,100,99446,162,99792,196,99414,196,99830,196,99326,196,100075,196,99096,100,100133,196,99051,100,100215,100,99011,100,100262,100,,,100870,100,,,100970,100,,
2019-06-28 11:22:33.908824921,99736,100,99525,196,99774,100,99446,162,99792,196,99414,196,99830,196,99326,196,100075,196,99096,100,100133,196,99051,100,100215,100,99011,100,100262,100,,,100870,100,,,100970,100,,
2019-06-28 11:22:40.000000000,99736,176,99525,176,99774,176,99446,142,99792,176,99414,176,99830,176,99326,176,100075,176,99096,176,100133,100,99051,100,100215,100,99011,100,100262,100,,,100870,100,,,100970,100,,
2019-06-28 11:22:50.000000000,99736,291,99525,291,99774,291,99446,257,99792,100,99414,100,99830,100,99326,100,100075,100,99096,100,100133,100,99051,100,100215,100,99011,100,100262,100,,,100870,100,,,100970,100,,
2019-06-28 11:23:00.000000000,99736,171,99525,42,99774,176,99446,142,99792,176,99414,176,99830,176,99326,176,100075,176,99096,176,100133,100,99051,100,100215,100,99011,100,100262,100,,,100870,100,,,100970,100,,
2019-06-28 11:23:06.234830940,99607,100,99525,42,99736,171,99446,142,99774,176,99414,176,99792,176,99326,176,99830,176,99096,176,100075,176,99051,100,100133,100,99011,100,100215,100,,,100262,100,,,100870,100,,
2019-06-28 11:23:10.000000000,99607,230,99446,196,99736,221,99414,226,99774,226,99326,226,99792,100,99096,100,99830,100,99051,100,100075,100,99011,100,100133,100,,,100215,100,,,100262,100,,,100870,100,,
2019-06-28 11:23:20.000000000,99607,291,99446,257,99736,286,99414,291,99774,100,99326,100,99792,100,99096,100,99830,100,99051,100,100075,100,99011,100,100133,100,,,100215,100,,,100262,100,,,100870,100,,
2019-06-28 11:23:24.629933278,99607,291,99446,257,99736,286,99414,291,99774,100,99408,100,99792,100,99326,100,99830,100,99096,100,100075,100,99051,100,100133,100,99011,100,100215,100,,,100262,100,,,100870,100,,
2019-06-28 11:23:30.000000000,99607,196,99446,162,99736,191,99414,196,99774,196,99408,196,99792,196,99326,196,99830,100,99096,100,100075,100,99051,100,100133,100,99011,100,100215,100,,,100262,100,,,100870,100,,
2019-06-28 11:23:40.000000000,99607,196,99446,162,99736,191,99414,196,99774,196,99408,196,99792,196,99326,196,99830,100,99096,100,100075,100,99051,100,100133,100,99011,100,100215,100,,,100262,100,,,100870,100,,
2019-06-28 11:23:50.000000000,99607,291,99446,257,99736,286,99414,291,99774,100,99408,100,99792,100,99326,100,99830,100,99096,100,100075,100,99051,100,100133,100,99011,100,100215,100,,,100262,100,,,100870,100,,
2019-06-28 11:24:00.000000000,99607,477,99446,314,99736,95,99414,100,99774,100,99408,100,99792,100,99326,100,99830,100,99096,100,100075,100,99051,100,100133,100,99011,100,100215,100,,,100262,100,,,100870,100,,
2019-06-28 11:24:01.461478370,99607,477,99446,314,99736,95,99414,100,99774,100,99408,100,99792,100,99326,100,99830,100,99096,100,100075,100,99051,100,100133,100,99011,100,100215,100,,,100262,100,,,100870,100,,
2019-06-28 11:24:10.000000000,99607,286,99414,291,99736,286,99408,291,99774,100,99326,100,99792,100,99096,100,99830,100,99051,100,100075,100,99011,100,100133,100,,,100215,100,,,100262,100,,,100870,100,,
2019-06-28 11:24:20.000000000,99607,477,99414,482,99736,95,99408,100,99774,100,99326,100,99792,100,99096,100,99830,100,99051,100,100075,100,99011,100,100133,100,,,100215,100,,,100262,100,,,100870,100,,
2019-06-28 11:24:30.000000000,99607,477,99414,482,99736,95,99408,100,99774,100,99326,100,99792,100,99096,100,99830,100,99051,100,100075,100,99011,100,100133,100,,,100215,100,,,100262,100,,,100870,100,,
2019-06-28 11:24:40.000000000,99607,225,99414,230,99736,221,99408,226,99774,226,99326,226,99792,100,99096,100,99830,100,99051,100,100075,100,99011,100,100133,100,,,100215,100,,,100262,100,,,100870,100,,
2019-06-28 11:24:50.000000000,99607,477,99414,482,99736,95,99408,100,99774,100,99326,100,99792,100,99096,100,99830,100,99051,100,100075,100,99011,100,100133,100,,,100215,100,,,100262,100,,,100870,100,,
2019-06-28 11:25:00.000000000,99607,281,99414,157,99736,286,99408,291,99774,100,99326,100,99792,100,99096,100,99830,100,99051,100,100075,100,99011,100,100133,100,,,100215,100,,,100262,100,,,100870,100,,
2019-06-28 11:25:05.498292526,99607,181,99414,157,99736,286,99408,291,99774,100,99326,100,99792,100,99096,100,99830,100,99051,100,100075,100,99011,100,100133,100,,,100215,100,,,100262,100,,,100870,100,,
2019-06-28 11:25:10.000000000,99736,171,99408,176,99774,176,99326,176,99792,176,99096,176,99830,176,99051,176,100075,176,99011,176,100133,100,,,100215,100,,,100262,100,,,100870,100,,,100970,100,,
2019-06-28 11:25:20.000000000,99736,477,99408,482,99774,100,99326,100,99792,100,99096,100,99830,100,99051,100,100075,100,99011,100,100133,100,,,100215,100,,,100262,100,,,100870,100,,,100970,100,,
2019-06-28 11:25:30.000000000,99736,286,99408,291,99774,291,99326,291,99792,100,99096,100,99830,100,99051,100,100075,100,99011,100,100133,100,,,100215,100,,,100262,100,,,100870,100,,,100970,100,,
2019-06-28 11:25:40.000000000,99736,286,99408,291,99774,291,99326,291,99792,100,99096,100,99830,100,99051,100,100075,100,99011,100,100133,100,,,100215,100,,,100262,100,,,100870,100,,,100970,100,,
2019-06-28 11:25:44.210259409,99736,186,99408,291,99774,291,99326,291,99792,100,99096,100,99830,100,99051,100,100075,100,99011,100,100133,100,,,100215,100,,,100262,100,,,100870,100,,,100970,100,,
2019-06-28 11:25:47.945561165,99736,186,99607,100,99774,291,99408,291,99792,100,99326,291,99830,100,99096,100,100075,100,99051,100,100133,100,99011,100,100215,100,,,100262,100,,,100870,100,,,100970,100,,
2019-06-28 11:25:49.184470034,99736,186,99607,200,99774,291,99408,291,99792,100,99326,291,99830,100,99096,100,100075,100,99051,100,100133,100,99011,100,100215,100,,,100262,100,,,100870,100,,,100970,100,,
2019-06-28 11:25:50.000000000,99774,230,99607,330,99792,226,99408,226,99830,226,99326,226,100075,100,99096,100,100133,100,99051,100,100215,100,99011,100,100262,100,,,100870,100,,,100970,100,,,,,,
2019-06-28 11:26:00.000000000,99774,286,99607,257,99792,291,99408,291,99830,100,99326,100,100075,100,99096,100,100133,100,99051,100,100215,100,99011,100,100262,100,,,100870,100,,,100970,100,,,,,,
2019-06-28 11:26:02.612530589,99774,286,99607,357,99792,291,99408,291,99830,100,99326,100,100075,100,99096,100,100133,100,99051,100,100215,100,99011,100,100262,100,,,100870,100,,,100970,100,,,,,,
2019-06-28 11:26:10.000000000,99774,191,99607,262,99792,196,99408,196,99830,196,99326,196,100075,196,99096,196,100133,100,99051,100,100215,100,99011,100,100262,100,,,100870,100,,,100970,100,,,,,,
2019-06-28 11:26:17.481409097,99774,191,99607,262,99792,196,99408,196,99830,196,99326,196,99843,100,99096,196,100075,196,99051,100,100133,100,99011,100,100215,100,,,100262,100,,,100870,100,,,100970,100,,
2019-06-28 11:26:20.000000000,99774,171,99607,242,99792,176,99408,176,99830,176,99326,176,99843,176,99096,176,100075,176,99051,176,100133,100,99011,100,100215,100,,,100262,100,,,100870,100,,,100970,100,,
2019-06-28 11:26:30.000000000,99774,225,99607,296,99792,226,99408,226,99830,226,99326,226,99843,100,99096,100,100075,100,99051,100,100133,100,99011,100,100215,100,,,100262,100,,,100870,100,,,100970,100,,
2019-06-28 11:26:40.000000000,99774,225,99607,296,99792,226,99408,226,99830,226,99326,226,99843,100,99096,100,100075,100,99051,100,100133,100,99011,100,100215,100,,,100262,100,,,100870,100,,,100970,100,,
2019-06-28 11:26:50.000000000,99774,225,99607,296,99792,226,99408,226,99830,226,99326,226,99843,100,99096,100,100075,100,99051,100,100133,100,99011,100,100215,100,,,100262,100,,,100870,100,,,100970,100,,
2019-06-28 11:27:00.000000000,99774,220,99607,162,99792,226,99408,226,99830,226,99326,226,99843,100,99096,100,100075,100,99051,100,100133,100,99011,100,100215,100,,,100262,100,,,100870,100,,,100970,100,,
2019-06-28 11:27:02.800711932,99774,320,99607,162,99792,226,99408,226,99830,226,99326,226,99843,100,99096,100,100075,100,99051,100,100133,100,99011,100,100215,100,,,100262,100,,,100870,100,,,100970,100,,
2019-06-28 11:27:03.010800826,99774,320,99607,162,99792,226,99549,100,99830,226,99408,226,99843,100,99326,226,100075,100,99096,100,100133,100,99051,100,100215,100,99011,100,100262,100,,,100870,100,,,100970,100,,
2019-06-28 11:27:10.000000000,99774,266,99607,108,99792,176,99549,176,99830,176,99408,176,99843,176,99326,176,100075,176,99096,176,100133,100,99051,100,100215,100,99011,100,100262,100,,,100870,100,,,100970,100,,
2019-06-28 11:27:20.000000000,99774,320,99607,162,99792,226,99549,226,99830,226,99408,226,99843,100,99326,100,100075,100,99096,100,100133,100,99051,100,100215,100,99011,100,100262,100,,,100870,100,,,100970,100,,
2019-06-28 11:27:28.722693026,99774,420,99607,162,99792,226,99549,226,99830,126,99408,226,99843,100,99326,100,100075,100,99096,100,100133,100,99051,100,100215,100,99011,100,100262,100,,,100870,100,,,100970,100,,
2019-06-28 11:27:30.000000000,99774,366,99607,108,99792,176,99549,176,99843,176,99408,176,100075,176,99326,176,100133,176,99096,176,100215,100,99051,100,100262,100,99011,100,100870,100,,,100970,100,,,,,,
2019-06-28 11:27:40.000000000,99774,420,99607,162,99792,226,99549,226,99843,226,99408,226,100075,100,99326,100,100133,100,99096,100,100215,100,99051,100,100262,100,99011,100,100870,100,,,100970,100,,,,,,
2019-06-28 11:27:45.973126713,99774,420,99722,100,99792,226,99607,162,99843,226,99549,226,100075,100,99408,226,100133,100,99326,100,100215,100,99096,100,100262,100,99051,100,100970,100,99011,100,,,,,,,,
2019-06-28 11:27:50.000000000,99774,366,99722,176,99792,176,99607,108,99843,176,99549,176,100075,176,99408,176,100133,176,99326,176,100215,100,99096,100,100262,100,99051,100,100970,100,99011,100,,,,,,,,
2019-06-28 11:28:00.000000000,99774,667,99722,348,99792,100,99607,32,99843,100,99549,100,100075,100,99408,100,100133,100,99326,100,100215,100,99096,100,100262,100,99051,100,100970,100,99011,100,,,,,,,,
2019-06-28 11:28:03.791701567,99774,667,99722,348,99792,100,99607,32,99843,100,99557,100,100075,100,99549,100,100133,100,99408,100,100215,100,99326,100,100262,100,99096,100,100970,100,99051,100,,,99011,100,,,,
2019-06-28 11:28:10.000000000,99774,667,99607,414,99792,100,99557,100,99843,100,99549,100,100075,100,99408,100,100133,100,99326,100,100215,100,99096,100,100262,100,99051,100,100970,100,99011,100,,,,,,,,
2019-06-28 11:28:20.000000000,99774,381,99607,128,99792,196,99557,196,99843,196,99549,196,100075,196,99408,196,100133,100,99326,100,100215,100,99096,100,100262,100,99051,100,100970,100,99011,100,,,,,,,,
2019-06-28 11:28:30.000000000,99774,415,99607,162,99792,226,99557,226,99843,226,99549,226,100075,100,99408,100,100133,100,99326,100,100215,100,99096,100,100262,100,99051,100,100970,100,99011,100,,,,,,,,
2019-06-28 11:28:40.000000000,99774,415,99607,162,99792,226,99557,226,99843,226,99549,226,100075,100,99408,100,100133,100,99326,100,100215,100,99096,100,100262,100,99051,100,100970,100,99011,100,,,,,,,,
2019-06-28 11:28:43.242765846,99774,415,99607,162,99792,226,99557,226,99843,226,99549,226,100075,100,99454,100,100133,100,99408,100,100215,100,99326,100,100262,100,99096,100,100970,100,99051,100,,,99011,100,,,,
2019-06-28 11:28:50.000000000,99774,415,99607,162,99792,226,99557,226,99843,226,99549,226,100075,100,99454,100,100133,100,99408,100,100215,100,99326,100,100262,100,99096,100,100970,100,99051,100,,,99011,100,,,,
2019-06-28 11:29:00.000000000,99774,361,99607,4,99792,176,99557,151,99843,176,99549,176,100075,176,99454,176,100133,176,99408,176,100215,100,99326,100,100262,100,99096,100,100970,100,99051,100,,,99011,100,,,,
2019-06-28 11:29:10.000000000,99774,476,99607,195,99792,291,99557,266,99843,100,99549,100,100075,100,99454,100,100133,100,99408,100,100215,100,99326,100,100262,100,99096,100,100970,100,99051,100,,,99011,100,,,,
2019-06-28 11:29:19.579437253,99687,100,99607,195,99774,476,99557,266,99792,291,99549,100,99843,100,99454,100,100075,100,99408,100,100133,100,99326,100,100215,100,99096,100,100262,100,99051,100,100970,100,99011,100,,,,
2019-06-28 11:29:20.000000000,99687,230,99607,134,99774,411,99557,201,99792,226,99549,226,99843,100,99454,100,100075,100,99408,100,100133,100,99326,100,100215,100,99096,100,100262,100,99051,100,100970,100,99011,100,,,,
2019-06-28 11:29:30.000000000,99687,176,99607,80,99774,361,99557,151,99792,176,99549,176,99843,176,99454,176,100075,176,99408,176,100133,100,99326,100,100215,100,99096,100,100262,100,99051,100,100970,100,99011,100,,,,
2019-06-28 11:29:40.000000000,99687,196,99607,100,99774,381,99557,171,99792,196,99549,196,99843,196,99454,196,100075,100,99408,100,100133,100,99326,100,100215,100,99096,100,100262,100,99051,100,100970,100,99011,100,,,,
2019-06-28 11:29:50.000000000,99687,230,99607,134,99774,411,99557,201,99792,226,99549,226,99843,100,99454,100,100075,100,99408,100,100133,100,99326,100,100215,100,99096,100,100262,100,99051,100,100970,100,99011,100,,,,
2019-06-28 11:29:50.873717948,99687,230,99607,134,99765,100,99557,201,99774,411,99549,226,99792,226,99454,100,99843,100,99408,100,100075,100,99326,100,100133,100,99096,100,100215,100,99051,100,100262,100,99011,100,100970,100,,
2019-06-28 11:29:51.674429335,99687,230,99607,134,99765,100,99557,201,99774,411,99549,226,99792,226,99455,100,99843,100,99454,100,100075,100,99408,100,100133,100,99326,100,100215,100,99096,100,100262,100,99051,100,100970,100,99011,100
2019-06-28 11:29:56.842048663,99687,230,99607,134,99765,100,99557,301,99774,411,99549,226,99792,226,99455,100,99843,100,99454,100,100075,100,99408,100,100133,100,99326,100,100215,100,99096,100,100262,100,99051,100,100970,100,99011,100
2019-06-28 11:30:00.000000000,99607,1,99557,203,99687,176,99549,176,99765,176,99455,176,99774,361,99454,176,99792,176,99408,100,99843,176,99326,100,100075,100,99096,100,100133,100,99051,100,100215,100,99011,100,100262,100,,
2019-06-28 11:30:02.013668905,99607,1,99557,176,99687,176,99549,176,99765,176,99455,176,99774,361,99454,176,99792,176,99408,100,99843,176,99326,100,100029,100,99096,100,100075,100,99051,100,100133,100,99011,100,100215,100,,
2019-06-28 11:30:05.680135508,99607,1,99557,176,99687,176,99549,176,99765,176,99455,176,99774,361,99454,176,99792,176,99408,100,99843,176,99326,100,99923,100,99096,100,100029,100,99011,100,100075,100,,,100133,100,,
2019-06-28 11:30:06.221751589,99687,176,99607,99,99765,176,99557,176,99774,361,99549,176,99792,176,99455,176,99843,176,99454,176,99923,100,99408,100,100029,100,99326,100,100075,100,99096,100,100133,100,99011,100,100215,100,,
2019-06-28 11:30:09.319491407,99687,176,99607,99,99765,176,99557,176,99774,361,99549,176,99792,176,99455,176,99843,176,99454,176,99923,100,99408,100,99988,100,99326,100,100075,100,99096,100,100133,100,99011,100,100215,100,,
2019-06-28 11:30:10.000000000,99687,482,99607,481,99765,100,99557,100,99774,285,99549,100,99792,100,99455,100,99843,100,99454,100,99923,100,99408,100,99988,100,99326,100,100075,100,99096,100,100133,100,99011,100,100215,100,,
2019-06-28 11:30:11.700606233,99687,482,99607,481,99765,100,99557,100,99774,285,99549,100,99792,100,99455,100,99840,100,99454,100,99843,100,99408,100,99923,100,99326,100,99988,100,99096,100,100075,100,99011,100,100133,100,,
2019-06-28 11:30:20.000000000,99687,196,99607,195,99765,196,99557,196,99774,381,99549,196,99792,196,99455,196,99840,100,99454,100,99843,100,99408,100,99923,100,99326,100,99988,100,99096,100,100075,100,99011,100,100133,100,,
2019-06-28 11:30:30.000000000,99687,230,99607,229,99765,226,99557,226,99774,411,99549,226,99792,100,99455,100,99840,100,99454,100,99843,100,99408,100,99923,100,99326,100,99988,100,99096,100,100075,100,99011,100,100133,100,,
2019-06-28 11:30:40.000000000,99687,196,99607,195,99765,196,99557,196,99774,381,99549,196,99792,196,99455,196,99840,100,99454,100,99843,100,99408,100,99923,100,99326,100,99988,100,99096,100,100075,100,99011,100,100133,100,,
2019-06-28 11:30:50.000000000,99687,230,99607,229,99765,226,99557,226,99774,411,99549,226,99792,100,99455,100,99840,100,99454,100,99843,100,99408,100,99923,100,99326,100,99988,100,99096,100,100075,100,99011,100,100133,100,,
2019-06-28 11:31:00.000000000,99687,191,99607,61,99765,196,99557,196,99774,381,99549,196,99792,196,99455,196,99840,100,99454,100,99843,100,99408,100,99923,100,99326,100,99988,100,99096,100,100075,100,99011,100,100133,100,,
2019-06-28 11:31:10.000000000,99687,477,99557,482,99765,100,99549,100,99774,285,99455,100,99792,100,99454,100,99840,100,99408,100,99843,100,99326,100,99923,100,99096,100,99988,100,99011,100,100075,100,,,100133,100,,
2019-06-28 11:31:15.909651277,99687,477,99557,482,99765,100,99549,100,99774,285,99455,100,99792,100,99454,100,99840,100,99408,100,99843,100,99326,100,99923,100,99192,100,99988,100,99096,100,100075,100,99011,100,100133,100,,
2019-06-28 11:31:20.000000000,99687,477,99557,482,99765,100,99549,100,99774,285,99455,100,99792,100,99454,100,99840,100,99408,100,99843,100,99326,100,99923,100,99192,100,99988,100,99096,100,100075,100,99011,100,100133,100,,
2019-06-28 11:31:26.107546915,99687,577,99557,482,99765,100,99549,100,99774,285,99455,100,99792,100,99454,100,99840,100,99408,100,99843,100,99326,100,99923,100,99192,100,99988,100,99096,100,100075,100,99011,100,100133,100,,
2019-06-28 11:31:30.000000000,99687,291,99557,196,99765,196,99549,196,99774,381,99455,196,99792,196,99454,196,99840,100,99408,100,99843,100,99326,100,99923,100,99192,100,99988,100,99096,100,100075,100,99011,100,100133,100,,
2019-06-28 11:31:31.334592351,99687,291,99557,196,99765,196,99549,196,99774,381,99489,100,99792,196,99455,196,99840,100,99454,196,99843,100,99408,100,99923,100,99326,100,99988,100,99192,100,100075,100,99096,100,100133,100,99011,100
2019-06-28 11:31:40.000000000,99687,386,99557,291,99765,291,99549,291,99774,285,99489,100,99792,100,99455,100,99840,100,99454,100,99843,100,99408,100,99923,100,99326,100,99988,100,99192,100,100075,100,99096,100,100133,100,99011,100
2019-06-28 11:31:50.000000000,99687,577,99557,482,99765,100,99549,100,99774,285,99489,100,99792,100,99455,100,99840,100,99454,100,99843,100,99408,100,99923,100,99326,100,99988,100,99192,100,100075,100,99096,100,100133,100,99011,100
2019-06-28 11:32:00.000000000,99687,577,99557,348,99765,100,99549,100,99774,285,99489,100,99792,100,99455,100,99840,100,99454,100,99843,100,99408,100,99923,100,99326,100,99988,100,99192,100,100075,100,99096,100,100133,100,99011,100
2019-06-28 11:32:02.182680801,99598,100,99557,348,99687,577,99549,100,99765,100,99489,100,99774,285,99455,100,99792,100,99454,100,99840,100,99408,100,99843,100,99326,100,99923,100,99192,100,99988,100,99096,100,100075,100,99011,100
2019-06-28 11:32:10.000000000,99598,176,99549,176,99687,271,99489,176,99765,176,99455,176,99774,361,99454,176,99792,176,99408,176,99840,100,99326,100,99843,100,99192,100,99923,100,99096,100,99988,100,99011,100,100075,100,,
2019-06-28 11:32:18.684446467,99598,176,99549,176,99687,271,99510,100,99765,176,99489,176,99774,361,99455,176,99792,176,99454,176,99840,100,99408,176,99843,100,99326,100,99923,100,99192,100,99988,100,99096,100,100075,100,,
2019-06-28 11:32:20.000000000,99598,482,99549,482,99687,195,99510,100,99765,100,99489,100,99774,285,99455,100,99792,100,99454,100,99840,100,99408,100,99843,100,99326,100,99923,100,99192,100,99988,100,99096,100,100075,100,,
2019-06-28 11:32:28.628501233,99598,482,99549,382,99687,195,99510,100,99765,100,99489,100,99774,285,99455,100,99792,100,99454,100,99840,100,99408,100,99843,100,99326,100,99923,100,99192,100,99988,100,99096,100,100075,100,,
2019-06-28 11:32:30.000000000,99598,291,99510,291,99687,386,99489,291,99765,100,99455,100,99774,285,99454,100,99792,100,99408,100,99840,100,99326,100,99843,100,99192,100,99923,100,99096,100,99988,100,,,100075,100,,
2019-06-28 11:32:31.522313908,99598,291,99510,191,99687,386,99489,291,99765,100,99455,100,99774,285,99454,100,99792,100,99408,100,99840,100,99326,100,99843,100,99192,100,99923,100,99096,100,99988,100,,,100075,100,,
2019-06-28 11:32:39.783913891,99598,291,99510,191,99687,386,99489,291,99765,100,99455,100,99774,285,99454,100,99792,100,99408,100,99840,100,99380,100,99843,100,99326,100,99923,100,99192,100,99988,100,99096,100,100075,100,,
2019-06-28 11:32:40.000000000,99598,196,99489,196,99687,291,99455,196,99765,196,99454,196,99774,381,99408,196,99792,100,99380,100,99840,100,99326,100,99843,100,99192,100,99923,100,99096,100,99988,100,,,100075,100,,
2019-06-28 11:32:50.000000000,99598,196,99489,196,99687,291,99455,196,99765,196,99454,196,99774,381,99408,196,99792,100,99380,100,99840,100,99326,100,99843,100,99192,100,99923,100,99096,100,99988,100,,,100075,100,,
2019-06-28 11:33:00.000000000,99598,482,99489,348,99687,195,99455,100,99765,100,99454,100,99774,285,99408,100,99792,100,99380,100,99840,100,99326,100,99843,100,99192,100,99923,100,99096,100,99988,100,,,100075,100,,
2019-06-28 11:33:03.446140603,99598,482,99489,348,99687,195,99455,100,99765,100,99454,100,99774,285,99408,100,99792,100,99388,100,99840,100,99380,100,99843,100,99326,100,99923,100,99192,100,99988,100,99096,100,100075,100,,
2019-06-28 11:33:10.000000000,99598,482,99455,482,99687,195,99454,100,99765,100,99408,100,99774,285,99388,100,99792,100,99380,100,99840,100,99326,100,99843,100,99192,100,99923,100,99096,100,99988,100,,,100075,100,,
2019-06-28 11:33:20.000000000,99598,482,99455,482,99687,195,99454,100,99765,100,99408,100,99774,285,99388,100,99792,100,99380,100,99840,100,99326,100,99843,100,99192,100,99923,100,99096,100,99988,100,,,100075,100,,
2019-06-28 11:33:30.000000000,99598,482,99455,482,99687,195,99454,100,99765,100,99408,100,99774,285,99388,100,99792,100,99380,100,99840,100,99326,100,99843,100,99192,100,99923,100,99096,100,99988,100,,,100075,100,,
2019-06-28 11:33:30.165569349,99598,482,99455,482,99687,195,99454,100,99722,100,99408,100,99765,100,99388,100,99774,285,99380,100,99792,100,99326,100,99840,100,99192,100,99843,100,99096,100,99923,100,,,99988,100,,
2019-06-28 11:33:37.009654637,99598,482,99455,482,99687,195,99454,100,99722,100,99408,100,99765,100,99388,100,99774,285,99380,100,99792,100,99326,100,99840,100,99324,100,99843,100,99192,100,99923,100,99096,100,99988,100,,
2019-06-28 11:33:40.000000000,99598,482,99455,482,99687,195,99454,100,99722,100,99408,100,99765,100,99388,100,99774,285,99380,100,99792,100,99326,100,99840,100,99324,100,99843,100,99192,100,99923,100,99096,100,99988,100,,
2019-06-28 11:33:50.000000000,99598,482,99455,482,99687,195,99454,100,99722,100,99408,100,99765,100,99388,100,99774,285,99380,100,99792,100,99326,100,99840,100,99324,100,99843,100,99192,100,99923,100,99096,100,99988,100,,
2019-06-28 11:34:00.000000000,99598,196,99455,62,99687,291,99454,196,99722,196,99408,196,99765,196,99388,196,99774,285,99380,100,99792,100,99326,100,99840,100,99324,100,99843,100,99192,100,99923,100,99096,100,99988,100,,
2019-06-28 11:34:01.341417767,99598,96,99455,62,99687,291,99454,196,99722,196,99408,196,99765,196,99388,196,99774,285,99380,100,99792,100,99326,100,99840,100,99324,100,99843,100,99192,100,99923,100,,,99988,100,,
2019-06-28 11:34:10.000000000,99687,325,99454,230,99722,226,99408,226,99765,226,99388,226,99774,285,99380,100,99792,100,99326,100,99840,100,99324,100,99843,100,99192,100,99923,100,,,99988,100,,,100075,100,,
2019-06-28 11:34:20.000000000,99687,386,99454,291,99722,291,99408,291,99765,100,99388,100,99774,285,99380,100,99792,100,99326,100,99840,100,99324,100,99843,100,99192,100,99923,100,,,99988,100,,,100075,100,,
2019-06-28 11:34:30.000000000,99687,577,99454,482,99722,100,99408,100,99765,100,99388,100,99774,285,99380,100,99792,100,99326,100,99840,100,99324,100,99843,100,99192,100,99923,100,,,99988,100,,,100075,100,,
2019-06-28 11:34:34.315475976,99687,577,99454,482,99690,100,99408,100,99722,100,99388,100,99765,100,99380,100,99774,285,99326,100,99792,100,99324,100,99840,100,99192,100,99843,100,,,99923,100,,,99988,100,,
2019-06-28 11:34:35.740867081,99548,100,99454,482,99687,577,99408,100,99690,100,99388,100,99722,100,99380,100,99765,100,99326,100,99774,285,99324,100,99792,100,99192,100,99840,100,,,99843,100,,,99923,100,,
2019-06-28 11:34:40.000000000,99548,196,99454,196,99687,291,99408,196,99690,196,99388,196,99722,196,99380,196,99765,100,99326,100,99774,285,99324,100,99792,100,99192,100,99840,100,,,99843,100,,,99923,100,,
2019-06-28 11:34:48.046346722,99548,196,99454,196,99648,100,99408,196,99687,291,99388,196,99690,196,99380,196,99722,196,99326,100,99765,100,99324,100,99774,285,99192,100,99792,100,,,99840,100,,,99843,100,,
2019-06-28 11:34:50.000000000,99548,196,99454,196,99648,196,99408,196,99687,291,99388,196,99690,196,99380,196,99722,100,99326,100,99765,100,99324,100,99774,285,99192,100,99792,100,,,99840,100,,,99843,100,,
2019-06-28 11:35:00.000000000,99548,176,99454,42,99648,176,99408,176,99687,271,99388,176,99690,176,99380,176,99722,176,99326,176,99765,100,99324,100,99774,285,99192,100,99792,100,,,99840,100,,,99843,100,,
2019-06-28 11:35:10.000000000,99548,291,99408,291,99648,291,99388,291,99687,195,99380,100,99690,100,99326,100,99722,100,99324,100,99765,100,99192,100,99774,285,,,99792,100,,,99840,100,,,99843,100,,
2019-06-28 11:35:20.000000000,99548,482,99408,482,99648,100,99388,100,99687,195,99380,100,99690,100,99326,100,99722,100,99324,100,99765,100,99192,100,99774,285,,,99792,100,,,99840,100,,,99843,100,,
2019-06-28 11:35:30.000000000,99548,482,99408,482,99648,100,99388,100,99687,195,99380,100,99690,100,99326,100,99722,100,99324,100,99765,100,99192,100,99774,285,,,99792,100,,,99840,100,,,99843,100,,
2019-06-28 11:35:32.885976293,99548,482,99454,100,99648,100,99408,482,99687,195,99388,100,99690,100,99380,100,99722,100,99326,100,99765,100,99324,100,99774,285,99192,100,99792,100,,,99840,100,,,99843,100,,
2019-06-28 11:35:34.886767219,99548,382,99454,100,99648,100,99408,482,99687,195,99388,100,99690,100,99380,100,99722,100,99326,100,99765,100,99324,100,99774,285,99192,100,99792,100,,,99840,100,,,99843,100,,
2019-06-28 11:35:40.000000000,99648,176,99454,176,99687,271,99408,176,99690,176,99388,176,99722,176,99380,176,99765,176,99326,176,99774,285,99324,100,99792,100,99192,100,99840,100,,,99843,100,,,99923,100,,
2019-06-28 11:35:50.000000000,99648,482,99454,482,99687,195,99408,100,99690,100,99388,100,99722,100,99380,100,99765,100,99326,100,99774,285,99324,100,99792,100,99192,100,99840,100,,,99843,100,,,99923,100,,
2019-06-28 11:36:00.000000000,99648,176,99454,42,99687,271,99408,176,99690,176,99388,176,99722,176,99380,176,99765,176,99326,176,99774,285,99324,100,99792,100,99192,100,99840,100,,,99843,100,,,99923,100,,
2019-06-28 11:36:08.250775750,99648,176,99454,42,99687,271,99408,176,99690,176,99388,176,99722,176,99380,176,99755,100,99326,176,99765,176,99324,100,99774,285,99192,100,99792,100,,,99840,100,,,99843,100,,
2019-06-28 11:36:10.000000000,99648,196,99408,196,99687,291,99388,196,99690,196,99380,196,99722,196,99326,196,99755,100,99324,100,99765,100,99192,100,99774,285,,,99792,100,,,99840,100,,,99843,100,,
2019-06-28 11:36:10.949076308,99648,196,99408,196,99687,191,99388,196,99690,196,99380,196,99722,196,99326,196,99755,100,99324,100,99765,100,99192,100,99774,285,,,99792,100,,,99840,100,,,99843,100,,
2019-06-28 11:36:20.000000000,99648,230,99408,230,99687,221,99388,226,99690,226,99380,226,99722,100,99326,100,99755,100,99324,100,99765,100,99192,100,99774,285,,,99792,100,,,99840,100,,,99843,100,,
2019-06-28 11:36:23.437800986,99648,230,99454,100,99687,221,99408,230,99690,226,99388,226,99722,100,99380,226,99755,100,99326,100,99765,100,99324,100,99774,285,99192,100,99792,100,,,99840,100,,,99843,100,,
2019-06-28 11:36:28.788023398,99648,230,99454,100,99687,221,99408,230,99690,226,99388,226,99722,100,99380,226,99755,100,99326,100,99765,100,99324,100,99774,285,99192,100,99792,100,,,99840,100,,,99843,100,,
2019-06-28 11:36:29.880486429,99648,230,99592,100,99687,221,99454,100,99690,226,99408,230,99722,100,99388,226,99755,100,99380,226,99765,100,99326,100,99774,285,99324,100,99792,100,99192,100,99840,100,,,99843,100,,
2019-06-28 11:36:30.000000000,99648,176,99592,176,99687,171,99454,176,99690,176,99408,176,99722,176,99388,176,99755,176,99380,176,99765,100,99326,100,99774,285,99324,100,99792,100,99192,100,99840,100,,,99843,100,,
2019-06-28 11:36:36.416394895,99648,76,99592,176,99687,171,99454,176,99690,176,99408,176,99722,176,99388,176,99755,176,99380,176,99765,100,99326,100,99774,285,99324,100,99792,100,99192,100,99840,100,,,99843,100,,
2019-06-28 11:36:40.000000000,99687,225,99592,230,99690,226,99454,226,99722,226,99408,226,99755,100,99388,100,99765,100,99380,100,99774,285,99326,100,99792,100,99324,100,99840,100,99192,100,99843,100,,,99923,100,,
2019-06-28 11:36:41.093848768,99687,125,99592,230,99690,226,99454,226,99722,226,99408,226,99755,100,99388,100,99765,100,99380,100,99774,285,99326,100,99792,100,99324,100,99840,100,99192,100,99843,100,,,99923,100,,
2019-06-28 11:36:50.000000000,99690,291,99592,291,99722,291,99454,291,99755,100,99408,100,99765,100,99388,100,99774,285,99380,100,99792,100,99326,100,99840,100,99324,100,99843,100,99192,100,99923,100,,,99988,100,,
2019-06-28 11:36:56.454998146,99690,291,99592,291,99722,291,99454,291,99755,100,99408,100,99765,100,99388,100,99774,285,99380,100,99792,100,99326,100,99840,100,99324,100,99843,100,99192,100,99923,100,,,99988,100,,
2019-06-28 11:37:00.000000000,99690,291,99592,157,99722,291,99454,291,99755,100,99408,100,99765,100,99388,100,99774,285,99380,100,99792,100,99326,100,99840,100,99324,100,99843,100,99192,100,99923,100,,,99988,100,,
2019-06-28 11:37:10.000000000,99690,230,99454,230,99722,226,99408,226,99755,226,99388,226,99765,100,99380,100,99774,285,99326,100,99792,100,99324,100,99840,100,99192,100,99843,100,,,99923,100,,,99988,100,,
2019-06-28 11:37:12.247739539,99690,230,99454,230,99722,226,99408,226,99755,226,99388,226,99765,100,99380,100,99774,285,99326,100,99792,100,99324,100,99840,100,99192,100,99843,100,,,99923,100,,,99988,100,,
2019-06-28 11:37:20.000000000,99690,176,99454,176,99722,176,99408,176,99755,176,99388,176,99765,176,99380,176,99774,361,99326,176,99792,100,99324,100,99840,100,99192,100,99843,100,,,99923,100,,,99988,100,,
2019-06-28 11:37:29.264176755,99690,176,99518,100,99722,176,99454,176,99755,176,99408,176,99765,176,99388,176,99774,361,99380,176,99792,100,99326,176,99840,100,99324,100,99923,100,99192,100,99988,100,,,100075,100,,
2019-06-28 11:37:30.000000000,99690,291,99518,291,99722,291,99454,291,99755,100,99408,100,99765,100,99388,100,99774,285,99380,100,99792,100,99326,100,99840,100,99324,100,99923,100,99192,100,99988,100,,,100075,100,,
2019-06-28 11:37:40.000000000,99690,482,99518,482,99722,100,99454,100,99755,100,99408,100,99765,100,99388,100,99774,285,99380,100,99792,100,99326,100,99840,100,99324,100,99923,100,99192,100,99988,100,,,100075,100,,
2019-06-28 11:37:50.000000000,99690,196,99518,196,99722,196,99454,196,99755,196,99408,196,99765,196,99388,196,99774,285,99380,100,99792,100,99326,100,99840,100,99324,100,99923,100,99192,100,99988,100,,,100075,100,,
2019-06-28 11:38:00.000000000,99690,291,99518,157,99722,291,99454,291,99755,100,99408,100,99765,100,99388,100,99774,285,99380,100,99792,100,99326,100,99840,100,99324,100,99923,100,99192,100,99988,100,,,100075,100,,
2019-06-28 11:38:10.000000000,99690,196,99454,196,99722,196,99408,196,99755,196,99388,196,99765,196,99380,196,99774,285,99326,100,99792,100,99324,100,99840,100,99192,100,99923,100,,,99988,100,,,100075,100,,
2019-06-28 11:38:17.492620320,99581,100,99454,196,99690,196,99408,196,99722,196,99388,196,99755,196,99380,196,99765,196,99326,100,99774,285,99324,100,99792,100,99192,100,99840,100,,,99923,100,,,99988,100,,
2019-06-28 11:38:20.000000000,99581,176,99454,176,99690,176,99408,176,99722,176,99388,176,99755,176,99380,176,99765,176,99326,176,99774,285,99324,100,99792,100,99192,100,99840,100,,,99923,100,,,99988,100,,
2019-06-28 11:38:30.000000000,99581,196,99454,196,99690,196,99408,196,99722,196,99388,196,99755,196,99380,196,99765,100,99326,100,99774,285,99324,100,99792,100,99192,100,99840,100,,,99923,100,,,99988,100,,
2019-06-28 11:38:40.000000000,99581,176,99454,176,99690,176,99408,176,99722,176,99388,176,99755,176,99380,176,99765,176,99326,176,99774,285,99324,100,99792,100,99192,100,99840,100,,,99923,100,,,99988,100,,
2019-06-28 11:38:50.000000000,99581,230,99454,230,99690,226,99408,226,99722,226,99388,226,99755,100,99380,100,99765,100,99326,100,99774,285,99324,100,99792,100,99192,100,99840,100,,,99923,100,,,99988,100,,
2019-06-28 11:39:00.000000000,99581,176,99454,42,99690,176,99408,176,99722,176,99388,176,99755,176,99380,176,99765,176,99326,176,99774,285,99324,100,99792,100,99192,100,99840,100,,,99923,100,,,99988,100,,
2019-06-28 11:39:10.000000000,99581,230,99408,230,99690,226,99388,226,99722,226,99380,226,99755,100,99326,100,99765,100,99324,100,99774,285,99192,100,99792,100,,,99840,100,,,99923,100,,,99988,100,,
2019-06-28 11:39:11.168419051,99468,100,99408,230,99581,230,99388,226,99690,226,99380,226,99722,226,99326,100,99755,100,99324,100,99765,100,99192,100,99774,285,,,99792,100,,,99840,100,,,99923,100,,
2019-06-28 11:39:20.000000000,99468,176,99408,176,99581,176,99388,176,99690,176,99380,176,99722,176,99326,176,99755,176,99324,176,99765,100,99192,100,99774,285,,,99792,100,,,99840,100,,,99923,100,,
2019-06-28 11:39:30.000000000,99468,482,99408,482,99581,100,99388,100,99690,100,99380,100,99722,100,99326,100,99755,100,99324,100,99765,100,99192,100,99774,285,,,99792,100,,,99840,100,,,99923,100,,
2019-06-28 11:39:40.000000000,99468,291,99408,291,99581,291,99388,291,99690,100,99380,100,99722,100,99326,100,99755,100,99324,100,99765,100,99192,100,99774,285,,,99792,100,,,99840,100,,,99923,100,,
2019-06-28 11:39:50.000000000,99468,482,99408,482,99581,100,99388,100,99690,100,99380,100,99722,100,99326,100,99755,100,99324,100,99765,100,99192,100,99774,285,,,99792,100,,,99840,100,,,99923,100,,
2019-06-28 11:39:54.543488357,99468,482,99408,482,99581,100,99388,100,99690,100,99380,100,99722,100,99326,100,99755,100,99324,100,99765,100,99290,100,99774,285,99192,100,99792,100,,,99840,100,,,99923,100,,
2019-06-28 11:40:00.000000000,99468,196,99408,62,99581,196,99388,196,99690,196,99380,196,99722,196,99326,196,99755,100,99324,100,99765,100,99290,100,99774,285,99192,100,99792,100,,,99840,100,,,99923,100,,
2019-06-28 11:40:09.633354311,99408,38,99388,196,99468,196,99380,196,99581,196,99326,196,99690,196,99324,100,99722,196,99290,100,99755,100,99192,100,99765,100,,,99774,185,,,99792,100,,,99840,100,,
2019-06-28 11:40:10.000000000,99408,168,99388,230,99468,226,99380,226,99581,226,99326,226,99690,100,99324,100,99722,100,99290,100,99755,100,99192,100,99765,100,,,99774,185,,,99792,100,,,99840,100,,
2019-06-28 11:40:20.000000000,99408,134,99388,196,99468,196,99380,196,99581,196,99326,196,99690,196,99324,196,99722,100,99290,100,99755,100,99192,100,99765,100,,,99774,185,,,99792,100,,,99840,100,,
2019-06-28 11:40:26.780696247,99408,134,99388,196,99468,196,99380,196,99581,196,99326,196,99690,196,99324,196,99722,100,99290,100,99749,100,99192,100,99755,100,,,99765,100,,,99774,185,,,99792,100,,
2019-06-28 11:40:30.000000000,99408,229,99388,291,99468,291,99380,291,99581,100,99326,100,99690,100,99324,100,99722,100,99290,100,99749,100,99192,100,99755,100,,,99765,100,,,99774,185,,,99792,100,,
2019-06-28 11:40:40.000000000,99408,168,99388,230,99468,226,99380,226,99581,226,99326,226,99690,100,99324,100,99722,100,99290,100,99749,100,99192,100,99755,100,,,99765,100,,,99774,185,,,99792,100,,
2019-06-28 11:40:50.000000000,99408,134,99388,196,99468,196,99380,196,99581,196,99326,196,99690,196,99324,196,99722,100,99290,100,99749,100,99192,100,99755,100,,,99765,100,,,99774,185,,,99792,100,,
2019-06-28 11:41:00.000000000,99408,229,99388,157,99468,291,99380,291,99581,100,99326,100,99690,100,99324,100,99722,100,99290,100,99749,100,99192,100,99755,100,,,99765,100,,,99774,185,,,99792,100,,
2019-06-28 11:41:06.463209519,99408,229,99388,157,99468,291,99380,291,99581,100,99326,100,99690,100,99324,100,99722,100,99290,100,99749,100,99192,100,99755,100,98787,100,99765,100,,,99774,185,,,99792,100,,
2019-06-28 11:41:07.388949449,99408,229,99388,157,99468,291,99380,291,99581,100,99326,100,99690,100,99324,100,99722,100,99290,100,99749,100,99192,100,99755,100,98787,100,99765,100,98653,100,99774,185,,,99792,100,,
2019-06-28 11:41:10.000000000,99408,229,99380,291,99468,291,99326,291,99581,100,99324,100,99690,100,99290,100,99722,100,99192,100,99749,100,98787,100,99755,100,98653,100,99765,100,,,99774,185,,,99792,100,,
2019-06-28 11:41:20.000000000,99408,420,99380,482,99468,100,99326,100,99581,100,99324,100,99690,100,99290,100,99722,100,99192,100,99749,100,98787,100,99755,100,98653,100,99765,100,,,99774,185,,,99792,100,,
2019-06-28 11:41:26.780875447,99408,420,99380,482,99468,100,99326,100,99581,100,99324,100,99690,100,99290,100,99722,100,99192,100,99749,100,99028,100,99755,100,98787,100,99765,100,98653,100,99774,185,,,99792,100,,
2019-06-28 11:41:30.000000000,99408,114,99380,176,99468,176,99326,176,99581,176,99324,176,99690,176,99290,176,99722,176,99192,176,99749,100,99028,100,99755,100,98787,100,99765,100,98653,100,99774,185,,,99792,100,,
2019-06-28 11:41:40.000000000,99408,134,99380,196,99468,196,99326,196,99581,196,99324,196,99690,196,99290,196,99722,100,99192,100,99749,100,99028,100,99755,100,98787,100,99765,100,98653,100,99774,185,,,99792,100,,
2019-06-28 11:41:44.065630969,99408,134,99380,96,99468,196,99326,196,99581,196,99324,196,99690,196,99290,196,99749,100,99192,100,99755,100,99028,100,99765,100,98787,100,99774,185,98653,100,99792,100,,,99840,100,,
2019-06-28 11:41:50.000000000,99408,134,99326,196,99468,196,99324,196,99581,196,99290,196,99690,196,99192,196,99749,100,99028,100,99755,100,98787,100,99765,100,98653,100,99774,185,,,99792,100,,,99840,100,,
2019-06-28 11:41:57.859260922,99408,134,99326,96,99468,196,99324,196,99581,196,99290,196,99690,196,99192,196,99749,100,99028,100,99755,100,98787,100,99765,100,98653,100,99774,185,,,99792,100,,,99840,100,,
2019-06-28 11:42:00.000000000,99408,420,99324,348,99468,100,99290,100,99581,100,99192,100,99690,100,99028,100,99749,100,98787,100,99755,100,98653,100,99765,100,,,99774,185,,,99792,100,,,99840,100,,
2019-06-28 11:42:10.000000000,99408,114,99290,176,99468,176,99192,176,99581,176,99028,176,99690,176,98787,176,99749,176,98653,176,99755,100,,,99765,100,,,99774,185,,,99792,100,,,99840,100,,
2019-06-28 11:42:20.000000000,99408,229,99290,291,99468,291,99192,291,99581,100,99028,100,99690,100,98787,100,99749,100,98653,100,99755,100,,,99765,100,,,99774,185,,,99792,100,,,99840,100,,
2019-06-28 11:42:30.000000000,99408,420,99290,482,99468,100,99192,100,99581,100,99028,100,99690,100,98787,100,99749,100,98653,100,99755,100,,,99765,100,,,99774,185,,,99792,100,,,99840,100,,
2019-06-28 11:42:40.000000000,99408,168,99290,230,99468,226,99192,226,99581,226,99028,226,99690,100,98787,100,99749,100,98653,100,99755,100,,,99765,100,,,99774,185,,,99792,100,,,99840,100,,
2019-06-28 11:42:50.000000000,99408,229,99290,291,99468,291,99192,291,99581,100,99028,100,99690,100,98787,100,99749,100,98653,100,99755,100,,,99765,100,,,99774,185,,,99792,100,,,99840,100,,
2019-06-28 11:42:59.814456075,99408,229,99290,291,99468,291,99192,291,99581,100,99028,100,99690,100,98979,100,99749,100,98787,100,99755,100,98653,100,99765,100,,,99774,185,,,99792,100,,,99840,100,,
2019-06-28 11:43:00.000000000,99408,168,99290,96,99468,226,99192,226,99581,226,99028,226,99690,100,98979,100,99749,100,98787,100,99755,100,98653,100,99765,100,,,99774,185,,,99792,100,,,99840,100,,
2019-06-28 11:43:10.000000000,99408,168,99192,230,99468,226,99028,226,99581,226,98979,226,99690,100,98787,100,99749,100,98653,100,99755,100,,,99765,100,,,99774,185,,,99792,100,,,99840,100,,
2019-06-28 11:43:15.356768892,99408,168,99192,130,99468,226,99028,226,99581,226,98979,226,99690,100,98787,100,99749,100,98653,100,99755,100,,,99765,100,,,99774,185,,,99792,100,,,99840,100,,
2019-06-28 11:43:20.000000000,99408,229,99028,291,99468,291,98979,291,99581,100,98787,100,99690,100,98653,100,99749,100,,,99755,100,,,99765,100,,,99774,185,,,99792,100,,,99840,100,,
2019-06-28 11:43:30.000000000,99408,420,99028,482,99468,100,98979,100,99581,100,98787,100,99690,100,98653,100,99749,100,,,99755,100,,,99765,100,,,99774,185,,,99792,100,,,99840,100,,
2019-06-28 11:43:40.000000000,99408,229,99028,291,99468,291,98979,291,99581,100,98787,100,99690,100,98653,100,99749,100,,,99755,100,,,99765,100,,,99774,185,,,99792,100,,,99840,100,,
2019-06-28 11:43:43.738229634,99408,229,99193,100,99468,291,99028,291,99581,100,98979,291,99690,100,98787,100,99749,100,98653,100,99755,100,,,99765,100,,,99774,185,,,99792,100,,,99840,100,,
2019-06-28 11:43:50.000000000,99408,134,99193,196,99468,196,99028,196,99581,196,98979,196,99690,196,98787,196,99749,100,98653,100,99755,100,,,99765,100,,,99774,185,,,99792,100,,,99840,100,,
2019-06-28 11:44:00.000000000,99408,420,99193,348,99468,100,99028,100,99581,100,98979,100,99690,100,98787,100,99749,100,98653,100,99755,100,,,99765,100,,,99774,185,,,99792,100,,,99840,100,,
2019-06-28 11:44:09.435300182,99408,420,99193,348,99468,100,99028,100,99581,100,98979,100,99652,100,98787,100,99690,100,98653,100,99749,100,,,99755,100,,,99765,100,,,99774,185,,,99792,100,,
2019-06-28 11:44:10.000000000,99408,134,99028,196,99468,196,98979,196,99581,196,98787,196,99652,196,98653,196,99690,100,,,99749,100,,,99755,100,,,99765,100,,,99774,185,,,99792,100,,
2019-06-28 11:44:20.000000000,99408,420,99028,482,99468,100,98979,100,99581,100,98787,100,99652,100,98653,100,99690,100,,,99749,100,,,99755,100,,,99765,100,,,99774,185,,,99792,100,,
2019-06-28 11:44:24.529237659,99408,320,99028,482,99468,100,98979,100,99581,100,98787,100,99652,100,98653,100,99690,100,,,99749,100,,,99755,100,,,99765,100,,,99774,185,,,99792,100,,
2019-06-28 11:44:30.000000000,99468,176,99028,176,99581,176,98979,176,99652,176,98787,176,99690,176,98653,176,99749,176,98652,76,99755,100,,,99765,100,,,99774,185,,,99792,100,,,99840,100,,
2019-06-28 11:44:36.816591179,99468,76,99028,176,99581,176,98979,176,99652,176,98787,176,99690,176,98653,176,99749,176,98652,76,99755,100,,,99765,100,,,99774,185,,,99792,100,,,99840,100,,
2019-06-28 11:44:40.000000000,99581,230,99028,230,99652,226,98979,226,99690,226,98787,226,99749,100,98653,100,99755,100,,,99765,100,,,99774,185,,,99792,100,,,99840,100,,,99923,100,,
2019-06-28 11:44:50.000000000,99581,291,99028,291,99652,291,98979,291,99690,100,98787,100,99749,100,98653,100,99755,100,,,99765,100,,,99774,185,,,99792,100,,,99840,100,,,99923,100,,
2019-06-28 11:44:52.180034547,99581,291,99524,100,99652,291,99028,291,99690,100,98979,291,99749,100,98653,100,99755,100,,,99765,100,,,99774,185,,,99792,100,,,99840,100,,,99923,100,,
2019-06-28 11:44:54.973071977,99581,191,99524,100,99652,291,99028,291,99690,100,98979,291,99749,100,98653,100,99755,100,,,99765,100,,,99774,185,,,99792,100,,,99840,100,,,99923,100,,
2019-06-28 11:44:57.373783950,99581,91,99524,100,99652,291,99028,291,99690,100,98979,291,99749,100,98653,100,99755,100,,,99765,100,,,99774,185,,,99792,100,,,99840,100,,,99923,100,,
2019-06-28 11:44:59.799180958,99652,291,99581,9,99690,100,99524,100,99749,100,99028,291,99755,100,98979,291,99765,100,98653,100,99774,185,,,99792,100,,,99840,100,,,99923,100,,,100075,100,,
2019-06-28 11:45:00.000000000,99652,230,99581,5,99690,226,99524,226,99749,226,99028,226,99755,100,98979,100,99765,100,98653,100,99774,185,,,99792,100,,,99840,100,,,99923,100,,,100075,100,,
2019-06-28 11:45:10.000000000,99652,291,99524,291,99690,291,99028,291,99749,100,98979,100,99755,100,98653,100,99765,100,,,99774,185,,,99792,100,,,99840,100,,,99923,100,,,100075,100,,
2019-06-28 11:45:20.000000000,99652,176,99524,176,99690,176,99028,176,99749,176,98979,176,99755,176,98653,176,99765,176,98652,76,99774,185,,,99792,100,,,99840,100,,,99923,100,,,100075,100,,
2019-06-28 11:45:30.000000000,99652,291,99524,291,99690,291,99028,291,99749,100,98979,100,99755,100,98653,100,99765,100,,,99774,185,,,99792,100,,,99840,100,,,99923,100,,,100075,100,,
2019-06-28 11:45:40.000000000,99652,196,99524,196,99690,196,99028,196,99749,196,98979,196,99755,196,98653,196,99765,100,,,99774,185,,,99792,100,,,99840,100,,,99923,100,,,100075,100,,
2019-06-28 11:45:50.000000000,99652,482,99524,482,99690,100,99028,100,99749,100,98979,100,99755,100,98653,100,99765,100,,,99774,185,,,99792,100,,,99840,100,,,99923,100,,,100075,100,,
2019-06-28 11:46:00.000000000,99652,196,99524,62,99690,196,99028,196,99749,196,98979,196,99755,196,98653,196,99765,100,,,99774,185,,,99792,100,,,99840,100,,,99923,100,,,100075,100,,
2019-06-28 11:46:10.000000000,99652,291,99028,291,99690,291,98979,291,99749,100,98653,100,99755,100,,,99765,100,,,99774,185,,,99792,100,,,99840,100,,,99923,100,,,100075,100,,
2019-06-28 11:46:19.861171696,99652,291,99028,291,99690,291,98979,291,99749,100,98653,100,99755,100,,,99765,100,,,99774,185,,,99792,100,,,99795,100,,,99840,100,,,99923,100,,
2019-06-28 11:46:20.000000000,99652,291,99028,291,99690,291,98979,291,99749,100,98653,100,99755,100,,,99765,100,,,99774,185,,,99792,100,,,99795,100,,,99840,100,,,99923,100,,
2019-06-28 11:46:30.000000000,99652,230,99028,230,99690,226,98979,226,99749,226,98653,226,99755,100,,,99765,100,,,99774,185,,,99792,100,,,99795,100,,,99840,100,,,99923,100,,
2019-06-28 11:46:40.000000000,99652,291,99028,291,99690,291,98979,291,99749,100,98653,100,99755,100,,,99765,100,,,99774,185,,,99792,100,,,99795,100,,,99840,100,,,99923,100,,
2019-06-28 11:46:41.921665417,99652,191,99028,291,99690,291,98979,291,99749,100,98653,100,99755,100,,,99765,100,,,99774,185,,,99792,100,,,99795,100,,,99840,100,,,99923,100,,
2019-06-28 11:46:50.000000000,99690,291,99028,291,99749,291,98979,291,99755,100,98653,100,99765,100,,,99774,185,,,99792,100,,,99795,100,,,99840,100,,,99923,100,,,100075,100,,
2019-06-28 11:47:00.000000000,99690,291,99028,157,99749,291,98979,291,99755,100,98653,100,99765,100,,,99774,185,,,99792,100,,,99795,100,,,99840,100,,,99923,100,,,100075,100,,
2019-06-28 11:47:10.000000000,99690,482,98979,482,99749,100,98653,100,99755,100,,,99765,100,,,99774,185,,,99792,100,,,99795,100,,,99840,100,,,99923,100,,,100075,100,,
2019-06-28 11:47:20.000000000,99690,176,98979,176,99749,176,98653,176,99755,176,98652,76,99765,176,,,99774,261,,,99792,100,,,99795,100,,,99840,100,,,99923,100,,,100075,100,,
2019-06-28 11:47:22.230459907,99690,76,98979,176,99749,176,98653,176,99755,176,98652,76,99765,176,,,99774,261,,,99792,100,,,99795,100,,,99840,100,,,99923,100,,,100075,100,,
2019-06-28 11:47:23.827930280,99690,76,99028,100,99749,176,98979,176,99755,176,98653,176,99765,176,98652,76,99774,261,,,99792,100,,,99795,100,,,99840,100,,,99923,100,,,100075,100,,
2019-06-28 11:47:26.591087713,99690,76,99028,200,99749,176,98979,176,99755,176,98653,176,99765,176,98652,76,99774,261,,,99792,100,,,99795,100,,,99840,100,,,99923,100,,,100075,100,,
2019-06-28 11:47:30.000000000,99749,291,99028,391,99755,291,98979,291,99765,100,98653,100,99774,185,,,99792,100,,,99795,100,,,99840,100,,,99923,100,,,100075,100,,,100101,100,,
2019-06-28 11:47:40.000000000,99749,482,99028,582,99755,100,98979,100,99765,100,98653,100,99774,185,,,99792,100,,,99795,100,,,99840,100,,,99923,100,,,100075,100,,,100101,100,,
2019-06-28 11:47:45.608751017,99749,382,99028,582,99755,100,98979,100,99765,100,98653,100,99774,185,,,99792,100,,,99795,100,,,99840,100,,,99923,100,,,100075,100,,,100101,100,,
2019-06-28 11:47:47.522984019,99749,282,99028,582,99755,100,98979,100,99765,100,98653,100,99774,185,,,99792,100,,,99795,100,,,99840,100,,,99923,100,,,100075,100,,,100101,100,,
2019-06-28 11:47:50.000000000,99755,230,99028,330,99765,226,98979,226,99774,311,98653,226,99792,100,,,99795,100,,,99840,100,,,99923,100,,,100075,100,,,100101,100,,,100215,100,,
2019-06-28 11:47:54.957003042,99755,230,99028,330,99765,226,98979,226,99774,311,98653,226,99792,100,,,99795,100,,,99840,100,,,99923,100,,,100075,100,,,100101,100,,,100150,100,,
2019-06-28 11:47:58.148468640,99755,230,99028,330,99765,226,98979,226,99774,311,98653,226,99792,100,,,99795,100,,,99840,100,,,99923,100,,,100067,100,,,100075,100,,,100101,100,,
2019-06-28 11:48:00.000000000,99755,176,99028,142,99765,176,98979,176,99774,261,98653,176,99792,176,98652,76,99795,176,,,99840,100,,,99923,100,,,100067,100,,,100075,100,,,100101,100,,
2019-06-28 11:48:10.000000000,99755,482,99028,448,99765,100,98979,100,99774,185,98653,100,99792,100,,,99795,100,,,99840,100,,,99923,100,,,100067,100,,,100075,100,,,100101,100,,
2019-06-28 11:48:20.000000000,99755,291,99028,257,99765,291,98979,291,99774,185,98653,100,99792,100,,,99795,100,,,99840,100,,,99923,100,,,100067,100,,,100075,100,,,100101,100,,
2019-06-28 11:48:30.000000000,99755,291,99028,257,99765,291,98979,291,99774,185,98653,100,99792,100,,,99795,100,,,99840,100,,,99923,100,,,100067,100,,,100075,100,,,100101,100,,
2019-06-28 11:48:32.722977147,99748,100,99028,257,99755,291,98979,191,99765,291,98653,100,99774,185,,,99792,100,,,99795,100,,,99840,100,,,99923,100,,,100067,100,,,100075,100,,
2019-06-28 11:48:40.000000000,99748,230,99028,196,99755,226,98653,226,99765,226,98652,126,99774,185,,,99792,100,,,99795,100,,,99840,100,,,99923,100,,,100067,100,,,100075,100,,
2019-06-28 11:48:50.000000000,99748,176,99028,142,99755,176,98653,176,99765,176,98652,76,99774,261,,,99792,176,,,99795,100,,,99840,100,,,99923,100,,,100067,100,,,100075,100,,
2019-06-28 11:48:52.781007915,99748,176,99028,242,99755,176,98653,176,99765,176,98652,76,99774,261,,,99792,176,,,99795,100,,,99840,100,,,99923,100,,,100067,100,,,100075,100,,
2019-06-28 11:49:00.000000000,99748,482,99028,414,99755,100,98653,100,99765,100,,,99774,185,,,99792,100,,,99795,100,,,99840,100,,,99923,100,,,100067,100,,,100075,100,,
2019-06-28 11:49:10.000000000,99748,196,99028,128,99755,196,98653,196,99765,196,98652,96,99774,281,,,99792,100,,,99795,100,,,99840,100,,,99923,100,,,100067,100,,,100075,100,,
2019-06-28 11:49:20.000000000,99748,291,99028,223,99755,291,98653,291,99765,100,,,99774,185,,,99792,100,,,99795,100,,,99840,100,,,99923,100,,,100067,100,,,100075,100,,
2019-06-28 11:49:22.203233789,99748,291,99028,223,99755,291,98653,191,99765,100,,,99774,185,,,99792,100,,,99795,100,,,99840,100,,,99884,100,,,99923,100,,,100067,100,,
2019-06-28 11:49:30.000000000,99748,230,99028,162,99755,226,99027,126,99765,226,,,99774,185,,,99792,100,,,99795,100,,,99840,100,,,99884,100,,,99923,100,,,100067,100,,
2019-06-28 11:49:38.851647014,99748,230,99028,262,99755,226,99027,126,99765,226,,,99774,185,,,99792,100,,,99795,100,,,99840,100,,,99884,100,,,99923,100,,,100067,100,,
2019-06-28 11:49:40.000000000,99748,482,99028,514,99755,100,,,99765,100,,,99774,185,,,99792,100,,,99795,100,,,99840,100,,,99884,100,,,99923,100,,,100067,100,,
2019-06-28 11:49:42.814410722,99748,482,99601,100,99755,100,99028,514,99765,100,,,99774,185,,,99792,100,,,99795,100,,,99840,100,,,99884,100,,,99923,100,,,100067,100,,
2019-06-28 11:49:46.625733061,99713,100,99601,100,99748,482,99028,514,99755,100,,,99765,100,,,99774,185,,,99792,100,,,99795,100,,,99840,100,,,99884,100,,,99923,100,,
2019-06-28 11:49:50.000000000,99713,176,99601,176,99748,176,99028,208,99755,176,99027,76,99765,176,,,99774,261,,,99792,100,,,99795,100,,,99840,100,,,99884,100,,,99923,100,,
2019-06-28 11:50:00.000000000,99713,291,99601,157,99748,291,99028,323,99755,100,,,99765,100,,,99774,185,,,99792,100,,,99795,100,,,99840,100,,,99884,100,,,99923,100,,
2019-06-28 11:50:02.716510239,99713,291,99601,57,99748,291,99028,223,99755,100,,,99765,100,,,99774,185,,,99792,100,,,99795,100,,,99840,100,,,99884,100,,,99923,100,,
2019-06-28 11:50:05.362081719,99617,100,99601,57,99713,291,99028,223,99748,291,,,99755,100,,,99765,100,,,99774,185,,,99792,100,,,99795,100,,,99840,100,,,99884,100,,
2019-06-28 11:50:10.000000000,99617,176,99028,108,99713,176,99027,76,99748,176,,,99755,176,,,99765,176,,,99774,185,,,99792,100,,,99795,100,,,99840,100,,,99884,100,,
2019-06-28 11:50:20.000000000,99617,176,99028,108,99713,176,99027,76,99748,176,,,99755,176,,,99765,176,,,99774,185,,,99792,100,,,99795,100,,,99840,100,,,99884,100,,
2019-06-28 11:50:20.262012220,99617,176,99028,108,99713,176,99027,76,99743,100,,,99748,176,,,99755,176,,,99765,76,,,99774,185,,,99792,100,,,99795,100,,,99840,100,,
2019-06-28 11:50:30.000000000,99617,196,99028,128,99713,196,99027,96,99743,196,,,99748,196,,,99755,100,,,99774,185,,,99792,100,,,99795,100,,,99840,100,,,99884,100,,
2019-06-28 11:50:40.000000000,99617,230,99028,162,99713,226,99027,126,99743,226,,,99748,100,,,99755,100,,,99774,185,,,99792,100,,,99795,100,,,99840,100,,,99884,100,,
2019-06-28 11:50:50.000000000,99617,230,99028,162,99713,226,99027,126,99743,226,,,99748,100,,,99755,100,,,99774,185,,,99792,100,,,99795,100,,,99840,100,,,99884,100,,
2019-06-28 11:50:50.955511118,99617,230,99601,100,99713,226,99028,162,99743,226,99027,126,99748,100,,,99755,100,,,99774,185,,,99792,100,,,99795,100,,,99840,100,,,99884,100,,
2019-06-28 11:51:00.000000000,99617,230,99601,96,99713,226,99028,158,99743,226,99027,126,99748,100,,,99755,100,,,99774,185,,,99792,100,,,99795,100,,,99840,100,,,99884,100,,
2019-06-28 11:51:10.000000000,99617,176,99028,108,99713,176,99027,76,99743,176,,,99748,176,,,99755,176,,,99774,185,,,99792,100,,,99795,100,,,99840,100,,,99884,100,,
2019-06-28 11:51:20.000000000,99617,291,99028,223,99713,291,99027,191,99743,100,,,99748,100,,,99755,100,,,99774,185,,,99792,100,,,99795,100,,,99840,100,,,99884,100,,
2019-06-28 11:51:24.682053798,99617,291,99028,223,99713,291,99027,191,99743,100,,,99748,100,,,99755,100,,,99774,185,,,99792,100,,,99795,100,,,99840,100,,,99884,100,,
2019-06-28 11:51:29.378062714,99617,91,99028,223,99713,291,99027,191,99743,100,,,99748,100,,,99755,100,,,99774,185,,,99792,100,,,99795,100,,,99840,100,,,99884,100,,
2019-06-28 11:51:29.865143186,99617,91,99028,223,99713,291,99027,191,99743,100,,,99748,100,,,99755,100,,,99774,185,,,99792,100,,,99795,100,,,99816,100,,,99840,100,,
2019-06-28 11:51:30.000000000,99713,196,99028,128,99743,196,99027,96,99748,196,,,99755,196,,,99774,185,,,99792,100,,,99795,100,,,99816,100,,,99840,100,,,99884,100,,
2019-06-28 11:51:39.720743484,99713,196,99601,100,99743,196,99028,128,99748,196,99027,96,99755,196,,,99774,185,,,99792,100,,,99795,100,,,99816,100,,,99840,100,,,99884,100,,
2019-06-28 11:51:40.000000000,99713,196,99601,196,99743,196,99028,128,99748,196,99027,96,99755,196,,,99774,185,,,99792,100,,,99795,100,,,99816,100,,,99840,100,,,99884,100,,
2019-06-28 11:51:47.236883173,99713,196,99704,100,99743,196,99601,196,99748,196,99028,128,99755,196,99027,96,99774,185,,,99792,100,,,99795,100,,,99816,100,,,99840,100,,,99884,100,,
2019-06-28 11:51:49.572392131,99713,196,99704,100,99743,196,99666,100,99748,196,99601,196,99755,196,99028,128,99774,185,99027,96,99792,100,,,99795,100,,,99816,100,,,99840,100,,,99884,100,,
2019-06-28 11:51:50.000000000,99713,230,99704,230,99743,226,99666,226,99748,226,99601,226,99755,100,99028,32,99774,185,,,99792,100,,,99795,100,,,99816,100,,,99840,100,,,99884,100,,
2019-06-28 11:51:55.375894856,99713,230,99704,130,99743,226,99666,226,99748,226,99601,226,99755,100,99028,32,99774,185,,,99792,100,,,99795,100,,,99816,100,,,99840,100,,,99884,100,,
2019-06-28 11:52:00.000000000,99713,96,99666,230,99743,226,99601,226,99748,226,99028,158,99755,100,,,99774,185,,,99792,100,,,99795,100,,,99816,100,,,99840,100,,,99884,100,,
2019-06-28 11:52:10.000000000,99743,291,99666,291,99748,291,99601,291,99755,100,99028,32,99774,185,,,99792,100,,,99795,100,,,99816,100,,,99840,100,,,99884,100,,,100067,100,,
2019-06-28 11:52:20.000000000,99743,482,99666,482,99748,100,99601,100,99755,100,99028,32,99774,185,,,99792,100,,,99795,100,,,99816,100,,,99840,100,,,99884,100,,,100067,100,,
2019-06-28 11:52:30.000000000,99743,230,99666,230,99748,226,99601,226,99755,226,99028,158,99774,185,,,99792,100,,,99795,100,,,99816,100,,,99840,100,,,99884,100,,,100067,100,,
2019-06-28 11:52:37.053455791,99743,130,99666,230,99748,226,99601,226,99755,226,99028,158,99774,185,,,99792,100,,,99795,100,,,99816,100,,,99840,100,,,99884,100,,,100067,100,,
2019-06-28 11:52:40.000000000,99748,291,99666,291,99755,291,99601,291,99774,185,99028,32,99792,100,,,99795,100,,,99816,100,,,99840,100,,,99884,100,,,100067,100,,,100101,100,,
2019-06-28 11:52:50.000000000,99748,196,99666,196,99755,196,99601,196,99774,281,99028,128,99792,196,99027,96,99795,100,,,99816,100,,,99840,100,,,99884,100,,,100067,100,,,100101,100,,
2019-06-28 11:53:00.000000000,99748,157,99666,291,99755,291,99601,291,99774,185,99028,32,99792,100,,,99795,100,,,99816,100,,,99840,100,,,99884,100,,,100067,100,,,100101,100,,
2019-06-28 11:53:10.000000000,99755,196,99666,196,99774,281,99601,196,99792,196,99028,128,99795,196,99027,96,99816,100,,,99840,100,,,99884,100,,,100067,100,,,100101,100,,,100150,100,,
2019-06-28 11:53:12.070690067,99755,196,99716,100,99774,281,99666,196,99792,196,99601,196,99795,196,99028,128,99816,100,99027,96,99840,100,,,99884,100,,,100067,100,,,100101,100,,,100150,100,,
2019-06-28 11:53:14.917613161,99755,196,99716,100,99774,281,99666,196,99792,196,99609,100,99795,196,99601,196,99816,100,99028,128,99840,100,99027,96,99884,100,,,100067,100,,,100101,100,,,100150,100,,
2019-06-28 11:53:15.783448701,99755,196,99716,100,99774,281,99666,196,99792,196,99609,100,99795,196,99601,196,99816,100,99570,100,99840,100,99028,128,99884,100,99027,96,100067,100,,,100101,100,,,100150,100,,
2019-06-28 11:53:20.000000000,99755,291,99716,291,99774,376,99666,291,99792,100,99609,100,99795,100,99601,100,99816,100,99570,100,99840,100,99028,32,99884,100,,,100067,100,,,100101,100,,,100150,100,,
2019-06-28 11:53:30.000000000,99755,482,99716,482,99774,185,99666,100,99792,100,99609,100,99795,100,99601,100,99816,100,99570,100,99840,100,99028,32,99884,100,,,100067,100,,,100101,100,,,100150,100,,
2019-06-28 11:53:40.000000000,99755,291,99716,291,99774,376,99666,291,99792,100,99609,100,99795,100,99601,100,99816,100,99570,100,99840,100,99028,32,99884,100,,,100067,100,,,100101,100,,,100150,100,,
2019-06-28 11:53:49.197967442,99755,291,99716,291,99774,376,99666,291,99792,100,99630,100,99795,100,99609,100,99816,100,99601,100,99884,100,99570,100,100067,100,99028,32,100101,100,,,100150,100,,,100215,100,,
2019-06-28 11:53:50.000000000,99755,196,99716,196,99774,281,99666,196,99792,196,99630,196,99795,196,99609,196,99816,100,99601,100,99884,100,99570,100,100067,100,99028,32,100101,100,,,100150,100,,,100215,100,,
2019-06-28 11:54:00.000000000,99755,62,99716,196,99774,281,99666,196,99792,196,99630,196,99795,196,99609,196,99816,100,99601,100,99884,100,99570,100,100067,100,99028,32,100101,100,,,100150,100,,,100215,100,,
2019-06-28 11:54:10.000000000,99774,567,99716,482,99792,100,99666,100,99795,100,99630,100,99816,100,99609,100,99884,100,99601,100,100067,100,99570,100,100101,100,99028,32,100150,100,,,100215,100,,,100260,100,,
2019-06-28 11:54:11.094491885,99774,567,99716,382,99792,100,99666,100,99795,100,99630,100,99816,100,99609,100,99884,100,99601,100,100067,100,99570,100,100101,100,99028,32,100150,100,,,100215,100,,,100260,100,,
2019-06-28 11:54:20.000000000,99774,281,99666,196,99792,196,99630,196,99795,196,99609,196,99816,196,99601,196,99884,100,99570,100,100067,100,99028,32,100101,100,,,100150,100,,,100215,100,,,100260,100,,
2019-06-28 11:54:23.312843727,99755,100,99666,196,99774,281,99630,196,99792,196,99609,196,99795,196,99601,196,99816,196,99570,100,99884,100,99028,32,100067,100,,,100101,100,,,100150,100,,,100215,100,,
2019-06-28 11:54:30.000000000,99755,482,99666,482,99774,185,99630,100,99792,100,99609,100,99795,100,99601,100,99816,100,99570,100,99884,100,99028,32,100067,100,,,100101,100,,,100150,100,,,100215,100,,
2019-06-28 11:54:32.797539177,99755,482,99666,482,99774,185,99630,100,99792,100,99609,100,99795,100,99601,100,99816,100,99570,100,99884,100,99068,100,100067,100,99028,32,100101,100,,,100215,100,,,100260,100,,
2019-06-28 11:54:40.000000000,99755,176,99666,176,99774,261,99630,176,99792,176,99609,176,99795,176,99601,176,99816,176,99570,176,99884,100,99068,100,100067,100,99028,32,100101,100,,,100215,100,,,100260,100,,
2019-06-28 11:54:50.000000000,99755,482,99666,482,99774,185,99630,100,99792,100,99609,100,99795,100,99601,100,99816,100,99570,100,99884,100,99068,100,100067,100,99028,32,100101,100,,,100215,100,,,100260,100,,
2019-06-28 11:54:51.082639209,99755,582,99666,482,99774,185,99630,100,99792,100,99609,100,99795,100,99601,100,99816,100,99570,100,99884,100,99068,100,100067,100,99028,32,100101,100,,,100215,100,,,100260,100,,
2019-06-28 11:55:00.000000000,99755,196,99666,230,99774,311,99630,226,99792,226,99609,226,99795,100,99601,100,99816,100,99570,100,99884,100,99068,100,100067,100,99028,32,100101,100,,,100215,100,,,100260,100,,
2019-06-28 11:55:01.929744864,99755,196,99666,230,99774,311,99630,226,99792,226,99609,226,99795,100,99601,100,99816,100,99570,100,99884,100,99028,32,100067,100,98787,100,100101,100,,,100215,100,,,100260,100,,
2019-06-28 11:55:10.000000000,99755,257,99666,291,99774,376,99630,291,99792,100,99609,100,99795,100,99601,100,99816,100,99570,100,99884,100,99028,32,100067,100,98787,100,100101,100,,,100215,100,,,100260,100,,
2019-06-28 11:55:18.514579296,99755,257,99666,291,99774,376,99630,291,99792,100,99609,100,99795,100,99601,100,99816,100,99570,100,99884,100,99028,32,100067,100,98787,100,100101,100,98624,100,100215,100,,,100260,100,,
2019-06-28 11:55:19.413600063,99755,257,99666,191,99774,376,99630,291,99792,100,99609,100,99795,100,99601,100,99816,100,99570,100,99884,100,99028,32,100067,100,98787,100,100101,100,98624,100,100215,100,,,100260,100,,
2019-06-28 11:55:20.000000000,99755,196,99630,230,99774,311,99609,226,99792,226,99601,226,99795,100,99570,100,99816,100,99028,32,99884,100,98787,100,100067,100,98624,100,100101,100,,,100215,100,,,100260,100,,
2019-06-28 11:55:30.000000000,99755,448,99630,482,99774,185,99609,100,99792,100,99601,100,99795,100,99570,100,99816,100,99028,32,99884,100,98787,100,100067,100,98624,100,100101,100,,,100215,100,,,100260,100,,
2019-06-28 11:55:39.360887827,99755,448,99630,482,99774,185,99609,100,99792,100,99601,100,99795,100,99570,100,99816,100,99028,32,99884,100,98787,100,100067,100,98673,100,100101,100,98624,100,100215,100,,,100260,100,,
2019-06-28 11:55:40.000000000,99755,196,99630,230,99774,311,99609,226,99792,226,99601,226,99795,100,99570,100,99816,100,99028,32,99884,100,98787,100,100067,100,98673,100,100101,100,98624,100,100215,100,,,100260,100,,
2019-06-28 11:55:46.300644030,99755,196,99630,230,99774,311,99609,226,99792,226,99601,226,99795,100,99570,100,99816,100,99028,32,99884,100,98790,100,100067,100,98787,100,100101,100,98673,100,100215,100,98624,100,100260,100,,
2019-06-28 11:55:50.000000000,99755,162,99630,196,99774,281,99609,196,99792,196,99601,196,99795,196,99570,196,99816,100,99028,32,99884,100,98790,100,100067,100,98787,100,100101,100,98673,100,100215,100,98624,100,100260,100,,
2019-06-28 11:55:57.338761715,99755,162,99630,96,99774,281,99609,196,99792,196,99601,196,99795,196,99570,196,99816,100,99028,32,99884,100,98790,100,100067,100,98787,100,100101,100,98673,100,100215,100,98624,100,100260,100,,
2019-06-28 11:56:00.000000000,99755,62,99609,230,99774,311,99601,226,99792,226,99570,226,99795,100,99028,32,99816,100,98790,100,99884,100,98787,100,100067,100,98673,100,100101,100,98624,100,100215,100,,,100260,100,,
2019-06-28 11:56:10.000000000,99774,315,99609,230,99792,226,99601,226,99795,226,99570,226,99816,100,99028,32,99884,100,98790,100,100067,100,98787,100,100101,100,98673,100,100215,100,98624,100,100260,100,,,100350,100,,
2019-06-28 11:56:20.000000000,99774,376,99609,291,99792,291,99601,291,99795,100,99570,100,99816,100,99028,32,99884,100,98790,100,100067,100,98787,100,100101,100,98673,100,100215,100,98624,100,100260,100,,,100350,100,,
2019-06-28 11:56:28.076673241,99774,376,99609,191,99792,291,99601,291,99795,100,99570,100,99816,100,99028,32,99884,100,98790,100,100067,100,98787,100,100101,100,98673,100,100215,100,98624,100,100260,100,,,100350,100,,
2019-06-28 11:56:30.000000000,99774,261,99601,176,99792,176,99570,176,99795,176,99028,108,99816,176,98790,176,99884,176,98787,176,100067,100,98673,100,100101,100,98624,100,100215,100,,,100260,100,,,100350,100,,
2019-06-28 11:56:31.090319348,99774,261,99601,76,99792,176,99570,176,99795,176,99028,108,99816,176,98790,176,99884,176,98787,176,100067,100,98673,100,100101,100,98624,100,100215,100,,,100260,100,,,100350,100,,
2019-06-28 11:56:39.071652341,99774,261,99601,76,99792,176,99570,176,99795,176,99028,108,99816,176,98790,176,99884,176,98787,176,100067,100,98673,100,100101,100,98624,100,100215,100,98453,100,100260,100,,,100350,100,,
2019-06-28 11:56:40.000000000,99774,281,99570,196,99792,196,99028,128,99795,196,98790,196,99816,196,98787,196,99884,100,98673,100,100067,100,98624,100,100101,100,98453,100,100215,100,,,100260,100,,,100350,100,,
2019-06-28 11:56:50.000000000,99774,315,99570,230,99792,226,99028,158,99795,226,98790,226,99816,100,98787,100,99884,100,98673,100,100067,100,98624,100,100101,100,98453,100,100215,100,,,100260,100,,,100350,100,,
2019-06-28 11:56:55.088381727,99774,315,99570,130,99792,226,99028,158,99795,226,98790,226,99816,100,98787,100,99884,100,98673,100,100067,100,98624,100,100101,100,98453,100,100215,100,,,100260,100,,,100350,100,,
2019-06-28 11:57:00.000000000,99774,147,99028,128,99792,196,98790,196,99795,196,98787,196,99816,196,98673,196,99884,100,98624,100,100067,100,98453,100,100101,100,,,100215,100,,,100260,100,,,100350,100,,
2019-06-28 11:57:10.000000000,99774,433,99028,414,99792,100,98790,100,99795,100,98787,100,99816,100,98673,100,99884,100,98624,100,100067,100,98453,100,100101,100,,,100215,100,,,100260,100,,,100350,100,,
2019-06-28 11:57:20.000000000,99774,181,99028,162,99792,226,98790,226,99795,226,98787,226,99816,100,98673,100,99884,100,98624,100,100067,100,98453,100,100101,100,,,100215,100,,,100260,100,,,100350,100,,
2019-06-28 11:57:30.000000000,99774,433,99028,414,99792,100,98790,100,99795,100,98787,100,99816,100,98673,100,99884,100,98624,100,100067,100,98453,100,100101,100,,,100215,100,,,100260,100,,,100350,100,,
2019-06-28 11:57:40.000000000,99774,181,99028,162,99792,226,98790,226,99795,226,98787,226,99816,100,98673,100,99884,100,98624,100,100067,100,98453,100,100101,100,,,100215,100,,,100260,100,,,100350,100,,
2019-06-28 11:57:40.866783251,99774,181,99125,100,99792,226,99028,162,99795,226,98790,226,99816,100,98787,226,99884,100,98673,100,100067,100,98624,100,100101,100,98453,100,100215,100,,,100260,100,,,100350,100,,
2019-06-28 11:57:50.000000000,99774,433,99125,482,99792,100,99028,32,99795,100,98790,100,99816,100,98787,100,99884,100,98673,100,100067,100,98624,100,100101,100,98453,100,100215,100,,,100260,100,,,100350,100,,
2019-06-28 11:58:00.000000000,99792,169,99125,176,99795,176,99028,108,99816,176,98790,176,99884,176,98787,176,100067,100,98673,176,100101,100,98624,100,100215,100,98453,100,100260,100,,,100350,100,,,,,,
2019-06-28 11:58:10.000000000,99792,169,99125,176,99795,176,99028,108,99816,176,98790,176,99884,176,98787,176,100067,176,98673,176,100101,100,98624,100,100215,100,98453,100,100260,100,,,100350,100,,,,,,
2019-06-28 11:58:10.319362041,99792,169,99340,100,99795,176,99125,176,99816,176,99028,108,99884,176,98790,176,100067,176,98787,176,100101,100,98673,176,100215,100,98624,100,100260,100,98453,100,100350,100,,,,,,
2019-06-28 11:58:10.603690802,99792,269,99340,100,99795,176,99125,176,99816,176,99028,108,99884,176,98790,176,100067,176,98787,176,100101,100,98673,176,100215,100,98624,100,100260,100,98453,100,100350,100,,,,,,
2019-06-28 11:58:20.000000000,99792,289,99340,196,99795,196,99125,196,99816,196,99028,128,99884,196,98790,196,100067,100,98787,100,100101,100,98673,100,100215,100,98624,100,100260,100,98453,100,100350,100,,,,,,
2019-06-28 11:58:30.000000000,99792,575,99340,482,99795,100,99125,100,99816,100,99028,32,99884,100,98790,100,100067,100,98787,100,100101,100,98673,100,100215,100,98624,100,100260,100,98453,100,100350,100,,,,,,
2019-06-28 11:58:40.000000000,99792,575,99340,482,99795,100,99125,100,99816,100,99028,32,99884,100,98790,100,100067,100,98787,100,100101,100,98673,100,100215,100,98624,100,100260,100,98453,100,100350,100,,,,,,
2019-06-28 11:58:50.000000000,99792,575,99340,482,99795,100,99125,100,99816,100,99028,32,99884,100,98790,100,100067,100,98787,100,100101,100,98673,100,100215,100,98624,100,100260,100,98453,100,100350,100,,,,,,
2019-06-28 11:59:00.000000000,99792,221,99340,90,99795,176,99125,176,99816,176,99028,108,99884,176,98790,176,100067,176,98787,176,100101,100,98673,100,100215,100,98624,100,100260,100,98453,100,100350,100,,,,,,
2019-06-28 11:59:04.572489176,99792,221,99340,90,99795,176,99125,176,99798,100,99028,108,99816,176,98790,176,99884,176,98787,176,100067,176,98673,100,100101,100,98624,100,100215,100,98453,100,100260,100,,,100350,100,,
2019-06-28 11:59:10.000000000,99792,336,99340,205,99795,291,99125,291,99798,100,99028,32,99816,100,98790,100,99884,100,98787,100,100067,100,98673,100,100101,100,98624,100,100215,100,98453,100,100260,100,,,100350,100,,
2019-06-28 11:59:12.269937933,99792,236,99340,205,99795,291,99125,291,99798,100,99028,32,99816,100,98790,100,99884,100,98787,100,100067,100,98673,100,100101,100,98624,100,100215,100,98453,100,100260,100,,,100350,100,,
2019-06-28 11:59:15.353853650,99792,236,99340,205,99795,291,99125,291,99798,100,99028,32,99816,100,98790,100,99843,100,98787,100,99884,100,98673,100,100067,100,98624,100,100101,100,98453,100,100215,100,,,100260,100,,
2019-06-28 11:59:20.000000000,99792,427,99340,396,99795,100,99125,100,99798,100,99028,32,99816,100,98790,100,99843,100,98787,100,99884,100,98673,100,100067,100,98624,100,100101,100,98453,100,100215,100,,,100260,100,,
2019-06-28 11:59:30.000000000,99792,427,99340,396,99795,100,99125,100,99798,100,99028,32,99816,100,98790,100,99843,100,98787,100,99884,100,98673,100,100067,100,98624,100,100101,100,98453,100,100215,100,,,100260,100,,
2019-06-28 11:59:35.609883086,99791,100,99340,396,99792,427,99125,100,99795,100,99028,32,99798,100,98790,100,99816,100,98787,100,99843,100,98673,100,99884,100,98624,100,100067,100,98453,100,100101,100,,,100215,100,,
2019-06-28 11:59:40.000000000,99791,176,99340,90,99792,121,99125,176,99795,176,99028,108,99798,176,98790,176,99816,176,98787,176,99843,100,98673,100,99884,100,98624,100,100067,100,98453,100,100101,100,,,100215,100,,
2019-06-28 11:59:50.000000000,99791,196,99340,110,99792,141,99125,196,99795,196,99028,128,99798,196,98790,196,99816,100,98787,100,99843,100,98673,100,99884,100,98624,100,100067,100,98453,100,100101,100,,,100215,100,,
2019-06-28 12:00:00.000000000,99791,348,99340,396,99792,45,99125,100,99795,100,99028,32,99798,100,98790,100,99816,100,98787,100,99843,100,98673,100,99884,100,98624,100,100067,100,98453,100,100101,100,,,100215,100,,
2019-06-28 12:00:03.865537337,99791,348,99340,396,99792,45,99125,100,99795,100,99028,32,99798,100,98981,100,99816,100,98790,100,99843,100,98787,100,99884,100,98624,100,100067,100,98453,100,100101,100,,,100215,100,,
2019-06-28 12:00:10.000000000,99792,141,99340,110,99795,196,99125,196,99798,196,99028,128,99816,196,98981,196,99843,100,98790,100,99884,100,98787,100,100067,100,98624,100,100101,100,98453,100,100215,100,,,100260,100,,
2019-06-28 12:00:11.660013182,99792,141,99340,110,99795,196,99138,100,99798,196,99125,196,99816,196,99028,128,99843,100,98981,196,99884,100,98790,100,100067,100,98624,100,100101,100,98453,100,100215,100,,,100260,100,,
2019-06-28 12:00:20.000000000,99792,427,99340,396,99795,100,99138,100,99798,100,99125,100,99816,100,99028,32,99843,100,98981,100,99884,100,98790,100,100067,100,98624,100,100101,100,98453,100,100215,100,,,100260,100,,
2019-06-28 12:00:22.877726174,99792,427,99340,296,99795,100,99138,100,99798,100,99125,100,99816,100,99028,32,99884,100,98981,100,100067,100,98790,100,100101,100,98624,100,100215,100,98453,100,100260,100,,,100350,100,,
2019-06-28 12:00:23.971748463,99792,427,99340,296,99795,100,99138,100,99798,100,99125,100,99816,100,99028,32,99884,100,98981,100,100067,100,98972,100,100101,100,98790,100,100215,100,98624,100,100260,100,98453,100,100350,100,,
2019-06-28 12:00:30.000000000,99792,121,99138,176,99795,176,99125,176,99798,176,99028,108,99816,176,98981,176,99884,176,98972,176,100067,100,98790,100,100101,100,98624,100,100215,100,98453,100,100260,100,,,100350,100,,
2019-06-28 12:00:40.000000000,99792,141,99138,196,99795,196,99125,196,99798,196,99028,128,99816,196,98981,196,99884,100,98972,100,100067,100,98790,100,100101,100,98624,100,100215,100,98453,100,100260,100,,,100350,100,,
2019-06-28 12:00:50.000000000,99792,236,99138,291,99795,291,99125,291,99798,100,99028,32,99816,100,98981,100,99884,100,98972,100,100067,100,98790,100,100101,100,98624,100,100215,100,98453,100,100260,100,,,100350,100,,
2019-06-28 12:00:53.296537710,99792,236,99138,191,99795,291,99125,291,99798,100,99028,32,99816,100,98981,100,99884,100,98972,100,100067,100,98790,100,100101,100,98624,100,100215,100,98453,100,100260,100,,,100350,100,,
2019-06-28 12:01:00.000000000,99792,41,99125,230,99795,226,99028,158,99798,226,98981,226,99816,100,98972,100,99884,100,98790,100,100067,100,98624,100,100101,100,98453,100,100215,100,,,100260,100,,,100350,100,,
2019-06-28 12:01:10.000000000,99795,482,99125,482,99798,100,99028,32,99816,100,98981,100,99884,100,98972,100,100067,100,98790,100,100101,100,98624,100,100215,100,98453,100,100260,100,,,100350,100,,,,,,
2019-06-28 12:01:20.000000000,99795,230,99125,230,99798,226,99028,158,99816,226,98981,226,99884,100,98972,100,100067,100,98790,100,100101,100,98624,100,100215,100,98453,100,100260,100,,,100350,100,,,,,,
2019-06-28 12:01:30.000000000,99795,291,99125,291,99798,291,99028,223,99816,100,98981,100,99884,100,98972,100,100067,100,98790,100,100101,100,98624,100,100215,100,98453,100,100260,100,,,100350,100,,,,,,
2019-06-28 12:01:40.000000000,99795,196,99125,196,99798,196,99028,128,99816,196,98981,196,99884,196,98972,196,100067,100,98790,100,100101,100,98624,100,100215,100,98453,100,100260,100,,,100350,100,,,,,,
2019-06-28 12:01:50.000000000,99795,176,99125,176,99798,176,99028,108,99816,176,98981,176,99884,176,98972,176,100067,176,98790,176,100101,100,98624,100,100215,100,98453,100,100260,100,,,100350,100,,,,,,
2019-06-28 12:02:00.000000000,99795,62,99125,196,99798,196,99028,128,99816,196,98981,196,99884,196,98972,196,100067,100,98790,100,100101,100,98624,100,100215,100,98453,100,100260,100,,,100350,100,,,,,,
2019-06-28 12:02:10.000000000,99798,196,99125,196,99816,196,99028,128,99884,196,98981,196,100067,196,98972,196,100101,100,98790,100,100215,100,98624,100,100260,100,98453,100,100350,100,,,,,,,,,,
2019-06-28 12:02:10.253623130,99798,196,99125,196,99816,196,99028,128,99884,196,98981,196,100067,96,98972,196,100101,100,98790,100,100215,100,98760,100,100260,100,98624,100,100350,100,98453,100,,,,,,,,
2019-06-28 12:02:20.000000000,99798,176,99125,176,99816,176,99028,108,99884,176,98981,176,100101,176,98972,176,100215,176,98790,176,100260,100,98760,100,100350,100,98624,100,,,98453,100,,,,,,,,
2019-06-28 12:02:28.851483511,99798,176,99125,76,99816,176,99028,108,99884,176,98981,176,100101,176,98972,176,100215,176,98790,76,100260,100,98760,100,100350,100,98624,100,,,98453,100,,,,,,,,
2019-06-28 12:02:30.000000000,99798,230,99028,162,99816,226,98981,226,99884,226,98972,226,100101,100,98760,100,100215,100,98624,100,100260,100,98453,100,100350,100,,,,,,,,,,,,,,
2019-06-28 12:02:35.203766465,99795,100,99028,162,99798,230,98981,226,99816,226,98972,226,99884,226,98760,100,100101,100,98624,100,100215,100,98453,100,100260,100,,,100350,100,,,,,,,,,,
2019-06-28 12:02:35.211722384,99795,100,99028,62,99798,230,98981,226,99816,226,98972,226,99884,226,98760,100,100101,100,98624,100,100215,100,98453,100,100260,100,,,100350,100,,,,,,,,,,
2019-06-28 12:02:36.948090180,99028,38,98981,226,99795,100,98972,226,99798,230,98760,100,99816,226,98624,100,99884,226,98453,100,100101,100,,,100215,100,,,100260,100,,,100350,100,,,,,,
2019-06-28 12:02:40.000000000,99028,168,98981,230,99795,226,98972,226,99798,226,98760,226,99816,100,98624,100,99884,100,98453,100,100101,100,,,100215,100,,,100260,100,,,100350,100,,,,,,
2019-06-28 12:02:50.000000000,99028,114,98981,176,99795,176,98972,176,99798,176,98760,176,99816,176,98624,176,99884,176,98453,176,100101,100,,,100215,100,,,100260,100,,,100350,100,,,,,,
2019-06-28 12:03:00.000000000,99795,160,99028,4,99798,176,98981,176,99816,176,98972,176,99884,176,98760,176,100101,100,98624,176,100215,100,98453,176,100260,100,,,100350,100,,,,,,,,,,
2019-06-28 12:03:09.856725665,99795,160,99028,4,99798,176,98981,176,99816,176,98972,176,99884,176,98760,176,100101,100,98697,100,100215,100,98624,176,100260,100,98453,176,100350,100,,,,,,,,,,
2019-06-28 12:03:10.000000000,99795,466,99028,386,99798,100,98981,100,99816,100,98972,100,99884,100,98760,100,100101,100,98697,100,100215,100,98624,100,100260,100,98453,100,100350,100,,,,,,,,,,
2019-06-28 12:03:20.000000000,99795,214,99028,134,99798,226,98981,226,99816,226,98972,226,99884,100,98760,100,100101,100,98697,100,100215,100,98624,100,100260,100,98453,100,100350,100,,,,,,,,,,
2019-06-28 12:03:21.342754779,99795,214,99028,34,99798,226,98981,226,99816,226,98972,226,99884,100,98760,100,100101,100,98697,100,100215,100,98624,100,100260,100,98453,100,100350,100,,,,,,,,,,
2019-06-28 12:03:30.000000000,99795,275,98981,291,99798,291,98972,291,99816,100,98760,100,99884,100,98697,100,100101,100,98624,100,100215,100,98453,100,100260,100,,,100350,100,,,,,,,,,,
2019-06-28 12:03:40.000000000,99795,180,98981,196,99798,196,98972,196,99816,196,98760,196,99884,196,98697,196,100101,100,98624,100,100215,100,98453,100,100260,100,,,100350,100,,,,,,,,,,
2019-06-28 12:03:43.870323885,98988,100,98981,196,99795,180,98972,196,99798,196,98760,196,99816,196,98697,196,99884,196,98624,100,100101,100,98453,100,100215,100,,,100260,100,,,100350,100,,,,,,
2019-06-28 12:03:50.000000000,98988,230,98981,230,99795,210,98972,226,99798,226,98760,226,99816,100,98697,100,99884,100,98624,100,100101,100,98453,100,100215,100,,,100260,100,,,100350,100,,,,,,
2019-06-28 12:03:54.800396810,98988,230,98981,230,99795,210,98972,226,99798,226,98900,100,99816,100,98760,226,99884,100,98697,100,100101,100,98624,100,100215,100,98453,100,100260,100,,,100350,100,,,,,,
2019-06-28 12:04:00.000000000,98988,205,98981,121,99795,210,98972,226,99798,226,98900,226,99816,100,98760,100,99884,100,98697,100,100101,100,98624,100,100215,100,98453,100,100260,100,,,100350,100,,,,,,
2019-06-28 12:04:10.000000000,98988,171,98972,196,99795,180,98900,196,99798,196,98760,196,99816,196,98697,196,99884,100,98624,100,100101,100,98453,100,100215,100,,,100260,100,,,100350,100,,,,,,
2019-06-28 12:04:20.000000000,98988,266,98972,291,99795,275,98900,291,99798,100,98760,100,99816,100,98697,100,99884,100,98624,100,100101,100,98453,100,100215,100,,,100260,100,,,100350,100,,,,,,
2019-06-28 12:04:30.000000000,98988,457,98972,482,99795,84,98900,100,99798,100,98760,100,99816,100,98697,100,99884,100,98624,100,100101,100,98453,100,100215,100,,,100260,100,,,100350,100,,,,,,
2019-06-28 12:04:40.000000000,98988,266,98972,291,99795,275,98900,291,99798,100,98760,100,99816,100,98697,100,99884,100,98624,100,100101,100,98453,100,100215,100,,,100260,100,,,100350,100,,,,,,
2019-06-28 12:04:50.000000000,98988,205,98972,230,99795,210,98900,226,99798,226,98760,226,99816,100,98697,100,99884,100,98624,100,100101,100,98453,100,100215,100,,,100260,100,,,100350,100,,,,,,
2019-06-28 12:05:00.000000000,98988,457,98972,348,99795,84,98900,100,99798,100,98760,100,99816,100,98697,100,99884,100,98624,100,100101,100,98453,100,100215,100,,,100260,100,,,100350,100,,,,,,
2019-06-28 12:05:03.522258760,98988,457,98972,448,99795,84,98900,100,99798,100,98760,100,99816,100,98697,100,99884,100,98624,100,100101,100,98453,100,100215,100,,,100260,100,,,100350,100,,,,,,
2019-06-28 12:05:10.000000000,98988,457,98972,482,99795,84,98900,100,99798,100,98760,100,99816,100,98697,100,99884,100,98624,100,100101,100,98453,100,100215,100,,,100260,100,,,100350,100,,,,,,
2019-06-28 12:05:20.000000000,98988,457,98972,482,99795,84,98900,100,99798,100,98760,100,99816,100,98697,100,99884,100,98624,100,100101,100,98453,100,100215,100,,,100260,100,,,100350,100,,,,,,
2019-06-28 12:05:20.745566547,98988,457,98972,482,99605,100,98900,100,99795,84,98760,100,99798,100,98697,100,99816,100,98624,100,99884,100,98453,100,100215,100,,,100260,100,,,100350,100,,,,,,
2019-06-28 12:05:26.763335360,98988,357,98972,482,99605,100,98900,100,99795,84,98760,100,99798,100,98697,100,99816,100,98624,100,99884,100,98453,100,100215,100,,,100260,100,,,100350,100,,,,,,
2019-06-28 12:05:30.000000000,99605,176,98972,176,99795,160,98900,176,99798,176,98760,176,99816,176,98697,176,99884,176,98624,176,100215,100,98453,100,100260,100,,,100350,100,,,,,,,,,,
2019-06-28 12:05:32.580704369,99605,176,98973,100,99795,160,98972,176,99798,176,98900,176,99816,176,98760,176,99884,176,98697,176,100215,100,98624,176,100260,100,98453,100,100350,100,,,,,,,,,,
2019-06-28 12:05:40.000000000,99605,196,98973,196,99795,180,98972,196,99798,196,98900,196,99816,196,98760,196,99884,100,98697,100,100215,100,98624,100,100260,100,98453,100,100350,100,,,,,,,,,,
2019-06-28 12:05:49.765730989,99119,100,98973,196,99605,196,98972,196,99795,180,98900,196,99798,196,98760,196,99816,196,98697,100,99884,100,98624,100,100215,100,98453,100,100260,100,,,100350,100,,,,,,
2019-06-28 12:05:50.000000000,99119,176,98973,176,99605,176,98972,176,99795,160,98900,176,99798,176,98760,176,99816,176,98697,176,99884,100,98624,100,100215,100,98453,100,100260,100,,,100350,100,,,,,,
2019-06-28 12:05:55.882952581,99119,76,98973,176,99605,76,98972,176,99795,160,98900,176,99798,176,98760,176,99816,176,98697,176,99884,100,98624,100,100215,100,98453,100,100260,100,,,100350,100,,,,,,
2019-06-28 12:05:56.607108642,99119,76,98973,176,99226,100,98972,176,99605,76,98900,176,99795,160,98760,176,99798,176,98697,176,99816,176,98624,100,99884,100,98453,100,100215,100,,,100260,100,,,100350,100,,
2019-06-28 12:06:00.000000000,99226,482,98973,348,99795,84,98972,100,99798,100,98900,100,99816,100,98760,100,99884,100,98697,100,100215,100,98624,100,100260,100,98453,100,100350,100,,,,,,,,,,
2019-06-28 12:06:10.000000000,99226,291,98972,291,99795,275,98900,291,99798,100,98760,100,99816,100,98697,100,99884,100,98624,100,100215,100,98453,100,100260,100,,,100350,100,,,,,,,,,,
2019-06-28 12:06:20.000000000,99226,176,98972,176,99795,160,98900,176,99798,176,98760,176,99816,176,98697,176,99884,176,98624,176,100215,100,98453,100,100260,100,,,100350,100,,,,,,,,,,
2019-06-28 12:06:22.614623997,99226,176,98972,176,99251,100,98900,176,99795,160,98760,176,99798,176,98697,176,99816,176,98624,176,99884,176,98453,100,100215,100,,,100260,100,,,100350,100,,,,,,
2019-06-28 12:06:26.054838578,99226,176,98972,176,99251,100,98900,176,99795,160,98806,100,99798,176,98760,176,99816,176,98697,176,99884,176,98624,176,100215,100,98453,100,100260,100,,,100350,100,,,,,,
2019-06-28 12:06:30.000000000,99226,230,98972,230,99251,226,98900,226,99795,210,98806,226,99798,100,98760,100,99816,100,98697,100,99884,100,98624,100,100215,100,98453,100,100260,100,,,100350,100,,,,,,
2019-06-28 12:06:40.000000000,99226,291,98972,291,99251,291,98900,291,99795,84,98806,100,99798,100,98760,100,99816,100,98697,100,99884,100,98624,100,100215,100,98453,100,100260,100,,,100350,100,,,,,,
2019-06-28 12:06:50.000000000,99226,196,98972,196,99251,196,98900,196,99795,180,98806,196,99798,196,98760,196,99816,100,98697,100,99884,100,98624,100,100215,100,98453,100,100260,100,,,100350,100,,,,,,
2019-06-28 12:07:00.000000000,99226,230,98972,96,99251,226,98900,226,99795,210,98806,226,99798,100,98760,100,99816,100,98697,100,99884,100,98624,100,100215,100,98453,100,100260,100,,,100350,100,,,,,,
2019-06-28 12:07:09.497969811,98972,4,98900,226,99226,230,98806,226,99251,226,98760,100,99795,210,98697,100,99798,100,98624,100,99816,100,,,99884,100,,,100215,100,,,100260,100,,,100350,100,,
2019-06-28 12:07:10.000000000,98972,80,98900,176,99226,176,98806,176,99251,176,98760,176,99795,160,98697,176,99798,176,98624,176,99816,100,,,99884,100,,,100215,100,,,100260,100,,,100350,100,,
2019-06-28 12:07:20.000000000,98972,386,98900,482,99226,100,98806,100,99251,100,98760,100,99795,84,98697,100,99798,100,98624,100,99816,100,,,99884,100,,,100215,100,,,100260,100,,,100350,100,,
2019-06-28 12:07:30.000000000,98972,134,98900,230,99226,226,98806,226,99251,226,98760,226,99795,84,98697,100,99798,100,98624,100,99816,100,,,99884,100,,,100215,100,,,100260,100,,,100350,100,,
2019-06-28 12:07:40.000000000,98972,100,98900,196,99226,196,98806,196,99251,196,98760,196,99795,180,98697,196,99798,100,98624,100,99816,100,,,99884,100,,,100215,100,,,100260,100,,,100350,100,,
2019-06-28 12:07:50.000000000,98972,195,98900,291,99226,291,98806,291,99251,100,98760,100,99795,84,98697,100,99798,100,98624,100,99816,100,,,99884,100,,,100215,100,,,100260,100,,,100350,100,,
2019-06-28 12:07:56.422320950,98972,195,98900,291,99226,291,98806,291,99251,100,98789,100,99795,84,98760,100,99798,100,98697,100,99816,100,98624,100,99884,100,,,100215,100,,,100260,100,,,100350,100,,
2019-06-28 12:08:00.000000000,98972,80,98900,42,99226,176,98806,176,99251,176,98789,176,99795,160,98760,176,99798,176,98697,176,99816,100,98624,100,99884,100,,,100215,100,,,100260,100,,,100350,100,,
2019-06-28 12:08:10.000000000,98972,386,98806,482,99226,100,98789,100,99251,100,98760,100,99795,84,98697,100,99798,100,98624,100,99816,100,,,99884,100,,,100215,100,,,100260,100,,,100350,100,,
2019-06-28 12:08:20.000000000,98972,134,98806,230,99226,226,98789,226,99251,226,98760,226,99795,84,98697,100,99798,100,98624,100,99816,100,,,99884,100,,,100215,100,,,100260,100,,,100350,100,,
2019-06-28 12:08:30.000000000,98972,80,98806,176,99226,176,98789,176,99251,176,98760,176,99795,160,98697,176,99798,176,98624,176,99816,100,,,99884,100,,,100215,100,,,100260,100,,,100350,100,,
2019-06-28 12:08:35.342304688,98900,100,98806,176,98972,80,98789,176,99226,176,98760,176,99251,176,98697,176,99795,160,98624,176,99798,176,,,99816,100,,,99884,100,,,100215,100,,,100260,100,,
2019-06-28 12:08:40.000000000,98900,230,98806,230,98972,130,98789,226,99226,226,98760,226,99251,100,98697,100,99795,84,98624,100,99798,100,,,99816,100,,,99884,100,,,100215,100,,,100260,100,,
2019-06-28 12:08:50.000000000,98900,482,98806,482,98972,4,98789,100,99226,100,98760,100,99251,100,98697,100,99795,84,98624,100,99798,100,,,99816,100,,,99884,100,,,100215,100,,,100260,100,,
2019-06-28 12:08:50.159651270,98900,482,98806,482,98972,4,98789,100,98993,100,98760,100,99226,100,98697,100,99251,100,98624,100,99795,84,,,99798,100,,,99816,100,,,99884,100,,,100215,100,,
2019-06-28 12:09:00.000000000,98900,230,98806,96,98972,130,98789,226,98993,226,98760,226,99226,100,98697,100,99251,100,98624,100,99795,84,,,99798,100,,,99816,100,,,99884,100,,,100215,100,,
2019-06-28 12:09:06.238858021,98900,230,98806,96,98972,130,98789,226,98993,226,98760,226,99226,100,98697,100,99251,100,98676,100,99795,84,98624,100,99798,100,,,99816,100,,,99884,100,,,100215,100,,
2019-06-28 12:09:10.000000000,98900,196,98789,196,98972,100,98760,196,98993,196,98697,196,99226,196,98676,196,99251,100,98624,100,99795,84,,,99798,100,,,99816,100,,,99884,100,,,100215,100,,
2019-06-28 12:09:20.000000000,98900,291,98789,291,98972,195,98760,291,98993,100,98697,100,99226,100,98676,100,99251,100,98624,100,99795,84,,,99798,100,,,99816,100,,,99884,100,,,100215,100,,
2019-06-28 12:09:24.035842666,98806,100,98789,291,98900,291,98760,291,98972,195,98697,100,98993,100,98676,100,99226,100,98624,100,99251,100,,,99795,84,,,99798,100,,,99816,100,,,99884,100,,
2019-06-28 12:09:30.000000000,98806,291,98789,291,98900,291,98760,291,98972,4,98697,100,98993,100,98676,100,99226,100,98624,100,99251,100,,,99795,84,,,99798,100,,,99816,100,,,99884,100,,
2019-06-28 12:09:40.000000000,98806,176,98789,176,98900,176,98760,176,98972,80,98697,176,98993,176,98676,176,99226,176,98624,176,99251,100,,,99795,84,,,99798,100,,,99816,100,,,99884,100,,
2019-06-28 12:09:50.000000000,98806,230,98789,230,98900,226,98760,226,98972,130,98697,226,98993,100,98676,100,99226,100,98624,100,99251,100,,,99795,84,,,99798,100,,,99816,100,,,99884,100,,
2019-06-28 12:09:57.581730219,98806,230,98789,230,98832,100,98760,226,98900,226,98697,226,98972,130,98676,100,98993,100,98624,100,99226,100,,,99251,100,,,99795,84,,,99798,100,,,99816,100,,
2019-06-28 12:10:00.000000000,98806,482,98789,348,98832,100,98760,100,98900,100,98697,100,98972,4,98676,100,98993,100,98624,100,99226,100,,,99251,100,,,99795,84,,,99798,100,,,99816,100,,
2019-06-28 12:10:00.447141922,98806,482,98789,348,98832,100,98760,100,98900,100,98697,100,98972,4,98676,100,98993,100,98624,100,99226,100,98500,100,99251,100,,,99795,84,,,99798,100,,,99816,100,,
2019-06-28 12:10:10.000000000,98806,291,98760,291,98832,291,98697,291,98900,100,98676,100,98972,4,98624,100,98993,100,98500,100,99226,100,,,99251,100,,,99795,84,,,99798,100,,,99816,100,,
2019-06-28 12:10:20.000000000,98806,230,98760,230,98832,226,98697,226,98900,226,98676,226,98972,4,98624,100,98993,100,98500,100,99226,100,,,99251,100,,,99795,84,,,99798,100,,,99816,100,,
2019-06-28 12:10:30.000000000,98806,482,98760,482,98832,100,98697,100,98900,100,98676,100,98972,4,98624,100,98993,100,98500,100,99226,100,,,99251,100,,,99795,84,,,99798,100,,,99816,100,,
2019-06-28 12:10:34.238087690,98806,482,98760,482,98832,100,98697,100,98900,100,98676,100,98930,100,98624,100,98972,4,98500,100,98993,100,,,99226,100,,,99251,100,,,99795,84,,,99798,100,,
2019-06-28 12:10:40.000000000,98806,482,98760,482,98832,100,98697,100,98900,100,98676,100,98930,100,98624,100,98972,4,98500,100,98993,100,,,99226,100,,,99251,100,,,99795,84,,,99798,100,,
2019-06-28 12:10:47.173002353,98806,382,98789,100,98832,100,98760,482,98900,100,98697,100,98930,100,98676,100,98972,4,98624,100,98993,100,98500,100,99226,100,,,99251,100,,,99795,84,,,99798,100,,
2019-06-28 12:10:48.064656872,98806,382,98789,200,98832,100,98760,482,98900,100,98697,100,98930,100,98676,100,98972,4,98624,100,98993,100,98500,100,99226,100,,,99251,100,,,99795,84,,,99798,100,,
2019-06-28 12:10:50.000000000,98832,230,98789,330,98900,226,98760,226,98930,226,98697,226,98972,4,98676,100,98993,100,98624,100,99226,100,98500,100,99251,100,,,99795,84,,,99798,100,,,99816,100,,
2019-06-28 12:10:57.058717831,98832,230,98789,430,98900,226,98760,226,98930,226,98697,226,98972,4,98676,100,98993,100,98624,100,99226,100,98500,100,99251,100,,,99795,84,,,99798,100,,,99816,100,,
2019-06-28 12:11:00.000000000,98832,196,98789,262,98900,196,98760,196,98930,196,98697,196,98972,100,98676,196,98993,100,98624,100,99226,100,98500,100,99251,100,,,99795,84,,,99798,100,,,99816,100,,
2019-06-28 12:11:10.000000000,98832,176,98789,242,98900,176,98760,176,98930,176,98697,176,98972,80,98676,176,98993,176,98624,176,99226,100,98500,100,99251,100,,,99795,84,,,99798,100,,,99816,100,,
2019-06-28 12:11:20.000000000,98832,196,98789,262,98900,196,98760,196,98930,196,98697,196,98972,100,98676,196,98993,100,98624,100,99226,100,98500,100,99251,100,,,99795,84,,,99798,100,,,99816,100,,
2019-06-28 12:11:30.000000000,98832,482,98789,548,98900,100,98760,100,98930,100,98697,100,98972,4,98676,100,98993,100,98624,100,99226,100,98500,100,99251,100,,,99795,84,,,99798,100,,,99816,100,,
2019-06-28 12:11:38.078880650,98832,482,98789,548,98900,100,98760,100,98930,100,98697,100,98972,4,98676,100,98993,100,98624,100,99138,100,98500,100,99226,100,,,99251,100,,,99795,84,,,99798,100,,
2019-06-28 12:11:40.000000000,98832,176,98789,242,98900,176,98760,176,98930,176,98697,176,98972,80,98676,176,98993,176,98624,176,99138,100,98500,100,99226,100,,,99251,100,,,99795,84,,,99798,100,,
2019-06-28 12:11:50.000000000,98832,291,98789,357,98900,291,98760,291,98930,100,98697,100,98972,4,98676,100,98993,100,98624,100,99138,100,98500,100,99226,100,,,99251,100,,,99795,84,,,99798,100,,
2019-06-28 12:11:54.040703001,98832,191,98789,357,98900,291,98760,291,98930,100,98697,100,98972,4,98676,100,98993,100,98624,100,99138,100,98500,100,99226,100,,,99251,100,,,99795,84,,,99798,100,,
2019-06-28 12:12:00.000000000,98900,176,98789,108,98930,176,98760,176,98972,80,98697,176,98993,176,98676,176,99138,176,98624,176,99226,100,98500,100,99251,100,,,99795,84,,,99798,100,,,99884,100,,
2019-06-28 12:12:10.000000000,98900,176,98789,108,98930,176,98760,176,98972,80,98697,176,98993,176,98676,176,99138,176,98624,176,99226,100,98500,100,99251,100,,,99795,84,,,99798,100,,,99884,100,,
2019-06-28 12:12:20.000000000,98900,176,98789,108,98930,176,98760,176,98972,80,98697,176,98993,176,98676,176,99138,176,98624,176,99226,100,98500,100,99251,100,,,99795,84,,,99798,100,,,99884,100,,
2019-06-28 12:12:20.052759264,98900,176,98789,176,98930,176,98760,176,98972,80,98697,176,98993,176,98676,176,99138,176,98624,176,99226,100,98500,100,99251,100,,,99795,84,,,99798,100,,,99884,100,,
2019-06-28 12:12:30.000000000,98900,291,98789,291,98930,291,98760,291,98972,4,98697,100,98993,100,98676,100,99138,100,98624,100,99226,100,98500,100,99251,100,,,99795,84,,,99798,100,,,99884,100,,
2019-06-28 12:12:31.590473443,98900,291,98789,291,98930,291,98760,291,98972,4,98697,100,98993,100,98676,100,99138,100,98624,100,99226,100,98500,100,99251,100,,,99255,100,,,99795,84,,,99798,100,,
2019-06-28 12:12:40.000000000,98900,176,98789,176,98930,176,98760,176,98972,80,98697,176,98993,176,98676,176,99138,176,98624,176,99226,100,98500,100,99251,100,,,99255,100,,,99795,84,,,99798,100,,
2019-06-28 12:12:50.000000000,98900,482,98789,482,98930,100,98760,100,98972,4,98697,100,98993,100,98676,100,99138,100,98624,100,99226,100,98500,100,99251,100,,,99255,100,,,99795,84,,,99798,100,,
2019-06-28 12:13:00.000000000,98900,291,98789,157,98930,291,98760,291,98972,4,98697,100,98993,100,98676,100,99138,100,98624,100,99226,100,98500,100,99251,100,,,99255,100,,,99795,84,,,99798,100,,
2019-06-28 12:13:01.221878406,98900,291,98789,257,98930,291,98760,291,98972,4,98697,100,98993,100,98676,100,99138,100,98624,100,99226,100,98500,100,99251,100,,,99255,100,,,99795,84,,,99798,100,,
2019-06-28 12:13:05.574398923,98900,191,98789,257,98930,291,98760,291,98972,4,98697,100,98993,100,98676,100,99138,100,98624,100,99226,100,98500,100,99251,100,,,99255,100,,,99795,84,,,99798,100,,
2019-06-28 12:13:10.000000000,98930,291,98789,291,98972,195,98760,291,98993,100,98697,100,99138,100,98676,100,99226,100,98624,100,99251,100,98500,100,99255,100,,,99795,84,,,99798,100,,,99884,100,,
2019-06-28 12:13:18.921413036,98930,191,98789,291,98972,195,98760,291,98993,100,98697,100,99138,100,98676,100,99226,100,98624,100,99251,100,98500,100,99255,100,,,99795,84,,,99798,100,,,99884,100,,
2019-06-28 12:13:20.000000000,98972,386,98789,482,98993,100,98760,100,99138,100,98697,100,99226,100,98676,100,99251,100,98624,100,99255,100,98500,100,99795,84,,,99798,100,,,99884,100,,,100215,100,,
2019-06-28 12:13:25.269242882,98972,386,98789,482,98993,100,98760,100,99138,100,98697,100,99226,100,98676,100,99251,100,98624,100,99255,100,98500,100,99474,100,,,99795,84,,,99798,100,,,99884,100,,
2019-06-28 12:13:30.000000000,98972,80,98789,176,98993,176,98760,176,99138,176,98697,176,99226,176,98676,176,99251,176,98624,176,99255,100,98500,100,99474,100,,,99795,84,,,99798,100,,,99884,100,,
2019-06-28 12:13:39.273748967,98993,176,98972,20,99138,176,98789,176,99226,176,98760,176,99251,176,98697,76,99255,100,98676,176,99474,100,98624,176,99795,84,98500,100,99798,100,,,99884,100,,,100215,100,,
2019-06-28 12:13:40.000000000,98993,196,98972,116,99138,196,98789,196,99226,196,98760,196,99251,196,98676,196,99255,100,98624,100,99474,100,98500,100,99795,84,,,99798,100,,,99884,100,,,100215,100,,
2019-06-28 12:13:46.526542402,98993,96,98972,116,99138,196,98789,196,99226,196,98760,196,99251,196,98676,196,99255,100,98624,100,99474,100,98500,100,99795,84,,,99798,100,,,99884,100,,,100215,100,,
2019-06-28 12:13:50.000000000,99138,230,98972,150,99226,226,98789,226,99251,226,98760,226,99255,100,98676,100,99474,100,98624,100,99795,84,98500,100,99798,100,,,99884,100,,,100215,100,,,100260,100,,
2019-06-28 12:14:00.000000000,99138,482,98972,268,99226,100,98789,100,99251,100,98760,100,99255,100,98676,100,99474,100,98624,100,99795,84,98500,100,99798,100,,,99884,100,,,100215,100,,,100260,100,,
2019-06-28 12:14:07.136229706,99138,382,98972,268,99226,100,98789,100,99251,100,98760,100,99255,100,98676,100,99474,100,98500,100,99795,84,,,99798,100,,,99884,100,,,100215,100,,,100260,100,,
2019-06-28 12:14:10.000000000,99226,291,98789,291,99251,291,98760,291,99255,100,98676,100,99474,100,98500,100,99795,84,,,99798,100,,,99884,100,,,100215,100,,,100260,100,,,100350,100,,
2019-06-28 12:14:20.000000000,99226,176,98789,176,99251,176,98760,176,99255,176,98676,176,99474,176,98500,176,99795,160,98499,76,99798,100,,,99884,100,,,100215,100,,,100260,100,,,100350,100,,
2019-06-28 12:14:27.451991444,99226,76,98789,176,99251,176,98760,176,99255,176,98676,176,99474,176,98500,176,99795,160,98499,76,99798,100,,,99884,100,,,100215,100,,,100260,100,,,100350,100,,
2019-06-28 12:14:30.000000000,99251,176,98789,176,99255,176,98760,176,99474,176,98676,176,99795,160,98500,176,99798,176,98499,76,99884,100,,,100215,100,,,100260,100,,,100350,100,,,,,,
2019-06-28 12:14:39.083410769,99251,176,98789,176,99255,176,98760,76,99474,176,98676,176,99522,100,98500,176,99795,160,98499,76,99798,176,,,99884,100,,,100215,100,,,100260,100,,,100350,100,,
2019-06-28 12:14:39.873952617,99251,76,98789,176,99255,176,98760,76,99474,176,98676,176,99522,100,98500,176,99795,160,98499,76,99798,176,,,99884,100,,,100215,100,,,100260,100,,,100350,100,,
2019-06-28 12:14:40.000000000,99255,176,98789,176,99474,176,98676,176,99522,176,98500,176,99795,160,98499,76,99798,176,,,99884,100,,,100215,100,,,100260,100,,,100350,100,,,,,,
2019-06-28 12:14:47.286060657,99255,76,98789,176,99474,176,98676,176,99522,176,98500,176,99795,160,98499,76,99798,176,,,99884,100,,,100215,100,,,100260,100,,,100350,100,,,,,,
2019-06-28 12:14:50.000000000,99474,176,98789,176,99522,176,98676,176,99795,160,98500,176,99798,176,98499,76,99884,176,,,100215,100,,,100260,100,,,100350,100,,,,,,,,,,
2019-06-28 12:14:50.535017865,99474,76,98789,176,99522,176,98676,176,99795,160,98500,176,99798,176,98499,76,99884,176,,,100215,100,,,100260,100,,,100350,100,,,,,,,,,,
2019-06-28 12:15:00.000000000,99522,291,98789,157,99795,275,98676,291,99798,100,98500,100,99884,100,,,100215,100,,,100260,100,,,100350,100,,,,,,,,,,,,,,
2019-06-28 12:15:10.000000000,99522,196,98676,196,99795,180,98500,196,99798,196,98499,96,99884,196,,,100215,100,,,100260,100,,,100350,100,,,,,,,,,,,,,,
2019-06-28 12:15:19.081145601,99522,196,98676,196,99795,180,98500,196,99798,196,98499,96,99859,100,,,99884,196,,,100215,100,,,100260,100,,,100350,100,,,,,,,,,,
2019-06-28 12:15:20.000000000,99522,196,98676,196,99795,180,98500,196,99798,196,98499,96,99859,196,,,99884,100,,,100215,100,,,100260,100,,,100350,100,,,,,,,,,,
2019-06-28 12:15:20.384423462,99522,196,98676,196,99795,180,98500,196,99798,196,98499,96,99859,196,,,99884,100,,,99967,100,,,100215,100,,,100260,100,,,100350,100,,,,,,
2019-06-28 12:15:30.000000000,99522,176,98676,176,99795,160,98500,176,99798,176,98499,76,99859,176,,,99884,176,,,99967,100,,,100215,100,,,100260,100,,,100350,100,,,,,,
2019-06-28 12:15:40.000000000,99522,230,98676,230,99795,210,98500,226,99798,226,98499,126,99859,100,,,99884,100,,,99967,100,,,100215,100,,,100260,100,,,100350,100,,,,,,
2019-06-28 12:15:48.149120141,99522,230,99486,100,99795,210,98676,230,99798,226,98500,226,99859,100,98499,126,99884,100,,,99967,100,,,100215,100,,,100260,100,,,100350,100,,,,,,
2019-06-28 12:15:50.000000000,99522,482,99486,482,99795,84,98676,100,99798,100,98500,100,99859,100,,,99884,100,,,99967,100,,,100215,100,,,100260,100,,,100350,100,,,,,,
2019-06-28 12:15:57.514888983,99522,482,99486,382,99795,84,98676,100,99798,100,98500,100,99859,100,,,99884,100,,,99967,100,,,100215,100,,,100260,100,,,100350,100,,,,,,
2019-06-28 12:16:00.000000000,99522,291,98676,157,99795,275,98500,291,99798,100,,,99859,100,,,99884,100,,,99967,100,,,100215,100,,,100260,100,,,100350,100,,,,,,
2019-06-28 12:16:06.160971788,99522,291,99041,100,99795,275,98676,157,99798,100,98500,291,99859,100,,,99884,100,,,99967,100,,,100215,100,,,100260,100,,,100350,100,,,,,,
2019-06-28 12:16:10.000000000,99522,482,99041,482,99795,84,98500,100,99798,100,,,99859,100,,,99884,100,,,99967,100,,,100215,100,,,100260,100,,,100350,100,,,,,,
2019-06-28 12:16:20.000000000,99522,482,99041,482,99795,84,98500,100,99798,100,,,99859,100,,,99884,100,,,99967,100,,,100215,100,,,100260,100,,,100350,100,,,,,,
2019-06-28 12:16:30.000000000,99522,230,99041,230,99795,210,98500,226,99798,226,98499,126,99859,100,,,99884,100,,,99967,100,,,100215,100,,,100260,100,,,100350,100,,,,,,
2019-06-28 12:16:30.360184474,99522,230,99363,100,99795,210,99041,230,99798,226,98500,226,99859,100,98499,126,99884,100,,,99967,100,,,100215,100,,,100260,100,,,100350,100,,,,,,
2019-06-28 12:16:40.000000000,99522,176,99363,176,99795,160,99041,176,99798,176,98500,176,99859,176,98499,76,99884,176,,,99967,100,,,100215,100,,,100260,100,,,100350,100,,,,,,
2019-06-28 12:16:43.847271168,99522,176,99363,76,99795,160,99041,176,99798,176,98500,176,99859,176,98499,76,99884,176,,,99967,100,,,100215,100,,,100260,100,,,100350,100,,,,,,
2019-06-28 12:16:44.855573899,99363,24,99041,176,99522,176,98500,176,99795,160,98499,76,99798,176,,,99859,176,,,99884,176,,,99967,100,,,100215,100,,,100260,100,,,100350,100,,
2019-06-28 12:16:50.000000000,99363,100,99041,176,99522,176,98500,176,99795,160,98499,76,99798,176,,,99859,176,,,99884,100,,,99967,100,,,100215,100,,,100260,100,,,100350,100,,
2019-06-28 12:16:52.546370471,99183,100,99041,176,99363,100,98500,176,99522,176,98499,76,99795,160,,,99798,176,,,99859,176,,,99884,100,,,99967,100,,,100215,100,,,100260,100,,
2019-06-28 12:17:00.000000000,99183,482,99041,348,99363,24,98500,100,99522,100,,,99795,84,,,99798,100,,,99859,100,,,99884,100,,,99967,100,,,100215,100,,,100260,100,,
2019-06-28 12:17:10.000000000,99183,482,98500,482,99363,24,,,99522,100,,,99795,84,,,99798,100,,,99859,100,,,99884,100,,,99967,100,,,100215,100,,,100260,100,,
2019-06-28 12:17:17.227743671,98975,100,98500,482,99183,482,,,99363,24,,,99522,100,,,99795,84,,,99798,100,,,99859,100,,,99967,100,,,100215,100,,,100260,100,,
2019-06-28 12:17:20.000000000,98975,291,98500,291,99183,291,98499,191,99363,24,,,99522,100,,,99795,84,,,99798,100,,,99859,100,,,99967,100,,,100215,100,,,100260,100,,
2019-06-28 12:17:21.217051233,98975,291,98500,291,99041,100,98499,191,99183,291,,,99363,24,,,99522,100,,,99795,84,,,99798,100,,,99859,100,,,99967,100,,,100215,100,,
2019-06-28 12:17:23.876525431,98975,291,98500,291,99041,100,98499,191,99101,100,,,99183,291,,,99363,24,,,99522,100,,,99795,84,,,99798,100,,,99859,100,,,99967,100,,
2019-06-28 12:17:24.670242848,98975,191,98500,291,99041,100,98499,191,99101,100,,,99183,291,,,99363,24,,,99522,100,,,99795,84,,,99798,100,,,99859,100,,,99967,100,,
2019-06-28 12:17:30.000000000,99041,291,98500,291,99101,291,98499,191,99183,100,,,99363,24,,,99522,100,,,99795,84,,,99798,100,,,99859,100,,,99967,100,,,100215,100,,
2019-06-28 12:17:35.488604478,98932,100,98500,291,99041,291,98499,191,99101,291,,,99183,100,,,99363,24,,,99522,100,,,99795,84,,,99798,100,,,99859,100,,,99967,100,,
2019-06-28 12:17:37.851013860,98932,100,98500,291,99041,291,98499,191,99056,100,,,99101,291,,,99183,100,,,99363,24,,,99522,100,,,99795,84,,,99798,100,,,99859,100,,
2019-06-28 12:17:40.000000000,98932,176,98500,176,99041,176,98499,76,99056,176,,,99101,176,,,99183,176,,,99363,24,,,99522,100,,,99795,84,,,99798,100,,,99859,100,,
2019-06-28 12:17:50.000000000,98932,291,98500,291,99041,291,98499,191,99056,100,,,99101,100,,,99183,100,,,99363,24,,,99522,100,,,99795,84,,,99798,100,,,99859,100,,
2019-06-28 12:17:57.884403967,98932,291,98857,100,99041,291,98500,291,99056,100,98499,191,99101,100,,,99183,100,,,99363,24,,,99522,100,,,99795,84,,,99798,100,,,99859,100,,
2019-06-28 12:18:00.000000000,98932,482,98857,348,99041,100,98500,100,99056,100,,,99101,100,,,99183,100,,,99363,24,,,99522,100,,,99795,84,,,99798,100,,,99859,100,,
2019-06-28 12:18:10.000000000,98932,176,98500,176,99041,176,98499,76,99056,176,,,99101,176,,,99183,176,,,99363,24,,,99522,100,,,99795,84,,,99798,100,,,99859,100,,
2019-06-28 12:18:20.000000000,98932,482,98500,482,99041,100,,,99056,100,,,99101,100,,,99183,100,,,99363,24,,,99522,100,,,99795,84,,,99798,100,,,99859,100,,
2019-06-28 12:18:25.729020650,98932,482,98857,100,99041,100,98500,482,99056,100,,,99101,100,,,99183,100,,,99363,24,,,99522,100,,,99798,100,,,99859,100,,,99967,100,,
2019-06-28 12:18:27.581165562,98932,482,98914,100,99041,100,98857,100,99056,100,98500,482,99101,100,,,99183,100,,,99522,100,,,99798,100,,,99859,100,,,99967,100,,,100215,100,,
2019-06-28 12:18:30.000000000,98932,196,98914,196,99041,196,98857,196,99056,196,98500,196,99101,196,98499,96,99183,100,,,99522,100,,,99798,100,,,99859,100,,,99967,100,,,100215,100,,
2019-06-28 12:18:35.856594524,98932,196,98914,196,99041,196,98857,196,99056,196,98792,100,99101,196,98500,196,99183,100,98499,96,99522,100,,,99798,100,,,99859,100,,,99967,100,,,100215,100,,
2019-06-28 12:18:40.000000000,98932,230,98914,230,99041,226,98857,226,99056,226,98792,226,99101,100,98500,100,99183,100,,,99522,100,,,99798,100,,,99859,100,,,99967,100,,,100215,100,,
2019-06-28 12:18:50.000000000,98932,291,98914,291,99041,291,98857,291,99056,100,98792,100,99101,100,98500,100,99183,100,,,99522,100,,,99798,100,,,99859,100,,,99967,100,,,100215,100,,
2019-06-28 12:18:50.376000306,98932,191,98914,291,99041,291,98857,291,99056,100,98792,100,99101,100,98500,100,99183,100,,,99522,100,,,99798,100,,,99859,100,,,99967,100,,,100215,100,,
2019-06-28 12:19:00.000000000,99041,230,98914,96,99056,226,98857,226,99101,226,98792,226,99183,100,98500,100,99522,100,,,99798,100,,,99859,100,,,99967,100,,,100215,100,,,100350,100,,
2019-06-28 12:19:10.000000000,99041,482,98857,482,99056,100,98792,100,99101,100,98500,100,99183,100,,,99522,100,,,99798,100,,,99859,100,,,99967,100,,,100215,100,,,100350,100,,
2019-06-28 12:19:20.000000000,99041,230,98857,230,99056,226,98792,226,99101,226,98500,226,99183,100,,,99522,100,,,99798,100,,,99859,100,,,99967,100,,,100215,100,,,100350,100,,
2019-06-28 12:19:21.589664605,99041,230,98857,230,99056,226,98792,226,99101,226,98500,226,99183,100,,,99522,100,,,99559,100,,,99798,100,,,99859,100,,,99967,100,,,100215,100,,
2019-06-28 12:19:30.000000000,99041,291,98857,291,99056,291,98792,291,99101,100,98500,100,99183,100,,,99522,100,,,99559,100,,,99798,100,,,99859,100,,,99967,100,,,100215,100,,
2019-06-28 12:19:40.000000000,99041,230,98857,230,99056,226,98792,226,99101,226,98500,226,99183,100,,,99522,100,,,99559,100,,,99798,100,,,99859,100,,,99967,100,,,100215,100,,
2019-06-28 12:19:50.000000000,99041,482,98857,482,99056,100,98792,100,99101,100,98500,100,99183,100,,,99522,100,,,99559,100,,,99798,100,,,99859,100,,,99967,100,,,100215,100,,
2019-06-28 12:20:00.000000000,99041,291,98857,157,99056,291,98792,291,99101,100,98500,100,99183,100,,,99522,100,,,99559,100,,,99798,100,,,99859,100,,,99967,100,,,100215,100,,
2019-06-28 12:20:10.000000000,99041,176,98792,176,99056,176,98500,176,99101,176,98499,76,99183,176,,,99522,176,,,99559,100,,,99798,100,,,99859,100,,,99967,100,,,100215,100,,
2019-06-28 12:20:20.000000000,99041,482,98792,482,99056,100,98500,100,99101,100,,,99183,100,,,99522,100,,,99559,100,,,99798,100,,,99859,100,,,99967,100,,,100215,100,,
2019-06-28 12:20:30.000000000,99041,176,98792,176,99056,176,98500,176,99101,176,98499,76,99183,176,,,99522,176,,,99559,100,,,99798,100,,,99859,100,,,99967,100,,,100215,100,,
2019-06-28 12:20:40.000000000,99041,196,98792,196,99056,196,98500,196,99101,196,98499,96,99183,196,,,99522,100,,,99559,100,,,99798,100,,,99859,100,,,99967,100,,,100215,100,,
2019-06-28 12:20:50.000000000,99041,196,98792,196,99056,196,98500,196,99101,196,98499,96,99183,196,,,99522,100,,,99559,100,,,99798,100,,,99859,100,,,99967,100,,,100215,100,,
2019-06-28 12:21:00.000000000,99041,291,98792,157,99056,291,98500,291,99101,100,,,99183,100,,,99522,100,,,99559,100,,,99798,100,,,99859,100,,,99967,100,,,100215,100,,
2019-06-28 12:21:04.869337844,99041,291,98792,157,99056,291,98500,291,99101,100,,,99183,100,,,99522,100,,,99550,100,,,99559,100,,,99798,100,,,99859,100,,,99967,100,,
2019-06-28 12:21:10.000000000,99041,196,98500,196,99056,196,98499,96,99101,196,,,99183,196,,,99522,100,,,99550,100,,,99559,100,,,99798,100,,,99859,100,,,99967,100,,
2019-06-28 12:21:20.000000000,99041,176,98500,176,99056,176,98499,76,99101,176,,,99183,176,,,99522,176,,,99550,100,,,99559,100,,,99798,100,,,99859,100,,,99967,100,,
2019-06-28 12:21:30.000000000,99041,230,98500,230,99056,226,98499,126,99101,226,,,99183,100,,,99522,100,,,99550,100,,,99559,100,,,99798,100,,,99859,100,,,99967,100,,
2019-06-28 12:21:37.394092497,99041,230,98500,230,99056,226,98499,126,99101,226,,,99183,100,,,99522,100,,,99550,100,,,99559,100,,,99798,100,,,99859,100,,,99866,100,,
2019-06-28 12:21:38.575732904,99041,230,98792,100,99056,226,98500,230,99101,226,98499,126,99183,100,,,99522,100,,,99550,100,,,99559,100,,,99798,100,,,99859,100,,,99866,100,,
2019-06-28 12:21:40.000000000,99041,291,98792,291,99056,291,98500,291,99101,100,,,99183,100,,,99522,100,,,99550,100,,,99559,100,,,99798,100,,,99859,100,,,99866,100,,
2019-06-28 12:21:42.448617892,99041,191,98792,291,99056,291,98500,291,99101,100,,,99183,100,,,99522,100,,,99550,100,,,99559,100,,,99798,100,,,99859,100,,,99866,100,,
2019-06-28 12:21:50.000000000,99056,291,98792,291,99101,291,98500,291,99183,100,,,99522,100,,,99550,100,,,99559,100,,,99798,100,,,99859,100,,,99866,100,,,99967,100,,
2019-06-28 12:22:00.000000000,99056,482,98792,348,99101,100,98500,100,99183,100,,,99522,100,,,99550,100,,,99559,100,,,99798,100,,,99859,100,,,99866,100,,,99967,100,,
2019-06-28 12:22:10.000000000,99056,291,98500,291,99101,291,98499,191,99183,100,,,99522,100,,,99550,100,,,99559,100,,,99798,100,,,99859,100,,,99866,100,,,99967,100,,
2019-06-28 12:22:15.447148885,99056,291,98500,291,99101,291,98499,191,99183,100,,,99522,100,,,99550,100,,,99559,100,,,99798,100,,,99859,100,,,99967,100,,,100215,100,,
2019-06-28 12:22:20.000000000,99056,196,98500,196,99101,196,98499,96,99183,196,,,99522,196,,,99550,100,,,99559,100,,,99798,100,,,99859,100,,,99967,100,,,100215,100,,
2019-06-28 12:22:30.000000000,99056,196,98500,196,99101,196,98499,96,99183,196,,,99522,196,,,99550,100,,,99559,100,,,99798,100,,,99859,100,,,99967,100,,,100215,100,,
2019-06-28 12:22:40.000000000,99056,230,98500,230,99101,226,98499,126,99183,226,,,99522,100,,,99550,100,,,99559,100,,,99798,100,,,99859,100,,,99967,100,,,100215,100,,
2019-06-28 12:22:45.892619888,99056,130,98500,230,99101,226,98499,126,99183,226,,,99522,100,,,99550,100,,,99559,100,,,99798,100,,,99859,100,,,99967,100,,,100215,100,,
2019-06-28 12:22:50.000000000,99101,482,98500,482,99183,100,,,99522,100,,,99550,100,,,99559,100,,,99798,100,,,99859,100,,,99967,100,,,100215,100,,,100350,100,,
2019-06-28 12:22:50.619250694,99101,482,98500,482,99183,100,,,99522,100,,,99550,100,,,99559,100,,,99798,100,,,99859,100,,,99967,100,,,100215,100,,,100350,100,,
2019-06-28 12:22:52.563398241,99101,482,98500,482,99183,100,,,99522,100,,,99550,100,,,99559,100,,,99798,100,,,99859,100,,,99967,100,,,100215,100,,,100350,100,,
2019-06-28 12:23:00.000000000,99101,176,98500,42,99183,176,98499,76,99522,176,,,99550,176,,,99559,176,,,99798,100,,,99859,100,,,99967,100,,,100215,100,,,100350,100,,
2019-06-28 12:23:00.125209472,99101,176,98500,42,99183,176,98499,76,99522,176,,,99550,176,,,99559,176,,,99798,100,,,99859,100,,,99967,100,,,100215,100,,,100350,100,,
2019-06-28 12:23:06.782280921,99101,76,98500,42,99183,176,98499,76,99522,176,,,99550,176,,,99559,176,,,99798,100,,,99859,100,,,99967,100,,,100215,100,,,100350,100,,
2019-06-28 12:23:10.000000000,99183,100,,,99522,100,,,99550,100,,,99559,100,,,99798,100,,,99859,100,,,99967,100,,,100215,100,,,100350,100,,,100354,100,,
2019-06-28 12:23:36.440155324,99522,100,,,99550,100,,,99559,100,,,99798,100,,,99859,100,,,99967,100,,,100215,100,,,100350,100,,,100354,100,,,100371,100,,
2019-06-28 12:23:40.382004604,99522,100,99101,100,99550,100,,,99559,100,,,99798,100,,,99859,100,,,99967,100,,,100215,100,,,100350,100,,,100354,100,,,100371,100,,
2019-06-28 12:23:50.000000000,99522,482,99101,482,99550,100,,,99559,100,,,99798,100,,,99859,100,,,99967,100,,,100215,100,,,100350,100,,,100354,100,,,100371,100,,
2019-06-28 12:23:52.002075530,99522,382,99101,482,99559,100,,,99798,100,,,99859,100,,,99967,100,,,100215,100,,,100350,100,,,100354,100,,,100371,100,,,100539,100,,
2019-06-28 12:23:52.124575503,99522,382,99101,482,99559,100,,,99798,100,,,99859,100,,,99967,100,,,100215,100,,,100350,100,,,100354,100,,,100371,100,,,100539,100,,
2019-06-28 12:23:59.064129121,99522,282,99101,482,99559,100,,,99798,100,,,99859,100,,,99967,100,,,100215,100,,,100350,100,,,100354,100,,,100371,100,,,100539,100,,
2019-06-28 12:24:00.000000000,99559,176,99101,42,99798,176,99100,76,99859,176,,,99967,176,,,100215,176,,,100350,100,,,100354,100,,,100371,100,,,100539,100,,,100602,100,,
2019-06-28 12:24:03.085906446,99559,176,99101,42,99798,176,99100,76,99859,176,,,99967,176,,,100215,176,,,100350,100,,,100354,100,,,100371,100,,,100602,100,,,100653,100,,
2019-06-28 12:24:10.000000000,99559,100,,,99798,100,,,99859,100,,,99967,100,,,100215,100,,,100350,100,,,100354,100,,,100371,100,,,100602,100,,,100653,100,,
2019-06-28 12:24:18.229664350,99798,100,,,99859,100,,,99967,100,,,100215,100,,,100350,100,,,100354,100,,,100371,100,,,100602,100,,,100653,100,,,100703,100,,
2019-06-28 12:24:38.064275985,99967,100,,,100215,100,,,100350,100,,,100354,100,,,100371,100,,,100602,100,,,100653,100,,,100703,100,,,,,,,,,,
2019-06-28 12:25:14.873362816,99967,100,,,100215,100,,,100350,100,,,100354,100,,,100371,100,,,100602,100,,,100653,100,,,100660,100,,,100703,100,,,,,,
2019-06-28 12:25:22.911887324,99967,100,99559,100,100215,100,,,100350,100,,,100354,100,,,100371,100,,,100602,100,,,100653,100,,,100660,100,,,100703,100,,,,,,
2019-06-28 12:25:30.000000000,99967,482,99559,482,100215,100,,,100350,100,,,100354,100,,,100371,100,,,100602,100,,,100653,100,,,100660,100,,,100703,100,,,,,,
2019-06-28 12:25:40.000000000,99967,196,99559,196,100215,196,99558,96,100350,196,,,100354,196,,,100371,100,,,100602,100,,,100653,100,,,100660,100,,,100703,100,,,,,,
2019-06-28 12:25:45.031531723,99967,196,99559,296,100215,196,99558,96,100350,196,,,100354,196,,,100371,100,,,100602,100,,,100653,100,,,100660,100,,,100703,100,,,,,,
2019-06-28 12:25:47.744447367,99967,96,99559,296,100215,196,99558,96,100350,196,,,100354,196,,,100371,100,,,100602,100,,,100653,100,,,100660,100,,,100703,100,,,,,,
2019-06-28 12:25:50.000000000,100215,196,99559,296,100350,196,99558,96,100354,196,,,100371,196,,,100602,100,,,100653,100,,,100660,100,,,100703,100,,,,,,,,,,
2019-06-28 12:25:50.866876713,100215,196,99859,100,100350,196,99559,296,100354,196,99558,96,100371,196,,,100602,100,,,100653,100,,,100660,100,,,100703,100,,,,,,,,,,
2019-06-28 12:26:00.000000000,100215,482,99859,348,100350,100,99559,200,100354,100,,,100371,100,,,100602,100,,,100653,100,,,100660,100,,,100703,100,,,,,,,,,,
2019-06-28 12:26:10.000000000,100215,176,99559,276,100350,176,99558,76,100354,176,,,100371,176,,,100602,176,,,100653,100,,,100660,100,,,100703,100,,,,,,,,,,
2019-06-28 12:26:20.000000000,100215,176,99559,276,100350,176,99558,76,100354,176,,,100371,176,,,100602,176,,,100653,100,,,100660,100,,,100703,100,,,,,,,,,,
2019-06-28 12:26:30.000000000,100215,482,99559,582,100350,100,,,100354,100,,,100371,100,,,100602,100,,,100653,100,,,100660,100,,,100703,100,,,,,,,,,,
2019-06-28 12:26:30.605659798,100215,482,99859,100,100350,100,99559,582,100354,100,,,100371,100,,,100602,100,,,100653,100,,,100660,100,,,100703,100,,,,,,,,,,
2019-06-28 12:26:31.088984391,100215,382,99859,100,100350,100,99559,582,100354,100,,,100371,100,,,100602,100,,,100653,100,,,100660,100,,,100703,100,,,,,,,,,,
2019-06-28 12:26:40.000000000,100350,176,99859,176,100354,176,99559,276,100371,176,99558,76,100602,176,,,100653,176,,,100660,100,,,100703,100,,,,,,,,,,,,,,
2019-06-28 12:26:46.212330980,100350,176,99859,176,100354,176,99559,276,100371,176,99558,76,100602,176,,,100653,176,,,100660,100,,,100703,100,,,100860,100,,,,,,,,,,
2019-06-28 12:26:47.269689855,100350,76,99859,176,100354,176,99559,276,100371,176,99558,76,100602,76,,,100653,176,,,100660,100,,,100703,100,,,100860,100,,,,,,,,,,
2019-06-28 12:26:49.805419502,100350,76,99859,176,100354,176,99559,276,100371,176,99558,76,100602,76,,,100653,176,,,100660,100,,,100703,100,,,100860,100,,,101190,100,,,,,,
2019-06-28 12:26:50.000000000,100354,230,99859,230,100371,226,99559,326,100653,226,99558,126,100660,100,,,100703,100,,,100860,100,,,101190,100,,,,,,,,,,,,,,
2019-06-28 12:26:51.547414498,100354,230,100215,100,100371,226,99859,230,100653,226,99559,226,100660,100,99558,126,100703,100,,,100860,100,,,101190,100,,,,,,,,,,,,,,
2019-06-28 12:26:53.191540544,100354,230,100215,100,100371,226,99859,230,100653,226,99559,226,100660,100,99558,126,100703,100,,,100860,100,,,101130,100,,,101190,100,,,,,,,,,,
2019-06-28 12:27:00.000000000,100354,176,100215,37,100371,176,99859,176,100653,176,99559,176,100660,176,99558,76,100703,176,,,100860,100,,,101130,100,,,101190,100,,,,,,,,,,
2019-06-28 12:27:10.000000000,100354,196,99859,196,100371,196,99559,196,100653,196,99558,96,100660,196,,,100703,100,,,100860,100,,,101130,100,,,101190,100,,,,,,,,,,
2019-06-28 12:27:11.213933480,100354,196,100215,100,100371,196,99859,196,100653,196,99559,196,100660,196,99558,96,100703,100,,,100860,100,,,101130,100,,,101190,100,,,,,,,,,,
2019-06-28 12:27:20.000000000,100354,482,100215,482,100371,100,99859,100,100653,100,99559,100,100660,100,,,100703,100,,,100860,100,,,101130,100,,,101190,100,,,,,,,,,,
2019-06-28 12:27:30.000000000,100354,482,100215,482,100371,100,99859,100,100653,100,99559,100,100660,100,,,100703,100,,,100860,100,,,101130,100,,,101190,100,,,,,,,,,,
2019-06-28 12:27:35.760374801,100354,482,100284,100,100371,100,100215,482,100653,100,99859,100,100660,100,99559,100,100703,100,,,100860,100,,,101130,100,,,101190,100,,,,,,,,,,
2019-06-28 12:27:40.000000000,100354,482,100284,482,100371,100,100215,100,100653,100,99859,100,100660,100,99559,100,100703,100,,,100860,100,,,101130,100,,,101190,100,,,,,,,,,,
2019-06-28 12:27:41.114290716,100354,382,100284,482,100371,100,100215,100,100653,100,99859,100,100660,100,99559,100,100703,100,,,100860,100,,,101130,100,,,101190,100,,,,,,,,,,
2019-06-28 12:27:44.122026407,100354,282,100284,482,100371,100,100215,100,100653,100,99859,100,100660,100,99559,100,100703,100,,,100860,100,,,101130,100,,,101190,100,,,,,,,,,,
2019-06-28 12:27:45.439207653,100354,282,100284,482,100371,100,100215,100,100653,100,100170,100,100660,100,99859,100,100703,100,99559,100,100860,100,,,101130,100,,,101190,100,,,,,,,,,,
2019-06-28 12:27:50.000000000,100371,482,100284,482,100653,100,100215,100,100660,100,100170,100,100703,100,99859,100,100860,100,99559,100,101130,100,,,101190,100,,,,,,,,,,,,,,
2019-06-28 12:27:58.201238429,100371,482,100284,482,100660,100,100215,100,100703,100,100170,100,100739,100,99859,100,100860,100,99559,100,101130,100,,,101190,100,,,,,,,,,,,,,,
2019-06-28 12:28:00.000000000,100371,196,100284,57,100660,196,100215,196,100703,196,100170,196,100739,196,99859,196,100860,100,99559,100,101130,100,,,101190,100,,,,,,,,,,,,,,
2019-06-28 12:28:00.348565622,100371,196,100284,157,100660,196,100215,196,100703,196,100170,196,100739,196,99859,196,100860,100,99559,100,101130,100,,,101190,100,,,,,,,,,,,,,,
2019-06-28 12:28:05.709045523,100371,196,100284,157,100660,196,100215,196,100703,196,100170,196,100739,196,99859,96,100860,100,99559,100,101130,100,,,101190,100,,,,,,,,,,,,,,
2019-06-28 12:28:10.000000000,100371,176,100284,176,100660,176,100215,176,100703,176,100170,176,100739,176,99559,176,100860,176,99558,76,101130,100,,,101190,100,,,,,,,,,,,,,,
2019-06-28 12:28:13.099806001,100308,100,100284,176,100371,176,100215,176,100660,176,100170,176,100703,176,99559,176,100739,176,99558,76,100860,176,,,101130,100,,,101190,100,,,,,,,,,,
2019-06-28 12:28:20.000000000,100308,196,100284,196,100371,196,100215,196,100660,196,100170,196,100703,196,99559,196,100739,100,,,100860,100,,,101130,100,,,101190,100,,,,,,,,,,
2019-06-28 12:28:30.000000000,100308,176,100284,176,100371,176,100215,176,100660,176,100170,176,100703,176,99559,176,100739,176,99558,76,100860,100,,,101130,100,,,101190,100,,,,,,,,,,
2019-06-28 12:28:40.000000000,100308,291,100284,291,100371,291,100215,291,100660,100,100170,100,100703,100,99559,100,100739,100,,,100860,100,,,101130,100,,,101190,100,,,,,,,,,,
2019-06-28 12:28:43.870468533,100308,291,100284,191,100371,291,100215,291,100660,100,100170,100,100703,100,99559,100,100739,100,,,100860,100,,,101130,100,,,101190,100,,,,,,,,,,
2019-06-28 12:28:43.964061677,100308,291,100284,191,100371,291,100215,291,100660,100,100170,100,100703,100,99819,100,100739,100,99559,100,100860,100,,,101130,100,,,101190,100,,,,,,,,,,
2019-06-28 12:28:50.000000000,100308,196,100215,196,100371,196,100170,196,100660,196,99819,196,100703,196,99559,196,100739,100,,,100860,100,,,101130,100,,,101190,100,,,,,,,,,,
2019-06-28 12:29:00.000000000,100308,230,100215,91,100371,226,100170,226,100660,226,99819,226,100703,100,99559,100,100739,100,,,100860,100,,,101130,100,,,101190,100,,,,,,,,,,
2019-06-28 12:29:10.000000000,100308,196,100170,196,100371,196,99819,196,100660,196,99559,196,100703,196,99558,96,100739,100,,,100860,100,,,101130,100,,,101190,100,,,,,,,,,,
2019-06-28 12:29:20.000000000,100308,230,100170,230,100371,226,99819,226,100660,226,99559,226,100703,100,,,100739,100,,,100860,100,,,101130,100,,,101190,100,,,,,,,,,,
2019-06-28 12:29:23.409500795,100215,100,100170,230,100308,230,99819,226,100371,226,99559,226,100660,226,,,100703,100,,,100739,100,,,100860,100,,,101130,100,,,101190,100,,,,,,
2019-06-28 12:29:30.000000000,100215,482,100170,482,100308,100,99819,100,100371,100,99559,100,100660,100,,,100703,100,,,100739,100,,,100860,100,,,101130,100,,,101190,100,,,,,,
2019-06-28 12:29:40.000000000,100215,482,100170,482,100308,100,99819,100,100371,100,99559,100,100660,100,,,100703,100,,,100739,100,,,100860,100,,,101130,100,,,101190,100,,,,,,
2019-06-28 12:29:50.000000000,100215,230,100170,230,100308,226,99819,226,100371,226,99559,226,100660,100,,,100703,100,,,100739,100,,,100860,100,,,101130,100,,,101190,100,,,,,,
2019-06-28 12:30:00.000000000,100215,230,100170,91,100308,226,99819,226,100371,226,99559,226,100660,100,,,100703,100,,,100739,100,,,100860,100,,,101130,100,,,101190,100,,,,,,
2019-06-28 12:30:10.000000000,100215,196,99819,196,100308,196,99559,196,100371,196,99558,96,100660,196,,,100703,100,,,100739,100,,,100860,100,,,101130,100,,,101190,100,,,,,,
2019-06-28 12:30:11.835132739,100215,196,99819,96,100308,196,99559,196,100371,196,99558,96,100660,196,,,100703,100,,,100739,100,,,100860,100,,,101130,100,,,101190,100,,,,,,
2019-06-28 12:30:20.000000000,100215,196,99559,196,100308,196,99558,96,100371,196,,,100660,196,,,100703,100,,,100739,100,,,100860,100,,,101130,100,,,101190,100,,,,,,
2019-06-28 12:30:22.550090235,100215,196,99559,96,100308,196,99558,96,100371,196,,,100660,196,,,100703,100,,,100739,100,,,100860,100,,,101130,100,,,101190,100,,,,,,
2019-06-28 12:30:26.896131015,100215,196,99559,96,100308,196,99558,96,100371,196,99403,100,100660,196,,,100703,100,,,100739,100,,,100860,100,,,101130,100,,,101190,100,,,,,,
2019-06-28 12:30:30.000000000,100215,230,99403,230,100308,226,99402,126,100371,226,,,100660,100,,,100703,100,,,100739,100,,,100860,100,,,101130,100,,,101190,100,,,,,,
2019-06-28 12:30:40.000000000,100215,482,99403,482,100308,100,,,100371,100,,,100660,100,,,100703,100,,,100739,100,,,100860,100,,,101130,100,,,101190,100,,,,,,
2019-06-28 12:30:45.135822428,99839,100,99403,482,100215,482,,,100308,100,,,100371,100,,,100660,100,,,100703,100,,,100739,100,,,100860,100,,,101130,100,,,101190,100,,
2019-06-28 12:30:50.000000000,99839,196,99403,196,100215,196,99402,96,100308,196,,,100371,196,,,100660,100,,,100703,100,,,100739,100,,,100860,100,,,101130,100,,,101190,100,,
2019-06-28 12:30:56.536981888,99839,196,99560,100,100215,196,99403,196,100308,196,99402,96,100371,196,,,100660,100,,,100703,100,,,100739,100,,,100860,100,,,101130,100,,,101190,100,,
2019-06-28 12:31:00.000000000,99839,230,99560,91,100215,226,99403,226,100308,226,99402,126,100371,100,,,100660,100,,,100703,100,,,100739,100,,,100860,100,,,101130,100,,,101190,100,,
2019-06-28 12:31:08.268193537,99839,230,99560,91,99903,100,99403,226,100215,226,99402,126,100308,226,,,100371,100,,,100660,100,,,100703,100,,,100739,100,,,100860,100,,,101130,100,,
2019-06-28 12:31:10.000000000,99839,291,99403,291,99903,291,99402,191,100215,100,,,100308,100,,,100371,100,,,100660,100,,,100703,100,,,100739,100,,,100860,100,,,101130,100,,
2019-06-28 12:31:11.324286501,99839,291,99403,291,99903,291,99402,191,99916,100,,,100215,100,,,100308,100,,,100371,100,,,100660,100,,,100703,100,,,100739,100,,,100860,100,,
2019-06-28 12:31:18.059796275,99588,100,99403,291,99839,291,99402,191,99903,291,,,99916,100,,,100215,100,,,100308,100,,,100371,100,,,100660,100,,,100703,100,,,100739,100,,
2019-06-28 12:31:20.000000000,99588,230,99403,230,99839,226,99402,126,99903,226,,,99916,100,,,100215,100,,,100308,100,,,100371,100,,,100660,100,,,100703,100,,,100739,100,,
2019-06-28 12:31:21.269913200,99588,230,99403,230,99771,100,99402,126,99839,226,,,99903,226,,,99916,100,,,100215,100,,,100308,100,,,100371,100,,,100660,100,,,100703,100,,
2019-06-28 12:31:30.000000000,99588,230,99403,230,99771,226,99402,126,99839,226,,,99903,100,,,99916,100,,,100215,100,,,100308,100,,,100371,100,,,100660,100,,,100703,100,,
2019-06-28 12:31:36.575020737,99588,230,99403,130,99771,226,99402,126,99839,226,,,99903,100,,,99916,100,,,100215,100,,,100308,100,,,100371,100,,,100660,100,,,100703,100,,
2019-06-28 12:31:40.000000000,99588,100,,,99771,100,,,99839,100,,,99903,100,,,99916,100,,,100215,100,,,100308,100,,,100371,100,,,100660,100,,,100703,100,,
2019-06-28 12:32:00.311131275,99588,100,,,99771,100,,,99839,100,,,99876,100,,,99903,100,,,99916,100,,,100215,100,,,100308,100,,,100371,100,,,100660,100,,
2019-06-28 12:32:07.240939086,99588,100,99477,100,99771,100,,,99839,100,,,99876,100,,,99903,100,,,99916,100,,,100215,100,,,100308,100,,,100371,100,,,100660,100,,
2019-06-28 12:32:08.552174902,99588,100,,,99771,100,,,99839,100,,,99876,100,,,99903,100,,,99916,100,,,100215,100,,,100308,100,,,100371,100,,,100660,100,,
2019-06-28 12:32:21.179863414,99588,100,99536,100,99771,100,,,99839,100,,,99876,100,,,99903,100,,,99916,100,,,100215,100,,,100308,100,,,100371,100,,,100660,100,,
2019-06-28 12:32:24.395657989,99588,100,99536,100,99688,100,,,99771,100,,,99839,100,,,99876,100,,,99903,100,,,100215,100,,,100308,100,,,100371,100,,,100660,100,,
2019-06-28 12:32:28.014407156,99588,100,99536,100,99665,100,,,99688,100,,,99771,100,,,99839,100,,,99876,100,,,99903,100,,,100215,100,,,100308,100,,,100371,100,,
2019-06-28 12:32:30.000000000,99588,230,99536,230,99665,226,99535,126,99688,226,,,99771,100,,,99839,100,,,99876,100,,,99903,100,,,100215,100,,,100308,100,,,100371,100,,
2019-06-28 12:32:40.000000000,99588,482,99536,482,99665,100,,,99688,100,,,99771,100,,,99839,100,,,99876,100,,,99903,100,,,100215,100,,,100308,100,,,100371,100,,
2019-06-28 12:32:50.000000000,99588,196,99536,196,99665,196,99535,96,99688,196,,,99771,196,,,99839,100,,,99876,100,,,99903,100,,,100215,100,,,100308,100,,,100371,100,,
2019-06-28 12:32:55.934912082,99588,196,99536,96,99665,196,99535,96,99688,196,,,99771,196,,,99839,100,,,99876,100,,,99903,100,,,100215,100,,,100308,100,,,100371,100,,
2019-06-28 12:33:00.000000000,99588,100,,,99665,100,,,99688,100,,,99771,100,,,99839,100,,,99876,100,,,99903,100,,,100215,100,,,100308,100,,,100371,100,,
2019-06-28 12:33:09.201557786,99485,100,,,99588,100,,,99665,100,,,99688,100,,,99771,100,,,99839,100,,,99876,100,,,99903,100,,,100215,100,,,100308,100,,
2019-06-28 12:33:22.196290751,99588,100,,,99665,100,,,99688,100,,,99771,100,,,99839,100,,,99876,100,,,99903,100,,,100215,100,,,100308,100,,,100371,100,,
2019-06-28 12:33:39.804093343,99588,100,,,99665,100,,,99688,100,,,99771,100,,,99816,100,,,99839,100,,,99876,100,,,99903,100,,,100215,100,,,100308,100,,
2019-06-28 12:33:42.014585072,99588,100,,,99634,100,,,99665,100,,,99688,100,,,99771,100,,,99816,100,,,99839,100,,,99876,100,,,99903,100,,,100215,100,,
2019-06-28 12:33:47.179436709,99588,100,99443,100,99634,100,,,99665,100,,,99688,100,,,99771,100,,,99816,100,,,99839,100,,,99876,100,,,99903,100,,,100215,100,,
2019-06-28 12:33:50.000000000,99588,291,99443,291,99634,291,99442,191,99665,100,,,99688,100,,,99771,100,,,99816,100,,,99839,100,,,99876,100,,,99903,100,,,100215,100,,
2019-06-28 12:34:00.000000000,99588,112,99443,209,99634,226,99442,126,99665,226,,,99688,100,,,99771,100,,,99816,100,,,99839,100,,,99876,100,,,99903,100,,,100215,100,,
2019-06-28 12:34:00.218387992,99588,112,99443,309,99634,226,99442,126,99665,226,,,99688,100,,,99771,100,,,99816,100,,,99839,100,,,99876,100,,,99903,100,,,100215,100,,
2019-06-28 12:34:10.000000000,99634,230,99443,309,99665,226,99442,126,99688,226,,,99771,100,,,99816,100,,,99839,100,,,99876,100,,,99903,100,,,100215,100,,,100308,100,,
2019-06-28 12:34:20.000000000,99634,291,99443,370,99665,291,99442,191,99688,100,,,99771,100,,,99816,100,,,99839,100,,,99876,100,,,99903,100,,,100215,100,,,100308,100,,
2019-06-28 12:34:27.456494648,99634,191,99443,370,99665,291,99442,191,99688,100,,,99771,100,,,99816,100,,,99839,100,,,99876,100,,,99903,100,,,100215,100,,,100308,100,,
2019-06-28 12:34:30.000000000,99665,176,99443,255,99688,176,99442,76,99771,176,,,99816,176,,,99839,176,,,99876,100,,,99903,100,,,100215,100,,,100308,100,,,100371,100,,
2019-06-28 12:34:33.316682430,99665,176,99443,255,99688,176,99442,76,99771,176,,,99816,176,,,99839,176,,,99849,100,,,99876,100,,,99903,100,,,100215,100,,,100308,100,,
2019-06-28 12:34:34.604669986,99665,176,99443,255,99688,176,99442,76,99771,176,,,99816,176,,,99839,76,,,99849,100,,,99876,100,,,99903,100,,,100063,100,,,100215,100,,
2019-06-28 12:34:40.000000000,99665,196,99443,275,99688,196,99442,96,99771,196,,,99816,196,,,99849,100,,,99876,100,,,99903,100,,,100063,100,,,100215,100,,,100308,100,,
2019-06-28 12:34:49.591442785,99665,196,99443,275,99688,196,99442,96,99771,196,,,99816,196,,,99849,100,,,99876,100,,,99903,100,,,99952,100,,,100063,100,,,100215,100,,
2019-06-28 12:34:50.000000000,99665,482,99443,561,99688,100,,,99771,100,,,99816,100,,,99849,100,,,99876,100,,,99903,100,,,99952,100,,,100063,100,,,100215,100,,
2019-06-28 12:35:00.000000000,99665,62,99443,270,99688,196,99442,96,99771,196,,,99816,196,,,99849,100,,,99876,100,,,99903,100,,,99952,100,,,100063,100,,,100215,100,,
2019-06-28 12:35:10.000000000,99688,482,99443,556,99771,100,,,99816,100,,,99849,100,,,99876,100,,,99903,100,,,99952,100,,,100063,100,,,100215,100,,,100308,100,,
2019-06-28 12:35:10.147641876,99688,482,99443,556,99771,100,,,99816,100,,,99849,100,,,99903,100,,,99952,100,,,100063,100,,,100215,100,,,100308,100,,,100371,100,,
2019-06-28 12:35:20.000000000,99688,176,99443,250,99771,176,99442,76,99816,176,,,99849,176,,,99903,176,,,99952,100,,,100063,100,,,100215,100,,,100308,100,,,100371,100,,
2019-06-28 12:35:30.000000000,99688,291,99443,365,99771,291,99442,191,99816,100,,,99849,100,,,99903,100,,,99952,100,,,100063,100,,,100215,100,,,100308,100,,,100371,100,,
2019-06-28 12:35:40.000000000,99688,482,99443,556,99771,100,,,99816,100,,,99849,100,,,99903,100,,,99952,100,,,100063,100,,,100215,100,,,100308,100,,,100371,100,,
2019-06-28 12:35:41.325900057,99688,482,99443,656,99771,100,,,99816,100,,,99849,100,,,99903,100,,,99952,100,,,100063,100,,,100215,100,,,100308,100,,,100371,100,,
2019-06-28 12:35:41.726400512,99688,382,99443,656,99816,100,,,99849,100,,,99903,100,,,99952,100,,,100063,100,,,100215,100,,,100308,100,,,100371,100,,,100660,100,,
2019-06-28 12:35:42.950062837,99688,282,99443,656,99816,100,,,99849,100,,,99903,100,,,99952,100,,,100063,100,,,100215,100,,,100308,100,,,100371,100,,,100660,100,,
2019-06-28 12:35:50.000000000,99816,291,99443,465,99849,291,99442,191,99903,100,,,99952,100,,,100063,100,,,100215,100,,,100308,100,,,100371,100,,,100660,100,,,100684,100,,
2019-06-28 12:36:00.000000000,99816,157,99443,460,99849,291,99442,191,99903,100,,,99952,100,,,100063,100,,,100215,100,,,100308,100,,,100371,100,,,100660,100,,,100684,100,,
2019-06-28 12:36:07.284747948,99816,57,99443,460,99849,291,99442,191,99903,100,,,99952,100,,,100063,100,,,100215,100,,,100308,100,,,100371,100,,,100660,100,,,100684,100,,
2019-06-28 12:36:10.000000000,99849,196,99443,365,99903,196,99442,96,99952,196,,,100063,196,,,100215,100,,,100308,100,,,100371,100,,,100660,100,,,100684,100,,,100703,100,,
2019-06-28 12:36:16.682116173,99849,196,99443,365,99903,196,99442,96,99952,196,,,100063,196,,,100215,100,,,100224,100,,,100308,100,,,100371,100,,,100660,100,,,100684,100,,
2019-06-28 12:36:20.000000000,99849,176,99443,345,99903,176,99442,76,99952,176,,,100063,176,,,100215,176,,,100224,100,,,100308,100,,,100371,100,,,100660,100,,,100684,100,,
2019-06-28 12:36:30.000000000,99849,291,99443,460,99903,291,99442,191,99952,100,,,100063,100,,,100215,100,,,100224,100,,,100308,100,,,100371,100,,,100660,100,,,100684,100,,
2019-06-28 12:36:40.000000000,99849,230,99443,399,99903,226,99442,126,99952,226,,,100063,100,,,100215,100,,,100224,100,,,100308,100,,,100371,100,,,100660,100,,,100684,100,,
2019-06-28 12:36:42.893084312,99849,230,99443,499,99903,226,99442,126,99952,226,,,100063,100,,,100215,100,,,100224,100,,,100308,100,,,100371,100,,,100660,100,,,100684,100,,
2019-06-28 12:36:50.000000000,99849,230,99443,499,99903,226,99442,126,99952,226,,,100063,100,,,100215,100,,,100224,100,,,100308,100,,,100371,100,,,100660,100,,,100684,100,,
2019-06-28 12:37:00.000000000,99849,62,99443,460,99903,196,99442,96,99952,196,,,100063,196,,,100215,100,,,100224,100,,,100308,100,,,100371,100,,,100660,100,,,100684,100,,
2019-06-28 12:37:10.000000000,99903,196,99443,460,99952,196,99442,96,100063,196,,,100215,196,,,100224,100,,,100308,100,,,100371,100,,,100660,100,,,100684,100,,,100703,100,,
2019-06-28 12:37:19.861244841,99903,196,99443,560,99952,196,99442,96,100063,196,,,100215,196,,,100224,100,,,100308,100,,,100371,100,,,100660,100,,,100684,100,,,100703,100,,
2019-06-28 12:37:20.000000000,99903,230,99443,594,99952,226,99442,126,100063,226,,,100215,100,,,100224,100,,,100308,100,,,100371,100,,,100660,100,,,100684,100,,,100703,100,,
2019-06-28 12:37:29.091372997,99903,230,99443,494,99952,226,99442,126,100063,226,,,100215,100,,,100224,100,,,100308,100,,,100371,100,,,100660,100,,,100684,100,,,100703,100,,
2019-06-28 12:37:30.000000000,99903,482,99443,746,99952,100,,,100063,100,,,100215,100,,,100224,100,,,100308,100,,,100371,100,,,100660,100,,,100684,100,,,100703,100,,
2019-06-28 12:37:40.000000000,99903,196,99443,460,99952,196,99442,96,100063,196,,,100215,196,,,100224,100,,,100308,100,,,100371,100,,,100660,100,,,100684,100,,,100703,100,,
2019-06-28 12:37:42.703932490,99903,96,99443,460,99952,196,99442,96,100063,196,,,100215,196,,,100224,100,,,100308,100,,,100371,100,,,100660,100,,,100703,100,,,100860,100,,
2019-06-28 12:37:47.348881688,99903,96,99798,100,99952,196,99443,460,100063,196,99442,96,100215,196,,,100224,100,,,100308,100,,,100371,100,,,100660,100,,,100703,100,,,100860,100,,
2019-06-28 12:37:50.000000000,99952,230,99798,230,100063,226,99443,490,100215,226,99442,126,100224,100,,,100308,100,,,100371,100,,,100660,100,,,100703,100,,,100860,100,,,,,,
2019-06-28 12:37:52.232012535,99952,230,99798,230,100063,226,99443,490,100215,226,99442,126,100224,100,,,100308,100,,,100371,100,,,100660,100,,,100694,100,,,100703,100,,,100860,100,,
2019-06-28 12:38:00.000000000,99952,42,99798,171,100063,176,99443,440,100215,176,99442,76,100224,176,,,100308,176,,,100371,100,,,100660,100,,,100694,100,,,100703,100,,,100860,100,,
2019-06-28 12:38:10.000000000,100063,482,99798,477,100215,100,99443,364,100224,100,,,100308,100,,,100371,100,,,100660,100,,,100694,100,,,100703,100,,,100860,100,,,,,,
2019-06-28 12:38:17.116358923,100063,482,99798,577,100215,100,99443,264,100224,100,,,100308,100,,,100371,100,,,100660,100,,,100694,100,,,100703,100,,,100860,100,,,,,,
2019-06-28 12:38:20.000000000,100063,196,99798,291,100215,196,99443,360,100224,196,99442,96,100308,196,,,100371,100,,,100660,100,,,100694,100,,,100703,100,,,100860,100,,,,,,
2019-06-28 12:38:30.000000000,100063,230,99798,325,100215,226,99443,390,100224,226,99442,126,100308,100,,,100371,100,,,100660,100,,,100694,100,,,100703,100,,,100860,100,,,,,,
2019-06-28 12:38:40.000000000,100063,230,99798,325,100215,226,99443,390,100224,226,99442,126,100308,100,,,100371,100,,,100660,100,,,100694,100,,,100703,100,,,100860,100,,,,,,
2019-06-28 12:38:43.483160338,100063,230,99798,325,100215,226,99443,390,100224,226,99442,126,100304,100,,,100371,100,,,100660,100,,,100694,100,,,100703,100,,,100860,100,,,,,,
2019-06-28 12:38:50.000000000,100063,482,99798,577,100215,100,99443,264,100224,100,,,100304,100,,,100371,100,,,100660,100,,,100694,100,,,100703,100,,,100860,100,,,,,,
2019-06-28 12:39:00.000000000,100063,157,99798,381,100215,291,99443,455,100224,100,,,100304,100,,,100371,100,,,100660,100,,,100694,100,,,100703,100,,,100860,100,,,,,,
2019-06-28 12:39:10.000000000,100215,196,99798,286,100224,196,99443,360,100304,196,99442,96,100371,196,,,100660,100,,,100694,100,,,100703,100,,,100860,100,,,,,,,,,,
2019-06-28 12:39:15.149955009,100215,196,99798,386,100224,196,99443,360,100304,196,99442,96,100371,196,,,100660,100,,,100694,100,,,100703,100,,,100860,100,,,,,,,,,,
2019-06-28 12:39:20.000000000,100215,196,99798,386,100224,196,99443,360,100304,196,99442,96,100371,196,,,100660,100,,,100694,100,,,100703,100,,,100860,100,,,,,,,,,,
2019-06-28 12:39:28.047221401,100215,196,99798,386,100224,196,99443,360,100304,196,99442,96,100371,196,,,100660,100,,,100694,100,,,100703,100,,,100860,100,,,,,,,,,,
2019-06-28 12:39:30.000000000,100215,291,99798,481,100224,291,99443,455,100304,100,,,100371,100,,,100660,100,,,100694,100,,,100703,100,,,100860,100,,,,,,,,,,
2019-06-28 12:39:40.000000000,100215,230,99798,420,100224,226,99443,390,100304,226,99442,126,100371,100,,,100660,100,,,100694,100,,,100703,100,,,100860,100,,,,,,,,,,
2019-06-28 12:39:50.000000000,100215,230,99798,420,100224,226,99443,390,100304,226,99442,126,100371,100,,,100660,100,,,100694,100,,,100703,100,,,100860,100,,,,,,,,,,
2019-06-28 12:40:00.000000000,100215,42,99798,361,100224,176,99443,340,100304,176,99442,76,100371,176,,,100660,176,,,100694,100,,,100703,100,,,100860,100,,,,,,,,,,
2019-06-28 12:40:04.591980874,100215,42,100028,100,100224,176,99798,361,100304,176,99443,340,100371,176,99442,76,100660,176,,,100694,100,,,100703,100,,,100860,100,,,,,,,,,,
2019-06-28 12:40:10.000000000,100224,196,100028,196,100304,196,99798,381,100371,196,99443,360,100660,196,99442,96,100694,100,,,100703,100,,,100860,100,,,,,,,,,,,,,,
2019-06-28 12:40:17.380849897,100224,196,100028,196,100304,196,99798,481,100371,196,99443,360,100660,196,99442,96,100694,100,,,100703,100,,,100860,100,,,,,,,,,,,,,,
2019-06-28 12:40:20.000000000,100224,291,100028,291,100304,291,99798,576,100371,100,99443,264,100660,100,,,100694,100,,,100703,100,,,100860,100,,,,,,,,,,,,,,
2019-06-28 12:40:30.000000000,100224,230,100028,230,100304,226,99798,511,100371,226,99443,390,100660,100,,,100694,100,,,100703,100,,,100860,100,,,,,,,,,,,,,,
2019-06-28 12:40:40.000000000,100224,176,100028,176,100304,176,99798,461,100371,176,99443,340,100660,176,99442,76,100694,176,,,100703,100,,,100860,100,,,,,,,,,,,,,,
2019-06-28 12:40:50.000000000,100224,196,100028,196,100304,196,99798,481,100371,196,99443,360,100660,196,99442,96,100694,100,,,100703,100,,,100860,100,,,,,,,,,,,,,,
2019-06-28 12:41:00.000000000,100224,96,100028,225,100304,226,99798,511,100371,226,99443,390,100660,100,,,100694,100,,,100703,100,,,100860,100,,,,,,,,,,,,,,
2019-06-28 12:41:10.000000000,100304,230,100028,225,100371,226,99798,511,100660,226,99443,390,100694,100,,,100703,100,,,100860,100,,,,,,,,,,,,,,,,,,
2019-06-28 12:41:20.000000000,100304,176,100028,171,100371,176,99798,461,100660,176,99443,340,100694,176,99442,76,100703,176,,,100860,100,,,,,,,,,,,,,,,,,,
2019-06-28 12:41:30.000000000,100304,176,100028,171,100371,176,99798,461,100660,176,99443,340,100694,176,99442,76,100703,176,,,100860,100,,,,,,,,,,,,,,,,,,
2019-06-28 12:41:40.000000000,100304,196,100028,191,100371,196,99798,481,100660,196,99443,360,100694,196,99442,96,100703,100,,,100860,100,,,,,,,,,,,,,,,,,,
2019-06-28 12:41:50.000000000,100304,230,100028,225,100371,226,99798,511,100660,226,99443,390,100694,100,,,100703,100,,,100860,100,,,,,,,,,,,,,,,,,,
2019-06-28 12:41:52.243045718,100304,230,100028,125,100371,226,99798,511,100660,226,99443,390,100694,100,,,100703,100,,,100860,100,,,,,,,,,,,,,,,,,,
2019-06-28 12:41:58.154326357,100304,230,100028,25,100371,226,99798,511,100660,226,99443,390,100694,100,,,100703,100,,,100860,100,,,,,,,,,,,,,,,,,,
2019-06-28 12:42:00.000000000,100304,157,99798,571,100371,291,99443,455,100660,100,,,100694,100,,,100703,100,,,100860,100,,,,,,,,,,,,,,,,,,
2019-06-28 12:42:10.000000000,100371,196,99798,476,100660,196,99443,360,100694,196,99442,96,100703,196,,,100860,100,,,,,,,,,,,,,,,,,,,,,,
2019-06-28 12:42:10.297154623,100371,196,99798,376,100660,196,99443,360,100694,196,99442,96,100703,196,,,100860,100,,,,,,,,,,,,,,,,,,,,,,
2019-06-28 12:42:12.745022053,100371,196,99798,276,100660,196,99443,296,100694,196,99442,96,100703,196,,,100860,100,,,,,,,,,,,,,,,,,,,,,,
2019-06-28 12:42:20.000000000,100371,176,99798,256,100660,176,99443,276,100694,176,99442,76,100703,176,,,100860,176,,,,,,,,,,,,,,,,,,,,,,
2019-06-28 12:42:30.000000000,100371,196,99798,276,100660,196,99443,296,100694,196,99442,96,100703,196,,,100860,100,,,,,,,,,,,,,,,,,,,,,,
2019-06-28 12:42:40.000000000,100371,230,99798,310,100660,226,99443,326,100694,226,99442,126,100703,100,,,100860,100,,,,,,,,,,,,,,,,,,,,,,
2019-06-28 12:42:50.000000000,100371,291,99798,371,100660,291,99443,391,100694,100,,,100703,100,,,100860,100,,,,,,,,,,,,,,,,,,,,,,
2019-06-28 12:42:56.167543302,100371,291,99798,271,100660,291,99443,391,100694,100,,,100703,100,,,100860,100,,,,,,,,,,,,,,,,,,,,,,
2019-06-28 12:43:00.000000000,100371,157,99798,266,100660,291,99443,391,100694,100,,,100703,100,,,100860,100,,,,,,,,,,,,,,,,,,,,,,
2019-06-28 12:43:04.495802421,100371,157,99798,166,100660,291,99443,391,100694,100,,,100703,100,,,100860,100,,,,,,,,,,,,,,,,,,,,,,
2019-06-28 12:43:10.000000000,100660,176,99443,276,100694,176,99442,76,100703,176,,,100860,176,,,100861,76,,,,,,,,,,,,,,,,,,,,,,
2019-06-28 12:43:12.724991655,100660,176,99443,276,100694,176,99442,76,100703,176,99423,100,100860,176,,,100861,76,,,,,,,,,,,,,,,,,,,,,,
2019-06-28 12:43:20.000000000,100660,230,99443,330,100694,226,99423,226,100703,226,99422,126,100860,100,,,,,,,,,,,,,,,,,,,,,,,,,,
2019-06-28 12:43:30.000000000,100660,196,99443,296,100694,196,99423,196,100703,196,99422,96,100860,196,,,,,,,,,,,,,,,,,,,,,,,,,,
2019-06-28 12:43:40.000000000,100660,196,99443,296,100694,196,99423,196,100703,196,99422,96,100860,196,,,,,,,,,,,,,,,,,,,,,,,,,,
2019-06-28 12:43:50.000000000,100660,230,99443,330,100694,226,99423,226,100703,226,99422,126,100860,100,,,,,,,,,,,,,,,,,,,,,,,,,,
2019-06-28 12:43:56.224382930,100660,230,99443,230,100694,226,99423,226,100703,226,99422,126,100860,100,,,,,,,,,,,,,,,,,,,,,,,,,,
2019-06-28 12:44:00.000000000,100660,96,99443,225,100694,226,99423,226,100703,226,99422,126,100860,100,,,,,,,,,,,,,,,,,,,,,,,,,,
2019-06-28 12:44:10.000000000,100694,196,99443,191,100703,196,99423,196,100860,196,99422,96,100861,96,,,,,,,,,,,,,,,,,,,,,,,,,,
2019-06-28 12:44:20.000000000,100694,176,99443,171,100703,176,99423,176,100860,176,99422,76,100861,76,,,,,,,,,,,,,,,,,,,,,,,,,,
2019-06-28 12:44:23.276536320,99467,100,99443,171,100694,176,99423,176,100703,176,99422,76,100860,176,,,100861,76,,,,,,,,,,,,,,,,,,,,,,
2019-06-28 12:44:30.000000000,99467,196,99443,191,100694,196,99423,196,100703,196,99422,96,100860,196,,,,,,,,,,,,,,,,,,,,,,,,,,
2019-06-28 12:44:37.556415384,99467,196,99443,91,100694,196,99423,196,100703,196,99422,96,100860,196,,,,,,,,,,,,,,,,,,,,,,,,,,
2019-06-28 12:44:40.000000000,99467,176,99423,176,100694,176,99422,76,100703,176,,,100860,176,,,100861,76,,,,,,,,,,,,,,,,,,,,,,
2019-06-28 12:44:47.781301742,99467,176,99423,76,100694,176,99422,76,100703,176,,,100860,176,,,100861,76,,,,,,,,,,,,,,,,,,,,,,
2019-06-28 12:44:50.000000000,99467,100,,,100694,100,,,100703,100,,,100860,100,,,,,,,,,,,,,,,,,,,,,,,,,,
2019-06-28 12:44:50.068057829,99443,100,,,99467,100,,,100694,100,,,100703,100,,,100860,100,,,,,,,,,,,,,,,,,,,,,,
2019-06-28 12:45:14.366179612,99443,100,98270,100,99467,100,,,100694,100,,,100703,100,,,100860,100,,,,,,,,,,,,,,,,,,,,,,
2019-06-28 12:45:20.000000000,99443,482,98270,482,99467,100,,,100694,100,,,100703,100,,,100860,100,,,,,,,,,,,,,,,,,,,,,,
2019-06-28 12:45:26.907937777,98693,100,98270,482,99443,482,,,99467,100,,,100694,100,,,100703,100,,,100860,100,,,,,,,,,,,,,,,,,,
2019-06-28 12:45:30.000000000,98693,291,98270,291,99443,291,98269,191,99467,100,,,100694,100,,,100703,100,,,100860,100,,,,,,,,,,,,,,,,,,
2019-06-28 12:45:40.000000000,98693,230,98270,230,99443,226,98269,126,99467,226,,,100694,100,,,100703,100,,,100860,100,,,,,,,,,,,,,,,,,,
2019-06-28 12:45:50.000000000,98693,482,98270,482,99443,100,,,99467,100,,,100694,100,,,100703,100,,,100860,100,,,,,,,,,,,,,,,,,,
2019-06-28 12:45:55.357915773,98693,382,98270,482,99443,100,,,99467,100,,,100694,100,,,100703,100,,,100860,100,,,,,,,,,,,,,,,,,,
2019-06-28 12:45:56.421066141,98650,100,98270,482,98693,382,,,99443,100,,,99467,100,,,100694,100,,,100703,100,,,100860,100,,,,,,,,,,,,,,
2019-06-28 12:46:00.000000000,98650,343,98270,482,99443,100,,,99467,100,,,100694,100,,,100703,100,,,100860,100,,,,,,,,,,,,,,,,,,
2019-06-28 12:46:06.320952007,98580,100,98270,482,98650,343,,,99443,100,,,99467,100,,,100694,100,,,100703,100,,,100860,100,,,,,,,,,,,,,,
2019-06-28 12:46:08.213390334,98650,343,98270,482,99443,100,,,99467,100,,,100694,100,,,100703,100,,,100860,100,,,,,,,,,,,,,,,,,,
2019-06-28 12:46:10.000000000,99443,176,98270,176,99467,176,98269,76,100694,176,,,100703,176,,,100860,176,,,,,,,,,,,,,,,,,,,,,,
2019-06-28 12:46:16.903255415,98752,100,98270,176,99443,176,98269,76,99467,176,,,100694,176,,,100703,176,,,100860,176,,,,,,,,,,,,,,,,,,
2019-06-28 12:46:17.038704031,98752,100,98640,100,99443,176,98270,176,99467,176,98269,76,100694,176,,,100703,176,,,100860,176,,,,,,,,,,,,,,,,,,
2019-06-28 12:46:20.000000000,98752,230,98640,230,99443,226,98270,226,99467,226,98269,126,100694,100,,,100703,100,,,100860,100,,,,,,,,,,,,,,,,,,
2019-06-28 12:46:30.000000000,98752,482,98640,482,99443,100,98270,100,99467,100,,,100694,100,,,100703,100,,,100860,100,,,,,,,,,,,,,,,,,,
2019-06-28 12:46:40.000000000,98752,291,98640,291,99443,291,98270,291,99467,100,,,100694,100,,,100703,100,,,100860,100,,,,,,,,,,,,,,,,,,
2019-06-28 12:46:50.000000000,98752,176,98640,176,99443,176,98270,176,99467,176,98269,76,100694,176,,,100703,176,,,100860,100,,,,,,,,,,,,,,,,,,
2019-06-28 12:46:54.597581292,98752,176,98640,176,99443,176,98580,100,99467,176,98270,176,100694,176,98269,76,100703,176,,,100860,100,,,,,,,,,,,,,,,,,,
2019-06-28 12:47:00.000000000,98752,37,98640,176,99443,176,98580,176,99467,176,98270,176,100694,176,98269,76,100703,176,,,100860,100,,,,,,,,,,,,,,,,,,
2019-06-28 12:47:03.978390453,99443,176,98752,63,99467,176,98640,176,100694,176,98580,176,100703,176,98270,176,100860,100,98269,76,,,,,,,,,,,,,,,,,,,,
2019-06-28 12:47:10.000000000,99443,230,98752,193,99467,226,98640,226,100694,226,98580,226,100703,100,98270,100,100860,100,,,,,,,,,,,,,,,,,,,,,,
2019-06-28 12:47:20.000000000,99443,291,98752,254,99467,291,98640,291,100694,100,98580,100,100703,100,98270,100,100860,100,,,,,,,,,,,,,,,,,,,,,,
2019-06-28 12:47:29.896663368,99443,291,99057,100,99467,291,98752,254,100694,100,98640,291,100703,100,98580,100,100860,100,98270,100,,,,,,,,,,,,,,,,,,,,
2019-06-28 12:47:30.000000000,99443,196,99057,196,99467,196,98752,159,100694,196,98640,196,100703,196,98580,196,100860,100,98270,100,,,,,,,,,,,,,,,,,,,,
2019-06-28 12:47:35.440232947,99443,196,99260,100,99467,196,99057,196,100694,196,98752,159,100703,196,98640,196,100860,100,98580,196,,,98270,100,,,,,,,,,,,,,,,,
2019-06-28 12:47:40.000000000,99443,176,99260,176,99467,176,99057,176,100694,176,98752,139,100703,176,98640,176,100860,176,98580,176,,,98270,100,,,,,,,,,,,,,,,,
2019-06-28 12:47:47.537527651,99443,176,99260,176,99467,176,99057,176,99501,100,98752,139,100694,176,98640,176,100703,176,98580,176,100860,176,98270,100,,,,,,,,,,,,,,,,
2019-06-28 12:47:50.000000000,99443,196,99260,196,99467,196,99057,196,99501,196,98752,159,100694,196,98640,196,100703,100,98580,100,100860,100,98270,100,,,,,,,,,,,,,,,,
2019-06-28 12:48:00.000000000,99443,37,99260,176,99467,176,99057,176,99501,176,98752,139,100694,176,98640,176,100703,176,98580,176,100860,100,98270,100,,,,,,,,,,,,,,,,
2019-06-28 12:48:03.851393319,99443,37,99260,176,99467,176,99057,176,99501,176,98752,139,99729,100,98640,176,100694,176,98580,176,100703,176,98270,100,100860,100,,,,,,,,,,,,,,
2019-06-28 12:48:10.000000000,99467,196,99260,196,99501,196,99057,196,99729,196,98752,159,100694,196,98640,196,100703,100,98580,100,100860,100,98270,100,,,,,,,,,,,,,,,,
2019-06-28 12:48:12.074022074,99467,196,99353,100,99501,196,99260,196,99729,196,99057,196,100694,196,98752,159,100703,100,98640,196,100860,100,98580,100,,,98270,100,,,,,,,,,,,,
2019-06-28 12:48:20.000000000,99467,196,99353,196,99501,196,99260,196,99729,196,99057,196,100694,196,98752,159,100703,100,98640,100,100860,100,98580,100,,,98270,100,,,,,,,,,,,,
2019-06-28 12:48:30.000000000,99467,291,99353,291,99501,291,99260,291,99729,100,99057,100,100694,100,98752,63,100703,100,98640,100,100860,100,98580,100,,,98270,100,,,,,,,,,,,,
2019-06-28 12:48:32.952782874,99467,191,99353,291,99501,291,99260,291,99729,100,99057,100,100703,100,98752,63,100860,100,98640,100,,,98580,100,,,98270,100,,,,,,,,,,,,
2019-06-28 12:48:40.000000000,99501,291,99353,291,99729,291,99260,291,100703,100,99057,100,100860,100,98752,63,,,98640,100,,,98580,100,,,98270,100,,,,,,,,,,,,
2019-06-28 12:48:50.000000000,99501,291,99353,291,99729,291,99260,291,100703,100,99057,100,100860,100,98752,63,,,98640,100,,,98580,100,,,98270,100,,,,,,,,,,,,
2019-06-28 12:49:00.000000000,99501,152,99353,291,99729,291,99260,291,100703,100,99057,100,100860,100,98752,63,,,98640,100,,,98580,100,,,98270,100,,,,,,,,,,,,
2019-06-28 12:49:01.138434328,99501,52,99353,291,99729,291,99260,291,100703,100,99057,100,100860,100,98752,63,,,98640,100,,,98580,100,,,98270,100,,,,,,,,,,,,
2019-06-28 12:49:10.000000000,99729,291,99353,291,100703,291,99260,291,100860,100,99057,100,,,98752,63,,,98640,100,,,98580,100,,,98270,100,,,,,,,,,,,,
2019-06-28 12:49:20.000000000,99729,482,99353,482,100703,100,99260,100,100860,100,99057,100,,,98752,63,,,98640,100,,,98580,100,,,98270,100,,,,,,,,,,,,
2019-06-28 12:49:25.560153499,99729,482,99501,100,100703,100,99353,482,100860,100,99260,100,,,99057,100,,,98752,63,,,98640,100,,,98580,100,,,98270,100,,,,,,,,
2019-06-28 12:49:30.000000000,99729,196,99501,196,100703,196,99353,196,100860,196,99260,196,100861,96,99057,196,,,98752,63,,,98640,100,,,98580,100,,,98270,100,,,,,,,,
2019-06-28 12:49:40.000000000,99729,230,99501,230,100703,226,99353,226,100860,226,99260,226,,,99057,100,,,98752,63,,,98640,100,,,98580,100,,,98270,100,,,,,,,,
2019-06-28 12:49:50.000000000,99729,482,99501,482,100703,100,99353,100,100860,100,99260,100,,,99057,100,,,98752,63,,,98640,100,,,98580,100,,,98270,100,,,,,,,,
2019-06-28 12:49:56.111102366,99729,382,99501,482,100703,100,99353,100,100860,100,99260,100,,,99057,100,,,98752,63,,,98640,100,,,98580,100,,,,,,,,,,,,
2019-06-28 12:50:00.000000000,100703,157,99501,286,100860,291,99353,291,,,99260,100,,,99057,100,,,98752,63,,,98640,100,,,98580,100,,,,,,,,,,,,
2019-06-28 12:50:09.483151429,100703,157,99501,386,100860,291,99353,291,,,99260,100,,,99057,100,,,98752,63,,,98640,100,,,98580,100,,,,,,,,,,,,
2019-06-28 12:50:10.000000000,100860,291,99501,386,100861,191,99353,291,,,99260,100,,,99057,100,,,98752,63,,,98640,100,,,98580,100,,,,,,,,,,,,
2019-06-28 12:50:20.000000000,100860,176,99501,271,100861,76,99353,176,,,99260,176,,,99057,176,,,98752,139,,,98640,100,,,98580,100,,,,,,,,,,,,
2019-06-28 12:50:20.075021040,99793,100,99501,271,100860,176,99353,176,100861,76,99260,176,,,99057,176,,,98752,139,,,98640,100,,,98580,100,,,,,,,,,,,,
2019-06-28 12:50:20.979930591,99793,100,99501,371,100860,176,99353,176,100861,76,99260,176,,,99057,176,,,98752,139,,,98640,100,,,98580,100,,,,,,,,,,,,
2019-06-28 12:50:30.000000000,99793,291,99501,486,100860,291,99353,291,,,99260,100,,,99057,100,,,98752,63,,,98640,100,,,98580,100,,,,,,,,,,,,
2019-06-28 12:50:40.000000000,99793,176,99501,371,100860,176,99353,176,100861,76,99260,176,,,99057,176,,,98752,139,,,98640,100,,,98580,100,,,,,,,,,,,,
2019-06-28 12:50:45.502616032,99793,176,99501,371,100647,100,99353,176,100860,176,99260,176,100861,76,99057,176,,,98752,139,,,98640,100,,,98580,100,,,,,,,,,,,,
2019-06-28 12:50:50.000000000,99793,482,99501,677,100647,100,99353,100,100860,100,99260,100,,,99057,100,,,98752,63,,,98640,100,,,98580,100,,,,,,,,,,,,
2019-06-28 12:50:55.607103499,99793,482,99501,677,100647,100,99353,100,100662,100,99260,100,100860,100,99057,100,,,98640,100,,,98580,100,,,,,,,,,,,,,,,,
2019-06-28 12:51:00.000000000,99793,42,99501,366,100647,176,99353,176,100662,176,99260,176,100860,176,99057,176,100861,76,98640,176,,,98580,100,,,,,,,,,,,,,,,,
2019-06-28 12:51:09.463916455,100647,176,99793,58,100662,176,99501,366,100860,176,99353,176,100861,76,99260,176,,,99057,176,,,98640,176,,,98580,100,,,,,,,,,,,,
2019-06-28 12:51:09.979588840,100647,176,99793,58,100662,176,99501,366,100860,176,99353,176,100861,76,99260,176,100928,100,99057,176,,,98640,176,,,98580,100,,,,,,,,,,,,
2019-06-28 12:51:10.000000000,100647,291,99793,249,100662,291,99501,481,100860,100,99353,100,100928,100,99260,100,,,99057,100,,,98640,100,,,98580,100,,,,,,,,,,,,
2019-06-28 12:51:15.519357821,100647,191,99793,249,100662,291,99501,481,100860,100,99353,100,100928,100,99260,100,,,99057,100,,,98640,100,,,98580,100,,,,,,,,,,,,
2019-06-28 12:51:15.607592328,100647,191,99793,249,100662,291,99501,481,100726,100,99353,100,100860,100,99260,100,100928,100,98640,100,,,98580,100,,,,,,,,,,,,,,,,
2019-06-28 12:51:20.000000000,100662,196,99793,154,100726,196,99501,386,100860,196,99353,196,100928,196,99260,196,,,98640,100,,,98580,100,,,,,,,,,,,,,,,,
2019-06-28 12:51:23.222566658,100662,196,99793,154,100671,100,99501,386,100726,196,99353,196,100860,196,99260,196,100928,196,98640,100,,,98580,100,,,,,,,,,,,,,,,,
2019-06-28 12:51:30.000000000,100662,291,99793,249,100671,291,99501,481,100726,100,99353,100,100860,100,99260,100,100928,100,98640,100,,,98580,100,,,,,,,,,,,,,,,,
2019-06-28 12:51:40.000000000,100662,482,99793,440,100671,100,99501,290,100726,100,99353,100,100860,100,99260,100,100928,100,98640,100,,,98580,100,,,,,,,,,,,,,,,,
2019-06-28 12:51:50.000000000,100662,291,99793,249,100671,291,99501,481,100726,100,99353,100,100860,100,99260,100,100928,100,98640,100,,,98580,100,,,,,,,,,,,,,,,,
2019-06-28 12:52:00.000000000,100662,348,99793,435,100671,100,99501,290,100726,100,99353,100,100860,100,99260,100,100928,100,98640,100,,,98580,100,,,,,,,,,,,,,,,,
2019-06-28 12:52:10.000000000,100671,176,99793,129,100726,176,99501,366,100860,176,99353,176,100928,176,99260,176,100929,76,98640,176,,,98580,100,,,,,,,,,,,,,,,,
2019-06-28 12:52:20.000000000,100671,230,99793,183,100726,226,99501,416,100860,226,99353,226,100928,100,99260,100,,,98640,100,,,98580,100,,,,,,,,,,,,,,,,
2019-06-28 12:52:27.465075854,100671,130,99793,183,100726,226,99501,416,100860,226,99353,226,100928,100,99260,100,,,98640,100,,,98580,100,,,,,,,,,,,,,,,,
2019-06-28 12:52:30.000000000,100726,482,99793,435,100860,100,99501,290,100928,100,99353,100,,,99260,100,,,98640,100,,,98580,100,,,,,,,,,,,,,,,,
2019-06-28 12:52:40.000000000,100726,291,99793,244,100860,291,99501,481,100928,100,99353,100,,,99260,100,,,98640,100,,,98580,100,,,,,,,,,,,,,,,,
2019-06-28 12:52:50.000000000,100726,176,99793,129,100860,176,99501,366,100928,176,99353,176,100929,76,99260,176,,,98640,176,,,98580,100,,,,,,,,,,,,,,,,
2019-06-28 12:52:51.702856686,100726,176,100262,100,100860,176,99793,129,100928,176,99501,366,100929,76,99353,176,,,99260,176,,,98640,176,,,98580,100,,,,,,,,,,,,
2019-06-28 12:52:53.836108963,100726,176,100262,100,100860,176,100242,100,100928,176,99793,129,100929,76,99501,366,,,99353,176,,,99260,176,,,98640,176,,,98580,100,,,,,,,,
2019-06-28 12:53:00.000000000,100726,157,100262,286,100860,291,100242,291,100928,100,99793,53,,,99501,290,,,99353,100,,,99260,100,,,98640,100,,,98580,100,,,,,,,,
2019-06-28 12:53:00.448170413,100524,100,100262,286,100726,157,100242,291,100860,291,99793,53,100928,100,99501,290,,,99353,100,,,99260,100,,,98640,100,,,98580,100,,,,,,,,
2019-06-28 12:53:10.000000000,100524,230,100262,225,100860,226,100242,226,100928,226,99793,179,,,99501,290,,,99353,100,,,99260,100,,,98640,100,,,98580,100,,,,,,,,
2019-06-28 12:53:14.998049134,100346,100,100262,225,100524,230,100242,226,100860,226,99793,179,100928,226,99501,290,,,99353,100,,,99260,100,,,98640,100,,,98580,100,,,,,,,,
2019-06-28 12:53:20.000000000,100346,230,100262,225,100524,226,100242,226,100860,226,99793,179,100928,100,99501,290,,,99353,100,,,99260,100,,,98640,100,,,98580,100,,,,,,,,
2019-06-28 12:53:29.767843886,100346,130,100262,225,100524,226,100242,226,100860,226,99793,179,100928,100,99501,290,,,99353,100,,,99260,100,,,98640,100,,,98580,100,,,,,,,,
2019-06-28 12:53:30.000000000,100524,196,100262,191,100860,196,100242,196,100928,196,99793,149,100929,96,99501,386,,,99353,100,,,99260,100,,,98640,100,,,98580,100,,,,,,,,
2019-06-28 12:53:30.776095431,100524,196,100263,100,100860,196,100262,191,100928,196,100242,196,100929,96,99793,149,,,99501,386,,,99353,100,,,99260,100,,,98640,100,,,98580,100,,,,
2019-06-28 12:53:40.000000000,100524,482,100263,482,100860,100,100262,95,100928,100,100242,100,,,99793,53,,,99501,290,,,99353,100,,,99260,100,,,98640,100,,,98580,100,,,,
2019-06-28 12:53:50.000000000,100524,230,100263,230,100860,226,100262,221,100928,226,100242,226,,,99793,53,,,99501,290,,,99353,100,,,99260,100,,,98640,100,,,98580,100,,,,
2019-06-28 12:54:00.000000000,100524,96,100263,225,100860,226,100262,221,100928,226,100242,226,,,99793,53,,,99501,290,,,99353,100,,,99260,100,,,98640,100,,,98580,100,,,,
2019-06-28 12:54:10.000000000,100860,230,100263,225,100928,226,100262,221,100929,126,100242,226,,,99793,53,,,99501,290,,,99353,100,,,99260,100,,,98640,100,,,98580,100,,,,
2019-06-28 12:54:20.000000000,100860,482,100263,477,100928,100,100262,95,,,100242,100,,,99793,53,,,99501,290,,,99353,100,,,99260,100,,,98640,100,,,98580,100,,,,
2019-06-28 12:54:22.466870277,100333,100,100263,477,100860,482,100262,95,100928,100,100242,100,,,99793,53,,,99501,290,,,99353,100,,,99260,100,,,98640,100,,,98580,100,,,,
2019-06-28 12:54:30.000000000,100333,291,100263,286,100860,291,100262,286,100928,100,100242,100,,,99793,53,,,99501,290,,,99353,100,,,99260,100,,,98640,100,,,98580,100,,,,
2019-06-28 12:54:31.221374777,100333,291,100263,286,100860,291,100262,286,100928,100,100242,100,,,100220,100,,,99793,53,,,99501,290,,,99353,100,,,99260,100,,,98640,100,,,98580,100
2019-06-28 12:54:40.000000000,100333,196,100263,191,100860,196,100262,191,100928,196,100242,196,100929,96,100220,196,,,99793,53,,,99501,290,,,99353,100,,,99260,100,,,98640,100,,,98580,100
2019-06-28 12:54:41.739942165,100333,196,100263,191,100860,196,100262,191,100928,196,100242,196,100929,96,100220,196,,,99990,100,,,99793,53,,,99501,290,,,99353,100,,,99260,100,,,98640,100
2019-06-28 12:54:50.000000000,100333,176,100263,171,100860,176,100262,171,100928,176,100242,176,100929,76,100220,176,,,99990,176,,,99793,53,,,99501,290,,,99353,100,,,99260,100,,,98640,100
2019-06-28 12:54:54.577565758,100333,176,100263,171,100860,176,100262,171,100928,176,100242,176,100929,76,100233,100,,,100220,176,,,99990,176,,,99793,53,,,99501,290,,,99353,100,,,99260,100
2019-06-28 12:55:00.000000000,100333,348,100263,472,100860,100,100262,95,100928,100,100242,100,,,100233,100,,,100220,100,,,99990,100,,,99793,53,,,99501,290,,,99353,100,,,99260,100
2019-06-28 12:55:02.020456747,100271,100,100263,472,100333,348,100262,95,100860,100,100242,100,100928,100,100233,100,,,100220,100,,,99990,100,,,99793,53,,,99501,290,,,99353,100,,,99260,100
2019-06-28 12:55:06.303688942,100271,100,100263,572,100333,348,100262,95,100860,100,100242,100,100928,100,100233,100,,,100220,100,,,99990,100,,,99793,53,,,99501,200,,,99353,100,,,99260,100
2019-06-28 12:55:10.000000000,100271,291,100263,381,100860,291,100262,286,100928,100,100242,100,,,100233,100,,,100220,100,,,99990,100,,,99793,53,,,99501,200,,,99353,100,,,99260,100
2019-06-28 12:55:11.698997346,100271,291,100263,381,100860,291,100262,286,100928,100,100242,100,,,100233,100,,,100220,100,,,100134,100,,,99990,100,,,99793,53,,,99501,200,,,99353,100
2019-06-28 12:55:19.723393774,100271,291,100263,391,100860,291,100262,286,100928,100,100242,100,,,100233,100,,,100220,100,,,100134,100,,,99990,100,,,99793,53,,,99501,200,,,99353,100
2019-06-28 12:55:20.000000000,100271,176,100263,276,100860,176,100262,171,100928,176,100242,176,100929,76,100233,176,,,100220,176,,,100134,100,,,99990,100,,,99793,53,,,99501,200,,,99353,100
2019-06-28 12:55:30.000000000,100271,196,100263,296,100860,196,100262,191,100928,196,100242,196,100929,96,100233,196,,,100220,100,,,100134,100,,,99990,100,,,99793,53,,,99501,200,,,99353,100
2019-06-28 12:55:40.000000000,100271,176,100263,276,100860,176,100262,171,100928,176,100242,176,100929,76,100233,176,,,100220,176,,,100134,100,,,99990,100,,,99793,53,,,99501,200,,,99353,100
2019-06-28 12:55:50.000000000,100271,196,100263,296,100860,196,100262,191,100928,196,100242,196,100929,96,100233,196,,,100220,100,,,100134,100,,,99990,100,,,99793,53,,,99501,200,,,99353,100
2019-06-28 12:56:00.000000000,100271,348,100263,577,100860,100,100262,95,100928,100,100242,100,,,100233,100,,,100220,100,,,100134,100,,,99990,100,,,99793,53,,,99501,200,,,99353,100
2019-06-28 12:56:10.000000000,100860,196,100263,291,100928,196,100262,191,100929,96,100242,196,,,100233,196,,,100220,100,,,100134,100,,,99990,100,,,99793,53,,,99501,200,,,99353,100
2019-06-28 12:56:15.482659201,100860,196,100263,291,100928,196,100262,191,100929,96,100242,196,,,100233,196,,,100220,100,,,100134,100,,,99990,100,,,99793,53,,,99501,100,,,99353,100
2019-06-28 12:56:20.000000000,100860,176,100263,271,100928,176,100262,171,100929,76,100242,176,,,100233,176,,,100220,176,,,100134,100,,,99990,100,,,99793,53,,,99501,100,,,99353,100
2019-06-28 12:56:30.000000000,100860,291,100263,386,100928,291,100262,286,,,100242,100,,,100233,100,,,100220,100,,,100134,100,,,99990,100,,,99793,53,,,99501,100,,,99353,100
2019-06-28 12:56:36.263227160,100860,291,100464,100,100928,291,100263,386,,,100262,286,,,100242,100,,,100233,100,,,100220,100,,,100134,100,,,99990,100,,,99793,53,,,99501,100
2019-06-28 12:56:40.000000000,100860,196,100464,196,100928,196,100263,291,100929,96,100262,191,,,100242,196,,,100233,100,,,100220,100,,,100134,100,,,99990,100,,,99793,53,,,99501,100
2019-06-28 12:56:50.000000000,100860,196,100464,196,100928,196,100263,291,100929,96,100262,191,,,100242,196,,,100233,100,,,100220,100,,,100134,100,,,99990,100,,,99793,53,,,99501,100
2019-06-28 12:57:00.000000000,100860,348,100464,477,100928,100,100263,195,,,100262,95,,,100242,100,,,100233,100,,,100220,100,,,100134,100,,,99990,100,,,99793,53,,,99501,100
2019-06-28 12:57:10.000000000,100928,196,100464,191,100929,96,100263,291,,,100262,191,,,100242,196,,,100233,100,,,100220,100,,,100134,100,,,99990,100,,,99793,53,,,99501,100
2019-06-28 12:57:10.996468672,100928,196,100647,100,100929,96,100464,191,,,100263,291,,,100262,191,,,100242,196,,,100233,100,,,100220,100,,,100134,100,,,99990,100,,,99793,53
2019-06-28 12:57:16.644480603,100928,96,100647,100,100929,96,100464,191,101280,100,100263,291,,,100262,191,,,100242,196,,,100233,100,,,100220,100,,,100134,100,,,99990,100,,,99793,53
2019-06-28 12:57:20.000000000,101280,230,100647,230,101281,126,100464,221,,,100263,321,,,100262,95,,,100242,100,,,100233,100,,,100220,100,,,100134,100,,,99990,100,,,99793,53
2019-06-28 12:57:30.000000000,101280,196,100647,196,101281,96,100464,191,,,100263,291,,,100262,191,,,100242,100,,,100233,100,,,100220,100,,,100134,100,,,99990,100,,,99793,53
2019-06-28 12:57:32.752420125,101178,100,100647,196,101280,196,100464,191,101281,96,100263,291,,,100262,191,,,100242,100,,,100233,100,,,100220,100,,,100134,100,,,99990,100,,,99793,53
2019-06-28 12:57:40.000000000,101178,196,100647,196,101280,196,100464,191,101281,96,100263,291,,,100262,191,,,100242,100,,,100233,100,,,100220,100,,,100134,100,,,99990,100,,,99793,53
2019-06-28 12:57:50.000000000,101178,196,100647,196,101280,196,100464,191,101281,96,100263,291,,,100262,191,,,100242,100,,,100233,100,,,100220,100,,,100134,100,,,99990,100,,,99793,53
2019-06-28 12:57:52.966660579,101178,96,100647,196,101280,196,100464,191,101281,96,100263,291,,,100262,191,,,100233,100,,,100220,100,,,100134,100,,,99990,100,,,99793,53,,,99501,100
2019-06-28 12:58:00.000000000,101280,42,100647,176,101281,76,100464,171,,,100263,271,,,100262,171,,,100233,176,,,100220,100,,,100134,100,,,99990,100,,,99793,53,,,99501,100
2019-06-28 12:58:04.336451549,101280,42,100968,100,101281,76,100647,176,,,100464,171,,,100263,271,,,100262,171,,,100233,176,,,100220,100,,,100134,100,,,99990,100,,,99793,53
2019-06-28 12:58:10.000000000,,,100968,100,,,100647,100,,,100464,95,,,100263,195,,,100262,95,,,100233,100,,,100220,100,,,100134,100,,,99990,100,,,99793,53
2019-06-28 12:58:17.457598422,,,100968,100,,,100771,100,,,100647,100,,,100464,95,,,100263,195,,,100262,95,,,100233,100,,,100220,100,,,100134,100,,,99990,100
2019-06-28 12:58:46.099573120,,,100771,100,,,100647,100,,,100464,95,,,100263,195,,,100262,95,,,100233,100,,,100220,100,,,100134,100,,,99990,100,,,99793,53
2019-06-28 12:58:57.145125535,100789,100,100771,100,,,100647,100,,,100464,95,,,100263,195,,,100262,95,,,100233,100,,,100220,100,,,100134,100,,,99990,100,,,99793,53
2019-06-28 12:59:00.000000000,100789,348,100771,482,,,100647,100,,,100464,95,,,100263,195,,,100262,95,,,100233,100,,,100220,100,,,100134,100,,,99990,100,,,99793,53
2019-06-28 12:59:10.000000000,,,100771,100,,,100647,100,,,100464,95,,,100263,195,,,100262,95,,,100233,100,,,100220,100,,,100134,100,,,99990,100,,,99793,53
2019-06-28 12:59:39.473792909,,,100771,100,,,100647,100,,,100464,95,,,100263,195,,,100262,95,,,100246,100,,,100233,100,,,100220,100,,,100134,100,,,99990,100
2019-06-28 12:59:49.178188505,,,100771,100,,,100647,100,,,100464,95,,,100263,195,,,100262,95,,,100246,100,,,100220,100,,,100183,100,,,100134,100,,,99990,100
2019-06-28 12:59:51.664789511,,,100647,100,,,100464,95,,,100263,195,,,100262,95,,,100246,100,,,100220,100,,,100183,100,,,100134,100,,,99990,100,,,99793,53
2019-06-28 12:59:56.219837023,,,100647,100,,,100464,95,,,100403,100,,,100263,195,,,100262,95,,,100246,100,,,100220,100,,,100183,100,,,100134,100,,,99990,100
2019-06-28 12:59:57.353317203,,,100647,100,,,100464,95,,,100403,100,,,100263,195,,,100262,95,,,100246,100,,,100220,100,,,100183,100,,,100134,100,,,100045,100
2019-06-28 13:00:41.165920951,,,100464,95,,,100403,100,,,100263,195,,,100262,95,,,100246,100,,,100220,100,,,100183,100,,,100134,100,,,100045,100,,,99990,100
2019-06-28 13:01:20.800321372,,,100464,95,,,100436,100,,,100403,100,,,100263,195,,,100262,95,,,100246,100,,,100220,100,,,100183,100,,,100134,100,,,100045,100
2019-06-28 13:01:39.968338056,100464,5,100436,100,,,100403,100,,,100263,195,,,100262,95,,,100246,100,,,100220,100,,,100183,100,,,100134,100,,,100045,100,,,99990,100
2019-06-28 13:01:40.000000000,100464,387,100436,482,,,100403,100,,,100263,195,,,100262,95,,,100246,100,,,100220,100,,,100183,100,,,100134,100,,,100045,100,,,99990,100
2019-06-28 13:01:50.000000000,100464,81,100436,176,100465,76,100403,176,,,100263,271,,,100262,171,,,100246,176,,,100220,100,,,100183,100,,,100134,100,,,100045,100,,,99990,100
2019-06-28 13:02:00.000000000,100464,62,100436,291,100465,191,100403,291,,,100263,195,,,100262,95,,,100246,100,,,100220,100,,,100183,100,,,100134,100,,,100045,100,,,99990,100
2019-06-28 13:02:10.000000000,,,100436,100,,,100403,100,,,100263,195,,,100262,95,,,100246,100,,,100220,100,,,100183,100,,,100134,100,,,100045,100,,,99990,100
2019-06-28 13:02:24.298783795,,,100436,100,,,100403,100,,,100328,100,,,100263,195,,,100262,95,,,100246,100,,,100220,100,,,100183,100,,,100134,100,,,100045,100
2019-06-28 13:02:42.323129252,100581,100,100436,100,,,100403,100,,,100328,100,,,100263,195,,,100262,95,,,100246,100,,,100220,100,,,100183,100,,,100134,100,,,100045,100
2019-06-28 13:02:50.000000000,100581,196,100436,196,100582,96,100403,196,,,100328,196,,,100263,291,,,100262,95,,,100246,100,,,100220,100,,,100183,100,,,100134,100,,,100045,100
2019-06-28 13:03:00.000000000,100581,157,100436,291,100582,191,100403,291,,,100328,100,,,100263,195,,,100262,95,,,100246,100,,,100220,100,,,100183,100,,,100134,100,,,100045,100
2019-06-28 13:03:04.218685514,100581,157,100436,291,100582,191,100403,291,100755,100,100328,100,,,100263,195,,,100262,95,,,100246,100,,,100220,100,,,100183,100,,,100134,100,,,100045,100
2019-06-28 13:03:10.000000000,100755,291,100436,291,100756,191,100403,291,,,100328,100,,,100263,195,,,100262,95,,,100246,100,,,100220,100,,,100183,100,,,100134,100,,,100045,100
2019-06-28 13:03:12.019693874,100482,100,100436,291,100755,291,100403,291,100756,191,100328,100,,,100263,195,,,100262,95,,,100246,100,,,100220,100,,,100183,100,,,100134,100,,,100045,100
2019-06-28 13:03:12.493266750,100755,291,100436,291,100756,191,100403,291,,,100328,100,,,100263,195,,,100262,95,,,100246,100,,,100220,100,,,100183,100,,,100134,100,,,100045,100
2019-06-28 13:03:13.738209720,100755,291,100520,100,100756,191,100436,291,,,100403,291,,,100328,100,,,100263,195,,,100262,95,,,100246,100,,,100220,100,,,100183,100,,,100134,100
2019-06-28 13:03:17.766583488,100755,291,100522,100,100756,191,100520,100,,,100436,291,,,100403,291,,,100328,100,,,100263,195,,,100262,95,,,100246,100,,,100220,100,,,100183,100
2019-06-28 13:03:20.000000000,100755,176,100522,176,100756,76,100520,176,,,100436,176,,,100403,176,,,100328,176,,,100263,195,,,100262,95,,,100246,100,,,100220,100,,,100183,100
2019-06-28 13:03:30.000000000,100755,196,100522,196,100756,96,100520,196,,,100436,196,,,100403,196,,,100328,100,,,100263,195,,,100262,95,,,100246,100,,,100220,100,,,100183,100
2019-06-28 13:03:34.158100080,100755,196,100522,196,100756,96,100520,196,100983,100,100436,196,,,100403,196,,,100328,100,,,100263,195,,,100262,95,,,100246,100,,,100220,100,,,100183,100
2019-06-28 13:03:40.000000000,100755,196,100522,196,100983,196,100520,196,100984,96,100436,196,,,100403,196,,,100328,100,,,100263,195,,,100262,95,,,100246,100,,,100220,100,,,100183,100
2019-06-28 13:03:50.000000000,100755,196,100522,196,100983,196,100520,196,100984,96,100436,196,,,100403,196,,,100328,100,,,100263,195,,,100262,95,,,100246,100,,,100220,100,,,100183,100
2019-06-28 13:03:50.914579510,100755,196,100522,196,100983,196,100520,196,100984,96,100482,100,,,100436,196,,,100403,196,,,100328,100,,,100263,195,,,100262,95,,,100246,100,,,100220,100
2019-06-28 13:04:00.000000000,100755,96,100522,230,100983,226,100520,226,100984,126,100482,226,,,100436,100,,,100403,100,,,100328,100,,,100263,195,,,100262,95,,,100246,100,,,100220,100
2019-06-28 13:04:10.000000000,100983,230,100522,230,100984,126,100520,226,,,100482,226,,,100436,100,,,100403,100,,,100328,100,,,100263,195,,,100262,95,,,100246,100,,,100220,100
2019-06-28 13:04:20.000000000,100983,291,100522,291,100984,191,100520,291,,,100482,100,,,100436,100,,,100403,100,,,100328,100,,,100263,195,,,100262,95,,,100246,100,,,100220,100
2019-06-28 13:04:30.000000000,100983,291,100522,291,100984,191,100520,291,,,100482,100,,,100436,100,,,100403,100,,,100328,100,,,100263,195,,,100262,95,,,100246,100,,,100220,100
2019-06-28 13:04:30.778687559,100670,100,100522,291,100983,291,100520,291,100984,191,100482,100,,,100436,100,,,100403,100,,,100328,100,,,100263,195,,,100262,95,,,100246,100,,,100220,100
2019-06-28 13:04:34.719689372,100983,291,100522,291,100984,191,100520,291,,,100482,100,,,100436,100,,,100403,100,,,100328,100,,,100263,195,,,100262,95,,,100246,100,,,100220,100
2019-06-28 13:04:35.677728056,100983,291,100722,100,100984,191,100522,291,,,100520,291,,,100482,100,,,100436,100,,,100403,100,,,100328,100,,,100263,195,,,100262,95,,,100246,100
2019-06-28 13:04:40.000000000,100983,196,100722,196,100984,96,100522,196,,,100520,196,,,100482,196,,,100436,100,,,100403,100,,,100328,100,,,100263,195,,,100262,95,,,100246,100
2019-06-28 13:04:47.026776919,100983,196,100722,196,100984,96,100670,100,,,100522,196,,,100520,196,,,100482,196,,,100436,100,,,100403,100,,,100328,100,,,100263,100,,,100262,95
2019-06-28 13:04:50.000000000,100983,291,100722,291,100984,191,100670,291,,,100522,100,,,100520,100,,,100482,100,,,100436,100,,,100403,100,,,100328,100,,,100263,100,,,100262,95
2019-06-28 13:04:50.474309985,100983,291,100941,100,100984,191,100722,291,,,100670,291,,,100522,100,,,100520,100,,,100482,100,,,100436,100,,,100403,100,,,100328,100,,,100263,100
2019-06-28 13:05:00.000000000,100983,42,100941,176,100984,76,100722,176,,,100670,176,,,100522,176,,,100520,176,,,100482,100,,,100436,100,,,100403,100,,,100328,100,,,100263,100
2019-06-28 13:05:10.000000000,,,100941,100,,,100722,100,,,100670,100,,,100522,100,,,100520,100,,,100482,100,,,100436,100,,,100403,100,,,100328,100,,,100263,100
2019-06-28 13:05:16.063802567,,,100722,100,,,100670,100,,,100522,100,,,100520,100,,,100482,100,,,100436,100,,,100403,100,,,100328,100,,,100263,100,,,100262,95
2019-06-28 13:05:16.506118328,,,100794,100,,,100722,100,,,100670,100,,,100522,100,,,100520,100,,,100482,100,,,100436,100,,,100403,100,,,100328,100,,,100263,100
2019-06-28 13:05:30.099375377,100983,100,100794,100,,,100722,100,,,100670,100,,,100522,100,,,100520,100,,,100482,100,,,100436,100,,,100403,100,,,100328,100,,,100263,100
2019-06-28 13:05:40.000000000,100983,291,100794,291,100984,191,100722,291,,,100670,100,,,100522,100,,,100520,100,,,100482,100,,,100436,100,,,100403,100,,,100328,100,,,100263,100
2019-06-28 13:05:50.000000000,100983,196,100794,196,100984,96,100722,196,,,100670,196,,,100522,196,,,100520,100,,,100482,100,,,100436,100,,,100403,100,,,100328,100,,,100263,100
2019-06-28 13:05:53.476440857,100983,96,100794,196,100984,96,100722,196,,,100670,196,,,100522,196,,,100520,100,,,100482,100,,,100436,100,,,100403,100,,,100328,100,,,100263,100
2019-06-28 13:05:53.740641083,100983,96,100880,100,100984,96,100794,196,,,100722,196,,,100670,196,,,100522,196,,,100520,100,,,100482,100,,,100436,100,,,100328,100,,,100263,100
2019-06-28 13:06:00.000000000,,,100880,100,,,100794,100,,,100722,100,,,100670,100,,,100522,100,,,100520,100,,,100482,100,,,100436,100,,,100328,100,,,100263,100
2019-06-28 13:06:00.603998296,,,101074,100,,,100880,100,,,100722,100,,,100670,100,,,100522,100,,,100520,100,,,100482,100,,,100436,100,,,100328,100,,,100263,100
2019-06-28 13:06:39.537201226,,,101074,100,,,100880,100,,,100722,100,,,100670,100,,,100522,100,,,100520,100,,,100482,100,,,100470,100,,,100436,100,,,100328,100
2019-06-28 13:07:17.588434369,,,101074,100,,,100880,100,,,100766,100,,,100722,100,,,100670,100,,,100522,100,,,100520,100,,,100482,100,,,100470,100,,,100436,100
2019-06-28 13:07:34.076466119,,,100880,100,,,100766,100,,,100722,100,,,100670,100,,,100522,100,,,100520,100,,,100482,100,,,100470,100,,,100436,100,,,100328,100
2019-06-28 13:07:50.262621582,,,100766,100,,,100722,100,,,100670,100,,,100522,100,,,100520,100,,,100482,100,,,100470,100,,,100436,100,,,100328,100,,,100263,100
2019-06-28 13:07:51.266720703,,,100766,100,,,100722,100,,,100670,100,,,100529,100,,,100522,100,,,100520,100,,,100482,100,,,100470,100,,,100436,100,,,100328,100
2019-06-28 13:08:05.539398031,,,100722,100,,,100670,100,,,100529,100,,,100522,100,,,100520,100,,,100482,100,,,100470,100,,,100436,100,,,100328,100,,,100263,100
2019-06-28 13:08:27.361986445,,,100670,100,,,100529,100,,,100522,100,,,100520,100,,,100482,100,,,100470,100,,,100436,100,,,100328,100,,,100263,100,,,100262,95
2019-06-28 13:08:46.891211141,,,100670,100,,,100529,100,,,100522,100,,,100520,100,,,100510,100,,,100482,100,,,100470,100,,,100436,100,,,100328,100,,,100263,100
2019-06-28 13:09:04.635779739,101049,100,100670,100,,,100529,100,,,100522,100,,,100520,100,,,100510,100,,,100482,100,,,100470,100,,,100436,100,,,100328,100,,,100263,100
2019-06-28 13:09:07.995689800,101049,100,100897,100,,,100670,100,,,100529,100,,,100522,100,,,100520,100,,,100510,100,,,100482,100,,,100470,100,,,100436,100,,,100328,100
2019-06-28 13:09:10.000000000,101049,196,100897,196,101050,96,100670,196,,,100529,196,,,100522,196,,,100520,100,,,100510,100,,,100482,100,,,100470,100,,,100436,100,,,100328,100
2019-06-28 13:09:20.000000000,101049,482,100897,482,,,100670,100,,,100529,100,,,100522,100,,,100520,100,,,100510,100,,,100482,100,,,100470,100,,,100436,100,,,100328,100
2019-06-28 13:09:22.428652975,101049,482,100897,382,,,100670,100,,,100529,100,,,100522,100,,,100520,100,,,100510,100,,,100482,100,,,100470,100,,,100436,100,,,100328,100
2019-06-28 13:09:26.706731767,101049,482,100897,382,,,100670,100,,,100607,100,,,100529,100,,,100522,100,,,100520,100,,,100510,100,,,100482,100,,,100470,100,,,100436,100
2019-06-28 13:09:30.000000000,101049,196,100670,196,101050,96,100607,196,,,100529,196,,,100522,196,,,100520,100,,,100510,100,,,100482,100,,,100470,100,,,100436,100,,,100328,100
2019-06-28 13:09:40.000000000,101049,482,100670,482,,,100607,100,,,100529,100,,,100522,100,,,100520,100,,,100510,100,,,100482,100,,,100470,100,,,100436,100,,,100328,100
2019-06-28 13:09:50.000000000,101049,482,100670,482,,,100607,100,,,100529,100,,,100522,100,,,100520,100,,,100510,100,,,100482,100,,,100470,100,,,100436,100,,,100328,100
2019-06-28 13:10:00.000000000,101049,348,100670,482,,,100607,100,,,100529,100,,,100522,100,,,100520,100,,,100510,100,,,100482,100,,,100470,100,,,100436,100,,,100328,100
2019-06-28 13:10:06.409490159,101032,100,100670,482,101049,348,100607,100,,,100529,100,,,100522,100,,,100520,100,,,100510,100,,,100482,100,,,100470,100,,,100436,100,,,100328,100
2019-06-28 13:10:10.000000000,101032,291,100670,291,101033,191,100607,291,,,100529,100,,,100522,100,,,100520,100,,,100510,100,,,100482,100,,,100470,100,,,100436,100,,,100328,100
2019-06-28 13:10:20.000000000,101032,176,100670,176,101033,76,100607,176,,,100529,176,,,100522,176,,,100520,176,,,100510,100,,,100482,100,,,100470,100,,,100436,100,,,100328,100
2019-06-28 13:10:30.000000000,101032,291,100670,291,101033,191,100607,291,,,100529,100,,,100522,100,,,100520,100,,,100510,100,,,100482,100,,,100470,100,,,100436,100,,,100328,100
2019-06-28 13:10:31.568139660,101032,291,100670,291,101033,191,100607,291,101049,100,100529,100,,,100522,100,,,100520,100,,,100510,100,,,100482,100,,,100470,100,,,100436,100,,,100328,100
2019-06-28 13:10:32.479573366,100972,100,100670,291,101032,291,100607,291,101033,191,100529,100,101049,100,100522,100,,,100520,100,,,100510,100,,,100482,100,,,100470,100,,,100436,100,,,100328,100
2019-06-28 13:10:40.000000000,100972,176,100670,176,101032,176,100607,176,101049,176,100529,176,101050,76,100522,176,,,100520,176,,,100510,100,,,100482,100,,,100470,100,,,100436,100,,,100328,100
2019-06-28 13:10:50.000000000,100972,482,100670,482,101032,100,100607,100,101049,100,100529,100,,,100522,100,,,100520,100,,,100510,100,,,100482,100,,,100470,100,,,100436,100,,,100328,100
2019-06-28 13:10:51.187914845,100972,382,100670,482,101032,100,100607,100,101049,100,100529,100,,,100522,100,,,100520,100,,,100510,100,,,100482,100,,,100470,100,,,100436,100,,,100328,100
2019-06-28 13:10:53.456793884,100972,382,100853,100,101032,100,100670,482,101049,100,100607,100,,,100529,100,,,100522,100,,,100520,100,,,100510,100,,,100482,100,,,100470,100,,,100436,100
2019-06-28 13:11:00.000000000,101032,96,100853,230,101049,226,100670,226,101050,126,100607,226,,,100529,100,,,100522,100,,,100520,100,,,100510,100,,,100482,100,,,100470,100,,,100436,100
2019-06-28 13:11:08.992217709,101032,96,100853,230,101049,226,100670,226,101050,126,100607,226,101159,100,100529,100,,,100522,100,,,100520,100,,,100510,100,,,100482,100,,,100470,100,,,100436,100
2019-06-28 13:11:10.000000000,101049,482,100853,482,101159,100,100670,100,,,100607,100,,,100529,100,,,100522,100,,,100520,100,,,100510,100,,,100482,100,,,100470,100,,,100436,100
2019-06-28 13:11:14.402310499,101049,482,100853,482,101079,100,100670,100,101159,100,100607,100,,,100529,100,,,100520,100,,,100510,100,,,100482,100,,,100470,100,,,100436,100,,,100328,100
2019-06-28 13:11:20.000000000,101049,291,100853,291,101079,291,100670,291,101159,100,100607,100,,,100529,100,,,100520,100,,,100510,100,,,100482,100,,,100470,100,,,100436,100,,,100328,100
2019-06-28 13:11:27.337894966,101049,291,100853,291,101079,291,100670,291,101159,100,100607,100,101448,100,100529,100,,,100510,100,,,100482,100,,,100470,100,,,100436,100,,,100328,100,,,100263,100
2019-06-28 13:11:30.000000000,101049,196,100853,196,101079,196,100670,196,101159,196,100607,196,101448,196,100529,196,,,100510,100,,,100482,100,,,100470,100,,,100436,100,,,100328,100,,,100263,100
2019-06-28 13:11:33.961706571,101049,196,100853,196,101079,196,100670,196,101159,196,100607,196,101219,100,100529,196,101448,196,100510,100,,,100482,100,,,100470,100,,,100436,100,,,100328,100,,,100263,100
2019-06-28 13:11:35.034370735,101049,196,101032,100,101079,196,100853,196,101159,196,100670,196,101219,100,100607,196,101448,196,100529,196,,,100510,100,,,100482,100,,,100470,100,,,100436,100,,,100328,100
2019-06-28 13:11:37.475807144,101049,196,100853,196,101079,196,100670,196,101159,196,100607,196,101219,100,100529,196,101448,196,100510,100,,,100482,100,,,100470,100,,,100436,100,,,100328,100,,,100262,95
2019-06-28 13:11:39.685807009,101049,196,101031,100,101079,196,100853,196,101159,196,100670,196,101219,100,100607,196,101448,196,100529,196,,,100510,100,,,100482,100,,,100470,100,,,100436,100,,,100328,100
2019-06-28 13:11:40.000000000,101049,291,101031,291,101079,291,100853,291,101159,100,100670,100,101219,100,100607,100,101448,100,100529,100,,,100510,100,,,100482,100,,,100470,100,,,100436,100,,,100328,100
2019-06-28 13:11:50.000000000,101049,176,101031,176,101079,176,100853,176,101159,176,100670,176,101219,176,100607,176,101448,176,100529,176,,,100510,100,,,100482,100,,,100470,100,,,100436,100,,,100328,100
2019-06-28 13:11:59.574588194,101049,176,101031,176,101079,176,100853,176,101159,176,100670,176,101219,176,100607,176,101448,176,100529,176,101483,100,100510,100,,,100482,100,,,100470,100,,,100436,100,,,100328,100
2019-06-28 13:12:00.000000000,101049,42,101031,176,101079,176,100853,176,101159,176,100670,176,101219,176,100607,176,101448,176,100529,176,101483,100,100510,100,,,100482,100,,,100470,100,,,100436,100,,,100328,100
2019-06-28 13:12:04.039452204,101079,176,101049,58,101159,176,101031,176,101219,176,100853,176,101448,176,100670,176,101483,100,100607,176,,,100529,176,,,100510,100,,,100482,100,,,100470,100,,,100436,100
2019-06-28 13:12:06.322167324,101079,176,101049,58,101159,176,101031,176,101219,176,100853,176,101448,176,100670,176,101479,100,100607,176,101483,100,100529,176,,,100510,100,,,100482,100,,,100470,100,,,100436,100
2019-06-28 13:12:10.000000000,101079,482,101049,440,101159,100,101031,100,101219,100,100853,100,101448,100,100670,100,101479,100,100607,100,101483,100,100529,100,,,100510,100,,,100482,100,,,100470,100,,,100436,100
2019-06-28 13:12:20.000000000,101079,482,101049,440,101159,100,101031,100,101219,100,100853,100,101448,100,100670,100,101479,100,100607,100,101483,100,100529,100,,,100510,100,,,100482,100,,,100470,100,,,100436,100
2019-06-28 13:12:30.000000000,101079,230,101049,188,101159,226,101031,226,101219,226,100853,226,101448,100,100670,100,101479,100,100607,100,101483,100,100529,100,,,100510,100,,,100482,100,,,100470,100,,,100436,100
2019-06-28 13:12:40.000000000,101079,291,101049,249,101159,291,101031,291,101219,100,100853,100,101448,100,100670,100,101479,100,100607,100,101483,100,100529,100,,,100510,100,,,100482,100,,,100470,100,,,100436,100
2019-06-28 13:12:44.733556172,101079,291,101049,249,101159,291,101031,291,101219,100,100853,100,101255,100,100670,100,101448,100,100607,100,101479,100,100529,100,101483,100,100510,100,,,100482,100,,,100470,100,,,100436,100
2019-06-28 13:12:50.000000000,101079,482,101049,440,101159,100,101031,100,101219,100,100853,100,101255,100,100670,100,101448,100,100607,100,101479,100,100529,100,101483,100,100510,100,,,100482,100,,,100470,100,,,100436,100
2019-06-28 13:13:00.000000000,101079,42,101049,134,101159,176,101031,176,101219,176,100853,176,101255,176,100670,176,101448,176,100607,176,101479,100,100529,100,101483,100,100510,100,,,100482,100,,,100470,100,,,100436,100
2019-06-28 13:13:10.000000000,101159,176,101049,134,101219,176,101031,176,101255,176,100853,176,101448,176,100670,176,101479,176,100607,176,101483,100,100529,100,,,100510,100,,,100482,100,,,100470,100,,,100436,100
2019-06-28 13:13:20.000000000,101159,176,101049,134,101219,176,101031,176,101255,176,100853,176,101448,176,100670,176,101479,176,100607,176,101483,100,100529,100,,,100510,100,,,100482,100,,,100470,100,,,100436,100
2019-06-28 13:13:22.289179693,101159,176,101049,134,101219,176,101031,176,101255,176,100853,176,101410,100,100670,176,101448,176,100607,176,101479,176,100529,100,101483,100,100510,100,,,100482,100,,,100470,100,,,100436,100
2019-06-28 13:13:29.657273646,101159,176,101049,134,101219,176,101031,176,101255,176,100853,176,101410,100,100670,176,101448,176,100607,176,101479,176,100529,100,101483,100,100510,100,,,100482,100,,,100470,100,,,100436,100
2019-06-28 13:13:30.000000000,101159,196,101049,154,101219,196,101031,196,101255,196,100853,196,101410,196,100670,196,101448,100,100607,100,101479,100,100529,100,101483,100,100510,100,,,100482,100,,,100470,100,,,100436,100
2019-06-28 13:13:40.000000000,101159,230,101049,188,101219,226,101031,226,101255,226,100853,226,101410,100,100670,100,101448,100,100607,100,101479,100,100529,100,101483,100,100510,100,,,100482,100,,,100470,100,,,100436,100
2019-06-28 13:13:50.000000000,101159,230,101049,188,101219,226,101031,226,101255,226,100853,226,101410,100,100670,100,101448,100,100607,100,101479,100,100529,100,101483,100,100510,100,,,100482,100,,,100470,100,,,100436,100
2019-06-28 13:13:56.167624906,101159,230,101049,188,101219,226,101031,226,101255,226,100853,226,101410,100,100670,100,101448,100,100607,100,101479,100,100529,100,101483,100,100510,100,101759,100,100482,100,,,100470,100,,,100436,100
2019-06-28 13:14:00.000000000,101159,42,101049,134,101219,176,101031,176,101255,176,100853,176,101410,176,100670,176,101448,176,100607,176,101479,100,100529,100,101483,100,100510,100,101759,100,100482,100,,,100470,100,,,100436,100
2019-06-28 13:14:10.000000000,101219,482,101049,440,101255,100,101031,100,101410,100,100853,100,101448,100,100670,100,101479,100,100607,100,101483,100,100529,100,101759,100,100510,100,,,100482,100,,,100470,100,,,100436,100
2019-06-28 13:14:20.000000000,101219,291,101049,249,101255,291,101031,291,101410,100,100853,100,101448,100,100670,100,101479,100,100607,100,101483,100,100529,100,101759,100,100510,100,,,100482,100,,,100470,100,,,100436,100
2019-06-28 13:14:26.624241259,101219,291,101159,100,101255,291,101049,249,101410,100,101031,291,101448,100,100853,100,101479,100,100670,100,101483,100,100607,100,101759,100,100529,100,,,100510,100,,,100482,100,,,100470,100
2019-06-28 13:14:30.000000000,101219,482,101159,482,101255,100,101049,58,101410,100,101031,100,101448,100,100853,100,101479,100,100670,100,101483,100,100607,100,101759,100,100529,100,,,100510,100,,,100482,100,,,100470,100
2019-06-28 13:14:32.618078938,101219,482,101159,482,101255,100,101049,58,101408,100,101031,100,101410,100,100853,100,101448,100,100670,100,101479,100,100607,100,101483,100,100529,100,101759,100,100510,100,,,100482,100,,,100470,100
2019-06-28 13:14:37.954266213,101219,482,101159,582,101255,100,101049,58,101408,100,101031,100,101410,100,100853,100,101448,100,100670,100,101479,100,100607,100,101483,100,100529,100,101759,100,100510,100,,,100482,100,,,100470,100
2019-06-28 13:14:40.000000000,101219,291,101159,391,101255,291,101049,249,101408,100,101031,100,101410,100,100853,100,101448,100,100670,100,101479,100,100607,100,101483,100,100529,100,101759,100,100510,100,,,100482,100,,,100470,100
2019-06-28 13:14:50.000000000,101219,176,101159,276,101255,176,101049,134,101408,176,101031,176,101410,176,100853,176,101448,176,100670,176,101479,100,100607,100,101483,100,100529,100,101759,100,100510,100,,,100482,100,,,100470,100
2019-06-28 13:15:00.000000000,101219,96,101159,330,101255,226,101049,184,101408,226,101031,226,101410,100,100853,100,101448,100,100670,100,101479,100,100607,100,101483,100,100529,100,101759,100,100510,100,,,100482,100,,,100470,100
2019-06-28 13:15:10.000000000,101255,176,101159,276,101408,176,101049,134,101410,176,101031,176,101448,176,100853,176,101479,176,100670,176,101483,100,100607,100,101759,100,100529,100,,,100510,100,,,100482,100,,,100470,100
2019-06-28 13:15:20.000000000,101255,291,101159,391,101408,291,101049,249,101410,100,101031,100,101448,100,100853,100,101479,100,100670,100,101483,100,100607,100,101759,100,100529,100,,,100510,100,,,100482,100,,,100470,100
2019-06-28 13:15:30.000000000,101255,482,101159,582,101408,100,101049,58,101410,100,101031,100,101448,100,100853,100,101479,100,100670,100,101483,100,100607,100,101759,100,100529,100,,,100510,100,,,100482,100,,,100470,100
2019-06-28 13:15:35.581430878,101219,100,101159,582,101255,482,101049,58,101408,100,101031,100,101410,100,100853,100,101448,100,100670,100,101479,100,100607,100,101483,100,100529,100,101759,100,100510,100,,,100482,100,,,100470,100
2019-06-28 13:15:37.193187055,101219,100,101159,582,101255,482,101049,58,101284,100,101031,100,101408,100,100853,100,101410,100,100670,100,101479,100,100607,100,101483,100,100529,100,101759,100,100510,100,,,100482,100,,,100470,100
2019-06-28 13:15:40.000000000,101219,230,101159,330,101255,226,101049,184,101284,226,101031,226,101408,100,100853,100,101410,100,100670,100,101479,100,100607,100,101483,100,100529,100,101759,100,100510,100,,,100482,100,,,100470,100
2019-06-28 13:15:50.000000000,101219,482,101159,582,101255,100,101049,58,101284,100,101031,100,101408,100,100853,100,101410,100,100670,100,101479,100,100607,100,101483,100,100529,100,101759,100,100510,100,,,100482,100,,,100470,100
2019-06-28 13:16:00.000000000,101219,42,101159,276,101255,176,101049,134,101284,176,101031,176,101408,176,100853,176,101410,176,100670,176,101479,100,100607,100,101483,100,100529,100,101759,100,100510,100,,,100482,100,,,100470,100
2019-06-28 13:16:02.311958010,101219,142,101159,276,101255,176,101049,134,101284,176,101031,176,101408,176,100853,176,101410,176,100670,176,101479,100,100607,100,101483,100,100529,100,101759,100,100510,100,,,100482,100,,,100470,100
2019-06-28 13:16:10.000000000,101219,482,101159,582,101255,100,101049,58,101284,100,101031,100,101408,100,100853,100,101410,100,100670,100,101479,100,100607,100,101483,100,100529,100,101759,100,100510,100,,,100482,100,,,100470,100
2019-06-28 13:16:20.000000000,101219,196,101159,296,101255,196,101049,154,101284,196,101031,196,101408,196,100853,196,101410,100,100670,100,101479,100,100607,100,101483,100,100529,100,101759,100,100510,100,,,100482,100,,,100470,100
2019-06-28 13:16:30.000000000,101219,176,101159,276,101255,176,101049,134,101284,176,101031,176,101408,176,100853,176,101410,176,100670,176,101479,100,100607,100,101483,100,100529,100,101759,100,100510,100,,,100482,100,,,100470,100
2019-06-28 13:16:40.000000000,101219,291,101159,391,101255,291,101049,249,101284,100,101031,100,101408,100,100853,100,101410,100,100670,100,101479,100,100607,100,101483,100,100529,100,101759,100,100510,100,,,100482,100,,,100470,100
2019-06-28 13:16:50.000000000,101219,482,101159,582,101255,100,101049,58,101284,100,101031,100,101408,100,100853,100,101410,100,100670,100,101479,100,100607,100,101483,100,100529,100,101759,100,100510,100,,,100482,100,,,100470,100
2019-06-28 13:16:59.849077047,101219,382,101159,582,101255,100,101049,58,101284,100,101031,100,101408,100,100853,100,101410,100,100670,100,101479,100,100607,100,101483,100,100529,100,101759,100,100510,100,,,100482,100,,,100470,100
2019-06-28 13:17:00.000000000,101255,42,101159,276,101284,176,101049,134,101408,176,101031,176,101410,176,100853,176,101479,176,100670,176,101483,100,100607,100,101759,100,100529,100,,,100510,100,,,100482,100,,,100470,100
2019-06-28 13:17:10.000000000,101284,482,101159,582,101408,100,101049,58,101410,100,101031,100,101479,100,100853,100,101483,100,100670,100,101759,100,100607,100,,,100529,100,,,100510,100,,,100482,100,,,100470,100
2019-06-28 13:17:15.179349432,101248,100,101159,582,101284,482,101049,58,101408,100,101031,100,101410,100,100853,100,101479,100,100670,100,101483,100,100607,100,101759,100,100529,100,,,100510,100,,,100482,100,,,100470,100
2019-06-28 13:17:20.000000000,101248,230,101159,330,101284,226,101049,184,101408,226,101031,226,101410,100,100853,100,101479,100,100670,100,101483,100,100607,100,101759,100,100529,100,,,100510,100,,,100482,100,,,100470,100
2019-06-28 13:17:24.097722230,101248,130,101231,100,101284,226,101159,330,101408,226,101049,184,101410,100,101031,226,101479,100,100853,100,101483,100,100670,100,101759,100,100607,100,,,100529,100,,,100510,100,,,100482,100
2019-06-28 13:17:30.000000000,101284,230,101231,230,101408,226,101159,326,101410,226,101049,184,101479,100,101031,100,101483,100,100853,100,101759,100,100670,100,,,100607,100,,,100529,100,,,100510,100,,,100482,100
2019-06-28 13:17:40.000000000,101284,230,101231,230,101408,226,101159,326,101410,226,101049,184,101479,100,101031,100,101483,100,100853,100,101759,100,100670,100,,,100607,100,,,100529,100,,,100510,100,,,100482,100
2019-06-28 13:17:44.050434120,101284,230,101231,230,101408,226,101159,326,101410,226,101113,100,101479,100,101049,184,101483,100,101031,100,101759,100,100853,100,,,100670,100,,,100607,100,,,100529,100,,,100510,100
2019-06-28 13:17:50.000000000,101284,291,101231,291,101408,291,101159,391,101410,100,101113,100,101479,100,101049,58,101483,100,101031,100,101759,100,100853,100,,,100670,100,,,100607,100,,,100529,100,,,100510,100
2019-06-28 13:18:00.000000000,101284,62,101231,196,101408,196,101159,296,101410,196,101113,196,101479,196,101049,154,101483,100,101031,100,101759,100,100853,100,,,100670,100,,,100607,100,,,100529,100,,,100510,100
2019-06-28 13:18:10.000000000,101408,230,101231,230,101410,226,101159,326,101479,226,101113,226,101483,100,101049,58,101759,100,101031,100,,,100853,100,,,100670,100,,,100607,100,,,100529,100,,,100510,100
2019-06-28 13:18:20.000000000,101408,482,101231,482,101410,100,101159,200,101479,100,101113,100,101483,100,101049,58,101759,100,101031,100,,,100853,100,,,100670,100,,,100607,100,,,100529,100,,,100510,100
2019-06-28 13:18:25.795413596,101408,382,101231,482,101410,100,101191,100,101479,100,101159,200,101483,100,101113,100,101759,100,101049,58,,,101031,100,,,100853,100,,,100670,100,,,100607,100,,,100529,100
2019-06-28 13:18:30.000000000,101410,291,101231,291,101479,291,101191,291,101483,100,101159,200,101759,100,101113,100,,,101049,58,,,101031,100,,,100853,100,,,100670,100,,,100607,100,,,100529,100
2019-06-28 13:18:39.010926014,101410,291,101231,291,101479,291,101191,291,101483,100,101159,200,101759,100,101113,100,,,101049,58,,,101031,100,,,100853,100,,,100670,100,,,100607,100,,,100529,100
2019-06-28 13:18:40.000000000,101410,196,101231,196,101479,196,101191,196,101483,196,101159,296,101759,196,101113,196,,,101049,58,,,101031,100,,,100853,100,,,100670,100,,,100607,100,,,100529,100
2019-06-28 13:18:44.063676791,101394,100,101231,196,101410,196,101191,96,101479,196,101159,296,101483,196,101113,196,101759,196,101049,58,,,101031,100,,,100853,100,,,100670,100,,,100607,100,,,100529,100
2019-06-28 13:18:50.000000000,101394,482,101231,482,101410,100,101159,200,101479,100,101113,100,101483,100,101049,58,101759,100,101031,100,,,100853,100,,,100670,100,,,100607,100,,,100529,100,,,100510,100
2019-06-28 13:19:00.000000000,101394,62,101231,196,101410,196,101159,296,101479,196,101113,196,101483,196,101049,154,101759,100,101031,100,,,100853,100,,,100670,100,,,100607,100,,,100529,100,,,100510,100
2019-06-28 13:19:01.496598937,101394,62,101231,196,101410,196,101159,296,101479,196,101113,196,101483,196,101110,100,101759,100,101049,154,,,101031,100,,,100853,100,,,100670,100,,,100607,100,,,100529,100
2019-06-28 13:19:10.000000000,101410,291,101231,291,101479,291,101159,391,101483,100,101113,100,101759,100,101110,100,,,101049,58,,,101031,100,,,100853,100,,,100670,100,,,100607,100,,,100529,100
2019-06-28 13:19:20.000000000,101410,482,101231,482,101479,100,101159,200,101483,100,101113,100,101759,100,101110,100,,,101049,58,,,101031,100,,,100853,100,,,100670,100,,,100607,100,,,100529,100
2019-06-28 13:19:30.000000000,101410,176,101231,176,101479,176,101159,276,101483,176,101113,176,101759,176,101110,176,101760,76,101049,134,,,101031,100,,,100853,100,,,100670,100,,,100607,100,,,100529,100
2019-06-28 13:19:36.540379345,101410,176,101231,176,101479,176,101159,276,101483,176,101113,176,101759,176,101110,176,101760,76,101049,134,,,101031,100,,,100853,100,,,100679,100,,,100670,100,,,100607,100
2019-06-28 13:19:40.000000000,101410,230,101231,230,101479,226,101159,326,101483,226,101113,226,101759,100,101110,100,,,101049,58,,,101031,100,,,100853,100,,,100679,100,,,100670,100,,,100607,100
2019-06-28 13:19:45.995457885,101394,100,101231,230,101410,230,101159,326,101479,226,101113,226,101483,226,101110,100,101759,100,101049,58,,,101031,100,,,100853,100,,,100679,100,,,100670,100,,,100607,100
2019-06-28 13:19:50.000000000,101394,291,101231,291,101410,291,101159,391,101479,100,101113,100,101483,100,101110,100,101759,100,101049,58,,,101031,100,,,100853,100,,,100679,100,,,100670,100,,,100607,100
2019-06-28 13:20:00.000000000,101394,348,101231,482,101410,100,101159,200,101479,100,101113,100,101483,100,101110,100,101759,100,101049,58,,,101031,100,,,100853,100,,,100679,100,,,100670,100,,,100607,100
2019-06-28 13:20:08.853756184,101280,100,101231,482,101394,348,101159,200,101410,100,101113,100,101479,100,101110,100,101483,100,101031,100,101759,100,100853,100,,,100679,100,,,100670,100,,,100607,100,,,100529,100
2019-06-28 13:20:10.000000000,101280,482,101231,482,101410,100,101159,200,101479,100,101113,100,101483,100,101110,100,101759,100,101031,100,,,100853,100,,,100679,100,,,100670,100,,,100607,100,,,100529,100
2019-06-28 13:20:20.000000000,101280,291,101231,291,101410,291,101159,391,101479,100,101113,100,101483,100,101110,100,101759,100,101031,100,,,100853,100,,,100679,100,,,100670,100,,,100607,100,,,100529,100
2019-06-28 13:20:28.365937383,101280,291,101231,291,101394,100,101159,391,101410,291,101113,100,101479,100,101110,100,101483,100,101031,100,101759,100,100853,100,,,100679,100,,,100670,100,,,100607,100,,,100529,100
2019-06-28 13:20:30.000000000,101280,230,101231,230,101394,226,101159,326,101410,226,101113,226,101479,100,101110,100,101483,100,101031,100,101759,100,100853,100,,,100679,100,,,100670,100,,,100607,100,,,100529,100
2019-06-28 13:20:40.000000000,101280,482,101231,482,101394,100,101159,200,101410,100,101113,100,101479,100,101110,100,101483,100,101031,100,101759,100,100853,100,,,100679,100,,,100670,100,,,100607,100,,,100529,100
2019-06-28 13:20:42.638946528,101280,482,101231,482,101313,100,101159,200,101394,100,101113,100,101410,100,101110,100,101479,100,101031,100,101483,100,100853,100,101759,100,100679,100,,,100670,100,,,100607,100,,,100529,100
2019-06-28 13:20:50.000000000,101280,196,101231,196,101313,196,101159,296,101394,196,101113,196,101410,196,101110,196,101479,100,101031,100,101483,100,100853,100,101759,100,100679,100,,,100670,100,,,100607,100,,,100529,100
2019-06-28 13:21:00.000000000,101280,348,101231,482,101313,100,101159,200,101394,100,101113,100,101410,100,101110,100,101479,100,101031,100,101483,100,100853,100,101759,100,100679,100,,,100670,100,,,100607,100,,,100529,100
2019-06-28 13:21:10.000000000,101313,196,101231,196,101394,196,101159,296,101410,196,101113,196,101479,196,101110,196,101483,100,101031,100,101759,100,100853,100,,,100679,100,,,100670,100,,,100607,100,,,100529,100
2019-06-28 13:21:20.000000000,101313,230,101231,230,101394,226,101159,326,101410,226,101113,226,101479,100,101110,100,101483,100,101031,100,101759,100,100853,100,,,100679,100,,,100670,100,,,100607,100,,,100529,100
2019-06-28 13:21:30.000000000,101313,230,101231,230,101394,226,101159,326,101410,226,101113,226,101479,100,101110,100,101483,100,101031,100,101759,100,100853,100,,,100679,100,,,100670,100,,,100607,100,,,100529,100
2019-06-28 13:21:30.385977563,101313,230,101231,230,101394,226,101159,326,101410,226,101113,226,101479,100,101110,100,101483,100,101031,100,101759,100,100908,100,,,100853,100,,,100679,100,,,100670,100,,,100607,100
2019-06-28 13:21:38.527813646,101313,230,101231,230,101394,226,101159,326,101410,226,101113,226,101479,100,101110,100,101483,100,101031,100,101759,100,100908,100,,,100853,100,,,100679,100,,,100670,100,,,100607,100
2019-06-28 13:21:40.000000000,101313,230,101231,230,101394,226,101159,326,101410,226,101113,226,101479,100,101110,100,101483,100,101031,100,101759,100,100908,100,,,100853,100,,,100679,100,,,100670,100,,,100607,100
2019-06-28 13:21:47.271876371,101313,230,101231,130,101394,226,101159,326,101410,226,101113,226,101479,100,101110,100,101483,100,101031,100,101759,100,100853,100,,,100679,100,,,100670,100,,,100607,100,,,100529,100
2019-06-28 13:21:48.238198801,101313,230,101231,130,101394,226,101159,326,101410,226,101113,226,101479,100,101110,100,101759,100,101102,100,,,101031,100,,,100853,100,,,100679,100,,,100670,100,,,100607,100
2019-06-28 13:21:50.000000000,101313,291,101159,391,101394,291,101113,291,101410,100,101110,100,101479,100,101102,100,101759,100,101031,100,,,100853,100,,,100679,100,,,100670,100,,,100607,100,,,100529,100
2019-06-28 13:22:00.000000000,101313,348,101159,582,101394,100,101113,100,101410,100,101110,100,101479,100,101102,100,101759,100,101031,100,,,100853,100,,,100679,100,,,100670,100,,,100607,100,,,100529,100
2019-06-28 13:22:06.206611505,101313,348,101159,482,101394,100,101113,100,101410,100,101110,100,101479,100,101102,100,101759,100,101031,100,,,100853,100,,,100679,100,,,100670,100,,,100607,100,,,100529,100
2019-06-28 13:22:07.477451000,101313,348,101159,482,101394,100,101113,100,101410,100,101110,100,101479,100,101102,100,101759,100,101031,100,,,100853,100,,,100843,100,,,100679,100,,,100670,100,,,100607,100
2019-06-28 13:22:10.000000000,101394,230,101159,230,101410,226,101113,226,101479,226,101110,226,101759,100,101102,100,,,101031,100,,,100853,100,,,100843,100,,,100679,100,,,100670,100,,,100607,100
2019-06-28 13:22:19.948691718,101394,230,101159,130,101410,226,101113,226,101479,226,101110,226,101759,100,101102,100,,,101031,100,,,100853,100,,,100843,100,,,100679,100,,,100670,100,,,100607,100
2019-06-28 13:22:20.000000000,101394,230,101113,230,101410,226,101110,226,101479,226,101102,226,101759,100,101031,100,,,100853,100,,,100843,100,,,100679,100,,,100670,100,,,100607,100,,,100529,100
2019-06-28 13:22:23.683258810,101125,100,101113,230,101394,230,101110,226,101410,226,101102,226,101479,226,101031,100,101759,100,100853,100,,,100843,100,,,100679,100,,,100670,100,,,100607,100,,,100529,100
2019-06-28 13:22:30.000000000,101125,482,101113,482,101394,100,101110,100,101410,100,101102,100,101479,100,101031,100,101759,100,100853,100,,,100843,100,,,100679,100,,,100670,100,,,100607,100,,,100529,100
2019-06-28 13:22:31.994031878,101125,482,101113,382,101394,100,101110,100,101410,100,101102,100,101479,100,101031,100,101759,100,100853,100,,,100843,100,,,100679,100,,,100670,100,,,100607,100,,,100529,100
2019-06-28 13:22:40.000000000,101125,230,101110,230,101394,226,101102,226,101410,226,101031,226,101479,100,100853,100,101759,100,100843,100,,,100679,100,,,100670,100,,,100607,100,,,100529,100,,,100510,100
2019-06-28 13:22:43.974294154,101125,230,101110,230,101394,226,101102,226,101410,226,101031,226,101479,100,100853,100,101759,100,100843,100,,,100679,100,,,100670,100,,,100640,100,,,100607,100,,,100529,100
2019-06-28 13:22:45.228432187,101125,230,101110,230,101394,226,101102,226,101410,226,101031,226,101479,100,100853,100,101759,100,100828,100,,,100679,100,,,100670,100,,,100640,100,,,100607,100,,,100529,100
2019-06-28 13:22:50.000000000,101125,176,101110,176,101394,176,101102,176,101410,176,101031,176,101479,176,100853,176,101759,176,100828,176,,,100679,100,,,100670,100,,,100640,100,,,100607,100,,,100529,100
2019-06-28 13:22:50.830389692,101125,176,101110,176,101394,176,101102,76,101410,176,101031,176,101479,176,100853,176,101759,176,100828,176,,,100724,100,,,100679,100,,,100670,100,,,100640,100,,,100607,100
2019-06-28 13:23:00.000000000,101125,348,101110,482,101394,100,101031,100,101410,100,100853,100,101479,100,100828,100,101759,100,100724,100,,,100679,100,,,100670,100,,,100640,100,,,100607,100,,,100529,100
2019-06-28 13:23:10.000000000,101394,196,101110,196,101410,196,101031,196,101479,196,100853,196,101759,196,100828,196,,,100724,100,,,100679,100,,,100670,100,,,100640,100,,,100607,100,,,100529,100
2019-06-28 13:23:14.770514727,101394,196,101110,96,101410,196,101031,196,101479,196,100853,196,101759,196,100828,196,,,100679,100,,,100670,100,,,100640,100,,,100607,100,,,100529,100,,,100510,100
2019-06-28 13:23:20.000000000,101394,230,101031,230,101410,226,100853,226,101479,226,100828,226,101759,100,100679,100,,,100670,100,,,100640,100,,,100607,100,,,100529,100,,,100510,100,,,100470,100
2019-06-28 13:23:30.000000000,101394,196,101031,196,101410,196,100853,196,101479,196,100828,196,101759,196,100679,196,,,100670,100,,,100640,100,,,100607,100,,,100529,100,,,100510,100,,,100470,100
2019-06-28 13:23:40.000000000,101394,482,101031,482,101410,100,100853,100,101479,100,100828,100,101759,100,100679,100,,,100670,100,,,100640,100,,,100607,100,,,100529,100,,,100510,100,,,100470,100
2019-06-28 13:23:44.373196025,101394,482,101031,482,101410,100,100853,100,101479,100,100828,100,101759,100,100679,100,,,100670,100,,,100641,100,,,100640,100,,,100607,100,,,100529,100,,,100510,100
2019-06-28 13:23:50.000000000,101394,291,101031,291,101410,291,100853,291,101479,100,100828,100,101759,100,100679,100,,,100670,100,,,100641,100,,,100640,100,,,100607,100,,,100529,100,,,100510,100
2019-06-28 13:23:51.678403401,101394,291,101031,191,101410,291,100853,291,101479,100,100828,100,101759,100,100679,100,,,100670,100,,,100641,100,,,100640,100,,,100607,100,,,100529,100,,,100510,100
2019-06-28 13:24:00.000000000,101394,348,100853,482,101410,100,100828,100,101479,100,100679,100,101759,100,100670,100,,,100641,100,,,100640,100,,,100607,100,,,100529,100,,,100510,100,,,100470,100
2019-06-28 13:24:03.091067462,101394,348,100853,382,101410,100,100828,100,101479,100,100679,100,101759,100,100670,100,,,100641,100,,,100640,100,,,100607,100,,,100529,100,,,100510,100,,,100470,100
2019-06-28 13:24:10.000000000,101410,230,100828,230,101479,226,100679,226,101759,226,100670,226,,,100641,100,,,100640,100,,,100607,100,,,100529,100,,,100510,100,,,100470,100,,,100436,100
2019-06-28 13:24:15.423254937,100875,100,100828,230,101410,230,100679,226,101479,226,100670,226,101759,226,100641,100,,,100640,100,,,100607,100,,,100529,100,,,100510,100,,,100470,100,,,100436,100
2019-06-28 13:24:20.000000000,100875,176,100828,176,101410,176,100679,176,101479,176,100670,176,101759,176,100641,176,101760,76,100640,176,,,100607,100,,,100529,100,,,100510,100,,,100470,100,,,100436,100
2019-06-28 13:24:26.206109503,100875,176,100828,176,101394,100,100679,176,101410,176,100670,176,101479,176,100641,176,101759,176,100640,176,101760,76,100607,100,,,100529,100,,,100510,100,,,100470,100,,,100436,100
2019-06-28 13:24:30.000000000,100875,196,100828,196,101394,196,100679,196,101410,196,100670,196,101479,196,100641,196,101759,100,100640,100,,,100607,100,,,100529,100,,,100510,100,,,100470,100,,,100436,100
2019-06-28 13:24:40.000000000,100875,482,100828,482,101394,100,100679,100,101410,100,100670,100,101479,100,100641,100,101759,100,100640,100,,,100607,100,,,100529,100,,,100510,100,,,100470,100,,,100436,100
2019-06-28 13:24:43.952946504,100875,482,100828,382,101394,100,100679,100,101410,100,100670,100,101479,100,100641,100,101759,100,100640,100,,,100607,100,,,100529,100,,,100510,100,,,100470,100,,,100436,100
2019-06-28 13:24:50.000000000,100875,230,100679,230,101394,226,100670,226,101410,226,100641,226,101479,100,100640,100,101759,100,100607,100,,,100529,100,,,100510,100,,,100470,100,,,100436,100,,,100262,95
2019-06-28 13:25:00.000000000,100875,157,100679,291,101394,291,100670,291,101410,100,100641,100,101479,100,100640,100,101759,100,100607,100,,,100529,100,,,100510,100,,,100470,100,,,100436,100,,,100262,95
2019-06-28 13:25:10.000000000,101394,482,100679,482,101410,100,100670,100,101479,100,100641,100,101759,100,100640,100,,,100607,100,,,100529,100,,,100510,100,,,100470,100,,,100436,100,,,100262,95
2019-06-28 13:25:14.384664745,101394,482,100679,482,101410,100,100670,100,101479,100,100641,100,101759,100,100640,100,,,100607,100,,,100529,100,,,100510,100,,,100470,100,,,100436,100,,,100220,100
2019-06-28 13:25:17.045095318,100875,100,100679,482,101394,482,100641,100,101410,100,100640,100,101479,100,100607,100,101759,100,100529,100,,,100510,100,,,100470,100,,,100436,100,,,100220,100,,,100045,100
2019-06-28 13:25:20.000000000,100875,176,100679,176,101394,176,100641,176,101410,176,100640,176,101479,176,100607,176,101759,176,100529,176,,,100510,100,,,100470,100,,,100436,100,,,100220,100,,,100045,100
2019-06-28 13:25:30.000000000,100875,176,100679,176,101394,176,100641,176,101410,176,100640,176,101479,176,100607,176,101759,176,100529,176,,,100510,100,,,100470,100,,,100436,100,,,100220,100,,,100045,100
2019-06-28 13:25:40.000000000,100875,176,100679,176,101394,176,100641,176,101410,176,100640,176,101479,176,100607,176,101759,176,100529,176,,,100510,100,,,100470,100,,,100436,100,,,100220,100,,,100045,100
2019-06-28 13:25:50.000000000,100875,176,100679,176,101394,176,100641,176,101410,176,100640,176,101479,176,100607,176,101759,176,100529,176,,,100510,100,,,100470,100,,,100436,100,,,100220,100,,,100045,100
2019-06-28 13:25:50.122018987,100875,176,100679,76,101394,176,100641,176,101410,176,100640,176,101479,176,100607,176,101759,176,100529,176,,,100510,100,,,100470,100,,,100436,100,,,100220,100,,,100045,100
2019-06-28 13:25:51.921779229,100679,24,100641,176,100875,176,100640,176,101394,176,100607,176,101410,176,100529,176,101479,176,100510,100,101759,176,100470,100,,,100436,100,,,100220,100,,,100045,100,,,99907,100
2019-06-28 13:26:00.000000000,100679,272,100641,482,100875,100,100640,100,101394,100,100607,100,101410,100,100529,100,101479,100,100510,100,101759,100,100470,100,,,100436,100,,,100220,100,,,100045,100,,,99907,100
2019-06-28 13:26:10.000000000,100875,230,100641,230,101394,226,100640,226,101410,226,100607,226,101479,100,100529,100,101759,100,100510,100,,,100470,100,,,100436,100,,,100220,100,,,100045,100,,,99907,100
2019-06-28 13:26:14.646713631,100679,100,100641,230,100875,230,100640,226,101394,226,100607,226,101410,226,100529,100,101479,100,100510,100,101759,100,100470,100,,,100436,100,,,100220,100,,,100045,100,,,99907,100
2019-06-28 13:26:14.655306030,100679,100,100654,100,100875,230,100641,230,101394,226,100640,226,101410,226,100607,226,101759,100,100529,100,,,100510,100,,,100470,100,,,100436,100,,,100220,100,,,100045,100
2019-06-28 13:26:20.000000000,100679,176,100654,176,100875,176,100641,176,101394,176,100640,176,101410,176,100607,176,101759,176,100529,176,,,100510,100,,,100470,100,,,100436,100,,,100220,100,,,100045,100
2019-06-28 13:26:21.347798185,100679,176,100654,176,100875,176,100641,176,101394,176,100640,176,101410,176,100607,176,101759,176,100529,176,,,100510,100,,,100470,100,,,100460,100,,,100436,100,,,100220,100
2019-06-28 13:26:30.000000000,100679,230,100654,230,100875,226,100641,226,101394,226,100640,226,101410,100,100607,100,101759,100,100529,100,,,100510,100,,,100470,100,,,100460,100,,,100436,100,,,100220,100
2019-06-28 13:26:33.697738715,100679,230,100654,130,100875,226,100641,226,101394,226,100640,226,101410,100,100607,100,101759,100,100529,100,,,100510,100,,,100470,100,,,100460,100,,,100436,100,,,100220,100
2019-06-28 13:26:35.615078361,100679,230,100654,30,100875,226,100641,226,101394,226,100640,226,101410,100,100607,100,101759,100,100529,100,,,100510,100,,,100470,100,,,100460,100,,,100436,100,,,100220,100
2019-06-28 13:26:40.000000000,100679,230,100641,230,100875,226,100640,226,101394,226,100607,226,101410,100,100529,100,101759,100,100510,100,,,100470,100,,,100460,100,,,100436,100,,,100220,100,,,100045,100
2019-06-28 13:26:50.000000000,100679,230,100641,230,100875,226,100640,226,101394,226,100607,226,101410,100,100529,100,101759,100,100510,100,,,100470,100,,,100460,100,,,100436,100,,,100220,100,,,100045,100
2019-06-28 13:27:00.000000000,100679,348,100641,482,100875,100,100640,100,101394,100,100607,100,101410,100,100529,100,101759,100,100510,100,,,100470,100,,,100460,100,,,100436,100,,,100220,100,,,100045,100
2019-06-28 13:27:10.000000000,100875,176,100641,176,101394,176,100640,176,101410,176,100607,176,101759,176,100529,176,101760,76,100510,176,,,100470,100,,,100460,100,,,100436,100,,,100220,100,,,100045,100
2019-06-28 13:27:12.003992174,100818,100,100641,176,100875,176,100640,176,101394,176,100607,176,101410,176,100529,76,101759,176,100510,176,101760,76,100470,100,,,100460,100,,,100436,100,,,100220,100,,,100045,100
2019-06-28 13:27:20.000000000,100818,482,100641,482,100875,100,100640,100,101394,100,100607,100,101410,100,100510,100,101759,100,100470,100,,,100460,100,,,100436,100,,,100220,100,,,100045,100,,,,
2019-06-28 13:27:30.000000000,100818,230,100641,230,100875,226,100640,226,101394,226,100607,226,101410,100,100510,100,101759,100,100470,100,,,100460,100,,,100436,100,,,100220,100,,,100045,100,,,,
2019-06-28 13:27:40.000000000,100818,482,100641,482,100875,100,100640,100,101394,100,100607,100,101410,100,100510,100,101759,100,100470,100,,,100460,100,,,100436,100,,,100220,100,,,100045,100,,,,
2019-06-28 13:27:50.000000000,100818,291,100641,291,100875,291,100640,291,101394,100,100607,100,101410,100,100510,100,101759,100,100470,100,,,100460,100,,,100436,100,,,100220,100,,,100045,100,,,,
2019-06-28 13:27:51.278231385,100818,191,100641,291,100875,291,100640,291,101117,100,100607,100,101394,100,100510,100,101410,100,100470,100,101759,100,100460,100,,,100436,100,,,100220,100,,,100045,100,,,,
2019-06-28 13:28:00.000000000,100875,157,100641,291,101117,291,100640,291,101394,100,100607,100,101410,100,100510,100,101759,100,100470,100,,,100460,100,,,100436,100,,,100220,100,,,100045,100,,,,
2019-06-28 13:28:08.458148416,100875,57,100641,291,101117,291,100640,291,101394,100,100607,100,101410,100,100510,100,101759,100,100470,100,,,100460,100,,,100436,100,,,100220,100,,,100045,100,,,,
2019-06-28 13:28:10.000000000,101117,291,100641,291,101394,291,100640,291,101410,100,100607,100,101759,100,100510,100,,,100470,100,,,100460,100,,,100436,100,,,100220,100,,,100045,100,,,,
2019-06-28 13:28:17.602389601,101117,291,100641,291,101394,291,100640,291,101683,100,100607,100,101759,100,100510,100,,,100470,100,,,100460,100,,,100436,100,,,100220,100,,,100045,100,,,,
2019-06-28 13:28:20.000000000,101117,291,100641,291,101394,291,100640,291,101683,100,100607,100,101759,100,100510,100,,,100470,100,,,100460,100,,,100436,100,,,100220,100,,,100045,100,,,,
2019-06-28 13:28:29.674219772,101117,291,100641,291,101394,291,100640,291,101515,100,100607,100,101683,100,100510,100,101759,100,100470,100,,,100460,100,,,100436,100,,,100220,100,,,100045,100,,,,
2019-06-28 13:28:30.000000000,101117,176,100641,176,101394,176,100640,176,101515,176,100607,176,101683,176,100510,176,101759,176,100470,176,,,100460,100,,,100436,100,,,100220,100,,,100045,100,,,,
2019-06-28 13:28:40.000000000,101117,230,100641,230,101394,226,100640,226,101515,226,100607,226,101683,100,100510,100,101759,100,100470,100,,,100460,100,,,100436,100,,,100220,100,,,100045,100,,,,
2019-06-28 13:28:50.000000000,101117,291,100641,291,101394,291,100640,291,101515,100,100607,100,101683,100,100510,100,101759,100,100470,100,,,100460,100,,,100436,100,,,100220,100,,,100045,100,,,,
2019-06-28 13:28:54.995718498,101117,291,100641,291,101311,100,100640,291,101394,291,100607,100,101515,100,100510,100,101683,100,100470,100,101759,100,100460,100,,,100436,100,,,100220,100,,,100045,100,,,,
2019-06-28 13:29:00.000000000,101117,62,100641,196,101311,196,100640,196,101394,196,100607,196,101515,196,100510,196,101683,100,100470,100,101759,100,100460,100,,,100436,100,,,100220,100,,,100045,100,,,,
2019-06-28 13:29:08.842048993,101311,196,101117,38,101394,196,100641,196,101515,196,100640,196,101683,100,100607,196,101759,100,100510,196,,,100470,100,,,100460,100,,,100436,100,,,100220,100,,,100045,100
2019-06-28 13:29:10.000000000,101311,196,101117,134,101394,196,100641,196,101515,196,100640,196,101683,196,100607,196,101759,100,100510,100,,,100470,100,,,100460,100,,,100436,100,,,100220,100,,,100045,100
2019-06-28 13:29:20.000000000,101311,196,101117,134,101394,196,100641,196,101515,196,100640,196,101683,196,100607,196,101759,100,100510,100,,,100470,100,,,100460,100,,,100436,100,,,100220,100,,,100045,100
2019-06-28 13:29:20.612558527,101311,196,101117,134,101394,196,101089,100,101515,196,100641,196,101683,196,100640,196,101759,100,100607,196,,,100510,100,,,100470,100,,,100460,100,,,100436,100,,,100220,100
2019-06-28 13:29:25.893118257,101204,100,101117,134,101311,196,100641,196,101394,196,100640,196,101515,196,100607,196,101683,196,100510,100,101759,100,100470,100,,,100460,100,,,100436,100,,,100220,100,,,100045,100
2019-06-28 13:29:26.821588826,101204,100,101117,234,101311,196,100641,196,101394,196,100640,196,101515,196,100607,196,101683,196,100510,100,101759,100,100470,100,,,100460,100,,,100436,100,,,100220,100,,,100045,100
2019-06-28 13:29:30.000000000,101204,230,101117,268,101311,226,100641,226,101394,226,100640,226,101515,100,100607,100,101683,100,100510,100,101759,100,100470,100,,,100460,100,,,100436,100,,,100220,100,,,100045,100
2019-06-28 13:29:40.000000000,101204,230,101117,268,101311,226,100641,226,101394,226,100640,226,101515,100,100607,100,101683,100,100510,100,101759,100,100470,100,,,100460,100,,,100436,100,,,100220,100,,,100045,100
2019-06-28 13:29:50.000000000,101204,482,101117,520,101311,100,100641,100,101394,100,100640,100,101515,100,100607,100,101683,100,100510,100,101759,100,100470,100,,,100460,100,,,100436,100,,,100220,100,,,100045,100
2019-06-28 13:29:50.348472560,101204,482,101117,520,101311,100,100963,100,101394,100,100641,100,101515,100,100640,100,101683,100,100607,100,101759,100,100510,100,,,100470,100,,,100460,100,,,100436,100,,,100220,100
2019-06-28 13:30:00.000000000,101204,157,101117,329,101311,291,100963,291,101394,100,100641,100,101515,100,100640,100,101683,100,100607,100,101759,100,100510,100,,,100470,100,,,100460,100,,,100436,100,,,100220,100
2019-06-28 13:30:10.000000000,101311,291,101117,329,101394,291,100963,291,101515,100,100641,100,101683,100,100640,100,101759,100,100607,100,,,100510,100,,,100470,100,,,100460,100,,,100436,100,,,100220,100
2019-06-28 13:30:16.039797835,101311,291,101117,229,101394,291,100963,291,101515,100,100641,100,101683,100,100640,100,101759,100,100607,100,,,100510,100,,,100470,100,,,100460,100,,,100436,100,,,100220,100
2019-06-28 13:30:20.000000000,101311,230,101117,168,101394,226,100963,226,101515,226,100641,226,101683,100,100640,100,101759,100,100607,100,,,100510,100,,,100470,100,,,100460,100,,,100436,100,,,100220,100
2019-06-28 13:30:27.565309467,101311,230,101117,168,101394,226,100963,226,101515,226,100641,226,101683,100,100640,100,101759,100,100607,100,,,100574,100,,,100470,100,,,100460,100,,,100436,100,,,100220,100
2019-06-28 13:30:30.000000000,101311,291,101117,229,101394,291,100963,291,101515,100,100641,100,101683,100,100640,100,101759,100,100607,100,,,100574,100,,,100470,100,,,100460,100,,,100436,100,,,100220,100
2019-06-28 13:30:32.278887811,101311,291,101117,229,101394,291,100963,291,101515,100,100690,100,101759,100,100641,100,,,100640,100,,,100607,100,,,100574,100,,,100470,100,,,100460,100,,,100436,100
2019-06-28 13:30:40.000000000,101311,230,101117,168,101394,226,100963,226,101515,226,100690,226,101759,100,100641,100,,,100640,100,,,100607,100,,,100574,100,,,100470,100,,,100460,100,,,100436,100
2019-06-28 13:30:50.000000000,101311,482,101117,420,101394,100,100963,100,101515,100,100690,100,101759,100,100641,100,,,100640,100,,,100607,100,,,100574,100,,,100470,100,,,100460,100,,,100436,100
2019-06-28 13:30:52.223719743,101311,482,101117,320,101394,100,100963,100,101515,100,100690,100,101759,100,100641,100,,,100640,100,,,100607,100,,,100574,100,,,100470,100,,,100460,100,,,100220,100
2019-06-28 13:31:00.000000000,101311,157,100963,291,101394,291,100690,291,101515,100,100641,100,101759,100,100640,100,,,100607,100,,,100574,100,,,100470,100,,,100460,100,,,100220,100,,,100045,100
2019-06-28 13:31:07.746948962,101311,157,100963,291,101394,291,100690,291,101515,100,100641,100,101759,100,100640,100,,,100607,100,,,100574,100,,,100470,100,,,100460,100,,,100254,100,,,100220,100
2019-06-28 13:31:10.000000000,101394,230,100963,230,101515,226,100690,226,101759,226,100641,226,,,100640,100,,,100607,100,,,100574,100,,,100470,100,,,100460,100,,,100254,100,,,100220,100
2019-06-28 13:31:20.000000000,101394,176,100963,176,101515,176,100690,176,101759,176,100641,176,101760,76,100640,176,,,100607,176,,,100574,100,,,100470,100,,,100460,100,,,100254,100,,,100220,100
2019-06-28 13:31:21.416624428,101311,100,100963,176,101394,176,100690,176,101515,176,100641,176,101759,176,100640,176,101760,76,100607,176,,,100574,100,,,100470,100,,,100460,100,,,100254,100,,,100220,100
2019-06-28 13:31:28.634327992,101311,100,100963,76,101394,176,100690,176,101515,176,100641,176,101759,176,100640,176,101760,76,100607,176,,,100579,100,,,100574,100,,,100470,100,,,100460,100,,,100254,100
2019-06-28 13:31:30.000000000,101311,291,100690,291,101394,291,100641,291,101515,100,100640,100,101759,100,100607,100,,,100579,100,,,100574,100,,,100470,100,,,100460,100,,,100254,100,,,100220,100
2019-06-28 13:31:40.000000000,101311,176,100690,176,101394,176,100641,176,101515,176,100640,176,101759,176,100607,176,101760,76,100579,176,,,100574,100,,,100470,100,,,100460,100,,,100254,100,,,100220,100
2019-06-28 13:31:43.477559704,101311,176,100690,176,101394,176,100641,176,101515,176,100640,176,101759,176,100607,176,101760,76,100579,176,,,100574,100,,,100488,100,,,100470,100,,,100460,100,,,100254,100
2019-06-28 13:31:50.000000000,101311,196,100690,196,101394,196,100641,196,101515,196,100640,196,101759,196,100607,196,,,100579,100,,,100574,100,,,100488,100,,,100470,100,,,100460,100,,,100254,100
2019-06-28 13:32:00.000000000,101311,348,100690,482,101394,100,100641,100,101515,100,100640,100,101759,100,100607,100,,,100579,100,,,100574,100,,,100488,100,,,100470,100,,,100460,100,,,100254,100
2019-06-28 13:32:06.501458774,101311,348,101194,100,101394,100,100690,482,101515,100,100641,100,,,100640,100,,,100607,100,,,100579,100,,,100574,100,,,100488,100,,,100470,100,,,100460,100
2019-06-28 13:32:06.590333554,101311,348,101194,100,101394,100,100835,100,101515,100,100690,482,,,100641,100,,,100640,100,,,100579,100,,,100574,100,,,100488,100,,,100470,100,,,100460,100
2019-06-28 13:32:10.000000000,101394,176,101194,176,101515,176,100835,176,101516,76,100690,176,,,100641,176,,,100640,176,,,100579,100,,,100574,100,,,100488,100,,,100470,100,,,100460,100
2019-06-28 13:32:19.544409229,101394,176,101194,176,101515,176,100925,100,101516,76,100835,176,,,100690,176,,,100641,176,,,100640,176,,,100579,100,,,100574,100,,,100488,100,,,100470,100
2019-06-28 13:32:20.000000000,101394,196,101194,196,101515,196,100925,196,101516,96,100835,196,,,100690,196,,,100641,100,,,100640,100,,,100579,100,,,100574,100,,,100488,100,,,100470,100
2019-06-28 13:32:30.000000000,101394,482,101194,482,101515,100,100925,100,,,100835,100,,,100690,100,,,100641,100,,,100640,100,,,100579,100,,,100574,100,,,100488,100,,,100470,100
2019-06-28 13:32:33.472584056,101311,100,101194,482,101394,482,100925,100,101515,100,100835,100,,,100690,100,,,100641,100,,,100640,100,,,100579,100,,,100574,100,,,100488,100,,,100470,100
2019-06-28 13:32:40.000000000,101311,291,101194,291,101394,291,100925,291,101515,100,100835,100,,,100690,100,,,100641,100,,,100640,100,,,100579,100,,,100574,100,,,100488,100,,,100470,100
2019-06-28 13:32:50.000000000,101311,291,101194,291,101394,291,100925,291,101515,100,100835,100,,,100690,100,,,100641,100,,,100640,100,,,100579,100,,,100574,100,,,100488,100,,,100470,100
2019-06-28 13:32:59.999202512,101311,291,101194,191,101394,291,100925,291,101515,100,100835,100,,,100690,100,,,100641,100,,,100640,100,,,100579,100,,,100574,100,,,100488,100,,,100470,100
2019-06-28 13:33:00.000000000,101311,348,100925,482,101394,100,100835,100,101515,100,100690,100,,,100641,100,,,100640,100,,,100579,100,,,100574,100,,,100488,100,,,100470,100,,,100460,100
2019-06-28 13:33:10.000000000,101394,291,100925,291,101515,291,100835,291,,,100690,100,,,100641,100,,,100640,100,,,100579,100,,,100574,100,,,100488,100,,,100470,100,,,100460,100
2019-06-28 13:33:20.000000000,101394,230,100925,230,101515,226,100835,226,101516,126,100690,226,,,100641,100,,,100640,100,,,100579,100,,,100574,100,,,100488,100,,,100470,100,,,100460,100
2019-06-28 13:33:30.000000000,101394,291,100925,291,101515,291,100835,291,,,100690,100,,,100641,100,,,100640,100,,,100579,100,,,100574,100,,,100488,100,,,100470,100,,,100460,100
2019-06-28 13:33:37.828042557,101394,291,100925,191,101515,291,100835,291,,,100690,100,,,100641,100,,,100640,100,,,100579,100,,,100574,100,,,100488,100,,,100470,100,,,100460,100
2019-06-28 13:33:40.000000000,101394,196,100835,196,101515,196,100690,196,101516,96,100641,196,,,100640,196,,,100579,100,,,100574,100,,,100488,100,,,100470,100,,,100460,100,,,100254,100
2019-06-28 13:33:47.922683721,101394,196,100835,96,101515,196,100690,196,101516,96,100641,196,,,100640,196,,,100579,100,,,100574,100,,,100488,100,,,100470,100,,,100460,100,,,100254,100
2019-06-28 13:33:50.000000000,101394,196,100690,196,101515,196,100641,196,101516,96,100640,196,,,100579,196,,,100574,100,,,100488,100,,,100470,100,,,100460,100,,,100254,100,,,100045,100
2019-06-28 13:33:50.052346683,101394,196,100690,196,101515,196,100641,196,101516,96,100640,196,,,100579,196,,,100574,100,,,100547,100,,,100488,100,,,100470,100,,,100460,100,,,100254,100
2019-06-28 13:34:00.000000000,101394,157,100690,291,101515,291,100641,291,,,100640,100,,,100579,100,,,100574,100,,,100547,100,,,100488,100,,,100470,100,,,100460,100,,,100254,100
2019-06-28 13:34:00.930473514,101394,157,100690,191,101515,291,100641,291,,,100640,100,,,100579,100,,,100574,100,,,100547,100,,,100488,100,,,100470,100,,,100460,100,,,100254,100
2019-06-28 13:34:05.907071397,101394,157,100690,191,101515,291,100641,291,,,100640,100,,,100579,100,,,100574,100,,,100547,100,,,100488,100,,,100470,100,,,100460,100,,,100355,100
2019-06-28 13:34:10.000000000,101515,230,100641,230,101516,126,100640,226,,,100579,226,,,100574,100,,,100547,100,,,100488,100,,,100470,100,,,100460,100,,,100355,100,,,100254,100
2019-06-28 13:34:20.000000000,101515,482,100641,482,,,100640,100,,,100579,100,,,100574,100,,,100547,100,,,100488,100,,,100470,100,,,100460,100,,,100355,100,,,100254,100
2019-06-28 13:34:30.000000000,101515,196,100641,196,101516,96,100640,196,,,100579,196,,,100574,196,,,100547,100,,,100488,100,,,100470,100,,,100460,100,,,100355,100,,,100254,100
2019-06-28 13:34:40.000000000,101515,291,100641,291,101516,191,100640,291,,,100579,100,,,100574,100,,,100547,100,,,100488,100,,,100470,100,,,100460,100,,,100355,100,,,100254,100
2019-06-28 13:34:50.000000000,101515,176,100641,176,101516,76,100640,176,,,100579,176,,,100574,176,,,100547,176,,,100488,100,,,100470,100,,,100460,100,,,100355,100,,,100254,100
2019-06-28 13:34:54.199976582,101394,100,100641,176,101515,176,100640,176,101516,76,100579,176,,,100574,176,,,100547,176,,,100488,100,,,100470,100,,,100460,100,,,100355,100,,,100254,100
2019-06-28 13:35:00.000000000,101394,42,100641,176,101515,176,100640,176,101516,76,100579,176,,,100574,176,,,100547,176,,,100488,100,,,100470,100,,,100460,100,,,100355,100,,,100254,100
2019-06-28 13:35:10.000000000,101515,196,100641,196,101516,96,100640,196,,,100579,196,,,100574,196,,,100547,100,,,100488,100,,,100470,100,,,100460,100,,,100355,100,,,100254,100
2019-06-28 13:35:11.292916383,101515,196,100641,96,101516,96,100640,196,,,100579,196,,,100574,196,,,100547,100,,,100488,100,,,100470,100,,,100460,100,,,100355,100,,,100254,100
2019-06-28 13:35:20.000000000,101515,176,100640,176,101516,76,100579,176,,,100574,176,,,100547,176,,,100488,176,,,100470,100,,,100460,100,,,100355,100,,,100254,100,,,100045,100
2019-06-28 13:35:30.000000000,101515,196,100640,196,101516,96,100579,196,,,100574,196,,,100547,196,,,100488,100,,,100470,100,,,100460,100,,,100355,100,,,100254,100,,,100045,100
2019-06-28 13:35:40.000000000,101515,176,100640,176,101516,76,100579,176,,,100574,176,,,100547,176,,,100488,176,,,100470,100,,,100460,100,,,100355,100,,,100254,100,,,100045,100
2019-06-28 13:35:47.531252893,101394,100,100640,176,101515,176,100579,176,101516,76,100574,176,,,100547,176,,,100488,176,,,100470,100,,,100460,100,,,100355,100,,,100254,100,,,100045,100
2019-06-28 13:35:48.715057007,101394,100,100640,176,101515,176,100579,176,101516,76,100574,176,,,100547,176,,,100488,176,,,100470,100,,,100460,100,,,100355,100,,,100051,100,,,100045,100
2019-06-28 13:35:50.000000000,101394,176,100640,176,101515,176,100579,176,101516,76,100574,176,,,100547,176,,,100488,176,,,100470,100,,,100460,100,,,100355,100,,,100051,100,,,100045,100
2019-06-28 13:36:00.000000000,101394,348,100640,482,101515,100,100579,100,,,100574,100,,,100547,100,,,100488,100,,,100470,100,,,100460,100,,,100355,100,,,100051,100,,,100045,100
2019-06-28 13:36:10.000000000,101515,291,100640,291,101516,191,100579,291,,,100574,100,,,100547,100,,,100488,100,,,100470,100,,,100460,100,,,100355,100,,,100051,100,,,100045,100
2019-06-28 13:36:20.000000000,101515,482,100640,482,,,100579,100,,,100574,100,,,100547,100,,,100488,100,,,100470,100,,,100460,100,,,100355,100,,,100051,100,,,100045,100
2019-06-28 13:36:21.703723236,101515,482,100640,382,,,100579,100,,,100574,100,,,100547,100,,,100488,100,,,100460,100,,,100355,100,,,100051,100,,,100045,100,,,,
2019-06-28 13:36:23.178448512,101394,100,100640,382,101515,482,100579,100,,,100574,100,,,100547,100,,,100488,100,,,100460,100,,,100355,100,,,100051,100,,,100045,100,,,,
2019-06-28 13:36:30.000000000,101394,196,100579,196,101515,196,100574,196,101516,96,100547,196,,,100488,196,,,100460,100,,,100355,100,,,100051,100,,,100045,100,,,,,,,,
2019-06-28 13:36:40.000000000,101394,176,100579,176,101515,176,100574,176,101516,76,100547,176,,,100488,176,,,100460,176,,,100355,100,,,100051,100,,,100045,100,,,,,,,,
2019-06-28 13:36:46.026827749,101394,176,100579,176,101515,176,100574,176,101516,76,100547,176,,,100488,76,,,100460,176,,,100355,100,,,100336,100,,,100051,100,,,100045,100,,,,
2019-06-28 13:36:50.000000000,101394,176,100579,176,101515,176,100574,176,101516,76,100547,176,,,100460,176,,,100355,176,,,100336,100,,,100051,100,,,100045,100,,,,,,,,
2019-06-28 13:36:52.216536962,101394,176,100579,176,101515,176,100574,176,101516,76,100547,176,,,100469,100,,,100460,176,,,100355,176,,,100336,100,,,100051,100,,,100045,100,,,,
2019-06-28 13:37:00.000000000,101394,157,100579,291,101515,291,100574,291,,,100547,100,,,100469,100,,,100460,100,,,100355,100,,,100336,100,,,100051,100,,,100045,100,,,,
2019-06-28 13:37:10.000000000,101515,482,100579,482,,,100574,100,,,100547,100,,,100469,100,,,100460,100,,,100355,100,,,100336,100,,,100051,100,,,100045,100,,,,
2019-06-28 13:37:12.941296024,101515,482,100579,382,,,100547,100,,,100469,100,,,100460,100,,,100355,100,,,100336,100,,,100051,100,,,100045,100,,,,,,,,
2019-06-28 13:37:13.527877210,101394,100,100579,382,101515,482,100547,100,,,100469,100,,,100460,100,,,100355,100,,,100336,100,,,100051,100,,,100045,100,,,,,,,,
2019-06-28 13:37:13.760006936,101394,100,100579,282,101515,482,100547,100,,,100469,100,,,100460,100,,,100355,100,,,100336,100,,,100051,100,,,100045,100,,,,,,,,
2019-06-28 13:37:17.255876166,101394,100,100579,182,101515,482,100547,100,,,100469,100,,,100460,100,,,100355,100,,,100336,100,,,100051,100,,,100045,100,,,,,,,,
2019-06-28 13:37:20.000000000,101394,230,100547,230,101515,226,100469,226,101516,126,100460,226,,,100355,100,,,100336,100,,,100051,100,,,100045,100,,,,,,,,,,,,
2019-06-28 13:37:30.000000000,101394,176,100547,176,101515,176,100469,176,101516,76,100460,176,,,100355,176,,,100336,176,,,100051,100,,,100045,100,,,,,,,,,,,,
2019-06-28 13:37:40.000000000,101394,230,100547,230,101515,226,100469,226,101516,126,100460,226,,,100355,100,,,100336,100,,,100051,100,,,100045,100,,,,,,,,,,,,
2019-06-28 13:37:40.666794545,101394,230,100547,230,101515,226,100469,226,101516,126,100460,226,,,100355,100,,,100336,100,,,100051,100,,,100045,100,,,100020,100,,,,,,,,
2019-06-28 13:37:49.153735859,101394,230,100547,230,101515,226,100469,226,101516,126,100460,226,,,100355,100,,,100336,100,,,100089,100,,,100051,100,,,100045,100,,,100020,100,,,,
2019-06-28 13:37:50.000000000,101394,230,100547,230,101515,226,100469,226,101516,126,100460,226,,,100355,100,,,100336,100,,,100089,100,,,100051,100,,,100045,100,,,100020,100,,,,
2019-06-28 13:37:51.854192131,101394,230,100547,130,101515,226,100469,226,101516,126,100460,226,,,100355,100,,,100336,100,,,100089,100,,,100051,100,,,100045,100,,,100020,100,,,,
2019-06-28 13:38:00.000000000,101394,42,100469,176,101515,176,100460,176,101516,76,100355,176,,,100336,176,,,100089,176,,,100051,100,,,100045,100,,,100020,100,,,,,,,,
2019-06-28 13:38:10.000000000,101515,230,100469,230,101516,126,100460,226,,,100355,226,,,100336,100,,,100089,100,,,100051,100,,,100045,100,,,100020,100,,,,,,,,
2019-06-28 13:38:20.000000000,101515,176,100469,176,101516,76,100460,176,,,100355,176,,,100336,176,,,100089,176,,,100051,100,,,100045,100,,,100020,100,,,,,,,,
2019-06-28 13:38:21.839748901,101515,176,100469,76,101516,76,100460,176,,,100355,176,,,100336,176,,,100089,176,,,100051,100,,,100045,100,,,100020,100,,,,,,,,
2019-06-28 13:38:30.000000000,101515,291,100460,291,101516,191,100355,291,,,100336,100,,,100089,100,,,100051,100,,,100045,100,,,100020,100,,,,,,,,,,,,
2019-06-28 13:38:40.000000000,101515,482,100460,482,,,100355,100,,,100336,100,,,100089,100,,,100051,100,,,100045,100,,,100020,100,,,,,,,,,,,,
2019-06-28 13:38:49.831349176,101515,482,100460,382,,,100355,100,,,100336,100,,,100089,100,,,100051,100,,,100045,100,,,100020,100,,,,,,,,,,,,
2019-06-28 13:38:50.000000000,101515,176,100355,176,101516,76,100336,176,,,100089,176,,,100051,176,,,100045,176,,,100020,100,,,,,,,,,,,,,,,,
2019-06-28 13:39:00.000000000,101515,42,100355,176,101516,76,100336,176,,,100089,176,,,100051,176,,,100045,176,,,100020,100,,,,,,,,,,,,,,,,
2019-06-28 13:39:07.362756656,101515,142,100355,176,101516,76,100336,176,,,100089,176,,,100051,176,,,100045,176,,,100020,100,,,,,,,,,,,,,,,,
2019-06-28 13:39:10.000000000,101515,176,100355,176,101516,76,100336,176,,,100089,176,,,100051,176,,,100045,176,,,100020,100,,,,,,,,,,,,,,,,
2019-06-28 13:39:20.000000000,101515,230,100355,230,101516,126,100336,226,,,100089,226,,,100051,100,,,100045,100,,,100020,100,,,,,,,,,,,,,,,,
2019-06-28 13:39:30.000000000,101515,196,100355,196,101516,96,100336,196,,,100089,196,,,100051,196,,,100045,100,,,100020,100,,,,,,,,,,,,,,,,
2019-06-28 13:39:40.000000000,101515,176,100355,176,101516,76,100336,176,,,100089,176,,,100051,176,,,100045,176,,,100020,100,,,,,,,,,,,,,,,,
2019-06-28 13:39:42.740924528,101515,176,100355,176,101516,76,100336,176,,,100089,176,,,100051,176,,,100045,176,,,100020,100,,,99632,100,,,,,,,,,,,,
2019-06-28 13:39:50.000000000,101515,176,100355,176,101516,76,100336,176,,,100089,176,,,100051,176,,,100045,176,,,100020,100,,,99632,100,,,,,,,,,,,,
2019-06-28 13:40:00.000000000,101515,42,100355,176,101516,76,100336,176,,,100089,176,,,100051,176,,,100045,176,,,100020,100,,,99632,100,,,,,,,,,,,,
2019-06-28 13:40:10.000000000,,,100355,100,,,100336,100,,,100089,100,,,100051,100,,,100045,100,,,100020,100,,,99632,100,,,,,,,,,,,,
2019-06-28 13:40:27.967922146,,,100336,100,,,100089,100,,,100051,100,,,100045,100,,,100020,100,,,99632,100,,,,,,,,,,,,,,,,
2019-06-28 13:41:17.581341641,,,100816,100,,,100336,100,,,100089,100,,,100051,100,,,100045,100,,,100020,100,,,99632,100,,,,,,,,,,,,
2019-06-28 13:41:47.620149075,,,100336,100,,,100089,100,,,100051,100,,,100045,100,,,100020,100,,,99632,100,,,,,,,,,,,,,,,,
2019-06-28 13:42:16.198131517,,,100089,100,,,100051,100,,,100045,100,,,99632,100,,,,,,,,,,,,,,,,,,,,,,,,
2019-06-28 13:42:23.297945947,100816,100,100089,100,,,100051,100,,,100045,100,,,99632,100,,,,,,,,,,,,,,,,,,,,,,,,
2019-06-28 13:42:30.000000000,100816,482,100089,482,,,100051,100,,,100045,100,,,99632,100,,,,,,,,,,,,,,,,,,,,,,,,
2019-06-28 13:42:35.408250362,100816,582,100089,482,,,100051,100,,,100045,100,,,99632,100,,,,,,,,,,,,,,,,,,,,,,,,
2019-06-28 13:42:36.021520370,100816,582,100089,382,,,100051,100,,,100045,100,,,99632,100,,,,,,,,,,,,,,,,,,,,,,,,
2019-06-28 13:42:40.000000000,100816,296,100051,196,100817,96,100045,196,,,99632,196,,,99631,96,,,,,,,,,,,,,,,,,,,,,,,,
2019-06-28 13:42:50.000000000,100816,276,100051,176,100817,76,100045,176,,,99632,176,,,99631,76,,,,,,,,,,,,,,,,,,,,,,,,
2019-06-28 13:42:50.110502886,100336,100,100051,176,100816,276,100045,176,100817,76,99632,176,,,99631,76,,,,,,,,,,,,,,,,,,,,,,,,
2019-06-28 13:42:51.630255447,100336,100,100203,100,100816,276,100051,176,100817,76,100045,176,,,99632,176,,,99631,76,,,,,,,,,,,,,,,,,,,,
2019-06-28 13:43:00.000000000,100336,157,100203,291,100816,391,100051,291,,,100045,100,,,99632,100,,,,,,,,,,,,,,,,,,,,,,,,
2019-06-28 13:43:01.817610377,100336,157,100203,291,100816,391,100051,291,,,100045,100,,,99681,100,,,99632,100,,,,,,,,,,,,,,,,,,,,
2019-06-28 13:43:03.449776495,100336,157,100203,291,100816,391,100051,291,,,100045,100,,,99783,100,,,99681,100,,,99632,100,,,,,,,,,,,,,,,,
2019-06-28 13:43:10.000000000,100816,582,100203,482,,,100051,100,,,100045,100,,,99783,100,,,99681,100,,,99632,100,,,,,,,,,,,,,,,,
2019-06-28 13:43:11.295447052,100272,100,100203,482,100816,582,100051,100,,,100045,100,,,99783,100,,,99681,100,,,99632,100,,,,,,,,,,,,,,,,
2019-06-28 13:43:16.978388647,100272,100,100203,482,100816,582,100051,100,,,100045,100,,,99936,100,,,99783,100,,,99681,100,,,99632,100,,,,,,,,,,,,
2019-06-28 13:43:18.550722411,100272,100,100203,482,100816,582,100094,100,,,100051,100,,,100045,100,,,99936,100,,,99783,100,,,99681,100,,,99632,100,,,,,,,,
2019-06-28 13:43:20.000000000,100272,230,100203,230,100816,326,100094,226,100817,126,100051,226,,,100045,100,,,99936,100,,,99783,100,,,99681,100,,,99632,100,,,,,,,,
2019-06-28 13:43:30.000000000,100272,291,100203,291,100816,391,100094,291,,,100051,100,,,100045,100,,,99936,100,,,99783,100,,,99681,100,,,99632,100,,,,,,,,
2019-06-28 13:43:40.000000000,100272,482,100203,482,100816,200,100094,100,,,100051,100,,,100045,100,,,99936,100,,,99783,100,,,99681,100,,,99632,100,,,,,,,,
2019-06-28 13:43:50.000000000,100272,176,100203,176,100816,276,100094,176,100817,76,100051,176,,,100045,176,,,99936,176,,,99783,100,,,99681,100,,,99632,100,,,,,,,,
2019-06-28 13:43:56.382118513,100272,176,100203,176,100816,276,100094,176,100817,76,100086,100,,,100051,176,,,100045,176,,,99936,176,,,99783,100,,,99681,100,,,99632,100,,,,
2019-06-28 13:44:00.000000000,100272,157,100203,291,100816,391,100094,291,,,100086,100,,,100051,100,,,100045,100,,,99936,100,,,99783,100,,,99681,100,,,99632,100,,,,
2019-06-28 13:44:02.748329309,100272,157,100251,100,100816,391,100203,291,,,100094,291,,,100086,100,,,100051,100,,,100045,100,,,99936,100,,,99783,100,,,99681,100,,,99632,100
2019-06-28 13:44:10.000000000,100816,276,100251,176,100817,76,100203,176,,,100094,176,,,100086,176,,,100051,176,,,100045,100,,,99936,100,,,99783,100,,,99681,100,,,99632,100
2019-06-28 13:44:14.827008989,100816,276,100328,100,100817,76,100251,176,,,100203,176,,,100094,176,,,100086,176,,,100051,176,,,100045,100,,,99936,100,,,99783,100,,,99681,100
2019-06-28 13:44:20.000000000,100816,276,100328,176,100817,76,100251,176,,,100203,176,,,100094,176,,,100086,176,,,100051,100,,,100045,100,,,99936,100,,,99783,100,,,99681,100
2019-06-28 13:44:30.000000000,100816,330,100328,230,100817,126,100251,226,,,100203,226,,,100094,100,,,100086,100,,,100051,100,,,100045,100,,,99936,100,,,99783,100,,,99681,100
2019-06-28 13:44:37.284207682,100816,330,100328,130,100817,126,100251,226,,,100203,226,,,100094,100,,,100086,100,,,100051,100,,,100045,100,,,99936,100,,,99783,100,,,99681,100
2019-06-28 13:44:40.000000000,100816,391,100251,291,100817,191,100203,291,,,100094,100,,,100086,100,,,100051,100,,,100045,100,,,99936,100,,,99783,100,,,99681,100,,,99632,100
2019-06-28 13:44:42.211286706,100816,391,100251,291,100817,191,100203,291,,,100094,100,,,100051,100,,,100045,100,,,100043,100,,,99936,100,,,99783,100,,,99681,100,,,99632,100
2019-06-28 13:44:50.000000000,100816,296,100251,196,100817,96,100203,196,,,100094,196,,,100051,196,,,100045,100,,,100043,100,,,99936,100,,,99783,100,,,99681,100,,,99632,100
2019-06-28 13:45:00.000000000,100816,162,100251,196,100817,96,100203,196,,,100094,196,,,100051,196,,,100045,100,,,100043,100,,,99936,100,,,99783,100,,,99681,100,,,99632,100
2019-06-28 13:45:06.651559314,100816,162,100251,196,100817,96,100203,196,,,100094,196,,,100051,196,,,100045,100,,,100043,100,,,99936,100,,,99783,100,,,99777,100,,,99681,100
2019-06-28 13:45:10.000000000,100816,142,100251,176,100817,76,100203,176,,,100094,176,,,100051,176,,,100045,176,,,100043,100,,,99936,100,,,99783,100,,,99777,100,,,99681,100
2019-06-28 13:45:20.000000000,100816,257,100251,291,100817,191,100203,291,,,100094,100,,,100051,100,,,100045,100,,,100043,100,,,99936,100,,,99783,100,,,99777,100,,,99681,100
2019-06-28 13:45:30.000000000,100816,142,100251,176,100817,76,100203,176,,,100094,176,,,100051,176,,,100045,176,,,100043,100,,,99936,100,,,99783,100,,,99777,100,,,99681,100
2019-06-28 13:45:37.091675391,100816,142,100251,176,100817,76,100203,176,,,100094,176,,,100051,176,,,100045,176,,,100043,100,,,99936,100,,,99799,100,,,99783,100,,,99777,100
2019-06-28 13:45:40.000000000,100816,142,100251,176,100817,76,100203,176,,,100094,176,,,100051,176,,,100045,176,,,100043,100,,,99936,100,,,99799,100,,,99783,100,,,99777,100
2019-06-28 13:45:50.000000000,100816,448,100251,482,,,100203,100,,,100094,100,,,100051,100,,,100045,100,,,100043,100,,,99936,100,,,99799,100,,,99783,100,,,99777,100
2019-06-28 13:46:00.000000000,100816,62,100251,230,100817,126,100203,226,,,100094,226,,,100051,100,,,100045,100,,,100043,100,,,99936,100,,,99799,100,,,99783,100,,,99777,100
2019-06-28 13:46:09.311534110,100816,62,100251,230,100817,126,100203,226,,,100094,226,,,100051,100,,,100050,100,,,100045,100,,,100043,100,,,99936,100,,,99799,100,,,99783,100
2019-06-28 13:46:10.000000000,,,100251,100,,,100203,100,,,100094,100,,,100051,100,,,100050,100,,,100045,100,,,100043,100,,,99936,100,,,99799,100,,,99783,100
2019-06-28 13:46:12.511428765,,,100203,100,,,100094,100,,,100051,100,,,100050,100,,,100045,100,,,100043,100,,,99936,100,,,99799,100,,,99783,100,,,99777,100
2019-06-28 13:46:14.201716429,,,100094,100,,,100051,100,,,100050,100,,,100045,100,,,100043,100,,,99936,100,,,99799,100,,,99783,100,,,99777,100,,,99681,100
2019-06-28 13:46:18.105666017,,,100102,100,,,100094,100,,,100051,100,,,100050,100,,,100045,100,,,100043,100,,,99936,100,,,99799,100,,,99783,100,,,99777,100
2019-06-28 13:47:06.679648372,100190,100,100102,100,,,100094,100,,,100051,100,,,100050,100,,,100045,100,,,100043,100,,,99799,100,,,99783,100,,,99777,100,,,99681,100
2019-06-28 13:47:10.000000000,100190,196,100102,196,100191,96,100094,196,,,100051,196,,,100050,196,,,100045,100,,,100043,100,,,99799,100,,,99783,100,,,99777,100,,,99681,100
2019-06-28 13:47:20.000000000,100190,482,100102,482,,,100094,100,,,100051,100,,,100050,100,,,100045,100,,,100043,100,,,99799,100,,,99783,100,,,99777,100,,,99681,100
2019-06-28 13:47:20.177236540,100190,382,100102,482,,,100094,100,,,100051,100,,,100050,100,,,100045,100,,,100043,100,,,99783,100,,,99777,100,,,99681,100,,,99632,100
2019-06-28 13:47:23.201943707,100190,282,100102,482,,,100094,100,,,100051,100,,,100050,100,,,100045,100,,,100043,100,,,99783,100,,,99777,100,,,99681,100,,,99632,100
2019-06-28 13:47:30.000000000,,,100102,100,,,100094,100,,,100051,100,,,100050,100,,,100045,100,,,100043,100,,,99783,100,,,99777,100,,,99681,100,,,99632,100
2019-06-28 13:48:12.930943899,100418,100,100102,100,,,100094,100,,,100051,100,,,100050,100,,,100045,100,,,100043,100,,,99783,100,,,99777,100,,,99681,100,,,99632,100
2019-06-28 13:48:18.476845403,100418,100,100163,100,,,100102,100,,,100094,100,,,100051,100,,,100050,100,,,100045,100,,,100043,100,,,99783,100,,,99777,100,,,99681,100
2019-06-28 13:48:20.000000000,100418,482,100163,482,,,100102,100,,,100094,100,,,100051,100,,,100050,100,,,100045,100,,,100043,100,,,99783,100,,,99777,100,,,99681,100
2019-06-28 13:48:20.189895721,100418,482,100163,482,,,100102,100,,,100094,100,,,100093,100,,,100051,100,,,100050,100,,,100045,100,,,100043,100,,,99783,100,,,99777,100
2019-06-28 13:48:30.000000000,100418,230,100163,230,100419,126,100102,226,,,100094,226,,,100093,100,,,100051,100,,,100050,100,,,100045,100,,,100043,100,,,99783,100,,,99777,100
2019-06-28 13:48:40.000000000,100418,230,100163,230,100419,126,100102,226,,,100094,226,,,100093,100,,,100051,100,,,100050,100,,,100045,100,,,100043,100,,,99783,100,,,99777,100
2019-06-28 13:48:50.000000000,100418,176,100163,176,100419,76,100102,176,,,100094,176,,,100093,176,,,100051,176,,,100050,100,,,100045,100,,,100043,100,,,99783,100,,,99777,100
2019-06-28 13:49:00.000000000,100418,196,100163,62,100419,96,100102,196,,,100094,196,,,100093,196,,,100051,100,,,100050,100,,,100045,100,,,100043,100,,,99783,100,,,99777,100
2019-06-28 13:49:05.422019538,100418,196,100163,62,100419,96,100102,196,100954,100,100094,196,,,100093,196,,,100051,100,,,100050,100,,,100045,100,,,100043,100,,,99783,100,,,99777,100
2019-06-28 13:49:10.000000000,100418,291,100102,291,100954,291,100094,291,,,100093,100,,,100051,100,,,100050,100,,,100045,100,,,100043,100,,,99783,100,,,99777,100,,,99681,100
2019-06-28 13:49:20.000000000,100418,482,100102,482,100954,100,100094,100,,,100093,100,,,100051,100,,,100050,100,,,100045,100,,,100043,100,,,99783,100,,,99777,100,,,99681,100
2019-06-28 13:49:30.000000000,100418,482,100102,482,100954,100,100094,100,,,100093,100,,,100051,100,,,100050,100,,,100045,100,,,100043,100,,,99783,100,,,99777,100,,,99681,100
2019-06-28 13:49:40.000000000,100418,482,100102,482,100954,100,100094,100,,,100093,100,,,100051,100,,,100050,100,,,100045,100,,,100043,100,,,99783,100,,,99777,100,,,99681,100
2019-06-28 13:49:50.000000000,100418,176,100102,176,100954,176,100094,176,100955,76,100093,176,,,100051,176,,,100050,176,,,100045,100,,,100043,100,,,99783,100,,,99777,100,,,99681,100
2019-06-28 13:49:51.330958170,100418,176,100163,100,100954,176,100102,176,100955,76,100094,176,,,100093,176,,,100051,176,,,100050,176,,,100045,100,,,100043,100,,,99783,100,,,99777,100
2019-06-28 13:49:57.029051398,100418,176,100163,200,100954,176,100102,176,100955,76,100094,176,,,100093,176,,,100051,176,,,100050,176,,,100045,100,,,100043,100,,,99783,100,,,99777,100
2019-06-28 13:50:00.000000000,100418,196,100163,162,100954,196,100102,196,100955,96,100094,196,,,100093,196,,,100051,100,,,100050,100,,,100045,100,,,100043,100,,,99783,100,,,99777,100
2019-06-28 13:50:08.639270706,100418,96,100163,162,100954,196,100102,196,100955,96,100094,196,,,100093,196,,,100051,100,,,100050,100,,,100045,100,,,100043,100,,,99783,100,,,99777,100
2019-06-28 13:50:10.000000000,100954,291,100163,257,100955,191,100102,291,,,100094,100,,,100093,100,,,100051,100,,,100050,100,,,100045,100,,,100043,100,,,99783,100,,,99777,100
2019-06-28 13:50:18.574427990,100954,191,100163,257,100955,191,100102,291,,,100094,100,,,100093,100,,,100051,100,,,100050,100,,,100045,100,,,100043,100,,,99783,100,,,99777,100
2019-06-28 13:50:20.000000000,,,100163,66,,,100102,100,,,100094,100,,,100093,100,,,100051,100,,,100050,100,,,100045,100,,,100043,100,,,99783,100,,,99777,100
2019-06-28 13:50:22.919258914,101196,100,100163,66,,,100102,100,,,100094,100,,,100093,100,,,100051,100,,,100050,100,,,100045,100,,,100043,100,,,99783,100,,,99777,100
2019-06-28 13:50:30.000000000,101196,291,100163,257,101197,191,100102,291,,,100094,100,,,100093,100,,,100051,100,,,100050,100,,,100045,100,,,100043,100,,,99783,100,,,99777,100
2019-06-28 13:50:40.000000000,101196,482,100163,448,,,100102,100,,,100094,100,,,100093,100,,,100051,100,,,100050,100,,,100045,100,,,100043,100,,,99783,100,,,99777,100
2019-06-28 13:50:50.000000000,101196,196,100163,162,101197,96,100102,196,,,100094,196,,,100093,196,,,100051,100,,,100050,100,,,100045,100,,,100043,100,,,99783,100,,,99777,100
2019-06-28 13:51:00.000000000,101196,176,100163,8,101197,76,100102,176,,,100094,176,,,100093,176,,,100051,176,,,100050,100,,,100045,100,,,100043,100,,,99783,100,,,99777,100
2019-06-28 13:51:10.000000000,101196,291,100102,291,101197,191,100094,291,,,100093,100,,,100051,100,,,100050,100,,,100045,100,,,100043,100,,,99783,100,,,99777,100,,,99681,100
2019-06-28 13:51:20.000000000,101196,230,100102,230,101197,126,100094,226,,,100093,226,,,100051,100,,,100050,100,,,100045,100,,,100043,100,,,99783,100,,,99777,100,,,99681,100
2019-06-28 13:51:24.949167531,101196,230,100102,230,101197,126,100094,226,102029,100,100093,226,,,100051,100,,,100050,100,,,100045,100,,,100043,100,,,99783,100,,,99777,100,,,99681,100
2019-06-28 13:51:26.206472158,101196,130,100102,230,101197,126,100094,226,102029,100,100093,226,,,100051,100,,,100050,100,,,100045,100,,,100043,100,,,99783,100,,,99777,100,,,99681,100
2019-06-28 13:51:30.000000000,102029,230,100102,230,102030,126,100094,226,,,100093,226,,,100051,100,,,100050,100,,,100045,100,,,100043,100,,,99783,100,,,99777,100,,,99681,100
2019-06-28 13:51:33.256325167,101651,100,100102,230,102029,230,100094,226,102030,126,100093,226,,,100051,100,,,100050,100,,,100045,100,,,100043,100,,,99783,100,,,99777,100,,,99632,100
2019-06-28 13:51:33.520063068,102029,230,100102,230,102030,126,100094,226,,,100093,226,,,100051,100,,,100050,100,,,100045,100,,,100043,100,,,99783,100,,,99777,100,,,99632,100
2019-06-28 13:51:34.806523541,102002,100,100102,230,102029,230,100094,226,102030,126,100093,226,,,100051,100,,,100050,100,,,100045,100,,,100043,100,,,99783,100,,,99777,100,,,99632,100
2019-06-28 13:51:37.957561610,102002,100,100102,230,102029,230,100094,226,102030,126,100093,226,102081,100,100051,100,,,100050,100,,,100045,100,,,100043,100,,,99783,100,,,99777,100,,,99632,100
2019-06-28 13:51:40.000000000,102002,291,100102,291,102029,291,100094,291,102081,100,100093,100,,,100051,100,,,100050,100,,,100045,100,,,100043,100,,,99783,100,,,99777,100,,,99632,100
2019-06-28 13:51:50.000000000,102002,291,100102,291,102029,291,100094,291,102081,100,100093,100,,,100051,100,,,100050,100,,,100045,100,,,100043,100,,,99783,100,,,99777,100,,,99632,100
2019-06-28 13:52:00.000000000,102002,291,100102,157,102029,291,100094,291,102081,100,100093,100,,,100051,100,,,100050,100,,,100045,100,,,100043,100,,,99783,100,,,99777,100,,,99632,100
2019-06-28 13:52:02.484250776,102002,291,100102,257,102029,291,100094,291,102081,100,100093,100,,,100051,100,,,100050,100,,,100045,100,,,100043,100,,,99783,100,,,99777,100,,,99632,100
2019-06-28 13:52:05.950026581,102002,291,101483,100,102029,291,100102,257,102081,100,100094,291,,,100093,100,,,100051,100,,,100050,100,,,100045,100,,,100043,100,,,99783,100,,,99777,100
2019-06-28 13:52:10.000000000,102002,196,101483,196,102029,196,100102,196,102081,196,100094,196,102082,96,100093,196,,,100051,100,,,100050,100,,,100045,100,,,100043,100,,,99783,100,,,99777,100
2019-06-28 13:52:20.000000000,102002,230,101483,230,102029,226,100102,226,102081,226,100094,226,,,100093,100,,,100051,100,,,100050,100,,,100045,100,,,100043,100,,,99783,100,,,99777,100
2019-06-28 13:52:30.000000000,102002,230,101483,230,102029,226,100102,226,102081,226,100094,226,,,100093,100,,,100051,100,,,100050,100,,,100045,100,,,100043,100,,,99783,100,,,99777,100
2019-06-28 13:52:40.000000000,102002,176,101483,176,102029,176,100102,176,102081,176,100094,176,102082,76,100093,176,,,100051,176,,,100050,100,,,100045,100,,,100043,100,,,99783,100,,,99777,100
2019-06-28 13:52:50.000000000,102002,482,101483,482,102029,100,100102,100,102081,100,100094,100,,,100093,100,,,100051,100,,,100050,100,,,100045,100,,,100043,100,,,99783,100,,,99777,100
2019-06-28 13:53:00.000000000,102002,482,101483,348,102029,100,100102,100,102081,100,100094,100,,,100093,100,,,100051,100,,,100050,100,,,100045,100,,,100043,100,,,99783,100,,,99777,100
2019-06-28 13:53:10.000000000,102002,291,100102,291,102029,291,100094,291,102081,100,100093,100,,,100051,100,,,100050,100,,,100045,100,,,100043,100,,,99783,100,,,99777,100,,,99632,100
2019-06-28 13:53:20.000000000,102002,291,100102,291,102029,291,100094,291,102081,100,100093,100,,,100051,100,,,100050,100,,,100045,100,,,100043,100,,,99783,100,,,99777,100,,,99632,100
2019-06-28 13:53:30.000000000,102002,482,100102,482,102029,100,100094,100,102081,100,100093,100,,,100051,100,,,100050,100,,,100045,100,,,100043,100,,,99783,100,,,99777,100,,,99632,100
2019-06-28 13:53:40.000000000,102002,230,100102,230,102029,226,100094,226,102081,226,100093,226,,,100051,100,,,100050,100,,,100045,100,,,100043,100,,,99783,100,,,99777,100,,,99632,100
2019-06-28 13:53:50.000000000,102002,196,100102,196,102029,196,100094,196,102081,196,100093,196,102082,96,100051,196,,,100050,100,,,100045,100,,,100043,100,,,99783,100,,,99777,100,,,99632,100
2019-06-28 13:53:51.779190670,101028,100,100102,196,102002,196,100094,196,102029,196,100093,196,102081,196,100051,196,102082,96,100050,100,,,100045,100,,,99783,100,,,99777,100,,,99632,100,,,,
2019-06-28 13:53:51.928236313,101028,100,100102,196,101483,100,100094,196,102002,196,100093,196,102029,196,100051,196,102081,196,100050,100,102082,96,100045,100,,,99783,100,,,99777,100,,,99632,100,,,,
2019-06-28 13:54:00.000000000,101028,196,100102,62,101483,196,100094,196,102002,196,100093,196,102029,196,100051,196,102081,100,100050,100,,,100045,100,,,99783,100,,,99777,100,,,99632,100,,,,
2019-06-28 13:54:10.000000000,101028,196,100094,196,101483,196,100093,196,102002,196,100051,196,102029,196,100050,196,102081,100,100045,100,,,99783,100,,,99777,100,,,99632,100,,,,,,,,
2019-06-28 13:54:10.088872550,101028,96,100094,196,101483,196,100093,196,102002,196,100051,96,102029,196,100050,196,102081,100,100045,100,,,99783,100,,,99777,100,,,99632,100,,,,,,,,
2019-06-28 13:54:11.093516662,101483,196,101028,4,102002,196,100094,196,102029,196,100093,196,102081,100,100051,96,,,100050,196,,,100045,100,,,99783,100,,,99777,100,,,99632,100,,,,
2019-06-28 13:54:20.000000000,101483,291,101028,195,102002,291,100094,291,102029,100,100093,100,102081,100,100050,100,,,100045,100,,,99783,100,,,99777,100,,,99632,100,,,,,,,,
2019-06-28 13:54:21.560369003,101483,291,101028,91,102002,291,100094,291,102029,100,100093,100,102081,100,100050,100,,,100045,100,,,99783,100,,,99777,100,,,99632,100,,,,,,,,
2019-06-28 13:54:30.000000000,101483,291,100094,291,102002,291,100093,291,102029,100,100050,100,102081,100,100045,100,,,99783,100,,,99777,100,,,99632,100,,,,,,,,,,,,
2019-06-28 13:54:40.000000000,101483,482,100094,482,102002,100,100093,100,102029,100,100050,100,102081,100,100045,100,,,99783,100,,,99777,100,,,99632,100,,,,,,,,,,,,
2019-06-28 13:54:50.000000000,101483,291,100094,291,102002,291,100093,291,102029,100,100050,100,102081,100,100045,100,,,99783,100,,,99777,100,,,99632,100,,,,,,,,,,,,
2019-06-28 13:54:58.107083404,101028,100,100094,291,101483,291,100093,291,102002,291,100050,100,102029,100,100045,100,102081,100,99783,100,,,99777,100,,,99632,100,,,,,,,,,,,,
2019-06-28 13:55:00.000000000,101028,196,100094,62,101483,196,100093,196,102002,196,100050,196,102029,196,100045,196,102081,100,99783,100,,,99777,100,,,99632,100,,,,,,,,,,,,
2019-06-28 13:55:04.319981927,101028,196,100679,100,101483,196,100094,62,102002,196,100093,196,102029,196,100050,196,102081,100,100045,196,,,99783,100,,,99777,100,,,99632,100,,,,,,,,
2019-06-28 13:55:10.000000000,101028,291,100679,291,101483,291,100093,291,102002,100,100050,100,102029,100,100045,100,102081,100,99783,100,,,99777,100,,,99632,100,,,,,,,,,,,,
2019-06-28 13:55:16.154016227,101028,291,100679,191,101483,291,100093,191,102002,100,100050,100,102029,100,100045,100,102081,100,99783,100,,,99777,100,,,99632,100,,,,,,,,,,,,
2019-06-28 13:55:20.000000000,101028,291,100050,291,101483,291,100045,291,102002,100,99783,100,102029,100,99777,100,102081,100,99632,100,,,,,,,,,,,,,,,,,,,,
2019-06-28 13:55:30.000000000,101028,230,100050,230,101483,226,100045,226,102002,226,99783,226,102029,100,99777,100,102081,100,99632,100,,,,,,,,,,,,,,,,,,,,
2019-06-28 13:55:33.685115066,101028,230,100275,100,101483,226,100050,230,102002,226,100045,226,102029,100,99783,226,102081,100,99777,100,,,99632,100,,,,,,,,,,,,,,,,
2019-06-28 13:55:36.443659406,100373,100,100275,100,101028,230,100050,230,101483,226,100045,126,102002,226,99783,226,102029,100,99777,100,102081,100,99632,100,,,,,,,,,,,,,,,,
2019-06-28 13:55:40.000000000,100373,196,100275,196,101028,196,100050,196,101483,196,99783,196,102002,196,99777,196,102029,100,99632,100,102081,100,,,,,,,,,,,,,,,,,,
2019-06-28 13:55:44.120970477,100373,196,100275,196,101028,196,100094,100,101483,196,100050,196,102002,196,99783,196,102029,100,99777,196,102081,100,99632,100,,,,,,,,,,,,,,,,
2019-06-28 13:55:50.000000000,100373,196,100275,196,101028,196,100094,196,101483,196,100050,196,102002,196,99783,196,102029,100,99777,100,102081,100,99632,100,,,,,,,,,,,,,,,,
2019-06-28 13:56:00.000000000,100373,196,100275,62,101028,196,100094,196,101483,196,100050,196,102002,196,99783,196,102029,100,99777,100,102081,100,99632,100,,,,,,,,,,,,,,,,
2019-06-28 13:56:04.035723208,100373,196,100275,62,100423,100,100094,196,101028,196,100050,196,101483,196,99783,196,102002,196,99777,100,102029,100,99632,100,102081,100,,,,,,,,,,,,,,
2019-06-28 13:56:10.000000000,100373,176,100094,176,100423,176,100050,176,101028,176,99783,176,101483,176,99777,176,102002,176,99632,176,102029,100,,,102081,100,,,,,,,,,,,,,,
2019-06-28 13:56:20.000000000,100373,482,100094,482,100423,100,100050,100,101028,100,99783,100,101483,100,99777,100,102002,100,99632,100,102029,100,,,102081,100,,,,,,,,,,,,,,
2019-06-28 13:56:22.108016463,100373,482,100341,100,100423,100,100094,482,101028,100,100050,100,101483,100,99783,100,102002,100,99777,100,102029,100,99632,100,102081,100,,,,,,,,,,,,,,
2019-06-28 13:56:29.559728755,100373,482,100341,100,100423,100,100094,482,101028,100,100050,100,101483,100,99783,100,101655,100,99777,100,102002,100,99632,100,102029,100,,,102081,100,,,,,,,,,,
2019-06-28 13:56:30.000000000,100373,482,100341,482,100423,100,100094,100,101028,100,100050,100,101483,100,99783,100,101655,100,99777,100,102002,100,99632,100,102029,100,,,102081,100,,,,,,,,,,
2019-06-28 13:56:32.013173715,100373,482,100341,482,100423,100,100094,100,101028,100,100050,100,101483,100,99783,100,101655,100,99777,100,101759,100,99632,100,102002,100,,,102029,100,,,102081,100,,,,,,
2019-06-28 13:56:32.932916062,100373,482,100341,482,100423,100,100094,100,101028,100,100050,100,101483,100,99783,100,101655,100,99777,100,101759,100,99632,100,101761,100,,,102002,100,,,102081,100,,,,,,
2019-06-28 13:56:33.098340144,100373,382,100341,482,100423,100,100094,100,101028,100,100050,100,101483,100,99783,100,101655,100,99777,100,101759,100,99632,100,101761,100,,,102002,100,,,102081,100,,,,,,
2019-06-28 13:56:37.353592554,100373,382,100342,100,100423,100,100341,482,101028,100,100094,100,101483,100,100050,100,101655,100,99783,100,101759,100,99777,100,101761,100,99632,100,102002,100,,,102081,100,,,,,,
2019-06-28 13:56:40.000000000,100423,482,100342,482,101028,100,100341,100,101483,100,100094,100,101655,100,100050,100,101759,100,99783,100,101761,100,99777,100,102002,100,99632,100,102081,100,,,,,,,,,,
2019-06-28 13:56:47.124706673,100423,482,100342,482,101028,100,100341,100,101483,100,100094,100,101655,100,100050,100,101709,100,99783,100,101759,100,99777,100,101761,100,99632,100,102002,100,,,102081,100,,,,,,
2019-06-28 13:56:50.000000000,100423,196,100342,196,101028,196,100341,196,101483,196,100094,196,101655,196,100050,196,101709,100,99783,100,101759,100,99777,100,101761,100,99632,100,102002,100,,,102081,100,,,,,,
2019-06-28 13:57:00.000000000,100423,196,100342,62,101028,196,100341,196,101483,196,100094,196,101655,196,100050,196,101709,100,99783,100,101759,100,99777,100,101761,100,99632,100,102002,100,,,102081,100,,,,,,
2019-06-28 13:57:10.000000000,100423,196,100341,196,101028,196,100094,196,101483,196,100050,196,101655,196,99783,196,101709,100,99777,100,101759,100,99632,100,101761,100,,,102002,100,,,102081,100,,,,,,
2019-06-28 13:57:20.000000000,100423,176,100341,176,101028,176,100094,176,101483,176,100050,176,101655,176,99783,176,101709,176,99777,176,101759,100,99632,100,101761,100,,,102002,100,,,102081,100,,,,,,
2019-06-28 13:57:28.340569124,100423,76,100341,176,101028,176,100094,176,101483,176,100050,176,101655,176,99783,176,101709,176,99777,176,101759,100,99632,100,101761,100,,,102002,100,,,,,,,,,,
2019-06-28 13:57:30.000000000,101028,196,100341,196,101483,196,100094,196,101655,196,100050,196,101709,196,99783,196,101759,100,99777,100,101761,100,99632,100,102002,100,,,,,,,,,,,,,,
2019-06-28 13:57:40.000000000,101028,230,100341,230,101483,226,100094,226,101655,226,100050,226,101709,100,99783,100,101759,100,99777,100,101761,100,99632,100,102002,100,,,,,,,,,,,,,,
2019-06-28 13:57:50.000000000,101028,176,100341,176,101483,176,100094,176,101655,176,100050,176,101709,176,99783,176,101759,176,99777,176,101761,100,99632,100,102002,100,,,,,,,,,,,,,,
2019-06-28 13:58:00.000000000,101028,230,100341,96,101483,226,100094,226,101655,226,100050,226,101709,100,99783,100,101759,100,99777,100,101761,100,99632,100,102002,100,,,,,,,,,,,,,,
2019-06-28 13:58:10.000000000,101028,196,100094,196,101483,196,100050,196,101655,196,99783,196,101709,196,99777,196,101759,100,99632,100,101761,100,,,102002,100,,,,,,,,,,,,,,
2019-06-28 13:58:19.833098003,101028,196,100094,196,101313,100,100050,196,101483,196,99783,196,101655,96,99777,196,101709,196,99632,100,101759,100,,,101761,100,,,102002,100,,,,,,,,,,
2019-06-28 13:58:20.000000000,101028,196,100094,196,101313,196,100050,196,101483,196,99783,196,101709,196,99777,196,101759,100,99632,100,101761,100,,,102002,100,,,,,,,,,,,,,,
2019-06-28 13:58:30.000000000,101028,196,100094,196,101313,196,100050,196,101483,196,99783,196,101709,196,99777,196,101759,100,99632,100,101761,100,,,102002,100,,,,,,,,,,,,,,
2019-06-28 13:58:30.754084436,101028,196,100094,196,101313,196,100050,196,101473,100,99783,196,101483,196,99777,196,101709,196,99632,100,101759,100,,,101761,100,,,102002,100,,,,,,,,,,
2019-06-28 13:58:40.000000000,101028,196,100094,196,101313,196,100050,196,101473,196,99783,196,101483,196,99777,196,101709,100,99632,100,101759,100,,,101761,100,,,102002,100,,,,,,,,,,
2019-06-28 13:58:50.000000000,101028,291,100094,291,101313,291,100050,291,101473,100,99783,100,101483,100,99777,100,101709,100,99632,100,101759,100,,,101761,100,,,102002,100,,,,,,,,,,
2019-06-28 13:58:58.525643714,100753,100,100094,291,101028,291,100050,291,101313,291,99783,100,101473,100,99777,100,101483,100,99632,100,101709,100,,,101759,100,,,101761,100,,,102002,100,,,,,,
2019-06-28 13:59:00.000000000,100753,196,100094,62,101028,196,100050,196,101313,196,99783,196,101473,196,99777,196,101483,100,99632,100,101709,100,,,101759,100,,,101761,100,,,102002,100,,,,,,
2019-06-28 13:59:10.000000000,100753,482,100050,482,101028,100,99783,100,101313,100,99777,100,101473,100,99632,100,101483,100,,,101709,100,,,101759,100,,,101761,100,,,102002,100,,,,,,
2019-06-28 13:59:13.749538049,100753,382,100050,482,101028,100,99783,100,101313,100,99777,100,101473,100,99632,100,101483,100,,,101709,100,,,101759,100,,,101761,100,,,102002,100,,,,,,
2019-06-28 13:59:20.000000000,101028,196,100050,196,101313,196,99783,196,101473,196,99777,196,101483,196,99632,196,101709,100,,,101759,100,,,101761,100,,,102002,100,,,,,,,,,,
2019-06-28 13:59:30.000000000,101028,230,100050,230,101313,226,99783,226,101473,226,99777,226,101483,100,99632,100,101709,100,,,101759,100,,,101761,100,,,102002,100,,,,,,,,,,
2019-06-28 13:59:40.000000000,101028,230,100050,230,101313,226,99783,226,101473,226,99777,226,101483,100,99632,100,101709,100,,,101759,100,,,101761,100,,,102002,100,,,,,,,,,,
2019-06-28 13:59:50.000000000,101028,230,100050,230,101313,226,99783,226,101473,226,99777,226,101483,100,99632,100,101709,100,,,101759,100,,,101761,100,,,102002,100,,,,,,,,,,
2019-06-28 14:00:00.000000000,101028,482,100050,348,101313,100,99783,100,101473,100,99777,100,101483,100,99632,100,101709,100,,,101759,100,,,101761,100,,,102002,100,,,,,,,,,,
2019-06-28 14:00:10.000000000,101028,482,99783,482,101313,100,99777,100,101473,100,99632,100,101483,100,,,101709,100,,,101759,100,,,101761,100,,,102002,100,,,,,,,,,,
2019-06-28 14:00:16.360383292,101028,382,99783,482,101313,100,99777,100,101473,100,99632,100,101483,100,,,101709,100,,,101759,100,,,101761,100,,,102002,100,,,,,,,,,,
2019-06-28 14:00:20.000000000,101313,196,99783,196,101473,196,99777,196,101483,196,99632,196,101709,196,99631,96,101759,100,,,101761,100,,,102002,100,,,,,,,,,,,,,,
2019-06-28 14:00:27.253988575,101313,196,100954,100,101473,196,99783,196,101483,196,99777,196,101709,196,99632,196,101759,100,99631,96,101761,100,,,102002,100,,,,,,,,,,,,,,
2019-06-28 14:00:30.000000000,101313,176,100954,176,101473,176,99783,176,101483,176,99777,176,101709,176,99632,176,101759,176,99631,76,101761,100,,,102002,100,,,,,,,,,,,,,,
2019-06-28 14:00:35.321750450,101027,100,100954,176,101313,176,99783,176,101473,176,99777,176,101483,176,99632,176,101709,176,99631,76,101759,176,,,101761,100,,,102002,100,,,,,,,,,,
2019-06-28 14:00:40.000000000,101027,176,100954,176,101313,176,99783,176,101473,176,99777,176,101483,176,99632,176,101709,176,99631,76,101759,100,,,101761,100,,,102002,100,,,,,,,,,,
2019-06-28 14:00:50.000000000,101027,482,100954,482,101313,100,99783,100,101473,100,99777,100,101483,100,99632,100,101709,100,,,101759,100,,,101761,100,,,102002,100,,,,,,,,,,
2019-06-28 14:00:50.839670679,101027,382,100954,482,101313,100,99783,100,101473,100,99777,100,101483,100,99632,100,101709,100,,,101759,100,,,101761,100,,,102002,100,,,,,,,,,,
2019-06-28 14:01:00.000000000,101313,482,100954,348,101473,100,99783,100,101483,100,99777,100,101709,100,99632,100,101759,100,,,101761,100,,,102002,100,,,,,,,,,,,,,,
2019-06-28 14:01:06.356640757,101086,100,100954,348,101313,482,99783,100,101473,100,99777,100,101483,100,99632,100,101709,100,,,101759,100,,,101761,100,,,102002,100,,,,,,,,,,
2019-06-28 14:01:10.000000000,101086,196,99783,196,101313,196,99777,196,101473,196,99632,196,101483,196,99631,96,101709,100,,,101759,100,,,101761,100,,,102002,100,,,,,,,,,,
2019-06-28 14:01:20.000000000,101086,176,99783,176,101313,176,99777,176,101473,176,99632,176,101483,176,99631,76,101709,176,,,101759,100,,,101761,100,,,102002,100,,,,,,,,,,
2019-06-28 14:01:20.926430928,100963,100,99783,176,101086,176,99777,176,101313,176,99632,176,101473,176,99631,76,101483,176,,,101709,176,,,101759,100,,,101761,100,,,102002,100,,,,,,
2019-06-28 14:01:20.993385182,100963,100,100844,100,101086,176,99783,176,101313,176,99777,176,101473,176,99632,176,101483,176,99631,76,101709,176,,,101759,100,,,101761,100,,,102002,100,,,,,,
2019-06-28 14:01:24.104128498,100963,100,100844,100,101086,176,99783,176,101101,100,99777,176,101313,176,99632,176,101473,176,99631,76,101483,176,,,101709,176,,,101759,100,,,101761,100,,,102002,100,,
2019-06-28 14:01:24.183470244,100963,100,100844,100,101086,176,99783,176,101101,100,99777,176,101240,100,99632,176,101313,176,99631,76,101473,76,,,101483,176,,,101709,176,,,101759,100,,,101761,100,,
2019-06-28 14:01:30.000000000,100963,196,100844,196,101086,196,99783,196,101101,196,99777,196,101240,196,99632,196,101313,100,,,101483,100,,,101709,100,,,101759,100,,,101761,100,,,102002,100,,
2019-06-28 14:01:40.000000000,100963,230,100844,230,101086,226,99783,226,101101,226,99777,226,101240,100,99632,100,101313,100,,,101483,100,,,101709,100,,,101759,100,,,101761,100,,,102002,100,,
2019-06-28 14:01:50.000000000,100963,196,100844,196,101086,196,99783,196,101101,196,99777,196,101240,196,99632,196,101313,100,,,101483,100,,,101709,100,,,101759,100,,,101761,100,,,102002,100,,
2019-06-28 14:01:55.290773073,100954,100,100844,196,100963,196,99783,196,101086,196,99777,196,101101,196,99632,196,101240,196,,,101313,100,,,101483,100,,,101709,100,,,101759,100,,,101761,100,,
2019-06-28 14:02:00.000000000,100954,176,100844,42,100963,176,99783,176,101086,176,99777,176,101101,176,99632,176,101240,176,99631,76,101313,100,,,101483,100,,,101709,100,,,101759,100,,,101761,100,,
2019-06-28 14:02:04.650835932,100954,76,100844,42,100963,176,99783,176,101086,176,99777,176,101101,176,99632,176,101240,176,99631,76,101313,100,,,101483,100,,,101709,100,,,101759,100,,,101761,100,,
2019-06-28 14:02:10.000000000,100963,196,99783,196,101086,196,99777,196,101101,196,99632,196,101240,196,99631,96,101313,100,,,101483,100,,,101709,100,,,101759,100,,,101761,100,,,102002,100,,
2019-06-28 14:02:20.000000000,100963,230,99783,230,101086,226,99777,226,101101,226,99632,226,101240,100,,,101313,100,,,101483,100,,,101709,100,,,101759,100,,,101761,100,,,102002,100,,
2019-06-28 14:02:27.997270760,100941,100,99783,230,100963,230,99777,226,101086,226,99632,226,101101,226,,,101240,100,,,101313,100,,,101483,100,,,101709,100,,,101759,100,,,101761,100,,
2019-06-28 14:02:30.000000000,100941,176,99783,176,100963,176,99777,176,101086,176,99632,176,101101,176,99631,76,101240,176,,,101313,100,,,101483,100,,,101709,100,,,101759,100,,,101761,100,,
2019-06-28 14:02:40.000000000,100941,196,99783,196,100963,196,99777,196,101086,196,99632,196,101101,196,99631,96,101240,100,,,101313,100,,,101483,100,,,101709,100,,,101759,100,,,101761,100,,
2019-06-28 14:02:50.000000000,100941,230,99783,230,100963,226,99777,226,101086,226,99632,226,101101,100,,,101240,100,,,101313,100,,,101483,100,,,101709,100,,,101759,100,,,101761,100,,
2019-06-28 14:02:54.371116784,100941,230,99783,230,100963,226,99777,226,101086,226,99632,226,101101,100,,,101240,100,,,101313,100,,,101467,100,,,101483,100,,,101709,100,,,101759,100,,
2019-06-28 14:03:00.000000000,100941,196,99783,62,100963,196,99777,196,101086,196,99632,196,101101,196,99631,96,101240,100,,,101313,100,,,101467,100,,,101483,100,,,101709,100,,,101759,100,,
2019-06-28 14:03:10.000000000,100941,176,99777,176,100963,176,99632,176,101086,176,99631,76,101101,176,,,101240,176,,,101313,100,,,101467,100,,,101483,100,,,101709,100,,,101759,100,,
2019-06-28 14:03:16.918651183,100941,176,99777,176,100963,176,99632,176,101070,100,99631,76,101086,176,,,101101,176,,,101240,176,,,101313,100,,,101467,100,,,101483,100,,,101709,100,,
2019-06-28 14:03:20.000000000,100941,230,99777,230,100963,226,99632,226,101070,226,99631,126,101086,100,,,101101,100,,,101240,100,,,101313,100,,,101467,100,,,101483,100,,,101709,100,,
2019-06-28 14:03:30.000000000,100941,482,99777,482,100963,100,99632,100,101070,100,,,101086,100,,,101101,100,,,101240,100,,,101313,100,,,101467,100,,,101483,100,,,101709,100,,
2019-06-28 14:03:36.144908994,100941,382,99777,482,100963,100,99632,100,101070,100,,,101086,100,,,101101,100,,,101240,100,,,101313,100,,,101467,100,,,101483,100,,,101709,100,,
2019-06-28 14:03:40.000000000,100963,176,99777,176,101070,176,99632,176,101086,176,99631,76,101101,176,,,101240,176,,,101313,100,,,101467,100,,,101483,100,,,101709,100,,,101759,100,,
2019-06-28 14:03:50.000000000,100963,196,99777,196,101070,196,99632,196,101086,196,99631,96,101101,196,,,101240,100,,,101313,100,,,101467,100,,,101483,100,,,101709,100,,,101759,100,,
2019-06-28 14:03:55.895788771,100963,196,99777,196,101000,100,99632,196,101070,196,99631,96,101086,196,,,101101,196,,,101240,100,,,101313,100,,,101467,100,,,101483,100,,,101709,100,,
2019-06-28 14:04:00.000000000,100963,482,99777,348,101000,100,99632,100,101070,100,,,101086,100,,,101101,100,,,101240,100,,,101313,100,,,101467,100,,,101483,100,,,101709,100,,
2019-06-28 14:04:10.000000000,100963,176,99632,176,101000,176,99631,76,101070,176,,,101086,176,,,101101,176,,,101240,100,,,101313,100,,,101467,100,,,101483,100,,,101709,100,,
2019-06-28 14:04:18.678749613,100963,176,100951,100,101000,176,99632,176,101070,176,99631,76,101086,176,,,101101,176,,,101240,100,,,101313,100,,,101467,100,,,101483,100,,,101709,100,,
2019-06-28 14:04:20.000000000,100963,482,100951,482,101000,100,99632,100,101070,100,,,101086,100,,,101101,100,,,101240,100,,,101313,100,,,101467,100,,,101483,100,,,101709,100,,
2019-06-28 14:04:30.000000000,100963,482,100951,482,101000,100,99632,100,101070,100,,,101086,100,,,101101,100,,,101240,100,,,101313,100,,,101467,100,,,101483,100,,,101709,100,,
2019-06-28 14:04:40.000000000,100963,230,100951,230,101000,226,99632,226,101070,226,99631,126,101086,100,,,101101,100,,,101240,100,,,101313,100,,,101467,100,,,101483,100,,,101709,100,,
2019-06-28 14:04:50.000000000,100963,230,100951,230,101000,226,99632,226,101070,226,99631,126,101086,100,,,101101,100,,,101240,100,,,101313,100,,,101467,100,,,101483,100,,,101709,100,,
2019-06-28 14:04:55.025162578,100963,230,100951,230,101000,226,99777,100,101070,226,99632,226,101086,100,99631,126,101101,100,,,101240,100,,,101313,100,,,101467,100,,,101483,100,,,101709,100,,
2019-06-28 14:05:00.000000000,100963,230,100951,96,101000,226,99777,226,101070,226,99632,226,101086,100,,,101101,100,,,101240,100,,,101313,100,,,101467,100,,,101483,100,,,101709,100,,
2019-06-28 14:05:10.000000000,100963,176,99777,176,101000,176,99632,176,101070,176,99631,76,101086,176,,,101101,176,,,101240,100,,,101313,100,,,101467,100,,,101483,100,,,101709,100,,
2019-06-28 14:05:20.000000000,100963,230,99777,230,101000,226,99632,226,101070,226,99631,126,101086,100,,,101101,100,,,101240,100,,,101313,100,,,101467,100,,,101483,100,,,101709,100,,
2019-06-28 14:05:30.000000000,100963,291,99777,291,101000,291,99632,291,101070,100,,,101086,100,,,101101,100,,,101240,100,,,101313,100,,,101467,100,,,101483,100,,,101709,100,,
2019-06-28 14:05:40.000000000,100963,291,99777,291,101000,291,99632,291,101070,100,,,101086,100,,,101101,100,,,101240,100,,,101313,100,,,101467,100,,,101483,100,,,101709,100,,
2019-06-28 14:05:50.000000000,100963,291,99777,291,101000,291,99632,291,101070,100,,,101086,100,,,101101,100,,,101240,100,,,101313,100,,,101467,100,,,101483,100,,,101709,100,,
2019-06-28 14:05:58.202232954,100963,191,99777,291,101000,291,99632,291,101070,100,,,101086,100,,,101101,100,,,101240,100,,,101313,100,,,101467,100,,,101483,100,,,101709,100,,
2019-06-28 14:06:00.000000000,101000,482,99777,348,101070,100,99632,100,101086,100,,,101101,100,,,101240,100,,,101313,100,,,101467,100,,,101483,100,,,101709,100,,,101759,100,,
2019-06-28 14:06:03.276014837,101000,382,99777,348,101070,100,99632,100,101086,100,,,101101,100,,,101240,100,,,101313,100,,,101467,100,,,101483,100,,,101709,100,,,101759,100,,
2019-06-28 14:06:10.000000000,101070,291,99632,291,101086,291,99631,191,101101,100,,,101240,100,,,101313,100,,,101467,100,,,101483,100,,,101709,100,,,101759,100,,,101761,100,,
2019-06-28 14:06:12.298578996,101070,291,99777,100,101086,291,99632,291,101101,100,99631,191,101240,100,,,101313,100,,,101467,100,,,101709,100,,,101759,100,,,101761,100,,,102002,100,,
2019-06-28 14:06:16.904999201,101070,191,99777,100,101086,291,99632,291,101101,100,99631,191,101240,100,,,101313,100,,,101467,100,,,101709,100,,,101759,100,,,101761,100,,,102002,100,,
2019-06-28 14:06:20.000000000,101086,176,99777,176,101101,176,99632,176,101240,176,99631,76,101313,176,,,101467,176,,,101709,100,,,101759,100,,,101761,100,,,102002,100,,,,,,
2019-06-28 14:06:30.000000000,101086,176,99777,176,101101,176,99632,176,101240,176,99631,76,101313,176,,,101467,176,,,101709,100,,,101759,100,,,101761,100,,,102002,100,,,,,,
2019-06-28 14:06:38.635111987,101086,176,99777,176,101101,176,99632,176,101224,100,99631,76,101240,176,,,101313,176,,,101467,176,,,101709,100,,,101759,100,,,101761,100,,,102002,100,,
2019-06-28 14:06:40.000000000,101086,291,99777,291,101101,291,99632,291,101224,100,,,101240,100,,,101313,100,,,101467,100,,,101709,100,,,101759,100,,,101761,100,,,102002,100,,
2019-06-28 14:06:42.483048337,101086,291,99777,291,101101,291,99632,291,101224,100,,,101240,100,,,101313,100,,,101465,100,,,101467,100,,,101709,100,,,101759,100,,,101761,100,,
2019-06-28 14:06:50.000000000,101086,230,99777,230,101101,226,99632,226,101224,226,99631,126,101240,100,,,101313,100,,,101465,100,,,101467,100,,,101709,100,,,101759,100,,,101761,100,,
2019-06-28 14:06:54.287503673,101086,230,100830,100,101101,226,99777,230,101224,226,99632,226,101240,100,99631,126,101313,100,,,101465,100,,,101467,100,,,101709,100,,,101759,100,,,101761,100,,
2019-06-28 14:07:00.000000000,101086,196,100830,62,101101,196,99777,196,101224,196,99632,196,101240,196,99631,96,101313,100,,,101465,100,,,101467,100,,,101709,100,,,101759,100,,,101761,100,,
2019-06-28 14:07:10.000000000,101086,482,99777,482,101101,100,99632,100,101224,100,,,101240,100,,,101313,100,,,101465,100,,,101467,100,,,101709,100,,,101759,100,,,101761,100,,
2019-06-28 14:07:14.434335457,101086,482,99777,482,101101,100,99632,100,101224,100,,,101240,100,,,101313,100,,,101465,100,,,101467,100,,,101473,100,,,101709,100,,,101759,100,,
2019-06-28 14:07:15.859210329,101086,482,99777,482,101101,100,99632,100,101224,100,,,101240,100,,,101313,100,,,101368,100,,,101465,100,,,101467,100,,,101473,100,,,101709,100,,
2019-06-28 14:07:16.861997221,101086,382,99777,482,101101,100,99632,100,101224,100,,,101240,100,,,101313,100,,,101368,100,,,101465,100,,,101467,100,,,101709,100,,,101759,100,,
2019-06-28 14:07:20.000000000,101101,196,99777,196,101224,196,99632,196,101240,196,99631,96,101313,196,,,101368,100,,,101465,100,,,101467,100,,,101709,100,,,101759,100,,,101761,100,,
2019-06-28 14:07:20.865245767,101101,96,99777,196,101224,196,99632,196,101240,196,99631,96,101313,196,,,101368,100,,,101465,100,,,101467,100,,,101709,100,,,101759,100,,,101761,100,,
2019-06-28 14:07:29.044723430,101224,196,101101,4,101240,196,99777,196,101313,196,99632,196,101368,100,99631,96,101467,100,,,101709,100,,,101759,100,,,101761,100,,,102002,100,,,,,,
2019-06-28 14:07:30.000000000,101224,230,101101,134,101240,226,99777,226,101313,226,99632,226,101368,100,,,101467,100,,,101709,100,,,101759,100,,,101761,100,,,102002,100,,,,,,
2019-06-28 14:07:40.000000000,101224,482,101101,386,101240,100,99777,100,101313,100,99632,100,101368,100,,,101467,100,,,101709,100,,,101759,100,,,101761,100,,,102002,100,,,,,,
2019-06-28 14:07:50.000000000,101224,291,101101,195,101240,291,99777,291,101313,100,99632,100,101368,100,,,101467,100,,,101709,100,,,101759,100,,,101761,100,,,102002,100,,,,,,
2019-06-28 14:07:56.740524151,101224,291,101101,295,101240,291,99777,291,101313,100,99632,100,101368,100,,,101467,100,,,101709,100,,,101759,100,,,101761,100,,,102002,100,,,,,,
2019-06-28 14:07:58.567611541,101224,191,101101,295,101240,291,99777,291,101313,100,99632,100,101368,100,,,101709,100,,,101759,100,,,101761,100,,,102002,100,,,,,,,,,,
2019-06-28 14:07:59.818474440,101224,191,101101,295,101240,291,99777,291,101313,100,99632,100,101368,100,,,101709,100,,,101759,100,,,101761,100,,,102002,100,,,102115,100,,,,,,
2019-06-28 14:08:00.000000000,101240,482,101101,352,101313,100,99777,100,101368,100,99632,100,101709,100,,,101759,100,,,101761,100,,,102002,100,,,102115,100,,,,,,,,,,
2019-06-28 14:08:10.000000000,101240,176,99777,176,101313,176,99632,176,101368,176,99631,76,101709,176,,,101759,176,,,101761,100,,,102002,100,,,102115,100,,,,,,,,,,
2019-06-28 14:08:14.580086166,101240,176,99777,176,101313,176,99632,176,101368,176,99631,76,101699,100,,,101709,176,,,101759,176,,,101761,100,,,102002,100,,,102115,100,,,,,,
2019-06-28 14:08:20.000000000,101240,230,99777,230,101313,226,99632,226,101368,226,99631,126,101699,100,,,101709,100,,,101759,100,,,101761,100,,,102002,100,,,102115,100,,,,,,
2019-06-28 14:08:30.000000000,101240,291,99777,291,101313,291,99632,291,101368,100,,,101699,100,,,101709,100,,,101759,100,,,101761,100,,,102002,100,,,102115,100,,,,,,
2019-06-28 14:08:35.126823075,101240,291,99777,291,101313,291,99632,291,101368,100,,,101570,100,,,101699,100,,,101709,100,,,101759,100,,,101761,100,,,102002,100,,,102115,100,,
2019-06-28 14:08:40.000000000,101240,230,99777,230,101313,226,99632,226,101368,226,99631,126,101570,100,,,101699,100,,,101709,100,,,101759,100,,,101761,100,,,102002,100,,,102115,100,,
2019-06-28 14:08:40.337649666,101240,230,99777,230,101313,226,99632,226,101368,226,99631,126,101570,100,,,101699,100,,,101709,100,,,101759,100,,,101761,100,,,101870,100,,,102002,100,,
2019-06-28 14:08:43.661844950,101240,230,99777,230,101313,226,99632,226,101368,226,99631,126,101570,100,,,101689,100,,,101699,100,,,101709,100,,,101759,100,,,101761,100,,,101870,100,,
2019-06-28 14:08:46.866729021,101240,130,99777,230,101313,226,99632,226,101368,226,99631,126,101570,100,,,101689,100,,,101699,100,,,101709,100,,,101759,100,,,101761,100,,,101870,100,,
2019-06-28 14:08:50.000000000,101313,196,99777,196,101368,196,99632,196,101570,196,99631,96,101689,196,,,101699,100,,,101709,100,,,101759,100,,,101761,100,,,101870,100,,,102002,100,,
2019-06-28 14:09:00.000000000,101313,482,99777,348,101368,100,99632,100,101570,100,,,101689,100,,,101699,100,,,101709,100,,,101759,100,,,101761,100,,,101870,100,,,102002,100,,
2019-06-28 14:09:10.000000000,101313,196,99632,196,101368,196,99631,96,101570,196,,,101689,196,,,101699,100,,,101709,100,,,101759,100,,,101761,100,,,101870,100,,,102002,100,,
2019-06-28 14:09:19.747630581,101313,196,99632,196,101368,196,99631,96,101570,196,,,101678,100,,,101689,196,,,101699,100,,,101709,100,,,101759,100,,,101761,100,,,101870,100,,
2019-06-28 14:09:20.000000000,101313,176,99632,176,101368,176,99631,76,101570,176,,,101678,176,,,101689,176,,,101699,100,,,101709,100,,,101759,100,,,101761,100,,,101870,100,,
2019-06-28 14:09:30.000000000,101313,291,99632,291,101368,291,99631,191,101570,100,,,101678,100,,,101689,100,,,101699,100,,,101709,100,,,101759,100,,,101761,100,,,101870,100,,
2019-06-28 14:09:40.000000000,101313,482,99632,482,101368,100,,,101570,100,,,101678,100,,,101689,100,,,101699,100,,,101709,100,,,101759,100,,,101761,100,,,101870,100,,
2019-06-28 14:09:47.133852294,101313,482,99777,100,101368,100,99632,482,101570,100,,,101678,100,,,101689,100,,,101699,100,,,101709,100,,,101759,100,,,101761,100,,,101870,100,,
2019-06-28 14:09:50.000000000,101313,291,99777,291,101368,291,99632,291,101570,100,,,101678,100,,,101689,100,,,101699,100,,,101709,100,,,101759,100,,,101761,100,,,101870,100,,
2019-06-28 14:10:00.000000000,101313,196,99777,62,101368,196,99632,196,101570,196,99631,96,101678,196,,,101689,100,,,101699,100,,,101709,100,,,101759,100,,,101761,100,,,101870,100,,
2019-06-28 14:10:05.159710284,101313,196,99777,162,101368,196,99632,196,101570,196,99631,96,101678,196,,,101689,100,,,101699,100,,,101709,100,,,101759,100,,,101761,100,,,101870,100,,
2019-06-28 14:10:09.137663412,101313,196,99777,262,101368,196,99632,196,101570,196,99631,96,101678,196,,,101689,100,,,101699,100,,,101709,100,,,101759,100,,,101761,100,,,101870,100,,
2019-06-28 14:10:10.000000000,101313,196,99777,296,101368,196,99632,196,101570,196,99631,96,101678,196,,,101689,100,,,101699,100,,,101709,100,,,101759,100,,,101761,100,,,101870,100,,
2019-06-28 14:10:19.096689739,101313,96,99777,296,101368,196,99632,196,101570,196,99631,96,101678,196,,,101689,100,,,101699,100,,,101709,100,,,101759,100,,,101761,100,,,101870,100,,
2019-06-28 14:10:20.000000000,101368,176,99777,276,101570,176,99632,176,101678,176,99631,76,101689,176,,,101699,176,,,101709,100,,,101759,100,,,101761,100,,,101870,100,,,,,,
2019-06-28 14:10:30.000000000,101368,291,99777,391,101570,291,99632,291,101678,100,,,101689,100,,,101699,100,,,101709,100,,,101759,100,,,101761,100,,,101870,100,,,,,,
2019-06-28 14:10:37.566999161,101368,291,99777,391,101570,291,99632,291,101678,100,,,101689,100,,,101699,100,,,101709,100,,,101761,100,,,101870,100,,,102245,100,,,,,,
2019-06-28 14:10:40.000000000,101368,291,99777,391,101570,291,99632,291,101678,100,,,101689,100,,,101699,100,,,101709,100,,,101761,100,,,101870,100,,,102245,100,,,,,,
2019-06-28 14:10:50.000000000,101368,176,99777,276,101570,176,99632,176,101678,176,99631,76,101689,176,,,101699,176,,,101709,100,,,101761,100,,,101870,100,,,102245,100,,,,,,
2019-06-28 14:11:00.000000000,101368,482,99777,448,101570,100,99632,100,101678,100,,,101689,100,,,101699,100,,,101709,100,,,101761,100,,,101870,100,,,102245,100,,,,,,
2019-06-28 14:11:06.399183646,101368,482,99777,448,101570,100,99632,100,101678,100,,,101689,100,,,101699,100,,,101761,100,,,101870,100,,,102245,100,,,102423,100,,,,,,
2019-06-28 14:11:10.000000000,101368,291,99777,257,101570,291,99632,291,101678,100,,,101689,100,,,101699,100,,,101761,100,,,101870,100,,,102245,100,,,102423,100,,,,,,
2019-06-28 14:11:20.000000000,101368,176,99777,142,101570,176,99632,176,101678,176,99631,76,101689,176,,,101699,176,,,101761,100,,,101870,100,,,102245,100,,,102423,100,,,,,,
2019-06-28 14:11:30.000000000,101368,291,99777,257,101570,291,99632,291,101678,100,,,101689,100,,,101699,100,,,101761,100,,,101870,100,,,102245,100,,,102423,100,,,,,,
2019-06-28 14:11:35.490022917,101368,291,99777,257,101570,191,99632,291,101678,100,,,101689,100,,,101699,100,,,101761,100,,,101870,100,,,102126,100,,,102245,100,,,102423,100,,
2019-06-28 14:11:36.117759527,101368,291,99777,357,101570,191,99632,291,101678,100,,,101689,100,,,101699,100,,,101761,100,,,101870,100,,,102126,100,,,102245,100,,,102423,100,,
2019-06-28 14:11:40.000000000,101368,291,99777,357,101678,291,99632,291,101689,100,,,101699,100,,,101761,100,,,101870,100,,,102126,100,,,102245,100,,,102423,100,,,,,,
2019-06-28 14:11:50.000000000,101368,482,99777,548,101678,100,99632,100,101689,100,,,101699,100,,,101761,100,,,101870,100,,,102126,100,,,102245,100,,,102423,100,,,,,,
2019-06-28 14:11:53.737624573,101368,482,99777,548,101678,100,99632,100,101689,100,,,101699,100,,,101761,100,,,101870,100,,,102121,100,,,102126,100,,,102245,100,,,102423,100,,
2019-06-28 14:12:00.000000000,101368,176,99777,108,101678,176,99632,176,101689,176,99631,76,101699,176,,,101761,176,,,101870,100,,,102121,100,,,102126,100,,,102245,100,,,102423,100,,
2019-06-28 14:12:10.000000000,101368,482,99777,414,101678,100,99632,100,101689,100,,,101699,100,,,101761,100,,,101870,100,,,102121,100,,,102126,100,,,102245,100,,,102423,100,,
2019-06-28 14:12:11.241108019,101368,482,99777,414,101678,100,99632,100,101689,100,,,101699,100,,,101761,100,,,101850,100,,,101870,100,,,102121,100,,,102245,100,,,102423,100,,
2019-06-28 14:12:20.000000000,101368,291,99777,223,101678,291,99632,291,101689,100,,,101699,100,,,101761,100,,,101850,100,,,101870,100,,,102121,100,,,102245,100,,,102423,100,,
2019-06-28 14:12:20.011011184,101368,291,99777,323,101678,291,99632,291,101689,100,,,101699,100,,,101761,100,,,101850,100,,,101870,100,,,102121,100,,,102245,100,,,102423,100,,
2019-06-28 14:12:30.000000000,101368,230,99777,262,101678,226,99632,226,101689,226,99631,126,101699,100,,,101761,100,,,101850,100,,,101870,100,,,102121,100,,,102245,100,,,102423,100,,
2019-06-28 14:12:31.340579987,101368,230,99777,262,101482,100,99632,226,101678,226,99631,126,101689,226,,,101699,100,,,101761,100,,,101850,100,,,101870,100,,,102121,100,,,102245,100,,
2019-06-28 14:12:32.138483996,101368,230,99777,262,101482,100,99632,226,101678,226,99631,126,101689,226,,,101761,100,,,101776,100,,,101850,100,,,101870,100,,,102121,100,,,102245,100,,
2019-06-28 14:12:40.000000000,101368,230,99777,262,101482,226,99632,226,101678,226,99631,126,101689,100,,,101761,100,,,101776,100,,,101850,100,,,101870,100,,,102121,100,,,102245,100,,
2019-06-28 14:12:50.000000000,101368,176,99777,208,101482,176,99632,176,101678,176,99631,76,101689,176,,,101761,176,,,101776,100,,,101850,100,,,101870,100,,,102121,100,,,102245,100,,
2019-06-28 14:12:51.072214678,101368,176,99777,308,101482,176,99632,176,101678,176,99631,76,101689,176,,,101761,176,,,101776,100,,,101850,100,,,101870,100,,,102121,100,,,102245,100,,
2019-06-28 14:13:00.000000000,101368,176,99777,174,101482,176,99632,176,101678,176,99631,76,101689,176,,,101761,176,,,101776,100,,,101850,100,,,101870,100,,,102121,100,,,102245,100,,
2019-06-28 14:13:00.863656889,101368,176,99777,174,101482,176,99632,76,101678,176,99631,76,101689,176,,,101761,176,,,101776,100,,,101850,100,,,101867,100,,,101870,100,,,102121,100,,
2019-06-28 14:13:01.007961090,101368,176,99777,274,101482,176,99632,76,101678,176,99631,76,101689,176,,,101761,176,,,101776,100,,,101850,100,,,101867,100,,,101870,100,,,102121,100,,
2019-06-28 14:13:10.000000000,101368,291,99777,389,101482,291,99776,191,101678,100,,,101689,100,,,101761,100,,,101776,100,,,101850,100,,,101867,100,,,101870,100,,,102121,100,,
2019-06-28 14:13:20.000000000,101368,482,99777,580,101482,100,,,101678,100,,,101689,100,,,101761,100,,,101776,100,,,101850,100,,,101867,100,,,101870,100,,,102121,100,,
2019-06-28 14:13:29.269682127,101368,382,99777,580,101482,100,,,101678,100,,,101689,100,,,101761,100,,,101776,100,,,101850,100,,,101867,100,,,101870,100,,,102121,100,,
2019-06-28 14:13:30.000000000,101482,482,99777,580,101678,100,,,101689,100,,,101761,100,,,101776,100,,,101850,100,,,101867,100,,,101870,100,,,102121,100,,,102245,100,,
2019-06-28 14:13:39.706413618,101482,382,99777,580,101678,100,,,101689,100,,,101761,100,,,101776,100,,,101850,100,,,101867,100,,,101870,100,,,102121,100,,,102245,100,,
2019-06-28 14:13:40.000000000,101678,482,99777,580,101689,100,,,101761,100,,,101776,100,,,101850,100,,,101867,100,,,101870,100,,,102121,100,,,102245,100,,,102423,100,,
2019-06-28 14:13:40.479057800,101678,482,101368,100,101689,100,99777,580,101761,100,,,101776,100,,,101850,100,,,101867,100,,,101870,100,,,102121,100,,,102245,100,,,102423,100,,
2019-06-28 14:13:50.000000000,101678,176,101368,176,101689,176,99777,274,101761,176,99776,76,101776,176,,,101850,176,,,101867,100,,,101870,100,,,102121,100,,,102245,100,,,102423,100,,
2019-06-28 14:14:00.000000000,101678,230,101368,96,101689,226,99777,324,101761,226,99776,126,101776,100,,,101850,100,,,101867,100,,,101870,100,,,102121,100,,,102245,100,,,102423,100,,
2019-06-28 14:14:10.000000000,101678,196,99777,294,101689,196,99776,96,101761,196,,,101776,196,,,101850,100,,,101867,100,,,101870,100,,,102121,100,,,102245,100,,,102423,100,,
2019-06-28 14:14:19.826335652,101678,196,101354,100,101689,196,99777,294,101761,196,99776,96,101776,196,,,101850,100,,,101867,100,,,101870,100,,,102121,100,,,102245,100,,,102423,100,,
2019-06-28 14:14:20.000000000,101678,176,101354,176,101689,176,99777,274,101761,176,99776,76,101776,176,,,101850,176,,,101867,100,,,101870,100,,,102121,100,,,102245,100,,,102423,100,,
2019-06-28 14:14:22.154373204,101678,76,101354,176,101689,176,101249,100,101761,176,99777,274,101776,176,99776,76,101850,176,,,101867,100,,,101870,100,,,102121,100,,,102245,100,,,102423,100,,
2019-06-28 14:14:30.000000000,101689,176,101354,176,101761,176,101249,176,101776,176,99777,274,101850,176,99776,76,101867,176,,,101870,100,,,102121,100,,,102245,100,,,102423,100,,,,,,
2019-06-28 14:14:40.000000000,101689,196,101354,196,101761,196,101249,196,101776,196,99777,294,101850,196,99776,96,101867,100,,,101870,100,,,102121,100,,,102245,100,,,102423,100,,,,,,
2019-06-28 14:14:46.638402905,101689,196,101412,100,101761,196,101354,196,101776,196,101249,196,101850,196,99777,294,101867,100,99776,96,101870,100,,,102121,100,,,102245,100,,,102423,100,,,,,,
2019-06-28 14:14:50.000000000,101689,196,101412,196,101761,196,101354,196,101776,196,101249,196,101850,196,99777,294,101867,100,,,101870,100,,,102121,100,,,102245,100,,,102423,100,,,,,,
2019-06-28 14:14:55.103455062,101689,196,101412,96,101761,196,101354,196,101776,196,101249,196,101850,196,99777,294,101867,100,,,101870,100,,,102121,100,,,102245,100,,,102423,100,,,,,,
2019-06-28 14:15:00.000000000,101689,291,101354,157,101761,291,101249,291,101776,100,99777,198,101850,100,,,101867,100,,,101870,100,,,102121,100,,,102245,100,,,102423,100,,,,,,
2019-06-28 14:15:08.270420033,101689,291,101354,157,101761,291,101249,291,101776,100,99777,98,101850,100,,,101867,100,,,101870,100,,,102121,100,,,102245,100,,,102423,100,,,,,,
2019-06-28 14:15:10.000000000,101689,291,101249,291,101761,291,99777,289,101776,100,,,101850,100,,,101867,100,,,101870,100,,,102121,100,,,102245,100,,,102423,100,,,,,,
2019-06-28 14:15:20.000000000,101689,482,101249,482,101761,100,99777,98,101776,100,,,101850,100,,,101867,100,,,101870,100,,,102121,100,,,102245,100,,,102423,100,,,,,,
2019-06-28 14:15:29.426307033,101689,482,101249,382,101761,100,99777,98,101850,100,,,101867,100,,,101870,100,,,102121,100,,,102245,100,,,102423,100,,,,,,,,,,
2019-06-28 14:15:30.000000000,101689,176,99777,174,101761,176,99776,76,101850,176,,,101867,176,,,101870,176,,,102121,100,,,102245,100,,,102423,100,,,,,,,,,,
2019-06-28 14:15:40.000000000,101689,291,99777,289,101761,291,99776,191,101850,100,,,101867,100,,,101870,100,,,102121,100,,,102245,100,,,102423,100,,,,,,,,,,
2019-06-28 14:15:40.536276001,101209,100,99777,289,101689,291,99776,191,101761,291,,,101850,100,,,101867,100,,,101870,100,,,102121,100,,,102245,100,,,102423,100,,,,,,
2019-06-28 14:15:50.000000000,101209,482,99777,480,101689,100,,,101761,100,,,101850,100,,,101867,100,,,101870,100,,,102121,100,,,102245,100,,,102423,100,,,,,,
2019-06-28 14:15:53.673184645,101209,482,99777,480,101382,100,,,101689,100,,,101761,100,,,101850,100,,,101867,100,,,101870,100,,,102121,100,,,102245,100,,,102423,100,,
2019-06-28 14:16:00.000000000,101209,176,99777,40,101382,176,99776,76,101689,176,,,101761,176,,,101850,176,,,101867,100,,,101870,100,,,102121,100,,,102245,100,,,102423,100,,
2019-06-28 14:16:05.742629722,101209,176,99777,140,101382,176,99776,76,101689,176,,,101761,176,,,101850,176,,,101867,100,,,101870,100,,,102121,100,,,102245,100,,,102423,100,,
2019-06-28 14:16:10.000000000,101209,291,99777,291,101382,291,99776,191,101689,100,,,101761,100,,,101850,100,,,101867,100,,,101870,100,,,102121,100,,,102245,100,,,102423,100,,
2019-06-28 14:16:13.975498717,101209,291,101153,100,101382,291,99777,291,101689,100,99776,191,101761,100,,,101850,100,,,101867,100,,,101870,100,,,102121,100,,,102245,100,,,102423,100,,
2019-06-28 14:16:20.000000000,101209,230,101153,230,101382,226,99777,226,101689,226,99776,126,101761,100,,,101850,100,,,101867,100,,,101870,100,,,102121,100,,,102245,100,,,102423,100,,
2019-06-28 14:16:24.444702252,101209,230,101153,230,101382,226,99777,326,101689,226,99776,126,101761,100,,,101850,100,,,101867,100,,,101870,100,,,102121,100,,,102245,100,,,102423,100,,
2019-06-28 14:16:30.000000000,101209,482,101153,482,101382,100,99777,200,101689,100,,,101761,100,,,101850,100,,,101867,100,,,101870,100,,,102121,100,,,102245,100,,,102423,100,,
2019-06-28 14:16:38.755180878,101209,482,101153,482,101382,100,99777,200,101689,100,,,101824,100,,,101850,100,,,101867,100,,,101870,100,,,102121,100,,,102245,100,,,102423,100,,
2019-06-28 14:16:40.000000000,101209,291,101153,291,101382,291,99777,391,101689,100,,,101824,100,,,101850,100,,,101867,100,,,101870,100,,,102121,100,,,102245,100,,,102423,100,,
2019-06-28 14:16:50.000000000,101209,482,101153,482,101382,100,99777,200,101689,100,,,101824,100,,,101850,100,,,101867,100,,,101870,100,,,102121,100,,,102245,100,,,102423,100,,
2019-06-28 14:17:00.000000000,101209,196,101153,62,101382,196,99777,296,101689,196,99776,96,101824,196,,,101850,100,,,101867,100,,,101870,100,,,102121,100,,,102245,100,,,102423,100,,
2019-06-28 14:17:03.780137537,101209,196,101153,162,101382,196,99777,296,101689,196,99776,96,101824,196,,,101850,100,,,101867,100,,,101870,100,,,102121,100,,,102245,100,,,102423,100,,
2019-06-28 14:17:10.000000000,101209,291,101153,291,101382,291,99777,391,101689,100,,,101824,100,,,101850,100,,,101867,100,,,101870,100,,,102121,100,,,102245,100,,,102423,100,,
2019-06-28 14:17:20.000000000,101209,176,101153,176,101382,176,99777,276,101689,176,99776,76,101824,176,,,101850,176,,,101867,100,,,101870,100,,,102121,100,,,102245,100,,,102423,100,,
2019-06-28 14:17:23.269786281,101209,176,101153,76,101382,176,99777,276,101689,176,99776,76,101824,176,,,101850,176,,,101867,100,,,101870,100,,,102121,100,,,102245,100,,,102423,100,,
2019-06-28 14:17:30.000000000,101209,176,99777,276,101382,176,99776,76,101689,176,,,101824,176,,,101850,176,,,101867,100,,,101870,100,,,102121,100,,,102245,100,,,102423,100,,
2019-06-28 14:17:40.000000000,101209,176,99777,276,101382,176,99776,76,101689,176,,,101824,176,,,101850,176,,,101867,100,,,101870,100,,,102121,100,,,102245,100,,,102423,100,,
2019-06-28 14:17:40.481856730,101209,76,99777,276,101382,176,99776,76,101689,176,,,101824,176,,,101850,176,,,101867,100,,,102121,100,,,102245,100,,,102423,100,,,,,,
2019-06-28 14:17:50.000000000,101382,176,99777,276,101689,176,99776,76,101824,176,,,101850,176,,,101867,176,,,102121,100,,,102245,100,,,102423,100,,,,,,,,,,
2019-06-28 14:18:00.000000000,101382,196,99777,162,101689,196,99776,96,101824,196,,,101850,196,,,101867,100,,,102121,100,,,102245,100,,,102423,100,,,,,,,,,,
2019-06-28 14:18:08.869190813,101382,196,99777,162,101533,100,99776,96,101689,196,,,101824,196,,,101850,196,,,101867,100,,,102121,100,,,102245,100,,,,,,,,,,
2019-06-28 14:18:10.000000000,101382,482,99777,448,101533,100,,,101689,100,,,101824,100,,,101850,100,,,101867,100,,,102121,100,,,102245,100,,,,,,,,,,
2019-06-28 14:18:13.212802916,101169,100,99777,448,101382,482,,,101533,100,,,101824,100,,,101850,100,,,101867,100,,,102121,100,,,102245,100,,,,,,,,,,
2019-06-28 14:18:20.000000000,101169,291,99777,257,101382,291,99776,191,101533,100,,,101824,100,,,101850,100,,,101867,100,,,102121,100,,,102245,100,,,,,,,,,,
2019-06-28 14:18:29.809180179,101169,291,99777,357,101382,291,99776,191,101533,100,,,101824,100,,,101850,100,,,101867,100,,,102121,100,,,102245,100,,,,,,,,,,
2019-06-28 14:18:30.000000000,101169,482,99777,548,101382,100,,,101533,100,,,101824,100,,,101850,100,,,101867,100,,,102121,100,,,102245,100,,,,,,,,,,
2019-06-28 14:18:40.000000000,101169,291,99777,357,101382,291,99776,191,101533,100,,,101824,100,,,101850,100,,,101867,100,,,102121,100,,,102245,100,,,,,,,,,,
2019-06-28 14:18:43.656346549,101169,291,101081,100,101382,291,99777,357,101533,100,99776,191,101824,100,,,101850,100,,,101867,100,,,102121,100,,,102245,100,,,,,,,,,,
2019-06-28 14:18:50.000000000,101169,291,101081,291,101382,291,99777,357,101533,100,,,101824,100,,,101850,100,,,101867,100,,,102121,100,,,102245,100,,,,,,,,,,
2019-06-28 14:18:50.114752514,101169,191,101081,291,101382,291,99777,357,101533,100,,,101824,100,,,101850,100,,,101867,100,,,102121,100,,,102245,100,,,,,,,,,,
2019-06-28 14:18:51.120463406,101169,191,101081,291,101309,100,99777,357,101382,291,,,101533,100,,,101824,100,,,101850,100,,,101867,100,,,102121,100,,,102245,100,,,,,,
2019-06-28 14:19:00.000000000,101309,157,101081,291,101382,291,99777,357,101533,100,,,101824,100,,,101850,100,,,101867,100,,,102121,100,,,102245,100,,,,,,,,,,
2019-06-28 14:19:02.494175342,101309,57,101081,291,101382,291,99777,357,101533,100,,,101824,100,,,101850,100,,,101867,100,,,102121,100,,,102245,100,,,,,,,,,,
2019-06-28 14:19:04.389482131,101309,57,101081,291,101382,291,99777,357,101533,100,,,101824,100,,,101850,100,,,101867,100,,,101939,100,,,102121,100,,,102245,100,,,,,,
2019-06-28 14:19:10.000000000,101382,482,101081,482,101533,100,99777,166,101824,100,,,101850,100,,,101867,100,,,101939,100,,,102121,100,,,102245,100,,,,,,,,,,
2019-06-28 14:19:15.536696275,101382,382,101081,482,101533,100,99777,166,101824,100,,,101850,100,,,101867,100,,,101939,100,,,102121,100,,,102245,100,,,,,,,,,,
2019-06-28 14:19:20.000000000,101533,176,101081,176,101824,176,99777,242,101850,176,99776,76,101867,176,,,101939,176,,,102121,100,,,102245,100,,,,,,,,,,,,,,
2019-06-28 14:19:23.234623479,101533,176,101081,176,101821,100,99777,242,101824,176,99776,76,101850,176,,,101867,176,,,101939,76,,,102121,100,,,102245,100,,,,,,,,,,
2019-06-28 14:19:26.136798991,101533,176,101513,100,101821,100,101081,176,101824,176,99777,242,101850,176,99776,76,101867,176,,,101939,76,,,102121,100,,,102245,100,,,,,,,,,,
2019-06-28 14:19:30.000000000,101533,196,101513,196,101821,196,101081,196,101824,196,99777,262,101850,196,99776,96,101867,100,,,102121,100,,,102245,100,,,,,,,,,,,,,,
2019-06-28 14:19:40.000000000,101533,176,101513,176,101821,176,101081,176,101824,176,99777,242,101850,176,99776,76,101867,176,,,102121,100,,,102245,100,,,,,,,,,,,,,,
2019-06-28 14:19:50.000000000,101533,482,101513,482,101821,100,101081,100,101824,100,99777,166,101850,100,,,101867,100,,,102121,100,,,102245,100,,,,,,,,,,,,,,
2019-06-28 14:20:00.000000000,101533,62,101513,196,101821,196,101081,196,101824,196,99777,262,101850,196,99776,96,101867,100,,,102121,100,,,102245,100,,,,,,,,,,,,,,
2019-06-28 14:20:10.000000000,101821,230,101513,230,101824,226,101081,226,101850,226,99777,292,101867,100,,,102121,100,,,102245,100,,,,,,,,,,,,,,,,,,
2019-06-28 14:20:18.842455661,101821,230,101513,230,101824,226,101081,226,101850,226,101036,100,102121,100,99777,292,102245,100,,,,,,,,,,,,,,,,,,,,,,
2019-06-28 14:20:20.000000000,101821,176,101513,176,101824,176,101081,176,101850,176,101036,176,102121,176,99777,242,102245,176,99776,76,,,,,,,,,,,,,,,,,,,,
2019-06-28 14:20:24.788114357,101821,176,101513,176,101824,176,101179,100,101850,176,101081,176,102121,176,101036,176,102245,176,99777,242,,,99776,76,,,,,,,,,,,,,,,,
2019-06-28 14:20:30.000000000,101821,482,101513,482,101824,100,101179,100,101850,100,101081,100,102121,100,101036,100,102245,100,99777,166,,,,,,,,,,,,,,,,,,,,
2019-06-28 14:20:40.000000000,101821,291,101513,291,101824,291,101179,291,101850,100,101081,100,102121,100,101036,100,102245,100,99777,166,,,,,,,,,,,,,,,,,,,,
2019-06-28 14:20:50.000000000,101821,291,101513,291,101824,291,101179,291,101850,100,101081,100,102121,100,101036,100,102245,100,99777,166,,,,,,,,,,,,,,,,,,,,
2019-06-28 14:20:50.231715786,101821,191,101513,191,101824,291,101179,291,101850,100,101081,100,102121,100,101036,100,102245,100,99777,166,,,,,,,,,,,,,,,,,,,,
2019-06-28 14:20:53.965421351,101821,191,101513,191,101824,291,101179,291,101850,100,101081,100,102121,100,101036,100,102245,100,100849,100,,,99777,166,,,,,,,,,,,,,,,,
2019-06-28 14:21:00.000000000,101824,42,101179,176,101850,176,101081,176,102121,176,101036,176,102245,176,100849,176,102246,76,99777,242,,,,,,,,,,,,,,,,,,,,
2019-06-28 14:21:04.930009274,101824,42,101179,76,101850,176,101081,176,102121,176,101036,176,102245,176,100849,176,102246,76,99777,242,,,,,,,,,,,,,,,,,,,,
2019-06-28 14:21:09.920395984,101179,24,101081,176,101824,42,101036,176,101850,176,100849,76,102121,176,99777,242,102245,176,,,102246,76,,,,,,,,,,,,,,,,,,
2019-06-28 14:21:10.000000000,101179,100,101081,176,101850,176,101036,176,102121,176,99777,242,102245,176,99776,76,102246,76,,,,,,,,,,,,,,,,,,,,,,
2019-06-28 14:21:15.988611802,101179,200,101081,176,101850,176,101036,176,102121,176,99777,242,102245,176,99776,76,102246,76,,,,,,,,,,,,,,,,,,,,,,
2019-06-28 14:21:20.000000000,101179,315,101081,291,101850,291,101036,291,102121,100,99777,166,102245,100,,,,,,,,,,,,,,,,,,,,,,,,,,
2019-06-28 14:21:30.000000000,101179,315,101081,291,101850,291,101036,291,102121,100,99777,166,102245,100,,,,,,,,,,,,,,,,,,,,,,,,,,
2019-06-28 14:21:40.000000000,101179,315,101081,291,101850,291,101036,291,102121,100,99777,166,102245,100,,,,,,,,,,,,,,,,,,,,,,,,,,
2019-06-28 14:21:50.000000000,101179,220,101081,196,101850,196,101036,196,102121,196,99777,262,102245,196,99776,96,,,,,,,,,,,,,,,,,,,,,,,,
2019-06-28 14:21:51.374364057,101179,220,101081,96,101850,196,101036,196,102121,196,99777,262,102245,196,99776,96,,,,,,,,,,,,,,,,,,,,,,,,
2019-06-28 14:21:57.832502774,101179,220,101081,96,101850,196,101036,196,102121,196,100654,100,102245,196,99777,262,,,99776,96,,,,,,,,,,,,,,,,,,,,
2019-06-28 14:22:00.000000000,101179,181,101036,291,101850,291,100654,291,102121,100,99777,166,102245,100,,,,,,,,,,,,,,,,,,,,,,,,,,
2019-06-28 14:22:10.000000000,101850,176,101036,176,102121,176,100654,176,102245,176,99777,242,102246,76,99776,76,,,,,,,,,,,,,,,,,,,,,,,,
2019-06-28 14:22:20.000000000,101850,176,101036,176,102121,176,100654,176,102245,176,99777,242,102246,76,99776,76,,,,,,,,,,,,,,,,,,,,,,,,
2019-06-28 14:22:24.876022634,101850,176,101036,176,102121,176,100738,100,102245,176,100654,176,102246,76,99777,242,,,99776,76,,,,,,,,,,,,,,,,,,,,
2019-06-28 14:22:30.000000000,101850,230,101036,230,102121,226,100738,226,102245,226,100654,226,,,99777,166,,,,,,,,,,,,,,,,,,,,,,,,
2019-06-28 14:22:31.672027641,101850,230,101036,230,102121,226,100750,100,102245,226,100738,226,,,100654,226,,,99777,166,,,,,,,,,,,,,,,,,,,,
2019-06-28 14:22:40.000000000,101850,176,101036,176,102121,176,100750,176,102245,176,100738,176,102246,76,100654,176,,,99777,242,,,,,,,,,,,,,,,,,,,,
2019-06-28 14:22:41.620420613,101850,176,101036,176,102121,176,100943,100,102245,176,100750,176,102246,76,100738,176,,,100654,176,,,99777,242,,,,,,,,,,,,,,,,
2019-06-28 14:22:50.000000000,101850,230,101036,230,102121,226,100943,226,102245,226,100750,226,,,100738,100,,,100654,100,,,99777,166,,,,,,,,,,,,,,,,
2019-06-28 14:22:50.183545256,101047,100,101036,230,101850,230,100943,226,102121,226,100750,226,102245,226,100738,100,,,100654,100,,,99777,166,,,,,,,,,,,,,,,,
2019-06-28 14:23:00.000000000,101047,157,101036,291,101850,291,100943,291,102121,100,100750,100,102245,100,100738,100,,,100654,100,,,99777,166,,,,,,,,,,,,,,,,
2019-06-28 14:23:09.231311669,101047,157,101036,291,101083,100,100943,291,101850,291,100750,100,102121,100,100738,100,102245,100,100654,100,,,99777,166,,,,,,,,,,,,,,,,
2019-06-28 14:23:10.000000000,101083,176,101036,176,101850,176,100943,176,102121,176,100750,176,102245,176,100738,176,102246,76,100654,176,,,99777,166,,,,,,,,,,,,,,,,
2019-06-28 14:23:20.000000000,101083,291,101036,291,101850,291,100943,291,102121,100,100750,100,102245,100,100738,100,,,100654,100,,,99777,166,,,,,,,,,,,,,,,,
2019-06-28 14:23:30.000000000,101083,291,101036,291,101850,291,100943,291,102121,100,100750,100,102245,100,100738,100,,,100654,100,,,99777,166,,,,,,,,,,,,,,,,
2019-06-28 14:23:40.000000000,101083,291,101036,291,101850,291,100943,291,102121,100,100750,100,102245,100,100738,100,,,100654,100,,,99777,166,,,,,,,,,,,,,,,,
2019-06-28 14:23:50.000000000,101083,176,101036,176,101850,176,100943,176,102121,176,100750,176,102245,176,100738,176,102246,76,100654,176,,,99777,166,,,,,,,,,,,,,,,,
2019-06-28 14:23:50.205524617,101083,176,101036,76,101850,176,100943,176,102121,176,100750,176,102245,176,100738,176,102246,76,100654,176,,,99777,166,,,,,,,,,,,,,,,,
2019-06-28 14:23:51.142932214,101047,100,101036,76,101083,176,100943,176,101850,176,100750,176,102121,176,100738,176,102245,176,100654,176,102246,76,99777,166,,,,,,,,,,,,,,,,
2019-06-28 14:24:00.000000000,101047,348,100943,482,101083,100,100750,100,101850,100,100738,100,102121,100,100654,100,102245,100,99777,166,,,,,,,,,,,,,,,,,,,,
2019-06-28 14:24:00.341198020,101047,348,100943,482,101083,100,100750,100,101296,100,100738,100,101850,100,100654,100,102121,100,99777,166,102245,100,,,,,,,,,,,,,,,,,,
2019-06-28 14:24:02.031125865,101047,348,100994,100,101083,100,100943,482,101296,100,100750,100,101850,100,100738,100,102121,100,100654,100,102245,100,99777,166,,,,,,,,,,,,,,,,
2019-06-28 14:24:10.000000000,101083,291,100994,291,101296,291,100943,291,101850,100,100750,100,102121,100,100738,100,102245,100,100654,100,,,99777,166,,,,,,,,,,,,,,,,
2019-06-28 14:24:20.000000000,101083,291,100994,291,101296,291,100943,291,101850,100,100750,100,102121,100,100738,100,102245,100,100654,100,,,99777,166,,,,,,,,,,,,,,,,
2019-06-28 14:24:28.043360396,101083,291,100994,291,101102,100,100943,291,101296,291,100750,100,101850,100,100738,100,102121,100,100654,100,102245,100,99777,166,,,,,,,,,,,,,,,,
2019-06-28 14:24:30.000000000,101083,291,100994,291,101102,291,100943,291,101296,100,100750,100,101850,100,100738,100,102121,100,100654,100,102245,100,99777,166,,,,,,,,,,,,,,,,
2019-06-28 14:24:40.000000000,101083,482,100994,482,101102,100,100943,100,101296,100,100750,100,101850,100,100738,100,102121,100,100654,100,102245,100,99777,166,,,,,,,,,,,,,,,,
2019-06-28 14:24:46.901427041,101083,482,100994,382,101102,100,100943,100,101296,100,100750,100,101850,100,100738,100,102121,100,100654,100,102245,100,99777,166,,,,,,,,,,,,,,,,
2019-06-28 14:24:50.000000000,101083,230,100943,230,101102,226,100750,226,101296,226,100738,226,101850,100,100654,100,102121,100,99777,166,102245,100,,,,,,,,,,,,,,,,,,
2019-06-28 14:25:00.000000000,101083,62,100943,196,101102,196,100750,196,101296,196,100738,196,101850,196,100654,196,102121,100,99777,166,102245,100,,,,,,,,,,,,,,,,,,
2019-06-28 14:25:07.259023659,101102,196,101083,38,101296,196,100943,196,101850,196,100750,196,102121,100,100738,196,102245,100,100654,196,,,99777,166,,,,,,,,,,,,,,,,
2019-06-28 14:25:10.000000000,101102,482,101083,420,101296,100,100943,100,101850,100,100750,100,102121,100,100738,100,102245,100,100654,100,,,99777,166,,,,,,,,,,,,,,,,
2019-06-28 14:25:10.295458032,101102,482,101083,520,101296,100,100943,100,101850,100,100750,100,102121,100,100738,100,102245,100,100654,100,,,99777,66,,,,,,,,,,,,,,,,
2019-06-28 14:25:20.000000000,101102,196,101083,234,101296,196,100943,196,101850,196,100750,196,102121,196,100738,196,102245,100,100654,100,,,99777,66,,,,,,,,,,,,,,,,
2019-06-28 14:25:30.000000000,101102,291,101083,329,101296,291,100943,291,101850,100,100750,100,102121,100,100738,100,102245,100,100654,100,,,99777,66,,,,,,,,,,,,,,,,
2019-06-28 14:25:34.842727891,101102,291,101083,329,101296,291,100943,291,101388,100,100750,100,101850,100,100738,100,102121,100,100654,100,102245,100,99777,66,,,,,,,,,,,,,,,,
2019-06-28 14:25:35.620960595,101102,291,101083,429,101296,291,100943,291,101388,100,100750,100,101850,100,100738,100,102121,100,100654,100,102245,100,99777,66,,,,,,,,,,,,,,,,
2019-06-28 14:25:40.000000000,101102,196,101083,334,101296,196,100943,196,101388,196,100750,196,101850,196,100738,196,102121,100,100654,100,102245,100,99777,66,,,,,,,,,,,,,,,,
2019-06-28 14:25:50.000000000,101102,230,101083,368,101296,226,100943,226,101388,226,100750,226,101850,100,100738,100,102121,100,100654,100,102245,100,99777,66,,,,,,,,,,,,,,,,
2019-06-28 14:26:00.000000000,101102,96,101083,368,101296,226,100943,226,101388,226,100750,226,101850,100,100738,100,102121,100,100654,100,102245,100,99777,66,,,,,,,,,,,,,,,,
2019-06-28 14:26:10.000000000,101296,482,101083,620,101388,100,100943,100,101850,100,100750,100,102121,100,100738,100,102245,100,100654,100,,,99777,66,,,,,,,,,,,,,,,,
2019-06-28 14:26:20.000000000,101296,176,101083,314,101388,176,100943,176,101850,176,100750,176,102121,176,100738,176,102245,176,100654,176,,,99777,66,,,,,,,,,,,,,,,,
2019-06-28 14:26:22.321478520,101296,176,101083,314,101388,176,100943,176,101850,176,100750,176,102121,176,100738,176,102245,176,100654,176,,,100447,100,,,99777,66,,,,,,,,,,,,
2019-06-28 14:26:30.000000000,101296,230,101083,368,101388,226,100943,226,101850,226,100750,226,102121,100,100738,100,102245,100,100654,100,,,100447,100,,,99777,66,,,,,,,,,,,,
2019-06-28 14:26:40.000000000,101296,176,101083,314,101388,176,100943,176,101850,176,100750,176,102121,176,100738,176,102245,176,100654,176,,,100447,100,,,99777,66,,,,,,,,,,,,
2019-06-28 14:26:50.000000000,101296,196,101083,334,101388,196,100943,196,101850,196,100750,196,102121,196,100738,196,102245,100,100654,100,,,100447,100,,,99777,66,,,,,,,,,,,,
2019-06-28 14:27:00.000000000,101296,348,101083,620,101388,100,100943,100,101850,100,100750,100,102121,100,100738,100,102245,100,100654,100,,,100447,100,,,99777,66,,,,,,,,,,,,
2019-06-28 14:27:10.000000000,101388,291,101083,429,101850,291,100943,291,102121,100,100750,100,102245,100,100738,100,,,100654,100,,,100447,100,,,99777,66,,,,,,,,,,,,
2019-06-28 14:27:20.000000000,101388,176,101083,314,101850,176,100943,176,102121,176,100750,176,102245,176,100738,176,102246,76,100654,176,,,100447,100,,,99777,66,,,,,,,,,,,,
2019-06-28 14:27:22.335784961,101296,100,101083,314,101388,176,100943,176,101850,176,100750,176,102121,176,100738,176,102245,176,100654,176,102246,76,100447,100,,,99777,66,,,,,,,,,,,,
2019-06-28 14:27:30.000000000,101296,230,101083,368,101388,226,100943,226,101850,226,100750,226,102121,100,100738,100,102245,100,100654,100,,,100447,100,,,99777,66,,,,,,,,,,,,
2019-06-28 14:27:30.779801245,101296,230,101083,368,101388,226,101023,100,101850,226,100943,226,102121,100,100750,226,102245,100,100738,100,,,100654,100,,,100447,100,,,99777,66,,,,,,,,
2019-06-28 14:27:40.000000000,101296,176,101083,314,101388,176,101023,176,101850,176,100943,176,102121,176,100750,176,102245,176,100738,176,,,100654,100,,,100447,100,,,99777,66,,,,,,,,
2019-06-28 14:27:50.000000000,101296,291,101083,429,101388,291,101023,291,101850,100,100943,100,102121,100,100750,100,102245,100,100738,100,,,100654,100,,,100447,100,,,99777,66,,,,,,,,
2019-06-28 14:28:00.000000000,101296,157,101083,429,101388,291,101023,291,101850,100,100943,100,102121,100,100750,100,102245,100,100738,100,,,100654,100,,,100447,100,,,99777,66,,,,,,,,
2019-06-28 14:28:01.833379016,101296,257,101083,429,101388,291,101023,291,101850,100,100943,100,102121,100,100750,100,102245,100,100738,100,,,100654,100,,,100447,100,,,99777,66,,,,,,,,
2019-06-28 14:28:10.000000000,101296,482,101083,620,101388,100,101023,100,101850,100,100943,100,102121,100,100750,100,102245,100,100738,100,,,100654,100,,,100447,100,,,99777,66,,,,,,,,
2019-06-28 14:28:11.811662786,101278,100,101083,620,101296,482,100943,100,101388,100,100750,100,101850,100,100738,100,102121,100,100654,100,102245,100,100447,100,,,99777,66,,,,,,,,,,,,
2019-06-28 14:28:12.506706485,101278,100,101083,620,101296,582,100943,100,101388,100,100750,100,101850,100,100738,100,102121,100,100654,100,102245,100,100447,100,,,99777,66,,,,,,,,,,,,
2019-06-28 14:28:20.000000000,101278,196,101083,334,101296,296,100943,196,101388,196,100750,196,101850,196,100738,196,102121,100,100654,100,102245,100,100447,100,,,99777,66,,,,,,,,,,,,
2019-06-28 14:28:29.951263807,101278,196,101128,100,101296,296,101083,334,101388,196,100943,196,101850,196,100750,196,102121,100,100738,196,102245,100,100654,100,,,100447,100,,,99777,66,,,,,,,,
2019-06-28 14:28:30.000000000,101278,176,101128,176,101296,276,101083,314,101388,176,100943,176,101850,176,100750,176,102121,176,100738,176,102245,100,100654,100,,,100447,100,,,99777,66,,,,,,,,
2019-06-28 14:28:36.714743820,101278,176,101128,176,101296,276,101083,314,101326,100,100943,176,101388,176,100750,176,101850,176,100738,176,102121,176,100654,100,102245,100,100447,100,,,99777,66,,,,,,,,
2019-06-28 14:28:40.000000000,101278,176,101128,176,101296,276,101083,314,101326,176,100943,176,101388,176,100750,176,101850,176,100738,176,102121,100,100654,100,102245,100,100447,100,,,99777,66,,,,,,,,
2019-06-28 14:28:47.276457037,101278,176,101128,176,101296,276,101083,314,101326,176,100943,176,101388,176,100750,176,101600,100,100738,176,101850,176,100654,100,102121,100,100447,100,102245,100,99777,66,,,,,,,,
2019-06-28 14:28:50.000000000,101278,196,101128,196,101296,296,101083,334,101326,196,100943,196,101388,196,100750,196,101600,100,100738,100,101850,100,100654,100,102121,100,100447,100,102245,100,99777,66,,,,,,,,
2019-06-28 14:29:00.000000000,101278,42,101128,176,101296,276,101083,314,101326,176,100943,176,101388,176,100750,176,101600,176,100738,176,101850,100,100654,100,102121,100,100447,100,102245,100,99777,66,,,,,,,,
2019-06-28 14:29:02.841097878,101278,42,101128,176,101296,276,101083,214,101326,176,100943,176,101388,176,100750,176,101600,176,100738,176,101850,100,100654,100,102121,100,100447,100,102245,100,99777,66,,,,,,,,
2019-06-28 14:29:10.000000000,101296,582,101128,482,101326,100,101083,138,101388,100,100943,100,101600,100,100750,100,101850,100,100738,100,102121,100,100654,100,102245,100,100447,100,,,99777,66,,,,,,,,
2019-06-28 14:29:20.000000000,101296,330,101128,230,101326,226,101083,264,101388,226,100943,226,101600,100,100750,100,101850,100,100738,100,102121,100,100654,100,102245,100,100447,100,,,99777,66,,,,,,,,
2019-06-28 14:29:26.259173661,101296,230,101128,230,101326,226,101083,264,101388,226,100943,226,101600,100,100750,100,101850,100,100738,100,102121,100,100654,100,102245,100,100447,100,,,99777,66,,,,,,,,
2019-06-28 14:29:30.000000000,101296,230,101128,230,101326,226,101083,264,101388,226,100943,226,101600,100,100750,100,101850,100,100738,100,102121,100,100654,100,102245,100,100447,100,,,99777,66,,,,,,,,
2019-06-28 14:29:40.000000000,101296,230,101128,230,101326,226,101083,264,101388,226,100943,226,101600,100,100750,100,101850,100,100738,100,102121,100,100654,100,102245,100,100447,100,,,99777,66,,,,,,,,
2019-06-28 14:29:44.109029039,101296,230,101128,230,101326,226,101083,264,101388,226,100943,226,101571,100,100750,100,101600,100,100738,100,101850,100,100654,100,102121,100,100447,100,102245,100,99777,66,,,,,,,,
2019-06-28 14:29:50.000000000,101296,482,101128,482,101326,100,101083,138,101388,100,100943,100,101571,100,100750,100,101600,100,100738,100,101850,100,100654,100,102121,100,100447,100,102245,100,99777,66,,,,,,,,
2019-06-28 14:29:51.826565278,101296,382,101128,482,101326,100,101083,138,101388,100,100943,100,101571,100,100750,100,101600,100,100738,100,101850,100,100654,100,102121,100,100447,100,102245,100,99777,66,,,,,,,,
2019-06-28 14:29:52.239999763,101296,282,101128,482,101326,100,101083,138,101388,100,100943,100,101571,100,100750,100,101600,100,100738,100,101850,100,100654,100,102121,100,100447,100,102245,100,99777,66,,,,,,,,
2019-06-28 14:29:56.140099029,101296,282,101128,482,101326,100,101083,138,101381,100,100943,100,101388,100,100750,100,101600,100,100738,100,101850,100,100654,100,102121,100,100447,100,102245,100,99777,66,,,,,,,,
2019-06-28 14:30:00.000000000,101326,157,101128,291,101381,291,101083,329,101388,100,100943,100,101600,100,100750,100,101850,100,100738,100,102121,100,100654,100,102245,100,100447,100,,,99777,66,,,,,,,,
2019-06-28 14:30:04.610204108,101326,157,101128,291,101381,291,101083,329,101388,100,101064,100,101600,100,100943,100,101850,100,100750,100,102121,100,100738,100,102245,100,100654,100,,,100447,100,,,99777,66,,,,
2019-06-28 14:30:10.000000000,101381,482,101128,482,101388,100,101083,138,101600,100,101064,100,101850,100,100943,100,102121,100,100750,100,102245,100,100738,100,,,100654,100,,,100447,100,,,99777,66,,,,
2019-06-28 14:30:20.000000000,101381,230,101128,230,101388,226,101083,264,101600,226,101064,226,101850,100,100943,100,102121,100,100750,100,102245,100,100738,100,,,100654,100,,,100447,100,,,99777,66,,,,
2019-06-28 14:30:30.000000000,101381,176,101128,176,101388,176,101083,214,101600,176,101064,176,101850,176,100943,176,102121,176,100750,176,102245,100,100738,100,,,100654,100,,,100447,100,,,99777,66,,,,
2019-06-28 14:30:40.000000000,101381,196,101128,196,101388,196,101083,234,101600,196,101064,196,101850,196,100943,196,102121,100,100750,100,102245,100,100738,100,,,100654,100,,,100447,100,,,99777,66,,,,
2019-06-28 14:30:50.000000000,101381,230,101128,230,101388,226,101083,264,101600,226,101064,226,101850,100,100943,100,102121,100,100750,100,102245,100,100738,100,,,100654,100,,,100447,100,,,99777,66,,,,
2019-06-28 14:30:59.669032098,101381,230,101128,230,101388,226,101083,264,101600,226,101064,226,101850,100,100943,100,102121,100,100750,100,102245,100,100738,100,,,100654,100,,,100447,100,,,100438,100,,,99777,66
2019-06-28 14:31:00.000000000,101381,62,101128,196,101388,196,101083,234,101600,196,101064,196,101850,196,100943,196,102121,100,100750,100,102245,100,100738,100,,,100654,100,,,100447,100,,,100438,100,,,99777,66
2019-06-28 14:31:10.000000000,101388,291,101128,291,101600,291,101083,329,101850,100,101064,100,102121,100,100943,100,102245,100,100750,100,,,100738,100,,,100654,100,,,100447,100,,,100438,100,,,99777,66
2019-06-28 14:31:14.203250947,101381,100,101128,291,101388,291,101083,329,101600,291,101064,100,101850,100,100943,100,102121,100,100750,100,102245,100,100738,100,,,100654,100,,,100447,100,,,100438,100,,,99777,66
2019-06-28 14:31:15.432287112,101381,100,101128,291,101388,291,101083,329,101600,291,101064,100,101850,100,100943,100,102121,100,100868,100,102245,100,100750,100,,,100738,100,,,100654,100,,,100447,100,,,100438,100
2019-06-28 14:31:19.242472066,101381,200,101128,291,101388,291,101083,329,101600,291,101064,100,101850,100,100943,100,102121,100,100868,100,102245,100,100750,100,,,100738,100,,,100654,100,,,100447,100,,,100438,100
2019-06-28 14:31:20.000000000,101381,296,101128,196,101388,196,101083,234,101600,196,101064,196,101850,196,100943,196,102121,100,100868,100,102245,100,100750,100,,,100738,100,,,100654,100,,,100447,100,,,100438,100
2019-06-28 14:31:23.600118276,101381,296,101128,96,101388,196,101083,234,101600,196,101064,196,101850,196,100943,196,102121,100,100868,100,102245,100,100738,100,,,100654,100,,,100447,100,,,100438,100,,,99777,66
2019-06-28 14:31:24.713998097,101128,4,101083,234,101381,296,101064,196,101388,196,100943,196,101600,196,100868,100,101850,196,100738,100,102121,100,100654,100,102245,100,100447,100,,,100438,100,,,99777,66,,,,
2019-06-28 14:31:30.000000000,101128,386,101083,520,101381,200,101064,100,101388,100,100943,100,101600,100,100868,100,101850,100,100738,100,102121,100,100654,100,102245,100,100447,100,,,100438,100,,,99777,66,,,,
2019-06-28 14:31:40.000000000,101128,80,101083,214,101381,276,101064,176,101388,176,100943,176,101600,176,100868,176,101850,176,100738,176,102121,100,100654,100,102245,100,100447,100,,,100438,100,,,99777,66,,,,
2019-06-28 14:31:40.691113712,101128,80,101083,214,101381,276,101064,176,101388,176,100943,176,101600,76,100868,176,101850,176,100783,100,102121,100,100738,176,102245,100,100654,100,,,100447,100,,,100438,100,,,99777,66
2019-06-28 14:31:50.000000000,101128,386,101083,520,101381,200,101064,100,101388,100,100943,100,101850,100,100868,100,102121,100,100783,100,102245,100,100738,100,,,100654,100,,,100447,100,,,100438,100,,,99777,66
2019-06-28 14:32:00.000000000,101381,262,101083,234,101388,196,101064,196,101850,196,100943,196,102121,100,100868,196,102245,100,100783,100,,,100738,100,,,100654,100,,,100447,100,,,100438,100,,,99777,66
2019-06-28 14:32:00.829858065,101381,262,101083,234,101388,196,101064,196,101850,196,101019,100,102121,100,100943,196,102245,100,100868,196,,,100783,100,,,100738,100,,,100654,100,,,100447,100,,,100438,100
2019-06-28 14:32:09.534284695,101381,362,101083,234,101388,196,101064,196,101850,196,101019,100,102121,100,100943,196,102245,100,100868,196,,,100783,100,,,100738,100,,,100654,100,,,100447,100,,,100438,100
2019-06-28 14:32:10.000000000,101381,342,101083,214,101388,176,101064,176,101850,176,101019,176,102121,176,100943,176,102245,176,100868,176,,,100783,100,,,100738,100,,,100654,100,,,100447,100,,,100438,100
2019-06-28 14:32:20.000000000,101381,342,101083,214,101388,176,101064,176,101850,176,101019,176,102121,176,100943,176,102245,176,100868,176,,,100783,100,,,100738,100,,,100654,100,,,100447,100,,,100438,100
2019-06-28 14:32:30.000000000,101381,457,101083,329,101388,291,101064,291,101850,100,101019,100,102121,100,100943,100,102245,100,100868,100,,,100783,100,,,100738,100,,,100654,100,,,100447,100,,,100438,100
2019-06-28 14:32:38.576664723,101381,457,101083,329,101388,291,101064,291,101850,100,101019,100,102121,100,100943,100,102245,100,100868,100,,,100866,100,,,100783,100,,,100738,100,,,100654,100,,,100447,100
2019-06-28 14:32:40.000000000,101381,396,101083,268,101388,226,101064,226,101850,226,101019,226,102121,100,100943,100,102245,100,100868,100,,,100866,100,,,100783,100,,,100738,100,,,100654,100,,,100447,100
2019-06-28 14:32:47.984585137,101381,330,101083,268,101388,226,101064,226,101850,226,101019,226,102121,100,100943,100,102245,100,100868,100,,,100866,100,,,100783,100,,,100738,100,,,100654,100,,,100447,100
2019-06-28 14:32:48.513063030,101381,330,101083,268,101388,226,101064,226,101850,226,101019,226,102121,100,100951,100,102245,100,100943,100,,,100868,100,,,100866,100,,,100783,100,,,100738,100,,,100654,100
2019-06-28 14:32:50.000000000,101381,330,101083,268,101388,226,101064,226,101850,226,101019,226,102121,100,100951,100,102245,100,100943,100,,,100868,100,,,100866,100,,,100783,100,,,100738,100,,,100654,100
2019-06-28 14:33:00.000000000,101381,162,101083,234,101388,196,101064,196,101850,196,101019,196,102121,196,100951,196,102245,100,100943,100,,,100868,100,,,100866,100,,,100783,100,,,100738,100,,,100654,100
2019-06-28 14:33:01.598779890,101381,162,101083,234,101388,196,101064,196,101850,96,101019,196,102121,196,100951,196,102245,100,100943,100,,,100878,100,,,100868,100,,,100866,100,,,100783,100,,,100738,100
2019-06-28 14:33:10.000000000,101381,257,101083,329,101388,291,101064,291,102121,100,101019,100,102245,100,100951,100,,,100943,100,,,100878,100,,,100868,100,,,100866,100,,,100783,100,,,100738,100
2019-06-28 14:33:15.068463882,101381,257,101083,329,101388,291,101064,291,102121,100,101019,100,102245,100,100951,100,,,100943,100,,,100878,100,,,100868,100,,,100866,100,,,100783,100,,,100766,100
2019-06-28 14:33:20.000000000,101381,162,101083,234,101388,196,101064,196,102121,196,101019,196,102245,196,100951,196,,,100943,100,,,100878,100,,,100868,100,,,100866,100,,,100783,100,,,100766,100
2019-06-28 14:33:24.698788879,101381,162,101083,234,101388,196,101064,196,102121,196,101019,196,102245,196,100951,196,,,100943,100,,,100878,100,,,100868,100,,,100866,100,,,100809,100,,,100783,100
2019-06-28 14:33:25.397429223,101381,262,101083,134,101388,196,101064,196,102121,196,101019,196,102245,196,100951,196,,,100943,100,,,100878,100,,,100868,100,,,100866,100,,,100809,100,,,100783,100
2019-06-28 14:33:30.000000000,101381,242,101083,114,101388,176,101064,176,102121,176,101019,176,102245,176,100951,176,102246,76,100943,176,,,100878,100,,,100868,100,,,100866,100,,,100809,100,,,100783,100
2019-06-28 14:33:36.924336841,101381,242,101083,114,101388,176,101064,176,102121,176,101019,176,102245,176,100951,176,102246,76,100943,176,,,100878,100,,,100868,100,,,100866,100,,,100809,100,,,100783,100
2019-06-28 14:33:40.000000000,101381,296,101083,168,101388,226,101064,226,102121,226,101019,226,102245,100,100951,100,,,100943,100,,,100878,100,,,100868,100,,,100866,100,,,100809,100,,,100783,100
2019-06-28 14:33:42.353349480,101381,396,101083,168,101388,226,101064,226,102121,226,101019,226,102245,100,100951,100,,,100943,100,,,100878,100,,,100868,100,,,100866,100,,,100809,100,,,100783,100
2019-06-28 14:33:50.000000000,101381,362,101083,134,101388,196,101064,196,102121,196,101019,196,102245,196,100951,196,,,100943,100,,,100878,100,,,100868,100,,,100866,100,,,100809,100,,,100783,100
2019-06-28 14:33:50.817993375,101381,362,101083,34,101388,196,101064,196,102121,196,101019,196,102245,196,100951,196,,,100943,100,,,100878,100,,,100868,100,,,100866,100,,,100809,100,,,100783,100
2019-06-28 14:33:53.043109733,101083,66,101064,196,101381,362,101019,196,101388,196,100951,196,102121,196,100943,100,102245,196,100878,100,,,100868,100,,,100866,100,,,100809,100,,,100783,100,,,100766,100
2019-06-28 14:33:55.380713927,101083,66,101064,96,101381,362,101019,196,101388,196,100951,196,102121,196,100943,100,102245,196,100878,100,,,100868,100,,,100866,100,,,100809,100,,,100783,100,,,100766,100
2019-06-28 14:33:55.467490558,101064,4,101019,196,101083,66,100951,196,101381,362,100943,100,101388,196,100878,100,102121,196,100868,100,102245,196,100866,100,,,100809,100,,,100783,100,,,100766,100,,,100738,100
2019-06-28 14:33:58.540974902,101064,4,101019,96,101083,66,100951,196,101381,362,100943,100,101388,196,100878,100,102121,196,100868,100,102245,196,100866,100,,,100809,100,,,100783,100,,,100766,100,,,100738,100
2019-06-28 14:34:00.000000000,101083,192,100951,230,101381,392,100943,226,101388,100,100878,226,102121,100,100868,100,102245,100,100866,100,,,100809,100,,,100783,100,,,100766,100,,,100738,100,,,100654,100
2019-06-28 14:34:10.000000000,101083,196,100951,230,101381,392,100943,226,101388,226,100878,226,102121,100,100868,100,102245,100,100866,100,,,100809,100,,,100783,100,,,100766,100,,,100738,100,,,100654,100
2019-06-28 14:34:20.000000000,101083,448,100951,482,101381,266,100943,100,101388,100,100878,100,102121,100,100868,100,102245,100,100866,100,,,100809,100,,,100783,100,,,100766,100,,,100738,100,,,100654,100
2019-06-28 14:34:29.552156128,101083,448,100951,482,101381,266,100943,100,101388,100,100883,100,102121,100,100878,100,102245,100,100868,100,,,100866,100,,,100809,100,,,100783,100,,,100766,100,,,100654,100
2019-06-28 14:34:30.000000000,101083,257,100951,291,101381,457,100943,291,101388,100,100883,100,102121,100,100878,100,102245,100,100868,100,,,100866,100,,,100809,100,,,100783,100,,,100766,100,,,100654,100
2019-06-28 14:34:36.271978121,101064,100,100951,291,101083,257,100943,291,101381,457,100883,100,101388,100,100878,100,102121,100,100868,100,102245,100,100866,100,,,100809,100,,,100783,100,,,100766,100,,,100654,100
2019-06-28 14:34:40.000000000,101064,230,100951,230,101083,192,100943,226,101381,392,100883,226,101388,100,100878,100,102121,100,100868,100,102245,100,100866,100,,,100809,100,,,100783,100,,,100766,100,,,100654,100
2019-06-28 14:34:50.000000000,101064,291,100951,291,101083,257,100943,291,101381,266,100883,100,101388,100,100878,100,102121,100,100868,100,102245,100,100866,100,,,100809,100,,,100783,100,,,100766,100,,,100654,100
2019-06-28 14:34:55.111321204,101064,291,100951,191,101083,257,100943,291,101381,266,100883,100,101388,100,100878,100,102121,100,100868,100,102245,100,100866,100,,,100809,100,,,100783,100,,,100766,100,,,100654,100
2019-06-28 14:35:00.000000000,101064,348,100943,482,101083,66,100883,100,101381,266,100878,100,101388,100,100868,100,102121,100,100866,100,102245,100,100809,100,,,100783,100,,,100766,100,,,100654,100,,,100549,100
2019-06-28 14:35:08.392866173,101064,348,100943,482,101083,66,100883,100,101381,266,100878,100,101388,100,100868,100,102121,100,100866,100,102245,100,100809,100,,,100783,100,,,100766,100,,,100654,100,,,100549,100
2019-06-28 14:35:10.000000000,101083,196,100943,230,101381,392,100883,226,101388,226,100878,226,102121,100,100868,100,102245,100,100866,100,,,100809,100,,,100783,100,,,100766,100,,,100654,100,,,100549,100
2019-06-28 14:35:12.135319113,101083,196,100943,130,101381,392,100883,226,101388,226,100878,226,102121,100,100868,100,102245,100,100866,100,,,100809,100,,,100783,100,,,100766,100,,,100654,100,,,100549,100
2019-06-28 14:35:20.000000000,101083,257,100883,291,101381,457,100878,291,101388,100,100868,100,102121,100,100866,100,102245,100,100809,100,,,100783,100,,,100766,100,,,100654,100,,,100549,100,,,100438,100
2019-06-28 14:35:30.000000000,101083,162,100883,196,101381,362,100878,196,101388,196,100868,196,102121,196,100866,196,102245,100,100809,100,,,100783,100,,,100766,100,,,100654,100,,,100549,100,,,100438,100
2019-06-28 14:35:40.000000000,101083,196,100883,230,101381,392,100878,226,101388,226,100868,226,102121,100,100866,100,102245,100,100809,100,,,100783,100,,,100766,100,,,100654,100,,,100549,100,,,100438,100
2019-06-28 14:35:50.000000000,101083,142,100883,176,101381,342,100878,176,101388,176,100868,176,102121,176,100866,176,102245,176,100809,176,,,100783,100,,,100766,100,,,100654,100,,,100549,100,,,100438,100
2019-06-28 14:36:00.000000000,101083,123,100883,291,101381,457,100878,291,101388,100,100868,100,102121,100,100866,100,102245,100,100809,100,,,100783,100,,,100766,100,,,100654,100,,,100549,100,,,100438,100
2019-06-28 14:36:00.301617975,101083,23,100883,291,101381,457,100878,291,101388,100,100868,100,102121,100,100866,100,102245,100,100809,100,,,100783,100,,,100766,100,,,100654,100,,,100549,100,,,100438,100
2019-06-28 14:36:01.742881854,101083,23,100883,291,101381,457,100878,291,101388,100,100868,100,101445,100,100866,100,102121,100,100809,100,102245,100,100783,100,,,100766,100,,,100654,100,,,100549,100,,,100438,100
2019-06-28 14:36:02.189397107,101381,457,101083,77,101388,100,100883,291,101445,100,100878,291,102121,100,100868,100,102245,100,100866,100,,,100809,100,,,100783,100,,,100766,100,,,100654,100,,,100549,100
2019-06-28 14:36:10.000000000,101381,648,101083,459,101388,100,100883,100,101445,100,100878,100,102121,100,100868,100,102245,100,100866,100,,,100809,100,,,100783,100,,,100766,100,,,100654,100,,,100549,100
2019-06-28 14:36:15.724110688,101140,100,101083,459,101381,648,100883,100,101388,100,100878,100,101445,100,100868,100,102121,100,100866,100,102245,100,100809,100,,,100783,100,,,100766,100,,,100654,100,,,100549,100
2019-06-28 14:36:20.000000000,101140,291,101083,268,101381,457,100883,291,101388,100,100878,100,101445,100,100868,100,102121,100,100866,100,102245,100,100809,100,,,100783,100,,,100766,100,,,100654,100,,,100549,100
2019-06-28 14:36:30.000000000,101140,230,101083,207,101381,392,100883,226,101388,226,100878,226,101445,100,100868,100,102121,100,100866,100,102245,100,100809,100,,,100783,100,,,100766,100,,,100654,100,,,100549,100
2019-06-28 14:36:33.373706820,101140,130,101083,207,101381,392,100883,226,101388,226,100878,226,101445,100,100868,100,102121,100,100866,100,102245,100,100809,100,,,100766,100,,,100654,100,,,100549,100,,,100438,100
2019-06-28 14:36:40.000000000,101381,362,101083,173,101388,196,100883,196,101445,196,100878,196,102121,196,100868,196,102245,100,100866,100,,,100809,100,,,100766,100,,,100654,100,,,100549,100,,,100438,100
2019-06-28 14:36:50.000000000,101381,362,101083,173,101388,196,100883,196,101445,196,100878,196,102121,196,100868,196,102245,100,100866,100,,,100809,100,,,100766,100,,,100654,100,,,100549,100,,,100438,100
2019-06-28 14:36:54.607391481,101269,100,101083,173,101381,362,100883,196,101388,196,100878,196,101445,196,100868,196,102121,196,100866,100,102245,100,100809,100,,,100766,100,,,100654,100,,,100549,100,,,100438,100
2019-06-28 14:37:00.000000000,101269,62,101083,173,101381,362,100883,196,101388,196,100878,196,101445,196,100868,196,102121,100,100866,100,102245,100,100809,100,,,100766,100,,,100654,100,,,100549,100,,,100438,100
2019-06-28 14:37:10.000000000,101381,648,101083,459,101388,100,100883,100,101445,100,100878,100,102121,100,100868,100,102245,100,100866,100,,,100809,100,,,100766,100,,,100654,100,,,100549,100,,,100438,100
2019-06-28 14:37:10.770268011,101381,648,101083,459,101388,100,100883,100,101445,100,100878,100,101682,100,100868,100,102245,100,100866,100,,,100809,100,,,100766,100,,,100654,100,,,100549,100,,,100438,100
2019-06-28 14:37:20.000000000,101381,648,101083,459,101388,100,100883,100,101445,100,100878,100,101682,100,100868,100,102245,100,100866,100,,,100809,100,,,100766,100,,,100654,100,,,100549,100,,,100438,100
2019-06-28 14:37:22.427308902,101381,648,101083,359,101388,100,100883,100,101445,100,100878,100,101682,100,100868,100,102245,100,100866,100,,,100809,100,,,100766,100,,,100654,100,,,100549,100,,,100438,100
2019-06-28 14:37:23.935145503,101269,100,101083,359,101381,648,100883,100,101388,100,100878,100,101445,100,100868,100,101682,100,100866,100,102245,100,100809,100,,,100766,100,,,100654,100,,,100549,100,,,100438,100
2019-06-28 14:37:27.053994053,101269,100,101166,100,101381,648,101083,359,101388,100,100883,100,101445,100,100878,100,101682,100,100868,100,102245,100,100866,100,,,100809,100,,,100766,100,,,100654,100,,,100549,100
2019-06-28 14:37:30.000000000,101269,230,101166,230,101381,392,100883,226,101388,226,100878,226,101445,100,100868,100,101682,100,100866,100,102245,100,100809,100,,,100766,100,,,100654,100,,,100549,100,,,100438,100
2019-06-28 14:37:40.000000000,101269,176,101166,176,101381,342,100883,176,101388,176,100878,176,101445,176,100868,176,101682,176,100866,176,102245,100,100809,100,,,100766,100,,,100654,100,,,100549,100,,,100438,100
2019-06-28 14:37:40.969119976,101269,176,101166,76,101381,342,100883,176,101388,176,100878,176,101445,176,100868,176,101682,176,100866,176,102245,100,100809,100,,,100766,100,,,100654,100,,,100549,100,,,100438,100
2019-06-28 14:37:50.000000000,101269,291,100883,291,101381,457,100878,291,101388,100,100868,100,101445,100,100866,100,101682,100,100809,100,102245,100,100766,100,,,100654,100,,,100549,100,,,100438,100,,,100420,100
2019-06-28 14:37:50.755249002,101269,291,101030,100,101381,457,100883,291,101388,100,100878,291,101445,100,100868,100,101682,100,100866,100,102245,100,100809,100,,,100766,100,,,100654,100,,,100549,100,,,100438,100
2019-06-28 14:38:00.000000000,101269,96,101030,230,101381,392,100883,226,101388,226,100878,226,101445,100,100868,100,101682,100,100866,100,102245,100,100809,100,,,100766,100,,,100654,100,,,100549,100,,,100438,100
2019-06-28 14:38:00.580982203,101269,96,101030,230,101381,392,100883,226,101388,226,100878,226,101445,100,100876,100,101682,100,100868,100,102245,100,100866,100,,,100809,100,,,100766,100,,,100654,100,,,100549,100
2019-06-28 14:38:03.821982371,101269,96,101030,230,101381,392,100883,226,101388,226,100878,226,101445,100,100876,100,101682,100,100868,100,102245,100,100866,100,,,100809,100,,,100794,100,,,100766,100,,,100654,100
2019-06-28 14:38:07.528097302,101269,96,101030,230,101381,392,100883,226,101388,226,100878,226,101445,100,100868,100,101682,100,100866,100,102245,100,100809,100,,,100794,100,,,100766,100,,,100763,100,,,100654,100
2019-06-28 14:38:10.000000000,101381,648,101030,482,101388,100,100883,100,101445,100,100878,100,101682,100,100868,100,102245,100,100866,100,,,100809,100,,,100794,100,,,100766,100,,,100763,100,,,100654,100
2019-06-28 14:38:20.000000000,101381,342,101030,176,101388,176,100883,176,101445,176,100878,176,101682,176,100868,176,102245,176,100866,176,,,100809,100,,,100794,100,,,100766,100,,,100763,100,,,100654,100
2019-06-28 14:38:28.806022482,101381,342,101030,76,101388,176,100883,176,101445,176,100878,176,101682,176,100868,176,102245,176,100866,176,,,100809,100,,,100766,100,,,100763,100,,,100654,100,,,100549,100
2019-06-28 14:38:30.000000000,101381,342,100883,176,101388,176,100878,176,101445,176,100868,176,101682,176,100866,176,102245,176,100809,176,,,100766,100,,,100763,100,,,100654,100,,,100549,100,,,100438,100
2019-06-28 14:38:40.000000000,101381,396,100883,230,101388,226,100878,226,101445,226,100868,226,101682,100,100866,100,102245,100,100809,100,,,100766,100,,,100763,100,,,100654,100,,,100549,100,,,100438,100
2019-06-28 14:38:48.822086806,101381,396,100883,230,101388,226,100878,226,101445,226,100868,226,101682,100,100866,100,102245,100,100809,100,,,100766,100,,,100765,100,,,100763,100,,,100654,100,,,100549,100
2019-06-28 14:38:50.000000000,101381,342,100883,176,101388,176,100878,176,101445,176,100868,176,101682,176,100866,176,102245,176,100809,176,,,100766,100,,,100765,100,,,100763,100,,,100654,100,,,100549,100
2019-06-28 14:39:00.000000000,101381,208,100883,176,101388,176,100878,176,101445,176,100868,176,101682,176,100866,176,102245,176,100809,176,,,100766,100,,,100765,100,,,100763,100,,,100654,100,,,100549,100
2019-06-28 14:39:10.000000000,101381,228,100883,196,101388,196,100878,196,101445,196,100868,196,101682,196,100866,196,102245,100,100809,100,,,100766,100,,,100765,100,,,100763,100,,,100654,100,,,100549,100
2019-06-28 14:39:20.000000000,101381,323,100883,291,101388,291,100878,291,101445,100,100868,100,101682,100,100866,100,102245,100,100809,100,,,100766,100,,,100765,100,,,100763,100,,,100654,100,,,100549,100
2019-06-28 14:39:30.000000000,101381,228,100883,196,101388,196,100878,196,101445,196,100868,196,101682,196,100866,196,102245,100,100809,100,,,100766,100,,,100765,100,,,100763,100,,,100654,100,,,100549,100
2019-06-28 14:39:40.000000000,101381,262,100883,230,101388,226,100878,226,101445,226,100868,226,101682,100,100866,100,102245,100,100809,100,,,100766,100,,,100765,100,,,100763,100,,,100654,100,,,100549,100
2019-06-28 14:39:43.551797061,101381,262,100883,230,101388,226,100878,226,101445,226,100868,226,101582,100,100866,100,101682,100,100809,100,102245,100,100766,100,,,100765,100,,,100763,100,,,100549,100,,,100438,100
2019-06-28 14:39:50.000000000,101381,514,100883,482,101388,100,100878,100,101445,100,100868,100,101582,100,100866,100,101682,100,100809,100,102245,100,100766,100,,,100765,100,,,100763,100,,,100549,100,,,100438,100
2019-06-28 14:40:00.000000000,101381,128,100883,230,101388,226,100878,226,101445,226,100868,226,101582,100,100866,100,101682,100,100809,100,102245,100,100766,100,,,100765,100,,,100763,100,,,100549,100,,,100438,100
2019-06-28 14:40:10.000000000,101388,230,100883,230,101445,226,100878,226,101582,226,100868,226,101682,100,100866,100,102245,100,100809,100,,,100766,100,,,100765,100,,,100763,100,,,100549,100,,,100438,100
2019-06-28 14:40:20.000000000,101388,196,100883,196,101445,196,100878,196,101582,196,100868,196,101682,196,100866,196,102245,100,100809,100,,,100766,100,,,100765,100,,,100763,100,,,100549,100,,,100438,100
2019-06-28 14:40:30.000000000,101388,196,100883,196,101445,196,100878,196,101582,196,100868,196,101682,196,100866,196,102245,100,100809,100,,,100766,100,,,100765,100,,,100763,100,,,100549,100,,,100438,100
2019-06-28 14:40:31.313923287,101388,196,100883,196,101445,196,100878,196,101582,196,100868,196,101682,196,100866,196,101768,100,100809,100,102245,100,100766,100,,,100765,100,,,100763,100,,,100549,100,,,100438,100
2019-06-28 14:40:33.695147778,101388,96,100883,196,101445,196,100878,196,101582,196,100868,196,101682,196,100866,196,101768,100,100809,100,102245,100,100766,100,,,100765,100,,,100763,100,,,100549,100,,,100420,100
2019-06-28 14:40:40.000000000,101445,291,100883,291,101582,291,100878,291,101682,100,100868,100,101768,100,100866,100,102245,100,100809,100,,,100766,100,,,100765,100,,,100763,100,,,100549,100,,,100420,100
2019-06-28 14:40:47.473961243,101445,291,100883,291,101521,100,100878,291,101582,291,100868,100,101682,100,100866,100,101768,100,100809,100,102245,100,100766,100,,,100765,100,,,100763,100,,,100549,100,,,100420,100
2019-06-28 14:40:50.000000000,101445,176,100883,176,101521,176,100878,176,101582,176,100868,176,101682,176,100866,176,101768,176,100809,176,102245,100,100766,100,,,100765,100,,,100763,100,,,100549,100,,,100420,100
2019-06-28 14:41:00.000000000,101445,42,100883,176,101521,176,100878,176,101582,176,100868,176,101682,176,100866,176,101768,176,100809,176,102245,100,100766,100,,,100765,100,,,100763,100,,,100549,100,,,100420,100
2019-06-28 14:41:09.996552942,101521,176,101445,58,101582,176,100883,176,101682,176,100878,176,101768,176,100868,176,102245,100,100866,176,,,100809,176,,,100766,100,,,100765,100,,,100763,100,,,100549,100
2019-06-28 14:41:10.000000000,101521,230,101445,188,101582,226,100883,226,101682,226,100878,226,101768,100,100868,100,102245,100,100866,100,,,100809,100,,,100766,100,,,100765,100,,,100763,100,,,100549,100
2019-06-28 14:41:10.752552388,101521,130,101445,188,101582,226,100883,226,101682,226,100878,226,101768,100,100868,100,102245,100,100866,100,,,100809,100,,,100766,100,,,100765,100,,,100763,100,,,100549,100
2019-06-28 14:41:16.808563584,101521,130,101446,100,101582,226,101445,188,101682,226,100883,226,101768,100,100878,226,102245,100,100868,100,,,100866,100,,,100809,100,,,100766,100,,,100765,100,,,100763,100
2019-06-28 14:41:20.000000000,101582,482,101446,482,101682,100,101445,58,101768,100,100883,100,102245,100,100878,100,,,100868,100,,,100866,100,,,100809,100,,,100766,100,,,100765,100,,,100763,100
2019-06-28 14:41:20.377097270,101582,482,101446,482,101682,100,101445,58,101768,100,101072,100,102245,100,100883,100,,,100878,100,,,100868,100,,,100866,100,,,100809,100,,,100765,100,,,100763,100
2019-06-28 14:41:30.000000000,101582,196,101446,196,101682,196,101445,154,101768,196,101072,196,102245,196,100883,196,,,100878,100,,,100868,100,,,100866,100,,,100809,100,,,100765,100,,,100763,100
2019-06-28 14:41:30.291496420,101582,196,101505,100,101682,196,101446,196,101768,196,101445,154,102245,196,101072,196,,,100883,196,,,100878,100,,,100868,100,,,100866,100,,,100809,100,,,100765,100
2019-06-28 14:41:40.000000000,101582,291,101505,291,101682,291,101446,291,101768,100,101445,58,102245,100,101072,100,,,100883,100,,,100878,100,,,100868,100,,,100866,100,,,100809,100,,,100765,100
2019-06-28 14:41:45.761290716,101582,291,101505,291,101640,100,101446,291,101682,291,101445,58,102245,100,101072,100,,,100883,100,,,100878,100,,,100868,100,,,100866,100,,,100809,100,,,100765,100
2019-06-28 14:41:46.801872012,101582,291,101505,291,101640,100,101446,291,101682,291,101445,58,102245,100,101072,100,,,100883,100,,,100878,100,,,100868,100,,,100866,100,,,100809,100,,,100765,100
2019-06-28 14:41:47.333529009,101576,100,101505,291,101582,291,101446,291,101640,100,101445,58,101682,291,101072,100,102245,100,100883,100,,,100878,100,,,100868,100,,,100866,100,,,100809,100,,,100765,100
2019-06-28 14:41:50.000000000,101576,230,101505,230,101582,226,101446,226,101640,226,101445,184,101682,100,101072,100,102245,100,100883,100,,,100878,100,,,100868,100,,,100866,100,,,100809,100,,,100765,100
2019-06-28 14:42:00.000000000,101576,62,101505,196,101582,196,101446,196,101640,196,101445,154,101682,196,101072,196,102245,100,100883,100,,,100878,100,,,100868,100,,,100866,100,,,100809,100,,,100765,100
2019-06-28 14:42:10.000000000,101582,176,101505,176,101640,176,101446,176,101682,176,101445,134,102245,176,101072,176,102246,76,100883,176,,,100878,100,,,100868,100,,,100866,100,,,100809,100,,,100765,100
2019-06-28 14:42:20.000000000,101582,230,101505,230,101640,226,101446,226,101682,226,101445,184,102245,100,101072,100,,,100883,100,,,100878,100,,,100868,100,,,100866,100,,,100809,100,,,100765,100
2019-06-28 14:42:22.762042244,101582,230,101576,100,101640,226,101505,230,101682,226,101446,226,102245,100,101445,184,,,101072,100,,,100883,100,,,100878,100,,,100868,100,,,100866,100,,,100809,100
2019-06-28 14:42:30.000000000,101582,482,101576,482,101640,100,101505,100,101682,100,101446,100,102245,100,101445,58,,,101072,100,,,100883,100,,,100878,100,,,100868,100,,,100866,100,,,100809,100
2019-06-28 14:42:33.429207626,101582,482,101576,482,101640,100,101505,100,101682,100,101446,100,101778,100,101445,58,102245,100,101072,100,,,100883,100,,,100878,100,,,100868,100,,,100866,100,,,100809,100
2019-06-28 14:42:40.000000000,101582,196,101576,196,101640,196,101505,196,101682,196,101446,196,101778,196,101445,154,102245,100,101072,100,,,100883,100,,,100878,100,,,100868,100,,,100866,100,,,100809,100
2019-06-28 14:42:50.000000000,101582,291,101576,291,101640,291,101505,291,101682,100,101446,100,101778,100,101445,58,102245,100,101072,100,,,100883,100,,,100878,100,,,100868,100,,,100866,100,,,100809,100
2019-06-28 14:43:00.000000000,101582,348,101576,482,101640,100,101505,100,101682,100,101446,100,101778,100,101445,58,102245,100,101072,100,,,100883,100,,,100878,100,,,100868,100,,,100866,100,,,100809,100
2019-06-28 14:43:10.000000000,101640,196,101576,196,101682,196,101505,196,101778,196,101446,196,102245,196,101445,154,,,101072,100,,,100883,100,,,100878,100,,,100868,100,,,100866,100,,,100809,100
2019-06-28 14:43:20.000000000,101640,176,101576,176,101682,176,101505,176,101778,176,101446,176,102245,176,101445,134,102246,76,101072,176,,,100883,100,,,100878,100,,,100868,100,,,100866,100,,,100809,100
2019-06-28 14:43:30.000000000,101640,176,101576,176,101682,176,101505,176,101778,176,101446,176,102245,176,101445,134,102246,76,101072,176,,,100883,100,,,100878,100,,,100868,100,,,100866,100,,,100809,100
2019-06-28 14:43:38.050775736,101640,76,101576,176,101682,176,101505,176,101778,176,101446,176,102245,176,101445,134,102246,76,101072,176,,,100883,100,,,100878,100,,,100868,100,,,100866,100,,,100809,100
2019-06-28 14:43:40.000000000,101682,196,101576,196,101778,196,101505,196,102245,196,101446,196,102246,96,101445,154,,,101072,100,,,100883,100,,,100878,100,,,100868,100,,,100866,100,,,100809,100
2019-06-28 14:43:42.229113894,101778,196,101682,4,102245,196,101576,196,102246,96,101505,196,,,101446,196,,,101445,154,,,101072,100,,,100883,100,,,100878,100,,,100868,100,,,100866,100
2019-06-28 14:43:43.538455665,101778,196,101682,4,102245,196,101576,196,102246,96,101505,196,102381,100,101446,196,,,101445,154,,,101072,100,,,100883,100,,,100878,100,,,100868,100,,,100866,100
2019-06-28 14:43:50.000000000,101778,176,101682,80,102245,176,101576,176,102381,176,101505,176,102382,76,101446,176,,,101445,134,,,101072,100,,,100883,100,,,100878,100,,,100868,100,,,100866,100
2019-06-28 14:44:00.000000000,101778,157,101682,195,102245,291,101576,291,102381,100,101505,100,,,101446,100,,,101445,58,,,101072,100,,,100883,100,,,100878,100,,,100868,100,,,100866,100
2019-06-28 14:44:10.000000000,102245,196,101682,100,102381,196,101576,196,102382,96,101505,196,,,101446,196,,,101445,58,,,101072,100,,,100883,100,,,100878,100,,,100868,100,,,100866,100
2019-06-28 14:44:20.000000000,102245,230,101682,134,102381,226,101576,226,102382,126,101505,226,,,101446,100,,,101445,58,,,101072,100,,,100883,100,,,100878,100,,,100868,100,,,100866,100
2019-06-28 14:44:30.000000000,102245,230,101682,134,102381,226,101576,226,102382,126,101505,226,,,101446,100,,,101445,58,,,101072,100,,,100883,100,,,100878,100,,,100868,100,,,100866,100
2019-06-28 14:44:40.000000000,102245,230,101682,134,102381,226,101576,226,102382,126,101505,226,,,101446,100,,,101445,58,,,101072,100,,,100883,100,,,100878,100,,,100868,100,,,100866,100
2019-06-28 14:44:50.000000000,102245,482,101682,386,102381,100,101576,100,,,101505,100,,,101446,100,,,101445,58,,,101072,100,,,100883,100,,,100878,100,,,100868,100,,,100866,100
2019-06-28 14:45:00.000000000,102245,62,101682,100,102381,196,101576,196,102382,96,101505,196,,,101446,196,,,101445,58,,,101072,100,,,100883,100,,,100878,100,,,100868,100,,,100866,100
2019-06-28 14:45:10.000000000,102381,291,101682,195,102382,191,101576,291,,,101505,100,,,101446,100,,,101445,58,,,101072,100,,,100883,100,,,100878,100,,,100868,100,,,100866,100
2019-06-28 14:45:20.000000000,102381,176,101682,80,102382,76,101576,176,,,101505,176,,,101446,176,,,101445,134,,,101072,100,,,100883,100,,,100878,100,,,100868,100,,,100866,100
2019-06-28 14:45:30.000000000,102381,230,101682,134,102382,126,101576,226,,,101505,226,,,101446,100,,,101445,58,,,101072,100,,,100883,100,,,100878,100,,,100868,100,,,100866,100
2019-06-28 14:45:40.000000000,102381,196,101682,100,102382,96,101576,196,,,101505,196,,,101446,196,,,101445,58,,,101072,100,,,100883,100,,,100878,100,,,100868,100,,,100866,100
2019-06-28 14:45:50.000000000,102381,482,101682,386,,,101576,100,,,101505,100,,,101446,100,,,101445,58,,,101072,100,,,100883,100,,,100878,100,,,100868,100,,,100866,100
2019-06-28 14:46:00.000000000,102381,348,101682,386,,,101576,100,,,101505,100,,,101446,100,,,101445,58,,,101072,100,,,100883,100,,,100878,100,,,100868,100,,,100866,100
2019-06-28 14:46:01.461906105,101776,100,101682,386,102381,348,101576,100,,,101505,100,,,101446,100,,,101445,58,,,101072,100,,,100883,100,,,100878,100,,,100868,100,,,100866,100
2019-06-28 14:46:10.000000000,101776,196,101682,100,101777,96,101576,196,,,101505,196,,,101446,196,,,101445,58,,,101072,100,,,100883,100,,,100878,100,,,100868,100,,,100866,100
2019-06-28 14:46:17.583323257,101776,96,101682,100,101777,96,101576,196,,,101505,196,,,101446,196,,,101445,58,,,101072,100,,,100883,100,,,100878,100,,,100868,100,,,100866,100
2019-06-28 14:46:20.000000000,,,101682,4,,,101576,100,,,101505,100,,,101446,100,,,101445,58,,,101072,100,,,100883,100,,,100878,100,,,100868,100,,,100866,100
2019-06-28 14:46:35.070077271,,,101682,4,,,101576,100,,,101514,100,,,101505,100,,,101446,100,,,101445,58,,,101072,100,,,100883,100,,,100878,100,,,100868,100
2019-06-28 14:46:36.978603764,101682,96,101576,100,,,101514,100,,,101505,100,,,101446,100,,,101445,58,,,101072,100,,,100878,100,,,100868,100,,,100866,100,,,100809,100
2019-06-28 14:46:39.916432711,101674,100,101576,100,101682,96,101514,100,,,101505,100,,,101446,100,,,101445,58,,,101072,100,,,100878,100,,,100868,100,,,100866,100,,,100809,100
2019-06-28 14:46:40.000000000,101674,482,101576,482,101682,96,101514,100,,,101505,100,,,101446,100,,,101445,58,,,101072,100,,,100878,100,,,100868,100,,,100866,100,,,100809,100
2019-06-28 14:46:43.764579131,101674,482,101576,482,101682,96,101514,100,,,101505,100,,,101446,100,,,101445,58,,,101444,100,,,101072,100,,,100878,100,,,100868,100,,,100866,100
2019-06-28 14:46:44.509232857,101635,100,101576,482,101674,482,101514,100,101682,96,101505,100,,,101446,100,,,101445,58,,,101444,100,,,101072,100,,,100878,100,,,100868,100,,,100866,100
2019-06-28 14:46:50.000000000,101635,482,101576,482,101674,100,101514,100,101682,96,101505,100,,,101446,100,,,101445,58,,,101444,100,,,101072,100,,,100878,100,,,100868,100,,,100866,100
2019-06-28 14:46:53.493887507,101635,482,101576,382,101674,100,101514,100,101682,96,101505,100,,,101446,100,,,101445,58,,,101444,100,,,101072,100,,,100878,100,,,100868,100,,,100866,100
2019-06-28 14:47:00.000000000,101635,42,101514,176,101674,176,101505,176,101682,172,101446,176,101683,76,101445,134,,,101444,176,,,101072,100,,,100878,100,,,100868,100,,,100866,100,,,100809,100
2019-06-28 14:47:04.160200818,101635,42,101514,176,101674,176,101505,176,101682,172,101446,176,101683,76,101445,134,,,101444,176,,,101276,100,,,101072,100,,,100878,100,,,100868,100,,,100866,100
2019-06-28 14:47:10.000000000,101674,482,101514,482,101682,96,101505,100,,,101446,100,,,101445,58,,,101444,100,,,101276,100,,,101072,100,,,100878,100,,,100868,100,,,100866,100
2019-06-28 14:47:10.149612392,101635,100,101514,482,101674,482,101505,100,101682,96,101446,100,,,101445,58,,,101444,100,,,101276,100,,,101072,100,,,100878,100,,,100868,100,,,100866,100
2019-06-28 14:47:13.861278728,101635,100,101514,482,101674,382,101505,100,101682,96,101495,100,,,101446,100,,,101445,58,,,101444,100,,,101276,100,,,101072,100,,,100878,100,,,100868,100
2019-06-28 14:47:20.000000000,101635,176,101514,176,101682,172,101505,176,101683,76,101495,176,,,101446,176,,,101445,134,,,101444,100,,,101276,100,,,101072,100,,,100878,100,,,100868,100
2019-06-28 14:47:24.452345717,101635,176,101514,176,101657,100,101505,176,101682,172,101495,176,101683,76,101446,176,,,101445,134,,,101444,100,,,101276,100,,,101072,100,,,100878,100,,,100868,100
2019-06-28 14:47:30.000000000,101635,482,101514,482,101657,100,101505,100,101682,96,101495,100,,,101446,100,,,101445,58,,,101444,100,,,101276,100,,,101072,100,,,100878,100,,,100868,100
2019-06-28 14:47:40.000000000,101635,291,101514,291,101657,291,101505,291,101682,96,101495,100,,,101446,100,,,101445,58,,,101444,100,,,101276,100,,,101072,100,,,100878,100,,,100868,100
2019-06-28 14:47:50.000000000,101635,230,101514,230,101657,226,101505,226,101682,222,101495,226,,,101446,100,,,101445,58,,,101444,100,,,101276,100,,,101072,100,,,100878,100,,,100868,100
2019-06-28 14:48:00.000000000,101635,96,101514,230,101657,226,101505,226,101682,222,101495,226,,,101446,100,,,101445,58,,,101444,100,,,101276,100,,,101072,100,,,100878,100,,,100868,100
2019-06-28 14:48:01.766890874,101635,96,101514,230,101657,226,101505,226,101682,222,101495,226,101879,100,101446,100,,,101445,58,,,101444,100,,,101276,100,,,101072,100,,,100878,100,,,100868,100
2019-06-28 14:48:10.000000000,101657,196,101514,196,101682,192,101505,196,101879,196,101495,196,101880,96,101446,196,,,101445,58,,,101444,100,,,101276,100,,,101072,100,,,100878,100,,,100868,100
2019-06-28 14:48:20.000000000,101657,482,101514,482,101682,96,101505,100,101879,100,101495,100,,,101446,100,,,101445,58,,,101444,100,,,101276,100,,,101072,100,,,100878,100,,,100868,100
2019-06-28 14:48:21.515770675,101635,100,101514,482,101657,482,101505,100,101682,96,101495,100,101879,100,101446,100,,,101445,58,,,101444,100,,,101276,100,,,101072,100,,,100878,100,,,100868,100
2019-06-28 14:48:30.000000000,101635,482,101514,482,101657,100,101505,100,101682,96,101495,100,101879,100,101446,100,,,101445,58,,,101444,100,,,101276,100,,,101072,100,,,100878,100,,,100868,100
2019-06-28 14:48:35.624193558,101635,482,101514,382,101657,100,101505,100,101682,96,101495,100,,,101446,100,,,101445,58,,,101444,100,,,101276,100,,,101072,100,,,100878,100,,,100868,100
2019-06-28 14:48:40.000000000,101635,196,101505,196,101657,196,101495,196,101682,192,101446,196,101683,96,101445,154,,,101444,100,,,101276,100,,,101072,100,,,100878,100,,,100868,100,,,100866,100
2019-06-28 14:48:50.000000000,101635,230,101505,230,101657,226,101495,226,101682,222,101446,226,,,101445,58,,,101444,100,,,101276,100,,,101072,100,,,100878,100,,,100868,100,,,100866,100
2019-06-28 14:48:58.606681736,101635,230,101505,230,101657,226,101495,226,101682,222,101446,226,101804,100,101445,58,,,101444,100,,,101276,100,,,101072,100,,,100878,100,,,100868,100,,,100866,100
2019-06-28 14:49:00.000000000,101635,157,101505,291,101657,291,101495,291,101682,96,101446,100,101804,100,101445,58,,,101444,100,,,101276,100,,,101072,100,,,100878,100,,,100868,100,,,100866,100
2019-06-28 14:49:08.664579784,101635,157,101505,191,101657,291,101495,291,101682,96,101446,100,101804,100,101445,58,,,101444,100,,,101276,100,,,101072,100,,,100878,100,,,100868,100,,,100866,100
2019-06-28 14:49:10.000000000,101657,291,101495,291,101682,287,101446,291,101804,100,101445,58,,,101444,100,,,101276,100,,,101072,100,,,100878,100,,,100868,100,,,100866,100,,,100809,100
2019-06-28 14:49:13.437942107,101657,291,101495,291,101682,287,101458,100,101804,100,101446,291,,,101445,58,,,101444,100,,,101276,100,,,101072,100,,,100878,100,,,100868,100,,,100866,100
2019-06-28 14:49:20.000000000,101657,482,101495,482,101682,96,101458,100,101804,100,101446,100,,,101445,58,,,101444,100,,,101276,100,,,101072,100,,,100878,100,,,100868,100,,,100866,100
2019-06-28 14:49:30.000000000,101657,176,101495,176,101682,172,101458,176,101804,176,101446,176,101805,76,101445,134,,,101444,176,,,101276,100,,,101072,100,,,100878,100,,,100868,100,,,100866,100
2019-06-28 14:49:36.984887823,101657,176,101495,76,101682,172,101458,176,101804,176,101446,176,101805,76,101445,134,,,101444,176,,,101276,100,,,101072,100,,,100878,100,,,100866,100,,,100809,100
2019-06-28 14:49:40.000000000,101657,176,101458,176,101682,172,101446,176,101804,176,101445,134,101805,76,101444,176,,,101276,176,,,101072,100,,,100878,100,,,100866,100,,,100809,100,,,100765,100
2019-06-28 14:49:50.000000000,101657,230,101458,230,101682,222,101446,226,101804,226,101445,184,,,101444,100,,,101276,100,,,101072,100,,,100878,100,,,100866,100,,,100809,100,,,100765,100
2019-06-28 14:49:50.347663297,101657,230,101458,230,101682,222,101446,226,101804,226,101445,184,,,101444,100,,,101276,100,,,101145,100,,,101072,100,,,100878,100,,,100866,100,,,100809,100
2019-06-28 14:50:00.000000000,101657,42,101458,176,101682,172,101446,176,101804,176,101445,134,101805,76,101444,176,,,101276,176,,,101145,100,,,101072,100,,,100878,100,,,100866,100,,,100809,100
2019-06-28 14:50:02.724364470,101657,42,101458,76,101682,172,101446,176,101804,176,101445,134,101805,76,101444,176,,,101276,176,,,101145,100,,,101072,100,,,100878,100,,,100866,100,,,100809,100
2019-06-28 14:50:10.000000000,101682,478,101446,482,101804,100,101445,58,,,101444,100,,,101276,100,,,101145,100,,,101072,100,,,100878,100,,,100866,100,,,100809,100,,,100765,100
2019-06-28 14:50:15.709649792,101657,100,101446,482,101682,478,101445,58,101804,100,101444,100,,,101276,100,,,101145,100,,,101072,100,,,100878,100,,,100866,100,,,100809,100,,,100765,100
2019-06-28 14:50:20.000000000,101657,176,101446,176,101682,172,101445,134,101804,176,101444,176,101805,76,101276,176,,,101145,176,,,101072,100,,,100878,100,,,100866,100,,,100809,100,,,100765,100
2019-06-28 14:50:23.769647749,101657,176,101446,176,101682,172,101445,134,101804,176,101444,176,101805,76,101276,176,,,101215,100,,,101145,176,,,101072,100,,,100878,100,,,100866,100,,,100809,100
2019-06-28 14:50:30.000000000,101657,230,101446,230,101682,222,101445,184,101804,226,101444,226,,,101276,100,,,101215,100,,,101145,100,,,101072,100,,,100878,100,,,100866,100,,,100809,100
2019-06-28 14:50:40.000000000,101657,196,101446,196,101682,192,101445,154,101804,196,101444,196,101805,96,101276,196,,,101215,100,,,101145,100,,,101072,100,,,100878,100,,,100866,100,,,100809,100
2019-06-28 14:50:42.158557547,101657,196,101446,196,101682,192,101445,154,101804,196,101444,196,101805,96,101276,196,,,101215,100,,,101145,100,,,101072,100,,,101033,100,,,100878,100,,,100866,100
2019-06-28 14:50:50.000000000,101657,230,101446,230,101682,222,101445,184,101804,226,101444,226,,,101276,100,,,101215,100,,,101145,100,,,101072,100,,,101033,100,,,100878,100,,,100866,100
2019-06-28 14:50:54.614994706,101657,230,101446,230,101682,222,101445,184,101804,226,101444,226,,,101276,100,,,101215,100,,,101145,100,,,101089,100,,,101072,100,,,101033,100,,,100878,100
2019-06-28 14:51:00.000000000,101657,96,101446,230,101682,222,101445,184,101804,226,101444,226,,,101276,100,,,101215,100,,,101145,100,,,101089,100,,,101072,100,,,101033,100,,,100878,100
2019-06-28 14:51:08.646417452,101657,96,101446,130,101682,222,101445,184,101804,226,101444,226,,,101276,100,,,101215,100,,,101145,100,,,101089,100,,,101072,100,,,101033,100,,,100878,100
2019-06-28 14:51:10.000000000,101682,478,101445,440,101804,100,101444,100,,,101276,100,,,101215,100,,,101145,100,,,101089,100,,,101072,100,,,101033,100,,,100878,100,,,100866,100
2019-06-28 14:51:10.711084734,101682,478,101445,340,101804,100,101444,100,,,101276,100,,,101145,100,,,101089,100,,,101072,100,,,101033,100,,,100878,100,,,100866,100,,,100809,100
2019-06-28 14:51:16.959576204,101682,478,101445,240,101804,100,101444,100,,,101145,100,,,101089,100,,,101072,100,,,101033,100,,,100878,100,,,100866,100,,,100809,100,,,100765,100
2019-06-28 14:51:20.000000000,101682,287,101444,291,101804,291,101145,291,,,101089,100,,,101072,100,,,101033,100,,,100878,100,,,100866,100,,,100809,100,,,100765,100,,,100763,100
2019-06-28 14:51:28.242202349,101682,287,101444,291,101804,291,101201,100,,,101145,291,,,101089,100,,,101072,100,,,101033,100,,,100878,100,,,100866,100,,,100809,100,,,100765,100
2019-06-28 14:51:30.000000000,101682,287,101444,291,101804,291,101201,291,,,101145,100,,,101089,100,,,101072,100,,,101033,100,,,100878,100,,,100866,100,,,100809,100,,,100765,100
2019-06-28 14:51:33.822864753,101682,287,101444,191,101804,291,101201,291,,,101145,100,,,101089,100,,,101072,100,,,101033,100,,,100878,100,,,100866,100,,,100809,100,,,100765,100
2019-06-28 14:51:35.143649859,101445,100,101444,191,101682,287,101201,291,101804,291,101145,100,,,101089,100,,,101072,100,,,101033,100,,,100878,100,,,100866,100,,,100809,100,,,100765,100
2019-06-28 14:51:40.000000000,101445,230,101201,230,101682,222,101145,226,101804,226,101089,226,,,101072,100,,,101033,100,,,100878,100,,,100866,100,,,100809,100,,,100765,100,,,100763,100
2019-06-28 14:51:50.000000000,101445,176,101201,176,101682,172,101145,176,101804,176,101089,176,101805,76,101072,176,,,101033,176,,,100878,100,,,100866,100,,,100809,100,,,100765,100,,,100763,100
2019-06-28 14:52:00.000000000,101445,96,101201,230,101682,222,101145,226,101804,226,101089,226,,,101072,100,,,101033,100,,,100878,100,,,100866,100,,,100809,100,,,100765,100,,,100763,100
2019-06-28 14:52:06.739728731,101445,196,101201,230,101682,222,101145,226,101804,226,101089,226,,,101072,100,,,101033,100,,,100878,100,,,100866,100,,,100809,100,,,100765,100,,,100763,100
2019-06-28 14:52:10.000000000,101445,176,101201,176,101682,172,101145,176,101804,176,101089,176,101805,76,101072,176,,,101033,176,,,100878,100,,,100866,100,,,100809,100,,,100765,100,,,100763,100
2019-06-28 14:52:20.000000000,101445,196,101201,196,101682,192,101145,196,101804,196,101089,196,101805,96,101072,196,,,101033,100,,,100878,100,,,100866,100,,,100809,100,,,100765,100,,,100763,100
2019-06-28 14:52:30.000000000,101445,482,101201,482,101682,96,101145,100,101804,100,101089,100,,,101072,100,,,101033,100,,,100878,100,,,100866,100,,,100809,100,,,100765,100,,,100763,100
2019-06-28 14:52:40.000000000,101445,196,101201,196,101682,192,101145,196,101804,196,101089,196,101805,96,101072,196,,,101033,100,,,100878,100,,,100866,100,,,100809,100,,,100765,100,,,100763,100
2019-06-28 14:52:50.000000000,101445,291,101201,291,101682,287,101145,291,101804,100,101089,100,,,101072,100,,,101033,100,,,100878,100,,,100866,100,,,100809,100,,,100765,100,,,100763,100
2019-06-28 14:52:57.096036968,101406,100,101201,291,101445,291,101145,291,101682,287,101089,100,101804,100,101072,100,,,101033,100,,,100878,100,,,100866,100,,,100809,100,,,100765,100,,,100763,100
2019-06-28 14:53:00.000000000,101406,96,101201,230,101445,226,101145,226,101682,222,101089,226,101804,100,101072,100,,,101033,100,,,100878,100,,,100866,100,,,100809,100,,,100765,100,,,100763,100
2019-06-28 14:53:04.250055743,101406,96,101209,100,101445,226,101201,230,101682,222,101145,226,101804,100,101089,226,,,101072,100,,,101033,100,,,100878,100,,,100866,100,,,100809,100,,,100765,100
2019-06-28 14:53:10.000000000,101445,176,101209,176,101682,172,101201,176,101804,176,101145,176,101805,76,101089,176,,,101072,176,,,101033,100,,,100878,100,,,100866,100,,,100809,100,,,100765,100
2019-06-28 14:53:15.162801793,101445,176,101209,176,101682,172,101201,176,101804,176,101145,176,101805,76,101089,176,,,101072,176,,,101068,100,,,101033,100,,,100878,100,,,100866,100,,,100809,100
2019-06-28 14:53:20.000000000,101445,482,101209,482,101682,96,101201,100,101804,100,101145,100,,,101089,100,,,101072,100,,,101068,100,,,101033,100,,,100878,100,,,100866,100,,,100809,100
2019-06-28 14:53:21.624301260,101445,482,101209,482,101682,96,101201,100,101804,100,101145,100,,,101089,100,,,101072,100,,,101068,100,,,101033,100,,,100878,100,,,100866,100,,,100809,100
2019-06-28 14:53:30.000000000,101445,196,101209,196,101682,192,101201,196,101804,196,101145,196,101805,96,101089,196,,,101072,100,,,101068,100,,,101033,100,,,100878,100,,,100866,100,,,100809,100
2019-06-28 14:53:32.033102391,101445,196,101209,196,101682,192,101201,196,101804,196,101145,196,101805,96,101089,196,,,101072,100,,,101068,100,,,101033,100,,,100878,100,,,100866,100,,,100809,100
2019-06-28 14:53:40.000000000,101445,291,101209,291,101682,287,101201,291,101804,100,101145,100,,,101089,100,,,101072,100,,,101068,100,,,101033,100,,,100878,100,,,100866,100,,,100809,100
2019-06-28 14:53:48.643368304,101445,291,101209,291,101682,287,101201,291,101804,100,101145,100,,,101089,100,,,101072,100,,,101068,100,,,101033,100,,,100878,100,,,100866,100,,,100809,100
2019-06-28 14:53:50.000000000,101445,176,101209,176,101682,172,101201,176,101804,176,101145,176,101805,76,101089,176,,,101072,176,,,101068,100,,,101033,100,,,100878,100,,,100866,100,,,100809,100
2019-06-28 14:54:00.000000000,101445,157,101209,291,101682,287,101201,291,101804,100,101145,100,,,101089,100,,,101072,100,,,101068,100,,,101033,100,,,100878,100,,,100866,100,,,100809,100
2019-06-28 14:54:08.697089614,101445,257,101209,291,101682,287,101201,291,101804,100,101145,100,,,101089,100,,,101072,100,,,101068,100,,,101033,100,,,100878,100,,,100866,100,,,100809,100
2019-06-28 14:54:10.000000000,101445,176,101209,176,101682,172,101201,176,101804,176,101145,176,101805,76,101089,176,,,101072,176,,,101068,100,,,101033,100,,,100878,100,,,100866,100,,,100809,100
2019-06-28 14:54:10.845088470,101445,276,101209,176,101682,172,101201,176,101804,176,101145,176,101805,76,101089,176,,,101072,176,,,101068,100,,,101033,100,,,100878,100,,,100866,100,,,100809,100
2019-06-28 14:54:20.000000000,101445,330,101209,230,101682,222,101201,226,101804,226,101145,226,,,101089,100,,,101072,100,,,101068,100,,,101033,100,,,100878,100,,,100866,100,,,100809,100
2019-06-28 14:54:22.044055029,101445,330,101209,130,101682,222,101201,226,101804,226,101145,226,,,101089,100,,,101072,100,,,101068,100,,,101033,100,,,100878,100,,,100866,100,,,100809,100
2019-06-28 14:54:29.433715721,101445,330,101209,30,101682,222,101201,226,101804,226,101145,226,,,101089,100,,,101072,100,,,101068,100,,,101033,100,,,100878,100,,,100866,100,,,100809,100
2019-06-28 14:54:30.000000000,101445,582,101201,482,101682,96,101145,100,101804,100,101089,100,,,101072,100,,,101068,100,,,101033,100,,,100878,100,,,100866,100,,,100809,100,,,100765,100
2019-06-28 14:54:40.000000000,101445,276,101201,176,101682,172,101145,176,101804,176,101089,176,101805,76,101072,176,,,101068,176,,,101033,100,,,100878,100,,,100866,100,,,100809,100,,,100765,100
2019-06-28 14:54:45.860073298,101209,100,101201,176,101445,276,101145,176,101682,172,101089,176,101804,176,101072,176,101805,76,101068,176,,,101033,100,,,100878,100,,,100866,100,,,100809,100,,,100765,100
2019-06-28 14:54:50.000000000,101209,176,101201,176,101445,276,101145,176,101682,172,101089,176,101804,176,101072,176,101805,76,101068,176,,,101033,100,,,100878,100,,,100866,100,,,100809,100,,,100765,100
2019-06-28 14:54:55.958279038,101209,176,101201,76,101445,276,101145,176,101682,172,101089,176,101804,176,101072,176,101805,76,101068,176,,,101033,100,,,100878,100,,,100866,100,,,100809,100,,,100765,100
2019-06-28 14:54:57.708553625,101209,176,101201,76,101445,276,101145,176,101682,172,101089,176,101804,176,101072,176,101805,76,101068,176,,,101033,100,,,100878,100,,,100866,100,,,100809,100,,,100765,100
2019-06-28 14:55:00.000000000,101209,96,101145,230,101445,326,101089,226,101682,222,101072,226,101804,100,101068,100,,,101033,100,,,100878,100,,,100866,100,,,100809,100,,,100765,100,,,100763,100
2019-06-28 14:55:10.000000000,101445,296,101145,196,101682,192,101089,196,101804,196,101072,196,101805,96,101068,196,,,101033,100,,,100878,100,,,100866,100,,,100809,100,,,100765,100,,,100763,100
2019-06-28 14:55:20.000000000,101445,391,101145,291,101682,287,101089,291,101804,100,101072,100,,,101068,100,,,101033,100,,,100878,100,,,100866,100,,,100809,100,,,100765,100,,,100763,100
2019-06-28 14:55:25.008315782,101445,391,101145,291,101682,287,101089,291,101804,100,101072,100,,,101068,100,,,101033,100,,,100878,100,,,100866,100,,,100765,100,,,100763,100,,,100707,100
2019-06-28 14:55:27.855824158,101445,391,101145,191,101682,287,101089,291,101804,100,101072,100,,,101068,100,,,101033,100,,,100878,100,,,100866,100,,,100765,100,,,100763,100,,,100707,100
2019-06-28 14:55:30.000000000,101445,330,101089,230,101682,222,101072,226,101804,226,101068,226,,,101033,100,,,100878,100,,,100866,100,,,100765,100,,,100763,100,,,100707,100,,,100549,100
2019-06-28 14:55:35.747646850,101209,100,101089,230,101445,330,101072,226,101682,222,101068,226,101804,226,101033,100,,,100878,100,,,100866,100,,,100765,100,,,100763,100,,,100707,100,,,100549,100
2019-06-28 14:55:40.000000000,101209,196,101089,196,101445,296,101072,196,101682,192,101068,196,101804,196,101033,196,,,100878,100,,,100866,100,,,100765,100,,,100763,100,,,100707,100,,,100549,100
2019-06-28 14:55:41.960970036,101209,296,101089,196,101445,296,101072,196,101682,192,101068,196,101804,196,101033,196,,,100878,100,,,100866,100,,,100765,100,,,100763,100,,,100707,100,,,100549,100
2019-06-28 14:55:50.000000000,101209,582,101089,482,101445,200,101072,100,101682,96,101068,100,101804,100,101033,100,,,100878,100,,,100866,100,,,100765,100,,,100763,100,,,100707,100,,,100549,100
2019-06-28 14:55:51.555951709,101209,482,101089,482,101445,200,101072,100,101682,96,101068,100,101804,100,101033,100,,,100878,100,,,100866,100,,,100765,100,,,100763,100,,,100707,100,,,100549,100
2019-06-28 14:55:58.444765431,101209,482,101089,382,101445,200,101072,100,101682,96,101068,100,101804,100,101033,100,,,100878,100,,,100866,100,,,100765,100,,,100763,100,,,100707,100,,,100549,100
2019-06-28 14:56:00.000000000,101209,96,101072,230,101445,326,101068,226,101682,222,101033,226,101804,100,100878,100,,,100866,100,,,100765,100,,,100763,100,,,100707,100,,,100549,100,,,100459,100
2019-06-28 14:56:08.170013889,101209,96,101072,230,101445,326,101068,126,101682,222,101033,226,101804,100,100878,100,,,100866,100,,,100765,100,,,100763,100,,,100707,100,,,100618,100,,,100549,100
2019-06-28 14:56:10.000000000,101445,296,101072,196,101682,192,101033,196,101804,196,100878,196,101805,96,100866,196,,,100765,100,,,100763,100,,,100707,100,,,100618,100,,,100549,100,,,100459,100
2019-06-28 14:56:12.063307803,101445,296,101072,196,101682,192,101033,196,101804,196,100878,196,101805,96,100866,196,,,100765,100,,,100763,100,,,100707,100,,,100618,100,,,100549,100,,,100512,100
2019-06-28 14:56:20.000000000,101445,391,101072,291,101682,287,101033,291,101804,100,100878,100,,,100866,100,,,100765,100,,,100763,100,,,100707,100,,,100618,100,,,100549,100,,,100512,100
2019-06-28 14:56:28.776044454,101445,391,101072,191,101682,287,101033,291,101804,100,100878,100,,,100866,100,,,100765,100,,,100763,100,,,100707,100,,,100618,100,,,100549,100,,,100512,100
2019-06-28 14:56:30.000000000,101445,330,101033,230,101682,222,100878,226,101804,226,100866,226,,,100765,100,,,100763,100,,,100707,100,,,100618,100,,,100549,100,,,100512,100,,,100459,100
2019-06-28 14:56:34.116959569,101445,330,101033,230,101682,222,100878,226,101804,226,100866,226,,,100765,100,,,100763,100,,,100707,100,,,100618,100,,,100549,100,,,100512,100,,,100459,100
2019-06-28 14:56:34.591240517,101445,330,101033,130,101682,222,100878,226,101804,226,100866,226,,,100765,100,,,100763,100,,,100707,100,,,100618,100,,,100549,100,,,100512,100,,,100459,100
2019-06-28 14:56:38.036636349,101445,330,101033,30,101682,222,100878,226,101804,226,100866,226,,,100765,100,,,100763,100,,,100707,100,,,100618,100,,,100549,100,,,100512,100,,,100459,100
2019-06-28 14:56:40.000000000,101445,296,100878,196,101682,192,100866,196,101804,196,100765,196,101805,96,100763,196,,,100707,100,,,100618,100,,,100549,100,,,100512,100,,,100459,100,,,100420,100
2019-06-28 14:56:50.000000000,101445,330,100878,230,101682,222,100866,226,101804,226,100765,226,,,100763,100,,,100707,100,,,100618,100,,,100549,100,,,100512,100,,,100459,100,,,100420,100
2019-06-28 14:56:51.520993582,101033,100,100878,230,101445,330,100866,226,101682,222,100765,226,101804,226,100763,100,,,100707,100,,,100618,100,,,100549,100,,,100512,100,,,100459,100,,,100420,100
2019-06-28 14:57:00.000000000,101033,42,100878,176,101445,276,100866,176,101682,172,100765,176,101804,176,100763,176,101805,76,100707,176,,,100618,100,,,100549,100,,,100512,100,,,100459,100,,,100420,100
2019-06-28 14:57:10.000000000,101445,582,100878,482,101682,96,100866,100,101804,100,100765,100,,,100763,100,,,100707,100,,,100618,100,,,100549,100,,,100512,100,,,100459,100,,,100420,100
2019-06-28 14:57:13.706394124,101445,582,100878,382,101682,96,100866,100,101804,100,100765,100,,,100763,100,,,100707,100,,,100618,100,,,100549,100,,,100512,100,,,100420,100,,,100403,100
2019-06-28 14:57:20.000000000,101445,296,100866,196,101682,192,100765,196,101804,196,100763,196,101805,96,100707,196,,,100618,100,,,100549,100,,,100512,100,,,100420,100,,,100403,100,,,100314,100
2019-06-28 14:57:30.000000000,101445,296,100866,196,101682,192,100765,196,101804,196,100763,196,101805,96,100707,196,,,100618,100,,,100549,100,,,100512,100,,,100420,100,,,100403,100,,,100314,100
2019-06-28 14:57:40.000000000,101445,391,100866,291,101682,287,100765,291,101804,100,100763,100,,,100707,100,,,100618,100,,,100549,100,,,100512,100,,,100420,100,,,100403,100,,,100314,100
2019-06-28 14:57:50.000000000,101445,582,100866,482,101682,96,100765,100,101804,100,100763,100,,,100707,100,,,100618,100,,,100549,100,,,100512,100,,,100420,100,,,100403,100,,,100314,100
2019-06-28 14:58:00.000000000,101445,257,100866,291,101682,287,100765,291,101804,100,100763,100,,,100707,100,,,100618,100,,,100549,100,,,100512,100,,,100420,100,,,100403,100,,,100314,100
2019-06-28 14:58:00.630422634,101445,257,100866,291,101682,287,100836,100,101804,100,100765,291,,,100763,100,,,100618,100,,,100549,100,,,100512,100,,,100420,100,,,100403,100,,,100314,100
2019-06-28 14:58:10.000000000,101445,257,100866,291,101682,287,100836,291,101804,100,100765,100,,,100763,100,,,100618,100,,,100549,100,,,100512,100,,,100420,100,,,100403,100,,,100314,100
2019-06-28 14:58:20.000000000,101445,257,100866,291,101682,287,100836,291,101804,100,100765,100,,,100763,100,,,100618,100,,,100549,100,,,100512,100,,,100420,100,,,100403,100,,,100314,100
2019-06-28 14:58:30.000000000,101445,448,100866,482,101682,96,100836,100,101804,100,100765,100,,,100763,100,,,100618,100,,,100549,100,,,100512,100,,,100420,100,,,100403,100,,,100314,100
2019-06-28 14:58:33.883042474,101445,548,100866,482,101682,96,100836,100,101804,100,100765,100,,,100763,100,,,100618,100,,,100549,100,,,100512,100,,,100420,100,,,100403,100,,,100314,100
2019-06-28 14:58:40.000000000,101445,357,100866,291,101682,287,100836,291,101804,100,100765,100,,,100763,100,,,100618,100,,,100549,100,,,100512,100,,,100420,100,,,100403,100,,,100314,100
2019-06-28 14:58:49.794989125,101182,100,100866,291,101445,357,100836,191,101682,287,100765,100,101804,100,100763,100,,,100618,100,,,100549,100,,,100512,100,,,100420,100,,,100403,100,,,100314,100
2019-06-28 14:58:50.000000000,101182,176,100866,176,101445,242,100765,176,101682,172,100763,176,101804,176,100618,176,101805,76,100549,176,,,100512,100,,,100420,100,,,100403,100,,,100314,100,,,100135,100
2019-06-28 14:59:00.000000000,101182,62,100866,196,101445,262,100765,196,101682,192,100763,196,101804,196,100618,196,,,100549,100,,,100512,100,,,100420,100,,,100403,100,,,100314,100,,,100135,100
2019-06-28 14:59:03.974310373,101174,100,100866,196,101182,62,100765,196,101445,262,100763,196,101682,192,100618,196,101804,196,100549,100,,,100512,100,,,100420,100,,,100403,100,,,100314,100,,,100135,100
2019-06-28 14:59:04.782797494,101174,100,101145,100,101182,62,100866,196,101445,262,100765,196,101682,192,100763,196,101804,196,100618,196,,,100549,100,,,100512,100,,,100420,100,,,100403,100,,,100314,100
2019-06-28 14:59:10.000000000,101174,196,101145,196,101445,262,100866,196,101682,192,100765,196,101804,196,100763,196,,,100618,100,,,100549,100,,,100512,100,,,100420,100,,,100403,100,,,100314,100
2019-06-28 14:59:15.855044025,101174,196,101145,196,101445,262,100927,100,101682,192,100866,196,101804,196,100765,196,,,100763,196,,,100618,100,,,100549,100,,,100512,100,,,100420,100,,,100403,100
2019-06-28 14:59:20.000000000,101174,196,101145,196,101445,262,100927,196,101682,192,100866,196,101804,196,100765,196,,,100763,100,,,100618,100,,,100549,100,,,100512,100,,,100420,100,,,100403,100
2019-06-28 14:59:30.000000000,101174,230,101145,230,101445,292,100927,226,101682,222,100866,226,101804,100,100765,100,,,100763,100,,,100618,100,,,100549,100,,,100512,100,,,100420,100,,,100403,100
2019-06-28 14:59:31.971776134,101174,130,101145,230,101445,292,100927,226,101682,222,100866,226,101804,100,100765,100,,,100763,100,,,100618,100,,,100549,100,,,100512,100,,,100420,100,,,100314,100
2019-06-28 14:59:40.000000000,101445,548,101145,482,101682,96,100927,100,101804,100,100866,100,,,100765,100,,,100763,100,,,100618,100,,,100549,100,,,100512,100,,,100420,100,,,100314,100
2019-06-28 14:59:41.795162923,101445,548,101145,482,101682,96,101079,100,101804,100,100927,100,,,100866,100,,,100765,100,,,100763,100,,,100618,100,,,100549,100,,,100512,100,,,100420,100
2019-06-28 14:59:50.000000000,101445,242,101145,176,101682,172,101079,176,101804,176,100927,176,101805,76,100866,176,,,100765,176,,,100763,100,,,100618,100,,,100549,100,,,100512,100,,,100420,100
2019-06-28 15:00:00.000000000,101445,162,101145,230,101682,222,101079,226,101804,226,100927,226,,,100866,100,,,100765,100,,,100763,100,,,100618,100,,,100549,100,,,100512,100,,,100420,100
2019-06-28 15:00:10.000000000,101445,223,101145,291,101682,287,101079,291,101804,100,100927,100,,,100866,100,,,100765,100,,,100763,100,,,100618,100,,,100549,100,,,100512,100,,,100420,100
2019-06-28 15:00:13.394900861,101445,223,101145,291,101469,100,101079,291,101682,287,100927,100,101804,100,100866,100,,,100765,100,,,100763,100,,,100618,100,,,100549,100,,,100512,100,,,100420,100
2019-06-28 15:00:20.000000000,101445,414,101145,482,101469,100,101079,100,101682,96,100927,100,101804,100,100866,100,,,100765,100,,,100763,100,,,100618,100,,,100549,100,,,100512,100,,,100420,100
2019-06-28 15:00:26.642914383,101445,414,101224,100,101469,100,101145,482,101682,96,101079,100,101804,100,100927,100,,,100866,100,,,100765,100,,,100763,100,,,100618,100,,,100549,100,,,100512,100
2019-06-28 15:00:30.000000000,101445,128,101224,196,101469,196,101145,196,101682,192,101079,196,101804,196,100927,196,,,100866,100,,,100765,100,,,100763,100,,,100618,100,,,100549,100,,,100512,100
2019-06-28 15:00:31.924454546,101445,28,101224,196,101469,196,101145,196,101682,192,101079,196,101804,196,100927,196,,,100866,100,,,100765,100,,,100763,100,,,100618,100,,,100549,100,,,100512,100
2019-06-28 15:00:37.110994315,101255,100,101224,196,101445,28,101145,196,101469,196,101079,196,101682,192,100927,196,101804,196,100866,100,,,100765,100,,,100618,100,,,100549,100,,,100512,100,,,100420,100
2019-06-28 15:00:38.070986144,101255,100,101224,96,101445,28,101145,196,101469,196,101079,196,101682,192,100927,196,101804,196,100866,100,,,100765,100,,,100618,100,,,100549,100,,,100512,100,,,100420,100
2019-06-28 15:00:38.610722991,101255,100,101245,100,101445,28,101224,96,101469,196,101145,96,101682,192,101079,196,101804,196,100927,196,,,100866,100,,,100765,100,,,100618,100,,,100549,100,,,100512,100
2019-06-28 15:00:40.000000000,101255,196,101245,196,101469,196,101079,196,101682,192,100927,196,101804,196,100866,196,,,100765,100,,,100618,100,,,100549,100,,,100512,100,,,100420,100,,,100135,100
2019-06-28 15:00:50.000000000,101255,196,101245,196,101469,196,101079,196,101682,192,100927,196,101804,196,100866,196,,,100765,100,,,100618,100,,,100549,100,,,100512,100,,,100420,100,,,100135,100
2019-06-28 15:01:00.000000000,101255,62,101245,196,101469,196,101079,196,101682,192,100927,196,101804,196,100866,196,,,100765,100,,,100618,100,,,100549,100,,,100512,100,,,100420,100,,,100135,100
2019-06-28 15:01:10.000000000,101469,196,101245,196,101682,192,101079,196,101804,196,100927,196,101805,96,100866,196,,,100765,100,,,100618,100,,,100549,100,,,100512,100,,,100420,100,,,100135,100
2019-06-28 15:01:20.000000000,101469,176,101245,176,101682,172,101079,176,101804,176,100927,176,101805,76,100866,176,,,100765,176,,,100618,100,,,100549,100,,,100512,100,,,100420,100,,,100135,100
2019-06-28 15:01:27.969704918,101469,176,101245,176,101682,172,101079,176,101804,176,100944,100,101805,76,100927,176,,,100866,176,,,100765,176,,,100618,100,,,100549,100,,,100512,100,,,100420,100
2019-06-28 15:01:30.000000000,101469,291,101245,291,101682,287,101079,291,101804,100,100944,100,,,100927,100,,,100866,100,,,100765,100,,,100618,100,,,100549,100,,,100512,100,,,100420,100
2019-06-28 15:01:40.000000000,101469,230,101245,230,101682,222,101079,226,101804,226,100944,226,,,100927,100,,,100866,100,,,100765,100,,,100618,100,,,100549,100,,,100512,100,,,100420,100
2019-06-28 15:01:44.644820172,101469,230,101245,230,101682,222,101079,226,101804,226,101031,100,,,100944,226,,,100927,100,,,100866,100,,,100765,100,,,100618,100,,,100549,100,,,100420,100
2019-06-28 15:01:46.121154568,101469,230,101245,230,101682,222,101079,226,101804,226,101031,100,,,101008,100,,,100944,226,,,100927,100,,,100866,100,,,100765,100,,,100618,100,,,100549,100
2019-06-28 15:01:50.000000000,101469,196,101245,196,101682,192,101079,196,101804,196,101031,196,101805,96,101008,196,,,100944,100,,,100927,100,,,100866,100,,,100765,100,,,100618,100,,,100549,100
2019-06-28 15:02:00.000000000,101469,62,101245,196,101682,192,101079,196,101804,196,101031,196,101805,96,101008,196,,,100944,100,,,100927,100,,,100866,100,,,100765,100,,,100618,100,,,100549,100
2019-06-28 15:02:10.000000000,101682,287,101245,291,101804,291,101079,291,,,101031,100,,,101008,100,,,100944,100,,,100927,100,,,100866,100,,,100765,100,,,100618,100,,,100549,100
2019-06-28 15:02:20.000000000,101682,192,101245,196,101804,196,101079,196,101805,96,101031,196,,,101008,196,,,100944,100,,,100927,100,,,100866,100,,,100765,100,,,100618,100,,,100549,100
2019-06-28 15:02:22.907128951,101343,100,101245,196,101682,192,101079,196,101804,196,101031,196,101805,96,101008,196,,,100944,100,,,100927,100,,,100866,100,,,100765,100,,,100618,100,,,100549,100
2019-06-28 15:02:30.000000000,101343,482,101245,482,101682,96,101079,100,101804,100,101031,100,,,101008,100,,,100944,100,,,100927,100,,,100866,100,,,100765,100,,,100618,100,,,100549,100
2019-06-28 15:02:31.109041010,101343,382,101245,482,101682,96,101079,100,101804,100,101031,100,,,101008,100,,,100944,100,,,100927,100,,,100866,100,,,100765,100,,,100618,100,,,100549,100
2019-06-28 15:02:34.735398774,101342,100,101245,482,101343,382,101079,100,101682,96,101031,100,101804,100,101008,100,,,100944,100,,,100927,100,,,100866,100,,,100765,100,,,100618,100,,,100549,100
2019-06-28 15:02:40.000000000,101342,196,101245,196,101682,192,101079,196,101804,196,101031,196,101805,96,101008,196,,,100944,100,,,100927,100,,,100866,100,,,100765,100,,,100618,100,,,100549,100
2019-06-28 15:02:44.117290106,101342,196,101245,196,101469,100,101079,196,101682,192,101031,196,101804,196,101008,196,101805,96,100944,100,,,100927,100,,,100866,100,,,100765,100,,,100618,100,,,100549,100
2019-06-28 15:02:44.172381478,101342,196,101245,196,101469,100,101194,100,101682,192,101079,196,101804,196,101031,196,101805,96,101008,196,,,100944,100,,,100927,100,,,100866,100,,,100765,100,,,100618,100
2019-06-28 15:02:50.000000000,101342,176,101245,176,101469,176,101194,176,101682,172,101079,176,101804,176,101031,176,101805,76,101008,176,,,100944,100,,,100927,100,,,100866,100,,,100765,100,,,100618,100
2019-06-28 15:03:00.000000000,101342,42,101245,176,101469,176,101194,176,101682,172,101079,176,101804,176,101031,176,101805,76,101008,176,,,100944,100,,,100927,100,,,100866,100,,,100765,100,,,100618,100
2019-06-28 15:03:10.000000000,101469,196,101245,196,101682,192,101194,196,101804,196,101079,196,101805,96,101031,196,,,101008,100,,,100944,100,,,100927,100,,,100866,100,,,100765,100,,,100618,100
2019-06-28 15:03:20.000000000,101469,291,101245,291,101682,287,101194,291,101804,100,101079,100,,,101031,100,,,101008,100,,,100944,100,,,100927,100,,,100866,100,,,100765,100,,,100618,100
2019-06-28 15:03:24.086048496,101342,100,101245,291,101469,291,101194,291,101682,287,101079,100,101804,100,101031,100,,,101008,100,,,100944,100,,,100927,100,,,100866,100,,,100765,100,,,100618,100
2019-06-28 15:03:30.000000000,101342,230,101245,230,101469,226,101194,226,101682,222,101079,226,101804,100,101031,100,,,101008,100,,,100944,100,,,100927,100,,,100866,100,,,100765,100,,,100618,100
2019-06-28 15:03:34.566784546,101342,230,101245,130,101469,226,101194,226,101682,222,101079,226,101804,100,101031,100,,,101008,100,,,100944,100,,,100927,100,,,100866,100,,,100618,100,,,100549,100
2019-06-28 15:03:40.000000000,101342,291,101194,291,101469,291,101079,291,101682,96,101031,100,101804,100,101008,100,,,100944,100,,,100927,100,,,100866,100,,,100618,100,,,100549,100,,,100420,100
2019-06-28 15:03:49.798465130,101342,291,101194,191,101469,291,101079,291,101682,96,101031,100,101804,100,101008,100,,,100944,100,,,100927,100,,,100866,100,,,100618,100,,,100549,100,,,100420,100
2019-06-28 15:03:50.000000000,101342,230,101079,230,101469,226,101031,226,101682,222,101008,226,101804,100,100944,100,,,100927,100,,,100866,100,,,100618,100,,,100549,100,,,100420,100,,,100135,100
2019-06-28 15:04:00.000000000,101342,96,101079,230,101469,226,101031,226,101682,222,101008,226,101804,100,100944,100,,,100927,100,,,100866,100,,,100618,100,,,100549,100,,,100420,100,,,100135,100
2019-06-28 15:04:07.570195840,101165,100,101079,230,101342,96,101031,226,101469,226,101008,226,101682,222,100944,100,101804,100,100927,100,,,100866,100,,,100618,100,,,100549,100,,,100420,100,,,100135,100
2019-06-28 15:04:10.000000000,101165,482,101079,482,101469,100,101031,100,101682,96,101008,100,101804,100,100944,100,,,100927,100,,,100866,100,,,100618,100,,,100549,100,,,100420,100,,,100135,100
2019-06-28 15:04:11.259693512,101147,100,101079,482,101165,482,101031,100,101469,100,101008,100,101682,96,100944,100,101804,100,100927,100,,,100866,100,,,100618,100,,,100549,100,,,100420,100,,,100135,100
2019-06-28 15:04:20.000000000,101147,291,101079,291,101165,291,101031,291,101469,100,101008,100,101682,96,100944,100,101804,100,100927,100,,,100866,100,,,100618,100,,,100549,100,,,100420,100,,,100135,100
2019-06-28 15:04:30.000000000,101147,230,101079,230,101165,226,101031,226,101469,226,101008,226,101682,96,100944,100,101804,100,100927,100,,,100866,100,,,100618,100,,,100549,100,,,100420,100,,,100135,100
2019-06-28 15:04:40.000000000,101147,176,101079,176,101165,176,101031,176,101469,176,101008,176,101682,172,100944,176,101804,176,100927,176,,,100866,100,,,100618,100,,,100549,100,,,100420,100,,,100135,100
2019-06-28 15:04:50.000000000,101147,482,101079,482,101165,100,101031,100,101469,100,101008,100,101682,96,100944,100,101804,100,100927,100,,,100866,100,,,100618,100,,,100549,100,,,100420,100,,,100135,100
2019-06-28 15:05:00.000000000,101147,348,101079,482,101165,100,101031,100,101469,100,101008,100,101682,96,100944,100,101804,100,100927,100,,,100866,100,,,100618,100,,,100549,100,,,100420,100,,,100135,100
2019-06-28 15:05:02.859561036,101147,348,101079,382,101165,100,101031,100,101469,100,101008,100,101682,96,100944,100,101804,100,100927,100,,,100866,100,,,100618,100,,,100549,100,,,100420,100,,,100135,100
2019-06-28 15:05:05.491339345,101147,348,101079,382,101165,100,101031,100,101469,100,101008,100,101682,96,100944,100,101804,100,100927,100,,,100866,100,,,100690,100,,,100618,100,,,100549,100,,,100420,100
2019-06-28 15:05:10.000000000,101165,482,101031,482,101469,100,101008,100,101682,96,100944,100,101804,100,100927,100,,,100866,100,,,100690,100,,,100618,100,,,100549,100,,,100420,100,,,100135,100
2019-06-28 15:05:20.000000000,101165,230,101031,230,101469,226,101008,226,101682,222,100944,226,101804,100,100927,100,,,100866,100,,,100690,100,,,100618,100,,,100549,100,,,100420,100,,,100135,100
2019-06-28 15:05:30.000000000,101165,176,101031,176,101469,176,101008,176,101682,172,100944,176,101804,176,100927,176,101805,76,100866,176,,,100690,100,,,100618,100,,,100549,100,,,100420,100,,,100135,100
2019-06-28 15:05:40.000000000,101165,176,101031,176,101469,176,101008,176,101682,172,100944,176,101804,176,100927,176,101805,76,100866,176,,,100690,100,,,100618,100,,,100549,100,,,100420,100,,,100135,100
2019-06-28 15:05:47.563191730,101165,76,101031,176,101469,176,101008,176,101682,172,100944,176,101804,176,100927,176,101805,76,100866,176,,,100690,100,,,100618,100,,,100549,100,,,100420,100,,,100135,100
2019-06-28 15:05:50.000000000,101469,291,101031,291,101682,287,101008,291,101804,100,100944,100,,,100927,100,,,100866,100,,,100690,100,,,100618,100,,,100549,100,,,100420,100,,,100135,100
2019-06-28 15:05:50.202340089,101469,291,101031,291,101682,287,101008,291,101804,100,100944,100,,,100927,100,,,100905,100,,,100866,100,,,100690,100,,,100618,100,,,100549,100,,,100135,100
2019-06-28 15:05:56.682817021,101469,291,101128,100,101682,287,101031,191,101804,100,101008,291,,,100944,100,,,100927,100,,,100905,100,,,100866,100,,,100690,100,,,100618,100,,,100549,100
2019-06-28 15:06:00.000000000,101469,348,101128,482,101682,96,101008,100,101804,100,100944,100,,,100927,100,,,100905,100,,,100866,100,,,100690,100,,,100618,100,,,100549,100,,,100135,100
2019-06-28 15:06:04.653629466,101250,100,101128,482,101469,348,101008,100,101682,96,100944,100,101804,100,100927,100,,,100905,100,,,100866,100,,,100690,100,,,100618,100,,,100549,100,,,100135,100
2019-06-28 15:06:10.000000000,101250,176,101128,176,101682,172,101008,176,101804,176,100944,176,101805,76,100927,176,,,100905,176,,,100866,100,,,100690,100,,,100618,100,,,100549,100,,,100135,100
2019-06-28 15:06:10.600391433,101250,176,101214,100,101682,172,101128,176,101804,176,101008,176,101805,76,100944,176,,,100927,176,,,100905,176,,,100866,100,,,100690,100,,,100618,100,,,100549,100
2019-06-28 15:06:20.000000000,101250,291,101214,291,101682,287,101128,291,101804,100,101008,100,,,100944,100,,,100927,100,,,100905,100,,,100866,100,,,100690,100,,,100618,100,,,100549,100
2019-06-28 15:06:30.000000000,101250,291,101214,291,101682,287,101128,291,101804,100,101008,100,,,100944,100,,,100927,100,,,100905,100,,,100866,100,,,100690,100,,,100618,100,,,100549,100
2019-06-28 15:06:34.101667568,101250,191,101214,291,101682,287,101128,291,101804,100,101008,100,,,100944,100,,,100927,100,,,100905,100,,,100866,100,,,100690,100,,,100618,100,,,,
2019-06-28 15:06:39.066366561,101250,191,101214,291,101543,100,101128,291,101682,287,101008,100,101804,100,100944,100,,,100927,100,,,100905,100,,,100866,100,,,100690,100,,,100618,100,,,,
2019-06-28 15:06:40.000000000,101543,196,101214,196,101682,192,101128,196,101804,196,101008,196,101805,96,100944,196,,,100927,100,,,100905,100,,,100866,100,,,100690,100,,,100618,100,,,,
2019-06-28 15:06:50.000000000,101543,176,101214,176,101682,172,101128,176,101804,176,101008,176,101805,76,100944,176,,,100927,176,,,100905,100,,,100866,100,,,100690,100,,,100618,100,,,,
2019-06-28 15:07:00.000000000,101543,157,101214,291,101682,287,101128,291,101804,100,101008,100,,,100944,100,,,100927,100,,,100905,100,,,100866,100,,,100690,100,,,100618,100,,,,
2019-06-28 15:07:03.504407086,101543,157,101235,100,101682,191,101214,291,101804,100,101128,291,,,101008,100,,,100944,100,,,100927,100,,,100905,100,,,100866,100,,,100690,100,,,100618,100
2019-06-28 15:07:07.793973602,101543,157,101266,100,101682,191,101235,100,101804,100,101214,291,,,101128,291,,,101008,100,,,100944,100,,,100927,100,,,100905,100,,,100866,100,,,100690,100
2019-06-28 15:07:07.926303282,101543,157,101479,100,101682,191,101266,100,101804,100,101235,100,,,101214,291,,,101128,291,,,101008,100,,,100944,100,,,100927,100,,,100905,100,,,100866,100
2019-06-28 15:07:10.000000000,101804,196,101479,196,101805,96,101266,196,,,101235,196,,,101214,196,,,101128,100,,,101008,100,,,100944,100,,,100927,100,,,100905,100,,,100866,100
2019-06-28 15:07:20.000000000,101804,196,101479,196,101805,96,101266,196,,,101235,196,,,101214,196,,,101128,100,,,101008,100,,,100944,100,,,100927,100,,,100905,100,,,100866,100
2019-06-28 15:07:26.870490776,101543,100,101479,196,101804,196,101266,196,101805,96,101235,196,,,101214,196,,,101128,100,,,101008,100,,,100944,100,,,100927,100,,,100905,100,,,100866,100
2019-06-28 15:07:27.837555012,101543,200,101479,196,101804,196,101266,196,101805,96,101235,196,,,101214,196,,,101128,100,,,101008,100,,,100944,100,,,100927,100,,,100905,100,,,100866,100
2019-06-28 15:07:27.946402764,101543,200,101479,96,101804,196,101266,196,101805,96,101235,196,,,101214,196,,,101128,100,,,101008,100,,,100944,100,,,100927,100,,,100905,100,,,100866,100
2019-06-28 15:07:30.000000000,101543,276,101266,176,101804,176,101235,176,101805,76,101214,176,,,101128,176,,,101008,176,,,100944,100,,,100927,100,,,100905,100,,,100866,100,,,100690,100
2019-06-28 15:07:40.000000000,101543,296,101266,196,101804,196,101235,196,101805,96,101214,196,,,101128,196,,,101008,100,,,100944,100,,,100927,100,,,100905,100,,,100866,100,,,100690,100
2019-06-28 15:07:40.557296511,101543,196,101266,196,101804,196,101235,196,101805,96,101214,196,,,101128,196,,,101008,100,,,100944,100,,,100927,100,,,100905,100,,,100866,100,,,100690,100
2019-06-28 15:07:50.000000000,101543,230,101266,230,101804,226,101235,226,101805,126,101214,226,,,101128,100,,,101008,100,,,100944,100,,,100927,100,,,100905,100,,,100866,100,,,100690,100
2019-06-28 15:08:00.000000000,101543,196,101266,62,101804,196,101235,196,101805,96,101214,196,,,101128,196,,,101008,100,,,100944,100,,,100927,100,,,100905,100,,,100866,100,,,100690,100
2019-06-28 15:08:03.458374746,101543,196,101410,100,101804,196,101266,62,101805,96,101235,196,,,101214,196,,,101128,196,,,101008,100,,,100944,100,,,100927,100,,,100905,100,,,100866,100
2019-06-28 15:08:10.000000000,101543,176,101410,176,101804,176,101235,176,101805,76,101214,176,,,101128,176,,,101008,176,,,100944,100,,,100927,100,,,100905,100,,,100866,100,,,100690,100
2019-06-28 15:08:20.000000000,101543,176,101410,176,101804,176,101235,176,101805,76,101214,176,,,101128,176,,,101008,176,,,100944,100,,,100927,100,,,100905,100,,,100866,100,,,100690,100
2019-06-28 15:08:26.426201196,101543,176,101487,100,101804,176,101410,176,101805,76,101235,176,,,101214,176,,,101128,176,,,101008,176,,,100944,100,,,100927,100,,,100905,100,,,100866,100
2019-06-28 15:08:28.218588971,101543,176,101487,100,101804,176,101451,100,101805,76,101410,176,,,101235,176,,,101214,176,,,101128,176,,,101008,176,,,100944,100,,,100927,100,,,100905,100
2019-06-28 15:08:29.307560053,101543,76,101487,100,101804,176,101451,100,101805,76,101410,176,,,101266,100,,,101235,176,,,101214,176,,,101128,176,,,101008,176,,,100944,100,,,100927,100
2019-06-28 15:08:30.000000000,101804,291,101487,291,101805,191,101451,291,,,101410,100,,,101266,100,,,101235,100,,,101214,100,,,101128,100,,,101008,100,,,100944,100,,,100927,100
2019-06-28 15:08:40.000000000,101804,291,101487,291,101805,191,101451,291,,,101410,100,,,101266,100,,,101235,100,,,101214,100,,,101128,100,,,101008,100,,,100944,100,,,100927,100
2019-06-28 15:08:46.006181400,101804,291,101487,291,101805,191,101451,291,101851,100,101410,100,,,101266,100,,,101235,100,,,101214,100,,,101128,100,,,101008,100,,,100944,100,,,100927,100
2019-06-28 15:08:50.000000000,101804,230,101487,230,101851,226,101451,226,101852,126,101410,226,,,101266,100,,,101235,100,,,101214,100,,,101128,100,,,101008,100,,,100944,100,,,100927,100
2019-06-28 15:09:00.000000000,101804,482,101487,348,101851,100,101451,100,,,101410,100,,,101266,100,,,101235,100,,,101214,100,,,101128,100,,,101008,100,,,100944,100,,,100927,100
2019-06-28 15:09:10.000000000,101804,482,101451,482,101851,100,101410,100,,,101266,100,,,101235,100,,,101214,100,,,101128,100,,,101008,100,,,100944,100,,,100927,100,,,100905,100
2019-06-28 15:09:20.000000000,101804,482,101451,482,101851,100,101410,100,,,101266,100,,,101235,100,,,101214,100,,,101128,100,,,101008,100,,,100944,100,,,100927,100,,,100905,100
2019-06-28 15:09:25.864345507,101804,382,101451,482,101851,100,101410,100,,,101266,100,,,101235,100,,,101214,100,,,101128,100,,,101008,100,,,100944,100,,,100927,100,,,100905,100
2019-06-28 15:09:30.000000000,101851,482,101451,482,,,101410,100,,,101266,100,,,101235,100,,,101214,100,,,101128,100,,,101008,100,,,100944,100,,,100927,100,,,100905,100
2019-06-28 15:09:40.000000000,101851,291,101451,291,101852,191,101410,291,,,101266,100,,,101235,100,,,101214,100,,,101128,100,,,101008,100,,,100944,100,,,100927,100,,,100905,100
2019-06-28 15:09:50.000000000,101851,176,101451,176,101852,76,101410,176,,,101266,176,,,101235,176,,,101214,176,,,101128,100,,,101008,100,,,100944,100,,,100927,100,,,100905,100
2019-06-28 15:09:54.426224308,101851,176,101487,100,101852,76,101451,176,,,101410,176,,,101266,176,,,101235,176,,,101214,176,,,101128,100,,,101008,100,,,100944,100,,,100927,100
2019-06-28 15:10:00.000000000,101851,482,101487,348,,,101451,100,,,101410,100,,,101266,100,,,101235,100,,,101214,100,,,101128,100,,,101008,100,,,100944,100,,,100927,100
2019-06-28 15:10:10.000000000,101851,176,101451,176,101852,76,101410,176,,,101266,176,,,101235,176,,,101214,176,,,101128,100,,,101008,100,,,100944,100,,,100927,100,,,100905,100
2019-06-28 15:10:15.247199596,101851,176,101451,176,101852,76,101410,176,102754,100,101266,176,,,101235,176,,,101214,176,,,101128,100,,,101008,100,,,100944,100,,,100927,100,,,100905,100
2019-06-28 15:10:20.000000000,101851,482,101451,482,102754,100,101410,100,,,101266,100,,,101235,100,,,101214,100,,,101128,100,,,101008,100,,,100944,100,,,100927,100,,,100905,100
2019-06-28 15:10:30.000000000,101851,482,101451,482,102754,100,101410,100,,,101266,100,,,101235,100,,,101214,100,,,101128,100,,,101008,100,,,100944,100,,,100927,100,,,100905,100
2019-06-28 15:10:34.209985939,101851,482,101487,100,102754,100,101451,482,,,101410,100,,,101266,100,,,101235,100,,,101214,100,,,101128,100,,,101008,100,,,100944,100,,,100927,100
2019-06-28 15:10:40.000000000,101851,196,101487,196,102754,196,101451,196,102755,96,101410,196,,,101266,196,,,101235,100,,,101214,100,,,101128,100,,,101008,100,,,100944,100,,,100927,100
2019-06-28 15:10:45.476330850,101851,96,101487,196,102754,196,101451,196,102755,96,101410,196,,,101266,196,,,101235,100,,,101214,100,,,101128,100,,,101008,100,,,100944,100,,,100927,100
2019-06-28 15:10:50.000000000,102754,482,101487,482,,,101451,100,,,101410,100,,,101266,100,,,101235,100,,,101214,100,,,101128,100,,,101008,100,,,100944,100,,,100927,100
2019-06-28 15:11:00.000000000,102754,96,101487,230,102755,126,101451,226,,,101410,226,,,101266,100,,,101235,100,,,101214,100,,,101128,100,,,101008,100,,,100944,100,,,100927,100
2019-06-28 15:11:10.000000000,,,101487,100,,,101451,100,,,101410,100,,,101266,100,,,101235,100,,,101214,100,,,101128,100,,,101008,100,,,100944,100,,,100927,100
2019-06-28 15:11:47.599618247,102742,100,101487,100,,,101451,100,,,101410,100,,,101266,100,,,101235,100,,,101214,100,,,101128,100,,,101008,100,,,100944,100,,,100927,100
2019-06-28 15:11:50.000000000,102742,196,101487,196,102743,96,101451,196,,,101410,196,,,101266,196,,,101235,100,,,101214,100,,,101128,100,,,101008,100,,,100944,100,,,100927,100
2019-06-28 15:12:00.000000000,102742,96,101487,230,102743,126,101451,226,,,101410,226,,,101266,100,,,101235,100,,,101214,100,,,101128,100,,,101008,100,,,100944,100,,,100927,100
2019-06-28 15:12:08.540504390,102490,100,101487,230,102742,96,101451,226,102743,126,101410,226,,,101266,100,,,101235,100,,,101214,100,,,101128,100,,,101008,100,,,100944,100,,,100927,100
2019-06-28 15:12:10.000000000,102490,230,101487,230,102491,126,101451,226,,,101410,226,,,101266,100,,,101235,100,,,101214,100,,,101128,100,,,101008,100,,,100944,100,,,100927,100
2019-06-28 15:12:20.000000000,102490,482,101487,482,,,101451,100,,,101410,100,,,101266,100,,,101235,100,,,101214,100,,,101128,100,,,101008,100,,,100944,100,,,100927,100
2019-06-28 15:12:30.000000000,102490,230,101487,230,102491,126,101451,226,,,101410,226,,,101266,100,,,101235,100,,,101214,100,,,101128,100,,,101008,100,,,100944,100,,,100927,100
2019-06-28 15:12:40.000000000,102490,230,101487,230,102491,126,101451,226,,,101410,226,,,101266,100,,,101235,100,,,101214,100,,,101128,100,,,101008,100,,,100944,100,,,100927,100
2019-06-28 15:12:43.925138959,102490,230,102037,100,102491,126,101487,230,,,101451,226,,,101410,226,,,101266,100,,,101235,100,,,101214,100,,,101128,100,,,101008,100,,,100944,100
2019-06-28 15:12:50.000000000,102490,230,102037,230,102491,126,101487,226,,,101451,226,,,101410,100,,,101266,100,,,101235,100,,,101214,100,,,101128,100,,,101008,100,,,100944,100
2019-06-28 15:12:55.634382649,102135,100,102037,230,102490,230,101487,226,102491,126,101451,226,,,101410,100,,,101266,100,,,101235,100,,,101214,100,,,101128,100,,,101008,100,,,100944,100
2019-06-28 15:13:00.000000000,102135,96,102037,230,102490,226,101487,226,102491,126,101451,226,,,101410,100,,,101266,100,,,101235,100,,,101214,100,,,101128,100,,,101008,100,,,100944,100
2019-06-28 15:13:10.000000000,102490,291,102037,291,102491,191,101487,291,,,101451,100,,,101410,100,,,101266,100,,,101235,100,,,101214,100,,,101128,100,,,101008,100,,,100944,100
2019-06-28 15:13:20.000000000,102490,196,102037,196,102491,96,101487,196,,,101451,196,,,101410,196,,,101266,100,,,101235,100,,,101214,100,,,101128,100,,,101008,100,,,100944,100
2019-06-28 15:13:21.782836325,102490,196,102037,196,102491,96,101842,100,,,101487,196,,,101451,196,,,101410,196,,,101266,100,,,101235,100,,,101214,100,,,101128,100,,,101008,100
2019-06-28 15:13:25.933066793,102490,196,102037,196,102491,96,101842,100,,,101798,100,,,101487,196,,,101451,196,,,101410,196,,,101266,100,,,101235,100,,,101214,100,,,101128,100
2019-06-28 15:13:30.000000000,102490,482,102037,482,,,101842,100,,,101798,100,,,101487,100,,,101451,100,,,101410,100,,,101266,100,,,101235,100,,,101214,100,,,101128,100
2019-06-28 15:13:40.000000000,102490,230,102037,230,102491,126,101842,226,,,101798,226,,,101487,100,,,101451,100,,,101410,100,,,101266,100,,,101235,100,,,101214,100,,,101128,100
2019-06-28 15:13:50.000000000,102490,291,102037,291,102491,191,101842,291,,,101798,100,,,101487,100,,,101451,100,,,101410,100,,,101266,100,,,101235,100,,,101214,100,,,101128,100
2019-06-28 15:14:00.000000000,102490,62,102037,196,102491,96,101842,196,,,101798,196,,,101487,196,,,101451,100,,,101410,100,,,101266,100,,,101235,100,,,101214,100,,,101128,100
2019-06-28 15:14:03.227932260,102490,62,102037,96,102491,96,101842,196,,,101798,196,,,101487,196,,,101451,100,,,101410,100,,,101266,100,,,101235,100,,,101214,100,,,101128,100
2019-06-28 15:14:08.115019201,102490,62,102037,96,102491,96,101842,96,,,101798,196,,,101487,196,,,101453,100,,,101451,100,,,101410,100,,,101266,100,,,101235,100,,,101214,100
2019-06-28 15:14:10.000000000,,,101798,100,,,101487,100,,,101453,100,,,101451,100,,,101410,100,,,101266,100,,,101235,100,,,101214,100,,,101128,100,,,101008,100
2019-06-28 15:14:24.917643451,,,101487,100,,,101451,100,,,101410,100,,,101266,100,,,101235,100,,,101214,100,,,101128,100,,,101008,100,,,100944,100,,,100927,100
2019-06-28 15:14:25.813319682,102037,100,101487,100,,,101451,100,,,101410,100,,,101266,100,,,101235,100,,,101214,100,,,101128,100,,,101008,100,,,100944,100,,,100927,100
2019-06-28 15:14:30.000000000,102037,176,101487,176,102038,76,101451,176,,,101410,176,,,101266,176,,,101235,176,,,101214,100,,,101128,100,,,101008,100,,,100944,100,,,100927,100
2019-06-28 15:14:40.000000000,102037,176,101487,176,102038,76,101451,176,,,101410,176,,,101266,176,,,101235,176,,,101214,100,,,101128,100,,,101008,100,,,100944,100,,,100927,100
2019-06-28 15:14:50.000000000,102037,176,101487,176,102038,76,101451,176,,,101410,176,,,101266,176,,,101235,176,,,101214,100,,,101128,100,,,101008,100,,,100944,100,,,100927,100
2019-06-28 15:15:00.000000000,102037,42,101487,176,102038,76,101451,176,,,101410,176,,,101266,176,,,101235,176,,,101214,100,,,101128,100,,,101008,100,,,100944,100,,,100927,100
2019-06-28 15:15:05.069113365,101971,100,101487,176,102037,42,101451,176,102038,76,101410,176,,,101266,176,,,101235,76,,,101214,100,,,101128,100,,,101008,100,,,100944,100,,,100927,100
2019-06-28 15:15:10.000000000,101971,482,101487,482,,,101451,100,,,101410,100,,,101266,100,,,101214,100,,,101128,100,,,101008,100,,,100944,100,,,100927,100,,,100905,100
2019-06-28 15:15:16.326588624,101971,482,101918,100,,,101487,482,,,101451,100,,,101410,100,,,101266,100,,,101214,100,,,101128,100,,,101008,100,,,100944,100,,,100927,100
2019-06-28 15:15:20.000000000,101971,291,101918,291,101972,191,101487,291,,,101451,100,,,101410,100,,,101266,100,,,101214,100,,,101128,100,,,101008,100,,,100944,100,,,100927,100
2019-06-28 15:15:30.000000000,101971,482,101918,482,,,101487,100,,,101451,100,,,101410,100,,,101266,100,,,101214,100,,,101128,100,,,101008,100,,,100944,100,,,100927,100
2019-06-28 15:15:40.000000000,101971,291,101918,291,101972,191,101487,291,,,101451,100,,,101410,100,,,101266,100,,,101214,100,,,101128,100,,,101008,100,,,100944,100,,,100927,100
2019-06-28 15:15:50.000000000,101971,176,101918,176,101972,76,101487,176,,,101451,176,,,101410,176,,,101266,176,,,101214,100,,,101128,100,,,101008,100,,,100944,100,,,100927,100
2019-06-28 15:15:56.205546859,101971,176,101918,176,101972,76,101487,176,102276,100,101451,176,,,101410,176,,,101266,176,,,101214,100,,,101128,100,,,101008,100,,,100944,100,,,100927,100
2019-06-28 15:16:00.000000000,101971,62,101918,196,102276,196,101487,196,102277,96,101451,196,,,101410,196,,,101266,100,,,101214,100,,,101128,100,,,101008,100,,,100944,100,,,100927,100
2019-06-28 15:16:03.208717864,101971,62,101918,196,102276,196,101868,100,102277,96,101487,196,,,101451,196,,,101410,196,,,101266,100,,,101214,100,,,101128,100,,,101008,100,,,100944,100
2019-06-28 15:16:06.490677763,102276,196,101971,38,102277,96,101918,196,,,101868,100,,,101487,196,,,101451,196,,,101410,196,,,101266,100,,,101214,100,,,101128,100,,,101008,100
2019-06-28 15:16:10.000000000,102276,176,101971,114,102277,76,101918,176,,,101868,176,,,101487,176,,,101451,176,,,101410,100,,,101266,100,,,101214,100,,,101128,100,,,101008,100
2019-06-28 15:16:20.000000000,102276,291,101971,229,102277,191,101918,291,,,101868,100,,,101487,100,,,101451,100,,,101410,100,,,101266,100,,,101214,100,,,101128,100,,,101008,100
2019-06-28 15:16:30.000000000,102276,482,101971,420,,,101918,100,,,101868,100,,,101487,100,,,101451,100,,,101410,100,,,101266,100,,,101214,100,,,101128,100,,,101008,100
2019-06-28 15:16:40.000000000,102276,482,101971,420,,,101918,100,,,101868,100,,,101487,100,,,101451,100,,,101410,100,,,101266,100,,,101214,100,,,101128,100,,,101008,100
2019-06-28 15:16:50.000000000,102276,196,101971,134,102277,96,101918,196,,,101868,196,,,101487,196,,,101451,100,,,101410,100,,,101266,100,,,101214,100,,,101128,100,,,101008,100
2019-06-28 15:17:00.000000000,102276,42,101971,114,102277,76,101918,176,,,101868,176,,,101487,176,,,101451,176,,,101410,100,,,101266,100,,,101214,100,,,101128,100,,,101008,100
2019-06-28 15:17:10.000000000,,,101971,38,,,101918,100,,,101868,100,,,101487,100,,,101451,100,,,101410,100,,,101266,100,,,101214,100,,,101128,100,,,101008,100
2019-06-28 15:17:23.333410464,,,101971,38,,,101918,100,,,101868,100,,,101760,100,,,101487,100,,,101451,100,,,101410,100,,,101266,100,,,101214,100,,,101128,100
2019-06-28 15:19:09.479184752,102276,100,101971,38,,,101918,100,,,101868,100,,,101760,100,,,101487,100,,,101451,100,,,101410,100,,,101266,100,,,101214,100,,,101128,100
2019-06-28 15:19:10.000000000,102276,196,101971,134,102277,96,101918,196,,,101868,196,,,101760,196,,,101487,100,,,101451,100,,,101410,100,,,101266,100,,,101214,100,,,101128,100
2019-06-28 15:19:14.480148746,102276,296,101971,134,102277,96,101918,196,,,101868,196,,,101760,196,,,101487,100,,,101451,100,,,101410,100,,,101266,100,,,101214,100,,,101128,100
2019-06-28 15:19:14.755001622,102195,100,101971,134,102276,296,101918,196,102277,96,101868,196,,,101760,196,,,101487,100,,,101451,100,,,101410,100,,,101266,100,,,101214,100,,,101128,100
2019-06-28 15:19:20.000000000,102195,196,101971,134,102276,296,101918,196,102277,96,101868,196,,,101760,196,,,101487,100,,,101451,100,,,101410,100,,,101266,100,,,101214,100,,,101128,100
2019-06-28 15:19:30.000000000,102195,291,101971,229,102276,391,101918,291,,,101868,100,,,101760,100,,,101487,100,,,101451,100,,,101410,100,,,101266,100,,,101214,100,,,101128,100
2019-06-28 15:19:40.000000000,102195,196,101971,134,102276,296,101918,196,102277,96,101868,196,,,101760,196,,,101487,100,,,101451,100,,,101410,100,,,101266,100,,,101214,100,,,101128,100
2019-06-28 15:19:50.000000000,102195,291,101971,229,102276,391,101918,291,,,101868,100,,,101760,100,,,101487,100,,,101451,100,,,101410,100,,,101266,100,,,101214,100,,,101128,100
2019-06-28 15:20:00.000000000,102195,157,101971,229,102276,391,101918,291,,,101868,100,,,101760,100,,,101487,100,,,101451,100,,,101410,100,,,101266,100,,,101214,100,,,101128,100
2019-06-28 15:20:10.000000000,102276,330,101971,168,102277,126,101918,226,,,101868,226,,,101760,100,,,101487,100,,,101451,100,,,101410,100,,,101266,100,,,101214,100,,,101128,100
2019-06-28 15:20:11.079368132,102276,330,101971,168,102277,126,101918,126,,,101868,226,,,101760,100,,,101487,100,,,101451,100,,,101410,100,,,101266,100,,,101214,100,,,101207,100
2019-06-28 15:20:20.000000000,102276,330,101971,168,102277,126,101868,226,,,101760,226,,,101487,100,,,101451,100,,,101410,100,,,101266,100,,,101214,100,,,101207,100,,,101128,100
2019-06-28 15:20:20.958612309,102276,330,101971,68,102277,126,101868,226,,,101760,226,,,101487,100,,,101451,100,,,101410,100,,,101266,100,,,101214,100,,,101207,100,,,101128,100
2019-06-28 15:20:30.000000000,102276,330,101868,230,102277,126,101760,226,,,101487,226,,,101451,100,,,101410,100,,,101266,100,,,101214,100,,,101207,100,,,101128,100,,,101008,100
2019-06-28 15:20:36.154134963,102195,100,101868,230,102276,330,101760,226,102277,126,101487,126,,,101451,100,,,101410,100,,,101266,100,,,101214,100,,,101207,100,,,101128,100,,,101008,100
2019-06-28 15:20:40.000000000,102195,291,101868,291,102276,391,101760,291,,,101451,100,,,101410,100,,,101266,100,,,101214,100,,,101207,100,,,101128,100,,,101008,100,,,100944,100
2019-06-28 15:20:46.251028193,102195,291,101868,191,102276,391,101760,291,,,101451,100,,,101410,100,,,101266,100,,,101214,100,,,101207,100,,,101128,100,,,101008,100,,,100944,100
2019-06-28 15:20:50.000000000,102195,482,101760,482,102276,200,101451,100,,,101410,100,,,101266,100,,,101214,100,,,101207,100,,,101128,100,,,101008,100,,,100944,100,,,100927,100
2019-06-28 15:20:52.542416862,102195,482,101760,382,102276,200,101451,100,,,101410,100,,,101266,100,,,101214,100,,,101207,100,,,101128,100,,,101008,100,,,100944,100,,,100927,100
2019-06-28 15:21:00.000000000,102195,62,101451,196,102276,296,101410,196,102277,96,101266,196,,,101214,196,,,101207,100,,,101128,100,,,101008,100,,,100944,100,,,100927,100,,,100905,100
2019-06-28 15:21:10.000000000,102276,582,101451,482,,,101410,100,,,101266,100,,,101214,100,,,101207,100,,,101128,100,,,101008,100,,,100944,100,,,100927,100,,,100905,100
2019-06-28 15:21:19.197513536,102276,582,101451,382,,,101410,100,,,101266,100,,,101214,100,,,101207,100,,,101128,100,,,101008,100,,,100944,100,,,100927,100,,,100905,100
2019-06-28 15:21:20.000000000,102276,391,101410,291,102277,191,101266,291,,,101214,100,,,101207,100,,,101128,100,,,101008,100,,,100944,100,,,100927,100,,,100905,100,,,100690,100
2019-06-28 15:21:30.000000000,102276,276,101410,176,102277,76,101266,176,,,101214,176,,,101207,176,,,101128,176,,,101008,100,,,100944,100,,,100927,100,,,100905,100,,,100690,100
2019-06-28 15:21:40.000000000,102276,296,101410,196,102277,96,101266,196,,,101214,196,,,101207,196,,,101128,100,,,101008,100,,,100944,100,,,100927,100,,,100905,100,,,100690,100
2019-06-28 15:21:50.000000000,102276,391,101410,291,102277,191,101266,291,,,101214,100,,,101207,100,,,101128,100,,,101008,100,,,100944,100,,,100927,100,,,100905,100,,,100690,100
2019-06-28 15:22:00.000000000,102276,196,101410,230,102277,126,101266,226,,,101214,226,,,101207,100,,,101128,100,,,101008,100,,,100944,100,,,100927,100,,,100905,100,,,100690,100
2019-06-28 15:22:02.265683292,102276,196,101410,230,102277,126,101266,226,,,101214,226,,,101207,100,,,101187,100,,,101128,100,,,101008,100,,,100944,100,,,100927,100,,,100905,100
2019-06-28 15:22:10.000000000,102276,257,101410,291,102277,191,101266,291,,,101214,100,,,101207,100,,,101187,100,,,101128,100,,,101008,100,,,100944,100,,,100927,100,,,100905,100
2019-06-28 15:22:13.033695364,102276,257,101410,291,102277,191,101266,291,,,101214,100,,,101207,100,,,101187,100,,,101146,100,,,101128,100,,,101008,100,,,100944,100,,,100927,100
2019-06-28 15:22:20.000000000,102276,257,101410,291,102277,191,101266,291,,,101214,100,,,101207,100,,,101187,100,,,101146,100,,,101128,100,,,101008,100,,,100944,100,,,100927,100
2019-06-28 15:22:30.000000000,102276,162,101410,196,102277,96,101266,196,,,101214,196,,,101207,196,,,101187,100,,,101146,100,,,101128,100,,,101008,100,,,100944,100,,,100927,100
2019-06-28 15:22:32.195763582,102276,262,101410,196,102277,96,101266,196,,,101214,196,,,101207,196,,,101187,100,,,101146,100,,,101128,100,,,101008,100,,,100944,100,,,100927,100
2019-06-28 15:22:40.000000000,102276,242,101410,176,102277,76,101266,176,,,101214,176,,,101207,176,,,101187,176,,,101146,100,,,101128,100,,,101008,100,,,100944,100,,,100927,100
2019-06-28 15:22:50.000000000,102276,357,101410,291,102277,191,101266,291,,,101214,100,,,101207,100,,,101187,100,,,101146,100,,,101128,100,,,101008,100,,,100944,100,,,100927,100
2019-06-28 15:22:55.553175571,101526,100,101410,291,102276,357,101266,291,102277,191,101214,100,,,101207,100,,,101187,100,,,101146,100,,,101128,100,,,101008,100,,,100944,100,,,100927,100
2019-06-28 15:23:00.000000000,101526,42,101410,176,102276,242,101266,176,102277,76,101214,176,,,101207,176,,,101187,176,,,101146,100,,,101128,100,,,101008,100,,,100944,100,,,100927,100
2019-06-28 15:23:08.845267519,101526,42,101410,76,102276,242,101266,176,102277,76,101214,176,,,101207,176,,,101187,176,,,101146,100,,,101128,100,,,101008,100,,,100944,100,,,100927,100
2019-06-28 15:23:10.000000000,102276,296,101266,230,102277,126,101214,226,,,101207,226,,,101187,100,,,101146,100,,,101128,100,,,101008,100,,,100944,100,,,100927,100,,,100905,100
2019-06-28 15:23:20.000000000,102276,242,101266,176,102277,76,101214,176,,,101207,176,,,101187,176,,,101146,176,,,101128,100,,,101008,100,,,100944,100,,,100927,100,,,100905,100
2019-06-28 15:23:30.000000000,102276,242,101266,176,102277,76,101214,176,,,101207,176,,,101187,176,,,101146,176,,,101128,100,,,101008,100,,,100944,100,,,100927,100,,,100905,100
2019-06-28 15:23:40.000000000,102276,357,101266,291,102277,191,101214,291,,,101207,100,,,101187,100,,,101146,100,,,101128,100,,,101008,100,,,100944,100,,,100927,100,,,100905,100
2019-06-28 15:23:48.882338853,101401,100,101266,291,102276,357,101214,291,102277,191,101207,100,,,101187,100,,,101146,100,,,101128,100,,,101008,100,,,100944,100,,,100927,100,,,100905,100
2019-06-28 15:23:50.000000000,101401,482,101266,482,102276,166,101214,100,,,101207,100,,,101187,100,,,101146,100,,,101128,100,,,101008,100,,,100944,100,,,100927,100,,,100905,100
2019-06-28 15:24:00.000000000,101401,96,101266,230,102276,292,101214,226,102277,126,101207,226,,,101187,100,,,101146,100,,,101128,100,,,101008,100,,,100944,100,,,100927,100,,,100905,100
2019-06-28 15:24:07.842836693,101401,96,101266,130,102276,292,101214,226,102277,126,101207,226,,,101187,100,,,101146,100,,,101128,100,,,101008,100,,,100944,100,,,100927,100,,,100905,100
2019-06-28 15:24:10.000000000,102276,357,101214,291,102277,191,101207,291,,,101187,100,,,101146,100,,,101128,100,,,101008,100,,,100944,100,,,100927,100,,,100905,100,,,100690,100
2019-06-28 15:24:11.235686817,102276,357,101214,291,102277,191,101207,291,,,101187,100,,,101146,100,,,101128,100,,,101008,100,,,100944,100,,,100927,100,,,100905,100,,,100738,100
2019-06-28 15:24:11.641256323,102276,357,101214,291,102277,191,101207,291,,,101187,100,,,101146,100,,,101128,100,,,101008,100,,,100944,100,,,100927,100,,,100905,100,,,100797,100
2019-06-28 15:24:20.000000000,102276,357,101214,291,102277,191,101207,291,,,101187,100,,,101146,100,,,101128,100,,,101008,100,,,100944,100,,,100927,100,,,100905,100,,,100797,100
2019-06-28 15:24:26.810482351,102276,357,101214,291,102277,191,101207,291,,,101187,100,,,101146,100,,,101128,100,,,101008,100,,,100967,100,,,100944,100,,,100927,100,,,100905,100
2019-06-28 15:24:30.000000000,102276,296,101214,230,102277,126,101207,226,,,101187,226,,,101146,100,,,101128,100,,,101008,100,,,100967,100,,,100944,100,,,100927,100,,,100905,100
2019-06-28 15:24:31.027906046,102276,296,101214,230,102277,126,101207,226,,,101187,226,,,101146,100,,,101128,100,,,101008,100,,,100967,100,,,100944,100,,,100927,100,,,100905,100
2019-06-28 15:24:40.000000000,102276,242,101214,176,102277,76,101207,176,,,101187,176,,,101146,176,,,101128,176,,,101008,100,,,100967,100,,,100944,100,,,100927,100,,,100905,100
2019-06-28 15:24:50.000000000,102276,296,101214,230,102277,126,101207,226,,,101187,226,,,101146,100,,,101128,100,,,101008,100,,,100967,100,,,100944,100,,,100927,100,,,100905,100
2019-06-28 15:25:00.000000000,102276,414,101214,482,,,101207,100,,,101187,100,,,101146,100,,,101128,100,,,101008,100,,,100967,100,,,100944,100,,,100927,100,,,100905,100
2019-06-28 15:25:10.000000000,102276,108,101214,176,102277,76,101207,176,,,101187,176,,,101146,176,,,101128,176,,,101008,100,,,100967,100,,,100944,100,,,100927,100,,,100905,100
2019-06-28 15:25:15.462583037,102276,108,101214,76,102277,76,101207,176,,,101187,176,,,101146,176,,,101128,176,,,101008,100,,,100967,100,,,100944,100,,,100927,100,,,100905,100
2019-06-28 15:25:20.000000000,102276,108,101207,176,102277,76,101187,176,,,101146,176,,,101128,176,,,101008,176,,,100967,100,,,100944,100,,,100927,100,,,100905,100,,,100833,100
2019-06-28 15:25:30.000000000,102276,414,101207,482,,,101187,100,,,101146,100,,,101128,100,,,101008,100,,,100967,100,,,100944,100,,,100927,100,,,100905,100,,,100833,100
2019-06-28 15:25:40.000000000,102276,128,101207,196,102277,96,101187,196,,,101146,196,,,101128,196,,,101008,100,,,100967,100,,,100944,100,,,100927,100,,,100905,100,,,100833,100
2019-06-28 15:25:42.882785647,102275,100,101207,196,102276,128,101187,196,102277,96,101146,196,,,101128,196,,,101008,100,,,100967,100,,,100944,100,,,100927,100,,,100905,100,,,100833,100
2019-06-28 15:25:50.000000000,102275,291,101207,291,102276,223,101187,291,,,101146,100,,,101128,100,,,101008,100,,,100967,100,,,100944,100,,,100927,100,,,100905,100,,,100833,100
2019-06-28 15:26:00.000000000,102275,42,101207,176,102276,108,101187,176,102277,76,101146,176,,,101128,176,,,101008,176,,,100967,100,,,100944,100,,,100927,100,,,100905,100,,,100833,100
2019-06-28 15:26:04.069093454,102275,42,101207,76,102276,108,101187,176,102277,76,101146,176,,,101128,176,,,101008,176,,,100967,100,,,100944,100,,,100927,100,,,100905,100,,,100833,100
2019-06-28 15:26:10.000000000,102276,223,101187,291,102277,191,101146,291,,,101128,100,,,101008,100,,,100967,100,,,100944,100,,,100927,100,,,100905,100,,,100833,100,,,100797,100
2019-06-28 15:26:20.000000000,102276,108,101187,176,102277,76,101146,176,,,101128,176,,,101008,176,,,100967,176,,,100944,100,,,100927,100,,,100905,100,,,100833,100,,,100797,100
2019-06-28 15:26:30.000000000,102276,128,101187,196,102277,96,101146,196,,,101128,196,,,101008,196,,,100967,100,,,100944,100,,,100927,100,,,100905,100,,,100833,100,,,100797,100
2019-06-28 15:26:40.000000000,102276,128,101187,196,102277,96,101146,196,,,101128,196,,,101008,196,,,100967,100,,,100944,100,,,100927,100,,,100905,100,,,100833,100,,,100797,100
2019-06-28 15:26:46.102106699,102275,100,101187,196,102276,128,101146,196,102277,96,101128,196,,,101008,196,,,100967,100,,,100944,100,,,100927,100,,,100905,100,,,100833,100,,,100797,100
2019-06-28 15:26:50.000000000,102275,230,101187,230,102276,158,101146,226,102277,126,101128,226,,,101008,100,,,100967,100,,,100944,100,,,100927,100,,,100905,100,,,100833,100,,,100797,100
2019-06-28 15:26:50.548324722,102275,230,101379,100,102276,158,101187,230,102277,126,101146,226,,,101128,226,,,101008,100,,,100967,100,,,100944,100,,,100927,100,,,100905,100,,,100833,100
2019-06-28 15:27:00.000000000,102275,62,101379,196,102276,128,101187,196,102277,96,101146,196,,,101128,196,,,101008,100,,,100967,100,,,100944,100,,,100927,100,,,100905,100,,,100833,100
2019-06-28 15:27:00.106661211,102275,162,101379,196,102276,128,101187,196,102277,96,101146,196,,,101128,196,,,101008,100,,,100967,100,,,100944,100,,,100927,100,,,100905,100,,,100833,100
2019-06-28 15:27:10.000000000,102275,482,101379,482,102276,32,101187,100,,,101146,100,,,101128,100,,,101008,100,,,100967,100,,,100944,100,,,100927,100,,,100905,100,,,100833,100
2019-06-28 15:27:20.000000000,102275,176,101379,176,102276,108,101187,176,102277,76,101146,176,,,101128,176,,,101008,176,,,100967,100,,,100944,100,,,100927,100,,,100905,100,,,100833,100
2019-06-28 15:27:20.946505870,102275,176,101379,176,102276,108,101285,100,102277,76,101187,176,,,101146,176,,,101128,176,,,101008,176,,,100967,100,,,100944,100,,,100905,100,,,100833,100
2019-06-28 15:27:30.000000000,102275,482,101379,482,102276,32,101285,100,,,101187,100,,,101146,100,,,101128,100,,,101008,100,,,100967,100,,,100944,100,,,100905,100,,,100833,100
2019-06-28 15:27:33.993470626,101735,100,101379,482,102275,482,101285,100,102276,32,101187,100,,,101146,100,,,101128,100,,,101008,100,,,100967,100,,,100944,100,,,100905,100,,,100833,100
2019-06-28 15:27:34.609445582,101735,100,101619,100,102275,482,101379,482,102276,32,101285,100,,,101187,100,,,101146,100,,,101128,100,,,101008,100,,,100967,100,,,100944,100,,,100905,100
2019-06-28 15:27:40.000000000,101735,196,101619,196,102275,196,101379,196,102276,128,101285,196,102277,96,101187,196,,,101146,100,,,101128,100,,,101008,100,,,100967,100,,,100944,100,,,100905,100
2019-06-28 15:27:43.534329223,101735,196,101619,196,102275,296,101379,196,102276,128,101285,196,102277,96,101187,196,,,101146,100,,,101128,100,,,101008,100,,,100967,100,,,100944,100,,,100905,100
2019-06-28 15:27:45.986438936,101735,196,101619,196,101892,100,101379,196,102275,296,101285,196,102276,128,101187,96,102277,96,101146,100,,,101128,100,,,101008,100,,,100967,100,,,100944,100,,,100905,100
2019-06-28 15:27:50.000000000,101735,291,101619,291,101892,291,101379,291,102275,200,101285,100,102276,32,101146,100,,,101128,100,,,101008,100,,,100967,100,,,100944,100,,,100905,100,,,100833,100
2019-06-28 15:28:00.000000000,101735,348,101619,482,101892,100,101379,100,102275,200,101285,100,102276,32,101146,100,,,101128,100,,,101008,100,,,100967,100,,,100944,100,,,100905,100,,,100833,100
2019-06-28 15:28:10.000000000,101892,291,101619,291,102275,391,101379,291,102276,32,101285,100,,,101146,100,,,101128,100,,,101008,100,,,100967,100,,,100944,100,,,100905,100,,,100833,100
2019-06-28 15:28:11.851245012,101892,291,101619,291,102275,391,101379,291,102276,32,101285,100,,,101146,100,,,101129,100,,,101128,100,,,101008,100,,,100967,100,,,100944,100,,,100905,100
2019-06-28 15:28:20.000000000,101892,176,101619,176,102275,276,101379,176,102276,108,101285,176,102277,76,101146,176,,,101129,176,,,101128,100,,,101008,100,,,100967,100,,,100944,100,,,100905,100
2019-06-28 15:28:30.000000000,101892,482,101619,482,102275,200,101379,100,102276,32,101285,100,,,101146,100,,,101129,100,,,101128,100,,,101008,100,,,100967,100,,,100944,100,,,100905,100
2019-06-28 15:28:38.842494953,101892,482,101619,482,102275,200,101379,100,102276,32,101285,100,,,101146,100,,,101129,100,,,101128,100,,,101008,100,,,100967,100,,,100944,100,,,100937,100
2019-06-28 15:28:40.000000000,101892,196,101619,196,102275,296,101379,196,102276,128,101285,196,102277,96,101146,196,,,101129,100,,,101128,100,,,101008,100,,,100967,100,,,100944,100,,,100937,100
2019-06-28 15:28:45.465145936,101892,196,101619,196,102275,296,101379,196,102276,128,101285,196,102277,96,101146,196,,,101129,100,,,101128,100,,,101008,100,,,101000,100,,,100967,100,,,100944,100
2019-06-28 15:28:47.728463441,101892,196,101619,96,102275,296,101379,196,102276,128,101285,196,102277,96,101146,196,,,101129,100,,,101128,100,,,101008,100,,,101000,100,,,100967,100,,,100944,100
2019-06-28 15:28:50.000000000,101892,482,101379,482,102275,200,101285,100,102276,32,101146,100,,,101129,100,,,101128,100,,,101008,100,,,101000,100,,,100967,100,,,100944,100,,,100937,100
2019-06-28 15:28:52.483995052,101892,482,101379,382,102275,200,101285,100,102276,32,101146,100,,,101129,100,,,101128,100,,,101008,100,,,101000,100,,,100967,100,,,100944,100,,,100937,100
2019-06-28 15:28:53.941091775,101892,482,101379,282,102275,200,101285,100,102276,32,101146,100,,,101129,100,,,101128,100,,,101008,100,,,101000,100,,,100967,100,,,100944,100,,,100937,100
2019-06-28 15:29:00.000000000,101892,42,101285,176,102275,276,101146,176,102276,108,101129,176,102277,76,101128,176,,,101008,176,,,101000,100,,,100967,100,,,100944,100,,,100937,100,,,100905,100
2019-06-28 15:29:10.000000000,102275,276,101285,176,102276,108,101146,176,102277,76,101129,176,,,101128,176,,,101008,176,,,101000,100,,,100967,100,,,100944,100,,,100937,100,,,100905,100
2019-06-28 15:29:11.861084228,102275,276,101391,100,102276,108,101285,176,102277,76,101146,76,,,101129,176,,,101128,176,,,101008,176,,,101000,100,,,100967,100,,,100944,100,,,100937,100
2019-06-28 15:29:20.000000000,102275,330,101391,230,102276,158,101285,226,102277,126,101129,226,,,101128,100,,,101008,100,,,101000,100,,,100967,100,,,100944,100,,,100937,100,,,100905,100
2019-06-28 15:29:30.000000000,102275,582,101391,482,102276,32,101285,100,,,101129,100,,,101128,100,,,101008,100,,,101000,100,,,100967,100,,,100944,100,,,100937,100,,,100905,100
2019-06-28 15:29:40.000000000,102275,276,101391,176,102276,108,101285,176,102277,76,101129,176,,,101128,176,,,101008,176,,,101000,100,,,100967,100,,,100944,100,,,100937,100,,,100905,100
2019-06-28 15:29:50.000000000,102275,296,101391,196,102276,128,101285,196,102277,96,101129,196,,,101128,196,,,101008,100,,,101000,100,,,100967,100,,,100944,100,,,100937,100,,,100905,100
2019-06-28 15:29:53.359086883,102275,296,101391,196,102276,128,101285,196,102277,96,101129,196,,,101128,196,,,101008,100,,,101000,100,,,100967,100,,,100944,100,,,100937,100,,,100936,100
2019-06-28 15:29:59.229834340,102275,296,101391,96,102276,128,101285,196,102277,96,101129,196,,,101128,196,,,101008,100,,,101000,100,,,100967,100,,,100944,100,,,100937,100,,,100936,100
2019-06-28 15:30:00.000000000,102275,142,101285,176,102276,108,101129,176,102277,76,101128,176,,,101008,176,,,101000,176,,,100967,100,,,100944,100,,,100937,100,,,100936,100,,,100905,100
2019-06-28 15:30:03.552984573,102275,142,101285,176,102276,108,101129,176,102277,76,101128,176,,,101072,100,,,101008,176,,,101000,176,,,100967,100,,,100944,100,,,100937,100,,,100936,100
2019-06-28 15:30:10.000000000,102275,257,101285,291,102276,223,101129,291,,,101128,100,,,101072,100,,,101008,100,,,101000,100,,,100967,100,,,100944,100,,,100937,100,,,100936,100
2019-06-28 15:30:19.137470883,102275,257,101285,191,102276,223,101129,291,,,101128,100,,,101072,100,,,101008,100,,,101000,100,,,100967,100,,,100937,100,,,100936,100,,,100905,100
2019-06-28 15:30:20.000000000,102275,196,101129,230,102276,158,101128,226,102277,126,101072,226,,,101008,100,,,101000,100,,,100967,100,,,100937,100,,,100936,100,,,100905,100,,,100833,100
2019-06-28 15:30:30.000000000,102275,257,101129,291,102276,223,101128,291,,,101072,100,,,101008,100,,,101000,100,,,100967,100,,,100937,100,,,100936,100,,,100905,100,,,100833,100
2019-06-28 15:30:30.537954589,102275,257,101129,291,102276,223,101128,291,,,101072,100,,,101008,100,,,101000,100,,,100974,100,,,100967,100,,,100937,100,,,100936,100,,,100905,100
2019-06-28 15:30:40.000000000,102275,196,101129,230,102276,158,101128,226,102277,126,101072,226,,,101008,100,,,101000,100,,,100974,100,,,100967,100,,,100937,100,,,100936,100,,,100905,100
2019-06-28 15:30:44.407435458,102275,196,101129,130,102276,158,101128,226,102277,126,101072,226,,,101008,100,,,101000,100,,,100974,100,,,100967,100,,,100937,100,,,100936,100,,,100905,100
2019-06-28 15:30:50.000000000,102275,196,101128,230,102276,158,101072,226,102277,126,101008,226,,,101000,100,,,100974,100,,,100967,100,,,100937,100,,,100936,100,,,100905,100,,,100833,100
2019-06-28 15:31:00.000000000,102275,314,101128,482,102276,32,101072,100,,,101008,100,,,101000,100,,,100974,100,,,100967,100,,,100937,100,,,100936,100,,,100905,100,,,100833,100
2019-06-28 15:31:10.000000000,102276,414,101128,482,,,101072,100,,,101008,100,,,101000,100,,,100974,100,,,100967,100,,,100937,100,,,100936,100,,,100905,100,,,100833,100
2019-06-28 15:31:11.956449637,102275,100,101128,482,102276,414,101072,100,,,101008,100,,,101000,100,,,100974,100,,,100967,100,,,100937,100,,,100936,100,,,100905,100,,,100833,100
2019-06-28 15:31:13.756132311,102275,200,101128,482,102276,414,101072,100,,,101008,100,,,101000,100,,,100974,100,,,100967,100,,,100937,100,,,100936,100,,,100905,100,,,100833,100
2019-06-28 15:31:15.129656002,102275,200,101128,382,102276,414,101072,100,,,101008,100,,,101000,100,,,100974,100,,,100967,100,,,100937,100,,,100936,100,,,100905,100,,,100833,100
2019-06-28 15:31:20.000000000,102275,582,101072,482,102276,32,101008,100,,,101000,100,,,100974,100,,,100967,100,,,100937,100,,,100936,100,,,100905,100,,,100833,100,,,100690,100
2019-06-28 15:31:30.000000000,102275,296,101072,196,102276,128,101008,196,102277,96,101000,196,,,100974,196,,,100967,100,,,100937,100,,,100936,100,,,100905,100,,,100833,100,,,100690,100
2019-06-28 15:31:40.000000000,102275,582,101072,482,102276,32,101008,100,,,101000,100,,,100974,100,,,100967,100,,,100937,100,,,100936,100,,,100905,100,,,100833,100,,,100690,100
2019-06-28 15:31:41.307622647,102275,582,101072,482,102276,32,101008,100,,,101000,100,,,100974,100,,,100967,100,,,100937,100,,,100936,100,,,100905,100,,,100897,100,,,100833,100
2019-06-28 15:31:50.000000000,102275,276,101072,176,102276,108,101008,176,102277,76,101000,176,,,100974,176,,,100967,176,,,100937,100,,,100936,100,,,100905,100,,,100897,100,,,100833,100
2019-06-28 15:31:51.609258245,102275,276,101072,76,102276,108,101008,176,102277,76,101000,176,,,100974,176,,,100967,176,,,100937,100,,,100936,100,,,100905,100,,,100897,100,,,100833,100
2019-06-28 15:31:54.960372371,101072,24,101008,176,102275,276,101000,176,102276,108,100974,176,102277,76,100967,176,,,100937,100,,,100905,100,,,100897,100,,,100833,100,,,100690,100,,,100618,100
2019-06-28 15:32:00.000000000,102275,242,101008,176,102276,108,101000,176,102277,76,100974,176,,,100967,176,,,100937,176,,,100905,100,,,100897,100,,,100833,100,,,100690,100,,,100618,100
2019-06-28 15:32:10.000000000,102275,548,101008,482,102276,32,101000,100,,,100974,100,,,100967,100,,,100937,100,,,100905,100,,,100897,100,,,100833,100,,,100690,100,,,100618,100
2019-06-28 15:32:20.000000000,102275,548,101008,482,102276,32,101000,100,,,100974,100,,,100967,100,,,100937,100,,,100905,100,,,100897,100,,,100833,100,,,100690,100,,,100618,100
2019-06-28 15:32:24.031717464,102275,648,101008,482,102276,32,101000,100,,,100974,100,,,100967,100,,,100937,100,,,100905,100,,,100897,100,,,100833,100,,,100690,100,,,100618,100
2019-06-28 15:32:30.000000000,102275,457,101008,291,102276,223,101000,291,,,100974,100,,,100967,100,,,100937,100,,,100905,100,,,100897,100,,,100833,100,,,100690,100,,,100618,100
2019-06-28 15:32:40.000000000,102275,396,101008,230,102276,158,101000,226,102277,126,100974,226,,,100967,100,,,100937,100,,,100905,100,,,100897,100,,,100833,100,,,100690,100,,,100618,100
2019-06-28 15:32:50.000000000,102275,648,101008,482,102276,32,101000,100,,,100974,100,,,100967,100,,,100937,100,,,100905,100,,,100897,100,,,100833,100,,,100690,100,,,100618,100
2019-06-28 15:33:00.000000000,102275,228,101008,196,102276,128,101000,196,102277,96,100974,196,,,100967,196,,,100937,100,,,100905,100,,,100897,100,,,100833,100,,,100690,100,,,100618,100
2019-06-28 15:33:10.000000000,102275,262,101008,230,102276,158,101000,226,102277,126,100974,226,,,100967,100,,,100937,100,,,100905,100,,,100897,100,,,100833,100,,,100690,100,,,100618,100
2019-06-28 15:33:13.193813521,102275,262,101008,230,102276,158,101000,226,102277,126,100974,226,,,100967,100,,,100937,100,,,100905,100,,,100897,100,,,100833,100,,,100690,100,,,100618,100
2019-06-28 15:33:20.000000000,102275,228,101008,196,102276,128,101000,196,102277,96,100974,196,,,100967,196,,,100937,100,,,100905,100,,,100897,100,,,100833,100,,,100690,100,,,100618,100
2019-06-28 15:33:25.251825975,102275,228,101008,196,102276,128,101000,196,102277,96,100974,196,,,100967,196,,,100937,100,,,100905,100,,,100897,100,,,100833,100,,,100727,100,,,100690,100
2019-06-28 15:33:30.000000000,102275,228,101008,196,102276,128,101000,196,102277,96,100974,196,,,100967,196,,,100937,100,,,100905,100,,,100897,100,,,100833,100,,,100727,100,,,100690,100
2019-06-28 15:33:30.909888324,102275,328,101008,196,102276,128,101000,196,102277,96,100974,196,,,100967,196,,,100937,100,,,100905,100,,,100897,100,,,100833,100,,,100727,100,,,100690,100
2019-06-28 15:33:36.069241748,102275,328,101008,196,102276,96,101000,196,102277,96,100974,196,,,100967,196,,,100937,100,,,100905,100,,,100897,100,,,100833,100,,,100727,100,,,100690,100
2019-06-28 15:33:37.067416977,102275,428,101008,196,102276,96,101000,196,102277,96,100974,196,,,100967,196,,,100937,100,,,100905,100,,,100897,100,,,100833,100,,,100727,100,,,100690,100
2019-06-28 15:33:40.000000000,102275,523,101008,291,102276,191,101000,291,,,100974,100,,,100967,100,,,100937,100,,,100905,100,,,100897,100,,,100833,100,,,100727,100,,,100690,100
2019-06-28 15:33:40.838559406,102275,523,101008,191,102276,191,101000,291,,,100974,100,,,100967,100,,,100937,100,,,100905,100,,,100897,100,,,100833,100,,,100727,100,,,100690,100
2019-06-28 15:33:41.143590913,101086,100,101008,191,102275,523,101000,291,102276,191,100974,100,,,100967,100,,,100937,100,,,100905,100,,,100897,100,,,100833,100,,,100727,100,,,100690,100
2019-06-28 15:33:50.000000000,101086,482,101000,482,102275,332,100974,100,,,100967,100,,,100937,100,,,100905,100,,,100897,100,,,100833,100,,,100727,100,,,100690,100,,,100618,100
2019-06-28 15:34:00.000000000,101086,42,101000,176,102275,408,100974,176,102276,76,100967,176,,,100937,176,,,100905,176,,,100897,100,,,100833,100,,,100727,100,,,100690,100,,,100618,100
2019-06-28 15:34:10.000000000,102275,462,101000,230,102276,126,100974,226,,,100967,226,,,100937,100,,,100905,100,,,100897,100,,,100833,100,,,100727,100,,,100690,100,,,100618,100
2019-06-28 15:34:20.000000000,102275,523,101000,291,102276,191,100974,291,,,100967,100,,,100937,100,,,100905,100,,,100897,100,,,100833,100,,,100727,100,,,100690,100,,,100618,100
2019-06-28 15:34:20.123067310,102275,523,101000,191,102276,191,100974,291,,,100967,100,,,100937,100,,,100905,100,,,100897,100,,,100833,100,,,100727,100,,,100690,100,,,100618,100
2019-06-28 15:34:22.866842277,102275,523,101000,191,102276,191,100974,291,,,100967,100,,,100905,100,,,100897,100,,,100833,100,,,100727,100,,,100690,100,,,100618,100,,,100580,100
2019-06-28 15:34:30.000000000,102275,714,100974,482,,,100967,100,,,100905,100,,,100897,100,,,100833,100,,,100727,100,,,100690,100,,,100618,100,,,100580,100,,,100415,100
2019-06-28 15:34:31.884082496,102275,714,100974,482,,,100967,100,,,100905,100,,,100897,100,,,100833,100,,,100727,100,,,100690,100,,,100632,100,,,100618,100,,,100580,100
2019-06-28 15:34:40.000000000,102275,462,100974,230,102276,126,100967,226,,,100905,226,,,100897,100,,,100833,100,,,100727,100,,,100690,100,,,100632,100,,,100618,100,,,100580,100
2019-06-28 15:34:40.270462894,102275,462,100974,230,102276,126,100967,226,,,100905,226,,,100897,100,,,100727,100,,,100690,100,,,100632,100,,,100618,100,,,100580,100,,,100518,100
2019-06-28 15:34:50.000000000,102275,462,100974,230,102276,126,100967,226,,,100905,226,,,100897,100,,,100727,100,,,100690,100,,,100632,100,,,100618,100,,,100580,100,,,100518,100
2019-06-28 15:34:58.222965060,102275,462,100974,130,102276,126,100967,226,,,100905,226,,,100897,100,,,100727,100,,,100690,100,,,100632,100,,,100618,100,,,100580,100,,,100518,100
2019-06-28 15:35:00.000000000,102275,389,100967,291,102276,191,100905,291,,,100897,100,,,100727,100,,,100690,100,,,100632,100,,,100618,100,,,100580,100,,,100518,100,,,100415,100
2019-06-28 15:35:10.000000000,102275,389,100967,291,102276,191,100905,291,,,100897,100,,,100727,100,,,100690,100,,,100632,100,,,100618,100,,,100580,100,,,100518,100,,,100415,100
2019-06-28 15:35:20.000000000,102275,580,100967,482,,,100905,100,,,100897,100,,,100727,100,,,100690,100,,,100632,100,,,100618,100,,,100580,100,,,100518,100,,,100415,100
2019-06-28 15:35:30.000000000,102275,294,100967,196,102276,96,100905,196,,,100897,196,,,100727,196,,,100690,100,,,100632,100,,,100618,100,,,100580,100,,,100518,100,,,100415,100
2019-06-28 15:35:33.919107472,102275,294,100967,96,102276,96,100905,196,,,100897,196,,,100727,196,,,100690,100,,,100632,100,,,100618,100,,,100580,100,,,100518,100,,,100415,100
2019-06-28 15:35:40.000000000,102275,580,100905,482,,,100897,100,,,100727,100,,,100690,100,,,100632,100,,,100618,100,,,100580,100,,,100518,100,,,100415,100,,,,
2019-06-28 15:35:50.000000000,102275,294,100905,196,102276,96,100897,196,,,100727,196,,,100690,196,,,100632,100,,,100618,100,,,100580,100,,,100518,100,,,100415,100,,,,
2019-06-28 15:35:53.603552833,101131,100,100905,196,102275,294,100897,196,102276,96,100727,196,,,100690,196,,,100632,100,,,100618,100,,,100580,100,,,100518,100,,,100415,100,,,,
2019-06-28 15:36:00.000000000,101131,96,100905,230,102275,324,100897,226,102276,126,100727,226,,,100690,100,,,100632,100,,,100618,100,,,100580,100,,,100518,100,,,100415,100,,,,
2019-06-28 15:36:04.762396561,101131,96,101085,100,102275,324,100905,230,102276,126,100897,226,,,100727,226,,,100690,100,,,100632,100,,,100618,100,,,100580,100,,,100518,100,,,100415,100
2019-06-28 15:36:06.599286474,101131,96,101085,100,101133,100,100905,230,102275,324,100897,226,102276,126,100727,226,,,100690,100,,,100632,100,,,100618,100,,,100580,100,,,100518,100,,,100415,100
2019-06-28 15:36:07.372148522,101133,100,101131,4,102275,324,101085,100,102276,126,100905,230,,,100897,226,,,100727,226,,,100690,100,,,100632,100,,,100618,100,,,100580,100,,,100518,100
2019-06-28 15:36:10.000000000,101133,291,101131,195,102275,389,101085,291,,,100905,100,,,100897,100,,,100727,100,,,100690,100,,,100632,100,,,100618,100,,,100580,100,,,100518,100
2019-06-28 15:36:20.000000000,101133,291,101131,195,102275,389,101085,291,,,100905,100,,,100897,100,,,100727,100,,,100690,100,,,100632,100,,,100618,100,,,100580,100,,,100518,100
2019-06-28 15:36:30.000000000,101133,196,101131,100,102275,294,101085,196,102276,96,100905,196,,,100897,196,,,100727,100,,,100690,100,,,100632,100,,,100618,100,,,100580,100,,,100518,100
2019-06-28 15:36:40.000000000,101133,196,101131,100,102275,294,101085,196,102276,96,100905,196,,,100897,196,,,100727,100,,,100690,100,,,100632,100,,,100618,100,,,100580,100,,,100518,100
2019-06-28 15:36:50.000000000,101133,230,101131,134,102275,324,101085,226,102276,126,100905,226,,,100897,100,,,100727,100,,,100690,100,,,100632,100,,,100618,100,,,100580,100,,,100518,100
2019-06-28 15:36:58.488198318,101133,230,101131,134,102275,324,101085,226,102276,126,100905,226,,,100897,100,,,100727,100,,,100690,100,,,100632,100,,,100618,100,,,100580,200,,,100518,100
2019-06-28 15:37:00.000000000,101133,343,101131,386,102275,198,101085,100,,,100905,100,,,100897,100,,,100727,100,,,100690,100,,,100632,100,,,100618,100,,,100580,200,,,100518,100
2019-06-28 15:37:10.000000000,102275,294,101131,100,102276,96,101085,196,,,100905,196,,,100897,196,,,100727,100,,,100690,100,,,100632,100,,,100618,100,,,100580,200,,,100518,100
2019-06-28 15:37:20.000000000,102275,580,101131,386,,,101085,100,,,100905,100,,,100897,100,,,100727,100,,,100690,100,,,100632,100,,,100618,100,,,100580,200,,,100518,100
2019-06-28 15:37:30.000000000,102275,328,101131,134,102276,126,101085,226,,,100905,226,,,100897,100,,,100727,100,,,100690,100,,,100632,100,,,100618,100,,,100580,200,,,100518,100
2019-06-28 15:37:36.877964261,102275,328,101131,34,102276,126,101085,226,,,100905,226,,,100897,100,,,100727,100,,,100690,100,,,100632,100,,,100618,100,,,100580,200,,,100518,100
2019-06-28 15:37:40.000000000,102275,294,101085,196,102276,96,100905,196,,,100897,196,,,100727,196,,,100690,100,,,100632,100,,,100618,100,,,100580,200,,,100518,100,,,100415,100
2019-06-28 15:37:50.000000000,102275,389,101085,291,102276,191,100905,291,,,100897,100,,,100727,100,,,100690,100,,,100632,100,,,100618,100,,,100580,200,,,100518,100,,,100415,100
2019-06-28 15:38:00.000000000,102275,160,101085,191,102276,96,100905,196,,,100897,196,,,100727,196,,,100690,100,,,100632,100,,,100618,100,,,100580,200,,,100518,100,,,100415,100
2019-06-28 15:38:10.000000000,102275,160,101085,191,102276,96,100905,196,,,100897,196,,,100727,196,,,100690,100,,,100632,100,,,100618,100,,,100580,200,,,100518,100,,,100415,100
2019-06-28 15:38:13.341333110,102275,96,101085,291,102276,96,100905,196,,,100897,196,,,100727,196,,,100690,100,,,100632,100,,,100618,100,,,100580,200,,,100518,100,,,100415,100
2019-06-28 15:38:20.000000000,,,101085,195,,,100905,100,,,100897,100,,,100727,100,,,100690,100,,,100632,100,,,100618,100,,,100580,200,,,100518,100,,,100415,100
2019-06-28 15:39:08.869243247,101531,100,101085,195,,,100905,100,,,100897,100,,,100727,100,,,100690,100,,,100632,100,,,100618,100,,,100580,200,,,100518,100,,,100415,100
2019-06-28 15:39:10.000000000,101531,230,101085,325,101532,126,100905,226,,,100897,226,,,100727,100,,,100690,100,,,100632,100,,,100618,100,,,100580,200,,,100518,100,,,100415,100
2019-06-28 15:39:11.024297285,101531,230,101085,325,101532,126,100905,226,102275,100,100897,226,,,100727,100,,,100690,100,,,100632,100,,,100618,100,,,100580,200,,,100518,100,,,100415,100
2019-06-28 15:39:20.000000000,101531,482,101085,577,102275,100,100905,100,,,100897,100,,,100727,100,,,100690,100,,,100632,100,,,100618,100,,,100580,200,,,100518,100,,,100415,100
2019-06-28 15:39:30.000000000,101531,291,101085,386,102275,291,100905,291,,,100897,100,,,100727,100,,,100690,100,,,100632,100,,,100618,100,,,100580,200,,,100518,100,,,100415,100
2019-06-28 15:39:31.474648644,101531,291,101393,100,102275,291,101085,386,,,100905,291,,,100897,100,,,100727,100,,,100690,100,,,100632,100,,,100618,100,,,100580,200,,,100518,100
2019-06-28 15:39:36.285115284,101531,291,101393,100,102275,291,101218,100,,,101085,386,,,100905,291,,,100897,100,,,100727,100,,,100690,100,,,100632,100,,,100618,100,,,100580,200
2019-06-28 15:39:40.000000000,101531,482,101393,482,102275,100,101218,100,,,101085,195,,,100905,100,,,100897,100,,,100727,100,,,100690,100,,,100632,100,,,100618,100,,,100580,200
2019-06-28 15:39:50.000000000,101531,230,101393,230,102275,226,101218,226,102276,126,101085,321,,,100905,100,,,100897,100,,,100727,100,,,100690,100,,,100632,100,,,100618,100,,,100580,200
2019-06-28 15:39:52.542578562,101531,230,101393,230,102275,226,101218,226,102276,126,101085,421,,,100905,100,,,100897,100,,,100727,100,,,100690,100,,,100632,100,,,100618,100,,,100580,200
2019-06-28 15:40:00.000000000,101531,157,101393,291,102275,291,101218,291,,,101085,295,,,100905,100,,,100897,100,,,100727,100,,,100690,100,,,100632,100,,,100618,100,,,100580,200
2019-06-28 15:40:10.000000000,102275,176,101393,176,102276,76,101218,176,,,101085,371,,,100905,176,,,100897,176,,,100727,100,,,100690,100,,,100632,100,,,100618,100,,,100580,200
2019-06-28 15:40:20.000000000,102275,482,101393,482,,,101218,100,,,101085,295,,,100905,100,,,100897,100,,,100727,100,,,100690,100,,,100632,100,,,100618,100,,,100580,200
2019-06-28 15:40:30.000000000,102275,291,101393,291,102276,191,101218,291,,,101085,295,,,100905,100,,,100897,100,,,100727,100,,,100690,100,,,100632,100,,,100618,100,,,100580,200
2019-06-28 15:40:32.782629471,102275,291,101393,291,102276,191,101218,291,,,101085,195,,,100905,100,,,100897,100,,,100727,100,,,100690,100,,,100632,100,,,100618,100,,,100580,200
2019-06-28 15:40:40.000000000,102275,291,101393,291,102276,191,101218,291,,,101085,195,,,100905,100,,,100897,100,,,100727,100,,,100690,100,,,100632,100,,,100618,100,,,100580,200
2019-06-28 15:40:50.000000000,102275,230,101393,230,102276,126,101218,226,,,101085,321,,,100905,100,,,100897,100,,,100727,100,,,100690,100,,,100632,100,,,100618,100,,,100580,200
2019-06-28 15:41:00.000000000,102275,157,101393,291,102276,191,101218,291,,,101085,195,,,100905,100,,,100897,100,,,100727,100,,,100690,100,,,100632,100,,,100618,100,,,100580,200
2019-06-28 15:41:04.933605192,102275,157,101393,291,102276,191,101218,291,,,101097,100,,,101085,195,,,100905,100,,,100897,100,,,100727,100,,,100690,100,,,100632,100,,,100618,100
2019-06-28 15:41:10.000000000,,,101393,100,,,101218,100,,,101097,100,,,101085,195,,,100905,100,,,100897,100,,,100727,100,,,100690,100,,,100632,100,,,100618,100
2019-06-28 15:41:14.094250120,,,101218,100,,,101097,100,,,101085,195,,,100905,100,,,100897,100,,,100727,100,,,100690,100,,,100632,100,,,100618,100,,,100580,200
2019-06-28 15:41:30.147678003,,,101380,100,,,101218,100,,,101097,100,,,101085,195,,,100905,100,,,100897,100,,,100727,100,,,100690,100,,,100632,100,,,100618,100
2019-06-28 15:41:31.578138351,,,101218,100,,,101097,100,,,101085,195,,,100905,100,,,100897,100,,,100727,100,,,100690,100,,,100632,100,,,100618,100,,,100580,200
2019-06-28 15:41:49.013210724,101393,100,101218,100,,,101097,100,,,101085,195,,,100905,100,,,100897,100,,,100727,100,,,100690,100,,,100632,100,,,100618,100,,,100580,200
2019-06-28 15:41:50.000000000,101393,482,101218,482,,,101097,100,,,101085,195,,,100905,100,,,100897,100,,,100727,100,,,100690,100,,,100632,100,,,100618,100,,,100580,200
2019-06-28 15:42:00.000000000,101393,257,101218,191,101394,191,101097,291,,,101085,195,,,100905,100,,,100897,100,,,100727,100,,,100690,100,,,100632,100,,,100618,100,,,100580,200
2019-06-28 15:42:10.000000000,101393,448,101097,482,,,101085,195,,,100905,100,,,100897,100,,,100727,100,,,100690,100,,,100632,100,,,100618,100,,,100580,200,,,100518,100
2019-06-28 15:42:18.288993089,101393,448,101097,382,,,101085,195,,,100905,100,,,100897,100,,,100727,100,,,100690,100,,,100632,100,,,100618,100,,,100580,200,,,100518,100
2019-06-28 15:42:20.000000000,101393,196,101085,325,101394,126,100905,226,,,100897,226,,,100727,100,,,100690,100,,,100632,100,,,100618,100,,,100580,200,,,100518,100,,,100415,100
2019-06-28 15:42:30.000000000,101393,196,101085,325,101394,126,100905,226,,,100897,226,,,100727,100,,,100690,100,,,100632,100,,,100618,100,,,100580,200,,,100518,100,,,100415,100
2019-06-28 15:42:40.000000000,101393,162,101085,291,101394,96,100905,196,,,100897,196,,,100727,196,,,100690,100,,,100632,100,,,100618,100,,,100580,200,,,100518,100,,,100415,100
2019-06-28 15:42:49.041505560,101392,100,101085,291,101393,162,100905,196,101394,96,100897,196,,,100727,196,,,100690,100,,,100632,100,,,100618,100,,,100580,200,,,100518,100,,,100415,100
2019-06-28 15:42:50.000000000,101392,291,101085,386,101393,257,100905,291,,,100897,100,,,100727,100,,,100690,100,,,100632,100,,,100618,100,,,100580,200,,,100518,100,,,100415,100
2019-06-28 15:43:00.000000000,101392,196,101085,157,101393,162,100905,196,101394,96,100897,196,,,100727,196,,,100690,100,,,100632,100,,,100618,100,,,100580,200,,,100518,100,,,100415,100
2019-06-28 15:43:10.000000000,101392,291,101085,252,101393,257,100905,291,,,100897,100,,,100727,100,,,100690,100,,,100632,100,,,100618,100,,,100580,200,,,100518,100,,,100415,100
2019-06-28 15:43:10.889462576,101392,291,101085,152,101393,257,100905,291,,,100897,100,,,100727,100,,,100690,100,,,100632,100,,,100618,100,,,100580,200,,,100518,100,,,100415,100
2019-06-28 15:43:20.000000000,101392,482,100905,482,101393,66,100897,100,,,100727,100,,,100690,100,,,100632,100,,,100618,100,,,100580,200,,,100518,100,,,100415,100,,,,
2019-06-28 15:43:21.378838711,101085,100,100905,482,101392,482,100897,100,101393,66,100727,100,,,100690,100,,,100632,100,,,100618,100,,,100580,200,,,100518,100,,,100415,100,,,,
2019-06-28 15:43:30.000000000,101085,291,100905,291,101392,291,100897,291,101393,66,100727,100,,,100690,100,,,100632,100,,,100618,100,,,100580,200,,,100518,100,,,100415,100,,,,
2019-06-28 15:43:30.998193388,101085,391,100905,291,101392,291,100897,291,101393,66,100727,100,,,100690,100,,,100632,100,,,100618,100,,,100580,200,,,100518,100,,,100415,100,,,,
2019-06-28 15:43:32.695995307,101085,391,100905,291,101392,291,100897,291,101393,66,100727,100,,,100690,100,,,100632,100,,,100618,100,,,100580,200,,,100518,100,,,100415,100,,,,
2019-06-28 15:43:38.364231570,101085,391,100905,291,101392,291,100897,291,101393,66,100727,100,,,100690,100,,,100632,100,,,100618,100,,,100617,100,,,100580,200,,,100518,100,,,100415,100
2019-06-28 15:43:40.000000000,101085,276,100905,176,101392,176,100897,176,101393,142,100727,176,101394,76,100690,176,,,100632,176,,,100618,100,,,100617,100,,,100580,200,,,100518,100,,,100415,100
2019-06-28 15:43:50.000000000,101085,276,100905,176,101392,176,100897,176,101393,142,100727,176,101394,76,100690,176,,,100632,176,,,100618,100,,,100617,100,,,100580,200,,,100518,100,,,100415,100
2019-06-28 15:43:59.351281935,101085,276,100905,176,101392,176,100897,176,101393,142,100727,176,101394,76,100690,176,,,100632,176,,,100618,100,,,100617,100,,,100580,200,,,100518,100,,,100476,100
2019-06-28 15:44:00.000000000,101085,291,100905,62,101392,196,100897,196,101393,162,100727,196,101394,96,100690,196,,,100632,100,,,100618,100,,,100617,100,,,100580,200,,,100518,100,,,100476,100
2019-06-28 15:44:00.970669993,101085,291,100905,62,101392,196,100897,196,101393,162,100727,196,101394,96,100690,196,,,100630,100,,,100618,100,,,100617,100,,,100580,200,,,100518,100,,,100476,100
2019-06-28 15:44:10.000000000,101085,577,100897,482,101392,100,100727,100,101393,66,100690,100,,,100630,100,,,100618,100,,,100617,100,,,100580,200,,,100518,100,,,100476,100,,,100415,100
2019-06-28 15:44:20.000000000,101085,386,100897,291,101392,291,100727,291,101393,66,100690,100,,,100630,100,,,100618,100,,,100617,100,,,100580,200,,,100518,100,,,100476,100,,,100415,100
2019-06-28 15:44:21.810484194,101085,486,100897,291,101392,291,100727,291,101393,66,100690,100,,,100630,100,,,100618,100,,,100617,100,,,100580,200,,,100518,100,,,100476,100,,,100415,100
2019-06-28 15:44:30.000000000,101085,425,100897,230,101392,226,100727,226,101393,192,100690,226,,,100630,100,,,100618,100,,,100617,100,,,100580,200,,,100518,100,,,100476,100,,,100415,100
2019-06-28 15:44:31.730652173,101085,425,100897,230,101392,226,100727,226,101393,192,100690,226,,,100630,100,,,100618,100,,,100617,100,,,100580,200,,,100518,100,,,100510,100,,,100476,100
2019-06-28 15:44:40.000000000,101085,425,100897,230,101392,226,100727,226,101393,192,100690,226,,,100630,100,,,100618,100,,,100617,100,,,100580,200,,,100518,100,,,100510,100,,,100476,100
2019-06-28 15:44:43.125310542,101085,425,100897,230,101392,126,100727,226,101393,192,100690,226,,,100630,100,,,100618,100,,,100617,100,,,100580,200,,,100518,100,,,100510,100,,,100476,100
2019-06-28 15:44:48.886574116,101085,525,100897,230,101392,126,100727,226,101393,192,100690,226,,,100630,100,,,100618,100,,,100617,100,,,100580,200,,,100518,100,,,100510,100,,,100476,100
2019-06-28 15:44:50.000000000,101085,471,100897,176,101393,142,100727,176,101394,76,100690,176,,,100630,176,,,100618,176,,,100617,100,,,100580,200,,,100518,100,,,100510,100,,,100476,100
2019-06-28 15:45:00.000000000,101085,520,100897,96,101393,192,100727,226,101394,126,100690,226,,,100630,100,,,100618,100,,,100617,100,,,100580,200,,,100518,100,,,100510,100,,,100476,100
2019-06-28 15:45:09.053570045,100897,4,100727,226,101085,520,100690,226,101393,192,100630,100,101394,126,100618,100,,,100617,100,,,100580,200,,,100518,100,,,100510,100,,,100476,100,,,100415,100
2019-06-28 15:45:10.000000000,100897,134,100727,230,101085,516,100690,226,101393,192,100630,226,,,100618,100,,,100617,100,,,100580,200,,,100518,100,,,100510,100,,,100476,100,,,100415,100
2019-06-28 15:45:20.000000000,100897,80,100727,176,101085,466,100690,176,101393,142,100630,176,101394,76,100618,176,,,100617,176,,,100580,200,,,100518,100,,,100510,100,,,100476,100,,,100415,100
2019-06-28 15:45:21.294668285,100897,80,100727,176,101085,566,100690,176,101393,142,100630,176,101394,76,100618,176,,,100617,176,,,100580,200,,,100518,100,,,100510,100,,,100476,100,,,100415,100
2019-06-28 15:45:28.596101918,100897,80,100727,176,101085,476,100690,176,101393,142,100630,176,101394,76,100618,176,,,100617,176,,,100580,200,,,100518,100,,,100510,100,,,100476,100,,,100415,100
2019-06-28 15:45:30.000000000,100897,195,100727,291,101085,591,100690,291,101393,66,100630,100,,,100618,100,,,100617,100,,,100580,200,,,100518,100,,,100510,100,,,100476,100,,,100415,100
2019-06-28 15:45:40.000000000,100897,100,100727,196,101085,496,100690,196,101393,162,100630,196,101394,96,100618,196,,,100617,100,,,100580,200,,,100518,100,,,100510,100,,,100476,100,,,100415,100
2019-06-28 15:45:50.000000000,100897,80,100727,176,101085,476,100690,176,101393,142,100630,176,101394,76,100618,176,,,100617,176,,,100580,200,,,100518,100,,,100510,100,,,100476,100,,,100415,100
2019-06-28 15:46:00.000000000,100897,190,100727,157,101085,591,100690,291,101393,66,100630,100,,,100618,100,,,100617,100,,,100580,200,,,100518,100,,,100510,100,,,100476,100,,,100415,100
2019-06-28 15:46:05.035810254,100897,190,100727,57,101085,591,100690,291,101393,66,100618,100,,,100617,100,,,100580,200,,,100518,100,,,100510,100,,,100476,100,,,100415,100,,,,
2019-06-28 15:46:10.000000000,101085,496,100690,196,101393,162,100618,196,101394,96,100617,196,,,100580,296,,,100518,100,,,100510,100,,,100476,100,,,100415,100,,,,,,,,
2019-06-28 15:46:11.732417460,100897,100,100690,196,101085,496,100618,196,101393,162,100617,196,101394,96,100580,296,,,100518,100,,,100510,100,,,100476,100,,,100415,100,,,,,,,,
2019-06-28 15:46:20.000000000,100897,482,100690,482,101085,400,100618,100,101393,66,100617,100,,,100580,200,,,100518,100,,,100510,100,,,100476,100,,,100415,100,,,,,,,,
2019-06-28 15:46:30.000000000,100897,482,100690,482,101085,400,100618,100,101393,66,100617,100,,,100580,200,,,100518,100,,,100510,100,,,100476,100,,,100415,100,,,,,,,,
2019-06-28 15:46:40.000000000,100897,230,100690,230,101085,526,100618,226,101393,192,100617,226,,,100580,200,,,100518,100,,,100510,100,,,100476,100,,,100415,100,,,,,,,,
2019-06-28 15:46:41.812718376,100897,230,100690,130,101085,526,100618,226,101393,192,100617,226,,,100580,200,,,100518,100,,,100510,100,,,100476,100,,,100415,100,,,,,,,,
2019-06-28 15:46:47.961685075,100897,230,100690,130,101085,526,100618,226,101393,192,100617,226,,,100580,200,,,100518,100,,,100510,100,,,100476,100,,,100415,100,,,100282,100,,,,
2019-06-28 15:46:48.838830380,100897,230,100690,30,101085,526,100618,226,101393,192,100617,226,,,100580,200,,,100518,100,,,100510,100,,,100476,100,,,100415,100,,,100282,100,,,,
2019-06-28 15:46:50.000000000,100897,176,100618,176,101085,476,100617,176,101393,142,100580,276,101394,76,100518,176,,,100510,176,,,100476,100,,,100415,100,,,100282,100,,,,,,,,
2019-06-28 15:47:00.000000000,100897,286,100618,157,101085,591,100617,291,101393,66,100580,200,,,100518,100,,,100510,100,,,100476,100,,,100415,100,,,100282,100,,,,,,,,
2019-06-28 15:47:03.525019138,100897,286,100618,157,101085,591,100617,291,101393,66,100580,200,,,100518,100,,,100510,100,,,100476,100,,,100415,100,,,100282,100,,,100205,100,,,,
2019-06-28 15:47:10.000000000,100897,477,100617,482,101085,400,100580,200,101393,66,100518,100,,,100510,100,,,100476,100,,,100415,100,,,100282,100,,,100205,100,,,,,,,,
2019-06-28 15:47:20.000000000,100897,286,100617,291,101085,591,100580,391,101393,66,100518,100,,,100510,100,,,100476,100,,,100415,100,,,100282,100,,,100205,100,,,,,,,,
2019-06-28 15:47:28.733760607,100897,286,100617,191,101085,591,100580,391,101393,66,100518,100,,,100510,100,,,100476,100,,,100415,100,,,100282,100,,,100205,100,,,,,,,,
2019-06-28 15:47:30.000000000,100897,171,100580,276,101085,476,100518,176,101393,142,100510,176,101394,76,100476,176,,,100415,176,,,100282,100,,,100205,100,,,,,,,,,,,,
2019-06-28 15:47:40.000000000,100897,171,100580,276,101085,476,100518,176,101393,142,100510,176,101394,76,100476,176,,,100415,176,,,100282,100,,,100205,100,,,,,,,,,,,,
2019-06-28 15:47:50.000000000,100897,225,100580,330,101085,526,100518,226,101393,192,100510,226,,,100476,100,,,100415,100,,,100282,100,,,100205,100,,,,,,,,,,,,
2019-06-28 15:48:00.000000000,100897,472,100580,448,101085,400,100518,100,101393,66,100510,100,,,100476,100,,,100415,100,,,100282,100,,,100205,100,,,,,,,,,,,,
2019-06-28 15:48:03.903630420,100897,472,100580,548,101085,400,100518,100,101393,66,100510,100,,,100476,100,,,100415,100,,,100282,100,,,100205,100,,,,,,,,,,,,
2019-06-28 15:48:10.000000000,100897,220,100580,296,101085,526,100518,226,101393,192,100510,226,,,100476,100,,,100415,100,,,100282,100,,,100205,100,,,,,,,,,,,,
2019-06-28 15:48:12.493906713,100897,320,100580,296,101085,526,100518,226,101393,192,100510,226,,,100476,100,,,100415,100,,,100282,100,,,100205,100,,,,,,,,,,,,
2019-06-28 15:48:20.000000000,100897,381,100580,357,101085,591,100518,291,101393,66,100510,100,,,100476,100,,,100415,100,,,100282,100,,,100205,100,,,,,,,,,,,,
2019-06-28 15:48:30.000000000,100897,381,100580,357,101085,591,100518,291,101393,66,100510,100,,,100476,100,,,100415,100,,,100282,100,,,100205,100,,,,,,,,,,,,
2019-06-28 15:48:34.175861372,100897,481,100580,357,101085,591,100518,291,101393,66,100510,100,,,100476,100,,,100415,100,,,100282,100,,,100205,100,,,,,,,,,,,,
2019-06-28 15:48:40.000000000,100897,672,100580,548,101085,400,100518,100,101393,66,100510,100,,,100476,100,,,100415,100,,,100282,100,,,100205,100,,,,,,,,,,,,
2019-06-28 15:48:46.820228496,100897,672,100580,548,101085,400,100542,100,101393,66,100518,100,,,100510,100,,,100476,100,,,100415,100,,,100282,100,,,100205,100,,,,,,,,
2019-06-28 15:48:50.000000000,100897,672,100580,548,101085,400,100542,100,101393,66,100518,100,,,100510,100,,,100476,100,,,100415,100,,,100282,100,,,100205,100,,,,,,,,
2019-06-28 15:48:55.672531797,100897,672,100580,548,101085,400,100542,100,101393,66,100518,100,,,100510,100,,,100476,100,,,100415,100,,,100205,100,,,100060,100,,,,,,,,
2019-06-28 15:48:58.182682311,100897,672,100580,548,101085,400,100542,100,101393,66,100518,100,,,100510,100,,,100476,100,,,100415,100,,,100205,100,,,100075,100,,,100060,100,,,,
2019-06-28 15:49:00.000000000,100897,476,100580,223,101085,591,100542,291,101393,66,100518,100,,,100510,100,,,100476,100,,,100415,100,,,100205,100,,,100075,100,,,100060,100,,,,
2019-06-28 15:49:01.607305491,100897,576,100580,223,101085,591,100542,291,101393,66,100518,100,,,100510,100,,,100476,100,,,100415,100,,,100205,100,,,100075,100,,,100060,100,,,,
2019-06-28 15:49:10.000000000,100897,576,100580,223,101085,591,100542,291,101393,66,100518,100,,,100510,100,,,100476,100,,,100415,100,,,100205,100,,,100075,100,,,100060,100,,,,
2019-06-28 15:49:13.577342445,100897,576,100580,123,101085,591,100542,291,101393,66,100518,100,,,100510,100,,,100476,100,,,100415,100,,,100205,100,,,100075,100,,,100060,100,,,,
2019-06-28 15:49:20.000000000,100897,515,100542,230,101085,526,100518,226,101393,192,100510,226,,,100476,100,,,100415,100,,,100205,100,,,100075,100,,,100060,100,,,,,,,,
2019-06-28 15:49:30.000000000,100897,767,100542,482,101085,400,100518,100,101393,66,100510,100,,,100476,100,,,100415,100,,,100205,100,,,100075,100,,,100060,100,,,,,,,,
2019-06-28 15:49:40.000000000,100897,461,100542,176,101085,476,100518,176,101393,142,100510,176,101394,76,100476,176,,,100415,176,,,100205,100,,,100075,100,,,100060,100,,,,,,,,
2019-06-28 15:49:50.000000000,100897,461,100542,176,101085,476,100518,176,101393,142,100510,176,101394,76,100476,176,,,100415,176,,,100205,100,,,100075,100,,,100060,100,,,,,,,,
2019-06-28 15:49:53.807035136,100896,100,100542,176,100897,461,100518,176,101085,476,100510,176,101393,142,100476,176,101394,76,100415,176,,,100205,100,,,100075,100,,,100060,100,,,,,,,,
2019-06-28 15:50:00.000000000,100896,286,100542,157,100897,576,100518,291,101085,400,100510,100,101393,66,100476,100,,,100415,100,,,100205,100,,,100075,100,,,100060,100,,,,,,,,
2019-06-28 15:50:09.522661416,100896,286,100542,157,100897,476,100518,291,101085,400,100510,100,101393,66,100476,100,,,100415,100,,,100205,100,,,100075,100,,,100060,100,,,,,,,,
2019-06-28 15:50:10.000000000,100896,286,100518,291,100897,476,100510,291,101085,400,100476,100,101393,66,100415,100,,,100205,100,,,100075,100,,,100060,100,,,,,,,,,,,,
2019-06-28 15:50:14.792186000,100896,286,100518,191,100897,476,100510,291,101085,400,100476,100,101393,66,100415,100,,,100205,100,,,100075,100,,,100060,100,,,,,,,,,,,,
2019-06-28 15:50:20.000000000,100896,477,100510,482,100897,285,100476,100,101085,400,100415,100,101393,66,100205,100,,,100075,100,,,100060,100,,,,,,,,,,,,,,,,
2019-06-28 15:50:30.000000000,100896,225,100510,230,100897,411,100476,226,101085,526,100415,226,101393,66,100205,100,,,100075,100,,,100060,100,,,,,,,,,,,,,,,,
2019-06-28 15:50:34.813765969,100896,225,100510,130,100897,411,100476,226,101085,526,100415,226,101393,66,100205,100,,,100075,100,,,100060,100,,,,,,,,,,,,,,,,
2019-06-28 15:50:36.656208264,100518,100,100510,130,100896,225,100476,226,100897,411,100415,226,101085,426,100205,100,101393,66,100075,100,,,100060,100,,,,,,,,,,,,,,,,
2019-06-28 15:50:40.000000000,100518,176,100476,176,100896,171,100415,176,100897,361,100205,176,101085,376,100075,176,101393,142,100060,176,,,,,,,,,,,,,,,,,,,,
2019-06-28 15:50:50.000000000,100518,196,100476,196,100896,191,100415,196,100897,381,100205,196,101085,396,100075,196,101393,66,100060,100,,,,,,,,,,,,,,,,,,,,
2019-06-28 15:51:00.000000000,100518,191,100476,62,100896,191,100415,196,100897,381,100205,196,101085,396,100075,196,101393,66,100060,100,,,,,,,,,,,,,,,,,,,,
2019-06-28 15:51:07.292838856,100476,38,100415,196,100518,191,100205,196,100896,191,100075,196,100897,381,100060,100,101085,396,,,101393,66,,,,,,,,,,,,,,,,,,
2019-06-28 15:51:08.703493219,100476,38,100415,96,100518,191,100205,196,100896,191,100075,196,100897,381,100060,100,101085,396,,,101393,66,,,,,,,,,,,,,,,,,,
2019-06-28 15:51:10.000000000,100476,229,100205,291,100518,286,100075,291,100896,95,100060,100,100897,285,,,101085,300,,,101393,66,,,,,,,,,,,,,,,,,,
2019-06-28 15:51:18.073368850,100476,229,100205,191,100518,286,100075,291,100896,95,100060,100,100897,285,,,101085,300,,,101393,66,,,,,,,,,,,,,,,,,,
2019-06-28 15:51:20.000000000,100476,420,100075,482,100518,95,100060,100,100896,95,,,100897,285,,,101085,300,,,101393,66,,,,,,,,,,,,,,,,,,
2019-06-28 15:51:30.000000000,100476,114,100075,176,100518,171,100060,176,100896,171,100059,76,100897,361,,,101085,376,,,101393,66,,,,,,,,,,,,,,,,,,
2019-06-28 15:51:39.411690336,100476,114,100075,76,100518,171,100060,176,100896,171,100059,76,100897,361,,,101085,376,,,101393,66,,,,,,,,,,,,,,,,,,
2019-06-28 15:51:40.000000000,100476,420,100060,482,100518,95,,,100896,95,,,100897,285,,,101085,300,,,101393,66,,,,,,,,,,,,,,,,,,
2019-06-28 15:51:43.651449876,100476,420,100060,482,100518,95,,,100896,95,,,100897,285,,,101085,200,,,101393,66,,,,,,,,,,,,,,,,,,
2019-06-28 15:51:50.000000000,100476,229,100060,291,100518,286,100059,191,100896,95,,,100897,285,,,101085,200,,,101393,66,,,,,,,,,,,,,,,,,,
2019-06-28 15:52:00.000000000,100476,415,100060,348,100518,95,,,100896,95,,,100897,285,,,101085,200,,,101393,66,,,,,,,,,,,,,,,,,,
2019-06-28 15:52:10.000000000,100476,33,,,100518,95,,,100896,95,,,100897,285,,,101085,200,,,101393,66,,,,,,,,,,,,,,,,,,
2019-06-28 15:52:16.947488158,100476,33,99496,100,100518,95,,,100896,95,,,100897,285,,,101085,200,,,101393,66,,,,,,,,,,,,,,,,,,
2019-06-28 15:52:18.326320476,99775,100,99496,100,100476,33,,,100518,95,,,100896,95,,,100897,285,,,101085,200,,,101393,66,,,,,,,,,,,,,,
2019-06-28 15:52:20.000000000,99775,230,99496,230,100476,159,99495,126,100518,221,,,100896,95,,,100897,285,,,101085,200,,,101393,66,,,,,,,,,,,,,,
2019-06-28 15:52:30.000000000,99775,291,99496,291,100476,224,99495,191,100518,95,,,100896,95,,,100897,285,,,101085,200,,,101393,66,,,,,,,,,,,,,,
2019-06-28 15:52:40.000000000,99775,176,99496,176,100476,109,99495,76,100518,171,,,100896,171,,,100897,361,,,101085,200,,,101393,66,,,,,,,,,,,,,,
2019-06-28 15:52:50.000000000,99775,176,99496,176,100476,109,99495,76,100518,171,,,100896,171,,,100897,361,,,101085,200,,,101393,66,,,,,,,,,,,,,,
2019-06-28 15:53:00.000000000,99775,477,99496,348,100476,33,,,100518,95,,,100896,95,,,100897,285,,,101085,200,,,101393,66,,,,,,,,,,,,,,
2019-06-28 15:53:10.000000000,99775,95,,,100476,33,,,100518,95,,,100896,95,,,100897,285,,,101085,200,,,101393,66,,,,,,,,,,,,,,
2019-06-28 15:53:18.012209578,99775,95,,,100067,100,,,100476,33,,,100518,95,,,100896,95,,,100897,285,,,101085,200,,,101393,66,,,,,,,,,,
2019-06-28 15:53:40.326761087,100067,100,99775,5,100476,33,,,100518,95,,,100896,95,,,100897,285,,,101085,200,,,101393,66,,,,,,,,,,,,,,
2019-06-28 15:53:44.449477304,100067,100,99775,5,100476,33,,,100518,95,,,100896,95,,,100897,200,,,101085,200,,,101393,66,,,,,,,,,,,,,,
2019-06-28 15:53:50.000000000,100067,291,99775,196,100476,224,99774,191,100518,95,,,100896,95,,,100897,200,,,101085,200,,,101393,66,,,,,,,,,,,,,,
2019-06-28 15:54:00.000000000,100067,191,99774,63,100476,129,,,100518,191,,,100896,191,,,100897,200,,,101085,200,,,101393,66,,,,,,,,,,,,,,
2019-06-28 15:54:06.437491328,100067,191,99774,63,100476,129,,,100518,191,,,100896,96,,,100897,200,,,101085,200,,,101393,66,,,,,,,,,,,,,,
2019-06-28 15:54:10.000000000,100067,95,,,100476,33,,,100518,95,,,100897,200,,,101085,200,,,101393,66,,,,,,,,,,,,,,,,,,
2019-06-28 15:54:14.320537854,100067,95,99774,100,100476,33,,,100518,95,,,100897,200,,,101085,200,,,101393,66,,,,,,,,,,,,,,,,,,
2019-06-28 15:54:16.371926843,100476,33,100067,5,100518,95,99774,100,100897,200,,,101085,200,,,101393,66,,,,,,,,,,,,,,,,,,,,,,
2019-06-28 15:54:19.041157534,100476,33,100248,100,100518,95,100067,5,100897,200,99774,100,101085,200,,,101393,66,,,,,,,,,,,,,,,,,,,,,,
2019-06-28 15:54:20.000000000,100476,224,100248,291,100518,286,100067,196,100897,200,99774,100,101085,200,,,101393,66,,,,,,,,,,,,,,,,,,,,,,
2019-06-28 15:54:30.000000000,100476,163,100248,230,100518,221,100067,131,100897,326,99774,226,101085,200,,,101393,66,,,,,,,,,,,,,,,,,,,,,,
2019-06-28 15:54:33.568417976,100290,100,100248,230,100476,163,100067,131,100518,221,99774,226,100897,326,,,101085,200,,,101393,66,,,,,,,,,,,,,,,,,,
2019-06-28 15:54:40.000000000,100290,482,100248,482,100476,33,100067,5,100518,95,99774,100,100897,200,,,101085,200,,,101393,66,,,,,,,,,,,,,,,,,,
2019-06-28 15:54:50.000000000,100290,482,100248,482,100476,33,100067,5,100518,95,99774,100,100897,200,,,101085,200,,,101393,66,,,,,,,,,,,,,,,,,,
2019-06-28 15:55:00.000000000,100290,477,100248,348,100476,33,100067,5,100518,95,99774,100,100897,200,,,101085,200,,,101393,66,,,,,,,,,,,,,,,,,,
2019-06-28 15:55:01.623771641,100290,377,100248,348,100476,33,100067,5,100518,95,99774,100,100897,200,,,101085,200,,,101393,66,,,,,,,,,,,,,,,,,,
2019-06-28 15:55:10.000000000,100476,415,100067,387,100518,95,99774,100,100897,200,,,101085,200,,,101393,66,,,,,,,,,,,,,,,,,,,,,,
2019-06-28 15:55:15.373497606,100199,100,100067,387,100476,415,99774,100,100518,95,,,100897,200,,,101085,200,,,101393,66,,,,,,,,,,,,,,,,,,
2019-06-28 15:55:20.000000000,100199,230,100067,135,100476,159,99774,226,100518,221,99773,126,100897,200,,,101085,200,,,101393,66,,,,,,,,,,,,,,,,,,
2019-06-28 15:55:30.000000000,100199,291,100067,196,100476,224,99774,291,100518,95,,,100897,200,,,101085,200,,,101393,66,,,,,,,,,,,,,,,,,,
2019-06-28 15:55:36.571496598,100199,191,100067,196,100476,224,99774,291,100897,200,,,101085,200,,,101393,66,,,,,,,,,,,,,,,,,,,,,,
2019-06-28 15:55:40.000000000,100476,109,100067,81,100897,276,99774,176,101085,276,99773,76,101393,142,,,101394,76,,,,,,,,,,,,,,,,,,,,,,
2019-06-28 15:55:50.000000000,100476,163,100067,135,100897,326,99774,226,101085,326,99773,126,101393,66,,,,,,,,,,,,,,,,,,,,,,,,,,
2019-06-28 15:56:00.000000000,100476,410,100067,253,100897,200,99774,100,101085,200,,,101393,66,,,,,,,,,,,,,,,,,,,,,,,,,,
2019-06-28 15:56:10.000000000,100476,124,99774,196,100897,296,99773,96,101085,296,,,101393,162,,,,,,,,,,,,,,,,,,,,,,,,,,
2019-06-28 15:56:20.000000000,100476,158,99774,230,100897,326,99773,126,101085,326,,,101393,66,,,,,,,,,,,,,,,,,,,,,,,,,,
2019-06-28 15:56:23.293135406,100476,158,99774,230,100897,326,99773,126,101085,326,,,101393,66,,,101751,100,,,,,,,,,,,,,,,,,,,,,,
2019-06-28 15:56:30.000000000,100476,410,99774,482,100897,200,,,101085,200,,,101393,66,,,101751,100,,,,,,,,,,,,,,,,,,,,,,
2019-06-28 15:56:30.815048890,100476,410,100067,100,100897,200,99774,482,101085,100,,,101393,66,,,101751,100,,,,,,,,,,,,,,,,,,,,,,
2019-06-28 15:56:40.000000000,100476,219,100067,291,100897,391,99774,291,101085,100,,,101393,66,,,101751,100,,,,,,,,,,,,,,,,,,,,,,
2019-06-28 15:56:50.000000000,100476,410,100067,482,100897,200,99774,100,101085,100,,,101393,66,,,101751,100,,,,,,,,,,,,,,,,,,,,,,
2019-06-28 15:56:52.691455456,100476,410,100067,482,100897,200,99774,100,101085,100,,,101393,66,,,101751,100,,,102040,100,,,,,,,,,,,,,,,,,,
2019-06-28 15:56:59.301805455,100476,410,100067,582,100897,200,99774,100,101085,100,,,101393,66,,,101751,100,,,102040,100,,,,,,,,,,,,,,,,,,
2019-06-28 15:57:00.000000000,100476,99,100067,142,100897,276,99774,176,101085,176,99773,76,101393,142,,,101751,176,,,102040,100,,,,,,,,,,,,,,,,,,
2019-06-28 15:57:10.000000000,100476,405,100067,448,100897,200,99774,100,101085,100,,,101393,66,,,101751,100,,,102040,100,,,,,,,,,,,,,,,,,,
2019-06-28 15:57:20.000000000,100476,153,100067,196,100897,326,99774,226,101085,226,99773,126,101393,66,,,101751,100,,,102040,100,,,,,,,,,,,,,,,,,,
2019-06-28 15:57:23.539991462,100476,153,100067,196,100897,326,99774,226,101085,226,99773,126,101393,66,,,101751,100,,,101840,100,,,102040,100,,,,,,,,,,,,,,
2019-06-28 15:57:30.000000000,100476,405,100067,448,100897,200,99774,100,101085,100,,,101393,66,,,101751,100,,,101840,100,,,102040,100,,,,,,,,,,,,,,
2019-06-28 15:57:40.000000000,100476,405,100067,448,100897,200,99774,100,101085,100,,,101393,66,,,101751,100,,,101840,100,,,102040,100,,,,,,,,,,,,,,
2019-06-28 15:57:50.000000000,100476,99,100067,142,100897,276,99774,176,101085,176,99773,76,101393,142,,,101751,176,,,101840,100,,,102040,100,,,,,,,,,,,,,,
2019-06-28 15:57:58.476190499,100476,99,100067,142,100897,276,99774,176,101085,176,99773,76,101393,142,,,101751,176,,,101840,100,,,102040,100,,,102185,100,,,,,,,,,,
2019-06-28 15:58:00.000000000,100476,148,100067,62,100897,326,99774,226,101085,226,99773,126,101393,66,,,101751,100,,,101840,100,,,102040,100,,,102185,100,,,,,,,,,,
2019-06-28 15:58:10.000000000,100476,94,99774,176,100897,276,99773,76,101085,176,,,101393,142,,,101751,176,,,101840,100,,,102040,100,,,102185,100,,,,,,,,,,
2019-06-28 15:58:20.000000000,100476,209,99774,291,100897,391,99773,191,101085,100,,,101393,66,,,101751,100,,,101840,100,,,102040,100,,,102185,100,,,,,,,,,,
2019-06-28 15:58:28.328649383,100476,209,100067,100,100897,391,99774,291,101085,100,99773,191,101393,66,,,101751,100,,,101840,100,,,102040,100,,,102185,100,,,,,,,,,,
2019-06-28 15:58:30.000000000,100476,209,100067,291,100897,391,99774,291,101085,100,,,101393,66,,,101751,100,,,101840,100,,,102040,100,,,102185,100,,,,,,,,,,
2019-06-28 15:58:39.843521105,100476,209,100067,391,100897,391,99774,191,101085,100,,,101393,66,,,101751,100,,,101840,100,,,102040,100,,,102185,100,,,,,,,,,,
2019-06-28 15:58:40.000000000,100476,94,100067,276,100897,276,100066,76,101085,176,,,101393,142,,,101751,176,,,101840,100,,,102040,100,,,102185,100,,,,,,,,,,
2019-06-28 15:58:47.507414961,100897,276,100476,6,101085,176,100067,276,101393,142,100066,76,101751,176,,,101840,100,,,102040,100,,,102185,100,,,,,,,,,,,,,,
2019-06-28 15:58:50.000000000,100897,330,100476,136,101085,226,100067,326,101393,192,100066,126,101751,100,,,101840,100,,,102040,100,,,102185,100,,,,,,,,,,,,,,
2019-06-28 15:59:00.000000000,100476,2,100067,271,100897,296,100066,96,101085,196,,,101393,162,,,101751,196,,,101840,100,,,102040,100,,,102185,100,,,,,,,,,,
2019-06-28 15:59:10.000000000,100476,132,100067,305,100897,326,100066,126,101085,226,,,101393,66,,,101751,100,,,101840,100,,,102040,100,,,102185,100,,,,,,,,,,
2019-06-28 15:59:20.000000000,100476,78,100067,251,100897,276,100066,76,101085,176,,,101393,142,,,101751,176,,,101840,100,,,102040,100,,,102185,100,,,,,,,,,,
2019-06-28 15:59:30.000000000,100476,384,100067,557,100897,200,,,101085,100,,,101393,66,,,101751,100,,,101840,100,,,102040,100,,,102185,100,,,,,,,,,,
2019-06-28 15:59:40.000000000,100476,78,100067,251,100897,276,100066,76,101085,176,,,101393,142,,,101751,176,,,101840,100,,,102040,100,,,102185,100,,,,,,,,,,
2019-06-28 15:59:50.000000000,100476,132,100067,305,100897,326,100066,126,101085,226,,,101393,66,,,101751,100,,,101840,100,,,102040,100,,,102185,100,,,,,,,,,,
2019-06-28 15:59:59.133873424,100476,32,100067,305,100897,326,100066,126,101085,226,,,101393,66,,,101751,100,,,101840,100,,,102040,100,,,102185,100,,,,,,,,,,
2019-06-28 16:00:00.000000000,100897,291,100067,137,101085,196,100066,96,101393,162,,,101751,196,,,101840,100,,,102040,100,,,102185,100,,,,,,,,,,,,,,
