EventTime,EventType,Event
,AGENT_TYPE,AgentUnderTest
,STARTING_CASH,10000000
2019-06-28 09:30:00,HOLDINGS_UPDATED,{'CASH': 10000000}
2019-06-28 09:31:00,BID_DEPTH,"[(99997, 222)]"
2019-06-28 09:31:00,ASK_DEPTH,"[(99998, 522)]"
2019-06-28 09:31:00,IMBALANCE,"[222, 522]"
2019-06-28 09:32:00,BID_DEPTH,"[(99997, 222)]"
2019-06-28 09:32:00,ASK_DEPTH,"[(99998, 322)]"
2019-06-28 09:32:00,IMBALANCE,"[222, 322]"
2019-06-28 09:33:00,BID_DEPTH,"[(99992, 460)]"
2019-06-28 09:33:00,ASK_DEPTH,"[(99997, 560)]"
2019-06-28 09:33:00,IMBALANCE,"[460, 560]"
2019-06-28 09:34:00,BID_DEPTH,"[(99988, 222)]"
2019-06-28 09:34:00,ASK_DEPTH,"[(99997, 322)]"
2019-06-28 09:34:00,IMBALANCE,"[222, 322]"
2019-06-28 09:35:00,BID_DEPTH,"[(99988, 222)]"
2019-06-28 09:35:00,ASK_DEPTH,"[(99992, 222)]"
2019-06-28 09:35:00,IMBALANCE,"[222, 222]"
2019-06-28 09:36:00,BID_DEPTH,"[(99989, 190)]"
2019-06-28 09:36:00,ASK_DEPTH,"[(99992, 190)]"
2019-06-28 09:36:00,IMBALANCE,"[190, 190]"
2019-06-28 09:37:00,BID_DEPTH,"[(99989, 460)]"
2019-06-28 09:37:00,ASK_DEPTH,"[(99992, 460)]"
2019-06-28 09:37:00,IMBALANCE,"[460, 460]"
2019-06-28 09:38:00,BID_DEPTH,"[(99986, 280)]"
2019-06-28 09:38:00,ASK_DEPTH,"[(99992, 280)]"
2019-06-28 09:38:00,IMBALANCE,"[280, 280]"
2019-06-28 09:39:00,BID_DEPTH,"[(99986, 172)]"
2019-06-28 09:39:00,ASK_DEPTH,"[(99992, 172)]"
2019-06-28 09:39:00,IMBALANCE,"[172, 172]"
2019-06-28 09:40:00,BID_DEPTH,"[(99986, 222)]"
2019-06-28 09:40:00,ASK_DEPTH,"[(99992, 222)]"
2019-06-28 09:40:00,IMBALANCE,"[222, 222]"
2019-06-28 09:41:00,BID_DEPTH,"[(99968, 222)]"
2019-06-28 09:41:00,ASK_DEPTH,"[(99990, 222)]"
2019-06-28 09:41:00,IMBALANCE,"[222, 222]"
2019-06-28 09:42:00,BID_DEPTH,"[(99968, 172)]"
2019-06-28 09:42:00,ASK_DEPTH,"[(99989, 172)]"
2019-06-28 09:42:00,IMBALANCE,"[172, 172]"
2019-06-28 09:43:00,BID_DEPTH,"[(99966, 222)]"
2019-06-28 09:43:00,ASK_DEPTH,"[(99989, 222)]"
2019-06-28 09:43:00,IMBALANCE,"[222, 222]"
2019-06-28 09:44:00,BID_DEPTH,"[(99966, 222)]"
2019-06-28 09:44:00,ASK_DEPTH,"[(99997, 222)]"
2019-06-28 09:44:00,IMBALANCE,"[222, 222]"
2019-06-28 09:45:00,BID_DEPTH,"[(99989, 322)]"
2019-06-28 09:45:00,ASK_DEPTH,"[(99998, 222)]"
2019-06-28 09:45:00,IMBALANCE,"[322, 222]"
2019-06-28 09:46:00,BID_DEPTH,"[(99992, 190)]"
2019-06-28 09:46:00,ASK_DEPTH,"[(100013, 190)]"
2019-06-28 09:46:00,IMBALANCE,"[190, 190]"
2019-06-28 09:47:00,BID_DEPTH,"[(99992, 190)]"
2019-06-28 09:47:00,ASK_DEPTH,"[(100021, 190)]"
2019-06-28 09:47:00,IMBALANCE,"[190, 190]"
2019-06-28 09:48:00,BID_DEPTH,"[(99992, 190)]"
2019-06-28 09:48:00,ASK_DEPTH,"[(100021, 190)]"
2019-06-28 09:48:00,IMBALANCE,"[190, 190]"
2019-06-28 09:49:00,BID_DEPTH,"[(100013, 380)]"
2019-06-28 09:49:00,ASK_DEPTH,"[(100048, 280)]"
2019-06-28 09:49:00,IMBALANCE,"[380, 280]"
2019-06-28 09:50:00,BID_DEPTH,"[(100013, 322)]"
2019-06-28 09:50:00,ASK_DEPTH,"[(100076, 222)]"
2019-06-28 09:50:00,IMBALANCE,"[322, 222]"
2019-06-28 09:51:00,BID_DEPTH,"[(100076, 172)]"
2019-06-28 09:51:00,ASK_DEPTH,"[(100106, 172)]"
2019-06-28 09:51:00,IMBALANCE,"[172, 172]"
2019-06-28 09:52:00,BID_DEPTH,"[(100076, 380)]"
2019-06-28 09:52:00,ASK_DEPTH,"[(100136, 280)]"
2019-06-28 09:52:00,IMBALANCE,"[380, 280]"
2019-06-28 09:53:00,BID_DEPTH,"[(100094, 460)]"
2019-06-28 09:53:00,ASK_DEPTH,"[(100205, 460)]"
2019-06-28 09:53:00,IMBALANCE,"[460, 460]"
2019-06-28 09:54:00,BID_DEPTH,"[(100136, 222)]"
2019-06-28 09:54:00,ASK_DEPTH,"[(100205, 222)]"
2019-06-28 09:54:00,IMBALANCE,"[222, 222]"
2019-06-28 09:55:00,BID_DEPTH,"[(100136, 172)]"
2019-06-28 09:55:00,ASK_DEPTH,"[(100357, 172)]"
2019-06-28 09:55:00,IMBALANCE,"[172, 172]"
2019-06-28 09:56:00,BID_DEPTH,"[(100094, 190)]"
2019-06-28 09:56:00,ASK_DEPTH,"[(100440, 190)]"
2019-06-28 09:56:00,IMBALANCE,"[190, 190]"
2019-06-28 09:57:00,BID_DEPTH,"[(100400, 222)]"
2019-06-28 09:57:00,ASK_DEPTH,"[(100494, 222)]"
2019-06-28 09:57:00,IMBALANCE,"[222, 222]"
2019-06-28 09:58:00,BID_DEPTH,"[(100400, 272)]"
2019-06-28 09:58:00,ASK_DEPTH,"[(100494, 172)]"
2019-06-28 09:58:00,IMBALANCE,"[272, 172]"
2019-06-28 09:59:00,BID_DEPTH,"[(100502, 172)]"
2019-06-28 09:59:00,ASK_DEPTH,"[(100584, 172)]"
2019-06-28 09:59:00,IMBALANCE,"[172, 172]"
2019-06-28 10:00:00,BID_DEPTH,"[(100504, 172)]"
2019-06-28 10:00:00,ASK_DEPTH,"[(100969, 172)]"
2019-06-28 10:00:00,IMBALANCE,"[172, 172]"
2019-06-28 10:01:00,BID_DEPTH,"[(100949, 172)]"
2019-06-28 10:01:00,ASK_DEPTH,"[(101581, 172)]"
2019-06-28 10:01:00,IMBALANCE,"[172, 172]"
2019-06-28 10:02:00,BID_DEPTH,"[(100949, 222)]"
2019-06-28 10:02:00,ASK_DEPTH,"[(101696, 222)]"
2019-06-28 10:02:00,IMBALANCE,"[222, 222]"
2019-06-28 10:03:00,BID_DEPTH,"[(101581, 222)]"
2019-06-28 10:03:00,ASK_DEPTH,"[(101930, 222)]"
2019-06-28 10:03:00,IMBALANCE,"[222, 222]"
2019-06-28 10:04:00,BID_DEPTH,"[(101004, 190)]"
2019-06-28 10:04:00,ASK_DEPTH,"[(101530, 190)]"
2019-06-28 10:04:00,IMBALANCE,"[190, 190]"
2019-06-28 10:05:00,BID_DEPTH,"[(101004, 190)]"
2019-06-28 10:05:00,ASK_DEPTH,"[(101529, 190)]"
2019-06-28 10:05:00,IMBALANCE,"[190, 190]"
2019-06-28 10:06:00,BID_DEPTH,"[(101004, 190)]"
2019-06-28 10:06:00,ASK_DEPTH,"[(101529, 190)]"
2019-06-28 10:06:00,IMBALANCE,"[190, 190]"
2019-06-28 10:07:00,BID_DEPTH,"[(101241, 222)]"
2019-06-28 10:07:00,ASK_DEPTH,"[(101255, 222)]"
2019-06-28 10:07:00,IMBALANCE,"[222, 222]"
2019-06-28 10:08:00,BID_DEPTH,"[(101004, 222)]"
2019-06-28 10:08:00,ASK_DEPTH,"[(101255, 222)]"
2019-06-28 10:08:00,IMBALANCE,"[222, 222]"
2019-06-28 10:09:00,BID_DEPTH,"[(101150, 172)]"
2019-06-28 10:09:00,ASK_DEPTH,"[(101310, 172)]"
2019-06-28 10:09:00,IMBALANCE,"[172, 172]"
2019-06-28 10:10:00,BID_DEPTH,"[(101004, 172)]"
2019-06-28 10:10:00,ASK_DEPTH,"[(101253, 172)]"
2019-06-28 10:10:00,IMBALANCE,"[172, 172]"
2019-06-28 10:11:00,BID_DEPTH,"[(100949, 222)]"
2019-06-28 10:11:00,ASK_DEPTH,"[(101253, 222)]"
2019-06-28 10:11:00,IMBALANCE,"[222, 222]"
2019-06-28 10:12:00,BID_DEPTH,"[(100949, 460)]"
2019-06-28 10:12:00,ASK_DEPTH,"[(101253, 460)]"
2019-06-28 10:12:00,IMBALANCE,"[460, 460]"
2019-06-28 10:13:00,BID_DEPTH,"[(100915, 280)]"
2019-06-28 10:13:00,ASK_DEPTH,"[(101004, 280)]"
2019-06-28 10:13:00,IMBALANCE,"[280, 280]"
2019-06-28 10:14:00,BID_DEPTH,"[(100819, 172)]"
2019-06-28 10:14:00,ASK_DEPTH,"[(101004, 172)]"
2019-06-28 10:14:00,IMBALANCE,"[172, 172]"
2019-06-28 10:15:00,BID_DEPTH,"[(100502, 222)]"
2019-06-28 10:15:00,ASK_DEPTH,"[(101004, 222)]"
2019-06-28 10:15:00,IMBALANCE,"[222, 222]"
2019-06-28 10:16:00,BID_DEPTH,"[(100502, 280)]"
2019-06-28 10:16:00,ASK_DEPTH,"[(101004, 280)]"
2019-06-28 10:16:00,IMBALANCE,"[280, 280]"
2019-06-28 10:17:00,BID_DEPTH,"[(100502, 280)]"
2019-06-28 10:17:00,ASK_DEPTH,"[(101004, 280)]"
2019-06-28 10:17:00,IMBALANCE,"[280, 280]"
2019-06-28 10:18:00,BID_DEPTH,"[(100463, 222)]"
2019-06-28 10:18:00,ASK_DEPTH,"[(100560, 222)]"
2019-06-28 10:18:00,IMBALANCE,"[222, 222]"
2019-06-28 10:19:00,BID_DEPTH,"[(100440, 280)]"
2019-06-28 10:19:00,ASK_DEPTH,"[(100522, 280)]"
2019-06-28 10:19:00,IMBALANCE,"[280, 280]"
2019-06-28 10:20:00,BID_DEPTH,"[(100440, 280)]"
2019-06-28 10:20:00,ASK_DEPTH,"[(100522, 280)]"
2019-06-28 10:20:00,IMBALANCE,"[280, 280]"
2019-06-28 10:21:00,BID_DEPTH,"[(100441, 190)]"
2019-06-28 10:21:00,ASK_DEPTH,"[(100463, 159)]"
2019-06-28 10:21:00,IMBALANCE,"[190, 159]"
2019-06-28 10:22:00,BID_DEPTH,"[(100441, 222)]"
2019-06-28 10:22:00,ASK_DEPTH,"[(100520, 69)]"
2019-06-28 10:22:00,IMBALANCE,"[222, 69]"
2019-06-28 10:23:00,BID_DEPTH,"[(100291, 460)]"
2019-06-28 10:23:00,ASK_DEPTH,"[(100520, 329)]"
2019-06-28 10:23:00,IMBALANCE,"[460, 329]"
2019-06-28 10:24:00,BID_DEPTH,"[(100291, 280)]"
2019-06-28 10:24:00,ASK_DEPTH,"[(100351, 149)]"
2019-06-28 10:24:00,IMBALANCE,"[280, 149]"
2019-06-28 10:25:00,BID_DEPTH,"[(100291, 190)]"
2019-06-28 10:25:00,ASK_DEPTH,"[(100522, 59)]"
2019-06-28 10:25:00,IMBALANCE,"[190, 59]"
2019-06-28 10:26:00,BID_DEPTH,"[(100522, 272)]"
2019-06-28 10:26:00,ASK_DEPTH,"[(100673, 41)]"
2019-06-28 10:26:00,IMBALANCE,"[272, 41]"
2019-06-28 10:27:00,BID_DEPTH,"[(100673, 460)]"
2019-06-28 10:27:00,ASK_DEPTH,"[(100680, 329)]"
2019-06-28 10:27:00,IMBALANCE,"[460, 329]"
2019-06-28 10:28:00,BID_DEPTH,"[(100641, 222)]"
2019-06-28 10:28:00,ASK_DEPTH,"[(100680, 91)]"
2019-06-28 10:28:00,IMBALANCE,"[222, 91]"
2019-06-28 10:29:00,BID_DEPTH,"[(100641, 190)]"
2019-06-28 10:29:00,ASK_DEPTH,"[(100680, 159)]"
2019-06-28 10:29:00,IMBALANCE,"[190, 159]"
2019-06-28 10:30:00,BID_DEPTH,"[(100522, 222)]"
2019-06-28 10:30:00,ASK_DEPTH,"[(100680, 160)]"
2019-06-28 10:30:00,IMBALANCE,"[222, 160]"
2019-06-28 10:31:00,BID_DEPTH,"[(100409, 222)]"
2019-06-28 10:31:00,ASK_DEPTH,"[(100667, 91)]"
2019-06-28 10:31:00,IMBALANCE,"[222, 91]"
2019-06-28 10:32:00,BID_DEPTH,"[(100534, 91)]"
2019-06-28 10:32:00,ASK_DEPTH,"[(100680, 160)]"
2019-06-28 10:32:00,IMBALANCE,"[91, 160]"
2019-06-28 10:33:00,BID_DEPTH,"[(100409, 329)]"
2019-06-28 10:33:00,ASK_DEPTH,"[(100469, 460)]"
2019-06-28 10:33:00,IMBALANCE,"[329, 460]"
2019-06-28 10:34:00,BID_DEPTH,"[(100291, 59)]"
2019-06-28 10:34:00,ASK_DEPTH,"[(100692, 190)]"
2019-06-28 10:34:00,IMBALANCE,"[59, 190]"
2019-06-28 10:35:00,BID_DEPTH,"[(100475, 59)]"
2019-06-28 10:35:00,ASK_DEPTH,"[(100513, 190)]"
2019-06-28 10:35:00,IMBALANCE,"[59, 190]"
2019-06-28 10:36:00,BID_DEPTH,"[(100193, 59)]"
2019-06-28 10:36:00,ASK_DEPTH,"[(100513, 190)]"
2019-06-28 10:36:00,IMBALANCE,"[59, 190]"
2019-06-28 10:37:00,BID_DEPTH,"[(100195, 59)]"
2019-06-28 10:37:00,ASK_DEPTH,"[(100692, 190)]"
2019-06-28 10:37:00,IMBALANCE,"[59, 190]"
2019-06-28 10:38:00,BID_DEPTH,"[(100195, 149)]"
2019-06-28 10:38:00,ASK_DEPTH,"[(100221, 280)]"
2019-06-28 10:38:00,IMBALANCE,"[149, 280]"
2019-06-28 10:39:00,BID_DEPTH,"[(100194, 149)]"
2019-06-28 10:39:00,ASK_DEPTH,"[(100240, 280)]"
2019-06-28 10:39:00,IMBALANCE,"[149, 280]"
2019-06-28 10:40:00,BID_DEPTH,"[(100194, 329)]"
2019-06-28 10:40:00,ASK_DEPTH,"[(100240, 460)]"
2019-06-28 10:40:00,IMBALANCE,"[329, 460]"
2019-06-28 10:41:00,BID_DEPTH,"[(100092, 41)]"
2019-06-28 10:41:00,ASK_DEPTH,"[(100194, 372)]"
2019-06-28 10:41:00,IMBALANCE,"[41, 372]"
2019-06-28 10:42:00,BID_DEPTH,"[(100073, 59)]"
2019-06-28 10:42:00,ASK_DEPTH,"[(100099, 190)]"
2019-06-28 10:42:00,IMBALANCE,"[59, 190]"
2019-06-28 10:43:00,BID_DEPTH,"[(100042, 329)]"
2019-06-28 10:43:00,ASK_DEPTH,"[(100065, 388)]"
2019-06-28 10:43:00,IMBALANCE,"[329, 388]"
2019-06-28 10:44:00,BID_DEPTH,"[(99946, 149)]"
2019-06-28 10:44:00,ASK_DEPTH,"[(100070, 280)]"
2019-06-28 10:44:00,IMBALANCE,"[149, 280]"
2019-06-28 10:45:00,BID_DEPTH,"[(99946, 59)]"
2019-06-28 10:45:00,ASK_DEPTH,"[(100070, 190)]"
2019-06-28 10:45:00,IMBALANCE,"[59, 190]"
2019-06-28 10:46:00,BID_DEPTH,"[(99964, 59)]"
2019-06-28 10:46:00,ASK_DEPTH,"[(100070, 190)]"
2019-06-28 10:46:00,IMBALANCE,"[59, 190]"
2019-06-28 10:47:00,BID_DEPTH,"[(99925, 91)]"
2019-06-28 10:47:00,ASK_DEPTH,"[(99964, 222)]"
2019-06-28 10:47:00,IMBALANCE,"[91, 222]"
2019-06-28 10:48:00,BID_DEPTH,"[(99867, 41)]"
2019-06-28 10:48:00,ASK_DEPTH,"[(99911, 172)]"
2019-06-28 10:48:00,IMBALANCE,"[41, 172]"
2019-06-28 10:49:00,BID_DEPTH,"[(99845, 329)]"
2019-06-28 10:49:00,ASK_DEPTH,"[(99867, 719)]"
2019-06-28 10:49:00,IMBALANCE,"[329, 719]"
2019-06-28 10:50:00,BID_DEPTH,"[(99269, 329)]"
2019-06-28 10:50:00,ASK_DEPTH,"[(99622, 380)]"
2019-06-28 10:50:00,IMBALANCE,"[329, 380]"
2019-06-28 10:51:00,BID_DEPTH,"[(99622, 309)]"
2019-06-28 10:51:00,ASK_DEPTH,"[(99867, 719)]"
2019-06-28 10:51:00,IMBALANCE,"[309, 719]"
2019-06-28 10:52:00,BID_DEPTH,"[(99846, 149)]"
2019-06-28 10:52:00,ASK_DEPTH,"[(99867, 439)]"
2019-06-28 10:52:00,IMBALANCE,"[149, 439]"
2019-06-28 10:53:00,BID_DEPTH,"[(99839, 41)]"
2019-06-28 10:53:00,ASK_DEPTH,"[(99867, 231)]"
2019-06-28 10:53:00,IMBALANCE,"[41, 231]"
2019-06-28 10:54:00,BID_DEPTH,"[(99839, 159)]"
2019-06-28 10:54:00,ASK_DEPTH,"[(99867, 149)]"
2019-06-28 10:54:00,IMBALANCE,"[159, 149]"
2019-06-28 10:55:00,BID_DEPTH,"[(100124, 19)]"
2019-06-28 10:55:00,ASK_DEPTH,"[(100131, 222)]"
2019-06-28 10:55:00,IMBALANCE,"[19, 222]"
2019-06-28 10:56:00,BID_DEPTH,"[(99839, 160)]"
2019-06-28 10:56:00,ASK_DEPTH,"[(100178, 222)]"
2019-06-28 10:56:00,IMBALANCE,"[160, 222]"
2019-06-28 10:57:00,BID_DEPTH,"[(100178, 41)]"
2019-06-28 10:57:00,ASK_DEPTH,"[(100206, 172)]"
2019-06-28 10:57:00,IMBALANCE,"[41, 172]"
2019-06-28 10:58:00,BID_DEPTH,"[(99839, 87)]"
2019-06-28 10:58:00,ASK_DEPTH,"[(100276, 280)]"
2019-06-28 10:58:00,IMBALANCE,"[87, 280]"
2019-06-28 10:59:00,BID_DEPTH,"[(99622, 59)]"
2019-06-28 10:59:00,ASK_DEPTH,"[(100297, 190)]"
2019-06-28 10:59:00,IMBALANCE,"[59, 190]"
2019-06-28 11:00:00,BID_DEPTH,"[(99622, 329)]"
2019-06-28 11:00:00,ASK_DEPTH,"[(100297, 460)]"
2019-06-28 11:00:00,IMBALANCE,"[329, 460]"
2019-06-28 11:01:00,BID_DEPTH,"[(99622, 429)]"
2019-06-28 11:01:00,ASK_DEPTH,"[(100297, 460)]"
2019-06-28 11:01:00,IMBALANCE,"[429, 460]"
2019-06-28 11:02:00,BID_DEPTH,"[(99622, 498)]"
2019-06-28 11:02:00,ASK_DEPTH,"[(100393, 460)]"
2019-06-28 11:02:00,IMBALANCE,"[498, 460]"
2019-06-28 11:03:00,BID_DEPTH,"[(99622, 79)]"
2019-06-28 11:03:00,ASK_DEPTH,"[(100393, 172)]"
2019-06-28 11:03:00,IMBALANCE,"[79, 172]"
2019-06-28 11:04:00,BID_DEPTH,"[(99622, 48)]"
2019-06-28 11:04:00,ASK_DEPTH,"[(100393, 172)]"
2019-06-28 11:04:00,IMBALANCE,"[48, 172]"
2019-06-28 11:05:00,BID_DEPTH,"[(99622, 329)]"
2019-06-28 11:05:00,ASK_DEPTH,"[(100417, 460)]"
2019-06-28 11:05:00,IMBALANCE,"[329, 460]"
2019-06-28 11:06:00,BID_DEPTH,"[(100417, 59)]"
2019-06-28 11:06:00,ASK_DEPTH,"[(100454, 190)]"
2019-06-28 11:06:00,IMBALANCE,"[59, 190]"
2019-06-28 11:07:00,BID_DEPTH,"[(100417, 91)]"
2019-06-28 11:07:00,ASK_DEPTH,"[(100540, 222)]"
2019-06-28 11:07:00,IMBALANCE,"[91, 222]"
2019-06-28 11:08:00,BID_DEPTH,[]
2019-06-28 11:08:00,ASK_DEPTH,"[(100764, 100)]"
2019-06-28 11:08:00,IMBALANCE,"[0, 100]"
2019-06-28 11:09:00,BID_DEPTH,[]
2019-06-28 11:09:00,ASK_DEPTH,"[(100827, 100)]"
2019-06-28 11:09:00,IMBALANCE,"[0, 100]"
2019-06-28 11:10:00,BID_DEPTH,"[(100774, 59)]"
2019-06-28 11:10:00,ASK_DEPTH,"[(100952, 190)]"
2019-06-28 11:10:00,IMBALANCE,"[59, 190]"
2019-06-28 11:11:00,BID_DEPTH,[]
2019-06-28 11:11:00,ASK_DEPTH,"[(101170, 100)]"
2019-06-28 11:11:00,IMBALANCE,"[0, 100]"
2019-06-28 11:12:00,BID_DEPTH,[]
2019-06-28 11:12:00,ASK_DEPTH,"[(101188, 100)]"
2019-06-28 11:12:00,IMBALANCE,"[0, 100]"
2019-06-28 11:13:00,BID_DEPTH,[]
2019-06-28 11:13:00,ASK_DEPTH,"[(101009, 100)]"
2019-06-28 11:13:00,IMBALANCE,"[0, 100]"
2019-06-28 11:14:00,BID_DEPTH,"[(100425, 91)]"
2019-06-28 11:14:00,ASK_DEPTH,"[(100617, 222)]"
2019-06-28 11:14:00,IMBALANCE,"[91, 222]"
2019-06-28 11:15:00,BID_DEPTH,"[(100040, 329)]"
2019-06-28 11:15:00,ASK_DEPTH,"[(100617, 460)]"
2019-06-28 11:15:00,IMBALANCE,"[329, 460]"
2019-06-28 11:16:00,BID_DEPTH,"[(99977, 149)]"
2019-06-28 11:16:00,ASK_DEPTH,"[(100040, 280)]"
2019-06-28 11:16:00,IMBALANCE,"[149, 280]"
2019-06-28 11:17:00,BID_DEPTH,"[(99771, 149)]"
2019-06-28 11:17:00,ASK_DEPTH,"[(99960, 380)]"
2019-06-28 11:17:00,IMBALANCE,"[149, 380]"
2019-06-28 11:17:00,HOLDINGS_UPDATED,"{'CASH': 9100360, 'JPM': 9}"
2019-06-28 11:18:00,BID_DEPTH,"[(98973, 91)]"
2019-06-28 11:18:00,ASK_DEPTH,"[(99960, 413)]"
2019-06-28 11:18:00,IMBALANCE,"[91, 413]"
2019-06-28 11:18:00,HOLDINGS_UPDATED,"{'CASH': 8200720, 'JPM': 18}"
2019-06-28 11:19:00,BID_DEPTH,"[(99413, 329)]"
2019-06-28 11:19:00,ASK_DEPTH,"[(99481, 460)]"
2019-06-28 11:19:00,IMBALANCE,"[329, 460]"
2019-06-28 11:19:00,HOLDINGS_UPDATED,"{'CASH': 7305391, 'JPM': 27}"
2019-06-28 11:20:00,BID_DEPTH,"[(99363, 59)]"
2019-06-28 11:20:00,ASK_DEPTH,"[(99481, 181)]"
2019-06-28 11:20:00,IMBALANCE,"[59, 181]"
2019-06-28 11:20:00,HOLDINGS_UPDATED,"{'CASH': 6410062, 'JPM': 36}"
2019-06-28 11:21:00,BID_DEPTH,"[(99361, 149)]"
2019-06-28 11:21:00,ASK_DEPTH,"[(99960, 462)]"
2019-06-28 11:21:00,IMBALANCE,"[149, 462]"
2019-06-28 11:21:00,HOLDINGS_UPDATED,"{'CASH': 5510422, 'JPM': 45}"
2019-06-28 11:22:00,BID_DEPTH,"[(99260, 149)]"
2019-06-28 11:22:00,ASK_DEPTH,"[(99960, 253)]"
2019-06-28 11:22:00,IMBALANCE,"[149, 253]"
2019-06-28 11:22:00,HOLDINGS_UPDATED,"{'CASH': 4610782, 'JPM': 54}"
2019-06-28 11:23:00,BID_DEPTH,"[(99960, 55)]"
2019-06-28 11:23:00,ASK_DEPTH,"[(100040, 222)]"
2019-06-28 11:23:00,IMBALANCE,"[55, 222]"
2019-06-28 11:23:00,HOLDINGS_UPDATED,"{'CASH': 3710422, 'JPM': 63}"
2019-06-28 11:24:00,BID_DEPTH,"[(98960, 149)]"
2019-06-28 11:24:00,ASK_DEPTH,"[(100617, 280)]"
2019-06-28 11:24:00,IMBALANCE,"[149, 280]"
2019-06-28 11:24:00,HOLDINGS_UPDATED,"{'CASH': 2804869, 'JPM': 72}"
2019-06-28 11:25:00,BID_DEPTH,"[(100970, 329)]"
2019-06-28 11:25:00,ASK_DEPTH,"[(101170, 560)]"
2019-06-28 11:25:00,IMBALANCE,"[329, 560]"
2019-06-28 11:25:00,HOLDINGS_UPDATED,"{'CASH': 1894339, 'JPM': 81}"
2019-06-28 11:26:00,BID_DEPTH,"[(98726, 41)]"
2019-06-28 11:26:00,ASK_DEPTH,"[(101170, 263)]"
2019-06-28 11:26:00,IMBALANCE,"[41, 263]"
2019-06-28 11:26:00,HOLDINGS_UPDATED,"{'CASH': 983809, 'JPM': 90}"
2019-06-28 11:27:00,BID_DEPTH,"[(101154, 280)]"
2019-06-28 11:27:00,ASK_DEPTH,"[(101170, 231)]"
2019-06-28 11:27:00,IMBALANCE,"[280, 231]"
2019-06-28 11:27:00,HOLDINGS_UPDATED,"{'CASH': 1894195, 'JPM': 81}"
2019-06-28 11:28:00,BID_DEPTH,"[(101127, 280)]"
2019-06-28 11:28:00,ASK_DEPTH,"[(101154, 249)]"
2019-06-28 11:28:00,IMBALANCE,"[280, 249]"
2019-06-28 11:28:00,HOLDINGS_UPDATED,"{'CASH': 2804338, 'JPM': 72}"
2019-06-28 11:29:00,BID_DEPTH,"[(100613, 172)]"
2019-06-28 11:29:00,ASK_DEPTH,"[(101127, 41)]"
2019-06-28 11:29:00,IMBALANCE,"[172, 41]"
2019-06-28 11:29:00,HOLDINGS_UPDATED,"{'CASH': 3709855, 'JPM': 63}"
2019-06-28 11:30:00,BID_DEPTH,"[(100613, 271)]"
2019-06-28 11:30:00,ASK_DEPTH,"[(101127, 149)]"
2019-06-28 11:30:00,IMBALANCE,"[271, 149]"
2019-06-28 11:30:00,HOLDINGS_UPDATED,"{'CASH': 4615372, 'JPM': 54}"
2019-06-28 11:31:00,BID_DEPTH,"[(100535, 222)]"
2019-06-28 11:31:00,ASK_DEPTH,"[(100613, 191)]"
2019-06-28 11:31:00,IMBALANCE,"[222, 191]"
2019-06-28 11:31:00,HOLDINGS_UPDATED,"{'CASH': 5520187, 'JPM': 45}"
2019-06-28 11:32:00,BID_DEPTH,"[(100394, 222)]"
2019-06-28 11:32:00,ASK_DEPTH,"[(100535, 91)]"
2019-06-28 11:32:00,IMBALANCE,"[222, 91]"
2019-06-28 11:32:00,HOLDINGS_UPDATED,"{'CASH': 6423733, 'JPM': 36}"
2019-06-28 11:33:00,BID_DEPTH,"[(100314, 190)]"
2019-06-28 11:33:00,ASK_DEPTH,"[(100550, 59)]"
2019-06-28 11:33:00,IMBALANCE,"[190, 59]"
2019-06-28 11:33:00,HOLDINGS_UPDATED,"{'CASH': 7326559, 'JPM': 27}"
2019-06-28 11:34:00,BID_DEPTH,"[(100187, 172)]"
2019-06-28 11:34:00,ASK_DEPTH,"[(100613, 10)]"
2019-06-28 11:34:00,IMBALANCE,"[172, 10]"
2019-06-28 11:34:00,HOLDINGS_UPDATED,"{'CASH': 8228242, 'JPM': 18}"
2019-06-28 11:35:00,BID_DEPTH,"[(100187, 213)]"
2019-06-28 11:35:00,ASK_DEPTH,"[(100613, 91)]"
2019-06-28 11:35:00,IMBALANCE,"[213, 91]"
2019-06-28 11:35:00,HOLDINGS_UPDATED,"{'CASH': 9129925, 'JPM': 9}"
2019-06-28 11:36:00,BID_DEPTH,"[(100143, 172)]"
2019-06-28 11:36:00,ASK_DEPTH,"[(100613, 41)]"
2019-06-28 11:36:00,IMBALANCE,"[172, 41]"
2019-06-28 11:36:00,HOLDINGS_UPDATED,{'CASH': 10031212}
2019-06-28 11:37:00,BID_DEPTH,"[(99205, 280)]"
2019-06-28 11:37:00,ASK_DEPTH,"[(101127, 149)]"
2019-06-28 11:37:00,IMBALANCE,"[280, 149]"
2019-06-28 11:38:00,BID_DEPTH,"[(99205, 222)]"
2019-06-28 11:38:00,ASK_DEPTH,"[(101170, 42)]"
2019-06-28 11:38:00,IMBALANCE,"[222, 42]"
2019-06-28 11:39:00,BID_DEPTH,"[(99205, 460)]"
2019-06-28 11:39:00,ASK_DEPTH,"[(101170, 329)]"
2019-06-28 11:39:00,IMBALANCE,"[460, 329]"
2019-06-28 11:39:00,HOLDINGS_UPDATED,"{'CASH': 9120682, 'JPM': 9}"
2019-06-28 11:40:00,BID_DEPTH,"[(99205, 172)]"
2019-06-28 11:40:00,ASK_DEPTH,"[(101380, 41)]"
2019-06-28 11:40:00,IMBALANCE,"[172, 41]"
2019-06-28 11:40:00,HOLDINGS_UPDATED,"{'CASH': 8208262, 'JPM': 18}"
2019-06-28 11:41:00,BID_DEPTH,"[(99205, 280)]"
2019-06-28 11:41:00,ASK_DEPTH,"[(99995, 149)]"
2019-06-28 11:41:00,IMBALANCE,"[280, 149]"
2019-06-28 11:41:00,HOLDINGS_UPDATED,"{'CASH': 7308307, 'JPM': 27}"
2019-06-28 11:42:00,BID_DEPTH,"[(99949, 222)]"
2019-06-28 11:42:00,ASK_DEPTH,"[(100313, 91)]"
2019-06-28 11:42:00,IMBALANCE,"[222, 91]"
2019-06-28 11:42:00,HOLDINGS_UPDATED,"{'CASH': 6405490, 'JPM': 36}"
2019-06-28 11:43:00,BID_DEPTH,"[(100313, 198)]"
2019-06-28 11:43:00,ASK_DEPTH,"[(101584, 149)]"
2019-06-28 11:43:00,IMBALANCE,"[198, 149]"
2019-06-28 11:43:00,HOLDINGS_UPDATED,"{'CASH': 7308307, 'JPM': 27}"
2019-06-28 11:44:00,BID_DEPTH,"[(101078, 172)]"
2019-06-28 11:44:00,ASK_DEPTH,"[(101089, 41)]"
2019-06-28 11:44:00,IMBALANCE,"[172, 41]"
2019-06-28 11:44:00,HOLDINGS_UPDATED,"{'CASH': 8218009, 'JPM': 18}"
2019-06-28 11:45:00,BID_DEPTH,"[(101075, 222)]"
2019-06-28 11:45:00,ASK_DEPTH,"[(101079, 119)]"
2019-06-28 11:45:00,IMBALANCE,"[222, 119]"
2019-06-28 11:45:00,HOLDINGS_UPDATED,"{'CASH': 9127684, 'JPM': 9}"
2019-06-28 11:46:00,BID_DEPTH,"[(100325, 100)]"
2019-06-28 11:46:00,ASK_DEPTH,[]
2019-06-28 11:46:00,IMBALANCE,"[100, 0]"
2019-06-28 11:47:00,BID_DEPTH,"[(99884, 172)]"
2019-06-28 11:47:00,ASK_DEPTH,"[(100325, 41)]"
2019-06-28 11:47:00,IMBALANCE,"[172, 41]"
2019-06-28 11:47:00,HOLDINGS_UPDATED,{'CASH': 10026640}
2019-06-28 11:48:00,BID_DEPTH,"[(99884, 4)]"
2019-06-28 11:48:00,ASK_DEPTH,"[(99885, 26)]"
2019-06-28 11:48:00,IMBALANCE,"[4, 26]"
2019-06-28 11:49:00,BID_DEPTH,"[(99884, 76)]"
2019-06-28 11:49:00,ASK_DEPTH,"[(100108, 41)]"
2019-06-28 11:49:00,IMBALANCE,"[76, 41]"
2019-06-28 11:49:00,HOLDINGS_UPDATED,"{'CASH': 9125668, 'JPM': 9}"
2019-06-28 11:50:00,BID_DEPTH,"[(99944, 190)]"
2019-06-28 11:50:00,ASK_DEPTH,"[(99956, 59)]"
2019-06-28 11:50:00,IMBALANCE,"[190, 59]"
2019-06-28 11:50:00,HOLDINGS_UPDATED,"{'CASH': 8226064, 'JPM': 18}"
2019-06-28 11:51:00,BID_DEPTH,"[(99944, 172)]"
2019-06-28 11:51:00,ASK_DEPTH,"[(100168, 41)]"
2019-06-28 11:51:00,IMBALANCE,"[172, 41]"
2019-06-28 11:51:00,HOLDINGS_UPDATED,"{'CASH': 7324552, 'JPM': 27}"
2019-06-28 11:52:00,BID_DEPTH,"[(100168, 190)]"
2019-06-28 11:52:00,ASK_DEPTH,"[(100333, 59)]"
2019-06-28 11:52:00,IMBALANCE,"[190, 59]"
2019-06-28 11:52:00,HOLDINGS_UPDATED,"{'CASH': 6421555, 'JPM': 36}"
2019-06-28 11:53:00,BID_DEPTH,"[(100307, 172)]"
2019-06-28 11:53:00,ASK_DEPTH,"[(100333, 41)]"
2019-06-28 11:53:00,IMBALANCE,"[172, 41]"
2019-06-28 11:53:00,HOLDINGS_UPDATED,"{'CASH': 5518558, 'JPM': 45}"
2019-06-28 11:54:00,BID_DEPTH,"[(100437, 100)]"
2019-06-28 11:54:00,ASK_DEPTH,[]
2019-06-28 11:54:00,IMBALANCE,"[100, 0]"
2019-06-28 11:55:00,BID_DEPTH,"[(100487, 460)]"
2019-06-28 11:55:00,ASK_DEPTH,"[(100579, 329)]"
2019-06-28 11:55:00,IMBALANCE,"[460, 329]"
2019-06-28 11:55:00,HOLDINGS_UPDATED,"{'CASH': 6422941, 'JPM': 36}"
2019-06-28 11:56:00,BID_DEPTH,"[(100640, 100)]"
2019-06-28 11:56:00,ASK_DEPTH,[]
2019-06-28 11:56:00,IMBALANCE,"[100, 0]"
2019-06-28 11:57:00,BID_DEPTH,"[(100568, 172)]"
2019-06-28 11:57:00,ASK_DEPTH,"[(100601, 41)]"
2019-06-28 11:57:00,IMBALANCE,"[172, 41]"
2019-06-28 11:57:00,HOLDINGS_UPDATED,"{'CASH': 7328053, 'JPM': 27}"
2019-06-28 11:58:00,BID_DEPTH,"[(100568, 451)]"
2019-06-28 11:58:00,ASK_DEPTH,"[(100621, 329)]"
2019-06-28 11:58:00,IMBALANCE,"[451, 329]"
2019-06-28 11:58:00,HOLDINGS_UPDATED,"{'CASH': 8233165, 'JPM': 18}"
2019-06-28 11:59:00,BID_DEPTH,"[(100338, 172)]"
2019-06-28 11:59:00,ASK_DEPTH,"[(100568, 59)]"
2019-06-28 11:59:00,IMBALANCE,"[172, 59]"
2019-06-28 11:59:00,HOLDINGS_UPDATED,"{'CASH': 9136207, 'JPM': 9}"
2019-06-28 12:00:00,BID_DEPTH,"[(100338, 100)]"
2019-06-28 12:00:00,ASK_DEPTH,[]
2019-06-28 12:00:00,IMBALANCE,"[100, 0]"
2019-06-28 12:01:00,BID_DEPTH,"[(101085, 100)]"
2019-06-28 12:01:00,ASK_DEPTH,[]
2019-06-28 12:01:00,IMBALANCE,"[100, 0]"
2019-06-28 12:02:00,BID_DEPTH,"[(101085, 190)]"
2019-06-28 12:02:00,ASK_DEPTH,"[(101303, 59)]"
2019-06-28 12:02:00,IMBALANCE,"[190, 59]"
2019-06-28 12:02:00,HOLDINGS_UPDATED,{'CASH': 10045972}
2019-06-28 12:03:00,BID_DEPTH,"[(100748, 280)]"
2019-06-28 12:03:00,ASK_DEPTH,"[(100758, 149)]"
2019-06-28 12:03:00,IMBALANCE,"[280, 149]"
2019-06-28 12:04:00,BID_DEPTH,"[(100338, 460)]"
2019-06-28 12:04:00,ASK_DEPTH,"[(100748, 239)]"
2019-06-28 12:04:00,IMBALANCE,"[460, 239]"
2019-06-28 12:05:00,BID_DEPTH,"[(100542, 460)]"
2019-06-28 12:05:00,ASK_DEPTH,"[(101263, 329)]"
2019-06-28 12:05:00,IMBALANCE,"[460, 329]"
2019-06-28 12:06:00,BID_DEPTH,"[(101083, 172)]"
2019-06-28 12:06:00,ASK_DEPTH,"[(101263, 41)]"
2019-06-28 12:06:00,IMBALANCE,"[172, 41]"
2019-06-28 12:07:00,BID_DEPTH,"[(101083, 222)]"
2019-06-28 12:07:00,ASK_DEPTH,"[(101289, 91)]"
2019-06-28 12:07:00,IMBALANCE,"[222, 91]"
2019-06-28 12:08:00,BID_DEPTH,"[(100852, 190)]"
2019-06-28 12:08:00,ASK_DEPTH,"[(101303, 59)]"
2019-06-28 12:08:00,IMBALANCE,"[190, 59]"
2019-06-28 12:09:00,BID_DEPTH,"[(100542, 280)]"
2019-06-28 12:09:00,ASK_DEPTH,"[(100642, 149)]"
2019-06-28 12:09:00,IMBALANCE,"[280, 149]"
2019-06-28 12:10:00,BID_DEPTH,"[(100542, 222)]"
2019-06-28 12:10:00,ASK_DEPTH,"[(100648, 91)]"
2019-06-28 12:10:00,IMBALANCE,"[222, 91]"
2019-06-28 12:11:00,BID_DEPTH,"[(100502, 190)]"
2019-06-28 12:11:00,ASK_DEPTH,"[(100648, 59)]"
2019-06-28 12:11:00,IMBALANCE,"[190, 59]"
2019-06-28 12:12:00,BID_DEPTH,"[(100449, 460)]"
2019-06-28 12:12:00,ASK_DEPTH,"[(100476, 329)]"
2019-06-28 12:12:00,IMBALANCE,"[460, 329]"
2019-06-28 12:13:00,BID_DEPTH,"[(100476, 280)]"
2019-06-28 12:13:00,ASK_DEPTH,"[(101103, 149)]"
2019-06-28 12:13:00,IMBALANCE,"[280, 149]"
2019-06-28 12:14:00,BID_DEPTH,"[(100472, 460)]"
2019-06-28 12:14:00,ASK_DEPTH,"[(101102, 329)]"
2019-06-28 12:14:00,IMBALANCE,"[460, 329]"
2019-06-28 12:15:00,BID_DEPTH,"[(100472, 280)]"
2019-06-28 12:15:00,ASK_DEPTH,"[(101103, 149)]"
2019-06-28 12:15:00,IMBALANCE,"[280, 149]"
2019-06-28 12:16:00,BID_DEPTH,"[(100472, 190)]"
2019-06-28 12:16:00,ASK_DEPTH,"[(101103, 59)]"
2019-06-28 12:16:00,IMBALANCE,"[190, 59]"
2019-06-28 12:17:00,BID_DEPTH,"[(100419, 100)]"
2019-06-28 12:17:00,ASK_DEPTH,[]
2019-06-28 12:17:00,IMBALANCE,"[100, 0]"
2019-06-28 12:18:00,BID_DEPTH,"[(100578, 460)]"
2019-06-28 12:18:00,ASK_DEPTH,"[(100753, 329)]"
2019-06-28 12:18:00,IMBALANCE,"[460, 329]"
2019-06-28 12:19:00,BID_DEPTH,"[(100351, 280)]"
2019-06-28 12:19:00,ASK_DEPTH,"[(100753, 149)]"
2019-06-28 12:19:00,IMBALANCE,"[280, 149]"
2019-06-28 12:20:00,BID_DEPTH,"[(100545, 460)]"
2019-06-28 12:20:00,ASK_DEPTH,"[(100616, 329)]"
2019-06-28 12:20:00,IMBALANCE,"[460, 329]"
2019-06-28 12:21:00,BID_DEPTH,"[(100545, 190)]"
2019-06-28 12:21:00,ASK_DEPTH,"[(100616, 59)]"
2019-06-28 12:21:00,IMBALANCE,"[190, 59]"
2019-06-28 12:22:00,BID_DEPTH,"[(100328, 460)]"
2019-06-28 12:22:00,ASK_DEPTH,"[(100615, 329)]"
2019-06-28 12:22:00,IMBALANCE,"[460, 329]"
2019-06-28 12:23:00,BID_DEPTH,"[(100328, 280)]"
2019-06-28 12:23:00,ASK_DEPTH,"[(100615, 249)]"
2019-06-28 12:23:00,IMBALANCE,"[280, 249]"
2019-06-28 12:24:00,BID_DEPTH,"[(100328, 190)]"
2019-06-28 12:24:00,ASK_DEPTH,"[(100615, 228)]"
2019-06-28 12:24:00,IMBALANCE,"[190, 228]"
2019-06-28 12:25:00,BID_DEPTH,"[(100232, 172)]"
2019-06-28 12:25:00,ASK_DEPTH,"[(100295, 41)]"
2019-06-28 12:25:00,IMBALANCE,"[172, 41]"
2019-06-28 12:25:00,HOLDINGS_UPDATED,"{'CASH': 9143317, 'JPM': 9}"
2019-06-28 12:26:00,BID_DEPTH,"[(100421, 280)]"
2019-06-28 12:26:00,ASK_DEPTH,"[(100472, 149)]"
2019-06-28 12:26:00,IMBALANCE,"[280, 149]"
2019-06-28 12:26:00,HOLDINGS_UPDATED,"{'CASH': 8239069, 'JPM': 18}"
2019-06-28 12:27:00,BID_DEPTH,"[(100421, 190)]"
2019-06-28 12:27:00,ASK_DEPTH,"[(100615, 97)]"
2019-06-28 12:27:00,IMBALANCE,"[190, 97]"
2019-06-28 12:27:00,HOLDINGS_UPDATED,"{'CASH': 9142858, 'JPM': 9}"
2019-06-28 12:28:00,BID_DEPTH,"[(100615, 1)]"
2019-06-28 12:28:00,ASK_DEPTH,"[(100689, 218)]"
2019-06-28 12:28:00,IMBALANCE,"[1, 218]"
2019-06-28 12:28:00,HOLDINGS_UPDATED,"{'CASH': 9243473, 'JPM': 8}"
2019-06-28 12:29:00,HOLDINGS_UPDATED,"{'CASH': 9847163, 'JPM': 2}"
2019-06-28 12:29:00,HOLDINGS_UPDATED,{'CASH': 10048393}
2019-06-28 12:29:00,BID_DEPTH,"[(100422, 222)]"
2019-06-28 12:29:00,ASK_DEPTH,"[(100689, 217)]"
2019-06-28 12:29:00,IMBALANCE,"[222, 217]"
2019-06-28 12:30:00,BID_DEPTH,"[(100421, 363)]"
2019-06-28 12:30:00,ASK_DEPTH,"[(100455, 41)]"
2019-06-28 12:30:00,IMBALANCE,"[363, 41]"
2019-06-28 12:31:00,BID_DEPTH,"[(100421, 381)]"
2019-06-28 12:31:00,ASK_DEPTH,"[(100455, 59)]"
2019-06-28 12:31:00,IMBALANCE,"[381, 59]"
2019-06-28 12:32:00,BID_DEPTH,"[(100696, 100)]"
2019-06-28 12:32:00,ASK_DEPTH,"[(100699, 41)]"
2019-06-28 12:32:00,IMBALANCE,"[100, 41]"
2019-06-28 12:33:00,BID_DEPTH,"[(100696, 150)]"
2019-06-28 12:33:00,ASK_DEPTH,"[(100699, 91)]"
2019-06-28 12:33:00,IMBALANCE,"[150, 91]"
2019-06-28 12:34:00,BID_DEPTH,"[(100494, 190)]"
2019-06-28 12:34:00,ASK_DEPTH,"[(100696, 59)]"
2019-06-28 12:34:00,IMBALANCE,"[190, 59]"
2019-06-28 12:35:00,BID_DEPTH,"[(100421, 322)]"
2019-06-28 12:35:00,ASK_DEPTH,"[(100696, 91)]"
2019-06-28 12:35:00,IMBALANCE,"[322, 91]"
2019-06-28 12:36:00,BID_DEPTH,"[(100651, 329)]"
2019-06-28 12:36:00,ASK_DEPTH,"[(100696, 460)]"
2019-06-28 12:36:00,IMBALANCE,"[329, 460]"
2019-06-28 12:37:00,BID_DEPTH,"[(100421, 59)]"
2019-06-28 12:37:00,ASK_DEPTH,"[(100696, 190)]"
2019-06-28 12:37:00,IMBALANCE,"[59, 190]"
2019-06-28 12:38:00,BID_DEPTH,"[(100421, 329)]"
2019-06-28 12:38:00,ASK_DEPTH,"[(100696, 460)]"
2019-06-28 12:38:00,IMBALANCE,"[329, 460]"
2019-06-28 12:39:00,BID_DEPTH,"[(100448, 91)]"
2019-06-28 12:39:00,ASK_DEPTH,"[(100669, 222)]"
2019-06-28 12:39:00,IMBALANCE,"[91, 222]"
2019-06-28 12:40:00,BID_DEPTH,"[(100438, 91)]"
2019-06-28 12:40:00,ASK_DEPTH,"[(100542, 222)]"
2019-06-28 12:40:00,IMBALANCE,"[91, 222]"
2019-06-28 12:41:00,BID_DEPTH,"[(100583, 59)]"
2019-06-28 12:41:00,ASK_DEPTH,"[(100669, 190)]"
2019-06-28 12:41:00,IMBALANCE,"[59, 190]"
2019-06-28 12:42:00,BID_DEPTH,"[(100428, 91)]"
2019-06-28 12:42:00,ASK_DEPTH,"[(100583, 222)]"
2019-06-28 12:42:00,IMBALANCE,"[91, 222]"
2019-06-28 12:43:00,BID_DEPTH,"[(100366, 149)]"
2019-06-28 12:43:00,ASK_DEPTH,"[(100428, 289)]"
2019-06-28 12:43:00,IMBALANCE,"[149, 289]"
2019-06-28 12:44:00,BID_DEPTH,"[(100125, 41)]"
2019-06-28 12:44:00,ASK_DEPTH,"[(100428, 181)]"
2019-06-28 12:44:00,IMBALANCE,"[41, 181]"
2019-06-28 12:44:00,HOLDINGS_UPDATED,"{'CASH': 9144541, 'JPM': 9}"
2019-06-28 12:45:00,BID_DEPTH,"[(100159, 149)]"
2019-06-28 12:45:00,ASK_DEPTH,"[(100428, 280)]"
2019-06-28 12:45:00,IMBALANCE,"[149, 280]"
2019-06-28 12:45:00,HOLDINGS_UPDATED,"{'CASH': 8240689, 'JPM': 18}"
2019-06-28 12:46:00,BID_DEPTH,"[(100113, 41)]"
2019-06-28 12:46:00,ASK_DEPTH,"[(100305, 172)]"
2019-06-28 12:46:00,IMBALANCE,"[41, 172]"
2019-06-28 12:46:00,HOLDINGS_UPDATED,"{'CASH': 7337944, 'JPM': 27}"
2019-06-28 12:47:00,BID_DEPTH,"[(99993, 41)]"
2019-06-28 12:47:00,ASK_DEPTH,"[(100305, 163)]"
2019-06-28 12:47:00,IMBALANCE,"[41, 163]"
2019-06-28 12:47:00,HOLDINGS_UPDATED,"{'CASH': 6435199, 'JPM': 36}"
2019-06-28 12:48:00,BID_DEPTH,"[(99931, 41)]"
2019-06-28 12:48:00,ASK_DEPTH,"[(100413, 172)]"
2019-06-28 12:48:00,IMBALANCE,"[41, 172]"
2019-06-28 12:48:00,HOLDINGS_UPDATED,"{'CASH': 5531482, 'JPM': 45}"
2019-06-28 12:49:00,BID_DEPTH,"[(100413, 168)]"
2019-06-28 12:49:00,ASK_DEPTH,"[(100473, 280)]"
2019-06-28 12:49:00,IMBALANCE,"[168, 280]"
2019-06-28 12:49:00,HOLDINGS_UPDATED,"{'CASH': 4627225, 'JPM': 54}"
2019-06-28 12:50:00,BID_DEPTH,"[(100473, 41)]"
2019-06-28 12:50:00,ASK_DEPTH,"[(100657, 172)]"
2019-06-28 12:50:00,IMBALANCE,"[41, 172]"
2019-06-28 12:50:00,HOLDINGS_UPDATED,"{'CASH': 3721312, 'JPM': 63}"
2019-06-28 12:51:00,BID_DEPTH,"[(100440, 329)]"
2019-06-28 12:51:00,ASK_DEPTH,"[(100701, 460)]"
2019-06-28 12:51:00,IMBALANCE,"[329, 460]"
2019-06-28 12:51:00,HOLDINGS_UPDATED,"{'CASH': 2815003, 'JPM': 72}"
2019-06-28 12:52:00,BID_DEPTH,"[(99918, 91)]"
2019-06-28 12:52:00,ASK_DEPTH,"[(100594, 222)]"
2019-06-28 12:52:00,IMBALANCE,"[91, 222]"
2019-06-28 12:52:00,HOLDINGS_UPDATED,"{'CASH': 1909657, 'JPM': 81}"
2019-06-28 12:53:00,BID_DEPTH,"[(99884, 53)]"
2019-06-28 12:53:00,ASK_DEPTH,"[(100185, 280)]"
2019-06-28 12:53:00,IMBALANCE,"[53, 280]"
2019-06-28 12:53:00,HOLDINGS_UPDATED,"{'CASH': 1007992, 'JPM': 90}"
2019-06-28 12:54:00,BID_DEPTH,"[(100185, 149)]"
2019-06-28 12:54:00,ASK_DEPTH,"[(100230, 280)]"
2019-06-28 12:54:00,IMBALANCE,"[149, 280]"
2019-06-28 12:54:00,HOLDINGS_UPDATED,"{'CASH': 105922, 'JPM': 99}"
2019-06-28 12:55:00,BID_DEPTH,"[(100137, 149)]"
2019-06-28 12:55:00,ASK_DEPTH,"[(100390, 280)]"
2019-06-28 12:55:00,IMBALANCE,"[149, 280]"
2019-06-28 12:56:00,BID_DEPTH,"[(100137, 149)]"
2019-06-28 12:56:00,ASK_DEPTH,"[(100383, 280)]"
2019-06-28 12:56:00,IMBALANCE,"[149, 280]"
2019-06-28 12:57:00,BID_DEPTH,"[(99802, 41)]"
2019-06-28 12:57:00,ASK_DEPTH,"[(100383, 172)]"
2019-06-28 12:57:00,IMBALANCE,"[41, 172]"
2019-06-28 12:58:00,BID_DEPTH,"[(99803, 41)]"
2019-06-28 12:58:00,ASK_DEPTH,"[(100390, 172)]"
2019-06-28 12:58:00,IMBALANCE,"[41, 172]"
2019-06-28 12:59:00,BID_DEPTH,"[(99802, 329)]"
2019-06-28 12:59:00,ASK_DEPTH,"[(100508, 460)]"
2019-06-28 12:59:00,IMBALANCE,"[329, 460]"
2019-06-28 13:00:00,BID_DEPTH,"[(99751, 59)]"
2019-06-28 13:00:00,ASK_DEPTH,"[(100701, 281)]"
2019-06-28 13:00:00,IMBALANCE,"[59, 281]"
2019-06-28 13:01:00,BID_DEPTH,"[(99726, 329)]"
2019-06-28 13:01:00,ASK_DEPTH,"[(100701, 451)]"
2019-06-28 13:01:00,IMBALANCE,"[329, 451]"
2019-06-28 13:02:00,BID_DEPTH,"[(100742, 19)]"
2019-06-28 13:02:00,ASK_DEPTH,"[(101379, 222)]"
2019-06-28 13:02:00,IMBALANCE,"[19, 222]"
2019-06-28 13:02:00,HOLDINGS_UPDATED,"{'CASH': 1012600, 'JPM': 90}"
2019-06-28 13:03:00,BID_DEPTH,"[(100742, 59)]"
2019-06-28 13:03:00,ASK_DEPTH,"[(101847, 190)]"
2019-06-28 13:03:00,IMBALANCE,"[59, 190]"
2019-06-28 13:03:00,HOLDINGS_UPDATED,"{'CASH': 1919278, 'JPM': 81}"
2019-06-28 13:04:00,BID_DEPTH,"[(100742, 191)]"
2019-06-28 13:04:00,ASK_DEPTH,"[(101933, 222)]"
2019-06-28 13:04:00,IMBALANCE,"[191, 222]"
2019-06-28 13:04:00,HOLDINGS_UPDATED,"{'CASH': 2825956, 'JPM': 72}"
2019-06-28 13:05:00,BID_DEPTH,"[(100742, 201)]"
2019-06-28 13:05:00,ASK_DEPTH,"[(101933, 172)]"
2019-06-28 13:05:00,IMBALANCE,"[201, 172]"
2019-06-28 13:05:00,HOLDINGS_UPDATED,"{'CASH': 3732634, 'JPM': 63}"
2019-06-28 13:06:00,BID_DEPTH,"[(101345, 41)]"
2019-06-28 13:06:00,ASK_DEPTH,"[(101370, 172)]"
2019-06-28 13:06:00,IMBALANCE,"[41, 172]"
2019-06-28 13:06:00,HOLDINGS_UPDATED,"{'CASH': 4644739, 'JPM': 54}"
2019-06-28 13:07:00,BID_DEPTH,"[(101004, 222)]"
2019-06-28 13:07:00,ASK_DEPTH,"[(101217, 91)]"
2019-06-28 13:07:00,IMBALANCE,"[222, 91]"
2019-06-28 13:07:00,HOLDINGS_UPDATED,"{'CASH': 5553775, 'JPM': 45}"
2019-06-28 13:08:00,BID_DEPTH,"[(100742, 142)]"
2019-06-28 13:08:00,ASK_DEPTH,"[(101345, 59)]"
2019-06-28 13:08:00,IMBALANCE,"[142, 59]"
2019-06-28 13:08:00,HOLDINGS_UPDATED,"{'CASH': 6460453, 'JPM': 36}"
2019-06-28 13:09:00,BID_DEPTH,"[(100742, 101)]"
2019-06-28 13:09:00,ASK_DEPTH,"[(101066, 59)]"
2019-06-28 13:09:00,IMBALANCE,"[101, 59]"
2019-06-28 13:09:00,HOLDINGS_UPDATED,"{'CASH': 7367131, 'JPM': 27}"
2019-06-28 13:10:00,BID_DEPTH,"[(101018, 172)]"
2019-06-28 13:10:00,ASK_DEPTH,"[(101345, 41)]"
2019-06-28 13:10:00,IMBALANCE,"[172, 41]"
2019-06-28 13:10:00,HOLDINGS_UPDATED,"{'CASH': 8276293, 'JPM': 18}"
2019-06-28 13:11:00,BID_DEPTH,"[(100778, 280)]"
2019-06-28 13:11:00,ASK_DEPTH,"[(101345, 149)]"
2019-06-28 13:11:00,IMBALANCE,"[280, 149]"
2019-06-28 13:11:00,HOLDINGS_UPDATED,"{'CASH': 9183295, 'JPM': 9}"
2019-06-28 13:12:00,BID_DEPTH,"[(100743, 190)]"
2019-06-28 13:12:00,ASK_DEPTH,"[(101345, 59)]"
2019-06-28 13:12:00,IMBALANCE,"[190, 59]"
2019-06-28 13:12:00,HOLDINGS_UPDATED,{'CASH': 10089982}
2019-06-28 13:13:00,BID_DEPTH,"[(100743, 451)]"
2019-06-28 13:13:00,ASK_DEPTH,"[(101345, 329)]"
2019-06-28 13:13:00,IMBALANCE,"[451, 329]"
2019-06-28 13:14:00,BID_DEPTH,"[(100742, 362)]"
2019-06-28 13:14:00,ASK_DEPTH,"[(101370, 329)]"
2019-06-28 13:14:00,IMBALANCE,"[362, 329]"
2019-06-28 13:15:00,BID_DEPTH,"[(100630, 222)]"
2019-06-28 13:15:00,ASK_DEPTH,"[(101369, 91)]"
2019-06-28 13:15:00,IMBALANCE,"[222, 91]"
2019-06-28 13:16:00,BID_DEPTH,"[(100463, 172)]"
2019-06-28 13:16:00,ASK_DEPTH,"[(101370, 41)]"
2019-06-28 13:16:00,IMBALANCE,"[172, 41]"
2019-06-28 13:17:00,BID_DEPTH,"[(100463, 190)]"
2019-06-28 13:17:00,ASK_DEPTH,"[(101370, 59)]"
2019-06-28 13:17:00,IMBALANCE,"[190, 59]"
2019-06-28 13:18:00,BID_DEPTH,"[(100357, 280)]"
2019-06-28 13:18:00,ASK_DEPTH,"[(101370, 249)]"
2019-06-28 13:18:00,IMBALANCE,"[280, 249]"
2019-06-28 13:19:00,BID_DEPTH,"[(100146, 460)]"
2019-06-28 13:19:00,ASK_DEPTH,"[(100357, 329)]"
2019-06-28 13:19:00,IMBALANCE,"[460, 329]"
2019-06-28 13:20:00,BID_DEPTH,"[(99956, 172)]"
2019-06-28 13:20:00,ASK_DEPTH,"[(100028, 41)]"
2019-06-28 13:20:00,IMBALANCE,"[172, 41]"
2019-06-28 13:20:00,HOLDINGS_UPDATED,"{'CASH': 9189730, 'JPM': 9}"
2019-06-28 13:21:00,BID_DEPTH,"[(99956, 280)]"
2019-06-28 13:21:00,ASK_DEPTH,"[(100276, 149)]"
2019-06-28 13:21:00,IMBALANCE,"[280, 149]"
2019-06-28 13:21:00,HOLDINGS_UPDATED,"{'CASH': 8287246, 'JPM': 18}"
2019-06-28 13:22:00,BID_DEPTH,"[(100198, 190)]"
2019-06-28 13:22:00,ASK_DEPTH,"[(100286, 59)]"
2019-06-28 13:22:00,IMBALANCE,"[190, 59]"
2019-06-28 13:22:00,HOLDINGS_UPDATED,"{'CASH': 7384672, 'JPM': 27}"
2019-06-28 13:23:00,BID_DEPTH,"[(99984, 280)]"
2019-06-28 13:23:00,ASK_DEPTH,"[(100033, 149)]"
2019-06-28 13:23:00,IMBALANCE,"[280, 149]"
2019-06-28 13:23:00,HOLDINGS_UPDATED,"{'CASH': 6484375, 'JPM': 36}"
2019-06-28 13:24:00,BID_DEPTH,"[(99984, 280)]"
2019-06-28 13:24:00,ASK_DEPTH,"[(100033, 149)]"
2019-06-28 13:24:00,IMBALANCE,"[280, 149]"
2019-06-28 13:24:00,HOLDINGS_UPDATED,"{'CASH': 5584078, 'JPM': 45}"
2019-06-28 13:25:00,BID_DEPTH,"[(99984, 172)]"
2019-06-28 13:25:00,ASK_DEPTH,"[(100033, 41)]"
2019-06-28 13:25:00,IMBALANCE,"[172, 41]"
2019-06-28 13:25:00,HOLDINGS_UPDATED,"{'CASH': 4683781, 'JPM': 54}"
2019-06-28 13:26:00,BID_DEPTH,"[(99984, 460)]"
2019-06-28 13:26:00,ASK_DEPTH,"[(100212, 329)]"
2019-06-28 13:26:00,IMBALANCE,"[460, 329]"
2019-06-28 13:26:00,HOLDINGS_UPDATED,"{'CASH': 3781873, 'JPM': 63}"
2019-06-28 13:27:00,BID_DEPTH,"[(99839, 280)]"
2019-06-28 13:27:00,ASK_DEPTH,"[(99984, 349)]"
2019-06-28 13:27:00,IMBALANCE,"[280, 349]"
2019-06-28 13:27:00,HOLDINGS_UPDATED,"{'CASH': 2882017, 'JPM': 72}"
2019-06-28 13:28:00,BID_DEPTH,"[(99742, 280)]"
2019-06-28 13:28:00,ASK_DEPTH,"[(99822, 149)]"
2019-06-28 13:28:00,IMBALANCE,"[280, 149]"
2019-06-28 13:28:00,HOLDINGS_UPDATED,"{'CASH': 1983619, 'JPM': 81}"
2019-06-28 13:29:00,BID_DEPTH,"[(99742, 329)]"
2019-06-28 13:29:00,ASK_DEPTH,"[(99822, 560)]"
2019-06-28 13:29:00,IMBALANCE,"[329, 560]"
2019-06-28 13:29:00,HOLDINGS_UPDATED,"{'CASH': 1085221, 'JPM': 90}"
2019-06-28 13:30:00,BID_DEPTH,"[(99724, 329)]"
2019-06-28 13:30:00,ASK_DEPTH,"[(99822, 551)]"
2019-06-28 13:30:00,IMBALANCE,"[329, 551]"
2019-06-28 13:30:00,HOLDINGS_UPDATED,"{'CASH': 186823, 'JPM': 99}"
2019-06-28 13:31:00,BID_DEPTH,"[(99470, 91)]"
2019-06-28 13:31:00,ASK_DEPTH,"[(99821, 222)]"
2019-06-28 13:31:00,IMBALANCE,"[91, 222]"
2019-06-28 13:32:00,BID_DEPTH,"[(99547, 91)]"
2019-06-28 13:32:00,ASK_DEPTH,"[(99821, 222)]"
2019-06-28 13:32:00,IMBALANCE,"[91, 222]"
2019-06-28 13:33:00,BID_DEPTH,"[(99434, 329)]"
2019-06-28 13:33:00,ASK_DEPTH,"[(99547, 460)]"
2019-06-28 13:33:00,IMBALANCE,"[329, 460]"
2019-06-28 13:34:00,BID_DEPTH,"[(99346, 149)]"
2019-06-28 13:34:00,ASK_DEPTH,"[(99547, 280)]"
2019-06-28 13:34:00,IMBALANCE,"[149, 280]"
2019-06-28 13:35:00,BID_DEPTH,"[(99224, 149)]"
2019-06-28 13:35:00,ASK_DEPTH,"[(99547, 280)]"
2019-06-28 13:35:00,IMBALANCE,"[149, 280]"
2019-06-28 13:36:00,BID_DEPTH,"[(99169, 59)]"
2019-06-28 13:36:00,ASK_DEPTH,"[(99224, 290)]"
2019-06-28 13:36:00,IMBALANCE,"[59, 290]"
2019-06-28 13:37:00,BID_DEPTH,"[(99169, 41)]"
2019-06-28 13:37:00,ASK_DEPTH,"[(99224, 172)]"
2019-06-28 13:37:00,IMBALANCE,"[41, 172]"
2019-06-28 13:38:00,BID_DEPTH,"[(99054, 149)]"
2019-06-28 13:38:00,ASK_DEPTH,"[(99224, 280)]"
2019-06-28 13:38:00,IMBALANCE,"[149, 280]"
2019-06-28 13:39:00,BID_DEPTH,"[(99224, 249)]"
2019-06-28 13:39:00,ASK_DEPTH,"[(99547, 460)]"
2019-06-28 13:39:00,IMBALANCE,"[249, 460]"
2019-06-28 13:40:00,BID_DEPTH,"[(99224, 91)]"
2019-06-28 13:40:00,ASK_DEPTH,"[(99615, 222)]"
2019-06-28 13:40:00,IMBALANCE,"[91, 222]"
2019-06-28 13:41:00,BID_DEPTH,"[(99224, 41)]"
2019-06-28 13:41:00,ASK_DEPTH,"[(99635, 172)]"
2019-06-28 13:41:00,IMBALANCE,"[41, 172]"
2019-06-28 13:42:00,BID_DEPTH,[]
2019-06-28 13:42:00,ASK_DEPTH,"[(99816, 100)]"
2019-06-28 13:42:00,IMBALANCE,"[0, 100]"
2019-06-28 13:43:00,BID_DEPTH,"[(99224, 91)]"
2019-06-28 13:43:00,ASK_DEPTH,"[(99822, 204)]"
2019-06-28 13:43:00,IMBALANCE,"[91, 204]"
2019-06-28 13:44:00,BID_DEPTH,"[(99701, 41)]"
2019-06-28 13:44:00,ASK_DEPTH,"[(99822, 154)]"
2019-06-28 13:44:00,IMBALANCE,"[41, 154]"
2019-06-28 13:45:00,BID_DEPTH,"[(99701, 149)]"
2019-06-28 13:45:00,ASK_DEPTH,"[(99846, 280)]"
2019-06-28 13:45:00,IMBALANCE,"[149, 280]"
2019-06-28 13:46:00,BID_DEPTH,"[(99701, 149)]"
2019-06-28 13:46:00,ASK_DEPTH,"[(99846, 280)]"
2019-06-28 13:46:00,IMBALANCE,"[149, 280]"
2019-06-28 13:47:00,BID_DEPTH,"[(99224, 149)]"
2019-06-28 13:47:00,ASK_DEPTH,"[(99609, 280)]"
2019-06-28 13:47:00,IMBALANCE,"[149, 280]"
2019-06-28 13:48:00,BID_DEPTH,[]
2019-06-28 13:48:00,ASK_DEPTH,"[(99595, 100)]"
2019-06-28 13:48:00,IMBALANCE,"[0, 100]"
2019-06-28 13:49:00,BID_DEPTH,"[(99609, 91)]"
2019-06-28 13:49:00,ASK_DEPTH,"[(99984, 222)]"
2019-06-28 13:49:00,IMBALANCE,"[91, 222]"
2019-06-28 13:50:00,BID_DEPTH,"[(99224, 59)]"
2019-06-28 13:50:00,ASK_DEPTH,"[(100441, 190)]"
2019-06-28 13:50:00,IMBALANCE,"[59, 190]"
2019-06-28 13:51:00,BID_DEPTH,"[(100108, 149)]"
2019-06-28 13:51:00,ASK_DEPTH,"[(100441, 280)]"
2019-06-28 13:51:00,IMBALANCE,"[149, 280]"
2019-06-28 13:52:00,BID_DEPTH,"[(99797, 149)]"
2019-06-28 13:52:00,ASK_DEPTH,"[(99928, 280)]"
2019-06-28 13:52:00,IMBALANCE,"[149, 280]"
2019-06-28 13:53:00,BID_DEPTH,"[(99269, 149)]"
2019-06-28 13:53:00,ASK_DEPTH,"[(99928, 280)]"
2019-06-28 13:53:00,IMBALANCE,"[149, 280]"
2019-06-28 13:54:00,BID_DEPTH,"[(99731, 149)]"
2019-06-28 13:54:00,ASK_DEPTH,"[(99928, 280)]"
2019-06-28 13:54:00,IMBALANCE,"[149, 280]"
2019-06-28 13:55:00,BID_DEPTH,"[(99776, 329)]"
2019-06-28 13:55:00,ASK_DEPTH,"[(99928, 460)]"
2019-06-28 13:55:00,IMBALANCE,"[329, 460]"
2019-06-28 13:56:00,BID_DEPTH,"[(99731, 159)]"
2019-06-28 13:56:00,ASK_DEPTH,"[(100230, 190)]"
2019-06-28 13:56:00,IMBALANCE,"[159, 190]"
2019-06-28 13:57:00,BID_DEPTH,"[(99731, 218)]"
2019-06-28 13:57:00,ASK_DEPTH,"[(100553, 280)]"
2019-06-28 13:57:00,IMBALANCE,"[218, 280]"
2019-06-28 13:58:00,BID_DEPTH,"[(99377, 189)]"
2019-06-28 13:58:00,ASK_DEPTH,"[(99731, 2)]"
2019-06-28 13:58:00,IMBALANCE,"[189, 2]"
2019-06-28 13:59:00,BID_DEPTH,"[(99732, 41)]"
2019-06-28 13:59:00,ASK_DEPTH,"[(100558, 172)]"
2019-06-28 13:59:00,IMBALANCE,"[41, 172]"
2019-06-28 14:00:00,BID_DEPTH,"[(99732, 159)]"
2019-06-28 14:00:00,ASK_DEPTH,"[(100634, 190)]"
2019-06-28 14:00:00,IMBALANCE,"[159, 190]"
2019-06-28 14:01:00,BID_DEPTH,"[(100580, 91)]"
2019-06-28 14:01:00,ASK_DEPTH,"[(100873, 222)]"
2019-06-28 14:01:00,IMBALANCE,"[91, 222]"
2019-06-28 14:01:00,HOLDINGS_UPDATED,"{'CASH': 1092043, 'JPM': 90}"
2019-06-28 14:02:00,BID_DEPTH,"[(100580, 149)]"
2019-06-28 14:02:00,ASK_DEPTH,"[(100778, 280)]"
2019-06-28 14:02:00,IMBALANCE,"[149, 280]"
2019-06-28 14:02:00,HOLDINGS_UPDATED,"{'CASH': 1997263, 'JPM': 81}"
2019-06-28 14:03:00,BID_DEPTH,"[(100010, 59)]"
2019-06-28 14:03:00,ASK_DEPTH,"[(100088, 190)]"
2019-06-28 14:03:00,IMBALANCE,"[59, 190]"
2019-06-28 14:03:00,HOLDINGS_UPDATED,"{'CASH': 2897353, 'JPM': 72}"
2019-06-28 14:04:00,BID_DEPTH,"[(99841, 172)]"
2019-06-28 14:04:00,ASK_DEPTH,"[(100088, 41)]"
2019-06-28 14:04:00,IMBALANCE,"[172, 41]"
2019-06-28 14:04:00,HOLDINGS_UPDATED,"{'CASH': 3795922, 'JPM': 63}"
2019-06-28 14:05:00,BID_DEPTH,"[(100021, 460)]"
2019-06-28 14:05:00,ASK_DEPTH,"[(100024, 329)]"
2019-06-28 14:05:00,IMBALANCE,"[460, 329]"
2019-06-28 14:05:00,HOLDINGS_UPDATED,"{'CASH': 2895706, 'JPM': 72}"
2019-06-28 14:06:00,BID_DEPTH,"[(99938, 172)]"
2019-06-28 14:06:00,ASK_DEPTH,"[(100214, 41)]"
2019-06-28 14:06:00,IMBALANCE,"[172, 41]"
2019-06-28 14:06:00,HOLDINGS_UPDATED,"{'CASH': 1993780, 'JPM': 81}"
2019-06-28 14:07:00,BID_DEPTH,"[(100214, 222)]"
2019-06-28 14:07:00,ASK_DEPTH,"[(100873, 91)]"
2019-06-28 14:07:00,IMBALANCE,"[222, 91]"
2019-06-28 14:07:00,HOLDINGS_UPDATED,"{'CASH': 2895706, 'JPM': 72}"
2019-06-28 14:08:00,BID_DEPTH,"[(100223, 172)]"
2019-06-28 14:08:00,ASK_DEPTH,"[(100917, 41)]"
2019-06-28 14:08:00,IMBALANCE,"[172, 41]"
2019-06-28 14:08:00,HOLDINGS_UPDATED,"{'CASH': 3797713, 'JPM': 63}"
2019-06-28 14:09:00,BID_DEPTH,"[(100155, 172)]"
2019-06-28 14:09:00,ASK_DEPTH,"[(100344, 41)]"
2019-06-28 14:09:00,IMBALANCE,"[172, 41]"
2019-06-28 14:09:00,HOLDINGS_UPDATED,"{'CASH': 4699108, 'JPM': 54}"
2019-06-28 14:10:00,BID_DEPTH,"[(99996, 222)]"
2019-06-28 14:10:00,ASK_DEPTH,"[(100212, 91)]"
2019-06-28 14:10:00,IMBALANCE,"[222, 91]"
2019-06-28 14:10:00,HOLDINGS_UPDATED,"{'CASH': 5599072, 'JPM': 45}"
2019-06-28 14:11:00,BID_DEPTH,"[(100060, 222)]"
2019-06-28 14:11:00,ASK_DEPTH,"[(100212, 10)]"
2019-06-28 14:11:00,IMBALANCE,"[222, 10]"
2019-06-28 14:11:00,HOLDINGS_UPDATED,"{'CASH': 6499612, 'JPM': 36}"
2019-06-28 14:12:00,BID_DEPTH,"[(100212, 450)]"
2019-06-28 14:12:00,ASK_DEPTH,"[(100424, 329)]"
2019-06-28 14:12:00,IMBALANCE,"[450, 329]"
2019-06-28 14:12:00,HOLDINGS_UPDATED,"{'CASH': 7401520, 'JPM': 27}"
2019-06-28 14:13:00,BID_DEPTH,"[(100576, 100)]"
2019-06-28 14:13:00,ASK_DEPTH,[]
2019-06-28 14:13:00,IMBALANCE,"[100, 0]"
2019-06-28 14:14:00,BID_DEPTH,"[(100576, 460)]"
2019-06-28 14:14:00,ASK_DEPTH,"[(100667, 329)]"
2019-06-28 14:14:00,IMBALANCE,"[460, 329]"
2019-06-28 14:14:00,HOLDINGS_UPDATED,"{'CASH': 8306704, 'JPM': 18}"
2019-06-28 14:15:00,BID_DEPTH,"[(100576, 191)]"
2019-06-28 14:15:00,ASK_DEPTH,[]
2019-06-28 14:15:00,IMBALANCE,"[191, 0]"
2019-06-28 14:16:00,BID_DEPTH,"[(100576, 191)]"
2019-06-28 14:16:00,ASK_DEPTH,[]
2019-06-28 14:16:00,IMBALANCE,"[191, 0]"
2019-06-28 14:17:00,BID_DEPTH,"[(100576, 191)]"
2019-06-28 14:17:00,ASK_DEPTH,[]
2019-06-28 14:17:00,IMBALANCE,"[191, 0]"
2019-06-28 14:18:00,BID_DEPTH,"[(100576, 2)]"
2019-06-28 14:18:00,ASK_DEPTH,"[(100577, 60)]"
2019-06-28 14:18:00,IMBALANCE,"[2, 60]"
2019-06-28 14:18:00,HOLDINGS_UPDATED,"{'CASH': 8507856, 'JPM': 16}"
2019-06-28 14:19:00,BID_DEPTH,"[(100294, 190)]"
2019-06-28 14:19:00,ASK_DEPTH,"[(100545, 59)]"
2019-06-28 14:19:00,IMBALANCE,"[190, 59]"
2019-06-28 14:19:00,HOLDINGS_UPDATED,"{'CASH': 9410502, 'JPM': 7}"
2019-06-28 14:20:00,BID_DEPTH,"[(100294, 451)]"
2019-06-28 14:20:00,ASK_DEPTH,"[(100545, 429)]"
2019-06-28 14:20:00,IMBALANCE,"[451, 429]"
2019-06-28 14:20:00,HOLDINGS_UPDATED,"{'CASH': 10313148, 'JPM': -2}"
2019-06-28 14:21:00,BID_DEPTH,"[(100212, 253)]"
2019-06-28 14:21:00,ASK_DEPTH,"[(100545, 10)]"
2019-06-28 14:21:00,IMBALANCE,"[253, 10]"
2019-06-28 14:22:00,BID_DEPTH,"[(100212, 441)]"
2019-06-28 14:22:00,ASK_DEPTH,"[(100545, 429)]"
2019-06-28 14:22:00,IMBALANCE,"[441, 429]"
2019-06-28 14:23:00,BID_DEPTH,"[(99701, 280)]"
2019-06-28 14:23:00,ASK_DEPTH,"[(100545, 218)]"
2019-06-28 14:23:00,IMBALANCE,"[280, 218]"
2019-06-28 14:24:00,HOLDINGS_UPDATED,"{'CASH': 10413724, 'JPM': -3}"
2019-06-28 14:24:00,BID_DEPTH,"[(100545, 2)]"
2019-06-28 14:24:00,ASK_DEPTH,"[(100576, 96)]"
2019-06-28 14:24:00,IMBALANCE,"[2, 96]"
2019-06-28 14:25:00,HOLDINGS_UPDATED,"{'CASH': 11017180, 'JPM': -9}"
2019-06-28 14:25:00,BID_DEPTH,"[(99489, 222)]"
2019-06-28 14:25:00,ASK_DEPTH,"[(100576, 97)]"
2019-06-28 14:25:00,IMBALANCE,"[222, 97]"
2019-06-28 14:26:00,BID_DEPTH,"[(99489, 190)]"
2019-06-28 14:26:00,ASK_DEPTH,"[(100576, 59)]"
2019-06-28 14:26:00,IMBALANCE,"[190, 59]"
2019-06-28 14:26:00,HOLDINGS_UPDATED,{'CASH': 10111996}
2019-06-28 14:27:00,BID_DEPTH,"[(99489, 460)]"
2019-06-28 14:27:00,ASK_DEPTH,"[(99719, 329)]"
2019-06-28 14:27:00,IMBALANCE,"[460, 329]"
2019-06-28 14:27:00,HOLDINGS_UPDATED,"{'CASH': 9214525, 'JPM': 9}"
2019-06-28 14:28:00,BID_DEPTH,"[(99463, 190)]"
2019-06-28 14:28:00,ASK_DEPTH,"[(100129, 59)]"
2019-06-28 14:28:00,IMBALANCE,"[190, 59]"
2019-06-28 14:28:00,HOLDINGS_UPDATED,"{'CASH': 8313364, 'JPM': 18}"
2019-06-28 14:29:00,BID_DEPTH,"[(99896, 460)]"
2019-06-28 14:29:00,ASK_DEPTH,"[(100460, 329)]"
2019-06-28 14:29:00,IMBALANCE,"[460, 329]"
2019-06-28 14:29:00,HOLDINGS_UPDATED,"{'CASH': 7409224, 'JPM': 27}"
2019-06-28 14:30:00,BID_DEPTH,"[(100201, 222)]"
2019-06-28 14:30:00,ASK_DEPTH,"[(100231, 91)]"
2019-06-28 14:30:00,IMBALANCE,"[222, 91]"
2019-06-28 14:30:00,HOLDINGS_UPDATED,"{'CASH': 6507145, 'JPM': 36}"
2019-06-28 14:31:00,BID_DEPTH,"[(100389, 100)]"
2019-06-28 14:31:00,ASK_DEPTH,[]
2019-06-28 14:31:00,IMBALANCE,"[100, 0]"
2019-06-28 14:32:00,BID_DEPTH,"[(100201, 100)]"
2019-06-28 14:32:00,ASK_DEPTH,[]
2019-06-28 14:32:00,IMBALANCE,"[100, 0]"
2019-06-28 14:33:00,BID_DEPTH,"[(99890, 280)]"
2019-06-28 14:33:00,ASK_DEPTH,"[(99967, 149)]"
2019-06-28 14:33:00,IMBALANCE,"[280, 149]"
2019-06-28 14:33:00,HOLDINGS_UPDATED,"{'CASH': 5607442, 'JPM': 45}"
2019-06-28 14:34:00,BID_DEPTH,"[(99721, 100)]"
2019-06-28 14:34:00,ASK_DEPTH,[]
2019-06-28 14:34:00,IMBALANCE,"[100, 0]"
2019-06-28 14:35:00,BID_DEPTH,"[(99609, 100)]"
2019-06-28 14:35:00,ASK_DEPTH,[]
2019-06-28 14:35:00,IMBALANCE,"[100, 0]"
2019-06-28 14:36:00,BID_DEPTH,"[(99609, 190)]"
2019-06-28 14:36:00,ASK_DEPTH,"[(99807, 59)]"
2019-06-28 14:36:00,IMBALANCE,"[190, 59]"
2019-06-28 14:36:00,HOLDINGS_UPDATED,"{'CASH': 4709179, 'JPM': 54}"
2019-06-28 14:37:00,BID_DEPTH,"[(98893, 460)]"
2019-06-28 14:37:00,ASK_DEPTH,"[(99609, 429)]"
2019-06-28 14:37:00,IMBALANCE,"[460, 429]"
2019-06-28 14:37:00,HOLDINGS_UPDATED,"{'CASH': 3812698, 'JPM': 63}"
2019-06-28 14:38:00,BID_DEPTH,"[(98769, 222)]"
2019-06-28 14:38:00,ASK_DEPTH,"[(99609, 51)]"
2019-06-28 14:38:00,IMBALANCE,"[222, 51]"
2019-06-28 14:38:00,HOLDINGS_UPDATED,"{'CASH': 2916217, 'JPM': 72}"
2019-06-28 14:39:00,BID_DEPTH,"[(98618, 222)]"
2019-06-28 14:39:00,ASK_DEPTH,"[(99609, 291)]"
2019-06-28 14:39:00,IMBALANCE,"[222, 291]"
2019-06-28 14:39:00,HOLDINGS_UPDATED,"{'CASH': 2019736, 'JPM': 81}"
2019-06-28 14:40:00,BID_DEPTH,"[(98190, 41)]"
2019-06-28 14:40:00,ASK_DEPTH,"[(99609, 232)]"
2019-06-28 14:40:00,IMBALANCE,"[41, 232]"
2019-06-28 14:40:00,HOLDINGS_UPDATED,"{'CASH': 1123255, 'JPM': 90}"
2019-06-28 14:41:00,BID_DEPTH,"[(98117, 59)]"
2019-06-28 14:41:00,ASK_DEPTH,"[(99609, 241)]"
2019-06-28 14:41:00,IMBALANCE,"[59, 241]"
2019-06-28 14:41:00,HOLDINGS_UPDATED,"{'CASH': 226774, 'JPM': 99}"
2019-06-28 14:42:00,BID_DEPTH,"[(98117, 91)]"
2019-06-28 14:42:00,ASK_DEPTH,"[(99609, 464)]"
2019-06-28 14:42:00,IMBALANCE,"[91, 464]"
2019-06-28 14:43:00,BID_DEPTH,"[(98327, 41)]"
2019-06-28 14:43:00,ASK_DEPTH,"[(99609, 414)]"
2019-06-28 14:43:00,IMBALANCE,"[41, 414]"
2019-06-28 14:44:00,BID_DEPTH,"[(98328, 149)]"
2019-06-28 14:44:00,ASK_DEPTH,"[(98700, 280)]"
2019-06-28 14:44:00,IMBALANCE,"[149, 280]"
2019-06-28 14:45:00,BID_DEPTH,"[(98984, 329)]"
2019-06-28 14:45:00,ASK_DEPTH,"[(99372, 460)]"
2019-06-28 14:45:00,IMBALANCE,"[329, 460]"
2019-06-28 14:46:00,BID_DEPTH,"[(99261, 149)]"
2019-06-28 14:46:00,ASK_DEPTH,"[(99539, 280)]"
2019-06-28 14:46:00,IMBALANCE,"[149, 280]"
2019-06-28 14:47:00,BID_DEPTH,"[(99448, 329)]"
2019-06-28 14:47:00,ASK_DEPTH,"[(99539, 460)]"
2019-06-28 14:47:00,IMBALANCE,"[329, 460]"
2019-06-28 14:48:00,BID_DEPTH,"[(99323, 59)]"
2019-06-28 14:48:00,ASK_DEPTH,"[(99539, 190)]"
2019-06-28 14:48:00,IMBALANCE,"[59, 190]"
2019-06-28 14:49:00,BID_DEPTH,"[(99018, 329)]"
2019-06-28 14:49:00,ASK_DEPTH,"[(99355, 460)]"
2019-06-28 14:49:00,IMBALANCE,"[329, 460]"
2019-06-28 14:50:00,BID_DEPTH,"[(98995, 41)]"
2019-06-28 14:50:00,ASK_DEPTH,"[(99355, 172)]"
2019-06-28 14:50:00,IMBALANCE,"[41, 172]"
2019-06-28 14:51:00,BID_DEPTH,"[(99199, 149)]"
2019-06-28 14:51:00,ASK_DEPTH,"[(99355, 280)]"
2019-06-28 14:51:00,IMBALANCE,"[149, 280]"
2019-06-28 14:52:00,BID_DEPTH,"[(99267, 59)]"
2019-06-28 14:52:00,ASK_DEPTH,"[(99539, 190)]"
2019-06-28 14:52:00,IMBALANCE,"[59, 190]"
2019-06-28 14:53:00,BID_DEPTH,"[(99539, 91)]"
2019-06-28 14:53:00,ASK_DEPTH,"[(99938, 222)]"
2019-06-28 14:53:00,IMBALANCE,"[91, 222]"
2019-06-28 14:54:00,BID_DEPTH,"[(99268, 191)]"
2019-06-28 14:54:00,ASK_DEPTH,"[(99978, 222)]"
2019-06-28 14:54:00,IMBALANCE,"[191, 222]"
2019-06-28 14:55:00,BID_DEPTH,"[(99268, 298)]"
2019-06-28 14:55:00,ASK_DEPTH,"[(100097, 460)]"
2019-06-28 14:55:00,IMBALANCE,"[298, 460]"
2019-06-28 14:56:00,BID_DEPTH,"[(99670, 59)]"
2019-06-28 14:56:00,ASK_DEPTH,"[(100097, 190)]"
2019-06-28 14:56:00,IMBALANCE,"[59, 190]"
2019-06-28 14:57:00,BID_DEPTH,"[(99268, 349)]"
2019-06-28 14:57:00,ASK_DEPTH,"[(100097, 280)]"
2019-06-28 14:57:00,IMBALANCE,"[349, 280]"
2019-06-28 14:58:00,BID_DEPTH,"[(99268, 128)]"
2019-06-28 14:58:00,ASK_DEPTH,"[(100097, 190)]"
2019-06-28 14:58:00,IMBALANCE,"[128, 190]"
2019-06-28 14:59:00,BID_DEPTH,"[(99268, 187)]"
2019-06-28 14:59:00,ASK_DEPTH,"[(100097, 280)]"
2019-06-28 14:59:00,IMBALANCE,"[187, 280]"
2019-06-28 15:00:00,BID_DEPTH,"[(99268, 166)]"
2019-06-28 15:00:00,ASK_DEPTH,"[(100097, 190)]"
2019-06-28 15:00:00,IMBALANCE,"[166, 190]"
2019-06-28 15:01:00,BID_DEPTH,"[(99268, 17)]"
2019-06-28 15:01:00,ASK_DEPTH,"[(100239, 172)]"
2019-06-28 15:01:00,IMBALANCE,"[17, 172]"
2019-06-28 15:02:00,BID_DEPTH,"[(99267, 59)]"
2019-06-28 15:02:00,ASK_DEPTH,"[(100535, 190)]"
2019-06-28 15:02:00,IMBALANCE,"[59, 190]"
2019-06-28 15:03:00,BID_DEPTH,"[(100444, 329)]"
2019-06-28 15:03:00,ASK_DEPTH,"[(100535, 460)]"
2019-06-28 15:03:00,IMBALANCE,"[329, 460]"
2019-06-28 15:03:00,HOLDINGS_UPDATED,"{'CASH': 1130770, 'JPM': 90}"
2019-06-28 15:04:00,BID_DEPTH,"[(100097, 59)]"
2019-06-28 15:04:00,ASK_DEPTH,"[(100230, 190)]"
2019-06-28 15:04:00,IMBALANCE,"[59, 190]"
2019-06-28 15:04:00,HOLDINGS_UPDATED,"{'CASH': 2031643, 'JPM': 81}"
2019-06-28 15:05:00,BID_DEPTH,"[(99844, 329)]"
2019-06-28 15:05:00,ASK_DEPTH,"[(100387, 460)]"
2019-06-28 15:05:00,IMBALANCE,"[329, 460]"
2019-06-28 15:05:00,HOLDINGS_UPDATED,"{'CASH': 2930239, 'JPM': 72}"
2019-06-28 15:06:00,BID_DEPTH,"[(99199, 249)]"
2019-06-28 15:06:00,ASK_DEPTH,"[(100387, 280)]"
2019-06-28 15:06:00,IMBALANCE,"[249, 280]"
2019-06-28 15:06:00,HOLDINGS_UPDATED,"{'CASH': 3823030, 'JPM': 63}"
2019-06-28 15:07:00,BID_DEPTH,"[(99199, 19)]"
2019-06-28 15:07:00,ASK_DEPTH,"[(100245, 190)]"
2019-06-28 15:07:00,IMBALANCE,"[19, 190]"
2019-06-28 15:07:00,HOLDINGS_UPDATED,"{'CASH': 4715821, 'JPM': 54}"
2019-06-28 15:08:00,BID_DEPTH,"[(99199, 141)]"
2019-06-28 15:08:00,ASK_DEPTH,"[(100245, 172)]"
2019-06-28 15:08:00,IMBALANCE,"[141, 172]"
2019-06-28 15:08:00,HOLDINGS_UPDATED,"{'CASH': 3813616, 'JPM': 63}"
2019-06-28 15:09:00,BID_DEPTH,"[(99862, 460)]"
2019-06-28 15:09:00,ASK_DEPTH,"[(100245, 320)]"
2019-06-28 15:09:00,IMBALANCE,"[460, 320]"
2019-06-28 15:09:00,HOLDINGS_UPDATED,"{'CASH': 4712374, 'JPM': 54}"
2019-06-28 15:10:00,BID_DEPTH,"[(99862, 213)]"
2019-06-28 15:10:00,ASK_DEPTH,"[(100245, 91)]"
2019-06-28 15:10:00,IMBALANCE,"[213, 91]"
2019-06-28 15:10:00,HOLDINGS_UPDATED,"{'CASH': 5611132, 'JPM': 45}"
2019-06-28 15:11:00,BID_DEPTH,"[(99862, 442)]"
2019-06-28 15:11:00,ASK_DEPTH,"[(100245, 429)]"
2019-06-28 15:11:00,IMBALANCE,"[442, 429]"
2019-06-28 15:11:00,HOLDINGS_UPDATED,"{'CASH': 6509890, 'JPM': 36}"
2019-06-28 15:12:00,BID_DEPTH,"[(99493, 280)]"
2019-06-28 15:12:00,ASK_DEPTH,"[(99932, 149)]"
2019-06-28 15:12:00,IMBALANCE,"[280, 149]"
2019-06-28 15:12:00,HOLDINGS_UPDATED,"{'CASH': 7405327, 'JPM': 27}"
2019-06-28 15:13:00,BID_DEPTH,"[(99604, 460)]"
2019-06-28 15:13:00,ASK_DEPTH,"[(99864, 329)]"
2019-06-28 15:13:00,IMBALANCE,"[460, 329]"
2019-06-28 15:13:00,HOLDINGS_UPDATED,"{'CASH': 6506551, 'JPM': 36}"
2019-06-28 15:14:00,BID_DEPTH,"[(99604, 172)]"
2019-06-28 15:14:00,ASK_DEPTH,"[(100008, 41)]"
2019-06-28 15:14:00,IMBALANCE,"[172, 41]"
2019-06-28 15:14:00,HOLDINGS_UPDATED,"{'CASH': 5606479, 'JPM': 45}"
2019-06-28 15:15:00,BID_DEPTH,"[(100125, 222)]"
2019-06-28 15:15:00,ASK_DEPTH,"[(100142, 91)]"
2019-06-28 15:15:00,IMBALANCE,"[222, 91]"
2019-06-28 15:15:00,HOLDINGS_UPDATED,"{'CASH': 6507604, 'JPM': 36}"
2019-06-28 15:16:00,BID_DEPTH,"[(100125, 213)]"
2019-06-28 15:16:00,ASK_DEPTH,"[(100245, 60)]"
2019-06-28 15:16:00,IMBALANCE,"[213, 60]"
2019-06-28 15:16:00,HOLDINGS_UPDATED,"{'CASH': 7408729, 'JPM': 27}"
2019-06-28 15:17:00,BID_DEPTH,"[(100125, 154)]"
2019-06-28 15:17:00,ASK_DEPTH,"[(100261, 41)]"
2019-06-28 15:17:00,IMBALANCE,"[154, 41]"
2019-06-28 15:17:00,HOLDINGS_UPDATED,"{'CASH': 8309854, 'JPM': 18}"
2019-06-28 15:18:00,BID_DEPTH,"[(100125, 395)]"
2019-06-28 15:18:00,ASK_DEPTH,"[(100444, 91)]"
2019-06-28 15:18:00,IMBALANCE,"[395, 91]"
2019-06-28 15:18:00,HOLDINGS_UPDATED,"{'CASH': 9210979, 'JPM': 9}"
2019-06-28 15:19:00,BID_DEPTH,"[(100125, 154)]"
2019-06-28 15:19:00,ASK_DEPTH,"[(100628, 59)]"
2019-06-28 15:19:00,IMBALANCE,"[154, 59]"
2019-06-28 15:19:00,HOLDINGS_UPDATED,{'CASH': 10112104}
2019-06-28 15:20:00,BID_DEPTH,"[(100008, 172)]"
2019-06-28 15:20:00,ASK_DEPTH,"[(100628, 41)]"
2019-06-28 15:20:00,IMBALANCE,"[172, 41]"
2019-06-28 15:21:00,BID_DEPTH,"[(99581, 190)]"
2019-06-28 15:21:00,ASK_DEPTH,"[(100008, 59)]"
2019-06-28 15:21:00,IMBALANCE,"[190, 59]"
2019-06-28 15:22:00,BID_DEPTH,"[(99166, 460)]"
2019-06-28 15:22:00,ASK_DEPTH,"[(99391, 329)]"
2019-06-28 15:22:00,IMBALANCE,"[460, 329]"
2019-06-28 15:22:00,HOLDINGS_UPDATED,"{'CASH': 9217585, 'JPM': 9}"
2019-06-28 15:23:00,BID_DEPTH,"[(98923, 172)]"
2019-06-28 15:23:00,ASK_DEPTH,"[(100628, 41)]"
2019-06-28 15:23:00,IMBALANCE,"[172, 41]"
2019-06-28 15:23:00,HOLDINGS_UPDATED,"{'CASH': 8311933, 'JPM': 18}"
2019-06-28 15:24:00,BID_DEPTH,"[(98987, 460)]"
2019-06-28 15:24:00,ASK_DEPTH,"[(99020, 329)]"
2019-06-28 15:24:00,IMBALANCE,"[460, 329]"
2019-06-28 15:24:00,HOLDINGS_UPDATED,"{'CASH': 7420753, 'JPM': 27}"
2019-06-28 15:25:00,BID_DEPTH,"[(98987, 190)]"
2019-06-28 15:25:00,ASK_DEPTH,"[(99020, 159)]"
2019-06-28 15:25:00,IMBALANCE,"[190, 159]"
2019-06-28 15:25:00,HOLDINGS_UPDATED,"{'CASH': 6529573, 'JPM': 36}"
2019-06-28 15:26:00,BID_DEPTH,"[(99021, 322)]"
2019-06-28 15:26:00,ASK_DEPTH,"[(99251, 91)]"
2019-06-28 15:26:00,IMBALANCE,"[322, 91]"
2019-06-28 15:26:00,HOLDINGS_UPDATED,"{'CASH': 5636314, 'JPM': 45}"
2019-06-28 15:27:00,BID_DEPTH,"[(99021, 322)]"
2019-06-28 15:27:00,ASK_DEPTH,"[(99500, 91)]"
2019-06-28 15:27:00,IMBALANCE,"[322, 91]"
2019-06-28 15:27:00,HOLDINGS_UPDATED,"{'CASH': 4740814, 'JPM': 54}"
2019-06-28 15:28:00,BID_DEPTH,"[(99500, 460)]"
2019-06-28 15:28:00,ASK_DEPTH,"[(99585, 329)]"
2019-06-28 15:28:00,IMBALANCE,"[460, 329]"
2019-06-28 15:28:00,HOLDINGS_UPDATED,"{'CASH': 3844549, 'JPM': 63}"
2019-06-28 15:29:00,BID_DEPTH,"[(99500, 190)]"
2019-06-28 15:29:00,ASK_DEPTH,"[(100719, 59)]"
2019-06-28 15:29:00,IMBALANCE,"[190, 59]"
2019-06-28 15:29:00,HOLDINGS_UPDATED,"{'CASH': 2938078, 'JPM': 72}"
2019-06-28 15:30:00,BID_DEPTH,"[(100719, 560)]"
2019-06-28 15:30:00,ASK_DEPTH,"[(101064, 329)]"
2019-06-28 15:30:00,IMBALANCE,"[560, 329]"
2019-06-28 15:30:00,HOLDINGS_UPDATED,"{'CASH': 3844549, 'JPM': 63}"
2019-06-28 15:31:00,BID_DEPTH,"[(100719, 551)]"
2019-06-28 15:31:00,ASK_DEPTH,"[(101062, 329)]"
2019-06-28 15:31:00,IMBALANCE,"[551, 329]"
2019-06-28 15:31:00,HOLDINGS_UPDATED,"{'CASH': 4751020, 'JPM': 54}"
2019-06-28 15:32:00,BID_DEPTH,"[(100720, 200)]"
2019-06-28 15:32:00,ASK_DEPTH,[]
2019-06-28 15:32:00,IMBALANCE,"[200, 0]"
2019-06-28 15:33:00,BID_DEPTH,"[(102328, 460)]"
2019-06-28 15:33:00,ASK_DEPTH,"[(102344, 329)]"
2019-06-28 15:33:00,IMBALANCE,"[460, 329]"
2019-06-28 15:33:00,HOLDINGS_UPDATED,"{'CASH': 5671972, 'JPM': 45}"
2019-06-28 15:34:00,BID_DEPTH,"[(102024, 280)]"
2019-06-28 15:34:00,ASK_DEPTH,"[(102328, 58)]"
2019-06-28 15:34:00,IMBALANCE,"[280, 58]"
2019-06-28 15:34:00,HOLDINGS_UPDATED,"{'CASH': 6590188, 'JPM': 36}"
2019-06-28 15:35:00,BID_DEPTH,"[(101782, 460)]"
2019-06-28 15:35:00,ASK_DEPTH,"[(102024, 329)]"
2019-06-28 15:35:00,IMBALANCE,"[460, 329]"
2019-06-28 15:35:00,HOLDINGS_UPDATED,"{'CASH': 7506226, 'JPM': 27}"
2019-06-28 15:36:00,BID_DEPTH,"[(101782, 91)]"
2019-06-28 15:36:00,ASK_DEPTH,[]
2019-06-28 15:36:00,IMBALANCE,"[91, 0]"
2019-06-28 15:37:00,BID_DEPTH,"[(100720, 380)]"
2019-06-28 15:37:00,ASK_DEPTH,"[(101782, 58)]"
2019-06-28 15:37:00,IMBALANCE,"[380, 58]"
2019-06-28 15:37:00,HOLDINGS_UPDATED,"{'CASH': 8412706, 'JPM': 18}"
2019-06-28 15:38:00,BID_DEPTH,"[(100719, 222)]"
2019-06-28 15:38:00,ASK_DEPTH,"[(100720, 91)]"
2019-06-28 15:38:00,IMBALANCE,"[222, 91]"
2019-06-28 15:38:00,HOLDINGS_UPDATED,"{'CASH': 9319177, 'JPM': 9}"
2019-06-28 15:39:00,BID_DEPTH,"[(99777, 222)]"
2019-06-28 15:39:00,ASK_DEPTH,"[(101782, 91)]"
2019-06-28 15:39:00,IMBALANCE,"[222, 91]"
2019-06-28 15:39:00,HOLDINGS_UPDATED,{'CASH': 10217170}
2019-06-28 15:40:00,BID_DEPTH,"[(99623, 460)]"
2019-06-28 15:40:00,ASK_DEPTH,"[(99777, 338)]"
2019-06-28 15:40:00,IMBALANCE,"[460, 338]"
2019-06-28 15:41:00,BID_DEPTH,"[(99777, 280)]"
2019-06-28 15:41:00,ASK_DEPTH,"[(100247, 149)]"
2019-06-28 15:41:00,IMBALANCE,"[280, 149]"
2019-06-28 15:42:00,BID_DEPTH,"[(100456, 190)]"
2019-06-28 15:42:00,ASK_DEPTH,"[(100662, 59)]"
2019-06-28 15:42:00,IMBALANCE,"[190, 59]"
2019-06-28 15:43:00,BID_DEPTH,"[(99777, 222)]"
2019-06-28 15:43:00,ASK_DEPTH,"[(100572, 91)]"
2019-06-28 15:43:00,IMBALANCE,"[222, 91]"
2019-06-28 15:44:00,BID_DEPTH,"[(100441, 190)]"
2019-06-28 15:44:00,ASK_DEPTH,"[(100916, 59)]"
2019-06-28 15:44:00,IMBALANCE,"[190, 59]"
2019-06-28 15:45:00,BID_DEPTH,"[(100385, 172)]"
2019-06-28 15:45:00,ASK_DEPTH,"[(100995, 41)]"
2019-06-28 15:45:00,IMBALANCE,"[172, 41]"
2019-06-28 15:46:00,BID_DEPTH,"[(99987, 460)]"
2019-06-28 15:46:00,ASK_DEPTH,"[(100995, 429)]"
2019-06-28 15:46:00,IMBALANCE,"[460, 429]"
2019-06-28 15:47:00,BID_DEPTH,"[(99980, 190)]"
2019-06-28 15:47:00,ASK_DEPTH,"[(100102, 59)]"
2019-06-28 15:47:00,IMBALANCE,"[190, 59]"
2019-06-28 15:48:00,BID_DEPTH,"[(99777, 280)]"
2019-06-28 15:48:00,ASK_DEPTH,"[(100102, 249)]"
2019-06-28 15:48:00,IMBALANCE,"[280, 249]"
2019-06-28 15:49:00,BID_DEPTH,"[(99739, 222)]"
2019-06-28 15:49:00,ASK_DEPTH,"[(100102, 160)]"
2019-06-28 15:49:00,IMBALANCE,"[222, 160]"
2019-06-28 15:50:00,BID_DEPTH,"[(99739, 280)]"
2019-06-28 15:50:00,ASK_DEPTH,"[(100102, 187)]"
2019-06-28 15:50:00,IMBALANCE,"[280, 187]"
2019-06-28 15:50:00,HOLDINGS_UPDATED,"{'CASH': 9516456, 'JPM': 7}"
2019-06-28 15:50:00,HOLDINGS_UPDATED,"{'CASH': 9316252, 'JPM': 9}"
2019-06-28 15:51:00,BID_DEPTH,"[(99672, 460)]"
2019-06-28 15:51:00,ASK_DEPTH,"[(100994, 329)]"
2019-06-28 15:51:00,IMBALANCE,"[460, 329]"
2019-06-28 15:51:00,HOLDINGS_UPDATED,{'CASH': 10213300}
2019-06-28 15:52:00,BID_DEPTH,"[(99653, 222)]"
2019-06-28 15:52:00,ASK_DEPTH,"[(100995, 60)]"
2019-06-28 15:52:00,IMBALANCE,"[222, 60]"
2019-06-28 15:53:00,BID_DEPTH,"[(99586, 460)]"
2019-06-28 15:53:00,ASK_DEPTH,"[(100995, 429)]"
2019-06-28 15:53:00,IMBALANCE,"[460, 429]"
2019-06-28 15:54:00,BID_DEPTH,"[(99586, 190)]"
2019-06-28 15:54:00,ASK_DEPTH,"[(99675, 59)]"
2019-06-28 15:54:00,IMBALANCE,"[190, 59]"
2019-06-28 15:54:00,HOLDINGS_UPDATED,"{'CASH': 9316225, 'JPM': 9}"
2019-06-28 15:55:00,BID_DEPTH,"[(99586, 460)]"
2019-06-28 15:55:00,ASK_DEPTH,"[(99734, 329)]"
2019-06-28 15:55:00,IMBALANCE,"[460, 329]"
2019-06-28 15:55:00,HOLDINGS_UPDATED,"{'CASH': 8418619, 'JPM': 18}"
2019-06-28 15:56:00,BID_DEPTH,"[(100710, 190)]"
2019-06-28 15:56:00,ASK_DEPTH,"[(100995, 28)]"
2019-06-28 15:56:00,IMBALANCE,"[190, 28]"
2019-06-28 15:56:00,HOLDINGS_UPDATED,"{'CASH': 9325009, 'JPM': 9}"
2019-06-28 15:57:00,BID_DEPTH,"[(100866, 222)]"
2019-06-28 15:57:00,ASK_DEPTH,"[(101316, 91)]"
2019-06-28 15:57:00,IMBALANCE,"[222, 91]"
2019-06-28 15:57:00,HOLDINGS_UPDATED,{'CASH': 10232803}
2019-06-28 15:58:00,BID_DEPTH,"[(100710, 181)]"
2019-06-28 15:58:00,ASK_DEPTH,"[(100954, 59)]"
2019-06-28 15:58:00,IMBALANCE,"[181, 59]"
2019-06-28 15:59:00,BID_DEPTH,"[(100710, 271)]"
2019-06-28 15:59:00,ASK_DEPTH,"[(101156, 149)]"
2019-06-28 15:59:00,IMBALANCE,"[271, 149]"
2019-06-28 16:00:00,BID_DEPTH,"[(100710, 271)]"
2019-06-28 16:00:00,ASK_DEPTH,"[(101156, 149)]"
2019-06-28 16:00:00,IMBALANCE,"[271, 149]"
2019-06-28 16:01:00,BID_DEPTH,"[(100710, 271)]"
2019-06-28 16:01:00,ASK_DEPTH,"[(101156, 149)]"
2019-06-28 16:01:00,IMBALANCE,"[271, 149]"
2019-06-28 16:01:00,FINAL_HOLDINGS,{ CASH: 10232803 }
2019-06-28 16:01:00,FINAL_CASH_POSITION,10232803
2019-06-28 16:01:00,MARKED_TO_MARKET,10232803
2019-06-28 16:01:00,ENDING_CASH,10232803
