EventTime,EventType,Event
,AGENT_TYPE,MomentumAgent
,STARTING_CASH,10000000
2019-06-28 09:30:00,HOLDINGS_UPDATED,{'CASH': 10000000}
2019-06-28 09:31:00,BID_DEPTH,"[(99996, 530)]"
2019-06-28 09:31:00,ASK_DEPTH,"[(100042, 630)]"
2019-06-28 09:31:00,IMBALANCE,"[530, 630]"
2019-06-28 09:32:00,BID_DEPTH,"[(99973, 315)]"
2019-06-28 09:32:00,ASK_DEPTH,"[(100042, 315)]"
2019-06-28 09:32:00,IMBALANCE,"[315, 315]"
2019-06-28 09:33:00,BID_DEPTH,"[(99948, 315)]"
2019-06-28 09:33:00,ASK_DEPTH,"[(99973, 315)]"
2019-06-28 09:33:00,IMBALANCE,"[315, 315]"
2019-06-28 09:34:00,BID_DEPTH,"[(99948, 208)]"
2019-06-28 09:34:00,ASK_DEPTH,"[(99973, 208)]"
2019-06-28 09:34:00,IMBALANCE,"[208, 208]"
2019-06-28 09:35:00,BID_DEPTH,"[(99942, 415)]"
2019-06-28 09:35:00,ASK_DEPTH,"[(100040, 315)]"
2019-06-28 09:35:00,IMBALANCE,"[415, 315]"
2019-06-28 09:36:00,BID_DEPTH,"[(99948, 315)]"
2019-06-28 09:36:00,ASK_DEPTH,"[(100042, 315)]"
2019-06-28 09:36:00,IMBALANCE,"[315, 315]"
2019-06-28 09:37:00,BID_DEPTH,"[(99948, 208)]"
2019-06-28 09:37:00,ASK_DEPTH,"[(99978, 208)]"
2019-06-28 09:37:00,IMBALANCE,"[208, 208]"
2019-06-28 09:38:00,BID_DEPTH,"[(99943, 530)]"
2019-06-28 09:38:00,ASK_DEPTH,"[(99978, 730)]"
2019-06-28 09:38:00,IMBALANCE,"[530, 730]"
2019-06-28 09:39:00,BID_DEPTH,"[(99937, 246)]"
2019-06-28 09:39:00,ASK_DEPTH,"[(99978, 446)]"
2019-06-28 09:39:00,IMBALANCE,"[246, 446]"
2019-06-28 09:40:00,BID_DEPTH,"[(99914, 315)]"
2019-06-28 09:40:00,ASK_DEPTH,"[(99978, 415)]"
2019-06-28 09:40:00,IMBALANCE,"[315, 415]"
2019-06-28 09:41:00,BID_DEPTH,"[(99914, 315)]"
2019-06-28 09:41:00,ASK_DEPTH,"[(99931, 315)]"
2019-06-28 09:41:00,IMBALANCE,"[315, 315]"
2019-06-28 09:42:00,BID_DEPTH,"[(99906, 186)]"
2019-06-28 09:42:00,ASK_DEPTH,"[(99930, 186)]"
2019-06-28 09:42:00,IMBALANCE,"[186, 186]"
2019-06-28 09:43:00,BID_DEPTH,"[(99857, 208)]"
2019-06-28 09:43:00,ASK_DEPTH,"[(99906, 122)]"
2019-06-28 09:43:00,IMBALANCE,"[208, 122]"
2019-06-28 09:44:00,BID_DEPTH,"[(99857, 530)]"
2019-06-28 09:44:00,ASK_DEPTH,"[(99906, 644)]"
2019-06-28 09:44:00,IMBALANCE,"[530, 644]"
2019-06-28 09:45:00,BID_DEPTH,"[(99765, 246)]"
2019-06-28 09:45:00,ASK_DEPTH,"[(99906, 360)]"
2019-06-28 09:45:00,IMBALANCE,"[246, 360]"
2019-06-28 09:46:00,BID_DEPTH,"[(99765, 315)]"
2019-06-28 09:46:00,ASK_DEPTH,"[(99838, 415)]"
2019-06-28 09:46:00,IMBALANCE,"[315, 415]"
2019-06-28 09:47:00,BID_DEPTH,"[(99589, 315)]"
2019-06-28 09:47:00,ASK_DEPTH,"[(99838, 315)]"
2019-06-28 09:47:00,IMBALANCE,"[315, 315]"
2019-06-28 09:48:00,BID_DEPTH,"[(99184, 246)]"
2019-06-28 09:48:00,ASK_DEPTH,"[(99388, 246)]"
2019-06-28 09:48:00,IMBALANCE,"[246, 246]"
2019-06-28 09:49:00,BID_DEPTH,"[(99253, 246)]"
2019-06-28 09:49:00,ASK_DEPTH,"[(99408, 246)]"
2019-06-28 09:49:00,IMBALANCE,"[246, 246]"
2019-06-28 09:50:00,BID_DEPTH,"[(99254, 315)]"
2019-06-28 09:50:00,ASK_DEPTH,"[(99280, 315)]"
2019-06-28 09:50:00,IMBALANCE,"[315, 315]"
2019-06-28 09:51:00,BID_DEPTH,"[(99130, 208)]"
2019-06-28 09:51:00,ASK_DEPTH,"[(99280, 208)]"
2019-06-28 09:51:00,IMBALANCE,"[208, 208]"
2019-06-28 09:52:00,BID_DEPTH,"[(99130, 246)]"
2019-06-28 09:52:00,ASK_DEPTH,"[(99280, 246)]"
2019-06-28 09:52:00,IMBALANCE,"[246, 246]"
2019-06-28 09:53:00,BID_DEPTH,"[(99130, 246)]"
2019-06-28 09:53:00,ASK_DEPTH,"[(99369, 246)]"
2019-06-28 09:53:00,IMBALANCE,"[246, 246]"
2019-06-28 09:54:00,BID_DEPTH,"[(98995, 530)]"
2019-06-28 09:54:00,ASK_DEPTH,"[(99279, 530)]"
2019-06-28 09:54:00,IMBALANCE,"[530, 530]"
2019-06-28 09:55:00,BID_DEPTH,"[(99131, 346)]"
2019-06-28 09:55:00,ASK_DEPTH,"[(99354, 246)]"
2019-06-28 09:55:00,IMBALANCE,"[346, 246]"
2019-06-28 09:56:00,BID_DEPTH,"[(99279, 246)]"
2019-06-28 09:56:00,ASK_DEPTH,"[(99408, 246)]"
2019-06-28 09:56:00,IMBALANCE,"[246, 246]"
2019-06-28 09:57:00,BID_DEPTH,"[(99391, 286)]"
2019-06-28 09:57:00,ASK_DEPTH,"[(99602, 186)]"
2019-06-28 09:57:00,IMBALANCE,"[286, 186]"
2019-06-28 09:58:00,BID_DEPTH,"[(99391, 346)]"
2019-06-28 09:58:00,ASK_DEPTH,"[(99607, 246)]"
2019-06-28 09:58:00,IMBALANCE,"[346, 246]"
2019-06-28 09:59:00,BID_DEPTH,"[(99391, 286)]"
2019-06-28 09:59:00,ASK_DEPTH,"[(99765, 186)]"
2019-06-28 09:59:00,IMBALANCE,"[286, 186]"
2019-06-28 10:00:00,BID_DEPTH,"[(99607, 346)]"
2019-06-28 10:00:00,ASK_DEPTH,"[(99838, 246)]"
2019-06-28 10:00:00,IMBALANCE,"[346, 246]"
2019-06-28 10:01:00,BID_DEPTH,"[(99607, 630)]"
2019-06-28 10:01:00,ASK_DEPTH,"[(100051, 530)]"
2019-06-28 10:01:00,IMBALANCE,"[630, 530]"
2019-06-28 10:02:00,BID_DEPTH,"[(99930, 530)]"
2019-06-28 10:02:00,ASK_DEPTH,"[(100100, 530)]"
2019-06-28 10:02:00,IMBALANCE,"[530, 530]"
2019-06-28 10:03:00,BID_DEPTH,"[(99930, 246)]"
2019-06-28 10:03:00,ASK_DEPTH,"[(100100, 246)]"
2019-06-28 10:03:00,IMBALANCE,"[246, 246]"
2019-06-28 10:04:00,BID_DEPTH,"[(100051, 530)]"
2019-06-28 10:04:00,ASK_DEPTH,"[(100100, 530)]"
2019-06-28 10:04:00,IMBALANCE,"[530, 530]"
2019-06-28 10:05:00,BID_DEPTH,"[(100051, 315)]"
2019-06-28 10:05:00,ASK_DEPTH,"[(100100, 315)]"
2019-06-28 10:05:00,IMBALANCE,"[315, 315]"
2019-06-28 10:06:00,BID_DEPTH,"[(100051, 308)]"
2019-06-28 10:06:00,ASK_DEPTH,"[(100283, 208)]"
2019-06-28 10:06:00,IMBALANCE,"[308, 208]"
2019-06-28 10:07:00,BID_DEPTH,"[(100100, 308)]"
2019-06-28 10:07:00,ASK_DEPTH,"[(100283, 208)]"
2019-06-28 10:07:00,IMBALANCE,"[308, 208]"
2019-06-28 10:08:00,BID_DEPTH,"[(100100, 708)]"
2019-06-28 10:08:00,ASK_DEPTH,"[(100283, 208)]"
2019-06-28 10:08:00,IMBALANCE,"[708, 208]"
2019-06-28 10:09:00,BID_DEPTH,"[(100100, 915)]"
2019-06-28 10:09:00,ASK_DEPTH,"[(100300, 315)]"
2019-06-28 10:09:00,IMBALANCE,"[915, 315]"
2019-06-28 10:10:00,BID_DEPTH,"[(100100, 708)]"
2019-06-28 10:10:00,ASK_DEPTH,"[(100310, 208)]"
2019-06-28 10:10:00,IMBALANCE,"[708, 208]"
2019-06-28 10:11:00,BID_DEPTH,"[(100300, 530)]"
2019-06-28 10:11:00,ASK_DEPTH,"[(100342, 530)]"
2019-06-28 10:11:00,IMBALANCE,"[530, 530]"
2019-06-28 10:12:00,BID_DEPTH,"[(100310, 530)]"
2019-06-28 10:12:00,ASK_DEPTH,"[(100426, 530)]"
2019-06-28 10:12:00,IMBALANCE,"[530, 530]"
2019-06-28 10:13:00,BID_DEPTH,"[(100328, 186)]"
2019-06-28 10:13:00,ASK_DEPTH,"[(101004, 186)]"
2019-06-28 10:13:00,IMBALANCE,"[186, 186]"
2019-06-28 10:14:00,BID_DEPTH,"[(100342, 515)]"
2019-06-28 10:14:00,ASK_DEPTH,"[(101004, 315)]"
2019-06-28 10:14:00,IMBALANCE,"[515, 315]"
2019-06-28 10:15:00,BID_DEPTH,"[(100342, 446)]"
2019-06-28 10:15:00,ASK_DEPTH,"[(100521, 246)]"
2019-06-28 10:15:00,IMBALANCE,"[446, 246]"
2019-06-28 10:16:00,BID_DEPTH,"[(100342, 630)]"
2019-06-28 10:16:00,ASK_DEPTH,"[(100353, 530)]"
2019-06-28 10:16:00,IMBALANCE,"[630, 530]"
2019-06-28 10:17:00,BID_DEPTH,"[(100342, 186)]"
2019-06-28 10:17:00,ASK_DEPTH,"[(100353, 186)]"
2019-06-28 10:17:00,IMBALANCE,"[186, 186]"
2019-06-28 10:18:00,BID_DEPTH,"[(100342, 530)]"
2019-06-28 10:18:00,ASK_DEPTH,"[(100521, 530)]"
2019-06-28 10:18:00,IMBALANCE,"[530, 530]"
2019-06-28 10:19:00,BID_DEPTH,"[(100342, 208)]"
2019-06-28 10:19:00,ASK_DEPTH,"[(100521, 208)]"
2019-06-28 10:19:00,IMBALANCE,"[208, 208]"
2019-06-28 10:20:00,BID_DEPTH,"[(100328, 315)]"
2019-06-28 10:20:00,ASK_DEPTH,"[(100521, 315)]"
2019-06-28 10:20:00,IMBALANCE,"[315, 315]"
2019-06-28 10:21:00,BID_DEPTH,"[(100298, 530)]"
2019-06-28 10:21:00,ASK_DEPTH,"[(100341, 597)]"
2019-06-28 10:21:00,IMBALANCE,"[530, 597]"
2019-06-28 10:21:00,HOLDINGS_UPDATED,"{'CASH': 9498295, 'JPM': 5}"
2019-06-28 10:22:00,BID_DEPTH,"[(100298, 246)]"
2019-06-28 10:22:00,ASK_DEPTH,"[(100341, 191)]"
2019-06-28 10:22:00,IMBALANCE,"[246, 191]"
2019-06-28 10:22:00,HOLDINGS_UPDATED,"{'CASH': 8996590, 'JPM': 10}"
2019-06-28 10:23:00,BID_DEPTH,"[(100146, 530)]"
2019-06-28 10:23:00,ASK_DEPTH,"[(100342, 497)]"
2019-06-28 10:23:00,IMBALANCE,"[530, 497]"
2019-06-28 10:23:00,HOLDINGS_UPDATED,"{'CASH': 8494880, 'JPM': 15}"
2019-06-28 10:24:00,BID_DEPTH,"[(100100, 446)]"
2019-06-28 10:24:00,ASK_DEPTH,"[(100521, 213)]"
2019-06-28 10:24:00,IMBALANCE,"[446, 213]"
2019-06-28 10:24:00,HOLDINGS_UPDATED,"{'CASH': 7992275, 'JPM': 20}"
2019-06-28 10:25:00,BID_DEPTH,"[(100051, 246)]"
2019-06-28 10:25:00,ASK_DEPTH,"[(100579, 213)]"
2019-06-28 10:25:00,IMBALANCE,"[246, 213]"
2019-06-28 10:25:00,HOLDINGS_UPDATED,"{'CASH': 7489380, 'JPM': 25}"
2019-06-28 10:26:00,BID_DEPTH,"[(100039, 186)]"
2019-06-28 10:26:00,ASK_DEPTH,"[(100042, 267)]"
2019-06-28 10:26:00,IMBALANCE,"[186, 267]"
2019-06-28 10:26:00,HOLDINGS_UPDATED,"{'CASH': 6989170, 'JPM': 30}"
2019-06-28 10:27:00,BID_DEPTH,"[(99853, 315)]"
2019-06-28 10:27:00,ASK_DEPTH,"[(100042, 274)]"
2019-06-28 10:27:00,IMBALANCE,"[315, 274]"
2019-06-28 10:27:00,HOLDINGS_UPDATED,"{'CASH': 6488960, 'JPM': 35}"
2019-06-28 10:28:00,BID_DEPTH,"[(99853, 315)]"
2019-06-28 10:28:00,ASK_DEPTH,"[(100005, 282)]"
2019-06-28 10:28:00,IMBALANCE,"[315, 282]"
2019-06-28 10:28:00,HOLDINGS_UPDATED,"{'CASH': 5988935, 'JPM': 40}"
2019-06-28 10:29:00,BID_DEPTH,"[(99837, 208)]"
2019-06-28 10:29:00,ASK_DEPTH,"[(99853, 175)]"
2019-06-28 10:29:00,IMBALANCE,"[208, 175]"
2019-06-28 10:29:00,HOLDINGS_UPDATED,"{'CASH': 5489670, 'JPM': 45}"
2019-06-28 10:30:00,BID_DEPTH,"[(99837, 186)]"
2019-06-28 10:30:00,ASK_DEPTH,"[(99858, 153)]"
2019-06-28 10:30:00,IMBALANCE,"[186, 153]"
2019-06-28 10:30:00,HOLDINGS_UPDATED,"{'CASH': 4990380, 'JPM': 50}"
2019-06-28 10:31:00,BID_DEPTH,"[(99858, 208)]"
2019-06-28 10:31:00,ASK_DEPTH,"[(99881, 175)]"
2019-06-28 10:31:00,IMBALANCE,"[208, 175]"
2019-06-28 10:31:00,HOLDINGS_UPDATED,"{'CASH': 4490975, 'JPM': 55}"
2019-06-28 10:32:00,BID_DEPTH,"[(99881, 346)]"
2019-06-28 10:32:00,ASK_DEPTH,"[(99888, 213)]"
2019-06-28 10:32:00,IMBALANCE,"[346, 213]"
2019-06-28 10:32:00,HOLDINGS_UPDATED,"{'CASH': 3991535, 'JPM': 60}"
2019-06-28 10:33:00,BID_DEPTH,"[(99881, 530)]"
2019-06-28 10:33:00,ASK_DEPTH,"[(99999, 497)]"
2019-06-28 10:33:00,IMBALANCE,"[530, 497]"
2019-06-28 10:33:00,HOLDINGS_UPDATED,"{'CASH': 3491540, 'JPM': 65}"
2019-06-28 10:34:00,BID_DEPTH,"[(99874, 530)]"
2019-06-28 10:34:00,ASK_DEPTH,"[(99999, 497)]"
2019-06-28 10:34:00,IMBALANCE,"[530, 497]"
2019-06-28 10:34:00,HOLDINGS_UPDATED,"{'CASH': 2991545, 'JPM': 70}"
2019-06-28 10:35:00,BID_DEPTH,"[(99874, 246)]"
2019-06-28 10:35:00,ASK_DEPTH,"[(100431, 213)]"
2019-06-28 10:35:00,IMBALANCE,"[246, 213]"
2019-06-28 10:35:00,HOLDINGS_UPDATED,"{'CASH': 2489390, 'JPM': 75}"
2019-06-28 10:36:00,BID_DEPTH,"[(99837, 315)]"
2019-06-28 10:36:00,ASK_DEPTH,"[(101152, 282)]"
2019-06-28 10:36:00,IMBALANCE,"[315, 282]"
2019-06-28 10:36:00,HOLDINGS_UPDATED,"{'CASH': 1983630, 'JPM': 80}"
2019-06-28 10:37:00,BID_DEPTH,"[(99837, 208)]"
2019-06-28 10:37:00,ASK_DEPTH,"[(101152, 275)]"
2019-06-28 10:37:00,IMBALANCE,"[208, 275]"
2019-06-28 10:37:00,HOLDINGS_UPDATED,"{'CASH': 1477870, 'JPM': 85}"
2019-06-28 10:38:00,BID_DEPTH,"[(99574, 315)]"
2019-06-28 10:38:00,ASK_DEPTH,"[(99635, 282)]"
2019-06-28 10:38:00,IMBALANCE,"[315, 282]"
2019-06-28 10:38:00,HOLDINGS_UPDATED,"{'CASH': 979695, 'JPM': 90}"
2019-06-28 10:39:00,BID_DEPTH,"[(99574, 186)]"
2019-06-28 10:39:00,ASK_DEPTH,"[(101152, 131)]"
2019-06-28 10:39:00,IMBALANCE,"[186, 131]"
2019-06-28 10:39:00,HOLDINGS_UPDATED,"{'CASH': 473935, 'JPM': 95}"
2019-06-28 10:40:00,BID_DEPTH,"[(99513, 315)]"
2019-06-28 10:40:00,ASK_DEPTH,"[(101152, 282)]"
2019-06-28 10:40:00,IMBALANCE,"[315, 282]"
2019-06-28 10:40:00,HOLDINGS_UPDATED,"{'CASH': -31825, 'JPM': 100}"
2019-06-28 10:41:00,BID_DEPTH,"[(99471, 315)]"
2019-06-28 10:41:00,ASK_DEPTH,"[(101152, 282)]"
2019-06-28 10:41:00,IMBALANCE,"[315, 282]"
2019-06-28 10:41:00,HOLDINGS_UPDATED,"{'CASH': -537585, 'JPM': 105}"
2019-06-28 10:42:00,BID_DEPTH,"[(99397, 208)]"
2019-06-28 10:42:00,ASK_DEPTH,"[(99459, 129)]"
2019-06-28 10:42:00,IMBALANCE,"[208, 129]"
2019-06-28 10:42:00,HOLDINGS_UPDATED,"{'CASH': -1034880, 'JPM': 110}"
2019-06-28 10:43:00,BID_DEPTH,"[(99379, 497)]"
2019-06-28 10:43:00,ASK_DEPTH,"[(101320, 530)]"
2019-06-28 10:43:00,IMBALANCE,"[497, 530]"
2019-06-28 10:43:00,HOLDINGS_UPDATED,"{'CASH': -537985, 'JPM': 105}"
2019-06-28 10:44:00,BID_DEPTH,"[(98875, 497)]"
2019-06-28 10:44:00,ASK_DEPTH,"[(101320, 530)]"
2019-06-28 10:44:00,IMBALANCE,"[497, 530]"
2019-06-28 10:44:00,HOLDINGS_UPDATED,"{'CASH': -43610, 'JPM': 100}"
2019-06-28 10:45:00,BID_DEPTH,"[(98847, 175)]"
2019-06-28 10:45:00,ASK_DEPTH,"[(101320, 208)]"
2019-06-28 10:45:00,IMBALANCE,"[175, 208]"
2019-06-28 10:45:00,HOLDINGS_UPDATED,"{'CASH': 450625, 'JPM': 95}"
2019-06-28 10:46:00,BID_DEPTH,"[(98761, 213)]"
2019-06-28 10:46:00,ASK_DEPTH,"[(98847, 246)]"
2019-06-28 10:46:00,IMBALANCE,"[213, 246]"
2019-06-28 10:46:00,HOLDINGS_UPDATED,"{'CASH': 944430, 'JPM': 90}"
2019-06-28 10:47:00,BID_DEPTH,"[(98485, 497)]"
2019-06-28 10:47:00,ASK_DEPTH,"[(98559, 444)]"
2019-06-28 10:47:00,IMBALANCE,"[497, 444]"
2019-06-28 10:47:00,HOLDINGS_UPDATED,"{'CASH': 1436855, 'JPM': 85}"
2019-06-28 10:48:00,BID_DEPTH,"[(98517, 497)]"
2019-06-28 10:48:00,ASK_DEPTH,"[(98559, 444)]"
2019-06-28 10:48:00,IMBALANCE,"[497, 444]"
2019-06-28 10:48:00,HOLDINGS_UPDATED,"{'CASH': 1929440, 'JPM': 80}"
2019-06-28 10:49:00,BID_DEPTH,"[(98517, 179)]"
2019-06-28 10:49:00,ASK_DEPTH,"[(98847, 208)]"
2019-06-28 10:49:00,IMBALANCE,"[179, 208]"
2019-06-28 10:49:00,HOLDINGS_UPDATED,"{'CASH': 2422025, 'JPM': 75}"
2019-06-28 10:50:00,BID_DEPTH,"[(98919, 213)]"
2019-06-28 10:50:00,ASK_DEPTH,"[(99291, 246)]"
2019-06-28 10:50:00,IMBALANCE,"[213, 246]"
2019-06-28 10:50:00,HOLDINGS_UPDATED,"{'CASH': 2916620, 'JPM': 70}"
2019-06-28 10:51:00,BID_DEPTH,"[(98833, 213)]"
2019-06-28 10:51:00,ASK_DEPTH,"[(98919, 246)]"
2019-06-28 10:51:00,IMBALANCE,"[213, 246]"
2019-06-28 10:51:00,HOLDINGS_UPDATED,"{'CASH': 3410785, 'JPM': 65}"
2019-06-28 10:52:00,BID_DEPTH,"[(98517, 501)]"
2019-06-28 10:52:00,ASK_DEPTH,"[(98919, 530)]"
2019-06-28 10:52:00,IMBALANCE,"[501, 530]"
2019-06-28 10:52:00,HOLDINGS_UPDATED,"{'CASH': 3903370, 'JPM': 60}"
2019-06-28 10:53:00,BID_DEPTH,"[(98613, 497)]"
2019-06-28 10:53:00,ASK_DEPTH,"[(98731, 530)]"
2019-06-28 10:53:00,IMBALANCE,"[497, 530]"
2019-06-28 10:53:00,HOLDINGS_UPDATED,"{'CASH': 4396435, 'JPM': 55}"
2019-06-28 10:54:00,BID_DEPTH,"[(98614, 253)]"
2019-06-28 10:54:00,ASK_DEPTH,"[(98919, 186)]"
2019-06-28 10:54:00,IMBALANCE,"[253, 186]"
2019-06-28 10:54:00,HOLDINGS_UPDATED,"{'CASH': 4889505, 'JPM': 50}"
2019-06-28 10:55:00,BID_DEPTH,"[(98614, 479)]"
2019-06-28 10:55:00,ASK_DEPTH,"[(98919, 530)]"
2019-06-28 10:55:00,IMBALANCE,"[479, 530]"
2019-06-28 10:55:00,HOLDINGS_UPDATED,"{'CASH': 5382575, 'JPM': 45}"
2019-06-28 10:56:00,BID_DEPTH,"[(98614, 501)]"
2019-06-28 10:56:00,ASK_DEPTH,"[(98919, 530)]"
2019-06-28 10:56:00,IMBALANCE,"[501, 530]"
2019-06-28 10:56:00,HOLDINGS_UPDATED,"{'CASH': 5875645, 'JPM': 40}"
2019-06-28 10:57:00,BID_DEPTH,"[(98614, 117)]"
2019-06-28 10:57:00,ASK_DEPTH,"[(98919, 246)]"
2019-06-28 10:57:00,IMBALANCE,"[117, 246]"
2019-06-28 10:57:00,HOLDINGS_UPDATED,"{'CASH': 6368715, 'JPM': 35}"
2019-06-28 10:58:00,BID_DEPTH,"[(98614, 57)]"
2019-06-28 10:58:00,ASK_DEPTH,"[(98919, 186)]"
2019-06-28 10:58:00,IMBALANCE,"[57, 186]"
2019-06-28 10:58:00,HOLDINGS_UPDATED,"{'CASH': 6861785, 'JPM': 30}"
2019-06-28 10:59:00,BID_DEPTH,"[(98614, 152)]"
2019-06-28 10:59:00,ASK_DEPTH,"[(98919, 186)]"
2019-06-28 10:59:00,IMBALANCE,"[152, 186]"
2019-06-28 10:59:00,HOLDINGS_UPDATED,"{'CASH': 7354855, 'JPM': 25}"
2019-06-28 11:00:00,BID_DEPTH,"[(98613, 79)]"
2019-06-28 11:00:00,ASK_DEPTH,"[(99149, 208)]"
2019-06-28 11:00:00,IMBALANCE,"[79, 208]"
2019-06-28 11:00:00,HOLDINGS_UPDATED,"{'CASH': 7847920, 'JPM': 20}"
2019-06-28 11:01:00,BID_DEPTH,"[(98613, 149)]"
2019-06-28 11:01:00,ASK_DEPTH,"[(99903, 186)]"
2019-06-28 11:01:00,IMBALANCE,"[149, 186]"
2019-06-28 11:01:00,HOLDINGS_UPDATED,"{'CASH': 8340985, 'JPM': 15}"
2019-06-28 11:02:00,BID_DEPTH,"[(99844, 153)]"
2019-06-28 11:02:00,ASK_DEPTH,"[(99909, 186)]"
2019-06-28 11:02:00,IMBALANCE,"[153, 186]"
2019-06-28 11:02:00,HOLDINGS_UPDATED,"{'CASH': 8840205, 'JPM': 10}"
2019-06-28 11:03:00,BID_DEPTH,"[(99914, 282)]"
2019-06-28 11:03:00,ASK_DEPTH,"[(99995, 315)]"
2019-06-28 11:03:00,IMBALANCE,"[282, 315]"
2019-06-28 11:03:00,HOLDINGS_UPDATED,"{'CASH': 9339775, 'JPM': 5}"
2019-06-28 11:04:00,BID_DEPTH,"[(100004, 153)]"
2019-06-28 11:04:00,ASK_DEPTH,"[(100120, 186)]"
2019-06-28 11:04:00,IMBALANCE,"[153, 186]"
2019-06-28 11:04:00,HOLDINGS_UPDATED,{'CASH': 9839795}
2019-06-28 11:05:00,BID_DEPTH,"[(100156, 275)]"
2019-06-28 11:05:00,ASK_DEPTH,"[(100342, 208)]"
2019-06-28 11:05:00,IMBALANCE,"[275, 208]"
2019-06-28 11:05:00,HOLDINGS_UPDATED,"{'CASH': 10340575, 'JPM': -5}"
2019-06-28 11:06:00,BID_DEPTH,"[(99500, 153)]"
2019-06-28 11:06:00,ASK_DEPTH,"[(100156, 186)]"
2019-06-28 11:06:00,IMBALANCE,"[153, 186]"
2019-06-28 11:06:00,HOLDINGS_UPDATED,"{'CASH': 10838075, 'JPM': -10}"
2019-06-28 11:07:00,BID_DEPTH,"[(100196, 282)]"
2019-06-28 11:07:00,ASK_DEPTH,"[(100342, 315)]"
2019-06-28 11:07:00,IMBALANCE,"[282, 315]"
2019-06-28 11:07:00,HOLDINGS_UPDATED,"{'CASH': 11339055, 'JPM': -15}"
2019-06-28 11:08:00,BID_DEPTH,"[(99500, 282)]"
2019-06-28 11:08:00,ASK_DEPTH,"[(99686, 315)]"
2019-06-28 11:08:00,IMBALANCE,"[282, 315]"
2019-06-28 11:08:00,HOLDINGS_UPDATED,"{'CASH': 11836555, 'JPM': -20}"
2019-06-28 11:09:00,BID_DEPTH,"[(99189, 153)]"
2019-06-28 11:09:00,ASK_DEPTH,"[(99500, 186)]"
2019-06-28 11:09:00,IMBALANCE,"[153, 186]"
2019-06-28 11:09:00,HOLDINGS_UPDATED,"{'CASH': 12332500, 'JPM': -25}"
2019-06-28 11:10:00,BID_DEPTH,"[(98517, 217)]"
2019-06-28 11:10:00,ASK_DEPTH,"[(98741, 246)]"
2019-06-28 11:10:00,IMBALANCE,"[217, 246]"
2019-06-28 11:10:00,HOLDINGS_UPDATED,"{'CASH': 12825085, 'JPM': -30}"
2019-06-28 11:11:00,BID_DEPTH,"[(98517, 213)]"
2019-06-28 11:11:00,ASK_DEPTH,"[(98730, 246)]"
2019-06-28 11:11:00,IMBALANCE,"[213, 246]"
2019-06-28 11:11:00,HOLDINGS_UPDATED,"{'CASH': 13317670, 'JPM': -35}"
2019-06-28 11:12:00,BID_DEPTH,"[(98517, 282)]"
2019-06-28 11:12:00,ASK_DEPTH,"[(98741, 315)]"
2019-06-28 11:12:00,IMBALANCE,"[282, 315]"
2019-06-28 11:12:00,HOLDINGS_UPDATED,"{'CASH': 13810255, 'JPM': -40}"
2019-06-28 11:13:00,BID_DEPTH,"[(98803, 153)]"
2019-06-28 11:13:00,ASK_DEPTH,"[(98917, 186)]"
2019-06-28 11:13:00,IMBALANCE,"[153, 186]"
2019-06-28 11:13:00,HOLDINGS_UPDATED,"{'CASH': 14304270, 'JPM': -45}"
2019-06-28 11:14:00,BID_DEPTH,"[(98720, 282)]"
2019-06-28 11:14:00,ASK_DEPTH,"[(98917, 315)]"
2019-06-28 11:14:00,IMBALANCE,"[282, 315]"
2019-06-28 11:14:00,HOLDINGS_UPDATED,"{'CASH': 14797870, 'JPM': -50}"
2019-06-28 11:15:00,BID_DEPTH,"[(98720, 153)]"
2019-06-28 11:15:00,ASK_DEPTH,"[(98971, 186)]"
2019-06-28 11:15:00,IMBALANCE,"[153, 186]"
2019-06-28 11:15:00,HOLDINGS_UPDATED,"{'CASH': 15291470, 'JPM': -55}"
2019-06-28 11:16:00,BID_DEPTH,"[(98706, 213)]"
2019-06-28 11:16:00,ASK_DEPTH,"[(98973, 246)]"
2019-06-28 11:16:00,IMBALANCE,"[213, 246]"
2019-06-28 11:16:00,HOLDINGS_UPDATED,"{'CASH': 15785000, 'JPM': -60}"
2019-06-28 11:17:00,BID_DEPTH,"[(98706, 275)]"
2019-06-28 11:17:00,ASK_DEPTH,"[(98973, 208)]"
2019-06-28 11:17:00,IMBALANCE,"[275, 208]"
2019-06-28 11:17:00,HOLDINGS_UPDATED,"{'CASH': 16278530, 'JPM': -65}"
2019-06-28 11:18:00,BID_DEPTH,"[(98707, 175)]"
2019-06-28 11:18:00,ASK_DEPTH,"[(99003, 208)]"
2019-06-28 11:18:00,IMBALANCE,"[175, 208]"
2019-06-28 11:18:00,HOLDINGS_UPDATED,"{'CASH': 16772065, 'JPM': -70}"
2019-06-28 11:19:00,BID_DEPTH,"[(98707, 175)]"
2019-06-28 11:19:00,ASK_DEPTH,"[(99273, 208)]"
2019-06-28 11:19:00,IMBALANCE,"[175, 208]"
2019-06-28 11:19:00,HOLDINGS_UPDATED,"{'CASH': 17265600, 'JPM': -75}"
2019-06-28 11:20:00,BID_DEPTH,"[(98707, 253)]"
2019-06-28 11:20:00,ASK_DEPTH,"[(99273, 186)]"
2019-06-28 11:20:00,IMBALANCE,"[253, 186]"
2019-06-28 11:20:00,HOLDINGS_UPDATED,"{'CASH': 17759135, 'JPM': -80}"
2019-06-28 11:21:00,BID_DEPTH,"[(98707, 353)]"
2019-06-28 11:21:00,ASK_DEPTH,"[(99273, 208)]"
2019-06-28 11:21:00,IMBALANCE,"[353, 208]"
2019-06-28 11:21:00,HOLDINGS_UPDATED,"{'CASH': 18252670, 'JPM': -85}"
2019-06-28 11:22:00,BID_DEPTH,"[(98707, 231)]"
2019-06-28 11:22:00,ASK_DEPTH,"[(99291, 208)]"
2019-06-28 11:22:00,IMBALANCE,"[231, 208]"
2019-06-28 11:22:00,HOLDINGS_UPDATED,"{'CASH': 18746205, 'JPM': -90}"
2019-06-28 11:23:00,BID_DEPTH,"[(98707, 287)]"
2019-06-28 11:23:00,ASK_DEPTH,"[(99291, 186)]"
2019-06-28 11:23:00,IMBALANCE,"[287, 186]"
2019-06-28 11:23:00,HOLDINGS_UPDATED,"{'CASH': 18844912, 'JPM': -91}"
2019-06-28 11:23:00,HOLDINGS_UPDATED,"{'CASH': 19239740, 'JPM': -95}"
2019-06-28 11:24:00,BID_DEPTH,"[(98707, 287)]"
2019-06-28 11:24:00,ASK_DEPTH,"[(99699, 208)]"
2019-06-28 11:24:00,IMBALANCE,"[287, 208]"
2019-06-28 11:24:00,HOLDINGS_UPDATED,"{'CASH': 19733275, 'JPM': -100}"
2019-06-28 11:25:00,BID_DEPTH,"[(98707, 382)]"
2019-06-28 11:25:00,ASK_DEPTH,"[(99699, 315)]"
2019-06-28 11:25:00,IMBALANCE,"[382, 315]"
2019-06-28 11:25:00,HOLDINGS_UPDATED,"{'CASH': 20226810, 'JPM': -105}"
2019-06-28 11:26:00,BID_DEPTH,"[(98707, 475)]"
2019-06-28 11:26:00,ASK_DEPTH,"[(99849, 530)]"
2019-06-28 11:26:00,IMBALANCE,"[475, 530]"
2019-06-28 11:26:00,HOLDINGS_UPDATED,"{'CASH': 20720345, 'JPM': -110}"
2019-06-28 11:27:00,BID_DEPTH,"[(99849, 175)]"
2019-06-28 11:27:00,ASK_DEPTH,"[(99866, 208)]"
2019-06-28 11:27:00,IMBALANCE,"[175, 208]"
2019-06-28 11:27:00,HOLDINGS_UPDATED,"{'CASH': 21219590, 'JPM': -115}"
2019-06-28 11:28:00,BID_DEPTH,"[(98706, 260)]"
2019-06-28 11:28:00,ASK_DEPTH,"[(99963, 315)]"
2019-06-28 11:28:00,IMBALANCE,"[260, 315]"
2019-06-28 11:28:00,HOLDINGS_UPDATED,"{'CASH': 21713120, 'JPM': -120}"
2019-06-28 11:29:00,BID_DEPTH,"[(100247, 282)]"
2019-06-28 11:29:00,ASK_DEPTH,"[(100289, 315)]"
2019-06-28 11:29:00,IMBALANCE,"[282, 315]"
2019-06-28 11:29:00,HOLDINGS_UPDATED,"{'CASH': 22214355, 'JPM': -125}"
2019-06-28 11:30:00,BID_DEPTH,"[(100064, 153)]"
2019-06-28 11:30:00,ASK_DEPTH,"[(100167, 186)]"
2019-06-28 11:30:00,IMBALANCE,"[153, 186]"
2019-06-28 11:30:00,HOLDINGS_UPDATED,"{'CASH': 22714675, 'JPM': -130}"
2019-06-28 11:31:00,BID_DEPTH,"[(100023, 497)]"
2019-06-28 11:31:00,ASK_DEPTH,"[(100289, 530)]"
2019-06-28 11:31:00,IMBALANCE,"[497, 530]"
2019-06-28 11:31:00,HOLDINGS_UPDATED,"{'CASH': 23214790, 'JPM': -135}"
2019-06-28 11:32:00,BID_DEPTH,"[(100023, 530)]"
2019-06-28 11:32:00,ASK_DEPTH,"[(100386, 497)]"
2019-06-28 11:32:00,IMBALANCE,"[530, 497]"
2019-06-28 11:32:00,HOLDINGS_UPDATED,"{'CASH': 22712860, 'JPM': -130}"
2019-06-28 11:33:00,BID_DEPTH,"[(100023, 315)]"
2019-06-28 11:33:00,ASK_DEPTH,"[(100386, 186)]"
2019-06-28 11:33:00,IMBALANCE,"[315, 186]"
2019-06-28 11:33:00,HOLDINGS_UPDATED,"{'CASH': 22210930, 'JPM': -125}"
2019-06-28 11:34:00,BID_DEPTH,"[(100330, 530)]"
2019-06-28 11:34:00,ASK_DEPTH,"[(100395, 497)]"
2019-06-28 11:34:00,IMBALANCE,"[530, 497]"
2019-06-28 11:34:00,HOLDINGS_UPDATED,"{'CASH': 21708955, 'JPM': -120}"
2019-06-28 11:35:00,BID_DEPTH,"[(100244, 186)]"
2019-06-28 11:35:00,ASK_DEPTH,"[(100260, 153)]"
2019-06-28 11:35:00,IMBALANCE,"[186, 153]"
2019-06-28 11:35:00,HOLDINGS_UPDATED,"{'CASH': 21207655, 'JPM': -115}"
2019-06-28 11:36:00,BID_DEPTH,"[(100244, 208)]"
2019-06-28 11:36:00,ASK_DEPTH,"[(100390, 175)]"
2019-06-28 11:36:00,IMBALANCE,"[208, 175]"
2019-06-28 11:36:00,HOLDINGS_UPDATED,"{'CASH': 20705705, 'JPM': -110}"
2019-06-28 11:37:00,BID_DEPTH,"[(100212, 315)]"
2019-06-28 11:37:00,ASK_DEPTH,"[(100390, 186)]"
2019-06-28 11:37:00,IMBALANCE,"[315, 186]"
2019-06-28 11:37:00,HOLDINGS_UPDATED,"{'CASH': 20203755, 'JPM': -105}"
2019-06-28 11:38:00,BID_DEPTH,"[(100212, 208)]"
2019-06-28 11:38:00,ASK_DEPTH,"[(100395, 179)]"
2019-06-28 11:38:00,IMBALANCE,"[208, 179]"
2019-06-28 11:38:00,HOLDINGS_UPDATED,"{'CASH': 19701780, 'JPM': -100}"
2019-06-28 11:39:00,BID_DEPTH,"[(100250, 315)]"
2019-06-28 11:39:00,ASK_DEPTH,"[(100396, 282)]"
2019-06-28 11:39:00,IMBALANCE,"[315, 282]"
2019-06-28 11:39:00,HOLDINGS_UPDATED,"{'CASH': 19199800, 'JPM': -95}"
2019-06-28 11:40:00,BID_DEPTH,"[(100314, 186)]"
2019-06-28 11:40:00,ASK_DEPTH,"[(100396, 153)]"
2019-06-28 11:40:00,IMBALANCE,"[186, 153]"
2019-06-28 11:40:00,HOLDINGS_UPDATED,"{'CASH': 18697820, 'JPM': -90}"
2019-06-28 11:41:00,BID_DEPTH,"[(100250, 208)]"
2019-06-28 11:41:00,ASK_DEPTH,"[(100396, 275)]"
2019-06-28 11:41:00,IMBALANCE,"[208, 275]"
2019-06-28 11:41:00,HOLDINGS_UPDATED,"{'CASH': 18195840, 'JPM': -85}"
2019-06-28 11:42:00,BID_DEPTH,"[(100023, 315)]"
2019-06-28 11:42:00,ASK_DEPTH,"[(100288, 282)]"
2019-06-28 11:42:00,IMBALANCE,"[315, 282]"
2019-06-28 11:42:00,HOLDINGS_UPDATED,"{'CASH': 17694400, 'JPM': -80}"
2019-06-28 11:43:00,BID_DEPTH,"[(100023, 530)]"
2019-06-28 11:43:00,ASK_DEPTH,"[(100396, 475)]"
2019-06-28 11:43:00,IMBALANCE,"[530, 475]"
2019-06-28 11:43:00,HOLDINGS_UPDATED,"{'CASH': 17192420, 'JPM': -75}"
2019-06-28 11:44:00,BID_DEPTH,"[(100151, 246)]"
2019-06-28 11:44:00,ASK_DEPTH,"[(100422, 213)]"
2019-06-28 11:44:00,IMBALANCE,"[246, 213]"
2019-06-28 11:44:00,HOLDINGS_UPDATED,"{'CASH': 16690310, 'JPM': -70}"
2019-06-28 11:45:00,BID_DEPTH,"[(100023, 208)]"
2019-06-28 11:45:00,ASK_DEPTH,"[(100422, 175)]"
2019-06-28 11:45:00,IMBALANCE,"[208, 175]"
2019-06-28 11:45:00,HOLDINGS_UPDATED,"{'CASH': 16188200, 'JPM': -65}"
2019-06-28 11:46:00,BID_DEPTH,"[(100512, 315)]"
2019-06-28 11:46:00,ASK_DEPTH,"[(100566, 282)]"
2019-06-28 11:46:00,IMBALANCE,"[315, 282]"
2019-06-28 11:46:00,HOLDINGS_UPDATED,"{'CASH': 15685370, 'JPM': -60}"
2019-06-28 11:47:00,BID_DEPTH,"[(100459, 186)]"
2019-06-28 11:47:00,ASK_DEPTH,"[(100584, 153)]"
2019-06-28 11:47:00,IMBALANCE,"[186, 153]"
2019-06-28 11:47:00,HOLDINGS_UPDATED,"{'CASH': 15182450, 'JPM': -55}"
2019-06-28 11:48:00,BID_DEPTH,"[(100312, 315)]"
2019-06-28 11:48:00,ASK_DEPTH,"[(100607, 282)]"
2019-06-28 11:48:00,IMBALANCE,"[315, 282]"
2019-06-28 11:48:00,HOLDINGS_UPDATED,"{'CASH': 14679415, 'JPM': -50}"
2019-06-28 11:49:00,BID_DEPTH,"[(100046, 186)]"
2019-06-28 11:49:00,ASK_DEPTH,"[(100376, 153)]"
2019-06-28 11:49:00,IMBALANCE,"[186, 153]"
2019-06-28 11:49:00,HOLDINGS_UPDATED,"{'CASH': 14177535, 'JPM': -45}"
2019-06-28 11:50:00,BID_DEPTH,"[(100046, 315)]"
2019-06-28 11:50:00,ASK_DEPTH,"[(100670, 282)]"
2019-06-28 11:50:00,IMBALANCE,"[315, 282]"
2019-06-28 11:50:00,HOLDINGS_UPDATED,"{'CASH': 13674185, 'JPM': -40}"
2019-06-28 11:51:00,BID_DEPTH,"[(100367, 208)]"
2019-06-28 11:51:00,ASK_DEPTH,"[(100507, 175)]"
2019-06-28 11:51:00,IMBALANCE,"[208, 175]"
2019-06-28 11:51:00,HOLDINGS_UPDATED,"{'CASH': 13171650, 'JPM': -35}"
2019-06-28 11:52:00,BID_DEPTH,"[(100406, 315)]"
2019-06-28 11:52:00,ASK_DEPTH,"[(100797, 282)]"
2019-06-28 11:52:00,IMBALANCE,"[315, 282]"
2019-06-28 11:52:00,HOLDINGS_UPDATED,"{'CASH': 12667665, 'JPM': -30}"
2019-06-28 11:53:00,BID_DEPTH,"[(100797, 186)]"
2019-06-28 11:53:00,ASK_DEPTH,"[(100905, 153)]"
2019-06-28 11:53:00,IMBALANCE,"[186, 153]"
2019-06-28 11:53:00,HOLDINGS_UPDATED,"{'CASH': 12163140, 'JPM': -25}"
2019-06-28 11:54:00,BID_DEPTH,"[(100905, 140)]"
2019-06-28 11:54:00,ASK_DEPTH,"[(100981, 175)]"
2019-06-28 11:54:00,IMBALANCE,"[140, 175]"
2019-06-28 11:54:00,HOLDINGS_UPDATED,"{'CASH': 11658235, 'JPM': -20}"
2019-06-28 11:55:00,BID_DEPTH,"[(100797, 530)]"
2019-06-28 11:55:00,ASK_DEPTH,"[(100981, 501)]"
2019-06-28 11:55:00,IMBALANCE,"[530, 501]"
2019-06-28 11:55:00,HOLDINGS_UPDATED,"{'CASH': 11153330, 'JPM': -15}"
2019-06-28 11:56:00,BID_DEPTH,"[(100798, 530)]"
2019-06-28 11:56:00,ASK_DEPTH,"[(100980, 497)]"
2019-06-28 11:56:00,IMBALANCE,"[530, 497]"
2019-06-28 11:56:00,HOLDINGS_UPDATED,"{'CASH': 10648430, 'JPM': -10}"
2019-06-28 11:57:00,BID_DEPTH,"[(100658, 208)]"
2019-06-28 11:57:00,ASK_DEPTH,"[(100981, 79)]"
2019-06-28 11:57:00,IMBALANCE,"[208, 79]"
2019-06-28 11:57:00,HOLDINGS_UPDATED,"{'CASH': 10143525, 'JPM': -5}"
2019-06-28 11:58:00,BID_DEPTH,"[(100658, 530)]"
2019-06-28 11:58:00,ASK_DEPTH,"[(101129, 595)]"
2019-06-28 11:58:00,IMBALANCE,"[530, 595]"
2019-06-28 11:58:00,HOLDINGS_UPDATED,{'CASH': 9637880}
2019-06-28 11:59:00,BID_DEPTH,"[(100406, 530)]"
2019-06-28 11:59:00,ASK_DEPTH,"[(101129, 473)]"
2019-06-28 11:59:00,IMBALANCE,"[530, 473]"
2019-06-28 11:59:00,HOLDINGS_UPDATED,"{'CASH': 9132235, 'JPM': 5}"
2019-06-28 12:00:00,BID_DEPTH,"[(100367, 315)]"
2019-06-28 12:00:00,ASK_DEPTH,"[(101213, 282)]"
2019-06-28 12:00:00,IMBALANCE,"[315, 282]"
2019-06-28 12:00:00,HOLDINGS_UPDATED,"{'CASH': 8626170, 'JPM': 10}"
2019-06-28 12:01:00,BID_DEPTH,"[(100200, 246)]"
2019-06-28 12:01:00,ASK_DEPTH,"[(101213, 413)]"
2019-06-28 12:01:00,IMBALANCE,"[246, 413]"
2019-06-28 12:01:00,HOLDINGS_UPDATED,"{'CASH': 8120105, 'JPM': 15}"
2019-06-28 12:02:00,BID_DEPTH,"[(100174, 530)]"
2019-06-28 12:02:00,ASK_DEPTH,"[(101212, 497)]"
2019-06-28 12:02:00,IMBALANCE,"[530, 497]"
2019-06-28 12:02:00,HOLDINGS_UPDATED,"{'CASH': 7614045, 'JPM': 20}"
2019-06-28 12:03:00,BID_DEPTH,"[(100174, 246)]"
2019-06-28 12:03:00,ASK_DEPTH,"[(101213, 191)]"
2019-06-28 12:03:00,IMBALANCE,"[246, 191]"
2019-06-28 12:03:00,HOLDINGS_UPDATED,"{'CASH': 7107980, 'JPM': 25}"
2019-06-28 12:04:00,BID_DEPTH,"[(99990, 530)]"
2019-06-28 12:04:00,ASK_DEPTH,"[(101303, 497)]"
2019-06-28 12:04:00,IMBALANCE,"[530, 497]"
2019-06-28 12:04:00,HOLDINGS_UPDATED,"{'CASH': 6601465, 'JPM': 30}"
2019-06-28 12:05:00,BID_DEPTH,"[(99951, 530)]"
2019-06-28 12:05:00,ASK_DEPTH,"[(101303, 597)]"
2019-06-28 12:05:00,IMBALANCE,"[530, 597]"
2019-06-28 12:05:00,HOLDINGS_UPDATED,"{'CASH': 6094950, 'JPM': 35}"
2019-06-28 12:06:00,BID_DEPTH,"[(99806, 246)]"
2019-06-28 12:06:00,ASK_DEPTH,"[(101303, 291)]"
2019-06-28 12:06:00,IMBALANCE,"[246, 291]"
2019-06-28 12:06:00,HOLDINGS_UPDATED,"{'CASH': 5588435, 'JPM': 40}"
2019-06-28 12:07:00,BID_DEPTH,"[(99561, 246)]"
2019-06-28 12:07:00,ASK_DEPTH,"[(101303, 169)]"
2019-06-28 12:07:00,IMBALANCE,"[246, 169]"
2019-06-28 12:07:00,HOLDINGS_UPDATED,"{'CASH': 5081920, 'JPM': 45}"
2019-06-28 12:08:00,BID_DEPTH,"[(99561, 530)]"
2019-06-28 12:08:00,ASK_DEPTH,"[(101303, 497)]"
2019-06-28 12:08:00,IMBALANCE,"[530, 497]"
2019-06-28 12:08:00,HOLDINGS_UPDATED,"{'CASH': 4575405, 'JPM': 50}"
2019-06-28 12:09:00,BID_DEPTH,"[(99942, 100)]"
2019-06-28 12:09:00,ASK_DEPTH,[]
2019-06-28 12:09:00,IMBALANCE,"[100, 0]"
2019-06-28 12:10:00,BID_DEPTH,"[(99561, 208)]"
2019-06-28 12:10:00,ASK_DEPTH,"[(100152, 175)]"
2019-06-28 12:10:00,IMBALANCE,"[208, 175]"
2019-06-28 12:10:00,HOLDINGS_UPDATED,"{'CASH': 4074645, 'JPM': 55}"
2019-06-28 12:11:00,BID_DEPTH,"[(99561, 315)]"
2019-06-28 12:11:00,ASK_DEPTH,"[(101303, 282)]"
2019-06-28 12:11:00,IMBALANCE,"[315, 282]"
2019-06-28 12:11:00,HOLDINGS_UPDATED,"{'CASH': 3568130, 'JPM': 60}"
2019-06-28 12:12:00,BID_DEPTH,"[(99561, 100)]"
2019-06-28 12:12:00,ASK_DEPTH,[]
2019-06-28 12:12:00,IMBALANCE,"[100, 0]"
2019-06-28 12:13:00,BID_DEPTH,"[(99390, 315)]"
2019-06-28 12:13:00,ASK_DEPTH,"[(101303, 382)]"
2019-06-28 12:13:00,IMBALANCE,"[315, 382]"
2019-06-28 12:13:00,HOLDINGS_UPDATED,"{'CASH': 3061615, 'JPM': 65}"
2019-06-28 12:14:00,BID_DEPTH,"[(100135, 246)]"
2019-06-28 12:14:00,ASK_DEPTH,"[(100164, 213)]"
2019-06-28 12:14:00,IMBALANCE,"[246, 213]"
2019-06-28 12:14:00,HOLDINGS_UPDATED,"{'CASH': 2560795, 'JPM': 70}"
2019-06-28 12:15:00,BID_DEPTH,"[(100633, 315)]"
2019-06-28 12:15:00,ASK_DEPTH,"[(101303, 260)]"
2019-06-28 12:15:00,IMBALANCE,"[315, 260]"
2019-06-28 12:15:00,HOLDINGS_UPDATED,"{'CASH': 2054280, 'JPM': 75}"
2019-06-28 12:16:00,BID_DEPTH,"[(100633, 100)]"
2019-06-28 12:16:00,ASK_DEPTH,[]
2019-06-28 12:16:00,IMBALANCE,"[100, 0]"
2019-06-28 12:17:00,BID_DEPTH,"[(100849, 100)]"
2019-06-28 12:17:00,ASK_DEPTH,[]
2019-06-28 12:17:00,IMBALANCE,"[100, 0]"
2019-06-28 12:18:00,BID_DEPTH,"[(100849, 100)]"
2019-06-28 12:18:00,ASK_DEPTH,[]
2019-06-28 12:18:00,IMBALANCE,"[100, 0]"
2019-06-28 12:19:00,BID_DEPTH,"[(100792, 315)]"
2019-06-28 12:19:00,ASK_DEPTH,"[(100866, 282)]"
2019-06-28 12:19:00,IMBALANCE,"[315, 282]"
2019-06-28 12:19:00,HOLDINGS_UPDATED,"{'CASH': 1549950, 'JPM': 80}"
2019-06-28 12:20:00,BID_DEPTH,"[(100792, 530)]"
2019-06-28 12:20:00,ASK_DEPTH,"[(100938, 497)]"
2019-06-28 12:20:00,IMBALANCE,"[530, 497]"
2019-06-28 12:20:00,HOLDINGS_UPDATED,"{'CASH': 1045260, 'JPM': 85}"
2019-06-28 12:21:00,BID_DEPTH,"[(100676, 186)]"
2019-06-28 12:21:00,ASK_DEPTH,"[(100699, 153)]"
2019-06-28 12:21:00,IMBALANCE,"[186, 153]"
2019-06-28 12:21:00,HOLDINGS_UPDATED,"{'CASH': 541765, 'JPM': 90}"
2019-06-28 12:22:00,BID_DEPTH,"[(100676, 208)]"
2019-06-28 12:22:00,ASK_DEPTH,"[(100799, 175)]"
2019-06-28 12:22:00,IMBALANCE,"[208, 175]"
2019-06-28 12:22:00,HOLDINGS_UPDATED,"{'CASH': 37770, 'JPM': 95}"
2019-06-28 12:23:00,BID_DEPTH,"[(100495, 530)]"
2019-06-28 12:23:00,ASK_DEPTH,"[(100675, 597)]"
2019-06-28 12:23:00,IMBALANCE,"[530, 597]"
2019-06-28 12:23:00,HOLDINGS_UPDATED,"{'CASH': -465605, 'JPM': 100}"
2019-06-28 12:24:00,BID_DEPTH,"[(100495, 246)]"
2019-06-28 12:24:00,ASK_DEPTH,"[(100675, 291)]"
2019-06-28 12:24:00,IMBALANCE,"[246, 291]"
2019-06-28 12:24:00,HOLDINGS_UPDATED,"{'CASH': -968980, 'JPM': 105}"
2019-06-28 12:25:00,BID_DEPTH,"[(100480, 186)]"
2019-06-28 12:25:00,ASK_DEPTH,"[(100674, 153)]"
2019-06-28 12:25:00,IMBALANCE,"[186, 153]"
2019-06-28 12:25:00,HOLDINGS_UPDATED,"{'CASH': -1472350, 'JPM': 110}"
2019-06-28 12:26:00,BID_DEPTH,"[(100397, 315)]"
2019-06-28 12:26:00,ASK_DEPTH,"[(100675, 238)]"
2019-06-28 12:26:00,IMBALANCE,"[315, 238]"
2019-06-28 12:26:00,HOLDINGS_UPDATED,"{'CASH': -1975725, 'JPM': 115}"
2019-06-28 12:27:00,BID_DEPTH,"[(99538, 186)]"
2019-06-28 12:27:00,ASK_DEPTH,"[(100397, 153)]"
2019-06-28 12:27:00,IMBALANCE,"[186, 153]"
2019-06-28 12:27:00,HOLDINGS_UPDATED,"{'CASH': -2477710, 'JPM': 120}"
2019-06-28 12:28:00,BID_DEPTH,"[(99458, 213)]"
2019-06-28 12:28:00,ASK_DEPTH,"[(99564, 246)]"
2019-06-28 12:28:00,IMBALANCE,"[213, 246]"
2019-06-28 12:28:00,HOLDINGS_UPDATED,"{'CASH': -1980420, 'JPM': 115}"
2019-06-28 12:29:00,BID_DEPTH,"[(99408, 175)]"
2019-06-28 12:29:00,ASK_DEPTH,"[(99458, 158)]"
2019-06-28 12:29:00,IMBALANCE,"[175, 158]"
2019-06-28 12:29:00,HOLDINGS_UPDATED,"{'CASH': -1483380, 'JPM': 110}"
2019-06-28 12:30:00,BID_DEPTH,"[(99408, 186)]"
2019-06-28 12:30:00,ASK_DEPTH,"[(99458, 265)]"
2019-06-28 12:30:00,IMBALANCE,"[186, 265]"
2019-06-28 12:30:00,HOLDINGS_UPDATED,"{'CASH': -986340, 'JPM': 105}"
2019-06-28 12:31:00,BID_DEPTH,"[(99408, 57)]"
2019-06-28 12:31:00,ASK_DEPTH,"[(99564, 186)]"
2019-06-28 12:31:00,IMBALANCE,"[57, 186]"
2019-06-28 12:31:00,HOLDINGS_UPDATED,"{'CASH': -489300, 'JPM': 100}"
2019-06-28 12:32:00,BID_DEPTH,"[(99406, 255)]"
2019-06-28 12:32:00,ASK_DEPTH,"[(99909, 315)]"
2019-06-28 12:32:00,IMBALANCE,"[255, 315]"
2019-06-28 12:32:00,HOLDINGS_UPDATED,"{'CASH': 7730, 'JPM': 95}"
2019-06-28 12:33:00,BID_DEPTH,"[(99406, 401)]"
2019-06-28 12:33:00,ASK_DEPTH,"[(100044, 530)]"
2019-06-28 12:33:00,IMBALANCE,"[401, 530]"
2019-06-28 12:33:00,HOLDINGS_UPDATED,"{'CASH': 504760, 'JPM': 90}"
2019-06-28 12:34:00,BID_DEPTH,"[(99953, 282)]"
2019-06-28 12:34:00,ASK_DEPTH,"[(100255, 315)]"
2019-06-28 12:34:00,IMBALANCE,"[282, 315]"
2019-06-28 12:34:00,HOLDINGS_UPDATED,"{'CASH': 1004525, 'JPM': 85}"
2019-06-28 12:35:00,BID_DEPTH,"[(99406, 217)]"
2019-06-28 12:35:00,ASK_DEPTH,"[(100343, 246)]"
2019-06-28 12:35:00,IMBALANCE,"[217, 246]"
2019-06-28 12:35:00,HOLDINGS_UPDATED,"{'CASH': 1501555, 'JPM': 80}"
2019-06-28 12:36:00,BID_DEPTH,"[(99394, 282)]"
2019-06-28 12:36:00,ASK_DEPTH,"[(100431, 315)]"
2019-06-28 12:36:00,IMBALANCE,"[282, 315]"
2019-06-28 12:36:00,HOLDINGS_UPDATED,"{'CASH': 1998525, 'JPM': 75}"
2019-06-28 12:37:00,BID_DEPTH,"[(100431, 175)]"
2019-06-28 12:37:00,ASK_DEPTH,"[(100740, 208)]"
2019-06-28 12:37:00,IMBALANCE,"[175, 208]"
2019-06-28 12:37:00,HOLDINGS_UPDATED,"{'CASH': 2500680, 'JPM': 70}"
2019-06-28 12:38:00,BID_DEPTH,"[(99390, 213)]"
2019-06-28 12:38:00,ASK_DEPTH,"[(100740, 246)]"
2019-06-28 12:38:00,IMBALANCE,"[213, 246]"
2019-06-28 12:38:00,HOLDINGS_UPDATED,"{'CASH': 2997630, 'JPM': 65}"
2019-06-28 12:39:00,BID_DEPTH,"[(99390, 375)]"
2019-06-28 12:39:00,ASK_DEPTH,"[(101071, 208)]"
2019-06-28 12:39:00,IMBALANCE,"[375, 208]"
2019-06-28 12:39:00,HOLDINGS_UPDATED,"{'CASH': 3494580, 'JPM': 60}"
2019-06-28 12:40:00,BID_DEPTH,"[(100643, 497)]"
2019-06-28 12:40:00,ASK_DEPTH,"[(100866, 530)]"
2019-06-28 12:40:00,IMBALANCE,"[497, 530]"
2019-06-28 12:40:00,HOLDINGS_UPDATED,"{'CASH': 3997795, 'JPM': 55}"
2019-06-28 12:41:00,BID_DEPTH,"[(100568, 175)]"
2019-06-28 12:41:00,ASK_DEPTH,"[(100905, 208)]"
2019-06-28 12:41:00,IMBALANCE,"[175, 208]"
2019-06-28 12:41:00,HOLDINGS_UPDATED,"{'CASH': 4500635, 'JPM': 50}"
2019-06-28 12:42:00,BID_DEPTH,"[(100568, 213)]"
2019-06-28 12:42:00,ASK_DEPTH,"[(101175, 246)]"
2019-06-28 12:42:00,IMBALANCE,"[213, 246]"
2019-06-28 12:42:00,HOLDINGS_UPDATED,"{'CASH': 5003475, 'JPM': 45}"
2019-06-28 12:43:00,BID_DEPTH,"[(101361, 175)]"
2019-06-28 12:43:00,ASK_DEPTH,"[(101415, 208)]"
2019-06-28 12:43:00,IMBALANCE,"[175, 208]"
2019-06-28 12:43:00,HOLDINGS_UPDATED,"{'CASH': 5510280, 'JPM': 40}"
2019-06-28 12:44:00,BID_DEPTH,"[(101361, 213)]"
2019-06-28 12:44:00,ASK_DEPTH,"[(101669, 246)]"
2019-06-28 12:44:00,IMBALANCE,"[213, 246]"
2019-06-28 12:44:00,HOLDINGS_UPDATED,"{'CASH': 6017085, 'JPM': 35}"
2019-06-28 12:45:00,BID_DEPTH,"[(101399, 153)]"
2019-06-28 12:45:00,ASK_DEPTH,"[(101624, 186)]"
2019-06-28 12:45:00,IMBALANCE,"[153, 186]"
2019-06-28 12:45:00,HOLDINGS_UPDATED,"{'CASH': 6524080, 'JPM': 30}"
2019-06-28 12:46:00,BID_DEPTH,"[(101314, 213)]"
2019-06-28 12:46:00,ASK_DEPTH,"[(101437, 246)]"
2019-06-28 12:46:00,IMBALANCE,"[213, 246]"
2019-06-28 12:46:00,HOLDINGS_UPDATED,"{'CASH': 7030650, 'JPM': 25}"
2019-06-28 12:47:00,BID_DEPTH,"[(101314, 213)]"
2019-06-28 12:47:00,ASK_DEPTH,"[(101542, 246)]"
2019-06-28 12:47:00,IMBALANCE,"[213, 246]"
2019-06-28 12:47:00,HOLDINGS_UPDATED,"{'CASH': 7537220, 'JPM': 20}"
2019-06-28 12:48:00,BID_DEPTH,"[(101383, 213)]"
2019-06-28 12:48:00,ASK_DEPTH,"[(101683, 246)]"
2019-06-28 12:48:00,IMBALANCE,"[213, 246]"
2019-06-28 12:48:00,HOLDINGS_UPDATED,"{'CASH': 8044135, 'JPM': 15}"
2019-06-28 12:49:00,BID_DEPTH,"[(101450, 186)]"
2019-06-28 12:49:00,ASK_DEPTH,"[(101476, 153)]"
2019-06-28 12:49:00,IMBALANCE,"[186, 153]"
2019-06-28 12:49:00,HOLDINGS_UPDATED,"{'CASH': 7536755, 'JPM': 20}"
2019-06-28 12:50:00,BID_DEPTH,"[(101477, 530)]"
2019-06-28 12:50:00,ASK_DEPTH,"[(101682, 497)]"
2019-06-28 12:50:00,IMBALANCE,"[530, 497]"
2019-06-28 12:50:00,HOLDINGS_UPDATED,"{'CASH': 7028345, 'JPM': 25}"
2019-06-28 12:51:00,BID_DEPTH,"[(101627, 246)]"
2019-06-28 12:51:00,ASK_DEPTH,"[(101682, 213)]"
2019-06-28 12:51:00,IMBALANCE,"[246, 213]"
2019-06-28 12:51:00,HOLDINGS_UPDATED,"{'CASH': 6519935, 'JPM': 30}"
2019-06-28 12:52:00,BID_DEPTH,"[(101627, 186)]"
2019-06-28 12:52:00,ASK_DEPTH,"[(101651, 153)]"
2019-06-28 12:52:00,IMBALANCE,"[186, 153]"
2019-06-28 12:52:00,HOLDINGS_UPDATED,"{'CASH': 6011680, 'JPM': 35}"
2019-06-28 12:53:00,BID_DEPTH,"[(101477, 246)]"
2019-06-28 12:53:00,ASK_DEPTH,"[(101517, 213)]"
2019-06-28 12:53:00,IMBALANCE,"[246, 213]"
2019-06-28 12:53:00,HOLDINGS_UPDATED,"{'CASH': 5504095, 'JPM': 40}"
2019-06-28 12:54:00,BID_DEPTH,"[(101470, 315)]"
2019-06-28 12:54:00,ASK_DEPTH,"[(101627, 282)]"
2019-06-28 12:54:00,IMBALANCE,"[315, 282]"
2019-06-28 12:54:00,HOLDINGS_UPDATED,"{'CASH': 4995960, 'JPM': 45}"
2019-06-28 12:55:00,BID_DEPTH,"[(101470, 208)]"
2019-06-28 12:55:00,ASK_DEPTH,"[(101651, 79)]"
2019-06-28 12:55:00,IMBALANCE,"[208, 79]"
2019-06-28 12:55:00,HOLDINGS_UPDATED,"{'CASH': 4487705, 'JPM': 50}"
2019-06-28 12:56:00,BID_DEPTH,"[(101470, 246)]"
2019-06-28 12:56:00,ASK_DEPTH,"[(101651, 209)]"
2019-06-28 12:56:00,IMBALANCE,"[246, 209]"
2019-06-28 12:56:00,HOLDINGS_UPDATED,"{'CASH': 3979450, 'JPM': 55}"
2019-06-28 12:57:00,BID_DEPTH,"[(101442, 315)]"
2019-06-28 12:57:00,ASK_DEPTH,"[(101470, 282)]"
2019-06-28 12:57:00,IMBALANCE,"[315, 282]"
2019-06-28 12:57:00,HOLDINGS_UPDATED,"{'CASH': 3472100, 'JPM': 60}"
2019-06-28 12:58:00,BID_DEPTH,"[(101273, 208)]"
2019-06-28 12:58:00,ASK_DEPTH,"[(101682, 79)]"
2019-06-28 12:58:00,IMBALANCE,"[208, 79]"
2019-06-28 12:58:00,HOLDINGS_UPDATED,"{'CASH': 2963690, 'JPM': 65}"
2019-06-28 12:59:00,BID_DEPTH,"[(100921, 246)]"
2019-06-28 12:59:00,ASK_DEPTH,"[(101681, 213)]"
2019-06-28 12:59:00,IMBALANCE,"[246, 213]"
2019-06-28 12:59:00,HOLDINGS_UPDATED,"{'CASH': 2455285, 'JPM': 70}"
2019-06-28 13:00:00,BID_DEPTH,"[(100582, 246)]"
2019-06-28 13:00:00,ASK_DEPTH,"[(101681, 213)]"
2019-06-28 13:00:00,IMBALANCE,"[246, 213]"
2019-06-28 13:00:00,HOLDINGS_UPDATED,"{'CASH': 1946880, 'JPM': 75}"
2019-06-28 13:01:00,BID_DEPTH,"[(100360, 186)]"
2019-06-28 13:01:00,ASK_DEPTH,"[(101681, 253)]"
2019-06-28 13:01:00,IMBALANCE,"[186, 253]"
2019-06-28 13:01:00,HOLDINGS_UPDATED,"{'CASH': 1438475, 'JPM': 80}"
2019-06-28 13:02:00,BID_DEPTH,"[(100269, 186)]"
2019-06-28 13:02:00,ASK_DEPTH,"[(101680, 153)]"
2019-06-28 13:02:00,IMBALANCE,"[186, 153]"
2019-06-28 13:02:00,HOLDINGS_UPDATED,"{'CASH': 930075, 'JPM': 85}"
2019-06-28 13:03:00,BID_DEPTH,"[(99971, 208)]"
2019-06-28 13:03:00,ASK_DEPTH,"[(101680, 175)]"
2019-06-28 13:03:00,IMBALANCE,"[208, 175]"
2019-06-28 13:03:00,HOLDINGS_UPDATED,"{'CASH': 421675, 'JPM': 90}"
2019-06-28 13:04:00,BID_DEPTH,"[(99390, 246)]"
2019-06-28 13:04:00,ASK_DEPTH,"[(101714, 207)]"
2019-06-28 13:04:00,IMBALANCE,"[246, 207]"
2019-06-28 13:04:00,HOLDINGS_UPDATED,"{'CASH': -86895, 'JPM': 95}"
2019-06-28 13:05:00,BID_DEPTH,"[(99390, 315)]"
2019-06-28 13:05:00,ASK_DEPTH,"[(99450, 282)]"
2019-06-28 13:05:00,IMBALANCE,"[315, 282]"
2019-06-28 13:05:00,HOLDINGS_UPDATED,"{'CASH': -584145, 'JPM': 100}"
2019-06-28 13:06:00,BID_DEPTH,"[(99398, 315)]"
2019-06-28 13:06:00,ASK_DEPTH,"[(99450, 282)]"
2019-06-28 13:06:00,IMBALANCE,"[315, 282]"
2019-06-28 13:06:00,HOLDINGS_UPDATED,"{'CASH': -1081395, 'JPM': 105}"
2019-06-28 13:07:00,BID_DEPTH,"[(99398, 315)]"
2019-06-28 13:07:00,ASK_DEPTH,"[(99450, 282)]"
2019-06-28 13:07:00,IMBALANCE,"[315, 282]"
2019-06-28 13:07:00,HOLDINGS_UPDATED,"{'CASH': -1578645, 'JPM': 110}"
2019-06-28 13:08:00,BID_DEPTH,"[(99398, 208)]"
2019-06-28 13:08:00,ASK_DEPTH,"[(99492, 175)]"
2019-06-28 13:08:00,IMBALANCE,"[208, 175]"
2019-06-28 13:08:00,HOLDINGS_UPDATED,"{'CASH': -2076105, 'JPM': 115}"
2019-06-28 13:09:00,BID_DEPTH,"[(99389, 530)]"
2019-06-28 13:09:00,ASK_DEPTH,"[(99523, 497)]"
2019-06-28 13:09:00,IMBALANCE,"[530, 497]"
2019-06-28 13:09:00,HOLDINGS_UPDATED,"{'CASH': -2573720, 'JPM': 120}"
2019-06-28 13:10:00,BID_DEPTH,"[(99389, 315)]"
2019-06-28 13:10:00,ASK_DEPTH,"[(99909, 282)]"
2019-06-28 13:10:00,IMBALANCE,"[315, 282]"
2019-06-28 13:10:00,HOLDINGS_UPDATED,"{'CASH': -3073265, 'JPM': 125}"
2019-06-28 13:11:00,BID_DEPTH,"[(99365, 186)]"
2019-06-28 13:11:00,ASK_DEPTH,"[(99909, 153)]"
2019-06-28 13:11:00,IMBALANCE,"[186, 153]"
2019-06-28 13:11:00,HOLDINGS_UPDATED,"{'CASH': -3572810, 'JPM': 130}"
2019-06-28 13:12:00,BID_DEPTH,"[(99333, 497)]"
2019-06-28 13:12:00,ASK_DEPTH,"[(99365, 630)]"
2019-06-28 13:12:00,IMBALANCE,"[497, 630]"
2019-06-28 13:12:00,HOLDINGS_UPDATED,"{'CASH': -3076145, 'JPM': 125}"
2019-06-28 13:13:00,BID_DEPTH,"[(99263, 213)]"
2019-06-28 13:13:00,ASK_DEPTH,"[(99333, 246)]"
2019-06-28 13:13:00,IMBALANCE,"[213, 246]"
2019-06-28 13:13:00,HOLDINGS_UPDATED,"{'CASH': -2579830, 'JPM': 120}"
2019-06-28 13:14:00,BID_DEPTH,"[(99260, 213)]"
2019-06-28 13:14:00,ASK_DEPTH,"[(99263, 246)]"
2019-06-28 13:14:00,IMBALANCE,"[213, 246]"
2019-06-28 13:14:00,HOLDINGS_UPDATED,"{'CASH': -2083530, 'JPM': 115}"
2019-06-28 13:15:00,BID_DEPTH,"[(99028, 213)]"
2019-06-28 13:15:00,ASK_DEPTH,"[(99263, 246)]"
2019-06-28 13:15:00,IMBALANCE,"[213, 246]"
2019-06-28 13:15:00,HOLDINGS_UPDATED,"{'CASH': -1588390, 'JPM': 110}"
2019-06-28 13:16:00,BID_DEPTH,"[(99022, 153)]"
2019-06-28 13:16:00,ASK_DEPTH,"[(99028, 186)]"
2019-06-28 13:16:00,IMBALANCE,"[153, 186]"
2019-06-28 13:16:00,HOLDINGS_UPDATED,"{'CASH': -1093280, 'JPM': 105}"
2019-06-28 13:17:00,BID_DEPTH,"[(98904, 153)]"
2019-06-28 13:17:00,ASK_DEPTH,"[(99022, 118)]"
2019-06-28 13:17:00,IMBALANCE,"[153, 118]"
2019-06-28 13:17:00,HOLDINGS_UPDATED,"{'CASH': -598760, 'JPM': 100}"
2019-06-28 13:18:00,BID_DEPTH,"[(99022, 213)]"
2019-06-28 13:18:00,ASK_DEPTH,"[(99263, 246)]"
2019-06-28 13:18:00,IMBALANCE,"[213, 246]"
2019-06-28 13:18:00,HOLDINGS_UPDATED,"{'CASH': -103650, 'JPM': 95}"
2019-06-28 13:19:00,BID_DEPTH,"[(98904, 186)]"
2019-06-28 13:19:00,ASK_DEPTH,"[(99625, 315)]"
2019-06-28 13:19:00,IMBALANCE,"[186, 315]"
2019-06-28 13:19:00,HOLDINGS_UPDATED,"{'CASH': 390870, 'JPM': 90}"
2019-06-28 13:20:00,BID_DEPTH,"[(98801, 213)]"
2019-06-28 13:20:00,ASK_DEPTH,"[(99414, 246)]"
2019-06-28 13:20:00,IMBALANCE,"[213, 246]"
2019-06-28 13:20:00,HOLDINGS_UPDATED,"{'CASH': 884875, 'JPM': 85}"
2019-06-28 13:21:00,BID_DEPTH,"[(98526, 153)]"
2019-06-28 13:21:00,ASK_DEPTH,"[(99625, 186)]"
2019-06-28 13:21:00,IMBALANCE,"[153, 186]"
2019-06-28 13:21:00,HOLDINGS_UPDATED,"{'CASH': 1377505, 'JPM': 80}"
2019-06-28 13:22:00,BID_DEPTH,"[(98905, 282)]"
2019-06-28 13:22:00,ASK_DEPTH,"[(99625, 315)]"
2019-06-28 13:22:00,IMBALANCE,"[282, 315]"
2019-06-28 13:22:00,HOLDINGS_UPDATED,"{'CASH': 1872030, 'JPM': 75}"
2019-06-28 13:23:00,BID_DEPTH,"[(98905, 497)]"
2019-06-28 13:23:00,ASK_DEPTH,"[(99603, 530)]"
2019-06-28 13:23:00,IMBALANCE,"[497, 530]"
2019-06-28 13:23:00,HOLDINGS_UPDATED,"{'CASH': 2366555, 'JPM': 70}"
2019-06-28 13:24:00,BID_DEPTH,"[(98905, 497)]"
2019-06-28 13:24:00,ASK_DEPTH,"[(99603, 530)]"
2019-06-28 13:24:00,IMBALANCE,"[497, 530]"
2019-06-28 13:24:00,HOLDINGS_UPDATED,"{'CASH': 2861080, 'JPM': 65}"
2019-06-28 13:25:00,BID_DEPTH,"[(98733, 153)]"
2019-06-28 13:25:00,ASK_DEPTH,"[(98905, 186)]"
2019-06-28 13:25:00,IMBALANCE,"[153, 186]"
2019-06-28 13:25:00,HOLDINGS_UPDATED,"{'CASH': 3354745, 'JPM': 60}"
2019-06-28 13:26:00,BID_DEPTH,"[(98733, 217)]"
2019-06-28 13:26:00,ASK_DEPTH,"[(99100, 246)]"
2019-06-28 13:26:00,IMBALANCE,"[217, 246]"
2019-06-28 13:26:00,HOLDINGS_UPDATED,"{'CASH': 3848410, 'JPM': 55}"
2019-06-28 13:27:00,BID_DEPTH,"[(98636, 153)]"
2019-06-28 13:27:00,ASK_DEPTH,"[(99603, 186)]"
2019-06-28 13:27:00,IMBALANCE,"[153, 186]"
2019-06-28 13:27:00,HOLDINGS_UPDATED,"{'CASH': 4341590, 'JPM': 50}"
2019-06-28 13:28:00,BID_DEPTH,"[(98526, 282)]"
2019-06-28 13:28:00,ASK_DEPTH,"[(99625, 315)]"
2019-06-28 13:28:00,IMBALANCE,"[282, 315]"
2019-06-28 13:28:00,HOLDINGS_UPDATED,"{'CASH': 4834220, 'JPM': 45}"
2019-06-28 13:29:00,BID_DEPTH,"[(98527, 213)]"
2019-06-28 13:29:00,ASK_DEPTH,"[(99652, 246)]"
2019-06-28 13:29:00,IMBALANCE,"[213, 246]"
2019-06-28 13:29:00,HOLDINGS_UPDATED,"{'CASH': 5326855, 'JPM': 40}"
2019-06-28 13:30:00,BID_DEPTH,"[(98526, 497)]"
2019-06-28 13:30:00,ASK_DEPTH,"[(99719, 530)]"
2019-06-28 13:30:00,IMBALANCE,"[497, 530]"
2019-06-28 13:30:00,HOLDINGS_UPDATED,"{'CASH': 5819485, 'JPM': 35}"
2019-06-28 13:31:00,BID_DEPTH,"[(98485, 117)]"
2019-06-28 13:31:00,ASK_DEPTH,"[(99719, 246)]"
2019-06-28 13:31:00,IMBALANCE,"[117, 246]"
2019-06-28 13:31:00,HOLDINGS_UPDATED,"{'CASH': 6311910, 'JPM': 30}"
2019-06-28 13:32:00,BID_DEPTH,"[(98485, 353)]"
2019-06-28 13:32:00,ASK_DEPTH,"[(99855, 186)]"
2019-06-28 13:32:00,IMBALANCE,"[353, 186]"
2019-06-28 13:32:00,HOLDINGS_UPDATED,"{'CASH': 6804335, 'JPM': 25}"
2019-06-28 13:33:00,BID_DEPTH,"[(98485, 231)]"
2019-06-28 13:33:00,ASK_DEPTH,"[(99845, 186)]"
2019-06-28 13:33:00,IMBALANCE,"[231, 186]"
2019-06-28 13:33:00,HOLDINGS_UPDATED,"{'CASH': 7296760, 'JPM': 20}"
2019-06-28 13:34:00,BID_DEPTH,"[(99159, 497)]"
2019-06-28 13:34:00,ASK_DEPTH,"[(99175, 530)]"
2019-06-28 13:34:00,IMBALANCE,"[497, 530]"
2019-06-28 13:34:00,HOLDINGS_UPDATED,"{'CASH': 7792555, 'JPM': 15}"
2019-06-28 13:35:00,BID_DEPTH,"[(99031, 175)]"
2019-06-28 13:35:00,ASK_DEPTH,"[(99159, 208)]"
2019-06-28 13:35:00,IMBALANCE,"[175, 208]"
2019-06-28 13:35:00,HOLDINGS_UPDATED,"{'CASH': 8287710, 'JPM': 10}"
2019-06-28 13:36:00,BID_DEPTH,"[(98944, 497)]"
2019-06-28 13:36:00,ASK_DEPTH,"[(99192, 530)]"
2019-06-28 13:36:00,IMBALANCE,"[497, 530]"
2019-06-28 13:36:00,HOLDINGS_UPDATED,"{'CASH': 8782430, 'JPM': 5}"
2019-06-28 13:37:00,BID_DEPTH,"[(98485, 309)]"
2019-06-28 13:37:00,ASK_DEPTH,"[(99247, 186)]"
2019-06-28 13:37:00,IMBALANCE,"[309, 186]"
2019-06-28 13:37:00,HOLDINGS_UPDATED,{'CASH': 9274855}
2019-06-28 13:38:00,BID_DEPTH,"[(98485, 287)]"
2019-06-28 13:38:00,ASK_DEPTH,"[(99435, 186)]"
2019-06-28 13:38:00,IMBALANCE,"[287, 186]"
2019-06-28 13:38:00,HOLDINGS_UPDATED,"{'CASH': 9373340, 'JPM': -1}"
2019-06-28 13:38:00,HOLDINGS_UPDATED,"{'CASH': 9767280, 'JPM': -5}"
2019-06-28 13:39:00,BID_DEPTH,"[(99575, 213)]"
2019-06-28 13:39:00,ASK_DEPTH,"[(99577, 246)]"
2019-06-28 13:39:00,IMBALANCE,"[213, 246]"
2019-06-28 13:39:00,HOLDINGS_UPDATED,"{'CASH': 10265155, 'JPM': -10}"
2019-06-28 13:40:00,BID_DEPTH,"[(99575, 497)]"
2019-06-28 13:40:00,ASK_DEPTH,"[(99668, 530)]"
2019-06-28 13:40:00,IMBALANCE,"[497, 530]"
2019-06-28 13:40:00,HOLDINGS_UPDATED,"{'CASH': 10763030, 'JPM': -15}"
2019-06-28 13:41:00,BID_DEPTH,"[(99654, 497)]"
2019-06-28 13:41:00,ASK_DEPTH,"[(99668, 530)]"
2019-06-28 13:41:00,IMBALANCE,"[497, 530]"
2019-06-28 13:41:00,HOLDINGS_UPDATED,"{'CASH': 11261300, 'JPM': -20}"
2019-06-28 13:42:00,BID_DEPTH,"[(99510, 497)]"
2019-06-28 13:42:00,ASK_DEPTH,"[(99696, 530)]"
2019-06-28 13:42:00,IMBALANCE,"[497, 530]"
2019-06-28 13:42:00,HOLDINGS_UPDATED,"{'CASH': 11758850, 'JPM': -25}"
2019-06-28 13:43:00,BID_DEPTH,"[(99480, 497)]"
2019-06-28 13:43:00,ASK_DEPTH,"[(99747, 530)]"
2019-06-28 13:43:00,IMBALANCE,"[497, 530]"
2019-06-28 13:43:00,HOLDINGS_UPDATED,"{'CASH': 12256250, 'JPM': -30}"
2019-06-28 13:44:00,BID_DEPTH,"[(98485, 213)]"
2019-06-28 13:44:00,ASK_DEPTH,"[(99493, 246)]"
2019-06-28 13:44:00,IMBALANCE,"[213, 246]"
2019-06-28 13:44:00,HOLDINGS_UPDATED,"{'CASH': 12748675, 'JPM': -35}"
2019-06-28 13:45:00,BID_DEPTH,"[(99673, 282)]"
2019-06-28 13:45:00,ASK_DEPTH,"[(99809, 315)]"
2019-06-28 13:45:00,IMBALANCE,"[282, 315]"
2019-06-28 13:45:00,HOLDINGS_UPDATED,"{'CASH': 13247040, 'JPM': -40}"
2019-06-28 13:46:00,BID_DEPTH,"[(99764, 213)]"
2019-06-28 13:46:00,ASK_DEPTH,"[(99840, 246)]"
2019-06-28 13:46:00,IMBALANCE,"[213, 246]"
2019-06-28 13:46:00,HOLDINGS_UPDATED,"{'CASH': 13745860, 'JPM': -45}"
2019-06-28 13:47:00,BID_DEPTH,"[(99764, 282)]"
2019-06-28 13:47:00,ASK_DEPTH,"[(99876, 315)]"
2019-06-28 13:47:00,IMBALANCE,"[282, 315]"
2019-06-28 13:47:00,HOLDINGS_UPDATED,"{'CASH': 14244680, 'JPM': -50}"
2019-06-28 13:48:00,BID_DEPTH,"[(99764, 175)]"
2019-06-28 13:48:00,ASK_DEPTH,"[(99921, 208)]"
2019-06-28 13:48:00,IMBALANCE,"[175, 208]"
2019-06-28 13:48:00,HOLDINGS_UPDATED,"{'CASH': 14743500, 'JPM': -55}"
2019-06-28 13:49:00,BID_DEPTH,"[(99742, 153)]"
2019-06-28 13:49:00,ASK_DEPTH,"[(99764, 186)]"
2019-06-28 13:49:00,IMBALANCE,"[153, 186]"
2019-06-28 13:49:00,HOLDINGS_UPDATED,"{'CASH': 15242210, 'JPM': -60}"
2019-06-28 13:50:00,BID_DEPTH,"[(99742, 213)]"
2019-06-28 13:50:00,ASK_DEPTH,"[(99921, 246)]"
2019-06-28 13:50:00,IMBALANCE,"[213, 246]"
2019-06-28 13:50:00,HOLDINGS_UPDATED,"{'CASH': 15740920, 'JPM': -65}"
2019-06-28 13:51:00,BID_DEPTH,"[(99816, 315)]"
2019-06-28 13:51:00,ASK_DEPTH,"[(99983, 282)]"
2019-06-28 13:51:00,IMBALANCE,"[315, 282]"
2019-06-28 13:51:00,HOLDINGS_UPDATED,"{'CASH': 15241005, 'JPM': -60}"
2019-06-28 13:52:00,BID_DEPTH,"[(99816, 315)]"
2019-06-28 13:52:00,ASK_DEPTH,"[(99920, 282)]"
2019-06-28 13:52:00,IMBALANCE,"[315, 282]"
2019-06-28 13:52:00,HOLDINGS_UPDATED,"{'CASH': 14741405, 'JPM': -55}"
2019-06-28 13:53:00,BID_DEPTH,"[(99835, 186)]"
2019-06-28 13:53:00,ASK_DEPTH,"[(100052, 153)]"
2019-06-28 13:53:00,IMBALANCE,"[186, 153]"
2019-06-28 13:53:00,HOLDINGS_UPDATED,"{'CASH': 14241145, 'JPM': -50}"
2019-06-28 13:54:00,BID_DEPTH,"[(99835, 208)]"
2019-06-28 13:54:00,ASK_DEPTH,"[(100058, 175)]"
2019-06-28 13:54:00,IMBALANCE,"[208, 175]"
2019-06-28 13:54:00,HOLDINGS_UPDATED,"{'CASH': 13740855, 'JPM': -45}"
2019-06-28 13:55:00,BID_DEPTH,"[(99816, 186)]"
2019-06-28 13:55:00,ASK_DEPTH,"[(100058, 157)]"
2019-06-28 13:55:00,IMBALANCE,"[186, 157]"
2019-06-28 13:55:00,HOLDINGS_UPDATED,"{'CASH': 13240565, 'JPM': -40}"
2019-06-28 13:56:00,BID_DEPTH,"[(99816, 530)]"
2019-06-28 13:56:00,ASK_DEPTH,"[(100058, 501)]"
2019-06-28 13:56:00,IMBALANCE,"[530, 501]"
2019-06-28 13:56:00,HOLDINGS_UPDATED,"{'CASH': 12740275, 'JPM': -35}"
2019-06-28 13:57:00,BID_DEPTH,"[(99816, 186)]"
2019-06-28 13:57:00,ASK_DEPTH,"[(100057, 153)]"
2019-06-28 13:57:00,IMBALANCE,"[186, 153]"
2019-06-28 13:57:00,HOLDINGS_UPDATED,"{'CASH': 12239990, 'JPM': -30}"
2019-06-28 13:58:00,BID_DEPTH,"[(99816, 208)]"
2019-06-28 13:58:00,ASK_DEPTH,"[(100057, 79)]"
2019-06-28 13:58:00,IMBALANCE,"[208, 79]"
2019-06-28 13:58:00,HOLDINGS_UPDATED,"{'CASH': 11739705, 'JPM': -25}"
2019-06-28 13:59:00,BID_DEPTH,"[(100057, 150)]"
2019-06-28 13:59:00,ASK_DEPTH,"[(100058, 217)]"
2019-06-28 13:59:00,IMBALANCE,"[150, 217]"
2019-06-28 13:59:00,HOLDINGS_UPDATED,"{'CASH': 11239415, 'JPM': -20}"
2019-06-28 14:00:00,BID_DEPTH,"[(100057, 434)]"
2019-06-28 14:00:00,ASK_DEPTH,"[(100058, 401)]"
2019-06-28 14:00:00,IMBALANCE,"[434, 401]"
2019-06-28 14:00:00,HOLDINGS_UPDATED,"{'CASH': 10739125, 'JPM': -15}"
2019-06-28 14:01:00,BID_DEPTH,"[(100057, 530)]"
2019-06-28 14:01:00,ASK_DEPTH,"[(100058, 401)]"
2019-06-28 14:01:00,IMBALANCE,"[530, 401]"
2019-06-28 14:01:00,HOLDINGS_UPDATED,"{'CASH': 10238835, 'JPM': -10}"
2019-06-28 14:02:00,BID_DEPTH,"[(99816, 186)]"
2019-06-28 14:02:00,ASK_DEPTH,"[(100058, 57)]"
2019-06-28 14:02:00,IMBALANCE,"[186, 57]"
2019-06-28 14:02:00,HOLDINGS_UPDATED,"{'CASH': 9738545, 'JPM': -5}"
2019-06-28 14:03:00,BID_DEPTH,"[(99682, 315)]"
2019-06-28 14:03:00,ASK_DEPTH,"[(100058, 282)]"
2019-06-28 14:03:00,IMBALANCE,"[315, 282]"
2019-06-28 14:03:00,HOLDINGS_UPDATED,{'CASH': 9238255}
2019-06-28 14:04:00,BID_DEPTH,"[(99932, 208)]"
2019-06-28 14:04:00,ASK_DEPTH,"[(100081, 148)]"
2019-06-28 14:04:00,IMBALANCE,"[208, 148]"
2019-06-28 14:04:00,HOLDINGS_UPDATED,"{'CASH': 8737850, 'JPM': 5}"
2019-06-28 14:05:00,BID_DEPTH,"[(99932, 315)]"
2019-06-28 14:05:00,ASK_DEPTH,"[(100117, 282)]"
2019-06-28 14:05:00,IMBALANCE,"[315, 282]"
2019-06-28 14:05:00,HOLDINGS_UPDATED,"{'CASH': 8237265, 'JPM': 10}"
2019-06-28 14:06:00,BID_DEPTH,"[(99933, 315)]"
2019-06-28 14:06:00,ASK_DEPTH,"[(100205, 282)]"
2019-06-28 14:06:00,IMBALANCE,"[315, 282]"
2019-06-28 14:06:00,HOLDINGS_UPDATED,"{'CASH': 7736240, 'JPM': 15}"
2019-06-28 14:07:00,BID_DEPTH,"[(100094, 530)]"
2019-06-28 14:07:00,ASK_DEPTH,"[(100205, 497)]"
2019-06-28 14:07:00,IMBALANCE,"[530, 497]"
2019-06-28 14:07:00,HOLDINGS_UPDATED,"{'CASH': 7235215, 'JPM': 20}"
2019-06-28 14:08:00,BID_DEPTH,"[(100094, 246)]"
2019-06-28 14:08:00,ASK_DEPTH,"[(100116, 213)]"
2019-06-28 14:08:00,IMBALANCE,"[246, 213]"
2019-06-28 14:08:00,HOLDINGS_UPDATED,"{'CASH': 6734635, 'JPM': 25}"
2019-06-28 14:09:00,BID_DEPTH,"[(100094, 315)]"
2019-06-28 14:09:00,ASK_DEPTH,"[(100118, 282)]"
2019-06-28 14:09:00,IMBALANCE,"[315, 282]"
2019-06-28 14:09:00,HOLDINGS_UPDATED,"{'CASH': 6234045, 'JPM': 30}"
2019-06-28 14:10:00,BID_DEPTH,"[(100060, 208)]"
2019-06-28 14:10:00,ASK_DEPTH,"[(100061, 175)]"
2019-06-28 14:10:00,IMBALANCE,"[208, 175]"
2019-06-28 14:10:00,HOLDINGS_UPDATED,"{'CASH': 5733740, 'JPM': 35}"
2019-06-28 14:11:00,BID_DEPTH,"[(99874, 208)]"
2019-06-28 14:11:00,ASK_DEPTH,"[(100118, 175)]"
2019-06-28 14:11:00,IMBALANCE,"[208, 175]"
2019-06-28 14:11:00,HOLDINGS_UPDATED,"{'CASH': 5233150, 'JPM': 40}"
2019-06-28 14:12:00,BID_DEPTH,"[(99723, 186)]"
2019-06-28 14:12:00,ASK_DEPTH,"[(99874, 153)]"
2019-06-28 14:12:00,IMBALANCE,"[186, 153]"
2019-06-28 14:12:00,HOLDINGS_UPDATED,"{'CASH': 4733780, 'JPM': 45}"
2019-06-28 14:13:00,BID_DEPTH,"[(99723, 246)]"
2019-06-28 14:13:00,ASK_DEPTH,"[(99874, 213)]"
2019-06-28 14:13:00,IMBALANCE,"[246, 213]"
2019-06-28 14:13:00,HOLDINGS_UPDATED,"{'CASH': 4234410, 'JPM': 50}"
2019-06-28 14:14:00,BID_DEPTH,"[(99701, 208)]"
2019-06-28 14:14:00,ASK_DEPTH,"[(100277, 175)]"
2019-06-28 14:14:00,IMBALANCE,"[208, 175]"
2019-06-28 14:14:00,HOLDINGS_UPDATED,"{'CASH': 3733025, 'JPM': 55}"
2019-06-28 14:15:00,BID_DEPTH,"[(99551, 246)]"
2019-06-28 14:15:00,ASK_DEPTH,"[(100356, 213)]"
2019-06-28 14:15:00,IMBALANCE,"[246, 213]"
2019-06-28 14:15:00,HOLDINGS_UPDATED,"{'CASH': 3231245, 'JPM': 60}"
2019-06-28 14:16:00,BID_DEPTH,"[(99518, 208)]"
2019-06-28 14:16:00,ASK_DEPTH,"[(100361, 175)]"
2019-06-28 14:16:00,IMBALANCE,"[208, 175]"
2019-06-28 14:16:00,HOLDINGS_UPDATED,"{'CASH': 2729440, 'JPM': 65}"
2019-06-28 14:17:00,BID_DEPTH,"[(99496, 208)]"
2019-06-28 14:17:00,ASK_DEPTH,"[(100361, 275)]"
2019-06-28 14:17:00,IMBALANCE,"[208, 275]"
2019-06-28 14:17:00,HOLDINGS_UPDATED,"{'CASH': 2227635, 'JPM': 70}"
2019-06-28 14:18:00,BID_DEPTH,"[(99356, 530)]"
2019-06-28 14:18:00,ASK_DEPTH,"[(100360, 497)]"
2019-06-28 14:18:00,IMBALANCE,"[530, 497]"
2019-06-28 14:18:00,HOLDINGS_UPDATED,"{'CASH': 1725835, 'JPM': 75}"
2019-06-28 14:19:00,BID_DEPTH,"[(99331, 315)]"
2019-06-28 14:19:00,ASK_DEPTH,"[(100360, 282)]"
2019-06-28 14:19:00,IMBALANCE,"[315, 282]"
2019-06-28 14:19:00,HOLDINGS_UPDATED,"{'CASH': 1224035, 'JPM': 80}"
2019-06-28 14:20:00,BID_DEPTH,"[(99331, 530)]"
2019-06-28 14:20:00,ASK_DEPTH,"[(100360, 497)]"
2019-06-28 14:20:00,IMBALANCE,"[530, 497]"
2019-06-28 14:20:00,HOLDINGS_UPDATED,"{'CASH': 722235, 'JPM': 85}"
2019-06-28 14:21:00,BID_DEPTH,"[(99331, 530)]"
2019-06-28 14:21:00,ASK_DEPTH,"[(99497, 497)]"
2019-06-28 14:21:00,IMBALANCE,"[530, 497]"
2019-06-28 14:21:00,HOLDINGS_UPDATED,"{'CASH': 224750, 'JPM': 90}"
2019-06-28 14:22:00,BID_DEPTH,"[(99331, 246)]"
2019-06-28 14:22:00,ASK_DEPTH,"[(99791, 213)]"
2019-06-28 14:22:00,IMBALANCE,"[246, 213]"
2019-06-28 14:22:00,HOLDINGS_UPDATED,"{'CASH': -274205, 'JPM': 95}"
2019-06-28 14:23:00,BID_DEPTH,"[(99443, 186)]"
2019-06-28 14:23:00,ASK_DEPTH,"[(99468, 153)]"
2019-06-28 14:23:00,IMBALANCE,"[186, 153]"
2019-06-28 14:23:00,HOLDINGS_UPDATED,"{'CASH': -771545, 'JPM': 100}"
2019-06-28 14:24:00,BID_DEPTH,"[(99468, 282)]"
2019-06-28 14:24:00,ASK_DEPTH,"[(99489, 213)]"
2019-06-28 14:24:00,IMBALANCE,"[282, 213]"
2019-06-28 14:24:00,HOLDINGS_UPDATED,"{'CASH': -1268990, 'JPM': 105}"
2019-06-28 14:25:00,BID_DEPTH,"[(99739, 530)]"
2019-06-28 14:25:00,ASK_DEPTH,"[(99771, 497)]"
2019-06-28 14:25:00,IMBALANCE,"[530, 497]"
2019-06-28 14:25:00,HOLDINGS_UPDATED,"{'CASH': -1767845, 'JPM': 110}"
2019-06-28 14:26:00,BID_DEPTH,"[(99601, 186)]"
2019-06-28 14:26:00,ASK_DEPTH,"[(99771, 153)]"
2019-06-28 14:26:00,IMBALANCE,"[186, 153]"
2019-06-28 14:26:00,HOLDINGS_UPDATED,"{'CASH': -2266700, 'JPM': 115}"
2019-06-28 14:27:00,BID_DEPTH,"[(99468, 382)]"
2019-06-28 14:27:00,ASK_DEPTH,"[(99542, 315)]"
2019-06-28 14:27:00,IMBALANCE,"[382, 315]"
2019-06-28 14:27:00,HOLDINGS_UPDATED,"{'CASH': -1769360, 'JPM': 110}"
2019-06-28 14:28:00,BID_DEPTH,"[(99468, 260)]"
2019-06-28 14:28:00,ASK_DEPTH,"[(99770, 315)]"
2019-06-28 14:28:00,IMBALANCE,"[260, 315]"
2019-06-28 14:28:00,HOLDINGS_UPDATED,"{'CASH': -1272020, 'JPM': 105}"
2019-06-28 14:29:00,BID_DEPTH,"[(99443, 213)]"
2019-06-28 14:29:00,ASK_DEPTH,"[(99468, 346)]"
2019-06-28 14:29:00,IMBALANCE,"[213, 346]"
2019-06-28 14:29:00,HOLDINGS_UPDATED,"{'CASH': -774805, 'JPM': 100}"
2019-06-28 14:30:00,BID_DEPTH,"[(98857, 282)]"
2019-06-28 14:30:00,ASK_DEPTH,"[(99331, 315)]"
2019-06-28 14:30:00,IMBALANCE,"[282, 315]"
2019-06-28 14:30:00,HOLDINGS_UPDATED,"{'CASH': -280520, 'JPM': 95}"
2019-06-28 14:31:00,BID_DEPTH,"[(98826, 153)]"
2019-06-28 14:31:00,ASK_DEPTH,"[(98857, 89)]"
2019-06-28 14:31:00,IMBALANCE,"[153, 89]"
2019-06-28 14:31:00,HOLDINGS_UPDATED,"{'CASH': 213610, 'JPM': 90}"
2019-06-28 14:32:00,BID_DEPTH,"[(98826, 79)]"
2019-06-28 14:32:00,ASK_DEPTH,"[(98857, 111)]"
2019-06-28 14:32:00,IMBALANCE,"[79, 111]"
2019-06-28 14:32:00,HOLDINGS_UPDATED,"{'CASH': 707740, 'JPM': 85}"
2019-06-28 14:33:00,BID_DEPTH,"[(98501, 275)]"
2019-06-28 14:33:00,ASK_DEPTH,"[(98857, 111)]"
2019-06-28 14:33:00,IMBALANCE,"[275, 111]"
2019-06-28 14:33:00,HOLDINGS_UPDATED,"{'CASH': 1200245, 'JPM': 80}"
2019-06-28 14:34:00,BID_DEPTH,"[(98502, 253)]"
2019-06-28 14:34:00,ASK_DEPTH,"[(99281, 186)]"
2019-06-28 14:34:00,IMBALANCE,"[253, 186]"
2019-06-28 14:34:00,HOLDINGS_UPDATED,"{'CASH': 1692755, 'JPM': 75}"
2019-06-28 14:35:00,BID_DEPTH,"[(98502, 157)]"
2019-06-28 14:35:00,ASK_DEPTH,"[(99548, 208)]"
2019-06-28 14:35:00,IMBALANCE,"[157, 208]"
2019-06-28 14:35:00,HOLDINGS_UPDATED,"{'CASH': 2185265, 'JPM': 70}"
2019-06-28 14:36:00,BID_DEPTH,"[(98502, 117)]"
2019-06-28 14:36:00,ASK_DEPTH,"[(99617, 246)]"
2019-06-28 14:36:00,IMBALANCE,"[117, 246]"
2019-06-28 14:36:00,HOLDINGS_UPDATED,"{'CASH': 2677775, 'JPM': 65}"
2019-06-28 14:37:00,BID_DEPTH,"[(98502, 501)]"
2019-06-28 14:37:00,ASK_DEPTH,"[(99770, 530)]"
2019-06-28 14:37:00,IMBALANCE,"[501, 530]"
2019-06-28 14:37:00,HOLDINGS_UPDATED,"{'CASH': 3170285, 'JPM': 60}"
2019-06-28 14:38:00,BID_DEPTH,"[(98501, 117)]"
2019-06-28 14:38:00,ASK_DEPTH,"[(99791, 246)]"
2019-06-28 14:38:00,IMBALANCE,"[117, 246]"
2019-06-28 14:38:00,HOLDINGS_UPDATED,"{'CASH': 3662790, 'JPM': 55}"
2019-06-28 14:39:00,BID_DEPTH,"[(98500, 273)]"
2019-06-28 14:39:00,ASK_DEPTH,"[(99803, 208)]"
2019-06-28 14:39:00,IMBALANCE,"[273, 208]"
2019-06-28 14:39:00,HOLDINGS_UPDATED,"{'CASH': 4155290, 'JPM': 50}"
2019-06-28 14:40:00,BID_DEPTH,"[(98500, 189)]"
2019-06-28 14:40:00,ASK_DEPTH,"[(99838, 246)]"
2019-06-28 14:40:00,IMBALANCE,"[189, 246]"
2019-06-28 14:40:00,HOLDINGS_UPDATED,"{'CASH': 4647790, 'JPM': 45}"
2019-06-28 14:41:00,BID_DEPTH,"[(98500, 153)]"
2019-06-28 14:41:00,ASK_DEPTH,"[(99838, 186)]"
2019-06-28 14:41:00,IMBALANCE,"[153, 186]"
2019-06-28 14:41:00,HOLDINGS_UPDATED,"{'CASH': 5140290, 'JPM': 40}"
2019-06-28 14:42:00,BID_DEPTH,"[(99775, 497)]"
2019-06-28 14:42:00,ASK_DEPTH,"[(99960, 530)]"
2019-06-28 14:42:00,IMBALANCE,"[497, 530]"
2019-06-28 14:42:00,HOLDINGS_UPDATED,"{'CASH': 5639165, 'JPM': 35}"
2019-06-28 14:43:00,BID_DEPTH,"[(98500, 153)]"
2019-06-28 14:43:00,ASK_DEPTH,"[(100203, 186)]"
2019-06-28 14:43:00,IMBALANCE,"[153, 186]"
2019-06-28 14:43:00,HOLDINGS_UPDATED,"{'CASH': 6131665, 'JPM': 30}"
2019-06-28 14:44:00,BID_DEPTH,"[(98115, 153)]"
2019-06-28 14:44:00,ASK_DEPTH,"[(100203, 186)]"
2019-06-28 14:44:00,IMBALANCE,"[153, 186]"
2019-06-28 14:44:00,HOLDINGS_UPDATED,"{'CASH': 6622240, 'JPM': 25}"
2019-06-28 14:45:00,BID_DEPTH,[]
2019-06-28 14:45:00,ASK_DEPTH,"[(99882, 100)]"
2019-06-28 14:45:00,IMBALANCE,"[0, 100]"
2019-06-28 14:46:00,BID_DEPTH,[]
2019-06-28 14:46:00,ASK_DEPTH,"[(99882, 100)]"
2019-06-28 14:46:00,IMBALANCE,"[0, 100]"
2019-06-28 14:47:00,BID_DEPTH,"[(100186, 153)]"
2019-06-28 14:47:00,ASK_DEPTH,"[(100252, 186)]"
2019-06-28 14:47:00,IMBALANCE,"[153, 186]"
2019-06-28 14:47:00,HOLDINGS_UPDATED,"{'CASH': 7123170, 'JPM': 20}"
2019-06-28 14:48:00,BID_DEPTH,"[(100118, 282)]"
2019-06-28 14:48:00,ASK_DEPTH,"[(100294, 315)]"
2019-06-28 14:48:00,IMBALANCE,"[282, 315]"
2019-06-28 14:48:00,HOLDINGS_UPDATED,"{'CASH': 7623760, 'JPM': 15}"
2019-06-28 14:49:00,BID_DEPTH,"[(100118, 497)]"
2019-06-28 14:49:00,ASK_DEPTH,"[(100294, 530)]"
2019-06-28 14:49:00,IMBALANCE,"[497, 530]"
2019-06-28 14:49:00,HOLDINGS_UPDATED,"{'CASH': 8124350, 'JPM': 10}"
2019-06-28 14:50:00,BID_DEPTH,"[(100058, 213)]"
2019-06-28 14:50:00,ASK_DEPTH,"[(100293, 246)]"
2019-06-28 14:50:00,IMBALANCE,"[213, 246]"
2019-06-28 14:50:00,HOLDINGS_UPDATED,"{'CASH': 8624640, 'JPM': 5}"
2019-06-28 14:51:00,BID_DEPTH,"[(100293, 175)]"
2019-06-28 14:51:00,ASK_DEPTH,"[(100410, 208)]"
2019-06-28 14:51:00,IMBALANCE,"[175, 208]"
2019-06-28 14:51:00,HOLDINGS_UPDATED,{'CASH': 9126105}
2019-06-28 14:52:00,BID_DEPTH,"[(100422, 497)]"
2019-06-28 14:52:00,ASK_DEPTH,"[(100493, 530)]"
2019-06-28 14:52:00,IMBALANCE,"[497, 530]"
2019-06-28 14:52:00,HOLDINGS_UPDATED,"{'CASH': 9628215, 'JPM': -5}"
2019-06-28 14:53:00,BID_DEPTH,[]
2019-06-28 14:53:00,ASK_DEPTH,"[(100733, 100)]"
2019-06-28 14:53:00,IMBALANCE,"[0, 100]"
2019-06-28 14:54:00,BID_DEPTH,"[(100695, 313)]"
2019-06-28 14:54:00,ASK_DEPTH,"[(100838, 246)]"
2019-06-28 14:54:00,IMBALANCE,"[313, 246]"
2019-06-28 14:54:00,HOLDINGS_UPDATED,"{'CASH': 10131690, 'JPM': -10}"
2019-06-28 14:55:00,BID_DEPTH,"[(100695, 127)]"
2019-06-28 14:55:00,ASK_DEPTH,"[(100838, 186)]"
2019-06-28 14:55:00,IMBALANCE,"[127, 186]"
2019-06-28 14:55:00,HOLDINGS_UPDATED,"{'CASH': 10635165, 'JPM': -15}"
2019-06-28 14:56:00,BID_DEPTH,"[(100700, 530)]"
2019-06-28 14:56:00,ASK_DEPTH,"[(100838, 497)]"
2019-06-28 14:56:00,IMBALANCE,"[530, 497]"
2019-06-28 14:56:00,HOLDINGS_UPDATED,"{'CASH': 10130975, 'JPM': -10}"
2019-06-28 14:57:00,BID_DEPTH,"[(100929, 315)]"
2019-06-28 14:57:00,ASK_DEPTH,"[(100965, 282)]"
2019-06-28 14:57:00,IMBALANCE,"[315, 282]"
2019-06-28 14:57:00,HOLDINGS_UPDATED,"{'CASH': 9626150, 'JPM': -5}"
2019-06-28 14:58:00,BID_DEPTH,"[(100929, 186)]"
2019-06-28 14:58:00,ASK_DEPTH,"[(101047, 153)]"
2019-06-28 14:58:00,IMBALANCE,"[186, 153]"
2019-06-28 14:58:00,HOLDINGS_UPDATED,{'CASH': 9120915}
2019-06-28 14:59:00,BID_DEPTH,"[(100700, 186)]"
2019-06-28 14:59:00,ASK_DEPTH,"[(101046, 153)]"
2019-06-28 14:59:00,IMBALANCE,"[186, 153]"
2019-06-28 14:59:00,HOLDINGS_UPDATED,"{'CASH': 8615685, 'JPM': 5}"
2019-06-28 15:00:00,BID_DEPTH,"[(100700, 186)]"
2019-06-28 15:00:00,ASK_DEPTH,"[(101046, 57)]"
2019-06-28 15:00:00,IMBALANCE,"[186, 57]"
2019-06-28 15:00:00,HOLDINGS_UPDATED,"{'CASH': 8110455, 'JPM': 10}"
2019-06-28 15:01:00,BID_DEPTH,"[(100700, 530)]"
2019-06-28 15:01:00,ASK_DEPTH,"[(101047, 401)]"
2019-06-28 15:01:00,IMBALANCE,"[530, 401]"
2019-06-28 15:01:00,HOLDINGS_UPDATED,"{'CASH': 7605220, 'JPM': 15}"
2019-06-28 15:02:00,BID_DEPTH,"[(100700, 315)]"
2019-06-28 15:02:00,ASK_DEPTH,"[(101047, 486)]"
2019-06-28 15:02:00,IMBALANCE,"[315, 486]"
2019-06-28 15:02:00,HOLDINGS_UPDATED,"{'CASH': 7099985, 'JPM': 20}"
2019-06-28 15:03:00,BID_DEPTH,"[(100695, 315)]"
2019-06-28 15:03:00,ASK_DEPTH,"[(101047, 368)]"
2019-06-28 15:03:00,IMBALANCE,"[315, 368]"
2019-06-28 15:03:00,HOLDINGS_UPDATED,"{'CASH': 6594750, 'JPM': 25}"
2019-06-28 15:04:00,BID_DEPTH,"[(100535, 530)]"
2019-06-28 15:04:00,ASK_DEPTH,"[(101046, 497)]"
2019-06-28 15:04:00,IMBALANCE,"[530, 497]"
2019-06-28 15:04:00,HOLDINGS_UPDATED,"{'CASH': 6089520, 'JPM': 30}"
2019-06-28 15:05:00,BID_DEPTH,"[(100495, 186)]"
2019-06-28 15:05:00,ASK_DEPTH,"[(101047, 121)]"
2019-06-28 15:05:00,IMBALANCE,"[186, 121]"
2019-06-28 15:05:00,HOLDINGS_UPDATED,"{'CASH': 5584285, 'JPM': 35}"
2019-06-28 15:06:00,BID_DEPTH,"[(100753, 208)]"
2019-06-28 15:06:00,ASK_DEPTH,"[(100757, 175)]"
2019-06-28 15:06:00,IMBALANCE,"[208, 175]"
2019-06-28 15:06:00,HOLDINGS_UPDATED,"{'CASH': 5080500, 'JPM': 40}"
2019-06-28 15:07:00,BID_DEPTH,"[(100757, 315)]"
2019-06-28 15:07:00,ASK_DEPTH,"[(101096, 282)]"
2019-06-28 15:07:00,IMBALANCE,"[315, 282]"
2019-06-28 15:07:00,HOLDINGS_UPDATED,"{'CASH': 4575020, 'JPM': 45}"
2019-06-28 15:08:00,BID_DEPTH,"[(100757, 246)]"
2019-06-28 15:08:00,ASK_DEPTH,"[(101207, 213)]"
2019-06-28 15:08:00,IMBALANCE,"[246, 213]"
2019-06-28 15:08:00,HOLDINGS_UPDATED,"{'CASH': 4068985, 'JPM': 50}"
2019-06-28 15:09:00,BID_DEPTH,"[(100757, 530)]"
2019-06-28 15:09:00,ASK_DEPTH,"[(100872, 497)]"
2019-06-28 15:09:00,IMBALANCE,"[530, 497]"
2019-06-28 15:09:00,HOLDINGS_UPDATED,"{'CASH': 3564625, 'JPM': 55}"
2019-06-28 15:10:00,BID_DEPTH,"[(100753, 208)]"
2019-06-28 15:10:00,ASK_DEPTH,"[(101008, 175)]"
2019-06-28 15:10:00,IMBALANCE,"[208, 175]"
2019-06-28 15:10:00,HOLDINGS_UPDATED,"{'CASH': 3059585, 'JPM': 60}"
2019-06-28 15:11:00,BID_DEPTH,"[(100747, 246)]"
2019-06-28 15:11:00,ASK_DEPTH,"[(101008, 213)]"
2019-06-28 15:11:00,IMBALANCE,"[246, 213]"
2019-06-28 15:11:00,HOLDINGS_UPDATED,"{'CASH': 2554545, 'JPM': 65}"
2019-06-28 15:12:00,BID_DEPTH,"[(100657, 186)]"
2019-06-28 15:12:00,ASK_DEPTH,"[(101232, 153)]"
2019-06-28 15:12:00,IMBALANCE,"[186, 153]"
2019-06-28 15:12:00,HOLDINGS_UPDATED,"{'CASH': 2048385, 'JPM': 70}"
2019-06-28 15:13:00,BID_DEPTH,"[(100340, 315)]"
2019-06-28 15:13:00,ASK_DEPTH,"[(101288, 282)]"
2019-06-28 15:13:00,IMBALANCE,"[315, 282]"
2019-06-28 15:13:00,HOLDINGS_UPDATED,"{'CASH': 1541945, 'JPM': 75}"
2019-06-28 15:14:00,BID_DEPTH,"[(100223, 530)]"
2019-06-28 15:14:00,ASK_DEPTH,"[(100329, 411)]"
2019-06-28 15:14:00,IMBALANCE,"[530, 411]"
2019-06-28 15:14:00,HOLDINGS_UPDATED,"{'CASH': 1040300, 'JPM': 80}"
2019-06-28 15:15:00,BID_DEPTH,"[(100223, 186)]"
2019-06-28 15:15:00,ASK_DEPTH,"[(101287, 153)]"
2019-06-28 15:15:00,IMBALANCE,"[186, 153]"
2019-06-28 15:15:00,HOLDINGS_UPDATED,"{'CASH': 533865, 'JPM': 85}"
2019-06-28 15:16:00,BID_DEPTH,"[(100146, 246)]"
2019-06-28 15:16:00,ASK_DEPTH,"[(101287, 213)]"
2019-06-28 15:16:00,IMBALANCE,"[246, 213]"
2019-06-28 15:16:00,HOLDINGS_UPDATED,"{'CASH': 27430, 'JPM': 90}"
2019-06-28 15:17:00,BID_DEPTH,"[(100278, 186)]"
2019-06-28 15:17:00,ASK_DEPTH,"[(100479, 153)]"
2019-06-28 15:17:00,IMBALANCE,"[186, 153]"
2019-06-28 15:17:00,HOLDINGS_UPDATED,"{'CASH': -474965, 'JPM': 95}"
2019-06-28 15:18:00,BID_DEPTH,"[(100278, 208)]"
2019-06-28 15:18:00,ASK_DEPTH,"[(100428, 175)]"
2019-06-28 15:18:00,IMBALANCE,"[208, 175]"
2019-06-28 15:18:00,HOLDINGS_UPDATED,"{'CASH': -977105, 'JPM': 100}"
2019-06-28 15:19:00,BID_DEPTH,"[(100428, 444)]"
2019-06-28 15:19:00,ASK_DEPTH,"[(100478, 597)]"
2019-06-28 15:19:00,IMBALANCE,"[444, 597]"
2019-06-28 15:19:00,HOLDINGS_UPDATED,"{'CASH': -1479495, 'JPM': 105}"
2019-06-28 15:20:00,BID_DEPTH,"[(100428, 122)]"
2019-06-28 15:20:00,ASK_DEPTH,"[(100478, 253)]"
2019-06-28 15:20:00,IMBALANCE,"[122, 253]"
2019-06-28 15:20:00,HOLDINGS_UPDATED,"{'CASH': -1981885, 'JPM': 110}"
2019-06-28 15:21:00,BID_DEPTH,"[(100428, 122)]"
2019-06-28 15:21:00,ASK_DEPTH,"[(100478, 131)]"
2019-06-28 15:21:00,IMBALANCE,"[122, 131]"
2019-06-28 15:21:00,HOLDINGS_UPDATED,"{'CASH': -2484275, 'JPM': 115}"
2019-06-28 15:22:00,BID_DEPTH,"[(100322, 530)]"
2019-06-28 15:22:00,ASK_DEPTH,"[(100478, 497)]"
2019-06-28 15:22:00,IMBALANCE,"[530, 497]"
2019-06-28 15:22:00,HOLDINGS_UPDATED,"{'CASH': -2986665, 'JPM': 120}"
2019-06-28 15:23:00,BID_DEPTH,"[(100322, 315)]"
2019-06-28 15:23:00,ASK_DEPTH,"[(100358, 282)]"
2019-06-28 15:23:00,IMBALANCE,"[315, 282]"
2019-06-28 15:23:00,HOLDINGS_UPDATED,"{'CASH': -3488455, 'JPM': 125}"
2019-06-28 15:24:00,BID_DEPTH,"[(100322, 186)]"
2019-06-28 15:24:00,ASK_DEPTH,"[(100478, 153)]"
2019-06-28 15:24:00,IMBALANCE,"[186, 153]"
2019-06-28 15:24:00,HOLDINGS_UPDATED,"{'CASH': -3990845, 'JPM': 130}"
2019-06-28 15:25:00,BID_DEPTH,"[(100322, 530)]"
2019-06-28 15:25:00,ASK_DEPTH,"[(100548, 497)]"
2019-06-28 15:25:00,IMBALANCE,"[530, 497]"
2019-06-28 15:25:00,HOLDINGS_UPDATED,"{'CASH': -4493585, 'JPM': 135}"
2019-06-28 15:26:00,BID_DEPTH,"[(100548, 186)]"
2019-06-28 15:26:00,ASK_DEPTH,"[(100699, 153)]"
2019-06-28 15:26:00,IMBALANCE,"[186, 153]"
2019-06-28 15:26:00,HOLDINGS_UPDATED,"{'CASH': -4997080, 'JPM': 140}"
2019-06-28 15:27:00,BID_DEPTH,"[(100322, 246)]"
2019-06-28 15:27:00,ASK_DEPTH,"[(100685, 213)]"
2019-06-28 15:27:00,IMBALANCE,"[246, 213]"
2019-06-28 15:27:00,HOLDINGS_UPDATED,"{'CASH': -5500505, 'JPM': 145}"
2019-06-28 15:28:00,BID_DEPTH,"[(100529, 186)]"
2019-06-28 15:28:00,ASK_DEPTH,"[(100803, 153)]"
2019-06-28 15:28:00,IMBALANCE,"[186, 153]"
2019-06-28 15:28:00,HOLDINGS_UPDATED,"{'CASH': -6004520, 'JPM': 150}"
2019-06-28 15:29:00,BID_DEPTH,"[(100529, 208)]"
2019-06-28 15:29:00,ASK_DEPTH,"[(101226, 175)]"
2019-06-28 15:29:00,IMBALANCE,"[208, 175]"
2019-06-28 15:29:00,HOLDINGS_UPDATED,"{'CASH': -6510650, 'JPM': 155}"
2019-06-28 15:30:00,BID_DEPTH,"[(100529, 208)]"
2019-06-28 15:30:00,ASK_DEPTH,"[(101226, 175)]"
2019-06-28 15:30:00,IMBALANCE,"[208, 175]"
2019-06-28 15:30:00,HOLDINGS_UPDATED,"{'CASH': -7016780, 'JPM': 160}"
2019-06-28 15:31:00,BID_DEPTH,"[(100529, 246)]"
2019-06-28 15:31:00,ASK_DEPTH,"[(101226, 213)]"
2019-06-28 15:31:00,IMBALANCE,"[246, 213]"
2019-06-28 15:31:00,HOLDINGS_UPDATED,"{'CASH': -7522910, 'JPM': 165}"
2019-06-28 15:32:00,BID_DEPTH,"[(100576, 186)]"
2019-06-28 15:32:00,ASK_DEPTH,"[(100580, 153)]"
2019-06-28 15:32:00,IMBALANCE,"[186, 153]"
2019-06-28 15:32:00,HOLDINGS_UPDATED,"{'CASH': -8025810, 'JPM': 170}"
2019-06-28 15:33:00,BID_DEPTH,"[(100576, 208)]"
2019-06-28 15:33:00,ASK_DEPTH,"[(100784, 175)]"
2019-06-28 15:33:00,IMBALANCE,"[208, 175]"
2019-06-28 15:33:00,HOLDINGS_UPDATED,"{'CASH': -8529730, 'JPM': 175}"
2019-06-28 15:34:00,BID_DEPTH,"[(100576, 186)]"
2019-06-28 15:34:00,ASK_DEPTH,"[(101287, 153)]"
2019-06-28 15:34:00,IMBALANCE,"[186, 153]"
2019-06-28 15:34:00,HOLDINGS_UPDATED,"{'CASH': -9036165, 'JPM': 180}"
2019-06-28 15:35:00,BID_DEPTH,"[(100351, 100)]"
2019-06-28 15:35:00,ASK_DEPTH,[]
2019-06-28 15:35:00,IMBALANCE,"[100, 0]"
2019-06-28 15:36:00,BID_DEPTH,"[(100322, 497)]"
2019-06-28 15:36:00,ASK_DEPTH,"[(100576, 530)]"
2019-06-28 15:36:00,IMBALANCE,"[497, 530]"
2019-06-28 15:36:00,HOLDINGS_UPDATED,"{'CASH': -8534555, 'JPM': 175}"
2019-06-28 15:37:00,BID_DEPTH,"[(100319, 100)]"
2019-06-28 15:37:00,ASK_DEPTH,[]
2019-06-28 15:37:00,IMBALANCE,"[100, 0]"
2019-06-28 15:38:00,BID_DEPTH,"[(100278, 100)]"
2019-06-28 15:38:00,ASK_DEPTH,[]
2019-06-28 15:38:00,IMBALANCE,"[100, 0]"
2019-06-28 15:39:00,BID_DEPTH,"[(100176, 100)]"
2019-06-28 15:39:00,ASK_DEPTH,[]
2019-06-28 15:39:00,IMBALANCE,"[100, 0]"
2019-06-28 15:40:00,BID_DEPTH,"[(100170, 153)]"
2019-06-28 15:40:00,ASK_DEPTH,"[(100181, 186)]"
2019-06-28 15:40:00,IMBALANCE,"[153, 186]"
2019-06-28 15:40:00,HOLDINGS_UPDATED,"{'CASH': -8033705, 'JPM': 170}"
2019-06-28 15:41:00,BID_DEPTH,"[(100062, 175)]"
2019-06-28 15:41:00,ASK_DEPTH,"[(100181, 208)]"
2019-06-28 15:41:00,IMBALANCE,"[175, 208]"
2019-06-28 15:41:00,HOLDINGS_UPDATED,"{'CASH': -7533395, 'JPM': 165}"
2019-06-28 15:42:00,BID_DEPTH,"[(100090, 153)]"
2019-06-28 15:42:00,ASK_DEPTH,"[(100153, 186)]"
2019-06-28 15:42:00,IMBALANCE,"[153, 186]"
2019-06-28 15:42:00,HOLDINGS_UPDATED,"{'CASH': -7032945, 'JPM': 160}"
2019-06-28 15:43:00,BID_DEPTH,"[(100062, 401)]"
2019-06-28 15:43:00,ASK_DEPTH,"[(100108, 530)]"
2019-06-28 15:43:00,IMBALANCE,"[401, 530]"
2019-06-28 15:43:00,HOLDINGS_UPDATED,"{'CASH': -6532635, 'JPM': 155}"
2019-06-28 15:44:00,BID_DEPTH,"[(100023, 175)]"
2019-06-28 15:44:00,ASK_DEPTH,"[(100122, 208)]"
2019-06-28 15:44:00,IMBALANCE,"[175, 208]"
2019-06-28 15:44:00,HOLDINGS_UPDATED,"{'CASH': -6032520, 'JPM': 150}"
2019-06-28 15:45:00,BID_DEPTH,"[(100024, 253)]"
2019-06-28 15:45:00,ASK_DEPTH,"[(100121, 186)]"
2019-06-28 15:45:00,IMBALANCE,"[253, 186]"
2019-06-28 15:45:00,HOLDINGS_UPDATED,"{'CASH': -5532400, 'JPM': 145}"
2019-06-28 15:46:00,BID_DEPTH,"[(100034, 175)]"
2019-06-28 15:46:00,ASK_DEPTH,"[(100078, 208)]"
2019-06-28 15:46:00,IMBALANCE,"[175, 208]"
2019-06-28 15:46:00,HOLDINGS_UPDATED,"{'CASH': -5032230, 'JPM': 140}"
2019-06-28 15:47:00,BID_DEPTH,"[(100023, 179)]"
2019-06-28 15:47:00,ASK_DEPTH,"[(100034, 118)]"
2019-06-28 15:47:00,IMBALANCE,"[179, 118]"
2019-06-28 15:47:00,HOLDINGS_UPDATED,"{'CASH': -4532115, 'JPM': 135}"
2019-06-28 15:48:00,BID_DEPTH,"[(100008, 153)]"
2019-06-28 15:48:00,ASK_DEPTH,"[(100023, 92)]"
2019-06-28 15:48:00,IMBALANCE,"[153, 92]"
2019-06-28 15:48:00,HOLDINGS_UPDATED,"{'CASH': -4032075, 'JPM': 130}"
2019-06-28 15:49:00,BID_DEPTH,"[(99876, 175)]"
2019-06-28 15:49:00,ASK_DEPTH,"[(99924, 200)]"
2019-06-28 15:49:00,IMBALANCE,"[175, 200]"
2019-06-28 15:49:00,HOLDINGS_UPDATED,"{'CASH': -3532695, 'JPM': 125}"
2019-06-28 15:50:00,BID_DEPTH,"[(99876, 186)]"
2019-06-28 15:50:00,ASK_DEPTH,"[(99924, 307)]"
2019-06-28 15:50:00,IMBALANCE,"[186, 307]"
2019-06-28 15:50:00,HOLDINGS_UPDATED,"{'CASH': -3033315, 'JPM': 120}"
2019-06-28 15:51:00,BID_DEPTH,"[(99822, 497)]"
2019-06-28 15:51:00,ASK_DEPTH,"[(100008, 462)]"
2019-06-28 15:51:00,IMBALANCE,"[497, 462]"
2019-06-28 15:51:00,HOLDINGS_UPDATED,"{'CASH': -2534205, 'JPM': 115}"
2019-06-28 15:52:00,BID_DEPTH,"[(99822, 117)]"
2019-06-28 15:52:00,ASK_DEPTH,"[(100008, 178)]"
2019-06-28 15:52:00,IMBALANCE,"[117, 178]"
2019-06-28 15:52:00,HOLDINGS_UPDATED,"{'CASH': -2035095, 'JPM': 110}"
2019-06-28 15:53:00,BID_DEPTH,"[(99822, 117)]"
2019-06-28 15:53:00,ASK_DEPTH,"[(100023, 152)]"
2019-06-28 15:53:00,IMBALANCE,"[117, 152]"
2019-06-28 15:53:00,HOLDINGS_UPDATED,"{'CASH': -1535985, 'JPM': 105}"
2019-06-28 15:54:00,BID_DEPTH,"[(99822, 186)]"
2019-06-28 15:54:00,ASK_DEPTH,"[(100023, 221)]"
2019-06-28 15:54:00,IMBALANCE,"[186, 221]"
2019-06-28 15:54:00,HOLDINGS_UPDATED,"{'CASH': -1036875, 'JPM': 100}"
2019-06-28 15:55:00,BID_DEPTH,"[(99822, 186)]"
2019-06-28 15:55:00,ASK_DEPTH,"[(100228, 315)]"
2019-06-28 15:55:00,IMBALANCE,"[186, 315]"
2019-06-28 15:55:00,HOLDINGS_UPDATED,"{'CASH': -537765, 'JPM': 95}"
2019-06-28 15:56:00,BID_DEPTH,"[(100166, 213)]"
2019-06-28 15:56:00,ASK_DEPTH,"[(100287, 246)]"
2019-06-28 15:56:00,IMBALANCE,"[213, 246]"
2019-06-28 15:56:00,HOLDINGS_UPDATED,"{'CASH': -36935, 'JPM': 90}"
2019-06-28 15:57:00,BID_DEPTH,"[(99800, 282)]"
2019-06-28 15:57:00,ASK_DEPTH,"[(100166, 315)]"
2019-06-28 15:57:00,IMBALANCE,"[282, 315]"
2019-06-28 15:57:00,HOLDINGS_UPDATED,"{'CASH': 462065, 'JPM': 85}"
2019-06-28 15:58:00,BID_DEPTH,"[(100125, 153)]"
2019-06-28 15:58:00,ASK_DEPTH,"[(100166, 186)]"
2019-06-28 15:58:00,IMBALANCE,"[153, 186]"
2019-06-28 15:58:00,HOLDINGS_UPDATED,"{'CASH': 962690, 'JPM': 80}"
2019-06-28 15:59:00,BID_DEPTH,"[(100170, 497)]"
2019-06-28 15:59:00,ASK_DEPTH,"[(100296, 530)]"
2019-06-28 15:59:00,IMBALANCE,"[497, 530]"
2019-06-28 15:59:00,HOLDINGS_UPDATED,"{'CASH': 1463540, 'JPM': 75}"
2019-06-28 16:00:00,BID_DEPTH,"[(100017, 213)]"
2019-06-28 16:00:00,ASK_DEPTH,"[(100456, 246)]"
2019-06-28 16:00:00,IMBALANCE,"[213, 246]"
2019-06-28 16:00:00,HOLDINGS_UPDATED,"{'CASH': 1963625, 'JPM': 70}"
2019-06-28 16:01:00,BID_DEPTH,"[(100017, 124)]"
2019-06-28 16:01:00,ASK_DEPTH,"[(100456, 246)]"
2019-06-28 16:01:00,IMBALANCE,"[124, 246]"
2019-06-28 16:01:00,MKT_CLOSED,
2019-06-28 16:01:00,FINAL_HOLDINGS,"{ JPM: 70, CASH: 1963625 }"
2019-06-28 16:01:00,FINAL_CASH_POSITION,1963625
2019-06-28 16:01:00,MARK_TO_MARKET,70 JPM @ 100017 == 7001190
2019-06-28 16:01:00,MARKED_TO_MARKET,8964815
2019-06-28 16:01:00,ENDING_CASH,8964815
