EventTime,EventType,Event
,AGENT_TYPE,MomentumAgent
,STARTING_CASH,10000000
2019-06-28 09:30:00,HOLDINGS_UPDATED,{'CASH': 10000000}
2019-06-28 09:31:00,BID_DEPTH,"[(99968, 211)]"
2019-06-28 09:31:00,ASK_DEPTH,"[(100005, 211)]"
2019-06-28 09:31:00,IMBALANCE,"[211, 211]"
2019-06-28 09:32:00,BID_DEPTH,"[(99968, 251)]"
2019-06-28 09:32:00,ASK_DEPTH,"[(99991, 251)]"
2019-06-28 09:32:00,IMBALANCE,"[251, 251]"
2019-06-28 09:33:00,BID_DEPTH,"[(99967, 189)]"
2019-06-28 09:33:00,ASK_DEPTH,"[(99990, 189)]"
2019-06-28 09:33:00,IMBALANCE,"[189, 189]"
2019-06-28 09:34:00,BID_DEPTH,"[(99967, 322)]"
2019-06-28 09:34:00,ASK_DEPTH,"[(99991, 322)]"
2019-06-28 09:34:00,IMBALANCE,"[322, 322]"
2019-06-28 09:35:00,BID_DEPTH,"[(99967, 322)]"
2019-06-28 09:35:00,ASK_DEPTH,"[(99991, 322)]"
2019-06-28 09:35:00,IMBALANCE,"[322, 322]"
2019-06-28 09:36:00,BID_DEPTH,"[(99969, 322)]"
2019-06-28 09:36:00,ASK_DEPTH,"[(99991, 322)]"
2019-06-28 09:36:00,IMBALANCE,"[322, 322]"
2019-06-28 09:37:00,BID_DEPTH,"[(99969, 389)]"
2019-06-28 09:37:00,ASK_DEPTH,"[(100013, 189)]"
2019-06-28 09:37:00,IMBALANCE,"[389, 189]"
2019-06-28 09:38:00,BID_DEPTH,"[(99969, 189)]"
2019-06-28 09:38:00,ASK_DEPTH,"[(99990, 189)]"
2019-06-28 09:38:00,IMBALANCE,"[189, 189]"
2019-06-28 09:39:00,BID_DEPTH,"[(99967, 251)]"
2019-06-28 09:39:00,ASK_DEPTH,"[(99990, 251)]"
2019-06-28 09:39:00,IMBALANCE,"[251, 251]"
2019-06-28 09:40:00,BID_DEPTH,"[(99963, 251)]"
2019-06-28 09:40:00,ASK_DEPTH,"[(99990, 251)]"
2019-06-28 09:40:00,IMBALANCE,"[251, 251]"
2019-06-28 09:41:00,BID_DEPTH,"[(99963, 544)]"
2019-06-28 09:41:00,ASK_DEPTH,"[(100018, 544)]"
2019-06-28 09:41:00,IMBALANCE,"[544, 544]"
2019-06-28 09:42:00,BID_DEPTH,"[(100024, 211)]"
2019-06-28 09:42:00,ASK_DEPTH,"[(100056, 211)]"
2019-06-28 09:42:00,IMBALANCE,"[211, 211]"
2019-06-28 09:43:00,BID_DEPTH,"[(100024, 211)]"
2019-06-28 09:43:00,ASK_DEPTH,"[(100056, 211)]"
2019-06-28 09:43:00,IMBALANCE,"[211, 211]"
2019-06-28 09:44:00,BID_DEPTH,"[(100025, 211)]"
2019-06-28 09:44:00,ASK_DEPTH,"[(100056, 211)]"
2019-06-28 09:44:00,IMBALANCE,"[211, 211]"
2019-06-28 09:45:00,BID_DEPTH,"[(100025, 351)]"
2019-06-28 09:45:00,ASK_DEPTH,"[(100056, 251)]"
2019-06-28 09:45:00,IMBALANCE,"[351, 251]"
2019-06-28 09:46:00,BID_DEPTH,"[(100025, 522)]"
2019-06-28 09:46:00,ASK_DEPTH,"[(100056, 322)]"
2019-06-28 09:46:00,IMBALANCE,"[522, 322]"
2019-06-28 09:47:00,BID_DEPTH,"[(100025, 551)]"
2019-06-28 09:47:00,ASK_DEPTH,"[(100056, 251)]"
2019-06-28 09:47:00,IMBALANCE,"[551, 251]"
2019-06-28 09:48:00,BID_DEPTH,"[(100025, 622)]"
2019-06-28 09:48:00,ASK_DEPTH,"[(100065, 322)]"
2019-06-28 09:48:00,IMBALANCE,"[622, 322]"
2019-06-28 09:49:00,BID_DEPTH,"[(100025, 551)]"
2019-06-28 09:49:00,ASK_DEPTH,"[(100070, 251)]"
2019-06-28 09:49:00,IMBALANCE,"[551, 251]"
2019-06-28 09:50:00,BID_DEPTH,"[(100025, 489)]"
2019-06-28 09:50:00,ASK_DEPTH,"[(100078, 189)]"
2019-06-28 09:50:00,IMBALANCE,"[489, 189]"
2019-06-28 09:51:00,BID_DEPTH,"[(100066, 322)]"
2019-06-28 09:51:00,ASK_DEPTH,"[(100078, 322)]"
2019-06-28 09:51:00,IMBALANCE,"[322, 322]"
2019-06-28 09:52:00,BID_DEPTH,"[(100066, 211)]"
2019-06-28 09:52:00,ASK_DEPTH,"[(100081, 211)]"
2019-06-28 09:52:00,IMBALANCE,"[211, 211]"
2019-06-28 09:53:00,BID_DEPTH,"[(100116, 100)]"
2019-06-28 09:53:00,ASK_DEPTH,"[(100118, 189)]"
2019-06-28 09:53:00,IMBALANCE,"[100, 189]"
2019-06-28 09:54:00,BID_DEPTH,"[(100116, 455)]"
2019-06-28 09:54:00,ASK_DEPTH,"[(100194, 544)]"
2019-06-28 09:54:00,IMBALANCE,"[455, 544]"
2019-06-28 09:55:00,BID_DEPTH,"[(100116, 122)]"
2019-06-28 09:55:00,ASK_DEPTH,"[(100194, 211)]"
2019-06-28 09:55:00,IMBALANCE,"[122, 211]"
2019-06-28 09:56:00,BID_DEPTH,"[(100206, 544)]"
2019-06-28 09:56:00,ASK_DEPTH,"[(100216, 544)]"
2019-06-28 09:56:00,IMBALANCE,"[544, 544]"
2019-06-28 09:57:00,BID_DEPTH,"[(100206, 189)]"
2019-06-28 09:57:00,ASK_DEPTH,"[(100216, 189)]"
2019-06-28 09:57:00,IMBALANCE,"[189, 189]"
2019-06-28 09:58:00,BID_DEPTH,"[(100068, 544)]"
2019-06-28 09:58:00,ASK_DEPTH,"[(100216, 544)]"
2019-06-28 09:58:00,IMBALANCE,"[544, 544]"
2019-06-28 09:59:00,BID_DEPTH,"[(100066, 211)]"
2019-06-28 09:59:00,ASK_DEPTH,"[(100216, 211)]"
2019-06-28 09:59:00,IMBALANCE,"[211, 211]"
2019-06-28 10:00:00,BID_DEPTH,"[(100066, 211)]"
2019-06-28 10:00:00,ASK_DEPTH,"[(100216, 211)]"
2019-06-28 10:00:00,IMBALANCE,"[211, 211]"
2019-06-28 10:01:00,BID_DEPTH,"[(100034, 189)]"
2019-06-28 10:01:00,ASK_DEPTH,"[(100216, 189)]"
2019-06-28 10:01:00,IMBALANCE,"[189, 189]"
2019-06-28 10:02:00,BID_DEPTH,"[(100025, 522)]"
2019-06-28 10:02:00,ASK_DEPTH,"[(100034, 322)]"
2019-06-28 10:02:00,IMBALANCE,"[522, 322]"
2019-06-28 10:03:00,BID_DEPTH,"[(99950, 251)]"
2019-06-28 10:03:00,ASK_DEPTH,"[(100034, 251)]"
2019-06-28 10:03:00,IMBALANCE,"[251, 251]"
2019-06-28 10:04:00,BID_DEPTH,"[(99895, 544)]"
2019-06-28 10:04:00,ASK_DEPTH,"[(100024, 544)]"
2019-06-28 10:04:00,IMBALANCE,"[544, 544]"
2019-06-28 10:05:00,BID_DEPTH,"[(99893, 211)]"
2019-06-28 10:05:00,ASK_DEPTH,"[(100024, 211)]"
2019-06-28 10:05:00,IMBALANCE,"[211, 211]"
2019-06-28 10:06:00,BID_DEPTH,"[(99434, 322)]"
2019-06-28 10:06:00,ASK_DEPTH,"[(99893, 322)]"
2019-06-28 10:06:00,IMBALANCE,"[322, 322]"
2019-06-28 10:07:00,BID_DEPTH,"[(99451, 189)]"
2019-06-28 10:07:00,ASK_DEPTH,"[(99518, 189)]"
2019-06-28 10:07:00,IMBALANCE,"[189, 189]"
2019-06-28 10:08:00,BID_DEPTH,"[(99451, 522)]"
2019-06-28 10:08:00,ASK_DEPTH,"[(99518, 322)]"
2019-06-28 10:08:00,IMBALANCE,"[522, 322]"
2019-06-28 10:09:00,BID_DEPTH,"[(99451, 411)]"
2019-06-28 10:09:00,ASK_DEPTH,"[(99518, 211)]"
2019-06-28 10:09:00,IMBALANCE,"[411, 211]"
2019-06-28 10:10:00,BID_DEPTH,"[(99451, 451)]"
2019-06-28 10:10:00,ASK_DEPTH,"[(99823, 251)]"
2019-06-28 10:10:00,IMBALANCE,"[451, 251]"
2019-06-28 10:11:00,BID_DEPTH,"[(99518, 544)]"
2019-06-28 10:11:00,ASK_DEPTH,"[(99845, 544)]"
2019-06-28 10:11:00,IMBALANCE,"[544, 544]"
2019-06-28 10:12:00,BID_DEPTH,"[(99518, 351)]"
2019-06-28 10:12:00,ASK_DEPTH,"[(99845, 251)]"
2019-06-28 10:12:00,IMBALANCE,"[351, 251]"
2019-06-28 10:13:00,BID_DEPTH,"[(99893, 251)]"
2019-06-28 10:13:00,ASK_DEPTH,"[(100034, 251)]"
2019-06-28 10:13:00,IMBALANCE,"[251, 251]"
2019-06-28 10:14:00,BID_DEPTH,"[(100035, 251)]"
2019-06-28 10:14:00,ASK_DEPTH,"[(100467, 251)]"
2019-06-28 10:14:00,IMBALANCE,"[251, 251]"
2019-06-28 10:15:00,BID_DEPTH,"[(100035, 251)]"
2019-06-28 10:15:00,ASK_DEPTH,"[(100614, 251)]"
2019-06-28 10:15:00,IMBALANCE,"[251, 251]"
2019-06-28 10:16:00,BID_DEPTH,"[(100614, 544)]"
2019-06-28 10:16:00,ASK_DEPTH,"[(100727, 544)]"
2019-06-28 10:16:00,IMBALANCE,"[544, 544]"
2019-06-28 10:17:00,BID_DEPTH,"[(100614, 189)]"
2019-06-28 10:17:00,ASK_DEPTH,"[(100761, 189)]"
2019-06-28 10:17:00,IMBALANCE,"[189, 189]"
2019-06-28 10:18:00,BID_DEPTH,"[(100614, 251)]"
2019-06-28 10:18:00,ASK_DEPTH,"[(101216, 251)]"
2019-06-28 10:18:00,IMBALANCE,"[251, 251]"
2019-06-28 10:19:00,BID_DEPTH,"[(100467, 544)]"
2019-06-28 10:19:00,ASK_DEPTH,"[(101511, 544)]"
2019-06-28 10:19:00,IMBALANCE,"[544, 544]"
2019-06-28 10:20:00,BID_DEPTH,"[(101216, 544)]"
2019-06-28 10:20:00,ASK_DEPTH,"[(101563, 544)]"
2019-06-28 10:20:00,IMBALANCE,"[544, 544]"
2019-06-28 10:21:00,BID_DEPTH,"[(101494, 251)]"
2019-06-28 10:21:00,ASK_DEPTH,"[(101563, 178)]"
2019-06-28 10:21:00,IMBALANCE,"[251, 178]"
2019-06-28 10:21:00,HOLDINGS_UPDATED,"{'CASH': 9187496, 'JPM': 8}"
2019-06-28 10:22:00,BID_DEPTH,"[(101563, 544)]"
2019-06-28 10:22:00,ASK_DEPTH,"[(101764, 471)]"
2019-06-28 10:22:00,IMBALANCE,"[544, 471]"
2019-06-28 10:22:00,HOLDINGS_UPDATED,"{'CASH': 8373384, 'JPM': 16}"
2019-06-28 10:23:00,BID_DEPTH,"[(101563, 189)]"
2019-06-28 10:23:00,ASK_DEPTH,"[(101876, 116)]"
2019-06-28 10:23:00,IMBALANCE,"[189, 116]"
2019-06-28 10:23:00,HOLDINGS_UPDATED,"{'CASH': 7558376, 'JPM': 24}"
2019-06-28 10:24:00,BID_DEPTH,"[(101789, 211)]"
2019-06-28 10:24:00,ASK_DEPTH,"[(101874, 138)]"
2019-06-28 10:24:00,IMBALANCE,"[211, 138]"
2019-06-28 10:24:00,HOLDINGS_UPDATED,"{'CASH': 6743384, 'JPM': 32}"
2019-06-28 10:25:00,BID_DEPTH,"[(101693, 322)]"
2019-06-28 10:25:00,ASK_DEPTH,"[(101874, 249)]"
2019-06-28 10:25:00,IMBALANCE,"[322, 249]"
2019-06-28 10:25:00,HOLDINGS_UPDATED,"{'CASH': 5928392, 'JPM': 40}"
2019-06-28 10:26:00,BID_DEPTH,"[(101690, 544)]"
2019-06-28 10:26:00,ASK_DEPTH,"[(101874, 471)]"
2019-06-28 10:26:00,IMBALANCE,"[544, 471]"
2019-06-28 10:26:00,HOLDINGS_UPDATED,"{'CASH': 5113400, 'JPM': 48}"
2019-06-28 10:27:00,BID_DEPTH,"[(100831, 544)]"
2019-06-28 10:27:00,ASK_DEPTH,"[(101904, 471)]"
2019-06-28 10:27:00,IMBALANCE,"[544, 471]"
2019-06-28 10:27:00,HOLDINGS_UPDATED,"{'CASH': 4298168, 'JPM': 56}"
2019-06-28 10:28:00,BID_DEPTH,"[(100831, 251)]"
2019-06-28 10:28:00,ASK_DEPTH,"[(102043, 178)]"
2019-06-28 10:28:00,IMBALANCE,"[251, 178]"
2019-06-28 10:28:00,HOLDINGS_UPDATED,"{'CASH': 3481824, 'JPM': 64}"
2019-06-28 10:29:00,BID_DEPTH,"[(100831, 211)]"
2019-06-28 10:29:00,ASK_DEPTH,"[(100987, 138)]"
2019-06-28 10:29:00,IMBALANCE,"[211, 138]"
2019-06-28 10:29:00,HOLDINGS_UPDATED,"{'CASH': 2673928, 'JPM': 72}"
2019-06-28 10:30:00,BID_DEPTH,"[(100987, 422)]"
2019-06-28 10:30:00,ASK_DEPTH,"[(101065, 249)]"
2019-06-28 10:30:00,IMBALANCE,"[422, 249]"
2019-06-28 10:30:00,HOLDINGS_UPDATED,"{'CASH': 1865408, 'JPM': 80}"
2019-06-28 10:31:00,BID_DEPTH,"[(100987, 311)]"
2019-06-28 10:31:00,ASK_DEPTH,"[(101268, 138)]"
2019-06-28 10:31:00,IMBALANCE,"[311, 138]"
2019-06-28 10:31:00,HOLDINGS_UPDATED,"{'CASH': 1055264, 'JPM': 88}"
2019-06-28 10:32:00,BID_DEPTH,"[(101268, 322)]"
2019-06-28 10:32:00,ASK_DEPTH,"[(101428, 249)]"
2019-06-28 10:32:00,IMBALANCE,"[322, 249]"
2019-06-28 10:32:00,HOLDINGS_UPDATED,"{'CASH': 243840, 'JPM': 96}"
2019-06-28 10:33:00,BID_DEPTH,"[(101428, 322)]"
2019-06-28 10:33:00,ASK_DEPTH,"[(101435, 249)]"
2019-06-28 10:33:00,IMBALANCE,"[322, 249]"
2019-06-28 10:33:00,HOLDINGS_UPDATED,"{'CASH': -567640, 'JPM': 104}"
2019-06-28 10:34:00,BID_DEPTH,"[(101769, 322)]"
2019-06-28 10:34:00,ASK_DEPTH,"[(101784, 249)]"
2019-06-28 10:34:00,IMBALANCE,"[322, 249]"
2019-06-28 10:34:00,HOLDINGS_UPDATED,"{'CASH': -1381912, 'JPM': 112}"
2019-06-28 10:35:00,BID_DEPTH,"[(101435, 211)]"
2019-06-28 10:35:00,ASK_DEPTH,"[(102126, 138)]"
2019-06-28 10:35:00,IMBALANCE,"[211, 138]"
2019-06-28 10:35:00,HOLDINGS_UPDATED,"{'CASH': -2198920, 'JPM': 120}"
2019-06-28 10:36:00,BID_DEPTH,"[(101339, 189)]"
2019-06-28 10:36:00,ASK_DEPTH,"[(101499, 116)]"
2019-06-28 10:36:00,IMBALANCE,"[189, 116]"
2019-06-28 10:36:00,HOLDINGS_UPDATED,"{'CASH': -3010912, 'JPM': 128}"
2019-06-28 10:37:00,BID_DEPTH,"[(101267, 100)]"
2019-06-28 10:37:00,ASK_DEPTH,[]
2019-06-28 10:37:00,IMBALANCE,"[100, 0]"
2019-06-28 10:38:00,BID_DEPTH,"[(101267, 100)]"
2019-06-28 10:38:00,ASK_DEPTH,[]
2019-06-28 10:38:00,IMBALANCE,"[100, 0]"
2019-06-28 10:39:00,BID_DEPTH,"[(101267, 189)]"
2019-06-28 10:39:00,ASK_DEPTH,"[(101269, 116)]"
2019-06-28 10:39:00,IMBALANCE,"[189, 116]"
2019-06-28 10:39:00,HOLDINGS_UPDATED,"{'CASH': -3821064, 'JPM': 136}"
2019-06-28 10:40:00,BID_DEPTH,"[(101267, 211)]"
2019-06-28 10:40:00,ASK_DEPTH,"[(101269, 338)]"
2019-06-28 10:40:00,IMBALANCE,"[211, 338]"
2019-06-28 10:40:00,HOLDINGS_UPDATED,"{'CASH': -4631216, 'JPM': 144}"
2019-06-28 10:41:00,BID_DEPTH,"[(101267, 544)]"
2019-06-28 10:41:00,ASK_DEPTH,"[(101269, 458)]"
2019-06-28 10:41:00,IMBALANCE,"[544, 458]"
2019-06-28 10:41:00,HOLDINGS_UPDATED,"{'CASH': -5441368, 'JPM': 152}"
2019-06-28 10:42:00,BID_DEPTH,"[(101267, 211)]"
2019-06-28 10:42:00,ASK_DEPTH,"[(101339, 138)]"
2019-06-28 10:42:00,IMBALANCE,"[211, 138]"
2019-06-28 10:42:00,HOLDINGS_UPDATED,"{'CASH': -6252080, 'JPM': 160}"
2019-06-28 10:43:00,BID_DEPTH,"[(101267, 211)]"
2019-06-28 10:43:00,ASK_DEPTH,"[(101339, 138)]"
2019-06-28 10:43:00,IMBALANCE,"[211, 138]"
2019-06-28 10:43:00,HOLDINGS_UPDATED,"{'CASH': -7062792, 'JPM': 168}"
2019-06-28 10:44:00,BID_DEPTH,"[(101267, 251)]"
2019-06-28 10:44:00,ASK_DEPTH,"[(101339, 278)]"
2019-06-28 10:44:00,IMBALANCE,"[251, 278]"
2019-06-28 10:44:00,HOLDINGS_UPDATED,"{'CASH': -7873504, 'JPM': 176}"
2019-06-28 10:45:00,BID_DEPTH,"[(101224, 251)]"
2019-06-28 10:45:00,ASK_DEPTH,"[(101267, 278)]"
2019-06-28 10:45:00,IMBALANCE,"[251, 278]"
2019-06-28 10:45:00,HOLDINGS_UPDATED,"{'CASH': -8683640, 'JPM': 184}"
2019-06-28 10:46:00,BID_DEPTH,"[(101257, 544)]"
2019-06-28 10:46:00,ASK_DEPTH,"[(101267, 458)]"
2019-06-28 10:46:00,IMBALANCE,"[544, 458]"
2019-06-28 10:46:00,HOLDINGS_UPDATED,"{'CASH': -9493776, 'JPM': 192}"
2019-06-28 10:47:00,BID_DEPTH,"[(101275, 544)]"
2019-06-28 10:47:00,ASK_DEPTH,"[(101442, 471)]"
2019-06-28 10:47:00,IMBALANCE,"[544, 471]"
2019-06-28 10:47:00,HOLDINGS_UPDATED,"{'CASH': -10305312, 'JPM': 200}"
2019-06-28 10:48:00,BID_DEPTH,"[(100929, 251)]"
2019-06-28 10:48:00,ASK_DEPTH,"[(101441, 178)]"
2019-06-28 10:48:00,IMBALANCE,"[251, 178]"
2019-06-28 10:48:00,HOLDINGS_UPDATED,"{'CASH': -11116840, 'JPM': 208}"
2019-06-28 10:49:00,BID_DEPTH,"[(100929, 322)]"
2019-06-28 10:49:00,ASK_DEPTH,"[(101441, 249)]"
2019-06-28 10:49:00,IMBALANCE,"[322, 249]"
2019-06-28 10:49:00,HOLDINGS_UPDATED,"{'CASH': -11928368, 'JPM': 216}"
2019-06-28 10:50:00,BID_DEPTH,"[(101100, 251)]"
2019-06-28 10:50:00,ASK_DEPTH,"[(101217, 178)]"
2019-06-28 10:50:00,IMBALANCE,"[251, 178]"
2019-06-28 10:50:00,HOLDINGS_UPDATED,"{'CASH': -12738104, 'JPM': 224}"
2019-06-28 10:51:00,BID_DEPTH,"[(100968, 322)]"
2019-06-28 10:51:00,ASK_DEPTH,"[(101217, 249)]"
2019-06-28 10:51:00,IMBALANCE,"[322, 249]"
2019-06-28 10:51:00,HOLDINGS_UPDATED,"{'CASH': -13547840, 'JPM': 232}"
2019-06-28 10:52:00,BID_DEPTH,"[(100929, 251)]"
2019-06-28 10:52:00,ASK_DEPTH,"[(101491, 178)]"
2019-06-28 10:52:00,IMBALANCE,"[251, 178]"
2019-06-28 10:52:00,HOLDINGS_UPDATED,"{'CASH': -14359768, 'JPM': 240}"
2019-06-28 10:53:00,BID_DEPTH,"[(100793, 211)]"
2019-06-28 10:53:00,ASK_DEPTH,"[(101552, 138)]"
2019-06-28 10:53:00,IMBALANCE,"[211, 138]"
2019-06-28 10:53:00,HOLDINGS_UPDATED,"{'CASH': -15172184, 'JPM': 248}"
2019-06-28 10:54:00,BID_DEPTH,"[(100816, 544)]"
2019-06-28 10:54:00,ASK_DEPTH,"[(101061, 471)]"
2019-06-28 10:54:00,IMBALANCE,"[544, 471]"
2019-06-28 10:54:00,HOLDINGS_UPDATED,"{'CASH': -15980672, 'JPM': 256}"
2019-06-28 10:55:00,BID_DEPTH,"[(100816, 211)]"
2019-06-28 10:55:00,ASK_DEPTH,"[(101061, 138)]"
2019-06-28 10:55:00,IMBALANCE,"[211, 138]"
2019-06-28 10:55:00,HOLDINGS_UPDATED,"{'CASH': -16789160, 'JPM': 264}"
2019-06-28 10:56:00,BID_DEPTH,"[(100571, 322)]"
2019-06-28 10:56:00,ASK_DEPTH,"[(100721, 249)]"
2019-06-28 10:56:00,IMBALANCE,"[322, 249]"
2019-06-28 10:56:00,HOLDINGS_UPDATED,"{'CASH': -17594928, 'JPM': 272}"
2019-06-28 10:57:00,BID_DEPTH,"[(100571, 251)]"
2019-06-28 10:57:00,ASK_DEPTH,"[(100662, 178)]"
2019-06-28 10:57:00,IMBALANCE,"[251, 178]"
2019-06-28 10:57:00,HOLDINGS_UPDATED,"{'CASH': -18400224, 'JPM': 280}"
2019-06-28 10:58:00,BID_DEPTH,"[(100571, 322)]"
2019-06-28 10:58:00,ASK_DEPTH,"[(100721, 249)]"
2019-06-28 10:58:00,IMBALANCE,"[322, 249]"
2019-06-28 10:58:00,HOLDINGS_UPDATED,"{'CASH': -19205992, 'JPM': 288}"
2019-06-28 10:59:00,BID_DEPTH,"[(100802, 122)]"
2019-06-28 10:59:00,ASK_DEPTH,"[(100824, 138)]"
2019-06-28 10:59:00,IMBALANCE,"[122, 138]"
2019-06-28 10:59:00,HOLDINGS_UPDATED,"{'CASH': -20012584, 'JPM': 296}"
2019-06-28 11:00:00,BID_DEPTH,"[(100802, 233)]"
2019-06-28 11:00:00,ASK_DEPTH,"[(100912, 249)]"
2019-06-28 11:00:00,IMBALANCE,"[233, 249]"
2019-06-28 11:00:00,HOLDINGS_UPDATED,"{'CASH': -20819880, 'JPM': 304}"
2019-06-28 11:01:00,BID_DEPTH,"[(100810, 249)]"
2019-06-28 11:01:00,ASK_DEPTH,"[(101016, 322)]"
2019-06-28 11:01:00,IMBALANCE,"[249, 322]"
2019-06-28 11:01:00,HOLDINGS_UPDATED,"{'CASH': -20013400, 'JPM': 296}"
2019-06-28 11:02:00,BID_DEPTH,"[(100852, 116)]"
2019-06-28 11:02:00,ASK_DEPTH,"[(101353, 189)]"
2019-06-28 11:02:00,IMBALANCE,"[116, 189]"
2019-06-28 11:02:00,HOLDINGS_UPDATED,"{'CASH': -19206584, 'JPM': 288}"
2019-06-28 11:03:00,BID_DEPTH,"[(100651, 178)]"
2019-06-28 11:03:00,ASK_DEPTH,"[(100815, 251)]"
2019-06-28 11:03:00,IMBALANCE,"[178, 251]"
2019-06-28 11:03:00,HOLDINGS_UPDATED,"{'CASH': -18401376, 'JPM': 280}"
2019-06-28 11:04:00,BID_DEPTH,"[(100571, 471)]"
2019-06-28 11:04:00,ASK_DEPTH,"[(100651, 544)]"
2019-06-28 11:04:00,IMBALANCE,"[471, 544]"
2019-06-28 11:04:00,HOLDINGS_UPDATED,"{'CASH': -17596808, 'JPM': 272}"
2019-06-28 11:05:00,BID_DEPTH,"[(100566, 178)]"
2019-06-28 11:05:00,ASK_DEPTH,"[(100651, 251)]"
2019-06-28 11:05:00,IMBALANCE,"[178, 251]"
2019-06-28 11:05:00,HOLDINGS_UPDATED,"{'CASH': -16792280, 'JPM': 264}"
2019-06-28 11:06:00,BID_DEPTH,"[(100514, 116)]"
2019-06-28 11:06:00,ASK_DEPTH,"[(100561, 189)]"
2019-06-28 11:06:00,IMBALANCE,"[116, 189]"
2019-06-28 11:06:00,HOLDINGS_UPDATED,"{'CASH': -15988168, 'JPM': 256}"
2019-06-28 11:07:00,BID_DEPTH,"[(100437, 471)]"
2019-06-28 11:07:00,ASK_DEPTH,"[(100561, 544)]"
2019-06-28 11:07:00,IMBALANCE,"[471, 544]"
2019-06-28 11:07:00,HOLDINGS_UPDATED,"{'CASH': -15184672, 'JPM': 248}"
2019-06-28 11:08:00,BID_DEPTH,"[(100437, 249)]"
2019-06-28 11:08:00,ASK_DEPTH,"[(100561, 322)]"
2019-06-28 11:08:00,IMBALANCE,"[249, 322]"
2019-06-28 11:08:00,HOLDINGS_UPDATED,"{'CASH': -14381176, 'JPM': 240}"
2019-06-28 11:09:00,BID_DEPTH,"[(100397, 471)]"
2019-06-28 11:09:00,ASK_DEPTH,"[(100566, 544)]"
2019-06-28 11:09:00,IMBALANCE,"[471, 544]"
2019-06-28 11:09:00,HOLDINGS_UPDATED,"{'CASH': -13578000, 'JPM': 232}"
2019-06-28 11:10:00,BID_DEPTH,"[(100397, 116)]"
2019-06-28 11:10:00,ASK_DEPTH,"[(100594, 189)]"
2019-06-28 11:10:00,IMBALANCE,"[116, 189]"
2019-06-28 11:10:00,HOLDINGS_UPDATED,"{'CASH': -12774824, 'JPM': 224}"
2019-06-28 11:11:00,BID_DEPTH,"[(100542, 138)]"
2019-06-28 11:11:00,ASK_DEPTH,"[(100544, 211)]"
2019-06-28 11:11:00,IMBALANCE,"[138, 211]"
2019-06-28 11:11:00,HOLDINGS_UPDATED,"{'CASH': -11970488, 'JPM': 216}"
2019-06-28 11:12:00,BID_DEPTH,"[(100499, 249)]"
2019-06-28 11:12:00,ASK_DEPTH,"[(100544, 322)]"
2019-06-28 11:12:00,IMBALANCE,"[249, 322]"
2019-06-28 11:12:00,HOLDINGS_UPDATED,"{'CASH': -11166496, 'JPM': 208}"
2019-06-28 11:13:00,BID_DEPTH,"[(100387, 116)]"
2019-06-28 11:13:00,ASK_DEPTH,"[(100458, 189)]"
2019-06-28 11:13:00,IMBALANCE,"[116, 189]"
2019-06-28 11:13:00,HOLDINGS_UPDATED,"{'CASH': -10363400, 'JPM': 200}"
2019-06-28 11:14:00,BID_DEPTH,"[(100379, 178)]"
2019-06-28 11:14:00,ASK_DEPTH,"[(100544, 251)]"
2019-06-28 11:14:00,IMBALANCE,"[178, 251]"
2019-06-28 11:14:00,HOLDINGS_UPDATED,"{'CASH': -9560368, 'JPM': 192}"
2019-06-28 11:15:00,BID_DEPTH,"[(100347, 116)]"
2019-06-28 11:15:00,ASK_DEPTH,"[(100594, 189)]"
2019-06-28 11:15:00,IMBALANCE,"[116, 189]"
2019-06-28 11:15:00,HOLDINGS_UPDATED,"{'CASH': -8757592, 'JPM': 184}"
2019-06-28 11:16:00,BID_DEPTH,"[(100595, 471)]"
2019-06-28 11:16:00,ASK_DEPTH,"[(100698, 544)]"
2019-06-28 11:16:00,IMBALANCE,"[471, 544]"
2019-06-28 11:16:00,HOLDINGS_UPDATED,"{'CASH': -7952832, 'JPM': 176}"
2019-06-28 11:17:00,BID_DEPTH,"[(100594, 193)]"
2019-06-28 11:17:00,ASK_DEPTH,"[(100698, 251)]"
2019-06-28 11:17:00,IMBALANCE,"[193, 251]"
2019-06-28 11:17:00,HOLDINGS_UPDATED,"{'CASH': -7148080, 'JPM': 168}"
2019-06-28 11:18:00,BID_DEPTH,"[(100594, 151)]"
2019-06-28 11:18:00,ASK_DEPTH,"[(100698, 318)]"
2019-06-28 11:18:00,IMBALANCE,"[151, 318]"
2019-06-28 11:18:00,HOLDINGS_UPDATED,"{'CASH': -6343328, 'JPM': 160}"
2019-06-28 11:19:00,BID_DEPTH,[]
2019-06-28 11:19:00,ASK_DEPTH,"[(100698, 92)]"
2019-06-28 11:19:00,IMBALANCE,"[0, 92]"
2019-06-28 11:20:00,BID_DEPTH,"[(100698, 186)]"
2019-06-28 11:20:00,ASK_DEPTH,"[(101026, 251)]"
2019-06-28 11:20:00,IMBALANCE,"[186, 251]"
2019-06-28 11:20:00,HOLDINGS_UPDATED,"{'CASH': -5537744, 'JPM': 152}"
2019-06-28 11:21:00,BID_DEPTH,[]
2019-06-28 11:21:00,ASK_DEPTH,"[(101026, 96)]"
2019-06-28 11:21:00,IMBALANCE,"[0, 96]"
2019-06-28 11:22:00,BID_DEPTH,[]
2019-06-28 11:22:00,ASK_DEPTH,"[(101026, 96)]"
2019-06-28 11:22:00,IMBALANCE,"[0, 96]"
2019-06-28 11:23:00,BID_DEPTH,"[(101308, 138)]"
2019-06-28 11:23:00,ASK_DEPTH,"[(101479, 211)]"
2019-06-28 11:23:00,IMBALANCE,"[138, 211]"
2019-06-28 11:23:00,HOLDINGS_UPDATED,"{'CASH': -4727280, 'JPM': 144}"
2019-06-28 11:24:00,BID_DEPTH,[]
2019-06-28 11:24:00,ASK_DEPTH,"[(101348, 100)]"
2019-06-28 11:24:00,IMBALANCE,"[0, 100]"
2019-06-28 11:25:00,BID_DEPTH,"[(101408, 116)]"
2019-06-28 11:25:00,ASK_DEPTH,"[(101479, 189)]"
2019-06-28 11:25:00,IMBALANCE,"[116, 189]"
2019-06-28 11:25:00,HOLDINGS_UPDATED,"{'CASH': -3916016, 'JPM': 136}"
2019-06-28 11:26:00,BID_DEPTH,"[(101408, 471)]"
2019-06-28 11:26:00,ASK_DEPTH,"[(101569, 544)]"
2019-06-28 11:26:00,IMBALANCE,"[471, 544]"
2019-06-28 11:26:00,HOLDINGS_UPDATED,"{'CASH': -3104752, 'JPM': 128}"
2019-06-28 11:27:00,BID_DEPTH,"[(101396, 178)]"
2019-06-28 11:27:00,ASK_DEPTH,"[(101569, 251)]"
2019-06-28 11:27:00,IMBALANCE,"[178, 251]"
2019-06-28 11:27:00,HOLDINGS_UPDATED,"{'CASH': -2293584, 'JPM': 120}"
2019-06-28 11:28:00,BID_DEPTH,"[(101352, 178)]"
2019-06-28 11:28:00,ASK_DEPTH,"[(101573, 251)]"
2019-06-28 11:28:00,IMBALANCE,"[178, 251]"
2019-06-28 11:28:00,HOLDINGS_UPDATED,"{'CASH': -1482768, 'JPM': 112}"
2019-06-28 11:29:00,BID_DEPTH,"[(101058, 471)]"
2019-06-28 11:29:00,ASK_DEPTH,"[(101374, 544)]"
2019-06-28 11:29:00,IMBALANCE,"[471, 544]"
2019-06-28 11:29:00,HOLDINGS_UPDATED,"{'CASH': -674304, 'JPM': 104}"
2019-06-28 11:30:00,BID_DEPTH,[]
2019-06-28 11:30:00,ASK_DEPTH,"[(101677, 100)]"
2019-06-28 11:30:00,IMBALANCE,"[0, 100]"
2019-06-28 11:31:00,BID_DEPTH,[]
2019-06-28 11:31:00,ASK_DEPTH,"[(102096, 100)]"
2019-06-28 11:31:00,IMBALANCE,"[0, 100]"
2019-06-28 11:32:00,BID_DEPTH,"[(101719, 278)]"
2019-06-28 11:32:00,ASK_DEPTH,"[(102115, 251)]"
2019-06-28 11:32:00,IMBALANCE,"[278, 251]"
2019-06-28 11:32:00,HOLDINGS_UPDATED,"{'CASH': 139448, 'JPM': 96}"
2019-06-28 11:33:00,BID_DEPTH,"[(102084, 178)]"
2019-06-28 11:33:00,ASK_DEPTH,"[(102115, 251)]"
2019-06-28 11:33:00,IMBALANCE,"[178, 251]"
2019-06-28 11:33:00,HOLDINGS_UPDATED,"{'CASH': 956120, 'JPM': 88}"
2019-06-28 11:34:00,BID_DEPTH,"[(101922, 251)]"
2019-06-28 11:34:00,ASK_DEPTH,"[(102115, 178)]"
2019-06-28 11:34:00,IMBALANCE,"[251, 178]"
2019-06-28 11:34:00,HOLDINGS_UPDATED,"{'CASH': 139200, 'JPM': 96}"
2019-06-28 11:35:00,BID_DEPTH,"[(101719, 527)]"
2019-06-28 11:35:00,ASK_DEPTH,"[(102198, 471)]"
2019-06-28 11:35:00,IMBALANCE,"[527, 471]"
2019-06-28 11:35:00,HOLDINGS_UPDATED,"{'CASH': -678384, 'JPM': 104}"
2019-06-28 11:36:00,BID_DEPTH,"[(101719, 305)]"
2019-06-28 11:36:00,ASK_DEPTH,"[(102198, 249)]"
2019-06-28 11:36:00,IMBALANCE,"[305, 249]"
2019-06-28 11:36:00,HOLDINGS_UPDATED,"{'CASH': -1495968, 'JPM': 112}"
2019-06-28 11:37:00,BID_DEPTH,"[(101719, 83)]"
2019-06-28 11:37:00,ASK_DEPTH,[]
2019-06-28 11:37:00,IMBALANCE,"[83, 0]"
2019-06-28 11:38:00,BID_DEPTH,"[(100465, 251)]"
2019-06-28 11:38:00,ASK_DEPTH,"[(101719, 95)]"
2019-06-28 11:38:00,IMBALANCE,"[251, 95]"
2019-06-28 11:38:00,HOLDINGS_UPDATED,"{'CASH': -2309720, 'JPM': 120}"
2019-06-28 11:39:00,BID_DEPTH,"[(100465, 100)]"
2019-06-28 11:39:00,ASK_DEPTH,[]
2019-06-28 11:39:00,IMBALANCE,"[100, 0]"
2019-06-28 11:40:00,BID_DEPTH,"[(99965, 211)]"
2019-06-28 11:40:00,ASK_DEPTH,"[(100061, 138)]"
2019-06-28 11:40:00,IMBALANCE,"[211, 138]"
2019-06-28 11:40:00,HOLDINGS_UPDATED,"{'CASH': -3110208, 'JPM': 128}"
2019-06-28 11:41:00,BID_DEPTH,"[(99780, 189)]"
2019-06-28 11:41:00,ASK_DEPTH,"[(100061, 116)]"
2019-06-28 11:41:00,IMBALANCE,"[189, 116]"
2019-06-28 11:41:00,HOLDINGS_UPDATED,"{'CASH': -3910696, 'JPM': 136}"
2019-06-28 11:42:00,BID_DEPTH,"[(99698, 251)]"
2019-06-28 11:42:00,ASK_DEPTH,"[(99932, 178)]"
2019-06-28 11:42:00,IMBALANCE,"[251, 178]"
2019-06-28 11:42:00,HOLDINGS_UPDATED,"{'CASH': -4710152, 'JPM': 144}"
2019-06-28 11:43:00,BID_DEPTH,"[(99661, 251)]"
2019-06-28 11:43:00,ASK_DEPTH,"[(99932, 378)]"
2019-06-28 11:43:00,IMBALANCE,"[251, 378]"
2019-06-28 11:43:00,HOLDINGS_UPDATED,"{'CASH': -5509608, 'JPM': 152}"
2019-06-28 11:44:00,BID_DEPTH,"[(99661, 322)]"
2019-06-28 11:44:00,ASK_DEPTH,"[(99932, 232)]"
2019-06-28 11:44:00,IMBALANCE,"[322, 232]"
2019-06-28 11:44:00,HOLDINGS_UPDATED,"{'CASH': -6309064, 'JPM': 160}"
2019-06-28 11:45:00,BID_DEPTH,"[(99661, 251)]"
2019-06-28 11:45:00,ASK_DEPTH,"[(100057, 178)]"
2019-06-28 11:45:00,IMBALANCE,"[251, 178]"
2019-06-28 11:45:00,HOLDINGS_UPDATED,"{'CASH': -7109520, 'JPM': 168}"
2019-06-28 11:46:00,BID_DEPTH,"[(99661, 544)]"
2019-06-28 11:46:00,ASK_DEPTH,"[(101719, 471)]"
2019-06-28 11:46:00,IMBALANCE,"[544, 471]"
2019-06-28 11:46:00,HOLDINGS_UPDATED,"{'CASH': -7923272, 'JPM': 176}"
2019-06-28 11:47:00,BID_DEPTH,"[(99661, 322)]"
2019-06-28 11:47:00,ASK_DEPTH,"[(99784, 249)]"
2019-06-28 11:47:00,IMBALANCE,"[322, 249]"
2019-06-28 11:47:00,HOLDINGS_UPDATED,"{'CASH': -8721544, 'JPM': 184}"
2019-06-28 11:48:00,BID_DEPTH,"[(99660, 189)]"
2019-06-28 11:48:00,ASK_DEPTH,"[(99856, 116)]"
2019-06-28 11:48:00,IMBALANCE,"[189, 116]"
2019-06-28 11:48:00,HOLDINGS_UPDATED,"{'CASH': -9520392, 'JPM': 192}"
2019-06-28 11:49:00,BID_DEPTH,"[(99598, 322)]"
2019-06-28 11:49:00,ASK_DEPTH,"[(99856, 249)]"
2019-06-28 11:49:00,IMBALANCE,"[322, 249]"
2019-06-28 11:49:00,HOLDINGS_UPDATED,"{'CASH': -10319240, 'JPM': 200}"
2019-06-28 11:50:00,BID_DEPTH,"[(99382, 116)]"
2019-06-28 11:50:00,ASK_DEPTH,"[(99894, 189)]"
2019-06-28 11:50:00,IMBALANCE,"[116, 189]"
2019-06-28 11:50:00,HOLDINGS_UPDATED,"{'CASH': -9524184, 'JPM': 192}"
2019-06-28 11:51:00,BID_DEPTH,"[(99420, 178)]"
2019-06-28 11:51:00,ASK_DEPTH,"[(99646, 251)]"
2019-06-28 11:51:00,IMBALANCE,"[178, 251]"
2019-06-28 11:51:00,HOLDINGS_UPDATED,"{'CASH': -8728824, 'JPM': 184}"
2019-06-28 11:52:00,BID_DEPTH,"[(99646, 178)]"
2019-06-28 11:52:00,ASK_DEPTH,"[(99816, 251)]"
2019-06-28 11:52:00,IMBALANCE,"[178, 251]"
2019-06-28 11:52:00,HOLDINGS_UPDATED,"{'CASH': -7931656, 'JPM': 176}"
2019-06-28 11:53:00,BID_DEPTH,"[(99646, 216)]"
2019-06-28 11:53:00,ASK_DEPTH,"[(99894, 185)]"
2019-06-28 11:53:00,IMBALANCE,"[216, 185]"
2019-06-28 11:53:00,HOLDINGS_UPDATED,"{'CASH': -7134488, 'JPM': 168}"
2019-06-28 11:54:00,BID_DEPTH,"[(99646, 458)]"
2019-06-28 11:54:00,ASK_DEPTH,"[(100035, 544)]"
2019-06-28 11:54:00,IMBALANCE,"[458, 544]"
2019-06-28 11:54:00,HOLDINGS_UPDATED,"{'CASH': -6337320, 'JPM': 160}"
2019-06-28 11:55:00,BID_DEPTH,"[(99334, 116)]"
2019-06-28 11:55:00,ASK_DEPTH,"[(100116, 189)]"
2019-06-28 11:55:00,IMBALANCE,"[116, 189]"
2019-06-28 11:55:00,HOLDINGS_UPDATED,"{'CASH': -5542648, 'JPM': 152}"
2019-06-28 11:56:00,BID_DEPTH,"[(99332, 138)]"
2019-06-28 11:56:00,ASK_DEPTH,"[(100144, 211)]"
2019-06-28 11:56:00,IMBALANCE,"[138, 211]"
2019-06-28 11:56:00,HOLDINGS_UPDATED,"{'CASH': -4747992, 'JPM': 144}"
2019-06-28 11:57:00,BID_DEPTH,"[(99332, 316)]"
2019-06-28 11:57:00,ASK_DEPTH,"[(100144, 185)]"
2019-06-28 11:57:00,IMBALANCE,"[316, 185]"
2019-06-28 11:57:00,HOLDINGS_UPDATED,"{'CASH': -3953336, 'JPM': 136}"
2019-06-28 11:58:00,BID_DEPTH,"[(99332, 203)]"
2019-06-28 11:58:00,ASK_DEPTH,"[(100405, 189)]"
2019-06-28 11:58:00,IMBALANCE,"[203, 189]"
2019-06-28 11:58:00,HOLDINGS_UPDATED,"{'CASH': -3158680, 'JPM': 128}"
2019-06-28 11:59:00,BID_DEPTH,"[(99332, 112)]"
2019-06-28 11:59:00,ASK_DEPTH,"[(100405, 307)]"
2019-06-28 11:59:00,IMBALANCE,"[112, 307]"
2019-06-28 11:59:00,HOLDINGS_UPDATED,"{'CASH': -3059348, 'JPM': 127}"
2019-06-28 11:59:00,HOLDINGS_UPDATED,"{'CASH': -2364024, 'JPM': 120}"
2019-06-28 12:00:00,BID_DEPTH,"[(99332, 471)]"
2019-06-28 12:00:00,ASK_DEPTH,"[(99993, 544)]"
2019-06-28 12:00:00,IMBALANCE,"[471, 544]"
2019-06-28 12:00:00,HOLDINGS_UPDATED,"{'CASH': -1569368, 'JPM': 112}"
2019-06-28 12:01:00,BID_DEPTH,"[(99317, 249)]"
2019-06-28 12:01:00,ASK_DEPTH,"[(99993, 318)]"
2019-06-28 12:01:00,IMBALANCE,"[249, 318]"
2019-06-28 12:01:00,HOLDINGS_UPDATED,"{'CASH': -774832, 'JPM': 104}"
2019-06-28 12:02:00,BID_DEPTH,"[(99182, 178)]"
2019-06-28 12:02:00,ASK_DEPTH,"[(99993, 343)]"
2019-06-28 12:02:00,IMBALANCE,"[178, 343]"
2019-06-28 12:02:00,HOLDINGS_UPDATED,"{'CASH': 18624, 'JPM': 96}"
2019-06-28 12:03:00,BID_DEPTH,"[(99265, 249)]"
2019-06-28 12:03:00,ASK_DEPTH,"[(99619, 322)]"
2019-06-28 12:03:00,IMBALANCE,"[249, 322]"
2019-06-28 12:03:00,HOLDINGS_UPDATED,"{'CASH': 812744, 'JPM': 88}"
2019-06-28 12:04:00,BID_DEPTH,"[(99619, 138)]"
2019-06-28 12:04:00,ASK_DEPTH,"[(99652, 211)]"
2019-06-28 12:04:00,IMBALANCE,"[138, 211]"
2019-06-28 12:04:00,HOLDINGS_UPDATED,"{'CASH': 1609696, 'JPM': 80}"
2019-06-28 12:05:00,BID_DEPTH,"[(99619, 178)]"
2019-06-28 12:05:00,ASK_DEPTH,"[(99731, 251)]"
2019-06-28 12:05:00,IMBALANCE,"[178, 251]"
2019-06-28 12:05:00,HOLDINGS_UPDATED,"{'CASH': 2406648, 'JPM': 72}"
2019-06-28 12:06:00,BID_DEPTH,"[(99731, 116)]"
2019-06-28 12:06:00,ASK_DEPTH,"[(99795, 189)]"
2019-06-28 12:06:00,IMBALANCE,"[116, 189]"
2019-06-28 12:06:00,HOLDINGS_UPDATED,"{'CASH': 3204496, 'JPM': 64}"
2019-06-28 12:07:00,BID_DEPTH,"[(99444, 138)]"
2019-06-28 12:07:00,ASK_DEPTH,"[(99795, 211)]"
2019-06-28 12:07:00,IMBALANCE,"[138, 211]"
2019-06-28 12:07:00,HOLDINGS_UPDATED,"{'CASH': 4000048, 'JPM': 56}"
2019-06-28 12:08:00,BID_DEPTH,"[(99707, 471)]"
2019-06-28 12:08:00,ASK_DEPTH,"[(99872, 544)]"
2019-06-28 12:08:00,IMBALANCE,"[471, 544]"
2019-06-28 12:08:00,HOLDINGS_UPDATED,"{'CASH': 4797704, 'JPM': 48}"
2019-06-28 12:09:00,BID_DEPTH,"[(99444, 178)]"
2019-06-28 12:09:00,ASK_DEPTH,"[(99872, 251)]"
2019-06-28 12:09:00,IMBALANCE,"[178, 251]"
2019-06-28 12:09:00,HOLDINGS_UPDATED,"{'CASH': 5593256, 'JPM': 40}"
2019-06-28 12:10:00,BID_DEPTH,"[(99007, 178)]"
2019-06-28 12:10:00,ASK_DEPTH,"[(99890, 251)]"
2019-06-28 12:10:00,IMBALANCE,"[178, 251]"
2019-06-28 12:10:00,HOLDINGS_UPDATED,"{'CASH': 6385312, 'JPM': 32}"
2019-06-28 12:11:00,BID_DEPTH,"[(99729, 249)]"
2019-06-28 12:11:00,ASK_DEPTH,"[(99890, 322)]"
2019-06-28 12:11:00,IMBALANCE,"[249, 322]"
2019-06-28 12:11:00,HOLDINGS_UPDATED,"{'CASH': 7183144, 'JPM': 24}"
2019-06-28 12:12:00,BID_DEPTH,"[(99803, 249)]"
2019-06-28 12:12:00,ASK_DEPTH,"[(99903, 322)]"
2019-06-28 12:12:00,IMBALANCE,"[249, 322]"
2019-06-28 12:12:00,HOLDINGS_UPDATED,"{'CASH': 7981568, 'JPM': 16}"
2019-06-28 12:13:00,BID_DEPTH,"[(99803, 471)]"
2019-06-28 12:13:00,ASK_DEPTH,"[(99903, 544)]"
2019-06-28 12:13:00,IMBALANCE,"[471, 544]"
2019-06-28 12:13:00,HOLDINGS_UPDATED,"{'CASH': 8779992, 'JPM': 8}"
2019-06-28 12:14:00,BID_DEPTH,"[(99818, 178)]"
2019-06-28 12:14:00,ASK_DEPTH,"[(99903, 251)]"
2019-06-28 12:14:00,IMBALANCE,"[178, 251]"
2019-06-28 12:14:00,HOLDINGS_UPDATED,{'CASH': 9578536}
2019-06-28 12:15:00,BID_DEPTH,"[(99854, 471)]"
2019-06-28 12:15:00,ASK_DEPTH,"[(99924, 544)]"
2019-06-28 12:15:00,IMBALANCE,"[471, 544]"
2019-06-28 12:15:00,HOLDINGS_UPDATED,"{'CASH': 10377368, 'JPM': -8}"
2019-06-28 12:16:00,BID_DEPTH,"[(99854, 116)]"
2019-06-28 12:16:00,ASK_DEPTH,"[(99992, 189)]"
2019-06-28 12:16:00,IMBALANCE,"[116, 189]"
2019-06-28 12:16:00,HOLDINGS_UPDATED,"{'CASH': 11176200, 'JPM': -16}"
2019-06-28 12:17:00,BID_DEPTH,"[(99617, 138)]"
2019-06-28 12:17:00,ASK_DEPTH,"[(99991, 211)]"
2019-06-28 12:17:00,IMBALANCE,"[138, 211]"
2019-06-28 12:17:00,HOLDINGS_UPDATED,"{'CASH': 11973136, 'JPM': -24}"
2019-06-28 12:18:00,BID_DEPTH,"[(99747, 138)]"
2019-06-28 12:18:00,ASK_DEPTH,"[(99893, 211)]"
2019-06-28 12:18:00,IMBALANCE,"[138, 211]"
2019-06-28 12:18:00,HOLDINGS_UPDATED,"{'CASH': 12771112, 'JPM': -32}"
2019-06-28 12:19:00,BID_DEPTH,"[(99617, 571)]"
2019-06-28 12:19:00,ASK_DEPTH,"[(99752, 544)]"
2019-06-28 12:19:00,IMBALANCE,"[571, 544]"
2019-06-28 12:19:00,HOLDINGS_UPDATED,"{'CASH': 13568048, 'JPM': -40}"
2019-06-28 12:20:00,BID_DEPTH,"[(99617, 458)]"
2019-06-28 12:20:00,ASK_DEPTH,"[(99752, 544)]"
2019-06-28 12:20:00,IMBALANCE,"[458, 544]"
2019-06-28 12:20:00,HOLDINGS_UPDATED,"{'CASH': 14364984, 'JPM': -48}"
2019-06-28 12:21:00,BID_DEPTH,"[(98679, 249)]"
2019-06-28 12:21:00,ASK_DEPTH,"[(99752, 322)]"
2019-06-28 12:21:00,IMBALANCE,"[249, 322]"
2019-06-28 12:21:00,HOLDINGS_UPDATED,"{'CASH': 15154416, 'JPM': -56}"
2019-06-28 12:22:00,BID_DEPTH,"[(98883, 471)]"
2019-06-28 12:22:00,ASK_DEPTH,"[(99752, 544)]"
2019-06-28 12:22:00,IMBALANCE,"[471, 544]"
2019-06-28 12:22:00,HOLDINGS_UPDATED,"{'CASH': 15945480, 'JPM': -64}"
2019-06-28 12:23:00,BID_DEPTH,"[(98883, 116)]"
2019-06-28 12:23:00,ASK_DEPTH,"[(99088, 189)]"
2019-06-28 12:23:00,IMBALANCE,"[116, 189]"
2019-06-28 12:23:00,HOLDINGS_UPDATED,"{'CASH': 16736544, 'JPM': -72}"
2019-06-28 12:24:00,BID_DEPTH,"[(98883, 216)]"
2019-06-28 12:24:00,ASK_DEPTH,"[(99342, 189)]"
2019-06-28 12:24:00,IMBALANCE,"[216, 189]"
2019-06-28 12:24:00,HOLDINGS_UPDATED,"{'CASH': 17527608, 'JPM': -80}"
2019-06-28 12:25:00,BID_DEPTH,"[(99517, 138)]"
2019-06-28 12:25:00,ASK_DEPTH,"[(99752, 211)]"
2019-06-28 12:25:00,IMBALANCE,"[138, 211]"
2019-06-28 12:25:00,HOLDINGS_UPDATED,"{'CASH': 18323744, 'JPM': -88}"
2019-06-28 12:26:00,BID_DEPTH,"[(98883, 236)]"
2019-06-28 12:26:00,ASK_DEPTH,"[(99663, 322)]"
2019-06-28 12:26:00,IMBALANCE,"[236, 322]"
2019-06-28 12:26:00,HOLDINGS_UPDATED,"{'CASH': 19114808, 'JPM': -96}"
2019-06-28 12:27:00,BID_DEPTH,"[(99223, 138)]"
2019-06-28 12:27:00,ASK_DEPTH,"[(99620, 211)]"
2019-06-28 12:27:00,IMBALANCE,"[138, 211]"
2019-06-28 12:27:00,HOLDINGS_UPDATED,"{'CASH': 19908592, 'JPM': -104}"
2019-06-28 12:28:00,BID_DEPTH,"[(99401, 116)]"
2019-06-28 12:28:00,ASK_DEPTH,"[(99406, 189)]"
2019-06-28 12:28:00,IMBALANCE,"[116, 189]"
2019-06-28 12:28:00,HOLDINGS_UPDATED,"{'CASH': 20703800, 'JPM': -112}"
2019-06-28 12:29:00,BID_DEPTH,"[(99308, 249)]"
2019-06-28 12:29:00,ASK_DEPTH,"[(99406, 322)]"
2019-06-28 12:29:00,IMBALANCE,"[249, 322]"
2019-06-28 12:29:00,HOLDINGS_UPDATED,"{'CASH': 21498264, 'JPM': -120}"
2019-06-28 12:30:00,BID_DEPTH,"[(98908, 471)]"
2019-06-28 12:30:00,ASK_DEPTH,"[(99308, 635)]"
2019-06-28 12:30:00,IMBALANCE,"[471, 635]"
2019-06-28 12:30:00,HOLDINGS_UPDATED,"{'CASH': 22289528, 'JPM': -128}"
2019-06-28 12:31:00,BID_DEPTH,"[(98703, 178)]"
2019-06-28 12:31:00,ASK_DEPTH,"[(98705, 251)]"
2019-06-28 12:31:00,IMBALANCE,"[178, 251]"
2019-06-28 12:31:00,HOLDINGS_UPDATED,"{'CASH': 23079152, 'JPM': -136}"
2019-06-28 12:32:00,BID_DEPTH,"[(98618, 471)]"
2019-06-28 12:32:00,ASK_DEPTH,"[(98705, 544)]"
2019-06-28 12:32:00,IMBALANCE,"[471, 544]"
2019-06-28 12:32:00,HOLDINGS_UPDATED,"{'CASH': 23868096, 'JPM': -144}"
2019-06-28 12:33:00,BID_DEPTH,"[(98618, 471)]"
2019-06-28 12:33:00,ASK_DEPTH,"[(98684, 544)]"
2019-06-28 12:33:00,IMBALANCE,"[471, 544]"
2019-06-28 12:33:00,HOLDINGS_UPDATED,"{'CASH': 24657040, 'JPM': -152}"
2019-06-28 12:34:00,BID_DEPTH,"[(98568, 178)]"
2019-06-28 12:34:00,ASK_DEPTH,"[(98684, 251)]"
2019-06-28 12:34:00,IMBALANCE,"[178, 251]"
2019-06-28 12:34:00,HOLDINGS_UPDATED,"{'CASH': 25445584, 'JPM': -160}"
2019-06-28 12:35:00,BID_DEPTH,"[(98243, 178)]"
2019-06-28 12:35:00,ASK_DEPTH,"[(98684, 251)]"
2019-06-28 12:35:00,IMBALANCE,"[178, 251]"
2019-06-28 12:35:00,HOLDINGS_UPDATED,"{'CASH': 26231528, 'JPM': -168}"
2019-06-28 12:36:00,BID_DEPTH,"[(98157, 116)]"
2019-06-28 12:36:00,ASK_DEPTH,"[(98684, 189)]"
2019-06-28 12:36:00,IMBALANCE,"[116, 189]"
2019-06-28 12:36:00,HOLDINGS_UPDATED,"{'CASH': 27016784, 'JPM': -176}"
2019-06-28 12:37:00,BID_DEPTH,"[(97911, 116)]"
2019-06-28 12:37:00,ASK_DEPTH,"[(98157, 189)]"
2019-06-28 12:37:00,IMBALANCE,"[116, 189]"
2019-06-28 12:37:00,HOLDINGS_UPDATED,"{'CASH': 27800072, 'JPM': -184}"
2019-06-28 12:38:00,BID_DEPTH,"[(97442, 178)]"
2019-06-28 12:38:00,ASK_DEPTH,"[(97575, 251)]"
2019-06-28 12:38:00,IMBALANCE,"[178, 251]"
2019-06-28 12:38:00,HOLDINGS_UPDATED,"{'CASH': 28579608, 'JPM': -192}"
2019-06-28 12:39:00,BID_DEPTH,"[(97359, 178)]"
2019-06-28 12:39:00,ASK_DEPTH,"[(97651, 251)]"
2019-06-28 12:39:00,IMBALANCE,"[178, 251]"
2019-06-28 12:39:00,HOLDINGS_UPDATED,"{'CASH': 29358480, 'JPM': -200}"
2019-06-28 12:40:00,BID_DEPTH,"[(97359, 238)]"
2019-06-28 12:40:00,ASK_DEPTH,"[(97714, 211)]"
2019-06-28 12:40:00,IMBALANCE,"[238, 211]"
2019-06-28 12:40:00,HOLDINGS_UPDATED,"{'CASH': 30137352, 'JPM': -208}"
2019-06-28 12:41:00,BID_DEPTH,"[(97359, 165)]"
2019-06-28 12:41:00,ASK_DEPTH,"[(97714, 251)]"
2019-06-28 12:41:00,IMBALANCE,"[165, 251]"
2019-06-28 12:41:00,HOLDINGS_UPDATED,"{'CASH': 30916224, 'JPM': -216}"
2019-06-28 12:42:00,BID_DEPTH,"[(97359, 471)]"
2019-06-28 12:42:00,ASK_DEPTH,"[(97714, 544)]"
2019-06-28 12:42:00,IMBALANCE,"[471, 544]"
2019-06-28 12:42:00,HOLDINGS_UPDATED,"{'CASH': 31695096, 'JPM': -224}"
2019-06-28 12:43:00,BID_DEPTH,"[(97714, 116)]"
2019-06-28 12:43:00,ASK_DEPTH,"[(97758, 189)]"
2019-06-28 12:43:00,IMBALANCE,"[116, 189]"
2019-06-28 12:43:00,HOLDINGS_UPDATED,"{'CASH': 32476808, 'JPM': -232}"
2019-06-28 12:44:00,BID_DEPTH,"[(97911, 227)]"
2019-06-28 12:44:00,ASK_DEPTH,"[(97929, 251)]"
2019-06-28 12:44:00,IMBALANCE,"[227, 251]"
2019-06-28 12:44:00,HOLDINGS_UPDATED,"{'CASH': 33260096, 'JPM': -240}"
2019-06-28 12:45:00,BID_DEPTH,"[(97911, 407)]"
2019-06-28 12:45:00,ASK_DEPTH,"[(99073, 544)]"
2019-06-28 12:45:00,IMBALANCE,"[407, 544]"
2019-06-28 12:45:00,HOLDINGS_UPDATED,"{'CASH': 34043384, 'JPM': -248}"
2019-06-28 12:46:00,BID_DEPTH,"[(97113, 249)]"
2019-06-28 12:46:00,ASK_DEPTH,"[(99075, 322)]"
2019-06-28 12:46:00,IMBALANCE,"[249, 322]"
2019-06-28 12:46:00,HOLDINGS_UPDATED,"{'CASH': 34820288, 'JPM': -256}"
2019-06-28 12:47:00,BID_DEPTH,"[(98934, 116)]"
2019-06-28 12:47:00,ASK_DEPTH,"[(98943, 189)]"
2019-06-28 12:47:00,IMBALANCE,"[116, 189]"
2019-06-28 12:47:00,HOLDINGS_UPDATED,"{'CASH': 35611760, 'JPM': -264}"
2019-06-28 12:48:00,BID_DEPTH,"[(97113, 238)]"
2019-06-28 12:48:00,ASK_DEPTH,"[(99075, 211)]"
2019-06-28 12:48:00,IMBALANCE,"[238, 211]"
2019-06-28 12:48:00,HOLDINGS_UPDATED,"{'CASH': 36388664, 'JPM': -272}"
2019-06-28 12:49:00,BID_DEPTH,"[(97113, 165)]"
2019-06-28 12:49:00,ASK_DEPTH,"[(99245, 251)]"
2019-06-28 12:49:00,IMBALANCE,"[165, 251]"
2019-06-28 12:49:00,HOLDINGS_UPDATED,"{'CASH': 37165568, 'JPM': -280}"
2019-06-28 12:50:00,BID_DEPTH,[]
2019-06-28 12:50:00,ASK_DEPTH,"[(99393, 100)]"
2019-06-28 12:50:00,IMBALANCE,"[0, 100]"
2019-06-28 12:51:00,BID_DEPTH,"[(99245, 116)]"
2019-06-28 12:51:00,ASK_DEPTH,"[(99773, 189)]"
2019-06-28 12:51:00,IMBALANCE,"[116, 189]"
2019-06-28 12:51:00,HOLDINGS_UPDATED,"{'CASH': 37959528, 'JPM': -288}"
2019-06-28 12:52:00,BID_DEPTH,"[(99773, 178)]"
2019-06-28 12:52:00,ASK_DEPTH,"[(99866, 251)]"
2019-06-28 12:52:00,IMBALANCE,"[178, 251]"
2019-06-28 12:52:00,HOLDINGS_UPDATED,"{'CASH': 38757712, 'JPM': -296}"
2019-06-28 12:53:00,BID_DEPTH,"[(99773, 116)]"
2019-06-28 12:53:00,ASK_DEPTH,"[(99866, 189)]"
2019-06-28 12:53:00,IMBALANCE,"[116, 189]"
2019-06-28 12:53:00,HOLDINGS_UPDATED,"{'CASH': 39555896, 'JPM': -304}"
2019-06-28 12:54:00,BID_DEPTH,"[(99773, 249)]"
2019-06-28 12:54:00,ASK_DEPTH,"[(99892, 322)]"
2019-06-28 12:54:00,IMBALANCE,"[249, 322]"
2019-06-28 12:54:00,HOLDINGS_UPDATED,"{'CASH': 40354080, 'JPM': -312}"
2019-06-28 12:55:00,BID_DEPTH,[]
2019-06-28 12:55:00,ASK_DEPTH,"[(99993, 88)]"
2019-06-28 12:55:00,IMBALANCE,"[0, 88]"
2019-06-28 12:56:00,BID_DEPTH,"[(99993, 261)]"
2019-06-28 12:56:00,ASK_DEPTH,"[(100010, 322)]"
2019-06-28 12:56:00,IMBALANCE,"[261, 322]"
2019-06-28 12:56:00,HOLDINGS_UPDATED,"{'CASH': 41154024, 'JPM': -320}"
2019-06-28 12:57:00,BID_DEPTH,"[(99972, 116)]"
2019-06-28 12:57:00,ASK_DEPTH,"[(100285, 189)]"
2019-06-28 12:57:00,IMBALANCE,"[116, 189]"
2019-06-28 12:57:00,HOLDINGS_UPDATED,"{'CASH': 41953800, 'JPM': -328}"
2019-06-28 12:58:00,BID_DEPTH,"[(99589, 178)]"
2019-06-28 12:58:00,ASK_DEPTH,"[(99806, 251)]"
2019-06-28 12:58:00,IMBALANCE,"[178, 251]"
2019-06-28 12:58:00,HOLDINGS_UPDATED,"{'CASH': 42750512, 'JPM': -336}"
2019-06-28 12:59:00,BID_DEPTH,[]
2019-06-28 12:59:00,ASK_DEPTH,"[(99806, 100)]"
2019-06-28 12:59:00,IMBALANCE,"[0, 100]"
2019-06-28 13:00:00,BID_DEPTH,[]
2019-06-28 13:00:00,ASK_DEPTH,"[(99740, 100)]"
2019-06-28 13:00:00,IMBALANCE,"[0, 100]"
2019-06-28 13:01:00,BID_DEPTH,[]
2019-06-28 13:01:00,ASK_DEPTH,"[(99740, 100)]"
2019-06-28 13:01:00,IMBALANCE,"[0, 100]"
2019-06-28 13:02:00,BID_DEPTH,[]
2019-06-28 13:02:00,ASK_DEPTH,"[(99740, 100)]"
2019-06-28 13:02:00,IMBALANCE,"[0, 100]"
2019-06-28 13:03:00,BID_DEPTH,"[(99740, 116)]"
2019-06-28 13:03:00,ASK_DEPTH,"[(99892, 100)]"
2019-06-28 13:03:00,IMBALANCE,"[116, 100]"
2019-06-28 13:03:00,HOLDINGS_UPDATED,"{'CASH': 43548432, 'JPM': -344}"
2019-06-28 13:04:00,BID_DEPTH,"[(99289, 116)]"
2019-06-28 13:04:00,ASK_DEPTH,"[(100287, 289)]"
2019-06-28 13:04:00,IMBALANCE,"[116, 289]"
2019-06-28 13:04:00,HOLDINGS_UPDATED,"{'CASH': 44342744, 'JPM': -352}"
2019-06-28 13:05:00,BID_DEPTH,"[(100287, 116)]"
2019-06-28 13:05:00,ASK_DEPTH,"[(100370, 189)]"
2019-06-28 13:05:00,IMBALANCE,"[116, 189]"
2019-06-28 13:05:00,HOLDINGS_UPDATED,"{'CASH': 45145040, 'JPM': -360}"
2019-06-28 13:06:00,BID_DEPTH,"[(100142, 116)]"
2019-06-28 13:06:00,ASK_DEPTH,"[(100374, 189)]"
2019-06-28 13:06:00,IMBALANCE,"[116, 189]"
2019-06-28 13:06:00,HOLDINGS_UPDATED,"{'CASH': 45946176, 'JPM': -368}"
2019-06-28 13:07:00,BID_DEPTH,"[(100152, 189)]"
2019-06-28 13:07:00,ASK_DEPTH,"[(100241, 116)]"
2019-06-28 13:07:00,IMBALANCE,"[189, 116]"
2019-06-28 13:07:00,HOLDINGS_UPDATED,"{'CASH': 45144248, 'JPM': -360}"
2019-06-28 13:08:00,BID_DEPTH,"[(99289, 322)]"
2019-06-28 13:08:00,ASK_DEPTH,"[(100152, 249)]"
2019-06-28 13:08:00,IMBALANCE,"[322, 249]"
2019-06-28 13:08:00,HOLDINGS_UPDATED,"{'CASH': 44343032, 'JPM': -352}"
2019-06-28 13:09:00,BID_DEPTH,"[(99644, 211)]"
2019-06-28 13:09:00,ASK_DEPTH,"[(99987, 138)]"
2019-06-28 13:09:00,IMBALANCE,"[211, 138]"
2019-06-28 13:09:00,HOLDINGS_UPDATED,"{'CASH': 43543136, 'JPM': -344}"
2019-06-28 13:10:00,BID_DEPTH,"[(99990, 251)]"
2019-06-28 13:10:00,ASK_DEPTH,"[(100078, 178)]"
2019-06-28 13:10:00,IMBALANCE,"[251, 178]"
2019-06-28 13:10:00,HOLDINGS_UPDATED,"{'CASH': 42742512, 'JPM': -336}"
2019-06-28 13:11:00,BID_DEPTH,"[(99990, 251)]"
2019-06-28 13:11:00,ASK_DEPTH,"[(100002, 178)]"
2019-06-28 13:11:00,IMBALANCE,"[251, 178]"
2019-06-28 13:11:00,HOLDINGS_UPDATED,"{'CASH': 41942496, 'JPM': -328}"
2019-06-28 13:12:00,BID_DEPTH,"[(99782, 322)]"
2019-06-28 13:12:00,ASK_DEPTH,"[(99990, 249)]"
2019-06-28 13:12:00,IMBALANCE,"[322, 249]"
2019-06-28 13:12:00,HOLDINGS_UPDATED,"{'CASH': 41142576, 'JPM': -320}"
2019-06-28 13:13:00,BID_DEPTH,"[(99644, 544)]"
2019-06-28 13:13:00,ASK_DEPTH,"[(100078, 471)]"
2019-06-28 13:13:00,IMBALANCE,"[544, 471]"
2019-06-28 13:13:00,HOLDINGS_UPDATED,"{'CASH': 40341952, 'JPM': -312}"
2019-06-28 13:14:00,BID_DEPTH,"[(99289, 540)]"
2019-06-28 13:14:00,ASK_DEPTH,"[(100152, 471)]"
2019-06-28 13:14:00,IMBALANCE,"[540, 471]"
2019-06-28 13:14:00,HOLDINGS_UPDATED,"{'CASH': 39540736, 'JPM': -304}"
2019-06-28 13:15:00,BID_DEPTH,"[(99137, 211)]"
2019-06-28 13:15:00,ASK_DEPTH,"[(100424, 138)]"
2019-06-28 13:15:00,IMBALANCE,"[211, 138]"
2019-06-28 13:15:00,HOLDINGS_UPDATED,"{'CASH': 38737344, 'JPM': -296}"
2019-06-28 13:16:00,BID_DEPTH,"[(99137, 418)]"
2019-06-28 13:16:00,ASK_DEPTH,"[(99367, 249)]"
2019-06-28 13:16:00,IMBALANCE,"[418, 249]"
2019-06-28 13:16:00,HOLDINGS_UPDATED,"{'CASH': 37942408, 'JPM': -288}"
2019-06-28 13:17:00,BID_DEPTH,"[(99137, 536)]"
2019-06-28 13:17:00,ASK_DEPTH,"[(100424, 471)]"
2019-06-28 13:17:00,IMBALANCE,"[536, 471]"
2019-06-28 13:17:00,HOLDINGS_UPDATED,"{'CASH': 37139016, 'JPM': -280}"
2019-06-28 13:18:00,BID_DEPTH,"[(99137, 544)]"
2019-06-28 13:18:00,ASK_DEPTH,"[(100430, 471)]"
2019-06-28 13:18:00,IMBALANCE,"[544, 471]"
2019-06-28 13:18:00,HOLDINGS_UPDATED,"{'CASH': 36335576, 'JPM': -272}"
2019-06-28 13:19:00,BID_DEPTH,"[(99043, 322)]"
2019-06-28 13:19:00,ASK_DEPTH,"[(100430, 249)]"
2019-06-28 13:19:00,IMBALANCE,"[322, 249]"
2019-06-28 13:19:00,HOLDINGS_UPDATED,"{'CASH': 35532136, 'JPM': -264}"
2019-06-28 13:20:00,BID_DEPTH,"[(99043, 247)]"
2019-06-28 13:20:00,ASK_DEPTH,"[(100430, 278)]"
2019-06-28 13:20:00,IMBALANCE,"[247, 278]"
2019-06-28 13:20:00,HOLDINGS_UPDATED,"{'CASH': 34728696, 'JPM': -256}"
2019-06-28 13:21:00,BID_DEPTH,"[(99043, 181)]"
2019-06-28 13:21:00,ASK_DEPTH,"[(100430, 103)]"
2019-06-28 13:21:00,IMBALANCE,"[181, 103]"
2019-06-28 13:21:00,HOLDINGS_UPDATED,"{'CASH': 33925256, 'JPM': -248}"
2019-06-28 13:22:00,BID_DEPTH,"[(99043, 199)]"
2019-06-28 13:22:00,ASK_DEPTH,"[(99436, 138)]"
2019-06-28 13:22:00,IMBALANCE,"[199, 138]"
2019-06-28 13:22:00,HOLDINGS_UPDATED,"{'CASH': 33129768, 'JPM': -240}"
2019-06-28 13:23:00,BID_DEPTH,"[(99462, 251)]"
2019-06-28 13:23:00,ASK_DEPTH,"[(100442, 178)]"
2019-06-28 13:23:00,IMBALANCE,"[251, 178]"
2019-06-28 13:23:00,HOLDINGS_UPDATED,"{'CASH': 32326232, 'JPM': -232}"
2019-06-28 13:24:00,BID_DEPTH,"[(99462, 540)]"
2019-06-28 13:24:00,ASK_DEPTH,"[(99695, 471)]"
2019-06-28 13:24:00,IMBALANCE,"[540, 471]"
2019-06-28 13:24:00,HOLDINGS_UPDATED,"{'CASH': 31528672, 'JPM': -224}"
2019-06-28 13:25:00,BID_DEPTH,"[(99462, 314)]"
2019-06-28 13:25:00,ASK_DEPTH,"[(100222, 249)]"
2019-06-28 13:25:00,IMBALANCE,"[314, 249]"
2019-06-28 13:25:00,HOLDINGS_UPDATED,"{'CASH': 30726896, 'JPM': -216}"
2019-06-28 13:26:00,BID_DEPTH,"[(100230, 189)]"
2019-06-28 13:26:00,ASK_DEPTH,"[(100371, 116)]"
2019-06-28 13:26:00,IMBALANCE,"[189, 116]"
2019-06-28 13:26:00,HOLDINGS_UPDATED,"{'CASH': 29923928, 'JPM': -208}"
2019-06-28 13:27:00,BID_DEPTH,"[(99462, 632)]"
2019-06-28 13:27:00,ASK_DEPTH,"[(100344, 471)]"
2019-06-28 13:27:00,IMBALANCE,"[632, 471]"
2019-06-28 13:27:00,HOLDINGS_UPDATED,"{'CASH': 29121176, 'JPM': -200}"
2019-06-28 13:28:00,BID_DEPTH,"[(99462, 632)]"
2019-06-28 13:28:00,ASK_DEPTH,"[(100371, 571)]"
2019-06-28 13:28:00,IMBALANCE,"[632, 571]"
2019-06-28 13:28:00,HOLDINGS_UPDATED,"{'CASH': 28318208, 'JPM': -192}"
2019-06-28 13:29:00,BID_DEPTH,"[(100371, 211)]"
2019-06-28 13:29:00,ASK_DEPTH,"[(100377, 138)]"
2019-06-28 13:29:00,IMBALANCE,"[211, 138]"
2019-06-28 13:29:00,HOLDINGS_UPDATED,"{'CASH': 27515192, 'JPM': -184}"
2019-06-28 13:30:00,BID_DEPTH,"[(100377, 322)]"
2019-06-28 13:30:00,ASK_DEPTH,"[(100560, 249)]"
2019-06-28 13:30:00,IMBALANCE,"[322, 249]"
2019-06-28 13:30:00,HOLDINGS_UPDATED,"{'CASH': 26710712, 'JPM': -176}"
2019-06-28 13:31:00,BID_DEPTH,"[(100377, 211)]"
2019-06-28 13:31:00,ASK_DEPTH,"[(100588, 138)]"
2019-06-28 13:31:00,IMBALANCE,"[211, 138]"
2019-06-28 13:31:00,HOLDINGS_UPDATED,"{'CASH': 25906008, 'JPM': -168}"
2019-06-28 13:32:00,BID_DEPTH,"[(100377, 251)]"
2019-06-28 13:32:00,ASK_DEPTH,"[(100494, 178)]"
2019-06-28 13:32:00,IMBALANCE,"[251, 178]"
2019-06-28 13:32:00,HOLDINGS_UPDATED,"{'CASH': 25102056, 'JPM': -160}"
2019-06-28 13:33:00,BID_DEPTH,"[(100584, 322)]"
2019-06-28 13:33:00,ASK_DEPTH,"[(100679, 249)]"
2019-06-28 13:33:00,IMBALANCE,"[322, 249]"
2019-06-28 13:33:00,HOLDINGS_UPDATED,"{'CASH': 24296624, 'JPM': -152}"
2019-06-28 13:34:00,BID_DEPTH,"[(100679, 211)]"
2019-06-28 13:34:00,ASK_DEPTH,"[(100979, 138)]"
2019-06-28 13:34:00,IMBALANCE,"[211, 138]"
2019-06-28 13:34:00,HOLDINGS_UPDATED,"{'CASH': 23488792, 'JPM': -144}"
2019-06-28 13:35:00,BID_DEPTH,"[(100679, 189)]"
2019-06-28 13:35:00,ASK_DEPTH,"[(100987, 116)]"
2019-06-28 13:35:00,IMBALANCE,"[189, 116]"
2019-06-28 13:35:00,HOLDINGS_UPDATED,"{'CASH': 22680896, 'JPM': -136}"
2019-06-28 13:36:00,BID_DEPTH,"[(100888, 544)]"
2019-06-28 13:36:00,ASK_DEPTH,"[(101105, 471)]"
2019-06-28 13:36:00,IMBALANCE,"[544, 471]"
2019-06-28 13:36:00,HOLDINGS_UPDATED,"{'CASH': 21872056, 'JPM': -128}"
2019-06-28 13:37:00,BID_DEPTH,"[(101020, 211)]"
2019-06-28 13:37:00,ASK_DEPTH,"[(101175, 138)]"
2019-06-28 13:37:00,IMBALANCE,"[211, 138]"
2019-06-28 13:37:00,HOLDINGS_UPDATED,"{'CASH': 21062656, 'JPM': -120}"
2019-06-28 13:38:00,BID_DEPTH,"[(101020, 544)]"
2019-06-28 13:38:00,ASK_DEPTH,"[(101154, 471)]"
2019-06-28 13:38:00,IMBALANCE,"[544, 471]"
2019-06-28 13:38:00,HOLDINGS_UPDATED,"{'CASH': 20253424, 'JPM': -112}"
2019-06-28 13:39:00,BID_DEPTH,"[(100996, 100)]"
2019-06-28 13:39:00,ASK_DEPTH,[]
2019-06-28 13:39:00,IMBALANCE,"[100, 0]"
2019-06-28 13:40:00,BID_DEPTH,"[(100659, 544)]"
2019-06-28 13:40:00,ASK_DEPTH,"[(100730, 471)]"
2019-06-28 13:40:00,IMBALANCE,"[544, 471]"
2019-06-28 13:40:00,HOLDINGS_UPDATED,"{'CASH': 19447584, 'JPM': -104}"
2019-06-28 13:41:00,BID_DEPTH,"[(100645, 544)]"
2019-06-28 13:41:00,ASK_DEPTH,"[(100996, 471)]"
2019-06-28 13:41:00,IMBALANCE,"[544, 471]"
2019-06-28 13:41:00,HOLDINGS_UPDATED,"{'CASH': 18639616, 'JPM': -96}"
2019-06-28 13:42:00,BID_DEPTH,"[(100532, 189)]"
2019-06-28 13:42:00,ASK_DEPTH,"[(100645, 116)]"
2019-06-28 13:42:00,IMBALANCE,"[189, 116]"
2019-06-28 13:42:00,HOLDINGS_UPDATED,"{'CASH': 17834456, 'JPM': -88}"
2019-06-28 13:43:00,BID_DEPTH,"[(100532, 251)]"
2019-06-28 13:43:00,ASK_DEPTH,"[(100645, 178)]"
2019-06-28 13:43:00,IMBALANCE,"[251, 178]"
2019-06-28 13:43:00,HOLDINGS_UPDATED,"{'CASH': 17029296, 'JPM': -80}"
2019-06-28 13:44:00,BID_DEPTH,"[(100532, 189)]"
2019-06-28 13:44:00,ASK_DEPTH,"[(100897, 116)]"
2019-06-28 13:44:00,IMBALANCE,"[189, 116]"
2019-06-28 13:44:00,HOLDINGS_UPDATED,"{'CASH': 16222120, 'JPM': -72}"
2019-06-28 13:45:00,BID_DEPTH,"[(100532, 100)]"
2019-06-28 13:45:00,ASK_DEPTH,[]
2019-06-28 13:45:00,IMBALANCE,"[100, 0]"
2019-06-28 13:46:00,BID_DEPTH,"[(100532, 211)]"
2019-06-28 13:46:00,ASK_DEPTH,"[(100897, 138)]"
2019-06-28 13:46:00,IMBALANCE,"[211, 138]"
2019-06-28 13:46:00,HOLDINGS_UPDATED,"{'CASH': 15414944, 'JPM': -64}"
2019-06-28 13:47:00,BID_DEPTH,"[(100489, 211)]"
2019-06-28 13:47:00,ASK_DEPTH,"[(100506, 138)]"
2019-06-28 13:47:00,IMBALANCE,"[211, 138]"
2019-06-28 13:47:00,HOLDINGS_UPDATED,"{'CASH': 14610896, 'JPM': -56}"
2019-06-28 13:48:00,BID_DEPTH,"[(100607, 211)]"
2019-06-28 13:48:00,ASK_DEPTH,"[(100692, 138)]"
2019-06-28 13:48:00,IMBALANCE,"[211, 138]"
2019-06-28 13:48:00,HOLDINGS_UPDATED,"{'CASH': 13805360, 'JPM': -48}"
2019-06-28 13:49:00,BID_DEPTH,"[(100699, 189)]"
2019-06-28 13:49:00,ASK_DEPTH,"[(100927, 116)]"
2019-06-28 13:49:00,IMBALANCE,"[189, 116]"
2019-06-28 13:49:00,HOLDINGS_UPDATED,"{'CASH': 12997944, 'JPM': -40}"
2019-06-28 13:50:00,BID_DEPTH,"[(100751, 544)]"
2019-06-28 13:50:00,ASK_DEPTH,"[(101061, 471)]"
2019-06-28 13:50:00,IMBALANCE,"[544, 471]"
2019-06-28 13:50:00,HOLDINGS_UPDATED,"{'CASH': 12189456, 'JPM': -32}"
2019-06-28 13:51:00,BID_DEPTH,"[(100751, 251)]"
2019-06-28 13:51:00,ASK_DEPTH,"[(100868, 178)]"
2019-06-28 13:51:00,IMBALANCE,"[251, 178]"
2019-06-28 13:51:00,HOLDINGS_UPDATED,"{'CASH': 11382512, 'JPM': -24}"
2019-06-28 13:52:00,BID_DEPTH,"[(100798, 322)]"
2019-06-28 13:52:00,ASK_DEPTH,"[(100832, 249)]"
2019-06-28 13:52:00,IMBALANCE,"[322, 249]"
2019-06-28 13:52:00,HOLDINGS_UPDATED,"{'CASH': 10575856, 'JPM': -16}"
2019-06-28 13:53:00,BID_DEPTH,"[(100699, 211)]"
2019-06-28 13:53:00,ASK_DEPTH,"[(100798, 238)]"
2019-06-28 13:53:00,IMBALANCE,"[211, 238]"
2019-06-28 13:53:00,HOLDINGS_UPDATED,"{'CASH': 9769472, 'JPM': -8}"
2019-06-28 13:54:00,BID_DEPTH,"[(100489, 322)]"
2019-06-28 13:54:00,ASK_DEPTH,"[(100798, 236)]"
2019-06-28 13:54:00,IMBALANCE,"[322, 236]"
2019-06-28 13:54:00,HOLDINGS_UPDATED,{'CASH': 8963088}
2019-06-28 13:55:00,BID_DEPTH,"[(99715, 251)]"
2019-06-28 13:55:00,ASK_DEPTH,"[(100489, 178)]"
2019-06-28 13:55:00,IMBALANCE,"[251, 178]"
2019-06-28 13:55:00,HOLDINGS_UPDATED,"{'CASH': 8159176, 'JPM': 8}"
2019-06-28 13:56:00,BID_DEPTH,"[(99708, 322)]"
2019-06-28 13:56:00,ASK_DEPTH,"[(100091, 249)]"
2019-06-28 13:56:00,IMBALANCE,"[322, 249]"
2019-06-28 13:56:00,HOLDINGS_UPDATED,"{'CASH': 7358448, 'JPM': 16}"
2019-06-28 13:57:00,BID_DEPTH,"[(99662, 251)]"
2019-06-28 13:57:00,ASK_DEPTH,"[(100091, 378)]"
2019-06-28 13:57:00,IMBALANCE,"[251, 378]"
2019-06-28 13:57:00,HOLDINGS_UPDATED,"{'CASH': 6557720, 'JPM': 24}"
2019-06-28 13:58:00,BID_DEPTH,"[(99371, 211)]"
2019-06-28 13:58:00,ASK_DEPTH,"[(100090, 138)]"
2019-06-28 13:58:00,IMBALANCE,"[211, 138]"
2019-06-28 13:58:00,HOLDINGS_UPDATED,"{'CASH': 5757000, 'JPM': 32}"
2019-06-28 13:59:00,BID_DEPTH,"[(99651, 544)]"
2019-06-28 13:59:00,ASK_DEPTH,"[(100090, 471)]"
2019-06-28 13:59:00,IMBALANCE,"[544, 471]"
2019-06-28 13:59:00,HOLDINGS_UPDATED,"{'CASH': 4956280, 'JPM': 40}"
2019-06-28 14:00:00,BID_DEPTH,"[(99325, 211)]"
2019-06-28 14:00:00,ASK_DEPTH,"[(100091, 125)]"
2019-06-28 14:00:00,IMBALANCE,"[211, 125]"
2019-06-28 14:00:00,HOLDINGS_UPDATED,"{'CASH': 4155552, 'JPM': 48}"
2019-06-28 14:01:00,BID_DEPTH,"[(99871, 251)]"
2019-06-28 14:01:00,ASK_DEPTH,"[(100228, 178)]"
2019-06-28 14:01:00,IMBALANCE,"[251, 178]"
2019-06-28 14:01:00,HOLDINGS_UPDATED,"{'CASH': 3353728, 'JPM': 56}"
2019-06-28 14:02:00,BID_DEPTH,"[(99871, 211)]"
2019-06-28 14:02:00,ASK_DEPTH,"[(100087, 138)]"
2019-06-28 14:02:00,IMBALANCE,"[211, 138]"
2019-06-28 14:02:00,HOLDINGS_UPDATED,"{'CASH': 2553032, 'JPM': 64}"
2019-06-28 14:03:00,BID_DEPTH,"[(99871, 251)]"
2019-06-28 14:03:00,ASK_DEPTH,"[(100228, 178)]"
2019-06-28 14:03:00,IMBALANCE,"[251, 178]"
2019-06-28 14:03:00,HOLDINGS_UPDATED,"{'CASH': 1751208, 'JPM': 72}"
2019-06-28 14:04:00,BID_DEPTH,"[(99765, 211)]"
2019-06-28 14:04:00,ASK_DEPTH,"[(100228, 138)]"
2019-06-28 14:04:00,IMBALANCE,"[211, 138]"
2019-06-28 14:04:00,HOLDINGS_UPDATED,"{'CASH': 949384, 'JPM': 80}"
2019-06-28 14:05:00,BID_DEPTH,"[(99765, 189)]"
2019-06-28 14:05:00,ASK_DEPTH,"[(99901, 116)]"
2019-06-28 14:05:00,IMBALANCE,"[189, 116]"
2019-06-28 14:05:00,HOLDINGS_UPDATED,"{'CASH': 150176, 'JPM': 88}"
2019-06-28 14:06:00,BID_DEPTH,"[(99615, 471)]"
2019-06-28 14:06:00,ASK_DEPTH,"[(99901, 644)]"
2019-06-28 14:06:00,IMBALANCE,"[471, 644]"
2019-06-28 14:06:00,HOLDINGS_UPDATED,"{'CASH': 947096, 'JPM': 80}"
2019-06-28 14:07:00,BID_DEPTH,"[(99325, 138)]"
2019-06-28 14:07:00,ASK_DEPTH,"[(99901, 307)]"
2019-06-28 14:07:00,IMBALANCE,"[138, 307]"
2019-06-28 14:07:00,HOLDINGS_UPDATED,"{'CASH': 1741696, 'JPM': 72}"
2019-06-28 14:08:00,BID_DEPTH,"[(99311, 249)]"
2019-06-28 14:08:00,ASK_DEPTH,"[(99901, 414)]"
2019-06-28 14:08:00,IMBALANCE,"[249, 414]"
2019-06-28 14:08:00,HOLDINGS_UPDATED,"{'CASH': 2536184, 'JPM': 64}"
2019-06-28 14:09:00,BID_DEPTH,"[(99311, 249)]"
2019-06-28 14:09:00,ASK_DEPTH,"[(99901, 310)]"
2019-06-28 14:09:00,IMBALANCE,"[249, 310]"
2019-06-28 14:09:00,HOLDINGS_UPDATED,"{'CASH': 3330672, 'JPM': 56}"
2019-06-28 14:10:00,BID_DEPTH,"[(99258, 249)]"
2019-06-28 14:10:00,ASK_DEPTH,"[(99901, 406)]"
2019-06-28 14:10:00,IMBALANCE,"[249, 406]"
2019-06-28 14:10:00,HOLDINGS_UPDATED,"{'CASH': 4124736, 'JPM': 48}"
2019-06-28 14:11:00,BID_DEPTH,"[(99463, 138)]"
2019-06-28 14:11:00,ASK_DEPTH,"[(99475, 211)]"
2019-06-28 14:11:00,IMBALANCE,"[138, 211]"
2019-06-28 14:11:00,HOLDINGS_UPDATED,"{'CASH': 4920440, 'JPM': 40}"
2019-06-28 14:12:00,BID_DEPTH,"[(99323, 178)]"
2019-06-28 14:12:00,ASK_DEPTH,"[(99475, 247)]"
2019-06-28 14:12:00,IMBALANCE,"[178, 247]"
2019-06-28 14:12:00,HOLDINGS_UPDATED,"{'CASH': 5715024, 'JPM': 32}"
2019-06-28 14:13:00,BID_DEPTH,"[(99258, 178)]"
2019-06-28 14:13:00,ASK_DEPTH,"[(99475, 243)]"
2019-06-28 14:13:00,IMBALANCE,"[178, 243]"
2019-06-28 14:13:00,HOLDINGS_UPDATED,"{'CASH': 6509088, 'JPM': 24}"
2019-06-28 14:14:00,BID_DEPTH,"[(99409, 116)]"
2019-06-28 14:14:00,ASK_DEPTH,"[(99528, 189)]"
2019-06-28 14:14:00,IMBALANCE,"[116, 189]"
2019-06-28 14:14:00,HOLDINGS_UPDATED,"{'CASH': 7304360, 'JPM': 16}"
2019-06-28 14:15:00,BID_DEPTH,"[(99240, 249)]"
2019-06-28 14:15:00,ASK_DEPTH,"[(99761, 322)]"
2019-06-28 14:15:00,IMBALANCE,"[249, 322]"
2019-06-28 14:15:00,HOLDINGS_UPDATED,"{'CASH': 8098280, 'JPM': 8}"
2019-06-28 14:16:00,BID_DEPTH,"[(99146, 249)]"
2019-06-28 14:16:00,ASK_DEPTH,"[(99761, 318)]"
2019-06-28 14:16:00,IMBALANCE,"[249, 318]"
2019-06-28 14:16:00,HOLDINGS_UPDATED,{'CASH': 8891448}
2019-06-28 14:17:00,BID_DEPTH,"[(99146, 249)]"
2019-06-28 14:17:00,ASK_DEPTH,"[(99403, 322)]"
2019-06-28 14:17:00,IMBALANCE,"[249, 322]"
2019-06-28 14:17:00,HOLDINGS_UPDATED,"{'CASH': 9684616, 'JPM': -8}"
2019-06-28 14:18:00,BID_DEPTH,"[(99039, 116)]"
2019-06-28 14:18:00,ASK_DEPTH,"[(99625, 189)]"
2019-06-28 14:18:00,IMBALANCE,"[116, 189]"
2019-06-28 14:18:00,HOLDINGS_UPDATED,"{'CASH': 10476928, 'JPM': -16}"
2019-06-28 14:19:00,BID_DEPTH,"[(99037, 116)]"
2019-06-28 14:19:00,ASK_DEPTH,"[(99039, 113)]"
2019-06-28 14:19:00,IMBALANCE,"[116, 113]"
2019-06-28 14:19:00,HOLDINGS_UPDATED,"{'CASH': 11269224, 'JPM': -24}"
2019-06-28 14:20:00,BID_DEPTH,"[(97902, 138)]"
2019-06-28 14:20:00,ASK_DEPTH,"[(97910, 211)]"
2019-06-28 14:20:00,IMBALANCE,"[138, 211]"
2019-06-28 14:20:00,HOLDINGS_UPDATED,"{'CASH': 12052440, 'JPM': -32}"
2019-06-28 14:21:00,BID_DEPTH,[]
2019-06-28 14:21:00,ASK_DEPTH,"[(97910, 96)]"
2019-06-28 14:21:00,IMBALANCE,"[0, 96]"
2019-06-28 14:22:00,BID_DEPTH,"[(97568, 178)]"
2019-06-28 14:22:00,ASK_DEPTH,"[(97910, 247)]"
2019-06-28 14:22:00,IMBALANCE,"[178, 247]"
2019-06-28 14:22:00,HOLDINGS_UPDATED,"{'CASH': 12832984, 'JPM': -40}"
2019-06-28 14:23:00,BID_DEPTH,[]
2019-06-28 14:23:00,ASK_DEPTH,"[(97908, 100)]"
2019-06-28 14:23:00,IMBALANCE,"[0, 100]"
2019-06-28 14:24:00,BID_DEPTH,"[(97606, 471)]"
2019-06-28 14:24:00,ASK_DEPTH,"[(97908, 544)]"
2019-06-28 14:24:00,IMBALANCE,"[471, 544]"
2019-06-28 14:24:00,HOLDINGS_UPDATED,"{'CASH': 13613832, 'JPM': -48}"
2019-06-28 14:25:00,BID_DEPTH,"[(97606, 471)]"
2019-06-28 14:25:00,ASK_DEPTH,"[(97908, 640)]"
2019-06-28 14:25:00,IMBALANCE,"[471, 640]"
2019-06-28 14:25:00,HOLDINGS_UPDATED,"{'CASH': 14394680, 'JPM': -56}"
2019-06-28 14:26:00,BID_DEPTH,"[(97889, 138)]"
2019-06-28 14:26:00,ASK_DEPTH,"[(97908, 307)]"
2019-06-28 14:26:00,IMBALANCE,"[138, 307]"
2019-06-28 14:26:00,HOLDINGS_UPDATED,"{'CASH': 15177792, 'JPM': -64}"
2019-06-28 14:27:00,BID_DEPTH,"[(97889, 138)]"
2019-06-28 14:27:00,ASK_DEPTH,"[(97908, 207)]"
2019-06-28 14:27:00,IMBALANCE,"[138, 207]"
2019-06-28 14:27:00,HOLDINGS_UPDATED,"{'CASH': 15960904, 'JPM': -72}"
2019-06-28 14:28:00,BID_DEPTH,"[(97606, 349)]"
2019-06-28 14:28:00,ASK_DEPTH,"[(97910, 314)]"
2019-06-28 14:28:00,IMBALANCE,"[349, 314]"
2019-06-28 14:28:00,HOLDINGS_UPDATED,"{'CASH': 16741752, 'JPM': -80}"
2019-06-28 14:29:00,BID_DEPTH,"[(97606, 165)]"
2019-06-28 14:29:00,ASK_DEPTH,"[(97988, 251)]"
2019-06-28 14:29:00,IMBALANCE,"[165, 251]"
2019-06-28 14:29:00,HOLDINGS_UPDATED,"{'CASH': 17522600, 'JPM': -88}"
2019-06-28 14:30:00,BID_DEPTH,[]
2019-06-28 14:30:00,ASK_DEPTH,"[(97999, 100)]"
2019-06-28 14:30:00,IMBALANCE,"[0, 100]"
2019-06-28 14:31:00,BID_DEPTH,"[(97761, 116)]"
2019-06-28 14:31:00,ASK_DEPTH,"[(98032, 189)]"
2019-06-28 14:31:00,IMBALANCE,"[116, 189]"
2019-06-28 14:31:00,HOLDINGS_UPDATED,"{'CASH': 18304688, 'JPM': -96}"
2019-06-28 14:32:00,BID_DEPTH,[]
2019-06-28 14:32:00,ASK_DEPTH,"[(98032, 100)]"
2019-06-28 14:32:00,IMBALANCE,"[0, 100]"
2019-06-28 14:33:00,BID_DEPTH,"[(97762, 216)]"
2019-06-28 14:33:00,ASK_DEPTH,"[(98054, 189)]"
2019-06-28 14:33:00,IMBALANCE,"[216, 189]"
2019-06-28 14:33:00,HOLDINGS_UPDATED,"{'CASH': 19086784, 'JPM': -104}"
2019-06-28 14:34:00,BID_DEPTH,"[(98086, 471)]"
2019-06-28 14:34:00,ASK_DEPTH,"[(98247, 544)]"
2019-06-28 14:34:00,IMBALANCE,"[471, 544]"
2019-06-28 14:34:00,HOLDINGS_UPDATED,"{'CASH': 19871472, 'JPM': -112}"
2019-06-28 14:35:00,BID_DEPTH,"[(97762, 103)]"
2019-06-28 14:35:00,ASK_DEPTH,"[(98281, 189)]"
2019-06-28 14:35:00,IMBALANCE,"[103, 189]"
2019-06-28 14:35:00,HOLDINGS_UPDATED,"{'CASH': 20653568, 'JPM': -120}"
2019-06-28 14:36:00,BID_DEPTH,"[(97761, 138)]"
2019-06-28 14:36:00,ASK_DEPTH,"[(98044, 211)]"
2019-06-28 14:36:00,IMBALANCE,"[138, 211]"
2019-06-28 14:36:00,HOLDINGS_UPDATED,"{'CASH': 21435656, 'JPM': -128}"
2019-06-28 14:37:00,BID_DEPTH,"[(97819, 178)]"
2019-06-28 14:37:00,ASK_DEPTH,"[(98071, 251)]"
2019-06-28 14:37:00,IMBALANCE,"[178, 251]"
2019-06-28 14:37:00,HOLDINGS_UPDATED,"{'CASH': 22218208, 'JPM': -136}"
2019-06-28 14:38:00,BID_DEPTH,[]
2019-06-28 14:38:00,ASK_DEPTH,"[(98071, 100)]"
2019-06-28 14:38:00,IMBALANCE,"[0, 100]"
2019-06-28 14:39:00,BID_DEPTH,[]
2019-06-28 14:39:00,ASK_DEPTH,"[(96957, 100)]"
2019-06-28 14:39:00,IMBALANCE,"[0, 100]"
2019-06-28 14:40:00,BID_DEPTH,"[(96831, 116)]"
2019-06-28 14:40:00,ASK_DEPTH,"[(97225, 189)]"
2019-06-28 14:40:00,IMBALANCE,"[116, 189]"
2019-06-28 14:40:00,HOLDINGS_UPDATED,"{'CASH': 22992856, 'JPM': -144}"
2019-06-28 14:41:00,BID_DEPTH,"[(96851, 471)]"
2019-06-28 14:41:00,ASK_DEPTH,"[(97064, 544)]"
2019-06-28 14:41:00,IMBALANCE,"[471, 544]"
2019-06-28 14:41:00,HOLDINGS_UPDATED,"{'CASH': 23767664, 'JPM': -152}"
2019-06-28 14:42:00,BID_DEPTH,"[(96721, 116)]"
2019-06-28 14:42:00,ASK_DEPTH,"[(97064, 189)]"
2019-06-28 14:42:00,IMBALANCE,"[116, 189]"
2019-06-28 14:42:00,HOLDINGS_UPDATED,"{'CASH': 24541432, 'JPM': -160}"
2019-06-28 14:43:00,BID_DEPTH,"[(96721, 178)]"
2019-06-28 14:43:00,ASK_DEPTH,"[(97120, 251)]"
2019-06-28 14:43:00,IMBALANCE,"[178, 251]"
2019-06-28 14:43:00,HOLDINGS_UPDATED,"{'CASH': 25315200, 'JPM': -168}"
2019-06-28 14:44:00,BID_DEPTH,[]
2019-06-28 14:44:00,ASK_DEPTH,"[(97225, 100)]"
2019-06-28 14:44:00,IMBALANCE,"[0, 100]"
2019-06-28 14:45:00,BID_DEPTH,[]
2019-06-28 14:45:00,ASK_DEPTH,"[(97806, 200)]"
2019-06-28 14:45:00,IMBALANCE,"[0, 200]"
2019-06-28 14:46:00,BID_DEPTH,[]
2019-06-28 14:46:00,ASK_DEPTH,"[(97806, 100)]"
2019-06-28 14:46:00,IMBALANCE,"[0, 100]"
2019-06-28 14:47:00,BID_DEPTH,[]
2019-06-28 14:47:00,ASK_DEPTH,"[(98071, 100)]"
2019-06-28 14:47:00,IMBALANCE,"[0, 100]"
2019-06-28 14:48:00,BID_DEPTH,"[(97819, 349)]"
2019-06-28 14:48:00,ASK_DEPTH,"[(98715, 322)]"
2019-06-28 14:48:00,IMBALANCE,"[349, 322]"
2019-06-28 14:48:00,HOLDINGS_UPDATED,"{'CASH': 26097752, 'JPM': -176}"
2019-06-28 14:49:00,BID_DEPTH,"[(97819, 225)]"
2019-06-28 14:49:00,ASK_DEPTH,"[(98803, 211)]"
2019-06-28 14:49:00,IMBALANCE,"[225, 211]"
2019-06-28 14:49:00,HOLDINGS_UPDATED,"{'CASH': 26880304, 'JPM': -184}"
2019-06-28 14:50:00,BID_DEPTH,"[(98803, 249)]"
2019-06-28 14:50:00,ASK_DEPTH,"[(98932, 322)]"
2019-06-28 14:50:00,IMBALANCE,"[249, 322]"
2019-06-28 14:50:00,HOLDINGS_UPDATED,"{'CASH': 27670728, 'JPM': -192}"
2019-06-28 14:51:00,BID_DEPTH,"[(97819, 112)]"
2019-06-28 14:51:00,ASK_DEPTH,"[(99303, 211)]"
2019-06-28 14:51:00,IMBALANCE,"[112, 211]"
2019-06-28 14:51:00,HOLDINGS_UPDATED,"{'CASH': 27768547, 'JPM': -193}"
2019-06-28 14:51:00,HOLDINGS_UPDATED,"{'CASH': 28453280, 'JPM': -200}"
2019-06-28 14:52:00,BID_DEPTH,"[(99605, 178)]"
2019-06-28 14:52:00,ASK_DEPTH,"[(99625, 251)]"
2019-06-28 14:52:00,IMBALANCE,"[178, 251]"
2019-06-28 14:52:00,HOLDINGS_UPDATED,"{'CASH': 29250120, 'JPM': -208}"
2019-06-28 14:53:00,BID_DEPTH,"[(99303, 178)]"
2019-06-28 14:53:00,ASK_DEPTH,"[(99624, 251)]"
2019-06-28 14:53:00,IMBALANCE,"[178, 251]"
2019-06-28 14:53:00,HOLDINGS_UPDATED,"{'CASH': 30044544, 'JPM': -216}"
2019-06-28 14:54:00,BID_DEPTH,"[(99306, 471)]"
2019-06-28 14:54:00,ASK_DEPTH,"[(99624, 544)]"
2019-06-28 14:54:00,IMBALANCE,"[471, 544]"
2019-06-28 14:54:00,HOLDINGS_UPDATED,"{'CASH': 30838992, 'JPM': -224}"
2019-06-28 14:55:00,BID_DEPTH,"[(99306, 316)]"
2019-06-28 14:55:00,ASK_DEPTH,"[(99653, 189)]"
2019-06-28 14:55:00,IMBALANCE,"[316, 189]"
2019-06-28 14:55:00,HOLDINGS_UPDATED,"{'CASH': 31633440, 'JPM': -232}"
2019-06-28 14:56:00,BID_DEPTH,"[(99306, 261)]"
2019-06-28 14:56:00,ASK_DEPTH,"[(99653, 251)]"
2019-06-28 14:56:00,IMBALANCE,"[261, 251]"
2019-06-28 14:56:00,HOLDINGS_UPDATED,"{'CASH': 32427888, 'JPM': -240}"
2019-06-28 14:57:00,BID_DEPTH,"[(99303, 238)]"
2019-06-28 14:57:00,ASK_DEPTH,"[(99653, 211)]"
2019-06-28 14:57:00,IMBALANCE,"[238, 211]"
2019-06-28 14:57:00,HOLDINGS_UPDATED,"{'CASH': 33222312, 'JPM': -248}"
2019-06-28 14:58:00,BID_DEPTH,"[(99487, 138)]"
2019-06-28 14:58:00,ASK_DEPTH,"[(99653, 211)]"
2019-06-28 14:58:00,IMBALANCE,"[138, 211]"
2019-06-28 14:58:00,HOLDINGS_UPDATED,"{'CASH': 34018208, 'JPM': -256}"
2019-06-28 14:59:00,BID_DEPTH,"[(99303, 199)]"
2019-06-28 14:59:00,ASK_DEPTH,"[(99653, 189)]"
2019-06-28 14:59:00,IMBALANCE,"[199, 189]"
2019-06-28 14:59:00,HOLDINGS_UPDATED,"{'CASH': 34812632, 'JPM': -264}"
2019-06-28 15:00:00,BID_DEPTH,"[(99123, 116)]"
2019-06-28 15:00:00,ASK_DEPTH,"[(99599, 189)]"
2019-06-28 15:00:00,IMBALANCE,"[116, 189]"
2019-06-28 15:00:00,HOLDINGS_UPDATED,"{'CASH': 35605616, 'JPM': -272}"
2019-06-28 15:01:00,BID_DEPTH,[]
2019-06-28 15:01:00,ASK_DEPTH,"[(99653, 100)]"
2019-06-28 15:01:00,IMBALANCE,"[0, 100]"
2019-06-28 15:02:00,BID_DEPTH,"[(99394, 471)]"
2019-06-28 15:02:00,ASK_DEPTH,"[(99653, 544)]"
2019-06-28 15:02:00,IMBALANCE,"[471, 544]"
2019-06-28 15:02:00,HOLDINGS_UPDATED,"{'CASH': 36400768, 'JPM': -280}"
2019-06-28 15:03:00,BID_DEPTH,[]
2019-06-28 15:03:00,ASK_DEPTH,"[(99701, 100)]"
2019-06-28 15:03:00,IMBALANCE,"[0, 100]"
2019-06-28 15:04:00,BID_DEPTH,"[(99522, 249)]"
2019-06-28 15:04:00,ASK_DEPTH,"[(99549, 322)]"
2019-06-28 15:04:00,IMBALANCE,"[249, 322]"
2019-06-28 15:04:00,HOLDINGS_UPDATED,"{'CASH': 37196944, 'JPM': -288}"
2019-06-28 15:05:00,BID_DEPTH,[]
2019-06-28 15:05:00,ASK_DEPTH,"[(99515, 100)]"
2019-06-28 15:05:00,IMBALANCE,"[0, 100]"
2019-06-28 15:06:00,BID_DEPTH,[]
2019-06-28 15:06:00,ASK_DEPTH,"[(98728, 100)]"
2019-06-28 15:06:00,IMBALANCE,"[0, 100]"
2019-06-28 15:07:00,BID_DEPTH,"[(98074, 249)]"
2019-06-28 15:07:00,ASK_DEPTH,"[(98728, 322)]"
2019-06-28 15:07:00,IMBALANCE,"[249, 322]"
2019-06-28 15:07:00,HOLDINGS_UPDATED,"{'CASH': 37981536, 'JPM': -296}"
2019-06-28 15:08:00,BID_DEPTH,"[(98074, 189)]"
2019-06-28 15:08:00,ASK_DEPTH,"[(98728, 212)]"
2019-06-28 15:08:00,IMBALANCE,"[189, 212]"
2019-06-28 15:08:00,HOLDINGS_UPDATED,"{'CASH': 37191712, 'JPM': -288}"
2019-06-28 15:09:00,BID_DEPTH,"[(98508, 211)]"
2019-06-28 15:09:00,ASK_DEPTH,"[(98728, 217)]"
2019-06-28 15:09:00,IMBALANCE,"[211, 217]"
2019-06-28 15:09:00,HOLDINGS_UPDATED,"{'CASH': 36599344, 'JPM': -282}"
2019-06-28 15:09:00,HOLDINGS_UPDATED,"{'CASH': 36401888, 'JPM': -280}"
2019-06-28 15:10:00,BID_DEPTH,"[(98508, 189)]"
2019-06-28 15:10:00,ASK_DEPTH,"[(98728, 78)]"
2019-06-28 15:10:00,IMBALANCE,"[189, 78]"
2019-06-28 15:10:00,HOLDINGS_UPDATED,"{'CASH': 35612064, 'JPM': -272}"
2019-06-28 15:11:00,BID_DEPTH,"[(98468, 322)]"
2019-06-28 15:11:00,ASK_DEPTH,"[(99514, 249)]"
2019-06-28 15:11:00,IMBALANCE,"[322, 249]"
2019-06-28 15:11:00,HOLDINGS_UPDATED,"{'CASH': 34815952, 'JPM': -264}"
2019-06-28 15:12:00,BID_DEPTH,"[(98071, 322)]"
2019-06-28 15:12:00,ASK_DEPTH,"[(99514, 249)]"
2019-06-28 15:12:00,IMBALANCE,"[322, 249]"
2019-06-28 15:12:00,HOLDINGS_UPDATED,"{'CASH': 34019840, 'JPM': -256}"
2019-06-28 15:13:00,BID_DEPTH,"[(98071, 211)]"
2019-06-28 15:13:00,ASK_DEPTH,"[(98270, 138)]"
2019-06-28 15:13:00,IMBALANCE,"[211, 138]"
2019-06-28 15:13:00,HOLDINGS_UPDATED,"{'CASH': 33233680, 'JPM': -248}"
2019-06-28 15:14:00,BID_DEPTH,"[(98270, 189)]"
2019-06-28 15:14:00,ASK_DEPTH,"[(99514, 116)]"
2019-06-28 15:14:00,IMBALANCE,"[189, 116]"
2019-06-28 15:14:00,HOLDINGS_UPDATED,"{'CASH': 32437568, 'JPM': -240}"
2019-06-28 15:15:00,BID_DEPTH,"[(99013, 251)]"
2019-06-28 15:15:00,ASK_DEPTH,"[(99565, 178)]"
2019-06-28 15:15:00,IMBALANCE,"[251, 178]"
2019-06-28 15:15:00,HOLDINGS_UPDATED,"{'CASH': 31641048, 'JPM': -232}"
2019-06-28 15:16:00,BID_DEPTH,"[(99445, 189)]"
2019-06-28 15:16:00,ASK_DEPTH,"[(99565, 116)]"
2019-06-28 15:16:00,IMBALANCE,"[189, 116]"
2019-06-28 15:16:00,HOLDINGS_UPDATED,"{'CASH': 30844528, 'JPM': -224}"
2019-06-28 15:17:00,BID_DEPTH,"[(99069, 189)]"
2019-06-28 15:17:00,ASK_DEPTH,"[(99565, 216)]"
2019-06-28 15:17:00,IMBALANCE,"[189, 216]"
2019-06-28 15:17:00,HOLDINGS_UPDATED,"{'CASH': 30048008, 'JPM': -216}"
2019-06-28 15:18:00,BID_DEPTH,"[(99069, 207)]"
2019-06-28 15:18:00,ASK_DEPTH,"[(99565, 125)]"
2019-06-28 15:18:00,IMBALANCE,"[207, 125]"
2019-06-28 15:18:00,HOLDINGS_UPDATED,"{'CASH': 29251488, 'JPM': -208}"
2019-06-28 15:19:00,BID_DEPTH,"[(99013, 189)]"
2019-06-28 15:19:00,ASK_DEPTH,"[(99069, 65)]"
2019-06-28 15:19:00,IMBALANCE,"[189, 65]"
2019-06-28 15:19:00,HOLDINGS_UPDATED,"{'CASH': 28458936, 'JPM': -200}"
2019-06-28 15:20:00,BID_DEPTH,"[(98369, 544)]"
2019-06-28 15:20:00,ASK_DEPTH,"[(99013, 571)]"
2019-06-28 15:20:00,IMBALANCE,"[544, 571]"
2019-06-28 15:20:00,HOLDINGS_UPDATED,"{'CASH': 27666832, 'JPM': -192}"
2019-06-28 15:21:00,BID_DEPTH,"[(98517, 211)]"
2019-06-28 15:21:00,ASK_DEPTH,"[(99012, 138)]"
2019-06-28 15:21:00,IMBALANCE,"[211, 138]"
2019-06-28 15:21:00,HOLDINGS_UPDATED,"{'CASH': 26874736, 'JPM': -184}"
2019-06-28 15:22:00,BID_DEPTH,"[(98270, 251)]"
2019-06-28 15:22:00,ASK_DEPTH,"[(99766, 178)]"
2019-06-28 15:22:00,IMBALANCE,"[251, 178]"
2019-06-28 15:22:00,HOLDINGS_UPDATED,"{'CASH': 26076608, 'JPM': -176}"
2019-06-28 15:23:00,BID_DEPTH,"[(99042, 251)]"
2019-06-28 15:23:00,ASK_DEPTH,"[(99169, 178)]"
2019-06-28 15:23:00,IMBALANCE,"[251, 178]"
2019-06-28 15:23:00,HOLDINGS_UPDATED,"{'CASH': 25283256, 'JPM': -168}"
2019-06-28 15:24:00,BID_DEPTH,"[(99169, 351)]"
2019-06-28 15:24:00,ASK_DEPTH,"[(99186, 178)]"
2019-06-28 15:24:00,IMBALANCE,"[351, 178]"
2019-06-28 15:24:00,HOLDINGS_UPDATED,"{'CASH': 24489768, 'JPM': -160}"
2019-06-28 15:25:00,BID_DEPTH,"[(99169, 351)]"
2019-06-28 15:25:00,ASK_DEPTH,"[(99186, 278)]"
2019-06-28 15:25:00,IMBALANCE,"[351, 278]"
2019-06-28 15:25:00,HOLDINGS_UPDATED,"{'CASH': 23696280, 'JPM': -152}"
2019-06-28 15:26:00,BID_DEPTH,"[(99169, 289)]"
2019-06-28 15:26:00,ASK_DEPTH,"[(99226, 116)]"
2019-06-28 15:26:00,IMBALANCE,"[289, 116]"
2019-06-28 15:26:00,HOLDINGS_UPDATED,"{'CASH': 22902472, 'JPM': -144}"
2019-06-28 15:27:00,BID_DEPTH,"[(99170, 322)]"
2019-06-28 15:27:00,ASK_DEPTH,"[(99524, 249)]"
2019-06-28 15:27:00,IMBALANCE,"[322, 249]"
2019-06-28 15:27:00,HOLDINGS_UPDATED,"{'CASH': 22106280, 'JPM': -136}"
2019-06-28 15:28:00,BID_DEPTH,"[(99618, 455)]"
2019-06-28 15:28:00,ASK_DEPTH,"[(99785, 471)]"
2019-06-28 15:28:00,IMBALANCE,"[455, 471]"
2019-06-28 15:28:00,HOLDINGS_UPDATED,"{'CASH': 21308000, 'JPM': -128}"
2019-06-28 15:29:00,BID_DEPTH,"[(99618, 229)]"
2019-06-28 15:29:00,ASK_DEPTH,"[(100131, 249)]"
2019-06-28 15:29:00,IMBALANCE,"[229, 249]"
2019-06-28 15:29:00,HOLDINGS_UPDATED,"{'CASH': 20506952, 'JPM': -120}"
2019-06-28 15:30:00,BID_DEPTH,"[(99648, 322)]"
2019-06-28 15:30:00,ASK_DEPTH,"[(99805, 249)]"
2019-06-28 15:30:00,IMBALANCE,"[322, 249]"
2019-06-28 15:30:00,HOLDINGS_UPDATED,"{'CASH': 19708512, 'JPM': -112}"
2019-06-28 15:31:00,BID_DEPTH,"[(99648, 540)]"
2019-06-28 15:31:00,ASK_DEPTH,"[(99805, 471)]"
2019-06-28 15:31:00,IMBALANCE,"[540, 471]"
2019-06-28 15:31:00,HOLDINGS_UPDATED,"{'CASH': 18910072, 'JPM': -104}"
2019-06-28 15:32:00,BID_DEPTH,"[(99406, 189)]"
2019-06-28 15:32:00,ASK_DEPTH,"[(99648, 116)]"
2019-06-28 15:32:00,IMBALANCE,"[189, 116]"
2019-06-28 15:32:00,HOLDINGS_UPDATED,"{'CASH': 18112888, 'JPM': -96}"
2019-06-28 15:33:00,BID_DEPTH,"[(99407, 211)]"
2019-06-28 15:33:00,ASK_DEPTH,"[(100078, 138)]"
2019-06-28 15:33:00,IMBALANCE,"[211, 138]"
2019-06-28 15:33:00,HOLDINGS_UPDATED,"{'CASH': 17312264, 'JPM': -88}"
2019-06-28 15:34:00,BID_DEPTH,"[(99407, 247)]"
2019-06-28 15:34:00,ASK_DEPTH,"[(99771, 178)]"
2019-06-28 15:34:00,IMBALANCE,"[247, 178]"
2019-06-28 15:34:00,HOLDINGS_UPDATED,"{'CASH': 16514096, 'JPM': -80}"
2019-06-28 15:35:00,BID_DEPTH,"[(99407, 536)]"
2019-06-28 15:35:00,ASK_DEPTH,"[(100078, 571)]"
2019-06-28 15:35:00,IMBALANCE,"[536, 571]"
2019-06-28 15:35:00,HOLDINGS_UPDATED,"{'CASH': 15713472, 'JPM': -72}"
2019-06-28 15:36:00,BID_DEPTH,"[(99407, 532)]"
2019-06-28 15:36:00,ASK_DEPTH,"[(99833, 471)]"
2019-06-28 15:36:00,IMBALANCE,"[532, 471]"
2019-06-28 15:36:00,HOLDINGS_UPDATED,"{'CASH': 14914808, 'JPM': -64}"
2019-06-28 15:37:00,BID_DEPTH,"[(99171, 189)]"
2019-06-28 15:37:00,ASK_DEPTH,"[(99833, 116)]"
2019-06-28 15:37:00,IMBALANCE,"[189, 116]"
2019-06-28 15:37:00,HOLDINGS_UPDATED,"{'CASH': 14116144, 'JPM': -56}"
2019-06-28 15:38:00,BID_DEPTH,"[(99171, 540)]"
2019-06-28 15:38:00,ASK_DEPTH,"[(99691, 471)]"
2019-06-28 15:38:00,IMBALANCE,"[540, 471]"
2019-06-28 15:38:00,HOLDINGS_UPDATED,"{'CASH': 13318616, 'JPM': -48}"
2019-06-28 15:39:00,BID_DEPTH,"[(99171, 243)]"
2019-06-28 15:39:00,ASK_DEPTH,"[(99833, 178)]"
2019-06-28 15:39:00,IMBALANCE,"[243, 178]"
2019-06-28 15:39:00,HOLDINGS_UPDATED,"{'CASH': 12519952, 'JPM': -40}"
2019-06-28 15:40:00,BID_DEPTH,"[(99593, 251)]"
2019-06-28 15:40:00,ASK_DEPTH,"[(99916, 178)]"
2019-06-28 15:40:00,IMBALANCE,"[251, 178]"
2019-06-28 15:40:00,HOLDINGS_UPDATED,"{'CASH': 11720624, 'JPM': -32}"
2019-06-28 15:41:00,BID_DEPTH,"[(99621, 211)]"
2019-06-28 15:41:00,ASK_DEPTH,"[(100016, 138)]"
2019-06-28 15:41:00,IMBALANCE,"[211, 138]"
2019-06-28 15:41:00,HOLDINGS_UPDATED,"{'CASH': 10920496, 'JPM': -24}"
2019-06-28 15:42:00,BID_DEPTH,"[(99770, 251)]"
2019-06-28 15:42:00,ASK_DEPTH,"[(99788, 178)]"
2019-06-28 15:42:00,IMBALANCE,"[251, 178]"
2019-06-28 15:42:00,HOLDINGS_UPDATED,"{'CASH': 10122192, 'JPM': -16}"
2019-06-28 15:43:00,BID_DEPTH,"[(99770, 285)]"
2019-06-28 15:43:00,ASK_DEPTH,"[(99827, 116)]"
2019-06-28 15:43:00,IMBALANCE,"[285, 116]"
2019-06-28 15:43:00,HOLDINGS_UPDATED,"{'CASH': 9323576, 'JPM': -8}"
2019-06-28 15:44:00,BID_DEPTH,"[(99827, 246)]"
2019-06-28 15:44:00,ASK_DEPTH,"[(99943, 249)]"
2019-06-28 15:44:00,IMBALANCE,"[246, 249]"
2019-06-28 15:44:00,HOLDINGS_UPDATED,{'CASH': 8524032}
2019-06-28 15:45:00,BID_DEPTH,"[(99770, 343)]"
2019-06-28 15:45:00,ASK_DEPTH,"[(99949, 178)]"
2019-06-28 15:45:00,IMBALANCE,"[343, 178]"
2019-06-28 15:45:00,HOLDINGS_UPDATED,"{'CASH': 7724440, 'JPM': 8}"
2019-06-28 15:46:00,BID_DEPTH,"[(100002, 251)]"
2019-06-28 15:46:00,ASK_DEPTH,"[(100041, 178)]"
2019-06-28 15:46:00,IMBALANCE,"[251, 178]"
2019-06-28 15:46:00,HOLDINGS_UPDATED,"{'CASH': 6924112, 'JPM': 16}"
2019-06-28 15:47:00,BID_DEPTH,"[(99770, 239)]"
2019-06-28 15:47:00,ASK_DEPTH,"[(100078, 178)]"
2019-06-28 15:47:00,IMBALANCE,"[239, 178]"
2019-06-28 15:47:00,HOLDINGS_UPDATED,"{'CASH': 6123488, 'JPM': 24}"
2019-06-28 15:48:00,BID_DEPTH,"[(99659, 544)]"
2019-06-28 15:48:00,ASK_DEPTH,"[(99771, 471)]"
2019-06-28 15:48:00,IMBALANCE,"[544, 471]"
2019-06-28 15:48:00,HOLDINGS_UPDATED,"{'CASH': 5325320, 'JPM': 32}"
2019-06-28 15:49:00,BID_DEPTH,"[(99622, 251)]"
2019-06-28 15:49:00,ASK_DEPTH,"[(100179, 178)]"
2019-06-28 15:49:00,IMBALANCE,"[251, 178]"
2019-06-28 15:49:00,HOLDINGS_UPDATED,"{'CASH': 4523888, 'JPM': 40}"
2019-06-28 15:50:00,BID_DEPTH,"[(99644, 211)]"
2019-06-28 15:50:00,ASK_DEPTH,"[(99809, 138)]"
2019-06-28 15:50:00,IMBALANCE,"[211, 138]"
2019-06-28 15:50:00,HOLDINGS_UPDATED,"{'CASH': 3725416, 'JPM': 48}"
2019-06-28 15:51:00,BID_DEPTH,"[(99727, 251)]"
2019-06-28 15:51:00,ASK_DEPTH,"[(100179, 378)]"
2019-06-28 15:51:00,IMBALANCE,"[251, 378]"
2019-06-28 15:51:00,HOLDINGS_UPDATED,"{'CASH': 2923984, 'JPM': 56}"
2019-06-28 15:52:00,BID_DEPTH,"[(99644, 285)]"
2019-06-28 15:52:00,ASK_DEPTH,"[(100179, 203)]"
2019-06-28 15:52:00,IMBALANCE,"[285, 203]"
2019-06-28 15:52:00,HOLDINGS_UPDATED,"{'CASH': 2122552, 'JPM': 64}"
2019-06-28 15:53:00,BID_DEPTH,"[(99644, 247)]"
2019-06-28 15:53:00,ASK_DEPTH,"[(100179, 152)]"
2019-06-28 15:53:00,IMBALANCE,"[247, 152]"
2019-06-28 15:53:00,HOLDINGS_UPDATED,"{'CASH': 2022373, 'JPM': 65}"
2019-06-28 15:53:00,HOLDINGS_UPDATED,"{'CASH': 1321120, 'JPM': 72}"
2019-06-28 15:54:00,BID_DEPTH,"[(99621, 96)]"
2019-06-28 15:54:00,ASK_DEPTH,[]
2019-06-28 15:54:00,IMBALANCE,"[96, 0]"
2019-06-28 15:55:00,BID_DEPTH,"[(99644, 100)]"
2019-06-28 15:55:00,ASK_DEPTH,[]
2019-06-28 15:55:00,IMBALANCE,"[100, 0]"
2019-06-28 15:56:00,BID_DEPTH,"[(99951, 322)]"
2019-06-28 15:56:00,ASK_DEPTH,"[(100129, 249)]"
2019-06-28 15:56:00,IMBALANCE,"[322, 249]"
2019-06-28 15:56:00,HOLDINGS_UPDATED,"{'CASH': 520088, 'JPM': 80}"
2019-06-28 15:57:00,BID_DEPTH,"[(99951, 189)]"
2019-06-28 15:57:00,ASK_DEPTH,"[(100157, 116)]"
2019-06-28 15:57:00,IMBALANCE,"[189, 116]"
2019-06-28 15:57:00,HOLDINGS_UPDATED,"{'CASH': -281168, 'JPM': 88}"
2019-06-28 15:58:00,BID_DEPTH,"[(100053, 189)]"
2019-06-28 15:58:00,ASK_DEPTH,"[(100157, 92)]"
2019-06-28 15:58:00,IMBALANCE,"[189, 92]"
2019-06-28 15:58:00,HOLDINGS_UPDATED,"{'CASH': -581639, 'JPM': 91}"
2019-06-28 15:58:00,HOLDINGS_UPDATED,"{'CASH': -1082424, 'JPM': 96}"
2019-06-28 15:59:00,BID_DEPTH,"[(100001, 189)]"
2019-06-28 15:59:00,ASK_DEPTH,"[(100193, 116)]"
2019-06-28 15:59:00,IMBALANCE,"[189, 116]"
2019-06-28 15:59:00,HOLDINGS_UPDATED,"{'CASH': -1883968, 'JPM': 104}"
2019-06-28 16:00:00,BID_DEPTH,"[(99975, 322)]"
2019-06-28 16:00:00,ASK_DEPTH,"[(100168, 249)]"
2019-06-28 16:00:00,IMBALANCE,"[322, 249]"
2019-06-28 16:00:00,HOLDINGS_UPDATED,"{'CASH': -2685312, 'JPM': 112}"
2019-06-28 16:01:00,BID_DEPTH,"[(99975, 322)]"
2019-06-28 16:01:00,ASK_DEPTH,"[(100168, 209)]"
2019-06-28 16:01:00,IMBALANCE,"[322, 209]"
2019-06-28 16:01:00,MKT_CLOSED,
2019-06-28 16:01:00,FINAL_HOLDINGS,"{ JPM: 112, CASH: -2685312 }"
2019-06-28 16:01:00,FINAL_CASH_POSITION,-2685312
2019-06-28 16:01:00,MARK_TO_MARKET,112 JPM @ 100168 == 11218816
2019-06-28 16:01:00,MARKED_TO_MARKET,8533504
2019-06-28 16:01:00,ENDING_CASH,8533504
