EventTime,EventType,Event
,AGENT_TYPE,MomentumAgent
,STARTING_CASH,10000000
2019-06-28 09:30:00,HOLDINGS_UPDATED,{'CASH': 10000000}
2019-06-28 09:31:00,BID_DEPTH,"[(100008, 441)]"
2019-06-28 09:31:00,ASK_DEPTH,"[(100011, 241)]"
2019-06-28 09:31:00,IMBALANCE,"[441, 241]"
2019-06-28 09:32:00,BID_DEPTH,"[(100009, 196)]"
2019-06-28 09:32:00,ASK_DEPTH,"[(100020, 396)]"
2019-06-28 09:32:00,IMBALANCE,"[196, 396]"
2019-06-28 09:33:00,BID_DEPTH,"[(100009, 241)]"
2019-06-28 09:33:00,ASK_DEPTH,"[(100020, 441)]"
2019-06-28 09:33:00,IMBALANCE,"[241, 441]"
2019-06-28 09:34:00,BID_DEPTH,"[(100009, 482)]"
2019-06-28 09:34:00,ASK_DEPTH,"[(100020, 382)]"
2019-06-28 09:34:00,IMBALANCE,"[482, 382]"
2019-06-28 09:35:00,BID_DEPTH,"[(100009, 170)]"
2019-06-28 09:35:00,ASK_DEPTH,"[(100020, 170)]"
2019-06-28 09:35:00,IMBALANCE,"[170, 170]"
2019-06-28 09:36:00,BID_DEPTH,"[(100019, 170)]"
2019-06-28 09:36:00,ASK_DEPTH,"[(100021, 270)]"
2019-06-28 09:36:00,IMBALANCE,"[170, 270]"
2019-06-28 09:37:00,BID_DEPTH,"[(100019, 241)]"
2019-06-28 09:37:00,ASK_DEPTH,"[(100033, 241)]"
2019-06-28 09:37:00,IMBALANCE,"[241, 241]"
2019-06-28 09:38:00,BID_DEPTH,"[(100033, 241)]"
2019-06-28 09:38:00,ASK_DEPTH,"[(100062, 341)]"
2019-06-28 09:38:00,IMBALANCE,"[241, 341]"
2019-06-28 09:39:00,BID_DEPTH,"[(100062, 156)]"
2019-06-28 09:39:00,ASK_DEPTH,"[(100089, 156)]"
2019-06-28 09:39:00,IMBALANCE,"[156, 156]"
2019-06-28 09:40:00,BID_DEPTH,"[(100069, 156)]"
2019-06-28 09:40:00,ASK_DEPTH,"[(100116, 156)]"
2019-06-28 09:40:00,IMBALANCE,"[156, 156]"
2019-06-28 09:41:00,BID_DEPTH,"[(100156, 245)]"
2019-06-28 09:41:00,ASK_DEPTH,"[(100177, 241)]"
2019-06-28 09:41:00,IMBALANCE,"[245, 241]"
2019-06-28 09:42:00,BID_DEPTH,"[(100156, 260)]"
2019-06-28 09:42:00,ASK_DEPTH,"[(100187, 156)]"
2019-06-28 09:42:00,IMBALANCE,"[260, 156]"
2019-06-28 09:43:00,BID_DEPTH,"[(100157, 170)]"
2019-06-28 09:43:00,ASK_DEPTH,"[(100221, 170)]"
2019-06-28 09:43:00,IMBALANCE,"[170, 170]"
2019-06-28 09:44:00,BID_DEPTH,"[(100221, 100)]"
2019-06-28 09:44:00,ASK_DEPTH,"[(100481, 196)]"
2019-06-28 09:44:00,IMBALANCE,"[100, 196]"
2019-06-28 09:45:00,BID_DEPTH,"[(100221, 60)]"
2019-06-28 09:45:00,ASK_DEPTH,"[(100481, 156)]"
2019-06-28 09:45:00,IMBALANCE,"[60, 156]"
2019-06-28 09:46:00,BID_DEPTH,"[(100222, 170)]"
2019-06-28 09:46:00,ASK_DEPTH,"[(100562, 170)]"
2019-06-28 09:46:00,IMBALANCE,"[170, 170]"
2019-06-28 09:47:00,BID_DEPTH,"[(100372, 382)]"
2019-06-28 09:47:00,ASK_DEPTH,"[(100473, 382)]"
2019-06-28 09:47:00,IMBALANCE,"[382, 382]"
2019-06-28 09:48:00,BID_DEPTH,"[(100372, 196)]"
2019-06-28 09:48:00,ASK_DEPTH,"[(100480, 196)]"
2019-06-28 09:48:00,IMBALANCE,"[196, 196]"
2019-06-28 09:49:00,BID_DEPTH,"[(100372, 241)]"
2019-06-28 09:49:00,ASK_DEPTH,"[(100562, 241)]"
2019-06-28 09:49:00,IMBALANCE,"[241, 241]"
2019-06-28 09:50:00,BID_DEPTH,"[(100458, 241)]"
2019-06-28 09:50:00,ASK_DEPTH,"[(100562, 241)]"
2019-06-28 09:50:00,IMBALANCE,"[241, 241]"
2019-06-28 09:51:00,BID_DEPTH,"[(100458, 241)]"
2019-06-28 09:51:00,ASK_DEPTH,"[(100562, 241)]"
2019-06-28 09:51:00,IMBALANCE,"[241, 241]"
2019-06-28 09:52:00,BID_DEPTH,"[(100458, 241)]"
2019-06-28 09:52:00,ASK_DEPTH,"[(100562, 241)]"
2019-06-28 09:52:00,IMBALANCE,"[241, 241]"
2019-06-28 09:53:00,BID_DEPTH,"[(100473, 241)]"
2019-06-28 09:53:00,ASK_DEPTH,"[(100553, 241)]"
2019-06-28 09:53:00,IMBALANCE,"[241, 241]"
2019-06-28 09:54:00,BID_DEPTH,"[(100458, 156)]"
2019-06-28 09:54:00,ASK_DEPTH,"[(100479, 156)]"
2019-06-28 09:54:00,IMBALANCE,"[156, 156]"
2019-06-28 09:55:00,BID_DEPTH,"[(100474, 241)]"
2019-06-28 09:55:00,ASK_DEPTH,"[(100516, 241)]"
2019-06-28 09:55:00,IMBALANCE,"[241, 241]"
2019-06-28 09:56:00,BID_DEPTH,"[(100474, 156)]"
2019-06-28 09:56:00,ASK_DEPTH,"[(100516, 156)]"
2019-06-28 09:56:00,IMBALANCE,"[156, 156]"
2019-06-28 09:57:00,BID_DEPTH,"[(100474, 170)]"
2019-06-28 09:57:00,ASK_DEPTH,"[(100553, 170)]"
2019-06-28 09:57:00,IMBALANCE,"[170, 170]"
2019-06-28 09:58:00,BID_DEPTH,"[(100525, 196)]"
2019-06-28 09:58:00,ASK_DEPTH,"[(100553, 196)]"
2019-06-28 09:58:00,IMBALANCE,"[196, 196]"
2019-06-28 09:59:00,BID_DEPTH,"[(100525, 241)]"
2019-06-28 09:59:00,ASK_DEPTH,"[(100744, 241)]"
2019-06-28 09:59:00,IMBALANCE,"[241, 241]"
2019-06-28 10:00:00,BID_DEPTH,"[(100538, 241)]"
2019-06-28 10:00:00,ASK_DEPTH,"[(100570, 241)]"
2019-06-28 10:00:00,IMBALANCE,"[241, 241]"
2019-06-28 10:01:00,BID_DEPTH,"[(100547, 241)]"
2019-06-28 10:01:00,ASK_DEPTH,"[(100570, 241)]"
2019-06-28 10:01:00,IMBALANCE,"[241, 241]"
2019-06-28 10:02:00,BID_DEPTH,"[(100547, 241)]"
2019-06-28 10:02:00,ASK_DEPTH,"[(100591, 241)]"
2019-06-28 10:02:00,IMBALANCE,"[241, 241]"
2019-06-28 10:03:00,BID_DEPTH,"[(100547, 196)]"
2019-06-28 10:03:00,ASK_DEPTH,"[(100591, 196)]"
2019-06-28 10:03:00,IMBALANCE,"[196, 196]"
2019-06-28 10:04:00,BID_DEPTH,"[(100548, 382)]"
2019-06-28 10:04:00,ASK_DEPTH,"[(100569, 382)]"
2019-06-28 10:04:00,IMBALANCE,"[382, 382]"
2019-06-28 10:05:00,BID_DEPTH,"[(100548, 241)]"
2019-06-28 10:05:00,ASK_DEPTH,"[(100569, 241)]"
2019-06-28 10:05:00,IMBALANCE,"[241, 241]"
2019-06-28 10:06:00,BID_DEPTH,"[(100458, 156)]"
2019-06-28 10:06:00,ASK_DEPTH,"[(100569, 156)]"
2019-06-28 10:06:00,IMBALANCE,"[156, 156]"
2019-06-28 10:07:00,BID_DEPTH,"[(100397, 170)]"
2019-06-28 10:07:00,ASK_DEPTH,"[(100458, 114)]"
2019-06-28 10:07:00,IMBALANCE,"[170, 114]"
2019-06-28 10:08:00,BID_DEPTH,"[(100397, 156)]"
2019-06-28 10:08:00,ASK_DEPTH,"[(100458, 100)]"
2019-06-28 10:08:00,IMBALANCE,"[156, 100]"
2019-06-28 10:09:00,BID_DEPTH,"[(100372, 382)]"
2019-06-28 10:09:00,ASK_DEPTH,"[(100458, 326)]"
2019-06-28 10:09:00,IMBALANCE,"[382, 326]"
2019-06-28 10:10:00,BID_DEPTH,"[(100372, 156)]"
2019-06-28 10:10:00,ASK_DEPTH,"[(100457, 156)]"
2019-06-28 10:10:00,IMBALANCE,"[156, 156]"
2019-06-28 10:11:00,BID_DEPTH,"[(100372, 170)]"
2019-06-28 10:11:00,ASK_DEPTH,"[(100503, 170)]"
2019-06-28 10:11:00,IMBALANCE,"[170, 170]"
2019-06-28 10:12:00,BID_DEPTH,"[(100372, 170)]"
2019-06-28 10:12:00,ASK_DEPTH,"[(100503, 170)]"
2019-06-28 10:12:00,IMBALANCE,"[170, 170]"
2019-06-28 10:13:00,BID_DEPTH,"[(100372, 170)]"
2019-06-28 10:13:00,ASK_DEPTH,"[(100503, 170)]"
2019-06-28 10:13:00,IMBALANCE,"[170, 170]"
2019-06-28 10:14:00,BID_DEPTH,"[(100372, 241)]"
2019-06-28 10:14:00,ASK_DEPTH,"[(100503, 241)]"
2019-06-28 10:14:00,IMBALANCE,"[241, 241]"
2019-06-28 10:15:00,BID_DEPTH,"[(100457, 196)]"
2019-06-28 10:15:00,ASK_DEPTH,"[(100525, 396)]"
2019-06-28 10:15:00,IMBALANCE,"[196, 396]"
2019-06-28 10:16:00,BID_DEPTH,"[(100518, 170)]"
2019-06-28 10:16:00,ASK_DEPTH,"[(100525, 170)]"
2019-06-28 10:16:00,IMBALANCE,"[170, 170]"
2019-06-28 10:17:00,BID_DEPTH,"[(100525, 100)]"
2019-06-28 10:17:00,ASK_DEPTH,"[(100597, 156)]"
2019-06-28 10:17:00,IMBALANCE,"[100, 156]"
2019-06-28 10:18:00,BID_DEPTH,"[(100525, 214)]"
2019-06-28 10:18:00,ASK_DEPTH,"[(100661, 170)]"
2019-06-28 10:18:00,IMBALANCE,"[214, 170]"
2019-06-28 10:19:00,BID_DEPTH,"[(100569, 382)]"
2019-06-28 10:19:00,ASK_DEPTH,"[(100661, 382)]"
2019-06-28 10:19:00,IMBALANCE,"[382, 382]"
2019-06-28 10:20:00,BID_DEPTH,"[(100661, 256)]"
2019-06-28 10:20:00,ASK_DEPTH,"[(100839, 156)]"
2019-06-28 10:20:00,IMBALANCE,"[256, 156]"
2019-06-28 10:21:00,BID_DEPTH,"[(100661, 296)]"
2019-06-28 10:21:00,ASK_DEPTH,"[(100937, 169)]"
2019-06-28 10:21:00,IMBALANCE,"[296, 169]"
2019-06-28 10:21:00,HOLDINGS_UPDATED,"{'CASH': 9091567, 'JPM': 9}"
2019-06-28 10:22:00,BID_DEPTH,"[(100937, 482)]"
2019-06-28 10:22:00,ASK_DEPTH,"[(100993, 355)]"
2019-06-28 10:22:00,IMBALANCE,"[482, 355]"
2019-06-28 10:22:00,HOLDINGS_UPDATED,"{'CASH': 8182630, 'JPM': 18}"
2019-06-28 10:23:00,BID_DEPTH,"[(101064, 196)]"
2019-06-28 10:23:00,ASK_DEPTH,"[(101089, 169)]"
2019-06-28 10:23:00,IMBALANCE,"[196, 169]"
2019-06-28 10:23:00,HOLDINGS_UPDATED,"{'CASH': 7272829, 'JPM': 27}"
2019-06-28 10:24:00,BID_DEPTH,"[(101064, 156)]"
2019-06-28 10:24:00,ASK_DEPTH,"[(101089, 129)]"
2019-06-28 10:24:00,IMBALANCE,"[156, 129]"
2019-06-28 10:24:00,HOLDINGS_UPDATED,"{'CASH': 6363028, 'JPM': 36}"
2019-06-28 10:25:00,BID_DEPTH,"[(100993, 156)]"
2019-06-28 10:25:00,ASK_DEPTH,"[(101161, 129)]"
2019-06-28 10:25:00,IMBALANCE,"[156, 129]"
2019-06-28 10:25:00,HOLDINGS_UPDATED,"{'CASH': 5452579, 'JPM': 45}"
2019-06-28 10:26:00,BID_DEPTH,"[(101133, 241)]"
2019-06-28 10:26:00,ASK_DEPTH,"[(101161, 314)]"
2019-06-28 10:26:00,IMBALANCE,"[241, 314]"
2019-06-28 10:26:00,HOLDINGS_UPDATED,"{'CASH': 4542130, 'JPM': 54}"
2019-06-28 10:27:00,BID_DEPTH,"[(100993, 170)]"
2019-06-28 10:27:00,ASK_DEPTH,"[(101161, 231)]"
2019-06-28 10:27:00,IMBALANCE,"[170, 231]"
2019-06-28 10:27:00,HOLDINGS_UPDATED,"{'CASH': 3631681, 'JPM': 63}"
2019-06-28 10:28:00,BID_DEPTH,"[(100973, 170)]"
2019-06-28 10:28:00,ASK_DEPTH,"[(101161, 143)]"
2019-06-28 10:28:00,IMBALANCE,"[170, 143]"
2019-06-28 10:28:00,HOLDINGS_UPDATED,"{'CASH': 2721232, 'JPM': 72}"
2019-06-28 10:29:00,BID_DEPTH,"[(100937, 256)]"
2019-06-28 10:29:00,ASK_DEPTH,"[(101197, 129)]"
2019-06-28 10:29:00,IMBALANCE,"[256, 129]"
2019-06-28 10:29:00,HOLDINGS_UPDATED,"{'CASH': 1810459, 'JPM': 81}"
2019-06-28 10:30:00,BID_DEPTH,"[(100937, 241)]"
2019-06-28 10:30:00,ASK_DEPTH,"[(101197, 214)]"
2019-06-28 10:30:00,IMBALANCE,"[241, 214]"
2019-06-28 10:30:00,HOLDINGS_UPDATED,"{'CASH': 899686, 'JPM': 90}"
2019-06-28 10:31:00,BID_DEPTH,"[(100809, 382)]"
2019-06-28 10:31:00,ASK_DEPTH,"[(100863, 285)]"
2019-06-28 10:31:00,IMBALANCE,"[382, 285]"
2019-06-28 10:31:00,HOLDINGS_UPDATED,"{'CASH': 597097, 'JPM': 93}"
2019-06-28 10:31:00,HOLDINGS_UPDATED,"{'CASH': -8081, 'JPM': 99}"
2019-06-28 10:32:00,BID_DEPTH,"[(100800, 382)]"
2019-06-28 10:32:00,ASK_DEPTH,"[(100863, 355)]"
2019-06-28 10:32:00,IMBALANCE,"[382, 355]"
2019-06-28 10:32:00,HOLDINGS_UPDATED,"{'CASH': -915848, 'JPM': 108}"
2019-06-28 10:33:00,BID_DEPTH,"[(100372, 241)]"
2019-06-28 10:33:00,ASK_DEPTH,"[(100862, 214)]"
2019-06-28 10:33:00,IMBALANCE,"[241, 214]"
2019-06-28 10:33:00,HOLDINGS_UPDATED,"{'CASH': -1823606, 'JPM': 117}"
2019-06-28 10:34:00,BID_DEPTH,"[(100372, 156)]"
2019-06-28 10:34:00,ASK_DEPTH,"[(100863, 129)]"
2019-06-28 10:34:00,IMBALANCE,"[156, 129]"
2019-06-28 10:34:00,HOLDINGS_UPDATED,"{'CASH': -2731373, 'JPM': 126}"
2019-06-28 10:35:00,BID_DEPTH,"[(100372, 382)]"
2019-06-28 10:35:00,ASK_DEPTH,"[(100411, 355)]"
2019-06-28 10:35:00,IMBALANCE,"[382, 355]"
2019-06-28 10:35:00,HOLDINGS_UPDATED,"{'CASH': -3635072, 'JPM': 135}"
2019-06-28 10:36:00,BID_DEPTH,"[(100372, 241)]"
2019-06-28 10:36:00,ASK_DEPTH,"[(100420, 214)]"
2019-06-28 10:36:00,IMBALANCE,"[241, 214]"
2019-06-28 10:36:00,HOLDINGS_UPDATED,"{'CASH': -4538852, 'JPM': 144}"
2019-06-28 10:37:00,BID_DEPTH,"[(100372, 196)]"
2019-06-28 10:37:00,ASK_DEPTH,"[(100937, 169)]"
2019-06-28 10:37:00,IMBALANCE,"[196, 169]"
2019-06-28 10:37:00,HOLDINGS_UPDATED,"{'CASH': -5447285, 'JPM': 153}"
2019-06-28 10:38:00,BID_DEPTH,"[(100937, 170)]"
2019-06-28 10:38:00,ASK_DEPTH,"[(101251, 143)]"
2019-06-28 10:38:00,IMBALANCE,"[170, 143]"
2019-06-28 10:38:00,HOLDINGS_UPDATED,"{'CASH': -6358544, 'JPM': 162}"
2019-06-28 10:39:00,BID_DEPTH,"[(100372, 196)]"
2019-06-28 10:39:00,ASK_DEPTH,"[(101134, 169)]"
2019-06-28 10:39:00,IMBALANCE,"[196, 169]"
2019-06-28 10:39:00,HOLDINGS_UPDATED,"{'CASH': -7268750, 'JPM': 171}"
2019-06-28 10:40:00,BID_DEPTH,"[(100372, 196)]"
2019-06-28 10:40:00,ASK_DEPTH,"[(101317, 169)]"
2019-06-28 10:40:00,IMBALANCE,"[196, 169]"
2019-06-28 10:40:00,HOLDINGS_UPDATED,"{'CASH': -8180603, 'JPM': 180}"
2019-06-28 10:41:00,BID_DEPTH,"[(100330, 196)]"
2019-06-28 10:41:00,ASK_DEPTH,"[(101317, 169)]"
2019-06-28 10:41:00,IMBALANCE,"[196, 169]"
2019-06-28 10:41:00,HOLDINGS_UPDATED,"{'CASH': -9092456, 'JPM': 189}"
2019-06-28 10:42:00,BID_DEPTH,"[(100330, 196)]"
2019-06-28 10:42:00,ASK_DEPTH,"[(101405, 169)]"
2019-06-28 10:42:00,IMBALANCE,"[196, 169]"
2019-06-28 10:42:00,HOLDINGS_UPDATED,"{'CASH': -10005101, 'JPM': 198}"
2019-06-28 10:43:00,BID_DEPTH,"[(100239, 156)]"
2019-06-28 10:43:00,ASK_DEPTH,"[(101490, 129)]"
2019-06-28 10:43:00,IMBALANCE,"[156, 129]"
2019-06-28 10:43:00,HOLDINGS_UPDATED,"{'CASH': -10918511, 'JPM': 207}"
2019-06-28 10:44:00,BID_DEPTH,"[(100161, 170)]"
2019-06-28 10:44:00,ASK_DEPTH,"[(100256, 143)]"
2019-06-28 10:44:00,IMBALANCE,"[170, 143]"
2019-06-28 10:44:00,HOLDINGS_UPDATED,"{'CASH': -11820815, 'JPM': 216}"
2019-06-28 10:45:00,BID_DEPTH,"[(100155, 170)]"
2019-06-28 10:45:00,ASK_DEPTH,"[(100459, 143)]"
2019-06-28 10:45:00,IMBALANCE,"[170, 143]"
2019-06-28 10:45:00,HOLDINGS_UPDATED,"{'CASH': -12724946, 'JPM': 225}"
2019-06-28 10:46:00,BID_DEPTH,"[(100339, 196)]"
2019-06-28 10:46:00,ASK_DEPTH,"[(100459, 169)]"
2019-06-28 10:46:00,IMBALANCE,"[196, 169]"
2019-06-28 10:46:00,HOLDINGS_UPDATED,"{'CASH': -13629077, 'JPM': 234}"
2019-06-28 10:47:00,BID_DEPTH,"[(100340, 156)]"
2019-06-28 10:47:00,ASK_DEPTH,"[(101526, 129)]"
2019-06-28 10:47:00,IMBALANCE,"[156, 129]"
2019-06-28 10:47:00,HOLDINGS_UPDATED,"{'CASH': -14542811, 'JPM': 243}"
2019-06-28 10:48:00,BID_DEPTH,"[(100340, 241)]"
2019-06-28 10:48:00,ASK_DEPTH,"[(100358, 214)]"
2019-06-28 10:48:00,IMBALANCE,"[241, 214]"
2019-06-28 10:48:00,HOLDINGS_UPDATED,"{'CASH': -15446033, 'JPM': 252}"
2019-06-28 10:49:00,BID_DEPTH,"[(100294, 355)]"
2019-06-28 10:49:00,ASK_DEPTH,"[(100358, 382)]"
2019-06-28 10:49:00,IMBALANCE,"[355, 382]"
2019-06-28 10:49:00,HOLDINGS_UPDATED,"{'CASH': -14543387, 'JPM': 243}"
2019-06-28 10:50:00,BID_DEPTH,"[(100155, 214)]"
2019-06-28 10:50:00,ASK_DEPTH,"[(100294, 241)]"
2019-06-28 10:50:00,IMBALANCE,"[214, 241]"
2019-06-28 10:50:00,HOLDINGS_UPDATED,"{'CASH': -13641992, 'JPM': 234}"
2019-06-28 10:51:00,BID_DEPTH,"[(100067, 143)]"
2019-06-28 10:51:00,ASK_DEPTH,"[(100155, 170)]"
2019-06-28 10:51:00,IMBALANCE,"[143, 170]"
2019-06-28 10:51:00,HOLDINGS_UPDATED,"{'CASH': -12741389, 'JPM': 225}"
2019-06-28 10:52:00,BID_DEPTH,"[(100018, 143)]"
2019-06-28 10:52:00,ASK_DEPTH,"[(100067, 170)]"
2019-06-28 10:52:00,IMBALANCE,"[143, 170]"
2019-06-28 10:52:00,HOLDINGS_UPDATED,"{'CASH': -11841227, 'JPM': 216}"
2019-06-28 10:53:00,BID_DEPTH,"[(99938, 169)]"
2019-06-28 10:53:00,ASK_DEPTH,"[(100018, 238)]"
2019-06-28 10:53:00,IMBALANCE,"[169, 238]"
2019-06-28 10:53:00,HOLDINGS_UPDATED,"{'CASH': -10941785, 'JPM': 207}"
2019-06-28 10:54:00,BID_DEPTH,"[(99893, 355)]"
2019-06-28 10:54:00,ASK_DEPTH,"[(99938, 382)]"
2019-06-28 10:54:00,IMBALANCE,"[355, 382]"
2019-06-28 10:54:00,HOLDINGS_UPDATED,"{'CASH': -10042748, 'JPM': 198}"
2019-06-28 10:55:00,BID_DEPTH,"[(99851, 169)]"
2019-06-28 10:55:00,ASK_DEPTH,"[(99906, 196)]"
2019-06-28 10:55:00,IMBALANCE,"[169, 196]"
2019-06-28 10:55:00,HOLDINGS_UPDATED,"{'CASH': -9144089, 'JPM': 189}"
2019-06-28 10:56:00,BID_DEPTH,"[(99842, 143)]"
2019-06-28 10:56:00,ASK_DEPTH,"[(99906, 170)]"
2019-06-28 10:56:00,IMBALANCE,"[143, 170]"
2019-06-28 10:56:00,HOLDINGS_UPDATED,"{'CASH': -8245511, 'JPM': 180}"
2019-06-28 10:57:00,BID_DEPTH,"[(99821, 355)]"
2019-06-28 10:57:00,ASK_DEPTH,"[(99842, 382)]"
2019-06-28 10:57:00,IMBALANCE,"[355, 382]"
2019-06-28 10:57:00,HOLDINGS_UPDATED,"{'CASH': -7347122, 'JPM': 171}"
2019-06-28 10:58:00,BID_DEPTH,"[(99795, 143)]"
2019-06-28 10:58:00,ASK_DEPTH,"[(99842, 170)]"
2019-06-28 10:58:00,IMBALANCE,"[143, 170]"
2019-06-28 10:58:00,HOLDINGS_UPDATED,"{'CASH': -6448967, 'JPM': 162}"
2019-06-28 10:59:00,BID_DEPTH,"[(99560, 214)]"
2019-06-28 10:59:00,ASK_DEPTH,"[(99795, 183)]"
2019-06-28 10:59:00,IMBALANCE,"[214, 183]"
2019-06-28 10:59:00,HOLDINGS_UPDATED,"{'CASH': -5552927, 'JPM': 153}"
2019-06-28 11:00:00,BID_DEPTH,"[(99761, 129)]"
2019-06-28 11:00:00,ASK_DEPTH,"[(99795, 98)]"
2019-06-28 11:00:00,IMBALANCE,"[129, 98]"
2019-06-28 11:00:00,HOLDINGS_UPDATED,"{'CASH': -4655078, 'JPM': 144}"
2019-06-28 11:01:00,BID_DEPTH,"[(99561, 143)]"
2019-06-28 11:01:00,ASK_DEPTH,"[(99577, 170)]"
2019-06-28 11:01:00,IMBALANCE,"[143, 170]"
2019-06-28 11:01:00,HOLDINGS_UPDATED,"{'CASH': -3759029, 'JPM': 135}"
2019-06-28 11:02:00,BID_DEPTH,"[(99560, 229)]"
2019-06-28 11:02:00,ASK_DEPTH,"[(99577, 156)]"
2019-06-28 11:02:00,IMBALANCE,"[229, 156]"
2019-06-28 11:02:00,HOLDINGS_UPDATED,"{'CASH': -2862989, 'JPM': 126}"
2019-06-28 11:03:00,BID_DEPTH,"[(99560, 443)]"
2019-06-28 11:03:00,ASK_DEPTH,"[(99577, 382)]"
2019-06-28 11:03:00,IMBALANCE,"[443, 382]"
2019-06-28 11:03:00,HOLDINGS_UPDATED,"{'CASH': -1966949, 'JPM': 117}"
2019-06-28 11:04:00,BID_DEPTH,"[(99560, 105)]"
2019-06-28 11:04:00,ASK_DEPTH,"[(99795, 98)]"
2019-06-28 11:04:00,IMBALANCE,"[105, 98]"
2019-06-28 11:04:00,HOLDINGS_UPDATED,"{'CASH': -1070909, 'JPM': 108}"
2019-06-28 11:05:00,BID_DEPTH,"[(99493, 169)]"
2019-06-28 11:05:00,ASK_DEPTH,"[(99795, 138)]"
2019-06-28 11:05:00,IMBALANCE,"[169, 138]"
2019-06-28 11:05:00,HOLDINGS_UPDATED,"{'CASH': -175472, 'JPM': 99}"
2019-06-28 11:06:00,BID_DEPTH,"[(99372, 214)]"
2019-06-28 11:06:00,ASK_DEPTH,"[(99493, 157)]"
2019-06-28 11:06:00,IMBALANCE,"[214, 157]"
2019-06-28 11:06:00,HOLDINGS_UPDATED,"{'CASH': 718876, 'JPM': 90}"
2019-06-28 11:07:00,BID_DEPTH,"[(99292, 129)]"
2019-06-28 11:07:00,ASK_DEPTH,"[(99493, 72)]"
2019-06-28 11:07:00,IMBALANCE,"[129, 72]"
2019-06-28 11:07:00,HOLDINGS_UPDATED,"{'CASH': 1612504, 'JPM': 81}"
2019-06-28 11:08:00,BID_DEPTH,"[(99220, 169)]"
2019-06-28 11:08:00,ASK_DEPTH,"[(99493, 112)]"
2019-06-28 11:08:00,IMBALANCE,"[169, 112]"
2019-06-28 11:08:00,HOLDINGS_UPDATED,"{'CASH': 2505484, 'JPM': 72}"
2019-06-28 11:09:00,BID_DEPTH,"[(99285, 355)]"
2019-06-28 11:09:00,ASK_DEPTH,"[(99330, 382)]"
2019-06-28 11:09:00,IMBALANCE,"[355, 382]"
2019-06-28 11:09:00,HOLDINGS_UPDATED,"{'CASH': 3399049, 'JPM': 63}"
2019-06-28 11:10:00,BID_DEPTH,"[(99237, 169)]"
2019-06-28 11:10:00,ASK_DEPTH,"[(99493, 112)]"
2019-06-28 11:10:00,IMBALANCE,"[169, 112]"
2019-06-28 11:10:00,HOLDINGS_UPDATED,"{'CASH': 4292182, 'JPM': 54}"
2019-06-28 11:11:00,BID_DEPTH,"[(99493, 97)]"
2019-06-28 11:11:00,ASK_DEPTH,"[(99621, 196)]"
2019-06-28 11:11:00,IMBALANCE,"[97, 196]"
2019-06-28 11:11:00,HOLDINGS_UPDATED,"{'CASH': 4391675, 'JPM': 53}"
2019-06-28 11:11:00,HOLDINGS_UPDATED,"{'CASH': 5187619, 'JPM': 45}"
2019-06-28 11:12:00,BID_DEPTH,"[(99493, 214)]"
2019-06-28 11:12:00,ASK_DEPTH,"[(99621, 240)]"
2019-06-28 11:12:00,IMBALANCE,"[214, 240]"
2019-06-28 11:12:00,HOLDINGS_UPDATED,"{'CASH': 6083056, 'JPM': 36}"
2019-06-28 11:13:00,BID_DEPTH,"[(99493, 229)]"
2019-06-28 11:13:00,ASK_DEPTH,"[(99621, 154)]"
2019-06-28 11:13:00,IMBALANCE,"[229, 154]"
2019-06-28 11:13:00,HOLDINGS_UPDATED,"{'CASH': 6978493, 'JPM': 27}"
2019-06-28 11:14:00,BID_DEPTH,"[(99461, 355)]"
2019-06-28 11:14:00,ASK_DEPTH,"[(99673, 382)]"
2019-06-28 11:14:00,IMBALANCE,"[355, 382]"
2019-06-28 11:14:00,HOLDINGS_UPDATED,"{'CASH': 7873642, 'JPM': 18}"
2019-06-28 11:15:00,BID_DEPTH,"[(99447, 143)]"
2019-06-28 11:15:00,ASK_DEPTH,"[(99516, 170)]"
2019-06-28 11:15:00,IMBALANCE,"[143, 170]"
2019-06-28 11:15:00,HOLDINGS_UPDATED,"{'CASH': 8768665, 'JPM': 9}"
2019-06-28 11:16:00,BID_DEPTH,"[(99412, 169)]"
2019-06-28 11:16:00,ASK_DEPTH,"[(99673, 295)]"
2019-06-28 11:16:00,IMBALANCE,"[169, 295]"
2019-06-28 11:16:00,HOLDINGS_UPDATED,{'CASH': 9663373}
2019-06-28 11:17:00,BID_DEPTH,"[(99396, 129)]"
2019-06-28 11:17:00,ASK_DEPTH,"[(99673, 254)]"
2019-06-28 11:17:00,IMBALANCE,"[129, 254]"
2019-06-28 11:17:00,HOLDINGS_UPDATED,"{'CASH': 10557937, 'JPM': -9}"
2019-06-28 11:18:00,BID_DEPTH,"[(99237, 143)]"
2019-06-28 11:18:00,ASK_DEPTH,"[(99396, 126)]"
2019-06-28 11:18:00,IMBALANCE,"[143, 126]"
2019-06-28 11:18:00,HOLDINGS_UPDATED,"{'CASH': 11451070, 'JPM': -18}"
2019-06-28 11:19:00,BID_DEPTH,"[(99204, 143)]"
2019-06-28 11:19:00,ASK_DEPTH,"[(99396, 125)]"
2019-06-28 11:19:00,IMBALANCE,"[143, 125]"
2019-06-28 11:19:00,HOLDINGS_UPDATED,"{'CASH': 12343906, 'JPM': -27}"
2019-06-28 11:20:00,BID_DEPTH,"[(99110, 169)]"
2019-06-28 11:20:00,ASK_DEPTH,"[(99204, 138)]"
2019-06-28 11:20:00,IMBALANCE,"[169, 138]"
2019-06-28 11:20:00,HOLDINGS_UPDATED,"{'CASH': 13235896, 'JPM': -36}"
2019-06-28 11:21:00,BID_DEPTH,"[(99048, 169)]"
2019-06-28 11:21:00,ASK_DEPTH,"[(99109, 296)]"
2019-06-28 11:21:00,IMBALANCE,"[169, 296]"
2019-06-28 11:21:00,HOLDINGS_UPDATED,"{'CASH': 14127328, 'JPM': -45}"
2019-06-28 11:22:00,BID_DEPTH,"[(98882, 129)]"
2019-06-28 11:22:00,ASK_DEPTH,"[(99056, 156)]"
2019-06-28 11:22:00,IMBALANCE,"[129, 156]"
2019-06-28 11:22:00,HOLDINGS_UPDATED,"{'CASH': 15017266, 'JPM': -54}"
2019-06-28 11:23:00,BID_DEPTH,"[(98882, 229)]"
2019-06-28 11:23:00,ASK_DEPTH,"[(98924, 156)]"
2019-06-28 11:23:00,IMBALANCE,"[229, 156]"
2019-06-28 11:23:00,HOLDINGS_UPDATED,"{'CASH': 15907204, 'JPM': -63}"
2019-06-28 11:24:00,BID_DEPTH,"[(98882, 131)]"
2019-06-28 11:24:00,ASK_DEPTH,"[(99023, 170)]"
2019-06-28 11:24:00,IMBALANCE,"[131, 170]"
2019-06-28 11:24:00,HOLDINGS_UPDATED,"{'CASH': 16797142, 'JPM': -72}"
2019-06-28 11:25:00,BID_DEPTH,"[(98847, 214)]"
2019-06-28 11:25:00,ASK_DEPTH,"[(99033, 241)]"
2019-06-28 11:25:00,IMBALANCE,"[214, 241]"
2019-06-28 11:25:00,HOLDINGS_UPDATED,"{'CASH': 17686765, 'JPM': -81}"
2019-06-28 11:26:00,BID_DEPTH,"[(99033, 359)]"
2019-06-28 11:26:00,ASK_DEPTH,"[(99046, 382)]"
2019-06-28 11:26:00,IMBALANCE,"[359, 382]"
2019-06-28 11:26:00,HOLDINGS_UPDATED,"{'CASH': 18578062, 'JPM': -90}"
2019-06-28 11:27:00,BID_DEPTH,"[(99046, 314)]"
2019-06-28 11:27:00,ASK_DEPTH,"[(99109, 340)]"
2019-06-28 11:27:00,IMBALANCE,"[314, 340]"
2019-06-28 11:27:00,HOLDINGS_UPDATED,"{'CASH': 19469476, 'JPM': -99}"
2019-06-28 11:28:00,BID_DEPTH,"[(99046, 343)]"
2019-06-28 11:28:00,ASK_DEPTH,"[(99253, 382)]"
2019-06-28 11:28:00,IMBALANCE,"[343, 382]"
2019-06-28 11:28:00,HOLDINGS_UPDATED,"{'CASH': 20360890, 'JPM': -108}"
2019-06-28 11:29:00,BID_DEPTH,"[(99046, 455)]"
2019-06-28 11:29:00,ASK_DEPTH,"[(99253, 381)]"
2019-06-28 11:29:00,IMBALANCE,"[455, 381]"
2019-06-28 11:29:00,HOLDINGS_UPDATED,"{'CASH': 21252304, 'JPM': -117}"
2019-06-28 11:30:00,BID_DEPTH,"[(99253, 299)]"
2019-06-28 11:30:00,ASK_DEPTH,"[(99273, 382)]"
2019-06-28 11:30:00,IMBALANCE,"[299, 382]"
2019-06-28 11:30:00,HOLDINGS_UPDATED,"{'CASH': 22145581, 'JPM': -126}"
2019-06-28 11:31:00,BID_DEPTH,"[(99046, 157)]"
2019-06-28 11:31:00,ASK_DEPTH,"[(99396, 250)]"
2019-06-28 11:31:00,IMBALANCE,"[157, 250]"
2019-06-28 11:31:00,HOLDINGS_UPDATED,"{'CASH': 23036995, 'JPM': -135}"
2019-06-28 11:32:00,BID_DEPTH,"[(99396, 346)]"
2019-06-28 11:32:00,ASK_DEPTH,"[(99907, 382)]"
2019-06-28 11:32:00,IMBALANCE,"[346, 382]"
2019-06-28 11:32:00,HOLDINGS_UPDATED,"{'CASH': 23931559, 'JPM': -144}"
2019-06-28 11:33:00,BID_DEPTH,"[(99907, 355)]"
2019-06-28 11:33:00,ASK_DEPTH,"[(99941, 382)]"
2019-06-28 11:33:00,IMBALANCE,"[355, 382]"
2019-06-28 11:33:00,HOLDINGS_UPDATED,"{'CASH': 24830722, 'JPM': -153}"
2019-06-28 11:34:00,BID_DEPTH,"[(100037, 143)]"
2019-06-28 11:34:00,ASK_DEPTH,"[(100125, 170)]"
2019-06-28 11:34:00,IMBALANCE,"[143, 170]"
2019-06-28 11:34:00,HOLDINGS_UPDATED,"{'CASH': 25731055, 'JPM': -162}"
2019-06-28 11:35:00,BID_DEPTH,"[(100028, 355)]"
2019-06-28 11:35:00,ASK_DEPTH,"[(100175, 382)]"
2019-06-28 11:35:00,IMBALANCE,"[355, 382]"
2019-06-28 11:35:00,HOLDINGS_UPDATED,"{'CASH': 26631307, 'JPM': -171}"
2019-06-28 11:36:00,BID_DEPTH,"[(100003, 355)]"
2019-06-28 11:36:00,ASK_DEPTH,"[(100278, 382)]"
2019-06-28 11:36:00,IMBALANCE,"[355, 382]"
2019-06-28 11:36:00,HOLDINGS_UPDATED,"{'CASH': 27531334, 'JPM': -180}"
2019-06-28 11:37:00,BID_DEPTH,"[(99989, 214)]"
2019-06-28 11:37:00,ASK_DEPTH,"[(100278, 241)]"
2019-06-28 11:37:00,IMBALANCE,"[214, 241]"
2019-06-28 11:37:00,HOLDINGS_UPDATED,"{'CASH': 28431235, 'JPM': -189}"
2019-06-28 11:38:00,BID_DEPTH,"[(99949, 355)]"
2019-06-28 11:38:00,ASK_DEPTH,"[(100016, 382)]"
2019-06-28 11:38:00,IMBALANCE,"[355, 382]"
2019-06-28 11:38:00,HOLDINGS_UPDATED,"{'CASH': 29330776, 'JPM': -198}"
2019-06-28 11:39:00,BID_DEPTH,"[(99896, 129)]"
2019-06-28 11:39:00,ASK_DEPTH,"[(99949, 156)]"
2019-06-28 11:39:00,IMBALANCE,"[129, 156]"
2019-06-28 11:39:00,HOLDINGS_UPDATED,"{'CASH': 30229840, 'JPM': -207}"
2019-06-28 11:40:00,BID_DEPTH,"[(99796, 143)]"
2019-06-28 11:40:00,ASK_DEPTH,"[(99949, 170)]"
2019-06-28 11:40:00,IMBALANCE,"[143, 170]"
2019-06-28 11:40:00,HOLDINGS_UPDATED,"{'CASH': 31128004, 'JPM': -216}"
2019-06-28 11:41:00,BID_DEPTH,"[(99678, 129)]"
2019-06-28 11:41:00,ASK_DEPTH,"[(99796, 256)]"
2019-06-28 11:41:00,IMBALANCE,"[129, 256]"
2019-06-28 11:41:00,HOLDINGS_UPDATED,"{'CASH': 32025106, 'JPM': -225}"
2019-06-28 11:42:00,BID_DEPTH,"[(98387, 214)]"
2019-06-28 11:42:00,ASK_DEPTH,"[(98607, 285)]"
2019-06-28 11:42:00,IMBALANCE,"[214, 285]"
2019-06-28 11:42:00,HOLDINGS_UPDATED,"{'CASH': 32910589, 'JPM': -234}"
2019-06-28 11:43:00,BID_DEPTH,"[(98227, 214)]"
2019-06-28 11:43:00,ASK_DEPTH,"[(98607, 284)]"
2019-06-28 11:43:00,IMBALANCE,"[214, 284]"
2019-06-28 11:43:00,HOLDINGS_UPDATED,"{'CASH': 33794632, 'JPM': -243}"
2019-06-28 11:44:00,BID_DEPTH,"[(97814, 355)]"
2019-06-28 11:44:00,ASK_DEPTH,"[(98165, 382)]"
2019-06-28 11:44:00,IMBALANCE,"[355, 382]"
2019-06-28 11:44:00,HOLDINGS_UPDATED,"{'CASH': 34674958, 'JPM': -252}"
2019-06-28 11:45:00,BID_DEPTH,"[(97762, 129)]"
2019-06-28 11:45:00,ASK_DEPTH,"[(98002, 156)]"
2019-06-28 11:45:00,IMBALANCE,"[129, 156]"
2019-06-28 11:45:00,HOLDINGS_UPDATED,"{'CASH': 35554816, 'JPM': -261}"
2019-06-28 11:46:00,BID_DEPTH,"[(97762, 129)]"
2019-06-28 11:46:00,ASK_DEPTH,"[(97828, 156)]"
2019-06-28 11:46:00,IMBALANCE,"[129, 156]"
2019-06-28 11:46:00,HOLDINGS_UPDATED,"{'CASH': 36434674, 'JPM': -270}"
2019-06-28 11:47:00,BID_DEPTH,"[(97688, 143)]"
2019-06-28 11:47:00,ASK_DEPTH,"[(98002, 169)]"
2019-06-28 11:47:00,IMBALANCE,"[143, 169]"
2019-06-28 11:47:00,HOLDINGS_UPDATED,"{'CASH': 37313866, 'JPM': -279}"
2019-06-28 11:48:00,BID_DEPTH,"[(97688, 214)]"
2019-06-28 11:48:00,ASK_DEPTH,"[(98165, 340)]"
2019-06-28 11:48:00,IMBALANCE,"[214, 340]"
2019-06-28 11:48:00,HOLDINGS_UPDATED,"{'CASH': 38193058, 'JPM': -288}"
2019-06-28 11:49:00,BID_DEPTH,"[(97688, 314)]"
2019-06-28 11:49:00,ASK_DEPTH,"[(98165, 239)]"
2019-06-28 11:49:00,IMBALANCE,"[314, 239]"
2019-06-28 11:49:00,HOLDINGS_UPDATED,"{'CASH': 39072250, 'JPM': -297}"
2019-06-28 11:50:00,BID_DEPTH,"[(97688, 202)]"
2019-06-28 11:50:00,ASK_DEPTH,"[(98263, 241)]"
2019-06-28 11:50:00,IMBALANCE,"[202, 241]"
2019-06-28 11:50:00,HOLDINGS_UPDATED,"{'CASH': 39951442, 'JPM': -306}"
2019-06-28 11:51:00,BID_DEPTH,"[(98255, 355)]"
2019-06-28 11:51:00,ASK_DEPTH,"[(98536, 382)]"
2019-06-28 11:51:00,IMBALANCE,"[355, 382]"
2019-06-28 11:51:00,HOLDINGS_UPDATED,"{'CASH': 40835737, 'JPM': -315}"
2019-06-28 11:52:00,BID_DEPTH,[]
2019-06-28 11:52:00,ASK_DEPTH,"[(99192, 100)]"
2019-06-28 11:52:00,IMBALANCE,"[0, 100]"
2019-06-28 11:53:00,BID_DEPTH,"[(99147, 355)]"
2019-06-28 11:53:00,ASK_DEPTH,"[(99375, 382)]"
2019-06-28 11:53:00,IMBALANCE,"[355, 382]"
2019-06-28 11:53:00,HOLDINGS_UPDATED,"{'CASH': 41728060, 'JPM': -324}"
2019-06-28 11:54:00,BID_DEPTH,"[(99134, 214)]"
2019-06-28 11:54:00,ASK_DEPTH,"[(99375, 240)]"
2019-06-28 11:54:00,IMBALANCE,"[214, 240]"
2019-06-28 11:54:00,HOLDINGS_UPDATED,"{'CASH': 42620266, 'JPM': -333}"
2019-06-28 11:55:00,BID_DEPTH,"[(99681, 214)]"
2019-06-28 11:55:00,ASK_DEPTH,"[(99684, 241)]"
2019-06-28 11:55:00,IMBALANCE,"[214, 241]"
2019-06-28 11:55:00,HOLDINGS_UPDATED,"{'CASH': 43517395, 'JPM': -342}"
2019-06-28 11:56:00,BID_DEPTH,"[(99572, 169)]"
2019-06-28 11:56:00,ASK_DEPTH,"[(99684, 195)]"
2019-06-28 11:56:00,IMBALANCE,"[169, 195]"
2019-06-28 11:56:00,HOLDINGS_UPDATED,"{'CASH': 44413543, 'JPM': -351}"
2019-06-28 11:57:00,BID_DEPTH,"[(99375, 143)]"
2019-06-28 11:57:00,ASK_DEPTH,"[(99796, 170)]"
2019-06-28 11:57:00,IMBALANCE,"[143, 170]"
2019-06-28 11:57:00,HOLDINGS_UPDATED,"{'CASH': 45307918, 'JPM': -360}"
2019-06-28 11:58:00,BID_DEPTH,"[(99796, 355)]"
2019-06-28 11:58:00,ASK_DEPTH,"[(100056, 382)]"
2019-06-28 11:58:00,IMBALANCE,"[355, 382]"
2019-06-28 11:58:00,HOLDINGS_UPDATED,"{'CASH': 46206082, 'JPM': -369}"
2019-06-28 11:59:00,BID_DEPTH,"[(99966, 129)]"
2019-06-28 11:59:00,ASK_DEPTH,"[(100389, 156)]"
2019-06-28 11:59:00,IMBALANCE,"[129, 156]"
2019-06-28 11:59:00,HOLDINGS_UPDATED,"{'CASH': 47105776, 'JPM': -378}"
2019-06-28 12:00:00,BID_DEPTH,"[(99796, 455)]"
2019-06-28 12:00:00,ASK_DEPTH,"[(100389, 382)]"
2019-06-28 12:00:00,IMBALANCE,"[455, 382]"
2019-06-28 12:00:00,HOLDINGS_UPDATED,"{'CASH': 48003940, 'JPM': -387}"
2019-06-28 12:01:00,BID_DEPTH,"[(100174, 129)]"
2019-06-28 12:01:00,ASK_DEPTH,"[(100570, 156)]"
2019-06-28 12:01:00,IMBALANCE,"[129, 156]"
2019-06-28 12:01:00,HOLDINGS_UPDATED,"{'CASH': 48905506, 'JPM': -396}"
2019-06-28 12:02:00,BID_DEPTH,"[(100507, 129)]"
2019-06-28 12:02:00,ASK_DEPTH,"[(100818, 156)]"
2019-06-28 12:02:00,IMBALANCE,"[129, 156]"
2019-06-28 12:02:00,HOLDINGS_UPDATED,"{'CASH': 49810069, 'JPM': -405}"
2019-06-28 12:03:00,BID_DEPTH,"[(100451, 214)]"
2019-06-28 12:03:00,ASK_DEPTH,"[(100818, 241)]"
2019-06-28 12:03:00,IMBALANCE,"[214, 241]"
2019-06-28 12:03:00,HOLDINGS_UPDATED,"{'CASH': 50714128, 'JPM': -414}"
2019-06-28 12:04:00,BID_DEPTH,"[(100451, 129)]"
2019-06-28 12:04:00,ASK_DEPTH,"[(100818, 156)]"
2019-06-28 12:04:00,IMBALANCE,"[129, 156]"
2019-06-28 12:04:00,HOLDINGS_UPDATED,"{'CASH': 51618187, 'JPM': -423}"
2019-06-28 12:05:00,BID_DEPTH,"[(100174, 355)]"
2019-06-28 12:05:00,ASK_DEPTH,"[(100854, 382)]"
2019-06-28 12:05:00,IMBALANCE,"[355, 382]"
2019-06-28 12:05:00,HOLDINGS_UPDATED,"{'CASH': 52519753, 'JPM': -432}"
2019-06-28 12:06:00,BID_DEPTH,"[(100175, 170)]"
2019-06-28 12:06:00,ASK_DEPTH,"[(100942, 143)]"
2019-06-28 12:06:00,IMBALANCE,"[170, 143]"
2019-06-28 12:06:00,HOLDINGS_UPDATED,"{'CASH': 51611275, 'JPM': -423}"
2019-06-28 12:07:00,BID_DEPTH,"[(100175, 369)]"
2019-06-28 12:07:00,ASK_DEPTH,"[(101079, 143)]"
2019-06-28 12:07:00,IMBALANCE,"[369, 143]"
2019-06-28 12:07:00,HOLDINGS_UPDATED,"{'CASH': 50701564, 'JPM': -414}"
2019-06-28 12:08:00,BID_DEPTH,"[(100175, 354)]"
2019-06-28 12:08:00,ASK_DEPTH,"[(101079, 129)]"
2019-06-28 12:08:00,IMBALANCE,"[354, 129]"
2019-06-28 12:08:00,HOLDINGS_UPDATED,"{'CASH': 49791853, 'JPM': -405}"
2019-06-28 12:09:00,BID_DEPTH,"[(100175, 493)]"
2019-06-28 12:09:00,ASK_DEPTH,"[(100857, 169)]"
2019-06-28 12:09:00,IMBALANCE,"[493, 169]"
2019-06-28 12:09:00,HOLDINGS_UPDATED,"{'CASH': 48884140, 'JPM': -396}"
2019-06-28 12:10:00,BID_DEPTH,"[(100175, 592)]"
2019-06-28 12:10:00,ASK_DEPTH,"[(100333, 169)]"
2019-06-28 12:10:00,IMBALANCE,"[592, 169]"
2019-06-28 12:10:00,HOLDINGS_UPDATED,"{'CASH': 47981143, 'JPM': -387}"
2019-06-28 12:11:00,BID_DEPTH,"[(100175, 591)]"
2019-06-28 12:11:00,ASK_DEPTH,"[(100323, 169)]"
2019-06-28 12:11:00,IMBALANCE,"[591, 169]"
2019-06-28 12:11:00,HOLDINGS_UPDATED,"{'CASH': 47078236, 'JPM': -378}"
2019-06-28 12:12:00,BID_DEPTH,"[(100175, 350)]"
2019-06-28 12:12:00,ASK_DEPTH,"[(100333, 229)]"
2019-06-28 12:12:00,IMBALANCE,"[350, 229]"
2019-06-28 12:12:00,HOLDINGS_UPDATED,"{'CASH': 46175239, 'JPM': -369}"
2019-06-28 12:13:00,BID_DEPTH,"[(100175, 675)]"
2019-06-28 12:13:00,ASK_DEPTH,"[(100333, 343)]"
2019-06-28 12:13:00,IMBALANCE,"[675, 343]"
2019-06-28 12:13:00,HOLDINGS_UPDATED,"{'CASH': 45272242, 'JPM': -360}"
2019-06-28 12:14:00,BID_DEPTH,"[(100175, 533)]"
2019-06-28 12:14:00,ASK_DEPTH,"[(100333, 214)]"
2019-06-28 12:14:00,IMBALANCE,"[533, 214]"
2019-06-28 12:14:00,HOLDINGS_UPDATED,"{'CASH': 44369245, 'JPM': -351}"
2019-06-28 12:15:00,BID_DEPTH,"[(100175, 247)]"
2019-06-28 12:15:00,ASK_DEPTH,"[(100310, 129)]"
2019-06-28 12:15:00,IMBALANCE,"[247, 129]"
2019-06-28 12:15:00,HOLDINGS_UPDATED,"{'CASH': 43466455, 'JPM': -342}"
2019-06-28 12:16:00,BID_DEPTH,"[(100004, 170)]"
2019-06-28 12:16:00,ASK_DEPTH,"[(100116, 143)]"
2019-06-28 12:16:00,IMBALANCE,"[170, 143]"
2019-06-28 12:16:00,HOLDINGS_UPDATED,"{'CASH': 42565411, 'JPM': -333}"
2019-06-28 12:17:00,BID_DEPTH,"[(100004, 355)]"
2019-06-28 12:17:00,ASK_DEPTH,"[(100175, 69)]"
2019-06-28 12:17:00,IMBALANCE,"[355, 69]"
2019-06-28 12:17:00,HOLDINGS_UPDATED,"{'CASH': 41663836, 'JPM': -324}"
2019-06-28 12:18:00,BID_DEPTH,"[(100004, 494)]"
2019-06-28 12:18:00,ASK_DEPTH,"[(100391, 153)]"
2019-06-28 12:18:00,IMBALANCE,"[494, 153]"
2019-06-28 12:18:00,HOLDINGS_UPDATED,"{'CASH': 40760317, 'JPM': -315}"
2019-06-28 12:19:00,BID_DEPTH,"[(100004, 567)]"
2019-06-28 12:19:00,ASK_DEPTH,"[(100613, 143)]"
2019-06-28 12:19:00,IMBALANCE,"[567, 143]"
2019-06-28 12:19:00,HOLDINGS_UPDATED,"{'CASH': 39854800, 'JPM': -306}"
2019-06-28 12:20:00,BID_DEPTH,"[(100004, 552)]"
2019-06-28 12:20:00,ASK_DEPTH,"[(100716, 129)]"
2019-06-28 12:20:00,IMBALANCE,"[552, 129]"
2019-06-28 12:20:00,HOLDINGS_UPDATED,"{'CASH': 38948356, 'JPM': -297}"
2019-06-28 12:21:00,BID_DEPTH,"[(100004, 565)]"
2019-06-28 12:21:00,ASK_DEPTH,"[(100719, 143)]"
2019-06-28 12:21:00,IMBALANCE,"[565, 143]"
2019-06-28 12:21:00,HOLDINGS_UPDATED,"{'CASH': 38041885, 'JPM': -288}"
2019-06-28 12:22:00,BID_DEPTH,"[(100513, 196)]"
2019-06-28 12:22:00,ASK_DEPTH,"[(100736, 169)]"
2019-06-28 12:22:00,IMBALANCE,"[196, 169]"
2019-06-28 12:22:00,HOLDINGS_UPDATED,"{'CASH': 37135261, 'JPM': -279}"
2019-06-28 12:23:00,BID_DEPTH,"[(100842, 196)]"
2019-06-28 12:23:00,ASK_DEPTH,"[(100908, 169)]"
2019-06-28 12:23:00,IMBALANCE,"[196, 169]"
2019-06-28 12:23:00,HOLDINGS_UPDATED,"{'CASH': 36227089, 'JPM': -270}"
2019-06-28 12:24:00,BID_DEPTH,"[(100842, 169)]"
2019-06-28 12:24:00,ASK_DEPTH,"[(100935, 143)]"
2019-06-28 12:24:00,IMBALANCE,"[169, 143]"
2019-06-28 12:24:00,HOLDINGS_UPDATED,"{'CASH': 35318674, 'JPM': -261}"
2019-06-28 12:25:00,BID_DEPTH,"[(100842, 382)]"
2019-06-28 12:25:00,ASK_DEPTH,"[(100907, 355)]"
2019-06-28 12:25:00,IMBALANCE,"[382, 355]"
2019-06-28 12:25:00,HOLDINGS_UPDATED,"{'CASH': 34410511, 'JPM': -252}"
2019-06-28 12:26:00,BID_DEPTH,"[(100842, 381)]"
2019-06-28 12:26:00,ASK_DEPTH,"[(101070, 355)]"
2019-06-28 12:26:00,IMBALANCE,"[381, 355]"
2019-06-28 12:26:00,HOLDINGS_UPDATED,"{'CASH': 33500881, 'JPM': -243}"
2019-06-28 12:27:00,BID_DEPTH,"[(100787, 382)]"
2019-06-28 12:27:00,ASK_DEPTH,"[(100842, 257)]"
2019-06-28 12:27:00,IMBALANCE,"[382, 257]"
2019-06-28 12:27:00,HOLDINGS_UPDATED,"{'CASH': 32593303, 'JPM': -234}"
2019-06-28 12:28:00,BID_DEPTH,"[(100621, 170)]"
2019-06-28 12:28:00,ASK_DEPTH,"[(100842, 143)]"
2019-06-28 12:28:00,IMBALANCE,"[170, 143]"
2019-06-28 12:28:00,HOLDINGS_UPDATED,"{'CASH': 31685725, 'JPM': -225}"
2019-06-28 12:29:00,BID_DEPTH,"[(100629, 156)]"
2019-06-28 12:29:00,ASK_DEPTH,"[(100842, 129)]"
2019-06-28 12:29:00,IMBALANCE,"[156, 129]"
2019-06-28 12:29:00,HOLDINGS_UPDATED,"{'CASH': 30778147, 'JPM': -216}"
2019-06-28 12:30:00,BID_DEPTH,"[(100836, 241)]"
2019-06-28 12:30:00,ASK_DEPTH,"[(100946, 214)]"
2019-06-28 12:30:00,IMBALANCE,"[241, 214]"
2019-06-28 12:30:00,HOLDINGS_UPDATED,"{'CASH': 29869633, 'JPM': -207}"
2019-06-28 12:31:00,BID_DEPTH,"[(101153, 100)]"
2019-06-28 12:31:00,ASK_DEPTH,[]
2019-06-28 12:31:00,IMBALANCE,"[100, 0]"
2019-06-28 12:32:00,BID_DEPTH,"[(101004, 100)]"
2019-06-28 12:32:00,ASK_DEPTH,[]
2019-06-28 12:32:00,IMBALANCE,"[100, 0]"
2019-06-28 12:33:00,BID_DEPTH,"[(100837, 170)]"
2019-06-28 12:33:00,ASK_DEPTH,"[(101154, 143)]"
2019-06-28 12:33:00,IMBALANCE,"[170, 143]"
2019-06-28 12:33:00,HOLDINGS_UPDATED,"{'CASH': 28959247, 'JPM': -198}"
2019-06-28 12:34:00,BID_DEPTH,"[(100837, 269)]"
2019-06-28 12:34:00,ASK_DEPTH,"[(101029, 143)]"
2019-06-28 12:34:00,IMBALANCE,"[269, 143]"
2019-06-28 12:34:00,HOLDINGS_UPDATED,"{'CASH': 28049986, 'JPM': -189}"
2019-06-28 12:35:00,BID_DEPTH,"[(101008, 241)]"
2019-06-28 12:35:00,ASK_DEPTH,"[(101029, 414)]"
2019-06-28 12:35:00,IMBALANCE,"[241, 414]"
2019-06-28 12:35:00,HOLDINGS_UPDATED,"{'CASH': 27140725, 'JPM': -180}"
2019-06-28 12:36:00,BID_DEPTH,"[(100837, 339)]"
2019-06-28 12:36:00,ASK_DEPTH,"[(101008, 214)]"
2019-06-28 12:36:00,IMBALANCE,"[339, 214]"
2019-06-28 12:36:00,HOLDINGS_UPDATED,"{'CASH': 26231653, 'JPM': -171}"
2019-06-28 12:37:00,BID_DEPTH,"[(100837, 168)]"
2019-06-28 12:37:00,ASK_DEPTH,"[(101029, 231)]"
2019-06-28 12:37:00,IMBALANCE,"[168, 231]"
2019-06-28 12:37:00,HOLDINGS_UPDATED,"{'CASH': 25322392, 'JPM': -162}"
2019-06-28 12:38:00,BID_DEPTH,"[(100836, 195)]"
2019-06-28 12:38:00,ASK_DEPTH,"[(101028, 169)]"
2019-06-28 12:38:00,IMBALANCE,"[195, 169]"
2019-06-28 12:38:00,HOLDINGS_UPDATED,"{'CASH': 24413140, 'JPM': -153}"
2019-06-28 12:39:00,BID_DEPTH,"[(100836, 169)]"
2019-06-28 12:39:00,ASK_DEPTH,"[(101028, 143)]"
2019-06-28 12:39:00,IMBALANCE,"[169, 143]"
2019-06-28 12:39:00,HOLDINGS_UPDATED,"{'CASH': 23503888, 'JPM': -144}"
2019-06-28 12:40:00,BID_DEPTH,"[(100825, 156)]"
2019-06-28 12:40:00,ASK_DEPTH,"[(101028, 129)]"
2019-06-28 12:40:00,IMBALANCE,"[156, 129]"
2019-06-28 12:40:00,HOLDINGS_UPDATED,"{'CASH': 22594636, 'JPM': -135}"
2019-06-28 12:41:00,BID_DEPTH,"[(100698, 241)]"
2019-06-28 12:41:00,ASK_DEPTH,"[(101029, 190)]"
2019-06-28 12:41:00,IMBALANCE,"[241, 190]"
2019-06-28 12:41:00,HOLDINGS_UPDATED,"{'CASH': 21685375, 'JPM': -126}"
2019-06-28 12:42:00,BID_DEPTH,"[(100576, 241)]"
2019-06-28 12:42:00,ASK_DEPTH,"[(101028, 214)]"
2019-06-28 12:42:00,IMBALANCE,"[241, 214]"
2019-06-28 12:42:00,HOLDINGS_UPDATED,"{'CASH': 20776123, 'JPM': -117}"
2019-06-28 12:43:00,BID_DEPTH,"[(100513, 240)]"
2019-06-28 12:43:00,ASK_DEPTH,"[(101029, 214)]"
2019-06-28 12:43:00,IMBALANCE,"[240, 214]"
2019-06-28 12:43:00,HOLDINGS_UPDATED,"{'CASH': 19866862, 'JPM': -108}"
2019-06-28 12:44:00,BID_DEPTH,"[(100513, 155)]"
2019-06-28 12:44:00,ASK_DEPTH,"[(101029, 129)]"
2019-06-28 12:44:00,IMBALANCE,"[155, 129]"
2019-06-28 12:44:00,HOLDINGS_UPDATED,"{'CASH': 18957601, 'JPM': -99}"
2019-06-28 12:45:00,BID_DEPTH,"[(100476, 241)]"
2019-06-28 12:45:00,ASK_DEPTH,"[(101028, 214)]"
2019-06-28 12:45:00,IMBALANCE,"[241, 214]"
2019-06-28 12:45:00,HOLDINGS_UPDATED,"{'CASH': 18048349, 'JPM': -90}"
2019-06-28 12:46:00,BID_DEPTH,"[(100476, 241)]"
2019-06-28 12:46:00,ASK_DEPTH,"[(101029, 214)]"
2019-06-28 12:46:00,IMBALANCE,"[241, 214]"
2019-06-28 12:46:00,HOLDINGS_UPDATED,"{'CASH': 17139088, 'JPM': -81}"
2019-06-28 12:47:00,BID_DEPTH,"[(100004, 170)]"
2019-06-28 12:47:00,ASK_DEPTH,"[(101029, 143)]"
2019-06-28 12:47:00,IMBALANCE,"[170, 143]"
2019-06-28 12:47:00,HOLDINGS_UPDATED,"{'CASH': 16229827, 'JPM': -72}"
2019-06-28 12:48:00,BID_DEPTH,"[(99658, 156)]"
2019-06-28 12:48:00,ASK_DEPTH,"[(101029, 129)]"
2019-06-28 12:48:00,IMBALANCE,"[156, 129]"
2019-06-28 12:48:00,HOLDINGS_UPDATED,"{'CASH': 15320566, 'JPM': -63}"
2019-06-28 12:49:00,BID_DEPTH,"[(99822, 170)]"
2019-06-28 12:49:00,ASK_DEPTH,"[(99916, 143)]"
2019-06-28 12:49:00,IMBALANCE,"[170, 143]"
2019-06-28 12:49:00,HOLDINGS_UPDATED,"{'CASH': 14421322, 'JPM': -54}"
2019-06-28 12:50:00,BID_DEPTH,"[(99634, 170)]"
2019-06-28 12:50:00,ASK_DEPTH,"[(99822, 143)]"
2019-06-28 12:50:00,IMBALANCE,"[170, 143]"
2019-06-28 12:50:00,HOLDINGS_UPDATED,"{'CASH': 13522924, 'JPM': -45}"
2019-06-28 12:51:00,BID_DEPTH,"[(99909, 382)]"
2019-06-28 12:51:00,ASK_DEPTH,"[(99954, 355)]"
2019-06-28 12:51:00,IMBALANCE,"[382, 355]"
2019-06-28 12:51:00,HOLDINGS_UPDATED,"{'CASH': 12623338, 'JPM': -36}"
2019-06-28 12:52:00,BID_DEPTH,"[(99792, 196)]"
2019-06-28 12:52:00,ASK_DEPTH,"[(101029, 169)]"
2019-06-28 12:52:00,IMBALANCE,"[196, 169]"
2019-06-28 12:52:00,HOLDINGS_UPDATED,"{'CASH': 11714077, 'JPM': -27}"
2019-06-28 12:53:00,BID_DEPTH,"[(99634, 170)]"
2019-06-28 12:53:00,ASK_DEPTH,"[(101154, 243)]"
2019-06-28 12:53:00,IMBALANCE,"[170, 243]"
2019-06-28 12:53:00,HOLDINGS_UPDATED,"{'CASH': 10803691, 'JPM': -18}"
2019-06-28 12:54:00,BID_DEPTH,"[(100235, 156)]"
2019-06-28 12:54:00,ASK_DEPTH,"[(101154, 117)]"
2019-06-28 12:54:00,IMBALANCE,"[156, 117]"
2019-06-28 12:54:00,HOLDINGS_UPDATED,"{'CASH': 9893305, 'JPM': -9}"
2019-06-28 12:55:00,BID_DEPTH,"[(100235, 355)]"
2019-06-28 12:55:00,ASK_DEPTH,"[(101154, 329)]"
2019-06-28 12:55:00,IMBALANCE,"[355, 329]"
2019-06-28 12:55:00,HOLDINGS_UPDATED,{'CASH': 8982919}
2019-06-28 12:56:00,BID_DEPTH,"[(100707, 170)]"
2019-06-28 12:56:00,ASK_DEPTH,"[(101009, 143)]"
2019-06-28 12:56:00,IMBALANCE,"[170, 143]"
2019-06-28 12:56:00,HOLDINGS_UPDATED,"{'CASH': 8073838, 'JPM': 9}"
2019-06-28 12:57:00,BID_DEPTH,"[(101143, 196)]"
2019-06-28 12:57:00,ASK_DEPTH,"[(101154, 257)]"
2019-06-28 12:57:00,IMBALANCE,"[196, 257]"
2019-06-28 12:57:00,HOLDINGS_UPDATED,"{'CASH': 7163452, 'JPM': 18}"
2019-06-28 12:58:00,BID_DEPTH,"[(101154, 124)]"
2019-06-28 12:58:00,ASK_DEPTH,"[(101395, 143)]"
2019-06-28 12:58:00,IMBALANCE,"[124, 143]"
2019-06-28 12:58:00,HOLDINGS_UPDATED,"{'CASH': 6250897, 'JPM': 27}"
2019-06-28 12:59:00,BID_DEPTH,"[(101025, 156)]"
2019-06-28 12:59:00,ASK_DEPTH,"[(101395, 129)]"
2019-06-28 12:59:00,IMBALANCE,"[156, 129]"
2019-06-28 12:59:00,HOLDINGS_UPDATED,"{'CASH': 5338342, 'JPM': 36}"
2019-06-28 13:00:00,BID_DEPTH,"[(101176, 382)]"
2019-06-28 13:00:00,ASK_DEPTH,"[(101932, 355)]"
2019-06-28 13:00:00,IMBALANCE,"[382, 355]"
2019-06-28 13:00:00,HOLDINGS_UPDATED,"{'CASH': 4420954, 'JPM': 45}"
2019-06-28 13:01:00,BID_DEPTH,"[(101176, 382)]"
2019-06-28 13:01:00,ASK_DEPTH,"[(101932, 355)]"
2019-06-28 13:01:00,IMBALANCE,"[382, 355]"
2019-06-28 13:01:00,HOLDINGS_UPDATED,"{'CASH': 3503566, 'JPM': 54}"
2019-06-28 13:02:00,BID_DEPTH,"[(101025, 156)]"
2019-06-28 13:02:00,ASK_DEPTH,"[(101931, 129)]"
2019-06-28 13:02:00,IMBALANCE,"[156, 129]"
2019-06-28 13:02:00,HOLDINGS_UPDATED,"{'CASH': 2586187, 'JPM': 63}"
2019-06-28 13:03:00,BID_DEPTH,"[(100977, 196)]"
2019-06-28 13:03:00,ASK_DEPTH,"[(101931, 169)]"
2019-06-28 13:03:00,IMBALANCE,"[196, 169]"
2019-06-28 13:03:00,HOLDINGS_UPDATED,"{'CASH': 1668808, 'JPM': 72}"
2019-06-28 13:04:00,BID_DEPTH,"[(100904, 100)]"
2019-06-28 13:04:00,ASK_DEPTH,[]
2019-06-28 13:04:00,IMBALANCE,"[100, 0]"
2019-06-28 13:05:00,BID_DEPTH,"[(100904, 241)]"
2019-06-28 13:05:00,ASK_DEPTH,"[(101931, 214)]"
2019-06-28 13:05:00,IMBALANCE,"[241, 214]"
2019-06-28 13:05:00,HOLDINGS_UPDATED,"{'CASH': 751429, 'JPM': 81}"
2019-06-28 13:06:00,BID_DEPTH,"[(100831, 100)]"
2019-06-28 13:06:00,ASK_DEPTH,[]
2019-06-28 13:06:00,IMBALANCE,"[100, 0]"
2019-06-28 13:07:00,BID_DEPTH,"[(100831, 100)]"
2019-06-28 13:07:00,ASK_DEPTH,[]
2019-06-28 13:07:00,IMBALANCE,"[100, 0]"
2019-06-28 13:08:00,BID_DEPTH,"[(100831, 100)]"
2019-06-28 13:08:00,ASK_DEPTH,[]
2019-06-28 13:08:00,IMBALANCE,"[100, 0]"
2019-06-28 13:09:00,BID_DEPTH,"[(100235, 200)]"
2019-06-28 13:09:00,ASK_DEPTH,[]
2019-06-28 13:09:00,IMBALANCE,"[200, 0]"
2019-06-28 13:10:00,BID_DEPTH,"[(100097, 100)]"
2019-06-28 13:10:00,ASK_DEPTH,[]
2019-06-28 13:10:00,IMBALANCE,"[100, 0]"
2019-06-28 13:11:00,BID_DEPTH,"[(99795, 100)]"
2019-06-28 13:11:00,ASK_DEPTH,[]
2019-06-28 13:11:00,IMBALANCE,"[100, 0]"
2019-06-28 13:12:00,BID_DEPTH,"[(99705, 100)]"
2019-06-28 13:12:00,ASK_DEPTH,[]
2019-06-28 13:12:00,IMBALANCE,"[100, 0]"
2019-06-28 13:13:00,BID_DEPTH,"[(99705, 196)]"
2019-06-28 13:13:00,ASK_DEPTH,"[(99832, 169)]"
2019-06-28 13:13:00,IMBALANCE,"[196, 169]"
2019-06-28 13:13:00,HOLDINGS_UPDATED,"{'CASH': -147059, 'JPM': 90}"
2019-06-28 13:14:00,BID_DEPTH,"[(99463, 129)]"
2019-06-28 13:14:00,ASK_DEPTH,"[(99705, 156)]"
2019-06-28 13:14:00,IMBALANCE,"[129, 156]"
2019-06-28 13:14:00,HOLDINGS_UPDATED,"{'CASH': 748108, 'JPM': 81}"
2019-06-28 13:15:00,BID_DEPTH,"[(99197, 129)]"
2019-06-28 13:15:00,ASK_DEPTH,"[(99463, 112)]"
2019-06-28 13:15:00,IMBALANCE,"[129, 112]"
2019-06-28 13:15:00,HOLDINGS_UPDATED,"{'CASH': 1640881, 'JPM': 72}"
2019-06-28 13:16:00,BID_DEPTH,"[(99056, 214)]"
2019-06-28 13:16:00,ASK_DEPTH,"[(99705, 241)]"
2019-06-28 13:16:00,IMBALANCE,"[214, 241]"
2019-06-28 13:16:00,HOLDINGS_UPDATED,"{'CASH': 2532385, 'JPM': 63}"
2019-06-28 13:17:00,BID_DEPTH,"[(99046, 143)]"
2019-06-28 13:17:00,ASK_DEPTH,"[(99705, 170)]"
2019-06-28 13:17:00,IMBALANCE,"[143, 170]"
2019-06-28 13:17:00,HOLDINGS_UPDATED,"{'CASH': 3423799, 'JPM': 54}"
2019-06-28 13:18:00,BID_DEPTH,"[(98979, 143)]"
2019-06-28 13:18:00,ASK_DEPTH,"[(99187, 170)]"
2019-06-28 13:18:00,IMBALANCE,"[143, 170]"
2019-06-28 13:18:00,HOLDINGS_UPDATED,"{'CASH': 4314610, 'JPM': 45}"
2019-06-28 13:19:00,BID_DEPTH,"[(99155, 355)]"
2019-06-28 13:19:00,ASK_DEPTH,"[(99172, 382)]"
2019-06-28 13:19:00,IMBALANCE,"[355, 382]"
2019-06-28 13:19:00,HOLDINGS_UPDATED,"{'CASH': 5207005, 'JPM': 36}"
2019-06-28 13:20:00,BID_DEPTH,"[(99011, 143)]"
2019-06-28 13:20:00,ASK_DEPTH,"[(99172, 269)]"
2019-06-28 13:20:00,IMBALANCE,"[143, 269]"
2019-06-28 13:20:00,HOLDINGS_UPDATED,"{'CASH': 6098104, 'JPM': 27}"
2019-06-28 13:21:00,BID_DEPTH,"[(98869, 169)]"
2019-06-28 13:21:00,ASK_DEPTH,"[(99026, 196)]"
2019-06-28 13:21:00,IMBALANCE,"[169, 196]"
2019-06-28 13:21:00,HOLDINGS_UPDATED,"{'CASH': 6987925, 'JPM': 18}"
2019-06-28 13:22:00,BID_DEPTH,"[(98866, 129)]"
2019-06-28 13:22:00,ASK_DEPTH,"[(99026, 155)]"
2019-06-28 13:22:00,IMBALANCE,"[129, 155]"
2019-06-28 13:22:00,HOLDINGS_UPDATED,"{'CASH': 7877719, 'JPM': 9}"
2019-06-28 13:23:00,BID_DEPTH,"[(99026, 129)]"
2019-06-28 13:23:00,ASK_DEPTH,"[(99027, 156)]"
2019-06-28 13:23:00,IMBALANCE,"[129, 156]"
2019-06-28 13:23:00,HOLDINGS_UPDATED,{'CASH': 8768953}
2019-06-28 13:24:00,BID_DEPTH,"[(99027, 229)]"
2019-06-28 13:24:00,ASK_DEPTH,"[(99172, 354)]"
2019-06-28 13:24:00,IMBALANCE,"[229, 354]"
2019-06-28 13:24:00,HOLDINGS_UPDATED,"{'CASH': 9660196, 'JPM': -9}"
2019-06-28 13:25:00,BID_DEPTH,"[(99027, 357)]"
2019-06-28 13:25:00,ASK_DEPTH,"[(99172, 393)]"
2019-06-28 13:25:00,IMBALANCE,"[357, 393]"
2019-06-28 13:25:00,HOLDINGS_UPDATED,"{'CASH': 10551439, 'JPM': -18}"
2019-06-28 13:26:00,BID_DEPTH,"[(99027, 219)]"
2019-06-28 13:26:00,ASK_DEPTH,"[(99172, 366)]"
2019-06-28 13:26:00,IMBALANCE,"[219, 366]"
2019-06-28 13:26:00,HOLDINGS_UPDATED,"{'CASH': 11442682, 'JPM': -27}"
2019-06-28 13:27:00,BID_DEPTH,"[(99027, 133)]"
2019-06-28 13:27:00,ASK_DEPTH,"[(99422, 196)]"
2019-06-28 13:27:00,IMBALANCE,"[133, 196]"
2019-06-28 13:27:00,HOLDINGS_UPDATED,"{'CASH': 12333925, 'JPM': -36}"
2019-06-28 13:28:00,BID_DEPTH,"[(98998, 169)]"
2019-06-28 13:28:00,ASK_DEPTH,"[(99523, 196)]"
2019-06-28 13:28:00,IMBALANCE,"[169, 196]"
2019-06-28 13:28:00,HOLDINGS_UPDATED,"{'CASH': 13224907, 'JPM': -45}"
2019-06-28 13:29:00,BID_DEPTH,"[(98778, 355)]"
2019-06-28 13:29:00,ASK_DEPTH,"[(99208, 382)]"
2019-06-28 13:29:00,IMBALANCE,"[355, 382]"
2019-06-28 13:29:00,HOLDINGS_UPDATED,"{'CASH': 14113909, 'JPM': -54}"
2019-06-28 13:30:00,BID_DEPTH,"[(98837, 143)]"
2019-06-28 13:30:00,ASK_DEPTH,"[(99146, 170)]"
2019-06-28 13:30:00,IMBALANCE,"[143, 170]"
2019-06-28 13:30:00,HOLDINGS_UPDATED,"{'CASH': 15003442, 'JPM': -63}"
2019-06-28 13:31:00,BID_DEPTH,"[(98837, 355)]"
2019-06-28 13:31:00,ASK_DEPTH,"[(98910, 382)]"
2019-06-28 13:31:00,IMBALANCE,"[355, 382]"
2019-06-28 13:31:00,HOLDINGS_UPDATED,"{'CASH': 15892975, 'JPM': -72}"
2019-06-28 13:32:00,BID_DEPTH,"[(98681, 143)]"
2019-06-28 13:32:00,ASK_DEPTH,"[(98744, 170)]"
2019-06-28 13:32:00,IMBALANCE,"[143, 170]"
2019-06-28 13:32:00,HOLDINGS_UPDATED,"{'CASH': 16781104, 'JPM': -81}"
2019-06-28 13:33:00,BID_DEPTH,"[(98744, 355)]"
2019-06-28 13:33:00,ASK_DEPTH,"[(98910, 581)]"
2019-06-28 13:33:00,IMBALANCE,"[355, 581]"
2019-06-28 13:33:00,HOLDINGS_UPDATED,"{'CASH': 17669800, 'JPM': -90}"
2019-06-28 13:34:00,BID_DEPTH,"[(98910, 129)]"
2019-06-28 13:34:00,ASK_DEPTH,"[(99146, 155)]"
2019-06-28 13:34:00,IMBALANCE,"[129, 155]"
2019-06-28 13:34:00,HOLDINGS_UPDATED,"{'CASH': 18559990, 'JPM': -99}"
2019-06-28 13:35:00,BID_DEPTH,"[(99147, 214)]"
2019-06-28 13:35:00,ASK_DEPTH,"[(99656, 241)]"
2019-06-28 13:35:00,IMBALANCE,"[214, 241]"
2019-06-28 13:35:00,HOLDINGS_UPDATED,"{'CASH': 19452313, 'JPM': -108}"
2019-06-28 13:36:00,BID_DEPTH,"[(99542, 214)]"
2019-06-28 13:36:00,ASK_DEPTH,"[(99656, 241)]"
2019-06-28 13:36:00,IMBALANCE,"[214, 241]"
2019-06-28 13:36:00,HOLDINGS_UPDATED,"{'CASH': 20348191, 'JPM': -117}"
2019-06-28 13:37:00,BID_DEPTH,"[(99361, 214)]"
2019-06-28 13:37:00,ASK_DEPTH,"[(99819, 241)]"
2019-06-28 13:37:00,IMBALANCE,"[214, 241]"
2019-06-28 13:37:00,HOLDINGS_UPDATED,"{'CASH': 21242440, 'JPM': -126}"
2019-06-28 13:38:00,BID_DEPTH,"[(99146, 169)]"
2019-06-28 13:38:00,ASK_DEPTH,"[(99819, 295)]"
2019-06-28 13:38:00,IMBALANCE,"[169, 295]"
2019-06-28 13:38:00,HOLDINGS_UPDATED,"{'CASH': 22134754, 'JPM': -135}"
2019-06-28 13:39:00,BID_DEPTH,"[(99151, 355)]"
2019-06-28 13:39:00,ASK_DEPTH,"[(99399, 382)]"
2019-06-28 13:39:00,IMBALANCE,"[355, 382]"
2019-06-28 13:39:00,HOLDINGS_UPDATED,"{'CASH': 23027113, 'JPM': -144}"
2019-06-28 13:40:00,BID_DEPTH,"[(99132, 214)]"
2019-06-28 13:40:00,ASK_DEPTH,"[(99399, 240)]"
2019-06-28 13:40:00,IMBALANCE,"[214, 240]"
2019-06-28 13:40:00,HOLDINGS_UPDATED,"{'CASH': 23919301, 'JPM': -153}"
2019-06-28 13:41:00,BID_DEPTH,"[(99399, 129)]"
2019-06-28 13:41:00,ASK_DEPTH,"[(99515, 156)]"
2019-06-28 13:41:00,IMBALANCE,"[129, 156]"
2019-06-28 13:41:00,HOLDINGS_UPDATED,"{'CASH': 24813892, 'JPM': -162}"
2019-06-28 13:42:00,BID_DEPTH,"[(99509, 355)]"
2019-06-28 13:42:00,ASK_DEPTH,"[(99737, 382)]"
2019-06-28 13:42:00,IMBALANCE,"[355, 382]"
2019-06-28 13:42:00,HOLDINGS_UPDATED,"{'CASH': 25709473, 'JPM': -171}"
2019-06-28 13:43:00,BID_DEPTH,"[(99368, 169)]"
2019-06-28 13:43:00,ASK_DEPTH,"[(99737, 195)]"
2019-06-28 13:43:00,IMBALANCE,"[169, 195]"
2019-06-28 13:43:00,HOLDINGS_UPDATED,"{'CASH': 26603785, 'JPM': -180}"
2019-06-28 13:44:00,BID_DEPTH,"[(99368, 157)]"
2019-06-28 13:44:00,ASK_DEPTH,"[(99394, 170)]"
2019-06-28 13:44:00,IMBALANCE,"[157, 170]"
2019-06-28 13:44:00,HOLDINGS_UPDATED,"{'CASH': 27498097, 'JPM': -189}"
2019-06-28 13:45:00,BID_DEPTH,"[(99297, 169)]"
2019-06-28 13:45:00,ASK_DEPTH,"[(99368, 138)]"
2019-06-28 13:45:00,IMBALANCE,"[169, 138]"
2019-06-28 13:45:00,HOLDINGS_UPDATED,"{'CASH': 28391770, 'JPM': -198}"
2019-06-28 13:46:00,BID_DEPTH,"[(98863, 214)]"
2019-06-28 13:46:00,ASK_DEPTH,"[(99368, 182)]"
2019-06-28 13:46:00,IMBALANCE,"[214, 182]"
2019-06-28 13:46:00,HOLDINGS_UPDATED,"{'CASH': 29281537, 'JPM': -207}"
2019-06-28 13:47:00,BID_DEPTH,"[(97218, 169)]"
2019-06-28 13:47:00,ASK_DEPTH,"[(98449, 196)]"
2019-06-28 13:47:00,IMBALANCE,"[169, 196]"
2019-06-28 13:47:00,HOLDINGS_UPDATED,"{'CASH': 30156499, 'JPM': -216}"
2019-06-28 13:48:00,BID_DEPTH,"[(97658, 355)]"
2019-06-28 13:48:00,ASK_DEPTH,"[(98449, 481)]"
2019-06-28 13:48:00,IMBALANCE,"[355, 481]"
2019-06-28 13:48:00,HOLDINGS_UPDATED,"{'CASH': 31035421, 'JPM': -225}"
2019-06-28 13:49:00,BID_DEPTH,[]
2019-06-28 13:49:00,ASK_DEPTH,"[(97293, 100)]"
2019-06-28 13:49:00,IMBALANCE,"[0, 100]"
2019-06-28 13:50:00,BID_DEPTH,[]
2019-06-28 13:50:00,ASK_DEPTH,"[(97572, 100)]"
2019-06-28 13:50:00,IMBALANCE,"[0, 100]"
2019-06-28 13:51:00,BID_DEPTH,"[(97504, 355)]"
2019-06-28 13:51:00,ASK_DEPTH,"[(97572, 382)]"
2019-06-28 13:51:00,IMBALANCE,"[355, 382]"
2019-06-28 13:51:00,HOLDINGS_UPDATED,"{'CASH': 31912957, 'JPM': -234}"
2019-06-28 13:52:00,BID_DEPTH,"[(97366, 355)]"
2019-06-28 13:52:00,ASK_DEPTH,"[(97572, 381)]"
2019-06-28 13:52:00,IMBALANCE,"[355, 381]"
2019-06-28 13:52:00,HOLDINGS_UPDATED,"{'CASH': 32789251, 'JPM': -243}"
2019-06-28 13:53:00,BID_DEPTH,[]
2019-06-28 13:53:00,ASK_DEPTH,"[(97572, 98)]"
2019-06-28 13:53:00,IMBALANCE,"[0, 98]"
2019-06-28 13:54:00,BID_DEPTH,"[(97572, 31)]"
2019-06-28 13:54:00,ASK_DEPTH,"[(97642, 156)]"
2019-06-28 13:54:00,IMBALANCE,"[31, 156]"
2019-06-28 13:54:00,HOLDINGS_UPDATED,"{'CASH': 33667399, 'JPM': -252}"
2019-06-28 13:55:00,BID_DEPTH,"[(97572, 295)]"
2019-06-28 13:55:00,ASK_DEPTH,"[(97828, 382)]"
2019-06-28 13:55:00,IMBALANCE,"[295, 382]"
2019-06-28 13:55:00,HOLDINGS_UPDATED,"{'CASH': 34545547, 'JPM': -261}"
2019-06-28 13:56:00,BID_DEPTH,"[(97828, 144)]"
2019-06-28 13:56:00,ASK_DEPTH,"[(97850, 241)]"
2019-06-28 13:56:00,IMBALANCE,"[144, 241]"
2019-06-28 13:56:00,HOLDINGS_UPDATED,"{'CASH': 34839031, 'JPM': -264}"
2019-06-28 13:56:00,HOLDINGS_UPDATED,"{'CASH': 35425999, 'JPM': -270}"
2019-06-28 13:57:00,BID_DEPTH,"[(97828, 129)]"
2019-06-28 13:57:00,ASK_DEPTH,"[(97875, 156)]"
2019-06-28 13:57:00,IMBALANCE,"[129, 156]"
2019-06-28 13:57:00,HOLDINGS_UPDATED,"{'CASH': 36306451, 'JPM': -279}"
2019-06-28 13:58:00,BID_DEPTH,"[(98449, 143)]"
2019-06-28 13:58:00,ASK_DEPTH,"[(99045, 170)]"
2019-06-28 13:58:00,IMBALANCE,"[143, 170]"
2019-06-28 13:58:00,HOLDINGS_UPDATED,"{'CASH': 37192492, 'JPM': -288}"
2019-06-28 13:59:00,BID_DEPTH,"[(97464, 143)]"
2019-06-28 13:59:00,ASK_DEPTH,"[(99367, 270)]"
2019-06-28 13:59:00,IMBALANCE,"[143, 270]"
2019-06-28 13:59:00,HOLDINGS_UPDATED,"{'CASH': 38069668, 'JPM': -297}"
2019-06-28 14:00:00,BID_DEPTH,"[(97464, 269)]"
2019-06-28 14:00:00,ASK_DEPTH,"[(99367, 295)]"
2019-06-28 14:00:00,IMBALANCE,"[269, 295]"
2019-06-28 14:00:00,HOLDINGS_UPDATED,"{'CASH': 38946844, 'JPM': -306}"
2019-06-28 14:01:00,BID_DEPTH,"[(97464, 117)]"
2019-06-28 14:01:00,ASK_DEPTH,"[(99367, 254)]"
2019-06-28 14:01:00,IMBALANCE,"[117, 254]"
2019-06-28 14:01:00,HOLDINGS_UPDATED,"{'CASH': 39824020, 'JPM': -315}"
2019-06-28 14:02:00,BID_DEPTH,"[(99302, 214)]"
2019-06-28 14:02:00,ASK_DEPTH,"[(99367, 338)]"
2019-06-28 14:02:00,IMBALANCE,"[214, 338]"
2019-06-28 14:02:00,HOLDINGS_UPDATED,"{'CASH': 40717738, 'JPM': -324}"
2019-06-28 14:03:00,BID_DEPTH,"[(99302, 314)]"
2019-06-28 14:03:00,ASK_DEPTH,"[(99367, 237)]"
2019-06-28 14:03:00,IMBALANCE,"[314, 237]"
2019-06-28 14:03:00,HOLDINGS_UPDATED,"{'CASH': 41611456, 'JPM': -333}"
2019-06-28 14:04:00,BID_DEPTH,"[(99006, 143)]"
2019-06-28 14:04:00,ASK_DEPTH,"[(99536, 170)]"
2019-06-28 14:04:00,IMBALANCE,"[143, 170]"
2019-06-28 14:04:00,HOLDINGS_UPDATED,"{'CASH': 42502510, 'JPM': -342}"
2019-06-28 14:05:00,BID_DEPTH,"[(99006, 169)]"
2019-06-28 14:05:00,ASK_DEPTH,"[(99536, 495)]"
2019-06-28 14:05:00,IMBALANCE,"[169, 495]"
2019-06-28 14:05:00,HOLDINGS_UPDATED,"{'CASH': 43393564, 'JPM': -351}"
2019-06-28 14:06:00,BID_DEPTH,"[(98809, 143)]"
2019-06-28 14:06:00,ASK_DEPTH,"[(99535, 170)]"
2019-06-28 14:06:00,IMBALANCE,"[143, 170]"
2019-06-28 14:06:00,HOLDINGS_UPDATED,"{'CASH': 44282845, 'JPM': -360}"
2019-06-28 14:07:00,BID_DEPTH,"[(97464, 169)]"
2019-06-28 14:07:00,ASK_DEPTH,"[(99535, 195)]"
2019-06-28 14:07:00,IMBALANCE,"[169, 195]"
2019-06-28 14:07:00,HOLDINGS_UPDATED,"{'CASH': 45160021, 'JPM': -369}"
2019-06-28 14:08:00,BID_DEPTH,"[(98639, 169)]"
2019-06-28 14:08:00,ASK_DEPTH,"[(98801, 196)]"
2019-06-28 14:08:00,IMBALANCE,"[169, 196]"
2019-06-28 14:08:00,HOLDINGS_UPDATED,"{'CASH': 46047772, 'JPM': -378}"
2019-06-28 14:09:00,BID_DEPTH,[]
2019-06-28 14:09:00,ASK_DEPTH,"[(98801, 99)]"
2019-06-28 14:09:00,IMBALANCE,"[0, 99]"
2019-06-28 14:10:00,BID_DEPTH,"[(98801, 30)]"
2019-06-28 14:10:00,ASK_DEPTH,"[(99515, 156)]"
2019-06-28 14:10:00,IMBALANCE,"[30, 156]"
2019-06-28 14:10:00,HOLDINGS_UPDATED,"{'CASH': 46936981, 'JPM': -387}"
2019-06-28 14:11:00,BID_DEPTH,"[(99476, 214)]"
2019-06-28 14:11:00,ASK_DEPTH,"[(99515, 241)]"
2019-06-28 14:11:00,IMBALANCE,"[214, 241]"
2019-06-28 14:11:00,HOLDINGS_UPDATED,"{'CASH': 47832265, 'JPM': -396}"
2019-06-28 14:12:00,BID_DEPTH,"[(98801, 124)]"
2019-06-28 14:12:00,ASK_DEPTH,"[(99535, 154)]"
2019-06-28 14:12:00,IMBALANCE,"[124, 154]"
2019-06-28 14:12:00,HOLDINGS_UPDATED,"{'CASH': 48721474, 'JPM': -405}"
2019-06-28 14:13:00,BID_DEPTH,"[(99535, 32)]"
2019-06-28 14:13:00,ASK_DEPTH,"[(99536, 254)]"
2019-06-28 14:13:00,IMBALANCE,"[32, 254]"
2019-06-28 14:13:00,HOLDINGS_UPDATED,"{'CASH': 49617289, 'JPM': -414}"
2019-06-28 14:14:00,BID_DEPTH,"[(99535, 211)]"
2019-06-28 14:14:00,ASK_DEPTH,"[(99536, 239)]"
2019-06-28 14:14:00,IMBALANCE,"[211, 239]"
2019-06-28 14:14:00,HOLDINGS_UPDATED,"{'CASH': 50513104, 'JPM': -423}"
2019-06-28 14:15:00,BID_DEPTH,[]
2019-06-28 14:15:00,ASK_DEPTH,"[(99586, 100)]"
2019-06-28 14:15:00,IMBALANCE,"[0, 100]"
2019-06-28 14:16:00,BID_DEPTH,"[(99536, 355)]"
2019-06-28 14:16:00,ASK_DEPTH,"[(99586, 382)]"
2019-06-28 14:16:00,IMBALANCE,"[355, 382]"
2019-06-28 14:16:00,HOLDINGS_UPDATED,"{'CASH': 51408928, 'JPM': -432}"
2019-06-28 14:17:00,BID_DEPTH,[]
2019-06-28 14:17:00,ASK_DEPTH,"[(99737, 98)]"
2019-06-28 14:17:00,IMBALANCE,"[0, 98]"
2019-06-28 14:18:00,BID_DEPTH,"[(99586, 382)]"
2019-06-28 14:18:00,ASK_DEPTH,"[(99829, 355)]"
2019-06-28 14:18:00,IMBALANCE,"[382, 355]"
2019-06-28 14:18:00,HOLDINGS_UPDATED,"{'CASH': 50510467, 'JPM': -423}"
2019-06-28 14:19:00,BID_DEPTH,"[(99598, 156)]"
2019-06-28 14:19:00,ASK_DEPTH,"[(99633, 129)]"
2019-06-28 14:19:00,IMBALANCE,"[156, 129]"
2019-06-28 14:19:00,HOLDINGS_UPDATED,"{'CASH': 49613770, 'JPM': -414}"
2019-06-28 14:20:00,BID_DEPTH,"[(99586, 381)]"
2019-06-28 14:20:00,ASK_DEPTH,"[(99656, 355)]"
2019-06-28 14:20:00,IMBALANCE,"[381, 355]"
2019-06-28 14:20:00,HOLDINGS_UPDATED,"{'CASH': 48716866, 'JPM': -405}"
2019-06-28 14:21:00,BID_DEPTH,"[(99586, 194)]"
2019-06-28 14:21:00,ASK_DEPTH,"[(99656, 169)]"
2019-06-28 14:21:00,IMBALANCE,"[194, 169]"
2019-06-28 14:21:00,HOLDINGS_UPDATED,"{'CASH': 47819962, 'JPM': -396}"
2019-06-28 14:22:00,BID_DEPTH,"[(99423, 241)]"
2019-06-28 14:22:00,ASK_DEPTH,"[(99656, 214)]"
2019-06-28 14:22:00,IMBALANCE,"[241, 214]"
2019-06-28 14:22:00,HOLDINGS_UPDATED,"{'CASH': 46923058, 'JPM': -387}"
2019-06-28 14:23:00,BID_DEPTH,"[(99423, 381)]"
2019-06-28 14:23:00,ASK_DEPTH,"[(99656, 455)]"
2019-06-28 14:23:00,IMBALANCE,"[381, 455]"
2019-06-28 14:23:00,HOLDINGS_UPDATED,"{'CASH': 46026154, 'JPM': -378}"
2019-06-28 14:24:00,BID_DEPTH,"[(99423, 194)]"
2019-06-28 14:24:00,ASK_DEPTH,"[(99656, 357)]"
2019-06-28 14:24:00,IMBALANCE,"[194, 357]"
2019-06-28 14:24:00,HOLDINGS_UPDATED,"{'CASH': 45129250, 'JPM': -369}"
2019-06-28 14:25:00,BID_DEPTH,"[(99234, 241)]"
2019-06-28 14:25:00,ASK_DEPTH,"[(99656, 490)]"
2019-06-28 14:25:00,IMBALANCE,"[241, 490]"
2019-06-28 14:25:00,HOLDINGS_UPDATED,"{'CASH': 44232346, 'JPM': -360}"
2019-06-28 14:26:00,BID_DEPTH,"[(98958, 241)]"
2019-06-28 14:26:00,ASK_DEPTH,"[(99656, 378)]"
2019-06-28 14:26:00,IMBALANCE,"[241, 378]"
2019-06-28 14:26:00,HOLDINGS_UPDATED,"{'CASH': 43335442, 'JPM': -351}"
2019-06-28 14:27:00,BID_DEPTH,"[(98398, 382)]"
2019-06-28 14:27:00,ASK_DEPTH,"[(99656, 407)]"
2019-06-28 14:27:00,IMBALANCE,"[382, 407]"
2019-06-28 14:27:00,HOLDINGS_UPDATED,"{'CASH': 42438538, 'JPM': -342}"
2019-06-28 14:28:00,BID_DEPTH,"[(98147, 170)]"
2019-06-28 14:28:00,ASK_DEPTH,"[(98398, 143)]"
2019-06-28 14:28:00,IMBALANCE,"[170, 143]"
2019-06-28 14:28:00,HOLDINGS_UPDATED,"{'CASH': 41552956, 'JPM': -333}"
2019-06-28 14:29:00,BID_DEPTH,"[(97926, 170)]"
2019-06-28 14:29:00,ASK_DEPTH,"[(98398, 143)]"
2019-06-28 14:29:00,IMBALANCE,"[170, 143]"
2019-06-28 14:29:00,HOLDINGS_UPDATED,"{'CASH': 40667374, 'JPM': -324}"
2019-06-28 14:30:00,BID_DEPTH,"[(97926, 196)]"
2019-06-28 14:30:00,ASK_DEPTH,"[(97958, 169)]"
2019-06-28 14:30:00,IMBALANCE,"[196, 169]"
2019-06-28 14:30:00,HOLDINGS_UPDATED,"{'CASH': 39785752, 'JPM': -315}"
2019-06-28 14:31:00,BID_DEPTH,"[(97926, 382)]"
2019-06-28 14:31:00,ASK_DEPTH,"[(98663, 355)]"
2019-06-28 14:31:00,IMBALANCE,"[382, 355]"
2019-06-28 14:31:00,HOLDINGS_UPDATED,"{'CASH': 38897785, 'JPM': -306}"
2019-06-28 14:32:00,BID_DEPTH,"[(98234, 196)]"
2019-06-28 14:32:00,ASK_DEPTH,"[(99703, 169)]"
2019-06-28 14:32:00,IMBALANCE,"[196, 169]"
2019-06-28 14:32:00,HOLDINGS_UPDATED,"{'CASH': 38000458, 'JPM': -297}"
2019-06-28 14:33:00,BID_DEPTH,"[(98866, 196)]"
2019-06-28 14:33:00,ASK_DEPTH,"[(99184, 169)]"
2019-06-28 14:33:00,IMBALANCE,"[196, 169]"
2019-06-28 14:33:00,HOLDINGS_UPDATED,"{'CASH': 37107802, 'JPM': -288}"
2019-06-28 14:34:00,BID_DEPTH,"[(99344, 156)]"
2019-06-28 14:34:00,ASK_DEPTH,"[(99891, 129)]"
2019-06-28 14:34:00,IMBALANCE,"[156, 129]"
2019-06-28 14:34:00,HOLDINGS_UPDATED,"{'CASH': 36208783, 'JPM': -279}"
2019-06-28 14:35:00,BID_DEPTH,"[(99344, 156)]"
2019-06-28 14:35:00,ASK_DEPTH,"[(99945, 129)]"
2019-06-28 14:35:00,IMBALANCE,"[156, 129]"
2019-06-28 14:35:00,HOLDINGS_UPDATED,"{'CASH': 35309278, 'JPM': -270}"
2019-06-28 14:36:00,BID_DEPTH,"[(99155, 156)]"
2019-06-28 14:36:00,ASK_DEPTH,"[(99425, 129)]"
2019-06-28 14:36:00,IMBALANCE,"[156, 129]"
2019-06-28 14:36:00,HOLDINGS_UPDATED,"{'CASH': 34414453, 'JPM': -261}"
2019-06-28 14:37:00,BID_DEPTH,"[(99155, 170)]"
2019-06-28 14:37:00,ASK_DEPTH,"[(99425, 143)]"
2019-06-28 14:37:00,IMBALANCE,"[170, 143]"
2019-06-28 14:37:00,HOLDINGS_UPDATED,"{'CASH': 33519628, 'JPM': -252}"
2019-06-28 14:38:00,BID_DEPTH,"[(99524, 382)]"
2019-06-28 14:38:00,ASK_DEPTH,"[(99945, 355)]"
2019-06-28 14:38:00,IMBALANCE,"[382, 355]"
2019-06-28 14:38:00,HOLDINGS_UPDATED,"{'CASH': 32620123, 'JPM': -243}"
2019-06-28 14:39:00,BID_DEPTH,"[(99524, 169)]"
2019-06-28 14:39:00,ASK_DEPTH,"[(99683, 143)]"
2019-06-28 14:39:00,IMBALANCE,"[169, 143]"
2019-06-28 14:39:00,HOLDINGS_UPDATED,"{'CASH': 31722976, 'JPM': -234}"
2019-06-28 14:40:00,BID_DEPTH,"[(99524, 482)]"
2019-06-28 14:40:00,ASK_DEPTH,"[(99683, 355)]"
2019-06-28 14:40:00,IMBALANCE,"[482, 355]"
2019-06-28 14:40:00,HOLDINGS_UPDATED,"{'CASH': 30825829, 'JPM': -225}"
2019-06-28 14:41:00,BID_DEPTH,"[(99524, 295)]"
2019-06-28 14:41:00,ASK_DEPTH,"[(99886, 169)]"
2019-06-28 14:41:00,IMBALANCE,"[295, 169]"
2019-06-28 14:41:00,HOLDINGS_UPDATED,"{'CASH': 29926855, 'JPM': -216}"
2019-06-28 14:42:00,BID_DEPTH,"[(99886, 112)]"
2019-06-28 14:42:00,ASK_DEPTH,"[(100066, 169)]"
2019-06-28 14:42:00,IMBALANCE,"[112, 169]"
2019-06-28 14:42:00,HOLDINGS_UPDATED,"{'CASH': 29026261, 'JPM': -207}"
2019-06-28 14:43:00,BID_DEPTH,"[(100066, 72)]"
2019-06-28 14:43:00,ASK_DEPTH,"[(100141, 129)]"
2019-06-28 14:43:00,IMBALANCE,"[72, 129]"
2019-06-28 14:43:00,HOLDINGS_UPDATED,"{'CASH': 28124992, 'JPM': -198}"
2019-06-28 14:44:00,BID_DEPTH,"[(100066, 71)]"
2019-06-28 14:44:00,ASK_DEPTH,"[(100569, 129)]"
2019-06-28 14:44:00,IMBALANCE,"[71, 129]"
2019-06-28 14:44:00,HOLDINGS_UPDATED,"{'CASH': 27219871, 'JPM': -189}"
2019-06-28 14:45:00,BID_DEPTH,"[(100437, 170)]"
2019-06-28 14:45:00,ASK_DEPTH,"[(100577, 143)]"
2019-06-28 14:45:00,IMBALANCE,"[170, 143]"
2019-06-28 14:45:00,HOLDINGS_UPDATED,"{'CASH': 26314678, 'JPM': -180}"
2019-06-28 14:46:00,BID_DEPTH,"[(100546, 170)]"
2019-06-28 14:46:00,ASK_DEPTH,"[(100577, 143)]"
2019-06-28 14:46:00,IMBALANCE,"[170, 143]"
2019-06-28 14:46:00,HOLDINGS_UPDATED,"{'CASH': 25409485, 'JPM': -171}"
2019-06-28 14:47:00,BID_DEPTH,"[(100546, 481)]"
2019-06-28 14:47:00,ASK_DEPTH,"[(100626, 355)]"
2019-06-28 14:47:00,IMBALANCE,"[481, 355]"
2019-06-28 14:47:00,HOLDINGS_UPDATED,"{'CASH': 24503851, 'JPM': -162}"
2019-06-28 14:48:00,BID_DEPTH,"[(100546, 354)]"
2019-06-28 14:48:00,ASK_DEPTH,"[(100705, 129)]"
2019-06-28 14:48:00,IMBALANCE,"[354, 129]"
2019-06-28 14:48:00,HOLDINGS_UPDATED,"{'CASH': 23597506, 'JPM': -153}"
2019-06-28 14:49:00,BID_DEPTH,"[(100698, 196)]"
2019-06-28 14:49:00,ASK_DEPTH,"[(100707, 169)]"
2019-06-28 14:49:00,IMBALANCE,"[196, 169]"
2019-06-28 14:49:00,HOLDINGS_UPDATED,"{'CASH': 22691143, 'JPM': -144}"
2019-06-28 14:50:00,BID_DEPTH,"[(100707, 157)]"
2019-06-28 14:50:00,ASK_DEPTH,"[(100716, 214)]"
2019-06-28 14:50:00,IMBALANCE,"[157, 214]"
2019-06-28 14:50:00,HOLDINGS_UPDATED,"{'CASH': 21784699, 'JPM': -135}"
2019-06-28 14:51:00,BID_DEPTH,"[(100707, 111)]"
2019-06-28 14:51:00,ASK_DEPTH,"[(100788, 169)]"
2019-06-28 14:51:00,IMBALANCE,"[111, 169]"
2019-06-28 14:51:00,HOLDINGS_UPDATED,"{'CASH': 20877607, 'JPM': -126}"
2019-06-28 14:52:00,BID_DEPTH,"[(100698, 355)]"
2019-06-28 14:52:00,ASK_DEPTH,"[(100844, 129)]"
2019-06-28 14:52:00,IMBALANCE,"[355, 129]"
2019-06-28 14:52:00,HOLDINGS_UPDATED,"{'CASH': 19970011, 'JPM': -117}"
2019-06-28 14:53:00,BID_DEPTH,"[(100698, 380)]"
2019-06-28 14:53:00,ASK_DEPTH,"[(101005, 355)]"
2019-06-28 14:53:00,IMBALANCE,"[380, 355]"
2019-06-28 14:53:00,HOLDINGS_UPDATED,"{'CASH': 19060966, 'JPM': -108}"
2019-06-28 14:54:00,BID_DEPTH,"[(100630, 241)]"
2019-06-28 14:54:00,ASK_DEPTH,"[(100698, 217)]"
2019-06-28 14:54:00,IMBALANCE,"[241, 217]"
2019-06-28 14:54:00,HOLDINGS_UPDATED,"{'CASH': 18154684, 'JPM': -99}"
2019-06-28 14:55:00,BID_DEPTH,"[(100546, 341)]"
2019-06-28 14:55:00,ASK_DEPTH,"[(100630, 214)]"
2019-06-28 14:55:00,IMBALANCE,"[341, 214]"
2019-06-28 14:55:00,HOLDINGS_UPDATED,"{'CASH': 17249014, 'JPM': -90}"
2019-06-28 14:56:00,BID_DEPTH,"[(99886, 196)]"
2019-06-28 14:56:00,ASK_DEPTH,"[(100546, 270)]"
2019-06-28 14:56:00,IMBALANCE,"[196, 270]"
2019-06-28 14:56:00,HOLDINGS_UPDATED,"{'CASH': 16344100, 'JPM': -81}"
2019-06-28 14:57:00,BID_DEPTH,"[(98866, 170)]"
2019-06-28 14:57:00,ASK_DEPTH,"[(100546, 232)]"
2019-06-28 14:57:00,IMBALANCE,"[170, 232]"
2019-06-28 14:57:00,HOLDINGS_UPDATED,"{'CASH': 15439186, 'JPM': -72}"
2019-06-28 14:58:00,BID_DEPTH,"[(98809, 196)]"
2019-06-28 14:58:00,ASK_DEPTH,"[(100546, 146)]"
2019-06-28 14:58:00,IMBALANCE,"[196, 146]"
2019-06-28 14:58:00,HOLDINGS_UPDATED,"{'CASH': 14534272, 'JPM': -63}"
2019-06-28 14:59:00,BID_DEPTH,"[(98809, 99)]"
2019-06-28 14:59:00,ASK_DEPTH,[]
2019-06-28 14:59:00,IMBALANCE,"[99, 0]"
2019-06-28 15:00:00,BID_DEPTH,"[(98234, 241)]"
2019-06-28 15:00:00,ASK_DEPTH,"[(98808, 314)]"
2019-06-28 15:00:00,IMBALANCE,"[241, 314]"
2019-06-28 15:00:00,HOLDINGS_UPDATED,"{'CASH': 13645000, 'JPM': -54}"
2019-06-28 15:01:00,BID_DEPTH,"[(97705, 241)]"
2019-06-28 15:01:00,ASK_DEPTH,"[(98234, 158)]"
2019-06-28 15:01:00,IMBALANCE,"[241, 158]"
2019-06-28 15:01:00,HOLDINGS_UPDATED,"{'CASH': 12760894, 'JPM': -45}"
2019-06-28 15:02:00,BID_DEPTH,"[(97693, 241)]"
2019-06-28 15:02:00,ASK_DEPTH,"[(98808, 301)]"
2019-06-28 15:02:00,IMBALANCE,"[241, 301]"
2019-06-28 15:02:00,HOLDINGS_UPDATED,"{'CASH': 11871622, 'JPM': -36}"
2019-06-28 15:03:00,BID_DEPTH,"[(97693, 241)]"
2019-06-28 15:03:00,ASK_DEPTH,"[(98808, 214)]"
2019-06-28 15:03:00,IMBALANCE,"[241, 214]"
2019-06-28 15:03:00,HOLDINGS_UPDATED,"{'CASH': 10982350, 'JPM': -27}"
2019-06-28 15:04:00,BID_DEPTH,"[(98026, 382)]"
2019-06-28 15:04:00,ASK_DEPTH,"[(98809, 256)]"
2019-06-28 15:04:00,IMBALANCE,"[382, 256]"
2019-06-28 15:04:00,HOLDINGS_UPDATED,"{'CASH': 10093069, 'JPM': -18}"
2019-06-28 15:05:00,BID_DEPTH,"[(98634, 100)]"
2019-06-28 15:05:00,ASK_DEPTH,[]
2019-06-28 15:05:00,IMBALANCE,"[100, 0]"
2019-06-28 15:06:00,BID_DEPTH,"[(98802, 382)]"
2019-06-28 15:06:00,ASK_DEPTH,"[(98809, 355)]"
2019-06-28 15:06:00,IMBALANCE,"[382, 355]"
2019-06-28 15:06:00,HOLDINGS_UPDATED,"{'CASH': 9203788, 'JPM': -9}"
2019-06-28 15:07:00,BID_DEPTH,"[(98802, 241)]"
2019-06-28 15:07:00,ASK_DEPTH,"[(99121, 214)]"
2019-06-28 15:07:00,IMBALANCE,"[241, 214]"
2019-06-28 15:07:00,HOLDINGS_UPDATED,{'CASH': 8311699}
2019-06-28 15:08:00,BID_DEPTH,"[(99121, 382)]"
2019-06-28 15:08:00,ASK_DEPTH,"[(99621, 355)]"
2019-06-28 15:08:00,IMBALANCE,"[382, 355]"
2019-06-28 15:08:00,HOLDINGS_UPDATED,"{'CASH': 7415110, 'JPM': 9}"
2019-06-28 15:09:00,BID_DEPTH,"[(99424, 170)]"
2019-06-28 15:09:00,ASK_DEPTH,"[(99708, 143)]"
2019-06-28 15:09:00,IMBALANCE,"[170, 143]"
2019-06-28 15:09:00,HOLDINGS_UPDATED,"{'CASH': 6517738, 'JPM': 18}"
2019-06-28 15:10:00,BID_DEPTH,"[(99424, 382)]"
2019-06-28 15:10:00,ASK_DEPTH,"[(99708, 355)]"
2019-06-28 15:10:00,IMBALANCE,"[382, 355]"
2019-06-28 15:10:00,HOLDINGS_UPDATED,"{'CASH': 5620366, 'JPM': 27}"
2019-06-28 15:11:00,BID_DEPTH,"[(99424, 241)]"
2019-06-28 15:11:00,ASK_DEPTH,"[(99708, 414)]"
2019-06-28 15:11:00,IMBALANCE,"[241, 414]"
2019-06-28 15:11:00,HOLDINGS_UPDATED,"{'CASH': 4722994, 'JPM': 36}"
2019-06-28 15:12:00,BID_DEPTH,"[(99424, 355)]"
2019-06-28 15:12:00,ASK_DEPTH,"[(99883, 382)]"
2019-06-28 15:12:00,IMBALANCE,"[355, 382]"
2019-06-28 15:12:00,HOLDINGS_UPDATED,"{'CASH': 5617810, 'JPM': 27}"
2019-06-28 15:13:00,BID_DEPTH,"[(100747, 214)]"
2019-06-28 15:13:00,ASK_DEPTH,"[(100929, 241)]"
2019-06-28 15:13:00,IMBALANCE,"[214, 241]"
2019-06-28 15:13:00,HOLDINGS_UPDATED,"{'CASH': 6524533, 'JPM': 18}"
2019-06-28 15:14:00,BID_DEPTH,"[(100864, 355)]"
2019-06-28 15:14:00,ASK_DEPTH,"[(100929, 382)]"
2019-06-28 15:14:00,IMBALANCE,"[355, 382]"
2019-06-28 15:14:00,HOLDINGS_UPDATED,"{'CASH': 7432309, 'JPM': 9}"
2019-06-28 15:15:00,BID_DEPTH,"[(100631, 129)]"
2019-06-28 15:15:00,ASK_DEPTH,"[(100929, 156)]"
2019-06-28 15:15:00,IMBALANCE,"[129, 156]"
2019-06-28 15:15:00,HOLDINGS_UPDATED,{'CASH': 8337988}
2019-06-28 15:16:00,BID_DEPTH,"[(99883, 355)]"
2019-06-28 15:16:00,ASK_DEPTH,"[(100204, 382)]"
2019-06-28 15:16:00,IMBALANCE,"[355, 382]"
2019-06-28 15:16:00,HOLDINGS_UPDATED,"{'CASH': 9236935, 'JPM': -9}"
2019-06-28 15:17:00,BID_DEPTH,"[(99883, 355)]"
2019-06-28 15:17:00,ASK_DEPTH,"[(100929, 382)]"
2019-06-28 15:17:00,IMBALANCE,"[355, 382]"
2019-06-28 15:17:00,HOLDINGS_UPDATED,"{'CASH': 10135882, 'JPM': -18}"
2019-06-28 15:18:00,BID_DEPTH,"[(100866, 169)]"
2019-06-28 15:18:00,ASK_DEPTH,"[(100949, 196)]"
2019-06-28 15:18:00,IMBALANCE,"[169, 196]"
2019-06-28 15:18:00,HOLDINGS_UPDATED,"{'CASH': 11043676, 'JPM': -27}"
2019-06-28 15:19:00,BID_DEPTH,"[(100857, 129)]"
2019-06-28 15:19:00,ASK_DEPTH,"[(100949, 156)]"
2019-06-28 15:19:00,IMBALANCE,"[129, 156]"
2019-06-28 15:19:00,HOLDINGS_UPDATED,"{'CASH': 11951389, 'JPM': -36}"
2019-06-28 15:20:00,BID_DEPTH,"[(100857, 169)]"
2019-06-28 15:20:00,ASK_DEPTH,"[(100949, 196)]"
2019-06-28 15:20:00,IMBALANCE,"[169, 196]"
2019-06-28 15:20:00,HOLDINGS_UPDATED,"{'CASH': 12859102, 'JPM': -45}"
2019-06-28 15:21:00,BID_DEPTH,"[(99121, 143)]"
2019-06-28 15:21:00,ASK_DEPTH,"[(100949, 170)]"
2019-06-28 15:21:00,IMBALANCE,"[143, 170]"
2019-06-28 15:21:00,HOLDINGS_UPDATED,"{'CASH': 13751191, 'JPM': -54}"
2019-06-28 15:22:00,BID_DEPTH,"[(100737, 129)]"
2019-06-28 15:22:00,ASK_DEPTH,"[(101116, 156)]"
2019-06-28 15:22:00,IMBALANCE,"[129, 156]"
2019-06-28 15:22:00,HOLDINGS_UPDATED,"{'CASH': 14657824, 'JPM': -63}"
2019-06-28 15:23:00,BID_DEPTH,"[(100737, 170)]"
2019-06-28 15:23:00,ASK_DEPTH,"[(101116, 143)]"
2019-06-28 15:23:00,IMBALANCE,"[170, 143]"
2019-06-28 15:23:00,HOLDINGS_UPDATED,"{'CASH': 13747780, 'JPM': -54}"
2019-06-28 15:24:00,BID_DEPTH,"[(100869, 170)]"
2019-06-28 15:24:00,ASK_DEPTH,"[(101116, 143)]"
2019-06-28 15:24:00,IMBALANCE,"[170, 143]"
2019-06-28 15:24:00,HOLDINGS_UPDATED,"{'CASH': 12837736, 'JPM': -45}"
2019-06-28 15:25:00,BID_DEPTH,"[(100806, 170)]"
2019-06-28 15:25:00,ASK_DEPTH,"[(100938, 143)]"
2019-06-28 15:25:00,IMBALANCE,"[170, 143]"
2019-06-28 15:25:00,HOLDINGS_UPDATED,"{'CASH': 11929294, 'JPM': -36}"
2019-06-28 15:26:00,BID_DEPTH,"[(100806, 240)]"
2019-06-28 15:26:00,ASK_DEPTH,"[(101162, 214)]"
2019-06-28 15:26:00,IMBALANCE,"[240, 214]"
2019-06-28 15:26:00,HOLDINGS_UPDATED,"{'CASH': 11018836, 'JPM': -27}"
2019-06-28 15:27:00,BID_DEPTH,"[(100806, 154)]"
2019-06-28 15:27:00,ASK_DEPTH,"[(100925, 129)]"
2019-06-28 15:27:00,IMBALANCE,"[154, 129]"
2019-06-28 15:27:00,HOLDINGS_UPDATED,"{'CASH': 10110511, 'JPM': -18}"
2019-06-28 15:28:00,BID_DEPTH,"[(100754, 170)]"
2019-06-28 15:28:00,ASK_DEPTH,"[(100927, 143)]"
2019-06-28 15:28:00,IMBALANCE,"[170, 143]"
2019-06-28 15:28:00,HOLDINGS_UPDATED,"{'CASH': 9202168, 'JPM': -9}"
2019-06-28 15:29:00,BID_DEPTH,"[(100754, 195)]"
2019-06-28 15:29:00,ASK_DEPTH,"[(100927, 269)]"
2019-06-28 15:29:00,IMBALANCE,"[195, 269]"
2019-06-28 15:29:00,HOLDINGS_UPDATED,{'CASH': 8293825}
2019-06-28 15:30:00,BID_DEPTH,"[(100754, 154)]"
2019-06-28 15:30:00,ASK_DEPTH,"[(100927, 317)]"
2019-06-28 15:30:00,IMBALANCE,"[154, 317]"
2019-06-28 15:30:00,HOLDINGS_UPDATED,"{'CASH': 7385482, 'JPM': 9}"
2019-06-28 15:31:00,BID_DEPTH,"[(100793, 382)]"
2019-06-28 15:31:00,ASK_DEPTH,"[(100865, 355)]"
2019-06-28 15:31:00,IMBALANCE,"[382, 355]"
2019-06-28 15:31:00,HOLDINGS_UPDATED,"{'CASH': 6477697, 'JPM': 18}"
2019-06-28 15:32:00,BID_DEPTH,"[(100853, 156)]"
2019-06-28 15:32:00,ASK_DEPTH,"[(100927, 105)]"
2019-06-28 15:32:00,IMBALANCE,"[156, 105]"
2019-06-28 15:32:00,HOLDINGS_UPDATED,"{'CASH': 5569354, 'JPM': 27}"
2019-06-28 15:33:00,BID_DEPTH,"[(100853, 295)]"
2019-06-28 15:33:00,ASK_DEPTH,"[(101047, 169)]"
2019-06-28 15:33:00,IMBALANCE,"[295, 169]"
2019-06-28 15:33:00,HOLDINGS_UPDATED,"{'CASH': 4659931, 'JPM': 36}"
2019-06-28 15:34:00,BID_DEPTH,"[(101064, 241)]"
2019-06-28 15:34:00,ASK_DEPTH,"[(101116, 214)]"
2019-06-28 15:34:00,IMBALANCE,"[241, 214]"
2019-06-28 15:34:00,HOLDINGS_UPDATED,"{'CASH': 3749887, 'JPM': 45}"
2019-06-28 15:35:00,BID_DEPTH,"[(101042, 156)]"
2019-06-28 15:35:00,ASK_DEPTH,"[(101107, 129)]"
2019-06-28 15:35:00,IMBALANCE,"[156, 129]"
2019-06-28 15:35:00,HOLDINGS_UPDATED,"{'CASH': 2839924, 'JPM': 54}"
2019-06-28 15:36:00,BID_DEPTH,"[(101040, 196)]"
2019-06-28 15:36:00,ASK_DEPTH,"[(101042, 169)]"
2019-06-28 15:36:00,IMBALANCE,"[196, 169]"
2019-06-28 15:36:00,HOLDINGS_UPDATED,"{'CASH': 1930546, 'JPM': 63}"
2019-06-28 15:37:00,BID_DEPTH,"[(101040, 240)]"
2019-06-28 15:37:00,ASK_DEPTH,"[(101042, 414)]"
2019-06-28 15:37:00,IMBALANCE,"[240, 414]"
2019-06-28 15:37:00,HOLDINGS_UPDATED,"{'CASH': 1021168, 'JPM': 72}"
2019-06-28 15:38:00,BID_DEPTH,"[(100969, 156)]"
2019-06-28 15:38:00,ASK_DEPTH,"[(101042, 517)]"
2019-06-28 15:38:00,IMBALANCE,"[156, 517]"
2019-06-28 15:38:00,HOLDINGS_UPDATED,"{'CASH': 111790, 'JPM': 81}"
2019-06-28 15:39:00,BID_DEPTH,"[(100853, 168)]"
2019-06-28 15:39:00,ASK_DEPTH,"[(101042, 419)]"
2019-06-28 15:39:00,IMBALANCE,"[168, 419]"
2019-06-28 15:39:00,HOLDINGS_UPDATED,"{'CASH': -797588, 'JPM': 90}"
2019-06-28 15:40:00,BID_DEPTH,"[(100754, 238)]"
2019-06-28 15:40:00,ASK_DEPTH,"[(101042, 378)]"
2019-06-28 15:40:00,IMBALANCE,"[238, 378]"
2019-06-28 15:40:00,HOLDINGS_UPDATED,"{'CASH': -1706966, 'JPM': 99}"
2019-06-28 15:41:00,BID_DEPTH,"[(100737, 381)]"
2019-06-28 15:41:00,ASK_DEPTH,"[(101042, 507)]"
2019-06-28 15:41:00,IMBALANCE,"[381, 507]"
2019-06-28 15:41:00,HOLDINGS_UPDATED,"{'CASH': -2616344, 'JPM': 108}"
2019-06-28 15:42:00,BID_DEPTH,"[(100535, 382)]"
2019-06-28 15:42:00,ASK_DEPTH,"[(101042, 395)]"
2019-06-28 15:42:00,IMBALANCE,"[382, 395]"
2019-06-28 15:42:00,HOLDINGS_UPDATED,"{'CASH': -3525722, 'JPM': 117}"
2019-06-28 15:43:00,BID_DEPTH,"[(100535, 169)]"
2019-06-28 15:43:00,ASK_DEPTH,"[(101042, 271)]"
2019-06-28 15:43:00,IMBALANCE,"[169, 271]"
2019-06-28 15:43:00,HOLDINGS_UPDATED,"{'CASH': -3626764, 'JPM': 118}"
2019-06-28 15:43:00,HOLDINGS_UPDATED,"{'CASH': -4435100, 'JPM': 126}"
2019-06-28 15:44:00,BID_DEPTH,"[(100445, 382)]"
2019-06-28 15:44:00,ASK_DEPTH,"[(100479, 259)]"
2019-06-28 15:44:00,IMBALANCE,"[382, 259]"
2019-06-28 15:44:00,HOLDINGS_UPDATED,"{'CASH': -5339411, 'JPM': 135}"
2019-06-28 15:45:00,BID_DEPTH,"[(100362, 241)]"
2019-06-28 15:45:00,ASK_DEPTH,"[(101042, 230)]"
2019-06-28 15:45:00,IMBALANCE,"[241, 230]"
2019-06-28 15:45:00,HOLDINGS_UPDATED,"{'CASH': -6248789, 'JPM': 144}"
2019-06-28 15:46:00,BID_DEPTH,"[(100362, 155)]"
2019-06-28 15:46:00,ASK_DEPTH,"[(101042, 33)]"
2019-06-28 15:46:00,IMBALANCE,"[155, 33]"
2019-06-28 15:46:00,HOLDINGS_UPDATED,"{'CASH': -7158167, 'JPM': 153}"
2019-06-28 15:47:00,BID_DEPTH,"[(100362, 240)]"
2019-06-28 15:47:00,ASK_DEPTH,"[(101042, 312)]"
2019-06-28 15:47:00,IMBALANCE,"[240, 312]"
2019-06-28 15:47:00,HOLDINGS_UPDATED,"{'CASH': -8067545, 'JPM': 162}"
2019-06-28 15:48:00,BID_DEPTH,"[(100315, 170)]"
2019-06-28 15:48:00,ASK_DEPTH,"[(100362, 143)]"
2019-06-28 15:48:00,IMBALANCE,"[170, 143]"
2019-06-28 15:48:00,HOLDINGS_UPDATED,"{'CASH': -8970803, 'JPM': 171}"
2019-06-28 15:49:00,BID_DEPTH,"[(100315, 381)]"
2019-06-28 15:49:00,ASK_DEPTH,"[(100362, 355)]"
2019-06-28 15:49:00,IMBALANCE,"[381, 355]"
2019-06-28 15:49:00,HOLDINGS_UPDATED,"{'CASH': -9874061, 'JPM': 180}"
2019-06-28 15:50:00,BID_DEPTH,"[(100017, 170)]"
2019-06-28 15:50:00,ASK_DEPTH,"[(100362, 143)]"
2019-06-28 15:50:00,IMBALANCE,"[170, 143]"
2019-06-28 15:50:00,HOLDINGS_UPDATED,"{'CASH': -10777319, 'JPM': 189}"
2019-06-28 15:51:00,BID_DEPTH,"[(100017, 155)]"
2019-06-28 15:51:00,ASK_DEPTH,"[(100362, 129)]"
2019-06-28 15:51:00,IMBALANCE,"[155, 129]"
2019-06-28 15:51:00,HOLDINGS_UPDATED,"{'CASH': -11680577, 'JPM': 198}"
2019-06-28 15:52:00,BID_DEPTH,"[(99996, 241)]"
2019-06-28 15:52:00,ASK_DEPTH,"[(100362, 314)]"
2019-06-28 15:52:00,IMBALANCE,"[241, 314]"
2019-06-28 15:52:00,HOLDINGS_UPDATED,"{'CASH': -12583835, 'JPM': 207}"
2019-06-28 15:53:00,BID_DEPTH,"[(99996, 240)]"
2019-06-28 15:53:00,ASK_DEPTH,"[(100362, 202)]"
2019-06-28 15:53:00,IMBALANCE,"[240, 202]"
2019-06-28 15:53:00,HOLDINGS_UPDATED,"{'CASH': -13487093, 'JPM': 216}"
2019-06-28 15:54:00,BID_DEPTH,"[(99996, 194)]"
2019-06-28 15:54:00,ASK_DEPTH,"[(100060, 169)]"
2019-06-28 15:54:00,IMBALANCE,"[194, 169]"
2019-06-28 15:54:00,HOLDINGS_UPDATED,"{'CASH': -14387633, 'JPM': 225}"
2019-06-28 15:55:00,BID_DEPTH,"[(99996, 380)]"
2019-06-28 15:55:00,ASK_DEPTH,"[(100060, 355)]"
2019-06-28 15:55:00,IMBALANCE,"[380, 355]"
2019-06-28 15:55:00,HOLDINGS_UPDATED,"{'CASH': -15288173, 'JPM': 234}"
2019-06-28 15:56:00,BID_DEPTH,"[(99987, 214)]"
2019-06-28 15:56:00,ASK_DEPTH,"[(100060, 241)]"
2019-06-28 15:56:00,IMBALANCE,"[214, 241]"
2019-06-28 15:56:00,HOLDINGS_UPDATED,"{'CASH': -14388290, 'JPM': 225}"
2019-06-28 15:57:00,BID_DEPTH,"[(99904, 214)]"
2019-06-28 15:57:00,ASK_DEPTH,"[(100060, 240)]"
2019-06-28 15:57:00,IMBALANCE,"[214, 240]"
2019-06-28 15:57:00,HOLDINGS_UPDATED,"{'CASH': -13489154, 'JPM': 216}"
2019-06-28 15:58:00,BID_DEPTH,"[(99933, 355)]"
2019-06-28 15:58:00,ASK_DEPTH,"[(100164, 382)]"
2019-06-28 15:58:00,IMBALANCE,"[355, 382]"
2019-06-28 15:58:00,HOLDINGS_UPDATED,"{'CASH': -12589757, 'JPM': 207}"
2019-06-28 15:59:00,BID_DEPTH,"[(99834, 129)]"
2019-06-28 15:59:00,ASK_DEPTH,"[(100164, 155)]"
2019-06-28 15:59:00,IMBALANCE,"[129, 155]"
2019-06-28 15:59:00,HOLDINGS_UPDATED,"{'CASH': -11691251, 'JPM': 198}"
2019-06-28 16:00:00,BID_DEPTH,"[(100164, 143)]"
2019-06-28 16:00:00,ASK_DEPTH,"[(101195, 121)]"
2019-06-28 16:00:00,IMBALANCE,"[143, 121]"
2019-06-28 16:00:00,HOLDINGS_UPDATED,"{'CASH': -10789775, 'JPM': 189}"
2019-06-28 16:01:00,BID_DEPTH,"[(100164, 57)]"
2019-06-28 16:01:00,ASK_DEPTH,"[(101195, 121)]"
2019-06-28 16:01:00,IMBALANCE,"[57, 121]"
2019-06-28 16:01:00,MKT_CLOSED,
2019-06-28 16:01:00,FINAL_HOLDINGS,"{ JPM: 189, CASH: -10789775 }"
2019-06-28 16:01:00,FINAL_CASH_POSITION,-10789775
2019-06-28 16:01:00,MARK_TO_MARKET,189 JPM @ 100164 == 18930996
2019-06-28 16:01:00,MARKED_TO_MARKET,8141221
2019-06-28 16:01:00,ENDING_CASH,8141221
